submit_time,start_time,end_time,run_time,wait_time
221954,221954,221958,4,0
221970,221971,221974,3,1
221988,221988,221993,5,0
222005,222006,222009,3,1
222180,222180,222183,3,0
222193,222193,222197,4,0
222206,222206,222210,4,0
222219,222219,222223,4,0
222615,222615,222616,1,0
222645,222645,222646,1,0
222653,222653,222654,1,0
222728,222728,222729,1,0
222790,222791,222800,9,1
227664,227664,228627,963,0
228630,228630,229510,880,0
230525,230526,230693,167,1
230768,230769,230804,35,1
231119,231120,231121,1,1
231401,231402,231478,76,1
232457,232458,232511,53,1
234837,234837,234842,5,0
236566,236566,236631,65,0
236567,236567,236637,70,0
236566,236566,236640,74,0
236566,236566,236661,95,0
236567,236567,236662,95,0
236834,236834,236929,95,0
237629,237629,237694,65,0
237629,237629,237695,66,0
237629,237629,237703,74,0
237629,237629,237719,90,0
237629,237629,237730,101,0
237806,237806,237911,105,0
237807,237807,237920,113,0
237808,237808,237922,114,0
237810,237810,237924,114,0
237807,237807,237925,118,0
237806,237806,237930,124,0
237808,237808,237930,122,0
237809,237809,237931,122,0
237809,237809,237936,127,0
237807,237807,237937,130,0
237808,237808,237939,131,0
237809,237809,237941,132,0
237808,237808,237941,133,0
237808,237808,237944,136,0
237806,237807,237947,140,1
237810,237810,237947,137,0
237810,237810,237948,138,0
237809,237809,237950,141,0
237798,237798,237965,167,0
237807,237807,237965,158,0
237804,237804,237972,168,0
237797,237797,237973,176,0
237801,237801,237973,172,0
237800,237800,237973,173,0
237808,237808,237975,167,0
237811,237811,237975,164,0
237802,237802,237975,173,0
237805,237805,237976,171,0
237799,237799,237976,177,0
237810,237810,237979,169,0
237802,237802,237980,178,0
237798,237798,237982,184,0
237808,237808,237983,175,0
237800,237800,237984,184,0
237799,237799,237985,186,0
237802,237802,237986,184,0
237801,237801,237987,186,0
237800,237800,237987,187,0
237803,237803,237988,185,0
237805,237805,237989,184,0
237804,237804,237990,186,0
237807,237807,237992,185,0
237798,237798,237993,195,0
237806,237806,237994,188,0
237810,237810,237993,183,0
237801,237801,237993,192,0
237804,237804,237993,189,0
237803,237803,237998,195,0
237802,237802,237999,197,0
237799,237800,238001,201,1
237803,237803,238004,201,0
237805,237805,238009,204,0
237804,237804,238013,209,0
237801,237801,238014,213,0
237804,237804,238016,212,0
237797,237797,238018,221,0
237806,237806,238023,217,0
237801,237802,238024,222,1
237809,237809,238026,217,0
237798,237798,238027,229,0
237806,237806,238028,222,0
237809,237809,238028,219,0
237800,237800,238029,229,0
237798,237799,238029,230,1
237799,237799,238029,230,0
237806,237806,238031,225,0
237798,237798,238031,233,0
237809,237809,238031,222,0
237798,237798,238031,233,0
237800,237801,238031,230,1
237803,237803,238031,228,0
237805,237805,238033,228,0
237805,237805,238035,230,0
237800,237800,238035,235,0
237804,237804,238036,232,0
237810,237810,238036,226,0
237799,237799,238037,238,0
237801,237801,238038,237,0
237803,237803,238038,235,0
237802,237802,238038,236,0
237802,237802,238043,241,0
237800,237800,238046,246,0
237804,237804,238045,241,0
237805,237805,238046,241,0
237798,237798,238047,249,0
237803,237803,238047,244,0
237810,237810,238047,237,0
237801,237801,238049,248,0
237805,237805,238052,247,0
237800,237800,238061,261,0
237802,237802,238061,259,0
237807,237807,238078,271,0
237808,237809,238078,269,1
237803,237803,238090,287,0
237803,237804,238094,290,1
237582,237582,238107,525,0
237805,237805,238119,314,0
237799,237799,238186,387,0
237806,237806,238281,475,0
237799,237799,238448,649,0
237807,237807,239427,1620,0
266988,266988,267109,121,0
291783,291784,291969,185,1
292538,292539,292634,95,1
300313,300313,300420,107,0
300712,300713,301716,1003,1
301727,301727,301754,27,0
302209,302209,302372,163,0
302691,302691,302821,130,0
304250,304251,304445,194,1
304721,304721,304745,24,0
304830,304830,304912,82,0
306035,306035,306195,160,0
307095,307095,307235,140,0
307432,307432,307866,434,0
307985,307987,308075,88,2
308105,308106,308663,557,1
308875,308876,308883,7,1
308916,308917,309303,386,1
309899,309902,310193,291,3
310242,310243,310605,362,1
310237,310238,311313,1075,1
310238,310241,311313,1072,3
310240,310242,311313,1071,2
310241,310243,311313,1070,2
314497,314497,315043,546,0
315044,315044,315046,2,0
315044,315045,315047,2,1
315044,315045,315047,2,1
315044,315045,315047,2,1
315044,315044,315047,3,0
315044,315044,315047,3,0
315044,315044,315047,3,0
315044,315044,315047,3,0
315044,315044,315047,3,0
315044,315044,315047,3,0
315044,315044,315047,3,0
315044,315044,315047,3,0
315044,315044,315047,3,0
315044,315044,315047,3,0
315044,315044,315047,3,0
315044,315045,315047,2,1
315044,315045,315048,3,1
315044,315045,315047,2,1
315044,315045,315047,2,1
315044,315045,315047,2,1
315044,315045,315047,2,1
315044,315045,315047,2,1
315044,315044,315047,3,0
315044,315044,315047,3,0
315044,315044,315047,3,0
315044,315044,315047,3,0
315044,315044,315047,3,0
315044,315044,315047,3,0
315044,315044,315047,3,0
315044,315044,315047,3,0
315044,315045,315048,3,1
315044,315045,315048,3,1
315044,315045,315049,4,1
315044,315045,315048,3,1
315044,315044,315048,4,0
315044,315044,315049,5,0
315044,315045,315048,3,1
315044,315045,315048,3,1
315044,315045,315049,4,1
315044,315045,315048,3,1
315044,315045,315048,3,1
315044,315045,315048,3,1
315044,315045,315048,3,1
315044,315045,315049,4,1
315044,315045,315049,4,1
315044,315044,315049,5,0
315044,315044,315050,6,0
315044,315044,315049,5,0
315044,315045,315049,4,1
315044,315045,315049,4,1
315044,315045,315049,4,1
315044,315045,315049,4,1
315044,315044,315049,5,0
315044,315045,315049,4,1
315044,315045,315049,4,1
315044,315045,315049,4,1
315044,315045,315049,4,1
315044,315045,315049,4,1
315044,315045,315049,4,1
315044,315045,315049,4,1
315044,315045,315049,4,1
315044,315045,315050,5,1
315044,315045,315050,5,1
315044,315045,315050,5,1
315044,315045,315050,5,1
314249,314249,315181,932,0
315182,315183,315185,2,1
315182,315183,315185,2,1
315182,315183,315185,2,1
315182,315182,315185,3,0
315182,315182,315185,3,0
315182,315182,315185,3,0
315182,315182,315185,3,0
315182,315182,315185,3,0
315182,315182,315186,4,0
315182,315182,315185,3,0
315182,315183,315186,3,1
315182,315182,315185,3,0
315182,315182,315186,4,0
315182,315182,315185,3,0
315182,315182,315185,3,0
315182,315182,315185,3,0
315182,315183,315186,3,1
315182,315183,315186,3,1
315182,315183,315185,2,1
315182,315183,315186,3,1
315182,315183,315186,3,1
315182,315183,315186,3,1
315182,315183,315186,3,1
315182,315182,315186,4,0
315182,315182,315186,4,0
315182,315182,315186,4,0
315182,315182,315186,4,0
315182,315183,315186,3,1
315182,315182,315186,4,0
315182,315183,315186,3,1
315182,315183,315186,3,1
315182,315183,315186,3,1
315182,315183,315186,3,1
315182,315183,315186,3,1
315182,315183,315186,3,1
315182,315182,315186,4,0
315182,315182,315186,4,0
315182,315182,315186,4,0
315182,315182,315186,4,0
315182,315182,315186,4,0
315182,315183,315187,4,1
315182,315183,315187,4,1
315182,315183,315187,4,1
315182,315182,315187,5,0
315182,315182,315187,5,0
315182,315183,315187,4,1
315182,315183,315187,4,1
315182,315182,315188,6,0
315182,315182,315187,5,0
315182,315183,315187,4,1
315182,315183,315187,4,1
315182,315183,315187,4,1
315182,315183,315187,4,1
315182,315183,315187,4,1
315182,315182,315187,5,0
315182,315183,315187,4,1
315182,315183,315189,6,1
315182,315183,315189,6,1
315182,315182,315188,6,0
315182,315183,315189,6,1
315182,315182,315188,6,0
315182,315182,315188,6,0
315182,315183,315188,5,1
315182,315183,315188,5,1
315182,315183,315188,5,1
314257,314257,315230,973,0
315232,315232,315235,3,0
315232,315232,315235,3,0
315232,315233,315235,2,1
315232,315232,315235,3,0
315232,315232,315235,3,0
315232,315232,315235,3,0
315232,315232,315235,3,0
315232,315232,315235,3,0
315232,315232,315235,3,0
315232,315232,315235,3,0
315232,315232,315235,3,0
315232,315232,315235,3,0
315232,315232,315236,4,0
315232,315232,315235,3,0
315232,315232,315235,3,0
315232,315232,315235,3,0
315232,315232,315235,3,0
315232,315232,315235,3,0
315232,315232,315235,3,0
315232,315232,315235,3,0
315232,315232,315235,3,0
315232,315232,315235,3,0
315232,315232,315235,3,0
315232,315232,315235,3,0
315232,315232,315235,3,0
315232,315232,315235,3,0
315232,315232,315236,4,0
315232,315233,315236,3,1
315232,315232,315236,4,0
315232,315232,315236,4,0
315232,315232,315236,4,0
315232,315232,315236,4,0
315232,315232,315236,4,0
315232,315232,315236,4,0
315232,315233,315236,3,1
315232,315232,315236,4,0
315232,315232,315236,4,0
315232,315232,315236,4,0
315232,315233,315236,3,1
315232,315232,315237,5,0
315232,315232,315237,5,0
315232,315232,315237,5,0
315232,315232,315237,5,0
315232,315232,315237,5,0
315232,315232,315237,5,0
315232,315232,315237,5,0
315232,315232,315237,5,0
315232,315232,315237,5,0
315232,315232,315237,5,0
315232,315233,315237,4,1
315232,315233,315237,4,1
315232,315232,315237,5,0
315232,315233,315237,4,1
315232,315233,315237,4,1
315232,315232,315238,6,0
315232,315232,315237,5,0
315232,315232,315238,6,0
315232,315232,315238,6,0
315232,315232,315238,6,0
315232,315232,315238,6,0
315232,315232,315238,6,0
315232,315232,315238,6,0
315232,315232,315238,6,0
315232,315232,315238,6,0
315232,315232,315238,6,0
314270,314270,315293,1023,0
314280,314280,315295,1015,0
315294,315295,315297,2,1
315296,315296,315298,2,0
315294,315295,315298,3,1
315294,315295,315298,3,1
315294,315295,315298,3,1
315294,315295,315298,3,1
315294,315295,315298,3,1
315294,315295,315298,3,1
315294,315295,315298,3,1
315294,315295,315298,3,1
315294,315295,315298,3,1
315294,315295,315298,3,1
315294,315295,315298,3,1
315296,315296,315298,2,0
315296,315296,315298,2,0
315294,315295,315298,3,1
315294,315295,315298,3,1
315294,315295,315298,3,1
315294,315295,315298,3,1
315294,315295,315298,3,1
315294,315295,315298,3,1
315294,315295,315298,3,1
315294,315295,315298,3,1
315294,315295,315298,3,1
315294,315295,315298,3,1
315294,315295,315298,3,1
315294,315295,315298,3,1
315294,315295,315298,3,1
315294,315295,315298,3,1
315294,315295,315298,3,1
315294,315295,315298,3,1
315294,315295,315299,4,1
315294,315295,315299,4,1
315294,315295,315299,4,1
315296,315298,315299,1,2
315294,315295,315299,4,1
315294,315295,315299,4,1
315294,315295,315298,3,1
315294,315295,315298,3,1
315294,315295,315299,4,1
315294,315295,315299,4,1
315294,315295,315298,3,1
315296,315296,315298,2,0
315296,315298,315299,1,2
315296,315298,315299,1,2
315294,315295,315299,4,1
315296,315298,315299,1,2
315296,315298,315300,2,2
315294,315295,315300,5,1
315294,315295,315300,5,1
315294,315295,315299,4,1
315296,315298,315299,1,2
315296,315298,315300,2,2
315294,315295,315300,5,1
315294,315295,315300,5,1
315294,315295,315299,4,1
315296,315298,315299,1,2
315296,315298,315300,2,2
315296,315298,315300,2,2
315294,315295,315300,5,1
315294,315295,315299,4,1
315296,315298,315299,1,2
315296,315298,315300,2,2
315296,315298,315300,2,2
315294,315295,315300,5,1
315294,315295,315300,5,1
315294,315295,315300,5,1
315296,315298,315300,2,2
315296,315298,315300,2,2
315294,315295,315300,5,1
315294,315295,315300,5,1
315294,315295,315300,5,1
315296,315298,315300,2,2
315296,315298,315300,2,2
315296,315298,315300,2,2
315294,315295,315300,5,1
315296,315298,315300,2,2
315296,315298,315300,2,2
315296,315298,315300,2,2
315296,315298,315300,2,2
315294,315295,315299,4,1
315294,315295,315300,5,1
315294,315295,315300,5,1
315294,315295,315300,5,1
315294,315295,315300,5,1
315296,315298,315300,2,2
315296,315298,315300,2,2
315296,315298,315301,3,2
315294,315295,315301,6,1
315294,315295,315301,6,1
315294,315295,315301,6,1
315294,315295,315301,6,1
315294,315295,315301,6,1
315294,315295,315301,6,1
315296,315298,315300,2,2
315296,315298,315301,3,2
315296,315299,315302,3,3
315296,315299,315302,3,3
315296,315300,315302,2,4
315296,315300,315302,2,4
315296,315299,315302,3,3
315296,315300,315302,2,4
315296,315300,315302,2,4
315296,315299,315302,3,3
315296,315299,315302,3,3
315296,315300,315302,2,4
315296,315300,315302,2,4
315296,315298,315302,4,2
315296,315298,315302,4,2
315296,315299,315302,3,3
315296,315300,315302,2,4
315296,315300,315302,2,4
315296,315300,315303,3,4
315296,315300,315303,3,4
315296,315299,315303,4,3
315296,315299,315303,4,3
315296,315299,315303,4,3
315296,315300,315302,2,4
315296,315300,315302,2,4
315296,315300,315302,2,4
315296,315299,315302,3,3
315296,315300,315303,3,4
315296,315300,315303,3,4
315296,315300,315303,3,4
315296,315300,315303,3,4
315296,315300,315302,2,4
315296,315299,315303,4,3
315296,315299,315302,3,3
315296,315298,315303,5,2
315296,315298,315303,5,2
314328,314328,315322,994,0
314301,314301,315323,1022,0
315323,315324,315326,2,1
315324,315324,315326,2,0
315324,315324,315326,2,0
315323,315324,315326,2,1
315323,315324,315326,2,1
315324,315324,315327,3,0
315323,315324,315326,2,1
315323,315324,315326,2,1
315323,315324,315326,2,1
315323,315324,315326,2,1
315323,315324,315327,3,1
315323,315324,315327,3,1
315323,315324,315326,2,1
315323,315324,315326,2,1
315323,315324,315326,2,1
315323,315324,315326,2,1
315323,315324,315326,2,1
315323,315324,315326,2,1
315323,315324,315326,2,1
315323,315324,315326,2,1
315323,315324,315326,2,1
315323,315324,315326,2,1
315323,315324,315326,2,1
315323,315324,315326,2,1
315323,315324,315326,2,1
315323,315324,315326,2,1
315323,315324,315326,2,1
315323,315324,315327,3,1
315323,315324,315327,3,1
315323,315324,315327,3,1
315324,315324,315327,3,0
315324,315325,315327,2,1
315324,315325,315327,2,1
315323,315324,315328,4,1
315323,315324,315327,3,1
315323,315324,315327,3,1
315323,315324,315327,3,1
315323,315324,315327,3,1
315323,315324,315327,3,1
315323,315324,315328,4,1
315323,315324,315327,3,1
315323,315324,315327,3,1
315323,315324,315327,3,1
315323,315324,315328,4,1
315323,315324,315328,4,1
315323,315324,315327,3,1
315324,315327,315328,1,3
315324,315327,315328,1,3
315324,315327,315328,1,3
315324,315327,315328,1,3
315324,315327,315328,1,3
315324,315327,315328,1,3
315323,315324,315328,4,1
315324,315327,315328,1,3
315323,315324,315328,4,1
315323,315324,315328,4,1
315324,315327,315329,2,3
315324,315327,315329,2,3
315323,315324,315328,4,1
315323,315324,315329,5,1
315323,315324,315328,4,1
315324,315327,315329,2,3
315324,315327,315329,2,3
315324,315327,315329,2,3
315323,315324,315329,5,1
315323,315324,315329,5,1
315323,315324,315328,4,1
315324,315327,315329,2,3
315323,315324,315328,4,1
315323,315324,315328,4,1
315324,315327,315328,1,3
315324,315327,315329,2,3
315324,315327,315328,1,3
315323,315324,315329,5,1
315324,315327,315329,2,3
315323,315324,315329,5,1
315323,315324,315328,4,1
315323,315324,315328,4,1
315323,315324,315329,5,1
315324,315327,315329,2,3
315324,315327,315329,2,3
315323,315324,315329,5,1
315323,315324,315329,5,1
315324,315327,315329,2,3
315324,315327,315330,3,3
315323,315324,315330,6,1
315324,315327,315330,3,3
315323,315324,315330,6,1
315323,315324,315330,6,1
315323,315324,315329,5,1
315323,315324,315329,5,1
315323,315324,315329,5,1
315323,315324,315330,6,1
315324,315327,315329,2,3
315324,315327,315329,2,3
315324,315329,315331,2,5
315324,315329,315330,1,5
315324,315328,315331,3,4
315324,315328,315331,3,4
315324,315329,315330,1,5
315324,315329,315330,1,5
315324,315329,315330,1,5
315324,315329,315330,1,5
315324,315328,315331,3,4
315324,315328,315331,3,4
315324,315328,315331,3,4
315324,315327,315330,3,3
315324,315328,315330,2,4
315324,315329,315330,1,5
315324,315329,315330,1,5
315324,315329,315330,1,5
315324,315328,315331,3,4
315324,315328,315331,3,4
315324,315328,315331,3,4
315324,315327,315330,3,3
315324,315327,315330,3,3
315324,315327,315331,4,3
315324,315328,315330,2,4
315324,315328,315330,2,4
315324,315329,315331,2,5
315324,315329,315331,2,5
315324,315329,315331,2,5
315324,315328,315331,3,4
315324,315328,315332,4,4
315324,315328,315331,3,4
315324,315328,315331,3,4
315324,315328,315332,4,4
315324,315329,315331,2,5
315324,315328,315331,3,4
315324,315328,315331,3,4
314521,314521,315338,817,0
314472,314472,315339,867,0
315339,315339,315342,3,0
315339,315339,315342,3,0
315339,315339,315342,3,0
315339,315339,315341,2,0
315340,315340,315342,2,0
315340,315340,315342,2,0
315339,315339,315342,3,0
315339,315339,315342,3,0
315339,315339,315342,3,0
315339,315339,315342,3,0
315339,315339,315342,3,0
315339,315339,315342,3,0
315339,315339,315342,3,0
315339,315339,315342,3,0
315339,315339,315342,3,0
315339,315339,315343,4,0
315339,315339,315343,4,0
315339,315339,315342,3,0
315339,315339,315342,3,0
315339,315339,315342,3,0
315339,315339,315342,3,0
315339,315339,315342,3,0
315339,315339,315342,3,0
315340,315340,315343,3,0
315339,315339,315343,4,0
315339,315339,315342,3,0
315339,315339,315343,4,0
315339,315339,315343,4,0
315339,315339,315343,4,0
315339,315339,315343,4,0
315339,315339,315343,4,0
315339,315339,315343,4,0
315339,315339,315343,4,0
315339,315340,315343,3,1
315339,315339,315343,4,0
315339,315339,315343,4,0
315339,315339,315343,4,0
315339,315339,315343,4,0
315339,315339,315344,5,0
315339,315339,315344,5,0
315339,315340,315343,3,1
315340,315342,315343,1,2
315340,315342,315343,1,2
315340,315340,315343,3,0
315340,315340,315343,3,0
315340,315340,315343,3,0
315340,315340,315343,3,0
315340,315340,315343,3,0
315340,315342,315343,1,2
315340,315343,315344,1,3
315340,315343,315344,1,3
315340,315343,315344,1,3
315339,315339,315345,6,0
315339,315340,315344,4,1
315339,315339,315345,6,0
315339,315340,315345,5,1
315339,315340,315344,4,1
315340,315343,315344,1,3
315340,315343,315344,1,3
315339,315339,315344,5,0
315339,315339,315344,5,0
315339,315339,315344,5,0
315339,315339,315344,5,0
315339,315339,315344,5,0
315339,315340,315344,4,1
315340,315343,315344,1,3
315340,315343,315345,2,3
315340,315343,315344,1,3
315339,315339,315345,6,0
315339,315340,315344,4,1
315339,315340,315344,4,1
315340,315343,315344,1,3
315340,315343,315344,1,3
315339,315339,315344,5,0
315339,315339,315344,5,0
315340,315343,315344,1,3
315339,315339,315345,6,0
315339,315339,315345,6,0
315340,315343,315345,2,3
315339,315339,315345,6,0
315339,315339,315345,6,0
315340,315343,315345,2,3
315340,315343,315346,3,3
315339,315339,315345,6,0
315339,315339,315345,6,0
315339,315339,315345,6,0
315339,315339,315345,6,0
315340,315343,315345,2,3
315340,315343,315345,2,3
315339,315339,315345,6,0
315340,315343,315345,2,3
315340,315343,315346,3,3
315339,315339,315345,6,0
315340,315343,315346,3,3
315340,315345,315346,1,5
315340,315345,315346,1,5
315340,315345,315347,2,5
315340,315345,315346,1,5
315340,315345,315346,1,5
315340,315345,315346,1,5
315340,315344,315347,3,4
315340,315345,315346,1,5
315340,315345,315346,1,5
315340,315343,315346,3,3
315340,315343,315346,3,3
315339,315339,315346,7,0
315340,315345,315346,1,5
315340,315345,315346,1,5
315340,315345,315346,1,5
315340,315344,315346,2,4
315340,315343,315346,3,3
315340,315344,315347,3,4
315340,315344,315347,3,4
315340,315344,315346,2,4
315340,315344,315347,3,4
315340,315344,315347,3,4
315340,315344,315347,3,4
315340,315344,315347,3,4
315340,315345,315347,2,5
315340,315343,315347,4,3
315340,315345,315347,2,5
315340,315345,315347,2,5
315340,315345,315347,2,5
315340,315344,315347,3,4
315340,315344,315347,3,4
315340,315344,315347,3,4
315340,315344,315348,4,4
315340,315344,315347,3,4
315340,315344,315348,4,4
315340,315344,315347,3,4
314546,314546,315351,805,0
315352,315353,315356,3,1
315352,315353,315355,2,1
315352,315353,315355,2,1
315352,315353,315355,2,1
315352,315353,315355,2,1
315352,315353,315355,2,1
315352,315353,315355,2,1
315352,315353,315355,2,1
315352,315353,315355,2,1
315352,315353,315355,2,1
315352,315353,315355,2,1
315352,315353,315355,2,1
315352,315353,315356,3,1
315352,315353,315356,3,1
315352,315353,315355,2,1
315352,315353,315355,2,1
315352,315353,315355,2,1
315352,315353,315355,2,1
315352,315353,315355,2,1
315352,315353,315355,2,1
315352,315353,315355,2,1
315352,315353,315355,2,1
315352,315353,315355,2,1
315352,315353,315355,2,1
315352,315353,315355,2,1
315352,315353,315356,3,1
315352,315353,315356,3,1
315352,315353,315356,3,1
315352,315353,315356,3,1
315352,315353,315356,3,1
315352,315353,315356,3,1
315352,315353,315356,3,1
315352,315353,315357,4,1
315352,315353,315357,4,1
315352,315353,315356,3,1
315352,315353,315356,3,1
315352,315353,315357,4,1
315352,315353,315356,3,1
315352,315353,315356,3,1
315352,315353,315357,4,1
315352,315353,315356,3,1
315352,315353,315357,4,1
315352,315353,315356,3,1
315352,315353,315356,3,1
315352,315353,315356,3,1
315352,315353,315356,3,1
314362,314363,315358,995,1
315352,315353,315357,4,1
315352,315353,315358,5,1
315352,315353,315357,4,1
315352,315353,315358,5,1
315352,315353,315358,5,1
315352,315353,315358,5,1
315352,315353,315357,4,1
315352,315353,315358,5,1
315352,315353,315357,4,1
315352,315353,315357,4,1
315352,315353,315357,4,1
315352,315353,315358,5,1
315352,315353,315357,4,1
315352,315353,315358,5,1
315352,315353,315358,5,1
315352,315353,315358,5,1
315352,315353,315358,5,1
315352,315353,315357,4,1
315352,315353,315358,5,1
315358,315359,315360,1,1
315358,315358,315360,2,0
315358,315358,315361,3,0
315358,315358,315361,3,0
315358,315359,315361,2,1
315358,315358,315361,3,0
315358,315359,315361,2,1
315358,315359,315361,2,1
315358,315358,315361,3,0
315358,315359,315361,2,1
315358,315359,315361,2,1
315358,315359,315361,2,1
315358,315359,315361,2,1
315358,315359,315361,2,1
315358,315359,315361,2,1
315358,315358,315361,3,0
315358,315359,315361,2,1
315358,315359,315361,2,1
315358,315358,315361,3,0
315358,315358,315361,3,0
315358,315358,315361,3,0
315358,315359,315361,2,1
315358,315358,315361,3,0
315358,315358,315361,3,0
315358,315359,315361,2,1
315358,315358,315361,3,0
315358,315358,315361,3,0
315358,315358,315361,3,0
315358,315359,315361,2,1
315358,315359,315362,3,1
315358,315359,315363,4,1
315358,315359,315363,4,1
315358,315359,315362,3,1
315358,315359,315362,3,1
315358,315359,315362,3,1
315358,315358,315362,4,0
315358,315359,315362,3,1
315358,315359,315363,4,1
315358,315359,315362,3,1
315358,315359,315362,3,1
315358,315359,315362,3,1
315358,315359,315362,3,1
315358,315359,315362,3,1
315358,315359,315363,4,1
315358,315359,315363,4,1
315358,315359,315363,4,1
315358,315359,315363,4,1
315358,315359,315363,4,1
315358,315359,315363,4,1
315358,315359,315364,5,1
315358,315359,315363,4,1
315358,315359,315363,4,1
315358,315359,315363,4,1
315358,315359,315363,4,1
315358,315359,315363,4,1
315358,315359,315363,4,1
315358,315359,315363,4,1
315358,315359,315363,4,1
315358,315359,315363,4,1
315358,315359,315363,4,1
315358,315359,315363,4,1
315358,315359,315364,5,1
315358,315359,315364,5,1
315358,315359,315364,5,1
315358,315359,315364,5,1
314345,314345,315373,1028,0
315374,315374,315377,3,0
315374,315374,315377,3,0
315374,315374,315377,3,0
315374,315374,315377,3,0
315374,315374,315377,3,0
315374,315374,315377,3,0
315374,315374,315377,3,0
315374,315374,315377,3,0
315374,315374,315377,3,0
315374,315374,315377,3,0
315374,315374,315377,3,0
315374,315374,315377,3,0
315374,315374,315377,3,0
315374,315374,315377,3,0
315374,315374,315377,3,0
315374,315374,315377,3,0
315374,315374,315377,3,0
315374,315374,315377,3,0
315374,315374,315377,3,0
315374,315374,315377,3,0
315374,315374,315377,3,0
315374,315374,315377,3,0
315374,315374,315377,3,0
315374,315374,315377,3,0
315374,315374,315377,3,0
315374,315374,315377,3,0
315374,315374,315377,3,0
315374,315374,315377,3,0
315374,315374,315377,3,0
315374,315374,315378,4,0
315374,315374,315377,3,0
315374,315374,315378,4,0
315374,315374,315378,4,0
315374,315374,315378,4,0
315374,315374,315377,3,0
315374,315374,315377,3,0
315374,315374,315377,3,0
315374,315374,315377,3,0
315374,315374,315378,4,0
315374,315374,315378,4,0
315374,315374,315378,4,0
315374,315374,315378,4,0
315374,315374,315379,5,0
315374,315374,315379,5,0
315374,315374,315378,4,0
315374,315374,315379,5,0
315374,315374,315379,5,0
315374,315374,315379,5,0
315374,315374,315379,5,0
315374,315374,315378,4,0
315374,315374,315379,5,0
315374,315374,315379,5,0
315374,315374,315379,5,0
315374,315374,315379,5,0
315374,315374,315379,5,0
315374,315374,315378,4,0
315374,315374,315379,5,0
315374,315374,315379,5,0
315374,315374,315379,5,0
315374,315374,315378,4,0
315374,315374,315379,5,0
315374,315374,315380,6,0
315374,315374,315379,5,0
315374,315374,315379,5,0
315374,315374,315380,6,0
314414,314414,315404,990,0
315404,315405,315407,2,1
315404,315405,315408,3,1
315404,315405,315407,2,1
315404,315405,315407,2,1
315404,315405,315408,3,1
315404,315405,315407,2,1
315404,315405,315407,2,1
315404,315405,315408,3,1
315404,315405,315408,3,1
315404,315405,315407,2,1
315404,315405,315407,2,1
315404,315405,315407,2,1
315404,315405,315407,2,1
315404,315405,315407,2,1
315404,315405,315407,2,1
315404,315405,315407,2,1
315404,315405,315407,2,1
315404,315405,315408,3,1
315404,315405,315408,3,1
315404,315405,315407,2,1
315404,315405,315407,2,1
315404,315405,315407,2,1
315404,315405,315408,3,1
315404,315405,315407,2,1
315404,315405,315407,2,1
315404,315405,315407,2,1
315404,315405,315408,3,1
315404,315405,315408,3,1
315404,315405,315408,3,1
315404,315405,315408,3,1
315404,315405,315408,3,1
315404,315405,315409,4,1
315404,315405,315409,4,1
315404,315405,315408,3,1
315404,315405,315408,3,1
315404,315405,315409,4,1
315404,315405,315409,4,1
315404,315405,315408,3,1
315404,315405,315408,3,1
315404,315405,315408,3,1
315404,315405,315408,3,1
315404,315405,315408,3,1
315404,315405,315408,3,1
315404,315405,315408,3,1
315404,315405,315408,3,1
315404,315405,315409,4,1
315404,315405,315409,4,1
315404,315405,315409,4,1
315404,315405,315409,4,1
315404,315405,315409,4,1
315404,315405,315410,5,1
315404,315405,315409,4,1
315404,315405,315409,4,1
315404,315405,315409,4,1
315404,315405,315410,5,1
315404,315405,315410,5,1
315404,315405,315409,4,1
315404,315405,315410,5,1
315404,315405,315409,4,1
315404,315405,315409,4,1
315404,315405,315409,4,1
315404,315405,315409,4,1
315404,315405,315411,6,1
315404,315405,315410,5,1
315404,315405,315410,5,1
314390,314390,315416,1026,0
315416,315416,315418,2,0
315416,315417,315419,2,1
315416,315416,315419,3,0
315416,315417,315419,2,1
315416,315417,315419,2,1
315416,315416,315419,3,0
315416,315416,315419,3,0
315416,315416,315419,3,0
315416,315416,315419,3,0
315416,315416,315419,3,0
315416,315417,315419,2,1
315416,315416,315419,3,0
315416,315416,315419,3,0
315416,315417,315419,2,1
315416,315417,315419,2,1
315416,315416,315419,3,0
315416,315416,315419,3,0
315416,315416,315419,3,0
315416,315417,315420,3,1
315416,315416,315419,3,0
315416,315416,315419,3,0
315416,315416,315419,3,0
315416,315417,315419,2,1
315416,315416,315419,3,0
315416,315416,315419,3,0
315416,315417,315419,2,1
315416,315417,315420,3,1
315416,315417,315420,3,1
315416,315416,315420,4,0
315416,315416,315421,5,0
315416,315417,315420,3,1
314571,314571,315420,849,0
315416,315417,315420,3,1
315416,315417,315420,3,1
315416,315417,315420,3,1
315416,315417,315420,3,1
315416,315417,315420,3,1
315416,315417,315420,3,1
315416,315417,315420,3,1
315416,315417,315420,3,1
315416,315417,315421,4,1
315416,315417,315420,3,1
315416,315417,315420,3,1
315416,315417,315420,3,1
315416,315417,315420,3,1
315416,315417,315421,4,1
315416,315417,315420,3,1
315416,315417,315421,4,1
315416,315417,315421,4,1
315416,315417,315421,4,1
315416,315417,315421,4,1
315416,315417,315421,4,1
315416,315417,315421,4,1
315416,315417,315421,4,1
315416,315417,315421,4,1
315416,315417,315421,4,1
315416,315417,315421,4,1
315416,315416,315421,5,0
315416,315417,315421,4,1
315416,315417,315421,4,1
315416,315417,315422,5,1
315416,315417,315421,4,1
315416,315417,315422,5,1
315416,315417,315422,5,1
315416,315417,315422,5,1
315416,315417,315423,6,1
315421,315421,315424,3,0
315421,315421,315424,3,0
315421,315422,315424,2,1
315421,315422,315424,2,1
315421,315421,315424,3,0
315421,315421,315424,3,0
315421,315422,315424,2,1
315421,315421,315424,3,0
315421,315422,315424,2,1
315421,315421,315424,3,0
315421,315421,315424,3,0
315421,315422,315424,2,1
315421,315422,315424,2,1
315421,315422,315424,2,1
315421,315421,315424,3,0
315421,315421,315424,3,0
315421,315422,315425,3,1
315421,315422,315424,2,1
315421,315422,315425,3,1
315421,315422,315425,3,1
315421,315422,315425,3,1
315421,315421,315424,3,0
315421,315421,315424,3,0
315421,315422,315425,3,1
315421,315422,315425,3,1
315421,315422,315424,2,1
315421,315422,315425,3,1
315421,315422,315426,4,1
315421,315422,315425,3,1
315421,315422,315425,3,1
315421,315422,315425,3,1
315421,315422,315425,3,1
315421,315422,315425,3,1
315421,315422,315425,3,1
315421,315422,315425,3,1
315421,315422,315425,3,1
315421,315422,315425,3,1
315421,315422,315425,3,1
315421,315422,315426,4,1
315421,315422,315426,4,1
315421,315422,315426,4,1
315421,315422,315425,3,1
315421,315422,315426,4,1
315421,315422,315425,3,1
315421,315422,315426,4,1
315421,315422,315426,4,1
315421,315422,315426,4,1
315421,315422,315426,4,1
315421,315422,315426,4,1
315421,315422,315426,4,1
315421,315422,315426,4,1
315421,315422,315426,4,1
315421,315422,315427,5,1
315421,315422,315426,4,1
315421,315422,315427,5,1
315421,315422,315427,5,1
315421,315422,315426,4,1
315421,315422,315426,4,1
315421,315422,315426,4,1
315421,315422,315427,5,1
315421,315422,315427,5,1
315421,315422,315427,5,1
315421,315422,315428,6,1
315421,315422,315427,5,1
315421,315422,315428,6,1
314443,314443,315432,989,0
315433,315433,315435,2,0
315433,315433,315435,2,0
315433,315433,315435,2,0
315433,315433,315435,2,0
315433,315433,315436,3,0
315433,315433,315436,3,0
315433,315433,315436,3,0
315433,315433,315435,2,0
315433,315433,315436,3,0
315433,315433,315435,2,0
315433,315433,315435,2,0
315433,315433,315436,3,0
315433,315433,315436,3,0
315433,315433,315435,2,0
315433,315433,315435,2,0
315433,315433,315435,2,0
315433,315433,315435,2,0
315433,315433,315435,2,0
315433,315433,315435,2,0
315433,315433,315435,2,0
315433,315433,315435,2,0
315433,315433,315435,2,0
315433,315433,315436,3,0
315433,315433,315435,2,0
315433,315433,315435,2,0
315433,315433,315436,3,0
315433,315433,315436,3,0
315433,315433,315436,3,0
315433,315433,315436,3,0
315433,315433,315436,3,0
315433,315433,315436,3,0
315433,315433,315437,4,0
315433,315433,315436,3,0
315433,315433,315437,4,0
315433,315433,315437,4,0
315433,315433,315436,3,0
315433,315433,315437,4,0
315433,315433,315437,4,0
315433,315433,315437,4,0
315433,315433,315437,4,0
315433,315433,315436,3,0
315433,315433,315436,3,0
315433,315433,315437,4,0
315433,315433,315437,4,0
315433,315433,315437,4,0
315433,315433,315437,4,0
315433,315433,315436,3,0
315433,315433,315437,4,0
315433,315433,315436,3,0
315433,315433,315437,4,0
315433,315433,315436,3,0
315433,315433,315437,4,0
315433,315433,315437,4,0
315433,315433,315437,4,0
315433,315433,315437,4,0
315433,315433,315438,5,0
315433,315433,315437,4,0
315433,315433,315437,4,0
315433,315433,315438,5,0
315433,315433,315438,5,0
315433,315433,315437,4,0
315433,315433,315438,5,0
315433,315433,315438,5,0
315433,315433,315438,5,0
315433,315433,315439,6,0
322038,322038,322457,419,0
322023,322023,322469,446,0
322042,322042,322473,431,0
322044,322044,322517,473,0
322460,322460,322895,435,0
322033,322033,322900,867,0
322475,322475,322900,425,0
322471,322471,322917,446,0
322019,322019,322920,901,0
322025,322025,322921,896,0
322040,322040,322925,885,0
322029,322029,322925,896,0
322028,322028,322930,902,0
322030,322030,322936,906,0
322019,322019,322938,919,0
322037,322037,322938,901,0
322032,322032,322940,908,0
322520,322520,322960,440,0
322021,322021,322976,955,0
322035,322035,322979,944,0
322024,322024,322980,956,0
322022,322022,322981,959,0
322026,322026,322981,955,0
322020,322020,322984,964,0
322926,322927,323418,491,1
322984,322984,323424,440,0
322938,322938,323570,632,0
322923,322923,323639,716,0
322943,322943,323642,699,0
322928,322928,323645,717,0
322904,322905,323650,745,1
322945,322945,323649,704,0
322988,322988,323663,675,0
322981,322981,323664,683,0
322983,322983,323740,757,0
322962,322963,323745,782,1
322986,322986,323746,760,0
322979,322979,323747,768,0
322934,322934,323815,881,0
322925,322925,323843,918,0
322941,322942,323844,902,1
322919,322919,323846,927,0
322897,322897,323846,949,0
322903,322903,323851,948,0
323419,323420,323886,466,1
323425,323425,323886,461,0
323647,323647,324141,494,0
323655,323655,324142,487,0
323667,323667,324145,478,0
323572,323572,324206,634,0
323653,323653,324230,577,0
323665,323665,324233,568,0
323645,323645,324236,591,0
323748,323748,324249,501,0
323750,323750,324251,501,0
323743,323743,324254,511,0
323641,323641,324265,624,0
323752,323752,324414,662,0
323888,323889,324439,550,1
323852,323852,324473,621,0
323848,323848,324474,626,0
323890,323891,324484,593,1
323854,323854,324514,660,0
323818,323818,324526,708,0
323850,323850,324542,692,0
324145,324145,324547,402,0
323846,323847,324563,716,1
324147,324147,324582,435,0
324143,324143,324595,452,0
324238,324238,324692,454,0
324254,324255,324694,439,1
324441,324441,324901,460,0
324475,324475,324903,428,0
324417,324417,324904,487,0
324256,324256,324949,693,0
324267,324267,324950,683,0
324253,324253,324958,705,0
324209,324209,324989,780,0
324236,324237,324993,756,1
324233,324233,324993,760,0
325157,325158,325159,1,1
325157,325158,325159,1,1
325157,325158,325160,2,1
325157,325158,325159,1,1
325157,325158,325160,2,1
325157,325158,325160,2,1
325157,325158,325160,2,1
325157,325158,325160,2,1
325157,325158,325160,2,1
325157,325158,325160,2,1
325157,325158,325160,2,1
325157,325158,325160,2,1
325157,325158,325160,2,1
325157,325158,325161,3,1
325157,325158,325160,2,1
325157,325158,325160,2,1
325157,325158,325160,2,1
325157,325158,325160,2,1
325157,325158,325161,3,1
325157,325158,325161,3,1
325157,325158,325161,3,1
325157,325158,325161,3,1
325157,325158,325161,3,1
325157,325158,325161,3,1
325157,325158,325161,3,1
325157,325158,325161,3,1
325157,325158,325161,3,1
325157,325158,325161,3,1
325157,325158,325161,3,1
325157,325158,325161,3,1
325157,325158,325161,3,1
325157,325158,325161,3,1
325157,325158,325161,3,1
325157,325158,325161,3,1
325157,325158,325161,3,1
325157,325158,325161,3,1
325157,325158,325161,3,1
325157,325158,325162,4,1
325157,325158,325161,3,1
325157,325158,325161,3,1
325157,325158,325162,4,1
325157,325158,325161,3,1
325157,325158,325162,4,1
325157,325158,325162,4,1
325157,325158,325162,4,1
325157,325158,325162,4,1
325157,325158,325162,4,1
325157,325158,325162,4,1
325157,325158,325162,4,1
325157,325158,325162,4,1
325157,325158,325162,4,1
325157,325158,325163,5,1
325157,325158,325163,5,1
325157,325158,325163,5,1
325157,325158,325163,5,1
325165,325165,325167,2,0
325165,325165,325167,2,0
325165,325165,325168,3,0
325165,325165,325167,2,0
325165,325165,325167,2,0
325165,325165,325168,3,0
325165,325165,325167,2,0
325165,325165,325167,2,0
325165,325165,325167,2,0
325165,325165,325168,3,0
325165,325165,325167,2,0
325165,325165,325168,3,0
325165,325165,325168,3,0
325165,325165,325167,2,0
325165,325165,325167,2,0
325165,325165,325167,2,0
325165,325165,325168,3,0
325165,325165,325168,3,0
325165,325165,325168,3,0
325165,325165,325168,3,0
325165,325165,325168,3,0
325165,325165,325169,4,0
325165,325165,325169,4,0
325165,325165,325168,3,0
325165,325165,325169,4,0
325165,325165,325169,4,0
325165,325165,325169,4,0
325165,325165,325169,4,0
325165,325165,325168,3,0
325165,325165,325169,4,0
325165,325165,325169,4,0
325165,325165,325168,3,0
325165,325165,325169,4,0
325165,325165,325169,4,0
325165,325165,325168,3,0
325165,325165,325169,4,0
325165,325165,325169,4,0
325165,325165,325168,3,0
325165,325165,325169,4,0
325165,325165,325169,4,0
325165,325165,325169,4,0
325165,325165,325168,3,0
325165,325165,325169,4,0
325165,325165,325170,5,0
325165,325165,325169,4,0
325165,325165,325170,5,0
325165,325165,325170,5,0
325165,325165,325170,5,0
325165,325165,325169,4,0
325165,325165,325169,4,0
325165,325165,325169,4,0
325165,325165,325170,5,0
325165,325165,325170,5,0
325165,325165,325170,5,0
325165,325165,325169,4,0
325171,325172,325174,2,1
325171,325172,325174,2,1
325171,325172,325174,2,1
325171,325172,325174,2,1
325171,325172,325175,3,1
325171,325172,325174,2,1
325171,325172,325174,2,1
325171,325172,325174,2,1
325171,325172,325174,2,1
325171,325172,325175,3,1
325171,325172,325174,2,1
325171,325172,325175,3,1
325171,325172,325174,2,1
325171,325172,325174,2,1
325171,325172,325174,2,1
325171,325172,325175,3,1
325171,325172,325174,2,1
325171,325172,325174,2,1
325171,325172,325174,2,1
325171,325172,325174,2,1
325171,325172,325174,2,1
325171,325172,325175,3,1
325171,325172,325176,4,1
325171,325172,325176,4,1
325171,325172,325175,3,1
325171,325172,325176,4,1
325171,325172,325175,3,1
325171,325172,325175,3,1
325171,325172,325176,4,1
325171,325172,325175,3,1
325171,325172,325175,3,1
325171,325172,325175,3,1
325171,325172,325175,3,1
325171,325172,325175,3,1
325171,325172,325175,3,1
325171,325172,325175,3,1
325171,325172,325175,3,1
325171,325172,325175,3,1
325171,325172,325175,3,1
325171,325172,325176,4,1
325171,325172,325176,4,1
325171,325172,325176,4,1
325171,325172,325176,4,1
325171,325172,325176,4,1
325171,325172,325176,4,1
325171,325172,325176,4,1
325171,325172,325176,4,1
325171,325172,325176,4,1
325171,325172,325177,5,1
325171,325172,325176,4,1
325171,325172,325176,4,1
325171,325172,325177,5,1
325171,325172,325177,5,1
325171,325172,325177,5,1
325171,325172,325177,5,1
325179,325179,325181,2,0
325179,325179,325181,2,0
325179,325179,325182,3,0
325179,325179,325181,2,0
325179,325179,325182,3,0
325179,325179,325182,3,0
325179,325179,325182,3,0
325179,325179,325182,3,0
325179,325179,325182,3,0
325179,325179,325182,3,0
325179,325179,325181,2,0
325179,325179,325182,3,0
325179,325179,325181,2,0
325179,325179,325182,3,0
325179,325179,325182,3,0
325179,325179,325182,3,0
325179,325179,325182,3,0
325179,325179,325182,3,0
325179,325179,325182,3,0
325179,325179,325182,3,0
325179,325179,325182,3,0
325179,325179,325183,4,0
325179,325179,325183,4,0
325179,325179,325182,3,0
325179,325179,325183,4,0
325179,325179,325183,4,0
325179,325179,325183,4,0
325179,325179,325183,4,0
325179,325179,325183,4,0
325179,325179,325183,4,0
325179,325179,325183,4,0
325179,325179,325183,4,0
325179,325179,325183,4,0
325179,325179,325183,4,0
325179,325179,325183,4,0
325179,325179,325182,3,0
325179,325179,325183,4,0
325179,325179,325183,4,0
325179,325179,325183,4,0
325179,325179,325182,3,0
325179,325179,325183,4,0
325179,325179,325184,5,0
325179,325179,325184,5,0
325179,325179,325183,4,0
325179,325179,325184,5,0
325179,325179,325184,5,0
325179,325179,325183,4,0
325179,325179,325184,5,0
325179,325179,325184,5,0
325179,325179,325184,5,0
325179,325179,325184,5,0
325179,325179,325184,5,0
325179,325179,325183,4,0
325179,325179,325184,5,0
325179,325179,325185,6,0
325186,325187,325189,2,1
325186,325187,325189,2,1
325186,325187,325189,2,1
325186,325187,325189,2,1
325186,325186,325189,3,0
325186,325187,325189,2,1
325186,325187,325189,2,1
325186,325187,325189,2,1
325186,325187,325189,2,1
325186,325187,325189,2,1
325186,325187,325189,2,1
325186,325187,325190,3,1
325186,325187,325189,2,1
325186,325187,325189,2,1
325186,325187,325190,3,1
325186,325187,325190,3,1
325186,325187,325189,2,1
325186,325187,325189,2,1
325186,325187,325190,3,1
325186,325187,325190,3,1
325186,325187,325190,3,1
325186,325187,325190,3,1
325186,325187,325190,3,1
325186,325187,325190,3,1
325186,325187,325190,3,1
325186,325187,325190,3,1
325186,325187,325191,4,1
325186,325187,325190,3,1
325186,325187,325190,3,1
325186,325187,325190,3,1
325186,325187,325190,3,1
325186,325187,325190,3,1
325186,325187,325190,3,1
325186,325187,325191,4,1
325186,325187,325190,3,1
325186,325187,325190,3,1
325186,325187,325190,3,1
325186,325187,325191,4,1
325186,325187,325191,4,1
325186,325187,325191,4,1
325186,325187,325191,4,1
325186,325187,325191,4,1
325186,325187,325191,4,1
325186,325187,325192,5,1
325186,325187,325191,4,1
325186,325187,325191,4,1
325186,325187,325191,4,1
325186,325187,325192,5,1
325186,325187,325191,4,1
325186,325187,325191,4,1
325186,325187,325191,4,1
325186,325187,325191,4,1
325186,325187,325192,5,1
325186,325187,325192,5,1
325186,325187,325192,5,1
325194,325194,325196,2,0
325194,325194,325197,3,0
325194,325194,325196,2,0
325194,325194,325197,3,0
325194,325194,325196,2,0
325194,325194,325196,2,0
325194,325194,325197,3,0
325194,325194,325196,2,0
325194,325194,325196,2,0
325194,325194,325196,2,0
325194,325194,325196,2,0
325194,325194,325196,2,0
325194,325194,325196,2,0
325194,325194,325197,3,0
325194,325194,325196,2,0
325194,325194,325197,3,0
325194,325194,325197,3,0
325194,325194,325196,2,0
325194,325194,325197,3,0
325194,325194,325197,3,0
325194,325194,325197,3,0
325194,325194,325197,3,0
325194,325194,325198,4,0
325194,325194,325198,4,0
325194,325194,325198,4,0
325194,325194,325198,4,0
325194,325194,325198,4,0
325194,325194,325198,4,0
325194,325194,325198,4,0
325194,325194,325197,3,0
325194,325194,325198,4,0
325194,325194,325197,3,0
325194,325194,325198,4,0
325194,325194,325197,3,0
325194,325194,325197,3,0
325194,325194,325198,4,0
325194,325194,325198,4,0
325194,325194,325198,4,0
325194,325194,325198,4,0
325194,325194,325198,4,0
325194,325194,325198,4,0
325194,325194,325197,3,0
325194,325194,325198,4,0
325194,325194,325198,4,0
325194,325194,325198,4,0
325194,325194,325198,4,0
325194,325194,325198,4,0
325194,325194,325198,4,0
325194,325194,325199,5,0
325194,325194,325199,5,0
325194,325194,325198,4,0
325194,325194,325198,4,0
325194,325194,325199,5,0
325194,325194,325199,5,0
325194,325194,325199,5,0
325201,325201,325204,3,0
325201,325201,325204,3,0
325201,325201,325204,3,0
325201,325201,325204,3,0
325201,325201,325204,3,0
325201,325201,325204,3,0
325201,325201,325204,3,0
325201,325201,325204,3,0
325201,325201,325204,3,0
325201,325201,325204,3,0
325201,325201,325204,3,0
325201,325201,325204,3,0
325201,325201,325204,3,0
325201,325201,325204,3,0
325201,325201,325204,3,0
325201,325201,325204,3,0
325201,325201,325204,3,0
325201,325201,325205,4,0
325201,325201,325205,4,0
325201,325201,325205,4,0
325201,325201,325205,4,0
325201,325201,325205,4,0
325201,325201,325205,4,0
325201,325201,325205,4,0
325201,325201,325205,4,0
325201,325201,325205,4,0
325201,325201,325205,4,0
325201,325201,325205,4,0
325201,325201,325206,5,0
325201,325201,325205,4,0
325201,325201,325205,4,0
325201,325201,325205,4,0
325201,325201,325205,4,0
325201,325202,325205,3,1
325201,325202,325205,3,1
325201,325201,325205,4,0
325201,325201,325205,4,0
325201,325202,325205,3,1
325201,325201,325206,5,0
325201,325201,325206,5,0
325201,325201,325206,5,0
325201,325201,325206,5,0
325201,325201,325206,5,0
325201,325201,325206,5,0
325201,325201,325206,5,0
325201,325201,325206,5,0
325201,325201,325206,5,0
325201,325201,325206,5,0
325201,325201,325206,5,0
325201,325201,325207,6,0
325201,325201,325207,6,0
325201,325201,325207,6,0
325201,325201,325207,6,0
325201,325201,325207,6,0
325201,325201,325207,6,0
325209,325209,325212,3,0
325209,325209,325211,2,0
325209,325209,325211,2,0
325209,325209,325211,2,0
325209,325209,325211,2,0
325209,325209,325211,2,0
325209,325209,325211,2,0
325209,325209,325212,3,0
325209,325209,325212,3,0
325209,325209,325211,2,0
325209,325209,325211,2,0
325209,325209,325211,2,0
325209,325209,325211,2,0
325209,325209,325211,2,0
325209,325209,325211,2,0
325209,325209,325211,2,0
325209,325209,325212,3,0
325209,325209,325211,2,0
325209,325209,325211,2,0
325209,325209,325211,2,0
325209,325209,325211,2,0
325209,325209,325212,3,0
325209,325209,325212,3,0
325209,325209,325213,4,0
325209,325209,325212,3,0
325209,325209,325212,3,0
325209,325209,325212,3,0
325209,325209,325212,3,0
325209,325209,325212,3,0
325209,325209,325212,3,0
325209,325209,325213,4,0
325209,325209,325212,3,0
325209,325209,325213,4,0
325209,325209,325213,4,0
325209,325209,325212,3,0
325209,325209,325213,4,0
325209,325209,325212,3,0
325209,325209,325213,4,0
325209,325209,325213,4,0
325209,325209,325214,5,0
325209,325209,325213,4,0
325209,325209,325213,4,0
325209,325209,325213,4,0
325209,325209,325213,4,0
325209,325209,325213,4,0
325209,325209,325214,5,0
325209,325209,325213,4,0
325209,325209,325213,4,0
325209,325209,325213,4,0
325209,325209,325213,4,0
325209,325209,325213,4,0
325209,325209,325213,4,0
325209,325209,325214,5,0
325209,325209,325214,5,0
325209,325209,325214,5,0
325216,325216,325219,3,0
325216,325216,325219,3,0
325216,325216,325219,3,0
325216,325216,325219,3,0
325216,325216,325219,3,0
325216,325216,325219,3,0
325216,325216,325219,3,0
325216,325216,325219,3,0
325216,325216,325219,3,0
325216,325216,325219,3,0
325216,325216,325219,3,0
325216,325216,325219,3,0
325216,325216,325219,3,0
325216,325216,325219,3,0
325216,325216,325219,3,0
325216,325216,325219,3,0
325216,325216,325219,3,0
325216,325216,325219,3,0
325216,325216,325219,3,0
325216,325216,325219,3,0
325216,325216,325219,3,0
325216,325216,325219,3,0
325216,325216,325219,3,0
325216,325216,325220,4,0
325216,325216,325219,3,0
325216,325216,325220,4,0
325216,325216,325220,4,0
325216,325216,325220,4,0
325216,325216,325220,4,0
325216,325216,325220,4,0
325216,325216,325220,4,0
325216,325216,325220,4,0
325216,325216,325220,4,0
325216,325216,325220,4,0
325216,325216,325220,4,0
325216,325216,325220,4,0
325216,325216,325221,5,0
325216,325216,325220,4,0
325216,325216,325221,5,0
325216,325216,325221,5,0
325216,325216,325220,4,0
325216,325216,325221,5,0
325216,325216,325221,5,0
325216,325216,325221,5,0
325216,325216,325221,5,0
325216,325216,325221,5,0
325216,325216,325221,5,0
325216,325216,325221,5,0
325216,325216,325221,5,0
325216,325216,325221,5,0
325216,325216,325221,5,0
325216,325216,325221,5,0
325216,325216,325222,6,0
325216,325216,325221,5,0
325216,325216,325222,6,0
325224,325224,325226,2,0
325224,325224,325226,2,0
325224,325224,325227,3,0
325224,325224,325226,2,0
325224,325224,325226,2,0
325224,325224,325227,3,0
325224,325224,325226,2,0
325224,325224,325226,2,0
325224,325224,325226,2,0
325224,325224,325226,2,0
325224,325224,325226,2,0
325224,325224,325226,2,0
325224,325224,325227,3,0
325224,325224,325227,3,0
325224,325224,325226,2,0
325224,325224,325226,2,0
325224,325224,325226,2,0
325224,325224,325227,3,0
325224,325224,325227,3,0
325224,325224,325227,3,0
325224,325224,325227,3,0
325224,325224,325227,3,0
325224,325224,325227,3,0
325224,325224,325228,4,0
325224,325224,325228,4,0
325224,325224,325227,3,0
325224,325224,325227,3,0
325224,325224,325227,3,0
325224,325224,325228,4,0
325224,325224,325227,3,0
325224,325224,325227,3,0
325224,325224,325228,4,0
325224,325224,325227,3,0
325224,325224,325228,4,0
325224,325224,325227,3,0
325224,325224,325228,4,0
325224,325224,325228,4,0
325224,325224,325229,5,0
325224,325224,325228,4,0
325224,325224,325228,4,0
325224,325224,325228,4,0
325224,325224,325228,4,0
325224,325224,325228,4,0
325224,325224,325229,5,0
325224,325224,325229,5,0
325224,325224,325228,4,0
325224,325224,325229,5,0
325224,325224,325228,4,0
325224,325224,325228,4,0
325224,325224,325228,4,0
325224,325224,325228,4,0
325224,325224,325229,5,0
325224,325224,325229,5,0
325224,325224,325229,5,0
325224,325224,325229,5,0
325231,325231,325234,3,0
325231,325231,325234,3,0
325231,325231,325234,3,0
325231,325231,325234,3,0
325231,325231,325234,3,0
325231,325231,325234,3,0
325231,325231,325234,3,0
325231,325231,325234,3,0
325231,325231,325233,2,0
325231,325231,325234,3,0
325231,325231,325234,3,0
325231,325231,325234,3,0
325231,325231,325234,3,0
325231,325231,325234,3,0
325231,325231,325234,3,0
325231,325231,325234,3,0
325231,325231,325234,3,0
325231,325231,325234,3,0
325231,325231,325234,3,0
325231,325231,325234,3,0
325231,325231,325234,3,0
325231,325231,325234,3,0
325231,325231,325234,3,0
325231,325231,325234,3,0
325231,325231,325235,4,0
325231,325231,325235,4,0
325231,325231,325235,4,0
325231,325231,325235,4,0
325231,325231,325235,4,0
325231,325231,325235,4,0
325231,325231,325234,3,0
325231,325231,325234,3,0
325231,325231,325234,3,0
325231,325231,325235,4,0
325231,325231,325235,4,0
325231,325231,325235,4,0
325231,325231,325234,3,0
325231,325231,325235,4,0
325231,325231,325235,4,0
325231,325231,325235,4,0
325231,325231,325235,4,0
325231,325231,325234,3,0
325231,325231,325236,5,0
325231,325231,325235,4,0
325231,325231,325236,5,0
325231,325231,325236,5,0
325231,325231,325236,5,0
325231,325231,325236,5,0
325231,325231,325236,5,0
325231,325231,325236,5,0
325231,325231,325235,4,0
325231,325231,325236,5,0
325231,325231,325236,5,0
325231,325231,325236,5,0
325231,325231,325236,5,0
325239,325239,325241,2,0
325239,325239,325241,2,0
325239,325239,325241,2,0
325239,325239,325241,2,0
325239,325239,325241,2,0
325239,325239,325241,2,0
325239,325239,325241,2,0
325239,325239,325241,2,0
325239,325239,325241,2,0
325239,325239,325241,2,0
325239,325239,325241,2,0
325239,325239,325241,2,0
325239,325239,325241,2,0
325239,325239,325241,2,0
325239,325239,325241,2,0
325239,325239,325241,2,0
325239,325239,325242,3,0
325239,325239,325242,3,0
325239,325239,325242,3,0
325239,325239,325242,3,0
325239,325239,325242,3,0
325239,325239,325243,4,0
325239,325239,325242,3,0
325239,325239,325242,3,0
325239,325239,325242,3,0
325239,325239,325243,4,0
325239,325239,325242,3,0
325239,325239,325242,3,0
325239,325239,325242,3,0
325239,325239,325242,3,0
325239,325239,325242,3,0
325239,325239,325242,3,0
325239,325239,325242,3,0
325239,325239,325242,3,0
325239,325239,325243,4,0
325239,325239,325243,4,0
325239,325239,325243,4,0
325239,325239,325243,4,0
325239,325239,325243,4,0
325239,325239,325243,4,0
325239,325239,325244,5,0
325239,325239,325243,4,0
325239,325239,325243,4,0
325239,325239,325244,5,0
325239,325239,325244,5,0
325239,325239,325243,4,0
325239,325239,325244,5,0
325239,325239,325243,4,0
325239,325239,325244,5,0
325239,325239,325243,4,0
325239,325239,325244,5,0
325239,325239,325244,5,0
325239,325239,325244,5,0
325239,325239,325244,5,0
325239,325239,325244,5,0
325246,325246,325249,3,0
325246,325246,325249,3,0
325246,325246,325249,3,0
325246,325246,325249,3,0
325246,325246,325248,2,0
325246,325246,325248,2,0
325246,325246,325248,2,0
325246,325246,325249,3,0
325246,325246,325249,3,0
325246,325246,325249,3,0
325246,325246,325249,3,0
325246,325246,325249,3,0
325246,325246,325249,3,0
325246,325246,325248,2,0
325246,325246,325248,2,0
325246,325246,325249,3,0
325246,325246,325249,3,0
325246,325246,325248,2,0
325246,325246,325249,3,0
325246,325246,325250,4,0
325246,325246,325250,4,0
325246,325246,325249,3,0
325246,325246,325250,4,0
325246,325246,325250,4,0
325246,325246,325250,4,0
325246,325246,325250,4,0
325246,325246,325250,4,0
325246,325246,325250,4,0
325246,325246,325249,3,0
325246,325246,325250,4,0
325246,325246,325250,4,0
325246,325246,325249,3,0
325246,325246,325250,4,0
325246,325246,325250,4,0
325246,325246,325250,4,0
325246,325246,325250,4,0
325246,325246,325251,5,0
325246,325246,325250,4,0
325246,325246,325251,5,0
325246,325246,325250,4,0
325246,325246,325251,5,0
325246,325246,325250,4,0
325246,325246,325250,4,0
325246,325246,325251,5,0
325246,325246,325251,5,0
325246,325246,325251,5,0
325246,325246,325251,5,0
325246,325246,325251,5,0
325246,325246,325251,5,0
325246,325246,325250,4,0
325246,325246,325250,4,0
325246,325246,325250,4,0
325246,325246,325251,5,0
325246,325246,325251,5,0
325246,325246,325251,5,0
325253,325254,325256,2,1
325253,325253,325256,3,0
325253,325253,325256,3,0
325253,325254,325256,2,1
325253,325254,325256,2,1
325253,325253,325256,3,0
325253,325254,325256,2,1
325253,325254,325256,2,1
325253,325253,325256,3,0
325253,325254,325256,2,1
325253,325253,325256,3,0
325253,325254,325256,2,1
325253,325254,325256,2,1
325253,325253,325256,3,0
325253,325253,325256,3,0
325253,325254,325256,2,1
325253,325254,325257,3,1
325253,325254,325257,3,1
325253,325254,325257,3,1
325253,325254,325257,3,1
325253,325254,325257,3,1
325253,325254,325257,3,1
325253,325254,325257,3,1
325253,325254,325257,3,1
325253,325254,325257,3,1
325253,325254,325257,3,1
325253,325254,325257,3,1
325253,325254,325257,3,1
325253,325254,325257,3,1
325253,325254,325257,3,1
325253,325254,325258,4,1
325253,325254,325257,3,1
325253,325254,325257,3,1
325253,325254,325257,3,1
325253,325254,325257,3,1
325253,325254,325257,3,1
325253,325254,325257,3,1
325253,325254,325258,4,1
325253,325254,325258,4,1
325253,325254,325258,4,1
325253,325254,325258,4,1
325253,325254,325258,4,1
325253,325254,325258,4,1
325253,325254,325258,4,1
325253,325254,325258,4,1
325253,325254,325258,4,1
325253,325254,325259,5,1
325253,325254,325258,4,1
325253,325254,325258,4,1
325253,325254,325258,4,1
325253,325254,325258,4,1
325253,325254,325258,4,1
325253,325254,325258,4,1
325253,325254,325259,5,1
325253,325254,325259,5,1
325261,325261,325264,3,0
325261,325261,325263,2,0
325261,325261,325263,2,0
325261,325261,325263,2,0
325261,325261,325264,3,0
325261,325261,325264,3,0
325261,325261,325263,2,0
325261,325261,325264,3,0
325261,325261,325263,2,0
325261,325261,325264,3,0
325261,325261,325263,2,0
325261,325261,325263,2,0
325261,325261,325263,2,0
325261,325261,325263,2,0
325261,325261,325263,2,0
325261,325261,325264,3,0
325261,325261,325264,3,0
325261,325261,325264,3,0
325261,325261,325264,3,0
325261,325261,325265,4,0
325261,325261,325264,3,0
325261,325261,325265,4,0
325261,325261,325264,3,0
325261,325261,325264,3,0
325261,325261,325264,3,0
325261,325261,325265,4,0
325261,325261,325264,3,0
325261,325261,325264,3,0
325261,325261,325265,4,0
325261,325261,325265,4,0
325261,325261,325264,3,0
325261,325261,325264,3,0
325261,325261,325265,4,0
325261,325261,325265,4,0
325261,325261,325265,4,0
325261,325261,325265,4,0
325261,325261,325266,5,0
325261,325261,325265,4,0
325261,325261,325265,4,0
325261,325261,325265,4,0
325261,325261,325266,5,0
325261,325261,325265,4,0
325261,325261,325265,4,0
325261,325261,325266,5,0
325261,325261,325265,4,0
325261,325261,325265,4,0
325261,325261,325265,4,0
325261,325261,325265,4,0
325261,325261,325265,4,0
325261,325261,325265,4,0
325261,325261,325265,4,0
325261,325261,325266,5,0
325261,325261,325266,5,0
325261,325261,325266,5,0
325261,325261,325266,5,0
325268,325268,325271,3,0
325268,325268,325271,3,0
325268,325268,325271,3,0
325268,325268,325271,3,0
325268,325268,325271,3,0
325268,325268,325271,3,0
325268,325268,325271,3,0
325268,325268,325271,3,0
325268,325268,325271,3,0
325268,325268,325271,3,0
325268,325268,325271,3,0
325268,325268,325271,3,0
325268,325268,325271,3,0
325268,325268,325271,3,0
325268,325268,325271,3,0
325268,325268,325271,3,0
325268,325268,325272,4,0
325268,325268,325271,3,0
325268,325268,325272,4,0
325268,325268,325272,4,0
325268,325268,325272,4,0
325268,325268,325272,4,0
325268,325268,325272,4,0
325268,325268,325272,4,0
325268,325268,325271,3,0
325268,325268,325272,4,0
325268,325268,325272,4,0
325268,325268,325272,4,0
325268,325268,325272,4,0
325268,325268,325272,4,0
325268,325268,325272,4,0
325268,325268,325272,4,0
325268,325268,325272,4,0
325268,325268,325273,5,0
325268,325268,325273,5,0
325268,325268,325272,4,0
325268,325268,325273,5,0
325268,325268,325273,5,0
325268,325268,325273,5,0
325268,325268,325273,5,0
325268,325268,325272,4,0
325268,325268,325273,5,0
325268,325268,325273,5,0
325268,325268,325273,5,0
325268,325268,325273,5,0
325268,325268,325273,5,0
325268,325268,325273,5,0
325268,325268,325273,5,0
325268,325268,325273,5,0
325268,325268,325273,5,0
325268,325268,325274,6,0
325268,325268,325273,5,0
325268,325268,325274,6,0
325268,325268,325274,6,0
325268,325268,325274,6,0
325276,325276,325279,3,0
325276,325276,325279,3,0
325276,325276,325279,3,0
325276,325276,325279,3,0
325276,325276,325279,3,0
325276,325276,325279,3,0
325276,325276,325279,3,0
325276,325276,325279,3,0
325276,325276,325279,3,0
325276,325276,325279,3,0
325276,325276,325279,3,0
325276,325276,325280,4,0
325276,325276,325280,4,0
325276,325276,325279,3,0
325276,325276,325280,4,0
325276,325276,325279,3,0
325276,325276,325279,3,0
325276,325276,325279,3,0
325276,325276,325280,4,0
325276,325276,325280,4,0
325276,325276,325279,3,0
325276,325276,325280,4,0
325276,325276,325280,4,0
325276,325276,325280,4,0
325276,325276,325280,4,0
325276,325276,325280,4,0
325276,325276,325280,4,0
325276,325276,325280,4,0
325276,325276,325280,4,0
325276,325276,325280,4,0
325276,325276,325280,4,0
325276,325276,325281,5,0
325276,325276,325281,5,0
325276,325276,325280,4,0
325276,325276,325280,4,0
325276,325276,325280,4,0
325276,325276,325280,4,0
325276,325276,325280,4,0
325276,325276,325280,4,0
325276,325276,325281,5,0
325276,325276,325280,4,0
325276,325276,325281,5,0
325276,325276,325280,4,0
325276,325276,325280,4,0
325276,325276,325281,5,0
325276,325276,325280,4,0
325276,325276,325281,5,0
325276,325276,325281,5,0
325276,325276,325281,5,0
325276,325276,325281,5,0
325276,325276,325282,6,0
325276,325276,325281,5,0
325276,325276,325282,6,0
325276,325276,325281,5,0
325276,325276,325281,5,0
325283,325283,325286,3,0
325283,325283,325286,3,0
325283,325283,325285,2,0
325283,325283,325286,3,0
325283,325283,325285,2,0
325283,325283,325286,3,0
325283,325283,325286,3,0
325283,325283,325286,3,0
325283,325283,325286,3,0
325283,325283,325286,3,0
325283,325283,325286,3,0
325283,325283,325286,3,0
325283,325283,325286,3,0
325283,325283,325286,3,0
325283,325283,325286,3,0
325283,325283,325286,3,0
325283,325283,325286,3,0
325283,325283,325286,3,0
325283,325283,325286,3,0
325283,325283,325287,4,0
325283,325283,325287,4,0
325283,325283,325287,4,0
325283,325283,325287,4,0
325283,325283,325287,4,0
325283,325283,325287,4,0
325283,325283,325286,3,0
325283,325283,325287,4,0
325283,325283,325287,4,0
325283,325283,325287,4,0
325283,325283,325286,3,0
325283,325283,325286,3,0
325283,325283,325287,4,0
325283,325283,325286,3,0
325283,325283,325287,4,0
325283,325283,325287,4,0
325283,325283,325287,4,0
325283,325283,325286,3,0
325283,325283,325287,4,0
325283,325283,325287,4,0
325283,325283,325287,4,0
325283,325283,325288,5,0
325283,325283,325287,4,0
325283,325283,325287,4,0
325283,325283,325288,5,0
325283,325283,325288,5,0
325283,325283,325288,5,0
325283,325283,325288,5,0
325283,325283,325288,5,0
325283,325283,325287,4,0
325283,325283,325287,4,0
325283,325283,325287,4,0
325283,325283,325288,5,0
325283,325283,325288,5,0
325283,325283,325288,5,0
325283,325283,325288,5,0
325290,325290,325292,2,0
325290,325290,325292,2,0
325290,325290,325292,2,0
325290,325290,325292,2,0
325290,325290,325293,3,0
325290,325290,325292,2,0
325290,325290,325292,2,0
325290,325290,325293,3,0
325290,325290,325292,2,0
325290,325290,325292,2,0
325290,325290,325292,2,0
325290,325290,325292,2,0
325290,325290,325292,2,0
325290,325290,325292,2,0
325290,325290,325294,4,0
325290,325290,325293,3,0
325290,325290,325293,3,0
325290,325290,325293,3,0
325290,325290,325293,3,0
325290,325290,325294,4,0
325290,325290,325293,3,0
325290,325290,325293,3,0
325290,325290,325293,3,0
325290,325290,325293,3,0
325290,325290,325293,3,0
325290,325290,325294,4,0
325290,325290,325293,3,0
325290,325290,325293,3,0
325290,325290,325294,4,0
325290,325290,325293,3,0
325290,325290,325293,3,0
325290,325290,325294,4,0
325290,325290,325294,4,0
325290,325290,325294,4,0
325290,325290,325294,4,0
325290,325290,325294,4,0
325290,325290,325294,4,0
325290,325290,325293,3,0
325290,325290,325294,4,0
325290,325290,325295,5,0
325290,325290,325295,5,0
325290,325290,325295,5,0
325290,325290,325294,4,0
325290,325290,325294,4,0
325290,325290,325294,4,0
325290,325290,325294,4,0
325290,325290,325294,4,0
325290,325290,325294,4,0
325290,325290,325294,4,0
325290,325290,325294,4,0
325290,325290,325294,4,0
325290,325290,325295,5,0
325290,325290,325295,5,0
325290,325290,325295,5,0
325290,325290,325295,5,0
325297,325297,325300,3,0
325297,325297,325300,3,0
325297,325297,325300,3,0
325297,325297,325300,3,0
325297,325297,325300,3,0
325297,325297,325300,3,0
325297,325297,325300,3,0
325297,325297,325300,3,0
325297,325297,325300,3,0
325297,325297,325300,3,0
325297,325297,325300,3,0
325297,325297,325300,3,0
325297,325297,325301,4,0
325297,325297,325300,3,0
325297,325297,325301,4,0
325297,325297,325301,4,0
325297,325297,325300,3,0
325297,325297,325300,3,0
325297,325297,325300,3,0
325297,325297,325300,3,0
325297,325297,325301,4,0
325297,325297,325300,3,0
325297,325297,325300,3,0
325297,325297,325300,3,0
325297,325297,325301,4,0
325297,325297,325300,3,0
325297,325297,325301,4,0
325297,325297,325301,4,0
325297,325297,325301,4,0
325297,325297,325301,4,0
325297,325297,325301,4,0
325297,325297,325302,5,0
325297,325297,325301,4,0
325297,325297,325302,5,0
325297,325297,325301,4,0
325297,325297,325301,4,0
325297,325297,325302,5,0
325297,325297,325302,5,0
325297,325297,325301,4,0
325297,325297,325301,4,0
325297,325297,325302,5,0
325297,325297,325302,5,0
325297,325297,325302,5,0
325297,325297,325301,4,0
325297,325297,325301,4,0
325297,325297,325301,4,0
325297,325297,325301,4,0
325297,325297,325301,4,0
325297,325297,325302,5,0
325297,325297,325302,5,0
325297,325297,325302,5,0
325297,325297,325302,5,0
325297,325297,325302,5,0
325297,325297,325302,5,0
325297,325297,325303,6,0
325350,325350,325352,2,0
325350,325350,325352,2,0
325350,325350,325352,2,0
325350,325350,325352,2,0
325350,325350,325352,2,0
325350,325350,325352,2,0
325350,325350,325352,2,0
325350,325350,325352,2,0
325350,325350,325352,2,0
325350,325350,325352,2,0
325350,325350,325352,2,0
325350,325350,325352,2,0
325350,325350,325352,2,0
325350,325350,325352,2,0
325350,325350,325352,2,0
325350,325350,325352,2,0
325350,325350,325352,2,0
325350,325350,325352,2,0
325350,325350,325352,2,0
325350,325350,325352,2,0
325350,325350,325353,3,0
325350,325350,325353,3,0
325350,325350,325353,3,0
325350,325350,325352,2,0
325350,325350,325353,3,0
325350,325350,325353,3,0
325350,325350,325353,3,0
325350,325350,325353,3,0
325350,325350,325353,3,0
325350,325350,325353,3,0
325350,325350,325353,3,0
325350,325350,325353,3,0
325350,325350,325353,3,0
325350,325350,325353,3,0
325350,325350,325353,3,0
325350,325350,325354,4,0
325350,325350,325353,3,0
325350,325350,325354,4,0
325350,325350,325354,4,0
325350,325350,325354,4,0
325350,325350,325354,4,0
325350,325350,325354,4,0
325350,325350,325354,4,0
325350,325350,325354,4,0
325350,325350,325354,4,0
325350,325350,325354,4,0
325350,325350,325354,4,0
325350,325350,325354,4,0
325350,325350,325354,4,0
325350,325350,325354,4,0
325350,325350,325354,4,0
325350,325350,325354,4,0
325350,325350,325354,4,0
325350,325350,325354,4,0
325350,325350,325354,4,0
325356,325356,325358,2,0
325356,325356,325357,1,0
325356,325356,325358,2,0
325356,325356,325357,1,0
325356,325356,325358,2,0
325356,325356,325357,1,0
325356,325356,325358,2,0
325356,325356,325358,2,0
325356,325356,325357,1,0
325356,325356,325358,2,0
325356,325356,325357,1,0
325356,325356,325358,2,0
325356,325356,325357,1,0
325356,325356,325357,1,0
325356,325356,325358,2,0
325356,325356,325357,1,0
325356,325356,325357,1,0
325356,325356,325357,1,0
325356,325356,325357,1,0
325356,325356,325357,1,0
325356,325356,325358,2,0
325356,325356,325357,1,0
325356,325356,325358,2,0
325356,325356,325358,2,0
325356,325356,325359,3,0
325356,325356,325358,2,0
325356,325356,325359,3,0
325356,325356,325359,3,0
325356,325356,325359,3,0
325356,325356,325359,3,0
325356,325356,325358,2,0
325356,325356,325359,3,0
325356,325356,325359,3,0
325356,325356,325358,2,0
325356,325356,325359,3,0
325356,325356,325359,3,0
325356,325356,325359,3,0
325356,325356,325358,2,0
325356,325356,325359,3,0
325356,325356,325358,2,0
325356,325356,325359,3,0
325356,325356,325358,2,0
325356,325356,325359,3,0
325356,325356,325359,3,0
325356,325356,325359,3,0
325356,325356,325359,3,0
325356,325356,325359,3,0
325356,325356,325359,3,0
325356,325356,325359,3,0
325356,325356,325359,3,0
325356,325356,325359,3,0
325356,325356,325359,3,0
325356,325356,325359,3,0
325356,325356,325360,4,0
325356,325356,325359,3,0
325361,325362,325363,1,1
325361,325362,325363,1,1
325361,325362,325363,1,1
325361,325362,325363,1,1
325361,325362,325363,1,1
325361,325362,325363,1,1
325361,325362,325363,1,1
325361,325362,325363,1,1
325361,325362,325363,1,1
325361,325362,325363,1,1
325361,325362,325363,1,1
325361,325362,325363,1,1
325361,325362,325363,1,1
325361,325362,325364,2,1
325361,325362,325363,1,1
325361,325362,325363,1,1
325361,325362,325363,1,1
325361,325362,325363,1,1
325361,325362,325363,1,1
325361,325362,325363,1,1
325361,325362,325363,1,1
325361,325362,325363,1,1
325361,325362,325364,2,1
325361,325362,325364,2,1
325361,325362,325364,2,1
325361,325362,325364,2,1
325361,325362,325365,3,1
325361,325362,325364,2,1
325361,325362,325364,2,1
325361,325362,325365,3,1
325361,325362,325364,2,1
325361,325362,325364,2,1
325361,325362,325365,3,1
325361,325362,325364,2,1
325361,325362,325364,2,1
325361,325362,325364,2,1
325361,325362,325364,2,1
325361,325362,325364,2,1
325361,325362,325364,2,1
325361,325362,325364,2,1
325361,325362,325365,3,1
325361,325362,325365,3,1
325361,325362,325365,3,1
325361,325362,325365,3,1
325361,325362,325365,3,1
325361,325362,325365,3,1
325361,325362,325365,3,1
325361,325362,325365,3,1
325361,325362,325365,3,1
325361,325362,325365,3,1
325361,325362,325365,3,1
325361,325362,325365,3,1
325361,325362,325365,3,1
325361,325362,325365,3,1
325361,325362,325365,3,1
325367,325367,325369,2,0
325367,325367,325368,1,0
325367,325367,325369,2,0
325367,325367,325368,1,0
325367,325367,325369,2,0
325367,325367,325368,1,0
325367,325367,325368,1,0
325367,325367,325369,2,0
325367,325367,325368,1,0
325367,325367,325368,1,0
325367,325367,325368,1,0
325367,325367,325368,1,0
325367,325367,325369,2,0
325367,325367,325369,2,0
325367,325367,325369,2,0
325367,325367,325369,2,0
325367,325367,325368,1,0
325367,325367,325368,1,0
325367,325367,325369,2,0
325367,325367,325369,2,0
325367,325367,325368,1,0
325367,325367,325368,1,0
325367,325367,325369,2,0
325367,325367,325369,2,0
325367,325367,325369,2,0
325367,325367,325370,3,0
325367,325367,325369,2,0
325367,325367,325370,3,0
325367,325367,325370,3,0
325367,325367,325369,2,0
325367,325367,325370,3,0
325367,325367,325370,3,0
325367,325367,325370,3,0
325367,325367,325370,3,0
325367,325367,325369,2,0
325367,325367,325370,3,0
325367,325367,325369,2,0
325367,325367,325370,3,0
325367,325367,325369,2,0
325367,325367,325369,2,0
325367,325367,325370,3,0
325367,325367,325370,3,0
325367,325367,325369,2,0
325367,325367,325370,3,0
325367,325367,325370,3,0
325367,325367,325370,3,0
325367,325367,325370,3,0
325367,325367,325370,3,0
325367,325367,325371,4,0
325367,325367,325370,3,0
325367,325367,325370,3,0
325367,325367,325370,3,0
325367,325367,325370,3,0
325367,325367,325370,3,0
325367,325367,325371,4,0
325372,325372,325374,2,0
325372,325372,325374,2,0
325372,325372,325374,2,0
325372,325372,325374,2,0
325372,325372,325375,3,0
325372,325372,325375,3,0
325372,325372,325375,3,0
325372,325372,325375,3,0
325372,325372,325375,3,0
325372,325372,325374,2,0
325372,325372,325375,3,0
325372,325372,325375,3,0
325372,325372,325375,3,0
325372,325372,325375,3,0
325372,325372,325375,3,0
325372,325372,325375,3,0
325372,325373,325375,2,1
325372,325372,325375,3,0
325372,325372,325375,3,0
325372,325373,325375,2,1
325372,325372,325375,3,0
325372,325372,325375,3,0
325372,325372,325375,3,0
325372,325372,325375,3,0
325372,325372,325375,3,0
325372,325373,325375,2,1
325372,325372,325376,4,0
325372,325372,325376,4,0
325372,325372,325376,4,0
325372,325372,325376,4,0
325372,325372,325376,4,0
325372,325372,325376,4,0
325372,325372,325376,4,0
325372,325372,325376,4,0
325372,325373,325376,3,1
325372,325372,325377,5,0
325372,325372,325376,4,0
325372,325372,325376,4,0
325372,325372,325376,4,0
325372,325372,325376,4,0
325372,325372,325376,4,0
325372,325372,325376,4,0
325372,325373,325376,3,1
325372,325372,325376,4,0
325372,325372,325377,5,0
325372,325372,325377,5,0
325372,325372,325377,5,0
325372,325372,325377,5,0
325372,325372,325377,5,0
325372,325372,325377,5,0
325372,325372,325377,5,0
325372,325372,325377,5,0
325372,325372,325377,5,0
325372,325372,325377,5,0
325372,325372,325377,5,0
325379,325379,325381,2,0
325379,325379,325381,2,0
325379,325379,325381,2,0
325379,325379,325381,2,0
325379,325379,325381,2,0
325379,325379,325381,2,0
325379,325379,325381,2,0
325379,325379,325381,2,0
325379,325379,325382,3,0
325379,325379,325381,2,0
325379,325379,325382,3,0
325379,325379,325381,2,0
325379,325379,325382,3,0
325379,325379,325382,3,0
325379,325379,325381,2,0
325379,325379,325381,2,0
325379,325379,325381,2,0
325379,325379,325382,3,0
325379,325379,325381,2,0
325379,325379,325381,2,0
325379,325379,325382,3,0
325379,325379,325381,2,0
325379,325379,325381,2,0
325379,325379,325382,3,0
325379,325379,325382,3,0
325379,325379,325383,4,0
325379,325379,325382,3,0
325379,325379,325382,3,0
325379,325379,325382,3,0
325379,325379,325382,3,0
325379,325379,325383,4,0
325379,325379,325382,3,0
325379,325379,325382,3,0
325379,325379,325382,3,0
325379,325379,325383,4,0
325379,325379,325383,4,0
325379,325379,325382,3,0
325379,325379,325382,3,0
325379,325379,325383,4,0
325379,325379,325383,4,0
325379,325379,325382,3,0
325379,325379,325382,3,0
325379,325379,325383,4,0
325379,325379,325382,3,0
325379,325379,325383,4,0
325379,325379,325383,4,0
325379,325379,325383,4,0
325379,325379,325382,3,0
325379,325379,325383,4,0
325379,325379,325383,4,0
325379,325379,325383,4,0
325379,325379,325383,4,0
325379,325379,325383,4,0
325379,325379,325383,4,0
325379,325379,325383,4,0
325385,325385,325388,3,0
325385,325385,325388,3,0
325385,325385,325388,3,0
325385,325385,325388,3,0
325385,325385,325388,3,0
325385,325385,325388,3,0
325385,325385,325388,3,0
325385,325385,325388,3,0
325385,325385,325388,3,0
325385,325385,325388,3,0
325385,325385,325388,3,0
325385,325385,325388,3,0
325385,325385,325388,3,0
325385,325385,325388,3,0
325385,325385,325388,3,0
325385,325385,325388,3,0
325385,325385,325388,3,0
325385,325385,325389,4,0
325385,325385,325388,3,0
325385,325385,325388,3,0
325385,325385,325389,4,0
325385,325385,325389,4,0
325385,325385,325389,4,0
325385,325385,325389,4,0
325385,325385,325389,4,0
325385,325385,325389,4,0
325385,325385,325389,4,0
325385,325385,325389,4,0
325385,325385,325389,4,0
325385,325385,325388,3,0
325385,325385,325389,4,0
325385,325385,325389,4,0
325385,325385,325389,4,0
325385,325385,325389,4,0
325385,325385,325389,4,0
325385,325385,325389,4,0
325385,325385,325389,4,0
325385,325385,325389,4,0
325385,325385,325390,5,0
325385,325385,325390,5,0
325385,325385,325390,5,0
325385,325385,325390,5,0
325385,325385,325390,5,0
325385,325385,325390,5,0
325385,325385,325389,4,0
325385,325385,325390,5,0
325385,325385,325389,4,0
325385,325385,325390,5,0
325385,325385,325390,5,0
325385,325385,325390,5,0
325385,325385,325390,5,0
325385,325385,325390,5,0
325385,325385,325390,5,0
325385,325385,325391,6,0
325385,325385,325391,6,0
325393,325393,325394,1,0
325393,325393,325395,2,0
325393,325393,325395,2,0
325393,325393,325395,2,0
325393,325393,325395,2,0
325393,325393,325395,2,0
325393,325393,325395,2,0
325393,325393,325395,2,0
325393,325393,325395,2,0
325393,325393,325395,2,0
325393,325393,325395,2,0
325393,325393,325395,2,0
325393,325393,325396,3,0
325393,325393,325395,2,0
325393,325393,325395,2,0
325393,325393,325395,2,0
325393,325393,325395,2,0
325393,325393,325395,2,0
325393,325393,325395,2,0
325393,325393,325395,2,0
325393,325393,325395,2,0
325393,325393,325395,2,0
325393,325393,325396,3,0
325393,325393,325396,3,0
325393,325393,325396,3,0
325393,325393,325397,4,0
325393,325393,325397,4,0
325393,325393,325397,4,0
325393,325393,325396,3,0
325393,325393,325396,3,0
325393,325393,325396,3,0
325393,325393,325396,3,0
325393,325393,325396,3,0
325393,325393,325396,3,0
325393,325393,325396,3,0
325393,325393,325396,3,0
325393,325393,325397,4,0
325393,325393,325396,3,0
325393,325393,325397,4,0
325393,325393,325396,3,0
325393,325393,325396,3,0
325393,325393,325396,3,0
325393,325393,325397,4,0
325393,325393,325396,3,0
325393,325393,325396,3,0
325393,325393,325397,4,0
325393,325393,325397,4,0
325393,325393,325397,4,0
325393,325393,325397,4,0
325393,325393,325397,4,0
325393,325393,325397,4,0
325393,325393,325397,4,0
325393,325393,325397,4,0
325393,325393,325397,4,0
325393,325393,325397,4,0
325399,325399,325402,3,0
325399,325399,325402,3,0
325399,325399,325402,3,0
325399,325399,325402,3,0
325399,325399,325402,3,0
325399,325399,325401,2,0
325399,325399,325402,3,0
325399,325399,325402,3,0
325399,325399,325402,3,0
325399,325399,325402,3,0
325399,325399,325402,3,0
325399,325399,325402,3,0
325399,325399,325402,3,0
325399,325399,325402,3,0
325399,325399,325402,3,0
325399,325399,325402,3,0
325399,325399,325402,3,0
325399,325399,325402,3,0
325399,325399,325403,4,0
325399,325399,325403,4,0
325399,325399,325403,4,0
325399,325399,325402,3,0
325399,325399,325403,4,0
325399,325399,325403,4,0
325399,325399,325403,4,0
325399,325399,325402,3,0
325399,325399,325403,4,0
325399,325399,325402,3,0
325399,325399,325403,4,0
325399,325399,325402,3,0
325399,325399,325402,3,0
325399,325399,325403,4,0
325399,325399,325402,3,0
325399,325399,325403,4,0
325399,325399,325402,3,0
325399,325399,325403,4,0
325399,325399,325402,3,0
325399,325399,325403,4,0
325399,325399,325403,4,0
325399,325399,325403,4,0
325399,325399,325403,4,0
325399,325399,325404,5,0
325399,325399,325403,4,0
325399,325399,325404,5,0
325399,325399,325404,5,0
325399,325399,325403,4,0
325399,325399,325404,5,0
325399,325399,325403,4,0
325399,325399,325404,5,0
325399,325399,325404,5,0
325399,325399,325404,5,0
325399,325399,325404,5,0
325399,325399,325404,5,0
325399,325399,325404,5,0
325399,325399,325404,5,0
325406,325407,325408,1,1
325406,325407,325409,2,1
325406,325407,325409,2,1
325406,325407,325409,2,1
325406,325407,325409,2,1
325406,325407,325409,2,1
325406,325407,325409,2,1
325406,325407,325409,2,1
325406,325407,325409,2,1
325406,325407,325409,2,1
325406,325407,325409,2,1
325406,325407,325409,2,1
325406,325407,325409,2,1
325406,325407,325409,2,1
325406,325407,325409,2,1
325406,325407,325410,3,1
325406,325407,325409,2,1
325406,325407,325409,2,1
325406,325407,325410,3,1
325406,325407,325410,3,1
325406,325407,325410,3,1
325406,325407,325411,4,1
325406,325407,325410,3,1
325406,325407,325410,3,1
325406,325407,325410,3,1
325406,325407,325410,3,1
325406,325407,325410,3,1
325406,325407,325410,3,1
325406,325407,325410,3,1
325406,325407,325410,3,1
325406,325407,325410,3,1
325406,325407,325410,3,1
325406,325407,325410,3,1
325406,325407,325411,4,1
325406,325407,325410,3,1
325406,325407,325410,3,1
325406,325407,325410,3,1
325406,325407,325410,3,1
325406,325407,325411,4,1
325406,325407,325411,4,1
325406,325407,325411,4,1
325406,325407,325412,5,1
325406,325407,325411,4,1
325406,325407,325412,5,1
325406,325407,325411,4,1
325406,325407,325411,4,1
325406,325407,325411,4,1
325406,325407,325411,4,1
325406,325407,325411,4,1
325406,325407,325411,4,1
325406,325407,325412,5,1
325406,325407,325411,4,1
325406,325407,325412,5,1
325406,325407,325412,5,1
325406,325407,325412,5,1
325414,325414,325417,3,0
325414,325414,325417,3,0
325414,325414,325417,3,0
325414,325414,325417,3,0
325414,325414,325417,3,0
325414,325414,325417,3,0
325414,325414,325417,3,0
325414,325414,325417,3,0
325414,325414,325417,3,0
325414,325414,325417,3,0
325414,325414,325417,3,0
325414,325414,325417,3,0
325414,325414,325417,3,0
325414,325414,325417,3,0
325414,325414,325417,3,0
325414,325414,325417,3,0
325414,325414,325417,3,0
325414,325414,325417,3,0
325414,325414,325418,4,0
325414,325414,325418,4,0
325414,325414,325418,4,0
325414,325414,325417,3,0
325414,325414,325418,4,0
325414,325414,325418,4,0
325414,325414,325417,3,0
325414,325414,325417,3,0
325414,325414,325418,4,0
325414,325414,325418,4,0
325414,325414,325418,4,0
325414,325414,325417,3,0
325414,325414,325418,4,0
325414,325414,325418,4,0
325414,325414,325419,5,0
325414,325414,325419,5,0
325414,325414,325419,5,0
325414,325414,325418,4,0
325414,325414,325419,5,0
325414,325414,325418,4,0
325414,325414,325419,5,0
325414,325414,325419,5,0
325414,325414,325419,5,0
325414,325414,325418,4,0
325414,325414,325419,5,0
325414,325414,325419,5,0
325414,325414,325419,5,0
325414,325414,325418,4,0
325414,325414,325419,5,0
325414,325414,325419,5,0
325414,325414,325418,4,0
325414,325414,325418,4,0
325414,325414,325419,5,0
325414,325414,325419,5,0
325414,325414,325419,5,0
325414,325414,325419,5,0
325414,325414,325419,5,0
325421,325421,325423,2,0
325421,325421,325424,3,0
325421,325421,325424,3,0
325421,325421,325424,3,0
325421,325421,325424,3,0
325421,325421,325424,3,0
325421,325421,325424,3,0
325421,325421,325424,3,0
325421,325421,325424,3,0
325421,325421,325424,3,0
325421,325421,325424,3,0
325421,325421,325424,3,0
325421,325421,325424,3,0
325421,325421,325424,3,0
325421,325421,325425,4,0
325421,325421,325425,4,0
325421,325421,325425,4,0
325421,325421,325425,4,0
325421,325421,325425,4,0
325421,325421,325425,4,0
325421,325421,325425,4,0
325421,325421,325425,4,0
325421,325421,325425,4,0
325421,325421,325424,3,0
325421,325421,325424,3,0
325421,325421,325425,4,0
325421,325421,325425,4,0
325421,325421,325425,4,0
325421,325421,325425,4,0
325421,325421,325425,4,0
325421,325421,325425,4,0
325421,325421,325425,4,0
325421,325421,325425,4,0
325421,325421,325425,4,0
325421,325421,325425,4,0
325421,325421,325426,5,0
325421,325421,325426,5,0
325421,325421,325426,5,0
325421,325421,325426,5,0
325421,325421,325426,5,0
325421,325421,325426,5,0
325421,325421,325426,5,0
325421,325421,325426,5,0
325421,325421,325425,4,0
325421,325421,325426,5,0
325421,325421,325426,5,0
325421,325421,325426,5,0
325421,325421,325426,5,0
325421,325421,325426,5,0
325421,325421,325426,5,0
325421,325421,325426,5,0
325421,325421,325426,5,0
325421,325421,325426,5,0
325421,325421,325426,5,0
325421,325421,325427,6,0
325429,325429,325431,2,0
325429,325429,325431,2,0
325429,325429,325431,2,0
325429,325429,325431,2,0
325429,325429,325431,2,0
325429,325429,325431,2,0
325429,325429,325431,2,0
325429,325429,325431,2,0
325429,325429,325431,2,0
325429,325429,325431,2,0
325429,325429,325431,2,0
325429,325429,325431,2,0
325429,325429,325431,2,0
325429,325429,325431,2,0
325429,325429,325432,3,0
325429,325429,325431,2,0
325429,325429,325431,2,0
325429,325429,325432,3,0
325429,325429,325431,2,0
325429,325429,325432,3,0
325429,325429,325433,4,0
325429,325429,325432,3,0
325429,325429,325433,4,0
325429,325429,325433,4,0
325429,325429,325432,3,0
325429,325429,325433,4,0
325429,325429,325432,3,0
325429,325429,325432,3,0
325429,325429,325433,4,0
325429,325429,325433,4,0
325429,325429,325432,3,0
325429,325429,325432,3,0
325429,325429,325432,3,0
325429,325429,325432,3,0
325429,325429,325432,3,0
325429,325429,325432,3,0
325429,325429,325432,3,0
325429,325429,325433,4,0
325429,325429,325432,3,0
325429,325429,325432,3,0
325429,325429,325432,3,0
325429,325429,325433,4,0
325429,325429,325433,4,0
325429,325429,325433,4,0
325429,325429,325433,4,0
325429,325429,325433,4,0
325429,325429,325433,4,0
325429,325429,325434,5,0
325429,325429,325433,4,0
325429,325429,325433,4,0
325429,325429,325433,4,0
325429,325429,325433,4,0
325429,325429,325434,5,0
325429,325429,325434,5,0
325429,325429,325434,5,0
325436,325436,325438,2,0
325436,325436,325439,3,0
325436,325436,325438,2,0
325436,325436,325439,3,0
325436,325436,325438,2,0
325436,325436,325439,3,0
325436,325436,325439,3,0
325436,325436,325438,2,0
325436,325436,325438,2,0
325436,325436,325439,3,0
325436,325436,325439,3,0
325436,325436,325439,3,0
325436,325436,325438,2,0
325436,325436,325438,2,0
325436,325436,325439,3,0
325436,325436,325439,3,0
325436,325436,325439,3,0
325436,325436,325440,4,0
325436,325436,325440,4,0
325436,325436,325440,4,0
325436,325436,325439,3,0
325436,325436,325440,4,0
325436,325436,325440,4,0
325436,325436,325439,3,0
325436,325436,325440,4,0
325436,325436,325440,4,0
325436,325436,325439,3,0
325436,325436,325440,4,0
325436,325436,325439,3,0
325436,325436,325440,4,0
325436,325436,325440,4,0
325436,325436,325440,4,0
325436,325436,325440,4,0
325436,325436,325440,4,0
325436,325436,325439,3,0
325436,325436,325440,4,0
325436,325436,325440,4,0
325436,325436,325440,4,0
325436,325436,325440,4,0
325436,325436,325440,4,0
325436,325436,325441,5,0
325436,325436,325441,5,0
325436,325436,325441,5,0
325436,325436,325441,5,0
325436,325436,325440,4,0
325436,325436,325441,5,0
325436,325436,325441,5,0
325436,325436,325441,5,0
325436,325436,325440,4,0
325436,325436,325441,5,0
325436,325436,325440,4,0
325436,325436,325441,5,0
325436,325436,325440,4,0
325436,325436,325441,5,0
325436,325436,325441,5,0
325443,325444,325446,2,1
325443,325444,325446,2,1
325443,325444,325446,2,1
325443,325444,325446,2,1
325443,325444,325447,3,1
325443,325444,325446,2,1
325443,325444,325446,2,1
325443,325444,325446,2,1
325443,325444,325446,2,1
325443,325444,325446,2,1
325443,325444,325446,2,1
325443,325444,325446,2,1
325443,325444,325446,2,1
325443,325444,325446,2,1
325443,325444,325447,3,1
325443,325444,325447,3,1
325443,325444,325447,3,1
325443,325444,325447,3,1
325443,325444,325448,4,1
325443,325444,325447,3,1
325443,325444,325447,3,1
325443,325444,325447,3,1
325443,325444,325448,4,1
325443,325444,325447,3,1
325443,325444,325448,4,1
325443,325444,325447,3,1
325443,325444,325447,3,1
325443,325444,325448,4,1
325443,325444,325448,4,1
325443,325444,325447,3,1
325443,325444,325447,3,1
325443,325444,325447,3,1
325443,325444,325447,3,1
325443,325444,325447,3,1
325443,325444,325448,4,1
325443,325444,325448,4,1
325443,325444,325448,4,1
325443,325444,325448,4,1
325443,325444,325448,4,1
325443,325444,325448,4,1
325443,325444,325448,4,1
325443,325444,325448,4,1
325443,325444,325448,4,1
325443,325444,325448,4,1
325443,325444,325448,4,1
325443,325444,325448,4,1
325443,325444,325449,5,1
325443,325444,325448,4,1
325443,325444,325448,4,1
325443,325444,325448,4,1
325443,325444,325448,4,1
325443,325444,325448,4,1
325443,325444,325449,5,1
325443,325444,325449,5,1
325443,325444,325449,5,1
325451,325451,325454,3,0
325451,325451,325454,3,0
325451,325451,325454,3,0
325451,325451,325454,3,0
325451,325451,325454,3,0
325451,325451,325454,3,0
325451,325451,325454,3,0
325451,325451,325454,3,0
325451,325451,325454,3,0
325451,325451,325454,3,0
325451,325451,325454,3,0
325451,325451,325454,3,0
325451,325451,325454,3,0
325451,325451,325454,3,0
325451,325451,325454,3,0
325451,325451,325454,3,0
325451,325451,325454,3,0
325451,325451,325455,4,0
325451,325451,325454,3,0
325451,325451,325455,4,0
325451,325451,325455,4,0
325451,325451,325455,4,0
325451,325451,325454,3,0
325451,325451,325454,3,0
325451,325451,325454,3,0
325451,325451,325455,4,0
325451,325451,325454,3,0
325451,325451,325455,4,0
325451,325451,325455,4,0
325451,325451,325454,3,0
325451,325451,325455,4,0
325451,325451,325455,4,0
325451,325451,325455,4,0
325451,325451,325455,4,0
325451,325451,325455,4,0
325451,325451,325455,4,0
325451,325451,325456,5,0
325451,325451,325456,5,0
325451,325451,325455,4,0
325451,325451,325455,4,0
325451,325451,325455,4,0
325451,325451,325455,4,0
325451,325451,325456,5,0
325451,325451,325456,5,0
325451,325451,325456,5,0
325451,325451,325456,5,0
325451,325451,325455,4,0
325451,325451,325455,4,0
325451,325451,325455,4,0
325451,325451,325456,5,0
325451,325451,325455,4,0
325451,325451,325456,5,0
325451,325451,325456,5,0
325451,325451,325457,6,0
325451,325451,325456,5,0
325503,325504,325506,2,1
325503,325504,325506,2,1
325503,325504,325506,2,1
325503,325504,325506,2,1
325503,325504,325507,3,1
325503,325504,325506,2,1
325503,325504,325506,2,1
325503,325504,325506,2,1
325503,325504,325506,2,1
325503,325504,325506,2,1
325503,325504,325506,2,1
325503,325504,325506,2,1
325503,325504,325506,2,1
325503,325504,325506,2,1
325503,325504,325506,2,1
325503,325504,325507,3,1
325503,325504,325507,3,1
325503,325504,325507,3,1
325503,325504,325507,3,1
325503,325504,325508,4,1
325503,325504,325507,3,1
325503,325504,325507,3,1
325503,325504,325507,3,1
325503,325504,325507,3,1
325503,325504,325507,3,1
325503,325504,325507,3,1
325503,325504,325507,3,1
325503,325504,325507,3,1
325503,325504,325507,3,1
325503,325504,325508,4,1
325503,325504,325507,3,1
325503,325504,325508,4,1
325503,325504,325508,4,1
325503,325504,325507,3,1
325503,325504,325508,4,1
325503,325504,325508,4,1
325503,325504,325508,4,1
325503,325504,325508,4,1
325503,325504,325508,4,1
325503,325504,325508,4,1
325503,325504,325508,4,1
325503,325504,325508,4,1
325503,325504,325508,4,1
325503,325504,325508,4,1
325503,325504,325509,5,1
325503,325504,325508,4,1
325503,325504,325509,5,1
325503,325504,325508,4,1
325503,325504,325508,4,1
325503,325504,325508,4,1
325503,325504,325509,5,1
325503,325504,325508,4,1
325503,325504,325509,5,1
325503,325504,325509,5,1
325503,325504,325509,5,1
325511,325511,325513,2,0
325511,325511,325514,3,0
325511,325511,325513,2,0
325511,325511,325513,2,0
325511,325511,325514,3,0
325511,325511,325514,3,0
325511,325511,325514,3,0
325511,325511,325514,3,0
325511,325511,325513,2,0
325511,325511,325514,3,0
325511,325511,325514,3,0
325511,325511,325513,2,0
325511,325511,325514,3,0
325511,325511,325514,3,0
325511,325511,325514,3,0
325511,325511,325514,3,0
325511,325511,325514,3,0
325511,325511,325515,4,0
325511,325511,325515,4,0
325511,325511,325515,4,0
325511,325511,325514,3,0
325511,325511,325515,4,0
325511,325511,325514,3,0
325511,325511,325515,4,0
325511,325511,325515,4,0
325511,325511,325514,3,0
325511,325511,325515,4,0
325511,325511,325515,4,0
325511,325511,325515,4,0
325511,325511,325515,4,0
325511,325511,325515,4,0
325511,325511,325516,5,0
325511,325511,325515,4,0
325511,325511,325516,5,0
325511,325511,325516,5,0
325511,325511,325515,4,0
325511,325511,325515,4,0
325511,325511,325515,4,0
325511,325511,325516,5,0
325511,325511,325515,4,0
325511,325511,325516,5,0
325511,325511,325516,5,0
325511,325511,325516,5,0
325511,325511,325515,4,0
325511,325511,325516,5,0
325511,325511,325516,5,0
325511,325511,325516,5,0
325511,325511,325516,5,0
325511,325511,325515,4,0
325511,325511,325515,4,0
325511,325511,325516,5,0
325511,325511,325517,6,0
325511,325511,325516,5,0
325511,325511,325517,6,0
325511,325511,325516,5,0
325518,325519,325521,2,1
325518,325519,325521,2,1
325518,325519,325521,2,1
325518,325519,325521,2,1
325518,325519,325522,3,1
325518,325519,325521,2,1
325518,325519,325521,2,1
325518,325519,325521,2,1
325518,325519,325522,3,1
325518,325519,325522,3,1
325518,325519,325521,2,1
325518,325519,325521,2,1
325518,325519,325521,2,1
325518,325519,325521,2,1
325518,325519,325521,2,1
325518,325519,325521,2,1
325518,325519,325521,2,1
325518,325519,325522,3,1
325518,325519,325522,3,1
325518,325519,325522,3,1
325518,325519,325522,3,1
325518,325519,325522,3,1
325518,325519,325522,3,1
325518,325519,325522,3,1
325518,325519,325522,3,1
325518,325519,325522,3,1
325518,325519,325522,3,1
325518,325519,325522,3,1
325518,325519,325523,4,1
325518,325519,325522,3,1
325518,325519,325522,3,1
325518,325519,325522,3,1
325518,325519,325522,3,1
325518,325519,325522,3,1
325518,325519,325522,3,1
325518,325519,325523,4,1
325518,325519,325523,4,1
325518,325519,325524,5,1
325518,325519,325523,4,1
325518,325519,325523,4,1
325518,325519,325523,4,1
325518,325519,325523,4,1
325518,325519,325523,4,1
325518,325519,325523,4,1
325518,325519,325523,4,1
325518,325519,325523,4,1
325518,325519,325523,4,1
325518,325519,325523,4,1
325518,325519,325523,4,1
325518,325519,325523,4,1
325518,325519,325523,4,1
325518,325519,325523,4,1
325518,325519,325524,5,1
325518,325519,325524,5,1
325518,325519,325524,5,1
325526,325526,325529,3,0
325526,325526,325529,3,0
325526,325526,325529,3,0
325526,325526,325529,3,0
325526,325526,325529,3,0
325526,325526,325529,3,0
325526,325526,325529,3,0
325526,325526,325529,3,0
325526,325526,325529,3,0
325526,325526,325529,3,0
325526,325526,325529,3,0
325526,325526,325529,3,0
325526,325526,325529,3,0
325526,325526,325529,3,0
325526,325526,325529,3,0
325526,325526,325529,3,0
325526,325526,325530,4,0
325526,325526,325529,3,0
325526,325526,325530,4,0
325526,325526,325530,4,0
325526,325526,325529,3,0
325526,325526,325529,3,0
325526,325526,325529,3,0
325526,325526,325530,4,0
325526,325526,325530,4,0
325526,325526,325529,3,0
325526,325526,325530,4,0
325526,325526,325529,3,0
325526,325526,325530,4,0
325526,325526,325529,3,0
325526,325526,325529,3,0
325526,325526,325530,4,0
325526,325526,325530,4,0
325526,325526,325530,4,0
325526,325526,325531,5,0
325526,325526,325530,4,0
325526,325526,325531,5,0
325526,325526,325530,4,0
325526,325526,325531,5,0
325526,325526,325531,5,0
325526,325526,325531,5,0
325526,325526,325530,4,0
325526,325526,325531,5,0
325526,325526,325530,4,0
325526,325526,325531,5,0
325526,325526,325530,4,0
325526,325526,325530,4,0
325526,325526,325530,4,0
325526,325526,325530,4,0
325526,325526,325531,5,0
325526,325526,325531,5,0
325526,325526,325532,6,0
325526,325526,325532,6,0
325526,325526,325532,6,0
325526,325526,325531,5,0
325533,325534,325536,2,1
325533,325534,325536,2,1
325533,325534,325536,2,1
325533,325534,325536,2,1
325533,325534,325536,2,1
325533,325534,325536,2,1
325533,325534,325536,2,1
325533,325534,325536,2,1
325533,325534,325536,2,1
325533,325534,325536,2,1
325533,325534,325536,2,1
325533,325534,325537,3,1
325533,325534,325537,3,1
325533,325534,325537,3,1
325533,325534,325537,3,1
325533,325534,325537,3,1
325533,325534,325537,3,1
325533,325534,325537,3,1
325533,325534,325537,3,1
325533,325534,325538,4,1
325533,325534,325537,3,1
325533,325534,325537,3,1
325533,325534,325537,3,1
325533,325534,325537,3,1
325533,325534,325537,3,1
325533,325534,325537,3,1
325533,325534,325537,3,1
325533,325533,325537,4,0
325533,325534,325537,3,1
325533,325534,325537,3,1
325533,325534,325537,3,1
325533,325534,325538,4,1
325533,325534,325538,4,1
325533,325534,325538,4,1
325533,325534,325538,4,1
325533,325534,325538,4,1
325533,325534,325538,4,1
325533,325534,325538,4,1
325533,325534,325538,4,1
325533,325534,325538,4,1
325533,325534,325538,4,1
325533,325534,325538,4,1
325533,325534,325538,4,1
325533,325534,325539,5,1
325533,325534,325538,4,1
325533,325534,325538,4,1
325533,325534,325538,4,1
325533,325534,325538,4,1
325533,325534,325538,4,1
325533,325534,325538,4,1
325533,325534,325538,4,1
325533,325534,325538,4,1
325533,325534,325539,5,1
325533,325534,325539,5,1
325533,325534,325539,5,1
325541,325541,325544,3,0
325541,325541,325544,3,0
325541,325541,325544,3,0
325541,325541,325543,2,0
325541,325541,325544,3,0
325541,325541,325543,2,0
325541,325541,325544,3,0
325541,325541,325544,3,0
325541,325541,325544,3,0
325541,325541,325544,3,0
325541,325541,325544,3,0
325541,325541,325544,3,0
325541,325541,325544,3,0
325541,325541,325544,3,0
325541,325541,325544,3,0
325541,325541,325544,3,0
325541,325541,325544,3,0
325541,325541,325544,3,0
325541,325541,325545,4,0
325541,325541,325544,3,0
325541,325541,325544,3,0
325541,325541,325544,3,0
325541,325541,325544,3,0
325541,325541,325545,4,0
325541,325541,325545,4,0
325541,325541,325544,3,0
325541,325541,325545,4,0
325541,325541,325544,3,0
325541,325541,325545,4,0
325541,325541,325544,3,0
325541,325541,325545,4,0
325541,325541,325545,4,0
325541,325541,325545,4,0
325541,325541,325545,4,0
325541,325541,325546,5,0
325541,325541,325545,4,0
325541,325541,325545,4,0
325541,325541,325546,5,0
325541,325541,325545,4,0
325541,325541,325545,4,0
325541,325541,325546,5,0
325541,325541,325545,4,0
325541,325541,325546,5,0
325541,325541,325545,4,0
325541,325541,325546,5,0
325541,325541,325545,4,0
325541,325541,325545,4,0
325541,325541,325545,4,0
325541,325541,325545,4,0
325541,325541,325546,5,0
325541,325541,325546,5,0
325541,325541,325546,5,0
325541,325541,325546,5,0
325541,325541,325547,6,0
325541,325541,325546,5,0
325548,325548,325551,3,0
325548,325548,325551,3,0
325548,325548,325550,2,0
325548,325548,325551,3,0
325548,325548,325551,3,0
325548,325548,325551,3,0
325548,325548,325551,3,0
325548,325548,325551,3,0
325548,325548,325551,3,0
325548,325548,325551,3,0
325548,325548,325551,3,0
325548,325548,325551,3,0
325548,325548,325551,3,0
325548,325548,325551,3,0
325548,325548,325551,3,0
325548,325548,325552,4,0
325548,325548,325552,4,0
325548,325548,325552,4,0
325548,325548,325552,4,0
325548,325548,325552,4,0
325548,325548,325552,4,0
325548,325548,325552,4,0
325548,325548,325552,4,0
325548,325548,325551,3,0
325548,325548,325552,4,0
325548,325548,325552,4,0
325548,325548,325552,4,0
325548,325548,325552,4,0
325548,325548,325552,4,0
325548,325548,325552,4,0
325548,325548,325552,4,0
325548,325548,325552,4,0
325548,325548,325552,4,0
325548,325548,325553,5,0
325548,325548,325552,4,0
325548,325548,325553,5,0
325548,325548,325552,4,0
325548,325548,325553,5,0
325548,325548,325553,5,0
325548,325548,325553,5,0
325548,325548,325553,5,0
325548,325548,325553,5,0
325548,325548,325552,4,0
325548,325548,325553,5,0
325548,325548,325553,5,0
325548,325548,325553,5,0
325548,325548,325553,5,0
325548,325548,325553,5,0
325548,325548,325552,4,0
325548,325548,325553,5,0
325548,325548,325553,5,0
325548,325548,325554,6,0
325548,325548,325553,5,0
325548,325548,325554,6,0
325548,325548,325554,6,0
325556,325556,325558,2,0
325556,325556,325558,2,0
325556,325556,325558,2,0
325556,325556,325559,3,0
325556,325556,325559,3,0
325556,325556,325558,2,0
325556,325556,325558,2,0
325556,325556,325558,2,0
325556,325556,325559,3,0
325556,325556,325559,3,0
325556,325556,325560,4,0
325556,325556,325560,4,0
325556,325556,325559,3,0
325556,325556,325559,3,0
325556,325556,325559,3,0
325556,325556,325559,3,0
325556,325556,325559,3,0
325556,325556,325559,3,0
325556,325556,325559,3,0
325556,325556,325560,4,0
325556,325556,325559,3,0
325556,325556,325559,3,0
325556,325556,325559,3,0
325556,325556,325559,3,0
325556,325556,325559,3,0
325556,325556,325559,3,0
325556,325556,325559,3,0
325556,325556,325560,4,0
325556,325556,325559,3,0
325556,325556,325559,3,0
325556,325556,325559,3,0
325556,325556,325559,3,0
325556,325556,325561,5,0
325556,325556,325560,4,0
325556,325556,325560,4,0
325556,325556,325560,4,0
325556,325556,325560,4,0
325556,325556,325561,5,0
325556,325556,325560,4,0
325556,325556,325560,4,0
325556,325556,325560,4,0
325556,325556,325561,5,0
325556,325556,325560,4,0
325556,325556,325560,4,0
325556,325556,325560,4,0
325556,325556,325560,4,0
325556,325556,325560,4,0
325556,325556,325560,4,0
325556,325556,325560,4,0
325556,325556,325561,5,0
325556,325556,325561,5,0
325556,325556,325561,5,0
325556,325556,325562,6,0
325556,325556,325562,6,0
325556,325556,325561,5,0
325563,325563,325566,3,0
325563,325563,325566,3,0
325563,325563,325566,3,0
325563,325563,325566,3,0
325563,325563,325566,3,0
325563,325563,325566,3,0
325563,325563,325566,3,0
325563,325563,325566,3,0
325563,325563,325566,3,0
325563,325563,325566,3,0
325563,325563,325566,3,0
325563,325563,325566,3,0
325563,325563,325566,3,0
325563,325563,325566,3,0
325563,325563,325566,3,0
325563,325563,325566,3,0
325563,325563,325566,3,0
325563,325563,325566,3,0
325563,325563,325567,4,0
325563,325563,325567,4,0
325563,325563,325566,3,0
325563,325563,325567,4,0
325563,325563,325566,3,0
325563,325563,325566,3,0
325563,325563,325567,4,0
325563,325563,325566,3,0
325563,325563,325566,3,0
325563,325563,325567,4,0
325563,325563,325567,4,0
325563,325563,325567,4,0
325563,325563,325567,4,0
325563,325563,325567,4,0
325563,325563,325567,4,0
325563,325563,325568,5,0
325563,325563,325567,4,0
325563,325563,325567,4,0
325563,325563,325567,4,0
325563,325563,325567,4,0
325563,325563,325567,4,0
325563,325563,325568,5,0
325563,325563,325568,5,0
325563,325563,325568,5,0
325563,325563,325567,4,0
325563,325563,325568,5,0
325563,325563,325568,5,0
325563,325563,325567,4,0
325563,325563,325568,5,0
325563,325563,325568,5,0
325563,325563,325567,4,0
325563,325563,325568,5,0
325563,325563,325567,4,0
325563,325563,325569,6,0
325563,325563,325568,5,0
325563,325563,325569,6,0
325563,325563,325569,6,0
325570,325571,325573,2,1
325570,325571,325573,2,1
325570,325571,325573,2,1
325570,325571,325573,2,1
325570,325571,325573,2,1
325570,325571,325573,2,1
325570,325571,325573,2,1
325570,325571,325573,2,1
325570,325571,325573,2,1
325570,325571,325573,2,1
325570,325571,325573,2,1
325570,325571,325573,2,1
325570,325571,325573,2,1
325570,325571,325573,2,1
325570,325571,325573,2,1
325570,325571,325573,2,1
325570,325571,325574,3,1
325570,325571,325574,3,1
325570,325571,325574,3,1
325570,325571,325574,3,1
325570,325571,325574,3,1
325570,325571,325574,3,1
325570,325571,325575,4,1
325570,325571,325574,3,1
325570,325571,325574,3,1
325570,325571,325575,4,1
325570,325571,325574,3,1
325570,325571,325574,3,1
325570,325571,325574,3,1
325570,325571,325574,3,1
325570,325571,325575,4,1
325570,325571,325574,3,1
325570,325571,325575,4,1
325570,325571,325575,4,1
325570,325571,325575,4,1
325570,325571,325575,4,1
325570,325571,325575,4,1
325570,325571,325575,4,1
325570,325571,325575,4,1
325570,325571,325576,5,1
325570,325571,325575,4,1
325570,325571,325575,4,1
325570,325571,325575,4,1
325570,325571,325575,4,1
325570,325571,325575,4,1
325570,325571,325576,5,1
325570,325571,325575,4,1
325570,325571,325575,4,1
325570,325571,325575,4,1
325570,325571,325575,4,1
325570,325571,325575,4,1
325570,325571,325575,4,1
325570,325571,325575,4,1
325570,325571,325576,5,1
325570,325571,325576,5,1
325578,325578,325581,3,0
325578,325578,325581,3,0
325578,325578,325581,3,0
325578,325578,325581,3,0
325578,325578,325581,3,0
325578,325578,325581,3,0
325578,325578,325581,3,0
325578,325578,325581,3,0
325578,325578,325581,3,0
325578,325578,325581,3,0
325578,325578,325581,3,0
325578,325578,325581,3,0
325578,325578,325581,3,0
325578,325578,325581,3,0
325578,325578,325581,3,0
325578,325578,325581,3,0
325578,325578,325582,4,0
325578,325578,325582,4,0
325578,325578,325581,3,0
325578,325578,325581,3,0
325578,325578,325581,3,0
325578,325578,325582,4,0
325578,325578,325582,4,0
325578,325578,325582,4,0
325578,325578,325581,3,0
325578,325578,325582,4,0
325578,325578,325582,4,0
325578,325578,325581,3,0
325578,325578,325581,3,0
325578,325578,325582,4,0
325578,325578,325582,4,0
325578,325578,325583,5,0
325578,325578,325583,5,0
325578,325578,325582,4,0
325578,325578,325582,4,0
325578,325578,325582,4,0
325578,325578,325582,4,0
325578,325578,325582,4,0
325578,325578,325582,4,0
325578,325578,325583,5,0
325578,325578,325582,4,0
325578,325578,325582,4,0
325578,325578,325582,4,0
325578,325578,325582,4,0
325578,325578,325582,4,0
325578,325578,325582,4,0
325578,325578,325583,5,0
325578,325578,325582,4,0
325578,325578,325583,5,0
325578,325578,325582,4,0
325578,325578,325583,5,0
325578,325578,325583,5,0
325578,325578,325583,5,0
325578,325578,325583,5,0
325578,325578,325584,6,0
325585,325585,325588,3,0
325585,325585,325588,3,0
325585,325585,325588,3,0
325585,325585,325588,3,0
325585,325585,325588,3,0
325585,325585,325588,3,0
325585,325585,325588,3,0
325585,325585,325588,3,0
325585,325585,325588,3,0
325585,325585,325588,3,0
325585,325585,325588,3,0
325585,325585,325588,3,0
325585,325585,325588,3,0
325585,325585,325588,3,0
325585,325585,325588,3,0
325585,325585,325589,4,0
325585,325585,325589,4,0
325585,325585,325589,4,0
325585,325585,325589,4,0
325585,325585,325588,3,0
325585,325585,325589,4,0
325585,325585,325589,4,0
325585,325585,325588,3,0
325585,325585,325589,4,0
325585,325585,325588,3,0
325585,325585,325589,4,0
325585,325585,325589,4,0
325585,325585,325589,4,0
325585,325585,325589,4,0
325585,325585,325589,4,0
325585,325585,325590,5,0
325585,325585,325590,5,0
325585,325585,325590,5,0
325585,325585,325590,5,0
325585,325585,325590,5,0
325585,325585,325590,5,0
325585,325585,325590,5,0
325585,325585,325590,5,0
325585,325585,325590,5,0
325585,325585,325590,5,0
325585,325585,325589,4,0
325585,325585,325590,5,0
325585,325585,325589,4,0
325585,325585,325589,4,0
325585,325585,325589,4,0
325585,325585,325590,5,0
325585,325585,325590,5,0
325585,325585,325590,5,0
325585,325585,325589,4,0
325585,325585,325590,5,0
325585,325585,325591,6,0
325585,325585,325591,6,0
325585,325585,325591,6,0
325585,325585,325591,6,0
325585,325585,325590,5,0
325593,325593,325595,2,0
325593,325593,325595,2,0
325593,325593,325595,2,0
325593,325593,325595,2,0
325593,325593,325595,2,0
325593,325593,325596,3,0
325593,325593,325595,2,0
325593,325593,325595,2,0
325593,325593,325595,2,0
325593,325593,325595,2,0
325593,325593,325596,3,0
325593,325593,325596,3,0
325593,325593,325595,2,0
325593,325593,325595,2,0
325593,325593,325596,3,0
325593,325593,325595,2,0
325593,325593,325596,3,0
325593,325593,325596,3,0
325593,325593,325595,2,0
325593,325593,325595,2,0
325593,325593,325595,2,0
325593,325593,325595,2,0
325593,325593,325596,3,0
325593,325593,325595,2,0
325593,325593,325595,2,0
325593,325593,325596,3,0
325593,325593,325597,4,0
325593,325593,325597,4,0
325593,325593,325596,3,0
325593,325593,325597,4,0
325593,325593,325597,4,0
325593,325593,325596,3,0
325593,325593,325596,3,0
325593,325593,325596,3,0
325593,325593,325596,3,0
325593,325593,325596,3,0
325593,325593,325597,4,0
325593,325593,325597,4,0
325593,325593,325596,3,0
325593,325593,325597,4,0
325593,325593,325597,4,0
325593,325593,325597,4,0
325593,325593,325596,3,0
325593,325593,325597,4,0
325593,325593,325597,4,0
325593,325593,325597,4,0
325593,325593,325597,4,0
325593,325593,325597,4,0
325593,325593,325597,4,0
325593,325593,325597,4,0
325593,325593,325598,5,0
325593,325593,325597,4,0
325593,325593,325597,4,0
325593,325593,325598,5,0
325593,325593,325597,4,0
325599,325599,325601,2,0
325599,325599,325602,3,0
325599,325599,325602,3,0
325599,325599,325602,3,0
325599,325599,325602,3,0
325599,325599,325602,3,0
325599,325599,325602,3,0
325599,325599,325602,3,0
325599,325599,325602,3,0
325599,325599,325602,3,0
325599,325599,325602,3,0
325599,325599,325602,3,0
325599,325599,325602,3,0
325599,325599,325602,3,0
325599,325599,325602,3,0
325599,325599,325602,3,0
325599,325599,325602,3,0
325599,325599,325602,3,0
325599,325599,325602,3,0
325599,325599,325602,3,0
325599,325599,325602,3,0
325599,325599,325601,2,0
325599,325599,325602,3,0
325599,325599,325602,3,0
325599,325599,325603,4,0
325599,325599,325603,4,0
325599,325599,325603,4,0
325599,325599,325603,4,0
325599,325599,325603,4,0
325599,325599,325603,4,0
325599,325599,325603,4,0
325599,325599,325603,4,0
325599,325599,325603,4,0
325599,325599,325603,4,0
325599,325599,325603,4,0
325599,325599,325603,4,0
325599,325599,325603,4,0
325599,325599,325603,4,0
325599,325599,325603,4,0
325599,325599,325603,4,0
325599,325599,325603,4,0
325599,325599,325603,4,0
325599,325599,325603,4,0
325599,325599,325603,4,0
325599,325599,325604,5,0
325599,325599,325604,5,0
325599,325599,325604,5,0
325599,325599,325603,4,0
325599,325599,325603,4,0
325599,325599,325604,5,0
325599,325599,325604,5,0
325599,325599,325604,5,0
325599,325599,325604,5,0
325599,325599,325604,5,0
325599,325599,325604,5,0
325606,325606,325607,1,0
325606,325606,325607,1,0
325606,325606,325607,1,0
325606,325606,325608,2,0
325606,325606,325608,2,0
325606,325606,325607,1,0
325606,325606,325608,2,0
325606,325606,325608,2,0
325606,325606,325608,2,0
325606,325606,325607,1,0
325606,325606,325608,2,0
325606,325606,325608,2,0
325606,325606,325608,2,0
325606,325606,325608,2,0
325606,325606,325609,3,0
325606,325606,325608,2,0
325606,325606,325608,2,0
325606,325606,325608,2,0
325606,325606,325608,2,0
325606,325606,325608,2,0
325606,325606,325608,2,0
325606,325606,325608,2,0
325606,325606,325608,2,0
325606,325606,325608,2,0
325606,325606,325608,2,0
325606,325606,325608,2,0
325606,325606,325608,2,0
325606,325606,325609,3,0
325606,325606,325609,3,0
325606,325606,325610,4,0
325606,325606,325609,3,0
325606,325606,325609,3,0
325606,325606,325609,3,0
325606,325606,325609,3,0
325606,325606,325610,4,0
325606,325606,325609,3,0
325606,325606,325609,3,0
325606,325606,325609,3,0
325606,325606,325609,3,0
325606,325606,325609,3,0
325606,325606,325609,3,0
325606,325606,325609,3,0
325606,325606,325609,3,0
325606,325606,325609,3,0
325606,325606,325610,4,0
325606,325606,325610,4,0
325606,325606,325609,3,0
325606,325606,325610,4,0
325606,325606,325610,4,0
325606,325606,325611,5,0
325606,325606,325610,4,0
325606,325606,325610,4,0
325606,325606,325610,4,0
325606,325606,325610,4,0
325606,325606,325610,4,0
325612,325612,325615,3,0
325612,325612,325615,3,0
325612,325612,325614,2,0
325612,325612,325615,3,0
325612,325612,325615,3,0
325612,325612,325615,3,0
325612,325612,325615,3,0
325612,325612,325615,3,0
325612,325612,325615,3,0
325612,325612,325615,3,0
325612,325612,325615,3,0
325612,325612,325615,3,0
325612,325612,325615,3,0
325612,325612,325615,3,0
325612,325612,325615,3,0
325612,325612,325615,3,0
325612,325612,325615,3,0
325612,325612,325615,3,0
325612,325612,325616,4,0
325612,325612,325616,4,0
325612,325612,325616,4,0
325612,325612,325615,3,0
325612,325612,325616,4,0
325612,325612,325616,4,0
325612,325612,325615,3,0
325612,325612,325616,4,0
325612,325612,325615,3,0
325612,325612,325616,4,0
325612,325612,325616,4,0
325612,325612,325616,4,0
325612,325612,325616,4,0
325612,325612,325616,4,0
325612,325612,325615,3,0
325612,325612,325616,4,0
325612,325612,325616,4,0
325612,325612,325616,4,0
325612,325612,325616,4,0
325612,325612,325617,5,0
325612,325612,325617,5,0
325612,325612,325616,4,0
325612,325612,325617,5,0
325612,325612,325617,5,0
325612,325612,325617,5,0
325612,325612,325617,5,0
325612,325612,325617,5,0
325612,325612,325617,5,0
325612,325612,325616,4,0
325612,325612,325616,4,0
325612,325612,325617,5,0
325612,325612,325616,4,0
325612,325612,325617,5,0
325612,325612,325617,5,0
325612,325612,325618,6,0
325612,325612,325618,6,0
325612,325612,325618,6,0
325771,325771,325774,3,0
325771,325771,325773,2,0
325771,325771,325774,3,0
325771,325771,325774,3,0
325771,325771,325773,2,0
325771,325771,325773,2,0
325771,325771,325774,3,0
325771,325771,325773,2,0
325771,325771,325773,2,0
325771,325771,325774,3,0
325771,325771,325774,3,0
325771,325771,325773,2,0
325771,325771,325774,3,0
325771,325771,325773,2,0
325771,325771,325773,2,0
325771,325771,325773,2,0
325771,325771,325774,3,0
325771,325771,325773,2,0
325771,325771,325773,2,0
325771,325771,325773,2,0
325771,325771,325773,2,0
325771,325771,325774,3,0
325771,325771,325774,3,0
325771,325771,325774,3,0
325771,325771,325775,4,0
325771,325771,325774,3,0
325771,325771,325774,3,0
325771,325771,325775,4,0
325771,325771,325775,4,0
325771,325771,325775,4,0
325771,325771,325774,3,0
325771,325771,325775,4,0
325771,325771,325775,4,0
325771,325771,325775,4,0
325771,325771,325774,3,0
325771,325771,325774,3,0
325771,325771,325774,3,0
325771,325771,325774,3,0
325771,325771,325775,4,0
325771,325771,325775,4,0
325771,325771,325776,5,0
325771,325771,325775,4,0
325771,325771,325776,5,0
325771,325771,325776,5,0
325771,325771,325775,4,0
325771,325771,325776,5,0
325771,325771,325775,4,0
325771,325771,325775,4,0
325771,325771,325775,4,0
325771,325771,325776,5,0
325771,325771,325775,4,0
325771,325771,325776,5,0
325771,325771,325776,5,0
325771,325771,325776,5,0
325771,325771,325776,5,0
325778,325778,325780,2,0
325778,325778,325780,2,0
325778,325778,325780,2,0
325778,325778,325780,2,0
325778,325778,325780,2,0
325778,325778,325780,2,0
325778,325778,325780,2,0
325778,325778,325780,2,0
325778,325778,325780,2,0
325778,325778,325780,2,0
325778,325778,325780,2,0
325778,325778,325780,2,0
325778,325778,325780,2,0
325778,325778,325780,2,0
325778,325778,325781,3,0
325778,325778,325781,3,0
325778,325778,325781,3,0
325778,325778,325781,3,0
325778,325778,325780,2,0
325778,325778,325781,3,0
325778,325778,325781,3,0
325778,325778,325781,3,0
325778,325778,325781,3,0
325778,325778,325781,3,0
325778,325778,325781,3,0
325778,325778,325781,3,0
325778,325778,325781,3,0
325778,325778,325781,3,0
325778,325778,325781,3,0
325778,325778,325782,4,0
325778,325778,325782,4,0
325778,325778,325782,4,0
325778,325778,325782,4,0
325778,325778,325782,4,0
325778,325778,325782,4,0
325778,325778,325781,3,0
325778,325778,325781,3,0
325778,325778,325782,4,0
325778,325778,325782,4,0
325778,325778,325782,4,0
325778,325778,325782,4,0
325778,325778,325782,4,0
325778,325778,325782,4,0
325778,325778,325782,4,0
325778,325778,325782,4,0
325778,325778,325781,3,0
325778,325778,325781,3,0
325778,325778,325782,4,0
325778,325778,325782,4,0
325778,325778,325782,4,0
325778,325778,325782,4,0
325778,325778,325782,4,0
325778,325778,325783,5,0
325778,325778,325783,5,0
325778,325778,325783,5,0
325785,325785,325787,2,0
325785,325785,325788,3,0
325785,325785,325787,2,0
325785,325785,325788,3,0
325785,325785,325787,2,0
325785,325785,325787,2,0
325785,325785,325787,2,0
325785,325785,325787,2,0
325785,325785,325788,3,0
325785,325785,325787,2,0
325785,325785,325787,2,0
325785,325785,325787,2,0
325785,325785,325787,2,0
325785,325785,325787,2,0
325785,325785,325788,3,0
325785,325785,325787,2,0
325785,325785,325787,2,0
325785,325785,325787,2,0
325785,325785,325787,2,0
325785,325785,325788,3,0
325785,325785,325788,3,0
325785,325785,325788,3,0
325785,325785,325789,4,0
325785,325785,325788,3,0
325785,325785,325788,3,0
325785,325785,325788,3,0
325785,325785,325789,4,0
325785,325785,325788,3,0
325785,325785,325788,3,0
325785,325785,325789,4,0
325785,325785,325789,4,0
325785,325785,325788,3,0
325785,325785,325789,4,0
325785,325785,325788,3,0
325785,325785,325788,3,0
325785,325785,325788,3,0
325785,325785,325789,4,0
325785,325785,325788,3,0
325785,325785,325789,4,0
325785,325785,325788,3,0
325785,325785,325788,3,0
325785,325785,325788,3,0
325785,325785,325788,3,0
325785,325785,325790,5,0
325785,325785,325789,4,0
325785,325785,325789,4,0
325785,325785,325789,4,0
325785,325785,325790,5,0
325785,325785,325789,4,0
325785,325785,325790,5,0
325785,325785,325789,4,0
325785,325785,325789,4,0
325785,325785,325790,5,0
325785,325785,325789,4,0
325785,325785,325790,5,0
325792,325792,325794,2,0
325792,325792,325794,2,0
325792,325792,325794,2,0
325792,325792,325795,3,0
325792,325792,325794,2,0
325792,325792,325795,3,0
325792,325792,325795,3,0
325792,325792,325794,2,0
325792,325792,325795,3,0
325792,325792,325794,2,0
325792,325792,325794,2,0
325792,325792,325795,3,0
325792,325792,325795,3,0
325792,325792,325795,3,0
325792,325792,325795,3,0
325792,325792,325795,3,0
325792,325792,325794,2,0
325792,325792,325795,3,0
325792,325792,325795,3,0
325792,325792,325795,3,0
325792,325792,325795,3,0
325792,325792,325794,2,0
325792,325792,325794,2,0
325792,325792,325795,3,0
325792,325792,325795,3,0
325792,325792,325794,2,0
325792,325792,325795,3,0
325792,325792,325794,2,0
325792,325792,325796,4,0
325792,325792,325796,4,0
325792,325792,325796,4,0
325792,325792,325795,3,0
325792,325792,325796,4,0
325792,325792,325796,4,0
325792,325792,325796,4,0
325792,325792,325795,3,0
325792,325792,325795,3,0
325792,325792,325796,4,0
325792,325792,325796,4,0
325792,325792,325796,4,0
325792,325792,325795,3,0
325792,325792,325796,4,0
325792,325792,325796,4,0
325792,325792,325796,4,0
325792,325792,325796,4,0
325792,325792,325796,4,0
325792,325792,325796,4,0
325792,325792,325797,5,0
325792,325792,325797,5,0
325792,325792,325797,5,0
325792,325792,325797,5,0
325792,325792,325796,4,0
325792,325792,325796,4,0
325792,325792,325797,5,0
325792,325792,325796,4,0
325798,325799,325801,2,1
325798,325799,325801,2,1
325798,325799,325801,2,1
325798,325799,325801,2,1
325798,325799,325801,2,1
325798,325799,325801,2,1
325798,325799,325801,2,1
325798,325799,325801,2,1
325798,325799,325801,2,1
325798,325799,325801,2,1
325798,325799,325801,2,1
325798,325799,325801,2,1
325798,325799,325801,2,1
325798,325799,325801,2,1
325798,325799,325801,2,1
325798,325799,325801,2,1
325798,325799,325801,2,1
325798,325799,325801,2,1
325798,325799,325801,2,1
325798,325799,325801,2,1
325798,325799,325801,2,1
325798,325799,325802,3,1
325798,325799,325802,3,1
325798,325799,325802,3,1
325798,325799,325802,3,1
325798,325799,325802,3,1
325798,325799,325802,3,1
325798,325799,325802,3,1
325798,325799,325802,3,1
325798,325799,325802,3,1
325798,325799,325802,3,1
325798,325799,325802,3,1
325798,325799,325802,3,1
325798,325799,325802,3,1
325798,325799,325803,4,1
325798,325799,325803,4,1
325798,325799,325802,3,1
325798,325799,325802,3,1
325798,325799,325803,4,1
325798,325799,325802,3,1
325798,325799,325803,4,1
325798,325799,325803,4,1
325798,325799,325803,4,1
325798,325799,325803,4,1
325798,325799,325803,4,1
325798,325799,325803,4,1
325798,325799,325803,4,1
325798,325799,325803,4,1
325798,325799,325803,4,1
325798,325799,325803,4,1
325798,325799,325803,4,1
325798,325799,325803,4,1
325798,325799,325803,4,1
325798,325799,325803,4,1
325798,325799,325804,5,1
325806,325806,325808,2,0
325806,325806,325808,2,0
325806,325806,325808,2,0
325806,325806,325808,2,0
325806,325806,325808,2,0
325806,325806,325808,2,0
325806,325806,325808,2,0
325806,325806,325809,3,0
325806,325806,325808,2,0
325806,325806,325808,2,0
325806,325806,325808,2,0
325806,325806,325808,2,0
325806,325806,325808,2,0
325806,325806,325809,3,0
325806,325806,325808,2,0
325806,325806,325808,2,0
325806,325806,325808,2,0
325806,325806,325809,3,0
325806,325806,325808,2,0
325806,325806,325808,2,0
325806,325806,325809,3,0
325806,325806,325808,2,0
325806,325806,325808,2,0
325806,325806,325809,3,0
325806,325806,325808,2,0
325806,325806,325808,2,0
325806,325806,325808,2,0
325806,325806,325808,2,0
325806,325806,325808,2,0
325806,325806,325808,2,0
325806,325806,325809,3,0
325806,325806,325809,3,0
325806,325806,325809,3,0
325806,325806,325809,3,0
325806,325806,325809,3,0
325806,325806,325809,3,0
325806,325806,325810,4,0
325806,325806,325810,4,0
325806,325806,325809,3,0
325806,325806,325810,4,0
325806,325806,325809,3,0
325806,325806,325810,4,0
325806,325806,325809,3,0
325806,325806,325810,4,0
325806,325806,325809,3,0
325806,325806,325810,4,0
325806,325806,325809,3,0
325806,325806,325809,3,0
325806,325806,325810,4,0
325806,325806,325810,4,0
325806,325806,325810,4,0
325806,325806,325810,4,0
325806,325806,325810,4,0
325806,325806,325810,4,0
325806,325806,325811,5,0
325813,325813,325815,2,0
325813,325813,325815,2,0
325813,325813,325815,2,0
325813,325813,325815,2,0
325813,325813,325815,2,0
325813,325813,325815,2,0
325813,325813,325815,2,0
325813,325813,325815,2,0
325813,325813,325815,2,0
325813,325813,325815,2,0
325813,325813,325815,2,0
325813,325813,325816,3,0
325813,325813,325816,3,0
325813,325813,325815,2,0
325813,325813,325815,2,0
325813,325813,325815,2,0
325813,325813,325816,3,0
325813,325813,325815,2,0
325813,325813,325815,2,0
325813,325813,325816,3,0
325813,325813,325816,3,0
325813,325813,325816,3,0
325813,325813,325815,2,0
325813,325813,325816,3,0
325813,325813,325815,2,0
325813,325813,325816,3,0
325813,325813,325815,2,0
325813,325813,325815,2,0
325813,325813,325816,3,0
325813,325813,325815,2,0
325813,325813,325815,2,0
325813,325813,325816,3,0
325813,325813,325816,3,0
325813,325813,325816,3,0
325813,325813,325816,3,0
325813,325813,325817,4,0
325813,325813,325816,3,0
325813,325813,325817,4,0
325813,325813,325817,4,0
325813,325813,325817,4,0
325813,325813,325816,3,0
325813,325813,325817,4,0
325813,325813,325817,4,0
325813,325813,325817,4,0
325813,325813,325816,3,0
325813,325813,325817,4,0
325813,325813,325816,3,0
325813,325813,325816,3,0
325813,325813,325817,4,0
325813,325813,325818,5,0
325813,325813,325817,4,0
325813,325813,325817,4,0
325813,325813,325817,4,0
325813,325813,325817,4,0
325813,325813,325817,4,0
325819,325820,325821,1,1
325819,325820,325821,1,1
325819,325820,325821,1,1
325819,325820,325821,1,1
325819,325820,325821,1,1
325819,325820,325822,2,1
325819,325820,325821,1,1
325819,325820,325822,2,1
325819,325820,325821,1,1
325819,325820,325821,1,1
325819,325820,325821,1,1
325819,325820,325822,2,1
325819,325820,325823,3,1
325819,325820,325822,2,1
325819,325820,325822,2,1
325819,325820,325822,2,1
325819,325820,325822,2,1
325819,325820,325822,2,1
325819,325820,325822,2,1
325819,325820,325822,2,1
325819,325820,325822,2,1
325819,325820,325822,2,1
325819,325820,325822,2,1
325819,325820,325822,2,1
325819,325820,325822,2,1
325819,325820,325822,2,1
325819,325820,325822,2,1
325819,325820,325822,2,1
325819,325820,325822,2,1
325819,325820,325822,2,1
325819,325820,325822,2,1
325819,325820,325822,2,1
325819,325820,325822,2,1
325819,325820,325822,2,1
325819,325820,325823,3,1
325819,325820,325823,3,1
325819,325820,325823,3,1
325819,325820,325823,3,1
325819,325820,325823,3,1
325819,325820,325823,3,1
325819,325820,325823,3,1
325819,325820,325823,3,1
325819,325820,325823,3,1
325819,325820,325823,3,1
325819,325820,325823,3,1
325819,325820,325823,3,1
325819,325820,325823,3,1
325819,325820,325823,3,1
325819,325820,325823,3,1
325819,325820,325823,3,1
325819,325820,325823,3,1
325819,325820,325824,4,1
325819,325820,325824,4,1
325819,325820,325824,4,1
325819,325820,325824,4,1
325826,325826,325828,2,0
325826,325826,325828,2,0
325826,325826,325828,2,0
325826,325826,325828,2,0
325826,325826,325828,2,0
325826,325826,325828,2,0
325826,325826,325828,2,0
325826,325826,325828,2,0
325826,325826,325828,2,0
325826,325826,325828,2,0
325826,325826,325828,2,0
325826,325826,325828,2,0
325826,325826,325828,2,0
325826,325826,325829,3,0
325826,325826,325828,2,0
325826,325826,325828,2,0
325826,325826,325828,2,0
325826,325826,325828,2,0
325826,325826,325828,2,0
325826,325826,325828,2,0
325826,325826,325828,2,0
325826,325826,325828,2,0
325826,325826,325829,3,0
325826,325826,325828,2,0
325826,325826,325828,2,0
325826,325826,325828,2,0
325826,325826,325828,2,0
325826,325826,325828,2,0
325826,325826,325828,2,0
325826,325826,325828,2,0
325826,325826,325829,3,0
325826,325826,325830,4,0
325826,325826,325829,3,0
325826,325826,325829,3,0
325826,325826,325829,3,0
325826,325826,325830,4,0
325826,325826,325829,3,0
325826,325826,325830,4,0
325826,325826,325829,3,0
325826,325826,325829,3,0
325826,325826,325830,4,0
325826,325826,325829,3,0
325826,325826,325829,3,0
325826,325826,325830,4,0
325826,325826,325830,4,0
325826,325826,325829,3,0
325826,325826,325830,4,0
325826,325826,325830,4,0
325826,325826,325829,3,0
325826,325826,325830,4,0
325826,325826,325829,3,0
325826,325826,325830,4,0
325826,325826,325830,4,0
325826,325826,325830,4,0
325826,325826,325830,4,0
325832,325832,325834,2,0
325832,325832,325835,3,0
325832,325832,325835,3,0
325832,325832,325835,3,0
325832,325832,325835,3,0
325832,325832,325835,3,0
325832,325832,325835,3,0
325832,325832,325835,3,0
325832,325832,325835,3,0
325832,325832,325834,2,0
325832,325832,325835,3,0
325832,325832,325835,3,0
325832,325832,325835,3,0
325832,325832,325835,3,0
325832,325832,325835,3,0
325832,325832,325835,3,0
325832,325832,325835,3,0
325832,325832,325835,3,0
325832,325832,325836,4,0
325832,325832,325836,4,0
325832,325832,325836,4,0
325832,325832,325835,3,0
325832,325832,325836,4,0
325832,325832,325836,4,0
325832,325832,325835,3,0
325832,325832,325836,4,0
325832,325832,325836,4,0
325832,325832,325836,4,0
325832,325832,325836,4,0
325832,325832,325836,4,0
325832,325832,325836,4,0
325832,325832,325836,4,0
325832,325832,325836,4,0
325832,325832,325836,4,0
325832,325832,325835,3,0
325832,325832,325836,4,0
325832,325832,325835,3,0
325832,325832,325836,4,0
325832,325832,325836,4,0
325832,325832,325835,3,0
325832,325832,325836,4,0
325832,325832,325836,4,0
325832,325832,325836,4,0
325832,325832,325836,4,0
325832,325832,325836,4,0
325832,325832,325836,4,0
325832,325832,325837,5,0
325832,325832,325837,5,0
325832,325832,325837,5,0
325832,325832,325837,5,0
325832,325832,325837,5,0
325832,325832,325837,5,0
325832,325832,325837,5,0
325832,325832,325837,5,0
325832,325832,325837,5,0
325839,325839,325840,1,0
325839,325839,325841,2,0
325839,325839,325842,3,0
325839,325839,325841,2,0
325839,325839,325841,2,0
325839,325839,325841,2,0
325839,325839,325841,2,0
325839,325839,325841,2,0
325839,325839,325841,2,0
325839,325839,325841,2,0
325839,325839,325841,2,0
325839,325839,325841,2,0
325839,325839,325841,2,0
325839,325839,325841,2,0
325839,325839,325841,2,0
325839,325839,325842,3,0
325839,325839,325841,2,0
325839,325839,325841,2,0
325839,325839,325842,3,0
325839,325839,325841,2,0
325839,325839,325842,3,0
325839,325839,325842,3,0
325839,325839,325842,3,0
325839,325839,325841,2,0
325839,325839,325841,2,0
325839,325839,325842,3,0
325839,325839,325842,3,0
325839,325839,325842,3,0
325839,325839,325843,4,0
325839,325839,325842,3,0
325839,325839,325842,3,0
325839,325839,325842,3,0
325839,325839,325843,4,0
325839,325839,325843,4,0
325839,325839,325843,4,0
325839,325839,325843,4,0
325839,325839,325842,3,0
325839,325839,325842,3,0
325839,325839,325842,3,0
325839,325839,325842,3,0
325839,325839,325843,4,0
325839,325839,325842,3,0
325839,325839,325842,3,0
325839,325839,325843,4,0
325839,325839,325844,5,0
325839,325839,325843,4,0
325839,325839,325843,4,0
325839,325839,325843,4,0
325839,325839,325843,4,0
325839,325839,325843,4,0
325839,325839,325843,4,0
325839,325839,325844,5,0
325839,325839,325844,5,0
325839,325839,325843,4,0
325839,325839,325843,4,0
325845,325845,325848,3,0
325845,325845,325848,3,0
325845,325845,325848,3,0
325845,325845,325848,3,0
325845,325845,325848,3,0
325845,325845,325848,3,0
325845,325845,325848,3,0
325845,325845,325848,3,0
325845,325845,325848,3,0
325845,325845,325848,3,0
325845,325845,325848,3,0
325845,325845,325848,3,0
325845,325845,325848,3,0
325845,325845,325848,3,0
325845,325845,325848,3,0
325845,325845,325848,3,0
325845,325845,325849,4,0
325845,325845,325849,4,0
325845,325845,325849,4,0
325845,325845,325849,4,0
325845,325845,325849,4,0
325845,325845,325849,4,0
325845,325845,325849,4,0
325845,325845,325849,4,0
325845,325845,325849,4,0
325845,325845,325849,4,0
325845,325845,325849,4,0
325845,325845,325848,3,0
325845,325845,325849,4,0
325845,325845,325848,3,0
325845,325845,325849,4,0
325845,325845,325849,4,0
325845,325845,325849,4,0
325845,325845,325849,4,0
325845,325845,325849,4,0
325845,325845,325849,4,0
325845,325845,325848,3,0
325845,325845,325849,4,0
325845,325845,325849,4,0
325845,325845,325850,5,0
325845,325845,325850,5,0
325845,325845,325850,5,0
325845,325845,325850,5,0
325845,325845,325850,5,0
325845,325845,325850,5,0
325845,325845,325850,5,0
325845,325845,325850,5,0
325845,325845,325850,5,0
325845,325845,325850,5,0
325845,325845,325850,5,0
325845,325845,325850,5,0
325845,325845,325850,5,0
325845,325845,325851,6,0
325845,325845,325851,6,0
325845,325845,325851,6,0
325853,325853,325854,1,0
325853,325853,325855,2,0
325853,325853,325855,2,0
325853,325853,325856,3,0
325853,325853,325855,2,0
325853,325853,325856,3,0
325853,325853,325855,2,0
325853,325853,325856,3,0
325853,325853,325855,2,0
325853,325853,325856,3,0
325853,325853,325856,3,0
325853,325853,325855,2,0
325853,325853,325856,3,0
325853,325853,325855,2,0
325853,325853,325855,2,0
325853,325853,325856,3,0
325853,325853,325855,2,0
325853,325853,325856,3,0
325853,325853,325856,3,0
325853,325853,325855,2,0
325853,325853,325855,2,0
325853,325853,325855,2,0
325853,325853,325856,3,0
325853,325853,325856,3,0
325853,325853,325856,3,0
325853,325853,325856,3,0
325853,325853,325857,4,0
325853,325853,325857,4,0
325853,325853,325856,3,0
325853,325853,325856,3,0
325853,325853,325857,4,0
325853,325853,325856,3,0
325853,325853,325856,3,0
325853,325853,325856,3,0
325853,325853,325857,4,0
325853,325853,325856,3,0
325853,325853,325857,4,0
325853,325853,325857,4,0
325853,325853,325856,3,0
325853,325853,325856,3,0
325853,325853,325856,3,0
325853,325853,325857,4,0
325853,325853,325857,4,0
325853,325853,325856,3,0
325853,325853,325857,4,0
325853,325853,325857,4,0
325853,325853,325857,4,0
325853,325853,325857,4,0
325853,325853,325857,4,0
325853,325853,325857,4,0
325853,325853,325857,4,0
325853,325853,325858,5,0
325853,325853,325857,4,0
325853,325853,325858,5,0
325853,325853,325858,5,0
325860,325860,325862,2,0
325860,325860,325863,3,0
325860,325860,325862,2,0
325860,325860,325863,3,0
325860,325860,325863,3,0
325860,325860,325863,3,0
325860,325860,325862,2,0
325860,325860,325863,3,0
325860,325860,325862,2,0
325860,325860,325862,2,0
325860,325860,325862,2,0
325860,325860,325863,3,0
325860,325860,325862,2,0
325860,325860,325862,2,0
325860,325860,325863,3,0
325860,325860,325863,3,0
325860,325860,325863,3,0
325860,325860,325863,3,0
325860,325860,325863,3,0
325860,325860,325863,3,0
325860,325860,325863,3,0
325860,325860,325864,4,0
325860,325860,325864,4,0
325860,325860,325864,4,0
325860,325860,325863,3,0
325860,325860,325864,4,0
325860,325860,325864,4,0
325860,325860,325864,4,0
325860,325860,325863,3,0
325860,325860,325864,4,0
325860,325860,325864,4,0
325860,325860,325863,3,0
325860,325860,325864,4,0
325860,325860,325863,3,0
325860,325860,325864,4,0
325860,325860,325863,3,0
325860,325860,325864,4,0
325860,325860,325863,3,0
325860,325860,325864,4,0
325860,325860,325864,4,0
325860,325860,325864,4,0
325860,325860,325864,4,0
325860,325860,325864,4,0
325860,325860,325865,5,0
325860,325860,325864,4,0
325860,325860,325865,5,0
325860,325860,325864,4,0
325860,325860,325864,4,0
325860,325860,325865,5,0
325860,325860,325865,5,0
325860,325860,325865,5,0
325860,325860,325864,4,0
325860,325860,325865,5,0
325860,325860,325865,5,0
325860,325860,325864,4,0
325867,325867,325869,2,0
325867,325867,325869,2,0
325867,325867,325869,2,0
325867,325867,325869,2,0
325867,325867,325869,2,0
325867,325867,325870,3,0
325867,325867,325869,2,0
325867,325867,325870,3,0
325867,325867,325869,2,0
325867,325867,325870,3,0
325867,325867,325869,2,0
325867,325867,325869,2,0
325867,325867,325869,2,0
325867,325867,325869,2,0
325867,325867,325869,2,0
325867,325867,325869,2,0
325867,325867,325869,2,0
325867,325867,325869,2,0
325867,325867,325869,2,0
325867,325867,325870,3,0
325867,325867,325869,2,0
325867,325867,325870,3,0
325867,325867,325871,4,0
325867,325867,325870,3,0
325867,325867,325870,3,0
325867,325867,325870,3,0
325867,325867,325870,3,0
325867,325867,325871,4,0
325867,325867,325871,4,0
325867,325867,325870,3,0
325867,325867,325871,4,0
325867,325867,325871,4,0
325867,325867,325871,4,0
325867,325867,325870,3,0
325867,325867,325871,4,0
325867,325867,325870,3,0
325867,325867,325870,3,0
325867,325867,325871,4,0
325867,325867,325870,3,0
325867,325867,325870,3,0
325867,325867,325871,4,0
325867,325867,325871,4,0
325867,325867,325870,3,0
325867,325867,325871,4,0
325867,325867,325871,4,0
325867,325867,325871,4,0
325867,325867,325871,4,0
325867,325867,325872,5,0
325867,325867,325871,4,0
325867,325867,325871,4,0
325867,325867,325872,5,0
325867,325867,325871,4,0
325867,325867,325872,5,0
325867,325867,325871,4,0
325867,325867,325872,5,0
325873,325873,325875,2,0
325873,325873,325875,2,0
325873,325873,325876,3,0
325873,325873,325876,3,0
325873,325873,325876,3,0
325873,325873,325876,3,0
325873,325873,325876,3,0
325873,325873,325876,3,0
325873,325873,325876,3,0
325873,325873,325876,3,0
325873,325873,325876,3,0
325873,325873,325876,3,0
325873,325873,325876,3,0
325873,325873,325876,3,0
325873,325873,325875,2,0
325873,325873,325876,3,0
325873,325873,325876,3,0
325873,325873,325875,2,0
325873,325873,325876,3,0
325873,325873,325877,4,0
325873,325873,325877,4,0
325873,325873,325876,3,0
325873,325873,325876,3,0
325873,325873,325876,3,0
325873,325873,325877,4,0
325873,325873,325876,3,0
325873,325873,325877,4,0
325873,325873,325876,3,0
325873,325873,325877,4,0
325873,325873,325876,3,0
325873,325873,325876,3,0
325873,325873,325877,4,0
325873,325873,325877,4,0
325873,325873,325876,3,0
325873,325873,325877,4,0
325873,325873,325877,4,0
325873,325873,325877,4,0
325873,325873,325877,4,0
325873,325873,325877,4,0
325873,325873,325877,4,0
325873,325873,325877,4,0
325873,325873,325878,5,0
325873,325873,325878,5,0
325873,325873,325878,5,0
325873,325873,325877,4,0
325873,325873,325878,5,0
325873,325873,325877,4,0
325873,325873,325877,4,0
325873,325873,325878,5,0
325873,325873,325877,4,0
325873,325873,325878,5,0
325873,325873,325878,5,0
325873,325873,325878,5,0
325873,325873,325878,5,0
325873,325873,325878,5,0
326454,326454,326456,2,0
326454,326454,326456,2,0
326454,326454,326456,2,0
326454,326455,326456,1,1
326454,326455,326457,2,1
326454,326454,326457,3,0
326454,326454,326457,3,0
326454,326455,326457,2,1
326454,326454,326457,3,0
326454,326455,326457,2,1
326454,326454,326457,3,0
326454,326455,326457,2,1
326454,326454,326457,3,0
326454,326455,326457,2,1
326454,326455,326457,2,1
326454,326455,326457,2,1
326454,326454,326457,3,0
326454,326455,326457,2,1
326454,326454,326457,3,0
326454,326454,326457,3,0
326454,326455,326457,2,1
326454,326454,326457,3,0
326454,326454,326457,3,0
326454,326455,326457,2,1
326454,326454,326458,4,0
326454,326454,326458,4,0
326454,326454,326458,4,0
326454,326454,326458,4,0
326454,326454,326458,4,0
326454,326454,326458,4,0
326454,326454,326458,4,0
326454,326454,326458,4,0
326454,326454,326458,4,0
326454,326454,326458,4,0
326454,326455,326458,3,1
326454,326455,326458,3,1
326454,326455,326458,3,1
326454,326454,326458,4,0
326454,326455,326458,3,1
326454,326455,326458,3,1
326454,326455,326458,3,1
326454,326454,326458,4,0
326454,326455,326459,4,1
326454,326455,326458,3,1
326454,326454,326459,5,0
326454,326454,326459,5,0
326454,326454,326459,5,0
326454,326454,326459,5,0
326454,326454,326459,5,0
326454,326455,326459,4,1
326454,326455,326459,4,1
326454,326455,326459,4,1
326454,326454,326459,5,0
326454,326455,326459,4,1
326454,326454,326460,6,0
326462,326462,326464,2,0
326462,326462,326464,2,0
326462,326462,326464,2,0
326462,326462,326464,2,0
326462,326462,326464,2,0
326462,326462,326464,2,0
326462,326462,326464,2,0
326462,326462,326465,3,0
326462,326462,326464,2,0
326462,326462,326465,3,0
326462,326462,326465,3,0
326462,326462,326465,3,0
326462,326462,326465,3,0
326462,326462,326464,2,0
326462,326462,326465,3,0
326462,326462,326465,3,0
326462,326462,326464,2,0
326462,326462,326465,3,0
326462,326462,326465,3,0
326462,326462,326464,2,0
326462,326462,326465,3,0
326462,326462,326464,2,0
326462,326462,326464,2,0
326462,326462,326464,2,0
326462,326462,326465,3,0
326462,326462,326465,3,0
326462,326462,326466,4,0
326462,326462,326466,4,0
326462,326462,326466,4,0
326462,326462,326466,4,0
326462,326462,326466,4,0
326462,326462,326466,4,0
326462,326462,326465,3,0
326462,326462,326466,4,0
326462,326462,326466,4,0
326462,326462,326465,3,0
326462,326462,326465,3,0
326462,326462,326466,4,0
326462,326462,326466,4,0
326462,326462,326465,3,0
326462,326462,326466,4,0
326462,326462,326465,3,0
326462,326462,326465,3,0
326462,326462,326466,4,0
326462,326462,326465,3,0
326462,326462,326466,4,0
326462,326462,326466,4,0
326462,326462,326466,4,0
326462,326462,326467,5,0
326462,326462,326466,4,0
326462,326462,326467,5,0
326462,326462,326466,4,0
326462,326462,326466,4,0
326462,326462,326467,5,0
326462,326462,326467,5,0
326469,326470,326471,1,1
326469,326470,326471,1,1
326469,326470,326471,1,1
326469,326470,326471,1,1
326469,326469,326471,2,0
326469,326470,326471,1,1
326469,326470,326471,1,1
326469,326470,326471,1,1
326469,326470,326471,1,1
326469,326470,326471,1,1
326469,326470,326472,2,1
326469,326470,326472,2,1
326469,326470,326472,2,1
326469,326470,326472,2,1
326469,326470,326472,2,1
326469,326470,326472,2,1
326469,326470,326472,2,1
326469,326470,326472,2,1
326469,326470,326472,2,1
326469,326470,326472,2,1
326469,326470,326472,2,1
326469,326470,326472,2,1
326469,326470,326472,2,1
326469,326470,326472,2,1
326469,326470,326472,2,1
326469,326470,326473,3,1
326469,326470,326473,3,1
326469,326470,326472,2,1
326469,326470,326473,3,1
326469,326470,326473,3,1
326469,326470,326473,3,1
326469,326470,326473,3,1
326469,326470,326473,3,1
326469,326470,326473,3,1
326469,326470,326473,3,1
326469,326470,326473,3,1
326469,326470,326473,3,1
326469,326470,326473,3,1
326469,326470,326473,3,1
326469,326470,326473,3,1
326469,326470,326474,4,1
326469,326470,326473,3,1
326469,326470,326473,3,1
326469,326470,326473,3,1
326469,326470,326473,3,1
326469,326470,326473,3,1
326469,326470,326474,4,1
326469,326470,326474,4,1
326469,326470,326474,4,1
326469,326470,326474,4,1
326469,326470,326474,4,1
326469,326470,326474,4,1
326469,326470,326474,4,1
326469,326470,326474,4,1
326469,326470,326475,5,1
326477,326477,326479,2,0
326477,326477,326479,2,0
326477,326477,326479,2,0
326477,326477,326479,2,0
326477,326477,326479,2,0
326477,326477,326479,2,0
326477,326477,326479,2,0
326477,326477,326479,2,0
326477,326477,326479,2,0
326477,326477,326480,3,0
326477,326477,326480,3,0
326477,326477,326479,2,0
326477,326477,326480,3,0
326477,326477,326480,3,0
326477,326477,326480,3,0
326477,326477,326480,3,0
326477,326477,326480,3,0
326477,326477,326480,3,0
326477,326477,326479,2,0
326477,326477,326480,3,0
326477,326477,326480,3,0
326477,326477,326480,3,0
326477,326477,326480,3,0
326477,326477,326480,3,0
326477,326477,326480,3,0
326477,326477,326480,3,0
326477,326477,326480,3,0
326477,326477,326480,3,0
326477,326477,326480,3,0
326477,326477,326481,4,0
326477,326477,326481,4,0
326477,326477,326481,4,0
326477,326477,326481,4,0
326477,326477,326481,4,0
326477,326477,326481,4,0
326477,326477,326480,3,0
326477,326477,326481,4,0
326477,326477,326481,4,0
326477,326477,326481,4,0
326477,326477,326481,4,0
326477,326477,326481,4,0
326477,326477,326481,4,0
326477,326477,326481,4,0
326477,326477,326481,4,0
326477,326477,326481,4,0
326477,326477,326481,4,0
326477,326477,326481,4,0
326477,326477,326481,4,0
326477,326477,326481,4,0
326477,326477,326482,5,0
326477,326477,326482,5,0
326477,326477,326482,5,0
326477,326477,326482,5,0
326477,326477,326482,5,0
326477,326477,326481,4,0
326484,326484,326485,1,0
326484,326484,326485,1,0
326484,326484,326485,1,0
326484,326484,326485,1,0
326484,326484,326485,1,0
326484,326484,326486,2,0
326484,326484,326486,2,0
326484,326484,326486,2,0
326484,326484,326486,2,0
326484,326484,326486,2,0
326484,326484,326486,2,0
326484,326484,326487,3,0
326484,326484,326486,2,0
326484,326484,326487,3,0
326484,326484,326486,2,0
326484,326484,326486,2,0
326484,326484,326486,2,0
326484,326484,326486,2,0
326484,326484,326487,3,0
326484,326484,326486,2,0
326484,326484,326486,2,0
326484,326484,326486,2,0
326484,326484,326487,3,0
326484,326484,326486,2,0
326484,326484,326486,2,0
326484,326484,326486,2,0
326484,326484,326486,2,0
326484,326484,326487,3,0
326484,326484,326487,3,0
326484,326484,326487,3,0
326484,326484,326488,4,0
326484,326484,326487,3,0
326484,326484,326487,3,0
326484,326484,326488,4,0
326484,326484,326487,3,0
326484,326484,326487,3,0
326484,326484,326487,3,0
326484,326484,326487,3,0
326484,326484,326487,3,0
326484,326484,326487,3,0
326484,326484,326487,3,0
326484,326484,326488,4,0
326484,326484,326488,4,0
326484,326484,326487,3,0
326484,326484,326487,3,0
326484,326484,326487,3,0
326484,326484,326488,4,0
326484,326484,326487,3,0
326484,326484,326487,3,0
326484,326484,326488,4,0
326484,326484,326488,4,0
326484,326484,326488,4,0
326484,326484,326488,4,0
326484,326484,326489,5,0
326484,326484,326488,4,0
326490,326490,326493,3,0
326490,326490,326493,3,0
326490,326490,326493,3,0
326490,326490,326493,3,0
326490,326490,326493,3,0
326490,326490,326493,3,0
326490,326490,326493,3,0
326490,326490,326493,3,0
326490,326490,326493,3,0
326490,326490,326493,3,0
326490,326490,326493,3,0
326490,326490,326493,3,0
326490,326490,326493,3,0
326490,326490,326493,3,0
326490,326490,326494,4,0
326490,326490,326494,4,0
326490,326490,326493,3,0
326490,326490,326494,4,0
326490,326490,326494,4,0
326490,326490,326493,3,0
326490,326490,326494,4,0
326490,326490,326493,3,0
326490,326490,326494,4,0
326490,326490,326494,4,0
326490,326490,326494,4,0
326490,326490,326494,4,0
326490,326490,326494,4,0
326490,326490,326494,4,0
326490,326490,326494,4,0
326490,326490,326493,3,0
326490,326490,326494,4,0
326490,326490,326493,3,0
326490,326490,326494,4,0
326490,326490,326494,4,0
326490,326490,326494,4,0
326490,326490,326494,4,0
326490,326490,326494,4,0
326490,326490,326494,4,0
326490,326490,326494,4,0
326490,326490,326494,4,0
326490,326490,326495,5,0
326490,326490,326494,4,0
326490,326490,326495,5,0
326490,326490,326494,4,0
326490,326490,326495,5,0
326490,326490,326495,5,0
326490,326490,326494,4,0
326490,326490,326494,4,0
326490,326490,326495,5,0
326490,326490,326495,5,0
326490,326490,326495,5,0
326490,326490,326495,5,0
326490,326490,326496,6,0
326490,326490,326496,6,0
326490,326490,326496,6,0
326498,326498,326500,2,0
326498,326498,326500,2,0
326498,326498,326500,2,0
326498,326498,326500,2,0
326498,326498,326501,3,0
326498,326498,326500,2,0
326498,326498,326500,2,0
326498,326498,326501,3,0
326498,326498,326500,2,0
326498,326498,326500,2,0
326498,326498,326500,2,0
326498,326498,326500,2,0
326498,326498,326500,2,0
326498,326498,326500,2,0
326498,326498,326501,3,0
326498,326498,326500,2,0
326498,326498,326501,3,0
326498,326498,326501,3,0
326498,326498,326500,2,0
326498,326498,326501,3,0
326498,326498,326501,3,0
326498,326498,326501,3,0
326498,326498,326501,3,0
326498,326498,326502,4,0
326498,326498,326501,3,0
326498,326498,326501,3,0
326498,326498,326501,3,0
326498,326498,326501,3,0
326498,326498,326501,3,0
326498,326498,326501,3,0
326498,326498,326502,4,0
326498,326498,326501,3,0
326498,326498,326501,3,0
326498,326498,326501,3,0
326498,326498,326501,3,0
326498,326498,326502,4,0
326498,326498,326502,4,0
326498,326498,326501,3,0
326498,326498,326502,4,0
326498,326498,326502,4,0
326498,326498,326501,3,0
326498,326498,326501,3,0
326498,326498,326502,4,0
326498,326498,326502,4,0
326498,326498,326502,4,0
326498,326498,326502,4,0
326498,326498,326503,5,0
326498,326498,326503,5,0
326498,326498,326502,4,0
326498,326498,326502,4,0
326498,326498,326502,4,0
326498,326498,326503,5,0
326498,326498,326502,4,0
326498,326498,326502,4,0
326498,326498,326503,5,0
326505,326505,326507,2,0
326505,326505,326508,3,0
326505,326505,326508,3,0
326505,326505,326508,3,0
326505,326505,326508,3,0
326505,326505,326508,3,0
326505,326505,326508,3,0
326505,326505,326508,3,0
326505,326505,326508,3,0
326505,326505,326508,3,0
326505,326505,326508,3,0
326505,326505,326508,3,0
326505,326505,326508,3,0
326505,326505,326508,3,0
326505,326505,326508,3,0
326505,326505,326508,3,0
326505,326505,326508,3,0
326505,326505,326508,3,0
326505,326505,326508,3,0
326505,326505,326509,4,0
326505,326505,326509,4,0
326505,326505,326509,4,0
326505,326505,326508,3,0
326505,326505,326509,4,0
326505,326505,326508,3,0
326505,326505,326509,4,0
326505,326505,326508,3,0
326505,326505,326509,4,0
326505,326505,326509,4,0
326505,326505,326509,4,0
326505,326505,326509,4,0
326505,326505,326509,4,0
326505,326505,326509,4,0
326505,326505,326509,4,0
326505,326505,326509,4,0
326505,326505,326509,4,0
326505,326505,326508,3,0
326505,326505,326509,4,0
326505,326505,326509,4,0
326505,326505,326509,4,0
326505,326505,326510,5,0
326505,326505,326510,5,0
326505,326505,326510,5,0
326505,326505,326509,4,0
326505,326505,326510,5,0
326505,326505,326510,5,0
326505,326505,326510,5,0
326505,326505,326510,5,0
326505,326505,326510,5,0
326505,326505,326510,5,0
326505,326505,326510,5,0
326505,326505,326509,4,0
326505,326505,326510,5,0
326505,326505,326510,5,0
326505,326505,326510,5,0
326513,326513,326514,1,0
326513,326513,326514,1,0
326513,326513,326514,1,0
326513,326513,326514,1,0
326513,326513,326514,1,0
326513,326513,326515,2,0
326513,326513,326514,1,0
326513,326513,326515,2,0
326513,326513,326516,3,0
326513,326513,326516,3,0
326513,326513,326515,2,0
326513,326513,326515,2,0
326513,326513,326515,2,0
326513,326513,326515,2,0
326513,326513,326516,3,0
326513,326513,326515,2,0
326513,326513,326515,2,0
326513,326513,326515,2,0
326513,326513,326515,2,0
326513,326513,326515,2,0
326513,326513,326515,2,0
326513,326513,326515,2,0
326513,326513,326515,2,0
326513,326513,326516,3,0
326513,326513,326515,2,0
326513,326513,326515,2,0
326513,326513,326515,2,0
326513,326513,326515,2,0
326513,326513,326515,2,0
326513,326513,326516,3,0
326513,326513,326517,4,0
326513,326513,326516,3,0
326513,326513,326516,3,0
326513,326513,326516,3,0
326513,326513,326516,3,0
326513,326513,326516,3,0
326513,326513,326516,3,0
326513,326513,326516,3,0
326513,326513,326516,3,0
326513,326513,326516,3,0
326513,326513,326517,4,0
326513,326513,326516,3,0
326513,326513,326516,3,0
326513,326513,326516,3,0
326513,326513,326516,3,0
326513,326513,326516,3,0
326513,326513,326516,3,0
326513,326513,326516,3,0
326513,326513,326517,4,0
326513,326513,326516,3,0
326513,326513,326517,4,0
326513,326513,326517,4,0
326513,326513,326517,4,0
326513,326513,326517,4,0
326513,326513,326517,4,0
326519,326519,326521,2,0
326519,326519,326522,3,0
326519,326519,326522,3,0
326519,326519,326521,2,0
326519,326519,326522,3,0
326519,326519,326522,3,0
326519,326519,326521,2,0
326519,326519,326522,3,0
326519,326519,326521,2,0
326519,326519,326521,2,0
326519,326519,326522,3,0
326519,326519,326521,2,0
326519,326519,326522,3,0
326519,326519,326522,3,0
326519,326519,326522,3,0
326519,326519,326522,3,0
326519,326519,326522,3,0
326519,326519,326522,3,0
326519,326519,326522,3,0
326519,326519,326521,2,0
326519,326519,326522,3,0
326519,326519,326523,4,0
326519,326519,326523,4,0
326519,326519,326523,4,0
326519,326519,326522,3,0
326519,326519,326523,4,0
326519,326519,326523,4,0
326519,326519,326523,4,0
326519,326519,326523,4,0
326519,326519,326522,3,0
326519,326519,326523,4,0
326519,326519,326522,3,0
326519,326519,326523,4,0
326519,326519,326523,4,0
326519,326519,326523,4,0
326519,326519,326523,4,0
326519,326519,326523,4,0
326519,326519,326523,4,0
326519,326519,326523,4,0
326519,326519,326523,4,0
326519,326519,326523,4,0
326519,326519,326522,3,0
326519,326519,326524,5,0
326519,326519,326523,4,0
326519,326519,326524,5,0
326519,326519,326523,4,0
326519,326519,326524,5,0
326519,326519,326524,5,0
326519,326519,326524,5,0
326519,326519,326524,5,0
326519,326519,326523,4,0
326519,326519,326523,4,0
326519,326519,326524,5,0
326519,326519,326524,5,0
326519,326519,326525,6,0
326527,326527,326529,2,0
326527,326527,326529,2,0
326527,326527,326528,1,0
326527,326527,326529,2,0
326527,326527,326529,2,0
326527,326527,326529,2,0
326527,326527,326529,2,0
326527,326527,326529,2,0
326527,326527,326529,2,0
326527,326527,326529,2,0
326527,326527,326529,2,0
326527,326527,326529,2,0
326527,326527,326529,2,0
326527,326527,326529,2,0
326527,326527,326530,3,0
326527,326527,326529,2,0
326527,326527,326529,2,0
326527,326527,326530,3,0
326527,326527,326529,2,0
326527,326527,326529,2,0
326527,326527,326529,2,0
326527,326527,326529,2,0
326527,326527,326530,3,0
326527,326527,326529,2,0
326527,326527,326530,3,0
326527,326527,326530,3,0
326527,326527,326530,3,0
326527,326527,326530,3,0
326527,326527,326530,3,0
326527,326527,326531,4,0
326527,326527,326530,3,0
326527,326527,326530,3,0
326527,326527,326530,3,0
326527,326527,326530,3,0
326527,326527,326530,3,0
326527,326527,326530,3,0
326527,326527,326530,3,0
326527,326527,326531,4,0
326527,326527,326530,3,0
326527,326527,326530,3,0
326527,326527,326530,3,0
326527,326527,326530,3,0
326527,326527,326530,3,0
326527,326527,326531,4,0
326527,326527,326530,3,0
326527,326527,326530,3,0
326527,326527,326530,3,0
326527,326527,326531,4,0
326527,326527,326530,3,0
326527,326527,326532,5,0
326527,326527,326531,4,0
326527,326527,326532,5,0
326527,326527,326531,4,0
326527,326527,326531,4,0
326527,326527,326532,5,0
326534,326534,326537,3,0
326534,326534,326537,3,0
326534,326534,326536,2,0
326534,326534,326537,3,0
326534,326534,326537,3,0
326534,326534,326537,3,0
326534,326534,326537,3,0
326534,326534,326537,3,0
326534,326534,326537,3,0
326534,326534,326536,2,0
326534,326534,326537,3,0
326534,326534,326536,2,0
326534,326534,326537,3,0
326534,326534,326537,3,0
326534,326534,326537,3,0
326534,326534,326537,3,0
326534,326534,326537,3,0
326534,326534,326537,3,0
326534,326534,326537,3,0
326534,326534,326538,4,0
326534,326534,326537,3,0
326534,326534,326538,4,0
326534,326534,326538,4,0
326534,326534,326538,4,0
326534,326534,326538,4,0
326534,326534,326538,4,0
326534,326534,326538,4,0
326534,326534,326538,4,0
326534,326534,326538,4,0
326534,326534,326537,3,0
326534,326534,326538,4,0
326534,326534,326538,4,0
326534,326534,326538,4,0
326534,326534,326538,4,0
326534,326534,326537,3,0
326534,326534,326538,4,0
326534,326534,326537,3,0
326534,326534,326538,4,0
326534,326534,326538,4,0
326534,326534,326539,5,0
326534,326534,326539,5,0
326534,326534,326538,4,0
326534,326534,326539,5,0
326534,326534,326538,4,0
326534,326534,326539,5,0
326534,326534,326538,4,0
326534,326534,326538,4,0
326534,326534,326539,5,0
326534,326534,326539,5,0
326534,326534,326538,4,0
326534,326534,326538,4,0
326534,326534,326539,5,0
326534,326534,326539,5,0
326534,326534,326539,5,0
326534,326534,326538,4,0
326540,326541,326543,2,1
326540,326541,326543,2,1
326540,326541,326543,2,1
326540,326541,326543,2,1
326540,326541,326543,2,1
326540,326541,326544,3,1
326540,326541,326543,2,1
326540,326541,326543,2,1
326540,326541,326543,2,1
326540,326541,326543,2,1
326540,326541,326543,2,1
326540,326541,326543,2,1
326540,326541,326543,2,1
326540,326541,326543,2,1
326540,326541,326543,2,1
326540,326541,326543,2,1
326540,326541,326543,2,1
326540,326541,326544,3,1
326540,326541,326543,2,1
326540,326541,326543,2,1
326540,326541,326544,3,1
326540,326541,326544,3,1
326540,326541,326544,3,1
326540,326541,326544,3,1
326540,326541,326544,3,1
326540,326541,326544,3,1
326540,326541,326544,3,1
326540,326541,326544,3,1
326540,326541,326544,3,1
326540,326541,326544,3,1
326540,326541,326544,3,1
326540,326541,326544,3,1
326540,326541,326544,3,1
326540,326541,326544,3,1
326540,326541,326544,3,1
326540,326541,326544,3,1
326540,326541,326545,4,1
326540,326541,326545,4,1
326540,326541,326545,4,1
326540,326541,326545,4,1
326540,326541,326545,4,1
326540,326541,326545,4,1
326540,326541,326545,4,1
326540,326541,326545,4,1
326540,326541,326545,4,1
326540,326541,326546,5,1
326540,326541,326545,4,1
326540,326541,326545,4,1
326540,326541,326546,5,1
326540,326541,326546,5,1
326540,326541,326545,4,1
326540,326541,326545,4,1
326540,326541,326545,4,1
326540,326541,326545,4,1
326540,326541,326546,5,1
326548,326548,326550,2,0
326548,326548,326550,2,0
326548,326548,326550,2,0
326548,326548,326550,2,0
326548,326548,326550,2,0
326548,326548,326550,2,0
326548,326548,326550,2,0
326548,326548,326550,2,0
326548,326548,326550,2,0
326548,326548,326550,2,0
326548,326548,326550,2,0
326548,326548,326550,2,0
326548,326548,326550,2,0
326548,326548,326551,3,0
326548,326548,326550,2,0
326548,326548,326550,2,0
326548,326548,326551,3,0
326548,326548,326551,3,0
326548,326548,326551,3,0
326548,326548,326550,2,0
326548,326548,326550,2,0
326548,326548,326550,2,0
326548,326548,326551,3,0
326548,326548,326550,2,0
326548,326548,326550,2,0
326548,326548,326551,3,0
326548,326548,326551,3,0
326548,326548,326550,2,0
326548,326548,326551,3,0
326548,326548,326550,2,0
326548,326548,326551,3,0
326548,326548,326552,4,0
326548,326548,326551,3,0
326548,326548,326552,4,0
326548,326548,326552,4,0
326548,326548,326551,3,0
326548,326548,326552,4,0
326548,326548,326551,3,0
326548,326548,326551,3,0
326548,326548,326552,4,0
326548,326548,326552,4,0
326548,326548,326551,3,0
326548,326548,326552,4,0
326548,326548,326551,3,0
326548,326548,326552,4,0
326548,326548,326552,4,0
326548,326548,326552,4,0
326548,326548,326551,3,0
326548,326548,326552,4,0
326548,326548,326552,4,0
326548,326548,326553,5,0
326548,326548,326552,4,0
326548,326548,326552,4,0
326548,326548,326552,4,0
326548,326548,326552,4,0
326554,326554,326556,2,0
326554,326554,326556,2,0
326554,326554,326556,2,0
326554,326554,326556,2,0
326554,326554,326556,2,0
326554,326554,326556,2,0
326554,326554,326556,2,0
326554,326554,326556,2,0
326554,326554,326556,2,0
326554,326554,326556,2,0
326554,326554,326556,2,0
326554,326554,326556,2,0
326554,326554,326556,2,0
326554,326554,326556,2,0
326554,326554,326557,3,0
326554,326554,326557,3,0
326554,326554,326557,3,0
326554,326554,326557,3,0
326554,326554,326557,3,0
326554,326554,326556,2,0
326554,326554,326557,3,0
326554,326554,326557,3,0
326554,326554,326557,3,0
326554,326554,326557,3,0
326554,326554,326557,3,0
326554,326554,326556,2,0
326554,326554,326557,3,0
326554,326554,326557,3,0
326554,326554,326557,3,0
326554,326554,326556,2,0
326554,326554,326557,3,0
326554,326554,326556,2,0
326554,326554,326557,3,0
326554,326554,326557,3,0
326554,326554,326557,3,0
326554,326554,326558,4,0
326554,326554,326558,4,0
326554,326554,326558,4,0
326554,326554,326558,4,0
326554,326554,326558,4,0
326554,326554,326558,4,0
326554,326554,326558,4,0
326554,326554,326558,4,0
326554,326554,326558,4,0
326554,326554,326558,4,0
326554,326554,326558,4,0
326554,326554,326558,4,0
326554,326554,326558,4,0
326554,326554,326558,4,0
326554,326554,326558,4,0
326554,326554,326558,4,0
326554,326554,326558,4,0
326554,326554,326558,4,0
326554,326554,326558,4,0
326554,326554,326558,4,0
326561,326561,326562,1,0
326561,326561,326562,1,0
326561,326561,326562,1,0
326561,326561,326562,1,0
326561,326561,326562,1,0
326561,326561,326562,1,0
326561,326561,326563,2,0
326561,326561,326563,2,0
326561,326561,326562,1,0
326561,326561,326562,1,0
326561,326561,326562,1,0
326561,326561,326563,2,0
326561,326561,326562,1,0
326561,326561,326564,3,0
326561,326561,326564,3,0
326561,326561,326563,2,0
326561,326561,326563,2,0
326561,326561,326564,3,0
326561,326561,326564,3,0
326561,326561,326563,2,0
326561,326561,326563,2,0
326561,326561,326563,2,0
326561,326561,326563,2,0
326561,326561,326564,3,0
326561,326561,326563,2,0
326561,326561,326564,3,0
326561,326561,326563,2,0
326561,326561,326563,2,0
326561,326561,326564,3,0
326561,326561,326563,2,0
326561,326561,326563,2,0
326561,326561,326563,2,0
326561,326561,326564,3,0
326561,326561,326564,3,0
326561,326561,326564,3,0
326561,326561,326564,3,0
326561,326561,326564,3,0
326561,326561,326565,4,0
326561,326561,326564,3,0
326561,326561,326564,3,0
326561,326561,326564,3,0
326561,326561,326565,4,0
326561,326561,326564,3,0
326561,326561,326564,3,0
326561,326561,326564,3,0
326561,326561,326565,4,0
326561,326561,326565,4,0
326561,326561,326564,3,0
326561,326561,326564,3,0
326561,326561,326565,4,0
326561,326561,326564,3,0
326561,326561,326564,3,0
326561,326561,326564,3,0
326561,326561,326565,4,0
326561,326561,326564,3,0
329161,329161,329164,3,0
329161,329161,329163,2,0
329161,329161,329163,2,0
329161,329161,329163,2,0
329161,329161,329163,2,0
329161,329161,329163,2,0
329161,329161,329163,2,0
329161,329161,329163,2,0
329161,329161,329163,2,0
329161,329161,329163,2,0
329161,329161,329163,2,0
329161,329161,329163,2,0
329161,329161,329163,2,0
329161,329161,329163,2,0
329161,329161,329163,2,0
329161,329161,329163,2,0
329161,329161,329164,3,0
329161,329161,329163,2,0
329161,329161,329164,3,0
329161,329161,329165,4,0
329161,329161,329164,3,0
329161,329161,329164,3,0
329161,329161,329164,3,0
329161,329161,329164,3,0
329161,329161,329164,3,0
329161,329161,329164,3,0
329161,329161,329165,4,0
329161,329161,329164,3,0
329161,329161,329164,3,0
329161,329161,329165,4,0
329161,329161,329165,4,0
329161,329161,329164,3,0
329161,329161,329164,3,0
329161,329161,329164,3,0
329161,329161,329164,3,0
329161,329161,329165,4,0
329161,329161,329165,4,0
329161,329161,329165,4,0
329161,329161,329165,4,0
329161,329161,329166,5,0
329161,329161,329165,4,0
329161,329161,329165,4,0
329161,329161,329166,5,0
329161,329161,329165,4,0
329161,329161,329165,4,0
329161,329161,329165,4,0
329161,329161,329166,5,0
329161,329161,329165,4,0
329161,329161,329165,4,0
329161,329161,329165,4,0
329161,329161,329165,4,0
329161,329161,329166,5,0
329161,329161,329166,5,0
329161,329161,329166,5,0
329161,329161,329167,6,0
329169,329169,329171,2,0
329169,329169,329171,2,0
329169,329169,329172,3,0
329169,329169,329172,3,0
329169,329169,329171,2,0
329169,329169,329171,2,0
329169,329169,329172,3,0
329169,329169,329171,2,0
329169,329169,329171,2,0
329169,329169,329171,2,0
329169,329169,329171,2,0
329169,329169,329171,2,0
329169,329169,329172,3,0
329169,329169,329171,2,0
329169,329169,329172,3,0
329169,329169,329171,2,0
329169,329169,329171,2,0
329169,329169,329172,3,0
329169,329169,329171,2,0
329169,329169,329171,2,0
329169,329169,329172,3,0
329169,329169,329172,3,0
329169,329169,329173,4,0
329169,329169,329173,4,0
329169,329169,329173,4,0
329169,329169,329173,4,0
329169,329169,329172,3,0
329169,329169,329173,4,0
329169,329169,329173,4,0
329169,329169,329173,4,0
329169,329169,329173,4,0
329169,329169,329172,3,0
329169,329169,329173,4,0
329169,329169,329173,4,0
329169,329169,329172,3,0
329169,329169,329173,4,0
329169,329169,329173,4,0
329169,329169,329172,3,0
329169,329169,329173,4,0
329169,329169,329172,3,0
329169,329169,329173,4,0
329169,329169,329173,4,0
329169,329169,329172,3,0
329169,329169,329173,4,0
329169,329169,329173,4,0
329169,329169,329173,4,0
329169,329169,329173,4,0
329169,329169,329174,5,0
329169,329169,329174,5,0
329169,329169,329174,5,0
329169,329169,329174,5,0
329169,329169,329174,5,0
329169,329169,329174,5,0
329169,329169,329174,5,0
329169,329169,329174,5,0
329176,329176,329178,2,0
329176,329176,329178,2,0
329176,329176,329178,2,0
329176,329176,329178,2,0
329176,329176,329178,2,0
329176,329176,329178,2,0
329176,329176,329178,2,0
329176,329176,329178,2,0
329176,329176,329178,2,0
329176,329176,329178,2,0
329176,329176,329178,2,0
329176,329176,329178,2,0
329176,329176,329179,3,0
329176,329176,329178,2,0
329176,329176,329179,3,0
329176,329176,329178,2,0
329176,329176,329178,2,0
329176,329176,329179,3,0
329176,329176,329178,2,0
329176,329176,329178,2,0
329176,329176,329178,2,0
329176,329176,329179,3,0
329176,329176,329178,2,0
329176,329176,329179,3,0
329176,329176,329180,4,0
329176,329176,329179,3,0
329176,329176,329180,4,0
329176,329176,329180,4,0
329176,329176,329179,3,0
329176,329176,329180,4,0
329176,329176,329179,3,0
329176,329176,329179,3,0
329176,329176,329180,4,0
329176,329176,329179,3,0
329176,329176,329180,4,0
329176,329176,329179,3,0
329176,329176,329180,4,0
329176,329176,329179,3,0
329176,329176,329180,4,0
329176,329176,329180,4,0
329176,329176,329179,3,0
329176,329176,329180,4,0
329176,329176,329180,4,0
329176,329176,329180,4,0
329176,329176,329180,4,0
329176,329176,329180,4,0
329176,329176,329180,4,0
329176,329176,329180,4,0
329176,329176,329180,4,0
329176,329176,329181,5,0
329176,329176,329180,4,0
329176,329176,329181,5,0
329176,329176,329180,4,0
329176,329176,329181,5,0
329176,329176,329181,5,0
329183,329183,329186,3,0
329183,329183,329186,3,0
329183,329183,329186,3,0
329183,329183,329186,3,0
329183,329183,329186,3,0
329183,329183,329186,3,0
329183,329183,329186,3,0
329183,329183,329186,3,0
329183,329183,329186,3,0
329183,329183,329186,3,0
329183,329183,329186,3,0
329183,329183,329186,3,0
329183,329183,329186,3,0
329183,329183,329186,3,0
329183,329183,329186,3,0
329183,329183,329186,3,0
329183,329183,329186,3,0
329183,329183,329186,3,0
329183,329183,329186,3,0
329183,329183,329186,3,0
329183,329183,329186,3,0
329183,329183,329186,3,0
329183,329183,329186,3,0
329183,329183,329187,4,0
329183,329183,329187,4,0
329183,329183,329186,3,0
329183,329183,329187,4,0
329183,329183,329187,4,0
329183,329183,329186,3,0
329183,329183,329187,4,0
329183,329183,329187,4,0
329183,329183,329187,4,0
329183,329183,329186,3,0
329183,329183,329187,4,0
329183,329183,329187,4,0
329183,329183,329187,4,0
329183,329183,329187,4,0
329183,329183,329186,3,0
329183,329183,329186,3,0
329183,329183,329187,4,0
329183,329183,329188,5,0
329183,329183,329188,5,0
329183,329183,329188,5,0
329183,329183,329188,5,0
329183,329183,329188,5,0
329183,329183,329187,4,0
329183,329183,329188,5,0
329183,329183,329188,5,0
329183,329183,329188,5,0
329183,329183,329188,5,0
329183,329183,329188,5,0
329183,329183,329188,5,0
329183,329183,329188,5,0
329183,329183,329189,6,0
329183,329183,329188,5,0
329190,329191,329193,2,1
329190,329191,329193,2,1
329190,329191,329193,2,1
329190,329191,329193,2,1
329190,329191,329193,2,1
329190,329191,329193,2,1
329190,329191,329193,2,1
329190,329191,329193,2,1
329190,329191,329193,2,1
329190,329191,329194,3,1
329190,329191,329193,2,1
329190,329191,329193,2,1
329190,329191,329194,3,1
329190,329191,329193,2,1
329190,329191,329193,2,1
329190,329191,329193,2,1
329190,329191,329193,2,1
329190,329191,329193,2,1
329190,329191,329193,2,1
329190,329191,329193,2,1
329190,329191,329193,2,1
329190,329191,329193,2,1
329190,329191,329193,2,1
329190,329191,329194,3,1
329190,329191,329194,3,1
329190,329191,329193,2,1
329190,329191,329193,2,1
329190,329191,329194,3,1
329190,329191,329195,4,1
329190,329191,329194,3,1
329190,329191,329194,3,1
329190,329191,329194,3,1
329190,329191,329194,3,1
329190,329191,329194,3,1
329190,329191,329195,4,1
329190,329191,329194,3,1
329190,329191,329194,3,1
329190,329191,329194,3,1
329190,329191,329194,3,1
329190,329191,329194,3,1
329190,329191,329195,4,1
329190,329191,329194,3,1
329190,329191,329194,3,1
329190,329191,329194,3,1
329190,329191,329194,3,1
329190,329191,329194,3,1
329190,329191,329194,3,1
329190,329191,329195,4,1
329190,329191,329194,3,1
329190,329191,329194,3,1
329190,329191,329195,4,1
329190,329191,329194,3,1
329190,329191,329195,4,1
329190,329191,329196,5,1
329190,329191,329195,4,1
329197,329197,329199,2,0
329197,329197,329199,2,0
329197,329197,329200,3,0
329197,329197,329199,2,0
329197,329197,329199,2,0
329197,329197,329200,3,0
329197,329197,329199,2,0
329197,329197,329200,3,0
329197,329197,329199,2,0
329197,329197,329199,2,0
329197,329197,329199,2,0
329197,329197,329199,2,0
329197,329197,329199,2,0
329197,329197,329200,3,0
329197,329197,329199,2,0
329197,329197,329199,2,0
329197,329197,329199,2,0
329197,329197,329199,2,0
329197,329197,329199,2,0
329197,329197,329200,3,0
329197,329197,329200,3,0
329197,329197,329200,3,0
329197,329197,329201,4,0
329197,329197,329200,3,0
329197,329197,329200,3,0
329197,329197,329201,4,0
329197,329197,329201,4,0
329197,329197,329200,3,0
329197,329197,329201,4,0
329197,329197,329201,4,0
329197,329197,329200,3,0
329197,329197,329201,4,0
329197,329197,329201,4,0
329197,329197,329201,4,0
329197,329197,329201,4,0
329197,329197,329201,4,0
329197,329197,329201,4,0
329197,329197,329200,3,0
329197,329197,329200,3,0
329197,329197,329201,4,0
329197,329197,329200,3,0
329197,329197,329201,4,0
329197,329197,329200,3,0
329197,329197,329200,3,0
329197,329197,329201,4,0
329197,329197,329201,4,0
329197,329197,329200,3,0
329197,329197,329200,3,0
329197,329197,329201,4,0
329197,329197,329200,3,0
329197,329197,329202,5,0
329197,329197,329202,5,0
329197,329197,329201,4,0
329197,329197,329202,5,0
329197,329197,329202,5,0
329204,329204,329207,3,0
329204,329204,329207,3,0
329204,329204,329207,3,0
329204,329204,329207,3,0
329204,329204,329207,3,0
329204,329204,329207,3,0
329204,329204,329207,3,0
329204,329204,329207,3,0
329204,329205,329207,2,1
329204,329204,329207,3,0
329204,329204,329207,3,0
329204,329204,329207,3,0
329204,329204,329207,3,0
329204,329204,329207,3,0
329204,329204,329207,3,0
329204,329205,329207,2,1
329204,329204,329207,3,0
329204,329204,329207,3,0
329204,329204,329207,3,0
329204,329205,329207,2,1
329204,329204,329207,3,0
329204,329204,329207,3,0
329204,329204,329208,4,0
329204,329205,329208,3,1
329204,329204,329208,4,0
329204,329205,329208,3,1
329204,329204,329208,4,0
329204,329204,329208,4,0
329204,329204,329208,4,0
329204,329204,329208,4,0
329204,329205,329208,3,1
329204,329204,329208,4,0
329204,329205,329208,3,1
329204,329205,329208,3,1
329204,329205,329208,3,1
329204,329204,329208,4,0
329204,329204,329208,4,0
329204,329204,329209,5,0
329204,329204,329209,5,0
329204,329204,329209,5,0
329204,329204,329209,5,0
329204,329204,329209,5,0
329204,329204,329209,5,0
329204,329204,329209,5,0
329204,329204,329209,5,0
329204,329204,329209,5,0
329204,329204,329209,5,0
329204,329205,329209,4,1
329204,329204,329209,5,0
329204,329204,329209,5,0
329204,329204,329209,5,0
329204,329204,329209,5,0
329204,329205,329209,4,1
329204,329204,329209,5,0
329204,329204,329210,6,0
329212,329212,329214,2,0
329212,329212,329214,2,0
329212,329212,329214,2,0
329212,329212,329215,3,0
329212,329212,329215,3,0
329212,329212,329214,2,0
329212,329212,329215,3,0
329212,329212,329214,2,0
329212,329212,329214,2,0
329212,329212,329215,3,0
329212,329212,329214,2,0
329212,329212,329214,2,0
329212,329212,329214,2,0
329212,329212,329214,2,0
329212,329212,329214,2,0
329212,329212,329215,3,0
329212,329212,329214,2,0
329212,329212,329215,3,0
329212,329212,329214,2,0
329212,329212,329214,2,0
329212,329212,329214,2,0
329212,329212,329215,3,0
329212,329212,329214,2,0
329212,329212,329215,3,0
329212,329212,329214,2,0
329212,329212,329215,3,0
329212,329212,329215,3,0
329212,329212,329215,3,0
329212,329212,329216,4,0
329212,329212,329215,3,0
329212,329212,329215,3,0
329212,329212,329216,4,0
329212,329212,329215,3,0
329212,329212,329216,4,0
329212,329212,329216,4,0
329212,329212,329215,3,0
329212,329212,329215,3,0
329212,329212,329216,4,0
329212,329212,329216,4,0
329212,329212,329216,4,0
329212,329212,329215,3,0
329212,329212,329216,4,0
329212,329212,329216,4,0
329212,329212,329216,4,0
329212,329212,329215,3,0
329212,329212,329216,4,0
329212,329212,329217,5,0
329212,329212,329216,4,0
329212,329212,329217,5,0
329212,329212,329216,4,0
329212,329212,329217,5,0
329212,329212,329217,5,0
329212,329212,329216,4,0
329212,329212,329217,5,0
329212,329212,329216,4,0
329218,329218,329221,3,0
329218,329218,329221,3,0
329218,329218,329221,3,0
329218,329218,329221,3,0
329218,329218,329221,3,0
329218,329218,329221,3,0
329218,329218,329221,3,0
329218,329218,329221,3,0
329218,329218,329221,3,0
329218,329218,329221,3,0
329218,329218,329221,3,0
329218,329218,329221,3,0
329218,329218,329221,3,0
329218,329218,329221,3,0
329218,329218,329221,3,0
329218,329218,329221,3,0
329218,329218,329221,3,0
329218,329218,329221,3,0
329218,329218,329221,3,0
329218,329218,329222,4,0
329218,329218,329222,4,0
329218,329218,329222,4,0
329218,329218,329222,4,0
329218,329218,329222,4,0
329218,329218,329222,4,0
329218,329218,329221,3,0
329218,329218,329221,3,0
329218,329218,329221,3,0
329218,329218,329222,4,0
329218,329218,329222,4,0
329218,329218,329221,3,0
329218,329218,329222,4,0
329218,329218,329222,4,0
329218,329218,329222,4,0
329218,329218,329222,4,0
329218,329218,329222,4,0
329218,329218,329222,4,0
329218,329218,329222,4,0
329218,329218,329222,4,0
329218,329218,329222,4,0
329218,329218,329222,4,0
329218,329218,329222,4,0
329218,329218,329223,5,0
329218,329218,329223,5,0
329218,329218,329223,5,0
329218,329218,329222,4,0
329218,329218,329223,5,0
329218,329218,329223,5,0
329218,329218,329223,5,0
329218,329218,329223,5,0
329218,329218,329223,5,0
329218,329218,329224,6,0
329218,329218,329223,5,0
329218,329218,329224,6,0
329218,329218,329224,6,0
329226,329226,329228,2,0
329226,329226,329228,2,0
329226,329226,329228,2,0
329226,329226,329229,3,0
329226,329226,329228,2,0
329226,329226,329229,3,0
329226,329226,329228,2,0
329226,329226,329229,3,0
329226,329226,329228,2,0
329226,329226,329229,3,0
329226,329226,329229,3,0
329226,329226,329229,3,0
329226,329226,329228,2,0
329226,329226,329228,2,0
329226,329226,329229,3,0
329226,329226,329229,3,0
329226,329226,329229,3,0
329226,329226,329229,3,0
329226,329226,329229,3,0
329226,329226,329230,4,0
329226,329226,329229,3,0
329226,329226,329230,4,0
329226,329226,329230,4,0
329226,329226,329229,3,0
329226,329226,329230,4,0
329226,329226,329229,3,0
329226,329226,329229,3,0
329226,329226,329229,3,0
329226,329226,329229,3,0
329226,329226,329229,3,0
329226,329226,329229,3,0
329226,329226,329230,4,0
329226,329226,329229,3,0
329226,329226,329229,3,0
329226,329226,329229,3,0
329226,329226,329230,4,0
329226,329226,329229,3,0
329226,329226,329230,4,0
329226,329226,329229,3,0
329226,329226,329229,3,0
329226,329226,329230,4,0
329226,329226,329230,4,0
329226,329226,329230,4,0
329226,329226,329231,5,0
329226,329226,329231,5,0
329226,329226,329231,5,0
329226,329226,329230,4,0
329226,329226,329230,4,0
329226,329226,329230,4,0
329226,329226,329231,5,0
329226,329226,329230,4,0
329226,329226,329230,4,0
329226,329226,329230,4,0
329226,329226,329231,5,0
329226,329226,329231,5,0
329233,329233,329235,2,0
329233,329233,329235,2,0
329233,329233,329235,2,0
329233,329233,329235,2,0
329233,329233,329235,2,0
329233,329233,329235,2,0
329233,329233,329235,2,0
329233,329233,329235,2,0
329233,329233,329235,2,0
329233,329233,329235,2,0
329233,329233,329236,3,0
329233,329233,329236,3,0
329233,329233,329236,3,0
329233,329233,329236,3,0
329233,329233,329235,2,0
329233,329233,329235,2,0
329233,329233,329235,2,0
329233,329233,329236,3,0
329233,329233,329236,3,0
329233,329233,329236,3,0
329233,329233,329236,3,0
329233,329233,329236,3,0
329233,329233,329236,3,0
329233,329233,329236,3,0
329233,329233,329235,2,0
329233,329233,329236,3,0
329233,329233,329236,3,0
329233,329233,329236,3,0
329233,329233,329236,3,0
329233,329233,329237,4,0
329233,329233,329237,4,0
329233,329233,329236,3,0
329233,329233,329237,4,0
329233,329233,329236,3,0
329233,329233,329236,3,0
329233,329233,329237,4,0
329233,329233,329236,3,0
329233,329233,329237,4,0
329233,329233,329236,3,0
329233,329233,329237,4,0
329233,329233,329237,4,0
329233,329233,329237,4,0
329233,329233,329237,4,0
329233,329233,329237,4,0
329233,329233,329236,3,0
329233,329233,329237,4,0
329233,329233,329237,4,0
329233,329233,329237,4,0
329233,329233,329236,3,0
329233,329233,329237,4,0
329233,329233,329238,5,0
329233,329233,329238,5,0
329233,329233,329237,4,0
329233,329233,329238,5,0
329233,329233,329238,5,0
329240,329240,329242,2,0
329240,329240,329243,3,0
329240,329240,329242,2,0
329240,329240,329242,2,0
329240,329240,329242,2,0
329240,329240,329242,2,0
329240,329240,329242,2,0
329240,329240,329242,2,0
329240,329240,329242,2,0
329240,329240,329242,2,0
329240,329240,329243,3,0
329240,329240,329242,2,0
329240,329240,329242,2,0
329240,329240,329242,2,0
329240,329240,329242,2,0
329240,329240,329242,2,0
329240,329240,329242,2,0
329240,329240,329242,2,0
329240,329240,329242,2,0
329240,329240,329242,2,0
329240,329240,329244,4,0
329240,329240,329244,4,0
329240,329240,329244,4,0
329240,329240,329243,3,0
329240,329240,329243,3,0
329240,329240,329243,3,0
329240,329240,329243,3,0
329240,329240,329243,3,0
329240,329240,329243,3,0
329240,329240,329243,3,0
329240,329240,329243,3,0
329240,329240,329243,3,0
329240,329240,329243,3,0
329240,329240,329243,3,0
329240,329240,329243,3,0
329240,329240,329243,3,0
329240,329240,329243,3,0
329240,329240,329243,3,0
329240,329240,329243,3,0
329240,329240,329244,4,0
329240,329240,329245,5,0
329240,329240,329244,4,0
329240,329240,329244,4,0
329240,329240,329244,4,0
329240,329240,329244,4,0
329240,329240,329245,5,0
329240,329240,329245,5,0
329240,329240,329244,4,0
329240,329240,329245,5,0
329240,329240,329244,4,0
329240,329240,329244,4,0
329240,329240,329244,4,0
329240,329240,329244,4,0
329240,329240,329244,4,0
329240,329240,329245,5,0
329247,329247,329249,2,0
329247,329247,329249,2,0
329247,329247,329249,2,0
329247,329247,329249,2,0
329247,329247,329250,3,0
329247,329247,329249,2,0
329247,329247,329249,2,0
329247,329247,329250,3,0
329247,329247,329249,2,0
329247,329247,329250,3,0
329247,329247,329249,2,0
329247,329247,329250,3,0
329247,329247,329249,2,0
329247,329247,329249,2,0
329247,329247,329249,2,0
329247,329247,329250,3,0
329247,329247,329249,2,0
329247,329247,329249,2,0
329247,329247,329249,2,0
329247,329247,329250,3,0
329247,329247,329249,2,0
329247,329247,329249,2,0
329247,329247,329250,3,0
329247,329247,329251,4,0
329247,329247,329250,3,0
329247,329247,329250,3,0
329247,329247,329251,4,0
329247,329247,329251,4,0
329247,329247,329251,4,0
329247,329247,329251,4,0
329247,329247,329250,3,0
329247,329247,329251,4,0
329247,329247,329250,3,0
329247,329247,329251,4,0
329247,329247,329250,3,0
329247,329247,329251,4,0
329247,329247,329251,4,0
329247,329247,329250,3,0
329247,329247,329251,4,0
329247,329247,329250,3,0
329247,329247,329251,4,0
329247,329247,329250,3,0
329247,329247,329250,3,0
329247,329247,329251,4,0
329247,329247,329251,4,0
329247,329247,329251,4,0
329247,329247,329251,4,0
329247,329247,329252,5,0
329247,329247,329251,4,0
329247,329247,329252,5,0
329247,329247,329252,5,0
329247,329247,329252,5,0
329247,329247,329252,5,0
329247,329247,329252,5,0
329247,329247,329251,4,0
329253,329253,329256,3,0
329253,329253,329256,3,0
329253,329253,329256,3,0
329253,329253,329256,3,0
329253,329253,329256,3,0
329253,329253,329256,3,0
329253,329253,329256,3,0
329253,329253,329256,3,0
329253,329253,329256,3,0
329253,329253,329256,3,0
329253,329253,329256,3,0
329253,329253,329256,3,0
329253,329253,329256,3,0
329253,329253,329256,3,0
329253,329253,329256,3,0
329253,329253,329256,3,0
329253,329254,329256,2,1
329253,329253,329256,3,0
329253,329253,329256,3,0
329253,329253,329256,3,0
329253,329254,329256,2,1
329253,329253,329257,4,0
329253,329253,329257,4,0
329253,329253,329257,4,0
329253,329253,329257,4,0
329253,329253,329257,4,0
329253,329253,329257,4,0
329253,329253,329257,4,0
329253,329253,329257,4,0
329253,329253,329258,5,0
329253,329253,329257,4,0
329253,329253,329258,5,0
329253,329254,329257,3,1
329253,329253,329257,4,0
329253,329254,329257,3,1
329253,329253,329257,4,0
329253,329253,329257,4,0
329253,329253,329258,5,0
329253,329254,329257,3,1
329253,329253,329258,5,0
329253,329253,329258,5,0
329253,329253,329258,5,0
329253,329253,329258,5,0
329253,329253,329258,5,0
329253,329253,329258,5,0
329253,329253,329258,5,0
329253,329253,329258,5,0
329253,329253,329258,5,0
329253,329253,329258,5,0
329253,329253,329258,5,0
329253,329253,329258,5,0
329253,329253,329258,5,0
329253,329253,329258,5,0
329253,329253,329258,5,0
329253,329253,329259,6,0
329261,329261,329263,2,0
329261,329261,329263,2,0
329261,329261,329264,3,0
329261,329261,329263,2,0
329261,329261,329263,2,0
329261,329261,329264,3,0
329261,329261,329263,2,0
329261,329261,329264,3,0
329261,329261,329264,3,0
329261,329261,329263,2,0
329261,329261,329264,3,0
329261,329261,329263,2,0
329261,329261,329264,3,0
329261,329261,329263,2,0
329261,329261,329264,3,0
329261,329261,329264,3,0
329261,329261,329263,2,0
329261,329261,329263,2,0
329261,329261,329264,3,0
329261,329261,329263,2,0
329261,329261,329264,3,0
329261,329261,329264,3,0
329261,329261,329264,3,0
329261,329261,329264,3,0
329261,329261,329264,3,0
329261,329261,329265,4,0
329261,329261,329265,4,0
329261,329261,329264,3,0
329261,329261,329265,4,0
329261,329261,329264,3,0
329261,329261,329265,4,0
329261,329261,329264,3,0
329261,329261,329265,4,0
329261,329261,329265,4,0
329261,329261,329265,4,0
329261,329261,329265,4,0
329261,329261,329265,4,0
329261,329261,329265,4,0
329261,329261,329264,3,0
329261,329261,329264,3,0
329261,329261,329265,4,0
329261,329261,329264,3,0
329261,329261,329265,4,0
329261,329261,329265,4,0
329261,329261,329265,4,0
329261,329261,329265,4,0
329261,329261,329266,5,0
329261,329261,329265,4,0
329261,329261,329265,4,0
329261,329261,329265,4,0
329261,329261,329265,4,0
329261,329261,329266,5,0
329261,329261,329265,4,0
329261,329261,329266,5,0
329261,329261,329266,5,0
329268,329268,329270,2,0
329268,329268,329270,2,0
329268,329268,329270,2,0
329268,329268,329270,2,0
329268,329268,329270,2,0
329268,329268,329270,2,0
329268,329268,329270,2,0
329268,329268,329270,2,0
329268,329268,329270,2,0
329268,329268,329271,3,0
329268,329268,329271,3,0
329268,329268,329271,3,0
329268,329268,329271,3,0
329268,329268,329271,3,0
329268,329268,329271,3,0
329268,329268,329271,3,0
329268,329268,329271,3,0
329268,329268,329271,3,0
329268,329268,329270,2,0
329268,329268,329270,2,0
329268,329268,329271,3,0
329268,329268,329271,3,0
329268,329268,329271,3,0
329268,329268,329271,3,0
329268,329268,329271,3,0
329268,329268,329271,3,0
329268,329268,329271,3,0
329268,329268,329272,4,0
329268,329268,329272,4,0
329268,329268,329272,4,0
329268,329268,329272,4,0
329268,329268,329272,4,0
329268,329268,329272,4,0
329268,329268,329272,4,0
329268,329268,329272,4,0
329268,329268,329272,4,0
329268,329268,329272,4,0
329268,329268,329272,4,0
329268,329268,329272,4,0
329268,329268,329272,4,0
329268,329268,329272,4,0
329268,329268,329272,4,0
329268,329268,329272,4,0
329268,329268,329272,4,0
329268,329268,329272,4,0
329268,329268,329272,4,0
329268,329268,329273,5,0
329268,329268,329273,5,0
329268,329268,329272,4,0
329268,329268,329272,4,0
329268,329268,329273,5,0
329268,329268,329273,5,0
329268,329268,329273,5,0
329268,329268,329273,5,0
329268,329268,329273,5,0
379840,379840,379860,20,0
379844,379844,380161,317,0
379844,379844,380169,325,0
379843,379843,380173,330,0
379843,379844,380177,333,1
379841,379841,380177,336,0
379842,379843,380179,336,1
379842,379842,380179,337,0
379843,379843,380181,338,0
379841,379842,380192,350,1
379841,379841,380201,360,0
379843,379843,380207,364,0
379842,379842,380220,378,0
379842,379842,380226,384,0
379842,379842,380230,388,0
379842,379842,380251,409,0
379844,379844,380258,414,0
379843,379843,380260,417,0
379831,379831,380287,456,0
379834,379834,380303,469,0
379841,379841,380306,465,0
379842,379842,380306,464,0
379833,379833,380308,475,0
379841,379841,380309,468,0
379840,379840,380310,470,0
379835,379835,380311,476,0
379833,379833,380317,484,0
379831,379831,380317,486,0
379835,379835,380327,492,0
379842,379842,380327,485,0
379832,379832,380328,496,0
379839,379839,380328,489,0
379838,379838,380331,493,0
379830,379831,380335,504,1
379834,379834,380338,504,0
379838,379838,380343,505,0
379840,379840,380345,505,0
379844,379844,380348,504,0
379844,379844,380350,506,0
379835,379835,380353,518,0
379832,379832,380357,525,0
379843,379843,380368,525,0
379839,379839,380369,530,0
379836,379836,380385,549,0
379836,379836,380399,563,0
379837,379837,380404,567,0
379836,379836,380410,574,0
379843,379843,380411,568,0
379834,379834,380427,593,0
379841,379841,380434,593,0
379837,379837,380449,612,0
379832,379832,380456,624,0
379838,379838,380466,628,0
379839,379839,380470,631,0
379835,379835,380470,635,0
379831,379831,380473,642,0
379840,379840,380474,634,0
379831,379831,380484,653,0
379839,379839,380484,645,0
379833,379833,380485,652,0
379838,379838,380487,649,0
379840,379840,380487,647,0
379838,379838,380489,651,0
379837,379837,380489,652,0
379834,379834,380491,657,0
379836,379836,380491,655,0
379833,379833,380491,658,0
379832,379832,380492,660,0
379836,379836,380510,674,0
379840,379840,380511,671,0
379832,379832,380514,682,0
379831,379831,380519,688,0
379839,379839,380518,679,0
379834,379835,380519,684,1
379835,379835,380519,684,0
379836,379836,380523,687,0
379833,379833,380542,709,0
379837,379837,380550,713,0
379832,379832,380567,735,0
379838,379838,380584,746,0
379837,379837,380585,748,0
379835,379835,380589,754,0
379832,379833,380593,760,1
379835,379835,380594,759,0
379836,379836,380595,759,0
379833,379833,380610,777,0
379831,379832,380611,779,1
379837,379837,380618,781,0
379840,379840,380618,778,0
379834,379834,380619,785,0
379834,379834,380622,788,0
379839,379840,380751,911,1
379841,379841,380756,915,0
379838,379838,380894,1056,0
379837,379837,380942,1105,0
379839,379839,381112,1273,0
379833,379833,381152,1319,0
379834,379834,381269,1435,0
379832,379832,381348,1516,0
381371,381371,381393,22,0
381380,381380,381410,30,0
381378,381378,381425,47,0
381372,381372,381432,60,0
381371,381371,381438,67,0
381375,381375,381461,86,0
381370,381370,381466,96,0
379839,379839,381466,1627,0
381380,381380,381472,92,0
381381,381382,381475,93,1
381371,381371,381481,110,0
381380,381380,381493,113,0
381378,381378,381510,132,0
381378,381378,381512,134,0
381372,381372,381518,146,0
381377,381377,381522,145,0
381369,381369,381529,160,0
381382,381383,381549,166,1
381372,381372,381550,178,0
381373,381373,381562,189,0
381370,381370,381563,193,0
381370,381370,381565,195,0
381378,381379,381576,197,1
381374,381374,381582,208,0
381370,381370,381582,212,0
381371,381371,381586,215,0
381382,381382,381621,239,0
381382,381382,381630,248,0
381369,381369,381640,271,0
381380,381380,381642,262,0
381381,381381,381660,279,0
381378,381378,381665,287,0
381381,381381,381669,288,0
381379,381380,381679,299,1
381379,381379,381679,300,0
381377,381378,381685,307,1
381378,381378,381684,306,0
381377,381377,381686,309,0
381380,381380,381688,308,0
381377,381377,381689,312,0
381382,381382,381695,313,0
381380,381380,381700,320,0
381381,381381,381700,319,0
381374,381374,381701,327,0
381376,381376,381706,330,0
381374,381374,381707,333,0
381376,381377,381720,343,1
381374,381374,381730,356,0
381379,381379,381738,359,0
381375,381375,381753,378,0
381379,381379,381764,385,0
381375,381375,381767,392,0
381373,381373,381769,396,0
381373,381373,381778,405,0
381380,381380,381783,403,0
381381,381383,381805,422,2
381374,381374,381810,436,0
381379,381379,381812,433,0
381375,381375,381817,442,0
381375,381375,381822,447,0
381376,381376,381822,446,0
381379,381379,381822,443,0
381377,381377,381823,446,0
381370,381371,381827,456,1
381369,381369,381830,461,0
381369,381369,381835,466,0
381376,381376,381837,461,0
381372,381372,381841,469,0
381376,381376,381876,500,0
381371,381371,381878,507,0
381376,381376,381880,504,0
381377,381377,381885,508,0
381369,381369,381905,536,0
381372,381372,381906,534,0
381368,381369,381922,553,1
381371,381371,381933,562,0
381378,381378,381943,565,0
381373,381373,381958,585,0
381377,381377,381961,584,0
381368,381369,381965,596,1
381375,381376,381966,590,1
381372,381372,381969,597,0
381373,381373,381972,599,0
381369,381369,381972,603,0
381376,381376,381975,599,0
381370,381370,381976,606,0
381375,381375,381976,601,0
381369,381370,381978,608,1
381373,381373,381983,610,0
381371,381371,381987,616,0
381370,381370,381989,619,0
381374,381374,381991,617,0
381381,381381,381998,617,0
381381,381381,382000,619,0
381379,381379,382002,623,0
381376,381376,382005,629,0
381372,381373,382007,634,1
381374,381374,382015,641,0
381373,381373,382054,681,0
381374,381375,382068,693,1
381382,381382,382111,729,0
387085,387086,387123,37,1
387089,387089,387123,34,0
387084,387084,387123,39,0
387091,387091,387124,33,0
387087,387087,387123,36,0
387093,387093,387124,31,0
387069,387070,387124,54,1
387068,387068,387124,56,0
387071,387071,387124,53,0
387074,387074,387125,51,0
387076,387076,387124,48,0
387079,387079,387124,45,0
387082,387082,387124,42,0
387070,387070,387124,54,0
387073,387073,387124,51,0
387075,387075,387124,49,0
387078,387078,387124,46,0
387081,387081,387124,43,0
387067,387067,387190,123,0
387069,387069,387190,121,0
387264,387264,387265,1,0
387262,387262,387265,3,0
387261,387261,387265,4,0
387260,387260,387265,5,0
387259,387259,387265,6,0
387258,387258,387265,7,0
387257,387258,387265,7,1
387256,387256,387265,9,0
387257,387257,387278,21,0
387263,387278,387288,10,15
387296,387296,387720,424,0
387721,387722,387724,2,1
387721,387722,387724,2,1
387721,387722,387723,1,1
387721,387722,387724,2,1
387721,387722,387724,2,1
387721,387722,387724,2,1
387721,387722,387723,1,1
387301,387301,387723,422,0
387721,387722,387723,1,1
387721,387722,387723,1,1
387721,387722,387723,1,1
387721,387722,387724,2,1
387721,387722,387723,1,1
387721,387722,387723,1,1
387721,387722,387724,2,1
387721,387722,387723,1,1
387721,387722,387724,2,1
387721,387722,387724,2,1
387721,387722,387724,2,1
387721,387722,387724,2,1
387721,387722,387723,1,1
387721,387722,387723,1,1
387721,387722,387724,2,1
387721,387722,387723,1,1
387721,387722,387724,2,1
387721,387722,387725,3,1
387721,387722,387724,2,1
387721,387722,387725,3,1
387721,387722,387724,2,1
387721,387722,387725,3,1
387721,387722,387724,2,1
387721,387722,387724,2,1
387721,387722,387725,3,1
387721,387722,387724,2,1
387721,387722,387725,3,1
387721,387722,387724,2,1
387721,387722,387724,2,1
387721,387722,387724,2,1
387721,387722,387725,3,1
387721,387722,387725,3,1
387721,387722,387724,2,1
387721,387722,387725,3,1
387721,387722,387725,3,1
387721,387722,387724,2,1
387721,387722,387725,3,1
387721,387722,387726,4,1
387721,387722,387725,3,1
387721,387722,387726,4,1
387721,387722,387725,3,1
387721,387722,387725,3,1
387721,387722,387725,3,1
387721,387722,387726,4,1
387721,387722,387725,3,1
387721,387722,387725,3,1
387721,387722,387726,4,1
387721,387722,387726,4,1
387721,387722,387726,4,1
387721,387722,387725,3,1
387721,387722,387725,3,1
387721,387722,387725,3,1
387721,387722,387726,4,1
387297,387297,387726,429,0
387721,387722,387726,4,1
387726,387727,387728,1,1
387726,387726,387728,2,0
387726,387726,387728,2,0
387726,387727,387728,1,1
387726,387727,387728,1,1
387726,387726,387728,2,0
387726,387726,387728,2,0
387726,387726,387728,2,0
387726,387726,387728,2,0
387726,387726,387728,2,0
387726,387726,387728,2,0
387726,387726,387728,2,0
387726,387726,387728,2,0
387726,387726,387728,2,0
387726,387726,387728,2,0
387726,387726,387728,2,0
387726,387726,387728,2,0
387726,387726,387728,2,0
387726,387726,387728,2,0
387726,387726,387728,2,0
387726,387726,387728,2,0
387726,387726,387728,2,0
387726,387726,387728,2,0
387726,387726,387728,2,0
387726,387726,387728,2,0
387726,387726,387729,3,0
387726,387726,387729,3,0
387726,387726,387729,3,0
387726,387726,387729,3,0
387726,387726,387729,3,0
387726,387726,387729,3,0
387726,387726,387729,3,0
387726,387726,387729,3,0
387726,387726,387729,3,0
387726,387726,387728,2,0
387726,387726,387728,2,0
387726,387726,387729,3,0
387726,387726,387729,3,0
387726,387726,387729,3,0
387726,387726,387729,3,0
387726,387726,387729,3,0
387726,387726,387729,3,0
387726,387726,387729,3,0
387726,387726,387729,3,0
387726,387726,387729,3,0
387726,387726,387729,3,0
387726,387726,387729,3,0
387726,387726,387729,3,0
387726,387726,387729,3,0
387726,387726,387730,4,0
387726,387726,387730,4,0
387726,387726,387730,4,0
387726,387726,387730,4,0
387726,387726,387730,4,0
387726,387726,387730,4,0
387726,387726,387730,4,0
387726,387726,387730,4,0
387726,387726,387730,4,0
387726,387726,387730,4,0
387726,387726,387730,4,0
387726,387726,387730,4,0
387726,387726,387730,4,0
387295,387295,387737,442,0
387294,387294,387745,451,0
387293,387293,387745,452,0
387745,387746,387747,1,1
387745,387746,387747,1,1
387745,387746,387747,1,1
387745,387746,387748,2,1
387745,387746,387747,1,1
387745,387746,387748,2,1
387745,387746,387747,1,1
387745,387746,387747,1,1
387745,387746,387747,1,1
387745,387746,387748,2,1
387745,387746,387747,1,1
387745,387746,387747,1,1
387745,387746,387747,1,1
387745,387746,387747,1,1
387745,387746,387747,1,1
387745,387746,387747,1,1
387745,387746,387747,1,1
387745,387746,387747,1,1
387745,387746,387747,1,1
387745,387746,387747,1,1
387745,387746,387747,1,1
387745,387746,387747,1,1
387745,387746,387748,2,1
387745,387746,387747,1,1
387745,387746,387747,1,1
387745,387746,387748,2,1
387745,387746,387747,1,1
387745,387746,387747,1,1
387745,387746,387748,2,1
387745,387746,387748,2,1
387745,387746,387748,2,1
387745,387746,387748,2,1
387745,387746,387748,2,1
387745,387746,387749,3,1
387745,387746,387748,2,1
387745,387746,387748,2,1
387745,387746,387749,3,1
387745,387746,387749,3,1
387745,387746,387748,2,1
387745,387746,387749,3,1
387745,387746,387749,3,1
387745,387746,387749,3,1
387745,387746,387749,3,1
387745,387746,387749,3,1
387745,387746,387749,3,1
387745,387746,387750,4,1
387745,387746,387750,4,1
387745,387746,387749,3,1
387745,387746,387749,3,1
387745,387746,387750,4,1
387745,387746,387750,4,1
387745,387746,387749,3,1
387745,387746,387749,3,1
387745,387746,387750,4,1
387745,387746,387749,3,1
387745,387746,387750,4,1
387745,387746,387749,3,1
387745,387746,387750,4,1
387745,387746,387750,4,1
387745,387746,387749,3,1
387745,387746,387750,4,1
387759,387760,387761,1,1
387759,387760,387761,1,1
387759,387760,387761,1,1
387759,387760,387761,1,1
387759,387760,387761,1,1
387759,387760,387761,1,1
387759,387760,387761,1,1
387759,387760,387761,1,1
387759,387760,387761,1,1
387759,387760,387761,1,1
387759,387760,387761,1,1
387759,387760,387761,1,1
387759,387760,387761,1,1
387759,387760,387761,1,1
387759,387760,387761,1,1
387759,387760,387761,1,1
387759,387760,387761,1,1
387759,387760,387761,1,1
387759,387760,387761,1,1
387759,387760,387761,1,1
387759,387760,387761,1,1
387759,387760,387761,1,1
387759,387760,387761,1,1
387759,387760,387762,2,1
387759,387760,387761,1,1
387759,387760,387761,1,1
387759,387760,387762,2,1
387759,387760,387762,2,1
387759,387762,387763,1,3
387759,387760,387762,2,1
387759,387760,387762,2,1
387759,387762,387763,1,3
387759,387762,387763,1,3
387759,387760,387763,3,1
387759,387760,387763,3,1
387759,387760,387762,2,1
387759,387760,387762,2,1
387759,387760,387762,2,1
387759,387760,387763,3,1
387759,387760,387762,2,1
387759,387761,387762,1,2
387759,387760,387762,2,1
387759,387760,387763,3,1
387759,387760,387762,2,1
387759,387760,387762,2,1
387759,387760,387762,2,1
387759,387760,387763,3,1
387759,387760,387763,3,1
387759,387760,387764,4,1
387759,387762,387763,1,3
387759,387762,387763,1,3
387759,387760,387764,4,1
387759,387760,387763,3,1
387759,387760,387763,3,1
387759,387762,387763,1,3
387759,387762,387763,1,3
387759,387762,387763,1,3
387759,387762,387763,1,3
387759,387762,387763,1,3
387759,387762,387763,1,3
387759,387760,387764,4,1
387759,387760,387763,3,1
387759,387760,387763,3,1
387759,387762,387763,1,3
387759,387762,387763,1,3
387759,387762,387763,1,3
387759,387760,387763,3,1
387759,387760,387763,3,1
387759,387762,387763,1,3
387759,387762,387763,1,3
387759,387760,387763,3,1
387759,387760,387764,4,1
387759,387760,387763,3,1
387759,387762,387763,1,3
387759,387762,387764,2,3
387759,387760,387764,4,1
387759,387760,387764,4,1
387759,387762,387763,1,3
387759,387762,387763,1,3
387759,387760,387763,3,1
387759,387760,387763,3,1
387759,387762,387765,3,3
387759,387762,387765,3,3
387759,387762,387765,3,3
387759,387763,387765,2,4
387759,387763,387765,2,4
387759,387763,387765,2,4
387759,387763,387765,2,4
387759,387762,387765,3,3
387759,387762,387765,3,3
387759,387763,387765,2,4
387759,387762,387765,3,3
387759,387763,387765,2,4
387759,387764,387765,1,5
387759,387764,387765,1,5
387745,387746,387766,20,1
387759,387763,387766,3,4
387759,387764,387765,1,5
387759,387763,387766,3,4
387759,387763,387766,3,4
387759,387763,387766,3,4
387759,387763,387766,3,4
387759,387764,387765,1,5
387759,387763,387765,2,4
387759,387763,387766,3,4
387761,387764,387766,2,3
387761,387764,387766,2,3
387759,387763,387766,3,4
387759,387763,387766,3,4
387759,387764,387765,1,5
387759,387764,387765,1,5
387761,387764,387765,1,3
387761,387764,387766,2,3
387761,387764,387766,2,3
387759,387763,387766,3,4
387759,387763,387765,2,4
387759,387763,387765,2,4
387761,387764,387766,2,3
387761,387764,387766,2,3
387761,387764,387766,2,3
387761,387764,387766,2,3
387759,387763,387766,3,4
387759,387764,387765,1,5
387759,387764,387765,1,5
387761,387764,387765,1,3
387761,387764,387766,2,3
387761,387764,387766,2,3
387759,387762,387765,3,3
387759,387764,387766,2,5
387759,387764,387765,1,5
387761,387764,387766,2,3
387761,387764,387766,2,3
387761,387764,387766,2,3
387759,387763,387765,2,4
387759,387764,387765,1,5
387759,387764,387765,1,5
387761,387764,387766,2,3
387761,387764,387766,2,3
387761,387764,387766,2,3
387761,387764,387765,1,3
387759,387764,387766,2,5
387759,387763,387766,3,4
387761,387765,387767,2,4
387761,387767,387768,1,6
387761,387767,387768,1,6
387761,387767,387768,1,6
387759,387760,387767,7,1
387761,387766,387768,2,5
387761,387766,387768,2,5
387761,387765,387768,3,4
387761,387765,387768,3,4
387761,387765,387768,3,4
387761,387765,387768,3,4
387761,387765,387768,3,4
387761,387765,387769,4,4
387761,387767,387768,1,6
387761,387767,387768,1,6
387761,387767,387768,1,6
387761,387767,387768,1,6
387761,387765,387768,3,4
387761,387767,387768,1,6
387761,387765,387768,3,4
387761,387765,387768,3,4
387761,387765,387769,4,4
387761,387767,387768,1,6
387761,387767,387768,1,6
387761,387765,387768,3,4
387761,387765,387769,4,4
387761,387767,387768,1,6
387761,387767,387768,1,6
387761,387765,387769,4,4
387761,387766,387768,2,5
387761,387767,387768,1,6
387761,387767,387768,1,6
387761,387766,387769,3,5
387761,387766,387769,3,5
387761,387766,387768,2,5
387761,387766,387768,2,5
387761,387766,387768,2,5
387761,387766,387768,2,5
387761,387766,387768,2,5
387761,387766,387769,3,5
387761,387766,387769,3,5
387761,387766,387769,3,5
387292,387292,387769,477,0
387292,387292,387771,479,0
387300,387300,387781,481,0
387299,387299,387782,483,0
387298,387298,387786,488,0
387795,387796,387798,2,1
387795,387796,387797,1,1
387795,387796,387797,1,1
387795,387796,387797,1,1
387795,387796,387798,2,1
387795,387796,387798,2,1
387795,387796,387797,1,1
387795,387796,387798,2,1
387795,387796,387797,1,1
387795,387796,387797,1,1
387795,387796,387797,1,1
387795,387796,387797,1,1
387795,387796,387797,1,1
387795,387796,387797,1,1
387795,387796,387797,1,1
387795,387796,387797,1,1
387795,387796,387797,1,1
387795,387796,387797,1,1
387795,387796,387797,1,1
387795,387796,387797,1,1
387795,387796,387798,2,1
387795,387796,387797,1,1
387795,387796,387797,1,1
387795,387796,387797,1,1
387795,387796,387798,2,1
387795,387796,387797,1,1
387795,387796,387797,1,1
387795,387796,387797,1,1
387795,387796,387797,1,1
387795,387796,387798,2,1
387795,387796,387798,2,1
387795,387796,387797,1,1
387795,387796,387797,1,1
387795,387796,387798,2,1
387795,387796,387799,3,1
387795,387796,387798,2,1
387795,387796,387799,3,1
387795,387796,387798,2,1
387795,387796,387799,3,1
387795,387796,387798,2,1
387795,387798,387799,1,3
387795,387796,387799,3,1
387795,387796,387799,3,1
387795,387796,387798,2,1
387795,387796,387798,2,1
387795,387796,387798,2,1
387795,387796,387799,3,1
387795,387797,387798,1,2
387795,387796,387798,2,1
387795,387796,387798,2,1
387795,387796,387799,3,1
387795,387796,387799,3,1
387795,387796,387799,3,1
387795,387798,387800,2,3
387795,387798,387799,1,3
387795,387798,387800,2,3
387795,387798,387799,1,3
387795,387796,387799,3,1
387795,387796,387799,3,1
387795,387798,387799,1,3
387795,387798,387799,1,3
387795,387798,387799,1,3
387795,387798,387800,2,3
387795,387796,387799,3,1
387795,387796,387800,4,1
387795,387798,387799,1,3
387795,387798,387800,2,3
387795,387798,387799,1,3
387795,387796,387799,3,1
387795,387796,387799,3,1
387795,387798,387799,1,3
387795,387798,387800,2,3
387795,387798,387799,1,3
387795,387798,387800,2,3
387795,387796,387799,3,1
387795,387796,387799,3,1
387795,387798,387799,1,3
387795,387796,387799,3,1
387795,387799,387801,2,4
387795,387798,387801,3,3
387795,387799,387801,2,4
387795,387799,387800,1,4
387795,387799,387801,2,4
387795,387799,387801,2,4
387795,387800,387801,1,5
387795,387800,387801,1,5
387795,387800,387801,1,5
387795,387800,387801,1,5
387795,387800,387801,1,5
387795,387800,387801,1,5
387795,387798,387801,3,3
387795,387799,387801,2,4
387795,387799,387801,2,4
387795,387799,387801,2,4
387795,387798,387800,2,3
387795,387799,387801,2,4
387795,387799,387801,2,4
387795,387798,387801,3,3
387795,387798,387802,4,3
387795,387798,387801,3,3
387795,387798,387801,3,3
387795,387798,387801,3,3
387795,387798,387801,3,3
387795,387798,387802,4,3
387795,387798,387802,4,3
387795,387798,387801,3,3
387795,387798,387801,3,3
387795,387800,387801,1,5
387795,387799,387801,2,4
387795,387799,387802,3,4
387796,387800,387802,2,4
387796,387800,387802,2,4
387796,387800,387802,2,4
387796,387800,387802,2,4
387796,387800,387802,2,4
387795,387799,387801,2,4
387795,387799,387801,2,4
387796,387800,387802,2,4
387796,387800,387801,1,4
387796,387800,387802,2,4
387796,387800,387802,2,4
387796,387800,387802,2,4
387796,387800,387802,2,4
387795,387799,387801,2,4
387796,387800,387802,2,4
387796,387800,387802,2,4
387796,387800,387802,2,4
387796,387800,387802,2,4
387796,387800,387802,2,4
387795,387798,387801,3,3
387795,387799,387801,2,4
387795,387799,387801,2,4
387796,387800,387802,2,4
387796,387800,387802,2,4
387796,387800,387802,2,4
387795,387798,387801,3,3
387795,387798,387802,4,3
387795,387799,387802,3,4
387796,387800,387802,2,4
387795,387799,387801,2,4
387796,387801,387803,2,5
387796,387801,387802,1,5
387796,387801,387803,2,5
387796,387802,387803,1,6
387796,387801,387804,3,5
387796,387802,387804,2,6
387796,387801,387803,2,5
387796,387802,387804,2,6
387796,387802,387804,2,6
387796,387801,387804,3,5
387796,387802,387804,2,6
387796,387802,387804,2,6
387796,387802,387804,2,6
387796,387802,387804,2,6
387796,387801,387804,3,5
387796,387801,387804,3,5
387796,387801,387804,3,5
387796,387801,387804,3,5
387795,387799,387804,5,4
387796,387802,387804,2,6
387801,387803,387804,1,2
387796,387801,387804,3,5
387796,387801,387804,3,5
387796,387801,387804,3,5
387796,387801,387804,3,5
387801,387803,387804,1,2
387801,387803,387804,1,2
387801,387803,387804,1,2
387801,387803,387804,1,2
387796,387801,387804,3,5
387801,387803,387804,1,2
387801,387803,387804,1,2
387801,387803,387804,1,2
387801,387803,387804,1,2
387796,387801,387804,3,5
387801,387803,387804,1,2
387801,387803,387804,1,2
387801,387803,387804,1,2
387801,387803,387804,1,2
387801,387803,387804,1,2
387801,387803,387804,1,2
387796,387803,387804,1,7
387796,387803,387804,1,7
387801,387803,387804,1,2
387801,387803,387804,1,2
387801,387803,387804,1,2
387801,387803,387804,1,2
387801,387803,387804,1,2
387796,387802,387805,3,6
387796,387802,387805,3,6
387796,387802,387804,2,6
387796,387801,387804,3,5
387796,387801,387805,4,5
387796,387801,387805,4,5
387795,387799,387805,6,4
387801,387805,387806,1,4
387801,387805,387806,1,4
387801,387805,387806,1,4
387801,387805,387806,1,4
387801,387803,387806,3,2
387801,387803,387806,3,2
387801,387803,387806,3,2
387801,387803,387806,3,2
387801,387804,387807,3,3
387801,387805,387807,2,4
387801,387805,387807,2,4
387801,387805,387807,2,4
387801,387805,387806,1,4
387801,387805,387806,1,4
387801,387805,387806,1,4
387801,387805,387806,1,4
387801,387805,387806,1,4
387801,387804,387806,2,3
387801,387805,387806,1,4
387801,387804,387807,3,3
387801,387804,387807,3,3
387801,387804,387807,3,3
387801,387804,387807,3,3
387801,387804,387807,3,3
387801,387804,387807,3,3
387801,387804,387807,3,3
387801,387804,387807,3,3
387801,387805,387807,2,4
387801,387805,387807,2,4
387801,387805,387807,2,4
387801,387805,387807,2,4
387801,387805,387807,2,4
387801,387805,387807,2,4
387801,387805,387807,2,4
387801,387805,387807,2,4
387801,387805,387807,2,4
387801,387805,387807,2,4
387801,387805,387807,2,4
387801,387805,387810,5,4
387801,387805,387811,6,4
387819,387820,387821,1,1
387819,387820,387821,1,1
387819,387820,387821,1,1
387819,387820,387821,1,1
387819,387820,387821,1,1
387819,387820,387821,1,1
387819,387820,387821,1,1
387819,387820,387821,1,1
387819,387820,387822,2,1
387819,387820,387822,2,1
387819,387820,387821,1,1
387819,387820,387821,1,1
387819,387820,387822,2,1
387819,387820,387821,1,1
387819,387820,387821,1,1
387819,387820,387821,1,1
387819,387820,387821,1,1
387819,387820,387821,1,1
387819,387820,387822,2,1
387819,387820,387823,3,1
387819,387820,387822,2,1
387819,387820,387823,3,1
387819,387820,387822,2,1
387819,387820,387822,2,1
387819,387820,387822,2,1
387819,387820,387822,2,1
387819,387820,387822,2,1
387819,387820,387822,2,1
387819,387820,387823,3,1
387819,387820,387823,3,1
387819,387820,387822,2,1
387819,387820,387822,2,1
387819,387820,387823,3,1
387819,387820,387822,2,1
387819,387820,387822,2,1
387819,387822,387823,1,3
387819,387820,387823,3,1
387819,387822,387823,1,3
387819,387822,387823,1,3
387819,387820,387822,2,1
387819,387820,387822,2,1
387819,387822,387823,1,3
387819,387822,387823,1,3
387819,387822,387823,1,3
387819,387820,387823,3,1
387819,387820,387823,3,1
387819,387820,387823,3,1
387819,387820,387823,3,1
387819,387820,387823,3,1
387819,387820,387823,3,1
387819,387820,387823,3,1
387819,387820,387823,3,1
387819,387820,387823,3,1
387819,387820,387823,3,1
387819,387820,387823,3,1
387819,387820,387823,3,1
387796,387825,387826,1,29
387801,387804,387807,3,3
387796,387825,387827,2,29
387796,387825,387826,1,29
387796,387825,387827,2,29
387796,387825,387827,2,29
387796,387825,387827,2,29
387796,387825,387826,1,29
387819,387826,387827,1,7
387819,387826,387827,1,7
387819,387826,387827,1,7
387819,387826,387827,1,7
387819,387826,387828,2,7
387306,387306,387828,522,0
387307,387307,387838,531,0
387841,387842,387843,1,1
387841,387842,387844,2,1
387841,387842,387843,1,1
387841,387842,387844,2,1
387841,387842,387844,2,1
387841,387842,387843,1,1
387841,387842,387843,1,1
387841,387842,387843,1,1
387841,387842,387843,1,1
387841,387842,387843,1,1
387841,387842,387843,1,1
387841,387842,387843,1,1
387841,387842,387844,2,1
387841,387842,387843,1,1
387841,387842,387843,1,1
387841,387842,387843,1,1
387841,387842,387843,1,1
387841,387842,387844,2,1
387841,387842,387843,1,1
387841,387842,387843,1,1
387841,387842,387844,2,1
387841,387842,387843,1,1
387841,387842,387844,2,1
387841,387842,387844,2,1
387314,387319,387844,525,5
387841,387842,387844,2,1
387841,387842,387844,2,1
387841,387842,387843,1,1
387841,387842,387845,3,1
387841,387842,387844,2,1
387841,387842,387844,2,1
387841,387842,387844,2,1
387841,387842,387844,2,1
387841,387842,387844,2,1
387841,387842,387844,2,1
387841,387842,387845,3,1
387841,387842,387844,2,1
387841,387842,387844,2,1
387841,387842,387844,2,1
387841,387842,387844,2,1
387841,387842,387844,2,1
387841,387842,387845,3,1
387841,387842,387845,3,1
387841,387842,387846,4,1
387841,387842,387846,4,1
387841,387842,387845,3,1
387841,387842,387845,3,1
387841,387842,387845,3,1
387841,387842,387845,3,1
387841,387842,387845,3,1
387841,387842,387845,3,1
387841,387842,387845,3,1
387841,387842,387845,3,1
387841,387842,387845,3,1
387841,387842,387845,3,1
387841,387842,387845,3,1
387841,387842,387846,4,1
387841,387842,387845,3,1
387841,387842,387845,3,1
387841,387842,387846,4,1
387841,387842,387845,3,1
387841,387842,387846,4,1
387309,387309,387856,547,0
387304,387304,387857,553,0
387303,387303,387868,565,0
387867,387867,387869,2,0
387867,387868,387869,1,1
387867,387867,387869,2,0
387867,387867,387869,2,0
387867,387867,387869,2,0
387867,387867,387869,2,0
387867,387867,387869,2,0
387867,387867,387869,2,0
387867,387867,387869,2,0
387867,387867,387869,2,0
387867,387867,387869,2,0
387867,387867,387869,2,0
387867,387867,387869,2,0
387867,387867,387869,2,0
387867,387867,387869,2,0
387867,387868,387869,1,1
387867,387868,387869,1,1
387867,387868,387869,1,1
387867,387867,387869,2,0
387867,387868,387869,1,1
387867,387867,387869,2,0
387867,387867,387869,2,0
387867,387868,387869,1,1
387867,387868,387869,1,1
387867,387869,387870,1,2
387867,387867,387870,3,0
387867,387868,387869,1,1
387867,387868,387869,1,1
387867,387868,387869,1,1
387867,387868,387870,2,1
387867,387868,387870,2,1
387867,387867,387871,4,0
387867,387867,387870,3,0
387867,387867,387870,3,0
387867,387867,387870,3,0
387867,387867,387870,3,0
387867,387868,387871,3,1
387867,387867,387871,4,0
387867,387867,387870,3,0
387867,387868,387870,2,1
387312,387313,387871,558,1
387867,387867,387870,3,0
387867,387867,387870,3,0
387867,387867,387870,3,0
387867,387867,387870,3,0
387867,387867,387870,3,0
387867,387868,387870,2,1
387867,387868,387870,2,1
387867,387867,387870,3,0
387867,387869,387870,1,2
387867,387867,387870,3,0
387867,387867,387870,3,0
387867,387868,387871,3,1
387867,387868,387872,4,1
387867,387868,387871,3,1
387867,387870,387871,1,3
387867,387870,387871,1,3
387867,387867,387871,4,0
387867,387868,387872,4,1
387867,387868,387871,3,1
387867,387870,387871,1,3
387867,387870,387872,2,3
387867,387870,387872,2,3
387867,387868,387871,3,1
387867,387868,387871,3,1
387867,387870,387871,1,3
387867,387870,387871,1,3
387867,387870,387871,1,3
387867,387870,387871,1,3
387867,387867,387871,4,0
387867,387868,387871,3,1
387867,387870,387871,1,3
387867,387870,387871,1,3
387867,387867,387871,4,0
387867,387868,387871,3,1
387867,387870,387871,1,3
387867,387867,387871,4,0
387867,387871,387872,1,4
387867,387871,387872,1,4
387867,387867,387871,4,0
387867,387868,387871,3,1
387867,387868,387872,4,1
387867,387872,387873,1,5
387867,387871,387872,1,4
387867,387871,387872,1,4
387867,387870,387873,3,3
387867,387871,387873,2,4
387867,387871,387873,2,4
387867,387870,387872,2,3
387867,387870,387873,3,3
387867,387870,387872,2,3
387867,387870,387873,3,3
387867,387870,387873,3,3
387867,387870,387873,3,3
387867,387871,387873,2,4
387867,387871,387872,1,4
387867,387871,387872,1,4
387867,387871,387872,1,4
387867,387871,387873,2,4
387867,387871,387873,2,4
387867,387872,387873,1,5
387867,387872,387873,1,5
387867,387872,387873,1,5
387867,387871,387873,2,4
387867,387871,387873,2,4
387867,387871,387873,2,4
387867,387871,387873,2,4
387867,387872,387873,1,5
387867,387872,387873,1,5
387867,387872,387873,1,5
387867,387872,387873,1,5
387867,387872,387874,2,5
387867,387872,387873,1,5
387867,387870,387873,3,3
387867,387870,387873,3,3
387867,387870,387873,3,3
387867,387870,387873,3,3
387867,387871,387873,2,4
387867,387872,387873,1,5
387867,387872,387873,1,5
387867,387872,387874,2,5
387867,387872,387873,1,5
387867,387872,387874,2,5
387867,387872,387874,2,5
387867,387870,387873,3,3
387867,387870,387873,3,3
387867,387871,387873,2,4
387867,387871,387874,3,4
387867,387872,387874,2,5
387867,387871,387873,2,4
387867,387871,387873,2,4
387867,387872,387873,1,5
387867,387872,387873,1,5
387867,387872,387873,1,5
387867,387872,387873,1,5
387867,387871,387873,2,4
387867,387871,387873,2,4
387867,387872,387873,1,5
387867,387872,387874,2,5
387867,387872,387873,1,5
387867,387870,387873,3,3
387867,387870,387873,3,3
387867,387870,387873,3,3
387867,387872,387874,2,5
387867,387870,387873,3,3
387867,387874,387875,1,7
387867,387874,387875,1,7
387867,387872,387875,3,5
387867,387872,387875,3,5
387867,387873,387875,2,6
387867,387873,387875,2,6
387867,387873,387875,2,6
387867,387872,387874,2,5
387867,387874,387876,2,7
387867,387874,387876,2,7
387867,387874,387876,2,7
387867,387873,387876,3,6
387867,387874,387876,2,7
387867,387874,387876,2,7
387867,387874,387875,1,7
387867,387874,387876,2,7
387867,387874,387875,1,7
387867,387874,387876,2,7
387867,387874,387876,2,7
387867,387874,387875,1,7
387867,387874,387875,1,7
387867,387874,387875,1,7
387867,387873,387876,3,6
387867,387873,387876,3,6
387867,387874,387875,1,7
387867,387873,387876,3,6
387872,387874,387876,2,2
387872,387874,387876,2,2
387872,387874,387876,2,2
387872,387874,387876,2,2
387872,387874,387876,2,2
387872,387874,387876,2,2
387867,387873,387876,3,6
387867,387873,387876,3,6
387867,387873,387876,3,6
387872,387874,387876,2,2
387872,387874,387876,2,2
387872,387874,387876,2,2
387872,387874,387876,2,2
387872,387874,387876,2,2
387872,387874,387876,2,2
387872,387874,387876,2,2
387872,387874,387876,2,2
387872,387874,387876,2,2
387872,387874,387876,2,2
387867,387873,387876,3,6
387867,387873,387876,3,6
387872,387874,387876,2,2
387867,387873,387876,3,6
387867,387873,387876,3,6
387867,387873,387875,2,6
387867,387873,387876,3,6
387872,387874,387876,2,2
387872,387874,387876,2,2
387867,387873,387876,3,6
387867,387874,387876,2,7
387867,387874,387876,2,7
387867,387873,387876,3,6
387872,387874,387876,2,2
387872,387874,387877,3,2
387872,387874,387877,3,2
387872,387874,387877,3,2
387872,387874,387877,3,2
387872,387874,387877,3,2
387872,387874,387877,3,2
387872,387874,387877,3,2
387872,387875,387878,3,3
387872,387876,387878,2,4
387872,387876,387878,2,4
387872,387876,387878,2,4
387872,387876,387878,2,4
387872,387876,387878,2,4
387872,387876,387878,2,4
387872,387876,387878,2,4
387872,387877,387878,1,5
387872,387877,387878,1,5
387872,387877,387878,1,5
387872,387877,387878,1,5
387872,387875,387879,4,3
387872,387875,387878,3,3
387872,387875,387878,3,3
387872,387875,387878,3,3
387872,387875,387878,3,3
387872,387877,387878,1,5
387872,387877,387878,1,5
387872,387877,387879,2,5
387872,387877,387878,1,5
387872,387877,387878,1,5
387872,387877,387878,1,5
387872,387877,387878,1,5
387872,387877,387878,1,5
387872,387877,387878,1,5
387872,387877,387878,1,5
387872,387877,387878,1,5
387872,387876,387878,2,4
387872,387877,387878,1,5
387872,387877,387878,1,5
387872,387875,387878,3,3
387872,387877,387878,1,5
387872,387877,387878,1,5
387872,387876,387878,2,4
387872,387877,387878,1,5
387872,387877,387878,1,5
387872,387877,387879,2,5
387872,387876,387879,3,4
387872,387876,387879,3,4
387872,387876,387879,3,4
387872,387876,387879,3,4
387872,387876,387878,2,4
387872,387876,387878,2,4
387872,387876,387878,2,4
387872,387876,387879,3,4
387872,387876,387879,3,4
387872,387876,387879,3,4
387872,387876,387878,2,4
387872,387876,387878,2,4
387872,387876,387879,3,4
387316,387321,387878,557,5
387872,387875,387879,4,3
387872,387875,387879,4,3
387872,387877,387879,2,5
387872,387877,387879,2,5
387872,387877,387879,2,5
387872,387877,387880,3,5
387872,387877,387880,3,5
387872,387879,387881,2,7
387872,387878,387880,2,6
387872,387879,387880,1,7
387872,387879,387880,1,7
387872,387879,387880,1,7
387872,387879,387880,1,7
387872,387879,387880,1,7
387872,387879,387880,1,7
387872,387879,387880,1,7
387872,387879,387880,1,7
387872,387879,387881,2,7
387872,387879,387880,1,7
387872,387879,387880,1,7
387872,387878,387881,3,6
387872,387878,387881,3,6
387872,387878,387881,3,6
387872,387878,387881,3,6
387872,387878,387881,3,6
387872,387878,387881,3,6
387872,387879,387881,2,7
387872,387879,387881,2,7
387872,387879,387881,2,7
387872,387879,387881,2,7
387872,387879,387881,2,7
387872,387879,387881,2,7
387872,387878,387881,3,6
387872,387878,387881,3,6
387872,387878,387881,3,6
387872,387879,387881,2,7
387872,387879,387881,2,7
387872,387879,387881,2,7
387872,387879,387881,2,7
387872,387879,387881,2,7
387310,387311,387896,585,1
387872,387878,387881,3,6
387872,387878,387881,3,6
387872,387878,387881,3,6
387872,387878,387881,3,6
387914,387914,387916,2,0
387914,387914,387916,2,0
387914,387914,387916,2,0
387914,387914,387916,2,0
387914,387914,387916,2,0
387914,387914,387916,2,0
387914,387914,387916,2,0
387914,387914,387916,2,0
387914,387914,387916,2,0
387914,387914,387916,2,0
387914,387914,387916,2,0
387914,387914,387916,2,0
387914,387914,387916,2,0
387914,387914,387916,2,0
387914,387914,387916,2,0
387914,387914,387916,2,0
387914,387914,387916,2,0
387914,387915,387916,1,1
387914,387914,387916,2,0
387914,387914,387916,2,0
387914,387914,387916,2,0
387914,387914,387916,2,0
387914,387915,387916,1,1
387914,387915,387916,1,1
387914,387914,387916,2,0
387914,387914,387916,2,0
387914,387914,387916,2,0
387914,387915,387916,1,1
387914,387915,387916,1,1
387914,387915,387916,1,1
387914,387915,387916,1,1
387914,387915,387916,1,1
387914,387915,387917,2,1
387914,387914,387917,3,0
387914,387917,387918,1,3
387914,387914,387917,3,0
387914,387915,387917,2,1
387914,387914,387918,4,0
387914,387915,387917,2,1
387914,387915,387917,2,1
387914,387916,387917,1,2
387914,387914,387917,3,0
387914,387914,387917,3,0
387914,387915,387917,2,1
387914,387914,387917,3,0
387914,387914,387917,3,0
387914,387914,387917,3,0
387914,387914,387918,4,0
387914,387914,387918,4,0
387914,387914,387918,4,0
387914,387917,387918,1,3
387914,387917,387918,1,3
387914,387914,387918,4,0
387914,387917,387918,1,3
387914,387917,387918,1,3
387914,387914,387918,4,0
387914,387914,387918,4,0
387914,387917,387918,1,3
387914,387917,387918,1,3
387914,387917,387918,1,3
387914,387914,387918,4,0
387914,387915,387918,3,1
387914,387915,387918,3,1
387914,387917,387918,1,3
387914,387917,387918,1,3
387914,387914,387918,4,0
387914,387914,387918,4,0
387914,387917,387918,1,3
387914,387917,387918,1,3
387914,387917,387918,1,3
387914,387915,387918,3,1
387914,387915,387918,3,1
387914,387914,387918,4,0
387914,387914,387918,4,0
387914,387917,387919,2,3
387914,387917,387920,3,3
387914,387917,387920,3,3
387914,387918,387919,1,4
387914,387919,387920,1,5
387914,387919,387920,1,5
387914,387919,387920,1,5
387914,387919,387920,1,5
387914,387917,387920,3,3
387914,387917,387920,3,3
387914,387918,387919,1,4
387914,387918,387919,1,4
387914,387918,387920,2,4
387914,387918,387920,2,4
387914,387917,387919,2,3
387914,387917,387919,2,3
387914,387918,387920,2,4
387914,387918,387920,2,4
387914,387918,387920,2,4
387914,387915,387919,4,1
387914,387917,387920,3,3
387914,387918,387920,2,4
387914,387918,387920,2,4
387914,387917,387920,3,3
387914,387917,387920,3,3
387914,387918,387920,2,4
387914,387918,387920,2,4
387914,387918,387919,1,4
387914,387917,387920,3,3
387914,387917,387920,3,3
387914,387917,387920,3,3
387914,387917,387920,3,3
387914,387918,387920,2,4
387914,387919,387920,1,5
387914,387917,387920,3,3
387914,387917,387920,3,3
387914,387917,387920,3,3
387914,387917,387920,3,3
387914,387919,387920,1,5
387914,387919,387920,1,5
387919,387919,387920,1,0
387919,387919,387920,1,0
387919,387919,387920,1,0
387919,387919,387920,1,0
387919,387919,387920,1,0
387919,387919,387920,1,0
387914,387918,387920,2,4
387919,387919,387920,1,0
387919,387919,387920,1,0
387919,387919,387920,1,0
387919,387919,387920,1,0
387919,387919,387920,1,0
387919,387919,387920,1,0
387919,387919,387920,1,0
387919,387919,387920,1,0
387914,387917,387920,3,3
387919,387919,387920,1,0
387919,387919,387921,2,0
387919,387919,387921,2,0
387919,387921,387922,1,2
387919,387921,387922,1,2
387919,387921,387922,1,2
387919,387919,387921,2,0
387919,387919,387921,2,0
387919,387920,387922,2,1
387919,387921,387922,1,2
387919,387921,387922,1,2
387919,387920,387922,2,1
387919,387921,387922,1,2
387919,387921,387922,1,2
387919,387920,387922,2,1
387919,387920,387922,2,1
387919,387920,387923,3,1
387919,387921,387923,2,2
387919,387921,387923,2,2
387919,387921,387923,2,2
387919,387921,387922,1,2
387919,387920,387923,3,1
387919,387921,387923,2,2
387919,387921,387922,1,2
387919,387920,387923,3,1
387919,387920,387923,3,1
387919,387920,387923,3,1
387919,387920,387923,3,1
387919,387920,387923,3,1
387919,387921,387922,1,2
387919,387920,387923,3,1
387919,387920,387923,3,1
387919,387920,387923,3,1
387919,387920,387923,3,1
387919,387920,387922,2,1
387919,387920,387922,2,1
387919,387920,387922,2,1
387919,387920,387923,3,1
387919,387920,387923,3,1
387919,387920,387923,3,1
387919,387920,387922,2,1
387919,387920,387923,3,1
387919,387920,387923,3,1
387919,387920,387924,4,1
387919,387920,387923,3,1
387919,387920,387923,3,1
387919,387920,387923,3,1
387914,387935,387937,2,21
387914,387935,387937,2,21
387914,387935,387936,1,21
387914,387935,387937,2,21
387914,387935,387938,3,21
387914,387935,387938,3,21
387760,387764,388171,407,4
388172,388173,388175,2,1
388172,388173,388174,1,1
388172,388173,388175,2,1
388172,388173,388175,2,1
388172,388173,388174,1,1
388172,388173,388175,2,1
388172,388173,388174,1,1
388172,388173,388175,2,1
388172,388173,388175,2,1
388172,388173,388174,1,1
388172,388173,388175,2,1
388172,388173,388175,2,1
388172,388173,388174,1,1
388172,388173,388175,2,1
388172,388173,388175,2,1
388172,388173,388175,2,1
388172,388173,388174,1,1
388172,388173,388174,1,1
388172,388173,388174,1,1
388172,388173,388175,2,1
388172,388173,388174,1,1
388172,388173,388174,1,1
388172,388173,388174,1,1
388172,388173,388175,2,1
388172,388173,388175,2,1
388172,388173,388176,3,1
388172,388173,388175,2,1
388172,388173,388175,2,1
388172,388173,388176,3,1
388172,388173,388175,2,1
388172,388173,388176,3,1
388172,388173,388175,2,1
388172,388173,388176,3,1
388172,388173,388176,3,1
388172,388173,388175,2,1
388172,388173,388175,2,1
388172,388173,388176,3,1
388172,388173,388175,2,1
388172,388173,388175,2,1
388172,388173,388175,2,1
388172,388173,388175,2,1
388172,388173,388176,3,1
388172,388173,388177,4,1
388172,388173,388176,3,1
388172,388173,388176,3,1
388172,388173,388176,3,1
388172,388173,388176,3,1
388172,388173,388176,3,1
388172,388173,388176,3,1
388172,388173,388176,3,1
388172,388173,388176,3,1
388172,388173,388176,3,1
388172,388173,388176,3,1
388172,388173,388177,4,1
388172,388173,388177,4,1
388172,388173,388177,4,1
388172,388173,388176,3,1
388172,388173,388176,3,1
388172,388173,388176,3,1
388172,388173,388176,3,1
388172,388173,388176,3,1
387765,387767,388200,433,2
387727,387729,388204,475,2
388202,388202,388204,2,0
388202,388202,388204,2,0
388202,388202,388204,2,0
388202,388202,388204,2,0
388202,388202,388204,2,0
388202,388202,388204,2,0
388202,388202,388204,2,0
388202,388202,388204,2,0
388202,388202,388204,2,0
388202,388202,388204,2,0
388202,388202,388204,2,0
388202,388202,388204,2,0
388202,388202,388204,2,0
388202,388202,388204,2,0
388202,388202,388204,2,0
388202,388202,388204,2,0
388202,388202,388204,2,0
388202,388202,388204,2,0
388202,388202,388204,2,0
388202,388202,388204,2,0
388202,388202,388204,2,0
388202,388202,388204,2,0
388202,388202,388204,2,0
388202,388202,388204,2,0
388202,388202,388204,2,0
388202,388202,388204,2,0
388202,388202,388204,2,0
388202,388202,388205,3,0
388202,388202,388205,3,0
388202,388202,388205,3,0
388202,388202,388205,3,0
388202,388202,388204,2,0
388202,388204,388205,1,2
388202,388202,388205,3,0
388202,388202,388205,3,0
388202,388202,388205,3,0
388202,388202,388205,3,0
388202,388202,388205,3,0
388202,388202,388205,3,0
388202,388202,388205,3,0
388202,388202,388205,3,0
388202,388202,388205,3,0
388202,388202,388205,3,0
388202,388202,388205,3,0
388202,388202,388206,4,0
388202,388202,388206,4,0
388202,388202,388206,4,0
388202,388202,388206,4,0
388202,388202,388206,4,0
388202,388202,388206,4,0
388202,388202,388206,4,0
388202,388202,388206,4,0
388202,388202,388206,4,0
388202,388202,388206,4,0
388202,388202,388206,4,0
388202,388202,388206,4,0
388202,388202,388206,4,0
388202,388202,388206,4,0
388202,388202,388206,4,0
388202,388202,388206,4,0
388202,388202,388206,4,0
388202,388202,388206,4,0
388206,388206,388208,2,0
388206,388206,388209,3,0
388206,388206,388208,2,0
388206,388206,388209,3,0
388206,388206,388208,2,0
388206,388207,388208,1,1
388206,388207,388208,1,1
388206,388207,388208,1,1
388206,388207,388209,2,1
388206,388207,388208,1,1
388206,388206,388208,2,0
388206,388206,388209,3,0
388206,388207,388208,1,1
388206,388207,388209,2,1
388206,388207,388208,1,1
388206,388206,388208,2,0
388206,388207,388208,1,1
388206,388207,388209,2,1
388206,388207,388209,2,1
388206,388206,388208,2,0
388206,388207,388209,2,1
388206,388206,388208,2,0
388206,388207,388208,1,1
388206,388207,388209,2,1
388206,388207,388209,2,1
388206,388207,388209,2,1
388206,388206,388208,2,0
388206,388207,388209,2,1
388206,388207,388208,1,1
388206,388207,388209,2,1
388206,388207,388209,2,1
388206,388207,388209,2,1
388206,388207,388209,2,1
388206,388207,388209,2,1
387746,387747,388209,462,1
388206,388207,388210,3,1
388206,388207,388209,2,1
388206,388207,388210,3,1
388206,388207,388210,3,1
388206,388207,388209,2,1
388206,388207,388209,2,1
388206,388207,388209,2,1
388206,388207,388209,2,1
388206,388207,388210,3,1
388206,388207,388210,3,1
388206,388207,388210,3,1
388206,388207,388210,3,1
388206,388207,388210,3,1
388206,388206,388210,4,0
388206,388207,388210,3,1
388206,388207,388210,3,1
388206,388207,388210,3,1
388206,388207,388210,3,1
388206,388207,388210,3,1
388206,388207,388210,3,1
388206,388207,388211,4,1
388206,388207,388210,3,1
388206,388207,388210,3,1
388206,388207,388210,3,1
388206,388207,388210,3,1
388206,388207,388210,3,1
388206,388207,388211,4,1
387763,387767,388224,457,4
388225,388225,388226,1,0
388225,388225,388226,1,0
388225,388225,388227,2,0
388225,388225,388227,2,0
388225,388225,388227,2,0
388225,388225,388226,1,0
388225,388225,388227,2,0
388225,388225,388226,1,0
388225,388225,388227,2,0
388225,388225,388227,2,0
388225,388225,388227,2,0
388225,388225,388226,1,0
388225,388225,388227,2,0
388225,388225,388227,2,0
388225,388225,388227,2,0
388225,388225,388226,1,0
388225,388225,388227,2,0
388225,388225,388227,2,0
388225,388225,388227,2,0
388225,388225,388227,2,0
388225,388225,388227,2,0
388225,388225,388227,2,0
388225,388225,388227,2,0
388225,388225,388227,2,0
388225,388225,388228,3,0
388225,388225,388228,3,0
388225,388225,388227,2,0
388225,388225,388228,3,0
388225,388225,388227,2,0
388225,388225,388227,2,0
388225,388225,388227,2,0
388225,388225,388228,3,0
388225,388225,388228,3,0
388225,388225,388228,3,0
388225,388225,388227,2,0
388225,388225,388228,3,0
388225,388225,388228,3,0
388225,388225,388228,3,0
388225,388225,388228,3,0
388225,388225,388229,4,0
388225,388225,388229,4,0
388225,388225,388229,4,0
388225,388225,388228,3,0
388225,388225,388229,4,0
388225,388225,388228,3,0
388225,388225,388228,3,0
388225,388225,388229,4,0
388225,388225,388229,4,0
388225,388225,388229,4,0
388225,388225,388229,4,0
388225,388225,388228,3,0
388225,388225,388228,3,0
388225,388225,388230,5,0
388225,388225,388229,4,0
388225,388225,388229,4,0
388225,388225,388230,5,0
388225,388225,388229,4,0
388225,388225,388231,6,0
388225,388225,388230,5,0
387802,387805,388238,433,3
388225,388237,388238,1,12
388225,388237,388238,1,12
388225,388237,388238,1,12
388241,388242,388243,1,1
388241,388242,388243,1,1
388241,388242,388243,1,1
388241,388242,388243,1,1
388241,388242,388243,1,1
388241,388242,388243,1,1
388241,388242,388243,1,1
388241,388242,388243,1,1
388241,388242,388243,1,1
388241,388242,388244,2,1
388241,388242,388243,1,1
388241,388242,388243,1,1
388241,388242,388243,1,1
388241,388242,388243,1,1
388241,388242,388244,2,1
388241,388242,388243,1,1
388241,388242,388243,1,1
388241,388242,388243,1,1
388241,388242,388243,1,1
388241,388242,388243,1,1
388241,388242,388243,1,1
388241,388242,388243,1,1
388241,388242,388243,1,1
388241,388242,388244,2,1
388241,388242,388243,1,1
388241,388242,388243,1,1
388241,388242,388244,2,1
388241,388242,388244,2,1
388241,388242,388245,3,1
388241,388244,388245,1,3
388241,388242,388244,2,1
388241,388243,388244,1,2
388241,388242,388244,2,1
388241,388242,388244,2,1
388241,388242,388244,2,1
388241,388242,388245,3,1
388241,388242,388244,2,1
388241,388242,388245,3,1
388241,388242,388244,2,1
388241,388242,388245,3,1
388241,388242,388245,3,1
388241,388242,388244,2,1
388241,388242,388245,3,1
388241,388242,388244,2,1
388241,388242,388244,2,1
388241,388242,388244,2,1
388241,388244,388245,1,3
388241,388244,388245,1,3
388241,388242,388246,4,1
388241,388242,388246,4,1
388241,388242,388245,3,1
388241,388244,388245,1,3
388241,388242,388246,4,1
388241,388242,388245,3,1
388241,388242,388245,3,1
388241,388242,388246,4,1
388241,388242,388245,3,1
388241,388242,388245,3,1
388241,388244,388245,1,3
388241,388242,388245,3,1
388241,388244,388245,1,3
388241,388242,388245,3,1
388241,388242,388245,3,1
388241,388244,388245,1,3
388241,388244,388245,1,3
388241,388244,388245,1,3
388241,388242,388245,3,1
388241,388244,388245,1,3
388241,388244,388245,1,3
388241,388244,388245,1,3
388241,388244,388245,1,3
388241,388244,388245,1,3
388241,388242,388245,3,1
388241,388244,388245,1,3
388241,388244,388245,1,3
388241,388244,388245,1,3
388241,388242,388245,3,1
388241,388242,388245,3,1
388241,388244,388245,1,3
388241,388244,388246,2,3
388241,388242,388246,4,1
388241,388244,388246,2,3
388241,388246,388247,1,5
388241,388244,388247,3,3
388241,388245,388247,2,4
388241,388245,388247,2,4
388241,388246,388247,1,5
388241,388246,388248,2,5
388241,388246,388248,2,5
388241,388246,388247,1,5
388241,388246,388248,2,5
388241,388246,388247,1,5
388241,388245,388248,3,4
388241,388245,388247,2,4
388241,388244,388247,3,3
388241,388245,388247,2,4
388241,388245,388247,2,4
388241,388245,388247,2,4
388241,388244,388247,3,3
388241,388245,388248,3,4
388241,388246,388248,2,5
388241,388244,388248,4,3
388241,388244,388247,3,3
388241,388245,388248,3,4
388241,388245,388248,3,4
388241,388245,388247,2,4
388241,388246,388247,1,5
388241,388246,388247,1,5
388241,388245,388247,2,4
388241,388245,388247,2,4
388241,388246,388247,1,5
388241,388246,388247,1,5
388241,388246,388247,1,5
388241,388246,388248,2,5
388241,388244,388248,4,3
388241,388245,388248,3,4
388241,388245,388248,3,4
388241,388245,388248,3,4
388241,388245,388248,3,4
388241,388245,388248,3,4
388241,388245,388248,3,4
388241,388245,388248,3,4
387821,387822,388258,436,1
387722,387724,388259,535,2
388270,388271,388272,1,1
388270,388271,388273,2,1
388270,388271,388272,1,1
388270,388271,388273,2,1
388270,388271,388272,1,1
388270,388271,388273,2,1
388270,388271,388272,1,1
388270,388271,388272,1,1
388270,388271,388273,2,1
388270,388271,388273,2,1
388270,388271,388272,1,1
388270,388271,388273,2,1
388270,388271,388273,2,1
388270,388271,388272,1,1
388270,388271,388272,1,1
388270,388271,388272,1,1
388270,388271,388273,2,1
388270,388271,388272,1,1
388270,388271,388272,1,1
388270,388271,388272,1,1
388270,388271,388273,2,1
388270,388271,388272,1,1
388270,388271,388272,1,1
388270,388271,388272,1,1
388270,388271,388273,2,1
388270,388271,388272,1,1
388270,388271,388273,2,1
388270,388271,388273,2,1
388270,388271,388273,2,1
388270,388272,388273,1,2
388270,388271,388274,3,1
388270,388271,388273,2,1
388270,388271,388274,3,1
388270,388271,388274,3,1
388270,388271,388273,2,1
388270,388271,388274,3,1
388270,388271,388274,3,1
388270,388271,388274,3,1
388270,388271,388273,2,1
388270,388271,388273,2,1
388270,388271,388273,2,1
388270,388271,388274,3,1
388270,388271,388274,3,1
388270,388271,388273,2,1
388270,388271,388273,2,1
388270,388272,388273,1,2
388270,388271,388274,3,1
388270,388271,388273,2,1
388270,388271,388273,2,1
388270,388273,388274,1,3
388270,388273,388274,1,3
388270,388271,388275,4,1
388270,388271,388274,3,1
388270,388273,388274,1,3
388270,388273,388274,1,3
388270,388271,388274,3,1
388270,388273,388274,1,3
388270,388273,388274,1,3
388270,388273,388274,1,3
388270,388273,388274,1,3
388270,388271,388274,3,1
388270,388271,388274,3,1
388270,388273,388274,1,3
388270,388273,388274,1,3
388270,388273,388275,2,3
388270,388271,388274,3,1
388270,388273,388274,1,3
388270,388273,388274,1,3
388270,388271,388275,4,1
388270,388271,388274,3,1
388270,388271,388274,3,1
388270,388273,388274,1,3
388270,388271,388275,4,1
388270,388271,388274,3,1
388270,388273,388274,1,3
388270,388273,388275,2,3
388270,388271,388275,4,1
388270,388271,388274,3,1
388270,388273,388274,1,3
388270,388273,388274,1,3
388270,388271,388274,3,1
388270,388272,388275,3,2
388270,388274,388276,2,4
388270,388274,388276,2,4
388270,388274,388276,2,4
388270,388275,388276,1,5
388270,388273,388276,3,3
388270,388275,388276,1,5
388270,388273,388276,3,3
388270,388273,388276,3,3
388270,388274,388276,2,4
388270,388275,388276,1,5
388270,388273,388276,3,3
388270,388274,388276,2,4
388270,388275,388276,1,5
388270,388275,388276,1,5
388270,388274,388277,3,4
388270,388274,388277,3,4
388270,388274,388276,2,4
388270,388274,388277,3,4
388270,388274,388277,3,4
388270,388275,388276,1,5
388270,388273,388276,3,3
388270,388273,388276,3,3
388270,388274,388276,2,4
388270,388274,388277,3,4
388270,388274,388277,3,4
388270,388273,388276,3,3
388270,388274,388276,2,4
388270,388274,388276,2,4
388270,388275,388276,1,5
388270,388275,388276,1,5
388270,388274,388277,3,4
388270,388274,388277,3,4
388270,388273,388276,3,3
388270,388274,388276,2,4
388270,388274,388277,3,4
388270,388275,388276,1,5
388270,388275,388276,1,5
388270,388275,388276,1,5
388270,388274,388277,3,4
388270,388274,388277,3,4
388270,388274,388277,3,4
387797,387803,388278,475,6
388292,388292,388293,1,0
387842,387842,388292,450,0
388292,388292,388293,1,0
388292,388292,388293,1,0
388292,388292,388294,2,0
388292,388292,388294,2,0
388292,388292,388294,2,0
388292,388292,388294,2,0
388292,388293,388294,1,1
388292,388292,388294,2,0
388292,388292,388294,2,0
388292,388292,388294,2,0
388292,388292,388294,2,0
388292,388292,388294,2,0
388292,388292,388293,1,0
388292,388292,388293,1,0
388292,388292,388294,2,0
388292,388292,388294,2,0
388292,388292,388294,2,0
388292,388292,388294,2,0
388292,388292,388294,2,0
388292,388292,388294,2,0
388292,388292,388294,2,0
388292,388292,388293,1,0
388292,388292,388294,2,0
388292,388292,388294,2,0
388292,388292,388294,2,0
388292,388292,388295,3,0
388292,388292,388294,2,0
388292,388292,388294,2,0
388292,388292,388295,3,0
388292,388292,388294,2,0
388292,388293,388294,1,1
388292,388293,388295,2,1
388292,388292,388295,3,0
388292,388292,388294,2,0
388292,388292,388295,3,0
388292,388292,388295,3,0
388292,388292,388295,3,0
388292,388292,388295,3,0
388292,388292,388295,3,0
388292,388292,388294,2,0
388292,388292,388294,2,0
388292,388292,388295,3,0
388292,388292,388295,3,0
388292,388292,388295,3,0
388292,388292,388295,3,0
388292,388293,388296,3,1
388292,388293,388296,3,1
388292,388292,388295,3,0
388292,388292,388296,4,0
388292,388292,388295,3,0
388292,388292,388296,4,0
388292,388292,388296,4,0
388292,388292,388296,4,0
388292,388292,388295,3,0
388292,388292,388296,4,0
388292,388305,388306,1,13
388292,388305,388307,2,13
388292,388306,388307,1,14
388292,388306,388307,1,14
388306,388306,388308,2,0
388306,388306,388308,2,0
388306,388306,388307,1,0
388306,388306,388308,2,0
388306,388306,388308,2,0
388306,388306,388307,1,0
388306,388306,388307,1,0
388306,388306,388307,1,0
388306,388306,388307,1,0
388306,388306,388307,1,0
388306,388306,388307,1,0
388306,388306,388308,2,0
388306,388306,388307,1,0
388306,388306,388307,1,0
388306,388306,388308,2,0
388306,388306,388308,2,0
388306,388306,388307,1,0
388306,388306,388307,1,0
388306,388306,388308,2,0
388306,388306,388308,2,0
388306,388306,388307,1,0
388306,388306,388307,1,0
388306,388306,388308,2,0
388306,388306,388308,2,0
388306,388307,388308,1,1
388306,388308,388309,1,2
388306,388306,388308,2,0
388306,388306,388308,2,0
387868,387874,388309,435,6
388306,388306,388308,2,0
388306,388306,388308,2,0
388306,388306,388308,2,0
388306,388306,388308,2,0
388306,388306,388309,3,0
388306,388306,388308,2,0
388306,388306,388308,2,0
388306,388306,388309,3,0
388306,388306,388309,3,0
388306,388306,388309,3,0
388306,388306,388309,3,0
388306,388306,388309,3,0
388306,388306,388309,3,0
388306,388306,388308,2,0
388292,388306,388309,3,14
388292,388306,388309,3,14
388306,388308,388309,1,2
388306,388308,388309,1,2
388306,388306,388310,4,0
388306,388306,388309,3,0
388306,388306,388310,4,0
388306,388306,388310,4,0
388306,388306,388309,3,0
388306,388306,388309,3,0
388306,388306,388310,4,0
388306,388306,388309,3,0
388306,388306,388309,3,0
388306,388306,388310,4,0
388306,388306,388309,3,0
388306,388306,388310,4,0
388306,388306,388309,3,0
388306,388306,388309,3,0
388306,388306,388309,3,0
388306,388306,388310,4,0
388306,388306,388309,3,0
388310,388310,388312,2,0
388310,388310,388312,2,0
388310,388310,388312,2,0
388310,388310,388312,2,0
388310,388310,388312,2,0
388310,388310,388311,1,0
388310,388310,388312,2,0
388310,388310,388311,1,0
388310,388310,388312,2,0
388310,388310,388312,2,0
388310,388310,388312,2,0
388310,388310,388312,2,0
388310,388310,388312,2,0
388310,388310,388312,2,0
388310,388310,388312,2,0
388310,388310,388312,2,0
388310,388310,388312,2,0
388310,388310,388312,2,0
388310,388310,388312,2,0
388310,388310,388312,2,0
388310,388310,388312,2,0
388310,388310,388312,2,0
388310,388310,388312,2,0
388310,388310,388312,2,0
388310,388310,388312,2,0
388310,388310,388312,2,0
388310,388310,388312,2,0
388310,388310,388312,2,0
388310,388311,388312,1,1
388310,388310,388312,2,0
388310,388310,388312,2,0
388310,388310,388312,2,0
388310,388310,388313,3,0
388310,388310,388312,2,0
388310,388310,388313,3,0
388310,388310,388313,3,0
388310,388310,388313,3,0
388310,388310,388313,3,0
388310,388310,388313,3,0
388310,388310,388313,3,0
388310,388310,388313,3,0
388310,388310,388313,3,0
388310,388310,388313,3,0
388310,388310,388314,4,0
388310,388310,388313,3,0
388310,388310,388313,3,0
388310,388310,388314,4,0
388310,388310,388314,4,0
388310,388310,388313,3,0
388310,388310,388314,4,0
388310,388310,388314,4,0
388310,388310,388314,4,0
388310,388310,388314,4,0
388310,388310,388314,4,0
388310,388310,388314,4,0
388310,388310,388314,4,0
388310,388310,388314,4,0
388310,388310,388314,4,0
388310,388310,388314,4,0
387873,387879,388314,435,6
388310,388310,388313,3,0
388310,388310,388313,3,0
388346,388347,388348,1,1
388346,388347,388348,1,1
388346,388347,388348,1,1
388346,388347,388348,1,1
388346,388347,388348,1,1
388346,388347,388348,1,1
388346,388347,388348,1,1
388346,388347,388348,1,1
388346,388347,388349,2,1
388346,388347,388348,1,1
388346,388347,388348,1,1
388346,388347,388348,1,1
388346,388347,388348,1,1
388346,388347,388348,1,1
388346,388347,388348,1,1
388346,388347,388348,1,1
388346,388347,388348,1,1
388346,388347,388348,1,1
388346,388347,388348,1,1
388346,388347,388348,1,1
388346,388347,388348,1,1
388346,388347,388348,1,1
388346,388347,388348,1,1
388346,388347,388348,1,1
388346,388347,388348,1,1
388346,388347,388349,2,1
388346,388347,388348,1,1
388346,388347,388349,2,1
388346,388347,388350,3,1
388346,388347,388349,2,1
388346,388347,388350,3,1
388346,388347,388349,2,1
388346,388347,388349,2,1
388346,388347,388349,2,1
388346,388347,388350,3,1
388346,388347,388349,2,1
388346,388347,388349,2,1
388346,388347,388349,2,1
388346,388347,388349,2,1
388346,388347,388349,2,1
388346,388347,388350,3,1
388346,388347,388349,2,1
388346,388347,388350,3,1
388346,388347,388349,2,1
388346,388347,388349,2,1
388346,388347,388349,2,1
388346,388347,388349,2,1
388346,388347,388349,2,1
388346,388347,388349,2,1
388346,388347,388350,3,1
388346,388347,388350,3,1
388346,388347,388350,3,1
388346,388347,388350,3,1
388346,388347,388350,3,1
388346,388347,388350,3,1
388346,388347,388350,3,1
388346,388347,388351,4,1
388346,388347,388350,3,1
388346,388347,388350,3,1
388346,388347,388351,4,1
388346,388347,388351,4,1
388346,388347,388351,4,1
387915,387919,388369,450,4
388381,388381,388383,2,0
388381,388381,388382,1,0
388381,388381,388383,2,0
388381,388381,388383,2,0
388381,388381,388383,2,0
388381,388381,388383,2,0
388381,388381,388383,2,0
388381,388381,388383,2,0
388381,388381,388383,2,0
388381,388381,388383,2,0
388381,388381,388383,2,0
388381,388381,388383,2,0
388381,388381,388383,2,0
388381,388381,388383,2,0
388381,388381,388383,2,0
388381,388381,388383,2,0
388381,388381,388383,2,0
388381,388381,388383,2,0
388381,388381,388383,2,0
388381,388381,388383,2,0
388381,388381,388383,2,0
388381,388381,388383,2,0
388381,388381,388383,2,0
388381,388381,388383,2,0
388381,388381,388383,2,0
388381,388381,388383,2,0
388381,388381,388383,2,0
388381,388381,388383,2,0
388381,388381,388384,3,0
388381,388381,388384,3,0
388381,388381,388384,3,0
388381,388381,388384,3,0
388381,388381,388384,3,0
388381,388381,388384,3,0
388381,388381,388384,3,0
388381,388381,388384,3,0
388381,388381,388384,3,0
388381,388381,388384,3,0
388381,388381,388384,3,0
388381,388381,388384,3,0
388381,388382,388384,2,1
388381,388381,388384,3,0
388381,388381,388385,4,0
388381,388381,388384,3,0
388381,388381,388385,4,0
388381,388381,388385,4,0
388381,388381,388385,4,0
388381,388381,388385,4,0
388381,388381,388385,4,0
388381,388381,388385,4,0
388381,388381,388384,3,0
388381,388381,388384,3,0
388381,388381,388384,3,0
388381,388381,388385,4,0
388381,388381,388385,4,0
388381,388381,388384,3,0
388381,388381,388385,4,0
388381,388381,388384,3,0
388381,388381,388385,4,0
388381,388381,388386,5,0
388381,388381,388386,5,0
387920,387921,388388,467,1
388398,388399,388401,2,1
388398,388399,388400,1,1
388398,388399,388401,2,1
388398,388399,388401,2,1
388398,388399,388401,2,1
388398,388399,388401,2,1
388398,388399,388400,1,1
388398,388399,388401,2,1
388398,388399,388400,1,1
388398,388399,388400,1,1
388398,388399,388400,1,1
388398,388399,388400,1,1
388398,388399,388401,2,1
388398,388399,388400,1,1
388398,388399,388400,1,1
388398,388399,388400,1,1
388398,388399,388401,2,1
388398,388399,388400,1,1
388398,388399,388400,1,1
388398,388399,388400,1,1
388398,388399,388400,1,1
388398,388399,388401,2,1
388398,388399,388400,1,1
388398,388399,388400,1,1
388398,388399,388400,1,1
388398,388399,388402,3,1
388398,388399,388402,3,1
388398,388399,388402,3,1
388398,388399,388402,3,1
388398,388399,388401,2,1
388398,388399,388402,3,1
388398,388399,388401,2,1
388398,388399,388401,2,1
388398,388399,388402,3,1
388398,388399,388402,3,1
388398,388399,388401,2,1
388398,388399,388401,2,1
388398,388399,388402,3,1
388398,388399,388401,2,1
388398,388399,388402,3,1
388398,388399,388401,2,1
388398,388399,388402,3,1
388398,388399,388402,3,1
388398,388399,388401,2,1
388398,388399,388401,2,1
388398,388399,388402,3,1
388398,388399,388402,3,1
388398,388399,388402,3,1
388398,388399,388403,4,1
388398,388399,388402,3,1
388398,388399,388402,3,1
388398,388399,388402,3,1
388398,388399,388402,3,1
388398,388399,388402,3,1
388398,388399,388402,3,1
388398,388399,388402,3,1
388398,388399,388403,4,1
388398,388399,388402,3,1
388398,388399,388402,3,1
388398,388399,388403,4,1
388398,388399,388402,3,1
387939,387939,388421,482,0
388421,388422,388423,1,1
388421,388422,388424,2,1
388421,388422,388423,1,1
388421,388422,388424,2,1
388421,388422,388423,1,1
388421,388422,388423,1,1
388421,388422,388424,2,1
388421,388422,388423,1,1
388421,388422,388423,1,1
388421,388422,388423,1,1
388421,388422,388423,1,1
388421,388422,388423,1,1
388421,388422,388423,1,1
388421,388422,388424,2,1
388421,388422,388423,1,1
388421,388422,388423,1,1
388421,388422,388423,1,1
388421,388422,388424,2,1
388421,388422,388423,1,1
388421,388422,388424,2,1
388421,388422,388424,2,1
388421,388422,388424,2,1
388421,388422,388425,3,1
388421,388422,388424,2,1
388421,388422,388424,2,1
388421,388422,388424,2,1
388421,388422,388424,2,1
388421,388422,388424,2,1
388421,388422,388424,2,1
388421,388422,388425,3,1
388421,388422,388424,2,1
388421,388422,388424,2,1
388421,388422,388425,3,1
388421,388422,388424,2,1
388421,388422,388424,2,1
388421,388422,388425,3,1
388421,388422,388424,2,1
388421,388422,388424,2,1
388421,388422,388424,2,1
388421,388422,388425,3,1
388421,388422,388424,2,1
388421,388422,388425,3,1
388421,388422,388425,3,1
388421,388422,388425,3,1
388421,388422,388425,3,1
388421,388422,388425,3,1
388421,388422,388425,3,1
388421,388422,388425,3,1
388421,388422,388426,4,1
388421,388422,388425,3,1
388421,388422,388425,3,1
388421,388422,388426,4,1
388421,388422,388425,3,1
388421,388422,388425,3,1
388421,388422,388425,3,1
388421,388422,388425,3,1
388421,388422,388425,3,1
388421,388422,388425,3,1
388421,388422,388429,7,1
388421,388422,388432,10,1
388421,388422,388439,17,1
387953,387953,388445,492,0
387959,387959,388460,501,0
388459,388459,388460,1,0
388459,388459,388460,1,0
388459,388459,388461,2,0
388459,388459,388461,2,0
388459,388459,388461,2,0
388459,388459,388460,1,0
388459,388459,388461,2,0
388459,388459,388461,2,0
388459,388459,388461,2,0
388459,388459,388460,1,0
388459,388459,388461,2,0
388459,388459,388461,2,0
388459,388459,388461,2,0
388459,388459,388461,2,0
388459,388459,388461,2,0
388459,388459,388461,2,0
388459,388459,388461,2,0
388459,388459,388461,2,0
388459,388459,388461,2,0
388459,388459,388461,2,0
388459,388459,388461,2,0
388459,388459,388461,2,0
388459,388459,388461,2,0
388459,388459,388462,3,0
388459,388459,388462,3,0
388459,388459,388461,2,0
388459,388459,388462,3,0
388459,388459,388462,3,0
388459,388459,388461,2,0
388459,388459,388462,3,0
388459,388459,388461,2,0
388459,388459,388462,3,0
388459,388459,388462,3,0
388459,388459,388462,3,0
388459,388459,388462,3,0
388459,388459,388461,2,0
388459,388459,388462,3,0
388459,388459,388462,3,0
388459,388459,388462,3,0
388459,388459,388462,3,0
388459,388459,388461,2,0
388459,388459,388463,4,0
388459,388459,388462,3,0
388459,388459,388463,4,0
388459,388459,388462,3,0
388459,388459,388463,4,0
388459,388459,388462,3,0
388459,388459,388463,4,0
388459,388459,388462,3,0
388459,388459,388463,4,0
388459,388459,388463,4,0
388459,388459,388462,3,0
388459,388462,388463,1,3
388459,388462,388463,1,3
388459,388462,388465,3,3
388459,388462,388464,2,3
388463,388463,388465,2,0
388463,388463,388465,2,0
388463,388463,388465,2,0
388463,388463,388465,2,0
388463,388463,388465,2,0
388463,388463,388464,1,0
388463,388463,388465,2,0
388463,388463,388465,2,0
388463,388463,388465,2,0
388463,388463,388465,2,0
388463,388463,388465,2,0
388463,388463,388465,2,0
388463,388463,388465,2,0
388463,388463,388465,2,0
388463,388463,388465,2,0
388463,388463,388465,2,0
388463,388463,388465,2,0
388459,388462,388465,3,3
388463,388464,388465,1,1
388463,388464,388465,1,1
388463,388463,388466,3,0
388463,388463,388465,2,0
388463,388463,388466,3,0
388463,388463,388465,2,0
388463,388463,388466,3,0
388463,388463,388465,2,0
388463,388463,388465,2,0
388463,388463,388466,3,0
388463,388463,388465,2,0
388463,388465,388466,1,2
388463,388463,388466,3,0
388463,388463,388466,3,0
388463,388463,388466,3,0
388463,388463,388466,3,0
388463,388465,388466,1,2
388463,388465,388466,1,2
388463,388465,388466,1,2
388463,388463,388465,2,0
388463,388463,388466,3,0
388463,388463,388466,3,0
388463,388463,388466,3,0
388463,388465,388466,1,2
388463,388465,388466,1,2
388463,388463,388466,3,0
388463,388463,388467,4,0
388463,388463,388466,3,0
388463,388463,388467,4,0
388463,388463,388467,4,0
388463,388463,388467,4,0
388463,388463,388467,4,0
388463,388463,388466,3,0
388463,388463,388466,3,0
388463,388463,388467,4,0
388463,388463,388467,4,0
388463,388463,388466,3,0
388463,388463,388466,3,0
388463,388463,388467,4,0
388463,388463,388467,4,0
388463,388463,388466,3,0
388463,388463,388466,3,0
388463,388463,388467,4,0
388463,388465,388466,1,2
388459,388482,388483,1,23
388459,388482,388485,3,23
388459,388482,388485,3,23
388459,388482,388486,4,23
387961,387961,388533,572,0
388535,388535,388537,2,0
388535,388535,388536,1,0
388535,388535,388537,2,0
388535,388535,388536,1,0
388535,388535,388537,2,0
388535,388535,388536,1,0
388535,388535,388537,2,0
388535,388535,388537,2,0
388535,388535,388536,1,0
388535,388535,388537,2,0
388535,388535,388537,2,0
388535,388535,388537,2,0
388535,388535,388537,2,0
388535,388535,388537,2,0
388535,388535,388537,2,0
388535,388535,388536,1,0
388535,388535,388536,1,0
388535,388535,388536,1,0
388535,388535,388537,2,0
388535,388535,388537,2,0
388535,388535,388537,2,0
388535,388535,388538,3,0
388535,388535,388537,2,0
388535,388535,388538,3,0
388535,388535,388538,3,0
388535,388535,388537,2,0
388535,388535,388538,3,0
388535,388535,388537,2,0
388535,388535,388538,3,0
388535,388535,388537,2,0
388535,388535,388538,3,0
388535,388535,388537,2,0
388535,388535,388537,2,0
388535,388535,388537,2,0
388535,388535,388538,3,0
388535,388535,388538,3,0
388535,388535,388537,2,0
388535,388535,388538,3,0
388535,388535,388538,3,0
388535,388535,388538,3,0
388535,388535,388537,2,0
388535,388535,388538,3,0
388535,388535,388538,3,0
388535,388535,388539,4,0
388535,388535,388539,4,0
388535,388535,388539,4,0
388535,388535,388539,4,0
388535,388535,388538,3,0
388535,388535,388539,4,0
388535,388535,388539,4,0
388535,388535,388538,3,0
388535,388535,388538,3,0
388535,388535,388538,3,0
388535,388535,388538,3,0
388535,388535,388539,4,0
388535,388535,388539,4,0
388535,388535,388539,4,0
388535,388535,388539,4,0
388535,388535,388539,4,0
388535,388535,388538,3,0
388535,388535,388539,4,0
387965,387965,388542,577,0
388554,388554,388556,2,0
388554,388554,388556,2,0
388554,388554,388556,2,0
388554,388554,388556,2,0
388554,388554,388555,1,0
388554,388554,388556,2,0
388554,388554,388556,2,0
388554,388554,388556,2,0
388554,388554,388555,1,0
388554,388554,388556,2,0
388554,388554,388556,2,0
388554,388554,388555,1,0
388554,388554,388555,1,0
388554,388554,388555,1,0
388554,388554,388556,2,0
388554,388554,388556,2,0
388554,388554,388556,2,0
388554,388554,388555,1,0
388554,388554,388556,2,0
388554,388554,388556,2,0
388554,388554,388556,2,0
388554,388554,388555,1,0
388554,388554,388555,1,0
388554,388554,388556,2,0
388554,388554,388556,2,0
388554,388554,388557,3,0
388554,388554,388557,3,0
388554,388554,388557,3,0
388554,388554,388556,2,0
388554,388554,388557,3,0
388554,388554,388556,2,0
388554,388554,388556,2,0
388554,388554,388556,2,0
388554,388554,388557,3,0
388554,388554,388557,3,0
388554,388554,388556,2,0
388554,388554,388557,3,0
388554,388554,388557,3,0
388554,388554,388557,3,0
388554,388554,388557,3,0
388554,388554,388556,2,0
388554,388554,388557,3,0
388554,388554,388557,3,0
388554,388554,388557,3,0
388554,388554,388557,3,0
388554,388554,388558,4,0
388554,388554,388558,4,0
388554,388554,388557,3,0
388554,388554,388557,3,0
388554,388554,388558,4,0
388554,388554,388557,3,0
388554,388554,388558,4,0
388554,388554,388558,4,0
388554,388554,388557,3,0
388554,388554,388558,4,0
388554,388554,388558,4,0
388554,388554,388558,4,0
388554,388554,388558,4,0
388554,388554,388557,3,0
388554,388554,388558,4,0
388554,388554,388557,3,0
387963,387964,388592,628,1
388593,388593,388595,2,0
388593,388593,388595,2,0
388593,388594,388595,1,1
388593,388593,388595,2,0
388593,388593,388595,2,0
388593,388594,388595,1,1
388593,388593,388595,2,0
388593,388593,388595,2,0
388593,388594,388595,1,1
388593,388594,388595,1,1
388593,388594,388596,2,1
388593,388593,388595,2,0
388593,388593,388595,2,0
388593,388594,388595,1,1
388593,388593,388595,2,0
388593,388593,388595,2,0
388593,388593,388595,2,0
388593,388593,388595,2,0
388593,388593,388595,2,0
388593,388594,388595,1,1
388593,388594,388595,1,1
388593,388593,388595,2,0
388593,388593,388595,2,0
388593,388594,388596,2,1
388593,388593,388596,3,0
388593,388593,388596,3,0
388593,388593,388597,4,0
388593,388594,388596,2,1
388593,388593,388596,3,0
388593,388594,388596,2,1
388593,388593,388596,3,0
388593,388594,388596,2,1
388593,388593,388596,3,0
388593,388594,388596,2,1
388593,388593,388596,3,0
388593,388594,388596,2,1
388593,388594,388596,2,1
388593,388593,388596,3,0
388593,388594,388596,2,1
388593,388594,388596,2,1
388593,388593,388597,4,0
388593,388593,388597,4,0
388593,388593,388597,4,0
388593,388593,388597,4,0
388593,388593,388597,4,0
388593,388593,388597,4,0
388593,388593,388597,4,0
388593,388593,388597,4,0
388593,388593,388597,4,0
388593,388594,388597,3,1
388593,388593,388597,4,0
388593,388593,388597,4,0
388593,388594,388597,3,1
388593,388594,388597,3,1
388593,388594,388597,3,1
388593,388594,388597,3,1
388593,388594,388597,3,1
388593,388594,388597,3,1
388593,388594,388597,3,1
388593,388594,388598,4,1
388593,388594,388597,3,1
388174,388175,388625,450,1
388626,388626,388628,2,0
388626,388626,388628,2,0
388626,388626,388628,2,0
388626,388626,388628,2,0
388626,388626,388628,2,0
388626,388626,388628,2,0
388626,388626,388628,2,0
388626,388626,388628,2,0
388626,388626,388628,2,0
388626,388626,388628,2,0
388626,388626,388628,2,0
388626,388626,388628,2,0
388626,388626,388628,2,0
388626,388626,388628,2,0
388626,388626,388628,2,0
388626,388626,388628,2,0
388626,388626,388628,2,0
388626,388626,388628,2,0
388626,388626,388628,2,0
388626,388626,388629,3,0
388626,388626,388628,2,0
388626,388626,388628,2,0
388626,388626,388628,2,0
388626,388626,388629,3,0
388626,388626,388629,3,0
388626,388626,388629,3,0
388626,388626,388629,3,0
388626,388626,388629,3,0
388626,388626,388629,3,0
388626,388626,388629,3,0
388626,388626,388629,3,0
388626,388628,388629,1,2
388626,388626,388629,3,0
388626,388626,388629,3,0
388626,388626,388629,3,0
388626,388626,388629,3,0
388626,388626,388628,2,0
388626,388626,388629,3,0
388626,388626,388629,3,0
388626,388626,388629,3,0
388626,388626,388629,3,0
388626,388626,388629,3,0
388626,388626,388629,3,0
388626,388626,388630,4,0
388626,388626,388630,4,0
388626,388626,388630,4,0
388626,388626,388630,4,0
388626,388626,388630,4,0
388626,388626,388630,4,0
388626,388626,388630,4,0
388626,388626,388630,4,0
388626,388626,388630,4,0
388626,388626,388630,4,0
388626,388626,388630,4,0
388626,388626,388630,4,0
388626,388626,388630,4,0
388626,388626,388630,4,0
388626,388626,388630,4,0
388626,388626,388630,4,0
388626,388626,388629,3,0
388626,388626,388631,5,0
388203,388205,388645,440,2
388647,388647,388649,2,0
388647,388648,388649,1,1
388647,388647,388649,2,0
388647,388648,388649,1,1
388647,388648,388649,1,1
388647,388648,388649,1,1
388647,388648,388649,1,1
388647,388648,388650,2,1
388647,388648,388649,1,1
388647,388648,388649,1,1
388647,388648,388649,1,1
388647,388648,388649,1,1
388647,388647,388649,2,0
388647,388647,388649,2,0
388647,388647,388649,2,0
388647,388647,388649,2,0
388647,388647,388649,2,0
388647,388648,388649,1,1
388647,388648,388649,1,1
388647,388647,388649,2,0
388647,388647,388649,2,0
388647,388648,388649,1,1
388647,388648,388649,1,1
388647,388648,388650,2,1
388647,388648,388650,2,1
388647,388648,388651,3,1
388647,388648,388650,2,1
388647,388647,388651,4,0
388647,388648,388650,2,1
388647,388648,388650,2,1
388647,388648,388650,2,1
388647,388648,388650,2,1
388647,388648,388650,2,1
388647,388648,388650,2,1
388647,388647,388650,3,0
388647,388648,388650,2,1
388647,388648,388650,2,1
388647,388648,388650,2,1
388647,388648,388651,3,1
388647,388648,388650,2,1
388647,388648,388650,2,1
388647,388648,388650,2,1
388647,388648,388650,2,1
388647,388647,388651,4,0
388647,388647,388651,4,0
388647,388647,388651,4,0
388647,388648,388651,3,1
388647,388647,388651,4,0
388647,388648,388651,3,1
388647,388648,388651,3,1
388647,388648,388651,3,1
388647,388648,388651,3,1
388647,388648,388651,3,1
388647,388648,388651,3,1
388647,388648,388652,4,1
388647,388648,388651,3,1
388647,388648,388651,3,1
388626,388626,388633,7,0
388647,388652,388654,2,5
388647,388652,388655,3,5
388647,388652,388656,4,5
388243,388246,388675,429,3
388678,388678,388680,2,0
388678,388678,388680,2,0
388678,388678,388680,2,0
388678,388678,388680,2,0
388678,388678,388680,2,0
388678,388678,388680,2,0
388678,388678,388680,2,0
388678,388678,388680,2,0
388678,388678,388680,2,0
388678,388678,388680,2,0
388678,388678,388680,2,0
388678,388678,388680,2,0
388678,388678,388680,2,0
388678,388678,388680,2,0
388678,388678,388680,2,0
388678,388678,388680,2,0
388678,388678,388680,2,0
388678,388678,388680,2,0
388678,388678,388680,2,0
388678,388678,388680,2,0
388678,388678,388680,2,0
388678,388678,388681,3,0
388678,388678,388681,3,0
388678,388678,388681,3,0
388678,388678,388680,2,0
388678,388678,388680,2,0
388678,388678,388680,2,0
388678,388678,388680,2,0
388678,388678,388681,3,0
388678,388678,388681,3,0
388678,388678,388681,3,0
388678,388678,388681,3,0
388678,388678,388681,3,0
388678,388678,388680,2,0
388678,388678,388681,3,0
388678,388678,388681,3,0
388678,388678,388681,3,0
388678,388678,388680,2,0
388678,388678,388681,3,0
388678,388678,388682,4,0
388678,388678,388682,4,0
388678,388678,388682,4,0
388678,388678,388681,3,0
388678,388678,388682,4,0
388678,388678,388682,4,0
388678,388678,388681,3,0
388678,388678,388682,4,0
388678,388678,388682,4,0
388678,388678,388681,3,0
388678,388678,388682,4,0
388678,388678,388682,4,0
388678,388678,388682,4,0
388678,388678,388682,4,0
388678,388678,388681,3,0
388678,388678,388682,4,0
388678,388678,388682,4,0
388678,388678,388682,4,0
388678,388683,388685,2,5
388678,388683,388685,2,5
388209,388209,388685,476,0
388226,388226,388686,460,0
388688,388688,388690,2,0
388688,388688,388690,2,0
388688,388688,388690,2,0
388688,388688,388690,2,0
388688,388688,388690,2,0
388688,388688,388690,2,0
388688,388688,388690,2,0
388688,388688,388690,2,0
388688,388688,388690,2,0
388688,388688,388690,2,0
388688,388688,388690,2,0
388688,388688,388690,2,0
388688,388688,388690,2,0
388688,388688,388690,2,0
388688,388688,388690,2,0
388688,388688,388690,2,0
388688,388688,388690,2,0
388688,388688,388690,2,0
388688,388688,388690,2,0
388688,388688,388690,2,0
388688,388688,388690,2,0
388688,388688,388690,2,0
388688,388688,388691,3,0
388688,388688,388690,2,0
388688,388688,388691,3,0
388688,388688,388690,2,0
388688,388688,388691,3,0
388688,388688,388690,2,0
388688,388688,388690,2,0
388688,388688,388691,3,0
388688,388688,388691,3,0
388688,388688,388691,3,0
388688,388690,388691,1,2
388688,388688,388691,3,0
388688,388688,388690,2,0
388688,388688,388690,2,0
388688,388688,388690,2,0
388688,388688,388691,3,0
388688,388688,388691,3,0
388688,388688,388690,2,0
388688,388688,388690,2,0
388688,388688,388691,3,0
388688,388688,388691,3,0
388688,388688,388691,3,0
388688,388688,388691,3,0
388688,388688,388692,4,0
388688,388688,388692,4,0
388688,388688,388691,3,0
388688,388690,388691,1,2
388688,388688,388691,3,0
388688,388688,388692,4,0
388690,388690,388691,1,0
388690,388690,388691,1,0
388688,388688,388692,4,0
388688,388688,388692,4,0
388690,388690,388692,2,0
388688,388688,388691,3,0
388690,388690,388692,2,0
388690,388690,388692,2,0
388688,388688,388692,4,0
388688,388688,388691,3,0
388690,388690,388692,2,0
388690,388690,388692,2,0
388688,388688,388692,4,0
388690,388690,388692,2,0
388690,388690,388692,2,0
388690,388690,388692,2,0
388688,388688,388692,4,0
388688,388688,388691,3,0
388690,388690,388692,2,0
388690,388690,388692,2,0
388690,388690,388692,2,0
388690,388690,388692,2,0
388690,388690,388692,2,0
388688,388688,388692,4,0
388690,388690,388692,2,0
388690,388690,388691,1,0
388690,388690,388692,2,0
388690,388691,388692,1,1
388690,388691,388693,2,1
388690,388691,388693,2,1
388690,388691,388693,2,1
388690,388691,388694,3,1
388690,388692,388694,2,2
388690,388691,388694,3,1
388690,388691,388694,3,1
388690,388691,388694,3,1
388690,388691,388694,3,1
388690,388691,388694,3,1
388690,388691,388694,3,1
388690,388691,388694,3,1
388690,388692,388694,2,2
388690,388691,388695,4,1
388690,388691,388694,3,1
388690,388693,388694,1,3
388690,388693,388694,1,3
388690,388693,388694,1,3
388690,388693,388694,1,3
388690,388693,388694,1,3
388690,388693,388694,1,3
388690,388693,388694,1,3
388690,388691,388694,3,1
388690,388693,388694,1,3
388690,388693,388694,1,3
388690,388693,388694,1,3
388690,388693,388694,1,3
388690,388693,388694,1,3
388690,388692,388694,2,2
388690,388692,388695,3,2
388690,388692,388694,2,2
388690,388692,388695,3,2
388690,388691,388695,4,1
388690,388691,388695,4,1
388690,388691,388695,4,1
388690,388691,388695,4,1
388690,388691,388695,4,1
388690,388691,388695,4,1
388690,388691,388695,4,1
388690,388691,388695,4,1
388690,388693,388695,2,3
388690,388693,388695,2,3
388678,388683,388686,3,5
388678,388683,388687,4,5
388688,388706,388707,1,18
388688,388706,388707,1,18
388293,388293,388716,423,0
388272,388275,388720,445,3
388722,388723,388724,1,1
388722,388723,388724,1,1
388722,388723,388724,1,1
388722,388723,388724,1,1
388722,388723,388724,1,1
388722,388723,388724,1,1
388722,388723,388724,1,1
388722,388723,388724,1,1
388722,388723,388724,1,1
388722,388723,388724,1,1
388722,388723,388724,1,1
388722,388723,388724,1,1
388722,388723,388724,1,1
388722,388723,388724,1,1
388722,388723,388724,1,1
388722,388723,388724,1,1
388722,388723,388724,1,1
388722,388723,388724,1,1
388722,388723,388724,1,1
388722,388723,388724,1,1
388722,388723,388725,2,1
388722,388723,388724,1,1
388722,388723,388725,2,1
388722,388723,388725,2,1
388722,388723,388725,2,1
388722,388723,388725,2,1
388722,388723,388725,2,1
388722,388723,388725,2,1
388722,388723,388725,2,1
388722,388723,388725,2,1
388722,388723,388725,2,1
388722,388723,388725,2,1
388722,388723,388725,2,1
388722,388723,388726,3,1
388722,388723,388725,2,1
388722,388723,388725,2,1
388722,388723,388725,2,1
388722,388723,388725,2,1
388722,388723,388725,2,1
388722,388723,388725,2,1
388722,388723,388726,3,1
388722,388723,388726,3,1
388722,388723,388726,3,1
388722,388723,388726,3,1
388722,388723,388726,3,1
388722,388723,388727,4,1
388722,388723,388726,3,1
388722,388723,388726,3,1
388722,388723,388726,3,1
388722,388723,388726,3,1
388722,388723,388726,3,1
388722,388723,388726,3,1
388722,388723,388726,3,1
388722,388723,388726,3,1
388722,388723,388726,3,1
388722,388723,388727,4,1
388722,388725,388727,2,3
388722,388725,388728,3,3
388722,388725,388727,2,3
388722,388725,388729,4,3
388727,388728,388729,1,1
388727,388728,388730,2,1
388727,388728,388729,1,1
388727,388728,388729,1,1
388727,388728,388729,1,1
388727,388728,388729,1,1
388727,388728,388729,1,1
388727,388728,388729,1,1
388727,388728,388729,1,1
388727,388728,388729,1,1
388727,388728,388729,1,1
388727,388728,388729,1,1
388727,388728,388730,2,1
388727,388728,388729,1,1
388727,388728,388729,1,1
388727,388728,388729,1,1
388727,388728,388729,1,1
388727,388728,388729,1,1
388727,388728,388730,2,1
388722,388725,388730,5,3
388727,388728,388729,1,1
388727,388728,388730,2,1
388727,388728,388730,2,1
388727,388728,388730,2,1
388727,388728,388730,2,1
388727,388728,388730,2,1
388727,388728,388730,2,1
388727,388728,388730,2,1
388727,388728,388730,2,1
388727,388728,388730,2,1
388727,388728,388730,2,1
388727,388728,388730,2,1
388727,388728,388730,2,1
388727,388728,388730,2,1
388727,388728,388731,3,1
388727,388728,388730,2,1
388727,388728,388730,2,1
388727,388728,388730,2,1
388727,388728,388730,2,1
388727,388728,388730,2,1
388727,388728,388730,2,1
388727,388728,388731,3,1
388727,388728,388730,2,1
388727,388728,388731,3,1
388727,388728,388731,3,1
388727,388728,388731,3,1
388727,388728,388731,3,1
388727,388730,388731,1,3
388727,388728,388731,3,1
388727,388728,388731,3,1
388727,388728,388731,3,1
388727,388728,388731,3,1
388727,388728,388731,3,1
388727,388728,388731,3,1
388727,388728,388731,3,1
388727,388728,388731,3,1
388727,388728,388731,3,1
388727,388728,388731,3,1
388727,388728,388731,3,1
388727,388728,388731,3,1
388727,388728,388731,3,1
388727,388729,388732,3,2
388307,388308,388753,445,1
388311,388312,388759,447,1
388763,388764,388765,1,1
388763,388764,388765,1,1
388763,388764,388765,1,1
388763,388764,388766,2,1
388763,388764,388765,1,1
388763,388764,388765,1,1
388763,388764,388765,1,1
388763,388764,388765,1,1
388763,388764,388765,1,1
388763,388764,388765,1,1
388763,388764,388765,1,1
388763,388764,388765,1,1
388763,388764,388765,1,1
388763,388764,388765,1,1
388763,388764,388765,1,1
388763,388764,388765,1,1
388763,388764,388765,1,1
388763,388764,388766,2,1
388763,388764,388765,1,1
388763,388764,388766,2,1
388763,388764,388765,1,1
388763,388764,388765,1,1
388763,388764,388765,1,1
388763,388764,388765,1,1
388763,388764,388765,1,1
388763,388764,388765,1,1
388763,388764,388766,2,1
388763,388764,388766,2,1
388763,388764,388766,2,1
388763,388764,388766,2,1
388763,388764,388766,2,1
388763,388764,388766,2,1
388763,388764,388766,2,1
388763,388764,388767,3,1
388763,388764,388766,2,1
388763,388764,388767,3,1
388763,388764,388767,3,1
388763,388764,388766,2,1
388763,388764,388766,2,1
388763,388764,388766,2,1
388763,388764,388767,3,1
388763,388764,388766,2,1
388763,388765,388766,1,2
388763,388764,388766,2,1
388763,388764,388767,3,1
388763,388764,388766,2,1
388763,388764,388767,3,1
388763,388764,388767,3,1
388763,388764,388767,3,1
388763,388766,388767,1,3
388763,388764,388767,3,1
388763,388764,388767,3,1
388763,388766,388767,1,3
388763,388766,388767,1,3
388763,388764,388767,3,1
388763,388766,388767,1,3
388763,388766,388767,1,3
388763,388764,388767,3,1
388763,388766,388767,1,3
388763,388766,388767,1,3
388763,388764,388767,3,1
388763,388764,388767,3,1
388763,388766,388767,1,3
388763,388766,388767,1,3
388763,388766,388767,1,3
388763,388766,388767,1,3
388763,388764,388767,3,1
388763,388766,388767,1,3
388763,388766,388767,1,3
388763,388766,388767,1,3
388763,388764,388767,3,1
388763,388766,388767,1,3
388763,388766,388767,1,3
388763,388766,388768,2,3
388763,388764,388767,3,1
388763,388766,388767,1,3
388763,388766,388767,1,3
388763,388766,388767,1,3
388763,388766,388767,1,3
388763,388768,388769,1,5
388763,388768,388769,1,5
388763,388767,388769,2,4
388763,388767,388769,2,4
388763,388767,388769,2,4
388763,388766,388768,2,3
388763,388766,388769,3,3
388763,388766,388769,3,3
388763,388766,388769,3,3
388763,388766,388769,3,3
388763,388768,388770,2,5
388763,388768,388770,2,5
388763,388768,388769,1,5
388763,388768,388769,1,5
388763,388768,388769,1,5
388763,388768,388769,1,5
388763,388768,388770,2,5
388763,388768,388769,1,5
388763,388768,388769,1,5
388763,388768,388769,1,5
388763,388767,388770,3,4
388763,388767,388770,3,4
388763,388767,388770,3,4
388763,388768,388769,1,5
388763,388767,388770,3,4
388763,388767,388770,3,4
388763,388767,388770,3,4
388763,388767,388769,2,4
388763,388767,388769,2,4
388763,388767,388769,2,4
388763,388766,388769,3,3
388763,388766,388769,3,3
388763,388766,388769,3,3
388763,388767,388769,2,4
388763,388767,388769,2,4
388763,388767,388769,2,4
388763,388767,388770,3,4
388763,388767,388770,3,4
388763,388767,388770,3,4
388763,388767,388770,3,4
388763,388767,388770,3,4
388309,388309,388776,467,0
388348,388348,388782,434,0
388763,388766,388784,18,3
388763,388766,388785,19,3
388785,388785,388787,2,0
388785,388786,388787,1,1
388785,388785,388787,2,0
388785,388785,388787,2,0
388785,388785,388787,2,0
388785,388785,388787,2,0
388785,388785,388787,2,0
388785,388785,388787,2,0
388785,388785,388787,2,0
388785,388785,388787,2,0
388785,388785,388787,2,0
388785,388785,388787,2,0
388785,388785,388787,2,0
388785,388785,388787,2,0
388785,388785,388787,2,0
388785,388785,388787,2,0
388785,388785,388787,2,0
388785,388785,388787,2,0
388785,388785,388787,2,0
388785,388785,388787,2,0
388785,388785,388787,2,0
388785,388785,388787,2,0
388785,388785,388787,2,0
388785,388785,388787,2,0
388785,388785,388787,2,0
388785,388785,388788,3,0
388785,388785,388788,3,0
388785,388785,388788,3,0
388785,388785,388788,3,0
388785,388785,388788,3,0
388785,388785,388788,3,0
388785,388785,388788,3,0
388785,388785,388788,3,0
388785,388785,388788,3,0
388785,388785,388788,3,0
388785,388785,388788,3,0
388785,388785,388788,3,0
388785,388785,388788,3,0
388785,388785,388788,3,0
388785,388785,388788,3,0
388785,388785,388788,3,0
388785,388785,388789,4,0
388785,388785,388788,3,0
388785,388785,388788,3,0
388785,388785,388789,4,0
388785,388785,388789,4,0
388785,388785,388789,4,0
388785,388785,388789,4,0
388785,388785,388789,4,0
388785,388785,388789,4,0
388785,388785,388789,4,0
388785,388785,388789,4,0
388785,388785,388789,4,0
388785,388785,388789,4,0
388785,388785,388789,4,0
388785,388785,388789,4,0
388785,388785,388789,4,0
388785,388785,388789,4,0
388785,388786,388789,3,1
388785,388786,388794,8,1
388785,388786,388796,10,1
388785,388786,388798,12,1
388801,388801,388803,2,0
388801,388801,388803,2,0
388801,388801,388803,2,0
388801,388801,388803,2,0
388801,388801,388803,2,0
388801,388801,388803,2,0
388801,388801,388803,2,0
388801,388802,388803,1,1
388801,388801,388803,2,0
388801,388801,388803,2,0
388801,388801,388803,2,0
388801,388801,388803,2,0
388801,388801,388803,2,0
388801,388801,388803,2,0
388801,388801,388803,2,0
388801,388801,388803,2,0
388801,388801,388803,2,0
388801,388801,388803,2,0
388801,388801,388803,2,0
388801,388801,388803,2,0
388801,388801,388803,2,0
388801,388801,388803,2,0
388801,388801,388803,2,0
388801,388801,388803,2,0
388801,388801,388803,2,0
388801,388801,388803,2,0
388801,388801,388803,2,0
388801,388801,388804,3,0
388801,388801,388804,3,0
388801,388801,388804,3,0
388801,388801,388804,3,0
388801,388801,388803,2,0
388801,388801,388804,3,0
388801,388801,388804,3,0
388801,388801,388803,2,0
388801,388801,388804,3,0
388801,388801,388803,2,0
388801,388801,388804,3,0
388801,388801,388803,2,0
388801,388801,388804,3,0
388801,388801,388804,3,0
388801,388802,388803,1,1
388801,388802,388803,1,1
388801,388802,388804,2,1
388801,388801,388805,4,0
388801,388801,388804,3,0
388801,388801,388804,3,0
388801,388801,388805,4,0
388801,388801,388805,4,0
388801,388801,388805,4,0
388801,388801,388804,3,0
388801,388801,388805,4,0
388801,388804,388806,2,3
388801,388804,388806,2,3
388801,388804,388807,3,3
388801,388804,388807,3,3
388801,388802,388805,3,1
388801,388802,388805,3,1
388801,388801,388805,4,0
388801,388801,388805,4,0
388801,388801,388804,3,0
388382,388383,388847,464,1
388849,388849,388851,2,0
388849,388849,388851,2,0
388849,388849,388851,2,0
388849,388849,388851,2,0
388849,388849,388851,2,0
388849,388849,388851,2,0
388849,388849,388851,2,0
388849,388849,388851,2,0
388849,388849,388851,2,0
388849,388849,388851,2,0
388849,388849,388851,2,0
388849,388849,388851,2,0
388849,388849,388851,2,0
388849,388849,388851,2,0
388849,388849,388851,2,0
388849,388849,388851,2,0
388849,388849,388851,2,0
388849,388849,388851,2,0
388849,388849,388851,2,0
388849,388849,388852,3,0
388849,388849,388851,2,0
388849,388849,388851,2,0
388849,388849,388851,2,0
388849,388849,388851,2,0
388849,388849,388851,2,0
388849,388849,388852,3,0
388849,388849,388852,3,0
388849,388849,388851,2,0
388849,388849,388852,3,0
388849,388849,388852,3,0
388849,388849,388852,3,0
388849,388849,388852,3,0
388849,388849,388852,3,0
388849,388849,388852,3,0
388849,388849,388852,3,0
388849,388849,388852,3,0
388849,388849,388852,3,0
388849,388849,388851,2,0
388849,388849,388852,3,0
388849,388849,388852,3,0
388849,388849,388852,3,0
388849,388850,388853,3,1
388849,388850,388852,2,1
388849,388849,388852,3,0
388849,388849,388852,3,0
388849,388850,388852,2,1
388849,388850,388852,2,1
388849,388849,388853,4,0
388849,388849,388853,4,0
388849,388849,388853,4,0
388849,388849,388853,4,0
388849,388849,388853,4,0
388849,388849,388853,4,0
388849,388849,388853,4,0
388849,388849,388853,4,0
388849,388849,388853,4,0
388849,388850,388853,3,1
388849,388849,388853,4,0
388849,388849,388853,4,0
388849,388850,388853,3,1
388352,388353,388855,502,1
388849,388850,388855,5,1
388423,388424,388858,434,1
388870,388870,388871,1,0
388870,388870,388872,2,0
388870,388870,388872,2,0
388870,388870,388871,1,0
388870,388870,388872,2,0
388870,388870,388871,1,0
388870,388870,388872,2,0
388870,388870,388872,2,0
388870,388870,388872,2,0
388870,388870,388872,2,0
388870,388870,388872,2,0
388870,388870,388872,2,0
388870,388870,388872,2,0
388870,388870,388871,1,0
388870,388870,388872,2,0
388870,388870,388872,2,0
388870,388870,388872,2,0
388870,388870,388871,1,0
388870,388870,388871,1,0
388870,388870,388872,2,0
388870,388870,388872,2,0
388870,388870,388872,2,0
388870,388870,388872,2,0
388870,388870,388872,2,0
388870,388870,388872,2,0
388870,388871,388872,1,1
388870,388870,388872,2,0
388870,388870,388872,2,0
388870,388870,388872,2,0
388870,388870,388872,2,0
388870,388870,388872,2,0
388870,388870,388872,2,0
388870,388871,388872,1,1
388870,388871,388873,2,1
388870,388870,388872,2,0
388870,388872,388873,1,2
388870,388870,388873,3,0
388870,388870,388872,2,0
388870,388870,388873,3,0
388870,388870,388872,2,0
388870,388870,388873,3,0
388870,388870,388873,3,0
388870,388870,388873,3,0
388870,388870,388873,3,0
388870,388870,388873,3,0
388870,388870,388873,3,0
388870,388870,388873,3,0
388870,388870,388873,3,0
388870,388870,388872,2,0
388870,388870,388873,3,0
388870,388870,388873,3,0
388870,388870,388872,2,0
388870,388870,388873,3,0
388870,388871,388874,3,1
388870,388871,388874,3,1
388870,388870,388874,4,0
388870,388870,388873,3,0
388870,388872,388874,2,2
388870,388870,388874,4,0
388870,388872,388874,2,2
388870,388872,388874,2,2
388870,388870,388874,4,0
388870,388872,388873,1,2
388870,388872,388874,2,2
388870,388870,388874,4,0
388870,388870,388874,4,0
388870,388872,388874,2,2
388870,388872,388874,2,2
388870,388872,388874,2,2
388870,388872,388874,2,2
388870,388872,388874,2,2
388870,388872,388874,2,2
388870,388870,388874,4,0
388870,388872,388874,2,2
388870,388872,388873,1,2
388870,388870,388873,3,0
388870,388872,388874,2,2
388870,388870,388874,4,0
388870,388872,388874,2,2
388870,388872,388874,2,2
388870,388872,388874,2,2
388870,388872,388874,2,2
388870,388872,388874,2,2
388870,388872,388874,2,2
388870,388872,388874,2,2
388870,388872,388874,2,2
388870,388874,388875,1,4
388870,388874,388875,1,4
388870,388874,388875,1,4
388870,388874,388875,1,4
388870,388874,388875,1,4
388870,388874,388875,1,4
388870,388873,388875,2,3
388870,388873,388875,2,3
388870,388872,388875,3,2
388870,388872,388875,3,2
388870,388873,388875,2,3
388870,388873,388875,2,3
388870,388873,388875,2,3
388870,388874,388875,1,4
388870,388873,388875,2,3
388870,388873,388875,2,3
388870,388873,388875,2,3
388870,388873,388875,2,3
388870,388874,388875,1,4
388870,388873,388876,3,3
388870,388873,388876,3,3
388870,388874,388876,2,4
388870,388873,388876,3,3
388870,388873,388876,3,3
388870,388874,388876,2,4
388870,388873,388876,3,3
388870,388873,388876,3,3
388870,388872,388876,4,2
388870,388872,388876,4,2
388870,388873,388876,3,3
388870,388873,388876,3,3
388870,388872,388876,4,2
388870,388873,388876,3,3
388870,388872,388876,4,2
388870,388872,388876,4,2
388870,388872,388876,4,2
388870,388874,388876,2,4
388870,388874,388876,2,4
388400,388401,388897,496,1
388904,388905,388906,1,1
388904,388905,388906,1,1
388904,388905,388906,1,1
388904,388905,388906,1,1
388904,388905,388906,1,1
388904,388905,388907,2,1
388904,388905,388906,1,1
388904,388905,388906,1,1
388904,388905,388906,1,1
388904,388905,388906,1,1
388904,388905,388906,1,1
388904,388905,388906,1,1
388904,388905,388906,1,1
388904,388905,388906,1,1
388904,388905,388906,1,1
388904,388905,388906,1,1
388904,388905,388906,1,1
388904,388905,388906,1,1
388904,388905,388906,1,1
388904,388905,388906,1,1
388904,388905,388906,1,1
388904,388905,388906,1,1
388904,388905,388906,1,1
388904,388905,388906,1,1
388904,388905,388906,1,1
388904,388905,388907,2,1
388904,388905,388907,2,1
388904,388905,388907,2,1
388904,388905,388907,2,1
388904,388905,388907,2,1
388904,388905,388907,2,1
388904,388905,388907,2,1
388904,388905,388908,3,1
388904,388905,388907,2,1
388904,388905,388907,2,1
388904,388905,388907,2,1
388904,388905,388907,2,1
388904,388905,388907,2,1
388904,388905,388907,2,1
388904,388905,388908,3,1
388904,388905,388907,2,1
388904,388905,388907,2,1
388904,388905,388907,2,1
388904,388905,388907,2,1
388904,388905,388908,3,1
388904,388905,388907,2,1
388904,388905,388908,3,1
388904,388905,388908,3,1
388904,388905,388908,3,1
388904,388905,388908,3,1
388904,388905,388908,3,1
388904,388905,388908,3,1
388904,388905,388908,3,1
388904,388905,388908,3,1
388904,388905,388908,3,1
388904,388905,388908,3,1
388904,388905,388909,4,1
388904,388905,388908,3,1
388904,388905,388908,3,1
388904,388905,388908,3,1
388904,388905,388909,4,1
388464,388465,388911,446,1
388460,388461,388919,458,1
388922,388923,388924,1,1
388922,388923,388924,1,1
388922,388923,388924,1,1
388922,388922,388924,2,0
388922,388922,388924,2,0
388922,388923,388925,2,1
388922,388922,388924,2,0
388922,388923,388924,1,1
388922,388922,388924,2,0
388922,388922,388924,2,0
388922,388923,388924,1,1
388922,388923,388924,1,1
388922,388923,388924,1,1
388922,388922,388924,2,0
388922,388922,388924,2,0
388922,388923,388924,1,1
388922,388923,388924,1,1
388922,388923,388924,1,1
388922,388922,388924,2,0
388922,388923,388924,1,1
388922,388923,388924,1,1
388922,388922,388925,3,0
388922,388923,388925,2,1
388922,388923,388925,2,1
388922,388923,388926,3,1
388922,388923,388925,2,1
388922,388923,388925,2,1
388922,388923,388925,2,1
388922,388923,388925,2,1
388922,388923,388925,2,1
388922,388922,388925,3,0
388922,388923,388925,2,1
388922,388923,388925,2,1
388922,388923,388925,2,1
388924,388925,388926,1,1
388922,388922,388925,3,0
388922,388923,388925,2,1
388922,388923,388925,2,1
388922,388923,388925,2,1
388922,388923,388925,2,1
388922,388923,388925,2,1
388922,388923,388925,2,1
388922,388923,388926,3,1
388922,388923,388925,2,1
388922,388923,388925,2,1
388922,388923,388926,3,1
388922,388923,388926,3,1
388924,388925,388926,1,1
388922,388922,388926,4,0
388922,388923,388927,4,1
388922,388923,388926,3,1
388922,388923,388926,3,1
388922,388923,388926,3,1
388924,388925,388926,1,1
388922,388922,388926,4,0
388922,388923,388926,3,1
388922,388923,388926,3,1
388924,388925,388926,1,1
388924,388925,388926,1,1
388924,388925,388926,1,1
388922,388923,388926,3,1
388922,388923,388926,3,1
388924,388925,388926,1,1
388924,388925,388926,1,1
388922,388923,388927,4,1
388922,388923,388926,3,1
388924,388925,388926,1,1
388924,388925,388926,1,1
388924,388925,388926,1,1
388924,388925,388926,1,1
388924,388925,388926,1,1
388922,388923,388926,3,1
388922,388923,388926,3,1
388924,388925,388926,1,1
388924,388925,388926,1,1
388924,388925,388926,1,1
388924,388925,388926,1,1
388924,388925,388927,2,1
388922,388923,388926,3,1
388924,388927,388928,1,3
388924,388927,388928,1,3
388924,388927,388928,1,3
388924,388927,388928,1,3
388924,388927,388928,1,3
388924,388927,388928,1,3
388924,388926,388928,2,2
388924,388925,388927,2,1
388924,388925,388927,2,1
388924,388925,388927,2,1
388924,388926,388928,2,2
388924,388926,388928,2,2
388924,388927,388929,2,3
388924,388926,388928,2,2
388924,388926,388929,3,2
388924,388926,388928,2,2
388924,388927,388928,1,3
388924,388927,388928,1,3
388924,388926,388929,3,2
388924,388926,388929,3,2
388924,388927,388929,2,3
388924,388927,388928,1,3
388924,388927,388928,1,3
388924,388927,388928,1,3
388924,388926,388929,3,2
388924,388926,388928,2,2
388924,388926,388928,2,2
388924,388926,388928,2,2
388924,388926,388928,2,2
388924,388926,388928,2,2
388924,388926,388928,2,2
388924,388926,388928,2,2
388924,388926,388928,2,2
388924,388926,388929,3,2
388924,388926,388929,3,2
388924,388926,388929,3,2
388924,388926,388929,3,2
388924,388926,388929,3,2
388924,388926,388929,3,2
388924,388926,388929,3,2
388924,388929,388931,2,5
388924,388929,388931,2,5
388924,388929,388931,2,5
388536,388537,388980,443,1
388981,388982,388983,1,1
388981,388982,388983,1,1
388981,388982,388983,1,1
388981,388982,388983,1,1
388981,388982,388983,1,1
388981,388982,388983,1,1
388981,388982,388983,1,1
388981,388982,388983,1,1
388981,388982,388983,1,1
388981,388982,388984,2,1
388981,388982,388983,1,1
388981,388982,388983,1,1
388981,388982,388983,1,1
388981,388982,388983,1,1
388981,388982,388984,2,1
388981,388982,388984,2,1
388981,388982,388984,2,1
388981,388982,388983,1,1
388981,388982,388984,2,1
388981,388982,388984,2,1
388981,388982,388984,2,1
388981,388982,388983,1,1
388981,388982,388985,3,1
388981,388982,388984,2,1
388981,388982,388984,2,1
388981,388982,388984,2,1
388981,388982,388984,2,1
388981,388982,388984,2,1
388981,388982,388984,2,1
388981,388982,388984,2,1
388981,388982,388985,3,1
388981,388982,388985,3,1
388981,388982,388984,2,1
388981,388982,388984,2,1
388981,388982,388984,2,1
388981,388982,388984,2,1
388981,388982,388985,3,1
388981,388982,388985,3,1
388981,388982,388984,2,1
388981,388982,388985,3,1
388981,388982,388984,2,1
388981,388982,388984,2,1
388981,388982,388986,4,1
388981,388982,388986,4,1
388981,388982,388985,3,1
388981,388982,388985,3,1
388981,388982,388985,3,1
388981,388982,388985,3,1
388981,388982,388985,3,1
388981,388982,388985,3,1
388981,388982,388985,3,1
388981,388982,388985,3,1
388981,388982,388985,3,1
388981,388982,388985,3,1
388981,388982,388985,3,1
388981,388982,388985,3,1
388981,388982,388985,3,1
388981,388982,388985,3,1
388981,388982,388986,4,1
388981,388982,388985,3,1
388981,388982,388986,4,1
388555,388556,388988,432,1
389002,389003,389004,1,1
389002,389003,389004,1,1
389002,389003,389004,1,1
389002,389003,389004,1,1
389002,389003,389005,2,1
389002,389003,389005,2,1
389002,389003,389004,1,1
389002,389003,389004,1,1
389002,389003,389005,2,1
389002,389003,389004,1,1
389002,389003,389005,2,1
389002,389003,389005,2,1
389002,389003,389005,2,1
389002,389003,389005,2,1
389002,389003,389004,1,1
389002,389003,389004,1,1
389002,389003,389004,1,1
389002,389003,389005,2,1
389002,389003,389004,1,1
389002,389003,389004,1,1
389002,389003,389005,2,1
389002,389003,389005,2,1
389002,389003,389005,2,1
389002,389003,389005,2,1
389002,389003,389005,2,1
389002,389003,389006,3,1
389002,389003,389005,2,1
389002,389003,389006,3,1
389002,389003,389005,2,1
389002,389003,389005,2,1
389002,389003,389005,2,1
389002,389003,389006,3,1
389002,389003,389005,2,1
389002,389003,389006,3,1
389002,389003,389005,2,1
389002,389003,389006,3,1
389002,389003,389006,3,1
389002,389003,389006,3,1
389002,389003,389005,2,1
389002,389003,389006,3,1
389002,389003,389005,2,1
389002,389003,389005,2,1
389002,389003,389005,2,1
389002,389003,389005,2,1
389002,389003,389006,3,1
389002,389003,389006,3,1
389002,389003,389006,3,1
389002,389003,389007,4,1
389002,389003,389007,4,1
389002,389003,389006,3,1
389002,389003,389006,3,1
389002,389003,389006,3,1
389002,389003,389006,3,1
389002,389003,389006,3,1
389002,389003,389007,4,1
389002,389003,389007,4,1
389002,389003,389006,3,1
389002,389003,389006,3,1
389002,389003,389006,3,1
389002,389003,389006,3,1
389002,389003,389006,3,1
388595,388596,389045,449,1
389049,389049,389051,2,0
389049,389049,389051,2,0
389049,389049,389051,2,0
389049,389049,389051,2,0
389049,389049,389050,1,0
389049,389049,389051,2,0
389049,389049,389051,2,0
389049,389049,389051,2,0
389049,389049,389051,2,0
389049,389049,389051,2,0
389049,389049,389051,2,0
389049,389049,389051,2,0
389049,389049,389051,2,0
389049,389049,389051,2,0
389049,389049,389051,2,0
389049,389049,389051,2,0
389049,389049,389051,2,0
389049,389049,389051,2,0
389049,389049,389051,2,0
389049,389049,389051,2,0
389049,389049,389051,2,0
389049,389049,389050,1,0
389049,389049,389051,2,0
389049,389049,389051,2,0
389049,389049,389051,2,0
389049,389049,389052,3,0
389049,389050,389052,2,1
389049,389050,389052,2,1
389049,389049,389051,2,0
389049,389049,389052,3,0
389049,389049,389051,2,0
389049,389049,389052,3,0
389049,389049,389052,3,0
389049,389049,389052,3,0
389049,389049,389052,3,0
389049,389049,389052,3,0
389049,389049,389052,3,0
389049,389049,389051,2,0
389049,389049,389052,3,0
389049,389049,389052,3,0
389049,389050,389053,3,1
389049,389049,389052,3,0
389049,389049,389053,4,0
389049,389049,389052,3,0
389049,389049,389053,4,0
389049,389049,389052,3,0
389049,389049,389053,4,0
389049,389049,389053,4,0
389049,389049,389053,4,0
389049,389049,389053,4,0
389049,389049,389053,4,0
389049,389049,389053,4,0
389049,389049,389052,3,0
389049,389049,389053,4,0
389049,389049,389052,3,0
389049,389049,389053,4,0
389049,389049,389053,4,0
389049,389049,389053,4,0
389049,389049,389053,4,0
389049,389050,389054,4,1
389049,389050,389053,3,1
388627,388629,389090,461,2
389091,389091,389093,2,0
389091,389091,389093,2,0
389091,389091,389092,1,0
389091,389091,389093,2,0
389091,389091,389093,2,0
389091,389091,389092,1,0
389091,389091,389092,1,0
389091,389091,389093,2,0
389091,389091,389092,1,0
389091,389091,389093,2,0
389091,389091,389093,2,0
389091,389091,389093,2,0
389091,389091,389093,2,0
389091,389091,389093,2,0
389091,389091,389093,2,0
389091,389091,389093,2,0
389091,389091,389092,1,0
389091,389091,389093,2,0
389091,389091,389093,2,0
389091,389091,389093,2,0
389091,389091,389093,2,0
389091,389091,389093,2,0
389091,389091,389093,2,0
389091,389091,389094,3,0
389091,389091,389094,3,0
389091,389091,389094,3,0
389091,389091,389093,2,0
389091,389091,389094,3,0
389091,389091,389094,3,0
389091,389091,389093,2,0
389091,389091,389094,3,0
389091,389091,389093,2,0
389091,389091,389094,3,0
389091,389091,389094,3,0
389091,389091,389094,3,0
389091,389091,389094,3,0
389091,389091,389094,3,0
389091,389091,389094,3,0
389091,389091,389094,3,0
389091,389091,389095,4,0
389091,389091,389094,3,0
389091,389091,389094,3,0
389091,389091,389095,4,0
389091,389091,389094,3,0
389091,389091,389094,3,0
389091,389091,389094,3,0
389091,389091,389095,4,0
389091,389091,389095,4,0
389091,389091,389095,4,0
389091,389091,389095,4,0
389091,389091,389095,4,0
389091,389091,389095,4,0
389091,389091,389094,3,0
389091,389091,389094,3,0
389091,389110,389111,1,19
389091,389110,389111,1,19
389091,389110,389111,1,19
389091,389110,389111,1,19
389091,389110,389111,1,19
389091,389110,389113,3,19
389091,389110,389113,3,19
388649,388650,389132,482,1
389134,389134,389136,2,0
389134,389134,389136,2,0
389134,389134,389136,2,0
389134,389134,389136,2,0
389134,389134,389136,2,0
389134,389134,389136,2,0
389134,389134,389136,2,0
389134,389134,389136,2,0
389134,389134,389136,2,0
389134,389134,389135,1,0
389134,389134,389136,2,0
389134,389134,389136,2,0
389134,389134,389136,2,0
389134,389134,389136,2,0
389134,389134,389136,2,0
389134,389134,389136,2,0
389134,389134,389136,2,0
389134,389134,389136,2,0
389134,389134,389136,2,0
389134,389134,389136,2,0
389134,389134,389136,2,0
389134,389134,389137,3,0
389134,389134,389137,3,0
389134,389134,389137,3,0
389134,389134,389136,2,0
389134,389134,389137,3,0
389134,389134,389136,2,0
389134,389134,389137,3,0
389134,389134,389136,2,0
389134,389134,389136,2,0
389134,389134,389137,3,0
389134,389134,389137,3,0
389134,389134,389137,3,0
389134,389134,389136,2,0
389134,389134,389136,2,0
389134,389134,389137,3,0
389134,389134,389137,3,0
389134,389134,389136,2,0
388691,388693,389138,445,2
389134,389135,389137,2,1
389134,389134,389138,4,0
389134,389134,389138,4,0
389134,389134,389138,4,0
389134,389134,389138,4,0
389134,389134,389137,3,0
389134,389134,389138,4,0
389134,389134,389138,4,0
389134,389134,389138,4,0
389134,389134,389138,4,0
389134,389134,389137,3,0
389134,389134,389137,3,0
389134,389134,389138,4,0
389134,389134,389138,4,0
389134,389134,389137,3,0
389134,389134,389138,4,0
389134,389134,389138,4,0
389134,389134,389138,4,0
389134,389134,389138,4,0
389134,389134,389137,3,0
389134,389135,389138,3,1
389134,389135,389140,5,1
389134,389135,389139,4,1
389140,389140,389142,2,0
389140,389140,389142,2,0
389140,389140,389142,2,0
389140,389140,389142,2,0
389140,389140,389142,2,0
389140,389140,389142,2,0
389140,389140,389142,2,0
389140,389140,389142,2,0
389140,389140,389142,2,0
389140,389141,389142,1,1
389140,389140,389142,2,0
389140,389140,389142,2,0
389140,389140,389142,2,0
389140,389140,389142,2,0
389140,389140,389142,2,0
389140,389140,389142,2,0
389140,389140,389142,2,0
389140,389140,389142,2,0
389140,389140,389142,2,0
389140,389140,389142,2,0
389140,389140,389142,2,0
389140,389140,389143,3,0
389140,389140,389142,2,0
389140,389140,389143,3,0
389140,389140,389143,3,0
389140,389140,389142,2,0
389140,389140,389143,3,0
389140,389140,389143,3,0
389140,389140,389143,3,0
389140,389140,389143,3,0
389140,389140,389143,3,0
389140,389141,389142,1,1
389140,389141,389143,2,1
389140,389141,389143,2,1
389140,389141,389143,2,1
389140,389140,389143,3,0
389140,389140,389143,3,0
389140,389140,389143,3,0
389140,389140,389143,3,0
389140,389140,389143,3,0
389140,389140,389143,3,0
389140,389140,389143,3,0
389140,389140,389143,3,0
389140,389140,389143,3,0
389140,389140,389144,4,0
389140,389140,389144,4,0
389140,389140,389143,3,0
389140,389140,389144,4,0
389140,389140,389144,4,0
389140,389140,389144,4,0
389140,389140,389144,4,0
389140,389140,389144,4,0
389140,389140,389144,4,0
389140,389140,389144,4,0
389140,389140,389144,4,0
389140,389140,389144,4,0
389140,389141,389144,3,1
389140,389141,389144,3,1
389140,389140,389144,4,0
389140,389140,389144,4,0
389140,389140,389144,4,0
388679,388680,389160,480,1
388689,388690,389160,470,1
388724,388724,389175,451,0
389177,389177,389178,1,0
389177,389177,389179,2,0
389177,389177,389179,2,0
389177,389177,389178,1,0
389177,389177,389179,2,0
389177,389177,389179,2,0
389177,389177,389179,2,0
389177,389177,389179,2,0
389177,389177,389179,2,0
389177,389177,389179,2,0
389177,389177,389179,2,0
389177,389177,389179,2,0
389177,389177,389179,2,0
389177,389177,389179,2,0
389177,389177,389179,2,0
389177,389177,389179,2,0
389177,389177,389179,2,0
389177,389177,389179,2,0
389177,389177,389179,2,0
389177,389177,389179,2,0
389177,389177,389179,2,0
389177,389177,389179,2,0
389177,389177,389179,2,0
389177,389177,389179,2,0
389177,389177,389179,2,0
389177,389177,389179,2,0
389177,389179,389180,1,2
389177,389177,389179,2,0
389177,389177,389180,3,0
389177,389177,389180,3,0
389177,389177,389179,2,0
389177,389178,389179,1,1
389177,389177,389180,3,0
389177,389177,389180,3,0
389177,389177,389180,3,0
389177,389177,389180,3,0
389177,389177,389180,3,0
389177,389177,389179,2,0
389177,389177,389179,2,0
389177,389177,389180,3,0
389177,389177,389180,3,0
389177,389177,389180,3,0
389177,389177,389179,2,0
389177,389177,389181,4,0
389177,389178,389180,2,1
389177,389178,389180,2,1
389177,389178,389181,3,1
389177,389178,389180,2,1
389177,389178,389180,2,1
389177,389177,389181,4,0
389177,389177,389180,3,0
389177,389179,389180,1,2
389177,389179,389180,1,2
389177,389177,389181,4,0
389177,389177,389181,4,0
389177,389177,389181,4,0
389177,389179,389181,2,2
389177,389179,389181,2,2
389177,389179,389181,2,2
389177,389177,389181,4,0
389177,389177,389181,4,0
389177,389179,389180,1,2
389177,389179,389181,2,2
389177,389179,389181,2,2
389177,389179,389181,2,2
389177,389177,389181,4,0
389177,389177,389181,4,0
389177,389179,389181,2,2
389177,389179,389181,2,2
389177,389177,389180,3,0
389177,389177,389181,4,0
389177,389177,389181,4,0
389177,389179,389181,2,2
389177,389179,389181,2,2
389177,389179,389181,2,2
389177,389179,389181,2,2
389177,389177,389180,3,0
389177,389177,389181,4,0
389177,389177,389181,4,0
389177,389179,389181,2,2
389177,389179,389181,2,2
389177,389179,389182,3,2
389177,389179,389182,3,2
389177,389179,389182,3,2
389177,389179,389182,3,2
389177,389179,389182,3,2
389177,389179,389182,3,2
389177,389181,389183,2,4
389177,389181,389183,2,4
389177,389181,389183,2,4
389177,389180,389183,3,3
389177,389181,389183,2,4
389177,389181,389183,2,4
389177,389181,389183,2,4
389177,389181,389183,2,4
389177,389181,389182,1,4
389177,389181,389183,2,4
389177,389181,389183,2,4
389177,389181,389182,1,4
389177,389181,389183,2,4
389177,389181,389183,2,4
389177,389180,389184,4,3
389177,389180,389183,3,3
389177,389180,389183,3,3
389177,389180,389183,3,3
389179,389182,389183,1,3
389177,389179,389183,4,2
389177,389180,389183,3,3
389177,389180,389183,3,3
389177,389180,389183,3,3
389179,389182,389183,1,3
389179,389182,389183,1,3
389179,389182,389183,1,3
389179,389182,389183,1,3
389177,389180,389183,3,3
389179,389182,389183,1,3
389179,389182,389183,1,3
389179,389182,389183,1,3
389179,389182,389183,1,3
389179,389182,389183,1,3
389177,389180,389183,3,3
389177,389180,389183,3,3
389179,389182,389183,1,3
389179,389182,389183,1,3
389179,389182,389183,1,3
389179,389182,389183,1,3
389177,389180,389183,3,3
389177,389180,389183,3,3
389177,389180,389183,3,3
389179,389182,389183,1,3
389179,389182,389183,1,3
389179,389182,389183,1,3
389179,389182,389183,1,3
389177,389180,389184,4,3
389179,389182,389184,2,3
389177,389180,389184,4,3
389177,389180,389184,4,3
389179,389183,389185,2,4
389179,389183,389185,2,4
389179,389183,389185,2,4
389179,389183,389185,2,4
389179,389184,389186,2,5
389179,389183,389185,2,4
389179,389184,389186,2,5
389179,389184,389185,1,5
389179,389183,389186,3,4
389179,389184,389186,2,5
389179,389184,389185,1,5
389179,389184,389185,1,5
389179,389184,389185,1,5
389179,389183,389186,3,4
389179,389184,389186,2,5
389179,389184,389186,2,5
389179,389184,389185,1,5
389179,389184,389185,1,5
389179,389184,389185,1,5
389179,389183,389186,3,4
389179,389184,389186,2,5
389179,389184,389185,1,5
389179,389184,389185,1,5
389179,389184,389185,1,5
389179,389183,389186,3,4
389179,389183,389186,3,4
389179,389183,389186,3,4
389179,389183,389186,3,4
389179,389184,389186,2,5
389179,389184,389186,2,5
389179,389184,389186,2,5
389179,389184,389186,2,5
389179,389184,389186,2,5
389179,389184,389186,2,5
389179,389184,389186,2,5
389179,389184,389186,2,5
389179,389184,389186,2,5
389179,389184,389186,2,5
389179,389183,389186,3,4
389179,389183,389186,3,4
389179,389183,389186,3,4
389179,389183,389187,4,4
389177,389178,389181,3,1
389177,389194,389196,2,17
389177,389194,389196,2,17
389177,389194,389196,2,17
388765,388768,389205,437,3
388729,388730,389217,487,1
389216,389216,389218,2,0
389216,389216,389218,2,0
389216,389216,389218,2,0
389216,389216,389218,2,0
389216,389216,389217,1,0
389216,389216,389218,2,0
389216,389216,389218,2,0
389216,389216,389218,2,0
389216,389216,389218,2,0
389216,389216,389218,2,0
389216,389216,389218,2,0
389216,389216,389217,1,0
389216,389216,389218,2,0
389216,389216,389218,2,0
389216,389216,389217,1,0
389216,389216,389217,1,0
389216,389216,389218,2,0
389216,389216,389218,2,0
389216,389216,389218,2,0
389216,389216,389218,2,0
389216,389216,389218,2,0
389216,389216,389218,2,0
389216,389217,389219,2,1
389216,389217,389219,2,1
389216,389216,389219,3,0
389216,389216,389218,2,0
389216,389216,389219,3,0
389216,389216,389218,2,0
389216,389216,389218,2,0
389216,389216,389219,3,0
389216,389216,389218,2,0
389216,389216,389218,2,0
389216,389216,389219,3,0
389216,389216,389218,2,0
389216,389216,389218,2,0
389216,389216,389219,3,0
389216,389216,389218,2,0
389216,389216,389219,3,0
389216,389216,389219,3,0
389216,389216,389219,3,0
389216,389216,389219,3,0
389216,389216,389219,3,0
389216,389216,389218,2,0
389216,389216,389219,3,0
389216,389216,389219,3,0
389216,389216,389218,2,0
389216,389217,389219,2,1
389216,389217,389219,2,1
389216,389216,389220,4,0
389216,389216,389220,4,0
389216,389216,389219,3,0
389216,389216,389220,4,0
389216,389216,389220,4,0
389216,389216,389219,3,0
389216,389216,389219,3,0
389216,389216,389220,4,0
389216,389216,389220,4,0
389216,389216,389220,4,0
389216,389216,389220,4,0
389216,389217,389221,4,1
389216,389217,389220,3,1
388767,388768,389223,455,1
389222,389222,389224,2,0
389222,389222,389224,2,0
389222,389222,389223,1,0
389222,389222,389224,2,0
389222,389222,389224,2,0
389222,389222,389224,2,0
389222,389222,389224,2,0
389222,389222,389224,2,0
389222,389222,389223,1,0
389222,389222,389223,1,0
389222,389222,389224,2,0
389222,389222,389224,2,0
389222,389222,389224,2,0
389222,389222,389224,2,0
389222,389222,389224,2,0
389222,389222,389224,2,0
389222,389222,389224,2,0
389222,389222,389224,2,0
389222,389222,389224,2,0
389222,389222,389224,2,0
389222,389222,389224,2,0
389222,389222,389224,2,0
389222,389222,389224,2,0
389222,389222,389225,3,0
389222,389222,389225,3,0
389222,389222,389224,2,0
389222,389222,389224,2,0
389222,389222,389224,2,0
389222,389222,389225,3,0
389222,389222,389225,3,0
389222,389222,389224,2,0
389222,389222,389225,3,0
389222,389222,389225,3,0
389222,389222,389224,2,0
389222,389222,389225,3,0
389222,389222,389225,3,0
389222,389222,389224,2,0
389222,389222,389225,3,0
389222,389222,389225,3,0
389222,389222,389225,3,0
389222,389222,389225,3,0
389222,389222,389225,3,0
388787,388788,389225,437,1
389222,389222,389225,3,0
389222,389222,389226,4,0
389222,389222,389225,3,0
389222,389222,389225,3,0
389222,389222,389225,3,0
389222,389222,389225,3,0
389222,389222,389226,4,0
389222,389222,389226,4,0
389238,389238,389240,2,0
389238,389238,389240,2,0
389238,389238,389240,2,0
389238,389238,389240,2,0
389238,389238,389240,2,0
389238,389238,389240,2,0
389238,389238,389240,2,0
389238,389239,389240,1,1
389238,389238,389240,2,0
389238,389238,389240,2,0
389238,389238,389240,2,0
389238,389238,389240,2,0
389238,389238,389240,2,0
389238,389238,389240,2,0
389238,389238,389240,2,0
389238,389238,389240,2,0
389222,389239,389240,1,17
389238,389238,389241,3,0
389238,389238,389241,3,0
389238,389238,389241,3,0
389238,389238,389241,3,0
389238,389238,389240,2,0
389238,389238,389241,3,0
389238,389238,389241,3,0
389238,389240,389241,1,2
389238,389238,389241,3,0
389238,389238,389241,3,0
389238,389238,389241,3,0
389238,389238,389241,3,0
389238,389238,389241,3,0
389238,389239,389241,2,1
389238,389239,389240,1,1
389238,389239,389241,2,1
389238,389239,389240,1,1
389238,389239,389241,2,1
389238,389238,389241,3,0
389238,389238,389240,2,0
389238,389238,389241,3,0
389238,389238,389241,3,0
389238,389240,389241,1,2
389238,389238,389241,3,0
389238,389240,389241,1,2
389238,389240,389241,1,2
389238,389240,389241,1,2
389222,389239,389242,3,17
389222,389239,389242,3,17
389222,389239,389242,3,17
389222,389239,389241,2,17
389238,389238,389242,4,0
389238,389238,389242,4,0
389238,389238,389242,4,0
389238,389240,389242,2,2
389240,389241,389242,1,1
389238,389239,389242,3,1
389238,389240,389242,2,2
389238,389238,389242,4,0
389238,389238,389242,4,0
389238,389241,389242,1,3
389238,389241,389242,1,3
389238,389241,389242,1,3
389240,389241,389242,1,1
389238,389238,389242,4,0
389238,389238,389242,4,0
389238,389240,389242,2,2
389240,389240,389242,2,0
389238,389238,389242,4,0
389238,389238,389242,4,0
389240,389240,389242,2,0
389240,389240,389242,2,0
389238,389238,389242,4,0
389240,389241,389242,1,1
389240,389242,389243,1,2
389240,389242,389243,1,2
389240,389242,389243,1,2
389240,389242,389243,1,2
389240,389242,389243,1,2
389240,389241,389243,2,1
389240,389242,389243,1,2
389240,389241,389243,2,1
389240,389241,389243,2,1
389240,389242,389243,1,2
389240,389242,389243,1,2
389240,389242,389243,1,2
389240,389242,389243,1,2
389240,389243,389244,1,3
389240,389242,389244,2,2
389240,389242,389245,3,2
389240,389243,389245,2,3
389240,389243,389244,1,3
389240,389243,389244,1,3
389240,389243,389244,1,3
389240,389242,389245,3,2
389240,389242,389245,3,2
389240,389243,389244,1,3
389240,389243,389244,1,3
389240,389243,389244,1,3
389240,389243,389244,1,3
389240,389242,389245,3,2
389240,389242,389245,3,2
389240,389243,389245,2,3
389240,389242,389245,3,2
389240,389243,389245,2,3
389240,389243,389245,2,3
389240,389243,389245,2,3
389240,389242,389245,3,2
389240,389242,389245,3,2
389240,389243,389245,2,3
389240,389243,389245,2,3
389240,389242,389245,3,2
389240,389242,389245,3,2
389240,389243,389245,2,3
389240,389243,389245,2,3
389240,389242,389245,3,2
389240,389243,389245,2,3
389240,389243,389245,2,3
389240,389243,389245,2,3
389240,389243,389245,2,3
389240,389242,389245,3,2
389240,389242,389245,3,2
389240,389242,389245,3,2
389240,389242,389246,4,2
389240,389242,389246,4,2
389222,389244,389246,2,22
389222,389244,389246,2,22
389222,389244,389246,2,22
389222,389245,389246,1,23
389240,389242,389246,4,2
389222,389244,389247,3,22
389222,389244,389248,4,22
389240,389242,389272,30,2
389238,389238,389273,35,0
389238,389238,389273,35,0
388802,388804,389314,510,2
389316,389316,389318,2,0
389316,389316,389318,2,0
389316,389316,389318,2,0
389316,389316,389318,2,0
389316,389316,389318,2,0
389316,389316,389318,2,0
389316,389316,389318,2,0
389316,389316,389318,2,0
389316,389316,389318,2,0
389316,389316,389318,2,0
389316,389316,389318,2,0
389316,389316,389318,2,0
389316,389316,389318,2,0
389316,389316,389318,2,0
389316,389316,389318,2,0
388850,388852,389317,465,2
389316,389316,389318,2,0
389316,389316,389318,2,0
389316,389316,389318,2,0
389316,389316,389318,2,0
389316,389316,389318,2,0
389316,389316,389318,2,0
389316,389316,389318,2,0
389316,389316,389319,3,0
389316,389316,389319,3,0
389316,389316,389318,2,0
389316,389316,389319,3,0
389316,389316,389319,3,0
389316,389316,389319,3,0
389316,389316,389318,2,0
389316,389316,389319,3,0
389316,389316,389319,3,0
389316,389316,389319,3,0
389316,389316,389318,2,0
389316,389316,389319,3,0
389316,389316,389318,2,0
389316,389316,389319,3,0
389316,389316,389319,3,0
389316,389316,389319,3,0
389316,389316,389319,3,0
389316,389316,389319,3,0
389316,389316,389319,3,0
389316,389316,389320,4,0
389316,389316,389320,4,0
389316,389316,389320,4,0
389316,389316,389320,4,0
389316,389316,389319,3,0
389316,389316,389320,4,0
389316,389316,389320,4,0
389316,389316,389320,4,0
389316,389316,389319,3,0
389316,389316,389320,4,0
389316,389316,389320,4,0
389316,389316,389320,4,0
389316,389316,389320,4,0
389316,389316,389320,4,0
389316,389316,389319,3,0
389316,389316,389321,5,0
389316,389316,389320,4,0
389316,389316,389320,4,0
389316,389316,389320,4,0
389316,389316,389320,4,0
389320,389320,389322,2,0
389320,389320,389322,2,0
389320,389320,389322,2,0
389320,389320,389322,2,0
389320,389320,389322,2,0
389320,389320,389322,2,0
389320,389320,389322,2,0
389320,389320,389322,2,0
389320,389320,389322,2,0
389320,389320,389322,2,0
389320,389320,389322,2,0
389320,389320,389322,2,0
389320,389320,389322,2,0
389320,389320,389322,2,0
389320,389321,389322,1,1
389320,389320,389322,2,0
389320,389320,389322,2,0
389320,389320,389322,2,0
389320,389320,389322,2,0
389320,389321,389322,1,1
389320,389320,389322,2,0
389320,389320,389322,2,0
389320,389320,389322,2,0
389320,389321,389322,1,1
389320,389321,389322,1,1
389320,389321,389322,1,1
389320,389320,389323,3,0
389320,389320,389323,3,0
389320,389320,389323,3,0
389320,389320,389323,3,0
389320,389320,389323,3,0
389320,389321,389323,2,1
389320,389321,389323,2,1
389320,389320,389322,2,0
389320,389320,389323,3,0
389320,389321,389323,2,1
389320,389321,389323,2,1
389320,389321,389323,2,1
389320,389321,389323,2,1
389320,389321,389323,2,1
389320,389321,389323,2,1
389320,389321,389323,2,1
389320,389321,389323,2,1
389320,389321,389323,2,1
389320,389321,389322,1,1
389320,389320,389323,3,0
389320,389321,389323,2,1
389320,389320,389323,3,0
389320,389320,389324,4,0
389320,389320,389324,4,0
389320,389320,389324,4,0
389320,389320,389323,3,0
389320,389320,389323,3,0
389320,389320,389324,4,0
389320,389320,389324,4,0
389320,389320,389324,4,0
389320,389320,389324,4,0
389320,389320,389324,4,0
389320,389320,389324,4,0
389320,389320,389324,4,0
389320,389320,389324,4,0
388873,388874,389335,461,1
389339,389339,389341,2,0
389339,389339,389341,2,0
389339,389339,389341,2,0
389339,389339,389341,2,0
389339,389339,389341,2,0
389339,389339,389341,2,0
389339,389339,389341,2,0
389339,389339,389341,2,0
389339,389339,389341,2,0
389339,389339,389341,2,0
389339,389339,389341,2,0
389339,389339,389341,2,0
389339,389339,389341,2,0
389339,389339,389341,2,0
389339,389339,389341,2,0
389339,389339,389341,2,0
389339,389339,389341,2,0
389339,389339,389340,1,0
389339,389339,389341,2,0
389339,389339,389341,2,0
389339,389339,389341,2,0
389339,389339,389341,2,0
389339,389339,389341,2,0
389339,389339,389341,2,0
389339,389339,389341,2,0
389339,389339,389341,2,0
389339,389339,389341,2,0
389339,389339,389341,2,0
389339,389340,389341,1,1
389339,389339,389341,2,0
389339,389339,389341,2,0
389339,389339,389342,3,0
389339,389339,389342,3,0
389339,389339,389342,3,0
389339,389339,389342,3,0
389339,389339,389341,2,0
389339,389339,389342,3,0
389339,389339,389342,3,0
389339,389339,389342,3,0
389339,389339,389342,3,0
389339,389339,389341,2,0
389339,389339,389342,3,0
389339,389339,389342,3,0
389339,389339,389342,3,0
389339,389339,389342,3,0
389339,389339,389343,4,0
389339,389339,389342,3,0
389339,389339,389342,3,0
389339,389339,389342,3,0
389339,389339,389342,3,0
389339,389339,389343,4,0
389339,389339,389343,4,0
389339,389339,389342,3,0
389339,389339,389343,4,0
389339,389339,389343,4,0
389339,389339,389342,3,0
389339,389340,389342,2,1
389339,389339,389343,4,0
388871,388874,389344,470,3
389339,389340,389343,3,1
389339,389340,389342,2,1
389339,389340,389351,11,1
389355,389356,389357,1,1
389355,389356,389358,2,1
389355,389356,389357,1,1
389355,389356,389358,2,1
389355,389356,389358,2,1
389355,389356,389358,2,1
389355,389356,389357,1,1
389355,389356,389357,1,1
389355,389356,389358,2,1
389355,389356,389358,2,1
389355,389356,389358,2,1
389355,389356,389358,2,1
389355,389356,389357,1,1
389355,389356,389357,1,1
389355,389356,389357,1,1
389355,389356,389357,1,1
389355,389356,389357,1,1
389355,389356,389357,1,1
389355,389356,389358,2,1
389355,389356,389358,2,1
389355,389356,389358,2,1
389355,389356,389358,2,1
389355,389356,389358,2,1
389355,389356,389358,2,1
389355,389356,389358,2,1
389355,389356,389358,2,1
389355,389356,389358,2,1
389355,389356,389359,3,1
389355,389356,389358,2,1
389355,389356,389358,2,1
389355,389356,389358,2,1
389355,389356,389358,2,1
389355,389356,389359,3,1
389355,389356,389358,2,1
389355,389356,389359,3,1
389355,389356,389358,2,1
389355,389356,389359,3,1
389355,389356,389358,2,1
389355,389356,389358,2,1
389355,389356,389359,3,1
389355,389356,389359,3,1
389355,389356,389358,2,1
389355,389356,389359,3,1
389355,389356,389358,2,1
389355,389356,389358,2,1
389355,389356,389358,2,1
389355,389356,389359,3,1
389355,389356,389359,3,1
389355,389356,389360,4,1
389355,389356,389359,3,1
389355,389356,389360,4,1
389355,389356,389359,3,1
389355,389356,389359,3,1
389355,389356,389360,4,1
389355,389356,389359,3,1
389355,389356,389360,4,1
389355,389356,389360,4,1
389355,389356,389359,3,1
389355,389356,389364,8,1
389355,389356,389366,10,1
389355,389356,389367,11,1
388906,388907,389381,474,1
388923,388924,389382,458,1
389385,389385,389386,1,0
389385,389385,389387,2,0
389385,389385,389387,2,0
389385,389385,389387,2,0
389385,389385,389387,2,0
389385,389386,389387,1,1
389385,389385,389387,2,0
389385,389385,389387,2,0
389385,389385,389387,2,0
389385,389385,389387,2,0
389385,389385,389387,2,0
389385,389385,389387,2,0
389385,389385,389387,2,0
389385,389385,389387,2,0
389385,389385,389387,2,0
389385,389385,389387,2,0
389385,389385,389387,2,0
389385,389385,389387,2,0
389385,389385,389387,2,0
389385,389385,389387,2,0
389385,389386,389388,2,1
389385,389385,389387,2,0
389385,389385,389388,3,0
389385,389385,389388,3,0
389385,389385,389388,3,0
389385,389386,389388,2,1
389385,389386,389388,2,1
389385,389386,389388,2,1
389385,389386,389388,2,1
389385,389386,389388,2,1
389385,389385,389388,3,0
389385,389385,389388,3,0
389385,389385,389388,3,0
389385,389385,389388,3,0
389385,389385,389388,3,0
389385,389385,389389,4,0
389385,389385,389388,3,0
389385,389385,389388,3,0
389385,389386,389388,2,1
389385,389386,389388,2,1
389385,389385,389389,4,0
389385,389385,389388,3,0
389385,389385,389389,4,0
389385,389385,389388,3,0
389385,389386,389389,3,1
389385,389385,389390,5,0
389385,389385,389389,4,0
389387,389388,389389,1,1
389387,389388,389389,1,1
389387,389388,389389,1,1
389385,389386,389390,4,1
389385,389386,389389,3,1
389387,389388,389389,1,1
389387,389388,389389,1,1
389385,389385,389389,4,0
389385,389385,389389,4,0
389385,389385,389389,4,0
389387,389388,389389,1,1
389385,389385,389389,4,0
389387,389388,389389,1,1
389387,389388,389389,1,1
389385,389385,389389,4,0
389387,389388,389389,1,1
389387,389388,389389,1,1
389387,389388,389389,1,1
389387,389388,389389,1,1
389387,389388,389389,1,1
389387,389388,389389,1,1
389387,389388,389389,1,1
389385,389385,389389,4,0
389387,389388,389389,1,1
389387,389388,389390,2,1
389387,389388,389389,1,1
389387,389388,389390,2,1
389387,389388,389389,1,1
389387,389388,389390,2,1
389385,389386,389390,4,1
389387,389390,389391,1,3
389387,389388,389390,2,1
389387,389388,389391,3,1
389387,389389,389391,2,2
389387,389389,389391,2,2
389387,389389,389391,2,2
389387,389389,389391,2,2
389387,389389,389391,2,2
389387,389389,389391,2,2
389387,389389,389392,3,2
389387,389389,389392,3,2
389387,389389,389391,2,2
389387,389390,389391,1,3
389387,389390,389391,1,3
389387,389389,389391,2,2
389387,389389,389391,2,2
389387,389390,389391,1,3
389387,389390,389391,1,3
389387,389389,389392,3,2
389387,389389,389392,3,2
389387,389390,389392,2,3
389387,389390,389392,2,3
389387,389390,389391,1,3
389387,389390,389391,1,3
389387,389389,389392,3,2
389387,389390,389392,2,3
389387,389390,389392,2,3
389387,389390,389392,2,3
389387,389390,389392,2,3
389387,389390,389391,1,3
389387,389389,389392,3,2
389387,389389,389392,3,2
389387,389389,389392,3,2
389387,389390,389392,2,3
389387,389389,389392,3,2
389387,389389,389392,3,2
389387,389390,389393,3,3
389387,389390,389392,2,3
389387,389389,389392,3,2
389385,389400,389401,1,15
389385,389400,389401,1,15
389385,389400,389401,1,15
389385,389400,389401,1,15
389385,389400,389401,1,15
389385,389400,389403,3,15
388926,388927,389413,486,1
389414,389415,389416,1,1
389414,389415,389416,1,1
389414,389415,389416,1,1
389414,389415,389417,2,1
389414,389414,389416,2,0
389414,389414,389416,2,0
389414,389414,389416,2,0
389414,389415,389417,2,1
389414,389414,389416,2,0
389414,389414,389416,2,0
389414,389415,389416,1,1
389414,389415,389417,2,1
389414,389415,389416,1,1
389414,389415,389416,1,1
389414,389414,389416,2,0
389414,389414,389416,2,0
389414,389414,389416,2,0
389414,389415,389416,1,1
389414,389415,389416,1,1
389414,389415,389416,1,1
389414,389414,389416,2,0
389414,389415,389416,1,1
389414,389415,389417,2,1
389414,389415,389416,1,1
389414,389414,389416,2,0
389414,389414,389416,2,0
389414,389415,389417,2,1
389414,389415,389417,2,1
389414,389414,389417,3,0
389414,389414,389417,3,0
389414,389415,389417,2,1
389414,389414,389417,3,0
389414,389415,389418,3,1
389414,389415,389417,2,1
389414,389414,389417,3,0
389414,389415,389417,2,1
389414,389414,389417,3,0
389414,389415,389417,2,1
389414,389415,389417,2,1
389414,389415,389417,2,1
389414,389415,389417,2,1
389414,389415,389417,2,1
389414,389415,389417,2,1
389414,389415,389417,2,1
389414,389414,389418,4,0
389414,389415,389418,3,1
389414,389415,389418,3,1
389414,389415,389418,3,1
389414,389415,389418,3,1
389414,389415,389418,3,1
389414,389415,389419,4,1
389414,389415,389418,3,1
389414,389415,389418,3,1
389414,389415,389418,3,1
389414,389415,389418,3,1
389414,389415,389418,3,1
389414,389415,389418,3,1
389414,389415,389418,3,1
389414,389415,389418,3,1
389414,389415,389418,3,1
389414,389415,389418,3,1
388983,388984,389443,459,1
389444,389445,389446,1,1
389444,389445,389446,1,1
389444,389445,389446,1,1
389444,389445,389446,1,1
389444,389445,389446,1,1
389444,389445,389446,1,1
389444,389445,389446,1,1
389444,389445,389446,1,1
389444,389445,389446,1,1
389444,389445,389447,2,1
389444,389445,389446,1,1
389444,389445,389446,1,1
389444,389445,389446,1,1
389444,389445,389446,1,1
389444,389445,389446,1,1
389444,389445,389446,1,1
389444,389445,389446,1,1
389444,389445,389446,1,1
389444,389445,389446,1,1
389444,389445,389446,1,1
389444,389445,389446,1,1
389444,389445,389446,1,1
389444,389445,389446,1,1
389444,389445,389447,2,1
389444,389445,389447,2,1
389444,389445,389447,2,1
389444,389445,389447,2,1
389444,389445,389447,2,1
389444,389445,389447,2,1
389444,389445,389447,2,1
389444,389445,389447,2,1
389444,389445,389447,2,1
389444,389445,389447,2,1
389444,389445,389447,2,1
389444,389445,389447,2,1
389444,389445,389447,2,1
389444,389445,389447,2,1
389444,389445,389447,2,1
389444,389445,389447,2,1
389444,389445,389448,3,1
389444,389445,389448,3,1
389444,389445,389448,3,1
389444,389445,389448,3,1
389444,389445,389448,3,1
389444,389445,389448,3,1
389444,389445,389448,3,1
389444,389445,389448,3,1
389444,389445,389449,4,1
389444,389445,389448,3,1
389444,389445,389448,3,1
389444,389445,389448,3,1
389444,389445,389448,3,1
389444,389445,389448,3,1
389444,389445,389448,3,1
389444,389445,389449,4,1
389444,389453,389455,2,9
389444,389453,389455,2,9
389444,389453,389454,1,9
389444,389453,389455,2,9
389444,389453,389457,4,9
389444,389453,389456,3,9
389004,389005,389472,467,1
389475,389475,389477,2,0
389475,389475,389477,2,0
389475,389475,389477,2,0
389475,389475,389477,2,0
389475,389475,389477,2,0
389475,389475,389477,2,0
389475,389475,389477,2,0
389475,389475,389477,2,0
389475,389475,389477,2,0
389475,389475,389477,2,0
389475,389475,389477,2,0
389475,389475,389477,2,0
389475,389475,389477,2,0
389475,389475,389477,2,0
389475,389475,389477,2,0
389475,389475,389477,2,0
389475,389475,389477,2,0
389475,389475,389477,2,0
389475,389475,389477,2,0
389475,389475,389477,2,0
389475,389475,389477,2,0
389475,389475,389477,2,0
389475,389475,389478,3,0
389475,389475,389478,3,0
389475,389475,389478,3,0
389475,389475,389478,3,0
389475,389475,389478,3,0
389475,389475,389478,3,0
389475,389475,389477,2,0
389475,389475,389478,3,0
389475,389475,389477,2,0
389475,389475,389478,3,0
389475,389475,389477,2,0
389475,389475,389478,3,0
389475,389475,389477,2,0
389475,389475,389478,3,0
389475,389475,389478,3,0
389475,389475,389478,3,0
389475,389475,389477,2,0
389475,389475,389478,3,0
389475,389475,389478,3,0
389475,389475,389478,3,0
389475,389475,389479,4,0
389475,389476,389478,2,1
389475,389475,389479,4,0
389475,389475,389478,3,0
389475,389475,389479,4,0
389475,389475,389478,3,0
389475,389475,389479,4,0
389475,389475,389479,4,0
389475,389475,389478,3,0
389475,389475,389479,4,0
389475,389475,389479,4,0
389475,389475,389478,3,0
389475,389475,389479,4,0
389475,389475,389479,4,0
389475,389475,389478,3,0
389475,389475,389479,4,0
389475,389475,389479,4,0
389475,389475,389478,3,0
389475,389475,389479,4,0
389052,389052,389484,432,0
389493,389494,389495,1,1
389493,389494,389495,1,1
389493,389494,389495,1,1
389493,389494,389495,1,1
389493,389494,389495,1,1
389493,389494,389495,1,1
389493,389494,389495,1,1
389493,389494,389495,1,1
389493,389494,389495,1,1
389493,389494,389495,1,1
389493,389494,389495,1,1
389493,389494,389495,1,1
389493,389494,389495,1,1
389493,389494,389495,1,1
389493,389494,389495,1,1
389493,389494,389495,1,1
389493,389494,389495,1,1
389493,389494,389496,2,1
389493,389494,389495,1,1
389493,389494,389495,1,1
389493,389494,389495,1,1
389493,389494,389495,1,1
389493,389494,389497,3,1
389493,389494,389496,2,1
389493,389494,389496,2,1
389493,389494,389496,2,1
389493,389494,389496,2,1
389493,389494,389497,3,1
389493,389494,389497,3,1
389493,389494,389497,3,1
389493,389494,389496,2,1
389493,389494,389496,2,1
389493,389494,389496,2,1
389493,389494,389496,2,1
389493,389494,389496,2,1
389493,389494,389496,2,1
389493,389494,389497,3,1
389493,389494,389496,2,1
389493,389494,389496,2,1
389493,389494,389497,3,1
389493,389494,389497,3,1
389493,389494,389497,3,1
389493,389494,389497,3,1
389493,389494,389497,3,1
389493,389494,389497,3,1
389493,389494,389497,3,1
389493,389494,389497,3,1
389493,389494,389497,3,1
389493,389494,389497,3,1
389493,389494,389497,3,1
389493,389494,389497,3,1
389493,389494,389497,3,1
389493,389494,389497,3,1
389493,389494,389497,3,1
389493,389494,389497,3,1
389493,389494,389497,3,1
389493,389494,389497,3,1
389493,389494,389497,3,1
389493,389494,389497,3,1
389493,389501,389502,1,8
389493,389501,389502,1,8
389178,389182,389568,386,4
389570,389570,389572,2,0
389570,389570,389572,2,0
389570,389570,389572,2,0
389570,389570,389572,2,0
389570,389570,389572,2,0
389570,389570,389572,2,0
389570,389570,389572,2,0
389570,389570,389572,2,0
389570,389570,389572,2,0
389570,389570,389572,2,0
389570,389570,389572,2,0
389570,389570,389572,2,0
389570,389570,389572,2,0
389570,389570,389572,2,0
389570,389570,389572,2,0
389570,389570,389572,2,0
389570,389570,389572,2,0
389570,389570,389572,2,0
389570,389570,389572,2,0
389570,389570,389572,2,0
389570,389570,389573,3,0
389570,389570,389572,2,0
389570,389570,389573,3,0
389570,389570,389572,2,0
389570,389570,389573,3,0
389570,389570,389573,3,0
389570,389570,389573,3,0
389570,389570,389573,3,0
389570,389570,389572,2,0
389570,389570,389573,3,0
389570,389570,389573,3,0
389570,389570,389573,3,0
389570,389570,389572,2,0
389570,389570,389572,2,0
389570,389570,389573,3,0
389570,389570,389573,3,0
389570,389570,389573,3,0
389570,389570,389573,3,0
389570,389570,389573,3,0
389570,389570,389573,3,0
389570,389570,389573,3,0
389570,389570,389574,4,0
389570,389570,389574,4,0
389570,389570,389574,4,0
389570,389570,389574,4,0
389570,389570,389574,4,0
389570,389570,389574,4,0
389570,389570,389574,4,0
389570,389570,389573,3,0
389570,389570,389574,4,0
389570,389570,389574,4,0
389570,389570,389574,4,0
389570,389570,389574,4,0
389570,389570,389574,4,0
389570,389570,389574,4,0
389570,389570,389574,4,0
389570,389570,389574,4,0
389570,389570,389574,4,0
389570,389570,389574,4,0
389570,389570,389575,5,0
389570,389570,389575,5,0
389135,389136,389600,464,1
389141,389143,389602,459,2
389602,389603,389604,1,1
389602,389603,389604,1,1
389602,389603,389604,1,1
389602,389603,389604,1,1
389602,389603,389604,1,1
389602,389603,389605,2,1
389602,389603,389605,2,1
389602,389603,389604,1,1
389602,389603,389604,1,1
389602,389603,389604,1,1
389602,389603,389604,1,1
389602,389603,389604,1,1
389602,389603,389604,1,1
389602,389603,389604,1,1
389602,389603,389604,1,1
389602,389603,389604,1,1
389602,389603,389604,1,1
389602,389603,389604,1,1
389602,389603,389605,2,1
389602,389603,389605,2,1
389602,389603,389606,3,1
389602,389603,389605,2,1
389602,389603,389605,2,1
389602,389603,389605,2,1
389602,389603,389605,2,1
389602,389603,389605,2,1
389602,389603,389605,2,1
389602,389603,389606,3,1
389602,389603,389605,2,1
389602,389603,389606,3,1
389602,389603,389606,3,1
389602,389603,389606,3,1
389602,389603,389605,2,1
389602,389603,389605,2,1
389602,389603,389605,2,1
389602,389603,389605,2,1
389602,389603,389606,3,1
389602,389603,389605,2,1
389602,389603,389606,3,1
389602,389603,389605,2,1
389602,389603,389606,3,1
389602,389603,389605,2,1
389602,389603,389605,2,1
389602,389603,389607,4,1
389602,389603,389606,3,1
389602,389603,389607,4,1
389602,389603,389606,3,1
389602,389603,389606,3,1
389605,389605,389606,1,0
389605,389605,389606,1,0
389605,389605,389606,1,0
389602,389603,389606,3,1
389605,389605,389606,1,0
389605,389605,389606,1,0
389605,389605,389606,1,0
389605,389605,389607,2,0
389602,389603,389606,3,1
389602,389603,389606,3,1
389605,389605,389606,1,0
389605,389605,389606,1,0
389605,389605,389606,1,0
389602,389603,389606,3,1
389605,389605,389606,1,0
389605,389605,389606,1,0
389602,389603,389606,3,1
389602,389603,389607,4,1
389602,389603,389606,3,1
389605,389605,389606,1,0
389605,389605,389606,1,0
389605,389605,389606,1,0
389602,389603,389607,4,1
389602,389603,389607,4,1
389605,389605,389606,1,0
389605,389605,389607,2,0
389605,389605,389607,2,0
389602,389603,389607,4,1
389602,389603,389607,4,1
389602,389603,389606,3,1
389602,389603,389607,4,1
389605,389605,389607,2,0
389605,389605,389607,2,0
389605,389606,389609,3,1
389605,389606,389609,3,1
389605,389606,389609,3,1
389605,389607,389609,2,2
389605,389607,389608,1,2
389605,389607,389609,2,2
389605,389607,389609,2,2
389605,389606,389608,2,1
389605,389606,389608,2,1
389605,389607,389609,2,2
389605,389606,389609,3,1
389605,389606,389609,3,1
389605,389606,389609,3,1
389605,389607,389608,1,2
389605,389607,389608,1,2
389605,389607,389608,1,2
389605,389606,389609,3,1
389605,389607,389609,2,2
389605,389607,389608,1,2
389605,389607,389608,1,2
389605,389606,389609,3,1
389605,389606,389608,2,1
389605,389607,389609,2,2
389605,389607,389608,1,2
389605,389607,389608,1,2
389605,389606,389609,3,1
389605,389606,389609,3,1
389605,389606,389610,4,1
389605,389607,389610,3,2
389092,389093,389610,517,1
389605,389606,389609,3,1
389605,389606,389609,3,1
389605,389607,389609,2,2
389605,389606,389609,3,1
389605,389606,389609,3,1
389605,389606,389609,3,1
389605,389607,389611,4,2
389605,389606,389611,5,1
389605,389606,389611,5,1
389605,389607,389612,5,2
389624,389624,389626,2,0
389624,389624,389626,2,0
389624,389624,389626,2,0
389605,389606,389609,3,1
389605,389606,389609,3,1
389624,389625,389626,1,1
389624,389624,389626,2,0
389624,389624,389626,2,0
389624,389624,389626,2,0
389624,389624,389626,2,0
389624,389624,389626,2,0
389624,389624,389626,2,0
389624,389624,389626,2,0
389624,389624,389626,2,0
389624,389624,389626,2,0
389624,389624,389626,2,0
389624,389624,389626,2,0
389624,389624,389626,2,0
389624,389624,389626,2,0
389624,389624,389626,2,0
389624,389624,389626,2,0
389624,389624,389626,2,0
389624,389624,389626,2,0
389624,389624,389626,2,0
389624,389624,389626,2,0
389624,389624,389627,3,0
389624,389624,389627,3,0
389624,389624,389627,3,0
389624,389624,389627,3,0
389624,389624,389627,3,0
389624,389624,389627,3,0
389624,389624,389627,3,0
389624,389625,389627,2,1
389624,389624,389627,3,0
389624,389624,389627,3,0
389624,389624,389627,3,0
389624,389624,389627,3,0
389624,389624,389627,3,0
389624,389624,389628,4,0
389624,389624,389627,3,0
389624,389624,389627,3,0
389624,389626,389628,2,2
389624,389624,389628,4,0
389624,389624,389628,4,0
389624,389624,389628,4,0
389624,389624,389628,4,0
389624,389624,389628,4,0
389624,389624,389628,4,0
389624,389624,389628,4,0
389624,389624,389628,4,0
389624,389624,389628,4,0
389624,389625,389629,4,1
389624,389625,389628,3,1
389624,389627,389628,1,3
389624,389624,389628,4,0
389624,389624,389628,4,0
389624,389624,389628,4,0
389624,389624,389628,4,0
389624,389624,389628,4,0
389624,389624,389628,4,0
389624,389624,389628,4,0
389624,389626,389629,3,2
389624,389625,389629,4,1
389183,389184,389630,446,1
389180,389184,389640,456,4
389641,389641,389642,1,0
389641,389641,389643,2,0
389641,389641,389643,2,0
389641,389641,389643,2,0
389641,389641,389643,2,0
389641,389641,389643,2,0
389641,389641,389643,2,0
389641,389641,389643,2,0
389641,389641,389643,2,0
389641,389641,389643,2,0
389641,389641,389643,2,0
389641,389641,389643,2,0
389641,389641,389643,2,0
389641,389641,389643,2,0
389641,389641,389643,2,0
389641,389641,389643,2,0
389641,389641,389643,2,0
389641,389641,389643,2,0
389641,389641,389643,2,0
389641,389641,389643,2,0
389641,389641,389643,2,0
389641,389641,389643,2,0
389641,389641,389643,2,0
389641,389641,389643,2,0
389641,389641,389643,2,0
389641,389641,389643,2,0
389641,389641,389644,3,0
389641,389641,389644,3,0
389641,389641,389644,3,0
389641,389641,389644,3,0
389641,389641,389644,3,0
389641,389641,389644,3,0
389641,389641,389644,3,0
389641,389641,389644,3,0
389641,389641,389644,3,0
389641,389641,389644,3,0
389641,389641,389644,3,0
389641,389641,389644,3,0
389641,389641,389644,3,0
389641,389641,389644,3,0
389641,389641,389644,3,0
389641,389641,389645,4,0
389641,389641,389645,4,0
389641,389641,389645,4,0
389641,389641,389645,4,0
389641,389641,389644,3,0
389641,389641,389644,3,0
389641,389641,389645,4,0
389641,389641,389645,4,0
389641,389641,389645,4,0
389641,389641,389645,4,0
389641,389641,389645,4,0
389641,389641,389645,4,0
389641,389641,389645,4,0
389641,389641,389644,3,0
389641,389641,389645,4,0
389641,389641,389644,3,0
389641,389641,389645,4,0
389641,389641,389645,4,0
389641,389641,389644,3,0
389641,389641,389645,4,0
389641,389641,389645,4,0
389660,389660,389662,2,0
389660,389660,389662,2,0
389660,389660,389662,2,0
389660,389660,389662,2,0
389660,389660,389662,2,0
389660,389660,389662,2,0
389660,389660,389662,2,0
389660,389660,389661,1,0
389660,389660,389662,2,0
389660,389660,389662,2,0
389660,389660,389662,2,0
389660,389660,389662,2,0
389660,389660,389662,2,0
389660,389660,389662,2,0
389660,389660,389662,2,0
389660,389660,389662,2,0
389660,389660,389661,1,0
389660,389660,389662,2,0
389660,389660,389662,2,0
389660,389660,389662,2,0
389660,389660,389662,2,0
389660,389660,389662,2,0
389660,389660,389662,2,0
389660,389660,389662,2,0
389660,389660,389662,2,0
389660,389660,389663,3,0
389660,389660,389663,3,0
389660,389660,389663,3,0
389660,389660,389663,3,0
389660,389660,389663,3,0
389660,389660,389662,2,0
389660,389660,389663,3,0
389660,389660,389663,3,0
389660,389660,389663,3,0
389660,389660,389663,3,0
389660,389660,389663,3,0
389660,389660,389663,3,0
389660,389660,389663,3,0
389660,389660,389663,3,0
389660,389660,389663,3,0
389660,389660,389663,3,0
389660,389660,389663,3,0
389660,389660,389664,4,0
389660,389660,389663,3,0
389660,389660,389664,4,0
389660,389660,389664,4,0
389660,389660,389664,4,0
389660,389660,389664,4,0
389660,389660,389663,3,0
389660,389660,389664,4,0
389660,389660,389664,4,0
389660,389660,389664,4,0
389660,389660,389664,4,0
389660,389660,389664,4,0
389660,389660,389663,3,0
389660,389660,389664,4,0
389660,389660,389663,3,0
389660,389660,389664,4,0
389660,389660,389664,4,0
389660,389660,389664,4,0
389660,389660,389672,12,0
389242,389244,389681,437,2
389240,389240,389691,451,0
389691,389691,389693,2,0
389691,389691,389693,2,0
389691,389691,389692,1,0
389691,389691,389692,1,0
389691,389691,389693,2,0
389691,389691,389692,1,0
389691,389691,389693,2,0
389691,389691,389693,2,0
389691,389691,389693,2,0
389691,389691,389693,2,0
389691,389691,389693,2,0
389691,389691,389693,2,0
389691,389691,389693,2,0
389691,389691,389693,2,0
389691,389691,389692,1,0
389691,389691,389693,2,0
389691,389691,389692,1,0
389691,389691,389692,1,0
389691,389691,389693,2,0
389691,389691,389693,2,0
389691,389691,389692,1,0
389691,389691,389692,1,0
389691,389691,389693,2,0
389691,389691,389693,2,0
389691,389691,389692,1,0
389691,389691,389694,3,0
389691,389691,389693,2,0
389691,389691,389694,3,0
389691,389691,389693,2,0
389691,389691,389693,2,0
389691,389691,389694,3,0
389691,389691,389694,3,0
389691,389691,389693,2,0
389691,389691,389693,2,0
389691,389691,389694,3,0
389691,389691,389694,3,0
389691,389691,389693,2,0
389691,389691,389694,3,0
389691,389691,389694,3,0
389691,389691,389693,2,0
389691,389691,389694,3,0
389691,389691,389693,2,0
389691,389691,389693,2,0
389691,389691,389694,3,0
389691,389691,389693,2,0
389691,389691,389693,2,0
389691,389691,389694,3,0
389691,389691,389694,3,0
389693,389693,389695,2,0
389693,389693,389695,2,0
389691,389691,389694,3,0
389691,389691,389695,4,0
389693,389693,389694,1,0
389693,389693,389694,1,0
389693,389693,389695,2,0
389693,389693,389695,2,0
389691,389691,389695,4,0
389691,389691,389694,3,0
389693,389693,389695,2,0
389693,389693,389695,2,0
389691,389691,389695,4,0
389693,389693,389695,2,0
389693,389693,389695,2,0
389693,389693,389695,2,0
389691,389691,389695,4,0
389693,389693,389695,2,0
389693,389693,389695,2,0
389691,389691,389695,4,0
389691,389691,389695,4,0
389693,389693,389694,1,0
389693,389693,389695,2,0
389693,389693,389695,2,0
389691,389691,389695,4,0
389693,389693,389695,2,0
389693,389693,389695,2,0
389693,389693,389695,2,0
389691,389691,389695,4,0
389693,389693,389695,2,0
389691,389694,389695,1,3
389693,389693,389696,3,0
389693,389694,389696,2,1
389693,389693,389696,3,0
389693,389693,389696,3,0
389693,389695,389696,1,2
389691,389694,389696,2,3
389693,389695,389697,2,2
389693,389694,389697,3,1
389693,389694,389697,3,1
389693,389694,389697,3,1
389693,389694,389697,3,1
389693,389694,389697,3,1
389693,389695,389697,2,2
389693,389695,389697,2,2
389693,389694,389697,3,1
389693,389694,389697,3,1
389693,389694,389697,3,1
389693,389695,389696,1,2
389693,389694,389697,3,1
389693,389694,389697,3,1
389693,389695,389697,2,2
389693,389695,389696,1,2
389693,389694,389697,3,1
389693,389695,389697,2,2
389693,389695,389697,2,2
389693,389695,389697,2,2
389693,389694,389697,3,1
389693,389695,389697,2,2
389693,389695,389697,2,2
389693,389695,389697,2,2
389693,389695,389697,2,2
389693,389695,389697,2,2
389693,389695,389697,2,2
389693,389694,389698,4,1
389691,389691,389698,7,0
389693,389694,389698,4,1
389693,389694,389698,4,1
389693,389694,389698,4,1
389693,389694,389698,4,1
389693,389694,389698,4,1
389693,389694,389698,4,1
389693,389694,389698,4,1
389693,389694,389698,4,1
389693,389695,389699,4,2
389691,389691,389700,9,0
389217,389218,389707,489,1
389715,389715,389717,2,0
389715,389715,389717,2,0
389715,389715,389717,2,0
389715,389715,389717,2,0
389715,389715,389717,2,0
389715,389715,389717,2,0
389715,389715,389717,2,0
389715,389715,389717,2,0
389715,389715,389717,2,0
389715,389715,389717,2,0
389715,389715,389717,2,0
389715,389715,389717,2,0
389715,389715,389717,2,0
389715,389715,389717,2,0
389715,389715,389717,2,0
389715,389715,389717,2,0
389715,389715,389717,2,0
389715,389715,389717,2,0
389715,389715,389717,2,0
389715,389715,389717,2,0
389715,389715,389717,2,0
389715,389715,389717,2,0
389715,389715,389717,2,0
389715,389715,389717,2,0
389715,389715,389717,2,0
389715,389715,389717,2,0
389715,389715,389718,3,0
389715,389715,389718,3,0
389715,389715,389718,3,0
389715,389715,389718,3,0
389715,389715,389718,3,0
389715,389715,389718,3,0
389715,389715,389718,3,0
389715,389715,389718,3,0
389715,389715,389717,2,0
389715,389715,389718,3,0
389715,389715,389718,3,0
389715,389715,389718,3,0
389715,389715,389718,3,0
389715,389715,389718,3,0
389715,389715,389718,3,0
389715,389715,389718,3,0
389715,389715,389719,4,0
389715,389715,389718,3,0
389715,389715,389719,4,0
389715,389715,389719,4,0
389715,389715,389719,4,0
389715,389715,389719,4,0
389715,389715,389719,4,0
389715,389715,389718,3,0
389715,389715,389719,4,0
389715,389715,389719,4,0
389715,389715,389719,4,0
389715,389715,389719,4,0
389715,389715,389719,4,0
389715,389715,389719,4,0
389715,389715,389719,4,0
389715,389715,389719,4,0
389715,389715,389719,4,0
389715,389715,389719,4,0
389715,389715,389719,4,0
389223,389224,389741,517,1
389745,389745,389747,2,0
389745,389745,389747,2,0
389745,389745,389747,2,0
389745,389745,389747,2,0
389745,389745,389747,2,0
389745,389745,389747,2,0
389745,389745,389747,2,0
389745,389745,389747,2,0
389745,389745,389747,2,0
389745,389745,389747,2,0
389745,389745,389747,2,0
389745,389745,389747,2,0
389745,389745,389747,2,0
389745,389745,389747,2,0
389745,389745,389747,2,0
389745,389745,389747,2,0
389745,389745,389747,2,0
389745,389745,389747,2,0
389745,389745,389748,3,0
389745,389745,389748,3,0
389745,389745,389748,3,0
389745,389745,389748,3,0
389745,389745,389748,3,0
389745,389745,389748,3,0
389745,389745,389748,3,0
389745,389745,389748,3,0
389745,389745,389748,3,0
389745,389745,389748,3,0
389745,389745,389748,3,0
389745,389745,389748,3,0
389745,389745,389748,3,0
389745,389745,389748,3,0
389745,389745,389748,3,0
389745,389745,389748,3,0
389745,389745,389748,3,0
389745,389745,389748,3,0
389745,389745,389748,3,0
389745,389745,389749,4,0
389745,389745,389749,4,0
389745,389745,389749,4,0
389745,389745,389748,3,0
389745,389745,389749,4,0
389745,389745,389749,4,0
389745,389745,389749,4,0
389745,389745,389749,4,0
389745,389745,389749,4,0
389745,389745,389749,4,0
389745,389745,389749,4,0
389745,389745,389749,4,0
389745,389745,389749,4,0
389745,389745,389749,4,0
389745,389745,389749,4,0
389745,389751,389752,1,6
389745,389754,389755,1,9
389340,389341,389755,414,1
389745,389754,389755,1,9
389745,389754,389755,1,9
389745,389754,389755,1,9
389745,389754,389757,3,9
389745,389754,389757,3,9
389745,389754,389756,2,9
389321,389322,389757,435,1
389757,389757,389758,1,0
389757,389757,389759,2,0
389757,389757,389759,2,0
389757,389757,389759,2,0
389757,389757,389759,2,0
389757,389757,389759,2,0
389757,389757,389759,2,0
389757,389757,389759,2,0
389757,389757,389759,2,0
389757,389757,389759,2,0
389757,389757,389759,2,0
389757,389757,389759,2,0
389757,389757,389759,2,0
389757,389757,389759,2,0
389757,389757,389759,2,0
389757,389757,389759,2,0
389757,389757,389759,2,0
389757,389757,389759,2,0
389757,389757,389759,2,0
389757,389757,389759,2,0
389757,389757,389759,2,0
389757,389757,389759,2,0
389757,389757,389759,2,0
389757,389757,389759,2,0
389757,389757,389759,2,0
389757,389757,389759,2,0
389757,389757,389760,3,0
389757,389757,389760,3,0
389757,389757,389760,3,0
389757,389757,389760,3,0
389757,389757,389760,3,0
389757,389757,389760,3,0
389757,389757,389760,3,0
389757,389757,389760,3,0
389757,389757,389760,3,0
389757,389757,389759,2,0
389757,389757,389760,3,0
389757,389757,389760,3,0
389757,389757,389760,3,0
389757,389757,389760,3,0
389757,389757,389760,3,0
389757,389757,389760,3,0
389757,389757,389760,3,0
389757,389757,389761,4,0
389757,389757,389761,4,0
389757,389757,389761,4,0
389759,389759,389761,2,0
389759,389759,389761,2,0
389757,389757,389761,4,0
389757,389757,389761,4,0
389759,389759,389761,2,0
389757,389757,389761,4,0
389757,389757,389761,4,0
389759,389759,389761,2,0
389759,389759,389761,2,0
389757,389757,389761,4,0
389757,389757,389761,4,0
389759,389759,389761,2,0
389759,389759,389761,2,0
389757,389757,389761,4,0
389759,389760,389761,1,1
389759,389760,389761,1,1
389759,389760,389761,1,1
389759,389760,389761,1,1
389759,389760,389761,1,1
389759,389760,389761,1,1
389757,389757,389761,4,0
389757,389757,389761,4,0
389757,389757,389761,4,0
389759,389760,389761,1,1
389759,389760,389761,1,1
389759,389760,389761,1,1
389757,389757,389761,4,0
389757,389757,389761,4,0
389759,389760,389761,1,1
389759,389760,389761,1,1
389759,389760,389761,1,1
389759,389760,389761,1,1
389757,389757,389761,4,0
389757,389757,389761,4,0
389759,389760,389761,1,1
389759,389760,389761,1,1
389759,389760,389761,1,1
389759,389760,389762,2,1
389759,389760,389763,3,1
389759,389761,389763,2,2
389759,389761,389763,2,2
389759,389761,389763,2,2
389759,389761,389763,2,2
389759,389761,389763,2,2
389759,389761,389763,2,2
389759,389761,389763,2,2
389759,389761,389764,3,2
389759,389762,389763,1,3
389759,389762,389763,1,3
389759,389761,389764,3,2
389759,389761,389763,2,2
389759,389762,389763,1,3
389759,389762,389763,1,3
389759,389762,389763,1,3
389759,389761,389763,2,2
389759,389762,389763,1,3
389759,389762,389763,1,3
389759,389762,389764,2,3
389759,389762,389764,2,3
389759,389762,389764,2,3
389759,389762,389763,1,3
389759,389762,389764,2,3
389759,389762,389764,2,3
389759,389762,389764,2,3
389759,389762,389763,1,3
389759,389761,389764,3,2
389759,389761,389764,3,2
389759,389761,389764,3,2
389759,389761,389764,3,2
389759,389761,389764,3,2
389759,389762,389764,2,3
389759,389762,389764,2,3
389759,389762,389764,2,3
389759,389762,389764,2,3
389745,389751,389752,1,6
389757,389773,389774,1,16
389759,389760,389794,34,1
389416,389417,389834,417,1
389386,389386,389835,449,0
389835,389836,389837,1,1
389317,389318,389837,519,1
389835,389836,389837,1,1
389835,389836,389837,1,1
389835,389836,389837,1,1
389835,389836,389837,1,1
389835,389836,389837,1,1
389835,389836,389837,1,1
389835,389836,389837,1,1
389835,389836,389837,1,1
389835,389836,389837,1,1
389835,389836,389838,2,1
389835,389836,389837,1,1
389835,389836,389837,1,1
389835,389836,389837,1,1
389835,389836,389837,1,1
389835,389836,389837,1,1
389835,389836,389837,1,1
389835,389836,389837,1,1
389835,389836,389837,1,1
389835,389836,389837,1,1
389835,389836,389837,1,1
389835,389836,389837,1,1
389835,389836,389837,1,1
389835,389836,389838,2,1
389835,389836,389837,1,1
389835,389836,389838,2,1
389835,389836,389838,2,1
389835,389836,389838,2,1
389835,389836,389839,3,1
389835,389836,389838,2,1
389835,389836,389838,2,1
389835,389836,389839,3,1
389835,389836,389838,2,1
389835,389836,389838,2,1
389835,389836,389839,3,1
389835,389836,389839,3,1
389835,389836,389839,3,1
389835,389836,389838,2,1
389835,389836,389838,2,1
389835,389836,389838,2,1
389835,389836,389838,2,1
389835,389836,389838,2,1
389835,389836,389838,2,1
389835,389836,389838,2,1
389835,389836,389839,3,1
389835,389836,389838,2,1
389835,389836,389838,2,1
389835,389836,389839,3,1
389835,389836,389838,2,1
389837,389838,389839,1,1
389837,389838,389839,1,1
389837,389838,389839,1,1
389837,389838,389839,1,1
389837,389838,389840,2,1
389837,389838,389839,1,1
389835,389836,389839,3,1
389835,389836,389840,4,1
389835,389836,389839,3,1
389835,389836,389839,3,1
389837,389838,389840,2,1
389837,389838,389839,1,1
389835,389836,389839,3,1
389835,389836,389839,3,1
389837,389838,389839,1,1
389837,389838,389839,1,1
389837,389838,389839,1,1
389835,389836,389840,4,1
389835,389836,389839,3,1
389837,389838,389839,1,1
389837,389838,389839,1,1
389837,389838,389839,1,1
389837,389838,389839,1,1
389835,389836,389839,3,1
389835,389836,389840,4,1
389835,389836,389839,3,1
389837,389838,389840,2,1
389837,389838,389840,2,1
389837,389838,389839,1,1
389837,389838,389839,1,1
389837,389838,389839,1,1
389835,389836,389839,3,1
389835,389836,389839,3,1
389837,389838,389840,2,1
389837,389838,389840,2,1
389837,389838,389840,2,1
389837,389838,389840,2,1
389837,389840,389841,1,3
389837,389838,389841,3,1
389837,389838,389841,3,1
389837,389838,389841,3,1
389837,389839,389841,2,2
389837,389839,389841,2,2
389837,389839,389841,2,2
389837,389839,389841,2,2
389837,389839,389841,2,2
389837,389840,389842,2,3
389837,389840,389842,2,3
389837,389840,389842,2,3
389837,389840,389841,1,3
389837,389840,389841,1,3
389837,389840,389841,1,3
389837,389840,389842,2,3
389837,389840,389842,2,3
389837,389839,389842,3,2
389837,389840,389841,1,3
389837,389840,389841,1,3
389837,389840,389841,1,3
389388,389390,389842,452,2
389837,389839,389842,3,2
389837,389839,389841,2,2
389837,389839,389841,2,2
389837,389839,389841,2,2
389840,389840,389842,2,0
389840,389840,389842,2,0
389837,389839,389842,3,2
389840,389840,389842,2,0
389840,389840,389842,2,0
389840,389840,389842,2,0
389840,389840,389842,2,0
389837,389839,389842,3,2
389837,389839,389842,3,2
389840,389840,389842,2,0
389840,389840,389842,2,0
389840,389840,389842,2,0
389840,389840,389842,2,0
389840,389840,389842,2,0
389837,389839,389842,3,2
389837,389839,389842,3,2
389840,389840,389842,2,0
389840,389840,389842,2,0
389840,389840,389842,2,0
389840,389840,389842,2,0
389837,389839,389841,2,2
389840,389840,389842,2,0
389840,389840,389842,2,0
389840,389840,389842,2,0
389840,389840,389842,2,0
389840,389840,389842,2,0
389837,389839,389842,3,2
389837,389839,389842,3,2
389837,389839,389842,3,2
389357,389358,389843,485,1
389837,389839,389842,3,2
389840,389841,389842,1,1
389837,389839,389842,3,2
389840,389840,389843,3,0
389840,389842,389843,1,2
389837,389839,389842,3,2
389840,389840,389842,2,0
389840,389840,389842,2,0
389840,389841,389844,3,1
389840,389841,389844,3,1
389840,389842,389844,2,2
389840,389842,389844,2,2
389840,389842,389844,2,2
389840,389841,389844,3,1
389840,389842,389844,2,2
389840,389841,389844,3,1
389840,389842,389844,2,2
389840,389842,389844,2,2
389840,389842,389844,2,2
389840,389842,389844,2,2
389840,389842,389844,2,2
389840,389842,389844,2,2
389840,389842,389844,2,2
389840,389842,389844,2,2
389840,389842,389844,2,2
389840,389842,389844,2,2
389840,389842,389845,3,2
389840,389842,389845,3,2
389840,389842,389844,2,2
389840,389842,389844,2,2
389840,389842,389844,2,2
389840,389842,389844,2,2
389840,389842,389845,3,2
389840,389842,389845,3,2
389840,389842,389844,2,2
389840,389842,389845,3,2
389840,389841,389845,4,1
389840,389841,389845,4,1
389840,389841,389845,4,1
389840,389841,389845,4,1
389840,389841,389845,4,1
389840,389842,389845,3,2
389840,389842,389845,3,2
389840,389842,389846,4,2
389840,389842,389845,3,2
389869,389869,389870,1,0
389869,389869,389870,1,0
389869,389869,389870,1,0
389869,389869,389870,1,0
389869,389869,389871,2,0
389869,389869,389870,1,0
389869,389869,389870,1,0
389869,389869,389870,1,0
389869,389869,389870,1,0
389869,389869,389871,2,0
389869,389869,389870,1,0
389869,389869,389870,1,0
389869,389869,389871,2,0
389869,389869,389871,2,0
389869,389869,389870,1,0
389869,389869,389870,1,0
389869,389869,389870,1,0
389869,389869,389870,1,0
389869,389869,389870,1,0
389869,389869,389870,1,0
389869,389869,389871,2,0
389869,389869,389870,1,0
389869,389869,389871,2,0
389869,389869,389871,2,0
389869,389869,389872,3,0
389869,389869,389872,3,0
389869,389869,389871,2,0
389869,389869,389871,2,0
389869,389869,389872,3,0
389869,389869,389871,2,0
389869,389869,389871,2,0
389869,389869,389871,2,0
389869,389869,389872,3,0
389869,389869,389872,3,0
389869,389869,389871,2,0
389869,389869,389871,2,0
389869,389869,389872,3,0
389869,389869,389872,3,0
389869,389869,389872,3,0
389869,389869,389871,2,0
389869,389869,389871,2,0
389869,389869,389872,3,0
389869,389869,389871,2,0
389869,389869,389872,3,0
389869,389869,389871,2,0
389869,389869,389872,3,0
389869,389869,389872,3,0
389869,389869,389873,4,0
389869,389869,389872,3,0
389869,389869,389872,3,0
389869,389869,389873,4,0
389869,389869,389872,3,0
389869,389869,389872,3,0
389869,389869,389873,4,0
389869,389869,389872,3,0
389869,389869,389872,3,0
389869,389869,389872,3,0
389869,389869,389872,3,0
389869,389869,389872,3,0
389869,389869,389873,4,0
389869,389869,389872,3,0
389869,389869,389873,4,0
389877,389878,389879,1,1
389877,389878,389879,1,1
389877,389878,389879,1,1
389877,389878,389879,1,1
389877,389878,389879,1,1
389877,389878,389879,1,1
389877,389878,389879,1,1
389877,389878,389880,2,1
389877,389878,389879,1,1
389877,389878,389879,1,1
389877,389878,389879,1,1
389877,389878,389879,1,1
389877,389878,389879,1,1
389877,389878,389879,1,1
389877,389878,389879,1,1
389877,389878,389879,1,1
389877,389878,389879,1,1
389877,389878,389880,2,1
389877,389878,389879,1,1
389877,389878,389879,1,1
389877,389878,389879,1,1
389877,389878,389879,1,1
389877,389878,389879,1,1
389877,389878,389879,1,1
389877,389878,389879,1,1
389877,389878,389879,1,1
389877,389878,389879,1,1
389877,389878,389879,1,1
389877,389878,389879,1,1
389877,389878,389879,1,1
389877,389878,389879,1,1
389877,389878,389880,2,1
389877,389878,389880,2,1
389877,389878,389880,2,1
389877,389878,389880,2,1
389877,389878,389881,3,1
389877,389878,389880,2,1
389877,389878,389880,2,1
389877,389878,389880,2,1
389877,389878,389880,2,1
389877,389878,389881,3,1
389877,389878,389881,3,1
389877,389878,389881,3,1
389877,389878,389881,3,1
389877,389878,389881,3,1
389877,389878,389881,3,1
389877,389878,389881,3,1
389877,389878,389881,3,1
389877,389878,389881,3,1
389877,389878,389881,3,1
389877,389878,389881,3,1
389877,389892,389893,1,15
389877,389892,389894,2,15
389877,389892,389893,1,15
389877,389892,389893,1,15
389877,389892,389894,2,15
389877,389892,389894,2,15
389877,389892,389895,3,15
389877,389878,389880,2,1
389877,389878,389881,3,1
389877,389878,389881,3,1
389495,389496,389931,435,1
389931,389932,389933,1,1
389931,389932,389933,1,1
389931,389932,389933,1,1
389931,389932,389933,1,1
389931,389932,389933,1,1
389931,389932,389933,1,1
389931,389932,389933,1,1
389931,389932,389933,1,1
389931,389932,389933,1,1
389931,389932,389933,1,1
389931,389932,389934,2,1
389931,389932,389933,1,1
389931,389932,389933,1,1
389931,389932,389933,1,1
389931,389932,389933,1,1
389931,389932,389933,1,1
389931,389932,389933,1,1
389931,389932,389933,1,1
389931,389932,389933,1,1
389931,389932,389933,1,1
389931,389932,389933,1,1
389931,389932,389933,1,1
389931,389932,389933,1,1
389931,389932,389933,1,1
389931,389932,389934,2,1
389931,389932,389934,2,1
389931,389932,389934,2,1
389931,389932,389934,2,1
389931,389932,389934,2,1
389931,389932,389934,2,1
389931,389932,389935,3,1
389931,389932,389934,2,1
389931,389932,389934,2,1
389931,389932,389935,3,1
389931,389932,389934,2,1
389931,389932,389934,2,1
389931,389932,389935,3,1
389931,389932,389934,2,1
389931,389932,389934,2,1
389931,389932,389934,2,1
389931,389932,389934,2,1
389931,389932,389934,2,1
389931,389932,389934,2,1
389931,389932,389934,2,1
389931,389932,389934,2,1
389931,389932,389935,3,1
389931,389932,389935,3,1
389931,389932,389935,3,1
389931,389932,389936,4,1
389931,389932,389936,4,1
389931,389932,389935,3,1
389931,389932,389935,3,1
389931,389932,389935,3,1
389931,389932,389935,3,1
389931,389932,389935,3,1
389931,389932,389935,3,1
389931,389932,389935,3,1
389931,389932,389935,3,1
389931,389932,389935,3,1
389931,389932,389935,3,1
389931,389932,389936,4,1
389476,389477,389954,477,1
389956,389957,389958,1,1
389956,389957,389958,1,1
389956,389957,389959,2,1
389956,389957,389958,1,1
389956,389957,389958,1,1
389956,389957,389958,1,1
389956,389957,389958,1,1
389956,389957,389958,1,1
389956,389957,389958,1,1
389956,389957,389959,2,1
389956,389957,389959,2,1
389956,389957,389958,1,1
389956,389957,389959,2,1
389956,389957,389958,1,1
389956,389957,389958,1,1
389956,389957,389958,1,1
389956,389957,389958,1,1
389956,389957,389959,2,1
389956,389957,389958,1,1
389956,389957,389958,1,1
389956,389957,389959,2,1
389956,389957,389958,1,1
389956,389957,389959,2,1
389956,389957,389959,2,1
389956,389957,389960,3,1
389956,389957,389960,3,1
389956,389957,389959,2,1
389956,389957,389959,2,1
389956,389957,389959,2,1
389956,389957,389960,3,1
389956,389957,389959,2,1
389956,389957,389960,3,1
389956,389957,389960,3,1
389956,389957,389960,3,1
389956,389957,389960,3,1
389956,389957,389959,2,1
389956,389957,389959,2,1
389956,389957,389960,3,1
389956,389957,389960,3,1
389956,389957,389960,3,1
389956,389957,389959,2,1
389956,389957,389959,2,1
389956,389957,389960,3,1
389956,389957,389959,2,1
389956,389957,389960,3,1
389956,389957,389960,3,1
389956,389957,389960,3,1
389956,389957,389960,3,1
389956,389957,389960,3,1
389956,389957,389960,3,1
389956,389957,389960,3,1
389956,389957,389961,4,1
389956,389957,389961,4,1
389956,389957,389961,4,1
389956,389957,389960,3,1
389956,389957,389961,4,1
389956,389957,389960,3,1
389956,389957,389960,3,1
389956,389957,389960,3,1
389956,389957,389961,4,1
389956,389957,389961,4,1
389446,389447,389978,531,1
389980,389980,389982,2,0
389980,389980,389982,2,0
389980,389980,389981,1,0
389980,389980,389982,2,0
389980,389980,389981,1,0
389980,389980,389981,1,0
389980,389980,389981,1,0
389980,389980,389981,1,0
389980,389980,389981,1,0
389980,389980,389982,2,0
389980,389980,389982,2,0
389980,389980,389982,2,0
389980,389980,389982,2,0
389980,389980,389982,2,0
389980,389980,389982,2,0
389980,389980,389981,1,0
389980,389980,389982,2,0
389980,389980,389982,2,0
389980,389980,389982,2,0
389980,389980,389982,2,0
389980,389980,389981,1,0
389980,389980,389982,2,0
389980,389980,389982,2,0
389980,389980,389982,2,0
389980,389980,389982,2,0
389980,389980,389982,2,0
389980,389980,389983,3,0
389980,389980,389983,3,0
389980,389980,389982,2,0
389980,389980,389982,2,0
389980,389980,389983,3,0
389980,389980,389983,3,0
389980,389980,389982,2,0
389980,389980,389983,3,0
389980,389980,389983,3,0
389980,389980,389983,3,0
389980,389980,389982,2,0
389980,389980,389983,3,0
389980,389980,389983,3,0
389980,389980,389982,2,0
389980,389980,389983,3,0
389980,389980,389983,3,0
389980,389980,389984,4,0
389980,389980,389984,4,0
389980,389980,389984,4,0
389980,389980,389983,3,0
389980,389980,389983,3,0
389980,389980,389983,3,0
389980,389980,389983,3,0
389980,389980,389984,4,0
389980,389980,389984,4,0
389980,389980,389984,4,0
389980,389980,389984,4,0
389980,389980,389983,3,0
389980,389980,389984,4,0
389980,389980,389984,4,0
389980,389980,389984,4,0
389980,389990,389991,1,10
389980,389990,389991,1,10
389980,389990,389991,1,10
389980,389990,389992,2,10
389606,389607,390026,419,1
390029,390029,390030,1,0
390029,390029,390031,2,0
390029,390029,390031,2,0
390029,390029,390030,1,0
390029,390029,390030,1,0
390029,390029,390030,1,0
390029,390029,390030,1,0
390029,390029,390031,2,0
390029,390029,390030,1,0
390029,390029,390031,2,0
390029,390029,390031,2,0
390029,390029,390031,2,0
390029,390029,390031,2,0
390029,390029,390031,2,0
390029,390029,390030,1,0
390029,390029,390030,1,0
390029,390029,390030,1,0
390029,390029,390030,1,0
390029,390029,390030,1,0
390029,390029,390031,2,0
390029,390029,390031,2,0
390029,390029,390031,2,0
390029,390029,390031,2,0
390029,390029,390030,1,0
390029,390029,390031,2,0
390029,390030,390031,1,1
390029,390030,390032,2,1
390029,390030,390032,2,1
390029,390029,390032,3,0
390029,390029,390032,3,0
390029,390029,390031,2,0
390029,390029,390032,3,0
390029,390029,390032,3,0
390029,390029,390032,3,0
390029,390029,390031,2,0
389571,389572,390032,460,1
390029,390029,390032,3,0
390029,390029,390032,3,0
390029,390029,390032,3,0
390029,390029,390031,2,0
390029,390029,390032,3,0
390029,390029,390032,3,0
390029,390029,390033,4,0
390029,390029,390033,4,0
390029,390029,390033,4,0
390029,390029,390032,3,0
390029,390029,390032,3,0
390029,390030,390032,2,1
390029,390029,390033,4,0
390029,390029,390032,3,0
390029,390029,390032,3,0
390029,390029,390032,3,0
390029,390029,390033,4,0
390029,390029,390032,3,0
390029,390029,390032,3,0
390029,390029,390032,3,0
390029,390029,390032,3,0
390029,390029,390032,3,0
390029,390029,390032,3,0
390029,390030,390033,3,1
390029,390030,390033,3,1
390029,390029,390033,4,0
390033,390033,390034,1,0
390033,390033,390034,1,0
390033,390033,390034,1,0
390033,390033,390035,2,0
390033,390033,390034,1,0
390033,390033,390035,2,0
390033,390033,390034,1,0
390033,390033,390034,1,0
390033,390033,390034,1,0
390033,390033,390034,1,0
390033,390033,390035,2,0
390033,390033,390035,2,0
390033,390033,390034,1,0
390033,390033,390035,2,0
390033,390033,390035,2,0
390033,390033,390035,2,0
390033,390033,390034,1,0
390033,390033,390034,1,0
390033,390034,390035,1,1
390033,390033,390034,1,0
390033,390033,390034,1,0
390033,390033,390035,2,0
390033,390033,390035,2,0
390033,390033,390035,2,0
390033,390033,390036,3,0
390033,390033,390036,3,0
390033,390033,390036,3,0
390033,390033,390036,3,0
390033,390033,390036,3,0
390033,390033,390036,3,0
390033,390033,390035,2,0
390033,390033,390036,3,0
390033,390033,390036,3,0
390033,390034,390035,1,1
390033,390034,390035,1,1
390033,390033,390035,2,0
390033,390033,390036,3,0
390033,390033,390036,3,0
390033,390033,390036,3,0
390033,390033,390035,2,0
390033,390033,390035,2,0
390033,390033,390036,3,0
390033,390033,390035,2,0
390033,390033,390036,3,0
390033,390033,390036,3,0
390033,390033,390036,3,0
390033,390033,390036,3,0
390033,390033,390036,3,0
390033,390033,390036,3,0
390033,390033,390035,2,0
390033,390033,390036,3,0
390033,390033,390036,3,0
390033,390033,390036,3,0
390033,390033,390036,3,0
390033,390033,390036,3,0
390033,390033,390036,3,0
390033,390033,390037,4,0
390033,390033,390036,3,0
390033,390033,390037,4,0
390033,390033,390037,4,0
390033,390033,390037,4,0
389625,389627,390072,445,2
390074,390075,390076,1,1
390074,390075,390077,2,1
390074,390075,390077,2,1
390074,390075,390077,2,1
390074,390075,390077,2,1
390074,390075,390077,2,1
390074,390075,390076,1,1
390074,390075,390076,1,1
390074,390075,390076,1,1
390074,390075,390076,1,1
390074,390075,390076,1,1
390074,390075,390077,2,1
390074,390075,390076,1,1
390074,390075,390077,2,1
390074,390075,390077,2,1
390074,390075,390077,2,1
390074,390075,390077,2,1
390074,390075,390076,1,1
390074,390075,390077,2,1
390074,390075,390077,2,1
390074,390075,390077,2,1
390074,390075,390076,1,1
390074,390075,390077,2,1
390074,390075,390078,3,1
390074,390075,390077,2,1
390074,390075,390078,3,1
390074,390075,390077,2,1
390074,390075,390077,2,1
390074,390075,390078,3,1
390074,390075,390078,3,1
390074,390075,390077,2,1
390074,390075,390078,3,1
390074,390075,390077,2,1
389604,389604,390077,473,0
390074,390075,390079,4,1
390074,390075,390079,4,1
390074,390075,390078,3,1
390074,390075,390078,3,1
390074,390075,390078,3,1
390074,390075,390079,4,1
390074,390075,390079,4,1
390074,390075,390078,3,1
390074,390075,390079,4,1
390074,390075,390078,3,1
390074,390075,390078,3,1
390074,390075,390078,3,1
390074,390075,390078,3,1
390074,390075,390079,4,1
390074,390075,390078,3,1
390074,390075,390078,3,1
390074,390075,390078,3,1
390074,390075,390078,3,1
390074,390075,390078,3,1
390079,390079,390080,1,0
390079,390079,390080,1,0
390079,390079,390080,1,0
390079,390079,390080,1,0
390079,390079,390080,1,0
390079,390079,390081,2,0
390079,390079,390081,2,0
390079,390079,390080,1,0
390079,390079,390081,2,0
390079,390079,390081,2,0
390079,390079,390081,2,0
390079,390079,390080,1,0
390079,390079,390080,1,0
390079,390079,390081,2,0
390079,390079,390081,2,0
390079,390079,390080,1,0
390079,390079,390080,1,0
390079,390079,390080,1,0
390079,390079,390081,2,0
390079,390079,390080,1,0
390079,390079,390080,1,0
390079,390079,390081,2,0
390079,390079,390082,3,0
390079,390079,390082,3,0
390079,390079,390082,3,0
390079,390079,390082,3,0
390079,390079,390081,2,0
390079,390079,390082,3,0
390079,390079,390082,3,0
390079,390081,390082,1,2
390079,390079,390082,3,0
390079,390079,390082,3,0
390079,390081,390082,1,2
390079,390079,390082,3,0
390079,390079,390082,3,0
390079,390079,390082,3,0
390079,390081,390082,1,2
390079,390079,390082,3,0
390079,390079,390082,3,0
390079,390079,390082,3,0
390079,390080,390082,2,1
390079,390079,390082,3,0
390079,390079,390081,2,0
390079,390080,390082,2,1
390079,390080,390082,2,1
390079,390079,390082,3,0
390079,390079,390082,3,0
390079,390079,390082,3,0
390079,390079,390082,3,0
390079,390079,390082,3,0
390079,390079,390083,4,0
390079,390079,390082,3,0
390079,390079,390082,3,0
390079,390079,390082,3,0
390079,390079,390082,3,0
390079,390081,390082,1,2
390079,390079,390083,4,0
390079,390079,390083,4,0
390079,390081,390083,2,2
390079,390081,390083,2,2
390079,390081,390082,1,2
390079,390079,390083,4,0
390074,390087,390090,3,13
390074,390087,390091,4,13
390074,390087,390090,3,13
390074,390075,390077,2,1
390074,390075,390077,2,1
390074,390075,390077,2,1
390074,390075,390078,3,1
390074,390075,390079,4,1
390074,390075,390079,4,1
389642,389642,390110,468,0
390112,390112,390114,2,0
390112,390112,390114,2,0
390112,390112,390114,2,0
390112,390112,390114,2,0
390112,390112,390114,2,0
390112,390112,390114,2,0
390112,390112,390114,2,0
390112,390112,390114,2,0
390112,390112,390114,2,0
390112,390112,390114,2,0
390112,390112,390114,2,0
390112,390112,390114,2,0
390112,390112,390114,2,0
390112,390112,390113,1,0
390112,390112,390113,1,0
390112,390112,390114,2,0
390112,390112,390114,2,0
390112,390112,390114,2,0
390112,390112,390114,2,0
390112,390112,390114,2,0
390112,390112,390114,2,0
390112,390112,390114,2,0
390112,390112,390114,2,0
390112,390112,390114,2,0
390112,390112,390115,3,0
390112,390112,390114,2,0
390112,390112,390115,3,0
390112,390112,390115,3,0
390112,390112,390115,3,0
390112,390112,390115,3,0
390112,390112,390114,2,0
390112,390112,390114,2,0
390112,390112,390115,3,0
390112,390112,390115,3,0
390112,390112,390115,3,0
390112,390112,390114,2,0
390112,390112,390114,2,0
390112,390112,390116,4,0
390112,390112,390116,4,0
390112,390112,390116,4,0
390112,390112,390116,4,0
390112,390112,390115,3,0
390112,390112,390116,4,0
390112,390112,390116,4,0
390112,390112,390116,4,0
390112,390112,390116,4,0
390112,390112,390116,4,0
390112,390112,390115,3,0
390112,390112,390115,3,0
390112,390112,390116,4,0
390112,390112,390116,4,0
390112,390112,390116,4,0
390112,390112,390115,3,0
390112,390112,390115,3,0
390112,390112,390116,4,0
390112,390112,390116,4,0
390112,390112,390116,4,0
390112,390112,390116,4,0
390112,390112,390115,3,0
389661,389662,390117,455,1
390112,390112,390117,5,0
390112,390112,390116,4,0
390139,390140,390142,2,1
390139,390140,390142,2,1
390139,390140,390141,1,1
390139,390140,390141,1,1
390139,390140,390141,1,1
390139,390140,390141,1,1
390139,390140,390141,1,1
390139,390140,390141,1,1
390139,390140,390141,1,1
390139,390140,390141,1,1
390139,390140,390141,1,1
390139,390140,390141,1,1
390139,390140,390141,1,1
390139,390140,390141,1,1
390139,390140,390142,2,1
390139,390140,390141,1,1
390139,390140,390141,1,1
390139,390140,390141,1,1
390139,390140,390141,1,1
390139,390140,390141,1,1
390139,390140,390141,1,1
390139,390140,390141,1,1
390139,390141,390142,1,2
390139,390141,390142,1,2
390139,390140,390143,3,1
390139,390140,390142,2,1
390139,390140,390142,2,1
390139,390140,390142,2,1
390139,390140,390142,2,1
390139,390140,390143,3,1
390139,390140,390142,2,1
390139,390140,390142,2,1
390139,390140,390142,2,1
390139,390140,390142,2,1
390139,390140,390142,2,1
390139,390140,390143,3,1
390139,390140,390142,2,1
390139,390140,390142,2,1
390139,390140,390142,2,1
390139,390140,390143,3,1
390139,390140,390142,2,1
390139,390141,390143,2,2
390139,390141,390142,1,2
390139,390140,390143,3,1
390139,390140,390143,3,1
390139,390140,390143,3,1
390139,390140,390143,3,1
390139,390140,390144,4,1
390139,390140,390143,3,1
390139,390140,390143,3,1
390139,390140,390143,3,1
390139,390140,390143,3,1
390139,390140,390143,3,1
390139,390140,390143,3,1
390139,390140,390143,3,1
390139,390140,390143,3,1
390139,390140,390143,3,1
390139,390140,390143,3,1
390139,390141,390144,3,2
390139,390141,390144,3,2
390139,390140,390144,4,1
389694,389696,390147,451,2
390158,390158,390160,2,0
390158,390158,390160,2,0
390158,390158,390160,2,0
390158,390159,390160,1,1
390158,390158,390160,2,0
390158,390158,390160,2,0
390158,390158,390160,2,0
390158,390158,390160,2,0
390158,390158,390160,2,0
390158,390158,390160,2,0
390158,390159,390160,1,1
390158,390158,390160,2,0
390158,390158,390160,2,0
390158,390158,390160,2,0
390158,390158,390160,2,0
390158,390158,390160,2,0
390158,390159,390160,1,1
390158,390159,390160,1,1
390158,390158,390160,2,0
390158,390158,390160,2,0
390158,390158,390160,2,0
390158,390158,390160,2,0
390158,390158,390161,3,0
390158,390159,390161,2,1
390158,390159,390161,2,1
390158,390159,390161,2,1
390158,390158,390161,3,0
390158,390158,390161,3,0
390158,390158,390161,3,0
390158,390158,390161,3,0
390158,390159,390161,2,1
390158,390159,390161,2,1
390158,390158,390161,3,0
390158,390158,390161,3,0
390158,390158,390161,3,0
390158,390159,390161,2,1
390158,390159,390161,2,1
390158,390158,390161,3,0
390158,390158,390161,3,0
390158,390158,390161,3,0
390158,390158,390162,4,0
390158,390158,390162,4,0
390158,390158,390163,5,0
390158,390158,390162,4,0
390158,390158,390162,4,0
390158,390158,390162,4,0
390158,390158,390162,4,0
390158,390158,390162,4,0
390158,390159,390162,3,1
390158,390159,390162,3,1
390158,390159,390162,3,1
390158,390158,390162,4,0
390158,390158,390162,4,0
390158,390158,390162,4,0
390158,390158,390163,5,0
390158,390159,390162,3,1
390158,390159,390162,3,1
390158,390158,390162,4,0
390158,390158,390162,4,0
389692,389693,390170,477,1
390172,390172,390173,1,0
390172,390172,390174,2,0
390172,390172,390174,2,0
390172,390172,390174,2,0
390172,390172,390174,2,0
390172,390172,390174,2,0
390172,390172,390174,2,0
390172,390172,390174,2,0
390172,390172,390174,2,0
390172,390172,390174,2,0
390172,390172,390174,2,0
390172,390172,390174,2,0
390172,390172,390174,2,0
390172,390172,390174,2,0
390172,390172,390174,2,0
390172,390172,390173,1,0
390172,390172,390174,2,0
390172,390172,390174,2,0
390172,390172,390173,1,0
390172,390172,390174,2,0
390172,390172,390174,2,0
390172,390173,390174,1,1
390172,390172,390174,2,0
390172,390172,390175,3,0
390172,390174,390175,1,2
390172,390172,390175,3,0
390172,390172,390175,3,0
390172,390172,390174,2,0
390172,390172,390175,3,0
390172,390172,390175,3,0
390172,390172,390174,2,0
390172,390172,390174,2,0
390172,390172,390174,2,0
390172,390172,390174,2,0
390172,390172,390175,3,0
390172,390172,390174,2,0
390172,390172,390174,2,0
390172,390172,390175,3,0
390172,390172,390176,4,0
390172,390172,390175,3,0
390172,390172,390176,4,0
390172,390172,390175,3,0
390172,390172,390175,3,0
390172,390172,390176,4,0
390172,390172,390176,4,0
390172,390172,390175,3,0
390172,390172,390176,4,0
390172,390172,390176,4,0
390172,390172,390175,3,0
390172,390172,390175,3,0
390172,390172,390176,4,0
390172,390172,390176,4,0
390172,390172,390176,4,0
390172,390172,390175,3,0
390172,390172,390175,3,0
390172,390172,390176,4,0
390172,390172,390175,3,0
390172,390172,390176,4,0
389716,389717,390176,459,1
390158,390159,390163,4,1
390158,390159,390162,3,1
390178,390178,390180,2,0
390178,390178,390180,2,0
390178,390178,390180,2,0
390178,390178,390180,2,0
390178,390178,390180,2,0
390178,390178,390180,2,0
390178,390178,390180,2,0
390172,390178,390180,2,6
390172,390178,390180,2,6
390172,390178,390180,2,6
390178,390178,390180,2,0
390178,390178,390180,2,0
390178,390178,390180,2,0
390178,390178,390180,2,0
390178,390178,390180,2,0
390178,390178,390180,2,0
390178,390178,390180,2,0
390178,390178,390180,2,0
390178,390178,390180,2,0
390178,390178,390180,2,0
390178,390178,390180,2,0
390178,390178,390181,3,0
390178,390178,390180,2,0
390178,390178,390180,2,0
390178,390178,390181,3,0
390178,390178,390180,2,0
390178,390178,390180,2,0
390178,390178,390181,3,0
390178,390178,390181,3,0
390178,390178,390180,2,0
390178,390178,390181,3,0
390178,390178,390180,2,0
390178,390178,390181,3,0
390178,390178,390181,3,0
390178,390178,390181,3,0
390178,390178,390181,3,0
390178,390178,390180,2,0
390178,390178,390182,4,0
390178,390178,390182,4,0
390178,390178,390181,3,0
390178,390178,390182,4,0
390178,390178,390181,3,0
390178,390178,390182,4,0
390178,390178,390182,4,0
390178,390178,390181,3,0
390178,390180,390181,1,2
390178,390178,390182,4,0
390178,390178,390181,3,0
390178,390178,390181,3,0
390178,390180,390181,1,2
390178,390178,390182,4,0
390178,390178,390182,4,0
390178,390178,390182,4,0
390178,390178,390182,4,0
390178,390178,390182,4,0
390178,390178,390182,4,0
390178,390178,390181,3,0
390178,390178,390182,4,0
389761,389762,390189,427,1
390193,390193,390195,2,0
390193,390193,390195,2,0
390193,390194,390195,1,1
390193,390194,390195,1,1
390193,390193,390195,2,0
390193,390193,390195,2,0
390193,390193,390195,2,0
390193,390193,390195,2,0
390193,390193,390195,2,0
390193,390193,390195,2,0
390193,390193,390195,2,0
390193,390193,390195,2,0
390193,390193,390195,2,0
390193,390193,390195,2,0
390193,390193,390195,2,0
390193,390193,390195,2,0
390193,390193,390195,2,0
390193,390193,390195,2,0
390193,390193,390195,2,0
390193,390194,390196,2,1
390193,390193,390196,3,0
390193,390194,390196,2,1
390193,390195,390196,1,2
390193,390195,390196,1,2
390193,390193,390196,3,0
390193,390193,390196,3,0
390193,390193,390196,3,0
390193,390193,390196,3,0
390193,390195,390196,1,2
390193,390195,390196,1,2
390193,390193,390196,3,0
390193,390193,390196,3,0
390193,390193,390196,3,0
390193,390193,390196,3,0
390193,390193,390196,3,0
390193,390193,390195,2,0
390193,390193,390196,3,0
390193,390193,390196,3,0
390193,390193,390196,3,0
390193,390194,390197,3,1
390193,390194,390197,3,1
390193,390193,390196,3,0
390193,390193,390196,3,0
390193,390193,390197,4,0
390193,390194,390197,3,1
390193,390194,390197,3,1
390193,390194,390197,3,1
390193,390193,390197,4,0
390193,390193,390197,4,0
390193,390193,390197,4,0
390193,390193,390197,4,0
390193,390193,390197,4,0
390193,390193,390197,4,0
390193,390193,390197,4,0
390193,390193,390197,4,0
390193,390193,390197,4,0
390193,390193,390197,4,0
390193,390193,390197,4,0
390193,390196,390198,2,3
390193,390196,390198,2,3
390178,390178,390180,2,0
390178,390178,390181,3,0
390178,390178,390182,4,0
390178,390178,390182,4,0
390178,390178,390182,4,0
390193,390193,390199,6,0
390178,390200,390201,1,22
389758,389759,390209,450,1
390220,390221,390222,1,1
390220,390221,390222,1,1
390220,390221,390222,1,1
390220,390221,390223,2,1
390220,390221,390222,1,1
390220,390221,390222,1,1
390220,390221,390222,1,1
390220,390221,390222,1,1
390220,390221,390222,1,1
390220,390221,390222,1,1
390220,390221,390222,1,1
390220,390221,390222,1,1
390220,390221,390222,1,1
390220,390221,390222,1,1
390220,390221,390222,1,1
390220,390221,390222,1,1
390220,390221,390222,1,1
390220,390221,390222,1,1
390220,390221,390222,1,1
390220,390221,390222,1,1
390220,390221,390222,1,1
390220,390221,390222,1,1
390220,390221,390223,2,1
390220,390221,390223,2,1
390220,390221,390223,2,1
390220,390221,390223,2,1
390220,390221,390223,2,1
390220,390221,390224,3,1
390220,390221,390223,2,1
390220,390221,390223,2,1
390220,390221,390223,2,1
390220,390221,390223,2,1
390220,390221,390224,3,1
390220,390221,390223,2,1
390220,390221,390224,3,1
390220,390221,390224,3,1
390220,390221,390224,3,1
390220,390221,390224,3,1
390220,390221,390223,2,1
390220,390221,390223,2,1
390220,390221,390224,3,1
390220,390221,390224,3,1
390220,390221,390225,4,1
390220,390221,390224,3,1
390220,390221,390224,3,1
390220,390221,390224,3,1
390220,390221,390224,3,1
390220,390221,390224,3,1
390220,390221,390224,3,1
390220,390221,390224,3,1
390220,390221,390224,3,1
390220,390221,390224,3,1
390220,390221,390224,3,1
390220,390221,390224,3,1
390220,390221,390225,4,1
390220,390233,390234,1,13
390220,390233,390235,2,13
390220,390233,390235,2,13
390220,390233,390236,3,13
390220,390233,390235,2,13
390220,390233,390236,3,13
389746,389747,390238,491,1
390256,390257,390258,1,1
390256,390257,390258,1,1
390256,390257,390258,1,1
390256,390257,390258,1,1
390256,390257,390259,2,1
390256,390257,390259,2,1
390256,390257,390259,2,1
390256,390257,390258,1,1
390256,390257,390258,1,1
390256,390257,390259,2,1
390256,390257,390259,2,1
390256,390257,390259,2,1
390256,390257,390258,1,1
390256,390257,390259,2,1
390256,390257,390259,2,1
390256,390257,390258,1,1
390256,390257,390258,1,1
390256,390257,390258,1,1
390256,390257,390258,1,1
390256,390257,390258,1,1
390256,390257,390258,1,1
390256,390257,390259,2,1
390256,390257,390260,3,1
390256,390257,390259,2,1
390256,390257,390260,3,1
390256,390257,390259,2,1
390256,390257,390260,3,1
390256,390257,390260,3,1
390256,390257,390259,2,1
390256,390257,390260,3,1
390256,390257,390260,3,1
390256,390257,390260,3,1
390256,390257,390259,2,1
390256,390257,390260,3,1
390256,390257,390259,2,1
390256,390257,390260,3,1
390256,390257,390261,4,1
390256,390257,390260,3,1
390256,390257,390260,3,1
390256,390257,390260,3,1
390256,390257,390260,3,1
390256,390257,390261,4,1
390256,390257,390260,3,1
390256,390257,390261,4,1
390256,390257,390260,3,1
390256,390257,390260,3,1
390256,390257,390260,3,1
390256,390257,390261,4,1
390256,390257,390260,3,1
390256,390257,390260,3,1
390256,390257,390260,3,1
390256,390257,390260,3,1
390256,390257,390260,3,1
390256,390257,390262,5,1
389836,389837,390265,428,1
390268,390268,390270,2,0
390268,390268,390270,2,0
390268,390268,390270,2,0
390268,390268,390270,2,0
390268,390268,390270,2,0
390268,390268,390270,2,0
390268,390268,390270,2,0
390268,390268,390270,2,0
390268,390268,390270,2,0
390268,390268,390270,2,0
390268,390268,390270,2,0
390268,390268,390270,2,0
390268,390268,390270,2,0
390268,390268,390270,2,0
390268,390268,390270,2,0
390268,390268,390270,2,0
390268,390268,390270,2,0
390268,390268,390270,2,0
390268,390268,390270,2,0
390268,390268,390271,3,0
390268,390268,390271,3,0
390268,390268,390271,3,0
390268,390268,390271,3,0
390268,390268,390271,3,0
390268,390268,390271,3,0
390268,390268,390271,3,0
390268,390268,390271,3,0
390268,390268,390271,3,0
390268,390268,390271,3,0
390268,390268,390271,3,0
390268,390270,390271,1,2
390268,390268,390271,3,0
390268,390268,390270,2,0
390268,390268,390270,2,0
390268,390268,390271,3,0
390268,390268,390271,3,0
390268,390270,390271,1,2
390268,390268,390272,4,0
390268,390268,390271,3,0
390268,390268,390271,3,0
390268,390268,390271,3,0
390268,390270,390271,1,2
390268,390268,390272,4,0
390268,390268,390272,4,0
390268,390268,390272,4,0
389870,389870,390272,402,0
390268,390268,390272,4,0
390268,390268,390272,4,0
390268,390268,390272,4,0
390268,390268,390272,4,0
390268,390268,390272,4,0
390268,390268,390272,4,0
390268,390270,390272,2,2
390268,390268,390272,4,0
390268,390268,390272,4,0
390268,390268,390272,4,0
390268,390271,390272,1,3
390268,390268,390272,4,0
390268,390268,390272,4,0
390268,390268,390272,4,0
389841,389842,390277,435,1
390256,390280,390281,1,24
390256,390280,390281,1,24
390256,390280,390281,1,24
390256,390280,390281,1,24
390256,390280,390281,1,24
390256,390280,390283,3,24
390256,390280,390283,3,24
390288,390288,390289,1,0
390288,390288,390290,2,0
390288,390288,390290,2,0
390288,390288,390290,2,0
390288,390289,390290,1,1
390288,390288,390290,2,0
390288,390288,390290,2,0
390288,390288,390290,2,0
390288,390288,390290,2,0
390288,390288,390290,2,0
390288,390288,390290,2,0
390288,390288,390290,2,0
390288,390288,390290,2,0
390288,390288,390290,2,0
390288,390288,390290,2,0
390288,390288,390290,2,0
390288,390288,390290,2,0
390288,390288,390290,2,0
390288,390288,390290,2,0
390288,390288,390290,2,0
390288,390288,390290,2,0
390288,390288,390290,2,0
390288,390288,390290,2,0
390288,390288,390290,2,0
390288,390288,390291,3,0
390288,390288,390291,3,0
390288,390289,390291,2,1
390288,390288,390291,3,0
390288,390288,390291,3,0
390288,390288,390291,3,0
390288,390288,390291,3,0
390288,390288,390291,3,0
390288,390288,390290,2,0
390288,390289,390291,2,1
390288,390289,390291,2,1
390288,390289,390291,2,1
390288,390288,390291,3,0
390288,390288,390291,3,0
390288,390288,390290,2,0
390288,390288,390291,3,0
390288,390288,390291,3,0
390288,390288,390291,3,0
390288,390288,390290,2,0
390288,390288,390291,3,0
390288,390288,390291,3,0
390288,390288,390291,3,0
390288,390288,390291,3,0
390288,390288,390290,2,0
390288,390288,390292,4,0
390288,390288,390292,4,0
390288,390288,390292,4,0
390288,390288,390291,3,0
390288,390289,390292,3,1
390288,390288,390292,4,0
390288,390288,390292,4,0
390288,390288,390291,3,0
390288,390288,390291,3,0
390288,390288,390292,4,0
390288,390288,390292,4,0
390288,390289,390292,3,1
390288,390289,390292,3,1
390288,390289,390295,6,1
390296,390296,390297,1,0
390296,390296,390298,2,0
390296,390296,390297,1,0
390296,390296,390298,2,0
390296,390297,390298,1,1
390296,390297,390298,1,1
390296,390296,390298,2,0
390296,390296,390298,2,0
390296,390296,390298,2,0
390296,390296,390298,2,0
390296,390296,390298,2,0
390296,390296,390298,2,0
390296,390296,390298,2,0
390296,390296,390298,2,0
390296,390296,390298,2,0
390296,390296,390298,2,0
390296,390296,390298,2,0
390296,390296,390298,2,0
390296,390296,390298,2,0
390296,390296,390298,2,0
390296,390296,390298,2,0
390296,390296,390298,2,0
390296,390296,390298,2,0
390296,390296,390297,1,0
390296,390296,390298,2,0
390296,390296,390298,2,0
390296,390296,390298,2,0
390296,390296,390299,3,0
390296,390296,390299,3,0
390296,390296,390298,2,0
390296,390297,390299,2,1
390296,390296,390299,3,0
390296,390296,390299,3,0
390296,390296,390299,3,0
390296,390296,390299,3,0
390296,390296,390298,2,0
390296,390296,390298,2,0
390296,390296,390299,3,0
390296,390296,390299,3,0
390296,390296,390299,3,0
390296,390296,390298,2,0
390296,390296,390300,4,0
390296,390296,390299,3,0
390296,390297,390300,3,1
390296,390297,390300,3,1
390296,390297,390300,3,1
390296,390296,390300,4,0
390296,390296,390300,4,0
390296,390296,390299,3,0
390296,390296,390299,3,0
390296,390296,390299,3,0
390296,390296,390300,4,0
390296,390296,390299,3,0
390296,390296,390300,4,0
390296,390296,390300,4,0
390296,390296,390300,4,0
390296,390296,390300,4,0
390296,390296,390299,3,0
390296,390297,390300,3,1
390296,390297,390300,3,1
390296,390297,390302,5,1
389839,389840,390311,471,1
390311,390312,390314,2,1
390311,390312,390313,1,1
390311,390312,390314,2,1
390311,390312,390314,2,1
390311,390312,390313,1,1
390311,390312,390314,2,1
390311,390312,390313,1,1
390311,390312,390314,2,1
390311,390312,390314,2,1
390311,390312,390313,1,1
390311,390312,390314,2,1
390311,390312,390314,2,1
390311,390312,390314,2,1
390311,390312,390314,2,1
390311,390312,390314,2,1
390311,390312,390313,1,1
390311,390312,390314,2,1
390311,390312,390313,1,1
390311,390312,390314,2,1
390311,390312,390313,1,1
390311,390312,390314,2,1
390311,390312,390315,3,1
390311,390312,390314,2,1
390311,390312,390314,2,1
390311,390312,390314,2,1
390311,390312,390314,2,1
390311,390312,390314,2,1
390311,390312,390315,3,1
390311,390312,390314,2,1
390311,390312,390315,3,1
390311,390312,390314,2,1
390311,390312,390315,3,1
390311,390312,390315,3,1
390311,390312,390314,2,1
390311,390312,390315,3,1
390311,390312,390314,2,1
390311,390312,390314,2,1
390311,390312,390314,2,1
390311,390312,390314,2,1
390311,390312,390315,3,1
390311,390312,390314,2,1
390311,390312,390314,2,1
390311,390312,390314,2,1
390311,390312,390315,3,1
390311,390312,390315,3,1
390311,390312,390316,4,1
390311,390312,390315,3,1
390311,390312,390315,3,1
390311,390312,390315,3,1
390311,390312,390315,3,1
390311,390312,390315,3,1
390311,390312,390316,4,1
390311,390312,390316,4,1
390311,390312,390315,3,1
390311,390312,390316,4,1
390311,390328,390330,2,17
390311,390328,390330,2,17
390311,390328,390330,2,17
390311,390328,390331,3,17
390311,390328,390331,3,17
390311,390328,390330,2,17
389879,389898,390361,463,19
390363,390363,390365,2,0
390363,390363,390365,2,0
390363,390363,390365,2,0
390363,390363,390365,2,0
390363,390363,390365,2,0
390363,390363,390365,2,0
390363,390363,390365,2,0
390363,390363,390364,1,0
390363,390363,390365,2,0
390363,390363,390365,2,0
390363,390363,390365,2,0
390363,390363,390365,2,0
390363,390363,390365,2,0
390363,390363,390365,2,0
390363,390363,390365,2,0
390363,390363,390365,2,0
390363,390363,390365,2,0
390363,390363,390365,2,0
390363,390363,390365,2,0
390363,390363,390365,2,0
390363,390363,390365,2,0
390363,390363,390365,2,0
390363,390363,390366,3,0
390363,390363,390365,2,0
390363,390363,390366,3,0
390363,390363,390366,3,0
390363,390363,390366,3,0
390363,390363,390365,2,0
390363,390363,390366,3,0
390363,390363,390365,2,0
390363,390363,390366,3,0
390363,390363,390366,3,0
390363,390363,390365,2,0
390363,390363,390366,3,0
390363,390363,390365,2,0
390363,390363,390366,3,0
390363,390363,390366,3,0
390363,390363,390366,3,0
390363,390363,390365,2,0
390363,390363,390365,2,0
390363,390363,390365,2,0
390363,390363,390366,3,0
390363,390363,390366,3,0
390363,390363,390366,3,0
390363,390363,390367,4,0
390363,390363,390366,3,0
390363,390363,390366,3,0
390363,390363,390366,3,0
390363,390363,390366,3,0
390363,390363,390367,4,0
390363,390363,390367,4,0
390363,390363,390366,3,0
390363,390363,390367,4,0
390363,390363,390366,3,0
390363,390363,390368,5,0
390363,390363,390367,4,0
390363,390375,390376,1,12
390363,390375,390376,1,12
390363,390375,390378,3,12
390363,390375,390377,2,12
390363,390375,390378,3,12
389933,389934,390412,478,1
390415,390416,390417,1,1
390415,390416,390417,1,1
390415,390416,390417,1,1
390415,390416,390418,2,1
390415,390416,390418,2,1
390415,390416,390417,1,1
390415,390416,390417,1,1
390415,390416,390417,1,1
390415,390416,390418,2,1
390415,390416,390417,1,1
390415,390416,390417,1,1
390415,390416,390417,1,1
390415,390416,390417,1,1
390415,390416,390417,1,1
390415,390416,390417,1,1
390415,390416,390417,1,1
390415,390416,390417,1,1
390415,390416,390418,2,1
390415,390416,390417,1,1
390415,390416,390417,1,1
390415,390416,390417,1,1
390415,390416,390417,1,1
390415,390416,390418,2,1
390415,390416,390418,2,1
390415,390416,390418,2,1
390415,390416,390418,2,1
390415,390416,390418,2,1
390415,390416,390419,3,1
390415,390416,390419,3,1
390415,390416,390418,2,1
390415,390416,390419,3,1
390415,390416,390419,3,1
390415,390416,390418,2,1
390415,390416,390418,2,1
390415,390416,390418,2,1
390415,390416,390419,3,1
390415,390416,390418,2,1
390415,390416,390418,2,1
390415,390416,390418,2,1
390415,390416,390419,3,1
390415,390416,390418,2,1
390415,390416,390418,2,1
390415,390416,390419,3,1
390415,390416,390418,2,1
390415,390416,390418,2,1
390415,390416,390419,3,1
390415,390416,390419,3,1
390415,390416,390420,4,1
390415,390416,390419,3,1
390415,390416,390420,4,1
390415,390416,390419,3,1
390415,390416,390419,3,1
390415,390416,390420,4,1
390415,390416,390419,3,1
390415,390416,390419,3,1
390415,390416,390420,4,1
390415,390423,390425,2,8
390415,390423,390424,1,8
390415,390423,390425,2,8
390415,390423,390426,3,8
390415,390423,390426,3,8
389958,389959,390433,474,1
390442,390442,390444,2,0
390442,390442,390444,2,0
390442,390442,390444,2,0
390442,390442,390444,2,0
390442,390442,390444,2,0
390442,390442,390444,2,0
390442,390442,390444,2,0
390442,390442,390444,2,0
390442,390442,390444,2,0
390442,390442,390444,2,0
390442,390442,390444,2,0
390442,390442,390444,2,0
390442,390442,390444,2,0
390442,390442,390444,2,0
390442,390442,390444,2,0
390442,390442,390444,2,0
390442,390442,390444,2,0
390442,390442,390444,2,0
390442,390442,390444,2,0
390442,390442,390444,2,0
390442,390442,390444,2,0
390442,390442,390444,2,0
390442,390442,390444,2,0
390442,390442,390444,2,0
390442,390442,390444,2,0
390442,390443,390445,2,1
390442,390443,390444,1,1
390442,390442,390445,3,0
390442,390442,390445,3,0
390442,390442,390445,3,0
390442,390442,390445,3,0
390442,390443,390445,2,1
390442,390443,390445,2,1
390442,390443,390445,2,1
390442,390443,390444,1,1
390442,390443,390445,2,1
390442,390442,390444,2,0
390442,390442,390445,3,0
390442,390442,390445,3,0
390442,390442,390445,3,0
390442,390442,390445,3,0
390442,390442,390445,3,0
390442,390442,390444,2,0
390442,390442,390445,3,0
390442,390442,390445,3,0
390442,390442,390445,3,0
390442,390442,390445,3,0
390442,390442,390444,2,0
390442,390442,390445,3,0
390442,390443,390446,3,1
390442,390442,390446,4,0
390442,390442,390445,3,0
390442,390442,390445,3,0
390442,390443,390446,3,1
390442,390443,390446,3,1
390442,390442,390446,4,0
390442,390442,390446,4,0
390442,390442,390446,4,0
390442,390442,390446,4,0
390442,390442,390447,5,0
390442,390442,390447,5,0
389981,389982,390449,467,1
390460,390461,390463,2,1
390460,390461,390462,1,1
390460,390461,390462,1,1
390460,390461,390463,2,1
390460,390461,390463,2,1
390460,390461,390463,2,1
390460,390461,390463,2,1
390460,390461,390463,2,1
390460,390461,390463,2,1
390460,390461,390463,2,1
390460,390461,390462,1,1
390460,390461,390462,1,1
390460,390461,390463,2,1
390460,390461,390462,1,1
390460,390461,390463,2,1
390460,390461,390463,2,1
390460,390461,390462,1,1
390460,390461,390462,1,1
390460,390461,390463,2,1
390460,390461,390462,1,1
390460,390461,390463,2,1
390460,390461,390463,2,1
390460,390461,390462,1,1
390460,390461,390462,1,1
390460,390461,390462,1,1
390460,390461,390463,2,1
390460,390461,390463,2,1
390460,390461,390463,2,1
390460,390461,390463,2,1
390460,390461,390464,3,1
390460,390461,390463,2,1
390460,390461,390463,2,1
390460,390461,390463,2,1
390460,390461,390463,2,1
390460,390461,390463,2,1
390460,390461,390463,2,1
390460,390461,390464,3,1
390460,390461,390463,2,1
390460,390461,390464,3,1
390460,390461,390464,3,1
390460,390461,390463,2,1
390460,390461,390464,3,1
390460,390461,390463,2,1
390460,390461,390464,3,1
390460,390461,390465,4,1
390460,390461,390464,3,1
390460,390461,390464,3,1
390460,390461,390464,3,1
390460,390461,390464,3,1
390460,390461,390464,3,1
390460,390461,390465,4,1
390460,390461,390464,3,1
390460,390461,390464,3,1
390460,390461,390464,3,1
390460,390461,390465,4,1
390460,390461,390464,3,1
390460,390476,390477,1,16
390460,390476,390477,1,16
390460,390476,390478,2,16
390460,390476,390478,2,16
390460,390476,390479,3,16
390030,390031,390500,469,1
390502,390502,390504,2,0
390502,390502,390504,2,0
390502,390502,390504,2,0
390502,390502,390504,2,0
390502,390502,390504,2,0
390502,390502,390504,2,0
390502,390502,390504,2,0
390502,390502,390504,2,0
390502,390502,390504,2,0
390502,390502,390504,2,0
390502,390502,390504,2,0
390502,390502,390504,2,0
390502,390502,390504,2,0
390502,390502,390504,2,0
390502,390502,390504,2,0
390502,390502,390504,2,0
390502,390502,390504,2,0
390502,390502,390504,2,0
390502,390502,390504,2,0
390502,390502,390504,2,0
390502,390503,390504,1,1
390502,390503,390505,2,1
390502,390502,390505,3,0
390502,390502,390505,3,0
390502,390502,390504,2,0
390502,390502,390505,3,0
390502,390502,390505,3,0
390502,390502,390505,3,0
390502,390502,390504,2,0
390502,390502,390505,3,0
390502,390502,390505,3,0
390502,390502,390505,3,0
390502,390502,390505,3,0
390502,390502,390505,3,0
390502,390502,390505,3,0
390502,390504,390505,1,2
390502,390502,390505,3,0
390502,390502,390504,2,0
390502,390502,390505,3,0
390502,390502,390505,3,0
390502,390502,390505,3,0
390502,390502,390505,3,0
390502,390503,390505,2,1
390502,390503,390505,2,1
390502,390504,390505,1,2
390502,390504,390506,2,2
390502,390502,390506,4,0
390502,390502,390506,4,0
390502,390502,390506,4,0
390502,390502,390506,4,0
390502,390502,390506,4,0
390502,390502,390506,4,0
390502,390502,390506,4,0
390502,390502,390506,4,0
390502,390503,390506,3,1
390502,390503,390507,4,1
390502,390504,390507,3,2
390502,390504,390506,2,2
390502,390503,390507,4,1
390502,390504,390507,3,2
390502,390503,390508,5,1
390502,390503,390508,5,1
390034,390035,390511,476,1
390080,390081,390523,442,1
390527,390527,390528,1,0
390527,390527,390529,2,0
390527,390527,390529,2,0
390527,390527,390528,1,0
390527,390527,390528,1,0
390527,390527,390529,2,0
390527,390527,390529,2,0
390527,390527,390529,2,0
390527,390527,390529,2,0
390527,390527,390528,1,0
390527,390527,390529,2,0
390527,390527,390529,2,0
390527,390527,390528,1,0
390527,390527,390529,2,0
390527,390527,390529,2,0
390527,390527,390529,2,0
390527,390527,390529,2,0
390527,390527,390529,2,0
390527,390527,390529,2,0
390527,390527,390529,2,0
390527,390527,390529,2,0
390527,390527,390529,2,0
390527,390527,390529,2,0
390527,390527,390530,3,0
390527,390527,390530,3,0
390527,390529,390530,1,2
390527,390527,390529,2,0
390527,390527,390529,2,0
390527,390527,390529,2,0
390527,390527,390529,2,0
390527,390527,390529,2,0
390527,390527,390530,3,0
390527,390527,390530,3,0
390527,390527,390529,2,0
390527,390527,390530,3,0
390527,390527,390530,3,0
390527,390527,390529,2,0
390527,390527,390530,3,0
390527,390527,390530,3,0
390527,390527,390529,2,0
390527,390527,390530,3,0
390527,390527,390529,2,0
390527,390527,390529,2,0
390527,390527,390529,2,0
390527,390527,390529,2,0
390527,390527,390530,3,0
390527,390527,390530,3,0
390527,390527,390530,3,0
390527,390527,390530,3,0
390527,390528,390529,1,1
390527,390527,390531,4,0
390527,390527,390530,3,0
390527,390529,390531,2,2
390527,390529,390531,2,2
390527,390529,390531,2,2
390527,390527,390530,3,0
390527,390529,390531,2,2
390527,390529,390531,2,2
390527,390527,390530,3,0
390527,390527,390531,4,0
390527,390529,390530,1,2
390527,390527,390530,3,0
390527,390529,390530,1,2
390527,390527,390531,4,0
390527,390527,390530,3,0
390527,390529,390531,2,2
390527,390527,390531,4,0
390527,390527,390531,4,0
390527,390529,390531,2,2
390527,390529,390531,2,2
390527,390529,390531,2,2
390527,390529,390531,2,2
390527,390527,390530,3,0
390527,390529,390531,2,2
390527,390529,390531,2,2
390527,390527,390531,4,0
390527,390527,390530,3,0
390527,390529,390531,2,2
390527,390529,390531,2,2
390527,390527,390531,4,0
390527,390529,390532,3,2
390527,390530,390532,2,3
390527,390530,390532,2,3
390527,390529,390532,3,2
390527,390529,390532,3,2
390527,390529,390532,3,2
390527,390530,390532,2,3
390527,390530,390532,2,3
390527,390530,390532,2,3
390527,390531,390532,1,4
390527,390530,390533,3,3
390527,390530,390533,3,3
390527,390530,390533,3,3
390527,390531,390532,1,4
390527,390531,390532,1,4
390527,390530,390533,3,3
390527,390530,390533,3,3
390527,390530,390533,3,3
390527,390530,390533,3,3
390527,390530,390533,3,3
390527,390530,390533,3,3
390527,390530,390533,3,3
390527,390531,390533,2,4
390527,390532,390533,1,5
390527,390530,390533,3,3
390527,390531,390533,2,4
390527,390531,390533,2,4
390527,390532,390533,1,5
390527,390530,390533,3,3
390527,390530,390533,3,3
390527,390530,390533,3,3
390527,390531,390533,2,4
390527,390530,390533,3,3
390527,390531,390533,2,4
390527,390532,390533,1,5
390527,390532,390533,1,5
390527,390529,390533,4,2
390527,390530,390534,4,3
390527,390530,390534,4,3
390527,390530,390534,4,3
390527,390530,390534,4,3
390527,390530,390534,4,3
390527,390530,390534,4,3
390527,390530,390534,4,3
390076,390095,390557,462,19
390561,390562,390563,1,1
390561,390562,390563,1,1
390561,390562,390563,1,1
390561,390561,390563,2,0
390561,390561,390563,2,0
390561,390562,390563,1,1
390561,390561,390563,2,0
390561,390561,390563,2,0
390561,390561,390563,2,0
390561,390561,390563,2,0
390561,390561,390563,2,0
390561,390562,390563,1,1
390561,390561,390563,2,0
390561,390561,390564,3,0
390561,390562,390563,1,1
390561,390561,390563,2,0
390561,390562,390563,1,1
390561,390562,390563,1,1
390561,390562,390563,1,1
390561,390561,390564,3,0
390561,390562,390564,2,1
390561,390562,390564,2,1
390561,390562,390565,3,1
390561,390562,390564,2,1
390561,390561,390564,3,0
390561,390561,390564,3,0
390561,390562,390564,2,1
390561,390561,390564,3,0
390561,390561,390564,3,0
390561,390562,390564,2,1
390561,390562,390564,2,1
390561,390562,390564,2,1
390561,390562,390565,3,1
390561,390562,390564,2,1
390561,390562,390564,2,1
390561,390562,390564,2,1
390561,390562,390565,3,1
390561,390562,390565,3,1
390561,390562,390564,2,1
390561,390562,390565,3,1
390561,390562,390565,3,1
390561,390562,390565,3,1
390561,390562,390565,3,1
390561,390562,390566,4,1
390561,390562,390565,3,1
390561,390562,390565,3,1
390561,390562,390565,3,1
390561,390562,390565,3,1
390561,390562,390565,3,1
390561,390562,390565,3,1
390561,390562,390565,3,1
390561,390562,390565,3,1
390561,390567,390568,1,6
390561,390567,390568,1,6
390561,390567,390568,1,6
390561,390567,390569,2,6
390561,390567,390568,1,6
390561,390567,390569,2,6
390561,390567,390570,3,6
390141,390142,390573,431,1
390575,390575,390577,2,0
390575,390575,390577,2,0
390575,390575,390577,2,0
390575,390575,390577,2,0
390575,390575,390577,2,0
390575,390575,390577,2,0
390575,390575,390577,2,0
390575,390575,390577,2,0
390575,390575,390577,2,0
390575,390575,390577,2,0
390575,390575,390577,2,0
390575,390575,390577,2,0
390575,390575,390577,2,0
390575,390576,390578,2,1
390575,390575,390578,3,0
390575,390575,390578,3,0
390575,390575,390578,3,0
390575,390575,390578,3,0
390575,390575,390578,3,0
390575,390575,390578,3,0
390575,390575,390578,3,0
390575,390575,390577,2,0
390575,390575,390578,3,0
390575,390575,390578,3,0
390575,390575,390578,3,0
390575,390575,390577,2,0
390575,390575,390578,3,0
390575,390575,390578,3,0
390575,390577,390578,1,2
390575,390575,390578,3,0
390575,390575,390577,2,0
390575,390575,390578,3,0
390575,390575,390578,3,0
390575,390577,390578,1,2
390575,390576,390579,3,1
390575,390575,390579,4,0
390575,390575,390579,4,0
390575,390575,390579,4,0
390575,390575,390579,4,0
390575,390575,390579,4,0
390575,390575,390579,4,0
390575,390575,390579,4,0
390575,390575,390579,4,0
390575,390575,390579,4,0
390575,390575,390579,4,0
390575,390575,390578,3,0
390575,390575,390579,4,0
390575,390575,390579,4,0
390575,390575,390579,4,0
390575,390575,390579,4,0
390575,390577,390579,2,2
390575,390576,390579,3,1
390575,390576,390579,3,1
390561,390562,390565,3,1
390561,390562,390565,3,1
390575,390585,390586,1,10
390575,390585,390586,1,10
390575,390585,390586,1,10
390575,390585,390586,1,10
390575,390585,390587,2,10
390113,390114,390590,476,1
390575,390591,390592,1,16
390575,390591,390592,1,16
390575,390590,390593,3,15
390597,390597,390599,2,0
390597,390597,390599,2,0
390597,390597,390599,2,0
390597,390597,390598,1,0
390597,390597,390599,2,0
390597,390597,390599,2,0
390597,390597,390599,2,0
390597,390597,390599,2,0
390597,390597,390599,2,0
390597,390597,390599,2,0
390597,390597,390599,2,0
390597,390597,390599,2,0
390597,390597,390599,2,0
390597,390597,390599,2,0
390597,390597,390599,2,0
390597,390597,390599,2,0
390597,390597,390599,2,0
390597,390597,390599,2,0
390597,390597,390599,2,0
390597,390597,390599,2,0
390597,390597,390599,2,0
390597,390597,390600,3,0
390597,390597,390600,3,0
390597,390597,390600,3,0
390597,390597,390599,2,0
390597,390597,390599,2,0
390597,390597,390599,2,0
390597,390597,390600,3,0
390597,390597,390600,3,0
390597,390597,390600,3,0
390597,390597,390600,3,0
390597,390597,390600,3,0
390597,390597,390600,3,0
390597,390597,390600,3,0
390597,390597,390600,3,0
390597,390597,390600,3,0
390597,390597,390599,2,0
390597,390597,390600,3,0
390597,390597,390599,2,0
390597,390597,390601,4,0
390597,390597,390601,4,0
390597,390597,390600,3,0
390597,390597,390601,4,0
390597,390597,390601,4,0
390597,390597,390601,4,0
390597,390597,390601,4,0
390597,390597,390600,3,0
390597,390597,390601,4,0
390597,390597,390601,4,0
390597,390597,390600,3,0
390597,390597,390601,4,0
390597,390597,390601,4,0
390597,390597,390601,4,0
390597,390597,390600,3,0
390597,390597,390601,4,0
390597,390597,390601,4,0
390597,390597,390602,5,0
390159,390161,390606,445,2
390615,390615,390617,2,0
390615,390615,390617,2,0
390615,390615,390617,2,0
390615,390615,390617,2,0
390615,390615,390617,2,0
390615,390615,390617,2,0
390615,390615,390616,1,0
390615,390615,390617,2,0
390615,390615,390617,2,0
390615,390615,390616,1,0
390615,390615,390617,2,0
390615,390615,390617,2,0
390615,390615,390617,2,0
390615,390615,390617,2,0
390615,390615,390617,2,0
390615,390615,390617,2,0
390615,390615,390617,2,0
390615,390615,390617,2,0
390615,390615,390617,2,0
390615,390615,390618,3,0
390615,390615,390617,2,0
390615,390615,390617,2,0
390615,390615,390617,2,0
390615,390615,390617,2,0
390615,390615,390618,3,0
390615,390615,390617,2,0
390615,390615,390617,2,0
390615,390615,390618,3,0
390615,390615,390617,2,0
390615,390615,390618,3,0
390615,390615,390618,3,0
390615,390617,390618,1,2
390615,390615,390618,3,0
390615,390615,390618,3,0
390615,390615,390618,3,0
390615,390615,390618,3,0
390615,390615,390617,2,0
390615,390615,390618,3,0
390615,390617,390618,1,2
390615,390617,390618,1,2
390615,390615,390619,4,0
390615,390615,390618,3,0
390615,390615,390619,4,0
390615,390615,390618,3,0
390194,390196,390619,423,2
390615,390615,390619,4,0
390615,390615,390618,3,0
390615,390615,390618,3,0
390615,390615,390618,3,0
390615,390615,390619,4,0
390615,390615,390619,4,0
390615,390615,390619,4,0
390615,390615,390618,3,0
390615,390615,390618,3,0
390615,390615,390620,5,0
390615,390615,390619,4,0
390615,390615,390619,4,0
390621,390621,390623,2,0
390621,390621,390623,2,0
390621,390621,390623,2,0
390621,390621,390623,2,0
390621,390621,390623,2,0
390621,390621,390623,2,0
390621,390621,390623,2,0
390621,390621,390623,2,0
390621,390621,390623,2,0
390621,390621,390623,2,0
390621,390621,390623,2,0
390621,390621,390623,2,0
390621,390621,390623,2,0
390621,390621,390623,2,0
390621,390621,390623,2,0
390621,390621,390624,3,0
390621,390621,390624,3,0
390621,390621,390624,3,0
390621,390621,390624,3,0
390621,390621,390624,3,0
390621,390621,390623,2,0
390621,390621,390624,3,0
390621,390621,390624,3,0
390621,390621,390624,3,0
390621,390621,390623,2,0
390621,390621,390623,2,0
390621,390621,390624,3,0
390621,390621,390624,3,0
390621,390623,390624,1,2
390621,390621,390624,3,0
390621,390621,390624,3,0
390621,390621,390624,3,0
390621,390621,390624,3,0
390621,390621,390624,3,0
390621,390623,390624,1,2
390597,390623,390624,1,26
390621,390621,390625,4,0
390621,390621,390625,4,0
390621,390621,390625,4,0
390621,390621,390624,3,0
390621,390621,390625,4,0
390621,390621,390625,4,0
390621,390623,390625,2,2
390621,390623,390625,2,2
390621,390623,390625,2,2
390621,390621,390625,4,0
390621,390621,390625,4,0
390621,390621,390625,4,0
390621,390623,390625,2,2
390621,390623,390625,2,2
390621,390621,390625,4,0
390621,390621,390625,4,0
390621,390621,390625,4,0
390621,390621,390625,4,0
390621,390621,390625,4,0
390621,390623,390624,1,2
390621,390621,390625,4,0
390621,390621,390625,4,0
390621,390621,390625,4,0
390621,390623,390625,2,2
390621,390623,390625,2,2
390597,390623,390626,3,26
390621,390621,390626,5,0
390597,390623,390626,3,26
390597,390623,390626,3,26
390615,390615,390618,3,0
390615,390615,390619,4,0
390615,390615,390618,3,0
390615,390615,390618,3,0
390615,390631,390632,1,16
390173,390174,390637,463,1
390640,390640,390642,2,0
390640,390640,390642,2,0
390640,390640,390642,2,0
390640,390640,390642,2,0
390640,390640,390642,2,0
390640,390640,390642,2,0
390640,390640,390642,2,0
390640,390641,390642,1,1
390640,390640,390642,2,0
390640,390640,390642,2,0
390640,390640,390642,2,0
390640,390640,390642,2,0
390640,390640,390642,2,0
390640,390640,390642,2,0
390640,390640,390642,2,0
390640,390640,390642,2,0
390640,390640,390642,2,0
390640,390641,390642,1,1
390640,390641,390642,1,1
390640,390640,390643,3,0
390640,390640,390643,3,0
390640,390640,390643,3,0
390640,390641,390643,2,1
390640,390641,390642,1,1
390640,390641,390643,2,1
390640,390640,390643,3,0
390640,390640,390643,3,0
390640,390640,390642,2,0
390640,390640,390643,3,0
390640,390640,390643,3,0
390640,390642,390643,1,2
390640,390640,390643,3,0
390640,390640,390643,3,0
390640,390640,390643,3,0
390640,390640,390643,3,0
390640,390640,390643,3,0
390640,390640,390643,3,0
390640,390640,390643,3,0
390640,390640,390643,3,0
390640,390640,390643,3,0
390640,390641,390643,2,1
390640,390641,390643,2,1
390640,390640,390644,4,0
390640,390640,390644,4,0
390640,390640,390644,4,0
390640,390640,390644,4,0
390640,390640,390644,4,0
390640,390641,390644,3,1
390640,390641,390644,3,1
390640,390641,390644,3,1
390640,390640,390644,4,0
390640,390640,390644,4,0
390640,390640,390644,4,0
390640,390640,390644,4,0
390640,390640,390644,4,0
390640,390640,390644,4,0
390640,390640,390644,4,0
390640,390641,390645,4,1
390640,390641,390644,3,1
390640,390641,390644,3,1
390640,390640,390645,5,0
390640,390640,390645,5,0
390179,390180,390661,481,1
390222,390223,390662,439,1
390666,390667,390668,1,1
390666,390667,390668,1,1
390666,390667,390669,2,1
390666,390667,390669,2,1
390666,390667,390668,1,1
390666,390667,390668,1,1
390666,390667,390668,1,1
390666,390667,390668,1,1
390666,390667,390669,2,1
390666,390667,390668,1,1
390666,390667,390668,1,1
390666,390667,390669,2,1
390666,390667,390668,1,1
390666,390667,390668,1,1
390666,390667,390668,1,1
390666,390667,390669,2,1
390666,390667,390669,2,1
390666,390667,390668,1,1
390666,390667,390668,1,1
390666,390667,390669,2,1
390666,390667,390668,1,1
390666,390667,390668,1,1
390666,390667,390668,1,1
390666,390667,390668,1,1
390666,390667,390670,3,1
390666,390667,390669,2,1
390666,390667,390669,2,1
390666,390667,390669,2,1
390666,390667,390669,2,1
390666,390667,390669,2,1
390666,390667,390670,3,1
390666,390667,390670,3,1
390666,390667,390669,2,1
390666,390667,390670,3,1
390666,390667,390670,3,1
390666,390667,390669,2,1
390666,390667,390670,3,1
390666,390667,390669,2,1
390666,390667,390670,3,1
390666,390667,390669,2,1
390666,390667,390669,2,1
390666,390667,390669,2,1
390666,390667,390670,3,1
390666,390667,390670,3,1
390669,390669,390671,2,0
390669,390669,390670,1,0
390666,390667,390671,4,1
390666,390667,390671,4,1
390666,390667,390670,3,1
390669,390669,390670,1,0
390669,390669,390670,1,0
390666,390667,390671,4,1
390666,390667,390671,4,1
390666,390667,390670,3,1
390669,390669,390670,1,0
390666,390667,390671,4,1
390666,390667,390670,3,1
390669,390669,390670,1,0
390669,390669,390670,1,0
390666,390667,390671,4,1
390666,390667,390671,4,1
390669,390669,390671,2,0
390669,390669,390671,2,0
390666,390667,390671,4,1
390666,390667,390670,3,1
390669,390669,390671,2,0
390669,390669,390670,1,0
390666,390667,390670,3,1
390666,390667,390670,3,1
390669,390669,390671,2,0
390669,390669,390671,2,0
390669,390669,390671,2,0
390666,390667,390671,4,1
390666,390667,390670,3,1
390669,390669,390671,2,0
390669,390669,390671,2,0
390669,390669,390671,2,0
390669,390669,390672,3,0
390669,390669,390672,3,0
390669,390671,390672,1,2
390669,390669,390671,2,0
390669,390669,390671,2,0
390666,390667,390672,5,1
390666,390667,390672,5,1
390669,390669,390673,4,0
390669,390669,390673,4,0
390669,390670,390672,2,1
390669,390670,390673,3,1
390669,390670,390672,2,1
390669,390670,390673,3,1
390669,390670,390673,3,1
390669,390670,390672,2,1
390669,390670,390673,3,1
390669,390671,390673,2,2
390669,390671,390673,2,2
390669,390671,390673,2,2
390669,390670,390673,3,1
390669,390671,390672,1,2
390669,390671,390672,1,2
390669,390670,390673,3,1
390669,390670,390673,3,1
390669,390671,390673,2,2
390669,390670,390673,3,1
390669,390671,390673,2,2
390669,390671,390672,1,2
390669,390670,390673,3,1
390669,390671,390673,2,2
390669,390671,390673,2,2
390669,390671,390673,2,2
390669,390670,390673,3,1
390669,390670,390673,3,1
390669,390671,390673,2,2
390669,390671,390673,2,2
390669,390671,390673,2,2
390669,390670,390674,4,1
390669,390670,390674,4,1
390669,390671,390673,2,2
390669,390670,390673,3,1
390669,390670,390673,3,1
390669,390671,390673,2,2
390669,390671,390673,2,2
390669,390671,390673,2,2
390669,390671,390674,3,2
390289,390289,390706,417,0
390706,390707,390708,1,1
390706,390707,390709,2,1
390706,390707,390709,2,1
390706,390707,390709,2,1
390706,390707,390709,2,1
390706,390707,390709,2,1
390706,390707,390709,2,1
390706,390707,390709,2,1
390706,390707,390708,1,1
390706,390707,390709,2,1
390706,390707,390709,2,1
390706,390707,390708,1,1
390706,390707,390709,2,1
390706,390707,390709,2,1
390706,390707,390709,2,1
390706,390707,390708,1,1
390706,390707,390708,1,1
390706,390707,390709,2,1
390706,390707,390709,2,1
390706,390707,390709,2,1
390706,390707,390709,2,1
390706,390707,390709,2,1
390706,390707,390710,3,1
390706,390707,390710,3,1
390706,390707,390710,3,1
390706,390707,390709,2,1
390706,390707,390710,3,1
390706,390707,390709,2,1
390706,390707,390709,2,1
390706,390707,390709,2,1
390706,390707,390709,2,1
390706,390707,390710,3,1
390706,390707,390709,2,1
390706,390707,390710,3,1
390706,390707,390709,2,1
390706,390707,390709,2,1
390706,390707,390710,3,1
390706,390707,390710,3,1
390706,390707,390710,3,1
390706,390707,390709,2,1
390706,390707,390709,2,1
390706,390707,390710,3,1
390706,390707,390710,3,1
390706,390707,390711,4,1
390706,390707,390711,4,1
390706,390707,390710,3,1
390706,390707,390710,3,1
390706,390707,390711,4,1
390706,390707,390710,3,1
390706,390707,390710,3,1
390706,390707,390711,4,1
390706,390707,390711,4,1
390706,390707,390710,3,1
390706,390707,390711,4,1
390706,390707,390710,3,1
390706,390707,390711,4,1
390706,390707,390711,4,1
390706,390707,390711,4,1
390313,390314,390712,398,1
390715,390715,390717,2,0
390715,390715,390717,2,0
390715,390715,390717,2,0
390715,390715,390716,1,0
390715,390715,390716,1,0
390715,390715,390717,2,0
390715,390715,390717,2,0
390715,390715,390717,2,0
390715,390715,390717,2,0
390715,390715,390717,2,0
390715,390715,390717,2,0
390715,390715,390717,2,0
390715,390715,390717,2,0
390715,390715,390717,2,0
390715,390715,390717,2,0
390715,390715,390717,2,0
390715,390715,390716,1,0
390715,390715,390717,2,0
390715,390715,390717,2,0
390715,390715,390717,2,0
390715,390715,390718,3,0
390715,390715,390718,3,0
390715,390715,390718,3,0
390715,390715,390718,3,0
390715,390715,390718,3,0
390715,390715,390718,3,0
390715,390715,390717,2,0
390715,390715,390718,3,0
390715,390717,390718,1,2
390715,390715,390718,3,0
390715,390715,390717,2,0
390715,390715,390717,2,0
390715,390715,390717,2,0
390715,390715,390718,3,0
390715,390715,390718,3,0
390715,390715,390717,2,0
390715,390715,390718,3,0
390715,390715,390718,3,0
390715,390715,390718,3,0
390715,390715,390718,3,0
390715,390715,390718,3,0
390715,390715,390718,3,0
390715,390717,390718,1,2
390715,390715,390718,3,0
390715,390715,390718,3,0
390715,390715,390719,4,0
390715,390715,390718,3,0
390715,390715,390719,4,0
390715,390715,390718,3,0
390715,390715,390719,4,0
390715,390715,390718,3,0
390715,390715,390719,4,0
390715,390715,390719,4,0
390715,390717,390719,2,2
390715,390715,390719,4,0
390715,390715,390719,4,0
390715,390715,390718,3,0
390715,390715,390719,4,0
390715,390715,390719,4,0
390706,390707,390711,4,1
390706,390707,390711,4,1
390706,390707,390710,3,1
390715,390728,390730,2,13
390715,390728,390731,3,13
390270,390271,390739,468,1
390297,390298,390739,441,1
390258,390259,390740,481,1
390745,390745,390746,1,0
390745,390745,390746,1,0
390745,390745,390747,2,0
390745,390745,390747,2,0
390745,390745,390747,2,0
390745,390745,390747,2,0
390745,390745,390747,2,0
390745,390745,390747,2,0
390745,390745,390747,2,0
390745,390745,390747,2,0
390745,390745,390747,2,0
390745,390745,390747,2,0
390745,390745,390747,2,0
390745,390745,390747,2,0
390745,390745,390747,2,0
390745,390745,390747,2,0
390745,390745,390747,2,0
390745,390745,390746,1,0
390745,390745,390747,2,0
390745,390745,390747,2,0
390745,390745,390748,3,0
390745,390745,390747,2,0
390745,390745,390747,2,0
390745,390745,390747,2,0
390745,390745,390747,2,0
390745,390745,390748,3,0
390745,390747,390748,1,2
390745,390745,390747,2,0
390745,390745,390747,2,0
390745,390745,390748,3,0
390745,390745,390747,2,0
390745,390745,390747,2,0
390745,390745,390748,3,0
390745,390745,390748,3,0
390745,390745,390748,3,0
390745,390745,390748,3,0
390745,390745,390748,3,0
390745,390745,390748,3,0
390745,390745,390747,2,0
390745,390746,390747,1,1
390745,390745,390749,4,0
390745,390745,390749,4,0
390745,390745,390749,4,0
390745,390745,390749,4,0
390745,390745,390749,4,0
390745,390745,390749,4,0
390745,390745,390748,3,0
390745,390747,390749,2,2
390745,390747,390749,2,2
390745,390747,390749,2,2
390745,390745,390749,4,0
390745,390745,390748,3,0
390745,390747,390749,2,2
390745,390747,390749,2,2
390745,390747,390749,2,2
390745,390745,390749,4,0
390745,390745,390749,4,0
390745,390747,390749,2,2
390745,390745,390749,4,0
390745,390745,390748,3,0
390745,390747,390749,2,2
390745,390747,390749,2,2
390745,390747,390749,2,2
390745,390745,390749,4,0
390745,390745,390749,4,0
390745,390747,390749,2,2
390745,390747,390749,2,2
390745,390747,390749,2,2
390745,390747,390749,2,2
390745,390745,390749,4,0
390745,390745,390749,4,0
390745,390747,390749,2,2
390745,390747,390749,2,2
390745,390745,390750,5,0
390745,390747,390750,3,2
390745,390745,390750,5,0
390745,390748,390751,3,3
390745,390748,390751,3,3
390745,390747,390751,4,2
390745,390748,390751,3,3
390745,390748,390751,3,3
390745,390748,390751,3,3
390745,390748,390751,3,3
390745,390750,390751,1,5
390745,390750,390751,1,5
390745,390748,390751,3,3
390745,390748,390751,3,3
390745,390750,390751,1,5
390745,390750,390751,1,5
390745,390748,390752,4,3
390745,390748,390751,3,3
390745,390750,390751,1,5
390745,390750,390751,1,5
390745,390748,390751,3,3
390745,390750,390751,1,5
390745,390750,390751,1,5
390745,390748,390751,3,3
390745,390748,390752,4,3
390745,390748,390751,3,3
390745,390750,390751,1,5
390745,390750,390751,1,5
390745,390750,390751,1,5
390745,390748,390751,3,3
390745,390750,390751,1,5
390745,390750,390751,1,5
390745,390748,390751,3,3
390745,390749,390752,3,4
390745,390749,390752,3,4
390745,390749,390752,3,4
390745,390748,390751,3,3
390745,390749,390752,3,4
390745,390749,390751,2,4
390745,390748,390752,4,3
390745,390748,390752,4,3
390745,390750,390752,2,5
390745,390750,390752,2,5
390745,390748,390752,4,3
390745,390767,390768,1,22
390745,390767,390768,1,22
390745,390767,390769,2,22
390745,390767,390769,2,22
390745,390767,390770,3,22
390745,390767,390770,3,22
390769,390769,390771,2,0
390769,390770,390771,1,1
390769,390769,390771,2,0
390769,390769,390771,2,0
390769,390770,390771,1,1
390769,390769,390771,2,0
390769,390770,390771,1,1
390769,390770,390771,1,1
390769,390770,390771,1,1
390769,390770,390771,1,1
390769,390770,390772,2,1
390769,390769,390771,2,0
390769,390769,390771,2,0
390769,390770,390771,1,1
390769,390770,390771,1,1
390769,390770,390771,1,1
390769,390769,390771,2,0
390769,390770,390771,1,1
390769,390770,390771,1,1
390769,390770,390771,1,1
390769,390771,390772,1,2
390769,390769,390771,2,0
390769,390769,390771,2,0
390769,390770,390771,1,1
390769,390770,390771,1,1
390769,390769,390772,3,0
390769,390770,390772,2,1
390769,390770,390772,2,1
390769,390770,390772,2,1
390769,390770,390772,2,1
390769,390770,390772,2,1
390769,390769,390772,3,0
390769,390770,390772,2,1
390769,390770,390772,2,1
390769,390770,390772,2,1
390769,390770,390772,2,1
390769,390770,390772,2,1
390769,390770,390772,2,1
390769,390770,390772,2,1
390769,390769,390773,4,0
390769,390770,390773,3,1
390769,390770,390773,3,1
390769,390770,390773,3,1
390769,390770,390773,3,1
390769,390770,390773,3,1
390769,390770,390773,3,1
390769,390769,390773,4,0
390769,390770,390773,3,1
390769,390770,390773,3,1
390769,390770,390773,3,1
390769,390770,390773,3,1
390769,390770,390773,3,1
390769,390770,390773,3,1
390769,390770,390773,3,1
390769,390770,390773,3,1
390769,390776,390777,1,7
390769,390776,390778,2,7
390769,390776,390778,2,7
390769,390776,390779,3,7
390769,390776,390779,3,7
390769,390776,390780,4,7
390364,390365,390823,458,1
390823,390823,390825,2,0
390823,390823,390825,2,0
390823,390823,390825,2,0
390823,390823,390825,2,0
390823,390823,390825,2,0
390823,390823,390825,2,0
390823,390823,390825,2,0
390823,390823,390825,2,0
390823,390823,390825,2,0
390823,390823,390825,2,0
390823,390823,390825,2,0
390823,390823,390825,2,0
390823,390823,390825,2,0
390823,390823,390825,2,0
390823,390823,390825,2,0
390823,390823,390825,2,0
390823,390823,390825,2,0
390823,390823,390825,2,0
390823,390823,390825,2,0
390823,390823,390825,2,0
390823,390823,390825,2,0
390823,390823,390826,3,0
390823,390823,390826,3,0
390823,390823,390826,3,0
390823,390824,390826,2,1
390823,390824,390826,2,1
390823,390824,390826,2,1
390823,390823,390826,3,0
390823,390823,390826,3,0
390823,390823,390826,3,0
390823,390823,390826,3,0
390823,390823,390826,3,0
390823,390823,390826,3,0
390823,390825,390826,1,2
390823,390823,390826,3,0
390823,390823,390826,3,0
390823,390823,390825,2,0
390823,390823,390826,3,0
390823,390823,390826,3,0
390823,390824,390827,3,1
390823,390824,390827,3,1
390823,390824,390827,3,1
390823,390823,390827,4,0
390823,390823,390827,4,0
390823,390823,390827,4,0
390823,390823,390827,4,0
390823,390823,390827,4,0
390823,390823,390827,4,0
390823,390823,390827,4,0
390823,390823,390827,4,0
390823,390823,390827,4,0
390823,390824,390828,4,1
390823,390824,390828,4,1
390823,390824,390828,4,1
390823,390824,390829,5,1
390823,390843,390844,1,20
390823,390843,390844,1,20
390823,390843,390844,1,20
390823,390843,390844,1,20
390823,390843,390845,2,20
390823,390843,390845,2,20
390823,390843,390846,3,20
390443,390444,390865,421,1
390867,390867,390869,2,0
390867,390867,390869,2,0
390867,390867,390869,2,0
390867,390867,390869,2,0
390867,390867,390869,2,0
390867,390867,390869,2,0
390867,390867,390869,2,0
390867,390867,390869,2,0
390867,390867,390869,2,0
390867,390867,390869,2,0
390867,390867,390869,2,0
390867,390867,390869,2,0
390867,390867,390869,2,0
390867,390867,390869,2,0
390867,390867,390869,2,0
390867,390867,390869,2,0
390867,390867,390869,2,0
390867,390867,390869,2,0
390867,390867,390870,3,0
390867,390867,390870,3,0
390867,390867,390870,3,0
390867,390867,390870,3,0
390867,390867,390870,3,0
390867,390867,390870,3,0
390867,390867,390870,3,0
390867,390867,390870,3,0
390867,390867,390870,3,0
390867,390867,390870,3,0
390867,390867,390870,3,0
390867,390867,390869,2,0
390867,390867,390869,2,0
390867,390867,390870,3,0
390867,390867,390869,2,0
390867,390867,390870,3,0
390867,390867,390870,3,0
390867,390867,390870,3,0
390867,390867,390870,3,0
390867,390867,390871,4,0
390867,390867,390871,4,0
390867,390867,390871,4,0
390867,390867,390870,3,0
390867,390867,390871,4,0
390867,390867,390871,4,0
390867,390867,390871,4,0
390867,390867,390871,4,0
390867,390867,390871,4,0
390867,390867,390871,4,0
390867,390867,390871,4,0
390867,390867,390871,4,0
390867,390867,390871,4,0
390867,390867,390871,4,0
390867,390867,390871,4,0
390867,390867,390871,4,0
390867,390867,390871,4,0
390867,390867,390871,4,0
390867,390881,390883,2,14
390867,390881,390883,2,14
390867,390881,390883,2,14
390867,390881,390883,2,14
390417,390418,390883,465,1
390867,390881,390885,4,14
390867,390881,390885,4,14
390885,390885,390887,2,0
390885,390885,390887,2,0
390885,390885,390887,2,0
390885,390885,390886,1,0
390885,390885,390887,2,0
390885,390885,390887,2,0
390885,390885,390887,2,0
390885,390885,390887,2,0
390885,390885,390887,2,0
390885,390885,390887,2,0
390885,390885,390886,1,0
390885,390885,390887,2,0
390885,390885,390887,2,0
390885,390885,390887,2,0
390885,390885,390887,2,0
390885,390885,390886,1,0
390885,390885,390887,2,0
390885,390885,390887,2,0
390885,390885,390887,2,0
390885,390885,390887,2,0
390885,390885,390887,2,0
390885,390885,390887,2,0
390885,390885,390887,2,0
390885,390885,390887,2,0
390885,390885,390887,2,0
390885,390885,390888,3,0
390885,390885,390887,2,0
390885,390885,390888,3,0
390885,390885,390887,2,0
390885,390885,390888,3,0
390885,390885,390887,2,0
390885,390885,390888,3,0
390885,390885,390887,2,0
390885,390885,390887,2,0
390885,390885,390888,3,0
390885,390885,390887,2,0
390885,390885,390887,2,0
390885,390885,390888,3,0
390885,390885,390888,3,0
390885,390885,390887,2,0
390885,390885,390888,3,0
390885,390885,390889,4,0
390885,390885,390888,3,0
390885,390885,390888,3,0
390885,390885,390888,3,0
390885,390885,390888,3,0
390885,390885,390888,3,0
390885,390885,390888,3,0
390885,390885,390889,4,0
390885,390885,390888,3,0
390885,390885,390888,3,0
390885,390885,390888,3,0
390885,390885,390888,3,0
390885,390885,390889,4,0
390885,390885,390888,3,0
390885,390885,390889,4,0
390885,390885,390889,4,0
390885,390885,390890,5,0
390885,390885,390890,5,0
390885,390885,390890,5,0
390885,390885,390890,5,0
390462,390463,390946,483,1
390947,390948,390949,1,1
390947,390948,390950,2,1
390947,390948,390950,2,1
390947,390948,390950,2,1
390947,390948,390950,2,1
390947,390948,390950,2,1
390947,390948,390950,2,1
390947,390948,390949,1,1
390947,390948,390949,1,1
390947,390948,390949,1,1
390947,390948,390949,1,1
390947,390948,390949,1,1
390947,390948,390950,2,1
390947,390948,390950,2,1
390947,390948,390950,2,1
390947,390948,390949,1,1
390947,390948,390949,1,1
390947,390948,390950,2,1
390947,390948,390949,1,1
390947,390948,390949,1,1
390947,390948,390949,1,1
390947,390948,390949,1,1
390947,390948,390950,2,1
390947,390948,390950,2,1
390947,390948,390950,2,1
390947,390948,390950,2,1
390947,390948,390950,2,1
390947,390948,390951,3,1
390947,390948,390951,3,1
390947,390948,390950,2,1
390947,390948,390951,3,1
390947,390948,390950,2,1
390947,390948,390950,2,1
390947,390948,390951,3,1
390947,390948,390950,2,1
390947,390948,390950,2,1
390947,390948,390951,3,1
390947,390948,390951,3,1
390947,390948,390950,2,1
390947,390948,390951,3,1
390947,390948,390951,3,1
390947,390948,390950,2,1
390947,390948,390950,2,1
390947,390948,390951,3,1
390947,390948,390952,4,1
390947,390948,390951,3,1
390947,390948,390951,3,1
390947,390948,390952,4,1
390947,390948,390951,3,1
390947,390948,390951,3,1
390947,390948,390951,3,1
390947,390948,390951,3,1
390947,390948,390951,3,1
390947,390948,390951,3,1
390947,390948,390951,3,1
390947,390948,390951,3,1
390947,390948,390951,3,1
390947,390948,390951,3,1
390947,390948,390951,3,1
390947,390948,390951,3,1
390947,390948,390952,4,1
390503,390505,390957,452,2
390965,390965,390967,2,0
390965,390965,390967,2,0
390965,390965,390967,2,0
390965,390965,390967,2,0
390965,390965,390967,2,0
390965,390965,390967,2,0
390965,390965,390967,2,0
390965,390965,390967,2,0
390965,390965,390967,2,0
390965,390965,390967,2,0
390965,390965,390967,2,0
390965,390965,390967,2,0
390965,390965,390967,2,0
390965,390965,390967,2,0
390965,390965,390967,2,0
390965,390965,390967,2,0
390965,390965,390967,2,0
390965,390965,390967,2,0
390965,390965,390967,2,0
390965,390965,390967,2,0
390965,390965,390968,3,0
390965,390965,390968,3,0
390965,390965,390968,3,0
390965,390965,390968,3,0
390965,390965,390967,2,0
390965,390965,390968,3,0
390965,390965,390968,3,0
390965,390965,390968,3,0
390965,390965,390968,3,0
390965,390965,390968,3,0
390965,390965,390968,3,0
390965,390965,390967,2,0
390965,390965,390968,3,0
390965,390965,390968,3,0
390965,390965,390968,3,0
390965,390965,390968,3,0
390965,390965,390968,3,0
390965,390965,390968,3,0
390965,390965,390968,3,0
390965,390965,390968,3,0
390965,390965,390968,3,0
390965,390965,390969,4,0
390965,390965,390969,4,0
390965,390965,390969,4,0
390965,390965,390969,4,0
390965,390965,390969,4,0
390965,390965,390968,3,0
390965,390965,390969,4,0
390965,390965,390968,3,0
390965,390965,390969,4,0
390965,390965,390969,4,0
390965,390965,390968,3,0
390965,390965,390969,4,0
390965,390965,390969,4,0
390965,390965,390969,4,0
390965,390965,390969,4,0
390965,390965,390969,4,0
390965,390965,390969,4,0
390965,390965,390970,5,0
390528,390532,390971,439,4
390974,390974,390976,2,0
390974,390974,390976,2,0
390974,390974,390976,2,0
390974,390974,390976,2,0
390974,390974,390976,2,0
390974,390974,390976,2,0
390974,390974,390976,2,0
390974,390974,390976,2,0
390974,390974,390976,2,0
390974,390974,390976,2,0
390974,390974,390976,2,0
390974,390974,390976,2,0
390974,390974,390976,2,0
390974,390974,390976,2,0
390974,390974,390976,2,0
390974,390974,390976,2,0
390974,390974,390976,2,0
390974,390974,390976,2,0
390974,390974,390976,2,0
390974,390974,390976,2,0
390974,390974,390976,2,0
390974,390974,390976,2,0
390974,390974,390977,3,0
390974,390974,390977,3,0
390974,390974,390976,2,0
390974,390974,390977,3,0
390974,390974,390977,3,0
390974,390974,390976,2,0
390974,390974,390977,3,0
390974,390974,390977,3,0
390974,390974,390976,2,0
390974,390974,390977,3,0
390974,390974,390977,3,0
390974,390974,390976,2,0
390974,390974,390976,2,0
390974,390974,390977,3,0
390974,390974,390977,3,0
390974,390974,390977,3,0
390974,390974,390977,3,0
390974,390974,390976,2,0
390974,390976,390977,1,2
390974,390974,390977,3,0
390974,390974,390977,3,0
390974,390974,390977,3,0
390974,390974,390977,3,0
390974,390974,390978,4,0
390974,390974,390978,4,0
390974,390974,390977,3,0
390974,390974,390978,4,0
390974,390974,390978,4,0
390974,390974,390977,3,0
390974,390974,390978,4,0
390530,390532,390978,446,2
390974,390974,390977,3,0
390974,390974,390978,4,0
390974,390974,390978,4,0
390974,390974,390978,4,0
390974,390974,390978,4,0
390974,390976,390978,2,2
390974,390974,390978,4,0
390980,390981,390982,1,1
390980,390981,390982,1,1
390980,390981,390982,1,1
390980,390981,390982,1,1
390980,390981,390982,1,1
390980,390981,390982,1,1
390980,390981,390982,1,1
390980,390981,390982,1,1
390980,390981,390982,1,1
390980,390981,390982,1,1
390980,390981,390982,1,1
390980,390981,390983,2,1
390980,390981,390983,2,1
390980,390981,390982,1,1
390980,390981,390982,1,1
390980,390981,390982,1,1
390980,390981,390982,1,1
390980,390981,390983,2,1
390980,390981,390982,1,1
390980,390981,390982,1,1
390980,390981,390982,1,1
390980,390981,390982,1,1
390980,390981,390982,1,1
390980,390981,390983,2,1
390980,390981,390983,2,1
390980,390981,390983,2,1
390980,390983,390984,1,3
390980,390981,390983,2,1
390980,390981,390983,2,1
390980,390981,390983,2,1
390980,390981,390984,3,1
390980,390981,390983,2,1
390980,390981,390983,2,1
390980,390981,390983,2,1
390980,390981,390983,2,1
390980,390981,390983,2,1
390980,390981,390983,2,1
390980,390981,390983,2,1
390980,390983,390984,1,3
390980,390981,390983,2,1
390980,390981,390984,3,1
390980,390981,390984,3,1
390980,390983,390984,1,3
390980,390981,390983,2,1
390980,390981,390984,3,1
390980,390981,390983,2,1
390980,390981,390983,2,1
390980,390981,390983,2,1
390980,390983,390984,1,3
390980,390981,390983,2,1
390980,390981,390984,3,1
390980,390981,390984,3,1
390980,390981,390984,3,1
390980,390981,390984,3,1
390980,390981,390984,3,1
390980,390981,390985,4,1
390980,390981,390984,3,1
390980,390981,390984,3,1
390980,390981,390984,3,1
390980,390981,390984,3,1
390980,390981,390985,4,1
390965,390965,390991,26,0
390965,390965,390990,25,0
390974,390974,390992,18,0
390974,390974,390991,17,0
390563,390564,390995,431,1
390998,390999,391001,2,1
390998,390999,391001,2,1
390998,390999,391001,2,1
390998,390999,391001,2,1
390998,390999,391001,2,1
390998,390999,391001,2,1
390998,390999,391001,2,1
390998,390999,391000,1,1
390998,390999,391000,1,1
390998,390999,391000,1,1
390576,390577,391000,423,1
390998,390999,391000,1,1
390998,390999,391000,1,1
390998,390999,391000,1,1
390998,390999,391000,1,1
390998,390999,391000,1,1
390998,390999,391000,1,1
390998,390999,391001,2,1
390998,390999,391000,1,1
390998,390999,391001,2,1
390998,390999,391001,2,1
390998,390999,391000,1,1
390998,390999,391000,1,1
390998,390999,391001,2,1
390998,390999,391001,2,1
390998,390999,391002,3,1
390998,390999,391001,2,1
390998,390999,391002,3,1
390998,390999,391002,3,1
390998,390999,391001,2,1
390998,390999,391001,2,1
390998,390999,391002,3,1
390998,390999,391001,2,1
390998,390999,391002,3,1
390998,390999,391002,3,1
390998,390999,391001,2,1
390998,390999,391002,3,1
390998,390999,391001,2,1
390998,390999,391001,2,1
390998,390999,391002,3,1
390998,390999,391001,2,1
390998,390999,391001,2,1
390998,390999,391001,2,1
390998,390999,391002,3,1
390998,390999,391001,2,1
390998,390999,391001,2,1
390998,390999,391002,3,1
390998,390999,391001,2,1
390998,390999,391002,3,1
390998,390999,391002,3,1
390998,390999,391002,3,1
390998,390999,391002,3,1
390998,390999,391002,3,1
390998,390999,391002,3,1
390998,390999,391002,3,1
390998,390999,391002,3,1
390998,390999,391002,3,1
390998,390999,391002,3,1
390998,390999,391002,3,1
390998,390999,391002,3,1
390998,390999,391004,5,1
390998,390999,391004,5,1
391017,391017,391019,2,0
391017,391017,391019,2,0
391017,391017,391019,2,0
391017,391017,391019,2,0
391017,391018,391019,1,1
391017,391018,391019,1,1
391017,391017,391018,1,0
391017,391017,391019,2,0
391017,391017,391019,2,0
391017,391017,391019,2,0
391017,391017,391019,2,0
391017,391017,391019,2,0
391017,391017,391019,2,0
391017,391017,391019,2,0
391017,391017,391019,2,0
391017,391017,391019,2,0
391017,391017,391019,2,0
391017,391017,391019,2,0
391017,391017,391019,2,0
391017,391017,391019,2,0
391017,391017,391019,2,0
391017,391017,391019,2,0
391017,391017,391020,3,0
391017,391017,391020,3,0
391017,391017,391020,3,0
391017,391017,391020,3,0
391017,391018,391020,2,1
391017,391017,391019,2,0
391017,391017,391019,2,0
391017,391017,391020,3,0
391017,391017,391020,3,0
391017,391017,391019,2,0
391017,391017,391020,3,0
391017,391017,391020,3,0
391017,391017,391020,3,0
391017,391017,391020,3,0
391017,391017,391019,2,0
391017,391017,391020,3,0
391017,391017,391020,3,0
391017,391017,391020,3,0
391017,391017,391019,2,0
391017,391017,391020,3,0
391017,391017,391020,3,0
391017,391017,391020,3,0
391017,391017,391021,4,0
391017,391017,391021,4,0
391017,391018,391021,3,1
391017,391018,391021,3,1
391017,391017,391020,3,0
391017,391017,391021,4,0
391017,391017,391020,3,0
391017,391017,391020,3,0
391017,391017,391021,4,0
391017,391017,391021,4,0
391017,391017,391020,3,0
391017,391034,391035,1,17
391017,391034,391035,1,17
391017,391034,391035,1,17
391017,391034,391036,2,17
391017,391034,391036,2,17
391017,391034,391037,3,17
390616,390617,391056,439,1
391058,391059,391060,1,1
391058,391059,391060,1,1
391058,391059,391060,1,1
391058,391059,391060,1,1
391058,391059,391060,1,1
391058,391059,391060,1,1
391058,391059,391060,1,1
391058,391059,391060,1,1
391058,391059,391060,1,1
391058,391059,391060,1,1
391058,391059,391060,1,1
391058,391059,391060,1,1
391058,391059,391060,1,1
391058,391059,391060,1,1
391058,391059,391061,2,1
391058,391059,391060,1,1
391058,391059,391060,1,1
391058,391059,391060,1,1
391058,391059,391060,1,1
391058,391059,391061,2,1
391058,391059,391060,1,1
391058,391059,391060,1,1
391058,391059,391060,1,1
391058,391059,391061,2,1
390622,390623,391061,438,1
391058,391059,391061,2,1
391058,391059,391061,2,1
391058,391059,391061,2,1
391058,391059,391061,2,1
391058,391059,391061,2,1
391058,391059,391062,3,1
391058,391059,391061,2,1
391058,391059,391062,3,1
391058,391059,391061,2,1
391058,391059,391062,3,1
391058,391059,391061,2,1
391058,391059,391061,2,1
391058,391059,391061,2,1
391058,391059,391062,3,1
391058,391059,391061,2,1
391058,391059,391062,3,1
391058,391059,391061,2,1
391058,391059,391062,3,1
391058,391059,391062,3,1
391058,391059,391063,4,1
391058,391059,391062,3,1
391058,391059,391062,3,1
391058,391059,391062,3,1
391058,391059,391062,3,1
391058,391059,391062,3,1
391058,391059,391062,3,1
391058,391059,391062,3,1
391058,391059,391062,3,1
391058,391059,391062,3,1
391058,391059,391062,3,1
391058,391059,391062,3,1
391058,391059,391063,4,1
391058,391059,391063,4,1
391058,391059,391063,4,1
391058,391059,391063,4,1
391062,391063,391064,1,1
391062,391063,391064,1,1
391062,391063,391064,1,1
391062,391063,391064,1,1
391062,391063,391064,1,1
391062,391063,391064,1,1
391062,391063,391064,1,1
391062,391064,391065,1,2
391062,391063,391064,1,1
391062,391063,391064,1,1
391062,391063,391064,1,1
391062,391064,391065,1,2
391062,391063,391065,2,1
391062,391063,391065,2,1
391062,391063,391065,2,1
391062,391063,391064,1,1
391062,391063,391064,1,1
391062,391063,391065,2,1
391062,391063,391064,1,1
391062,391063,391064,1,1
391062,391063,391065,2,1
391062,391063,391065,2,1
391062,391063,391065,2,1
391062,391063,391065,2,1
391062,391064,391065,1,2
391062,391063,391066,3,1
391062,391063,391065,2,1
391062,391065,391066,1,3
391062,391063,391065,2,1
391062,391063,391066,3,1
391062,391065,391066,1,3
391062,391063,391065,2,1
391062,391063,391065,2,1
391062,391063,391066,3,1
391062,391064,391065,1,2
391062,391063,391066,3,1
391062,391063,391066,3,1
391062,391063,391066,3,1
391062,391063,391066,3,1
391062,391063,391066,3,1
391062,391063,391065,2,1
391062,391063,391066,3,1
391062,391063,391066,3,1
391062,391063,391066,3,1
391062,391063,391066,3,1
391062,391063,391066,3,1
391062,391063,391067,4,1
391062,391063,391066,3,1
391062,391063,391066,3,1
391062,391063,391066,3,1
391062,391063,391066,3,1
391062,391063,391066,3,1
391062,391063,391066,3,1
391062,391063,391066,3,1
391062,391063,391066,3,1
391062,391063,391066,3,1
391062,391063,391066,3,1
391062,391063,391066,3,1
391062,391063,391066,3,1
391062,391063,391066,3,1
390598,390599,391079,480,1
391081,391081,391082,1,0
391081,391081,391083,2,0
391081,391081,391082,1,0
391081,391081,391083,2,0
391081,391081,391083,2,0
391081,391081,391083,2,0
391081,391081,391083,2,0
391081,391081,391082,1,0
391081,391081,391083,2,0
391081,391081,391083,2,0
391081,391081,391083,2,0
391081,391081,391083,2,0
391081,391081,391082,1,0
391081,391081,391083,2,0
391081,391081,391083,2,0
391081,391081,391082,1,0
391081,391081,391083,2,0
391081,391081,391082,1,0
391081,391081,391082,1,0
391081,391081,391084,3,0
391081,391081,391084,3,0
391081,391081,391083,2,0
391081,391081,391084,3,0
391081,391081,391084,3,0
391081,391081,391083,2,0
391081,391083,391084,1,2
391081,391081,391084,3,0
391081,391081,391084,3,0
391081,391081,391084,3,0
391081,391081,391083,2,0
391081,391081,391084,3,0
391081,391081,391083,2,0
391081,391081,391084,3,0
391081,391081,391083,2,0
391081,391081,391084,3,0
391081,391081,391083,2,0
391081,391081,391083,2,0
391081,391081,391083,2,0
391081,391081,391084,3,0
391081,391081,391084,3,0
391081,391083,391084,1,2
391081,391081,391084,3,0
391081,391081,391084,3,0
391081,391081,391084,3,0
391081,391081,391084,3,0
391081,391081,391085,4,0
391081,391081,391084,3,0
391081,391081,391084,3,0
391081,391081,391085,4,0
391081,391081,391084,3,0
391081,391081,391084,3,0
391081,391081,391085,4,0
391081,391081,391084,3,0
391081,391081,391085,4,0
391081,391081,391085,4,0
391081,391083,391084,1,2
391081,391081,391085,4,0
391081,391081,391084,3,0
391081,391081,391085,4,0
391058,391059,391063,4,1
391058,391059,391064,5,1
391081,391081,391087,6,0
391062,391086,391087,1,24
391081,391081,391089,8,0
390670,390671,391093,422,1
390668,390668,391100,432,0
391118,391119,391120,1,1
391118,391119,391121,2,1
391118,391119,391120,1,1
391118,391119,391120,1,1
391118,391119,391120,1,1
391118,391119,391120,1,1
390641,390643,391120,477,2
391118,391119,391121,2,1
391118,391119,391120,1,1
391118,391119,391120,1,1
391118,391119,391120,1,1
391118,391119,391120,1,1
391118,391119,391120,1,1
391118,391119,391120,1,1
391118,391119,391120,1,1
391118,391119,391120,1,1
391118,391119,391120,1,1
391118,391119,391120,1,1
391118,391119,391121,2,1
391118,391119,391120,1,1
391118,391119,391120,1,1
391118,391119,391121,2,1
391118,391119,391120,1,1
391118,391119,391120,1,1
391118,391119,391121,2,1
391118,391119,391120,1,1
391118,391119,391120,1,1
391118,391119,391122,3,1
391118,391119,391121,2,1
391118,391119,391121,2,1
391118,391119,391121,2,1
391118,391119,391122,3,1
391118,391119,391121,2,1
391118,391119,391121,2,1
391118,391119,391121,2,1
391118,391119,391121,2,1
391118,391119,391121,2,1
391118,391119,391121,2,1
391118,391119,391121,2,1
391118,391119,391122,3,1
391118,391119,391121,2,1
391118,391119,391122,3,1
391118,391119,391122,3,1
391118,391119,391122,3,1
391118,391119,391122,3,1
391118,391119,391123,4,1
391118,391119,391122,3,1
391118,391119,391122,3,1
391118,391119,391122,3,1
391118,391119,391122,3,1
391118,391119,391122,3,1
391118,391119,391123,4,1
391118,391119,391122,3,1
391118,391119,391122,3,1
391118,391119,391123,4,1
391118,391119,391122,3,1
391118,391119,391122,3,1
391118,391119,391122,3,1
391118,391119,391123,4,1
391118,391119,391122,3,1
391118,391119,391123,4,1
391118,391119,391124,5,1
391118,391119,391123,4,1
391123,391124,391125,1,1
391123,391124,391125,1,1
391123,391124,391126,2,1
391123,391124,391126,2,1
391123,391124,391126,2,1
391123,391124,391126,2,1
391123,391124,391126,2,1
391123,391124,391126,2,1
391123,391124,391126,2,1
391123,391124,391126,2,1
391123,391124,391125,1,1
391123,391124,391126,2,1
391123,391124,391126,2,1
391123,391124,391126,2,1
391123,391124,391126,2,1
391123,391124,391126,2,1
391123,391124,391126,2,1
391123,391124,391126,2,1
391123,391124,391126,2,1
391123,391124,391126,2,1
391123,391124,391126,2,1
391123,391124,391126,2,1
391123,391124,391126,2,1
391123,391124,391126,2,1
391123,391124,391126,2,1
391123,391124,391127,3,1
391123,391124,391126,2,1
391123,391124,391126,2,1
391123,391124,391126,2,1
391123,391124,391126,2,1
391123,391124,391127,3,1
391123,391124,391126,2,1
391123,391124,391126,2,1
391123,391124,391126,2,1
391123,391124,391126,2,1
391123,391124,391126,2,1
391123,391124,391126,2,1
391123,391124,391126,2,1
391123,391124,391127,3,1
391123,391124,391127,3,1
391123,391124,391126,2,1
391123,391124,391128,4,1
391123,391124,391127,3,1
391123,391124,391128,4,1
391123,391124,391127,3,1
391123,391124,391127,3,1
391123,391124,391128,4,1
391123,391124,391127,3,1
391123,391124,391127,3,1
391123,391124,391128,4,1
391123,391124,391128,4,1
391123,391124,391127,3,1
391123,391124,391128,4,1
391123,391124,391128,4,1
391123,391124,391127,3,1
391123,391124,391128,4,1
391123,391124,391128,4,1
391123,391124,391127,3,1
391123,391124,391128,4,1
391123,391124,391127,3,1
391123,391124,391128,4,1
391123,391124,391128,4,1
391140,391141,391142,1,1
391140,391141,391142,1,1
391140,391141,391143,2,1
390708,390709,391142,433,1
391140,391141,391143,2,1
391140,391141,391143,2,1
391140,391141,391142,1,1
391140,391141,391142,1,1
391140,391141,391142,1,1
391140,391141,391142,1,1
391140,391141,391142,1,1
391140,391141,391143,2,1
391140,391141,391142,1,1
391140,391141,391142,1,1
391140,391141,391142,1,1
391140,391141,391142,1,1
391140,391141,391142,1,1
391140,391141,391142,1,1
391140,391141,391143,2,1
391140,391141,391143,2,1
391140,391141,391142,1,1
391140,391141,391142,1,1
391140,391141,391142,1,1
391140,391141,391142,1,1
391140,391141,391143,2,1
391140,391141,391143,2,1
391140,391141,391144,3,1
391140,391141,391143,2,1
391140,391141,391144,3,1
391140,391141,391143,2,1
391140,391141,391144,3,1
391140,391141,391143,2,1
391140,391141,391143,2,1
391140,391141,391143,2,1
391140,391141,391144,3,1
391140,391141,391143,2,1
391140,391141,391144,3,1
391140,391141,391143,2,1
391140,391141,391144,3,1
391140,391141,391143,2,1
391140,391141,391144,3,1
391140,391141,391143,2,1
391140,391141,391144,3,1
391140,391141,391143,2,1
391140,391141,391144,3,1
391140,391141,391144,3,1
391140,391141,391144,3,1
391140,391141,391145,4,1
391140,391141,391144,3,1
391140,391141,391144,3,1
391140,391141,391145,4,1
391140,391141,391144,3,1
391140,391141,391144,3,1
391140,391141,391145,4,1
391140,391141,391144,3,1
391140,391141,391144,3,1
391140,391141,391144,3,1
391140,391141,391145,4,1
391140,391141,391144,3,1
391140,391141,391144,3,1
391140,391141,391150,9,1
391157,391157,391159,2,0
391157,391157,391159,2,0
391157,391157,391159,2,0
391157,391157,391159,2,0
391157,391158,391159,1,1
391157,391157,391159,2,0
391157,391158,391159,1,1
391157,391158,391159,1,1
391157,391158,391159,1,1
391157,391157,391159,2,0
391157,391157,391159,2,0
391157,391158,391159,1,1
391157,391158,391159,1,1
391157,391157,391159,2,0
391157,391157,391159,2,0
391157,391157,391159,2,0
391157,391158,391159,1,1
391157,391158,391160,2,1
391157,391157,391159,2,0
391157,391157,391159,2,0
391157,391158,391159,1,1
391157,391158,391159,1,1
391157,391158,391160,2,1
391157,391157,391160,3,0
391157,391158,391160,2,1
391157,391158,391160,2,1
391157,391158,391160,2,1
391157,391158,391160,2,1
391157,391158,391160,2,1
391157,391158,391160,2,1
391157,391158,391160,2,1
391157,391157,391160,3,0
391157,391158,391160,2,1
391157,391158,391160,2,1
391157,391158,391160,2,1
391157,391158,391160,2,1
391157,391158,391160,2,1
391157,391158,391160,2,1
391157,391158,391159,1,1
391157,391157,391161,4,0
391157,391158,391161,3,1
391157,391158,391161,3,1
391157,391157,391161,4,0
391157,391158,391161,3,1
391157,391158,391161,3,1
391157,391158,391161,3,1
391157,391158,391161,3,1
391157,391158,391161,3,1
391157,391158,391161,3,1
391157,391158,391161,3,1
390716,390717,391163,446,1
391157,391158,391162,4,1
391157,391158,391163,5,1
391164,391164,391166,2,0
391164,391164,391166,2,0
391164,391164,391166,2,0
391164,391164,391166,2,0
391164,391164,391166,2,0
391164,391164,391166,2,0
391164,391164,391166,2,0
391164,391164,391166,2,0
391164,391164,391167,3,0
391164,391164,391166,2,0
391164,391164,391167,3,0
391164,391164,391166,2,0
391164,391164,391166,2,0
391164,391164,391166,2,0
391164,391164,391166,2,0
391164,391164,391166,2,0
391164,391164,391166,2,0
391164,391164,391167,3,0
391164,391164,391166,2,0
391164,391164,391166,2,0
391164,391164,391167,3,0
391164,391166,391167,1,2
391164,391164,391166,2,0
391164,391164,391167,3,0
391164,391164,391166,2,0
391164,391164,391166,2,0
391164,391166,391167,1,2
391164,391164,391167,3,0
391164,391164,391167,3,0
391164,391164,391167,3,0
391164,391164,391168,4,0
391164,391167,391168,1,3
391164,391164,391168,4,0
391164,391164,391168,4,0
391164,391164,391168,4,0
391164,391164,391168,4,0
391164,391166,391167,1,2
391164,391166,391168,2,2
391164,391164,391167,3,0
391164,391164,391167,3,0
391164,391164,391167,3,0
391164,391164,391167,3,0
391164,391164,391168,4,0
391164,391166,391167,1,2
391164,391166,391167,1,2
391164,391164,391167,3,0
391164,391164,391168,4,0
391164,391164,391168,4,0
391164,391164,391167,3,0
391164,391166,391167,1,2
391164,391164,391168,4,0
391164,391166,391167,1,2
391164,391164,391168,4,0
391164,391164,391169,5,0
391164,391164,391168,4,0
391164,391164,391169,5,0
391164,391164,391169,5,0
391164,391164,391170,6,0
391157,391178,391179,1,21
391157,391178,391179,1,21
391157,391178,391179,1,21
391157,391178,391180,2,21
391157,391178,391179,1,21
391140,391141,391163,22,1
391157,391158,391163,5,1
391157,391178,391181,3,21
391157,391178,391181,3,21
391164,391181,391182,1,17
390746,390750,391184,434,4
391164,391181,391183,2,17
391164,391181,391184,3,17
391197,391198,391200,2,1
391197,391198,391199,1,1
391197,391198,391199,1,1
391197,391198,391199,1,1
391197,391198,391200,2,1
391197,391198,391200,2,1
391197,391198,391199,1,1
391197,391198,391199,1,1
391197,391198,391199,1,1
391197,391198,391199,1,1
391197,391198,391200,2,1
391197,391198,391199,1,1
391197,391198,391199,1,1
391197,391198,391199,1,1
391197,391198,391199,1,1
391197,391198,391199,1,1
391197,391198,391200,2,1
391197,391198,391199,1,1
391197,391198,391199,1,1
391197,391198,391199,1,1
391197,391198,391199,1,1
391197,391198,391199,1,1
391197,391198,391199,1,1
391197,391198,391199,1,1
391197,391198,391201,3,1
391197,391198,391200,2,1
391197,391198,391200,2,1
391197,391198,391201,3,1
391197,391198,391200,2,1
391197,391198,391200,2,1
391197,391198,391200,2,1
391197,391198,391200,2,1
391197,391198,391200,2,1
391197,391198,391200,2,1
391197,391198,391200,2,1
391197,391198,391200,2,1
391197,391198,391200,2,1
391197,391198,391201,3,1
391197,391198,391200,2,1
391197,391198,391200,2,1
391197,391198,391200,2,1
391197,391198,391200,2,1
391197,391198,391202,4,1
391197,391198,391201,3,1
391197,391198,391201,3,1
391197,391198,391201,3,1
391197,391198,391201,3,1
391197,391198,391201,3,1
391197,391198,391201,3,1
391197,391198,391201,3,1
391197,391198,391201,3,1
391197,391198,391201,3,1
391197,391198,391201,3,1
391197,391198,391201,3,1
391197,391198,391201,3,1
391197,391198,391202,4,1
391197,391198,391201,3,1
391197,391198,391203,5,1
391197,391198,391202,4,1
391197,391198,391202,4,1
391197,391198,391201,3,1
390770,390772,391228,456,2
391231,391231,391233,2,0
391231,391231,391233,2,0
391231,391231,391233,2,0
391231,391231,391233,2,0
391231,391231,391233,2,0
391231,391231,391233,2,0
391231,391231,391233,2,0
391231,391231,391233,2,0
391231,391231,391233,2,0
391231,391231,391233,2,0
391231,391231,391233,2,0
391231,391231,391233,2,0
391231,391231,391233,2,0
391231,391231,391233,2,0
391231,391231,391233,2,0
391231,391231,391233,2,0
391231,391231,391233,2,0
391231,391231,391233,2,0
391231,391231,391233,2,0
391231,391231,391233,2,0
391231,391231,391233,2,0
391231,391231,391233,2,0
391231,391231,391233,2,0
391231,391232,391234,2,1
391231,391232,391234,2,1
391231,391231,391234,3,0
391231,391231,391233,2,0
391231,391231,391234,3,0
391231,391231,391234,3,0
391231,391231,391234,3,0
391231,391231,391234,3,0
391231,391231,391234,3,0
391231,391231,391233,2,0
391231,391231,391234,3,0
391231,391231,391234,3,0
391231,391231,391234,3,0
391231,391231,391234,3,0
391231,391231,391234,3,0
391231,391231,391234,3,0
391231,391231,391235,4,0
391231,391231,391234,3,0
391231,391232,391235,3,1
391231,391232,391234,2,1
391231,391231,391235,4,0
391231,391231,391235,4,0
391231,391231,391235,4,0
391231,391231,391234,3,0
391231,391231,391235,4,0
391231,391231,391235,4,0
391231,391231,391235,4,0
391231,391231,391235,4,0
391231,391231,391234,3,0
391231,391231,391235,4,0
391231,391231,391235,4,0
391231,391231,391234,3,0
391231,391231,391235,4,0
391231,391231,391235,4,0
391231,391231,391235,4,0
391231,391231,391235,4,0
391231,391231,391235,4,0
391231,391232,391235,3,1
390784,390784,391249,465,0
391251,391252,391253,1,1
391251,391251,391253,2,0
391251,391252,391253,1,1
391251,391252,391253,1,1
391251,391252,391253,1,1
391251,391252,391253,1,1
391251,391252,391253,1,1
391251,391251,391253,2,0
391251,391252,391253,1,1
391251,391252,391253,1,1
391251,391252,391253,1,1
391251,391251,391253,2,0
391251,391252,391253,1,1
391251,391252,391253,1,1
391251,391252,391253,1,1
391251,391252,391253,1,1
391251,391252,391253,1,1
391251,391252,391253,1,1
391251,391252,391253,1,1
391251,391252,391253,1,1
391251,391252,391254,2,1
391251,391252,391254,2,1
391251,391252,391253,1,1
391251,391252,391253,1,1
391251,391252,391254,2,1
391251,391252,391254,2,1
391251,391252,391254,2,1
391251,391251,391254,3,0
391251,391252,391254,2,1
391251,391252,391254,2,1
391251,391252,391254,2,1
391251,391252,391254,2,1
391251,391252,391254,2,1
391251,391252,391254,2,1
391251,391252,391254,2,1
391251,391252,391254,2,1
391251,391252,391255,3,1
391251,391252,391254,2,1
391251,391252,391254,2,1
391251,391252,391255,3,1
391251,391251,391255,4,0
391251,391252,391255,3,1
391251,391251,391255,4,0
391251,391252,391255,3,1
391251,391252,391255,3,1
391251,391252,391255,3,1
391251,391252,391255,3,1
391251,391252,391255,3,1
391251,391252,391255,3,1
391251,391252,391255,3,1
391251,391252,391255,3,1
391251,391252,391255,3,1
391251,391252,391255,3,1
391251,391252,391255,3,1
391251,391252,391255,3,1
391251,391252,391255,3,1
391251,391257,391258,1,6
391251,391257,391259,2,6
391251,391257,391259,2,6
391251,391257,391260,3,6
391251,391257,391260,3,6
390824,390826,391271,445,2
391274,391274,391276,2,0
391274,391274,391276,2,0
391274,391274,391276,2,0
391274,391274,391276,2,0
391274,391274,391276,2,0
391274,391274,391276,2,0
391274,391274,391276,2,0
391274,391274,391276,2,0
391274,391274,391276,2,0
391274,391274,391276,2,0
391274,391274,391276,2,0
391274,391274,391276,2,0
391274,391274,391276,2,0
391274,391274,391276,2,0
391274,391274,391276,2,0
391274,391274,391276,2,0
391274,391274,391276,2,0
391274,391274,391276,2,0
391274,391274,391276,2,0
391274,391274,391276,2,0
391274,391274,391276,2,0
391274,391274,391276,2,0
391274,391274,391277,3,0
391274,391274,391277,3,0
391274,391274,391277,3,0
391274,391274,391277,3,0
391274,391274,391276,2,0
391274,391275,391276,1,1
391274,391275,391277,2,1
391274,391274,391277,3,0
391274,391274,391276,2,0
391274,391274,391277,3,0
391274,391274,391277,3,0
391274,391274,391277,3,0
391274,391274,391276,2,0
391274,391274,391277,3,0
391274,391274,391277,3,0
391274,391274,391276,2,0
391274,391274,391277,3,0
391274,391274,391277,3,0
391274,391274,391278,4,0
391274,391274,391278,4,0
391274,391274,391277,3,0
391274,391275,391278,3,1
391274,391274,391278,4,0
391274,391274,391278,4,0
391274,391274,391278,4,0
391274,391274,391277,3,0
391274,391274,391278,4,0
391274,391274,391278,4,0
391274,391274,391278,4,0
391274,391274,391278,4,0
391274,391274,391278,4,0
391274,391274,391278,4,0
391274,391274,391277,3,0
391274,391274,391278,4,0
391274,391274,391278,4,0
391274,391274,391278,4,0
391274,391274,391278,4,0
391274,391275,391278,3,1
391274,391275,391278,3,1
390868,390869,391333,464,1
391334,391335,391337,2,1
391334,391335,391336,1,1
391334,391335,391336,1,1
391334,391335,391336,1,1
391334,391335,391336,1,1
391334,391335,391337,2,1
391334,391335,391336,1,1
391334,391335,391336,1,1
391334,391335,391336,1,1
391334,391335,391337,2,1
391334,391335,391336,1,1
391334,391335,391336,1,1
391334,391335,391336,1,1
391334,391335,391337,2,1
391334,391335,391336,1,1
391334,391335,391336,1,1
391334,391335,391336,1,1
391334,391335,391336,1,1
391334,391335,391337,2,1
391334,391335,391336,1,1
391334,391335,391337,2,1
391334,391335,391337,2,1
391334,391335,391337,2,1
391334,391335,391337,2,1
391334,391335,391337,2,1
391334,391335,391338,3,1
391334,391335,391337,2,1
391334,391335,391337,2,1
391334,391335,391338,3,1
391334,391335,391337,2,1
391334,391335,391338,3,1
391334,391335,391338,3,1
391334,391335,391338,3,1
391334,391335,391338,3,1
391334,391335,391337,2,1
391334,391335,391338,3,1
391334,391335,391337,2,1
391334,391335,391338,3,1
391334,391335,391337,2,1
391334,391335,391337,2,1
391334,391335,391337,2,1
391334,391335,391338,3,1
391334,391335,391338,3,1
391334,391335,391338,3,1
391334,391335,391339,4,1
391334,391335,391339,4,1
391334,391335,391339,4,1
391334,391335,391339,4,1
391334,391335,391338,3,1
391334,391335,391338,3,1
391334,391335,391338,3,1
391334,391335,391338,3,1
391334,391335,391339,4,1
391334,391335,391338,3,1
391334,391335,391339,4,1
391334,391335,391339,4,1
391334,391335,391338,3,1
391334,391335,391339,4,1
391334,391335,391338,3,1
391334,391335,391338,3,1
391334,391335,391339,4,1
390886,390887,391351,464,1
391355,391355,391357,2,0
391355,391355,391357,2,0
391355,391355,391357,2,0
391355,391355,391357,2,0
391355,391355,391357,2,0
391355,391355,391357,2,0
391355,391355,391357,2,0
391355,391355,391357,2,0
391355,391355,391357,2,0
391355,391355,391357,2,0
391355,391355,391357,2,0
391355,391355,391357,2,0
391355,391355,391357,2,0
391355,391355,391357,2,0
391355,391355,391357,2,0
391355,391355,391357,2,0
391355,391355,391357,2,0
391355,391355,391357,2,0
391355,391356,391357,1,1
391355,391355,391358,3,0
391355,391355,391358,3,0
391355,391355,391358,3,0
391355,391355,391358,3,0
391355,391355,391358,3,0
391355,391355,391358,3,0
391355,391355,391358,3,0
391355,391355,391358,3,0
391355,391355,391357,2,0
391355,391356,391358,2,1
391355,391356,391358,2,1
391355,391356,391357,1,1
391355,391356,391358,2,1
391355,391356,391358,2,1
391355,391355,391358,3,0
391355,391355,391358,3,0
391355,391355,391358,3,0
391355,391355,391357,2,0
391355,391355,391358,3,0
391355,391355,391358,3,0
391355,391355,391358,3,0
391355,391355,391357,2,0
391355,391355,391358,3,0
391355,391355,391358,3,0
391355,391355,391357,2,0
391355,391355,391359,4,0
391355,391355,391359,4,0
391355,391355,391359,4,0
391355,391355,391359,4,0
391355,391355,391359,4,0
391355,391355,391359,4,0
391355,391355,391359,4,0
391355,391355,391358,3,0
391355,391356,391359,3,1
391355,391356,391359,3,1
391355,391355,391358,3,0
391355,391355,391359,4,0
391355,391355,391359,4,0
391355,391355,391359,4,0
391355,391356,391359,3,1
391355,391355,391359,4,0
391355,391355,391359,4,0
390975,390976,391372,396,1
391374,391375,391376,1,1
391374,391375,391377,2,1
391374,391375,391377,2,1
391374,391375,391376,1,1
391374,391375,391377,2,1
391374,391375,391376,1,1
391374,391375,391377,2,1
391374,391375,391376,1,1
391374,391375,391376,1,1
391374,391375,391376,1,1
391374,391375,391376,1,1
391374,391375,391376,1,1
391374,391375,391377,2,1
391374,391375,391376,1,1
391374,391375,391376,1,1
391374,391375,391376,1,1
391374,391375,391377,2,1
391374,391375,391377,2,1
391374,391375,391377,2,1
391374,391375,391377,2,1
391374,391375,391377,2,1
391374,391375,391377,2,1
391374,391375,391376,1,1
391374,391375,391377,2,1
391374,391375,391377,2,1
391374,391375,391377,2,1
391374,391375,391378,3,1
391374,391375,391377,2,1
391374,391375,391377,2,1
391374,391375,391377,2,1
391374,391375,391378,3,1
391374,391375,391377,2,1
391374,391375,391378,3,1
391374,391375,391377,2,1
391374,391375,391377,2,1
391374,391375,391378,3,1
391374,391375,391377,2,1
391374,391375,391378,3,1
391374,391375,391377,2,1
391374,391375,391378,3,1
391374,391375,391379,4,1
391374,391375,391379,4,1
391374,391375,391379,4,1
391374,391375,391378,3,1
391374,391375,391378,3,1
391374,391375,391378,3,1
391374,391375,391378,3,1
391374,391375,391378,3,1
391374,391375,391378,3,1
391374,391375,391378,3,1
391374,391375,391379,4,1
391374,391375,391378,3,1
391374,391375,391378,3,1
391374,391375,391378,3,1
391374,391391,391392,1,17
391374,391391,391393,2,17
391374,391391,391392,1,17
391374,391391,391393,2,17
391374,391391,391393,2,17
391374,391391,391394,3,17
391374,391391,391394,3,17
390949,390950,391405,455,1
391408,391409,391410,1,1
391408,391409,391410,1,1
391408,391409,391411,2,1
391408,391409,391411,2,1
391408,391409,391411,2,1
391408,391409,391411,2,1
391408,391409,391411,2,1
391408,391409,391411,2,1
391408,391409,391410,1,1
391408,391409,391411,2,1
391408,391409,391410,1,1
391408,391409,391411,2,1
391408,391409,391411,2,1
391408,391409,391410,1,1
391408,391409,391410,1,1
391408,391409,391410,1,1
391408,391409,391411,2,1
391408,391409,391410,1,1
391408,391409,391410,1,1
391408,391409,391411,2,1
391408,391409,391411,2,1
391408,391409,391412,3,1
391408,391409,391411,2,1
391408,391409,391411,2,1
391408,391409,391411,2,1
391408,391409,391411,2,1
391408,391409,391411,2,1
391408,391409,391411,2,1
391408,391409,391412,3,1
391408,391409,391411,2,1
391408,391409,391411,2,1
391408,391409,391411,2,1
391408,391409,391412,3,1
391408,391409,391411,2,1
391408,391409,391412,3,1
391408,391409,391411,2,1
391408,391409,391412,3,1
391408,391409,391411,2,1
391408,391409,391411,2,1
391408,391409,391412,3,1
391408,391409,391412,3,1
391408,391409,391413,4,1
391408,391409,391413,4,1
391408,391409,391412,3,1
391408,391409,391412,3,1
391408,391409,391412,3,1
391408,391409,391412,3,1
391408,391409,391413,4,1
391408,391409,391412,3,1
391408,391409,391413,4,1
391408,391409,391413,4,1
391408,391409,391412,3,1
391408,391409,391412,3,1
391408,391409,391413,4,1
391408,391409,391412,3,1
391408,391409,391412,3,1
391408,391409,391412,3,1
391408,391409,391413,4,1
391408,391409,391412,3,1
391408,391409,391413,4,1
391408,391409,391413,4,1
390982,390983,391429,446,1
391431,391432,391434,2,1
391431,391432,391434,2,1
391431,391432,391434,2,1
391431,391432,391434,2,1
391431,391432,391434,2,1
391431,391432,391433,1,1
391431,391432,391433,1,1
391431,391432,391433,1,1
391431,391432,391434,2,1
391431,391432,391434,2,1
391431,391432,391434,2,1
391431,391432,391434,2,1
391431,391432,391433,1,1
391431,391432,391434,2,1
391431,391432,391434,2,1
391431,391432,391434,2,1
391431,391432,391434,2,1
391431,391432,391434,2,1
391431,391432,391433,1,1
391431,391432,391434,2,1
391431,391432,391433,1,1
391431,391432,391434,2,1
391431,391432,391434,2,1
391431,391432,391434,2,1
391431,391432,391434,2,1
391431,391432,391435,3,1
391431,391432,391434,2,1
391431,391432,391434,2,1
391431,391432,391435,3,1
391431,391432,391435,3,1
391431,391432,391435,3,1
391431,391432,391435,3,1
391431,391432,391434,2,1
391431,391432,391435,3,1
391431,391432,391434,2,1
391431,391432,391434,2,1
391431,391432,391435,3,1
391431,391432,391435,3,1
391431,391432,391434,2,1
391431,391432,391435,3,1
391431,391432,391434,2,1
391431,391432,391435,3,1
391431,391433,391435,2,2
391431,391433,391435,2,2
391431,391432,391436,4,1
391431,391432,391435,3,1
391431,391432,391435,3,1
391431,391432,391436,4,1
391431,391432,391435,3,1
391431,391432,391435,3,1
391431,391432,391435,3,1
391431,391432,391436,4,1
391431,391432,391436,4,1
391431,391432,391436,4,1
391431,391432,391435,3,1
391431,391432,391435,3,1
391431,391432,391435,3,1
391431,391432,391435,3,1
391431,391433,391436,3,2
391431,391433,391436,3,2
391431,391433,391436,3,2
390967,390967,391442,475,0
391450,391451,391452,1,1
391450,391451,391453,2,1
391450,391451,391453,2,1
391450,391451,391453,2,1
391450,391451,391452,1,1
391450,391451,391452,1,1
391450,391451,391452,1,1
391450,391451,391452,1,1
391450,391451,391452,1,1
391450,391451,391452,1,1
391450,391451,391452,1,1
391450,391451,391452,1,1
391450,391451,391452,1,1
391450,391451,391453,2,1
391450,391451,391452,1,1
391450,391451,391452,1,1
391450,391451,391452,1,1
391450,391451,391453,2,1
391450,391451,391452,1,1
391450,391451,391452,1,1
391450,391451,391453,2,1
391450,391451,391453,2,1
391450,391451,391453,2,1
391450,391451,391454,3,1
391450,391451,391453,2,1
391450,391451,391453,2,1
391450,391451,391453,2,1
391450,391451,391453,2,1
391450,391451,391453,2,1
391450,391451,391453,2,1
391450,391451,391453,2,1
391450,391451,391453,2,1
391450,391451,391454,3,1
391450,391451,391453,2,1
391450,391451,391453,2,1
391450,391451,391454,3,1
391450,391451,391453,2,1
391450,391451,391454,3,1
391450,391451,391454,3,1
391450,391451,391454,3,1
391450,391451,391454,3,1
391450,391451,391454,3,1
391450,391451,391454,3,1
391450,391451,391454,3,1
391450,391451,391454,3,1
391450,391451,391454,3,1
391450,391451,391454,3,1
391450,391451,391455,4,1
391450,391451,391455,4,1
391450,391451,391454,3,1
391450,391451,391454,3,1
391450,391451,391454,3,1
391450,391451,391454,3,1
391450,391451,391454,3,1
391450,391451,391454,3,1
391450,391451,391455,4,1
391450,391451,391455,4,1
391450,391451,391455,4,1
391450,391451,391455,4,1
391450,391466,391467,1,16
391450,391466,391468,2,16
391064,391065,391477,412,1
391481,391482,391483,1,1
391481,391482,391483,1,1
391481,391482,391483,1,1
391481,391482,391483,1,1
391481,391482,391484,2,1
391481,391482,391483,1,1
391481,391482,391483,1,1
391481,391482,391483,1,1
391481,391482,391484,2,1
391481,391482,391483,1,1
391481,391482,391483,1,1
391481,391482,391483,1,1
391481,391482,391484,2,1
391481,391482,391484,2,1
391481,391482,391484,2,1
391481,391482,391484,2,1
391481,391482,391483,1,1
391481,391482,391484,2,1
391481,391482,391483,1,1
391481,391482,391483,1,1
391481,391482,391483,1,1
391481,391482,391483,1,1
391481,391482,391483,1,1
391481,391482,391483,1,1
391481,391482,391484,2,1
391481,391482,391485,3,1
391481,391482,391485,3,1
391481,391482,391484,2,1
391481,391482,391484,2,1
391481,391482,391484,2,1
391481,391482,391484,2,1
391481,391482,391484,2,1
391481,391482,391485,3,1
391481,391482,391485,3,1
391481,391482,391485,3,1
391481,391482,391484,2,1
391481,391482,391485,3,1
391481,391482,391484,2,1
391481,391482,391484,2,1
391481,391482,391484,2,1
391481,391482,391485,3,1
391481,391482,391484,2,1
391481,391482,391484,2,1
391481,391482,391485,3,1
391481,391482,391485,3,1
391481,391482,391485,3,1
391481,391482,391485,3,1
391481,391482,391486,4,1
391481,391482,391485,3,1
391481,391482,391485,3,1
391481,391482,391485,3,1
391481,391482,391485,3,1
391481,391482,391485,3,1
391481,391482,391486,4,1
391481,391482,391486,4,1
391481,391482,391485,3,1
391481,391482,391485,3,1
391481,391482,391485,3,1
391481,391482,391486,4,1
391481,391482,391486,4,1
391481,391482,391486,4,1
391000,391001,391508,507,1
391510,391510,391512,2,0
391510,391510,391512,2,0
391510,391510,391512,2,0
391510,391510,391512,2,0
391510,391510,391512,2,0
391510,391510,391512,2,0
391510,391510,391512,2,0
391510,391510,391512,2,0
391510,391510,391512,2,0
391510,391510,391512,2,0
391510,391510,391512,2,0
391510,391510,391512,2,0
391510,391510,391512,2,0
391510,391510,391512,2,0
391510,391510,391512,2,0
391510,391510,391512,2,0
391510,391510,391512,2,0
391510,391510,391512,2,0
391510,391510,391512,2,0
391510,391510,391512,2,0
391510,391510,391512,2,0
391510,391510,391512,2,0
391510,391510,391512,2,0
391510,391510,391512,2,0
391510,391510,391513,3,0
391510,391510,391513,3,0
391510,391510,391513,3,0
391510,391510,391512,2,0
391510,391510,391513,3,0
391510,391510,391513,3,0
391510,391510,391512,2,0
391510,391510,391513,3,0
391510,391510,391512,2,0
391510,391510,391513,3,0
391510,391510,391513,3,0
391510,391510,391512,2,0
391510,391510,391513,3,0
391510,391510,391513,3,0
391510,391510,391513,3,0
391510,391510,391513,3,0
391510,391510,391512,2,0
391510,391510,391513,3,0
391510,391510,391513,3,0
391510,391510,391513,3,0
391510,391510,391514,4,0
391510,391510,391513,3,0
391510,391510,391514,4,0
391510,391510,391513,3,0
391510,391510,391514,4,0
391510,391510,391514,4,0
391510,391510,391514,4,0
391510,391510,391513,3,0
391510,391510,391514,4,0
391510,391510,391514,4,0
391510,391510,391513,3,0
391510,391510,391514,4,0
391510,391510,391514,4,0
391510,391510,391513,3,0
391510,391510,391514,4,0
391510,391510,391514,4,0
391510,391510,391514,4,0
391082,391083,391520,437,1
391018,391019,391528,509,1
391527,391528,391530,2,1
391527,391528,391530,2,1
391527,391528,391530,2,1
391527,391528,391529,1,1
391527,391528,391529,1,1
391527,391528,391529,1,1
391527,391528,391529,1,1
391527,391528,391529,1,1
391527,391528,391529,1,1
391527,391528,391529,1,1
391527,391528,391529,1,1
391527,391528,391529,1,1
391527,391528,391529,1,1
391527,391528,391530,2,1
391527,391528,391529,1,1
391527,391528,391529,1,1
391527,391528,391529,1,1
391527,391528,391529,1,1
391527,391528,391529,1,1
391527,391528,391529,1,1
391527,391528,391529,1,1
391527,391528,391530,2,1
391527,391528,391529,1,1
391527,391528,391529,1,1
391527,391528,391530,2,1
391527,391528,391530,2,1
391527,391528,391531,3,1
391527,391528,391530,2,1
391527,391528,391531,3,1
391527,391528,391531,3,1
391527,391528,391530,2,1
391527,391528,391530,2,1
391527,391528,391531,3,1
391527,391528,391531,3,1
391527,391528,391530,2,1
391527,391528,391530,2,1
391527,391528,391531,3,1
391527,391528,391531,3,1
391527,391528,391530,2,1
391527,391528,391531,3,1
391527,391528,391530,2,1
391527,391528,391532,4,1
391530,391530,391531,1,0
391530,391530,391531,1,0
391530,391530,391531,1,0
391527,391528,391532,4,1
391527,391528,391531,3,1
391527,391528,391531,3,1
391530,391530,391531,1,0
391530,391530,391531,1,0
391527,391528,391532,4,1
391527,391528,391532,4,1
391530,391530,391531,1,0
391530,391530,391531,1,0
391530,391530,391531,1,0
391527,391528,391532,4,1
391527,391528,391531,3,1
391527,391528,391531,3,1
391530,391530,391531,1,0
391530,391530,391531,1,0
391530,391530,391531,1,0
391527,391528,391531,3,1
391530,391530,391531,1,0
391530,391530,391531,1,0
391530,391530,391531,1,0
391530,391530,391531,1,0
391530,391530,391531,1,0
391527,391528,391531,3,1
391527,391528,391531,3,1
391527,391528,391531,3,1
391530,391530,391532,2,0
391530,391530,391532,2,0
391527,391528,391531,3,1
391527,391528,391532,4,1
391530,391530,391531,1,0
391530,391530,391531,1,0
391530,391530,391532,2,0
391530,391531,391533,2,1
391530,391530,391533,3,0
391530,391530,391532,2,0
391530,391530,391533,3,0
391530,391532,391533,1,2
391530,391530,391533,3,0
391530,391530,391532,2,0
391530,391531,391534,3,1
391530,391531,391534,3,1
391530,391532,391534,2,2
391530,391532,391534,2,2
391530,391532,391534,2,2
391530,391531,391534,3,1
391530,391531,391534,3,1
391530,391531,391534,3,1
391530,391531,391534,3,1
391530,391531,391534,3,1
391530,391532,391534,2,2
391530,391532,391533,1,2
391530,391531,391534,3,1
391530,391531,391534,3,1
391530,391532,391533,1,2
391530,391531,391534,3,1
391530,391532,391534,2,2
391530,391532,391534,2,2
391530,391532,391534,2,2
391530,391531,391534,3,1
391530,391532,391534,2,2
391530,391532,391534,2,2
391530,391532,391534,2,2
391530,391532,391533,1,2
391530,391532,391533,1,2
391530,391532,391534,2,2
391530,391532,391534,2,2
391530,391532,391534,2,2
391530,391532,391535,3,2
391530,391532,391534,2,2
391530,391532,391534,2,2
391530,391531,391534,3,1
391530,391531,391534,3,1
391530,391531,391535,4,1
391527,391540,391542,2,13
391527,391540,391542,2,13
391527,391540,391543,3,13
391527,391540,391543,3,13
391527,391540,391543,3,13
391120,391120,391544,424,0
391060,391061,391546,485,1
391547,391548,391549,1,1
391547,391548,391550,2,1
391547,391548,391550,2,1
391547,391548,391550,2,1
391547,391548,391549,1,1
391547,391548,391550,2,1
391547,391548,391550,2,1
391547,391548,391550,2,1
391547,391548,391550,2,1
391547,391548,391550,2,1
391547,391548,391549,1,1
391547,391548,391549,1,1
391547,391548,391549,1,1
391547,391548,391549,1,1
391547,391548,391550,2,1
391547,391548,391549,1,1
391547,391548,391550,2,1
391547,391548,391549,1,1
391547,391548,391549,1,1
391547,391548,391549,1,1
391547,391548,391550,2,1
391547,391548,391549,1,1
391547,391548,391549,1,1
391547,391548,391550,2,1
391547,391548,391550,2,1
391547,391548,391550,2,1
391547,391548,391550,2,1
391547,391548,391550,2,1
391547,391548,391550,2,1
391547,391548,391551,3,1
391547,391548,391550,2,1
391547,391548,391551,3,1
391547,391548,391551,3,1
391547,391548,391550,2,1
391547,391548,391551,3,1
391547,391548,391550,2,1
391547,391548,391551,3,1
391547,391548,391550,2,1
391547,391548,391550,2,1
391547,391548,391550,2,1
391547,391548,391551,3,1
391547,391548,391551,3,1
391547,391548,391551,3,1
391547,391548,391552,4,1
391547,391548,391551,3,1
391547,391548,391551,3,1
391547,391548,391551,3,1
391547,391548,391551,3,1
391547,391548,391551,3,1
391547,391548,391552,4,1
391547,391548,391551,3,1
391547,391548,391552,4,1
391547,391548,391552,4,1
391547,391548,391551,3,1
391547,391548,391551,3,1
391547,391548,391551,3,1
391547,391548,391551,3,1
391547,391548,391551,3,1
391547,391548,391552,4,1
391547,391548,391551,3,1
391547,391548,391552,4,1
391547,391548,391552,4,1
391562,391563,391565,2,1
391562,391563,391565,2,1
391562,391563,391564,1,1
391562,391563,391564,1,1
391562,391563,391564,1,1
391562,391563,391564,1,1
391562,391563,391564,1,1
391562,391563,391564,1,1
391562,391563,391564,1,1
391562,391563,391564,1,1
391562,391563,391564,1,1
391562,391563,391564,1,1
391562,391563,391564,1,1
391562,391563,391564,1,1
391562,391563,391564,1,1
391562,391563,391564,1,1
391562,391563,391564,1,1
391562,391563,391564,1,1
391562,391563,391564,1,1
391562,391563,391564,1,1
391562,391563,391564,1,1
391562,391563,391564,1,1
391562,391563,391564,1,1
391562,391563,391564,1,1
391562,391563,391564,1,1
391562,391563,391564,1,1
391562,391563,391565,2,1
391562,391563,391566,3,1
391562,391563,391565,2,1
391562,391563,391565,2,1
391562,391563,391565,2,1
391562,391563,391566,3,1
391562,391563,391565,2,1
391562,391563,391565,2,1
391562,391563,391565,2,1
391562,391563,391566,3,1
391562,391563,391565,2,1
391562,391563,391566,3,1
391562,391563,391565,2,1
391562,391563,391565,2,1
391562,391563,391565,2,1
391562,391563,391567,4,1
391562,391563,391566,3,1
391562,391563,391566,3,1
391562,391563,391566,3,1
391562,391563,391566,3,1
391562,391563,391566,3,1
391562,391563,391566,3,1
391562,391563,391567,4,1
391562,391563,391567,4,1
391562,391563,391566,3,1
391562,391563,391566,3,1
391562,391563,391566,3,1
391562,391563,391566,3,1
391562,391563,391566,3,1
391562,391563,391566,3,1
391562,391563,391566,3,1
391562,391563,391567,4,1
391562,391563,391564,1,1
391562,391570,391571,1,8
391562,391570,391571,1,8
391125,391125,391578,453,0
391584,391584,391586,2,0
391584,391584,391586,2,0
391584,391584,391586,2,0
391584,391585,391586,1,1
391584,391584,391586,2,0
391584,391584,391586,2,0
391584,391584,391586,2,0
391584,391584,391586,2,0
391584,391584,391586,2,0
391584,391584,391586,2,0
391584,391584,391586,2,0
391584,391584,391586,2,0
391584,391584,391586,2,0
391584,391584,391586,2,0
391584,391584,391586,2,0
391584,391584,391586,2,0
391584,391584,391586,2,0
391584,391584,391586,2,0
391584,391584,391586,2,0
391584,391584,391586,2,0
391584,391584,391586,2,0
391584,391584,391587,3,0
391584,391584,391587,3,0
391584,391584,391586,2,0
391584,391584,391587,3,0
391584,391584,391587,3,0
391584,391584,391587,3,0
391584,391584,391587,3,0
391584,391584,391586,2,0
391584,391584,391587,3,0
391584,391584,391586,2,0
391584,391584,391586,2,0
391584,391584,391587,3,0
391584,391584,391587,3,0
391584,391584,391587,3,0
391584,391584,391587,3,0
391584,391584,391586,2,0
391584,391584,391588,4,0
391584,391584,391588,4,0
391584,391584,391588,4,0
391584,391584,391588,4,0
391584,391584,391588,4,0
391584,391584,391588,4,0
391584,391584,391588,4,0
391584,391584,391588,4,0
391584,391584,391588,4,0
391584,391584,391588,4,0
391584,391584,391588,4,0
391584,391584,391588,4,0
391584,391584,391587,3,0
391584,391584,391588,4,0
391584,391584,391588,4,0
391584,391584,391588,4,0
391584,391584,391588,4,0
391584,391584,391588,4,0
391584,391584,391587,3,0
391584,391584,391589,5,0
391159,391160,391588,428,1
391584,391588,391590,2,4
391584,391588,391591,3,4
391584,391588,391591,3,4
391584,391588,391590,2,4
391142,391143,391596,453,1
391600,391601,391602,1,1
391600,391601,391603,2,1
391600,391601,391602,1,1
391600,391601,391602,1,1
391600,391601,391602,1,1
391600,391601,391603,2,1
391600,391601,391603,2,1
391600,391601,391602,1,1
391600,391601,391602,1,1
391600,391601,391602,1,1
391600,391601,391603,2,1
391600,391601,391602,1,1
391600,391601,391602,1,1
391600,391601,391602,1,1
391600,391601,391602,1,1
391600,391601,391602,1,1
391600,391601,391602,1,1
391600,391601,391602,1,1
391600,391601,391603,2,1
391600,391601,391602,1,1
391600,391601,391603,2,1
391600,391601,391602,1,1
391600,391601,391602,1,1
391600,391601,391603,2,1
391600,391601,391603,2,1
391600,391601,391604,3,1
391600,391601,391603,2,1
391600,391601,391603,2,1
391600,391601,391603,2,1
391600,391601,391603,2,1
391600,391601,391603,2,1
391600,391601,391604,3,1
391600,391601,391603,2,1
391600,391601,391603,2,1
391600,391601,391603,2,1
391600,391601,391603,2,1
391600,391601,391603,2,1
391600,391601,391604,3,1
391600,391601,391604,3,1
391600,391601,391605,4,1
391600,391601,391605,4,1
391600,391601,391604,3,1
391600,391601,391604,3,1
391600,391601,391605,4,1
391600,391601,391605,4,1
391600,391601,391604,3,1
391600,391601,391604,3,1
391600,391601,391604,3,1
391600,391601,391604,3,1
391600,391601,391604,3,1
391600,391601,391605,4,1
391600,391601,391604,3,1
391600,391601,391605,4,1
391600,391601,391605,4,1
391600,391608,391609,1,8
391600,391608,391610,2,8
391600,391608,391609,1,8
391600,391608,391611,3,8
391600,391608,391611,3,8
391600,391608,391610,2,8
391600,391608,391612,4,8
391618,391618,391619,1,0
391618,391618,391620,2,0
391618,391618,391620,2,0
391618,391618,391620,2,0
391618,391618,391620,2,0
391618,391618,391620,2,0
391618,391618,391619,1,0
391618,391618,391619,1,0
391618,391618,391620,2,0
391618,391618,391619,1,0
391618,391618,391620,2,0
391618,391618,391619,1,0
391618,391618,391619,1,0
391618,391618,391619,1,0
391618,391618,391619,1,0
391618,391618,391620,2,0
391618,391618,391619,1,0
391618,391618,391620,2,0
391618,391618,391619,1,0
391618,391618,391619,1,0
391618,391618,391619,1,0
391618,391618,391620,2,0
391618,391618,391620,2,0
391618,391618,391621,3,0
391618,391618,391621,3,0
391618,391618,391620,2,0
391618,391618,391621,3,0
391618,391618,391620,2,0
391618,391618,391620,2,0
391618,391618,391621,3,0
391618,391618,391621,3,0
391618,391618,391621,3,0
391618,391618,391621,3,0
391618,391618,391621,3,0
391618,391618,391620,2,0
391618,391618,391620,2,0
391618,391618,391621,3,0
391618,391618,391620,2,0
391618,391618,391622,4,0
391618,391618,391621,3,0
391618,391618,391621,3,0
391618,391618,391621,3,0
391618,391618,391621,3,0
391618,391618,391621,3,0
391618,391618,391621,3,0
391618,391618,391621,3,0
391618,391618,391622,4,0
391618,391618,391622,4,0
391618,391618,391622,4,0
391618,391618,391621,3,0
391618,391618,391622,4,0
391618,391618,391621,3,0
391618,391618,391622,4,0
391618,391618,391621,3,0
391618,391618,391622,4,0
391618,391624,391626,2,6
391618,391624,391625,1,6
391618,391624,391625,1,6
391618,391624,391625,1,6
391618,391624,391625,1,6
391618,391624,391627,3,6
391199,391200,391642,442,1
391165,391167,391644,477,2
391649,391649,391650,1,0
391649,391650,391651,1,1
391649,391649,391651,2,0
391649,391649,391651,2,0
391649,391649,391651,2,0
391649,391649,391651,2,0
391649,391649,391651,2,0
391649,391649,391651,2,0
391649,391649,391651,2,0
391649,391649,391651,2,0
391649,391649,391651,2,0
391649,391649,391651,2,0
391649,391649,391651,2,0
391649,391649,391651,2,0
391649,391649,391651,2,0
391649,391649,391651,2,0
391649,391649,391651,2,0
391649,391649,391651,2,0
391649,391649,391651,2,0
391649,391649,391651,2,0
391649,391649,391651,2,0
391649,391649,391651,2,0
391649,391650,391652,2,1
391649,391650,391652,2,1
391651,391651,391652,1,0
391649,391649,391652,3,0
391649,391649,391652,3,0
391649,391649,391651,2,0
391649,391649,391651,2,0
391649,391649,391652,3,0
391649,391649,391652,3,0
391649,391649,391652,3,0
391649,391649,391652,3,0
391649,391649,391652,3,0
391649,391649,391652,3,0
391649,391649,391652,3,0
391649,391649,391652,3,0
391649,391649,391653,4,0
391651,391651,391653,2,0
391651,391651,391653,2,0
391649,391649,391653,4,0
391649,391649,391653,4,0
391649,391649,391653,4,0
391651,391651,391653,2,0
391649,391650,391653,3,1
391649,391649,391653,4,0
391649,391649,391653,4,0
391649,391649,391653,4,0
391651,391652,391653,1,1
391649,391649,391653,4,0
391649,391649,391653,4,0
391651,391652,391653,1,1
391651,391652,391653,1,1
391651,391652,391653,1,1
391649,391649,391653,4,0
391649,391649,391653,4,0
391649,391649,391653,4,0
391651,391652,391653,1,1
391651,391652,391653,1,1
391651,391652,391653,1,1
391651,391652,391653,1,1
391649,391649,391653,4,0
391649,391649,391653,4,0
391651,391652,391653,1,1
391651,391652,391653,1,1
391651,391652,391653,1,1
391651,391652,391653,1,1
391649,391649,391653,4,0
391649,391649,391653,4,0
391649,391649,391653,4,0
391651,391652,391653,1,1
391651,391652,391653,1,1
391651,391652,391653,1,1
391651,391652,391654,2,1
391651,391652,391654,2,1
391649,391649,391654,5,0
391651,391654,391655,1,3
391651,391654,391655,1,3
391651,391653,391655,2,2
391651,391654,391656,2,3
391651,391654,391656,2,3
391651,391653,391656,3,2
391651,391653,391655,2,2
391651,391653,391655,2,2
391651,391653,391655,2,2
391651,391654,391655,1,3
391651,391654,391656,2,3
391651,391654,391656,2,3
391651,391654,391655,1,3
391651,391654,391655,1,3
391651,391654,391655,1,3
391651,391653,391656,3,2
391651,391653,391656,3,2
391651,391654,391655,1,3
391651,391654,391655,1,3
391651,391654,391655,1,3
391651,391654,391655,1,3
391651,391653,391656,3,2
391651,391653,391656,3,2
391651,391654,391656,2,3
391651,391654,391656,2,3
391651,391654,391656,2,3
391651,391653,391656,3,2
391651,391653,391656,3,2
391651,391654,391657,3,3
391651,391654,391656,2,3
391651,391654,391656,2,3
391651,391654,391656,2,3
391651,391653,391656,3,2
391651,391654,391656,2,3
391651,391654,391656,2,3
391651,391654,391656,2,3
391651,391654,391656,2,3
391651,391653,391656,3,2
391649,391662,391664,2,13
391649,391662,391663,1,13
391649,391662,391663,1,13
391649,391662,391665,3,13
391649,391662,391665,3,13
391649,391662,391664,2,13
391649,391662,391665,3,13
391232,391233,391677,444,1
391651,391653,391656,3,2
391651,391653,391656,3,2
391681,391682,391684,2,1
391681,391682,391683,1,1
391681,391682,391684,2,1
391681,391682,391684,2,1
391681,391682,391683,1,1
391681,391682,391684,2,1
391681,391682,391683,1,1
391681,391682,391683,1,1
391681,391682,391684,2,1
391681,391682,391684,2,1
391681,391682,391683,1,1
391681,391682,391683,1,1
391681,391682,391683,1,1
391681,391682,391683,1,1
391681,391682,391684,2,1
391681,391682,391683,1,1
391681,391682,391684,2,1
391681,391682,391683,1,1
391681,391682,391683,1,1
391681,391682,391683,1,1
391681,391682,391684,2,1
391681,391682,391685,3,1
391681,391682,391684,2,1
391681,391682,391684,2,1
391681,391682,391684,2,1
391681,391682,391684,2,1
391681,391682,391684,2,1
391681,391682,391684,2,1
391681,391682,391684,2,1
391681,391682,391685,3,1
391681,391682,391684,2,1
391681,391682,391684,2,1
391681,391682,391684,2,1
391681,391682,391684,2,1
391681,391682,391685,3,1
391681,391682,391684,2,1
391681,391682,391685,3,1
391681,391682,391684,2,1
391681,391682,391684,2,1
391681,391682,391685,3,1
391681,391682,391685,3,1
391681,391682,391686,4,1
391681,391682,391685,3,1
391681,391682,391685,3,1
391681,391682,391685,3,1
391681,391682,391685,3,1
391681,391682,391685,3,1
391681,391682,391685,3,1
391681,391682,391685,3,1
391681,391682,391685,3,1
391681,391682,391685,3,1
391681,391682,391686,4,1
391681,391682,391685,3,1
391681,391682,391686,4,1
391681,391682,391685,3,1
391681,391682,391686,4,1
391681,391682,391685,3,1
391681,391682,391685,3,1
391681,391682,391686,4,1
391253,391254,391692,438,1
391681,391682,391693,11,1
391681,391682,391693,11,1
391698,391699,391700,1,1
391698,391698,391700,2,0
391698,391698,391700,2,0
391698,391698,391700,2,0
391698,391698,391700,2,0
391698,391698,391700,2,0
391698,391698,391700,2,0
391698,391698,391700,2,0
391698,391698,391700,2,0
391698,391698,391700,2,0
391698,391698,391700,2,0
391698,391698,391700,2,0
391698,391698,391700,2,0
391698,391698,391700,2,0
391698,391698,391700,2,0
391698,391698,391700,2,0
391698,391698,391700,2,0
391698,391698,391700,2,0
391698,391698,391700,2,0
391698,391698,391700,2,0
391698,391698,391700,2,0
391698,391699,391701,2,1
391698,391699,391700,1,1
391698,391699,391700,1,1
391698,391699,391701,2,1
391698,391698,391701,3,0
391698,391698,391700,2,0
391698,391698,391701,3,0
391698,391698,391701,3,0
391698,391698,391700,2,0
391698,391698,391701,3,0
391698,391698,391701,3,0
391698,391698,391701,3,0
391698,391698,391701,3,0
391698,391698,391701,3,0
391698,391698,391701,3,0
391698,391698,391701,3,0
391698,391698,391700,2,0
391698,391698,391702,4,0
391698,391698,391702,4,0
391698,391698,391702,4,0
391698,391698,391702,4,0
391698,391698,391702,4,0
391698,391698,391702,4,0
391698,391699,391702,3,1
391698,391698,391702,4,0
391698,391698,391702,4,0
391698,391698,391702,4,0
391698,391698,391702,4,0
391698,391698,391702,4,0
391698,391698,391702,4,0
391698,391698,391702,4,0
391698,391698,391702,4,0
391698,391708,391709,1,10
391698,391708,391709,1,10
391698,391712,391713,1,14
391698,391712,391714,2,14
391698,391712,391714,2,14
391698,391712,391714,2,14
391698,391712,391715,3,14
391698,391712,391715,3,14
391275,391276,391736,460,1
391738,391739,391740,1,1
391738,391739,391740,1,1
391738,391739,391740,1,1
391738,391739,391741,2,1
391738,391739,391740,1,1
391738,391739,391740,1,1
391738,391739,391741,2,1
391738,391739,391741,2,1
391738,391739,391740,1,1
391738,391739,391741,2,1
391738,391739,391741,2,1
391738,391739,391740,1,1
391738,391739,391740,1,1
391738,391739,391740,1,1
391738,391739,391740,1,1
391738,391739,391741,2,1
391738,391739,391740,1,1
391738,391739,391740,1,1
391738,391739,391741,2,1
391738,391739,391741,2,1
391738,391739,391740,1,1
391738,391739,391740,1,1
391738,391739,391741,2,1
391738,391739,391740,1,1
391738,391739,391741,2,1
391738,391739,391741,2,1
391738,391739,391741,2,1
391738,391739,391742,3,1
391738,391739,391741,2,1
391738,391739,391741,2,1
391738,391739,391741,2,1
391738,391739,391741,2,1
391738,391739,391741,2,1
391738,391739,391742,3,1
391738,391739,391741,2,1
391738,391739,391741,2,1
391738,391739,391741,2,1
391738,391739,391741,2,1
391738,391739,391741,2,1
391738,391739,391741,2,1
391738,391739,391742,3,1
391738,391739,391742,3,1
391738,391739,391742,3,1
391738,391739,391743,4,1
391738,391739,391742,3,1
391738,391739,391743,4,1
391738,391739,391742,3,1
391738,391739,391743,4,1
391738,391739,391743,4,1
391738,391739,391742,3,1
391738,391739,391743,4,1
391738,391739,391742,3,1
391738,391739,391742,3,1
391738,391739,391742,3,1
391738,391739,391742,3,1
391738,391739,391742,3,1
391336,391337,391754,417,1
391738,391755,391756,1,17
391738,391755,391756,1,17
391738,391755,391757,2,17
391738,391755,391758,3,17
391756,391757,391759,2,1
391756,391757,391759,2,1
391756,391757,391759,2,1
391756,391757,391758,1,1
391756,391757,391758,1,1
391756,391757,391758,1,1
391756,391757,391759,2,1
391756,391757,391759,2,1
391756,391757,391759,2,1
391756,391757,391758,1,1
391756,391757,391758,1,1
391756,391757,391758,1,1
391756,391757,391758,1,1
391756,391757,391758,1,1
391756,391757,391758,1,1
391738,391755,391758,3,17
391756,391757,391758,1,1
391756,391757,391758,1,1
391756,391757,391758,1,1
391756,391757,391759,2,1
391756,391757,391759,2,1
391756,391757,391759,2,1
391756,391757,391759,2,1
391756,391757,391759,2,1
391756,391757,391759,2,1
391756,391757,391759,2,1
391756,391757,391760,3,1
391756,391759,391760,1,3
391756,391757,391759,2,1
391756,391757,391759,2,1
391756,391757,391759,2,1
391756,391757,391759,2,1
391756,391757,391759,2,1
391756,391757,391760,3,1
391756,391757,391759,2,1
391756,391757,391759,2,1
391756,391757,391759,2,1
391756,391757,391759,2,1
391756,391757,391759,2,1
391756,391757,391760,3,1
391756,391757,391760,3,1
391756,391757,391760,3,1
391756,391757,391760,3,1
391756,391757,391760,3,1
391756,391757,391760,3,1
391756,391757,391760,3,1
391756,391757,391760,3,1
391756,391757,391760,3,1
391756,391757,391760,3,1
391756,391757,391760,3,1
391756,391757,391760,3,1
391756,391757,391760,3,1
391756,391757,391760,3,1
391756,391757,391761,4,1
391756,391757,391760,3,1
391756,391757,391761,4,1
391756,391757,391761,4,1
391756,391757,391761,4,1
391756,391757,391761,4,1
391756,391757,391761,4,1
391356,391357,391802,445,1
391803,391803,391805,2,0
391803,391803,391805,2,0
391803,391803,391805,2,0
391803,391803,391805,2,0
391803,391803,391805,2,0
391803,391803,391805,2,0
391803,391803,391805,2,0
391803,391803,391805,2,0
391803,391803,391805,2,0
391803,391803,391805,2,0
391803,391803,391805,2,0
391803,391803,391805,2,0
391803,391803,391805,2,0
391803,391803,391805,2,0
391803,391803,391805,2,0
391803,391803,391805,2,0
391803,391803,391805,2,0
391803,391803,391805,2,0
391803,391803,391805,2,0
391803,391803,391805,2,0
391803,391803,391805,2,0
391803,391803,391805,2,0
391803,391803,391806,3,0
391803,391803,391806,3,0
391803,391803,391806,3,0
391803,391803,391805,2,0
391803,391803,391806,3,0
391803,391803,391805,2,0
391803,391803,391806,3,0
391803,391804,391806,2,1
391803,391804,391806,2,1
391803,391804,391806,2,1
391803,391804,391806,2,1
391803,391803,391806,3,0
391803,391803,391806,3,0
391803,391803,391806,3,0
391803,391803,391806,3,0
391803,391803,391806,3,0
391803,391803,391806,3,0
391803,391803,391806,3,0
391803,391803,391806,3,0
391803,391803,391806,3,0
391803,391803,391806,3,0
391803,391803,391806,3,0
391803,391803,391807,4,0
391803,391803,391807,4,0
391803,391803,391807,4,0
391803,391803,391807,4,0
391803,391803,391807,4,0
391803,391803,391807,4,0
391803,391804,391807,3,1
391803,391804,391807,3,1
391803,391804,391807,3,1
391803,391803,391807,4,0
391803,391803,391807,4,0
391803,391803,391806,3,0
391803,391803,391807,4,0
391803,391803,391807,4,0
391803,391803,391807,4,0
391803,391803,391807,4,0
391803,391803,391807,4,0
391410,391411,391812,401,1
391376,391377,391814,437,1
391827,391827,391829,2,0
391827,391827,391829,2,0
391827,391827,391828,1,0
391827,391827,391829,2,0
391827,391827,391829,2,0
391827,391827,391829,2,0
391827,391827,391829,2,0
391827,391827,391829,2,0
391827,391827,391829,2,0
391827,391827,391829,2,0
391827,391827,391829,2,0
391827,391827,391828,1,0
391827,391827,391828,1,0
391827,391827,391828,1,0
391827,391827,391829,2,0
391827,391827,391828,1,0
391827,391827,391828,1,0
391827,391827,391828,1,0
391827,391827,391829,2,0
391827,391827,391829,2,0
391827,391827,391829,2,0
391827,391827,391829,2,0
391827,391827,391829,2,0
391827,391827,391829,2,0
391827,391827,391830,3,0
391827,391827,391830,3,0
391827,391827,391829,2,0
391827,391827,391830,3,0
391827,391827,391830,3,0
391827,391827,391830,3,0
391827,391827,391830,3,0
391827,391827,391830,3,0
391827,391827,391829,2,0
391827,391827,391830,3,0
391827,391827,391830,3,0
391827,391827,391830,3,0
391827,391827,391829,2,0
391827,391827,391830,3,0
391827,391827,391829,2,0
391827,391827,391829,2,0
391827,391827,391829,2,0
391827,391827,391830,3,0
391827,391827,391830,3,0
391827,391827,391830,3,0
391827,391827,391830,3,0
391829,391829,391831,2,0
391827,391827,391831,4,0
391827,391827,391831,4,0
391827,391827,391831,4,0
391827,391827,391830,3,0
391829,391829,391830,1,0
391829,391829,391831,2,0
391827,391827,391831,4,0
391827,391827,391831,4,0
391829,391829,391831,2,0
391829,391829,391830,1,0
391827,391827,391831,4,0
391827,391827,391830,3,0
391829,391829,391831,2,0
391829,391829,391830,1,0
391829,391829,391831,2,0
391827,391827,391830,3,0
391827,391827,391830,3,0
391829,391829,391831,2,0
391829,391829,391831,2,0
391827,391827,391831,4,0
391829,391829,391830,1,0
391829,391829,391831,2,0
391827,391827,391831,4,0
391827,391827,391831,4,0
391829,391829,391831,2,0
391829,391829,391831,2,0
391829,391829,391830,1,0
391829,391829,391831,2,0
391827,391827,391831,4,0
391827,391827,391831,4,0
391829,391829,391831,2,0
391829,391829,391831,2,0
391829,391829,391831,2,0
391827,391827,391831,4,0
391829,391829,391831,2,0
391829,391829,391831,2,0
391829,391830,391833,3,1
391829,391831,391833,2,2
391829,391830,391833,3,1
391829,391830,391833,3,1
391829,391830,391833,3,1
391829,391830,391833,3,1
391829,391830,391833,3,1
391829,391830,391833,3,1
391829,391830,391833,3,1
391829,391830,391833,3,1
391829,391830,391833,3,1
391829,391830,391833,3,1
391829,391831,391833,2,2
391829,391832,391833,1,3
391829,391830,391833,3,1
391829,391830,391833,3,1
391829,391831,391833,2,2
391829,391830,391833,3,1
391829,391831,391833,2,2
391829,391832,391833,1,3
391829,391830,391833,3,1
391829,391831,391833,2,2
391829,391832,391833,1,3
391829,391832,391833,1,3
391829,391832,391833,1,3
391829,391830,391833,3,1
391829,391831,391833,2,2
391829,391831,391833,2,2
391829,391832,391833,1,3
391829,391832,391833,1,3
391829,391832,391833,1,3
391829,391830,391834,4,1
391829,391830,391834,4,1
391829,391830,391833,3,1
391829,391830,391834,4,1
391829,391830,391834,4,1
391829,391830,391834,4,1
391829,391830,391834,4,1
391829,391830,391834,4,1
391829,391832,391834,2,3
391433,391434,391866,432,1
391868,391869,391871,2,1
391868,391869,391870,1,1
391868,391869,391870,1,1
391868,391869,391870,1,1
391868,391869,391870,1,1
391868,391869,391870,1,1
391868,391869,391871,2,1
391868,391869,391870,1,1
391868,391869,391870,1,1
391868,391869,391870,1,1
391868,391869,391870,1,1
391868,391869,391870,1,1
391868,391869,391871,2,1
391868,391869,391871,2,1
391868,391869,391871,2,1
391868,391869,391870,1,1
391868,391869,391870,1,1
391868,391869,391870,1,1
391868,391869,391870,1,1
391868,391869,391870,1,1
391868,391869,391871,2,1
391868,391869,391871,2,1
391868,391869,391871,2,1
391868,391869,391871,2,1
391868,391869,391871,2,1
391868,391869,391872,3,1
391868,391869,391871,2,1
391868,391869,391871,2,1
391868,391869,391871,2,1
391868,391869,391871,2,1
391868,391869,391872,3,1
391868,391869,391871,2,1
391868,391869,391871,2,1
391868,391869,391871,2,1
391868,391869,391871,2,1
391868,391869,391872,3,1
391868,391869,391871,2,1
391868,391869,391872,3,1
391868,391869,391872,3,1
391868,391869,391872,3,1
391868,391869,391872,3,1
391868,391869,391872,3,1
391868,391869,391872,3,1
391868,391869,391872,3,1
391868,391869,391872,3,1
391868,391869,391872,3,1
391868,391869,391873,4,1
391868,391869,391872,3,1
391868,391869,391872,3,1
391868,391869,391872,3,1
391868,391869,391872,3,1
391868,391869,391872,3,1
391868,391869,391872,3,1
391868,391869,391872,3,1
391868,391869,391872,3,1
391868,391869,391873,4,1
391868,391877,391878,1,9
391868,391877,391878,1,9
391868,391869,391873,4,1
391868,391869,391873,4,1
391453,391453,391896,443,0
391903,391904,391905,1,1
391903,391904,391905,1,1
391903,391904,391905,1,1
391903,391903,391905,2,0
391903,391903,391905,2,0
391903,391903,391905,2,0
391903,391904,391905,1,1
391903,391903,391905,2,0
391903,391903,391905,2,0
391903,391903,391905,2,0
391903,391904,391906,2,1
391903,391903,391905,2,0
391903,391904,391905,1,1
391903,391903,391905,2,0
391903,391903,391905,2,0
391903,391904,391905,1,1
391903,391904,391905,1,1
391903,391903,391905,2,0
391903,391903,391905,2,0
391903,391903,391905,2,0
391903,391903,391906,3,0
391903,391904,391907,3,1
391903,391904,391906,2,1
391903,391904,391906,2,1
391903,391904,391906,2,1
391903,391903,391906,3,0
391903,391904,391906,2,1
391903,391903,391906,3,0
391903,391904,391906,2,1
391903,391904,391906,2,1
391903,391903,391906,3,0
391903,391904,391906,2,1
391903,391904,391906,2,1
391903,391904,391906,2,1
391903,391903,391906,3,0
391903,391904,391907,3,1
391903,391904,391906,2,1
391903,391904,391906,2,1
391903,391904,391906,2,1
391903,391904,391906,2,1
391903,391904,391907,3,1
391903,391904,391907,3,1
391903,391903,391907,4,0
391903,391904,391907,3,1
391903,391904,391907,3,1
391903,391904,391907,3,1
391903,391904,391907,3,1
391903,391903,391907,4,0
391903,391904,391907,3,1
391903,391904,391907,3,1
391903,391903,391907,4,0
391903,391904,391907,3,1
391903,391903,391907,4,0
391903,391904,391907,3,1
391903,391904,391907,3,1
391903,391904,391907,3,1
391903,391904,391907,3,1
391903,391904,391907,3,1
391903,391904,391907,3,1
391903,391904,391908,4,1
391483,391484,391914,430,1
391915,391915,391917,2,0
391915,391915,391917,2,0
391915,391915,391917,2,0
391915,391915,391917,2,0
391915,391915,391917,2,0
391915,391915,391917,2,0
391915,391915,391917,2,0
391915,391915,391917,2,0
391915,391915,391917,2,0
391915,391916,391917,1,1
391915,391915,391917,2,0
391915,391915,391917,2,0
391915,391915,391917,2,0
391915,391915,391917,2,0
391915,391915,391917,2,0
391915,391915,391917,2,0
391915,391915,391917,2,0
391915,391915,391917,2,0
391915,391916,391918,2,1
391915,391916,391917,1,1
391915,391916,391917,1,1
391915,391915,391918,3,0
391915,391915,391918,3,0
391915,391915,391918,3,0
391915,391915,391918,3,0
391915,391915,391918,3,0
391915,391915,391918,3,0
391915,391915,391918,3,0
391915,391916,391918,2,1
391915,391916,391918,2,1
391915,391915,391918,3,0
391915,391915,391918,3,0
391915,391915,391918,3,0
391915,391915,391918,3,0
391915,391916,391918,2,1
391915,391915,391918,3,0
391915,391916,391918,2,1
391915,391915,391919,4,0
391915,391915,391919,4,0
391915,391915,391918,3,0
391915,391915,391919,4,0
391915,391915,391919,4,0
391915,391915,391919,4,0
391915,391915,391919,4,0
391915,391918,391919,1,3
391915,391915,391919,4,0
391915,391915,391919,4,0
391915,391915,391919,4,0
391915,391915,391919,4,0
391915,391915,391919,4,0
391915,391915,391919,4,0
391915,391915,391919,4,0
391915,391916,391919,3,1
391915,391915,391919,4,0
391915,391915,391919,4,0
391915,391915,391919,4,0
391915,391915,391919,4,0
391903,391903,391907,4,0
391915,391924,391925,1,9
391915,391924,391926,2,9
391915,391924,391926,2,9
391915,391924,391927,3,9
391511,391512,391948,436,1
391955,391955,391956,1,0
391955,391955,391956,1,0
391955,391955,391957,2,0
391955,391955,391957,2,0
391955,391955,391957,2,0
391955,391955,391956,1,0
391955,391955,391957,2,0
391955,391955,391957,2,0
391955,391955,391956,1,0
391955,391955,391957,2,0
391955,391955,391957,2,0
391955,391955,391957,2,0
391955,391955,391956,1,0
391955,391955,391957,2,0
391955,391955,391957,2,0
391955,391955,391957,2,0
391955,391955,391957,2,0
391955,391955,391957,2,0
391955,391955,391958,3,0
391955,391955,391958,3,0
391955,391955,391958,3,0
391955,391955,391958,3,0
391955,391955,391958,3,0
391955,391955,391958,3,0
391955,391955,391958,3,0
391955,391955,391957,2,0
391955,391955,391958,3,0
391955,391955,391957,2,0
391955,391955,391957,2,0
391955,391955,391957,2,0
391955,391955,391957,2,0
391955,391955,391957,2,0
391955,391955,391958,3,0
391955,391955,391958,3,0
391955,391955,391958,3,0
391955,391955,391958,3,0
391955,391955,391959,4,0
391955,391955,391958,3,0
391955,391955,391958,3,0
391955,391955,391959,4,0
391955,391955,391958,3,0
391955,391955,391958,3,0
391955,391955,391958,3,0
391955,391955,391959,4,0
391955,391955,391959,4,0
391955,391955,391958,3,0
391955,391955,391959,4,0
391955,391955,391958,3,0
391955,391955,391958,3,0
391955,391955,391959,4,0
391955,391955,391959,4,0
391955,391955,391959,4,0
391955,391955,391959,4,0
391955,391955,391959,4,0
391955,391964,391965,1,9
391955,391964,391965,1,9
391955,391964,391967,3,9
391955,391964,391966,2,9
391549,391549,391974,425,0
391955,391975,391976,1,20
391955,391975,391976,1,20
391955,391975,391976,1,20
391976,391977,391978,1,1
391976,391977,391978,1,1
391976,391977,391978,1,1
391976,391977,391978,1,1
391976,391977,391978,1,1
391976,391977,391978,1,1
391976,391977,391978,1,1
391976,391977,391978,1,1
391976,391977,391979,2,1
391976,391977,391978,1,1
391976,391977,391978,1,1
391976,391977,391978,1,1
391976,391977,391978,1,1
391976,391977,391978,1,1
391976,391977,391979,2,1
391976,391977,391978,1,1
391976,391977,391978,1,1
391976,391977,391979,2,1
391976,391977,391978,1,1
391976,391977,391979,2,1
391976,391977,391978,1,1
391976,391977,391978,1,1
391976,391977,391978,1,1
391976,391977,391979,2,1
391976,391977,391978,1,1
391976,391977,391978,1,1
391976,391977,391978,1,1
391976,391977,391978,1,1
391976,391977,391979,2,1
391976,391977,391979,2,1
391976,391977,391979,2,1
391976,391977,391979,2,1
391976,391977,391979,2,1
391976,391977,391979,2,1
391976,391977,391979,2,1
391976,391977,391980,3,1
391976,391977,391980,3,1
391976,391977,391979,2,1
391976,391977,391979,2,1
391976,391977,391979,2,1
391976,391977,391979,2,1
391976,391977,391979,2,1
391976,391977,391979,2,1
391976,391977,391979,2,1
391976,391977,391980,3,1
391976,391977,391981,4,1
391976,391977,391980,3,1
391976,391977,391980,3,1
391976,391977,391980,3,1
391976,391977,391980,3,1
391976,391977,391980,3,1
391531,391532,391981,449,1
391976,391977,391980,3,1
391976,391977,391980,3,1
391976,391977,391980,3,1
391976,391977,391980,3,1
391976,391977,391980,3,1
391976,391977,391980,3,1
391976,391977,391980,3,1
391976,391977,391980,3,1
391976,391977,391980,3,1
391976,391977,391981,4,1
391990,391990,391992,2,0
391990,391990,391991,1,0
391990,391990,391991,1,0
391990,391990,391992,2,0
391990,391990,391992,2,0
391529,391530,391992,462,1
391990,391990,391992,2,0
391990,391990,391992,2,0
391990,391990,391992,2,0
391990,391990,391992,2,0
391990,391990,391992,2,0
391990,391990,391992,2,0
391990,391990,391992,2,0
391990,391990,391992,2,0
391990,391990,391992,2,0
391990,391990,391992,2,0
391990,391990,391992,2,0
391990,391990,391992,2,0
391990,391990,391992,2,0
391990,391990,391992,2,0
391990,391990,391992,2,0
391990,391990,391992,2,0
391990,391990,391992,2,0
391990,391990,391993,3,0
391990,391990,391993,3,0
391990,391991,391993,2,1
391990,391991,391993,2,1
391990,391991,391992,1,1
391990,391990,391993,3,0
391990,391990,391993,3,0
391990,391990,391993,3,0
391990,391990,391993,3,0
391990,391990,391993,3,0
391990,391990,391992,2,0
391990,391990,391992,2,0
391990,391990,391992,2,0
391990,391990,391993,3,0
391990,391990,391993,3,0
391990,391990,391992,2,0
391990,391990,391992,2,0
391990,391990,391992,2,0
391990,391990,391993,3,0
391990,391990,391993,3,0
391990,391990,391993,3,0
391990,391990,391993,3,0
391990,391990,391993,3,0
391990,391990,391992,2,0
391990,391990,391993,3,0
391990,391991,391994,3,1
391990,391991,391994,3,1
391990,391991,391993,2,1
391990,391990,391994,4,0
391990,391990,391994,4,0
391990,391990,391994,4,0
391990,391990,391994,4,0
391990,391990,391994,4,0
391990,391990,391994,4,0
391990,391990,391993,3,0
391990,391990,391993,3,0
391990,391990,391994,4,0
391990,391990,391994,4,0
391990,391990,391994,4,0
391564,391565,391995,430,1
392006,392007,392008,1,1
392006,392007,392008,1,1
392006,392007,392008,1,1
392006,392007,392008,1,1
392006,392007,392009,2,1
392006,392007,392008,1,1
392006,392007,392008,1,1
392006,392007,392008,1,1
392006,392007,392009,2,1
392006,392006,392008,2,0
392006,392007,392008,1,1
392006,392007,392008,1,1
392006,392007,392008,1,1
392006,392007,392008,1,1
392006,392007,392008,1,1
392006,392007,392008,1,1
392006,392007,392008,1,1
392006,392007,392008,1,1
392006,392007,392008,1,1
392006,392007,392008,1,1
392006,392007,392008,1,1
392006,392007,392008,1,1
392006,392007,392008,1,1
392006,392007,392009,2,1
392006,392007,392009,2,1
392006,392007,392009,2,1
392006,392007,392009,2,1
392006,392007,392009,2,1
392006,392007,392009,2,1
392006,392007,392009,2,1
392006,392007,392009,2,1
392006,392007,392009,2,1
392006,392007,392009,2,1
392006,392007,392009,2,1
392006,392007,392010,3,1
392006,392007,392009,2,1
392006,392007,392009,2,1
392006,392007,392009,2,1
392006,392007,392009,2,1
392006,392007,392010,3,1
392006,392007,392009,2,1
392006,392007,392009,2,1
392006,392007,392010,3,1
392006,392007,392010,3,1
392006,392007,392010,3,1
392006,392007,392010,3,1
392006,392007,392010,3,1
392006,392007,392010,3,1
392006,392007,392010,3,1
392006,392007,392010,3,1
392006,392007,392010,3,1
392006,392007,392010,3,1
392006,392007,392010,3,1
392006,392007,392010,3,1
392006,392007,392010,3,1
391619,391620,392011,391,1
391585,391586,392016,430,1
391602,391602,392016,414,0
392006,392017,392018,1,11
392006,392017,392018,1,11
392006,392017,392018,1,11
392006,392017,392018,1,11
392006,392017,392020,3,11
392006,392017,392019,2,11
392020,392020,392021,1,0
392020,392020,392022,2,0
392020,392020,392022,2,0
392020,392020,392022,2,0
392020,392020,392021,1,0
392020,392020,392021,1,0
392020,392020,392022,2,0
392020,392020,392021,1,0
392020,392020,392022,2,0
392020,392020,392021,1,0
392020,392020,392021,1,0
392020,392020,392022,2,0
392020,392020,392022,2,0
392020,392020,392022,2,0
392020,392020,392022,2,0
392020,392020,392022,2,0
392020,392020,392022,2,0
392020,392020,392021,1,0
392020,392020,392021,1,0
392020,392020,392021,1,0
392020,392020,392022,2,0
392020,392020,392022,2,0
392020,392020,392021,1,0
392020,392020,392022,2,0
392020,392020,392022,2,0
392020,392020,392022,2,0
392020,392020,392022,2,0
392020,392020,392023,3,0
392020,392020,392022,2,0
392020,392020,392023,3,0
392020,392020,392023,3,0
392020,392020,392022,2,0
392020,392020,392023,3,0
392020,392020,392022,2,0
392020,392020,392022,2,0
392020,392020,392023,3,0
392020,392020,392023,3,0
392020,392020,392022,2,0
392020,392020,392022,2,0
392020,392021,392022,1,1
392020,392020,392022,2,0
392020,392020,392023,3,0
392020,392020,392023,3,0
392020,392020,392023,3,0
392020,392020,392022,2,0
392020,392020,392023,3,0
392020,392020,392023,3,0
392020,392020,392022,2,0
392020,392020,392023,3,0
392020,392022,392024,2,2
392020,392022,392024,2,2
392020,392022,392024,2,2
392020,392020,392023,3,0
392020,392020,392023,3,0
392020,392022,392023,1,2
392020,392020,392024,4,0
392020,392020,392023,3,0
392020,392022,392023,1,2
392020,392022,392023,1,2
392020,392022,392024,2,2
392020,392022,392023,1,2
392020,392020,392023,3,0
392020,392020,392024,4,0
392020,392022,392024,2,2
392020,392022,392024,2,2
392020,392022,392024,2,2
392020,392022,392024,2,2
392020,392020,392024,4,0
392020,392020,392024,4,0
392020,392020,392023,3,0
392020,392020,392024,4,0
392020,392022,392024,2,2
392020,392022,392024,2,2
392020,392022,392024,2,2
392020,392020,392024,4,0
392020,392020,392023,3,0
392020,392022,392024,2,2
392020,392024,392025,1,4
392020,392024,392025,1,4
392020,392022,392025,3,2
392020,392022,392025,3,2
392020,392022,392025,3,2
392020,392022,392025,3,2
392020,392023,392025,2,3
392020,392023,392025,2,3
392020,392023,392025,2,3
392020,392022,392025,3,2
392020,392023,392025,2,3
392020,392022,392025,3,2
392020,392022,392025,3,2
392020,392023,392025,2,3
392020,392023,392025,2,3
392020,392023,392025,2,3
392020,392022,392026,4,2
392020,392022,392025,3,2
392020,392024,392026,2,4
392020,392024,392025,1,4
392020,392024,392026,2,4
392020,392023,392026,3,3
392020,392023,392026,3,3
392020,392024,392025,1,4
392020,392024,392025,1,4
392020,392023,392026,3,3
392020,392023,392026,3,3
392020,392024,392026,2,4
392020,392024,392026,2,4
392020,392024,392025,1,4
392020,392023,392026,3,3
392020,392023,392026,3,3
392020,392023,392026,3,3
392020,392023,392026,3,3
392020,392023,392026,3,3
392020,392023,392026,3,3
392020,392023,392025,2,3
392020,392022,392026,4,2
392020,392023,392026,3,3
392020,392023,392027,4,3
392020,392023,392026,3,3
392020,392023,392026,3,3
392020,392025,392028,3,5
392020,392025,392028,3,5
392020,392025,392028,3,5
392020,392025,392028,3,5
392053,392053,392054,1,0
392053,392053,392055,2,0
392053,392053,392054,1,0
392053,392053,392055,2,0
392053,392053,392055,2,0
392053,392053,392054,1,0
392053,392053,392055,2,0
392053,392053,392055,2,0
392053,392053,392055,2,0
392053,392053,392055,2,0
392053,392053,392055,2,0
392053,392053,392055,2,0
392053,392053,392055,2,0
392053,392053,392055,2,0
392053,392053,392055,2,0
392053,392053,392055,2,0
392053,392053,392055,2,0
392053,392053,392055,2,0
392053,392053,392055,2,0
392053,392053,392055,2,0
392053,392053,392054,1,0
392053,392053,392055,2,0
392053,392053,392055,2,0
392053,392053,392054,1,0
392053,392053,392055,2,0
392053,392053,392055,2,0
392053,392053,392056,3,0
392053,392053,392056,3,0
392053,392053,392056,3,0
392053,392053,392055,2,0
392053,392053,392055,2,0
392053,392053,392056,3,0
392053,392053,392056,3,0
392053,392053,392056,3,0
392053,392053,392056,3,0
392053,392053,392056,3,0
392053,392053,392056,3,0
392053,392053,392056,3,0
392053,392053,392056,3,0
392053,392053,392055,2,0
392053,392053,392056,3,0
392053,392053,392056,3,0
392053,392053,392056,3,0
392053,392053,392056,3,0
392053,392053,392056,3,0
392053,392053,392056,3,0
392053,392053,392057,4,0
392053,392053,392056,3,0
392053,392053,392057,4,0
392053,392053,392057,4,0
392053,392053,392056,3,0
392053,392053,392056,3,0
392053,392053,392056,3,0
392053,392053,392057,4,0
392053,392053,392057,4,0
392053,392053,392057,4,0
392053,392053,392057,4,0
392053,392053,392056,3,0
392053,392053,392057,4,0
392053,392064,392065,1,11
392053,392064,392065,1,11
392064,392065,392066,1,1
392064,392065,392066,1,1
392064,392065,392066,1,1
392064,392065,392066,1,1
392064,392065,392066,1,1
392064,392065,392066,1,1
392064,392065,392066,1,1
392064,392065,392066,1,1
392064,392065,392066,1,1
392064,392065,392066,1,1
392064,392065,392066,1,1
392064,392065,392066,1,1
392064,392065,392066,1,1
392064,392065,392067,2,1
392064,392065,392067,2,1
392064,392065,392066,1,1
392064,392065,392066,1,1
392064,392065,392066,1,1
392064,392065,392066,1,1
392064,392065,392066,1,1
392064,392065,392066,1,1
392064,392065,392066,1,1
392064,392065,392066,1,1
392064,392065,392067,2,1
392064,392065,392066,1,1
392064,392065,392066,1,1
392064,392065,392066,1,1
392064,392065,392067,2,1
392064,392065,392067,2,1
392064,392065,392067,2,1
392064,392065,392067,2,1
392064,392065,392068,3,1
392064,392065,392067,2,1
392064,392065,392067,2,1
392064,392065,392067,2,1
392064,392065,392068,3,1
392064,392065,392067,2,1
392064,392065,392068,3,1
392064,392065,392068,3,1
392064,392065,392067,2,1
392064,392065,392068,3,1
392064,392065,392068,3,1
392064,392065,392068,3,1
392064,392065,392068,3,1
392064,392065,392068,3,1
392064,392065,392068,3,1
392064,392065,392068,3,1
392064,392065,392068,3,1
392064,392065,392068,3,1
392064,392065,392068,3,1
392064,392065,392069,4,1
392064,392065,392068,3,1
392064,392065,392068,3,1
392064,392065,392068,3,1
392064,392065,392068,3,1
392064,392065,392068,3,1
392064,392080,392082,2,16
392064,392080,392081,1,16
392064,392080,392082,2,16
392064,392080,392084,4,16
392064,392080,392083,3,16
391653,391654,392085,431,1
392099,392100,392101,1,1
392099,392100,392101,1,1
392099,392100,392101,1,1
392099,392100,392101,1,1
392099,392100,392101,1,1
392099,392100,392101,1,1
392099,392100,392102,2,1
392099,392100,392102,2,1
392099,392100,392101,1,1
392099,392100,392101,1,1
392099,392100,392101,1,1
392099,392100,392101,1,1
392099,392100,392101,1,1
392099,392100,392101,1,1
392099,392100,392101,1,1
392099,392100,392101,1,1
392099,392100,392101,1,1
392099,392100,392101,1,1
392099,392100,392102,2,1
392099,392100,392101,1,1
392099,392100,392101,1,1
392099,392100,392101,1,1
392099,392100,392101,1,1
392099,392100,392102,2,1
392099,392100,392102,2,1
392099,392100,392101,1,1
392099,392100,392102,2,1
392099,392100,392102,2,1
392099,392100,392102,2,1
392099,392100,392102,2,1
392099,392100,392103,3,1
392099,392100,392102,2,1
392099,392100,392102,2,1
392099,392100,392103,3,1
392099,392100,392102,2,1
392099,392100,392102,2,1
392099,392100,392102,2,1
392099,392100,392102,2,1
392099,392100,392102,2,1
392099,392100,392103,3,1
392099,392100,392103,3,1
392099,392100,392103,3,1
392099,392100,392103,3,1
392099,392100,392103,3,1
392099,392100,392103,3,1
392099,392100,392103,3,1
392099,392100,392103,3,1
392099,392100,392103,3,1
392099,392100,392103,3,1
392099,392100,392103,3,1
392099,392100,392103,3,1
392099,392100,392103,3,1
392099,392100,392103,3,1
392099,392100,392104,4,1
392099,392100,392103,3,1
392099,392100,392103,3,1
392099,392100,392104,4,1
392099,392100,392104,4,1
391650,391650,392115,465,0
392116,392117,392119,2,1
392116,392117,392118,1,1
392116,392117,392118,1,1
392116,392117,392118,1,1
392116,392117,392119,2,1
392116,392117,392119,2,1
392116,392117,392118,1,1
392116,392117,392118,1,1
392116,392117,392118,1,1
392116,392117,392118,1,1
392116,392117,392119,2,1
392116,392117,392118,1,1
392116,392117,392118,1,1
392116,392117,392118,1,1
392116,392117,392119,2,1
392116,392117,392119,2,1
392116,392117,392119,2,1
392116,392117,392118,1,1
392116,392117,392118,1,1
392116,392117,392118,1,1
392116,392117,392118,1,1
392116,392117,392118,1,1
392116,392117,392120,3,1
392116,392117,392119,2,1
392116,392117,392120,3,1
392116,392117,392120,3,1
392116,392117,392119,2,1
392116,392117,392119,2,1
392116,392119,392120,1,3
392116,392117,392120,3,1
392116,392117,392119,2,1
392116,392117,392119,2,1
392116,392119,392120,1,3
392116,392117,392120,3,1
392116,392117,392120,3,1
392116,392119,392120,1,3
392116,392117,392120,3,1
392116,392117,392119,2,1
392116,392117,392121,4,1
392116,392117,392121,4,1
392116,392117,392121,4,1
392116,392117,392120,3,1
392116,392117,392121,4,1
392116,392117,392121,4,1
392116,392117,392120,3,1
392116,392117,392121,4,1
392116,392117,392120,3,1
392116,392117,392120,3,1
392116,392117,392121,4,1
392116,392117,392120,3,1
392116,392117,392120,3,1
392116,392117,392121,4,1
392116,392117,392121,4,1
392116,392117,392120,3,1
392116,392117,392120,3,1
392116,392117,392120,3,1
392116,392117,392121,4,1
392116,392117,392121,4,1
392116,392117,392121,4,1
392099,392100,392104,4,1
392099,392100,392103,3,1
392099,392100,392103,3,1
392116,392126,392127,1,10
391683,391684,392134,450,1
391758,391759,392136,377,1
392136,392136,392138,2,0
392136,392136,392138,2,0
392136,392136,392138,2,0
392136,392136,392138,2,0
392136,392136,392138,2,0
392136,392136,392138,2,0
392136,392136,392138,2,0
392136,392136,392138,2,0
392136,392136,392138,2,0
392136,392136,392138,2,0
392136,392136,392138,2,0
392136,392136,392138,2,0
392136,392136,392138,2,0
392136,392136,392138,2,0
392136,392136,392138,2,0
392136,392136,392138,2,0
392136,392137,392138,1,1
392136,392136,392138,2,0
392136,392136,392138,2,0
392136,392136,392138,2,0
392136,392136,392138,2,0
391699,391700,392138,438,1
392136,392136,392138,2,0
392136,392136,392138,2,0
392136,392136,392138,2,0
392136,392136,392139,3,0
392136,392136,392139,3,0
392136,392136,392139,3,0
392136,392136,392138,2,0
392136,392136,392139,3,0
392136,392136,392138,2,0
392136,392136,392138,2,0
392136,392136,392139,3,0
392136,392136,392139,3,0
392136,392136,392139,3,0
392136,392136,392139,3,0
392136,392136,392138,2,0
392136,392136,392139,3,0
392136,392136,392139,3,0
392136,392136,392139,3,0
392136,392136,392138,2,0
392136,392136,392138,2,0
392136,392136,392139,3,0
392136,392136,392140,4,0
392136,392136,392140,4,0
392136,392136,392140,4,0
392136,392136,392139,3,0
392138,392138,392139,1,0
392138,392138,392140,2,0
392138,392138,392140,2,0
392136,392136,392140,4,0
392136,392136,392139,3,0
392138,392138,392139,1,0
392138,392138,392140,2,0
392136,392136,392140,4,0
392136,392136,392140,4,0
392138,392138,392140,2,0
392138,392138,392140,2,0
392138,392138,392139,1,0
392136,392136,392140,4,0
392136,392136,392140,4,0
392138,392138,392139,1,0
392138,392138,392140,2,0
392138,392138,392140,2,0
392138,392138,392140,2,0
392136,392136,392140,4,0
392136,392136,392140,4,0
392138,392138,392140,2,0
392138,392138,392140,2,0
392138,392138,392140,2,0
392136,392136,392139,3,0
392136,392136,392140,4,0
392136,392136,392140,4,0
392138,392138,392140,2,0
392138,392138,392140,2,0
392138,392138,392140,2,0
392136,392136,392140,4,0
392136,392136,392141,5,0
392138,392138,392141,3,0
392116,392117,392142,25,1
392138,392139,392141,2,1
392138,392139,392142,3,1
392138,392139,392142,3,1
392138,392139,392142,3,1
392138,392140,392142,2,2
392138,392140,392142,2,2
392138,392140,392142,2,2
392138,392139,392142,3,1
392138,392140,392142,2,2
392138,392140,392142,2,2
392138,392141,392142,1,3
392138,392141,392142,1,3
392138,392140,392142,2,2
392138,392141,392142,1,3
392138,392141,392142,1,3
392138,392141,392142,1,3
392138,392139,392142,3,1
392138,392141,392142,1,3
392138,392141,392142,1,3
392140,392141,392142,1,1
392140,392141,392142,1,1
392138,392139,392142,3,1
392138,392139,392142,3,1
392140,392141,392142,1,1
392140,392141,392142,1,1
392140,392141,392142,1,1
392140,392141,392142,1,1
392138,392139,392142,3,1
392138,392139,392142,3,1
392138,392139,392142,3,1
392140,392141,392142,1,1
392140,392141,392142,1,1
392140,392142,392143,1,2
392138,392139,392143,4,1
392138,392139,392142,3,1
392140,392141,392142,1,1
392140,392141,392142,1,1
392140,392141,392142,1,1
392140,392141,392142,1,1
392140,392141,392142,1,1
392138,392139,392142,3,1
392138,392139,392142,3,1
392138,392140,392143,3,2
392138,392140,392142,2,2
392138,392140,392143,3,2
392138,392140,392143,3,2
392138,392139,392143,4,1
392138,392139,392143,4,1
392138,392139,392143,4,1
392138,392139,392143,4,1
392138,392141,392143,2,3
392138,392141,392143,2,3
392140,392141,392143,2,1
392138,392139,392143,4,1
392138,392139,392143,4,1
392140,392142,392144,2,2
392140,392142,392144,2,2
392140,392143,392144,1,3
392140,392143,392144,1,3
392138,392140,392144,4,2
392140,392143,392144,1,3
392140,392143,392144,1,3
392140,392143,392144,1,3
392140,392143,392144,1,3
392140,392143,392145,2,3
392140,392143,392145,2,3
392140,392143,392145,2,3
392140,392143,392144,1,3
392140,392143,392144,1,3
392140,392142,392145,3,2
392140,392142,392145,3,2
392140,392142,392145,3,2
392140,392143,392144,1,3
392140,392143,392144,1,3
392140,392143,392145,2,3
392140,392143,392146,3,3
392140,392143,392146,3,3
392140,392143,392146,3,3
392140,392143,392145,2,3
392140,392143,392146,3,3
392140,392143,392145,2,3
392140,392143,392145,2,3
392140,392143,392145,2,3
392140,392143,392145,2,3
392140,392143,392145,2,3
392140,392143,392145,2,3
392140,392143,392145,2,3
392140,392143,392145,2,3
392140,392143,392145,2,3
392140,392142,392146,4,2
392140,392142,392146,4,2
392140,392143,392146,3,3
392140,392143,392146,3,3
392140,392143,392146,3,3
392140,392143,392146,3,3
392140,392143,392146,3,3
392140,392143,392146,3,3
392140,392143,392146,3,3
392140,392143,392146,3,3
392140,392143,392146,3,3
392140,392143,392146,3,3
392136,392136,392146,10,0
392136,392136,392144,8,0
392138,392139,392144,5,1
392140,392157,392158,1,17
391740,391741,392235,494,1
392236,392236,392238,2,0
392236,392236,392238,2,0
392236,392236,392237,1,0
392236,392236,392237,1,0
392236,392236,392237,1,0
392236,392237,392238,1,1
392236,392236,392238,2,0
392236,392236,392238,2,0
392236,392236,392238,2,0
392236,392236,392238,2,0
392236,392236,392238,2,0
392236,392236,392238,2,0
392236,392236,392238,2,0
392236,392236,392238,2,0
392236,392236,392238,2,0
392236,392236,392238,2,0
392236,392236,392238,2,0
392236,392236,392238,2,0
392236,392236,392238,2,0
392236,392236,392238,2,0
392236,392236,392238,2,0
392236,392236,392238,2,0
392236,392236,392238,2,0
392236,392236,392238,2,0
392236,392236,392238,2,0
392236,392237,392239,2,1
392236,392236,392238,2,0
392236,392236,392239,3,0
392236,392236,392239,3,0
392236,392236,392239,3,0
392236,392236,392239,3,0
392236,392236,392239,3,0
392236,392236,392238,2,0
392236,392236,392239,3,0
392236,392236,392239,3,0
392236,392236,392239,3,0
392236,392236,392238,2,0
392236,392236,392239,3,0
392236,392236,392239,3,0
392236,392236,392239,3,0
392236,392236,392238,2,0
392236,392237,392240,3,1
392236,392236,392240,4,0
392236,392236,392240,4,0
392236,392236,392239,3,0
392236,392236,392240,4,0
392236,392236,392240,4,0
392236,392236,392240,4,0
392236,392236,392240,4,0
392236,392236,392240,4,0
392236,392236,392239,3,0
392236,392236,392240,4,0
392236,392236,392240,4,0
392236,392236,392240,4,0
392236,392236,392240,4,0
392236,392236,392240,4,0
392236,392236,392240,4,0
392236,392236,392240,4,0
392236,392237,392240,3,1
392236,392237,392240,3,1
392236,392236,392241,5,0
391830,391832,392257,425,2
391804,391805,392257,452,1
392258,392259,392260,1,1
392258,392259,392261,2,1
392258,392259,392261,2,1
392258,392259,392261,2,1
392258,392259,392260,1,1
392258,392259,392261,2,1
392258,392259,392261,2,1
392258,392259,392261,2,1
392258,392259,392261,2,1
392258,392259,392260,1,1
392258,392259,392260,1,1
392258,392259,392261,2,1
392258,392259,392260,1,1
392258,392259,392260,1,1
392258,392259,392261,2,1
392258,392259,392260,1,1
392258,392259,392260,1,1
392258,392259,392260,1,1
392258,392259,392261,2,1
392258,392259,392261,2,1
392258,392259,392261,2,1
392258,392259,392261,2,1
392258,392259,392260,1,1
392258,392259,392260,1,1
392258,392259,392261,2,1
392258,392259,392261,2,1
392258,392259,392261,2,1
392258,392259,392261,2,1
392258,392259,392262,3,1
392258,392259,392261,2,1
392258,392259,392261,2,1
392259,392260,392261,1,1
392258,392259,392262,3,1
392258,392259,392262,3,1
392258,392259,392261,2,1
392258,392259,392261,2,1
392258,392259,392262,3,1
392258,392259,392262,3,1
392258,392259,392261,2,1
392258,392259,392262,3,1
392258,392259,392262,3,1
392258,392259,392262,3,1
392258,392259,392261,2,1
392258,392259,392262,3,1
392258,392259,392261,2,1
392258,392259,392262,3,1
392259,392261,392262,1,2
392259,392261,392263,2,2
392259,392261,392263,2,2
392258,392259,392262,3,1
392259,392261,392263,2,2
392259,392261,392262,1,2
392258,392259,392262,3,1
392258,392259,392262,3,1
392259,392261,392263,2,2
392259,392261,392262,1,2
392258,392259,392262,3,1
392258,392259,392262,3,1
392259,392261,392263,2,2
392259,392261,392262,1,2
392259,392261,392262,1,2
392258,392259,392263,4,1
392258,392259,392262,3,1
392259,392261,392263,2,2
392259,392261,392263,2,2
392259,392261,392263,2,2
392258,392259,392263,4,1
392258,392259,392262,3,1
392258,392259,392263,4,1
392258,392259,392263,4,1
392259,392261,392263,2,2
392258,392259,392263,4,1
392258,392259,392263,4,1
392259,392261,392263,2,2
392259,392261,392262,1,2
392258,392259,392263,4,1
392258,392259,392263,4,1
392258,392259,392263,4,1
392258,392259,392263,4,1
392259,392261,392264,3,2
392259,392261,392264,3,2
392259,392261,392264,3,2
392259,392261,392264,3,2
392259,392261,392264,3,2
392259,392261,392263,2,2
392259,392261,392264,3,2
392259,392263,392264,1,4
392259,392262,392265,3,3
392259,392263,392265,2,4
392259,392263,392265,2,4
392259,392263,392265,2,4
392259,392261,392264,3,2
392259,392262,392265,3,3
392259,392263,392264,1,4
392259,392263,392264,1,4
392259,392262,392265,3,3
392259,392263,392264,1,4
392259,392263,392264,1,4
392259,392263,392264,1,4
392259,392263,392264,1,4
392259,392263,392265,2,4
392259,392263,392265,2,4
392259,392263,392265,2,4
392259,392261,392265,4,2
392259,392261,392265,4,2
392259,392261,392264,3,2
392259,392262,392265,3,3
392259,392262,392265,3,3
392259,392262,392264,2,3
392259,392262,392265,3,3
392259,392262,392265,3,3
392259,392262,392265,3,3
392259,392262,392264,2,3
392259,392262,392264,2,3
392259,392262,392265,3,3
392259,392262,392265,3,3
392259,392263,392265,2,4
392259,392263,392265,2,4
392259,392263,392265,2,4
392259,392263,392265,2,4
392259,392262,392266,4,3
392259,392262,392265,3,3
392259,392262,392265,3,3
392259,392262,392266,4,3
391828,391828,392267,439,0
392280,392280,392282,2,0
392280,392280,392282,2,0
392280,392280,392282,2,0
392280,392280,392282,2,0
392280,392280,392282,2,0
392280,392280,392282,2,0
392280,392280,392282,2,0
392280,392280,392282,2,0
392280,392280,392282,2,0
392280,392280,392282,2,0
392280,392280,392282,2,0
392280,392280,392282,2,0
392280,392280,392282,2,0
392280,392280,392282,2,0
392280,392280,392282,2,0
392280,392280,392282,2,0
392280,392280,392282,2,0
392280,392280,392282,2,0
392280,392281,392282,1,1
392280,392280,392282,2,0
392280,392280,392282,2,0
392280,392280,392282,2,0
392280,392280,392283,3,0
392280,392280,392283,3,0
392280,392280,392283,3,0
392280,392280,392283,3,0
392280,392280,392283,3,0
392280,392280,392283,3,0
392280,392282,392283,1,2
392280,392280,392283,3,0
392280,392280,392283,3,0
392280,392280,392283,3,0
392280,392280,392283,3,0
392280,392280,392283,3,0
392280,392280,392283,3,0
392280,392280,392283,3,0
392280,392280,392283,3,0
392280,392280,392283,3,0
392280,392280,392283,3,0
392280,392281,392283,2,1
392280,392280,392284,4,0
392280,392280,392284,4,0
392280,392280,392283,3,0
392280,392280,392284,4,0
392280,392280,392284,4,0
392280,392280,392284,4,0
392280,392280,392284,4,0
392280,392280,392284,4,0
392280,392280,392284,4,0
392280,392280,392284,4,0
392280,392280,392284,4,0
392280,392280,392284,4,0
392280,392280,392284,4,0
392280,392280,392284,4,0
392280,392280,392284,4,0
392280,392280,392284,4,0
392280,392280,392284,4,0
392280,392280,392284,4,0
392280,392280,392284,4,0
392280,392280,392284,4,0
392280,392280,392285,5,0
392280,392280,392285,5,0
391870,391871,392312,441,1
392314,392315,392316,1,1
392314,392315,392317,2,1
392314,392315,392316,1,1
392314,392315,392317,2,1
392314,392315,392317,2,1
392314,392315,392316,1,1
392314,392315,392316,1,1
392314,392315,392316,1,1
392314,392315,392317,2,1
392314,392315,392316,1,1
392314,392315,392317,2,1
392314,392315,392316,1,1
392314,392315,392316,1,1
392314,392315,392316,1,1
392314,392315,392316,1,1
392314,392315,392316,1,1
392314,392315,392316,1,1
392314,392315,392316,1,1
392314,392315,392317,2,1
392314,392315,392316,1,1
392314,392315,392317,2,1
392314,392315,392317,2,1
392314,392315,392317,2,1
392314,392315,392317,2,1
392314,392315,392317,2,1
392314,392315,392317,2,1
392314,392315,392317,2,1
392314,392315,392317,2,1
392314,392315,392317,2,1
392314,392315,392317,2,1
392314,392315,392317,2,1
392314,392315,392317,2,1
392314,392315,392317,2,1
392314,392315,392318,3,1
392314,392315,392317,2,1
392314,392315,392318,3,1
392314,392315,392317,2,1
392314,392315,392318,3,1
392314,392315,392319,4,1
392314,392315,392318,3,1
392314,392315,392318,3,1
392314,392315,392319,4,1
392314,392315,392318,3,1
392314,392315,392318,3,1
391917,391918,392318,400,1
392314,392315,392318,3,1
392314,392315,392318,3,1
392314,392315,392318,3,1
392314,392315,392318,3,1
392314,392315,392318,3,1
392314,392315,392318,3,1
392314,392315,392319,4,1
392314,392315,392318,3,1
392314,392315,392318,3,1
392314,392315,392318,3,1
392314,392315,392319,4,1
392314,392315,392318,3,1
392314,392315,392319,4,1
392314,392315,392318,3,1
392314,392315,392318,3,1
392314,392315,392318,3,1
392314,392315,392319,4,1
392334,392335,392336,1,1
392334,392335,392337,2,1
392334,392335,392336,1,1
392334,392335,392337,2,1
392334,392335,392336,1,1
392334,392335,392336,1,1
392334,392335,392336,1,1
392334,392335,392336,1,1
392334,392335,392337,2,1
392334,392335,392337,2,1
392334,392335,392337,2,1
392334,392335,392336,1,1
392334,392335,392337,2,1
392334,392335,392336,1,1
392334,392335,392336,1,1
392334,392335,392336,1,1
392334,392335,392336,1,1
392334,392335,392337,2,1
392334,392335,392337,2,1
392334,392335,392337,2,1
392334,392336,392337,1,2
392334,392335,392337,2,1
392334,392335,392338,3,1
392334,392335,392337,2,1
392334,392335,392337,2,1
392334,392335,392337,2,1
392334,392335,392337,2,1
392334,392335,392337,2,1
392334,392335,392337,2,1
392334,392335,392337,2,1
392334,392335,392337,2,1
392334,392335,392337,2,1
392334,392335,392338,3,1
392334,392335,392337,2,1
392334,392335,392338,3,1
392334,392335,392338,3,1
392334,392335,392337,2,1
392334,392335,392337,2,1
392334,392335,392338,3,1
392334,392335,392337,2,1
392334,392335,392338,3,1
392334,392335,392339,4,1
392334,392335,392338,3,1
392334,392335,392338,3,1
392334,392335,392339,4,1
392334,392335,392338,3,1
392334,392335,392338,3,1
392334,392335,392338,3,1
392334,392335,392338,3,1
392334,392335,392338,3,1
392334,392335,392338,3,1
392334,392335,392338,3,1
392334,392335,392338,3,1
392334,392335,392339,4,1
392334,392335,392338,3,1
392334,392335,392339,4,1
392334,392335,392338,3,1
392334,392335,392339,4,1
391905,391906,392347,441,1
392350,392350,392352,2,0
392350,392350,392352,2,0
392350,392350,392352,2,0
392350,392350,392352,2,0
392350,392350,392352,2,0
392350,392350,392352,2,0
392350,392350,392352,2,0
392350,392350,392352,2,0
392350,392350,392352,2,0
392350,392350,392352,2,0
392350,392350,392352,2,0
392350,392350,392352,2,0
392350,392350,392352,2,0
392350,392350,392352,2,0
392350,392350,392352,2,0
392350,392350,392352,2,0
392350,392350,392352,2,0
392350,392350,392352,2,0
392350,392350,392353,3,0
392350,392351,392352,1,1
392350,392351,392353,2,1
392350,392351,392353,2,1
392350,392350,392353,3,0
392350,392350,392353,3,0
392350,392350,392353,3,0
392350,392350,392353,3,0
392350,392350,392353,3,0
392350,392350,392353,3,0
392350,392350,392353,3,0
392350,392350,392352,2,0
392350,392350,392352,2,0
392350,392352,392353,1,2
392350,392350,392353,3,0
392350,392350,392352,2,0
392350,392350,392352,2,0
392350,392350,392353,3,0
392350,392350,392353,3,0
392350,392350,392353,3,0
392350,392350,392353,3,0
392350,392351,392353,2,1
392350,392351,392354,3,1
392350,392351,392354,3,1
392350,392351,392353,2,1
392350,392350,392354,4,0
392350,392350,392354,4,0
392350,392350,392354,4,0
392350,392350,392353,3,0
392350,392350,392354,4,0
392350,392350,392354,4,0
392350,392350,392354,4,0
392350,392350,392354,4,0
392350,392350,392354,4,0
392350,392350,392354,4,0
392350,392353,392354,1,3
392350,392353,392354,1,3
392350,392350,392354,4,0
392350,392350,392354,4,0
392350,392352,392353,1,2
392350,392350,392354,4,0
392350,392350,392354,4,0
392350,392350,392354,4,0
392350,392350,392354,4,0
391956,391957,392355,398,1
392334,392336,392357,21,2
392334,392336,392364,28,2
392334,392336,392365,29,2
392368,392368,392370,2,0
392368,392368,392370,2,0
392368,392368,392370,2,0
392368,392368,392370,2,0
392368,392368,392370,2,0
392368,392368,392370,2,0
392368,392368,392370,2,0
392368,392368,392370,2,0
392368,392368,392370,2,0
392368,392368,392370,2,0
392368,392368,392370,2,0
392368,392368,392369,1,0
392368,392368,392370,2,0
392368,392368,392370,2,0
392368,392369,392370,1,1
392368,392368,392370,2,0
392368,392368,392370,2,0
392368,392368,392370,2,0
392368,392369,392370,1,1
392368,392368,392371,3,0
392368,392368,392371,3,0
392368,392368,392370,2,0
392368,392368,392370,2,0
392368,392368,392370,2,0
392368,392368,392371,3,0
392368,392368,392371,3,0
392368,392368,392371,3,0
392368,392368,392371,3,0
392368,392368,392370,2,0
392368,392368,392371,3,0
392368,392368,392371,3,0
392368,392368,392371,3,0
392368,392368,392371,3,0
392368,392368,392371,3,0
392368,392368,392371,3,0
392368,392368,392371,3,0
392368,392368,392371,3,0
392368,392368,392371,3,0
392368,392368,392371,3,0
392368,392369,392371,2,1
392368,392368,392371,3,0
392368,392368,392371,3,0
392368,392368,392371,3,0
392368,392369,392372,3,1
392368,392369,392372,3,1
392368,392369,392372,3,1
392368,392368,392372,4,0
392368,392368,392371,3,0
392368,392368,392371,3,0
392368,392368,392372,4,0
392368,392368,392372,4,0
392368,392368,392372,4,0
392368,392368,392372,4,0
392368,392368,392372,4,0
392368,392368,392371,3,0
392368,392368,392372,4,0
392368,392368,392372,4,0
392368,392368,392371,3,0
392368,392368,392372,4,0
392368,392368,392372,4,0
392368,392368,392372,4,0
391978,391979,392376,397,1
392391,392391,392392,1,0
392391,392391,392393,2,0
392391,392391,392392,1,0
392391,392391,392393,2,0
392391,392391,392392,1,0
392391,392391,392392,1,0
392391,392391,392393,2,0
392391,392391,392392,1,0
392391,392391,392393,2,0
392391,392391,392393,2,0
392391,392391,392392,1,0
392391,392391,392392,1,0
392391,392391,392392,1,0
392391,392391,392393,2,0
392391,392391,392392,1,0
392391,392391,392392,1,0
392391,392391,392393,2,0
392391,392391,392392,1,0
392391,392391,392392,1,0
392391,392391,392393,2,0
392391,392391,392393,2,0
392391,392391,392393,2,0
392391,392391,392394,3,0
392391,392391,392393,2,0
392391,392391,392394,3,0
392391,392391,392393,2,0
392391,392391,392394,3,0
392391,392391,392394,3,0
392391,392391,392393,2,0
392391,392391,392394,3,0
392391,392391,392393,2,0
392391,392391,392393,2,0
392391,392391,392394,3,0
392391,392391,392393,2,0
392391,392391,392394,3,0
392391,392391,392394,3,0
392391,392391,392395,4,0
392391,392391,392395,4,0
392391,392391,392394,3,0
392391,392391,392394,3,0
392391,392391,392394,3,0
392391,392391,392394,3,0
392391,392391,392394,3,0
392391,392391,392394,3,0
392391,392391,392394,3,0
392391,392391,392394,3,0
392391,392391,392394,3,0
392391,392391,392395,4,0
392391,392391,392394,3,0
392391,392391,392394,3,0
392391,392398,392399,1,7
392391,392398,392399,1,7
392391,392398,392400,2,7
392391,392398,392401,3,7
392391,392398,392401,3,7
392391,392398,392400,2,7
392391,392412,392413,1,21
392391,392412,392413,1,21
392391,392412,392415,3,21
392391,392412,392414,2,21
392391,392412,392414,2,21
392007,392008,392419,411,1
392427,392428,392429,1,1
392427,392428,392430,2,1
392427,392428,392429,1,1
392427,392428,392429,1,1
392427,392428,392429,1,1
392427,392428,392429,1,1
392427,392428,392429,1,1
392427,392428,392429,1,1
392427,392428,392429,1,1
392427,392428,392430,2,1
392427,392428,392429,1,1
392427,392428,392429,1,1
392427,392428,392429,1,1
392427,392428,392429,1,1
392427,392428,392429,1,1
392427,392428,392429,1,1
392427,392428,392429,1,1
392427,392428,392429,1,1
392427,392428,392429,1,1
392427,392428,392429,1,1
392427,392428,392429,1,1
392427,392428,392429,1,1
392427,392428,392430,2,1
392427,392428,392430,2,1
392427,392428,392430,2,1
392427,392428,392430,2,1
392427,392428,392430,2,1
392427,392428,392430,2,1
392427,392428,392430,2,1
392427,392428,392431,3,1
392427,392428,392430,2,1
392427,392428,392430,2,1
392427,392428,392431,3,1
392427,392428,392430,2,1
392427,392428,392430,2,1
392427,392428,392430,2,1
392427,392428,392431,3,1
392427,392428,392430,2,1
392427,392428,392431,3,1
392427,392428,392430,2,1
392427,392428,392430,2,1
392427,392428,392430,2,1
392427,392428,392431,3,1
392427,392428,392431,3,1
392427,392428,392432,4,1
392427,392428,392431,3,1
392427,392428,392431,3,1
392427,392428,392431,3,1
392427,392428,392431,3,1
392427,392428,392431,3,1
392427,392428,392431,3,1
392427,392428,392431,3,1
392427,392428,392431,3,1
392427,392428,392431,3,1
392427,392428,392431,3,1
392427,392428,392431,3,1
392427,392428,392431,3,1
392427,392428,392431,3,1
392427,392428,392431,3,1
392427,392428,392432,4,1
392427,392428,392432,4,1
391991,391992,392447,455,1
392449,392450,392452,2,1
392449,392450,392452,2,1
392449,392450,392452,2,1
392449,392450,392452,2,1
392449,392450,392452,2,1
392449,392450,392452,2,1
392449,392450,392451,1,1
392449,392450,392451,1,1
392449,392450,392452,2,1
392449,392450,392452,2,1
392449,392450,392452,2,1
392449,392450,392452,2,1
392449,392450,392452,2,1
392449,392450,392452,2,1
392449,392450,392451,1,1
392449,392450,392452,2,1
392449,392450,392452,2,1
392449,392450,392452,2,1
392449,392450,392452,2,1
392449,392450,392452,2,1
392449,392450,392451,1,1
392449,392450,392451,1,1
392449,392450,392451,1,1
392449,392450,392452,2,1
392449,392450,392451,1,1
392449,392450,392452,2,1
392449,392450,392453,3,1
392449,392450,392453,3,1
392449,392450,392453,3,1
392449,392450,392452,2,1
392449,392450,392452,2,1
392449,392450,392453,3,1
392449,392450,392453,3,1
392449,392450,392453,3,1
392449,392450,392453,3,1
392449,392450,392452,2,1
392449,392450,392452,2,1
392449,392450,392452,2,1
392449,392450,392453,3,1
392449,392450,392452,2,1
392449,392450,392453,3,1
392449,392450,392453,3,1
392449,392450,392453,3,1
392449,392450,392453,3,1
392449,392450,392453,3,1
392449,392450,392453,3,1
392449,392450,392453,3,1
392449,392450,392454,4,1
392449,392450,392453,3,1
392449,392450,392453,3,1
392449,392450,392453,3,1
392449,392450,392453,3,1
392449,392450,392453,3,1
392449,392450,392453,3,1
392449,392450,392454,4,1
392449,392450,392453,3,1
392449,392450,392453,3,1
392449,392450,392454,4,1
392449,392454,392456,2,5
392449,392454,392457,3,5
392449,392454,392457,3,5
392021,392024,392461,437,3
392471,392471,392473,2,0
392471,392471,392473,2,0
392471,392471,392473,2,0
392471,392471,392473,2,0
392471,392471,392473,2,0
392471,392471,392473,2,0
392471,392471,392473,2,0
392471,392471,392473,2,0
392471,392471,392472,1,0
392471,392471,392473,2,0
392471,392471,392473,2,0
392471,392471,392473,2,0
392471,392471,392473,2,0
392471,392471,392473,2,0
392471,392471,392473,2,0
392471,392471,392473,2,0
392471,392471,392473,2,0
392471,392471,392473,2,0
392471,392471,392473,2,0
392471,392471,392473,2,0
392471,392471,392473,2,0
392471,392471,392473,2,0
392471,392471,392473,2,0
392471,392471,392473,2,0
392471,392471,392473,2,0
392471,392471,392473,2,0
392471,392471,392473,2,0
392471,392471,392473,2,0
392471,392471,392474,3,0
392471,392471,392474,3,0
392471,392471,392474,3,0
392471,392471,392474,3,0
392471,392471,392474,3,0
392471,392471,392474,3,0
392471,392471,392474,3,0
392471,392471,392473,2,0
392471,392471,392474,3,0
392471,392471,392474,3,0
392471,392471,392473,2,0
392471,392471,392474,3,0
392471,392471,392474,3,0
392471,392471,392474,3,0
392471,392471,392474,3,0
392471,392471,392473,2,0
392471,392471,392474,3,0
392471,392471,392474,3,0
392471,392471,392474,3,0
392471,392471,392474,3,0
392471,392471,392474,3,0
392471,392471,392474,3,0
392471,392471,392474,3,0
392471,392471,392475,4,0
392471,392471,392474,3,0
392471,392471,392475,4,0
392471,392471,392475,4,0
392471,392471,392474,3,0
392471,392471,392474,3,0
392471,392471,392475,4,0
392471,392471,392475,4,0
392471,392471,392475,4,0
392471,392471,392475,4,0
392055,392055,392508,453,0
392510,392510,392512,2,0
392510,392510,392512,2,0
392510,392510,392511,1,0
392510,392510,392511,1,0
392510,392510,392511,1,0
392510,392510,392512,2,0
392510,392510,392512,2,0
392510,392510,392512,2,0
392510,392510,392512,2,0
392510,392510,392512,2,0
392510,392510,392512,2,0
392510,392510,392512,2,0
392510,392510,392512,2,0
392510,392510,392512,2,0
392510,392510,392512,2,0
392510,392510,392512,2,0
392510,392510,392512,2,0
392510,392510,392512,2,0
392510,392510,392512,2,0
392510,392510,392511,1,0
392510,392510,392512,2,0
392510,392510,392511,1,0
392510,392510,392512,2,0
392510,392510,392512,2,0
392510,392510,392512,2,0
392510,392510,392512,2,0
392510,392510,392512,2,0
392510,392510,392513,3,0
392510,392510,392513,3,0
392510,392510,392512,2,0
392510,392510,392513,3,0
392510,392510,392512,2,0
392510,392510,392512,2,0
392510,392510,392513,3,0
392510,392510,392513,3,0
392510,392510,392513,3,0
392510,392510,392512,2,0
392510,392510,392512,2,0
392510,392510,392513,3,0
392510,392510,392513,3,0
392510,392510,392513,3,0
392510,392510,392513,3,0
392510,392510,392513,3,0
392510,392510,392513,3,0
392510,392510,392514,4,0
392510,392510,392513,3,0
392510,392510,392513,3,0
392510,392510,392513,3,0
392510,392510,392513,3,0
392510,392510,392513,3,0
392510,392510,392513,3,0
392510,392510,392513,3,0
392510,392510,392514,4,0
392510,392510,392514,4,0
392510,392510,392515,5,0
392066,392067,392518,451,1
392510,392517,392518,1,7
392510,392517,392518,1,7
392510,392517,392520,3,7
392510,392517,392520,3,7
392510,392517,392520,3,7
392520,392520,392522,2,0
392520,392520,392522,2,0
392520,392520,392522,2,0
392520,392520,392521,1,0
392520,392520,392521,1,0
392520,392520,392521,1,0
392520,392520,392522,2,0
392520,392520,392522,2,0
392520,392520,392522,2,0
392520,392520,392522,2,0
392520,392520,392522,2,0
392520,392520,392521,1,0
392520,392520,392522,2,0
392520,392520,392522,2,0
392520,392520,392521,1,0
392520,392520,392521,1,0
392520,392520,392521,1,0
392520,392520,392522,2,0
392520,392520,392522,2,0
392520,392520,392521,1,0
392520,392520,392521,1,0
392520,392520,392521,1,0
392520,392521,392522,1,1
392520,392521,392522,1,1
392520,392520,392522,2,0
392520,392520,392523,3,0
392520,392520,392522,2,0
392520,392520,392522,2,0
392520,392520,392522,2,0
392520,392520,392522,2,0
392520,392520,392522,2,0
392520,392520,392523,3,0
392520,392520,392523,3,0
392520,392520,392522,2,0
392520,392520,392523,3,0
392520,392520,392523,3,0
392520,392520,392522,2,0
392520,392520,392522,2,0
392520,392520,392523,3,0
392520,392520,392523,3,0
392520,392520,392522,2,0
392520,392520,392523,3,0
392520,392520,392523,3,0
392520,392520,392523,3,0
392520,392520,392523,3,0
392520,392520,392523,3,0
392520,392520,392524,4,0
392520,392522,392523,1,2
392520,392520,392523,3,0
392520,392520,392524,4,0
392520,392520,392524,4,0
392520,392520,392523,3,0
392520,392520,392524,4,0
392520,392520,392523,3,0
392520,392520,392523,3,0
392520,392520,392523,3,0
392520,392520,392523,3,0
392520,392520,392523,3,0
392080,392080,392538,458,0
392510,392510,392515,5,0
392520,392539,392540,1,19
392520,392539,392541,2,19
392520,392539,392542,3,19
392548,392548,392549,1,0
392548,392548,392549,1,0
392548,392548,392549,1,0
392548,392548,392550,2,0
392548,392548,392550,2,0
392548,392548,392550,2,0
392548,392548,392550,2,0
392548,392548,392550,2,0
392548,392548,392550,2,0
392548,392548,392550,2,0
392548,392548,392550,2,0
392548,392548,392549,1,0
392548,392548,392550,2,0
392548,392548,392550,2,0
392548,392548,392550,2,0
392548,392548,392549,1,0
392548,392548,392549,1,0
392548,392548,392550,2,0
392548,392548,392550,2,0
392548,392548,392550,2,0
392548,392548,392550,2,0
392548,392548,392550,2,0
392548,392548,392550,2,0
392548,392548,392550,2,0
392548,392548,392551,3,0
392548,392548,392551,3,0
392548,392548,392551,3,0
392548,392548,392551,3,0
392548,392548,392550,2,0
392548,392548,392551,3,0
392548,392548,392550,2,0
392548,392548,392550,2,0
392548,392548,392550,2,0
392548,392548,392551,3,0
392548,392548,392550,2,0
392548,392548,392551,3,0
392548,392548,392551,3,0
392548,392548,392550,2,0
392548,392548,392551,3,0
392548,392548,392551,3,0
392548,392548,392551,3,0
392548,392548,392551,3,0
392548,392548,392551,3,0
392548,392548,392550,2,0
392548,392548,392551,3,0
392548,392548,392552,4,0
392548,392548,392551,3,0
392548,392548,392551,3,0
392137,392138,392552,414,1
392548,392548,392551,3,0
392548,392548,392552,4,0
392548,392548,392552,4,0
392548,392548,392551,3,0
392548,392548,392551,3,0
392548,392548,392551,3,0
392548,392548,392551,3,0
392548,392548,392552,4,0
392548,392548,392552,4,0
392548,392548,392552,4,0
392548,392548,392551,3,0
392548,392548,392552,4,0
392548,392548,392551,3,0
392118,392119,392556,437,1
392559,392560,392561,1,1
392559,392560,392561,1,1
392559,392560,392561,1,1
392559,392560,392561,1,1
392559,392560,392561,1,1
392559,392560,392561,1,1
392559,392560,392562,2,1
392559,392560,392562,2,1
392559,392560,392561,1,1
392559,392560,392561,1,1
392559,392560,392561,1,1
392559,392560,392561,1,1
392559,392560,392561,1,1
392559,392560,392561,1,1
392559,392560,392561,1,1
392559,392560,392561,1,1
392559,392560,392561,1,1
392559,392560,392562,2,1
392559,392560,392562,2,1
392559,392560,392561,1,1
392559,392560,392561,1,1
392559,392560,392561,1,1
392559,392560,392562,2,1
392559,392560,392562,2,1
392559,392560,392561,1,1
392559,392560,392561,1,1
392559,392560,392561,1,1
392559,392560,392562,2,1
392559,392560,392563,3,1
392559,392560,392562,2,1
392559,392560,392562,2,1
392559,392560,392563,3,1
392559,392560,392563,3,1
392559,392560,392562,2,1
392559,392560,392562,2,1
392559,392560,392563,3,1
392559,392560,392562,2,1
392559,392560,392562,2,1
392559,392560,392562,2,1
392559,392560,392563,3,1
392559,392560,392562,2,1
392559,392560,392563,3,1
392559,392560,392563,3,1
392559,392560,392563,3,1
392559,392560,392563,3,1
392559,392560,392563,3,1
392559,392560,392563,3,1
392559,392560,392563,3,1
392559,392560,392563,3,1
392559,392560,392563,3,1
392559,392560,392564,4,1
392559,392560,392563,3,1
392559,392560,392563,3,1
392559,392560,392563,3,1
392559,392560,392563,3,1
392559,392560,392563,3,1
392101,392102,392573,471,1
392142,392144,392575,431,2
392574,392575,392576,1,1
392574,392575,392576,1,1
392574,392575,392577,2,1
392574,392575,392576,1,1
392574,392575,392577,2,1
392574,392575,392576,1,1
392574,392576,392577,1,2
392574,392575,392576,1,1
392574,392575,392576,1,1
392574,392575,392577,2,1
392574,392575,392577,2,1
392574,392575,392577,2,1
392574,392575,392576,1,1
392574,392575,392576,1,1
392574,392575,392576,1,1
392574,392575,392577,2,1
392574,392575,392576,1,1
392574,392575,392576,1,1
392574,392575,392577,2,1
392574,392575,392576,1,1
392574,392575,392577,2,1
392574,392575,392576,1,1
392574,392575,392576,1,1
392574,392575,392576,1,1
392574,392575,392578,3,1
392574,392575,392577,2,1
392574,392575,392577,2,1
392574,392575,392577,2,1
392574,392575,392577,2,1
392574,392575,392577,2,1
392574,392575,392577,2,1
392574,392577,392578,1,3
392574,392575,392578,3,1
392574,392575,392577,2,1
392574,392575,392577,2,1
392574,392577,392578,1,3
392574,392575,392578,3,1
392574,392575,392577,2,1
392574,392575,392577,2,1
392574,392575,392578,3,1
392574,392575,392577,2,1
392574,392575,392578,3,1
392574,392575,392579,4,1
392574,392575,392578,3,1
392574,392575,392579,4,1
392574,392575,392579,4,1
392574,392575,392578,3,1
392574,392575,392578,3,1
392574,392575,392579,4,1
392574,392575,392579,4,1
392574,392575,392578,3,1
392574,392577,392578,1,3
392577,392577,392578,1,0
392577,392577,392578,1,0
392574,392575,392578,3,1
392577,392577,392578,1,0
392577,392577,392578,1,0
392577,392577,392578,1,0
392574,392575,392578,3,1
392574,392575,392579,4,1
392574,392575,392578,3,1
392577,392577,392578,1,0
392577,392577,392578,1,0
392577,392577,392578,1,0
392577,392577,392578,1,0
392574,392575,392578,3,1
392577,392577,392578,1,0
392577,392577,392578,1,0
392574,392575,392579,4,1
392574,392575,392579,4,1
392577,392577,392578,1,0
392577,392577,392579,2,0
392577,392577,392578,1,0
392577,392577,392578,1,0
392574,392575,392579,4,1
392574,392575,392579,4,1
392577,392577,392579,2,0
392577,392577,392579,2,0
392577,392577,392578,1,0
392577,392577,392579,2,0
392577,392578,392579,1,1
392577,392579,392580,1,2
392577,392578,392581,3,1
392577,392578,392581,3,1
392577,392579,392581,2,2
392577,392578,392581,3,1
392577,392578,392581,3,1
392577,392579,392581,2,2
392577,392579,392581,2,2
392577,392579,392581,2,2
392577,392579,392580,1,2
392577,392578,392581,3,1
392577,392579,392581,2,2
392577,392579,392581,2,2
392577,392579,392581,2,2
392577,392578,392581,3,1
392577,392578,392581,3,1
392577,392578,392581,3,1
392577,392578,392581,3,1
392577,392579,392581,2,2
392577,392579,392581,2,2
392577,392579,392581,2,2
392577,392579,392581,2,2
392577,392579,392581,2,2
392577,392579,392580,1,2
392577,392579,392581,2,2
392577,392579,392581,2,2
392577,392579,392581,2,2
392577,392578,392581,3,1
392577,392579,392581,2,2
392577,392579,392581,2,2
392577,392579,392581,2,2
392577,392579,392580,1,2
392577,392579,392581,2,2
392577,392579,392581,2,2
392577,392579,392581,2,2
392577,392578,392581,3,1
392577,392578,392581,3,1
392577,392579,392581,2,2
392577,392579,392581,2,2
392577,392579,392581,2,2
392577,392579,392581,2,2
392577,392579,392581,2,2
392577,392578,392581,3,1
392577,392579,392581,2,2
392577,392579,392581,2,2
392577,392580,392581,1,3
392577,392578,392581,3,1
392577,392579,392582,3,2
392577,392579,392581,2,2
392577,392579,392581,2,2
392577,392578,392581,3,1
392577,392578,392581,3,1
392577,392578,392581,3,1
392577,392579,392581,2,2
392577,392579,392581,2,2
392577,392579,392582,3,2
392577,392579,392582,3,2
392577,392580,392582,2,3
392577,392582,392583,1,5
392577,392581,392583,2,4
392577,392581,392582,1,4
392577,392581,392583,2,4
392577,392581,392583,2,4
392577,392582,392583,1,5
392577,392582,392583,1,5
392577,392582,392583,1,5
392577,392582,392583,1,5
392577,392582,392583,1,5
392577,392582,392583,1,5
392577,392582,392583,1,5
392559,392581,392583,2,22
392559,392581,392583,2,22
392559,392581,392583,2,22
392577,392582,392583,1,5
392577,392582,392583,1,5
392577,392582,392583,1,5
392577,392582,392584,2,5
392577,392582,392585,3,5
392577,392582,392584,2,5
392577,392582,392584,2,5
392577,392582,392584,2,5
392577,392582,392584,2,5
392577,392582,392585,3,5
392577,392582,392584,2,5
392577,392582,392584,2,5
392577,392582,392584,2,5
392577,392582,392584,2,5
392577,392582,392584,2,5
392577,392582,392584,2,5
392577,392582,392584,2,5
392559,392581,392584,3,22
392559,392581,392584,3,22
392577,392581,392585,4,4
392577,392581,392585,4,4
392577,392581,392585,4,4
392577,392581,392585,4,4
392577,392581,392585,4,4
392577,392581,392585,4,4
392577,392581,392584,3,4
392577,392582,392585,3,5
392577,392582,392585,3,5
392577,392582,392585,3,5
392577,392582,392585,3,5
392577,392582,392585,3,5
392577,392582,392585,3,5
392577,392582,392585,3,5
392577,392581,392586,5,4
392577,392581,392586,5,4
392139,392141,392604,463,2
392611,392612,392614,2,1
392611,392612,392614,2,1
392611,392612,392613,1,1
392611,392612,392613,1,1
392611,392612,392613,1,1
392611,392612,392614,2,1
392611,392612,392613,1,1
392611,392612,392614,2,1
392611,392612,392613,1,1
392611,392612,392614,2,1
392611,392612,392614,2,1
392611,392612,392613,1,1
392611,392612,392614,2,1
392611,392612,392613,1,1
392611,392612,392613,1,1
392611,392612,392614,2,1
392611,392612,392613,1,1
392611,392612,392614,2,1
392611,392612,392614,2,1
392611,392612,392614,2,1
392611,392612,392614,2,1
392611,392612,392614,2,1
392611,392612,392613,1,1
392611,392612,392614,2,1
392611,392612,392615,3,1
392611,392612,392614,2,1
392611,392612,392614,2,1
392611,392612,392614,2,1
392611,392612,392615,3,1
392611,392612,392614,2,1
392611,392612,392615,3,1
392611,392612,392614,2,1
392611,392612,392615,3,1
392611,392612,392615,3,1
392611,392612,392614,2,1
392611,392612,392615,3,1
392611,392612,392614,2,1
392611,392612,392614,2,1
392611,392612,392614,2,1
392611,392612,392615,3,1
392611,392612,392616,4,1
392611,392612,392616,4,1
392611,392612,392615,3,1
392611,392612,392616,4,1
392611,392612,392616,4,1
392611,392612,392616,4,1
392611,392612,392615,3,1
392611,392612,392615,3,1
392611,392612,392616,4,1
392611,392612,392615,3,1
392611,392612,392615,3,1
392611,392612,392616,4,1
392611,392612,392615,3,1
392611,392612,392615,3,1
392611,392612,392615,3,1
392611,392612,392616,4,1
392611,392612,392616,4,1
392611,392612,392615,3,1
392611,392612,392615,3,1
392611,392612,392615,3,1
392611,392612,392616,4,1
392237,392238,392687,449,1
392689,392689,392691,2,0
392689,392689,392691,2,0
392689,392689,392691,2,0
392689,392689,392691,2,0
392689,392689,392691,2,0
392689,392689,392691,2,0
392689,392689,392691,2,0
392689,392689,392691,2,0
392689,392689,392691,2,0
392689,392689,392691,2,0
392689,392689,392690,1,0
392689,392689,392691,2,0
392689,392689,392690,1,0
392689,392689,392691,2,0
392689,392689,392691,2,0
392689,392689,392691,2,0
392689,392689,392691,2,0
392689,392689,392691,2,0
392689,392689,392691,2,0
392689,392689,392691,2,0
392689,392689,392691,2,0
392689,392689,392691,2,0
392689,392689,392691,2,0
392689,392689,392691,2,0
392689,392689,392691,2,0
392689,392690,392691,1,1
392689,392690,392691,1,1
392689,392689,392692,3,0
392689,392689,392691,2,0
392689,392689,392691,2,0
392689,392689,392692,3,0
392689,392689,392691,2,0
392689,392689,392692,3,0
392689,392689,392691,2,0
392689,392689,392692,3,0
392689,392689,392692,3,0
392689,392689,392692,3,0
392689,392689,392692,3,0
392689,392689,392692,3,0
392689,392689,392692,3,0
392689,392689,392693,4,0
392689,392689,392692,3,0
392689,392689,392693,4,0
392689,392689,392693,4,0
392689,392689,392692,3,0
392689,392689,392693,4,0
392689,392689,392693,4,0
392689,392689,392692,3,0
392689,392689,392692,3,0
392689,392689,392693,4,0
392689,392689,392693,4,0
392689,392689,392693,4,0
392689,392689,392693,4,0
392689,392689,392693,4,0
392689,392689,392693,4,0
392689,392689,392692,3,0
392689,392689,392693,4,0
392689,392689,392693,4,0
392689,392689,392693,4,0
392689,392689,392693,4,0
392689,392689,392693,4,0
392282,392282,392715,433,0
392717,392718,392719,1,1
392717,392717,392719,2,0
392717,392717,392719,2,0
392717,392717,392719,2,0
392717,392717,392719,2,0
392717,392717,392719,2,0
392717,392717,392719,2,0
392717,392717,392719,2,0
392717,392717,392719,2,0
392717,392717,392719,2,0
392717,392717,392719,2,0
392717,392717,392719,2,0
392717,392717,392719,2,0
392717,392717,392719,2,0
392717,392717,392719,2,0
392717,392717,392719,2,0
392717,392717,392719,2,0
392717,392717,392719,2,0
392717,392717,392719,2,0
392717,392717,392719,2,0
392717,392717,392719,2,0
392717,392717,392719,2,0
392717,392717,392719,2,0
392717,392717,392719,2,0
392717,392717,392720,3,0
392717,392717,392720,3,0
392717,392717,392720,3,0
392717,392717,392719,2,0
392262,392263,392720,457,1
392717,392718,392720,2,1
392717,392718,392720,2,1
392717,392717,392720,3,0
392717,392717,392720,3,0
392717,392717,392720,3,0
392717,392717,392720,3,0
392717,392717,392720,3,0
392717,392717,392720,3,0
392717,392717,392720,3,0
392717,392717,392720,3,0
392717,392717,392720,3,0
392717,392717,392720,3,0
392717,392717,392720,3,0
392717,392717,392720,3,0
392717,392717,392721,4,0
392717,392717,392721,4,0
392717,392717,392721,4,0
392717,392717,392721,4,0
392717,392717,392721,4,0
392717,392717,392721,4,0
392717,392717,392721,4,0
392717,392717,392721,4,0
392717,392718,392721,3,1
392717,392717,392721,4,0
392717,392717,392721,4,0
392717,392717,392721,4,0
392717,392717,392721,4,0
392717,392718,392721,3,1
392717,392717,392721,4,0
392717,392717,392721,4,0
392717,392717,392721,4,0
392717,392717,392722,5,0
392717,392717,392721,4,0
392721,392721,392723,2,0
392721,392721,392723,2,0
392721,392721,392723,2,0
392721,392721,392723,2,0
392721,392721,392723,2,0
392721,392721,392723,2,0
392721,392722,392723,1,1
392721,392721,392723,2,0
392721,392721,392723,2,0
392721,392721,392723,2,0
392721,392722,392723,1,1
392721,392721,392723,2,0
392721,392721,392723,2,0
392721,392721,392723,2,0
392721,392721,392723,2,0
392721,392721,392723,2,0
392721,392721,392723,2,0
392721,392721,392723,2,0
392721,392721,392723,2,0
392721,392721,392723,2,0
392721,392722,392723,1,1
392721,392721,392724,3,0
392721,392721,392724,3,0
392721,392721,392723,2,0
392721,392721,392724,3,0
392721,392722,392724,2,1
392721,392721,392724,3,0
392721,392721,392724,3,0
392721,392721,392724,3,0
392721,392721,392724,3,0
392721,392722,392723,1,1
392721,392722,392724,2,1
392721,392722,392724,2,1
392721,392722,392724,2,1
392721,392721,392724,3,0
392721,392721,392723,2,0
392260,392263,392724,461,3
392721,392721,392724,3,0
392721,392721,392724,3,0
392721,392722,392724,2,1
392721,392721,392724,3,0
392721,392722,392724,2,1
392721,392721,392724,3,0
392721,392721,392725,4,0
392721,392721,392725,4,0
392721,392721,392725,4,0
392721,392721,392725,4,0
392721,392721,392725,4,0
392721,392721,392725,4,0
392721,392721,392725,4,0
392721,392721,392725,4,0
392721,392722,392725,3,1
392721,392721,392725,4,0
392721,392721,392725,4,0
392721,392721,392725,4,0
392721,392721,392725,4,0
392721,392721,392725,4,0
392721,392721,392725,4,0
392721,392721,392724,3,0
392721,392721,392725,4,0
392721,392721,392725,4,0
392721,392721,392725,4,0
392738,392738,392740,2,0
392738,392738,392740,2,0
392738,392738,392740,2,0
392738,392738,392740,2,0
392738,392738,392740,2,0
392738,392738,392740,2,0
392738,392738,392740,2,0
392738,392738,392740,2,0
392738,392738,392740,2,0
392738,392738,392740,2,0
392738,392738,392740,2,0
392738,392738,392740,2,0
392738,392738,392740,2,0
392738,392738,392740,2,0
392738,392738,392740,2,0
392738,392738,392740,2,0
392738,392738,392740,2,0
392738,392738,392740,2,0
392738,392738,392740,2,0
392738,392738,392741,3,0
392738,392738,392740,2,0
392738,392738,392740,2,0
392738,392738,392741,3,0
392738,392738,392741,3,0
392738,392738,392740,2,0
392738,392738,392741,3,0
392738,392738,392740,2,0
392738,392738,392741,3,0
392738,392738,392741,3,0
392738,392738,392740,2,0
392738,392738,392740,2,0
392738,392738,392741,3,0
392738,392738,392740,2,0
392738,392738,392741,3,0
392738,392738,392740,2,0
392738,392738,392740,2,0
392738,392738,392740,2,0
392738,392738,392741,3,0
392738,392738,392741,3,0
392738,392738,392742,4,0
392738,392738,392742,4,0
392738,392738,392742,4,0
392738,392738,392742,4,0
392738,392738,392742,4,0
392738,392738,392741,3,0
392738,392738,392742,4,0
392738,392738,392741,3,0
392738,392738,392741,3,0
392738,392738,392742,4,0
392738,392738,392742,4,0
392738,392738,392742,4,0
392738,392738,392742,4,0
392738,392738,392742,4,0
392738,392738,392742,4,0
392738,392738,392742,4,0
392738,392738,392742,4,0
392738,392750,392751,1,12
392738,392750,392751,1,12
392738,392750,392751,1,12
392738,392750,392751,1,12
392738,392750,392753,3,12
392316,392318,392773,455,2
392352,392352,392774,422,0
392777,392777,392778,1,0
392777,392777,392779,2,0
392777,392777,392779,2,0
392777,392777,392779,2,0
392777,392777,392779,2,0
392777,392777,392779,2,0
392777,392777,392779,2,0
392777,392777,392779,2,0
392777,392777,392779,2,0
392777,392777,392779,2,0
392777,392777,392779,2,0
392777,392777,392779,2,0
392777,392777,392779,2,0
392777,392777,392779,2,0
392777,392777,392779,2,0
392777,392777,392779,2,0
392777,392777,392779,2,0
392777,392777,392779,2,0
392777,392777,392779,2,0
392777,392777,392779,2,0
392777,392778,392780,2,1
392777,392778,392779,1,1
392777,392777,392780,3,0
392777,392777,392780,3,0
392777,392777,392780,3,0
392777,392777,392779,2,0
392777,392779,392780,1,2
392777,392777,392780,3,0
392777,392777,392780,3,0
392777,392777,392779,2,0
392777,392777,392780,3,0
392777,392777,392780,3,0
392777,392777,392779,2,0
392777,392777,392780,3,0
392777,392777,392780,3,0
392777,392777,392779,2,0
392777,392777,392780,3,0
392777,392777,392779,2,0
392777,392777,392780,3,0
392777,392777,392780,3,0
392777,392777,392780,3,0
392777,392777,392780,3,0
392777,392777,392780,3,0
392777,392777,392780,3,0
392777,392778,392780,2,1
392777,392777,392780,3,0
392777,392777,392781,4,0
392777,392777,392781,4,0
392777,392779,392781,2,2
392777,392777,392781,4,0
392777,392777,392780,3,0
392777,392777,392781,4,0
392777,392777,392781,4,0
392777,392779,392781,2,2
392777,392779,392781,2,2
392777,392779,392781,2,2
392777,392779,392781,2,2
392777,392779,392781,2,2
392777,392777,392781,4,0
392777,392779,392781,2,2
392777,392779,392781,2,2
392777,392777,392781,4,0
392777,392777,392781,4,0
392777,392779,392781,2,2
392777,392779,392781,2,2
392777,392779,392781,2,2
392777,392779,392781,2,2
392777,392777,392781,4,0
392777,392779,392781,2,2
392777,392779,392781,2,2
392777,392779,392781,2,2
392777,392777,392781,4,0
392777,392779,392781,2,2
392777,392780,392782,2,3
392777,392780,392782,2,3
392777,392781,392782,1,4
392777,392781,392783,2,4
392777,392781,392783,2,4
392777,392778,392781,3,1
392777,392778,392782,4,1
392777,392781,392783,2,4
392777,392781,392783,2,4
392777,392781,392783,2,4
392777,392780,392783,3,3
392777,392780,392783,3,3
392777,392782,392783,1,5
392777,392782,392783,1,5
392777,392781,392784,3,4
392777,392782,392783,1,5
392777,392782,392783,1,5
392777,392782,392783,1,5
392777,392782,392783,1,5
392777,392782,392783,1,5
392777,392782,392783,1,5
392777,392782,392783,1,5
392777,392781,392783,2,4
392777,392781,392783,2,4
392777,392781,392783,2,4
392777,392781,392783,2,4
392777,392781,392783,2,4
392777,392781,392783,2,4
392777,392781,392783,2,4
392777,392781,392784,3,4
392777,392781,392783,2,4
392777,392782,392783,1,5
392777,392782,392783,1,5
392777,392782,392783,1,5
392777,392780,392784,4,3
392777,392781,392784,3,4
392777,392780,392784,4,3
392777,392780,392784,4,3
392777,392781,392784,3,4
392777,392781,392784,3,4
392777,392781,392784,3,4
392777,392781,392784,3,4
392777,392781,392784,3,4
392777,392781,392784,3,4
392777,392781,392784,3,4
392777,392781,392784,3,4
392777,392781,392784,3,4
392777,392781,392785,4,4
392777,392784,392787,3,7
392777,392784,392787,3,7
392336,392337,392790,453,1
392800,392800,392802,2,0
392800,392800,392801,1,0
392800,392800,392801,1,0
392800,392800,392802,2,0
392800,392800,392802,2,0
392800,392800,392801,1,0
392800,392800,392802,2,0
392800,392800,392801,1,0
392800,392800,392802,2,0
392800,392800,392801,1,0
392800,392800,392802,2,0
392800,392800,392802,2,0
392800,392800,392801,1,0
392800,392800,392802,2,0
392800,392800,392801,1,0
392800,392800,392802,2,0
392800,392800,392802,2,0
392800,392800,392802,2,0
392800,392800,392802,2,0
392800,392800,392802,2,0
392800,392800,392802,2,0
392800,392800,392803,3,0
392800,392800,392803,3,0
392800,392800,392802,2,0
392800,392800,392802,2,0
392800,392800,392802,2,0
392800,392800,392803,3,0
392800,392800,392803,3,0
392800,392800,392803,3,0
392800,392800,392802,2,0
392800,392800,392803,3,0
392800,392800,392802,2,0
392800,392800,392803,3,0
392800,392800,392803,3,0
392800,392800,392803,3,0
392800,392800,392803,3,0
392800,392800,392803,3,0
392800,392800,392803,3,0
392800,392800,392803,3,0
392800,392800,392802,2,0
392800,392800,392802,2,0
392800,392800,392804,4,0
392800,392800,392803,3,0
392800,392800,392803,3,0
392800,392800,392803,3,0
392800,392800,392803,3,0
392800,392800,392804,4,0
392800,392800,392804,4,0
392369,392370,392803,433,1
392800,392800,392804,4,0
392800,392800,392803,3,0
392800,392800,392804,4,0
392800,392800,392804,4,0
392800,392800,392803,3,0
392800,392800,392803,3,0
392800,392800,392804,4,0
392800,392800,392803,3,0
392800,392800,392804,4,0
392800,392804,392805,1,4
392800,392804,392805,1,4
392800,392804,392806,2,4
392800,392804,392807,3,4
392815,392816,392818,2,1
392815,392816,392817,1,1
392815,392816,392817,1,1
392815,392816,392817,1,1
392815,392816,392817,1,1
392815,392816,392818,2,1
392815,392816,392818,2,1
392815,392816,392818,2,1
392815,392816,392817,1,1
392815,392816,392817,1,1
392815,392816,392817,1,1
392815,392816,392817,1,1
392815,392816,392817,1,1
392815,392816,392817,1,1
392815,392816,392817,1,1
392815,392816,392818,2,1
392815,392816,392817,1,1
392815,392816,392817,1,1
392815,392816,392817,1,1
392815,392816,392817,1,1
392815,392816,392817,1,1
392815,392816,392818,2,1
392815,392816,392818,2,1
392815,392816,392819,3,1
392815,392816,392818,2,1
392815,392816,392818,2,1
392815,392816,392818,2,1
392815,392816,392818,2,1
392815,392816,392818,2,1
392815,392816,392818,2,1
392815,392816,392819,3,1
392815,392816,392818,2,1
392815,392816,392818,2,1
392815,392816,392818,2,1
392815,392816,392818,2,1
392815,392816,392818,2,1
392815,392816,392818,2,1
392815,392816,392819,3,1
392815,392816,392818,2,1
392815,392816,392818,2,1
392815,392816,392818,2,1
392815,392816,392818,2,1
392815,392816,392818,2,1
392815,392816,392819,3,1
392815,392816,392820,4,1
392815,392816,392819,3,1
392815,392816,392819,3,1
392815,392816,392819,3,1
392815,392816,392819,3,1
392815,392816,392820,4,1
392815,392816,392819,3,1
392815,392816,392819,3,1
392815,392816,392819,3,1
392815,392816,392819,3,1
392815,392816,392819,3,1
392815,392816,392820,4,1
392815,392816,392819,3,1
392815,392816,392819,3,1
392815,392816,392820,4,1
392815,392816,392820,4,1
392815,392816,392820,4,1
392392,392393,392850,457,1
392852,392852,392854,2,0
392852,392852,392854,2,0
392852,392852,392854,2,0
392852,392852,392854,2,0
392852,392852,392854,2,0
392852,392852,392854,2,0
392852,392852,392854,2,0
392852,392852,392854,2,0
392852,392852,392854,2,0
392852,392852,392854,2,0
392852,392852,392854,2,0
392852,392852,392854,2,0
392852,392852,392854,2,0
392852,392852,392854,2,0
392852,392853,392854,1,1
392852,392852,392855,3,0
392852,392852,392855,3,0
392852,392852,392855,3,0
392852,392853,392855,2,1
392852,392853,392855,2,1
392852,392853,392855,2,1
392852,392853,392855,2,1
392852,392853,392855,2,1
392852,392853,392855,2,1
392852,392853,392854,1,1
392852,392853,392855,2,1
392852,392852,392855,3,0
392852,392852,392855,3,0
392852,392852,392855,3,0
392852,392852,392855,3,0
392852,392852,392855,3,0
392852,392852,392855,3,0
392852,392852,392855,3,0
392852,392852,392855,3,0
392852,392852,392855,3,0
392852,392852,392855,3,0
392852,392852,392855,3,0
392852,392852,392855,3,0
392852,392852,392855,3,0
392852,392852,392855,3,0
392852,392852,392856,4,0
392852,392852,392856,4,0
392852,392852,392856,4,0
392852,392852,392856,4,0
392852,392852,392856,4,0
392852,392852,392856,4,0
392852,392852,392856,4,0
392852,392852,392856,4,0
392852,392852,392856,4,0
392852,392853,392856,3,1
392852,392853,392856,3,1
392852,392853,392856,3,1
392852,392852,392856,4,0
392852,392852,392856,4,0
392852,392852,392856,4,0
392852,392852,392856,4,0
392852,392852,392856,4,0
392852,392852,392856,4,0
392852,392852,392856,4,0
392852,392852,392857,5,0
392852,392853,392857,4,1
392429,392430,392870,440,1
392872,392873,392874,1,1
392872,392873,392874,1,1
392872,392873,392874,1,1
392872,392873,392874,1,1
392872,392873,392875,2,1
392872,392873,392875,2,1
392872,392873,392874,1,1
392872,392873,392874,1,1
392872,392873,392875,2,1
392872,392873,392875,2,1
392872,392873,392875,2,1
392872,392873,392874,1,1
392872,392873,392875,2,1
392872,392873,392874,1,1
392872,392873,392875,2,1
392872,392873,392875,2,1
392872,392873,392874,1,1
392872,392873,392874,1,1
392872,392873,392875,2,1
392872,392873,392875,2,1
392872,392873,392875,2,1
392872,392873,392875,2,1
392872,392873,392876,3,1
392872,392873,392875,2,1
392872,392873,392875,2,1
392872,392873,392876,3,1
392872,392873,392875,2,1
392872,392873,392876,3,1
392872,392873,392875,2,1
392872,392873,392876,3,1
392872,392873,392875,2,1
392872,392873,392875,2,1
392872,392873,392875,2,1
392872,392873,392875,2,1
392872,392873,392876,3,1
392872,392873,392875,2,1
392872,392873,392875,2,1
392872,392873,392876,3,1
392872,392873,392876,3,1
392872,392873,392876,3,1
392872,392873,392876,3,1
392872,392873,392876,3,1
392872,392873,392876,3,1
392872,392873,392876,3,1
392872,392873,392876,3,1
392872,392873,392876,3,1
392872,392873,392876,3,1
392872,392873,392876,3,1
392872,392873,392876,3,1
392872,392873,392876,3,1
392872,392873,392876,3,1
392872,392873,392877,4,1
392872,392873,392877,4,1
392872,392873,392876,3,1
392872,392875,392877,2,3
392872,392875,392877,2,3
392872,392875,392877,2,3
392872,392875,392877,2,3
392872,392873,392877,4,1
392872,392875,392878,3,3
392872,392875,392879,4,3
392451,392452,392883,431,1
392901,392901,392903,2,0
392901,392901,392903,2,0
392901,392901,392903,2,0
392901,392901,392903,2,0
392901,392901,392902,1,0
392901,392901,392903,2,0
392901,392901,392903,2,0
392901,392901,392902,1,0
392901,392901,392902,1,0
392901,392901,392903,2,0
392901,392901,392903,2,0
392901,392901,392902,1,0
392901,392901,392903,2,0
392901,392901,392903,2,0
392901,392901,392903,2,0
392901,392901,392902,1,0
392901,392901,392903,2,0
392901,392901,392903,2,0
392901,392901,392903,2,0
392901,392901,392903,2,0
392901,392901,392903,2,0
392901,392901,392903,2,0
392901,392901,392904,3,0
392901,392901,392904,3,0
392901,392901,392903,2,0
392901,392901,392904,3,0
392901,392901,392904,3,0
392901,392901,392904,3,0
392901,392901,392903,2,0
392901,392901,392904,3,0
392901,392901,392904,3,0
392901,392901,392903,2,0
392901,392901,392903,2,0
392901,392901,392903,2,0
392901,392901,392904,3,0
392901,392901,392904,3,0
392901,392901,392903,2,0
392901,392901,392904,3,0
392901,392901,392904,3,0
392901,392901,392903,2,0
392901,392901,392905,4,0
392901,392901,392905,4,0
392901,392901,392904,3,0
392901,392901,392904,3,0
392901,392901,392904,3,0
392901,392901,392904,3,0
392901,392901,392905,4,0
392901,392901,392905,4,0
392901,392901,392904,3,0
392901,392901,392905,4,0
392901,392901,392904,3,0
392901,392901,392904,3,0
392901,392901,392905,4,0
392901,392901,392904,3,0
392901,392901,392904,3,0
392511,392512,392906,394,1
392901,392905,392906,1,4
392901,392905,392906,1,4
392901,392905,392907,2,4
392901,392905,392908,3,4
392901,392905,392908,3,4
392901,392905,392908,3,4
392908,392908,392910,2,0
392908,392908,392910,2,0
392908,392908,392910,2,0
392908,392908,392910,2,0
392908,392908,392910,2,0
392908,392908,392910,2,0
392908,392908,392910,2,0
392908,392908,392910,2,0
392908,392908,392910,2,0
392908,392908,392910,2,0
392908,392908,392910,2,0
392908,392908,392910,2,0
392908,392908,392910,2,0
392908,392908,392910,2,0
392908,392908,392910,2,0
392908,392908,392910,2,0
392908,392908,392910,2,0
392908,392908,392910,2,0
392908,392908,392911,3,0
392908,392908,392911,3,0
392908,392908,392911,3,0
392908,392908,392911,3,0
392908,392908,392911,3,0
392908,392908,392910,2,0
392908,392908,392911,3,0
392908,392908,392911,3,0
392908,392908,392911,3,0
392908,392910,392911,1,2
392908,392908,392911,3,0
392908,392908,392911,3,0
392908,392908,392911,3,0
392908,392908,392911,3,0
392908,392908,392911,3,0
392908,392908,392911,3,0
392908,392908,392911,3,0
392908,392908,392911,3,0
392908,392908,392911,3,0
392908,392908,392911,3,0
392908,392908,392911,3,0
392908,392908,392911,3,0
392908,392908,392911,3,0
392908,392908,392911,3,0
392908,392908,392912,4,0
392908,392908,392911,3,0
392908,392910,392911,1,2
392908,392908,392912,4,0
392908,392908,392912,4,0
392908,392908,392912,4,0
392908,392908,392912,4,0
392908,392908,392912,4,0
392908,392908,392912,4,0
392908,392908,392912,4,0
392908,392908,392912,4,0
392908,392908,392912,4,0
392908,392908,392912,4,0
392908,392908,392912,4,0
392908,392908,392912,4,0
392908,392908,392912,4,0
392908,392908,392912,4,0
392908,392908,392912,4,0
392908,392908,392913,5,0
392908,392908,392913,5,0
392521,392522,392923,401,1
392925,392926,392927,1,1
392925,392925,392927,2,0
392925,392925,392927,2,0
392925,392925,392927,2,0
392925,392925,392927,2,0
392925,392925,392927,2,0
392925,392925,392927,2,0
392925,392925,392927,2,0
392925,392925,392927,2,0
392925,392925,392927,2,0
392925,392925,392927,2,0
392925,392925,392927,2,0
392925,392925,392927,2,0
392925,392925,392927,2,0
392925,392925,392927,2,0
392925,392925,392927,2,0
392925,392925,392927,2,0
392925,392926,392927,1,1
392925,392926,392927,1,1
392925,392926,392927,1,1
392925,392926,392927,1,1
392925,392926,392927,1,1
392925,392926,392927,1,1
392925,392926,392928,2,1
392925,392925,392928,3,0
392925,392925,392927,2,0
392925,392926,392927,1,1
392925,392926,392927,1,1
392925,392925,392928,3,0
392925,392925,392927,2,0
392925,392925,392928,3,0
392925,392925,392928,3,0
392925,392925,392928,3,0
392925,392925,392928,3,0
392925,392925,392927,2,0
392925,392925,392928,3,0
392925,392925,392927,2,0
392925,392925,392927,2,0
392925,392925,392928,3,0
392925,392925,392928,3,0
392925,392925,392927,2,0
392925,392926,392928,2,1
392925,392926,392929,3,1
392925,392925,392929,4,0
392925,392926,392929,3,1
392925,392926,392929,3,1
392925,392925,392928,3,0
392925,392925,392928,3,0
392925,392925,392928,3,0
392925,392925,392928,3,0
392925,392925,392929,4,0
392925,392925,392929,4,0
392925,392925,392928,3,0
392925,392925,392928,3,0
392925,392925,392928,3,0
392925,392925,392929,4,0
392925,392925,392929,4,0
392925,392925,392929,4,0
392925,392925,392928,3,0
392925,392926,392929,3,1
392925,392926,392929,3,1
392472,392473,392943,470,1
392955,392956,392957,1,1
392955,392956,392957,1,1
392955,392956,392957,1,1
392955,392956,392957,1,1
392955,392956,392957,1,1
392955,392956,392957,1,1
392955,392955,392957,2,0
392955,392955,392957,2,0
392955,392955,392957,2,0
392955,392955,392957,2,0
392955,392955,392957,2,0
392955,392955,392957,2,0
392955,392955,392957,2,0
392955,392955,392957,2,0
392955,392956,392957,1,1
392955,392956,392957,1,1
392955,392956,392957,1,1
392955,392956,392957,1,1
392955,392956,392957,1,1
392955,392956,392957,1,1
392955,392956,392958,2,1
392955,392956,392958,2,1
392955,392956,392958,2,1
392955,392956,392958,2,1
392955,392955,392958,3,0
392955,392955,392958,3,0
392955,392956,392958,2,1
392955,392956,392958,2,1
392955,392955,392958,3,0
392955,392956,392958,2,1
392955,392956,392958,2,1
392955,392956,392958,2,1
392955,392956,392958,2,1
392955,392955,392958,3,0
392955,392956,392958,2,1
392955,392955,392958,3,0
392955,392956,392958,2,1
392955,392956,392958,2,1
392955,392956,392959,3,1
392955,392956,392958,2,1
392955,392955,392959,4,0
392955,392956,392959,3,1
392955,392956,392959,3,1
392955,392956,392959,3,1
392955,392955,392959,4,0
392955,392956,392959,3,1
392955,392956,392959,3,1
392955,392955,392959,4,0
392955,392955,392959,4,0
392955,392956,392959,3,1
392955,392956,392959,3,1
392955,392956,392959,3,1
392955,392956,392959,3,1
392955,392956,392959,3,1
392955,392956,392959,3,1
392955,392956,392959,3,1
392955,392956,392960,4,1
392955,392956,392960,4,1
392955,392955,392971,16,0
392955,392955,392972,17,0
392955,392956,392972,16,1
392561,392561,392985,424,0
392994,392994,392995,1,0
392994,392994,392996,2,0
392994,392994,392995,1,0
392994,392994,392996,2,0
392994,392994,392996,2,0
392994,392994,392996,2,0
392994,392994,392996,2,0
392994,392994,392996,2,0
392994,392994,392996,2,0
392994,392994,392996,2,0
392994,392994,392995,1,0
392994,392994,392996,2,0
392994,392994,392995,1,0
392994,392994,392996,2,0
392994,392994,392995,1,0
392994,392994,392995,1,0
392994,392994,392995,1,0
392994,392994,392996,2,0
392994,392994,392995,1,0
392994,392994,392996,2,0
392994,392994,392996,2,0
392994,392994,392996,2,0
392994,392994,392996,2,0
392994,392994,392995,1,0
392994,392994,392996,2,0
392994,392994,392996,2,0
392994,392994,392996,2,0
392994,392994,392996,2,0
392994,392994,392997,3,0
392994,392994,392997,3,0
392994,392994,392997,3,0
392994,392994,392997,3,0
392994,392994,392997,3,0
392994,392994,392996,2,0
392994,392994,392997,3,0
392994,392994,392997,3,0
392994,392994,392997,3,0
392994,392994,392997,3,0
392994,392994,392997,3,0
392994,392994,392997,3,0
392994,392994,392996,2,0
392994,392994,392997,3,0
392994,392994,392997,3,0
392994,392994,392996,2,0
392994,392994,392997,3,0
392994,392994,392996,2,0
392994,392994,392998,4,0
392994,392994,392997,3,0
392994,392994,392997,3,0
392994,392994,392998,4,0
392994,392994,392997,3,0
392994,392994,392998,4,0
392994,392994,392998,4,0
392994,392994,392998,4,0
392994,392994,392998,4,0
392994,392994,392998,4,0
392994,392994,392998,4,0
392576,392577,393000,423,1
393002,393002,393004,2,0
393002,393002,393004,2,0
393002,393002,393004,2,0
393002,393002,393004,2,0
393002,393002,393004,2,0
393002,393002,393004,2,0
393002,393002,393003,1,0
393002,393002,393004,2,0
393002,393002,393003,1,0
393002,393002,393003,1,0
393002,393002,393004,2,0
392549,392550,393004,454,1
393002,393002,393003,1,0
393002,393002,393004,2,0
393002,393002,393004,2,0
393002,393002,393003,1,0
393002,393002,393004,2,0
393002,393002,393004,2,0
393002,393002,393004,2,0
393002,393002,393004,2,0
393002,393002,393004,2,0
393002,393002,393004,2,0
393002,393002,393004,2,0
393002,393002,393005,3,0
393002,393002,393004,2,0
393002,393002,393005,3,0
393002,393002,393005,3,0
393002,393002,393005,3,0
393002,393002,393004,2,0
393002,393002,393005,3,0
393002,393002,393004,2,0
393002,393002,393005,3,0
393002,393002,393005,3,0
393002,393002,393005,3,0
393002,393002,393004,2,0
393002,393002,393005,3,0
393002,393002,393004,2,0
393002,393002,393005,3,0
393002,393004,393005,1,2
393002,393002,393005,3,0
393002,393002,393004,2,0
393002,393002,393005,3,0
393002,393002,393006,4,0
393002,393002,393005,3,0
393002,393002,393005,3,0
393002,393002,393005,3,0
393002,393002,393005,3,0
393002,393002,393005,3,0
393002,393002,393005,3,0
393002,393002,393005,3,0
393002,393002,393006,4,0
393002,393004,393005,1,2
393002,393004,393006,2,2
393002,393002,393005,3,0
393002,393002,393006,4,0
393002,393002,393005,3,0
393002,393002,393006,4,0
393002,393002,393005,3,0
393002,393004,393005,1,2
393002,393002,393005,3,0
393002,393002,393006,4,0
393007,393007,393009,2,0
393007,393007,393009,2,0
393007,393007,393009,2,0
393007,393007,393009,2,0
393007,393007,393009,2,0
393007,393007,393009,2,0
393007,393007,393009,2,0
393007,393007,393009,2,0
393007,393007,393009,2,0
393007,393007,393009,2,0
393007,393007,393009,2,0
393007,393007,393009,2,0
393007,393007,393009,2,0
393007,393007,393009,2,0
393007,393007,393009,2,0
393007,393007,393009,2,0
393007,393007,393009,2,0
393007,393007,393009,2,0
393007,393008,393009,1,1
393007,393007,393009,2,0
393007,393007,393010,3,0
393007,393007,393010,3,0
393007,393007,393009,2,0
393007,393007,393010,3,0
393007,393007,393010,3,0
393007,393007,393010,3,0
393007,393007,393009,2,0
393007,393007,393010,3,0
393007,393007,393009,2,0
393007,393007,393010,3,0
393007,393009,393010,1,2
393007,393007,393009,2,0
393007,393007,393010,3,0
393007,393009,393010,1,2
393007,393007,393010,3,0
393007,393007,393010,3,0
393007,393009,393010,1,2
393007,393007,393010,3,0
393007,393007,393011,4,0
393007,393007,393010,3,0
393007,393007,393010,3,0
393007,393007,393011,4,0
393007,393007,393010,3,0
393007,393007,393011,4,0
393007,393007,393010,3,0
393007,393007,393010,3,0
393007,393007,393010,3,0
393007,393007,393010,3,0
393007,393007,393011,4,0
393007,393007,393010,3,0
393007,393007,393011,4,0
393007,393007,393011,4,0
393007,393007,393011,4,0
393007,393007,393010,3,0
393007,393009,393010,1,2
393007,393007,393010,3,0
393007,393007,393010,3,0
393007,393009,393010,1,2
393007,393007,393010,3,0
393007,393007,393014,7,0
393007,393007,393015,8,0
392994,392994,392997,3,0
392994,392994,392997,3,0
392994,392994,392997,3,0
392994,392994,392996,2,0
392580,392582,393021,439,2
393002,393021,393024,3,19
393029,393029,393031,2,0
393029,393029,393031,2,0
393029,393029,393031,2,0
393029,393029,393031,2,0
393029,393029,393031,2,0
393029,393029,393031,2,0
393029,393029,393031,2,0
393029,393029,393031,2,0
393029,393029,393031,2,0
393029,393029,393031,2,0
393029,393029,393031,2,0
393029,393029,393031,2,0
393029,393029,393031,2,0
393029,393029,393031,2,0
393029,393030,393031,1,1
393029,393029,393031,2,0
393029,393029,393031,2,0
393029,393029,393031,2,0
393029,393029,393032,3,0
393029,393029,393031,2,0
393029,393029,393031,2,0
393029,393029,393031,2,0
393029,393029,393031,2,0
393029,393030,393031,1,1
393029,393029,393031,2,0
393029,393029,393031,2,0
393029,393030,393031,1,1
393029,393030,393032,2,1
393029,393030,393031,1,1
393029,393029,393033,4,0
393029,393029,393032,3,0
393029,393029,393032,3,0
393029,393029,393032,3,0
393029,393029,393032,3,0
393029,393029,393032,3,0
393029,393029,393032,3,0
393029,393030,393032,2,1
393029,393030,393033,3,1
393029,393030,393032,2,1
393029,393029,393032,3,0
393029,393030,393032,2,1
393029,393030,393032,2,1
393029,393029,393032,3,0
393029,393029,393032,3,0
393029,393029,393032,3,0
393029,393029,393033,4,0
393029,393029,393033,4,0
393029,393029,393033,4,0
393029,393029,393033,4,0
393029,393029,393033,4,0
393029,393029,393033,4,0
393029,393029,393033,4,0
393029,393029,393033,4,0
393029,393029,393033,4,0
393029,393029,393033,4,0
393029,393029,393033,4,0
393029,393029,393033,4,0
393029,393029,393033,4,0
393029,393030,393033,3,1
393029,393030,393034,4,1
393029,393030,393034,4,1
392613,392614,393034,420,1
392578,392582,393034,452,4
393041,393042,393043,1,1
393041,393042,393043,1,1
393041,393042,393043,1,1
393041,393042,393044,2,1
393041,393042,393043,1,1
393041,393042,393043,1,1
393041,393042,393044,2,1
393041,393042,393043,1,1
393041,393042,393043,1,1
393041,393042,393043,1,1
393041,393042,393043,1,1
393041,393042,393044,2,1
393041,393042,393044,2,1
393041,393042,393043,1,1
393041,393042,393044,2,1
393041,393042,393044,2,1
393041,393042,393044,2,1
393041,393042,393043,1,1
393041,393042,393043,1,1
393041,393042,393044,2,1
393041,393042,393044,2,1
393041,393042,393044,2,1
393041,393042,393044,2,1
393041,393042,393044,2,1
393041,393042,393043,1,1
393041,393042,393044,2,1
393041,393042,393044,2,1
393041,393042,393044,2,1
393041,393042,393045,3,1
393041,393042,393045,3,1
393041,393042,393045,3,1
393041,393042,393044,2,1
393041,393042,393045,3,1
393041,393042,393044,2,1
393041,393042,393044,2,1
393041,393042,393044,2,1
393041,393042,393044,2,1
393041,393042,393044,2,1
393041,393042,393044,2,1
393041,393042,393044,2,1
393041,393042,393044,2,1
393041,393042,393045,3,1
393041,393042,393045,3,1
393041,393042,393045,3,1
393041,393042,393045,3,1
393041,393042,393045,3,1
393041,393042,393045,3,1
393041,393042,393045,3,1
393041,393042,393045,3,1
393041,393042,393045,3,1
393041,393042,393045,3,1
393041,393042,393045,3,1
393041,393042,393045,3,1
393041,393042,393045,3,1
393041,393042,393045,3,1
393041,393042,393045,3,1
393041,393042,393045,3,1
393041,393042,393046,4,1
393041,393042,393045,3,1
393041,393042,393045,3,1
393041,393042,393045,3,1
393041,393042,393046,4,1
393056,393057,393058,1,1
393056,393057,393058,1,1
393056,393057,393058,1,1
393056,393057,393059,2,1
393056,393057,393058,1,1
393056,393057,393059,2,1
393056,393057,393058,1,1
393056,393057,393059,2,1
393056,393057,393058,1,1
393056,393057,393059,2,1
393056,393057,393058,1,1
393056,393057,393058,1,1
393056,393057,393059,2,1
393056,393057,393058,1,1
393056,393057,393058,1,1
393056,393057,393058,1,1
393056,393057,393059,2,1
393056,393057,393058,1,1
393056,393057,393058,1,1
393056,393057,393058,1,1
393056,393057,393058,1,1
393056,393057,393058,1,1
393056,393057,393058,1,1
393056,393057,393058,1,1
393056,393057,393058,1,1
393056,393057,393058,1,1
393056,393057,393058,1,1
393056,393057,393059,2,1
393056,393057,393059,2,1
393056,393057,393060,3,1
393056,393057,393059,2,1
393056,393057,393059,2,1
393056,393057,393059,2,1
393056,393057,393059,2,1
393056,393057,393060,3,1
393056,393057,393059,2,1
393056,393057,393059,2,1
393056,393057,393059,2,1
393056,393057,393060,3,1
393056,393057,393060,3,1
393056,393057,393060,3,1
393056,393057,393061,4,1
393056,393057,393060,3,1
393056,393057,393060,3,1
393056,393057,393060,3,1
393056,393057,393060,3,1
393056,393057,393060,3,1
393056,393057,393060,3,1
393056,393057,393060,3,1
393056,393057,393060,3,1
393056,393057,393060,3,1
393056,393057,393060,3,1
393056,393057,393060,3,1
393056,393057,393060,3,1
393056,393070,393071,1,14
393056,393070,393071,1,14
393056,393070,393071,1,14
393056,393070,393072,2,14
393056,393070,393072,2,14
393056,393070,393073,3,14
393056,393070,393073,3,14
392718,392719,393114,395,1
393115,393116,393117,1,1
393115,393116,393118,2,1
393115,393116,393118,2,1
393115,393116,393117,1,1
393115,393116,393117,1,1
393115,393116,393117,1,1
393115,393116,393117,1,1
393115,393116,393117,1,1
393115,393116,393117,1,1
393115,393116,393118,2,1
393115,393116,393117,1,1
393115,393116,393117,1,1
393115,393116,393117,1,1
393115,393116,393117,1,1
393115,393116,393118,2,1
393115,393116,393117,1,1
393115,393116,393117,1,1
393115,393116,393118,2,1
393115,393116,393117,1,1
393115,393116,393117,1,1
393115,393116,393118,2,1
393115,393116,393117,1,1
393115,393116,393117,1,1
393115,393116,393118,2,1
393115,393116,393117,1,1
393115,393116,393118,2,1
393115,393116,393118,2,1
393115,393116,393119,3,1
393115,393116,393118,2,1
393115,393116,393119,3,1
393115,393116,393118,2,1
393115,393116,393118,2,1
393115,393116,393118,2,1
393115,393116,393119,3,1
393115,393116,393118,2,1
393115,393116,393119,3,1
393115,393116,393118,2,1
393115,393116,393118,2,1
393115,393116,393118,2,1
393115,393116,393118,2,1
393115,393116,393118,2,1
393115,393116,393119,3,1
393115,393116,393119,3,1
393115,393116,393120,4,1
393115,393116,393119,3,1
393115,393116,393119,3,1
393115,393116,393120,4,1
393115,393116,393119,3,1
393115,393116,393120,4,1
393115,393116,393119,3,1
393115,393116,393119,3,1
393115,393116,393120,4,1
393115,393116,393119,3,1
393115,393116,393119,3,1
393115,393116,393119,3,1
393115,393116,393119,3,1
393115,393116,393120,4,1
393115,393116,393119,3,1
393115,393116,393119,3,1
393115,393116,393119,3,1
393115,393116,393120,4,1
392690,392691,393137,446,1
393140,393140,393142,2,0
393140,393140,393142,2,0
393140,393140,393142,2,0
393140,393140,393142,2,0
393140,393140,393142,2,0
393140,393140,393142,2,0
393140,393140,393142,2,0
393140,393140,393142,2,0
393140,393140,393142,2,0
393140,393140,393142,2,0
393140,393140,393141,1,0
393140,393140,393142,2,0
393140,393140,393142,2,0
393140,393140,393142,2,0
393140,393140,393142,2,0
393140,393140,393142,2,0
393140,393140,393142,2,0
393140,393140,393142,2,0
393140,393140,393142,2,0
393140,393140,393141,1,0
393140,393140,393142,2,0
393140,393140,393142,2,0
393140,393140,393142,2,0
393140,393140,393142,2,0
393140,393140,393142,2,0
393140,393140,393142,2,0
393140,393140,393142,2,0
393140,393140,393142,2,0
393140,393140,393143,3,0
393140,393140,393143,3,0
393140,393140,393142,2,0
393140,393140,393143,3,0
393140,393140,393143,3,0
393140,393140,393143,3,0
393140,393140,393143,3,0
393140,393140,393143,3,0
393140,393140,393142,2,0
393140,393140,393143,3,0
393140,393140,393143,3,0
393140,393140,393143,3,0
393140,393140,393143,3,0
393140,393140,393142,2,0
393140,393140,393144,4,0
393140,393140,393143,3,0
393140,393140,393144,4,0
393140,393140,393143,3,0
393140,393140,393143,3,0
393140,393140,393144,4,0
393140,393140,393143,3,0
393140,393140,393143,3,0
393140,393140,393143,3,0
393140,393140,393144,4,0
393140,393140,393143,3,0
393140,393140,393144,4,0
393140,393140,393144,4,0
393140,393140,393144,4,0
393140,393140,393144,4,0
393140,393140,393143,3,0
393140,393140,393144,4,0
393140,393140,393147,7,0
393140,393140,393149,9,0
392722,392723,393154,431,1
393165,393166,393167,1,1
393165,393166,393167,1,1
393165,393166,393167,1,1
393165,393166,393167,1,1
393165,393166,393167,1,1
393165,393165,393167,2,0
393165,393165,393167,2,0
393165,393166,393167,1,1
393165,393166,393167,1,1
393165,393165,393167,2,0
393165,393165,393167,2,0
393165,393166,393167,1,1
393165,393165,393167,2,0
393165,393166,393167,1,1
393165,393166,393167,1,1
393165,393165,393167,2,0
393165,393165,393167,2,0
393165,393166,393167,1,1
393165,393166,393167,1,1
393165,393166,393167,1,1
393165,393165,393167,2,0
393165,393166,393167,1,1
393165,393166,393167,1,1
393165,393166,393167,1,1
393165,393166,393167,1,1
393165,393165,393168,3,0
393165,393166,393168,2,1
393165,393165,393169,4,0
393165,393166,393168,2,1
393165,393166,393168,2,1
393165,393166,393168,2,1
393165,393166,393168,2,1
393165,393166,393168,2,1
393165,393166,393168,2,1
393165,393166,393168,2,1
393165,393166,393168,2,1
392739,392740,393168,428,1
393165,393166,393168,2,1
393165,393166,393168,2,1
393165,393166,393168,2,1
393165,393166,393169,3,1
393165,393166,393169,3,1
393165,393166,393169,3,1
393165,393166,393169,3,1
393165,393166,393169,3,1
393165,393166,393169,3,1
393165,393166,393169,3,1
393165,393166,393169,3,1
393165,393165,393169,4,0
393165,393165,393169,4,0
393165,393166,393169,3,1
393165,393165,393169,4,0
393165,393166,393169,3,1
393165,393166,393170,4,1
393165,393166,393169,3,1
393165,393165,393169,4,0
393165,393166,393170,4,1
393165,393166,393169,3,1
393169,393169,393171,2,0
393169,393169,393171,2,0
393169,393169,393171,2,0
393169,393169,393171,2,0
393169,393169,393171,2,0
393169,393170,393171,1,1
393169,393170,393172,2,1
393169,393169,393171,2,0
393169,393169,393171,2,0
393169,393169,393171,2,0
393169,393170,393171,1,1
393169,393170,393172,2,1
393169,393169,393171,2,0
393169,393169,393171,2,0
393169,393169,393171,2,0
393169,393170,393172,2,1
393169,393169,393171,2,0
393169,393169,393171,2,0
393169,393170,393172,2,1
393169,393170,393172,2,1
393169,393170,393172,2,1
393169,393171,393172,1,2
393169,393169,393172,3,0
393169,393171,393172,1,2
393169,393171,393172,1,2
393169,393171,393172,1,2
393169,393171,393172,1,2
393169,393170,393172,2,1
393169,393171,393172,1,2
393169,393171,393172,1,2
393169,393172,393173,1,3
393169,393170,393172,2,1
393169,393170,393172,2,1
393169,393170,393173,3,1
393169,393170,393173,3,1
393169,393170,393173,3,1
393169,393170,393172,2,1
393169,393170,393172,2,1
393169,393170,393172,2,1
393169,393170,393172,2,1
393169,393170,393173,3,1
393169,393171,393174,3,2
393169,393171,393173,2,2
393169,393169,393173,4,0
393169,393169,393173,4,0
393169,393169,393173,4,0
393169,393171,393173,2,2
393169,393169,393173,4,0
393169,393170,393173,3,1
393169,393170,393173,3,1
393169,393170,393173,3,1
393169,393172,393173,1,3
393169,393172,393174,2,3
393169,393170,393173,3,1
393169,393170,393173,3,1
393169,393169,393173,4,0
393169,393170,393173,3,1
393169,393170,393173,3,1
393169,393172,393174,2,3
393169,393170,393174,4,1
393169,393169,393174,5,0
393165,393173,393174,1,8
393165,393173,393175,2,8
393165,393173,393175,2,8
393165,393173,393176,3,8
392801,392802,393238,436,1
392781,392782,393240,458,1
392779,392782,393241,459,3
393241,393241,393242,1,0
393241,393241,393242,1,0
393241,393241,393243,2,0
393241,393241,393242,1,0
393241,393241,393243,2,0
393241,393241,393243,2,0
393241,393241,393243,2,0
393241,393241,393243,2,0
393241,393241,393242,1,0
393241,393241,393243,2,0
393241,393241,393243,2,0
393241,393241,393242,1,0
393241,393241,393243,2,0
393241,393241,393243,2,0
393241,393241,393243,2,0
393241,393241,393242,1,0
393241,393241,393242,1,0
393241,393241,393243,2,0
393241,393241,393242,1,0
393241,393241,393242,1,0
393241,393241,393243,2,0
393241,393241,393243,2,0
393241,393241,393243,2,0
393241,393241,393243,2,0
393241,393241,393243,2,0
393241,393241,393244,3,0
393241,393241,393243,2,0
393241,393241,393243,2,0
393241,393241,393243,2,0
393241,393241,393243,2,0
393241,393241,393243,2,0
393243,393243,393244,1,0
393241,393241,393244,3,0
393241,393241,393243,2,0
393241,393241,393244,3,0
393241,393241,393244,3,0
393241,393241,393244,3,0
393241,393241,393244,3,0
393241,393241,393244,3,0
393241,393241,393244,3,0
393241,393241,393243,2,0
393241,393241,393244,3,0
393241,393241,393245,4,0
393241,393241,393244,3,0
393243,393243,393244,1,0
393243,393243,393244,1,0
393241,393241,393245,4,0
393241,393241,393245,4,0
393241,393241,393245,4,0
393241,393241,393244,3,0
393243,393243,393244,1,0
393241,393241,393244,3,0
393241,393241,393245,4,0
393241,393241,393244,3,0
393241,393241,393245,4,0
393241,393241,393245,4,0
393243,393243,393245,2,0
393243,393243,393245,2,0
393243,393243,393244,1,0
393241,393241,393245,4,0
393243,393243,393245,2,0
393243,393243,393244,1,0
393243,393243,393244,1,0
393241,393241,393244,3,0
393241,393241,393245,4,0
393243,393243,393245,2,0
393243,393243,393245,2,0
393243,393243,393245,2,0
393243,393243,393244,1,0
393241,393241,393245,4,0
393241,393241,393245,4,0
393243,393243,393244,1,0
393243,393243,393245,2,0
393243,393243,393245,2,0
393241,393241,393245,4,0
393241,393241,393245,4,0
393241,393241,393244,3,0
393243,393243,393245,2,0
393243,393243,393245,2,0
393243,393245,393246,1,2
393241,393241,393245,4,0
393241,393241,393245,4,0
393243,393245,393246,1,2
393243,393243,393245,2,0
393243,393243,393246,3,0
393243,393243,393246,3,0
393243,393244,393247,3,1
393243,393244,393247,3,1
393243,393245,393247,2,2
393243,393245,393247,2,2
393243,393245,393247,2,2
393243,393244,393247,3,1
393243,393245,393247,2,2
393243,393245,393247,2,2
393243,393245,393247,2,2
393243,393244,393247,3,1
393243,393244,393247,3,1
393243,393245,393247,2,2
393243,393245,393246,1,2
393243,393244,393247,3,1
393243,393244,393247,3,1
393245,393245,393247,2,0
393245,393245,393247,2,0
393243,393244,393247,3,1
393243,393245,393247,2,2
393243,393245,393247,2,2
393245,393245,393247,2,0
393245,393245,393247,2,0
393245,393245,393247,2,0
393245,393245,393247,2,0
393243,393244,393247,3,1
393243,393245,393247,2,2
393243,393245,393247,2,2
393245,393245,393247,2,0
393245,393245,393247,2,0
393243,393244,393247,3,1
393243,393244,393247,3,1
393245,393245,393247,2,0
393245,393245,393247,2,0
393245,393245,393247,2,0
393243,393244,393246,2,1
393245,393245,393247,2,0
393245,393245,393247,2,0
393245,393245,393247,2,0
393245,393245,393247,2,0
393245,393245,393247,2,0
393243,393244,393247,3,1
393243,393245,393247,2,2
393243,393245,393247,2,2
393243,393245,393247,2,2
393243,393245,393247,2,2
393243,393244,393248,4,1
393243,393244,393247,3,1
393243,393245,393247,2,2
393243,393244,393247,3,1
393243,393244,393248,4,1
393243,393244,393247,3,1
393243,393245,393247,2,2
393243,393245,393247,2,2
393243,393244,393247,3,1
393245,393246,393247,1,1
393245,393246,393248,2,1
393245,393246,393249,3,1
393245,393248,393250,2,3
393245,393248,393249,1,3
393245,393248,393249,1,3
393245,393248,393249,1,3
393245,393248,393249,1,3
393245,393246,393249,3,1
393245,393246,393249,3,1
393245,393248,393249,1,3
393245,393246,393249,3,1
393245,393246,393249,3,1
393245,393248,393249,1,3
393245,393248,393249,1,3
393245,393248,393249,1,3
393245,393248,393249,1,3
393245,393248,393249,1,3
393245,393247,393250,3,2
393245,393247,393250,3,2
393245,393247,393250,3,2
393245,393247,393250,3,2
393245,393247,393250,3,2
393245,393247,393250,3,2
393245,393248,393250,2,3
393245,393248,393250,2,3
393245,393248,393250,2,3
393245,393248,393250,2,3
393245,393247,393250,3,2
393245,393248,393250,2,3
393245,393248,393250,2,3
393245,393248,393250,2,3
393245,393248,393250,2,3
393245,393248,393250,2,3
393245,393248,393250,2,3
393245,393248,393250,2,3
393245,393247,393250,3,2
393245,393247,393250,3,2
393245,393247,393251,4,2
393245,393247,393251,4,2
393245,393247,393251,4,2
393245,393247,393251,4,2
393245,393247,393250,3,2
393245,393248,393251,3,3
393245,393248,393251,3,3
392817,392818,393260,442,1
393276,393277,393278,1,1
393276,393277,393278,1,1
393276,393277,393279,2,1
393276,393277,393279,2,1
393276,393277,393278,1,1
393276,393277,393278,1,1
393276,393277,393279,2,1
393276,393277,393279,2,1
393276,393277,393279,2,1
393276,393277,393278,1,1
393276,393277,393278,1,1
393276,393277,393279,2,1
393276,393277,393278,1,1
393276,393277,393279,2,1
393276,393277,393279,2,1
393276,393277,393279,2,1
393276,393277,393278,1,1
393276,393277,393279,2,1
393276,393277,393278,1,1
393276,393277,393279,2,1
393276,393277,393279,2,1
393276,393277,393278,1,1
393276,393277,393279,2,1
393276,393277,393279,2,1
393276,393277,393279,2,1
393276,393277,393280,3,1
393276,393277,393279,2,1
393276,393277,393279,2,1
393276,393277,393279,2,1
393276,393277,393279,2,1
393276,393277,393280,3,1
393276,393277,393279,2,1
393276,393277,393279,2,1
393276,393277,393279,2,1
393276,393277,393280,3,1
393276,393277,393280,3,1
393276,393277,393280,3,1
393276,393277,393279,2,1
393276,393277,393279,2,1
393276,393277,393280,3,1
393276,393277,393280,3,1
393276,393277,393279,2,1
393276,393277,393281,4,1
393276,393277,393280,3,1
393276,393277,393280,3,1
393276,393277,393281,4,1
393276,393277,393281,4,1
393276,393277,393280,3,1
393276,393277,393280,3,1
393276,393277,393281,4,1
393276,393277,393280,3,1
393276,393277,393281,4,1
393276,393277,393280,3,1
393276,393277,393280,3,1
393276,393277,393281,4,1
393276,393277,393280,3,1
393276,393277,393281,4,1
393276,393277,393280,3,1
393276,393277,393280,3,1
393276,393277,393280,3,1
393276,393277,393281,4,1
392854,392855,393293,438,1
392902,392903,393293,390,1
393296,393297,393298,1,1
393296,393297,393298,1,1
393296,393297,393299,2,1
393296,393297,393299,2,1
393296,393297,393298,1,1
393296,393297,393299,2,1
393296,393297,393298,1,1
393296,393297,393299,2,1
393296,393297,393299,2,1
393296,393297,393299,2,1
393296,393297,393299,2,1
393296,393297,393299,2,1
393296,393297,393298,1,1
393296,393297,393298,1,1
393296,393297,393298,1,1
393296,393297,393298,1,1
393296,393298,393299,1,2
393296,393298,393299,1,2
393296,393298,393299,1,2
393296,393298,393299,1,2
393296,393298,393299,1,2
393296,393297,393300,3,1
393296,393297,393299,2,1
393296,393297,393299,2,1
393296,393297,393300,3,1
393296,393297,393299,2,1
393296,393297,393300,3,1
393296,393297,393299,2,1
393296,393297,393300,3,1
393296,393297,393299,2,1
393296,393297,393300,3,1
393296,393297,393299,2,1
393296,393297,393299,2,1
393296,393297,393299,2,1
393296,393297,393300,3,1
393296,393297,393299,2,1
393296,393297,393299,2,1
393296,393297,393301,4,1
393296,393299,393300,1,3
393296,393299,393300,1,3
393296,393297,393301,4,1
393296,393299,393300,1,3
393296,393299,393300,1,3
393296,393297,393300,3,1
393296,393297,393300,3,1
393296,393299,393300,1,3
393296,393299,393300,1,3
393296,393299,393300,1,3
393296,393299,393300,1,3
393296,393297,393300,3,1
393296,393297,393300,3,1
393296,393299,393300,1,3
393296,393297,393300,3,1
393296,393297,393301,4,1
393296,393297,393301,4,1
393296,393299,393300,1,3
393296,393299,393301,2,3
393296,393297,393300,3,1
393296,393299,393300,1,3
393296,393299,393300,1,3
393296,393299,393301,2,3
393296,393297,393300,3,1
393296,393297,393300,3,1
393296,393299,393300,1,3
393296,393299,393300,1,3
393296,393299,393300,1,3
393296,393298,393301,3,2
393296,393300,393303,3,4
393296,393300,393303,3,4
393296,393301,393303,2,5
393296,393300,393303,3,4
393296,393301,393302,1,5
393296,393301,393303,2,5
393296,393301,393303,2,5
393296,393301,393303,2,5
393296,393301,393302,1,5
393296,393300,393303,3,4
393296,393300,393303,3,4
393296,393300,393303,3,4
393296,393300,393303,3,4
393296,393300,393303,3,4
393296,393300,393303,3,4
393296,393301,393302,1,5
393296,393301,393303,2,5
393296,393301,393302,1,5
393296,393301,393303,2,5
393296,393301,393303,2,5
393296,393301,393303,2,5
393296,393300,393303,3,4
393296,393300,393304,4,4
393296,393300,393304,4,4
393296,393300,393303,3,4
393296,393301,393303,2,5
393296,393301,393303,2,5
393296,393301,393303,2,5
393296,393300,393304,4,4
393296,393300,393303,3,4
393296,393301,393304,3,5
393296,393301,393303,2,5
393296,393300,393303,3,4
393296,393300,393303,3,4
393296,393301,393304,3,5
393296,393301,393303,2,5
393296,393301,393304,3,5
393296,393300,393303,3,4
393296,393301,393303,2,5
393296,393301,393304,3,5
393296,393301,393303,2,5
393296,393301,393303,2,5
393296,393301,393303,2,5
393296,393301,393303,2,5
393296,393300,393303,3,4
393296,393300,393303,3,4
393296,393301,393304,3,5
393296,393303,393304,1,7
393296,393303,393304,1,7
393296,393303,393304,1,7
393296,393303,393304,1,7
393296,393301,393305,4,5
393296,393303,393305,2,7
393296,393303,393305,2,7
393296,393303,393306,3,7
392874,392875,393338,463,1
392911,392911,393339,428,0
393339,393339,393340,1,0
393339,393339,393341,2,0
393339,393339,393341,2,0
393339,393339,393341,2,0
393339,393339,393341,2,0
393339,393339,393341,2,0
393339,393339,393341,2,0
393339,393339,393341,2,0
393339,393339,393341,2,0
393339,393339,393341,2,0
393339,393339,393341,2,0
393339,393339,393341,2,0
393339,393339,393341,2,0
393339,393339,393341,2,0
393339,393339,393341,2,0
393339,393339,393341,2,0
393339,393339,393341,2,0
393339,393339,393341,2,0
393339,393339,393341,2,0
393339,393339,393342,3,0
393339,393339,393342,3,0
393339,393339,393342,3,0
393339,393339,393341,2,0
393339,393339,393342,3,0
393339,393339,393342,3,0
393339,393339,393342,3,0
393339,393339,393342,3,0
393341,393341,393342,1,0
393339,393339,393342,3,0
393339,393339,393342,3,0
393339,393339,393342,3,0
393339,393339,393342,3,0
393339,393341,393342,1,2
393339,393341,393342,1,2
393339,393341,393342,1,2
393339,393339,393343,4,0
393339,393339,393343,4,0
393341,393341,393343,2,0
393341,393341,393343,2,0
393341,393341,393343,2,0
393341,393341,393343,2,0
393339,393339,393343,4,0
393339,393339,393343,4,0
393341,393342,393343,1,1
393341,393342,393343,1,1
393339,393339,393343,4,0
393339,393339,393343,4,0
393341,393341,393343,2,0
393341,393341,393343,2,0
393341,393341,393343,2,0
393339,393339,393343,4,0
393341,393342,393343,1,1
393341,393342,393343,1,1
393341,393342,393343,1,1
393339,393339,393343,4,0
393339,393339,393343,4,0
393339,393339,393343,4,0
393341,393341,393343,2,0
393339,393339,393343,4,0
393339,393339,393343,4,0
393341,393341,393343,2,0
393339,393339,393343,4,0
393341,393341,393343,2,0
393339,393341,393344,3,2
393339,393341,393344,3,2
393341,393343,393345,2,2
393341,393344,393345,1,3
393341,393344,393345,1,3
393341,393343,393346,3,2
393341,393344,393345,1,3
393341,393344,393345,1,3
393341,393343,393346,3,2
393341,393343,393346,3,2
393341,393343,393345,2,2
393341,393344,393346,2,3
393341,393343,393346,3,2
393341,393344,393345,1,3
393341,393344,393345,1,3
393341,393344,393345,1,3
393341,393344,393346,2,3
393341,393344,393345,1,3
393341,393344,393345,1,3
393341,393344,393345,1,3
393341,393343,393346,3,2
393341,393343,393346,3,2
393341,393343,393346,3,2
393341,393343,393347,4,2
393341,393343,393346,3,2
393341,393343,393346,3,2
393341,393343,393346,3,2
393341,393343,393346,3,2
393341,393344,393346,2,3
393341,393344,393347,3,3
393341,393344,393346,2,3
393341,393344,393346,2,3
393341,393344,393346,2,3
393341,393343,393346,3,2
393341,393344,393347,3,3
393341,393344,393346,2,3
393341,393344,393346,2,3
393341,393344,393346,2,3
393341,393343,393346,3,2
393341,393344,393346,2,3
393341,393344,393347,3,3
393341,393344,393347,3,3
393341,393344,393346,2,3
393341,393344,393346,2,3
393341,393343,393346,3,2
393341,393343,393346,3,2
393341,393344,393347,3,3
393339,393357,393358,1,18
393339,393357,393359,2,18
393339,393357,393358,1,18
393339,393357,393358,1,18
393339,393357,393358,1,18
393339,393357,393358,1,18
393339,393357,393359,2,18
393339,393357,393360,3,18
393339,393357,393360,3,18
393339,393357,393360,3,18
393339,393357,393360,3,18
393339,393357,393359,2,18
393339,393357,393360,3,18
393010,393010,393396,386,0
393398,393399,393400,1,1
393398,393398,393400,2,0
393398,393398,393400,2,0
393398,393398,393400,2,0
393398,393398,393400,2,0
393398,393398,393400,2,0
393398,393398,393400,2,0
393398,393398,393400,2,0
393398,393398,393400,2,0
393398,393398,393400,2,0
393398,393398,393400,2,0
393398,393398,393400,2,0
393398,393398,393400,2,0
393398,393398,393400,2,0
393398,393398,393400,2,0
393398,393398,393400,2,0
393398,393398,393400,2,0
393398,393398,393400,2,0
393398,393398,393400,2,0
393398,393398,393400,2,0
393398,393398,393400,2,0
393398,393398,393400,2,0
393398,393398,393400,2,0
393398,393398,393400,2,0
393398,393398,393401,3,0
393398,393398,393401,3,0
393398,393398,393401,3,0
393398,393398,393401,3,0
393398,393399,393401,2,1
393398,393399,393400,1,1
393398,393398,393401,3,0
393398,393398,393401,3,0
393398,393398,393401,3,0
393398,393398,393401,3,0
393398,393398,393400,2,0
393398,393398,393401,3,0
393398,393398,393401,3,0
393398,393398,393401,3,0
393398,393398,393401,3,0
393398,393398,393401,3,0
393398,393398,393402,4,0
393398,393398,393401,3,0
393398,393398,393401,3,0
393398,393398,393402,4,0
393398,393398,393402,4,0
393398,393398,393402,4,0
393398,393399,393402,3,1
393398,393399,393402,3,1
393398,393398,393401,3,0
393398,393398,393402,4,0
393398,393398,393402,4,0
393398,393398,393402,4,0
393398,393398,393402,4,0
393398,393398,393402,4,0
393398,393398,393401,3,0
393398,393398,393402,4,0
393398,393398,393401,3,0
392926,392927,393404,477,1
393406,393406,393408,2,0
393406,393406,393408,2,0
393406,393406,393407,1,0
393406,393406,393407,1,0
393406,393406,393407,1,0
393406,393406,393408,2,0
393406,393406,393408,2,0
393406,393406,393407,1,0
393406,393406,393408,2,0
393406,393406,393408,2,0
393406,393406,393408,2,0
393406,393406,393407,1,0
393406,393406,393407,1,0
393406,393406,393408,2,0
393406,393406,393407,1,0
393406,393406,393407,1,0
393406,393406,393408,2,0
393406,393406,393408,2,0
393398,393407,393408,1,9
393398,393407,393408,1,9
393398,393407,393408,1,9
393406,393406,393408,2,0
393406,393406,393408,2,0
393406,393406,393408,2,0
393406,393406,393409,3,0
393406,393408,393409,1,2
393406,393406,393408,2,0
393406,393406,393408,2,0
393406,393406,393408,2,0
393406,393406,393409,3,0
393406,393406,393408,2,0
393406,393406,393409,3,0
393406,393406,393408,2,0
393406,393406,393408,2,0
393406,393408,393409,1,2
393406,393406,393409,3,0
393406,393408,393409,1,2
393406,393406,393408,2,0
393406,393406,393408,2,0
393406,393406,393409,3,0
393406,393408,393409,1,2
393406,393406,393409,3,0
393406,393406,393409,3,0
393406,393406,393410,4,0
393406,393406,393410,4,0
393406,393406,393409,3,0
393406,393406,393409,3,0
393406,393406,393410,4,0
393406,393406,393410,4,0
393406,393406,393409,3,0
393406,393406,393409,3,0
393406,393406,393409,3,0
393406,393406,393409,3,0
393406,393406,393409,3,0
393406,393406,393409,3,0
393406,393406,393409,3,0
393406,393406,393409,3,0
393406,393406,393410,4,0
393406,393406,393410,4,0
393406,393406,393410,4,0
393406,393406,393409,3,0
393406,393406,393410,4,0
393406,393406,393410,4,0
393398,393407,393410,3,9
393406,393406,393410,4,0
392957,392958,393418,460,1
393423,393423,393425,2,0
393423,393423,393425,2,0
393423,393423,393425,2,0
393423,393423,393425,2,0
393423,393423,393425,2,0
393423,393423,393425,2,0
393423,393424,393425,1,1
393423,393424,393425,1,1
393423,393423,393425,2,0
393423,393423,393425,2,0
393423,393423,393425,2,0
393423,393423,393425,2,0
393423,393424,393425,1,1
393423,393424,393425,1,1
393423,393423,393425,2,0
393423,393423,393425,2,0
393423,393423,393425,2,0
393423,393423,393425,2,0
393423,393423,393425,2,0
393423,393423,393425,2,0
393423,393423,393426,3,0
393423,393425,393426,1,2
393423,393424,393426,2,1
393423,393424,393426,2,1
393423,393423,393426,3,0
393423,393423,393426,3,0
393423,393423,393426,3,0
393423,393423,393426,3,0
393423,393423,393426,3,0
393423,393423,393426,3,0
393423,393423,393426,3,0
393423,393424,393426,2,1
393423,393423,393426,3,0
393423,393423,393426,3,0
393423,393424,393426,2,1
393423,393423,393426,3,0
393423,393424,393426,2,1
393423,393423,393427,4,0
393423,393423,393427,4,0
393423,393424,393427,3,1
393423,393424,393428,4,1
393423,393424,393427,3,1
393423,393423,393427,4,0
393423,393423,393428,5,0
393423,393423,393427,4,0
393423,393423,393427,4,0
393423,393423,393427,4,0
393423,393423,393427,4,0
393423,393423,393427,4,0
393423,393423,393427,4,0
393423,393423,393427,4,0
393423,393423,393427,4,0
393423,393423,393427,4,0
393423,393423,393427,4,0
393423,393423,393427,4,0
393423,393423,393427,4,0
393423,393423,393427,4,0
393423,393423,393428,5,0
393423,393423,393427,4,0
393423,393423,393427,4,0
393423,393424,393427,3,1
393423,393424,393427,3,1
393003,393004,393433,429,1
393030,393032,393437,405,2
393439,393439,393440,1,0
393439,393439,393441,2,0
393439,393439,393441,2,0
393439,393439,393441,2,0
393439,393439,393441,2,0
393439,393439,393441,2,0
393439,393439,393441,2,0
393439,393439,393441,2,0
393439,393439,393441,2,0
393439,393439,393441,2,0
393439,393439,393441,2,0
393439,393439,393441,2,0
393439,393439,393441,2,0
393439,393439,393441,2,0
393439,393439,393441,2,0
393439,393439,393441,2,0
393439,393439,393441,2,0
393439,393439,393441,2,0
393439,393439,393441,2,0
393439,393439,393441,2,0
393439,393439,393441,2,0
393439,393439,393441,2,0
393439,393439,393441,2,0
393439,393439,393441,2,0
393439,393439,393442,3,0
393439,393439,393442,3,0
393439,393439,393442,3,0
393439,393439,393442,3,0
393439,393439,393442,3,0
393439,393439,393442,3,0
393439,393439,393442,3,0
393439,393439,393441,2,0
393439,393439,393442,3,0
393439,393439,393441,2,0
393439,393439,393442,3,0
393439,393439,393442,3,0
393439,393439,393442,3,0
393439,393439,393442,3,0
393439,393439,393442,3,0
393439,393439,393443,4,0
393439,393439,393443,4,0
393439,393439,393443,4,0
393439,393439,393443,4,0
393439,393439,393443,4,0
393439,393439,393443,4,0
393439,393439,393443,4,0
393439,393439,393443,4,0
393439,393439,393443,4,0
393439,393439,393443,4,0
393439,393439,393443,4,0
393439,393439,393443,4,0
393439,393439,393443,4,0
393439,393439,393443,4,0
393439,393439,393443,4,0
393439,393439,393443,4,0
393439,393439,393443,4,0
393439,393439,393443,4,0
393439,393456,393458,2,17
393439,393456,393459,3,17
393439,393456,393459,3,17
393439,393456,393459,3,17
393458,393458,393460,2,0
393458,393458,393460,2,0
393458,393458,393460,2,0
393458,393458,393460,2,0
393458,393458,393460,2,0
393458,393458,393460,2,0
393458,393458,393460,2,0
393458,393458,393460,2,0
393458,393458,393460,2,0
393458,393458,393460,2,0
393458,393458,393460,2,0
393458,393458,393460,2,0
393458,393458,393460,2,0
393458,393458,393460,2,0
393458,393458,393460,2,0
393458,393458,393460,2,0
393458,393458,393460,2,0
393439,393456,393460,4,17
393458,393458,393460,2,0
393458,393459,393460,1,1
393458,393459,393460,1,1
393458,393459,393460,1,1
393458,393458,393461,3,0
393458,393459,393461,2,1
393458,393459,393461,2,1
393458,393459,393461,2,1
393458,393458,393461,3,0
393458,393458,393461,3,0
393458,393458,393461,3,0
393458,393458,393460,2,0
393458,393460,393461,1,2
393458,393458,393461,3,0
393458,393458,393461,3,0
393458,393458,393461,3,0
393458,393458,393461,3,0
393458,393458,393461,3,0
393458,393458,393461,3,0
393458,393458,393461,3,0
393458,393458,393461,3,0
393458,393458,393461,3,0
393458,393458,393461,3,0
393458,393458,393461,3,0
393458,393458,393461,3,0
393458,393458,393461,3,0
393458,393458,393461,3,0
393458,393458,393462,4,0
393458,393458,393462,4,0
393458,393460,393462,2,2
393458,393459,393462,3,1
393458,393459,393462,3,1
393458,393458,393462,4,0
393458,393458,393462,4,0
393458,393458,393462,4,0
393458,393458,393462,4,0
393458,393458,393462,4,0
393458,393458,393462,4,0
393458,393458,393462,4,0
392995,392996,393463,467,1
393458,393466,393467,1,8
393458,393466,393467,1,8
393458,393466,393467,1,8
393458,393466,393467,1,8
393458,393466,393468,2,8
393458,393466,393469,3,8
393476,393476,393478,2,0
393476,393476,393478,2,0
393476,393476,393478,2,0
393476,393476,393477,1,0
393476,393476,393478,2,0
393476,393476,393477,1,0
393476,393476,393478,2,0
393476,393476,393477,1,0
393476,393476,393478,2,0
393476,393476,393478,2,0
393476,393476,393478,2,0
393476,393476,393478,2,0
393476,393476,393478,2,0
393476,393476,393477,1,0
393476,393476,393477,1,0
393476,393476,393478,2,0
393476,393476,393477,1,0
393476,393476,393478,2,0
393476,393476,393478,2,0
393476,393476,393478,2,0
393476,393476,393478,2,0
393476,393476,393479,3,0
393476,393476,393479,3,0
393476,393476,393478,2,0
393476,393476,393478,2,0
393476,393476,393479,3,0
393476,393476,393478,2,0
393476,393476,393479,3,0
393476,393476,393478,2,0
393476,393476,393479,3,0
393476,393476,393478,2,0
393476,393476,393479,3,0
393476,393476,393479,3,0
393476,393476,393478,2,0
393476,393476,393478,2,0
393476,393476,393479,3,0
393476,393476,393478,2,0
393476,393476,393479,3,0
393476,393476,393479,3,0
393476,393476,393479,3,0
393476,393476,393480,4,0
393476,393476,393480,4,0
393476,393476,393479,3,0
393476,393476,393480,4,0
393476,393476,393479,3,0
393476,393476,393479,3,0
393476,393476,393479,3,0
393476,393476,393479,3,0
393476,393476,393479,3,0
393476,393476,393479,3,0
393476,393476,393480,4,0
393476,393476,393480,4,0
393476,393476,393480,4,0
393476,393476,393479,3,0
393476,393476,393480,4,0
393476,393476,393480,4,0
393043,393043,393481,438,0
393476,393481,393482,1,5
393476,393481,393483,2,5
393476,393481,393483,2,5
393476,393481,393484,3,5
393476,393481,393483,2,5
393496,393496,393498,2,0
393496,393496,393498,2,0
393496,393496,393497,1,0
393496,393496,393498,2,0
393496,393496,393498,2,0
393496,393496,393498,2,0
393496,393496,393498,2,0
393496,393496,393498,2,0
393496,393496,393497,1,0
393496,393496,393497,1,0
393496,393496,393497,1,0
393496,393496,393498,2,0
393496,393496,393498,2,0
393496,393496,393498,2,0
393496,393496,393498,2,0
393496,393496,393498,2,0
393496,393496,393498,2,0
393496,393496,393497,1,0
393496,393496,393498,2,0
393496,393496,393497,1,0
393496,393496,393498,2,0
393496,393496,393498,2,0
393496,393496,393498,2,0
393496,393496,393498,2,0
393496,393496,393498,2,0
393496,393496,393499,3,0
393496,393496,393498,2,0
393496,393496,393499,3,0
393496,393496,393498,2,0
393496,393496,393499,3,0
393496,393496,393499,3,0
393496,393496,393499,3,0
393496,393496,393498,2,0
393496,393496,393498,2,0
393496,393496,393499,3,0
393496,393496,393498,2,0
393496,393496,393498,2,0
393496,393496,393498,2,0
393496,393496,393498,2,0
393496,393496,393499,3,0
393496,393496,393499,3,0
393496,393496,393499,3,0
393496,393496,393498,2,0
393496,393496,393499,3,0
393496,393496,393499,3,0
393496,393496,393498,2,0
393496,393496,393499,3,0
393496,393496,393500,4,0
393496,393496,393499,3,0
393496,393496,393500,4,0
393496,393496,393500,4,0
393496,393496,393500,4,0
393496,393496,393499,3,0
393496,393496,393499,3,0
393496,393496,393499,3,0
393496,393496,393500,4,0
393496,393496,393500,4,0
393496,393496,393501,5,0
393496,393496,393502,6,0
393496,393496,393504,8,0
393496,393496,393517,21,0
393058,393059,393554,495,1
393557,393558,393559,1,1
393557,393558,393560,2,1
393557,393558,393559,1,1
393557,393558,393559,1,1
393557,393558,393559,1,1
393557,393558,393559,1,1
393557,393558,393560,2,1
393557,393558,393559,1,1
393557,393558,393559,1,1
393557,393558,393559,1,1
393557,393558,393559,1,1
393557,393558,393559,1,1
393557,393558,393559,1,1
393557,393558,393559,1,1
393557,393558,393559,1,1
393557,393558,393559,1,1
393557,393558,393559,1,1
393557,393558,393559,1,1
393557,393558,393560,2,1
393557,393558,393559,1,1
393557,393558,393559,1,1
393557,393558,393560,2,1
393557,393558,393560,2,1
393557,393558,393559,1,1
393557,393558,393559,1,1
393557,393558,393559,1,1
393557,393558,393560,2,1
393557,393558,393560,2,1
393557,393558,393560,2,1
393557,393558,393560,2,1
393557,393558,393560,2,1
393557,393558,393561,3,1
393557,393558,393560,2,1
393557,393558,393561,3,1
393557,393558,393560,2,1
393557,393558,393560,2,1
393557,393558,393561,3,1
393557,393558,393561,3,1
393557,393558,393560,2,1
393557,393558,393560,2,1
393557,393558,393560,2,1
393557,393558,393560,2,1
393557,393558,393560,2,1
393557,393558,393561,3,1
393557,393558,393561,3,1
393557,393558,393561,3,1
393557,393558,393561,3,1
393557,393558,393561,3,1
393557,393558,393561,3,1
393557,393558,393561,3,1
393557,393558,393561,3,1
393557,393558,393561,3,1
393557,393558,393561,3,1
393557,393558,393561,3,1
393557,393558,393561,3,1
393557,393558,393561,3,1
393557,393558,393561,3,1
393557,393558,393561,3,1
393557,393558,393561,3,1
393557,393558,393561,3,1
393557,393558,393562,4,1
393141,393142,393572,430,1
393576,393576,393578,2,0
393576,393576,393578,2,0
393576,393576,393578,2,0
393576,393576,393577,1,0
393576,393576,393578,2,0
393576,393576,393578,2,0
393576,393576,393578,2,0
393576,393576,393577,1,0
393576,393576,393578,2,0
393576,393576,393578,2,0
393576,393576,393578,2,0
393576,393576,393578,2,0
393576,393576,393578,2,0
393576,393576,393578,2,0
393576,393576,393578,2,0
393576,393576,393578,2,0
393576,393576,393578,2,0
393576,393576,393578,2,0
393576,393576,393578,2,0
393576,393576,393578,2,0
393576,393576,393578,2,0
393576,393576,393578,2,0
393576,393576,393578,2,0
393576,393576,393578,2,0
393576,393576,393578,2,0
393576,393576,393578,2,0
393576,393576,393579,3,0
393576,393576,393579,3,0
393576,393576,393579,3,0
393576,393576,393578,2,0
393576,393576,393578,2,0
393576,393576,393579,3,0
393576,393576,393579,3,0
393576,393576,393578,2,0
393576,393576,393579,3,0
393576,393576,393579,3,0
393576,393576,393579,3,0
393576,393576,393579,3,0
393576,393576,393579,3,0
393576,393576,393579,3,0
393576,393576,393578,2,0
393576,393576,393579,3,0
393576,393576,393579,3,0
393576,393576,393579,3,0
393576,393576,393580,4,0
393576,393576,393579,3,0
393576,393576,393580,4,0
393576,393576,393579,3,0
393576,393576,393579,3,0
393576,393576,393579,3,0
393576,393576,393580,4,0
393576,393576,393579,3,0
393576,393576,393580,4,0
393576,393576,393580,4,0
393576,393576,393580,4,0
393576,393576,393580,4,0
393576,393576,393579,3,0
393576,393576,393580,4,0
393576,393576,393580,4,0
393117,393118,393589,471,1
393590,393590,393592,2,0
393590,393590,393591,1,0
393590,393590,393592,2,0
393590,393590,393592,2,0
393590,393590,393592,2,0
393590,393590,393592,2,0
393590,393590,393592,2,0
393590,393590,393592,2,0
393590,393590,393592,2,0
393590,393590,393592,2,0
393590,393590,393592,2,0
393590,393590,393591,1,0
393590,393590,393591,1,0
393590,393590,393592,2,0
393590,393590,393592,2,0
393590,393590,393592,2,0
393590,393590,393592,2,0
393590,393590,393592,2,0
393590,393590,393591,1,0
393590,393590,393592,2,0
393590,393590,393592,2,0
393590,393590,393591,1,0
393590,393590,393592,2,0
393590,393590,393592,2,0
393590,393590,393592,2,0
393590,393590,393592,2,0
393590,393590,393593,3,0
393590,393590,393592,2,0
393590,393590,393592,2,0
393590,393590,393593,3,0
393590,393590,393593,3,0
393590,393590,393593,3,0
393590,393590,393593,3,0
393590,393590,393593,3,0
393590,393590,393592,2,0
393590,393590,393593,3,0
393590,393590,393592,2,0
393590,393590,393593,3,0
393590,393590,393593,3,0
393590,393590,393592,2,0
393590,393590,393593,3,0
393590,393592,393593,1,2
393590,393590,393594,4,0
393590,393590,393593,3,0
393590,393592,393593,1,2
393590,393590,393593,3,0
393590,393590,393593,3,0
393590,393590,393593,3,0
393590,393590,393593,3,0
393590,393590,393594,4,0
393590,393590,393594,4,0
393590,393590,393594,4,0
393590,393590,393594,4,0
393590,393590,393594,4,0
393590,393590,393593,3,0
393590,393590,393593,3,0
393590,393590,393594,4,0
393590,393590,393593,3,0
393590,393590,393593,3,0
393590,393590,393594,4,0
393576,393576,393595,19,0
393576,393576,393596,20,0
393590,393590,393596,6,0
393171,393172,393604,432,1
393615,393615,393617,2,0
393615,393615,393617,2,0
393615,393615,393617,2,0
393615,393615,393617,2,0
393615,393615,393617,2,0
393615,393615,393617,2,0
393615,393615,393617,2,0
393615,393615,393617,2,0
393615,393615,393617,2,0
393615,393615,393617,2,0
393615,393615,393617,2,0
393615,393615,393617,2,0
393615,393615,393617,2,0
393615,393615,393617,2,0
393615,393615,393617,2,0
393615,393615,393617,2,0
393615,393615,393617,2,0
393615,393615,393617,2,0
393615,393615,393617,2,0
393615,393615,393617,2,0
393615,393616,393617,1,1
393615,393615,393617,2,0
393615,393615,393617,2,0
393615,393615,393617,2,0
393615,393616,393617,1,1
393615,393616,393617,1,1
393615,393616,393618,2,1
393615,393616,393618,2,1
393615,393616,393618,2,1
393615,393616,393618,2,1
393615,393615,393618,3,0
393615,393615,393618,3,0
393615,393615,393618,3,0
393615,393615,393618,3,0
393615,393615,393618,3,0
393615,393615,393618,3,0
393615,393615,393618,3,0
393615,393615,393618,3,0
393615,393615,393618,3,0
393615,393616,393618,2,1
393615,393616,393619,3,1
393615,393616,393618,2,1
393615,393616,393619,3,1
393615,393616,393619,3,1
393615,393616,393619,3,1
393615,393616,393619,3,1
393615,393616,393619,3,1
393615,393615,393619,4,0
393615,393615,393619,4,0
393615,393615,393619,4,0
393615,393615,393619,4,0
393615,393615,393619,4,0
393615,393615,393619,4,0
393615,393615,393619,4,0
393615,393616,393619,3,1
393615,393615,393619,4,0
393615,393616,393619,3,1
393167,393168,393632,464,1
393615,393632,393633,1,17
393615,393632,393633,1,17
393615,393632,393634,2,17
393615,393632,393634,2,17
393633,393633,393635,2,0
393633,393633,393635,2,0
393633,393634,393635,1,1
393633,393633,393635,2,0
393633,393633,393635,2,0
393633,393633,393635,2,0
393633,393633,393635,2,0
393633,393633,393635,2,0
393633,393633,393635,2,0
393633,393633,393635,2,0
393633,393633,393635,2,0
393633,393633,393635,2,0
393633,393633,393635,2,0
393633,393633,393635,2,0
393633,393633,393635,2,0
393633,393633,393635,2,0
393633,393633,393635,2,0
393633,393633,393635,2,0
393633,393633,393635,2,0
393633,393633,393635,2,0
393633,393633,393635,2,0
393633,393633,393635,2,0
393633,393633,393635,2,0
393633,393633,393635,2,0
393633,393633,393635,2,0
393633,393633,393635,2,0
393633,393633,393635,2,0
393633,393633,393635,2,0
393633,393634,393635,1,1
393633,393634,393635,1,1
393633,393633,393636,3,0
393633,393633,393636,3,0
393633,393634,393636,2,1
393633,393634,393636,2,1
393633,393633,393636,3,0
393633,393633,393636,3,0
393633,393633,393636,3,0
393633,393633,393636,3,0
393633,393633,393636,3,0
393633,393633,393636,3,0
393633,393633,393636,3,0
393633,393633,393636,3,0
393633,393633,393636,3,0
393633,393633,393636,3,0
393633,393633,393636,3,0
393633,393633,393636,3,0
393633,393633,393636,3,0
393633,393633,393636,3,0
393633,393633,393637,4,0
393633,393633,393637,4,0
393633,393634,393637,3,1
393633,393634,393637,3,1
393633,393633,393636,3,0
393633,393633,393636,3,0
393633,393633,393637,4,0
393633,393633,393637,4,0
393633,393633,393637,4,0
393633,393633,393637,4,0
393633,393633,393637,4,0
393633,393633,393637,4,0
393633,393633,393638,5,0
393242,393242,393668,426,0
393670,393670,393672,2,0
393670,393670,393672,2,0
393670,393670,393672,2,0
393670,393670,393672,2,0
393670,393670,393672,2,0
393670,393670,393672,2,0
393670,393670,393672,2,0
393670,393670,393672,2,0
393670,393670,393672,2,0
393670,393670,393672,2,0
393670,393670,393672,2,0
393670,393670,393672,2,0
393670,393670,393672,2,0
393670,393670,393672,2,0
393670,393670,393672,2,0
393670,393670,393672,2,0
393670,393670,393672,2,0
393670,393670,393672,2,0
393670,393670,393672,2,0
393670,393670,393672,2,0
393670,393670,393672,2,0
393670,393670,393672,2,0
393670,393670,393672,2,0
393670,393670,393672,2,0
393670,393670,393672,2,0
393670,393670,393672,2,0
393670,393670,393672,2,0
393670,393670,393672,2,0
393670,393670,393673,3,0
393670,393670,393673,3,0
393670,393670,393673,3,0
393670,393670,393672,2,0
393670,393670,393673,3,0
393670,393670,393673,3,0
393670,393670,393673,3,0
393670,393670,393673,3,0
393670,393670,393673,3,0
393670,393670,393673,3,0
393670,393670,393672,2,0
393670,393670,393672,2,0
393670,393670,393673,3,0
393670,393670,393673,3,0
393670,393670,393672,2,0
393670,393670,393673,3,0
393670,393670,393673,3,0
393670,393670,393674,4,0
393670,393670,393674,4,0
393670,393670,393673,3,0
393670,393670,393674,4,0
393670,393670,393673,3,0
393670,393670,393673,3,0
393670,393670,393673,3,0
393670,393670,393674,4,0
393670,393670,393674,4,0
393670,393670,393674,4,0
393670,393670,393673,3,0
393670,393670,393674,4,0
393670,393671,393674,3,1
393670,393673,393678,5,3
393670,393673,393678,5,3
393670,393673,393678,5,3
393246,393248,393679,431,2
393692,393692,393694,2,0
393692,393692,393693,1,0
393692,393692,393693,1,0
393692,393692,393693,1,0
393692,393692,393694,2,0
393692,393692,393694,2,0
393692,393692,393693,1,0
393692,393692,393693,1,0
393692,393692,393694,2,0
393692,393692,393694,2,0
393692,393692,393693,1,0
393692,393692,393694,2,0
393692,393692,393693,1,0
393692,393692,393694,2,0
393692,393692,393693,1,0
393692,393692,393694,2,0
393692,393692,393693,1,0
393692,393692,393693,1,0
393692,393692,393694,2,0
393692,393692,393694,2,0
393692,393692,393694,2,0
393692,393692,393694,2,0
393692,393692,393693,1,0
393692,393692,393694,2,0
393692,393692,393694,2,0
393692,393692,393694,2,0
393692,393692,393695,3,0
393692,393692,393694,2,0
393692,393692,393694,2,0
393692,393692,393695,3,0
393692,393692,393695,3,0
393692,393692,393694,2,0
393692,393692,393694,2,0
393692,393692,393695,3,0
393692,393692,393694,2,0
393692,393692,393695,3,0
393692,393692,393694,2,0
393692,393692,393695,3,0
393692,393692,393694,2,0
393692,393692,393694,2,0
393692,393692,393694,2,0
393692,393692,393694,2,0
393692,393692,393695,3,0
393692,393692,393695,3,0
393692,393692,393696,4,0
393692,393692,393695,3,0
393692,393692,393696,4,0
393692,393692,393695,3,0
393692,393692,393695,3,0
393692,393692,393696,4,0
393692,393692,393696,4,0
393692,393692,393695,3,0
393692,393692,393696,4,0
393692,393692,393695,3,0
393692,393692,393696,4,0
393692,393692,393695,3,0
393692,393692,393696,4,0
393300,393301,393699,398,1
393244,393245,393701,456,1
393692,393701,393703,2,9
393701,393702,393704,2,1
393701,393702,393704,2,1
393701,393702,393703,1,1
393701,393702,393703,1,1
393701,393702,393703,1,1
393701,393702,393703,1,1
393701,393702,393703,1,1
393701,393702,393704,2,1
393701,393702,393704,2,1
393701,393702,393704,2,1
393701,393702,393703,1,1
393701,393702,393703,1,1
393701,393702,393703,1,1
393701,393702,393703,1,1
393701,393702,393703,1,1
393701,393702,393703,1,1
393701,393702,393703,1,1
393701,393702,393704,2,1
393701,393702,393704,2,1
393701,393702,393703,1,1
393701,393702,393703,1,1
393701,393702,393704,2,1
393692,393701,393704,3,9
393692,393701,393704,3,9
393692,393701,393703,2,9
393701,393703,393704,1,2
393701,393702,393705,3,1
393701,393702,393704,2,1
393701,393702,393705,3,1
393701,393702,393704,2,1
393701,393702,393704,2,1
393701,393702,393705,3,1
393701,393702,393704,2,1
393701,393702,393705,3,1
393701,393702,393705,3,1
393701,393704,393705,1,3
393701,393702,393704,2,1
393701,393702,393705,3,1
393701,393702,393705,3,1
393701,393702,393704,2,1
393701,393702,393704,2,1
393701,393702,393705,3,1
393701,393702,393704,2,1
393701,393702,393704,2,1
393701,393702,393704,2,1
393701,393702,393705,3,1
393701,393702,393705,3,1
393701,393702,393705,3,1
393701,393702,393705,3,1
393701,393702,393705,3,1
393701,393704,393705,1,3
393702,393704,393705,1,2
393701,393702,393706,4,1
393701,393702,393705,3,1
393702,393704,393705,1,2
393702,393704,393705,1,2
393702,393704,393705,1,2
393701,393702,393705,3,1
393701,393702,393705,3,1
393702,393704,393705,1,2
393702,393704,393705,1,2
393701,393702,393706,4,1
393701,393702,393705,3,1
393702,393704,393705,1,2
393702,393704,393705,1,2
393702,393704,393705,1,2
393702,393704,393705,1,2
393702,393704,393705,1,2
393701,393702,393705,3,1
393701,393702,393706,4,1
393701,393702,393705,3,1
393702,393704,393705,1,2
393702,393704,393706,2,2
393702,393704,393705,1,2
393702,393704,393706,2,2
393701,393702,393705,3,1
393701,393702,393706,4,1
393702,393704,393705,1,2
393702,393704,393705,1,2
393702,393704,393706,2,2
393701,393702,393706,4,1
393701,393702,393706,4,1
393702,393706,393707,1,4
393702,393705,393707,2,3
393702,393705,393707,2,3
393702,393704,393706,2,2
393702,393706,393707,1,4
393702,393704,393707,3,2
393702,393704,393707,3,2
393702,393704,393707,3,2
393702,393705,393708,3,3
393702,393705,393708,3,3
393702,393705,393708,3,3
393702,393705,393708,3,3
393702,393705,393708,3,3
393702,393706,393708,2,4
393702,393706,393708,2,4
393702,393706,393708,2,4
393702,393705,393708,3,3
393702,393706,393708,2,4
393702,393705,393708,3,3
393702,393705,393708,3,3
393702,393706,393708,2,4
393702,393706,393707,1,4
393702,393706,393707,1,4
393702,393706,393707,1,4
393702,393705,393707,2,3
393702,393705,393707,2,3
393702,393705,393708,3,3
393702,393706,393707,1,4
393702,393706,393707,1,4
393702,393706,393707,1,4
393702,393706,393707,1,4
393702,393705,393708,3,3
393702,393705,393708,3,3
393702,393706,393707,1,4
393702,393704,393708,4,2
393702,393706,393708,2,4
393702,393706,393708,2,4
393702,393705,393709,4,3
393702,393705,393708,3,3
393702,393706,393708,2,4
393702,393705,393708,3,3
393702,393705,393708,3,3
393702,393705,393708,3,3
393278,393279,393711,432,1
393298,393301,393729,428,3
393738,393739,393740,1,1
393738,393739,393740,1,1
393738,393739,393740,1,1
393738,393739,393740,1,1
393738,393739,393740,1,1
393738,393739,393740,1,1
393738,393739,393740,1,1
393738,393738,393740,2,0
393738,393739,393740,1,1
393738,393739,393740,1,1
393738,393739,393740,1,1
393738,393739,393740,1,1
393738,393739,393740,1,1
393738,393739,393740,1,1
393738,393739,393740,1,1
393738,393739,393740,1,1
393738,393739,393740,1,1
393738,393739,393740,1,1
393738,393739,393740,1,1
393738,393739,393740,1,1
393738,393739,393740,1,1
393738,393739,393740,1,1
393738,393739,393740,1,1
393738,393739,393740,1,1
393738,393739,393740,1,1
393738,393739,393741,2,1
393738,393739,393741,2,1
393738,393739,393741,2,1
393738,393739,393742,3,1
393738,393739,393741,2,1
393738,393739,393741,2,1
393738,393739,393741,2,1
393738,393739,393741,2,1
393738,393739,393741,2,1
393738,393739,393741,2,1
393738,393739,393741,2,1
393738,393739,393741,2,1
393738,393739,393741,2,1
393738,393739,393741,2,1
393738,393739,393742,3,1
393738,393739,393741,2,1
393738,393739,393742,3,1
393738,393739,393741,2,1
393738,393739,393741,2,1
393738,393739,393741,2,1
393738,393739,393742,3,1
393738,393739,393742,3,1
393738,393739,393742,3,1
393738,393739,393742,3,1
393738,393739,393742,3,1
393738,393739,393742,3,1
393738,393739,393742,3,1
393738,393739,393742,3,1
393738,393739,393742,3,1
393738,393739,393742,3,1
393738,393739,393742,3,1
393738,393739,393742,3,1
393738,393739,393742,3,1
393738,393739,393742,3,1
393738,393739,393742,3,1
393738,393739,393742,3,1
393744,393744,393746,2,0
393744,393744,393746,2,0
393744,393744,393746,2,0
393744,393744,393746,2,0
393744,393744,393746,2,0
393744,393744,393746,2,0
393744,393744,393746,2,0
393744,393744,393746,2,0
393744,393744,393745,1,0
393744,393744,393746,2,0
393744,393744,393746,2,0
393744,393744,393746,2,0
393744,393744,393746,2,0
393744,393744,393746,2,0
393744,393744,393746,2,0
393744,393744,393746,2,0
393744,393744,393746,2,0
393744,393744,393746,2,0
393744,393744,393746,2,0
393744,393744,393746,2,0
393744,393744,393746,2,0
393744,393744,393746,2,0
393744,393744,393746,2,0
393744,393745,393746,1,1
393744,393744,393747,3,0
393744,393744,393746,2,0
393744,393744,393747,3,0
393744,393744,393747,3,0
393744,393744,393746,2,0
393744,393744,393747,3,0
393744,393744,393747,3,0
393744,393744,393747,3,0
393744,393744,393747,3,0
393744,393744,393746,2,0
393744,393744,393747,3,0
393744,393744,393747,3,0
393744,393744,393747,3,0
393744,393744,393747,3,0
393744,393744,393747,3,0
393744,393744,393746,2,0
393744,393744,393747,3,0
393744,393744,393747,3,0
393744,393744,393747,3,0
393744,393744,393747,3,0
393744,393744,393747,3,0
393744,393744,393747,3,0
393744,393744,393748,4,0
393744,393744,393748,4,0
393744,393744,393748,4,0
393744,393744,393748,4,0
393744,393744,393748,4,0
393744,393744,393748,4,0
393744,393744,393748,4,0
393744,393744,393748,4,0
393744,393744,393747,3,0
393744,393744,393748,4,0
393744,393744,393748,4,0
393744,393744,393747,3,0
393744,393744,393748,4,0
393744,393744,393747,3,0
393744,393744,393748,4,0
393340,393340,393780,440,0
393781,393781,393783,2,0
393781,393781,393783,2,0
393781,393781,393783,2,0
393781,393781,393783,2,0
393781,393781,393783,2,0
393781,393781,393783,2,0
393781,393782,393783,1,1
393781,393781,393783,2,0
393781,393781,393783,2,0
393781,393781,393783,2,0
393781,393781,393783,2,0
393781,393781,393783,2,0
393781,393781,393783,2,0
393781,393781,393783,2,0
393781,393782,393783,1,1
393781,393781,393783,2,0
393781,393781,393783,2,0
393781,393781,393783,2,0
393781,393781,393783,2,0
393781,393782,393783,1,1
393781,393781,393783,2,0
393781,393781,393783,2,0
393781,393781,393783,2,0
393781,393782,393783,1,1
393781,393781,393784,3,0
393781,393781,393783,2,0
393781,393782,393784,2,1
393781,393782,393784,2,1
393781,393782,393784,2,1
393399,393400,393784,384,1
393781,393781,393784,3,0
393781,393781,393784,3,0
393781,393781,393784,3,0
393781,393781,393784,3,0
393781,393781,393784,3,0
393781,393782,393784,2,1
393781,393782,393784,2,1
393781,393782,393785,3,1
393781,393782,393785,3,1
393781,393782,393785,3,1
393781,393781,393785,4,0
393781,393781,393785,4,0
393781,393782,393785,3,1
393781,393782,393785,3,1
393781,393782,393785,3,1
393781,393782,393785,3,1
393781,393782,393785,3,1
393781,393781,393785,4,0
393781,393781,393786,5,0
393781,393782,393785,3,1
393781,393781,393785,4,0
393781,393781,393785,4,0
393781,393781,393785,4,0
393781,393781,393785,4,0
393781,393781,393785,4,0
393781,393781,393785,4,0
393785,393785,393787,2,0
393785,393785,393787,2,0
393785,393785,393787,2,0
393785,393785,393787,2,0
393785,393785,393787,2,0
393785,393785,393787,2,0
393785,393785,393787,2,0
393785,393786,393787,1,1
393785,393786,393788,2,1
393785,393785,393787,2,0
393785,393785,393787,2,0
393785,393785,393787,2,0
393785,393786,393787,1,1
393785,393786,393788,2,1
393785,393785,393787,2,0
393785,393785,393787,2,0
393785,393786,393787,1,1
393785,393786,393787,1,1
393785,393786,393788,2,1
393785,393787,393788,1,2
393785,393787,393788,1,2
393785,393787,393788,1,2
393785,393787,393788,1,2
393785,393787,393788,1,2
393785,393787,393788,1,2
393785,393788,393789,1,3
393785,393787,393788,1,2
393785,393786,393789,3,1
393785,393786,393789,3,1
393785,393786,393789,3,1
393785,393788,393789,1,3
393785,393788,393789,1,3
393785,393786,393789,3,1
393785,393786,393788,2,1
393785,393786,393788,2,1
393785,393786,393788,2,1
393785,393786,393788,2,1
393785,393786,393788,2,1
393785,393785,393789,4,0
393785,393785,393789,4,0
393785,393786,393789,3,1
393785,393785,393789,4,0
393785,393785,393789,4,0
393785,393785,393789,4,0
393785,393786,393789,3,1
393785,393785,393789,4,0
393785,393785,393789,4,0
393785,393785,393789,4,0
393785,393785,393789,4,0
393785,393785,393789,4,0
393785,393785,393789,4,0
393785,393785,393789,4,0
393785,393787,393789,2,2
393785,393787,393789,2,2
393785,393788,393789,1,3
393785,393788,393789,1,3
393785,393788,393789,1,3
393785,393786,393789,3,1
393781,393794,393795,1,13
393781,393794,393795,1,13
393781,393794,393796,2,13
393781,393794,393797,3,13
393781,393782,393785,3,1
393781,393782,393785,3,1
393785,393803,393805,2,18
393342,393345,393806,461,3
393785,393803,393807,4,18
393785,393803,393806,3,18
393817,393817,393819,2,0
393817,393817,393819,2,0
393817,393817,393819,2,0
393817,393817,393819,2,0
393817,393817,393819,2,0
393817,393817,393819,2,0
393817,393817,393819,2,0
393817,393817,393819,2,0
393817,393817,393819,2,0
393817,393817,393819,2,0
393817,393817,393819,2,0
393817,393817,393819,2,0
393817,393817,393819,2,0
393817,393817,393819,2,0
393817,393817,393819,2,0
393817,393817,393819,2,0
393817,393817,393819,2,0
393817,393817,393819,2,0
393817,393817,393819,2,0
393817,393817,393819,2,0
393817,393817,393819,2,0
393817,393817,393819,2,0
393817,393817,393819,2,0
393817,393818,393820,2,1
393817,393818,393820,2,1
393817,393818,393820,2,1
393817,393817,393820,3,0
393817,393817,393819,2,0
393817,393817,393820,3,0
393817,393817,393820,3,0
393817,393817,393820,3,0
393817,393817,393820,3,0
393817,393817,393820,3,0
393817,393817,393820,3,0
393817,393817,393820,3,0
393817,393817,393820,3,0
393817,393817,393820,3,0
393817,393817,393820,3,0
393817,393818,393820,2,1
393817,393818,393821,3,1
393817,393817,393821,4,0
393817,393817,393821,4,0
393817,393817,393821,4,0
393817,393817,393821,4,0
393817,393817,393821,4,0
393817,393817,393821,4,0
393817,393817,393821,4,0
393817,393817,393821,4,0
393817,393817,393820,3,0
393817,393817,393821,4,0
393817,393817,393821,4,0
393817,393817,393821,4,0
393817,393817,393821,4,0
393817,393817,393821,4,0
393817,393817,393821,4,0
393817,393817,393821,4,0
393817,393817,393821,4,0
393817,393817,393821,4,0
393817,393817,393821,4,0
393817,393817,393821,4,0
393817,393817,393821,4,0
393407,393408,393830,422,1
393839,393839,393841,2,0
393839,393839,393841,2,0
393839,393839,393841,2,0
393839,393839,393841,2,0
393839,393839,393841,2,0
393839,393839,393841,2,0
393839,393839,393841,2,0
393839,393839,393841,2,0
393839,393839,393841,2,0
393839,393839,393841,2,0
393839,393839,393841,2,0
393839,393839,393841,2,0
393839,393839,393841,2,0
393839,393839,393841,2,0
393839,393839,393841,2,0
393839,393839,393841,2,0
393839,393839,393841,2,0
393839,393839,393841,2,0
393839,393839,393842,3,0
393839,393839,393842,3,0
393839,393839,393842,3,0
393839,393839,393842,3,0
393839,393839,393842,3,0
393839,393839,393842,3,0
393839,393839,393842,3,0
393839,393839,393842,3,0
393839,393839,393842,3,0
393839,393840,393842,2,1
393839,393839,393842,3,0
393839,393840,393842,2,1
393839,393840,393842,2,1
393839,393839,393842,3,0
393839,393839,393843,4,0
393839,393839,393843,4,0
393839,393839,393843,4,0
393839,393839,393843,4,0
393839,393839,393843,4,0
393839,393839,393843,4,0
393839,393839,393843,4,0
393839,393839,393843,4,0
393839,393839,393843,4,0
393839,393839,393843,4,0
393839,393839,393843,4,0
393839,393840,393843,3,1
393839,393839,393843,4,0
393839,393839,393843,4,0
393839,393839,393845,6,0
393839,393839,393846,7,0
393839,393839,393845,6,0
393839,393844,393845,1,5
393839,393844,393845,1,5
393839,393844,393845,1,5
393839,393844,393846,2,5
393839,393847,393848,1,8
393839,393844,393848,4,5
393839,393844,393847,3,5
393839,393847,393848,1,8
393839,393847,393848,1,8
393839,393847,393848,1,8
393839,393847,393848,1,8
393839,393847,393849,2,8
393425,393426,393853,427,1
393869,393870,393871,1,1
393869,393870,393872,2,1
393869,393870,393871,1,1
393869,393870,393872,2,1
393869,393870,393871,1,1
393869,393870,393871,1,1
393869,393870,393871,1,1
393869,393870,393871,1,1
393869,393870,393871,1,1
393869,393870,393871,1,1
393869,393870,393871,1,1
393869,393870,393871,1,1
393869,393870,393871,1,1
393869,393870,393872,2,1
393869,393870,393871,1,1
393869,393870,393871,1,1
393869,393870,393871,1,1
393869,393870,393871,1,1
393869,393870,393871,1,1
393869,393870,393872,2,1
393869,393870,393871,1,1
393869,393870,393872,2,1
393869,393870,393872,2,1
393869,393870,393872,2,1
393869,393870,393873,3,1
393869,393870,393872,2,1
393869,393870,393872,2,1
393869,393870,393872,2,1
393869,393870,393872,2,1
393869,393870,393872,2,1
393869,393870,393872,2,1
393869,393870,393872,2,1
393869,393870,393872,2,1
393869,393870,393873,3,1
393869,393870,393873,3,1
393869,393870,393873,3,1
393869,393870,393873,3,1
393869,393870,393873,3,1
393869,393870,393873,3,1
393869,393870,393873,3,1
393869,393870,393874,4,1
393869,393870,393873,3,1
393869,393870,393873,3,1
393869,393870,393873,3,1
393869,393870,393873,3,1
393869,393870,393873,3,1
393869,393870,393873,3,1
393869,393870,393873,3,1
393869,393870,393874,4,1
393869,393870,393873,3,1
393869,393870,393873,3,1
393869,393870,393874,4,1
393869,393870,393875,5,1
393869,393875,393876,1,6
393869,393875,393876,1,6
393869,393875,393876,1,6
393869,393875,393877,2,6
393869,393875,393876,1,6
393869,393870,393876,6,1
393869,393870,393876,6,1
393869,393875,393878,3,6
393440,393440,393888,448,0
393459,393460,393893,433,1
393892,393893,393894,1,1
393892,393892,393894,2,0
393892,393892,393894,2,0
393892,393892,393894,2,0
393892,393892,393894,2,0
393892,393892,393894,2,0
393892,393892,393894,2,0
393892,393892,393894,2,0
393892,393892,393894,2,0
393892,393892,393894,2,0
393892,393892,393894,2,0
393892,393892,393894,2,0
393892,393892,393894,2,0
393892,393892,393894,2,0
393892,393892,393894,2,0
393892,393892,393894,2,0
393892,393892,393894,2,0
393892,393892,393894,2,0
393892,393892,393894,2,0
393892,393892,393894,2,0
393892,393892,393894,2,0
393892,393892,393895,3,0
393892,393892,393895,3,0
393892,393893,393895,2,1
393892,393893,393895,2,1
393892,393892,393894,2,0
393892,393892,393894,2,0
393892,393892,393895,3,0
393892,393892,393895,3,0
393892,393892,393894,2,0
393892,393892,393895,3,0
393892,393892,393894,2,0
393892,393892,393895,3,0
393892,393892,393895,3,0
393892,393892,393895,3,0
393892,393892,393895,3,0
393892,393892,393894,2,0
393892,393892,393895,3,0
393892,393892,393895,3,0
393892,393892,393896,4,0
393892,393892,393896,4,0
393892,393892,393895,3,0
393892,393893,393895,2,1
393892,393892,393896,4,0
393892,393892,393896,4,0
393892,393892,393896,4,0
393892,393892,393896,4,0
393894,393894,393896,2,0
393894,393894,393896,2,0
393894,393894,393896,2,0
393892,393892,393896,4,0
393892,393892,393896,4,0
393894,393894,393896,2,0
393894,393894,393896,2,0
393892,393892,393896,4,0
393892,393892,393896,4,0
393892,393892,393896,4,0
393894,393894,393896,2,0
393894,393894,393896,2,0
393892,393892,393896,4,0
393892,393892,393896,4,0
393894,393894,393896,2,0
393894,393894,393896,2,0
393894,393894,393896,2,0
393892,393892,393896,4,0
393894,393894,393896,2,0
393894,393894,393896,2,0
393892,393892,393896,4,0
393894,393894,393896,2,0
393894,393894,393896,2,0
393892,393892,393896,4,0
393892,393892,393896,4,0
393894,393894,393896,2,0
393894,393894,393896,2,0
393894,393894,393896,2,0
393892,393892,393897,5,0
393892,393892,393897,5,0
393894,393894,393897,3,0
393894,393897,393898,1,3
393892,393892,393897,5,0
393894,393894,393897,3,0
393894,393897,393898,1,3
393894,393894,393898,4,0
393894,393894,393898,4,0
393894,393897,393898,1,3
393894,393897,393898,1,3
393894,393897,393898,1,3
393894,393897,393899,2,3
393894,393896,393898,2,2
393894,393896,393898,2,2
393894,393896,393898,2,2
393894,393896,393898,2,2
393894,393896,393898,2,2
393894,393896,393898,2,2
393894,393897,393898,1,3
393894,393897,393898,1,3
393894,393897,393898,1,3
393894,393896,393898,2,2
393894,393896,393899,3,2
393894,393897,393898,1,3
393894,393897,393898,1,3
393894,393897,393898,1,3
393894,393897,393898,1,3
393894,393896,393899,3,2
393894,393896,393899,3,2
393894,393897,393898,1,3
393894,393895,393899,4,1
393894,393895,393899,4,1
393894,393896,393898,2,2
393894,393896,393899,3,2
393894,393895,393899,4,1
393894,393895,393899,4,1
393894,393896,393899,3,2
393894,393897,393899,2,3
393894,393897,393899,2,3
393894,393897,393899,2,3
393894,393897,393899,2,3
393894,393896,393900,4,2
393894,393896,393899,3,2
393894,393896,393899,3,2
393894,393896,393899,3,2
393894,393896,393899,3,2
393477,393478,393953,475,1
393955,393955,393957,2,0
393955,393955,393957,2,0
393955,393955,393957,2,0
393955,393955,393957,2,0
393955,393955,393957,2,0
393955,393955,393957,2,0
393955,393955,393957,2,0
393955,393955,393957,2,0
393955,393955,393957,2,0
393955,393955,393957,2,0
393955,393955,393957,2,0
393955,393955,393957,2,0
393955,393955,393957,2,0
393955,393955,393957,2,0
393955,393955,393957,2,0
393955,393955,393957,2,0
393955,393955,393957,2,0
393955,393955,393957,2,0
393955,393955,393957,2,0
393955,393955,393957,2,0
393955,393955,393957,2,0
393955,393955,393957,2,0
393955,393955,393957,2,0
393955,393957,393958,1,2
393955,393955,393958,3,0
393955,393955,393958,3,0
393955,393955,393958,3,0
393955,393955,393958,3,0
393955,393955,393958,3,0
393955,393955,393957,2,0
393955,393955,393957,2,0
393955,393955,393957,2,0
393955,393955,393957,2,0
393955,393955,393958,3,0
393955,393955,393957,2,0
393955,393955,393958,3,0
393955,393955,393958,3,0
393955,393955,393958,3,0
393955,393957,393958,1,2
393955,393955,393958,3,0
393955,393955,393959,4,0
393955,393955,393958,3,0
393497,393498,393958,460,1
393955,393955,393959,4,0
393955,393955,393958,3,0
393955,393955,393959,4,0
393955,393955,393959,4,0
393955,393955,393959,4,0
393955,393955,393959,4,0
393955,393955,393959,4,0
393955,393955,393959,4,0
393955,393955,393958,3,0
393955,393955,393959,4,0
393955,393955,393958,3,0
393955,393955,393959,4,0
393955,393955,393958,3,0
393955,393955,393959,4,0
393955,393955,393958,3,0
393955,393957,393960,3,2
393955,393957,393959,2,2
393955,393957,393959,2,2
393955,393957,393960,3,2
393961,393961,393963,2,0
393961,393961,393963,2,0
393961,393961,393963,2,0
393961,393961,393963,2,0
393961,393961,393963,2,0
393961,393961,393963,2,0
393961,393961,393963,2,0
393961,393961,393963,2,0
393961,393961,393963,2,0
393961,393961,393963,2,0
393961,393961,393963,2,0
393961,393961,393963,2,0
393961,393961,393963,2,0
393961,393961,393963,2,0
393961,393961,393963,2,0
393961,393961,393963,2,0
393961,393961,393963,2,0
393961,393961,393963,2,0
393961,393961,393963,2,0
393961,393961,393964,3,0
393961,393961,393963,2,0
393961,393961,393964,3,0
393961,393961,393963,2,0
393961,393961,393964,3,0
393961,393961,393964,3,0
393961,393961,393963,2,0
393961,393961,393964,3,0
393961,393961,393964,3,0
393961,393961,393963,2,0
393961,393961,393964,3,0
393961,393961,393964,3,0
393961,393961,393964,3,0
393961,393961,393963,2,0
393961,393961,393964,3,0
393961,393961,393963,2,0
393961,393961,393963,2,0
393961,393961,393963,2,0
393961,393961,393964,3,0
393961,393961,393965,4,0
393961,393961,393964,3,0
393961,393961,393964,3,0
393961,393961,393965,4,0
393961,393961,393965,4,0
393961,393961,393965,4,0
393961,393961,393965,4,0
393961,393961,393964,3,0
393961,393961,393965,4,0
393961,393961,393965,4,0
393961,393961,393964,3,0
393961,393961,393965,4,0
393961,393961,393965,4,0
393961,393961,393964,3,0
393961,393961,393964,3,0
393961,393961,393965,4,0
393961,393961,393965,4,0
393961,393961,393964,3,0
393961,393961,393965,4,0
393961,393961,393965,4,0
393961,393961,393964,3,0
393961,393961,393965,4,0
393961,393961,393966,5,0
393591,393592,393995,403,1
393999,393999,394001,2,0
393999,393999,394001,2,0
393999,393999,394001,2,0
393999,393999,394001,2,0
393999,393999,394001,2,0
393999,393999,394001,2,0
393999,393999,394001,2,0
393999,393999,394001,2,0
393999,394000,394001,1,1
393999,393999,394001,2,0
393999,393999,394001,2,0
393999,393999,394001,2,0
393999,393999,394001,2,0
393999,393999,394001,2,0
393999,393999,394001,2,0
393999,393999,394001,2,0
393999,393999,394001,2,0
393999,393999,394001,2,0
393999,393999,394001,2,0
393999,393999,394001,2,0
393999,393999,394002,3,0
393999,393999,394002,3,0
393999,393999,394002,3,0
393999,393999,394002,3,0
393999,393999,394001,2,0
393999,393999,394001,2,0
393999,393999,394002,3,0
393999,393999,394002,3,0
393999,393999,394002,3,0
393999,393999,394001,2,0
393999,393999,394002,3,0
393999,393999,394002,3,0
393999,393999,394001,2,0
393999,393999,394001,2,0
393999,393999,394002,3,0
393999,393999,394002,3,0
393999,393999,394002,3,0
393999,393999,394002,3,0
393999,393999,394002,3,0
393999,393999,394003,4,0
393999,393999,394002,3,0
393999,393999,394003,4,0
393999,393999,394002,3,0
393999,393999,394002,3,0
393999,393999,394003,4,0
393999,393999,394002,3,0
393999,393999,394003,4,0
393999,393999,394003,4,0
393999,393999,394002,3,0
393999,393999,394002,3,0
393559,393560,394007,447,1
394010,394011,394012,1,1
394010,394011,394012,1,1
394010,394011,394012,1,1
394010,394011,394012,1,1
394010,394011,394012,1,1
394010,394011,394012,1,1
394010,394011,394012,1,1
394010,394011,394012,1,1
394010,394011,394012,1,1
394010,394011,394013,2,1
394010,394011,394012,1,1
394010,394011,394012,1,1
394010,394011,394012,1,1
394010,394011,394012,1,1
394010,394011,394012,1,1
394010,394011,394012,1,1
394010,394011,394013,2,1
394010,394011,394013,2,1
394010,394011,394013,2,1
394010,394011,394013,2,1
394010,394011,394013,2,1
394010,394011,394013,2,1
394010,394011,394013,2,1
394010,394011,394013,2,1
394010,394011,394013,2,1
394010,394011,394013,2,1
394010,394011,394013,2,1
394010,394011,394014,3,1
394010,394011,394014,3,1
394010,394011,394013,2,1
394010,394011,394013,2,1
394010,394011,394013,2,1
394010,394013,394014,1,3
394010,394013,394014,1,3
394010,394013,394014,1,3
394010,394011,394013,2,1
394010,394011,394014,3,1
394010,394011,394014,3,1
394010,394011,394014,3,1
394010,394011,394014,3,1
394010,394011,394014,3,1
394010,394013,394014,1,3
394010,394013,394014,1,3
394010,394013,394014,1,3
394010,394011,394014,3,1
394010,394011,394014,3,1
394010,394011,394014,3,1
394010,394011,394014,3,1
394010,394013,394014,1,3
394010,394011,394014,3,1
394010,394013,394014,1,3
394010,394013,394014,1,3
394010,394011,394014,3,1
394010,394011,394014,3,1
394010,394013,394014,1,3
394010,394013,394014,1,3
394010,394011,394014,3,1
394010,394011,394014,3,1
393999,394014,394015,1,15
393999,394014,394015,1,15
393999,394014,394015,1,15
394010,394011,394015,4,1
394010,394011,394015,4,1
393999,394014,394015,1,15
393999,394014,394016,2,15
393577,393578,394023,445,1
393999,394000,394001,1,1
393999,394000,394002,2,1
393999,394000,394001,1,1
393999,394000,394001,1,1
393999,394000,394002,2,1
393999,394000,394003,3,1
394024,394025,394026,1,1
394024,394025,394026,1,1
394024,394025,394026,1,1
394024,394025,394026,1,1
394024,394025,394027,2,1
394024,394025,394026,1,1
394024,394025,394026,1,1
394024,394025,394026,1,1
394024,394025,394026,1,1
394024,394025,394026,1,1
394024,394025,394026,1,1
394024,394025,394026,1,1
394024,394025,394027,2,1
394024,394025,394027,2,1
394024,394025,394026,1,1
394024,394025,394027,2,1
394024,394025,394026,1,1
394024,394025,394026,1,1
394024,394025,394026,1,1
394024,394025,394027,2,1
394024,394025,394027,2,1
394024,394025,394027,2,1
394024,394025,394027,2,1
394024,394025,394027,2,1
394024,394025,394027,2,1
394024,394025,394026,1,1
394024,394025,394028,3,1
394024,394025,394027,2,1
394024,394025,394028,3,1
394024,394025,394027,2,1
394024,394025,394027,2,1
394024,394025,394027,2,1
394024,394025,394027,2,1
394024,394025,394028,3,1
394024,394025,394027,2,1
394024,394025,394027,2,1
394024,394025,394027,2,1
394024,394025,394028,3,1
394024,394025,394027,2,1
394024,394025,394028,3,1
394024,394025,394028,3,1
394024,394025,394027,2,1
394024,394025,394027,2,1
394024,394025,394028,3,1
394024,394026,394027,1,2
394024,394025,394028,3,1
394024,394025,394028,3,1
394024,394025,394029,4,1
394024,394025,394028,3,1
394024,394025,394028,3,1
394024,394025,394028,3,1
394024,394025,394028,3,1
394024,394025,394028,3,1
394024,394025,394028,3,1
394024,394025,394028,3,1
394024,394025,394028,3,1
394024,394025,394028,3,1
394024,394025,394028,3,1
394024,394025,394028,3,1
394024,394025,394028,3,1
394024,394025,394028,3,1
393693,393694,394087,393,1
394089,394090,394092,2,1
394089,394090,394092,2,1
394089,394090,394091,1,1
394089,394090,394091,1,1
394089,394090,394091,1,1
394089,394090,394091,1,1
394089,394090,394091,1,1
394089,394090,394091,1,1
394089,394090,394091,1,1
394089,394090,394091,1,1
394089,394090,394091,1,1
394089,394090,394091,1,1
394089,394090,394091,1,1
394089,394090,394092,2,1
394089,394090,394092,2,1
394089,394090,394092,2,1
394089,394090,394091,1,1
394089,394090,394092,2,1
394089,394090,394091,1,1
394089,394090,394091,1,1
394089,394090,394092,2,1
394089,394090,394091,1,1
394089,394090,394091,1,1
394089,394090,394092,2,1
394089,394090,394092,2,1
394089,394090,394092,2,1
394089,394090,394092,2,1
394089,394090,394092,2,1
394089,394090,394092,2,1
394089,394090,394092,2,1
394089,394090,394092,2,1
394089,394090,394092,2,1
394089,394090,394092,2,1
394089,394090,394093,3,1
394089,394090,394092,2,1
394089,394090,394092,2,1
394089,394090,394092,2,1
394089,394090,394093,3,1
394089,394090,394092,2,1
394089,394090,394093,3,1
394089,394090,394092,2,1
394089,394090,394093,3,1
394089,394090,394093,3,1
394089,394090,394092,2,1
394089,394090,394094,4,1
394089,394090,394093,3,1
394089,394090,394094,4,1
394089,394090,394093,3,1
394089,394090,394093,3,1
394089,394090,394093,3,1
394089,394090,394093,3,1
394089,394090,394094,4,1
394089,394090,394093,3,1
394089,394090,394093,3,1
394089,394090,394094,4,1
394089,394090,394093,3,1
394089,394090,394093,3,1
394089,394090,394094,4,1
394089,394090,394093,3,1
394089,394090,394093,3,1
394089,394090,394093,3,1
393616,393618,394096,478,2
394108,394108,394110,2,0
394108,394108,394110,2,0
394108,394108,394110,2,0
394108,394108,394110,2,0
394108,394108,394110,2,0
394108,394108,394110,2,0
394108,394108,394110,2,0
394108,394108,394110,2,0
394108,394108,394110,2,0
394108,394108,394110,2,0
394108,394108,394110,2,0
394108,394108,394110,2,0
394108,394108,394110,2,0
394108,394108,394110,2,0
394108,394108,394110,2,0
394108,394108,394110,2,0
394108,394108,394110,2,0
394108,394108,394110,2,0
394108,394108,394110,2,0
394108,394108,394110,2,0
394108,394108,394110,2,0
394108,394108,394110,2,0
393671,393672,394110,438,1
394108,394108,394110,2,0
394108,394108,394110,2,0
394108,394108,394110,2,0
394108,394108,394110,2,0
394108,394108,394110,2,0
394108,394108,394110,2,0
394108,394108,394110,2,0
394108,394109,394110,1,1
394108,394108,394111,3,0
394108,394108,394110,2,0
394108,394108,394111,3,0
394108,394108,394111,3,0
394108,394108,394111,3,0
394108,394108,394110,2,0
394108,394108,394111,3,0
394108,394108,394111,3,0
394108,394108,394111,3,0
394108,394108,394111,3,0
394108,394108,394111,3,0
394108,394108,394111,3,0
394108,394108,394111,3,0
394108,394108,394111,3,0
394108,394108,394112,4,0
394108,394108,394111,3,0
394108,394108,394112,4,0
394108,394108,394112,4,0
394108,394108,394112,4,0
394108,394108,394111,3,0
394108,394108,394111,3,0
394108,394108,394112,4,0
394108,394108,394112,4,0
394108,394108,394112,4,0
394108,394108,394112,4,0
394108,394108,394112,4,0
394108,394108,394112,4,0
394108,394108,394112,4,0
394108,394108,394112,4,0
394108,394108,394111,3,0
394108,394108,394112,4,0
394112,394112,394114,2,0
394112,394112,394114,2,0
394112,394112,394114,2,0
394112,394112,394114,2,0
394112,394112,394114,2,0
394112,394112,394114,2,0
394112,394112,394114,2,0
394112,394112,394114,2,0
394112,394112,394114,2,0
394112,394112,394114,2,0
394112,394112,394114,2,0
394112,394113,394115,2,1
394112,394112,394114,2,0
394112,394112,394114,2,0
394112,394112,394114,2,0
394112,394113,394114,1,1
394112,394113,394114,1,1
394112,394112,394114,2,0
394112,394113,394114,1,1
394112,394113,394114,1,1
394112,394112,394114,2,0
394112,394113,394114,1,1
394112,394113,394114,1,1
394112,394112,394114,2,0
394112,394112,394114,2,0
394112,394112,394114,2,0
394112,394113,394115,2,1
394112,394113,394115,2,1
394112,394112,394114,2,0
394112,394112,394114,2,0
394112,394112,394114,2,0
394112,394113,394115,2,1
394112,394112,394115,3,0
394112,394112,394115,3,0
394112,394112,394115,3,0
394112,394112,394115,3,0
394112,394113,394115,2,1
394112,394112,394115,3,0
394112,394112,394115,3,0
394112,394113,394115,2,1
394112,394112,394116,4,0
394112,394112,394116,4,0
394112,394112,394116,4,0
394112,394113,394115,2,1
394112,394113,394115,2,1
394112,394112,394115,3,0
394112,394112,394116,4,0
394112,394112,394116,4,0
394112,394112,394115,3,0
394112,394112,394116,4,0
394112,394112,394116,4,0
394112,394112,394115,3,0
394112,394112,394116,4,0
394112,394113,394115,2,1
394112,394113,394115,2,1
394112,394112,394116,4,0
394112,394112,394116,4,0
394112,394112,394116,4,0
394112,394112,394116,4,0
394112,394112,394116,4,0
394112,394112,394116,4,0
393634,393635,394129,494,1
394146,394147,394149,2,1
394146,394147,394148,1,1
394146,394147,394149,2,1
394146,394147,394148,1,1
394146,394147,394148,1,1
394146,394147,394148,1,1
394146,394147,394148,1,1
394146,394147,394148,1,1
394146,394147,394148,1,1
394146,394147,394148,1,1
394146,394147,394148,1,1
394146,394147,394149,2,1
394146,394147,394148,1,1
394146,394147,394148,1,1
394146,394147,394148,1,1
394146,394147,394148,1,1
394146,394147,394149,2,1
394146,394147,394148,1,1
394146,394147,394148,1,1
394146,394147,394149,2,1
394146,394147,394149,2,1
394146,394147,394149,2,1
394146,394147,394150,3,1
394146,394147,394149,2,1
394146,394147,394149,2,1
394146,394147,394149,2,1
394146,394147,394150,3,1
394146,394147,394149,2,1
394146,394147,394150,3,1
394146,394147,394149,2,1
394146,394147,394149,2,1
394146,394147,394149,2,1
394146,394147,394149,2,1
394146,394147,394149,2,1
394146,394147,394149,2,1
394146,394147,394149,2,1
394146,394147,394149,2,1
394146,394147,394149,2,1
394146,394147,394149,2,1
394146,394147,394149,2,1
394146,394147,394150,3,1
394146,394147,394150,3,1
394146,394147,394151,4,1
394146,394147,394150,3,1
394146,394147,394150,3,1
394146,394147,394150,3,1
394146,394147,394150,3,1
394146,394147,394150,3,1
394146,394147,394150,3,1
394146,394147,394150,3,1
394146,394147,394150,3,1
394146,394147,394150,3,1
394146,394147,394150,3,1
394146,394147,394150,3,1
394146,394151,394152,1,5
394146,394151,394152,1,5
394146,394151,394153,2,5
394146,394151,394152,1,5
394146,394151,394154,3,5
393703,393706,394155,449,3
394156,394157,394158,1,1
394156,394157,394158,1,1
394156,394157,394158,1,1
394156,394157,394158,1,1
394156,394157,394158,1,1
394156,394157,394158,1,1
394156,394157,394158,1,1
394156,394157,394158,1,1
394156,394157,394158,1,1
394156,394157,394158,1,1
394156,394157,394158,1,1
394156,394157,394158,1,1
394156,394157,394158,1,1
394156,394157,394158,1,1
394156,394157,394158,1,1
394156,394157,394159,2,1
394156,394157,394158,1,1
394156,394157,394158,1,1
394156,394157,394158,1,1
394156,394157,394158,1,1
394156,394157,394158,1,1
394156,394157,394158,1,1
394156,394157,394158,1,1
394156,394157,394159,2,1
394156,394157,394159,2,1
394156,394157,394160,3,1
394156,394157,394159,2,1
394156,394157,394159,2,1
394156,394159,394160,1,3
394156,394157,394160,3,1
394156,394157,394160,3,1
394156,394157,394159,2,1
394156,394157,394159,2,1
394156,394157,394159,2,1
394156,394157,394159,2,1
394156,394157,394159,2,1
394156,394157,394159,2,1
394156,394157,394160,3,1
394156,394157,394159,2,1
394156,394157,394159,2,1
394156,394157,394160,3,1
394156,394159,394160,1,3
394156,394157,394160,3,1
393705,393706,394160,454,1
394156,394157,394160,3,1
394156,394157,394160,3,1
394156,394157,394160,3,1
394156,394157,394160,3,1
394156,394157,394160,3,1
394156,394157,394160,3,1
394156,394157,394160,3,1
394156,394157,394160,3,1
394156,394157,394160,3,1
394156,394157,394160,3,1
394156,394157,394160,3,1
394162,394163,394164,1,1
394162,394163,394164,1,1
394162,394163,394164,1,1
394162,394163,394164,1,1
394162,394163,394164,1,1
394162,394163,394164,1,1
394162,394163,394164,1,1
394162,394163,394164,1,1
394162,394163,394164,1,1
394162,394163,394164,1,1
394162,394163,394164,1,1
394162,394163,394164,1,1
394162,394163,394164,1,1
394162,394163,394164,1,1
394162,394163,394164,1,1
394162,394163,394164,1,1
394162,394163,394164,1,1
394162,394163,394164,1,1
394162,394163,394165,2,1
394162,394163,394165,2,1
394162,394163,394165,2,1
394162,394163,394165,2,1
394162,394163,394165,2,1
394162,394163,394165,2,1
394162,394163,394165,2,1
394162,394163,394165,2,1
394162,394163,394166,3,1
394162,394163,394165,2,1
394162,394163,394165,2,1
394162,394163,394166,3,1
394162,394163,394166,3,1
394162,394163,394165,2,1
394162,394163,394165,2,1
394162,394163,394166,3,1
394162,394163,394165,2,1
394162,394165,394166,1,3
394162,394165,394166,1,3
394162,394163,394165,2,1
394162,394163,394165,2,1
394162,394163,394166,3,1
394162,394163,394166,3,1
394162,394163,394166,3,1
394162,394163,394166,3,1
394162,394163,394166,3,1
394162,394163,394166,3,1
394162,394163,394166,3,1
394162,394163,394166,3,1
394162,394163,394167,4,1
394162,394163,394166,3,1
394162,394163,394167,4,1
394162,394163,394166,3,1
394162,394163,394166,3,1
394162,394163,394166,3,1
394162,394165,394166,1,3
394162,394165,394166,1,3
394162,394165,394166,1,3
394162,394163,394166,3,1
394162,394165,394166,1,3
394162,394165,394166,1,3
394162,394165,394166,1,3
394162,394165,394166,1,3
394146,394147,394150,3,1
394146,394147,394150,3,1
394156,394170,394171,1,14
394156,394170,394171,1,14
394156,394170,394171,1,14
394156,394170,394171,1,14
394156,394171,394172,1,15
394156,394171,394173,2,15
394156,394171,394174,3,15
393745,393746,394184,438,1
394187,394187,394189,2,0
394187,394187,394189,2,0
394187,394187,394189,2,0
394187,394187,394189,2,0
394187,394187,394189,2,0
394187,394187,394189,2,0
394187,394187,394189,2,0
394187,394187,394189,2,0
394187,394187,394189,2,0
394187,394187,394189,2,0
394187,394187,394189,2,0
394187,394187,394189,2,0
394187,394187,394189,2,0
394187,394187,394189,2,0
394187,394187,394189,2,0
394187,394187,394189,2,0
394187,394187,394189,2,0
394187,394187,394189,2,0
394187,394187,394189,2,0
394187,394187,394189,2,0
394187,394188,394189,1,1
394187,394188,394189,1,1
394187,394188,394190,2,1
394187,394187,394190,3,0
394187,394187,394190,3,0
394187,394187,394189,2,0
394187,394187,394189,2,0
394187,394189,394190,1,2
394187,394187,394190,3,0
394187,394187,394190,3,0
394187,394187,394190,3,0
394187,394187,394190,3,0
394187,394187,394190,3,0
394187,394187,394190,3,0
394187,394187,394190,3,0
394187,394187,394190,3,0
394187,394188,394190,2,1
394187,394188,394191,3,1
394187,394187,394191,4,0
394187,394187,394191,4,0
394187,394187,394191,4,0
394187,394187,394190,3,0
394187,394187,394191,4,0
394187,394187,394191,4,0
394187,394187,394191,4,0
394187,394187,394191,4,0
394187,394187,394190,3,0
394187,394187,394191,4,0
394187,394187,394191,4,0
394187,394187,394191,4,0
394187,394187,394192,5,0
394187,394187,394192,5,0
394187,394187,394192,5,0
394187,394187,394193,6,0
394187,394187,394193,6,0
394187,394187,394194,7,0
393740,393740,394197,457,0
394187,394188,394191,3,1
394187,394188,394191,3,1
394187,394188,394192,4,1
394187,394188,394191,3,1
394187,394187,394199,12,0
394187,394187,394200,13,0
394199,394199,394201,2,0
394199,394199,394200,1,0
394199,394199,394201,2,0
394199,394199,394201,2,0
394199,394199,394201,2,0
394199,394199,394201,2,0
394199,394199,394201,2,0
394199,394199,394201,2,0
394199,394199,394201,2,0
394199,394199,394201,2,0
394199,394199,394201,2,0
394199,394199,394201,2,0
394199,394199,394201,2,0
394199,394199,394201,2,0
394199,394199,394201,2,0
394199,394199,394201,2,0
394199,394199,394201,2,0
394199,394199,394201,2,0
394199,394199,394201,2,0
394199,394199,394201,2,0
394199,394199,394201,2,0
394199,394199,394202,3,0
394199,394199,394202,3,0
394199,394199,394201,2,0
394199,394199,394202,3,0
394199,394199,394202,3,0
394199,394199,394201,2,0
394199,394199,394202,3,0
394199,394199,394201,2,0
394199,394199,394202,3,0
394199,394199,394202,3,0
394199,394199,394201,2,0
394199,394199,394202,3,0
394199,394199,394202,3,0
394199,394199,394202,3,0
394199,394199,394202,3,0
394199,394199,394202,3,0
394199,394199,394202,3,0
394199,394199,394203,4,0
394199,394199,394203,4,0
394199,394199,394203,4,0
394199,394199,394202,3,0
394199,394199,394203,4,0
394199,394199,394203,4,0
394199,394199,394203,4,0
394199,394199,394203,4,0
394199,394199,394203,4,0
394199,394199,394203,4,0
394199,394199,394203,4,0
394199,394202,394203,1,3
394199,394202,394204,2,3
394199,394202,394204,2,3
394199,394199,394203,4,0
394199,394202,394205,3,3
394199,394202,394206,4,3
394199,394199,394203,4,0
394199,394199,394205,6,0
394199,394199,394201,2,0
394199,394199,394206,7,0
394199,394199,394201,2,0
394199,394224,394225,1,25
393840,393842,394225,383,2
393783,393784,394226,442,1
393787,393788,394231,443,1
394236,394236,394237,1,0
394236,394236,394238,2,0
394236,394236,394238,2,0
394236,394236,394238,2,0
394236,394236,394238,2,0
394236,394236,394238,2,0
394236,394236,394237,1,0
394236,394236,394238,2,0
394236,394236,394238,2,0
394236,394236,394238,2,0
394236,394236,394238,2,0
394236,394236,394238,2,0
394236,394236,394238,2,0
394236,394236,394238,2,0
394236,394236,394238,2,0
394236,394236,394238,2,0
394236,394236,394238,2,0
394236,394236,394238,2,0
394236,394236,394238,2,0
394236,394236,394238,2,0
394236,394236,394238,2,0
394236,394236,394238,2,0
394236,394236,394238,2,0
394236,394236,394238,2,0
394236,394237,394238,1,1
394236,394237,394238,1,1
394236,394237,394238,1,1
394236,394237,394239,2,1
394236,394236,394239,3,0
394236,394238,394239,1,2
394236,394236,394239,3,0
394236,394236,394239,3,0
394236,394236,394239,3,0
394236,394236,394239,3,0
394236,394236,394239,3,0
394236,394236,394239,3,0
394236,394236,394239,3,0
394236,394237,394238,1,1
394236,394236,394239,3,0
394236,394236,394239,3,0
394236,394236,394238,2,0
394236,394236,394238,2,0
394236,394236,394238,2,0
394236,394236,394239,3,0
394236,394236,394239,3,0
394236,394236,394239,3,0
394236,394236,394239,3,0
394236,394236,394240,4,0
394236,394236,394239,3,0
394236,394237,394240,3,1
394236,394237,394239,2,1
394236,394236,394240,4,0
394236,394236,394240,4,0
394236,394236,394240,4,0
394236,394238,394240,2,2
394236,394236,394240,4,0
394236,394238,394240,2,2
394236,394238,394240,2,2
394236,394236,394240,4,0
394236,394238,394240,2,2
394236,394238,394240,2,2
394236,394238,394240,2,2
394236,394236,394240,4,0
394236,394236,394240,4,0
394236,394236,394240,4,0
394236,394238,394240,2,2
394236,394238,394240,2,2
394236,394236,394240,4,0
394236,394236,394241,5,0
394236,394238,394240,2,2
394236,394238,394240,2,2
394236,394238,394240,2,2
394236,394238,394240,2,2
394236,394238,394240,2,2
394236,394238,394240,2,2
394236,394238,394240,2,2
394236,394236,394240,4,0
394236,394238,394240,2,2
394236,394237,394240,3,1
394236,394237,394240,3,1
394236,394236,394241,5,0
394236,394238,394242,4,2
394236,394238,394242,4,2
394236,394240,394241,1,4
394236,394240,394242,2,4
394236,394238,394241,3,2
394236,394240,394242,2,4
394236,394240,394241,1,4
394236,394240,394241,1,4
394236,394240,394241,1,4
394236,394238,394242,4,2
394236,394239,394243,4,3
394236,394240,394243,3,4
394236,394240,394243,3,4
394236,394241,394242,1,5
394236,394241,394242,1,5
394236,394239,394242,3,3
394236,394241,394242,1,5
394236,394241,394242,1,5
394236,394241,394242,1,5
394236,394240,394242,2,4
394236,394241,394242,1,5
394236,394241,394242,1,5
394236,394241,394242,1,5
394236,394241,394242,1,5
394236,394238,394242,4,2
394236,394240,394242,2,4
394236,394240,394242,2,4
394236,394240,394242,2,4
394238,394241,394242,1,3
394236,394240,394243,3,4
394236,394240,394242,2,4
394236,394240,394242,2,4
394238,394241,394242,1,3
394238,394241,394242,1,3
394238,394241,394242,1,3
394238,394241,394242,1,3
394236,394240,394242,2,4
394238,394241,394243,2,3
394238,394241,394242,1,3
394238,394241,394242,1,3
394238,394241,394242,1,3
394238,394241,394242,1,3
394236,394238,394242,4,2
394236,394240,394242,2,4
394236,394240,394242,2,4
394238,394241,394242,1,3
394238,394241,394242,1,3
394236,394240,394242,2,4
394236,394240,394242,2,4
394238,394241,394242,1,3
394238,394241,394242,1,3
394238,394241,394242,1,3
394238,394241,394242,1,3
394238,394241,394242,1,3
394238,394241,394243,2,3
394236,394240,394243,3,4
394238,394242,394243,1,4
394238,394242,394244,2,4
394238,394242,394244,2,4
394238,394243,394245,2,5
394238,394242,394245,3,4
394238,394242,394245,3,4
394238,394242,394245,3,4
394238,394242,394244,2,4
394238,394242,394245,3,4
394238,394242,394245,3,4
394238,394243,394244,1,5
394238,394243,394244,1,5
394238,394242,394245,3,4
394238,394243,394244,1,5
394238,394243,394245,2,5
394238,394243,394244,1,5
394238,394243,394244,1,5
394238,394243,394244,1,5
394238,394242,394245,3,4
394238,394243,394245,2,5
394238,394243,394245,2,5
394238,394243,394244,1,5
394238,394243,394244,1,5
394238,394243,394244,1,5
394236,394241,394245,4,5
394236,394241,394244,3,5
394236,394241,394245,4,5
394236,394241,394244,3,5
394238,394243,394246,3,5
394238,394243,394246,3,5
394238,394243,394246,3,5
394238,394243,394245,2,5
394238,394243,394245,2,5
394238,394243,394246,3,5
394238,394243,394246,3,5
394238,394243,394245,2,5
394238,394243,394245,2,5
394238,394243,394245,2,5
394238,394243,394245,2,5
394238,394243,394245,2,5
394238,394242,394245,3,4
394238,394243,394246,3,5
394238,394243,394246,3,5
394238,394243,394246,3,5
394238,394243,394246,3,5
394238,394243,394246,3,5
394238,394243,394246,3,5
393819,393820,394268,448,1
394269,394269,394271,2,0
394269,394269,394271,2,0
394269,394269,394271,2,0
394269,394269,394271,2,0
394269,394269,394271,2,0
394269,394269,394271,2,0
394269,394269,394271,2,0
394269,394269,394271,2,0
394269,394269,394271,2,0
394269,394269,394271,2,0
394269,394269,394271,2,0
394269,394269,394271,2,0
394269,394269,394271,2,0
394269,394269,394271,2,0
394269,394269,394271,2,0
394269,394269,394271,2,0
394269,394269,394271,2,0
394269,394269,394271,2,0
394269,394269,394271,2,0
394269,394269,394271,2,0
394269,394270,394271,1,1
394269,394270,394271,1,1
394269,394270,394272,2,1
394269,394270,394272,2,1
394269,394270,394272,2,1
394269,394269,394272,3,0
394269,394269,394272,3,0
394269,394269,394271,2,0
394269,394269,394272,3,0
394269,394269,394271,2,0
394269,394269,394272,3,0
394269,394269,394272,3,0
394269,394269,394272,3,0
394269,394269,394272,3,0
394269,394269,394271,2,0
394269,394269,394272,3,0
394269,394270,394272,2,1
394269,394270,394272,2,1
394269,394270,394273,3,1
394269,394269,394273,4,0
394269,394269,394272,3,0
394269,394269,394273,4,0
394269,394269,394273,4,0
394269,394269,394273,4,0
394269,394269,394272,3,0
394269,394269,394273,4,0
394269,394269,394273,4,0
394269,394269,394272,3,0
394269,394269,394273,4,0
394269,394269,394273,4,0
394269,394269,394273,4,0
394269,394269,394273,4,0
394269,394269,394272,3,0
394269,394269,394273,4,0
394269,394269,394273,4,0
394269,394269,394273,4,0
394269,394269,394273,4,0
394269,394269,394273,4,0
394269,394270,394274,4,1
394269,394270,394274,4,1
394269,394269,394274,5,0
393896,393897,394316,419,1
394317,394317,394319,2,0
394317,394317,394319,2,0
394317,394317,394319,2,0
394317,394317,394319,2,0
394317,394317,394319,2,0
394317,394317,394319,2,0
394317,394317,394319,2,0
394317,394317,394319,2,0
394317,394317,394319,2,0
394317,394317,394319,2,0
394317,394317,394319,2,0
394317,394317,394319,2,0
394317,394317,394319,2,0
394317,394317,394319,2,0
394317,394317,394319,2,0
394317,394317,394319,2,0
394317,394317,394319,2,0
394317,394317,394319,2,0
394317,394317,394319,2,0
394317,394317,394319,2,0
394317,394317,394319,2,0
394317,394317,394319,2,0
394317,394318,394319,1,1
394317,394317,394320,3,0
394317,394317,394320,3,0
394317,394317,394320,3,0
394317,394317,394319,2,0
394317,394317,394320,3,0
394317,394319,394320,1,2
394317,394317,394320,3,0
394317,394317,394320,3,0
394317,394317,394320,3,0
394317,394317,394320,3,0
394317,394317,394320,3,0
394317,394317,394320,3,0
394317,394317,394320,3,0
394317,394317,394320,3,0
394317,394317,394321,4,0
394317,394317,394321,4,0
394317,394317,394321,4,0
394317,394317,394321,4,0
394317,394317,394321,4,0
394317,394317,394321,4,0
394317,394317,394321,4,0
394317,394317,394321,4,0
394317,394317,394321,4,0
394317,394317,394321,4,0
394317,394317,394321,4,0
394317,394317,394321,4,0
394317,394317,394321,4,0
394317,394317,394321,4,0
394317,394317,394321,4,0
394317,394317,394321,4,0
394317,394317,394322,5,0
394317,394317,394322,5,0
394317,394317,394322,5,0
394317,394317,394322,5,0
393871,393872,394325,453,1
393893,393894,394328,434,1
394327,394327,394329,2,0
394327,394327,394329,2,0
394327,394327,394329,2,0
394327,394327,394329,2,0
394327,394327,394329,2,0
394327,394327,394329,2,0
394327,394327,394329,2,0
394327,394327,394329,2,0
394327,394327,394329,2,0
394327,394327,394328,1,0
394327,394327,394329,2,0
394327,394327,394329,2,0
394327,394327,394329,2,0
394327,394327,394329,2,0
394327,394327,394329,2,0
394327,394327,394329,2,0
394327,394327,394329,2,0
394327,394327,394329,2,0
394327,394327,394329,2,0
394327,394327,394329,2,0
394327,394327,394329,2,0
394327,394328,394329,1,1
394327,394327,394329,2,0
394327,394327,394330,3,0
394327,394327,394329,2,0
394327,394327,394330,3,0
394327,394327,394329,2,0
394327,394327,394330,3,0
394327,394327,394330,3,0
394327,394327,394330,3,0
394327,394327,394330,3,0
394327,394327,394329,2,0
394327,394327,394329,2,0
394327,394327,394330,3,0
394327,394327,394330,3,0
394327,394327,394329,2,0
394327,394327,394330,3,0
394327,394327,394330,3,0
394327,394327,394330,3,0
394317,394329,394330,1,12
394317,394329,394330,1,12
394327,394327,394331,4,0
394327,394327,394331,4,0
394327,394327,394331,4,0
394327,394327,394331,4,0
394327,394329,394330,1,2
394327,394327,394330,3,0
394327,394327,394331,4,0
394327,394329,394330,1,2
394327,394329,394330,1,2
394329,394329,394331,2,0
394327,394327,394331,4,0
394327,394327,394331,4,0
394327,394329,394330,1,2
394329,394329,394331,2,0
394327,394327,394331,4,0
394327,394327,394330,3,0
394329,394329,394331,2,0
394329,394329,394331,2,0
394327,394327,394331,4,0
394327,394327,394330,3,0
394329,394329,394330,1,0
394329,394329,394331,2,0
394329,394329,394330,1,0
394327,394327,394331,4,0
394327,394327,394331,4,0
394329,394329,394330,1,0
394329,394329,394331,2,0
394327,394327,394331,4,0
394327,394327,394331,4,0
394329,394329,394331,2,0
394329,394329,394331,2,0
394329,394329,394331,2,0
394327,394327,394330,3,0
394329,394329,394330,1,0
394329,394329,394330,1,0
394329,394329,394330,1,0
394329,394329,394330,1,0
394317,394329,394331,2,12
394329,394330,394331,1,1
394329,394330,394331,1,1
394329,394331,394332,1,2
394327,394327,394331,4,0
394317,394329,394332,3,12
394317,394329,394332,3,12
394329,394330,394333,3,1
394329,394330,394333,3,1
394329,394330,394332,2,1
394329,394331,394333,2,2
394329,394331,394333,2,2
394329,394331,394333,2,2
394329,394330,394333,3,1
394329,394330,394333,3,1
394329,394330,394333,3,1
394329,394331,394333,2,2
394329,394331,394333,2,2
394329,394331,394333,2,2
394329,394331,394333,2,2
394329,394331,394333,2,2
394329,394331,394333,2,2
394329,394331,394333,2,2
394329,394331,394332,1,2
394329,394331,394332,1,2
394329,394331,394333,2,2
394329,394331,394334,3,2
394329,394331,394334,3,2
394329,394331,394334,3,2
394329,394331,394333,2,2
394329,394331,394333,2,2
394329,394331,394334,3,2
394329,394331,394334,3,2
394329,394331,394334,3,2
394329,394331,394334,3,2
394329,394331,394334,3,2
394329,394331,394333,2,2
394329,394330,394334,4,1
394329,394330,394334,4,1
394329,394330,394334,4,1
394329,394330,394334,4,1
394329,394331,394334,3,2
394329,394330,394334,4,1
394329,394330,394334,4,1
394329,394330,394334,4,1
394329,394330,394334,4,1
394329,394330,394334,4,1
394329,394331,394334,3,2
394329,394331,394334,3,2
394329,394330,394334,4,1
393956,393957,394345,388,1
394365,394366,394367,1,1
394365,394365,394367,2,0
394365,394365,394367,2,0
394365,394365,394367,2,0
394365,394365,394366,1,0
394365,394365,394367,2,0
394365,394365,394367,2,0
394365,394365,394367,2,0
394365,394365,394367,2,0
394365,394365,394367,2,0
394365,394365,394367,2,0
394365,394365,394367,2,0
394365,394365,394367,2,0
394365,394365,394367,2,0
394365,394365,394367,2,0
394365,394365,394367,2,0
394365,394365,394367,2,0
394365,394365,394367,2,0
394365,394365,394367,2,0
394365,394365,394367,2,0
394365,394365,394367,2,0
394365,394365,394368,3,0
394365,394365,394368,3,0
394365,394365,394367,2,0
394365,394365,394368,3,0
394365,394365,394367,2,0
394365,394365,394368,3,0
394365,394365,394367,2,0
394365,394365,394368,3,0
394365,394365,394368,3,0
394365,394365,394367,2,0
394365,394365,394368,3,0
394365,394365,394367,2,0
394365,394365,394368,3,0
394365,394365,394368,3,0
394365,394365,394368,3,0
394365,394365,394367,2,0
394365,394365,394368,3,0
394365,394365,394368,3,0
394365,394366,394369,3,1
394365,394365,394369,4,0
394365,394365,394369,4,0
394365,394365,394368,3,0
394365,394365,394369,4,0
394365,394365,394368,3,0
394365,394365,394369,4,0
394365,394365,394369,4,0
394365,394365,394369,4,0
394365,394365,394369,4,0
394365,394365,394369,4,0
394365,394365,394369,4,0
394365,394365,394369,4,0
394365,394365,394369,4,0
394365,394366,394370,4,1
394365,394366,394373,7,1
394365,394366,394373,7,1
394365,394380,394381,1,15
394365,394380,394381,1,15
394365,394380,394382,2,15
394365,394380,394383,3,15
394365,394380,394384,4,15
394012,394013,394383,370,1
394397,394397,394399,2,0
394397,394397,394399,2,0
394397,394397,394399,2,0
394397,394397,394399,2,0
394397,394397,394399,2,0
394397,394397,394399,2,0
394397,394397,394399,2,0
394397,394397,394399,2,0
394397,394397,394399,2,0
394397,394397,394399,2,0
394397,394397,394399,2,0
394397,394397,394399,2,0
394397,394397,394399,2,0
394397,394397,394399,2,0
394397,394397,394399,2,0
394397,394397,394399,2,0
394397,394397,394399,2,0
394397,394397,394400,3,0
394397,394397,394399,2,0
394397,394397,394400,3,0
394397,394397,394400,3,0
394397,394397,394400,3,0
394397,394397,394400,3,0
394397,394397,394399,2,0
394397,394397,394399,2,0
394397,394397,394400,3,0
394397,394397,394399,2,0
394397,394397,394399,2,0
394397,394397,394400,3,0
394397,394397,394399,2,0
394397,394397,394400,3,0
394397,394397,394399,2,0
394397,394397,394399,2,0
394397,394397,394400,3,0
394397,394397,394399,2,0
394397,394397,394399,2,0
394397,394397,394399,2,0
394397,394397,394399,2,0
394397,394397,394400,3,0
394397,394397,394401,4,0
394397,394397,394401,4,0
394397,394397,394400,3,0
394397,394397,394401,4,0
394397,394397,394401,4,0
394397,394397,394401,4,0
394397,394397,394401,4,0
394397,394397,394400,3,0
394397,394397,394401,4,0
394397,394397,394401,4,0
394397,394397,394400,3,0
394397,394397,394401,4,0
394397,394397,394401,4,0
394397,394397,394401,4,0
394397,394397,394400,3,0
394397,394397,394401,4,0
394397,394397,394400,3,0
394397,394397,394401,4,0
394397,394397,394401,4,0
394397,394397,394400,3,0
394397,394397,394401,4,0
394397,394397,394401,4,0
393962,393963,394405,442,1
394000,394001,394413,412,1
394417,394417,394418,1,0
394417,394417,394419,2,0
394417,394417,394418,1,0
394417,394417,394419,2,0
394417,394417,394418,1,0
394417,394417,394419,2,0
394417,394417,394419,2,0
394417,394417,394418,1,0
394417,394417,394419,2,0
394417,394417,394419,2,0
394417,394417,394419,2,0
394417,394417,394419,2,0
394417,394417,394418,1,0
394417,394417,394418,1,0
394417,394417,394419,2,0
394417,394417,394419,2,0
394417,394417,394419,2,0
394417,394417,394418,1,0
394417,394417,394418,1,0
394417,394417,394418,1,0
394417,394417,394419,2,0
394417,394417,394419,2,0
394417,394417,394419,2,0
394417,394417,394419,2,0
394417,394417,394419,2,0
394417,394417,394419,2,0
394417,394417,394419,2,0
394417,394417,394420,3,0
394417,394417,394420,3,0
394417,394417,394419,2,0
394417,394417,394420,3,0
394417,394417,394419,2,0
394417,394417,394420,3,0
394417,394417,394419,2,0
394417,394417,394420,3,0
394417,394417,394419,2,0
394417,394417,394420,3,0
394417,394417,394419,2,0
394417,394417,394419,2,0
394417,394417,394419,2,0
394417,394417,394420,3,0
394417,394417,394420,3,0
394417,394417,394421,4,0
394417,394417,394421,4,0
394417,394417,394421,4,0
394419,394419,394420,1,0
394417,394417,394421,4,0
394419,394419,394420,1,0
394419,394419,394420,1,0
394417,394417,394421,4,0
394419,394419,394421,2,0
394419,394419,394420,1,0
394419,394419,394421,2,0
394417,394417,394420,3,0
394419,394419,394421,2,0
394417,394417,394421,4,0
394417,394417,394421,4,0
394419,394419,394421,2,0
394419,394419,394420,1,0
394419,394419,394421,2,0
394419,394419,394421,2,0
394417,394417,394421,4,0
394417,394417,394420,3,0
394419,394419,394420,1,0
394419,394419,394421,2,0
394419,394419,394421,2,0
394417,394417,394421,4,0
394417,394417,394420,3,0
394419,394419,394421,2,0
394419,394419,394421,2,0
394417,394417,394421,4,0
394417,394417,394421,4,0
394417,394417,394421,4,0
394419,394419,394422,3,0
394419,394419,394422,3,0
394419,394419,394421,2,0
394419,394419,394422,3,0
394419,394421,394422,1,2
394419,394421,394422,1,2
394419,394421,394422,1,2
394419,394420,394423,3,1
394419,394421,394423,2,2
394419,394421,394423,2,2
394419,394421,394423,2,2
394419,394420,394423,3,1
394419,394420,394423,3,1
394419,394421,394423,2,2
394419,394421,394423,2,2
394419,394421,394423,2,2
394419,394420,394423,3,1
394419,394420,394423,3,1
394419,394421,394423,2,2
394419,394421,394422,1,2
394419,394420,394423,3,1
394419,394420,394423,3,1
394419,394420,394423,3,1
394419,394421,394422,1,2
394419,394420,394423,3,1
394419,394420,394423,3,1
394419,394421,394422,1,2
394419,394421,394423,2,2
394419,394421,394422,1,2
394419,394421,394423,2,2
394419,394419,394423,4,0
394419,394419,394423,4,0
394419,394421,394423,2,2
394419,394421,394423,2,2
394419,394420,394424,4,1
394419,394420,394424,4,1
394419,394421,394423,2,2
394419,394420,394424,4,1
394419,394420,394424,4,1
394419,394421,394423,2,2
394419,394421,394423,2,2
394419,394421,394423,2,2
394419,394420,394423,3,1
394419,394420,394423,3,1
394419,394421,394423,2,2
394419,394420,394424,4,1
394417,394423,394424,1,6
394417,394423,394424,1,6
394417,394423,394426,3,6
394417,394423,394425,2,6
394417,394423,394427,4,6
394026,394027,394457,430,1
394459,394459,394461,2,0
394459,394459,394461,2,0
394459,394459,394461,2,0
394459,394459,394461,2,0
394459,394459,394461,2,0
394459,394459,394461,2,0
394459,394459,394461,2,0
394459,394459,394461,2,0
394459,394459,394461,2,0
394459,394459,394461,2,0
394459,394459,394461,2,0
394459,394459,394461,2,0
394459,394459,394461,2,0
394459,394459,394461,2,0
394459,394459,394461,2,0
394459,394459,394461,2,0
394459,394459,394461,2,0
394459,394459,394462,3,0
394459,394459,394462,3,0
394459,394459,394461,2,0
394459,394459,394462,3,0
394459,394459,394462,3,0
394459,394459,394461,2,0
394459,394459,394462,3,0
394459,394459,394462,3,0
394459,394459,394462,3,0
394459,394459,394462,3,0
394459,394459,394461,2,0
394459,394459,394462,3,0
394459,394459,394462,3,0
394459,394459,394462,3,0
394459,394459,394462,3,0
394459,394459,394462,3,0
394459,394459,394463,4,0
394459,394459,394463,4,0
394459,394459,394463,4,0
394459,394459,394463,4,0
394459,394459,394463,4,0
394459,394459,394463,4,0
394459,394459,394463,4,0
394459,394459,394463,4,0
394459,394459,394463,4,0
394459,394459,394463,4,0
394459,394459,394463,4,0
394459,394459,394462,3,0
394459,394462,394463,1,3
394459,394462,394463,1,3
394459,394462,394465,3,3
394459,394462,394465,3,3
394459,394477,394479,2,18
394459,394477,394479,2,18
394459,394477,394478,1,18
394459,394477,394479,2,18
394459,394477,394479,2,18
394459,394477,394479,2,18
394459,394477,394480,3,18
394459,394477,394479,2,18
394459,394477,394480,3,18
394459,394477,394480,3,18
394459,394477,394481,4,18
394459,394477,394481,4,18
394091,394092,394502,410,1
394503,394504,394505,1,1
394503,394504,394505,1,1
394503,394504,394506,2,1
394503,394504,394506,2,1
394503,394504,394506,2,1
394503,394504,394505,1,1
394503,394504,394505,1,1
394503,394504,394506,2,1
394503,394504,394505,1,1
394503,394504,394505,1,1
394503,394504,394505,1,1
394503,394504,394505,1,1
394503,394504,394505,1,1
394503,394504,394505,1,1
394503,394504,394506,2,1
394503,394504,394505,1,1
394503,394504,394505,1,1
394503,394504,394505,1,1
394503,394504,394505,1,1
394503,394504,394506,2,1
394503,394504,394505,1,1
394503,394504,394505,1,1
394503,394504,394506,2,1
394503,394504,394506,2,1
394503,394504,394506,2,1
394503,394504,394506,2,1
394503,394504,394506,2,1
394503,394504,394506,2,1
394503,394504,394507,3,1
394503,394504,394506,2,1
394503,394504,394506,2,1
394503,394504,394506,2,1
394503,394504,394506,2,1
394503,394504,394506,2,1
394503,394504,394507,3,1
394503,394504,394507,3,1
394503,394504,394507,3,1
394503,394504,394506,2,1
394503,394504,394506,2,1
394503,394504,394506,2,1
394503,394504,394507,3,1
394503,394504,394507,3,1
394503,394504,394507,3,1
394503,394504,394507,3,1
394503,394504,394508,4,1
394503,394504,394507,3,1
394503,394504,394507,3,1
394503,394504,394508,4,1
394503,394504,394507,3,1
394503,394504,394507,3,1
394503,394504,394508,4,1
394503,394504,394507,3,1
394503,394504,394507,3,1
394503,394504,394507,3,1
394503,394504,394507,3,1
394503,394504,394507,3,1
394503,394504,394507,3,1
394503,394504,394507,3,1
394503,394504,394507,3,1
394503,394504,394508,4,1
394503,394504,394508,4,1
394113,394114,394522,408,1
394524,394525,394527,2,1
394524,394525,394526,1,1
394524,394525,394527,2,1
394524,394525,394527,2,1
394524,394525,394526,1,1
394524,394525,394526,1,1
394524,394525,394527,2,1
394524,394525,394527,2,1
394524,394525,394526,1,1
394524,394525,394526,1,1
394524,394525,394527,2,1
394524,394525,394527,2,1
394524,394525,394526,1,1
394524,394525,394527,2,1
394524,394525,394526,1,1
394524,394525,394526,1,1
394524,394525,394526,1,1
394524,394525,394527,2,1
394524,394525,394526,1,1
394524,394525,394526,1,1
394524,394525,394526,1,1
394524,394525,394526,1,1
394524,394525,394527,2,1
394524,394525,394527,2,1
394524,394525,394527,2,1
394524,394525,394528,3,1
394524,394525,394527,2,1
394524,394525,394528,3,1
394524,394525,394528,3,1
394524,394525,394527,2,1
394524,394525,394527,2,1
394524,394525,394527,2,1
394524,394525,394528,3,1
394524,394525,394528,3,1
394524,394525,394528,3,1
394524,394525,394528,3,1
394524,394525,394527,2,1
394524,394525,394527,2,1
394524,394525,394528,3,1
394524,394525,394527,2,1
394524,394525,394528,3,1
394524,394525,394528,3,1
394524,394525,394528,3,1
394524,394525,394528,3,1
394524,394525,394529,4,1
394524,394525,394528,3,1
394524,394525,394529,4,1
394524,394525,394528,3,1
394524,394525,394528,3,1
394524,394525,394529,4,1
394524,394525,394528,3,1
394524,394525,394528,3,1
394524,394525,394529,4,1
394524,394525,394528,3,1
394524,394525,394528,3,1
394524,394525,394528,3,1
394524,394525,394528,3,1
394524,394525,394528,3,1
394524,394525,394528,3,1
394524,394525,394528,3,1
394524,394525,394529,4,1
394109,394110,394544,434,1
394547,394547,394549,2,0
394547,394547,394549,2,0
394547,394547,394549,2,0
394547,394547,394549,2,0
394547,394547,394549,2,0
394547,394547,394549,2,0
394547,394547,394549,2,0
394547,394547,394549,2,0
394547,394547,394549,2,0
394547,394547,394548,1,0
394547,394547,394548,1,0
394547,394547,394549,2,0
394547,394547,394549,2,0
394547,394547,394549,2,0
394547,394547,394549,2,0
394547,394547,394549,2,0
394547,394547,394549,2,0
394547,394547,394549,2,0
394547,394547,394549,2,0
394547,394547,394549,2,0
394547,394547,394549,2,0
394547,394547,394549,2,0
394547,394547,394549,2,0
394547,394547,394549,2,0
394547,394547,394549,2,0
394547,394547,394550,3,0
394547,394547,394550,3,0
394547,394547,394549,2,0
394547,394547,394550,3,0
394547,394547,394550,3,0
394547,394547,394550,3,0
394547,394547,394549,2,0
394547,394547,394550,3,0
394547,394547,394549,2,0
394547,394547,394550,3,0
394547,394547,394549,2,0
394547,394547,394550,3,0
394547,394547,394550,3,0
394547,394547,394550,3,0
394547,394547,394549,2,0
394547,394547,394550,3,0
394547,394547,394550,3,0
394547,394547,394551,4,0
394547,394547,394551,4,0
394547,394547,394550,3,0
394547,394547,394550,3,0
394547,394547,394550,3,0
394547,394547,394550,3,0
394547,394547,394551,4,0
394547,394547,394551,4,0
394547,394547,394551,4,0
394547,394547,394550,3,0
394547,394547,394551,4,0
394547,394547,394551,4,0
394547,394547,394550,3,0
394547,394561,394562,1,14
394547,394561,394562,1,14
394547,394561,394563,2,14
394547,394561,394564,3,14
394547,394561,394564,3,14
394547,394561,394563,2,14
394148,394149,394609,460,1
394611,394611,394613,2,0
394611,394611,394613,2,0
394611,394611,394613,2,0
394611,394611,394613,2,0
394611,394611,394613,2,0
394611,394611,394613,2,0
394611,394611,394613,2,0
394611,394611,394613,2,0
394611,394611,394613,2,0
394611,394611,394613,2,0
394611,394611,394613,2,0
394611,394611,394613,2,0
394611,394611,394613,2,0
394611,394611,394613,2,0
394611,394611,394613,2,0
394611,394611,394613,2,0
394611,394611,394613,2,0
394611,394611,394613,2,0
394611,394611,394613,2,0
394611,394611,394613,2,0
394611,394611,394613,2,0
394611,394611,394613,2,0
394611,394611,394613,2,0
394611,394611,394613,2,0
394611,394611,394613,2,0
394611,394611,394614,3,0
394611,394612,394613,1,1
394611,394612,394614,2,1
394611,394611,394614,3,0
394611,394611,394614,3,0
394611,394611,394614,3,0
394611,394611,394613,2,0
394611,394611,394614,3,0
394164,394165,394614,449,1
394611,394611,394614,3,0
394611,394611,394614,3,0
394611,394611,394614,3,0
394611,394611,394614,3,0
394611,394611,394614,3,0
394611,394611,394614,3,0
394611,394611,394615,4,0
394611,394611,394614,3,0
394611,394611,394614,3,0
394611,394611,394614,3,0
394611,394611,394614,3,0
394611,394611,394614,3,0
394611,394611,394614,3,0
394611,394611,394614,3,0
394611,394611,394614,3,0
394611,394612,394615,3,1
394611,394611,394615,4,0
394611,394611,394615,4,0
394611,394611,394615,4,0
394611,394611,394615,4,0
394611,394611,394615,4,0
394611,394611,394615,4,0
394611,394611,394615,4,0
394611,394611,394615,4,0
394611,394611,394615,4,0
394611,394611,394615,4,0
394611,394611,394615,4,0
394611,394612,394616,4,1
394615,394616,394617,1,1
394615,394616,394617,1,1
394615,394616,394617,1,1
394615,394616,394617,1,1
394615,394616,394617,1,1
394615,394616,394617,1,1
394615,394616,394617,1,1
394615,394616,394617,1,1
394615,394616,394617,1,1
394615,394616,394618,2,1
394615,394616,394617,1,1
394615,394616,394617,1,1
394615,394616,394617,1,1
394615,394616,394618,2,1
394615,394616,394618,2,1
394615,394616,394618,2,1
394615,394616,394618,2,1
394615,394616,394618,2,1
394615,394616,394617,1,1
394615,394616,394617,1,1
394615,394616,394617,1,1
394615,394616,394617,1,1
394615,394616,394617,1,1
394615,394616,394617,1,1
394615,394616,394617,1,1
394615,394616,394617,1,1
394615,394616,394617,1,1
394615,394616,394618,2,1
394615,394616,394617,1,1
394615,394616,394619,3,1
394615,394616,394618,2,1
394615,394616,394618,2,1
394615,394616,394618,2,1
394615,394616,394618,2,1
394615,394616,394618,2,1
394615,394616,394619,3,1
394615,394616,394618,2,1
394615,394616,394618,2,1
394615,394616,394618,2,1
394615,394616,394618,2,1
394615,394617,394618,1,2
394615,394616,394618,2,1
394615,394616,394618,2,1
394615,394616,394618,2,1
394615,394616,394618,2,1
394615,394616,394618,2,1
394615,394616,394619,3,1
394615,394616,394618,2,1
394615,394616,394618,2,1
394615,394616,394619,3,1
394615,394616,394619,3,1
394615,394616,394619,3,1
394615,394616,394619,3,1
394615,394616,394619,3,1
394615,394616,394619,3,1
394615,394616,394619,3,1
394615,394616,394620,4,1
394615,394616,394619,3,1
394615,394616,394619,3,1
394615,394616,394619,3,1
394615,394616,394619,3,1
394158,394159,394630,471,1
394239,394243,394633,390,4
394632,394632,394634,2,0
394632,394632,394634,2,0
394632,394632,394634,2,0
394632,394632,394634,2,0
394632,394632,394634,2,0
394632,394632,394634,2,0
394632,394632,394634,2,0
394632,394632,394634,2,0
394632,394632,394634,2,0
394632,394632,394634,2,0
394632,394632,394634,2,0
394632,394632,394634,2,0
394632,394633,394634,1,1
394632,394633,394635,2,1
394632,394632,394634,2,0
394632,394632,394634,2,0
394632,394632,394634,2,0
394632,394632,394635,3,0
394632,394632,394634,2,0
394632,394632,394634,2,0
394632,394633,394634,1,1
394632,394632,394635,3,0
394632,394632,394635,3,0
394632,394632,394635,3,0
394632,394632,394635,3,0
394632,394633,394635,2,1
394632,394633,394635,2,1
394632,394633,394635,2,1
394632,394633,394635,2,1
394632,394632,394635,3,0
394632,394632,394635,3,0
394632,394632,394635,3,0
394632,394632,394635,3,0
394632,394632,394635,3,0
394632,394633,394635,2,1
394632,394633,394635,2,1
394632,394632,394635,3,0
394632,394632,394635,3,0
394632,394633,394635,2,1
394632,394633,394635,2,1
394632,394632,394635,3,0
394632,394632,394635,3,0
394632,394633,394635,2,1
394632,394632,394635,3,0
394632,394633,394635,2,1
394632,394633,394635,2,1
394632,394632,394635,3,0
394632,394632,394636,4,0
394632,394632,394636,4,0
394632,394633,394637,4,1
394632,394633,394636,3,1
394632,394632,394636,4,0
394632,394632,394636,4,0
394632,394632,394636,4,0
394632,394632,394636,4,0
394632,394632,394636,4,0
394632,394632,394636,4,0
394632,394633,394636,3,1
394632,394633,394637,4,1
394632,394632,394637,5,0
394632,394633,394642,9,1
394647,394647,394649,2,0
394647,394647,394649,2,0
394647,394647,394649,2,0
394647,394647,394649,2,0
394647,394647,394649,2,0
394647,394647,394649,2,0
394647,394647,394649,2,0
394647,394647,394649,2,0
394647,394647,394649,2,0
394647,394647,394649,2,0
394647,394647,394649,2,0
394647,394647,394649,2,0
394647,394647,394649,2,0
394647,394647,394649,2,0
394647,394647,394649,2,0
394647,394647,394649,2,0
394647,394647,394649,2,0
394647,394647,394649,2,0
394647,394647,394649,2,0
394647,394647,394649,2,0
394647,394647,394649,2,0
394647,394647,394649,2,0
394647,394647,394649,2,0
394647,394647,394649,2,0
394647,394647,394649,2,0
394647,394647,394649,2,0
394647,394648,394650,2,1
394647,394648,394650,2,1
394647,394647,394650,3,0
394647,394647,394650,3,0
394647,394647,394650,3,0
394647,394647,394649,2,0
394647,394647,394650,3,0
394647,394647,394650,3,0
394647,394647,394650,3,0
394647,394647,394649,2,0
394647,394647,394650,3,0
394647,394647,394650,3,0
394647,394647,394650,3,0
394647,394647,394650,3,0
394647,394647,394650,3,0
394647,394647,394650,3,0
394647,394647,394650,3,0
394647,394649,394650,1,2
394647,394647,394650,3,0
394647,394648,394650,2,1
394188,394189,394650,461,1
394647,394648,394651,3,1
394647,394648,394651,3,1
394647,394647,394651,4,0
394647,394647,394650,3,0
394647,394647,394651,4,0
394647,394647,394650,3,0
394647,394647,394651,4,0
394647,394647,394651,4,0
394647,394647,394651,4,0
394647,394647,394651,4,0
394647,394647,394651,4,0
394647,394647,394651,4,0
394647,394648,394651,3,1
394647,394648,394651,3,1
394200,394201,394652,451,1
394647,394647,394652,5,0
394242,394243,394656,413,1
394647,394648,394657,9,1
394661,394662,394664,2,1
394661,394662,394663,1,1
394661,394662,394663,1,1
394661,394662,394663,1,1
394661,394662,394663,1,1
394661,394662,394663,1,1
394661,394662,394663,1,1
394661,394662,394663,1,1
394661,394662,394663,1,1
394661,394662,394663,1,1
394661,394662,394663,1,1
394661,394662,394663,1,1
394661,394662,394663,1,1
394661,394662,394663,1,1
394661,394662,394663,1,1
394661,394662,394663,1,1
394661,394662,394663,1,1
394661,394662,394664,2,1
394661,394662,394663,1,1
394661,394662,394663,1,1
394661,394662,394663,1,1
394661,394662,394663,1,1
394661,394662,394663,1,1
394661,394662,394663,1,1
394661,394662,394663,1,1
394661,394662,394663,1,1
394661,394662,394663,1,1
394661,394662,394664,2,1
394661,394662,394665,3,1
394661,394662,394664,2,1
394661,394664,394665,1,3
394661,394662,394664,2,1
394661,394662,394664,2,1
394661,394662,394664,2,1
394661,394662,394665,3,1
394661,394662,394664,2,1
394661,394662,394664,2,1
394661,394662,394664,2,1
394661,394662,394664,2,1
394661,394662,394664,2,1
394661,394662,394664,2,1
394661,394662,394665,3,1
394661,394662,394664,2,1
394661,394663,394664,1,2
394661,394662,394664,2,1
394661,394662,394665,3,1
394661,394662,394664,2,1
394661,394662,394665,3,1
394661,394662,394665,3,1
394661,394662,394664,2,1
394661,394662,394665,3,1
394661,394664,394665,1,3
394661,394662,394665,3,1
394661,394664,394665,1,3
394661,394664,394665,1,3
394661,394664,394665,1,3
394661,394664,394665,1,3
394661,394664,394665,1,3
394661,394662,394665,3,1
394661,394662,394665,3,1
394661,394664,394665,1,3
394661,394664,394665,1,3
394661,394664,394665,1,3
394661,394662,394665,3,1
394661,394662,394665,3,1
394661,394664,394665,1,3
394661,394664,394665,1,3
394661,394664,394665,1,3
394661,394664,394665,1,3
394661,394664,394665,1,3
394661,394664,394665,1,3
394661,394662,394665,3,1
394661,394662,394665,3,1
394661,394662,394665,3,1
394661,394662,394665,3,1
394661,394666,394667,1,5
394661,394664,394666,2,3
394661,394664,394666,2,3
394661,394664,394667,3,3
394661,394664,394667,3,3
394661,394665,394667,2,4
394661,394665,394667,2,4
394661,394664,394666,2,3
394661,394664,394667,3,3
394661,394664,394667,3,3
394661,394664,394666,2,3
394661,394666,394667,1,5
394661,394663,394666,3,2
394661,394666,394667,1,5
394661,394666,394667,1,5
394661,394665,394667,2,4
394661,394665,394667,2,4
394661,394665,394666,1,4
394661,394665,394668,3,4
394661,394665,394668,3,4
394661,394666,394667,1,5
394661,394665,394668,3,4
394661,394665,394668,3,4
394661,394665,394668,3,4
394661,394665,394667,2,4
394661,394665,394668,3,4
394661,394665,394667,2,4
394661,394664,394667,3,3
394661,394664,394667,3,3
394661,394665,394667,2,4
394661,394665,394668,3,4
394661,394665,394668,3,4
394661,394666,394667,1,5
394661,394666,394667,1,5
394661,394665,394667,2,4
394661,394665,394667,2,4
394661,394665,394667,2,4
394661,394665,394667,2,4
394661,394665,394668,3,4
394661,394666,394667,1,5
394661,394666,394667,1,5
394661,394664,394667,3,3
394661,394664,394667,3,3
394661,394665,394668,3,4
394661,394663,394668,5,2
394661,394663,394670,7,2
394661,394663,394678,15,2
394700,394700,394701,1,0
394700,394700,394701,1,0
394700,394700,394701,1,0
394700,394700,394702,2,0
394700,394700,394702,2,0
394700,394700,394702,2,0
394700,394700,394702,2,0
394700,394700,394702,2,0
394700,394700,394702,2,0
394700,394700,394702,2,0
394700,394700,394701,1,0
394700,394700,394701,1,0
394700,394700,394701,1,0
394700,394700,394701,1,0
394700,394700,394702,2,0
394700,394700,394702,2,0
394700,394700,394702,2,0
394700,394700,394702,2,0
394700,394700,394701,1,0
394700,394700,394701,1,0
394700,394700,394702,2,0
394700,394700,394702,2,0
394700,394700,394702,2,0
394700,394700,394702,2,0
394700,394700,394701,1,0
394700,394700,394701,1,0
394700,394700,394702,2,0
394700,394700,394702,2,0
394700,394700,394701,1,0
394700,394700,394701,1,0
394700,394700,394701,1,0
394700,394700,394702,2,0
394700,394700,394702,2,0
394700,394700,394703,3,0
394700,394700,394703,3,0
394700,394700,394703,3,0
394700,394700,394703,3,0
394700,394700,394703,3,0
394700,394700,394702,2,0
394700,394700,394703,3,0
394700,394700,394702,2,0
394700,394700,394703,3,0
394700,394700,394703,3,0
394700,394700,394702,2,0
394700,394700,394702,2,0
394700,394700,394703,3,0
394700,394700,394702,2,0
394700,394700,394702,2,0
394700,394700,394703,3,0
394700,394700,394703,3,0
394700,394700,394703,3,0
394700,394700,394704,4,0
394700,394700,394703,3,0
394700,394700,394703,3,0
394700,394700,394703,3,0
394700,394700,394703,3,0
394700,394700,394703,3,0
394237,394241,394703,462,4
394700,394700,394703,3,0
394700,394700,394704,4,0
394700,394700,394704,4,0
394700,394700,394704,4,0
394700,394700,394704,4,0
394705,394706,394707,1,1
394705,394706,394707,1,1
394705,394706,394708,2,1
394705,394706,394707,1,1
394705,394706,394708,2,1
394705,394706,394707,1,1
394705,394706,394707,1,1
394705,394706,394708,2,1
394705,394706,394708,2,1
394705,394706,394707,1,1
394705,394706,394707,1,1
394705,394706,394707,1,1
394705,394706,394708,2,1
394705,394706,394707,1,1
394705,394706,394707,1,1
394705,394706,394707,1,1
394705,394706,394708,2,1
394705,394706,394707,1,1
394705,394706,394707,1,1
394705,394706,394708,2,1
394705,394706,394707,1,1
394705,394706,394707,1,1
394705,394706,394707,1,1
394705,394706,394708,2,1
394705,394706,394707,1,1
394705,394706,394707,1,1
394705,394706,394707,1,1
394705,394706,394708,2,1
394705,394706,394708,2,1
394705,394706,394708,2,1
394705,394706,394708,2,1
394705,394706,394709,3,1
394705,394706,394708,2,1
394705,394706,394709,3,1
394705,394706,394708,2,1
394705,394706,394708,2,1
394705,394706,394708,2,1
394705,394706,394709,3,1
394705,394706,394708,2,1
394705,394706,394708,2,1
394705,394706,394709,3,1
394705,394706,394709,3,1
394705,394706,394708,2,1
394705,394706,394709,3,1
394705,394706,394708,2,1
394705,394706,394708,2,1
394705,394706,394709,3,1
394705,394706,394709,3,1
394705,394706,394709,3,1
394705,394706,394709,3,1
394705,394706,394709,3,1
394705,394706,394709,3,1
394705,394706,394710,4,1
394705,394706,394710,4,1
394705,394706,394709,3,1
394705,394706,394709,3,1
394705,394706,394709,3,1
394705,394706,394709,3,1
394705,394706,394709,3,1
394705,394706,394710,4,1
394705,394706,394710,4,1
394705,394706,394710,4,1
394270,394271,394718,447,1
394721,394722,394723,1,1
394721,394722,394723,1,1
394721,394721,394723,2,0
394721,394722,394723,1,1
394721,394721,394723,2,0
394721,394722,394723,1,1
394721,394722,394723,1,1
394721,394721,394723,2,0
394721,394721,394723,2,0
394721,394721,394723,2,0
394721,394722,394723,1,1
394721,394721,394723,2,0
394721,394721,394723,2,0
394721,394721,394723,2,0
394721,394722,394723,1,1
394721,394721,394723,2,0
394721,394721,394723,2,0
394721,394722,394723,1,1
394721,394721,394723,2,0
394721,394722,394723,1,1
394721,394722,394724,2,1
394721,394722,394724,2,1
394721,394722,394724,2,1
394721,394722,394724,2,1
394721,394722,394724,2,1
394721,394722,394724,2,1
394721,394722,394724,2,1
394721,394721,394724,3,0
394721,394722,394724,2,1
394721,394722,394724,2,1
394721,394722,394724,2,1
394721,394722,394724,2,1
394721,394722,394725,3,1
394721,394722,394724,2,1
394721,394722,394724,2,1
394721,394722,394724,2,1
394721,394721,394724,3,0
394721,394721,394724,3,0
394721,394722,394725,3,1
394721,394722,394724,2,1
394721,394721,394725,4,0
394721,394722,394725,3,1
394721,394721,394725,4,0
394721,394721,394725,4,0
394721,394722,394725,3,1
394721,394721,394725,4,0
394721,394721,394725,4,0
394721,394721,394725,4,0
394721,394722,394725,3,1
394721,394722,394725,3,1
394721,394721,394725,4,0
394721,394721,394725,4,0
394721,394722,394725,3,1
394721,394722,394725,3,1
394721,394722,394725,3,1
394721,394722,394725,3,1
394721,394722,394726,4,1
394721,394722,394726,4,1
394721,394722,394725,3,1
394721,394721,394726,5,0
394721,394722,394727,5,1
394318,394320,394755,435,2
394757,394758,394760,2,1
394757,394758,394760,2,1
394757,394758,394760,2,1
394757,394758,394760,2,1
394757,394758,394759,1,1
394757,394758,394760,2,1
394757,394758,394759,1,1
394757,394758,394760,2,1
394757,394758,394760,2,1
394757,394758,394760,2,1
394757,394758,394759,1,1
394757,394758,394760,2,1
394757,394758,394759,1,1
394757,394758,394759,1,1
394757,394758,394760,2,1
394757,394758,394760,2,1
394757,394758,394759,1,1
394757,394758,394759,1,1
394757,394758,394760,2,1
394757,394758,394760,2,1
394757,394758,394759,1,1
394757,394758,394760,2,1
394757,394758,394760,2,1
394757,394758,394760,2,1
394757,394758,394760,2,1
394757,394758,394760,2,1
394757,394758,394760,2,1
394757,394758,394760,2,1
394757,394758,394761,3,1
394757,394758,394760,2,1
394757,394758,394761,3,1
394757,394758,394760,2,1
394757,394758,394760,2,1
394757,394758,394761,3,1
394757,394758,394760,2,1
394757,394758,394760,2,1
394757,394758,394761,3,1
394757,394758,394761,3,1
394757,394758,394760,2,1
394757,394758,394760,2,1
394757,394758,394761,3,1
394757,394758,394762,4,1
394757,394758,394762,4,1
394757,394758,394761,3,1
394757,394758,394761,3,1
394757,394758,394761,3,1
394757,394758,394761,3,1
394757,394758,394761,3,1
394757,394758,394761,3,1
394757,394758,394761,3,1
394757,394758,394761,3,1
394757,394758,394761,3,1
394757,394758,394761,3,1
394757,394758,394761,3,1
394757,394758,394761,3,1
394757,394758,394761,3,1
394757,394758,394762,4,1
394757,394758,394762,4,1
394757,394758,394762,4,1
394331,394331,394762,431,0
394757,394758,394762,4,1
394757,394758,394762,4,1
394775,394776,394778,2,1
394775,394776,394778,2,1
394775,394776,394778,2,1
394775,394776,394777,1,1
394775,394776,394778,2,1
394775,394776,394777,1,1
394775,394776,394777,1,1
394775,394776,394777,1,1
394775,394776,394777,1,1
394775,394776,394778,2,1
394775,394776,394777,1,1
394775,394776,394777,1,1
394775,394776,394778,2,1
394775,394776,394777,1,1
394775,394776,394778,2,1
394775,394776,394777,1,1
394775,394776,394778,2,1
394775,394776,394777,1,1
394775,394776,394778,2,1
394775,394776,394778,2,1
394775,394776,394779,3,1
394775,394776,394778,2,1
394775,394776,394778,2,1
394775,394776,394778,2,1
394328,394329,394779,450,1
394775,394776,394779,3,1
394775,394776,394778,2,1
394775,394776,394778,2,1
394775,394776,394778,2,1
394775,394776,394778,2,1
394775,394776,394778,2,1
394775,394776,394778,2,1
394775,394776,394778,2,1
394775,394776,394778,2,1
394775,394776,394779,3,1
394775,394776,394778,2,1
394775,394776,394779,3,1
394775,394776,394780,4,1
394775,394776,394780,4,1
394775,394776,394780,4,1
394775,394776,394779,3,1
394775,394776,394779,3,1
394775,394776,394779,3,1
394775,394776,394779,3,1
394775,394776,394779,3,1
394775,394776,394780,4,1
394775,394776,394779,3,1
394775,394776,394779,3,1
394775,394776,394779,3,1
394775,394776,394780,4,1
394775,394776,394780,4,1
394775,394776,394780,4,1
394780,394780,394782,2,0
394780,394780,394782,2,0
394780,394780,394782,2,0
394780,394780,394781,1,0
394780,394780,394781,1,0
394780,394780,394781,1,0
394780,394780,394782,2,0
394780,394780,394781,1,0
394780,394780,394781,1,0
394780,394780,394781,1,0
394780,394780,394782,2,0
394780,394780,394781,1,0
394780,394780,394782,2,0
394780,394780,394782,2,0
394780,394780,394782,2,0
394780,394780,394782,2,0
394780,394781,394783,2,1
394780,394780,394782,2,0
394780,394780,394782,2,0
394780,394780,394782,2,0
394780,394781,394782,1,1
394780,394780,394783,3,0
394780,394781,394782,1,1
394780,394782,394783,1,2
394780,394782,394783,1,2
394780,394780,394783,3,0
394780,394780,394782,2,0
394780,394780,394782,2,0
394780,394782,394783,1,2
394780,394780,394783,3,0
394780,394780,394783,3,0
394780,394780,394783,3,0
394780,394782,394783,1,2
394780,394780,394782,2,0
394780,394782,394783,1,2
394780,394780,394782,2,0
394780,394780,394782,2,0
394780,394780,394784,4,0
394780,394780,394783,3,0
394780,394782,394783,1,2
394780,394780,394783,3,0
394780,394780,394784,4,0
394780,394780,394784,4,0
394780,394782,394783,1,2
394780,394782,394783,1,2
394780,394780,394784,4,0
394780,394780,394784,4,0
394780,394780,394783,3,0
394780,394780,394783,3,0
394780,394782,394783,1,2
394780,394782,394783,1,2
394780,394780,394783,3,0
394780,394780,394783,3,0
394780,394780,394783,3,0
394780,394780,394784,4,0
394780,394780,394783,3,0
394780,394780,394784,4,0
394780,394780,394783,3,0
394780,394780,394784,4,0
394775,394776,394780,4,1
394775,394776,394780,4,1
394775,394776,394779,3,1
394775,394776,394778,2,1
394780,394789,394790,1,9
394780,394789,394792,3,9
394775,394793,394794,1,18
394366,394367,394795,428,1
394775,394793,394794,1,18
394775,394793,394794,1,18
394775,394793,394794,1,18
394775,394793,394796,3,18
394775,394793,394796,3,18
394816,394817,394818,1,1
394816,394816,394818,2,0
394816,394816,394818,2,0
394816,394816,394818,2,0
394816,394816,394818,2,0
394816,394816,394818,2,0
394816,394816,394818,2,0
394816,394816,394818,2,0
394816,394816,394818,2,0
394816,394816,394818,2,0
394816,394816,394818,2,0
394816,394816,394818,2,0
394816,394816,394818,2,0
394816,394816,394818,2,0
394816,394816,394818,2,0
394816,394816,394818,2,0
394816,394817,394818,1,1
394816,394816,394818,2,0
394816,394816,394818,2,0
394816,394816,394818,2,0
394816,394816,394818,2,0
394816,394816,394818,2,0
394816,394816,394818,2,0
394816,394816,394819,3,0
394816,394816,394819,3,0
394816,394816,394818,2,0
394816,394816,394819,3,0
394816,394816,394818,2,0
394816,394816,394819,3,0
394816,394816,394818,2,0
394816,394816,394819,3,0
394816,394816,394818,2,0
394816,394816,394818,2,0
394816,394816,394818,2,0
394816,394816,394819,3,0
394816,394816,394819,3,0
394816,394817,394818,1,1
394816,394817,394818,1,1
394816,394816,394819,3,0
394816,394816,394819,3,0
394816,394816,394819,3,0
394816,394816,394820,4,0
394816,394816,394819,3,0
394816,394816,394820,4,0
394816,394816,394820,4,0
394816,394816,394819,3,0
394816,394816,394820,4,0
394816,394816,394819,3,0
394816,394816,394819,3,0
394816,394816,394820,4,0
394816,394816,394820,4,0
394816,394816,394820,4,0
394816,394817,394820,3,1
394816,394817,394819,2,1
394816,394816,394820,4,0
394816,394816,394819,3,0
394816,394816,394820,4,0
394816,394817,394820,3,1
394398,394399,394828,429,1
394830,394830,394832,2,0
394830,394830,394832,2,0
394830,394830,394832,2,0
394830,394830,394832,2,0
394830,394830,394832,2,0
394830,394830,394832,2,0
394830,394830,394832,2,0
394830,394830,394832,2,0
394830,394830,394832,2,0
394830,394830,394832,2,0
394830,394830,394832,2,0
394830,394830,394832,2,0
394830,394830,394832,2,0
394830,394830,394832,2,0
394830,394830,394832,2,0
394830,394830,394833,3,0
394830,394832,394833,1,2
394830,394830,394832,2,0
394830,394830,394833,3,0
394830,394830,394832,2,0
394830,394830,394833,3,0
394830,394830,394833,3,0
394830,394830,394832,2,0
394830,394830,394833,3,0
394830,394830,394833,3,0
394830,394830,394833,3,0
394830,394830,394832,2,0
394830,394830,394833,3,0
394830,394830,394832,2,0
394830,394830,394832,2,0
394830,394830,394833,3,0
394830,394832,394833,1,2
394830,394832,394833,1,2
394830,394830,394834,4,0
394830,394830,394834,4,0
394830,394830,394833,3,0
394830,394830,394833,3,0
394830,394830,394834,4,0
394830,394830,394834,4,0
394830,394830,394834,4,0
394830,394830,394834,4,0
394830,394830,394833,3,0
394830,394830,394834,4,0
394830,394830,394833,3,0
394830,394830,394834,4,0
394830,394830,394834,4,0
394830,394832,394833,1,2
394830,394830,394835,5,0
394830,394830,394834,4,0
394816,394817,394818,1,1
394816,394817,394818,1,1
394816,394817,394820,3,1
394830,394830,394832,2,0
394830,394830,394832,2,0
394830,394830,394834,4,0
394830,394830,394839,9,0
394830,394840,394842,2,10
394830,394840,394842,2,10
394830,394840,394842,2,10
394830,394840,394843,3,10
394830,394840,394844,4,10
394830,394840,394844,4,10
394418,394418,394846,428,0
394420,394421,394849,428,1
394830,394830,394850,20,0
394830,394830,394852,22,0
394851,394851,394853,2,0
394851,394851,394853,2,0
394851,394851,394853,2,0
394851,394851,394853,2,0
394851,394851,394853,2,0
394851,394851,394853,2,0
394851,394851,394853,2,0
394851,394851,394853,2,0
394851,394851,394853,2,0
394851,394851,394853,2,0
394851,394851,394853,2,0
394851,394851,394853,2,0
394851,394851,394853,2,0
394851,394851,394853,2,0
394851,394851,394853,2,0
394851,394851,394853,2,0
394851,394851,394853,2,0
394851,394851,394853,2,0
394851,394851,394853,2,0
394851,394851,394853,2,0
394851,394851,394853,2,0
394851,394851,394853,2,0
394851,394851,394853,2,0
394851,394851,394854,3,0
394851,394852,394853,1,1
394851,394851,394854,3,0
394851,394851,394854,3,0
394851,394851,394854,3,0
394851,394851,394854,3,0
394851,394851,394854,3,0
394851,394851,394854,3,0
394851,394851,394854,3,0
394851,394851,394854,3,0
394851,394851,394854,3,0
394851,394851,394853,2,0
394851,394851,394854,3,0
394851,394852,394854,2,1
394851,394851,394854,3,0
394851,394851,394855,4,0
394851,394852,394854,2,1
394851,394851,394855,4,0
394851,394851,394855,4,0
394851,394851,394855,4,0
394851,394851,394855,4,0
394851,394851,394855,4,0
394851,394851,394855,4,0
394851,394851,394855,4,0
394851,394851,394855,4,0
394851,394851,394855,4,0
394851,394851,394855,4,0
394851,394851,394855,4,0
394851,394851,394854,3,0
394851,394851,394855,4,0
394851,394851,394855,4,0
394851,394851,394854,3,0
394851,394851,394855,4,0
394851,394851,394855,4,0
394851,394851,394855,4,0
394851,394851,394855,4,0
394851,394851,394855,4,0
394851,394851,394855,4,0
394460,394461,394860,399,1
394865,394865,394866,1,0
394865,394865,394866,1,0
394865,394865,394866,1,0
394865,394865,394867,2,0
394865,394865,394867,2,0
394865,394865,394867,2,0
394865,394865,394866,1,0
394865,394865,394867,2,0
394865,394865,394867,2,0
394865,394865,394867,2,0
394865,394865,394866,1,0
394865,394865,394867,2,0
394865,394865,394867,2,0
394865,394865,394866,1,0
394865,394865,394867,2,0
394865,394865,394867,2,0
394865,394865,394867,2,0
394865,394865,394867,2,0
394865,394865,394866,1,0
394865,394865,394867,2,0
394865,394865,394867,2,0
394865,394865,394867,2,0
394865,394865,394867,2,0
394865,394865,394867,2,0
394865,394865,394867,2,0
394865,394865,394868,3,0
394865,394865,394867,2,0
394865,394865,394868,3,0
394865,394865,394867,2,0
394865,394865,394868,3,0
394865,394865,394868,3,0
394865,394865,394867,2,0
394865,394865,394867,2,0
394865,394865,394868,3,0
394865,394865,394868,3,0
394865,394865,394867,2,0
394865,394865,394868,3,0
394865,394865,394867,2,0
394865,394865,394868,3,0
394865,394865,394867,2,0
394865,394865,394869,4,0
394865,394865,394869,4,0
394865,394865,394868,3,0
394865,394865,394869,4,0
394865,394865,394869,4,0
394865,394865,394868,3,0
394865,394865,394869,4,0
394865,394865,394869,4,0
394865,394865,394868,3,0
394865,394865,394869,4,0
394865,394865,394868,3,0
394865,394865,394869,4,0
394865,394865,394869,4,0
394865,394865,394869,4,0
394865,394865,394870,5,0
394865,394876,394877,1,11
394865,394876,394877,1,11
394865,394876,394877,1,11
394865,394876,394878,2,11
394865,394876,394879,3,11
394865,394876,394879,3,11
394865,394876,394878,2,11
394878,394879,394880,1,1
394878,394878,394880,2,0
394878,394878,394880,2,0
394878,394878,394880,2,0
394878,394878,394880,2,0
394878,394878,394880,2,0
394878,394878,394880,2,0
394878,394878,394880,2,0
394878,394878,394880,2,0
394878,394878,394880,2,0
394878,394878,394880,2,0
394878,394878,394880,2,0
394878,394878,394880,2,0
394878,394878,394880,2,0
394878,394878,394880,2,0
394878,394878,394880,2,0
394878,394878,394880,2,0
394878,394878,394880,2,0
394878,394878,394880,2,0
394878,394878,394880,2,0
394878,394878,394881,3,0
394878,394880,394881,1,2
394878,394878,394881,3,0
394878,394878,394881,3,0
394878,394878,394881,3,0
394878,394878,394881,3,0
394878,394878,394881,3,0
394878,394878,394881,3,0
394878,394878,394881,3,0
394878,394878,394881,3,0
394878,394878,394880,2,0
394878,394878,394881,3,0
394878,394878,394881,3,0
394878,394878,394881,3,0
394878,394878,394881,3,0
394878,394878,394882,4,0
394878,394879,394882,3,1
394878,394879,394882,3,1
394878,394878,394882,4,0
394878,394878,394882,4,0
394878,394878,394882,4,0
394878,394878,394882,4,0
394878,394878,394881,3,0
394878,394878,394882,4,0
394878,394878,394882,4,0
394878,394878,394882,4,0
394878,394878,394881,3,0
394878,394878,394882,4,0
394878,394878,394882,4,0
394878,394878,394882,4,0
394878,394878,394882,4,0
394878,394878,394883,5,0
394878,394894,394896,2,16
394878,394894,394896,2,16
394878,394895,394896,1,17
394878,394895,394896,1,17
394878,394894,394897,3,16
394878,394894,394897,3,16
394878,394894,394898,4,16
394505,394506,394939,433,1
394548,394549,394941,392,1
394941,394941,394942,1,0
394941,394941,394943,2,0
394941,394941,394943,2,0
394941,394941,394943,2,0
394941,394941,394943,2,0
394941,394941,394943,2,0
394941,394941,394943,2,0
394941,394941,394943,2,0
394941,394941,394943,2,0
394941,394941,394943,2,0
394941,394941,394943,2,0
394941,394941,394943,2,0
394941,394941,394943,2,0
394941,394941,394943,2,0
394941,394941,394943,2,0
394941,394941,394943,2,0
394941,394941,394943,2,0
394941,394941,394943,2,0
394941,394941,394943,2,0
394941,394941,394943,2,0
394941,394941,394943,2,0
394941,394941,394943,2,0
394941,394941,394943,2,0
394941,394941,394943,2,0
394941,394941,394943,2,0
394941,394941,394943,2,0
394941,394941,394944,3,0
394941,394942,394944,2,1
394941,394941,394944,3,0
394941,394941,394944,3,0
394941,394941,394944,3,0
394941,394941,394944,3,0
394941,394941,394944,3,0
394941,394941,394944,3,0
394941,394941,394944,3,0
394941,394941,394944,3,0
394941,394941,394944,3,0
394941,394941,394945,4,0
394941,394941,394944,3,0
394941,394941,394944,3,0
394941,394941,394944,3,0
394941,394941,394945,4,0
394941,394941,394944,3,0
394941,394942,394945,3,1
394941,394942,394945,3,1
394941,394942,394944,2,1
394941,394941,394945,4,0
394941,394941,394945,4,0
394941,394941,394945,4,0
394941,394941,394945,4,0
394943,394944,394945,1,1
394943,394944,394945,1,1
394943,394944,394945,1,1
394941,394941,394946,5,0
394941,394941,394945,4,0
394943,394944,394945,1,1
394943,394944,394945,1,1
394943,394944,394945,1,1
394943,394944,394945,1,1
394941,394941,394945,4,0
394941,394941,394945,4,0
394943,394944,394945,1,1
394943,394944,394945,1,1
394943,394944,394945,1,1
394941,394941,394945,4,0
394941,394941,394945,4,0
394943,394944,394945,1,1
394943,394944,394945,1,1
394943,394944,394945,1,1
394941,394941,394945,4,0
394943,394944,394945,1,1
394943,394944,394945,1,1
394943,394944,394945,1,1
394941,394941,394945,4,0
394943,394944,394945,1,1
394941,394941,394946,5,0
394941,394941,394945,4,0
394941,394941,394945,4,0
394941,394941,394945,4,0
394943,394944,394946,2,1
394943,394944,394946,2,1
394943,394944,394947,3,1
394943,394946,394947,1,3
394943,394945,394948,3,2
394943,394945,394948,3,2
394943,394944,394947,3,1
394943,394944,394947,3,1
394943,394944,394947,3,1
394943,394945,394947,2,2
394943,394945,394947,2,2
394943,394945,394947,2,2
394943,394946,394947,1,3
394943,394944,394947,3,1
394943,394945,394947,2,2
394943,394946,394947,1,3
394943,394946,394947,1,3
394943,394946,394948,2,3
394943,394946,394947,1,3
394943,394946,394947,1,3
394943,394946,394948,2,3
394943,394946,394947,1,3
394943,394946,394947,1,3
394943,394945,394948,3,2
394943,394945,394948,3,2
394943,394946,394947,1,3
394943,394946,394947,1,3
394943,394944,394947,3,1
394943,394944,394947,3,1
394943,394945,394947,2,2
394943,394945,394947,2,2
394943,394946,394947,1,3
394943,394946,394947,1,3
394943,394944,394948,4,1
394943,394945,394948,3,2
394943,394945,394948,3,2
394943,394946,394948,2,3
394943,394945,394948,3,2
394943,394946,394948,2,3
394943,394945,394948,3,2
394943,394945,394948,3,2
394943,394945,394948,3,2
394943,394945,394948,3,2
394943,394946,394948,2,3
394526,394527,394986,459,1
394988,394989,394990,1,1
394988,394989,394990,1,1
394988,394989,394991,2,1
394988,394989,394991,2,1
394988,394989,394991,2,1
394988,394989,394990,1,1
394988,394989,394990,1,1
394988,394989,394991,2,1
394988,394989,394991,2,1
394988,394989,394990,1,1
394988,394989,394990,1,1
394988,394989,394991,2,1
394988,394989,394990,1,1
394988,394989,394991,2,1
394988,394989,394990,1,1
394988,394989,394990,1,1
394988,394989,394991,2,1
394988,394989,394991,2,1
394988,394989,394990,1,1
394988,394989,394991,2,1
394988,394989,394991,2,1
394988,394989,394991,2,1
394988,394989,394992,3,1
394988,394989,394991,2,1
394988,394989,394991,2,1
394988,394989,394991,2,1
394988,394989,394991,2,1
394988,394989,394991,2,1
394988,394989,394991,2,1
394988,394989,394992,3,1
394988,394989,394991,2,1
394988,394989,394992,3,1
394988,394989,394991,2,1
394988,394989,394991,2,1
394988,394989,394992,3,1
394988,394989,394991,2,1
394988,394989,394991,2,1
394988,394989,394991,2,1
394988,394989,394992,3,1
394988,394989,394991,2,1
394988,394989,394992,3,1
394988,394989,394993,4,1
394988,394989,394992,3,1
394988,394989,394992,3,1
394988,394989,394992,3,1
394988,394989,394993,4,1
394988,394989,394992,3,1
394988,394989,394993,4,1
394988,394989,394992,3,1
394988,394989,394993,4,1
394988,394989,394992,3,1
394988,394989,394993,4,1
394988,394989,394993,4,1
394988,394989,394992,3,1
394988,394989,394993,4,1
394988,394989,394992,3,1
394988,394989,394993,4,1
394988,394989,394993,4,1
394988,394989,394992,3,1
394988,394989,394993,4,1
394988,394989,394993,4,1
394613,394614,395028,414,1
395030,395030,395032,2,0
395030,395030,395032,2,0
395030,395030,395032,2,0
395030,395030,395032,2,0
395030,395030,395032,2,0
395030,395030,395032,2,0
395030,395030,395032,2,0
395030,395030,395031,1,0
395030,395030,395032,2,0
395030,395030,395032,2,0
395030,395030,395031,1,0
395030,395030,395032,2,0
395030,395030,395032,2,0
395030,395030,395031,1,0
395030,395030,395032,2,0
395030,395030,395032,2,0
395030,395030,395031,1,0
395030,395030,395032,2,0
395030,395030,395031,1,0
395030,395030,395032,2,0
395030,395030,395032,2,0
395030,395030,395033,3,0
395030,395030,395033,3,0
395030,395030,395032,2,0
395030,395030,395033,3,0
395030,395030,395033,3,0
395030,395030,395032,2,0
395030,395030,395033,3,0
395030,395030,395032,2,0
395030,395030,395033,3,0
395030,395030,395033,3,0
395030,395030,395032,2,0
395030,395030,395033,3,0
395030,395030,395032,2,0
395030,395030,395032,2,0
395030,395030,395033,3,0
395030,395030,395033,3,0
395030,395030,395033,3,0
395030,395030,395032,2,0
395030,395030,395032,2,0
395030,395030,395034,4,0
395030,395030,395034,4,0
395030,395030,395033,3,0
395030,395030,395034,4,0
395030,395030,395033,3,0
395030,395030,395033,3,0
395030,395030,395033,3,0
395030,395030,395034,4,0
395030,395030,395033,3,0
395030,395030,395033,3,0
395030,395030,395034,4,0
395030,395030,395034,4,0
395030,395030,395033,3,0
395030,395030,395034,4,0
395030,395030,395034,4,0
394634,394635,395052,417,1
395030,395052,395053,1,22
395030,395052,395053,1,22
395030,395052,395053,1,22
395030,395052,395055,3,22
395030,395052,395055,3,22
395030,395052,395055,3,22
395054,395055,395056,1,1
395054,395055,395057,2,1
395054,395055,395057,2,1
395054,395055,395057,2,1
395054,395055,395056,1,1
395054,395055,395056,1,1
395054,395055,395056,1,1
395054,395055,395056,1,1
395054,395055,395056,1,1
395054,395055,395056,1,1
395054,395055,395056,1,1
395054,395055,395056,1,1
395054,395055,395056,1,1
395054,395055,395057,2,1
395054,395055,395056,1,1
395054,395055,395056,1,1
395054,395055,395056,1,1
395054,395055,395056,1,1
395054,395055,395057,2,1
395054,395055,395056,1,1
395054,395055,395056,1,1
395054,395055,395056,1,1
395054,395055,395056,1,1
395054,395055,395056,1,1
395054,395056,395057,1,2
395054,395056,395057,1,2
395054,395055,395058,3,1
395054,395055,395057,2,1
395054,395055,395057,2,1
395054,395055,395058,3,1
395054,395055,395058,3,1
395054,395055,395057,2,1
395054,395055,395057,2,1
395054,395055,395057,2,1
395054,395055,395058,3,1
395054,395055,395057,2,1
395054,395055,395058,3,1
395054,395055,395057,2,1
395054,395055,395058,3,1
395054,395055,395057,2,1
395054,395055,395058,3,1
395054,395055,395057,2,1
395054,395055,395058,3,1
395054,395055,395058,3,1
395054,395055,395058,3,1
395054,395055,395058,3,1
395054,395055,395058,3,1
395054,395055,395058,3,1
395054,395055,395058,3,1
395054,395055,395058,3,1
395054,395055,395058,3,1
395054,395055,395058,3,1
395054,395055,395058,3,1
395054,395055,395058,3,1
395054,395055,395058,3,1
395054,395055,395058,3,1
395054,395055,395058,3,1
395054,395055,395058,3,1
395054,395055,395058,3,1
395054,395055,395058,3,1
395054,395055,395059,4,1
394648,394650,395060,410,2
395068,395069,395070,1,1
395068,395069,395070,1,1
395068,395069,395070,1,1
395068,395069,395071,2,1
395068,395069,395070,1,1
395068,395069,395070,1,1
395068,395069,395070,1,1
395068,395069,395070,1,1
395068,395069,395070,1,1
395068,395069,395070,1,1
395068,395069,395070,1,1
395068,395069,395070,1,1
395068,395069,395070,1,1
395068,395069,395070,1,1
395068,395069,395070,1,1
395068,395069,395070,1,1
395068,395069,395070,1,1
395068,395069,395070,1,1
395068,395069,395070,1,1
395068,395069,395070,1,1
395068,395069,395071,2,1
395068,395069,395071,2,1
395068,395069,395071,2,1
395068,395069,395071,2,1
395068,395069,395071,2,1
395068,395069,395071,2,1
395068,395069,395071,2,1
395068,395069,395071,2,1
395068,395069,395072,3,1
395068,395069,395071,2,1
395068,395069,395071,2,1
395068,395069,395071,2,1
395068,395069,395071,2,1
395068,395069,395071,2,1
395068,395069,395072,3,1
395068,395069,395072,3,1
395068,395069,395071,2,1
395068,395069,395072,3,1
395068,395069,395071,2,1
395068,395069,395071,2,1
395068,395069,395071,2,1
395068,395069,395072,3,1
395068,395069,395071,2,1
395068,395069,395071,2,1
395068,395069,395072,3,1
395068,395069,395072,3,1
395068,395069,395072,3,1
395068,395069,395072,3,1
395068,395069,395072,3,1
395068,395069,395072,3,1
395068,395069,395072,3,1
395068,395069,395072,3,1
395068,395069,395072,3,1
395068,395069,395072,3,1
395068,395069,395072,3,1
395068,395069,395072,3,1
395068,395069,395073,4,1
395068,395069,395072,3,1
395068,395069,395073,4,1
395068,395069,395072,3,1
395068,395069,395071,2,1
394617,394618,395118,500,1
395121,395121,395123,2,0
395121,395121,395122,1,0
395121,395121,395123,2,0
395121,395121,395122,1,0
395121,395121,395123,2,0
395121,395121,395123,2,0
395121,395121,395122,1,0
395121,395121,395123,2,0
395121,395121,395122,1,0
395121,395121,395122,1,0
395121,395121,395123,2,0
395121,395121,395123,2,0
395121,395121,395123,2,0
395121,395121,395123,2,0
395121,395121,395123,2,0
395121,395121,395123,2,0
395121,395121,395122,1,0
395121,395121,395123,2,0
395121,395121,395123,2,0
395121,395121,395123,2,0
395121,395121,395123,2,0
395121,395121,395123,2,0
395121,395121,395123,2,0
395121,395121,395123,2,0
395121,395121,395124,3,0
395121,395121,395123,2,0
395121,395121,395124,3,0
395121,395121,395124,3,0
395121,395121,395123,2,0
395121,395121,395123,2,0
395121,395121,395123,2,0
395121,395121,395124,3,0
395121,395121,395124,3,0
395121,395121,395123,2,0
395121,395121,395124,3,0
395121,395121,395124,3,0
395121,395121,395124,3,0
395121,395121,395124,3,0
395121,395121,395124,3,0
395121,395121,395124,3,0
395121,395121,395124,3,0
395121,395121,395124,3,0
395121,395121,395124,3,0
395121,395121,395124,3,0
395121,395121,395125,4,0
395121,395121,395125,4,0
395121,395121,395124,3,0
395121,395121,395125,4,0
395121,395121,395124,3,0
395121,395121,395124,3,0
395121,395121,395124,3,0
395121,395121,395124,3,0
395121,395121,395125,4,0
395121,395121,395125,4,0
395121,395121,395125,4,0
394707,394707,395127,420,0
395121,395130,395131,1,9
395129,395129,395131,2,0
395129,395129,395131,2,0
395129,395129,395131,2,0
395129,395129,395131,2,0
395129,395129,395131,2,0
395129,395129,395131,2,0
395129,395129,395131,2,0
395129,395129,395130,1,0
395129,395129,395131,2,0
395129,395129,395131,2,0
395129,395129,395131,2,0
395129,395129,395131,2,0
395129,395129,395131,2,0
395129,395129,395131,2,0
395129,395129,395130,1,0
395129,395129,395131,2,0
395129,395129,395131,2,0
395129,395129,395131,2,0
395129,395129,395131,2,0
395129,395129,395131,2,0
395129,395129,395131,2,0
395121,395130,395131,1,9
395121,395130,395132,2,9
395129,395131,395132,1,2
395129,395129,395132,3,0
395129,395129,395132,3,0
395129,395129,395132,3,0
395129,395129,395132,3,0
395129,395129,395132,3,0
395129,395129,395131,2,0
395129,395129,395132,3,0
395129,395129,395132,3,0
395129,395129,395132,3,0
395129,395129,395132,3,0
395129,395129,395131,2,0
395129,395129,395132,3,0
395129,395129,395132,3,0
395129,395129,395132,3,0
395129,395129,395132,3,0
395129,395129,395132,3,0
395129,395129,395132,3,0
395129,395131,395132,1,2
395129,395129,395131,2,0
395129,395129,395132,3,0
395129,395129,395132,3,0
395129,395131,395132,1,2
395129,395131,395132,1,2
395121,395130,395133,3,9
395121,395130,395133,3,9
395129,395129,395132,3,0
395129,395129,395132,3,0
395129,395129,395133,4,0
395129,395129,395133,4,0
395129,395129,395133,4,0
395129,395129,395132,3,0
395129,395131,395133,2,2
395129,395129,395133,4,0
395129,395129,395132,3,0
395129,395129,395132,3,0
395129,395129,395133,4,0
395129,395129,395132,3,0
395129,395129,395133,4,0
395129,395129,395133,4,0
395129,395131,395133,2,2
395129,395129,395133,4,0
395121,395130,395133,3,9
394722,394723,395140,417,1
394663,394666,395144,478,3
395146,395147,395148,1,1
395146,395147,395149,2,1
395146,395147,395149,2,1
395146,395147,395149,2,1
395146,395147,395148,1,1
395146,395147,395149,2,1
395146,395147,395149,2,1
395146,395147,395148,1,1
395146,395147,395148,1,1
395146,395147,395148,1,1
395146,395147,395148,1,1
395146,395147,395149,2,1
395146,395147,395148,1,1
395146,395147,395148,1,1
395146,395147,395149,2,1
395146,395147,395148,1,1
395146,395147,395148,1,1
395146,395147,395149,2,1
395146,395147,395148,1,1
395146,395147,395149,2,1
395146,395147,395149,2,1
395146,395147,395148,1,1
395146,395147,395148,1,1
395146,395147,395148,1,1
395146,395147,395149,2,1
395146,395147,395149,2,1
395146,395147,395149,2,1
395146,395147,395149,2,1
395147,395148,395149,1,1
395146,395147,395150,3,1
395146,395147,395149,2,1
395146,395147,395150,3,1
395146,395147,395150,3,1
395146,395147,395150,3,1
395146,395147,395150,3,1
395146,395147,395149,2,1
394701,394703,395149,446,2
395146,395147,395150,3,1
395146,395147,395149,2,1
395146,395147,395149,2,1
395146,395147,395149,2,1
395146,395147,395149,2,1
395146,395147,395149,2,1
395146,395147,395150,3,1
395146,395147,395149,2,1
395146,395147,395149,2,1
395146,395147,395150,3,1
395146,395147,395150,3,1
395146,395147,395150,3,1
395146,395147,395150,3,1
395147,395149,395150,1,2
395147,395149,395150,1,2
395146,395147,395150,3,1
395146,395147,395150,3,1
395147,395149,395150,1,2
395146,395147,395150,3,1
395147,395149,395150,1,2
395147,395149,395150,1,2
395147,395149,395150,1,2
395147,395149,395150,1,2
395147,395149,395150,1,2
395147,395149,395150,1,2
395146,395147,395151,4,1
395146,395147,395150,3,1
395147,395149,395150,1,2
395146,395147,395150,3,1
395146,395147,395150,3,1
395146,395147,395150,3,1
395147,395149,395151,2,2
395147,395149,395151,2,2
395146,395147,395151,4,1
395146,395147,395150,3,1
395146,395147,395150,3,1
395146,395147,395150,3,1
395147,395149,395151,2,2
395147,395149,395151,2,2
395146,395147,395151,4,1
395146,395147,395150,3,1
395147,395149,395150,1,2
395147,395149,395150,1,2
395147,395149,395150,1,2
395147,395149,395151,2,2
395147,395149,395151,2,2
395147,395149,395151,2,2
395147,395151,395152,1,4
395147,395149,395151,2,2
395147,395149,395152,3,2
395147,395150,395152,2,3
395147,395150,395152,2,3
395147,395149,395151,2,2
395147,395149,395152,3,2
395147,395149,395152,3,2
395147,395150,395152,2,3
395147,395149,395151,2,2
395147,395149,395151,2,2
395147,395150,395152,2,3
395147,395151,395152,1,4
395147,395151,395152,1,4
395147,395150,395153,3,3
395147,395151,395153,2,4
395147,395151,395153,2,4
395147,395151,395152,1,4
395147,395150,395153,3,3
395147,395151,395153,2,4
395147,395151,395153,2,4
395147,395151,395152,1,4
395147,395150,395152,2,3
395147,395150,395152,2,3
395147,395150,395153,3,3
395147,395151,395152,1,4
395147,395151,395152,1,4
395147,395150,395152,2,3
395147,395150,395152,2,3
395147,395149,395152,3,2
395147,395150,395152,2,3
395147,395150,395152,2,3
395147,395150,395153,3,3
395147,395150,395153,3,3
395147,395150,395153,3,3
395147,395151,395152,1,4
395147,395150,395153,3,3
395147,395150,395153,3,3
395147,395150,395153,3,3
395147,395150,395153,3,3
394738,394738,395157,419,0
394759,394760,395175,415,1
395180,395180,395181,1,0
395180,395180,395181,1,0
395180,395180,395182,2,0
395180,395180,395181,1,0
395180,395180,395182,2,0
395180,395180,395182,2,0
395180,395180,395182,2,0
395180,395180,395181,1,0
395180,395180,395182,2,0
395180,395180,395182,2,0
395180,395180,395182,2,0
395180,395180,395182,2,0
395180,395180,395182,2,0
395180,395180,395181,1,0
395180,395180,395182,2,0
395180,395181,395182,1,1
395180,395181,395182,1,1
395180,395181,395182,1,1
395180,395180,395182,2,0
395180,395180,395182,2,0
395180,395180,395182,2,0
395180,395180,395181,1,0
395180,395180,395181,1,0
395180,395180,395182,2,0
395180,395180,395182,2,0
395180,395180,395182,2,0
395180,395180,395182,2,0
395180,395180,395182,2,0
395180,395180,395182,2,0
395180,395180,395182,2,0
395180,395180,395183,3,0
395180,395180,395183,3,0
395180,395180,395183,3,0
395180,395180,395183,3,0
395180,395180,395183,3,0
395180,395180,395182,2,0
395180,395180,395183,3,0
395180,395180,395183,3,0
395180,395180,395183,3,0
395180,395181,395182,1,1
395180,395181,395183,2,1
395180,395181,395183,2,1
395180,395180,395183,3,0
395180,395180,395183,3,0
395180,395180,395183,3,0
395180,395180,395183,3,0
395180,395180,395183,3,0
395180,395180,395182,2,0
395180,395181,395182,1,1
395180,395180,395183,3,0
395180,395180,395183,3,0
395180,395180,395183,3,0
395180,395180,395183,3,0
395180,395180,395183,3,0
395180,395180,395184,4,0
395180,395182,395183,1,2
395180,395180,395184,4,0
395180,395182,395184,2,2
395180,395182,395184,2,2
395180,395180,395184,4,0
395180,395182,395184,2,2
395180,395182,395184,2,2
395180,395182,395184,2,2
395180,395182,395184,2,2
395180,395182,395184,2,2
395180,395182,395184,2,2
395180,395181,395184,3,1
395180,395182,395184,2,2
395180,395182,395184,2,2
395180,395182,395184,2,2
395180,395180,395184,4,0
395180,395182,395184,2,2
395180,395182,395184,2,2
395180,395182,395184,2,2
395180,395182,395184,2,2
395180,395182,395184,2,2
395180,395182,395185,3,2
395180,395184,395185,1,4
395180,395184,395185,1,4
395180,395184,395185,1,4
395180,395184,395185,1,4
395180,395182,395185,3,2
395180,395184,395186,2,4
395180,395182,395185,3,2
395180,395182,395185,3,2
395180,395184,395185,1,4
395180,395184,395185,1,4
395180,395182,395185,3,2
395180,395184,395185,1,4
395180,395184,395185,1,4
395180,395182,395185,3,2
395180,395184,395186,2,4
395180,395184,395185,1,4
395180,395182,395185,3,2
395180,395184,395186,2,4
395180,395184,395185,1,4
395180,395184,395185,1,4
395180,395184,395185,1,4
395180,395183,395186,3,3
395180,395184,395185,1,4
395180,395183,395186,3,3
395180,395183,395186,3,3
395180,395183,395186,3,3
395180,395184,395186,2,4
395180,395184,395186,2,4
395180,395183,395186,3,3
395180,395184,395186,2,4
395180,395184,395186,2,4
395180,395182,395186,4,2
395180,395182,395186,4,2
395180,395184,395186,2,4
395180,395184,395186,2,4
395180,395182,395186,4,2
395180,395183,395187,4,3
395180,395183,395186,3,3
395180,395183,395187,4,3
395180,395183,395187,4,3
394781,394782,395189,407,1
395180,395189,395190,1,9
395180,395189,395190,1,9
395180,395189,395190,1,9
395180,395189,395191,2,9
395180,395189,395191,2,9
395205,395206,395207,1,1
395205,395206,395208,2,1
395205,395206,395207,1,1
395205,395206,395207,1,1
395205,395206,395208,2,1
395205,395206,395207,1,1
395205,395206,395207,1,1
395205,395206,395208,2,1
395205,395206,395207,1,1
395205,395206,395208,2,1
395205,395206,395207,1,1
395205,395206,395207,1,1
395206,395206,395208,2,0
395205,395206,395207,1,1
395205,395206,395207,1,1
395205,395206,395207,1,1
395205,395206,395207,1,1
395205,395206,395207,1,1
395205,395206,395207,1,1
395205,395206,395208,2,1
395205,395206,395208,2,1
395205,395206,395207,1,1
395205,395206,395208,2,1
395205,395206,395207,1,1
395206,395206,395208,2,0
395205,395206,395207,1,1
395205,395206,395208,2,1
395205,395206,395207,1,1
395205,395206,395208,2,1
395205,395206,395208,2,1
395205,395206,395209,3,1
395205,395206,395208,2,1
395205,395206,395208,2,1
395205,395206,395208,2,1
395205,395206,395208,2,1
395205,395206,395209,3,1
395205,395206,395208,2,1
395205,395206,395208,2,1
395205,395206,395209,3,1
395205,395206,395208,2,1
395205,395206,395209,3,1
395205,395206,395208,2,1
395205,395206,395208,2,1
395205,395206,395209,3,1
395205,395206,395209,3,1
395205,395206,395208,2,1
395205,395206,395209,3,1
395205,395206,395208,2,1
395206,395207,395208,1,1
395205,395206,395209,3,1
395205,395206,395209,3,1
395206,395208,395209,1,2
395205,395208,395209,1,3
395205,395208,395209,1,3
395205,395208,395209,1,3
395205,395208,395209,1,3
395205,395208,395209,1,3
395205,395208,395210,2,3
395205,395206,395209,3,1
395206,395208,395210,2,2
395205,395206,395209,3,1
395206,395208,395209,1,2
395206,395208,395209,1,2
395206,395208,395209,1,2
395206,395208,395209,1,2
395206,395208,395209,1,2
395206,395208,395209,1,2
395205,395206,395209,3,1
395206,395208,395209,1,2
395206,395208,395209,1,2
395206,395208,395210,2,2
395205,395206,395209,3,1
395206,395208,395209,1,2
395206,395208,395209,1,2
395206,395208,395209,1,2
395206,395208,395209,1,2
395206,395208,395209,1,2
395205,395206,395209,3,1
395205,395206,395210,4,1
395206,395210,395211,1,4
395206,395210,395211,1,4
395206,395210,395211,1,4
395206,395210,395211,1,4
395206,395208,395211,3,2
395206,395208,395211,3,2
395206,395208,395211,3,2
395206,395209,395211,2,3
395206,395209,395211,2,3
395206,395209,395211,2,3
395206,395209,395211,2,3
395206,395208,395211,3,2
395206,395208,395211,3,2
395206,395208,395211,3,2
395206,395208,395211,3,2
395206,395209,395211,2,3
395206,395209,395211,2,3
395206,395209,395211,2,3
395206,395208,395211,3,2
395206,395208,395211,3,2
395206,395209,395211,2,3
395206,395209,395211,2,3
395206,395209,395211,2,3
395206,395210,395211,1,4
395206,395210,395211,1,4
395206,395210,395211,1,4
395205,395206,395211,5,1
395206,395209,395212,3,3
395206,395209,395212,3,3
395206,395209,395212,3,3
395206,395209,395211,2,3
395206,395209,395212,3,3
395206,395209,395212,3,3
395206,395209,395212,3,3
395205,395208,395211,3,3
395206,395210,395211,1,4
395206,395210,395211,1,4
395206,395210,395211,1,4
395206,395209,395211,2,3
395206,395209,395211,2,3
395206,395208,395211,3,2
395206,395208,395211,3,2
395206,395209,395212,3,3
395206,395209,395212,3,3
394777,394778,395230,452,1
395234,395234,395235,1,0
395234,395234,395235,1,0
395234,395234,395236,2,0
395234,395234,395236,2,0
395234,395234,395236,2,0
395234,395234,395236,2,0
395234,395234,395236,2,0
395234,395234,395236,2,0
395234,395234,395236,2,0
395234,395234,395236,2,0
395234,395234,395236,2,0
395234,395234,395236,2,0
395234,395234,395236,2,0
395234,395234,395236,2,0
395234,395234,395236,2,0
395234,395234,395236,2,0
395234,395234,395236,2,0
395234,395234,395235,1,0
395234,395234,395236,2,0
395234,395234,395236,2,0
395234,395234,395236,2,0
395234,395234,395236,2,0
395234,395234,395236,2,0
395234,395234,395236,2,0
395234,395234,395236,2,0
395234,395234,395236,2,0
395234,395234,395236,2,0
395234,395234,395236,2,0
395234,395234,395236,2,0
395234,395235,395236,1,1
395234,395235,395237,2,1
395234,395234,395237,3,0
395234,395234,395237,3,0
395234,395234,395237,3,0
395234,395234,395236,2,0
395234,395234,395237,3,0
395234,395234,395237,3,0
395234,395234,395236,2,0
395234,395234,395237,3,0
395234,395234,395237,3,0
395234,395234,395237,3,0
395234,395234,395237,3,0
395234,395234,395237,3,0
395234,395234,395237,3,0
395234,395234,395237,3,0
395234,395234,395237,3,0
395234,395235,395237,2,1
395234,395235,395237,2,1
395234,395234,395237,3,0
395234,395234,395237,3,0
395234,395234,395238,4,0
395234,395235,395238,3,1
395234,395234,395237,3,0
395234,395234,395238,4,0
395234,395234,395238,4,0
395234,395234,395238,4,0
395234,395234,395238,4,0
395234,395234,395238,4,0
395234,395234,395237,3,0
395234,395234,395238,4,0
395234,395234,395237,3,0
395234,395235,395238,3,1
394817,394818,395254,436,1
395258,395259,395260,1,1
395258,395259,395260,1,1
395258,395259,395260,1,1
395258,395259,395260,1,1
395258,395259,395261,2,1
395258,395259,395260,1,1
395258,395259,395260,1,1
395258,395259,395260,1,1
395258,395259,395261,2,1
395258,395259,395260,1,1
395258,395259,395260,1,1
395258,395259,395260,1,1
395258,395259,395260,1,1
395258,395259,395260,1,1
395258,395259,395261,2,1
395258,395259,395261,2,1
395258,395259,395261,2,1
395258,395259,395261,2,1
395258,395259,395261,2,1
395258,395259,395261,2,1
395258,395259,395261,2,1
395258,395259,395261,2,1
395258,395259,395261,2,1
395258,395259,395261,2,1
395258,395259,395261,2,1
395258,395259,395261,2,1
395258,395259,395261,2,1
395258,395259,395261,2,1
395258,395259,395261,2,1
395258,395259,395261,2,1
395258,395259,395262,3,1
395258,395259,395262,3,1
395258,395259,395261,2,1
395258,395259,395262,3,1
395258,395259,395261,2,1
395258,395259,395261,2,1
395258,395259,395262,3,1
395258,395259,395262,3,1
395258,395259,395262,3,1
395258,395259,395262,3,1
395258,395259,395262,3,1
395258,395259,395262,3,1
395258,395259,395262,3,1
395258,395259,395263,4,1
395258,395259,395262,3,1
395258,395259,395262,3,1
395258,395259,395262,3,1
395258,395259,395262,3,1
395258,395259,395262,3,1
395258,395259,395262,3,1
395258,395259,395263,4,1
395258,395259,395263,4,1
395258,395259,395263,4,1
395258,395259,395263,4,1
395258,395259,395263,4,1
395258,395259,395263,4,1
395258,395264,395266,2,6
395258,395264,395266,2,6
395258,395264,395267,3,6
394831,394832,395267,435,1
395258,395264,395268,4,6
395258,395264,395267,3,6
395268,395269,395270,1,1
395268,395269,395270,1,1
395268,395269,395270,1,1
395268,395269,395270,1,1
395268,395269,395270,1,1
395268,395269,395270,1,1
395268,395269,395270,1,1
395268,395269,395270,1,1
395268,395269,395271,2,1
395268,395269,395270,1,1
395268,395269,395270,1,1
395268,395269,395270,1,1
395268,395269,395270,1,1
395268,395269,395271,2,1
395268,395269,395270,1,1
395268,395269,395270,1,1
395268,395269,395270,1,1
395268,395269,395270,1,1
395268,395269,395270,1,1
395268,395269,395270,1,1
395268,395269,395270,1,1
395268,395269,395270,1,1
395268,395269,395271,2,1
395268,395269,395271,2,1
395268,395269,395271,2,1
395268,395269,395271,2,1
395268,395269,395271,2,1
395268,395269,395271,2,1
395268,395269,395271,2,1
395268,395269,395271,2,1
395268,395269,395271,2,1
395268,395269,395272,3,1
395268,395269,395272,3,1
395268,395269,395271,2,1
395268,395269,395272,3,1
395268,395269,395271,2,1
395268,395269,395271,2,1
395268,395269,395271,2,1
395268,395269,395272,3,1
395268,395269,395271,2,1
395268,395269,395272,3,1
395268,395269,395273,4,1
395268,395269,395272,3,1
395268,395269,395272,3,1
395268,395269,395272,3,1
395268,395269,395272,3,1
395268,395269,395272,3,1
395268,395269,395272,3,1
395268,395269,395272,3,1
395268,395269,395272,3,1
395268,395269,395272,3,1
395268,395269,395272,3,1
395268,395269,395272,3,1
395268,395269,395272,3,1
395268,395269,395272,3,1
395268,395269,395272,3,1
395268,395269,395272,3,1
395268,395269,395272,3,1
395268,395269,395272,3,1
395268,395269,395272,3,1
395268,395269,395273,4,1
394866,394866,395283,417,0
395294,395294,395295,1,0
395294,395294,395295,1,0
395294,395294,395296,2,0
395294,395294,395295,1,0
395294,395294,395296,2,0
395294,395294,395296,2,0
395294,395294,395296,2,0
395294,395294,395296,2,0
395294,395294,395296,2,0
395294,395294,395296,2,0
395294,395294,395295,1,0
395294,395294,395296,2,0
395294,395294,395296,2,0
395294,395294,395296,2,0
395294,395294,395296,2,0
395294,395294,395296,2,0
395294,395294,395296,2,0
395294,395294,395295,1,0
395294,395294,395295,1,0
395294,395294,395296,2,0
395294,395294,395296,2,0
395294,395294,395296,2,0
395294,395294,395296,2,0
395294,395294,395297,3,0
395294,395294,395296,2,0
395294,395294,395296,2,0
395294,395294,395297,3,0
395294,395294,395296,2,0
395294,395294,395297,3,0
395294,395294,395296,2,0
395294,395294,395297,3,0
395294,395294,395297,3,0
395294,395294,395296,2,0
395294,395296,395297,1,2
395294,395294,395297,3,0
395294,395294,395297,3,0
395294,395294,395296,2,0
395294,395294,395296,2,0
395294,395294,395296,2,0
395294,395294,395296,2,0
395294,395294,395298,4,0
395294,395294,395298,4,0
395294,395294,395297,3,0
395294,395294,395297,3,0
395294,395294,395298,4,0
395294,395294,395297,3,0
395294,395294,395297,3,0
395294,395294,395297,3,0
395294,395294,395298,4,0
395294,395294,395297,3,0
395294,395294,395298,4,0
395294,395294,395297,3,0
395294,395294,395297,3,0
395294,395294,395298,4,0
395294,395294,395298,4,0
395294,395296,395299,3,2
395294,395296,395298,2,2
395294,395296,395298,2,2
395294,395294,395298,4,0
395294,395294,395306,12,0
395294,395296,395299,3,2
394945,394946,395324,378,1
395332,395332,395334,2,0
395332,395332,395334,2,0
395332,395332,395334,2,0
395332,395332,395333,1,0
395332,395332,395334,2,0
395332,395332,395334,2,0
395332,395332,395334,2,0
395332,395332,395334,2,0
395332,395332,395334,2,0
395332,395332,395334,2,0
395332,395332,395334,2,0
395332,395332,395333,1,0
395332,395332,395334,2,0
395332,395332,395334,2,0
395332,395332,395334,2,0
395332,395332,395334,2,0
395332,395332,395334,2,0
395332,395332,395334,2,0
395332,395332,395334,2,0
395332,395332,395334,2,0
395332,395333,395334,1,1
395332,395333,395334,1,1
395332,395332,395334,2,0
395332,395332,395334,2,0
395332,395332,395335,3,0
395332,395332,395334,2,0
395332,395332,395334,2,0
395332,395332,395334,2,0
395332,395332,395334,2,0
395332,395332,395335,3,0
395332,395332,395334,2,0
395332,395332,395335,3,0
395332,395332,395334,2,0
395332,395332,395334,2,0
395332,395332,395335,3,0
395332,395332,395334,2,0
395332,395332,395334,2,0
395332,395332,395335,3,0
395332,395332,395335,3,0
395332,395332,395335,3,0
395332,395332,395336,4,0
395332,395332,395335,3,0
395332,395332,395336,4,0
395332,395332,395336,4,0
395332,395332,395335,3,0
395332,395332,395336,4,0
395332,395332,395336,4,0
395332,395332,395335,3,0
395332,395332,395336,4,0
395332,395332,395335,3,0
395332,395332,395336,4,0
395332,395332,395335,3,0
395332,395332,395335,3,0
395332,395332,395335,3,0
395332,395332,395336,4,0
395332,395332,395336,4,0
395332,395332,395336,4,0
395332,395332,395337,5,0
394879,394880,395342,462,1
395343,395344,395346,2,1
395343,395344,395346,2,1
395343,395344,395345,1,1
395343,395344,395346,2,1
395343,395344,395345,1,1
395343,395344,395346,2,1
395343,395344,395346,2,1
395343,395344,395346,2,1
395343,395344,395345,1,1
395343,395344,395345,1,1
395343,395344,395345,1,1
395343,395344,395345,1,1
395343,395344,395345,1,1
395343,395344,395345,1,1
395343,395344,395346,2,1
395343,395344,395346,2,1
395343,395344,395345,1,1
395343,395345,395346,1,2
395343,395345,395346,1,2
395343,395344,395347,3,1
395343,395344,395346,2,1
395343,395344,395346,2,1
395343,395344,395346,2,1
395343,395344,395347,3,1
395343,395344,395346,2,1
395343,395344,395346,2,1
395343,395344,395347,3,1
395343,395344,395346,2,1
395343,395344,395346,2,1
395343,395344,395347,3,1
395343,395344,395346,2,1
395343,395344,395346,2,1
395343,395344,395346,2,1
395343,395344,395346,2,1
395343,395344,395346,2,1
395343,395344,395346,2,1
395343,395345,395347,2,2
395343,395344,395347,3,1
395343,395344,395348,4,1
395343,395344,395348,4,1
395343,395346,395347,1,3
395343,395344,395348,4,1
395343,395344,395347,3,1
395343,395344,395347,3,1
395343,395344,395347,3,1
395343,395344,395347,3,1
395343,395346,395347,1,3
395343,395344,395347,3,1
395343,395344,395347,3,1
395343,395344,395347,3,1
395343,395344,395347,3,1
395343,395344,395347,3,1
395343,395344,395347,3,1
395343,395344,395347,3,1
395343,395344,395347,3,1
395343,395346,395347,1,3
395343,395345,395348,3,2
395343,395344,395348,4,1
395343,395344,395348,4,1
395332,395333,395336,3,1
395332,395333,395336,3,1
395332,395333,395335,2,1
394852,394853,395355,502,1
395343,395355,395357,2,12
395343,395355,395357,2,12
394990,394991,395357,366,1
395369,395370,395372,2,1
395369,395370,395371,1,1
395369,395370,395371,1,1
395369,395370,395372,2,1
395369,395370,395371,1,1
395369,395370,395371,1,1
395369,395370,395372,2,1
395369,395370,395371,1,1
395369,395370,395371,1,1
395369,395370,395371,1,1
395369,395370,395372,2,1
395369,395370,395372,2,1
395369,395370,395371,1,1
395369,395370,395371,1,1
395369,395370,395371,1,1
395369,395370,395371,1,1
395369,395370,395371,1,1
395369,395370,395371,1,1
395369,395370,395371,1,1
395369,395370,395371,1,1
395369,395370,395371,1,1
395369,395370,395371,1,1
395369,395370,395371,1,1
395369,395370,395371,1,1
395369,395370,395371,1,1
395369,395370,395371,1,1
395369,395370,395371,1,1
395369,395370,395372,2,1
395369,395370,395372,2,1
395369,395370,395372,2,1
395369,395370,395373,3,1
395369,395370,395372,2,1
395369,395370,395372,2,1
395369,395370,395373,3,1
395369,395370,395372,2,1
395369,395370,395373,3,1
395369,395370,395372,2,1
395369,395370,395372,2,1
395369,395370,395373,3,1
395369,395370,395372,2,1
395369,395371,395372,1,2
395369,395370,395372,2,1
395369,395370,395373,3,1
395369,395370,395372,2,1
395369,395370,395373,3,1
395369,395370,395374,4,1
395369,395372,395373,1,3
395369,395370,395374,4,1
395369,395370,395373,3,1
395369,395372,395373,1,3
395369,395370,395374,4,1
395369,395370,395373,3,1
395369,395372,395373,1,3
395369,395372,395373,1,3
395369,395370,395373,3,1
395369,395372,395373,1,3
395369,395372,395373,1,3
395369,395370,395373,3,1
395369,395370,395373,3,1
395369,395372,395373,1,3
395369,395372,395373,1,3
395369,395372,395373,1,3
395369,395370,395373,3,1
395369,395372,395373,1,3
395369,395372,395373,1,3
395369,395372,395373,1,3
395369,395370,395373,3,1
395369,395370,395373,3,1
395369,395372,395374,2,3
395369,395372,395373,1,3
395369,395370,395373,3,1
395369,395370,395373,3,1
395369,395372,395373,1,3
395369,395372,395374,2,3
395369,395372,395373,1,3
395369,395372,395374,2,3
395369,395370,395373,3,1
395369,395370,395374,4,1
395369,395370,395374,4,1
395369,395374,395375,1,5
395369,395374,395375,1,5
395369,395370,395374,4,1
395369,395372,395375,3,3
395369,395374,395375,1,5
395369,395374,395375,1,5
395369,395373,395375,2,4
395369,395372,395375,3,3
395369,395373,395375,2,4
395369,395374,395376,2,5
395369,395374,395376,2,5
395369,395374,395376,2,5
395369,395374,395376,2,5
395369,395374,395376,2,5
395369,395374,395376,2,5
395369,395374,395375,1,5
395369,395374,395375,1,5
395369,395374,395375,1,5
395369,395374,395375,1,5
395369,395373,395376,3,4
395369,395373,395376,3,4
395369,395374,395375,1,5
395369,395373,395375,2,4
395369,395373,395375,2,4
395369,395373,395375,2,4
395369,395372,395376,4,3
395369,395372,395375,3,3
395369,395372,395375,3,3
395369,395373,395375,2,4
395369,395373,395375,2,4
395369,395373,395376,3,4
395369,395374,395375,1,5
395369,395372,395376,4,3
395369,395372,395376,4,3
395369,395372,395376,4,3
395369,395372,395376,4,3
395369,395373,395375,2,4
395369,395373,395375,2,4
395369,395373,395375,2,4
395369,395373,395376,3,4
395369,395373,395376,3,4
395369,395373,395376,3,4
395369,395373,395376,3,4
394942,394943,395398,455,1
395415,395416,395417,1,1
395415,395416,395417,1,1
395415,395416,395417,1,1
395415,395416,395418,2,1
395415,395416,395417,1,1
395415,395416,395417,1,1
395415,395416,395417,1,1
395415,395416,395417,1,1
395415,395416,395417,1,1
395415,395416,395417,1,1
395415,395416,395417,1,1
395415,395416,395417,1,1
395415,395416,395417,1,1
395415,395416,395417,1,1
395415,395416,395417,1,1
395415,395416,395417,1,1
395415,395416,395418,2,1
395415,395416,395417,1,1
395415,395416,395417,1,1
395415,395416,395417,1,1
395415,395416,395417,1,1
395415,395416,395418,2,1
395415,395416,395418,2,1
395415,395416,395417,1,1
395415,395416,395419,3,1
395415,395416,395419,3,1
395415,395416,395419,3,1
395415,395416,395419,3,1
395415,395416,395418,2,1
395415,395416,395419,3,1
395415,395416,395418,2,1
395415,395416,395419,3,1
395415,395416,395418,2,1
395415,395416,395418,2,1
395415,395416,395418,2,1
395415,395416,395418,2,1
395415,395416,395418,2,1
395415,395416,395418,2,1
395415,395416,395419,3,1
395415,395416,395420,4,1
395415,395416,395419,3,1
395415,395416,395420,4,1
395415,395416,395419,3,1
395415,395416,395419,3,1
395415,395416,395419,3,1
395415,395416,395419,3,1
395415,395416,395419,3,1
395415,395416,395419,3,1
395415,395416,395419,3,1
395415,395416,395420,4,1
395415,395416,395419,3,1
395415,395416,395420,4,1
395415,395416,395420,4,1
395415,395416,395419,3,1
395415,395416,395420,4,1
395415,395416,395419,3,1
395415,395433,395434,1,18
395415,395433,395434,1,18
395415,395433,395434,1,18
395415,395433,395436,3,18
395415,395433,395436,3,18
395031,395032,395443,411,1
395449,395449,395451,2,0
395449,395449,395451,2,0
395449,395450,395451,1,1
395449,395450,395451,1,1
395449,395449,395451,2,0
395449,395450,395451,1,1
395449,395450,395451,1,1
395449,395450,395451,1,1
395449,395449,395451,2,0
395449,395449,395451,2,0
395449,395449,395451,2,0
395449,395450,395451,1,1
395449,395449,395451,2,0
395449,395449,395451,2,0
395449,395450,395451,1,1
395449,395450,395451,1,1
395449,395449,395451,2,0
395449,395449,395451,2,0
395449,395450,395451,1,1
395449,395450,395452,2,1
395449,395450,395451,1,1
395449,395449,395452,3,0
395449,395449,395452,3,0
395449,395449,395452,3,0
395449,395449,395452,3,0
395449,395449,395452,3,0
395449,395450,395452,2,1
395449,395449,395452,3,0
395449,395449,395452,3,0
395449,395450,395452,2,1
395449,395449,395452,3,0
395449,395450,395452,2,1
395449,395450,395452,2,1
395449,395450,395452,2,1
395449,395450,395452,2,1
395449,395450,395452,2,1
395449,395449,395453,4,0
395449,395450,395453,3,1
395449,395450,395453,3,1
395449,395449,395453,4,0
395449,395449,395453,4,0
395449,395449,395453,4,0
395449,395449,395453,4,0
395449,395450,395453,3,1
395449,395450,395453,3,1
395449,395450,395453,3,1
395449,395450,395453,3,1
395449,395450,395453,3,1
395449,395449,395454,5,0
395449,395449,395454,5,0
395449,395449,395454,5,0
395449,395450,395454,4,1
395449,395450,395454,4,1
395449,395450,395454,4,1
395449,395458,395460,2,9
395449,395458,395460,2,9
395449,395458,395460,2,9
395449,395458,395460,2,9
395449,395459,395460,1,10
395449,395458,395461,3,9
395449,395458,395462,4,9
395057,395057,395462,405,0
395477,395477,395479,2,0
395477,395477,395479,2,0
395477,395477,395479,2,0
395477,395477,395479,2,0
395477,395477,395479,2,0
395477,395477,395479,2,0
395477,395477,395479,2,0
395477,395477,395479,2,0
395477,395477,395479,2,0
395477,395477,395479,2,0
395477,395477,395479,2,0
395477,395477,395479,2,0
395477,395477,395479,2,0
395477,395477,395479,2,0
395477,395477,395479,2,0
395477,395477,395479,2,0
395477,395477,395479,2,0
395477,395477,395479,2,0
395477,395477,395479,2,0
395477,395477,395479,2,0
395477,395477,395479,2,0
395477,395477,395479,2,0
395477,395477,395480,3,0
395477,395477,395480,3,0
395477,395477,395479,2,0
395477,395477,395480,3,0
395477,395477,395480,3,0
395477,395477,395480,3,0
395477,395477,395480,3,0
395477,395477,395480,3,0
395477,395477,395480,3,0
395477,395477,395480,3,0
395477,395477,395480,3,0
395477,395477,395480,3,0
395477,395477,395480,3,0
395477,395477,395480,3,0
395477,395477,395480,3,0
395477,395477,395480,3,0
395477,395477,395480,3,0
395477,395477,395480,3,0
395477,395477,395480,3,0
395477,395477,395480,3,0
395477,395477,395481,4,0
395477,395477,395481,4,0
395477,395477,395481,4,0
395477,395477,395481,4,0
395477,395477,395481,4,0
395477,395477,395481,4,0
395477,395477,395481,4,0
395477,395477,395481,4,0
395477,395477,395481,4,0
395477,395477,395481,4,0
395477,395477,395481,4,0
395477,395477,395481,4,0
395477,395477,395481,4,0
395477,395477,395481,4,0
395477,395477,395481,4,0
395477,395477,395481,4,0
395477,395477,395481,4,0
395477,395477,395482,5,0
395477,395477,395482,5,0
395122,395123,395508,385,1
395510,395510,395512,2,0
395510,395510,395512,2,0
395510,395510,395512,2,0
395510,395510,395512,2,0
395510,395510,395512,2,0
395510,395510,395512,2,0
395510,395510,395512,2,0
395510,395510,395512,2,0
395510,395510,395512,2,0
395510,395510,395512,2,0
395510,395510,395512,2,0
395510,395510,395512,2,0
395510,395510,395512,2,0
395510,395510,395512,2,0
395510,395510,395512,2,0
395510,395510,395512,2,0
395510,395510,395512,2,0
395510,395510,395512,2,0
395510,395510,395512,2,0
395510,395510,395512,2,0
395510,395510,395512,2,0
395510,395510,395512,2,0
395510,395510,395512,2,0
395510,395510,395512,2,0
395510,395510,395512,2,0
395510,395510,395513,3,0
395510,395510,395512,2,0
395510,395510,395512,2,0
395510,395510,395512,2,0
395510,395510,395513,3,0
395510,395510,395513,3,0
395510,395510,395513,3,0
395510,395510,395513,3,0
395510,395510,395512,2,0
395510,395510,395513,3,0
395510,395510,395513,3,0
395510,395510,395513,3,0
395510,395510,395513,3,0
395510,395510,395513,3,0
395510,395510,395513,3,0
395510,395510,395513,3,0
395510,395510,395514,4,0
395510,395510,395514,4,0
395510,395510,395514,4,0
395510,395510,395514,4,0
395510,395510,395514,4,0
395510,395510,395513,3,0
395510,395510,395514,4,0
395510,395510,395513,3,0
395510,395510,395513,3,0
395510,395510,395513,3,0
395510,395510,395514,4,0
395510,395510,395514,4,0
395510,395510,395514,4,0
395510,395510,395513,3,0
395510,395510,395514,4,0
395510,395510,395514,4,0
395510,395510,395514,4,0
395510,395510,395513,3,0
395510,395510,395514,4,0
395510,395510,395514,4,0
395070,395071,395520,449,1
395528,395528,395530,2,0
395528,395528,395530,2,0
395528,395528,395530,2,0
395528,395528,395530,2,0
395528,395528,395530,2,0
395528,395528,395530,2,0
395528,395528,395530,2,0
395528,395528,395530,2,0
395528,395528,395530,2,0
395528,395528,395530,2,0
395528,395528,395530,2,0
395528,395528,395530,2,0
395528,395528,395530,2,0
395528,395528,395530,2,0
395528,395528,395530,2,0
395528,395528,395530,2,0
395528,395528,395530,2,0
395528,395528,395530,2,0
395528,395528,395530,2,0
395528,395528,395530,2,0
395528,395528,395530,2,0
395528,395528,395530,2,0
395528,395528,395530,2,0
395528,395528,395531,3,0
395528,395528,395531,3,0
395528,395528,395531,3,0
395528,395528,395531,3,0
395528,395528,395531,3,0
395528,395528,395531,3,0
395528,395530,395531,1,2
395528,395528,395531,3,0
395528,395528,395531,3,0
395528,395528,395531,3,0
395528,395528,395531,3,0
395528,395528,395531,3,0
395528,395528,395531,3,0
395528,395529,395532,3,1
395528,395528,395532,4,0
395528,395528,395532,4,0
395528,395528,395532,4,0
395528,395528,395532,4,0
395528,395528,395532,4,0
395528,395528,395531,3,0
395528,395528,395532,4,0
395528,395528,395532,4,0
395528,395528,395532,4,0
395528,395528,395532,4,0
395528,395528,395532,4,0
395528,395528,395532,4,0
395528,395528,395532,4,0
395528,395528,395533,5,0
395528,395528,395532,4,0
395528,395529,395532,3,1
395528,395529,395533,4,1
395528,395528,395533,5,0
395528,395528,395533,5,0
395528,395528,395533,5,0
395528,395532,395534,2,4
395528,395532,395534,2,4
395528,395532,395534,2,4
395528,395532,395535,3,4
395528,395532,395536,4,4
395130,395131,395574,443,1
395575,395576,395577,1,1
395575,395576,395577,1,1
395575,395576,395577,1,1
395575,395576,395577,1,1
395575,395576,395578,2,1
395575,395576,395577,1,1
395575,395576,395577,1,1
395575,395576,395577,1,1
395575,395576,395577,1,1
395575,395576,395577,1,1
395575,395576,395577,1,1
395575,395576,395577,1,1
395575,395576,395577,1,1
395575,395576,395577,1,1
395575,395576,395577,1,1
395575,395576,395577,1,1
395575,395576,395577,1,1
395575,395576,395577,1,1
395575,395576,395577,1,1
395575,395576,395577,1,1
395575,395576,395577,1,1
395575,395576,395578,2,1
395575,395576,395578,2,1
395575,395576,395578,2,1
395575,395576,395579,3,1
395575,395576,395578,2,1
395575,395576,395579,3,1
395575,395576,395578,2,1
395575,395576,395579,3,1
395575,395576,395578,2,1
395575,395576,395579,3,1
395575,395576,395578,2,1
395575,395576,395578,2,1
395575,395576,395578,2,1
395575,395576,395578,2,1
395575,395576,395578,2,1
395575,395576,395578,2,1
395575,395576,395578,2,1
395575,395576,395578,2,1
395575,395576,395579,3,1
395575,395576,395578,2,1
395575,395576,395578,2,1
395575,395576,395578,2,1
395575,395576,395579,3,1
395575,395576,395579,3,1
395575,395576,395579,3,1
395575,395576,395579,3,1
395575,395576,395579,3,1
395575,395576,395579,3,1
395575,395576,395579,3,1
395575,395576,395580,4,1
395575,395576,395579,3,1
395575,395576,395579,3,1
395575,395576,395579,3,1
395575,395576,395579,3,1
395575,395576,395579,3,1
395575,395576,395579,3,1
395575,395576,395579,3,1
395575,395576,395580,4,1
395575,395576,395579,3,1
395575,395576,395584,8,1
395148,395151,395602,451,3
395610,395610,395612,2,0
395610,395610,395612,2,0
395610,395610,395612,2,0
395610,395610,395612,2,0
395610,395610,395612,2,0
395610,395610,395612,2,0
395610,395610,395612,2,0
395610,395610,395612,2,0
395610,395610,395612,2,0
395610,395610,395612,2,0
395610,395610,395612,2,0
395610,395610,395612,2,0
395610,395610,395612,2,0
395610,395610,395612,2,0
395610,395610,395612,2,0
395610,395610,395612,2,0
395610,395610,395612,2,0
395610,395610,395613,3,0
395610,395610,395612,2,0
395610,395610,395613,3,0
395610,395610,395612,2,0
395610,395610,395612,2,0
395610,395610,395613,3,0
395610,395610,395613,3,0
395610,395610,395613,3,0
395610,395610,395613,3,0
395610,395610,395613,3,0
395610,395610,395612,2,0
395610,395610,395613,3,0
395610,395611,395612,1,1
395610,395610,395613,3,0
395610,395610,395613,3,0
395610,395610,395613,3,0
395610,395610,395614,4,0
395610,395610,395614,4,0
395610,395610,395614,4,0
395610,395610,395613,3,0
395610,395610,395613,3,0
395610,395610,395614,4,0
395610,395610,395614,4,0
395610,395610,395614,4,0
395610,395610,395614,4,0
395610,395610,395614,4,0
395610,395610,395614,4,0
395610,395610,395614,4,0
395610,395610,395614,4,0
395610,395610,395614,4,0
395610,395610,395614,4,0
395610,395610,395614,4,0
395610,395610,395614,4,0
395610,395610,395614,4,0
395610,395610,395614,4,0
395610,395610,395614,4,0
395610,395610,395614,4,0
395610,395610,395614,4,0
395610,395610,395614,4,0
395610,395610,395614,4,0
395610,395610,395615,5,0
395610,395610,395615,5,0
395610,395610,395616,6,0
395610,395610,395617,7,0
395207,395210,395644,434,3
395646,395646,395648,2,0
395646,395646,395648,2,0
395646,395646,395648,2,0
395181,395185,395648,463,4
395646,395646,395648,2,0
395646,395646,395648,2,0
395646,395646,395648,2,0
395646,395646,395648,2,0
395646,395646,395648,2,0
395646,395646,395648,2,0
395646,395646,395648,2,0
395646,395646,395648,2,0
395646,395646,395648,2,0
395646,395646,395648,2,0
395646,395646,395648,2,0
395646,395646,395648,2,0
395646,395646,395648,2,0
395646,395646,395648,2,0
395646,395646,395648,2,0
395646,395646,395648,2,0
395646,395647,395649,2,1
395646,395647,395648,1,1
395646,395647,395648,1,1
395646,395646,395649,3,0
395646,395646,395649,3,0
395646,395646,395649,3,0
395646,395646,395649,3,0
395646,395646,395649,3,0
395646,395646,395649,3,0
395646,395646,395649,3,0
395646,395646,395649,3,0
395646,395646,395649,3,0
395646,395646,395649,3,0
395646,395646,395648,2,0
395646,395646,395649,3,0
395646,395646,395648,2,0
395646,395646,395649,3,0
395646,395646,395649,3,0
395646,395646,395649,3,0
395646,395646,395649,3,0
395646,395646,395649,3,0
395646,395646,395649,3,0
395646,395646,395648,2,0
395646,395647,395650,3,1
395646,395646,395649,3,0
395646,395646,395650,4,0
395646,395646,395649,3,0
395646,395646,395650,4,0
395646,395646,395650,4,0
395646,395646,395650,4,0
395646,395646,395650,4,0
395646,395646,395650,4,0
395646,395646,395650,4,0
395646,395646,395649,3,0
395646,395646,395650,4,0
395646,395646,395650,4,0
395646,395646,395650,4,0
395646,395646,395650,4,0
395646,395646,395649,3,0
395646,395646,395650,4,0
395646,395646,395650,4,0
395646,395647,395650,3,1
395650,395651,395653,2,1
395650,395651,395653,2,1
395650,395651,395653,2,1
395650,395651,395652,1,1
395650,395651,395652,1,1
395650,395651,395652,1,1
395650,395651,395653,2,1
395650,395651,395652,1,1
395650,395651,395652,1,1
395650,395651,395652,1,1
395650,395651,395652,1,1
395650,395651,395652,1,1
395650,395651,395652,1,1
395650,395651,395653,2,1
395650,395651,395653,2,1
395650,395651,395652,1,1
395650,395651,395652,1,1
395650,395651,395653,2,1
395650,395651,395653,2,1
395650,395651,395653,2,1
395650,395651,395653,2,1
395650,395651,395653,2,1
395650,395651,395653,2,1
395650,395651,395653,2,1
395650,395651,395653,2,1
395650,395651,395653,2,1
395650,395651,395653,2,1
395650,395651,395653,2,1
395650,395652,395653,1,2
395650,395652,395653,1,2
395650,395652,395653,1,2
395650,395652,395653,1,2
395650,395651,395654,3,1
395650,395651,395653,2,1
395650,395651,395653,2,1
395650,395651,395653,2,1
395650,395651,395654,3,1
395650,395651,395654,3,1
395650,395651,395654,3,1
395650,395651,395654,3,1
395650,395651,395653,2,1
395650,395651,395653,2,1
395650,395651,395654,3,1
395650,395651,395653,2,1
395650,395651,395654,3,1
395650,395651,395653,2,1
395650,395651,395654,3,1
395650,395651,395654,3,1
395650,395651,395654,3,1
395650,395651,395654,3,1
395650,395651,395654,3,1
395650,395651,395654,3,1
395650,395651,395654,3,1
395650,395651,395654,3,1
395650,395651,395654,3,1
395650,395651,395654,3,1
395650,395651,395654,3,1
395650,395651,395655,4,1
395650,395651,395654,3,1
395650,395651,395654,3,1
395235,395235,395661,426,0
395259,395260,395669,409,1
395650,395652,395654,2,2
395670,395671,395672,1,1
395670,395670,395672,2,0
395670,395670,395671,1,0
395670,395670,395672,2,0
395670,395670,395672,2,0
395670,395670,395672,2,0
395670,395670,395672,2,0
395670,395670,395672,2,0
395670,395670,395672,2,0
395670,395670,395672,2,0
395670,395670,395672,2,0
395670,395670,395672,2,0
395670,395670,395672,2,0
395670,395670,395671,1,0
395670,395670,395671,1,0
395670,395670,395671,1,0
395670,395670,395671,1,0
395670,395670,395671,1,0
395670,395670,395672,2,0
395670,395670,395671,1,0
395670,395670,395672,2,0
395670,395670,395671,1,0
395670,395670,395671,1,0
395670,395670,395672,2,0
395670,395671,395672,1,1
395670,395671,395672,1,1
395670,395672,395673,1,2
395670,395670,395673,3,0
395670,395670,395673,3,0
395670,395670,395672,2,0
395670,395670,395673,3,0
395670,395670,395672,2,0
395670,395670,395673,3,0
395670,395670,395673,3,0
395670,395670,395673,3,0
395670,395670,395672,2,0
395670,395670,395672,2,0
395670,395670,395673,3,0
395670,395670,395672,2,0
395670,395670,395673,3,0
395670,395670,395673,3,0
395670,395670,395673,3,0
395670,395670,395672,2,0
395670,395670,395673,3,0
395670,395670,395673,3,0
395670,395670,395672,2,0
395670,395670,395672,2,0
395670,395670,395673,3,0
395670,395670,395672,2,0
395670,395671,395673,2,1
395670,395672,395673,1,2
395670,395670,395674,4,0
395670,395670,395674,4,0
395670,395672,395673,1,2
395670,395672,395674,2,2
395670,395672,395673,1,2
395670,395672,395673,1,2
395670,395672,395673,1,2
395670,395670,395673,3,0
395670,395672,395673,1,2
395670,395672,395674,2,2
395670,395672,395674,2,2
395670,395672,395674,2,2
395670,395670,395673,3,0
395670,395670,395674,4,0
395670,395670,395673,3,0
395670,395672,395673,1,2
395670,395672,395673,1,2
395670,395672,395674,2,2
395670,395670,395673,3,0
395670,395670,395674,4,0
395670,395670,395673,3,0
395670,395672,395673,1,2
395670,395672,395673,1,2
395670,395672,395674,2,2
395670,395670,395673,3,0
395670,395670,395674,4,0
395670,395672,395673,1,2
395670,395670,395674,4,0
395670,395672,395674,2,2
395670,395674,395675,1,4
395670,395672,395675,3,2
395670,395672,395675,3,2
395670,395673,395675,2,3
395670,395672,395674,2,2
395670,395672,395675,3,2
395670,395673,395675,2,3
395670,395672,395675,3,2
395670,395672,395675,3,2
395670,395673,395675,2,3
395670,395673,395675,2,3
395670,395673,395675,2,3
395670,395673,395675,2,3
395670,395673,395676,3,3
395670,395673,395676,3,3
395670,395673,395676,3,3
395670,395674,395675,1,4
395670,395674,395676,2,4
395670,395673,395676,3,3
395670,395674,395675,1,4
395670,395674,395675,1,4
395670,395673,395676,3,3
395670,395673,395676,3,3
395670,395674,395676,2,4
395670,395673,395676,3,3
395670,395673,395676,3,3
395670,395674,395676,2,4
395670,395674,395675,1,4
395670,395674,395676,2,4
395670,395674,395675,1,4
395670,395674,395676,2,4
395670,395673,395676,3,3
395670,395673,395676,3,3
395670,395673,395676,3,3
395670,395673,395676,3,3
395670,395673,395675,2,3
395670,395673,395676,3,3
395670,395673,395676,3,3
395670,395673,395675,2,3
395670,395673,395676,3,3
395670,395673,395676,3,3
395670,395673,395676,3,3
395261,395261,395684,423,0
395696,395696,395697,1,0
395696,395696,395697,1,0
395696,395696,395697,1,0
395696,395696,395698,2,0
395696,395696,395698,2,0
395696,395696,395698,2,0
395696,395696,395698,2,0
395696,395696,395697,1,0
395696,395696,395698,2,0
395696,395696,395698,2,0
395696,395696,395697,1,0
395696,395696,395697,1,0
395696,395696,395697,1,0
395696,395696,395697,1,0
395696,395696,395698,2,0
395696,395696,395697,1,0
395696,395696,395697,1,0
395696,395696,395698,2,0
395696,395696,395698,2,0
395696,395696,395698,2,0
395696,395696,395697,1,0
395696,395696,395697,1,0
395696,395696,395698,2,0
395696,395696,395699,3,0
395696,395696,395698,2,0
395696,395696,395698,2,0
395696,395696,395698,2,0
395696,395696,395698,2,0
395696,395696,395698,2,0
395696,395696,395699,3,0
395696,395696,395699,3,0
395696,395696,395698,2,0
395696,395696,395699,3,0
395696,395696,395699,3,0
395696,395696,395698,2,0
395696,395696,395699,3,0
395696,395696,395698,2,0
395696,395696,395698,2,0
395696,395696,395698,2,0
395696,395696,395699,3,0
395696,395696,395699,3,0
395696,395696,395698,2,0
395696,395696,395699,3,0
395696,395696,395699,3,0
395696,395696,395699,3,0
395696,395696,395699,3,0
395696,395696,395700,4,0
395696,395696,395700,4,0
395696,395696,395700,4,0
395696,395696,395699,3,0
395696,395696,395700,4,0
395696,395696,395699,3,0
395696,395696,395700,4,0
395245,395245,395700,455,0
395696,395696,395701,5,0
395696,395696,395702,6,0
395263,395263,395708,445,0
395707,395707,395709,2,0
395707,395707,395709,2,0
395707,395707,395709,2,0
395707,395707,395709,2,0
395707,395707,395709,2,0
395707,395707,395709,2,0
395707,395707,395709,2,0
395707,395707,395709,2,0
395707,395707,395709,2,0
395707,395707,395709,2,0
395707,395707,395709,2,0
395707,395707,395709,2,0
395707,395707,395709,2,0
395707,395707,395709,2,0
395707,395707,395709,2,0
395707,395707,395709,2,0
395707,395707,395709,2,0
395707,395707,395709,2,0
395707,395707,395709,2,0
395707,395707,395710,3,0
395707,395707,395710,3,0
395707,395707,395710,3,0
395707,395707,395710,3,0
395707,395707,395710,3,0
395707,395707,395710,3,0
395707,395707,395710,3,0
395707,395707,395710,3,0
395707,395707,395710,3,0
395707,395707,395711,4,0
395707,395707,395710,3,0
395707,395707,395710,3,0
395707,395707,395710,3,0
395707,395707,395710,3,0
395707,395707,395710,3,0
395707,395707,395710,3,0
395707,395707,395710,3,0
395707,395708,395710,2,1
395707,395707,395710,3,0
395707,395707,395711,4,0
395707,395708,395710,2,1
395707,395707,395711,4,0
395707,395707,395711,4,0
395707,395707,395711,4,0
395707,395710,395711,1,3
395707,395710,395711,1,3
395707,395710,395711,1,3
395707,395707,395711,4,0
395707,395707,395711,4,0
395707,395707,395711,4,0
395707,395707,395711,4,0
395707,395707,395711,4,0
395707,395707,395711,4,0
395709,395710,395711,1,1
395709,395710,395711,1,1
395709,395710,395711,1,1
395709,395710,395711,1,1
395707,395707,395711,4,0
395709,395710,395711,1,1
395709,395710,395711,1,1
395709,395710,395711,1,1
395707,395707,395711,4,0
395709,395710,395711,1,1
395709,395710,395711,1,1
395709,395710,395711,1,1
395707,395708,395711,3,1
395709,395710,395711,1,1
395709,395710,395711,1,1
395709,395710,395711,1,1
395709,395711,395712,1,2
395709,395711,395712,1,2
395709,395711,395712,1,2
395709,395711,395712,1,2
395709,395711,395712,1,2
395709,395712,395713,1,3
395709,395712,395713,1,3
395709,395711,395713,2,2
395709,395711,395713,2,2
395709,395712,395714,2,3
395709,395712,395714,2,3
395709,395711,395714,3,2
395709,395711,395714,3,2
395709,395711,395713,2,2
395709,395711,395713,2,2
395709,395711,395714,3,2
395709,395712,395714,2,3
395709,395711,395714,3,2
395709,395712,395713,1,3
395709,395712,395713,1,3
395709,395711,395714,3,2
395709,395711,395714,3,2
395709,395712,395713,1,3
395709,395712,395713,1,3
395709,395711,395714,3,2
395709,395711,395714,3,2
395709,395711,395713,2,2
395709,395712,395713,1,3
395709,395712,395713,1,3
395709,395712,395714,2,3
395709,395712,395714,2,3
395709,395712,395714,2,3
395709,395712,395714,2,3
395709,395712,395714,2,3
395709,395712,395714,2,3
395709,395712,395713,1,3
395709,395711,395714,3,2
395709,395712,395714,2,3
395709,395712,395714,2,3
395709,395712,395714,2,3
395709,395712,395714,2,3
395709,395712,395714,2,3
395709,395712,395714,2,3
395709,395711,395714,3,2
395709,395711,395714,3,2
395709,395711,395714,3,2
395709,395711,395714,3,2
395709,395711,395714,3,2
395696,395717,395719,2,21
395696,395717,395718,1,21
395696,395717,395719,2,21
395696,395717,395720,3,21
395696,395717,395720,3,21
395696,395717,395720,3,21
395295,395296,395729,433,1
395696,395696,395713,17,0
395707,395730,395733,3,23
395707,395730,395732,2,23
395707,395730,395734,4,23
395734,395734,395736,2,0
395734,395734,395736,2,0
395734,395734,395736,2,0
395734,395734,395736,2,0
395734,395734,395736,2,0
395734,395734,395736,2,0
395734,395734,395736,2,0
395734,395734,395736,2,0
395734,395734,395736,2,0
395734,395734,395736,2,0
395734,395734,395736,2,0
395734,395734,395736,2,0
395734,395734,395736,2,0
395734,395734,395736,2,0
395734,395734,395736,2,0
395734,395734,395736,2,0
395734,395734,395736,2,0
395734,395734,395736,2,0
395734,395734,395736,2,0
395734,395734,395736,2,0
395734,395735,395737,2,1
395734,395735,395736,1,1
395734,395735,395736,1,1
395734,395734,395737,3,0
395734,395734,395736,2,0
395734,395734,395737,3,0
395734,395734,395737,3,0
395734,395734,395737,3,0
395734,395734,395736,2,0
395734,395734,395737,3,0
395734,395734,395737,3,0
395734,395734,395736,2,0
395734,395734,395737,3,0
395734,395734,395737,3,0
395734,395734,395736,2,0
395734,395734,395737,3,0
395734,395734,395737,3,0
395734,395734,395737,3,0
395734,395735,395738,3,1
395734,395734,395738,4,0
395734,395734,395738,4,0
395734,395734,395738,4,0
395734,395734,395738,4,0
395734,395734,395737,3,0
395734,395734,395738,4,0
395734,395734,395738,4,0
395734,395734,395737,3,0
395734,395734,395738,4,0
395734,395734,395738,4,0
395734,395734,395738,4,0
395734,395734,395738,4,0
395734,395734,395738,4,0
395734,395734,395738,4,0
395734,395734,395738,4,0
395734,395734,395738,4,0
395734,395734,395738,4,0
395333,395334,395739,405,1
395734,395735,395738,3,1
395741,395741,395742,1,0
395741,395741,395743,2,0
395741,395741,395742,1,0
395741,395741,395743,2,0
395741,395741,395743,2,0
395741,395741,395743,2,0
395741,395741,395743,2,0
395741,395741,395743,2,0
395741,395741,395743,2,0
395741,395741,395743,2,0
395741,395741,395742,1,0
395741,395741,395743,2,0
395741,395741,395743,2,0
395741,395741,395743,2,0
395741,395741,395743,2,0
395741,395741,395743,2,0
395741,395741,395742,1,0
395741,395741,395743,2,0
395741,395741,395743,2,0
395741,395741,395743,2,0
395741,395742,395743,1,1
395741,395742,395743,1,1
395741,395742,395743,1,1
395741,395742,395744,2,1
395741,395742,395743,1,1
395741,395741,395744,3,0
395741,395741,395744,3,0
395741,395741,395744,3,0
395741,395741,395744,3,0
395741,395741,395744,3,0
395741,395741,395743,2,0
395741,395741,395744,3,0
395741,395741,395744,3,0
395741,395741,395744,3,0
395741,395741,395744,3,0
395741,395741,395743,2,0
395741,395741,395744,3,0
395741,395743,395744,1,2
395741,395741,395744,3,0
395741,395741,395744,3,0
395741,395741,395744,3,0
395741,395741,395744,3,0
395741,395742,395745,3,1
395741,395741,395744,3,0
395741,395743,395744,1,2
395741,395741,395744,3,0
395741,395741,395744,3,0
395741,395741,395745,4,0
395741,395741,395745,4,0
395741,395741,395745,4,0
395741,395741,395744,3,0
395741,395741,395744,3,0
395741,395741,395745,4,0
395741,395741,395745,4,0
395741,395743,395745,2,2
395741,395741,395745,4,0
395741,395741,395745,4,0
395741,395741,395745,4,0
395741,395741,395744,3,0
395270,395271,395750,479,1
395752,395752,395754,2,0
395752,395752,395754,2,0
395752,395752,395754,2,0
395752,395752,395754,2,0
395752,395752,395754,2,0
395752,395752,395754,2,0
395752,395752,395754,2,0
395752,395752,395754,2,0
395752,395752,395754,2,0
395752,395752,395754,2,0
395752,395752,395754,2,0
395752,395752,395753,1,0
395752,395752,395753,1,0
395752,395752,395754,2,0
395752,395752,395754,2,0
395752,395752,395754,2,0
395752,395752,395754,2,0
395752,395752,395755,3,0
395752,395752,395754,2,0
395752,395752,395755,3,0
395752,395752,395755,3,0
395752,395752,395754,2,0
395752,395752,395754,2,0
395752,395752,395755,3,0
395752,395754,395755,1,2
395752,395754,395755,1,2
395752,395752,395755,3,0
395752,395752,395755,3,0
395752,395752,395754,2,0
395752,395752,395755,3,0
395752,395752,395755,3,0
395752,395754,395755,1,2
395752,395752,395756,4,0
395752,395752,395755,3,0
395752,395752,395755,3,0
395752,395752,395755,3,0
395752,395752,395755,3,0
395752,395752,395756,4,0
395752,395752,395755,3,0
395752,395754,395755,1,2
395752,395752,395756,4,0
395752,395752,395755,3,0
395752,395752,395756,4,0
395752,395752,395755,3,0
395752,395752,395756,4,0
395752,395752,395755,3,0
395752,395752,395755,3,0
395752,395752,395755,3,0
395752,395752,395756,4,0
395734,395734,395737,3,0
395734,395734,395738,4,0
395734,395734,395737,3,0
395734,395734,395737,3,0
395752,395752,395754,2,0
395752,395752,395754,2,0
395752,395752,395756,4,0
395741,395756,395759,3,15
395752,395758,395759,1,6
395752,395758,395759,1,6
395741,395756,395760,4,15
395752,395768,395769,1,16
395752,395768,395769,1,16
395752,395768,395769,1,16
395752,395768,395769,1,16
395752,395768,395770,2,16
395752,395768,395771,3,16
395752,395768,395771,3,16
395371,395374,395776,402,3
395345,395346,395776,430,1
395785,395786,395787,1,1
395785,395786,395787,1,1
395785,395786,395787,1,1
395785,395785,395787,2,0
395785,395785,395787,2,0
395785,395785,395787,2,0
395785,395786,395787,1,1
395785,395786,395787,1,1
395785,395786,395788,2,1
395785,395785,395787,2,0
395785,395785,395787,2,0
395785,395785,395787,2,0
395785,395786,395787,1,1
395785,395785,395787,2,0
395785,395785,395787,2,0
395785,395786,395787,1,1
395785,395785,395787,2,0
395785,395785,395787,2,0
395785,395785,395787,2,0
395785,395786,395787,1,1
395785,395785,395787,2,0
395785,395786,395788,2,1
395785,395786,395787,1,1
395785,395786,395788,2,1
395785,395786,395787,1,1
395785,395786,395787,1,1
395785,395786,395788,2,1
395785,395786,395788,2,1
395785,395786,395788,2,1
395785,395786,395788,2,1
395785,395786,395788,2,1
395785,395786,395788,2,1
395785,395786,395789,3,1
395785,395786,395788,2,1
395785,395786,395788,2,1
395785,395786,395788,2,1
395785,395786,395788,2,1
395785,395786,395788,2,1
395785,395785,395788,3,0
395785,395786,395788,2,1
395785,395786,395789,3,1
395785,395786,395789,3,1
395785,395786,395789,3,1
395785,395786,395789,3,1
395785,395786,395789,3,1
395785,395786,395789,3,1
395785,395786,395789,3,1
395785,395786,395789,3,1
395785,395786,395789,3,1
395785,395786,395789,3,1
395785,395786,395789,3,1
395785,395786,395789,3,1
395785,395786,395789,3,1
395785,395785,395789,4,0
395785,395786,395789,3,1
395785,395785,395789,4,0
395799,395799,395801,2,0
395799,395799,395801,2,0
395799,395799,395801,2,0
395799,395799,395801,2,0
395799,395799,395800,1,0
395799,395799,395800,1,0
395799,395799,395800,1,0
395799,395799,395800,1,0
395799,395799,395801,2,0
395799,395799,395801,2,0
395799,395799,395801,2,0
395799,395799,395800,1,0
395799,395799,395801,2,0
395799,395799,395800,1,0
395799,395799,395800,1,0
395799,395799,395801,2,0
395799,395799,395800,1,0
395799,395799,395800,1,0
395799,395799,395800,1,0
395799,395799,395800,1,0
395799,395799,395802,3,0
395799,395799,395801,2,0
395799,395799,395801,2,0
395799,395799,395802,3,0
395799,395799,395802,3,0
395799,395799,395801,2,0
395799,395799,395801,2,0
395799,395799,395802,3,0
395799,395799,395801,2,0
395799,395799,395801,2,0
395799,395799,395802,3,0
395799,395799,395802,3,0
395799,395801,395802,1,2
395799,395799,395802,3,0
395799,395801,395802,1,2
395799,395799,395802,3,0
395799,395799,395802,3,0
395799,395801,395802,1,2
395799,395801,395802,1,2
395799,395799,395802,3,0
395799,395799,395803,4,0
395799,395799,395802,3,0
395799,395799,395802,3,0
395799,395799,395802,3,0
395799,395799,395802,3,0
395799,395799,395802,3,0
395799,395799,395802,3,0
395799,395799,395802,3,0
395799,395799,395802,3,0
395799,395799,395803,4,0
395799,395801,395802,1,2
395799,395799,395802,3,0
395799,395799,395802,3,0
395799,395799,395803,4,0
395785,395806,395807,1,21
395785,395806,395807,1,21
395785,395806,395808,2,21
395785,395806,395808,2,21
395785,395806,395809,3,21
395799,395811,395812,1,12
395799,395811,395812,1,12
395396,395396,395813,417,0
395799,395811,395812,1,12
395799,395811,395812,1,12
395799,395811,395812,1,12
395799,395811,395814,3,12
395799,395811,395814,3,12
395822,395823,395824,1,1
395822,395823,395825,2,1
395822,395823,395825,2,1
395822,395823,395825,2,1
395822,395823,395824,1,1
395822,395823,395825,2,1
395822,395823,395824,1,1
395822,395823,395824,1,1
395822,395823,395825,2,1
395822,395823,395825,2,1
395822,395823,395825,2,1
395822,395823,395825,2,1
395822,395823,395825,2,1
395822,395823,395824,1,1
395822,395823,395824,1,1
395822,395823,395824,1,1
395822,395823,395825,2,1
395822,395823,395825,2,1
395822,395823,395824,1,1
395822,395823,395824,1,1
395822,395823,395825,2,1
395822,395823,395824,1,1
395822,395823,395824,1,1
395822,395823,395824,1,1
395822,395823,395826,3,1
395822,395823,395825,2,1
395822,395823,395825,2,1
395822,395823,395825,2,1
395822,395823,395825,2,1
395822,395823,395825,2,1
395822,395823,395826,3,1
395822,395823,395825,2,1
395822,395823,395826,3,1
395822,395823,395826,3,1
395822,395823,395825,2,1
395822,395823,395825,2,1
395822,395823,395826,3,1
395822,395823,395826,3,1
395822,395823,395825,2,1
395822,395823,395825,2,1
395822,395823,395826,3,1
395822,395823,395826,3,1
395822,395823,395827,4,1
395822,395823,395827,4,1
395822,395823,395827,4,1
395822,395823,395826,3,1
395822,395823,395826,3,1
395822,395823,395826,3,1
395822,395823,395827,4,1
395822,395823,395827,4,1
395822,395823,395826,3,1
395822,395823,395826,3,1
395822,395823,395826,3,1
395822,395823,395826,3,1
395822,395823,395827,4,1
395822,395823,395827,4,1
395822,395823,395827,4,1
395822,395823,395828,5,1
395822,395823,395827,4,1
395822,395823,395828,5,1
395822,395823,395828,5,1
395417,395418,395857,439,1
395859,395859,395861,2,0
395859,395859,395861,2,0
395859,395859,395861,2,0
395859,395859,395861,2,0
395859,395859,395861,2,0
395859,395859,395861,2,0
395859,395859,395861,2,0
395859,395859,395861,2,0
395859,395859,395861,2,0
395859,395859,395861,2,0
395859,395859,395861,2,0
395859,395859,395861,2,0
395859,395859,395861,2,0
395859,395859,395861,2,0
395859,395859,395861,2,0
395859,395859,395861,2,0
395859,395859,395861,2,0
395859,395859,395861,2,0
395859,395859,395861,2,0
395859,395859,395861,2,0
395859,395859,395861,2,0
395859,395859,395861,2,0
395859,395859,395862,3,0
395859,395859,395862,3,0
395859,395859,395861,2,0
395859,395859,395862,3,0
395859,395859,395862,3,0
395859,395859,395862,3,0
395859,395859,395862,3,0
395859,395859,395862,3,0
395859,395859,395862,3,0
395859,395859,395862,3,0
395859,395859,395862,3,0
395859,395859,395862,3,0
395859,395859,395862,3,0
395859,395859,395862,3,0
395859,395859,395862,3,0
395859,395859,395862,3,0
395859,395859,395862,3,0
395859,395859,395861,2,0
395859,395859,395863,4,0
395859,395859,395863,4,0
395859,395859,395863,4,0
395859,395859,395863,4,0
395859,395859,395863,4,0
395859,395859,395863,4,0
395859,395859,395863,4,0
395859,395859,395863,4,0
395859,395859,395863,4,0
395859,395859,395863,4,0
395859,395859,395863,4,0
395859,395859,395862,3,0
395859,395859,395863,4,0
395859,395859,395863,4,0
395859,395859,395862,3,0
395859,395859,395863,4,0
395859,395859,395863,4,0
395859,395884,395885,1,25
395859,395884,395885,1,25
395859,395884,395885,1,25
395478,395479,395885,406,1
395859,395884,395887,3,25
395887,395887,395889,2,0
395887,395887,395889,2,0
395887,395887,395889,2,0
395887,395887,395889,2,0
395887,395887,395889,2,0
395887,395887,395889,2,0
395887,395887,395889,2,0
395887,395887,395889,2,0
395887,395887,395889,2,0
395887,395887,395889,2,0
395887,395887,395889,2,0
395887,395887,395889,2,0
395887,395887,395889,2,0
395887,395887,395889,2,0
395887,395887,395889,2,0
395887,395887,395889,2,0
395887,395887,395889,2,0
395887,395887,395889,2,0
395887,395887,395889,2,0
395887,395887,395889,2,0
395887,395887,395890,3,0
395887,395887,395890,3,0
395887,395887,395890,3,0
395887,395887,395890,3,0
395887,395887,395889,2,0
395887,395887,395890,3,0
395887,395887,395890,3,0
395887,395887,395890,3,0
395887,395887,395889,2,0
395887,395887,395889,2,0
395887,395887,395889,2,0
395887,395887,395890,3,0
395887,395887,395890,3,0
395887,395887,395890,3,0
395887,395887,395889,2,0
395887,395887,395890,3,0
395887,395887,395889,2,0
395887,395887,395889,2,0
395887,395887,395891,4,0
395887,395887,395890,3,0
395887,395887,395891,4,0
395887,395887,395890,3,0
395887,395887,395891,4,0
395887,395887,395891,4,0
395887,395887,395890,3,0
395887,395887,395891,4,0
395887,395887,395891,4,0
395887,395887,395891,4,0
395887,395887,395891,4,0
395887,395887,395891,4,0
395887,395887,395890,3,0
395887,395887,395891,4,0
395887,395887,395891,4,0
395887,395887,395891,4,0
395887,395887,395890,3,0
395887,395887,395892,5,0
395887,395887,395891,4,0
395887,395887,395892,5,0
395887,395887,395891,4,0
395887,395887,395893,6,0
395887,395887,395895,8,0
395451,395452,395911,459,1
395914,395914,395916,2,0
395914,395914,395915,1,0
395914,395914,395916,2,0
395914,395914,395916,2,0
395914,395914,395916,2,0
395914,395914,395916,2,0
395914,395914,395916,2,0
395914,395914,395915,1,0
395914,395914,395916,2,0
395914,395914,395916,2,0
395914,395914,395916,2,0
395914,395914,395916,2,0
395914,395914,395916,2,0
395914,395914,395916,2,0
395914,395914,395916,2,0
395914,395914,395916,2,0
395914,395914,395916,2,0
395914,395914,395916,2,0
395914,395914,395916,2,0
395914,395914,395916,2,0
395914,395914,395916,2,0
395914,395914,395916,2,0
395914,395915,395916,1,1
395914,395915,395916,1,1
395914,395914,395917,3,0
395914,395914,395917,3,0
395914,395914,395916,2,0
395914,395914,395916,2,0
395914,395914,395917,3,0
395914,395914,395917,3,0
395914,395914,395917,3,0
395914,395914,395917,3,0
395914,395914,395917,3,0
395914,395914,395916,2,0
395914,395914,395917,3,0
395914,395914,395917,3,0
395914,395914,395917,3,0
395914,395914,395916,2,0
395914,395914,395917,3,0
395914,395914,395917,3,0
395914,395914,395917,3,0
395914,395914,395916,2,0
395914,395914,395917,3,0
395914,395915,395918,3,1
395914,395914,395918,4,0
395914,395914,395918,4,0
395914,395914,395917,3,0
395914,395914,395918,4,0
395914,395914,395918,4,0
395914,395914,395918,4,0
395914,395914,395918,4,0
395914,395914,395918,4,0
395914,395914,395917,3,0
395914,395914,395917,3,0
395914,395914,395918,4,0
395914,395914,395918,4,0
395914,395914,395918,4,0
395914,395914,395918,4,0
395914,395915,395919,4,1
395914,395914,395919,5,0
395914,395914,395919,5,0
395511,395512,395962,450,1
395964,395965,395966,1,1
395964,395965,395967,2,1
395964,395965,395966,1,1
395964,395965,395966,1,1
395964,395965,395967,2,1
395964,395965,395966,1,1
395964,395965,395966,1,1
395964,395965,395966,1,1
395964,395965,395966,1,1
395964,395965,395966,1,1
395964,395965,395966,1,1
395964,395965,395966,1,1
395964,395965,395966,1,1
395964,395965,395966,1,1
395964,395965,395966,1,1
395964,395965,395967,2,1
395964,395965,395966,1,1
395964,395965,395967,2,1
395964,395965,395966,1,1
395964,395965,395966,1,1
395964,395965,395967,2,1
395964,395965,395967,2,1
395964,395965,395967,2,1
395964,395965,395967,2,1
395964,395965,395968,3,1
395964,395965,395967,2,1
395964,395965,395967,2,1
395964,395965,395967,2,1
395964,395965,395967,2,1
395964,395965,395967,2,1
395964,395965,395968,3,1
395964,395965,395967,2,1
395964,395965,395968,3,1
395964,395965,395968,3,1
395964,395965,395968,3,1
395964,395965,395967,2,1
395964,395965,395968,3,1
395964,395965,395967,2,1
395964,395965,395967,2,1
395964,395965,395968,3,1
395964,395965,395967,2,1
395964,395965,395967,2,1
395964,395965,395969,4,1
395964,395965,395968,3,1
395964,395965,395968,3,1
395964,395965,395968,3,1
395964,395965,395969,4,1
395964,395965,395968,3,1
395964,395965,395968,3,1
395964,395965,395968,3,1
395964,395965,395968,3,1
395964,395965,395968,3,1
395964,395965,395969,4,1
395964,395965,395968,3,1
395964,395965,395968,3,1
395964,395965,395968,3,1
395964,395965,395968,3,1
395964,395965,395968,3,1
395964,395965,395968,3,1
395964,395965,395969,4,1
395964,395965,395968,3,1
395577,395578,395992,414,1
395611,395612,395992,380,1
395994,395994,395995,1,0
395994,395994,395996,2,0
395994,395994,395996,2,0
395994,395994,395996,2,0
395994,395994,395996,2,0
395994,395994,395995,1,0
395994,395994,395996,2,0
395994,395994,395996,2,0
395994,395994,395996,2,0
395994,395994,395996,2,0
395994,395994,395996,2,0
395994,395994,395996,2,0
395994,395994,395995,1,0
395994,395994,395996,2,0
395994,395994,395996,2,0
395994,395994,395996,2,0
395994,395994,395996,2,0
395994,395994,395996,2,0
395994,395994,395996,2,0
395994,395994,395996,2,0
395994,395994,395996,2,0
395994,395994,395997,3,0
395994,395994,395996,2,0
395994,395994,395997,3,0
395994,395994,395997,3,0
395994,395994,395996,2,0
395994,395994,395997,3,0
395994,395994,395996,2,0
395994,395994,395997,3,0
395994,395994,395997,3,0
395994,395994,395996,2,0
395994,395994,395996,2,0
395994,395994,395997,3,0
395994,395994,395997,3,0
395994,395994,395996,2,0
395994,395994,395997,3,0
395994,395994,395997,3,0
395994,395994,395997,3,0
395994,395994,395996,2,0
395994,395994,395997,3,0
395994,395994,395997,3,0
395994,395994,395998,4,0
395994,395994,395997,3,0
395994,395994,395998,4,0
395996,395996,395997,1,0
395994,395994,395997,3,0
395996,395996,395998,2,0
395996,395996,395998,2,0
395994,395994,395998,4,0
395994,395994,395998,4,0
395996,395996,395998,2,0
395994,395994,395998,4,0
395994,395994,395998,4,0
395996,395996,395997,1,0
395996,395996,395997,1,0
395994,395994,395998,4,0
395994,395994,395998,4,0
395994,395994,395998,4,0
395996,395996,395998,2,0
395996,395996,395998,2,0
395996,395996,395998,2,0
395994,395994,395998,4,0
395996,395996,395997,1,0
395996,395996,395997,1,0
395996,395996,395998,2,0
395996,395996,395998,2,0
395994,395994,395998,4,0
395996,395996,395998,2,0
395994,395994,395998,4,0
395994,395994,395998,4,0
395996,395996,395998,2,0
395994,395994,395998,4,0
395996,395996,395998,2,0
395996,395996,395998,2,0
395996,395996,395998,2,0
395996,395996,395998,2,0
395994,395994,395998,4,0
395994,395994,395998,4,0
395994,395994,395999,5,0
395994,395994,395998,4,0
395996,395996,395999,3,0
395994,395994,395999,5,0
395996,395999,396000,1,3
395996,395998,396000,2,2
395996,395998,396000,2,2
395996,395998,396000,2,2
395996,395998,396000,2,2
395996,395998,396000,2,2
395996,395998,396000,2,2
395996,395998,396000,2,2
395996,395998,396000,2,2
395996,395998,396000,2,2
395996,395997,396000,3,1
395996,395997,396000,3,1
395996,395997,396000,3,1
395996,395999,396000,1,3
395996,395999,396000,1,3
395996,395999,396000,1,3
395996,395997,396000,3,1
395996,395997,396000,3,1
395996,395997,396000,3,1
395996,395999,396000,1,3
395996,395999,396000,1,3
395996,395997,396001,4,1
395996,395998,396001,3,2
395996,395998,396000,2,2
395996,395997,396001,4,1
395996,395997,396001,4,1
395996,395997,396001,4,1
395996,395998,396001,3,2
395996,395998,396000,2,2
395996,395997,396001,4,1
395996,395997,396001,4,1
395996,395997,396001,4,1
395996,395997,396001,4,1
395996,395997,396001,4,1
395996,395997,396001,4,1
395996,395997,396001,4,1
395996,395997,396001,4,1
395996,395997,396000,3,1
395996,395997,396001,4,1
395996,395998,396000,2,2
395530,395530,396024,494,0
395647,395648,396031,383,1
396034,396035,396036,1,1
396034,396035,396036,1,1
396034,396036,396037,1,2
396034,396035,396036,1,1
396034,396035,396036,1,1
396034,396035,396037,2,1
396034,396035,396036,1,1
396034,396035,396037,2,1
396034,396035,396037,2,1
396034,396035,396036,1,1
396034,396035,396037,2,1
396034,396035,396036,1,1
396034,396035,396036,1,1
396034,396035,396036,1,1
396034,396035,396037,2,1
396034,396035,396036,1,1
396034,396035,396036,1,1
396034,396035,396036,1,1
396034,396035,396036,1,1
396034,396035,396036,1,1
396034,396035,396036,1,1
396034,396035,396036,1,1
396034,396035,396038,3,1
396034,396036,396037,1,2
396034,396036,396037,1,2
396034,396035,396037,2,1
396034,396035,396038,3,1
396034,396035,396037,2,1
396034,396035,396037,2,1
396034,396035,396038,3,1
396034,396035,396037,2,1
396037,396037,396038,1,0
396037,396037,396038,1,0
396034,396035,396037,2,1
396034,396035,396038,3,1
396034,396035,396037,2,1
396034,396035,396037,2,1
396034,396035,396037,2,1
396034,396035,396037,2,1
396034,396035,396038,3,1
396034,396035,396038,3,1
396034,396035,396038,3,1
396034,396035,396038,3,1
396034,396035,396037,2,1
396034,396035,396038,3,1
396034,396035,396037,2,1
396034,396035,396037,2,1
396034,396035,396038,3,1
396034,396035,396038,3,1
396034,396035,396038,3,1
396037,396037,396038,1,0
396034,396036,396038,2,2
396037,396037,396038,1,0
396034,396035,396039,4,1
396034,396035,396038,3,1
396037,396037,396038,1,0
396034,396035,396038,3,1
396037,396037,396039,2,0
396034,396035,396039,4,1
396034,396035,396038,3,1
396037,396037,396038,1,0
396037,396037,396038,1,0
396037,396037,396038,1,0
396037,396037,396038,1,0
396034,396035,396038,3,1
396037,396037,396038,1,0
396034,396035,396038,3,1
396034,396035,396038,3,1
396037,396037,396038,1,0
396037,396037,396038,1,0
396037,396037,396039,2,0
396034,396035,396039,4,1
396037,396037,396038,1,0
396037,396037,396038,1,0
396037,396037,396038,1,0
396034,396036,396039,3,2
396034,396036,396039,3,2
396037,396037,396039,2,0
396037,396037,396040,3,0
396037,396037,396040,3,0
396037,396039,396040,1,2
396037,396038,396040,2,1
396037,396039,396040,1,2
396037,396039,396040,1,2
396037,396039,396040,1,2
396037,396039,396040,1,2
396037,396038,396041,3,1
396037,396039,396041,2,2
396037,396039,396040,1,2
396037,396039,396040,1,2
396037,396039,396040,1,2
396037,396039,396041,2,2
396037,396039,396040,1,2
396037,396038,396041,3,1
396037,396038,396041,3,1
396037,396038,396041,3,1
396037,396038,396041,3,1
396037,396038,396041,3,1
396037,396038,396041,3,1
396037,396038,396040,2,1
396037,396038,396040,2,1
396037,396038,396040,2,1
396037,396038,396041,3,1
396037,396038,396041,3,1
396037,396038,396041,3,1
396037,396038,396041,3,1
396037,396038,396041,3,1
396037,396039,396040,1,2
396037,396039,396041,2,2
396037,396039,396041,2,2
396037,396038,396041,3,1
396037,396038,396041,3,1
396037,396038,396041,3,1
396037,396038,396041,3,1
396037,396038,396041,3,1
396037,396038,396041,3,1
396034,396035,396039,4,1
396034,396035,396038,3,1
396037,396037,396039,2,0
396037,396052,396055,3,15
396037,396052,396055,3,15
396037,396052,396055,3,15
396037,396052,396055,3,15
395652,395653,396066,413,1
396075,396076,396077,1,1
396075,396076,396078,2,1
396075,396076,396078,2,1
396075,396076,396078,2,1
396075,396076,396078,2,1
396075,396076,396078,2,1
396075,396076,396077,1,1
396075,396076,396077,1,1
396075,396076,396077,1,1
396075,396076,396077,1,1
396075,396076,396077,1,1
396075,396076,396077,1,1
396075,396076,396077,1,1
396075,396076,396077,1,1
396075,396076,396078,2,1
396075,396076,396078,2,1
396075,396076,396077,1,1
396075,396076,396077,1,1
396075,396076,396077,1,1
396075,396076,396077,1,1
396075,396076,396077,1,1
396075,396076,396077,1,1
396075,396077,396079,2,2
396075,396077,396078,1,2
396075,396077,396078,1,2
396075,396076,396078,2,1
396075,396076,396078,2,1
396075,396076,396079,3,1
396075,396076,396079,3,1
396075,396076,396079,3,1
396075,396076,396079,3,1
396075,396076,396078,2,1
396075,396076,396079,3,1
396075,396076,396078,2,1
396075,396076,396078,2,1
396075,396076,396078,2,1
396075,396076,396078,2,1
396075,396076,396079,3,1
396075,396076,396078,2,1
396075,396076,396079,3,1
396075,396076,396078,2,1
396075,396076,396079,3,1
396075,396076,396078,2,1
396075,396077,396079,2,2
396075,396076,396079,3,1
396075,396076,396079,3,1
396075,396076,396079,3,1
396075,396076,396079,3,1
396075,396076,396079,3,1
396075,396076,396079,3,1
396075,396076,396079,3,1
396075,396076,396079,3,1
396075,396076,396080,4,1
396075,396076,396079,3,1
396075,396076,396080,4,1
396075,396076,396079,3,1
396075,396076,396080,4,1
396075,396076,396079,3,1
396075,396076,396079,3,1
396075,396076,396079,3,1
396075,396076,396080,4,1
395753,395754,396107,353,1
396109,396110,396111,1,1
396109,396110,396111,1,1
396109,396110,396111,1,1
396109,396110,396111,1,1
396109,396110,396112,2,1
396109,396110,396111,1,1
396109,396110,396112,2,1
396109,396110,396111,1,1
396109,396110,396112,2,1
396109,396110,396112,2,1
396109,396110,396112,2,1
396109,396110,396112,2,1
396109,396110,396112,2,1
396109,396110,396111,1,1
396109,396110,396111,1,1
396109,396110,396111,1,1
396109,396110,396112,2,1
396109,396110,396112,2,1
396109,396110,396111,1,1
396109,396110,396112,2,1
396109,396110,396111,1,1
396109,396110,396111,1,1
396109,396110,396111,1,1
396109,396110,396112,2,1
396109,396110,396112,2,1
396109,396110,396112,2,1
396109,396110,396113,3,1
396109,396110,396113,3,1
396109,396110,396112,2,1
396109,396110,396113,3,1
396109,396110,396112,2,1
396109,396110,396112,2,1
396109,396110,396112,2,1
396109,396110,396112,2,1
396109,396110,396112,2,1
396109,396110,396113,3,1
396109,396110,396112,2,1
396109,396110,396113,3,1
396109,396110,396112,2,1
396109,396110,396112,2,1
396109,396110,396113,3,1
396109,396110,396113,3,1
396109,396110,396114,4,1
396109,396110,396113,3,1
396109,396110,396113,3,1
396109,396110,396113,3,1
396109,396110,396114,4,1
396109,396110,396113,3,1
396109,396110,396114,4,1
396109,396110,396113,3,1
396109,396110,396114,4,1
396109,396110,396113,3,1
396109,396110,396113,3,1
396109,396110,396113,3,1
396109,396110,396114,4,1
396109,396110,396114,4,1
396109,396110,396113,3,1
396109,396110,396114,4,1
396109,396110,396113,3,1
396109,396110,396113,3,1
396109,396110,396114,4,1
395711,395712,396117,405,1
395697,395697,396122,425,0
395709,395710,396128,418,1
396135,396135,396136,1,0
395713,395713,396136,423,0
396135,396135,396137,2,0
396135,396135,396137,2,0
396135,396135,396137,2,0
396135,396136,396138,2,1
396135,396135,396137,2,0
396135,396136,396137,1,1
396135,396135,396137,2,0
396135,396135,396137,2,0
396135,396135,396137,2,0
396135,396136,396137,1,1
396135,396135,396137,2,0
396135,396135,396137,2,0
396135,396135,396137,2,0
396135,396136,396137,1,1
396135,396135,396137,2,0
396135,396135,396137,2,0
396135,396136,396137,1,1
396135,396135,396137,2,0
396135,396135,396137,2,0
396135,396135,396137,2,0
396135,396136,396137,1,1
396135,396135,396137,2,0
396135,396135,396137,2,0
396135,396135,396137,2,0
396135,396136,396137,1,1
396135,396135,396138,3,0
396135,396136,396138,2,1
396135,396135,396139,4,0
396135,396135,396138,3,0
396135,396136,396138,2,1
396135,396136,396138,2,1
396135,396135,396138,3,0
396135,396137,396138,1,2
396135,396135,396138,3,0
396135,396136,396138,2,1
396135,396137,396138,1,2
396135,396135,396138,3,0
396135,396136,396138,2,1
396135,396135,396138,3,0
396135,396136,396138,2,1
396135,396136,396138,2,1
396135,396135,396138,3,0
396135,396136,396138,2,1
396135,396135,396138,3,0
396135,396136,396138,2,1
396135,396135,396139,4,0
396135,396135,396139,4,0
396135,396136,396139,3,1
396135,396138,396139,1,3
396135,396135,396139,4,0
396135,396135,396139,4,0
396135,396135,396139,4,0
396135,396138,396139,1,3
396135,396138,396139,1,3
396135,396135,396139,4,0
396135,396135,396139,4,0
396135,396138,396139,1,3
396135,396138,396139,1,3
396135,396138,396139,1,3
396135,396135,396139,4,0
396135,396135,396139,4,0
396135,396138,396139,1,3
396135,396138,396139,1,3
396135,396138,396139,1,3
396135,396135,396139,4,0
396135,396138,396139,1,3
396135,396138,396139,1,3
396135,396135,396140,5,0
396135,396136,396139,3,1
396135,396138,396139,1,3
396135,396138,396139,1,3
396135,396138,396140,2,3
396135,396135,396139,4,0
396135,396136,396139,3,1
396135,396138,396139,1,3
396135,396138,396140,2,3
396135,396136,396139,3,1
396135,396136,396139,3,1
396135,396136,396139,3,1
396135,396136,396139,3,1
396135,396140,396141,1,5
396135,396140,396141,1,5
396135,396140,396141,1,5
396135,396138,396140,2,3
396135,396138,396141,3,3
396135,396138,396141,3,3
396135,396138,396140,2,3
396135,396139,396141,2,4
396135,396138,396141,3,3
396135,396138,396141,3,3
396135,396138,396141,3,3
396135,396138,396140,2,3
396135,396139,396141,2,4
396135,396139,396141,2,4
396135,396139,396141,2,4
396135,396138,396141,3,3
396135,396139,396141,2,4
396135,396139,396141,2,4
396135,396140,396142,2,5
396135,396140,396141,1,5
396135,396140,396141,1,5
396135,396140,396141,1,5
396135,396140,396141,1,5
396135,396140,396141,1,5
396135,396140,396141,1,5
396135,396140,396141,1,5
396135,396140,396141,1,5
396135,396139,396142,3,4
396135,396139,396141,2,4
396137,396140,396141,1,3
396137,396140,396141,1,3
396135,396139,396142,3,4
396135,396139,396142,3,4
396135,396139,396141,2,4
396137,396140,396141,1,3
396137,396140,396141,1,3
396135,396139,396142,3,4
396135,396139,396142,3,4
396137,396140,396141,1,3
396137,396140,396141,1,3
396135,396139,396142,3,4
396135,396140,396141,1,5
396137,396140,396141,1,3
396135,396139,396141,2,4
396137,396140,396141,1,3
396137,396140,396141,1,3
396137,396140,396142,2,3
396137,396140,396142,2,3
396137,396140,396142,2,3
396135,396139,396141,2,4
396137,396140,396141,1,3
396137,396140,396141,1,3
396137,396140,396142,2,3
396137,396140,396142,2,3
396135,396139,396141,2,4
396137,396140,396141,1,3
396137,396140,396141,1,3
396137,396140,396141,1,3
396137,396140,396141,1,3
396135,396139,396142,3,4
396135,396139,396142,3,4
396135,396139,396142,3,4
396137,396142,396143,1,5
396137,396142,396144,2,5
396137,396142,396144,2,5
396137,396142,396144,2,5
396137,396142,396144,2,5
396137,396142,396144,2,5
396137,396141,396144,3,4
396137,396141,396144,3,4
396137,396142,396143,1,5
396137,396142,396143,1,5
396137,396142,396143,1,5
396137,396141,396144,3,4
396137,396142,396143,1,5
396137,396142,396143,1,5
396137,396141,396143,2,4
396137,396142,396143,1,5
396137,396142,396143,1,5
396137,396142,396143,1,5
396140,396142,396143,1,2
396137,396141,396144,3,4
396137,396141,396144,3,4
396137,396141,396144,3,4
396137,396141,396144,3,4
396140,396142,396143,1,2
396140,396142,396143,1,2
396137,396141,396144,3,4
396137,396141,396144,3,4
396137,396141,396144,3,4
396137,396141,396144,3,4
396140,396142,396143,1,2
396140,396142,396143,1,2
396140,396142,396143,1,2
396137,396141,396144,3,4
396140,396142,396144,2,2
396140,396142,396144,2,2
396140,396142,396144,2,2
396140,396142,396144,2,2
396140,396142,396144,2,2
396140,396142,396144,2,2
396137,396141,396144,3,4
396137,396141,396144,3,4
396137,396141,396144,3,4
396140,396142,396144,2,2
396140,396142,396144,2,2
396140,396142,396143,1,2
396140,396142,396143,1,2
396140,396142,396144,2,2
396137,396142,396145,3,5
396137,396142,396144,2,5
396137,396142,396144,2,5
396137,396142,396144,2,5
396140,396143,396144,1,3
396137,396142,396145,3,5
396137,396142,396144,2,5
396137,396142,396144,2,5
396137,396142,396144,2,5
396140,396143,396145,2,3
396137,396141,396144,3,4
396137,396141,396144,3,4
396137,396141,396144,3,4
396140,396144,396145,1,4
396140,396143,396145,2,3
396140,396143,396146,3,3
396140,396143,396146,3,3
396140,396144,396146,2,4
396140,396144,396146,2,4
396140,396144,396146,2,4
396140,396144,396146,2,4
396140,396144,396146,2,4
396140,396144,396146,2,4
396140,396144,396147,3,4
396140,396144,396146,2,4
396140,396144,396146,2,4
396140,396144,396146,2,4
396140,396144,396146,2,4
396140,396144,396146,2,4
396140,396144,396147,3,4
396140,396144,396147,3,4
396140,396144,396147,3,4
396140,396144,396147,3,4
396140,396144,396147,3,4
396140,396144,396147,3,4
396140,396144,396147,3,4
396140,396144,396147,3,4
396140,396144,396147,3,4
396140,396144,396147,3,4
396140,396144,396147,3,4
396140,396144,396147,3,4
396140,396144,396147,3,4
396140,396144,396147,3,4
396140,396144,396147,3,4
396140,396144,396147,3,4
396140,396144,396147,3,4
396140,396144,396147,3,4
396140,396144,396147,3,4
396140,396144,396147,3,4
396140,396144,396147,3,4
396140,396144,396147,3,4
396140,396144,396147,3,4
396140,396144,396147,3,4
396140,396144,396147,3,4
396140,396144,396147,3,4
396140,396144,396147,3,4
395742,395743,396155,412,1
396167,396168,396169,1,1
396167,396168,396169,1,1
396167,396168,396170,2,1
396167,396168,396169,1,1
396167,396168,396169,1,1
396167,396168,396170,2,1
396167,396168,396170,2,1
396167,396168,396169,1,1
396167,396168,396170,2,1
396167,396168,396169,1,1
396167,396168,396169,1,1
396167,396168,396170,2,1
396167,396168,396170,2,1
396167,396168,396169,1,1
396167,396168,396169,1,1
396167,396168,396169,1,1
396167,396168,396170,2,1
396167,396168,396170,2,1
395671,395674,396169,495,3
396167,396168,396170,2,1
396167,396168,396169,1,1
396167,396168,396170,2,1
396167,396168,396169,1,1
396167,396168,396170,2,1
396167,396168,396170,2,1
396167,396168,396170,2,1
396167,396168,396170,2,1
396167,396168,396170,2,1
396167,396168,396170,2,1
396167,396168,396170,2,1
396167,396168,396171,3,1
396167,396168,396170,2,1
396167,396168,396170,2,1
396167,396168,396171,3,1
396167,396168,396170,2,1
396167,396168,396170,2,1
396167,396168,396171,3,1
396167,396168,396170,2,1
396167,396168,396171,3,1
396167,396168,396170,2,1
396167,396168,396171,3,1
396167,396168,396172,4,1
396167,396168,396172,4,1
396167,396168,396172,4,1
396167,396168,396171,3,1
396167,396168,396171,3,1
396167,396168,396171,3,1
396167,396168,396171,3,1
396167,396168,396171,3,1
396167,396168,396171,3,1
396167,396168,396172,4,1
396167,396168,396172,4,1
396167,396168,396171,3,1
396167,396168,396171,3,1
396167,396168,396172,4,1
396167,396168,396171,3,1
396167,396168,396171,3,1
396167,396168,396171,3,1
396167,396168,396172,4,1
396167,396168,396171,3,1
396167,396168,396172,4,1
396167,396168,396172,4,1
395735,395736,396173,437,1
396190,396190,396192,2,0
396190,396190,396192,2,0
396190,396190,396192,2,0
396190,396190,396192,2,0
396190,396190,396192,2,0
396190,396190,396192,2,0
396190,396190,396192,2,0
396190,396190,396192,2,0
396190,396190,396192,2,0
396190,396190,396192,2,0
396190,396190,396191,1,0
396190,396190,396192,2,0
396190,396190,396192,2,0
396190,396190,396192,2,0
396190,396190,396192,2,0
396190,396190,396192,2,0
396190,396190,396192,2,0
396190,396190,396192,2,0
396190,396190,396192,2,0
396190,396190,396191,1,0
396190,396190,396192,2,0
396190,396190,396193,3,0
396190,396190,396192,2,0
396190,396190,396193,3,0
396190,396190,396193,3,0
396190,396190,396192,2,0
396190,396190,396192,2,0
396190,396190,396193,3,0
396190,396190,396193,3,0
396190,396190,396193,3,0
396190,396190,396193,3,0
396190,396190,396194,4,0
396190,396190,396193,3,0
396190,396190,396193,3,0
396190,396190,396193,3,0
396190,396190,396193,3,0
396190,396190,396193,3,0
396190,396190,396194,4,0
396190,396190,396193,3,0
396190,396190,396194,4,0
396190,396190,396194,4,0
396190,396190,396193,3,0
396190,396190,396193,3,0
396196,396196,396198,2,0
396196,396196,396198,2,0
396196,396196,396197,1,0
396196,396196,396198,2,0
396196,396196,396198,2,0
396196,396196,396198,2,0
396196,396196,396198,2,0
396196,396196,396198,2,0
396196,396196,396198,2,0
396196,396196,396197,1,0
396196,396196,396198,2,0
396196,396196,396198,2,0
396196,396196,396198,2,0
396196,396196,396198,2,0
396196,396196,396198,2,0
396196,396196,396198,2,0
396196,396196,396198,2,0
396196,396196,396198,2,0
396196,396196,396198,2,0
396196,396196,396199,3,0
396196,396196,396199,3,0
396196,396196,396199,3,0
396196,396196,396199,3,0
396196,396196,396199,3,0
396196,396196,396199,3,0
396196,396196,396199,3,0
396196,396196,396199,3,0
396196,396198,396199,1,2
396196,396198,396199,1,2
396196,396196,396199,3,0
396196,396198,396199,1,2
396196,396196,396199,3,0
396196,396196,396199,3,0
396196,396198,396199,1,2
396190,396199,396200,1,9
396196,396196,396200,4,0
396196,396196,396199,3,0
396196,396196,396200,4,0
396196,396198,396200,2,2
396196,396198,396200,2,2
396196,396196,396200,4,0
396196,396196,396200,4,0
396196,396196,396200,4,0
396196,396198,396200,2,2
396196,396196,396200,4,0
396196,396198,396200,2,2
396196,396196,396200,4,0
396196,396198,396200,2,2
396196,396198,396200,2,2
396196,396198,396199,1,2
396196,396198,396200,2,2
396196,396196,396200,4,0
396196,396196,396199,3,0
396196,396198,396200,2,2
396196,396198,396200,2,2
396196,396198,396200,2,2
396196,396198,396199,1,2
396196,396196,396200,4,0
396196,396198,396200,2,2
396196,396196,396199,3,0
396190,396199,396201,2,9
396196,396198,396200,2,2
396196,396196,396199,3,0
396190,396199,396202,3,9
396190,396199,396202,3,9
396190,396199,396201,2,9
396190,396204,396206,2,14
396190,396204,396206,2,14
396190,396204,396205,1,14
395800,395801,396206,405,1
396190,396204,396206,2,14
396190,396204,396207,3,14
396190,396204,396207,3,14
395787,395787,396209,422,0
396190,396209,396210,1,19
396190,396209,396210,1,19
396190,396209,396211,2,19
396190,396209,396210,1,19
396190,396209,396212,3,19
396190,396209,396211,2,19
396190,396209,396213,4,19
396216,396216,396218,2,0
396216,396216,396218,2,0
396216,396216,396218,2,0
396216,396216,396218,2,0
396216,396216,396218,2,0
396216,396216,396218,2,0
396216,396216,396218,2,0
396216,396216,396218,2,0
396216,396216,396218,2,0
396216,396216,396218,2,0
396216,396216,396218,2,0
396216,396216,396218,2,0
396216,396216,396218,2,0
396216,396216,396218,2,0
396216,396216,396218,2,0
396216,396216,396218,2,0
396216,396216,396218,2,0
396216,396216,396218,2,0
396216,396216,396218,2,0
396216,396216,396219,3,0
396216,396217,396218,1,1
396216,396217,396219,2,1
396216,396217,396218,1,1
396216,396216,396219,3,0
396216,396216,396219,3,0
396216,396216,396219,3,0
396216,396216,396219,3,0
396216,396216,396219,3,0
396216,396216,396220,4,0
396216,396216,396219,3,0
396216,396216,396219,3,0
396216,396216,396219,3,0
396216,396216,396219,3,0
396216,396216,396219,3,0
396216,396216,396219,3,0
396216,396216,396219,3,0
396216,396216,396219,3,0
396216,396216,396219,3,0
396216,396216,396219,3,0
396216,396216,396219,3,0
396216,396216,396219,3,0
396216,396216,396219,3,0
396216,396217,396220,3,1
396216,396216,396220,4,0
396216,396216,396220,4,0
396216,396216,396220,4,0
396216,396216,396220,4,0
396216,396216,396220,4,0
396216,396216,396220,4,0
396218,396219,396220,1,1
396218,396219,396220,1,1
396216,396216,396220,4,0
396218,396219,396220,1,1
396218,396219,396220,1,1
396218,396219,396220,1,1
396216,396216,396220,4,0
396218,396219,396220,1,1
396218,396219,396220,1,1
396218,396219,396220,1,1
396218,396219,396220,1,1
396216,396216,396220,4,0
396218,396219,396220,1,1
396218,396219,396220,1,1
396218,396219,396220,1,1
396216,396216,396220,4,0
396216,396216,396220,4,0
396218,396219,396220,1,1
396218,396219,396220,1,1
396218,396219,396220,1,1
396218,396219,396220,1,1
396216,396217,396221,4,1
396216,396217,396220,3,1
396218,396219,396221,2,1
396218,396219,396221,2,1
396218,396219,396221,2,1
396216,396216,396221,5,0
396216,396216,396221,5,0
396218,396219,396222,3,1
396218,396221,396222,1,3
396216,396216,396221,5,0
396218,396221,396222,1,3
396218,396220,396222,2,2
396218,396220,396223,3,2
396218,396221,396223,2,3
396218,396220,396222,2,2
396218,396220,396223,3,2
396218,396220,396223,3,2
396218,396220,396222,2,2
396218,396221,396222,1,3
396218,396220,396222,2,2
396218,396221,396222,1,3
396218,396221,396222,1,3
396218,396220,396223,3,2
396218,396221,396222,1,3
396218,396221,396223,2,3
396218,396221,396222,1,3
396218,396221,396222,1,3
396218,396220,396223,3,2
396218,396220,396222,2,2
396218,396221,396223,2,3
396218,396221,396223,2,3
396218,396221,396223,2,3
396218,396221,396222,1,3
396218,396220,396222,2,2
396218,396221,396222,1,3
396218,396220,396223,3,2
396218,396220,396223,3,2
396218,396220,396223,3,2
396218,396221,396222,1,3
396218,396220,396223,3,2
396218,396220,396223,3,2
396218,396220,396223,3,2
396218,396221,396223,2,3
396218,396221,396223,2,3
396218,396220,396223,3,2
396218,396220,396223,3,2
396218,396220,396223,3,2
396218,396220,396223,3,2
396218,396220,396224,4,2
396190,396190,396217,27,0
396216,396226,396228,2,10
396216,396226,396228,2,10
395824,395825,396258,433,1
396260,396260,396262,2,0
396260,396260,396262,2,0
396260,396260,396262,2,0
396260,396260,396262,2,0
396260,396260,396261,1,0
396260,396260,396262,2,0
396260,396260,396262,2,0
396260,396260,396262,2,0
396260,396260,396262,2,0
396260,396260,396262,2,0
396260,396260,396262,2,0
396260,396260,396262,2,0
396260,396260,396262,2,0
396260,396260,396262,2,0
396260,396260,396262,2,0
396260,396260,396262,2,0
396260,396260,396262,2,0
396260,396260,396262,2,0
396260,396260,396262,2,0
396260,396260,396262,2,0
396260,396260,396262,2,0
396260,396260,396262,2,0
396260,396260,396262,2,0
396260,396260,396262,2,0
396260,396260,396262,2,0
396260,396260,396262,2,0
396260,396260,396262,2,0
396260,396260,396263,3,0
396260,396260,396263,3,0
396260,396260,396263,3,0
396260,396260,396263,3,0
396260,396260,396263,3,0
396260,396260,396263,3,0
396260,396260,396263,3,0
396260,396260,396263,3,0
396260,396260,396263,3,0
396260,396260,396263,3,0
396260,396260,396262,2,0
396260,396260,396263,3,0
396260,396260,396262,2,0
396260,396260,396263,3,0
396260,396260,396264,4,0
396260,396260,396264,4,0
396260,396260,396264,4,0
396260,396260,396264,4,0
396260,396260,396263,3,0
396260,396260,396264,4,0
396260,396260,396264,4,0
396260,396260,396264,4,0
396260,396260,396264,4,0
396260,396260,396263,3,0
396260,396260,396263,3,0
396260,396260,396264,4,0
396260,396260,396263,3,0
396260,396260,396264,4,0
396260,396260,396264,4,0
396260,396260,396264,4,0
396260,396260,396264,4,0
396260,396260,396264,4,0
396260,396260,396264,4,0
396260,396260,396263,3,0
395889,395889,396299,410,0
396300,396300,396302,2,0
396300,396300,396302,2,0
396300,396300,396302,2,0
396300,396300,396302,2,0
396300,396300,396302,2,0
396300,396300,396302,2,0
396300,396300,396302,2,0
396300,396300,396302,2,0
396300,396300,396302,2,0
396300,396300,396302,2,0
396300,396300,396302,2,0
396300,396300,396302,2,0
396300,396300,396302,2,0
396300,396300,396302,2,0
396300,396300,396302,2,0
396300,396300,396302,2,0
396300,396300,396302,2,0
396300,396300,396302,2,0
396300,396300,396302,2,0
396300,396300,396302,2,0
396300,396300,396302,2,0
396300,396300,396302,2,0
396300,396300,396302,2,0
396300,396300,396302,2,0
396300,396300,396302,2,0
396300,396300,396303,3,0
396300,396300,396303,3,0
396300,396300,396303,3,0
396300,396300,396302,2,0
396300,396300,396303,3,0
396300,396300,396303,3,0
396300,396300,396303,3,0
396300,396300,396303,3,0
396300,396300,396303,3,0
396300,396300,396302,2,0
396300,396300,396303,3,0
396300,396300,396303,3,0
396300,396300,396303,3,0
396300,396300,396303,3,0
396300,396300,396303,3,0
396300,396300,396303,3,0
396300,396300,396303,3,0
396300,396300,396303,3,0
396300,396300,396302,2,0
396300,396301,396303,2,1
396300,396300,396304,4,0
396300,396300,396304,4,0
396300,396300,396304,4,0
396300,396300,396304,4,0
396300,396300,396303,3,0
396300,396300,396303,3,0
396300,396300,396304,4,0
396300,396300,396304,4,0
396300,396300,396304,4,0
396300,396300,396304,4,0
396300,396300,396304,4,0
396300,396300,396304,4,0
396300,396300,396304,4,0
396300,396300,396304,4,0
396300,396300,396304,4,0
396300,396300,396304,4,0
395860,395861,396308,447,1
396319,396319,396321,2,0
396319,396319,396321,2,0
396319,396319,396321,2,0
396319,396319,396321,2,0
396319,396319,396321,2,0
396319,396319,396321,2,0
396319,396319,396321,2,0
396319,396319,396321,2,0
396319,396319,396321,2,0
396319,396319,396321,2,0
396319,396319,396321,2,0
396319,396319,396321,2,0
396319,396319,396321,2,0
396319,396319,396321,2,0
396319,396319,396321,2,0
396319,396319,396321,2,0
396319,396319,396321,2,0
396319,396319,396321,2,0
396319,396319,396321,2,0
396319,396319,396321,2,0
396319,396319,396321,2,0
396319,396319,396321,2,0
396319,396319,396321,2,0
396319,396319,396321,2,0
396319,396319,396322,3,0
396319,396319,396321,2,0
396319,396319,396322,3,0
396319,396319,396321,2,0
396319,396319,396322,3,0
396319,396319,396322,3,0
396319,396319,396322,3,0
396319,396319,396322,3,0
396319,396319,396322,3,0
396319,396319,396322,3,0
396319,396319,396321,2,0
396319,396319,396322,3,0
396319,396319,396321,2,0
396319,396319,396321,2,0
396319,396319,396322,3,0
396319,396319,396322,3,0
396319,396319,396322,3,0
396319,396319,396323,4,0
396319,396319,396323,4,0
396319,396319,396322,3,0
396319,396319,396322,3,0
396319,396319,396322,3,0
396319,396319,396323,4,0
396319,396319,396322,3,0
396319,396319,396323,4,0
396319,396319,396323,4,0
396319,396319,396323,4,0
396319,396319,396323,4,0
396319,396319,396322,3,0
396319,396319,396323,4,0
396319,396319,396323,4,0
396319,396319,396322,3,0
396319,396335,396336,1,16
396319,396335,396336,1,16
396319,396335,396336,1,16
396319,396335,396338,3,16
396319,396335,396338,3,16
395915,395916,396388,472,1
396389,396390,396391,1,1
396389,396390,396391,1,1
396389,396389,396391,2,0
396389,396389,396391,2,0
396389,396389,396391,2,0
396389,396390,396391,1,1
396389,396389,396391,2,0
396389,396389,396391,2,0
396389,396389,396391,2,0
396389,396389,396391,2,0
396389,396389,396391,2,0
396389,396389,396391,2,0
396389,396389,396391,2,0
396389,396389,396391,2,0
396389,396389,396391,2,0
396389,396389,396391,2,0
396389,396389,396391,2,0
396389,396389,396391,2,0
396389,396389,396391,2,0
396389,396389,396391,2,0
396389,396389,396391,2,0
396389,396389,396391,2,0
396389,396389,396391,2,0
396389,396389,396391,2,0
396389,396389,396391,2,0
396389,396389,396391,2,0
396389,396390,396391,1,1
396389,396389,396392,3,0
396389,396389,396391,2,0
396389,396390,396392,2,1
396389,396389,396392,3,0
396389,396389,396392,3,0
396389,396389,396392,3,0
396389,396389,396392,3,0
396389,396389,396391,2,0
396389,396389,396392,3,0
396389,396389,396392,3,0
396389,396389,396392,3,0
396389,396389,396392,3,0
396389,396389,396391,2,0
396389,396389,396392,3,0
396389,396389,396392,3,0
396389,396389,396393,4,0
396389,396389,396393,4,0
396389,396390,396393,3,1
396389,396390,396393,3,1
396389,396389,396393,4,0
396389,396389,396393,4,0
396389,396389,396393,4,0
396389,396389,396393,4,0
396389,396389,396393,4,0
396389,396389,396393,4,0
396389,396389,396393,4,0
396389,396389,396393,4,0
396389,396389,396393,4,0
396389,396389,396393,4,0
396389,396389,396393,4,0
396389,396389,396392,3,0
396389,396389,396393,4,0
396389,396389,396393,4,0
396389,396390,396393,3,1
395995,395995,396397,402,0
396414,396415,396416,1,1
396414,396415,396416,1,1
396414,396415,396416,1,1
396414,396415,396416,1,1
396414,396415,396416,1,1
396414,396415,396416,1,1
396414,396415,396416,1,1
396414,396415,396416,1,1
396414,396415,396416,1,1
396414,396415,396416,1,1
396414,396415,396416,1,1
396414,396415,396416,1,1
396414,396415,396416,1,1
396414,396415,396416,1,1
396414,396415,396416,1,1
396414,396415,396416,1,1
396414,396415,396416,1,1
396414,396415,396416,1,1
396414,396415,396416,1,1
396414,396415,396416,1,1
396414,396415,396416,1,1
396414,396415,396416,1,1
396414,396415,396416,1,1
396414,396415,396416,1,1
396414,396415,396417,2,1
396414,396415,396417,2,1
396414,396415,396417,2,1
396414,396415,396417,2,1
396414,396415,396417,2,1
396414,396415,396417,2,1
396414,396415,396417,2,1
396414,396415,396418,3,1
396414,396415,396417,2,1
396414,396415,396417,2,1
396414,396415,396417,2,1
396414,396415,396417,2,1
396414,396415,396417,2,1
396414,396415,396417,2,1
396414,396415,396417,2,1
396414,396415,396417,2,1
396414,396415,396417,2,1
396414,396415,396418,3,1
396414,396415,396418,3,1
396414,396415,396418,3,1
396414,396415,396418,3,1
396414,396415,396419,4,1
396414,396415,396418,3,1
396414,396415,396419,4,1
396414,396415,396418,3,1
396414,396415,396418,3,1
396414,396415,396418,3,1
396414,396415,396418,3,1
396414,396415,396418,3,1
396414,396415,396420,5,1
396414,396415,396419,4,1
396414,396415,396419,4,1
396414,396415,396419,4,1
396414,396415,396419,4,1
396414,396415,396420,5,1
396414,396415,396421,6,1
396414,396415,396420,5,1
395966,395967,396426,459,1
396434,396435,396437,2,1
396434,396435,396436,1,1
396434,396435,396436,1,1
396434,396435,396436,1,1
396434,396435,396436,1,1
396434,396435,396436,1,1
396434,396435,396436,1,1
396434,396435,396436,1,1
396434,396435,396437,2,1
396434,396435,396436,1,1
396434,396435,396436,1,1
396434,396435,396437,2,1
396434,396435,396436,1,1
396434,396435,396436,1,1
396434,396435,396437,2,1
396434,396435,396437,2,1
396434,396435,396436,1,1
396434,396435,396436,1,1
396434,396435,396436,1,1
396434,396435,396437,2,1
396434,396435,396436,1,1
396434,396435,396436,1,1
396434,396435,396437,2,1
396434,396435,396437,2,1
396434,396435,396437,2,1
396434,396435,396438,3,1
396434,396435,396437,2,1
396434,396435,396437,2,1
396434,396435,396437,2,1
396434,396435,396437,2,1
396434,396435,396437,2,1
396434,396435,396437,2,1
396434,396435,396438,3,1
396434,396435,396438,3,1
396434,396435,396437,2,1
396434,396435,396438,3,1
396434,396435,396437,2,1
396434,396435,396437,2,1
396434,396435,396437,2,1
396434,396435,396438,3,1
396434,396435,396437,2,1
396434,396435,396437,2,1
396434,396435,396437,2,1
396434,396435,396439,4,1
396434,396435,396439,4,1
396434,396435,396438,3,1
396434,396435,396438,3,1
396434,396435,396438,3,1
396434,396435,396439,4,1
396434,396435,396438,3,1
396434,396435,396439,4,1
396434,396435,396438,3,1
396434,396435,396439,4,1
396434,396435,396439,4,1
396434,396435,396438,3,1
396434,396435,396439,4,1
396038,396039,396439,400,1
396434,396435,396439,4,1
396441,396441,396443,2,0
396441,396441,396443,2,0
396441,396441,396443,2,0
396441,396441,396443,2,0
396441,396441,396443,2,0
396441,396441,396443,2,0
396441,396441,396443,2,0
396441,396441,396443,2,0
396441,396441,396443,2,0
396441,396441,396443,2,0
396441,396441,396443,2,0
396441,396441,396443,2,0
396441,396441,396443,2,0
396441,396441,396443,2,0
396441,396441,396443,2,0
396441,396441,396443,2,0
396441,396441,396443,2,0
396441,396441,396443,2,0
395997,395999,396444,445,2
396441,396441,396443,2,0
396441,396441,396444,3,0
396441,396441,396444,3,0
396441,396441,396443,2,0
396441,396441,396444,3,0
396441,396441,396444,3,0
396441,396441,396444,3,0
396441,396441,396444,3,0
396441,396441,396444,3,0
396441,396441,396444,3,0
396441,396443,396444,1,2
396441,396443,396444,1,2
396441,396443,396444,1,2
396441,396441,396443,2,0
396441,396441,396444,3,0
396441,396441,396444,3,0
396441,396441,396444,3,0
396441,396441,396443,2,0
396441,396441,396444,3,0
396441,396441,396444,3,0
396441,396441,396444,3,0
396441,396441,396443,2,0
396441,396441,396444,3,0
396441,396441,396444,3,0
396441,396443,396444,1,2
396441,396441,396445,4,0
396441,396441,396445,4,0
396441,396441,396445,4,0
396441,396441,396445,4,0
396441,396441,396444,3,0
396441,396441,396445,4,0
396441,396441,396444,3,0
396441,396441,396445,4,0
396441,396441,396445,4,0
396441,396441,396445,4,0
396441,396441,396445,4,0
396441,396441,396445,4,0
396441,396441,396445,4,0
396441,396441,396444,3,0
396441,396441,396445,4,0
396441,396441,396446,5,0
396434,396444,396446,2,10
396441,396441,396445,4,0
396441,396441,396445,4,0
396445,396445,396447,2,0
396434,396444,396447,3,10
396434,396444,396447,3,10
396434,396444,396446,2,10
396445,396446,396447,1,1
396445,396445,396447,2,0
396445,396445,396447,2,0
396445,396445,396447,2,0
396445,396446,396447,1,1
396445,396445,396447,2,0
396445,396446,396448,2,1
396445,396445,396447,2,0
396445,396445,396447,2,0
396445,396445,396447,2,0
396445,396446,396448,2,1
396445,396445,396447,2,0
396445,396445,396447,2,0
396445,396445,396447,2,0
396445,396446,396447,1,1
396445,396445,396447,2,0
396445,396445,396448,3,0
396445,396446,396447,1,1
396445,396445,396447,2,0
396445,396445,396447,2,0
396445,396446,396447,1,1
396445,396445,396447,2,0
396445,396445,396447,2,0
396445,396445,396447,2,0
396445,396446,396447,1,1
396445,396447,396448,1,2
396445,396445,396448,3,0
396445,396445,396448,3,0
396445,396446,396448,2,1
396445,396445,396448,3,0
396445,396447,396448,1,2
396445,396447,396448,1,2
396445,396445,396448,3,0
396445,396445,396448,3,0
396445,396445,396449,4,0
396445,396446,396448,2,1
396445,396446,396448,2,1
396445,396445,396449,4,0
396445,396445,396448,3,0
396445,396446,396448,2,1
396445,396445,396448,3,0
396445,396446,396448,2,1
396445,396446,396448,2,1
396445,396445,396448,3,0
396445,396446,396448,2,1
396445,396446,396448,2,1
396445,396445,396448,3,0
396445,396445,396448,3,0
396445,396445,396449,4,0
396445,396445,396449,4,0
396445,396445,396449,4,0
396445,396445,396449,4,0
396445,396445,396449,4,0
396445,396445,396449,4,0
396445,396445,396449,4,0
396445,396445,396449,4,0
396445,396445,396449,4,0
396445,396445,396449,4,0
396445,396445,396449,4,0
396445,396445,396449,4,0
396036,396036,396494,458,0
396495,396496,396497,1,1
396495,396495,396497,2,0
396495,396495,396497,2,0
396495,396495,396497,2,0
396495,396495,396497,2,0
396495,396495,396497,2,0
396495,396495,396497,2,0
396495,396495,396497,2,0
396495,396495,396497,2,0
396495,396495,396497,2,0
396495,396495,396497,2,0
396495,396495,396497,2,0
396495,396495,396497,2,0
396495,396495,396497,2,0
396495,396495,396497,2,0
396495,396495,396497,2,0
396495,396495,396497,2,0
396495,396495,396497,2,0
396495,396495,396497,2,0
396495,396495,396497,2,0
396495,396495,396497,2,0
396495,396495,396497,2,0
396495,396495,396497,2,0
396495,396495,396498,3,0
396495,396495,396498,3,0
396495,396495,396498,3,0
396495,396495,396498,3,0
396495,396496,396498,2,1
396495,396495,396497,2,0
396495,396495,396497,2,0
396495,396495,396498,3,0
396495,396495,396497,2,0
396495,396495,396498,3,0
396495,396495,396497,2,0
396495,396495,396498,3,0
396495,396495,396498,3,0
396495,396495,396498,3,0
396495,396495,396497,2,0
396495,396495,396498,3,0
396495,396495,396498,3,0
396495,396495,396498,3,0
396495,396495,396499,4,0
396495,396495,396499,4,0
396495,396495,396499,4,0
396495,396496,396499,3,1
396495,396496,396499,3,1
396495,396495,396499,4,0
396495,396495,396498,3,0
396495,396495,396499,4,0
396495,396495,396499,4,0
396495,396495,396499,4,0
396495,396495,396498,3,0
396495,396495,396499,4,0
396495,396495,396498,3,0
396495,396495,396498,3,0
396495,396495,396499,4,0
396495,396495,396498,3,0
396495,396495,396499,4,0
396495,396495,396499,4,0
396495,396495,396500,5,0
396495,396495,396499,4,0
396077,396078,396516,438,1
396518,396519,396520,1,1
396518,396519,396520,1,1
396518,396519,396520,1,1
396518,396519,396520,1,1
396518,396519,396521,2,1
396518,396519,396520,1,1
396518,396519,396520,1,1
396518,396519,396520,1,1
396518,396519,396520,1,1
396518,396519,396520,1,1
396518,396519,396520,1,1
396518,396519,396520,1,1
396518,396519,396520,1,1
396518,396519,396520,1,1
396518,396519,396520,1,1
396518,396519,396521,2,1
396518,396519,396520,1,1
396518,396519,396520,1,1
396518,396519,396520,1,1
396518,396519,396520,1,1
396518,396519,396521,2,1
396518,396519,396521,2,1
396518,396519,396521,2,1
396518,396519,396521,2,1
396518,396519,396521,2,1
396518,396519,396521,2,1
396518,396519,396521,2,1
396518,396519,396521,2,1
396518,396519,396521,2,1
396518,396519,396521,2,1
396518,396519,396521,2,1
396518,396519,396521,2,1
396518,396519,396521,2,1
396518,396519,396521,2,1
396518,396519,396521,2,1
396518,396519,396521,2,1
396518,396519,396521,2,1
396518,396519,396521,2,1
396518,396519,396521,2,1
396518,396519,396521,2,1
396518,396519,396521,2,1
396518,396519,396522,3,1
396518,396519,396522,3,1
396518,396519,396522,3,1
396518,396519,396522,3,1
396518,396519,396522,3,1
396518,396519,396522,3,1
396518,396519,396523,4,1
396518,396519,396522,3,1
396518,396519,396522,3,1
396518,396519,396522,3,1
396518,396519,396523,4,1
396518,396519,396522,3,1
396518,396519,396522,3,1
396518,396519,396523,4,1
396518,396519,396523,4,1
396518,396519,396523,4,1
396518,396519,396523,4,1
396518,396519,396523,4,1
396518,396519,396523,4,1
396518,396519,396523,4,1
396136,396140,396530,390,4
396538,396539,396541,2,1
396538,396539,396540,1,1
396538,396539,396540,1,1
396538,396539,396540,1,1
396538,396539,396540,1,1
396538,396539,396540,1,1
396538,396539,396540,1,1
396538,396539,396540,1,1
396538,396539,396540,1,1
396538,396539,396540,1,1
396538,396539,396540,1,1
396538,396539,396541,2,1
396538,396539,396540,1,1
396538,396539,396540,1,1
396538,396539,396540,1,1
396538,396539,396540,1,1
396538,396539,396540,1,1
396538,396539,396540,1,1
396538,396539,396540,1,1
396538,396539,396541,2,1
396538,396539,396541,2,1
396538,396539,396541,2,1
396538,396539,396541,2,1
396538,396539,396541,2,1
396538,396539,396542,3,1
396538,396539,396541,2,1
396538,396539,396541,2,1
396538,396539,396541,2,1
396538,396539,396542,3,1
396538,396539,396542,3,1
396538,396539,396541,2,1
396538,396539,396542,3,1
396538,396539,396541,2,1
396538,396539,396542,3,1
396538,396539,396541,2,1
396538,396539,396542,3,1
396538,396539,396541,2,1
396538,396539,396542,3,1
396538,396539,396541,2,1
396538,396539,396541,2,1
396538,396539,396541,2,1
396538,396539,396543,4,1
396538,396539,396542,3,1
396538,396539,396542,3,1
396538,396539,396542,3,1
396538,396539,396542,3,1
396538,396539,396542,3,1
396538,396539,396543,4,1
396538,396539,396542,3,1
396538,396539,396542,3,1
396538,396539,396542,3,1
396538,396539,396543,4,1
396538,396539,396542,3,1
396538,396539,396542,3,1
396538,396539,396542,3,1
396538,396539,396542,3,1
396538,396539,396542,3,1
396538,396539,396542,3,1
396538,396539,396543,4,1
396538,396539,396543,4,1
396538,396539,396543,4,1
396139,396142,396545,403,3
396557,396557,396559,2,0
396557,396557,396559,2,0
396557,396557,396559,2,0
396557,396557,396559,2,0
396557,396557,396559,2,0
396557,396557,396559,2,0
396557,396557,396559,2,0
396557,396557,396559,2,0
396557,396557,396559,2,0
396557,396557,396559,2,0
396557,396557,396559,2,0
396557,396557,396559,2,0
396557,396557,396559,2,0
396557,396557,396559,2,0
396557,396557,396559,2,0
396557,396557,396559,2,0
396557,396557,396559,2,0
396557,396557,396559,2,0
396557,396557,396559,2,0
396557,396557,396560,3,0
396557,396557,396560,3,0
396557,396557,396559,2,0
396557,396557,396560,3,0
396557,396557,396560,3,0
396557,396557,396560,3,0
396557,396557,396560,3,0
396557,396557,396560,3,0
396557,396557,396560,3,0
396557,396557,396560,3,0
396557,396557,396559,2,0
396557,396557,396559,2,0
396557,396557,396560,3,0
396557,396557,396560,3,0
396557,396557,396559,2,0
396557,396557,396560,3,0
396557,396557,396560,3,0
396557,396557,396560,3,0
396557,396557,396561,4,0
396557,396557,396561,4,0
396557,396557,396561,4,0
396557,396557,396561,4,0
396557,396557,396561,4,0
396557,396557,396561,4,0
396557,396557,396561,4,0
396557,396557,396561,4,0
396557,396557,396560,3,0
396557,396557,396561,4,0
396557,396557,396561,4,0
396557,396557,396561,4,0
396557,396557,396561,4,0
396557,396557,396561,4,0
396557,396557,396561,4,0
396557,396557,396561,4,0
396557,396557,396561,4,0
396557,396557,396561,4,0
396141,396145,396567,422,4
396110,396112,396568,456,2
396569,396569,396570,1,0
396569,396569,396571,2,0
396569,396569,396571,2,0
396569,396569,396570,1,0
396569,396569,396571,2,0
396569,396569,396571,2,0
396569,396569,396571,2,0
396569,396569,396570,1,0
396569,396569,396570,1,0
396569,396569,396571,2,0
396569,396569,396571,2,0
396569,396569,396571,2,0
396569,396569,396571,2,0
396569,396569,396571,2,0
396569,396569,396571,2,0
396569,396569,396571,2,0
396569,396569,396571,2,0
396569,396569,396572,3,0
396569,396569,396572,3,0
396569,396569,396571,2,0
396569,396569,396571,2,0
396569,396569,396571,2,0
396569,396569,396571,2,0
396569,396569,396571,2,0
396569,396569,396571,2,0
396569,396569,396571,2,0
396569,396569,396571,2,0
396569,396569,396572,3,0
396569,396569,396572,3,0
396569,396571,396572,1,2
396569,396569,396571,2,0
396569,396569,396571,2,0
396569,396569,396572,3,0
396569,396569,396572,3,0
396569,396569,396572,3,0
396569,396569,396571,2,0
396569,396569,396572,3,0
396569,396569,396572,3,0
396569,396569,396573,4,0
396569,396569,396573,4,0
396571,396572,396573,1,1
396569,396569,396573,4,0
396569,396569,396572,3,0
396569,396571,396572,1,2
396569,396569,396573,4,0
396569,396569,396573,4,0
396569,396569,396572,3,0
396569,396569,396572,3,0
396569,396569,396573,4,0
396569,396569,396573,4,0
396569,396571,396572,1,2
396571,396571,396572,1,0
396571,396571,396572,1,0
396569,396569,396573,4,0
396569,396569,396573,4,0
396569,396569,396572,3,0
396571,396571,396572,1,0
396571,396571,396572,1,0
396569,396569,396573,4,0
396569,396571,396572,1,2
396571,396571,396572,1,0
396569,396569,396573,4,0
396569,396569,396573,4,0
396569,396569,396572,3,0
396571,396571,396572,1,0
396571,396571,396573,2,0
396571,396571,396572,1,0
396571,396571,396572,1,0
396571,396572,396573,1,1
396571,396572,396574,2,1
396571,396572,396574,2,1
396571,396572,396573,1,1
396571,396572,396574,2,1
396569,396571,396574,3,2
396571,396572,396574,2,1
396571,396572,396574,2,1
396569,396569,396573,4,0
396571,396573,396574,1,2
396571,396572,396575,3,1
396571,396572,396575,3,1
396571,396572,396575,3,1
396571,396572,396574,2,1
396571,396572,396574,2,1
396571,396572,396574,2,1
396571,396572,396575,3,1
396571,396572,396575,3,1
396571,396573,396575,2,2
396571,396572,396575,3,1
396571,396572,396575,3,1
396571,396573,396575,2,2
396571,396573,396574,1,2
396571,396573,396574,1,2
396571,396573,396575,2,2
396571,396573,396575,2,2
396571,396573,396575,2,2
396571,396572,396575,3,1
396571,396573,396575,2,2
396571,396573,396575,2,2
396571,396573,396575,2,2
396571,396573,396575,2,2
396571,396573,396575,2,2
396571,396573,396575,2,2
396571,396573,396575,2,2
396557,396575,396576,1,18
396557,396575,396576,1,18
396571,396572,396575,3,1
396571,396573,396576,3,2
396571,396573,396576,3,2
396571,396573,396576,3,2
396571,396573,396576,3,2
396571,396573,396575,2,2
396571,396573,396576,3,2
396571,396573,396576,3,2
396571,396573,396576,3,2
396571,396573,396576,3,2
396571,396573,396576,3,2
396571,396572,396576,4,1
396571,396572,396576,4,1
396571,396572,396576,4,1
396571,396573,396575,2,2
396569,396569,396576,7,0
396571,396573,396576,3,2
396571,396573,396576,3,2
396571,396573,396576,3,2
396571,396573,396576,3,2
396557,396575,396576,1,18
396557,396575,396576,1,18
396557,396575,396577,2,18
396557,396575,396577,2,18
396197,396199,396598,399,2
396607,396607,396608,1,0
396607,396607,396609,2,0
396607,396607,396608,1,0
396607,396607,396609,2,0
396607,396607,396609,2,0
396607,396607,396608,1,0
396607,396607,396609,2,0
396607,396607,396608,1,0
396607,396607,396609,2,0
396607,396607,396609,2,0
396607,396607,396609,2,0
396607,396607,396609,2,0
396607,396607,396608,1,0
396607,396607,396608,1,0
396607,396607,396609,2,0
396607,396607,396609,2,0
396607,396607,396609,2,0
396607,396607,396609,2,0
396607,396607,396609,2,0
396607,396607,396609,2,0
396607,396607,396609,2,0
396607,396607,396609,2,0
396607,396607,396608,1,0
396607,396607,396608,1,0
396607,396607,396608,1,0
396607,396607,396610,3,0
396607,396607,396609,2,0
396607,396607,396610,3,0
396607,396607,396610,3,0
396607,396607,396610,3,0
396607,396607,396610,3,0
396607,396607,396610,3,0
396607,396607,396609,2,0
396607,396607,396609,2,0
396607,396607,396610,3,0
396607,396607,396610,3,0
396607,396607,396609,2,0
396607,396607,396610,3,0
396607,396607,396610,3,0
396607,396607,396609,2,0
396607,396607,396610,3,0
396607,396607,396610,3,0
396607,396607,396610,3,0
396607,396608,396611,3,1
396607,396608,396611,3,1
396607,396607,396610,3,0
396607,396607,396610,3,0
396607,396607,396611,4,0
396607,396607,396610,3,0
396607,396607,396611,4,0
396607,396607,396611,4,0
396607,396607,396610,3,0
396607,396607,396611,4,0
396607,396607,396611,4,0
396607,396607,396611,4,0
396607,396615,396616,1,8
396607,396615,396617,2,8
396607,396615,396618,3,8
396607,396615,396618,3,8
396200,396200,396619,419,0
396622,396622,396624,2,0
396622,396622,396624,2,0
396622,396622,396624,2,0
396622,396622,396624,2,0
396622,396622,396624,2,0
396622,396622,396624,2,0
396622,396622,396624,2,0
396622,396622,396624,2,0
396622,396622,396624,2,0
396622,396622,396624,2,0
396622,396622,396624,2,0
396622,396622,396624,2,0
396622,396622,396624,2,0
396622,396622,396624,2,0
396622,396622,396624,2,0
396622,396622,396624,2,0
396622,396622,396624,2,0
396622,396622,396624,2,0
396622,396622,396624,2,0
396622,396622,396624,2,0
396622,396622,396624,2,0
396622,396622,396624,2,0
396622,396622,396624,2,0
396622,396622,396624,2,0
396622,396622,396625,3,0
396622,396622,396624,2,0
396622,396622,396625,3,0
396622,396622,396625,3,0
396622,396622,396624,2,0
396622,396622,396624,2,0
396622,396622,396625,3,0
396622,396622,396625,3,0
396622,396622,396625,3,0
396622,396622,396624,2,0
396622,396622,396625,3,0
396622,396622,396624,2,0
396622,396622,396625,3,0
396622,396622,396625,3,0
396622,396624,396625,1,2
396622,396622,396626,4,0
396622,396622,396626,4,0
396622,396622,396625,3,0
396622,396622,396625,3,0
396622,396622,396625,3,0
396622,396622,396625,3,0
396622,396622,396625,3,0
396622,396622,396626,4,0
396622,396622,396626,4,0
396622,396622,396626,4,0
396622,396622,396626,4,0
396622,396622,396626,4,0
396622,396622,396625,3,0
396622,396622,396626,4,0
396622,396622,396625,3,0
396622,396622,396626,4,0
396622,396624,396625,1,2
396622,396622,396626,4,0
396622,396622,396625,3,0
396622,396622,396627,5,0
396607,396608,396615,7,1
396607,396608,396614,6,1
396622,396629,396632,3,7
396622,396629,396633,4,7
396218,396219,396634,415,1
396642,396642,396644,2,0
396642,396642,396644,2,0
396642,396642,396644,2,0
396642,396642,396644,2,0
396642,396642,396644,2,0
396642,396642,396644,2,0
396642,396642,396644,2,0
396642,396642,396644,2,0
396642,396642,396644,2,0
396642,396642,396644,2,0
396642,396642,396644,2,0
396642,396642,396644,2,0
396642,396642,396644,2,0
396642,396642,396644,2,0
396642,396642,396644,2,0
396642,396642,396644,2,0
396642,396642,396644,2,0
396642,396642,396644,2,0
396642,396642,396644,2,0
396642,396642,396644,2,0
396642,396642,396644,2,0
396642,396642,396645,3,0
396642,396643,396644,1,1
396642,396642,396645,3,0
396642,396642,396645,3,0
396642,396642,396645,3,0
396642,396642,396645,3,0
396642,396642,396644,2,0
396642,396642,396644,2,0
396642,396642,396645,3,0
396642,396642,396645,3,0
396642,396642,396645,3,0
396642,396642,396644,2,0
396642,396642,396644,2,0
396642,396642,396644,2,0
396642,396644,396645,1,2
396642,396642,396645,3,0
396642,396642,396645,3,0
396642,396642,396645,3,0
396642,396642,396645,3,0
396642,396643,396645,2,1
396642,396642,396646,4,0
396642,396642,396646,4,0
396642,396642,396646,4,0
396642,396642,396645,3,0
396642,396642,396646,4,0
396642,396642,396646,4,0
396642,396642,396646,4,0
396642,396642,396646,4,0
396642,396642,396646,4,0
396642,396642,396646,4,0
396642,396642,396646,4,0
396642,396642,396646,4,0
396642,396642,396646,4,0
396642,396642,396646,4,0
396642,396642,396646,4,0
396642,396642,396646,4,0
396642,396642,396646,4,0
396642,396643,396646,3,1
396642,396642,396646,4,0
396642,396642,396646,4,0
396642,396642,396647,5,0
396220,396221,396654,433,1
396657,396657,396659,2,0
396657,396657,396659,2,0
396657,396657,396658,1,0
396657,396657,396659,2,0
396657,396657,396659,2,0
396657,396657,396659,2,0
396657,396657,396659,2,0
396657,396657,396659,2,0
396657,396657,396659,2,0
396657,396657,396659,2,0
396657,396657,396659,2,0
396657,396657,396659,2,0
396657,396657,396659,2,0
396657,396657,396659,2,0
396657,396657,396659,2,0
396657,396657,396659,2,0
396657,396657,396659,2,0
396657,396657,396659,2,0
396657,396657,396659,2,0
396657,396657,396659,2,0
396657,396657,396659,2,0
396657,396657,396659,2,0
396657,396658,396659,1,1
396657,396658,396659,1,1
396657,396657,396660,3,0
396657,396657,396660,3,0
396657,396657,396659,2,0
396657,396657,396660,3,0
396657,396657,396660,3,0
396657,396657,396660,3,0
396657,396657,396660,3,0
396657,396657,396660,3,0
396657,396657,396660,3,0
396657,396657,396660,3,0
396657,396657,396659,2,0
396657,396657,396660,3,0
396657,396657,396660,3,0
396657,396657,396660,3,0
396657,396657,396660,3,0
396657,396657,396661,4,0
396657,396657,396660,3,0
396657,396657,396660,3,0
396657,396657,396661,4,0
396657,396657,396661,4,0
396657,396657,396661,4,0
396657,396657,396661,4,0
396657,396657,396661,4,0
396657,396657,396661,4,0
396657,396657,396660,3,0
396657,396657,396661,4,0
396657,396657,396661,4,0
396657,396657,396661,4,0
396657,396657,396661,4,0
396657,396667,396669,2,10
396657,396667,396669,2,10
396657,396667,396669,2,10
396657,396667,396670,3,10
396169,396169,396671,502,0
396657,396667,396670,3,10
396673,396674,396675,1,1
396673,396673,396675,2,0
396673,396673,396675,2,0
396673,396673,396675,2,0
396673,396673,396675,2,0
396673,396674,396675,1,1
396673,396673,396675,2,0
396673,396673,396675,2,0
396673,396673,396675,2,0
396673,396673,396675,2,0
396673,396673,396675,2,0
396673,396673,396675,2,0
396673,396673,396675,2,0
396673,396673,396675,2,0
396673,396673,396675,2,0
396673,396673,396675,2,0
396673,396673,396675,2,0
396673,396673,396675,2,0
396673,396673,396676,3,0
396673,396674,396675,1,1
396673,396673,396676,3,0
396673,396673,396676,3,0
396673,396673,396676,3,0
396673,396673,396675,2,0
396673,396673,396675,2,0
396673,396673,396675,2,0
396673,396673,396676,3,0
396673,396673,396675,2,0
396673,396674,396676,2,1
396673,396674,396676,2,1
396673,396674,396676,2,1
396673,396673,396676,3,0
396673,396673,396676,3,0
396673,396673,396675,2,0
396673,396673,396676,3,0
396673,396673,396677,4,0
396673,396673,396676,3,0
396673,396673,396676,3,0
396673,396673,396677,4,0
396673,396673,396677,4,0
396673,396673,396676,3,0
396673,396674,396676,2,1
396673,396674,396677,3,1
396673,396674,396677,3,1
396673,396675,396677,2,2
396673,396673,396676,3,0
396673,396673,396677,4,0
396673,396673,396676,3,0
396673,396673,396677,4,0
396673,396673,396677,4,0
396673,396673,396676,3,0
396673,396673,396677,4,0
396673,396673,396677,4,0
396673,396674,396677,3,1
396673,396674,396677,3,1
396673,396673,396677,4,0
396673,396673,396677,4,0
396673,396675,396676,1,2
396673,396675,396676,1,2
396192,396193,396678,485,1
396657,396658,396661,3,1
396657,396658,396661,3,1
396679,396679,396681,2,0
396679,396679,396681,2,0
396679,396679,396681,2,0
396679,396679,396681,2,0
396679,396679,396681,2,0
396679,396680,396681,1,1
396679,396679,396681,2,0
396679,396679,396681,2,0
396679,396679,396681,2,0
396679,396679,396681,2,0
396679,396679,396681,2,0
396679,396679,396681,2,0
396679,396679,396681,2,0
396679,396679,396681,2,0
396679,396679,396681,2,0
396679,396679,396681,2,0
396679,396679,396681,2,0
396679,396680,396682,2,1
396679,396679,396682,3,0
396679,396679,396682,3,0
396679,396679,396682,3,0
396679,396679,396682,3,0
396679,396679,396682,3,0
396679,396679,396682,3,0
396679,396679,396682,3,0
396679,396679,396682,3,0
396679,396680,396682,2,1
396679,396679,396682,3,0
396679,396679,396682,3,0
396679,396680,396682,2,1
396679,396679,396682,3,0
396679,396679,396682,3,0
396679,396680,396683,3,1
396679,396679,396683,4,0
396679,396680,396682,2,1
396679,396680,396682,2,1
396679,396679,396682,3,0
396679,396680,396682,2,1
396679,396680,396682,2,1
396673,396679,396680,1,6
396679,396679,396683,4,0
396679,396679,396683,4,0
396679,396679,396683,4,0
396679,396679,396683,4,0
396679,396679,396683,4,0
396679,396679,396683,4,0
396679,396679,396683,4,0
396679,396679,396683,4,0
396679,396682,396683,1,3
396679,396682,396683,1,3
396679,396679,396683,4,0
396679,396680,396683,3,1
396679,396680,396683,3,1
396679,396680,396683,3,1
396679,396680,396683,3,1
396679,396679,396683,4,0
396679,396680,396683,3,1
396679,396679,396683,4,0
396679,396680,396683,3,1
396679,396683,396684,1,4
396679,396683,396684,1,4
396673,396679,396688,9,6
396657,396658,396698,40,1
396261,396278,396699,421,17
396701,396701,396703,2,0
396701,396701,396703,2,0
396701,396701,396703,2,0
396701,396701,396703,2,0
396701,396701,396703,2,0
396701,396701,396703,2,0
396701,396701,396703,2,0
396701,396701,396703,2,0
396701,396701,396703,2,0
396701,396701,396703,2,0
396701,396701,396703,2,0
396701,396701,396703,2,0
396701,396701,396703,2,0
396701,396701,396703,2,0
396701,396701,396703,2,0
396701,396701,396703,2,0
396701,396701,396703,2,0
396701,396701,396703,2,0
396701,396701,396703,2,0
396701,396701,396703,2,0
396701,396701,396703,2,0
396701,396701,396703,2,0
396701,396701,396703,2,0
396701,396701,396703,2,0
396701,396701,396703,2,0
396701,396701,396703,2,0
396701,396701,396703,2,0
396701,396701,396703,2,0
396701,396701,396703,2,0
396701,396701,396704,3,0
396701,396701,396704,3,0
396701,396701,396704,3,0
396701,396701,396703,2,0
396701,396701,396704,3,0
396701,396701,396704,3,0
396701,396701,396704,3,0
396701,396701,396703,2,0
396701,396701,396705,4,0
396701,396701,396705,4,0
396701,396701,396704,3,0
396701,396701,396705,4,0
396701,396701,396704,3,0
396701,396701,396705,4,0
396701,396701,396704,3,0
396701,396701,396704,3,0
396701,396701,396704,3,0
396701,396701,396705,4,0
396701,396701,396704,3,0
396701,396701,396705,4,0
396701,396701,396705,4,0
396701,396701,396704,3,0
396701,396701,396705,4,0
396701,396701,396705,4,0
396701,396701,396704,3,0
396701,396701,396705,4,0
396701,396701,396705,4,0
396701,396701,396704,3,0
396701,396701,396713,12,0
396701,396701,396715,14,0
396701,396701,396714,13,0
396701,396701,396715,14,0
396301,396302,396722,420,1
396729,396730,396731,1,1
396729,396730,396731,1,1
396729,396730,396731,1,1
396729,396730,396731,1,1
396729,396730,396732,2,1
396729,396730,396732,2,1
396729,396730,396731,1,1
396729,396730,396731,1,1
396729,396730,396731,1,1
396729,396730,396732,2,1
396729,396730,396731,1,1
396729,396730,396731,1,1
396729,396730,396731,1,1
396729,396730,396732,2,1
396729,396730,396731,1,1
396729,396730,396731,1,1
396729,396730,396731,1,1
396729,396730,396732,2,1
396729,396730,396732,2,1
396729,396730,396732,2,1
396729,396730,396732,2,1
396729,396730,396732,2,1
396729,396730,396733,3,1
396729,396730,396732,2,1
396729,396730,396732,2,1
396729,396730,396732,2,1
396729,396730,396733,3,1
396729,396730,396732,2,1
396729,396730,396732,2,1
396729,396730,396733,3,1
396729,396730,396732,2,1
396729,396730,396732,2,1
396729,396730,396732,2,1
396729,396730,396732,2,1
396729,396730,396733,3,1
396729,396730,396732,2,1
396729,396732,396733,1,3
396729,396730,396734,4,1
396729,396730,396733,3,1
396729,396730,396733,3,1
396729,396730,396733,3,1
396729,396730,396733,3,1
396729,396730,396733,3,1
396729,396730,396733,3,1
396729,396730,396733,3,1
396729,396730,396733,3,1
396729,396730,396733,3,1
396729,396730,396733,3,1
396729,396730,396733,3,1
396729,396730,396733,3,1
396729,396730,396733,3,1
396729,396732,396733,1,3
396729,396732,396733,1,3
396729,396732,396733,1,3
396729,396730,396734,4,1
396729,396732,396734,2,3
396729,396736,396737,1,7
396729,396736,396737,1,7
396729,396736,396738,2,7
396729,396736,396739,3,7
396729,396736,396739,3,7
396390,396391,396808,417,1
396811,396811,396813,2,0
396811,396811,396813,2,0
396811,396811,396813,2,0
396811,396811,396813,2,0
396811,396811,396813,2,0
396811,396811,396813,2,0
396811,396811,396813,2,0
396811,396811,396813,2,0
396811,396811,396813,2,0
396811,396811,396813,2,0
396811,396811,396813,2,0
396811,396811,396813,2,0
396811,396811,396813,2,0
396811,396811,396813,2,0
396811,396811,396813,2,0
396811,396811,396813,2,0
396811,396811,396813,2,0
396811,396811,396813,2,0
396811,396811,396813,2,0
396811,396811,396813,2,0
396811,396811,396813,2,0
396811,396811,396813,2,0
396811,396811,396813,2,0
396811,396811,396814,3,0
396811,396811,396813,2,0
396811,396811,396814,3,0
396811,396811,396813,2,0
396811,396811,396813,2,0
396811,396811,396813,2,0
396811,396811,396814,3,0
396811,396811,396813,2,0
396811,396811,396814,3,0
396811,396811,396814,3,0
396811,396811,396813,2,0
396811,396811,396814,3,0
396811,396811,396814,3,0
396811,396811,396813,2,0
396811,396811,396813,2,0
396811,396811,396814,3,0
396811,396811,396814,3,0
396811,396811,396813,2,0
396811,396811,396813,2,0
396811,396811,396814,3,0
396811,396811,396813,2,0
396811,396811,396813,2,0
396811,396811,396814,3,0
396811,396811,396815,4,0
396811,396811,396815,4,0
396811,396811,396815,4,0
396811,396811,396815,4,0
396811,396811,396814,3,0
396811,396811,396815,4,0
396811,396811,396815,4,0
396811,396811,396815,4,0
396811,396811,396815,4,0
396811,396811,396814,3,0
396811,396811,396814,3,0
396811,396811,396815,4,0
396811,396811,396815,4,0
396811,396811,396814,3,0
396811,396811,396815,4,0
396320,396321,396816,495,1
396830,396830,396832,2,0
396830,396830,396832,2,0
396830,396830,396832,2,0
396830,396830,396832,2,0
396830,396830,396832,2,0
396830,396830,396832,2,0
396830,396830,396832,2,0
396830,396830,396832,2,0
396830,396830,396832,2,0
396830,396830,396832,2,0
396830,396830,396832,2,0
396830,396830,396832,2,0
396830,396830,396832,2,0
396830,396830,396832,2,0
396830,396830,396832,2,0
396830,396830,396832,2,0
396830,396830,396832,2,0
396830,396830,396832,2,0
396830,396830,396832,2,0
396830,396830,396832,2,0
396830,396830,396832,2,0
396830,396830,396831,1,0
396830,396830,396832,2,0
396830,396830,396832,2,0
396830,396830,396832,2,0
396830,396831,396832,1,1
396830,396830,396833,3,0
396830,396830,396832,2,0
396830,396830,396832,2,0
396830,396830,396833,3,0
396830,396830,396833,3,0
396830,396830,396832,2,0
396830,396830,396832,2,0
396830,396830,396833,3,0
396830,396830,396833,3,0
396830,396830,396833,3,0
396830,396830,396832,2,0
396830,396830,396833,3,0
396830,396830,396833,3,0
396830,396830,396833,3,0
396830,396830,396833,3,0
396830,396830,396832,2,0
396830,396830,396832,2,0
396830,396831,396833,2,1
396830,396831,396834,3,1
396830,396831,396833,2,1
396830,396830,396833,3,0
396830,396830,396833,3,0
396830,396830,396834,4,0
396830,396830,396834,4,0
396830,396830,396833,3,0
396830,396830,396833,3,0
396830,396830,396833,3,0
396830,396830,396834,4,0
396830,396830,396834,4,0
396830,396830,396834,4,0
396830,396830,396834,4,0
396830,396830,396834,4,0
396830,396830,396834,4,0
396830,396831,396834,3,1
396416,396417,396834,417,1
396830,396830,396837,7,0
396836,396836,396838,2,0
396836,396836,396838,2,0
396836,396836,396838,2,0
396836,396836,396838,2,0
396836,396836,396838,2,0
396836,396836,396838,2,0
396836,396836,396838,2,0
396836,396836,396838,2,0
396836,396836,396838,2,0
396836,396836,396838,2,0
396836,396836,396838,2,0
396836,396836,396838,2,0
396836,396836,396838,2,0
396836,396836,396838,2,0
396836,396836,396838,2,0
396836,396836,396838,2,0
396836,396836,396838,2,0
396836,396836,396838,2,0
396836,396836,396838,2,0
396836,396836,396838,2,0
396836,396836,396838,2,0
396836,396836,396838,2,0
396836,396836,396838,2,0
396836,396837,396839,2,1
396836,396836,396839,3,0
396836,396836,396839,3,0
396836,396836,396838,2,0
396836,396836,396839,3,0
396836,396836,396839,3,0
396836,396836,396838,2,0
396836,396836,396838,2,0
396836,396836,396839,3,0
396836,396836,396838,2,0
396836,396836,396839,3,0
396836,396836,396838,2,0
396836,396836,396838,2,0
396836,396836,396839,3,0
396836,396836,396838,2,0
396836,396836,396839,3,0
396836,396836,396838,2,0
396836,396836,396840,4,0
396836,396836,396839,3,0
396836,396836,396840,4,0
396836,396836,396839,3,0
396836,396836,396839,3,0
396836,396836,396839,3,0
396836,396836,396840,4,0
396836,396836,396840,4,0
396836,396836,396839,3,0
396836,396836,396840,4,0
396836,396836,396839,3,0
396836,396836,396840,4,0
396836,396836,396840,4,0
396836,396836,396840,4,0
396836,396836,396840,4,0
396836,396836,396840,4,0
396836,396836,396841,5,0
396836,396836,396840,4,0
396836,396836,396842,6,0
396836,396836,396845,9,0
396436,396437,396852,415,1
396836,396836,396855,19,0
396855,396855,396857,2,0
396855,396855,396857,2,0
396855,396855,396857,2,0
396855,396855,396857,2,0
396855,396855,396857,2,0
396855,396855,396857,2,0
396855,396855,396857,2,0
396855,396855,396857,2,0
396855,396855,396857,2,0
396855,396855,396857,2,0
396855,396855,396857,2,0
396855,396855,396857,2,0
396855,396855,396857,2,0
396855,396855,396857,2,0
396855,396855,396857,2,0
396855,396855,396857,2,0
396855,396855,396857,2,0
396855,396855,396857,2,0
396855,396855,396857,2,0
396855,396855,396857,2,0
396855,396855,396857,2,0
396855,396855,396857,2,0
396855,396855,396857,2,0
396855,396855,396857,2,0
396855,396855,396857,2,0
396855,396856,396858,2,1
396855,396856,396858,2,1
396855,396855,396858,3,0
396855,396855,396858,3,0
396855,396855,396858,3,0
396855,396855,396858,3,0
396855,396855,396858,3,0
396855,396855,396858,3,0
396855,396855,396858,3,0
396855,396856,396858,2,1
396855,396856,396858,2,1
396855,396855,396858,3,0
396855,396855,396858,3,0
396855,396855,396858,3,0
396855,396855,396858,3,0
396855,396855,396858,3,0
396855,396856,396859,3,1
396855,396855,396859,4,0
396855,396855,396858,3,0
396855,396855,396859,4,0
396855,396855,396859,4,0
396855,396855,396859,4,0
396855,396855,396859,4,0
396855,396856,396859,3,1
396855,396855,396859,4,0
396855,396856,396859,3,1
396855,396856,396859,3,1
396855,396855,396859,4,0
396855,396855,396859,4,0
396855,396855,396859,4,0
396855,396855,396859,4,0
396855,396856,396860,4,1
396442,396443,396860,417,1
396855,396872,396873,1,17
396855,396872,396873,1,17
396855,396872,396873,1,17
396855,396872,396875,3,17
396447,396447,396882,435,0
396881,396882,396883,1,1
396881,396882,396883,1,1
396881,396882,396883,1,1
396881,396882,396883,1,1
396881,396882,396883,1,1
396881,396882,396883,1,1
396881,396882,396883,1,1
396881,396882,396884,2,1
396881,396882,396884,2,1
396881,396882,396883,1,1
396881,396882,396883,1,1
396881,396882,396884,2,1
396881,396882,396884,2,1
396881,396882,396883,1,1
396881,396882,396883,1,1
396881,396882,396883,1,1
396881,396882,396884,2,1
396881,396882,396883,1,1
396881,396882,396883,1,1
396881,396882,396884,2,1
396881,396882,396884,2,1
396881,396882,396884,2,1
396881,396882,396883,1,1
396881,396882,396884,2,1
396881,396882,396883,1,1
396881,396882,396884,2,1
396881,396882,396885,3,1
396881,396882,396884,2,1
396881,396882,396884,2,1
396881,396882,396884,2,1
396881,396882,396884,2,1
396881,396882,396884,2,1
396881,396882,396884,2,1
396881,396882,396884,2,1
396881,396882,396884,2,1
396881,396882,396884,2,1
396881,396882,396884,2,1
396881,396882,396885,3,1
396881,396882,396885,3,1
396881,396882,396884,2,1
396881,396882,396885,3,1
396881,396882,396885,3,1
396881,396882,396885,3,1
396881,396882,396884,2,1
396881,396882,396885,3,1
396881,396882,396884,2,1
396881,396882,396884,2,1
396881,396882,396885,3,1
396881,396882,396886,4,1
396881,396882,396885,3,1
396881,396882,396885,3,1
396881,396882,396885,3,1
396881,396882,396885,3,1
396881,396882,396885,3,1
396881,396882,396885,3,1
396881,396882,396885,3,1
396881,396882,396885,3,1
396881,396882,396886,4,1
396881,396882,396886,4,1
396881,396882,396885,3,1
396881,396882,396886,4,1
396893,396894,396896,2,1
396893,396894,396896,2,1
396893,396894,396896,2,1
396893,396894,396895,1,1
396893,396894,396895,1,1
396893,396894,396895,1,1
396893,396894,396895,1,1
396893,396894,396895,1,1
396893,396894,396895,1,1
396893,396894,396895,1,1
396893,396894,396895,1,1
396893,396894,396895,1,1
396893,396894,396896,2,1
396893,396894,396895,1,1
396893,396894,396895,1,1
396893,396894,396896,2,1
396893,396894,396896,2,1
396893,396894,396896,2,1
396893,396894,396896,2,1
396893,396894,396896,2,1
396893,396894,396896,2,1
396893,396894,396896,2,1
396893,396894,396895,1,1
396893,396894,396896,2,1
396893,396894,396896,2,1
396893,396894,396895,1,1
396893,396895,396896,1,2
396893,396894,396896,2,1
396893,396894,396897,3,1
396893,396894,396897,3,1
396893,396894,396896,2,1
396893,396894,396896,2,1
396893,396894,396896,2,1
396893,396894,396896,2,1
396893,396894,396896,2,1
396893,396894,396897,3,1
396893,396894,396896,2,1
396893,396894,396897,3,1
396893,396894,396896,2,1
396893,396894,396897,3,1
396893,396894,396896,2,1
396893,396894,396896,2,1
396893,396894,396896,2,1
396893,396894,396896,2,1
396893,396895,396897,2,2
396893,396895,396898,3,2
396893,396895,396897,2,2
396893,396894,396898,4,1
396893,396894,396898,4,1
396893,396894,396898,4,1
396893,396894,396897,3,1
396893,396894,396897,3,1
396893,396894,396898,4,1
396893,396894,396897,3,1
396893,396894,396897,3,1
396893,396894,396898,4,1
396893,396894,396898,4,1
396893,396894,396898,4,1
396893,396894,396897,3,1
396893,396894,396897,3,1
396893,396894,396898,4,1
396497,396497,396905,408,0
396907,396908,396910,2,1
396907,396908,396909,1,1
396907,396908,396910,2,1
396907,396908,396910,2,1
396907,396908,396910,2,1
396907,396908,396909,1,1
396907,396908,396910,2,1
396907,396908,396909,1,1
396907,396908,396909,1,1
396907,396908,396909,1,1
396907,396908,396909,1,1
396907,396908,396909,1,1
396907,396908,396909,1,1
396907,396908,396910,2,1
396907,396908,396909,1,1
396907,396908,396909,1,1
396907,396908,396910,2,1
396907,396908,396909,1,1
396907,396908,396910,2,1
396907,396908,396910,2,1
396907,396908,396911,3,1
396907,396908,396910,2,1
396907,396909,396910,1,2
396907,396909,396911,2,2
396907,396909,396910,1,2
396907,396909,396910,1,2
396907,396909,396910,1,2
396907,396908,396910,2,1
396907,396908,396910,2,1
396907,396908,396911,3,1
396907,396908,396910,2,1
396907,396908,396910,2,1
396907,396908,396910,2,1
396907,396908,396910,2,1
396907,396908,396911,3,1
396907,396908,396911,3,1
396907,396908,396910,2,1
396907,396908,396910,2,1
396907,396908,396911,3,1
396907,396908,396910,2,1
396907,396908,396911,3,1
396907,396908,396911,3,1
396907,396908,396911,3,1
396907,396908,396911,3,1
396907,396908,396912,4,1
396907,396909,396911,2,2
396907,396908,396911,3,1
396907,396908,396911,3,1
396907,396908,396911,3,1
396907,396908,396911,3,1
396907,396908,396912,4,1
396907,396908,396911,3,1
396907,396908,396911,3,1
396907,396908,396911,3,1
396907,396908,396912,4,1
396907,396908,396911,3,1
396907,396908,396911,3,1
396907,396908,396912,4,1
396907,396908,396911,3,1
396907,396908,396912,4,1
396907,396908,396911,3,1
396520,396521,396936,415,1
396938,396939,396940,1,1
396938,396939,396941,2,1
396938,396939,396941,2,1
396938,396939,396941,2,1
396938,396939,396941,2,1
396938,396939,396940,1,1
396938,396939,396940,1,1
396938,396939,396940,1,1
396938,396939,396940,1,1
396938,396939,396940,1,1
396938,396939,396940,1,1
396938,396939,396941,2,1
396938,396939,396941,2,1
396938,396939,396940,1,1
396938,396939,396940,1,1
396938,396939,396940,1,1
396938,396939,396940,1,1
396938,396939,396941,2,1
396938,396939,396940,1,1
396938,396939,396940,1,1
396938,396939,396940,1,1
396938,396939,396940,1,1
396938,396939,396941,2,1
396938,396939,396941,2,1
396938,396939,396942,3,1
396938,396939,396941,2,1
396938,396939,396942,3,1
396938,396939,396941,2,1
396938,396939,396942,3,1
396938,396939,396941,2,1
396938,396939,396942,3,1
396938,396939,396942,3,1
396938,396939,396942,3,1
396938,396939,396941,2,1
396938,396939,396942,3,1
396938,396939,396941,2,1
396938,396939,396941,2,1
396938,396939,396941,2,1
396938,396939,396942,3,1
396938,396939,396942,3,1
396938,396939,396942,3,1
396938,396939,396943,4,1
396938,396939,396942,3,1
396938,396939,396942,3,1
396938,396939,396942,3,1
396938,396939,396942,3,1
396938,396939,396943,4,1
396938,396939,396942,3,1
396938,396939,396943,4,1
396938,396939,396942,3,1
396938,396939,396942,3,1
396938,396939,396942,3,1
396938,396939,396942,3,1
396938,396939,396943,4,1
396938,396939,396943,4,1
396558,396559,396946,387,1
396946,396947,396948,1,1
396946,396947,396949,2,1
396946,396947,396948,1,1
396946,396947,396948,1,1
396946,396947,396948,1,1
396946,396947,396949,2,1
396946,396947,396949,2,1
396946,396947,396949,2,1
396946,396947,396948,1,1
396946,396947,396948,1,1
396946,396947,396949,2,1
396946,396947,396949,2,1
396946,396947,396949,2,1
396946,396947,396948,1,1
396946,396947,396949,2,1
396946,396947,396949,2,1
396946,396947,396949,2,1
396946,396947,396949,2,1
396946,396947,396949,2,1
396946,396947,396949,2,1
396946,396947,396950,3,1
396946,396947,396949,2,1
396946,396947,396950,3,1
396946,396947,396949,2,1
396946,396947,396949,2,1
396946,396947,396950,3,1
396946,396947,396949,2,1
396946,396949,396950,1,3
396946,396947,396949,2,1
396946,396947,396949,2,1
396946,396947,396949,2,1
396946,396949,396950,1,3
396946,396947,396949,2,1
396946,396947,396949,2,1
396946,396949,396950,1,3
396946,396947,396949,2,1
396946,396947,396950,3,1
396946,396947,396949,2,1
396946,396947,396949,2,1
396946,396947,396950,3,1
396946,396947,396949,2,1
396946,396947,396949,2,1
396946,396949,396950,1,3
396946,396949,396950,1,3
396946,396947,396950,3,1
396946,396947,396950,3,1
396946,396947,396950,3,1
396946,396947,396950,3,1
396946,396949,396950,1,3
396946,396947,396950,3,1
396946,396947,396950,3,1
396946,396947,396950,3,1
396946,396947,396950,3,1
396946,396947,396951,4,1
396946,396947,396950,3,1
396946,396947,396951,4,1
396946,396947,396951,4,1
396946,396947,396950,3,1
396946,396947,396951,4,1
396938,396954,396955,1,16
396938,396954,396956,2,16
396938,396954,396955,1,16
396938,396954,396956,2,16
396938,396954,396957,3,16
396938,396954,396957,3,16
396946,396947,396951,4,1
396946,396947,396950,3,1
396540,396541,396978,437,1
396985,396986,396987,1,1
396985,396985,396987,2,0
396985,396985,396987,2,0
396985,396985,396987,2,0
396985,396986,396987,1,1
396985,396986,396987,1,1
396985,396985,396987,2,0
396985,396986,396987,1,1
396985,396986,396987,1,1
396985,396985,396987,2,0
396985,396986,396987,1,1
396985,396986,396987,1,1
396985,396985,396987,2,0
396985,396985,396987,2,0
396985,396985,396987,2,0
396985,396985,396987,2,0
396985,396985,396987,2,0
396985,396985,396987,2,0
396985,396985,396987,2,0
396985,396986,396987,1,1
396985,396986,396987,1,1
396985,396986,396987,1,1
396985,396985,396987,2,0
396985,396985,396987,2,0
396985,396986,396987,1,1
396985,396985,396988,3,0
396985,396985,396988,3,0
396985,396985,396988,3,0
396985,396985,396988,3,0
396985,396985,396988,3,0
396985,396985,396988,3,0
396985,396985,396988,3,0
396985,396985,396988,3,0
396985,396986,396988,2,1
396985,396986,396988,2,1
396985,396986,396988,2,1
396985,396986,396989,3,1
396985,396985,396988,3,0
396985,396985,396988,3,0
396985,396985,396988,3,0
396985,396986,396988,2,1
396985,396986,396988,2,1
396985,396985,396989,4,0
396985,396985,396989,4,0
396985,396985,396989,4,0
396985,396985,396989,4,0
396985,396986,396989,3,1
396985,396986,396989,3,1
396985,396986,396989,3,1
396985,396985,396989,4,0
396985,396986,396989,3,1
396985,396986,396989,3,1
396985,396986,396990,4,1
396609,396609,397004,395,0
396570,396571,397005,434,1
396985,396985,396989,4,0
396985,396985,396989,4,0
396985,396985,396988,3,0
396985,396985,396988,3,0
396985,397005,397007,2,20
396985,397005,397007,2,20
396985,397005,397008,3,20
396985,397005,397008,3,20
397006,397008,397009,1,2
397006,397007,397008,1,1
397006,397007,397009,2,1
397006,397007,397008,1,1
397006,397007,397009,2,1
397006,397007,397008,1,1
397006,397007,397008,1,1
397006,397007,397008,1,1
397006,397007,397008,1,1
397006,397007,397008,1,1
397006,397007,397008,1,1
397006,397007,397008,1,1
397006,397007,397009,2,1
397006,397007,397008,1,1
397006,397007,397008,1,1
397006,397007,397008,1,1
397006,397007,397008,1,1
397006,397007,397008,1,1
397006,397007,397008,1,1
397006,397007,397009,2,1
397006,397007,397009,2,1
397006,397007,397009,2,1
397006,397007,397009,2,1
397006,397007,397009,2,1
397006,397007,397009,2,1
397006,397007,397009,2,1
397006,397007,397009,2,1
397006,397007,397009,2,1
397006,397007,397009,2,1
397006,397007,397009,2,1
397006,397007,397009,2,1
397006,397007,397009,2,1
397006,397007,397009,2,1
397006,397007,397009,2,1
397006,397007,397009,2,1
397006,397007,397010,3,1
397006,397007,397009,2,1
397006,397007,397009,2,1
397006,397007,397009,2,1
397006,397007,397009,2,1
397006,397007,397010,3,1
397006,397007,397009,2,1
397006,397007,397010,3,1
397006,397007,397010,3,1
397006,397007,397010,3,1
397006,397007,397010,3,1
397006,397007,397010,3,1
397006,397007,397010,3,1
397006,397009,397010,1,3
397006,397009,397010,1,3
397006,397007,397011,4,1
397006,397007,397010,3,1
397006,397009,397010,1,3
397006,397009,397010,1,3
397006,397007,397010,3,1
397006,397007,397011,4,1
397006,397007,397010,3,1
397006,397009,397011,2,3
397006,397007,397011,4,1
397006,397009,397010,1,3
397006,397009,397010,1,3
397006,397009,397010,1,3
397006,397009,397010,1,3
397006,397009,397010,1,3
397006,397009,397010,1,3
397006,397007,397010,3,1
397006,397007,397011,4,1
397006,397009,397010,1,3
397006,397009,397010,1,3
397006,397009,397010,1,3
397006,397009,397010,1,3
397006,397009,397011,2,3
397006,397007,397010,3,1
397006,397007,397010,3,1
397006,397009,397010,1,3
397006,397007,397011,4,1
397006,397009,397012,3,3
397006,397011,397012,1,5
397006,397009,397011,2,3
397006,397009,397012,3,3
397006,397009,397012,3,3
397006,397010,397012,2,4
397006,397011,397012,1,5
397006,397011,397012,1,5
397006,397010,397012,2,4
397006,397011,397013,2,5
397006,397011,397012,1,5
397006,397010,397013,3,4
397006,397011,397013,2,5
397006,397010,397013,3,4
397006,397011,397013,2,5
397006,397011,397012,1,5
397006,397010,397013,3,4
397006,397010,397013,3,4
397006,397010,397013,3,4
397006,397011,397012,1,5
397006,397010,397013,3,4
397006,397011,397012,1,5
397006,397011,397012,1,5
397006,397011,397012,1,5
397006,397010,397013,3,4
397006,397011,397012,1,5
397006,397011,397012,1,5
397006,397011,397012,1,5
397006,397010,397012,2,4
397006,397010,397012,2,4
397006,397010,397013,3,4
397006,397010,397013,3,4
397006,397010,397012,2,4
397006,397010,397012,2,4
397006,397010,397012,2,4
397006,397011,397012,1,5
397006,397010,397013,3,4
397006,397010,397013,3,4
397006,397010,397013,3,4
397006,397010,397013,3,4
397006,397010,397013,3,4
397006,397010,397013,3,4
397006,397010,397014,4,4
397006,397010,397014,4,4
396572,396574,397029,455,2
397034,397035,397037,2,1
397034,397035,397037,2,1
397034,397035,397037,2,1
397034,397035,397036,1,1
397034,397035,397037,2,1
397034,397035,397036,1,1
397034,397035,397037,2,1
397034,397035,397036,1,1
397034,397035,397036,1,1
397034,397035,397036,1,1
397034,397035,397036,1,1
397034,397035,397036,1,1
397034,397035,397036,1,1
397034,397035,397036,1,1
397034,397035,397036,1,1
397034,397035,397036,1,1
397034,397035,397037,2,1
397034,397035,397037,2,1
397034,397035,397037,2,1
397034,397035,397036,1,1
397034,397035,397037,2,1
397034,397035,397037,2,1
397034,397035,397037,2,1
397034,397035,397037,2,1
397034,397035,397037,2,1
397034,397035,397037,2,1
397034,397035,397037,2,1
397034,397035,397037,2,1
397034,397035,397037,2,1
397034,397035,397037,2,1
397034,397035,397037,2,1
397034,397035,397038,3,1
397034,397035,397037,2,1
397034,397035,397037,2,1
397034,397035,397037,2,1
397034,397035,397037,2,1
397034,397035,397037,2,1
397034,397035,397037,2,1
397034,397035,397038,3,1
397034,397035,397037,2,1
397034,397035,397038,3,1
397034,397035,397038,3,1
397034,397035,397038,3,1
397034,397035,397038,3,1
397034,397035,397038,3,1
397034,397035,397039,4,1
397034,397035,397039,4,1
397034,397035,397038,3,1
397034,397035,397038,3,1
397034,397035,397039,4,1
397034,397035,397038,3,1
397034,397035,397038,3,1
397034,397035,397039,4,1
397034,397035,397038,3,1
397034,397035,397038,3,1
397034,397035,397039,4,1
397034,397035,397039,4,1
397034,397035,397038,3,1
397034,397035,397038,3,1
397034,397035,397039,4,1
397034,397035,397039,4,1
396623,396624,397070,446,1
397072,397073,397075,2,1
397072,397073,397074,1,1
397072,397073,397074,1,1
397072,397073,397075,2,1
397072,397073,397074,1,1
397072,397073,397074,1,1
397072,397073,397074,1,1
397072,397073,397074,1,1
397072,397073,397074,1,1
397072,397073,397074,1,1
397072,397073,397074,1,1
397072,397073,397074,1,1
397072,397073,397074,1,1
397072,397073,397074,1,1
397072,397073,397074,1,1
397072,397073,397074,1,1
397072,397073,397074,1,1
397072,397073,397074,1,1
397072,397073,397074,1,1
397072,397073,397074,1,1
397072,397073,397075,2,1
397072,397073,397075,2,1
397072,397073,397075,2,1
397072,397073,397076,3,1
397072,397073,397075,2,1
397072,397073,397075,2,1
397072,397073,397075,2,1
397072,397073,397075,2,1
397072,397073,397075,2,1
397072,397073,397075,2,1
397072,397073,397075,2,1
397072,397073,397075,2,1
397072,397073,397075,2,1
397072,397073,397075,2,1
397072,397073,397075,2,1
397072,397073,397075,2,1
397072,397073,397075,2,1
397072,397073,397075,2,1
397072,397073,397075,2,1
397072,397073,397075,2,1
397072,397073,397075,2,1
397072,397073,397075,2,1
397072,397073,397075,2,1
397072,397073,397075,2,1
397072,397073,397075,2,1
397072,397073,397076,3,1
397072,397073,397076,3,1
397072,397073,397076,3,1
397072,397073,397076,3,1
397072,397073,397076,3,1
397072,397073,397076,3,1
397072,397073,397076,3,1
397072,397073,397077,4,1
397072,397073,397076,3,1
397072,397073,397076,3,1
397072,397073,397076,3,1
397072,397073,397076,3,1
397072,397073,397076,3,1
397072,397073,397076,3,1
397072,397073,397077,4,1
397072,397073,397076,3,1
396674,396675,397078,403,1
396681,396682,397079,397,1
396658,396659,397094,435,1
397098,397098,397099,1,0
397098,397098,397100,2,0
397098,397098,397100,2,0
397098,397098,397100,2,0
397098,397098,397099,1,0
397098,397098,397100,2,0
397098,397098,397100,2,0
397098,397098,397100,2,0
397098,397098,397100,2,0
397098,397098,397100,2,0
397098,397098,397100,2,0
397098,397098,397100,2,0
397098,397098,397100,2,0
397098,397098,397100,2,0
397098,397098,397100,2,0
397098,397098,397100,2,0
397098,397098,397100,2,0
397098,397098,397100,2,0
397098,397098,397100,2,0
397098,397098,397100,2,0
397098,397099,397100,1,1
397098,397098,397100,2,0
397098,397098,397100,2,0
397098,397098,397100,2,0
397098,397098,397100,2,0
397098,397098,397101,3,0
397098,397098,397101,3,0
397098,397098,397101,3,0
397098,397098,397101,3,0
397098,397100,397101,1,2
397098,397098,397100,2,0
397098,397098,397101,3,0
397098,397098,397101,3,0
397098,397098,397100,2,0
397098,397098,397100,2,0
397098,397098,397101,3,0
397098,397098,397101,3,0
397098,397098,397101,3,0
397098,397098,397101,3,0
397098,397098,397101,3,0
397098,397098,397100,2,0
397098,397098,397101,3,0
397098,397098,397101,3,0
397098,397098,397101,3,0
397098,397098,397101,3,0
397098,397098,397101,3,0
397098,397099,397101,2,1
397098,397099,397100,1,1
397098,397098,397100,2,0
397098,397098,397101,3,0
397098,397098,397101,3,0
397098,397098,397101,3,0
397098,397098,397101,3,0
397098,397098,397101,3,0
397098,397098,397102,4,0
397098,397100,397101,1,2
397098,397098,397102,4,0
397098,397100,397101,1,2
397098,397100,397101,1,2
397098,397100,397102,2,2
397098,397100,397102,2,2
397098,397100,397102,2,2
397098,397100,397102,2,2
397098,397098,397102,4,0
397098,397098,397101,3,0
397098,397100,397102,2,2
397098,397100,397102,2,2
397098,397100,397102,2,2
397098,397100,397101,1,2
397098,397098,397101,3,0
397098,397100,397102,2,2
397098,397100,397102,2,2
397098,397100,397102,2,2
397098,397100,397102,2,2
397098,397098,397102,4,0
397098,397098,397102,4,0
397098,397100,397102,2,2
397098,397099,397102,3,1
397098,397102,397103,1,4
397098,397102,397103,1,4
397098,397102,397103,1,4
397098,397102,397103,1,4
397098,397102,397103,1,4
397098,397102,397103,1,4
397098,397100,397103,3,2
397098,397100,397103,3,2
397098,397100,397103,3,2
397098,397101,397103,2,3
397098,397101,397103,2,3
397098,397101,397103,2,3
397098,397102,397103,1,4
397098,397102,397104,2,4
397098,397101,397103,2,3
397098,397100,397103,3,2
397098,397100,397103,3,2
397098,397100,397103,3,2
397098,397101,397103,2,3
397100,397103,397104,1,3
397098,397099,397103,4,1
397098,397099,397104,5,1
397098,397101,397104,3,3
397098,397101,397104,3,3
397098,397101,397104,3,3
397098,397102,397103,1,4
397098,397101,397104,3,3
397098,397101,397104,3,3
397098,397102,397103,1,4
397098,397101,397104,3,3
397098,397101,397104,3,3
397098,397101,397104,3,3
397098,397101,397104,3,3
397098,397101,397104,3,3
397098,397101,397104,3,3
397100,397102,397104,2,2
397098,397101,397104,3,3
397100,397103,397104,1,3
397100,397103,397104,1,3
397100,397103,397104,1,3
397100,397103,397104,1,3
397100,397103,397104,1,3
397100,397103,397104,1,3
397098,397101,397104,3,3
397098,397101,397104,3,3
397098,397101,397104,3,3
397098,397101,397104,3,3
397100,397103,397104,1,3
397100,397103,397104,1,3
397098,397101,397104,3,3
397098,397101,397104,3,3
397098,397101,397104,3,3
397100,397103,397104,1,3
397100,397103,397104,1,3
397100,397103,397104,1,3
397098,397101,397104,3,3
397098,397101,397104,3,3
397100,397103,397104,1,3
397100,397103,397104,1,3
397100,397103,397105,2,3
397100,397103,397104,1,3
397100,397103,397105,2,3
397098,397101,397105,4,3
397100,397103,397106,3,3
397100,397104,397105,1,4
397100,397105,397106,1,5
397100,397105,397106,1,5
397100,397105,397106,1,5
397100,397105,397106,1,5
397100,397105,397106,1,5
397100,397105,397106,1,5
397100,397105,397106,1,5
397098,397099,397105,6,1
397100,397104,397106,2,4
397100,397105,397107,2,5
397100,397105,397107,2,5
397100,397105,397106,1,5
397100,397105,397106,1,5
397100,397105,397106,1,5
397100,397104,397106,2,4
397100,397104,397106,2,4
397100,397104,397107,3,4
397100,397104,397106,2,4
397100,397104,397107,3,4
397100,397104,397107,3,4
397100,397104,397106,2,4
397100,397104,397106,2,4
397100,397104,397106,2,4
397100,397105,397106,1,5
397100,397105,397106,1,5
397100,397104,397107,3,4
397100,397104,397107,3,4
397100,397104,397107,3,4
397100,397104,397107,3,4
397100,397104,397106,2,4
397100,397105,397106,1,5
397100,397105,397106,1,5
397100,397105,397106,1,5
397100,397104,397107,3,4
397100,397104,397107,3,4
397100,397104,397107,3,4
397100,397104,397106,2,4
397100,397104,397106,2,4
397100,397105,397107,2,5
397100,397105,397107,2,5
397100,397104,397107,3,4
397100,397104,397107,3,4
396643,396645,397111,466,2
396731,396732,397113,381,1
396702,396703,397126,423,1
397136,397137,397138,1,1
397136,397137,397138,1,1
397136,397137,397138,1,1
397136,397137,397138,1,1
397136,397136,397138,2,0
397136,397137,397138,1,1
397136,397137,397138,1,1
397136,397136,397138,2,0
397136,397136,397138,2,0
397136,397136,397138,2,0
397136,397137,397138,1,1
397136,397137,397138,1,1
397136,397137,397138,1,1
397136,397136,397138,2,0
397136,397137,397138,1,1
397136,397137,397138,1,1
397136,397136,397138,2,0
397136,397137,397138,1,1
397136,397137,397138,1,1
397136,397137,397139,2,1
397136,397137,397138,1,1
397136,397138,397139,1,2
397136,397136,397138,2,0
397136,397136,397138,2,0
397136,397137,397138,1,1
397136,397137,397138,1,1
397136,397137,397139,2,1
397136,397137,397139,2,1
397136,397137,397139,2,1
397136,397137,397140,3,1
397136,397137,397139,2,1
397136,397137,397139,2,1
397136,397137,397139,2,1
397136,397137,397139,2,1
397136,397137,397140,3,1
397136,397137,397139,2,1
397136,397139,397140,1,3
397136,397139,397140,1,3
397136,397137,397139,2,1
397136,397137,397139,2,1
397136,397137,397139,2,1
397136,397137,397139,2,1
397136,397137,397139,2,1
397136,397137,397139,2,1
397136,397136,397139,3,0
397136,397137,397139,2,1
397136,397137,397139,2,1
397136,397136,397139,3,0
397136,397137,397139,2,1
397136,397137,397139,2,1
397136,397137,397139,2,1
397136,397137,397140,3,1
397136,397137,397139,2,1
397136,397137,397140,3,1
397136,397137,397140,3,1
397136,397137,397141,4,1
397136,397137,397140,3,1
397136,397139,397140,1,3
397136,397139,397140,1,3
397136,397139,397140,1,3
397136,397139,397140,1,3
397136,397136,397140,4,0
397136,397139,397140,1,3
397136,397136,397140,4,0
397136,397137,397140,3,1
397136,397139,397140,1,3
397136,397139,397140,1,3
397136,397139,397141,2,3
397136,397136,397140,4,0
397136,397139,397140,1,3
397136,397139,397140,1,3
397136,397139,397140,1,3
397136,397136,397140,4,0
397136,397139,397140,1,3
397136,397137,397141,4,1
397136,397139,397140,1,3
397136,397139,397141,2,3
397136,397139,397140,1,3
397136,397137,397141,4,1
397136,397136,397140,4,0
397136,397141,397142,1,5
397136,397141,397142,1,5
397136,397139,397142,3,3
397136,397139,397142,3,3
397136,397140,397142,2,4
397136,397140,397142,2,4
397136,397140,397142,2,4
397136,397140,397142,2,4
397136,397140,397142,2,4
397136,397139,397142,3,3
397136,397139,397142,3,3
397136,397139,397142,3,3
397136,397140,397142,2,4
397136,397140,397141,1,4
397136,397140,397141,1,4
397136,397139,397141,2,3
397136,397139,397142,3,3
397136,397139,397142,3,3
397136,397140,397141,1,4
397136,397140,397141,1,4
397136,397140,397141,1,4
397136,397140,397143,3,4
397136,397140,397143,3,4
397136,397141,397142,1,5
397136,397141,397142,1,5
397136,397141,397142,1,5
397136,397140,397142,2,4
397136,397140,397143,3,4
397136,397140,397143,3,4
397136,397140,397143,3,4
397136,397140,397143,3,4
397136,397140,397142,2,4
397136,397140,397142,2,4
397136,397140,397143,3,4
397136,397140,397142,2,4
397136,397140,397142,2,4
397136,397140,397142,2,4
397136,397139,397142,3,3
397136,397140,397143,3,4
397136,397140,397143,3,4
397142,397142,397144,2,0
397142,397142,397144,2,0
397142,397142,397144,2,0
397142,397142,397144,2,0
397142,397142,397144,2,0
397142,397142,397144,2,0
397142,397142,397144,2,0
397142,397142,397143,1,0
397142,397142,397144,2,0
397142,397143,397144,1,1
397142,397142,397143,1,0
397142,397142,397144,2,0
397142,397142,397143,1,0
397142,397143,397144,1,1
397142,397143,397144,1,1
397142,397142,397143,1,0
397142,397143,397144,1,1
397142,397142,397145,3,0
397142,397143,397145,2,1
397142,397143,397145,2,1
397142,397142,397144,2,0
397142,397142,397145,3,0
397142,397142,397145,3,0
397142,397142,397145,3,0
397142,397143,397144,1,1
397142,397143,397144,1,1
397142,397143,397145,2,1
397142,397144,397145,1,2
397142,397142,397145,3,0
397142,397142,397145,3,0
397142,397142,397145,3,0
397142,397143,397144,1,1
397142,397142,397145,3,0
397142,397143,397146,3,1
397142,397142,397146,4,0
397142,397142,397145,3,0
397142,397142,397145,3,0
397142,397143,397145,2,1
397142,397142,397146,4,0
397142,397142,397145,3,0
397142,397142,397146,4,0
397142,397142,397146,4,0
397142,397142,397145,3,0
397142,397142,397145,3,0
397142,397142,397145,3,0
397142,397142,397146,4,0
397142,397142,397145,3,0
397142,397142,397145,3,0
397142,397142,397145,3,0
397142,397142,397145,3,0
397142,397142,397146,4,0
397142,397142,397144,2,0
397142,397142,397144,2,0
397142,397142,397144,2,0
397142,397142,397144,2,0
397142,397163,397164,1,21
397136,397140,397143,3,4
397142,397163,397164,1,21
397142,397165,397167,2,23
397142,397165,397167,2,23
397142,397165,397167,2,23
397142,397165,397167,2,23
397142,397165,397167,2,23
396837,396838,397247,409,1
397248,397248,397250,2,0
397248,397248,397250,2,0
397248,397248,397250,2,0
397248,397248,397250,2,0
397248,397248,397250,2,0
397248,397248,397250,2,0
397248,397248,397250,2,0
397248,397248,397250,2,0
397248,397248,397250,2,0
397248,397248,397250,2,0
397248,397248,397250,2,0
397248,397248,397250,2,0
397248,397248,397250,2,0
397248,397248,397250,2,0
397248,397248,397250,2,0
397248,397248,397250,2,0
397248,397248,397250,2,0
397248,397248,397250,2,0
397248,397248,397250,2,0
397248,397248,397250,2,0
397248,397248,397250,2,0
397248,397248,397250,2,0
397248,397248,397250,2,0
397248,397248,397250,2,0
397248,397248,397250,2,0
397248,397248,397250,2,0
397248,397248,397250,2,0
397248,397248,397251,3,0
397248,397249,397251,2,1
397248,397249,397251,2,1
397248,397248,397251,3,0
397248,397248,397251,3,0
397248,397248,397251,3,0
397248,397248,397251,3,0
397248,397248,397251,3,0
397248,397248,397251,3,0
397248,397248,397251,3,0
397248,397248,397251,3,0
397248,397248,397251,3,0
397248,397248,397251,3,0
397248,397248,397251,3,0
397248,397248,397251,3,0
397248,397248,397251,3,0
397248,397248,397251,3,0
397248,397250,397251,1,2
397248,397248,397252,4,0
397248,397249,397252,3,1
397248,397249,397252,3,1
397248,397249,397251,2,1
397248,397248,397252,4,0
397248,397248,397252,4,0
397248,397248,397252,4,0
397248,397248,397252,4,0
397248,397248,397252,4,0
397248,397248,397252,4,0
397248,397248,397252,4,0
397248,397248,397252,4,0
397248,397248,397252,4,0
397248,397248,397252,4,0
397248,397248,397252,4,0
397248,397248,397252,4,0
397248,397248,397253,5,0
396812,396813,397257,444,1
396831,396832,397260,428,1
397267,397267,397268,1,0
397267,397267,397268,1,0
397267,397267,397269,2,0
397267,397267,397269,2,0
397267,397267,397269,2,0
397267,397267,397269,2,0
397267,397267,397269,2,0
397267,397267,397269,2,0
397267,397267,397269,2,0
397267,397267,397268,1,0
397267,397267,397268,1,0
397267,397267,397268,1,0
397267,397267,397269,2,0
397267,397267,397268,1,0
397267,397267,397269,2,0
397267,397267,397269,2,0
397267,397267,397268,1,0
397267,397267,397269,2,0
397267,397267,397269,2,0
397267,397267,397269,2,0
397267,397267,397269,2,0
397267,397267,397269,2,0
397267,397267,397269,2,0
397267,397267,397269,2,0
397267,397267,397269,2,0
397267,397267,397269,2,0
397267,397267,397269,2,0
397267,397267,397269,2,0
397267,397267,397270,3,0
397267,397267,397269,2,0
397267,397267,397270,3,0
397267,397267,397269,2,0
397267,397267,397269,2,0
397269,397269,397270,1,0
397267,397267,397270,3,0
397267,397267,397269,2,0
397267,397267,397270,3,0
397267,397267,397270,3,0
397267,397267,397270,3,0
397267,397267,397269,2,0
397267,397267,397270,3,0
397267,397267,397270,3,0
397267,397267,397269,2,0
397267,397267,397270,3,0
397267,397267,397270,3,0
397269,397269,397270,1,0
397269,397269,397270,1,0
397269,397269,397270,1,0
397269,397269,397270,1,0
397269,397269,397270,1,0
397267,397267,397271,4,0
397267,397267,397270,3,0
397269,397269,397270,1,0
397267,397267,397271,4,0
397267,397267,397271,4,0
397267,397267,397270,3,0
397269,397269,397270,1,0
397267,397267,397271,4,0
397267,397267,397270,3,0
397267,397267,397271,4,0
397267,397267,397270,3,0
397269,397269,397271,2,0
397269,397269,397271,2,0
397267,397267,397271,4,0
397267,397267,397270,3,0
397269,397269,397270,1,0
397269,397269,397270,1,0
397269,397269,397271,2,0
397267,397267,397271,4,0
397267,397267,397270,3,0
397269,397269,397270,1,0
397269,397269,397271,2,0
397267,397267,397270,3,0
397267,397267,397270,3,0
397269,397269,397271,2,0
397269,397269,397271,2,0
397267,397267,397271,4,0
397267,397267,397271,4,0
397269,397269,397270,1,0
397269,397269,397270,1,0
397267,397267,397271,4,0
397269,397271,397272,1,2
397269,397269,397272,3,0
397269,397269,397272,3,0
397269,397270,397272,2,1
397269,397269,397272,3,0
397269,397269,397271,2,0
397269,397269,397272,3,0
397269,397271,397272,1,2
397269,397269,397272,3,0
397269,397271,397272,1,2
397269,397271,397272,1,2
397269,397271,397272,1,2
397269,397271,397272,1,2
397269,397270,397273,3,1
397269,397271,397273,2,2
397269,397271,397273,2,2
397269,397271,397273,2,2
397269,397271,397273,2,2
397269,397271,397273,2,2
397269,397270,397273,3,1
397269,397270,397273,3,1
397269,397271,397272,1,2
397269,397271,397273,2,2
397269,397271,397273,2,2
397269,397271,397272,1,2
397269,397269,397273,4,0
397269,397270,397273,3,1
397269,397270,397272,2,1
397269,397270,397273,3,1
397269,397269,397273,4,0
397269,397270,397273,3,1
397269,397270,397273,3,1
397269,397270,397273,3,1
397269,397270,397273,3,1
397269,397270,397273,3,1
397269,397270,397273,3,1
397269,397270,397273,3,1
397269,397270,397273,3,1
397269,397270,397273,3,1
397269,397270,397273,3,1
397269,397271,397273,2,2
397269,397271,397273,2,2
397269,397271,397273,2,2
396856,396858,397276,418,2
396909,396910,397286,376,1
397286,397286,397287,1,0
397286,397286,397287,1,0
397286,397286,397288,2,0
397286,397286,397288,2,0
397286,397286,397288,2,0
397286,397286,397288,2,0
397286,397286,397288,2,0
397286,397286,397288,2,0
397286,397286,397287,1,0
397286,397286,397288,2,0
397286,397286,397287,1,0
397286,397286,397287,1,0
397286,397286,397287,1,0
397286,397286,397288,2,0
397286,397286,397288,2,0
397286,397286,397287,1,0
397286,397286,397288,2,0
397286,397286,397288,2,0
397286,397286,397288,2,0
397286,397286,397288,2,0
397286,397286,397288,2,0
397286,397286,397288,2,0
397286,397286,397288,2,0
397286,397286,397288,2,0
397286,397286,397287,1,0
397286,397286,397288,2,0
397286,397286,397288,2,0
397286,397286,397289,3,0
397286,397286,397289,3,0
397286,397286,397289,3,0
397286,397286,397288,2,0
397286,397286,397289,3,0
397286,397286,397288,2,0
397286,397286,397288,2,0
397286,397286,397288,2,0
397286,397286,397289,3,0
397286,397286,397288,2,0
397286,397286,397289,3,0
397286,397286,397289,3,0
397286,397286,397289,3,0
397286,397286,397288,2,0
397286,397286,397289,3,0
397286,397286,397289,3,0
397286,397286,397288,2,0
397286,397286,397290,4,0
397286,397286,397290,4,0
397286,397286,397289,3,0
397286,397286,397290,4,0
397286,397286,397289,3,0
397286,397286,397290,4,0
397286,397286,397289,3,0
397286,397286,397289,3,0
397286,397286,397289,3,0
397286,397286,397289,3,0
397286,397286,397289,3,0
397286,397286,397289,3,0
397286,397286,397289,3,0
397286,397286,397290,4,0
397286,397286,397289,3,0
397286,397286,397290,4,0
397286,397286,397290,4,0
396895,396896,397293,397,1
397302,397302,397304,2,0
397302,397303,397304,1,1
397302,397302,397304,2,0
397302,397302,397304,2,0
397302,397303,397304,1,1
397302,397303,397304,1,1
397302,397302,397304,2,0
397302,397302,397304,2,0
397302,397302,397304,2,0
397302,397302,397304,2,0
397302,397302,397304,2,0
397302,397302,397304,2,0
397302,397302,397304,2,0
397302,397302,397304,2,0
397302,397302,397304,2,0
397302,397303,397304,1,1
397302,397302,397304,2,0
397302,397302,397304,2,0
397302,397303,397304,1,1
397302,397302,397304,2,0
397302,397302,397304,2,0
397302,397303,397304,1,1
397302,397303,397304,1,1
397302,397302,397304,2,0
397302,397302,397304,2,0
397302,397303,397305,2,1
397302,397303,397304,1,1
397302,397302,397305,3,0
397302,397302,397305,3,0
397302,397302,397305,3,0
397302,397302,397305,3,0
397302,397303,397305,2,1
397302,397302,397305,3,0
397302,397302,397305,3,0
397302,397302,397306,4,0
397302,397302,397305,3,0
397302,397303,397305,2,1
397302,397303,397305,2,1
397302,397302,397305,3,0
397302,397303,397306,3,1
397302,397303,397305,2,1
397302,397302,397306,4,0
397302,397303,397306,3,1
397305,397305,397306,1,0
397305,397305,397306,1,0
397305,397305,397306,1,0
397305,397305,397306,1,0
397302,397302,397306,4,0
397305,397305,397306,1,0
397305,397305,397306,1,0
397305,397305,397306,1,0
397302,397302,397307,5,0
397302,397303,397306,3,1
397305,397305,397306,1,0
397305,397305,397306,1,0
397305,397305,397306,1,0
397302,397302,397307,5,0
397302,397303,397306,3,1
397305,397305,397306,1,0
397305,397305,397306,1,0
397302,397302,397306,4,0
397302,397302,397306,4,0
397305,397305,397306,1,0
396883,396884,397306,422,1
397302,397302,397306,4,0
397302,397302,397306,4,0
397305,397305,397306,1,0
397305,397305,397307,2,0
397305,397305,397306,1,0
397302,397302,397306,4,0
397305,397305,397306,1,0
397305,397305,397306,1,0
397305,397305,397306,1,0
397302,397303,397306,3,1
397305,397305,397306,1,0
397305,397305,397307,2,0
397302,397302,397306,4,0
397302,397302,397306,4,0
397305,397305,397306,1,0
397302,397302,397307,5,0
397305,397305,397307,2,0
397305,397305,397308,3,0
397305,397305,397307,2,0
397305,397306,397309,3,1
397305,397306,397309,3,1
397305,397306,397308,2,1
397305,397306,397308,2,1
397305,397306,397308,2,1
397305,397306,397308,2,1
397305,397307,397309,2,2
397305,397307,397309,2,2
397305,397306,397309,3,1
397305,397306,397309,3,1
397305,397307,397309,2,2
397305,397307,397308,1,2
397305,397307,397308,1,2
397305,397306,397309,3,1
397305,397307,397308,1,2
397305,397307,397308,1,2
397305,397307,397308,1,2
397305,397307,397309,2,2
397305,397307,397309,2,2
397305,397307,397308,1,2
397305,397306,397309,3,1
397305,397307,397309,2,2
397305,397307,397309,2,2
397305,397307,397309,2,2
397305,397307,397309,2,2
397305,397306,397309,3,1
397305,397306,397309,3,1
397305,397307,397309,2,2
397305,397307,397309,2,2
397305,397307,397310,3,2
397305,397307,397309,2,2
397305,397306,397309,3,1
397305,397306,397309,3,1
397305,397307,397309,2,2
397305,397306,397309,3,1
397305,397307,397309,2,2
397309,397309,397310,1,0
397309,397309,397310,1,0
397309,397309,397311,2,0
397309,397309,397310,1,0
397309,397309,397311,2,0
397309,397309,397311,2,0
397286,397286,397288,2,0
397309,397309,397310,1,0
397309,397309,397311,2,0
397309,397309,397311,2,0
397309,397309,397311,2,0
397309,397309,397311,2,0
397309,397309,397311,2,0
397309,397309,397311,2,0
397309,397309,397311,2,0
397309,397309,397311,2,0
397309,397309,397310,1,0
397309,397309,397311,2,0
397309,397309,397311,2,0
397309,397309,397311,2,0
397309,397309,397311,2,0
397309,397309,397312,3,0
397309,397309,397312,3,0
397309,397309,397311,2,0
397309,397309,397311,2,0
397309,397310,397312,2,1
397309,397309,397312,3,0
397309,397311,397312,1,2
397309,397311,397312,1,2
397309,397311,397312,1,2
397309,397309,397312,3,0
397309,397310,397312,2,1
397309,397310,397312,2,1
397309,397310,397312,2,1
397309,397310,397312,2,1
397309,397310,397312,2,1
397309,397310,397312,2,1
397309,397310,397312,2,1
397309,397310,397312,2,1
397309,397310,397312,2,1
397309,397309,397312,3,0
397309,397309,397312,3,0
397309,397309,397312,3,0
397302,397311,397312,1,9
397302,397311,397312,1,9
397302,397311,397312,1,9
397302,397311,397312,1,9
397309,397311,397313,2,2
397309,397309,397313,4,0
397309,397309,397312,3,0
397309,397311,397312,1,2
397309,397309,397313,4,0
397309,397309,397313,4,0
397309,397309,397313,4,0
397309,397309,397312,3,0
397309,397309,397313,4,0
397309,397309,397313,4,0
397309,397309,397313,4,0
397309,397309,397313,4,0
397309,397309,397313,4,0
397309,397309,397313,4,0
397309,397309,397313,4,0
397309,397309,397313,4,0
397309,397309,397313,4,0
397309,397309,397313,4,0
397309,397310,397313,3,1
396948,396949,397347,398,1
397352,397352,397354,2,0
397352,397353,397354,1,1
397352,397352,397354,2,0
397352,397352,397354,2,0
397352,397352,397353,1,0
397352,397352,397354,2,0
397352,397352,397354,2,0
397352,397353,397354,1,1
397352,397353,397354,1,1
397352,397353,397354,1,1
397352,397352,397354,2,0
397352,397352,397354,2,0
397352,397352,397354,2,0
397352,397352,397354,2,0
397352,397352,397354,2,0
397352,397352,397354,2,0
397352,397352,397354,2,0
397352,397352,397354,2,0
397352,397352,397354,2,0
397352,397352,397354,2,0
397352,397352,397355,3,0
397352,397352,397354,2,0
397352,397352,397355,3,0
397352,397352,397354,2,0
397352,397352,397354,2,0
397352,397353,397355,2,1
397352,397353,397355,2,1
397352,397353,397355,2,1
397352,397353,397355,2,1
397352,397353,397355,2,1
397352,397353,397355,2,1
397352,397352,397355,3,0
397352,397352,397355,3,0
397352,397352,397355,3,0
397352,397352,397355,3,0
397352,397352,397355,3,0
397352,397352,397355,3,0
397352,397352,397354,2,0
397352,397352,397354,2,0
397352,397352,397355,3,0
397352,397352,397356,4,0
397352,397352,397355,3,0
397352,397352,397356,4,0
397352,397352,397356,4,0
397352,397352,397356,4,0
397352,397352,397355,3,0
397352,397352,397356,4,0
397352,397352,397355,3,0
397352,397353,397356,3,1
397352,397353,397356,3,1
397352,397352,397356,4,0
397352,397352,397355,3,0
397352,397352,397356,4,0
397352,397353,397356,3,1
397352,397353,397357,4,1
397352,397357,397358,1,5
397352,397357,397358,1,5
397352,397357,397358,1,5
397352,397357,397359,2,5
397352,397357,397360,3,5
397352,397357,397360,3,5
396940,396941,397396,455,1
397397,397397,397399,2,0
397397,397397,397399,2,0
397397,397397,397399,2,0
397397,397397,397399,2,0
397397,397397,397399,2,0
397397,397397,397399,2,0
397397,397397,397399,2,0
397397,397397,397399,2,0
397397,397397,397399,2,0
397397,397397,397399,2,0
397397,397397,397399,2,0
397397,397397,397399,2,0
397397,397397,397399,2,0
397397,397397,397399,2,0
397397,397397,397399,2,0
397397,397397,397399,2,0
397397,397397,397399,2,0
397397,397397,397399,2,0
397397,397397,397399,2,0
397397,397397,397399,2,0
397397,397397,397399,2,0
397397,397397,397399,2,0
397397,397397,397399,2,0
397397,397397,397400,3,0
397397,397397,397399,2,0
397397,397397,397400,3,0
397397,397397,397400,3,0
397397,397397,397400,3,0
397397,397397,397399,2,0
397397,397397,397400,3,0
397397,397397,397399,2,0
397397,397397,397400,3,0
397397,397397,397400,3,0
397397,397397,397400,3,0
397397,397397,397400,3,0
397397,397397,397399,2,0
397397,397397,397400,3,0
397397,397397,397400,3,0
397397,397397,397400,3,0
397397,397397,397400,3,0
397397,397397,397399,2,0
397011,397011,397400,389,0
397397,397397,397401,4,0
397397,397397,397401,4,0
397397,397397,397400,3,0
397397,397397,397401,4,0
397397,397397,397400,3,0
397397,397397,397400,3,0
397397,397397,397400,3,0
397397,397397,397400,3,0
397397,397397,397401,4,0
397397,397397,397401,4,0
397397,397397,397400,3,0
397397,397397,397400,3,0
397397,397397,397401,4,0
397397,397397,397401,4,0
397397,397397,397400,3,0
397397,397397,397401,4,0
396987,396988,397402,414,1
397403,397403,397405,2,0
397403,397403,397405,2,0
397403,397403,397405,2,0
397403,397403,397405,2,0
397403,397403,397405,2,0
397403,397403,397405,2,0
397403,397403,397405,2,0
397403,397403,397405,2,0
397403,397403,397405,2,0
397403,397403,397405,2,0
397403,397403,397405,2,0
397403,397403,397405,2,0
397403,397403,397405,2,0
397403,397403,397405,2,0
397403,397403,397405,2,0
397403,397403,397405,2,0
397403,397403,397405,2,0
397403,397403,397405,2,0
397403,397403,397405,2,0
397403,397403,397405,2,0
397403,397403,397405,2,0
397403,397403,397405,2,0
397403,397403,397405,2,0
397403,397403,397406,3,0
397403,397403,397406,3,0
397403,397403,397406,3,0
397403,397403,397406,3,0
397403,397405,397406,1,2
397403,397405,397406,1,2
397403,397403,397406,3,0
397403,397403,397406,3,0
397403,397403,397406,3,0
397403,397403,397406,3,0
397403,397403,397406,3,0
397403,397403,397406,3,0
397403,397403,397406,3,0
397403,397403,397406,3,0
397403,397403,397406,3,0
397403,397403,397406,3,0
397403,397403,397406,3,0
397403,397403,397406,3,0
397403,397403,397406,3,0
397403,397405,397407,2,2
397403,397403,397407,4,0
397403,397403,397407,4,0
397403,397403,397407,4,0
397403,397403,397407,4,0
397403,397403,397407,4,0
397405,397405,397407,2,0
397403,397403,397407,4,0
397403,397403,397407,4,0
397403,397403,397407,4,0
397405,397405,397407,2,0
397405,397405,397407,2,0
397403,397403,397407,4,0
397403,397403,397407,4,0
397403,397405,397407,2,2
397403,397403,397407,4,0
397403,397403,397407,4,0
397405,397405,397407,2,0
397405,397406,397407,1,1
397405,397406,397407,1,1
397405,397406,397407,1,1
397403,397403,397407,4,0
397405,397406,397407,1,1
397405,397406,397407,1,1
397405,397406,397407,1,1
397403,397403,397407,4,0
397403,397403,397407,4,0
397405,397406,397407,1,1
397405,397406,397407,1,1
397405,397406,397407,1,1
397403,397403,397407,4,0
397403,397403,397408,5,0
397405,397406,397407,1,1
397405,397406,397407,1,1
397405,397406,397407,1,1
397405,397406,397408,2,1
397405,397406,397408,2,1
397403,397403,397408,5,0
397405,397406,397409,3,1
397405,397407,397410,3,2
397405,397407,397409,2,2
397405,397407,397410,3,2
397405,397408,397410,2,3
397405,397408,397409,1,3
397405,397407,397410,3,2
397405,397408,397409,1,3
397405,397408,397409,1,3
397405,397407,397410,3,2
397405,397408,397409,1,3
397405,397408,397409,1,3
397405,397408,397409,1,3
397405,397407,397410,3,2
397405,397408,397410,2,3
397405,397408,397410,2,3
397405,397407,397409,2,2
397405,397408,397409,1,3
397405,397407,397409,2,2
397405,397408,397409,1,3
397405,397407,397409,2,2
397405,397408,397409,1,3
397405,397408,397409,1,3
397405,397408,397410,2,3
397405,397408,397410,2,3
397405,397408,397410,2,3
397405,397407,397410,3,2
397405,397408,397410,2,3
397405,397408,397410,2,3
397405,397408,397410,2,3
397405,397407,397410,3,2
397405,397407,397410,3,2
397405,397407,397410,3,2
397405,397408,397410,2,3
397405,397407,397410,3,2
397405,397407,397410,3,2
397405,397407,397410,3,2
397405,397407,397410,3,2
397405,397407,397410,3,2
397405,397408,397410,2,3
397405,397408,397410,2,3
397405,397408,397410,2,3
397405,397407,397410,3,2
397397,397413,397414,1,16
397397,397413,397414,1,16
397397,397413,397414,1,16
397397,397413,397415,2,16
397008,397011,397422,411,3
397433,397434,397436,2,1
397433,397434,397435,1,1
397433,397434,397435,1,1
397433,397434,397436,2,1
397433,397434,397435,1,1
397433,397434,397436,2,1
397433,397434,397436,2,1
397433,397434,397436,2,1
397433,397434,397435,1,1
397433,397434,397436,2,1
397433,397434,397435,1,1
397433,397434,397435,1,1
397433,397434,397435,1,1
397433,397434,397436,2,1
397433,397434,397435,1,1
397433,397434,397435,1,1
397433,397434,397435,1,1
397433,397434,397436,2,1
397433,397434,397436,2,1
397433,397435,397436,1,2
397433,397435,397436,1,2
397433,397434,397436,2,1
397433,397434,397436,2,1
397433,397434,397437,3,1
397433,397434,397436,2,1
397433,397434,397436,2,1
397433,397434,397436,2,1
397433,397434,397437,3,1
397433,397434,397436,2,1
397433,397434,397436,2,1
397433,397434,397437,3,1
397433,397434,397437,3,1
397433,397434,397436,2,1
397433,397434,397436,2,1
397433,397434,397437,3,1
397433,397434,397436,2,1
397433,397434,397437,3,1
397433,397434,397437,3,1
397433,397434,397436,2,1
397433,397434,397436,2,1
397433,397434,397436,2,1
397433,397434,397437,3,1
397433,397434,397437,3,1
397433,397434,397436,2,1
397433,397435,397437,2,2
397433,397434,397437,3,1
397433,397434,397437,3,1
397433,397434,397437,3,1
397433,397434,397438,4,1
397433,397434,397437,3,1
397433,397434,397437,3,1
397433,397434,397437,3,1
397433,397434,397437,3,1
397433,397434,397438,4,1
397433,397434,397437,3,1
397433,397434,397437,3,1
397433,397434,397437,3,1
397433,397435,397438,3,2
397433,397435,397438,3,2
397433,397434,397438,4,1
397433,397434,397438,4,1
397036,397037,397466,429,1
397467,397467,397469,2,0
397467,397467,397469,2,0
397467,397468,397469,1,1
397467,397468,397469,1,1
397467,397467,397469,2,0
397467,397467,397469,2,0
397467,397467,397469,2,0
397467,397468,397469,1,1
397467,397467,397469,2,0
397467,397467,397469,2,0
397467,397467,397469,2,0
397467,397467,397469,2,0
397467,397467,397469,2,0
397467,397468,397469,1,1
397467,397468,397469,1,1
397467,397468,397469,1,1
397467,397468,397469,1,1
397467,397467,397469,2,0
397467,397467,397469,2,0
397467,397468,397469,1,1
397467,397467,397469,2,0
397467,397467,397470,3,0
397467,397467,397469,2,0
397467,397468,397471,3,1
397467,397467,397470,3,0
397467,397467,397470,3,0
397467,397468,397470,2,1
397467,397468,397470,2,1
397467,397467,397470,3,0
397467,397467,397470,3,0
397467,397467,397470,3,0
397467,397468,397470,2,1
397467,397468,397470,2,1
397467,397467,397470,3,0
397467,397468,397470,2,1
397467,397467,397470,3,0
397467,397467,397470,3,0
397467,397467,397470,3,0
397467,397467,397470,3,0
397467,397468,397470,2,1
397467,397467,397470,3,0
397467,397467,397470,3,0
397467,397468,397471,3,1
397467,397468,397470,2,1
397467,397468,397471,3,1
397467,397467,397471,4,0
397467,397467,397471,4,0
397467,397467,397471,4,0
397467,397467,397471,4,0
397467,397467,397471,4,0
397467,397467,397471,4,0
397467,397467,397471,4,0
397467,397467,397471,4,0
397467,397467,397471,4,0
397467,397468,397471,3,1
397467,397467,397471,4,0
397467,397468,397471,3,1
397467,397467,397471,4,0
397467,397468,397471,3,1
397467,397468,397471,3,1
397467,397468,397472,4,1
397101,397105,397473,368,4
397486,397486,397488,2,0
397486,397486,397488,2,0
397486,397486,397488,2,0
397486,397486,397488,2,0
397486,397486,397488,2,0
397486,397486,397488,2,0
397486,397486,397488,2,0
397486,397486,397488,2,0
397486,397486,397488,2,0
397486,397486,397488,2,0
397486,397486,397488,2,0
397486,397486,397488,2,0
397486,397486,397488,2,0
397486,397486,397488,2,0
397486,397486,397488,2,0
397486,397486,397488,2,0
397486,397486,397488,2,0
397486,397486,397488,2,0
397486,397486,397489,3,0
397486,397486,397489,3,0
397486,397486,397488,2,0
397486,397486,397489,3,0
397486,397486,397488,2,0
397486,397486,397489,3,0
397486,397486,397488,2,0
397486,397486,397489,3,0
397486,397486,397488,2,0
397486,397486,397489,3,0
397486,397486,397488,2,0
397486,397486,397488,2,0
397486,397486,397489,3,0
397486,397486,397488,2,0
397486,397486,397489,3,0
397486,397486,397489,3,0
397486,397486,397488,2,0
397486,397486,397488,2,0
397486,397486,397489,3,0
397486,397486,397489,3,0
397486,397486,397488,2,0
397486,397486,397490,4,0
397486,397486,397490,4,0
397486,397486,397489,3,0
397486,397486,397490,4,0
397486,397486,397489,3,0
397486,397486,397489,3,0
397486,397486,397489,3,0
397486,397486,397489,3,0
397486,397486,397489,3,0
397486,397486,397490,4,0
397486,397486,397490,4,0
397486,397486,397490,4,0
397486,397486,397489,3,0
397486,397486,397490,4,0
397486,397486,397490,4,0
397486,397486,397489,3,0
397486,397494,397495,1,8
397486,397494,397495,1,8
397486,397494,397496,2,8
397486,397494,397495,1,8
397486,397494,397497,3,8
397486,397494,397497,3,8
397074,397075,397502,427,1
397099,397102,397515,413,3
397513,397514,397516,2,1
397513,397514,397515,1,1
397513,397514,397515,1,1
397513,397514,397516,2,1
397513,397514,397516,2,1
397513,397514,397515,1,1
397513,397514,397515,1,1
397513,397514,397515,1,1
397513,397514,397516,2,1
397513,397514,397516,2,1
397513,397514,397516,2,1
397513,397514,397516,2,1
397513,397514,397516,2,1
397513,397514,397515,1,1
397513,397514,397516,2,1
397513,397514,397516,2,1
397513,397514,397516,2,1
397513,397514,397516,2,1
397513,397514,397516,2,1
397513,397514,397516,2,1
397513,397514,397515,1,1
397513,397514,397515,1,1
397513,397514,397516,2,1
397513,397514,397516,2,1
397513,397514,397516,2,1
397513,397514,397517,3,1
397513,397514,397516,2,1
397513,397514,397517,3,1
397513,397514,397516,2,1
397513,397514,397516,2,1
397513,397514,397517,3,1
397513,397514,397517,3,1
397513,397514,397517,3,1
397513,397514,397516,2,1
397513,397514,397516,2,1
397513,397514,397517,3,1
397513,397514,397516,2,1
397513,397514,397516,2,1
397513,397514,397517,3,1
397513,397514,397516,2,1
397513,397514,397517,3,1
397513,397514,397517,3,1
397513,397514,397516,2,1
397513,397514,397517,3,1
397513,397514,397517,3,1
397513,397514,397518,4,1
397513,397514,397517,3,1
397513,397514,397518,4,1
397513,397514,397518,4,1
397513,397514,397518,4,1
397513,397514,397518,4,1
397513,397514,397517,3,1
397513,397514,397517,3,1
397513,397514,397517,3,1
397513,397514,397518,4,1
397513,397514,397517,3,1
397513,397514,397518,4,1
397513,397514,397518,4,1
397513,397514,397518,4,1
397513,397514,397518,4,1
397513,397514,397518,4,1
397518,397518,397519,1,0
397518,397518,397519,1,0
397518,397518,397520,2,0
397518,397519,397520,1,1
397518,397518,397519,1,0
397518,397518,397519,1,0
397518,397518,397520,2,0
397518,397519,397520,1,1
397518,397518,397520,2,0
397518,397518,397520,2,0
397518,397518,397520,2,0
397518,397518,397520,2,0
397518,397519,397520,1,1
397518,397518,397520,2,0
397518,397518,397520,2,0
397518,397518,397520,2,0
397518,397518,397519,1,0
397518,397518,397520,2,0
397518,397519,397520,1,1
397518,397518,397519,1,0
397518,397518,397520,2,0
397518,397518,397520,2,0
397518,397518,397520,2,0
397518,397518,397520,2,0
397518,397518,397520,2,0
397518,397518,397520,2,0
397518,397518,397521,3,0
397518,397518,397521,3,0
397518,397518,397520,2,0
397518,397518,397521,3,0
397518,397518,397521,3,0
397518,397518,397521,3,0
397518,397518,397521,3,0
397518,397518,397521,3,0
397518,397518,397520,2,0
397518,397518,397520,2,0
397518,397518,397520,2,0
397518,397518,397521,3,0
397518,397518,397521,3,0
397518,397519,397521,2,1
397518,397518,397522,4,0
397518,397518,397522,4,0
397518,397518,397521,3,0
397518,397518,397521,3,0
397518,397518,397521,3,0
397518,397518,397521,3,0
397518,397518,397521,3,0
397518,397518,397522,4,0
397518,397518,397522,4,0
397518,397518,397522,4,0
397518,397518,397522,4,0
397518,397518,397522,4,0
397518,397518,397521,3,0
397518,397518,397521,3,0
397518,397518,397521,3,0
397518,397518,397522,4,0
397518,397518,397522,4,0
397518,397518,397521,3,0
397518,397518,397522,4,0
397518,397518,397522,4,0
397518,397518,397522,4,0
397104,397105,397538,433,1
397137,397141,397541,400,4
397547,397548,397549,1,1
397547,397548,397549,1,1
397547,397548,397549,1,1
397547,397548,397550,2,1
397547,397548,397549,1,1
397547,397548,397549,1,1
397547,397548,397549,1,1
397547,397548,397549,1,1
397547,397548,397549,1,1
397547,397548,397550,2,1
397547,397548,397549,1,1
397547,397548,397549,1,1
397547,397548,397549,1,1
397547,397548,397549,1,1
397547,397548,397549,1,1
397547,397548,397549,1,1
397547,397548,397549,1,1
397547,397548,397549,1,1
397547,397548,397549,1,1
397547,397548,397549,1,1
397547,397548,397549,1,1
397547,397548,397549,1,1
397547,397549,397550,1,2
397547,397548,397550,2,1
397547,397548,397550,2,1
397547,397548,397551,3,1
397547,397548,397550,2,1
397547,397548,397550,2,1
397547,397548,397551,3,1
397547,397548,397550,2,1
397547,397548,397550,2,1
397547,397548,397551,3,1
397547,397548,397550,2,1
397547,397548,397550,2,1
397547,397548,397551,3,1
397547,397548,397550,2,1
397547,397548,397550,2,1
397547,397548,397550,2,1
397547,397548,397550,2,1
397547,397548,397550,2,1
397547,397548,397550,2,1
397547,397548,397551,3,1
397547,397548,397550,2,1
397547,397549,397550,1,2
397547,397548,397551,3,1
397547,397548,397550,2,1
397547,397548,397550,2,1
397547,397548,397551,3,1
397547,397548,397551,3,1
397549,397550,397551,1,1
397549,397550,397551,1,1
397547,397548,397552,4,1
397549,397550,397552,2,1
397549,397550,397551,1,1
397549,397550,397551,1,1
397547,397548,397551,3,1
397547,397548,397552,4,1
397549,397550,397551,1,1
397549,397550,397551,1,1
397547,397548,397551,3,1
397549,397550,397551,1,1
397549,397550,397551,1,1
397547,397548,397551,3,1
397549,397550,397551,1,1
397549,397550,397551,1,1
397547,397549,397551,2,2
397547,397549,397552,3,2
397547,397548,397551,3,1
397549,397550,397551,1,1
397549,397550,397552,2,1
397547,397548,397552,4,1
397547,397548,397551,3,1
397549,397550,397551,1,1
397549,397550,397551,1,1
397549,397550,397551,1,1
397547,397548,397551,3,1
397549,397550,397551,1,1
397549,397550,397552,2,1
397547,397548,397551,3,1
397549,397550,397552,2,1
397549,397550,397553,3,1
397549,397550,397552,2,1
397549,397551,397553,2,2
397549,397551,397553,2,2
397549,397552,397553,1,3
397549,397552,397553,1,3
397549,397552,397553,1,3
397549,397550,397552,2,1
397549,397552,397553,1,3
397549,397552,397553,1,3
397549,397551,397553,2,2
397549,397552,397554,2,3
397549,397552,397553,1,3
397549,397552,397554,2,3
397549,397551,397553,2,2
397549,397551,397553,2,2
397549,397551,397554,3,2
397549,397551,397554,3,2
397549,397552,397554,2,3
397549,397552,397554,2,3
397549,397552,397553,1,3
397549,397552,397553,1,3
397549,397551,397554,3,2
397549,397551,397554,3,2
397549,397551,397554,3,2
397549,397551,397553,2,2
397549,397551,397553,2,2
397549,397551,397553,2,2
397549,397551,397554,3,2
397549,397551,397554,3,2
397549,397550,397553,3,1
397549,397551,397553,2,2
397549,397551,397554,3,2
397549,397552,397553,1,3
397549,397551,397554,3,2
397549,397551,397554,3,2
397549,397551,397554,3,2
397549,397552,397554,2,3
397549,397551,397554,3,2
397549,397551,397554,3,2
397549,397551,397554,3,2
397549,397551,397554,3,2
397158,397158,397556,398,0
397567,397567,397568,1,0
397567,397567,397569,2,0
397567,397567,397569,2,0
397567,397567,397569,2,0
397567,397567,397569,2,0
397567,397567,397569,2,0
397567,397567,397568,1,0
397567,397567,397568,1,0
397567,397567,397569,2,0
397567,397567,397568,1,0
397567,397567,397569,2,0
397567,397567,397569,2,0
397567,397567,397569,2,0
397567,397567,397569,2,0
397567,397567,397569,2,0
397567,397567,397569,2,0
397567,397567,397569,2,0
397567,397567,397569,2,0
397567,397567,397569,2,0
397567,397567,397569,2,0
397567,397567,397569,2,0
397567,397567,397570,3,0
397567,397567,397570,3,0
397567,397567,397569,2,0
397567,397567,397570,3,0
397567,397567,397570,3,0
397567,397567,397570,3,0
397567,397567,397570,3,0
397567,397567,397570,3,0
397567,397567,397570,3,0
397567,397567,397570,3,0
397567,397567,397570,3,0
397567,397567,397570,3,0
397567,397567,397570,3,0
397567,397567,397569,2,0
397567,397567,397570,3,0
397567,397567,397570,3,0
397567,397567,397569,2,0
397567,397567,397570,3,0
397567,397567,397570,3,0
397567,397567,397570,3,0
397567,397567,397571,4,0
397567,397567,397571,4,0
397567,397567,397570,3,0
397567,397567,397570,3,0
397567,397567,397570,3,0
397567,397567,397570,3,0
397567,397567,397570,3,0
397567,397567,397571,4,0
397567,397567,397570,3,0
397567,397567,397570,3,0
397567,397567,397571,4,0
397567,397576,397577,1,9
397567,397576,397577,1,9
397567,397576,397577,1,9
397567,397576,397578,2,9
397567,397576,397579,3,9
397567,397581,397582,1,14
397567,397581,397583,2,14
397567,397581,397584,3,14
397567,397581,397584,3,14
397143,397144,397620,476,1
397622,397622,397624,2,0
397622,397622,397624,2,0
397622,397622,397624,2,0
397622,397622,397623,1,0
397622,397622,397623,1,0
397622,397622,397623,1,0
397622,397622,397624,2,0
397622,397622,397623,1,0
397622,397622,397624,2,0
397622,397622,397624,2,0
397622,397622,397624,2,0
397622,397622,397623,1,0
397622,397622,397624,2,0
397622,397622,397624,2,0
397622,397622,397623,1,0
397622,397622,397624,2,0
397622,397622,397624,2,0
397622,397622,397624,2,0
397622,397622,397623,1,0
397622,397622,397624,2,0
397622,397622,397624,2,0
397622,397622,397624,2,0
397622,397622,397624,2,0
397622,397622,397624,2,0
397622,397622,397624,2,0
397622,397622,397625,3,0
397622,397622,397624,2,0
397622,397622,397624,2,0
397622,397622,397625,3,0
397622,397622,397625,3,0
397622,397622,397625,3,0
397622,397622,397624,2,0
397622,397622,397625,3,0
397622,397622,397625,3,0
397622,397622,397624,2,0
397622,397622,397624,2,0
397622,397622,397624,2,0
397622,397622,397624,2,0
397622,397622,397625,3,0
397622,397622,397625,3,0
397622,397622,397624,2,0
397622,397622,397625,3,0
397622,397622,397625,3,0
397622,397622,397626,4,0
397622,397622,397625,3,0
397622,397622,397625,3,0
397622,397622,397625,3,0
397622,397622,397626,4,0
397622,397622,397626,4,0
397622,397622,397625,3,0
397622,397622,397625,3,0
397622,397622,397625,3,0
397622,397622,397625,3,0
397622,397622,397625,3,0
397622,397622,397625,3,0
397622,397622,397626,4,0
397622,397622,397625,3,0
397622,397622,397625,3,0
397622,397622,397625,3,0
397622,397622,397625,3,0
397622,397622,397625,3,0
397249,397251,397658,407,2
397659,397660,397662,2,1
397659,397660,397662,2,1
397659,397660,397661,1,1
397659,397660,397661,1,1
397659,397660,397661,1,1
397659,397660,397661,1,1
397659,397660,397661,1,1
397659,397660,397662,2,1
397659,397660,397662,2,1
397659,397660,397661,1,1
397659,397660,397661,1,1
397659,397660,397662,2,1
397659,397660,397661,1,1
397659,397660,397662,2,1
397659,397660,397662,2,1
397659,397660,397661,1,1
397659,397660,397661,1,1
397659,397660,397662,2,1
397659,397660,397662,2,1
397659,397660,397661,1,1
397659,397660,397662,2,1
397659,397660,397661,1,1
397659,397660,397662,2,1
397659,397660,397662,2,1
397659,397660,397662,2,1
397659,397660,397662,2,1
397659,397660,397662,2,1
397659,397660,397663,3,1
397659,397660,397663,3,1
397659,397660,397662,2,1
397659,397660,397663,3,1
397659,397660,397662,2,1
397659,397660,397663,3,1
397659,397660,397663,3,1
397659,397660,397663,3,1
397659,397660,397663,3,1
397659,397660,397662,2,1
397659,397660,397663,3,1
397659,397660,397662,2,1
397659,397660,397663,3,1
397659,397660,397663,3,1
397659,397660,397662,2,1
397659,397660,397663,3,1
397659,397660,397663,3,1
397659,397660,397664,4,1
397659,397660,397663,3,1
397659,397660,397664,4,1
397659,397660,397663,3,1
397659,397660,397663,3,1
397659,397660,397663,3,1
397659,397660,397663,3,1
397659,397660,397663,3,1
397659,397660,397664,4,1
397659,397660,397663,3,1
397659,397660,397663,3,1
397659,397660,397664,4,1
397659,397660,397663,3,1
397659,397660,397663,3,1
397659,397660,397663,3,1
397659,397660,397664,4,1
397659,397660,397663,3,1
397270,397271,397681,410,1
397310,397311,397682,371,1
397681,397682,397683,1,1
397681,397682,397684,2,1
397681,397682,397684,2,1
397681,397682,397684,2,1
397681,397682,397683,1,1
397681,397682,397684,2,1
397681,397682,397683,1,1
397681,397682,397683,1,1
397681,397682,397684,2,1
397681,397682,397684,2,1
397681,397682,397683,1,1
397681,397682,397684,2,1
397681,397682,397683,1,1
397681,397682,397683,1,1
397681,397682,397683,1,1
397681,397682,397684,2,1
397681,397682,397684,2,1
397681,397682,397683,1,1
397681,397682,397683,1,1
397681,397682,397684,2,1
397681,397682,397684,2,1
397681,397682,397684,2,1
397681,397682,397684,2,1
397681,397682,397684,2,1
397681,397682,397684,2,1
397681,397682,397684,2,1
397681,397682,397684,2,1
397681,397682,397684,2,1
397681,397682,397685,3,1
397681,397682,397685,3,1
397681,397682,397684,2,1
397681,397682,397685,3,1
397681,397682,397685,3,1
397681,397682,397685,3,1
397681,397682,397684,2,1
397681,397682,397685,3,1
397681,397682,397685,3,1
397681,397682,397685,3,1
397681,397682,397684,2,1
397681,397682,397685,3,1
397681,397682,397685,3,1
397681,397682,397685,3,1
397681,397682,397685,3,1
397681,397682,397684,2,1
397681,397682,397684,2,1
397681,397682,397685,3,1
397681,397682,397685,3,1
397681,397682,397684,2,1
397681,397682,397685,3,1
397681,397682,397685,3,1
397681,397682,397685,3,1
397681,397682,397685,3,1
397681,397682,397685,3,1
397681,397682,397685,3,1
397268,397268,397686,418,0
397681,397682,397686,4,1
397681,397682,397686,4,1
397681,397682,397685,3,1
397681,397685,397686,1,4
397681,397685,397686,1,4
397684,397684,397686,2,0
397684,397684,397686,2,0
397684,397685,397686,1,1
397684,397684,397686,2,0
397684,397684,397686,2,0
397684,397684,397687,3,0
397684,397685,397686,1,1
397684,397685,397686,1,1
397684,397684,397686,2,0
397684,397684,397686,2,0
397684,397684,397686,2,0
397684,397685,397686,1,1
397684,397685,397686,1,1
397684,397684,397686,2,0
397684,397684,397686,2,0
397684,397684,397686,2,0
397684,397684,397686,2,0
397684,397684,397686,2,0
397684,397685,397687,2,1
397684,397685,397687,2,1
397684,397684,397687,3,0
397681,397685,397688,3,4
397681,397685,397687,2,4
397684,397687,397688,1,3
397684,397686,397687,1,2
397684,397685,397687,2,1
397684,397685,397687,2,1
397684,397686,397688,2,2
397684,397686,397687,1,2
397684,397686,397688,2,2
397684,397686,397688,2,2
397684,397686,397687,1,2
397684,397686,397687,1,2
397684,397686,397687,1,2
397684,397686,397687,1,2
397684,397686,397687,1,2
397684,397687,397688,1,3
397684,397686,397689,3,2
397684,397686,397688,2,2
397684,397686,397688,2,2
397684,397686,397689,3,2
397684,397686,397688,2,2
397684,397686,397688,2,2
397681,397685,397688,3,4
397684,397687,397688,1,3
397684,397686,397689,3,2
397684,397687,397688,1,3
397684,397686,397688,2,2
397684,397686,397688,2,2
397684,397686,397688,2,2
397684,397686,397688,2,2
397684,397686,397689,3,2
397684,397686,397688,2,2
397684,397685,397688,3,1
397684,397686,397688,2,2
397684,397685,397688,3,1
397684,397685,397688,3,1
397684,397685,397688,3,1
397684,397686,397689,3,2
397684,397686,397689,3,2
397688,397688,397690,2,0
397688,397688,397690,2,0
397688,397688,397690,2,0
397688,397688,397690,2,0
397688,397688,397690,2,0
397684,397686,397689,3,2
397688,397688,397689,1,0
397688,397688,397690,2,0
397684,397686,397689,3,2
397688,397688,397690,2,0
397688,397688,397689,1,0
397684,397686,397689,3,2
397684,397686,397689,3,2
397688,397688,397690,2,0
397688,397688,397690,2,0
397688,397688,397690,2,0
397688,397688,397689,1,0
397688,397688,397690,2,0
397688,397688,397690,2,0
397688,397688,397690,2,0
397688,397688,397690,2,0
397688,397689,397690,1,1
397688,397688,397690,2,0
397688,397689,397691,2,1
397688,397688,397690,2,0
397688,397688,397691,3,0
397688,397688,397691,3,0
397688,397689,397691,2,1
397688,397689,397691,2,1
397688,397688,397691,3,0
397688,397688,397691,3,0
397688,397689,397691,2,1
397688,397690,397691,1,2
397688,397688,397691,3,0
397688,397688,397691,3,0
397688,397688,397691,3,0
397688,397688,397691,3,0
397688,397689,397691,2,1
397688,397689,397690,1,1
397688,397689,397692,3,1
397688,397690,397691,1,2
397688,397690,397691,1,2
397688,397690,397691,1,2
397688,397688,397692,4,0
397688,397689,397692,3,1
397688,397689,397692,3,1
397688,397689,397692,3,1
397688,397688,397692,4,0
397688,397689,397691,2,1
397688,397688,397691,3,0
397688,397689,397692,3,1
397688,397689,397691,2,1
397688,397688,397691,3,0
397688,397689,397691,2,1
397688,397689,397691,2,1
397688,397688,397692,4,0
397688,397689,397691,2,1
397688,397688,397691,3,0
397688,397689,397692,3,1
397688,397689,397692,3,1
397688,397690,397691,1,2
397688,397689,397692,3,1
397688,397689,397691,2,1
397688,397690,397691,1,2
397688,397689,397692,3,1
397287,397287,397695,408,0
397304,397305,397699,394,1
397306,397307,397716,409,1
397717,397718,397719,1,1
397717,397718,397719,1,1
397717,397718,397719,1,1
397717,397718,397719,1,1
397717,397718,397719,1,1
397717,397718,397719,1,1
397717,397718,397719,1,1
397717,397718,397719,1,1
397717,397718,397719,1,1
397717,397718,397719,1,1
397717,397718,397719,1,1
397717,397718,397719,1,1
397717,397718,397719,1,1
397717,397718,397719,1,1
397717,397718,397719,1,1
397717,397718,397719,1,1
397717,397718,397719,1,1
397717,397718,397719,1,1
397717,397718,397720,2,1
397717,397718,397719,1,1
397717,397718,397719,1,1
397717,397718,397720,2,1
397717,397718,397719,1,1
397717,397718,397719,1,1
397717,397718,397719,1,1
397717,397718,397719,1,1
397717,397718,397719,1,1
397717,397718,397719,1,1
397717,397718,397719,1,1
397717,397718,397719,1,1
397717,397718,397720,2,1
397717,397718,397720,2,1
397717,397718,397720,2,1
397717,397718,397721,3,1
397717,397718,397720,2,1
397717,397718,397721,3,1
397717,397718,397721,3,1
397717,397718,397720,2,1
397717,397718,397721,3,1
397717,397718,397721,3,1
397717,397718,397720,2,1
397717,397718,397720,2,1
397717,397718,397721,3,1
397717,397718,397720,2,1
397717,397718,397720,2,1
397717,397718,397721,3,1
397717,397718,397720,2,1
397717,397718,397720,2,1
397717,397718,397721,3,1
397717,397718,397720,2,1
397717,397719,397720,1,2
397717,397718,397721,3,1
397717,397718,397721,3,1
397717,397720,397721,1,3
397717,397718,397721,3,1
397717,397720,397721,1,3
397717,397720,397721,1,3
397717,397718,397721,3,1
397717,397720,397721,1,3
397717,397720,397721,1,3
397717,397718,397721,3,1
397717,397718,397721,3,1
397717,397720,397721,1,3
397717,397720,397721,1,3
397717,397720,397721,1,3
397717,397720,397722,2,3
397717,397718,397721,3,1
397717,397720,397721,1,3
397717,397720,397721,1,3
397717,397718,397721,3,1
397717,397720,397721,1,3
397717,397720,397721,1,3
397717,397720,397722,2,3
397717,397718,397721,3,1
397717,397718,397721,3,1
397717,397718,397721,3,1
397717,397720,397721,1,3
397717,397720,397722,2,3
397717,397718,397721,3,1
397717,397718,397721,3,1
397717,397720,397721,1,3
397717,397720,397721,1,3
397717,397720,397722,2,3
397717,397722,397723,1,5
397717,397722,397723,1,5
397717,397722,397723,1,5
397717,397721,397723,2,4
397717,397721,397723,2,4
397717,397721,397723,2,4
397717,397720,397722,2,3
397717,397721,397723,2,4
397717,397721,397723,2,4
397717,397721,397723,2,4
397717,397720,397723,3,3
397717,397722,397724,2,5
397717,397722,397723,1,5
397717,397722,397723,1,5
397717,397721,397724,3,4
397717,397721,397724,3,4
397717,397722,397723,1,5
397717,397722,397723,1,5
397717,397722,397723,1,5
397717,397721,397724,3,4
397717,397721,397723,2,4
397717,397720,397723,3,3
397717,397721,397723,2,4
397717,397720,397724,4,3
397717,397720,397724,4,3
397717,397721,397723,2,4
397717,397721,397723,2,4
397717,397721,397723,2,4
397717,397720,397723,3,3
397717,397720,397723,3,3
397717,397720,397723,3,3
397717,397721,397723,2,4
397717,397721,397723,2,4
397717,397721,397724,3,4
397717,397721,397723,2,4
397717,397721,397724,3,4
397717,397720,397725,5,3
397717,397721,397725,4,4
397726,397726,397728,2,0
397726,397726,397728,2,0
397726,397726,397728,2,0
397726,397726,397728,2,0
397726,397726,397728,2,0
397726,397726,397728,2,0
397726,397726,397728,2,0
397726,397726,397728,2,0
397726,397726,397728,2,0
397726,397726,397728,2,0
397726,397726,397728,2,0
397726,397726,397728,2,0
397726,397726,397728,2,0
397726,397726,397728,2,0
397726,397726,397728,2,0
397726,397726,397728,2,0
397726,397726,397728,2,0
397726,397726,397728,2,0
397726,397726,397728,2,0
397726,397726,397728,2,0
397726,397726,397728,2,0
397726,397726,397728,2,0
397726,397726,397728,2,0
397726,397726,397728,2,0
397726,397726,397728,2,0
397726,397726,397728,2,0
397726,397727,397729,2,1
397726,397727,397729,2,1
397726,397726,397728,2,0
397726,397726,397729,3,0
397726,397726,397729,3,0
397726,397728,397729,1,2
397726,397726,397729,3,0
397726,397726,397729,3,0
397726,397726,397729,3,0
397726,397726,397729,3,0
397726,397726,397729,3,0
397726,397726,397729,3,0
397726,397726,397729,3,0
397726,397726,397729,3,0
397726,397726,397729,3,0
397726,397726,397729,3,0
397726,397726,397729,3,0
397726,397726,397729,3,0
397726,397726,397729,3,0
397726,397726,397729,3,0
397726,397726,397729,3,0
397726,397727,397730,3,1
397726,397727,397730,3,1
397726,397726,397730,4,0
397726,397726,397730,4,0
397726,397726,397730,4,0
397726,397726,397730,4,0
397726,397726,397730,4,0
397726,397726,397730,4,0
397726,397726,397730,4,0
397717,397720,397723,3,3
397717,397721,397723,2,4
397726,397742,397743,1,16
397726,397742,397743,1,16
397726,397742,397744,2,16
397726,397742,397744,2,16
397726,397742,397745,3,16
397398,397399,397758,359,1
397353,397354,397766,412,1
397765,397765,397767,2,0
397765,397765,397767,2,0
397765,397766,397767,1,1
397765,397765,397767,2,0
397765,397766,397768,2,1
397765,397765,397767,2,0
397765,397765,397767,2,0
397765,397766,397767,1,1
397765,397765,397767,2,0
397765,397765,397767,2,0
397765,397766,397767,1,1
397765,397766,397767,1,1
397765,397766,397767,1,1
397765,397766,397767,1,1
397765,397765,397767,2,0
397765,397765,397767,2,0
397765,397766,397767,1,1
397765,397766,397767,1,1
397765,397766,397767,1,1
397765,397766,397768,2,1
397765,397766,397768,2,1
397765,397766,397767,1,1
397765,397765,397767,2,0
397765,397765,397767,2,0
397765,397766,397767,1,1
397765,397766,397767,1,1
397765,397766,397768,2,1
397765,397766,397768,2,1
397765,397766,397768,2,1
397765,397766,397768,2,1
397765,397766,397768,2,1
397765,397766,397768,2,1
397765,397766,397768,2,1
397765,397766,397768,2,1
397765,397766,397769,3,1
397765,397766,397768,2,1
397765,397766,397768,2,1
397765,397766,397768,2,1
397765,397766,397768,2,1
397765,397766,397769,3,1
397765,397766,397768,2,1
397765,397766,397768,2,1
397765,397766,397768,2,1
397765,397766,397769,3,1
397765,397766,397769,3,1
397765,397766,397769,3,1
397765,397766,397769,3,1
397767,397768,397769,1,1
397767,397768,397769,1,1
397765,397765,397769,4,0
397765,397766,397769,3,1
397767,397768,397769,1,1
397767,397768,397769,1,1
397767,397768,397769,1,1
397765,397766,397769,3,1
397765,397766,397769,3,1
397767,397768,397769,1,1
397767,397768,397769,1,1
397767,397768,397769,1,1
397765,397766,397769,3,1
397767,397768,397769,1,1
397767,397768,397769,1,1
397765,397766,397769,3,1
397767,397768,397769,1,1
397767,397768,397769,1,1
397765,397766,397770,4,1
397765,397766,397769,3,1
397767,397768,397769,1,1
397765,397766,397769,3,1
397767,397768,397769,1,1
397767,397768,397769,1,1
397767,397768,397769,1,1
397765,397766,397769,3,1
397765,397766,397769,3,1
397767,397768,397769,1,1
397765,397766,397770,4,1
397767,397770,397771,1,3
397767,397768,397770,2,1
397767,397768,397770,2,1
397767,397768,397771,3,1
397767,397768,397770,2,1
397767,397768,397770,2,1
397767,397768,397770,2,1
397767,397768,397771,3,1
397767,397768,397770,2,1
397767,397769,397772,3,2
397767,397769,397772,3,2
397767,397769,397771,2,2
397767,397769,397772,3,2
397767,397770,397771,1,3
397767,397770,397771,1,3
397767,397770,397772,2,3
397767,397770,397771,1,3
397767,397769,397772,3,2
397767,397770,397772,2,3
397767,397770,397771,1,3
397767,397769,397772,3,2
397767,397770,397772,2,3
397767,397770,397771,1,3
397767,397769,397771,2,2
397767,397769,397771,2,2
397767,397770,397771,1,3
397767,397768,397771,3,1
397767,397769,397771,2,2
397767,397770,397772,2,3
397767,397770,397771,1,3
397767,397769,397772,3,2
397767,397770,397772,2,3
397767,397770,397772,2,3
397767,397770,397772,2,3
397767,397770,397772,2,3
397767,397770,397772,2,3
397767,397770,397772,2,3
397767,397769,397772,3,2
397767,397769,397772,3,2
397767,397769,397772,3,2
397767,397769,397772,3,2
397767,397769,397772,3,2
397767,397769,397772,3,2
397767,397771,397773,2,4
397765,397766,397775,9,1
397404,397405,397775,370,1
397407,397408,397785,377,1
397765,397766,397789,23,1
397787,397788,397790,2,1
397787,397788,397789,1,1
397787,397788,397789,1,1
397787,397788,397789,1,1
397787,397788,397789,1,1
397787,397788,397790,2,1
397787,397788,397789,1,1
397787,397788,397789,1,1
397787,397788,397790,2,1
397787,397788,397790,2,1
397787,397788,397789,1,1
397787,397788,397789,1,1
397787,397788,397790,2,1
397787,397788,397790,2,1
397787,397788,397789,1,1
397787,397788,397790,2,1
397787,397788,397790,2,1
397787,397788,397790,2,1
397787,397788,397790,2,1
397787,397788,397790,2,1
397787,397788,397789,1,1
397787,397788,397790,2,1
397787,397788,397790,2,1
397787,397788,397790,2,1
397787,397788,397790,2,1
397787,397788,397790,2,1
397787,397788,397791,3,1
397787,397788,397790,2,1
397787,397788,397790,2,1
397787,397788,397790,2,1
397787,397788,397790,2,1
397787,397788,397791,3,1
397787,397788,397790,2,1
397787,397788,397791,3,1
397787,397788,397791,3,1
397787,397788,397790,2,1
397787,397788,397790,2,1
397787,397788,397790,2,1
397787,397788,397791,3,1
397787,397788,397790,2,1
397787,397788,397790,2,1
397787,397788,397791,3,1
397787,397788,397792,4,1
397787,397788,397792,4,1
397787,397788,397791,3,1
397787,397788,397791,3,1
397787,397788,397791,3,1
397787,397788,397791,3,1
397787,397788,397791,3,1
397787,397788,397791,3,1
397787,397788,397792,4,1
397787,397788,397791,3,1
397787,397788,397792,4,1
397787,397788,397791,3,1
397787,397788,397791,3,1
397787,397788,397791,3,1
397787,397788,397791,3,1
397787,397788,397792,4,1
397787,397788,397792,4,1
397787,397788,397792,4,1
397787,397788,397798,10,1
397802,397802,397804,2,0
397802,397802,397804,2,0
397802,397802,397804,2,0
397802,397802,397804,2,0
397802,397802,397804,2,0
397802,397802,397804,2,0
397802,397802,397804,2,0
397802,397802,397804,2,0
397802,397802,397804,2,0
397802,397802,397804,2,0
397802,397802,397804,2,0
397802,397802,397804,2,0
397802,397803,397804,1,1
397802,397802,397804,2,0
397802,397802,397804,2,0
397802,397802,397804,2,0
397802,397803,397804,1,1
397802,397802,397804,2,0
397802,397802,397804,2,0
397802,397802,397804,2,0
397802,397803,397804,1,1
397802,397803,397804,1,1
397802,397803,397804,1,1
397802,397802,397805,3,0
397802,397804,397805,1,2
397802,397802,397805,3,0
397802,397802,397805,3,0
397802,397802,397805,3,0
397802,397802,397805,3,0
397802,397802,397805,3,0
397802,397802,397805,3,0
397802,397802,397805,3,0
397802,397802,397805,3,0
397802,397802,397805,3,0
397802,397802,397805,3,0
397802,397802,397805,3,0
397802,397802,397805,3,0
397802,397802,397805,3,0
397802,397802,397805,3,0
397802,397802,397805,3,0
397802,397803,397805,2,1
397802,397803,397806,3,1
397802,397802,397806,4,0
397802,397802,397806,4,0
397802,397802,397806,4,0
397802,397802,397806,4,0
397802,397802,397806,4,0
397802,397802,397806,4,0
397802,397802,397806,4,0
397802,397802,397806,4,0
397802,397802,397806,4,0
397802,397802,397806,4,0
397802,397802,397806,4,0
397802,397802,397806,4,0
397802,397803,397806,3,1
397802,397803,397806,3,1
397802,397803,397806,3,1
397802,397803,397812,9,1
397802,397825,397826,1,23
397802,397825,397826,1,23
397802,397825,397827,2,23
397802,397825,397828,3,23
397435,397436,397839,403,1
397841,397841,397843,2,0
397841,397842,397843,1,1
397841,397841,397843,2,0
397841,397841,397843,2,0
397841,397841,397843,2,0
397841,397842,397843,1,1
397841,397841,397843,2,0
397841,397841,397843,2,0
397841,397841,397843,2,0
397841,397842,397843,1,1
397841,397841,397843,2,0
397841,397841,397843,2,0
397841,397841,397843,2,0
397841,397842,397843,1,1
397841,397841,397843,2,0
397841,397841,397843,2,0
397841,397841,397843,2,0
397841,397842,397843,1,1
397841,397842,397843,1,1
397841,397841,397843,2,0
397841,397841,397843,2,0
397841,397842,397843,1,1
397841,397842,397843,1,1
397841,397842,397843,1,1
397841,397841,397844,3,0
397841,397842,397844,2,1
397841,397842,397844,2,1
397841,397842,397844,2,1
397841,397841,397844,3,0
397841,397842,397844,2,1
397841,397842,397844,2,1
397841,397842,397844,2,1
397841,397842,397844,2,1
397841,397842,397844,2,1
397841,397842,397844,2,1
397841,397842,397845,3,1
397841,397842,397845,3,1
397841,397842,397845,3,1
397841,397841,397845,4,0
397841,397841,397845,4,0
397841,397842,397845,3,1
397841,397841,397845,4,0
397841,397841,397845,4,0
397841,397841,397845,4,0
397841,397841,397845,4,0
397841,397841,397845,4,0
397841,397842,397845,3,1
397841,397842,397845,3,1
397841,397842,397845,3,1
397841,397841,397845,4,0
397841,397841,397845,4,0
397841,397848,397850,2,7
397841,397848,397850,2,7
397841,397848,397851,3,7
397841,397848,397852,4,7
397841,397848,397851,3,7
397841,397865,397866,1,24
397841,397865,397867,2,24
397841,397865,397868,3,24
397841,397865,397867,2,24
397841,397865,397868,3,24
397515,397516,397879,363,1
397487,397488,397881,393,1
397881,397882,397883,1,1
397881,397882,397883,1,1
397881,397882,397883,1,1
397881,397882,397883,1,1
397881,397882,397883,1,1
397881,397882,397883,1,1
397881,397882,397883,1,1
397881,397882,397884,2,1
397881,397882,397883,1,1
397881,397882,397883,1,1
397881,397882,397883,1,1
397881,397882,397884,2,1
397881,397882,397883,1,1
397881,397882,397883,1,1
397881,397882,397883,1,1
397881,397882,397884,2,1
397881,397882,397884,2,1
397881,397882,397883,1,1
397881,397882,397883,1,1
397881,397882,397884,2,1
397881,397882,397883,1,1
397881,397882,397883,1,1
397881,397882,397883,1,1
397881,397882,397884,2,1
397881,397882,397884,2,1
397881,397882,397884,2,1
397881,397882,397884,2,1
397881,397882,397884,2,1
397881,397882,397884,2,1
397881,397882,397885,3,1
397881,397882,397884,2,1
397881,397882,397884,2,1
397881,397882,397884,2,1
397881,397882,397884,2,1
397881,397882,397885,3,1
397881,397882,397884,2,1
397881,397882,397885,3,1
397881,397882,397885,3,1
397881,397882,397884,2,1
397881,397882,397884,2,1
397881,397882,397885,3,1
397881,397882,397885,3,1
397881,397882,397885,3,1
397881,397882,397885,3,1
397881,397882,397885,3,1
397883,397884,397885,1,1
397881,397882,397886,4,1
397881,397882,397885,3,1
397883,397884,397885,1,1
397881,397882,397886,4,1
397881,397882,397885,3,1
397883,397884,397885,1,1
397881,397882,397886,4,1
397881,397882,397885,3,1
397883,397884,397885,1,1
397883,397884,397885,1,1
397883,397884,397886,2,1
397883,397884,397885,1,1
397881,397882,397885,3,1
397881,397882,397885,3,1
397883,397884,397885,1,1
397883,397884,397885,1,1
397883,397884,397885,1,1
397881,397882,397885,3,1
397881,397882,397885,3,1
397883,397884,397885,1,1
397883,397884,397885,1,1
397883,397884,397885,1,1
397883,397884,397886,2,1
397881,397882,397885,3,1
397881,397882,397885,3,1
397883,397884,397885,1,1
397881,397882,397885,3,1
397883,397884,397885,1,1
397883,397884,397885,1,1
397883,397884,397885,1,1
397881,397882,397885,3,1
397881,397882,397885,3,1
397881,397882,397886,4,1
397883,397884,397887,3,1
397881,397882,397886,4,1
397883,397884,397886,2,1
397883,397884,397887,3,1
397883,397884,397887,3,1
397883,397884,397887,3,1
397883,397885,397888,3,2
397883,397886,397888,2,3
397883,397886,397888,2,3
397883,397885,397888,3,2
397883,397885,397888,3,2
397883,397886,397888,2,3
397883,397884,397887,3,1
397883,397885,397888,3,2
397883,397885,397887,2,2
397883,397884,397887,3,1
397883,397885,397888,3,2
397883,397886,397888,2,3
397883,397886,397887,1,3
397883,397886,397887,1,3
397883,397885,397888,3,2
397883,397886,397888,2,3
397883,397886,397888,2,3
397883,397886,397887,1,3
397883,397886,397887,1,3
397883,397885,397888,3,2
397883,397885,397888,3,2
397883,397886,397887,1,3
397883,397886,397887,1,3
397883,397885,397888,3,2
397883,397886,397888,2,3
397883,397886,397887,1,3
397883,397886,397887,1,3
397883,397885,397887,2,2
397883,397886,397888,2,3
397883,397886,397888,2,3
397883,397886,397888,2,3
397883,397886,397888,2,3
397883,397886,397888,2,3
397883,397885,397888,3,2
397883,397885,397888,3,2
397883,397886,397888,2,3
397883,397885,397888,3,2
397883,397885,397888,3,2
397469,397470,397899,429,1
397901,397902,397904,2,1
397901,397902,397904,2,1
397901,397902,397903,1,1
397901,397902,397904,2,1
397901,397902,397903,1,1
397901,397902,397903,1,1
397901,397902,397904,2,1
397901,397902,397903,1,1
397901,397902,397903,1,1
397901,397902,397903,1,1
397901,397902,397904,2,1
397901,397902,397903,1,1
397901,397902,397903,1,1
397901,397902,397903,1,1
397901,397902,397903,1,1
397901,397902,397903,1,1
397901,397902,397903,1,1
397901,397902,397904,2,1
397901,397902,397903,1,1
397901,397902,397903,1,1
397901,397902,397903,1,1
397901,397902,397903,1,1
397901,397902,397905,3,1
397901,397902,397905,3,1
397901,397902,397905,3,1
397901,397902,397904,2,1
397901,397902,397904,2,1
397901,397902,397904,2,1
397901,397902,397905,3,1
397901,397902,397904,2,1
397901,397902,397905,3,1
397901,397902,397905,3,1
397901,397902,397904,2,1
397901,397902,397904,2,1
397901,397902,397904,2,1
397901,397902,397905,3,1
397901,397902,397905,3,1
397901,397902,397904,2,1
397901,397902,397904,2,1
397901,397902,397905,3,1
397901,397902,397905,3,1
397901,397902,397904,2,1
397901,397902,397905,3,1
397901,397902,397905,3,1
397901,397902,397905,3,1
397901,397902,397905,3,1
397901,397902,397905,3,1
397901,397902,397906,4,1
397901,397902,397905,3,1
397901,397902,397905,3,1
397901,397902,397906,4,1
397901,397902,397905,3,1
397901,397902,397905,3,1
397901,397902,397905,3,1
397901,397902,397906,4,1
397901,397902,397906,4,1
397901,397902,397906,4,1
397901,397902,397906,4,1
397901,397902,397906,4,1
397901,397902,397906,4,1
397901,397902,397906,4,1
397551,397552,397919,367,1
397920,397920,397922,2,0
397920,397920,397922,2,0
397920,397920,397922,2,0
397920,397920,397922,2,0
397920,397920,397922,2,0
397920,397920,397921,1,0
397920,397920,397922,2,0
397920,397920,397922,2,0
397920,397920,397922,2,0
397920,397920,397921,1,0
397920,397920,397922,2,0
397920,397920,397922,2,0
397920,397920,397922,2,0
397920,397920,397922,2,0
397920,397920,397922,2,0
397920,397920,397922,2,0
397920,397920,397922,2,0
397920,397920,397922,2,0
397920,397920,397922,2,0
397920,397920,397922,2,0
397920,397920,397923,3,0
397920,397920,397922,2,0
397920,397920,397923,3,0
397920,397920,397923,3,0
397920,397920,397922,2,0
397920,397920,397922,2,0
397920,397920,397923,3,0
397920,397920,397922,2,0
397920,397920,397923,3,0
397920,397920,397923,3,0
397920,397920,397922,2,0
397920,397920,397923,3,0
397920,397920,397923,3,0
397920,397920,397923,3,0
397920,397920,397923,3,0
397920,397920,397923,3,0
397920,397920,397923,3,0
397920,397920,397922,2,0
397920,397920,397924,4,0
397920,397920,397923,3,0
397920,397920,397924,4,0
397920,397920,397924,4,0
397920,397920,397924,4,0
397920,397920,397924,4,0
397920,397920,397924,4,0
397920,397920,397923,3,0
397920,397920,397924,4,0
397920,397920,397924,4,0
397920,397920,397923,3,0
397920,397920,397924,4,0
397920,397920,397924,4,0
397920,397920,397924,4,0
397920,397920,397924,4,0
397920,397920,397924,4,0
397549,397549,397936,387,0
397938,397939,397940,1,1
397938,397938,397940,2,0
397938,397939,397941,2,1
397938,397938,397941,3,0
397938,397939,397940,1,1
397938,397939,397940,1,1
397938,397939,397940,1,1
397938,397939,397941,2,1
397938,397939,397940,1,1
397938,397939,397940,1,1
397938,397939,397940,1,1
397938,397939,397940,1,1
397938,397938,397940,2,0
397938,397939,397940,1,1
397938,397939,397940,1,1
397938,397939,397940,1,1
397938,397939,397941,2,1
397938,397939,397941,2,1
397938,397939,397941,2,1
397938,397939,397941,2,1
397938,397939,397941,2,1
397938,397939,397941,2,1
397938,397939,397941,2,1
397938,397939,397941,2,1
397938,397939,397941,2,1
397938,397941,397942,1,3
397938,397939,397941,2,1
397938,397939,397941,2,1
397938,397939,397942,3,1
397938,397939,397941,2,1
397938,397939,397942,3,1
397938,397939,397941,2,1
397938,397939,397941,2,1
397938,397941,397942,1,3
397938,397939,397942,3,1
397938,397939,397942,3,1
397938,397938,397942,4,0
397938,397939,397942,3,1
397938,397941,397942,1,3
397938,397939,397942,3,1
397938,397939,397942,3,1
397938,397941,397942,1,3
397938,397939,397942,3,1
397938,397939,397942,3,1
397938,397941,397942,1,3
397938,397939,397942,3,1
397938,397939,397942,3,1
397938,397939,397943,4,1
397938,397939,397942,3,1
397938,397941,397942,1,3
397938,397941,397942,1,3
397938,397939,397942,3,1
397938,397939,397942,3,1
397938,397939,397942,3,1
397938,397939,397942,3,1
397938,397941,397942,1,3
397938,397941,397943,2,3
397938,397941,397943,2,3
397938,397941,397943,2,3
397938,397941,397945,4,3
397938,397941,397944,3,3
397920,397944,397945,1,24
397920,397944,397945,1,24
397920,397944,397945,1,24
397920,397944,397946,2,24
397920,397944,397946,2,24
397920,397944,397947,3,24
397920,397944,397948,4,24
397519,397520,397959,439,1
397568,397569,397961,392,1
397965,397966,397967,1,1
397965,397966,397967,1,1
397965,397966,397968,2,1
397965,397966,397967,1,1
397965,397966,397967,1,1
397965,397966,397967,1,1
397965,397966,397967,1,1
397965,397966,397967,1,1
397965,397966,397967,1,1
397965,397966,397968,2,1
397965,397966,397968,2,1
397965,397966,397968,2,1
397965,397966,397967,1,1
397965,397966,397967,1,1
397965,397966,397967,1,1
397965,397966,397967,1,1
397965,397966,397967,1,1
397965,397966,397967,1,1
397965,397966,397968,2,1
397965,397966,397968,2,1
397965,397966,397967,1,1
397965,397966,397967,1,1
397965,397966,397967,1,1
397965,397966,397968,2,1
397965,397966,397968,2,1
397965,397966,397968,2,1
397965,397966,397968,2,1
397965,397966,397968,2,1
397965,397966,397968,2,1
397965,397966,397968,2,1
397965,397966,397968,2,1
397965,397966,397968,2,1
397965,397966,397969,3,1
397965,397966,397969,3,1
397965,397966,397968,2,1
397965,397966,397969,3,1
397965,397966,397968,2,1
397965,397966,397969,3,1
397965,397966,397968,2,1
397965,397966,397970,4,1
397965,397966,397969,3,1
397965,397966,397969,3,1
397965,397966,397969,3,1
397965,397966,397969,3,1
397965,397966,397969,3,1
397965,397966,397969,3,1
397967,397968,397970,2,1
397965,397966,397969,3,1
397965,397966,397969,3,1
397967,397968,397969,1,1
397967,397968,397969,1,1
397967,397968,397969,1,1
397965,397966,397970,4,1
397965,397966,397969,3,1
397967,397968,397969,1,1
397967,397968,397969,1,1
397967,397968,397969,1,1
397965,397966,397969,3,1
397965,397966,397969,3,1
397965,397966,397970,4,1
397965,397966,397970,4,1
397965,397966,397969,3,1
397967,397968,397969,1,1
397967,397968,397970,2,1
397967,397968,397969,1,1
397965,397966,397969,3,1
397965,397966,397969,3,1
397967,397968,397970,2,1
397967,397968,397970,2,1
397965,397966,397969,3,1
397965,397966,397969,3,1
397967,397968,397969,1,1
397967,397968,397969,1,1
397967,397968,397969,1,1
397965,397966,397970,4,1
397965,397966,397969,3,1
397967,397968,397969,1,1
397967,397968,397969,1,1
397967,397968,397969,1,1
397965,397966,397970,4,1
397967,397968,397971,3,1
397967,397970,397971,1,3
397967,397970,397971,1,3
397967,397968,397970,2,1
397967,397970,397972,2,3
397967,397970,397972,2,3
397967,397970,397972,2,3
397967,397970,397972,2,3
397967,397968,397972,4,1
397967,397969,397972,3,2
397967,397969,397972,3,2
397967,397968,397971,3,1
397967,397968,397971,3,1
397967,397969,397972,3,2
397967,397970,397972,2,3
397967,397970,397972,2,3
397967,397970,397971,1,3
397967,397970,397971,1,3
397967,397969,397972,3,2
397967,397969,397972,3,2
397967,397969,397972,3,2
397967,397969,397972,3,2
397967,397970,397971,1,3
397967,397970,397971,1,3
397967,397970,397971,1,3
397967,397970,397971,1,3
397967,397969,397972,3,2
397967,397970,397972,2,3
397967,397970,397973,3,3
397967,397969,397972,3,2
397967,397970,397972,2,3
397967,397969,397972,3,2
397967,397969,397972,3,2
397967,397970,397972,2,3
397967,397970,397972,2,3
397967,397970,397972,2,3
397967,397969,397972,3,2
397967,397970,397973,3,3
397967,397970,397972,2,3
397967,397969,397972,3,2
397967,397969,397972,3,2
397967,397970,397974,4,3
397967,397969,397974,5,2
397623,397624,398040,416,1
398042,398042,398044,2,0
398042,398042,398044,2,0
398042,398042,398044,2,0
398042,398042,398044,2,0
398042,398042,398044,2,0
398042,398042,398044,2,0
398042,398042,398044,2,0
398042,398042,398044,2,0
398042,398042,398044,2,0
398042,398042,398044,2,0
398042,398042,398044,2,0
398042,398042,398044,2,0
398042,398042,398044,2,0
398042,398042,398044,2,0
398042,398042,398044,2,0
398042,398042,398044,2,0
398042,398042,398044,2,0
398042,398042,398044,2,0
398042,398042,398044,2,0
398042,398042,398044,2,0
398042,398042,398044,2,0
398042,398042,398044,2,0
398042,398042,398044,2,0
398042,398042,398044,2,0
398042,398042,398045,3,0
398042,398042,398045,3,0
398042,398042,398045,3,0
398042,398042,398045,3,0
398042,398042,398045,3,0
398042,398042,398044,2,0
398042,398042,398045,3,0
398042,398042,398045,3,0
398042,398042,398045,3,0
398042,398042,398045,3,0
398042,398042,398045,3,0
398042,398042,398045,3,0
398042,398042,398045,3,0
398042,398042,398045,3,0
398042,398042,398046,4,0
398042,398042,398046,4,0
398042,398042,398046,4,0
398042,398042,398046,4,0
398042,398042,398045,3,0
398042,398042,398046,4,0
398042,398042,398045,3,0
398042,398042,398046,4,0
398042,398042,398046,4,0
398042,398042,398046,4,0
398042,398042,398046,4,0
398042,398042,398046,4,0
398042,398042,398045,3,0
398042,398042,398046,4,0
398042,398042,398046,4,0
398042,398042,398046,4,0
398042,398042,398046,4,0
398042,398042,398045,3,0
398042,398042,398046,4,0
398042,398042,398046,4,0
398042,398042,398046,4,0
398042,398042,398046,4,0
398042,398042,398047,5,0
397661,397662,398078,416,1
398080,398081,398082,1,1
398080,398081,398083,2,1
398080,398081,398082,1,1
398080,398081,398082,1,1
398080,398081,398083,2,1
398080,398081,398082,1,1
398080,398081,398082,1,1
398080,398081,398082,1,1
398080,398081,398082,1,1
398080,398081,398083,2,1
398080,398081,398082,1,1
398080,398081,398082,1,1
398080,398081,398082,1,1
398080,398081,398082,1,1
398080,398081,398082,1,1
398080,398081,398082,1,1
398080,398081,398082,1,1
398080,398081,398083,2,1
398080,398081,398082,1,1
398080,398081,398083,2,1
398080,398081,398083,2,1
398080,398081,398084,3,1
398080,398081,398083,2,1
398080,398081,398083,2,1
398080,398081,398084,3,1
398080,398081,398083,2,1
398080,398081,398083,2,1
398080,398081,398083,2,1
398080,398081,398084,3,1
398080,398081,398083,2,1
398080,398081,398083,2,1
398080,398081,398083,2,1
398080,398081,398084,3,1
398080,398081,398083,2,1
398080,398081,398083,2,1
398080,398081,398084,3,1
398080,398081,398083,2,1
398080,398081,398084,3,1
398080,398081,398083,2,1
398080,398081,398084,3,1
398080,398081,398084,3,1
398080,398081,398084,3,1
398080,398081,398084,3,1
398080,398081,398084,3,1
398080,398081,398085,4,1
398080,398081,398084,3,1
398080,398081,398084,3,1
398080,398081,398084,3,1
398080,398081,398084,3,1
398080,398081,398085,4,1
398080,398081,398084,3,1
398080,398081,398084,3,1
398080,398081,398085,4,1
398080,398081,398084,3,1
398080,398081,398084,3,1
398080,398081,398085,4,1
398080,398081,398085,4,1
398080,398081,398084,3,1
398080,398081,398085,4,1
398080,398081,398085,4,1
398080,398081,398085,4,1
397690,397690,398090,400,0
398100,398101,398102,1,1
398100,398100,398102,2,0
398100,398100,398102,2,0
398100,398100,398102,2,0
398100,398100,398102,2,0
398100,398100,398102,2,0
398100,398100,398102,2,0
398100,398100,398102,2,0
398100,398100,398102,2,0
398100,398100,398102,2,0
398100,398100,398102,2,0
398100,398100,398102,2,0
398100,398100,398102,2,0
398100,398100,398102,2,0
398100,398100,398102,2,0
398100,398100,398102,2,0
398100,398101,398102,1,1
398100,398100,398102,2,0
398100,398101,398102,1,1
398100,398101,398102,1,1
398100,398101,398102,1,1
398100,398100,398102,2,0
398100,398100,398102,2,0
398100,398100,398102,2,0
398100,398100,398102,2,0
398100,398101,398103,2,1
398100,398100,398103,3,0
398100,398100,398103,3,0
398100,398100,398103,3,0
398100,398100,398103,3,0
398100,398100,398103,3,0
398100,398100,398103,3,0
398100,398101,398103,2,1
398100,398101,398103,2,1
398100,398101,398103,2,1
398100,398100,398103,3,0
398100,398101,398103,2,1
398100,398101,398103,2,1
398100,398101,398103,2,1
398100,398100,398104,4,0
398100,398100,398103,3,0
398100,398101,398103,2,1
398100,398101,398103,2,1
398100,398101,398104,3,1
398100,398101,398104,3,1
398100,398100,398104,4,0
398100,398100,398104,4,0
398100,398100,398104,4,0
398100,398100,398104,4,0
398100,398100,398104,4,0
398100,398100,398104,4,0
398100,398100,398104,4,0
398100,398100,398104,4,0
398100,398100,398104,4,0
398100,398100,398104,4,0
398100,398100,398104,4,0
398100,398100,398104,4,0
398100,398100,398104,4,0
398100,398100,398104,4,0
398100,398101,398104,3,1
398100,398101,398104,3,1
397683,397683,398108,425,0
397686,397687,398117,430,1
397766,397768,398119,351,2
398120,398120,398121,1,0
398120,398120,398122,2,0
398120,398120,398121,1,0
398120,398120,398122,2,0
398120,398120,398122,2,0
398120,398120,398122,2,0
398120,398120,398122,2,0
398120,398120,398122,2,0
398120,398120,398122,2,0
398120,398120,398122,2,0
398120,398120,398122,2,0
398120,398120,398122,2,0
398120,398120,398122,2,0
398120,398120,398122,2,0
398120,398120,398122,2,0
398120,398120,398121,1,0
398120,398120,398122,2,0
398120,398120,398122,2,0
398120,398120,398121,1,0
398120,398120,398121,1,0
398120,398120,398122,2,0
398120,398120,398122,2,0
398120,398120,398122,2,0
398120,398120,398121,1,0
398120,398120,398122,2,0
398120,398120,398122,2,0
398120,398120,398122,2,0
398120,398120,398123,3,0
398120,398120,398122,2,0
398120,398122,398123,1,2
398120,398120,398123,3,0
398120,398120,398123,3,0
398120,398120,398123,3,0
398120,398120,398122,2,0
398120,398120,398123,3,0
398120,398120,398123,3,0
398120,398120,398122,2,0
398120,398120,398122,2,0
398120,398120,398123,3,0
398120,398120,398123,3,0
398120,398120,398123,3,0
398120,398120,398122,2,0
398120,398121,398123,2,1
398120,398120,398123,3,0
398120,398120,398122,2,0
398120,398120,398123,3,0
398120,398120,398122,2,0
398120,398120,398124,4,0
398120,398122,398123,1,2
398120,398122,398124,2,2
398120,398120,398124,4,0
398120,398120,398124,4,0
398120,398120,398124,4,0
398120,398120,398124,4,0
398120,398122,398124,2,2
398120,398122,398124,2,2
398120,398120,398124,4,0
398120,398120,398124,4,0
398120,398120,398123,3,0
398120,398122,398123,1,2
398120,398122,398124,2,2
398120,398122,398124,2,2
398120,398120,398124,4,0
398120,398120,398124,4,0
398120,398120,398123,3,0
398120,398122,398124,2,2
398120,398122,398123,1,2
398120,398120,398123,3,0
398120,398122,398124,2,2
398120,398120,398124,4,0
398120,398120,398124,4,0
398120,398122,398124,2,2
398120,398122,398124,2,2
398120,398122,398124,2,2
398120,398120,398124,4,0
398120,398120,398124,4,0
398120,398122,398124,2,2
398120,398122,398124,2,2
398120,398120,398124,4,0
398120,398120,398124,4,0
398120,398122,398124,2,2
398120,398122,398124,2,2
398120,398124,398125,1,4
398120,398122,398125,3,2
398120,398124,398125,1,4
398120,398124,398125,1,4
398120,398124,398125,1,4
398120,398124,398125,1,4
398120,398124,398125,1,4
398120,398122,398125,3,2
398120,398122,398125,3,2
398120,398123,398125,2,3
398120,398123,398125,2,3
398120,398122,398125,3,2
398120,398122,398125,3,2
398120,398123,398126,3,3
398120,398123,398126,3,3
398120,398123,398126,3,3
398120,398123,398126,3,3
398120,398124,398126,2,4
398120,398124,398126,2,4
398120,398123,398126,3,3
398120,398124,398126,2,4
398120,398124,398126,2,4
398120,398124,398126,2,4
398120,398123,398126,3,3
398120,398123,398126,3,3
398120,398124,398126,2,4
398120,398124,398125,1,4
398120,398124,398126,2,4
398120,398122,398126,4,2
398120,398123,398126,3,3
398120,398123,398126,3,3
398120,398123,398126,3,3
398120,398123,398126,3,3
398120,398123,398126,3,3
398122,398125,398126,1,3
398122,398125,398126,1,3
398122,398125,398126,1,3
398122,398125,398127,2,3
398120,398123,398126,3,3
398120,398123,398126,3,3
398120,398123,398126,3,3
398122,398125,398126,1,3
398122,398125,398126,1,3
398122,398125,398126,1,3
398122,398125,398126,1,3
398122,398125,398126,1,3
398120,398123,398126,3,3
398122,398125,398126,1,3
398122,398125,398126,1,3
398122,398125,398126,1,3
398122,398125,398126,1,3
398122,398125,398126,1,3
398120,398122,398126,4,2
398120,398122,398126,4,2
398122,398125,398126,1,3
398122,398125,398126,1,3
398120,398123,398126,3,3
398122,398125,398126,1,3
398122,398125,398127,2,3
398122,398125,398127,2,3
398122,398125,398127,2,3
398122,398127,398128,1,5
398120,398123,398127,4,3
398122,398127,398128,1,5
398122,398127,398128,1,5
398122,398127,398128,1,5
398122,398127,398128,1,5
398122,398127,398128,1,5
398122,398126,398129,3,4
398122,398126,398128,2,4
398122,398126,398129,3,4
398122,398126,398128,2,4
398122,398126,398128,2,4
398122,398126,398129,3,4
398122,398126,398129,3,4
398122,398126,398128,2,4
398122,398127,398128,1,5
398122,398127,398128,1,5
398122,398127,398128,1,5
398122,398127,398128,1,5
398122,398127,398128,1,5
398122,398127,398128,1,5
398122,398127,398128,1,5
398122,398127,398128,1,5
398122,398126,398129,3,4
398122,398126,398129,3,4
398122,398126,398129,3,4
398122,398126,398129,3,4
398122,398126,398129,3,4
398122,398126,398129,3,4
398122,398126,398129,3,4
398122,398126,398129,3,4
398122,398126,398129,3,4
398122,398125,398129,4,3
398122,398126,398129,3,4
398122,398127,398129,2,5
398122,398127,398129,2,5
398122,398127,398129,2,5
398122,398125,398129,4,3
398122,398126,398129,3,4
398122,398126,398129,3,4
398122,398126,398129,3,4
398122,398126,398129,3,4
397769,397770,398160,390,1
397719,397722,398163,441,3
398162,398162,398164,2,0
398162,398162,398164,2,0
398162,398162,398164,2,0
398162,398162,398164,2,0
398162,398162,398164,2,0
398162,398162,398164,2,0
398162,398162,398164,2,0
398162,398162,398164,2,0
398162,398162,398164,2,0
398162,398162,398164,2,0
398162,398162,398164,2,0
398162,398162,398164,2,0
398162,398162,398164,2,0
398162,398162,398164,2,0
398162,398162,398164,2,0
398162,398162,398164,2,0
398162,398162,398164,2,0
398162,398162,398164,2,0
398162,398162,398164,2,0
398162,398162,398164,2,0
398162,398162,398164,2,0
398162,398162,398164,2,0
398162,398162,398164,2,0
398162,398162,398164,2,0
398162,398162,398164,2,0
398162,398162,398164,2,0
398162,398162,398164,2,0
398162,398162,398165,3,0
398162,398162,398164,2,0
398162,398162,398165,3,0
398162,398162,398164,2,0
398162,398162,398165,3,0
398162,398162,398165,3,0
398162,398162,398165,3,0
398162,398162,398165,3,0
398162,398162,398165,3,0
398162,398162,398165,3,0
398162,398162,398165,3,0
398162,398162,398165,3,0
398162,398162,398165,3,0
398162,398162,398164,2,0
398162,398162,398165,3,0
398162,398162,398165,3,0
398162,398162,398165,3,0
398162,398162,398165,3,0
398162,398162,398165,3,0
398162,398162,398166,4,0
398162,398162,398166,4,0
398162,398162,398166,4,0
398162,398162,398166,4,0
398162,398162,398166,4,0
398162,398162,398165,3,0
398164,398164,398166,2,0
398164,398164,398165,1,0
398164,398164,398166,2,0
398162,398162,398166,4,0
398164,398164,398166,2,0
398164,398164,398166,2,0
398164,398164,398166,2,0
398164,398165,398166,1,1
398162,398162,398166,4,0
398162,398162,398166,4,0
398164,398164,398166,2,0
398164,398164,398166,2,0
398164,398165,398166,1,1
398164,398165,398167,2,1
398162,398162,398166,4,0
398164,398164,398166,2,0
398162,398162,398166,4,0
398162,398162,398166,4,0
398164,398165,398166,1,1
398164,398165,398166,1,1
398162,398162,398166,4,0
398162,398162,398166,4,0
398164,398164,398166,2,0
398164,398165,398166,1,1
398164,398166,398168,2,2
398164,398165,398167,2,1
398164,398166,398168,2,2
398164,398166,398167,1,2
398164,398167,398168,1,3
398164,398167,398168,1,3
398164,398165,398168,3,1
398164,398165,398168,3,1
398164,398166,398168,2,2
398164,398166,398168,2,2
398164,398165,398168,3,1
398164,398165,398168,3,1
398164,398167,398168,1,3
398164,398167,398168,1,3
398164,398167,398168,1,3
398164,398165,398168,3,1
398164,398165,398168,3,1
398164,398165,398168,3,1
398164,398166,398168,2,2
398164,398164,398168,4,0
398164,398165,398168,3,1
398164,398165,398168,3,1
398164,398166,398168,2,2
398164,398166,398168,2,2
398164,398166,398168,2,2
398164,398166,398168,2,2
398164,398166,398168,2,2
398164,398166,398168,2,2
398164,398165,398168,3,1
398164,398166,398169,3,2
398164,398166,398168,2,2
398164,398166,398168,2,2
398164,398167,398168,1,3
398164,398167,398168,1,3
398164,398166,398169,3,2
398164,398167,398168,1,3
398164,398167,398168,1,3
398164,398166,398168,2,2
398164,398166,398169,3,2
398164,398166,398169,3,2
397727,397729,398173,444,2
398174,398175,398176,1,1
398174,398175,398176,1,1
398174,398175,398177,2,1
398174,398175,398176,1,1
398174,398175,398176,1,1
398174,398175,398176,1,1
398174,398175,398176,1,1
398174,398175,398176,1,1
398174,398175,398176,1,1
398174,398175,398177,2,1
398174,398175,398177,2,1
398174,398175,398176,1,1
398174,398175,398176,1,1
398174,398175,398176,1,1
398174,398175,398176,1,1
398174,398175,398177,2,1
398174,398175,398177,2,1
398174,398175,398177,2,1
398174,398175,398177,2,1
398174,398175,398177,2,1
398174,398175,398177,2,1
398174,398175,398177,2,1
398174,398175,398177,2,1
398174,398175,398177,2,1
398174,398175,398177,2,1
398174,398175,398177,2,1
398174,398175,398177,2,1
398174,398175,398177,2,1
398174,398177,398178,1,3
398174,398175,398178,3,1
398174,398175,398177,2,1
398174,398175,398177,2,1
398174,398175,398178,3,1
398174,398175,398177,2,1
398174,398175,398178,3,1
398174,398175,398179,4,1
398174,398175,398179,4,1
398174,398175,398178,3,1
398174,398175,398178,3,1
398174,398175,398178,3,1
398174,398175,398178,3,1
398174,398175,398178,3,1
398174,398175,398179,4,1
398174,398175,398178,3,1
398174,398175,398178,3,1
398174,398177,398178,1,3
398174,398177,398178,1,3
398174,398177,398178,1,3
398174,398177,398178,1,3
398174,398175,398178,3,1
398174,398175,398178,3,1
398174,398175,398178,3,1
398174,398177,398178,1,3
398174,398175,398178,3,1
398174,398175,398178,3,1
398174,398175,398178,3,1
398174,398175,398178,3,1
398174,398175,398179,4,1
398174,398175,398179,4,1
398174,398175,398180,5,1
398174,398175,398179,4,1
398162,398162,398166,4,0
398164,398164,398166,2,0
398164,398164,398166,2,0
398164,398165,398166,1,1
397803,397805,398189,384,2
398164,398187,398189,2,23
398164,398187,398189,2,23
398194,398194,398196,2,0
398194,398194,398196,2,0
398194,398194,398196,2,0
398194,398194,398196,2,0
398194,398194,398196,2,0
398194,398194,398196,2,0
398194,398194,398196,2,0
398194,398194,398196,2,0
398194,398194,398196,2,0
398194,398194,398196,2,0
398194,398194,398196,2,0
398194,398194,398196,2,0
398194,398194,398196,2,0
398194,398194,398196,2,0
398194,398194,398196,2,0
398194,398194,398196,2,0
398194,398194,398196,2,0
398194,398194,398196,2,0
398194,398194,398196,2,0
398194,398194,398196,2,0
398194,398194,398196,2,0
398194,398194,398196,2,0
398194,398194,398196,2,0
398194,398194,398196,2,0
398194,398194,398196,2,0
398194,398194,398196,2,0
398194,398194,398196,2,0
398194,398194,398197,3,0
397789,397790,398196,406,1
398194,398194,398197,3,0
398194,398194,398197,3,0
398194,398194,398196,2,0
398194,398194,398197,3,0
398194,398194,398196,2,0
398194,398194,398196,2,0
398194,398194,398197,3,0
398194,398194,398197,3,0
398194,398194,398196,2,0
398194,398194,398197,3,0
398194,398194,398197,3,0
398194,398194,398197,3,0
398194,398194,398197,3,0
398194,398194,398198,4,0
398194,398194,398198,4,0
398194,398194,398197,3,0
398194,398194,398198,4,0
398194,398194,398198,4,0
398194,398194,398197,3,0
398194,398194,398198,4,0
398194,398194,398198,4,0
398194,398194,398198,4,0
398194,398194,398197,3,0
398194,398194,398197,3,0
398194,398194,398198,4,0
398194,398194,398197,3,0
398194,398194,398198,4,0
398194,398194,398197,3,0
398194,398194,398198,4,0
398194,398194,398198,4,0
398194,398194,398198,4,0
398194,398194,398198,4,0
398194,398194,398198,4,0
398215,398216,398217,1,1
398215,398215,398217,2,0
398215,398215,398217,2,0
398215,398215,398217,2,0
398215,398215,398217,2,0
398215,398215,398217,2,0
398215,398215,398217,2,0
398215,398215,398217,2,0
398215,398215,398217,2,0
398215,398215,398217,2,0
398215,398215,398217,2,0
398215,398215,398217,2,0
398215,398215,398217,2,0
398215,398215,398217,2,0
398215,398215,398217,2,0
398215,398215,398217,2,0
398215,398215,398217,2,0
398215,398215,398217,2,0
398215,398215,398217,2,0
398215,398215,398217,2,0
398215,398215,398216,1,0
398215,398215,398217,2,0
398215,398215,398217,2,0
398215,398215,398217,2,0
398215,398215,398218,3,0
398215,398216,398217,1,1
398215,398216,398217,1,1
398215,398216,398218,2,1
398215,398215,398217,2,0
398215,398215,398218,3,0
398215,398215,398217,2,0
398215,398215,398218,3,0
398215,398215,398218,3,0
398215,398215,398218,3,0
398215,398215,398218,3,0
398215,398215,398217,2,0
398215,398215,398218,3,0
398215,398215,398218,3,0
398215,398215,398218,3,0
398215,398215,398218,3,0
398215,398215,398217,2,0
398215,398215,398218,3,0
398215,398215,398217,2,0
398215,398215,398218,3,0
398215,398215,398218,3,0
398215,398215,398219,4,0
398215,398215,398219,4,0
398215,398215,398219,4,0
398215,398215,398219,4,0
398215,398216,398219,3,1
398215,398215,398218,3,0
398215,398215,398219,4,0
398215,398215,398219,4,0
398215,398215,398218,3,0
398215,398215,398219,4,0
398215,398215,398218,3,0
398215,398215,398219,4,0
397843,397844,398220,376,1
398215,398220,398221,1,5
398215,398220,398222,2,5
398215,398220,398222,2,5
398215,398220,398223,3,5
398223,398223,398225,2,0
398223,398223,398225,2,0
398223,398223,398225,2,0
398223,398223,398225,2,0
398223,398223,398225,2,0
398223,398223,398224,1,0
398223,398223,398225,2,0
398223,398223,398225,2,0
398223,398223,398225,2,0
398223,398223,398225,2,0
398223,398223,398225,2,0
398223,398223,398224,1,0
398223,398223,398225,2,0
398223,398223,398225,2,0
398223,398223,398224,1,0
398223,398223,398224,1,0
398223,398223,398224,1,0
398223,398223,398224,1,0
398223,398223,398225,2,0
398223,398223,398225,2,0
398223,398223,398224,1,0
398223,398223,398224,1,0
398223,398223,398224,1,0
398223,398224,398225,1,1
398223,398223,398225,2,0
398223,398223,398225,2,0
398223,398223,398225,2,0
398223,398223,398225,2,0
398223,398223,398226,3,0
398223,398223,398225,2,0
398223,398223,398225,2,0
398223,398223,398225,2,0
398223,398223,398226,3,0
398223,398223,398225,2,0
398223,398223,398225,2,0
398223,398223,398225,2,0
398223,398223,398226,3,0
398223,398223,398226,3,0
398223,398223,398225,2,0
398223,398223,398226,3,0
398223,398223,398226,3,0
398223,398223,398226,3,0
398223,398223,398226,3,0
398223,398223,398226,3,0
398223,398223,398227,4,0
398223,398223,398227,4,0
398223,398223,398226,3,0
398223,398223,398226,3,0
398223,398223,398226,3,0
398223,398223,398227,4,0
398223,398223,398226,3,0
398223,398223,398227,4,0
398223,398223,398226,3,0
398223,398223,398226,3,0
398223,398223,398226,3,0
398223,398223,398226,3,0
398223,398223,398227,4,0
398223,398223,398227,4,0
398223,398223,398227,4,0
398223,398223,398226,3,0
398223,398223,398227,4,0
397742,397742,398230,488,0
398238,398238,398240,2,0
398238,398238,398240,2,0
398238,398238,398240,2,0
398238,398238,398240,2,0
398238,398238,398240,2,0
398238,398238,398240,2,0
398238,398238,398240,2,0
398238,398238,398240,2,0
398238,398238,398240,2,0
398238,398238,398240,2,0
398238,398238,398240,2,0
398238,398238,398240,2,0
398238,398238,398240,2,0
398238,398238,398240,2,0
398238,398238,398240,2,0
398238,398238,398240,2,0
398238,398238,398240,2,0
398238,398238,398240,2,0
398238,398238,398240,2,0
398238,398238,398240,2,0
398238,398238,398240,2,0
398238,398238,398240,2,0
398238,398239,398241,2,1
398238,398238,398241,3,0
398238,398238,398241,3,0
398238,398238,398240,2,0
398238,398238,398241,3,0
398238,398238,398241,3,0
398238,398238,398241,3,0
398238,398238,398241,3,0
398238,398238,398241,3,0
398238,398238,398241,3,0
398238,398238,398240,2,0
398238,398238,398240,2,0
398238,398238,398241,3,0
398238,398238,398240,2,0
398238,398238,398241,3,0
398238,398238,398242,4,0
398238,398238,398241,3,0
398238,398238,398242,4,0
398238,398238,398241,3,0
398238,398238,398242,4,0
398238,398238,398241,3,0
398238,398238,398242,4,0
398238,398238,398242,4,0
398238,398238,398241,3,0
398238,398238,398241,3,0
398238,398238,398242,4,0
398238,398238,398242,4,0
398238,398238,398242,4,0
398238,398238,398242,4,0
398238,398238,398241,3,0
398238,398238,398242,4,0
397882,397883,398245,362,1
398238,398239,398245,6,1
398238,398239,398246,7,1
398238,398239,398248,9,1
398238,398249,398251,2,11
398238,398249,398251,2,11
398238,398249,398252,3,11
398238,398249,398252,3,11
398238,398249,398252,3,11
398253,398253,398255,2,0
398253,398253,398255,2,0
398253,398253,398255,2,0
398253,398253,398255,2,0
398253,398253,398255,2,0
398253,398253,398255,2,0
398253,398253,398255,2,0
398253,398253,398255,2,0
398253,398253,398255,2,0
398253,398253,398255,2,0
398253,398253,398255,2,0
398253,398253,398255,2,0
398253,398253,398255,2,0
398253,398253,398255,2,0
398253,398253,398255,2,0
398253,398253,398255,2,0
398253,398253,398255,2,0
398253,398253,398255,2,0
398253,398253,398255,2,0
398253,398253,398255,2,0
398253,398253,398255,2,0
398253,398253,398255,2,0
398253,398253,398255,2,0
398253,398254,398255,1,1
398253,398254,398256,2,1
398253,398253,398256,3,0
398253,398253,398256,3,0
398253,398253,398255,2,0
398253,398253,398256,3,0
398253,398253,398255,2,0
398253,398253,398256,3,0
398253,398253,398256,3,0
398253,398253,398255,2,0
398253,398253,398256,3,0
398253,398253,398256,3,0
398253,398253,398256,3,0
398253,398253,398256,3,0
398253,398253,398257,4,0
398253,398253,398257,4,0
398253,398253,398257,4,0
398253,398253,398257,4,0
398253,398254,398257,3,1
398253,398254,398257,3,1
398253,398254,398257,3,1
398253,398253,398256,3,0
398253,398253,398257,4,0
398253,398253,398256,3,0
398253,398253,398257,4,0
398253,398253,398257,4,0
398253,398253,398257,4,0
398253,398253,398257,4,0
398253,398253,398257,4,0
398253,398253,398257,4,0
398253,398253,398256,3,0
398253,398253,398257,4,0
398253,398253,398257,4,0
398253,398253,398257,4,0
398253,398253,398257,4,0
398253,398253,398257,4,0
398253,398253,398256,3,0
398253,398253,398257,4,0
397921,397922,398304,382,1
397885,397886,398305,419,1
398305,398305,398306,1,0
398305,398306,398307,1,1
398305,398305,398307,2,0
398305,398305,398307,2,0
398305,398305,398307,2,0
398305,398305,398307,2,0
398305,398305,398307,2,0
398305,398305,398307,2,0
398305,398305,398307,2,0
398305,398305,398307,2,0
398305,398305,398307,2,0
398305,398305,398307,2,0
398305,398305,398307,2,0
398305,398305,398307,2,0
398305,398305,398307,2,0
398305,398305,398307,2,0
398305,398305,398307,2,0
398305,398305,398307,2,0
398305,398305,398307,2,0
398305,398305,398307,2,0
398305,398305,398307,2,0
398305,398305,398307,2,0
398305,398305,398307,2,0
398305,398305,398307,2,0
398305,398305,398307,2,0
398305,398306,398307,1,1
398305,398306,398308,2,1
398305,398306,398308,2,1
398305,398306,398307,1,1
398305,398305,398308,3,0
398305,398305,398308,3,0
398305,398305,398308,3,0
398305,398305,398308,3,0
398305,398305,398308,3,0
398305,398305,398308,3,0
398305,398305,398308,3,0
398305,398305,398308,3,0
398305,398305,398308,3,0
398305,398305,398308,3,0
398305,398305,398308,3,0
398305,398306,398309,3,1
398307,398307,398309,2,0
398305,398305,398309,4,0
398305,398305,398309,4,0
398307,398307,398309,2,0
398307,398307,398309,2,0
398307,398307,398309,2,0
398307,398307,398309,2,0
398305,398305,398309,4,0
398307,398307,398309,2,0
398307,398307,398309,2,0
398305,398305,398309,4,0
398305,398305,398309,4,0
398307,398308,398309,1,1
398307,398308,398309,1,1
398307,398308,398309,1,1
398307,398308,398309,1,1
398305,398305,398309,4,0
398305,398305,398309,4,0
398307,398308,398309,1,1
398307,398308,398309,1,1
398307,398308,398309,1,1
398307,398308,398309,1,1
398305,398305,398309,4,0
398305,398305,398309,4,0
398305,398305,398309,4,0
398307,398308,398309,1,1
398305,398305,398309,4,0
398305,398305,398310,5,0
398305,398305,398309,4,0
398305,398305,398309,4,0
398305,398305,398309,4,0
398305,398305,398309,4,0
398307,398308,398309,1,1
398305,398306,398310,4,1
398305,398306,398310,4,1
398307,398308,398310,2,1
398307,398308,398311,3,1
398307,398308,398310,2,1
398307,398310,398311,1,3
398307,398308,398310,2,1
398305,398306,398310,4,1
398305,398306,398309,3,1
398305,398306,398308,2,1
398307,398309,398312,3,2
398307,398309,398312,3,2
398307,398310,398312,2,3
398307,398310,398311,1,3
398307,398310,398311,1,3
397903,397904,398312,408,1
398307,398308,398311,3,1
398307,398308,398311,3,1
398307,398309,398311,2,2
398307,398309,398311,2,2
398307,398308,398311,3,1
398307,398308,398311,3,1
398307,398309,398311,2,2
398307,398309,398311,2,2
398307,398309,398311,2,2
398307,398310,398311,1,3
398307,398310,398311,1,3
398307,398310,398311,1,3
398307,398310,398311,1,3
398307,398310,398311,1,3
398307,398310,398311,1,3
398307,398310,398311,1,3
398307,398310,398311,1,3
398307,398310,398311,1,3
398307,398310,398311,1,3
398307,398308,398312,4,1
398307,398309,398312,3,2
398307,398310,398312,2,3
398307,398310,398312,2,3
398307,398310,398312,2,3
398307,398310,398312,2,3
398307,398310,398312,2,3
398307,398310,398312,2,3
398307,398310,398312,2,3
398307,398309,398312,3,2
398307,398309,398312,3,2
398307,398309,398312,3,2
398307,398309,398313,4,2
398307,398311,398314,3,4
398307,398311,398315,4,4
398327,398327,398329,2,0
398327,398327,398329,2,0
398327,398327,398329,2,0
398327,398327,398329,2,0
398327,398327,398329,2,0
398327,398327,398329,2,0
398327,398327,398329,2,0
398327,398327,398329,2,0
398327,398327,398329,2,0
398327,398327,398329,2,0
398327,398327,398329,2,0
398327,398327,398329,2,0
398327,398327,398329,2,0
398327,398327,398329,2,0
398327,398327,398329,2,0
397967,397967,398329,362,0
398327,398327,398329,2,0
398327,398327,398329,2,0
398327,398327,398329,2,0
398327,398327,398329,2,0
398327,398327,398329,2,0
398327,398327,398329,2,0
398327,398327,398329,2,0
398327,398328,398329,1,1
398327,398327,398329,2,0
398327,398327,398330,3,0
398327,398327,398330,3,0
398327,398327,398330,3,0
398327,398327,398330,3,0
398327,398327,398330,3,0
398327,398327,398330,3,0
398327,398327,398329,2,0
398327,398327,398330,3,0
398327,398327,398330,3,0
398327,398327,398329,2,0
398327,398327,398330,3,0
398327,398328,398330,2,1
398327,398327,398330,3,0
398327,398327,398330,3,0
398327,398327,398330,3,0
398327,398327,398330,3,0
398327,398327,398331,4,0
398327,398327,398331,4,0
398327,398327,398331,4,0
398327,398327,398331,4,0
398327,398327,398331,4,0
398327,398327,398331,4,0
398327,398327,398330,3,0
398327,398327,398331,4,0
398327,398327,398331,4,0
398327,398327,398331,4,0
398327,398327,398331,4,0
398327,398327,398331,4,0
398327,398327,398331,4,0
398327,398327,398331,4,0
398327,398327,398331,4,0
398327,398327,398331,4,0
398327,398327,398331,4,0
398327,398327,398331,4,0
398327,398327,398331,4,0
398327,398327,398331,4,0
398327,398327,398331,4,0
397940,397941,398337,396,1
397969,397970,398343,373,1
398343,398343,398344,1,0
398343,398343,398345,2,0
398343,398343,398345,2,0
398343,398343,398345,2,0
398343,398343,398345,2,0
398343,398343,398345,2,0
398343,398343,398345,2,0
398343,398343,398345,2,0
398343,398343,398345,2,0
398343,398343,398345,2,0
398343,398343,398345,2,0
398343,398343,398345,2,0
398343,398343,398345,2,0
398343,398343,398345,2,0
398343,398343,398345,2,0
398343,398343,398345,2,0
398343,398343,398345,2,0
398343,398343,398345,2,0
398343,398343,398345,2,0
398343,398343,398345,2,0
398343,398343,398345,2,0
398343,398343,398345,2,0
398343,398344,398345,1,1
398343,398344,398346,2,1
398343,398343,398346,3,0
398343,398343,398345,2,0
398343,398343,398345,2,0
398343,398343,398346,3,0
398343,398343,398346,3,0
398343,398344,398345,1,1
398343,398344,398345,1,1
398343,398344,398346,2,1
398343,398344,398345,1,1
398343,398343,398346,3,0
398343,398343,398346,3,0
398343,398343,398346,3,0
398343,398343,398346,3,0
398343,398343,398345,2,0
398343,398343,398346,3,0
398343,398343,398346,3,0
398343,398343,398346,3,0
398343,398343,398346,3,0
398343,398343,398346,3,0
398343,398343,398345,2,0
398343,398344,398346,2,1
398343,398343,398347,4,0
398343,398343,398347,4,0
398343,398343,398347,4,0
398343,398343,398346,3,0
398343,398343,398346,3,0
398343,398343,398347,4,0
398343,398343,398347,4,0
398343,398344,398347,3,1
398343,398343,398347,4,0
398343,398343,398347,4,0
398343,398343,398347,4,0
398343,398343,398347,4,0
398343,398343,398347,4,0
398343,398343,398347,4,0
398343,398344,398347,3,1
398343,398344,398347,3,1
398343,398344,398348,4,1
398357,398357,398358,1,0
398357,398357,398359,2,0
398357,398357,398359,2,0
398357,398357,398359,2,0
398357,398357,398359,2,0
398357,398357,398359,2,0
398357,398357,398359,2,0
398357,398357,398359,2,0
398357,398357,398359,2,0
398357,398357,398359,2,0
398357,398357,398359,2,0
398357,398357,398359,2,0
398357,398357,398359,2,0
398357,398357,398359,2,0
398357,398357,398359,2,0
398357,398357,398359,2,0
398357,398357,398359,2,0
398357,398357,398359,2,0
398357,398357,398359,2,0
398357,398357,398359,2,0
398357,398357,398359,2,0
398357,398357,398359,2,0
398357,398357,398359,2,0
398357,398357,398359,2,0
398357,398357,398359,2,0
398357,398357,398359,2,0
398357,398357,398359,2,0
398357,398357,398360,3,0
398357,398357,398360,3,0
398357,398357,398360,3,0
398357,398357,398360,3,0
398357,398357,398360,3,0
398357,398357,398359,2,0
398357,398357,398360,3,0
398357,398357,398360,3,0
398357,398357,398360,3,0
398357,398357,398360,3,0
398357,398359,398360,1,2
398357,398359,398360,1,2
398357,398357,398360,3,0
398357,398357,398360,3,0
398357,398357,398360,3,0
398357,398357,398361,4,0
398357,398357,398361,4,0
398357,398357,398360,3,0
398357,398357,398361,4,0
398357,398357,398361,4,0
398357,398357,398361,4,0
398357,398357,398361,4,0
398357,398357,398361,4,0
398357,398357,398361,4,0
398357,398357,398361,4,0
398357,398357,398361,4,0
398357,398359,398361,2,2
398357,398357,398361,4,0
398357,398357,398361,4,0
398357,398357,398361,4,0
398357,398357,398361,4,0
398357,398357,398361,4,0
398357,398357,398361,4,0
398357,398359,398362,3,2
398357,398359,398362,3,2
398372,398372,398374,2,0
398372,398372,398374,2,0
398372,398372,398374,2,0
398372,398372,398374,2,0
398372,398372,398374,2,0
398372,398372,398374,2,0
398372,398372,398374,2,0
398372,398372,398374,2,0
398372,398372,398374,2,0
398372,398372,398374,2,0
398372,398372,398374,2,0
398372,398372,398374,2,0
398372,398372,398374,2,0
398372,398372,398374,2,0
398372,398372,398374,2,0
398372,398372,398374,2,0
398372,398372,398374,2,0
398372,398372,398374,2,0
398372,398372,398374,2,0
398372,398372,398374,2,0
398372,398372,398374,2,0
398372,398372,398374,2,0
398372,398372,398374,2,0
398372,398372,398374,2,0
398372,398372,398374,2,0
398372,398372,398374,2,0
398372,398372,398374,2,0
398372,398373,398374,1,1
398372,398373,398374,1,1
398372,398372,398375,3,0
398372,398372,398374,2,0
398372,398372,398375,3,0
398372,398372,398375,3,0
398372,398372,398375,3,0
398372,398372,398375,3,0
398372,398372,398375,3,0
398372,398374,398375,1,2
398372,398372,398375,3,0
398372,398372,398375,3,0
398372,398372,398375,3,0
398372,398372,398375,3,0
398372,398372,398374,2,0
398372,398372,398375,3,0
398372,398372,398375,3,0
398372,398372,398376,4,0
398372,398372,398376,4,0
398372,398372,398375,3,0
398372,398372,398376,4,0
398372,398372,398376,4,0
398372,398372,398376,4,0
398372,398372,398376,4,0
398372,398372,398376,4,0
398372,398372,398376,4,0
398372,398372,398376,4,0
398372,398372,398376,4,0
398372,398372,398376,4,0
398372,398372,398376,4,0
398372,398372,398376,4,0
398372,398372,398376,4,0
398372,398372,398377,5,0
398372,398372,398377,5,0
398372,398372,398377,5,0
398082,398083,398446,363,1
398447,398447,398449,2,0
398447,398447,398449,2,0
398447,398447,398449,2,0
398447,398447,398449,2,0
398447,398447,398449,2,0
398447,398447,398449,2,0
398447,398447,398449,2,0
398447,398447,398449,2,0
398447,398447,398449,2,0
398447,398447,398449,2,0
398447,398447,398449,2,0
398447,398447,398449,2,0
398447,398447,398449,2,0
398447,398447,398449,2,0
398447,398447,398449,2,0
398447,398447,398449,2,0
398447,398447,398449,2,0
398447,398447,398449,2,0
398447,398447,398449,2,0
398447,398447,398449,2,0
398447,398447,398449,2,0
398447,398447,398449,2,0
398447,398447,398449,2,0
398447,398447,398449,2,0
398447,398447,398449,2,0
398447,398448,398449,1,1
398447,398447,398450,3,0
398447,398447,398449,2,0
398447,398447,398450,3,0
398447,398447,398450,3,0
398447,398447,398450,3,0
398447,398447,398449,2,0
398447,398447,398450,3,0
398447,398447,398449,2,0
398447,398447,398450,3,0
398447,398447,398449,2,0
398447,398447,398450,3,0
398447,398447,398450,3,0
398447,398447,398449,2,0
398447,398447,398450,3,0
398447,398447,398450,3,0
398447,398447,398450,3,0
398447,398447,398451,4,0
398447,398447,398450,3,0
398447,398447,398451,4,0
398447,398447,398451,4,0
398043,398044,398451,407,1
398447,398447,398450,3,0
398447,398447,398451,4,0
398447,398447,398451,4,0
398447,398447,398451,4,0
398447,398447,398451,4,0
398447,398447,398451,4,0
398447,398447,398451,4,0
398447,398447,398451,4,0
398447,398447,398451,4,0
398447,398447,398451,4,0
398447,398447,398451,4,0
398447,398447,398451,4,0
398447,398447,398451,4,0
398447,398447,398451,4,0
398447,398447,398451,4,0
398101,398103,398457,354,2
398466,398466,398468,2,0
398466,398466,398468,2,0
398466,398466,398468,2,0
398466,398466,398468,2,0
398466,398467,398468,1,1
398466,398467,398468,1,1
398466,398466,398468,2,0
398466,398467,398468,1,1
398466,398466,398468,2,0
398466,398466,398468,2,0
398466,398467,398468,1,1
398466,398466,398468,2,0
398466,398466,398468,2,0
398466,398467,398468,1,1
398466,398467,398469,2,1
398466,398467,398468,1,1
398466,398467,398468,1,1
398466,398466,398468,2,0
398466,398466,398468,2,0
398466,398467,398468,1,1
398466,398467,398468,1,1
398466,398466,398468,2,0
398466,398467,398468,1,1
398466,398467,398468,1,1
398466,398467,398468,1,1
398466,398466,398469,3,0
398466,398467,398469,2,1
398466,398467,398469,2,1
398466,398467,398469,2,1
398466,398467,398470,3,1
398466,398467,398469,2,1
398466,398467,398469,2,1
398466,398467,398470,3,1
398466,398467,398469,2,1
398466,398467,398469,2,1
398466,398467,398469,2,1
398466,398467,398469,2,1
398466,398467,398470,3,1
398466,398467,398469,2,1
398466,398467,398469,2,1
398466,398467,398469,2,1
398466,398467,398471,4,1
398466,398467,398470,3,1
398468,398469,398470,1,1
398466,398467,398470,3,1
398466,398467,398470,3,1
398466,398467,398470,3,1
398468,398469,398470,1,1
398466,398467,398470,3,1
398468,398469,398470,1,1
398468,398469,398470,1,1
398468,398469,398470,1,1
398466,398466,398471,5,0
398468,398469,398470,1,1
398468,398469,398470,1,1
398466,398467,398470,3,1
398468,398469,398470,1,1
398468,398469,398470,1,1
398468,398469,398470,1,1
398466,398466,398470,4,0
398466,398466,398470,4,0
398468,398469,398470,1,1
398468,398469,398470,1,1
398466,398467,398471,4,1
398466,398467,398470,3,1
398468,398469,398470,1,1
398468,398469,398470,1,1
398468,398469,398470,1,1
398468,398469,398470,1,1
398466,398467,398471,4,1
398466,398467,398470,3,1
398468,398469,398471,2,1
398466,398467,398471,4,1
398466,398467,398470,3,1
398466,398466,398471,5,0
398466,398467,398471,4,1
398466,398467,398471,4,1
398468,398469,398472,3,1
398468,398469,398471,2,1
398466,398467,398471,4,1
398468,398471,398472,1,3
398468,398471,398472,1,3
398468,398471,398472,1,3
398468,398471,398472,1,3
398468,398471,398472,1,3
398468,398471,398473,2,3
398468,398471,398473,2,3
398468,398471,398472,1,3
398468,398471,398473,2,3
398468,398471,398473,2,3
398468,398470,398473,3,2
398468,398470,398473,3,2
398468,398471,398472,1,3
398468,398471,398472,1,3
398468,398471,398472,1,3
398468,398470,398473,3,2
398468,398471,398472,1,3
398468,398471,398472,1,3
398468,398471,398472,1,3
398468,398471,398472,1,3
398468,398470,398473,3,2
398468,398470,398472,2,2
398468,398469,398472,3,1
398468,398469,398473,4,1
398468,398470,398472,2,2
398468,398470,398472,2,2
398468,398469,398472,3,1
398468,398469,398472,3,1
398468,398469,398472,3,1
398468,398470,398472,2,2
398468,398470,398472,2,2
398468,398470,398472,2,2
398468,398470,398473,3,2
398468,398470,398472,2,2
398468,398471,398473,2,3
398468,398471,398473,2,3
398468,398470,398473,3,2
398468,398470,398473,3,2
398468,398470,398473,3,2
398468,398470,398473,3,2
398468,398470,398473,3,2
398125,398127,398500,373,2
398502,398502,398504,2,0
398502,398502,398504,2,0
398502,398502,398504,2,0
398502,398502,398504,2,0
398502,398502,398504,2,0
398502,398502,398504,2,0
398502,398502,398504,2,0
398502,398502,398504,2,0
398502,398502,398504,2,0
398502,398502,398504,2,0
398502,398502,398504,2,0
398502,398502,398504,2,0
398502,398502,398504,2,0
398502,398502,398504,2,0
398502,398502,398504,2,0
398502,398503,398504,1,1
398502,398502,398504,2,0
398502,398502,398504,2,0
398502,398502,398504,2,0
398502,398502,398504,2,0
398502,398503,398504,1,1
398502,398503,398505,2,1
398502,398503,398504,1,1
398502,398503,398504,1,1
398502,398502,398505,3,0
398502,398502,398505,3,0
398502,398502,398504,2,0
398502,398502,398504,2,0
398502,398502,398505,3,0
398502,398502,398505,3,0
398502,398502,398505,3,0
398502,398502,398505,3,0
398502,398502,398505,3,0
398502,398502,398504,2,0
398502,398502,398505,3,0
398502,398502,398505,3,0
398502,398502,398505,3,0
398502,398502,398505,3,0
398502,398502,398506,4,0
398502,398502,398506,4,0
398502,398502,398506,4,0
398502,398502,398506,4,0
398502,398502,398506,4,0
398502,398502,398506,4,0
398502,398502,398506,4,0
398502,398502,398506,4,0
398502,398502,398506,4,0
398502,398502,398506,4,0
398502,398502,398506,4,0
398502,398502,398506,4,0
398502,398502,398506,4,0
398502,398502,398506,4,0
398502,398502,398506,4,0
398502,398502,398506,4,0
398502,398502,398506,4,0
398502,398502,398506,4,0
398502,398502,398507,5,0
398123,398127,398508,381,4
398502,398502,398508,6,0
398510,398510,398512,2,0
398510,398510,398512,2,0
398510,398510,398512,2,0
398510,398510,398512,2,0
398510,398510,398512,2,0
398510,398510,398512,2,0
398510,398510,398512,2,0
398510,398510,398512,2,0
398510,398510,398512,2,0
398510,398510,398512,2,0
398510,398510,398512,2,0
398510,398510,398512,2,0
398510,398510,398512,2,0
398510,398510,398512,2,0
398510,398510,398512,2,0
398510,398510,398512,2,0
398510,398510,398512,2,0
398510,398510,398512,2,0
398510,398510,398512,2,0
398510,398510,398512,2,0
398510,398510,398513,3,0
398510,398510,398513,3,0
398510,398512,398513,1,2
398510,398510,398513,3,0
398510,398510,398513,3,0
398510,398510,398512,2,0
398510,398510,398513,3,0
398510,398510,398513,3,0
398510,398512,398513,1,2
398510,398510,398513,3,0
398510,398510,398513,3,0
398510,398510,398513,3,0
398510,398510,398513,3,0
398510,398510,398513,3,0
398510,398510,398513,3,0
398510,398510,398513,3,0
398510,398510,398514,4,0
398510,398510,398514,4,0
398510,398510,398514,4,0
398510,398510,398514,4,0
398510,398510,398514,4,0
398510,398512,398513,1,2
398510,398512,398513,1,2
398510,398510,398514,4,0
398510,398510,398514,4,0
398510,398510,398514,4,0
398510,398510,398514,4,0
398510,398510,398514,4,0
398510,398510,398514,4,0
398510,398510,398514,4,0
398510,398510,398515,5,0
398510,398510,398515,5,0
398510,398510,398516,6,0
398502,398502,398505,3,0
398502,398503,398506,3,1
398502,398503,398505,2,1
398510,398523,398524,1,13
398510,398523,398524,1,13
398510,398523,398524,1,13
398510,398522,398525,3,12
398510,398522,398525,3,12
398510,398522,398525,3,12
398510,398523,398526,3,13
398510,398523,398526,3,13
398510,398523,398525,2,13
398121,398124,398535,411,3
398541,398541,398542,1,0
398541,398541,398542,1,0
398541,398541,398543,2,0
398541,398541,398542,1,0
398541,398541,398542,1,0
398541,398541,398543,2,0
398541,398541,398543,2,0
398541,398541,398543,2,0
398541,398541,398543,2,0
398541,398541,398543,2,0
398541,398541,398542,1,0
398541,398541,398543,2,0
398541,398541,398543,2,0
398541,398541,398543,2,0
398541,398541,398543,2,0
398541,398541,398543,2,0
398541,398541,398543,2,0
398541,398541,398543,2,0
398541,398541,398543,2,0
398541,398541,398543,2,0
398541,398541,398543,2,0
398541,398541,398543,2,0
398541,398541,398543,2,0
398541,398541,398544,3,0
398541,398541,398543,2,0
398541,398541,398543,2,0
398541,398541,398544,3,0
398541,398541,398544,3,0
398541,398541,398543,2,0
398541,398541,398543,2,0
398541,398541,398544,3,0
398541,398541,398544,3,0
398541,398541,398543,2,0
398541,398541,398544,3,0
398541,398541,398544,3,0
398541,398541,398545,4,0
398541,398541,398545,4,0
398541,398541,398545,4,0
398541,398541,398545,4,0
398541,398541,398545,4,0
398541,398541,398545,4,0
398541,398541,398544,3,0
398541,398541,398544,3,0
398541,398541,398545,4,0
398541,398541,398544,3,0
398541,398541,398545,4,0
398541,398541,398544,3,0
398541,398541,398545,4,0
398541,398541,398545,4,0
398541,398541,398544,3,0
398541,398541,398545,4,0
398541,398541,398545,4,0
398541,398541,398545,4,0
398541,398541,398546,5,0
398541,398541,398546,5,0
398541,398541,398545,4,0
398163,398164,398564,400,1
398541,398563,398565,2,22
398541,398563,398565,2,22
398541,398563,398566,3,22
398565,398565,398567,2,0
398565,398565,398567,2,0
398565,398565,398567,2,0
398565,398566,398567,1,1
398565,398566,398567,1,1
398565,398565,398567,2,0
398565,398565,398567,2,0
398565,398565,398567,2,0
398565,398565,398567,2,0
398565,398565,398567,2,0
398565,398565,398567,2,0
398565,398565,398567,2,0
398565,398565,398567,2,0
398565,398565,398567,2,0
398565,398565,398567,2,0
398565,398565,398567,2,0
398565,398565,398567,2,0
398565,398565,398567,2,0
398565,398565,398567,2,0
398565,398565,398567,2,0
398541,398563,398567,4,22
398541,398563,398567,4,22
398565,398565,398567,2,0
398565,398565,398567,2,0
398565,398565,398568,3,0
398565,398565,398567,2,0
398565,398565,398568,3,0
398565,398565,398568,3,0
398565,398567,398568,1,2
398565,398565,398568,3,0
398565,398566,398568,2,1
398565,398566,398568,2,1
398565,398565,398568,3,0
398565,398565,398568,3,0
398565,398565,398568,3,0
398565,398565,398568,3,0
398565,398565,398568,3,0
398565,398565,398568,3,0
398565,398566,398568,2,1
398565,398566,398568,2,1
398565,398565,398568,3,0
398565,398565,398568,3,0
398565,398565,398569,4,0
398565,398565,398569,4,0
398565,398565,398569,4,0
398565,398565,398569,4,0
398565,398565,398569,4,0
398565,398566,398569,3,1
398565,398566,398569,3,1
398565,398565,398569,4,0
398565,398565,398569,4,0
398565,398565,398569,4,0
398565,398565,398569,4,0
398565,398568,398569,1,3
398565,398565,398569,4,0
398565,398565,398569,4,0
398565,398565,398569,4,0
398565,398565,398569,4,0
398565,398570,398571,1,5
398565,398570,398572,2,5
398565,398570,398572,2,5
398565,398570,398573,3,5
398565,398570,398574,4,5
398216,398217,398582,365,1
398166,398167,398587,420,1
398176,398177,398594,417,1
398594,398594,398595,1,0
398594,398594,398595,1,0
398594,398594,398596,2,0
398594,398594,398596,2,0
398594,398594,398595,1,0
398594,398594,398596,2,0
398594,398594,398596,2,0
398594,398594,398595,1,0
398594,398594,398596,2,0
398594,398594,398596,2,0
398594,398594,398596,2,0
398594,398594,398596,2,0
398594,398594,398596,2,0
398594,398594,398596,2,0
398594,398594,398596,2,0
398594,398594,398595,1,0
398594,398594,398596,2,0
398594,398594,398596,2,0
398594,398594,398596,2,0
398594,398595,398596,1,1
398594,398594,398595,1,0
398594,398594,398596,2,0
398594,398594,398596,2,0
398594,398594,398596,2,0
398594,398594,398596,2,0
398594,398594,398595,1,0
398594,398594,398596,2,0
398594,398594,398596,2,0
398594,398594,398596,2,0
398594,398594,398596,2,0
398594,398594,398596,2,0
398594,398594,398596,2,0
398594,398596,398597,1,2
398594,398594,398596,2,0
398594,398594,398596,2,0
398594,398594,398596,2,0
398594,398594,398597,3,0
398594,398594,398596,2,0
398594,398594,398597,3,0
398594,398594,398597,3,0
398594,398594,398597,3,0
398594,398594,398596,2,0
398594,398594,398597,3,0
398594,398594,398596,2,0
398594,398594,398597,3,0
398594,398594,398597,3,0
398594,398594,398598,4,0
398594,398594,398597,3,0
398594,398594,398597,3,0
398594,398596,398597,1,2
398594,398596,398597,1,2
398594,398594,398598,4,0
398594,398594,398597,3,0
398594,398596,398597,1,2
398594,398594,398597,3,0
398594,398594,398598,4,0
398594,398596,398597,1,2
398594,398596,398597,1,2
398594,398594,398597,3,0
398594,398594,398597,3,0
398594,398596,398597,1,2
398594,398594,398597,3,0
398594,398596,398597,1,2
398594,398596,398597,1,2
398594,398594,398597,3,0
398594,398594,398597,3,0
398594,398596,398597,1,2
398594,398596,398597,1,2
398594,398596,398597,1,2
398594,398594,398598,4,0
398594,398594,398597,3,0
398594,398596,398598,2,2
398594,398596,398598,2,2
398594,398594,398597,3,0
398594,398594,398598,4,0
398594,398594,398598,4,0
398594,398596,398597,1,2
398594,398594,398597,3,0
398594,398594,398598,4,0
398594,398596,398598,2,2
398594,398596,398598,2,2
398594,398598,398599,1,4
398594,398597,398599,2,3
398594,398597,398599,2,3
398594,398596,398599,3,2
398594,398596,398599,3,2
398594,398597,398599,2,3
398594,398596,398598,2,2
398594,398596,398599,3,2
398594,398596,398599,3,2
398594,398597,398599,2,3
398594,398597,398599,2,3
398594,398596,398598,2,2
398594,398596,398599,3,2
398594,398597,398599,2,3
398594,398596,398599,3,2
398594,398596,398599,3,2
398594,398597,398599,2,3
398594,398596,398599,3,2
398594,398597,398599,2,3
398594,398596,398599,3,2
398594,398596,398600,4,2
398594,398597,398600,3,3
398594,398598,398600,2,4
398594,398598,398600,2,4
398594,398597,398600,3,3
398594,398597,398600,3,3
398594,398598,398599,1,4
398594,398598,398600,2,4
398596,398598,398600,2,2
398594,398597,398600,3,3
398594,398598,398600,2,4
398594,398598,398600,2,4
398594,398598,398600,2,4
398594,398598,398600,2,4
398594,398597,398600,3,3
398594,398597,398600,3,3
398594,398597,398600,3,3
398594,398598,398599,1,4
398596,398598,398600,2,2
398594,398597,398600,3,3
398594,398598,398600,2,4
398594,398598,398600,2,4
398594,398598,398599,1,4
398594,398598,398600,2,4
398596,398598,398600,2,2
398596,398598,398600,2,2
398596,398598,398600,2,2
398596,398598,398600,2,2
398596,398598,398600,2,2
398596,398598,398600,2,2
398596,398598,398600,2,2
398596,398598,398600,2,2
398596,398598,398600,2,2
398596,398598,398600,2,2
398596,398598,398600,2,2
398596,398598,398600,2,2
398596,398598,398600,2,2
398596,398598,398600,2,2
398596,398598,398600,2,2
398596,398598,398600,2,2
398594,398598,398600,2,4
398195,398196,398601,405,1
398596,398598,398601,3,2
398596,398601,398602,1,5
398596,398601,398602,1,5
398596,398601,398602,1,5
398596,398601,398602,1,5
398596,398599,398602,3,3
398596,398601,398602,1,5
398596,398601,398602,1,5
398596,398601,398602,1,5
398596,398601,398602,1,5
398596,398601,398602,1,5
398596,398601,398602,1,5
398596,398601,398602,1,5
398596,398601,398602,1,5
398596,398601,398602,1,5
398596,398600,398602,2,4
398596,398600,398602,2,4
398596,398600,398603,3,4
398596,398600,398602,2,4
398596,398600,398602,2,4
398596,398600,398602,2,4
398596,398600,398603,3,4
398596,398600,398602,2,4
398596,398600,398602,2,4
398596,398600,398602,2,4
398596,398600,398602,2,4
398596,398600,398602,2,4
398596,398600,398602,2,4
398596,398600,398602,2,4
398596,398600,398602,2,4
398596,398600,398603,3,4
398596,398600,398603,3,4
398596,398600,398603,3,4
398596,398600,398603,3,4
398596,398600,398603,3,4
398596,398601,398603,2,5
398596,398600,398603,3,4
398596,398600,398603,3,4
398596,398600,398603,3,4
398596,398600,398603,3,4
398596,398600,398603,3,4
398596,398600,398603,3,4
398596,398600,398603,3,4
398254,398255,398621,366,1
398631,398632,398633,1,1
398631,398632,398633,1,1
398631,398632,398633,1,1
398631,398632,398633,1,1
398631,398632,398633,1,1
398631,398632,398633,1,1
398631,398632,398634,2,1
398631,398632,398633,1,1
398631,398632,398633,1,1
398631,398632,398634,2,1
398631,398632,398634,2,1
398631,398632,398633,1,1
398631,398632,398633,1,1
398631,398632,398633,1,1
398631,398632,398633,1,1
398631,398632,398633,1,1
398631,398632,398633,1,1
398631,398632,398634,2,1
398631,398632,398633,1,1
398631,398632,398633,1,1
398631,398632,398633,1,1
398631,398632,398633,1,1
398631,398632,398633,1,1
398631,398632,398633,1,1
398631,398632,398633,1,1
398631,398632,398633,1,1
398631,398632,398634,2,1
398631,398632,398633,1,1
398631,398632,398633,1,1
398631,398632,398634,2,1
398631,398632,398634,2,1
398631,398632,398634,2,1
398631,398632,398634,2,1
398631,398632,398634,2,1
398631,398632,398634,2,1
398631,398632,398635,3,1
398631,398632,398634,2,1
398631,398632,398635,3,1
398631,398632,398634,2,1
398631,398632,398634,2,1
398631,398632,398635,3,1
398631,398632,398635,3,1
398631,398632,398634,2,1
398631,398632,398634,2,1
398631,398633,398634,1,2
398631,398632,398635,3,1
398631,398632,398634,2,1
398631,398632,398635,3,1
398631,398632,398635,3,1
398631,398634,398635,1,3
398631,398632,398635,3,1
398631,398632,398635,3,1
398631,398632,398635,3,1
398631,398632,398635,3,1
398631,398634,398635,1,3
398631,398634,398635,1,3
398631,398632,398635,3,1
398631,398632,398635,3,1
398631,398634,398635,1,3
398631,398634,398635,1,3
398631,398634,398636,2,3
398631,398632,398635,3,1
398631,398634,398635,1,3
398631,398634,398635,1,3
398631,398634,398635,1,3
398631,398634,398635,1,3
398631,398634,398635,1,3
398631,398634,398635,1,3
398631,398632,398636,4,1
398631,398632,398635,3,1
398631,398634,398635,1,3
398631,398634,398635,1,3
398631,398632,398635,3,1
398631,398632,398635,3,1
398631,398632,398635,3,1
398631,398634,398635,1,3
398631,398632,398635,3,1
398631,398632,398635,3,1
398631,398634,398635,1,3
398631,398634,398636,2,3
398631,398636,398637,1,5
398631,398636,398637,1,5
398631,398636,398637,1,5
398631,398636,398637,1,5
398631,398635,398637,2,4
398631,398634,398636,2,3
398631,398634,398637,3,3
398631,398634,398637,3,3
398631,398635,398637,2,4
398631,398634,398636,2,3
398631,398634,398636,2,3
398631,398634,398637,3,3
398631,398634,398637,3,3
398631,398634,398637,3,3
398631,398635,398637,2,4
398631,398636,398637,1,5
398631,398636,398638,2,5
398631,398635,398638,3,4
398631,398636,398638,2,5
398631,398636,398638,2,5
398631,398636,398638,2,5
398631,398635,398638,3,4
398631,398636,398638,2,5
398631,398636,398638,2,5
398631,398635,398637,2,4
398631,398635,398637,2,4
398631,398635,398638,3,4
398631,398635,398638,3,4
398631,398635,398637,2,4
398631,398635,398638,3,4
398631,398636,398637,1,5
398631,398636,398637,1,5
398631,398636,398637,1,5
398631,398634,398637,3,3
398631,398634,398637,3,3
398631,398635,398637,2,4
398631,398634,398637,3,3
398631,398635,398637,2,4
398631,398635,398637,2,4
398631,398635,398637,2,4
398239,398240,398652,412,1
398631,398635,398639,4,4
398631,398635,398638,3,4
398631,398635,398638,3,4
398224,398225,398655,430,1
398654,398655,398656,1,1
398654,398655,398656,1,1
398654,398655,398656,1,1
398654,398655,398656,1,1
398654,398655,398656,1,1
398654,398655,398656,1,1
398654,398655,398656,1,1
398654,398655,398656,1,1
398654,398655,398656,1,1
398654,398655,398656,1,1
398654,398655,398656,1,1
398654,398655,398656,1,1
398654,398655,398656,1,1
398654,398655,398656,1,1
398654,398655,398656,1,1
398654,398655,398657,2,1
398654,398655,398657,2,1
398654,398655,398656,1,1
398654,398656,398657,1,2
398654,398655,398656,1,1
398654,398655,398656,1,1
398654,398655,398656,1,1
398654,398655,398657,2,1
398654,398655,398657,2,1
398654,398655,398657,2,1
398654,398655,398657,2,1
398654,398655,398657,2,1
398654,398655,398657,2,1
398654,398655,398657,2,1
398654,398655,398658,3,1
398654,398655,398657,2,1
398654,398655,398657,2,1
398654,398655,398658,3,1
398654,398655,398658,3,1
398654,398655,398657,2,1
398654,398655,398657,2,1
398654,398655,398657,2,1
398654,398655,398657,2,1
398654,398655,398657,2,1
398654,398656,398658,2,2
398654,398656,398657,1,2
398654,398656,398657,1,2
398654,398655,398658,3,1
398654,398655,398658,3,1
398654,398655,398657,2,1
398654,398655,398658,3,1
398654,398655,398657,2,1
398654,398655,398658,3,1
398654,398655,398658,3,1
398654,398655,398658,3,1
398654,398655,398658,3,1
398654,398655,398658,3,1
398654,398655,398658,3,1
398654,398655,398658,3,1
398654,398655,398658,3,1
398654,398655,398658,3,1
398654,398655,398658,3,1
398654,398656,398659,3,2
398654,398655,398658,3,1
398654,398655,398658,3,1
398654,398655,398659,4,1
398675,398675,398677,2,0
398675,398675,398677,2,0
398675,398675,398677,2,0
398675,398675,398677,2,0
398675,398675,398677,2,0
398675,398675,398677,2,0
398675,398675,398677,2,0
398675,398675,398677,2,0
398675,398675,398676,1,0
398675,398675,398677,2,0
398675,398675,398677,2,0
398675,398675,398677,2,0
398675,398675,398677,2,0
398675,398675,398677,2,0
398675,398675,398677,2,0
398675,398675,398677,2,0
398675,398675,398677,2,0
398675,398675,398677,2,0
398675,398675,398677,2,0
398675,398675,398677,2,0
398675,398675,398677,2,0
398675,398675,398677,2,0
398675,398675,398677,2,0
398675,398675,398677,2,0
398675,398676,398677,1,1
398675,398676,398678,2,1
398675,398676,398678,2,1
398675,398675,398678,3,0
398675,398675,398678,3,0
398675,398675,398678,3,0
398675,398675,398678,3,0
398675,398675,398677,2,0
398675,398675,398678,3,0
398675,398675,398677,2,0
398675,398675,398678,3,0
398675,398675,398678,3,0
398675,398675,398677,2,0
398675,398675,398678,3,0
398675,398675,398678,3,0
398675,398675,398678,3,0
398675,398675,398678,3,0
398675,398675,398678,3,0
398675,398676,398679,3,1
398675,398675,398678,3,0
398675,398675,398679,4,0
398675,398675,398678,3,0
398675,398675,398678,3,0
398675,398675,398679,4,0
398675,398675,398678,3,0
398675,398675,398678,3,0
398675,398675,398679,4,0
398675,398675,398678,3,0
398675,398675,398679,4,0
398675,398675,398679,4,0
398675,398675,398679,4,0
398675,398698,398699,1,23
398675,398698,398699,1,23
398675,398698,398700,2,23
398675,398698,398701,3,23
398675,398698,398701,3,23
398675,398698,398701,3,23
398328,398329,398717,388,1
398306,398306,398718,412,0
398308,398310,398718,408,2
398719,398719,398720,1,0
398719,398719,398721,2,0
398719,398719,398721,2,0
398719,398719,398721,2,0
398719,398719,398721,2,0
398719,398720,398721,1,1
398719,398719,398721,2,0
398719,398719,398721,2,0
398719,398719,398721,2,0
398719,398719,398721,2,0
398719,398719,398721,2,0
398719,398719,398721,2,0
398719,398719,398721,2,0
398719,398719,398721,2,0
398719,398719,398721,2,0
398719,398719,398721,2,0
398719,398719,398721,2,0
398719,398719,398721,2,0
398719,398719,398721,2,0
398719,398719,398721,2,0
398719,398719,398721,2,0
398719,398719,398721,2,0
398719,398719,398721,2,0
398719,398719,398721,2,0
398719,398719,398721,2,0
398721,398721,398722,1,0
398719,398719,398722,3,0
398719,398719,398721,2,0
398721,398721,398722,1,0
398721,398721,398722,1,0
398721,398721,398722,1,0
398719,398719,398722,3,0
398719,398719,398722,3,0
398719,398719,398721,2,0
398719,398719,398721,2,0
398719,398720,398721,1,1
398719,398720,398722,2,1
398719,398720,398722,2,1
398719,398719,398721,2,0
398719,398719,398722,3,0
398719,398719,398721,2,0
398719,398719,398722,3,0
398719,398719,398721,2,0
398719,398719,398722,3,0
398719,398719,398722,3,0
398719,398719,398722,3,0
398719,398719,398721,2,0
398719,398719,398723,4,0
398719,398719,398722,3,0
398719,398719,398723,4,0
398721,398721,398722,1,0
398719,398719,398723,4,0
398719,398719,398723,4,0
398719,398719,398722,3,0
398719,398719,398722,3,0
398719,398720,398723,3,1
398719,398720,398723,3,1
398721,398721,398722,1,0
398719,398719,398723,4,0
398719,398719,398722,3,0
398721,398721,398723,2,0
398721,398721,398723,2,0
398721,398721,398723,2,0
398719,398719,398723,4,0
398719,398719,398722,3,0
398721,398721,398722,1,0
398721,398721,398723,2,0
398719,398719,398722,3,0
398721,398721,398723,2,0
398721,398721,398722,1,0
398721,398721,398722,1,0
398719,398719,398723,4,0
398719,398719,398723,4,0
398721,398721,398722,1,0
398721,398721,398723,2,0
398721,398721,398723,2,0
398721,398721,398723,2,0
398719,398719,398723,4,0
398719,398719,398723,4,0
398721,398721,398723,2,0
398719,398719,398723,4,0
398721,398723,398724,1,2
398721,398723,398724,1,2
398721,398723,398724,1,2
398721,398721,398724,3,0
398721,398721,398724,3,0
398721,398721,398724,3,0
398721,398722,398724,2,1
398721,398722,398724,2,1
398721,398722,398724,2,1
398721,398722,398724,2,1
398721,398722,398725,3,1
398721,398722,398724,2,1
398721,398723,398725,2,2
398721,398723,398724,1,2
398721,398723,398725,2,2
398721,398723,398725,2,2
398721,398723,398725,2,2
398721,398723,398724,1,2
398721,398722,398725,3,1
398721,398722,398725,3,1
398721,398722,398725,3,1
398721,398722,398725,3,1
398721,398722,398725,3,1
398721,398723,398725,2,2
398721,398723,398725,2,2
398721,398723,398724,1,2
398721,398722,398725,3,1
398721,398722,398724,2,1
398723,398723,398725,2,0
398723,398723,398725,2,0
398723,398723,398725,2,0
398721,398722,398725,3,1
398721,398723,398725,2,2
398723,398723,398725,2,0
398723,398723,398725,2,0
398723,398723,398725,2,0
398723,398723,398725,2,0
398721,398722,398725,3,1
398721,398722,398724,2,1
398721,398723,398725,2,2
398721,398723,398725,2,2
398723,398723,398725,2,0
398723,398723,398725,2,0
398723,398723,398725,2,0
398723,398723,398725,2,0
398723,398723,398725,2,0
398723,398723,398725,2,0
398723,398723,398725,2,0
398723,398723,398725,2,0
398723,398723,398725,2,0
398723,398723,398725,2,0
398721,398722,398725,3,1
398721,398722,398725,3,1
398721,398722,398725,3,1
398723,398724,398726,2,1
398721,398722,398726,4,1
398721,398722,398725,3,1
398721,398722,398725,3,1
398721,398722,398725,3,1
398721,398722,398725,3,1
398721,398722,398725,3,1
398723,398724,398726,2,1
398723,398724,398727,3,1
398723,398724,398727,3,1
398723,398726,398727,1,3
398723,398726,398727,1,3
398723,398726,398727,1,3
398723,398726,398727,1,3
398723,398726,398727,1,3
398723,398726,398727,1,3
398723,398726,398727,1,3
398723,398726,398727,1,3
398723,398726,398727,1,3
398723,398726,398727,1,3
398723,398726,398727,1,3
398723,398725,398727,2,2
398723,398725,398727,2,2
398723,398725,398727,2,2
398723,398726,398727,1,3
398723,398725,398728,3,2
398723,398725,398728,3,2
398723,398725,398728,3,2
398723,398725,398728,3,2
398723,398725,398728,3,2
398723,398725,398728,3,2
398723,398725,398728,3,2
398723,398725,398728,3,2
398723,398725,398728,3,2
398723,398725,398728,3,2
398723,398726,398728,2,3
398723,398726,398728,2,3
398723,398726,398728,2,3
398723,398726,398728,2,3
398723,398725,398728,3,2
398723,398725,398728,3,2
398723,398725,398728,3,2
398344,398344,398729,385,0
398723,398725,398728,3,2
398723,398725,398728,3,2
398723,398725,398728,3,2
398723,398725,398728,3,2
398723,398725,398728,3,2
398723,398725,398728,3,2
398723,398725,398728,3,2
398723,398725,398728,3,2
398755,398755,398757,2,0
398755,398755,398757,2,0
398755,398755,398757,2,0
398755,398755,398756,1,0
398755,398755,398756,1,0
398755,398755,398757,2,0
398755,398755,398757,2,0
398755,398755,398757,2,0
398755,398755,398757,2,0
398755,398755,398756,1,0
398755,398755,398756,1,0
398755,398755,398757,2,0
398755,398755,398757,2,0
398755,398755,398756,1,0
398755,398755,398757,2,0
398755,398755,398757,2,0
398755,398755,398756,1,0
398755,398755,398757,2,0
398755,398755,398756,1,0
398755,398755,398757,2,0
398755,398755,398757,2,0
398755,398755,398757,2,0
398755,398755,398756,1,0
398755,398755,398756,1,0
398755,398755,398756,1,0
398755,398755,398757,2,0
398755,398755,398757,2,0
398755,398755,398757,2,0
398755,398755,398757,2,0
398755,398755,398758,3,0
398755,398755,398758,3,0
398755,398755,398757,2,0
398755,398755,398758,3,0
398755,398755,398757,2,0
398755,398755,398757,2,0
398755,398755,398758,3,0
398755,398755,398758,3,0
398755,398755,398757,2,0
398755,398755,398758,3,0
398755,398755,398758,3,0
398755,398755,398758,3,0
398755,398755,398758,3,0
398755,398755,398757,2,0
398755,398755,398758,3,0
398755,398755,398758,3,0
398755,398755,398759,4,0
398755,398755,398759,4,0
398755,398755,398758,3,0
398755,398755,398759,4,0
398755,398755,398759,4,0
398755,398755,398759,4,0
398755,398755,398758,3,0
398755,398755,398759,4,0
398755,398755,398759,4,0
398755,398755,398758,3,0
398755,398755,398759,4,0
398755,398755,398758,3,0
398755,398755,398758,3,0
398755,398755,398758,3,0
398755,398755,398759,4,0
398755,398755,398759,4,0
398448,398449,398773,324,1
398358,398358,398781,423,0
398373,398374,398781,407,1
398784,398784,398785,1,0
398784,398784,398786,2,0
398784,398784,398786,2,0
398784,398784,398786,2,0
398784,398784,398786,2,0
398784,398784,398786,2,0
398784,398784,398786,2,0
398784,398784,398786,2,0
398784,398784,398786,2,0
398784,398784,398786,2,0
398784,398784,398786,2,0
398784,398784,398786,2,0
398784,398784,398786,2,0
398784,398784,398786,2,0
398784,398784,398786,2,0
398784,398784,398786,2,0
398784,398784,398786,2,0
398784,398784,398786,2,0
398784,398784,398786,2,0
398784,398784,398786,2,0
398784,398784,398787,3,0
398784,398784,398787,3,0
398784,398784,398787,3,0
398784,398784,398787,3,0
398784,398784,398786,2,0
398784,398784,398786,2,0
398784,398784,398786,2,0
398784,398784,398787,3,0
398784,398784,398787,3,0
398784,398784,398786,2,0
398784,398784,398786,2,0
398784,398784,398787,3,0
398784,398784,398787,3,0
398784,398784,398787,3,0
398784,398784,398787,3,0
398784,398784,398787,3,0
398784,398785,398787,2,1
398784,398784,398787,3,0
398784,398784,398787,3,0
398784,398784,398787,3,0
398784,398785,398787,2,1
398784,398784,398788,4,0
398784,398784,398788,4,0
398784,398786,398788,2,2
398784,398784,398787,3,0
398784,398784,398788,4,0
398784,398784,398788,4,0
398784,398784,398788,4,0
398784,398786,398788,2,2
398784,398786,398788,2,2
398784,398786,398788,2,2
398784,398784,398787,3,0
398784,398784,398787,3,0
398784,398786,398788,2,2
398784,398784,398788,4,0
398784,398784,398788,4,0
398784,398786,398788,2,2
398784,398786,398788,2,2
398784,398786,398788,2,2
398784,398784,398789,5,0
398784,398784,398788,4,0
398784,398784,398788,4,0
398784,398786,398788,2,2
398784,398786,398788,2,2
398784,398784,398788,4,0
398784,398784,398788,4,0
398784,398786,398788,2,2
398784,398786,398788,2,2
398784,398786,398788,2,2
398784,398784,398788,4,0
398784,398784,398788,4,0
398784,398786,398788,2,2
398784,398786,398788,2,2
398784,398786,398788,2,2
398784,398784,398788,4,0
398784,398784,398788,4,0
398784,398786,398788,2,2
398784,398784,398789,5,0
398784,398784,398788,4,0
398784,398784,398789,5,0
398784,398789,398790,1,5
398784,398789,398790,1,5
398784,398784,398789,5,0
398784,398789,398790,1,5
398784,398786,398789,3,2
398784,398788,398790,2,4
398784,398787,398791,4,3
398784,398789,398790,1,5
398784,398788,398791,3,4
398784,398788,398791,3,4
398784,398789,398790,1,5
398784,398789,398790,1,5
398784,398789,398790,1,5
398784,398788,398790,2,4
398784,398789,398790,1,5
398784,398789,398790,1,5
398784,398789,398790,1,5
398784,398787,398791,4,3
398784,398789,398790,1,5
398784,398789,398790,1,5
398784,398787,398790,3,3
398784,398788,398790,2,4
398784,398788,398790,2,4
398786,398789,398790,1,3
398786,398789,398790,1,3
398786,398789,398790,1,3
398784,398788,398790,2,4
398784,398788,398790,2,4
398786,398789,398790,1,3
398786,398789,398790,1,3
398786,398789,398790,1,3
398786,398789,398790,1,3
398784,398788,398790,2,4
398784,398788,398790,2,4
398786,398789,398790,1,3
398786,398789,398790,1,3
398786,398789,398790,1,3
398784,398788,398790,2,4
398784,398788,398790,2,4
398784,398788,398790,2,4
398786,398789,398790,1,3
398786,398789,398790,1,3
398786,398789,398790,1,3
398786,398789,398790,1,3
398786,398789,398790,1,3
398784,398787,398791,4,3
398784,398788,398791,3,4
398784,398788,398791,3,4
398784,398788,398791,3,4
398784,398787,398791,4,3
398784,398787,398791,4,3
398784,398787,398791,4,3
398784,398788,398791,3,4
398784,398787,398791,4,3
398784,398787,398791,4,3
398784,398787,398791,4,3
398786,398790,398791,1,4
398786,398790,398791,1,4
398786,398790,398791,1,4
398784,398787,398791,4,3
398784,398787,398791,4,3
398786,398790,398792,2,4
398786,398790,398792,2,4
398786,398791,398793,2,5
398786,398791,398793,2,5
398786,398791,398793,2,5
398786,398791,398793,2,5
398786,398791,398793,2,5
398786,398791,398793,2,5
398786,398791,398793,2,5
398786,398791,398793,2,5
398786,398791,398792,1,5
398786,398791,398792,1,5
398786,398791,398792,1,5
398786,398791,398792,1,5
398786,398791,398792,1,5
398786,398791,398792,1,5
398786,398791,398792,1,5
398786,398791,398792,1,5
398786,398791,398794,3,5
398786,398791,398794,3,5
398786,398791,398794,3,5
398786,398791,398794,3,5
398786,398791,398793,2,5
398786,398791,398793,2,5
398786,398790,398793,3,4
398786,398790,398793,3,4
398786,398791,398793,2,5
398786,398791,398794,3,5
398786,398791,398793,2,5
398786,398791,398794,3,5
398786,398791,398793,2,5
398786,398791,398793,2,5
398786,398791,398793,2,5
398786,398791,398794,3,5
398786,398791,398793,2,5
398786,398790,398793,3,4
398786,398790,398793,3,4
398786,398791,398794,3,5
398786,398791,398794,3,5
398786,398791,398794,3,5
398786,398791,398794,3,5
398786,398791,398794,3,5
398786,398791,398794,3,5
398470,398471,398862,391,1
398503,398505,398864,359,2
398467,398468,398863,395,1
398863,398864,398865,1,1
398863,398864,398865,1,1
398863,398863,398865,2,0
398863,398863,398865,2,0
398863,398864,398865,1,1
398863,398863,398865,2,0
398863,398863,398865,2,0
398863,398863,398865,2,0
398863,398863,398865,2,0
398863,398863,398865,2,0
398863,398863,398865,2,0
398863,398863,398865,2,0
398863,398863,398865,2,0
398863,398863,398865,2,0
398863,398863,398865,2,0
398863,398863,398865,2,0
398863,398863,398865,2,0
398863,398863,398865,2,0
398863,398863,398865,2,0
398863,398863,398865,2,0
398863,398863,398865,2,0
398863,398863,398865,2,0
398863,398864,398866,2,1
398863,398864,398866,2,1
398863,398863,398865,2,0
398863,398863,398866,3,0
398863,398864,398866,2,1
398863,398864,398866,2,1
398863,398864,398866,2,1
398863,398863,398866,3,0
398863,398863,398865,2,0
398863,398863,398866,3,0
398863,398863,398865,2,0
398863,398863,398866,3,0
398863,398863,398865,2,0
398863,398863,398866,3,0
398863,398863,398866,3,0
398863,398863,398865,2,0
398863,398863,398866,3,0
398863,398864,398866,2,1
398863,398864,398867,3,1
398865,398865,398866,1,0
398865,398865,398866,1,0
398863,398863,398866,3,0
398863,398863,398867,4,0
398863,398863,398866,3,0
398865,398865,398867,2,0
398863,398863,398867,4,0
398863,398863,398867,4,0
398865,398865,398867,2,0
398865,398865,398867,2,0
398865,398865,398867,2,0
398863,398863,398867,4,0
398863,398863,398867,4,0
398865,398865,398867,2,0
398863,398864,398867,3,1
398863,398864,398867,3,1
398865,398865,398867,2,0
398863,398863,398867,4,0
398865,398865,398867,2,0
398865,398865,398867,2,0
398865,398865,398867,2,0
398863,398864,398867,3,1
398863,398863,398867,4,0
398865,398865,398867,2,0
398865,398865,398867,2,0
398865,398865,398867,2,0
398865,398865,398867,2,0
398863,398863,398867,4,0
398865,398865,398867,2,0
398865,398865,398867,2,0
398865,398865,398867,2,0
398865,398865,398867,2,0
398863,398863,398867,4,0
398863,398863,398867,4,0
398863,398864,398867,3,1
398863,398863,398868,5,0
398863,398864,398868,4,1
398863,398864,398868,4,1
398865,398866,398869,3,1
398863,398863,398868,5,0
398865,398868,398869,1,3
398865,398868,398869,1,3
398865,398868,398869,1,3
398865,398868,398869,1,3
398865,398868,398870,2,3
398865,398866,398870,4,1
398865,398868,398870,2,3
398865,398868,398869,1,3
398865,398868,398869,1,3
398865,398868,398869,1,3
398865,398868,398869,1,3
398865,398868,398869,1,3
398867,398868,398869,1,1
398865,398867,398869,2,2
398867,398868,398869,1,1
398865,398866,398869,3,1
398865,398866,398869,3,1
398865,398866,398869,3,1
398867,398868,398869,1,1
398867,398868,398869,1,1
398865,398867,398869,2,2
398865,398867,398869,2,2
398865,398867,398869,2,2
398867,398868,398869,1,1
398867,398868,398869,1,1
398867,398868,398869,1,1
398867,398868,398869,1,1
398867,398868,398869,1,1
398865,398867,398869,2,2
398865,398867,398869,2,2
398867,398868,398869,1,1
398867,398868,398869,1,1
398867,398868,398869,1,1
398867,398868,398869,1,1
398865,398866,398870,4,1
398865,398868,398869,1,3
398865,398868,398869,1,3
398867,398868,398870,2,1
398865,398866,398870,4,1
398865,398866,398870,4,1
398865,398868,398870,2,3
398865,398868,398870,2,3
398865,398868,398870,2,3
398865,398866,398870,4,1
398865,398866,398870,4,1
398865,398868,398870,2,3
398865,398868,398870,2,3
398867,398869,398870,1,2
398865,398866,398870,4,1
398865,398866,398870,4,1
398865,398866,398870,4,1
398865,398867,398870,3,2
398865,398868,398870,2,3
398865,398867,398870,3,2
398865,398867,398870,3,2
398867,398869,398870,1,2
398865,398866,398870,4,1
398867,398869,398870,1,2
398867,398868,398870,2,1
398867,398869,398871,2,2
398867,398871,398872,1,4
398867,398871,398872,1,4
398867,398869,398872,3,2
398867,398870,398872,2,3
398867,398870,398871,1,3
398867,398870,398872,2,3
398867,398870,398871,1,3
398867,398870,398872,2,3
398867,398870,398871,1,3
398867,398870,398872,2,3
398867,398870,398871,1,3
398867,398870,398871,1,3
398867,398870,398871,1,3
398867,398870,398873,3,3
398867,398871,398872,1,4
398867,398870,398872,2,3
398867,398870,398872,2,3
398867,398870,398872,2,3
398867,398870,398872,2,3
398867,398870,398872,2,3
398867,398870,398873,3,3
398867,398870,398873,3,3
398867,398870,398872,2,3
398867,398870,398872,2,3
398867,398870,398873,3,3
398867,398870,398873,3,3
398867,398870,398872,2,3
398867,398870,398872,2,3
398867,398870,398873,3,3
398867,398870,398873,3,3
398867,398870,398873,3,3
398867,398870,398874,4,3
398867,398870,398873,3,3
398867,398870,398873,3,3
398867,398870,398873,3,3
398867,398870,398873,3,3
398867,398870,398873,3,3
398867,398870,398873,3,3
398867,398870,398873,3,3
398867,398870,398873,3,3
398867,398870,398873,3,3
398867,398870,398873,3,3
398542,398543,398900,357,1
398902,398902,398904,2,0
398902,398902,398904,2,0
398902,398902,398904,2,0
398902,398902,398904,2,0
398902,398902,398904,2,0
398902,398902,398904,2,0
398902,398902,398904,2,0
398902,398902,398904,2,0
398902,398902,398904,2,0
398902,398903,398904,1,1
398902,398903,398904,1,1
398902,398902,398904,2,0
398902,398902,398904,2,0
398902,398902,398904,2,0
398902,398902,398904,2,0
398902,398902,398904,2,0
398902,398902,398904,2,0
398902,398902,398904,2,0
398902,398902,398904,2,0
398902,398903,398904,1,1
398902,398903,398904,1,1
398902,398902,398904,2,0
398902,398902,398905,3,0
398902,398903,398905,2,1
398902,398903,398905,2,1
398902,398903,398904,1,1
398902,398903,398905,2,1
398902,398902,398905,3,0
398902,398902,398905,3,0
398902,398902,398905,3,0
398902,398902,398905,3,0
398902,398902,398905,3,0
398902,398903,398905,2,1
398902,398902,398905,3,0
398902,398902,398905,3,0
398902,398902,398905,3,0
398902,398902,398905,3,0
398902,398902,398905,3,0
398902,398902,398905,3,0
398902,398902,398904,2,0
398902,398903,398906,3,1
398902,398902,398906,4,0
398902,398902,398905,3,0
398902,398902,398905,3,0
398902,398903,398906,3,1
398902,398902,398906,4,0
398902,398902,398906,4,0
398902,398902,398906,4,0
398902,398902,398906,4,0
398902,398902,398905,3,0
398902,398903,398906,3,1
398902,398903,398906,3,1
398902,398902,398905,3,0
398902,398902,398906,4,0
398902,398902,398906,4,0
398902,398902,398905,3,0
398902,398902,398906,4,0
398902,398902,398906,4,0
398902,398903,398906,3,1
398902,398903,398906,3,1
398902,398903,398907,4,1
398511,398512,398912,400,1
398924,398924,398926,2,0
398924,398924,398926,2,0
398924,398924,398926,2,0
398924,398924,398926,2,0
398924,398924,398926,2,0
398924,398924,398926,2,0
398924,398924,398926,2,0
398924,398924,398926,2,0
398924,398924,398926,2,0
398924,398924,398926,2,0
398924,398924,398926,2,0
398924,398924,398926,2,0
398924,398924,398926,2,0
398924,398924,398926,2,0
398924,398924,398926,2,0
398924,398924,398926,2,0
398924,398924,398926,2,0
398924,398924,398926,2,0
398924,398924,398926,2,0
398924,398924,398926,2,0
398924,398924,398926,2,0
398924,398924,398926,2,0
398924,398924,398927,3,0
398924,398924,398927,3,0
398924,398925,398927,2,1
398924,398925,398926,1,1
398924,398924,398927,3,0
398924,398924,398926,2,0
398924,398924,398927,3,0
398924,398924,398927,3,0
398924,398924,398927,3,0
398924,398924,398927,3,0
398924,398924,398926,2,0
398924,398924,398927,3,0
398924,398924,398927,3,0
398924,398924,398926,2,0
398924,398924,398927,3,0
398924,398924,398927,3,0
398924,398924,398927,3,0
398924,398924,398927,3,0
398924,398924,398928,4,0
398924,398924,398928,4,0
398924,398924,398927,3,0
398924,398924,398928,4,0
398924,398924,398928,4,0
398924,398925,398927,2,1
398924,398925,398927,2,1
398924,398925,398928,3,1
398924,398925,398927,2,1
398924,398924,398928,4,0
398924,398924,398927,3,0
398924,398924,398928,4,0
398924,398924,398928,4,0
398924,398924,398928,4,0
398924,398924,398928,4,0
398924,398924,398928,4,0
398924,398924,398928,4,0
398924,398924,398928,4,0
398924,398924,398928,4,0
398924,398924,398928,4,0
398924,398924,398928,4,0
398567,398568,398980,412,1
398599,398601,398981,380,2
398982,398982,398983,1,0
398982,398982,398984,2,0
398982,398982,398984,2,0
398982,398982,398983,1,0
398982,398982,398984,2,0
398982,398982,398984,2,0
398982,398982,398983,1,0
398982,398982,398984,2,0
398982,398982,398984,2,0
398982,398982,398984,2,0
398982,398982,398984,2,0
398982,398982,398983,1,0
398982,398982,398984,2,0
398982,398982,398984,2,0
398982,398982,398984,2,0
398982,398982,398984,2,0
398982,398982,398985,3,0
398982,398982,398985,3,0
398982,398982,398984,2,0
398982,398982,398984,2,0
398982,398982,398984,2,0
398982,398982,398984,2,0
398982,398982,398984,2,0
398982,398982,398985,3,0
398982,398982,398984,2,0
398982,398982,398985,3,0
398982,398982,398984,2,0
398982,398982,398985,3,0
398982,398982,398985,3,0
398982,398982,398984,2,0
398982,398982,398984,2,0
398982,398982,398984,2,0
398982,398982,398984,2,0
398982,398982,398985,3,0
398982,398982,398985,3,0
398982,398982,398985,3,0
398982,398982,398984,2,0
398982,398982,398984,2,0
398982,398982,398984,2,0
398982,398982,398984,2,0
398982,398982,398985,3,0
398982,398983,398984,1,1
398982,398982,398985,3,0
398982,398982,398986,4,0
398982,398982,398986,4,0
398982,398982,398986,4,0
398982,398982,398985,3,0
398982,398982,398985,3,0
398982,398984,398985,1,2
398982,398984,398985,1,2
398982,398982,398985,3,0
398982,398984,398986,2,2
398982,398984,398985,1,2
398982,398982,398985,3,0
398982,398984,398985,1,2
398982,398982,398986,4,0
398982,398982,398986,4,0
398982,398982,398986,4,0
398982,398982,398985,3,0
398982,398984,398986,2,2
398982,398984,398985,1,2
398982,398984,398985,1,2
398982,398982,398986,4,0
398982,398984,398986,2,2
398982,398984,398985,1,2
398982,398984,398985,1,2
398982,398982,398986,4,0
398982,398984,398985,1,2
398982,398984,398985,1,2
398982,398982,398986,4,0
398982,398982,398985,3,0
398982,398984,398985,1,2
398982,398984,398985,1,2
398982,398982,398986,4,0
398982,398985,398987,2,3
398982,398982,398987,5,0
398982,398985,398986,1,3
398982,398982,398987,5,0
398982,398986,398987,1,4
398982,398982,398987,5,0
398982,398982,398987,5,0
398982,398985,398987,2,3
398982,398985,398988,3,3
398982,398985,398988,3,3
398982,398986,398988,2,4
398982,398985,398988,3,3
398982,398986,398988,2,4
398982,398986,398988,2,4
398982,398985,398988,3,3
398982,398986,398988,2,4
398982,398986,398988,2,4
398982,398986,398988,2,4
398982,398986,398988,2,4
398982,398986,398988,2,4
398982,398986,398988,2,4
398982,398986,398988,2,4
398982,398986,398987,1,4
398982,398985,398988,3,3
398982,398985,398988,3,3
398982,398985,398988,3,3
398982,398985,398988,3,3
398982,398985,398988,3,3
398982,398985,398988,3,3
398982,398985,398988,3,3
398982,398985,398988,3,3
398982,398985,398987,2,3
398982,398985,398988,3,3
398982,398986,398987,1,4
398982,398985,398988,3,3
398982,398985,398988,3,3
398982,398986,398988,2,4
398982,398986,398988,2,4
398982,398986,398988,2,4
398982,398986,398988,2,4
398982,398986,398988,2,4
398982,398985,398989,4,3
398982,398986,398989,3,4
398982,398986,398988,2,4
398982,398985,398989,4,3
398982,398985,398988,3,3
398982,398985,398988,3,3
398982,398985,398988,3,3
398982,398985,398989,4,3
398595,398598,398990,392,3
398982,398985,398990,5,3
398597,398601,399000,399,4
399002,399002,399003,1,0
399002,399002,399004,2,0
399002,399002,399004,2,0
399002,399002,399004,2,0
399002,399002,399003,1,0
399002,399002,399004,2,0
399002,399002,399004,2,0
399002,399002,399003,1,0
399002,399002,399004,2,0
399002,399002,399004,2,0
399002,399002,399004,2,0
399002,399002,399004,2,0
399002,399002,399004,2,0
399002,399002,399003,1,0
399002,399002,399004,2,0
399002,399002,399004,2,0
399002,399002,399003,1,0
399002,399002,399004,2,0
399002,399002,399004,2,0
399002,399002,399004,2,0
399002,399002,399004,2,0
399002,399002,399003,1,0
399002,399002,399004,2,0
399002,399002,399004,2,0
399002,399002,399004,2,0
399002,399002,399005,3,0
399002,399002,399004,2,0
399002,399002,399004,2,0
399002,399002,399004,2,0
399002,399002,399004,2,0
399002,399002,399004,2,0
399002,399002,399005,3,0
399002,399002,399004,2,0
399002,399002,399004,2,0
399002,399002,399005,3,0
399002,399002,399004,2,0
399002,399002,399005,3,0
399002,399002,399004,2,0
399002,399002,399005,3,0
399002,399002,399005,3,0
399002,399002,399005,3,0
399002,399002,399006,4,0
399002,399002,399005,3,0
399002,399002,399005,3,0
399002,399002,399005,3,0
399002,399002,399005,3,0
399002,399002,399006,4,0
399002,399002,399005,3,0
399002,399002,399005,3,0
399002,399002,399006,4,0
399002,399002,399005,3,0
399002,399002,399005,3,0
399002,399002,399006,4,0
399002,399002,399006,4,0
399002,399002,399006,4,0
399002,399002,399006,4,0
399002,399002,399005,3,0
399002,399002,399005,3,0
399002,399002,399006,4,0
399002,399002,399006,4,0
399002,399002,399006,4,0
399002,399002,399006,4,0
398633,398636,399008,372,3
399022,399022,399023,1,0
399022,399022,399024,2,0
399022,399022,399024,2,0
399022,399022,399024,2,0
399022,399022,399024,2,0
399022,399022,399024,2,0
399022,399022,399024,2,0
399022,399022,399024,2,0
399022,399022,399024,2,0
399022,399022,399024,2,0
399022,399022,399024,2,0
399022,399022,399024,2,0
399022,399022,399023,1,0
399022,399022,399024,2,0
399022,399022,399024,2,0
399022,399022,399024,2,0
399022,399022,399024,2,0
399022,399022,399023,1,0
399022,399022,399024,2,0
399022,399022,399024,2,0
399022,399022,399024,2,0
399022,399022,399023,1,0
399022,399022,399024,2,0
399022,399022,399024,2,0
399022,399022,399024,2,0
399022,399022,399024,2,0
399022,399022,399024,2,0
399022,399022,399024,2,0
399022,399022,399025,3,0
399022,399022,399025,3,0
399022,399022,399025,3,0
399022,399022,399025,3,0
399022,399022,399025,3,0
399022,399022,399025,3,0
399022,399022,399025,3,0
399022,399022,399024,2,0
399022,399022,399025,3,0
399022,399022,399024,2,0
399022,399022,399025,3,0
399022,399022,399024,2,0
399022,399022,399025,3,0
399022,399022,399026,4,0
399022,399022,399025,3,0
399022,399022,399026,4,0
399022,399022,399025,3,0
399022,399022,399026,4,0
399022,399022,399026,4,0
399022,399022,399025,3,0
399022,399022,399026,4,0
399022,399022,399025,3,0
399022,399022,399025,3,0
399022,399022,399026,4,0
399022,399022,399025,3,0
399022,399022,399025,3,0
399022,399022,399026,4,0
399022,399022,399026,4,0
399022,399022,399026,4,0
399022,399022,399025,3,0
399035,399035,399037,2,0
399035,399036,399037,1,1
399035,399035,399037,2,0
399035,399035,399037,2,0
399035,399035,399037,2,0
399035,399035,399037,2,0
399035,399035,399037,2,0
399035,399035,399037,2,0
399035,399035,399037,2,0
399035,399035,399037,2,0
399035,399035,399037,2,0
399035,399035,399037,2,0
399035,399036,399037,1,1
399035,399036,399037,1,1
399035,399035,399037,2,0
399035,399036,399037,1,1
399035,399036,399037,1,1
399035,399035,399037,2,0
399035,399035,399037,2,0
399035,399036,399037,1,1
399035,399035,399037,2,0
399035,399035,399038,3,0
399035,399036,399037,1,1
399035,399036,399037,1,1
399035,399036,399037,1,1
399035,399035,399038,3,0
399035,399035,399038,3,0
399035,399036,399038,2,1
399035,399036,399038,2,1
399035,399036,399038,2,1
399035,399036,399038,2,1
399035,399036,399038,2,1
399035,399035,399038,3,0
399035,399035,399038,3,0
399035,399035,399038,3,0
399035,399036,399038,2,1
399035,399035,399038,3,0
399035,399035,399038,3,0
399035,399036,399038,2,1
399035,399035,399038,3,0
399035,399036,399038,2,1
399035,399036,399038,2,1
399035,399035,399038,3,0
399035,399035,399038,3,0
399035,399036,399038,2,1
399035,399035,399039,4,0
399035,399035,399039,4,0
399035,399035,399039,4,0
399035,399036,399039,3,1
399035,399036,399039,3,1
399035,399036,399039,3,1
399035,399035,399039,4,0
399035,399035,399039,4,0
399035,399035,399039,4,0
399035,399036,399039,3,1
399035,399035,399039,4,0
399035,399036,399039,3,1
399035,399036,399039,3,1
399022,399022,399027,5,0
399022,399022,399026,4,0
399022,399022,399025,3,0
399022,399022,399025,3,0
398638,398639,399040,401,1
399035,399040,399043,3,5
398656,398657,399049,392,1
399053,399053,399054,1,0
399053,399053,399054,1,0
399053,399053,399055,2,0
399053,399053,399054,1,0
399053,399053,399055,2,0
399053,399053,399055,2,0
399053,399053,399055,2,0
399053,399053,399055,2,0
399053,399053,399055,2,0
399053,399053,399055,2,0
399053,399053,399054,1,0
399053,399053,399055,2,0
399053,399053,399055,2,0
399053,399053,399054,1,0
399053,399053,399054,1,0
399053,399053,399055,2,0
399053,399053,399055,2,0
399053,399053,399055,2,0
399053,399053,399054,1,0
399053,399053,399054,1,0
399053,399053,399055,2,0
399053,399053,399055,2,0
399053,399053,399055,2,0
399053,399053,399055,2,0
399053,399053,399055,2,0
399053,399053,399056,3,0
399053,399053,399056,3,0
399053,399053,399055,2,0
399053,399053,399055,2,0
399053,399053,399055,2,0
399053,399053,399056,3,0
399053,399053,399056,3,0
399053,399053,399055,2,0
399053,399053,399056,3,0
399053,399053,399055,2,0
399053,399053,399056,3,0
399053,399053,399055,2,0
399053,399053,399056,3,0
399053,399053,399056,3,0
399053,399053,399055,2,0
399053,399053,399055,2,0
399053,399053,399055,2,0
399053,399053,399056,3,0
399053,399053,399056,3,0
399053,399053,399056,3,0
399053,399053,399056,3,0
399053,399053,399056,3,0
399053,399053,399056,3,0
399053,399053,399056,3,0
399053,399053,399056,3,0
399053,399053,399056,3,0
399053,399053,399056,3,0
399053,399053,399056,3,0
399053,399053,399056,3,0
399053,399053,399057,4,0
399053,399053,399057,4,0
399053,399053,399056,3,0
399053,399053,399056,3,0
399053,399053,399056,3,0
399053,399053,399056,3,0
399053,399053,399057,4,0
399053,399053,399056,3,0
398676,398677,399066,389,1
399066,399067,399068,1,1
399066,399067,399069,2,1
399066,399067,399069,2,1
399066,399067,399068,1,1
399066,399067,399068,1,1
399066,399067,399068,1,1
399066,399067,399069,2,1
399066,399067,399068,1,1
399066,399067,399069,2,1
399066,399067,399068,1,1
399066,399067,399068,1,1
399066,399067,399068,1,1
399066,399067,399068,1,1
399066,399067,399068,1,1
399066,399067,399068,1,1
399066,399067,399069,2,1
399066,399067,399068,1,1
399066,399067,399068,1,1
399066,399067,399069,2,1
399066,399067,399068,1,1
399066,399067,399068,1,1
399066,399067,399068,1,1
399066,399067,399068,1,1
399066,399067,399068,1,1
399066,399067,399068,1,1
399066,399067,399068,1,1
399066,399067,399069,2,1
399066,399067,399068,1,1
399066,399067,399070,3,1
399066,399067,399069,2,1
399066,399067,399070,3,1
399066,399067,399069,2,1
399066,399067,399069,2,1
399066,399067,399069,2,1
399066,399067,399069,2,1
399066,399067,399069,2,1
399066,399067,399070,3,1
399066,399067,399069,2,1
399066,399067,399069,2,1
399066,399067,399070,3,1
399066,399067,399069,2,1
399066,399067,399069,2,1
399066,399067,399069,2,1
399066,399067,399069,2,1
399066,399067,399069,2,1
399066,399067,399069,2,1
399066,399067,399070,3,1
399066,399067,399070,3,1
399066,399067,399070,3,1
399066,399067,399070,3,1
399066,399067,399070,3,1
399066,399067,399070,3,1
399066,399067,399070,3,1
399066,399067,399071,4,1
399066,399067,399070,3,1
399066,399067,399070,3,1
399066,399067,399070,3,1
399066,399067,399070,3,1
399066,399067,399070,3,1
399066,399067,399070,3,1
399066,399067,399070,3,1
399080,399081,399082,1,1
399080,399081,399082,1,1
399080,399081,399082,1,1
399080,399081,399083,2,1
399080,399081,399082,1,1
399080,399081,399082,1,1
399080,399081,399082,1,1
399080,399081,399082,1,1
399080,399081,399082,1,1
399080,399081,399083,2,1
399080,399081,399082,1,1
399080,399081,399082,1,1
399080,399081,399082,1,1
399080,399081,399082,1,1
399080,399081,399082,1,1
399080,399081,399082,1,1
399080,399081,399082,1,1
399080,399081,399082,1,1
399080,399081,399082,1,1
399080,399081,399082,1,1
399080,399081,399083,2,1
399080,399081,399082,1,1
399080,399081,399082,1,1
399080,399081,399082,1,1
399080,399081,399082,1,1
399080,399081,399082,1,1
399080,399081,399082,1,1
399080,399081,399082,1,1
399080,399081,399083,2,1
399080,399081,399083,2,1
399080,399081,399083,2,1
399080,399081,399083,2,1
399080,399081,399083,2,1
399080,399081,399083,2,1
399080,399081,399083,2,1
399080,399081,399083,2,1
399080,399081,399083,2,1
399080,399081,399083,2,1
399080,399081,399084,3,1
399080,399081,399083,2,1
399080,399081,399083,2,1
399080,399081,399084,3,1
399080,399081,399084,3,1
399080,399081,399083,2,1
399080,399081,399084,3,1
399080,399081,399083,2,1
399080,399081,399083,2,1
399080,399081,399084,3,1
399080,399081,399084,3,1
399080,399081,399084,3,1
399080,399081,399085,4,1
399080,399081,399084,3,1
399080,399081,399084,3,1
399080,399081,399084,3,1
399080,399081,399084,3,1
399080,399081,399084,3,1
399080,399081,399085,4,1
399080,399081,399084,3,1
399080,399081,399084,3,1
399080,399081,399084,3,1
399080,399081,399084,3,1
399080,399081,399085,4,1
398722,398723,399121,398,1
399123,399124,399125,1,1
399123,399124,399125,1,1
399123,399124,399125,1,1
399123,399124,399125,1,1
399123,399124,399125,1,1
399123,399124,399126,2,1
399123,399124,399125,1,1
399123,399124,399125,1,1
399123,399124,399125,1,1
399123,399124,399126,2,1
398724,398726,399126,400,2
399123,399124,399126,2,1
399123,399124,399126,2,1
399123,399124,399125,1,1
399123,399124,399125,1,1
399123,399124,399125,1,1
399123,399124,399126,2,1
399123,399124,399125,1,1
399123,399124,399125,1,1
399123,399124,399126,2,1
399123,399124,399125,1,1
399123,399124,399125,1,1
399123,399124,399126,2,1
399123,399124,399125,1,1
399123,399124,399125,1,1
399123,399124,399126,2,1
399123,399124,399126,2,1
399123,399124,399126,2,1
399123,399124,399126,2,1
399123,399124,399126,2,1
399123,399124,399126,2,1
399123,399124,399126,2,1
399123,399124,399127,3,1
399123,399124,399126,2,1
399123,399124,399126,2,1
399123,399124,399126,2,1
399123,399124,399127,3,1
399123,399124,399126,2,1
399123,399124,399126,2,1
399123,399124,399127,3,1
399123,399124,399127,3,1
399123,399124,399126,2,1
399123,399124,399127,3,1
399123,399124,399126,2,1
399123,399124,399127,3,1
399123,399124,399127,3,1
399123,399124,399127,3,1
399123,399124,399127,3,1
399123,399124,399127,3,1
399123,399124,399127,3,1
399123,399124,399128,4,1
399123,399124,399127,3,1
399123,399124,399127,3,1
399123,399124,399128,4,1
399123,399124,399127,3,1
399123,399124,399127,3,1
399123,399124,399127,3,1
399123,399124,399127,3,1
399123,399124,399127,3,1
399123,399124,399127,3,1
399123,399124,399127,3,1
399123,399124,399127,3,1
399123,399124,399128,4,1
399127,399127,399129,2,0
399127,399127,399129,2,0
399127,399127,399129,2,0
399127,399128,399129,1,1
399127,399127,399129,2,0
399127,399127,399129,2,0
399127,399127,399129,2,0
399127,399127,399129,2,0
399127,399127,399129,2,0
399127,399127,399129,2,0
399127,399127,399129,2,0
399127,399127,399129,2,0
399127,399127,399129,2,0
399127,399127,399129,2,0
399127,399127,399129,2,0
399127,399127,399129,2,0
399127,399128,399129,1,1
399127,399127,399129,2,0
399127,399127,399129,2,0
399127,399127,399129,2,0
399127,399128,399129,1,1
399127,399127,399130,3,0
399127,399127,399130,3,0
399127,399127,399130,3,0
399127,399127,399130,3,0
399127,399128,399129,1,1
399127,399128,399129,1,1
399127,399127,399130,3,0
399127,399127,399130,3,0
399127,399127,399130,3,0
399127,399127,399129,2,0
399127,399128,399129,1,1
399127,399127,399130,3,0
399127,399127,399130,3,0
399127,399128,399130,2,1
399127,399128,399130,2,1
399127,399128,399129,1,1
399127,399128,399129,1,1
399127,399127,399130,3,0
399127,399128,399130,2,1
399127,399127,399130,3,0
399127,399127,399130,3,0
399127,399127,399130,3,0
399127,399127,399130,3,0
399127,399127,399131,4,0
399127,399127,399131,4,0
399127,399127,399131,4,0
399127,399127,399130,3,0
399127,399127,399130,3,0
399127,399127,399131,4,0
399127,399127,399131,4,0
399127,399127,399131,4,0
399127,399127,399131,4,0
399127,399127,399130,3,0
399127,399127,399131,4,0
399127,399127,399131,4,0
399127,399127,399131,4,0
399127,399127,399131,4,0
399127,399127,399130,3,0
399127,399127,399130,3,0
399127,399127,399131,4,0
398720,398720,399140,420,0
399145,399145,399146,1,0
399145,399145,399147,2,0
399145,399145,399147,2,0
399145,399145,399147,2,0
399145,399145,399147,2,0
399145,399145,399147,2,0
399145,399145,399147,2,0
399145,399145,399147,2,0
399145,399145,399147,2,0
399145,399145,399147,2,0
399145,399145,399147,2,0
399145,399145,399147,2,0
399145,399145,399147,2,0
399145,399145,399147,2,0
399145,399145,399147,2,0
399145,399145,399147,2,0
399145,399145,399147,2,0
399145,399145,399147,2,0
399145,399145,399147,2,0
399145,399145,399147,2,0
399145,399145,399147,2,0
399145,399145,399147,2,0
399145,399146,399147,1,1
399145,399145,399147,2,0
399145,399145,399147,2,0
399145,399145,399147,2,0
399145,399145,399147,2,0
399145,399146,399147,1,1
399145,399145,399148,3,0
399145,399145,399148,3,0
399145,399145,399148,3,0
399145,399145,399148,3,0
399145,399145,399148,3,0
399145,399145,399148,3,0
399145,399145,399148,3,0
399145,399145,399148,3,0
399145,399145,399148,3,0
399145,399145,399148,3,0
399145,399145,399148,3,0
399145,399145,399148,3,0
399145,399145,399148,3,0
399145,399145,399148,3,0
399145,399145,399148,3,0
399145,399145,399148,3,0
399145,399145,399148,3,0
399145,399145,399148,3,0
399145,399145,399148,3,0
399145,399145,399149,4,0
399145,399145,399149,4,0
399145,399145,399149,4,0
399145,399145,399149,4,0
399145,399145,399149,4,0
399145,399145,399149,4,0
399145,399145,399149,4,0
399145,399145,399149,4,0
399145,399145,399149,4,0
399145,399145,399149,4,0
399145,399145,399149,4,0
399145,399145,399149,4,0
399145,399145,399149,4,0
399145,399145,399149,4,0
399145,399145,399149,4,0
398756,398757,399164,407,1
398785,398789,399166,377,4
399173,399173,399174,1,0
399173,399173,399175,2,0
399173,399173,399175,2,0
399173,399173,399175,2,0
399173,399173,399175,2,0
399173,399173,399175,2,0
399173,399173,399175,2,0
399173,399173,399175,2,0
399173,399173,399175,2,0
399173,399173,399175,2,0
399173,399173,399175,2,0
399173,399173,399175,2,0
399173,399173,399175,2,0
399173,399173,399175,2,0
399173,399173,399175,2,0
399173,399173,399174,1,0
399174,399174,399175,1,0
399173,399173,399175,2,0
399173,399173,399175,2,0
399173,399173,399175,2,0
399173,399173,399175,2,0
399173,399173,399175,2,0
399173,399173,399175,2,0
399173,399173,399175,2,0
399173,399173,399175,2,0
399173,399173,399175,2,0
399173,399173,399175,2,0
399173,399173,399175,2,0
399173,399173,399176,3,0
399173,399173,399176,3,0
399174,399174,399175,1,0
399174,399174,399175,1,0
399173,399173,399176,3,0
399174,399175,399176,1,1
399173,399173,399176,3,0
399173,399173,399175,2,0
399174,399174,399175,1,0
399173,399173,399175,2,0
399173,399173,399176,3,0
399173,399173,399175,2,0
399173,399173,399176,3,0
399173,399173,399176,3,0
399174,399174,399175,1,0
399173,399173,399176,3,0
399174,399174,399175,1,0
399173,399173,399175,2,0
399173,399173,399176,3,0
399173,399173,399176,3,0
399174,399174,399175,1,0
399173,399173,399176,3,0
399173,399173,399175,2,0
399174,399174,399175,1,0
399173,399173,399176,3,0
399174,399174,399175,1,0
399174,399174,399175,1,0
399173,399173,399176,3,0
399173,399173,399176,3,0
399173,399173,399176,3,0
399173,399173,399177,4,0
399173,399173,399177,4,0
399173,399173,399177,4,0
399173,399173,399177,4,0
399174,399175,399177,2,1
399174,399175,399177,2,1
399173,399173,399177,4,0
399173,399173,399177,4,0
399173,399173,399177,4,0
399174,399175,399177,2,1
399173,399173,399177,4,0
399173,399173,399177,4,0
399173,399173,399177,4,0
399174,399175,399177,2,1
399173,399173,399177,4,0
399174,399175,399177,2,1
399174,399175,399177,2,1
399174,399175,399177,2,1
399173,399173,399177,4,0
399173,399173,399177,4,0
399173,399173,399177,4,0
399174,399175,399177,2,1
399173,399173,399177,4,0
399174,399175,399178,3,1
399174,399175,399178,3,1
399174,399175,399178,3,1
399174,399177,399178,1,3
399174,399175,399178,3,1
398787,398791,399178,387,4
399174,399175,399178,3,1
399174,399177,399178,1,3
399174,399177,399178,1,3
399174,399175,399178,3,1
399174,399177,399178,1,3
399174,399177,399178,1,3
399174,399175,399178,3,1
399174,399175,399179,4,1
399174,399177,399178,1,3
399174,399177,399178,1,3
399174,399177,399178,1,3
399174,399177,399178,1,3
399174,399175,399179,4,1
399174,399175,399179,4,1
399174,399177,399179,2,3
399174,399177,399178,1,3
399174,399175,399179,4,1
399174,399177,399179,2,3
399174,399177,399178,1,3
399174,399177,399178,1,3
399174,399175,399179,4,1
399174,399177,399179,2,3
399174,399177,399179,2,3
399174,399177,399179,2,3
399174,399177,399179,2,3
399174,399177,399179,2,3
399174,399175,399179,4,1
399174,399175,399179,4,1
399174,399177,399179,2,3
398790,398791,399180,389,1
399174,399177,399179,2,3
399174,399175,399179,4,1
399174,399175,399179,4,1
399174,399177,399179,2,3
399174,399177,399179,2,3
399174,399175,399179,4,1
399174,399177,399179,2,3
399174,399175,399179,4,1
399189,399190,399191,1,1
399189,399190,399191,1,1
399189,399190,399192,2,1
399189,399190,399191,1,1
399189,399190,399191,1,1
399189,399190,399192,2,1
399189,399190,399191,1,1
399189,399190,399191,1,1
399189,399190,399191,1,1
399189,399190,399191,1,1
399189,399190,399192,2,1
399189,399190,399191,1,1
399189,399190,399191,1,1
399189,399190,399191,1,1
399189,399190,399191,1,1
399189,399190,399191,1,1
399189,399190,399191,1,1
399189,399190,399192,2,1
399189,399190,399191,1,1
399189,399190,399192,2,1
399189,399190,399191,1,1
399189,399190,399191,1,1
399189,399190,399192,2,1
399189,399190,399192,2,1
399189,399190,399191,1,1
399189,399190,399191,1,1
399189,399190,399192,2,1
399189,399190,399191,1,1
399189,399190,399192,2,1
399189,399190,399192,2,1
399189,399190,399192,2,1
399189,399190,399192,2,1
399189,399190,399192,2,1
399189,399190,399192,2,1
399189,399190,399193,3,1
399189,399190,399192,2,1
399189,399190,399193,3,1
399189,399190,399192,2,1
399189,399190,399193,3,1
399189,399190,399192,2,1
399189,399190,399192,2,1
399189,399190,399192,2,1
399189,399190,399193,3,1
399189,399190,399193,3,1
399189,399190,399193,3,1
399189,399190,399193,3,1
399189,399190,399194,4,1
399189,399190,399193,3,1
399189,399190,399193,3,1
399189,399190,399193,3,1
399189,399190,399193,3,1
399189,399190,399193,3,1
399189,399190,399193,3,1
399189,399190,399193,3,1
399189,399190,399194,4,1
399189,399190,399193,3,1
399189,399190,399194,4,1
399189,399190,399193,3,1
399189,399190,399193,3,1
399189,399190,399193,3,1
399189,399190,399194,4,1
399189,399190,399193,3,1
399204,399205,399206,1,1
399204,399204,399206,2,0
399204,399205,399206,1,1
399204,399204,399206,2,0
399204,399204,399206,2,0
399204,399204,399206,2,0
399204,399204,399206,2,0
399204,399205,399206,1,1
399204,399204,399206,2,0
399204,399205,399206,1,1
399204,399205,399206,1,1
399204,399204,399206,2,0
399204,399204,399206,2,0
399204,399205,399206,1,1
399204,399205,399206,1,1
399204,399204,399206,2,0
399204,399204,399206,2,0
399204,399205,399206,1,1
399204,399204,399206,2,0
399204,399204,399206,2,0
399204,399204,399206,2,0
399204,399204,399206,2,0
399204,399204,399206,2,0
399204,399205,399206,1,1
399204,399204,399206,2,0
399204,399204,399206,2,0
399204,399204,399206,2,0
399204,399205,399206,1,1
399204,399204,399207,3,0
399204,399204,399207,3,0
399204,399204,399207,3,0
399204,399205,399207,2,1
399204,399205,399207,2,1
399204,399204,399207,3,0
399204,399205,399207,2,1
399204,399205,399207,2,1
399204,399205,399207,2,1
399204,399205,399207,2,1
399204,399205,399207,2,1
399204,399205,399207,2,1
399204,399204,399208,4,0
399204,399204,399208,4,0
399204,399204,399208,4,0
399204,399204,399208,4,0
399204,399204,399208,4,0
399204,399204,399208,4,0
399204,399204,399208,4,0
399204,399204,399208,4,0
399204,399204,399208,4,0
399204,399204,399208,4,0
399204,399204,399208,4,0
399204,399204,399208,4,0
399204,399204,399208,4,0
399204,399205,399208,3,1
399204,399204,399208,4,0
399204,399204,399208,4,0
399204,399204,399208,4,0
399204,399204,399208,4,0
399204,399204,399208,4,0
399204,399205,399208,3,1
399204,399205,399208,3,1
398869,398871,399244,373,2
399244,399245,399246,1,1
399244,399245,399246,1,1
399244,399245,399246,1,1
399244,399245,399247,2,1
399244,399245,399246,1,1
399244,399245,399246,1,1
399244,399245,399246,1,1
399244,399245,399247,2,1
399244,399245,399246,1,1
399244,399245,399247,2,1
399244,399245,399246,1,1
399244,399245,399246,1,1
399244,399245,399247,2,1
399244,399245,399246,1,1
399244,399245,399246,1,1
399244,399245,399246,1,1
399244,399245,399247,2,1
399244,399245,399246,1,1
399244,399245,399247,2,1
399244,399245,399247,2,1
399244,399245,399246,1,1
399244,399245,399247,2,1
399244,399245,399246,1,1
399244,399245,399247,2,1
399244,399245,399246,1,1
399244,399245,399247,2,1
399244,399245,399247,2,1
399244,399245,399247,2,1
399244,399245,399247,2,1
399244,399245,399247,2,1
399244,399245,399248,3,1
399244,399245,399247,2,1
399244,399245,399247,2,1
399244,399245,399248,3,1
399244,399245,399247,2,1
399244,399245,399247,2,1
399244,399245,399247,2,1
399244,399245,399247,2,1
399244,399245,399248,3,1
399244,399245,399247,2,1
399244,399245,399248,3,1
399244,399245,399247,2,1
399244,399245,399248,3,1
399244,399245,399248,3,1
399244,399245,399249,4,1
399244,399245,399248,3,1
399244,399245,399248,3,1
399244,399245,399248,3,1
399244,399245,399248,3,1
399244,399245,399248,3,1
399244,399245,399249,4,1
399244,399245,399248,3,1
399244,399245,399248,3,1
399244,399245,399249,4,1
399244,399245,399248,3,1
399244,399245,399248,3,1
399244,399245,399249,4,1
399244,399245,399249,4,1
399244,399245,399249,4,1
399244,399245,399248,3,1
399244,399245,399248,3,1
399244,399245,399249,4,1
398864,398865,399255,390,1
398867,398868,399264,396,1
399271,399272,399273,1,1
399271,399272,399273,1,1
399271,399272,399273,1,1
399271,399272,399273,1,1
399271,399272,399273,1,1
399271,399272,399273,1,1
399271,399272,399273,1,1
399271,399272,399273,1,1
399271,399272,399273,1,1
399271,399272,399273,1,1
399271,399272,399273,1,1
399271,399272,399273,1,1
399271,399272,399273,1,1
399271,399272,399273,1,1
399271,399272,399273,1,1
399271,399272,399273,1,1
399271,399272,399273,1,1
399271,399272,399273,1,1
399271,399272,399274,2,1
399271,399272,399273,1,1
399271,399272,399274,2,1
399271,399272,399274,2,1
399271,399272,399273,1,1
399272,399272,399274,2,0
399271,399272,399274,2,1
399271,399272,399274,2,1
399271,399272,399274,2,1
399272,399272,399274,2,0
399272,399272,399274,2,0
399272,399272,399274,2,0
399271,399272,399273,1,1
399272,399272,399274,2,0
399272,399272,399274,2,0
399271,399272,399274,2,1
399272,399272,399274,2,0
399272,399272,399274,2,0
399271,399272,399274,2,1
399272,399272,399274,2,0
399272,399272,399274,2,0
399272,399272,399274,2,0
399271,399272,399273,1,1
399272,399272,399274,2,0
399272,399272,399274,2,0
399271,399272,399273,1,1
399271,399272,399274,2,1
399271,399272,399274,2,1
399271,399272,399274,2,1
399272,399272,399274,2,0
399271,399272,399274,2,1
399271,399272,399274,2,1
399272,399273,399275,2,1
399271,399272,399274,2,1
399271,399272,399274,2,1
399271,399272,399275,3,1
399271,399272,399274,2,1
399271,399272,399274,2,1
399271,399272,399275,3,1
399272,399273,399275,2,1
399272,399273,399274,1,1
399271,399272,399275,3,1
399272,399273,399275,2,1
399271,399272,399275,3,1
399271,399272,399275,3,1
399272,399273,399275,2,1
399271,399272,399275,3,1
399271,399272,399275,3,1
399271,399272,399275,3,1
399271,399272,399275,3,1
399271,399272,399276,4,1
399271,399272,399275,3,1
399271,399272,399275,3,1
399271,399272,399275,3,1
399271,399272,399275,3,1
399271,399272,399276,4,1
399271,399272,399275,3,1
399271,399272,399276,4,1
399271,399272,399276,4,1
399272,399273,399276,3,1
399272,399275,399276,1,3
399272,399273,399276,3,1
399272,399275,399277,2,3
399272,399275,399276,1,3
399272,399275,399276,1,3
399272,399275,399276,1,3
399272,399275,399276,1,3
399271,399272,399276,4,1
399272,399275,399276,1,3
399272,399275,399276,1,3
399272,399273,399277,4,1
399272,399275,399276,1,3
399272,399275,399276,1,3
399272,399275,399276,1,3
399271,399272,399276,4,1
399272,399275,399276,1,3
399272,399275,399276,1,3
399272,399275,399276,1,3
399272,399275,399276,1,3
399272,399275,399276,1,3
399272,399274,399277,3,2
399272,399274,399277,3,2
399271,399272,399276,4,1
399272,399274,399277,3,2
399272,399274,399277,3,2
399272,399274,399277,3,2
399272,399274,399277,3,2
399272,399274,399277,3,2
399272,399274,399277,3,2
399272,399274,399277,3,2
399272,399275,399277,2,3
399272,399275,399277,2,3
399272,399275,399277,2,3
399272,399275,399277,2,3
399272,399275,399277,2,3
399272,399275,399277,2,3
399272,399273,399277,4,1
399272,399273,399277,4,1
399272,399273,399277,4,1
399272,399274,399277,3,2
399272,399274,399277,3,2
399272,399274,399277,3,2
399272,399274,399277,3,2
399272,399274,399277,3,2
398925,398926,399292,366,1
398903,398904,399292,388,1
399302,399302,399304,2,0
399302,399302,399304,2,0
399302,399302,399304,2,0
399302,399302,399304,2,0
399302,399302,399304,2,0
399302,399302,399304,2,0
399302,399302,399304,2,0
399302,399302,399304,2,0
399302,399302,399304,2,0
399302,399302,399304,2,0
399302,399302,399304,2,0
399302,399302,399304,2,0
399302,399302,399304,2,0
399302,399302,399304,2,0
399302,399302,399304,2,0
399302,399302,399304,2,0
399302,399302,399304,2,0
399302,399302,399304,2,0
399302,399302,399304,2,0
399302,399302,399304,2,0
399302,399302,399304,2,0
399302,399302,399304,2,0
399302,399302,399304,2,0
399302,399302,399303,1,0
399302,399302,399305,3,0
399303,399303,399305,2,0
399303,399303,399305,2,0
399303,399303,399305,2,0
399302,399302,399304,2,0
399302,399302,399305,3,0
399302,399302,399304,2,0
399303,399303,399304,1,0
399302,399302,399304,2,0
399302,399302,399305,3,0
399303,399303,399305,2,0
399303,399303,399305,2,0
399303,399303,399304,1,0
399302,399302,399304,2,0
399303,399303,399304,1,0
399302,399302,399305,3,0
399302,399302,399304,2,0
399303,399303,399304,1,0
399303,399303,399304,1,0
399302,399302,399305,3,0
399302,399302,399304,2,0
399303,399303,399304,1,0
399303,399303,399305,2,0
399302,399302,399305,3,0
399302,399302,399304,2,0
399303,399303,399304,1,0
399303,399303,399304,1,0
399302,399302,399304,2,0
399302,399302,399305,3,0
399303,399303,399304,1,0
399303,399303,399305,2,0
399302,399302,399305,3,0
399302,399302,399306,4,0
399302,399302,399306,4,0
399302,399302,399305,3,0
399302,399302,399306,4,0
399302,399302,399306,4,0
399302,399302,399306,4,0
399302,399302,399305,3,0
399303,399304,399305,1,1
399302,399302,399306,4,0
399302,399302,399306,4,0
399302,399302,399306,4,0
399303,399304,399306,2,1
399302,399302,399306,4,0
399302,399302,399306,4,0
399302,399302,399306,4,0
399302,399302,399305,3,0
399303,399305,399306,1,2
399302,399302,399306,4,0
399302,399302,399305,3,0
399303,399304,399306,2,1
399302,399302,399306,4,0
399302,399302,399306,4,0
399302,399302,399306,4,0
399302,399302,399306,4,0
399302,399302,399305,3,0
399303,399304,399307,3,1
399303,399305,399306,1,2
399303,399305,399307,2,2
399303,399305,399307,2,2
399303,399304,399307,3,1
399303,399305,399307,2,2
399303,399305,399306,1,2
399303,399304,399306,2,1
399303,399305,399307,2,2
399303,399305,399306,1,2
399302,399302,399307,5,0
399303,399305,399307,2,2
399303,399305,399306,1,2
399303,399304,399307,3,1
399303,399305,399307,2,2
399303,399305,399307,2,2
399303,399305,399306,1,2
399303,399304,399307,3,1
399303,399305,399307,2,2
399303,399305,399307,2,2
399303,399304,399307,3,1
399303,399305,399307,2,2
399303,399305,399307,2,2
399303,399304,399307,3,1
399303,399304,399307,3,1
399303,399304,399307,3,1
399303,399305,399307,2,2
399303,399304,399307,3,1
399303,399304,399307,3,1
399303,399304,399307,3,1
399303,399304,399307,3,1
399303,399304,399307,3,1
399303,399305,399307,2,2
399303,399304,399308,4,1
399303,399304,399307,3,1
399303,399304,399307,3,1
399303,399305,399308,3,2
399303,399304,399308,4,1
399303,399304,399308,4,1
399303,399305,399308,3,2
399303,399304,399308,4,1
399303,399304,399308,4,1
399303,399305,399308,3,2
398983,398986,399357,371,3
399358,399358,399359,1,0
399358,399358,399360,2,0
399358,399358,399360,2,0
399358,399358,399360,2,0
399358,399358,399360,2,0
399358,399358,399360,2,0
399358,399358,399360,2,0
399358,399358,399360,2,0
399358,399358,399360,2,0
399358,399358,399360,2,0
399358,399358,399360,2,0
399358,399358,399360,2,0
399358,399358,399360,2,0
399358,399358,399360,2,0
399358,399358,399360,2,0
399358,399358,399360,2,0
399358,399358,399360,2,0
399358,399358,399360,2,0
399358,399358,399360,2,0
399358,399358,399360,2,0
399358,399358,399360,2,0
399358,399358,399360,2,0
399358,399358,399360,2,0
399358,399358,399360,2,0
399358,399358,399360,2,0
399358,399358,399360,2,0
399358,399358,399359,1,0
399358,399358,399360,2,0
399358,399358,399361,3,0
399358,399358,399361,3,0
399358,399358,399361,3,0
399358,399358,399361,3,0
399358,399358,399361,3,0
399358,399358,399360,2,0
399358,399358,399360,2,0
399358,399358,399361,3,0
399358,399358,399361,3,0
399358,399358,399361,3,0
399358,399358,399361,3,0
399358,399358,399361,3,0
399358,399358,399361,3,0
399358,399358,399361,3,0
399358,399358,399360,2,0
399358,399358,399361,3,0
399358,399358,399361,3,0
399358,399358,399362,4,0
399358,399358,399361,3,0
399358,399358,399362,4,0
399358,399358,399361,3,0
399358,399358,399362,4,0
399358,399358,399361,3,0
399358,399358,399362,4,0
399358,399358,399362,4,0
399358,399358,399361,3,0
399358,399358,399362,4,0
399358,399358,399362,4,0
399358,399358,399362,4,0
399358,399358,399362,4,0
399358,399358,399362,4,0
399358,399358,399362,4,0
399358,399358,399362,4,0
399358,399358,399362,4,0
398985,398986,399385,399,1
399387,399387,399388,1,0
399387,399387,399389,2,0
399387,399387,399389,2,0
399387,399387,399389,2,0
399387,399387,399389,2,0
399387,399387,399389,2,0
399387,399387,399389,2,0
399387,399387,399389,2,0
399387,399387,399389,2,0
399387,399387,399389,2,0
399387,399387,399389,2,0
399387,399387,399389,2,0
399387,399387,399389,2,0
399387,399387,399389,2,0
399387,399387,399389,2,0
399387,399387,399389,2,0
399387,399387,399389,2,0
399387,399387,399389,2,0
399387,399387,399389,2,0
399387,399387,399389,2,0
399387,399387,399388,1,0
399387,399387,399389,2,0
399387,399387,399389,2,0
399387,399387,399389,2,0
399387,399387,399389,2,0
399387,399387,399389,2,0
399387,399387,399389,2,0
399387,399387,399389,2,0
399387,399387,399389,2,0
399387,399387,399389,2,0
399387,399387,399389,2,0
399387,399387,399390,3,0
399387,399387,399389,2,0
399387,399387,399390,3,0
399387,399387,399390,3,0
399387,399387,399390,3,0
399387,399387,399390,3,0
399387,399387,399389,2,0
399387,399387,399390,3,0
399387,399387,399390,3,0
399387,399387,399390,3,0
399387,399387,399390,3,0
399387,399387,399389,2,0
399387,399387,399391,4,0
399387,399387,399391,4,0
399387,399387,399391,4,0
399387,399387,399391,4,0
399387,399387,399391,4,0
399387,399387,399391,4,0
399387,399387,399390,3,0
399387,399387,399391,4,0
399387,399387,399391,4,0
399387,399387,399390,3,0
399387,399387,399391,4,0
399387,399387,399391,4,0
399387,399387,399390,3,0
399387,399387,399391,4,0
399387,399387,399391,4,0
399387,399387,399391,4,0
399387,399387,399391,4,0
399387,399387,399390,3,0
399387,399387,399391,4,0
405392,405392,405396,4,0
405483,405483,405487,4,0
405594,405594,405610,16,0
405755,405756,405757,1,1
405771,405771,405772,1,0
405864,405865,405866,1,1
405873,405874,405875,1,1
405882,405883,405884,1,1
405977,405977,405980,3,0
405987,405988,405991,3,1
405998,405999,406002,3,1
406123,406123,406127,4,0
406134,406134,406138,4,0
406145,406145,406148,3,0
439043,439043,439394,351,0
439046,439046,439397,351,0
439395,439396,439397,1,1
439395,439396,439397,1,1
439395,439395,439397,2,0
439395,439396,439397,1,1
439395,439396,439397,1,1
439395,439396,439397,1,1
439395,439396,439397,1,1
439395,439396,439398,2,1
439395,439395,439397,2,0
439395,439396,439397,1,1
439395,439396,439397,1,1
439395,439396,439397,1,1
439395,439396,439397,1,1
439395,439396,439397,1,1
439395,439396,439397,1,1
439395,439396,439397,1,1
439395,439396,439397,1,1
439395,439396,439397,1,1
439395,439396,439397,1,1
439395,439396,439397,1,1
439395,439396,439397,1,1
439395,439396,439397,1,1
439395,439396,439397,1,1
439395,439396,439397,1,1
439395,439396,439397,1,1
439395,439396,439397,1,1
439395,439396,439398,2,1
439395,439396,439398,2,1
439395,439396,439398,2,1
439395,439396,439398,2,1
439395,439396,439398,2,1
439395,439396,439398,2,1
439395,439396,439398,2,1
439395,439396,439398,2,1
439395,439396,439398,2,1
439395,439396,439398,2,1
439395,439396,439398,2,1
439395,439396,439399,3,1
439395,439396,439398,2,1
439395,439396,439399,3,1
439395,439396,439398,2,1
439395,439396,439398,2,1
439395,439396,439399,3,1
439395,439396,439399,3,1
439395,439396,439399,3,1
439395,439396,439399,3,1
439395,439396,439399,3,1
439395,439396,439399,3,1
439395,439396,439399,3,1
439395,439396,439399,3,1
439395,439396,439399,3,1
439395,439396,439399,3,1
439395,439396,439399,3,1
439395,439396,439399,3,1
439395,439396,439399,3,1
439395,439396,439399,3,1
439395,439396,439399,3,1
439395,439395,439399,4,0
439395,439395,439399,4,0
439395,439396,439399,3,1
439395,439396,439400,4,1
439399,439400,439401,1,1
439399,439400,439401,1,1
439399,439400,439401,1,1
439399,439400,439401,1,1
439399,439400,439401,1,1
439399,439401,439402,1,2
439399,439400,439401,1,1
439399,439400,439401,1,1
439399,439400,439401,1,1
439399,439400,439402,2,1
439399,439400,439402,2,1
439399,439400,439401,1,1
439399,439400,439401,1,1
439399,439400,439401,1,1
439399,439400,439401,1,1
439399,439400,439402,2,1
439399,439400,439402,2,1
439399,439400,439401,1,1
439399,439400,439401,1,1
439399,439400,439402,2,1
439399,439400,439402,2,1
439399,439400,439402,2,1
439399,439400,439401,1,1
439399,439400,439401,1,1
439399,439400,439401,1,1
439399,439400,439402,2,1
439399,439400,439401,1,1
439399,439400,439401,1,1
439399,439400,439401,1,1
439399,439400,439401,1,1
439399,439400,439402,2,1
439399,439400,439402,2,1
439399,439400,439403,3,1
439399,439400,439403,3,1
439399,439400,439403,3,1
439399,439400,439403,3,1
439399,439400,439403,3,1
439399,439400,439402,2,1
439399,439400,439403,3,1
439399,439400,439402,2,1
439399,439400,439403,3,1
439399,439400,439403,3,1
439399,439400,439403,3,1
439399,439400,439402,2,1
439399,439400,439403,3,1
439399,439400,439403,3,1
439399,439400,439403,3,1
439399,439400,439403,3,1
439399,439400,439403,3,1
439399,439400,439403,3,1
439399,439400,439402,2,1
439399,439400,439403,3,1
439399,439400,439403,3,1
439399,439400,439403,3,1
439399,439400,439403,3,1
439399,439400,439403,3,1
439399,439400,439403,3,1
439399,439400,439403,3,1
439399,439400,439403,3,1
439399,439400,439403,3,1
439399,439400,439403,3,1
439055,439056,439425,369,1
439039,439039,439430,391,0
439430,439431,439432,1,1
439430,439431,439432,1,1
439430,439431,439432,1,1
439430,439431,439432,1,1
439430,439431,439432,1,1
439430,439431,439432,1,1
439430,439431,439432,1,1
439430,439431,439432,1,1
439430,439431,439432,1,1
439430,439431,439433,2,1
439430,439431,439432,1,1
439430,439431,439432,1,1
439430,439431,439432,1,1
439430,439431,439433,2,1
439430,439431,439432,1,1
439430,439431,439432,1,1
439430,439431,439432,1,1
439430,439431,439432,1,1
439430,439431,439432,1,1
439430,439431,439432,1,1
439430,439431,439433,2,1
439430,439431,439433,2,1
439430,439431,439432,1,1
439430,439431,439432,1,1
439430,439431,439432,1,1
439430,439431,439433,2,1
439430,439431,439433,2,1
439430,439431,439434,3,1
439430,439431,439433,2,1
439430,439431,439433,2,1
439430,439431,439433,2,1
439430,439431,439433,2,1
439430,439431,439433,2,1
439430,439431,439434,3,1
439430,439431,439433,2,1
439430,439431,439434,3,1
439430,439431,439433,2,1
439430,439431,439433,2,1
439430,439431,439433,2,1
439430,439431,439433,2,1
439430,439431,439433,2,1
439430,439431,439433,2,1
439430,439431,439434,3,1
439430,439431,439433,2,1
439430,439431,439433,2,1
439430,439431,439433,2,1
439430,439431,439433,2,1
439430,439431,439434,3,1
439430,439431,439433,2,1
439432,439433,439434,1,1
439430,439431,439434,3,1
439432,439433,439434,1,1
439430,439431,439435,4,1
439430,439431,439435,4,1
439430,439431,439434,3,1
439430,439431,439434,3,1
439432,439433,439435,2,1
439430,439431,439434,3,1
439430,439431,439434,3,1
439432,439433,439434,1,1
439432,439433,439434,1,1
439432,439433,439434,1,1
439430,439431,439434,3,1
439430,439431,439434,3,1
439432,439433,439434,1,1
439432,439433,439434,1,1
439432,439433,439434,1,1
439432,439433,439435,2,1
439430,439431,439434,3,1
439430,439431,439434,3,1
439432,439433,439434,1,1
439432,439433,439434,1,1
439432,439433,439434,1,1
439430,439431,439435,4,1
439432,439433,439434,1,1
439432,439433,439434,1,1
439432,439433,439434,1,1
439430,439431,439434,3,1
439432,439433,439434,1,1
439432,439433,439434,1,1
439432,439433,439434,1,1
439432,439433,439435,2,1
439432,439433,439435,2,1
439432,439435,439436,1,3
439432,439433,439436,3,1
439432,439434,439436,2,2
439432,439435,439436,1,3
439432,439433,439436,3,1
439432,439434,439436,2,2
439432,439433,439436,3,1
439432,439434,439436,2,2
439432,439434,439436,2,2
439432,439435,439436,1,3
439432,439435,439437,2,3
439432,439434,439437,3,2
439432,439435,439437,2,3
439432,439435,439437,2,3
439432,439435,439436,1,3
439432,439435,439436,1,3
439432,439433,439436,3,1
439432,439434,439436,2,2
439432,439434,439436,2,2
439432,439435,439436,1,3
439432,439435,439436,1,3
439432,439434,439436,2,2
439432,439434,439437,3,2
439432,439434,439436,2,2
439432,439434,439437,3,2
439432,439434,439436,2,2
439432,439434,439437,3,2
439432,439434,439436,2,2
439432,439435,439436,1,3
439432,439434,439436,2,2
439432,439435,439436,1,3
439432,439435,439436,1,3
439432,439434,439438,4,2
439432,439434,439437,3,2
439432,439434,439437,3,2
439432,439434,439437,3,2
439432,439434,439437,3,2
439432,439434,439437,3,2
439432,439434,439437,3,2
439432,439434,439437,3,2
439039,439039,439450,411,0
439462,439462,439463,1,0
439462,439462,439463,1,0
439462,439462,439463,1,0
439462,439462,439463,1,0
439462,439462,439463,1,0
439462,439462,439464,2,0
439462,439462,439464,2,0
439462,439462,439464,2,0
439462,439462,439464,2,0
439462,439462,439464,2,0
439462,439462,439464,2,0
439462,439462,439464,2,0
439462,439462,439464,2,0
439462,439462,439464,2,0
439462,439462,439464,2,0
439462,439462,439464,2,0
439462,439462,439464,2,0
439462,439462,439463,1,0
439462,439462,439463,1,0
439462,439462,439464,2,0
439462,439462,439464,2,0
439462,439462,439463,1,0
439462,439462,439464,2,0
439462,439462,439463,1,0
439462,439462,439464,2,0
439462,439462,439465,3,0
439462,439462,439464,2,0
439462,439462,439465,3,0
439462,439462,439464,2,0
439462,439462,439464,2,0
439462,439462,439465,3,0
439462,439462,439465,3,0
439462,439462,439464,2,0
439462,439462,439465,3,0
439462,439462,439464,2,0
439462,439462,439464,2,0
439462,439462,439465,3,0
439462,439462,439465,3,0
439462,439462,439464,2,0
439462,439462,439465,3,0
439462,439462,439465,3,0
439462,439462,439465,3,0
439462,439462,439465,3,0
439462,439462,439465,3,0
439462,439462,439465,3,0
439462,439462,439465,3,0
439462,439462,439465,3,0
439462,439462,439465,3,0
439462,439462,439465,3,0
439462,439462,439466,4,0
439462,439462,439466,4,0
439462,439462,439466,4,0
439462,439462,439466,4,0
439462,439462,439466,4,0
439462,439462,439465,3,0
439462,439462,439466,4,0
439462,439462,439466,4,0
439462,439462,439466,4,0
439462,439462,439466,4,0
439462,439462,439465,3,0
439462,439462,439466,4,0
439041,439041,439468,427,0
439065,439065,439473,408,0
439041,439041,439476,435,0
439480,439481,439482,1,1
439480,439481,439482,1,1
439480,439481,439482,1,1
439480,439481,439482,1,1
439480,439481,439483,2,1
439480,439481,439483,2,1
439480,439481,439482,1,1
439480,439481,439482,1,1
439480,439481,439482,1,1
439480,439481,439483,2,1
439480,439481,439483,2,1
439480,439481,439482,1,1
439480,439481,439482,1,1
439480,439481,439482,1,1
439480,439481,439482,1,1
439480,439481,439482,1,1
439480,439481,439482,1,1
439480,439481,439482,1,1
439480,439481,439483,2,1
439480,439481,439482,1,1
439480,439481,439482,1,1
439480,439481,439483,2,1
439480,439481,439482,1,1
439481,439481,439483,2,0
439481,439482,439483,1,1
439480,439481,439483,2,1
439480,439481,439484,3,1
439480,439481,439484,3,1
439480,439481,439483,2,1
439481,439483,439484,1,2
439480,439481,439484,3,1
439480,439481,439483,2,1
439480,439481,439483,2,1
439480,439481,439484,3,1
439480,439481,439483,2,1
439480,439481,439484,3,1
439480,439481,439483,2,1
439480,439481,439483,2,1
439480,439481,439484,3,1
439480,439481,439483,2,1
439480,439481,439484,3,1
439480,439481,439483,2,1
439480,439481,439484,3,1
439480,439481,439483,2,1
439480,439481,439484,3,1
439480,439481,439484,3,1
439480,439481,439484,3,1
439481,439483,439484,1,2
439481,439483,439484,1,2
439480,439481,439484,3,1
439480,439481,439484,3,1
439481,439483,439484,1,2
439481,439483,439484,1,2
439481,439483,439484,1,2
439480,439481,439484,3,1
439480,439481,439484,3,1
439481,439483,439484,1,2
439481,439483,439484,1,2
439481,439483,439484,1,2
439481,439483,439484,1,2
439480,439481,439484,3,1
439480,439481,439485,4,1
439480,439481,439484,3,1
439480,439481,439485,4,1
439481,439483,439484,1,2
439481,439483,439484,1,2
439481,439483,439484,1,2
439481,439483,439484,1,2
439480,439481,439484,3,1
439481,439483,439484,1,2
439481,439483,439484,1,2
439480,439481,439484,3,1
439481,439483,439484,1,2
439481,439483,439486,3,2
439481,439483,439486,3,2
439481,439484,439486,2,3
439481,439483,439486,3,2
439481,439484,439486,2,3
439481,439484,439486,2,3
439481,439483,439486,3,2
439481,439485,439486,1,4
439481,439483,439485,2,2
439481,439483,439486,3,2
439481,439483,439486,3,2
439481,439484,439487,3,3
439481,439484,439487,3,3
439481,439484,439487,3,3
439481,439484,439486,2,3
439481,439485,439487,2,4
439483,439485,439487,2,2
439481,439484,439487,3,3
439481,439484,439487,3,3
439481,439485,439487,2,4
439481,439485,439487,2,4
439481,439485,439487,2,4
439481,439485,439487,2,4
439483,439485,439487,2,2
439483,439485,439487,2,2
439481,439484,439487,3,3
439481,439484,439487,3,3
439481,439485,439487,2,4
439481,439485,439487,2,4
439481,439485,439487,2,4
439481,439485,439487,2,4
439481,439485,439487,2,4
439483,439485,439487,2,2
439481,439484,439487,3,3
439481,439484,439486,2,3
439481,439485,439487,2,4
439481,439485,439487,2,4
439481,439485,439487,2,4
439483,439485,439487,2,2
439481,439484,439487,3,3
439481,439485,439487,2,4
439481,439485,439487,2,4
439483,439485,439487,2,2
439483,439485,439487,2,2
439061,439061,439487,426,0
439481,439484,439487,3,3
439481,439484,439486,2,3
439483,439485,439487,2,2
439483,439485,439487,2,2
439481,439484,439487,3,3
439481,439484,439486,2,3
439481,439485,439486,1,4
439483,439485,439487,2,2
439483,439485,439487,2,2
439483,439486,439488,2,3
439483,439486,439488,2,3
439481,439484,439488,4,3
439483,439486,439488,2,3
439483,439486,439489,3,3
439483,439486,439489,3,3
439483,439486,439488,2,3
439483,439486,439488,2,3
439483,439486,439490,4,3
439483,439488,439489,1,5
439483,439488,439489,1,5
439483,439488,439490,2,5
439483,439488,439489,1,5
439483,439488,439490,2,5
439483,439488,439489,1,5
439483,439487,439489,2,4
439483,439488,439490,2,5
439483,439488,439489,1,5
439483,439488,439490,2,5
439483,439488,439489,1,5
439483,439488,439489,1,5
439483,439488,439489,1,5
439483,439488,439489,1,5
439483,439487,439490,3,4
439483,439487,439490,3,4
439483,439487,439490,3,4
439483,439488,439491,3,5
439483,439487,439490,3,4
439483,439487,439490,3,4
439483,439488,439490,2,5
439483,439488,439490,2,5
439483,439488,439490,2,5
439483,439488,439490,2,5
439483,439488,439490,2,5
439483,439488,439490,2,5
439483,439488,439490,2,5
439483,439488,439490,2,5
439483,439488,439490,2,5
439483,439488,439491,3,5
439483,439488,439490,2,5
439483,439488,439490,2,5
439483,439487,439491,4,4
439483,439488,439491,3,5
439483,439488,439491,3,5
439483,439488,439491,3,5
439483,439488,439491,3,5
439483,439488,439491,3,5
439483,439488,439491,3,5
439483,439488,439491,3,5
439483,439488,439491,3,5
439483,439488,439491,3,5
439480,439494,439495,1,14
439480,439494,439495,1,14
439480,439494,439495,1,14
439480,439494,439497,3,14
439480,439494,439496,2,14
439480,439494,439497,3,14
439480,439494,439497,3,14
439502,439502,439504,2,0
439502,439502,439504,2,0
439502,439502,439504,2,0
439502,439502,439504,2,0
439502,439502,439504,2,0
439502,439502,439504,2,0
439502,439502,439504,2,0
439502,439502,439504,2,0
439502,439503,439504,1,1
439502,439502,439504,2,0
439502,439502,439504,2,0
439502,439502,439504,2,0
439502,439502,439504,2,0
439502,439502,439504,2,0
439502,439502,439504,2,0
439502,439503,439504,1,1
439502,439503,439504,1,1
439502,439502,439504,2,0
439502,439502,439504,2,0
439502,439502,439504,2,0
439502,439502,439504,2,0
439502,439502,439504,2,0
439502,439502,439504,2,0
439502,439502,439504,2,0
439502,439503,439504,1,1
439502,439502,439504,2,0
439502,439502,439504,2,0
439502,439503,439504,1,1
439502,439503,439504,1,1
439502,439504,439505,1,2
439502,439502,439506,4,0
439502,439502,439505,3,0
439502,439502,439506,4,0
439502,439502,439505,3,0
439502,439502,439505,3,0
439502,439502,439505,3,0
439502,439502,439505,3,0
439502,439502,439505,3,0
439502,439502,439506,4,0
439502,439502,439505,3,0
439502,439502,439505,3,0
439502,439503,439505,2,1
439502,439503,439505,2,1
439502,439503,439505,2,1
439502,439503,439505,2,1
439502,439502,439505,3,0
439502,439503,439505,2,1
439049,439050,439506,456,1
439502,439502,439506,4,0
439502,439502,439506,4,0
439502,439502,439506,4,0
439502,439502,439506,4,0
439502,439502,439506,4,0
439502,439502,439506,4,0
439502,439502,439506,4,0
439502,439502,439506,4,0
439502,439502,439506,4,0
439502,439502,439506,4,0
439502,439502,439506,4,0
439502,439502,439506,4,0
439502,439502,439506,4,0
439502,439502,439506,4,0
439502,439502,439506,4,0
439042,439042,439527,485,0
439528,439529,439531,2,1
439528,439529,439530,1,1
439528,439529,439530,1,1
439528,439529,439530,1,1
439528,439529,439530,1,1
439528,439529,439530,1,1
439528,439529,439530,1,1
439528,439529,439530,1,1
439528,439529,439530,1,1
439528,439529,439530,1,1
439528,439529,439531,2,1
439528,439529,439530,1,1
439528,439529,439530,1,1
439528,439529,439531,2,1
439528,439529,439530,1,1
439528,439529,439530,1,1
439528,439529,439531,2,1
439528,439529,439530,1,1
439528,439529,439530,1,1
439529,439530,439531,1,1
439529,439531,439532,1,2
439528,439529,439531,2,1
439528,439529,439531,2,1
439528,439529,439532,3,1
439528,439529,439531,2,1
439528,439529,439531,2,1
439528,439529,439531,2,1
439528,439529,439532,3,1
439528,439529,439531,2,1
439529,439531,439532,1,2
439529,439531,439532,1,2
439528,439529,439532,3,1
439528,439529,439532,3,1
439529,439531,439532,1,2
439529,439531,439532,1,2
439529,439531,439532,1,2
439528,439529,439532,3,1
439528,439529,439531,2,1
439529,439531,439532,1,2
439528,439529,439532,3,1
439528,439529,439531,2,1
439529,439531,439532,1,2
439529,439531,439532,1,2
439528,439529,439533,4,1
439528,439529,439532,3,1
439528,439529,439532,3,1
439528,439529,439532,3,1
439528,439529,439532,3,1
439528,439529,439532,3,1
439529,439531,439532,1,2
439528,439529,439533,4,1
439528,439529,439532,3,1
439529,439531,439532,1,2
439528,439529,439532,3,1
439528,439529,439532,3,1
439529,439531,439532,1,2
439529,439531,439532,1,2
439529,439531,439533,2,2
439528,439529,439532,3,1
439528,439529,439533,4,1
439529,439531,439532,1,2
439529,439531,439532,1,2
439529,439531,439532,1,2
439529,439531,439533,2,2
439528,439529,439532,3,1
439528,439529,439532,3,1
439529,439531,439532,1,2
439529,439532,439534,2,3
439529,439533,439534,1,4
439529,439533,439534,1,4
439529,439533,439534,1,4
439529,439533,439534,1,4
439529,439533,439534,1,4
439529,439533,439534,1,4
439529,439533,439534,1,4
439529,439532,439534,2,3
439529,439532,439534,2,3
439529,439533,439534,1,4
439529,439533,439534,1,4
439529,439532,439535,3,3
439529,439532,439534,2,3
439529,439532,439535,3,3
439529,439533,439535,2,4
439529,439533,439535,2,4
439529,439532,439535,3,3
439529,439533,439535,2,4
439529,439533,439534,1,4
439529,439532,439535,3,3
439529,439532,439535,3,3
439529,439532,439535,3,3
439529,439532,439535,3,3
439529,439533,439534,1,4
439529,439532,439535,3,3
439529,439532,439535,3,3
439529,439532,439535,3,3
439529,439532,439535,3,3
439529,439532,439534,2,3
439529,439532,439535,3,3
439529,439532,439534,2,3
439529,439532,439534,2,3
439529,439533,439535,2,4
439529,439533,439535,2,4
439529,439532,439535,3,3
439529,439532,439535,3,3
439529,439533,439535,2,4
439529,439532,439535,3,3
439529,439533,439536,3,4
439529,439533,439535,2,4
439528,439544,439546,2,16
439528,439544,439545,1,16
439528,439544,439545,1,16
439528,439544,439545,1,16
439528,439544,439546,2,16
439528,439544,439547,3,16
439528,439544,439547,3,16
439528,439548,439549,1,20
439528,439548,439550,2,20
439528,439548,439550,2,20
439528,439548,439550,2,20
439528,439548,439551,3,20
439528,439548,439551,3,20
439528,439548,439551,3,20
439051,439051,439606,555,0
439608,439608,439609,1,0
439608,439608,439609,1,0
439608,439608,439609,1,0
439608,439608,439610,2,0
439608,439609,439610,1,1
439608,439608,439610,2,0
439608,439608,439610,2,0
439608,439608,439610,2,0
439608,439608,439610,2,0
439608,439608,439610,2,0
439608,439608,439610,2,0
439608,439608,439610,2,0
439608,439608,439610,2,0
439608,439608,439610,2,0
439608,439608,439610,2,0
439608,439608,439610,2,0
439608,439608,439610,2,0
439608,439608,439610,2,0
439608,439608,439610,2,0
439608,439608,439610,2,0
439608,439608,439610,2,0
439608,439608,439610,2,0
439608,439608,439610,2,0
439608,439608,439611,3,0
439608,439608,439611,3,0
439608,439608,439610,2,0
439608,439609,439610,1,1
439608,439609,439610,1,1
439608,439609,439611,2,1
439608,439608,439610,2,0
439608,439608,439611,3,0
439608,439608,439610,2,0
439608,439608,439611,3,0
439608,439608,439610,2,0
439608,439608,439611,3,0
439608,439608,439610,2,0
439608,439608,439611,3,0
439608,439608,439611,3,0
439608,439608,439611,3,0
439608,439608,439611,3,0
439608,439608,439611,3,0
439608,439608,439611,3,0
439608,439608,439612,4,0
439608,439608,439612,4,0
439608,439609,439612,3,1
439608,439609,439612,3,1
439608,439609,439612,3,1
439608,439608,439612,4,0
439608,439608,439611,3,0
439608,439608,439611,3,0
439608,439608,439612,4,0
439608,439608,439612,4,0
439608,439608,439612,4,0
439608,439608,439611,3,0
439608,439608,439612,4,0
439608,439608,439611,3,0
439608,439608,439612,4,0
439608,439608,439611,3,0
439608,439608,439612,4,0
439608,439608,439612,4,0
439608,439608,439612,4,0
439047,439047,439620,573,0
439626,439626,439628,2,0
439626,439626,439628,2,0
439626,439626,439628,2,0
439626,439626,439628,2,0
439626,439626,439627,1,0
439626,439626,439628,2,0
439626,439626,439628,2,0
439626,439626,439628,2,0
439626,439626,439627,1,0
439626,439626,439628,2,0
439626,439626,439628,2,0
439626,439626,439628,2,0
439626,439626,439628,2,0
439626,439626,439628,2,0
439626,439626,439628,2,0
439626,439626,439628,2,0
439626,439626,439628,2,0
439626,439626,439628,2,0
439626,439626,439628,2,0
439626,439626,439628,2,0
439626,439626,439628,2,0
439626,439626,439628,2,0
439626,439626,439628,2,0
439626,439627,439628,1,1
439044,439044,439628,584,0
439626,439626,439629,3,0
439626,439626,439628,2,0
439626,439626,439628,2,0
439626,439626,439629,3,0
439626,439626,439629,3,0
439626,439626,439629,3,0
439626,439626,439629,3,0
439626,439626,439629,3,0
439626,439626,439629,3,0
439626,439626,439629,3,0
439626,439626,439628,2,0
439626,439626,439628,2,0
439626,439626,439629,3,0
439626,439626,439629,3,0
439626,439626,439628,2,0
439626,439626,439629,3,0
439626,439626,439628,2,0
439626,439626,439630,4,0
439626,439626,439630,4,0
439626,439626,439630,4,0
439626,439626,439630,4,0
439626,439626,439630,4,0
439626,439626,439630,4,0
439626,439626,439630,4,0
439626,439626,439630,4,0
439626,439626,439630,4,0
439626,439626,439629,3,0
439626,439626,439630,4,0
439626,439626,439630,4,0
439626,439626,439630,4,0
439626,439626,439630,4,0
439626,439626,439630,4,0
439626,439626,439629,3,0
439626,439626,439630,4,0
439626,439626,439630,4,0
439626,439626,439630,4,0
439626,439626,439630,4,0
439630,439630,439632,2,0
439630,439630,439632,2,0
439630,439630,439632,2,0
439630,439630,439631,1,0
439630,439630,439631,1,0
439630,439630,439632,2,0
439630,439630,439632,2,0
439630,439630,439632,2,0
439630,439630,439632,2,0
439630,439630,439631,1,0
439630,439630,439631,1,0
439630,439630,439632,2,0
439630,439630,439632,2,0
439630,439630,439632,2,0
439630,439630,439632,2,0
439630,439630,439632,2,0
439630,439630,439632,2,0
439630,439630,439632,2,0
439630,439630,439631,1,0
439630,439630,439632,2,0
439630,439630,439632,2,0
439630,439630,439632,2,0
439630,439630,439632,2,0
439630,439630,439632,2,0
439630,439630,439632,2,0
439630,439630,439632,2,0
439630,439630,439633,3,0
439630,439630,439632,2,0
439630,439630,439633,3,0
439630,439630,439632,2,0
439630,439630,439633,3,0
439630,439631,439632,1,1
439630,439630,439633,3,0
439630,439631,439632,1,1
439630,439630,439633,3,0
439630,439630,439632,2,0
439630,439630,439633,3,0
439630,439630,439633,3,0
439630,439630,439633,3,0
439630,439630,439633,3,0
439630,439630,439633,3,0
439630,439630,439633,3,0
439630,439630,439633,3,0
439630,439631,439633,2,1
439630,439630,439633,3,0
439630,439630,439633,3,0
439630,439631,439633,2,1
439630,439630,439633,3,0
439630,439630,439634,4,0
439630,439630,439633,3,0
439630,439630,439634,4,0
439630,439630,439634,4,0
439630,439630,439633,3,0
439630,439630,439634,4,0
439630,439630,439634,4,0
439630,439630,439634,4,0
439630,439630,439634,4,0
439630,439630,439634,4,0
439630,439630,439634,4,0
439630,439630,439634,4,0
439630,439630,439634,4,0
439057,439057,439650,593,0
439054,439054,439652,598,0
439660,439661,439663,2,1
439660,439661,439662,1,1
439660,439661,439662,1,1
439660,439661,439662,1,1
439660,439661,439662,1,1
439660,439661,439662,1,1
439660,439661,439662,1,1
439660,439660,439662,2,0
439660,439661,439662,1,1
439660,439661,439662,1,1
439660,439660,439663,3,0
439660,439661,439662,1,1
439660,439660,439662,2,0
439660,439661,439663,2,1
439660,439660,439662,2,0
439660,439660,439662,2,0
439660,439661,439662,1,1
439660,439660,439662,2,0
439660,439661,439662,1,1
439660,439661,439662,1,1
439660,439661,439663,2,1
439660,439661,439662,1,1
439660,439661,439662,1,1
439660,439661,439663,2,1
439660,439661,439663,2,1
439660,439661,439663,2,1
439660,439661,439663,2,1
439052,439053,439663,610,1
439660,439661,439663,2,1
439660,439661,439663,2,1
439660,439661,439663,2,1
439660,439661,439663,2,1
439660,439661,439663,2,1
439660,439660,439663,3,0
439660,439661,439663,2,1
439660,439661,439663,2,1
439660,439661,439663,2,1
439660,439661,439663,2,1
439660,439661,439663,2,1
439660,439661,439663,2,1
439660,439661,439664,3,1
439660,439661,439664,3,1
439660,439661,439663,2,1
439662,439663,439664,1,1
439662,439663,439664,1,1
439662,439663,439664,1,1
439660,439661,439664,3,1
439660,439661,439664,3,1
439660,439661,439664,3,1
439662,439663,439664,1,1
439660,439661,439664,3,1
439660,439661,439664,3,1
439662,439663,439664,1,1
439662,439663,439664,1,1
439662,439663,439664,1,1
439660,439661,439664,3,1
439660,439661,439664,3,1
439660,439661,439664,3,1
439662,439663,439664,1,1
439662,439663,439664,1,1
439662,439663,439665,2,1
439660,439661,439664,3,1
439660,439661,439665,4,1
439660,439661,439664,3,1
439662,439663,439664,1,1
439662,439663,439664,1,1
439660,439661,439664,3,1
439660,439661,439664,3,1
439662,439663,439664,1,1
439660,439661,439664,3,1
439660,439661,439664,3,1
439662,439663,439664,1,1
439662,439663,439664,1,1
439660,439661,439665,4,1
439660,439661,439664,3,1
439662,439663,439664,1,1
439662,439663,439664,1,1
439660,439661,439665,4,1
439660,439661,439665,4,1
439662,439665,439666,1,3
439662,439663,439665,2,1
439662,439663,439665,2,1
439662,439663,439665,2,1
439662,439663,439664,1,1
439662,439663,439664,1,1
439662,439663,439664,1,1
439662,439665,439667,2,3
439662,439665,439667,2,3
439662,439665,439666,1,3
439662,439664,439667,3,2
439662,439664,439667,3,2
439662,439665,439667,2,3
439662,439665,439666,1,3
439662,439665,439667,2,3
439662,439664,439666,2,2
439662,439664,439666,2,2
439662,439664,439667,3,2
439662,439664,439667,3,2
439662,439665,439666,1,3
439662,439664,439667,3,2
439662,439664,439666,2,2
439662,439664,439666,2,2
439662,439665,439666,1,3
439665,439665,439667,2,0
439665,439665,439667,2,0
439662,439664,439667,3,2
439662,439664,439667,3,2
439662,439665,439667,2,3
439662,439665,439666,1,3
439662,439665,439667,2,3
439665,439665,439667,2,0
439665,439665,439667,2,0
439662,439664,439667,3,2
439662,439664,439667,3,2
439662,439665,439666,1,3
439662,439665,439666,1,3
439665,439665,439667,2,0
439665,439665,439667,2,0
439662,439664,439666,2,2
439662,439665,439666,1,3
439662,439665,439666,1,3
439662,439665,439666,1,3
439665,439665,439666,1,0
439665,439665,439667,2,0
439665,439665,439667,2,0
439662,439664,439666,2,2
439662,439664,439666,2,2
439665,439665,439667,2,0
439665,439665,439667,2,0
439665,439665,439667,2,0
439662,439664,439666,2,2
439662,439664,439666,2,2
439662,439665,439666,1,3
439665,439665,439666,1,0
439665,439665,439666,1,0
439662,439664,439667,3,2
439665,439666,439667,1,1
439665,439666,439667,1,1
439665,439666,439668,2,1
439665,439667,439668,1,2
439665,439666,439668,2,1
439665,439667,439669,2,2
439665,439667,439669,2,2
439665,439667,439669,2,2
439665,439667,439669,2,2
439665,439667,439669,2,2
439665,439667,439669,2,2
439665,439667,439669,2,2
439665,439666,439669,3,1
439665,439667,439669,2,2
439665,439667,439669,2,2
439665,439667,439669,2,2
439665,439667,439669,2,2
439665,439667,439669,2,2
439059,439059,439670,611,0
439665,439667,439670,3,2
439665,439667,439670,3,2
439665,439667,439670,3,2
439665,439666,439670,4,1
439665,439666,439669,3,1
439665,439667,439669,2,2
439665,439667,439670,3,2
439665,439667,439670,3,2
439665,439667,439670,3,2
439665,439667,439669,2,2
439665,439667,439670,3,2
439665,439667,439670,3,2
439665,439667,439670,3,2
439665,439667,439670,3,2
439665,439667,439669,2,2
439665,439667,439670,3,2
439665,439667,439669,2,2
439662,439667,439670,3,5
439665,439667,439670,3,2
439665,439667,439670,3,2
439665,439667,439670,3,2
439665,439667,439670,3,2
439665,439667,439670,3,2
439665,439667,439671,4,2
439665,439667,439671,4,2
439665,439667,439671,4,2
439665,439667,439670,3,2
439665,439667,439670,3,2
439665,439667,439670,3,2
439665,439667,439670,3,2
439665,439667,439670,3,2
439048,439048,439673,625,0
439694,439695,439696,1,1
439694,439695,439696,1,1
439694,439694,439696,2,0
439694,439695,439696,1,1
439694,439694,439696,2,0
439694,439694,439696,2,0
439694,439694,439696,2,0
439694,439694,439696,2,0
439694,439694,439696,2,0
439694,439694,439696,2,0
439694,439694,439696,2,0
439694,439694,439696,2,0
439694,439694,439696,2,0
439694,439694,439696,2,0
439694,439694,439696,2,0
439694,439694,439696,2,0
439694,439694,439696,2,0
439694,439694,439695,1,0
439694,439694,439696,2,0
439694,439694,439695,1,0
439694,439694,439696,2,0
439694,439694,439696,2,0
439694,439694,439696,2,0
439694,439694,439696,2,0
439694,439694,439696,2,0
439694,439694,439697,3,0
439694,439694,439696,2,0
439694,439694,439697,3,0
439694,439694,439697,3,0
439694,439694,439696,2,0
439694,439694,439697,3,0
439694,439694,439697,3,0
439694,439694,439697,3,0
439694,439694,439697,3,0
439694,439694,439697,3,0
439694,439694,439697,3,0
439694,439694,439697,3,0
439694,439694,439697,3,0
439694,439694,439697,3,0
439694,439694,439696,2,0
439694,439694,439697,3,0
439694,439694,439696,2,0
439694,439694,439698,4,0
439694,439694,439698,4,0
439694,439694,439697,3,0
439694,439694,439698,4,0
439694,439694,439698,4,0
439694,439694,439697,3,0
439694,439694,439697,3,0
439694,439694,439698,4,0
439694,439694,439698,4,0
439694,439694,439697,3,0
439694,439694,439697,3,0
439694,439694,439697,3,0
439694,439694,439697,3,0
439694,439694,439697,3,0
439694,439694,439698,4,0
439694,439700,439701,1,6
439694,439700,439701,1,6
439694,439700,439701,1,6
439694,439700,439701,1,6
439702,439702,439704,2,0
439702,439702,439704,2,0
439702,439702,439703,1,0
439702,439702,439704,2,0
439702,439702,439704,2,0
439702,439702,439704,2,0
439702,439702,439704,2,0
439702,439702,439704,2,0
439702,439702,439704,2,0
439702,439702,439704,2,0
439702,439702,439704,2,0
439702,439702,439704,2,0
439702,439702,439703,1,0
439702,439702,439703,1,0
439702,439702,439703,1,0
439702,439702,439704,2,0
439702,439702,439704,2,0
439702,439702,439703,1,0
439702,439702,439703,1,0
439702,439702,439704,2,0
439702,439702,439704,2,0
439702,439702,439704,2,0
439702,439702,439704,2,0
439702,439702,439704,2,0
439702,439702,439704,2,0
439702,439702,439705,3,0
439702,439702,439705,3,0
439702,439702,439704,2,0
439702,439702,439705,3,0
439702,439702,439705,3,0
439702,439702,439704,2,0
439702,439702,439705,3,0
439702,439702,439705,3,0
439702,439702,439704,2,0
439702,439702,439705,3,0
439702,439702,439705,3,0
439702,439702,439705,3,0
439702,439702,439704,2,0
439702,439702,439705,3,0
439702,439702,439706,4,0
439702,439702,439706,4,0
439702,439702,439705,3,0
439702,439702,439705,3,0
439702,439702,439706,4,0
439702,439702,439705,3,0
439702,439702,439706,4,0
439702,439702,439705,3,0
439702,439702,439706,4,0
439702,439702,439705,3,0
439702,439702,439705,3,0
439702,439702,439705,3,0
439702,439702,439706,4,0
439702,439702,439705,3,0
439702,439702,439706,4,0
439702,439702,439705,3,0
439702,439702,439706,4,0
439702,439702,439706,4,0
439702,439702,439705,3,0
439063,439063,439722,659,0
439702,439722,439723,1,20
439723,439724,439725,1,1
439723,439724,439725,1,1
439723,439724,439725,1,1
439723,439724,439725,1,1
439723,439724,439725,1,1
439723,439724,439725,1,1
439723,439724,439725,1,1
439723,439724,439725,1,1
439723,439724,439726,2,1
439723,439724,439726,2,1
439723,439724,439725,1,1
439723,439724,439725,1,1
439723,439724,439725,1,1
439723,439724,439725,1,1
439723,439724,439725,1,1
439723,439724,439725,1,1
439723,439724,439725,1,1
439723,439724,439726,2,1
439723,439724,439725,1,1
439723,439724,439725,1,1
439723,439724,439725,1,1
439723,439724,439725,1,1
439723,439724,439725,1,1
439723,439724,439725,1,1
439723,439724,439725,1,1
439723,439724,439725,1,1
439723,439724,439727,3,1
439723,439724,439727,3,1
439723,439724,439726,2,1
439723,439724,439727,3,1
439723,439724,439726,2,1
439723,439724,439726,2,1
439723,439724,439727,3,1
439723,439724,439726,2,1
439723,439724,439726,2,1
439723,439724,439727,3,1
439723,439724,439726,2,1
439723,439724,439727,3,1
439723,439724,439727,3,1
439723,439724,439726,2,1
439723,439724,439727,3,1
439723,439724,439727,3,1
439723,439724,439727,3,1
439723,439724,439727,3,1
439723,439724,439727,3,1
439723,439724,439727,3,1
439723,439724,439727,3,1
439723,439724,439727,3,1
439723,439724,439727,3,1
439723,439724,439727,3,1
439723,439724,439727,3,1
439723,439724,439727,3,1
439723,439724,439727,3,1
439723,439724,439727,3,1
439723,439724,439728,4,1
439723,439724,439727,3,1
439723,439732,439733,1,9
439723,439732,439733,1,9
439723,439732,439735,3,9
439723,439732,439734,2,9
439723,439732,439735,3,9
439433,439435,439784,349,2
439785,439786,439787,1,1
439785,439786,439787,1,1
439785,439786,439787,1,1
439785,439786,439787,1,1
439785,439785,439787,2,0
439785,439786,439787,1,1
439785,439786,439787,1,1
439785,439786,439787,1,1
439785,439786,439787,1,1
439785,439785,439787,2,0
439785,439785,439787,2,0
439785,439786,439787,1,1
439785,439785,439787,2,0
439785,439785,439787,2,0
439785,439785,439787,2,0
439785,439785,439787,2,0
439785,439785,439787,2,0
439785,439786,439788,2,1
439785,439785,439787,2,0
439785,439785,439787,2,0
439785,439785,439787,2,0
439785,439785,439787,2,0
439785,439785,439787,2,0
439785,439785,439787,2,0
439785,439785,439787,2,0
439785,439785,439787,2,0
439785,439785,439788,3,0
439785,439785,439788,3,0
439785,439786,439788,2,1
439785,439786,439788,2,1
439785,439786,439788,2,1
439785,439786,439789,3,1
439785,439786,439789,3,1
439785,439786,439788,2,1
439785,439786,439788,2,1
439785,439785,439788,3,0
439785,439786,439788,2,1
439785,439786,439788,2,1
439785,439786,439788,2,1
439785,439786,439788,2,1
439785,439786,439788,2,1
439785,439786,439788,2,1
439785,439786,439788,2,1
439785,439786,439788,2,1
439785,439786,439789,3,1
439785,439786,439789,3,1
439785,439786,439789,3,1
439785,439786,439789,3,1
439785,439786,439789,3,1
439785,439786,439789,3,1
439785,439786,439789,3,1
439785,439786,439790,4,1
439785,439786,439789,3,1
439785,439786,439789,3,1
439785,439786,439789,3,1
439785,439786,439789,3,1
439785,439786,439789,3,1
439785,439786,439789,3,1
439785,439786,439789,3,1
439785,439786,439789,3,1
439785,439786,439789,3,1
439396,439398,439796,398,2
439400,439402,439798,396,2
439803,439803,439804,1,0
439803,439803,439805,2,0
439803,439803,439805,2,0
439803,439803,439805,2,0
439803,439803,439805,2,0
439803,439803,439805,2,0
439803,439803,439805,2,0
439803,439803,439805,2,0
439803,439803,439805,2,0
439803,439803,439805,2,0
439803,439803,439805,2,0
439803,439803,439805,2,0
439803,439803,439805,2,0
439803,439803,439805,2,0
439803,439803,439805,2,0
439803,439803,439805,2,0
439803,439803,439805,2,0
439803,439803,439805,2,0
439803,439803,439804,1,0
439803,439803,439805,2,0
439803,439803,439804,1,0
439803,439803,439804,1,0
439803,439803,439805,2,0
439803,439803,439804,1,0
439803,439803,439805,2,0
439803,439803,439805,2,0
439803,439803,439804,1,0
439803,439803,439804,1,0
439803,439803,439805,2,0
439803,439803,439805,2,0
439803,439803,439806,3,0
439803,439803,439805,2,0
439803,439803,439806,3,0
439803,439803,439806,3,0
439803,439803,439806,3,0
439803,439803,439805,2,0
439803,439803,439806,3,0
439803,439803,439805,2,0
439803,439803,439806,3,0
439803,439803,439805,2,0
439803,439803,439806,3,0
439803,439803,439806,3,0
439803,439803,439806,3,0
439803,439803,439806,3,0
439803,439803,439806,3,0
439803,439803,439807,4,0
439805,439805,439806,1,0
439803,439803,439807,4,0
439803,439803,439807,4,0
439803,439803,439807,4,0
439805,439805,439806,1,0
439805,439805,439807,2,0
439805,439805,439807,2,0
439803,439803,439807,4,0
439803,439803,439807,4,0
439803,439803,439807,4,0
439805,439805,439807,2,0
439805,439805,439807,2,0
439805,439805,439807,2,0
439803,439803,439806,3,0
439803,439803,439806,3,0
439803,439803,439807,4,0
439803,439803,439806,3,0
439805,439805,439807,2,0
439805,439805,439807,2,0
439803,439803,439807,4,0
439805,439805,439806,1,0
439805,439805,439806,1,0
439805,439805,439807,2,0
439803,439803,439806,3,0
439803,439803,439807,4,0
439805,439805,439806,1,0
439805,439805,439807,2,0
439803,439803,439807,4,0
439803,439803,439807,4,0
439805,439805,439807,2,0
439805,439805,439807,2,0
439803,439803,439807,4,0
439805,439805,439806,1,0
439805,439805,439807,2,0
439805,439805,439807,2,0
439805,439805,439807,2,0
439805,439805,439808,3,0
439805,439805,439808,3,0
439805,439807,439808,1,2
439805,439807,439809,2,2
439805,439805,439809,4,0
439805,439805,439809,4,0
439805,439807,439809,2,2
439805,439807,439809,2,2
439805,439807,439809,2,2
439805,439807,439809,2,2
439805,439807,439809,2,2
439805,439807,439809,2,2
439805,439806,439809,3,1
439805,439806,439809,3,1
439805,439806,439809,3,1
439805,439805,439808,3,0
439805,439806,439809,3,1
439805,439806,439809,3,1
439805,439806,439809,3,1
439805,439806,439809,3,1
439805,439806,439809,3,1
439805,439807,439809,2,2
439805,439807,439809,2,2
439805,439807,439809,2,2
439805,439807,439809,2,2
439805,439806,439809,3,1
439805,439807,439809,2,2
439805,439807,439809,2,2
439805,439807,439809,2,2
439805,439807,439809,2,2
439805,439807,439809,2,2
439805,439806,439809,3,1
439805,439806,439809,3,1
439805,439806,439808,2,1
439805,439806,439809,3,1
439805,439807,439809,2,2
439805,439807,439809,2,2
439805,439807,439809,2,2
439805,439805,439809,4,0
439805,439805,439809,4,0
439805,439805,439814,9,0
439805,439805,439825,20,0
439484,439488,439848,360,4
439849,439850,439851,1,1
439849,439850,439852,2,1
439849,439850,439851,1,1
439849,439850,439852,2,1
439849,439850,439852,2,1
439849,439850,439852,2,1
439849,439850,439852,2,1
439849,439850,439851,1,1
439849,439850,439852,2,1
439849,439850,439851,1,1
439849,439850,439851,1,1
439849,439850,439852,2,1
439849,439850,439852,2,1
439849,439850,439852,2,1
439849,439850,439852,2,1
439849,439850,439851,1,1
439849,439850,439851,1,1
439849,439850,439852,2,1
439849,439850,439851,1,1
439849,439850,439852,2,1
439849,439850,439851,1,1
439849,439850,439852,2,1
439849,439850,439852,2,1
439849,439850,439853,3,1
439849,439850,439852,2,1
439849,439850,439853,3,1
439849,439850,439852,2,1
439849,439850,439852,2,1
439849,439850,439853,3,1
439849,439850,439853,3,1
439849,439850,439852,2,1
439849,439850,439853,3,1
439849,439850,439853,3,1
439849,439850,439852,2,1
439849,439850,439853,3,1
439849,439850,439853,3,1
439849,439850,439853,3,1
439849,439850,439854,4,1
439849,439850,439853,3,1
439849,439850,439853,3,1
439849,439850,439854,4,1
439849,439850,439853,3,1
439849,439850,439854,4,1
439849,439850,439853,3,1
439849,439850,439853,3,1
439849,439850,439854,4,1
439849,439850,439854,4,1
439849,439850,439853,3,1
439849,439850,439854,4,1
439849,439850,439854,4,1
439849,439850,439853,3,1
439849,439850,439853,3,1
439486,439488,439855,367,2
439857,439857,439859,2,0
439857,439858,439859,1,1
439857,439857,439859,2,0
439857,439857,439859,2,0
439857,439857,439859,2,0
439857,439857,439859,2,0
439857,439857,439859,2,0
439857,439857,439859,2,0
439857,439857,439859,2,0
439857,439857,439859,2,0
439857,439857,439859,2,0
439857,439857,439859,2,0
439857,439857,439860,3,0
439857,439857,439859,2,0
439857,439857,439859,2,0
439857,439857,439859,2,0
439857,439857,439859,2,0
439857,439858,439859,1,1
439857,439858,439859,1,1
439431,439432,439860,428,1
439857,439857,439860,3,0
439857,439857,439860,3,0
439857,439858,439860,2,1
439857,439858,439860,2,1
439857,439858,439860,2,1
439857,439858,439861,3,1
439857,439858,439861,3,1
439857,439858,439860,2,1
439857,439858,439860,2,1
439857,439860,439861,1,3
439857,439857,439860,3,0
439857,439858,439861,3,1
439857,439858,439860,2,1
439857,439858,439860,2,1
439857,439857,439861,4,0
439857,439857,439861,4,0
439857,439858,439861,3,1
439857,439858,439861,3,1
439857,439860,439861,1,3
439857,439858,439862,4,1
439857,439858,439861,3,1
439857,439860,439861,1,3
439857,439860,439861,1,3
439857,439860,439861,1,3
439857,439858,439861,3,1
439857,439858,439861,3,1
439857,439858,439861,3,1
439857,439860,439861,1,3
439857,439860,439861,1,3
439857,439860,439861,1,3
439857,439857,439861,4,0
439857,439858,439861,3,1
439857,439858,439861,3,1
439857,439860,439861,1,3
439857,439858,439862,4,1
439857,439858,439861,3,1
439857,439858,439861,3,1
439857,439857,439861,4,0
439857,439858,439861,3,1
439857,439858,439861,3,1
439857,439858,439861,3,1
439857,439858,439861,3,1
439861,439861,439863,2,0
439861,439861,439863,2,0
439861,439861,439863,2,0
439861,439861,439863,2,0
439861,439861,439863,2,0
439861,439861,439864,3,0
439861,439861,439863,2,0
439861,439861,439863,2,0
439861,439861,439863,2,0
439861,439861,439863,2,0
439861,439861,439863,2,0
439861,439861,439863,2,0
439861,439861,439863,2,0
439861,439861,439863,2,0
439861,439861,439863,2,0
439861,439861,439863,2,0
439861,439861,439863,2,0
439861,439861,439863,2,0
439861,439861,439863,2,0
439861,439861,439863,2,0
439861,439861,439864,3,0
439861,439863,439864,1,2
439861,439863,439864,1,2
439861,439863,439865,2,2
439861,439863,439864,1,2
439861,439864,439865,1,3
439861,439863,439864,1,2
439861,439864,439865,1,3
439861,439861,439864,3,0
439861,439863,439864,1,2
439861,439863,439864,1,2
439861,439863,439864,1,2
439861,439863,439865,2,2
439463,439464,439864,400,1
439861,439861,439865,4,0
439861,439861,439865,4,0
439861,439862,439865,3,1
439861,439863,439865,2,2
439861,439863,439865,2,2
439861,439863,439865,2,2
439861,439864,439865,1,3
439861,439864,439865,1,3
439861,439863,439865,2,2
439861,439863,439865,2,2
439861,439863,439865,2,2
439861,439864,439865,1,3
439861,439864,439865,1,3
439861,439863,439865,2,2
439861,439863,439865,2,2
439861,439864,439865,1,3
439861,439864,439865,1,3
439861,439864,439865,1,3
439861,439862,439865,3,1
439861,439862,439865,3,1
439861,439862,439865,3,1
439861,439862,439866,4,1
439861,439862,439865,3,1
439861,439862,439865,3,1
439861,439862,439865,3,1
439861,439862,439865,3,1
439861,439862,439865,3,1
439849,439865,439866,1,16
439849,439865,439866,1,16
439861,439862,439866,4,1
439849,439868,439869,1,19
439849,439868,439869,1,19
439849,439868,439870,2,19
439849,439868,439870,2,19
439849,439868,439871,3,19
439849,439868,439871,3,19
439482,439485,439874,389,3
439879,439879,439880,1,0
439879,439879,439881,2,0
439879,439879,439881,2,0
439879,439879,439881,2,0
439879,439880,439881,1,1
439879,439880,439881,1,1
439879,439879,439881,2,0
439879,439879,439881,2,0
439879,439879,439881,2,0
439879,439879,439881,2,0
439879,439879,439881,2,0
439879,439879,439881,2,0
439879,439879,439881,2,0
439879,439879,439881,2,0
439879,439879,439881,2,0
439879,439879,439881,2,0
439879,439879,439881,2,0
439879,439879,439881,2,0
439879,439879,439881,2,0
439879,439879,439881,2,0
439879,439879,439881,2,0
439879,439879,439881,2,0
439879,439879,439881,2,0
439879,439879,439881,2,0
439879,439880,439881,1,1
439879,439879,439881,2,0
439879,439879,439880,1,0
439879,439879,439880,1,0
439879,439879,439881,2,0
439879,439880,439882,2,1
439879,439880,439882,2,1
439879,439880,439881,1,1
439535,439535,439882,347,0
439879,439880,439882,2,1
439879,439880,439882,2,1
439879,439879,439882,3,0
439879,439879,439882,3,0
439879,439879,439882,3,0
439879,439879,439882,3,0
439879,439879,439882,3,0
439879,439879,439882,3,0
439879,439879,439882,3,0
439879,439879,439882,3,0
439879,439879,439882,3,0
439879,439879,439882,3,0
439879,439879,439882,3,0
439879,439879,439883,4,0
439879,439879,439883,4,0
439879,439880,439883,3,1
439879,439880,439883,3,1
439879,439880,439883,3,1
439879,439879,439883,4,0
439879,439879,439883,4,0
439879,439879,439882,3,0
439879,439880,439883,3,1
439879,439880,439883,3,1
439879,439879,439883,4,0
439879,439879,439883,4,0
439879,439879,439882,3,0
439879,439879,439883,4,0
439879,439879,439883,4,0
439879,439879,439882,3,0
439879,439879,439883,4,0
439503,439505,439888,383,2
439530,439533,439903,370,3
439905,439905,439906,1,0
439905,439905,439907,2,0
439905,439905,439907,2,0
439905,439905,439907,2,0
439905,439905,439907,2,0
439905,439905,439907,2,0
439905,439905,439907,2,0
439905,439905,439907,2,0
439905,439905,439907,2,0
439905,439905,439907,2,0
439905,439905,439907,2,0
439905,439905,439907,2,0
439905,439905,439907,2,0
439905,439905,439907,2,0
439905,439905,439907,2,0
439905,439905,439907,2,0
439905,439905,439907,2,0
439905,439905,439907,2,0
439905,439905,439907,2,0
439905,439905,439907,2,0
439905,439905,439907,2,0
439905,439905,439906,1,0
439905,439905,439906,1,0
439905,439905,439907,2,0
439905,439905,439907,2,0
439905,439906,439907,1,1
439905,439905,439908,3,0
439905,439905,439907,2,0
439905,439905,439908,3,0
439905,439905,439908,3,0
439905,439905,439908,3,0
439905,439905,439908,3,0
439905,439905,439908,3,0
439905,439905,439908,3,0
439905,439905,439908,3,0
439905,439905,439908,3,0
439905,439905,439907,2,0
439905,439905,439908,3,0
439905,439905,439907,2,0
439905,439905,439909,4,0
439905,439905,439909,4,0
439905,439905,439909,4,0
439905,439907,439908,1,2
439905,439907,439909,2,2
439905,439907,439909,2,2
439905,439907,439909,2,2
439905,439907,439909,2,2
439905,439905,439909,4,0
439905,439905,439909,4,0
439905,439907,439909,2,2
439905,439907,439909,2,2
439905,439905,439909,4,0
439905,439907,439909,2,2
439905,439907,439909,2,2
439905,439907,439909,2,2
439905,439905,439909,4,0
439905,439905,439909,4,0
439905,439907,439909,2,2
439905,439907,439909,2,2
439905,439905,439909,4,0
439905,439905,439909,4,0
439905,439907,439909,2,2
439905,439907,439909,2,2
439905,439905,439909,4,0
439905,439905,439909,4,0
439905,439907,439909,2,2
439905,439908,439910,2,3
439905,439910,439911,1,5
439905,439910,439911,1,5
439905,439910,439911,1,5
439905,439910,439911,1,5
439905,439907,439910,3,2
439905,439908,439911,3,3
439905,439908,439911,3,3
439905,439909,439911,2,4
439905,439909,439911,2,4
439910,439910,439911,1,0
439905,439908,439911,3,3
439905,439908,439911,3,3
439905,439909,439911,2,4
439905,439909,439911,2,4
439910,439910,439911,1,0
439910,439910,439911,1,0
439905,439910,439911,1,5
439905,439910,439911,1,5
439905,439908,439911,3,3
439905,439910,439912,2,5
439905,439907,439911,4,2
439905,439908,439911,3,3
439905,439908,439911,3,3
439905,439908,439911,3,3
439910,439911,439912,1,1
439905,439909,439911,2,4
439905,439909,439911,2,4
439905,439910,439911,1,5
439905,439910,439911,1,5
439910,439911,439912,1,1
439905,439909,439911,2,4
439905,439909,439911,2,4
439905,439910,439911,1,5
439905,439910,439911,1,5
439905,439910,439911,1,5
439910,439911,439912,1,1
439905,439909,439912,3,4
439905,439909,439912,3,4
439905,439909,439911,2,4
439905,439910,439911,1,5
439905,439910,439911,1,5
439905,439910,439911,1,5
439910,439911,439912,1,1
439910,439910,439911,1,0
439910,439910,439911,1,0
439910,439911,439912,1,1
439905,439908,439912,4,3
439905,439910,439912,2,5
439905,439910,439912,2,5
439905,439910,439912,2,5
439905,439910,439912,2,5
439905,439910,439912,2,5
439910,439911,439912,1,1
439910,439911,439913,2,1
439910,439911,439912,1,1
439910,439911,439913,2,1
439910,439911,439912,1,1
439910,439911,439912,1,1
439910,439911,439913,2,1
439910,439911,439913,2,1
439910,439912,439913,1,2
439910,439913,439914,1,3
439910,439913,439914,1,3
439910,439913,439914,1,3
439910,439912,439914,2,2
439910,439912,439914,2,2
439910,439912,439914,2,2
439910,439913,439914,1,3
439910,439912,439914,2,2
439910,439911,439914,3,1
439910,439912,439914,2,2
439910,439913,439914,1,3
439910,439911,439914,3,1
439910,439912,439914,2,2
439912,439913,439915,2,1
439912,439913,439914,1,1
439912,439914,439915,1,2
439912,439913,439915,2,1
439910,439912,439914,2,2
439910,439912,439914,2,2
439910,439912,439915,3,2
439910,439912,439915,3,2
439910,439912,439915,3,2
439910,439913,439914,1,3
439910,439912,439915,3,2
439910,439912,439915,3,2
439910,439913,439914,1,3
439910,439913,439914,1,3
439912,439914,439915,1,2
439910,439912,439915,3,2
439910,439912,439915,3,2
439910,439912,439914,2,2
439912,439914,439915,1,2
439910,439912,439915,3,2
439910,439912,439915,3,2
439910,439912,439915,3,2
439910,439912,439915,3,2
439910,439912,439914,2,2
439910,439912,439914,2,2
439912,439914,439915,1,2
439910,439912,439915,3,2
439910,439912,439914,2,2
439910,439912,439914,2,2
439910,439912,439914,2,2
439912,439914,439915,1,2
439910,439911,439915,4,1
439910,439911,439915,4,1
439912,439914,439915,1,2
439912,439915,439916,1,3
439910,439911,439915,4,1
439912,439915,439916,1,3
439910,439912,439916,4,2
439910,439912,439915,3,2
439912,439914,439915,1,2
439912,439914,439915,1,2
439910,439912,439915,3,2
439912,439914,439915,1,2
439912,439914,439915,1,2
439912,439915,439916,1,3
439912,439916,439917,1,4
439912,439916,439917,1,4
439912,439916,439917,1,4
439912,439916,439917,1,4
439912,439916,439917,1,4
439912,439916,439917,1,4
439912,439916,439917,1,4
439912,439916,439917,1,4
439912,439915,439917,2,3
439912,439915,439917,2,3
439912,439915,439917,2,3
439912,439915,439917,2,3
439912,439915,439917,2,3
439912,439915,439917,2,3
439912,439916,439917,1,4
439912,439915,439917,2,3
439912,439915,439917,2,3
439912,439915,439918,3,3
439912,439915,439918,3,3
439912,439915,439918,3,3
439912,439915,439918,3,3
439912,439915,439918,3,3
439912,439915,439918,3,3
439912,439915,439918,3,3
439912,439915,439918,3,3
439912,439915,439918,3,3
439912,439915,439918,3,3
439912,439915,439918,3,3
439912,439915,439917,2,3
439912,439915,439917,2,3
439912,439915,439917,2,3
439912,439915,439917,2,3
439912,439915,439918,3,3
439912,439915,439917,2,3
439912,439915,439917,2,3
439912,439915,439918,3,3
439912,439915,439917,2,3
439912,439915,439918,3,3
439912,439915,439918,3,3
439912,439915,439918,3,3
439912,439915,439918,3,3
439912,439915,439918,3,3
439905,439918,439919,1,13
439905,439918,439919,1,13
439905,439918,439919,1,13
439905,439918,439920,2,13
439905,439918,439921,3,13
439905,439918,439921,3,13
439905,439918,439920,2,13
439905,439920,439921,1,15
439905,439920,439922,2,15
439905,439920,439922,2,15
439905,439921,439922,1,16
439905,439921,439923,2,16
439905,439921,439923,2,16
439905,439921,439923,2,16
439609,439610,439982,372,1
439984,439985,439987,2,1
439984,439985,439986,1,1
439984,439985,439986,1,1
439984,439985,439986,1,1
439984,439985,439986,1,1
439984,439985,439986,1,1
439984,439985,439986,1,1
439984,439985,439986,1,1
439984,439985,439986,1,1
439984,439985,439986,1,1
439984,439985,439986,1,1
439984,439985,439986,1,1
439984,439985,439986,1,1
439984,439985,439986,1,1
439984,439985,439986,1,1
439984,439985,439986,1,1
439984,439985,439986,1,1
439984,439985,439986,1,1
439984,439985,439987,2,1
439984,439985,439986,1,1
439984,439985,439987,2,1
439984,439985,439987,2,1
439984,439985,439986,1,1
439984,439985,439986,1,1
439984,439985,439986,1,1
439984,439985,439987,2,1
439984,439985,439987,2,1
439984,439985,439988,3,1
439984,439985,439987,2,1
439984,439985,439987,2,1
439666,439667,439987,320,1
439984,439985,439987,2,1
439984,439985,439988,3,1
439984,439985,439988,3,1
439984,439985,439987,2,1
439984,439985,439988,3,1
439984,439985,439987,2,1
439984,439985,439988,3,1
439984,439985,439987,2,1
439984,439985,439988,3,1
439984,439985,439988,3,1
439984,439985,439988,3,1
439984,439985,439988,3,1
439984,439985,439988,3,1
439984,439985,439988,3,1
439984,439985,439988,3,1
439984,439985,439989,4,1
439984,439985,439988,3,1
439984,439985,439988,3,1
439984,439985,439988,3,1
439984,439985,439988,3,1
439984,439985,439988,3,1
439984,439985,439988,3,1
439984,439985,439989,4,1
439984,439985,439989,4,1
439984,439985,439988,3,1
439989,439989,439991,2,0
439989,439989,439991,2,0
439989,439989,439991,2,0
439989,439989,439991,2,0
439989,439989,439991,2,0
439989,439989,439991,2,0
439989,439990,439991,1,1
439989,439989,439991,2,0
439989,439990,439991,1,1
439989,439990,439991,1,1
439989,439989,439991,2,0
439989,439989,439991,2,0
439989,439989,439991,2,0
439989,439989,439991,2,0
439989,439990,439991,1,1
439989,439989,439991,2,0
439989,439989,439991,2,0
439989,439989,439991,2,0
439989,439989,439991,2,0
439989,439989,439991,2,0
439989,439989,439991,2,0
439989,439989,439991,2,0
439989,439989,439991,2,0
439989,439990,439991,1,1
439989,439989,439992,3,0
439989,439989,439992,3,0
439989,439989,439992,3,0
439989,439990,439992,2,1
439989,439990,439991,1,1
439989,439989,439992,3,0
439989,439990,439992,2,1
439989,439991,439992,1,2
439989,439990,439992,2,1
439989,439991,439992,1,2
439989,439991,439992,1,2
439989,439990,439992,2,1
439989,439991,439992,1,2
439989,439991,439992,1,2
439989,439991,439992,1,2
439989,439989,439993,4,0
439989,439990,439992,2,1
439989,439990,439992,2,1
439989,439990,439992,2,1
439989,439989,439992,3,0
439989,439990,439992,2,1
439989,439989,439993,4,0
439989,439989,439993,4,0
439989,439989,439992,3,0
439989,439989,439993,4,0
439989,439989,439993,4,0
439989,439989,439992,3,0
439989,439989,439992,3,0
439989,439989,439992,3,0
439989,439989,439993,4,0
439989,439989,439993,4,0
439989,439989,439993,4,0
439989,439989,439993,4,0
439989,439989,439992,3,0
439989,439989,439993,4,0
439989,439989,439993,4,0
439989,439991,439992,1,2
439989,439989,439993,4,0
439984,439999,440000,1,15
439984,439999,440001,2,15
439984,439999,440001,2,15
439984,439999,440002,3,15
439984,439999,440002,3,15
439984,439999,440002,3,15
439664,439665,440004,339,1
439631,439632,440006,374,1
439627,439628,440011,383,1
440009,440009,440011,2,0
440009,440009,440011,2,0
440009,440009,440011,2,0
440009,440009,440011,2,0
440009,440009,440011,2,0
440009,440009,440011,2,0
440009,440009,440011,2,0
440009,440009,440011,2,0
440009,440009,440011,2,0
440009,440009,440011,2,0
440009,440009,440011,2,0
440009,440009,440011,2,0
440009,440009,440011,2,0
440009,440009,440011,2,0
440009,440009,440011,2,0
440009,440009,440011,2,0
440009,440009,440011,2,0
440009,440009,440011,2,0
440009,440009,440011,2,0
440009,440009,440011,2,0
440009,440009,440011,2,0
440009,440009,440011,2,0
440009,440009,440011,2,0
440009,440009,440011,2,0
440009,440009,440011,2,0
440009,440010,440012,2,1
440009,440010,440011,1,1
440009,440010,440011,1,1
440009,440010,440012,2,1
440009,440010,440011,1,1
440009,440009,440012,3,0
440009,440009,440012,3,0
440009,440009,440011,2,0
440009,440009,440012,3,0
440009,440009,440012,3,0
440009,440009,440012,3,0
440009,440009,440012,3,0
440009,440009,440012,3,0
440009,440009,440012,3,0
440009,440009,440012,3,0
440009,440011,440012,1,2
440009,440009,440012,3,0
440009,440009,440012,3,0
440009,440009,440012,3,0
440009,440009,440013,4,0
440009,440009,440012,3,0
440009,440009,440012,3,0
440009,440009,440012,3,0
440009,440009,440012,3,0
440009,440010,440012,2,1
440009,440011,440012,1,2
440009,440011,440012,1,2
440009,440010,440013,3,1
440009,440009,440013,4,0
440009,440009,440013,4,0
440009,440009,440013,4,0
440009,440011,440013,2,2
440009,440012,440013,1,3
440009,440011,440013,2,2
440009,440012,440013,1,3
440009,440009,440013,4,0
440009,440009,440013,4,0
440009,440012,440013,1,3
440009,440009,440013,4,0
440009,440011,440013,2,2
440009,440011,440013,2,2
440009,440012,440013,1,3
440009,440009,440013,4,0
440009,440011,440013,2,2
440009,440012,440013,1,3
440009,440012,440013,1,3
440009,440012,440013,1,3
440009,440011,440013,2,2
440009,440012,440013,1,3
440009,440012,440013,1,3
440009,440009,440013,4,0
440009,440009,440013,4,0
440009,440009,440013,4,0
440009,440013,440014,1,4
440009,440012,440014,2,3
440009,440013,440015,2,4
440009,440013,440015,2,4
440009,440012,440014,2,3
440009,440012,440014,2,3
440009,440012,440015,3,3
440009,440013,440014,1,4
440009,440012,440015,3,3
440009,440012,440014,2,3
440009,440013,440015,2,4
440009,440013,440014,1,4
440009,440013,440014,1,4
440009,440014,440015,1,5
440009,440014,440015,1,5
440009,440014,440015,1,5
440009,440014,440015,1,5
440009,440012,440015,3,3
440009,440012,440015,3,3
440009,440012,440015,3,3
440009,440013,440014,1,4
440009,440013,440014,1,4
440009,440013,440015,2,4
440009,440013,440015,2,4
440009,440013,440015,2,4
440009,440013,440015,2,4
440009,440012,440015,3,3
440009,440012,440015,3,3
440009,440012,440015,3,3
440009,440013,440015,2,4
440009,440014,440015,1,5
440009,440013,440016,3,4
440009,440013,440015,2,4
440009,440013,440015,2,4
440009,440013,440015,2,4
440009,440013,440015,2,4
440009,440013,440015,2,4
440009,440013,440015,2,4
440009,440013,440016,3,4
440009,440013,440015,2,4
440009,440014,440015,1,5
440009,440013,440016,3,4
440009,440010,440017,7,1
440009,440013,440018,5,4
439661,439662,440034,372,1
440033,440034,440035,1,1
440033,440034,440035,1,1
440033,440033,440035,2,0
440033,440033,440035,2,0
440033,440033,440035,2,0
440033,440033,440035,2,0
440033,440033,440035,2,0
440033,440034,440036,2,1
440033,440034,440035,1,1
440033,440033,440035,2,0
440033,440033,440035,2,0
440033,440033,440035,2,0
440033,440033,440035,2,0
440033,440033,440035,2,0
440033,440033,440035,2,0
440033,440034,440035,1,1
440033,440034,440035,1,1
440033,440033,440035,2,0
440033,440033,440035,2,0
440033,440034,440035,1,1
440033,440034,440035,1,1
440033,440033,440035,2,0
440033,440033,440035,2,0
440033,440034,440035,1,1
440033,440033,440035,2,0
440033,440033,440035,2,0
440033,440033,440035,2,0
440033,440034,440035,1,1
440033,440033,440035,2,0
440033,440033,440035,2,0
440033,440033,440035,2,0
440033,440034,440035,1,1
440033,440033,440036,3,0
440033,440033,440036,3,0
440033,440034,440036,2,1
440033,440034,440036,2,1
440033,440033,440036,3,0
440033,440033,440036,3,0
440033,440034,440036,2,1
440033,440033,440036,3,0
440033,440033,440036,3,0
440033,440033,440036,3,0
440033,440034,440036,2,1
440033,440034,440036,2,1
440033,440034,440036,2,1
440033,440033,440036,3,0
440033,440034,440036,2,1
440033,440034,440036,2,1
440033,440034,440037,3,1
440033,440034,440037,3,1
440033,440033,440037,4,0
440033,440033,440037,4,0
440033,440034,440037,3,1
440033,440033,440037,4,0
440033,440034,440037,3,1
440033,440034,440037,3,1
440033,440033,440037,4,0
440033,440033,440037,4,0
440033,440034,440037,3,1
440033,440034,440037,3,1
440033,440034,440037,3,1
440045,440046,440047,1,1
440045,440046,440048,2,1
440045,440046,440048,2,1
440045,440046,440047,1,1
440045,440046,440047,1,1
440045,440046,440047,1,1
440045,440046,440048,2,1
440045,440046,440047,1,1
440045,440046,440047,1,1
440045,440046,440047,1,1
440045,440046,440047,1,1
440045,440046,440047,1,1
440045,440046,440047,1,1
440045,440046,440047,1,1
440045,440046,440047,1,1
440045,440046,440047,1,1
440045,440046,440047,1,1
440045,440046,440047,1,1
440045,440046,440048,2,1
440045,440046,440048,2,1
440045,440046,440047,1,1
440045,440046,440047,1,1
440045,440046,440047,1,1
440045,440046,440047,1,1
440045,440046,440047,1,1
440045,440046,440047,1,1
440045,440046,440048,2,1
440045,440046,440047,1,1
440045,440046,440048,2,1
440045,440046,440048,2,1
440045,440046,440049,3,1
440045,440046,440049,3,1
440045,440046,440048,2,1
440045,440046,440048,2,1
440045,440046,440049,3,1
440045,440046,440048,2,1
440045,440046,440048,2,1
440045,440046,440048,2,1
440045,440046,440049,3,1
440045,440046,440048,2,1
440045,440046,440049,3,1
440045,440046,440048,2,1
440045,440046,440048,2,1
440045,440046,440048,2,1
440045,440046,440049,3,1
440045,440046,440049,3,1
440045,440046,440048,2,1
440045,440046,440049,3,1
440045,440046,440049,3,1
440045,440046,440049,3,1
440045,440046,440049,3,1
440045,440046,440049,3,1
440045,440046,440049,3,1
440045,440046,440049,3,1
440045,440046,440049,3,1
440045,440046,440049,3,1
440045,440046,440050,4,1
440045,440046,440049,3,1
440045,440046,440050,4,1
440045,440046,440049,3,1
440045,440046,440049,3,1
440045,440046,440050,4,1
439703,439704,440099,395,1
440101,440101,440103,2,0
440101,440101,440103,2,0
440101,440101,440103,2,0
440101,440101,440103,2,0
440101,440101,440103,2,0
440101,440101,440103,2,0
440101,440101,440103,2,0
440101,440101,440103,2,0
440101,440101,440103,2,0
440101,440101,440103,2,0
440101,440101,440103,2,0
440101,440101,440103,2,0
440101,440101,440103,2,0
440101,440101,440103,2,0
440101,440101,440103,2,0
440101,440101,440103,2,0
440101,440101,440103,2,0
440101,440102,440103,1,1
440101,440102,440103,1,1
440101,440102,440103,1,1
440101,440102,440103,1,1
440101,440101,440103,2,0
440101,440101,440103,2,0
440101,440101,440103,2,0
440101,440101,440103,2,0
440101,440101,440104,3,0
440101,440101,440103,2,0
440101,440101,440104,3,0
440101,440101,440103,2,0
440101,440101,440104,3,0
440101,440101,440104,3,0
440101,440101,440104,3,0
440101,440101,440104,3,0
440101,440101,440103,2,0
440101,440101,440104,3,0
440101,440102,440104,2,1
440101,440102,440104,2,1
440101,440101,440104,3,0
440101,440101,440104,3,0
440101,440101,440104,3,0
440101,440101,440104,3,0
440101,440101,440103,2,0
440101,440101,440105,4,0
440101,440101,440105,4,0
440101,440101,440104,3,0
440101,440101,440105,4,0
440101,440101,440105,4,0
440101,440101,440105,4,0
440101,440101,440105,4,0
440101,440101,440104,3,0
440101,440101,440105,4,0
440101,440102,440105,3,1
440101,440101,440105,4,0
440101,440101,440105,4,0
439695,439696,440105,409,1
440107,440107,440109,2,0
440107,440107,440109,2,0
440107,440107,440109,2,0
440107,440107,440109,2,0
440107,440107,440109,2,0
440107,440107,440109,2,0
440107,440108,440109,1,1
440107,440107,440109,2,0
440107,440107,440109,2,0
440107,440107,440109,2,0
440107,440107,440109,2,0
440107,440107,440109,2,0
440107,440107,440109,2,0
440107,440107,440109,2,0
440107,440107,440109,2,0
440107,440107,440109,2,0
440107,440107,440109,2,0
440107,440107,440109,2,0
440107,440107,440109,2,0
440107,440107,440109,2,0
440107,440107,440109,2,0
440107,440107,440109,2,0
440107,440107,440109,2,0
440107,440107,440109,2,0
440107,440107,440109,2,0
440107,440107,440110,3,0
440107,440107,440110,3,0
440107,440108,440110,2,1
440107,440108,440110,2,1
440107,440107,440110,3,0
440107,440107,440110,3,0
440107,440107,440110,3,0
440107,440107,440109,2,0
440107,440107,440110,3,0
440107,440107,440110,3,0
440107,440107,440110,3,0
440107,440107,440110,3,0
440107,440107,440110,3,0
440107,440109,440110,1,2
440107,440109,440110,1,2
440107,440107,440110,3,0
440107,440107,440110,3,0
440107,440107,440110,3,0
440107,440107,440110,3,0
440107,440107,440110,3,0
440107,440109,440110,1,2
440107,440109,440110,1,2
440107,440107,440111,4,0
440107,440109,440110,1,2
440107,440108,440111,3,1
440107,440108,440111,3,1
440107,440107,440111,4,0
440107,440107,440111,4,0
440107,440107,440111,4,0
440107,440107,440111,4,0
440107,440109,440111,2,2
440107,440109,440110,1,2
440107,440107,440111,4,0
440107,440109,440111,2,2
440107,440107,440111,4,0
440107,440107,440111,4,0
440107,440107,440111,4,0
440101,440118,440119,1,17
440101,440118,440119,1,17
440101,440118,440119,1,17
440101,440118,440119,1,17
440101,440118,440120,2,17
440101,440118,440121,3,17
440101,440118,440121,3,17
439725,439726,440160,434,1
440161,440162,440164,2,1
440161,440162,440163,1,1
440161,440162,440164,2,1
440161,440162,440163,1,1
440161,440162,440163,1,1
440161,440162,440163,1,1
440161,440162,440164,2,1
440161,440162,440164,2,1
440161,440162,440164,2,1
440161,440162,440163,1,1
440161,440162,440164,2,1
440161,440162,440163,1,1
440161,440162,440163,1,1
440161,440162,440163,1,1
440161,440162,440163,1,1
440161,440162,440163,1,1
440161,440162,440164,2,1
440161,440162,440163,1,1
440161,440162,440163,1,1
440161,440162,440163,1,1
440161,440162,440163,1,1
440161,440162,440163,1,1
440161,440162,440164,2,1
440161,440162,440163,1,1
440161,440162,440163,1,1
440161,440162,440163,1,1
440161,440162,440163,1,1
440161,440162,440164,2,1
440161,440163,440164,1,2
440161,440163,440164,1,2
440161,440163,440164,1,2
440161,440162,440164,2,1
440161,440162,440164,2,1
440161,440162,440165,3,1
440161,440162,440164,2,1
440161,440162,440165,3,1
440161,440162,440164,2,1
440161,440162,440164,2,1
440161,440162,440164,2,1
440161,440162,440165,3,1
440161,440162,440164,2,1
440161,440162,440165,3,1
440161,440162,440165,3,1
440161,440163,440164,1,2
440161,440163,440165,2,2
440161,440163,440164,1,2
440161,440163,440165,2,2
440161,440162,440165,3,1
440161,440162,440165,3,1
440161,440162,440165,3,1
440161,440162,440165,3,1
440161,440162,440165,3,1
440161,440162,440165,3,1
440161,440162,440165,3,1
440161,440162,440165,3,1
440161,440162,440165,3,1
440161,440162,440165,3,1
440161,440163,440166,3,2
440161,440163,440166,3,2
440161,440163,440166,3,2
440161,440163,440166,3,2
439863,439864,440180,316,1
440181,440182,440183,1,1
440181,440182,440184,2,1
440181,440182,440183,1,1
440181,440182,440183,1,1
440181,440182,440183,1,1
440181,440182,440183,1,1
440181,440182,440183,1,1
440181,440182,440183,1,1
440181,440182,440183,1,1
440181,440182,440183,1,1
440181,440182,440183,1,1
440181,440182,440183,1,1
440181,440182,440183,1,1
440181,440182,440183,1,1
440181,440182,440183,1,1
440181,440182,440183,1,1
440181,440182,440183,1,1
440181,440182,440183,1,1
440181,440182,440183,1,1
440181,440182,440183,1,1
440181,440182,440183,1,1
440181,440182,440183,1,1
440181,440182,440183,1,1
440181,440182,440183,1,1
440181,440182,440183,1,1
440181,440182,440184,2,1
440181,440182,440184,2,1
440181,440182,440184,2,1
440181,440182,440184,2,1
440181,440182,440184,2,1
440181,440182,440184,2,1
440181,440182,440185,3,1
440181,440182,440184,2,1
440181,440182,440184,2,1
440181,440182,440185,3,1
440181,440182,440184,2,1
440181,440182,440184,2,1
440181,440182,440184,2,1
440181,440182,440185,3,1
440181,440182,440184,2,1
440181,440182,440184,2,1
440181,440182,440184,2,1
440181,440182,440184,2,1
440181,440182,440184,2,1
440181,440182,440184,2,1
440181,440182,440184,2,1
440181,440182,440184,2,1
440181,440182,440185,3,1
440181,440182,440185,3,1
440181,440182,440185,3,1
440181,440182,440185,3,1
440181,440182,440185,3,1
440181,440182,440185,3,1
440181,440182,440185,3,1
440181,440182,440185,3,1
440181,440182,440185,3,1
440181,440182,440185,3,1
440181,440182,440185,3,1
440181,440182,440185,3,1
440181,440182,440185,3,1
440181,440182,440186,4,1
439880,439880,440213,333,0
440214,440215,440216,1,1
440214,440215,440216,1,1
440214,440215,440216,1,1
439804,439804,440217,413,0
440214,440215,440217,2,1
440214,440215,440216,1,1
440214,440215,440216,1,1
440214,440215,440216,1,1
440214,440215,440216,1,1
440214,440215,440217,2,1
440214,440215,440216,1,1
440214,440215,440216,1,1
440214,440215,440217,2,1
440214,440215,440216,1,1
440214,440215,440216,1,1
440214,440215,440216,1,1
439858,439860,440216,356,2
440214,440215,440216,1,1
440214,440215,440216,1,1
440214,440215,440216,1,1
440214,440215,440216,1,1
440214,440215,440216,1,1
440214,440215,440216,1,1
440214,440215,440217,2,1
440214,440215,440217,2,1
440214,440215,440218,3,1
440214,440215,440217,2,1
440214,440215,440217,2,1
440214,440215,440217,2,1
440214,440215,440218,3,1
440214,440215,440217,2,1
440214,440215,440217,2,1
440214,440215,440218,3,1
440214,440215,440217,2,1
440214,440215,440217,2,1
440214,440215,440217,2,1
440214,440215,440217,2,1
440214,440215,440218,3,1
440214,440215,440217,2,1
440214,440215,440217,2,1
440214,440215,440217,2,1
440214,440215,440218,3,1
440214,440215,440217,2,1
440214,440215,440218,3,1
440214,440215,440217,2,1
440214,440215,440217,2,1
440214,440216,440217,1,2
440214,440216,440219,3,2
440214,440216,440219,3,2
440214,440216,440218,2,2
440214,440215,440218,3,1
440214,440215,440218,3,1
440214,440215,440218,3,1
440214,440215,440218,3,1
440214,440215,440218,3,1
440214,440215,440218,3,1
440214,440215,440219,4,1
440214,440215,440218,3,1
440214,440215,440218,3,1
440214,440215,440218,3,1
440214,440215,440218,3,1
440214,440215,440218,3,1
440214,440215,440218,3,1
440218,440218,440220,2,0
440218,440218,440220,2,0
440218,440218,440220,2,0
440218,440218,440220,2,0
440218,440218,440220,2,0
440218,440218,440220,2,0
440218,440219,440220,1,1
440218,440218,440220,2,0
440218,440218,440220,2,0
440218,440218,440220,2,0
440218,440218,440220,2,0
440218,440218,440220,2,0
440218,440218,440220,2,0
440218,440218,440220,2,0
440218,440218,440220,2,0
440218,440218,440220,2,0
440218,440218,440220,2,0
440218,440218,440220,2,0
440218,440218,440220,2,0
440218,440218,440220,2,0
440218,440218,440220,2,0
440218,440220,440221,1,2
440218,440219,440221,2,1
440218,440219,440221,2,1
440218,440219,440221,2,1
440218,440219,440221,2,1
440218,440219,440221,2,1
440218,440218,440221,3,0
440218,440218,440221,3,0
440218,440218,440221,3,0
440218,440219,440221,2,1
440218,440218,440221,3,0
440218,440220,440221,1,2
440218,440218,440221,3,0
440218,440218,440221,3,0
440218,440218,440221,3,0
440218,440218,440221,3,0
440218,440218,440221,3,0
440218,440218,440221,3,0
440218,440218,440221,3,0
440218,440218,440221,3,0
440218,440219,440221,2,1
440218,440219,440221,2,1
440218,440218,440222,4,0
440218,440219,440221,2,1
440218,440218,440222,4,0
440218,440219,440222,3,1
440218,440218,440222,4,0
440218,440218,440222,4,0
440218,440220,440222,2,2
440218,440218,440222,4,0
440218,440221,440222,1,3
440218,440218,440222,4,0
440218,440218,440222,4,0
440218,440221,440222,1,3
440218,440221,440222,1,3
440218,440221,440222,1,3
440218,440221,440222,1,3
440218,440221,440223,2,3
440218,440218,440222,4,0
440218,440218,440222,4,0
440218,440221,440222,1,3
440218,440221,440222,1,3
440218,440221,440222,1,3
440218,440221,440222,1,3
440218,440218,440222,4,0
440218,440218,440222,4,0
440218,440221,440222,1,3
440218,440221,440222,1,3
440218,440218,440222,4,0
440218,440218,440222,4,0
440218,440221,440223,2,3
440218,440221,440222,1,3
440218,440221,440222,1,3
440218,440221,440222,1,3
440218,440221,440222,1,3
440218,440221,440222,1,3
440218,440218,440222,4,0
440218,440221,440222,1,3
440218,440221,440222,1,3
440218,440223,440224,1,5
440218,440223,440224,1,5
440218,440221,440223,2,3
440218,440222,440224,2,4
440218,440223,440224,1,5
440218,440223,440224,1,5
440218,440223,440224,1,5
440218,440221,440224,3,3
440218,440222,440224,2,4
440218,440222,440224,2,4
440218,440222,440223,1,4
440218,440223,440224,1,5
440218,440223,440224,1,5
440218,440223,440224,1,5
440218,440221,440225,4,3
440218,440223,440225,2,5
440218,440223,440224,1,5
440218,440223,440224,1,5
440218,440223,440224,1,5
440218,440223,440224,1,5
440218,440222,440225,3,4
440218,440222,440224,2,4
440218,440222,440225,3,4
440218,440222,440225,3,4
440218,440221,440224,3,3
440218,440222,440224,2,4
440218,440222,440224,2,4
440218,440222,440224,2,4
440218,440222,440224,2,4
440218,440221,440224,3,3
440218,440222,440224,2,4
440218,440222,440224,2,4
440218,440222,440224,2,4
440218,440222,440224,2,4
440218,440221,440224,3,3
440218,440221,440225,4,3
440218,440222,440225,3,4
440218,440222,440225,3,4
440218,440222,440225,3,4
440218,440222,440225,3,4
439786,439788,440227,439,2
439851,439852,440240,388,1
440243,440243,440244,1,0
440243,440243,440245,2,0
440243,440243,440244,1,0
440243,440243,440244,1,0
440243,440243,440244,1,0
440243,440243,440244,1,0
440243,440243,440245,2,0
440243,440243,440245,2,0
440243,440243,440245,2,0
440243,440243,440245,2,0
440243,440243,440245,2,0
440243,440243,440245,2,0
440243,440243,440245,2,0
440243,440243,440245,2,0
440243,440243,440245,2,0
440243,440243,440245,2,0
440243,440243,440245,2,0
440243,440243,440245,2,0
440243,440243,440244,1,0
440243,440243,440245,2,0
440243,440243,440245,2,0
440243,440243,440245,2,0
440243,440243,440245,2,0
440243,440243,440245,2,0
440243,440243,440245,2,0
440243,440243,440245,2,0
440243,440243,440245,2,0
440243,440243,440245,2,0
440243,440243,440244,1,0
440243,440243,440245,2,0
440243,440243,440245,2,0
440243,440243,440246,3,0
440243,440243,440245,2,0
440243,440243,440246,3,0
440243,440243,440246,3,0
440243,440243,440246,3,0
440243,440243,440246,3,0
440243,440243,440245,2,0
440243,440243,440246,3,0
440243,440243,440246,3,0
440243,440243,440246,3,0
440243,440243,440246,3,0
440243,440243,440246,3,0
440243,440243,440246,3,0
440243,440243,440246,3,0
440243,440243,440246,3,0
440243,440243,440246,3,0
440243,440244,440245,1,1
440243,440243,440246,3,0
440243,440243,440245,2,0
440243,440243,440246,3,0
440243,440243,440246,3,0
440243,440243,440245,2,0
440243,440243,440246,3,0
440243,440243,440246,3,0
440243,440245,440246,1,2
440243,440243,440247,4,0
440243,440245,440246,1,2
440243,440245,440247,2,2
440243,440245,440247,2,2
440243,440245,440247,2,2
440243,440243,440247,4,0
440243,440243,440246,3,0
440243,440245,440247,2,2
440243,440245,440247,2,2
440243,440243,440247,4,0
440243,440245,440247,2,2
440243,440245,440247,2,2
440243,440243,440246,3,0
440243,440245,440247,2,2
440243,440245,440247,2,2
440243,440245,440247,2,2
440243,440245,440247,2,2
440243,440243,440247,4,0
440243,440243,440247,4,0
440243,440243,440247,4,0
440243,440245,440247,2,2
440243,440245,440247,2,2
440243,440243,440247,4,0
440243,440245,440247,2,2
440243,440245,440247,2,2
440243,440245,440247,2,2
440243,440247,440248,1,4
440243,440247,440248,1,4
440243,440245,440248,3,2
440243,440245,440249,4,2
440243,440247,440248,1,4
440243,440247,440248,1,4
440243,440247,440248,1,4
440243,440248,440249,1,5
440243,440248,440249,1,5
440243,440245,440249,4,2
440243,440245,440249,4,2
440243,440247,440248,1,4
440243,440247,440248,1,4
440243,440247,440248,1,4
440243,440247,440248,1,4
440243,440247,440248,1,4
440243,440245,440249,4,2
440243,440247,440248,1,4
440243,440246,440249,3,3
440243,440247,440248,1,4
440243,440245,440249,4,2
440243,440245,440249,4,2
440243,440246,440249,3,3
440243,440246,440249,3,3
440243,440246,440249,3,3
440243,440246,440249,3,3
440243,440246,440249,3,3
440243,440248,440249,1,5
440243,440246,440249,3,3
440243,440246,440249,3,3
440243,440246,440249,3,3
440243,440245,440249,4,2
440243,440245,440249,4,2
440243,440246,440249,3,3
440243,440248,440249,1,5
440243,440245,440249,4,2
440243,440245,440249,4,2
440243,440247,440249,2,4
440243,440247,440249,2,4
440243,440245,440249,4,2
440243,440246,440249,3,3
439806,439807,440253,446,1
440271,440272,440273,1,1
440271,440272,440273,1,1
440271,440272,440273,1,1
440271,440272,440273,1,1
440271,440272,440274,2,1
440271,440272,440274,2,1
440271,440272,440273,1,1
440271,440272,440274,2,1
440271,440272,440274,2,1
440271,440272,440273,1,1
440271,440272,440273,1,1
440271,440272,440273,1,1
440271,440272,440273,1,1
440271,440272,440273,1,1
440271,440272,440274,2,1
440271,440272,440273,1,1
440271,440272,440273,1,1
440271,440272,440273,1,1
440271,440272,440273,1,1
440271,440272,440274,2,1
440271,440272,440273,1,1
440271,440272,440273,1,1
440271,440272,440274,2,1
440271,440272,440274,2,1
440271,440272,440273,1,1
440271,440272,440273,1,1
440271,440272,440273,1,1
440271,440272,440273,1,1
440271,440272,440274,2,1
440271,440272,440273,1,1
440271,440272,440274,2,1
440271,440272,440274,2,1
440271,440272,440275,3,1
440271,440272,440274,2,1
440271,440272,440274,2,1
440271,440272,440274,2,1
440271,440272,440275,3,1
440271,440272,440274,2,1
440271,440272,440274,2,1
440271,440272,440275,3,1
440271,440272,440274,2,1
440271,440272,440275,3,1
440271,440272,440274,2,1
440271,440272,440275,3,1
440271,440272,440275,3,1
440271,440272,440275,3,1
440271,440272,440275,3,1
440271,440272,440276,4,1
440271,440272,440275,3,1
439906,439910,440275,365,4
440271,440272,440276,4,1
440271,440272,440275,3,1
440271,440272,440275,3,1
440271,440272,440275,3,1
440271,440272,440275,3,1
440271,440272,440275,3,1
440271,440272,440275,3,1
440271,440272,440275,3,1
440271,440272,440275,3,1
440271,440272,440276,4,1
440271,440272,440275,3,1
440271,440272,440275,3,1
440271,440272,440277,5,1
440282,440282,440283,1,0
439911,439913,440283,370,2
440282,440282,440284,2,0
440282,440282,440284,2,0
440282,440282,440284,2,0
440282,440282,440284,2,0
440282,440283,440284,1,1
440282,440282,440284,2,0
440282,440282,440284,2,0
440282,440282,440284,2,0
440282,440282,440284,2,0
440282,440282,440284,2,0
440282,440282,440284,2,0
440282,440282,440284,2,0
440282,440282,440284,2,0
440282,440282,440284,2,0
440282,440282,440284,2,0
440282,440282,440284,2,0
440282,440282,440284,2,0
440282,440282,440284,2,0
440282,440282,440284,2,0
440282,440282,440284,2,0
440282,440282,440284,2,0
440282,440282,440284,2,0
440282,440282,440284,2,0
440282,440282,440285,3,0
440282,440282,440284,2,0
440282,440282,440285,3,0
440282,440283,440285,2,1
440282,440283,440285,2,1
440282,440282,440285,3,0
440282,440282,440285,3,0
440282,440282,440285,3,0
440282,440282,440285,3,0
440282,440282,440285,3,0
440282,440282,440285,3,0
440282,440282,440285,3,0
440282,440282,440285,3,0
440282,440282,440285,3,0
440282,440282,440285,3,0
440282,440282,440285,3,0
440282,440282,440285,3,0
440282,440283,440285,2,1
440282,440282,440286,4,0
440282,440282,440286,4,0
440282,440282,440286,4,0
440282,440282,440285,3,0
440282,440283,440286,3,1
440282,440283,440286,3,1
440282,440282,440286,4,0
440282,440282,440286,4,0
440282,440282,440286,4,0
440282,440282,440286,4,0
440282,440282,440286,4,0
440282,440282,440286,4,0
440282,440282,440286,4,0
440282,440282,440286,4,0
440282,440282,440286,4,0
440282,440282,440286,4,0
440282,440282,440286,4,0
440282,440282,440286,4,0
440282,440282,440286,4,0
440282,440283,440287,4,1
439914,439916,440287,371,2
440296,440296,440297,1,0
440296,440296,440298,2,0
440296,440296,440298,2,0
440296,440296,440298,2,0
440296,440296,440298,2,0
440296,440296,440298,2,0
440296,440296,440297,1,0
440296,440296,440298,2,0
440296,440296,440298,2,0
440296,440296,440298,2,0
440296,440296,440298,2,0
440296,440296,440298,2,0
440296,440296,440297,1,0
440296,440296,440298,2,0
440296,440296,440298,2,0
440296,440296,440298,2,0
440296,440296,440297,1,0
440296,440296,440298,2,0
440296,440296,440297,1,0
440296,440296,440298,2,0
440296,440296,440298,2,0
440296,440296,440298,2,0
440296,440296,440298,2,0
440296,440296,440298,2,0
440296,440296,440299,3,0
440296,440296,440299,3,0
440296,440296,440298,2,0
440296,440296,440298,2,0
440296,440296,440298,2,0
440296,440296,440299,3,0
440296,440296,440298,2,0
440296,440296,440299,3,0
440296,440296,440298,2,0
440296,440296,440298,2,0
440296,440296,440298,2,0
440296,440296,440299,3,0
440296,440296,440299,3,0
439943,439943,440299,356,0
440296,440296,440298,2,0
440296,440296,440299,3,0
440296,440296,440299,3,0
440296,440296,440299,3,0
440296,440296,440298,2,0
440296,440296,440299,3,0
440296,440296,440300,4,0
440296,440296,440299,3,0
440296,440296,440299,3,0
440296,440296,440299,3,0
440296,440296,440300,4,0
440296,440296,440299,3,0
440296,440296,440300,4,0
440296,440296,440299,3,0
440296,440296,440300,4,0
440296,440296,440300,4,0
440296,440296,440300,4,0
440296,440296,440300,4,0
440296,440296,440300,4,0
440296,440296,440300,4,0
440296,440296,440300,4,0
440296,440296,440300,4,0
440296,440296,440300,4,0
440296,440296,440300,4,0
440310,440310,440311,1,0
440310,440310,440312,2,0
440310,440310,440312,2,0
440310,440310,440312,2,0
440310,440310,440312,2,0
440310,440310,440311,1,0
440310,440310,440311,1,0
440310,440310,440312,2,0
440310,440310,440312,2,0
440310,440310,440312,2,0
440310,440310,440312,2,0
440310,440310,440312,2,0
440310,440310,440312,2,0
440310,440310,440312,2,0
440310,440310,440312,2,0
440310,440310,440312,2,0
440310,440310,440312,2,0
440310,440310,440312,2,0
440310,440310,440312,2,0
440310,440310,440312,2,0
440310,440310,440312,2,0
440310,440310,440312,2,0
440310,440310,440311,1,0
440310,440310,440311,1,0
440310,440310,440312,2,0
440310,440310,440312,2,0
440310,440310,440312,2,0
440310,440310,440313,3,0
440310,440310,440312,2,0
440310,440310,440312,2,0
440310,440310,440312,2,0
440310,440310,440312,2,0
440310,440310,440313,3,0
440310,440310,440312,2,0
440310,440310,440313,3,0
440310,440310,440312,2,0
440310,440310,440313,3,0
440310,440310,440312,2,0
440310,440310,440313,3,0
440310,440310,440313,3,0
440310,440310,440312,2,0
440310,440310,440313,3,0
440310,440310,440314,4,0
440310,440310,440314,4,0
440310,440310,440314,4,0
440310,440310,440314,4,0
440310,440310,440314,4,0
440310,440310,440314,4,0
440310,440310,440313,3,0
440310,440310,440314,4,0
440310,440310,440313,3,0
440310,440310,440314,4,0
440310,440310,440313,3,0
440310,440310,440314,4,0
440310,440310,440313,3,0
440310,440310,440314,4,0
440310,440310,440313,3,0
440310,440310,440313,3,0
440310,440310,440314,4,0
440310,440310,440314,4,0
440310,440310,440313,3,0
440310,440310,440314,4,0
440323,440323,440324,1,0
440323,440323,440325,2,0
440323,440323,440325,2,0
440323,440323,440325,2,0
440323,440323,440325,2,0
440323,440324,440325,1,1
440323,440323,440325,2,0
440323,440323,440325,2,0
440323,440323,440325,2,0
440323,440323,440325,2,0
440323,440324,440325,1,1
440323,440324,440325,1,1
440323,440323,440325,2,0
440323,440323,440325,2,0
440323,440323,440325,2,0
440323,440323,440325,2,0
440323,440323,440325,2,0
440323,440323,440325,2,0
440323,440323,440325,2,0
440323,440323,440325,2,0
440323,440323,440325,2,0
440323,440323,440325,2,0
440323,440323,440325,2,0
440323,440323,440325,2,0
440323,440323,440326,3,0
440323,440323,440326,3,0
440323,440323,440326,3,0
440323,440323,440326,3,0
440323,440323,440326,3,0
440323,440323,440326,3,0
440323,440324,440326,2,1
440323,440324,440326,2,1
440323,440324,440326,2,1
440323,440324,440326,2,1
440323,440323,440326,3,0
440323,440323,440326,3,0
440323,440324,440326,2,1
440323,440324,440326,2,1
440323,440323,440326,3,0
440323,440323,440327,4,0
440323,440323,440326,3,0
440323,440323,440327,4,0
440323,440323,440326,3,0
440323,440323,440326,3,0
440323,440323,440327,4,0
440323,440323,440327,4,0
440323,440324,440327,3,1
440323,440323,440327,4,0
440323,440323,440327,4,0
440323,440323,440327,4,0
440323,440323,440326,3,0
440323,440323,440327,4,0
440323,440323,440327,4,0
440323,440324,440327,3,1
440323,440324,440327,3,1
440323,440323,440328,5,0
440323,440337,440338,1,14
440323,440337,440338,1,14
440323,440337,440338,1,14
440323,440337,440340,3,14
440323,440337,440340,3,14
440323,440337,440339,2,14
439986,439987,440366,379,1
440368,440369,440370,1,1
440368,440369,440370,1,1
440368,440369,440370,1,1
440368,440369,440370,1,1
440368,440369,440370,1,1
440368,440369,440370,1,1
440368,440369,440370,1,1
440368,440369,440371,2,1
440368,440369,440371,2,1
440368,440369,440370,1,1
440368,440369,440370,1,1
440368,440369,440370,1,1
440368,440369,440370,1,1
440368,440369,440370,1,1
440368,440369,440370,1,1
440368,440369,440370,1,1
440368,440369,440370,1,1
440368,440369,440370,1,1
440368,440369,440370,1,1
440368,440369,440370,1,1
440368,440369,440371,2,1
440368,440369,440372,3,1
440368,440369,440372,3,1
440368,440369,440371,2,1
440368,440369,440372,3,1
440368,440369,440371,2,1
440368,440369,440371,2,1
440368,440369,440371,2,1
440368,440369,440371,2,1
440368,440369,440371,2,1
440368,440369,440371,2,1
440368,440369,440371,2,1
440368,440369,440371,2,1
440368,440369,440371,2,1
440368,440369,440371,2,1
440368,440369,440371,2,1
440368,440369,440371,2,1
440368,440369,440372,3,1
440368,440369,440371,2,1
440368,440369,440372,3,1
440368,440369,440372,3,1
440368,440369,440372,3,1
440368,440369,440372,3,1
440368,440369,440372,3,1
440368,440369,440372,3,1
440368,440369,440372,3,1
440368,440369,440372,3,1
440368,440369,440372,3,1
440368,440369,440372,3,1
440368,440369,440372,3,1
440368,440369,440373,4,1
440368,440369,440372,3,1
440368,440369,440372,3,1
440368,440369,440372,3,1
440368,440369,440374,5,1
440010,440014,440382,368,4
440368,440382,440383,1,14
440368,440382,440383,1,14
440368,440382,440384,2,14
440368,440382,440383,1,14
440368,440382,440385,3,14
440368,440382,440385,3,14
440384,440384,440386,2,0
440384,440384,440386,2,0
440384,440384,440386,2,0
440384,440384,440386,2,0
440384,440384,440386,2,0
440384,440384,440386,2,0
440384,440384,440386,2,0
440384,440384,440386,2,0
440384,440384,440386,2,0
440384,440384,440386,2,0
440384,440384,440386,2,0
440384,440384,440386,2,0
440384,440384,440386,2,0
440384,440384,440386,2,0
440384,440384,440386,2,0
440384,440384,440386,2,0
440384,440384,440386,2,0
440384,440384,440386,2,0
440384,440384,440386,2,0
440384,440384,440386,2,0
440384,440384,440386,2,0
440384,440384,440386,2,0
440384,440384,440386,2,0
440384,440384,440386,2,0
440384,440385,440386,1,1
440384,440385,440386,1,1
440384,440385,440387,2,1
440384,440385,440387,2,1
440384,440384,440387,3,0
440384,440384,440387,3,0
440384,440384,440386,2,0
440384,440384,440387,3,0
440384,440384,440387,3,0
440384,440384,440387,3,0
440384,440384,440387,3,0
440384,440384,440387,3,0
440384,440384,440387,3,0
440384,440384,440387,3,0
440384,440386,440387,1,2
440384,440384,440387,3,0
440384,440384,440387,3,0
440384,440384,440388,4,0
440384,440384,440387,3,0
440384,440384,440387,3,0
440384,440384,440387,3,0
440384,440384,440388,4,0
440384,440384,440388,4,0
440384,440384,440388,4,0
440384,440384,440388,4,0
440384,440384,440388,4,0
440384,440384,440388,4,0
440384,440384,440388,4,0
440384,440384,440388,4,0
440384,440384,440388,4,0
440384,440384,440388,4,0
440384,440384,440387,3,0
440384,440384,440388,4,0
440384,440384,440388,4,0
440384,440384,440388,4,0
440384,440385,440391,6,1
439990,439991,440392,401,1
440384,440385,440392,7,1
440047,440047,440393,346,0
440384,440385,440397,12,1
440400,440400,440401,1,0
440400,440400,440402,2,0
440400,440400,440402,2,0
440400,440400,440402,2,0
440400,440400,440402,2,0
440400,440400,440402,2,0
440400,440400,440402,2,0
440400,440400,440402,2,0
440400,440400,440402,2,0
440400,440400,440402,2,0
440400,440400,440402,2,0
440400,440400,440402,2,0
440400,440400,440402,2,0
440400,440400,440402,2,0
440400,440400,440402,2,0
440400,440400,440402,2,0
440400,440400,440402,2,0
440400,440400,440402,2,0
440400,440400,440402,2,0
440400,440400,440402,2,0
440400,440400,440402,2,0
440400,440400,440402,2,0
440400,440400,440402,2,0
440400,440400,440402,2,0
440400,440400,440402,2,0
440400,440400,440402,2,0
440400,440400,440403,3,0
440400,440400,440403,3,0
440400,440400,440403,3,0
440400,440400,440403,3,0
440400,440400,440403,3,0
440400,440400,440403,3,0
440400,440400,440403,3,0
440400,440400,440403,3,0
440400,440400,440404,4,0
440400,440400,440403,3,0
440400,440400,440403,3,0
440400,440400,440404,4,0
440400,440400,440403,3,0
440400,440400,440403,3,0
440400,440402,440403,1,2
440400,440400,440403,3,0
440400,440401,440403,2,1
440400,440400,440404,4,0
440400,440400,440404,4,0
440400,440400,440404,4,0
440400,440403,440404,1,3
440400,440403,440404,1,3
440400,440403,440404,1,3
440400,440400,440405,5,0
440400,440403,440404,1,3
440400,440403,440404,1,3
440400,440403,440404,1,3
440400,440400,440404,4,0
440400,440400,440404,4,0
440400,440403,440404,1,3
440400,440403,440404,1,3
440400,440400,440404,4,0
440400,440400,440404,4,0
440400,440403,440404,1,3
440400,440403,440404,1,3
440400,440400,440404,4,0
440400,440400,440404,4,0
440400,440403,440404,1,3
440400,440403,440404,1,3
440400,440400,440404,4,0
440400,440400,440404,4,0
440400,440403,440404,1,3
440400,440403,440404,1,3
440400,440403,440404,1,3
440400,440400,440404,4,0
440400,440400,440404,4,0
440400,440403,440404,1,3
440400,440403,440404,1,3
440400,440400,440404,4,0
440400,440403,440404,1,3
440400,440403,440404,1,3
440400,440400,440404,4,0
440400,440403,440406,3,3
440400,440403,440406,3,3
440400,440403,440406,3,3
440400,440403,440405,2,3
440400,440405,440406,1,5
440400,440403,440406,3,3
440400,440405,440406,1,5
440400,440405,440406,1,5
440400,440405,440406,1,5
440400,440405,440406,1,5
440400,440405,440406,1,5
440400,440401,440405,4,1
440400,440405,440407,2,5
440400,440405,440407,2,5
440400,440405,440406,1,5
440400,440405,440406,1,5
440400,440405,440406,1,5
440400,440405,440406,1,5
440400,440405,440406,1,5
440400,440404,440406,2,4
440400,440404,440406,2,4
440400,440404,440406,2,4
440400,440404,440407,3,4
440400,440404,440406,2,4
440400,440404,440406,2,4
440400,440404,440406,2,4
440400,440404,440407,3,4
440400,440405,440406,1,5
440400,440403,440406,3,3
440400,440404,440406,2,4
440400,440404,440407,3,4
440400,440404,440407,3,4
440400,440404,440407,3,4
440400,440404,440407,3,4
440400,440404,440407,3,4
440400,440404,440407,3,4
440400,440405,440406,1,5
440400,440404,440407,3,4
440034,440035,440417,382,1
440400,440405,440407,2,5
440400,440405,440407,2,5
440400,440405,440407,2,5
440420,440420,440422,2,0
440420,440420,440421,1,0
440420,440420,440422,2,0
440420,440420,440422,2,0
440420,440420,440421,1,0
440420,440420,440422,2,0
440420,440420,440422,2,0
440420,440420,440422,2,0
440420,440420,440422,2,0
440420,440420,440422,2,0
440420,440420,440422,2,0
440420,440420,440422,2,0
440420,440420,440422,2,0
440420,440420,440422,2,0
440420,440420,440421,1,0
440420,440420,440421,1,0
440420,440420,440422,2,0
440420,440421,440422,1,1
440420,440421,440422,1,1
440420,440421,440422,1,1
440420,440421,440422,1,1
440062,440062,440423,361,0
440400,440401,440409,8,1
440400,440401,440412,11,1
440400,440401,440406,5,1
440420,440420,440422,2,0
440420,440420,440422,2,0
440420,440420,440423,3,0
440420,440420,440423,3,0
440420,440420,440422,2,0
440420,440420,440423,3,0
440420,440420,440422,2,0
440420,440420,440422,2,0
440420,440420,440423,3,0
440420,440420,440422,2,0
440420,440420,440423,3,0
440420,440420,440423,3,0
440420,440420,440422,2,0
440420,440420,440423,3,0
440420,440420,440423,3,0
440420,440420,440423,3,0
440420,440420,440423,3,0
440420,440420,440423,3,0
440420,440420,440423,3,0
440420,440420,440423,3,0
440420,440422,440423,1,2
440420,440420,440424,4,0
440420,440420,440424,4,0
440420,440422,440424,2,2
440420,440420,440423,3,0
440420,440420,440423,3,0
440420,440420,440423,3,0
440420,440420,440424,4,0
440420,440420,440424,4,0
440420,440420,440423,3,0
440420,440420,440423,3,0
440420,440420,440423,3,0
440420,440420,440423,3,0
440420,440420,440424,4,0
440420,440422,440423,1,2
440420,440420,440423,3,0
440420,440420,440424,4,0
440420,440422,440423,1,2
440420,440420,440423,3,0
440420,440423,440425,2,3
440400,440423,440425,2,23
440448,440448,440449,1,0
440448,440448,440449,1,0
440448,440448,440449,1,0
440448,440448,440449,1,0
440448,440448,440449,1,0
440448,440448,440450,2,0
440448,440448,440450,2,0
440448,440448,440449,1,0
440448,440448,440449,1,0
440448,440448,440450,2,0
440448,440448,440449,1,0
440448,440448,440450,2,0
440448,440448,440449,1,0
440448,440448,440449,1,0
440448,440448,440450,2,0
440448,440448,440449,1,0
440448,440448,440450,2,0
440448,440448,440450,2,0
440448,440448,440449,1,0
440448,440448,440450,2,0
440448,440448,440449,1,0
440448,440448,440450,2,0
440448,440448,440449,1,0
440448,440448,440450,2,0
440448,440448,440450,2,0
440448,440448,440451,3,0
440448,440448,440450,2,0
440448,440448,440451,3,0
440448,440448,440451,3,0
440448,440448,440450,2,0
440448,440448,440451,3,0
440448,440448,440450,2,0
440448,440448,440451,3,0
440448,440448,440451,3,0
440448,440448,440450,2,0
440448,440448,440451,3,0
440448,440448,440451,3,0
440448,440448,440450,2,0
440448,440448,440451,3,0
440448,440448,440450,2,0
440448,440448,440451,3,0
440448,440448,440451,3,0
440448,440448,440450,2,0
440448,440448,440451,3,0
440448,440448,440451,3,0
440448,440448,440451,3,0
440448,440448,440451,3,0
440448,440448,440451,3,0
440448,440448,440451,3,0
440448,440448,440452,4,0
440448,440448,440451,3,0
440448,440448,440451,3,0
440108,440109,440455,346,1
440448,440454,440455,1,6
440448,440454,440455,1,6
440448,440454,440455,1,6
440457,440457,440459,2,0
440457,440457,440459,2,0
440457,440457,440459,2,0
440457,440457,440459,2,0
440457,440457,440459,2,0
440457,440457,440459,2,0
440457,440457,440459,2,0
440457,440457,440459,2,0
440457,440457,440459,2,0
440457,440457,440459,2,0
440457,440457,440459,2,0
440457,440457,440459,2,0
440457,440458,440459,1,1
440457,440458,440459,1,1
440457,440457,440459,2,0
440457,440457,440459,2,0
440457,440458,440459,1,1
440457,440457,440459,2,0
440457,440458,440459,1,1
440457,440458,440459,1,1
440457,440457,440460,3,0
440457,440457,440460,3,0
440457,440458,440460,2,1
440457,440457,440461,4,0
440457,440457,440460,3,0
440457,440458,440460,2,1
440457,440457,440461,4,0
440457,440457,440460,3,0
440457,440458,440460,2,1
440457,440457,440460,3,0
440457,440458,440460,2,1
440457,440457,440460,3,0
440457,440457,440460,3,0
440457,440458,440460,2,1
440457,440458,440460,2,1
440457,440458,440460,2,1
440457,440457,440461,4,0
440457,440458,440460,2,1
440457,440457,440461,4,0
440457,440457,440461,4,0
440457,440457,440461,4,0
440457,440457,440461,4,0
440457,440457,440461,4,0
440457,440457,440461,4,0
440457,440460,440461,1,3
440457,440457,440461,4,0
440457,440457,440461,4,0
440457,440460,440461,1,3
440457,440460,440461,1,3
440457,440457,440461,4,0
440457,440457,440461,4,0
440457,440460,440461,1,3
440448,440461,440462,1,13
440448,440461,440462,1,13
440448,440461,440463,2,13
440448,440461,440464,3,13
440448,440461,440463,2,13
440448,440454,440458,4,6
440457,440468,440469,1,11
440457,440468,440470,2,11
440457,440468,440469,1,11
440102,440103,440481,378,1
440457,440457,440461,4,0
440457,440457,440461,4,0
440457,440457,440461,4,0
440457,440457,440460,3,0
440484,440484,440486,2,0
440484,440484,440485,1,0
440484,440484,440486,2,0
440484,440484,440485,1,0
440484,440484,440485,1,0
440484,440484,440485,1,0
440484,440484,440486,2,0
440484,440484,440485,1,0
440484,440484,440486,2,0
440484,440484,440485,1,0
440484,440484,440486,2,0
440484,440484,440486,2,0
440484,440484,440486,2,0
440484,440484,440485,1,0
440484,440484,440485,1,0
440484,440484,440486,2,0
440484,440484,440486,2,0
440484,440484,440486,2,0
440484,440484,440486,2,0
440457,440485,440486,1,28
440484,440486,440487,1,2
440484,440486,440487,1,2
440484,440485,440486,1,1
440484,440485,440486,1,1
440484,440485,440486,1,1
440484,440484,440486,2,0
440484,440484,440486,2,0
440484,440484,440487,3,0
440484,440484,440486,2,0
440484,440484,440487,3,0
440484,440484,440487,3,0
440484,440484,440487,3,0
440484,440484,440486,2,0
440484,440484,440486,2,0
440484,440484,440486,2,0
440484,440484,440486,2,0
440484,440484,440486,2,0
440484,440484,440486,2,0
440484,440484,440487,3,0
440484,440484,440487,3,0
440484,440484,440487,3,0
440484,440484,440486,2,0
440484,440485,440487,2,1
440484,440484,440488,4,0
440484,440484,440488,4,0
440484,440484,440487,3,0
440484,440484,440488,4,0
440484,440486,440487,1,2
440484,440484,440487,3,0
440484,440484,440487,3,0
440484,440484,440487,3,0
440484,440484,440487,3,0
440484,440484,440487,3,0
440484,440484,440487,3,0
440484,440484,440487,3,0
440484,440484,440487,3,0
440484,440484,440487,3,0
440484,440484,440488,4,0
440484,440485,440488,3,1
440484,440485,440488,3,1
440163,440164,440513,349,1
440515,440515,440517,2,0
440515,440516,440517,1,1
440515,440516,440517,1,1
440515,440515,440517,2,0
440515,440515,440517,2,0
440515,440515,440517,2,0
440515,440515,440517,2,0
440515,440515,440517,2,0
440515,440515,440517,2,0
440515,440515,440517,2,0
440515,440515,440517,2,0
440515,440515,440517,2,0
440515,440515,440517,2,0
440515,440515,440517,2,0
440515,440515,440517,2,0
440515,440515,440517,2,0
440515,440515,440517,2,0
440515,440515,440517,2,0
440515,440515,440517,2,0
440515,440515,440517,2,0
440515,440515,440517,2,0
440515,440515,440517,2,0
440515,440515,440517,2,0
440515,440515,440517,2,0
440515,440515,440517,2,0
440515,440515,440517,2,0
440515,440516,440517,1,1
440515,440516,440517,1,1
440515,440516,440517,1,1
440515,440515,440518,3,0
440515,440515,440518,3,0
440515,440515,440518,3,0
440515,440515,440518,3,0
440515,440515,440518,3,0
440515,440515,440518,3,0
440515,440516,440518,2,1
440515,440515,440518,3,0
440515,440515,440518,3,0
440515,440515,440518,3,0
440515,440515,440518,3,0
440515,440515,440518,3,0
440515,440515,440518,3,0
440515,440515,440518,3,0
440515,440516,440518,2,1
440515,440516,440519,3,1
440515,440516,440518,2,1
440515,440515,440518,3,0
440515,440515,440519,4,0
440515,440515,440519,4,0
440515,440515,440519,4,0
440515,440515,440519,4,0
440515,440515,440519,4,0
440515,440515,440519,4,0
440515,440515,440519,4,0
440515,440515,440518,3,0
440515,440515,440519,4,0
440515,440515,440518,3,0
440515,440516,440519,3,1
440515,440516,440519,3,1
440515,440515,440519,4,0
440515,440516,440519,3,1
440182,440184,440573,389,2
440574,440574,440576,2,0
440574,440574,440576,2,0
440574,440574,440576,2,0
440574,440574,440576,2,0
440574,440574,440576,2,0
440574,440574,440576,2,0
440574,440574,440576,2,0
440574,440574,440576,2,0
440574,440574,440576,2,0
440574,440574,440576,2,0
440574,440574,440576,2,0
440574,440574,440576,2,0
440574,440574,440576,2,0
440574,440574,440576,2,0
440574,440574,440576,2,0
440574,440574,440576,2,0
440574,440574,440576,2,0
440574,440574,440576,2,0
440574,440574,440576,2,0
440574,440574,440576,2,0
440574,440574,440576,2,0
440574,440574,440576,2,0
440574,440574,440576,2,0
440574,440574,440576,2,0
440574,440574,440576,2,0
440574,440574,440576,2,0
440574,440574,440576,2,0
440574,440574,440576,2,0
440574,440575,440576,1,1
440574,440574,440577,3,0
440574,440574,440577,3,0
440574,440574,440577,3,0
440574,440574,440577,3,0
440574,440574,440577,3,0
440574,440574,440577,3,0
440574,440574,440576,2,0
440574,440574,440577,3,0
440574,440574,440577,3,0
440574,440574,440577,3,0
440574,440574,440577,3,0
440574,440576,440577,1,2
440574,440574,440576,2,0
440574,440574,440577,3,0
440574,440574,440577,3,0
440574,440574,440577,3,0
440574,440574,440577,3,0
440574,440576,440577,1,2
440574,440574,440578,4,0
440574,440574,440578,4,0
440574,440574,440578,4,0
440574,440574,440578,4,0
440574,440574,440578,4,0
440574,440574,440577,3,0
440574,440574,440578,4,0
440574,440574,440578,4,0
440574,440574,440578,4,0
440574,440574,440578,4,0
440574,440574,440578,4,0
440574,440574,440578,4,0
440574,440576,440578,2,2
440574,440576,440578,2,2
440574,440576,440579,3,2
440219,440223,440605,382,4
440297,440297,440608,311,0
440607,440608,440610,2,1
440607,440608,440609,1,1
440607,440608,440609,1,1
440607,440608,440609,1,1
440607,440608,440609,1,1
440607,440608,440609,1,1
440215,440217,440609,392,2
440607,440608,440609,1,1
440607,440608,440609,1,1
440607,440608,440609,1,1
440607,440608,440610,2,1
440607,440608,440610,2,1
440607,440608,440609,1,1
440607,440608,440609,1,1
440607,440608,440610,2,1
440607,440608,440609,1,1
440607,440608,440609,1,1
440607,440608,440609,1,1
440607,440608,440610,2,1
440607,440608,440609,1,1
440607,440608,440609,1,1
440607,440608,440609,1,1
440607,440608,440609,1,1
440607,440608,440609,1,1
440607,440608,440610,2,1
440607,440608,440609,1,1
440607,440608,440609,1,1
440607,440608,440609,1,1
440607,440608,440609,1,1
440607,440608,440610,2,1
440607,440608,440610,2,1
440607,440608,440610,2,1
440607,440608,440610,2,1
440607,440608,440611,3,1
440607,440608,440611,3,1
440607,440608,440610,2,1
440607,440608,440610,2,1
440607,440608,440611,3,1
440607,440608,440610,2,1
440607,440608,440611,3,1
440607,440608,440610,2,1
440607,440608,440611,3,1
440607,440608,440610,2,1
440607,440608,440611,3,1
440607,440608,440610,2,1
440607,440608,440611,3,1
440607,440608,440610,2,1
440607,440608,440610,2,1
440607,440608,440611,3,1
440607,440608,440610,2,1
440607,440608,440611,3,1
440607,440608,440611,3,1
440607,440608,440611,3,1
440610,440610,440611,1,0
440610,440610,440611,1,0
440610,440610,440611,1,0
440610,440610,440611,1,0
440610,440610,440611,1,0
440607,440608,440612,4,1
440607,440608,440612,4,1
440610,440610,440611,1,0
440610,440610,440611,1,0
440607,440608,440612,4,1
440607,440608,440611,3,1
440610,440610,440612,2,0
440610,440610,440611,1,0
440607,440608,440611,3,1
440610,440610,440611,1,0
440610,440610,440611,1,0
440610,440610,440611,1,0
440607,440608,440611,3,1
440610,440610,440611,1,0
440610,440610,440611,1,0
440610,440610,440611,1,0
440607,440608,440611,3,1
440610,440610,440612,2,0
440607,440608,440611,3,1
440610,440610,440611,1,0
440610,440610,440612,2,0
440607,440608,440612,4,1
440610,440610,440611,1,0
440610,440610,440611,1,0
440610,440610,440611,1,0
440610,440612,440613,1,2
440610,440612,440613,1,2
440610,440612,440613,1,2
440610,440612,440613,1,2
440610,440610,440613,3,0
440610,440611,440613,2,1
440610,440611,440613,2,1
440610,440611,440613,2,1
440610,440610,440612,2,0
440610,440611,440613,2,1
440610,440612,440613,1,2
440610,440610,440613,3,0
440610,440611,440613,2,1
440610,440610,440613,3,0
440610,440611,440613,2,1
440610,440611,440613,2,1
440610,440610,440613,3,0
440610,440611,440613,2,1
440610,440611,440613,2,1
440610,440611,440614,3,1
440610,440612,440613,1,2
440610,440612,440613,1,2
440610,440611,440614,3,1
440610,440611,440614,3,1
440610,440611,440614,3,1
440610,440612,440613,1,2
440610,440612,440613,1,2
440610,440611,440614,3,1
440610,440611,440614,3,1
440610,440611,440613,2,1
440610,440611,440614,3,1
440610,440612,440613,1,2
440610,440612,440614,2,2
440612,440612,440614,2,0
440612,440612,440614,2,0
440610,440611,440614,3,1
440610,440611,440614,3,1
440612,440612,440614,2,0
440612,440612,440614,2,0
440610,440611,440614,3,1
440610,440612,440614,2,2
440612,440612,440614,2,0
440612,440612,440614,2,0
440612,440612,440614,2,0
440610,440610,440613,3,0
440610,440610,440613,3,0
440612,440612,440613,1,0
440612,440612,440613,1,0
440612,440612,440613,1,0
440610,440610,440613,3,0
440612,440612,440614,2,0
440612,440612,440614,2,0
440612,440612,440614,2,0
440610,440610,440613,3,0
440612,440612,440614,2,0
440612,440612,440614,2,0
440612,440612,440614,2,0
440612,440612,440614,2,0
440612,440612,440614,2,0
440612,440612,440614,2,0
440612,440612,440614,2,0
440612,440613,440614,1,1
440612,440613,440615,2,1
440612,440614,440615,1,2
440612,440613,440616,3,1
440612,440613,440616,3,1
440612,440614,440616,2,2
440612,440614,440616,2,2
440612,440614,440616,2,2
440612,440614,440616,2,2
440612,440614,440616,2,2
440612,440613,440616,3,1
440612,440613,440616,3,1
440612,440613,440616,3,1
440612,440613,440616,3,1
440612,440613,440616,3,1
440612,440613,440616,3,1
440612,440613,440616,3,1
440612,440615,440616,1,3
440612,440615,440616,1,3
440612,440613,440617,4,1
440612,440613,440616,3,1
440612,440613,440616,3,1
440612,440614,440616,2,2
440612,440614,440616,2,2
440612,440613,440617,4,1
440612,440613,440617,4,1
440612,440613,440617,4,1
440612,440613,440617,4,1
440612,440613,440617,4,1
440612,440614,440617,3,2
440612,440614,440618,4,2
440612,440614,440619,5,2
440273,440273,440632,359,0
440244,440248,440637,389,4
440612,440637,440638,1,25
440612,440637,440638,1,25
440612,440637,440638,1,25
440612,440637,440638,1,25
440612,440637,440638,1,25
440612,440637,440638,1,25
440639,440639,440640,1,0
440639,440639,440641,2,0
440639,440639,440641,2,0
440639,440639,440641,2,0
440639,440639,440641,2,0
440639,440639,440641,2,0
440639,440639,440640,1,0
440639,440639,440641,2,0
440639,440639,440641,2,0
440639,440639,440641,2,0
440639,440639,440641,2,0
440639,440639,440641,2,0
440639,440639,440641,2,0
440639,440639,440641,2,0
440639,440639,440641,2,0
440639,440639,440641,2,0
440639,440639,440641,2,0
440639,440639,440641,2,0
440639,440639,440641,2,0
440639,440639,440641,2,0
440639,440639,440641,2,0
440639,440639,440641,2,0
440639,440639,440641,2,0
440639,440639,440641,2,0
440639,440639,440641,2,0
440639,440639,440641,2,0
440639,440639,440641,2,0
440639,440639,440641,2,0
440639,440639,440641,2,0
440639,440639,440641,2,0
440639,440639,440641,2,0
440639,440639,440642,3,0
440639,440639,440641,2,0
440639,440639,440642,3,0
440639,440639,440642,3,0
440639,440639,440642,3,0
440639,440639,440641,2,0
440639,440639,440642,3,0
440639,440639,440642,3,0
440639,440639,440642,3,0
440639,440639,440642,3,0
440639,440639,440642,3,0
440639,440639,440642,3,0
440639,440639,440642,3,0
440639,440639,440641,2,0
440639,440639,440642,3,0
440639,440639,440642,3,0
440639,440639,440642,3,0
440639,440639,440643,4,0
440639,440639,440643,4,0
440639,440639,440642,3,0
440639,440639,440642,3,0
440639,440639,440642,3,0
440639,440639,440643,4,0
440639,440639,440643,4,0
440639,440639,440643,4,0
440639,440639,440642,3,0
440639,440639,440642,3,0
440639,440639,440643,4,0
440639,440639,440643,4,0
440639,440639,440644,5,0
440639,440639,440644,5,0
440651,440651,440653,2,0
440651,440651,440653,2,0
440651,440651,440653,2,0
440651,440651,440653,2,0
440651,440651,440653,2,0
440651,440651,440653,2,0
440651,440651,440653,2,0
440651,440651,440653,2,0
440651,440651,440653,2,0
440651,440651,440653,2,0
440651,440651,440653,2,0
440651,440651,440653,2,0
440651,440651,440653,2,0
440651,440651,440653,2,0
440651,440651,440653,2,0
440651,440651,440653,2,0
440651,440651,440653,2,0
440651,440651,440653,2,0
440651,440651,440653,2,0
440651,440651,440653,2,0
440651,440651,440653,2,0
440651,440651,440653,2,0
440651,440651,440653,2,0
440651,440651,440653,2,0
440651,440651,440653,2,0
440651,440651,440653,2,0
440651,440651,440653,2,0
440651,440651,440653,2,0
440651,440651,440654,3,0
440651,440651,440654,3,0
440651,440651,440654,3,0
440651,440651,440653,2,0
440651,440653,440654,1,2
440651,440651,440654,3,0
440651,440651,440654,3,0
440651,440651,440654,3,0
440651,440651,440653,2,0
440651,440651,440654,3,0
440651,440651,440654,3,0
440651,440651,440654,3,0
440651,440651,440654,3,0
440651,440651,440654,3,0
440651,440651,440655,4,0
440651,440651,440655,4,0
440651,440651,440655,4,0
440651,440651,440655,4,0
440651,440651,440655,4,0
440651,440651,440655,4,0
440651,440651,440655,4,0
440651,440651,440655,4,0
440651,440651,440654,3,0
440651,440651,440655,4,0
440651,440651,440655,4,0
440651,440651,440655,4,0
440311,440311,440663,352,0
440664,440665,440666,1,1
440664,440665,440666,1,1
440664,440665,440666,1,1
440664,440665,440666,1,1
440664,440665,440666,1,1
440664,440665,440667,2,1
440664,440665,440666,1,1
440664,440665,440666,1,1
440664,440665,440666,1,1
440664,440665,440666,1,1
440664,440665,440666,1,1
440664,440665,440666,1,1
440664,440665,440666,1,1
440664,440665,440666,1,1
440664,440665,440666,1,1
440664,440665,440666,1,1
440664,440665,440666,1,1
440664,440665,440667,2,1
440664,440665,440666,1,1
440664,440665,440667,2,1
440664,440665,440667,2,1
440664,440665,440667,2,1
440664,440665,440667,2,1
440664,440665,440667,2,1
440664,440665,440667,2,1
440664,440665,440667,2,1
440664,440665,440668,3,1
440664,440665,440667,2,1
440664,440665,440668,3,1
440664,440665,440667,2,1
440664,440667,440668,1,3
440664,440665,440668,3,1
440664,440665,440667,2,1
440664,440665,440668,3,1
440664,440665,440667,2,1
440664,440665,440667,2,1
440664,440667,440668,1,3
440664,440665,440668,3,1
440664,440665,440667,2,1
440664,440667,440668,1,3
440664,440665,440667,2,1
440664,440665,440668,3,1
440664,440665,440668,3,1
440664,440667,440668,1,3
440664,440665,440668,3,1
440664,440665,440668,3,1
440664,440665,440669,4,1
440664,440665,440668,3,1
440664,440667,440668,1,3
440664,440667,440668,1,3
440664,440665,440668,3,1
440664,440665,440668,3,1
440664,440665,440668,3,1
440664,440665,440669,4,1
440664,440667,440668,1,3
440664,440667,440668,1,3
440664,440665,440669,4,1
440664,440665,440668,3,1
440664,440665,440668,3,1
440664,440665,440668,3,1
440664,440665,440669,4,1
440324,440324,440669,345,0
440340,440340,440672,332,0
440651,440670,440671,1,19
440651,440670,440673,3,19
440651,440670,440672,2,19
440651,440672,440673,1,21
440651,440672,440673,1,21
440651,440672,440673,1,21
440651,440672,440675,3,21
440651,440672,440674,2,21
440283,440283,440678,395,0
440684,440684,440685,1,0
440684,440684,440685,1,0
440684,440684,440686,2,0
440684,440684,440686,2,0
440684,440684,440686,2,0
440684,440684,440686,2,0
440684,440684,440686,2,0
440684,440684,440686,2,0
440684,440684,440686,2,0
440684,440684,440686,2,0
440684,440684,440686,2,0
440684,440684,440685,1,0
440684,440684,440686,2,0
440684,440684,440686,2,0
440684,440684,440686,2,0
440684,440684,440686,2,0
440684,440684,440686,2,0
440684,440684,440686,2,0
440684,440684,440686,2,0
440684,440684,440685,1,0
440684,440684,440685,1,0
440684,440684,440686,2,0
440684,440684,440686,2,0
440684,440684,440685,1,0
440684,440684,440686,2,0
440684,440684,440686,2,0
440684,440684,440686,2,0
440684,440684,440686,2,0
440684,440684,440686,2,0
440684,440684,440686,2,0
440684,440684,440686,2,0
440684,440685,440686,1,1
440684,440684,440686,2,0
440684,440684,440686,2,0
440684,440684,440686,2,0
440684,440686,440687,1,2
440684,440684,440687,3,0
440684,440686,440687,1,2
440684,440686,440687,1,2
440684,440686,440687,1,2
440684,440684,440687,3,0
440684,440684,440686,2,0
440684,440684,440687,3,0
440684,440684,440687,3,0
440684,440684,440687,3,0
440684,440684,440687,3,0
440684,440684,440687,3,0
440684,440684,440686,2,0
440684,440684,440687,3,0
440684,440684,440687,3,0
440684,440684,440687,3,0
440684,440684,440686,2,0
440684,440684,440687,3,0
440684,440684,440686,2,0
440684,440684,440688,4,0
440684,440684,440688,4,0
440684,440684,440687,3,0
440684,440684,440687,3,0
440684,440684,440687,3,0
440684,440684,440687,3,0
440684,440684,440688,4,0
440684,440684,440688,4,0
440684,440686,440687,1,2
440684,440686,440688,2,2
440684,440686,440688,2,2
440684,440684,440688,4,0
440684,440686,440688,2,2
440684,440686,440688,2,2
440684,440684,440688,4,0
440684,440686,440687,1,2
440684,440686,440688,2,2
440684,440684,440688,4,0
440684,440684,440688,4,0
440684,440686,440688,2,2
440684,440686,440688,2,2
440684,440684,440688,4,0
440684,440686,440688,2,2
440684,440686,440688,2,2
440684,440686,440688,2,2
440684,440684,440688,4,0
440684,440688,440689,1,4
440684,440688,440689,1,4
440684,440688,440689,1,4
440684,440688,440689,1,4
440684,440687,440689,2,3
440684,440688,440689,1,4
440684,440687,440689,2,3
440684,440687,440689,2,3
440684,440686,440689,3,2
440684,440687,440689,2,3
440684,440686,440689,3,2
440684,440687,440689,2,3
440684,440687,440689,2,3
440684,440687,440688,1,3
440684,440686,440689,3,2
440684,440687,440689,2,3
440684,440686,440689,3,2
440684,440686,440689,3,2
440684,440687,440688,1,3
440684,440687,440688,1,3
440684,440686,440689,3,2
440684,440687,440689,2,3
440684,440687,440689,2,3
440684,440686,440689,3,2
440684,440686,440689,3,2
440684,440686,440689,3,2
440684,440687,440689,2,3
440684,440688,440689,1,4
440684,440686,440690,4,2
440684,440687,440690,3,3
440684,440687,440689,2,3
440684,440688,440690,2,4
440684,440687,440689,2,3
440684,440687,440689,2,3
440684,440687,440689,2,3
440684,440686,440690,4,2
440684,440686,440690,4,2
440684,440687,440689,2,3
440684,440686,440690,4,2
440684,440687,440690,3,3
440684,440686,440690,4,2
440684,440686,440690,4,2
440684,440688,440690,2,4
440684,440688,440691,3,4
440703,440703,440704,1,0
440703,440703,440705,2,0
440703,440703,440704,1,0
440703,440703,440705,2,0
440703,440703,440705,2,0
440703,440703,440704,1,0
440703,440703,440704,1,0
440703,440703,440704,1,0
440703,440703,440705,2,0
440703,440703,440705,2,0
440703,440703,440704,1,0
440703,440703,440705,2,0
440703,440703,440705,2,0
440703,440703,440705,2,0
440703,440703,440704,1,0
440703,440703,440704,1,0
440703,440703,440705,2,0
440703,440703,440705,2,0
440703,440703,440704,1,0
440703,440703,440704,1,0
440703,440703,440705,2,0
440703,440703,440705,2,0
440703,440703,440705,2,0
440703,440703,440705,2,0
440703,440703,440705,2,0
440703,440703,440704,1,0
440703,440703,440705,2,0
440703,440703,440705,2,0
440703,440703,440705,2,0
440703,440703,440705,2,0
440703,440703,440706,3,0
440703,440703,440706,3,0
440703,440703,440706,3,0
440703,440703,440706,3,0
440703,440703,440706,3,0
440703,440703,440705,2,0
440703,440703,440705,2,0
440703,440703,440706,3,0
440703,440703,440706,3,0
440703,440703,440706,3,0
440703,440703,440706,3,0
440703,440703,440706,3,0
440703,440703,440705,2,0
440703,440703,440706,3,0
440703,440703,440705,2,0
440703,440703,440705,2,0
440703,440703,440706,3,0
440703,440703,440706,3,0
440703,440703,440706,3,0
440703,440703,440706,3,0
440703,440703,440707,4,0
440703,440703,440707,4,0
440703,440703,440706,3,0
440703,440703,440707,4,0
440703,440703,440707,4,0
440703,440703,440707,4,0
440703,440703,440707,4,0
440703,440703,440706,3,0
440703,440703,440707,4,0
440703,440703,440706,3,0
440703,440703,440706,3,0
440703,440703,440705,2,0
440370,440371,440745,374,1
440747,440747,440749,2,0
440747,440747,440749,2,0
440747,440747,440749,2,0
440747,440747,440749,2,0
440747,440747,440749,2,0
440747,440747,440749,2,0
440747,440747,440749,2,0
440747,440747,440749,2,0
440747,440748,440749,1,1
440747,440748,440749,1,1
440747,440747,440749,2,0
440747,440747,440749,2,0
440747,440747,440749,2,0
440747,440747,440749,2,0
440747,440747,440749,2,0
440747,440747,440749,2,0
440747,440747,440749,2,0
440747,440747,440749,2,0
440747,440747,440749,2,0
440747,440747,440749,2,0
440747,440747,440749,2,0
440747,440747,440750,3,0
440747,440747,440750,3,0
440747,440747,440750,3,0
440747,440747,440750,3,0
440747,440747,440749,2,0
440747,440748,440750,2,1
440747,440748,440749,1,1
440747,440748,440750,2,1
440747,440747,440750,3,0
440747,440747,440749,2,0
440747,440747,440750,3,0
440747,440747,440750,3,0
440747,440747,440750,3,0
440747,440747,440750,3,0
440747,440747,440751,4,0
440747,440747,440750,3,0
440747,440749,440751,2,2
440747,440749,440751,2,2
440747,440749,440751,2,2
440747,440747,440751,4,0
440747,440747,440750,3,0
440747,440747,440751,4,0
440747,440747,440750,3,0
440747,440748,440751,3,1
440747,440748,440751,3,1
440747,440747,440750,3,0
440747,440747,440751,4,0
440747,440747,440751,4,0
440747,440747,440751,4,0
440747,440747,440751,4,0
440747,440747,440751,4,0
440747,440747,440751,4,0
440747,440749,440752,3,2
440747,440749,440752,3,2
440747,440749,440752,3,2
440401,440405,440753,348,4
440755,440755,440757,2,0
440755,440755,440757,2,0
440755,440755,440757,2,0
440755,440755,440757,2,0
440755,440755,440757,2,0
440755,440755,440757,2,0
440755,440755,440757,2,0
440755,440755,440757,2,0
440755,440756,440757,1,1
440755,440755,440757,2,0
440755,440755,440757,2,0
440755,440755,440757,2,0
440755,440755,440757,2,0
440755,440755,440757,2,0
440755,440755,440757,2,0
440755,440755,440757,2,0
440755,440755,440757,2,0
440755,440755,440758,3,0
440755,440757,440758,1,2
440755,440755,440757,2,0
440755,440755,440758,3,0
440755,440755,440758,3,0
440755,440755,440758,3,0
440755,440755,440758,3,0
440755,440755,440758,3,0
440755,440755,440758,3,0
440755,440755,440758,3,0
440755,440755,440758,3,0
440755,440755,440758,3,0
440755,440755,440758,3,0
440755,440756,440757,1,1
440755,440756,440758,2,1
440755,440756,440758,2,1
440755,440756,440758,2,1
440755,440757,440758,1,2
440755,440755,440758,3,0
440755,440757,440758,1,2
440755,440757,440758,1,2
440755,440755,440759,4,0
440755,440755,440759,4,0
440385,440386,440759,373,1
440755,440755,440759,4,0
440755,440755,440758,3,0
440755,440755,440759,4,0
440755,440755,440759,4,0
440755,440757,440758,1,2
440755,440755,440758,3,0
440755,440755,440759,4,0
440755,440755,440759,4,0
440755,440755,440759,4,0
440755,440755,440759,4,0
440755,440755,440759,4,0
440755,440755,440759,4,0
440755,440756,440759,3,1
440755,440756,440759,3,1
440355,440355,440761,406,0
440747,440761,440762,1,14
440761,440761,440763,2,0
440761,440761,440763,2,0
440761,440761,440763,2,0
440761,440761,440763,2,0
440747,440761,440763,2,14
440747,440761,440763,2,14
440761,440761,440763,2,0
440761,440761,440763,2,0
440761,440761,440763,2,0
440761,440761,440763,2,0
440761,440761,440763,2,0
440761,440761,440763,2,0
440761,440761,440763,2,0
440761,440761,440763,2,0
440761,440761,440763,2,0
440761,440761,440763,2,0
440761,440761,440763,2,0
440761,440761,440763,2,0
440761,440761,440764,3,0
440761,440761,440763,2,0
440761,440761,440763,2,0
440761,440761,440764,3,0
440761,440761,440764,3,0
440761,440761,440763,2,0
440761,440761,440764,3,0
440761,440761,440764,3,0
440761,440761,440764,3,0
440761,440763,440764,1,2
440761,440763,440764,1,2
440761,440763,440764,1,2
440761,440761,440764,3,0
440761,440763,440764,1,2
440761,440763,440764,1,2
440747,440761,440764,3,14
440747,440761,440764,3,14
440761,440762,440764,2,1
440761,440761,440764,3,0
440761,440762,440764,2,1
440761,440761,440765,4,0
440761,440761,440764,3,0
440761,440761,440764,3,0
440761,440763,440764,1,2
440761,440763,440764,1,2
440761,440761,440765,4,0
440761,440761,440764,3,0
440761,440761,440764,3,0
440761,440761,440764,3,0
440761,440762,440764,2,1
440761,440762,440764,2,1
440761,440761,440765,4,0
440761,440761,440765,4,0
440761,440761,440765,4,0
440761,440761,440765,4,0
440761,440761,440765,4,0
440761,440763,440765,2,2
440761,440763,440765,2,2
440761,440761,440765,4,0
440761,440761,440765,4,0
440761,440761,440765,4,0
440761,440761,440765,4,0
440761,440761,440765,4,0
440764,440764,440765,1,0
440764,440764,440765,1,0
440764,440764,440765,1,0
440761,440763,440765,2,2
440761,440763,440765,2,2
440764,440764,440765,1,0
440764,440764,440765,1,0
440764,440764,440765,1,0
440764,440764,440765,1,0
440761,440761,440765,4,0
440764,440764,440765,1,0
440764,440764,440765,1,0
440761,440762,440766,4,1
440761,440762,440766,4,1
440764,440764,440766,2,0
440764,440764,440766,2,0
440764,440765,440766,1,1
440764,440765,440766,1,1
440764,440765,440766,1,1
440764,440765,440766,1,1
440764,440765,440766,1,1
440764,440765,440766,1,1
440764,440765,440766,1,1
440764,440766,440767,1,2
440764,440766,440767,1,2
440764,440766,440767,1,2
440764,440766,440767,1,2
440764,440766,440767,1,2
440764,440765,440767,2,1
440764,440766,440768,2,2
440764,440766,440768,2,2
440764,440766,440767,1,2
440764,440766,440767,1,2
440764,440766,440767,1,2
440764,440765,440768,3,1
440764,440766,440768,2,2
440764,440766,440767,1,2
440764,440766,440767,1,2
440764,440766,440767,1,2
440764,440766,440767,1,2
440764,440765,440768,3,1
440764,440765,440768,3,1
440764,440765,440768,3,1
440764,440766,440767,1,2
440764,440766,440767,1,2
440764,440765,440768,3,1
440764,440765,440768,3,1
440764,440765,440767,2,1
440764,440765,440768,3,1
440764,440765,440768,3,1
440764,440765,440767,2,1
440764,440765,440768,3,1
440764,440765,440768,3,1
440764,440765,440768,3,1
440764,440766,440768,2,2
440764,440766,440768,2,2
440764,440766,440768,2,2
440764,440766,440768,2,2
440764,440766,440768,2,2
440764,440766,440768,2,2
440764,440765,440768,3,1
440764,440765,440768,3,1
440764,440765,440768,3,1
440764,440765,440768,3,1
440764,440765,440768,3,1
440764,440765,440768,3,1
440764,440765,440769,4,1
440421,440422,440770,348,1
440755,440777,440778,1,22
440755,440777,440778,1,22
440755,440777,440778,1,22
440755,440777,440779,2,22
440755,440777,440780,3,22
440755,440777,440779,2,22
440755,440777,440780,3,22
440415,440421,440781,360,6
440789,440789,440790,1,0
440789,440789,440791,2,0
440789,440789,440791,2,0
440789,440789,440790,1,0
440789,440789,440790,1,0
440789,440789,440791,2,0
440789,440789,440790,1,0
440789,440789,440790,1,0
440789,440789,440791,2,0
440789,440789,440790,1,0
440789,440789,440790,1,0
440789,440789,440791,2,0
440789,440789,440790,1,0
440789,440789,440791,2,0
440789,440789,440790,1,0
440789,440789,440791,2,0
440789,440789,440791,2,0
440789,440789,440791,2,0
440789,440789,440790,1,0
440789,440789,440791,2,0
440789,440789,440791,2,0
440789,440789,440791,2,0
440789,440789,440791,2,0
440789,440789,440791,2,0
440789,440789,440791,2,0
440789,440789,440792,3,0
440789,440789,440791,2,0
440789,440789,440791,2,0
440789,440789,440792,3,0
440789,440789,440791,2,0
440789,440789,440791,2,0
440789,440789,440792,3,0
440789,440789,440791,2,0
440789,440789,440791,2,0
440789,440789,440791,2,0
440789,440789,440791,2,0
440789,440789,440791,2,0
440789,440789,440792,3,0
440789,440789,440792,3,0
440789,440789,440792,3,0
440789,440789,440792,3,0
440789,440789,440792,3,0
440789,440789,440793,4,0
440789,440789,440792,3,0
440789,440789,440793,4,0
440789,440789,440792,3,0
440789,440789,440792,3,0
440789,440789,440792,3,0
440789,440789,440793,4,0
440789,440789,440793,4,0
440789,440789,440792,3,0
440789,440789,440793,4,0
440789,440789,440793,4,0
440789,440789,440793,4,0
440789,440789,440792,3,0
440789,440789,440793,4,0
440789,440789,440792,3,0
440789,440789,440793,4,0
440789,440789,440793,4,0
440795,440796,440797,1,1
440795,440796,440798,2,1
440795,440796,440797,1,1
440795,440796,440798,2,1
440795,440796,440797,1,1
440795,440796,440797,1,1
440795,440796,440797,1,1
440795,440796,440798,2,1
440795,440796,440797,1,1
440795,440796,440797,1,1
440795,440796,440797,1,1
440795,440796,440798,2,1
440795,440796,440797,1,1
440795,440796,440797,1,1
440795,440796,440797,1,1
440795,440796,440797,1,1
440795,440796,440797,1,1
440795,440796,440798,2,1
440795,440796,440797,1,1
440795,440796,440797,1,1
440795,440796,440797,1,1
440795,440796,440797,1,1
440795,440796,440797,1,1
440795,440796,440797,1,1
440795,440796,440797,1,1
440795,440796,440798,2,1
440795,440796,440797,1,1
440795,440796,440797,1,1
440795,440796,440799,3,1
440795,440796,440799,3,1
440795,440796,440798,2,1
440795,440796,440798,2,1
440795,440796,440798,2,1
440795,440796,440799,3,1
440795,440796,440798,2,1
440795,440796,440799,3,1
440795,440796,440798,2,1
440795,440796,440798,2,1
440795,440796,440798,2,1
440795,440796,440798,2,1
440795,440796,440799,3,1
440795,440796,440799,3,1
440795,440796,440799,3,1
440795,440796,440799,3,1
440795,440798,440799,1,3
440795,440796,440799,3,1
440795,440796,440799,3,1
440795,440796,440799,3,1
440795,440796,440799,3,1
440795,440796,440799,3,1
440795,440796,440799,3,1
440795,440796,440799,3,1
440795,440796,440799,3,1
440795,440796,440799,3,1
440795,440796,440799,3,1
440795,440796,440799,3,1
440789,440802,440805,3,13
440789,440802,440807,5,13
440789,440802,440812,10,13
440795,440796,440799,3,1
440795,440796,440799,3,1
440795,440796,440798,2,1
440795,440815,440816,1,20
440485,440486,440818,332,1
440459,440460,440826,366,1
440825,440826,440828,2,1
440825,440826,440828,2,1
440825,440826,440827,1,1
440825,440826,440827,1,1
440825,440826,440827,1,1
440825,440826,440827,1,1
440825,440826,440828,2,1
440825,440826,440827,1,1
440825,440826,440827,1,1
440825,440826,440828,2,1
440825,440826,440827,1,1
440825,440826,440827,1,1
440825,440826,440827,1,1
440825,440826,440827,1,1
440825,440826,440827,1,1
440825,440826,440827,1,1
440825,440826,440828,2,1
440825,440826,440828,2,1
440825,440826,440828,2,1
440825,440826,440827,1,1
440825,440826,440828,2,1
440825,440826,440827,1,1
440825,440826,440828,2,1
440825,440826,440828,2,1
440825,440826,440827,1,1
440825,440827,440828,1,2
440825,440826,440828,2,1
440825,440826,440829,3,1
440825,440826,440828,2,1
440825,440826,440829,3,1
440825,440826,440828,2,1
440825,440826,440828,2,1
440825,440826,440829,3,1
440825,440826,440828,2,1
440825,440826,440829,3,1
440825,440826,440828,2,1
440825,440826,440829,3,1
440825,440826,440828,2,1
440825,440826,440828,2,1
440825,440826,440828,2,1
440825,440826,440829,3,1
440825,440826,440828,2,1
440825,440826,440829,3,1
440825,440827,440830,3,2
440825,440827,440829,2,2
440825,440826,440829,3,1
440825,440826,440829,3,1
440825,440826,440829,3,1
440825,440826,440829,3,1
440825,440826,440829,3,1
440825,440826,440829,3,1
440825,440826,440829,3,1
440825,440826,440830,4,1
440825,440826,440830,4,1
440449,440450,440831,381,1
440834,440834,440836,2,0
440834,440834,440836,2,0
440834,440834,440836,2,0
440834,440834,440836,2,0
440834,440834,440835,1,0
440834,440834,440836,2,0
440834,440834,440836,2,0
440834,440834,440836,2,0
440834,440834,440836,2,0
440834,440834,440836,2,0
440834,440834,440836,2,0
440834,440834,440836,2,0
440834,440834,440836,2,0
440834,440834,440836,2,0
440834,440834,440836,2,0
440834,440834,440836,2,0
440834,440834,440836,2,0
440834,440834,440836,2,0
440834,440834,440836,2,0
440834,440834,440836,2,0
440834,440834,440836,2,0
440834,440834,440837,3,0
440834,440834,440836,2,0
440834,440834,440836,2,0
440834,440834,440837,3,0
440834,440834,440836,2,0
440834,440834,440836,2,0
440834,440834,440837,3,0
440834,440836,440837,1,2
440834,440834,440836,2,0
440834,440834,440837,3,0
440834,440834,440837,3,0
440834,440836,440837,1,2
440834,440834,440836,2,0
440834,440834,440837,3,0
440834,440834,440837,3,0
440834,440834,440837,3,0
440834,440834,440837,3,0
440834,440834,440837,3,0
440834,440834,440837,3,0
440834,440834,440837,3,0
440834,440834,440837,3,0
440834,440834,440838,4,0
440834,440834,440837,3,0
440836,440837,440838,1,1
440834,440834,440838,4,0
440834,440834,440837,3,0
440836,440837,440838,1,1
440834,440834,440838,4,0
440834,440834,440837,3,0
440834,440836,440837,1,2
440834,440836,440837,1,2
440834,440836,440837,1,2
440834,440834,440838,4,0
440834,440834,440837,3,0
440834,440836,440838,2,2
440836,440836,440838,2,0
440836,440836,440838,2,0
440834,440834,440838,4,0
440836,440836,440837,1,0
440836,440836,440838,2,0
440836,440836,440838,2,0
440834,440834,440838,4,0
440836,440836,440838,2,0
440836,440836,440838,2,0
440836,440836,440837,1,0
440836,440836,440838,2,0
440836,440836,440837,1,0
440836,440837,440838,1,1
440834,440834,440838,4,0
440836,440837,440838,1,1
440836,440837,440839,2,1
440836,440837,440838,1,1
440836,440837,440838,1,1
440836,440839,440840,1,3
440836,440837,440839,2,1
440836,440837,440839,2,1
440836,440839,440840,1,3
440836,440838,440840,2,2
440836,440837,440840,3,1
440836,440839,440840,1,3
440836,440839,440840,1,3
440836,440839,440840,1,3
440836,440839,440840,1,3
440836,440837,440840,3,1
440836,440839,440841,2,3
440836,440839,440840,1,3
440836,440837,440840,3,1
440836,440837,440840,3,1
440836,440837,440840,3,1
440836,440837,440840,3,1
440836,440839,440841,2,3
440836,440839,440840,1,3
440836,440839,440840,1,3
440836,440839,440840,1,3
440836,440837,440840,3,1
440836,440837,440841,4,1
440836,440837,440840,3,1
440836,440839,440840,1,3
440836,440839,440840,1,3
440836,440839,440840,1,3
440836,440839,440840,1,3
440836,440838,440841,3,2
440836,440838,440841,3,2
440836,440838,440841,3,2
440836,440838,440841,3,2
440836,440838,440841,3,2
440836,440839,440841,2,3
440836,440839,440841,2,3
440836,440839,440841,2,3
440836,440837,440841,4,1
440836,440837,440841,4,1
440836,440839,440841,2,3
440836,440838,440842,4,2
440836,440838,440841,3,2
440825,440845,440846,1,20
440825,440845,440846,1,20
440825,440845,440846,1,20
440825,440845,440847,2,20
440825,440845,440848,3,20
440825,440845,440848,3,20
440825,440845,440848,3,20
440834,440834,440837,3,0
440834,440834,440838,4,0
440834,440834,440837,3,0
440834,440834,440836,2,0
440836,440861,440862,1,25
440516,440518,440905,387,2
440907,440908,440909,1,1
440907,440908,440909,1,1
440907,440908,440909,1,1
440907,440908,440909,1,1
440907,440908,440909,1,1
440907,440908,440909,1,1
440907,440908,440909,1,1
440907,440908,440909,1,1
440907,440908,440909,1,1
440907,440908,440909,1,1
440907,440908,440910,2,1
440907,440908,440910,2,1
440907,440908,440910,2,1
440907,440908,440909,1,1
440907,440908,440909,1,1
440907,440908,440910,2,1
440907,440908,440910,2,1
440907,440908,440909,1,1
440907,440908,440909,1,1
440907,440908,440909,1,1
440907,440908,440909,1,1
440907,440908,440909,1,1
440907,440908,440909,1,1
440907,440908,440909,1,1
440907,440908,440909,1,1
440907,440908,440910,2,1
440907,440908,440909,1,1
440907,440908,440910,2,1
440907,440908,440910,2,1
440907,440908,440910,2,1
440907,440908,440910,2,1
440907,440908,440910,2,1
440907,440908,440910,2,1
440907,440908,440911,3,1
440907,440908,440910,2,1
440907,440908,440911,3,1
440907,440908,440910,2,1
440907,440908,440910,2,1
440907,440908,440911,3,1
440907,440908,440910,2,1
440907,440908,440911,3,1
440907,440908,440911,3,1
440907,440908,440911,3,1
440907,440908,440910,2,1
440907,440908,440911,3,1
440907,440908,440910,2,1
440907,440908,440911,3,1
440907,440908,440912,4,1
440907,440908,440911,3,1
440907,440908,440911,3,1
440907,440908,440911,3,1
440907,440908,440911,3,1
440907,440908,440911,3,1
440907,440908,440911,3,1
440907,440908,440911,3,1
440907,440908,440911,3,1
440907,440908,440911,3,1
440907,440908,440911,3,1
440907,440908,440911,3,1
440907,440908,440911,3,1
440907,440908,440912,4,1
440575,440577,440935,358,2
440935,440936,440937,1,1
440935,440936,440937,1,1
440935,440936,440938,2,1
440935,440936,440937,1,1
440935,440936,440937,1,1
440935,440936,440937,1,1
440935,440936,440937,1,1
440935,440936,440937,1,1
440935,440936,440937,1,1
440935,440936,440938,2,1
440935,440936,440937,1,1
440935,440936,440937,1,1
440935,440936,440937,1,1
440935,440936,440937,1,1
440935,440936,440937,1,1
440935,440936,440937,1,1
440935,440936,440937,1,1
440935,440936,440937,1,1
440935,440936,440937,1,1
440935,440936,440938,2,1
440935,440936,440937,1,1
440935,440936,440937,1,1
440935,440936,440937,1,1
440935,440936,440937,1,1
440935,440936,440937,1,1
440935,440936,440938,2,1
440935,440936,440938,2,1
440935,440936,440938,2,1
440935,440936,440938,2,1
440935,440936,440938,2,1
440935,440936,440938,2,1
440935,440936,440939,3,1
440935,440936,440938,2,1
440935,440936,440938,2,1
440935,440936,440938,2,1
440935,440936,440939,3,1
440935,440936,440939,3,1
440935,440936,440938,2,1
440935,440936,440938,2,1
440935,440936,440938,2,1
440935,440936,440938,2,1
440935,440936,440938,2,1
440935,440936,440938,2,1
440935,440936,440939,3,1
440935,440936,440940,4,1
440935,440936,440939,3,1
440935,440936,440939,3,1
440935,440936,440939,3,1
440935,440936,440939,3,1
440935,440936,440939,3,1
440935,440936,440939,3,1
440935,440936,440939,3,1
440935,440936,440939,3,1
440935,440936,440939,3,1
440935,440936,440939,3,1
440935,440936,440939,3,1
440935,440936,440939,3,1
440935,440936,440939,3,1
440935,440936,440939,3,1
440935,440936,440940,4,1
440935,440936,440940,4,1
440611,440612,440946,334,1
440954,440955,440956,1,1
440954,440955,440956,1,1
440954,440955,440956,1,1
440954,440955,440956,1,1
440954,440955,440956,1,1
440954,440955,440956,1,1
440954,440955,440956,1,1
440954,440955,440956,1,1
440954,440955,440956,1,1
440954,440955,440956,1,1
440954,440955,440956,1,1
440954,440955,440956,1,1
440954,440955,440956,1,1
440954,440955,440956,1,1
440954,440955,440957,2,1
440954,440955,440956,1,1
440954,440955,440956,1,1
440954,440955,440956,1,1
440954,440955,440957,2,1
440954,440955,440956,1,1
440954,440955,440956,1,1
440954,440955,440956,1,1
440954,440955,440956,1,1
440954,440955,440956,1,1
440954,440955,440958,3,1
440954,440955,440957,2,1
440954,440955,440957,2,1
440954,440955,440957,2,1
440954,440955,440958,3,1
440954,440955,440957,2,1
440954,440955,440957,2,1
440613,440615,440957,342,2
440954,440955,440958,3,1
440954,440955,440957,2,1
440954,440955,440957,2,1
440954,440955,440957,2,1
440954,440955,440957,2,1
440954,440955,440957,2,1
440954,440955,440958,3,1
440954,440955,440957,2,1
440954,440955,440958,3,1
440954,440955,440957,2,1
440954,440955,440958,3,1
440954,440955,440957,2,1
440954,440955,440958,3,1
440954,440955,440958,3,1
440954,440955,440958,3,1
440954,440955,440958,3,1
440954,440955,440958,3,1
440954,440955,440958,3,1
440954,440955,440958,3,1
440954,440955,440958,3,1
440954,440955,440958,3,1
440954,440955,440958,3,1
440954,440955,440958,3,1
440954,440955,440958,3,1
440954,440955,440958,3,1
440958,440959,440961,2,1
440958,440959,440960,1,1
440958,440959,440960,1,1
440958,440959,440960,1,1
440958,440959,440960,1,1
440958,440959,440960,1,1
440958,440959,440960,1,1
440958,440959,440961,2,1
440958,440959,440961,2,1
440958,440959,440960,1,1
440958,440959,440960,1,1
440958,440959,440960,1,1
440958,440959,440960,1,1
440958,440959,440961,2,1
440958,440959,440961,2,1
440958,440959,440960,1,1
440958,440959,440960,1,1
440958,440959,440961,2,1
440958,440959,440960,1,1
440958,440959,440961,2,1
440958,440959,440960,1,1
440958,440959,440960,1,1
440958,440959,440960,1,1
440958,440959,440961,2,1
440958,440959,440961,2,1
440958,440959,440960,1,1
440958,440959,440961,2,1
440958,440959,440961,2,1
440958,440959,440961,2,1
440958,440959,440961,2,1
440958,440959,440961,2,1
440958,440959,440962,3,1
440958,440959,440961,2,1
440958,440961,440962,1,3
440958,440961,440962,1,3
440958,440959,440961,2,1
440958,440961,440962,1,3
440958,440959,440962,3,1
440958,440959,440961,2,1
440958,440959,440962,3,1
440958,440959,440962,3,1
440958,440959,440961,2,1
440958,440959,440961,2,1
440958,440959,440962,3,1
440958,440959,440962,3,1
440958,440959,440962,3,1
440958,440959,440961,2,1
440958,440959,440962,3,1
440958,440959,440962,3,1
440958,440959,440962,3,1
440958,440959,440962,3,1
440958,440959,440962,3,1
440958,440959,440962,3,1
440958,440959,440962,3,1
440958,440959,440962,3,1
440958,440959,440962,3,1
440958,440961,440962,1,3
440958,440961,440962,1,3
440958,440959,440962,3,1
440958,440959,440962,3,1
440958,440959,440963,4,1
440954,440972,440973,1,18
440954,440972,440973,1,18
440954,440972,440973,1,18
440954,440972,440973,1,18
440954,440972,440975,3,18
440609,440610,441005,395,1
441006,441006,441008,2,0
441006,441006,441008,2,0
441006,441006,441008,2,0
441006,441006,441008,2,0
441006,441006,441008,2,0
441006,441006,441008,2,0
441006,441006,441008,2,0
441006,441006,441008,2,0
441006,441006,441007,1,0
441006,441006,441008,2,0
441006,441006,441008,2,0
441006,441006,441008,2,0
441006,441006,441008,2,0
441006,441006,441008,2,0
441006,441006,441008,2,0
441006,441006,441008,2,0
441006,441006,441008,2,0
441006,441006,441008,2,0
441006,441006,441008,2,0
441006,441006,441008,2,0
441006,441006,441008,2,0
441006,441006,441008,2,0
441006,441006,441008,2,0
441006,441006,441008,2,0
441006,441006,441008,2,0
441006,441006,441008,2,0
441006,441006,441009,3,0
441006,441006,441009,3,0
441006,441006,441009,3,0
441006,441006,441009,3,0
441006,441006,441008,2,0
441006,441006,441009,3,0
441006,441006,441009,3,0
441006,441006,441009,3,0
441006,441006,441009,3,0
441006,441006,441009,3,0
441006,441006,441009,3,0
441006,441006,441009,3,0
441006,441006,441008,2,0
441006,441006,441009,3,0
441006,441006,441009,3,0
441006,441006,441009,3,0
441006,441006,441009,3,0
441006,441006,441010,4,0
441006,441006,441010,4,0
441006,441006,441010,4,0
441006,441006,441010,4,0
441006,441006,441010,4,0
441006,441006,441010,4,0
441006,441006,441009,3,0
441006,441006,441010,4,0
441006,441006,441009,3,0
441006,441006,441010,4,0
441006,441006,441010,4,0
441006,441006,441009,3,0
441006,441006,441010,4,0
441006,441006,441010,4,0
441006,441007,441012,5,1
441006,441007,441013,6,1
441006,441007,441018,11,1
441006,441007,441019,12,1
440666,440667,441029,362,1
441033,441033,441035,2,0
441033,441033,441034,1,0
441033,441033,441034,1,0
441033,441033,441035,2,0
441033,441033,441035,2,0
441033,441033,441034,1,0
441033,441033,441034,1,0
441033,441033,441035,2,0
441033,441033,441034,1,0
441033,441033,441034,1,0
441033,441033,441034,1,0
441033,441033,441035,2,0
441033,441033,441035,2,0
441033,441033,441034,1,0
441033,441033,441034,1,0
441033,441033,441035,2,0
441033,441033,441035,2,0
441033,441033,441034,1,0
441033,441033,441035,2,0
441033,441033,441034,1,0
441033,441033,441035,2,0
441033,441033,441035,2,0
441033,441033,441034,1,0
441033,441033,441034,1,0
441033,441033,441034,1,0
441033,441033,441035,2,0
441033,441033,441036,3,0
441033,441033,441036,3,0
441033,441033,441036,3,0
441033,441033,441035,2,0
441033,441033,441035,2,0
441033,441033,441035,2,0
441033,441033,441036,3,0
441033,441033,441035,2,0
441033,441033,441036,3,0
441033,441033,441035,2,0
441033,441033,441035,2,0
441033,441033,441035,2,0
441033,441033,441036,3,0
441033,441033,441036,3,0
441033,441033,441035,2,0
441033,441033,441036,3,0
441033,441033,441035,2,0
441033,441033,441036,3,0
441033,441033,441035,2,0
441033,441033,441036,3,0
441033,441033,441037,4,0
441033,441033,441037,4,0
441033,441033,441037,4,0
441033,441033,441037,4,0
441033,441033,441036,3,0
441033,441033,441036,3,0
441033,441033,441036,3,0
441033,441033,441036,3,0
441033,441033,441036,3,0
441033,441033,441036,3,0
441033,441033,441036,3,0
441033,441033,441037,4,0
441033,441033,441036,3,0
441033,441033,441037,4,0
441033,441033,441038,5,0
440652,440653,441039,386,1
440717,440717,441043,326,0
440640,440640,441044,404,0
441051,441052,441053,1,1
441051,441052,441053,1,1
441051,441052,441053,1,1
441051,441051,441053,2,0
441051,441051,441053,2,0
441051,441051,441053,2,0
441051,441051,441053,2,0
441051,441051,441053,2,0
441051,441051,441053,2,0
441051,441052,441053,1,1
441051,441052,441054,2,1
440704,440704,441053,349,0
441051,441051,441053,2,0
441051,441051,441053,2,0
441051,441051,441053,2,0
441051,441051,441053,2,0
441051,441051,441053,2,0
441051,441052,441053,1,1
441051,441051,441053,2,0
441051,441051,441053,2,0
441051,441051,441053,2,0
441051,441052,441054,2,1
441051,441052,441053,1,1
441051,441051,441053,2,0
441051,441052,441053,1,1
441051,441052,441053,1,1
441051,441052,441053,1,1
441051,441051,441053,2,0
441051,441051,441053,2,0
441051,441051,441053,2,0
441051,441052,441053,1,1
441051,441052,441054,2,1
441051,441052,441054,2,1
441051,441052,441054,2,1
441051,441052,441055,3,1
441051,441052,441054,2,1
441051,441052,441054,2,1
441051,441051,441055,4,0
441051,441051,441054,3,0
441051,441052,441054,2,1
441051,441052,441054,2,1
441051,441052,441054,2,1
441051,441052,441055,3,1
441051,441052,441054,2,1
441051,441051,441054,3,0
441051,441053,441054,1,2
441051,441052,441054,2,1
441051,441052,441055,3,1
441051,441052,441054,2,1
441051,441052,441055,3,1
441051,441052,441055,3,1
441051,441052,441055,3,1
441051,441052,441055,3,1
441051,441054,441055,1,3
441051,441051,441055,4,0
441051,441052,441055,3,1
441051,441054,441055,1,3
441051,441054,441055,1,3
441051,441054,441055,1,3
441051,441054,441055,1,3
441051,441054,441055,1,3
441051,441054,441055,1,3
441051,441054,441055,1,3
441051,441054,441055,1,3
441051,441052,441055,3,1
441051,441054,441056,2,3
441051,441054,441055,1,3
441051,441054,441056,2,3
441051,441052,441055,3,1
441051,441052,441055,3,1
441051,441054,441055,1,3
441051,441054,441055,1,3
441051,441056,441057,1,5
441051,441052,441057,5,1
441051,441054,441057,3,3
441051,441054,441057,3,3
441051,441055,441057,2,4
441051,441055,441056,1,4
441051,441055,441057,2,4
441051,441056,441057,1,5
441051,441055,441057,2,4
441051,441054,441056,2,3
441051,441054,441056,2,3
441051,441055,441056,1,4
441051,441054,441056,2,3
441051,441055,441057,2,4
441051,441055,441057,2,4
441051,441055,441057,2,4
441051,441055,441057,2,4
441051,441054,441056,2,3
441051,441054,441056,2,3
441051,441055,441056,1,4
441051,441055,441056,1,4
441053,441056,441057,1,3
441051,441055,441057,2,4
441051,441055,441057,2,4
441051,441055,441057,2,4
441053,441057,441058,1,4
441053,441057,441058,1,4
441051,441056,441057,1,5
441051,441056,441057,1,5
441053,441056,441057,1,3
441051,441054,441057,3,3
441051,441054,441057,3,3
441053,441057,441058,1,4
441051,441056,441057,1,5
441051,441056,441057,1,5
441051,441056,441058,2,5
441051,441055,441057,2,4
441051,441055,441057,2,4
441053,441056,441057,1,3
441053,441056,441057,1,3
441053,441056,441057,1,3
441053,441056,441057,1,3
441051,441054,441057,3,3
441051,441054,441057,3,3
441053,441056,441057,1,3
441053,441056,441057,1,3
441051,441054,441057,3,3
441051,441055,441057,2,4
441051,441055,441057,2,4
441051,441055,441057,2,4
441053,441056,441057,1,3
441053,441056,441057,1,3
441051,441054,441057,3,3
441051,441054,441057,3,3
441051,441054,441057,3,3
441053,441056,441057,1,3
441051,441054,441057,3,3
441053,441056,441057,1,3
441053,441056,441057,1,3
441053,441057,441058,1,4
441053,441057,441058,1,4
441053,441057,441059,2,4
441053,441057,441058,1,4
441053,441057,441059,2,4
441053,441058,441059,1,5
441053,441057,441058,1,4
441053,441058,441060,2,5
441053,441058,441060,2,5
441056,441059,441060,1,3
441053,441057,441060,3,4
441053,441058,441060,2,5
441053,441058,441060,2,5
441053,441058,441060,2,5
441056,441059,441060,1,3
441056,441059,441060,1,3
441053,441057,441060,3,4
441053,441057,441060,3,4
441053,441058,441060,2,5
441053,441058,441059,1,5
441056,441058,441060,2,2
441053,441057,441060,3,4
441053,441057,441060,3,4
441053,441057,441060,3,4
441053,441058,441059,1,5
441053,441058,441059,1,5
441056,441058,441060,2,2
441056,441058,441060,2,2
441053,441057,441060,3,4
441053,441057,441060,3,4
441053,441057,441060,3,4
441053,441057,441060,3,4
441053,441057,441060,3,4
441056,441058,441060,2,2
441056,441058,441060,2,2
441056,441058,441060,2,2
441053,441057,441060,3,4
441053,441057,441060,3,4
441053,441058,441059,1,5
441053,441058,441059,1,5
441056,441058,441060,2,2
441056,441058,441060,2,2
441056,441058,441060,2,2
441056,441058,441060,2,2
441053,441057,441060,3,4
441053,441058,441060,2,5
441053,441058,441060,2,5
441053,441058,441060,2,5
441053,441058,441059,1,5
441056,441058,441060,2,2
441056,441059,441060,1,3
441053,441058,441060,2,5
441053,441058,441060,2,5
441053,441058,441060,2,5
441053,441058,441060,2,5
441053,441058,441060,2,5
441053,441058,441060,2,5
441053,441058,441060,2,5
441053,441058,441060,2,5
441053,441058,441061,3,5
441056,441059,441061,2,3
441056,441059,441061,2,3
441053,441057,441060,3,4
441056,441060,441062,2,4
441056,441060,441062,2,4
441056,441060,441062,2,4
441056,441060,441062,2,4
441056,441061,441062,1,5
441056,441061,441062,1,5
441056,441061,441062,1,5
441056,441061,441062,1,5
441056,441061,441062,1,5
441056,441061,441062,1,5
441056,441061,441062,1,5
441056,441061,441062,1,5
441056,441061,441062,1,5
441056,441061,441062,1,5
441056,441061,441062,1,5
441056,441061,441062,1,5
441056,441061,441062,1,5
441056,441061,441062,1,5
440685,440689,441062,373,4
441056,441060,441062,2,4
441056,441060,441063,3,4
441056,441060,441063,3,4
441056,441061,441063,2,5
441056,441061,441063,2,5
441056,441060,441063,3,4
441056,441061,441063,2,5
441056,441061,441063,2,5
441056,441061,441063,2,5
441056,441061,441063,2,5
441056,441061,441063,2,5
441056,441061,441063,2,5
441056,441061,441063,2,5
441051,441062,441064,2,11
441051,441062,441063,1,11
441051,441062,441063,1,11
441056,441060,441064,4,4
441056,441060,441064,4,4
441056,441060,441064,4,4
441056,441060,441064,4,4
441056,441060,441064,4,4
441056,441060,441064,4,4
441056,441060,441064,4,4
441056,441060,441064,4,4
441056,441060,441064,4,4
441056,441061,441064,3,5
441056,441061,441064,3,5
441056,441060,441064,4,4
441056,441060,441064,4,4
441051,441062,441065,3,11
441051,441062,441065,3,11
440763,440763,441079,316,0
441087,441087,441088,1,0
441087,441087,441089,2,0
441087,441087,441088,1,0
441087,441087,441089,2,0
441087,441087,441089,2,0
441087,441087,441088,1,0
441087,441087,441088,1,0
441087,441087,441089,2,0
441087,441087,441089,2,0
441087,441087,441089,2,0
441087,441087,441089,2,0
441087,441087,441088,1,0
441087,441087,441088,1,0
441087,441087,441089,2,0
441087,441087,441089,2,0
441087,441087,441089,2,0
441087,441087,441089,2,0
441087,441087,441088,1,0
441087,441087,441089,2,0
441087,441087,441089,2,0
441087,441087,441089,2,0
441087,441087,441089,2,0
441087,441087,441089,2,0
441087,441087,441088,1,0
441087,441087,441088,1,0
441087,441087,441088,1,0
441087,441087,441089,2,0
441087,441087,441089,2,0
441087,441087,441088,1,0
441087,441087,441088,1,0
441087,441087,441088,1,0
441087,441087,441089,2,0
441087,441087,441090,3,0
441087,441087,441089,2,0
441087,441089,441090,1,2
441087,441087,441089,2,0
441087,441087,441089,2,0
441087,441087,441090,3,0
441087,441087,441090,3,0
441087,441087,441090,3,0
441087,441087,441089,2,0
441087,441087,441090,3,0
441087,441087,441089,2,0
441087,441088,441089,1,1
441087,441087,441089,2,0
441087,441087,441090,3,0
441087,441087,441090,3,0
441087,441087,441089,2,0
441087,441087,441090,3,0
441087,441087,441090,3,0
441087,441087,441089,2,0
441087,441087,441090,3,0
441087,441087,441089,2,0
441087,441087,441090,3,0
441087,441089,441091,2,2
441087,441089,441090,1,2
441087,441089,441091,2,2
441087,441087,441090,3,0
441087,441089,441090,1,2
441087,441089,441090,1,2
441087,441089,441090,1,2
441087,441087,441090,3,0
441087,441089,441091,2,2
441087,441089,441091,2,2
441087,441089,441091,2,2
441087,441089,441091,2,2
441087,441087,441090,3,0
441087,441087,441090,3,0
441087,441089,441090,1,2
441087,441089,441091,2,2
441087,441087,441090,3,0
441087,441089,441091,2,2
441087,441089,441091,2,2
441087,441087,441090,3,0
441087,441089,441090,1,2
441087,441089,441090,1,2
441087,441087,441090,3,0
441087,441089,441091,2,2
441087,441091,441092,1,4
441087,441089,441092,3,2
441087,441089,441092,3,2
441087,441090,441092,2,3
441087,441091,441092,1,4
441087,441091,441092,1,4
441087,441089,441092,3,2
441087,441089,441092,3,2
441087,441090,441092,2,3
441087,441090,441092,2,3
441087,441089,441092,3,2
441087,441089,441092,3,2
441087,441090,441092,2,3
441087,441090,441092,2,3
441087,441089,441092,3,2
441087,441089,441092,3,2
441087,441089,441092,3,2
441087,441090,441092,2,3
441087,441090,441091,1,3
441087,441090,441091,1,3
441087,441090,441092,2,3
441087,441090,441092,2,3
441087,441090,441093,3,3
441087,441090,441093,3,3
441087,441090,441093,3,3
441087,441090,441092,2,3
441087,441090,441093,3,3
441087,441090,441093,3,3
441087,441091,441093,2,4
441087,441090,441093,3,3
441087,441090,441093,3,3
441087,441091,441093,2,4
441087,441089,441092,3,2
441087,441090,441092,2,3
441087,441090,441092,2,3
441087,441089,441092,3,2
441087,441090,441093,3,3
441087,441090,441093,3,3
441087,441089,441092,3,2
441087,441091,441093,2,4
441087,441091,441095,4,4
441087,441091,441095,4,4
441087,441096,441099,3,9
441087,441096,441099,3,9
441087,441096,441101,5,9
440756,440757,441112,355,1
441123,441123,441125,2,0
441123,441123,441125,2,0
441123,441123,441125,2,0
441123,441123,441125,2,0
441123,441123,441125,2,0
441123,441123,441125,2,0
441123,441123,441125,2,0
441123,441123,441125,2,0
441123,441123,441125,2,0
441123,441123,441125,2,0
441123,441123,441125,2,0
441123,441123,441125,2,0
441123,441123,441125,2,0
441123,441124,441125,1,1
441123,441124,441125,1,1
441123,441123,441125,2,0
441123,441123,441125,2,0
441123,441124,441125,1,1
441123,441123,441125,2,0
441123,441123,441125,2,0
441123,441124,441125,1,1
441123,441124,441125,1,1
441123,441123,441125,2,0
441123,441123,441125,2,0
441123,441123,441125,2,0
441123,441123,441125,2,0
441123,441124,441125,1,1
441123,441124,441126,2,1
441123,441123,441126,3,0
441123,441123,441126,3,0
441123,441123,441126,3,0
441123,441123,441126,3,0
441123,441124,441126,2,1
441123,441124,441126,2,1
441123,441124,441126,2,1
441123,441123,441126,3,0
441123,441123,441126,3,0
441123,441123,441127,4,0
441123,441123,441126,3,0
441123,441123,441126,3,0
441123,441123,441126,3,0
441123,441123,441126,3,0
441123,441123,441126,3,0
441123,441123,441126,3,0
441123,441124,441127,3,1
441123,441124,441127,3,1
441123,441123,441127,4,0
441123,441123,441127,4,0
441123,441123,441127,4,0
441123,441123,441127,4,0
441123,441123,441127,4,0
441123,441124,441127,3,1
441123,441124,441127,3,1
441123,441123,441127,4,0
441123,441123,441127,4,0
441123,441123,441127,4,0
441123,441123,441127,4,0
441123,441123,441127,4,0
441123,441123,441127,4,0
441123,441123,441127,4,0
441123,441124,441128,4,1
440748,440749,441153,404,1
440790,440790,441154,364,0
440797,440798,441155,357,1
441155,441155,441156,1,0
441155,441155,441157,2,0
441155,441155,441156,1,0
441155,441155,441157,2,0
441155,441155,441157,2,0
441155,441155,441157,2,0
441155,441155,441157,2,0
441155,441155,441157,2,0
441155,441155,441157,2,0
441155,441155,441157,2,0
441155,441155,441157,2,0
441155,441155,441157,2,0
441155,441155,441157,2,0
441155,441155,441157,2,0
441155,441155,441157,2,0
441155,441156,441157,1,1
441155,441155,441157,2,0
441155,441155,441157,2,0
441155,441155,441157,2,0
441155,441155,441157,2,0
441155,441155,441157,2,0
441155,441155,441157,2,0
441155,441155,441157,2,0
441155,441155,441157,2,0
441155,441155,441157,2,0
441155,441155,441156,1,0
441155,441155,441157,2,0
441155,441155,441157,2,0
441155,441155,441158,3,0
441155,441155,441158,3,0
441155,441155,441158,3,0
441155,441155,441157,2,0
441155,441156,441157,1,1
441155,441156,441158,2,1
441155,441155,441158,3,0
441155,441155,441157,2,0
441155,441155,441158,3,0
441155,441155,441158,3,0
441155,441155,441157,2,0
441155,441155,441158,3,0
441155,441156,441157,1,1
441155,441155,441158,3,0
441155,441155,441158,3,0
441155,441155,441158,3,0
441155,441155,441158,3,0
441155,441155,441157,2,0
441155,441156,441159,3,1
441155,441156,441158,2,1
441155,441156,441158,2,1
441155,441155,441159,4,0
441155,441155,441159,4,0
441155,441157,441159,2,2
441155,441157,441159,2,2
441155,441155,441158,3,0
441155,441157,441158,1,2
441155,441157,441158,1,2
441155,441156,441159,3,1
441155,441156,441159,3,1
441155,441156,441159,3,1
441155,441157,441159,2,2
441155,441155,441158,3,0
441155,441155,441158,3,0
441155,441155,441159,4,0
441155,441155,441158,3,0
441155,441157,441159,2,2
441155,441157,441159,2,2
441155,441157,441159,2,2
441155,441155,441158,3,0
441155,441155,441159,4,0
441155,441157,441159,2,2
441155,441157,441159,2,2
441155,441157,441159,2,2
441155,441157,441159,2,2
441155,441155,441159,4,0
441155,441157,441159,2,2
441155,441157,441159,2,2
441155,441155,441159,4,0
441155,441155,441159,4,0
441155,441159,441160,1,4
441155,441159,441160,1,4
441155,441158,441161,3,3
441155,441159,441160,1,4
441155,441157,441160,3,2
441155,441157,441161,4,2
441155,441157,441160,3,2
441155,441158,441160,2,3
441155,441160,441161,1,5
441155,441160,441161,1,5
441155,441157,441160,3,2
441155,441158,441161,3,3
441155,441159,441161,2,4
441155,441159,441160,1,4
441155,441159,441160,1,4
441155,441159,441160,1,4
441155,441159,441160,1,4
441155,441158,441161,3,3
441155,441158,441161,3,3
441155,441159,441161,2,4
441155,441159,441161,2,4
441155,441159,441161,2,4
441155,441159,441160,1,4
441155,441158,441161,3,3
441155,441158,441161,3,3
441155,441159,441160,1,4
441155,441158,441161,3,3
441155,441158,441161,3,3
441155,441160,441161,1,5
441155,441160,441161,1,5
441157,441160,441161,1,3
441155,441157,441161,4,2
441155,441157,441161,4,2
441155,441157,441161,4,2
441155,441157,441161,4,2
441157,441160,441161,1,3
441155,441158,441161,3,3
441155,441158,441161,3,3
441157,441160,441161,1,3
441157,441160,441161,1,3
441155,441158,441161,3,3
441155,441158,441161,3,3
441155,441158,441161,3,3
441157,441160,441161,1,3
441157,441160,441161,1,3
441157,441160,441161,1,3
441157,441160,441161,1,3
441157,441160,441161,1,3
441155,441160,441162,2,5
441155,441160,441161,1,5
441155,441160,441162,2,5
441155,441157,441161,4,2
441157,441160,441161,1,3
441157,441160,441161,1,3
441155,441157,441161,4,2
441155,441158,441161,3,3
441157,441160,441161,1,3
441157,441160,441161,1,3
441157,441160,441161,1,3
441157,441160,441161,1,3
441157,441160,441162,2,3
441157,441160,441162,2,3
441157,441161,441162,1,4
441157,441161,441162,1,4
441157,441162,441164,2,5
441157,441161,441164,3,4
441157,441161,441164,3,4
441157,441161,441164,3,4
441157,441161,441164,3,4
441157,441161,441164,3,4
441157,441161,441164,3,4
441157,441161,441163,2,4
441157,441162,441164,2,5
441157,441162,441163,1,5
441157,441162,441163,1,5
441157,441162,441163,1,5
441157,441162,441163,1,5
441157,441161,441164,3,4
441157,441162,441163,1,5
441157,441162,441163,1,5
441157,441162,441163,1,5
441157,441161,441164,3,4
441157,441162,441163,1,5
441157,441162,441163,1,5
441157,441162,441164,2,5
441157,441162,441164,2,5
441157,441162,441164,2,5
441157,441162,441164,2,5
441157,441162,441163,1,5
441157,441162,441163,1,5
441157,441162,441163,1,5
441157,441162,441164,2,5
441157,441162,441164,2,5
441157,441162,441164,2,5
441157,441162,441165,3,5
441157,441162,441165,3,5
441157,441162,441164,2,5
441157,441162,441164,2,5
441157,441161,441164,3,4
441157,441161,441164,3,4
441157,441161,441164,3,4
441157,441161,441164,3,4
441157,441161,441164,3,4
441157,441161,441164,3,4
441157,441162,441164,2,5
441157,441162,441165,3,5
440835,440836,441171,335,1
440765,440766,441182,416,1
441187,441188,441189,1,1
441187,441188,441189,1,1
441187,441188,441189,1,1
441187,441188,441189,1,1
441187,441188,441189,1,1
441187,441188,441189,1,1
441187,441188,441189,1,1
441187,441188,441189,1,1
441187,441188,441190,2,1
441187,441188,441189,1,1
441187,441188,441189,1,1
441187,441188,441189,1,1
441187,441188,441189,1,1
441187,441188,441189,1,1
441187,441188,441190,2,1
441187,441188,441189,1,1
441187,441188,441189,1,1
441187,441188,441190,2,1
441187,441188,441189,1,1
441187,441188,441190,2,1
441187,441188,441190,2,1
441187,441188,441190,2,1
441187,441188,441190,2,1
441187,441188,441189,1,1
441187,441188,441189,1,1
441187,441188,441189,1,1
441188,441189,441190,1,1
441187,441188,441190,2,1
441187,441188,441190,2,1
441187,441188,441190,2,1
441187,441188,441190,2,1
441187,441188,441191,3,1
441187,441188,441190,2,1
441187,441188,441190,2,1
441187,441188,441191,3,1
441187,441188,441190,2,1
441187,441188,441191,3,1
441187,441188,441191,3,1
441187,441188,441191,3,1
441187,441188,441190,2,1
441187,441188,441191,3,1
441187,441188,441191,3,1
441187,441188,441190,2,1
441187,441188,441191,3,1
441187,441188,441190,2,1
441187,441188,441191,3,1
441187,441188,441191,3,1
441187,441188,441191,3,1
441187,441188,441191,3,1
441188,441190,441191,1,2
441187,441188,441191,3,1
441187,441188,441192,4,1
441188,441190,441191,1,2
441188,441190,441191,1,2
441187,441188,441191,3,1
441187,441188,441191,3,1
441188,441190,441191,1,2
441188,441190,441191,1,2
441188,441190,441192,2,2
441187,441188,441191,3,1
441187,441188,441192,4,1
441188,441190,441191,1,2
441188,441190,441191,1,2
441188,441190,441192,2,2
441187,441188,441192,4,1
441188,441190,441192,2,2
441188,441190,441191,1,2
441188,441190,441191,1,2
441188,441190,441191,1,2
441188,441190,441192,2,2
441187,441188,441192,4,1
441187,441188,441191,3,1
441188,441190,441191,1,2
441187,441188,441191,3,1
441187,441188,441192,4,1
441187,441188,441191,3,1
441188,441190,441192,2,2
441187,441188,441192,4,1
441188,441192,441193,1,4
441188,441192,441193,1,4
441187,441188,441192,4,1
441188,441192,441193,1,4
441188,441192,441193,1,4
441188,441190,441193,3,2
441188,441191,441193,2,3
441188,441190,441193,3,2
441188,441191,441193,2,3
441188,441191,441193,2,3
441188,441191,441193,2,3
441188,441191,441193,2,3
441188,441192,441193,1,4
441188,441190,441193,3,2
441188,441190,441193,3,2
441188,441191,441193,2,3
441188,441191,441193,2,3
441188,441191,441193,2,3
441188,441192,441193,1,4
441188,441191,441194,3,3
441188,441192,441194,2,4
441188,441191,441194,3,3
441188,441191,441194,3,3
441188,441192,441194,2,4
441188,441192,441193,1,4
441188,441191,441194,3,3
441188,441191,441194,3,3
441188,441192,441193,1,4
441188,441192,441193,1,4
441188,441192,441193,1,4
441188,441192,441193,1,4
441188,441191,441194,3,3
441188,441191,441194,3,3
441188,441192,441193,1,4
441188,441191,441194,3,3
441188,441191,441193,2,3
441188,441191,441193,2,3
441188,441190,441193,3,2
441188,441190,441193,3,2
441188,441190,441193,3,2
441188,441190,441193,3,2
441188,441190,441193,3,2
441188,441190,441193,3,2
441188,441191,441193,2,3
441188,441191,441194,3,3
440827,440828,441202,374,1
441213,441214,441215,1,1
441213,441214,441215,1,1
441213,441214,441216,2,1
441213,441214,441215,1,1
441213,441214,441215,1,1
441213,441214,441215,1,1
441213,441214,441215,1,1
441213,441214,441215,1,1
441213,441214,441215,1,1
441213,441214,441215,1,1
441213,441214,441215,1,1
441213,441214,441215,1,1
441213,441214,441215,1,1
441213,441214,441215,1,1
441213,441214,441215,1,1
441213,441214,441215,1,1
441213,441214,441216,2,1
441213,441214,441215,1,1
441213,441214,441216,2,1
441213,441214,441215,1,1
441213,441214,441215,1,1
441213,441214,441217,3,1
441213,441214,441216,2,1
441213,441214,441216,2,1
441213,441214,441216,2,1
441213,441214,441217,3,1
441213,441214,441216,2,1
441213,441214,441216,2,1
441213,441214,441216,2,1
441213,441214,441216,2,1
441213,441214,441216,2,1
441213,441214,441216,2,1
441213,441214,441216,2,1
441213,441214,441216,2,1
441213,441214,441217,3,1
441213,441214,441217,3,1
441213,441214,441217,3,1
441213,441214,441217,3,1
441213,441214,441217,3,1
441213,441214,441217,3,1
441213,441214,441217,3,1
441213,441214,441217,3,1
441213,441214,441217,3,1
441213,441214,441217,3,1
441213,441214,441217,3,1
441213,441214,441217,3,1
441213,441214,441217,3,1
441213,441214,441217,3,1
441213,441218,441219,1,5
441213,441218,441219,1,5
441213,441218,441219,1,5
441213,441218,441220,2,5
441213,441218,441220,2,5
441213,441219,441220,1,6
441213,441219,441220,1,6
441213,441219,441220,1,6
441213,441219,441221,2,6
441213,441219,441220,1,6
441213,441218,441221,3,5
441213,441219,441221,2,6
441213,441218,441222,4,5
441213,441219,441222,3,6
440838,440839,441223,384,1
441224,441225,441226,1,1
441224,441225,441226,1,1
441224,441225,441226,1,1
441224,441225,441226,1,1
441224,441225,441226,1,1
441224,441225,441226,1,1
441224,441225,441226,1,1
441224,441225,441226,1,1
441224,441225,441227,2,1
441224,441225,441227,2,1
441224,441225,441227,2,1
441224,441225,441226,1,1
441224,441225,441226,1,1
441224,441225,441227,2,1
441224,441225,441226,1,1
441224,441225,441226,1,1
441224,441225,441226,1,1
441224,441225,441226,1,1
441224,441225,441226,1,1
441224,441225,441226,1,1
441224,441225,441226,1,1
441224,441225,441226,1,1
441224,441225,441226,1,1
441224,441225,441227,2,1
441224,441225,441226,1,1
441224,441225,441227,2,1
441224,441225,441226,1,1
441224,441225,441226,1,1
441224,441225,441227,2,1
441224,441225,441227,2,1
441224,441225,441228,3,1
441224,441225,441227,2,1
441224,441225,441228,3,1
441224,441225,441228,3,1
441224,441225,441228,3,1
441224,441225,441227,2,1
441224,441225,441227,2,1
441224,441225,441228,3,1
441224,441225,441227,2,1
441224,441225,441227,2,1
441224,441225,441228,3,1
441224,441225,441227,2,1
441224,441225,441228,3,1
441224,441225,441227,2,1
441224,441225,441228,3,1
441224,441225,441227,2,1
441224,441225,441228,3,1
441224,441225,441228,3,1
441224,441225,441227,2,1
441224,441225,441228,3,1
441224,441225,441228,3,1
441224,441225,441228,3,1
441224,441225,441228,3,1
441224,441225,441228,3,1
441224,441225,441228,3,1
441224,441225,441228,3,1
441224,441225,441228,3,1
441224,441225,441228,3,1
441224,441225,441228,3,1
441224,441225,441228,3,1
441224,441225,441228,3,1
441224,441225,441229,4,1
440909,440910,441258,348,1
441260,441261,441262,1,1
441260,441261,441263,2,1
441260,441261,441263,2,1
441260,441261,441262,1,1
441260,441261,441262,1,1
441260,441261,441262,1,1
441260,441261,441263,2,1
441260,441261,441262,1,1
441260,441261,441263,2,1
441260,441261,441262,1,1
441260,441261,441262,1,1
441260,441261,441262,1,1
441260,441261,441262,1,1
441260,441261,441262,1,1
441260,441261,441262,1,1
441260,441261,441262,1,1
441260,441261,441262,1,1
441260,441261,441262,1,1
441260,441261,441262,1,1
441260,441261,441262,1,1
441260,441261,441262,1,1
441260,441261,441263,2,1
441260,441261,441262,1,1
441260,441261,441262,1,1
441260,441261,441262,1,1
441260,441261,441262,1,1
441260,441261,441263,2,1
441260,441261,441263,2,1
441260,441261,441263,2,1
441260,441261,441263,2,1
441260,441261,441264,3,1
441260,441261,441264,3,1
441260,441261,441263,2,1
441260,441261,441263,2,1
441260,441261,441263,2,1
441260,441261,441264,3,1
441260,441261,441263,2,1
441260,441261,441263,2,1
441260,441261,441263,2,1
441260,441261,441263,2,1
441260,441261,441263,2,1
441260,441261,441263,2,1
441260,441261,441264,3,1
441260,441261,441264,3,1
441260,441261,441263,2,1
441260,441261,441263,2,1
441260,441261,441264,3,1
441260,441261,441265,4,1
441260,441261,441264,3,1
441260,441261,441264,3,1
441260,441261,441264,3,1
441260,441261,441264,3,1
441260,441261,441264,3,1
441260,441261,441265,4,1
441260,441261,441264,3,1
441260,441261,441264,3,1
441260,441261,441264,3,1
441260,441261,441264,3,1
441260,441261,441264,3,1
441260,441261,441265,4,1
441260,441261,441265,4,1
440937,440938,441298,360,1
441299,441300,441301,1,1
441299,441300,441302,2,1
441299,441300,441302,2,1
441299,441300,441301,1,1
441299,441300,441301,1,1
441299,441300,441301,1,1
441299,441300,441302,2,1
441299,441300,441302,2,1
441299,441300,441302,2,1
441299,441300,441301,1,1
441299,441300,441301,1,1
441299,441300,441301,1,1
441299,441300,441301,1,1
441299,441300,441302,2,1
441299,441300,441302,2,1
441299,441300,441301,1,1
441299,441300,441301,1,1
441299,441300,441301,1,1
441299,441300,441301,1,1
441299,441300,441301,1,1
441299,441300,441302,2,1
441299,441300,441301,1,1
441299,441300,441301,1,1
441299,441300,441302,2,1
441299,441300,441302,2,1
441299,441300,441301,1,1
441299,441300,441301,1,1
441299,441300,441302,2,1
441299,441300,441302,2,1
441299,441300,441302,2,1
441299,441300,441302,2,1
441299,441300,441302,2,1
441299,441300,441303,3,1
441299,441300,441303,3,1
441299,441300,441302,2,1
441299,441300,441302,2,1
441299,441300,441302,2,1
441299,441300,441302,2,1
441299,441300,441303,3,1
441299,441300,441302,2,1
441299,441300,441302,2,1
441299,441300,441302,2,1
441299,441300,441303,3,1
441299,441300,441302,2,1
441299,441300,441303,3,1
441299,441300,441303,3,1
441299,441300,441303,3,1
441299,441300,441303,3,1
441299,441300,441303,3,1
441299,441300,441303,3,1
441299,441300,441303,3,1
441299,441300,441303,3,1
441299,441300,441303,3,1
441299,441300,441303,3,1
441299,441300,441304,4,1
441299,441300,441304,4,1
440960,440961,441314,353,1
441315,441315,441317,2,0
441315,441315,441317,2,0
441315,441315,441317,2,0
441315,441315,441317,2,0
441315,441315,441317,2,0
441315,441315,441317,2,0
441315,441315,441317,2,0
441315,441315,441317,2,0
441315,441315,441317,2,0
441315,441315,441317,2,0
441315,441315,441317,2,0
441315,441315,441317,2,0
441315,441315,441317,2,0
441315,441315,441317,2,0
441315,441315,441317,2,0
441315,441315,441317,2,0
441315,441315,441317,2,0
441315,441315,441317,2,0
441315,441315,441317,2,0
441315,441315,441317,2,0
441315,441315,441317,2,0
441315,441315,441317,2,0
441315,441315,441317,2,0
441315,441315,441317,2,0
441315,441315,441317,2,0
441315,441315,441317,2,0
441315,441315,441317,2,0
441315,441315,441318,3,0
441315,441315,441318,3,0
441315,441315,441318,3,0
441315,441315,441318,3,0
441315,441315,441318,3,0
441315,441315,441317,2,0
441315,441315,441318,3,0
441315,441315,441318,3,0
441315,441315,441318,3,0
441315,441315,441318,3,0
441315,441315,441318,3,0
441315,441315,441318,3,0
441315,441315,441318,3,0
441315,441315,441318,3,0
441315,441315,441318,3,0
441315,441315,441318,3,0
441315,441315,441317,2,0
441315,441315,441318,3,0
441315,441317,441318,1,2
441315,441317,441318,1,2
441315,441315,441318,3,0
441315,441315,441319,4,0
441315,441315,441319,4,0
441315,441315,441319,4,0
441315,441315,441319,4,0
441315,441315,441319,4,0
441315,441315,441319,4,0
441315,441315,441319,4,0
441315,441315,441319,4,0
441315,441317,441319,2,2
441315,441318,441319,1,3
441315,441318,441319,1,3
441315,441315,441319,4,0
441315,441315,441319,4,0
441299,441319,441320,1,20
441299,441319,441320,1,20
441299,441319,441321,2,20
441299,441319,441321,2,20
441299,441319,441322,3,20
440956,440957,441345,388,1
441347,441347,441348,1,0
441347,441347,441349,2,0
441347,441347,441349,2,0
441347,441347,441348,1,0
441347,441347,441348,1,0
441347,441347,441348,1,0
441347,441347,441349,2,0
441347,441347,441349,2,0
441347,441347,441349,2,0
441347,441347,441348,1,0
441347,441347,441348,1,0
441347,441347,441348,1,0
441347,441347,441348,1,0
441347,441347,441348,1,0
441347,441347,441349,2,0
441347,441347,441349,2,0
441347,441347,441348,1,0
441347,441347,441349,2,0
441347,441347,441348,1,0
441347,441347,441349,2,0
441347,441347,441348,1,0
441347,441347,441349,2,0
441347,441347,441349,2,0
441347,441347,441349,2,0
441347,441347,441348,1,0
441347,441347,441348,1,0
441347,441347,441348,1,0
441347,441347,441349,2,0
441347,441347,441349,2,0
441347,441347,441350,3,0
441347,441347,441349,2,0
441347,441347,441350,3,0
441347,441347,441349,2,0
441347,441347,441349,2,0
441347,441347,441350,3,0
441347,441347,441349,2,0
441347,441347,441350,3,0
441347,441347,441349,2,0
441347,441347,441350,3,0
441347,441347,441349,2,0
441347,441347,441350,3,0
441347,441347,441349,2,0
441347,441347,441349,2,0
441347,441347,441350,3,0
441347,441347,441350,3,0
441347,441347,441350,3,0
441347,441347,441350,3,0
441347,441347,441350,3,0
441347,441347,441350,3,0
441347,441347,441350,3,0
441347,441347,441351,4,0
441347,441347,441351,4,0
441347,441347,441350,3,0
441347,441347,441351,4,0
441347,441347,441350,3,0
441347,441347,441350,3,0
441347,441357,441358,1,10
441347,441357,441358,1,10
441347,441357,441358,1,10
441347,441357,441359,2,10
441347,441357,441359,2,10
441007,441008,441360,352,1
441370,441371,441372,1,1
441370,441371,441372,1,1
441370,441371,441372,1,1
441370,441371,441372,1,1
441370,441371,441372,1,1
441370,441371,441372,1,1
441370,441371,441373,2,1
441370,441371,441373,2,1
441370,441371,441372,1,1
441370,441371,441373,2,1
441370,441371,441373,2,1
441370,441371,441372,1,1
441370,441371,441372,1,1
441370,441371,441372,1,1
441370,441371,441372,1,1
441370,441371,441372,1,1
441370,441371,441372,1,1
441370,441371,441373,2,1
441370,441371,441372,1,1
441370,441371,441373,2,1
441370,441371,441373,2,1
441370,441371,441372,1,1
441370,441371,441372,1,1
441370,441371,441373,2,1
441370,441371,441373,2,1
441370,441371,441373,2,1
441370,441371,441373,2,1
441370,441371,441373,2,1
441370,441371,441374,3,1
441370,441371,441373,2,1
441370,441371,441373,2,1
441370,441371,441373,2,1
441370,441371,441373,2,1
441370,441371,441374,3,1
441370,441371,441373,2,1
441370,441371,441374,3,1
441370,441371,441373,2,1
441370,441371,441373,2,1
441370,441371,441374,3,1
441370,441371,441373,2,1
441370,441371,441374,3,1
441370,441371,441374,3,1
441370,441371,441374,3,1
441370,441371,441374,3,1
441370,441371,441374,3,1
441370,441371,441374,3,1
441370,441371,441375,4,1
441370,441371,441374,3,1
441370,441371,441374,3,1
441370,441371,441374,3,1
441370,441371,441374,3,1
441370,441371,441374,3,1
441370,441371,441374,3,1
441370,441371,441374,3,1
441370,441371,441374,3,1
441370,441371,441374,3,1
441370,441371,441374,3,1
441370,441381,441382,1,11
441370,441381,441383,2,11
441370,441381,441383,2,11
441370,441381,441384,3,11
441053,441056,441407,351,3
441034,441035,441407,372,1
441408,441409,441410,1,1
441408,441409,441411,2,1
441408,441409,441410,1,1
441408,441409,441411,2,1
441408,441409,441410,1,1
441408,441409,441410,1,1
441408,441409,441410,1,1
441408,441409,441411,2,1
441408,441409,441411,2,1
441408,441409,441410,1,1
441408,441409,441410,1,1
441408,441409,441410,1,1
441408,441409,441410,1,1
441408,441409,441410,1,1
441408,441409,441410,1,1
441408,441409,441410,1,1
441408,441409,441410,1,1
441408,441409,441411,2,1
441408,441409,441410,1,1
441408,441409,441410,1,1
441408,441409,441410,1,1
441408,441409,441411,2,1
441408,441409,441410,1,1
441408,441409,441410,1,1
441408,441409,441411,2,1
441408,441409,441411,2,1
441408,441409,441411,2,1
441410,441411,441412,1,1
441408,441409,441411,2,1
441408,441409,441412,3,1
441408,441409,441411,2,1
441055,441058,441412,354,3
441408,441409,441412,3,1
441408,441409,441411,2,1
441408,441409,441412,3,1
441408,441409,441411,2,1
441408,441409,441412,3,1
441408,441409,441411,2,1
441408,441409,441412,3,1
441408,441409,441411,2,1
441408,441409,441411,2,1
441408,441409,441412,3,1
441408,441409,441411,2,1
441408,441409,441411,2,1
441408,441409,441411,2,1
441408,441409,441412,3,1
441408,441409,441412,3,1
441408,441409,441412,3,1
441408,441409,441412,3,1
441410,441411,441412,1,1
441410,441411,441412,1,1
441410,441411,441412,1,1
441410,441411,441412,1,1
441408,441409,441412,3,1
441410,441411,441412,1,1
441410,441411,441412,1,1
441410,441411,441412,1,1
441408,441409,441413,4,1
441410,441411,441412,1,1
441408,441409,441412,3,1
441408,441409,441413,4,1
441410,441411,441412,1,1
441410,441411,441412,1,1
441408,441409,441412,3,1
441408,441409,441412,3,1
441410,441411,441412,1,1
441410,441411,441413,2,1
441408,441409,441413,4,1
441408,441409,441413,4,1
441410,441411,441412,1,1
441410,441411,441412,1,1
441410,441411,441412,1,1
441410,441411,441413,2,1
441408,441409,441413,4,1
441408,441409,441412,3,1
441410,441411,441413,2,1
441410,441411,441412,1,1
441410,441411,441412,1,1
441410,441411,441413,2,1
441410,441411,441414,3,1
441410,441411,441414,3,1
441410,441411,441414,3,1
441410,441411,441414,3,1
441410,441412,441414,2,2
441410,441413,441414,1,3
441410,441413,441415,2,3
441410,441413,441415,2,3
441410,441413,441415,2,3
441410,441413,441415,2,3
441410,441411,441414,3,1
441410,441412,441414,2,2
441410,441412,441415,3,2
441410,441412,441414,2,2
441413,441414,441415,1,1
441410,441412,441415,3,2
441413,441413,441415,2,0
441410,441412,441415,3,2
441410,441412,441415,3,2
441410,441413,441414,1,3
441413,441413,441415,2,0
441413,441413,441415,2,0
441410,441412,441415,3,2
441410,441412,441415,3,2
441410,441413,441415,2,3
441413,441413,441414,1,0
441413,441413,441415,2,0
441413,441413,441414,1,0
441410,441412,441415,3,2
441410,441413,441415,2,3
441413,441413,441415,2,0
441413,441413,441415,2,0
441413,441413,441415,2,0
441410,441412,441414,2,2
441410,441413,441415,2,3
441410,441413,441414,1,3
441410,441413,441414,1,3
441410,441413,441414,1,3
441413,441413,441415,2,0
441413,441413,441415,2,0
441410,441412,441415,3,2
441410,441412,441414,2,2
441410,441413,441415,2,3
441410,441413,441415,2,3
441410,441413,441415,2,3
441410,441413,441415,2,3
441413,441413,441415,2,0
441410,441412,441415,3,2
441410,441413,441415,2,3
441413,441413,441415,2,0
441413,441413,441415,2,0
441413,441413,441415,2,0
441413,441414,441415,1,1
441413,441414,441415,1,1
441410,441412,441415,3,2
441413,441414,441416,2,1
441410,441412,441415,3,2
441410,441412,441415,3,2
441410,441412,441416,4,2
441410,441412,441415,3,2
441413,441414,441416,2,1
441413,441414,441416,2,1
441413,441415,441417,2,2
441413,441416,441418,2,3
441413,441416,441417,1,3
441413,441416,441417,1,3
441413,441416,441417,1,3
441413,441416,441418,2,3
441413,441416,441417,1,3
441413,441416,441417,1,3
441413,441416,441417,1,3
441413,441416,441417,1,3
441413,441416,441417,1,3
441413,441416,441417,1,3
441413,441416,441417,1,3
441413,441416,441417,1,3
441413,441416,441417,1,3
441413,441416,441417,1,3
441413,441415,441418,3,2
441413,441415,441418,3,2
441413,441415,441418,3,2
441413,441415,441418,3,2
441413,441415,441418,3,2
441413,441415,441418,3,2
441413,441415,441418,3,2
441413,441415,441418,3,2
441413,441415,441418,3,2
441413,441415,441418,3,2
441413,441415,441418,3,2
441413,441415,441418,3,2
441413,441415,441418,3,2
441413,441415,441418,3,2
441413,441415,441418,3,2
441413,441415,441418,3,2
441413,441415,441418,3,2
441413,441416,441418,2,3
441413,441416,441418,2,3
441413,441416,441418,2,3
441413,441415,441418,3,2
441413,441415,441418,3,2
441413,441415,441418,3,2
441413,441415,441419,4,2
441408,441432,441433,1,24
441408,441431,441433,2,23
441408,441431,441434,3,23
441408,441431,441434,3,23
441408,441431,441435,4,23
441088,441091,441447,356,3
441449,441449,441451,2,0
441449,441449,441451,2,0
441449,441449,441451,2,0
441449,441449,441451,2,0
441449,441449,441451,2,0
441449,441449,441451,2,0
441449,441449,441451,2,0
441449,441449,441451,2,0
441449,441449,441451,2,0
441449,441449,441451,2,0
441449,441449,441450,1,0
441449,441449,441450,1,0
441449,441449,441451,2,0
441449,441449,441451,2,0
441449,441449,441451,2,0
441449,441449,441451,2,0
441449,441449,441451,2,0
441449,441449,441451,2,0
441449,441449,441451,2,0
441449,441449,441451,2,0
441449,441449,441451,2,0
441449,441449,441451,2,0
441449,441449,441451,2,0
441449,441449,441451,2,0
441449,441449,441451,2,0
441449,441449,441451,2,0
441449,441449,441451,2,0
441449,441450,441451,1,1
441449,441450,441451,1,1
441449,441450,441451,1,1
441449,441449,441452,3,0
441449,441449,441452,3,0
441449,441449,441451,2,0
441449,441449,441452,3,0
441449,441449,441452,3,0
441449,441449,441451,2,0
441449,441449,441452,3,0
441449,441449,441452,3,0
441449,441449,441452,3,0
441449,441449,441452,3,0
441449,441449,441452,3,0
441449,441449,441452,3,0
441449,441449,441451,2,0
441449,441449,441453,4,0
441449,441449,441452,3,0
441449,441449,441453,4,0
441449,441449,441452,3,0
441449,441450,441453,3,1
441449,441450,441452,2,1
441449,441449,441452,3,0
441449,441449,441452,3,0
441449,441449,441453,4,0
441449,441449,441453,4,0
441449,441449,441453,4,0
441449,441449,441453,4,0
441057,441061,441457,396,4
441460,441461,441462,1,1
441460,441461,441462,1,1
441460,441461,441463,2,1
441460,441461,441462,1,1
441460,441461,441462,1,1
441460,441461,441463,2,1
441460,441461,441462,1,1
441460,441461,441463,2,1
441460,441461,441462,1,1
441460,441461,441462,1,1
441460,441461,441462,1,1
441460,441461,441462,1,1
441460,441461,441462,1,1
441460,441461,441462,1,1
441460,441461,441462,1,1
441460,441461,441462,1,1
441460,441461,441462,1,1
441460,441461,441462,1,1
441460,441461,441462,1,1
441460,441461,441462,1,1
441460,441461,441462,1,1
441460,441461,441462,1,1
441460,441461,441462,1,1
441460,441461,441462,1,1
441460,441461,441463,2,1
441460,441461,441463,2,1
441460,441461,441463,2,1
441460,441461,441463,2,1
441460,441461,441463,2,1
441460,441461,441463,2,1
441460,441461,441464,3,1
441460,441461,441464,3,1
441460,441461,441464,3,1
441460,441461,441463,2,1
441460,441461,441464,3,1
441460,441461,441464,3,1
441460,441461,441464,3,1
441460,441461,441464,3,1
441460,441461,441464,3,1
441460,441461,441464,3,1
441460,441461,441464,3,1
441460,441461,441464,3,1
441460,441461,441464,3,1
441460,441463,441464,1,3
441460,441463,441464,1,3
441460,441461,441464,3,1
441460,441463,441464,1,3
441460,441461,441465,4,1
441460,441461,441464,3,1
441460,441463,441464,1,3
441460,441461,441464,3,1
441460,441461,441464,3,1
441460,441461,441464,3,1
441460,441463,441464,1,3
441460,441463,441464,1,3
441124,441126,441466,340,2
441449,441449,441453,4,0
441449,441449,441453,4,0
441449,441449,441452,3,0
441460,441468,441469,1,8
441469,441469,441470,1,0
441469,441469,441470,1,0
441469,441469,441470,1,0
441160,441162,441470,308,2
441469,441469,441470,1,0
441059,441061,441470,409,2
441469,441469,441471,2,0
441469,441469,441471,2,0
441469,441469,441470,1,0
441469,441469,441470,1,0
441469,441469,441470,1,0
441469,441469,441471,2,0
441469,441469,441470,1,0
441469,441469,441470,1,0
441469,441469,441470,1,0
441469,441469,441470,1,0
441469,441469,441470,1,0
441469,441469,441470,1,0
441469,441469,441471,2,0
441469,441469,441471,2,0
441460,441468,441471,3,8
441469,441470,441471,1,1
441469,441469,441472,3,0
441469,441469,441472,3,0
441469,441469,441471,2,0
441469,441469,441472,3,0
441469,441471,441472,1,2
441469,441469,441472,3,0
441469,441469,441471,2,0
441469,441469,441471,2,0
441469,441469,441472,3,0
441469,441469,441472,3,0
441469,441469,441471,2,0
441469,441469,441471,2,0
441469,441471,441472,1,2
441469,441469,441472,3,0
441469,441469,441472,3,0
441469,441469,441472,3,0
441469,441469,441471,2,0
441469,441469,441471,2,0
441469,441469,441472,3,0
441469,441469,441472,3,0
441469,441469,441471,2,0
441469,441469,441471,2,0
441469,441469,441470,1,0
441449,441449,441451,2,0
441449,441449,441452,3,0
441449,441449,441452,3,0
441469,441469,441473,4,0
441469,441469,441472,3,0
441469,441469,441472,3,0
441469,441469,441472,3,0
441469,441469,441472,3,0
441469,441469,441472,3,0
441469,441471,441472,1,2
441469,441471,441472,1,2
441469,441471,441472,1,2
441469,441471,441472,1,2
441469,441469,441472,3,0
441469,441471,441472,1,2
441469,441471,441472,1,2
441469,441469,441473,4,0
441469,441469,441472,3,0
441469,441469,441472,3,0
441469,441469,441472,3,0
441460,441472,441474,2,12
441460,441473,441474,1,13
441460,441473,441474,1,13
441094,441094,441474,380,0
441469,441469,441473,4,0
441473,441473,441475,2,0
441473,441473,441474,1,0
441473,441473,441475,2,0
441473,441473,441474,1,0
441473,441473,441474,1,0
441473,441473,441475,2,0
441473,441474,441475,1,1
441473,441474,441475,1,1
441473,441473,441475,2,0
441473,441473,441475,2,0
441473,441473,441475,2,0
441473,441473,441474,1,0
441473,441473,441475,2,0
441473,441473,441475,2,0
441473,441473,441475,2,0
441473,441473,441475,2,0
441473,441473,441475,2,0
441473,441473,441475,2,0
441473,441473,441474,1,0
441473,441473,441475,2,0
441473,441473,441475,2,0
441473,441473,441475,2,0
441473,441473,441475,2,0
441473,441473,441474,1,0
441473,441473,441474,1,0
441473,441474,441475,1,1
441473,441473,441475,2,0
441473,441473,441476,3,0
441473,441473,441476,3,0
441473,441473,441476,3,0
441473,441473,441476,3,0
441473,441475,441476,1,2
441473,441473,441475,2,0
441473,441473,441476,3,0
441473,441474,441475,1,1
441473,441474,441475,1,1
441473,441473,441476,3,0
441473,441473,441476,3,0
441473,441473,441476,3,0
441473,441473,441476,3,0
441473,441473,441476,3,0
441473,441473,441475,2,0
441473,441473,441476,3,0
441473,441473,441476,3,0
441473,441473,441475,2,0
441473,441473,441476,3,0
441473,441473,441476,3,0
441473,441473,441475,2,0
441473,441473,441476,3,0
441473,441475,441477,2,2
441473,441475,441477,2,2
441473,441473,441477,4,0
441473,441473,441477,4,0
441473,441473,441476,3,0
441473,441475,441477,2,2
441473,441475,441477,2,2
441473,441473,441477,4,0
441473,441473,441476,3,0
441473,441475,441476,1,2
441473,441475,441477,2,2
441473,441475,441477,2,2
441473,441475,441477,2,2
441473,441475,441477,2,2
441473,441475,441477,2,2
441473,441475,441477,2,2
441473,441475,441477,2,2
441473,441475,441477,2,2
441473,441473,441476,3,0
441473,441473,441476,3,0
441473,441473,441476,3,0
441473,441473,441476,3,0
441473,441475,441477,2,2
441473,441475,441477,2,2
441473,441473,441476,3,0
441473,441475,441477,2,2
441473,441474,441475,1,1
441473,441474,441477,3,1
441473,441475,441478,3,2
441473,441476,441478,2,3
441473,441475,441478,3,2
441473,441475,441478,3,2
441473,441477,441478,1,4
441473,441476,441478,2,3
441473,441476,441478,2,3
441473,441476,441478,2,3
441473,441477,441478,1,4
441473,441476,441479,3,3
441473,441476,441479,3,3
441473,441475,441478,3,2
441473,441475,441479,4,2
441473,441476,441478,2,3
441473,441475,441479,4,2
441473,441475,441478,3,2
441473,441475,441479,4,2
441473,441476,441479,3,3
441473,441476,441479,3,3
441473,441475,441478,3,2
441473,441476,441479,3,3
441473,441476,441478,2,3
441473,441475,441478,3,2
441473,441476,441479,3,3
441473,441476,441479,3,3
441473,441476,441479,3,3
441473,441477,441479,2,4
441473,441475,441479,4,2
441473,441476,441479,3,3
441473,441476,441478,2,3
441473,441476,441479,3,3
441473,441477,441479,2,4
441473,441477,441479,2,4
441473,441477,441479,2,4
441473,441477,441479,2,4
441473,441477,441479,2,4
441473,441476,441479,3,3
441473,441476,441479,3,3
441473,441477,441479,2,4
441473,441477,441479,2,4
441473,441477,441479,2,4
441473,441477,441479,2,4
441473,441476,441480,4,3
441473,441476,441480,4,3
441473,441476,441480,4,3
441158,441162,441495,333,4
441469,441469,441495,26,0
441473,441474,441495,21,1
441498,441498,441499,1,0
441498,441498,441500,2,0
441498,441498,441499,1,0
441498,441498,441500,2,0
441498,441498,441500,2,0
441498,441498,441500,2,0
441498,441498,441500,2,0
441498,441498,441500,2,0
441498,441498,441500,2,0
441498,441498,441499,1,0
441498,441498,441500,2,0
441498,441498,441500,2,0
441498,441498,441500,2,0
441498,441498,441500,2,0
441498,441498,441500,2,0
441498,441498,441500,2,0
441498,441499,441500,1,1
441498,441499,441500,1,1
441498,441499,441500,1,1
441498,441498,441500,2,0
441498,441498,441500,2,0
441498,441498,441500,2,0
441498,441498,441500,2,0
441498,441498,441500,2,0
441498,441498,441500,2,0
441498,441498,441500,2,0
441498,441498,441500,2,0
441498,441498,441500,2,0
441498,441498,441500,2,0
441498,441498,441500,2,0
441498,441498,441500,2,0
441498,441498,441500,2,0
441498,441498,441501,3,0
441498,441498,441501,3,0
441498,441498,441501,3,0
441498,441498,441501,3,0
441498,441500,441501,1,2
441498,441498,441501,3,0
441498,441499,441501,2,1
441498,441499,441501,2,1
441498,441498,441502,4,0
441498,441498,441501,3,0
441498,441498,441501,3,0
441498,441498,441501,3,0
441498,441498,441501,3,0
441498,441498,441501,3,0
441498,441498,441501,3,0
441498,441498,441501,3,0
441498,441498,441501,3,0
441498,441499,441501,2,1
441498,441498,441501,3,0
441498,441498,441502,4,0
441498,441500,441502,2,2
441498,441498,441502,4,0
441498,441498,441502,4,0
441498,441501,441502,1,3
441498,441501,441502,1,3
441498,441501,441502,1,3
441498,441500,441502,2,2
441498,441500,441502,2,2
441498,441499,441502,3,1
441498,441499,441502,3,1
441498,441501,441502,1,3
441498,441501,441502,1,3
441498,441498,441502,4,0
441498,441501,441502,1,3
441498,441501,441502,1,3
441498,441501,441502,1,3
441498,441501,441502,1,3
441498,441498,441502,4,0
441498,441501,441502,1,3
441498,441501,441503,2,3
441498,441501,441504,3,3
441498,441501,441504,3,3
441498,441502,441504,2,4
441498,441501,441503,2,3
441498,441502,441503,1,4
441498,441502,441503,1,4
441498,441501,441504,3,3
441498,441501,441504,3,3
441498,441502,441504,2,4
441498,441502,441504,2,4
441498,441502,441503,1,4
441498,441503,441504,1,5
441498,441503,441504,1,5
441498,441503,441504,1,5
441498,441501,441504,3,3
441498,441503,441504,1,5
441498,441503,441504,1,5
441498,441501,441504,3,3
441498,441501,441504,3,3
441498,441503,441504,1,5
441498,441503,441504,1,5
441498,441503,441504,1,5
441498,441501,441504,3,3
441498,441501,441504,3,3
441498,441502,441504,2,4
441498,441502,441504,2,4
441498,441502,441504,2,4
441498,441501,441504,3,3
441498,441502,441504,2,4
441498,441502,441504,2,4
441498,441501,441504,3,3
441498,441501,441504,3,3
441498,441501,441504,3,3
441498,441502,441504,2,4
441498,441502,441504,2,4
441498,441503,441504,1,5
441498,441501,441504,3,3
441498,441502,441504,2,4
441498,441502,441504,2,4
441498,441502,441504,2,4
441498,441503,441504,1,5
441498,441510,441511,1,12
441498,441510,441511,1,12
441498,441510,441512,2,12
441498,441510,441513,3,12
441156,441160,441516,356,4
441516,441516,441518,2,0
441516,441517,441518,1,1
441516,441516,441518,2,0
441516,441516,441518,2,0
441516,441517,441518,1,1
441516,441516,441518,2,0
441516,441517,441518,1,1
441516,441516,441518,2,0
441516,441516,441518,2,0
441516,441517,441518,1,1
441516,441517,441518,1,1
441516,441517,441518,1,1
441516,441517,441518,1,1
441516,441516,441518,2,0
441516,441516,441518,2,0
441516,441516,441518,2,0
441516,441516,441518,2,0
441516,441517,441518,1,1
441516,441516,441518,2,0
441516,441516,441518,2,0
441516,441517,441518,1,1
441516,441517,441518,1,1
441516,441517,441519,2,1
441516,441517,441519,2,1
441516,441517,441519,2,1
441516,441517,441519,2,1
441516,441516,441519,3,0
441516,441517,441520,3,1
441516,441519,441520,1,3
441516,441519,441520,1,3
441516,441516,441519,3,0
441516,441516,441519,3,0
441516,441517,441519,2,1
441516,441517,441519,2,1
441516,441517,441520,3,1
441516,441517,441519,2,1
441516,441517,441519,2,1
441516,441519,441520,1,3
441516,441517,441520,3,1
441516,441517,441520,3,1
441516,441517,441520,3,1
441516,441516,441520,4,0
441516,441517,441520,3,1
441516,441516,441520,4,0
441516,441516,441520,4,0
441516,441519,441520,1,3
441516,441519,441520,1,3
441516,441517,441521,4,1
441516,441517,441520,3,1
441516,441517,441520,3,1
441516,441517,441520,3,1
441516,441516,441520,4,0
441516,441517,441520,3,1
441516,441517,441520,3,1
441516,441517,441520,3,1
441516,441517,441520,3,1
441189,441192,441521,329,3
441498,441498,441501,3,0
441498,441498,441501,3,0
441498,441498,441501,3,0
441523,441523,441525,2,0
441523,441523,441525,2,0
441523,441523,441525,2,0
441523,441523,441525,2,0
441523,441523,441524,1,0
441523,441523,441525,2,0
441523,441523,441525,2,0
441523,441523,441525,2,0
441523,441523,441525,2,0
441523,441523,441524,1,0
441523,441523,441524,1,0
441523,441523,441525,2,0
441498,441523,441525,2,25
441523,441523,441525,2,0
441523,441523,441525,2,0
441523,441523,441525,2,0
441523,441523,441526,3,0
441523,441523,441526,3,0
441523,441523,441526,3,0
441523,441523,441525,2,0
441523,441523,441526,3,0
441523,441523,441526,3,0
441523,441523,441525,2,0
441523,441523,441525,2,0
441523,441523,441525,2,0
441523,441523,441526,3,0
441523,441523,441526,3,0
441523,441523,441526,3,0
441523,441523,441526,3,0
441523,441523,441525,2,0
441523,441523,441525,2,0
441523,441525,441526,1,2
441523,441523,441525,2,0
441523,441523,441525,2,0
441498,441523,441526,3,25
441498,441523,441526,3,25
441523,441523,441526,3,0
441523,441523,441527,4,0
441523,441523,441526,3,0
441523,441523,441526,3,0
441523,441523,441527,4,0
441523,441523,441527,4,0
441523,441523,441526,3,0
441523,441523,441526,3,0
441523,441523,441527,4,0
441523,441523,441526,3,0
441523,441523,441526,3,0
441523,441523,441526,3,0
441523,441523,441527,4,0
441523,441525,441526,1,2
441523,441525,441526,1,2
441523,441523,441527,4,0
441523,441523,441527,4,0
441523,441523,441527,4,0
441523,441523,441526,3,0
441523,441525,441526,1,2
441523,441525,441526,1,2
441523,441523,441526,3,0
441523,441525,441526,1,2
441523,441525,441526,1,2
441523,441525,441526,1,2
441523,441523,441527,4,0
441516,441516,441520,4,0
441516,441517,441520,3,1
441516,441517,441519,2,1
441516,441517,441519,2,1
441516,441517,441519,2,1
441523,441543,441544,1,20
441523,441543,441544,1,20
441226,441226,441579,353,0
441580,441580,441582,2,0
441580,441580,441582,2,0
441580,441580,441582,2,0
441580,441580,441582,2,0
441580,441580,441582,2,0
441580,441580,441582,2,0
441580,441580,441582,2,0
441580,441580,441582,2,0
441580,441580,441582,2,0
441580,441580,441582,2,0
441580,441580,441582,2,0
441580,441580,441582,2,0
441580,441580,441582,2,0
441580,441580,441582,2,0
441580,441580,441582,2,0
441580,441580,441582,2,0
441580,441580,441582,2,0
441580,441580,441582,2,0
441580,441581,441583,2,1
441580,441581,441583,2,1
441580,441581,441583,2,1
441580,441580,441583,3,0
441580,441580,441583,3,0
441580,441580,441583,3,0
441580,441580,441583,3,0
441580,441580,441583,3,0
441580,441580,441583,3,0
441580,441580,441582,2,0
441580,441580,441583,3,0
441580,441580,441583,3,0
441580,441580,441582,2,0
441580,441580,441583,3,0
441580,441580,441583,3,0
441580,441580,441583,3,0
441580,441580,441583,3,0
441580,441580,441583,3,0
441580,441580,441583,3,0
441580,441580,441583,3,0
441580,441580,441583,3,0
441580,441580,441583,3,0
441580,441580,441583,3,0
441580,441582,441583,1,2
441580,441582,441583,1,2
441580,441581,441584,3,1
441580,441580,441583,3,0
441580,441580,441584,4,0
441580,441580,441584,4,0
441580,441580,441584,4,0
441580,441580,441584,4,0
441580,441580,441583,3,0
441580,441580,441584,4,0
441580,441580,441584,4,0
441580,441580,441584,4,0
441580,441580,441584,4,0
441580,441580,441584,4,0
441580,441580,441584,4,0
441580,441582,441585,3,2
441580,441582,441585,3,2
441580,441582,441584,2,2
441580,441581,441584,3,1
441580,441580,441586,6,0
441215,441216,441597,381,1
441602,441602,441604,2,0
441602,441602,441604,2,0
441602,441602,441604,2,0
441602,441602,441604,2,0
441602,441602,441604,2,0
441602,441602,441604,2,0
441602,441602,441604,2,0
441602,441602,441604,2,0
441602,441602,441604,2,0
441602,441602,441604,2,0
441602,441602,441604,2,0
441602,441602,441604,2,0
441602,441602,441604,2,0
441602,441602,441604,2,0
441602,441602,441604,2,0
441602,441602,441604,2,0
441602,441602,441604,2,0
441602,441602,441604,2,0
441602,441602,441604,2,0
441602,441602,441604,2,0
441602,441602,441604,2,0
441602,441602,441604,2,0
441602,441602,441604,2,0
441602,441602,441605,3,0
441602,441602,441604,2,0
441602,441602,441605,3,0
441602,441602,441605,3,0
441602,441602,441604,2,0
441602,441602,441605,3,0
441602,441602,441605,3,0
441602,441602,441605,3,0
441602,441602,441605,3,0
441602,441602,441605,3,0
441602,441602,441605,3,0
441602,441602,441604,2,0
441602,441602,441605,3,0
441602,441602,441604,2,0
441602,441602,441604,2,0
441602,441602,441605,3,0
441602,441602,441605,3,0
441602,441602,441604,2,0
441602,441602,441605,3,0
441602,441602,441604,2,0
441602,441602,441605,3,0
441602,441602,441605,3,0
441602,441602,441605,3,0
441602,441602,441605,3,0
441602,441602,441606,4,0
441602,441602,441606,4,0
441602,441602,441605,3,0
441602,441602,441606,4,0
441602,441602,441605,3,0
441602,441602,441606,4,0
441602,441602,441605,3,0
441602,441602,441605,3,0
441602,441602,441606,4,0
441602,441602,441605,3,0
441602,441602,441606,4,0
441602,441602,441605,3,0
441602,441602,441606,4,0
441602,441602,441606,4,0
441240,441244,441620,376,4
441621,441621,441623,2,0
441621,441621,441623,2,0
441621,441621,441623,2,0
441621,441621,441623,2,0
441621,441621,441622,1,0
441621,441621,441623,2,0
441621,441621,441623,2,0
441621,441621,441622,1,0
441621,441621,441623,2,0
441621,441621,441623,2,0
441621,441621,441622,1,0
441621,441621,441622,1,0
441621,441621,441623,2,0
441621,441621,441622,1,0
441621,441621,441622,1,0
441621,441621,441622,1,0
441621,441621,441622,1,0
441621,441621,441623,2,0
441621,441621,441623,2,0
441621,441621,441623,2,0
441621,441621,441623,2,0
441621,441621,441623,2,0
441621,441621,441623,2,0
441621,441621,441623,2,0
441621,441621,441624,3,0
441621,441621,441624,3,0
441621,441621,441623,2,0
441621,441621,441624,3,0
441621,441621,441624,3,0
441621,441621,441623,2,0
441621,441621,441624,3,0
441621,441621,441623,2,0
441621,441621,441624,3,0
441621,441621,441623,2,0
441621,441621,441623,2,0
441621,441621,441624,3,0
441621,441621,441623,2,0
441621,441621,441624,3,0
441621,441621,441624,3,0
441621,441621,441624,3,0
441621,441621,441624,3,0
441621,441621,441623,2,0
441621,441621,441624,3,0
441621,441621,441624,3,0
441621,441621,441625,4,0
441621,441621,441625,4,0
441621,441621,441625,4,0
441621,441621,441625,4,0
441621,441621,441624,3,0
441621,441621,441624,3,0
441621,441621,441625,4,0
441621,441621,441624,3,0
441621,441621,441625,4,0
441621,441621,441625,4,0
441621,441621,441625,4,0
441621,441621,441626,5,0
441621,441621,441626,5,0
441621,441621,441625,4,0
441262,441263,441627,364,1
441628,441629,441630,1,1
441628,441629,441630,1,1
441628,441629,441630,1,1
441628,441629,441631,2,1
441628,441629,441630,1,1
441628,441629,441630,1,1
441628,441629,441630,1,1
441628,441629,441630,1,1
441628,441629,441630,1,1
441628,441629,441631,2,1
441628,441629,441630,1,1
441628,441629,441631,2,1
441628,441629,441630,1,1
441628,441629,441630,1,1
441628,441629,441630,1,1
441628,441629,441631,2,1
441628,441629,441630,1,1
441628,441629,441631,2,1
441628,441629,441631,2,1
441628,441629,441632,3,1
441628,441629,441631,2,1
441628,441629,441631,2,1
441628,441631,441632,1,3
441628,441629,441631,2,1
441628,441629,441631,2,1
441628,441629,441631,2,1
441628,441629,441632,3,1
441628,441629,441631,2,1
441628,441629,441632,3,1
441628,441629,441631,2,1
441628,441629,441631,2,1
441628,441629,441632,3,1
441628,441629,441631,2,1
441628,441629,441631,2,1
441628,441629,441631,2,1
441628,441629,441631,2,1
441628,441629,441632,3,1
441628,441629,441631,2,1
441628,441631,441632,1,3
441628,441629,441632,3,1
441628,441629,441631,2,1
441628,441629,441632,3,1
441628,441629,441633,4,1
441628,441631,441632,1,3
441628,441629,441632,3,1
441628,441629,441632,3,1
441628,441629,441632,3,1
441628,441629,441632,3,1
441628,441629,441633,4,1
441628,441629,441632,3,1
441628,441629,441632,3,1
441628,441629,441633,4,1
441628,441629,441632,3,1
441628,441629,441632,3,1
441628,441629,441632,3,1
441628,441629,441632,3,1
441628,441629,441632,3,1
441628,441629,441633,4,1
441621,441621,441624,3,0
441621,441621,441625,4,0
441621,441621,441623,2,0
441628,441635,441636,1,7
441628,441635,441637,2,7
441628,441635,441638,3,7
441301,441302,441653,351,1
441316,441317,441657,340,1
441662,441662,441663,1,0
441662,441662,441664,2,0
441662,441662,441664,2,0
441662,441662,441664,2,0
441662,441662,441664,2,0
441662,441662,441664,2,0
441662,441662,441664,2,0
441662,441662,441664,2,0
441662,441662,441664,2,0
441662,441662,441664,2,0
441662,441662,441664,2,0
441662,441662,441664,2,0
441662,441662,441664,2,0
441662,441662,441664,2,0
441662,441662,441664,2,0
441662,441662,441664,2,0
441662,441662,441664,2,0
441662,441662,441664,2,0
441662,441662,441664,2,0
441662,441662,441664,2,0
441662,441662,441664,2,0
441662,441662,441664,2,0
441662,441662,441664,2,0
441662,441662,441664,2,0
441662,441662,441664,2,0
441662,441662,441664,2,0
441662,441663,441664,1,1
441662,441663,441664,1,1
441662,441662,441665,3,0
441662,441662,441665,3,0
441662,441662,441664,2,0
441662,441662,441665,3,0
441662,441662,441665,3,0
441662,441662,441665,3,0
441662,441662,441666,4,0
441662,441662,441665,3,0
441662,441662,441665,3,0
441662,441662,441665,3,0
441662,441662,441665,3,0
441662,441662,441665,3,0
441662,441662,441665,3,0
441662,441662,441665,3,0
441662,441662,441665,3,0
441662,441662,441665,3,0
441662,441662,441666,4,0
441662,441662,441666,4,0
441662,441662,441666,4,0
441662,441662,441666,4,0
441662,441662,441666,4,0
441662,441662,441666,4,0
441664,441664,441666,2,0
441664,441665,441666,1,1
441664,441665,441666,1,1
441662,441662,441666,4,0
441662,441662,441666,4,0
441662,441662,441666,4,0
441662,441662,441666,4,0
441664,441665,441666,1,1
441664,441665,441666,1,1
441662,441662,441666,4,0
441662,441662,441666,4,0
441662,441662,441666,4,0
441664,441665,441666,1,1
441664,441665,441666,1,1
441664,441665,441666,1,1
441662,441662,441666,4,0
441664,441665,441666,1,1
441664,441665,441666,1,1
441664,441665,441666,1,1
441664,441665,441666,1,1
441662,441662,441666,4,0
441664,441665,441666,1,1
441664,441665,441666,1,1
441664,441665,441666,1,1
441662,441662,441666,4,0
441662,441662,441666,4,0
441664,441665,441666,1,1
441664,441665,441666,1,1
441664,441665,441667,2,1
441662,441663,441666,3,1
441664,441665,441668,3,1
441664,441665,441668,3,1
441664,441667,441668,1,3
441664,441665,441668,3,1
441664,441667,441668,1,3
441664,441667,441668,1,3
441664,441667,441668,1,3
441664,441667,441668,1,3
441664,441667,441668,1,3
441664,441665,441667,2,1
441664,441665,441668,3,1
441664,441666,441668,2,2
441664,441667,441668,1,3
441664,441667,441668,1,3
441664,441667,441669,2,3
441664,441667,441668,1,3
441664,441667,441668,1,3
441664,441667,441668,1,3
441664,441667,441668,1,3
441664,441667,441668,1,3
441664,441667,441668,1,3
441664,441665,441668,3,1
441664,441666,441668,2,2
441664,441665,441668,3,1
441664,441666,441669,3,2
441664,441666,441668,2,2
441664,441666,441668,2,2
441664,441666,441668,2,2
441664,441666,441668,2,2
441664,441667,441668,1,3
441664,441666,441668,2,2
441664,441666,441668,2,2
441664,441666,441668,2,2
441664,441666,441669,3,2
441664,441666,441669,3,2
441664,441666,441668,2,2
441664,441665,441669,4,1
441664,441665,441669,4,1
441664,441665,441669,4,1
441664,441665,441669,4,1
441664,441665,441669,4,1
441664,441667,441669,2,3
441664,441667,441669,2,3
441348,441349,441733,384,1
441735,441736,441737,1,1
441735,441736,441738,2,1
441735,441736,441738,2,1
441735,441736,441738,2,1
441735,441736,441738,2,1
441735,441736,441737,1,1
441735,441736,441738,2,1
441735,441736,441738,2,1
441735,441736,441738,2,1
441735,441736,441738,2,1
441735,441736,441738,2,1
441735,441736,441737,1,1
441735,441736,441738,2,1
441735,441736,441737,1,1
441735,441736,441737,1,1
441735,441736,441737,1,1
441735,441736,441738,2,1
441735,441736,441737,1,1
441735,441736,441737,1,1
441735,441736,441738,2,1
441735,441736,441737,1,1
441735,441736,441737,1,1
441735,441736,441738,2,1
441735,441736,441738,2,1
441735,441736,441737,1,1
441735,441736,441738,2,1
441735,441736,441738,2,1
441735,441736,441738,2,1
441735,441736,441738,2,1
441735,441736,441738,2,1
441735,441736,441739,3,1
441735,441736,441738,2,1
441735,441736,441738,2,1
441735,441736,441739,3,1
441735,441736,441739,3,1
441735,441736,441738,2,1
441735,441736,441739,3,1
441735,441736,441739,3,1
441735,441736,441739,3,1
441735,441736,441738,2,1
441735,441736,441738,2,1
441735,441736,441738,2,1
441735,441736,441738,2,1
441735,441736,441739,3,1
441735,441736,441739,3,1
441735,441736,441738,2,1
441735,441736,441739,3,1
441735,441736,441739,3,1
441735,441736,441740,4,1
441735,441736,441740,4,1
441735,441736,441739,3,1
441735,441736,441740,4,1
441735,441736,441739,3,1
441735,441736,441739,3,1
441735,441736,441739,3,1
441735,441736,441740,4,1
441735,441736,441739,3,1
441735,441736,441739,3,1
441735,441736,441739,3,1
441735,441736,441740,4,1
441735,441736,441740,4,1
441372,441373,441767,394,1
441410,441410,441768,358,0
441768,441768,441770,2,0
441768,441768,441770,2,0
441768,441768,441770,2,0
441768,441768,441770,2,0
441768,441768,441770,2,0
441768,441768,441770,2,0
441768,441768,441770,2,0
441768,441768,441770,2,0
441768,441768,441770,2,0
441768,441768,441770,2,0
441768,441768,441770,2,0
441768,441768,441770,2,0
441768,441768,441770,2,0
441768,441768,441770,2,0
441768,441768,441770,2,0
441768,441768,441770,2,0
441768,441768,441770,2,0
441768,441768,441770,2,0
441768,441768,441770,2,0
441768,441768,441770,2,0
441768,441768,441770,2,0
441768,441768,441770,2,0
441768,441768,441770,2,0
441768,441768,441770,2,0
441768,441768,441770,2,0
441768,441768,441770,2,0
441768,441768,441770,2,0
441768,441768,441770,2,0
441768,441768,441771,3,0
441768,441769,441771,2,1
441768,441768,441771,3,0
441768,441768,441771,3,0
441768,441768,441770,2,0
441768,441768,441771,3,0
441768,441768,441771,3,0
441768,441768,441771,3,0
441768,441768,441770,2,0
441768,441768,441771,3,0
441768,441768,441771,3,0
441768,441768,441770,2,0
441768,441768,441771,3,0
441768,441768,441771,3,0
441768,441768,441771,3,0
441768,441768,441770,2,0
441768,441768,441771,3,0
441768,441768,441771,3,0
441768,441768,441771,3,0
441768,441768,441771,3,0
441768,441768,441771,3,0
441768,441768,441771,3,0
441768,441768,441772,4,0
441768,441768,441771,3,0
441768,441769,441772,3,1
441768,441769,441772,3,1
441768,441769,441771,2,1
441768,441768,441772,4,0
441770,441770,441772,2,0
441768,441768,441772,4,0
441770,441770,441772,2,0
441770,441770,441772,2,0
441768,441768,441772,4,0
441770,441770,441772,2,0
441770,441770,441772,2,0
441770,441770,441772,2,0
441770,441770,441772,2,0
441770,441770,441772,2,0
441770,441770,441772,2,0
441770,441770,441772,2,0
441770,441770,441772,2,0
441768,441768,441772,4,0
441770,441770,441772,2,0
441770,441770,441772,2,0
441770,441770,441772,2,0
441770,441770,441772,2,0
441770,441770,441772,2,0
441768,441768,441772,4,0
441770,441770,441772,2,0
441770,441770,441772,2,0
441770,441770,441772,2,0
441770,441770,441772,2,0
441770,441770,441773,3,0
441770,441770,441772,2,0
441770,441770,441772,2,0
441770,441770,441773,3,0
441412,441413,441773,360,1
441770,441772,441774,2,2
441770,441773,441774,1,3
441770,441770,441773,3,0
441770,441772,441774,2,2
441770,441772,441773,1,2
441770,441772,441773,1,2
441770,441770,441773,3,0
441770,441772,441773,1,2
441770,441772,441773,1,2
441770,441770,441773,3,0
441770,441773,441774,1,3
441770,441773,441774,1,3
441770,441773,441774,1,3
441770,441773,441774,1,3
441770,441772,441774,2,2
441770,441772,441773,1,2
441770,441772,441774,2,2
441770,441772,441774,2,2
441768,441769,441774,5,1
441770,441773,441774,1,3
441770,441773,441774,1,3
441770,441772,441774,2,2
441770,441772,441774,2,2
441770,441772,441774,2,2
441770,441770,441774,4,0
441770,441772,441774,2,2
441770,441772,441774,2,2
441770,441772,441774,2,2
441770,441771,441775,4,1
441770,441772,441775,3,2
441770,441772,441775,3,2
441770,441773,441774,1,3
441770,441771,441775,4,1
441770,441772,441775,3,2
441770,441772,441775,3,2
441770,441772,441775,3,2
441774,441774,441776,2,0
441774,441775,441776,1,1
441774,441775,441776,1,1
441774,441774,441776,2,0
441774,441774,441776,2,0
441774,441775,441776,1,1
441774,441775,441776,1,1
441774,441775,441776,1,1
441774,441774,441776,2,0
441774,441775,441776,1,1
441774,441775,441776,1,1
441774,441775,441776,1,1
441774,441774,441776,2,0
441774,441775,441777,2,1
441774,441775,441776,1,1
441774,441774,441776,2,0
441774,441775,441776,1,1
441774,441775,441776,1,1
441774,441775,441777,2,1
441774,441774,441776,2,0
441774,441775,441776,1,1
441774,441775,441777,2,1
441774,441776,441777,1,2
441774,441775,441777,2,1
441774,441775,441777,2,1
441774,441776,441777,1,2
441774,441776,441777,1,2
441774,441776,441777,1,2
441774,441774,441776,2,0
441774,441775,441776,1,1
441774,441775,441776,1,1
441774,441775,441776,1,1
441774,441775,441777,2,1
441774,441775,441777,2,1
441774,441775,441778,3,1
441774,441775,441778,3,1
441774,441776,441777,1,2
441774,441776,441777,1,2
441774,441776,441777,1,2
441774,441776,441777,1,2
441774,441775,441777,2,1
441774,441775,441777,2,1
441774,441775,441777,2,1
441774,441775,441778,3,1
441774,441775,441778,3,1
441774,441775,441778,3,1
441774,441775,441778,3,1
441774,441775,441778,3,1
441774,441775,441778,3,1
441774,441775,441777,2,1
441774,441775,441777,2,1
441774,441776,441777,1,2
441774,441775,441778,3,1
441774,441775,441778,3,1
441774,441775,441778,3,1
441774,441775,441778,3,1
441774,441775,441778,3,1
441770,441772,441775,3,2
441770,441773,441774,1,3
441414,441416,441797,381,2
441774,441794,441796,2,20
441774,441794,441796,2,20
441774,441794,441796,2,20
441450,441451,441797,346,1
441462,441463,441807,344,1
441806,441807,441808,1,1
441806,441807,441809,2,1
441806,441807,441808,1,1
441806,441807,441808,1,1
441806,441807,441808,1,1
441806,441807,441808,1,1
441806,441807,441808,1,1
441806,441807,441808,1,1
441806,441807,441808,1,1
441806,441807,441808,1,1
441806,441807,441808,1,1
441806,441807,441808,1,1
441806,441807,441808,1,1
441806,441807,441808,1,1
441806,441807,441808,1,1
441806,441807,441808,1,1
441806,441807,441808,1,1
441806,441807,441809,2,1
441806,441807,441808,1,1
441806,441807,441808,1,1
441806,441807,441808,1,1
441806,441807,441808,1,1
441806,441807,441808,1,1
441806,441807,441808,1,1
441806,441807,441808,1,1
441806,441807,441808,1,1
441806,441807,441808,1,1
441806,441807,441808,1,1
441806,441807,441808,1,1
441806,441807,441809,2,1
441806,441807,441809,2,1
441806,441807,441810,3,1
441806,441807,441809,2,1
441806,441807,441809,2,1
441806,441807,441809,2,1
441806,441807,441809,2,1
441806,441807,441809,2,1
441806,441807,441809,2,1
441806,441807,441809,2,1
441806,441807,441809,2,1
441806,441807,441809,2,1
441806,441807,441810,3,1
441806,441807,441809,2,1
441806,441807,441809,2,1
441806,441807,441810,3,1
441806,441807,441809,2,1
441806,441807,441810,3,1
441806,441807,441809,2,1
441806,441807,441810,3,1
441806,441807,441809,2,1
441806,441807,441809,2,1
441806,441807,441810,3,1
441806,441807,441810,3,1
441806,441807,441810,3,1
441806,441807,441810,3,1
441806,441807,441810,3,1
441806,441807,441810,3,1
441806,441807,441810,3,1
441806,441807,441810,3,1
441806,441807,441810,3,1
441813,441814,441815,1,1
441813,441814,441815,1,1
441813,441814,441815,1,1
441813,441814,441815,1,1
441813,441814,441816,2,1
441813,441814,441815,1,1
441813,441814,441815,1,1
441813,441814,441815,1,1
441813,441814,441815,1,1
441813,441814,441816,2,1
441813,441814,441815,1,1
441813,441814,441815,1,1
441813,441814,441815,1,1
441813,441814,441815,1,1
441813,441814,441815,1,1
441813,441814,441815,1,1
441813,441814,441815,1,1
441813,441814,441816,2,1
441813,441814,441816,2,1
441813,441814,441815,1,1
441813,441814,441815,1,1
441813,441814,441815,1,1
441813,441814,441816,2,1
441813,441814,441815,1,1
441470,441471,441816,345,1
441813,441814,441816,2,1
441813,441814,441816,2,1
441813,441814,441816,2,1
441813,441814,441817,3,1
441813,441814,441817,3,1
441813,441814,441816,2,1
441813,441816,441817,1,3
441813,441814,441816,2,1
441813,441814,441817,3,1
441813,441814,441816,2,1
441813,441814,441816,2,1
441813,441814,441817,3,1
441813,441814,441816,2,1
441813,441814,441816,2,1
441813,441814,441817,3,1
441813,441814,441817,3,1
441813,441814,441816,2,1
441813,441814,441817,3,1
441813,441814,441817,3,1
441813,441814,441816,2,1
441806,441807,441816,9,1
441813,441816,441817,1,3
441813,441816,441817,1,3
441813,441814,441818,4,1
441813,441814,441818,4,1
441813,441814,441818,4,1
441816,441816,441818,2,0
441813,441814,441817,3,1
441813,441814,441817,3,1
441816,441816,441817,1,0
441816,441816,441817,1,0
441816,441816,441817,1,0
441816,441816,441817,1,0
441816,441816,441818,2,0
441813,441814,441817,3,1
441813,441814,441817,3,1
441816,441816,441817,1,0
441816,441816,441817,1,0
441816,441816,441818,2,0
441816,441816,441817,1,0
441816,441816,441817,1,0
441816,441816,441818,2,0
441816,441816,441818,2,0
441813,441814,441817,3,1
441816,441816,441817,1,0
441816,441816,441817,1,0
441816,441816,441817,1,0
441816,441816,441817,1,0
441816,441816,441817,1,0
441816,441816,441817,1,0
441816,441816,441817,1,0
441816,441816,441817,1,0
441816,441816,441817,1,0
441806,441807,441818,11,1
441813,441814,441818,4,1
441816,441818,441819,1,2
441816,441817,441819,2,1
441816,441817,441819,2,1
441816,441817,441819,2,1
441816,441817,441819,2,1
441816,441817,441819,2,1
441816,441817,441820,3,1
441816,441818,441820,2,2
441816,441817,441820,3,1
441816,441817,441820,3,1
441816,441818,441820,2,2
441816,441817,441820,3,1
441816,441817,441820,3,1
441816,441817,441819,2,1
441816,441818,441820,2,2
441818,441818,441820,2,0
441818,441818,441820,2,0
441818,441819,441821,2,1
441816,441818,441820,2,2
441816,441818,441820,2,2
441816,441818,441820,2,2
441816,441817,441820,3,1
441816,441817,441820,3,1
441816,441817,441820,3,1
441816,441817,441820,3,1
441816,441818,441820,2,2
441818,441818,441820,2,0
441816,441817,441820,3,1
441816,441818,441820,2,2
441816,441818,441820,2,2
441816,441818,441820,2,2
441816,441818,441820,2,2
441818,441819,441820,1,1
441818,441819,441820,1,1
441816,441817,441820,3,1
441816,441817,441820,3,1
441816,441817,441820,3,1
441818,441818,441820,2,0
441818,441818,441820,2,0
441818,441818,441820,2,0
441818,441820,441821,1,2
441816,441817,441820,3,1
441818,441818,441820,2,0
441818,441818,441820,2,0
441818,441818,441820,2,0
441818,441818,441820,2,0
441816,441817,441821,4,1
441816,441817,441821,4,1
441816,441817,441821,4,1
441818,441820,441821,1,2
441818,441820,441821,1,2
441818,441820,441821,1,2
441818,441820,441821,1,2
441818,441820,441822,2,2
441818,441820,441821,1,2
441818,441820,441822,2,2
441818,441821,441822,1,3
441818,441821,441823,2,3
441818,441821,441823,2,3
441818,441821,441823,2,3
441818,441821,441822,1,3
441818,441821,441822,1,3
441818,441821,441822,1,3
441818,441821,441822,1,3
441818,441821,441822,1,3
441818,441821,441823,2,3
441818,441821,441822,1,3
441818,441821,441822,1,3
441818,441821,441822,1,3
441818,441821,441823,2,3
441818,441820,441822,2,2
441818,441821,441823,2,3
441818,441821,441824,3,3
441818,441821,441824,3,3
441818,441821,441823,2,3
441818,441821,441824,3,3
441818,441821,441823,2,3
441818,441821,441824,3,3
441818,441821,441823,2,3
441818,441821,441823,2,3
441818,441821,441824,3,3
441818,441821,441823,2,3
441818,441821,441823,2,3
441818,441821,441823,2,3
441818,441821,441824,3,3
441818,441821,441823,2,3
441818,441821,441823,2,3
441818,441821,441824,3,3
441818,441821,441824,3,3
441818,441821,441824,3,3
441818,441821,441824,3,3
441818,441821,441824,3,3
441818,441821,441823,2,3
441818,441821,441824,3,3
441818,441821,441824,3,3
441474,441477,441837,360,3
441813,441837,441838,1,24
441813,441837,441839,2,24
441813,441837,441839,2,24
441813,441837,441839,2,24
441838,441838,441840,2,0
441838,441838,441840,2,0
441838,441839,441840,1,1
441838,441838,441840,2,0
441838,441838,441840,2,0
441838,441839,441840,1,1
441838,441839,441840,1,1
441838,441839,441840,1,1
441838,441838,441840,2,0
441838,441838,441840,2,0
441838,441838,441840,2,0
441838,441838,441840,2,0
441838,441838,441840,2,0
441838,441838,441840,2,0
441838,441839,441840,1,1
441838,441839,441840,1,1
441838,441839,441840,1,1
441838,441838,441840,2,0
441838,441838,441840,2,0
441838,441838,441840,2,0
441838,441839,441841,2,1
441838,441838,441840,2,0
441838,441838,441840,2,0
441838,441838,441840,2,0
441838,441838,441841,3,0
441838,441839,441841,2,1
441838,441839,441841,2,1
441838,441838,441841,3,0
441838,441838,441841,3,0
441838,441838,441841,3,0
441838,441838,441841,3,0
441838,441838,441841,3,0
441838,441839,441841,2,1
441838,441838,441841,3,0
441838,441838,441841,3,0
441838,441839,441841,2,1
441838,441839,441841,2,1
441838,441840,441841,1,2
441838,441838,441842,4,0
441838,441838,441842,4,0
441838,441839,441842,3,1
441838,441838,441842,4,0
441838,441838,441842,4,0
441838,441838,441842,4,0
441838,441838,441842,4,0
441838,441841,441842,1,3
441838,441838,441842,4,0
441838,441839,441842,3,1
441838,441841,441843,2,3
441838,441838,441844,6,0
441838,441838,441843,5,0
441838,441841,441844,3,3
441838,441839,441844,5,1
441838,441839,441844,5,1
441838,441838,441844,6,0
441838,441838,441844,6,0
441524,441525,441849,324,1
441816,441817,441820,3,1
441816,441818,441820,2,2
441816,441818,441820,2,2
441816,441818,441820,2,2
441816,441818,441820,2,2
441818,441818,441820,2,0
441863,441863,441865,2,0
441863,441863,441865,2,0
441863,441863,441865,2,0
441863,441863,441865,2,0
441863,441863,441865,2,0
441863,441863,441864,1,0
441863,441863,441865,2,0
441863,441863,441865,2,0
441863,441863,441865,2,0
441863,441863,441865,2,0
441863,441863,441865,2,0
441863,441863,441865,2,0
441863,441863,441865,2,0
441863,441863,441865,2,0
441863,441863,441864,1,0
441863,441863,441865,2,0
441863,441863,441865,2,0
441863,441863,441865,2,0
441863,441863,441865,2,0
441863,441863,441865,2,0
441863,441863,441865,2,0
441863,441863,441865,2,0
441863,441863,441865,2,0
441863,441864,441866,2,1
441863,441864,441865,1,1
441499,441503,441865,362,4
441863,441863,441866,3,0
441863,441863,441865,2,0
441863,441863,441866,3,0
441863,441863,441866,3,0
441863,441863,441865,2,0
441863,441863,441866,3,0
441863,441863,441866,3,0
441863,441863,441866,3,0
441863,441863,441866,3,0
441863,441863,441866,3,0
441863,441863,441866,3,0
441863,441864,441867,3,1
441863,441864,441867,3,1
441863,441863,441866,3,0
441863,441863,441866,3,0
441863,441863,441867,4,0
441863,441863,441866,3,0
441863,441863,441866,3,0
441863,441863,441867,4,0
441863,441863,441866,3,0
441863,441863,441866,3,0
441863,441863,441866,3,0
441863,441863,441867,4,0
441863,441867,441868,1,4
441863,441867,441869,2,4
441863,441867,441869,2,4
441863,441867,441869,2,4
441581,441582,441869,287,1
441863,441867,441869,2,4
441868,441868,441870,2,0
441868,441869,441870,1,1
441868,441868,441870,2,0
441868,441868,441870,2,0
441868,441868,441870,2,0
441868,441868,441870,2,0
441868,441868,441870,2,0
441868,441868,441870,2,0
441868,441868,441870,2,0
441868,441868,441870,2,0
441868,441868,441870,2,0
441868,441868,441870,2,0
441868,441868,441870,2,0
441868,441868,441870,2,0
441868,441868,441870,2,0
441863,441867,441870,3,4
441868,441869,441870,1,1
441868,441869,441871,2,1
441868,441869,441871,2,1
441868,441868,441871,3,0
441868,441868,441871,3,0
441868,441868,441871,3,0
441868,441870,441871,1,2
441868,441868,441871,3,0
441868,441868,441871,3,0
441868,441869,441871,2,1
441868,441869,441870,1,1
441868,441869,441871,2,1
441868,441868,441871,3,0
441868,441868,441871,3,0
441868,441868,441871,3,0
441868,441868,441871,3,0
441868,441868,441871,3,0
441868,441870,441871,1,2
441868,441868,441871,3,0
441868,441868,441871,3,0
441868,441868,441872,4,0
441868,441868,441871,3,0
441868,441868,441871,3,0
441868,441868,441871,3,0
441868,441868,441871,3,0
441868,441871,441872,1,3
441868,441870,441871,1,2
441868,441870,441871,1,2
441868,441870,441871,1,2
441868,441869,441872,3,1
441868,441869,441872,3,1
441868,441868,441871,3,0
441868,441868,441872,4,0
441868,441868,441872,4,0
441868,441868,441872,4,0
441868,441869,441872,3,1
441868,441871,441872,1,3
441868,441868,441872,4,0
441868,441868,441872,4,0
441868,441868,441872,4,0
441868,441868,441872,4,0
441868,441871,441872,1,3
441868,441871,441872,1,3
441868,441871,441872,1,3
441868,441871,441872,1,3
441518,441519,441875,356,1
441863,441876,441877,1,13
441863,441876,441877,1,13
441863,441876,441877,1,13
441863,441876,441877,1,13
441863,441876,441877,1,13
441863,441876,441878,2,13
441863,441876,441879,3,13
441887,441888,441889,1,1
441887,441888,441889,1,1
441887,441888,441889,1,1
441887,441888,441889,1,1
441887,441888,441889,1,1
441887,441888,441890,2,1
441887,441888,441889,1,1
441887,441888,441889,1,1
441887,441888,441889,1,1
441887,441888,441889,1,1
441887,441888,441889,1,1
441887,441888,441889,1,1
441887,441888,441890,2,1
441887,441888,441890,2,1
441887,441888,441889,1,1
441887,441888,441889,1,1
441887,441888,441889,1,1
441887,441888,441889,1,1
441887,441888,441889,1,1
441887,441888,441889,1,1
441887,441888,441889,1,1
441887,441888,441889,1,1
441887,441888,441889,1,1
441887,441888,441889,1,1
441887,441888,441889,1,1
441887,441888,441889,1,1
441887,441889,441890,1,2
441887,441888,441890,2,1
441887,441888,441890,2,1
441887,441888,441890,2,1
441887,441888,441890,2,1
441887,441888,441891,3,1
441887,441888,441891,3,1
441887,441888,441890,2,1
441887,441888,441891,3,1
441887,441888,441890,2,1
441887,441888,441890,2,1
441887,441888,441891,3,1
441887,441888,441890,2,1
441887,441888,441890,2,1
441887,441890,441891,1,3
441887,441888,441891,3,1
441887,441888,441890,2,1
441887,441888,441890,2,1
441887,441888,441891,3,1
441887,441888,441890,2,1
441887,441888,441891,3,1
441887,441888,441890,2,1
441887,441888,441891,3,1
441887,441888,441890,2,1
441887,441888,441891,3,1
441887,441888,441891,3,1
441887,441890,441891,1,3
441887,441890,441891,1,3
441887,441890,441891,1,3
441887,441890,441891,1,3
441887,441890,441891,1,3
441887,441890,441891,1,3
441887,441888,441891,3,1
441887,441890,441891,1,3
441887,441890,441892,2,3
441887,441888,441892,4,1
441887,441890,441891,1,3
441887,441890,441891,1,3
441887,441888,441891,3,1
441887,441890,441891,1,3
441887,441890,441891,1,3
441887,441890,441891,1,3
441887,441888,441891,3,1
441887,441890,441891,1,3
441887,441888,441891,3,1
441887,441890,441891,1,3
441887,441890,441891,1,3
441887,441890,441893,3,3
441887,441891,441893,2,4
441887,441891,441892,1,4
441887,441890,441893,3,3
441887,441891,441893,2,4
441887,441890,441893,3,3
441887,441890,441893,3,3
441887,441891,441893,2,4
441887,441891,441892,1,4
441887,441892,441893,1,5
441887,441890,441893,3,3
441887,441891,441893,2,4
441887,441892,441893,1,5
441887,441892,441893,1,5
441887,441890,441893,3,3
441887,441890,441893,3,3
441887,441891,441893,2,4
441887,441892,441893,1,5
441887,441892,441893,1,5
441887,441891,441894,3,4
441887,441891,441894,3,4
441887,441892,441893,1,5
441887,441890,441893,3,3
441887,441890,441893,3,3
441887,441891,441893,2,4
441887,441891,441893,2,4
441887,441891,441893,2,4
441887,441891,441893,2,4
441887,441891,441894,3,4
441887,441891,441893,2,4
441887,441891,441893,2,4
441887,441891,441894,3,4
441887,441891,441893,2,4
441887,441892,441893,1,5
441887,441890,441893,3,3
441887,441891,441893,2,4
441887,441891,441894,3,4
441887,441891,441894,3,4
441887,441892,441893,1,5
441887,441892,441893,1,5
441887,441892,441893,1,5
441887,441891,441893,2,4
441887,441891,441894,3,4
441887,441897,441898,1,10
441887,441897,441898,1,10
441887,441897,441899,2,10
441887,441897,441898,1,10
441512,441512,441899,387,0
441887,441897,441900,3,10
441887,441897,441899,2,10
441914,441914,441915,1,0
441914,441914,441916,2,0
441914,441915,441916,1,1
441914,441914,441916,2,0
441914,441914,441916,2,0
441914,441914,441916,2,0
441914,441914,441916,2,0
441914,441914,441916,2,0
441914,441914,441916,2,0
441914,441914,441916,2,0
441914,441914,441916,2,0
441914,441914,441916,2,0
441914,441914,441916,2,0
441914,441914,441916,2,0
441914,441914,441916,2,0
441914,441914,441916,2,0
441914,441914,441916,2,0
441914,441914,441916,2,0
441914,441914,441916,2,0
441914,441914,441916,2,0
441914,441914,441916,2,0
441914,441914,441916,2,0
441914,441914,441916,2,0
441914,441914,441916,2,0
441914,441914,441916,2,0
441914,441914,441917,3,0
441914,441915,441916,1,1
441914,441915,441917,2,1
441914,441915,441917,2,1
441914,441915,441917,2,1
441914,441914,441917,3,0
441914,441914,441917,3,0
441914,441914,441917,3,0
441914,441914,441917,3,0
441914,441914,441917,3,0
441914,441914,441917,3,0
441914,441914,441917,3,0
441914,441914,441917,3,0
441914,441914,441917,3,0
441914,441914,441917,3,0
441914,441914,441918,4,0
441914,441914,441918,4,0
441914,441915,441918,3,1
441914,441914,441918,4,0
441914,441914,441918,4,0
441914,441914,441918,4,0
441914,441914,441918,4,0
441914,441914,441918,4,0
441914,441914,441918,4,0
441914,441914,441918,4,0
441520,441520,441919,399,0
441924,441925,441927,2,1
441924,441925,441926,1,1
441924,441925,441926,1,1
441924,441925,441927,2,1
441924,441925,441926,1,1
441924,441925,441926,1,1
441924,441925,441926,1,1
441924,441925,441926,1,1
441924,441925,441926,1,1
441924,441925,441926,1,1
441924,441925,441926,1,1
441924,441925,441927,2,1
441924,441925,441926,1,1
441924,441925,441926,1,1
441924,441925,441926,1,1
441924,441925,441926,1,1
441924,441925,441926,1,1
441924,441925,441926,1,1
441924,441925,441928,3,1
441924,441925,441927,2,1
441924,441925,441928,3,1
441924,441925,441927,2,1
441924,441925,441927,2,1
441924,441925,441927,2,1
441924,441925,441927,2,1
441924,441927,441928,1,3
441924,441927,441928,1,3
441924,441925,441928,3,1
441924,441925,441927,2,1
441924,441925,441927,2,1
441924,441925,441928,3,1
441924,441925,441928,3,1
441924,441925,441927,2,1
441924,441925,441928,3,1
441924,441925,441928,3,1
441924,441925,441927,2,1
441924,441925,441927,2,1
441924,441927,441928,1,3
441924,441927,441928,1,3
441924,441925,441928,3,1
441924,441925,441927,2,1
441924,441927,441928,1,3
441924,441925,441928,3,1
441924,441925,441928,3,1
441924,441925,441928,3,1
441924,441925,441928,3,1
441924,441925,441928,3,1
441924,441927,441929,2,3
441924,441927,441928,1,3
441924,441925,441928,3,1
441924,441925,441928,3,1
441924,441925,441928,3,1
441924,441925,441928,3,1
441924,441927,441928,1,3
441924,441925,441929,4,1
441924,441927,441928,1,3
441924,441925,441928,3,1
441924,441927,441928,1,3
441924,441927,441928,1,3
441924,441925,441928,3,1
441924,441925,441928,3,1
441914,441928,441929,1,14
441914,441928,441930,2,14
441914,441928,441930,2,14
441914,441928,441929,1,14
441914,441928,441929,1,14
441914,441928,441931,3,14
441914,441936,441937,1,22
441914,441936,441937,1,22
441914,441936,441938,2,22
441914,441936,441938,2,22
441603,441604,441961,357,1
441962,441962,441964,2,0
441962,441962,441964,2,0
441962,441962,441964,2,0
441962,441962,441963,1,0
441962,441962,441964,2,0
441962,441962,441964,2,0
441962,441962,441964,2,0
441962,441962,441964,2,0
441962,441962,441964,2,0
441962,441962,441964,2,0
441962,441962,441964,2,0
441962,441962,441964,2,0
441962,441962,441964,2,0
441962,441962,441964,2,0
441962,441962,441964,2,0
441962,441962,441964,2,0
441962,441962,441964,2,0
441962,441962,441964,2,0
441962,441962,441964,2,0
441962,441962,441964,2,0
441962,441962,441964,2,0
441962,441962,441964,2,0
441962,441962,441964,2,0
441962,441962,441964,2,0
441962,441963,441965,2,1
441962,441963,441964,1,1
441962,441962,441964,2,0
441962,441962,441964,2,0
441962,441962,441965,3,0
441962,441962,441964,2,0
441962,441962,441964,2,0
441962,441962,441965,3,0
441962,441962,441965,3,0
441962,441962,441965,3,0
441962,441962,441965,3,0
441962,441962,441965,3,0
441962,441962,441965,3,0
441962,441962,441964,2,0
441962,441962,441965,3,0
441962,441962,441965,3,0
441962,441962,441965,3,0
441962,441963,441966,3,1
441962,441963,441966,3,1
441962,441963,441966,3,1
441962,441962,441966,4,0
441962,441962,441966,4,0
441962,441962,441966,4,0
441962,441962,441966,4,0
441962,441962,441966,4,0
441962,441962,441966,4,0
441962,441962,441966,4,0
441962,441962,441966,4,0
441962,441962,441966,4,0
441962,441962,441966,4,0
441962,441962,441966,4,0
441962,441962,441966,4,0
441962,441962,441966,4,0
441962,441962,441966,4,0
441962,441962,441966,4,0
441962,441962,441967,5,0
441962,441962,441966,4,0
441622,441623,441971,348,1
441981,441981,441983,2,0
441981,441981,441983,2,0
441981,441981,441983,2,0
441981,441981,441983,2,0
441981,441981,441983,2,0
441981,441981,441983,2,0
441981,441981,441982,1,0
441981,441981,441982,1,0
441981,441981,441983,2,0
441981,441981,441982,1,0
441981,441981,441982,1,0
441981,441981,441983,2,0
441981,441981,441982,1,0
441981,441981,441983,2,0
441981,441981,441983,2,0
441981,441981,441983,2,0
441981,441981,441982,1,0
441981,441981,441983,2,0
441981,441981,441983,2,0
441981,441981,441982,1,0
441981,441981,441983,2,0
441981,441981,441983,2,0
441981,441981,441983,2,0
441981,441981,441984,3,0
441981,441981,441983,2,0
441981,441981,441983,2,0
441981,441981,441984,3,0
441981,441981,441983,2,0
441981,441981,441983,2,0
441981,441981,441983,2,0
441981,441981,441984,3,0
441981,441981,441983,2,0
441981,441981,441983,2,0
441981,441981,441984,3,0
441981,441981,441983,2,0
441981,441981,441983,2,0
441981,441981,441984,3,0
441981,441981,441984,3,0
441981,441981,441984,3,0
441981,441981,441983,2,0
441981,441981,441984,3,0
441981,441981,441984,3,0
441981,441981,441983,2,0
441981,441981,441984,3,0
441981,441981,441984,3,0
441981,441981,441985,4,0
441981,441981,441984,3,0
441981,441981,441984,3,0
441981,441981,441984,3,0
441981,441981,441984,3,0
441981,441981,441984,3,0
441981,441981,441984,3,0
441981,441981,441985,4,0
441981,441981,441985,4,0
441981,441981,441984,3,0
441981,441981,441984,3,0
441981,441981,441984,3,0
441981,441981,441984,3,0
441981,441981,441985,4,0
441981,441981,441984,3,0
441981,441981,441985,4,0
441630,441631,442002,371,1
442004,442004,442006,2,0
442004,442004,442005,1,0
442004,442004,442006,2,0
442004,442004,442006,2,0
442004,442004,442005,1,0
442004,442004,442006,2,0
442004,442004,442006,2,0
442004,442004,442005,1,0
442004,442004,442006,2,0
442004,442004,442006,2,0
442004,442004,442006,2,0
442004,442004,442006,2,0
442004,442004,442006,2,0
442004,442004,442006,2,0
442004,442004,442006,2,0
442004,442004,442005,1,0
442004,442004,442006,2,0
442004,442004,442006,2,0
442004,442004,442006,2,0
442004,442004,442007,3,0
442004,442004,442006,2,0
442004,442004,442006,2,0
442004,442004,442007,3,0
442004,442004,442006,2,0
442004,442004,442007,3,0
442004,442004,442007,3,0
442004,442004,442006,2,0
442004,442004,442007,3,0
442004,442004,442006,2,0
442004,442004,442006,2,0
442004,442004,442007,3,0
442004,442004,442006,2,0
442004,442004,442007,3,0
442004,442004,442007,3,0
442004,442004,442007,3,0
442004,442004,442006,2,0
442004,442004,442006,2,0
442004,442004,442007,3,0
442004,442004,442007,3,0
442004,442004,442007,3,0
442004,442004,442006,2,0
442004,442004,442007,3,0
442004,442004,442007,3,0
442004,442004,442008,4,0
442004,442004,442007,3,0
442004,442004,442007,3,0
442004,442004,442007,3,0
442004,442004,442008,4,0
442004,442004,442008,4,0
442004,442004,442007,3,0
442004,442004,442008,4,0
442004,442004,442007,3,0
442004,442004,442007,3,0
442004,442004,442008,4,0
442004,442004,442008,4,0
442004,442004,442007,3,0
442004,442004,442007,3,0
442004,442004,442006,2,0
442004,442004,442006,2,0
441663,441663,442020,357,0
442023,442023,442025,2,0
442023,442023,442025,2,0
442023,442023,442025,2,0
442023,442023,442025,2,0
442023,442023,442025,2,0
442023,442023,442025,2,0
442023,442023,442025,2,0
442023,442023,442025,2,0
441666,441667,442024,357,1
442023,442023,442025,2,0
442023,442023,442025,2,0
442023,442023,442025,2,0
442023,442023,442024,1,0
442023,442023,442025,2,0
442023,442023,442025,2,0
442023,442023,442025,2,0
442023,442023,442025,2,0
442023,442023,442025,2,0
442023,442023,442025,2,0
442023,442023,442025,2,0
442023,442023,442025,2,0
442023,442023,442025,2,0
442023,442023,442026,3,0
442023,442023,442026,3,0
442023,442023,442026,3,0
442023,442023,442025,2,0
442023,442023,442025,2,0
442023,442023,442026,3,0
442023,442023,442026,3,0
442023,442023,442025,2,0
442023,442023,442026,3,0
442023,442023,442025,2,0
442023,442023,442026,3,0
442023,442023,442026,3,0
442023,442023,442025,2,0
442023,442023,442026,3,0
442023,442023,442026,3,0
442023,442023,442026,3,0
442023,442023,442026,3,0
442023,442025,442026,1,2
442023,442023,442026,3,0
442023,442023,442026,3,0
442023,442023,442026,3,0
442023,442023,442026,3,0
442023,442023,442026,3,0
442023,442023,442027,4,0
442023,442023,442027,4,0
442023,442023,442027,4,0
442023,442023,442026,3,0
442023,442023,442027,4,0
442023,442023,442027,4,0
442023,442023,442027,4,0
442023,442023,442026,3,0
442023,442023,442027,4,0
442023,442025,442026,1,2
442023,442023,442027,4,0
442023,442023,442026,3,0
442023,442023,442027,4,0
442023,442023,442027,4,0
442023,442023,442027,4,0
442023,442023,442027,4,0
442027,442027,442029,2,0
442027,442027,442029,2,0
442027,442027,442029,2,0
442027,442027,442029,2,0
442027,442027,442029,2,0
442027,442027,442029,2,0
442027,442027,442029,2,0
442027,442027,442029,2,0
442027,442027,442029,2,0
442027,442027,442029,2,0
442027,442027,442029,2,0
442027,442027,442029,2,0
442027,442027,442029,2,0
442027,442027,442029,2,0
442027,442027,442029,2,0
442027,442027,442029,2,0
442027,442028,442029,1,1
442027,442027,442029,2,0
442027,442027,442029,2,0
442027,442027,442029,2,0
442027,442028,442029,1,1
442027,442028,442029,1,1
442027,442028,442029,1,1
442027,442027,442030,3,0
442027,442027,442030,3,0
442027,442027,442030,3,0
442027,442027,442030,3,0
442027,442027,442030,3,0
442027,442027,442030,3,0
442027,442027,442030,3,0
442027,442027,442030,3,0
442027,442027,442030,3,0
442027,442027,442030,3,0
442027,442027,442030,3,0
442027,442027,442030,3,0
442027,442027,442030,3,0
442027,442027,442030,3,0
442027,442027,442030,3,0
442027,442027,442030,3,0
442027,442027,442030,3,0
442027,442027,442030,3,0
442027,442030,442031,1,3
442027,442030,442031,1,3
442027,442027,442030,3,0
442027,442027,442031,4,0
442027,442027,442031,4,0
442027,442027,442031,4,0
442027,442027,442031,4,0
442027,442027,442031,4,0
442027,442027,442031,4,0
442027,442030,442031,1,3
442027,442027,442031,4,0
442027,442027,442031,4,0
442027,442027,442031,4,0
442027,442027,442031,4,0
442027,442027,442031,4,0
442027,442027,442031,4,0
442027,442027,442031,4,0
442027,442027,442031,4,0
442027,442027,442031,4,0
442027,442027,442031,4,0
442004,442004,442033,29,0
442004,442004,442034,30,0
442023,442023,442033,10,0
441737,441738,442106,368,1
442109,442109,442111,2,0
442109,442109,442111,2,0
442109,442109,442110,1,0
442109,442109,442111,2,0
442109,442109,442111,2,0
442109,442109,442111,2,0
442109,442109,442111,2,0
442109,442109,442111,2,0
442109,442109,442111,2,0
442109,442109,442110,1,0
442109,442109,442110,1,0
442109,442109,442111,2,0
442109,442109,442111,2,0
442109,442109,442111,2,0
442109,442109,442111,2,0
442109,442109,442111,2,0
442109,442109,442111,2,0
442109,442109,442110,1,0
442109,442109,442111,2,0
442109,442109,442111,2,0
442109,442109,442111,2,0
442109,442109,442111,2,0
442109,442109,442111,2,0
442109,442109,442112,3,0
442109,442109,442111,2,0
442109,442109,442111,2,0
442109,442109,442112,3,0
442109,442109,442111,2,0
442109,442109,442112,3,0
442109,442109,442111,2,0
442109,442109,442111,2,0
442109,442109,442112,3,0
441771,441773,442111,338,2
442109,442109,442112,3,0
442109,442109,442112,3,0
442109,442109,442112,3,0
442109,442109,442111,2,0
442109,442109,442112,3,0
442109,442109,442112,3,0
442109,442109,442111,2,0
442109,442109,442112,3,0
442109,442109,442113,4,0
442109,442109,442113,4,0
442109,442109,442112,3,0
442109,442109,442112,3,0
442109,442109,442112,3,0
442109,442109,442113,4,0
442109,442109,442112,3,0
442109,442109,442113,4,0
442109,442109,442112,3,0
442109,442109,442112,3,0
442109,442109,442112,3,0
442109,442109,442113,4,0
442109,442109,442112,3,0
442109,442109,442113,4,0
442109,442109,442113,4,0
442109,442109,442113,4,0
442109,442109,442112,3,0
442109,442109,442113,4,0
442109,442109,442113,4,0
442109,442109,442113,4,0
442109,442109,442113,4,0
442113,442113,442114,1,0
442113,442113,442114,1,0
442113,442113,442114,1,0
442113,442113,442115,2,0
442113,442113,442114,1,0
442113,442113,442115,2,0
442113,442113,442115,2,0
442113,442114,442115,1,1
442113,442113,442115,2,0
442113,442113,442115,2,0
442113,442113,442115,2,0
442113,442113,442114,1,0
442113,442113,442115,2,0
442113,442113,442115,2,0
442113,442113,442115,2,0
442113,442113,442115,2,0
442113,442113,442115,2,0
442113,442113,442115,2,0
442113,442113,442115,2,0
442113,442113,442115,2,0
442113,442113,442115,2,0
442113,442113,442115,2,0
442113,442113,442115,2,0
442113,442113,442115,2,0
442113,442113,442115,2,0
442113,442113,442115,2,0
442113,442113,442115,2,0
442113,442113,442115,2,0
442113,442113,442115,2,0
442113,442113,442116,3,0
442113,442113,442116,3,0
442113,442113,442116,3,0
442113,442113,442116,3,0
442113,442113,442116,3,0
442113,442113,442116,3,0
442113,442115,442116,1,2
442113,442113,442116,3,0
442113,442113,442116,3,0
442113,442113,442116,3,0
442113,442114,442115,1,1
442113,442113,442116,3,0
442113,442113,442116,3,0
442113,442113,442116,3,0
442113,442113,442116,3,0
442113,442113,442116,3,0
442113,442113,442116,3,0
442113,442115,442116,1,2
442113,442113,442116,3,0
442113,442113,442116,3,0
442113,442113,442116,3,0
442113,442113,442116,3,0
442113,442113,442116,3,0
442113,442113,442117,4,0
442113,442113,442116,3,0
442113,442113,442116,3,0
442113,442113,442117,4,0
442113,442113,442116,3,0
442113,442113,442117,4,0
442113,442113,442117,4,0
442113,442113,442117,4,0
442113,442113,442117,4,0
441769,441770,442122,352,1
442127,442127,442129,2,0
442127,442127,442129,2,0
442127,442128,442130,2,1
442127,442127,442129,2,0
442127,442127,442129,2,0
442127,442127,442129,2,0
442127,442128,442129,1,1
442127,442127,442129,2,0
442127,442127,442129,2,0
442127,442128,442129,1,1
442127,442127,442129,2,0
442127,442127,442129,2,0
442127,442127,442129,2,0
442127,442128,442129,1,1
442127,442128,442129,1,1
442127,442128,442129,1,1
442127,442128,442129,1,1
442127,442127,442129,2,0
442127,442127,442129,2,0
442127,442127,442129,2,0
442127,442128,442129,1,1
442127,442128,442130,2,1
442127,442128,442130,2,1
442127,442127,442130,3,0
442127,442127,442130,3,0
442127,442128,442130,2,1
442127,442127,442130,3,0
442127,442127,442130,3,0
442127,442128,442130,2,1
442127,442128,442130,2,1
442127,442127,442130,3,0
442127,442127,442131,4,0
442127,442128,442130,2,1
442127,442128,442130,2,1
442127,442128,442130,2,1
442127,442128,442131,3,1
442127,442128,442130,2,1
442127,442127,442130,3,0
442127,442128,442130,2,1
442127,442128,442130,2,1
442127,442128,442130,2,1
442127,442128,442132,4,1
442127,442128,442131,3,1
442127,442128,442131,3,1
442127,442127,442132,5,0
442127,442127,442131,4,0
442127,442127,442131,4,0
442127,442127,442131,4,0
442127,442127,442131,4,0
442127,442127,442131,4,0
442127,442127,442131,4,0
442127,442127,442131,4,0
442127,442127,442131,4,0
442127,442127,442131,4,0
442127,442127,442131,4,0
442127,442127,442131,4,0
442127,442127,442131,4,0
442127,442127,442131,4,0
442127,442128,442131,3,1
442127,442127,442131,4,0
442127,442128,442131,3,1
441817,441818,442141,323,1
442155,442155,442157,2,0
442155,442156,442157,1,1
442155,442156,442157,1,1
442155,442156,442157,1,1
442155,442156,442157,1,1
442155,442155,442157,2,0
442155,442155,442157,2,0
442155,442156,442157,1,1
442155,442155,442157,2,0
442155,442155,442157,2,0
442155,442155,442157,2,0
442155,442155,442157,2,0
442155,442156,442157,1,1
442155,442155,442157,2,0
442155,442155,442157,2,0
442155,442155,442157,2,0
442155,442156,442157,1,1
442155,442155,442157,2,0
442155,442155,442157,2,0
442155,442155,442157,2,0
442155,442155,442157,2,0
442155,442156,442157,1,1
442155,442155,442157,2,0
442155,442155,442157,2,0
442155,442155,442157,2,0
442155,442155,442157,2,0
442155,442156,442157,1,1
442155,442156,442158,2,1
442155,442156,442158,2,1
442155,442156,442158,2,1
442155,442155,442158,3,0
442155,442155,442158,3,0
442155,442156,442158,2,1
442155,442156,442158,2,1
442155,442156,442158,2,1
442155,442156,442158,2,1
442155,442155,442158,3,0
442155,442155,442158,3,0
442155,442155,442158,3,0
442155,442155,442158,3,0
442155,442155,442158,3,0
442155,442156,442158,2,1
442155,442156,442158,2,1
442155,442156,442158,2,1
442155,442156,442159,3,1
442155,442156,442158,2,1
442155,442156,442159,3,1
442155,442156,442159,3,1
442155,442155,442159,4,0
442155,442156,442159,3,1
442155,442156,442159,3,1
442155,442155,442159,4,0
442155,442155,442159,4,0
442155,442155,442159,4,0
442155,442155,442159,4,0
441815,441816,442160,344,1
442161,442161,442163,2,0
442161,442161,442163,2,0
442161,442161,442163,2,0
442161,442161,442163,2,0
442161,442161,442163,2,0
442161,442161,442163,2,0
442161,442161,442163,2,0
442161,442161,442163,2,0
442161,442161,442163,2,0
442161,442161,442163,2,0
442161,442161,442163,2,0
442161,442161,442163,2,0
442161,442161,442163,2,0
442161,442161,442163,2,0
442161,442161,442163,2,0
442161,442161,442163,2,0
442161,442161,442163,2,0
442161,442161,442163,2,0
442161,442161,442163,2,0
442161,442161,442163,2,0
442161,442161,442163,2,0
442161,442161,442163,2,0
442161,442161,442163,2,0
442161,442161,442163,2,0
442161,442161,442163,2,0
442161,442161,442163,2,0
442161,442161,442163,2,0
442161,442161,442164,3,0
442161,442161,442164,3,0
442161,442161,442164,3,0
442161,442161,442164,3,0
442161,442161,442164,3,0
442161,442161,442164,3,0
442161,442161,442164,3,0
442161,442161,442164,3,0
442161,442161,442164,3,0
442161,442161,442164,3,0
442161,442161,442164,3,0
442161,442161,442164,3,0
442161,442161,442164,3,0
442161,442161,442164,3,0
442161,442161,442165,4,0
442161,442161,442164,3,0
442161,442161,442164,3,0
442161,442161,442164,3,0
442161,442161,442165,4,0
442161,442163,442165,2,2
442161,442161,442165,4,0
442161,442161,442165,4,0
442161,442161,442165,4,0
442161,442161,442165,4,0
442161,442161,442165,4,0
442161,442164,442165,1,3
442161,442161,442165,4,0
442161,442164,442165,1,3
442161,442164,442165,1,3
442161,442161,442165,4,0
442161,442161,442165,4,0
442161,442161,442165,4,0
441820,441822,442174,352,2
442155,442175,442176,1,20
442155,442175,442176,1,20
442155,442175,442176,1,20
442155,442175,442176,1,20
442155,442175,442178,3,20
442155,442175,442177,2,20
442179,442179,442181,2,0
442179,442179,442181,2,0
442179,442179,442181,2,0
442179,442179,442181,2,0
442179,442179,442181,2,0
442179,442179,442181,2,0
442179,442179,442181,2,0
442179,442179,442181,2,0
442179,442179,442181,2,0
442179,442179,442181,2,0
442179,442179,442181,2,0
442179,442180,442181,1,1
442179,442180,442181,1,1
442179,442179,442181,2,0
442179,442179,442181,2,0
442179,442179,442181,2,0
442179,442179,442181,2,0
442179,442179,442181,2,0
442179,442179,442181,2,0
442179,442179,442181,2,0
442179,442179,442181,2,0
442179,442179,442181,2,0
442179,442179,442181,2,0
442179,442179,442181,2,0
442179,442179,442181,2,0
442179,442179,442181,2,0
442179,442179,442181,2,0
442179,442179,442181,2,0
442179,442179,442182,3,0
442179,442179,442182,3,0
442179,442179,442182,3,0
442179,442179,442182,3,0
442179,442179,442182,3,0
442179,442179,442181,2,0
442179,442180,442182,2,1
442179,442180,442182,2,1
442179,442179,442182,3,0
442179,442179,442182,3,0
442179,442179,442182,3,0
442179,442179,442182,3,0
442179,442179,442182,3,0
442179,442179,442182,3,0
442179,442179,442182,3,0
442179,442180,442183,3,1
442179,442180,442182,2,1
442179,442179,442183,4,0
442179,442179,442183,4,0
442179,442179,442183,4,0
442179,442180,442183,3,1
442179,442180,442183,3,1
442179,442179,442183,4,0
442179,442179,442182,3,0
442179,442179,442182,3,0
442179,442179,442183,4,0
442179,442180,442186,6,1
441776,441777,442188,411,1
442179,442189,442190,1,10
442179,442189,442190,1,10
442179,442189,442190,1,10
442179,442189,442192,3,10
442179,442189,442191,2,10
442192,442193,442194,1,1
442192,442193,442194,1,1
442192,442193,442194,1,1
442192,442193,442194,1,1
442192,442193,442194,1,1
442192,442193,442194,1,1
442192,442193,442194,1,1
442192,442193,442194,1,1
442192,442193,442194,1,1
442192,442193,442195,2,1
442192,442193,442194,1,1
442192,442193,442194,1,1
442192,442193,442194,1,1
442192,442193,442194,1,1
442192,442193,442194,1,1
442192,442193,442194,1,1
442192,442193,442194,1,1
442192,442193,442194,1,1
442192,442193,442195,2,1
442192,442193,442195,2,1
442192,442193,442194,1,1
442192,442193,442194,1,1
442192,442193,442194,1,1
442192,442193,442194,1,1
442192,442193,442195,2,1
442192,442193,442195,2,1
442192,442193,442196,3,1
442192,442193,442195,2,1
442192,442193,442195,2,1
442192,442193,442196,3,1
442192,442193,442195,2,1
442192,442193,442195,2,1
442192,442193,442195,2,1
442192,442193,442195,2,1
442192,442193,442196,3,1
442192,442193,442196,3,1
442192,442193,442196,3,1
442192,442193,442195,2,1
442192,442193,442195,2,1
442192,442193,442195,2,1
442192,442193,442195,2,1
442192,442193,442195,2,1
442192,442193,442196,3,1
442192,442195,442196,1,3
442192,442193,442196,3,1
442192,442193,442196,3,1
442192,442193,442196,3,1
442192,442193,442196,3,1
442192,442193,442196,3,1
442192,442193,442196,3,1
442192,442193,442196,3,1
442192,442193,442196,3,1
442192,442193,442196,3,1
442192,442193,442196,3,1
442192,442193,442196,3,1
442192,442193,442196,3,1
442192,442193,442196,3,1
442192,442193,442196,3,1
441808,441808,442218,410,0
442179,442180,442196,16,1
442192,442218,442219,1,26
442192,442218,442220,2,26
442192,442218,442220,2,26
441889,441892,442222,330,3
441840,441841,442225,384,1
442224,442224,442225,1,0
442224,442225,442226,1,1
442224,442224,442226,2,0
442224,442224,442226,2,0
442224,442224,442225,1,0
442224,442224,442225,1,0
442224,442224,442226,2,0
442224,442224,442226,2,0
442224,442224,442226,2,0
442224,442224,442225,1,0
442224,442224,442225,1,0
442224,442224,442226,2,0
442224,442224,442226,2,0
442224,442224,442226,2,0
442224,442224,442226,2,0
442224,442224,442225,1,0
442224,442224,442225,1,0
442224,442225,442226,1,1
442224,442224,442225,1,0
442224,442224,442226,2,0
442224,442224,442225,1,0
442224,442224,442226,2,0
442224,442224,442225,1,0
442224,442224,442226,2,0
442224,442224,442226,2,0
442224,442224,442226,2,0
442224,442224,442225,1,0
442224,442224,442226,2,0
442224,442224,442226,2,0
442224,442224,442226,2,0
442224,442224,442226,2,0
442224,442225,442226,1,1
442224,442225,442226,1,1
442224,442225,442227,2,1
442224,442225,442227,2,1
442224,442224,442226,2,0
442224,442224,442227,3,0
442224,442224,442226,2,0
442224,442224,442227,3,0
442224,442224,442227,3,0
442224,442224,442226,2,0
442224,442224,442226,2,0
442224,442224,442227,3,0
442224,442224,442226,2,0
442224,442224,442227,3,0
442224,442224,442227,3,0
442224,442224,442227,3,0
442224,442224,442226,2,0
442224,442224,442226,2,0
442224,442224,442227,3,0
442224,442224,442226,2,0
442224,442224,442226,2,0
442224,442224,442227,3,0
442224,442224,442226,2,0
442224,442225,442226,1,1
441864,441865,442227,362,1
442224,442225,442227,2,1
442224,442225,442228,3,1
442224,442225,442228,3,1
442224,442226,442227,1,2
442224,442224,442228,4,0
442224,442226,442227,1,2
442224,442226,442228,2,2
442224,442224,442228,4,0
442224,442226,442227,1,2
442224,442226,442228,2,2
442224,442226,442227,1,2
442224,442226,442228,2,2
442224,442226,442228,2,2
442224,442226,442228,2,2
442224,442226,442228,2,2
442224,442224,442228,4,0
442224,442226,442228,2,2
442224,442226,442228,2,2
442224,442226,442228,2,2
442224,442224,442227,3,0
442224,442226,442228,2,2
442224,442224,442228,4,0
442224,442226,442228,2,2
442224,442226,442228,2,2
442224,442226,442228,2,2
442224,442226,442228,2,2
442224,442224,442228,4,0
442224,442226,442228,2,2
442224,442226,442228,2,2
442224,442226,442228,2,2
442224,442226,442228,2,2
442224,442228,442229,1,4
442224,442228,442229,1,4
442224,442228,442229,1,4
442224,442227,442229,2,3
442224,442227,442229,2,3
442224,442227,442229,2,3
442224,442226,442229,3,2
442224,442226,442230,4,2
442224,442228,442229,1,4
442224,442226,442229,3,2
442224,442226,442230,4,2
442224,442228,442229,1,4
442224,442228,442229,1,4
442224,442228,442229,1,4
442224,442226,442229,3,2
442224,442228,442229,1,4
442224,442228,442229,1,4
442224,442228,442229,1,4
442224,442228,442229,1,4
442224,442228,442229,1,4
442224,442228,442229,1,4
442224,442227,442230,3,3
442224,442227,442229,2,3
442224,442227,442230,3,3
442224,442227,442230,3,3
442224,442229,442230,1,5
442224,442227,442230,3,3
442224,442227,442230,3,3
442224,442227,442230,3,3
442224,442227,442230,3,3
442224,442227,442230,3,3
442224,442227,442230,3,3
442224,442227,442230,3,3
442224,442226,442230,4,2
442224,442226,442230,4,2
442224,442226,442230,4,2
441870,441871,442242,371,1
442245,442245,442246,1,0
442245,442245,442247,2,0
442245,442245,442247,2,0
442245,442245,442247,2,0
442245,442245,442246,1,0
442245,442245,442247,2,0
442245,442245,442246,1,0
442245,442245,442246,1,0
442245,442245,442246,1,0
442245,442245,442247,2,0
442245,442245,442247,2,0
442245,442245,442246,1,0
442245,442245,442247,2,0
442245,442245,442246,1,0
442245,442245,442247,2,0
442245,442245,442247,2,0
442245,442245,442247,2,0
442245,442245,442247,2,0
442245,442245,442246,1,0
442245,442245,442246,1,0
442245,442245,442247,2,0
442245,442245,442247,2,0
442245,442245,442246,1,0
442245,442245,442246,1,0
442245,442245,442247,2,0
442245,442245,442247,2,0
442245,442245,442247,2,0
442245,442245,442246,1,0
442245,442245,442246,1,0
442245,442245,442247,2,0
442245,442245,442247,2,0
442245,442245,442246,1,0
442245,442245,442247,2,0
442245,442245,442247,2,0
442245,442245,442247,2,0
442245,442245,442247,2,0
442245,442246,442247,1,1
442245,442245,442247,2,0
442245,442245,442248,3,0
442245,442245,442248,3,0
442245,442245,442248,3,0
442245,442245,442248,3,0
442245,442247,442248,1,2
442245,442245,442248,3,0
442245,442245,442247,2,0
442245,442245,442248,3,0
442245,442245,442248,3,0
442245,442245,442248,3,0
442245,442245,442248,3,0
442245,442245,442248,3,0
442245,442245,442248,3,0
442245,442245,442248,3,0
442245,442245,442247,2,0
442245,442245,442248,3,0
442245,442245,442247,2,0
442245,442245,442248,3,0
442245,442245,442248,3,0
442245,442245,442248,3,0
442245,442247,442248,1,2
442245,442245,442248,3,0
442245,442247,442249,2,2
442245,442247,442248,1,2
442245,442245,442248,3,0
442245,442247,442248,1,2
442245,442245,442248,3,0
442245,442247,442249,2,2
442245,442247,442249,2,2
442245,442245,442248,3,0
442245,442247,442249,2,2
442245,442247,442249,2,2
442245,442247,442249,2,2
442245,442247,442249,2,2
442245,442245,442249,4,0
442245,442247,442248,1,2
442245,442247,442249,2,2
442245,442247,442249,2,2
442245,442247,442249,2,2
442245,442247,442248,1,2
442245,442247,442249,2,2
442245,442247,442249,2,2
442245,442247,442249,2,2
442245,442245,442249,4,0
442245,442245,442248,3,0
442245,442247,442249,2,2
442245,442245,442249,4,0
442245,442248,442249,1,3
442245,442248,442250,2,3
442245,442249,442250,1,4
442245,442248,442250,2,3
442245,442248,442250,2,3
442245,442248,442250,2,3
442245,442248,442250,2,3
442245,442247,442250,3,2
442245,442248,442250,2,3
442245,442248,442249,1,3
442245,442248,442250,2,3
442245,442248,442250,2,3
442245,442248,442250,2,3
442245,442248,442250,2,3
442245,442247,442250,3,2
442245,442248,442249,1,3
442245,442248,442249,1,3
442245,442247,442250,3,2
442245,442247,442250,3,2
442245,442247,442250,3,2
442245,442248,442250,2,3
442245,442247,442250,3,2
442245,442247,442250,3,2
442245,442247,442250,3,2
442245,442247,442250,3,2
442245,442247,442250,3,2
442245,442248,442250,2,3
442245,442248,442249,1,3
442245,442247,442250,3,2
442245,442248,442249,1,3
442245,442248,442249,1,3
442245,442248,442250,2,3
442245,442249,442250,1,4
442245,442247,442250,3,2
442245,442247,442251,4,2
442245,442247,442251,4,2
442245,442247,442251,4,2
442245,442247,442251,4,2
441915,441916,442272,356,1
442271,442272,442273,1,1
442271,442272,442273,1,1
442271,442272,442273,1,1
442271,442272,442273,1,1
442271,442272,442273,1,1
442271,442272,442273,1,1
442271,442272,442273,1,1
442271,442272,442274,2,1
442271,442272,442273,1,1
442271,442272,442273,1,1
442271,442272,442273,1,1
442271,442272,442273,1,1
442271,442272,442274,2,1
442271,442272,442273,1,1
442271,442272,442273,1,1
442271,442272,442273,1,1
442271,442272,442273,1,1
442271,442272,442273,1,1
442271,442272,442273,1,1
442271,442272,442273,1,1
442271,442272,442273,1,1
442271,442272,442273,1,1
442271,442272,442273,1,1
442271,442272,442273,1,1
442271,442272,442273,1,1
442271,442272,442274,2,1
442271,442272,442273,1,1
442271,442272,442273,1,1
442271,442272,442273,1,1
442271,442272,442273,1,1
442271,442272,442273,1,1
442271,442272,442274,2,1
442271,442272,442275,3,1
442271,442272,442274,2,1
442271,442272,442275,3,1
442271,442272,442274,2,1
442271,442272,442275,3,1
442271,442272,442274,2,1
442271,442272,442274,2,1
442271,442272,442275,3,1
442271,442272,442274,2,1
442271,442272,442275,3,1
442271,442272,442275,3,1
442271,442272,442274,2,1
442271,442272,442274,2,1
442271,442272,442274,2,1
442271,442272,442275,3,1
442271,442272,442274,2,1
442271,442272,442275,3,1
442271,442272,442274,2,1
442271,442272,442275,3,1
442271,442272,442275,3,1
442271,442272,442275,3,1
442271,442272,442275,3,1
442271,442272,442275,3,1
442271,442272,442275,3,1
442271,442272,442275,3,1
442271,442272,442275,3,1
442271,442282,442283,1,11
442282,442283,442284,1,1
442282,442282,442283,1,0
442282,442282,442284,2,0
442282,442282,442284,2,0
442282,442282,442284,2,0
442282,442282,442284,2,0
442282,442282,442284,2,0
442282,442282,442284,2,0
442282,442282,442284,2,0
442282,442282,442284,2,0
442282,442282,442284,2,0
442282,442282,442284,2,0
442282,442282,442284,2,0
442282,442282,442284,2,0
442282,442282,442284,2,0
442282,442282,442284,2,0
442282,442282,442284,2,0
442282,442282,442284,2,0
442282,442283,442284,1,1
442282,442282,442284,2,0
442282,442282,442284,2,0
442282,442282,442284,2,0
442282,442283,442284,1,1
442282,442282,442284,2,0
442282,442282,442284,2,0
442282,442282,442284,2,0
442282,442282,442284,2,0
442282,442282,442284,2,0
442282,442282,442284,2,0
442282,442282,442284,2,0
442282,442282,442284,2,0
442282,442282,442284,2,0
442271,442282,442284,2,11
442271,442282,442285,3,11
442271,442282,442284,2,11
442282,442283,442285,2,1
442282,442283,442285,2,1
442282,442283,442285,2,1
442282,442282,442285,3,0
442282,442282,442284,2,0
442282,442282,442285,3,0
442282,442282,442285,3,0
442282,442282,442285,3,0
442282,442282,442284,2,0
442282,442282,442285,3,0
442282,442282,442285,3,0
442282,442282,442285,3,0
442282,442282,442285,3,0
442282,442282,442285,3,0
442282,442282,442284,2,0
442282,442282,442285,3,0
442282,442284,442285,1,2
442282,442283,442285,2,1
442282,442283,442286,3,1
442282,442282,442286,4,0
442282,442282,442286,4,0
442282,442282,442285,3,0
442282,442282,442286,4,0
442282,442282,442285,3,0
442282,442282,442286,4,0
442282,442282,442286,4,0
442282,442282,442286,4,0
442282,442283,442286,3,1
442282,442285,442286,1,3
441928,441928,442303,375,0
441926,441927,442307,380,1
442311,442311,442313,2,0
442311,442311,442312,1,0
442311,442311,442313,2,0
442311,442311,442313,2,0
442311,442311,442313,2,0
442311,442311,442313,2,0
442311,442311,442313,2,0
442311,442311,442313,2,0
442311,442311,442313,2,0
442311,442311,442313,2,0
442311,442311,442313,2,0
442311,442311,442313,2,0
442311,442311,442313,2,0
442311,442311,442313,2,0
442311,442311,442313,2,0
442311,442311,442313,2,0
442311,442311,442313,2,0
442311,442311,442312,1,0
442311,442311,442313,2,0
442311,442311,442313,2,0
442311,442311,442313,2,0
442311,442311,442313,2,0
442311,442312,442313,1,1
442311,442312,442313,1,1
442311,442311,442313,2,0
442311,442311,442313,2,0
442311,442311,442313,2,0
442311,442311,442313,2,0
442311,442311,442313,2,0
442311,442312,442313,1,1
442311,442312,442314,2,1
442311,442312,442313,1,1
442311,442311,442313,2,0
442311,442311,442313,2,0
442311,442311,442314,3,0
442311,442311,442314,3,0
442311,442311,442313,2,0
442313,442313,442314,1,0
442311,442311,442314,3,0
442313,442313,442314,1,0
442311,442312,442314,2,1
442311,442311,442314,3,0
442311,442311,442313,2,0
442311,442311,442314,3,0
442311,442311,442314,3,0
442311,442311,442314,3,0
442311,442311,442314,3,0
442311,442311,442314,3,0
442311,442311,442314,3,0
442311,442311,442314,3,0
442311,442311,442314,3,0
442311,442311,442314,3,0
442311,442311,442314,3,0
442311,442312,442314,2,1
442311,442312,442314,2,1
442311,442311,442315,4,0
442311,442311,442315,4,0
442313,442313,442315,2,0
442313,442313,442314,1,0
442313,442313,442314,1,0
442313,442313,442314,1,0
442311,442312,442315,3,1
442311,442311,442315,4,0
442313,442313,442315,2,0
442313,442313,442315,2,0
442313,442313,442315,2,0
442313,442313,442316,3,0
442311,442311,442315,4,0
442313,442313,442315,2,0
442313,442313,442315,2,0
442313,442313,442315,2,0
442313,442313,442315,2,0
442313,442313,442315,2,0
442313,442313,442315,2,0
442313,442313,442315,2,0
442313,442313,442315,2,0
442313,442313,442315,2,0
442313,442313,442315,2,0
442313,442313,442315,2,0
442313,442313,442315,2,0
442313,442315,442316,1,2
442311,442312,442315,3,1
442311,442312,442315,3,1
442313,442315,442316,1,2
442311,442311,442315,4,0
442313,442315,442316,1,2
442313,442314,442317,3,1
442313,442313,442317,4,0
442313,442313,442316,3,0
442313,442313,442316,3,0
442313,442315,442316,1,2
442313,442315,442316,1,2
442313,442313,442316,3,0
442313,442315,442316,1,2
442313,442315,442316,1,2
442313,442315,442316,1,2
442313,442315,442316,1,2
442313,442315,442317,2,2
442313,442315,442316,1,2
442313,442314,442317,3,1
442313,442314,442317,3,1
442313,442315,442316,1,2
442313,442314,442317,3,1
442313,442314,442317,3,1
442313,442315,442317,2,2
442313,442314,442317,3,1
442313,442314,442317,3,1
442313,442314,442317,3,1
442313,442314,442316,2,1
442313,442314,442317,3,1
442313,442316,442317,1,3
442313,442313,442317,4,0
442313,442315,442317,2,2
442313,442313,442317,4,0
442313,442315,442317,2,2
442313,442315,442317,2,2
442313,442313,442317,4,0
442313,442315,442317,2,2
442313,442314,442317,3,1
442029,442030,442336,306,1
442005,442006,442339,333,1
441963,441964,442345,381,1
442344,442345,442346,1,1
442344,442345,442346,1,1
442344,442345,442346,1,1
442344,442345,442346,1,1
442344,442345,442346,1,1
442344,442345,442346,1,1
442344,442345,442346,1,1
442344,442345,442346,1,1
442344,442345,442346,1,1
442344,442345,442347,2,1
442344,442345,442346,1,1
442344,442345,442346,1,1
442344,442345,442346,1,1
442344,442345,442346,1,1
442344,442345,442347,2,1
442344,442345,442347,2,1
442344,442345,442346,1,1
442344,442345,442346,1,1
442344,442345,442346,1,1
442344,442345,442346,1,1
442344,442345,442346,1,1
442344,442345,442347,2,1
442344,442345,442346,1,1
442344,442345,442346,1,1
442344,442345,442346,1,1
442344,442345,442346,1,1
442344,442345,442346,1,1
442344,442345,442347,2,1
442344,442345,442346,1,1
442344,442345,442346,1,1
442344,442346,442347,1,2
442344,442345,442347,2,1
442344,442345,442347,2,1
442344,442345,442347,2,1
442344,442345,442348,3,1
442344,442345,442348,3,1
442344,442345,442347,2,1
442344,442345,442347,2,1
442344,442345,442347,2,1
442344,442345,442347,2,1
442344,442345,442348,3,1
442344,442345,442348,3,1
442344,442345,442347,2,1
442344,442345,442348,3,1
442344,442345,442347,2,1
442344,442345,442348,3,1
442344,442345,442348,3,1
442344,442345,442347,2,1
442344,442345,442348,3,1
442344,442345,442347,2,1
442344,442345,442348,3,1
442344,442345,442349,4,1
442344,442345,442348,3,1
442344,442345,442348,3,1
442344,442345,442348,3,1
442344,442345,442348,3,1
442344,442345,442348,3,1
442344,442347,442348,1,3
442344,442347,442348,1,3
442344,442347,442349,2,3
442344,442345,442348,3,1
442344,442345,442349,4,1
442344,442347,442348,1,3
442344,442347,442349,2,3
442344,442345,442348,3,1
442344,442345,442349,4,1
442344,442345,442348,3,1
442344,442345,442348,3,1
442344,442347,442348,1,3
442344,442347,442348,1,3
442344,442345,442348,3,1
442344,442347,442349,2,3
442344,442347,442349,2,3
442344,442349,442350,1,5
441982,441983,442350,367,1
442344,442349,442350,1,5
442344,442349,442350,1,5
442344,442349,442350,1,5
442344,442347,442350,3,3
442344,442349,442350,1,5
442344,442348,442350,2,4
442344,442348,442350,2,4
442344,442347,442350,3,3
442344,442348,442350,2,4
442344,442348,442350,2,4
442344,442347,442350,3,3
442344,442347,442350,3,3
442344,442347,442350,3,3
442344,442348,442350,2,4
442344,442348,442350,2,4
442344,442347,442350,3,3
442344,442347,442350,3,3
442344,442348,442350,2,4
442344,442348,442350,2,4
442344,442348,442350,2,4
442346,442349,442350,1,3
442344,442348,442351,3,4
442344,442349,442350,1,5
442344,442349,442350,1,5
442344,442349,442351,2,5
442344,442348,442351,3,4
442344,442349,442350,1,5
442344,442348,442351,3,4
442344,442349,442350,1,5
442346,442350,442351,1,4
442346,442350,442351,1,4
442346,442350,442351,1,4
442344,442347,442351,4,3
442344,442347,442350,3,3
442344,442348,442350,2,4
442344,442348,442350,2,4
442346,442349,442350,1,3
442346,442349,442350,1,3
442344,442347,442350,3,3
442344,442347,442351,4,3
442344,442348,442350,2,4
442344,442348,442350,2,4
442346,442349,442350,1,3
442344,442347,442350,3,3
442344,442348,442350,2,4
442346,442349,442350,1,3
442346,442349,442350,1,3
442346,442349,442351,2,3
442344,442347,442350,3,3
442344,442348,442350,2,4
442346,442349,442350,1,3
442346,442349,442351,2,3
442346,442349,442350,1,3
442344,442347,442350,3,3
442346,442349,442350,1,3
442344,442347,442352,5,3
442346,442350,442352,2,4
442346,442350,442351,1,4
442346,442350,442351,1,4
442344,442347,442352,5,3
442346,442350,442352,2,4
442346,442350,442352,2,4
442346,442350,442352,2,4
442346,442351,442353,2,5
442346,442351,442353,2,5
442346,442351,442353,2,5
442346,442351,442353,2,5
442346,442351,442353,2,5
442346,442350,442353,3,4
442346,442350,442353,3,4
442346,442350,442353,3,4
442346,442350,442353,3,4
442346,442350,442353,3,4
442346,442350,442353,3,4
442346,442350,442353,3,4
442346,442352,442353,1,6
442346,442350,442353,3,4
442346,442350,442354,4,4
442346,442350,442353,3,4
442346,442352,442353,1,6
442346,442350,442353,3,4
442346,442352,442353,1,6
442346,442352,442353,1,6
442346,442352,442353,1,6
442346,442352,442353,1,6
442346,442350,442353,3,4
442346,442352,442353,1,6
442346,442352,442353,1,6
442346,442352,442353,1,6
442346,442352,442353,1,6
442346,442352,442353,1,6
442346,442350,442353,3,4
442346,442352,442353,1,6
442346,442352,442353,1,6
442346,442352,442353,1,6
442346,442352,442353,1,6
442346,442351,442354,3,5
442346,442351,442353,2,5
442346,442350,442354,4,4
442344,442349,442350,1,5
442344,442349,442350,1,5
442344,442349,442350,1,5
442344,442349,442350,1,5
442344,442349,442350,1,5
442364,442364,442365,1,0
442364,442364,442366,2,0
442364,442364,442366,2,0
442364,442364,442365,1,0
442364,442364,442366,2,0
442364,442364,442366,2,0
442364,442364,442366,2,0
442364,442364,442365,1,0
442364,442364,442365,1,0
442364,442364,442365,1,0
442364,442364,442366,2,0
442364,442364,442366,2,0
442364,442364,442366,2,0
442364,442364,442366,2,0
442364,442364,442366,2,0
442346,442365,442366,1,19
442364,442365,442366,1,1
442364,442365,442366,1,1
442364,442365,442366,1,1
442364,442365,442366,1,1
442364,442364,442367,3,0
442364,442364,442367,3,0
442364,442364,442367,3,0
442364,442364,442367,3,0
442364,442364,442367,3,0
442364,442364,442367,3,0
442364,442364,442366,2,0
442364,442364,442367,3,0
442364,442364,442366,2,0
442364,442364,442367,3,0
442364,442364,442366,2,0
442364,442364,442367,3,0
442364,442364,442367,3,0
442364,442364,442367,3,0
442364,442364,442367,3,0
442364,442364,442366,2,0
442364,442366,442367,1,2
442364,442366,442367,1,2
442364,442366,442367,1,2
442364,442364,442367,3,0
442364,442364,442367,3,0
442364,442364,442367,3,0
442364,442365,442366,1,1
442364,442366,442367,1,2
442364,442365,442366,1,1
442364,442364,442368,4,0
442364,442364,442367,3,0
442364,442364,442367,3,0
442364,442364,442367,3,0
442364,442364,442368,4,0
442364,442364,442368,4,0
442364,442364,442367,3,0
442364,442364,442368,4,0
442364,442364,442368,4,0
442364,442366,442368,2,2
442364,442364,442367,3,0
442364,442364,442368,4,0
442364,442364,442368,4,0
442364,442366,442368,2,2
442364,442364,442368,4,0
442364,442364,442368,4,0
442364,442364,442368,4,0
442344,442348,442352,4,4
442346,442373,442376,3,27
442346,442373,442376,3,27
442346,442373,442376,3,27
442346,442373,442375,2,27
442024,442025,442394,369,1
442396,442396,442398,2,0
442396,442396,442398,2,0
442396,442396,442398,2,0
442396,442396,442398,2,0
442396,442396,442398,2,0
442396,442396,442398,2,0
442396,442396,442398,2,0
442396,442396,442398,2,0
442396,442396,442398,2,0
442396,442396,442398,2,0
442396,442396,442398,2,0
442396,442396,442398,2,0
442396,442396,442398,2,0
442396,442396,442398,2,0
442396,442396,442398,2,0
442396,442396,442398,2,0
442396,442396,442398,2,0
442396,442396,442398,2,0
442396,442396,442398,2,0
442396,442396,442398,2,0
442396,442396,442398,2,0
442396,442396,442398,2,0
442396,442396,442399,3,0
442396,442396,442399,3,0
442396,442396,442399,3,0
442396,442396,442399,3,0
442396,442396,442399,3,0
442396,442396,442399,3,0
442396,442396,442399,3,0
442396,442396,442399,3,0
442396,442396,442399,3,0
442396,442396,442399,3,0
442396,442396,442399,3,0
442396,442396,442399,3,0
442396,442396,442399,3,0
442396,442396,442399,3,0
442396,442396,442399,3,0
442396,442396,442399,3,0
442396,442396,442399,3,0
442396,442396,442400,4,0
442396,442396,442400,4,0
442396,442396,442400,4,0
442396,442396,442400,4,0
442396,442396,442400,4,0
442396,442396,442400,4,0
442396,442396,442400,4,0
442396,442396,442399,3,0
442396,442396,442400,4,0
442396,442396,442400,4,0
442396,442396,442400,4,0
442396,442396,442400,4,0
442396,442396,442401,5,0
442396,442396,442402,6,0
442396,442407,442408,1,11
442396,442407,442408,1,11
442396,442407,442408,1,11
442396,442407,442409,2,11
442396,442407,442410,3,11
442396,442407,442410,3,11
442396,442396,442400,4,0
442396,442396,442400,4,0
442114,442115,442424,309,1
442433,442433,442435,2,0
442433,442433,442435,2,0
442433,442433,442435,2,0
442433,442433,442435,2,0
442433,442433,442435,2,0
442433,442433,442434,1,0
442433,442433,442434,1,0
442433,442433,442435,2,0
442433,442433,442435,2,0
442433,442433,442434,1,0
442433,442433,442435,2,0
442433,442433,442434,1,0
442433,442433,442435,2,0
442433,442433,442435,2,0
442433,442433,442435,2,0
442433,442433,442435,2,0
442433,442433,442435,2,0
442433,442433,442435,2,0
442433,442433,442435,2,0
442433,442433,442435,2,0
442433,442433,442435,2,0
442433,442433,442435,2,0
442433,442433,442435,2,0
442433,442433,442436,3,0
442433,442433,442435,2,0
442433,442433,442435,2,0
442433,442433,442436,3,0
442433,442433,442436,3,0
442433,442433,442435,2,0
442433,442433,442435,2,0
442433,442433,442435,2,0
442433,442433,442436,3,0
442433,442433,442436,3,0
442433,442433,442436,3,0
442433,442433,442435,2,0
442433,442433,442436,3,0
442433,442433,442435,2,0
442433,442433,442435,2,0
442433,442433,442436,3,0
442433,442433,442435,2,0
442433,442433,442436,3,0
442433,442433,442436,3,0
442433,442433,442436,3,0
442433,442433,442436,3,0
442433,442433,442436,3,0
442433,442433,442436,3,0
442433,442433,442436,3,0
442433,442433,442437,4,0
442433,442433,442436,3,0
442433,442433,442437,4,0
442433,442433,442436,3,0
442433,442433,442437,4,0
442433,442433,442436,3,0
442433,442433,442436,3,0
442433,442433,442437,4,0
442433,442433,442436,3,0
442433,442433,442437,4,0
442433,442433,442437,4,0
442433,442433,442437,4,0
442433,442433,442438,5,0
442433,442433,442438,5,0
442110,442111,442451,340,1
442453,442453,442454,1,0
442453,442453,442455,2,0
442453,442453,442455,2,0
442453,442453,442455,2,0
442453,442453,442455,2,0
442453,442454,442455,1,1
442453,442453,442455,2,0
442453,442453,442455,2,0
442453,442453,442455,2,0
442453,442453,442455,2,0
442453,442453,442455,2,0
442453,442453,442455,2,0
442453,442453,442455,2,0
442453,442453,442455,2,0
442453,442453,442455,2,0
442453,442453,442455,2,0
442453,442453,442455,2,0
442453,442453,442455,2,0
442453,442454,442455,1,1
442453,442454,442455,1,1
442453,442454,442455,1,1
442453,442454,442455,1,1
442453,442453,442456,3,0
442453,442453,442455,2,0
442453,442453,442455,2,0
442453,442453,442456,3,0
442453,442453,442456,3,0
442453,442454,442456,2,1
442453,442454,442456,2,1
442453,442454,442455,1,1
442453,442453,442455,2,0
442453,442453,442456,3,0
442453,442453,442456,3,0
442453,442453,442456,3,0
442453,442453,442455,2,0
442453,442453,442456,3,0
442453,442453,442456,3,0
442453,442453,442456,3,0
442453,442453,442456,3,0
442453,442453,442456,3,0
442453,442453,442456,3,0
442453,442453,442456,3,0
442453,442454,442457,3,1
442453,442453,442456,3,0
442453,442453,442457,4,0
442453,442453,442457,4,0
442453,442453,442457,4,0
442453,442453,442456,3,0
442453,442453,442456,3,0
442453,442453,442457,4,0
442453,442453,442456,3,0
442453,442453,442456,3,0
442453,442454,442457,3,1
442453,442454,442457,3,1
442453,442453,442458,5,0
442453,442453,442457,4,0
442453,442459,442461,2,6
442453,442459,442461,2,6
442453,442459,442462,3,6
442453,442459,442463,4,6
442453,442459,442463,4,6
442129,442130,442484,354,1
442485,442485,442487,2,0
442485,442485,442488,3,0
442485,442485,442487,2,0
442485,442485,442487,2,0
442485,442485,442487,2,0
442485,442486,442488,2,1
442485,442486,442487,1,1
442485,442486,442487,1,1
442485,442486,442487,1,1
442485,442486,442487,1,1
442485,442486,442487,1,1
442485,442485,442487,2,0
442485,442485,442487,2,0
442485,442485,442487,2,0
442485,442485,442487,2,0
442485,442486,442487,1,1
442485,442485,442487,2,0
442485,442486,442487,1,1
442485,442486,442487,1,1
442485,442485,442487,2,0
442485,442486,442487,1,1
442485,442486,442487,1,1
442485,442486,442487,1,1
442485,442486,442488,2,1
442485,442486,442488,2,1
442485,442486,442488,2,1
442485,442486,442488,2,1
442485,442486,442488,2,1
442485,442486,442488,2,1
442485,442485,442488,3,0
442485,442485,442488,3,0
442485,442486,442489,3,1
442485,442486,442488,2,1
442485,442486,442488,2,1
442485,442486,442488,2,1
442485,442486,442488,2,1
442485,442486,442488,2,1
442485,442486,442488,2,1
442485,442486,442488,2,1
442485,442486,442488,2,1
442485,442486,442488,2,1
442485,442486,442489,3,1
442485,442486,442489,3,1
442485,442486,442489,3,1
442485,442486,442489,3,1
442485,442486,442490,4,1
442485,442486,442489,3,1
442485,442485,442489,4,0
442485,442485,442489,4,0
442485,442486,442489,3,1
442485,442486,442489,3,1
442485,442486,442489,3,1
442485,442486,442489,3,1
442485,442485,442489,4,0
442485,442486,442489,3,1
442485,442486,442489,3,1
442485,442486,442489,3,1
442485,442486,442489,3,1
442485,442486,442489,3,1
442485,442486,442490,4,1
442485,442486,442490,4,1
442162,442164,442503,339,2
442507,442508,442510,2,1
442507,442508,442510,2,1
442507,442508,442510,2,1
442507,442508,442510,2,1
442507,442508,442510,2,1
442507,442508,442509,1,1
442507,442508,442509,1,1
442507,442508,442510,2,1
442507,442508,442510,2,1
442507,442508,442510,2,1
442507,442508,442509,1,1
442507,442508,442509,1,1
442507,442508,442510,2,1
442507,442508,442509,1,1
442507,442508,442509,1,1
442507,442508,442509,1,1
442507,442508,442509,1,1
442507,442508,442510,2,1
442507,442508,442509,1,1
442507,442508,442510,2,1
442507,442508,442510,2,1
442507,442508,442510,2,1
442507,442508,442509,1,1
442507,442508,442509,1,1
442507,442508,442510,2,1
442507,442508,442510,2,1
442507,442508,442510,2,1
442507,442508,442511,3,1
442507,442508,442510,2,1
442507,442508,442510,2,1
442507,442508,442511,3,1
442507,442508,442511,3,1
442507,442508,442510,2,1
442507,442508,442510,2,1
442507,442508,442511,3,1
442507,442508,442511,3,1
442507,442508,442510,2,1
442507,442508,442511,3,1
442507,442508,442510,2,1
442507,442508,442511,3,1
442507,442508,442511,3,1
442507,442508,442511,3,1
442507,442508,442511,3,1
442507,442508,442511,3,1
442507,442508,442511,3,1
442507,442508,442511,3,1
442507,442508,442512,4,1
442507,442508,442511,3,1
442507,442508,442511,3,1
442507,442508,442511,3,1
442507,442508,442512,4,1
442507,442508,442512,4,1
442507,442508,442512,4,1
442507,442508,442511,3,1
442507,442508,442511,3,1
442507,442508,442511,3,1
442507,442508,442511,3,1
442507,442508,442511,3,1
442507,442508,442511,3,1
442507,442508,442512,4,1
442507,442508,442512,4,1
442180,442181,442516,335,1
442526,442526,442528,2,0
442526,442526,442527,1,0
442526,442526,442528,2,0
442526,442526,442528,2,0
442526,442526,442528,2,0
442526,442526,442528,2,0
442526,442526,442527,1,0
442526,442526,442528,2,0
442526,442526,442528,2,0
442526,442526,442528,2,0
442526,442526,442528,2,0
442526,442526,442528,2,0
442526,442526,442528,2,0
442526,442526,442528,2,0
442526,442526,442528,2,0
442526,442526,442528,2,0
442526,442526,442528,2,0
442526,442526,442528,2,0
442526,442526,442528,2,0
442526,442526,442528,2,0
442526,442526,442528,2,0
442526,442526,442528,2,0
442526,442526,442528,2,0
442526,442526,442528,2,0
442526,442526,442528,2,0
442526,442526,442528,2,0
442526,442526,442529,3,0
442526,442526,442529,3,0
442526,442526,442529,3,0
442526,442526,442528,2,0
442526,442526,442529,3,0
442526,442526,442528,2,0
442526,442526,442529,3,0
442526,442526,442529,3,0
442526,442526,442529,3,0
442526,442526,442528,2,0
442526,442526,442529,3,0
442526,442526,442529,3,0
442526,442526,442529,3,0
442526,442526,442529,3,0
442526,442526,442529,3,0
442526,442527,442529,2,1
442526,442527,442529,2,1
442526,442527,442529,2,1
442526,442526,442530,4,0
442526,442526,442530,4,0
442526,442526,442529,3,0
442526,442526,442530,4,0
442526,442526,442529,3,0
442526,442526,442530,4,0
442526,442526,442530,4,0
442526,442526,442529,3,0
442526,442526,442530,4,0
442526,442526,442530,4,0
442526,442526,442530,4,0
442526,442526,442530,4,0
442526,442526,442530,4,0
442526,442526,442530,4,0
442526,442526,442529,3,0
442526,442526,442530,4,0
442526,442526,442530,4,0
442156,442158,442541,383,2
442544,442544,442546,2,0
442544,442544,442546,2,0
442544,442544,442546,2,0
442544,442544,442546,2,0
442544,442544,442546,2,0
442544,442544,442546,2,0
442544,442544,442546,2,0
442544,442544,442546,2,0
442544,442544,442546,2,0
442544,442544,442546,2,0
442544,442544,442546,2,0
442544,442544,442546,2,0
442544,442544,442546,2,0
442544,442544,442546,2,0
442544,442544,442546,2,0
442544,442544,442546,2,0
442544,442544,442546,2,0
442544,442544,442546,2,0
442544,442544,442546,2,0
442544,442544,442547,3,0
442544,442544,442547,3,0
442544,442544,442547,3,0
442544,442544,442547,3,0
442544,442544,442546,2,0
442544,442544,442547,3,0
442544,442544,442547,3,0
442544,442544,442547,3,0
442544,442544,442547,3,0
442544,442544,442547,3,0
442544,442544,442546,2,0
442544,442544,442547,3,0
442544,442544,442547,3,0
442544,442545,442547,2,1
442544,442544,442546,2,0
442544,442544,442546,2,0
442544,442544,442546,2,0
442544,442544,442548,4,0
442544,442544,442548,4,0
442544,442544,442547,3,0
442544,442544,442548,4,0
442544,442544,442548,4,0
442544,442544,442548,4,0
442544,442544,442548,4,0
442544,442544,442548,4,0
442544,442544,442548,4,0
442544,442544,442548,4,0
442544,442544,442548,4,0
442544,442544,442548,4,0
442544,442544,442548,4,0
442544,442545,442548,3,1
442544,442545,442548,3,1
442544,442545,442548,3,1
442544,442545,442548,3,1
442544,442545,442548,3,1
442544,442545,442549,4,1
442544,442544,442549,5,0
442544,442544,442552,8,0
442544,442544,442559,15,0
442544,442569,442571,2,25
442544,442569,442571,2,25
442544,442569,442571,2,25
442194,442195,442572,377,1
442582,442582,442584,2,0
442582,442582,442584,2,0
442582,442582,442584,2,0
442582,442582,442584,2,0
442582,442582,442584,2,0
442582,442582,442584,2,0
442582,442582,442584,2,0
442582,442582,442584,2,0
442582,442582,442584,2,0
442582,442582,442584,2,0
442582,442582,442584,2,0
442582,442582,442584,2,0
442582,442582,442584,2,0
442582,442582,442584,2,0
442582,442582,442584,2,0
442582,442582,442584,2,0
442582,442582,442584,2,0
442582,442582,442584,2,0
442582,442582,442584,2,0
442582,442582,442584,2,0
442582,442582,442584,2,0
442582,442582,442584,2,0
442582,442582,442584,2,0
442582,442582,442584,2,0
442582,442582,442585,3,0
442582,442582,442585,3,0
442582,442582,442584,2,0
442582,442582,442585,3,0
442582,442582,442585,3,0
442582,442582,442585,3,0
442582,442582,442585,3,0
442582,442582,442585,3,0
442582,442582,442585,3,0
442582,442582,442585,3,0
442582,442582,442585,3,0
442582,442582,442585,3,0
442582,442582,442585,3,0
442582,442582,442585,3,0
442582,442582,442585,3,0
442582,442582,442585,3,0
442582,442582,442586,4,0
442582,442582,442586,4,0
442582,442582,442586,4,0
442225,442228,442586,358,3
442582,442582,442586,4,0
442582,442582,442586,4,0
442582,442582,442586,4,0
442582,442582,442586,4,0
442582,442582,442586,4,0
442582,442582,442586,4,0
442582,442585,442586,1,3
442582,442585,442587,2,3
442582,442585,442587,2,3
442582,442585,442588,3,3
442582,442585,442588,3,3
442582,442585,442589,4,3
442588,442588,442590,2,0
442588,442588,442590,2,0
442588,442588,442590,2,0
442588,442588,442590,2,0
442588,442588,442590,2,0
442588,442588,442590,2,0
442588,442588,442590,2,0
442588,442588,442590,2,0
442588,442588,442590,2,0
442588,442588,442590,2,0
442588,442588,442590,2,0
442588,442588,442590,2,0
442588,442588,442590,2,0
442588,442588,442590,2,0
442588,442588,442590,2,0
442588,442588,442590,2,0
442588,442588,442590,2,0
442588,442588,442590,2,0
442588,442588,442590,2,0
442588,442588,442590,2,0
442588,442588,442590,2,0
442588,442588,442590,2,0
442588,442588,442590,2,0
442588,442588,442591,3,0
442588,442590,442591,1,2
442588,442588,442591,3,0
442588,442588,442591,3,0
442588,442588,442590,2,0
442588,442588,442591,3,0
442588,442588,442591,3,0
442588,442588,442590,2,0
442588,442588,442591,3,0
442588,442590,442591,1,2
442588,442590,442591,1,2
442588,442588,442591,3,0
442588,442588,442591,3,0
442588,442588,442591,3,0
442588,442588,442591,3,0
442588,442588,442591,3,0
442588,442588,442590,2,0
442588,442589,442591,2,1
442588,442589,442591,2,1
442588,442588,442591,3,0
442588,442590,442591,1,2
442588,442588,442592,4,0
442588,442588,442592,4,0
442588,442588,442592,4,0
442588,442590,442591,1,2
442588,442590,442591,1,2
442588,442588,442591,3,0
442588,442588,442591,3,0
442588,442588,442591,3,0
442588,442588,442591,3,0
442588,442588,442592,4,0
442588,442588,442592,4,0
442588,442588,442591,3,0
442588,442588,442592,4,0
442588,442588,442592,4,0
442588,442588,442591,3,0
442588,442588,442593,5,0
442588,442588,442594,6,0
442582,442603,442604,1,21
442582,442603,442604,1,21
442582,442603,442606,3,21
442582,442603,442605,2,21
442582,442603,442605,2,21
442582,442603,442606,3,21
442273,442273,442608,335,0
442609,442610,442611,1,1
442609,442610,442611,1,1
442609,442610,442611,1,1
442609,442610,442611,1,1
442609,442610,442612,2,1
442609,442610,442611,1,1
442609,442610,442611,1,1
442609,442610,442611,1,1
442609,442610,442611,1,1
442609,442610,442611,1,1
442609,442610,442611,1,1
442609,442610,442611,1,1
442609,442610,442611,1,1
442609,442610,442611,1,1
442609,442610,442612,2,1
442609,442610,442612,2,1
442609,442610,442611,1,1
442609,442610,442611,1,1
442609,442610,442611,1,1
442609,442610,442611,1,1
442609,442610,442611,1,1
442609,442610,442612,2,1
442609,442610,442612,2,1
442609,442610,442611,1,1
442609,442610,442611,1,1
442609,442610,442612,2,1
442609,442610,442611,1,1
442609,442610,442611,1,1
442609,442610,442612,2,1
442609,442610,442611,1,1
442609,442610,442611,1,1
442609,442610,442611,1,1
442609,442610,442611,1,1
442609,442610,442611,1,1
442609,442610,442612,2,1
442609,442610,442613,3,1
442609,442610,442613,3,1
442609,442610,442612,2,1
442609,442610,442612,2,1
442609,442610,442612,2,1
442609,442610,442612,2,1
442609,442610,442613,3,1
442609,442610,442612,2,1
442609,442610,442612,2,1
442609,442610,442612,2,1
442609,442610,442613,3,1
442609,442610,442612,2,1
442609,442610,442612,2,1
442609,442610,442612,2,1
442609,442610,442613,3,1
442609,442610,442613,3,1
442609,442610,442613,3,1
442609,442610,442613,3,1
442609,442610,442613,3,1
442609,442610,442613,3,1
442609,442610,442613,3,1
442609,442610,442613,3,1
442609,442610,442613,3,1
442609,442610,442614,4,1
442609,442610,442613,3,1
442609,442610,442614,4,1
442246,442249,442614,365,3
442620,442620,442622,2,0
442620,442620,442622,2,0
442620,442620,442622,2,0
442620,442620,442622,2,0
442620,442620,442622,2,0
442620,442620,442622,2,0
442620,442620,442622,2,0
442620,442620,442622,2,0
442620,442620,442622,2,0
442620,442620,442622,2,0
442620,442620,442622,2,0
442620,442620,442622,2,0
442620,442620,442622,2,0
442620,442620,442622,2,0
442620,442620,442622,2,0
442620,442620,442622,2,0
442620,442620,442622,2,0
442620,442620,442622,2,0
442620,442620,442622,2,0
442620,442620,442621,1,0
442620,442620,442622,2,0
442620,442620,442622,2,0
442620,442620,442622,2,0
442620,442620,442622,2,0
442620,442620,442622,2,0
442620,442620,442622,2,0
442620,442620,442622,2,0
442620,442620,442622,2,0
442620,442620,442622,2,0
442620,442620,442622,2,0
442620,442620,442623,3,0
442620,442620,442622,2,0
442620,442620,442622,2,0
442620,442620,442623,3,0
442620,442620,442622,2,0
442620,442620,442622,2,0
442620,442620,442623,3,0
442620,442620,442622,2,0
442620,442620,442623,3,0
442620,442620,442622,2,0
442620,442620,442623,3,0
442620,442620,442623,3,0
442620,442620,442623,3,0
442620,442620,442623,3,0
442620,442620,442623,3,0
442620,442620,442623,3,0
442620,442620,442624,4,0
442620,442620,442624,4,0
442620,442620,442623,3,0
442620,442620,442624,4,0
442620,442620,442624,4,0
442620,442620,442623,3,0
442620,442620,442624,4,0
442620,442620,442623,3,0
442620,442620,442624,4,0
442620,442620,442623,3,0
442620,442620,442624,4,0
442620,442620,442623,3,0
442620,442620,442625,5,0
442620,442620,442625,5,0
442620,442620,442626,6,0
442285,442285,442627,342,0
442299,442300,442633,333,1
442635,442635,442636,1,0
442635,442636,442637,1,1
442635,442636,442637,1,1
442635,442635,442637,2,0
442635,442635,442637,2,0
442635,442635,442637,2,0
442635,442635,442637,2,0
442635,442635,442637,2,0
442635,442635,442637,2,0
442635,442635,442637,2,0
442635,442635,442637,2,0
442635,442635,442637,2,0
442635,442635,442637,2,0
442635,442635,442637,2,0
442635,442635,442637,2,0
442635,442635,442637,2,0
442635,442635,442637,2,0
442635,442635,442637,2,0
442635,442635,442637,2,0
442635,442635,442637,2,0
442635,442635,442637,2,0
442635,442635,442637,2,0
442635,442635,442637,2,0
442635,442635,442637,2,0
442635,442635,442637,2,0
442635,442635,442637,2,0
442635,442635,442637,2,0
442635,442635,442637,2,0
442635,442635,442637,2,0
442635,442635,442637,2,0
442635,442635,442637,2,0
442635,442635,442637,2,0
442635,442635,442637,2,0
442635,442636,442637,1,1
442635,442636,442638,2,1
442635,442636,442638,2,1
442635,442636,442638,2,1
442635,442636,442637,1,1
442635,442636,442638,2,1
442635,442636,442638,2,1
442635,442635,442638,3,0
442635,442635,442638,3,0
442635,442635,442638,3,0
442635,442635,442638,3,0
442635,442635,442638,3,0
442635,442635,442638,3,0
442635,442635,442638,3,0
442635,442635,442638,3,0
442635,442635,442638,3,0
442635,442635,442638,3,0
442635,442636,442639,3,1
442635,442636,442639,3,1
442635,442635,442639,4,0
442635,442635,442639,4,0
442635,442635,442639,4,0
442635,442636,442639,3,1
442635,442636,442639,3,1
442635,442635,442639,4,0
442635,442635,442639,4,0
442635,442635,442639,4,0
442635,442635,442639,4,0
442635,442635,442639,4,0
442283,442284,442641,357,1
442650,442651,442652,1,1
442650,442651,442652,1,1
442650,442651,442652,1,1
442650,442651,442653,2,1
442650,442651,442653,2,1
442650,442651,442653,2,1
442650,442651,442652,1,1
442650,442651,442653,2,1
442650,442651,442652,1,1
442650,442651,442652,1,1
442650,442651,442653,2,1
442650,442651,442653,2,1
442650,442651,442653,2,1
442650,442651,442652,1,1
442650,442651,442652,1,1
442650,442651,442653,2,1
442650,442651,442653,2,1
442650,442651,442653,2,1
442650,442651,442652,1,1
442650,442651,442652,1,1
442650,442651,442652,1,1
442650,442651,442653,2,1
442650,442651,442653,2,1
442650,442651,442652,1,1
442650,442651,442652,1,1
442650,442651,442652,1,1
442650,442651,442652,1,1
442650,442651,442653,2,1
442650,442651,442653,2,1
442650,442651,442653,2,1
442650,442651,442652,1,1
442650,442651,442652,1,1
442650,442651,442652,1,1
442650,442651,442653,2,1
442650,442651,442653,2,1
442650,442651,442654,3,1
442650,442651,442653,2,1
442650,442651,442654,3,1
442650,442651,442654,3,1
442650,442651,442653,2,1
442650,442651,442654,3,1
442650,442651,442654,3,1
442650,442651,442654,3,1
442650,442651,442654,3,1
442650,442651,442653,2,1
442650,442651,442654,3,1
442650,442651,442654,3,1
442650,442651,442653,2,1
442650,442651,442654,3,1
442650,442651,442654,3,1
442650,442651,442654,3,1
442650,442651,442654,3,1
442650,442651,442655,4,1
442650,442651,442654,3,1
442650,442651,442654,3,1
442650,442651,442654,3,1
442650,442651,442654,3,1
442650,442651,442654,3,1
442650,442651,442654,3,1
442650,442657,442658,1,7
442650,442657,442658,1,7
442650,442657,442659,2,7
442664,442664,442666,2,0
442664,442664,442666,2,0
442664,442664,442665,1,0
442664,442664,442666,2,0
442664,442664,442666,2,0
442664,442664,442666,2,0
442664,442664,442665,1,0
442664,442664,442666,2,0
442664,442664,442665,1,0
442664,442664,442665,1,0
442664,442664,442666,2,0
442664,442664,442666,2,0
442664,442664,442665,1,0
442664,442664,442665,1,0
442664,442664,442666,2,0
442664,442664,442666,2,0
442664,442664,442665,1,0
442664,442664,442665,1,0
442664,442664,442666,2,0
442664,442664,442666,2,0
442664,442664,442665,1,0
442664,442664,442665,1,0
442664,442664,442665,1,0
442664,442664,442665,1,0
442664,442664,442666,2,0
442664,442664,442666,2,0
442664,442664,442665,1,0
442664,442664,442665,1,0
442664,442664,442665,1,0
442664,442664,442666,2,0
442664,442664,442666,2,0
442664,442664,442666,2,0
442664,442664,442667,3,0
442664,442664,442666,2,0
442664,442664,442667,3,0
442664,442664,442667,3,0
442664,442664,442667,3,0
442664,442664,442667,3,0
442664,442664,442667,3,0
442664,442664,442667,3,0
442664,442664,442667,3,0
442664,442664,442667,3,0
442664,442664,442666,2,0
442664,442664,442666,2,0
442664,442664,442667,3,0
442664,442664,442666,2,0
442664,442664,442666,2,0
442664,442664,442667,3,0
442664,442664,442667,3,0
442664,442664,442666,2,0
442664,442664,442667,3,0
442664,442664,442667,3,0
442664,442664,442667,3,0
442664,442664,442667,3,0
442664,442664,442667,3,0
442664,442664,442667,3,0
442664,442664,442667,3,0
442664,442664,442668,4,0
442664,442667,442668,1,3
442664,442667,442669,2,3
442664,442667,442670,3,3
442314,442316,442673,357,2
442680,442681,442682,1,1
442680,442681,442682,1,1
442680,442681,442682,1,1
442680,442681,442682,1,1
442680,442681,442682,1,1
442680,442681,442682,1,1
442680,442681,442682,1,1
442680,442681,442682,1,1
442680,442681,442682,1,1
442680,442681,442683,2,1
442680,442681,442682,1,1
442680,442681,442682,1,1
442680,442681,442682,1,1
442680,442681,442682,1,1
442680,442681,442682,1,1
442680,442681,442683,2,1
442680,442681,442682,1,1
442680,442681,442682,1,1
442680,442681,442682,1,1
442680,442681,442682,1,1
442680,442681,442683,2,1
442680,442681,442683,2,1
442680,442681,442684,3,1
442680,442681,442683,2,1
442680,442681,442684,3,1
442680,442681,442683,2,1
442680,442681,442683,2,1
442680,442681,442683,2,1
442680,442681,442683,2,1
442680,442681,442683,2,1
442680,442681,442683,2,1
442680,442681,442684,3,1
442680,442681,442683,2,1
442680,442681,442683,2,1
442680,442681,442683,2,1
442680,442681,442684,3,1
442680,442681,442683,2,1
442680,442681,442683,2,1
442680,442681,442683,2,1
442680,442681,442684,3,1
442680,442681,442684,3,1
442680,442681,442684,3,1
442680,442681,442685,4,1
442680,442681,442684,3,1
442312,442312,442685,373,0
442680,442681,442684,3,1
442680,442681,442684,3,1
442680,442681,442685,4,1
442680,442681,442684,3,1
442680,442681,442684,3,1
442680,442681,442684,3,1
442680,442681,442684,3,1
442680,442681,442682,1,1
442680,442681,442682,1,1
442680,442681,442684,3,1
442680,442681,442685,4,1
442680,442681,442685,4,1
442680,442681,442686,5,1
442680,442681,442686,5,1
442680,442681,442685,4,1
442348,442352,442692,340,4
442680,442681,442693,12,1
442680,442681,442694,13,1
442698,442698,442699,1,0
442346,442349,442699,350,3
442698,442698,442700,2,0
442698,442698,442699,1,0
442698,442698,442700,2,0
442698,442698,442699,1,0
442698,442698,442699,1,0
442698,442698,442699,1,0
442698,442698,442700,2,0
442698,442698,442700,2,0
442698,442698,442700,2,0
442698,442698,442700,2,0
442698,442698,442700,2,0
442698,442698,442699,1,0
442698,442698,442699,1,0
442698,442698,442700,2,0
442698,442698,442700,2,0
442698,442698,442699,1,0
442698,442698,442700,2,0
442698,442698,442700,2,0
442698,442698,442699,1,0
442698,442698,442699,1,0
442698,442698,442700,2,0
442698,442698,442700,2,0
442698,442698,442700,2,0
442698,442698,442699,1,0
442698,442698,442700,2,0
442698,442698,442700,2,0
442698,442698,442700,2,0
442698,442698,442699,1,0
442698,442698,442699,1,0
442698,442698,442700,2,0
442698,442698,442700,2,0
442698,442698,442700,2,0
442698,442699,442700,1,1
442698,442698,442701,3,0
442698,442698,442700,2,0
442698,442698,442700,2,0
442698,442698,442701,3,0
442698,442698,442700,2,0
442698,442698,442701,3,0
442698,442698,442700,2,0
442698,442700,442701,1,2
442698,442700,442701,1,2
442698,442698,442700,2,0
442698,442698,442701,3,0
442698,442698,442701,3,0
442698,442698,442701,3,0
442698,442698,442700,2,0
442698,442698,442701,3,0
442698,442698,442701,3,0
442698,442698,442700,2,0
442698,442698,442701,3,0
442698,442698,442701,3,0
442698,442698,442700,2,0
442698,442698,442700,2,0
442698,442698,442701,3,0
442698,442698,442701,3,0
442698,442698,442701,3,0
442698,442698,442701,3,0
442698,442698,442702,4,0
442698,442700,442701,1,2
442698,442698,442701,3,0
442698,442700,442701,1,2
442698,442698,442702,4,0
442698,442700,442701,1,2
442698,442700,442702,2,2
442698,442700,442702,2,2
442698,442700,442702,2,2
442698,442700,442702,2,2
442698,442698,442702,4,0
442698,442700,442702,2,2
442698,442700,442702,2,2
442698,442700,442702,2,2
442698,442700,442702,2,2
442698,442698,442702,4,0
442698,442700,442702,2,2
442698,442700,442702,2,2
442698,442700,442702,2,2
442698,442700,442702,2,2
442698,442698,442702,4,0
442698,442700,442702,2,2
442698,442700,442702,2,2
442698,442700,442702,2,2
442698,442700,442702,2,2
442698,442700,442702,2,2
442698,442700,442702,2,2
442698,442700,442702,2,2
442698,442701,442702,1,3
442698,442702,442703,1,4
442698,442700,442703,3,2
442698,442701,442702,1,3
442698,442701,442702,1,3
442698,442701,442702,1,3
442698,442701,442703,2,3
442698,442701,442703,2,3
442698,442701,442702,1,3
442698,442700,442703,3,2
442698,442701,442703,2,3
442698,442701,442703,2,3
442698,442701,442703,2,3
442698,442701,442703,2,3
442698,442701,442704,3,3
442698,442701,442704,3,3
442698,442702,442703,1,4
442698,442701,442703,2,3
442698,442701,442703,2,3
442698,442701,442703,2,3
442698,442701,442704,3,3
442698,442701,442704,3,3
442698,442701,442703,2,3
442698,442701,442703,2,3
442698,442701,442704,3,3
442698,442700,442704,4,2
442698,442700,442704,4,2
442698,442700,442704,4,2
442698,442700,442704,4,2
442698,442700,442704,4,2
442698,442701,442704,3,3
442698,442700,442704,4,2
442698,442700,442703,3,2
442698,442700,442703,3,2
442698,442701,442703,2,3
442698,442701,442703,2,3
442365,442366,442711,345,1
442350,442352,442713,361,2
442724,442724,442725,1,0
442724,442724,442726,2,0
442724,442724,442725,1,0
442724,442724,442725,1,0
442724,442724,442726,2,0
442724,442724,442725,1,0
442724,442724,442725,1,0
442724,442724,442726,2,0
442724,442724,442726,2,0
442724,442724,442725,1,0
442724,442724,442725,1,0
442724,442724,442726,2,0
442724,442724,442726,2,0
442724,442724,442726,2,0
442724,442725,442726,1,1
442724,442725,442726,1,1
442724,442724,442725,1,0
442724,442724,442726,2,0
442724,442724,442726,2,0
442724,442724,442726,2,0
442724,442724,442726,2,0
442724,442724,442726,2,0
442724,442724,442726,2,0
442724,442724,442726,2,0
442724,442724,442725,1,0
442724,442725,442726,1,1
442724,442724,442725,1,0
442724,442724,442726,2,0
442724,442724,442726,2,0
442724,442724,442726,2,0
442724,442724,442726,2,0
442724,442724,442726,2,0
442724,442725,442726,1,1
442724,442725,442726,1,1
442724,442725,442726,1,1
442724,442725,442727,2,1
442724,442725,442726,1,1
442724,442724,442727,3,0
442724,442724,442727,3,0
442724,442725,442727,2,1
442724,442725,442726,1,1
442724,442724,442727,3,0
442724,442724,442727,3,0
442724,442726,442727,1,2
442724,442724,442727,3,0
442724,442724,442727,3,0
442724,442724,442726,2,0
442724,442724,442727,3,0
442724,442724,442727,3,0
442724,442724,442727,3,0
442724,442724,442726,2,0
442724,442724,442727,3,0
442724,442724,442727,3,0
442724,442724,442727,3,0
442724,442725,442727,2,1
442724,442724,442727,3,0
442724,442726,442728,2,2
442724,442726,442728,2,2
442724,442726,442728,2,2
442724,442726,442728,2,2
442724,442726,442728,2,2
442724,442726,442728,2,2
442724,442725,442728,3,1
442724,442725,442727,2,1
442724,442726,442728,2,2
442724,442726,442728,2,2
442724,442726,442728,2,2
442724,442726,442728,2,2
442724,442726,442728,2,2
442724,442726,442728,2,2
442724,442724,442728,4,0
442724,442726,442728,2,2
442724,442726,442728,2,2
442724,442726,442728,2,2
442724,442726,442728,2,2
442724,442726,442729,3,2
442724,442728,442729,1,4
442724,442728,442729,1,4
442724,442726,442729,3,2
442724,442726,442729,3,2
442724,442727,442729,2,3
442724,442728,442729,1,4
442724,442728,442729,1,4
442724,442726,442729,3,2
442724,442726,442729,3,2
442724,442726,442730,4,2
442724,442728,442729,1,4
442724,442728,442729,1,4
442724,442727,442729,2,3
442724,442727,442729,2,3
442724,442726,442729,3,2
442724,442726,442730,4,2
442724,442727,442729,2,3
442724,442728,442729,1,4
442724,442727,442729,2,3
442724,442727,442729,2,3
442724,442727,442730,3,3
442724,442727,442730,3,3
442724,442728,442729,1,4
442724,442726,442729,3,2
442724,442726,442730,4,2
442724,442728,442729,1,4
442724,442727,442729,2,3
442724,442727,442729,2,3
442724,442727,442729,2,3
442724,442727,442729,2,3
442724,442727,442729,2,3
442724,442727,442730,3,3
442724,442727,442730,3,3
442724,442726,442730,4,2
442724,442726,442730,4,2
442724,442726,442730,4,2
442724,442726,442730,4,2
442724,442744,442745,1,20
442724,442744,442745,1,20
442724,442744,442745,1,20
442724,442744,442745,1,20
442724,442744,442745,1,20
442724,442744,442746,2,20
442724,442744,442746,2,20
442746,442746,442748,2,0
442746,442746,442748,2,0
442746,442746,442748,2,0
442746,442746,442748,2,0
442746,442746,442748,2,0
442746,442746,442748,2,0
442746,442746,442748,2,0
442746,442746,442748,2,0
442746,442746,442748,2,0
442746,442746,442748,2,0
442746,442746,442748,2,0
442746,442746,442748,2,0
442746,442746,442748,2,0
442746,442746,442748,2,0
442746,442746,442748,2,0
442746,442746,442748,2,0
442746,442746,442748,2,0
442746,442746,442748,2,0
442746,442746,442748,2,0
442746,442746,442748,2,0
442746,442746,442748,2,0
442746,442746,442748,2,0
442746,442746,442748,2,0
442746,442746,442748,2,0
442746,442746,442748,2,0
442746,442746,442748,2,0
442746,442746,442748,2,0
442746,442746,442748,2,0
442746,442746,442748,2,0
442746,442746,442748,2,0
442746,442746,442748,2,0
442746,442746,442748,2,0
442746,442747,442748,1,1
442746,442746,442749,3,0
442746,442746,442749,3,0
442746,442746,442749,3,0
442746,442746,442749,3,0
442746,442746,442749,3,0
442746,442746,442749,3,0
442746,442746,442749,3,0
442746,442746,442749,3,0
442746,442746,442749,3,0
442746,442746,442749,3,0
442746,442746,442749,3,0
442746,442746,442749,3,0
442746,442746,442749,3,0
442746,442746,442749,3,0
442746,442746,442749,3,0
442746,442746,442749,3,0
442746,442746,442749,3,0
442746,442746,442749,3,0
442746,442746,442750,4,0
442746,442746,442750,4,0
442746,442746,442750,4,0
442746,442746,442750,4,0
442746,442746,442750,4,0
442397,442399,442756,357,2
442746,442760,442761,1,14
442746,442760,442761,1,14
442746,442760,442761,1,14
442746,442760,442762,2,14
442760,442761,442762,1,1
442760,442761,442762,1,1
442760,442761,442763,2,1
442760,442761,442762,1,1
442760,442761,442763,2,1
442760,442761,442763,2,1
442760,442761,442762,1,1
442760,442761,442763,2,1
442760,442761,442762,1,1
442760,442761,442762,1,1
442760,442761,442762,1,1
442760,442761,442762,1,1
442760,442761,442762,1,1
442760,442761,442762,1,1
442760,442761,442763,2,1
442760,442761,442763,2,1
442760,442761,442762,1,1
442760,442761,442762,1,1
442760,442761,442763,2,1
442760,442761,442762,1,1
442760,442761,442762,1,1
442760,442761,442763,2,1
442746,442760,442762,2,14
442746,442760,442763,3,14
442760,442761,442763,2,1
442760,442761,442762,1,1
442760,442761,442763,2,1
442760,442761,442764,3,1
442760,442761,442763,2,1
442760,442761,442763,2,1
442760,442761,442763,2,1
442760,442761,442763,2,1
442760,442761,442763,2,1
442760,442761,442763,2,1
442760,442761,442763,2,1
442760,442761,442763,2,1
442760,442761,442764,3,1
442760,442761,442764,3,1
442760,442761,442764,3,1
442760,442761,442763,2,1
442760,442761,442763,2,1
442760,442761,442764,3,1
442760,442761,442763,2,1
442760,442761,442764,3,1
442760,442762,442764,2,2
442760,442762,442764,2,2
442760,442761,442764,3,1
442760,442761,442764,3,1
442760,442761,442764,3,1
442760,442761,442764,3,1
442760,442761,442764,3,1
442760,442761,442764,3,1
442760,442761,442764,3,1
442760,442761,442764,3,1
442760,442761,442764,3,1
442760,442761,442764,3,1
442760,442761,442764,3,1
442760,442761,442764,3,1
442760,442761,442764,3,1
442760,442761,442764,3,1
442760,442761,442764,3,1
442760,442761,442764,3,1
442760,442761,442765,4,1
442434,442435,442784,349,1
442454,442455,442784,329,1
442792,442792,442793,1,0
442792,442792,442794,2,0
442792,442792,442794,2,0
442792,442792,442794,2,0
442792,442792,442794,2,0
442792,442792,442794,2,0
442792,442792,442793,1,0
442792,442792,442794,2,0
442792,442792,442794,2,0
442792,442792,442794,2,0
442792,442792,442794,2,0
442792,442792,442794,2,0
442792,442792,442794,2,0
442792,442792,442794,2,0
442792,442792,442794,2,0
442792,442792,442794,2,0
442792,442792,442794,2,0
442792,442792,442794,2,0
442792,442792,442794,2,0
442792,442792,442794,2,0
442792,442792,442794,2,0
442792,442792,442794,2,0
442792,442792,442793,1,0
442792,442792,442794,2,0
442792,442792,442794,2,0
442792,442792,442794,2,0
442792,442792,442795,3,0
442794,442794,442795,1,0
442792,442792,442795,3,0
442792,442792,442794,2,0
442792,442792,442795,3,0
442792,442792,442795,3,0
442792,442792,442794,2,0
442792,442792,442794,2,0
442792,442792,442794,2,0
442792,442792,442795,3,0
442792,442792,442795,3,0
442792,442792,442795,3,0
442792,442792,442794,2,0
442792,442792,442794,2,0
442792,442792,442795,3,0
442792,442792,442795,3,0
442792,442792,442795,3,0
442792,442792,442795,3,0
442792,442792,442795,3,0
442792,442792,442795,3,0
442792,442792,442794,2,0
442792,442792,442795,3,0
442792,442792,442794,2,0
442792,442792,442795,3,0
442794,442794,442795,1,0
442792,442792,442796,4,0
442792,442792,442795,3,0
442794,442794,442796,2,0
442794,442794,442796,2,0
442794,442794,442796,2,0
442792,442792,442796,4,0
442792,442792,442796,4,0
442794,442794,442796,2,0
442794,442794,442795,1,0
442794,442794,442795,1,0
442792,442792,442795,3,0
442792,442792,442795,3,0
442794,442794,442796,2,0
442794,442794,442796,2,0
442794,442794,442796,2,0
442792,442792,442795,3,0
442794,442794,442796,2,0
442794,442794,442796,2,0
442794,442794,442796,2,0
442792,442792,442796,4,0
442792,442792,442796,4,0
442794,442794,442796,2,0
442792,442792,442796,4,0
442792,442792,442796,4,0
442794,442794,442795,1,0
442794,442794,442795,1,0
442794,442794,442795,1,0
442794,442794,442796,2,0
442792,442792,442795,3,0
442794,442796,442797,1,2
442792,442792,442796,4,0
442794,442796,442797,1,2
442794,442796,442797,1,2
442794,442796,442797,1,2
442794,442796,442797,1,2
442794,442796,442797,1,2
442794,442794,442797,3,0
442794,442795,442797,2,1
442794,442794,442797,3,0
442794,442794,442797,3,0
442794,442795,442797,2,1
442794,442795,442797,2,1
442794,442795,442797,2,1
442794,442795,442797,2,1
442794,442795,442797,2,1
442794,442795,442798,3,1
442794,442795,442798,3,1
442794,442796,442798,2,2
442794,442795,442798,3,1
442794,442796,442798,2,2
442794,442796,442798,2,2
442794,442796,442798,2,2
442794,442795,442798,3,1
442794,442795,442798,3,1
442794,442795,442798,3,1
442794,442795,442798,3,1
442794,442795,442798,3,1
442794,442795,442798,3,1
442794,442795,442798,3,1
442794,442795,442798,3,1
442794,442795,442798,3,1
442794,442796,442798,2,2
442794,442796,442798,2,2
442794,442796,442798,2,2
442794,442796,442798,2,2
442794,442794,442798,4,0
442794,442794,442798,4,0
442794,442794,442798,4,0
442794,442795,442799,4,1
442794,442795,442799,4,1
442794,442795,442799,4,1
442794,442795,442798,3,1
442794,442795,442799,4,1
442487,442488,442813,325,1
442822,442822,442824,2,0
442822,442822,442824,2,0
442822,442822,442824,2,0
442822,442822,442824,2,0
442822,442822,442824,2,0
442822,442822,442824,2,0
442822,442822,442824,2,0
442822,442822,442824,2,0
442822,442822,442824,2,0
442822,442822,442824,2,0
442822,442822,442824,2,0
442822,442822,442824,2,0
442822,442822,442824,2,0
442822,442822,442824,2,0
442822,442822,442824,2,0
442822,442822,442824,2,0
442822,442822,442824,2,0
442822,442822,442824,2,0
442822,442822,442824,2,0
442822,442822,442824,2,0
442822,442822,442824,2,0
442822,442822,442824,2,0
442822,442822,442825,3,0
442822,442822,442825,3,0
442822,442822,442825,3,0
442822,442822,442825,3,0
442822,442822,442825,3,0
442822,442822,442825,3,0
442822,442822,442825,3,0
442822,442822,442825,3,0
442822,442822,442825,3,0
442822,442822,442825,3,0
442822,442822,442825,3,0
442822,442822,442825,3,0
442822,442822,442825,3,0
442822,442822,442824,2,0
442822,442822,442825,3,0
442822,442822,442825,3,0
442822,442822,442825,3,0
442822,442822,442825,3,0
442822,442823,442824,1,1
442822,442824,442825,1,2
442822,442822,442826,4,0
442822,442822,442826,4,0
442822,442822,442826,4,0
442822,442822,442826,4,0
442822,442822,442826,4,0
442822,442822,442826,4,0
442822,442822,442826,4,0
442822,442822,442826,4,0
442822,442822,442826,4,0
442822,442822,442826,4,0
442822,442822,442826,4,0
442822,442822,442826,4,0
442822,442822,442826,4,0
442822,442822,442826,4,0
442822,442822,442826,4,0
442822,442822,442826,4,0
442822,442822,442826,4,0
442822,442822,442826,4,0
442822,442822,442827,5,0
442822,442822,442827,5,0
442545,442546,442874,328,1
442875,442876,442877,1,1
442875,442876,442877,1,1
442875,442876,442877,1,1
442875,442876,442877,1,1
442875,442876,442877,1,1
442875,442876,442878,2,1
442875,442876,442877,1,1
442875,442876,442877,1,1
442875,442876,442877,1,1
442875,442876,442877,1,1
442875,442876,442877,1,1
442875,442876,442877,1,1
442875,442876,442878,2,1
442875,442876,442877,1,1
442875,442876,442877,1,1
442875,442876,442877,1,1
442875,442876,442877,1,1
442875,442876,442877,1,1
442875,442876,442877,1,1
442875,442876,442877,1,1
442875,442876,442878,2,1
442875,442876,442878,2,1
442875,442876,442878,2,1
442875,442876,442878,2,1
442875,442876,442878,2,1
442875,442876,442878,2,1
442875,442876,442879,3,1
442875,442876,442878,2,1
442875,442876,442878,2,1
442875,442876,442878,2,1
442875,442876,442878,2,1
442875,442876,442879,3,1
442875,442876,442878,2,1
442875,442876,442878,2,1
442875,442876,442878,2,1
442875,442876,442878,2,1
442875,442876,442878,2,1
442875,442876,442878,2,1
442875,442876,442878,2,1
442875,442876,442878,2,1
442875,442876,442879,3,1
442875,442876,442878,2,1
442875,442876,442879,3,1
442875,442876,442879,3,1
442875,442876,442879,3,1
442875,442876,442880,4,1
442875,442876,442879,3,1
442875,442876,442879,3,1
442875,442876,442879,3,1
442875,442876,442879,3,1
442527,442528,442879,351,1
442875,442876,442879,3,1
442875,442876,442879,3,1
442875,442876,442879,3,1
442875,442876,442880,4,1
442875,442876,442879,3,1
442875,442876,442879,3,1
442875,442876,442879,3,1
442875,442876,442879,3,1
442875,442876,442879,3,1
442875,442876,442880,4,1
442875,442876,442880,4,1
442893,442893,442895,2,0
442893,442893,442895,2,0
442893,442893,442895,2,0
442893,442893,442895,2,0
442893,442893,442895,2,0
442893,442893,442895,2,0
442893,442893,442895,2,0
442893,442893,442895,2,0
442893,442893,442895,2,0
442893,442893,442895,2,0
442893,442893,442895,2,0
442893,442893,442895,2,0
442893,442893,442895,2,0
442893,442893,442895,2,0
442893,442893,442895,2,0
442893,442893,442895,2,0
442893,442893,442895,2,0
442893,442893,442895,2,0
442893,442893,442895,2,0
442893,442893,442895,2,0
442893,442893,442895,2,0
442893,442893,442895,2,0
442893,442893,442896,3,0
442893,442893,442896,3,0
442893,442894,442896,2,1
442893,442894,442896,2,1
442893,442893,442895,2,0
442893,442893,442896,3,0
442893,442893,442896,3,0
442893,442893,442896,3,0
442893,442893,442896,3,0
442893,442893,442896,3,0
442893,442893,442896,3,0
442893,442893,442896,3,0
442893,442893,442896,3,0
442893,442893,442896,3,0
442893,442893,442896,3,0
442893,442893,442896,3,0
442893,442895,442896,1,2
442893,442893,442896,3,0
442893,442893,442896,3,0
442893,442893,442896,3,0
442893,442893,442896,3,0
442893,442893,442896,3,0
442893,442893,442897,4,0
442893,442893,442897,4,0
442893,442894,442897,3,1
442893,442894,442896,2,1
442893,442893,442897,4,0
442893,442893,442897,4,0
442893,442893,442897,4,0
442893,442893,442897,4,0
442893,442893,442897,4,0
442893,442893,442897,4,0
442893,442893,442897,4,0
442893,442893,442897,4,0
442893,442893,442897,4,0
442893,442893,442897,4,0
442893,442893,442897,4,0
442893,442893,442897,4,0
442893,442894,442898,4,1
442893,442893,442898,5,0
442509,442510,442901,391,1
442910,442910,442912,2,0
442910,442910,442912,2,0
442910,442910,442912,2,0
442910,442910,442912,2,0
442910,442910,442912,2,0
442910,442910,442912,2,0
442910,442910,442912,2,0
442910,442910,442912,2,0
442910,442910,442912,2,0
442910,442910,442912,2,0
442910,442910,442912,2,0
442910,442910,442912,2,0
442910,442910,442912,2,0
442910,442910,442912,2,0
442910,442910,442912,2,0
442910,442910,442912,2,0
442910,442910,442912,2,0
442910,442910,442912,2,0
442910,442910,442912,2,0
442910,442910,442912,2,0
442910,442910,442912,2,0
442910,442910,442912,2,0
442910,442910,442912,2,0
442910,442910,442913,3,0
442910,442910,442913,3,0
442910,442910,442913,3,0
442910,442910,442912,2,0
442910,442910,442913,3,0
442910,442910,442913,3,0
442910,442910,442913,3,0
442910,442910,442913,3,0
442910,442910,442913,3,0
442910,442910,442913,3,0
442910,442910,442913,3,0
442910,442910,442913,3,0
442910,442910,442913,3,0
442910,442910,442912,2,0
442910,442910,442913,3,0
442910,442910,442913,3,0
442910,442910,442913,3,0
442910,442910,442913,3,0
442910,442910,442914,4,0
442910,442910,442914,4,0
442910,442910,442914,4,0
442910,442910,442914,4,0
442910,442910,442914,4,0
442910,442910,442914,4,0
442910,442910,442914,4,0
442910,442910,442914,4,0
442910,442910,442914,4,0
442910,442910,442914,4,0
442910,442910,442914,4,0
442910,442910,442914,4,0
442910,442910,442914,4,0
442910,442910,442914,4,0
442910,442910,442914,4,0
442910,442910,442914,4,0
442910,442910,442914,4,0
442910,442910,442914,4,0
442910,442910,442914,4,0
442910,442910,442915,5,0
442589,442590,442920,330,1
442621,442622,442932,310,1
442931,442931,442933,2,0
442931,442931,442933,2,0
442931,442931,442933,2,0
442931,442931,442933,2,0
442931,442931,442933,2,0
442931,442931,442933,2,0
442931,442931,442933,2,0
442931,442931,442933,2,0
442931,442931,442933,2,0
442931,442931,442933,2,0
442931,442931,442933,2,0
442931,442931,442933,2,0
442931,442931,442933,2,0
442931,442931,442933,2,0
442931,442931,442933,2,0
442931,442931,442933,2,0
442931,442931,442934,3,0
442931,442931,442933,2,0
442931,442931,442933,2,0
442931,442931,442933,2,0
442931,442932,442933,1,1
442931,442931,442933,2,0
442931,442931,442933,2,0
442931,442931,442933,2,0
442931,442932,442933,1,1
442931,442931,442934,3,0
442931,442931,442934,3,0
442931,442931,442934,3,0
442933,442934,442935,1,1
442931,442931,442934,3,0
442931,442931,442934,3,0
442931,442931,442935,4,0
442931,442931,442934,3,0
442931,442931,442934,3,0
442931,442931,442934,3,0
442931,442931,442935,4,0
442931,442931,442934,3,0
442931,442931,442934,3,0
442931,442932,442934,2,1
442931,442932,442934,2,1
442931,442931,442934,3,0
442931,442931,442935,4,0
442931,442931,442934,3,0
442931,442932,442935,3,1
442931,442932,442934,2,1
442931,442931,442935,4,0
442931,442931,442935,4,0
442931,442931,442935,4,0
442931,442931,442935,4,0
442933,442934,442935,1,1
442931,442931,442936,5,0
442931,442931,442935,4,0
442931,442931,442935,4,0
442933,442934,442935,1,1
442933,442934,442935,1,1
442931,442931,442935,4,0
442931,442931,442935,4,0
442933,442934,442935,1,1
442933,442934,442935,1,1
442933,442934,442935,1,1
442933,442934,442935,1,1
442931,442931,442935,4,0
442933,442934,442935,1,1
442933,442934,442935,1,1
442933,442934,442935,1,1
442931,442931,442935,4,0
442933,442934,442935,1,1
442931,442931,442935,4,0
442933,442934,442935,1,1
442933,442934,442935,1,1
442931,442932,442935,3,1
442933,442934,442935,1,1
442933,442934,442935,1,1
442933,442934,442935,1,1
442933,442934,442936,2,1
442933,442934,442936,2,1
442933,442934,442937,3,1
442933,442934,442937,3,1
442933,442934,442936,2,1
442933,442935,442937,2,2
442933,442935,442937,2,2
442933,442935,442937,2,2
442933,442934,442936,2,1
442933,442934,442937,3,1
442933,442936,442937,1,3
442933,442936,442937,1,3
442933,442936,442937,1,3
442933,442936,442937,1,3
442933,442935,442937,2,2
442933,442935,442937,2,2
442933,442936,442938,2,3
442933,442936,442938,2,3
442933,442935,442938,3,2
442933,442935,442937,2,2
442933,442935,442938,3,2
442933,442936,442937,1,3
442933,442936,442937,1,3
442933,442936,442937,1,3
442933,442934,442937,3,1
442933,442935,442937,2,2
442933,442935,442937,2,2
442933,442935,442937,2,2
442933,442935,442938,3,2
442933,442935,442938,3,2
442933,442936,442937,1,3
442933,442936,442937,1,3
442933,442936,442937,1,3
442933,442936,442937,1,3
442933,442936,442937,1,3
442933,442935,442938,3,2
442933,442935,442938,3,2
442933,442936,442937,1,3
442933,442936,442937,1,3
442933,442935,442937,2,2
442933,442935,442937,2,2
442933,442935,442937,2,2
442933,442935,442937,2,2
442933,442935,442938,3,2
442931,442943,442944,1,12
442931,442943,442944,1,12
442931,442943,442946,3,12
442931,442943,442946,3,12
442583,442584,442971,387,1
442973,442973,442975,2,0
442973,442973,442975,2,0
442973,442973,442975,2,0
442973,442973,442975,2,0
442973,442973,442974,1,0
442973,442973,442975,2,0
442973,442973,442975,2,0
442973,442973,442975,2,0
442973,442973,442975,2,0
442973,442973,442975,2,0
442973,442973,442975,2,0
442973,442973,442975,2,0
442973,442973,442975,2,0
442973,442973,442975,2,0
442973,442973,442975,2,0
442973,442973,442975,2,0
442973,442973,442975,2,0
442973,442973,442975,2,0
442973,442973,442975,2,0
442973,442973,442975,2,0
442973,442973,442975,2,0
442973,442973,442975,2,0
442973,442973,442975,2,0
442973,442973,442976,3,0
442973,442973,442975,2,0
442973,442973,442975,2,0
442973,442973,442976,3,0
442973,442973,442976,3,0
442973,442973,442975,2,0
442973,442973,442975,2,0
442973,442973,442976,3,0
442973,442973,442975,2,0
442973,442973,442976,3,0
442973,442973,442976,3,0
442973,442973,442976,3,0
442973,442973,442975,2,0
442973,442973,442976,3,0
442973,442973,442975,2,0
442973,442973,442976,3,0
442973,442973,442976,3,0
442973,442973,442976,3,0
442973,442973,442977,4,0
442973,442973,442977,4,0
442973,442973,442977,4,0
442973,442973,442977,4,0
442973,442973,442976,3,0
442973,442973,442977,4,0
442973,442973,442976,3,0
442973,442973,442977,4,0
442973,442973,442976,3,0
442973,442973,442977,4,0
442973,442973,442976,3,0
442973,442973,442977,4,0
442973,442973,442977,4,0
442973,442973,442976,3,0
442973,442973,442977,4,0
442973,442973,442978,5,0
442973,442977,442979,2,4
442973,442977,442981,4,4
442973,442977,442983,6,4
442973,442977,442984,7,4
442636,442637,442984,347,1
442997,442998,442999,1,1
442997,442998,442999,1,1
442997,442998,442999,1,1
442997,442998,442999,1,1
442997,442998,442999,1,1
442997,442998,442999,1,1
442997,442998,442999,1,1
442997,442998,442999,1,1
442997,442998,442999,1,1
442997,442998,442999,1,1
442997,442998,442999,1,1
442997,442998,443000,2,1
442997,442998,442999,1,1
442997,442998,442999,1,1
442997,442998,443000,2,1
442997,442998,442999,1,1
442997,442998,442999,1,1
442997,442998,442999,1,1
442997,442998,442999,1,1
442997,442998,442999,1,1
442997,442998,442999,1,1
442997,442998,442999,1,1
442997,442998,442999,1,1
442997,442998,443000,2,1
442997,442998,442999,1,1
442997,442998,442999,1,1
442997,442998,442999,1,1
442997,442998,443000,2,1
442997,442998,443000,2,1
442997,442998,443001,3,1
442997,442998,443000,2,1
442997,442998,443000,2,1
442997,442998,443001,3,1
442997,442998,443000,2,1
442997,442998,443001,3,1
442997,442998,443000,2,1
442997,442998,443000,2,1
442997,442998,443000,2,1
442997,442998,443000,2,1
442997,442998,443001,3,1
442997,442998,443000,2,1
442997,442998,443000,2,1
442997,442998,443000,2,1
442997,442998,443000,2,1
442997,442998,443001,3,1
442997,442998,443001,3,1
442997,442998,443000,2,1
442997,442998,443000,2,1
442997,442998,443001,3,1
442997,442998,443001,3,1
442997,442998,443000,2,1
442997,442998,443001,3,1
442997,442998,443001,3,1
442997,442998,443001,3,1
442997,442998,443001,3,1
442997,442998,443001,3,1
442997,442998,443001,3,1
442997,442998,443001,3,1
442611,442612,443001,389,1
442997,442998,443001,3,1
442997,442998,443001,3,1
442997,442998,443001,3,1
442652,442652,443012,360,0
443014,443015,443016,1,1
443014,443015,443016,1,1
443014,443015,443016,1,1
443014,443015,443016,1,1
443014,443015,443016,1,1
443014,443015,443016,1,1
443014,443015,443017,2,1
443014,443015,443017,2,1
443014,443015,443017,2,1
443014,443015,443016,1,1
443014,443015,443017,2,1
443014,443015,443016,1,1
443014,443015,443016,1,1
443014,443015,443017,2,1
443014,443015,443016,1,1
443014,443015,443017,2,1
443014,443015,443017,2,1
443014,443015,443017,2,1
443014,443015,443017,2,1
443014,443015,443016,1,1
443014,443015,443016,1,1
443014,443015,443016,1,1
443014,443015,443017,2,1
443014,443015,443017,2,1
443014,443015,443016,1,1
443014,443015,443017,2,1
443014,443015,443018,3,1
443014,443015,443018,3,1
443014,443015,443017,2,1
443014,443015,443017,2,1
443014,443015,443018,3,1
443014,443015,443018,3,1
443014,443015,443017,2,1
443014,443015,443018,3,1
443014,443015,443018,3,1
443014,443015,443017,2,1
443014,443015,443017,2,1
443014,443015,443017,2,1
443014,443015,443018,3,1
443014,443015,443017,2,1
443014,443015,443018,3,1
443014,443015,443018,3,1
443014,443015,443017,2,1
443014,443015,443018,3,1
443014,443015,443018,3,1
443014,443015,443017,2,1
443014,443015,443018,3,1
443014,443015,443017,2,1
443014,443015,443018,3,1
443014,443015,443018,3,1
443014,443015,443019,4,1
443014,443015,443018,3,1
443014,443015,443019,4,1
443017,443017,443018,1,0
443014,443015,443018,3,1
443017,443017,443018,1,0
443017,443017,443018,1,0
443017,443017,443018,1,0
443017,443017,443018,1,0
443014,443015,443019,4,1
443014,443015,443019,4,1
443017,443017,443018,1,0
443017,443017,443018,1,0
443017,443017,443018,1,0
443014,443015,443018,3,1
443017,443017,443019,2,0
443017,443017,443019,2,0
443017,443017,443018,1,0
443017,443017,443018,1,0
443017,443017,443018,1,0
443014,443015,443018,3,1
443014,443015,443018,3,1
443017,443017,443019,2,0
443014,443015,443018,3,1
443017,443017,443019,2,0
443017,443017,443019,2,0
443017,443017,443018,1,0
443017,443017,443019,2,0
443014,443015,443019,4,1
443014,443015,443019,4,1
443017,443017,443018,1,0
443017,443017,443018,1,0
443017,443019,443020,1,2
443017,443019,443020,1,2
443017,443019,443020,1,2
443017,443017,443020,3,0
443017,443017,443020,3,0
443017,443018,443020,2,1
443017,443017,443020,3,0
443017,443018,443020,2,1
443017,443017,443019,2,0
443017,443017,443019,2,0
443017,443018,443020,2,1
443017,443018,443020,2,1
443017,443018,443020,2,1
443017,443018,443021,3,1
443017,443019,443021,2,2
443017,443018,443021,3,1
443017,443019,443020,1,2
443017,443019,443020,1,2
443017,443018,443021,3,1
443017,443019,443020,1,2
443017,443019,443021,2,2
443017,443019,443020,1,2
443017,443018,443021,3,1
443017,443019,443020,1,2
443017,443019,443020,1,2
443017,443019,443020,1,2
443017,443019,443020,1,2
443017,443018,443021,3,1
443017,443018,443021,3,1
443017,443018,443021,3,1
443017,443019,443021,2,2
443017,443018,443020,2,1
443017,443018,443021,3,1
443017,443018,443021,3,1
443017,443018,443020,2,1
443017,443018,443021,3,1
443017,443018,443021,3,1
443017,443018,443020,2,1
443017,443018,443021,3,1
443017,443018,443021,3,1
443017,443018,443021,3,1
442699,442702,443048,346,3
443050,443050,443052,2,0
443050,443050,443052,2,0
443050,443050,443052,2,0
443050,443050,443052,2,0
443050,443050,443052,2,0
443050,443050,443052,2,0
443050,443050,443052,2,0
443050,443050,443052,2,0
443050,443050,443052,2,0
443050,443051,443052,1,1
443050,443050,443052,2,0
443050,443050,443052,2,0
443050,443050,443052,2,0
443050,443050,443052,2,0
443050,443050,443052,2,0
443050,443050,443052,2,0
443050,443050,443052,2,0
443050,443050,443052,2,0
443050,443050,443052,2,0
443050,443050,443052,2,0
443050,443050,443052,2,0
443050,443050,443052,2,0
443050,443050,443052,2,0
443050,443050,443052,2,0
443050,443050,443052,2,0
443050,443050,443052,2,0
443050,443050,443052,2,0
443050,443050,443052,2,0
443050,443051,443053,2,1
443050,443051,443052,1,1
443050,443051,443052,1,1
443050,443051,443053,2,1
443050,443051,443053,2,1
443050,443050,443053,3,0
443050,443051,443052,1,1
443050,443051,443053,2,1
443050,443051,443053,2,1
443050,443050,443053,3,0
443050,443050,443052,2,0
443050,443050,443053,3,0
443050,443050,443053,3,0
443050,443050,443053,3,0
443050,443050,443052,2,0
443050,443050,443053,3,0
443050,443050,443052,2,0
443050,443050,443052,2,0
443050,443050,443053,3,0
443050,443050,443053,3,0
443050,443050,443053,3,0
443050,443051,443054,3,1
443050,443051,443053,2,1
443050,443050,443054,4,0
443050,443051,443053,2,1
443050,443050,443054,4,0
443050,443050,443054,4,0
443050,443051,443054,3,1
443050,443051,443054,3,1
443050,443050,443054,4,0
443050,443050,443054,4,0
443050,443050,443054,4,0
443050,443051,443054,3,1
442665,442666,443059,393,1
443071,443071,443073,2,0
443071,443071,443073,2,0
443071,443072,443073,1,1
443071,443072,443073,1,1
443071,443071,443073,2,0
443071,443071,443073,2,0
443071,443071,443073,2,0
443071,443071,443073,2,0
443071,443071,443073,2,0
443071,443071,443073,2,0
443071,443071,443073,2,0
443071,443071,443073,2,0
443071,443071,443073,2,0
443071,443071,443073,2,0
443071,443071,443073,2,0
443071,443071,443073,2,0
443071,443071,443073,2,0
443071,443071,443073,2,0
443071,443071,443073,2,0
443071,443071,443073,2,0
443071,443071,443073,2,0
443071,443071,443073,2,0
443071,443071,443073,2,0
443071,443071,443073,2,0
443071,443071,443073,2,0
443071,443071,443073,2,0
443071,443071,443073,2,0
443071,443071,443073,2,0
443071,443071,443073,2,0
443071,443071,443073,2,0
443071,443071,443074,3,0
443071,443071,443074,3,0
443071,443071,443074,3,0
443071,443072,443074,2,1
443071,443072,443073,1,1
443071,443072,443074,2,1
443071,443071,443074,3,0
443071,443071,443074,3,0
443071,443071,443074,3,0
443071,443071,443074,3,0
443071,443071,443074,3,0
443071,443071,443074,3,0
443071,443071,443074,3,0
443071,443071,443074,3,0
443071,443071,443074,3,0
443071,443074,443075,1,3
443071,443074,443075,1,3
442683,442683,443075,392,0
443071,443071,443075,4,0
443071,443071,443075,4,0
443071,443071,443075,4,0
443071,443071,443075,4,0
443071,443071,443075,4,0
443071,443071,443075,4,0
443071,443071,443075,4,0
443071,443071,443075,4,0
443071,443074,443075,1,3
443071,443074,443076,2,3
443071,443074,443077,3,3
443071,443074,443077,3,3
443071,443071,443077,6,0
443071,443071,443078,7,0
443077,443077,443079,2,0
443077,443077,443079,2,0
443077,443077,443079,2,0
443077,443077,443079,2,0
443077,443077,443079,2,0
443077,443077,443079,2,0
443077,443077,443079,2,0
443077,443077,443079,2,0
443077,443077,443079,2,0
443077,443077,443079,2,0
443077,443077,443079,2,0
443077,443077,443079,2,0
443077,443077,443079,2,0
443077,443077,443079,2,0
443077,443077,443079,2,0
443077,443077,443079,2,0
443077,443077,443079,2,0
443077,443078,443079,1,1
443077,443077,443079,2,0
443077,443077,443079,2,0
443077,443077,443079,2,0
443077,443077,443079,2,0
443077,443077,443079,2,0
443077,443077,443079,2,0
443077,443077,443079,2,0
443077,443077,443079,2,0
443077,443077,443079,2,0
443077,443077,443079,2,0
443077,443077,443080,3,0
443077,443077,443080,3,0
443077,443077,443080,3,0
443077,443077,443080,3,0
443077,443077,443079,2,0
443077,443077,443079,2,0
443077,443077,443080,3,0
443077,443077,443080,3,0
443077,443077,443080,3,0
443077,443077,443080,3,0
443077,443077,443080,3,0
443077,443077,443080,3,0
443077,443077,443080,3,0
443077,443077,443080,3,0
443077,443077,443080,3,0
443077,443077,443080,3,0
443077,443077,443080,3,0
443077,443077,443080,3,0
443077,443077,443080,3,0
443077,443077,443080,3,0
443077,443077,443080,3,0
443077,443077,443081,4,0
443077,443077,443080,3,0
443077,443077,443081,4,0
443077,443077,443080,3,0
443077,443077,443080,3,0
443077,443077,443081,4,0
443077,443077,443081,4,0
443077,443077,443081,4,0
443077,443077,443081,4,0
443077,443077,443081,4,0
443077,443077,443081,4,0
443077,443077,443081,4,0
442725,442729,443107,378,4
443108,443109,443110,1,1
443108,443109,443111,2,1
443108,443109,443110,1,1
443108,443109,443110,1,1
443108,443109,443110,1,1
443108,443109,443111,2,1
443108,443109,443111,2,1
443108,443109,443111,2,1
443108,443109,443111,2,1
443108,443109,443111,2,1
443108,443109,443110,1,1
443108,443109,443111,2,1
443108,443109,443111,2,1
443108,443109,443110,1,1
443108,443109,443110,1,1
443108,443109,443110,1,1
443108,443109,443110,1,1
443108,443109,443110,1,1
443108,443109,443110,1,1
443108,443109,443110,1,1
443108,443109,443111,2,1
443108,443109,443111,2,1
443108,443109,443110,1,1
443108,443109,443110,1,1
443108,443109,443110,1,1
443108,443109,443111,2,1
443108,443109,443111,2,1
443108,443109,443110,1,1
443108,443109,443110,1,1
443108,443109,443110,1,1
443108,443109,443111,2,1
443108,443109,443111,2,1
443108,443109,443111,2,1
443108,443109,443111,2,1
443108,443109,443111,2,1
443108,443109,443112,3,1
443108,443109,443111,2,1
443108,443109,443111,2,1
443108,443109,443111,2,1
443108,443109,443111,2,1
443108,443109,443112,3,1
443108,443109,443111,2,1
443108,443109,443111,2,1
443108,443109,443111,2,1
443108,443109,443112,3,1
443108,443109,443111,2,1
443108,443109,443111,2,1
443108,443109,443111,2,1
443108,443109,443111,2,1
443108,443109,443112,3,1
443108,443109,443111,2,1
443108,443109,443112,3,1
443108,443109,443112,3,1
443108,443109,443112,3,1
443108,443109,443112,3,1
443108,443109,443112,3,1
443108,443109,443113,4,1
443108,443109,443112,3,1
443108,443109,443112,3,1
443108,443109,443112,3,1
443108,443109,443112,3,1
442762,442763,443123,360,1
442747,442747,443128,381,0
443125,443126,443127,1,1
443125,443126,443127,1,1
443125,443126,443127,1,1
443125,443126,443128,2,1
443125,443126,443127,1,1
443125,443126,443128,2,1
443125,443126,443128,2,1
443125,443126,443127,1,1
443125,443126,443127,1,1
443125,443126,443127,1,1
443125,443126,443127,1,1
443125,443126,443127,1,1
443125,443126,443127,1,1
443125,443126,443127,1,1
443125,443126,443128,2,1
443125,443126,443128,2,1
443125,443126,443127,1,1
443125,443126,443127,1,1
443125,443126,443127,1,1
443125,443126,443128,2,1
443125,443126,443128,2,1
443125,443126,443128,2,1
443125,443126,443127,1,1
443125,443126,443127,1,1
443125,443126,443128,2,1
443125,443126,443128,2,1
443125,443126,443128,2,1
443125,443126,443128,2,1
443125,443126,443128,2,1
443125,443126,443128,2,1
443125,443126,443128,2,1
443125,443126,443127,1,1
443125,443127,443128,1,2
443125,443127,443128,1,2
443125,443127,443128,1,2
443125,443126,443129,3,1
443125,443126,443128,2,1
443125,443126,443128,2,1
443125,443126,443129,3,1
443125,443126,443128,2,1
443125,443126,443129,3,1
443125,443126,443129,3,1
443125,443126,443128,2,1
443125,443126,443129,3,1
443125,443126,443128,2,1
443125,443126,443129,3,1
443125,443126,443128,2,1
443125,443126,443129,3,1
443125,443126,443129,3,1
443125,443126,443128,2,1
443125,443126,443129,3,1
443125,443126,443129,3,1
442764,442764,443129,365,0
443125,443126,443129,3,1
443125,443126,443129,3,1
443125,443126,443129,3,1
443125,443126,443129,3,1
443125,443126,443129,3,1
443125,443126,443129,3,1
443125,443126,443129,3,1
443125,443126,443129,3,1
443125,443126,443130,4,1
443130,443130,443132,2,0
443130,443130,443132,2,0
443130,443130,443131,1,0
443130,443130,443132,2,0
443130,443130,443132,2,0
443130,443130,443132,2,0
443130,443130,443131,1,0
443130,443130,443132,2,0
443130,443130,443132,2,0
443130,443130,443132,2,0
443130,443130,443131,1,0
443130,443130,443132,2,0
443130,443130,443132,2,0
443130,443130,443132,2,0
443130,443130,443131,1,0
443130,443130,443131,1,0
443130,443130,443132,2,0
443130,443130,443132,2,0
443130,443130,443132,2,0
443130,443130,443132,2,0
443130,443130,443132,2,0
443130,443130,443131,1,0
443130,443130,443132,2,0
443130,443130,443132,2,0
443130,443130,443132,2,0
443130,443130,443132,2,0
443130,443130,443131,1,0
443130,443130,443132,2,0
443130,443130,443132,2,0
443130,443130,443132,2,0
443130,443130,443132,2,0
443130,443130,443132,2,0
443130,443130,443132,2,0
443130,443130,443132,2,0
443130,443130,443132,2,0
443130,443130,443132,2,0
443130,443130,443132,2,0
443130,443130,443132,2,0
443130,443130,443133,3,0
443130,443130,443133,3,0
443130,443130,443132,2,0
443130,443130,443133,3,0
443130,443130,443133,3,0
443130,443130,443132,2,0
443130,443130,443132,2,0
443130,443130,443133,3,0
443130,443130,443133,3,0
443130,443130,443133,3,0
443130,443130,443133,3,0
443130,443130,443133,3,0
443130,443130,443133,3,0
443130,443130,443133,3,0
443130,443130,443133,3,0
443130,443130,443133,3,0
442793,442793,443134,341,0
443130,443130,443134,4,0
443130,443130,443134,4,0
443130,443130,443133,3,0
443130,443130,443133,3,0
443130,443130,443134,4,0
443130,443130,443134,4,0
443130,443130,443133,3,0
443143,443144,443145,1,1
443143,443144,443145,1,1
443143,443144,443145,1,1
443143,443144,443145,1,1
443143,443144,443145,1,1
443143,443144,443145,1,1
443143,443144,443145,1,1
443143,443144,443145,1,1
443143,443144,443146,2,1
443143,443144,443145,1,1
443143,443144,443145,1,1
443143,443144,443145,1,1
443143,443144,443145,1,1
443143,443144,443145,1,1
443143,443144,443145,1,1
443143,443144,443145,1,1
443143,443144,443145,1,1
443143,443144,443145,1,1
443143,443144,443145,1,1
443143,443144,443145,1,1
443143,443144,443145,1,1
443143,443144,443145,1,1
443143,443144,443145,1,1
443143,443144,443145,1,1
443143,443144,443146,2,1
443143,443144,443145,1,1
443143,443144,443145,1,1
443143,443144,443145,1,1
443143,443144,443145,1,1
443143,443144,443145,1,1
443143,443144,443145,1,1
443143,443144,443146,2,1
443143,443144,443146,2,1
443143,443146,443147,1,3
443143,443144,443147,3,1
443143,443144,443146,2,1
443143,443146,443147,1,3
443143,443144,443146,2,1
443143,443144,443146,2,1
443143,443146,443147,1,3
443143,443144,443146,2,1
443143,443144,443146,2,1
443143,443144,443146,2,1
443143,443144,443146,2,1
443143,443144,443147,3,1
443143,443144,443146,2,1
443143,443144,443147,3,1
443143,443144,443146,2,1
443143,443144,443146,2,1
443143,443144,443146,2,1
443143,443144,443146,2,1
443143,443144,443147,3,1
443143,443144,443147,3,1
443143,443144,443146,2,1
443143,443144,443147,3,1
443143,443144,443146,2,1
443143,443144,443146,2,1
443143,443145,443146,1,2
443143,443146,443147,1,3
443143,443146,443147,1,3
442777,442777,443147,370,0
443143,443144,443147,3,1
443143,443146,443147,1,3
443143,443146,443147,1,3
443143,443144,443147,3,1
443143,443144,443147,3,1
443143,443144,443147,3,1
443143,443146,443147,1,3
443143,443146,443147,1,3
443143,443146,443148,2,3
443143,443144,443147,3,1
443143,443146,443147,1,3
443143,443146,443147,1,3
443143,443146,443147,1,3
443143,443146,443148,2,3
443143,443144,443147,3,1
443143,443146,443147,1,3
443143,443146,443147,1,3
443143,443146,443148,2,3
443143,443146,443148,2,3
443143,443144,443147,3,1
443143,443146,443147,1,3
443143,443146,443147,1,3
443143,443146,443147,1,3
443143,443148,443149,1,5
443143,443148,443149,1,5
443143,443146,443148,2,3
443143,443146,443149,3,3
443143,443147,443149,2,4
443143,443147,443148,1,4
443143,443147,443148,1,4
443143,443146,443149,3,3
443143,443146,443149,3,3
443143,443147,443149,2,4
443143,443147,443148,1,4
443143,443147,443148,1,4
443143,443147,443148,1,4
443143,443146,443148,2,3
443143,443146,443149,3,3
443143,443147,443149,2,4
443143,443147,443148,1,4
443143,443147,443148,1,4
443143,443146,443148,2,3
443143,443147,443149,2,4
443143,443146,443148,2,3
443143,443147,443149,2,4
443143,443147,443149,2,4
443143,443147,443149,2,4
443143,443147,443148,1,4
443143,443146,443148,2,3
443143,443147,443149,2,4
443143,443147,443148,1,4
443143,443147,443149,2,4
443143,443147,443149,2,4
443143,443147,443149,2,4
443143,443147,443149,2,4
443143,443147,443149,2,4
443143,443147,443149,2,4
443143,443147,443149,2,4
443143,443147,443149,2,4
443143,443146,443149,3,3
443143,443147,443149,2,4
443143,443147,443149,2,4
443169,443169,443170,1,0
443169,443169,443170,1,0
443169,443169,443171,2,0
443169,443169,443171,2,0
443169,443169,443171,2,0
443169,443169,443170,1,0
443169,443169,443170,1,0
443169,443169,443170,1,0
443169,443169,443171,2,0
443169,443169,443171,2,0
443169,443169,443171,2,0
443169,443169,443171,2,0
443169,443169,443171,2,0
443169,443169,443170,1,0
443169,443169,443170,1,0
443169,443169,443171,2,0
443169,443169,443170,1,0
443169,443169,443171,2,0
443169,443169,443170,1,0
443169,443169,443170,1,0
443169,443169,443170,1,0
443169,443169,443171,2,0
443169,443169,443171,2,0
443169,443169,443170,1,0
443169,443169,443170,1,0
443169,443169,443170,1,0
443169,443169,443170,1,0
443169,443169,443170,1,0
443169,443169,443170,1,0
443169,443169,443170,1,0
443169,443169,443170,1,0
443169,443169,443171,2,0
443169,443169,443170,1,0
443169,443169,443170,1,0
443169,443169,443170,1,0
443169,443169,443171,2,0
443169,443169,443171,2,0
442795,442796,443171,375,1
443169,443169,443171,2,0
443169,443169,443171,2,0
443169,443169,443171,2,0
443169,443169,443172,3,0
443169,443169,443172,3,0
443169,443169,443172,3,0
443169,443169,443172,3,0
443169,443169,443172,3,0
443169,443169,443172,3,0
443169,443169,443171,2,0
443169,443169,443172,3,0
443169,443169,443171,2,0
443169,443169,443171,2,0
443169,443169,443171,2,0
443169,443169,443172,3,0
443169,443169,443172,3,0
443169,443169,443172,3,0
443169,443169,443171,2,0
443169,443169,443172,3,0
443169,443169,443171,2,0
443169,443169,443172,3,0
443169,443169,443172,3,0
443169,443169,443172,3,0
443169,443169,443172,3,0
443169,443169,443172,3,0
443182,443182,443183,1,0
443182,443182,443184,2,0
443182,443182,443184,2,0
443182,443182,443184,2,0
443182,443182,443183,1,0
443182,443182,443184,2,0
443182,443182,443184,2,0
443182,443182,443183,1,0
443182,443182,443184,2,0
443182,443182,443184,2,0
443182,443182,443184,2,0
443182,443182,443184,2,0
443182,443182,443184,2,0
443182,443182,443183,1,0
443182,443182,443184,2,0
443182,443182,443184,2,0
443182,443182,443184,2,0
443182,443182,443184,2,0
443182,443182,443184,2,0
443182,443182,443184,2,0
443182,443182,443183,1,0
443182,443182,443184,2,0
443182,443182,443184,2,0
443182,443182,443183,1,0
443182,443182,443184,2,0
443182,443182,443184,2,0
443182,443182,443184,2,0
443182,443182,443184,2,0
443182,443182,443184,2,0
443182,443182,443184,2,0
443182,443182,443184,2,0
443182,443183,443184,1,1
443182,443182,443185,3,0
443182,443182,443185,3,0
443182,443182,443185,3,0
443182,443182,443185,3,0
443182,443182,443185,3,0
443182,443182,443184,2,0
443182,443182,443185,3,0
443182,443182,443184,2,0
443182,443182,443185,3,0
443182,443182,443185,3,0
443182,443183,443185,2,1
443182,443183,443185,2,1
443182,443182,443185,3,0
443182,443182,443185,3,0
443182,443182,443185,3,0
443182,443182,443185,3,0
443182,443182,443184,2,0
443182,443182,443185,3,0
443182,443182,443185,3,0
443182,443182,443185,3,0
443182,443182,443185,3,0
443182,443182,443186,4,0
443182,443182,443186,4,0
443182,443182,443185,3,0
443182,443183,443185,2,1
443182,443183,443186,3,1
443182,443182,443186,4,0
443182,443182,443186,4,0
443182,443182,443185,3,0
443182,443182,443185,3,0
442823,442825,443195,370,2
443210,443211,443212,1,1
443210,443211,443212,1,1
443210,443211,443213,2,1
443210,443211,443212,1,1
443210,443211,443212,1,1
443210,443211,443212,1,1
443210,443211,443212,1,1
443210,443211,443213,2,1
443210,443211,443212,1,1
443210,443211,443212,1,1
443210,443211,443212,1,1
443210,443211,443212,1,1
443210,443211,443212,1,1
443210,443211,443213,2,1
443210,443211,443212,1,1
443210,443211,443212,1,1
443210,443211,443212,1,1
443210,443211,443213,2,1
443210,443211,443213,2,1
443210,443211,443212,1,1
443210,443211,443213,2,1
443210,443211,443212,1,1
443210,443211,443212,1,1
443210,443211,443212,1,1
443210,443211,443212,1,1
443210,443211,443213,2,1
443210,443211,443212,1,1
443210,443211,443212,1,1
443210,443211,443212,1,1
443210,443211,443212,1,1
443210,443211,443214,3,1
443210,443211,443213,2,1
443210,443211,443214,3,1
443210,443211,443213,2,1
443210,443211,443213,2,1
443210,443211,443214,3,1
443210,443211,443214,3,1
443210,443211,443214,3,1
443210,443211,443213,2,1
443210,443211,443213,2,1
443210,443211,443213,2,1
443210,443211,443213,2,1
443210,443211,443213,2,1
443210,443211,443214,3,1
443210,443211,443213,2,1
443210,443211,443214,3,1
443210,443211,443213,2,1
443210,443211,443214,3,1
443210,443211,443214,3,1
443210,443211,443214,3,1
443210,443211,443214,3,1
443210,443211,443214,3,1
443210,443211,443214,3,1
443210,443211,443214,3,1
443210,443211,443214,3,1
443210,443211,443214,3,1
443210,443211,443214,3,1
443210,443211,443214,3,1
443210,443211,443214,3,1
443210,443211,443214,3,1
443210,443211,443214,3,1
442894,442896,443254,358,2
443255,443255,443257,2,0
443255,443255,443257,2,0
443255,443255,443257,2,0
443255,443255,443256,1,0
443255,443255,443256,1,0
443255,443255,443257,2,0
443255,443255,443257,2,0
443255,443255,443257,2,0
443255,443255,443257,2,0
443255,443255,443257,2,0
443255,443255,443257,2,0
443255,443255,443257,2,0
443255,443255,443257,2,0
443255,443255,443257,2,0
443255,443255,443257,2,0
443255,443255,443257,2,0
443255,443255,443257,2,0
443255,443255,443257,2,0
443255,443255,443257,2,0
443255,443255,443257,2,0
443255,443255,443257,2,0
443255,443255,443257,2,0
443255,443255,443257,2,0
443255,443255,443257,2,0
443255,443255,443257,2,0
443255,443255,443257,2,0
443255,443255,443257,2,0
443255,443255,443257,2,0
443255,443255,443258,3,0
443255,443255,443258,3,0
443255,443255,443258,3,0
443255,443255,443258,3,0
443255,443255,443258,3,0
443255,443255,443257,2,0
443255,443255,443258,3,0
443255,443255,443257,2,0
443255,443255,443258,3,0
443255,443255,443258,3,0
443255,443255,443258,3,0
443255,443255,443258,3,0
443255,443255,443257,2,0
443255,443255,443258,3,0
443255,443255,443258,3,0
443255,443255,443258,3,0
443255,443255,443258,3,0
443255,443255,443257,2,0
443255,443255,443258,3,0
443255,443255,443259,4,0
443255,443255,443258,3,0
443255,443255,443258,3,0
443255,443255,443259,4,0
443255,443255,443258,3,0
443255,443255,443259,4,0
443255,443255,443259,4,0
443255,443255,443259,4,0
443255,443255,443259,4,0
443255,443255,443259,4,0
443255,443255,443259,4,0
443255,443255,443259,4,0
443255,443255,443258,3,0
443255,443255,443259,4,0
442877,442878,443262,384,1
443272,443272,443274,2,0
443272,443272,443274,2,0
443272,443272,443274,2,0
443272,443272,443274,2,0
443272,443272,443274,2,0
443272,443272,443274,2,0
443272,443272,443274,2,0
443272,443272,443273,1,0
443272,443272,443274,2,0
443272,443272,443274,2,0
443272,443272,443274,2,0
443272,443272,443273,1,0
443272,443272,443274,2,0
443272,443272,443274,2,0
443272,443272,443274,2,0
443272,443272,443274,2,0
443272,443272,443274,2,0
443272,443272,443274,2,0
443272,443272,443274,2,0
443272,443272,443274,2,0
443272,443272,443274,2,0
443272,443272,443274,2,0
443272,443272,443274,2,0
443272,443272,443274,2,0
443272,443272,443274,2,0
443272,443272,443274,2,0
443272,443272,443274,2,0
443272,443272,443274,2,0
443272,443272,443274,2,0
443272,443272,443274,2,0
443272,443272,443275,3,0
443272,443272,443275,3,0
443272,443272,443275,3,0
443272,443272,443275,3,0
443272,443272,443275,3,0
443272,443272,443275,3,0
443272,443272,443275,3,0
443272,443272,443275,3,0
443272,443272,443275,3,0
443272,443272,443275,3,0
443272,443272,443275,3,0
443272,443272,443275,3,0
443272,443272,443275,3,0
443272,443272,443275,3,0
443272,443272,443275,3,0
443272,443272,443274,2,0
443272,443272,443275,3,0
443272,443272,443275,3,0
443272,443272,443276,4,0
443272,443272,443275,3,0
443272,443272,443275,3,0
443272,443272,443275,3,0
443272,443272,443276,4,0
443272,443272,443276,4,0
443272,443272,443276,4,0
443272,443272,443276,4,0
443272,443272,443276,4,0
443272,443272,443276,4,0
443272,443272,443276,4,0
443272,443272,443276,4,0
443272,443272,443276,4,0
442911,442913,443287,374,2
443289,443290,443292,2,1
443289,443290,443292,2,1
443289,443290,443291,1,1
443289,443290,443291,1,1
443289,443290,443291,1,1
443289,443290,443291,1,1
443289,443290,443291,1,1
443289,443290,443291,1,1
443289,443290,443291,1,1
443289,443290,443291,1,1
443289,443290,443291,1,1
443289,443290,443291,1,1
443289,443290,443291,1,1
443289,443290,443291,1,1
443289,443290,443291,1,1
443289,443290,443291,1,1
443289,443290,443291,1,1
443289,443290,443291,1,1
443289,443290,443291,1,1
443289,443290,443291,1,1
443289,443290,443291,1,1
443289,443290,443292,2,1
443289,443290,443293,3,1
443289,443290,443292,2,1
443289,443290,443292,2,1
443289,443290,443292,2,1
443289,443290,443292,2,1
443289,443290,443292,2,1
443289,443290,443292,2,1
443289,443290,443292,2,1
443289,443290,443292,2,1
443289,443290,443292,2,1
443289,443290,443292,2,1
443289,443290,443292,2,1
443289,443290,443292,2,1
443289,443290,443292,2,1
443289,443290,443292,2,1
443289,443290,443292,2,1
443289,443290,443292,2,1
443289,443290,443292,2,1
443289,443290,443292,2,1
443289,443290,443293,3,1
443289,443290,443292,2,1
443289,443290,443293,3,1
443289,443290,443293,3,1
443289,443290,443293,3,1
443289,443290,443293,3,1
443289,443290,443293,3,1
443289,443290,443293,3,1
443289,443290,443293,3,1
443289,443290,443293,3,1
443289,443290,443293,3,1
443289,443290,443293,3,1
443289,443290,443293,3,1
443289,443290,443293,3,1
443289,443290,443294,4,1
443289,443290,443293,3,1
443289,443290,443293,3,1
443289,443290,443293,3,1
443289,443290,443293,3,1
443289,443290,443294,4,1
442935,442936,443294,358,1
443308,443308,443310,2,0
443308,443308,443310,2,0
443308,443308,443310,2,0
443308,443308,443310,2,0
443308,443308,443310,2,0
443308,443308,443310,2,0
443308,443308,443310,2,0
443308,443308,443310,2,0
443308,443308,443310,2,0
443308,443308,443310,2,0
443308,443308,443310,2,0
443308,443308,443310,2,0
443308,443308,443310,2,0
443308,443308,443310,2,0
443308,443308,443310,2,0
443308,443308,443310,2,0
443308,443308,443310,2,0
443308,443308,443310,2,0
443308,443308,443310,2,0
443308,443308,443310,2,0
443308,443308,443310,2,0
443308,443308,443310,2,0
443308,443308,443310,2,0
443308,443308,443310,2,0
443308,443309,443311,2,1
443308,443309,443311,2,1
443308,443309,443311,2,1
443308,443308,443311,3,0
443308,443309,443311,2,1
443308,443309,443311,2,1
443308,443308,443311,3,0
443308,443308,443310,2,0
443308,443308,443311,3,0
443308,443308,443311,3,0
443308,443308,443311,3,0
443308,443308,443311,3,0
443308,443308,443311,3,0
443308,443308,443310,2,0
443308,443308,443311,3,0
443308,443308,443310,2,0
443308,443308,443311,3,0
443308,443308,443311,3,0
443308,443309,443312,3,1
443308,443308,443312,4,0
443308,443309,443312,3,1
443308,443309,443311,2,1
443308,443308,443312,4,0
443308,443308,443311,3,0
443308,443308,443312,4,0
443308,443308,443312,4,0
443308,443308,443311,3,0
443308,443308,443312,4,0
443308,443308,443312,4,0
443308,443308,443312,4,0
443308,443308,443312,4,0
443308,443308,443311,3,0
443308,443308,443312,4,0
443308,443308,443312,4,0
443308,443308,443312,4,0
443308,443309,443312,3,1
443308,443309,443313,4,1
442932,442934,443317,383,2
443326,443326,443328,2,0
443326,443326,443327,1,0
443326,443326,443327,1,0
443326,443326,443327,1,0
443326,443326,443328,2,0
443326,443326,443328,2,0
443326,443326,443328,2,0
443326,443326,443328,2,0
443326,443326,443328,2,0
443326,443326,443327,1,0
443326,443326,443328,2,0
443326,443326,443328,2,0
443326,443326,443327,1,0
443326,443326,443327,1,0
443326,443326,443328,2,0
443326,443326,443328,2,0
443326,443326,443328,2,0
443326,443326,443328,2,0
443326,443326,443328,2,0
443326,443326,443327,1,0
443326,443326,443328,2,0
443326,443326,443327,1,0
443326,443326,443328,2,0
443326,443326,443328,2,0
443326,443326,443328,2,0
443326,443326,443329,3,0
443326,443326,443328,2,0
443326,443326,443328,2,0
443326,443326,443329,3,0
443326,443326,443328,2,0
443326,443326,443329,3,0
443326,443326,443328,2,0
443326,443326,443329,3,0
443326,443326,443329,3,0
443326,443326,443328,2,0
443326,443326,443329,3,0
443326,443326,443328,2,0
443326,443326,443329,3,0
443326,443326,443329,3,0
443326,443326,443329,3,0
443326,443326,443329,3,0
443326,443326,443330,4,0
443326,443326,443329,3,0
443326,443326,443330,4,0
443326,443326,443330,4,0
443326,443326,443329,3,0
443326,443326,443330,4,0
443326,443326,443330,4,0
443326,443326,443329,3,0
443326,443326,443330,4,0
443326,443326,443329,3,0
443326,443329,443330,1,3
443326,443329,443330,1,3
443326,443329,443330,1,3
443326,443326,443331,5,0
443326,443326,443330,4,0
443326,443326,443330,4,0
443326,443329,443331,2,3
443326,443329,443332,3,3
442974,442975,443334,359,1
443335,443336,443337,1,1
443335,443336,443337,1,1
443335,443336,443337,1,1
443335,443336,443337,1,1
443335,443336,443337,1,1
443335,443336,443338,2,1
443335,443336,443337,1,1
443335,443336,443337,1,1
443335,443336,443337,1,1
443335,443336,443338,2,1
443335,443336,443337,1,1
443335,443336,443337,1,1
443335,443336,443337,1,1
443335,443336,443337,1,1
443335,443336,443337,1,1
443335,443336,443337,1,1
443335,443336,443337,1,1
443335,443336,443338,2,1
443335,443336,443337,1,1
443335,443336,443337,1,1
443335,443336,443337,1,1
443335,443336,443338,2,1
443335,443336,443338,2,1
443335,443336,443338,2,1
443335,443336,443338,2,1
443335,443336,443338,2,1
443335,443336,443338,2,1
443335,443336,443338,2,1
443335,443336,443338,2,1
443335,443338,443339,1,3
443335,443336,443338,2,1
443335,443336,443338,2,1
443335,443336,443338,2,1
443335,443336,443338,2,1
443335,443336,443338,2,1
443335,443336,443339,3,1
443335,443336,443338,2,1
443335,443336,443338,2,1
443335,443336,443338,2,1
443335,443336,443339,3,1
443335,443336,443338,2,1
443335,443336,443339,3,1
443335,443336,443340,4,1
443335,443336,443339,3,1
443335,443336,443339,3,1
443335,443336,443339,3,1
443335,443336,443339,3,1
443335,443336,443339,3,1
443335,443336,443339,3,1
443335,443336,443340,4,1
443335,443336,443339,3,1
443335,443338,443339,1,3
443335,443336,443340,4,1
443335,443336,443340,4,1
443335,443336,443339,3,1
443335,443336,443339,3,1
443335,443336,443339,3,1
443335,443336,443340,4,1
443335,443336,443340,4,1
443335,443336,443340,4,1
443016,443016,443357,341,0
442999,443000,443358,358,1
443326,443326,443361,35,0
443326,443326,443361,35,0
443335,443336,443361,25,1
443359,443359,443361,2,0
443359,443359,443361,2,0
443359,443359,443361,2,0
443359,443360,443361,1,1
443359,443359,443361,2,0
443359,443359,443361,2,0
443359,443359,443361,2,0
443359,443359,443361,2,0
443359,443359,443361,2,0
443359,443359,443361,2,0
443359,443359,443361,2,0
443359,443359,443361,2,0
443359,443359,443361,2,0
443359,443359,443361,2,0
443359,443359,443361,2,0
443359,443359,443361,2,0
443359,443359,443361,2,0
443359,443359,443361,2,0
443359,443359,443361,2,0
443359,443359,443361,2,0
443359,443359,443361,2,0
443359,443359,443361,2,0
443359,443359,443362,3,0
443359,443359,443362,3,0
443359,443359,443362,3,0
443359,443360,443361,1,1
443359,443360,443361,1,1
443359,443360,443362,2,1
443359,443359,443361,2,0
443359,443359,443362,3,0
443359,443359,443362,3,0
443361,443361,443363,2,0
443359,443359,443362,3,0
443359,443359,443362,3,0
443359,443359,443362,3,0
443359,443359,443362,3,0
443359,443359,443362,3,0
443359,443359,443362,3,0
443359,443359,443362,3,0
443359,443359,443362,3,0
443359,443359,443362,3,0
443359,443359,443362,3,0
443359,443359,443363,4,0
443359,443359,443363,4,0
443359,443359,443363,4,0
443359,443359,443363,4,0
443361,443361,443363,2,0
443361,443361,443363,2,0
443359,443359,443363,4,0
443359,443359,443363,4,0
443359,443359,443363,4,0
443361,443361,443363,2,0
443359,443359,443363,4,0
443359,443359,443363,4,0
443361,443362,443363,1,1
443361,443362,443363,1,1
443361,443362,443363,1,1
443361,443362,443363,1,1
443359,443359,443363,4,0
443359,443359,443363,4,0
443361,443362,443363,1,1
443361,443362,443363,1,1
443361,443362,443363,1,1
443359,443359,443363,4,0
443359,443359,443363,4,0
443361,443362,443363,1,1
443361,443362,443363,1,1
443361,443362,443363,1,1
443361,443362,443363,1,1
443359,443359,443363,4,0
443359,443359,443363,4,0
443361,443362,443363,1,1
443361,443362,443363,1,1
443359,443360,443364,4,1
443359,443360,443364,4,1
443361,443362,443364,2,1
443361,443362,443365,3,1
443361,443364,443365,1,3
443361,443364,443365,1,3
443361,443362,443366,4,1
443361,443364,443365,1,3
443361,443364,443365,1,3
443361,443362,443365,3,1
443361,443363,443365,2,2
443361,443363,443365,2,2
443361,443363,443366,3,2
443361,443363,443365,2,2
443361,443363,443365,2,2
443361,443363,443365,2,2
443361,443364,443365,1,3
443361,443364,443365,1,3
443361,443363,443365,2,2
443361,443363,443366,3,2
443361,443364,443365,1,3
443361,443364,443365,1,3
443361,443362,443365,3,1
443361,443363,443365,2,2
443361,443363,443365,2,2
443361,443364,443365,1,3
443361,443363,443365,2,2
443361,443363,443365,2,2
443361,443364,443365,1,3
443361,443364,443365,1,3
443361,443364,443365,1,3
443361,443364,443365,1,3
443361,443364,443365,1,3
443361,443363,443365,2,2
443361,443363,443365,2,2
443361,443364,443365,1,3
443361,443364,443365,1,3
443361,443364,443365,1,3
443361,443362,443366,4,1
443361,443364,443366,2,3
443361,443364,443366,2,3
443361,443362,443366,4,1
443361,443364,443366,2,3
443361,443363,443366,3,2
443361,443363,443366,3,2
443361,443363,443366,3,2
443359,443360,443363,3,1
443359,443369,443370,1,10
443359,443369,443370,1,10
443359,443369,443370,1,10
443018,443019,443377,358,1
443380,443380,443382,2,0
443380,443380,443382,2,0
443380,443380,443382,2,0
443380,443380,443382,2,0
443380,443380,443382,2,0
443380,443380,443382,2,0
443380,443380,443382,2,0
443380,443380,443382,2,0
443380,443380,443382,2,0
443380,443380,443382,2,0
443380,443380,443382,2,0
443380,443380,443382,2,0
443380,443380,443382,2,0
443380,443380,443382,2,0
443380,443380,443382,2,0
443380,443380,443382,2,0
443380,443380,443382,2,0
443380,443380,443382,2,0
443380,443380,443382,2,0
443380,443380,443382,2,0
443380,443380,443382,2,0
443380,443380,443382,2,0
443380,443380,443382,2,0
443380,443381,443383,2,1
443380,443380,443383,3,0
443380,443380,443383,3,0
443380,443380,443383,3,0
443380,443380,443383,3,0
443380,443380,443383,3,0
443380,443380,443382,2,0
443380,443380,443383,3,0
443380,443380,443383,3,0
443380,443380,443383,3,0
443380,443380,443382,2,0
443380,443380,443383,3,0
443380,443380,443383,3,0
443380,443380,443383,3,0
443380,443380,443383,3,0
443380,443380,443383,3,0
443380,443380,443383,3,0
443380,443380,443383,3,0
443380,443381,443383,2,1
443380,443380,443383,3,0
443380,443381,443383,2,1
443380,443380,443384,4,0
443380,443380,443384,4,0
443380,443380,443383,3,0
443380,443380,443384,4,0
443380,443380,443384,4,0
443380,443380,443384,4,0
443380,443380,443384,4,0
443380,443380,443384,4,0
443380,443380,443384,4,0
443380,443380,443384,4,0
443380,443380,443384,4,0
443380,443380,443384,4,0
443380,443380,443384,4,0
443380,443381,443385,4,1
443380,443380,443385,5,0
443051,443052,443405,353,1
443072,443074,443408,334,2
443407,443408,443409,1,1
443407,443408,443410,2,1
443407,443408,443410,2,1
443407,443408,443410,2,1
443407,443408,443410,2,1
443407,443408,443409,1,1
443407,443408,443409,1,1
443407,443408,443410,2,1
443407,443408,443410,2,1
443407,443408,443410,2,1
443407,443408,443410,2,1
443407,443408,443409,1,1
443407,443408,443409,1,1
443407,443408,443409,1,1
443407,443408,443410,2,1
443407,443408,443409,1,1
443407,443408,443409,1,1
443407,443409,443410,1,2
443407,443408,443409,1,1
443407,443408,443410,2,1
443407,443408,443410,2,1
443407,443408,443410,2,1
443407,443408,443410,2,1
443407,443408,443411,3,1
443407,443408,443411,3,1
443407,443408,443410,2,1
443407,443408,443410,2,1
443407,443408,443411,3,1
443407,443408,443410,2,1
443407,443408,443411,3,1
443407,443408,443411,3,1
443407,443408,443411,3,1
443407,443408,443410,2,1
443407,443408,443410,2,1
443407,443408,443411,3,1
443407,443408,443411,3,1
443407,443408,443410,2,1
443407,443408,443411,3,1
443407,443408,443411,3,1
443407,443408,443410,2,1
443410,443410,443411,1,0
443407,443408,443410,2,1
443407,443408,443411,3,1
443407,443408,443411,3,1
443407,443408,443411,3,1
443407,443408,443411,3,1
443407,443408,443410,2,1
443407,443408,443411,3,1
443407,443408,443411,3,1
443407,443408,443411,3,1
443407,443408,443411,3,1
443407,443410,443411,1,3
443407,443408,443411,3,1
443410,443410,443411,1,0
443410,443410,443411,1,0
443407,443408,443411,3,1
443407,443408,443411,3,1
443407,443408,443411,3,1
443407,443408,443411,3,1
443410,443410,443411,1,0
443410,443410,443411,1,0
443410,443410,443411,1,0
443410,443410,443411,1,0
443407,443408,443411,3,1
443407,443408,443412,4,1
443410,443410,443411,1,0
443410,443410,443411,1,0
443410,443410,443411,1,0
443410,443410,443411,1,0
443410,443410,443411,1,0
443410,443410,443411,1,0
443410,443410,443412,2,0
443407,443408,443412,4,1
443407,443408,443412,4,1
443410,443410,443412,2,0
443410,443410,443412,2,0
443410,443410,443411,1,0
443410,443411,443413,2,1
443410,443411,443413,2,1
443410,443412,443413,1,2
443410,443412,443413,1,2
443410,443412,443413,1,2
443410,443412,443413,1,2
443410,443410,443412,2,0
443410,443410,443413,3,0
443410,443410,443412,2,0
443410,443411,443413,2,1
443410,443412,443413,1,2
443410,443412,443413,1,2
443380,443381,443413,32,1
443407,443408,443414,6,1
443410,443411,443413,2,1
443410,443412,443414,2,2
443410,443412,443414,2,2
443410,443412,443414,2,2
443410,443412,443414,2,2
443410,443411,443414,3,1
443410,443411,443414,3,1
443410,443411,443414,3,1
443410,443412,443413,1,2
443410,443412,443413,1,2
443410,443411,443414,3,1
443410,443411,443414,3,1
443410,443412,443413,1,2
443410,443412,443413,1,2
443410,443412,443413,1,2
443410,443411,443414,3,1
443410,443411,443414,3,1
443410,443411,443414,3,1
443410,443411,443414,3,1
443410,443411,443414,3,1
443410,443411,443413,2,1
443410,443411,443414,3,1
443410,443411,443414,3,1
443410,443411,443414,3,1
443410,443411,443414,3,1
443410,443411,443414,3,1
443410,443411,443414,3,1
443410,443411,443414,3,1
443410,443411,443413,2,1
443410,443411,443414,3,1
443410,443411,443414,3,1
443410,443412,443414,2,2
443410,443411,443415,4,1
443380,443381,443415,34,1
443078,443079,443454,375,1
443455,443455,443457,2,0
443455,443455,443457,2,0
443455,443455,443457,2,0
443455,443455,443457,2,0
443455,443455,443457,2,0
443455,443455,443457,2,0
443455,443455,443457,2,0
443455,443455,443457,2,0
443455,443455,443457,2,0
443455,443455,443457,2,0
443455,443455,443457,2,0
443455,443455,443457,2,0
443455,443455,443457,2,0
443455,443455,443457,2,0
443455,443455,443457,2,0
443455,443455,443457,2,0
443455,443455,443457,2,0
443455,443455,443457,2,0
443455,443455,443457,2,0
443455,443455,443457,2,0
443455,443455,443457,2,0
443455,443455,443457,2,0
443455,443455,443457,2,0
443455,443455,443457,2,0
443455,443455,443457,2,0
443455,443455,443457,2,0
443455,443455,443457,2,0
443455,443455,443458,3,0
443455,443456,443458,2,1
443455,443456,443458,2,1
443455,443456,443458,2,1
443455,443455,443458,3,0
443455,443455,443458,3,0
443455,443455,443458,3,0
443455,443455,443458,3,0
443455,443455,443458,3,0
443455,443455,443458,3,0
443455,443455,443458,3,0
443455,443455,443458,3,0
443455,443455,443458,3,0
443455,443455,443458,3,0
443455,443455,443458,3,0
443455,443455,443458,3,0
443455,443455,443458,3,0
443455,443455,443458,3,0
443455,443455,443458,3,0
443455,443455,443459,4,0
443455,443456,443459,3,1
443455,443456,443458,2,1
443455,443455,443459,4,0
443455,443455,443459,4,0
443455,443455,443458,3,0
443455,443455,443459,4,0
443455,443455,443459,4,0
443170,443170,443466,296,0
443467,443467,443469,2,0
443467,443467,443469,2,0
443467,443467,443469,2,0
443467,443467,443469,2,0
443467,443467,443469,2,0
443467,443467,443469,2,0
443467,443467,443469,2,0
443467,443467,443469,2,0
443467,443467,443469,2,0
443467,443467,443469,2,0
443467,443467,443469,2,0
443467,443467,443469,2,0
443467,443467,443469,2,0
443467,443467,443469,2,0
443467,443467,443469,2,0
443467,443467,443469,2,0
443467,443467,443468,1,0
443467,443467,443469,2,0
443467,443467,443469,2,0
443467,443467,443469,2,0
443467,443467,443469,2,0
443467,443467,443469,2,0
443467,443467,443469,2,0
443467,443467,443469,2,0
443455,443468,443469,1,13
443455,443468,443470,2,13
443467,443468,443469,1,1
443467,443468,443469,1,1
443467,443468,443470,2,1
443467,443468,443470,2,1
443467,443467,443470,3,0
443467,443467,443470,3,0
443467,443467,443470,3,0
443467,443467,443470,3,0
443467,443467,443470,3,0
443467,443467,443470,3,0
443467,443467,443470,3,0
443467,443467,443470,3,0
443467,443467,443470,3,0
443467,443467,443470,3,0
443467,443467,443470,3,0
443467,443467,443470,3,0
443467,443467,443470,3,0
443467,443467,443470,3,0
443467,443467,443469,2,0
443467,443469,443470,1,2
443467,443467,443469,2,0
443467,443467,443470,3,0
443467,443467,443470,3,0
443467,443467,443470,3,0
443467,443467,443470,3,0
443467,443469,443470,1,2
443467,443467,443470,3,0
443467,443469,443470,1,2
443455,443468,443470,2,13
443455,443468,443470,2,13
443455,443468,443470,2,13
443455,443469,443470,1,14
443467,443468,443471,3,1
443467,443467,443471,4,0
443467,443469,443470,1,2
443467,443469,443471,2,2
443467,443467,443471,4,0
443467,443469,443471,2,2
443467,443469,443471,2,2
443467,443467,443471,4,0
443467,443467,443471,4,0
443467,443469,443470,1,2
443455,443469,443471,2,14
443110,443111,443480,369,1
443484,443484,443486,2,0
443484,443484,443486,2,0
443484,443484,443486,2,0
443484,443484,443486,2,0
443484,443484,443486,2,0
443484,443484,443486,2,0
443484,443484,443486,2,0
443484,443484,443486,2,0
443484,443484,443486,2,0
443484,443484,443486,2,0
443484,443484,443486,2,0
443484,443484,443486,2,0
443484,443484,443486,2,0
443484,443484,443486,2,0
443484,443484,443486,2,0
443484,443484,443486,2,0
443484,443484,443486,2,0
443484,443484,443486,2,0
443484,443484,443486,2,0
443484,443484,443486,2,0
443484,443484,443486,2,0
443484,443484,443486,2,0
443484,443484,443486,2,0
443484,443484,443486,2,0
443484,443485,443486,1,1
443484,443484,443486,2,0
443484,443484,443486,2,0
443484,443484,443486,2,0
443484,443485,443486,1,1
443484,443485,443486,1,1
443484,443485,443487,2,1
443484,443485,443486,1,1
443484,443484,443487,3,0
443484,443484,443487,3,0
443484,443484,443487,3,0
443484,443484,443487,3,0
443484,443484,443487,3,0
443484,443484,443487,3,0
443484,443484,443487,3,0
443484,443484,443487,3,0
443484,443484,443487,3,0
443484,443484,443487,3,0
443484,443484,443487,3,0
443484,443484,443487,3,0
443484,443484,443487,3,0
443484,443484,443487,3,0
443484,443484,443487,3,0
443484,443484,443487,3,0
443484,443484,443487,3,0
443484,443484,443487,3,0
443484,443484,443487,3,0
443484,443485,443488,3,1
443484,443485,443487,2,1
443484,443484,443488,4,0
443484,443484,443488,4,0
443484,443484,443488,4,0
443484,443484,443488,4,0
443484,443484,443488,4,0
443484,443484,443488,4,0
443484,443484,443488,4,0
443484,443485,443488,3,1
443127,443128,443513,385,1
443513,443514,443515,1,1
443513,443514,443515,1,1
443513,443514,443515,1,1
443513,443514,443515,1,1
443513,443514,443515,1,1
443513,443514,443515,1,1
443513,443514,443516,2,1
443513,443514,443515,1,1
443513,443514,443515,1,1
443513,443514,443515,1,1
443513,443514,443515,1,1
443513,443514,443515,1,1
443513,443514,443515,1,1
443513,443514,443516,2,1
443513,443514,443515,1,1
443513,443514,443515,1,1
443513,443514,443515,1,1
443513,443514,443515,1,1
443513,443514,443515,1,1
443513,443514,443515,1,1
443513,443514,443515,1,1
443513,443514,443515,1,1
443513,443514,443515,1,1
443513,443514,443515,1,1
443513,443514,443515,1,1
443513,443514,443516,2,1
443513,443514,443515,1,1
443513,443514,443516,2,1
443513,443514,443516,2,1
443513,443514,443516,2,1
443513,443514,443516,2,1
443513,443514,443516,2,1
443513,443514,443517,3,1
443513,443514,443516,2,1
443513,443514,443517,3,1
443513,443514,443517,3,1
443513,443514,443516,2,1
443513,443514,443516,2,1
443513,443514,443516,2,1
443513,443514,443516,2,1
443513,443514,443517,3,1
443513,443514,443516,2,1
443513,443514,443516,2,1
443513,443514,443516,2,1
443513,443514,443516,2,1
443513,443514,443517,3,1
443513,443514,443517,3,1
443513,443514,443516,2,1
443513,443514,443517,3,1
443513,443514,443517,3,1
443145,443148,443517,369,3
443513,443514,443517,3,1
443513,443514,443517,3,1
443513,443514,443518,4,1
443183,443183,443518,335,0
443513,443514,443518,4,1
443519,443520,443521,1,1
443519,443520,443521,1,1
443519,443520,443521,1,1
443519,443520,443521,1,1
443519,443520,443522,2,1
443519,443520,443521,1,1
443519,443520,443521,1,1
443519,443520,443521,1,1
443519,443520,443521,1,1
443519,443520,443521,1,1
443519,443520,443521,1,1
443519,443520,443521,1,1
443519,443520,443521,1,1
443519,443520,443521,1,1
443519,443520,443521,1,1
443519,443520,443521,1,1
443519,443520,443521,1,1
443519,443520,443521,1,1
443519,443520,443521,1,1
443519,443520,443521,1,1
443519,443520,443522,2,1
443519,443520,443521,1,1
443519,443520,443521,1,1
443519,443520,443521,1,1
443519,443520,443522,2,1
443519,443520,443521,1,1
443519,443520,443522,2,1
443519,443520,443522,2,1
443519,443520,443522,2,1
443519,443520,443523,3,1
443519,443520,443522,2,1
443519,443520,443522,2,1
443519,443520,443522,2,1
443519,443520,443522,2,1
443519,443520,443522,2,1
443519,443520,443523,3,1
443519,443520,443523,3,1
443519,443520,443522,2,1
443519,443520,443523,3,1
443519,443520,443522,2,1
443519,443520,443522,2,1
443519,443520,443523,3,1
443519,443520,443523,3,1
443519,443520,443522,2,1
443519,443520,443523,3,1
443519,443522,443523,1,3
443519,443520,443523,3,1
443519,443520,443523,3,1
443519,443520,443523,3,1
443519,443522,443523,1,3
443519,443520,443523,3,1
443519,443522,443523,1,3
443519,443520,443523,3,1
443519,443520,443523,3,1
443519,443520,443523,3,1
443522,443522,443523,1,0
443522,443522,443523,1,0
443522,443522,443523,1,0
443522,443522,443523,1,0
443522,443522,443523,1,0
443522,443522,443523,1,0
443522,443522,443523,1,0
443522,443522,443523,1,0
443519,443522,443523,1,3
443519,443522,443523,1,3
443519,443520,443523,3,1
443522,443522,443523,1,0
443522,443522,443523,1,0
443522,443522,443523,1,0
443519,443520,443523,3,1
443519,443522,443523,1,3
443519,443520,443523,3,1
443522,443522,443523,1,0
443522,443522,443523,1,0
443522,443522,443523,1,0
443522,443522,443523,1,0
443522,443523,443525,2,1
443522,443523,443524,1,1
443522,443522,443525,3,0
443522,443522,443524,2,0
443522,443522,443525,3,0
443522,443524,443525,1,2
443522,443524,443525,1,2
443522,443523,443525,2,1
443522,443523,443525,2,1
443522,443524,443526,2,2
443522,443524,443526,2,2
443522,443523,443525,2,1
443522,443524,443526,2,2
443522,443523,443526,3,1
443522,443523,443525,2,1
443522,443523,443525,2,1
443522,443524,443525,1,2
443522,443523,443526,3,1
443522,443523,443526,3,1
443522,443524,443525,1,2
443522,443524,443525,1,2
443522,443523,443526,3,1
443522,443523,443526,3,1
443522,443523,443526,3,1
443522,443523,443526,3,1
443522,443524,443525,1,2
443522,443524,443525,1,2
443522,443523,443526,3,1
443522,443523,443526,3,1
443522,443523,443525,2,1
443522,443523,443526,3,1
443522,443524,443526,2,2
443522,443524,443525,1,2
443522,443524,443526,2,2
443522,443523,443525,2,1
443522,443524,443526,2,2
443522,443524,443526,2,2
443522,443524,443526,2,2
443522,443524,443526,2,2
443522,443524,443526,2,2
443522,443524,443526,2,2
443522,443524,443527,3,2
443522,443524,443526,2,2
443522,443524,443526,2,2
443522,443523,443526,3,1
443522,443523,443527,4,1
443513,443529,443530,1,16
443513,443529,443530,1,16
443513,443529,443530,1,16
443513,443529,443530,1,16
443513,443529,443530,1,16
443513,443529,443531,2,16
443513,443529,443532,3,16
443131,443133,443534,401,2
443538,443539,443541,2,1
443538,443539,443541,2,1
443538,443539,443540,1,1
443538,443539,443540,1,1
443538,443539,443540,1,1
443538,443539,443540,1,1
443538,443539,443540,1,1
443538,443539,443540,1,1
443538,443539,443541,2,1
443538,443539,443541,2,1
443538,443539,443541,2,1
443538,443539,443540,1,1
443538,443539,443540,1,1
443538,443539,443540,1,1
443538,443539,443540,1,1
443538,443539,443541,2,1
443538,443539,443541,2,1
443538,443539,443541,2,1
443538,443539,443541,2,1
443538,443539,443541,2,1
443538,443539,443540,1,1
443538,443539,443540,1,1
443538,443539,443541,2,1
443538,443539,443541,2,1
443538,443539,443541,2,1
443538,443539,443541,2,1
443538,443539,443541,2,1
443538,443539,443541,2,1
443538,443539,443541,2,1
443538,443539,443541,2,1
443538,443539,443540,1,1
443538,443539,443540,1,1
443538,443539,443541,2,1
443538,443539,443541,2,1
443538,443539,443541,2,1
443538,443539,443542,3,1
443538,443539,443542,3,1
443538,443539,443542,3,1
443538,443539,443541,2,1
443538,443539,443542,3,1
443538,443539,443541,2,1
443538,443539,443542,3,1
443538,443539,443542,3,1
443538,443539,443541,2,1
443538,443539,443541,2,1
443538,443539,443542,3,1
443538,443539,443541,2,1
443538,443539,443541,2,1
443538,443539,443542,3,1
443538,443539,443541,2,1
443538,443539,443543,4,1
443538,443539,443542,3,1
443538,443539,443542,3,1
443538,443539,443542,3,1
443538,443539,443543,4,1
443538,443539,443542,3,1
443538,443539,443542,3,1
443538,443539,443542,3,1
443538,443539,443542,3,1
443538,443539,443542,3,1
443538,443539,443542,3,1
443212,443213,443559,346,1
443196,443197,443563,366,1
443563,443564,443565,1,1
443563,443564,443565,1,1
443563,443564,443565,1,1
443563,443564,443565,1,1
443563,443564,443566,2,1
443563,443564,443566,2,1
443563,443564,443565,1,1
443563,443564,443565,1,1
443563,443564,443566,2,1
443563,443564,443565,1,1
443563,443564,443566,2,1
443563,443564,443566,2,1
443563,443564,443566,2,1
443563,443564,443565,1,1
443563,443564,443566,2,1
443563,443564,443566,2,1
443563,443564,443565,1,1
443563,443564,443565,1,1
443563,443564,443565,1,1
443563,443564,443566,2,1
443563,443564,443566,2,1
443563,443564,443565,1,1
443563,443564,443565,1,1
443563,443564,443565,1,1
443563,443564,443565,1,1
443563,443564,443566,2,1
443563,443564,443566,2,1
443563,443564,443566,2,1
443563,443564,443566,2,1
443563,443564,443567,3,1
443563,443564,443566,2,1
443563,443564,443566,2,1
443563,443564,443567,3,1
443563,443564,443567,3,1
443563,443564,443567,3,1
443563,443564,443566,2,1
443563,443564,443566,2,1
443563,443564,443567,3,1
443563,443564,443567,3,1
443563,443564,443567,3,1
443563,443564,443566,2,1
443563,443564,443566,2,1
443563,443564,443566,2,1
443563,443564,443567,3,1
443563,443564,443566,2,1
443563,443564,443567,3,1
443563,443564,443567,3,1
443563,443564,443566,2,1
443563,443564,443567,3,1
443563,443564,443566,2,1
443563,443564,443567,3,1
443563,443564,443567,3,1
443563,443564,443568,4,1
443563,443564,443568,4,1
443563,443564,443567,3,1
443563,443564,443567,3,1
443563,443564,443567,3,1
443563,443564,443567,3,1
443563,443564,443567,3,1
443563,443564,443567,3,1
443563,443564,443567,3,1
443563,443564,443569,5,1
443569,443569,443570,1,0
443569,443569,443571,2,0
443569,443569,443571,2,0
443569,443569,443571,2,0
443569,443569,443571,2,0
443569,443569,443571,2,0
443569,443569,443571,2,0
443569,443569,443571,2,0
443569,443569,443571,2,0
443569,443569,443571,2,0
443569,443569,443571,2,0
443569,443569,443571,2,0
443569,443570,443571,1,1
443569,443569,443570,1,0
443569,443569,443571,2,0
443569,443569,443571,2,0
443569,443569,443571,2,0
443569,443569,443571,2,0
443569,443569,443571,2,0
443569,443569,443571,2,0
443569,443569,443571,2,0
443569,443569,443571,2,0
443569,443569,443571,2,0
443569,443569,443571,2,0
443569,443569,443571,2,0
443569,443569,443571,2,0
443569,443569,443571,2,0
443569,443569,443571,2,0
443569,443569,443571,2,0
443569,443569,443571,2,0
443569,443570,443571,1,1
443569,443569,443572,3,0
443569,443569,443572,3,0
443569,443569,443572,3,0
443569,443569,443572,3,0
443569,443569,443572,3,0
443569,443569,443572,3,0
443569,443570,443572,2,1
443569,443570,443572,2,1
443569,443569,443572,3,0
443569,443569,443572,3,0
443569,443569,443572,3,0
443569,443569,443572,3,0
443569,443569,443572,3,0
443569,443569,443571,2,0
443569,443569,443571,2,0
443569,443569,443572,3,0
443569,443569,443572,3,0
443569,443569,443572,3,0
443569,443569,443573,4,0
443569,443569,443573,4,0
443569,443569,443573,4,0
443569,443569,443573,4,0
443569,443570,443573,3,1
443569,443570,443572,2,1
443569,443569,443573,4,0
443569,443569,443573,4,0
443569,443569,443573,4,0
443569,443569,443573,4,0
443569,443569,443573,4,0
443569,443569,443573,4,0
443256,443257,443608,351,1
443610,443611,443612,1,1
443610,443611,443612,1,1
443610,443611,443613,2,1
443610,443611,443612,1,1
443610,443611,443612,1,1
443610,443611,443612,1,1
443610,443611,443612,1,1
443610,443611,443613,2,1
443610,443611,443613,2,1
443610,443611,443612,1,1
443610,443611,443612,1,1
443610,443611,443612,1,1
443610,443611,443613,2,1
443610,443611,443612,1,1
443610,443611,443612,1,1
443610,443611,443612,1,1
443610,443611,443612,1,1
443610,443611,443613,2,1
443610,443611,443612,1,1
443610,443611,443612,1,1
443610,443611,443612,1,1
443610,443611,443612,1,1
443610,443611,443612,1,1
443610,443611,443614,3,1
443610,443611,443613,2,1
443610,443611,443613,2,1
443610,443611,443613,2,1
443610,443611,443613,2,1
443610,443611,443613,2,1
443610,443611,443613,2,1
443610,443611,443613,2,1
443610,443611,443614,3,1
443610,443611,443613,2,1
443610,443611,443614,3,1
443610,443611,443613,2,1
443610,443611,443613,2,1
443610,443611,443614,3,1
443610,443611,443613,2,1
443610,443611,443614,3,1
443610,443611,443613,2,1
443610,443611,443614,3,1
443610,443611,443613,2,1
443610,443611,443614,3,1
443610,443611,443613,2,1
443610,443611,443614,3,1
443610,443611,443614,3,1
443610,443611,443614,3,1
443610,443611,443614,3,1
443610,443611,443614,3,1
443610,443623,443624,1,13
443610,443623,443624,1,13
443610,443623,443624,1,13
443610,443623,443624,1,13
443610,443623,443625,2,13
443610,443623,443626,3,13
443610,443628,443629,1,18
443610,443628,443629,1,18
443610,443628,443629,1,18
443610,443628,443629,1,18
443610,443628,443630,2,18
443610,443628,443630,2,18
443291,443292,443640,348,1
443642,443643,443644,1,1
443642,443643,443644,1,1
443642,443643,443644,1,1
443642,443643,443644,1,1
443642,443643,443644,1,1
443642,443643,443644,1,1
443642,443643,443644,1,1
443642,443643,443644,1,1
443642,443643,443644,1,1
443642,443643,443644,1,1
443642,443643,443644,1,1
443642,443643,443644,1,1
443642,443643,443644,1,1
443642,443643,443644,1,1
443642,443643,443644,1,1
443642,443643,443644,1,1
443642,443643,443644,1,1
443642,443643,443644,1,1
443642,443643,443644,1,1
443642,443643,443644,1,1
443642,443643,443644,1,1
443642,443643,443644,1,1
443642,443643,443644,1,1
443642,443643,443644,1,1
443642,443643,443644,1,1
443642,443643,443644,1,1
443642,443643,443644,1,1
443642,443643,443644,1,1
443642,443643,443646,3,1
443642,443643,443645,2,1
443642,443643,443646,3,1
443642,443643,443645,2,1
443642,443643,443645,2,1
443642,443643,443646,3,1
443642,443643,443645,2,1
443642,443643,443645,2,1
443642,443643,443645,2,1
443642,443643,443645,2,1
443642,443643,443645,2,1
443642,443643,443645,2,1
443642,443643,443645,2,1
443642,443643,443646,3,1
443642,443643,443645,2,1
443642,443643,443645,2,1
443642,443643,443646,3,1
443642,443643,443645,2,1
443642,443643,443645,2,1
443642,443643,443646,3,1
443642,443643,443645,2,1
443642,443643,443645,2,1
443642,443643,443646,3,1
443642,443643,443646,3,1
443642,443643,443646,3,1
443642,443643,443646,3,1
443642,443643,443646,3,1
443642,443643,443646,3,1
443642,443643,443646,3,1
443642,443643,443646,3,1
443642,443643,443646,3,1
443642,443643,443646,3,1
443642,443643,443646,3,1
443273,443274,443660,386,1
443661,443662,443664,2,1
443661,443662,443664,2,1
443661,443662,443664,2,1
443661,443662,443664,2,1
443661,443662,443663,1,1
443661,443662,443663,1,1
443661,443662,443663,1,1
443661,443662,443663,1,1
443661,443662,443664,2,1
443661,443662,443663,1,1
443661,443662,443664,2,1
443661,443662,443663,1,1
443661,443662,443663,1,1
443661,443662,443663,1,1
443661,443662,443663,1,1
443661,443662,443663,1,1
443661,443662,443664,2,1
443661,443662,443663,1,1
443661,443662,443664,2,1
443661,443662,443664,2,1
443661,443662,443663,1,1
443661,443662,443663,1,1
443661,443662,443663,1,1
443661,443662,443664,2,1
443661,443662,443663,1,1
443661,443662,443663,1,1
443661,443662,443663,1,1
443661,443662,443664,2,1
443337,443338,443664,326,1
443661,443662,443664,2,1
443661,443662,443665,3,1
443661,443662,443665,3,1
443661,443662,443664,2,1
443661,443662,443665,3,1
443661,443662,443665,3,1
443661,443662,443665,3,1
443661,443662,443664,2,1
443661,443662,443664,2,1
443661,443662,443664,2,1
443661,443662,443664,2,1
443661,443662,443665,3,1
443661,443662,443664,2,1
443661,443662,443664,2,1
443661,443662,443665,3,1
443661,443662,443664,2,1
443661,443662,443665,3,1
443661,443662,443665,3,1
443661,443662,443664,2,1
443661,443662,443664,2,1
443661,443662,443665,3,1
443661,443662,443665,3,1
443661,443662,443665,3,1
443661,443662,443665,3,1
443661,443662,443665,3,1
443661,443662,443665,3,1
443661,443662,443665,3,1
443661,443662,443665,3,1
443666,443666,443668,2,0
443666,443666,443668,2,0
443666,443666,443668,2,0
443666,443666,443668,2,0
443666,443666,443668,2,0
443666,443666,443668,2,0
443666,443666,443667,1,0
443666,443666,443668,2,0
443666,443666,443668,2,0
443666,443666,443668,2,0
443666,443666,443667,1,0
443666,443666,443668,2,0
443666,443666,443668,2,0
443666,443666,443668,2,0
443666,443666,443668,2,0
443666,443666,443668,2,0
443666,443666,443668,2,0
443666,443666,443668,2,0
443666,443666,443668,2,0
443666,443666,443669,3,0
443666,443666,443669,3,0
443666,443666,443669,3,0
443666,443666,443668,2,0
443666,443666,443669,3,0
443666,443666,443668,2,0
443666,443666,443669,3,0
443666,443666,443668,2,0
443666,443666,443669,3,0
443666,443668,443669,1,2
443666,443666,443668,2,0
443666,443666,443668,2,0
443666,443666,443668,2,0
443666,443666,443668,2,0
443666,443666,443669,3,0
443666,443666,443669,3,0
443666,443668,443669,1,2
443666,443666,443669,3,0
443666,443666,443669,3,0
443666,443666,443668,2,0
443666,443666,443668,2,0
443666,443666,443669,3,0
443666,443666,443668,2,0
443666,443666,443670,4,0
443666,443666,443669,3,0
443666,443668,443669,1,2
443666,443668,443669,1,2
443666,443666,443669,3,0
443666,443666,443669,3,0
443666,443666,443670,4,0
443666,443666,443670,4,0
443666,443668,443669,1,2
443666,443666,443670,4,0
443666,443666,443670,4,0
443666,443666,443669,3,0
443666,443666,443669,3,0
443666,443666,443669,3,0
443666,443666,443669,3,0
443666,443666,443670,4,0
443666,443666,443670,4,0
443666,443666,443670,4,0
443666,443666,443669,3,0
443661,443671,443672,1,10
443661,443671,443673,2,10
443661,443671,443673,2,10
443661,443671,443674,3,10
443661,443671,443674,3,10
443363,443364,443699,335,1
443700,443701,443702,1,1
443700,443701,443702,1,1
443700,443701,443703,2,1
443700,443701,443702,1,1
443700,443701,443702,1,1
443700,443701,443702,1,1
443700,443701,443702,1,1
443700,443701,443702,1,1
443700,443701,443702,1,1
443700,443701,443702,1,1
443700,443701,443702,1,1
443700,443701,443702,1,1
443700,443701,443703,2,1
443700,443701,443702,1,1
443700,443701,443702,1,1
443700,443701,443702,1,1
443700,443701,443702,1,1
443700,443701,443702,1,1
443700,443701,443702,1,1
443700,443701,443702,1,1
443700,443701,443702,1,1
443700,443701,443702,1,1
443700,443701,443703,2,1
443700,443701,443703,2,1
443700,443701,443703,2,1
443700,443701,443704,3,1
443700,443701,443704,3,1
443700,443701,443703,2,1
443700,443701,443703,2,1
443700,443701,443704,3,1
443700,443701,443703,2,1
443700,443701,443703,2,1
443700,443701,443704,3,1
443700,443701,443703,2,1
443700,443701,443703,2,1
443700,443701,443703,2,1
443700,443701,443703,2,1
443700,443701,443704,3,1
443700,443701,443703,2,1
443700,443701,443703,2,1
443700,443701,443703,2,1
443700,443702,443703,1,2
443700,443702,443703,1,2
443700,443702,443704,2,2
443700,443701,443705,4,1
443700,443701,443704,3,1
443700,443701,443704,3,1
443700,443701,443704,3,1
443700,443701,443705,4,1
443700,443701,443704,3,1
443700,443701,443705,4,1
443700,443701,443704,3,1
443700,443701,443704,3,1
443700,443701,443704,3,1
443700,443701,443704,3,1
443700,443701,443704,3,1
443700,443701,443705,4,1
443700,443701,443704,3,1
443700,443701,443704,3,1
443700,443701,443704,3,1
443700,443702,443705,3,2
443360,443361,443706,345,1
443309,443310,443709,399,1
443327,443328,443715,387,1
443718,443718,443719,1,0
443718,443718,443719,1,0
443718,443718,443719,1,0
443718,443718,443720,2,0
443718,443718,443720,2,0
443718,443718,443719,1,0
443718,443718,443720,2,0
443718,443718,443719,1,0
443718,443718,443719,1,0
443718,443718,443720,2,0
443718,443718,443719,1,0
443718,443718,443720,2,0
443718,443718,443719,1,0
443718,443718,443720,2,0
443718,443718,443720,2,0
443718,443718,443720,2,0
443718,443718,443719,1,0
443718,443718,443720,2,0
443718,443718,443719,1,0
443718,443718,443719,1,0
443718,443718,443720,2,0
443718,443718,443720,2,0
443718,443718,443719,1,0
443718,443718,443720,2,0
443718,443718,443719,1,0
443718,443718,443719,1,0
443718,443718,443721,3,0
443718,443718,443720,2,0
443718,443718,443721,3,0
443718,443718,443721,3,0
443718,443718,443721,3,0
443718,443718,443721,3,0
443718,443718,443721,3,0
443718,443718,443720,2,0
443718,443718,443721,3,0
443718,443718,443721,3,0
443718,443718,443720,2,0
443718,443718,443721,3,0
443718,443718,443721,3,0
443718,443718,443720,2,0
443718,443718,443721,3,0
443718,443718,443720,2,0
443718,443718,443721,3,0
443718,443718,443720,2,0
443718,443719,443720,1,1
443718,443720,443721,1,2
443718,443720,443721,1,2
443718,443718,443721,3,0
443718,443720,443722,2,2
443718,443720,443722,2,2
443718,443720,443722,2,2
443718,443718,443721,3,0
443718,443720,443722,2,2
443718,443720,443722,2,2
443718,443720,443722,2,2
443718,443718,443721,3,0
443718,443718,443721,3,0
443718,443720,443721,1,2
443718,443720,443722,2,2
443718,443718,443721,3,0
443718,443720,443722,2,2
443718,443720,443721,1,2
443718,443720,443722,2,2
443718,443718,443721,3,0
443718,443718,443721,3,0
443718,443720,443722,2,2
443718,443720,443722,2,2
443718,443720,443722,2,2
443718,443718,443721,3,0
443718,443722,443723,1,4
443718,443721,443723,2,3
443718,443720,443723,3,2
443718,443721,443723,2,3
443718,443721,443723,2,3
443718,443720,443723,3,2
443718,443720,443723,3,2
443718,443720,443723,3,2
443718,443722,443724,2,4
443718,443722,443724,2,4
443718,443721,443724,3,3
443718,443721,443724,3,3
443718,443722,443724,2,4
443718,443722,443724,2,4
443718,443722,443724,2,4
443718,443722,443723,1,4
443718,443721,443724,3,3
443718,443721,443723,2,3
443718,443722,443724,2,4
443718,443722,443723,1,4
443720,443722,443724,2,2
443718,443721,443724,3,3
443718,443721,443724,3,3
443718,443721,443724,3,3
443718,443722,443724,2,4
443718,443722,443724,2,4
443718,443722,443723,1,4
443718,443722,443724,2,4
443718,443721,443724,3,3
443718,443721,443724,3,3
443718,443722,443724,2,4
443718,443722,443724,2,4
443718,443722,443724,2,4
443720,443723,443724,1,3
443718,443720,443724,4,2
443718,443720,443724,4,2
443718,443720,443724,4,2
443718,443720,443724,4,2
443718,443721,443723,2,3
443718,443721,443724,3,3
443720,443722,443724,2,2
443720,443723,443724,1,3
443718,443720,443724,4,2
443718,443721,443724,3,3
443720,443722,443724,2,2
443720,443722,443723,1,2
443720,443723,443724,1,3
443718,443721,443724,3,3
443718,443721,443724,3,3
443720,443722,443724,2,2
443720,443722,443724,2,2
443720,443722,443724,2,2
443720,443723,443724,1,3
443720,443723,443725,2,3
443720,443723,443725,2,3
443720,443724,443725,1,4
443718,443721,443724,3,3
443718,443721,443724,3,3
443720,443724,443725,1,4
443720,443724,443725,1,4
443720,443724,443726,2,4
443720,443723,443725,2,3
443720,443725,443726,1,5
443720,443725,443726,1,5
443720,443725,443727,2,5
443720,443725,443727,2,5
443720,443725,443726,1,5
443720,443725,443726,1,5
443720,443725,443726,1,5
443720,443725,443726,1,5
443720,443725,443726,1,5
443720,443725,443726,1,5
443720,443725,443726,1,5
443720,443725,443726,1,5
443720,443725,443726,1,5
443720,443725,443727,2,5
443720,443725,443726,1,5
443720,443725,443728,3,5
443720,443725,443727,2,5
443720,443725,443727,2,5
443720,443725,443728,3,5
443720,443725,443728,3,5
443720,443725,443728,3,5
443720,443725,443727,2,5
443720,443725,443727,2,5
443720,443725,443727,2,5
443720,443725,443727,2,5
443720,443725,443727,2,5
443720,443725,443727,2,5
443720,443725,443728,3,5
443720,443725,443727,2,5
443720,443725,443727,2,5
443720,443725,443727,2,5
443718,443727,443728,1,9
443720,443725,443728,3,5
443720,443725,443728,3,5
443720,443725,443728,3,5
443720,443725,443728,3,5
443720,443725,443728,3,5
443720,443725,443728,3,5
443720,443725,443728,3,5
443720,443725,443728,3,5
443720,443725,443728,3,5
443720,443725,443728,3,5
443720,443725,443728,3,5
443720,443725,443728,3,5
443718,443727,443728,1,9
443718,443727,443728,1,9
443718,443727,443729,2,9
443718,443730,443732,2,12
443718,443730,443732,2,12
443718,443730,443732,2,12
443718,443730,443732,2,12
443718,443730,443733,3,12
443718,443730,443734,4,12
443718,443730,443733,3,12
443409,443410,443750,340,1
443753,443754,443755,1,1
443753,443754,443756,2,1
443753,443754,443755,1,1
443753,443754,443755,1,1
443753,443754,443755,1,1
443753,443754,443755,1,1
443753,443754,443755,1,1
443753,443754,443755,1,1
443753,443754,443756,2,1
443753,443754,443755,1,1
443753,443754,443755,1,1
443753,443754,443756,2,1
443753,443754,443756,2,1
443753,443754,443756,2,1
443753,443754,443756,2,1
443753,443754,443755,1,1
443753,443754,443756,2,1
443753,443754,443756,2,1
443753,443754,443756,2,1
443753,443754,443756,2,1
443753,443754,443755,1,1
443753,443754,443756,2,1
443753,443754,443755,1,1
443753,443754,443756,2,1
443753,443754,443756,2,1
443753,443754,443756,2,1
443753,443754,443757,3,1
443753,443754,443757,3,1
443753,443754,443757,3,1
443753,443754,443756,2,1
443753,443754,443756,2,1
443753,443754,443757,3,1
443753,443754,443756,2,1
443753,443754,443757,3,1
443753,443754,443757,3,1
443753,443754,443756,2,1
443753,443754,443756,2,1
443753,443754,443757,3,1
443753,443754,443756,2,1
443753,443754,443757,3,1
443753,443754,443758,4,1
443753,443754,443757,3,1
443753,443754,443757,3,1
443753,443754,443757,3,1
443753,443754,443757,3,1
443753,443754,443757,3,1
443753,443754,443758,4,1
443753,443754,443758,4,1
443753,443754,443757,3,1
443753,443754,443757,3,1
443753,443754,443758,4,1
443753,443754,443757,3,1
443753,443754,443757,3,1
443753,443754,443758,4,1
443753,443754,443758,4,1
443753,443754,443757,3,1
443753,443754,443757,3,1
443753,443754,443758,4,1
443381,443382,443758,376,1
443411,443412,443763,351,1
443762,443762,443764,2,0
443762,443762,443764,2,0
443762,443762,443764,2,0
443762,443762,443764,2,0
443762,443762,443764,2,0
443762,443762,443764,2,0
443762,443762,443764,2,0
443762,443763,443764,1,1
443762,443763,443764,1,1
443762,443762,443764,2,0
443762,443762,443764,2,0
443762,443762,443764,2,0
443762,443762,443764,2,0
443762,443762,443764,2,0
443762,443762,443764,2,0
443762,443762,443764,2,0
443762,443762,443764,2,0
443762,443762,443764,2,0
443762,443762,443764,2,0
443762,443762,443764,2,0
443762,443762,443764,2,0
443762,443762,443765,3,0
443762,443762,443765,3,0
443762,443762,443765,3,0
443762,443762,443765,3,0
443762,443762,443765,3,0
443762,443762,443765,3,0
443762,443763,443765,2,1
443762,443763,443765,2,1
443762,443763,443765,2,1
443762,443762,443765,3,0
443762,443762,443765,3,0
443762,443762,443765,3,0
443762,443762,443765,3,0
443762,443762,443766,4,0
443762,443762,443766,4,0
443762,443762,443765,3,0
443762,443762,443766,4,0
443762,443762,443765,3,0
443762,443762,443766,4,0
443762,443762,443766,4,0
443762,443762,443766,4,0
443762,443765,443766,1,3
443762,443765,443766,1,3
443762,443762,443766,4,0
443762,443762,443766,4,0
443764,443765,443766,1,1
443764,443765,443766,1,1
443764,443765,443766,1,1
443762,443763,443766,3,1
443762,443763,443766,3,1
443762,443763,443766,3,1
443764,443765,443766,1,1
443762,443762,443766,4,0
443764,443765,443766,1,1
443764,443765,443766,1,1
443764,443765,443766,1,1
443762,443762,443766,4,0
443762,443762,443766,4,0
443764,443765,443766,1,1
443764,443765,443766,1,1
443764,443765,443766,1,1
443762,443762,443766,4,0
443764,443765,443766,1,1
443764,443765,443766,1,1
443764,443765,443766,1,1
443764,443765,443766,1,1
443764,443765,443767,2,1
443764,443766,443768,2,2
443764,443766,443769,3,2
443764,443766,443769,3,2
443764,443767,443769,2,3
443764,443767,443768,1,3
443764,443767,443769,2,3
443764,443767,443768,1,3
443764,443767,443769,2,3
443764,443767,443768,1,3
443764,443767,443768,1,3
443764,443767,443768,1,3
443764,443766,443769,3,2
443764,443766,443769,3,2
443764,443767,443768,1,3
443764,443767,443768,1,3
443764,443767,443768,1,3
443764,443767,443768,1,3
443764,443767,443768,1,3
443764,443766,443769,3,2
443764,443766,443769,3,2
443764,443767,443768,1,3
443764,443767,443768,1,3
443764,443766,443769,3,2
443764,443766,443769,3,2
443764,443766,443769,3,2
443764,443767,443769,2,3
443764,443766,443769,3,2
443764,443767,443769,2,3
443764,443767,443770,3,3
443764,443767,443769,2,3
443764,443767,443769,2,3
443764,443766,443769,3,2
443764,443766,443769,3,2
443764,443766,443769,3,2
443764,443767,443769,2,3
443764,443767,443769,2,3
443764,443766,443769,3,2
443764,443766,443770,4,2
443764,443767,443769,2,3
443764,443767,443773,6,3
443764,443767,443776,9,3
443753,443758,443761,3,5
443753,443758,443760,2,5
443753,443758,443759,1,5
443762,443783,443784,1,21
443762,443781,443784,3,19
443762,443783,443784,1,21
443762,443783,443785,2,21
443762,443783,443785,2,21
443762,443783,443786,3,21
443762,443762,443766,4,0
443764,443765,443766,1,1
443764,443765,443766,1,1
443764,443788,443791,3,24
443764,443788,443791,3,24
443764,443788,443791,3,24
443468,443469,443812,343,1
443813,443813,443815,2,0
443813,443813,443815,2,0
443813,443813,443814,1,0
443813,443813,443814,1,0
443813,443813,443815,2,0
443813,443813,443815,2,0
443813,443813,443815,2,0
443813,443813,443815,2,0
443813,443813,443814,1,0
443813,443813,443814,1,0
443813,443813,443814,1,0
443813,443813,443814,1,0
443813,443813,443815,2,0
443813,443813,443815,2,0
443813,443813,443815,2,0
443813,443813,443815,2,0
443813,443813,443815,2,0
443813,443813,443815,2,0
443813,443813,443815,2,0
443813,443813,443814,1,0
443813,443813,443814,1,0
443813,443813,443815,2,0
443813,443813,443816,3,0
443813,443813,443815,2,0
443813,443813,443815,2,0
443813,443813,443816,3,0
443813,443813,443816,3,0
443813,443813,443816,3,0
443813,443813,443816,3,0
443813,443813,443816,3,0
443813,443813,443815,2,0
443813,443813,443816,3,0
443813,443813,443815,2,0
443813,443813,443815,2,0
443813,443813,443816,3,0
443813,443813,443816,3,0
443813,443813,443816,3,0
443813,443813,443815,2,0
443813,443813,443816,3,0
443813,443813,443817,4,0
443813,443813,443817,4,0
443813,443813,443817,4,0
443813,443813,443816,3,0
443813,443813,443816,3,0
443813,443813,443817,4,0
443813,443813,443816,3,0
443813,443813,443816,3,0
443813,443813,443816,3,0
443813,443813,443817,4,0
443813,443813,443816,3,0
443813,443813,443816,3,0
443813,443813,443817,4,0
443813,443813,443816,3,0
443813,443813,443816,3,0
443813,443813,443816,3,0
443813,443827,443828,1,14
443813,443827,443828,1,14
443813,443827,443828,1,14
443813,443827,443828,1,14
443813,443827,443830,3,14
443813,443827,443830,3,14
443456,443457,443849,392,1
443851,443852,443853,1,1
443851,443852,443853,1,1
443851,443851,443853,2,0
443851,443851,443853,2,0
443851,443851,443853,2,0
443851,443851,443853,2,0
443851,443851,443853,2,0
443851,443851,443853,2,0
443851,443851,443853,2,0
443851,443851,443852,1,0
443851,443851,443853,2,0
443851,443851,443853,2,0
443851,443851,443853,2,0
443851,443851,443853,2,0
443851,443851,443853,2,0
443851,443851,443853,2,0
443851,443851,443853,2,0
443851,443851,443853,2,0
443851,443851,443853,2,0
443851,443852,443853,1,1
443851,443852,443853,1,1
443851,443851,443853,2,0
443851,443851,443853,2,0
443851,443852,443853,1,1
443851,443852,443854,2,1
443851,443852,443854,2,1
443851,443851,443854,3,0
443851,443851,443854,3,0
443851,443851,443854,3,0
443851,443851,443853,2,0
443851,443851,443854,3,0
443851,443851,443854,3,0
443851,443851,443853,2,0
443851,443851,443854,3,0
443851,443852,443853,1,1
443851,443852,443854,2,1
443851,443852,443854,2,1
443851,443851,443853,2,0
443851,443851,443854,3,0
443851,443851,443854,3,0
443851,443851,443853,2,0
443851,443851,443854,3,0
443851,443852,443855,3,1
443851,443852,443855,3,1
443851,443851,443855,4,0
443851,443851,443854,3,0
443851,443851,443854,3,0
443851,443851,443854,3,0
443851,443851,443854,3,0
443851,443851,443854,3,0
443851,443851,443854,3,0
443851,443851,443854,3,0
443851,443852,443855,3,1
443851,443852,443855,3,1
443851,443851,443854,3,0
443851,443851,443855,4,0
443851,443851,443855,4,0
443851,443851,443855,4,0
443540,443541,443863,322,1
443865,443865,443866,1,0
443865,443865,443867,2,0
443865,443865,443867,2,0
443865,443865,443867,2,0
443865,443865,443866,1,0
443865,443865,443867,2,0
443865,443865,443867,2,0
443865,443865,443867,2,0
443865,443865,443867,2,0
443865,443865,443867,2,0
443865,443865,443867,2,0
443865,443865,443867,2,0
443865,443865,443867,2,0
443865,443865,443867,2,0
443865,443865,443867,2,0
443865,443865,443867,2,0
443865,443865,443867,2,0
443865,443865,443867,2,0
443865,443865,443867,2,0
443865,443865,443867,2,0
443865,443865,443867,2,0
443865,443865,443867,2,0
443865,443865,443867,2,0
443865,443865,443867,2,0
443865,443865,443867,2,0
443865,443865,443866,1,0
443865,443865,443867,2,0
443865,443865,443867,2,0
443865,443865,443867,2,0
443865,443865,443868,3,0
443865,443865,443867,2,0
443865,443865,443867,2,0
443865,443865,443868,3,0
443865,443865,443868,3,0
443865,443865,443867,2,0
443865,443865,443868,3,0
443865,443865,443868,3,0
443865,443865,443868,3,0
443865,443865,443868,3,0
443865,443865,443868,3,0
443865,443865,443868,3,0
443865,443865,443867,2,0
443865,443865,443868,3,0
443865,443865,443868,3,0
443865,443865,443868,3,0
443865,443867,443868,1,2
443865,443865,443868,3,0
443865,443867,443868,1,2
443865,443865,443868,3,0
443865,443865,443868,3,0
443865,443865,443869,4,0
443865,443865,443869,4,0
443865,443865,443869,4,0
443865,443865,443868,3,0
443865,443865,443869,4,0
443865,443865,443868,3,0
443865,443867,443868,1,2
443865,443865,443868,3,0
443865,443865,443868,3,0
443851,443852,443855,3,1
443851,443852,443855,3,1
443851,443852,443854,2,1
443865,443871,443872,1,6
443865,443871,443873,2,6
443486,443487,443877,390,1
443523,443524,443880,356,1
443884,443884,443886,2,0
443884,443884,443886,2,0
443884,443884,443886,2,0
443884,443884,443886,2,0
443884,443884,443886,2,0
443884,443884,443886,2,0
443884,443885,443886,1,1
443884,443885,443886,1,1
443884,443884,443886,2,0
443884,443884,443886,2,0
443884,443885,443886,1,1
443884,443884,443886,2,0
443884,443884,443886,2,0
443884,443884,443886,2,0
443884,443884,443886,2,0
443884,443885,443886,1,1
443884,443885,443886,1,1
443884,443885,443886,1,1
443884,443884,443886,2,0
443884,443885,443886,1,1
443884,443885,443886,1,1
443884,443885,443887,2,1
443884,443884,443887,3,0
443884,443884,443886,2,0
443884,443885,443887,2,1
443884,443885,443886,1,1
443884,443884,443887,3,0
443884,443884,443887,3,0
443884,443884,443887,3,0
443884,443884,443887,3,0
443884,443884,443887,3,0
443884,443885,443887,2,1
443884,443884,443887,3,0
443884,443885,443887,2,1
443884,443884,443887,3,0
443884,443885,443887,2,1
443884,443885,443887,2,1
443884,443884,443887,3,0
443884,443885,443887,2,1
443884,443885,443887,2,1
443884,443884,443887,3,0
443884,443886,443887,1,2
443884,443884,443888,4,0
443884,443885,443887,2,1
443884,443885,443887,2,1
443884,443885,443888,3,1
443884,443885,443888,3,1
443884,443885,443887,2,1
443884,443887,443888,1,3
443884,443887,443888,1,3
443884,443884,443888,4,0
443884,443887,443888,1,3
443884,443887,443888,1,3
443884,443885,443888,3,1
443884,443887,443888,1,3
443884,443884,443888,4,0
443884,443887,443888,1,3
443884,443884,443888,4,0
443884,443885,443888,3,1
443884,443885,443888,3,1
443884,443887,443888,1,3
443884,443884,443888,4,0
443884,443885,443888,3,1
443884,443887,443888,1,3
443884,443887,443888,1,3
443884,443887,443888,1,3
443884,443884,443888,4,0
443884,443884,443888,4,0
443884,443887,443888,1,3
443884,443887,443888,1,3
443884,443884,443888,4,0
443884,443887,443888,1,3
443884,443887,443888,1,3
443884,443887,443888,1,3
443884,443887,443888,1,3
443884,443887,443888,1,3
443884,443887,443888,1,3
443884,443887,443888,1,3
443884,443885,443888,3,1
443884,443887,443888,1,3
443884,443887,443889,2,3
443884,443885,443888,3,1
443884,443887,443888,1,3
443884,443887,443889,2,3
443884,443889,443890,1,5
443884,443888,443890,2,4
443884,443888,443890,2,4
443884,443885,443889,4,1
443884,443889,443890,1,5
443884,443889,443890,1,5
443884,443887,443890,3,3
443884,443887,443890,3,3
443884,443888,443890,2,4
443884,443888,443889,1,4
443884,443888,443889,1,4
443884,443888,443890,2,4
443884,443888,443890,2,4
443884,443888,443890,2,4
443884,443888,443890,2,4
443884,443888,443889,1,4
443884,443888,443890,2,4
443884,443889,443890,1,5
443884,443889,443890,1,5
443884,443888,443890,2,4
443884,443888,443890,2,4
443884,443888,443890,2,4
443884,443889,443890,1,5
443884,443889,443890,1,5
443884,443888,443890,2,4
443884,443888,443891,3,4
443884,443889,443890,1,5
443884,443889,443890,1,5
443884,443888,443890,2,4
443884,443888,443890,2,4
443884,443888,443890,2,4
443884,443888,443890,2,4
443884,443888,443891,3,4
443884,443888,443890,2,4
443884,443888,443890,2,4
443884,443888,443891,3,4
443884,443888,443891,3,4
443521,443522,443894,372,1
443515,443516,443905,389,1
443909,443910,443911,1,1
443909,443910,443911,1,1
443909,443910,443911,1,1
443909,443910,443911,1,1
443909,443910,443911,1,1
443909,443910,443911,1,1
443909,443910,443912,2,1
443909,443910,443911,1,1
443909,443910,443911,1,1
443909,443910,443911,1,1
443909,443910,443911,1,1
443909,443910,443911,1,1
443909,443910,443911,1,1
443909,443910,443911,1,1
443909,443910,443911,1,1
443909,443910,443911,1,1
443909,443910,443911,1,1
443909,443910,443911,1,1
443909,443910,443912,2,1
443909,443910,443911,1,1
443909,443910,443911,1,1
443909,443910,443911,1,1
443909,443910,443911,1,1
443909,443910,443911,1,1
443909,443910,443911,1,1
443909,443910,443911,1,1
443909,443910,443911,1,1
443909,443910,443911,1,1
443909,443910,443911,1,1
443909,443910,443911,1,1
443909,443910,443912,2,1
443909,443910,443912,2,1
443909,443910,443912,2,1
443909,443910,443912,2,1
443909,443910,443912,2,1
443909,443910,443912,2,1
443909,443910,443913,3,1
443909,443910,443912,2,1
443909,443910,443913,3,1
443909,443910,443912,2,1
443909,443910,443912,2,1
443909,443910,443913,3,1
443909,443910,443912,2,1
443909,443910,443913,3,1
443909,443910,443912,2,1
443909,443910,443913,3,1
443909,443910,443913,3,1
443909,443910,443913,3,1
443909,443910,443913,3,1
443909,443910,443913,3,1
443909,443910,443913,3,1
443909,443910,443913,3,1
443909,443910,443913,3,1
443909,443910,443913,3,1
443909,443910,443913,3,1
443909,443910,443913,3,1
443909,443916,443917,1,7
443909,443916,443917,1,7
443909,443916,443917,1,7
443909,443916,443918,2,7
443909,443916,443919,3,7
443922,443922,443923,1,0
443922,443922,443923,1,0
443922,443922,443924,2,0
443922,443922,443924,2,0
443922,443922,443924,2,0
443922,443922,443923,1,0
443922,443922,443923,1,0
443922,443922,443924,2,0
443922,443922,443924,2,0
443922,443922,443924,2,0
443922,443922,443924,2,0
443922,443922,443924,2,0
443922,443922,443924,2,0
443922,443922,443923,1,0
443922,443922,443924,2,0
443922,443922,443923,1,0
443922,443922,443923,1,0
443922,443922,443923,1,0
443922,443922,443923,1,0
443922,443922,443924,2,0
443922,443922,443924,2,0
443922,443922,443923,1,0
443922,443922,443924,2,0
443922,443922,443923,1,0
443922,443922,443924,2,0
443922,443922,443924,2,0
443922,443922,443924,2,0
443922,443922,443923,1,0
443922,443922,443924,2,0
443922,443922,443924,2,0
443922,443922,443924,2,0
443922,443922,443925,3,0
443922,443922,443925,3,0
443922,443922,443924,2,0
443922,443922,443924,2,0
443922,443922,443924,2,0
443922,443922,443925,3,0
443922,443922,443925,3,0
443922,443922,443925,3,0
443922,443922,443925,3,0
443922,443922,443924,2,0
443922,443922,443925,3,0
443922,443922,443924,2,0
443922,443922,443924,2,0
443922,443922,443924,2,0
443922,443922,443925,3,0
443922,443922,443925,3,0
443922,443922,443924,2,0
443922,443922,443925,3,0
443922,443922,443924,2,0
443922,443922,443925,3,0
443922,443922,443925,3,0
443922,443922,443926,4,0
443922,443922,443925,3,0
443922,443922,443925,3,0
443922,443922,443925,3,0
443565,443565,443942,377,0
443570,443571,443944,373,1
443943,443943,443945,2,0
443943,443943,443945,2,0
443943,443943,443945,2,0
443943,443943,443945,2,0
443943,443943,443944,1,0
443943,443943,443944,1,0
443943,443943,443945,2,0
443943,443943,443944,1,0
443943,443943,443945,2,0
443943,443943,443945,2,0
443943,443943,443944,1,0
443943,443943,443945,2,0
443943,443943,443945,2,0
443943,443943,443945,2,0
443943,443943,443945,2,0
443943,443943,443945,2,0
443943,443943,443945,2,0
443943,443943,443945,2,0
443943,443943,443945,2,0
443943,443943,443945,2,0
443943,443943,443945,2,0
443943,443943,443945,2,0
443943,443943,443945,2,0
443943,443943,443945,2,0
443943,443943,443945,2,0
443943,443943,443945,2,0
443943,443943,443946,3,0
443943,443945,443946,1,2
443943,443945,443946,1,2
443943,443945,443946,1,2
443943,443943,443946,3,0
443943,443943,443946,3,0
443943,443943,443946,3,0
443943,443943,443945,2,0
443943,443943,443945,2,0
443943,443943,443945,2,0
443943,443943,443945,2,0
443943,443943,443946,3,0
443943,443943,443946,3,0
443943,443945,443946,1,2
443943,443943,443945,2,0
443943,443943,443945,2,0
443943,443943,443946,3,0
443943,443943,443945,2,0
443922,443946,443947,1,24
443943,443943,443947,4,0
443943,443943,443946,3,0
443943,443943,443946,3,0
443943,443943,443946,3,0
443943,443943,443946,3,0
443943,443943,443946,3,0
443943,443943,443946,3,0
443943,443943,443946,3,0
443943,443943,443946,3,0
443943,443943,443947,4,0
443943,443943,443947,4,0
443943,443945,443947,2,2
443943,443945,443947,2,2
443922,443946,443947,1,24
443922,443946,443947,1,24
443922,443946,443948,2,24
443922,443946,443947,1,24
443922,443946,443949,3,24
443947,443947,443949,2,0
443947,443948,443949,1,1
443947,443947,443948,1,0
443947,443947,443949,2,0
443947,443947,443949,2,0
443947,443947,443949,2,0
443947,443947,443949,2,0
443947,443947,443949,2,0
443947,443947,443949,2,0
443947,443947,443949,2,0
443947,443947,443949,2,0
443947,443947,443949,2,0
443947,443947,443949,2,0
443947,443947,443949,2,0
443947,443948,443949,1,1
443947,443947,443949,2,0
443947,443947,443949,2,0
443947,443947,443949,2,0
443947,443947,443949,2,0
443947,443948,443949,1,1
443947,443947,443949,2,0
443947,443947,443949,2,0
443947,443947,443949,2,0
443947,443948,443949,1,1
443947,443947,443949,2,0
443947,443947,443949,2,0
443947,443947,443950,3,0
443947,443947,443949,2,0
443947,443947,443950,3,0
443947,443947,443950,3,0
443947,443947,443950,3,0
443947,443947,443950,3,0
443947,443947,443950,3,0
443947,443947,443950,3,0
443947,443949,443950,1,2
443947,443947,443949,2,0
443947,443947,443950,3,0
443947,443949,443950,1,2
443947,443948,443949,1,1
443947,443948,443949,1,1
443947,443948,443950,2,1
443947,443949,443950,1,2
443947,443949,443950,1,2
443947,443947,443950,3,0
443947,443947,443950,3,0
443947,443948,443949,1,1
443947,443947,443951,4,0
443947,443947,443951,4,0
443947,443947,443950,3,0
443947,443947,443951,4,0
443947,443947,443951,4,0
443947,443947,443950,3,0
443947,443947,443951,4,0
443947,443947,443951,4,0
443947,443947,443950,3,0
443947,443949,443950,1,2
443947,443949,443950,1,2
443947,443947,443951,4,0
443947,443947,443951,4,0
443947,443947,443951,4,0
443947,443948,443951,3,1
443947,443948,443951,3,1
443943,443944,443946,2,1
443943,443944,443948,4,1
443612,443613,443956,343,1
443943,443944,443968,24,1
443943,443944,443970,26,1
443972,443973,443974,1,1
443972,443973,443974,1,1
443972,443972,443974,2,0
443972,443972,443974,2,0
443972,443972,443974,2,0
443972,443972,443974,2,0
443972,443972,443974,2,0
443972,443972,443973,1,0
443972,443972,443974,2,0
443972,443972,443974,2,0
443972,443972,443974,2,0
443972,443972,443974,2,0
443972,443972,443974,2,0
443972,443972,443974,2,0
443972,443972,443974,2,0
443972,443972,443974,2,0
443972,443972,443974,2,0
443972,443972,443974,2,0
443972,443972,443974,2,0
443972,443972,443974,2,0
443972,443972,443973,1,0
443972,443972,443974,2,0
443972,443972,443974,2,0
443972,443972,443974,2,0
443972,443972,443974,2,0
443972,443972,443974,2,0
443972,443972,443974,2,0
443972,443972,443974,2,0
443972,443972,443974,2,0
443972,443972,443974,2,0
443972,443972,443975,3,0
443972,443972,443975,3,0
443972,443972,443975,3,0
443972,443973,443975,2,1
443972,443972,443975,3,0
443972,443972,443975,3,0
443972,443972,443975,3,0
443972,443972,443975,3,0
443972,443972,443975,3,0
443972,443972,443975,3,0
443972,443972,443975,3,0
443972,443972,443975,3,0
443972,443972,443975,3,0
443972,443972,443974,2,0
443972,443972,443975,3,0
443972,443972,443975,3,0
443972,443972,443975,3,0
443972,443972,443975,3,0
443972,443972,443976,4,0
443972,443972,443976,4,0
443972,443972,443975,3,0
443972,443973,443976,3,1
443972,443972,443976,4,0
443972,443972,443976,4,0
443972,443972,443975,3,0
443972,443972,443976,4,0
443972,443972,443975,3,0
443972,443972,443976,4,0
443972,443972,443976,4,0
443972,443972,443975,3,0
443972,443972,443976,4,0
443663,443664,443997,333,1
444000,444000,444002,2,0
444000,444000,444002,2,0
444000,444000,444002,2,0
444000,444000,444002,2,0
444000,444000,444002,2,0
444000,444000,444002,2,0
444000,444000,444001,1,0
444000,444000,444002,2,0
444000,444000,444002,2,0
444000,444001,444002,1,1
444000,444001,444002,1,1
444000,444000,444002,2,0
444000,444000,444002,2,0
444000,444000,444002,2,0
444000,444000,444002,2,0
444000,444000,444002,2,0
444000,444000,444002,2,0
444000,444000,444002,2,0
444000,444000,444002,2,0
444000,444000,444002,2,0
444000,444000,444002,2,0
444000,444000,444002,2,0
444000,444000,444002,2,0
444000,444000,444002,2,0
444000,444000,444002,2,0
444000,444001,444002,1,1
444000,444001,444003,2,1
444000,444001,444003,2,1
444000,444000,444003,3,0
444000,444000,444003,3,0
444000,444000,444003,3,0
444000,444001,444003,2,1
444000,444001,444003,2,1
444000,444000,444003,3,0
444000,444000,444003,3,0
444000,444000,444003,3,0
444000,444000,444003,3,0
444000,444000,444003,3,0
444000,444000,444003,3,0
444000,444000,444003,3,0
444000,444000,444003,3,0
444000,444000,444003,3,0
444000,444000,444002,2,0
444000,444000,444003,3,0
444000,444000,444002,2,0
444000,444000,444003,3,0
444000,444002,444003,1,2
444000,444001,444004,3,1
444000,444001,444004,3,1
444000,444000,444003,3,0
444000,444001,444004,3,1
444000,444001,444004,3,1
444000,444001,444003,2,1
444000,444000,444003,3,0
444000,444000,444003,3,0
444000,444000,444004,4,0
444000,444000,444004,4,0
444000,444000,444004,4,0
444000,444010,444011,1,10
444000,444010,444011,1,10
444000,444010,444012,2,10
444000,444010,444012,2,10
443644,443645,444029,384,1
444030,444030,444032,2,0
444030,444030,444032,2,0
444030,444030,444032,2,0
444030,444030,444032,2,0
444030,444030,444032,2,0
444030,444030,444032,2,0
444030,444030,444032,2,0
444030,444030,444032,2,0
444030,444030,444032,2,0
444030,444030,444032,2,0
444030,444030,444032,2,0
444030,444030,444032,2,0
444030,444030,444032,2,0
444030,444030,444032,2,0
444030,444030,444032,2,0
444030,444030,444032,2,0
444030,444030,444032,2,0
444030,444030,444032,2,0
444030,444030,444032,2,0
444030,444030,444032,2,0
444030,444030,444032,2,0
444030,444030,444032,2,0
444030,444030,444032,2,0
444030,444030,444032,2,0
444030,444030,444033,3,0
444030,444030,444033,3,0
444030,444030,444033,3,0
444030,444030,444033,3,0
444030,444030,444032,2,0
444030,444030,444033,3,0
444030,444032,444033,1,2
444030,444030,444033,3,0
444030,444030,444033,3,0
444030,444030,444033,3,0
444030,444030,444033,3,0
444030,444030,444033,3,0
444030,444030,444033,3,0
444030,444030,444033,3,0
444030,444030,444033,3,0
444030,444030,444033,3,0
444030,444030,444033,3,0
444030,444030,444033,3,0
444030,444030,444033,3,0
444030,444030,444033,3,0
444030,444030,444033,3,0
444030,444030,444033,3,0
444030,444030,444033,3,0
444030,444030,444033,3,0
444030,444030,444033,3,0
444030,444030,444034,4,0
444030,444030,444034,4,0
444030,444030,444034,4,0
444030,444030,444033,3,0
444030,444030,444034,4,0
444030,444030,444034,4,0
444030,444030,444034,4,0
444030,444030,444034,4,0
444030,444030,444034,4,0
443667,443668,444036,368,1
444038,444038,444040,2,0
444038,444038,444040,2,0
444038,444038,444040,2,0
444038,444039,444040,1,1
444038,444038,444040,2,0
444038,444038,444040,2,0
444038,444038,444040,2,0
444038,444038,444040,2,0
444038,444038,444040,2,0
444038,444038,444040,2,0
444038,444038,444040,2,0
444038,444038,444040,2,0
444038,444038,444040,2,0
444038,444038,444040,2,0
444038,444038,444040,2,0
444038,444038,444040,2,0
444038,444038,444040,2,0
444038,444038,444040,2,0
444038,444038,444040,2,0
444038,444038,444040,2,0
444038,444038,444040,2,0
444038,444038,444040,2,0
444038,444038,444040,2,0
444038,444038,444040,2,0
444038,444038,444040,2,0
444038,444038,444040,2,0
444038,444038,444040,2,0
444030,444037,444038,1,7
444030,444037,444039,2,7
444030,444037,444040,3,7
444030,444037,444040,3,7
444038,444040,444041,1,2
444038,444038,444041,3,0
444038,444038,444041,3,0
444038,444038,444041,3,0
444038,444038,444041,3,0
444038,444038,444041,3,0
444038,444038,444041,3,0
444038,444038,444041,3,0
444038,444038,444041,3,0
444038,444038,444041,3,0
444038,444038,444041,3,0
444038,444038,444041,3,0
444038,444038,444041,3,0
444038,444040,444041,1,2
444038,444040,444041,1,2
444038,444038,444041,3,0
444038,444038,444041,3,0
444038,444038,444041,3,0
444038,444038,444041,3,0
444038,444038,444041,3,0
444038,444038,444041,3,0
444038,444038,444041,3,0
444038,444039,444042,3,1
444038,444039,444042,3,1
444038,444039,444042,3,1
444038,444039,444042,3,1
444038,444040,444042,2,2
444038,444040,444041,1,2
444038,444038,444041,3,0
444038,444038,444042,4,0
444038,444038,444041,3,0
444038,444038,444042,4,0
444038,444038,444042,4,0
444038,444038,444041,3,0
444038,444041,444042,1,3
443701,443703,444070,367,2
444072,444073,444074,1,1
444072,444073,444074,1,1
444072,444073,444074,1,1
444072,444073,444075,2,1
444072,444073,444075,2,1
444072,444073,444074,1,1
444072,444073,444074,1,1
444072,444073,444075,2,1
444072,444073,444074,1,1
444072,444073,444075,2,1
444072,444073,444075,2,1
444072,444073,444074,1,1
444072,444073,444075,2,1
444072,444073,444074,1,1
444072,444073,444074,1,1
444072,444073,444075,2,1
444072,444073,444074,1,1
444072,444073,444074,1,1
444072,444073,444075,2,1
444072,444073,444075,2,1
444072,444073,444075,2,1
444072,444073,444075,2,1
444072,444073,444075,2,1
444072,444073,444075,2,1
444072,444073,444075,2,1
444072,444073,444075,2,1
444072,444073,444075,2,1
444072,444073,444075,2,1
444072,444073,444076,3,1
444072,444073,444075,2,1
444072,444073,444075,2,1
444072,444073,444075,2,1
444072,444073,444076,3,1
444072,444073,444075,2,1
444072,444073,444075,2,1
444072,444073,444076,3,1
444072,444073,444075,2,1
444072,444073,444075,2,1
444072,444073,444075,2,1
444072,444073,444075,2,1
444072,444073,444075,2,1
444072,444073,444075,2,1
444072,444073,444075,2,1
444072,444073,444075,2,1
444072,444073,444075,2,1
444072,444073,444075,2,1
444072,444073,444076,3,1
444072,444073,444076,3,1
444072,444073,444076,3,1
444072,444073,444076,3,1
444072,444073,444076,3,1
444072,444073,444076,3,1
444072,444073,444076,3,1
444072,444073,444076,3,1
444072,444073,444076,3,1
444072,444073,444076,3,1
444072,444073,444076,3,1
444072,444073,444076,3,1
444072,444073,444076,3,1
444072,444073,444076,3,1
444072,444073,444076,3,1
443721,443725,444086,361,4
443723,443725,444088,363,2
444091,444091,444092,1,0
444091,444091,444093,2,0
444091,444091,444093,2,0
444091,444091,444093,2,0
444091,444091,444093,2,0
444091,444091,444093,2,0
444091,444091,444093,2,0
444091,444091,444093,2,0
444091,444091,444093,2,0
444091,444091,444093,2,0
444091,444091,444093,2,0
444091,444091,444093,2,0
444091,444091,444093,2,0
444091,444091,444093,2,0
444091,444091,444093,2,0
444091,444091,444093,2,0
444091,444091,444093,2,0
444091,444091,444093,2,0
444091,444091,444093,2,0
444091,444091,444093,2,0
444091,444091,444093,2,0
444091,444091,444093,2,0
444091,444091,444093,2,0
444091,444091,444093,2,0
444091,444091,444093,2,0
444091,444091,444093,2,0
444091,444091,444093,2,0
444091,444091,444093,2,0
444091,444091,444093,2,0
444091,444091,444093,2,0
444091,444091,444094,3,0
444091,444091,444094,3,0
444091,444091,444094,3,0
444091,444091,444094,3,0
444091,444091,444094,3,0
444091,444091,444094,3,0
444091,444091,444094,3,0
444091,444091,444094,3,0
444091,444091,444095,4,0
444091,444091,444094,3,0
444091,444091,444094,3,0
444091,444091,444094,3,0
444091,444091,444094,3,0
444091,444091,444095,4,0
444091,444091,444095,4,0
444091,444091,444094,3,0
444091,444091,444094,3,0
444091,444091,444094,3,0
444091,444091,444095,4,0
444093,444093,444095,2,0
444091,444091,444095,4,0
444093,444094,444095,1,1
444093,444094,444095,1,1
444091,444091,444095,4,0
444093,444094,444095,1,1
444093,444094,444095,1,1
444093,444094,444095,1,1
444091,444091,444095,4,0
444093,444094,444095,1,1
444093,444094,444095,1,1
444091,444091,444095,4,0
444091,444091,444095,4,0
444093,444094,444095,1,1
444093,444094,444095,1,1
444093,444094,444095,1,1
444091,444091,444095,4,0
444093,444094,444095,1,1
444093,444094,444095,1,1
444093,444094,444095,1,1
444093,444094,444095,1,1
444093,444094,444095,1,1
444093,444094,444095,1,1
444091,444091,444095,4,0
444093,444094,444095,1,1
444093,444094,444095,1,1
444093,444094,444095,1,1
444093,444094,444096,2,1
444093,444096,444097,1,3
444093,444094,444096,2,1
444093,444094,444097,3,1
444093,444095,444097,2,2
444093,444095,444097,2,2
444093,444095,444097,2,2
444093,444094,444097,3,1
444093,444095,444097,2,2
444093,444095,444097,2,2
444093,444095,444097,2,2
444093,444095,444097,2,2
444093,444096,444097,1,3
443719,443722,444097,375,3
444093,444095,444097,2,2
444093,444095,444097,2,2
444093,444094,444097,3,1
444093,444096,444097,1,3
444093,444095,444097,2,2
444093,444096,444097,1,3
444093,444096,444097,1,3
444093,444095,444097,2,2
444093,444095,444097,2,2
444093,444096,444097,1,3
444093,444096,444097,1,3
444093,444094,444097,3,1
444093,444094,444097,3,1
444093,444094,444097,3,1
444093,444094,444097,3,1
444093,444095,444098,3,2
444093,444095,444097,2,2
444093,444096,444097,1,3
444093,444096,444097,1,3
444093,444096,444097,1,3
444093,444095,444097,2,2
444093,444095,444097,2,2
444093,444096,444097,1,3
444093,444096,444097,1,3
444093,444096,444097,1,3
444093,444096,444097,1,3
444091,444097,444098,1,6
444091,444097,444098,1,6
444091,444097,444098,1,6
444093,444095,444098,3,2
444093,444095,444098,3,2
444098,444098,444099,1,0
444098,444098,444099,1,0
444098,444098,444099,1,0
444098,444098,444099,1,0
444091,444097,444100,3,6
444098,444098,444099,1,0
444098,444098,444099,1,0
444098,444098,444099,1,0
444098,444098,444099,1,0
444098,444098,444099,1,0
444098,444098,444099,1,0
444098,444098,444099,1,0
444098,444098,444099,1,0
444098,444098,444099,1,0
444098,444098,444099,1,0
444098,444098,444099,1,0
444098,444098,444099,1,0
444098,444098,444099,1,0
444098,444098,444100,2,0
444098,444098,444100,2,0
444098,444099,444100,1,1
443755,443756,444100,344,1
444098,444098,444100,2,0
444098,444098,444100,2,0
444098,444098,444100,2,0
444098,444098,444100,2,0
444098,444098,444100,2,0
444098,444098,444100,2,0
444098,444098,444099,1,0
444098,444098,444101,3,0
444098,444098,444100,2,0
444098,444098,444100,2,0
444098,444098,444100,2,0
444098,444098,444100,2,0
444098,444098,444100,2,0
444098,444100,444101,1,2
444098,444098,444101,3,0
444098,444099,444100,1,1
444091,444097,444100,3,6
444091,444097,444100,3,6
444098,444098,444100,2,0
444098,444098,444101,3,0
444098,444100,444101,1,2
444098,444098,444101,3,0
444098,444100,444101,1,2
444098,444098,444100,2,0
444098,444098,444100,2,0
444098,444098,444101,3,0
444098,444098,444100,2,0
444098,444098,444101,3,0
444098,444098,444101,3,0
444098,444098,444101,3,0
444098,444098,444101,3,0
444098,444098,444101,3,0
444098,444098,444101,3,0
444098,444098,444101,3,0
444098,444098,444101,3,0
444098,444098,444101,3,0
444098,444098,444101,3,0
444098,444098,444101,3,0
444098,444098,444101,3,0
444098,444098,444101,3,0
444111,444112,444114,2,1
444111,444112,444113,1,1
444111,444112,444113,1,1
444111,444112,444113,1,1
444111,444112,444113,1,1
444111,444112,444113,1,1
444111,444112,444113,1,1
444111,444112,444113,1,1
444111,444112,444113,1,1
444111,444112,444113,1,1
444111,444112,444113,1,1
444111,444112,444113,1,1
444111,444112,444113,1,1
444111,444112,444113,1,1
444111,444112,444114,2,1
444111,444112,444113,1,1
444111,444112,444114,2,1
444111,444112,444114,2,1
444111,444112,444114,2,1
444111,444112,444113,1,1
444111,444112,444114,2,1
444111,444112,444114,2,1
444111,444112,444113,1,1
444111,444112,444113,1,1
444111,444112,444113,1,1
444111,444112,444114,2,1
444111,444112,444114,2,1
444111,444112,444114,2,1
444111,444112,444115,3,1
444111,444112,444115,3,1
444111,444112,444115,3,1
444111,444112,444114,2,1
444111,444112,444114,2,1
444111,444112,444114,2,1
444111,444112,444115,3,1
444111,444112,444115,3,1
444111,444112,444114,2,1
444111,444112,444115,3,1
444111,444112,444115,3,1
444111,444112,444115,3,1
444111,444112,444115,3,1
444111,444112,444114,2,1
444111,444112,444114,2,1
444111,444112,444114,2,1
444111,444112,444114,2,1
444111,444112,444115,3,1
444111,444112,444116,4,1
444111,444112,444115,3,1
444111,444112,444115,3,1
444111,444112,444116,4,1
444111,444112,444116,4,1
444111,444112,444116,4,1
444111,444112,444115,3,1
444111,444112,444115,3,1
444111,444112,444115,3,1
444111,444112,444115,3,1
444111,444112,444115,3,1
444111,444112,444116,4,1
444111,444112,444115,3,1
444111,444112,444116,4,1
444111,444112,444116,4,1
443767,443767,444120,353,0
443763,443765,444142,377,2
444140,444140,444142,2,0
444140,444140,444142,2,0
444140,444140,444142,2,0
444140,444140,444142,2,0
444140,444140,444142,2,0
444140,444140,444142,2,0
444140,444140,444142,2,0
444140,444140,444142,2,0
444140,444140,444142,2,0
444140,444140,444142,2,0
444140,444140,444142,2,0
444140,444140,444142,2,0
444140,444140,444142,2,0
444140,444140,444142,2,0
444140,444140,444142,2,0
444140,444140,444142,2,0
444140,444140,444142,2,0
444140,444140,444142,2,0
444140,444140,444143,3,0
444140,444140,444143,3,0
444140,444140,444143,3,0
444140,444140,444143,3,0
444140,444140,444143,3,0
444140,444140,444143,3,0
444140,444140,444143,3,0
444140,444140,444143,3,0
444140,444140,444143,3,0
444140,444140,444143,3,0
444140,444140,444143,3,0
444140,444140,444142,2,0
444140,444140,444143,3,0
444140,444140,444144,4,0
444140,444140,444144,4,0
444140,444140,444144,4,0
444140,444140,444144,4,0
444140,444140,444144,4,0
444140,444140,444144,4,0
444140,444140,444144,4,0
444140,444140,444143,3,0
444140,444140,444143,3,0
444140,444140,444144,4,0
444140,444140,444144,4,0
444140,444140,444144,4,0
444146,444146,444147,1,0
444146,444146,444147,1,0
444146,444146,444148,2,0
444146,444146,444147,1,0
444146,444146,444147,1,0
444146,444146,444147,1,0
444146,444146,444147,1,0
444146,444146,444148,2,0
444146,444146,444147,1,0
444146,444146,444147,1,0
444146,444146,444147,1,0
444146,444146,444148,2,0
444146,444146,444147,1,0
444146,444146,444148,2,0
444146,444146,444149,3,0
444146,444146,444148,2,0
444146,444146,444148,2,0
444146,444146,444148,2,0
444146,444146,444149,3,0
444146,444146,444148,2,0
444146,444146,444148,2,0
444146,444146,444149,3,0
444146,444146,444149,3,0
444146,444146,444148,2,0
444146,444146,444149,3,0
444146,444146,444149,3,0
444146,444146,444148,2,0
444146,444146,444149,3,0
444146,444146,444149,3,0
444146,444146,444149,3,0
444146,444149,444150,1,3
444146,444146,444149,3,0
444146,444146,444149,3,0
444146,444148,444150,2,2
444146,444146,444149,3,0
444146,444146,444149,3,0
444146,444148,444150,2,2
444146,444148,444149,1,2
444146,444146,444150,4,0
444146,444146,444149,3,0
444146,444148,444150,2,2
444146,444148,444150,2,2
444146,444146,444150,4,0
444146,444146,444149,3,0
444146,444148,444149,1,2
444146,444148,444149,1,2
444146,444148,444149,1,2
444146,444146,444149,3,0
444146,444146,444150,4,0
444146,444146,444149,3,0
444146,444148,444150,2,2
444146,444148,444149,1,2
444146,444148,444149,1,2
444146,444148,444149,1,2
444146,444148,444149,1,2
444146,444149,444150,1,3
444140,444150,444151,1,10
444140,444150,444151,1,10
444140,444150,444151,1,10
444140,444151,444152,1,11
444140,444151,444152,1,11
444140,444151,444152,1,11
444140,444150,444151,1,10
444140,444151,444152,1,11
444140,444152,444153,1,12
444140,444151,444153,2,11
444140,444151,444154,3,11
444140,444151,444153,2,11
444140,444152,444153,1,12
444140,444152,444154,2,12
444140,444152,444153,1,12
444140,444152,444153,1,12
444140,444152,444155,3,12
444140,444152,444154,2,12
444146,444146,444150,4,0
444146,444146,444149,3,0
444146,444170,444171,1,24
444146,444170,444171,1,24
444146,444170,444171,1,24
443886,443889,444182,293,3
444183,444184,444185,1,1
444183,444184,444186,2,1
444183,444184,444185,1,1
444183,444184,444185,1,1
444183,444184,444185,1,1
444183,444184,444185,1,1
444183,444184,444186,2,1
444183,444184,444186,2,1
444183,444184,444185,1,1
444183,444184,444185,1,1
444183,444184,444185,1,1
444183,444184,444185,1,1
444183,444184,444185,1,1
444183,444184,444185,1,1
444183,444184,444185,1,1
444183,444184,444186,2,1
444183,444184,444186,2,1
444183,444184,444185,1,1
444183,444184,444186,2,1
444183,444184,444185,1,1
444183,444184,444185,1,1
444183,444184,444186,2,1
444183,444184,444185,1,1
444183,444184,444185,1,1
444183,444184,444186,2,1
444183,444184,444185,1,1
444183,444184,444185,1,1
444183,444184,444186,2,1
444183,444185,444186,1,2
444183,444185,444187,2,2
444183,444185,444187,2,2
444183,444184,444187,3,1
444183,444184,444187,3,1
444183,444184,444186,2,1
444183,444184,444187,3,1
444183,444184,444187,3,1
444183,444184,444186,2,1
444183,444184,444187,3,1
444183,444184,444187,3,1
444183,444184,444186,2,1
444183,444184,444186,2,1
444183,444184,444186,2,1
444183,444184,444187,3,1
444183,444184,444186,2,1
444183,444185,444188,3,2
444183,444185,444187,2,2
444183,444184,444187,3,1
444183,444184,444187,3,1
444183,444184,444187,3,1
444183,444184,444187,3,1
444183,444184,444187,3,1
444183,444184,444187,3,1
444183,444184,444187,3,1
444183,444184,444187,3,1
444183,444184,444187,3,1
443814,443815,444187,372,1
444183,444184,444187,3,1
444183,444184,444187,3,1
444183,444184,444187,3,1
444183,444184,444187,3,1
444183,444184,444188,4,1
444183,444184,444187,3,1
443866,443867,444195,328,1
444202,444202,444203,1,0
444202,444202,444203,1,0
444202,444202,444204,2,0
444202,444202,444204,2,0
444202,444202,444204,2,0
444202,444202,444204,2,0
444202,444202,444204,2,0
444202,444202,444203,1,0
444202,444202,444204,2,0
444202,444202,444203,1,0
444202,444202,444203,1,0
444202,444202,444203,1,0
444202,444202,444204,2,0
444202,444202,444204,2,0
444202,444202,444204,2,0
444202,444202,444204,2,0
444202,444202,444203,1,0
444202,444202,444203,1,0
444202,444202,444204,2,0
444202,444202,444204,2,0
444202,444202,444204,2,0
444202,444202,444204,2,0
444202,444202,444204,2,0
444202,444202,444204,2,0
444202,444202,444204,2,0
444202,444202,444204,2,0
444202,444202,444205,3,0
444202,444202,444205,3,0
444202,444202,444205,3,0
444202,444202,444205,3,0
444202,444202,444204,2,0
444202,444202,444205,3,0
444202,444202,444205,3,0
444202,444202,444205,3,0
444202,444202,444204,2,0
444202,444204,444205,1,2
444202,444202,444204,2,0
444202,444202,444205,3,0
444202,444202,444204,2,0
444202,444202,444205,3,0
444202,444202,444205,3,0
444202,444203,444204,1,1
444202,444202,444204,2,0
444202,444202,444205,3,0
444202,444202,444205,3,0
444202,444202,444205,3,0
444202,444202,444205,3,0
444202,444202,444205,3,0
444202,444202,444206,4,0
444202,444204,444206,2,2
444202,444202,444206,4,0
444202,444202,444206,4,0
444202,444204,444205,1,2
444202,444202,444206,4,0
444202,444202,444206,4,0
444202,444204,444205,1,2
444202,444204,444205,1,2
444202,444204,444205,1,2
444202,444202,444206,4,0
444202,444202,444206,4,0
444202,444204,444205,1,2
444202,444202,444206,4,0
444202,444202,444206,4,0
444202,444204,444206,2,2
444202,444204,444206,2,2
444202,444204,444206,2,2
444202,444202,444206,4,0
444202,444202,444206,4,0
444202,444202,444206,4,0
444202,444204,444206,2,2
444202,444204,444206,2,2
444202,444202,444206,4,0
444202,444202,444206,4,0
444202,444204,444206,2,2
444202,444204,444206,2,2
444202,444204,444206,2,2
444202,444205,444207,2,3
444202,444205,444207,2,3
444202,444206,444207,1,4
444202,444206,444207,1,4
444202,444206,444207,1,4
444202,444204,444207,3,2
444202,444204,444207,3,2
444202,444205,444207,2,3
444202,444205,444207,2,3
444202,444205,444207,2,3
444202,444204,444207,3,2
444202,444205,444207,2,3
444202,444202,444206,4,0
444202,444202,444206,4,0
444202,444204,444207,3,2
444202,444205,444207,2,3
444202,444206,444207,1,4
444202,444205,444208,3,3
444202,444205,444208,3,3
444202,444205,444208,3,3
444202,444206,444207,1,4
444202,444206,444207,1,4
444202,444205,444208,3,3
444202,444205,444208,3,3
444202,444206,444207,1,4
444202,444206,444208,2,4
444202,444206,444208,2,4
444202,444204,444207,3,2
444202,444204,444207,3,2
444202,444204,444208,4,2
444202,444205,444208,3,3
444202,444205,444208,3,3
444202,444206,444208,2,4
444202,444206,444208,2,4
444202,444205,444208,3,3
444202,444205,444208,3,3
444202,444206,444207,1,4
444202,444206,444207,1,4
444202,444206,444207,1,4
444202,444204,444208,4,2
444202,444205,444207,2,3
444202,444205,444207,2,3
444202,444205,444208,3,3
444202,444205,444208,3,3
444202,444204,444208,4,2
444202,444208,444211,3,6
444202,444208,444211,3,6
444202,444208,444211,3,6
443852,443853,444248,395,1
444251,444251,444253,2,0
444251,444251,444253,2,0
444251,444252,444253,1,1
444251,444252,444253,1,1
444251,444251,444253,2,0
444251,444251,444253,2,0
444251,444252,444253,1,1
444251,444251,444253,2,0
444251,444252,444253,1,1
444251,444251,444253,2,0
444251,444251,444253,2,0
444251,444251,444253,2,0
444251,444251,444253,2,0
444251,444251,444253,2,0
444251,444252,444254,2,1
444251,444252,444253,1,1
444251,444252,444253,1,1
444251,444252,444253,1,1
444251,444251,444253,2,0
444251,444251,444254,3,0
444251,444252,444254,2,1
444251,444252,444253,1,1
444251,444251,444253,2,0
444251,444251,444253,2,0
444251,444251,444253,2,0
444251,444252,444254,2,1
444251,444251,444254,3,0
444251,444252,444254,2,1
444251,444251,444254,3,0
444251,444252,444254,2,1
444251,444251,444254,3,0
444251,444251,444255,4,0
444251,444252,444254,2,1
444251,444252,444254,2,1
444251,444252,444254,2,1
444251,444252,444254,2,1
444251,444252,444254,2,1
444251,444251,444254,3,0
444251,444252,444255,3,1
444251,444252,444254,2,1
444251,444252,444254,2,1
444251,444251,444255,4,0
444251,444251,444255,4,0
444251,444251,444255,4,0
444251,444251,444255,4,0
444251,444251,444255,4,0
444251,444252,444255,3,1
444251,444252,444255,3,1
444251,444252,444255,3,1
444251,444252,444255,3,1
444251,444251,444255,4,0
444251,444251,444255,4,0
444251,444251,444254,3,0
444251,444251,444256,5,0
444251,444251,444255,4,0
444251,444252,444254,2,1
444251,444252,444255,3,1
444251,444252,444255,3,1
444251,444252,444255,3,1
444251,444252,444255,3,1
444251,444252,444256,4,1
443910,443910,444268,358,0
444271,444271,444273,2,0
444271,444271,444273,2,0
444271,444271,444273,2,0
444271,444271,444273,2,0
444271,444271,444273,2,0
444271,444271,444273,2,0
444271,444271,444273,2,0
444271,444271,444273,2,0
444271,444271,444273,2,0
444271,444271,444273,2,0
444271,444271,444273,2,0
444271,444271,444273,2,0
444271,444271,444273,2,0
444271,444271,444273,2,0
444271,444271,444273,2,0
444271,444271,444273,2,0
444271,444271,444273,2,0
444271,444271,444273,2,0
444271,444271,444273,2,0
444271,444271,444273,2,0
444271,444271,444273,2,0
444271,444271,444273,2,0
444271,444271,444273,2,0
444271,444271,444273,2,0
444271,444271,444273,2,0
444271,444271,444274,3,0
444271,444271,444274,3,0
444271,444271,444274,3,0
444271,444271,444273,2,0
444271,444271,444274,3,0
444271,444271,444274,3,0
444271,444271,444274,3,0
444271,444271,444274,3,0
444271,444271,444273,2,0
444271,444271,444274,3,0
444271,444271,444274,3,0
444271,444271,444274,3,0
444271,444271,444274,3,0
444271,444271,444274,3,0
444271,444271,444274,3,0
444271,444271,444274,3,0
444271,444271,444274,3,0
444271,444271,444274,3,0
444271,444271,444275,4,0
444271,444271,444275,4,0
444271,444271,444275,4,0
444271,444271,444275,4,0
444271,444271,444274,3,0
444271,444271,444275,4,0
444271,444271,444274,3,0
444271,444271,444275,4,0
444271,444271,444275,4,0
444271,444271,444275,4,0
444271,444271,444275,4,0
444271,444271,444275,4,0
444271,444271,444275,4,0
444271,444271,444275,4,0
444271,444271,444275,4,0
444271,444271,444275,4,0
444271,444271,444275,4,0
444271,444271,444275,4,0
443948,443949,444307,358,1
444309,444309,444311,2,0
444309,444309,444311,2,0
444309,444309,444311,2,0
444309,444309,444311,2,0
444309,444310,444311,1,1
444309,444309,444311,2,0
444309,444309,444311,2,0
444309,444309,444311,2,0
444309,444309,444310,1,0
444309,444309,444311,2,0
444309,444309,444311,2,0
444309,444309,444311,2,0
444309,444309,444311,2,0
444309,444309,444311,2,0
444309,444309,444311,2,0
444309,444309,444311,2,0
444309,444309,444311,2,0
444309,444309,444311,2,0
444309,444309,444311,2,0
444309,444309,444311,2,0
444309,444309,444311,2,0
444309,444309,444311,2,0
444309,444309,444310,1,0
444309,444309,444311,2,0
444309,444309,444311,2,0
444309,444309,444311,2,0
444309,444309,444311,2,0
444309,444309,444311,2,0
444309,444309,444311,2,0
444309,444309,444311,2,0
444309,444309,444311,2,0
444309,444309,444311,2,0
444309,444309,444312,3,0
444309,444309,444311,2,0
444309,444309,444311,2,0
444309,444309,444312,3,0
444309,444309,444312,3,0
444309,444309,444312,3,0
444309,444309,444312,3,0
444309,444310,444312,2,1
444309,444310,444312,2,1
444309,444309,444312,3,0
444309,444309,444311,2,0
444309,444309,444312,3,0
444309,444309,444312,3,0
444309,444309,444312,3,0
444309,444309,444312,3,0
444309,444309,444312,3,0
444309,444309,444312,3,0
444309,444309,444312,3,0
444309,444309,444313,4,0
444309,444309,444313,4,0
444309,444309,444313,4,0
444309,444310,444313,3,1
444309,444310,444312,2,1
444309,444309,444312,3,0
444309,444309,444312,3,0
444309,444309,444313,4,0
444309,444309,444312,3,0
444309,444309,444313,4,0
443938,443938,444315,377,0
443944,443945,444318,373,1
444316,444317,444319,2,1
444316,444317,444318,1,1
444316,444317,444318,1,1
444316,444317,444318,1,1
444316,444317,444318,1,1
444316,444317,444319,2,1
444316,444317,444318,1,1
444316,444317,444319,2,1
444316,444317,444319,2,1
444316,444317,444318,1,1
444316,444317,444319,2,1
444316,444317,444319,2,1
444316,444317,444319,2,1
444316,444317,444318,1,1
444316,444317,444318,1,1
444316,444317,444318,1,1
444316,444317,444319,2,1
444316,444317,444318,1,1
444316,444317,444319,2,1
444316,444317,444319,2,1
444316,444317,444319,2,1
444316,444317,444319,2,1
444316,444317,444318,1,1
444316,444317,444319,2,1
444316,444317,444319,2,1
444316,444318,444319,1,2
444316,444317,444319,2,1
444316,444317,444319,2,1
444316,444317,444320,3,1
444316,444317,444319,2,1
444316,444317,444319,2,1
444316,444317,444320,3,1
444316,444317,444319,2,1
444316,444317,444320,3,1
444316,444317,444319,2,1
444316,444317,444319,2,1
444316,444317,444319,2,1
444316,444317,444320,3,1
444316,444317,444320,3,1
444316,444317,444320,3,1
444316,444317,444319,2,1
444316,444317,444320,3,1
444316,444317,444320,3,1
444316,444317,444319,2,1
444316,444317,444320,3,1
444316,444317,444320,3,1
444316,444317,444320,3,1
444316,444317,444320,3,1
444316,444317,444319,2,1
444316,444317,444320,3,1
444316,444317,444321,4,1
444316,444317,444321,4,1
444319,444319,444320,1,0
444319,444319,444320,1,0
444319,444319,444320,1,0
444316,444317,444320,3,1
444319,444319,444320,1,0
444319,444319,444320,1,0
444316,444317,444321,4,1
444319,444319,444320,1,0
444319,444319,444321,2,0
444319,444319,444320,1,0
444316,444317,444320,3,1
444319,444319,444321,2,0
444319,444319,444320,1,0
444319,444319,444320,1,0
444316,444317,444320,3,1
444319,444319,444321,2,0
444319,444319,444321,2,0
444319,444319,444321,2,0
444319,444319,444321,2,0
444319,444319,444321,2,0
444316,444317,444320,3,1
444319,444319,444320,1,0
444319,444319,444320,1,0
444319,444319,444321,2,0
444319,444319,444321,2,0
444319,444319,444321,2,0
444319,444319,444321,2,0
444319,444319,444321,2,0
444319,444319,444321,2,0
444319,444321,444322,1,2
444319,444320,444322,2,1
444319,444320,444322,2,1
444319,444320,444322,2,1
444319,444321,444322,1,2
444319,444320,444322,2,1
444319,444320,444322,2,1
444319,444320,444322,2,1
444319,444320,444322,2,1
444319,444320,444322,2,1
444319,444320,444322,2,1
444319,444320,444323,3,1
444319,444320,444323,3,1
444319,444321,444323,2,2
444319,444320,444323,3,1
444319,444320,444323,3,1
444319,444321,444323,2,2
444319,444321,444322,1,2
444319,444320,444322,2,1
444319,444321,444322,1,2
444319,444321,444322,1,2
444319,444320,444323,3,1
444319,444320,444323,3,1
444319,444320,444323,3,1
444319,444321,444322,1,2
444319,444321,444322,1,2
444319,444321,444322,1,2
444319,444320,444323,3,1
444319,444320,444323,3,1
444319,444321,444322,1,2
444319,444321,444322,1,2
444319,444321,444322,1,2
444319,444321,444322,1,2
444319,444320,444322,2,1
444319,444320,444322,2,1
444319,444320,444323,3,1
444319,444320,444323,3,1
444319,444320,444323,3,1
444309,444309,444313,4,0
444316,444325,444326,1,9
444316,444325,444326,1,9
443923,443923,444340,417,0
444352,444352,444354,2,0
444352,444352,444354,2,0
444352,444352,444354,2,0
444352,444352,444353,1,0
444352,444352,444353,1,0
444352,444352,444353,1,0
444352,444352,444354,2,0
444352,444352,444354,2,0
444352,444352,444354,2,0
444352,444352,444354,2,0
444352,444352,444354,2,0
444352,444352,444353,1,0
444352,444352,444354,2,0
444352,444352,444354,2,0
444352,444352,444354,2,0
444352,444352,444354,2,0
444352,444352,444353,1,0
444352,444352,444353,1,0
444352,444352,444354,2,0
444352,444352,444354,2,0
444352,444352,444354,2,0
444352,444352,444353,1,0
444352,444352,444354,2,0
444352,444352,444354,2,0
444352,444352,444354,2,0
444352,444352,444355,3,0
444352,444352,444354,2,0
444352,444352,444355,3,0
444352,444352,444355,3,0
444352,444352,444354,2,0
444352,444352,444354,2,0
444352,444352,444354,2,0
444352,444352,444354,2,0
444352,444352,444355,3,0
444352,444352,444355,3,0
444352,444352,444355,3,0
444352,444352,444354,2,0
444352,444352,444355,3,0
444352,444352,444354,2,0
444352,444352,444354,2,0
444352,444352,444355,3,0
444352,444352,444355,3,0
444352,444352,444355,3,0
444352,444352,444355,3,0
444352,444352,444355,3,0
444352,444352,444354,2,0
444352,444352,444355,3,0
444352,444352,444355,3,0
444352,444352,444355,3,0
444352,444352,444356,4,0
444352,444352,444356,4,0
444352,444352,444355,3,0
444352,444352,444356,4,0
444352,444352,444355,3,0
444352,444352,444356,4,0
444352,444352,444355,3,0
444352,444352,444355,3,0
444352,444352,444355,3,0
444352,444352,444356,4,0
444352,444352,444356,4,0
444352,444352,444356,4,0
444039,444040,444363,323,1
444373,444374,444375,1,1
444373,444373,444375,2,0
444373,444373,444375,2,0
444373,444373,444375,2,0
444373,444373,444375,2,0
444373,444373,444375,2,0
444373,444373,444375,2,0
444373,444373,444375,2,0
444373,444373,444375,2,0
444373,444373,444375,2,0
444373,444373,444375,2,0
444373,444373,444375,2,0
444373,444373,444375,2,0
444373,444373,444375,2,0
444373,444373,444375,2,0
444373,444373,444375,2,0
444373,444373,444375,2,0
444373,444373,444375,2,0
444373,444373,444375,2,0
444373,444373,444375,2,0
444373,444373,444375,2,0
444373,444373,444375,2,0
444373,444373,444375,2,0
444373,444373,444375,2,0
444373,444373,444375,2,0
444373,444373,444376,3,0
444373,444373,444376,3,0
444373,444373,444376,3,0
444373,444373,444375,2,0
444373,444373,444376,3,0
444373,444373,444376,3,0
444373,444373,444376,3,0
444373,444373,444376,3,0
444373,444373,444376,3,0
444373,444374,444375,1,1
444373,444374,444376,2,1
444373,444375,444376,1,2
444373,444373,444376,3,0
444373,444373,444376,3,0
444373,444373,444376,3,0
444373,444373,444376,3,0
444373,444373,444376,3,0
444373,444373,444376,3,0
444373,444373,444376,3,0
444373,444373,444377,4,0
444373,444373,444377,4,0
444373,444373,444377,4,0
444373,444373,444377,4,0
444373,444374,444377,3,1
444373,444374,444377,3,1
444373,444373,444377,4,0
444373,444373,444377,4,0
444373,444373,444377,4,0
444373,444373,444377,4,0
444373,444373,444377,4,0
444373,444373,444377,4,0
444373,444373,444377,4,0
444373,444378,444379,1,5
444373,444378,444380,2,5
444373,444378,444380,2,5
444373,444378,444381,3,5
444373,444378,444381,3,5
443973,443974,444383,409,1
444396,444396,444397,1,0
444396,444396,444397,1,0
444396,444396,444397,1,0
444396,444396,444397,1,0
444396,444396,444398,2,0
444396,444396,444397,1,0
444396,444396,444398,2,0
444396,444396,444398,2,0
444396,444396,444398,2,0
444396,444396,444398,2,0
444396,444396,444398,2,0
444396,444396,444398,2,0
444396,444396,444398,2,0
444396,444396,444398,2,0
444396,444396,444397,1,0
444396,444396,444397,1,0
444396,444396,444398,2,0
444396,444396,444398,2,0
444396,444396,444397,1,0
444396,444396,444398,2,0
444396,444396,444398,2,0
444396,444396,444398,2,0
444396,444396,444397,1,0
444396,444396,444398,2,0
444396,444396,444397,1,0
444396,444396,444398,2,0
444396,444396,444398,2,0
444396,444396,444398,2,0
444396,444396,444398,2,0
444396,444396,444398,2,0
444396,444396,444399,3,0
444396,444396,444399,3,0
444396,444396,444398,2,0
444396,444396,444399,3,0
444396,444396,444398,2,0
444396,444396,444398,2,0
444001,444002,444398,396,1
444396,444396,444399,3,0
444396,444396,444398,2,0
444396,444396,444398,2,0
444396,444396,444399,3,0
444396,444396,444399,3,0
444396,444396,444398,2,0
444396,444396,444399,3,0
444396,444396,444399,3,0
444396,444396,444398,2,0
444396,444396,444398,2,0
444396,444396,444398,2,0
444396,444396,444399,3,0
444396,444396,444399,3,0
444396,444396,444398,2,0
444396,444396,444399,3,0
444396,444396,444399,3,0
444396,444396,444400,4,0
444396,444396,444400,4,0
444396,444396,444399,3,0
444396,444396,444399,3,0
444396,444396,444399,3,0
444396,444396,444399,3,0
444396,444396,444400,4,0
444396,444396,444399,3,0
444396,444396,444400,4,0
444400,444400,444402,2,0
444400,444400,444402,2,0
444400,444400,444402,2,0
444400,444400,444401,1,0
444400,444400,444401,1,0
444400,444400,444402,2,0
444400,444400,444402,2,0
444400,444400,444402,2,0
444400,444400,444402,2,0
444400,444400,444402,2,0
444400,444400,444402,2,0
444400,444400,444402,2,0
444400,444400,444401,1,0
444400,444400,444402,2,0
444400,444400,444402,2,0
444400,444400,444402,2,0
444400,444400,444402,2,0
444400,444400,444402,2,0
444400,444400,444401,1,0
444400,444400,444402,2,0
444400,444400,444402,2,0
444400,444400,444402,2,0
444400,444400,444401,1,0
444400,444400,444402,2,0
444400,444400,444402,2,0
444400,444400,444402,2,0
444400,444400,444402,2,0
444400,444400,444402,2,0
444400,444400,444402,2,0
444400,444400,444402,2,0
444400,444400,444402,2,0
444400,444400,444403,3,0
444400,444400,444402,2,0
444400,444400,444402,2,0
444400,444400,444402,2,0
444400,444400,444402,2,0
444400,444400,444402,2,0
444400,444400,444402,2,0
444400,444400,444403,3,0
444400,444400,444402,2,0
444400,444400,444403,3,0
444400,444400,444403,3,0
444400,444400,444403,3,0
444400,444400,444403,3,0
444400,444400,444403,3,0
444400,444400,444403,3,0
444400,444400,444403,3,0
444400,444400,444402,2,0
444400,444400,444402,2,0
444400,444400,444402,2,0
444400,444400,444403,3,0
444400,444400,444403,3,0
444400,444400,444403,3,0
444400,444400,444403,3,0
444400,444400,444404,4,0
444400,444400,444404,4,0
444400,444400,444403,3,0
444400,444400,444403,3,0
444400,444400,444403,3,0
444400,444400,444403,3,0
444400,444400,444404,4,0
444031,444032,444427,395,1
444430,444430,444431,1,0
444074,444075,444432,357,1
444430,444430,444432,2,0
444430,444430,444432,2,0
444430,444430,444432,2,0
444430,444430,444432,2,0
444430,444430,444431,1,0
444430,444430,444431,1,0
444430,444430,444432,2,0
444430,444430,444432,2,0
444430,444430,444432,2,0
444430,444430,444432,2,0
444430,444430,444432,2,0
444430,444430,444432,2,0
444430,444430,444431,1,0
444430,444430,444432,2,0
444430,444430,444432,2,0
444430,444430,444432,2,0
444430,444430,444432,2,0
444430,444430,444432,2,0
444430,444430,444432,2,0
444430,444430,444432,2,0
444430,444430,444432,2,0
444430,444430,444432,2,0
444430,444430,444432,2,0
444430,444431,444432,1,1
444430,444431,444432,1,1
444430,444430,444432,2,0
444430,444430,444433,3,0
444430,444430,444432,2,0
444430,444430,444433,3,0
444430,444430,444432,2,0
444430,444430,444432,2,0
444430,444430,444432,2,0
444430,444430,444433,3,0
444430,444430,444433,3,0
444430,444430,444433,3,0
444430,444430,444433,3,0
444430,444430,444432,2,0
444430,444430,444433,3,0
444430,444430,444432,2,0
444430,444430,444432,2,0
444430,444430,444433,3,0
444430,444430,444433,3,0
444430,444431,444433,2,1
444430,444431,444433,2,1
444430,444431,444433,2,1
444430,444430,444433,3,0
444430,444430,444434,4,0
444430,444430,444434,4,0
444430,444431,444434,3,1
444430,444430,444434,4,0
444430,444430,444433,3,0
444430,444430,444434,4,0
444430,444430,444433,3,0
444430,444430,444433,3,0
444430,444430,444434,4,0
444430,444430,444433,3,0
444430,444431,444434,3,1
444430,444430,444434,4,0
444430,444430,444434,4,0
444430,444431,444435,4,1
444434,444434,444436,2,0
444434,444434,444436,2,0
444434,444434,444436,2,0
444434,444434,444436,2,0
444434,444434,444436,2,0
444434,444434,444436,2,0
444434,444434,444436,2,0
444434,444434,444436,2,0
444434,444434,444436,2,0
444434,444434,444435,1,0
444434,444434,444436,2,0
444434,444434,444436,2,0
444434,444434,444436,2,0
444434,444434,444436,2,0
444434,444434,444436,2,0
444434,444435,444436,1,1
444434,444434,444436,2,0
444434,444434,444436,2,0
444434,444434,444435,1,0
444434,444434,444436,2,0
444434,444434,444436,2,0
444434,444435,444436,1,1
444434,444435,444436,1,1
444434,444435,444436,1,1
444434,444434,444436,2,0
444434,444434,444436,2,0
444434,444434,444436,2,0
444434,444434,444437,3,0
444434,444434,444437,3,0
444434,444434,444437,3,0
444434,444434,444437,3,0
444434,444434,444437,3,0
444434,444434,444437,3,0
444434,444435,444436,1,1
444434,444434,444437,3,0
444434,444434,444437,3,0
444434,444434,444437,3,0
444434,444434,444437,3,0
444434,444434,444437,3,0
444434,444434,444436,2,0
444434,444435,444437,2,1
444434,444434,444437,3,0
444434,444434,444437,3,0
444434,444434,444437,3,0
444434,444434,444437,3,0
444434,444434,444437,3,0
444434,444434,444437,3,0
444434,444434,444437,3,0
444434,444434,444437,3,0
444434,444434,444437,3,0
444434,444434,444437,3,0
444434,444434,444437,3,0
444434,444434,444437,3,0
444434,444434,444437,3,0
444434,444434,444438,4,0
444434,444434,444438,4,0
444434,444434,444437,3,0
444434,444434,444438,4,0
444434,444434,444438,4,0
444434,444434,444437,3,0
444434,444434,444437,3,0
444099,444100,444441,341,1
444450,444451,444452,1,1
444450,444451,444452,1,1
444450,444451,444452,1,1
444450,444451,444452,1,1
444450,444451,444452,1,1
444450,444451,444453,2,1
444450,444451,444452,1,1
444450,444451,444453,2,1
444450,444451,444452,1,1
444450,444451,444452,1,1
444450,444451,444452,1,1
444450,444451,444452,1,1
444450,444451,444452,1,1
444450,444451,444452,1,1
444450,444451,444452,1,1
444450,444451,444452,1,1
444450,444451,444452,1,1
444450,444451,444453,2,1
444450,444451,444452,1,1
444450,444451,444452,1,1
444450,444451,444452,1,1
444450,444451,444452,1,1
444450,444451,444452,1,1
444450,444451,444452,1,1
444450,444451,444452,1,1
444450,444451,444453,2,1
444450,444451,444452,1,1
444450,444451,444453,2,1
444450,444451,444453,2,1
444450,444451,444454,3,1
444450,444451,444453,2,1
444095,444096,444453,357,1
444450,444451,444453,2,1
444450,444451,444453,2,1
444450,444451,444453,2,1
444450,444451,444453,2,1
444450,444451,444454,3,1
444450,444451,444453,2,1
444450,444451,444453,2,1
444450,444451,444453,2,1
444450,444451,444454,3,1
444450,444451,444454,3,1
444450,444451,444454,3,1
444450,444451,444453,2,1
444450,444451,444454,3,1
444450,444451,444454,3,1
444450,444451,444453,2,1
444450,444451,444454,3,1
444450,444451,444454,3,1
444450,444451,444454,3,1
444450,444451,444454,3,1
444450,444451,444454,3,1
444450,444451,444454,3,1
444450,444451,444454,3,1
444450,444451,444454,3,1
444450,444451,444454,3,1
444450,444451,444454,3,1
444450,444451,444454,3,1
444450,444451,444454,3,1
444450,444451,444454,3,1
444462,444463,444464,1,1
444462,444463,444464,1,1
444462,444463,444465,2,1
444462,444463,444464,1,1
444462,444463,444464,1,1
444462,444463,444464,1,1
444462,444463,444465,2,1
444462,444463,444465,2,1
444462,444463,444464,1,1
444462,444463,444464,1,1
444462,444463,444464,1,1
444462,444463,444464,1,1
444462,444463,444465,2,1
444462,444463,444464,1,1
444462,444463,444464,1,1
444462,444463,444464,1,1
444462,444463,444464,1,1
444462,444463,444465,2,1
444462,444463,444464,1,1
444462,444463,444464,1,1
444462,444463,444464,1,1
444462,444463,444464,1,1
444462,444463,444464,1,1
444462,444463,444464,1,1
444462,444463,444464,1,1
444462,444463,444465,2,1
444462,444463,444466,3,1
444462,444463,444465,2,1
444462,444465,444466,1,3
444462,444463,444465,2,1
444462,444463,444465,2,1
444462,444463,444465,2,1
444462,444463,444465,2,1
444462,444463,444465,2,1
444462,444463,444466,3,1
444462,444463,444465,2,1
444462,444463,444466,3,1
444462,444463,444466,3,1
444462,444463,444465,2,1
444462,444463,444466,3,1
444462,444463,444465,2,1
444462,444463,444465,2,1
444462,444463,444465,2,1
444462,444463,444466,3,1
444462,444463,444467,4,1
444462,444463,444466,3,1
444462,444463,444466,3,1
444462,444463,444466,3,1
444462,444463,444467,4,1
444462,444463,444466,3,1
444462,444463,444466,3,1
444462,444463,444466,3,1
444462,444463,444466,3,1
444462,444463,444466,3,1
444462,444463,444466,3,1
444462,444465,444466,1,3
444462,444463,444466,3,1
444462,444463,444466,3,1
444462,444463,444466,3,1
444462,444463,444466,3,1
444450,444451,444470,19,1
444092,444092,444471,379,0
444450,444451,444471,20,1
444462,444465,444478,13,3
444484,444484,444486,2,0
444484,444484,444486,2,0
444484,444484,444486,2,0
444484,444485,444486,1,1
444484,444484,444486,2,0
444484,444484,444486,2,0
444484,444484,444486,2,0
444484,444484,444486,2,0
444484,444484,444486,2,0
444484,444484,444486,2,0
444484,444484,444486,2,0
444484,444484,444486,2,0
444484,444484,444486,2,0
444484,444485,444486,1,1
444484,444485,444486,1,1
444484,444484,444486,2,0
444484,444484,444486,2,0
444484,444485,444486,1,1
444484,444485,444486,1,1
444484,444484,444486,2,0
444484,444484,444486,2,0
444484,444484,444486,2,0
444484,444485,444486,1,1
444484,444485,444486,1,1
444484,444485,444487,2,1
444484,444484,444487,3,0
444484,444485,444487,2,1
444484,444484,444487,3,0
444484,444484,444487,3,0
444484,444484,444487,3,0
444484,444485,444487,2,1
444484,444485,444487,2,1
444484,444485,444487,2,1
444484,444484,444487,3,0
444484,444485,444487,2,1
444484,444484,444487,3,0
444484,444484,444487,3,0
444484,444484,444487,3,0
444484,444485,444487,2,1
444484,444485,444487,2,1
444484,444484,444487,3,0
444484,444485,444487,2,1
444484,444485,444487,2,1
444484,444484,444487,3,0
444484,444485,444487,2,1
444484,444484,444488,4,0
444484,444484,444488,4,0
444484,444484,444488,4,0
444484,444484,444488,4,0
444484,444485,444488,3,1
444484,444485,444488,3,1
444484,444485,444488,3,1
444484,444484,444488,4,0
444484,444484,444488,4,0
444484,444484,444488,4,0
444484,444484,444488,4,0
444484,444484,444488,4,0
444484,444484,444488,4,0
444484,444484,444488,4,0
444484,444485,444488,3,1
444484,444485,444488,3,1
444113,444114,444495,381,1
444499,444500,444501,1,1
444499,444500,444502,2,1
444499,444500,444502,2,1
444499,444500,444502,2,1
444499,444500,444502,2,1
444499,444500,444501,1,1
444499,444500,444501,1,1
444499,444500,444501,1,1
444499,444500,444501,1,1
444499,444500,444502,2,1
444499,444500,444502,2,1
444499,444500,444501,1,1
444499,444500,444501,1,1
444499,444500,444501,1,1
444499,444500,444501,1,1
444499,444500,444501,1,1
444499,444500,444501,1,1
444499,444500,444501,1,1
444499,444500,444502,2,1
444499,444500,444502,2,1
444499,444500,444502,2,1
444499,444500,444501,1,1
444499,444500,444501,1,1
444499,444500,444501,1,1
444499,444500,444502,2,1
444499,444500,444502,2,1
444499,444500,444502,2,1
444499,444500,444502,2,1
444499,444500,444502,2,1
444499,444500,444503,3,1
444499,444500,444503,3,1
444499,444500,444502,2,1
444499,444500,444503,3,1
444499,444500,444502,2,1
444499,444500,444502,2,1
444499,444500,444502,2,1
444499,444500,444503,3,1
444499,444500,444503,3,1
444499,444500,444502,2,1
444499,444500,444502,2,1
444499,444500,444503,3,1
444499,444500,444502,2,1
444499,444500,444503,3,1
444499,444500,444503,3,1
444499,444500,444502,2,1
444499,444500,444502,2,1
444499,444500,444503,3,1
444499,444500,444503,3,1
444499,444500,444503,3,1
444499,444500,444503,3,1
444499,444500,444504,4,1
444499,444500,444503,3,1
444499,444500,444503,3,1
444499,444507,444509,2,8
444499,444507,444510,3,8
444499,444507,444510,3,8
444499,444507,444510,3,8
444499,444507,444509,2,8
444185,444186,444511,325,1
444518,444518,444520,2,0
444518,444518,444520,2,0
444518,444518,444520,2,0
444518,444518,444520,2,0
444518,444518,444520,2,0
444518,444518,444520,2,0
444518,444518,444520,2,0
444518,444519,444520,1,1
444518,444519,444520,1,1
444518,444518,444520,2,0
444518,444518,444520,2,0
444518,444518,444520,2,0
444518,444519,444520,1,1
444518,444518,444520,2,0
444518,444518,444520,2,0
444518,444518,444520,2,0
444518,444518,444520,2,0
444518,444519,444520,1,1
444518,444518,444520,2,0
444518,444518,444520,2,0
444518,444519,444520,1,1
444518,444519,444520,1,1
444518,444518,444521,3,0
444518,444518,444521,3,0
444518,444519,444521,2,1
444518,444519,444521,2,1
444518,444519,444521,2,1
444518,444518,444521,3,0
444518,444518,444521,3,0
444518,444519,444522,3,1
444518,444519,444521,2,1
444518,444519,444521,2,1
444518,444519,444521,2,1
444518,444518,444521,3,0
444518,444519,444522,3,1
444518,444519,444521,2,1
444141,444142,444522,380,1
444499,444500,444504,4,1
444499,444500,444504,4,1
444499,444500,444503,3,1
444518,444518,444523,5,0
444518,444518,444522,4,0
444518,444518,444522,4,0
444518,444519,444522,3,1
444518,444518,444522,4,0
444518,444518,444522,4,0
444518,444518,444522,4,0
444518,444518,444522,4,0
444518,444518,444522,4,0
444518,444518,444522,4,0
444518,444518,444523,5,0
444518,444519,444522,3,1
444518,444518,444522,4,0
444518,444518,444522,4,0
444518,444518,444522,4,0
444518,444518,444522,4,0
444518,444519,444522,3,1
444518,444521,444522,1,3
444518,444519,444522,3,1
444518,444519,444522,3,1
444518,444519,444522,3,1
444147,444149,444522,373,2
444518,444522,444524,2,4
444518,444522,444525,3,4
444535,444536,444537,1,1
444535,444535,444537,2,0
444535,444535,444537,2,0
444535,444536,444537,1,1
444535,444535,444537,2,0
444535,444536,444537,1,1
444535,444535,444537,2,0
444535,444536,444537,1,1
444535,444536,444537,1,1
444535,444536,444537,1,1
444535,444535,444537,2,0
444535,444535,444537,2,0
444535,444535,444537,2,0
444535,444536,444537,1,1
444535,444536,444537,1,1
444535,444535,444537,2,0
444535,444536,444537,1,1
444535,444536,444537,1,1
444535,444536,444537,1,1
444535,444535,444537,2,0
444535,444535,444537,2,0
444535,444536,444537,1,1
444535,444536,444537,1,1
444535,444536,444537,1,1
444535,444535,444537,2,0
444535,444535,444537,2,0
444535,444536,444537,1,1
444535,444536,444537,1,1
444535,444536,444537,1,1
444535,444535,444538,3,0
444535,444535,444538,3,0
444535,444536,444538,2,1
444535,444536,444538,2,1
444535,444536,444538,2,1
444535,444535,444538,3,0
444535,444535,444538,3,0
444535,444536,444538,2,1
444535,444535,444538,3,0
444535,444535,444538,3,0
444535,444536,444538,2,1
444535,444536,444538,2,1
444535,444536,444538,2,1
444535,444535,444538,3,0
444535,444536,444538,2,1
444535,444536,444538,2,1
444535,444536,444538,2,1
444535,444536,444538,2,1
444535,444535,444539,4,0
444535,444535,444539,4,0
444535,444536,444540,4,1
444535,444536,444539,3,1
444535,444535,444539,4,0
444535,444535,444539,4,0
444535,444536,444539,3,1
444535,444536,444539,3,1
444535,444536,444539,3,1
444535,444543,444544,1,8
444535,444543,444544,1,8
444535,444543,444546,3,8
444535,444543,444546,3,8
444535,444543,444545,2,8
444549,444550,444552,2,1
444549,444550,444551,1,1
444549,444550,444551,1,1
444549,444550,444552,2,1
444549,444550,444551,1,1
444549,444550,444552,2,1
444549,444550,444552,2,1
444549,444550,444551,1,1
444549,444550,444552,2,1
444549,444550,444551,1,1
444549,444550,444551,1,1
444549,444550,444551,1,1
444549,444550,444552,2,1
444549,444550,444551,1,1
444549,444550,444551,1,1
444549,444550,444551,1,1
444549,444550,444551,1,1
444549,444550,444551,1,1
444549,444550,444551,1,1
444549,444550,444552,2,1
444549,444550,444551,1,1
444549,444550,444551,1,1
444549,444550,444551,1,1
444549,444550,444551,1,1
444549,444550,444551,1,1
444549,444550,444552,2,1
444549,444550,444551,1,1
444549,444550,444551,1,1
444549,444550,444551,1,1
444549,444550,444552,2,1
444549,444550,444552,2,1
444549,444550,444552,2,1
444549,444550,444552,2,1
444549,444550,444552,2,1
444549,444550,444552,2,1
444549,444550,444552,2,1
444549,444550,444552,2,1
444549,444550,444553,3,1
444549,444550,444552,2,1
444549,444550,444552,2,1
444549,444550,444552,2,1
444549,444550,444552,2,1
444549,444550,444553,3,1
444549,444550,444552,2,1
444549,444550,444552,2,1
444549,444550,444553,3,1
444549,444550,444553,3,1
444549,444550,444553,3,1
444549,444550,444553,3,1
444549,444550,444553,3,1
444549,444550,444554,4,1
444549,444550,444553,3,1
444549,444550,444553,3,1
444549,444550,444553,3,1
444549,444550,444553,3,1
444549,444550,444553,3,1
444549,444550,444553,3,1
444549,444550,444553,3,1
444549,444550,444553,3,1
444549,444550,444553,3,1
444549,444550,444554,4,1
444203,444206,444560,354,3
444563,444563,444565,2,0
444563,444563,444564,1,0
444563,444563,444565,2,0
444563,444563,444565,2,0
444563,444563,444565,2,0
444563,444563,444565,2,0
444563,444563,444565,2,0
444563,444563,444565,2,0
444563,444563,444565,2,0
444563,444563,444565,2,0
444563,444563,444565,2,0
444563,444563,444565,2,0
444563,444563,444565,2,0
444563,444563,444565,2,0
444563,444563,444565,2,0
444563,444563,444565,2,0
444563,444563,444565,2,0
444563,444563,444565,2,0
444563,444563,444565,2,0
444563,444563,444565,2,0
444563,444563,444565,2,0
444563,444563,444565,2,0
444563,444563,444565,2,0
444563,444563,444565,2,0
444563,444563,444565,2,0
444563,444563,444565,2,0
444563,444563,444566,3,0
444563,444563,444566,3,0
444563,444563,444566,3,0
444563,444563,444566,3,0
444563,444563,444565,2,0
444563,444563,444566,3,0
444563,444563,444566,3,0
444563,444563,444565,2,0
444563,444563,444565,2,0
444563,444563,444566,3,0
444563,444563,444566,3,0
444563,444563,444566,3,0
444563,444563,444566,3,0
444563,444563,444566,3,0
444563,444563,444566,3,0
444563,444563,444565,2,0
444563,444563,444566,3,0
444563,444563,444567,4,0
444563,444563,444566,3,0
444563,444563,444567,4,0
444563,444563,444566,3,0
444563,444563,444566,3,0
444563,444563,444566,3,0
444563,444563,444567,4,0
444563,444563,444567,4,0
444563,444563,444567,4,0
444563,444563,444566,3,0
444563,444563,444567,4,0
444563,444563,444567,4,0
444563,444563,444566,3,0
444563,444563,444567,4,0
444563,444563,444567,4,0
444563,444571,444573,2,8
444205,444206,444573,367,1
444563,444571,444574,3,8
444563,444571,444576,5,8
444578,444578,444580,2,0
444578,444578,444580,2,0
444578,444578,444580,2,0
444578,444579,444580,1,1
444578,444578,444580,2,0
444578,444578,444580,2,0
444578,444578,444580,2,0
444578,444578,444580,2,0
444578,444578,444580,2,0
444578,444578,444580,2,0
444578,444578,444580,2,0
444578,444578,444580,2,0
444578,444578,444580,2,0
444578,444578,444580,2,0
444578,444578,444580,2,0
444578,444578,444580,2,0
444578,444578,444580,2,0
444578,444578,444580,2,0
444578,444578,444580,2,0
444578,444578,444580,2,0
444578,444578,444580,2,0
444578,444578,444580,2,0
444578,444578,444580,2,0
444578,444579,444580,1,1
444578,444578,444580,2,0
444578,444578,444581,3,0
444578,444580,444581,1,2
444578,444579,444581,2,1
444578,444579,444581,2,1
444578,444578,444581,3,0
444578,444578,444581,3,0
444578,444578,444581,3,0
444578,444578,444581,3,0
444578,444578,444581,3,0
444578,444578,444581,3,0
444578,444578,444582,4,0
444578,444578,444581,3,0
444578,444578,444581,3,0
444578,444578,444581,3,0
444578,444579,444581,2,1
444578,444578,444581,3,0
444578,444578,444581,3,0
444578,444578,444582,4,0
444578,444578,444582,4,0
444578,444578,444582,4,0
444578,444579,444582,3,1
444578,444579,444582,3,1
444578,444578,444582,4,0
444578,444578,444582,4,0
444578,444578,444582,4,0
444578,444578,444582,4,0
444578,444578,444582,4,0
444578,444578,444582,4,0
444578,444578,444583,5,0
444578,444578,444583,5,0
444578,444578,444583,5,0
444578,444594,444595,1,16
444578,444594,444595,1,16
444578,444594,444596,2,16
444578,444594,444597,3,16
444578,444594,444597,3,16
444578,444594,444597,3,16
444253,444254,444624,370,1
444626,444626,444627,1,0
444626,444626,444628,2,0
444626,444626,444628,2,0
444626,444626,444628,2,0
444626,444626,444628,2,0
444626,444626,444628,2,0
444626,444626,444628,2,0
444626,444626,444628,2,0
444626,444626,444628,2,0
444626,444626,444628,2,0
444626,444626,444628,2,0
444626,444626,444628,2,0
444626,444626,444628,2,0
444626,444626,444627,1,0
444626,444626,444627,1,0
444626,444626,444627,1,0
444626,444626,444628,2,0
444626,444626,444628,2,0
444626,444626,444628,2,0
444626,444626,444628,2,0
444626,444626,444628,2,0
444626,444626,444628,2,0
444626,444626,444628,2,0
444626,444626,444628,2,0
444626,444626,444628,2,0
444626,444626,444629,3,0
444626,444626,444628,2,0
444626,444626,444629,3,0
444626,444626,444628,2,0
444626,444626,444629,3,0
444626,444626,444629,3,0
444626,444626,444628,2,0
444626,444626,444629,3,0
444626,444626,444628,2,0
444626,444626,444628,2,0
444626,444626,444628,2,0
444626,444626,444629,3,0
444626,444626,444629,3,0
444626,444626,444629,3,0
444626,444626,444629,3,0
444626,444626,444628,2,0
444626,444626,444629,3,0
444626,444626,444629,3,0
444626,444626,444629,3,0
444626,444626,444629,3,0
444626,444626,444629,3,0
444626,444626,444630,4,0
444626,444626,444629,3,0
444626,444626,444630,4,0
444626,444626,444629,3,0
444626,444626,444630,4,0
444626,444626,444629,3,0
444626,444626,444629,3,0
444626,444626,444630,4,0
444626,444626,444629,3,0
444626,444626,444630,4,0
444626,444626,444630,4,0
444626,444637,444638,1,11
444626,444637,444639,2,11
444626,444637,444640,3,11
444626,444637,444640,3,11
444272,444273,444641,368,1
444654,444654,444656,2,0
444654,444654,444656,2,0
444654,444654,444656,2,0
444654,444654,444656,2,0
444654,444654,444656,2,0
444654,444655,444656,1,1
444654,444655,444656,1,1
444654,444654,444656,2,0
444654,444655,444656,1,1
444654,444655,444656,1,1
444654,444654,444656,2,0
444654,444654,444656,2,0
444654,444654,444656,2,0
444654,444654,444657,3,0
444654,444654,444656,2,0
444654,444654,444657,3,0
444654,444655,444656,1,1
444654,444655,444656,1,1
444654,444654,444656,2,0
444654,444654,444656,2,0
444654,444654,444656,2,0
444654,444655,444656,1,1
444654,444654,444656,2,0
444654,444654,444656,2,0
444654,444654,444656,2,0
444654,444654,444656,2,0
444654,444654,444657,3,0
444654,444654,444657,3,0
444654,444654,444657,3,0
444654,444654,444657,3,0
444654,444654,444657,3,0
444654,444654,444657,3,0
444654,444654,444657,3,0
444654,444654,444657,3,0
444654,444654,444657,3,0
444654,444655,444658,3,1
444654,444655,444657,2,1
444654,444654,444657,3,0
444654,444654,444657,3,0
444654,444655,444657,2,1
444654,444654,444658,4,0
444654,444654,444658,4,0
444654,444655,444658,3,1
444318,444319,444658,339,1
444654,444654,444658,4,0
444654,444654,444658,4,0
444654,444654,444658,4,0
444654,444654,444658,4,0
444654,444654,444658,4,0
444654,444654,444658,4,0
444654,444654,444658,4,0
444654,444654,444658,4,0
444654,444654,444658,4,0
444654,444654,444658,4,0
444654,444654,444658,4,0
444654,444655,444658,3,1
444654,444654,444658,4,0
444654,444655,444658,3,1
444654,444655,444659,4,1
444654,444655,444659,4,1
444654,444655,444659,4,1
444654,444655,444660,5,1
444660,444661,444662,1,1
444660,444661,444662,1,1
444660,444661,444663,2,1
444660,444661,444663,2,1
444660,444661,444662,1,1
444660,444661,444662,1,1
444660,444661,444662,1,1
444660,444661,444662,1,1
444660,444661,444662,1,1
444660,444661,444662,1,1
444660,444661,444662,1,1
444660,444661,444662,1,1
444660,444661,444663,2,1
444660,444661,444662,1,1
444660,444661,444662,1,1
444660,444661,444662,1,1
444660,444661,444662,1,1
444660,444661,444662,1,1
444660,444661,444662,1,1
444660,444661,444663,2,1
444660,444661,444662,1,1
444660,444661,444662,1,1
444660,444661,444662,1,1
444660,444661,444663,2,1
444660,444661,444663,2,1
444660,444661,444663,2,1
444660,444661,444663,2,1
444660,444661,444664,3,1
444660,444661,444663,2,1
444660,444661,444663,2,1
444660,444661,444663,2,1
444660,444661,444663,2,1
444660,444661,444663,2,1
444660,444661,444663,2,1
444660,444661,444663,2,1
444660,444661,444663,2,1
444660,444661,444664,3,1
444660,444661,444663,2,1
444660,444661,444663,2,1
444660,444661,444663,2,1
444660,444661,444664,3,1
444660,444661,444664,3,1
444660,444661,444664,3,1
444660,444661,444664,3,1
444660,444661,444664,3,1
444660,444661,444664,3,1
444660,444661,444664,3,1
444660,444661,444664,3,1
444660,444661,444664,3,1
444660,444661,444664,3,1
444660,444661,444664,3,1
444660,444661,444664,3,1
444660,444661,444664,3,1
444660,444661,444665,4,1
444660,444661,444665,4,1
444660,444661,444664,3,1
444660,444661,444664,3,1
444660,444661,444664,3,1
444660,444661,444665,4,1
444660,444661,444665,4,1
444660,444661,444666,5,1
444320,444321,444682,361,1
444310,444324,444686,362,14
444353,444354,444688,334,1
444689,444689,444690,1,0
444689,444689,444691,2,0
444689,444689,444691,2,0
444689,444689,444691,2,0
444689,444689,444691,2,0
444689,444689,444691,2,0
444689,444689,444691,2,0
444689,444689,444691,2,0
444689,444689,444691,2,0
444689,444689,444691,2,0
444689,444689,444690,1,0
444689,444689,444690,1,0
444689,444689,444691,2,0
444689,444689,444691,2,0
444689,444689,444691,2,0
444689,444689,444691,2,0
444689,444689,444691,2,0
444689,444689,444691,2,0
444689,444689,444691,2,0
444689,444689,444691,2,0
444689,444689,444691,2,0
444689,444689,444691,2,0
444689,444689,444691,2,0
444689,444689,444691,2,0
444689,444689,444691,2,0
444689,444690,444691,1,1
444689,444690,444691,1,1
444689,444690,444692,2,1
444689,444690,444691,1,1
444689,444689,444692,3,0
444689,444691,444692,1,2
444689,444689,444691,2,0
444689,444689,444692,3,0
444689,444689,444691,2,0
444689,444691,444692,1,2
444689,444689,444692,3,0
444689,444689,444692,3,0
444689,444690,444691,1,1
444689,444689,444692,3,0
444689,444689,444692,3,0
444689,444689,444692,3,0
444689,444689,444692,3,0
444689,444689,444692,3,0
444689,444689,444691,2,0
444689,444689,444692,3,0
444689,444689,444692,3,0
444689,444689,444691,2,0
444689,444689,444692,3,0
444689,444689,444692,3,0
444689,444690,444693,3,1
444689,444690,444693,3,1
444689,444690,444692,2,1
444689,444689,444693,4,0
444689,444689,444693,4,0
444689,444689,444693,4,0
444689,444689,444693,4,0
444689,444691,444693,2,2
444689,444689,444693,4,0
444689,444689,444693,4,0
444689,444691,444693,2,2
444689,444691,444693,2,2
444689,444691,444693,2,2
444689,444691,444693,2,2
444689,444689,444693,4,0
444689,444689,444693,4,0
444689,444691,444693,2,2
444689,444691,444693,2,2
444689,444691,444693,2,2
444689,444691,444693,2,2
444689,444689,444693,4,0
444689,444691,444693,2,2
444689,444691,444693,2,2
444689,444691,444693,2,2
444689,444689,444693,4,0
444689,444691,444693,2,2
444689,444689,444693,4,0
444689,444689,444693,4,0
444689,444691,444693,2,2
444689,444690,444694,4,1
444689,444690,444693,3,1
444689,444693,444694,1,4
444689,444693,444694,1,4
444689,444691,444694,3,2
444689,444693,444695,2,4
444689,444693,444694,1,4
444689,444691,444694,3,2
444689,444691,444694,3,2
444689,444691,444695,4,2
444689,444691,444694,3,2
444689,444691,444694,3,2
444689,444691,444695,4,2
444689,444693,444694,1,4
444689,444693,444694,1,4
444689,444693,444695,2,4
444689,444693,444694,1,4
444689,444693,444695,2,4
444689,444693,444694,1,4
444689,444693,444695,2,4
444689,444692,444695,3,3
444689,444692,444695,3,3
444689,444691,444695,4,2
444689,444693,444695,2,4
444689,444693,444696,3,4
444689,444693,444695,2,4
444689,444694,444695,1,5
444689,444694,444695,1,5
444689,444694,444695,1,5
444691,444694,444695,1,3
444691,444694,444695,1,3
444689,444693,444695,2,4
444689,444694,444695,1,5
444689,444694,444695,1,5
444689,444693,444695,2,4
444689,444693,444695,2,4
444691,444694,444695,1,3
444691,444694,444695,1,3
444691,444694,444695,1,3
444691,444694,444695,1,3
444691,444694,444695,1,3
444689,444692,444695,3,3
444689,444693,444695,2,4
444689,444693,444695,2,4
444691,444694,444695,1,3
444691,444694,444695,1,3
444691,444694,444695,1,3
444689,444693,444695,2,4
444689,444693,444695,2,4
444691,444694,444695,1,3
444691,444694,444695,1,3
444691,444694,444695,1,3
444691,444694,444696,2,3
444689,444693,444695,2,4
444691,444694,444695,1,3
444691,444694,444695,1,3
444689,444692,444696,4,3
444689,444692,444695,3,3
444689,444692,444695,3,3
444689,444692,444696,4,3
444691,444696,444697,1,5
444691,444696,444697,1,5
444691,444694,444697,3,3
444691,444694,444697,3,3
444691,444695,444697,2,4
444691,444695,444697,2,4
444691,444695,444698,3,4
444691,444695,444697,2,4
444691,444696,444698,2,5
444691,444695,444698,3,4
444691,444695,444698,3,4
444691,444695,444697,2,4
444691,444695,444698,3,4
444691,444696,444698,2,5
444691,444696,444698,2,5
444691,444696,444698,2,5
444691,444696,444698,2,5
444691,444695,444697,2,4
444691,444695,444698,3,4
444691,444695,444698,3,4
444691,444695,444698,3,4
444691,444695,444698,3,4
444691,444696,444697,1,5
444691,444696,444697,1,5
444691,444696,444697,1,5
444691,444695,444698,3,4
444691,444696,444697,1,5
444691,444696,444697,1,5
444691,444695,444698,3,4
444691,444696,444697,1,5
444691,444696,444697,1,5
444691,444695,444698,3,4
444691,444696,444697,1,5
444691,444696,444697,1,5
444691,444696,444697,1,5
444691,444695,444698,3,4
444691,444695,444698,3,4
444691,444695,444698,3,4
444691,444695,444698,3,4
444691,444696,444698,2,5
444691,444696,444698,2,5
444691,444696,444698,2,5
444691,444696,444698,2,5
444691,444696,444698,2,5
444691,444696,444698,2,5
444374,444376,444742,366,2
444743,444743,444745,2,0
444743,444743,444745,2,0
444743,444743,444745,2,0
444743,444743,444745,2,0
444743,444743,444745,2,0
444743,444744,444745,1,1
444743,444744,444745,1,1
444743,444744,444745,1,1
444743,444743,444745,2,0
444743,444743,444745,2,0
444743,444743,444745,2,0
444743,444743,444745,2,0
444743,444743,444745,2,0
444743,444743,444745,2,0
444743,444744,444745,1,1
444743,444743,444745,2,0
444743,444743,444745,2,0
444743,444743,444745,2,0
444743,444743,444745,2,0
444743,444743,444745,2,0
444743,444743,444745,2,0
444743,444743,444745,2,0
444743,444743,444745,2,0
444743,444743,444746,3,0
444743,444744,444745,1,1
444743,444743,444746,3,0
444743,444743,444746,3,0
444743,444743,444746,3,0
444743,444743,444746,3,0
444743,444743,444746,3,0
444743,444744,444746,2,1
444743,444744,444746,2,1
444743,444744,444746,2,1
444743,444744,444746,2,1
444743,444744,444746,2,1
444743,444743,444746,3,0
444743,444743,444746,3,0
444743,444743,444746,3,0
444743,444743,444746,3,0
444743,444743,444746,3,0
444743,444743,444746,3,0
444743,444744,444746,2,1
444743,444743,444746,3,0
444743,444744,444746,2,1
444743,444744,444747,3,1
444743,444744,444747,3,1
444743,444743,444747,4,0
444743,444744,444747,3,1
444743,444744,444747,3,1
444743,444743,444747,4,0
444743,444743,444747,4,0
444743,444743,444747,4,0
444743,444744,444747,3,1
444743,444744,444747,3,1
444743,444751,444752,1,8
444743,444751,444752,1,8
444743,444751,444752,1,8
444743,444751,444752,1,8
444743,444751,444753,2,8
444743,444751,444753,2,8
444743,444751,444754,3,8
444397,444398,444798,400,1
444799,444800,444801,1,1
444799,444800,444801,1,1
444799,444800,444802,2,1
444799,444800,444801,1,1
444799,444800,444801,1,1
444799,444800,444802,2,1
444799,444800,444801,1,1
444799,444800,444802,2,1
444799,444800,444801,1,1
444799,444800,444801,1,1
444799,444800,444802,2,1
444799,444800,444802,2,1
444799,444800,444801,1,1
444799,444800,444801,1,1
444799,444800,444801,1,1
444799,444800,444802,2,1
444799,444800,444802,2,1
444799,444800,444802,2,1
444799,444800,444801,1,1
444799,444800,444801,1,1
444799,444800,444802,2,1
444799,444800,444802,2,1
444799,444800,444802,2,1
444799,444800,444801,1,1
444799,444800,444801,1,1
444799,444800,444801,1,1
444799,444800,444802,2,1
444799,444801,444802,1,2
444799,444801,444802,1,2
444799,444800,444802,2,1
444799,444800,444803,3,1
444799,444800,444803,3,1
444799,444800,444802,2,1
444799,444800,444802,2,1
444799,444800,444802,2,1
444799,444800,444802,2,1
444799,444800,444803,3,1
444799,444800,444803,3,1
444799,444800,444802,2,1
444799,444800,444802,2,1
444799,444800,444803,3,1
444799,444800,444802,2,1
444799,444800,444802,2,1
444799,444800,444803,3,1
444799,444800,444803,3,1
444799,444800,444802,2,1
444799,444800,444803,3,1
444799,444800,444802,2,1
444799,444801,444803,2,2
444799,444801,444803,2,2
444799,444800,444803,3,1
444799,444800,444804,4,1
444799,444800,444803,3,1
444799,444800,444803,3,1
444799,444800,444804,4,1
444799,444800,444803,3,1
444799,444800,444803,3,1
444799,444800,444803,3,1
444799,444800,444803,3,1
444799,444800,444803,3,1
444799,444800,444804,4,1
444435,444436,444810,374,1
444464,444465,444813,348,1
444816,444817,444818,1,1
444816,444817,444818,1,1
444816,444817,444818,1,1
444816,444817,444818,1,1
444816,444817,444818,1,1
444816,444817,444818,1,1
444816,444817,444818,1,1
444816,444817,444819,2,1
444816,444817,444818,1,1
444816,444817,444819,2,1
444816,444817,444819,2,1
444816,444817,444819,2,1
444816,444817,444818,1,1
444816,444817,444818,1,1
444816,444817,444818,1,1
444816,444817,444818,1,1
444816,444817,444818,1,1
444816,444817,444818,1,1
444816,444817,444818,1,1
444816,444817,444818,1,1
444816,444817,444818,1,1
444816,444817,444818,1,1
444816,444817,444818,1,1
444816,444817,444818,1,1
444816,444817,444818,1,1
444816,444817,444818,1,1
444816,444817,444819,2,1
444816,444817,444819,2,1
444816,444817,444820,3,1
444816,444817,444820,3,1
444816,444817,444819,2,1
444816,444817,444820,3,1
444816,444817,444819,2,1
444816,444817,444819,2,1
444816,444817,444820,3,1
444816,444817,444819,2,1
444816,444817,444819,2,1
444816,444817,444820,3,1
444816,444817,444819,2,1
444816,444818,444819,1,2
444816,444817,444819,2,1
444816,444817,444820,3,1
444816,444817,444820,3,1
444816,444817,444819,2,1
444816,444817,444819,2,1
444816,444817,444820,3,1
444816,444817,444819,2,1
444816,444817,444819,2,1
444816,444817,444820,3,1
444816,444817,444819,2,1
444486,444487,444819,332,1
444816,444817,444819,2,1
444816,444817,444820,3,1
444816,444817,444819,2,1
444816,444817,444819,2,1
444816,444817,444820,3,1
444816,444817,444820,3,1
444816,444817,444820,3,1
444816,444819,444820,1,3
444816,444819,444820,1,3
444452,444453,444821,368,1
444816,444819,444820,1,3
444816,444819,444820,1,3
444816,444819,444820,1,3
444816,444817,444820,3,1
444816,444817,444820,3,1
444816,444819,444820,1,3
444816,444819,444821,2,3
444816,444817,444820,3,1
444816,444817,444820,3,1
444816,444817,444820,3,1
444816,444819,444820,1,3
444816,444819,444820,1,3
444816,444819,444820,1,3
444816,444819,444820,1,3
444816,444819,444820,1,3
444816,444819,444820,1,3
444816,444819,444820,1,3
444816,444819,444820,1,3
444816,444819,444820,1,3
444816,444817,444820,3,1
444816,444819,444821,2,3
444816,444821,444822,1,5
444816,444821,444822,1,5
444816,444821,444822,1,5
444816,444821,444822,1,5
444816,444819,444822,3,3
444816,444819,444822,3,3
444816,444819,444822,3,3
444816,444819,444822,3,3
444816,444820,444821,1,4
444816,444820,444821,1,4
444816,444819,444822,3,3
444816,444819,444822,3,3
444816,444819,444822,3,3
444816,444819,444822,3,3
444816,444820,444822,2,4
444816,444820,444821,1,4
444816,444820,444822,2,4
444816,444820,444822,2,4
444816,444820,444821,1,4
444816,444819,444821,2,3
444821,444821,444822,1,0
444816,444820,444822,2,4
444816,444820,444821,1,4
444816,444820,444823,3,4
444816,444821,444822,1,5
444816,444820,444823,3,4
444816,444820,444822,2,4
444816,444820,444822,2,4
444816,444820,444823,3,4
444816,444820,444823,3,4
444816,444820,444822,2,4
444816,444820,444822,2,4
444816,444820,444823,3,4
444816,444820,444823,3,4
444816,444820,444823,3,4
444816,444820,444822,2,4
444816,444820,444822,2,4
444821,444821,444822,1,0
444821,444821,444823,2,0
444816,444820,444822,2,4
444821,444821,444823,2,0
444821,444821,444822,1,0
444821,444821,444822,1,0
444821,444821,444822,1,0
444821,444821,444822,1,0
444821,444821,444822,1,0
444816,444820,444822,2,4
444821,444821,444822,1,0
444821,444821,444823,2,0
444821,444821,444823,2,0
444816,444820,444822,2,4
444816,444820,444822,2,4
444821,444821,444822,1,0
444821,444821,444823,2,0
444816,444819,444822,3,3
444821,444821,444822,1,0
444821,444821,444824,3,0
444816,444820,444823,3,4
444816,444820,444824,4,4
444821,444822,444824,2,1
444821,444824,444825,1,3
444821,444821,444824,3,0
444821,444823,444825,2,2
444821,444822,444825,3,1
444821,444822,444825,3,1
444821,444822,444825,3,1
444821,444823,444825,2,2
444821,444823,444825,2,2
444821,444822,444825,3,1
444821,444823,444825,2,2
444821,444823,444825,2,2
444821,444823,444825,2,2
444821,444822,444825,3,1
444821,444823,444825,2,2
444821,444823,444825,2,2
444821,444823,444825,2,2
444821,444823,444824,1,2
444821,444822,444825,3,1
444821,444822,444825,3,1
444821,444822,444825,3,1
444821,444822,444825,3,1
444821,444822,444825,3,1
444821,444822,444825,3,1
444821,444822,444825,3,1
444821,444822,444825,3,1
444821,444822,444825,3,1
444821,444822,444825,3,1
444821,444822,444825,3,1
444821,444822,444826,4,1
444821,444822,444825,3,1
444821,444824,444825,1,3
444821,444824,444825,1,3
444821,444822,444825,3,1
444821,444822,444826,4,1
444821,444822,444825,3,1
444821,444824,444825,1,3
444821,444822,444826,4,1
444821,444822,444826,4,1
444821,444823,444826,3,2
444401,444402,444826,424,1
444821,444822,444826,4,1
444821,444824,444826,2,3
444821,444824,444826,2,3
444850,444851,444852,1,1
444850,444851,444852,1,1
444850,444851,444853,2,1
444850,444851,444852,1,1
444850,444851,444852,1,1
444850,444851,444853,2,1
444850,444851,444853,2,1
444850,444851,444853,2,1
444850,444851,444852,1,1
444850,444851,444852,1,1
444850,444851,444852,1,1
444850,444851,444852,1,1
444850,444851,444853,2,1
444850,444851,444852,1,1
444850,444851,444852,1,1
444850,444851,444853,2,1
444850,444851,444853,2,1
444850,444851,444852,1,1
444850,444851,444852,1,1
444850,444851,444852,1,1
444850,444851,444852,1,1
444850,444851,444852,1,1
444850,444851,444852,1,1
444850,444851,444853,2,1
444850,444851,444853,2,1
444850,444851,444852,1,1
444850,444851,444852,1,1
444851,444852,444853,1,1
444850,444851,444852,1,1
444850,444851,444852,1,1
444850,444851,444852,1,1
444850,444851,444852,1,1
444850,444851,444852,1,1
444850,444851,444853,2,1
444850,444851,444854,3,1
444850,444851,444854,3,1
444850,444851,444854,3,1
444850,444851,444854,3,1
444850,444851,444853,2,1
444850,444851,444854,3,1
444850,444851,444853,2,1
444850,444851,444853,2,1
444850,444851,444854,3,1
444850,444851,444853,2,1
444850,444851,444853,2,1
444850,444851,444854,3,1
444850,444851,444853,2,1
444850,444851,444854,3,1
444850,444851,444854,3,1
444850,444851,444854,3,1
444850,444851,444853,2,1
444850,444851,444854,3,1
444850,444851,444853,2,1
444850,444851,444854,3,1
444850,444851,444854,3,1
444850,444851,444854,3,1
444850,444851,444854,3,1
444851,444853,444854,1,2
444851,444853,444854,1,2
444851,444853,444854,1,2
444851,444853,444854,1,2
444850,444851,444855,4,1
444851,444853,444854,1,2
444851,444853,444854,1,2
444851,444853,444854,1,2
444851,444853,444854,1,2
444851,444853,444854,1,2
444850,444851,444854,3,1
444851,444853,444854,1,2
444851,444853,444854,1,2
444851,444853,444854,1,2
444851,444853,444854,1,2
444850,444851,444855,4,1
444850,444851,444854,3,1
444851,444853,444855,2,2
444850,444851,444854,3,1
444850,444851,444854,3,1
444851,444854,444855,1,3
444851,444854,444855,1,3
444851,444853,444854,1,2
444851,444853,444854,1,2
444851,444853,444855,2,2
444851,444854,444855,1,3
444851,444854,444855,1,3
444851,444854,444855,1,3
444851,444855,444856,1,4
444501,444502,444856,354,1
444851,444854,444856,2,3
444851,444854,444856,2,3
444851,444854,444856,2,3
444851,444854,444856,2,3
444851,444853,444856,3,2
444851,444853,444856,3,2
444851,444854,444856,2,3
444851,444853,444856,3,2
444851,444853,444855,2,2
444851,444853,444856,3,2
444851,444853,444856,3,2
444851,444854,444856,2,3
444851,444854,444856,2,3
444851,444853,444856,3,2
444851,444853,444856,3,2
444851,444854,444856,2,3
444851,444854,444856,2,3
444851,444854,444855,1,3
444851,444853,444855,2,2
444851,444853,444856,3,2
444851,444853,444856,3,2
444851,444853,444856,3,2
444851,444853,444856,3,2
444851,444853,444856,3,2
444851,444855,444856,1,4
444851,444855,444856,1,4
444851,444855,444856,1,4
444851,444854,444857,3,3
444851,444854,444857,3,3
444851,444854,444857,3,3
444851,444855,444856,1,4
444851,444854,444856,2,3
444851,444854,444856,2,3
444851,444854,444856,2,3
444851,444853,444856,3,2
444851,444855,444857,2,4
444851,444855,444857,2,4
444431,444432,444861,429,1
444870,444870,444871,1,0
444870,444870,444872,2,0
444870,444870,444872,2,0
444870,444870,444872,2,0
444870,444870,444872,2,0
444870,444870,444872,2,0
444870,444870,444872,2,0
444870,444870,444872,2,0
444870,444870,444872,2,0
444870,444870,444872,2,0
444870,444870,444872,2,0
444870,444870,444872,2,0
444870,444870,444872,2,0
444870,444870,444872,2,0
444870,444870,444872,2,0
444870,444870,444872,2,0
444870,444870,444872,2,0
444870,444870,444872,2,0
444870,444870,444872,2,0
444870,444870,444872,2,0
444870,444870,444872,2,0
444870,444870,444872,2,0
444870,444870,444872,2,0
444870,444870,444872,2,0
444870,444870,444873,3,0
444870,444870,444873,3,0
444870,444870,444873,3,0
444870,444870,444873,3,0
444870,444870,444872,2,0
444870,444870,444872,2,0
444870,444870,444872,2,0
444870,444870,444873,3,0
444870,444870,444872,2,0
444870,444870,444873,3,0
444870,444870,444873,3,0
444870,444870,444873,3,0
444870,444870,444873,3,0
444870,444870,444873,3,0
444870,444870,444873,3,0
444870,444870,444872,2,0
444870,444870,444873,3,0
444870,444870,444872,2,0
444870,444870,444873,3,0
444870,444870,444872,2,0
444870,444870,444873,3,0
444870,444870,444873,3,0
444870,444870,444873,3,0
444870,444870,444873,3,0
444870,444870,444874,4,0
444870,444870,444874,4,0
444870,444870,444874,4,0
444870,444870,444874,4,0
444870,444870,444874,4,0
444870,444870,444873,3,0
444870,444870,444874,4,0
444884,444884,444886,2,0
444884,444885,444886,1,1
444884,444884,444886,2,0
444884,444884,444886,2,0
444884,444884,444886,2,0
444884,444884,444886,2,0
444884,444885,444886,1,1
444884,444885,444886,1,1
444884,444884,444886,2,0
444884,444884,444886,2,0
444884,444884,444886,2,0
444884,444885,444886,1,1
444884,444884,444886,2,0
444884,444884,444886,2,0
444884,444884,444886,2,0
444884,444884,444886,2,0
444884,444884,444886,2,0
444884,444885,444886,1,1
444884,444884,444886,2,0
444884,444884,444886,2,0
444884,444884,444886,2,0
444884,444885,444886,1,1
444884,444885,444886,1,1
444884,444885,444886,1,1
444884,444885,444887,2,1
444884,444884,444887,3,0
444884,444884,444887,3,0
444884,444884,444887,3,0
444884,444884,444887,3,0
444884,444884,444887,3,0
444884,444885,444887,2,1
444884,444885,444887,2,1
444884,444885,444887,2,1
444884,444884,444887,3,0
444884,444884,444888,4,0
444884,444884,444887,3,0
444884,444885,444887,2,1
444884,444885,444888,3,1
444884,444885,444887,2,1
444884,444885,444887,2,1
444884,444885,444888,3,1
444884,444885,444887,2,1
444884,444885,444887,2,1
444884,444885,444887,2,1
444884,444884,444887,3,0
444884,444885,444887,2,1
444884,444887,444888,1,3
444884,444884,444888,4,0
444884,444885,444888,3,1
444884,444885,444888,3,1
444884,444885,444888,3,1
444884,444885,444888,3,1
444884,444885,444888,3,1
444884,444885,444888,3,1
444884,444887,444888,1,3
444884,444887,444888,1,3
444884,444887,444888,1,3
444884,444885,444888,3,1
444884,444885,444888,3,1
444870,444888,444890,2,18
444870,444888,444890,2,18
444870,444888,444890,2,18
444870,444888,444890,2,18
444870,444888,444890,2,18
444870,444888,444891,3,18
444536,444537,444891,354,1
444870,444888,444891,3,18
444903,444903,444905,2,0
444903,444903,444905,2,0
444903,444903,444905,2,0
444903,444903,444905,2,0
444903,444903,444905,2,0
444903,444903,444905,2,0
444903,444903,444905,2,0
444903,444903,444905,2,0
444903,444903,444905,2,0
444903,444903,444905,2,0
444903,444903,444905,2,0
444903,444903,444905,2,0
444903,444903,444905,2,0
444903,444903,444905,2,0
444903,444903,444905,2,0
444903,444903,444905,2,0
444903,444903,444905,2,0
444903,444903,444905,2,0
444903,444903,444905,2,0
444903,444903,444905,2,0
444903,444903,444905,2,0
444903,444903,444905,2,0
444903,444903,444905,2,0
444903,444903,444905,2,0
444903,444903,444905,2,0
444903,444903,444905,2,0
444903,444903,444905,2,0
444903,444903,444905,2,0
444903,444903,444905,2,0
444903,444903,444905,2,0
444903,444903,444906,3,0
444903,444903,444906,3,0
444903,444905,444906,1,2
444903,444903,444906,3,0
444903,444903,444906,3,0
444903,444903,444906,3,0
444903,444903,444906,3,0
444903,444903,444906,3,0
444903,444903,444906,3,0
444903,444903,444907,4,0
444903,444903,444906,3,0
444903,444903,444907,4,0
444903,444903,444907,4,0
444903,444903,444906,3,0
444903,444903,444907,4,0
444903,444903,444907,4,0
444903,444903,444907,4,0
444903,444903,444907,4,0
444903,444903,444907,4,0
444903,444903,444907,4,0
444903,444903,444907,4,0
444903,444903,444907,4,0
444903,444903,444907,4,0
444903,444903,444907,4,0
444903,444903,444907,4,0
444903,444903,444907,4,0
444903,444903,444907,4,0
444903,444903,444907,4,0
444903,444903,444907,4,0
444903,444913,444915,2,10
444903,444913,444915,2,10
444903,444913,444915,2,10
444519,444521,444918,397,2
444929,444929,444931,2,0
444929,444929,444930,1,0
444929,444929,444930,1,0
444929,444929,444930,1,0
444929,444929,444931,2,0
444929,444929,444930,1,0
444929,444929,444931,2,0
444929,444929,444930,1,0
444929,444929,444930,1,0
444929,444929,444930,1,0
444929,444929,444930,1,0
444929,444929,444931,2,0
444929,444929,444931,2,0
444929,444929,444931,2,0
444929,444929,444931,2,0
444929,444929,444930,1,0
444929,444929,444930,1,0
444929,444929,444930,1,0
444929,444929,444930,1,0
444929,444929,444931,2,0
444929,444929,444930,1,0
444929,444929,444930,1,0
444929,444929,444930,1,0
444929,444929,444930,1,0
444929,444929,444931,2,0
444929,444929,444931,2,0
444929,444929,444931,2,0
444929,444929,444931,2,0
444929,444929,444931,2,0
444929,444929,444932,3,0
444929,444929,444932,3,0
444929,444929,444932,3,0
444929,444929,444931,2,0
444929,444929,444932,3,0
444929,444929,444932,3,0
444929,444929,444931,2,0
444929,444931,444932,1,2
444929,444931,444932,1,2
444929,444931,444932,1,2
444929,444929,444932,3,0
444929,444929,444932,3,0
444929,444929,444933,4,0
444929,444929,444932,3,0
444929,444929,444933,4,0
444929,444929,444933,4,0
444929,444929,444932,3,0
444929,444929,444933,4,0
444929,444929,444933,4,0
444929,444929,444932,3,0
444929,444929,444932,3,0
444929,444929,444932,3,0
444929,444931,444933,2,2
444929,444931,444934,3,2
444929,444931,444934,3,2
444564,444565,444939,374,1
444929,444942,444943,1,13
444929,444942,444943,1,13
444929,444942,444943,1,13
444929,444942,444943,1,13
444929,444942,444943,1,13
444942,444942,444944,2,0
444942,444942,444944,2,0
444942,444942,444944,2,0
444942,444942,444944,2,0
444942,444942,444944,2,0
444942,444942,444944,2,0
444942,444942,444944,2,0
444942,444942,444944,2,0
444942,444942,444944,2,0
444942,444942,444944,2,0
444942,444942,444944,2,0
444942,444942,444944,2,0
444942,444942,444944,2,0
444942,444942,444944,2,0
444942,444942,444944,2,0
444942,444942,444944,2,0
444942,444942,444944,2,0
444942,444942,444944,2,0
444942,444942,444944,2,0
444942,444942,444944,2,0
444942,444942,444944,2,0
444929,444942,444944,2,13
444942,444944,444945,1,2
444942,444944,444945,1,2
444942,444942,444945,3,0
444942,444942,444945,3,0
444942,444942,444945,3,0
444942,444942,444945,3,0
444942,444942,444945,3,0
444942,444944,444945,1,2
444942,444942,444945,3,0
444942,444942,444945,3,0
444942,444942,444945,3,0
444942,444942,444945,3,0
444942,444942,444945,3,0
444942,444942,444945,3,0
444942,444942,444945,3,0
444942,444942,444945,3,0
444942,444942,444945,3,0
444942,444942,444945,3,0
444942,444942,444945,3,0
444929,444942,444945,3,13
444942,444944,444945,1,2
444942,444944,444945,1,2
444942,444944,444945,1,2
444942,444942,444946,4,0
444942,444942,444946,4,0
444942,444942,444945,3,0
444942,444942,444946,4,0
444942,444942,444946,4,0
444942,444942,444946,4,0
444942,444942,444946,4,0
444942,444942,444946,4,0
444942,444942,444946,4,0
444942,444942,444946,4,0
444942,444942,444946,4,0
444942,444942,444946,4,0
444942,444945,444946,1,3
444627,444628,444947,319,1
444551,444552,444958,406,1
444957,444958,444960,2,1
444957,444958,444959,1,1
444957,444958,444960,2,1
444957,444958,444959,1,1
444957,444958,444959,1,1
444957,444958,444960,2,1
444957,444958,444959,1,1
444957,444958,444959,1,1
444957,444958,444959,1,1
444957,444958,444959,1,1
444957,444958,444960,2,1
444957,444958,444960,2,1
444957,444958,444959,1,1
444957,444958,444959,1,1
444957,444958,444959,1,1
444957,444958,444959,1,1
444957,444958,444959,1,1
444957,444958,444959,1,1
444957,444958,444959,1,1
444957,444958,444960,2,1
444957,444958,444959,1,1
444957,444958,444960,2,1
444957,444958,444960,2,1
444957,444958,444960,2,1
444957,444960,444961,1,3
444957,444960,444961,1,3
444957,444960,444961,1,3
444957,444958,444961,3,1
444957,444958,444960,2,1
444957,444958,444961,3,1
444957,444958,444960,2,1
444957,444958,444961,3,1
444957,444958,444960,2,1
444957,444958,444960,2,1
444957,444958,444960,2,1
444957,444958,444960,2,1
444957,444958,444961,3,1
444957,444958,444960,2,1
444957,444958,444960,2,1
444957,444958,444960,2,1
444960,444960,444961,1,0
444957,444958,444960,2,1
444957,444958,444961,3,1
444957,444958,444962,4,1
444957,444958,444961,3,1
444957,444958,444961,3,1
444957,444958,444961,3,1
444960,444960,444961,1,0
444960,444960,444961,1,0
444957,444958,444962,4,1
444957,444958,444961,3,1
444957,444960,444961,1,3
444960,444960,444961,1,0
444957,444958,444961,3,1
444957,444958,444962,4,1
444957,444958,444962,4,1
444960,444960,444961,1,0
444960,444960,444961,1,0
444957,444958,444961,3,1
444957,444958,444961,3,1
444960,444960,444961,1,0
444960,444960,444961,1,0
444960,444960,444961,1,0
444960,444960,444961,1,0
444957,444958,444961,3,1
444957,444958,444961,3,1
444957,444958,444961,3,1
444960,444960,444962,2,0
444960,444960,444961,1,0
444957,444958,444962,4,1
444957,444958,444961,3,1
444960,444960,444961,1,0
444960,444960,444961,1,0
444960,444960,444961,1,0
444957,444958,444962,4,1
444957,444958,444962,4,1
444960,444960,444961,1,0
444960,444960,444961,1,0
444960,444961,444962,1,1
444960,444961,444962,1,1
444960,444962,444963,1,2
444960,444961,444962,1,1
444960,444961,444963,2,1
444960,444961,444964,3,1
444960,444961,444964,3,1
444960,444961,444964,3,1
444960,444961,444964,3,1
444960,444961,444964,3,1
444960,444962,444964,2,2
444960,444962,444964,2,2
444960,444962,444964,2,2
444960,444962,444964,2,2
444960,444961,444964,3,1
444960,444961,444964,3,1
444960,444962,444964,2,2
444960,444962,444963,1,2
444960,444961,444964,3,1
444960,444961,444964,3,1
444960,444961,444964,3,1
444960,444962,444964,2,2
444960,444962,444964,2,2
444960,444962,444964,2,2
444960,444961,444963,2,1
444960,444962,444964,2,2
444960,444962,444964,2,2
444960,444961,444964,3,1
444960,444961,444964,3,1
444960,444963,444964,1,3
444960,444963,444964,1,3
444960,444963,444964,1,3
444960,444961,444964,3,1
444960,444961,444964,3,1
444960,444962,444964,2,2
444960,444962,444964,2,2
444960,444961,444964,3,1
444960,444962,444964,2,2
444960,444962,444964,2,2
444960,444962,444964,2,2
444960,444962,444965,3,2
444960,444962,444965,3,2
444960,444963,444965,2,3
444960,444962,444965,3,2
444960,444962,444965,3,2
444942,444965,444967,2,23
444942,444965,444966,1,23
444942,444965,444966,1,23
444942,444965,444966,1,23
444942,444965,444968,3,23
444579,444581,445000,419,2
445001,445002,445003,1,1
445001,445002,445003,1,1
445001,445002,445003,1,1
445001,445002,445003,1,1
445001,445002,445003,1,1
445001,445002,445003,1,1
445001,445002,445003,1,1
445001,445002,445004,2,1
445001,445002,445003,1,1
445001,445002,445003,1,1
445001,445002,445003,1,1
445001,445002,445003,1,1
445001,445002,445003,1,1
445001,445002,445003,1,1
445001,445002,445003,1,1
445001,445002,445004,2,1
445001,445002,445003,1,1
445001,445002,445004,2,1
445001,445002,445003,1,1
445001,445002,445003,1,1
445001,445002,445003,1,1
445001,445002,445003,1,1
445001,445002,445003,1,1
445001,445002,445003,1,1
445001,445002,445003,1,1
445001,445002,445004,2,1
445001,445002,445003,1,1
445001,445002,445004,2,1
445001,445002,445004,2,1
445001,445002,445004,2,1
445001,445002,445004,2,1
445001,445002,445005,3,1
445001,445002,445004,2,1
445001,445002,445004,2,1
445001,445002,445004,2,1
445001,445002,445005,3,1
445001,445002,445004,2,1
445001,445002,445004,2,1
445001,445002,445005,3,1
445001,445002,445004,2,1
445001,445002,445005,3,1
445001,445002,445004,2,1
445001,445002,445004,2,1
445001,445002,445005,3,1
445001,445002,445005,3,1
445001,445002,445005,3,1
445001,445002,445005,3,1
445001,445002,445005,3,1
445001,445002,445005,3,1
445001,445002,445005,3,1
445001,445002,445006,4,1
445001,445002,445005,3,1
445001,445002,445005,3,1
445001,445002,445005,3,1
445001,445002,445005,3,1
445001,445002,445005,3,1
445001,445002,445004,2,1
445001,445002,445005,3,1
445001,445002,445005,3,1
445001,445002,445004,2,1
445001,445002,445004,2,1
444692,444696,445021,325,4
444662,444663,445031,368,1
444656,444657,445032,375,1
445036,445036,445037,1,0
445036,445036,445038,2,0
445036,445036,445038,2,0
445036,445036,445038,2,0
445036,445036,445038,2,0
445036,445036,445038,2,0
445036,445036,445038,2,0
445036,445036,445038,2,0
445036,445036,445038,2,0
445036,445036,445038,2,0
445036,445036,445038,2,0
445036,445036,445038,2,0
445036,445036,445038,2,0
445036,445036,445038,2,0
445036,445036,445038,2,0
445036,445036,445038,2,0
445036,445036,445038,2,0
445036,445036,445038,2,0
445036,445036,445038,2,0
445036,445036,445038,2,0
445036,445036,445038,2,0
445036,445036,445038,2,0
445036,445036,445038,2,0
445036,445036,445038,2,0
445036,445036,445038,2,0
445036,445036,445038,2,0
445036,445036,445039,3,0
445036,445037,445039,2,1
445036,445036,445039,3,0
445036,445038,445040,2,2
445036,445036,445039,3,0
445036,445036,445039,3,0
445036,445036,445039,3,0
445036,445036,445040,4,0
445036,445036,445039,3,0
445036,445036,445039,3,0
445036,445036,445039,3,0
445036,445036,445039,3,0
445036,445036,445039,3,0
445036,445036,445039,3,0
445036,445036,445039,3,0
445036,445036,445039,3,0
445036,445036,445039,3,0
445036,445036,445039,3,0
445036,445036,445040,4,0
445036,445036,445039,3,0
445036,445036,445040,4,0
445036,445036,445040,4,0
445036,445036,445040,4,0
445036,445038,445040,2,2
445036,445036,445040,4,0
445036,445036,445040,4,0
445036,445039,445040,1,3
445036,445039,445040,1,3
445036,445036,445040,4,0
445036,445036,445040,4,0
445036,445039,445040,1,3
445036,445039,445040,1,3
445036,445036,445040,4,0
445036,445036,445040,4,0
445036,445039,445040,1,3
445036,445039,445040,1,3
445036,445039,445040,1,3
445036,445036,445040,4,0
445036,445039,445040,1,3
445036,445039,445040,1,3
445036,445039,445040,1,3
445036,445036,445040,4,0
445036,445036,445040,4,0
445036,445039,445040,1,3
445036,445039,445040,1,3
445036,445039,445041,2,3
445036,445036,445040,4,0
445036,445036,445040,4,0
445036,445036,445041,5,0
445036,445036,445040,4,0
445036,445036,445041,5,0
445036,445041,445042,1,5
445036,445041,445042,1,5
445036,445041,445042,1,5
445036,445041,445042,1,5
445036,445041,445042,1,5
445036,445039,445042,3,3
445036,445040,445042,2,4
445036,445040,445041,1,4
445036,445041,445042,1,5
445036,445040,445042,2,4
445036,445041,445042,1,5
445036,445041,445042,1,5
445036,445039,445041,2,3
445036,445040,445042,2,4
445036,445040,445042,2,4
445036,445039,445041,2,3
445036,445039,445041,2,3
445036,445039,445042,3,3
445036,445039,445042,3,3
445036,445040,445042,2,4
445036,445040,445042,2,4
445036,445039,445042,3,3
445036,445040,445042,2,4
445036,445040,445043,3,4
445036,445041,445042,1,5
445036,445041,445042,1,5
445036,445039,445042,3,3
445036,445039,445042,3,3
445036,445040,445043,3,4
445036,445040,445042,2,4
445036,445040,445043,3,4
445036,445040,445043,3,4
445036,445040,445042,2,4
445036,445041,445042,1,5
445036,445041,445042,1,5
445036,445041,445042,1,5
445036,445040,445042,2,4
445038,445041,445042,1,3
445038,445041,445042,1,3
445036,445040,445042,2,4
445036,445040,445042,2,4
445038,445041,445042,1,3
445038,445041,445042,1,3
445038,445041,445042,1,3
445036,445039,445042,3,3
445036,445039,445042,3,3
445038,445041,445042,1,3
445038,445041,445043,2,3
445038,445041,445042,1,3
445038,445041,445042,1,3
445038,445041,445042,1,3
445038,445041,445042,1,3
445038,445041,445042,1,3
445036,445039,445042,3,3
445038,445041,445042,1,3
445038,445041,445042,1,3
445036,445040,445043,3,4
445038,445042,445043,1,4
445038,445042,445044,2,4
445038,445043,445044,1,5
445038,445043,445044,1,5
445038,445043,445044,1,5
445038,445043,445045,2,5
445038,445042,445045,3,4
445038,445042,445045,3,4
445038,445043,445044,1,5
445038,445042,445044,2,4
445038,445042,445044,2,4
445038,445042,445045,3,4
445038,445043,445045,2,5
445038,445043,445045,2,5
445038,445042,445045,3,4
445038,445042,445045,3,4
445038,445042,445045,3,4
445038,445042,445044,2,4
445038,445042,445045,3,4
445038,445042,445045,3,4
445038,445042,445045,3,4
445038,445043,445044,1,5
445038,445043,445045,2,5
445038,445043,445045,2,5
445038,445043,445045,2,5
445038,445043,445045,2,5
445038,445043,445045,2,5
445038,445043,445045,2,5
445038,445042,445045,3,4
445038,445042,445045,3,4
445038,445042,445044,2,4
445038,445043,445044,1,5
445038,445043,445044,1,5
445038,445043,445044,1,5
445038,445043,445044,1,5
445038,445043,445044,1,5
445038,445042,445045,3,4
445038,445042,445044,2,4
445038,445043,445045,2,5
445038,445043,445045,2,5
445038,445042,445045,3,4
445038,445043,445045,2,5
445038,445042,445045,3,4
445038,445042,445045,3,4
445038,445042,445045,3,4
445038,445042,445045,3,4
445036,445036,445059,23,0
445036,445036,445060,24,0
445036,445041,445060,19,5
445038,445042,445060,18,4
444690,444694,445068,374,4
444695,444696,445067,371,1
445080,445080,445081,1,0
445080,445080,445082,2,0
445080,445080,445082,2,0
445080,445080,445082,2,0
445080,445080,445082,2,0
445080,445080,445082,2,0
445080,445080,445082,2,0
445080,445080,445082,2,0
445080,445080,445082,2,0
445080,445080,445082,2,0
445080,445080,445082,2,0
445080,445080,445082,2,0
445080,445080,445082,2,0
445080,445080,445082,2,0
445080,445080,445082,2,0
445080,445080,445082,2,0
445080,445080,445082,2,0
445080,445080,445082,2,0
445080,445080,445082,2,0
445080,445080,445082,2,0
445080,445081,445083,2,1
445080,445081,445083,2,1
445080,445081,445082,1,1
445080,445080,445083,3,0
445080,445080,445083,3,0
445080,445081,445082,1,1
445080,445081,445082,1,1
445080,445081,445082,1,1
445080,445081,445082,1,1
445080,445080,445083,3,0
445080,445080,445083,3,0
445080,445080,445083,3,0
445080,445080,445082,2,0
445080,445080,445083,3,0
445080,445080,445083,3,0
445080,445080,445083,3,0
445080,445080,445082,2,0
445080,445080,445082,2,0
445080,445080,445083,3,0
445080,445080,445083,3,0
445080,445080,445083,3,0
445080,445080,445083,3,0
445080,445080,445083,3,0
445080,445080,445083,3,0
445080,445080,445084,4,0
445080,445080,445083,3,0
445080,445081,445084,3,1
445080,445080,445084,4,0
445080,445080,445083,3,0
445080,445080,445083,3,0
445080,445080,445084,4,0
445080,445080,445083,3,0
445080,445080,445084,4,0
445080,445080,445084,4,0
445080,445080,445084,4,0
445080,445080,445083,3,0
445080,445080,445084,4,0
445080,445080,445084,4,0
445080,445080,445084,4,0
445086,445086,445088,2,0
445086,445086,445088,2,0
445086,445086,445087,1,0
445086,445086,445088,2,0
445086,445086,445088,2,0
445086,445086,445087,1,0
445086,445086,445088,2,0
445086,445086,445088,2,0
445086,445086,445088,2,0
445086,445086,445087,1,0
445086,445086,445088,2,0
445086,445086,445087,1,0
445086,445086,445088,2,0
445086,445086,445088,2,0
445086,445086,445087,1,0
445086,445086,445088,2,0
445086,445086,445088,2,0
445086,445086,445088,2,0
445086,445086,445088,2,0
445086,445086,445088,2,0
445086,445086,445088,2,0
445086,445086,445088,2,0
445086,445086,445089,3,0
445086,445086,445088,2,0
445086,445088,445089,1,2
445086,445086,445088,2,0
445086,445086,445089,3,0
445086,445086,445089,3,0
445086,445086,445088,2,0
445086,445086,445089,3,0
445086,445086,445088,2,0
445086,445086,445088,2,0
445086,445086,445089,3,0
445086,445086,445088,2,0
445086,445086,445089,3,0
445086,445086,445088,2,0
445086,445086,445089,3,0
445086,445086,445088,2,0
445086,445088,445089,1,2
445086,445086,445090,4,0
445086,445086,445090,4,0
445086,445086,445090,4,0
445086,445086,445089,3,0
445086,445086,445089,3,0
445086,445086,445089,3,0
445086,445086,445089,3,0
445086,445086,445089,3,0
445086,445086,445089,3,0
445086,445086,445090,4,0
445086,445086,445089,3,0
445086,445086,445089,3,0
445086,445086,445089,3,0
445086,445086,445089,3,0
445086,445086,445089,3,0
445086,445086,445090,4,0
445086,445086,445089,3,0
445086,445086,445090,4,0
445086,445088,445089,1,2
445080,445081,445084,3,1
445080,445081,445084,3,1
445080,445081,445083,2,1
445086,445097,445099,2,11
445086,445097,445100,3,11
445086,445097,445101,4,11
444744,444746,445104,358,2
445108,445109,445110,1,1
445108,445109,445110,1,1
445108,445109,445111,2,1
445108,445109,445111,2,1
445108,445109,445110,1,1
445108,445109,445111,2,1
445108,445109,445110,1,1
445108,445109,445111,2,1
445108,445109,445110,1,1
445108,445109,445110,1,1
445108,445109,445110,1,1
445108,445109,445110,1,1
445108,445109,445111,2,1
445108,445109,445111,2,1
445108,445109,445110,1,1
445108,445109,445110,1,1
445108,445109,445110,1,1
445108,445109,445111,2,1
445108,445109,445110,1,1
445108,445109,445110,1,1
445108,445109,445110,1,1
445108,445109,445110,1,1
445108,445109,445111,2,1
445108,445109,445111,2,1
445108,445109,445111,2,1
445108,445109,445111,2,1
445108,445109,445111,2,1
445108,445109,445111,2,1
445108,445109,445112,3,1
445108,445109,445112,3,1
445108,445109,445112,3,1
445108,445109,445112,3,1
445108,445109,445111,2,1
445108,445109,445112,3,1
445108,445109,445111,2,1
445108,445109,445111,2,1
445108,445109,445112,3,1
445108,445109,445112,3,1
445108,445109,445111,2,1
445108,445109,445112,3,1
445108,445109,445113,4,1
445108,445109,445113,4,1
445108,445109,445113,4,1
445108,445109,445112,3,1
445108,445109,445112,3,1
445108,445109,445112,3,1
445108,445109,445113,4,1
445108,445109,445113,4,1
445108,445109,445112,3,1
445108,445109,445112,3,1
445108,445109,445112,3,1
445108,445109,445112,3,1
445108,445109,445112,3,1
445108,445109,445112,3,1
445108,445109,445112,3,1
445108,445109,445112,3,1
445108,445109,445113,4,1
445108,445109,445115,6,1
445108,445109,445116,7,1
445108,445109,445117,8,1
445108,445109,445118,9,1
444818,444821,445164,343,3
445167,445167,445168,1,0
445167,445167,445168,1,0
445167,445167,445168,1,0
445167,445167,445168,1,0
445167,445167,445169,2,0
445167,445167,445168,1,0
445167,445167,445168,1,0
445167,445167,445169,2,0
445167,445167,445168,1,0
445167,445167,445168,1,0
445167,445167,445169,2,0
445167,445167,445169,2,0
445167,445167,445168,1,0
445167,445167,445169,2,0
445167,445167,445169,2,0
445167,445167,445169,2,0
445167,445167,445169,2,0
445167,445167,445168,1,0
445167,445167,445169,2,0
445167,445167,445169,2,0
445167,445167,445168,1,0
445167,445167,445169,2,0
445167,445168,445169,1,1
445167,445168,445169,1,1
445167,445167,445169,2,0
445167,445167,445170,3,0
445167,445167,445169,2,0
445167,445167,445170,3,0
445167,445167,445169,2,0
445167,445167,445170,3,0
445167,445167,445169,2,0
445167,445167,445170,3,0
445167,445167,445170,3,0
445167,445167,445169,2,0
445167,445167,445170,3,0
445167,445167,445170,3,0
445167,445167,445170,3,0
445167,445167,445169,2,0
445167,445167,445169,2,0
445167,445167,445169,2,0
445167,445167,445170,3,0
445167,445167,445170,3,0
445167,445167,445170,3,0
445167,445167,445170,3,0
445167,445167,445169,2,0
445167,445167,445170,3,0
445167,445168,445170,2,1
445167,445167,445170,3,0
445167,445167,445171,4,0
445167,445167,445170,3,0
445167,445167,445170,3,0
445167,445167,445170,3,0
445167,445167,445170,3,0
445167,445167,445170,3,0
445167,445167,445170,3,0
445167,445167,445170,3,0
445167,445167,445170,3,0
445167,445167,445170,3,0
445167,445167,445170,3,0
445167,445167,445170,3,0
445167,445167,445170,3,0
444801,444802,445185,383,1
445186,445187,445188,1,1
445186,445187,445188,1,1
445186,445187,445189,2,1
445186,445187,445188,1,1
445186,445187,445189,2,1
445186,445187,445188,1,1
445186,445187,445188,1,1
445186,445187,445189,2,1
445186,445187,445189,2,1
445186,445187,445189,2,1
445186,445187,445188,1,1
445186,445187,445188,1,1
445186,445187,445189,2,1
445186,445187,445188,1,1
445186,445187,445188,1,1
445186,445187,445188,1,1
445186,445187,445189,2,1
445186,445187,445189,2,1
445186,445187,445188,1,1
445186,445187,445188,1,1
445186,445187,445188,1,1
445186,445187,445188,1,1
445186,445187,445189,2,1
445186,445187,445188,1,1
445186,445187,445189,2,1
445186,445187,445189,2,1
445186,445187,445189,2,1
445186,445187,445189,2,1
445186,445187,445190,3,1
445186,445187,445190,3,1
445186,445187,445189,2,1
445186,445187,445190,3,1
445186,445187,445189,2,1
445186,445187,445190,3,1
445186,445187,445189,2,1
445186,445187,445189,2,1
445186,445187,445189,2,1
445186,445187,445190,3,1
445186,445187,445190,3,1
445186,445187,445189,2,1
445186,445187,445190,3,1
445186,445187,445190,3,1
445186,445187,445190,3,1
445186,445187,445190,3,1
445186,445187,445190,3,1
445186,445187,445190,3,1
445186,445187,445190,3,1
445186,445187,445191,4,1
445186,445187,445191,4,1
445186,445187,445190,3,1
445186,445187,445190,3,1
445186,445187,445191,4,1
445186,445187,445190,3,1
445186,445187,445190,3,1
445186,445187,445190,3,1
445186,445187,445191,4,1
445186,445187,445190,3,1
445186,445187,445191,4,1
445186,445187,445190,3,1
445186,445187,445191,4,1
445186,445187,445190,3,1
444820,444821,445204,383,1
445206,445206,445207,1,0
445206,445206,445207,1,0
445206,445206,445207,1,0
445206,445206,445208,2,0
445206,445206,445207,1,0
445206,445206,445208,2,0
445206,445206,445208,2,0
445206,445206,445208,2,0
445206,445206,445207,1,0
445206,445206,445208,2,0
445206,445206,445207,1,0
445206,445206,445207,1,0
445206,445206,445207,1,0
445206,445206,445208,2,0
445206,445206,445207,1,0
445206,445206,445208,2,0
445206,445206,445208,2,0
445206,445206,445208,2,0
445206,445206,445207,1,0
445206,445206,445208,2,0
445206,445206,445208,2,0
445206,445206,445208,2,0
445206,445206,445208,2,0
445206,445206,445208,2,0
445206,445206,445208,2,0
445206,445206,445208,2,0
445206,445206,445209,3,0
445206,445206,445209,3,0
445206,445206,445209,3,0
445206,445206,445209,3,0
445206,445206,445209,3,0
445206,445206,445209,3,0
445206,445206,445209,3,0
445206,445206,445209,3,0
445206,445206,445209,3,0
445206,445206,445209,3,0
445206,445206,445209,3,0
445206,445206,445208,2,0
445206,445206,445208,2,0
445206,445206,445209,3,0
445206,445206,445208,2,0
445206,445206,445209,3,0
445206,445206,445209,3,0
445206,445206,445209,3,0
445206,445206,445208,2,0
445206,445206,445209,3,0
445206,445206,445208,2,0
445206,445206,445209,3,0
445206,445206,445208,2,0
445206,445206,445210,4,0
444822,444824,445210,386,2
445206,445206,445209,3,0
445206,445206,445209,3,0
445206,445206,445209,3,0
445206,445206,445210,4,0
445206,445207,445209,2,1
445206,445206,445210,4,0
445206,445206,445210,4,0
445206,445206,445211,5,0
445212,445212,445214,2,0
445212,445212,445214,2,0
445212,445212,445214,2,0
445212,445212,445213,1,0
445212,445212,445214,2,0
445212,445212,445214,2,0
445212,445212,445213,1,0
445212,445212,445214,2,0
445212,445212,445213,1,0
445212,445212,445214,2,0
445212,445212,445213,1,0
445212,445212,445214,2,0
445212,445212,445213,1,0
445212,445212,445213,1,0
445212,445212,445214,2,0
445212,445212,445213,1,0
445212,445212,445214,2,0
445212,445212,445214,2,0
445212,445212,445214,2,0
445212,445212,445213,1,0
445212,445212,445214,2,0
445212,445212,445213,1,0
445212,445212,445214,2,0
445212,445212,445213,1,0
445212,445212,445213,1,0
445212,445212,445214,2,0
445212,445212,445214,2,0
445212,445212,445214,2,0
445212,445212,445214,2,0
445212,445212,445215,3,0
445212,445212,445214,2,0
445212,445212,445215,3,0
445212,445212,445215,3,0
445212,445212,445215,3,0
445212,445212,445215,3,0
445212,445212,445214,2,0
445212,445212,445214,2,0
445212,445212,445215,3,0
445212,445212,445215,3,0
445212,445212,445215,3,0
445212,445212,445214,2,0
445212,445212,445215,3,0
445212,445212,445214,2,0
445212,445214,445215,1,2
445212,445212,445215,3,0
445212,445212,445214,2,0
445212,445214,445215,1,2
445212,445212,445215,3,0
445212,445212,445215,3,0
445212,445212,445215,3,0
445212,445212,445216,4,0
445212,445212,445216,4,0
445212,445212,445215,3,0
445212,445212,445215,3,0
445212,445212,445215,3,0
445212,445212,445215,3,0
445212,445212,445216,4,0
445212,445212,445216,4,0
445212,445212,445215,3,0
445212,445214,445217,3,2
445206,445207,445211,4,1
445206,445207,445210,3,1
445206,445207,445213,6,1
445212,445223,445224,1,11
444886,444887,445237,350,1
444852,444855,445248,393,3
445248,445248,445250,2,0
445248,445248,445250,2,0
445248,445248,445250,2,0
445248,445248,445250,2,0
445248,445249,445250,1,1
445248,445248,445250,2,0
445248,445248,445250,2,0
445248,445249,445250,1,1
445248,445248,445250,2,0
445248,445248,445250,2,0
445248,445248,445250,2,0
445248,445249,445250,1,1
445248,445248,445250,2,0
445248,445248,445250,2,0
445248,445249,445250,1,1
445248,445248,445250,2,0
445248,445248,445250,2,0
445248,445248,445250,2,0
445248,445248,445250,2,0
445248,445248,445250,2,0
445248,445248,445250,2,0
445248,445249,445250,1,1
445248,445248,445250,2,0
445248,445248,445250,2,0
445248,445248,445250,2,0
445248,445249,445250,1,1
445248,445248,445250,2,0
445248,445249,445251,2,1
445248,445249,445251,2,1
445248,445249,445250,1,1
445250,445250,445251,1,0
445250,445250,445251,1,0
445248,445248,445251,3,0
445248,445249,445251,2,1
445248,445249,445251,2,1
445248,445248,445251,3,0
445248,445248,445251,3,0
445248,445248,445251,3,0
445248,445249,445251,2,1
445248,445248,445251,3,0
445248,445249,445251,2,1
445248,445249,445251,2,1
445248,445249,445251,2,1
445248,445248,445251,3,0
445248,445248,445251,3,0
445248,445248,445251,3,0
445248,445248,445252,4,0
445248,445249,445251,2,1
445248,445249,445251,2,1
445248,445249,445252,3,1
445248,445249,445252,3,1
445248,445249,445251,2,1
445248,445248,445252,4,0
445248,445249,445252,3,1
445248,445248,445252,4,0
445248,445248,445252,4,0
444871,444871,445252,381,0
445248,445249,445252,3,1
445248,445249,445252,3,1
445248,445248,445252,4,0
445250,445251,445252,1,1
445250,445251,445252,1,1
445250,445251,445252,1,1
445248,445249,445252,3,1
445250,445251,445252,1,1
445250,445251,445252,1,1
445250,445251,445252,1,1
445248,445249,445252,3,1
445250,445251,445252,1,1
445250,445251,445252,1,1
445250,445251,445252,1,1
445250,445251,445252,1,1
445248,445249,445252,3,1
445250,445251,445252,1,1
445250,445251,445252,1,1
445250,445251,445252,1,1
445248,445249,445252,3,1
445250,445251,445252,1,1
445250,445251,445252,1,1
445250,445251,445253,2,1
445250,445251,445253,2,1
445250,445252,445253,1,2
445250,445253,445254,1,3
445250,445253,445254,1,3
445250,445253,445254,1,3
445250,445253,445254,1,3
445250,445252,445254,2,2
445250,445252,445254,2,2
445250,445251,445254,3,1
445250,445251,445254,3,1
445250,445252,445254,2,2
445250,445252,445254,2,2
445250,445252,445253,1,2
445250,445251,445254,3,1
445250,445252,445254,2,2
445250,445251,445254,3,1
445250,445251,445254,3,1
445250,445251,445254,3,1
445250,445251,445254,3,1
445250,445251,445254,3,1
445250,445251,445254,3,1
445250,445252,445253,1,2
445250,445252,445254,2,2
445250,445252,445254,2,2
445250,445253,445254,1,3
445250,445252,445254,2,2
445250,445252,445254,2,2
445250,445252,445254,2,2
445250,445252,445254,2,2
445250,445251,445254,3,1
445250,445252,445254,2,2
445250,445252,445254,2,2
445250,445252,445254,2,2
445250,445252,445255,3,2
445250,445252,445255,3,2
445250,445252,445255,3,2
445250,445251,445252,1,1
445250,445251,445253,2,1
445250,445251,445253,2,1
445250,445265,445266,1,15
445250,445265,445266,1,15
445266,445267,445268,1,1
445266,445267,445268,1,1
445266,445267,445268,1,1
445266,445267,445268,1,1
445266,445267,445268,1,1
445266,445267,445268,1,1
445266,445267,445268,1,1
445266,445267,445268,1,1
445266,445267,445269,2,1
445266,445267,445269,2,1
445266,445267,445268,1,1
445266,445267,445268,1,1
445266,445267,445268,1,1
445266,445267,445268,1,1
445266,445267,445268,1,1
445266,445267,445268,1,1
445266,445267,445268,1,1
445266,445267,445268,1,1
445266,445267,445268,1,1
445266,445267,445268,1,1
445266,445267,445268,1,1
445266,445267,445268,1,1
445266,445267,445269,2,1
445266,445267,445268,1,1
445266,445267,445268,1,1
445266,445267,445268,1,1
445266,445267,445268,1,1
445266,445267,445268,1,1
445266,445267,445269,2,1
445266,445267,445269,2,1
445266,445267,445270,3,1
445266,445267,445269,2,1
445266,445267,445270,3,1
445266,445267,445270,3,1
445266,445267,445269,2,1
445266,445267,445269,2,1
445266,445267,445269,2,1
445266,445267,445270,3,1
445266,445267,445269,2,1
445266,445267,445270,3,1
445266,445267,445270,3,1
445266,445267,445269,2,1
445266,445267,445269,2,1
445266,445267,445270,3,1
445266,445267,445269,2,1
445266,445267,445269,2,1
445266,445267,445269,2,1
445266,445267,445269,2,1
445266,445267,445270,3,1
445266,445267,445269,2,1
445266,445267,445269,2,1
445266,445267,445270,3,1
445266,445267,445269,2,1
445266,445267,445270,3,1
445266,445267,445270,3,1
445266,445267,445270,3,1
445266,445267,445270,3,1
445266,445267,445270,3,1
445266,445267,445270,3,1
445266,445267,445270,3,1
445266,445267,445270,3,1
444888,444888,445292,404,0
445294,445294,445296,2,0
445294,445294,445296,2,0
445294,445294,445296,2,0
445294,445294,445295,1,0
445294,445294,445296,2,0
445294,445294,445296,2,0
445294,445294,445296,2,0
445294,445294,445296,2,0
445294,445294,445295,1,0
445294,445294,445296,2,0
445294,445294,445295,1,0
445294,445294,445295,1,0
445294,445294,445296,2,0
445294,445294,445296,2,0
445294,445294,445295,1,0
445294,445294,445296,2,0
445294,445294,445296,2,0
445294,445294,445296,2,0
445294,445294,445296,2,0
445294,445294,445296,2,0
445294,445294,445296,2,0
445294,445294,445296,2,0
445294,445294,445296,2,0
445294,445294,445296,2,0
445294,445294,445296,2,0
445294,445294,445296,2,0
445294,445294,445297,3,0
445294,445294,445297,3,0
445294,445294,445296,2,0
445294,445294,445297,3,0
445294,445294,445296,2,0
445294,445294,445297,3,0
445294,445294,445297,3,0
445294,445294,445297,3,0
445294,445294,445297,3,0
445294,445294,445297,3,0
445294,445294,445297,3,0
445294,445294,445297,3,0
445294,445294,445297,3,0
445294,445294,445297,3,0
445294,445294,445296,2,0
445294,445294,445297,3,0
445294,445294,445297,3,0
445294,445294,445297,3,0
445294,445294,445297,3,0
445294,445294,445297,3,0
445294,445294,445297,3,0
445294,445294,445297,3,0
445294,445294,445297,3,0
445294,445294,445297,3,0
445294,445294,445297,3,0
445294,445294,445297,3,0
445294,445294,445298,4,0
445294,445294,445297,3,0
445294,445294,445298,4,0
445294,445294,445298,4,0
445294,445294,445298,4,0
444961,444962,445304,342,1
445306,445306,445308,2,0
445306,445306,445308,2,0
445306,445306,445307,1,0
445306,445306,445307,1,0
445306,445306,445307,1,0
445306,445306,445307,1,0
445306,445306,445308,2,0
445306,445306,445307,1,0
445306,445306,445307,1,0
445306,445306,445308,2,0
445306,445306,445307,1,0
445306,445306,445307,1,0
445306,445306,445308,2,0
445306,445306,445307,1,0
445306,445306,445307,1,0
445306,445306,445307,1,0
445306,445306,445308,2,0
445306,445306,445308,2,0
445306,445306,445308,2,0
445306,445306,445308,2,0
445306,445306,445307,1,0
445306,445306,445308,2,0
445306,445306,445307,1,0
445306,445306,445307,1,0
445306,445306,445308,2,0
445306,445306,445308,2,0
445306,445306,445309,3,0
445306,445306,445308,2,0
445306,445306,445309,3,0
445306,445306,445308,2,0
445306,445306,445309,3,0
445306,445306,445309,3,0
445306,445306,445309,3,0
445306,445306,445308,2,0
445306,445306,445308,2,0
445306,445306,445309,3,0
445306,445306,445308,2,0
445306,445308,445309,1,2
445306,445308,445309,1,2
445306,445306,445309,3,0
445306,445306,445309,3,0
445306,445306,445309,3,0
445306,445306,445309,3,0
445306,445306,445309,3,0
445306,445306,445309,3,0
445306,445306,445309,3,0
445306,445308,445309,1,2
445306,445308,445309,1,2
445306,445306,445309,3,0
445306,445306,445309,3,0
445306,445306,445309,3,0
445306,445306,445309,3,0
445306,445306,445310,4,0
445306,445306,445309,3,0
445306,445306,445310,4,0
445306,445306,445309,3,0
445306,445306,445310,4,0
444943,444945,445311,366,2
445312,445312,445314,2,0
445312,445312,445314,2,0
445312,445312,445314,2,0
445312,445312,445314,2,0
445312,445312,445313,1,0
445312,445312,445314,2,0
445312,445312,445314,2,0
445312,445312,445314,2,0
445312,445312,445314,2,0
445312,445312,445314,2,0
445312,445312,445314,2,0
445312,445312,445314,2,0
445312,445312,445314,2,0
445312,445312,445314,2,0
445312,445312,445314,2,0
445312,445312,445314,2,0
445312,445312,445314,2,0
445312,445312,445314,2,0
445312,445312,445314,2,0
445312,445312,445314,2,0
445312,445312,445313,1,0
445312,445312,445314,2,0
445312,445312,445314,2,0
445312,445312,445315,3,0
445312,445314,445315,1,2
445312,445312,445315,3,0
445312,445312,445315,3,0
445312,445312,445315,3,0
445312,445312,445315,3,0
445312,445312,445314,2,0
445312,445312,445315,3,0
445312,445312,445315,3,0
445312,445312,445314,2,0
445312,445312,445315,3,0
445312,445312,445315,3,0
445312,445312,445315,3,0
445312,445314,445315,1,2
445312,445312,445314,2,0
445312,445312,445315,3,0
445312,445312,445315,3,0
445312,445314,445315,1,2
445312,445312,445315,3,0
445312,445312,445315,3,0
445312,445312,445315,3,0
445312,445314,445315,1,2
445312,445314,445315,1,2
445312,445312,445316,4,0
445312,445312,445315,3,0
445312,445314,445315,1,2
445312,445312,445315,3,0
445312,445312,445315,3,0
445312,445314,445315,1,2
445312,445314,445315,1,2
445312,445312,445315,3,0
445312,445312,445316,4,0
445312,445312,445316,4,0
445312,445312,445316,4,0
445312,445312,445315,3,0
445312,445312,445315,3,0
445312,445312,445316,4,0
444904,444906,445317,411,2
445294,445317,445319,2,23
445294,445317,445318,1,23
445294,445317,445318,1,23
445318,445318,445320,2,0
445318,445319,445320,1,1
445318,445319,445320,1,1
445318,445318,445320,2,0
445318,445318,445320,2,0
445318,445318,445320,2,0
445318,445318,445320,2,0
445294,445317,445320,3,23
445318,445319,445320,1,1
445318,445319,445320,1,1
445318,445318,445320,2,0
445318,445318,445320,2,0
445318,445318,445320,2,0
445318,445318,445320,2,0
445318,445318,445320,2,0
445318,445318,445320,2,0
445318,445318,445320,2,0
445318,445318,445320,2,0
445318,445319,445320,1,1
445318,445318,445320,2,0
445318,445318,445320,2,0
445318,445318,445320,2,0
445318,445319,445320,1,1
445318,445318,445321,3,0
445318,445318,445321,3,0
445318,445318,445320,2,0
445318,445318,445321,3,0
445318,445318,445321,3,0
445318,445320,445321,1,2
445318,445318,445321,3,0
445318,445319,445321,2,1
445318,445319,445321,2,1
445318,445319,445321,2,1
445318,445318,445321,3,0
445318,445318,445321,3,0
445318,445318,445321,3,0
445318,445318,445321,3,0
445318,445318,445321,3,0
445318,445318,445321,3,0
445318,445318,445322,4,0
445318,445319,445321,2,1
445318,445318,445321,3,0
445318,445318,445321,3,0
445318,445318,445321,3,0
445318,445318,445321,3,0
445318,445318,445321,3,0
445318,445321,445322,1,3
445318,445318,445322,4,0
445318,445318,445322,4,0
445318,445318,445322,4,0
445318,445319,445322,3,1
445318,445319,445322,3,1
445318,445318,445322,4,0
445318,445318,445322,4,0
445318,445318,445322,4,0
445318,445318,445322,4,0
445318,445318,445322,4,0
445318,445318,445322,4,0
445318,445321,445322,1,3
444930,444931,445325,394,1
444959,444960,445327,367,1
445306,445325,445327,2,19
445306,445325,445326,1,19
445306,445325,445328,3,19
445306,445325,445327,2,19
445312,445312,445332,20,0
445345,445346,445347,1,1
445345,445346,445347,1,1
445345,445346,445348,2,1
445345,445346,445348,2,1
445345,445346,445347,1,1
445345,445346,445347,1,1
445345,445346,445347,1,1
445345,445346,445347,1,1
445345,445346,445347,1,1
445345,445346,445347,1,1
445345,445346,445348,2,1
445345,445346,445347,1,1
445345,445346,445347,1,1
445345,445346,445347,1,1
445345,445346,445347,1,1
445345,445346,445347,1,1
445345,445346,445348,2,1
445345,445346,445348,2,1
445345,445346,445347,1,1
445345,445346,445347,1,1
445345,445346,445347,1,1
445345,445346,445348,2,1
445345,445346,445347,1,1
445345,445346,445347,1,1
445345,445346,445348,2,1
445345,445346,445348,2,1
445345,445346,445348,2,1
445345,445346,445348,2,1
445345,445346,445348,2,1
445345,445346,445348,2,1
445345,445346,445349,3,1
445345,445346,445348,2,1
445345,445346,445348,2,1
445345,445346,445349,3,1
445345,445346,445349,3,1
445345,445346,445348,2,1
445345,445346,445348,2,1
445345,445346,445348,2,1
445345,445346,445349,3,1
445345,445346,445349,3,1
445345,445346,445349,3,1
445345,445346,445349,3,1
445345,445346,445349,3,1
445345,445346,445349,3,1
445345,445346,445349,3,1
445345,445346,445349,3,1
445345,445346,445350,4,1
445345,445346,445349,3,1
445345,445346,445349,3,1
445345,445346,445349,3,1
445345,445346,445349,3,1
445345,445346,445349,3,1
445345,445346,445349,3,1
445345,445346,445349,3,1
445345,445346,445349,3,1
445345,445348,445350,2,3
445345,445348,445349,1,3
445345,445348,445350,2,3
445345,445348,445351,3,3
445352,445352,445353,1,0
445352,445352,445354,2,0
445352,445352,445354,2,0
445352,445352,445353,1,0
445352,445352,445354,2,0
445352,445352,445354,2,0
445352,445352,445354,2,0
445352,445352,445354,2,0
445352,445352,445353,1,0
445352,445352,445354,2,0
445352,445352,445353,1,0
445352,445352,445353,1,0
445352,445352,445354,2,0
445352,445352,445353,1,0
445352,445352,445353,1,0
445352,445352,445354,2,0
445352,445352,445353,1,0
445352,445352,445353,1,0
445352,445352,445353,1,0
445352,445352,445354,2,0
445352,445352,445353,1,0
445352,445352,445353,1,0
445352,445352,445353,1,0
445352,445352,445354,2,0
445352,445352,445355,3,0
445352,445352,445355,3,0
445352,445352,445354,2,0
445352,445352,445354,2,0
445352,445354,445355,1,2
445352,445352,445354,2,0
445352,445352,445354,2,0
445352,445352,445355,3,0
445352,445352,445355,3,0
445352,445352,445355,3,0
445352,445352,445354,2,0
445352,445352,445354,2,0
445352,445352,445354,2,0
445352,445352,445354,2,0
445352,445352,445354,2,0
445352,445352,445355,3,0
445352,445352,445355,3,0
445352,445352,445354,2,0
445352,445352,445354,2,0
445352,445352,445355,3,0
445352,445352,445355,3,0
445352,445352,445355,3,0
445352,445352,445355,3,0
445352,445352,445355,3,0
445352,445352,445355,3,0
445352,445352,445355,3,0
445352,445352,445355,3,0
445352,445352,445356,4,0
445352,445354,445355,1,2
445352,445354,445355,1,2
445352,445352,445355,3,0
445352,445352,445355,3,0
445352,445352,445355,3,0
445345,445346,445349,3,1
445345,445346,445349,3,1
445345,445346,445349,3,1
445352,445370,445371,1,18
445352,445370,445371,1,18
445352,445370,445371,1,18
445352,445370,445373,3,18
445042,445043,445386,343,1
445390,445391,445392,1,1
445390,445391,445392,1,1
445390,445391,445392,1,1
445390,445391,445392,1,1
445390,445391,445392,1,1
445390,445391,445392,1,1
445390,445391,445393,2,1
445390,445391,445392,1,1
445390,445391,445392,1,1
445390,445391,445392,1,1
445390,445391,445392,1,1
445390,445391,445392,1,1
445390,445391,445392,1,1
445390,445391,445392,1,1
445390,445391,445392,1,1
445390,445391,445392,1,1
445390,445391,445392,1,1
445390,445391,445392,1,1
445390,445391,445392,1,1
445390,445391,445392,1,1
445390,445391,445392,1,1
445390,445391,445392,1,1
445390,445391,445393,2,1
445390,445391,445393,2,1
445390,445391,445393,2,1
445390,445391,445393,2,1
445390,445391,445394,3,1
445390,445391,445393,2,1
445390,445391,445393,2,1
445390,445391,445393,2,1
445390,445391,445393,2,1
445390,445391,445393,2,1
445390,445391,445393,2,1
445390,445391,445393,2,1
445390,445391,445393,2,1
445390,445391,445393,2,1
445390,445391,445393,2,1
445390,445391,445394,3,1
445390,445391,445393,2,1
445390,445391,445394,3,1
445390,445391,445394,3,1
445390,445391,445394,3,1
445390,445391,445394,3,1
445390,445391,445394,3,1
445390,445391,445394,3,1
445390,445391,445394,3,1
445390,445391,445395,4,1
445390,445391,445394,3,1
445390,445391,445394,3,1
445390,445391,445394,3,1
445390,445391,445394,3,1
445390,445391,445394,3,1
445390,445391,445394,3,1
445390,445391,445394,3,1
445390,445391,445395,4,1
445390,445391,445398,7,1
445390,445411,445412,1,21
445390,445411,445412,1,21
445390,445411,445412,1,21
445390,445411,445414,3,21
445390,445411,445413,2,21
445003,445004,445432,428,1
445434,445435,445437,2,1
445434,445435,445436,1,1
445434,445435,445436,1,1
445434,445435,445436,1,1
445434,445435,445436,1,1
445434,445435,445437,2,1
445434,445435,445437,2,1
445434,445435,445436,1,1
445434,445435,445437,2,1
445434,445435,445437,2,1
445434,445435,445436,1,1
445434,445435,445436,1,1
445434,445435,445436,1,1
445434,445435,445436,1,1
445434,445435,445436,1,1
445434,445435,445436,1,1
445434,445435,445436,1,1
445434,445435,445436,1,1
445434,445435,445437,2,1
445434,445435,445436,1,1
445434,445435,445436,1,1
445434,445435,445436,1,1
445434,445435,445437,2,1
445434,445435,445437,2,1
445434,445435,445436,1,1
445434,445435,445436,1,1
445434,445435,445437,2,1
445434,445435,445437,2,1
445434,445435,445437,2,1
445434,445435,445437,2,1
445434,445435,445437,2,1
445434,445435,445437,2,1
445434,445435,445437,2,1
445434,445435,445438,3,1
445434,445435,445437,2,1
445434,445435,445437,2,1
445434,445435,445437,2,1
445434,445435,445438,3,1
445434,445435,445437,2,1
445434,445435,445437,2,1
445434,445435,445437,2,1
445434,445435,445437,2,1
445434,445435,445438,3,1
445434,445435,445438,3,1
445434,445435,445438,3,1
445434,445435,445438,3,1
445434,445435,445437,2,1
445434,445435,445439,4,1
445434,445435,445438,3,1
445434,445435,445438,3,1
445434,445435,445438,3,1
445434,445435,445438,3,1
445434,445435,445438,3,1
445434,445435,445438,3,1
445434,445435,445438,3,1
445434,445435,445438,3,1
445434,445435,445439,4,1
445434,445435,445439,4,1
445434,445435,445438,3,1
445434,445435,445438,3,1
445434,445435,445438,3,1
445037,445041,445454,413,4
445040,445043,445457,414,3
445456,445456,445458,2,0
445456,445456,445458,2,0
445456,445457,445458,1,1
445456,445457,445458,1,1
445456,445456,445458,2,0
445456,445456,445458,2,0
445456,445456,445458,2,0
445456,445456,445458,2,0
445456,445456,445458,2,0
445456,445456,445458,2,0
445456,445456,445458,2,0
445456,445456,445458,2,0
445456,445456,445458,2,0
445456,445456,445458,2,0
445456,445456,445458,2,0
445456,445456,445458,2,0
445456,445456,445458,2,0
445456,445456,445458,2,0
445456,445456,445458,2,0
445456,445456,445458,2,0
445456,445456,445458,2,0
445456,445456,445458,2,0
445456,445456,445458,2,0
445456,445456,445458,2,0
445456,445456,445458,2,0
445456,445456,445458,2,0
445456,445456,445458,2,0
445456,445456,445458,2,0
445456,445456,445458,2,0
445456,445456,445459,3,0
445456,445457,445458,1,1
445456,445457,445459,2,1
445456,445456,445459,3,0
445458,445458,445459,1,0
445456,445456,445459,3,0
445456,445456,445459,3,0
445456,445456,445459,3,0
445456,445456,445459,3,0
445456,445456,445460,4,0
445456,445456,445459,3,0
445456,445456,445459,3,0
445456,445457,445459,2,1
445456,445456,445460,4,0
445456,445456,445459,3,0
445456,445456,445459,3,0
445456,445456,445459,3,0
445456,445456,445459,3,0
445456,445456,445459,3,0
445456,445457,445461,4,1
445458,445459,445460,1,1
445458,445459,445460,1,1
445456,445456,445460,4,0
445458,445459,445460,1,1
445458,445459,445460,1,1
445458,445459,445460,1,1
445458,445459,445460,1,1
445458,445459,445460,1,1
445458,445459,445460,1,1
445456,445456,445460,4,0
445456,445456,445460,4,0
445456,445456,445460,4,0
445456,445456,445460,4,0
445458,445459,445460,1,1
445458,445459,445460,1,1
445458,445459,445460,1,1
445456,445456,445460,4,0
445456,445456,445460,4,0
445456,445456,445460,4,0
445458,445459,445460,1,1
445458,445459,445460,1,1
445456,445456,445460,4,0
445456,445456,445460,4,0
445456,445456,445460,4,0
445458,445459,445460,1,1
445458,445459,445460,1,1
445458,445459,445460,1,1
445458,445459,445460,1,1
445456,445456,445460,4,0
445456,445456,445460,4,0
445458,445459,445460,1,1
445458,445461,445462,1,3
445458,445460,445462,2,2
445458,445460,445462,2,2
445458,445460,445461,1,2
445458,445459,445461,2,1
445458,445459,445461,2,1
445458,445459,445461,2,1
445458,445460,445461,1,2
445458,445460,445461,1,2
445458,445460,445462,2,2
445458,445461,445462,1,3
445458,445461,445462,1,3
445458,445459,445461,2,1
445458,445459,445461,2,1
445458,445461,445462,1,3
445458,445460,445462,2,2
445458,445460,445462,2,2
445458,445460,445462,2,2
445458,445461,445462,1,3
445458,445460,445462,2,2
445458,445461,445462,1,3
445458,445461,445462,1,3
445458,445461,445462,1,3
445458,445460,445463,3,2
445458,445461,445462,1,3
445458,445461,445462,1,3
445458,445460,445462,2,2
445458,445460,445462,2,2
445458,445461,445462,1,3
445458,445461,445462,1,3
445458,445461,445462,1,3
445458,445459,445462,3,1
445458,445459,445462,3,1
445458,445459,445462,3,1
445458,445459,445462,3,1
445458,445460,445462,2,2
445458,445459,445462,3,1
445458,445459,445462,3,1
445458,445460,445462,2,2
445458,445460,445462,2,2
445458,445460,445462,2,2
445458,445460,445463,3,2
445087,445088,445475,387,1
445478,445479,445480,1,1
445478,445479,445480,1,1
445478,445479,445480,1,1
445478,445479,445481,2,1
445478,445479,445480,1,1
445478,445479,445480,1,1
445478,445479,445480,1,1
445478,445479,445480,1,1
445478,445479,445481,2,1
445478,445479,445481,2,1
445478,445479,445481,2,1
445478,445479,445481,2,1
445478,445479,445480,1,1
445478,445479,445480,1,1
445478,445479,445480,1,1
445478,445479,445480,1,1
445478,445479,445480,1,1
445478,445479,445480,1,1
445478,445479,445480,1,1
445478,445479,445480,1,1
445081,445081,445481,400,0
445478,445479,445482,3,1
445478,445479,445481,2,1
445478,445479,445481,2,1
445478,445479,445481,2,1
445478,445479,445481,2,1
445478,445479,445482,3,1
445478,445479,445481,2,1
445478,445479,445481,2,1
445478,445479,445481,2,1
445478,445479,445482,3,1
445478,445479,445481,2,1
445478,445479,445482,3,1
445478,445479,445481,2,1
445478,445479,445481,2,1
445478,445479,445481,2,1
445478,445479,445482,3,1
445478,445479,445481,2,1
445478,445479,445482,3,1
445478,445479,445481,2,1
445478,445479,445482,3,1
445478,445479,445482,3,1
445478,445479,445482,3,1
445478,445479,445483,4,1
445478,445479,445483,4,1
445478,445479,445482,3,1
445478,445479,445483,4,1
445478,445479,445483,4,1
445478,445479,445483,4,1
445478,445479,445482,3,1
445478,445479,445482,3,1
445478,445479,445483,4,1
445478,445479,445482,3,1
445478,445479,445483,4,1
445478,445479,445482,3,1
445478,445479,445482,3,1
445478,445479,445483,4,1
445478,445479,445483,4,1
445478,445479,445482,3,1
445478,445492,445494,2,14
445493,445494,445496,2,1
445493,445494,445495,1,1
445493,445494,445495,1,1
445493,445494,445496,2,1
445493,445494,445495,1,1
445493,445494,445495,1,1
445493,445494,445495,1,1
445493,445494,445496,2,1
445493,445494,445495,1,1
445493,445494,445495,1,1
445493,445494,445495,1,1
445493,445494,445495,1,1
445493,445494,445495,1,1
445493,445494,445495,1,1
445493,445494,445495,1,1
445493,445494,445495,1,1
445493,445494,445495,1,1
445493,445494,445495,1,1
445493,445494,445495,1,1
445493,445494,445495,1,1
445493,445494,445496,2,1
445493,445494,445496,2,1
445493,445494,445496,2,1
445493,445494,445496,2,1
445478,445492,445495,3,14
445478,445492,445495,3,14
445493,445494,445496,2,1
445493,445494,445496,2,1
445493,445494,445496,2,1
445493,445494,445496,2,1
445493,445494,445497,3,1
445493,445494,445496,2,1
445493,445494,445497,3,1
445493,445494,445497,3,1
445493,445494,445496,2,1
445493,445494,445497,3,1
445493,445494,445496,2,1
445493,445494,445496,2,1
445493,445494,445497,3,1
445493,445494,445496,2,1
445493,445494,445497,3,1
445493,445494,445496,2,1
445493,445494,445497,3,1
445493,445494,445497,3,1
445493,445494,445497,3,1
445493,445494,445497,3,1
445493,445494,445497,3,1
445493,445494,445498,4,1
445493,445494,445498,4,1
445493,445494,445497,3,1
445493,445494,445497,3,1
445493,445494,445497,3,1
445493,445494,445497,3,1
445493,445494,445497,3,1
445493,445494,445498,4,1
445493,445494,445497,3,1
445493,445494,445497,3,1
445493,445494,445497,3,1
445493,445494,445497,3,1
445493,445494,445498,4,1
445493,445497,445498,1,4
445110,445113,445515,402,3
445523,445523,445525,2,0
445523,445523,445525,2,0
445523,445523,445525,2,0
445523,445524,445525,1,1
445523,445524,445525,1,1
445523,445523,445525,2,0
445523,445523,445525,2,0
445523,445523,445525,2,0
445523,445523,445525,2,0
445523,445523,445525,2,0
445523,445523,445525,2,0
445523,445523,445525,2,0
445523,445523,445525,2,0
445523,445523,445525,2,0
445523,445523,445525,2,0
445523,445523,445525,2,0
445523,445523,445525,2,0
445523,445523,445525,2,0
445523,445523,445525,2,0
445523,445523,445525,2,0
445523,445523,445525,2,0
445523,445523,445525,2,0
445523,445523,445525,2,0
445523,445523,445526,3,0
445523,445523,445525,2,0
445523,445523,445525,2,0
445523,445523,445526,3,0
445523,445523,445526,3,0
445523,445523,445526,3,0
445523,445523,445526,3,0
445523,445523,445525,2,0
445523,445523,445526,3,0
445523,445523,445526,3,0
445523,445523,445526,3,0
445523,445523,445526,3,0
445523,445523,445526,3,0
445523,445523,445526,3,0
445523,445524,445527,3,1
445523,445523,445527,4,0
445523,445523,445527,4,0
445523,445523,445527,4,0
445523,445523,445526,3,0
445523,445523,445527,4,0
445523,445523,445527,4,0
445523,445523,445527,4,0
445523,445523,445527,4,0
445523,445523,445527,4,0
445523,445523,445527,4,0
445523,445523,445527,4,0
445523,445523,445527,4,0
445523,445523,445527,4,0
445523,445523,445527,4,0
445523,445523,445527,4,0
445523,445523,445527,4,0
445523,445523,445526,3,0
445523,445524,445529,5,1
445523,445524,445531,7,1
445188,445189,445541,352,1
445523,445540,445541,1,17
445523,445540,445541,1,17
445523,445540,445542,2,17
445523,445540,445543,3,17
445542,445542,445544,2,0
445542,445542,445544,2,0
445542,445542,445544,2,0
445542,445542,445544,2,0
445542,445542,445544,2,0
445542,445542,445544,2,0
445542,445542,445544,2,0
445542,445542,445544,2,0
445542,445542,445544,2,0
445542,445542,445544,2,0
445542,445542,445544,2,0
445542,445542,445544,2,0
445542,445542,445544,2,0
445542,445542,445544,2,0
445542,445542,445544,2,0
445542,445542,445544,2,0
445542,445542,445544,2,0
445542,445542,445544,2,0
445542,445542,445544,2,0
445542,445542,445544,2,0
445542,445542,445544,2,0
445542,445542,445544,2,0
445542,445542,445544,2,0
445542,445542,445544,2,0
445542,445542,445545,3,0
445542,445542,445545,3,0
445542,445543,445545,2,1
445542,445543,445545,2,1
445542,445542,445544,2,0
445542,445542,445545,3,0
445542,445542,445545,3,0
445542,445542,445545,3,0
445542,445542,445545,3,0
445542,445542,445545,3,0
445168,445169,445545,376,1
445542,445542,445545,3,0
445542,445542,445545,3,0
445542,445542,445545,3,0
445542,445542,445545,3,0
445542,445542,445546,4,0
445542,445542,445546,4,0
445542,445542,445546,4,0
445542,445542,445546,4,0
445542,445542,445546,4,0
445542,445542,445546,4,0
445542,445542,445546,4,0
445542,445542,445546,4,0
445542,445542,445546,4,0
445542,445542,445546,4,0
445542,445542,445546,4,0
445542,445542,445545,3,0
445542,445542,445546,4,0
445542,445542,445546,4,0
445542,445542,445546,4,0
445542,445542,445546,4,0
445542,445542,445546,4,0
445542,445542,445546,4,0
445542,445542,445547,5,0
445556,445557,445558,1,1
445556,445557,445558,1,1
445556,445557,445558,1,1
445556,445557,445558,1,1
445556,445557,445558,1,1
445556,445557,445559,2,1
445556,445557,445558,1,1
445556,445557,445558,1,1
445556,445557,445558,1,1
445556,445557,445558,1,1
445556,445557,445558,1,1
445556,445557,445558,1,1
445556,445557,445558,1,1
445556,445557,445558,1,1
445556,445557,445558,1,1
445556,445557,445558,1,1
445556,445557,445558,1,1
445556,445557,445559,2,1
445556,445557,445558,1,1
445556,445557,445558,1,1
445556,445557,445559,2,1
445556,445557,445559,2,1
445556,445557,445560,3,1
445556,445557,445559,2,1
445556,445559,445560,1,3
445556,445557,445559,2,1
445556,445557,445559,2,1
445556,445557,445559,2,1
445556,445557,445559,2,1
445556,445557,445559,2,1
445556,445557,445559,2,1
445556,445557,445559,2,1
445556,445557,445559,2,1
445556,445557,445559,2,1
445556,445557,445559,2,1
445556,445557,445559,2,1
445556,445557,445559,2,1
445556,445557,445559,2,1
445556,445557,445559,2,1
445556,445557,445560,3,1
445556,445557,445560,3,1
445556,445559,445560,1,3
445556,445559,445560,1,3
445556,445557,445560,3,1
445556,445557,445560,3,1
445556,445557,445560,3,1
445556,445557,445560,3,1
445556,445557,445560,3,1
445556,445557,445560,3,1
445556,445557,445560,3,1
445556,445557,445560,3,1
445556,445557,445560,3,1
445556,445557,445561,4,1
445556,445557,445560,3,1
445556,445557,445560,3,1
445556,445557,445560,3,1
445556,445557,445560,3,1
445556,445557,445560,3,1
445556,445557,445561,4,1
445556,445557,445560,3,1
445542,445560,445562,2,18
445542,445560,445562,2,18
445542,445560,445563,3,18
445542,445560,445564,4,18
445207,445208,445591,383,1
445593,445594,445595,1,1
445593,445594,445595,1,1
445593,445594,445595,1,1
445593,445594,445595,1,1
445593,445594,445595,1,1
445593,445594,445595,1,1
445593,445594,445595,1,1
445593,445594,445595,1,1
445593,445594,445595,1,1
445593,445594,445595,1,1
445593,445594,445595,1,1
445593,445594,445595,1,1
445593,445594,445595,1,1
445593,445594,445595,1,1
445593,445594,445595,1,1
445593,445594,445595,1,1
445593,445594,445595,1,1
445593,445594,445595,1,1
445593,445594,445595,1,1
445593,445594,445596,2,1
445593,445594,445595,1,1
445593,445594,445595,1,1
445593,445594,445597,3,1
445593,445594,445596,2,1
445593,445594,445596,2,1
445593,445594,445596,2,1
445593,445594,445596,2,1
445593,445594,445596,2,1
445593,445594,445596,2,1
445593,445594,445596,2,1
445593,445594,445596,2,1
445593,445594,445596,2,1
445593,445594,445596,2,1
445593,445594,445597,3,1
445593,445594,445596,2,1
445593,445594,445596,2,1
445593,445595,445597,2,2
445593,445595,445596,1,2
445593,445594,445597,3,1
445593,445594,445597,3,1
445593,445594,445597,3,1
445593,445594,445597,3,1
445593,445594,445597,3,1
445593,445594,445597,3,1
445593,445594,445597,3,1
445593,445594,445597,3,1
445593,445594,445597,3,1
445593,445594,445597,3,1
445593,445594,445597,3,1
445593,445594,445597,3,1
445593,445594,445597,3,1
445593,445594,445598,4,1
445593,445594,445597,3,1
445593,445594,445597,3,1
445593,445595,445597,2,2
445593,445595,445597,2,2
445593,445594,445597,3,1
445593,445594,445597,3,1
445593,445594,445597,3,1
445593,445594,445597,3,1
445593,445594,445598,4,1
445213,445214,445625,411,1
445627,445628,445629,1,1
445627,445628,445629,1,1
445627,445628,445629,1,1
445627,445628,445630,2,1
445627,445628,445630,2,1
445627,445628,445629,1,1
445627,445628,445629,1,1
445627,445628,445630,2,1
445627,445628,445630,2,1
445627,445628,445629,1,1
445627,445628,445629,1,1
445627,445628,445629,1,1
445627,445628,445629,1,1
445627,445628,445629,1,1
445627,445628,445629,1,1
445627,445628,445629,1,1
445627,445628,445629,1,1
445627,445628,445629,1,1
445627,445628,445630,2,1
445627,445628,445629,1,1
445627,445628,445629,1,1
445627,445628,445629,1,1
445627,445628,445630,2,1
445627,445628,445630,2,1
445627,445628,445630,2,1
445627,445628,445631,3,1
445627,445628,445630,2,1
445627,445628,445630,2,1
445627,445628,445630,2,1
445627,445628,445631,3,1
445627,445628,445630,2,1
445627,445628,445630,2,1
445627,445628,445631,3,1
445627,445628,445630,2,1
445627,445628,445630,2,1
445627,445628,445630,2,1
445627,445628,445631,3,1
445627,445628,445631,3,1
445627,445628,445631,3,1
445627,445628,445631,3,1
445627,445628,445630,2,1
445627,445628,445630,2,1
445627,445628,445631,3,1
445627,445628,445631,3,1
445627,445628,445631,3,1
445627,445628,445632,4,1
445627,445628,445631,3,1
445627,445628,445631,3,1
445627,445628,445631,3,1
445627,445628,445631,3,1
445627,445628,445632,4,1
445252,445253,445631,378,1
445627,445628,445632,4,1
445627,445628,445631,3,1
445627,445628,445631,3,1
445627,445628,445632,4,1
445627,445628,445631,3,1
445627,445628,445631,3,1
445627,445628,445631,3,1
445627,445628,445631,3,1
445627,445628,445631,3,1
445633,445634,445636,2,1
445633,445634,445635,1,1
445633,445634,445636,2,1
445633,445634,445635,1,1
445633,445634,445635,1,1
445633,445634,445635,1,1
445633,445634,445636,2,1
445633,445634,445635,1,1
445633,445634,445636,2,1
445633,445634,445635,1,1
445633,445634,445635,1,1
445633,445634,445635,1,1
445633,445634,445635,1,1
445633,445634,445635,1,1
445633,445634,445635,1,1
445633,445634,445635,1,1
445633,445634,445636,2,1
445633,445634,445636,2,1
445633,445634,445636,2,1
445633,445634,445636,2,1
445633,445634,445636,2,1
445633,445634,445635,1,1
445633,445634,445636,2,1
445633,445634,445636,2,1
445633,445634,445637,3,1
445633,445634,445637,3,1
445633,445636,445637,1,3
445633,445634,445636,2,1
445633,445634,445636,2,1
445633,445634,445636,2,1
445633,445634,445636,2,1
445633,445634,445637,3,1
445633,445634,445636,2,1
445633,445634,445637,3,1
445633,445634,445637,3,1
445633,445634,445637,3,1
445633,445634,445637,3,1
445633,445634,445636,2,1
445633,445634,445637,3,1
445633,445634,445637,3,1
445633,445634,445636,2,1
445633,445634,445637,3,1
445633,445634,445636,2,1
445633,445634,445637,3,1
445633,445634,445637,3,1
445633,445634,445637,3,1
445633,445634,445637,3,1
445633,445634,445637,3,1
445633,445634,445637,3,1
445633,445634,445637,3,1
445633,445634,445637,3,1
445633,445634,445637,3,1
445633,445634,445637,3,1
445633,445634,445637,3,1
445633,445634,445638,4,1
445633,445634,445637,3,1
445633,445634,445637,3,1
445633,445634,445637,3,1
445249,445250,445639,389,1
445641,445642,445643,1,1
445641,445642,445644,2,1
445641,445642,445643,1,1
445641,445642,445644,2,1
445641,445642,445643,1,1
445641,445642,445644,2,1
445641,445642,445644,2,1
445641,445642,445644,2,1
445641,445642,445644,2,1
445641,445642,445643,1,1
445641,445642,445643,1,1
445641,445642,445644,2,1
445641,445642,445643,1,1
445641,445642,445644,2,1
445641,445642,445643,1,1
445641,445642,445643,1,1
445641,445642,445643,1,1
445641,445642,445643,1,1
445641,445642,445643,1,1
445641,445642,445643,1,1
445641,445642,445643,1,1
445641,445642,445643,1,1
445641,445642,445644,2,1
445641,445642,445645,3,1
445641,445642,445644,2,1
445641,445642,445644,2,1
445641,445642,445644,2,1
445641,445642,445645,3,1
445641,445642,445645,3,1
445641,445642,445645,3,1
445641,445642,445645,3,1
445641,445642,445644,2,1
445641,445642,445644,2,1
445641,445642,445645,3,1
445641,445644,445645,1,3
445641,445642,445644,2,1
445641,445642,445644,2,1
445641,445642,445644,2,1
445641,445642,445645,3,1
445641,445644,445645,1,3
445641,445642,445644,2,1
445641,445642,445644,2,1
445641,445644,445645,1,3
445641,445644,445645,1,3
445641,445642,445645,3,1
445641,445642,445646,4,1
445641,445642,445645,3,1
445641,445642,445645,3,1
445641,445642,445645,3,1
445641,445642,445645,3,1
445641,445642,445645,3,1
445641,445642,445645,3,1
445641,445642,445645,3,1
445641,445642,445645,3,1
445641,445642,445645,3,1
445641,445642,445645,3,1
445641,445642,445645,3,1
445641,445642,445645,3,1
445641,445642,445646,4,1
445641,445642,445646,4,1
445641,445642,445645,3,1
445627,445628,445632,4,1
445633,445652,445653,1,19
445633,445652,445653,1,19
445268,445269,445654,385,1
445633,445652,445654,2,19
445307,445308,445655,347,1
445659,445660,445661,1,1
445659,445660,445661,1,1
445659,445660,445662,2,1
445659,445660,445661,1,1
445659,445660,445662,2,1
445659,445660,445661,1,1
445659,445660,445661,1,1
445659,445660,445662,2,1
445659,445660,445662,2,1
445659,445660,445661,1,1
445659,445660,445661,1,1
445659,445660,445661,1,1
445659,445660,445661,1,1
445659,445660,445661,1,1
445659,445660,445661,1,1
445659,445660,445661,1,1
445659,445660,445661,1,1
445659,445660,445661,1,1
445659,445660,445661,1,1
445659,445660,445661,1,1
445659,445660,445662,2,1
445659,445660,445661,1,1
445659,445660,445661,1,1
445659,445660,445661,1,1
445659,445660,445662,2,1
445659,445660,445661,1,1
445659,445660,445661,1,1
445659,445660,445662,2,1
445659,445660,445661,1,1
445659,445660,445662,2,1
445659,445660,445663,3,1
445659,445660,445662,2,1
445659,445662,445663,1,3
445659,445660,445662,2,1
445659,445660,445663,3,1
445659,445660,445662,2,1
445659,445660,445662,2,1
445659,445660,445662,2,1
445659,445660,445663,3,1
445659,445660,445662,2,1
445659,445660,445662,2,1
445659,445660,445662,2,1
445659,445660,445662,2,1
445659,445660,445662,2,1
445659,445660,445662,2,1
445659,445660,445663,3,1
445659,445660,445662,2,1
445659,445660,445663,3,1
445659,445661,445662,1,2
445659,445662,445663,1,3
445659,445662,445664,2,3
445659,445662,445664,2,3
445659,445660,445663,3,1
445659,445660,445663,3,1
445659,445660,445663,3,1
445659,445662,445663,1,3
445659,445662,445663,1,3
445659,445660,445663,3,1
445659,445660,445663,3,1
445659,445660,445663,3,1
445659,445662,445663,1,3
445659,445662,445663,1,3
445659,445662,445663,1,3
445659,445662,445663,1,3
445659,445662,445663,1,3
445659,445662,445663,1,3
445659,445660,445663,3,1
445659,445660,445663,3,1
445659,445660,445663,3,1
445659,445662,445664,2,3
445659,445662,445664,2,3
445659,445660,445663,3,1
445659,445660,445663,3,1
445659,445660,445663,3,1
445659,445662,445664,2,3
445659,445660,445664,4,1
445659,445660,445663,3,1
445659,445662,445663,1,3
445659,445662,445664,2,3
445659,445662,445665,3,3
445659,445662,445664,2,3
445659,445664,445665,1,5
445659,445663,445665,2,4
445659,445662,445665,3,3
445659,445662,445665,3,3
445659,445663,445664,1,4
445659,445662,445665,3,3
445659,445662,445664,2,3
445659,445663,445665,2,4
445659,445663,445665,2,4
445659,445662,445665,3,3
445659,445663,445665,2,4
445659,445663,445665,2,4
445659,445664,445665,1,5
445659,445662,445665,3,3
445659,445663,445665,2,4
445659,445663,445665,2,4
445659,445664,445665,1,5
445659,445664,445665,1,5
445659,445664,445665,1,5
445659,445663,445666,3,4
445659,445663,445666,3,4
445659,445663,445665,2,4
445659,445663,445666,3,4
445659,445663,445665,2,4
445659,445664,445666,2,5
445659,445664,445666,2,5
445659,445664,445665,1,5
445659,445663,445665,2,4
445659,445662,445665,3,3
445659,445662,445665,3,3
445659,445662,445665,3,3
445659,445663,445665,2,4
445659,445663,445665,2,4
445659,445664,445665,1,5
445659,445664,445665,1,5
445659,445664,445665,1,5
445659,445662,445665,3,3
445659,445663,445665,2,4
445659,445663,445665,2,4
445659,445663,445666,3,4
445659,445663,445667,4,4
445295,445296,445687,391,1
445320,445321,445689,368,1
445699,445699,445700,1,0
445699,445699,445701,2,0
445699,445699,445701,2,0
445699,445699,445701,2,0
445699,445699,445701,2,0
445699,445699,445701,2,0
445699,445699,445701,2,0
445699,445699,445701,2,0
445699,445700,445701,1,1
445699,445700,445701,1,1
445699,445699,445701,2,0
445699,445699,445701,2,0
445699,445699,445701,2,0
445699,445699,445701,2,0
445699,445699,445701,2,0
445699,445699,445701,2,0
445699,445699,445701,2,0
445699,445699,445701,2,0
445699,445699,445701,2,0
445699,445699,445701,2,0
445699,445699,445701,2,0
445699,445699,445701,2,0
445699,445699,445701,2,0
445699,445699,445701,2,0
445699,445699,445702,3,0
445699,445699,445702,3,0
445699,445699,445702,3,0
445699,445700,445702,2,1
445699,445700,445702,2,1
445699,445699,445703,4,0
445699,445699,445702,3,0
445699,445699,445702,3,0
445699,445699,445702,3,0
445699,445699,445702,3,0
445699,445699,445702,3,0
445699,445699,445702,3,0
445699,445699,445703,4,0
445699,445699,445702,3,0
445699,445699,445702,3,0
445699,445699,445702,3,0
445699,445699,445702,3,0
445699,445699,445702,3,0
445699,445699,445702,3,0
445699,445699,445703,4,0
445699,445699,445703,4,0
445699,445699,445703,4,0
445699,445699,445703,4,0
445699,445699,445703,4,0
445699,445702,445703,1,3
445699,445702,445703,1,3
445699,445700,445703,3,1
445699,445700,445703,3,1
445699,445700,445703,3,1
445699,445702,445703,1,3
445699,445702,445703,1,3
445699,445699,445703,4,0
445699,445699,445703,4,0
445699,445702,445703,1,3
445699,445702,445703,1,3
445699,445702,445703,1,3
445699,445702,445703,1,3
445699,445702,445703,1,3
445699,445702,445703,1,3
445699,445702,445703,1,3
445699,445702,445703,1,3
445699,445699,445703,4,0
445699,445702,445703,1,3
445699,445702,445703,1,3
445699,445702,445704,2,3
445699,445702,445703,1,3
445699,445702,445703,1,3
445699,445703,445705,2,4
445699,445702,445704,2,3
445699,445702,445704,2,3
445699,445702,445705,3,3
445699,445702,445705,3,3
445699,445702,445705,3,3
445699,445704,445705,1,5
445699,445704,445705,1,5
445699,445704,445705,1,5
445699,445703,445705,2,4
445699,445703,445705,2,4
445699,445703,445705,2,4
445699,445704,445705,1,5
445699,445704,445705,1,5
445699,445703,445706,3,4
445699,445703,445705,2,4
445699,445704,445706,2,5
445699,445704,445705,1,5
445699,445704,445705,1,5
445699,445704,445705,1,5
445699,445703,445705,2,4
445699,445704,445706,2,5
445699,445704,445705,1,5
445699,445704,445705,1,5
445699,445704,445705,1,5
445699,445704,445705,1,5
445699,445703,445705,2,4
445699,445703,445705,2,4
445699,445702,445705,3,3
445699,445703,445705,2,4
445699,445703,445705,2,4
445699,445703,445705,2,4
445699,445703,445705,2,4
445699,445703,445705,2,4
445699,445703,445705,2,4
445699,445703,445705,2,4
445699,445703,445705,2,4
445699,445703,445705,2,4
445699,445703,445706,3,4
445699,445704,445705,1,5
445699,445704,445706,2,5
445313,445314,445706,392,1
445699,445703,445706,3,4
445699,445710,445711,1,11
445699,445710,445711,1,11
445699,445711,445712,1,12
445699,445710,445712,2,11
445699,445710,445711,1,11
445699,445711,445712,1,12
445699,445711,445713,2,12
445699,445711,445714,3,12
445721,445721,445723,2,0
445721,445721,445723,2,0
445721,445721,445723,2,0
445721,445722,445723,1,1
445721,445722,445723,1,1
445721,445722,445723,1,1
445721,445721,445723,2,0
445721,445721,445723,2,0
445721,445721,445723,2,0
445721,445721,445723,2,0
445721,445721,445723,2,0
445721,445722,445723,1,1
445721,445721,445723,2,0
445721,445721,445723,2,0
445721,445722,445723,1,1
445721,445722,445723,1,1
445721,445722,445723,1,1
445721,445722,445723,1,1
445721,445722,445723,1,1
445721,445721,445723,2,0
445721,445721,445723,2,0
445721,445722,445723,1,1
445721,445722,445724,2,1
445721,445722,445724,2,1
445721,445722,445724,2,1
445721,445722,445724,2,1
445721,445722,445724,2,1
445721,445722,445724,2,1
445721,445721,445724,3,0
445721,445722,445724,2,1
445721,445722,445724,2,1
445721,445722,445724,2,1
445721,445722,445725,3,1
445721,445722,445724,2,1
445721,445722,445724,2,1
445721,445722,445724,2,1
445721,445722,445724,2,1
445721,445722,445725,3,1
445721,445722,445724,2,1
445721,445721,445724,3,0
445721,445722,445724,2,1
445721,445722,445724,2,1
445721,445722,445725,3,1
445721,445721,445725,4,0
445721,445722,445725,3,1
445721,445722,445725,3,1
445721,445721,445725,4,0
445721,445722,445725,3,1
445721,445722,445725,3,1
445721,445722,445725,3,1
445721,445722,445725,3,1
445721,445722,445725,3,1
445721,445722,445725,3,1
445721,445722,445725,3,1
445721,445722,445725,3,1
445721,445737,445738,1,16
445721,445737,445738,1,16
445721,445737,445738,1,16
445721,445737,445738,1,16
445721,445737,445740,3,16
445721,445737,445739,2,16
445347,445347,445748,401,0
445755,445755,445757,2,0
445755,445755,445757,2,0
445755,445755,445757,2,0
445755,445755,445757,2,0
445755,445755,445757,2,0
445755,445755,445757,2,0
445755,445755,445757,2,0
445755,445755,445757,2,0
445755,445755,445757,2,0
445755,445755,445757,2,0
445755,445755,445757,2,0
445755,445755,445757,2,0
445755,445755,445757,2,0
445755,445755,445757,2,0
445755,445755,445757,2,0
445755,445755,445757,2,0
445755,445755,445757,2,0
445755,445755,445757,2,0
445755,445755,445757,2,0
445755,445755,445757,2,0
445755,445755,445757,2,0
445755,445755,445757,2,0
445755,445755,445757,2,0
445755,445755,445757,2,0
445755,445756,445758,2,1
445755,445756,445758,2,1
445755,445755,445758,3,0
445755,445755,445758,3,0
445755,445755,445758,3,0
445755,445755,445758,3,0
445755,445755,445758,3,0
445755,445755,445758,3,0
445755,445755,445758,3,0
445755,445755,445757,2,0
445755,445757,445758,1,2
445755,445755,445758,3,0
445755,445755,445758,3,0
445755,445755,445758,3,0
445755,445755,445758,3,0
445755,445755,445758,3,0
445755,445755,445759,4,0
445755,445755,445759,4,0
445755,445755,445759,4,0
445755,445755,445759,4,0
445755,445755,445759,4,0
445755,445755,445759,4,0
445755,445755,445759,4,0
445755,445755,445759,4,0
445755,445756,445760,4,1
445755,445761,445762,1,6
445755,445761,445762,1,6
445755,445761,445762,1,6
445755,445761,445762,1,6
445755,445761,445762,1,6
445755,445761,445763,2,6
445755,445761,445763,2,6
445755,445761,445764,3,6
445755,445761,445764,3,6
445755,445761,445764,3,6
445755,445761,445764,3,6
445755,445761,445764,3,6
445755,445761,445764,3,6
445391,445393,445774,381,2
445778,445778,445780,2,0
445778,445778,445780,2,0
445778,445778,445780,2,0
445778,445778,445780,2,0
445778,445778,445780,2,0
445778,445778,445780,2,0
445778,445778,445780,2,0
445778,445778,445780,2,0
445778,445778,445780,2,0
445778,445778,445780,2,0
445778,445778,445780,2,0
445778,445778,445780,2,0
445778,445778,445780,2,0
445778,445778,445780,2,0
445778,445778,445780,2,0
445778,445778,445780,2,0
445778,445778,445780,2,0
445778,445778,445780,2,0
445778,445778,445780,2,0
445778,445778,445780,2,0
445778,445778,445780,2,0
445778,445778,445780,2,0
445778,445778,445780,2,0
445778,445778,445780,2,0
445778,445778,445780,2,0
445778,445778,445780,2,0
445778,445779,445780,1,1
445778,445779,445781,2,1
445778,445779,445781,2,1
445778,445778,445781,3,0
445778,445778,445781,3,0
445778,445778,445781,3,0
445778,445778,445781,3,0
445778,445778,445781,3,0
445778,445778,445781,3,0
445778,445778,445781,3,0
445778,445778,445781,3,0
445778,445778,445781,3,0
445778,445778,445781,3,0
445778,445778,445781,3,0
445778,445778,445781,3,0
445778,445778,445782,4,0
445778,445778,445782,4,0
445778,445779,445781,2,1
445778,445778,445781,3,0
445778,445778,445781,3,0
445778,445778,445781,3,0
445778,445778,445781,3,0
445778,445778,445781,3,0
445778,445779,445782,3,1
445778,445778,445782,4,0
445778,445778,445782,4,0
445778,445778,445782,4,0
445778,445778,445782,4,0
445778,445778,445782,4,0
445778,445778,445782,4,0
445778,445778,445782,4,0
445778,445778,445782,4,0
445778,445778,445782,4,0
445778,445778,445782,4,0
445778,445778,445782,4,0
445353,445354,445805,451,1
445807,445808,445809,1,1
445807,445808,445810,2,1
445807,445808,445810,2,1
445807,445808,445809,1,1
445807,445808,445809,1,1
445807,445808,445810,2,1
445807,445808,445810,2,1
445807,445808,445810,2,1
445807,445808,445810,2,1
445807,445808,445809,1,1
445807,445808,445809,1,1
445807,445808,445809,1,1
445807,445808,445809,1,1
445807,445808,445809,1,1
445807,445808,445809,1,1
445807,445808,445809,1,1
445807,445808,445809,1,1
445807,445808,445809,1,1
445807,445808,445809,1,1
445807,445808,445810,2,1
445807,445808,445809,1,1
445807,445808,445810,2,1
445807,445808,445810,2,1
445807,445808,445810,2,1
445807,445808,445809,1,1
445807,445808,445810,2,1
445807,445808,445810,2,1
445807,445808,445810,2,1
445807,445808,445810,2,1
445807,445808,445811,3,1
445807,445808,445810,2,1
445807,445808,445810,2,1
445807,445808,445811,3,1
445807,445808,445811,3,1
445807,445808,445810,2,1
445807,445808,445810,2,1
445807,445808,445811,3,1
445807,445808,445810,2,1
445807,445808,445811,3,1
445807,445808,445810,2,1
445807,445808,445811,3,1
445807,445808,445810,2,1
445807,445808,445810,2,1
445807,445808,445811,3,1
445807,445808,445811,3,1
445807,445808,445810,2,1
445807,445808,445811,3,1
445807,445808,445811,3,1
445807,445808,445811,3,1
445807,445808,445811,3,1
445807,445808,445811,3,1
445807,445808,445811,3,1
445807,445808,445811,3,1
445807,445808,445812,4,1
445807,445808,445812,4,1
445807,445808,445811,3,1
445807,445808,445811,3,1
445807,445808,445811,3,1
445807,445808,445811,3,1
445807,445808,445812,4,1
445807,445808,445811,3,1
445436,445437,445849,412,1
445850,445851,445852,1,1
445850,445851,445852,1,1
445850,445851,445852,1,1
445850,445851,445852,1,1
445850,445851,445852,1,1
445850,445851,445852,1,1
445850,445851,445852,1,1
445850,445851,445852,1,1
445850,445851,445852,1,1
445850,445851,445852,1,1
445850,445851,445852,1,1
445850,445851,445852,1,1
445850,445851,445853,2,1
445850,445851,445852,1,1
445850,445851,445852,1,1
445850,445851,445852,1,1
445850,445851,445852,1,1
445850,445851,445852,1,1
445850,445851,445852,1,1
445850,445851,445852,1,1
445850,445851,445852,1,1
445850,445851,445852,1,1
445850,445851,445852,1,1
445850,445851,445852,1,1
445850,445851,445853,2,1
445850,445851,445852,1,1
445850,445851,445853,2,1
445850,445851,445852,1,1
445850,445851,445852,1,1
445850,445851,445853,2,1
445850,445851,445853,2,1
445850,445851,445853,2,1
445850,445851,445854,3,1
445850,445851,445853,2,1
445850,445851,445853,2,1
445850,445851,445854,3,1
445850,445851,445853,2,1
445850,445851,445854,3,1
445850,445851,445853,2,1
445850,445851,445853,2,1
445850,445851,445853,2,1
445850,445851,445853,2,1
445850,445851,445853,2,1
445850,445851,445853,2,1
445850,445851,445853,2,1
445850,445851,445853,2,1
445850,445851,445854,3,1
445850,445851,445853,2,1
445850,445851,445854,3,1
445850,445851,445854,3,1
445850,445851,445854,3,1
445850,445851,445854,3,1
445850,445851,445854,3,1
445850,445851,445854,3,1
445850,445851,445854,3,1
445850,445851,445854,3,1
445850,445851,445854,3,1
445850,445851,445854,3,1
445850,445851,445854,3,1
445850,445851,445854,3,1
445850,445851,445854,3,1
445460,445461,445856,395,1
445457,445458,445863,405,1
445867,445868,445869,1,1
445867,445868,445869,1,1
445867,445868,445870,2,1
445867,445868,445869,1,1
445867,445868,445870,2,1
445867,445868,445869,1,1
445867,445868,445869,1,1
445867,445868,445870,2,1
445867,445868,445869,1,1
445867,445868,445869,1,1
445867,445868,445869,1,1
445867,445868,445869,1,1
445867,445868,445870,2,1
445867,445868,445869,1,1
445867,445868,445869,1,1
445867,445868,445869,1,1
445867,445868,445869,1,1
445867,445868,445870,2,1
445867,445868,445869,1,1
445867,445868,445869,1,1
445867,445868,445869,1,1
445867,445868,445870,2,1
445867,445868,445870,2,1
445867,445868,445869,1,1
445867,445868,445870,2,1
445867,445868,445870,2,1
445867,445868,445870,2,1
445867,445868,445870,2,1
445867,445868,445869,1,1
445867,445868,445869,1,1
445867,445868,445869,1,1
445867,445868,445869,1,1
445867,445868,445870,2,1
445867,445868,445870,2,1
445867,445868,445870,2,1
445867,445868,445871,3,1
445867,445868,445870,2,1
445870,445870,445871,1,0
445867,445868,445870,2,1
445867,445868,445871,3,1
445867,445868,445870,2,1
445867,445868,445870,2,1
445870,445870,445871,1,0
445867,445868,445871,3,1
445867,445868,445870,2,1
445867,445868,445871,3,1
445867,445868,445871,3,1
445867,445868,445871,3,1
445867,445868,445870,2,1
445867,445868,445871,3,1
445867,445868,445870,2,1
445867,445868,445871,3,1
445867,445868,445871,3,1
445870,445870,445871,1,0
445870,445870,445871,1,0
445867,445868,445871,3,1
445867,445868,445872,4,1
445870,445870,445871,1,0
445870,445870,445871,1,0
445870,445870,445872,2,0
445867,445868,445871,3,1
445867,445868,445871,3,1
445870,445870,445871,1,0
445870,445870,445871,1,0
445870,445870,445871,1,0
445867,445868,445871,3,1
445867,445868,445872,4,1
445870,445870,445872,2,0
445870,445870,445872,2,0
445870,445870,445872,2,0
445867,445868,445872,4,1
445867,445868,445871,3,1
445870,445870,445872,2,0
445870,445870,445871,1,0
445870,445870,445871,1,0
445870,445870,445871,1,0
445870,445870,445872,2,0
445867,445868,445872,4,1
445867,445868,445871,3,1
445870,445870,445871,1,0
445870,445870,445871,1,0
445870,445870,445871,1,0
445870,445870,445871,1,0
445867,445868,445871,3,1
445870,445870,445872,2,0
445870,445870,445872,2,0
445870,445871,445873,2,1
445870,445870,445873,3,0
445870,445871,445873,2,1
445870,445871,445873,2,1
445870,445871,445873,2,1
445870,445871,445873,2,1
445870,445871,445873,2,1
445870,445872,445873,1,2
445870,445872,445873,1,2
445870,445872,445873,1,2
445870,445870,445873,3,0
445870,445870,445873,3,0
445870,445871,445873,2,1
445870,445871,445873,2,1
445870,445871,445873,2,1
445870,445871,445873,2,1
445870,445872,445873,1,2
445870,445872,445873,1,2
445870,445871,445874,3,1
445870,445871,445873,2,1
445870,445871,445873,2,1
445870,445872,445873,1,2
445870,445871,445873,2,1
445870,445872,445873,1,2
445870,445872,445873,1,2
445870,445872,445873,1,2
445870,445871,445874,3,1
445870,445871,445874,3,1
445870,445870,445874,4,0
445870,445870,445873,3,0
445870,445870,445873,3,0
445870,445871,445873,2,1
445870,445872,445874,2,2
445870,445872,445874,2,2
445870,445871,445873,2,1
445870,445870,445873,3,0
445870,445871,445874,3,1
445480,445481,445893,412,1
445902,445902,445904,2,0
445902,445902,445904,2,0
445902,445903,445904,1,1
445902,445902,445904,2,0
445902,445902,445904,2,0
445902,445902,445904,2,0
445902,445902,445904,2,0
445902,445902,445904,2,0
445902,445902,445904,2,0
445902,445902,445904,2,0
445902,445902,445904,2,0
445902,445902,445904,2,0
445902,445902,445904,2,0
445902,445902,445904,2,0
445902,445902,445904,2,0
445902,445902,445904,2,0
445902,445902,445904,2,0
445902,445902,445904,2,0
445902,445902,445904,2,0
445902,445902,445904,2,0
445902,445902,445904,2,0
445902,445902,445904,2,0
445902,445902,445905,3,0
445902,445902,445904,2,0
445902,445902,445905,3,0
445902,445903,445904,1,1
445902,445903,445905,2,1
445902,445902,445905,3,0
445902,445902,445905,3,0
445902,445902,445904,2,0
445902,445902,445905,3,0
445902,445902,445904,2,0
445902,445902,445905,3,0
445902,445902,445905,3,0
445902,445902,445905,3,0
445902,445902,445905,3,0
445902,445902,445905,3,0
445902,445902,445905,3,0
445902,445902,445905,3,0
445902,445902,445905,3,0
445902,445902,445905,3,0
445902,445902,445904,2,0
445902,445903,445905,2,1
445902,445902,445905,3,0
445902,445902,445906,4,0
445902,445902,445906,4,0
445902,445903,445906,3,1
445902,445902,445906,4,0
445902,445902,445906,4,0
445902,445902,445906,4,0
445902,445902,445906,4,0
445902,445902,445906,4,0
445902,445902,445905,3,0
445902,445902,445905,3,0
445902,445902,445905,3,0
445902,445902,445907,5,0
445902,445903,445906,3,1
445902,445914,445915,1,12
445902,445914,445915,1,12
445902,445914,445915,1,12
445902,445914,445916,2,12
445524,445525,445924,399,1
445558,445559,445927,368,1
445929,445929,445931,2,0
445929,445929,445931,2,0
445929,445929,445931,2,0
445929,445929,445931,2,0
445929,445929,445931,2,0
445929,445930,445931,1,1
445929,445929,445931,2,0
445929,445929,445931,2,0
445929,445929,445931,2,0
445929,445929,445931,2,0
445929,445929,445931,2,0
445929,445929,445931,2,0
445929,445929,445931,2,0
445929,445929,445931,2,0
445929,445929,445931,2,0
445929,445929,445931,2,0
445929,445929,445931,2,0
445929,445929,445932,3,0
445929,445930,445932,2,1
445929,445930,445931,1,1
445929,445930,445931,1,1
445929,445929,445931,2,0
445929,445930,445931,1,1
445929,445930,445931,1,1
445929,445929,445931,2,0
445929,445929,445931,2,0
445929,445929,445931,2,0
445929,445930,445931,1,1
445929,445929,445932,3,0
445929,445929,445932,3,0
445929,445930,445932,2,1
445929,445930,445932,2,1
445929,445930,445933,3,1
445929,445930,445932,2,1
445929,445929,445932,3,0
445543,445544,445932,388,1
445929,445929,445933,4,0
445929,445929,445932,3,0
445929,445931,445932,1,2
445929,445930,445932,2,1
445929,445930,445932,2,1
445929,445930,445933,3,1
445929,445930,445932,2,1
445929,445930,445932,2,1
445929,445931,445933,2,2
445929,445931,445933,2,2
445929,445929,445933,4,0
445929,445929,445933,4,0
445929,445932,445933,1,3
445929,445929,445933,4,0
445929,445929,445933,4,0
445929,445929,445933,4,0
445929,445932,445933,1,3
445929,445929,445933,4,0
445929,445929,445933,4,0
445929,445932,445933,1,3
445929,445932,445933,1,3
445929,445932,445933,1,3
445495,445496,445934,438,1
445929,445932,445934,2,3
445929,445932,445933,1,3
445929,445929,445933,4,0
445929,445929,445933,4,0
445929,445932,445933,1,3
445929,445932,445933,1,3
445929,445932,445933,1,3
445929,445929,445933,4,0
445929,445929,445933,4,0
445929,445929,445934,5,0
445929,445930,445933,3,1
445929,445932,445933,1,3
445929,445932,445934,2,3
445929,445932,445934,2,3
445929,445930,445934,4,1
445929,445930,445933,3,1
445929,445932,445933,1,3
445929,445934,445935,1,5
445929,445934,445935,1,5
445929,445933,445935,2,4
445929,445932,445934,2,3
445929,445932,445934,2,3
445929,445934,445935,1,5
445929,445932,445934,2,3
445929,445932,445934,2,3
445929,445933,445935,2,4
445929,445934,445935,1,5
445929,445934,445935,1,5
445929,445931,445934,3,2
445929,445933,445935,2,4
445929,445934,445935,1,5
445929,445934,445935,1,5
445929,445932,445935,3,3
445929,445932,445935,3,3
445929,445932,445935,3,3
445929,445933,445935,2,4
445929,445933,445935,2,4
445929,445933,445935,2,4
445929,445932,445935,3,3
445929,445933,445935,2,4
445929,445933,445935,2,4
445933,445934,445935,1,1
445933,445934,445935,1,1
445933,445934,445936,2,1
445933,445934,445935,1,1
445933,445934,445936,2,1
445929,445933,445936,3,4
445929,445933,445936,3,4
445929,445934,445935,1,5
445929,445934,445935,1,5
445929,445934,445935,1,5
445929,445933,445936,3,4
445929,445933,445936,3,4
445929,445934,445935,1,5
445929,445934,445935,1,5
445929,445934,445935,1,5
445929,445933,445936,3,4
445933,445934,445936,2,1
445933,445934,445936,2,1
445933,445934,445935,1,1
445929,445932,445935,3,3
445929,445932,445935,3,3
445929,445933,445935,2,4
445929,445933,445935,2,4
445933,445934,445935,1,1
445933,445934,445935,1,1
445933,445934,445935,1,1
445929,445932,445935,3,3
445929,445932,445935,3,3
445929,445932,445935,3,3
445929,445932,445935,3,3
445929,445933,445935,2,4
445933,445934,445936,2,1
445933,445934,445935,1,1
445929,445931,445935,4,2
445929,445933,445935,2,4
445929,445934,445936,2,5
445933,445935,445936,1,2
445933,445935,445936,1,2
445933,445935,445937,2,2
445933,445935,445937,2,2
445933,445935,445937,2,2
445933,445936,445937,1,3
445933,445935,445937,2,2
445936,445937,445938,1,1
445936,445937,445938,1,1
445933,445935,445938,3,2
445933,445936,445938,2,3
445933,445936,445938,2,3
445933,445936,445938,2,3
445933,445936,445938,2,3
445933,445936,445938,2,3
445933,445935,445938,3,2
445936,445936,445938,2,0
445936,445936,445938,2,0
445936,445936,445938,2,0
445936,445936,445938,2,0
445936,445937,445938,1,1
445933,445936,445938,2,3
445933,445936,445938,2,3
445933,445936,445938,2,3
445933,445936,445938,2,3
445936,445936,445938,2,0
445936,445936,445938,2,0
445933,445935,445938,3,2
445933,445936,445938,2,3
445933,445936,445938,2,3
445936,445936,445938,2,0
445936,445936,445938,2,0
445936,445936,445938,2,0
445933,445936,445939,3,3
445936,445937,445938,1,1
445933,445936,445939,3,3
445933,445936,445939,3,3
445933,445936,445939,3,3
445933,445936,445939,3,3
445933,445936,445939,3,3
445933,445936,445939,3,3
445936,445937,445938,1,1
445933,445936,445939,3,3
445933,445936,445938,2,3
445933,445936,445939,3,3
445933,445936,445939,3,3
445933,445936,445939,3,3
445933,445936,445939,3,3
445936,445936,445939,3,0
445933,445936,445939,3,3
445933,445936,445939,3,3
445933,445936,445939,3,3
445936,445937,445939,2,1
445933,445936,445939,3,3
445933,445936,445939,3,3
445933,445936,445939,3,3
445936,445937,445939,2,1
445933,445936,445939,3,3
445936,445937,445939,2,1
445933,445936,445939,3,3
445933,445936,445939,3,3
445933,445936,445939,3,3
445936,445938,445939,1,2
445933,445936,445939,3,3
445933,445936,445939,3,3
445936,445938,445940,2,2
445936,445939,445940,1,3
445936,445938,445940,2,2
445933,445937,445940,3,4
445936,445939,445940,1,3
445936,445940,445941,1,4
445936,445940,445941,1,4
445936,445940,445941,1,4
445936,445939,445941,2,3
445936,445939,445941,2,3
445936,445939,445941,2,3
445936,445939,445941,2,3
445936,445939,445941,2,3
445936,445939,445941,2,3
445936,445939,445941,2,3
445936,445938,445941,3,2
445936,445938,445941,3,2
445936,445940,445941,1,4
445936,445939,445941,2,3
445936,445939,445941,2,3
445936,445939,445941,2,3
445936,445939,445941,2,3
445936,445939,445941,2,3
445936,445939,445941,2,3
445936,445939,445941,2,3
445936,445939,445942,3,3
445936,445939,445941,2,3
445936,445939,445941,2,3
445936,445939,445941,2,3
445936,445939,445942,3,3
445936,445939,445941,2,3
445936,445939,445941,2,3
445936,445939,445942,3,3
445936,445940,445941,1,4
445936,445940,445941,1,4
445936,445939,445941,2,3
445936,445939,445942,3,3
445936,445939,445942,3,3
445936,445939,445942,3,3
445936,445939,445942,3,3
445936,445939,445942,3,3
445929,445933,445943,10,4
445933,445937,445947,10,4
445933,445937,445946,9,4
445595,445596,446000,404,1
446003,446003,446005,2,0
446003,446003,446005,2,0
446003,446003,446005,2,0
446003,446003,446005,2,0
446003,446003,446005,2,0
446003,446003,446004,1,0
446003,446003,446005,2,0
446003,446003,446005,2,0
446003,446003,446005,2,0
446003,446003,446005,2,0
446003,446003,446005,2,0
446003,446003,446005,2,0
446003,446003,446005,2,0
446003,446003,446005,2,0
446003,446003,446005,2,0
446003,446003,446005,2,0
446003,446003,446005,2,0
446003,446003,446005,2,0
446003,446003,446005,2,0
446003,446004,446006,2,1
446003,446004,446005,1,1
446003,446003,446005,2,0
446003,446003,446005,2,0
446003,446003,446006,3,0
446003,446003,446006,3,0
446003,446003,446006,3,0
446003,446003,446005,2,0
446003,446003,446006,3,0
446003,446003,446006,3,0
446003,446003,446006,3,0
446003,446003,446005,2,0
446003,446003,446006,3,0
446003,446003,446005,2,0
446003,446003,446006,3,0
446003,446003,446005,2,0
446003,446003,446005,2,0
446003,446003,446006,3,0
446003,446003,446005,2,0
446003,446003,446006,3,0
446003,446003,446006,3,0
446003,446003,446006,3,0
446003,446003,446007,4,0
446003,446003,446007,4,0
446003,446004,446006,2,1
446003,446004,446007,3,1
446003,446003,446007,4,0
446003,446003,446007,4,0
446003,446003,446007,4,0
446003,446003,446007,4,0
446003,446003,446007,4,0
446003,446003,446007,4,0
446003,446003,446007,4,0
446003,446003,446007,4,0
446003,446003,446006,3,0
446003,446003,446007,4,0
446003,446003,446007,4,0
446003,446003,446008,5,0
446003,446003,446007,4,0
446003,446004,446007,3,1
446003,446003,446007,4,0
446003,446003,446007,4,0
445635,445636,446018,382,1
446023,446024,446025,1,1
446023,446024,446026,2,1
446023,446024,446026,2,1
446023,446024,446026,2,1
446023,446024,446025,1,1
446023,446024,446025,1,1
446023,446024,446026,2,1
446023,446024,446026,2,1
446023,446024,446025,1,1
446023,446024,446025,1,1
446023,446024,446026,2,1
446023,446024,446026,2,1
446023,446024,446026,2,1
446023,446024,446025,1,1
446023,446024,446025,1,1
446023,446024,446025,1,1
446023,446024,446026,2,1
446023,446024,446026,2,1
446023,446024,446026,2,1
446023,446024,446026,2,1
446023,446024,446026,2,1
446023,446024,446025,1,1
446023,446024,446026,2,1
446023,446024,446026,2,1
446023,446024,446026,2,1
446023,446024,446027,3,1
446023,446024,446026,2,1
446023,446024,446027,3,1
446023,446024,446027,3,1
446023,446024,446027,3,1
446023,446024,446027,3,1
446023,446024,446026,2,1
446023,446024,446027,3,1
446023,446024,446026,2,1
446023,446024,446026,2,1
446023,446024,446026,2,1
446023,446024,446026,2,1
446023,446024,446027,3,1
446023,446024,446026,2,1
446023,446024,446027,3,1
446023,446024,446026,2,1
446023,446024,446026,2,1
446023,446024,446028,4,1
446023,446024,446028,4,1
446023,446024,446028,4,1
446023,446024,446027,3,1
446023,446024,446027,3,1
446023,446024,446028,4,1
446023,446024,446028,4,1
446023,446024,446028,4,1
446023,446024,446028,4,1
446023,446024,446028,4,1
446023,446024,446027,3,1
446023,446024,446028,4,1
446023,446024,446027,3,1
446023,446024,446028,4,1
446023,446024,446027,3,1
446023,446024,446027,3,1
446023,446024,446028,4,1
446023,446024,446028,4,1
446023,446024,446029,5,1
445643,445644,446034,390,1
446043,446043,446045,2,0
446043,446043,446045,2,0
446043,446043,446045,2,0
446043,446043,446045,2,0
446043,446043,446045,2,0
446043,446043,446045,2,0
446043,446043,446045,2,0
446043,446043,446045,2,0
446043,446043,446045,2,0
446043,446043,446045,2,0
446043,446043,446045,2,0
446043,446043,446045,2,0
446043,446043,446045,2,0
446043,446043,446045,2,0
446043,446043,446045,2,0
446043,446043,446045,2,0
446043,446043,446045,2,0
446043,446043,446045,2,0
446043,446043,446045,2,0
446043,446043,446045,2,0
446043,446043,446045,2,0
446043,446043,446045,2,0
446043,446043,446045,2,0
446043,446043,446045,2,0
446043,446043,446045,2,0
446043,446043,446045,2,0
446043,446043,446046,3,0
446043,446043,446046,3,0
446043,446043,446046,3,0
446043,446043,446046,3,0
446043,446043,446046,3,0
446043,446043,446046,3,0
446043,446043,446046,3,0
446043,446043,446046,3,0
446043,446043,446046,3,0
446043,446043,446046,3,0
446043,446043,446046,3,0
446043,446043,446046,3,0
446043,446043,446046,3,0
446043,446043,446046,3,0
446043,446045,446046,1,2
446043,446043,446047,4,0
446043,446043,446047,4,0
446043,446043,446046,3,0
446043,446043,446047,4,0
446043,446043,446047,4,0
446043,446043,446047,4,0
446043,446043,446047,4,0
446043,446043,446047,4,0
446043,446043,446047,4,0
446043,446043,446047,4,0
446043,446043,446047,4,0
446043,446043,446047,4,0
446043,446043,446047,4,0
446043,446043,446047,4,0
446043,446043,446047,4,0
446043,446043,446047,4,0
446043,446043,446047,4,0
446043,446043,446047,4,0
446043,446043,446048,5,0
446043,446044,446049,5,1
446043,446043,446050,7,0
445629,445630,446055,425,1
445661,445664,446060,396,3
446063,446063,446064,1,0
446063,446063,446065,2,0
446063,446063,446065,2,0
446063,446063,446065,2,0
446063,446063,446065,2,0
446063,446063,446065,2,0
446063,446063,446065,2,0
446063,446063,446065,2,0
446063,446063,446065,2,0
446063,446063,446065,2,0
446063,446063,446065,2,0
446063,446063,446065,2,0
446063,446063,446065,2,0
446063,446063,446065,2,0
446063,446063,446065,2,0
446063,446063,446065,2,0
446063,446063,446065,2,0
446063,446063,446065,2,0
446063,446063,446065,2,0
446063,446063,446065,2,0
446063,446063,446065,2,0
446063,446063,446065,2,0
446063,446063,446065,2,0
446063,446063,446065,2,0
446063,446063,446065,2,0
446063,446063,446066,3,0
446063,446063,446066,3,0
446063,446063,446065,2,0
446063,446064,446066,2,1
446063,446064,446065,1,1
446063,446064,446066,2,1
446063,446064,446066,2,1
446063,446063,446066,3,0
446065,446065,446066,1,0
446063,446063,446066,3,0
446063,446063,446066,3,0
446063,446063,446065,2,0
446063,446063,446066,3,0
446063,446063,446066,3,0
446063,446063,446066,3,0
446063,446063,446066,3,0
446063,446063,446066,3,0
446063,446063,446066,3,0
446063,446063,446065,2,0
446063,446063,446066,3,0
446063,446063,446066,3,0
446063,446063,446067,4,0
446063,446063,446067,4,0
446063,446063,446067,4,0
446063,446063,446066,3,0
446065,446065,446067,2,0
446065,446065,446067,2,0
446063,446063,446067,4,0
446063,446063,446067,4,0
446065,446065,446067,2,0
446065,446065,446067,2,0
446063,446063,446067,4,0
446063,446063,446067,4,0
446065,446065,446066,1,0
446063,446063,446067,4,0
446063,446063,446066,3,0
446065,446065,446067,2,0
446065,446065,446067,2,0
446065,446065,446067,2,0
446063,446063,446067,4,0
446063,446063,446067,4,0
446065,446065,446067,2,0
446065,446065,446067,2,0
446065,446065,446067,2,0
446065,446065,446067,2,0
446063,446063,446066,3,0
446063,446063,446067,4,0
446065,446065,446067,2,0
446063,446063,446067,4,0
446063,446063,446067,4,0
446065,446065,446067,2,0
446065,446065,446067,2,0
446065,446065,446067,2,0
446065,446065,446067,2,0
446063,446064,446068,4,1
446065,446067,446068,1,2
446065,446065,446068,3,0
446065,446066,446069,3,1
446065,446067,446069,2,2
446065,446066,446069,3,1
446065,446065,446069,4,0
446065,446065,446069,4,0
446065,446065,446069,4,0
446065,446066,446069,3,1
446065,446066,446069,3,1
446065,446066,446069,3,1
446065,446066,446069,3,1
446065,446066,446069,3,1
446065,446067,446069,2,2
446065,446067,446069,2,2
446065,446068,446069,1,3
446065,446068,446069,1,3
446065,446066,446069,3,1
446065,446066,446069,3,1
446065,446067,446069,2,2
446065,446067,446069,2,2
446065,446068,446069,1,3
446065,446068,446069,1,3
446065,446066,446069,3,1
446065,446065,446069,4,0
446065,446066,446069,3,1
446065,446067,446069,2,2
446065,446067,446069,2,2
446065,446067,446069,2,2
446065,446068,446069,1,3
446065,446065,446069,4,0
446065,446066,446069,3,1
446065,446066,446069,3,1
446065,446066,446069,3,1
446065,446066,446070,4,1
446065,446066,446069,3,1
446065,446066,446069,3,1
446065,446066,446069,3,1
446065,446066,446070,4,1
446065,446066,446070,4,1
446065,446066,446070,4,1
446065,446067,446070,3,2
446065,446067,446070,3,2
445700,445704,446073,369,4
446083,446083,446085,2,0
446083,446083,446085,2,0
446083,446083,446085,2,0
446083,446083,446085,2,0
446083,446083,446085,2,0
446083,446083,446085,2,0
446083,446083,446085,2,0
446083,446084,446085,1,1
446083,446084,446085,1,1
446083,446083,446085,2,0
446083,446083,446085,2,0
446083,446083,446085,2,0
446083,446083,446085,2,0
446083,446083,446085,2,0
446083,446083,446085,2,0
446083,446083,446085,2,0
446083,446083,446085,2,0
446083,446083,446084,1,0
446083,446083,446085,2,0
446083,446083,446085,2,0
446083,446083,446085,2,0
446083,446083,446085,2,0
446083,446083,446085,2,0
446083,446083,446085,2,0
446083,446084,446085,1,1
446083,446084,446085,1,1
446083,446084,446085,1,1
446083,446084,446085,1,1
446083,446083,446086,3,0
446083,446083,446085,2,0
446083,446083,446086,3,0
446083,446083,446086,3,0
446083,446083,446086,3,0
446083,446083,446086,3,0
446083,446083,446085,2,0
446083,446084,446086,2,1
446083,446084,446086,2,1
446083,446084,446085,1,1
446083,446083,446086,3,0
446083,446083,446086,3,0
446083,446083,446086,3,0
446083,446083,446086,3,0
446083,446083,446085,2,0
446083,446083,446086,3,0
446083,446083,446086,3,0
446083,446083,446086,3,0
446083,446083,446086,3,0
446083,446083,446086,3,0
446083,446083,446086,3,0
446083,446083,446087,4,0
446083,446083,446086,3,0
446083,446083,446086,3,0
446083,446083,446086,3,0
446083,446083,446087,4,0
446083,446083,446087,4,0
446083,446084,446087,3,1
446083,446083,446087,4,0
446083,446083,446086,3,0
446083,446083,446086,3,0
446083,446083,446086,3,0
446083,446084,446087,3,1
445681,445681,446088,407,0
446098,446098,446100,2,0
446098,446098,446100,2,0
446098,446098,446100,2,0
446098,446098,446099,1,0
446098,446098,446100,2,0
446098,446098,446100,2,0
446098,446098,446100,2,0
446098,446098,446100,2,0
446098,446098,446100,2,0
446098,446098,446100,2,0
446098,446098,446100,2,0
446098,446098,446100,2,0
446098,446098,446100,2,0
446098,446098,446100,2,0
446098,446098,446100,2,0
446098,446098,446100,2,0
446098,446098,446100,2,0
446098,446098,446100,2,0
446098,446098,446100,2,0
446098,446098,446100,2,0
446098,446098,446100,2,0
446098,446098,446100,2,0
446098,446098,446100,2,0
446098,446098,446100,2,0
446098,446098,446100,2,0
446098,446098,446100,2,0
446098,446098,446100,2,0
446098,446098,446101,3,0
446098,446098,446101,3,0
446098,446098,446100,2,0
446098,446098,446101,3,0
446098,446098,446101,3,0
446098,446098,446101,3,0
446098,446098,446100,2,0
446098,446098,446100,2,0
446098,446098,446101,3,0
446098,446098,446101,3,0
446098,446098,446101,3,0
446098,446098,446101,3,0
446098,446098,446101,3,0
446098,446098,446101,3,0
446098,446098,446100,2,0
446098,446098,446101,3,0
446098,446098,446101,3,0
446098,446098,446101,3,0
446098,446098,446102,4,0
446098,446098,446101,3,0
446098,446098,446102,4,0
446098,446098,446101,3,0
446098,446098,446101,3,0
446098,446098,446101,3,0
446098,446098,446102,4,0
446098,446098,446101,3,0
446098,446098,446102,4,0
446098,446098,446102,4,0
446098,446098,446102,4,0
446098,446098,446102,4,0
446098,446098,446102,4,0
446098,446098,446102,4,0
446098,446098,446102,4,0
446098,446098,446102,4,0
445703,445704,446104,400,1
446113,446113,446115,2,0
446113,446113,446115,2,0
446113,446113,446115,2,0
446113,446113,446115,2,0
446113,446113,446115,2,0
446113,446113,446114,1,0
446113,446113,446115,2,0
446113,446113,446115,2,0
446113,446113,446115,2,0
446113,446113,446115,2,0
446113,446113,446115,2,0
446113,446113,446115,2,0
446113,446113,446115,2,0
446113,446113,446115,2,0
446113,446113,446115,2,0
446113,446113,446115,2,0
446113,446113,446115,2,0
446113,446113,446115,2,0
446113,446113,446115,2,0
446113,446113,446115,2,0
446113,446113,446115,2,0
446113,446113,446115,2,0
446113,446113,446115,2,0
446113,446113,446115,2,0
446113,446113,446115,2,0
446113,446113,446115,2,0
446113,446113,446116,3,0
446113,446113,446115,2,0
446113,446113,446116,3,0
446113,446113,446116,3,0
446113,446113,446116,3,0
446113,446113,446116,3,0
446113,446113,446116,3,0
446113,446113,446116,3,0
446113,446113,446116,3,0
446113,446113,446116,3,0
446113,446113,446116,3,0
446113,446113,446116,3,0
446113,446113,446116,3,0
446113,446113,446116,3,0
446113,446113,446116,3,0
446113,446113,446116,3,0
446113,446113,446117,4,0
446113,446113,446116,3,0
446113,446113,446117,4,0
446113,446113,446117,4,0
446113,446113,446116,3,0
446113,446113,446117,4,0
446113,446113,446117,4,0
446113,446113,446117,4,0
446113,446113,446117,4,0
446113,446120,446121,1,7
446113,446121,446122,1,8
446113,446121,446122,1,8
446113,446121,446122,1,8
446113,446121,446123,2,8
446113,446121,446124,3,8
446113,446120,446121,1,7
446113,446120,446123,3,7
446113,446120,446122,2,7
446113,446120,446122,2,7
445723,445724,446130,406,1
446140,446140,446142,2,0
446140,446140,446141,1,0
446140,446140,446142,2,0
446140,446140,446142,2,0
446140,446140,446141,1,0
446140,446140,446142,2,0
446140,446140,446142,2,0
446140,446140,446142,2,0
446140,446140,446142,2,0
446140,446140,446142,2,0
446140,446140,446142,2,0
446140,446140,446142,2,0
446140,446140,446142,2,0
446140,446140,446142,2,0
446140,446140,446142,2,0
446140,446140,446142,2,0
446140,446140,446142,2,0
446140,446140,446142,2,0
446140,446140,446142,2,0
446140,446140,446142,2,0
446140,446140,446142,2,0
446140,446140,446142,2,0
446140,446140,446142,2,0
445756,445758,446142,384,2
446140,446140,446143,3,0
446140,446140,446142,2,0
446140,446140,446142,2,0
446140,446140,446142,2,0
446140,446141,446142,1,1
446140,446141,446143,2,1
446140,446140,446143,3,0
446140,446140,446142,2,0
446140,446140,446143,3,0
446140,446140,446143,3,0
446140,446140,446143,3,0
446140,446140,446142,2,0
446140,446140,446143,3,0
446140,446140,446142,2,0
446140,446140,446143,3,0
446140,446140,446142,2,0
446140,446140,446143,3,0
446140,446140,446143,3,0
446140,446140,446143,3,0
446140,446140,446143,3,0
446140,446140,446143,3,0
446140,446140,446143,3,0
446140,446140,446144,4,0
446140,446140,446143,3,0
446140,446140,446143,3,0
446140,446140,446143,3,0
446140,446140,446144,4,0
446140,446140,446143,3,0
446140,446140,446144,4,0
446140,446140,446143,3,0
446140,446140,446144,4,0
446140,446140,446143,3,0
446144,446144,446146,2,0
446144,446144,446146,2,0
446144,446144,446146,2,0
446144,446144,446146,2,0
446144,446144,446146,2,0
446144,446144,446145,1,0
446144,446144,446146,2,0
446144,446144,446146,2,0
446144,446144,446146,2,0
446144,446144,446146,2,0
446144,446144,446146,2,0
446144,446144,446146,2,0
446144,446144,446146,2,0
446144,446144,446146,2,0
446144,446144,446146,2,0
446144,446144,446146,2,0
446144,446144,446146,2,0
446144,446144,446146,2,0
446144,446144,446146,2,0
446144,446144,446146,2,0
446144,446144,446146,2,0
446144,446144,446146,2,0
446144,446144,446146,2,0
446144,446144,446146,2,0
446144,446145,446146,1,1
446144,446144,446147,3,0
446144,446144,446147,3,0
446144,446144,446147,3,0
446144,446144,446147,3,0
446144,446146,446147,1,2
446144,446144,446147,3,0
446144,446144,446147,3,0
446144,446144,446147,3,0
446144,446144,446147,3,0
446144,446144,446147,3,0
446144,446144,446147,3,0
446144,446144,446146,2,0
446144,446144,446147,3,0
446144,446144,446147,3,0
446144,446144,446147,3,0
446144,446144,446147,3,0
446144,446144,446147,3,0
446144,446144,446147,3,0
446144,446144,446147,3,0
446144,446144,446146,2,0
446144,446144,446147,3,0
446144,446144,446147,3,0
446144,446144,446147,3,0
446144,446144,446147,3,0
446144,446144,446147,3,0
446144,446144,446148,4,0
446144,446144,446147,3,0
446144,446146,446147,1,2
446144,446146,446147,1,2
446144,446146,446147,1,2
446144,446146,446147,1,2
446144,446146,446147,1,2
446144,446144,446148,4,0
446144,446144,446147,3,0
446144,446144,446147,3,0
446144,446144,446148,4,0
446140,446157,446158,1,17
446140,446157,446159,2,17
446140,446157,446159,2,17
446140,446157,446159,2,17
446140,446157,446159,2,17
446140,446157,446160,3,17
445779,445781,446176,395,2
446178,446178,446180,2,0
446178,446178,446180,2,0
446178,446178,446180,2,0
446178,446178,446180,2,0
446178,446178,446180,2,0
446178,446178,446180,2,0
446178,446178,446180,2,0
446178,446178,446180,2,0
446178,446178,446180,2,0
446178,446178,446180,2,0
446178,446178,446180,2,0
446178,446178,446180,2,0
446178,446178,446180,2,0
446178,446178,446180,2,0
446178,446178,446180,2,0
446178,446178,446180,2,0
446178,446178,446180,2,0
446178,446178,446180,2,0
446178,446178,446180,2,0
446178,446179,446180,1,1
446178,446179,446181,2,1
446178,446179,446181,2,1
446178,446178,446181,3,0
446178,446178,446181,3,0
446178,446178,446181,3,0
446178,446178,446181,3,0
446178,446178,446181,3,0
446178,446178,446181,3,0
446178,446178,446181,3,0
446178,446178,446181,3,0
446178,446178,446181,3,0
446178,446178,446181,3,0
446178,446178,446181,3,0
446178,446178,446181,3,0
446178,446178,446181,3,0
446178,446178,446181,3,0
446178,446178,446181,3,0
446178,446178,446182,4,0
446178,446178,446182,4,0
446178,446178,446181,3,0
446178,446178,446182,4,0
446178,446178,446182,4,0
446178,446178,446182,4,0
446178,446178,446182,4,0
446178,446179,446182,3,1
446178,446179,446182,3,1
446178,446178,446183,5,0
446178,446178,446183,5,0
446178,446178,446183,5,0
446178,446178,446183,5,0
446178,446178,446183,5,0
446178,446182,446184,2,4
446178,446182,446184,2,4
446178,446182,446184,2,4
446178,446182,446184,2,4
446178,446182,446185,3,4
446178,446179,446183,4,1
446178,446179,446183,4,1
446178,446179,446182,3,1
446178,446179,446182,3,1
446178,446179,446181,2,1
445809,445810,446223,413,1
446224,446224,446226,2,0
446224,446224,446226,2,0
446224,446224,446226,2,0
446224,446224,446226,2,0
446224,446224,446225,1,0
446224,446224,446226,2,0
446224,446224,446226,2,0
446224,446224,446226,2,0
446224,446224,446226,2,0
446224,446224,446226,2,0
446224,446224,446226,2,0
446224,446224,446226,2,0
446224,446224,446226,2,0
446224,446224,446226,2,0
446224,446224,446226,2,0
446224,446224,446226,2,0
446224,446224,446226,2,0
446224,446224,446226,2,0
446224,446224,446226,2,0
446224,446224,446226,2,0
446224,446224,446226,2,0
446224,446224,446226,2,0
446224,446224,446226,2,0
446224,446224,446226,2,0
446224,446225,446226,1,1
446224,446224,446227,3,0
446224,446224,446227,3,0
446224,446224,446227,3,0
446224,446224,446226,2,0
446224,446224,446227,3,0
446224,446224,446227,3,0
446224,446224,446227,3,0
446224,446224,446227,3,0
446224,446224,446227,3,0
446224,446224,446227,3,0
446224,446224,446227,3,0
446224,446224,446227,3,0
446224,446224,446227,3,0
446224,446224,446226,2,0
446224,446224,446227,3,0
446224,446224,446227,3,0
446224,446224,446227,3,0
446224,446224,446227,3,0
446224,446224,446227,3,0
446224,446224,446227,3,0
446224,446224,446227,3,0
446224,446224,446228,4,0
446224,446224,446228,4,0
446224,446224,446228,4,0
446224,446224,446228,4,0
446224,446224,446228,4,0
446224,446224,446228,4,0
446224,446224,446228,4,0
446224,446224,446228,4,0
446224,446224,446228,4,0
446224,446224,446228,4,0
445871,445872,446231,359,1
446232,446232,446234,2,0
446232,446232,446234,2,0
446232,446232,446234,2,0
446232,446232,446234,2,0
446232,446232,446234,2,0
446232,446232,446234,2,0
446232,446232,446234,2,0
446232,446232,446234,2,0
446232,446232,446234,2,0
446232,446232,446234,2,0
446232,446232,446234,2,0
446232,446232,446234,2,0
446232,446232,446234,2,0
446232,446232,446234,2,0
446232,446232,446234,2,0
446232,446232,446234,2,0
446232,446232,446234,2,0
446232,446232,446234,2,0
446232,446232,446234,2,0
446232,446232,446234,2,0
446232,446232,446234,2,0
446232,446232,446234,2,0
446232,446232,446234,2,0
446232,446232,446234,2,0
446232,446232,446234,2,0
446232,446232,446234,2,0
446232,446232,446234,2,0
446232,446232,446234,2,0
446232,446232,446235,3,0
446232,446232,446235,3,0
446232,446232,446235,3,0
446232,446232,446235,3,0
446232,446232,446235,3,0
446232,446232,446235,3,0
446232,446232,446235,3,0
446232,446232,446235,3,0
446232,446232,446235,3,0
446232,446232,446234,2,0
446232,446232,446235,3,0
446232,446232,446235,3,0
446232,446232,446235,3,0
446232,446232,446235,3,0
446232,446232,446235,3,0
446232,446232,446236,4,0
446232,446232,446235,3,0
445869,445869,446236,367,0
446232,446232,446235,3,0
446232,446232,446235,3,0
446232,446232,446236,4,0
446232,446232,446236,4,0
446232,446234,446235,1,2
446232,446234,446236,2,2
446232,446234,446236,2,2
446232,446234,446236,2,2
446232,446232,446236,4,0
446232,446232,446235,3,0
446232,446235,446236,1,3
446232,446232,446236,4,0
446232,446232,446236,4,0
446232,446232,446235,3,0
446232,446232,446236,4,0
446232,446232,446235,3,0
445852,445853,446240,387,1
446224,446241,446243,2,17
446224,446241,446243,2,17
446224,446241,446244,3,17
446224,446241,446244,3,17
446224,446241,446245,4,17
446252,446252,446253,1,0
446252,446252,446254,2,0
446252,446252,446254,2,0
446252,446252,446254,2,0
446252,446252,446254,2,0
446252,446252,446254,2,0
446252,446252,446254,2,0
446252,446252,446254,2,0
446252,446252,446253,1,0
446252,446252,446254,2,0
446252,446252,446254,2,0
446252,446252,446254,2,0
446252,446252,446254,2,0
446252,446252,446254,2,0
446252,446252,446254,2,0
446252,446252,446254,2,0
446252,446252,446254,2,0
446252,446252,446254,2,0
446252,446252,446254,2,0
446252,446252,446254,2,0
446252,446252,446254,2,0
446252,446252,446254,2,0
446252,446252,446254,2,0
446252,446252,446254,2,0
446252,446252,446254,2,0
446252,446252,446254,2,0
446252,446252,446254,2,0
446252,446252,446255,3,0
446252,446252,446255,3,0
446252,446252,446255,3,0
446252,446252,446254,2,0
446252,446252,446255,3,0
446252,446252,446255,3,0
446252,446252,446255,3,0
446252,446252,446255,3,0
446252,446252,446255,3,0
446252,446252,446254,2,0
446252,446252,446254,2,0
446252,446252,446255,3,0
446252,446252,446255,3,0
446252,446252,446254,2,0
446252,446252,446255,3,0
446252,446252,446255,3,0
446252,446252,446255,3,0
446252,446252,446255,3,0
446252,446252,446255,3,0
446252,446252,446256,4,0
446252,446252,446256,4,0
446252,446252,446255,3,0
446252,446252,446255,3,0
446252,446252,446255,3,0
446252,446252,446256,4,0
446252,446252,446256,4,0
446252,446252,446255,3,0
446252,446252,446255,3,0
446252,446252,446256,4,0
446252,446252,446256,4,0
446252,446252,446256,4,0
446252,446252,446256,4,0
446252,446252,446255,3,0
446252,446252,446256,4,0
446252,446252,446256,4,0
446263,446263,446265,2,0
446263,446263,446265,2,0
446263,446263,446264,1,0
446263,446263,446265,2,0
446263,446263,446265,2,0
446263,446263,446265,2,0
446263,446263,446264,1,0
446263,446263,446264,1,0
446263,446263,446265,2,0
446263,446263,446265,2,0
446263,446263,446264,1,0
446263,446263,446265,2,0
446263,446263,446265,2,0
446263,446263,446265,2,0
446263,446263,446265,2,0
446263,446263,446265,2,0
446263,446263,446265,2,0
446263,446263,446264,1,0
446263,446263,446264,1,0
446263,446263,446265,2,0
446263,446263,446265,2,0
446263,446263,446265,2,0
446263,446263,446264,1,0
446263,446263,446264,1,0
446263,446263,446264,1,0
446263,446263,446265,2,0
446263,446263,446265,2,0
446263,446263,446264,1,0
446263,446263,446265,2,0
446263,446263,446266,3,0
446263,446263,446266,3,0
446263,446263,446265,2,0
446263,446263,446266,3,0
446263,446263,446266,3,0
446263,446263,446266,3,0
446263,446263,446265,2,0
446263,446263,446266,3,0
446263,446263,446266,3,0
446263,446263,446265,2,0
446263,446263,446266,3,0
446263,446263,446265,2,0
446263,446263,446266,3,0
446263,446263,446266,3,0
446263,446263,446266,3,0
446263,446263,446266,3,0
446263,446263,446266,3,0
446263,446263,446265,2,0
446263,446263,446265,2,0
446263,446263,446266,3,0
446263,446263,446266,3,0
446263,446263,446266,3,0
446263,446263,446266,3,0
446263,446263,446266,3,0
446263,446263,446266,3,0
446263,446263,446266,3,0
446263,446263,446270,7,0
446263,446263,446271,8,0
446263,446263,446271,8,0
446263,446263,446265,2,0
446263,446263,446265,2,0
446263,446263,446268,5,0
445933,445934,446310,376,1
446312,446312,446314,2,0
446312,446312,446314,2,0
446312,446312,446314,2,0
446312,446313,446314,1,1
446312,446313,446314,1,1
446312,446313,446314,1,1
446312,446313,446314,1,1
446312,446312,446314,2,0
446312,446312,446314,2,0
446312,446312,446314,2,0
446312,446313,446314,1,1
446312,446312,446314,2,0
446312,446312,446314,2,0
446312,446312,446314,2,0
446312,446312,446314,2,0
446312,446312,446314,2,0
446312,446313,446314,1,1
446312,446313,446314,1,1
446312,446312,446314,2,0
446312,446312,446314,2,0
446312,446312,446314,2,0
446312,446312,446314,2,0
446312,446313,446314,1,1
446312,446313,446314,1,1
446312,446312,446314,2,0
446312,446312,446314,2,0
446312,446312,446314,2,0
446312,446313,446314,1,1
446312,446313,446314,1,1
446312,446312,446315,3,0
446312,446312,446315,3,0
446312,446312,446315,3,0
446312,446313,446315,2,1
446312,446312,446315,3,0
446312,446312,446315,3,0
446312,446312,446315,3,0
446312,446312,446315,3,0
446312,446312,446315,3,0
446312,446313,446315,2,1
446312,446312,446315,3,0
446312,446312,446315,3,0
446312,446313,446315,2,1
446312,446313,446315,2,1
446312,446313,446315,2,1
446312,446312,446316,4,0
446312,446312,446316,4,0
446312,446313,446316,3,1
446312,446312,446316,4,0
446312,446312,446316,4,0
446312,446313,446316,3,1
446312,446312,446316,4,0
446312,446317,446318,1,5
446312,446317,446318,1,5
446312,446317,446318,1,5
446312,446317,446318,1,5
446312,446317,446319,2,5
446312,446317,446319,2,5
446312,446331,446332,1,19
446312,446331,446332,1,19
445930,445934,446333,399,4
446312,446331,446334,3,19
446312,446331,446334,3,19
446335,446335,446337,2,0
446335,446335,446337,2,0
446335,446335,446337,2,0
446335,446335,446337,2,0
446335,446335,446337,2,0
446335,446335,446337,2,0
446335,446335,446337,2,0
446335,446336,446337,1,1
446335,446336,446337,1,1
446335,446335,446337,2,0
446335,446335,446337,2,0
446335,446335,446337,2,0
446335,446335,446337,2,0
446335,446335,446337,2,0
446335,446335,446337,2,0
446335,446335,446337,2,0
446335,446335,446337,2,0
446335,446335,446337,2,0
446335,446335,446336,1,0
446335,446335,446337,2,0
446335,446335,446336,1,0
446335,446335,446337,2,0
446335,446335,446337,2,0
446335,446335,446337,2,0
446335,446335,446337,2,0
446335,446335,446337,2,0
446335,446335,446337,2,0
446335,446335,446337,2,0
446335,446335,446337,2,0
446335,446335,446338,3,0
446335,446335,446338,3,0
446335,446335,446338,3,0
446335,446335,446337,2,0
446335,446335,446338,3,0
446335,446335,446337,2,0
446335,446336,446337,1,1
446335,446336,446338,2,1
446335,446336,446338,2,1
446335,446336,446337,1,1
446335,446335,446338,3,0
446335,446335,446338,3,0
446335,446335,446338,3,0
446335,446335,446338,3,0
446335,446335,446338,3,0
446335,446335,446337,2,0
446335,446335,446338,3,0
446335,446335,446338,3,0
446335,446335,446337,2,0
446335,446335,446338,3,0
446335,446335,446338,3,0
446335,446335,446339,4,0
446335,446335,446338,3,0
446335,446335,446339,4,0
446335,446335,446338,3,0
446335,446335,446339,4,0
446335,446335,446339,4,0
446335,446335,446338,3,0
446335,446335,446339,4,0
446335,446336,446339,3,1
445937,445940,446340,400,3
446335,446335,446341,6,0
446335,446335,446342,7,0
446349,446349,446351,2,0
446349,446349,446351,2,0
446349,446349,446351,2,0
446349,446349,446351,2,0
446349,446349,446350,1,0
446349,446349,446351,2,0
446349,446349,446351,2,0
446349,446349,446350,1,0
446349,446349,446350,1,0
446349,446349,446351,2,0
446349,446349,446351,2,0
446349,446349,446351,2,0
446349,446349,446351,2,0
446349,446349,446351,2,0
446349,446349,446351,2,0
446349,446349,446350,1,0
446349,446349,446350,1,0
446349,446349,446351,2,0
446349,446349,446351,2,0
446349,446349,446351,2,0
446349,446349,446350,1,0
446349,446349,446350,1,0
446349,446349,446351,2,0
446349,446349,446351,2,0
446349,446349,446351,2,0
446349,446349,446351,2,0
446349,446349,446352,3,0
446349,446349,446351,2,0
446349,446349,446352,3,0
446349,446349,446351,2,0
446349,446349,446351,2,0
446349,446349,446352,3,0
446349,446349,446351,2,0
446349,446349,446351,2,0
446349,446349,446352,3,0
446349,446349,446351,2,0
446349,446349,446352,3,0
446349,446349,446352,3,0
446349,446349,446351,2,0
446349,446349,446352,3,0
446349,446349,446352,3,0
446349,446349,446352,3,0
446349,446349,446352,3,0
446349,446349,446352,3,0
446349,446349,446351,2,0
446349,446349,446352,3,0
446349,446349,446352,3,0
446349,446349,446352,3,0
446349,446349,446352,3,0
446349,446349,446352,3,0
446349,446349,446352,3,0
446349,446349,446352,3,0
446349,446349,446352,3,0
446349,446349,446352,3,0
446349,446349,446353,4,0
446349,446349,446352,3,0
446349,446349,446352,3,0
446349,446349,446353,4,0
446349,446349,446353,4,0
446349,446349,446354,5,0
445935,445936,446358,422,1
446364,446365,446366,1,1
446364,446365,446366,1,1
446349,446349,446366,17,0
446364,446365,446367,2,1
446364,446365,446367,2,1
446364,446365,446367,2,1
446364,446365,446367,2,1
446364,446365,446366,1,1
446364,446365,446366,1,1
446364,446365,446367,2,1
446364,446365,446366,1,1
446364,446365,446366,1,1
446364,446365,446367,2,1
446364,446365,446366,1,1
446364,446365,446366,1,1
446364,446365,446366,1,1
446364,446365,446366,1,1
446364,446365,446366,1,1
446364,446365,446366,1,1
446364,446365,446367,2,1
446364,446365,446366,1,1
446364,446365,446366,1,1
446364,446365,446366,1,1
446364,446365,446367,2,1
446364,446365,446366,1,1
446364,446365,446366,1,1
446364,446365,446366,1,1
446364,446365,446366,1,1
446364,446365,446366,1,1
446364,446365,446367,2,1
446364,446365,446367,2,1
446364,446365,446368,3,1
446364,446365,446367,2,1
446364,446365,446367,2,1
446364,446365,446367,2,1
446364,446365,446367,2,1
446364,446365,446368,3,1
446364,446365,446367,2,1
446364,446365,446367,2,1
446364,446365,446367,2,1
446364,446365,446367,2,1
446364,446365,446367,2,1
446364,446365,446367,2,1
446364,446365,446368,3,1
446364,446365,446367,2,1
446364,446365,446368,3,1
446364,446365,446367,2,1
446364,446365,446368,3,1
446364,446365,446368,3,1
446364,446365,446368,3,1
446364,446365,446368,3,1
446364,446365,446368,3,1
446364,446365,446368,3,1
446364,446367,446368,1,3
446364,446365,446369,4,1
446364,446365,446368,3,1
446364,446365,446368,3,1
446364,446365,446368,3,1
446364,446365,446368,3,1
446364,446365,446368,3,1
446004,446005,446377,372,1
446380,446380,446382,2,0
446380,446380,446382,2,0
446380,446380,446382,2,0
446380,446380,446382,2,0
446380,446380,446382,2,0
446380,446380,446382,2,0
446380,446380,446382,2,0
446380,446380,446382,2,0
446380,446380,446382,2,0
446380,446380,446382,2,0
446380,446380,446382,2,0
446380,446380,446382,2,0
446380,446380,446382,2,0
446380,446380,446382,2,0
446380,446380,446382,2,0
446380,446380,446382,2,0
446380,446380,446382,2,0
446380,446380,446382,2,0
446380,446380,446382,2,0
446380,446380,446382,2,0
446380,446380,446382,2,0
446380,446380,446382,2,0
446380,446380,446382,2,0
446380,446381,446383,2,1
446380,446381,446383,2,1
446380,446381,446382,1,1
446380,446381,446382,1,1
446380,446380,446382,2,0
446380,446380,446383,3,0
446380,446380,446382,2,0
446380,446382,446383,1,2
446380,446380,446383,3,0
446380,446380,446383,3,0
446380,446380,446383,3,0
446380,446380,446383,3,0
446380,446382,446383,1,2
445903,445904,446383,479,1
446380,446380,446383,3,0
446380,446380,446383,3,0
446380,446382,446383,1,2
446380,446380,446383,3,0
446380,446380,446383,3,0
446380,446380,446383,3,0
446380,446380,446383,3,0
446380,446380,446383,3,0
446380,446381,446383,2,1
446380,446380,446384,4,0
446380,446380,446384,4,0
446380,446380,446384,4,0
446380,446380,446384,4,0
446380,446380,446384,4,0
446380,446380,446384,4,0
446380,446380,446384,4,0
446380,446380,446384,4,0
446380,446380,446384,4,0
446380,446380,446384,4,0
446380,446380,446384,4,0
446380,446380,446383,3,0
446364,446365,446383,18,1
446380,446381,446384,3,1
446364,446365,446385,20,1
446380,446381,446385,4,1
446380,446381,446384,3,1
446380,446381,446384,3,1
446380,446380,446384,4,0
446384,446384,446386,2,0
446384,446384,446386,2,0
446384,446384,446386,2,0
446384,446384,446386,2,0
446384,446384,446386,2,0
446384,446385,446386,1,1
446384,446384,446386,2,0
446384,446384,446386,2,0
446384,446384,446386,2,0
446384,446384,446386,2,0
446384,446384,446386,2,0
446384,446384,446386,2,0
446384,446384,446386,2,0
446384,446384,446386,2,0
446384,446384,446386,2,0
446384,446384,446386,2,0
446384,446384,446386,2,0
446384,446384,446386,2,0
446384,446384,446386,2,0
446384,446384,446386,2,0
446384,446384,446386,2,0
446384,446384,446386,2,0
446384,446385,446386,1,1
446384,446385,446386,1,1
446384,446384,446386,2,0
446384,446384,446386,2,0
446384,446385,446386,1,1
446384,446385,446386,1,1
446384,446386,446387,1,2
446384,446386,446387,1,2
446384,446386,446387,1,2
446384,446386,446387,1,2
446384,446384,446387,3,0
446384,446384,446386,2,0
446384,446384,446387,3,0
446384,446385,446386,1,1
446384,446385,446386,1,1
446384,446384,446387,3,0
446384,446384,446387,3,0
446384,446384,446387,3,0
446384,446384,446387,3,0
446384,446384,446387,3,0
446384,446385,446387,2,1
446384,446384,446387,3,0
446384,446385,446387,2,1
446384,446384,446387,3,0
446384,446384,446387,3,0
446384,446384,446387,3,0
446384,446384,446387,3,0
446384,446384,446387,3,0
446384,446384,446388,4,0
446384,446384,446388,4,0
446384,446384,446388,4,0
446384,446384,446388,4,0
446384,446384,446388,4,0
446384,446384,446388,4,0
446384,446384,446388,4,0
446384,446384,446388,4,0
446384,446384,446388,4,0
446384,446384,446388,4,0
446384,446384,446388,4,0
446025,446026,446425,399,1
446427,446427,446429,2,0
446427,446427,446428,1,0
446427,446427,446428,1,0
446427,446427,446429,2,0
446427,446427,446429,2,0
446427,446427,446429,2,0
446427,446427,446429,2,0
446427,446427,446429,2,0
446427,446427,446429,2,0
446427,446427,446429,2,0
446427,446427,446429,2,0
446427,446427,446429,2,0
446427,446427,446429,2,0
446427,446427,446429,2,0
446427,446427,446429,2,0
446427,446427,446429,2,0
446427,446427,446429,2,0
446427,446427,446429,2,0
446427,446427,446428,1,0
446427,446427,446429,2,0
446427,446427,446429,2,0
446427,446427,446429,2,0
446427,446427,446429,2,0
446427,446427,446429,2,0
446427,446428,446430,2,1
446427,446427,446430,3,0
446427,446427,446430,3,0
446427,446427,446429,2,0
446427,446427,446430,3,0
446427,446427,446429,2,0
446427,446427,446430,3,0
446427,446427,446429,2,0
446427,446427,446430,3,0
446427,446427,446429,2,0
446427,446427,446429,2,0
446427,446427,446430,3,0
446427,446427,446429,2,0
446427,446427,446430,3,0
446427,446427,446430,3,0
446427,446427,446429,2,0
446427,446428,446431,3,1
446427,446428,446431,3,1
446427,446427,446430,3,0
446427,446427,446430,3,0
446427,446427,446431,4,0
446427,446427,446430,3,0
446427,446427,446431,4,0
446427,446427,446430,3,0
446427,446427,446431,4,0
446427,446427,446431,4,0
446427,446427,446431,4,0
446427,446427,446431,4,0
446427,446427,446431,4,0
446427,446427,446430,3,0
446427,446427,446431,4,0
446427,446427,446430,3,0
446427,446427,446431,4,0
446064,446064,446446,382,0
446427,446446,446447,1,19
446427,446446,446447,1,19
446427,446446,446448,2,19
446427,446446,446448,2,19
446448,446448,446450,2,0
446448,446448,446450,2,0
446448,446448,446450,2,0
446448,446448,446450,2,0
446448,446448,446450,2,0
446448,446448,446449,1,0
446448,446448,446450,2,0
446448,446448,446450,2,0
446448,446448,446450,2,0
446448,446448,446449,1,0
446448,446448,446450,2,0
446448,446448,446450,2,0
446448,446448,446450,2,0
446448,446448,446450,2,0
446448,446448,446449,1,0
446448,446448,446449,1,0
446448,446448,446449,1,0
446448,446448,446450,2,0
446448,446448,446449,1,0
446448,446448,446449,1,0
446448,446449,446450,1,1
446448,446449,446450,1,1
446448,446448,446451,3,0
446448,446448,446451,3,0
446448,446448,446450,2,0
446448,446448,446451,3,0
446448,446448,446450,2,0
446448,446448,446450,2,0
446448,446448,446451,3,0
446448,446448,446450,2,0
446448,446448,446450,2,0
446448,446448,446450,2,0
446448,446448,446451,3,0
446448,446448,446450,2,0
446448,446448,446450,2,0
446448,446448,446451,3,0
446448,446448,446450,2,0
446448,446448,446450,2,0
446448,446448,446450,2,0
446448,446448,446451,3,0
446448,446448,446451,3,0
446448,446448,446452,4,0
446448,446448,446451,3,0
446448,446448,446451,3,0
446448,446448,446452,4,0
446448,446448,446451,3,0
446448,446448,446452,4,0
446448,446448,446451,3,0
446448,446448,446451,3,0
446448,446448,446452,4,0
446448,446448,446452,4,0
446448,446448,446452,4,0
446448,446448,446451,3,0
446448,446448,446452,4,0
446448,446448,446451,3,0
446448,446448,446452,4,0
446448,446448,446452,4,0
446448,446448,446452,4,0
446448,446448,446452,4,0
446448,446448,446452,4,0
446448,446448,446452,4,0
446084,446085,446454,369,1
446461,446462,446463,1,1
446461,446461,446463,2,0
446461,446461,446463,2,0
446461,446461,446463,2,0
446461,446461,446463,2,0
446461,446461,446463,2,0
446461,446461,446463,2,0
446461,446461,446463,2,0
446461,446461,446463,2,0
446461,446461,446463,2,0
446461,446461,446463,2,0
446461,446462,446463,1,1
446461,446461,446463,2,0
446461,446461,446463,2,0
446461,446462,446463,1,1
446461,446461,446463,2,0
446461,446461,446463,2,0
446461,446461,446463,2,0
446461,446461,446463,2,0
446461,446461,446463,2,0
446461,446461,446463,2,0
446461,446461,446463,2,0
446461,446461,446463,2,0
446461,446461,446463,2,0
446044,446046,446464,418,2
446461,446462,446464,2,1
446066,446068,446464,396,2
446461,446461,446464,3,0
446461,446461,446464,3,0
446461,446461,446464,3,0
446461,446461,446464,3,0
446461,446461,446464,3,0
446461,446461,446464,3,0
446461,446461,446464,3,0
446461,446461,446464,3,0
446461,446461,446464,3,0
446461,446461,446465,4,0
446461,446462,446464,2,1
446461,446461,446464,3,0
446461,446462,446464,2,1
446461,446461,446464,3,0
446461,446462,446464,2,1
446461,446462,446464,2,1
446461,446461,446465,4,0
446461,446461,446465,4,0
446461,446461,446465,4,0
446461,446461,446465,4,0
446461,446461,446465,4,0
446461,446461,446465,4,0
446461,446461,446465,4,0
446461,446461,446465,4,0
446461,446461,446465,4,0
446461,446461,446465,4,0
446461,446461,446465,4,0
446461,446461,446465,4,0
446461,446461,446466,5,0
446461,446461,446465,4,0
446461,446462,446465,3,1
446461,446462,446465,3,1
446461,446461,446465,4,0
446461,446462,446465,3,1
446461,446461,446466,5,0
446461,446462,446466,4,1
446475,446476,446477,1,1
446475,446475,446477,2,0
446475,446476,446477,1,1
446475,446475,446477,2,0
446475,446476,446477,1,1
446475,446476,446477,1,1
446475,446476,446477,1,1
446475,446476,446477,1,1
446475,446476,446477,1,1
446475,446475,446477,2,0
446475,446476,446478,2,1
446475,446476,446477,1,1
446475,446475,446477,2,0
446475,446476,446477,1,1
446475,446476,446477,1,1
446475,446476,446477,1,1
446475,446475,446477,2,0
446475,446475,446477,2,0
446475,446476,446477,1,1
446475,446476,446477,1,1
446475,446476,446477,1,1
446475,446476,446477,1,1
446475,446476,446477,1,1
446475,446476,446478,2,1
446475,446476,446478,2,1
446475,446475,446478,3,0
446475,446476,446479,3,1
446475,446476,446478,2,1
446475,446475,446478,3,0
446475,446476,446478,2,1
446475,446475,446478,3,0
446475,446475,446478,3,0
446475,446476,446478,2,1
446475,446476,446478,2,1
446475,446476,446478,2,1
446475,446476,446478,2,1
446475,446476,446478,2,1
446475,446476,446479,3,1
446475,446476,446478,2,1
446475,446475,446479,4,0
446475,446475,446479,4,0
446475,446475,446479,4,0
446475,446475,446479,4,0
446475,446476,446479,3,1
446475,446476,446479,3,1
446475,446476,446479,3,1
446475,446476,446479,3,1
446475,446476,446479,3,1
446475,446476,446479,3,1
446475,446476,446479,3,1
446475,446476,446480,4,1
446475,446476,446480,4,1
446475,446476,446479,3,1
446475,446476,446479,3,1
446475,446476,446479,3,1
446475,446476,446480,4,1
446099,446100,446488,388,1
446475,446488,446489,1,13
446475,446488,446490,2,13
446475,446488,446490,2,13
446490,446490,446492,2,0
446490,446490,446491,1,0
446490,446490,446491,1,0
446490,446490,446491,1,0
446490,446490,446491,1,0
446490,446490,446492,2,0
446490,446490,446491,1,0
446490,446490,446492,2,0
446490,446490,446492,2,0
446490,446490,446491,1,0
446490,446490,446491,1,0
446490,446490,446491,1,0
446490,446490,446491,1,0
446490,446490,446492,2,0
446490,446490,446492,2,0
446490,446490,446491,1,0
446490,446490,446491,1,0
446490,446490,446492,2,0
446490,446490,446491,1,0
446490,446490,446491,1,0
446490,446490,446492,2,0
446490,446490,446491,1,0
446490,446491,446492,1,1
446490,446490,446493,3,0
446490,446490,446492,2,0
446490,446490,446492,2,0
446490,446490,446492,2,0
446490,446490,446493,3,0
446490,446490,446493,3,0
446490,446490,446493,3,0
446490,446490,446492,2,0
446490,446490,446492,2,0
446490,446490,446493,3,0
446490,446490,446492,2,0
446490,446490,446492,2,0
446490,446490,446493,3,0
446490,446490,446492,2,0
446490,446490,446493,3,0
446490,446490,446492,2,0
446490,446490,446494,4,0
446490,446490,446493,3,0
446490,446490,446494,4,0
446490,446490,446494,4,0
446490,446490,446494,4,0
446490,446490,446493,3,0
446490,446490,446493,3,0
446490,446490,446493,3,0
446490,446490,446494,4,0
446490,446490,446493,3,0
446490,446490,446493,3,0
446490,446490,446493,3,0
446490,446490,446493,3,0
446490,446490,446494,4,0
446490,446490,446494,4,0
446490,446502,446504,2,12
446490,446502,446503,1,12
446490,446502,446504,2,12
446490,446502,446504,2,12
446490,446502,446503,1,12
446490,446502,446505,3,12
446490,446502,446505,3,12
446505,446506,446508,2,1
446505,446506,446507,1,1
446505,446506,446507,1,1
446505,446506,446507,1,1
446505,446506,446507,1,1
446505,446506,446507,1,1
446505,446506,446507,1,1
446505,446506,446507,1,1
446505,446506,446508,2,1
446505,446506,446507,1,1
446505,446506,446507,1,1
446505,446506,446507,1,1
446505,446506,446507,1,1
446505,446506,446508,2,1
446505,446506,446508,2,1
446505,446506,446507,1,1
446505,446506,446507,1,1
446505,446506,446507,1,1
446505,446506,446508,2,1
446505,446506,446508,2,1
446505,446506,446507,1,1
446505,446506,446508,2,1
446505,446506,446507,1,1
446505,446506,446508,2,1
446505,446506,446508,2,1
446505,446506,446508,2,1
446505,446506,446509,3,1
446505,446506,446508,2,1
446505,446506,446508,2,1
446505,446506,446509,3,1
446505,446506,446508,2,1
446505,446506,446509,3,1
446505,446506,446508,2,1
446505,446506,446509,3,1
446505,446506,446508,2,1
446505,446506,446509,3,1
446505,446506,446508,2,1
446505,446506,446508,2,1
446505,446506,446508,2,1
446505,446506,446509,3,1
446505,446506,446508,2,1
446505,446506,446509,3,1
446505,446506,446509,3,1
446505,446506,446510,4,1
446505,446506,446509,3,1
446505,446506,446509,3,1
446505,446506,446509,3,1
446505,446506,446509,3,1
446505,446506,446510,4,1
446505,446506,446509,3,1
446505,446506,446510,4,1
446505,446506,446509,3,1
446505,446506,446510,4,1
446505,446506,446509,3,1
446505,446506,446510,4,1
446505,446506,446509,3,1
446505,446506,446509,3,1
446505,446524,446526,2,19
446505,446524,446527,3,19
446114,446115,446543,428,1
446145,446146,446544,398,1
446543,446544,446546,2,1
446543,446544,446545,1,1
446543,446544,446545,1,1
446543,446544,446546,2,1
446543,446544,446546,2,1
446543,446544,446545,1,1
446543,446544,446545,1,1
446543,446544,446545,1,1
446543,446544,446545,1,1
446543,446544,446546,2,1
446543,446544,446546,2,1
446543,446544,446546,2,1
446543,446544,446546,2,1
446543,446544,446546,2,1
446543,446544,446546,2,1
446543,446544,446546,2,1
446543,446544,446546,2,1
446543,446544,446545,1,1
446543,446544,446546,2,1
446543,446544,446546,2,1
446543,446544,446545,1,1
446543,446544,446546,2,1
446543,446544,446545,1,1
446543,446545,446546,1,2
446543,446544,446547,3,1
446543,446544,446546,2,1
446543,446544,446546,2,1
446543,446544,446546,2,1
446543,446544,446547,3,1
446543,446544,446546,2,1
446543,446544,446546,2,1
446543,446544,446547,3,1
446543,446544,446547,3,1
446543,446544,446546,2,1
446543,446544,446547,3,1
446543,446544,446546,2,1
446543,446544,446546,2,1
446543,446544,446547,3,1
446543,446544,446546,2,1
446543,446544,446547,3,1
446543,446544,446546,2,1
446543,446544,446546,2,1
446505,446524,446527,3,19
446505,446524,446527,3,19
446543,446544,446547,3,1
446543,446544,446548,4,1
446543,446544,446548,4,1
446543,446544,446547,3,1
446546,446546,446547,1,0
446546,446546,446547,1,0
446546,446546,446548,2,0
446546,446546,446548,2,0
446543,446544,446547,3,1
446543,446546,446547,1,3
446543,446544,446547,3,1
446543,446544,446547,3,1
446546,446546,446547,1,0
446546,446546,446547,1,0
446546,446546,446548,2,0
446543,446544,446548,4,1
446543,446544,446547,3,1
446546,446546,446548,2,0
446546,446546,446548,2,0
446546,446546,446548,2,0
446543,446544,446548,4,1
446543,446544,446547,3,1
446546,446546,446547,1,0
446546,446546,446547,1,0
446546,446546,446548,2,0
446543,446544,446548,4,1
446543,446544,446547,3,1
446546,446546,446547,1,0
446546,446546,446547,1,0
446546,446546,446548,2,0
446543,446544,446548,4,1
446543,446544,446547,3,1
446546,446546,446547,1,0
446546,446546,446547,1,0
446546,446546,446547,1,0
446546,446546,446549,3,0
446546,446548,446549,1,2
446543,446544,446548,4,1
446546,446548,446549,1,2
446546,446547,446550,3,1
446546,446548,446550,2,2
446546,446546,446549,3,0
446546,446547,446550,3,1
446546,446547,446550,3,1
446546,446547,446550,3,1
446546,446548,446550,2,2
446546,446548,446550,2,2
446546,446548,446550,2,2
446546,446548,446550,2,2
446546,446548,446550,2,2
446546,446548,446550,2,2
446546,446548,446550,2,2
446546,446548,446550,2,2
446546,446548,446550,2,2
446546,446547,446550,3,1
446546,446547,446550,3,1
446546,446548,446549,1,2
446546,446547,446550,3,1
446546,446547,446550,3,1
446546,446547,446550,3,1
446546,446548,446549,1,2
446546,446548,446549,1,2
446546,446547,446550,3,1
446546,446547,446550,3,1
446546,446548,446549,1,2
446546,446548,446549,1,2
446546,446547,446550,3,1
446546,446547,446550,3,1
446546,446547,446549,2,1
446546,446547,446550,3,1
446546,446547,446550,3,1
446546,446548,446550,2,2
446546,446548,446550,2,2
446546,446548,446549,1,2
446543,446548,446551,3,5
446546,446548,446550,2,2
446546,446548,446550,2,2
446546,446547,446550,3,1
446546,446547,446550,3,1
446546,446547,446550,3,1
446543,446548,446551,3,5
446141,446142,446555,413,1
446570,446570,446572,2,0
446570,446570,446572,2,0
446570,446570,446572,2,0
446570,446571,446572,1,1
446570,446571,446572,1,1
446570,446571,446572,1,1
446570,446570,446572,2,0
446570,446570,446572,2,0
446570,446570,446572,2,0
446570,446570,446572,2,0
446570,446570,446572,2,0
446570,446570,446572,2,0
446570,446570,446572,2,0
446570,446570,446572,2,0
446570,446570,446572,2,0
446570,446570,446572,2,0
446570,446570,446572,2,0
446570,446570,446572,2,0
446570,446570,446572,2,0
446570,446570,446572,2,0
446570,446570,446572,2,0
446570,446570,446572,2,0
446570,446570,446572,2,0
446570,446570,446572,2,0
446570,446570,446572,2,0
446570,446570,446572,2,0
446570,446571,446573,2,1
446570,446571,446572,1,1
446570,446570,446573,3,0
446570,446570,446573,3,0
446570,446572,446573,1,2
446570,446571,446573,2,1
446570,446570,446573,3,0
446570,446570,446573,3,0
446570,446570,446573,3,0
446570,446570,446573,3,0
446570,446570,446573,3,0
446570,446570,446573,3,0
446570,446570,446573,3,0
446570,446570,446573,3,0
446570,446570,446573,3,0
446570,446571,446574,3,1
446570,446570,446574,4,0
446570,446571,446574,3,1
446570,446570,446574,4,0
446570,446570,446574,4,0
446570,446570,446574,4,0
446570,446570,446574,4,0
446570,446570,446574,4,0
446570,446570,446574,4,0
446570,446570,446574,4,0
446570,446570,446574,4,0
446570,446570,446574,4,0
446570,446570,446574,4,0
446570,446570,446574,4,0
446570,446570,446574,4,0
446570,446570,446574,4,0
446570,446570,446574,4,0
446570,446570,446574,4,0
446570,446570,446574,4,0
446570,446570,446574,4,0
446570,446570,446575,5,0
446179,446180,446579,399,1
446582,446583,446584,1,1
446582,446582,446584,2,0
446582,446582,446584,2,0
446582,446582,446584,2,0
446582,446582,446584,2,0
446582,446582,446583,1,0
446582,446582,446584,2,0
446582,446582,446584,2,0
446582,446582,446584,2,0
446582,446582,446584,2,0
446582,446582,446584,2,0
446582,446582,446584,2,0
446582,446582,446584,2,0
446582,446582,446584,2,0
446582,446582,446584,2,0
446582,446582,446584,2,0
446582,446582,446584,2,0
446582,446582,446584,2,0
446582,446582,446584,2,0
446582,446582,446584,2,0
446582,446582,446584,2,0
446582,446582,446584,2,0
446582,446582,446584,2,0
446582,446582,446584,2,0
446582,446582,446584,2,0
446582,446582,446585,3,0
446582,446582,446584,2,0
446582,446583,446584,1,1
446582,446582,446585,3,0
446582,446582,446585,3,0
446582,446582,446584,2,0
446582,446582,446584,2,0
446582,446582,446584,2,0
446582,446582,446585,3,0
446582,446582,446585,3,0
446582,446582,446584,2,0
446582,446582,446584,2,0
446582,446582,446585,3,0
446582,446582,446585,3,0
446582,446582,446585,3,0
446582,446582,446586,4,0
446582,446582,446585,3,0
446582,446582,446585,3,0
446582,446582,446585,3,0
446582,446582,446585,3,0
446582,446582,446585,3,0
446582,446582,446586,4,0
446582,446582,446585,3,0
446582,446582,446585,3,0
446582,446582,446585,3,0
446582,446582,446585,3,0
446582,446582,446586,4,0
446582,446582,446586,4,0
446582,446582,446586,4,0
446582,446582,446586,4,0
446582,446582,446586,4,0
446582,446582,446586,4,0
446582,446582,446585,3,0
446582,446582,446586,4,0
446582,446582,446586,4,0
446582,446583,446586,3,1
446225,446226,446640,414,1
446642,446642,446644,2,0
446642,446642,446644,2,0
446642,446642,446644,2,0
446642,446642,446644,2,0
446642,446642,446643,1,0
446642,446642,446644,2,0
446642,446642,446644,2,0
446642,446642,446644,2,0
446642,446642,446644,2,0
446642,446642,446644,2,0
446642,446642,446644,2,0
446642,446642,446644,2,0
446642,446642,446644,2,0
446642,446642,446644,2,0
446642,446642,446644,2,0
446642,446642,446644,2,0
446642,446642,446644,2,0
446642,446642,446644,2,0
446642,446642,446644,2,0
446642,446642,446644,2,0
446642,446642,446644,2,0
446642,446642,446644,2,0
446642,446642,446644,2,0
446642,446642,446644,2,0
446642,446642,446644,2,0
446642,446642,446644,2,0
446642,446642,446644,2,0
446642,446642,446644,2,0
446642,446642,446644,2,0
446642,446643,446645,2,1
446642,446642,446645,3,0
446642,446642,446644,2,0
446642,446642,446645,3,0
446642,446642,446644,2,0
446642,446642,446645,3,0
446642,446642,446645,3,0
446642,446642,446645,3,0
446642,446642,446645,3,0
446642,446642,446645,3,0
446642,446642,446645,3,0
446642,446642,446645,3,0
446642,446642,446645,3,0
446642,446642,446645,3,0
446642,446642,446644,2,0
446642,446643,446646,3,1
446642,446642,446645,3,0
446642,446642,446646,4,0
446642,446642,446646,4,0
446642,446642,446646,4,0
446642,446642,446646,4,0
446642,446642,446646,4,0
446642,446642,446646,4,0
446642,446642,446645,3,0
446642,446642,446646,4,0
446642,446642,446646,4,0
446642,446642,446646,4,0
446642,446642,446646,4,0
446642,446642,446645,3,0
446642,446642,446646,4,0
446642,446642,446646,4,0
446642,446643,446646,3,1
446233,446234,446653,419,1
446253,446253,446664,411,0
446664,446664,446666,2,0
446664,446664,446666,2,0
446664,446664,446666,2,0
446664,446664,446665,1,0
446664,446664,446666,2,0
446664,446664,446665,1,0
446664,446664,446666,2,0
446664,446664,446665,1,0
446664,446664,446666,2,0
446664,446664,446666,2,0
446664,446664,446665,1,0
446664,446664,446665,1,0
446664,446664,446665,1,0
446664,446664,446665,1,0
446664,446664,446665,1,0
446664,446664,446666,2,0
446664,446664,446665,1,0
446664,446664,446665,1,0
446664,446664,446665,1,0
446664,446664,446665,1,0
446664,446664,446665,1,0
446664,446664,446665,1,0
446664,446664,446666,2,0
446664,446664,446666,2,0
446664,446664,446665,1,0
446664,446664,446665,1,0
446664,446664,446666,2,0
446664,446664,446666,2,0
446664,446664,446667,3,0
446664,446664,446667,3,0
446664,446664,446667,3,0
446664,446664,446666,2,0
446664,446664,446667,3,0
446664,446664,446667,3,0
446664,446664,446667,3,0
446664,446664,446667,3,0
446664,446664,446666,2,0
446664,446664,446666,2,0
446664,446664,446667,3,0
446664,446664,446666,2,0
446664,446664,446667,3,0
446664,446664,446666,2,0
446664,446664,446667,3,0
446664,446664,446667,3,0
446664,446664,446667,3,0
446664,446664,446666,2,0
446664,446664,446667,3,0
446664,446664,446668,4,0
446664,446664,446667,3,0
446664,446664,446667,3,0
446666,446666,446667,1,0
446666,446666,446667,1,0
446666,446666,446667,1,0
446666,446666,446667,1,0
446664,446664,446667,3,0
446664,446664,446668,4,0
446666,446666,446667,1,0
446666,446666,446668,2,0
446664,446664,446667,3,0
446664,446664,446667,3,0
446666,446666,446668,2,0
446666,446666,446667,1,0
446666,446666,446668,2,0
446664,446664,446668,4,0
446664,446664,446668,4,0
446666,446666,446667,1,0
446666,446666,446668,2,0
446664,446664,446668,4,0
446666,446666,446667,1,0
446666,446666,446668,2,0
446664,446664,446668,4,0
446664,446664,446667,3,0
446666,446666,446668,2,0
446666,446666,446668,2,0
446666,446666,446668,2,0
446664,446664,446668,4,0
446664,446664,446667,3,0
446666,446666,446667,1,0
446666,446666,446667,1,0
446666,446666,446668,2,0
446666,446666,446669,3,0
446666,446668,446669,1,2
446666,446668,446669,1,2
446666,446668,446669,1,2
446666,446667,446669,2,1
446666,446667,446669,2,1
446666,446668,446669,1,2
446666,446666,446669,3,0
446666,446667,446669,2,1
446666,446668,446669,1,2
446666,446668,446669,1,2
446666,446667,446670,3,1
446666,446668,446670,2,2
446666,446668,446670,2,2
446666,446667,446670,3,1
446666,446668,446670,2,2
446666,446668,446670,2,2
446666,446668,446670,2,2
446666,446666,446669,3,0
446666,446666,446670,4,0
446666,446666,446670,4,0
446666,446667,446670,3,1
446666,446667,446670,3,1
446666,446668,446670,2,2
446666,446667,446670,3,1
446666,446667,446670,3,1
446666,446667,446670,3,1
446666,446668,446669,1,2
446666,446668,446669,1,2
446666,446668,446669,1,2
446666,446668,446669,1,2
446666,446666,446670,4,0
446666,446667,446670,3,1
446666,446667,446670,3,1
446666,446667,446669,2,1
446666,446666,446670,4,0
446666,446667,446670,3,1
446666,446667,446670,3,1
446666,446667,446670,3,1
446666,446667,446670,3,1
446666,446667,446670,3,1
446666,446666,446670,4,0
446666,446667,446670,3,1
446264,446265,446674,409,1
446682,446683,446684,1,1
446682,446683,446684,1,1
446682,446683,446684,1,1
446682,446683,446684,1,1
446682,446683,446684,1,1
446682,446683,446685,2,1
446682,446683,446685,2,1
446682,446683,446684,1,1
446682,446683,446684,1,1
446682,446683,446684,1,1
446682,446683,446684,1,1
446682,446683,446684,1,1
446682,446683,446684,1,1
446682,446683,446684,1,1
446682,446683,446685,2,1
446682,446683,446685,2,1
446682,446683,446685,2,1
446682,446683,446684,1,1
446682,446683,446684,1,1
446682,446683,446684,1,1
446682,446683,446684,1,1
446682,446683,446685,2,1
446682,446683,446685,2,1
446682,446683,446685,2,1
446682,446683,446685,2,1
446682,446683,446684,1,1
446682,446683,446685,2,1
446682,446683,446685,2,1
446682,446683,446686,3,1
446682,446683,446685,2,1
446682,446683,446686,3,1
446682,446683,446685,2,1
446682,446683,446685,2,1
446682,446683,446686,3,1
446682,446683,446686,3,1
446682,446683,446686,3,1
446682,446683,446685,2,1
446682,446683,446686,3,1
446682,446683,446685,2,1
446682,446683,446686,3,1
446682,446683,446686,3,1
446682,446683,446686,3,1
446682,446683,446685,2,1
446682,446683,446686,3,1
446682,446683,446685,2,1
446682,446683,446686,3,1
446682,446683,446686,3,1
446682,446683,446686,3,1
446682,446683,446687,4,1
446682,446683,446686,3,1
446682,446683,446686,3,1
446682,446683,446686,3,1
446682,446683,446686,3,1
446682,446683,446686,3,1
446682,446683,446686,3,1
446682,446683,446686,3,1
446682,446683,446686,3,1
446682,446683,446686,3,1
446682,446683,446686,3,1
446682,446683,446686,3,1
446682,446683,446686,3,1
446336,446337,446722,385,1
446724,446724,446726,2,0
446724,446724,446726,2,0
446724,446724,446726,2,0
446724,446724,446726,2,0
446724,446724,446726,2,0
446724,446724,446726,2,0
446724,446724,446725,1,0
446724,446724,446725,1,0
446724,446724,446725,1,0
446724,446724,446726,2,0
446724,446724,446726,2,0
446724,446724,446726,2,0
446724,446724,446726,2,0
446724,446724,446726,2,0
446724,446724,446726,2,0
446724,446724,446726,2,0
446724,446724,446726,2,0
446724,446724,446726,2,0
446724,446724,446726,2,0
446724,446724,446726,2,0
446724,446724,446726,2,0
446724,446724,446726,2,0
446724,446724,446726,2,0
446724,446724,446726,2,0
446724,446724,446726,2,0
446724,446724,446726,2,0
446724,446724,446726,2,0
446724,446724,446726,2,0
446724,446724,446726,2,0
446724,446724,446727,3,0
446724,446724,446727,3,0
446724,446724,446726,2,0
446724,446724,446727,3,0
446724,446724,446727,3,0
446724,446724,446727,3,0
446724,446724,446727,3,0
446724,446724,446727,3,0
446724,446724,446727,3,0
446724,446724,446727,3,0
446724,446724,446727,3,0
446724,446724,446727,3,0
446724,446724,446727,3,0
446724,446724,446727,3,0
446724,446724,446727,3,0
446724,446724,446727,3,0
446724,446724,446727,3,0
446724,446724,446727,3,0
446724,446724,446727,3,0
446724,446724,446728,4,0
446724,446724,446728,4,0
446724,446724,446728,4,0
446724,446724,446727,3,0
446724,446724,446728,4,0
446724,446724,446728,4,0
446724,446724,446728,4,0
446724,446724,446727,3,0
446724,446724,446728,4,0
446724,446744,446745,1,20
446724,446744,446746,2,20
446724,446744,446746,2,20
446724,446744,446746,2,20
446313,446315,446750,435,2
446760,446760,446762,2,0
446760,446760,446762,2,0
446760,446760,446762,2,0
446760,446760,446762,2,0
446760,446760,446761,1,0
446760,446760,446762,2,0
446760,446760,446762,2,0
446760,446760,446762,2,0
446760,446760,446762,2,0
446760,446760,446762,2,0
446760,446760,446762,2,0
446760,446760,446762,2,0
446760,446760,446762,2,0
446760,446760,446762,2,0
446760,446760,446762,2,0
446760,446760,446761,1,0
446760,446760,446761,1,0
446760,446760,446762,2,0
446760,446760,446762,2,0
446760,446760,446762,2,0
446760,446760,446762,2,0
446760,446760,446762,2,0
446760,446760,446762,2,0
446760,446760,446762,2,0
446760,446760,446762,2,0
446760,446760,446762,2,0
446760,446760,446762,2,0
446760,446760,446762,2,0
446760,446760,446763,3,0
446760,446760,446763,3,0
446760,446760,446763,3,0
446760,446760,446763,3,0
446760,446760,446763,3,0
446760,446760,446762,2,0
446760,446760,446762,2,0
446760,446760,446763,3,0
446760,446760,446763,3,0
446760,446760,446762,2,0
446760,446760,446763,3,0
446760,446760,446763,3,0
446760,446760,446764,4,0
446760,446760,446764,4,0
446760,446760,446764,4,0
446760,446760,446764,4,0
446760,446760,446764,4,0
446760,446760,446764,4,0
446760,446760,446764,4,0
446760,446760,446763,3,0
446760,446760,446764,4,0
446760,446760,446764,4,0
446760,446760,446764,4,0
446760,446760,446764,4,0
446760,446760,446764,4,0
446760,446760,446764,4,0
446760,446760,446763,3,0
446760,446760,446763,3,0
446760,446760,446764,4,0
446760,446760,446764,4,0
446760,446761,446777,16,1
446760,446761,446781,20,1
446760,446761,446780,19,1
446381,446382,446797,415,1
446799,446800,446801,1,1
446799,446800,446801,1,1
446799,446800,446801,1,1
446799,446800,446801,1,1
446799,446800,446801,1,1
446799,446800,446801,1,1
446799,446800,446801,1,1
446799,446800,446801,1,1
446799,446800,446801,1,1
446799,446800,446801,1,1
446799,446800,446801,1,1
446799,446800,446801,1,1
446799,446800,446801,1,1
446799,446800,446801,1,1
446799,446800,446801,1,1
446799,446800,446801,1,1
446799,446800,446802,2,1
446799,446800,446801,1,1
446799,446800,446801,1,1
446799,446800,446801,1,1
446799,446800,446801,1,1
446799,446800,446801,1,1
446799,446800,446802,2,1
446799,446800,446802,2,1
446799,446800,446801,1,1
446799,446800,446801,1,1
446799,446800,446801,1,1
446799,446800,446801,1,1
446799,446800,446801,1,1
446799,446800,446801,1,1
446799,446800,446802,2,1
446799,446800,446802,2,1
446799,446800,446802,2,1
446799,446800,446802,2,1
446799,446800,446802,2,1
446799,446800,446802,2,1
446799,446800,446802,2,1
446799,446800,446802,2,1
446799,446800,446802,2,1
446799,446800,446802,2,1
446799,446800,446802,2,1
446799,446800,446802,2,1
446799,446800,446802,2,1
446799,446800,446802,2,1
446799,446800,446803,3,1
446799,446800,446802,2,1
446799,446800,446803,3,1
446799,446800,446802,2,1
446799,446800,446802,2,1
446799,446800,446803,3,1
446799,446800,446803,3,1
446799,446800,446803,3,1
446799,446800,446803,3,1
446799,446800,446803,3,1
446799,446800,446803,3,1
446799,446800,446803,3,1
446799,446800,446803,3,1
446799,446800,446803,3,1
446799,446800,446803,3,1
446799,446800,446804,4,1
446799,446800,446803,3,1
446366,446367,446816,449,1
446462,446464,446826,362,2
446386,446386,446828,442,0
446350,446351,446828,477,1
446827,446828,446829,1,1
446827,446827,446829,2,0
446827,446827,446829,2,0
446827,446827,446829,2,0
446827,446827,446829,2,0
446827,446827,446829,2,0
446827,446827,446829,2,0
446827,446828,446829,1,1
446827,446827,446829,2,0
446827,446827,446829,2,0
446827,446827,446829,2,0
446827,446827,446829,2,0
446827,446827,446829,2,0
446827,446827,446829,2,0
446827,446827,446829,2,0
446827,446827,446829,2,0
446827,446827,446829,2,0
446827,446827,446829,2,0
446827,446827,446829,2,0
446827,446827,446829,2,0
446827,446827,446829,2,0
446827,446828,446829,1,1
446827,446827,446829,2,0
446827,446827,446829,2,0
446827,446827,446829,2,0
446827,446827,446829,2,0
446827,446827,446829,2,0
446827,446827,446829,2,0
446827,446827,446829,2,0
446827,446827,446829,2,0
446827,446827,446829,2,0
446827,446827,446829,2,0
446827,446827,446829,2,0
446827,446827,446829,2,0
446827,446827,446829,2,0
446827,446827,446830,3,0
446827,446830,446831,1,3
446827,446828,446831,3,1
446827,446828,446830,2,1
446827,446827,446831,4,0
446827,446827,446831,4,0
446827,446827,446830,3,0
446827,446829,446830,1,2
446827,446827,446830,3,0
446827,446829,446830,1,2
446827,446829,446830,1,2
446827,446827,446831,4,0
446827,446828,446830,2,1
446827,446827,446830,3,0
446827,446828,446830,2,1
446827,446827,446830,3,0
446827,446827,446831,4,0
446827,446828,446830,2,1
446827,446827,446831,4,0
446827,446828,446830,2,1
446827,446828,446831,3,1
446827,446828,446830,2,1
446827,446827,446831,4,0
446827,446827,446831,4,0
446827,446830,446831,1,3
446827,446830,446831,1,3
446827,446830,446831,1,3
446827,446830,446831,1,3
446827,446830,446831,1,3
446827,446830,446831,1,3
446827,446827,446831,4,0
446827,446830,446831,1,3
446827,446830,446831,1,3
446827,446830,446832,2,3
446827,446827,446831,4,0
446827,446830,446831,1,3
446827,446827,446831,4,0
446827,446830,446831,1,3
446827,446830,446831,1,3
446827,446827,446831,4,0
446827,446827,446831,4,0
446827,446827,446831,4,0
446827,446830,446831,1,3
446829,446832,446833,1,3
446827,446830,446833,3,3
446827,446830,446833,3,3
446827,446831,446832,1,4
446827,446831,446832,1,4
446827,446831,446832,1,4
446827,446830,446833,3,3
446827,446830,446832,2,3
446827,446830,446832,2,3
446827,446831,446832,1,4
446827,446831,446832,1,4
446827,446831,446832,1,4
446827,446830,446833,3,3
446827,446830,446833,3,3
446827,446831,446833,2,4
446827,446831,446832,1,4
446827,446830,446832,2,3
446827,446831,446833,2,4
446827,446831,446833,2,4
446827,446831,446832,1,4
446827,446830,446833,3,3
446827,446830,446833,3,3
446827,446831,446832,1,4
446827,446831,446832,1,4
446827,446830,446832,2,3
446827,446831,446833,2,4
446827,446831,446833,2,4
446827,446831,446833,2,4
446827,446831,446833,2,4
446829,446832,446833,1,3
446829,446832,446833,1,3
446829,446832,446833,1,3
446829,446832,446833,1,3
446827,446831,446833,2,4
446827,446831,446833,2,4
446827,446831,446833,2,4
446827,446831,446833,2,4
446827,446831,446833,2,4
446829,446832,446833,1,3
446829,446832,446833,1,3
446827,446831,446833,2,4
446827,446830,446833,3,3
446829,446832,446833,1,3
446829,446832,446833,1,3
446827,446830,446833,3,3
446827,446830,446833,3,3
446829,446832,446833,1,3
446829,446832,446833,1,3
446829,446832,446833,1,3
446827,446830,446833,3,3
446827,446830,446833,3,3
446829,446832,446833,1,3
446829,446832,446833,1,3
446829,446832,446833,1,3
446827,446830,446833,3,3
446827,446830,446833,3,3
446829,446832,446833,1,3
446829,446832,446833,1,3
446827,446830,446833,3,3
446827,446830,446833,3,3
446829,446832,446833,1,3
446829,446832,446833,1,3
446829,446833,446834,1,4
446829,446833,446834,1,4
446829,446834,446835,1,5
446829,446834,446835,1,5
446829,446834,446835,1,5
446829,446834,446835,1,5
446829,446834,446835,1,5
446829,446834,446835,1,5
446829,446833,446835,2,4
446829,446833,446834,1,4
446829,446833,446834,1,4
446829,446834,446835,1,5
446829,446833,446835,2,4
446829,446833,446835,2,4
446829,446833,446835,2,4
446829,446833,446835,2,4
446829,446833,446835,2,4
446829,446833,446835,2,4
446829,446833,446835,2,4
446829,446833,446835,2,4
446829,446834,446835,1,5
446829,446834,446835,1,5
446829,446834,446835,1,5
446829,446834,446835,1,5
446829,446833,446836,3,4
446829,446833,446836,3,4
446829,446833,446836,3,4
446829,446833,446836,3,4
446829,446833,446836,3,4
446829,446833,446836,3,4
446829,446833,446836,3,4
446829,446833,446836,3,4
446829,446833,446836,3,4
446832,446834,446836,2,2
446832,446834,446836,2,2
446832,446834,446836,2,2
446832,446834,446836,2,2
446829,446833,446836,3,4
446829,446833,446836,3,4
446832,446834,446836,2,2
446832,446834,446836,2,2
446829,446833,446836,3,4
446829,446833,446835,2,4
446832,446834,446836,2,2
446832,446834,446836,2,2
446832,446834,446836,2,2
446832,446834,446836,2,2
446829,446833,446836,3,4
446829,446833,446836,3,4
446832,446834,446836,2,2
446832,446834,446836,2,2
446832,446834,446836,2,2
446832,446834,446836,2,2
446832,446834,446836,2,2
446829,446833,446836,3,4
446832,446834,446836,2,2
446832,446834,446836,2,2
446832,446834,446836,2,2
446832,446834,446836,2,2
446832,446835,446836,1,3
446832,446835,446836,1,3
446832,446835,446836,1,3
446832,446835,446837,2,3
446832,446835,446836,1,3
446832,446835,446837,2,3
446829,446833,446836,3,4
446829,446833,446836,3,4
446832,446835,446838,3,3
446832,446835,446838,3,3
446832,446835,446838,3,3
446832,446836,446838,2,4
446832,446836,446838,2,4
446832,446835,446838,3,3
446832,446835,446838,3,3
446832,446835,446838,3,3
446832,446836,446838,2,4
446832,446836,446838,2,4
446832,446836,446838,2,4
446832,446835,446838,3,3
446832,446836,446838,2,4
446832,446836,446838,2,4
446832,446836,446838,2,4
446832,446837,446839,2,5
446832,446835,446838,3,3
446832,446835,446838,3,3
446832,446835,446838,3,3
446832,446837,446838,1,5
446832,446835,446839,4,3
446832,446835,446838,3,3
446832,446837,446838,1,5
446832,446837,446838,1,5
446832,446837,446838,1,5
446832,446837,446838,1,5
446832,446837,446838,1,5
446832,446837,446838,1,5
446832,446837,446838,1,5
446832,446837,446838,1,5
446832,446836,446838,2,4
446832,446836,446839,3,4
446832,446836,446838,2,4
446832,446836,446838,2,4
446832,446836,446838,2,4
446832,446837,446839,2,5
446428,446429,446851,422,1
446860,446861,446863,2,1
446860,446861,446862,1,1
446860,446861,446863,2,1
446860,446861,446862,1,1
446860,446861,446862,1,1
446860,446861,446862,1,1
446860,446861,446862,1,1
446860,446861,446862,1,1
446860,446861,446862,1,1
446860,446861,446862,1,1
446860,446861,446862,1,1
446860,446861,446862,1,1
446860,446861,446862,1,1
446860,446861,446862,1,1
446860,446861,446862,1,1
446860,446861,446862,1,1
446860,446861,446863,2,1
446860,446861,446862,1,1
446860,446861,446862,1,1
446860,446861,446862,1,1
446860,446861,446862,1,1
446860,446861,446862,1,1
446860,446861,446862,1,1
446860,446861,446862,1,1
446860,446861,446862,1,1
446860,446861,446862,1,1
446860,446861,446862,1,1
446860,446861,446862,1,1
446860,446861,446862,1,1
446860,446861,446862,1,1
446860,446861,446862,1,1
446860,446861,446862,1,1
446860,446861,446863,2,1
446860,446861,446863,2,1
446860,446861,446863,2,1
446860,446861,446864,3,1
446860,446861,446863,2,1
446860,446861,446863,2,1
446860,446861,446863,2,1
446860,446861,446863,2,1
446860,446861,446863,2,1
446860,446861,446863,2,1
446860,446861,446864,3,1
446860,446861,446863,2,1
446860,446861,446864,3,1
446860,446861,446863,2,1
446860,446861,446863,2,1
446860,446861,446863,2,1
446860,446861,446863,2,1
446860,446861,446864,3,1
446860,446861,446863,2,1
446860,446861,446864,3,1
446860,446861,446864,3,1
446860,446861,446864,3,1
446860,446861,446864,3,1
446860,446861,446864,3,1
446860,446861,446864,3,1
446860,446861,446864,3,1
446860,446861,446864,3,1
446860,446861,446864,3,1
446860,446861,446864,3,1
446449,446450,446884,434,1
446887,446887,446889,2,0
446887,446887,446889,2,0
446887,446887,446889,2,0
446887,446887,446889,2,0
446887,446887,446889,2,0
446887,446887,446889,2,0
446887,446887,446889,2,0
446887,446887,446889,2,0
446887,446887,446889,2,0
446887,446887,446889,2,0
446887,446887,446889,2,0
446887,446887,446889,2,0
446887,446887,446889,2,0
446887,446887,446889,2,0
446887,446887,446889,2,0
446887,446887,446889,2,0
446887,446887,446889,2,0
446887,446887,446889,2,0
446887,446887,446889,2,0
446887,446887,446889,2,0
446887,446887,446889,2,0
446887,446887,446889,2,0
446887,446887,446889,2,0
446887,446887,446889,2,0
446887,446887,446889,2,0
446887,446887,446889,2,0
446887,446887,446889,2,0
446887,446887,446889,2,0
446887,446887,446889,2,0
446887,446887,446890,3,0
446887,446887,446890,3,0
446887,446887,446889,2,0
446887,446887,446890,3,0
446887,446887,446890,3,0
446887,446887,446890,3,0
446887,446887,446889,2,0
446887,446887,446890,3,0
446887,446887,446889,2,0
446887,446887,446890,3,0
446887,446887,446890,3,0
446887,446887,446890,3,0
446887,446887,446890,3,0
446887,446888,446890,2,1
446887,446888,446890,2,1
446887,446887,446890,3,0
446887,446887,446890,3,0
446887,446887,446891,4,0
446887,446887,446891,4,0
446887,446887,446890,3,0
446887,446887,446891,4,0
446887,446887,446891,4,0
446887,446887,446891,4,0
446887,446887,446891,4,0
446887,446887,446890,3,0
446887,446887,446891,4,0
446887,446887,446891,4,0
446887,446887,446891,4,0
446887,446888,446891,3,1
446887,446888,446891,3,1
446887,446887,446891,4,0
446887,446887,446891,4,0
446507,446508,446910,402,1
446491,446492,446911,419,1
446911,446911,446912,1,0
446911,446911,446913,2,0
446911,446911,446913,2,0
446911,446911,446913,2,0
446911,446911,446912,1,0
446911,446911,446912,1,0
446911,446911,446912,1,0
446911,446911,446913,2,0
446911,446911,446913,2,0
446911,446911,446913,2,0
446911,446911,446912,1,0
446911,446911,446912,1,0
446911,446911,446912,1,0
446911,446911,446913,2,0
446911,446911,446913,2,0
446911,446911,446912,1,0
446911,446911,446913,2,0
446911,446911,446913,2,0
446911,446911,446913,2,0
446911,446911,446913,2,0
446911,446911,446913,2,0
446911,446911,446913,2,0
446911,446911,446913,2,0
446911,446911,446913,2,0
446911,446911,446913,2,0
446911,446911,446914,3,0
446911,446911,446914,3,0
446911,446911,446914,3,0
446911,446911,446913,2,0
446911,446911,446913,2,0
446911,446911,446913,2,0
446911,446911,446913,2,0
446911,446911,446913,2,0
446911,446911,446914,3,0
446911,446911,446914,3,0
446911,446911,446913,2,0
446911,446911,446914,3,0
446911,446911,446913,2,0
446911,446911,446913,2,0
446911,446911,446913,2,0
446911,446911,446914,3,0
446911,446911,446914,3,0
446911,446911,446913,2,0
446911,446911,446914,3,0
446911,446911,446915,4,0
446911,446911,446914,3,0
446911,446911,446915,4,0
446911,446911,446915,4,0
446911,446911,446915,4,0
446911,446911,446914,3,0
446913,446913,446914,1,0
446913,446913,446915,2,0
446911,446911,446914,3,0
446913,446913,446914,1,0
446913,446913,446915,2,0
446913,446913,446914,1,0
446911,446911,446915,4,0
446911,446911,446915,4,0
446911,446911,446914,3,0
446913,446913,446914,1,0
446913,446913,446915,2,0
446913,446913,446915,2,0
446913,446913,446915,2,0
446913,446913,446915,2,0
446911,446911,446915,4,0
446911,446911,446915,4,0
446913,446913,446915,2,0
446913,446913,446914,1,0
446913,446913,446915,2,0
446913,446913,446915,2,0
446913,446913,446915,2,0
446911,446911,446915,4,0
446911,446911,446914,3,0
446913,446913,446915,2,0
446913,446913,446915,2,0
446911,446911,446915,4,0
446911,446911,446915,4,0
446913,446913,446915,2,0
446911,446911,446915,4,0
446913,446913,446916,3,0
446913,446913,446916,3,0
446913,446915,446916,1,2
446913,446915,446916,1,2
446913,446915,446916,1,2
446911,446911,446915,4,0
446913,446915,446916,1,2
446913,446915,446916,1,2
446913,446914,446917,3,1
446913,446914,446917,3,1
446913,446914,446917,3,1
446913,446915,446917,2,2
446913,446915,446917,2,2
446913,446915,446917,2,2
446913,446915,446917,2,2
446913,446915,446917,2,2
446913,446913,446917,4,0
446913,446913,446917,4,0
446913,446914,446917,3,1
446913,446913,446916,3,0
446913,446914,446917,3,1
446913,446914,446917,3,1
446913,446914,446917,3,1
446913,446915,446917,2,2
446913,446914,446917,3,1
446913,446914,446917,3,1
446913,446914,446917,3,1
446913,446914,446917,3,1
446913,446914,446917,3,1
446913,446914,446917,3,1
446913,446914,446917,3,1
446913,446915,446917,2,2
446913,446915,446917,2,2
446913,446915,446917,2,2
446913,446915,446917,2,2
446913,446915,446917,2,2
446913,446914,446917,3,1
446913,446914,446918,4,1
446913,446915,446917,2,2
446913,446914,446917,3,1
446913,446915,446917,2,2
446913,446915,446917,2,2
446913,446915,446917,2,2
446913,446914,446917,3,1
446913,446914,446917,3,1
446477,446477,446924,447,0
446932,446933,446934,1,1
446932,446933,446934,1,1
446932,446933,446934,1,1
446932,446933,446934,1,1
446932,446933,446934,1,1
446932,446933,446934,1,1
446932,446933,446934,1,1
446932,446933,446934,1,1
446932,446933,446935,2,1
446932,446933,446934,1,1
446932,446933,446934,1,1
446932,446933,446934,1,1
446932,446933,446934,1,1
446932,446933,446934,1,1
446932,446933,446934,1,1
446932,446933,446934,1,1
446932,446933,446934,1,1
446932,446933,446934,1,1
446932,446933,446934,1,1
446932,446933,446934,1,1
446932,446933,446934,1,1
446932,446933,446934,1,1
446932,446933,446934,1,1
446932,446933,446936,3,1
446932,446933,446935,2,1
446932,446933,446935,2,1
446932,446933,446935,2,1
446932,446933,446935,2,1
446932,446933,446935,2,1
446932,446933,446935,2,1
446932,446933,446935,2,1
446932,446933,446936,3,1
446932,446933,446935,2,1
446932,446933,446935,2,1
446932,446933,446935,2,1
446932,446933,446936,3,1
446932,446933,446935,2,1
446932,446933,446935,2,1
446932,446933,446935,2,1
446932,446933,446936,3,1
446932,446933,446936,3,1
446932,446933,446936,3,1
446932,446933,446936,3,1
446932,446933,446937,4,1
446932,446933,446936,3,1
446932,446933,446937,4,1
446932,446933,446936,3,1
446932,446933,446936,3,1
446932,446933,446936,3,1
446932,446933,446937,4,1
446932,446933,446937,4,1
446932,446933,446936,3,1
446932,446933,446937,4,1
446932,446933,446937,4,1
446932,446933,446937,4,1
446572,446573,446939,366,1
446547,446548,446940,392,1
446932,446938,446940,2,6
446932,446939,446940,1,7
446932,446939,446940,1,7
446932,446939,446940,1,7
446932,446939,446941,2,7
446932,446939,446942,3,7
446948,446948,446949,1,0
446948,446948,446950,2,0
446948,446948,446950,2,0
446948,446948,446950,2,0
446948,446948,446950,2,0
446948,446948,446950,2,0
446948,446948,446950,2,0
446948,446948,446950,2,0
446948,446948,446950,2,0
446948,446948,446950,2,0
446948,446948,446950,2,0
446948,446948,446950,2,0
446948,446948,446950,2,0
446948,446948,446950,2,0
446948,446948,446950,2,0
446948,446948,446950,2,0
446948,446948,446950,2,0
446948,446948,446950,2,0
446948,446948,446950,2,0
446948,446948,446950,2,0
446948,446948,446950,2,0
446948,446948,446950,2,0
446948,446948,446950,2,0
446948,446948,446950,2,0
446948,446948,446950,2,0
446948,446948,446950,2,0
446948,446948,446951,3,0
446948,446948,446951,3,0
446948,446949,446951,2,1
446948,446948,446951,3,0
446948,446948,446951,3,0
446948,446948,446951,3,0
446948,446948,446951,3,0
446948,446948,446951,3,0
446948,446948,446951,3,0
446948,446948,446951,3,0
446948,446948,446951,3,0
446948,446948,446951,3,0
446948,446948,446951,3,0
446948,446948,446951,3,0
446948,446948,446951,3,0
446948,446948,446951,3,0
446948,446948,446952,4,0
446948,446948,446952,4,0
446948,446948,446952,4,0
446948,446948,446952,4,0
446948,446948,446952,4,0
446948,446948,446952,4,0
446948,446948,446952,4,0
446948,446948,446952,4,0
446948,446948,446952,4,0
446948,446948,446952,4,0
446948,446948,446952,4,0
446948,446948,446952,4,0
446948,446948,446952,4,0
446948,446948,446952,4,0
446948,446948,446952,4,0
446948,446948,446952,4,0
446948,446948,446953,5,0
446948,446948,446953,5,0
446963,446963,446965,2,0
446963,446963,446965,2,0
446963,446963,446965,2,0
446545,446546,446965,419,1
446963,446963,446965,2,0
446963,446963,446965,2,0
446963,446963,446965,2,0
446963,446963,446965,2,0
446963,446963,446965,2,0
446963,446963,446965,2,0
446963,446963,446965,2,0
446963,446963,446965,2,0
446963,446963,446965,2,0
446963,446963,446965,2,0
446963,446963,446965,2,0
446963,446963,446965,2,0
446963,446963,446965,2,0
446963,446963,446965,2,0
446963,446963,446965,2,0
446963,446963,446965,2,0
446963,446963,446965,2,0
446963,446963,446965,2,0
446963,446963,446965,2,0
446963,446963,446965,2,0
446963,446963,446965,2,0
446963,446963,446965,2,0
446963,446963,446965,2,0
446963,446963,446966,3,0
446963,446963,446965,2,0
446963,446963,446966,3,0
446963,446963,446966,3,0
446963,446963,446966,3,0
446963,446963,446966,3,0
446963,446963,446966,3,0
446963,446963,446966,3,0
446963,446963,446966,3,0
446963,446963,446966,3,0
446963,446963,446966,3,0
446963,446963,446966,3,0
446963,446963,446966,3,0
446963,446963,446966,3,0
446963,446963,446966,3,0
446963,446963,446966,3,0
446963,446965,446966,1,2
446963,446963,446966,3,0
446963,446965,446966,1,2
446963,446965,446966,1,2
446963,446963,446967,4,0
446963,446963,446967,4,0
446963,446963,446967,4,0
446963,446963,446967,4,0
446963,446963,446967,4,0
446963,446963,446967,4,0
446963,446963,446967,4,0
446963,446963,446966,3,0
446963,446963,446967,4,0
446963,446963,446967,4,0
446963,446963,446967,4,0
446963,446963,446966,3,0
446963,446963,446967,4,0
446963,446963,446967,4,0
446963,446963,446967,4,0
446948,446949,446952,3,1
446948,446949,446952,3,1
446967,446967,446969,2,0
446967,446967,446969,2,0
446967,446967,446969,2,0
446967,446967,446969,2,0
446967,446967,446969,2,0
446967,446967,446969,2,0
446967,446967,446969,2,0
446967,446968,446970,2,1
446967,446968,446969,1,1
446967,446967,446969,2,0
446967,446968,446969,1,1
446967,446968,446969,1,1
446967,446967,446969,2,0
446967,446967,446969,2,0
446967,446968,446970,2,1
446967,446968,446969,1,1
446967,446968,446969,1,1
446967,446967,446969,2,0
446967,446967,446969,2,0
446967,446967,446969,2,0
446967,446967,446970,3,0
446967,446968,446970,2,1
446967,446968,446969,1,1
446967,446967,446969,2,0
446967,446967,446969,2,0
446967,446967,446969,2,0
446967,446967,446969,2,0
446967,446968,446969,1,1
446967,446968,446969,1,1
446967,446968,446970,2,1
446967,446967,446970,3,0
446967,446967,446970,3,0
446967,446967,446970,3,0
446967,446967,446970,3,0
446967,446967,446970,3,0
446967,446967,446970,3,0
446967,446967,446970,3,0
446967,446967,446970,3,0
446967,446969,446970,1,2
446967,446968,446970,2,1
446967,446968,446970,2,1
446967,446967,446971,4,0
446967,446967,446970,3,0
446967,446967,446971,4,0
446967,446968,446970,2,1
446967,446967,446971,4,0
446967,446967,446971,4,0
446967,446967,446971,4,0
446967,446967,446971,4,0
446967,446967,446971,4,0
446967,446967,446971,4,0
446967,446967,446971,4,0
446967,446969,446971,2,2
446967,446967,446971,4,0
446967,446967,446971,4,0
446967,446967,446971,4,0
446967,446967,446971,4,0
446967,446967,446971,4,0
446967,446967,446971,4,0
446967,446967,446971,4,0
446967,446967,446971,4,0
446967,446967,446972,5,0
446963,446968,446971,3,5
446583,446584,447022,438,1
447025,447025,447027,2,0
447025,447025,447027,2,0
447025,447025,447027,2,0
447025,447025,447027,2,0
447025,447025,447027,2,0
447025,447025,447027,2,0
447025,447025,447027,2,0
447025,447025,447027,2,0
447025,447025,447027,2,0
447025,447025,447027,2,0
447025,447025,447027,2,0
447025,447025,447027,2,0
447025,447025,447027,2,0
447025,447025,447027,2,0
447025,447025,447027,2,0
447025,447025,447027,2,0
447025,447025,447027,2,0
447025,447025,447027,2,0
447025,447025,447027,2,0
447025,447025,447027,2,0
447025,447025,447027,2,0
447025,447025,447027,2,0
447025,447025,447027,2,0
447025,447025,447027,2,0
447025,447025,447027,2,0
447025,447025,447028,3,0
447025,447025,447027,2,0
447025,447025,447028,3,0
447025,447025,447028,3,0
447025,447025,447028,3,0
447025,447025,447027,2,0
447025,447025,447027,2,0
447025,447025,447028,3,0
447025,447025,447028,3,0
447025,447025,447027,2,0
447025,447025,447028,3,0
447025,447025,447028,3,0
447025,447025,447028,3,0
447025,447025,447027,2,0
447025,447025,447027,2,0
447025,447025,447028,3,0
447025,447025,447028,3,0
447025,447025,447029,4,0
447025,447025,447029,4,0
447025,447025,447029,4,0
447025,447025,447028,3,0
447025,447025,447029,4,0
447025,447025,447029,4,0
447025,447025,447028,3,0
447025,447025,447029,4,0
447025,447025,447028,3,0
447025,447025,447029,4,0
447025,447025,447029,4,0
447025,447025,447029,4,0
447025,447025,447028,3,0
447025,447025,447029,4,0
447025,447025,447029,4,0
447025,447025,447029,4,0
447025,447025,447029,4,0
447025,447025,447030,5,0
447025,447025,447029,4,0
446643,446644,447034,390,1
447044,447044,447046,2,0
447044,447045,447046,1,1
447044,447044,447046,2,0
447044,447044,447046,2,0
447044,447044,447046,2,0
447044,447045,447046,1,1
447044,447045,447046,1,1
447044,447045,447046,1,1
447044,447044,447046,2,0
447044,447044,447046,2,0
447044,447044,447046,2,0
447044,447044,447046,2,0
447044,447044,447046,2,0
447044,447044,447046,2,0
447044,447044,447046,2,0
447044,447044,447046,2,0
447044,447044,447046,2,0
447044,447044,447046,2,0
447044,447044,447046,2,0
447044,447044,447046,2,0
447044,447044,447046,2,0
447044,447044,447046,2,0
447044,447044,447047,3,0
447044,447044,447047,3,0
447044,447044,447047,3,0
447044,447044,447047,3,0
447044,447045,447047,2,1
447044,447045,447047,2,1
447044,447045,447047,2,1
447044,447045,447047,2,1
447044,447044,447047,3,0
447044,447044,447047,3,0
447044,447044,447047,3,0
447044,447045,447047,2,1
447044,447045,447047,2,1
447044,447044,447047,3,0
447044,447044,447047,3,0
447044,447044,447047,3,0
447044,447044,447047,3,0
447044,447044,447047,3,0
447044,447044,447047,3,0
447044,447044,447047,3,0
447044,447045,447047,2,1
447044,447044,447047,3,0
447044,447044,447047,3,0
447044,447044,447048,4,0
447044,447044,447048,4,0
447044,447045,447048,3,1
447044,447045,447048,3,1
447044,447045,447048,3,1
447044,447044,447048,4,0
447044,447044,447048,4,0
447044,447044,447048,4,0
447044,447044,447048,4,0
447044,447044,447048,4,0
447044,447044,447048,4,0
447044,447044,447048,4,0
447044,447044,447048,4,0
447044,447044,447048,4,0
447044,447045,447049,4,1
447044,447044,447049,5,0
446667,446668,447059,391,1
447062,447062,447064,2,0
447062,447062,447064,2,0
447062,447062,447064,2,0
447062,447062,447064,2,0
447062,447062,447064,2,0
447062,447062,447064,2,0
447062,447062,447064,2,0
447062,447062,447064,2,0
447062,447062,447064,2,0
447062,447062,447064,2,0
447062,447062,447064,2,0
447062,447062,447064,2,0
447062,447062,447064,2,0
447062,447062,447064,2,0
447062,447062,447064,2,0
447062,447062,447064,2,0
447062,447062,447064,2,0
447062,447062,447064,2,0
447062,447062,447064,2,0
447062,447062,447064,2,0
447062,447063,447064,1,1
447062,447063,447064,1,1
447062,447063,447065,2,1
447062,447063,447065,2,1
447062,447062,447064,2,0
447062,447062,447065,3,0
447062,447062,447064,2,0
447062,447062,447065,3,0
447062,447062,447064,2,0
447062,447062,447064,2,0
447062,447062,447065,3,0
447062,447062,447065,3,0
447062,447062,447064,2,0
447062,447062,447065,3,0
447062,447062,447065,3,0
447062,447062,447064,2,0
447062,447062,447065,3,0
447062,447062,447065,3,0
447062,447062,447065,3,0
447062,447062,447065,3,0
447062,447062,447065,3,0
447062,447062,447065,3,0
447062,447062,447065,3,0
447062,447062,447065,3,0
447062,447062,447066,4,0
447062,447062,447066,4,0
447062,447062,447065,3,0
447062,447062,447066,4,0
447062,447062,447066,4,0
447062,447062,447066,4,0
447062,447062,447066,4,0
447062,447062,447066,4,0
447062,447062,447065,3,0
447062,447063,447066,3,1
447062,447062,447066,4,0
447062,447062,447066,4,0
447062,447062,447066,4,0
447062,447062,447066,4,0
447062,447062,447065,3,0
447062,447063,447067,4,1
447062,447063,447065,2,1
446665,446666,447091,425,1
446725,446727,447090,363,2
447100,447101,447102,1,1
447100,447101,447103,2,1
447100,447101,447103,2,1
447100,447101,447102,1,1
447100,447101,447102,1,1
447100,447101,447103,2,1
447100,447101,447102,1,1
447100,447101,447102,1,1
447101,447102,447103,1,1
447100,447101,447102,1,1
447100,447101,447102,1,1
447100,447101,447102,1,1
447100,447101,447103,2,1
447100,447101,447103,2,1
447100,447101,447102,1,1
447100,447101,447102,1,1
447100,447101,447102,1,1
447100,447101,447103,2,1
447100,447101,447102,1,1
447100,447101,447102,1,1
447100,447101,447102,1,1
447100,447101,447102,1,1
447100,447101,447103,2,1
447100,447101,447102,1,1
447100,447101,447102,1,1
447100,447101,447103,2,1
447100,447101,447103,2,1
447100,447101,447103,2,1
447100,447101,447103,2,1
447100,447101,447103,2,1
447100,447101,447103,2,1
447100,447101,447103,2,1
447100,447101,447103,2,1
447100,447101,447103,2,1
447100,447101,447104,3,1
447100,447101,447104,3,1
447100,447101,447103,2,1
447100,447101,447104,3,1
447100,447101,447103,2,1
447100,447101,447103,2,1
447100,447101,447104,3,1
447100,447101,447104,3,1
447100,447101,447103,2,1
447100,447101,447103,2,1
447100,447101,447104,3,1
447100,447101,447103,2,1
447100,447101,447104,3,1
447101,447103,447104,1,2
447100,447101,447104,3,1
447100,447101,447104,3,1
447101,447103,447104,1,2
447101,447103,447105,2,2
447101,447103,447105,2,2
447101,447103,447104,1,2
447100,447101,447105,4,1
447100,447101,447105,4,1
447101,447103,447104,1,2
447101,447103,447105,2,2
447101,447103,447105,2,2
447100,447101,447105,4,1
447100,447101,447104,3,1
447101,447103,447105,2,2
447101,447103,447105,2,2
447101,447103,447105,2,2
447100,447101,447104,3,1
447100,447101,447104,3,1
447101,447103,447105,2,2
447101,447103,447105,2,2
447101,447103,447105,2,2
447101,447103,447105,2,2
447100,447101,447105,4,1
447100,447101,447104,3,1
447101,447103,447105,2,2
447101,447103,447105,2,2
447101,447103,447105,2,2
447100,447104,447105,1,4
447101,447103,447106,3,2
447101,447104,447106,2,3
447101,447103,447106,3,2
447101,447104,447106,2,3
447101,447105,447106,1,4
447101,447105,447106,1,4
447101,447105,447106,1,4
447100,447104,447106,2,4
447101,447104,447107,3,3
447101,447104,447107,3,3
447101,447104,447107,3,3
447101,447105,447107,2,4
447101,447105,447107,2,4
447101,447103,447107,4,2
447101,447103,447106,3,2
447101,447103,447106,3,2
447101,447103,447106,3,2
447101,447103,447107,4,2
447101,447104,447106,2,3
447101,447104,447106,2,3
447101,447104,447107,3,3
447101,447104,447107,3,3
447101,447105,447107,2,4
447101,447105,447106,1,4
447101,447103,447107,4,2
447101,447104,447106,2,3
447101,447104,447106,2,3
447101,447104,447107,3,3
447101,447104,447107,3,3
447101,447105,447107,2,4
447101,447105,447107,2,4
447101,447104,447107,3,3
447101,447104,447107,3,3
447101,447105,447107,2,4
447101,447105,447107,2,4
447101,447105,447106,1,4
447101,447104,447107,3,3
447101,447105,447107,2,4
447101,447105,447107,2,4
447101,447105,447107,2,4
447101,447105,447106,1,4
447100,447104,447107,3,4
447100,447104,447107,3,4
447101,447104,447107,3,3
446684,446685,447108,423,1
447109,447109,447111,2,0
447109,447109,447110,1,0
447109,447109,447111,2,0
447109,447109,447111,2,0
447109,447109,447111,2,0
447109,447109,447111,2,0
447109,447109,447111,2,0
447109,447109,447111,2,0
447109,447109,447111,2,0
447109,447109,447111,2,0
447109,447109,447111,2,0
447109,447109,447111,2,0
447109,447109,447111,2,0
447109,447109,447111,2,0
447109,447109,447111,2,0
447109,447109,447111,2,0
447109,447109,447111,2,0
447109,447109,447111,2,0
447109,447109,447111,2,0
447109,447109,447111,2,0
447109,447109,447111,2,0
447109,447109,447111,2,0
447109,447109,447112,3,0
447109,447109,447112,3,0
447109,447109,447112,3,0
447109,447109,447112,3,0
447109,447109,447112,3,0
447109,447109,447111,2,0
447109,447109,447111,2,0
447109,447109,447111,2,0
447109,447109,447111,2,0
447109,447111,447112,1,2
447109,447109,447111,2,0
447109,447109,447112,3,0
447109,447109,447112,3,0
447109,447109,447111,2,0
447109,447109,447111,2,0
447109,447109,447112,3,0
447109,447109,447112,3,0
447109,447109,447112,3,0
447109,447111,447112,1,2
447109,447109,447113,4,0
447109,447109,447112,3,0
447109,447109,447113,4,0
447109,447109,447112,3,0
447109,447109,447113,4,0
447109,447109,447113,4,0
447109,447109,447113,4,0
447109,447109,447112,3,0
447109,447109,447113,4,0
447109,447109,447113,4,0
447109,447109,447113,4,0
447109,447109,447112,3,0
447109,447109,447113,4,0
447109,447109,447113,4,0
447109,447109,447113,4,0
447109,447111,447112,1,2
447109,447109,447113,4,0
447109,447109,447113,4,0
447109,447111,447112,1,2
447109,447109,447113,4,0
447100,447101,447104,3,1
447100,447101,447104,3,1
447101,447117,447120,3,16
447101,447117,447120,3,16
446761,446762,447156,394,1
447157,447158,447159,1,1
447157,447158,447159,1,1
447157,447158,447159,1,1
447157,447158,447159,1,1
447157,447158,447159,1,1
447157,447158,447159,1,1
447157,447158,447159,1,1
447157,447158,447159,1,1
447157,447158,447159,1,1
447157,447158,447159,1,1
447157,447158,447159,1,1
447157,447158,447160,2,1
447157,447158,447159,1,1
447157,447158,447159,1,1
447157,447158,447159,1,1
447157,447158,447159,1,1
447157,447158,447159,1,1
447157,447158,447159,1,1
447157,447158,447159,1,1
447157,447158,447159,1,1
447157,447158,447159,1,1
447157,447158,447160,2,1
447157,447158,447159,1,1
447157,447158,447159,1,1
447157,447158,447160,2,1
447157,447158,447160,2,1
447157,447158,447160,2,1
447157,447158,447160,2,1
447157,447158,447160,2,1
447157,447158,447161,3,1
447157,447158,447160,2,1
447157,447158,447160,2,1
447157,447158,447161,3,1
447157,447158,447160,2,1
447157,447158,447160,2,1
447157,447158,447160,2,1
447157,447158,447160,2,1
447157,447158,447160,2,1
447157,447158,447160,2,1
447157,447158,447160,2,1
447157,447158,447161,3,1
447157,447158,447161,3,1
447157,447158,447161,3,1
447157,447158,447161,3,1
447157,447158,447161,3,1
447157,447158,447161,3,1
447157,447158,447161,3,1
447157,447158,447161,3,1
447157,447158,447161,3,1
447157,447158,447161,3,1
447157,447158,447161,3,1
447157,447158,447161,3,1
447157,447158,447161,3,1
447157,447158,447161,3,1
447157,447164,447166,2,7
447157,447164,447165,1,7
447157,447164,447165,1,7
447157,447164,447165,1,7
447157,447164,447167,3,7
447157,447164,447167,3,7
447157,447164,447167,3,7
446833,446837,447221,384,4
447223,447223,447225,2,0
447223,447223,447225,2,0
447223,447223,447225,2,0
447223,447223,447225,2,0
447223,447223,447225,2,0
447223,447223,447225,2,0
447223,447223,447225,2,0
447223,447223,447225,2,0
447223,447223,447225,2,0
447223,447223,447225,2,0
447223,447223,447225,2,0
447223,447223,447225,2,0
447223,447223,447225,2,0
447223,447223,447225,2,0
447223,447223,447225,2,0
447223,447223,447225,2,0
447223,447223,447225,2,0
447223,447223,447225,2,0
447223,447224,447225,1,1
447223,447223,447225,2,0
447223,447223,447225,2,0
447223,447223,447225,2,0
447223,447223,447225,2,0
447223,447224,447226,2,1
447223,447223,447225,2,0
447223,447223,447226,3,0
447223,447224,447225,1,1
447223,447224,447225,1,1
447223,447224,447225,1,1
447223,447223,447226,3,0
447223,447223,447226,3,0
447223,447223,447225,2,0
447223,447223,447226,3,0
447223,447223,447226,3,0
447223,447223,447226,3,0
447223,447223,447226,3,0
447223,447223,447226,3,0
447223,447223,447226,3,0
447223,447223,447227,4,0
447223,447223,447226,3,0
447223,447223,447226,3,0
447223,447223,447226,3,0
447223,447223,447226,3,0
447223,447223,447226,3,0
447223,447224,447226,2,1
447223,447223,447226,3,0
447223,447223,447226,3,0
446801,446802,447226,424,1
447223,447224,447227,3,1
447223,447224,447226,2,1
447223,447223,447227,4,0
447223,447223,447227,4,0
447223,447223,447227,4,0
447223,447223,447227,4,0
447223,447223,447227,4,0
447223,447223,447227,4,0
447223,447223,447227,4,0
447223,447223,447227,4,0
447223,447223,447227,4,0
447223,447224,447227,3,1
447223,447223,447227,4,0
447223,447223,447227,4,0
446831,446834,447240,406,3
447243,447244,447245,1,1
447243,447244,447245,1,1
447243,447244,447245,1,1
447243,447244,447245,1,1
447243,447244,447245,1,1
447243,447244,447245,1,1
447243,447244,447245,1,1
447243,447244,447245,1,1
447243,447244,447246,2,1
447243,447244,447245,1,1
447243,447244,447245,1,1
447243,447244,447245,1,1
447243,447244,447245,1,1
447243,447244,447245,1,1
447243,447244,447245,1,1
447243,447244,447245,1,1
447243,447244,447245,1,1
447243,447244,447245,1,1
447243,447244,447245,1,1
447243,447244,447246,2,1
447243,447244,447245,1,1
447243,447244,447245,1,1
447243,447244,447245,1,1
447243,447244,447245,1,1
447243,447244,447245,1,1
447243,447244,447245,1,1
447243,447244,447245,1,1
447243,447244,447246,2,1
447243,447244,447246,2,1
447243,447244,447247,3,1
447243,447246,447247,1,3
447243,447244,447246,2,1
447243,447244,447246,2,1
447243,447246,447247,1,3
447243,447244,447247,3,1
447243,447244,447246,2,1
447243,447244,447246,2,1
447243,447244,447247,3,1
447243,447244,447246,2,1
447243,447244,447247,3,1
447243,447244,447246,2,1
447243,447244,447246,2,1
447243,447244,447246,2,1
447243,447244,447246,2,1
447243,447245,447246,1,2
447243,447244,447246,2,1
447243,447244,447246,2,1
447243,447244,447247,3,1
447243,447244,447247,3,1
447243,447244,447248,4,1
447243,447244,447247,3,1
447243,447246,447247,1,3
447243,447246,447247,1,3
447243,447246,447247,1,3
447243,447246,447247,1,3
447243,447244,447247,3,1
447243,447244,447247,3,1
447243,447246,447247,1,3
447243,447246,447247,1,3
447243,447246,447247,1,3
447243,447244,447247,3,1
447243,447244,447247,3,1
447243,447246,447247,1,3
447243,447246,447247,1,3
447243,447246,447247,1,3
447243,447244,447247,3,1
447243,447244,447248,4,1
447243,447246,447247,1,3
447243,447246,447247,1,3
447243,447244,447247,3,1
447243,447244,447247,3,1
447243,447246,447247,1,3
447243,447246,447247,1,3
447243,447246,447247,1,3
447243,447244,447247,3,1
447243,447244,447247,3,1
447243,447244,447247,3,1
447243,447244,447247,3,1
447243,447248,447249,1,5
447243,447248,447249,1,5
447243,447248,447249,1,5
447243,447246,447248,2,3
447243,447246,447248,2,3
447243,447247,447249,2,4
447243,447246,447248,2,3
447243,447246,447249,3,3
447243,447246,447249,3,3
447243,447247,447249,2,4
447243,447246,447249,3,3
447243,447246,447249,3,3
447243,447246,447249,3,3
447243,447247,447249,2,4
447243,447247,447249,2,4
447243,447247,447249,2,4
447243,447248,447250,2,5
447243,447248,447249,1,5
447243,447247,447250,3,4
447243,447247,447250,3,4
447243,447247,447250,3,4
447243,447248,447249,1,5
447243,447248,447249,1,5
447243,447247,447250,3,4
447243,447247,447250,3,4
447243,447247,447250,3,4
447243,447247,447250,3,4
447243,447247,447249,2,4
447243,447248,447249,1,5
447243,447248,447249,1,5
447243,447247,447249,2,4
447243,447246,447249,3,3
447243,447247,447249,2,4
447243,447247,447249,2,4
447243,447247,447249,2,4
447243,447248,447249,1,5
447243,447248,447249,1,5
447243,447248,447249,1,5
447243,447248,447249,1,5
447243,447247,447249,2,4
447243,447246,447249,3,3
447243,447247,447249,2,4
447243,447244,447251,7,1
447243,447247,447251,4,4
446828,446832,447276,444,4
447281,447281,447283,2,0
447281,447281,447283,2,0
447281,447281,447283,2,0
447281,447281,447283,2,0
447281,447281,447282,1,0
447281,447281,447283,2,0
447281,447281,447283,2,0
447281,447281,447283,2,0
447281,447281,447283,2,0
447281,447281,447283,2,0
447281,447281,447283,2,0
447281,447281,447283,2,0
447281,447281,447283,2,0
447281,447281,447283,2,0
447281,447281,447282,1,0
447281,447281,447283,2,0
447281,447281,447283,2,0
447281,447281,447283,2,0
447281,447281,447283,2,0
447281,447281,447283,2,0
447281,447281,447283,2,0
447281,447281,447283,2,0
447281,447282,447283,1,1
447281,447281,447283,2,0
447281,447281,447283,2,0
447281,447281,447284,3,0
447281,447281,447283,2,0
447281,447281,447284,3,0
447281,447281,447283,2,0
447281,447281,447284,3,0
447281,447281,447284,3,0
447281,447281,447283,2,0
447281,447281,447284,3,0
447281,447281,447284,3,0
447281,447281,447284,3,0
447281,447281,447283,2,0
447281,447281,447284,3,0
447281,447281,447283,2,0
447281,447281,447284,3,0
447281,447281,447284,3,0
447281,447281,447284,3,0
447281,447281,447284,3,0
447281,447281,447284,3,0
447281,447281,447284,3,0
447281,447281,447285,4,0
447281,447281,447284,3,0
447281,447281,447285,4,0
447281,447281,447284,3,0
447281,447281,447284,3,0
447281,447281,447284,3,0
447281,447281,447285,4,0
447281,447281,447285,4,0
447281,447281,447285,4,0
447281,447281,447285,4,0
447281,447281,447284,3,0
447281,447281,447285,4,0
447281,447281,447285,4,0
447281,447281,447285,4,0
447281,447281,447285,4,0
447281,447281,447285,4,0
447281,447281,447285,4,0
446861,446862,447288,426,1
447300,447300,447301,1,0
447300,447300,447302,2,0
447300,447300,447301,1,0
447300,447300,447302,2,0
447300,447300,447301,1,0
447300,447300,447302,2,0
447300,447300,447302,2,0
447300,447300,447301,1,0
447300,447300,447301,1,0
447300,447300,447301,1,0
447300,447300,447301,1,0
447300,447300,447301,1,0
447300,447300,447302,2,0
447300,447300,447301,1,0
447300,447300,447301,1,0
447300,447300,447301,1,0
447300,447300,447302,2,0
447300,447300,447302,2,0
447300,447300,447302,2,0
447300,447300,447301,1,0
447300,447300,447301,1,0
447300,447300,447301,1,0
447300,447300,447301,1,0
447300,447300,447301,1,0
447300,447300,447301,1,0
447300,447300,447301,1,0
447300,447300,447301,1,0
447300,447300,447301,1,0
447300,447300,447302,2,0
447300,447300,447302,2,0
447300,447300,447302,2,0
447300,447300,447303,3,0
447300,447300,447302,2,0
447300,447300,447302,2,0
447300,447300,447303,3,0
447300,447300,447302,2,0
447300,447300,447303,3,0
447300,447300,447303,3,0
447300,447300,447303,3,0
447300,447300,447302,2,0
447300,447300,447303,3,0
447300,447300,447302,2,0
447300,447300,447303,3,0
447300,447300,447303,3,0
447300,447300,447303,3,0
447300,447300,447303,3,0
447300,447300,447303,3,0
447300,447300,447303,3,0
447300,447300,447303,3,0
447300,447306,447308,2,6
447300,447306,447307,1,6
447300,447306,447308,2,6
447300,447306,447307,1,6
447300,447306,447309,3,6
447300,447306,447308,2,6
446883,446883,447309,426,0
447311,447312,447313,1,1
447311,447312,447313,1,1
447311,447312,447313,1,1
447311,447312,447314,2,1
447311,447312,447313,1,1
447311,447312,447313,1,1
447311,447312,447313,1,1
447311,447312,447313,1,1
447311,447312,447313,1,1
447311,447312,447313,1,1
447311,447312,447313,1,1
447311,447312,447314,2,1
447311,447312,447314,2,1
447311,447312,447313,1,1
447311,447312,447313,1,1
447311,447312,447313,1,1
447311,447312,447313,1,1
447311,447312,447313,1,1
447311,447312,447313,1,1
447311,447312,447313,1,1
447311,447312,447313,1,1
447311,447312,447313,1,1
447311,447312,447313,1,1
447311,447312,447313,1,1
447311,447312,447313,1,1
447311,447312,447313,1,1
447311,447312,447314,2,1
447311,447312,447315,3,1
447311,447312,447314,2,1
447311,447312,447314,2,1
447311,447314,447315,1,3
447311,447312,447314,2,1
447311,447312,447314,2,1
447311,447314,447315,1,3
447311,447312,447314,2,1
447311,447312,447314,2,1
447311,447312,447314,2,1
447311,447312,447314,2,1
447311,447314,447315,1,3
447311,447312,447314,2,1
447311,447312,447314,2,1
447311,447312,447314,2,1
447311,447312,447314,2,1
447311,447312,447314,2,1
447311,447312,447314,2,1
447311,447312,447315,3,1
447311,447312,447315,3,1
447300,447314,447315,1,14
447300,447314,447315,1,14
447300,447314,447315,1,14
447311,447312,447315,3,1
447311,447314,447315,1,3
447311,447312,447315,3,1
447311,447312,447315,3,1
447311,447314,447315,1,3
447311,447312,447315,3,1
447311,447312,447315,3,1
447311,447312,447315,3,1
447311,447314,447315,1,3
447311,447312,447315,3,1
447311,447312,447315,3,1
447311,447312,447315,3,1
447311,447312,447315,3,1
447311,447312,447316,4,1
447300,447314,447316,2,14
447300,447314,447316,2,14
447300,447314,447317,3,14
446912,446912,447320,408,0
446888,446889,447329,440,1
446934,446935,447330,395,1
447331,447332,447333,1,1
447331,447332,447333,1,1
447331,447332,447333,1,1
447331,447331,447333,2,0
447331,447331,447333,2,0
447331,447331,447333,2,0
447331,447332,447333,1,1
447331,447331,447333,2,0
447331,447331,447333,2,0
447331,447332,447333,1,1
447331,447332,447333,1,1
447331,447332,447333,1,1
447331,447331,447333,2,0
447331,447332,447333,1,1
447331,447332,447333,1,1
447331,447332,447333,1,1
447331,447332,447333,1,1
447331,447332,447333,1,1
447331,447332,447333,1,1
447331,447332,447333,1,1
447331,447331,447333,2,0
447331,447332,447333,1,1
447331,447332,447333,1,1
447331,447332,447333,1,1
447331,447332,447333,1,1
447331,447331,447333,2,0
447331,447331,447333,2,0
447331,447332,447333,1,1
447331,447332,447333,1,1
447331,447332,447334,2,1
447331,447332,447334,2,1
447331,447332,447334,2,1
447331,447332,447334,2,1
447331,447332,447334,2,1
447331,447331,447334,3,0
447331,447331,447334,3,0
447331,447332,447334,2,1
447331,447332,447334,2,1
447331,447332,447335,3,1
447331,447332,447334,2,1
447331,447331,447335,4,0
447331,447331,447334,3,0
447331,447333,447334,1,2
447331,447332,447335,3,1
447331,447332,447334,2,1
447331,447332,447335,3,1
447331,447332,447334,2,1
447331,447332,447335,3,1
447331,447332,447334,2,1
447331,447331,447335,4,0
447331,447332,447334,2,1
447331,447332,447335,3,1
447331,447332,447335,3,1
447331,447332,447335,3,1
447331,447332,447335,3,1
447331,447334,447335,1,3
447331,447334,447335,1,3
447331,447332,447336,4,1
447331,447334,447335,1,3
447331,447334,447335,1,3
447331,447334,447335,1,3
447331,447334,447335,1,3
447331,447332,447335,3,1
447331,447334,447335,1,3
447331,447332,447335,3,1
447331,447334,447335,1,3
447331,447334,447335,1,3
447331,447334,447335,1,3
447331,447332,447335,3,1
447331,447334,447335,1,3
447331,447334,447335,1,3
447331,447334,447336,2,3
447331,447334,447335,1,3
447331,447332,447336,4,1
447331,447334,447337,3,3
447331,447335,447337,2,4
447331,447335,447336,1,4
447331,447335,447336,1,4
447331,447335,447336,1,4
447331,447334,447336,2,3
447331,447334,447337,3,3
447331,447335,447337,2,4
447331,447335,447336,1,4
447331,447334,447336,2,3
447331,447334,447337,3,3
447331,447335,447337,2,4
447331,447335,447337,2,4
447331,447334,447337,3,3
447331,447335,447337,2,4
447331,447335,447337,2,4
447331,447335,447338,3,4
447331,447335,447338,3,4
447331,447335,447337,2,4
447331,447335,447337,2,4
447331,447335,447337,2,4
447331,447336,447337,1,5
447331,447335,447338,3,4
447331,447335,447337,2,4
447331,447336,447337,1,5
447331,447336,447337,1,5
447331,447336,447337,1,5
447331,447336,447337,1,5
447331,447335,447337,2,4
447331,447335,447337,2,4
447331,447336,447337,1,5
447331,447336,447337,1,5
447331,447334,447337,3,3
447331,447334,447337,3,3
447331,447334,447337,3,3
447331,447334,447337,3,3
447331,447334,447337,3,3
447331,447334,447337,3,3
447331,447334,447337,3,3
447331,447335,447337,2,4
447331,447334,447337,3,3
447331,447334,447337,3,3
447331,447336,447338,2,5
447331,447336,447338,2,5
447331,447336,447339,3,5
447331,447335,447341,6,4
447340,447340,447342,2,0
447340,447340,447342,2,0
447340,447340,447342,2,0
447340,447341,447342,1,1
447340,447341,447342,1,1
447340,447340,447342,2,0
447340,447340,447342,2,0
447340,447340,447342,2,0
447340,447340,447342,2,0
447340,447340,447342,2,0
447340,447340,447342,2,0
447340,447340,447342,2,0
447340,447340,447342,2,0
447340,447340,447342,2,0
447340,447340,447342,2,0
447340,447340,447342,2,0
447340,447340,447342,2,0
447340,447340,447342,2,0
447340,447340,447342,2,0
447340,447340,447342,2,0
447340,447340,447342,2,0
447340,447340,447342,2,0
447340,447340,447342,2,0
447340,447340,447342,2,0
447340,447340,447342,2,0
447340,447340,447342,2,0
447340,447340,447343,3,0
447340,447340,447343,3,0
447340,447340,447343,3,0
447340,447340,447343,3,0
447340,447340,447343,3,0
447340,447340,447343,3,0
447340,447342,447343,1,2
447340,447340,447343,3,0
447340,447340,447342,2,0
447340,447340,447342,2,0
447340,447340,447343,3,0
447340,447340,447343,3,0
447340,447340,447343,3,0
447340,447340,447343,3,0
447340,447340,447342,2,0
447340,447340,447343,3,0
447340,447340,447343,3,0
447340,447340,447343,3,0
447340,447340,447343,3,0
447340,447341,447343,2,1
447331,447336,447344,8,5
447340,447340,447344,4,0
447340,447340,447343,3,0
447340,447340,447344,4,0
447340,447340,447344,4,0
447340,447340,447344,4,0
447340,447340,447343,3,0
447340,447340,447344,4,0
447340,447340,447343,3,0
447340,447340,447344,4,0
447340,447340,447344,4,0
447340,447340,447344,4,0
447340,447340,447345,5,0
447340,447340,447345,5,0
447340,447340,447346,6,0
447340,447341,447350,9,1
446914,446915,447351,436,1
446949,446949,447361,412,0
447366,447366,447367,1,0
447366,447366,447367,1,0
447366,447366,447368,2,0
447366,447366,447368,2,0
447366,447366,447367,1,0
447366,447366,447368,2,0
447366,447366,447368,2,0
447366,447366,447368,2,0
447366,447366,447368,2,0
447366,447366,447368,2,0
447366,447366,447368,2,0
447366,447366,447368,2,0
447366,447366,447368,2,0
447366,447366,447368,2,0
447366,447366,447367,1,0
447366,447366,447367,1,0
447366,447366,447368,2,0
447366,447366,447368,2,0
447366,447366,447367,1,0
447366,447366,447368,2,0
447366,447366,447368,2,0
447366,447366,447368,2,0
447366,447366,447368,2,0
447366,447366,447368,2,0
447366,447366,447368,2,0
447366,447366,447368,2,0
447366,447366,447368,2,0
447366,447366,447368,2,0
447366,447366,447369,3,0
447366,447366,447369,3,0
447366,447366,447368,2,0
447366,447366,447369,3,0
447366,447366,447368,2,0
447366,447366,447369,3,0
447366,447366,447369,3,0
447366,447366,447368,2,0
447366,447366,447369,3,0
447366,447366,447368,2,0
447366,447366,447369,3,0
447366,447366,447369,3,0
447366,447366,447368,2,0
447366,447366,447369,3,0
447366,447366,447368,2,0
447366,447366,447369,3,0
447366,447366,447369,3,0
447366,447366,447369,3,0
447366,447366,447369,3,0
447368,447368,447370,2,0
447368,447368,447370,2,0
447368,447368,447370,2,0
447331,447334,447351,17,3
447366,447366,447370,4,0
447368,447368,447370,2,0
447368,447368,447370,2,0
447368,447368,447370,2,0
447366,447366,447370,4,0
447366,447366,447370,4,0
447368,447368,447370,2,0
447368,447368,447370,2,0
447366,447366,447370,4,0
447368,447368,447370,2,0
447368,447368,447370,2,0
447366,447366,447369,3,0
447368,447368,447370,2,0
447368,447368,447370,2,0
447368,447368,447370,2,0
447368,447368,447370,2,0
447366,447366,447370,4,0
447368,447368,447370,2,0
447368,447368,447371,3,0
447366,447366,447371,5,0
447366,447366,447371,5,0
447368,447368,447371,3,0
447368,447368,447371,3,0
447368,447368,447371,3,0
447368,447371,447372,1,3
447368,447368,447372,4,0
447368,447371,447372,1,3
447366,447366,447371,5,0
447366,447366,447371,5,0
447368,447368,447371,3,0
447368,447368,447372,4,0
447368,447369,447372,3,1
447368,447369,447372,3,1
447368,447369,447372,3,1
447368,447368,447372,4,0
447368,447370,447372,2,2
447368,447370,447372,2,2
447368,447370,447372,2,2
447368,447368,447372,4,0
447368,447369,447372,3,1
447368,447369,447372,3,1
447366,447371,447372,1,5
447366,447371,447372,1,5
447368,447369,447372,3,1
447368,447369,447372,3,1
447368,447371,447372,1,3
447368,447368,447372,4,0
447368,447369,447372,3,1
447368,447369,447372,3,1
447368,447371,447372,1,3
447368,447371,447372,1,3
447368,447371,447372,1,3
447368,447371,447372,1,3
447368,447371,447372,1,3
447368,447369,447373,4,1
447368,447371,447372,1,3
447368,447368,447372,4,0
447368,447368,447372,4,0
447368,447369,447372,3,1
447368,447371,447372,1,3
447368,447371,447372,1,3
447368,447370,447372,2,2
447368,447369,447373,4,1
447368,447370,447372,2,2
447366,447371,447373,2,5
447368,447371,447373,2,3
447368,447369,447373,4,1
447368,447369,447373,4,1
447368,447369,447373,4,1
447368,447369,447373,4,1
447366,447366,447373,7,0
447366,447371,447374,3,5
447368,447369,447374,5,1
446968,446970,447376,406,2
446964,446965,447384,419,1
447391,447392,447393,1,1
447391,447392,447393,1,1
447391,447391,447393,2,0
447391,447392,447393,1,1
447391,447391,447393,2,0
447391,447391,447393,2,0
447391,447391,447393,2,0
447391,447392,447393,1,1
447391,447391,447393,2,0
447391,447391,447394,3,0
447391,447391,447393,2,0
447391,447391,447393,2,0
447391,447391,447393,2,0
447391,447391,447393,2,0
447391,447391,447393,2,0
447391,447391,447393,2,0
447391,447392,447393,1,1
447391,447392,447394,2,1
447391,447392,447393,1,1
447391,447391,447394,3,0
447391,447392,447393,1,1
447391,447392,447393,1,1
447391,447392,447393,1,1
447391,447392,447395,3,1
447391,447392,447394,2,1
447391,447392,447394,2,1
447391,447391,447394,3,0
447391,447392,447394,2,1
447391,447392,447394,2,1
447391,447392,447394,2,1
447391,447391,447394,3,0
447391,447391,447394,3,0
447391,447391,447394,3,0
447391,447392,447394,2,1
447391,447392,447394,2,1
447391,447392,447394,2,1
447391,447392,447395,3,1
447391,447392,447394,2,1
447391,447392,447395,3,1
447391,447392,447394,2,1
447391,447392,447394,2,1
447391,447391,447395,4,0
447391,447391,447395,4,0
447391,447391,447395,4,0
447391,447391,447395,4,0
447391,447391,447395,4,0
447391,447391,447395,4,0
447391,447391,447395,4,0
447391,447392,447395,3,1
447391,447392,447395,3,1
447391,447392,447395,3,1
447391,447392,447395,3,1
447391,447392,447395,3,1
447391,447391,447395,4,0
447391,447392,447395,3,1
447391,447392,447395,3,1
447391,447392,447395,3,1
447391,447392,447395,3,1
447391,447392,447396,4,1
447391,447392,447396,4,1
447391,447392,447396,4,1
447404,447405,447406,1,1
447404,447405,447407,2,1
447404,447405,447406,1,1
447404,447405,447406,1,1
447404,447405,447406,1,1
447404,447405,447407,2,1
447404,447405,447406,1,1
447404,447405,447406,1,1
447404,447405,447407,2,1
447404,447405,447406,1,1
447404,447405,447406,1,1
447404,447405,447407,2,1
447404,447405,447407,2,1
447404,447405,447406,1,1
447404,447405,447406,1,1
447404,447405,447406,1,1
447404,447405,447406,1,1
447404,447405,447406,1,1
447404,447405,447406,1,1
447404,447405,447406,1,1
447404,447405,447407,2,1
447404,447405,447406,1,1
447404,447405,447407,2,1
447404,447405,447407,2,1
447404,447405,447407,2,1
447404,447405,447407,2,1
447404,447405,447407,2,1
447404,447405,447407,2,1
447404,447405,447407,2,1
447404,447405,447407,2,1
447404,447405,447408,3,1
447404,447405,447407,2,1
447404,447405,447408,3,1
447404,447405,447408,3,1
447404,447405,447407,2,1
447404,447405,447408,3,1
447404,447405,447407,2,1
447404,447405,447407,2,1
447404,447405,447408,3,1
447404,447405,447407,2,1
447404,447405,447407,2,1
447404,447405,447408,3,1
447404,447405,447408,3,1
447404,447405,447407,2,1
447404,447405,447408,3,1
447404,447405,447407,2,1
447404,447405,447408,3,1
447404,447405,447408,3,1
447404,447405,447408,3,1
447404,447405,447408,3,1
447404,447405,447408,3,1
447404,447405,447408,3,1
447404,447405,447409,4,1
447404,447405,447408,3,1
447404,447405,447409,4,1
447404,447405,447409,4,1
447404,447405,447408,3,1
447404,447405,447409,4,1
447404,447405,447409,4,1
447404,447405,447409,4,1
447404,447405,447409,4,1
447026,447027,447435,408,1
447437,447438,447439,1,1
447437,447438,447440,2,1
447437,447438,447439,1,1
447437,447438,447440,2,1
447437,447438,447440,2,1
447437,447438,447440,2,1
447437,447438,447440,2,1
447437,447438,447439,1,1
447437,447438,447439,1,1
447437,447438,447439,1,1
447437,447438,447439,1,1
447437,447438,447440,2,1
447437,447438,447440,2,1
447437,447438,447439,1,1
447437,447438,447439,1,1
447437,447438,447439,1,1
447437,447438,447439,1,1
447437,447438,447439,1,1
447437,447438,447439,1,1
447437,447438,447440,2,1
447437,447438,447439,1,1
447437,447438,447439,1,1
447437,447438,447439,1,1
447437,447438,447440,2,1
447437,447438,447440,2,1
447437,447438,447441,3,1
447437,447438,447440,2,1
447437,447438,447441,3,1
447437,447438,447441,3,1
447437,447438,447440,2,1
447437,447438,447440,2,1
447437,447438,447440,2,1
447437,447438,447441,3,1
447437,447438,447441,3,1
447437,447438,447441,3,1
447437,447438,447441,3,1
447437,447438,447440,2,1
447437,447438,447441,3,1
447437,447438,447440,2,1
447437,447438,447441,3,1
447437,447438,447441,3,1
447437,447438,447441,3,1
447437,447438,447441,3,1
447437,447438,447441,3,1
447437,447438,447441,3,1
447437,447438,447441,3,1
447437,447438,447441,3,1
447437,447438,447441,3,1
447437,447438,447441,3,1
447437,447438,447441,3,1
447437,447438,447442,4,1
447437,447438,447441,3,1
447437,447438,447442,4,1
447437,447438,447441,3,1
447437,447438,447442,4,1
447437,447452,447453,1,15
447437,447452,447453,1,15
447437,447452,447453,1,15
447437,447452,447453,1,15
447437,447452,447455,3,15
447437,447452,447454,2,15
447063,447064,447485,421,1
447486,447486,447487,1,0
447486,447486,447488,2,0
447486,447486,447487,1,0
447486,447486,447488,2,0
447486,447486,447488,2,0
447486,447486,447488,2,0
447486,447486,447488,2,0
447486,447486,447488,2,0
447486,447486,447487,1,0
447486,447486,447488,2,0
447486,447486,447488,2,0
447486,447486,447488,2,0
447486,447486,447488,2,0
447486,447486,447488,2,0
447486,447486,447488,2,0
447486,447486,447488,2,0
447486,447486,447488,2,0
447486,447486,447488,2,0
447486,447486,447487,1,0
447486,447486,447488,2,0
447486,447486,447488,2,0
447486,447486,447488,2,0
447486,447486,447489,3,0
447486,447486,447489,3,0
447486,447486,447488,2,0
447486,447486,447489,3,0
447486,447486,447488,2,0
447486,447486,447489,3,0
447486,447486,447489,3,0
447486,447486,447489,3,0
447486,447486,447489,3,0
447486,447486,447488,2,0
447486,447486,447489,3,0
447486,447486,447489,3,0
447486,447486,447488,2,0
447486,447486,447489,3,0
447486,447486,447489,3,0
447486,447486,447489,3,0
447486,447486,447490,4,0
447486,447486,447489,3,0
447486,447486,447490,4,0
447486,447486,447490,4,0
447486,447486,447489,3,0
447486,447486,447490,4,0
447486,447486,447490,4,0
447486,447486,447489,3,0
447486,447486,447489,3,0
447486,447486,447489,3,0
447486,447486,447489,3,0
447486,447486,447490,4,0
447486,447486,447490,4,0
447486,447486,447490,4,0
447486,447486,447490,4,0
447486,447486,447490,4,0
447045,447047,447494,447,2
447495,447496,447497,1,1
447495,447496,447497,1,1
447495,447496,447497,1,1
447495,447496,447497,1,1
447495,447496,447497,1,1
447495,447496,447497,1,1
447495,447496,447497,1,1
447495,447496,447497,1,1
447495,447496,447497,1,1
447495,447496,447497,1,1
447495,447496,447498,2,1
447495,447496,447497,1,1
447495,447496,447497,1,1
447495,447496,447497,1,1
447495,447496,447497,1,1
447495,447496,447498,2,1
447495,447496,447497,1,1
447495,447496,447497,1,1
447495,447496,447499,3,1
447495,447496,447499,3,1
447495,447496,447498,2,1
447495,447496,447498,2,1
447495,447496,447498,2,1
447495,447496,447498,2,1
447495,447496,447498,2,1
447495,447496,447499,3,1
447495,447496,447498,2,1
447495,447496,447498,2,1
447495,447496,447499,3,1
447495,447496,447499,3,1
447495,447496,447498,2,1
447495,447496,447498,2,1
447495,447496,447498,2,1
447495,447496,447498,2,1
447495,447498,447499,1,3
447486,447498,447499,1,12
447495,447496,447499,3,1
447495,447496,447499,3,1
447495,447496,447499,3,1
447495,447496,447499,3,1
447495,447496,447499,3,1
447495,447496,447499,3,1
447495,447496,447499,3,1
447495,447496,447499,3,1
447495,447498,447499,1,3
447495,447496,447499,3,1
447495,447496,447499,3,1
447495,447496,447499,3,1
447495,447496,447499,3,1
447495,447496,447499,3,1
447495,447496,447500,4,1
447495,447496,447499,3,1
447495,447496,447499,3,1
447495,447496,447499,3,1
447495,447498,447499,1,3
447495,447498,447499,1,3
447495,447496,447500,4,1
447495,447498,447499,1,3
447495,447498,447499,1,3
447495,447498,447499,1,3
447486,447498,447499,1,12
447486,447498,447500,2,12
447486,447498,447500,2,12
447486,447498,447500,2,12
447486,447498,447500,2,12
447495,447496,447500,4,1
447495,447496,447500,4,1
447486,447498,447502,4,12
447110,447111,447504,393,1
447102,447105,447506,401,3
447515,447516,447517,1,1
447515,447516,447517,1,1
447515,447516,447517,1,1
447515,447516,447517,1,1
447515,447516,447517,1,1
447515,447516,447517,1,1
447515,447516,447517,1,1
447515,447516,447517,1,1
447515,447516,447517,1,1
447515,447516,447517,1,1
447515,447516,447517,1,1
447515,447516,447517,1,1
447515,447516,447517,1,1
447515,447516,447517,1,1
447515,447516,447518,2,1
447515,447516,447518,2,1
447515,447516,447517,1,1
447515,447516,447517,1,1
447515,447516,447517,1,1
447515,447516,447517,1,1
447515,447516,447517,1,1
447515,447516,447517,1,1
447515,447516,447517,1,1
447515,447516,447517,1,1
447515,447516,447517,1,1
447515,447516,447517,1,1
447515,447516,447518,2,1
447515,447518,447519,1,3
447515,447518,447519,1,3
447515,447516,447518,2,1
447515,447516,447518,2,1
447515,447516,447518,2,1
447515,447516,447518,2,1
447515,447516,447518,2,1
447515,447516,447518,2,1
447515,447516,447519,3,1
447515,447516,447518,2,1
447515,447516,447518,2,1
447515,447516,447518,2,1
447515,447517,447518,1,2
447515,447516,447519,3,1
447515,447516,447518,2,1
447515,447516,447519,3,1
447515,447516,447519,3,1
447515,447516,447518,2,1
447515,447516,447518,2,1
447515,447516,447519,3,1
447515,447516,447519,3,1
447515,447516,447519,3,1
447515,447516,447520,4,1
447515,447516,447519,3,1
447515,447516,447519,3,1
447515,447518,447519,1,3
447515,447518,447519,1,3
447515,447516,447519,3,1
447515,447518,447519,1,3
447515,447518,447519,1,3
447515,447518,447519,1,3
447515,447518,447519,1,3
447515,447516,447520,4,1
447515,447516,447519,3,1
447515,447518,447519,1,3
447515,447518,447519,1,3
447515,447518,447519,1,3
447515,447518,447519,1,3
447515,447518,447519,1,3
447515,447516,447519,3,1
447515,447516,447519,3,1
447515,447518,447519,1,3
447515,447516,447520,4,1
447515,447516,447519,3,1
447515,447518,447519,1,3
447515,447518,447519,1,3
447515,447518,447520,2,3
447515,447516,447520,4,1
447515,447516,447519,3,1
447515,447516,447519,3,1
447515,447516,447519,3,1
447515,447516,447519,3,1
447515,447518,447520,2,3
447515,447518,447520,2,3
447515,447518,447520,2,3
447515,447518,447521,3,3
447515,447519,447521,2,4
447515,447518,447521,3,3
447515,447519,447521,2,4
447515,447516,447520,4,1
447515,447520,447521,1,5
447515,447520,447521,1,5
447515,447519,447522,3,4
447515,447519,447522,3,4
447515,447520,447521,1,5
447515,447520,447521,1,5
447515,447519,447522,3,4
447515,447520,447522,2,5
447515,447520,447522,2,5
447515,447520,447522,2,5
447515,447520,447521,1,5
447515,447519,447521,2,4
447515,447519,447521,2,4
447515,447519,447521,2,4
447515,447519,447521,2,4
447515,447519,447521,2,4
447515,447519,447521,2,4
447515,447518,447521,3,3
447515,447518,447521,3,3
447515,447518,447521,3,3
447515,447519,447521,2,4
447515,447520,447522,2,5
447515,447520,447521,1,5
447515,447520,447522,2,5
447515,447520,447521,1,5
447515,447520,447522,2,5
447515,447519,447522,3,4
447515,447519,447522,3,4
447515,447519,447522,3,4
447515,447520,447523,3,5
447515,447520,447522,2,5
447515,447519,447522,3,4
447515,447519,447523,4,4
447515,447519,447522,3,4
447515,447519,447522,3,4
447515,447519,447523,4,4
447104,447105,447529,424,1
447538,447538,447539,1,0
447538,447538,447539,1,0
447538,447538,447539,1,0
447538,447538,447539,1,0
447538,447538,447540,2,0
447538,447538,447540,2,0
447538,447538,447539,1,0
447538,447538,447540,2,0
447538,447538,447540,2,0
447538,447538,447540,2,0
447538,447538,447540,2,0
447538,447538,447540,2,0
447538,447538,447540,2,0
447538,447538,447540,2,0
447538,447538,447540,2,0
447538,447538,447540,2,0
447538,447538,447540,2,0
447538,447538,447540,2,0
447538,447538,447539,1,0
447538,447538,447540,2,0
447538,447538,447540,2,0
447538,447538,447540,2,0
447538,447538,447540,2,0
447538,447538,447540,2,0
447538,447538,447540,2,0
447538,447538,447540,2,0
447538,447538,447540,2,0
447538,447538,447540,2,0
447538,447538,447541,3,0
447538,447538,447541,3,0
447538,447538,447540,2,0
447538,447538,447540,2,0
447538,447538,447540,2,0
447538,447538,447540,2,0
447538,447538,447541,3,0
447538,447538,447541,3,0
447538,447538,447541,3,0
447538,447538,447541,3,0
447538,447538,447541,3,0
447538,447538,447541,3,0
447538,447538,447541,3,0
447538,447538,447541,3,0
447538,447538,447541,3,0
447538,447538,447541,3,0
447538,447538,447542,4,0
447538,447538,447541,3,0
447538,447538,447542,4,0
447538,447538,447542,4,0
447538,447538,447541,3,0
447538,447538,447542,4,0
447538,447538,447542,4,0
447538,447538,447541,3,0
447538,447538,447542,4,0
447538,447538,447542,4,0
447538,447538,447542,4,0
447538,447538,447542,4,0
447538,447548,447549,1,10
447538,447548,447549,1,10
447538,447548,447550,2,10
447538,447548,447551,3,10
447538,447548,447551,3,10
447538,447548,447551,3,10
447159,447160,447558,398,1
447566,447567,447569,2,1
447566,447567,447568,1,1
447566,447567,447568,1,1
447566,447567,447569,2,1
447566,447567,447569,2,1
447566,447567,447569,2,1
447566,447567,447569,2,1
447566,447567,447568,1,1
447566,447567,447569,2,1
447566,447567,447569,2,1
447566,447567,447569,2,1
447566,447567,447568,1,1
447566,447567,447568,1,1
447566,447567,447569,2,1
447566,447567,447569,2,1
447566,447567,447569,2,1
447566,447567,447568,1,1
447566,447567,447568,1,1
447566,447567,447569,2,1
447566,447567,447568,1,1
447566,447567,447569,2,1
447566,447567,447569,2,1
447566,447567,447569,2,1
447566,447567,447569,2,1
447566,447567,447570,3,1
447566,447567,447569,2,1
447566,447567,447570,3,1
447566,447567,447570,3,1
447566,447567,447569,2,1
447566,447567,447570,3,1
447566,447567,447569,2,1
447566,447567,447570,3,1
447566,447567,447570,3,1
447566,447567,447570,3,1
447566,447567,447570,3,1
447566,447567,447570,3,1
447566,447567,447571,4,1
447566,447567,447570,3,1
447566,447567,447570,3,1
447566,447567,447570,3,1
447566,447567,447571,4,1
447566,447567,447570,3,1
447566,447567,447570,3,1
447566,447567,447570,3,1
447566,447567,447570,3,1
447566,447567,447570,3,1
447566,447567,447570,3,1
447566,447567,447571,4,1
447566,447567,447570,3,1
447566,447567,447570,3,1
447566,447567,447571,4,1
447566,447567,447570,3,1
447566,447567,447571,4,1
447566,447567,447570,3,1
447566,447567,447570,3,1
447566,447567,447570,3,1
447566,447577,447578,1,11
447566,447577,447578,1,11
447566,447577,447578,1,11
447566,447577,447578,1,11
447566,447577,447578,1,11
447224,447226,447609,383,2
447610,447611,447612,1,1
447610,447611,447612,1,1
447610,447611,447612,1,1
447610,447611,447612,1,1
447610,447611,447612,1,1
447610,447611,447612,1,1
447610,447611,447612,1,1
447610,447611,447612,1,1
447610,447611,447612,1,1
447610,447611,447612,1,1
447610,447611,447612,1,1
447610,447611,447612,1,1
447610,447611,447612,1,1
447610,447611,447612,1,1
447610,447611,447612,1,1
447610,447611,447612,1,1
447610,447611,447612,1,1
447610,447611,447612,1,1
447610,447611,447613,2,1
447610,447611,447613,2,1
447610,447611,447612,1,1
447610,447611,447612,1,1
447610,447611,447613,2,1
447610,447611,447613,2,1
447610,447611,447613,2,1
447610,447611,447613,2,1
447610,447611,447613,2,1
447610,447611,447613,2,1
447610,447611,447613,2,1
447610,447611,447613,2,1
447610,447611,447613,2,1
447610,447611,447613,2,1
447610,447611,447613,2,1
447610,447611,447614,3,1
447610,447611,447613,2,1
447610,447611,447613,2,1
447610,447611,447613,2,1
447610,447611,447614,3,1
447610,447611,447614,3,1
447610,447611,447614,3,1
447610,447611,447614,3,1
447610,447611,447614,3,1
447610,447611,447614,3,1
447610,447611,447614,3,1
447610,447611,447614,3,1
447610,447611,447614,3,1
447610,447611,447614,3,1
447610,447611,447614,3,1
447610,447611,447614,3,1
447610,447611,447614,3,1
447610,447611,447614,3,1
447610,447611,447614,3,1
447610,447611,447614,3,1
447610,447611,447614,3,1
447610,447611,447614,3,1
447610,447611,447615,4,1
447610,447626,447628,2,16
447610,447626,447628,2,16
447610,447626,447629,3,16
447610,447626,447629,3,16
447610,447626,447628,2,16
447247,447248,447657,409,1
447659,447660,447661,1,1
447659,447660,447662,2,1
447659,447659,447661,2,0
447659,447659,447661,2,0
447659,447660,447661,1,1
447659,447660,447661,1,1
447659,447660,447661,1,1
447659,447660,447661,1,1
447659,447659,447661,2,0
447659,447659,447661,2,0
447659,447660,447661,1,1
447659,447659,447661,2,0
447659,447660,447661,1,1
447659,447660,447661,1,1
447659,447659,447661,2,0
447659,447659,447661,2,0
447659,447659,447661,2,0
447659,447659,447661,2,0
447659,447659,447661,2,0
447659,447660,447661,1,1
447659,447659,447661,2,0
447659,447660,447662,2,1
447659,447660,447661,1,1
447659,447660,447662,2,1
447659,447660,447662,2,1
447659,447660,447662,2,1
447659,447659,447662,3,0
447659,447660,447662,2,1
447659,447660,447662,2,1
447659,447660,447662,2,1
447659,447660,447662,2,1
447659,447660,447662,2,1
447659,447659,447662,3,0
447659,447660,447662,2,1
447659,447660,447663,3,1
447659,447660,447662,2,1
447659,447659,447662,3,0
447659,447660,447662,2,1
447659,447661,447662,1,2
447659,447661,447662,1,2
447659,447661,447662,1,2
447659,447660,447663,3,1
447659,447660,447663,3,1
447659,447660,447663,3,1
447659,447660,447663,3,1
447659,447660,447663,3,1
447659,447660,447663,3,1
447659,447660,447663,3,1
447659,447660,447663,3,1
447659,447660,447663,3,1
447659,447660,447663,3,1
447659,447660,447663,3,1
447659,447659,447663,4,0
447659,447660,447663,3,1
447659,447660,447663,3,1
447659,447660,447663,3,1
447659,447659,447663,4,0
447659,447660,447663,3,1
447659,447660,447663,3,1
447659,447660,447663,3,1
447659,447661,447664,3,2
447245,447248,447667,419,3
447678,447678,447680,2,0
447678,447678,447680,2,0
447678,447678,447680,2,0
447678,447678,447680,2,0
447678,447678,447680,2,0
447678,447678,447680,2,0
447678,447678,447680,2,0
447678,447678,447680,2,0
447678,447678,447679,1,0
447678,447678,447680,2,0
447678,447678,447680,2,0
447678,447678,447680,2,0
447678,447678,447680,2,0
447678,447678,447680,2,0
447678,447678,447680,2,0
447678,447678,447679,1,0
447678,447678,447680,2,0
447678,447678,447680,2,0
447678,447678,447679,1,0
447678,447678,447680,2,0
447678,447678,447680,2,0
447678,447678,447680,2,0
447678,447678,447680,2,0
447678,447678,447680,2,0
447678,447678,447680,2,0
447678,447678,447680,2,0
447678,447678,447680,2,0
447678,447678,447680,2,0
447678,447678,447681,3,0
447678,447678,447681,3,0
447678,447678,447681,3,0
447678,447678,447681,3,0
447678,447678,447681,3,0
447678,447678,447681,3,0
447678,447678,447681,3,0
447678,447678,447681,3,0
447678,447678,447680,2,0
447678,447678,447681,3,0
447678,447678,447681,3,0
447678,447678,447681,3,0
447678,447678,447681,3,0
447678,447678,447682,4,0
447678,447678,447682,4,0
447678,447678,447681,3,0
447678,447678,447681,3,0
447678,447678,447681,3,0
447678,447678,447682,4,0
447678,447678,447682,4,0
447678,447678,447682,4,0
447678,447678,447682,4,0
447678,447678,447681,3,0
447678,447678,447681,3,0
447678,447678,447681,3,0
447678,447678,447682,4,0
447678,447678,447681,3,0
447678,447678,447681,3,0
447678,447678,447681,3,0
447678,447678,447681,3,0
447678,447678,447681,3,0
447678,447678,447681,3,0
447678,447678,447681,3,0
447282,447283,447700,417,1
447701,447702,447703,1,1
447701,447702,447703,1,1
447701,447702,447703,1,1
447701,447702,447703,1,1
447701,447702,447704,2,1
447701,447702,447704,2,1
447701,447702,447704,2,1
447701,447702,447703,1,1
447701,447702,447704,2,1
447701,447702,447704,2,1
447701,447702,447704,2,1
447701,447702,447703,1,1
447701,447702,447703,1,1
447701,447702,447703,1,1
447701,447702,447703,1,1
447701,447702,447704,2,1
447701,447702,447703,1,1
447701,447702,447703,1,1
447701,447702,447703,1,1
447701,447702,447703,1,1
447701,447702,447704,2,1
447701,447702,447703,1,1
447701,447702,447704,2,1
447701,447702,447704,2,1
447701,447702,447704,2,1
447701,447702,447704,2,1
447701,447702,447704,2,1
447701,447702,447705,3,1
447701,447702,447705,3,1
447701,447702,447704,2,1
447701,447702,447704,2,1
447701,447702,447705,3,1
447701,447702,447705,3,1
447701,447702,447704,2,1
447701,447702,447704,2,1
447701,447702,447704,2,1
447701,447702,447705,3,1
447701,447702,447704,2,1
447701,447702,447704,2,1
447701,447702,447705,3,1
447701,447702,447705,3,1
447701,447702,447704,2,1
447701,447702,447705,3,1
447701,447702,447705,3,1
447701,447702,447705,3,1
447701,447702,447705,3,1
447701,447702,447705,3,1
447701,447702,447706,4,1
447701,447702,447705,3,1
447701,447702,447705,3,1
447701,447702,447705,3,1
447701,447702,447705,3,1
447701,447702,447705,3,1
447701,447702,447705,3,1
447701,447702,447705,3,1
447701,447702,447705,3,1
447701,447702,447706,4,1
447701,447702,447710,8,1
447701,447702,447706,4,1
447701,447702,447706,4,1
447701,447702,447705,3,1
447301,447302,447739,437,1
447741,447741,447743,2,0
447741,447741,447743,2,0
447741,447741,447742,1,0
447741,447741,447743,2,0
447741,447741,447743,2,0
447741,447741,447742,1,0
447741,447741,447742,1,0
447741,447741,447743,2,0
447741,447741,447742,1,0
447741,447741,447743,2,0
447741,447741,447742,1,0
447741,447741,447743,2,0
447741,447741,447743,2,0
447741,447741,447742,1,0
447741,447741,447742,1,0
447741,447741,447743,2,0
447741,447741,447743,2,0
447741,447741,447743,2,0
447741,447741,447743,2,0
447741,447741,447742,1,0
447741,447741,447742,1,0
447741,447741,447743,2,0
447741,447741,447743,2,0
447741,447741,447743,2,0
447741,447741,447743,2,0
447741,447741,447743,2,0
447741,447741,447744,3,0
447741,447741,447744,3,0
447741,447741,447744,3,0
447741,447741,447744,3,0
447741,447741,447744,3,0
447741,447741,447743,2,0
447741,447741,447744,3,0
447741,447741,447743,2,0
447741,447741,447743,2,0
447741,447741,447743,2,0
447741,447741,447743,2,0
447741,447741,447743,2,0
447741,447741,447744,3,0
447741,447741,447744,3,0
447741,447741,447743,2,0
447741,447741,447744,3,0
447741,447741,447744,3,0
447741,447741,447744,3,0
447741,447741,447744,3,0
447741,447741,447745,4,0
447741,447741,447744,3,0
447741,447741,447744,3,0
447741,447741,447744,3,0
447741,447741,447744,3,0
447741,447741,447745,4,0
447741,447741,447744,3,0
447741,447741,447744,3,0
447741,447741,447745,4,0
447741,447741,447744,3,0
447741,447741,447744,3,0
447741,447741,447744,3,0
447741,447741,447745,4,0
447741,447741,447744,3,0
447741,447741,447745,4,0
447741,447741,447744,3,0
447333,447336,447767,431,3
447776,447777,447779,2,1
447776,447777,447778,1,1
447776,447777,447779,2,1
447776,447777,447779,2,1
447776,447777,447779,2,1
447776,447777,447778,1,1
447776,447777,447778,1,1
447776,447777,447778,1,1
447776,447777,447779,2,1
447776,447777,447779,2,1
447776,447777,447779,2,1
447776,447777,447779,2,1
447776,447777,447779,2,1
447776,447777,447779,2,1
447776,447777,447779,2,1
447776,447777,447779,2,1
447776,447777,447778,1,1
447776,447777,447778,1,1
447776,447777,447779,2,1
447776,447777,447778,1,1
447776,447777,447778,1,1
447776,447777,447778,1,1
447776,447777,447779,2,1
447776,447777,447779,2,1
447776,447777,447779,2,1
447776,447777,447779,2,1
447776,447777,447779,2,1
447776,447777,447779,2,1
447776,447777,447779,2,1
447776,447777,447779,2,1
447776,447777,447779,2,1
447776,447777,447779,2,1
447776,447777,447780,3,1
447776,447777,447779,2,1
447776,447777,447779,2,1
447776,447777,447779,2,1
447776,447777,447779,2,1
447776,447777,447780,3,1
447776,447777,447780,3,1
447776,447777,447779,2,1
447776,447777,447779,2,1
447776,447777,447780,3,1
447776,447777,447779,2,1
447776,447777,447779,2,1
447776,447777,447780,3,1
447776,447777,447779,2,1
447776,447777,447779,2,1
447776,447777,447780,3,1
447776,447777,447780,3,1
447776,447777,447781,4,1
447776,447777,447780,3,1
447776,447777,447780,3,1
447776,447777,447780,3,1
447776,447777,447781,4,1
447776,447777,447780,3,1
447776,447777,447780,3,1
447776,447777,447780,3,1
447776,447777,447780,3,1
447776,447777,447780,3,1
447776,447777,447780,3,1
447776,447777,447780,3,1
447367,447367,447786,419,0
447341,447342,447791,449,1
447795,447796,447797,1,1
447795,447796,447797,1,1
447795,447796,447798,2,1
447795,447796,447798,2,1
447795,447796,447798,2,1
447795,447796,447797,1,1
447795,447796,447797,1,1
447795,447796,447798,2,1
447795,447796,447797,1,1
447795,447796,447798,2,1
447795,447796,447797,1,1
447795,447796,447797,1,1
447795,447796,447798,2,1
447795,447796,447797,1,1
447795,447796,447797,1,1
447795,447796,447798,2,1
447795,447796,447797,1,1
447795,447796,447797,1,1
447795,447796,447797,1,1
447795,447796,447798,2,1
447795,447796,447797,1,1
447795,447796,447797,1,1
447795,447796,447797,1,1
447795,447796,447797,1,1
447795,447796,447798,2,1
447795,447796,447798,2,1
447795,447796,447797,1,1
447795,447796,447797,1,1
447795,447796,447797,1,1
447795,447796,447797,1,1
447795,447796,447798,2,1
447798,447798,447799,1,0
447795,447796,447798,2,1
447795,447796,447798,2,1
447795,447796,447799,3,1
447795,447796,447798,2,1
447795,447796,447798,2,1
447795,447796,447798,2,1
447795,447796,447798,2,1
447795,447796,447799,3,1
447795,447796,447798,2,1
447795,447796,447798,2,1
447795,447796,447798,2,1
447795,447796,447799,3,1
447795,447796,447798,2,1
447795,447796,447798,2,1
447795,447796,447798,2,1
447795,447796,447799,3,1
447795,447796,447800,4,1
447795,447796,447799,3,1
447798,447798,447799,1,0
447795,447796,447799,3,1
447798,447798,447799,1,0
447798,447798,447799,1,0
447798,447798,447799,1,0
447795,447796,447799,3,1
447798,447798,447799,1,0
447798,447798,447799,1,0
447798,447798,447799,1,0
447393,447393,447799,406,0
447795,447796,447799,3,1
447795,447796,447799,3,1
447798,447798,447799,1,0
447798,447798,447799,1,0
447798,447798,447799,1,0
447798,447798,447800,2,0
447795,447796,447799,3,1
447798,447798,447799,1,0
447798,447798,447799,1,0
447798,447798,447800,2,0
447798,447798,447800,2,0
447795,447796,447799,3,1
447798,447798,447799,1,0
447798,447798,447799,1,0
447798,447798,447799,1,0
447798,447798,447800,2,0
447795,447796,447799,3,1
447795,447796,447800,4,1
447798,447798,447799,1,0
447798,447798,447799,1,0
447798,447798,447799,1,0
447798,447798,447800,2,0
447798,447800,447801,1,2
447798,447800,447801,1,2
447798,447800,447801,1,2
447798,447798,447800,2,0
447798,447798,447801,3,0
447798,447798,447801,3,0
447798,447799,447801,2,1
447798,447800,447801,1,2
447798,447800,447801,1,2
447798,447799,447801,2,1
447798,447800,447801,1,2
447798,447799,447801,2,1
447798,447799,447801,2,1
447798,447798,447801,3,0
447798,447799,447801,2,1
447798,447799,447801,2,1
447798,447799,447802,3,1
447798,447799,447801,2,1
447798,447798,447801,3,0
447798,447799,447801,2,1
447798,447799,447802,3,1
447798,447799,447801,2,1
447798,447800,447801,1,2
447798,447799,447802,3,1
447406,447407,447802,395,1
447371,447371,447801,430,0
447798,447800,447802,2,2
447798,447800,447802,2,2
447798,447800,447801,1,2
447798,447799,447802,3,1
447798,447799,447802,3,1
447798,447800,447802,2,2
447798,447800,447801,1,2
447798,447800,447801,1,2
447798,447800,447801,1,2
447798,447799,447802,3,1
447798,447800,447802,2,2
447798,447799,447802,3,1
447798,447799,447802,3,1
447802,447802,447803,1,0
447802,447802,447804,2,0
447802,447802,447803,1,0
447802,447802,447804,2,0
447802,447802,447804,2,0
447802,447802,447803,1,0
447802,447802,447803,1,0
447802,447802,447804,2,0
447802,447802,447804,2,0
447802,447802,447803,1,0
447802,447802,447803,1,0
447802,447802,447804,2,0
447802,447802,447803,1,0
447802,447802,447803,1,0
447802,447802,447803,1,0
447802,447802,447803,1,0
447802,447802,447804,2,0
447802,447802,447804,2,0
447802,447802,447804,2,0
447802,447802,447803,1,0
447795,447802,447803,1,7
447795,447802,447804,2,7
447795,447802,447804,2,7
447802,447803,447804,1,1
447802,447803,447804,1,1
447802,447802,447804,2,0
447802,447802,447804,2,0
447802,447802,447804,2,0
447802,447802,447804,2,0
447802,447802,447804,2,0
447802,447802,447804,2,0
447802,447804,447805,1,2
447802,447802,447804,2,0
447802,447803,447804,1,1
447802,447803,447804,1,1
447802,447802,447804,2,0
447802,447802,447805,3,0
447802,447802,447805,3,0
447802,447802,447805,3,0
447802,447802,447805,3,0
447802,447804,447805,1,2
447802,447804,447805,1,2
447802,447802,447805,3,0
447802,447802,447805,3,0
447802,447802,447805,3,0
447802,447802,447805,3,0
447802,447802,447804,2,0
447802,447802,447805,3,0
447802,447802,447806,4,0
447802,447802,447806,4,0
447802,447802,447805,3,0
447802,447802,447806,4,0
447802,447802,447806,4,0
447802,447802,447805,3,0
447802,447802,447805,3,0
447802,447802,447805,3,0
447802,447802,447806,4,0
447802,447802,447805,3,0
447795,447802,447806,4,7
447795,447802,447805,3,7
447802,447802,447806,4,0
447802,447802,447806,4,0
447802,447802,447805,3,0
447802,447802,447806,4,0
447802,447802,447806,4,0
447802,447802,447805,3,0
447313,447314,447815,501,1
447369,447371,447816,445,2
447817,447818,447819,1,1
447817,447818,447819,1,1
447817,447818,447819,1,1
447817,447818,447819,1,1
447817,447818,447819,1,1
447817,447818,447819,1,1
447817,447818,447819,1,1
447817,447818,447819,1,1
447817,447818,447819,1,1
447817,447818,447819,1,1
447817,447818,447819,1,1
447817,447818,447819,1,1
447817,447818,447819,1,1
447817,447818,447819,1,1
447817,447818,447819,1,1
447817,447818,447819,1,1
447817,447818,447819,1,1
447817,447818,447819,1,1
447817,447818,447819,1,1
447817,447818,447820,2,1
447817,447818,447819,1,1
447817,447818,447819,1,1
447817,447818,447820,2,1
447817,447818,447819,1,1
447817,447818,447819,1,1
447817,447818,447820,2,1
447817,447818,447819,1,1
447817,447819,447820,1,2
447817,447818,447820,2,1
447817,447818,447820,2,1
447817,447818,447821,3,1
447817,447818,447820,2,1
447817,447820,447821,1,3
447817,447818,447821,3,1
447817,447818,447821,3,1
447817,447818,447821,3,1
447817,447818,447820,2,1
447817,447818,447820,2,1
447817,447818,447821,3,1
447817,447818,447820,2,1
447817,447818,447820,2,1
447817,447818,447821,3,1
447817,447818,447820,2,1
447817,447818,447821,3,1
447817,447818,447820,2,1
447817,447818,447821,3,1
447817,447818,447820,2,1
447817,447818,447820,2,1
447817,447818,447821,3,1
447817,447818,447821,3,1
447817,447818,447821,3,1
447817,447818,447820,2,1
447817,447818,447821,3,1
447817,447818,447821,3,1
447817,447818,447821,3,1
447817,447820,447821,1,3
447817,447820,447821,1,3
447817,447820,447821,1,3
447817,447818,447821,3,1
447817,447818,447821,3,1
447817,447820,447821,1,3
447817,447820,447821,1,3
447817,447818,447821,3,1
447817,447820,447821,1,3
447817,447820,447821,1,3
447817,447820,447821,1,3
447817,447820,447822,2,3
447817,447818,447821,3,1
447817,447820,447822,2,3
447817,447818,447821,3,1
447817,447820,447821,1,3
447817,447820,447822,2,3
447817,447820,447821,1,3
447817,447820,447822,2,3
447817,447820,447821,1,3
447817,447820,447821,1,3
447817,447820,447821,1,3
447817,447822,447823,1,5
447817,447820,447823,3,3
447817,447821,447823,2,4
447817,447820,447822,2,3
447817,447821,447823,2,4
447817,447821,447823,2,4
447817,447820,447823,3,3
447817,447820,447823,3,3
447817,447821,447822,1,4
447817,447821,447822,1,4
447817,447820,447822,2,3
447817,447820,447822,2,3
447817,447821,447823,2,4
447817,447820,447823,3,3
447817,447822,447823,1,5
447817,447822,447823,1,5
447817,447822,447823,1,5
447817,447822,447823,1,5
447817,447821,447824,3,4
447817,447822,447823,1,5
447817,447821,447824,3,4
447817,447821,447824,3,4
447817,447821,447823,2,4
447817,447821,447823,2,4
447817,447820,447823,3,3
447817,447821,447824,3,4
447817,447821,447823,2,4
447817,447821,447823,2,4
447817,447821,447823,2,4
447817,447820,447823,3,3
447817,447821,447823,2,4
447817,447821,447824,3,4
447817,447821,447823,2,4
447817,447822,447823,1,5
447817,447821,447824,3,4
447817,447821,447824,3,4
447817,447821,447824,3,4
447817,447821,447823,2,4
447817,447821,447824,3,4
447817,447821,447823,2,4
447817,447843,447844,1,26
447817,447843,447844,1,26
447817,447843,447844,1,26
447817,447843,447845,2,26
447817,447843,447845,2,26
447844,447845,447846,1,1
447844,447845,447846,1,1
447844,447845,447846,1,1
447844,447845,447846,1,1
447844,447845,447846,1,1
447844,447845,447846,1,1
447844,447845,447847,2,1
447844,447845,447846,1,1
447844,447845,447846,1,1
447844,447845,447846,1,1
447844,447845,447846,1,1
447844,447845,447846,1,1
447844,447845,447846,1,1
447844,447845,447846,1,1
447844,447845,447846,1,1
447844,447845,447846,1,1
447844,447845,447846,1,1
447844,447845,447846,1,1
447817,447843,447846,3,26
447844,447845,447846,1,1
447844,447845,447846,1,1
447844,447845,447846,1,1
447844,447845,447846,1,1
447844,447845,447846,1,1
447844,447845,447846,1,1
447844,447845,447846,1,1
447844,447845,447846,1,1
447844,447845,447846,1,1
447844,447845,447847,2,1
447844,447845,447847,2,1
447844,447845,447847,2,1
447844,447845,447847,2,1
447844,447845,447847,2,1
447844,447845,447847,2,1
447844,447845,447848,3,1
447844,447845,447848,3,1
447844,447845,447847,2,1
447844,447845,447847,2,1
447844,447845,447847,2,1
447844,447845,447847,2,1
447844,447845,447848,3,1
447844,447845,447847,2,1
447844,447845,447847,2,1
447844,447845,447848,3,1
447844,447845,447847,2,1
447844,447845,447847,2,1
447844,447845,447847,2,1
447844,447845,447847,2,1
447844,447845,447847,2,1
447844,447845,447848,3,1
447844,447845,447847,2,1
447439,447440,447848,408,1
447844,447845,447848,3,1
447844,447845,447848,3,1
447844,447845,447848,3,1
447850,447850,447852,2,0
447850,447850,447852,2,0
447850,447850,447852,2,0
447850,447850,447852,2,0
447850,447850,447852,2,0
447850,447850,447852,2,0
447850,447850,447852,2,0
447850,447850,447852,2,0
447850,447850,447852,2,0
447850,447850,447852,2,0
447850,447850,447852,2,0
447850,447850,447852,2,0
447850,447850,447852,2,0
447850,447850,447852,2,0
447850,447851,447852,1,1
447850,447850,447852,2,0
447850,447850,447852,2,0
447850,447850,447852,2,0
447850,447850,447852,2,0
447850,447850,447852,2,0
447850,447850,447852,2,0
447850,447850,447853,3,0
447850,447850,447853,3,0
447850,447850,447853,3,0
447850,447850,447853,3,0
447850,447850,447853,3,0
447850,447850,447853,3,0
447850,447850,447853,3,0
447850,447850,447853,3,0
447850,447850,447853,3,0
447850,447850,447853,3,0
447850,447850,447853,3,0
447850,447850,447854,4,0
447850,447850,447853,3,0
447850,447850,447853,3,0
447850,447850,447853,3,0
447850,447850,447853,3,0
447850,447850,447853,3,0
447850,447850,447853,3,0
447850,447850,447853,3,0
447844,447853,447854,1,9
447850,447850,447854,4,0
447850,447850,447853,3,0
447850,447850,447854,4,0
447850,447850,447854,4,0
447850,447850,447854,4,0
447850,447850,447854,4,0
447850,447850,447854,4,0
447850,447850,447854,4,0
447850,447850,447854,4,0
447850,447850,447854,4,0
447850,447850,447854,4,0
447850,447850,447854,4,0
447850,447853,447854,1,3
447850,447850,447854,4,0
447850,447850,447854,4,0
447850,447850,447854,4,0
447850,447850,447854,4,0
447844,447853,447854,1,9
447844,447853,447855,2,9
447844,447853,447854,1,9
447844,447853,447854,1,9
447844,447853,447856,3,9
447844,447853,447855,2,9
447876,447876,447877,1,0
447876,447876,447877,1,0
447876,447876,447877,1,0
447876,447876,447877,1,0
447876,447876,447877,1,0
447876,447876,447878,2,0
447876,447876,447877,1,0
447876,447876,447877,1,0
447876,447876,447878,2,0
447876,447876,447877,1,0
447876,447876,447877,1,0
447876,447876,447878,2,0
447876,447876,447877,1,0
447876,447876,447878,2,0
447876,447876,447877,1,0
447876,447876,447877,1,0
447876,447876,447878,2,0
447876,447876,447878,2,0
447876,447876,447877,1,0
447876,447876,447877,1,0
447876,447876,447878,2,0
447876,447876,447878,2,0
447876,447876,447877,1,0
447876,447876,447877,1,0
447876,447876,447878,2,0
447876,447876,447878,2,0
447876,447876,447878,2,0
447876,447876,447878,2,0
447876,447876,447878,2,0
447876,447876,447879,3,0
447876,447876,447879,3,0
447876,447876,447878,2,0
447876,447876,447878,2,0
447876,447876,447879,3,0
447876,447876,447879,3,0
447876,447876,447878,2,0
447876,447876,447879,3,0
447876,447876,447879,3,0
447876,447876,447878,2,0
447876,447876,447879,3,0
447876,447876,447879,3,0
447876,447876,447878,2,0
447876,447876,447879,3,0
447876,447876,447878,2,0
447876,447876,447879,3,0
447876,447876,447879,3,0
447876,447876,447880,4,0
447876,447876,447879,3,0
447876,447876,447880,4,0
447876,447876,447879,3,0
447876,447876,447879,3,0
447876,447876,447879,3,0
447876,447876,447879,3,0
447876,447876,447879,3,0
447876,447876,447880,4,0
447876,447876,447879,3,0
447876,447876,447880,4,0
447876,447876,447879,3,0
447876,447876,447880,4,0
447876,447876,447879,3,0
447876,447876,447880,4,0
447876,447876,447880,4,0
447497,447498,447892,394,1
447899,447899,447901,2,0
447899,447899,447901,2,0
447899,447899,447901,2,0
447899,447899,447901,2,0
447899,447899,447901,2,0
447899,447899,447901,2,0
447899,447899,447901,2,0
447899,447899,447901,2,0
447899,447899,447901,2,0
447899,447899,447901,2,0
447899,447900,447901,1,1
447899,447900,447901,1,1
447899,447900,447901,1,1
447899,447899,447901,2,0
447899,447899,447901,2,0
447899,447899,447901,2,0
447899,447899,447901,2,0
447899,447899,447901,2,0
447899,447899,447901,2,0
447899,447899,447901,2,0
447899,447899,447901,2,0
447899,447899,447901,2,0
447899,447899,447901,2,0
447899,447899,447901,2,0
447899,447899,447902,3,0
447899,447899,447902,3,0
447899,447899,447902,3,0
447899,447899,447902,3,0
447899,447899,447902,3,0
447899,447899,447902,3,0
447899,447899,447902,3,0
447899,447900,447902,2,1
447899,447900,447902,2,1
447899,447899,447902,3,0
447899,447899,447902,3,0
447899,447899,447902,3,0
447899,447899,447902,3,0
447899,447899,447902,3,0
447899,447899,447903,4,0
447899,447899,447903,4,0
447899,447899,447903,4,0
447899,447899,447903,4,0
447899,447899,447903,4,0
447899,447900,447903,3,1
447899,447900,447903,3,1
447899,447899,447903,4,0
447899,447899,447903,4,0
447899,447899,447903,4,0
447899,447899,447903,4,0
447899,447899,447903,4,0
447899,447899,447903,4,0
447899,447899,447903,4,0
447899,447899,447903,4,0
447899,447905,447907,2,6
447899,447905,447908,3,6
447899,447905,447909,4,6
447899,447909,447910,1,10
447899,447909,447910,1,10
447487,447488,447911,423,1
447899,447909,447911,2,10
447899,447909,447912,3,10
447899,447909,447912,3,10
447913,447913,447915,2,0
447913,447913,447915,2,0
447913,447913,447915,2,0
447913,447913,447915,2,0
447913,447913,447915,2,0
447913,447913,447915,2,0
447913,447913,447915,2,0
447913,447913,447915,2,0
447913,447913,447915,2,0
447913,447913,447915,2,0
447913,447913,447915,2,0
447913,447913,447915,2,0
447913,447913,447915,2,0
447913,447913,447915,2,0
447913,447913,447914,1,0
447913,447913,447915,2,0
447913,447913,447915,2,0
447913,447913,447915,2,0
447913,447913,447915,2,0
447913,447913,447915,2,0
447913,447913,447915,2,0
447913,447913,447916,3,0
447913,447913,447916,3,0
447913,447913,447915,2,0
447913,447913,447915,2,0
447913,447913,447915,2,0
447913,447913,447915,2,0
447913,447913,447916,3,0
447913,447913,447916,3,0
447913,447913,447916,3,0
447913,447913,447915,2,0
447913,447913,447915,2,0
447913,447913,447916,3,0
447913,447913,447916,3,0
447913,447913,447915,2,0
447913,447913,447916,3,0
447913,447913,447916,3,0
447913,447913,447915,2,0
447913,447913,447916,3,0
447913,447913,447916,3,0
447913,447913,447917,4,0
447913,447913,447917,4,0
447913,447913,447916,3,0
447913,447913,447917,4,0
447913,447913,447917,4,0
447913,447913,447917,4,0
447913,447913,447917,4,0
447913,447913,447916,3,0
447913,447913,447917,4,0
447913,447913,447916,3,0
447913,447913,447916,3,0
447913,447913,447917,4,0
447913,447913,447916,3,0
447913,447913,447916,3,0
447913,447913,447917,4,0
447913,447913,447916,3,0
447913,447913,447917,4,0
447913,447913,447916,3,0
447913,447913,447916,3,0
447913,447913,447917,4,0
447913,447913,447916,3,0
447517,447520,447928,408,3
447929,447929,447931,2,0
447929,447929,447931,2,0
447929,447929,447931,2,0
447929,447929,447931,2,0
447929,447929,447931,2,0
447929,447929,447931,2,0
447929,447929,447931,2,0
447929,447929,447931,2,0
447929,447929,447931,2,0
447929,447929,447931,2,0
447929,447929,447931,2,0
447929,447929,447931,2,0
447929,447929,447931,2,0
447929,447929,447931,2,0
447929,447929,447931,2,0
447929,447929,447931,2,0
447929,447929,447931,2,0
447929,447929,447931,2,0
447929,447929,447931,2,0
447929,447929,447931,2,0
447929,447929,447931,2,0
447929,447929,447931,2,0
447929,447929,447932,3,0
447929,447929,447932,3,0
447929,447929,447932,3,0
447929,447929,447932,3,0
447929,447929,447932,3,0
447929,447929,447932,3,0
447929,447929,447932,3,0
447929,447929,447932,3,0
447929,447929,447932,3,0
447929,447929,447932,3,0
447929,447929,447932,3,0
447929,447929,447932,3,0
447929,447929,447932,3,0
447929,447929,447932,3,0
447929,447929,447932,3,0
447929,447929,447932,3,0
447929,447929,447933,4,0
447929,447929,447932,3,0
447929,447929,447933,4,0
447929,447929,447932,3,0
447929,447929,447933,4,0
447929,447929,447933,4,0
447929,447929,447933,4,0
447929,447929,447933,4,0
447929,447929,447933,4,0
447929,447929,447933,4,0
447929,447929,447933,4,0
447929,447929,447933,4,0
447929,447929,447933,4,0
447929,447929,447933,4,0
447929,447929,447933,4,0
447929,447929,447933,4,0
447929,447929,447933,4,0
447929,447929,447933,4,0
447568,447569,447940,371,1
447929,447942,447943,1,13
447929,447942,447944,2,13
447929,447942,447945,3,13
447929,447942,447944,2,13
447944,447944,447946,2,0
447944,447944,447946,2,0
447944,447944,447945,1,0
447944,447944,447945,1,0
447944,447944,447945,1,0
447944,447944,447946,2,0
447944,447944,447946,2,0
447944,447944,447946,2,0
447944,447944,447945,1,0
447944,447944,447946,2,0
447944,447944,447946,2,0
447944,447944,447946,2,0
447944,447944,447945,1,0
447944,447944,447945,1,0
447944,447944,447945,1,0
447944,447944,447945,1,0
447944,447944,447946,2,0
447944,447944,447945,1,0
447929,447942,447945,3,13
447944,447944,447946,2,0
447944,447944,447946,2,0
447944,447944,447947,3,0
447944,447944,447946,2,0
447944,447944,447947,3,0
447944,447944,447946,2,0
447944,447944,447947,3,0
447944,447944,447946,2,0
447944,447944,447947,3,0
447944,447946,447947,1,2
447944,447944,447946,2,0
447944,447944,447946,2,0
447944,447944,447947,3,0
447944,447944,447947,3,0
447944,447944,447946,2,0
447944,447944,447947,3,0
447944,447944,447946,2,0
447944,447944,447947,3,0
447944,447944,447946,2,0
447944,447945,447946,1,1
447944,447945,447946,1,1
447944,447944,447947,3,0
447944,447944,447947,3,0
447944,447944,447947,3,0
447944,447944,447948,4,0
447944,447944,447947,3,0
447944,447944,447947,3,0
447944,447944,447948,4,0
447944,447944,447947,3,0
447944,447944,447947,3,0
447944,447944,447947,3,0
447944,447944,447947,3,0
447944,447944,447948,4,0
447944,447944,447947,3,0
447944,447944,447948,4,0
447944,447944,447948,4,0
447944,447944,447947,3,0
447539,447539,447948,409,0
447944,447944,447948,4,0
447944,447959,447960,1,15
447944,447959,447960,1,15
447944,447959,447960,1,15
447944,447959,447962,3,15
447961,447961,447963,2,0
447961,447961,447963,2,0
447944,447959,447962,3,15
447961,447961,447963,2,0
447961,447961,447963,2,0
447961,447961,447963,2,0
447961,447961,447963,2,0
447961,447961,447963,2,0
447961,447961,447963,2,0
447961,447961,447963,2,0
447961,447961,447963,2,0
447961,447961,447963,2,0
447961,447961,447963,2,0
447961,447961,447963,2,0
447961,447961,447963,2,0
447961,447961,447963,2,0
447961,447961,447963,2,0
447961,447961,447963,2,0
447961,447961,447963,2,0
447961,447961,447963,2,0
447961,447961,447963,2,0
447961,447961,447963,2,0
447961,447961,447963,2,0
447961,447961,447963,2,0
447961,447961,447964,3,0
447961,447963,447964,1,2
447961,447961,447964,3,0
447961,447961,447964,3,0
447961,447961,447964,3,0
447961,447961,447963,2,0
447961,447961,447964,3,0
447961,447961,447964,3,0
447961,447961,447963,2,0
447961,447961,447964,3,0
447961,447961,447964,3,0
447961,447961,447964,3,0
447961,447961,447964,3,0
447961,447961,447964,3,0
447961,447962,447963,1,1
447961,447961,447963,2,0
447961,447961,447964,3,0
447961,447961,447965,4,0
447961,447961,447964,3,0
447961,447961,447965,4,0
447961,447961,447965,4,0
447961,447961,447965,4,0
447961,447961,447965,4,0
447961,447961,447965,4,0
447961,447961,447965,4,0
447961,447961,447965,4,0
447961,447961,447965,4,0
447961,447961,447965,4,0
447961,447961,447965,4,0
447961,447961,447965,4,0
447961,447961,447965,4,0
447961,447961,447965,4,0
447961,447977,447978,1,16
447961,447977,447978,1,16
447961,447977,447978,1,16
447961,447977,447980,3,16
447961,447977,447979,2,16
447961,447977,447980,3,16
447552,447552,447992,440,0
447994,447994,447996,2,0
447994,447994,447996,2,0
447994,447994,447995,1,0
447994,447994,447996,2,0
447994,447994,447996,2,0
447994,447994,447996,2,0
447994,447994,447996,2,0
447994,447994,447996,2,0
447994,447994,447996,2,0
447994,447994,447996,2,0
447994,447994,447996,2,0
447994,447994,447996,2,0
447994,447994,447996,2,0
447994,447994,447996,2,0
447994,447994,447996,2,0
447994,447994,447996,2,0
447994,447994,447996,2,0
447994,447994,447996,2,0
447994,447994,447996,2,0
447994,447994,447996,2,0
447994,447994,447996,2,0
447994,447995,447996,1,1
447994,447995,447996,1,1
447994,447995,447997,2,1
447994,447995,447997,2,1
447994,447995,447996,1,1
447994,447995,447996,1,1
447994,447995,447997,2,1
447994,447994,447997,3,0
447994,447994,447996,2,0
447994,447994,447997,3,0
447994,447994,447997,3,0
447994,447994,447996,2,0
447994,447994,447997,3,0
447994,447994,447996,2,0
447994,447994,447997,3,0
447994,447994,447997,3,0
447994,447994,447996,2,0
447994,447994,447997,3,0
447994,447994,447997,3,0
447994,447994,447997,3,0
447994,447994,447997,3,0
447994,447994,447997,3,0
447994,447994,447997,3,0
447994,447994,447996,2,0
447994,447994,447998,4,0
447994,447994,447998,4,0
447994,447995,447998,3,1
447994,447994,447998,4,0
447994,447994,447998,4,0
447994,447994,447998,4,0
447994,447994,447997,3,0
447994,447994,447998,4,0
447994,447994,447998,4,0
447994,447994,447998,4,0
447994,447994,447997,3,0
447994,447994,447998,4,0
447994,447994,447998,4,0
447994,447995,447998,3,1
447994,447995,447998,3,1
447994,447995,447999,4,1
447612,447613,448063,450,1
447679,447680,448063,383,1
448064,448064,448065,1,0
448064,448064,448066,2,0
448064,448064,448066,2,0
448064,448064,448066,2,0
448064,448064,448066,2,0
448064,448064,448066,2,0
448064,448064,448066,2,0
448064,448064,448066,2,0
448064,448064,448066,2,0
448064,448064,448066,2,0
448064,448064,448066,2,0
448064,448064,448066,2,0
448064,448064,448066,2,0
448064,448064,448066,2,0
448064,448064,448066,2,0
448064,448064,448066,2,0
448064,448064,448066,2,0
448064,448064,448066,2,0
448064,448064,448066,2,0
448064,448064,448066,2,0
448064,448064,448066,2,0
448064,448064,448066,2,0
448064,448064,448066,2,0
448064,448064,448066,2,0
448064,448064,448066,2,0
448064,448065,448066,1,1
448064,448064,448066,2,0
448064,448064,448066,2,0
448064,448065,448067,2,1
448064,448065,448067,2,1
448064,448065,448067,2,1
448064,448065,448067,2,1
448064,448065,448067,2,1
447661,447662,448067,405,1
448064,448064,448067,3,0
448064,448064,448068,4,0
448064,448064,448067,3,0
448064,448064,448067,3,0
448064,448064,448067,3,0
448064,448064,448067,3,0
448064,448064,448067,3,0
448064,448064,448068,4,0
448064,448064,448067,3,0
448064,448064,448068,4,0
448064,448064,448067,3,0
448064,448065,448068,3,1
448064,448065,448067,2,1
448064,448064,448068,4,0
448064,448064,448068,4,0
448064,448067,448068,1,3
448064,448067,448068,1,3
448064,448067,448068,1,3
448064,448067,448068,1,3
448064,448064,448068,4,0
448064,448064,448068,4,0
448064,448066,448068,2,2
448064,448067,448068,1,3
448064,448064,448068,4,0
448064,448064,448068,4,0
448064,448067,448068,1,3
448064,448067,448068,1,3
448064,448067,448068,1,3
448064,448067,448068,1,3
448064,448064,448068,4,0
448064,448067,448068,1,3
448064,448067,448068,1,3
448064,448067,448068,1,3
448064,448067,448068,1,3
448064,448064,448068,4,0
448064,448064,448068,4,0
448064,448067,448068,1,3
448064,448067,448068,1,3
448064,448064,448068,4,0
448064,448064,448068,4,0
448064,448064,448068,4,0
448064,448064,448068,4,0
448064,448064,448068,4,0
448064,448067,448068,1,3
448064,448065,448068,3,1
448064,448065,448069,4,1
448064,448065,448069,4,1
448064,448067,448069,2,3
448064,448068,448070,2,4
448064,448068,448070,2,4
448064,448067,448069,2,3
448064,448067,448069,2,3
448064,448067,448070,3,3
448064,448068,448070,2,4
448064,448068,448070,2,4
448064,448067,448070,3,3
448064,448068,448070,2,4
448064,448068,448071,3,4
448068,448070,448071,1,2
448064,448069,448070,1,5
448064,448069,448070,1,5
448064,448069,448070,1,5
448064,448069,448070,1,5
448064,448069,448070,1,5
448064,448069,448070,1,5
448064,448068,448070,2,4
448064,448069,448070,1,5
448064,448069,448070,1,5
448064,448069,448070,1,5
448064,448069,448070,1,5
448064,448067,448070,3,3
448064,448068,448070,2,4
448064,448069,448070,1,5
448068,448069,448070,1,1
448068,448069,448070,1,1
448064,448068,448070,2,4
448064,448068,448070,2,4
448064,448069,448070,1,5
448068,448069,448070,1,1
448068,448069,448070,1,1
448068,448069,448070,1,1
448064,448067,448070,3,3
448064,448067,448070,3,3
448064,448067,448070,3,3
448068,448069,448070,1,1
448064,448068,448070,2,4
448064,448069,448070,1,5
448064,448069,448070,1,5
448068,448069,448070,1,1
448068,448069,448070,1,1
448068,448069,448070,1,1
448064,448067,448070,3,3
448064,448068,448070,2,4
448064,448068,448070,2,4
448068,448069,448070,1,1
448068,448069,448070,1,1
448064,448067,448070,3,3
448068,448069,448071,2,1
448068,448069,448070,1,1
448068,448069,448070,1,1
448064,448068,448071,3,4
448068,448070,448071,1,2
448064,448068,448071,3,4
448064,448068,448071,3,4
448064,448068,448071,3,4
448064,448068,448071,3,4
448068,448070,448071,1,2
448068,448070,448071,1,2
448068,448071,448073,2,3
448068,448071,448073,2,3
448068,448071,448073,2,3
448068,448071,448073,2,3
448068,448070,448073,3,2
448068,448070,448073,3,2
448068,448070,448073,3,2
448068,448070,448073,3,2
448068,448071,448072,1,3
448068,448071,448072,1,3
448068,448071,448073,2,3
448068,448071,448072,1,3
448068,448070,448073,3,2
448068,448071,448072,1,3
448068,448071,448072,1,3
448068,448071,448072,1,3
448068,448071,448072,1,3
448068,448071,448074,3,3
448068,448071,448073,2,3
448068,448071,448073,2,3
448068,448071,448074,3,3
448068,448071,448074,3,3
448068,448071,448074,3,3
448068,448071,448074,3,3
448068,448071,448074,3,3
448068,448071,448073,2,3
448068,448071,448074,3,3
448068,448071,448073,2,3
448068,448071,448074,3,3
448068,448071,448074,3,3
448068,448071,448073,2,3
448068,448070,448073,3,2
448068,448070,448073,3,2
448068,448071,448073,2,3
448068,448071,448074,3,3
448068,448071,448073,2,3
448068,448071,448073,2,3
448068,448071,448074,3,3
448068,448071,448073,2,3
448068,448071,448073,2,3
448068,448071,448074,3,3
448068,448071,448074,3,3
447703,447704,448134,430,1
448136,448137,448138,1,1
448136,448137,448138,1,1
448136,448137,448138,1,1
448136,448137,448138,1,1
448136,448137,448139,2,1
448136,448137,448138,1,1
448136,448137,448138,1,1
448136,448137,448138,1,1
448136,448137,448138,1,1
448136,448137,448138,1,1
448136,448137,448138,1,1
448136,448137,448138,1,1
448136,448137,448138,1,1
448136,448137,448138,1,1
448136,448137,448138,1,1
448136,448137,448138,1,1
448136,448137,448138,1,1
448136,448137,448139,2,1
448136,448137,448139,2,1
448136,448137,448138,1,1
448136,448137,448138,1,1
448136,448137,448139,2,1
448136,448137,448139,2,1
448136,448137,448139,2,1
448136,448137,448139,2,1
448136,448137,448139,2,1
448136,448137,448139,2,1
448136,448137,448139,2,1
448136,448137,448140,3,1
448136,448137,448139,2,1
448136,448137,448139,2,1
448136,448137,448139,2,1
448136,448137,448139,2,1
448136,448137,448139,2,1
448136,448137,448139,2,1
448136,448137,448139,2,1
448136,448137,448139,2,1
448136,448137,448139,2,1
448136,448137,448140,3,1
448136,448137,448139,2,1
448136,448137,448140,3,1
448136,448137,448139,2,1
448136,448137,448139,2,1
448136,448137,448140,3,1
448136,448137,448140,3,1
448136,448137,448139,2,1
448136,448137,448140,3,1
448136,448137,448140,3,1
448136,448137,448140,3,1
448136,448137,448140,3,1
448136,448137,448140,3,1
448136,448137,448141,4,1
448136,448137,448140,3,1
448136,448137,448140,3,1
448136,448137,448140,3,1
448136,448137,448140,3,1
448136,448137,448140,3,1
448136,448137,448141,4,1
448136,448137,448140,3,1
448136,448137,448141,4,1
448136,448137,448141,4,1
447742,447743,448157,414,1
448159,448159,448161,2,0
448159,448159,448161,2,0
448159,448159,448161,2,0
448159,448159,448161,2,0
448159,448159,448161,2,0
448159,448159,448161,2,0
448159,448159,448161,2,0
448159,448159,448161,2,0
448159,448159,448161,2,0
448159,448159,448161,2,0
448159,448159,448161,2,0
448159,448159,448161,2,0
448159,448159,448161,2,0
448159,448159,448161,2,0
448159,448159,448161,2,0
448159,448159,448161,2,0
448159,448159,448161,2,0
448159,448159,448161,2,0
448159,448159,448161,2,0
448159,448159,448161,2,0
448159,448159,448161,2,0
448159,448159,448161,2,0
448159,448159,448161,2,0
448159,448160,448161,1,1
448159,448159,448162,3,0
448159,448159,448162,3,0
448159,448159,448162,3,0
448159,448159,448161,2,0
448159,448160,448162,2,1
448159,448160,448162,2,1
448159,448160,448162,2,1
448159,448159,448162,3,0
448159,448159,448162,3,0
448159,448159,448162,3,0
448159,448159,448162,3,0
448159,448159,448162,3,0
448159,448159,448162,3,0
448159,448159,448162,3,0
448159,448161,448162,1,2
448159,448159,448162,3,0
448159,448159,448162,3,0
448159,448159,448162,3,0
448159,448159,448162,3,0
448159,448159,448163,4,0
448159,448160,448163,3,1
448159,448160,448163,3,1
448159,448160,448163,3,1
448159,448159,448163,4,0
448159,448159,448163,4,0
448159,448159,448163,4,0
448159,448159,448163,4,0
448159,448159,448163,4,0
448159,448159,448163,4,0
448159,448159,448163,4,0
448159,448159,448162,3,0
448159,448159,448163,4,0
448159,448159,448163,4,0
448159,448159,448163,4,0
448159,448159,448163,4,0
448159,448159,448163,4,0
448159,448159,448163,4,0
448159,448159,448164,5,0
447778,447779,448181,402,1
448183,448183,448185,2,0
448183,448183,448184,1,0
448183,448183,448184,1,0
448183,448183,448185,2,0
448183,448183,448185,2,0
448183,448183,448185,2,0
448183,448183,448185,2,0
448183,448183,448185,2,0
448183,448183,448184,1,0
448183,448183,448184,1,0
448183,448183,448185,2,0
448183,448183,448185,2,0
448183,448183,448184,1,0
448183,448183,448184,1,0
448183,448183,448184,1,0
448183,448183,448185,2,0
448183,448183,448185,2,0
448183,448183,448184,1,0
448183,448183,448184,1,0
448183,448183,448185,2,0
448183,448183,448185,2,0
448183,448183,448186,3,0
448183,448183,448185,2,0
448183,448183,448185,2,0
448183,448183,448185,2,0
448183,448183,448185,2,0
448183,448183,448185,2,0
448183,448183,448186,3,0
448183,448183,448185,2,0
448183,448183,448185,2,0
448183,448183,448186,3,0
448183,448183,448186,3,0
448183,448183,448185,2,0
448183,448183,448186,3,0
448183,448183,448185,2,0
448183,448183,448185,2,0
448183,448183,448186,3,0
448183,448183,448185,2,0
448183,448183,448186,3,0
448183,448183,448186,3,0
448183,448183,448186,3,0
448183,448183,448186,3,0
448183,448183,448186,3,0
448183,448183,448186,3,0
448183,448183,448186,3,0
448183,448183,448186,3,0
448183,448183,448186,3,0
448183,448183,448186,3,0
448183,448183,448186,3,0
448183,448183,448187,4,0
448183,448183,448187,4,0
448183,448183,448186,3,0
448183,448183,448186,3,0
448183,448183,448187,4,0
448183,448183,448187,4,0
447799,447800,448195,395,1
448183,448195,448196,1,12
448183,448195,448196,1,12
448183,448195,448196,1,12
448183,448195,448196,1,12
448196,448196,448198,2,0
448196,448196,448198,2,0
448196,448196,448198,2,0
448196,448196,448198,2,0
448196,448196,448198,2,0
448196,448196,448198,2,0
448196,448196,448198,2,0
448196,448196,448198,2,0
448196,448196,448198,2,0
448196,448196,448198,2,0
448196,448196,448198,2,0
448196,448196,448198,2,0
448196,448196,448198,2,0
448196,448196,448198,2,0
448196,448196,448198,2,0
448196,448196,448198,2,0
448196,448196,448198,2,0
448196,448196,448198,2,0
448196,448196,448198,2,0
448196,448196,448198,2,0
448196,448196,448198,2,0
448196,448196,448199,3,0
448196,448196,448199,3,0
448196,448196,448199,3,0
448196,448196,448199,3,0
448196,448196,448199,3,0
448196,448196,448199,3,0
448196,448196,448199,3,0
448196,448196,448199,3,0
448196,448196,448199,3,0
448196,448196,448199,3,0
448196,448196,448199,3,0
448196,448196,448199,3,0
448196,448196,448199,3,0
448196,448197,448199,2,1
448196,448196,448199,3,0
448196,448196,448200,4,0
448196,448196,448200,4,0
448196,448196,448200,4,0
448196,448196,448200,4,0
448196,448196,448200,4,0
448196,448196,448199,3,0
448196,448196,448200,4,0
448196,448196,448200,4,0
448196,448196,448200,4,0
448196,448196,448200,4,0
448196,448196,448200,4,0
448196,448196,448200,4,0
448196,448199,448200,1,3
448196,448196,448200,4,0
448196,448196,448200,4,0
448196,448196,448200,4,0
448196,448196,448200,4,0
448196,448196,448200,4,0
448196,448196,448200,4,0
448196,448196,448200,4,0
448196,448199,448200,1,3
447797,447797,448209,412,0
448210,448210,448212,2,0
448210,448210,448212,2,0
448210,448210,448212,2,0
448210,448210,448212,2,0
448210,448210,448212,2,0
448210,448210,448212,2,0
448210,448210,448212,2,0
448210,448210,448212,2,0
448210,448210,448212,2,0
448210,448210,448212,2,0
448210,448210,448212,2,0
448210,448210,448212,2,0
448210,448210,448212,2,0
448210,448210,448212,2,0
448210,448210,448212,2,0
448210,448210,448212,2,0
448210,448211,448212,1,1
448210,448211,448212,1,1
448210,448211,448212,1,1
448210,448211,448213,2,1
448210,448211,448213,2,1
448210,448211,448213,2,1
448210,448210,448213,3,0
448210,448210,448213,3,0
448210,448210,448213,3,0
448210,448210,448212,2,0
448210,448210,448213,3,0
448210,448210,448213,3,0
448210,448210,448213,3,0
448210,448210,448213,3,0
448210,448212,448213,1,2
448210,448210,448213,3,0
448210,448210,448213,3,0
448210,448212,448213,1,2
448210,448210,448213,3,0
448210,448210,448213,3,0
448210,448210,448213,3,0
448210,448210,448213,3,0
448210,448210,448212,2,0
448210,448210,448213,3,0
448210,448212,448213,1,2
448210,448212,448213,1,2
448210,448211,448213,2,1
448210,448211,448213,2,1
448210,448211,448214,3,1
448210,448210,448214,4,0
448210,448210,448214,4,0
448210,448210,448213,3,0
448210,448210,448214,4,0
448210,448210,448214,4,0
448210,448210,448214,4,0
448210,448212,448214,2,2
448210,448212,448214,2,2
448210,448210,448214,4,0
448210,448210,448214,4,0
448210,448210,448213,3,0
448210,448210,448214,4,0
448210,448210,448214,4,0
448210,448212,448213,1,2
448210,448211,448214,3,1
448210,448211,448214,3,1
448210,448211,448215,4,1
448183,448195,448198,3,12
448183,448195,448198,3,12
448196,448221,448222,1,25
448196,448221,448222,1,25
448196,448221,448222,1,25
448196,448221,448222,1,25
447803,447804,448231,427,1
447819,447822,448237,415,3
448235,448236,448237,1,1
448235,448236,448237,1,1
448235,448236,448237,1,1
448235,448235,448237,2,0
448235,448236,448237,1,1
448235,448235,448237,2,0
448235,448236,448237,1,1
448235,448236,448237,1,1
448235,448235,448237,2,0
448235,448235,448237,2,0
448235,448236,448238,2,1
448235,448236,448237,1,1
448235,448235,448237,2,0
448235,448235,448237,2,0
448235,448235,448237,2,0
448235,448236,448237,1,1
448235,448235,448237,2,0
448235,448236,448237,1,1
448235,448236,448237,1,1
448235,448235,448237,2,0
448235,448236,448237,1,1
448235,448236,448237,1,1
448235,448236,448237,1,1
448235,448235,448237,2,0
448235,448235,448237,2,0
448235,448236,448237,1,1
448235,448236,448237,1,1
448235,448237,448238,1,2
448235,448235,448238,3,0
448235,448236,448238,2,1
448235,448235,448238,3,0
448235,448236,448238,2,1
448235,448236,448238,2,1
448235,448235,448239,4,0
448235,448236,448238,2,1
448235,448236,448238,2,1
448235,448236,448238,2,1
448235,448236,448238,2,1
448235,448236,448238,2,1
448235,448236,448238,2,1
448235,448235,448238,3,0
448235,448236,448238,2,1
448235,448236,448238,2,1
448235,448236,448238,2,1
448235,448236,448238,2,1
448235,448237,448239,2,2
448235,448237,448238,1,2
448235,448235,448239,4,0
448235,448236,448239,3,1
448235,448236,448239,3,1
448235,448236,448239,3,1
448235,448236,448239,3,1
448235,448235,448239,4,0
448235,448236,448239,3,1
448235,448236,448239,3,1
448235,448237,448240,3,2
448235,448237,448240,3,2
448235,448237,448239,2,2
448242,448242,448244,2,0
448242,448242,448244,2,0
448242,448242,448244,2,0
448242,448242,448244,2,0
448242,448242,448243,1,0
448242,448242,448244,2,0
448242,448242,448243,1,0
448242,448242,448243,1,0
448242,448242,448243,1,0
448242,448242,448244,2,0
448242,448242,448244,2,0
448242,448242,448243,1,0
448242,448242,448244,2,0
448242,448242,448244,2,0
448242,448242,448243,1,0
448242,448242,448243,1,0
448242,448242,448244,2,0
448242,448242,448243,1,0
448242,448242,448243,1,0
448242,448242,448243,1,0
448242,448242,448243,1,0
448242,448242,448243,1,0
448242,448242,448244,2,0
448242,448242,448243,1,0
448242,448242,448244,2,0
448242,448242,448244,2,0
448242,448242,448245,3,0
448242,448242,448244,2,0
448242,448242,448244,2,0
448242,448242,448245,3,0
448242,448242,448244,2,0
448242,448242,448245,3,0
448242,448242,448244,2,0
448242,448242,448245,3,0
448242,448242,448245,3,0
448242,448242,448244,2,0
448242,448242,448245,3,0
448242,448242,448245,3,0
448242,448242,448244,2,0
448242,448242,448244,2,0
448242,448242,448245,3,0
448242,448244,448245,1,2
448242,448244,448245,1,2
448242,448242,448245,3,0
448242,448242,448245,3,0
448242,448242,448245,3,0
448242,448242,448245,3,0
448242,448242,448245,3,0
448242,448242,448245,3,0
448242,448242,448245,3,0
448242,448244,448245,1,2
448242,448242,448245,3,0
448242,448242,448245,3,0
448242,448242,448245,3,0
448242,448242,448245,3,0
448242,448242,448245,3,0
448242,448242,448245,3,0
448242,448242,448245,3,0
448242,448244,448246,2,2
448235,448236,448238,2,1
448235,448236,448239,3,1
448235,448236,448239,3,1
448235,448236,448238,2,1
448242,448254,448255,1,12
448242,448254,448255,1,12
447846,447847,448280,433,1
448282,448282,448284,2,0
448282,448282,448284,2,0
448282,448282,448284,2,0
448282,448282,448284,2,0
448282,448282,448284,2,0
448282,448282,448284,2,0
448282,448282,448284,2,0
448282,448282,448284,2,0
448282,448282,448284,2,0
448282,448282,448284,2,0
448282,448282,448284,2,0
448282,448282,448284,2,0
448282,448282,448284,2,0
448282,448282,448284,2,0
448282,448282,448284,2,0
448282,448282,448284,2,0
448282,448282,448284,2,0
448282,448282,448284,2,0
448282,448282,448284,2,0
448282,448282,448284,2,0
448282,448282,448284,2,0
448282,448282,448284,2,0
448282,448282,448284,2,0
448282,448282,448284,2,0
448282,448282,448284,2,0
448282,448282,448284,2,0
448282,448282,448284,2,0
448282,448282,448284,2,0
448282,448283,448285,2,1
448282,448282,448284,2,0
448282,448282,448285,3,0
448282,448282,448284,2,0
448282,448282,448284,2,0
448282,448282,448285,3,0
448282,448282,448284,2,0
448282,448282,448285,3,0
448282,448282,448284,2,0
448282,448282,448285,3,0
448282,448282,448285,3,0
448282,448282,448284,2,0
448282,448282,448285,3,0
448282,448282,448285,3,0
448282,448282,448285,3,0
448282,448282,448285,3,0
448282,448282,448285,3,0
448282,448282,448285,3,0
448282,448283,448286,3,1
448282,448282,448286,4,0
448282,448282,448286,4,0
448282,448282,448285,3,0
448282,448282,448286,4,0
448282,448282,448286,4,0
448282,448282,448286,4,0
448282,448282,448286,4,0
448282,448282,448286,4,0
448282,448282,448286,4,0
448282,448283,448286,3,1
447851,447853,448287,434,2
448288,448289,448290,1,1
448288,448289,448290,1,1
448288,448289,448290,1,1
448288,448289,448291,2,1
448288,448289,448290,1,1
448288,448289,448290,1,1
448288,448289,448290,1,1
448288,448289,448290,1,1
448288,448289,448290,1,1
448288,448289,448290,1,1
448288,448289,448290,1,1
448288,448289,448291,2,1
448288,448289,448290,1,1
448288,448289,448290,1,1
448288,448289,448290,1,1
448288,448289,448290,1,1
448288,448289,448290,1,1
448288,448289,448290,1,1
448288,448289,448290,1,1
448288,448289,448291,2,1
448288,448289,448291,2,1
448288,448289,448290,1,1
448288,448289,448290,1,1
448288,448289,448290,1,1
448288,448289,448290,1,1
448288,448289,448291,2,1
448288,448289,448291,2,1
448288,448289,448292,3,1
448288,448289,448291,2,1
448288,448289,448291,2,1
448288,448289,448291,2,1
448288,448289,448291,2,1
448288,448289,448291,2,1
448288,448289,448292,3,1
448288,448289,448291,2,1
448288,448289,448291,2,1
448288,448289,448291,2,1
448288,448289,448291,2,1
448288,448289,448292,3,1
448288,448289,448291,2,1
448288,448291,448292,1,3
448288,448289,448292,3,1
448288,448291,448292,1,3
448288,448289,448291,2,1
448288,448289,448292,3,1
448288,448289,448291,2,1
448288,448291,448292,1,3
448288,448289,448293,4,1
448288,448289,448292,3,1
447914,447915,448292,377,1
448288,448289,448292,3,1
448288,448289,448292,3,1
448288,448289,448292,3,1
448288,448289,448292,3,1
448288,448289,448292,3,1
448288,448289,448292,3,1
448288,448289,448292,3,1
448288,448289,448292,3,1
448288,448289,448292,3,1
448288,448291,448292,1,3
448288,448291,448292,1,3
448288,448289,448293,4,1
448293,448293,448295,2,0
448293,448293,448295,2,0
448293,448293,448295,2,0
448293,448293,448295,2,0
448293,448293,448295,2,0
448293,448293,448295,2,0
448293,448293,448295,2,0
448293,448293,448295,2,0
448293,448293,448295,2,0
448293,448293,448295,2,0
448293,448293,448295,2,0
448293,448293,448295,2,0
448293,448293,448295,2,0
448293,448293,448295,2,0
448293,448293,448295,2,0
448293,448293,448295,2,0
448293,448293,448295,2,0
448293,448293,448295,2,0
448293,448293,448295,2,0
448293,448293,448295,2,0
448293,448293,448295,2,0
448293,448294,448296,2,1
448282,448282,448285,3,0
448282,448282,448286,4,0
448282,448282,448285,3,0
448282,448282,448284,2,0
448293,448293,448296,3,0
448293,448293,448296,3,0
448293,448293,448296,3,0
448293,448293,448296,3,0
448293,448293,448296,3,0
448293,448293,448296,3,0
448293,448293,448296,3,0
448293,448293,448296,3,0
448293,448293,448295,2,0
448293,448293,448296,3,0
448293,448293,448296,3,0
448293,448293,448296,3,0
448293,448293,448296,3,0
448293,448293,448296,3,0
448293,448293,448296,3,0
448293,448295,448296,1,2
448293,448295,448296,1,2
448293,448295,448296,1,2
448293,448293,448296,3,0
448293,448294,448297,3,1
448293,448294,448297,3,1
448293,448293,448297,4,0
448293,448293,448297,4,0
448293,448293,448297,4,0
448293,448293,448297,4,0
448293,448293,448297,4,0
448293,448293,448297,4,0
448293,448293,448297,4,0
448293,448293,448297,4,0
448293,448293,448297,4,0
448293,448293,448297,4,0
448293,448293,448297,4,0
448293,448293,448297,4,0
448293,448295,448297,2,2
448293,448293,448297,4,0
448293,448293,448296,3,0
448293,448295,448296,1,2
448293,448295,448296,1,2
448293,448293,448298,5,0
448293,448293,448298,5,0
447877,447877,448307,430,0
448320,448321,448323,2,1
448320,448321,448322,1,1
448320,448321,448323,2,1
448320,448321,448322,1,1
448320,448321,448322,1,1
448320,448321,448322,1,1
448320,448321,448322,1,1
448320,448321,448322,1,1
448320,448321,448322,1,1
448320,448321,448322,1,1
448320,448321,448322,1,1
448320,448321,448323,2,1
448320,448321,448323,2,1
448320,448321,448322,1,1
448320,448321,448323,2,1
448320,448321,448322,1,1
448320,448321,448322,1,1
448320,448321,448322,1,1
448320,448321,448323,2,1
448320,448321,448322,1,1
448320,448321,448323,2,1
448320,448321,448322,1,1
448320,448321,448323,2,1
448320,448321,448323,2,1
448320,448321,448323,2,1
448320,448321,448322,1,1
448320,448321,448322,1,1
448320,448321,448322,1,1
448320,448321,448323,2,1
448320,448321,448323,2,1
448320,448321,448323,2,1
448320,448321,448324,3,1
448320,448321,448323,2,1
448320,448321,448323,2,1
448320,448321,448323,2,1
448320,448321,448323,2,1
448320,448321,448324,3,1
448320,448321,448323,2,1
448320,448321,448324,3,1
448320,448321,448323,2,1
448320,448321,448324,3,1
448320,448321,448323,2,1
448320,448321,448323,2,1
448320,448321,448324,3,1
448320,448321,448324,3,1
448320,448321,448323,2,1
448320,448321,448323,2,1
448320,448321,448324,3,1
448320,448321,448323,2,1
448320,448321,448325,4,1
448320,448321,448325,4,1
448320,448321,448324,3,1
448320,448321,448324,3,1
448320,448321,448324,3,1
448320,448321,448324,3,1
448320,448321,448324,3,1
448320,448321,448324,3,1
448320,448321,448324,3,1
448320,448321,448324,3,1
447900,447902,448334,432,2
447885,447885,448335,450,0
448335,448336,448337,1,1
448335,448336,448337,1,1
448335,448336,448338,2,1
448335,448336,448337,1,1
448335,448336,448337,1,1
448335,448336,448337,1,1
448335,448336,448337,1,1
448335,448336,448338,2,1
448335,448336,448337,1,1
448335,448336,448337,1,1
448335,448336,448337,1,1
448335,448336,448338,2,1
448335,448336,448338,2,1
448335,448336,448337,1,1
448335,448336,448337,1,1
448335,448336,448338,2,1
448335,448336,448338,2,1
448335,448336,448337,1,1
448335,448336,448338,2,1
448335,448336,448337,1,1
448335,448336,448337,1,1
448335,448336,448338,2,1
448335,448336,448339,3,1
448335,448336,448338,2,1
448335,448336,448338,2,1
448335,448338,448339,1,3
448335,448336,448339,3,1
448335,448336,448339,3,1
448335,448336,448338,2,1
448335,448336,448339,3,1
448335,448336,448338,2,1
448335,448336,448339,3,1
448335,448336,448339,3,1
448335,448336,448338,2,1
448335,448336,448339,3,1
448335,448336,448338,2,1
448338,448338,448339,1,0
448335,448336,448338,2,1
448335,448336,448338,2,1
448335,448336,448338,2,1
448335,448336,448340,4,1
448335,448336,448339,3,1
448338,448338,448339,1,0
448335,448336,448339,3,1
448338,448338,448339,1,0
448338,448338,448339,1,0
448335,448336,448339,3,1
448338,448338,448339,1,0
448338,448338,448339,1,0
448338,448338,448339,1,0
448338,448338,448339,1,0
448335,448336,448339,3,1
448338,448338,448339,1,0
448338,448338,448340,2,0
448338,448338,448339,1,0
448335,448336,448339,3,1
448338,448338,448339,1,0
448338,448338,448339,1,0
448338,448338,448339,1,0
448335,448336,448340,4,1
448338,448338,448339,1,0
448338,448338,448339,1,0
448338,448338,448339,1,0
448338,448338,448339,1,0
448338,448339,448341,2,1
448338,448339,448340,1,1
448338,448340,448341,1,2
448338,448340,448341,1,2
448338,448340,448341,1,2
448338,448339,448341,2,1
448338,448339,448341,2,1
448338,448339,448341,2,1
448338,448339,448341,2,1
448338,448339,448342,3,1
448338,448339,448342,3,1
448338,448339,448342,3,1
448338,448340,448342,2,2
448338,448340,448342,2,2
448338,448340,448342,2,2
448338,448340,448342,2,2
448338,448340,448341,1,2
448338,448339,448342,3,1
448338,448339,448342,3,1
448338,448339,448342,3,1
448338,448340,448342,2,2
448338,448340,448342,2,2
448338,448340,448342,2,2
448338,448340,448342,2,2
448338,448339,448342,3,1
448338,448339,448342,3,1
448338,448339,448342,3,1
448338,448339,448342,3,1
448338,448340,448342,2,2
448338,448340,448342,2,2
448338,448340,448341,1,2
448338,448340,448341,1,2
448338,448339,448342,3,1
448338,448339,448342,3,1
448338,448339,448342,3,1
448338,448340,448342,2,2
448338,448340,448342,2,2
448338,448339,448342,3,1
448338,448340,448342,2,2
448338,448340,448342,2,2
448338,448340,448343,3,2
448338,448340,448343,3,2
448338,448340,448343,3,2
448338,448340,448343,3,2
448320,448321,448324,3,1
448320,448321,448324,3,1
448335,448345,448346,1,10
448335,448345,448346,1,10
448335,448345,448346,1,10
448335,448351,448353,2,16
448335,448351,448353,2,16
448335,448351,448353,2,16
448335,448351,448353,2,16
447945,447946,448353,407,1
448335,448351,448354,3,16
448335,448351,448354,3,16
448335,448351,448354,3,16
448335,448353,448354,1,18
448335,448353,448355,2,18
448335,448353,448356,3,18
448335,448353,448356,3,18
448335,448353,448356,3,18
448357,448358,448359,1,1
448357,448358,448359,1,1
448357,448358,448360,2,1
448357,448358,448359,1,1
448357,448358,448359,1,1
448357,448358,448359,1,1
448357,448358,448359,1,1
448357,448358,448359,1,1
448357,448358,448359,1,1
448357,448358,448359,1,1
448357,448358,448360,2,1
448357,448358,448360,2,1
448357,448358,448360,2,1
448357,448358,448359,1,1
448357,448358,448360,2,1
448357,448358,448360,2,1
448357,448358,448359,1,1
448357,448358,448360,2,1
448357,448358,448360,2,1
448357,448358,448360,2,1
448357,448358,448359,1,1
448357,448358,448359,1,1
448357,448358,448360,2,1
448357,448358,448360,2,1
448357,448358,448361,3,1
448357,448358,448361,3,1
448357,448358,448360,2,1
448357,448358,448360,2,1
448357,448358,448360,2,1
448357,448358,448360,2,1
448357,448358,448360,2,1
448357,448358,448361,3,1
448357,448358,448361,3,1
448357,448358,448360,2,1
448357,448358,448361,3,1
448357,448358,448360,2,1
448357,448358,448361,3,1
448357,448358,448360,2,1
448357,448358,448361,3,1
448357,448358,448360,2,1
448357,448358,448361,3,1
448357,448358,448361,3,1
448357,448358,448361,3,1
448357,448358,448361,3,1
448357,448358,448361,3,1
448357,448358,448362,4,1
448357,448358,448361,3,1
448357,448358,448361,3,1
448357,448358,448361,3,1
448357,448358,448361,3,1
448357,448358,448361,3,1
448357,448358,448361,3,1
448357,448358,448361,3,1
448357,448358,448362,4,1
448357,448358,448362,4,1
448357,448358,448362,4,1
448357,448358,448362,4,1
448357,448358,448360,2,1
448357,448358,448362,4,1
447930,447931,448372,441,1
448374,448374,448376,2,0
448374,448374,448376,2,0
448374,448374,448376,2,0
448374,448374,448376,2,0
448374,448374,448376,2,0
448374,448374,448376,2,0
448374,448374,448376,2,0
448374,448374,448376,2,0
448374,448374,448376,2,0
448374,448374,448376,2,0
448374,448374,448376,2,0
448374,448374,448376,2,0
448374,448374,448376,2,0
448374,448374,448376,2,0
448374,448375,448376,1,1
448374,448374,448376,2,0
448374,448374,448376,2,0
448374,448374,448376,2,0
448374,448374,448376,2,0
448374,448374,448376,2,0
448374,448374,448376,2,0
448374,448374,448377,3,0
448374,448374,448377,3,0
448374,448374,448376,2,0
448374,448374,448376,2,0
448374,448374,448377,3,0
448374,448374,448377,3,0
448374,448374,448377,3,0
448374,448374,448377,3,0
448374,448374,448377,3,0
448374,448374,448377,3,0
448374,448374,448377,3,0
448374,448374,448377,3,0
448374,448374,448377,3,0
448374,448374,448377,3,0
448374,448376,448377,1,2
448374,448374,448377,3,0
448374,448374,448377,3,0
448374,448374,448377,3,0
448374,448374,448377,3,0
448374,448374,448377,3,0
448374,448374,448377,3,0
448374,448374,448378,4,0
448374,448374,448378,4,0
448374,448374,448378,4,0
448374,448374,448378,4,0
448374,448374,448378,4,0
448374,448374,448378,4,0
448374,448374,448378,4,0
448374,448374,448378,4,0
448374,448376,448377,1,2
448374,448374,448378,4,0
448374,448374,448378,4,0
448374,448374,448378,4,0
448374,448374,448378,4,0
448374,448374,448378,4,0
448374,448374,448378,4,0
448374,448374,448378,4,0
448374,448374,448379,5,0
448374,448374,448379,5,0
448374,448377,448379,2,3
448374,448375,448379,4,1
447995,447996,448385,389,1
448357,448358,448392,34,1
448357,448358,448394,36,1
448393,448394,448396,2,1
448393,448394,448396,2,1
448393,448394,448396,2,1
448393,448394,448395,1,1
448393,448394,448395,1,1
448393,448394,448395,1,1
448393,448394,448395,1,1
448393,448394,448396,2,1
448393,448394,448396,2,1
448393,448394,448395,1,1
448393,448394,448396,2,1
448393,448394,448396,2,1
448393,448394,448395,1,1
448393,448394,448395,1,1
448393,448394,448396,2,1
448393,448394,448395,1,1
448393,448394,448395,1,1
448393,448394,448395,1,1
448393,448394,448396,2,1
448393,448394,448395,1,1
448393,448394,448396,2,1
448393,448394,448396,2,1
448393,448394,448396,2,1
448393,448394,448396,2,1
448393,448394,448396,2,1
448393,448394,448397,3,1
448393,448394,448396,2,1
448393,448394,448397,3,1
448393,448394,448396,2,1
448393,448394,448397,3,1
448393,448394,448397,3,1
447962,447963,448396,433,1
448393,448394,448396,2,1
448393,448394,448396,2,1
448393,448394,448397,3,1
448393,448394,448396,2,1
448393,448394,448396,2,1
448393,448394,448398,4,1
448393,448394,448397,3,1
448393,448394,448397,3,1
448393,448394,448398,4,1
448393,448394,448398,4,1
448393,448394,448397,3,1
448393,448394,448398,4,1
448393,448394,448398,4,1
448393,448394,448397,3,1
448393,448394,448398,4,1
448393,448394,448397,3,1
448393,448394,448397,3,1
448393,448394,448397,3,1
448393,448394,448397,3,1
448393,448394,448397,3,1
448393,448394,448397,3,1
448393,448394,448398,4,1
448393,448394,448400,6,1
448400,448401,448402,1,1
448400,448401,448403,2,1
448400,448401,448403,2,1
448400,448401,448403,2,1
448400,448401,448402,1,1
448400,448401,448402,1,1
448400,448401,448403,2,1
448400,448401,448402,1,1
448400,448401,448402,1,1
448400,448401,448402,1,1
448400,448401,448402,1,1
448400,448401,448402,1,1
448400,448401,448402,1,1
448400,448401,448402,1,1
448400,448401,448402,1,1
448400,448401,448402,1,1
448400,448401,448402,1,1
448400,448401,448402,1,1
448400,448401,448402,1,1
448400,448401,448403,2,1
448400,448401,448403,2,1
448400,448401,448403,2,1
448400,448401,448403,2,1
448400,448401,448404,3,1
448400,448401,448403,2,1
448400,448401,448403,2,1
448400,448401,448403,2,1
448400,448401,448403,2,1
448400,448401,448403,2,1
448400,448401,448403,2,1
448400,448401,448403,2,1
448400,448403,448404,1,3
448400,448401,448403,2,1
448400,448401,448403,2,1
448400,448403,448404,1,3
448400,448401,448404,3,1
448400,448401,448402,1,1
448400,448401,448404,3,1
448400,448401,448404,3,1
448400,448403,448404,1,3
448400,448401,448404,3,1
448400,448401,448404,3,1
448400,448401,448404,3,1
448400,448401,448404,3,1
448400,448401,448404,3,1
448400,448401,448404,3,1
448400,448401,448404,3,1
448400,448401,448405,4,1
448400,448401,448404,3,1
448400,448401,448404,3,1
448400,448401,448404,3,1
448400,448401,448404,3,1
448400,448401,448404,3,1
448400,448401,448404,3,1
448400,448403,448404,1,3
448400,448403,448404,1,3
448400,448401,448404,3,1
448400,448403,448404,1,3
448400,448401,448405,4,1
448400,448401,448405,4,1
448400,448401,448407,6,1
448393,448409,448411,2,16
448393,448409,448411,2,16
448393,448409,448411,2,16
448393,448409,448412,3,16
448393,448409,448413,4,16
448393,448394,448413,19,1
448067,448069,448452,383,2
448453,448454,448456,2,1
448453,448454,448456,2,1
448453,448454,448456,2,1
448453,448454,448455,1,1
448453,448454,448456,2,1
448453,448454,448455,1,1
448453,448454,448455,1,1
448453,448454,448456,2,1
448453,448454,448456,2,1
448453,448454,448455,1,1
448453,448454,448456,2,1
448453,448454,448455,1,1
448453,448454,448456,2,1
448453,448454,448456,2,1
448453,448454,448455,1,1
448453,448454,448455,1,1
448453,448454,448455,1,1
448453,448454,448455,1,1
448453,448454,448455,1,1
448453,448454,448456,2,1
448453,448454,448456,2,1
448453,448454,448456,2,1
448453,448454,448456,2,1
448453,448454,448456,2,1
448453,448454,448457,3,1
448453,448454,448456,2,1
448453,448454,448456,2,1
448453,448454,448456,2,1
448453,448454,448456,2,1
448453,448454,448456,2,1
448453,448454,448456,2,1
448453,448454,448456,2,1
448453,448454,448456,2,1
448453,448454,448456,2,1
448453,448454,448456,2,1
448453,448454,448457,3,1
448453,448454,448457,3,1
448453,448454,448456,2,1
448453,448454,448456,2,1
448453,448454,448456,2,1
448453,448454,448457,3,1
448453,448454,448457,3,1
448453,448454,448458,4,1
448453,448454,448458,4,1
448453,448454,448457,3,1
448453,448454,448457,3,1
448453,448454,448457,3,1
448453,448454,448457,3,1
448453,448454,448458,4,1
448453,448454,448457,3,1
448453,448454,448458,4,1
448453,448454,448457,3,1
448453,448454,448458,4,1
448453,448454,448457,3,1
448453,448454,448457,3,1
448453,448454,448457,3,1
448453,448454,448458,4,1
448453,448454,448457,3,1
448453,448454,448458,4,1
448453,448454,448458,4,1
448453,448454,448458,4,1
448065,448069,448477,408,4
448478,448478,448480,2,0
448478,448478,448480,2,0
448478,448478,448480,2,0
448478,448478,448480,2,0
448478,448478,448480,2,0
448478,448479,448480,1,1
448478,448479,448480,1,1
448478,448479,448480,1,1
448478,448478,448480,2,0
448478,448478,448480,2,0
448478,448479,448480,1,1
448478,448478,448480,2,0
448478,448478,448480,2,0
448478,448478,448480,2,0
448478,448478,448480,2,0
448478,448478,448480,2,0
448478,448478,448480,2,0
448478,448479,448480,1,1
448478,448478,448480,2,0
448478,448478,448480,2,0
448478,448478,448480,2,0
448478,448479,448480,1,1
448478,448479,448480,1,1
448478,448478,448481,3,0
448478,448478,448481,3,0
448478,448479,448481,2,1
448478,448479,448481,2,1
448478,448479,448481,2,1
448478,448478,448481,3,0
448478,448479,448481,2,1
448478,448478,448481,3,0
448478,448478,448481,3,0
448478,448478,448481,3,0
448478,448479,448481,2,1
448478,448479,448481,2,1
448478,448479,448481,2,1
448478,448479,448481,2,1
448478,448479,448482,3,1
448478,448479,448481,2,1
448478,448479,448481,2,1
448478,448479,448481,2,1
448478,448478,448482,4,0
448478,448478,448482,4,0
448478,448478,448482,4,0
448478,448479,448482,3,1
448478,448479,448482,3,1
448478,448479,448482,3,1
448478,448479,448482,3,1
448478,448478,448482,4,0
448478,448478,448482,4,0
448478,448478,448482,4,0
448478,448478,448482,4,0
448478,448479,448482,3,1
448478,448478,448482,4,0
448478,448478,448482,4,0
448478,448478,448482,4,0
448478,448478,448482,4,0
448478,448479,448482,3,1
448070,448071,448482,411,1
448478,448479,448483,4,1
448478,448479,448482,3,1
448478,448478,448484,6,0
448484,448485,448486,1,1
448484,448485,448487,2,1
448484,448485,448486,1,1
448484,448485,448486,1,1
448484,448485,448487,2,1
448484,448485,448486,1,1
448484,448485,448487,2,1
448484,448485,448487,2,1
448484,448485,448487,2,1
448484,448485,448487,2,1
448484,448485,448486,1,1
448484,448485,448487,2,1
448484,448485,448487,2,1
448484,448485,448486,1,1
448484,448485,448487,2,1
448484,448485,448487,2,1
448484,448485,448487,2,1
448484,448485,448486,1,1
448484,448485,448487,2,1
448484,448485,448487,2,1
448484,448485,448487,2,1
448484,448485,448487,2,1
448484,448485,448487,2,1
448484,448485,448487,2,1
448484,448485,448487,2,1
448484,448485,448488,3,1
448484,448485,448487,2,1
448484,448485,448487,2,1
448484,448485,448487,2,1
448484,448485,448488,3,1
448484,448485,448488,3,1
448484,448485,448487,2,1
448484,448485,448488,3,1
448484,448485,448487,2,1
448484,448485,448487,2,1
448484,448485,448488,3,1
448484,448485,448487,2,1
448484,448485,448488,3,1
448484,448485,448487,2,1
448484,448485,448488,3,1
448484,448485,448487,2,1
448484,448485,448487,2,1
448484,448485,448487,2,1
448484,448485,448489,4,1
448484,448485,448489,4,1
448484,448485,448488,3,1
448484,448485,448489,4,1
448484,448485,448489,4,1
448484,448485,448488,3,1
448484,448485,448488,3,1
448484,448485,448488,3,1
448484,448485,448488,3,1
448484,448485,448489,4,1
448484,448485,448488,3,1
448484,448485,448489,4,1
448484,448485,448489,4,1
448484,448485,448489,4,1
448484,448485,448488,3,1
448484,448485,448489,4,1
448484,448485,448489,4,1
448484,448485,448489,4,1
448138,448139,448550,411,1
448552,448552,448554,2,0
448552,448552,448554,2,0
448552,448552,448554,2,0
448552,448552,448554,2,0
448552,448552,448554,2,0
448552,448552,448554,2,0
448552,448552,448554,2,0
448552,448552,448554,2,0
448552,448552,448554,2,0
448552,448552,448553,1,0
448552,448552,448554,2,0
448552,448552,448554,2,0
448552,448552,448554,2,0
448552,448552,448553,1,0
448552,448552,448553,1,0
448552,448552,448554,2,0
448552,448552,448554,2,0
448552,448552,448554,2,0
448552,448552,448553,1,0
448552,448552,448554,2,0
448552,448552,448554,2,0
448552,448552,448554,2,0
448552,448552,448554,2,0
448552,448552,448554,2,0
448552,448552,448554,2,0
448552,448552,448555,3,0
448552,448552,448554,2,0
448552,448552,448555,3,0
448552,448552,448554,2,0
448552,448552,448555,3,0
448552,448552,448554,2,0
448552,448552,448554,2,0
448552,448552,448555,3,0
448552,448552,448555,3,0
448552,448552,448555,3,0
448552,448552,448555,3,0
448552,448552,448554,2,0
448552,448552,448554,2,0
448552,448552,448555,3,0
448552,448552,448554,2,0
448552,448552,448556,4,0
448552,448552,448555,3,0
448552,448552,448556,4,0
448552,448552,448555,3,0
448552,448552,448555,3,0
448552,448552,448556,4,0
448552,448552,448556,4,0
448552,448552,448555,3,0
448552,448552,448556,4,0
448552,448552,448555,3,0
448552,448552,448556,4,0
448552,448552,448556,4,0
448552,448552,448555,3,0
448552,448552,448555,3,0
448552,448552,448556,4,0
448552,448552,448556,4,0
448552,448552,448556,4,0
448552,448552,448555,3,0
448552,448555,448557,2,3
448552,448555,448558,3,3
448552,448555,448563,8,3
448160,448162,448571,409,2
448578,448578,448580,2,0
448578,448578,448580,2,0
448578,448578,448580,2,0
448578,448578,448580,2,0
448578,448578,448580,2,0
448578,448578,448580,2,0
448578,448578,448580,2,0
448578,448578,448580,2,0
448578,448578,448580,2,0
448578,448578,448580,2,0
448578,448578,448580,2,0
448578,448578,448580,2,0
448578,448578,448580,2,0
448578,448578,448580,2,0
448578,448578,448580,2,0
448578,448578,448579,1,0
448578,448578,448580,2,0
448578,448578,448580,2,0
448578,448578,448580,2,0
448578,448578,448580,2,0
448578,448578,448580,2,0
448578,448578,448580,2,0
448578,448578,448580,2,0
448578,448578,448580,2,0
448578,448578,448580,2,0
448578,448578,448580,2,0
448578,448578,448580,2,0
448578,448578,448581,3,0
448578,448578,448581,3,0
448578,448578,448580,2,0
448578,448578,448581,3,0
448578,448578,448580,2,0
448578,448578,448581,3,0
448578,448578,448580,2,0
448578,448578,448581,3,0
448578,448578,448581,3,0
448578,448578,448581,3,0
448578,448578,448581,3,0
448578,448578,448581,3,0
448578,448578,448580,2,0
448578,448578,448581,3,0
448578,448578,448582,4,0
448578,448578,448581,3,0
448578,448578,448582,4,0
448578,448578,448581,3,0
448578,448578,448582,4,0
448578,448578,448581,3,0
448578,448578,448582,4,0
448578,448578,448581,3,0
448578,448578,448582,4,0
448578,448578,448582,4,0
448578,448578,448581,3,0
448578,448578,448582,4,0
448578,448578,448582,4,0
448578,448578,448581,3,0
448578,448578,448582,4,0
448578,448578,448582,4,0
448578,448578,448582,4,0
448578,448578,448582,4,0
448578,448578,448582,4,0
448197,448199,448583,384,2
448578,448578,448583,5,0
448597,448597,448599,2,0
448597,448597,448599,2,0
448597,448597,448599,2,0
448597,448597,448599,2,0
448597,448597,448599,2,0
448597,448597,448599,2,0
448597,448597,448599,2,0
448597,448597,448599,2,0
448597,448597,448599,2,0
448597,448597,448599,2,0
448597,448597,448599,2,0
448597,448597,448599,2,0
448597,448597,448599,2,0
448597,448597,448599,2,0
448597,448597,448599,2,0
448597,448597,448599,2,0
448597,448597,448599,2,0
448597,448597,448599,2,0
448597,448597,448599,2,0
448597,448597,448599,2,0
448597,448597,448599,2,0
448597,448597,448599,2,0
448597,448597,448599,2,0
448597,448597,448599,2,0
448597,448597,448599,2,0
448597,448597,448599,2,0
448597,448597,448600,3,0
448597,448597,448600,3,0
448597,448597,448600,3,0
448597,448597,448599,2,0
448597,448597,448599,2,0
448597,448597,448600,3,0
448597,448597,448600,3,0
448597,448597,448600,3,0
448597,448597,448599,2,0
448597,448597,448600,3,0
448597,448597,448600,3,0
448597,448597,448600,3,0
448597,448597,448599,2,0
448597,448597,448600,3,0
448597,448597,448600,3,0
448597,448597,448600,3,0
448597,448597,448599,2,0
448597,448597,448600,3,0
448597,448597,448601,4,0
448597,448597,448601,4,0
448597,448597,448600,3,0
448597,448597,448600,3,0
448597,448597,448601,4,0
448597,448597,448601,4,0
448597,448597,448601,4,0
448597,448597,448601,4,0
448597,448597,448600,3,0
448597,448597,448601,4,0
448597,448597,448600,3,0
448597,448597,448600,3,0
448597,448597,448601,4,0
448597,448597,448601,4,0
448184,448185,448615,430,1
448597,448615,448616,1,18
448616,448616,448618,2,0
448616,448616,448618,2,0
448616,448616,448618,2,0
448616,448616,448618,2,0
448616,448616,448618,2,0
448616,448616,448618,2,0
448616,448616,448618,2,0
448616,448616,448618,2,0
448211,448212,448618,406,1
448616,448616,448618,2,0
448616,448616,448618,2,0
448616,448616,448618,2,0
448616,448616,448618,2,0
448616,448616,448618,2,0
448616,448616,448618,2,0
448616,448616,448618,2,0
448616,448616,448618,2,0
448616,448616,448618,2,0
448616,448616,448618,2,0
448616,448616,448618,2,0
448616,448616,448618,2,0
448616,448616,448618,2,0
448616,448616,448618,2,0
448616,448616,448618,2,0
448616,448616,448618,2,0
448616,448616,448618,2,0
448597,448615,448616,1,18
448597,448615,448618,3,18
448616,448616,448619,3,0
448616,448616,448619,3,0
448616,448616,448619,3,0
448616,448616,448619,3,0
448616,448616,448619,3,0
448616,448616,448619,3,0
448616,448616,448619,3,0
448616,448616,448619,3,0
448616,448616,448619,3,0
448616,448616,448619,3,0
448616,448616,448619,3,0
448616,448616,448619,3,0
448616,448616,448618,2,0
448616,448616,448619,3,0
448616,448616,448619,3,0
448616,448616,448619,3,0
448616,448617,448619,2,1
448616,448618,448619,1,2
448616,448618,448619,1,2
448616,448616,448620,4,0
448616,448616,448620,4,0
448616,448616,448620,4,0
448616,448616,448619,3,0
448616,448616,448620,4,0
448616,448616,448620,4,0
448616,448616,448620,4,0
448616,448616,448620,4,0
448616,448616,448620,4,0
448616,448616,448620,4,0
448616,448616,448620,4,0
448616,448616,448619,3,0
448616,448616,448620,4,0
448616,448616,448620,4,0
448616,448616,448620,4,0
448616,448619,448620,1,3
448616,448616,448620,4,0
448632,448632,448634,2,0
448632,448632,448634,2,0
448632,448632,448634,2,0
448632,448632,448634,2,0
448632,448632,448634,2,0
448632,448632,448634,2,0
448632,448632,448634,2,0
448632,448632,448634,2,0
448632,448632,448634,2,0
448632,448632,448634,2,0
448632,448632,448634,2,0
448632,448632,448634,2,0
448632,448632,448634,2,0
448632,448632,448634,2,0
448632,448632,448634,2,0
448632,448632,448634,2,0
448632,448632,448634,2,0
448632,448632,448634,2,0
448632,448632,448634,2,0
448632,448632,448634,2,0
448632,448632,448634,2,0
448632,448632,448634,2,0
448632,448632,448634,2,0
448632,448632,448634,2,0
448632,448632,448634,2,0
448632,448632,448634,2,0
448632,448632,448634,2,0
448632,448632,448634,2,0
448632,448632,448634,2,0
448632,448632,448635,3,0
448632,448632,448635,3,0
448632,448632,448635,3,0
448632,448632,448635,3,0
448632,448632,448635,3,0
448632,448632,448635,3,0
448632,448632,448635,3,0
448632,448632,448635,3,0
448632,448632,448635,3,0
448632,448632,448635,3,0
448632,448632,448635,3,0
448632,448632,448635,3,0
448632,448632,448635,3,0
448632,448632,448636,4,0
448632,448632,448636,4,0
448632,448632,448636,4,0
448632,448632,448636,4,0
448632,448632,448635,3,0
448632,448632,448636,4,0
448632,448632,448635,3,0
448632,448632,448636,4,0
448632,448632,448636,4,0
448632,448632,448636,4,0
448632,448632,448636,4,0
448632,448632,448637,5,0
448632,448632,448637,5,0
448632,448632,448637,5,0
448632,448632,448637,5,0
448632,448632,448637,5,0
448632,448632,448637,5,0
448632,448632,448637,5,0
448632,448632,448637,5,0
448243,448244,448671,427,1
448674,448674,448676,2,0
448674,448674,448675,1,0
448674,448674,448676,2,0
448674,448674,448676,2,0
448674,448674,448675,1,0
448674,448674,448676,2,0
448674,448674,448675,1,0
448674,448674,448676,2,0
448674,448674,448676,2,0
448674,448674,448675,1,0
448674,448674,448675,1,0
448674,448674,448675,1,0
448674,448674,448676,2,0
448674,448674,448675,1,0
448674,448674,448675,1,0
448674,448674,448676,2,0
448674,448674,448676,2,0
448674,448674,448675,1,0
448674,448674,448675,1,0
448674,448674,448675,1,0
448674,448674,448676,2,0
448674,448674,448675,1,0
448674,448674,448676,2,0
448674,448674,448676,2,0
448674,448674,448676,2,0
448674,448674,448677,3,0
448674,448674,448676,2,0
448674,448674,448676,2,0
448674,448674,448676,2,0
448674,448674,448677,3,0
448674,448674,448677,3,0
448674,448674,448677,3,0
448674,448674,448676,2,0
448674,448674,448677,3,0
448674,448674,448677,3,0
448674,448674,448676,2,0
448237,448238,448676,438,1
448674,448674,448677,3,0
448674,448674,448676,2,0
448674,448674,448677,3,0
448674,448674,448676,2,0
448674,448674,448677,3,0
448674,448674,448676,2,0
448674,448674,448677,3,0
448674,448674,448677,3,0
448674,448674,448677,3,0
448674,448674,448676,2,0
448674,448674,448677,3,0
448674,448674,448677,3,0
448674,448674,448677,3,0
448674,448674,448678,4,0
448674,448674,448677,3,0
448674,448674,448678,4,0
448674,448674,448677,3,0
448674,448674,448677,3,0
448674,448674,448677,3,0
448674,448674,448677,3,0
448674,448674,448677,3,0
448674,448674,448677,3,0
448674,448674,448677,3,0
448674,448674,448678,4,0
448674,448674,448678,4,0
448678,448678,448680,2,0
448678,448678,448680,2,0
448678,448678,448680,2,0
448678,448678,448679,1,0
448678,448678,448680,2,0
448678,448678,448680,2,0
448678,448678,448679,1,0
448678,448678,448679,1,0
448678,448678,448679,1,0
448678,448678,448679,1,0
448678,448678,448680,2,0
448678,448678,448679,1,0
448678,448678,448680,2,0
448678,448678,448680,2,0
448678,448678,448680,2,0
448678,448678,448680,2,0
448678,448678,448679,1,0
448678,448678,448679,1,0
448678,448678,448679,1,0
448678,448678,448680,2,0
448678,448679,448680,1,1
448678,448678,448679,1,0
448678,448678,448680,2,0
448678,448678,448680,2,0
448678,448679,448680,1,1
448678,448679,448680,1,1
448678,448679,448680,1,1
448678,448679,448680,1,1
448678,448678,448681,3,0
448678,448678,448680,2,0
448678,448678,448681,3,0
448678,448678,448680,2,0
448678,448678,448680,2,0
448678,448678,448681,3,0
448678,448678,448681,3,0
448678,448678,448681,3,0
448678,448678,448681,3,0
448678,448678,448680,2,0
448678,448678,448680,2,0
448678,448678,448680,2,0
448678,448678,448680,2,0
448678,448678,448681,3,0
448678,448678,448681,3,0
448678,448678,448680,2,0
448678,448679,448681,2,1
448678,448678,448682,4,0
448678,448678,448681,3,0
448678,448678,448681,3,0
448678,448678,448681,3,0
448678,448678,448681,3,0
448678,448678,448681,3,0
448678,448678,448681,3,0
448678,448678,448681,3,0
448678,448678,448681,3,0
448678,448678,448682,4,0
448678,448678,448681,3,0
448678,448678,448681,3,0
448678,448678,448681,3,0
448678,448678,448681,3,0
448678,448678,448681,3,0
448678,448678,448681,3,0
448294,448295,448705,410,1
448707,448707,448709,2,0
448707,448707,448709,2,0
448707,448707,448709,2,0
448707,448708,448709,1,1
448707,448707,448708,1,0
448707,448707,448709,2,0
448707,448707,448709,2,0
448707,448707,448709,2,0
448707,448707,448709,2,0
448707,448707,448709,2,0
448707,448707,448709,2,0
448707,448707,448708,1,0
448707,448707,448709,2,0
448707,448707,448709,2,0
448707,448707,448709,2,0
448707,448707,448709,2,0
448707,448707,448709,2,0
448707,448707,448709,2,0
448707,448707,448709,2,0
448707,448707,448709,2,0
448707,448707,448709,2,0
448707,448707,448709,2,0
448707,448707,448709,2,0
448707,448707,448709,2,0
448707,448707,448709,2,0
448707,448707,448710,3,0
448707,448707,448709,2,0
448707,448707,448710,3,0
448707,448707,448710,3,0
448707,448707,448709,2,0
448707,448707,448710,3,0
448707,448707,448710,3,0
448707,448707,448710,3,0
448707,448707,448710,3,0
448707,448707,448710,3,0
448707,448707,448709,2,0
448707,448707,448709,2,0
448707,448707,448710,3,0
448707,448707,448710,3,0
448707,448707,448710,3,0
448707,448707,448710,3,0
448707,448707,448710,3,0
448707,448707,448710,3,0
448707,448707,448711,4,0
448707,448707,448710,3,0
448707,448707,448710,3,0
448707,448707,448710,3,0
448707,448707,448711,4,0
448707,448707,448710,3,0
448707,448707,448711,4,0
448707,448707,448710,3,0
448707,448707,448711,4,0
448707,448708,448709,1,1
448707,448708,448709,1,1
448707,448713,448715,2,6
448707,448713,448716,3,6
448284,448284,448721,437,0
448722,448723,448724,1,1
448722,448723,448724,1,1
448722,448723,448724,1,1
448722,448723,448724,1,1
448722,448723,448724,1,1
448722,448723,448724,1,1
448722,448723,448724,1,1
448722,448723,448724,1,1
448722,448723,448724,1,1
448722,448723,448725,2,1
448722,448723,448724,1,1
448722,448723,448724,1,1
448722,448723,448724,1,1
448722,448723,448724,1,1
448722,448723,448725,2,1
448722,448723,448724,1,1
448722,448723,448724,1,1
448722,448723,448724,1,1
448722,448723,448724,1,1
448722,448723,448725,2,1
448722,448723,448725,2,1
448722,448723,448726,3,1
448722,448723,448725,2,1
448722,448723,448725,2,1
448722,448723,448725,2,1
448722,448723,448726,3,1
448722,448723,448725,2,1
448722,448723,448725,2,1
448722,448723,448726,3,1
448722,448723,448725,2,1
448722,448723,448725,2,1
448722,448723,448725,2,1
448722,448723,448725,2,1
448722,448723,448725,2,1
448722,448723,448725,2,1
448722,448725,448726,1,3
448722,448725,448726,1,3
448722,448723,448726,3,1
448722,448723,448726,3,1
448722,448723,448725,2,1
448722,448725,448726,1,3
448290,448291,448726,435,1
448722,448723,448726,3,1
448722,448723,448726,3,1
448722,448723,448726,3,1
448722,448723,448726,3,1
448722,448725,448726,1,3
448722,448725,448726,1,3
448722,448723,448726,3,1
448722,448723,448726,3,1
448722,448723,448726,3,1
448722,448723,448726,3,1
448722,448723,448726,3,1
448722,448723,448726,3,1
448722,448723,448726,3,1
448729,448729,448730,1,0
448729,448729,448731,2,0
448729,448729,448731,2,0
448729,448729,448730,1,0
448729,448729,448730,1,0
448729,448729,448730,1,0
448729,448729,448731,2,0
448729,448729,448730,1,0
448729,448729,448730,1,0
448729,448729,448730,1,0
448729,448729,448730,1,0
448729,448729,448730,1,0
448729,448729,448730,1,0
448729,448729,448731,2,0
448729,448729,448731,2,0
448729,448729,448730,1,0
448729,448729,448730,1,0
448729,448729,448730,1,0
448729,448729,448731,2,0
448729,448729,448731,2,0
448729,448729,448731,2,0
448729,448729,448732,3,0
448729,448729,448731,2,0
448729,448729,448731,2,0
448337,448338,448732,394,1
448729,448729,448731,2,0
448729,448729,448732,3,0
448729,448729,448732,3,0
448729,448729,448731,2,0
448729,448729,448732,3,0
448729,448729,448731,2,0
448729,448731,448732,1,2
448729,448729,448731,2,0
448729,448729,448732,3,0
448729,448729,448731,2,0
448729,448729,448731,2,0
448729,448729,448731,2,0
448707,448708,448709,1,1
448707,448708,448711,3,1
448707,448708,448711,3,1
448707,448708,448710,2,1
448707,448708,448710,2,1
448729,448729,448732,3,0
448729,448729,448732,3,0
448729,448729,448732,3,0
448729,448729,448732,3,0
448729,448729,448732,3,0
448729,448731,448733,2,2
448729,448731,448733,2,2
448729,448731,448732,1,2
448729,448729,448732,3,0
448729,448729,448732,3,0
448729,448731,448732,1,2
448729,448729,448732,3,0
448729,448729,448732,3,0
448729,448729,448732,3,0
448729,448729,448732,3,0
448729,448729,448732,3,0
448729,448731,448732,1,2
448729,448731,448732,1,2
448729,448731,448732,1,2
448729,448731,448732,1,2
448729,448729,448733,4,0
448729,448729,448732,3,0
448729,448731,448732,1,2
448729,448731,448732,1,2
448729,448731,448732,1,2
448722,448732,448733,1,10
448722,448736,448737,1,14
448722,448736,448737,1,14
448722,448736,448737,1,14
448722,448736,448737,1,14
448722,448736,448738,2,14
448722,448736,448739,3,14
448758,448759,448760,1,1
448758,448759,448760,1,1
448758,448759,448761,2,1
448758,448759,448760,1,1
448758,448759,448760,1,1
448758,448759,448761,2,1
448758,448759,448761,2,1
448758,448759,448761,2,1
448758,448759,448761,2,1
448758,448759,448761,2,1
448758,448759,448761,2,1
448758,448759,448760,1,1
448758,448759,448760,1,1
448758,448759,448761,2,1
448758,448759,448761,2,1
448758,448759,448760,1,1
448758,448759,448761,2,1
448758,448759,448760,1,1
448758,448759,448760,1,1
448758,448759,448760,1,1
448758,448759,448760,1,1
448758,448759,448760,1,1
448758,448759,448760,1,1
448758,448759,448760,1,1
448758,448759,448760,1,1
448758,448759,448760,1,1
448758,448759,448760,1,1
448758,448759,448760,1,1
448758,448759,448761,2,1
448758,448759,448762,3,1
448758,448759,448761,2,1
448758,448759,448761,2,1
448758,448759,448761,2,1
448758,448759,448761,2,1
448758,448759,448762,3,1
448758,448759,448761,2,1
448758,448759,448761,2,1
448758,448759,448762,3,1
448758,448759,448762,3,1
448758,448759,448762,3,1
448758,448759,448761,2,1
448758,448759,448762,3,1
448758,448759,448762,3,1
448758,448759,448761,2,1
448758,448759,448761,2,1
448758,448759,448761,2,1
448758,448759,448762,3,1
448758,448759,448761,2,1
448758,448759,448762,3,1
448758,448759,448762,3,1
448758,448759,448762,3,1
448758,448759,448762,3,1
448758,448759,448762,3,1
448758,448759,448762,3,1
448758,448764,448765,1,6
448758,448764,448765,1,6
448758,448764,448765,1,6
448758,448764,448766,2,6
448758,448764,448766,2,6
448758,448764,448766,2,6
448322,448345,448769,424,23
448395,448396,448771,375,1
448771,448771,448773,2,0
448771,448771,448773,2,0
448771,448771,448773,2,0
448771,448771,448773,2,0
448771,448771,448773,2,0
448771,448771,448773,2,0
448771,448771,448773,2,0
448771,448771,448773,2,0
448771,448771,448773,2,0
448771,448771,448773,2,0
448771,448771,448773,2,0
448771,448771,448773,2,0
448771,448771,448773,2,0
448771,448771,448773,2,0
448771,448771,448773,2,0
448771,448771,448773,2,0
448771,448771,448773,2,0
448771,448771,448773,2,0
448771,448771,448773,2,0
448771,448771,448773,2,0
448771,448771,448773,2,0
448771,448771,448773,2,0
448771,448771,448773,2,0
448771,448771,448773,2,0
448771,448772,448774,2,1
448771,448771,448774,3,0
448771,448771,448774,3,0
448771,448771,448774,3,0
448771,448771,448774,3,0
448771,448771,448775,4,0
448771,448771,448775,4,0
448771,448771,448774,3,0
448771,448771,448774,3,0
448771,448771,448774,3,0
448771,448771,448774,3,0
448771,448771,448774,3,0
448771,448771,448774,3,0
448771,448771,448774,3,0
448771,448771,448774,3,0
448771,448771,448774,3,0
448771,448771,448774,3,0
448771,448771,448774,3,0
448771,448771,448775,4,0
448771,448771,448774,3,0
448771,448771,448774,3,0
448771,448771,448775,4,0
448774,448774,448775,1,0
448774,448774,448775,1,0
448774,448774,448775,1,0
448774,448774,448775,1,0
448774,448774,448775,1,0
448774,448774,448775,1,0
448774,448774,448775,1,0
448771,448771,448775,4,0
448774,448774,448775,1,0
448774,448774,448775,1,0
448774,448774,448775,1,0
448774,448774,448776,2,0
448774,448774,448776,2,0
448774,448774,448775,1,0
448774,448774,448775,1,0
448774,448774,448775,1,0
448774,448774,448775,1,0
448774,448774,448775,1,0
448774,448774,448776,2,0
448771,448771,448775,4,0
448774,448774,448775,1,0
448774,448774,448777,3,0
448774,448774,448776,2,0
448774,448776,448777,1,2
448774,448774,448777,3,0
448774,448776,448778,2,2
448774,448776,448778,2,2
448774,448776,448778,2,2
448774,448774,448777,3,0
448774,448774,448777,3,0
448774,448775,448777,2,1
448774,448775,448778,3,1
448774,448775,448778,3,1
448774,448776,448777,1,2
448774,448774,448777,3,0
448774,448775,448778,3,1
448774,448775,448778,3,1
448774,448775,448777,2,1
448774,448776,448778,2,2
448774,448776,448777,1,2
448774,448774,448778,4,0
448774,448775,448778,3,1
448774,448775,448777,2,1
448774,448775,448777,2,1
448774,448776,448777,1,2
448774,448775,448778,3,1
448774,448775,448778,3,1
448774,448776,448778,2,2
448774,448776,448778,2,2
448774,448775,448778,3,1
448774,448776,448777,1,2
448774,448776,448777,1,2
448774,448776,448777,1,2
448774,448776,448777,1,2
448774,448776,448777,1,2
448774,448775,448778,3,1
448774,448776,448778,2,2
448774,448775,448778,3,1
448774,448775,448778,3,1
448774,448776,448778,2,2
448774,448775,448778,3,1
448774,448775,448778,3,1
448774,448775,448778,3,1
448758,448759,448763,4,1
448771,448786,448787,1,15
448771,448785,448787,2,14
448771,448785,448787,2,14
448771,448785,448787,2,14
448771,448785,448786,1,14
448771,448786,448787,1,15
448771,448786,448787,1,15
448771,448786,448788,2,15
448771,448786,448787,1,15
448771,448785,448787,2,14
448771,448786,448789,3,15
448771,448786,448788,2,15
448771,448785,448788,3,14
448359,448360,448792,432,1
448794,448794,448796,2,0
448794,448794,448796,2,0
448794,448794,448796,2,0
448794,448794,448796,2,0
448794,448794,448796,2,0
448794,448794,448795,1,0
448794,448794,448796,2,0
448794,448794,448796,2,0
448794,448794,448796,2,0
448794,448794,448796,2,0
448794,448794,448796,2,0
448794,448794,448796,2,0
448794,448794,448796,2,0
448794,448794,448796,2,0
448794,448794,448796,2,0
448794,448794,448796,2,0
448794,448794,448796,2,0
448794,448794,448796,2,0
448794,448794,448796,2,0
448794,448794,448796,2,0
448794,448794,448795,1,0
448794,448794,448796,2,0
448794,448794,448796,2,0
448794,448794,448796,2,0
448794,448794,448796,2,0
448794,448794,448796,2,0
448794,448794,448796,2,0
448794,448794,448797,3,0
448794,448794,448797,3,0
448794,448794,448797,3,0
448794,448794,448796,2,0
448794,448794,448797,3,0
448794,448794,448797,3,0
448794,448794,448797,3,0
448794,448794,448797,3,0
448794,448794,448797,3,0
448794,448794,448796,2,0
448794,448794,448797,3,0
448794,448794,448796,2,0
448794,448794,448797,3,0
448794,448794,448797,3,0
448794,448795,448796,1,1
448794,448795,448796,1,1
448794,448794,448798,4,0
448794,448794,448798,4,0
448794,448794,448797,3,0
448794,448794,448798,4,0
448794,448794,448798,4,0
448794,448794,448798,4,0
448794,448794,448798,4,0
448794,448794,448797,3,0
448794,448794,448798,4,0
448794,448794,448797,3,0
448794,448794,448798,4,0
448794,448795,448797,2,1
448794,448794,448798,4,0
448794,448795,448798,3,1
448794,448795,448797,2,1
448794,448795,448799,4,1
448794,448794,448799,5,0
448794,448795,448804,9,1
448375,448376,448837,461,1
448839,448840,448841,1,1
448839,448839,448841,2,0
448839,448840,448841,1,1
448839,448839,448841,2,0
448839,448840,448841,1,1
448839,448840,448841,1,1
448839,448840,448841,1,1
448839,448839,448841,2,0
448839,448839,448841,2,0
448839,448839,448841,2,0
448839,448839,448841,2,0
448839,448839,448841,2,0
448839,448839,448841,2,0
448839,448840,448841,1,1
448839,448839,448841,2,0
448839,448839,448841,2,0
448839,448840,448841,1,1
448839,448840,448841,1,1
448839,448839,448841,2,0
448839,448839,448841,2,0
448839,448839,448841,2,0
448839,448840,448841,1,1
448839,448839,448841,2,0
448839,448839,448841,2,0
448839,448839,448841,2,0
448839,448839,448841,2,0
448839,448839,448841,2,0
448839,448839,448842,3,0
448839,448839,448843,4,0
448839,448839,448842,3,0
448839,448839,448842,3,0
448839,448839,448842,3,0
448839,448839,448842,3,0
448839,448840,448842,2,1
448839,448840,448842,2,1
448839,448839,448842,3,0
448839,448840,448842,2,1
448839,448840,448843,3,1
448839,448840,448842,2,1
448839,448839,448842,3,0
448839,448840,448842,2,1
448839,448839,448842,3,0
448839,448840,448842,2,1
448839,448840,448842,2,1
448839,448840,448842,2,1
448839,448840,448843,3,1
448839,448840,448843,3,1
448839,448840,448844,4,1
448839,448840,448843,3,1
448839,448839,448843,4,0
448839,448839,448843,4,0
448839,448840,448843,3,1
448839,448840,448843,3,1
448839,448840,448843,3,1
448839,448840,448843,3,1
448839,448840,448843,3,1
448839,448852,448853,1,13
448839,448852,448853,1,13
448839,448852,448854,2,13
448839,448852,448854,2,13
448839,448852,448855,3,13
448339,448341,448872,531,2
448874,448874,448876,2,0
448874,448874,448876,2,0
448874,448874,448876,2,0
448874,448874,448876,2,0
448874,448874,448876,2,0
448874,448874,448876,2,0
448874,448874,448876,2,0
448874,448874,448876,2,0
448874,448874,448876,2,0
448874,448874,448876,2,0
448874,448874,448876,2,0
448874,448874,448876,2,0
448874,448874,448876,2,0
448874,448874,448876,2,0
448874,448874,448876,2,0
448874,448874,448876,2,0
448874,448874,448876,2,0
448874,448874,448876,2,0
448874,448874,448876,2,0
448874,448874,448876,2,0
448874,448874,448876,2,0
448874,448874,448876,2,0
448874,448874,448876,2,0
448874,448874,448876,2,0
448874,448874,448876,2,0
448874,448875,448876,1,1
448874,448874,448877,3,0
448874,448874,448877,3,0
448874,448874,448877,3,0
448874,448874,448877,3,0
448874,448874,448876,2,0
448874,448874,448877,3,0
448874,448874,448877,3,0
448874,448874,448877,3,0
448874,448874,448877,3,0
448874,448874,448876,2,0
448874,448874,448877,3,0
448874,448874,448877,3,0
448874,448874,448877,3,0
448874,448874,448877,3,0
448874,448874,448877,3,0
448874,448874,448877,3,0
448874,448874,448877,3,0
448874,448874,448877,3,0
448874,448874,448877,3,0
448874,448874,448878,4,0
448874,448874,448877,3,0
448874,448874,448878,4,0
448874,448874,448878,4,0
448874,448874,448878,4,0
448874,448874,448878,4,0
448874,448874,448877,3,0
448874,448874,448878,4,0
448874,448874,448878,4,0
448874,448874,448878,4,0
448874,448874,448878,4,0
448874,448874,448878,4,0
448874,448874,448878,4,0
448874,448874,448878,4,0
448874,448874,448878,4,0
448874,448874,448879,5,0
448402,448403,448902,499,1
448455,448456,448905,449,1
448903,448904,448905,1,1
448903,448904,448905,1,1
448903,448904,448905,1,1
448903,448904,448905,1,1
448903,448904,448906,2,1
448903,448904,448905,1,1
448903,448904,448905,1,1
448903,448904,448906,2,1
448903,448904,448906,2,1
448903,448904,448905,1,1
448903,448904,448906,2,1
448903,448904,448905,1,1
448903,448904,448906,2,1
448903,448904,448906,2,1
448903,448904,448905,1,1
448903,448904,448905,1,1
448903,448904,448905,1,1
448903,448904,448905,1,1
448903,448904,448905,1,1
448903,448904,448906,2,1
448903,448904,448905,1,1
448903,448904,448905,1,1
448903,448904,448906,2,1
448903,448904,448906,2,1
448903,448904,448907,3,1
448903,448904,448906,2,1
448903,448904,448906,2,1
448903,448904,448906,2,1
448903,448904,448907,3,1
448903,448904,448906,2,1
448903,448904,448906,2,1
448903,448904,448906,2,1
448903,448904,448906,2,1
448903,448904,448907,3,1
448903,448904,448907,3,1
448903,448904,448906,2,1
448903,448904,448907,3,1
448903,448904,448906,2,1
448903,448904,448907,3,1
448903,448904,448906,2,1
448903,448904,448906,2,1
448903,448904,448908,4,1
448903,448904,448908,4,1
448903,448904,448907,3,1
448903,448904,448908,4,1
448903,448904,448908,4,1
448906,448906,448908,2,0
448903,448904,448908,4,1
448903,448904,448908,4,1
448903,448904,448907,3,1
448906,448906,448908,2,0
448906,448906,448908,2,0
448906,448906,448908,2,0
448906,448906,448908,2,0
448903,448904,448908,4,1
448903,448904,448907,3,1
448906,448906,448908,2,0
448906,448906,448908,2,0
448906,448906,448908,2,0
448903,448904,448907,3,1
448903,448904,448908,4,1
448906,448906,448908,2,0
448906,448906,448908,2,0
448906,448906,448908,2,0
448903,448904,448908,4,1
448903,448904,448907,3,1
448903,448904,448907,3,1
448903,448904,448908,4,1
448906,448906,448908,2,0
448906,448906,448908,2,0
448906,448906,448908,2,0
448906,448906,448908,2,0
448903,448904,448907,3,1
448903,448904,448908,4,1
448906,448906,448908,2,0
448906,448906,448908,2,0
448906,448906,448908,2,0
448903,448904,448909,5,1
448903,448904,448908,4,1
448906,448906,448909,3,0
448906,448906,448908,2,0
448906,448906,448909,3,0
448906,448908,448909,1,2
448906,448908,448909,1,2
448906,448907,448910,3,1
448906,448906,448910,4,0
448906,448906,448910,4,0
448906,448906,448910,4,0
448906,448907,448910,3,1
448906,448907,448910,3,1
448906,448907,448910,3,1
448906,448907,448910,3,1
448906,448907,448910,3,1
448906,448908,448909,1,2
448906,448907,448910,3,1
448906,448908,448910,2,2
448906,448908,448910,2,2
448906,448908,448910,2,2
448906,448908,448910,2,2
448906,448908,448910,2,2
448906,448908,448910,2,2
448906,448908,448910,2,2
448906,448908,448910,2,2
448906,448908,448910,2,2
448906,448908,448910,2,2
448906,448908,448911,3,2
448906,448907,448910,3,1
448906,448907,448910,3,1
448906,448908,448910,2,2
448906,448908,448910,2,2
448906,448907,448910,3,1
448906,448908,448910,2,2
448906,448908,448910,2,2
448906,448908,448910,2,2
448906,448907,448911,4,1
448906,448907,448911,4,1
448906,448907,448911,4,1
448906,448908,448910,2,2
448906,448907,448911,4,1
448906,448907,448911,4,1
448906,448907,448910,3,1
448906,448908,448911,3,2
448906,448907,448911,4,1
448480,448481,448923,442,1
448939,448940,448941,1,1
448939,448940,448941,1,1
448939,448940,448941,1,1
448939,448940,448941,1,1
448939,448940,448942,2,1
448939,448940,448941,1,1
448939,448940,448941,1,1
448939,448940,448942,2,1
448939,448940,448942,2,1
448939,448940,448941,1,1
448939,448940,448941,1,1
448939,448940,448941,1,1
448939,448940,448942,2,1
448939,448940,448942,2,1
448939,448940,448942,2,1
448939,448940,448942,2,1
448939,448940,448942,2,1
448939,448940,448942,2,1
448939,448940,448941,1,1
448939,448940,448942,2,1
448939,448940,448942,2,1
448939,448940,448941,1,1
448939,448940,448941,1,1
448939,448940,448941,1,1
448939,448940,448942,2,1
448939,448940,448942,2,1
448939,448940,448942,2,1
448939,448940,448942,2,1
448939,448940,448943,3,1
448939,448940,448943,3,1
448939,448940,448942,2,1
448939,448940,448943,3,1
448939,448940,448942,2,1
448939,448940,448942,2,1
448939,448940,448942,2,1
448939,448940,448943,3,1
448939,448940,448942,2,1
448939,448940,448942,2,1
448939,448940,448942,2,1
448939,448940,448943,3,1
448939,448940,448942,2,1
448939,448940,448943,3,1
448939,448940,448943,3,1
448939,448940,448943,3,1
448939,448940,448943,3,1
448939,448940,448943,3,1
448939,448940,448944,4,1
448939,448940,448944,4,1
448939,448940,448943,3,1
448939,448940,448943,3,1
448939,448940,448943,3,1
448939,448940,448943,3,1
448939,448940,448943,3,1
448939,448940,448944,4,1
448939,448940,448944,4,1
448939,448940,448943,3,1
448939,448940,448944,4,1
448939,448940,448943,3,1
448939,448940,448944,4,1
448939,448940,448944,4,1
448939,448940,448944,4,1
448553,448554,448993,439,1
448486,448487,448993,506,1
448994,448995,448996,1,1
448994,448995,448996,1,1
448994,448995,448996,1,1
448994,448995,448997,2,1
448994,448995,448996,1,1
448994,448995,448996,1,1
448994,448995,448996,1,1
448994,448995,448997,2,1
448994,448995,448996,1,1
448994,448995,448996,1,1
448994,448995,448997,2,1
448994,448995,448997,2,1
448994,448995,448996,1,1
448994,448995,448996,1,1
448994,448995,448997,2,1
448994,448995,448996,1,1
448994,448995,448997,2,1
448994,448995,448996,1,1
448994,448995,448996,1,1
448994,448995,448997,2,1
448994,448995,448996,1,1
448994,448995,448996,1,1
448994,448995,448996,1,1
448994,448995,448996,1,1
448994,448995,448997,2,1
448994,448995,448998,3,1
448994,448995,448997,2,1
448994,448995,448997,2,1
448997,448997,448998,1,0
448994,448995,448998,3,1
448994,448995,448997,2,1
448994,448995,448997,2,1
448994,448995,448998,3,1
448994,448995,448998,3,1
448994,448995,448997,2,1
448994,448995,448998,3,1
448994,448995,448997,2,1
448994,448995,448998,3,1
448994,448995,448998,3,1
448994,448995,448998,3,1
448994,448995,448999,4,1
448994,448995,448998,3,1
448994,448995,448998,3,1
448994,448995,448999,4,1
448997,448997,448998,1,0
448994,448995,448998,3,1
448994,448995,448999,4,1
448994,448995,448998,3,1
448997,448997,448998,1,0
448997,448997,448999,2,0
448997,448997,448998,1,0
448997,448997,448998,1,0
448997,448997,448998,1,0
448994,448995,448999,4,1
448994,448995,448999,4,1
448997,448997,448998,1,0
448997,448997,448998,1,0
448997,448997,448998,1,0
448994,448995,448999,4,1
448994,448995,448999,4,1
448997,448997,448998,1,0
448997,448997,448998,1,0
448997,448997,448999,2,0
448997,448997,448999,2,0
448994,448995,448999,4,1
448994,448995,448998,3,1
448994,448995,448999,4,1
448994,448995,448999,4,1
448997,448997,448998,1,0
448994,448995,448998,3,1
448994,448995,448999,4,1
448997,448997,448999,2,0
448997,448997,448998,1,0
448997,448997,448999,2,0
448997,448997,448999,2,0
448994,448995,448999,4,1
448997,448997,449000,3,0
448997,448999,449000,1,2
448617,448618,449000,382,1
448997,448998,449001,3,1
448997,448998,449001,3,1
448997,448999,449001,2,2
448997,448999,449001,2,2
448997,448999,449001,2,2
448997,448997,449000,3,0
448997,448997,449001,4,0
448997,448997,449001,4,0
448997,448999,449001,2,2
448997,448999,449001,2,2
448997,448999,449001,2,2
448997,448999,449001,2,2
448997,448999,449001,2,2
448997,448999,449001,2,2
448997,448999,449001,2,2
448997,448999,449001,2,2
448997,448998,449001,3,1
448997,448998,449001,3,1
448997,448998,449001,3,1
448997,448998,449001,3,1
448997,448999,449001,2,2
448997,448999,449001,2,2
448997,448999,449001,2,2
448997,448999,449000,1,2
448997,448999,449000,1,2
448997,448998,449001,3,1
448997,448999,449000,1,2
448997,448998,449001,3,1
448997,448999,449000,1,2
448997,448999,449000,1,2
448997,448999,449000,1,2
448997,448998,449002,4,1
448997,448999,449001,2,2
448997,448999,449002,3,2
448997,448998,449001,3,1
448997,448999,449002,3,2
448997,448999,449001,2,2
448997,448998,449001,3,1
448997,448998,449001,3,1
448997,448998,449001,3,1
448997,448998,449001,3,1
448994,449004,449005,1,10
448994,449004,449006,2,10
448994,449004,449007,3,10
448994,449004,449007,3,10
448994,449004,449008,4,10
449016,449017,449018,1,1
449016,449017,449018,1,1
449016,449017,449018,1,1
449016,449017,449018,1,1
449016,449017,449018,1,1
449016,449017,449018,1,1
449016,449017,449018,1,1
449016,449017,449018,1,1
449016,449017,449019,2,1
449016,449017,449018,1,1
449016,449017,449018,1,1
449016,449017,449018,1,1
449016,449017,449018,1,1
449016,449017,449018,1,1
449016,449017,449018,1,1
449016,449017,449019,2,1
449016,449017,449019,2,1
449016,449017,449018,1,1
449016,449017,449018,1,1
449016,449017,449018,1,1
449016,449017,449019,2,1
449016,449017,449019,2,1
449016,449017,449018,1,1
449016,449017,449018,1,1
449016,449017,449018,1,1
449016,449017,449018,1,1
449016,449017,449019,2,1
449016,449017,449019,2,1
449016,449017,449019,2,1
449016,449017,449019,2,1
449016,449017,449020,3,1
449016,449017,449019,2,1
449016,449017,449019,2,1
449016,449017,449019,2,1
449016,449017,449019,2,1
449016,449017,449020,3,1
449016,449017,449019,2,1
449016,449017,449019,2,1
449016,449017,449020,3,1
449016,449017,449019,2,1
449016,449017,449020,3,1
449016,449017,449020,3,1
449016,449017,449019,2,1
449016,449017,449019,2,1
449016,449017,449020,3,1
449016,449017,449021,4,1
449016,449017,449020,3,1
448633,448634,449021,387,1
449016,449017,449020,3,1
449016,449017,449020,3,1
449016,449017,449020,3,1
449016,449017,449020,3,1
449016,449017,449020,3,1
449016,449017,449020,3,1
449016,449017,449020,3,1
449016,449017,449021,4,1
449016,449017,449020,3,1
449016,449017,449021,4,1
449016,449017,449020,3,1
449016,449017,449020,3,1
449016,449017,449021,4,1
449016,449017,449021,4,1
448579,448580,449027,447,1
449031,449031,449032,1,0
449031,449031,449033,2,0
449031,449031,449033,2,0
449031,449031,449033,2,0
449031,449031,449033,2,0
449031,449031,449033,2,0
449031,449031,449032,1,0
449031,449031,449032,1,0
449031,449031,449033,2,0
449031,449031,449033,2,0
449031,449031,449033,2,0
449031,449031,449033,2,0
449031,449031,449033,2,0
449031,449031,449033,2,0
449031,449031,449033,2,0
449031,449031,449033,2,0
449031,449031,449033,2,0
449031,449031,449033,2,0
449031,449031,449033,2,0
449031,449031,449033,2,0
449031,449031,449033,2,0
449031,449031,449033,2,0
449031,449031,449033,2,0
449031,449031,449032,1,0
449031,449031,449033,2,0
449031,449031,449033,2,0
449031,449031,449034,3,0
449031,449031,449034,3,0
449031,449031,449034,3,0
449031,449031,449034,3,0
449031,449031,449034,3,0
449031,449031,449033,2,0
449031,449031,449034,3,0
449031,449031,449033,2,0
449031,449031,449034,3,0
449031,449031,449033,2,0
449031,449031,449034,3,0
449031,449031,449034,3,0
449031,449031,449033,2,0
449031,449032,449033,1,1
449031,449031,449034,3,0
449031,449031,449034,3,0
449031,449031,449034,3,0
449031,449031,449033,2,0
449031,449031,449035,4,0
449031,449031,449034,3,0
449031,449031,449034,3,0
449031,449031,449035,4,0
449031,449031,449035,4,0
449031,449033,449034,1,2
449031,449033,449034,1,2
449031,449031,449034,3,0
449031,449033,449034,1,2
449031,449033,449035,2,2
449031,449033,449034,1,2
449031,449033,449035,2,2
449031,449033,449035,2,2
449031,449031,449035,4,0
449031,449031,449035,4,0
449031,449033,449034,1,2
449031,449033,449034,1,2
449031,449033,449035,2,2
449031,449031,449035,4,0
449031,449033,449034,1,2
449031,449033,449034,1,2
449031,449033,449034,1,2
449031,449031,449034,3,0
449031,449031,449034,3,0
449031,449031,449035,4,0
449031,449033,449035,2,2
449031,449033,449035,2,2
449031,449031,449035,4,0
449031,449031,449034,3,0
449031,449033,449035,2,2
449031,449033,449035,2,2
449031,449033,449035,2,2
449031,449031,449036,5,0
449031,449031,449036,5,0
449031,449033,449036,3,2
449031,449034,449036,2,3
449031,449033,449036,3,2
449031,449035,449036,1,4
449031,449035,449036,1,4
449031,449035,449036,1,4
449031,449031,449036,5,0
449031,449035,449037,2,4
449031,449035,449037,2,4
449031,449035,449037,2,4
449031,449034,449037,3,3
449031,449034,449037,3,3
449031,449035,449037,2,4
449031,449035,449037,2,4
449031,449035,449037,2,4
449031,449033,449037,4,2
449031,449033,449037,4,2
449031,449033,449037,4,2
449031,449034,449037,3,3
449031,449034,449036,2,3
449031,449033,449037,4,2
449031,449034,449037,3,3
449031,449034,449037,3,3
449031,449034,449037,3,3
449031,449034,449037,3,3
449031,449034,449037,3,3
449031,449034,449037,3,3
449031,449035,449036,1,4
449031,449034,449037,3,3
449031,449034,449037,3,3
449031,449035,449037,2,4
449031,449034,449037,3,3
449031,449035,449037,2,4
449031,449035,449037,2,4
449031,449035,449037,2,4
449031,449035,449037,2,4
449031,449035,449037,2,4
449031,449035,449037,2,4
449031,449031,449038,7,0
449031,449031,449037,6,0
449031,449034,449038,4,3
449031,449034,449037,3,3
449031,449034,449038,4,3
449031,449035,449038,3,4
449031,449034,449038,4,3
449031,449034,449038,4,3
448675,448676,449065,389,1
448598,448599,449066,467,1
448679,448680,449067,387,1
449070,449070,449071,1,0
449070,449071,449072,1,1
449070,449070,449072,2,0
449070,449070,449072,2,0
449070,449070,449071,1,0
449070,449070,449072,2,0
449070,449070,449072,2,0
449070,449070,449072,2,0
449070,449070,449072,2,0
449070,449070,449072,2,0
449070,449070,449072,2,0
449070,449070,449072,2,0
449070,449070,449072,2,0
449070,449070,449072,2,0
449070,449070,449072,2,0
449070,449070,449072,2,0
449070,449070,449072,2,0
449070,449070,449072,2,0
449070,449070,449072,2,0
449070,449070,449072,2,0
449070,449070,449072,2,0
449070,449070,449072,2,0
449070,449070,449072,2,0
449070,449071,449072,1,1
449070,449071,449073,2,1
449070,449071,449072,1,1
449070,449070,449073,3,0
449070,449070,449072,2,0
449070,449070,449072,2,0
449070,449070,449073,3,0
449070,449070,449073,3,0
449070,449070,449073,3,0
449070,449070,449072,2,0
449070,449070,449073,3,0
449070,449070,449072,2,0
449070,449070,449073,3,0
449070,449070,449072,2,0
449070,449070,449072,2,0
449070,449071,449072,1,1
449070,449070,449073,3,0
449070,449070,449072,2,0
449070,449070,449073,3,0
449070,449070,449073,3,0
449070,449070,449073,3,0
449070,449070,449073,3,0
449070,449072,449074,2,2
449070,449071,449074,3,1
449070,449071,449073,2,1
449070,449070,449074,4,0
449070,449070,449074,4,0
449070,449070,449073,3,0
449070,449072,449074,2,2
449070,449070,449074,4,0
449070,449070,449074,4,0
449070,449072,449074,2,2
449070,449072,449074,2,2
449070,449072,449074,2,2
449070,449072,449073,1,2
449070,449072,449074,2,2
449070,449070,449074,4,0
449070,449072,449074,2,2
449070,449072,449074,2,2
449070,449072,449074,2,2
449070,449070,449074,4,0
449070,449070,449074,4,0
449070,449072,449074,2,2
449070,449072,449074,2,2
449070,449070,449073,3,0
449070,449070,449074,4,0
449070,449072,449074,2,2
449070,449072,449074,2,2
449070,449072,449074,2,2
449070,449072,449074,2,2
449070,449070,449074,4,0
449070,449070,449074,4,0
449070,449072,449074,2,2
449070,449070,449075,5,0
449070,449071,449074,3,1
449070,449071,449074,3,1
449070,449071,449075,4,1
449070,449072,449075,3,2
449070,449072,449075,3,2
449070,449075,449076,1,5
449070,449072,449075,3,2
449070,449072,449075,3,2
449070,449072,449075,3,2
449070,449073,449075,2,3
449070,449071,449075,4,1
449070,449073,449076,3,3
449070,449074,449076,2,4
449070,449074,449076,2,4
449070,449074,449076,2,4
449070,449074,449076,2,4
449070,449073,449076,3,3
449070,449073,449076,3,3
449072,449075,449076,1,3
449072,449075,449076,1,3
449072,449075,449076,1,3
449072,449075,449076,1,3
449070,449073,449076,3,3
449070,449073,449077,4,3
449070,449073,449076,3,3
449070,449073,449076,3,3
449070,449075,449076,1,5
449070,449075,449076,1,5
449072,449075,449076,1,3
449072,449075,449076,1,3
449070,449073,449077,4,3
449070,449073,449076,3,3
449070,449075,449076,1,5
449070,449075,449076,1,5
449070,449075,449076,1,5
449070,449075,449076,1,5
449072,449075,449076,1,3
449070,449073,449076,3,3
449070,449073,449076,3,3
449072,449075,449076,1,3
449072,449075,449076,1,3
449072,449075,449076,1,3
449072,449075,449076,1,3
449070,449073,449076,3,3
449070,449073,449076,3,3
449070,449073,449076,3,3
449070,449073,449076,3,3
449072,449075,449076,1,3
449070,449073,449076,3,3
449072,449075,449076,1,3
449072,449075,449076,1,3
449070,449073,449076,3,3
449070,449075,449076,1,5
449072,449075,449076,1,3
449070,449074,449076,2,4
449072,449075,449077,2,3
449072,449076,449077,1,4
448730,448731,449077,346,1
449070,449073,449077,4,3
449072,449075,449078,3,3
449072,449077,449078,1,5
449072,449077,449079,2,5
449072,449077,449078,1,5
449072,449077,449079,2,5
449072,449076,449078,2,4
449072,449076,449079,3,4
449072,449076,449079,3,4
449072,449077,449079,2,5
449072,449077,449079,2,5
449072,449077,449079,2,5
449072,449077,449078,1,5
449072,449077,449078,1,5
449072,449077,449078,1,5
449072,449077,449078,1,5
449072,449076,449079,3,4
449072,449076,449079,3,4
449072,449076,449079,3,4
449072,449076,449079,3,4
449072,449076,449079,3,4
449072,449077,449079,2,5
449072,449077,449079,2,5
449072,449077,449079,2,5
449072,449077,449079,2,5
449072,449077,449080,3,5
449072,449077,449080,3,5
449072,449077,449080,3,5
449072,449077,449079,2,5
449072,449077,449079,2,5
449072,449077,449080,3,5
449072,449077,449080,3,5
449072,449077,449079,2,5
449072,449077,449079,2,5
449072,449076,449080,4,4
449072,449076,449080,4,4
449072,449076,449080,4,4
449072,449076,449080,4,4
449072,449076,449080,4,4
449072,449077,449081,4,5
449072,449077,449080,3,5
449072,449077,449080,3,5
449072,449077,449080,3,5
449072,449077,449080,3,5
449093,449093,449095,2,0
449093,449093,449095,2,0
449093,449093,449095,2,0
449093,449093,449095,2,0
449093,449093,449095,2,0
449093,449093,449095,2,0
449093,449093,449095,2,0
449093,449093,449095,2,0
449093,449093,449094,1,0
449093,449093,449094,1,0
449093,449093,449095,2,0
449093,449093,449095,2,0
449093,449093,449094,1,0
449093,449093,449094,1,0
449093,449093,449094,1,0
449093,449093,449095,2,0
449093,449093,449095,2,0
449093,449093,449095,2,0
449093,449093,449096,3,0
449093,449093,449096,3,0
449093,449093,449095,2,0
449093,449093,449096,3,0
449093,449093,449096,3,0
449093,449093,449096,3,0
449093,449093,449095,2,0
449093,449093,449095,2,0
449093,449093,449096,3,0
449093,449093,449096,3,0
449093,449093,449096,3,0
449093,449093,449096,3,0
449093,449093,449095,2,0
449093,449093,449095,2,0
449093,449093,449096,3,0
449093,449095,449096,1,2
449093,449093,449095,2,0
449093,449095,449096,1,2
449093,449093,449097,4,0
449093,449093,449097,4,0
449093,449093,449096,3,0
449093,449093,449096,3,0
449093,449093,449096,3,0
449093,449093,449096,3,0
449093,449095,449096,1,2
449093,449093,449096,3,0
449093,449093,449096,3,0
449093,449093,449097,4,0
449093,449093,449096,3,0
449093,449095,449096,1,2
449093,449093,449097,4,0
449093,449093,449097,4,0
449093,449093,449097,4,0
449093,449093,449096,3,0
449093,449093,449096,3,0
449093,449093,449097,4,0
449093,449093,449096,3,0
449093,449093,449097,4,0
449093,449093,449097,4,0
449093,449095,449097,2,2
449093,449095,449098,3,2
449093,449093,449098,5,0
449070,449073,449077,4,3
449070,449073,449077,4,3
449070,449073,449077,4,3
449070,449075,449077,2,5
449070,449075,449076,1,5
449093,449093,449099,6,0
449072,449099,449101,2,27
448708,448709,449109,400,1
449125,449125,449127,2,0
449125,449125,449127,2,0
449125,449125,449127,2,0
449125,449125,449127,2,0
449125,449125,449127,2,0
449125,449125,449127,2,0
449125,449125,449127,2,0
449125,449125,449127,2,0
449125,449125,449127,2,0
449125,449125,449127,2,0
449125,449125,449127,2,0
449125,449125,449127,2,0
449125,449125,449127,2,0
449125,449125,449127,2,0
449125,449125,449127,2,0
449125,449125,449127,2,0
449125,449125,449127,2,0
449125,449125,449127,2,0
449125,449125,449127,2,0
449125,449125,449127,2,0
449125,449125,449127,2,0
449125,449125,449127,2,0
449125,449125,449127,2,0
449125,449125,449127,2,0
449125,449125,449127,2,0
449125,449125,449128,3,0
449125,449125,449128,3,0
449125,449127,449128,1,2
449125,449125,449128,3,0
449125,449125,449128,3,0
449125,449125,449128,3,0
449125,449125,449128,3,0
449125,449125,449128,3,0
449125,449125,449129,4,0
449125,449125,449129,4,0
449125,449125,449129,4,0
449125,449125,449128,3,0
449125,449125,449129,4,0
449125,449125,449129,4,0
449125,449125,449129,4,0
449125,449125,449129,4,0
449125,449125,449129,4,0
449125,449125,449129,4,0
449125,449125,449129,4,0
449125,449125,449129,4,0
449125,449125,449130,5,0
449125,449125,449130,5,0
449125,449125,449131,6,0
449125,449125,449132,7,0
449125,449125,449132,7,0
449125,449132,449133,1,7
449125,449132,449133,1,7
449125,449132,449133,1,7
449125,449132,449133,1,7
449125,449132,449135,3,7
449125,449132,449134,2,7
449125,449132,449135,3,7
449125,449134,449136,2,9
449125,449134,449136,2,9
449125,449134,449136,2,9
449125,449134,449137,3,9
449125,449134,449138,4,9
448724,448725,449147,422,1
449154,449154,449156,2,0
449154,449155,449156,1,1
449154,449154,449156,2,0
449154,449154,449156,2,0
449154,449154,449156,2,0
449154,449154,449156,2,0
449154,449154,449156,2,0
449154,449154,449156,2,0
449154,449154,449156,2,0
449154,449154,449156,2,0
449154,449154,449156,2,0
449154,449154,449156,2,0
449154,449154,449156,2,0
449154,449154,449156,2,0
449154,449154,449156,2,0
449154,449154,449156,2,0
449154,449154,449156,2,0
449154,449154,449156,2,0
449154,449154,449156,2,0
449154,449154,449156,2,0
449154,449154,449156,2,0
449154,449154,449156,2,0
449154,449154,449156,2,0
449154,449154,449156,2,0
449154,449154,449157,3,0
449154,449154,449157,3,0
449154,449155,449157,2,1
449154,449155,449156,1,1
449154,449154,449157,3,0
449154,449154,449157,3,0
449154,449154,449156,2,0
449154,449154,449157,3,0
449154,449154,449157,3,0
449154,449154,449157,3,0
449154,449154,449156,2,0
449154,449154,449157,3,0
449154,449154,449156,2,0
449154,449154,449157,3,0
449154,449154,449157,3,0
449154,449154,449157,3,0
449154,449155,449157,2,1
449154,449154,449158,4,0
449154,449154,449158,4,0
449154,449155,449158,3,1
449154,449155,449158,3,1
449154,449154,449158,4,0
449154,449154,449158,4,0
449154,449154,449158,4,0
449154,449154,449158,4,0
449154,449154,449157,3,0
449154,449154,449158,4,0
449154,449154,449158,4,0
449154,449154,449158,4,0
449154,449154,449158,4,0
449154,449154,449158,4,0
449154,449154,449158,4,0
449154,449154,449158,4,0
449154,449154,449158,4,0
449154,449154,449158,4,0
449154,449155,449158,3,1
449154,449154,449158,4,0
448760,448761,449175,414,1
449177,449178,449179,1,1
449177,449177,449179,2,0
449177,449177,449179,2,0
449177,449177,449179,2,0
449177,449177,449179,2,0
449177,449177,449179,2,0
449177,449177,449179,2,0
449177,449177,449179,2,0
449177,449177,449179,2,0
449177,449177,449179,2,0
449177,449177,449179,2,0
449177,449177,449179,2,0
449177,449177,449179,2,0
449177,449177,449179,2,0
449177,449177,449179,2,0
449177,449177,449179,2,0
449177,449177,449179,2,0
449177,449177,449179,2,0
449177,449177,449179,2,0
449177,449177,449179,2,0
449177,449177,449179,2,0
449177,449178,449179,1,1
449177,449178,449180,2,1
449177,449178,449180,2,1
449177,449178,449180,2,1
449177,449179,449180,1,2
449177,449177,449180,3,0
449177,449177,449180,3,0
449177,449177,449179,2,0
449177,449177,449180,3,0
449177,449177,449180,3,0
449177,449177,449180,3,0
449177,449177,449180,3,0
449177,449177,449180,3,0
449177,449177,449179,2,0
449177,449177,449180,3,0
449177,449177,449180,3,0
449177,449177,449180,3,0
449177,449177,449179,2,0
449177,449177,449180,3,0
449177,449177,449180,3,0
449177,449177,449180,3,0
449177,449177,449181,4,0
449177,449177,449180,3,0
449177,449177,449180,3,0
449177,449177,449180,3,0
449177,449177,449180,3,0
449177,449177,449181,4,0
449177,449177,449181,4,0
449177,449177,449181,4,0
449177,449177,449181,4,0
449177,449177,449181,4,0
449177,449177,449181,4,0
449177,449177,449181,4,0
449177,449177,449181,4,0
449177,449177,449181,4,0
449177,449177,449181,4,0
449177,449177,449181,4,0
449177,449177,449181,4,0
449177,449177,449181,4,0
449177,449177,449181,4,0
449177,449177,449181,4,0
448773,448773,449206,433,0
449207,449207,449209,2,0
449207,449207,449209,2,0
449207,449207,449209,2,0
449207,449207,449209,2,0
449207,449208,449209,1,1
449207,449208,449209,1,1
449207,449208,449209,1,1
449207,449207,449209,2,0
449207,449207,449209,2,0
449207,449208,449209,1,1
449207,449208,449209,1,1
449207,449207,449209,2,0
449207,449208,449209,1,1
449207,449208,449209,1,1
449207,449207,449209,2,0
449207,449207,449209,2,0
449207,449207,449209,2,0
449207,449207,449209,2,0
449207,449207,449209,2,0
449207,449207,449209,2,0
449207,449207,449209,2,0
449207,449207,449209,2,0
449207,449207,449209,2,0
449207,449207,449209,2,0
449207,449207,449209,2,0
449207,449208,449210,2,1
449207,449208,449209,1,1
449207,449208,449210,2,1
449207,449207,449210,3,0
449207,449207,449210,3,0
449207,449207,449210,3,0
449207,449207,449210,3,0
449207,449207,449210,3,0
449207,449207,449210,3,0
449207,449207,449210,3,0
449207,449207,449210,3,0
449207,449207,449210,3,0
449207,449207,449210,3,0
449207,449207,449210,3,0
449207,449208,449210,2,1
449207,449207,449211,4,0
449207,449208,449211,3,1
449207,449208,449210,2,1
449207,449207,449210,3,0
449207,449208,449211,3,1
449207,449208,449211,3,1
449207,449207,449211,4,0
449207,449207,449211,4,0
449207,449207,449211,4,0
449207,449207,449211,4,0
449207,449207,449211,4,0
449207,449207,449211,4,0
449207,449207,449211,4,0
449207,449207,449211,4,0
449207,449207,449211,4,0
449207,449208,449211,3,1
449207,449207,449211,4,0
449207,449207,449212,5,0
449207,449208,449211,3,1
449207,449208,449211,3,1
449207,449208,449212,4,1
448775,448776,449216,440,1
448795,448796,449227,431,1
449227,449227,449229,2,0
449227,449227,449229,2,0
449227,449227,449229,2,0
449227,449227,449229,2,0
449227,449227,449229,2,0
449227,449227,449229,2,0
449227,449227,449229,2,0
449227,449227,449229,2,0
449227,449227,449229,2,0
449227,449227,449229,2,0
449227,449227,449229,2,0
449227,449227,449228,1,0
449227,449227,449228,1,0
449227,449227,449229,2,0
449227,449227,449229,2,0
449227,449227,449228,1,0
449227,449227,449229,2,0
449227,449227,449229,2,0
449227,449227,449229,2,0
449227,449227,449228,1,0
449227,449227,449229,2,0
449227,449227,449228,1,0
449227,449227,449228,1,0
449227,449227,449229,2,0
449227,449227,449228,1,0
449227,449227,449229,2,0
449227,449227,449228,1,0
449227,449227,449229,2,0
449227,449227,449229,2,0
449227,449227,449230,3,0
449227,449227,449229,2,0
449227,449227,449230,3,0
449227,449227,449230,3,0
449227,449227,449230,3,0
449227,449227,449229,2,0
449227,449227,449230,3,0
449227,449227,449230,3,0
449227,449227,449229,2,0
449227,449227,449230,3,0
449227,449227,449230,3,0
449227,449227,449229,2,0
449227,449227,449230,3,0
449227,449227,449230,3,0
449227,449227,449230,3,0
449227,449227,449230,3,0
449227,449227,449229,2,0
449227,449227,449230,3,0
449227,449227,449229,2,0
449229,449229,449231,2,0
449229,449229,449231,2,0
449229,449229,449231,2,0
449227,449227,449230,3,0
449229,449229,449230,1,0
449229,449229,449230,1,0
449227,449227,449231,4,0
449227,449227,449230,3,0
449229,449229,449231,2,0
449229,449229,449231,2,0
449229,449229,449231,2,0
449229,449229,449230,1,0
449227,449227,449230,3,0
449229,449229,449231,2,0
449229,449229,449231,2,0
449227,449227,449231,4,0
449229,449229,449230,1,0
449229,449229,449230,1,0
449229,449229,449231,2,0
449227,449227,449231,4,0
449229,449229,449231,2,0
449229,449229,449230,1,0
449229,449229,449231,2,0
449229,449229,449231,2,0
449229,449229,449231,2,0
449227,449227,449231,4,0
449227,449227,449231,4,0
449229,449229,449230,1,0
449229,449229,449231,2,0
449229,449229,449232,3,0
449229,449229,449232,3,0
449229,449229,449232,3,0
449229,449229,449232,3,0
449229,449229,449232,3,0
449229,449229,449232,3,0
449229,449230,449232,2,1
449229,449230,449232,2,1
449229,449229,449232,3,0
449229,449229,449232,3,0
449229,449230,449233,3,1
449229,449231,449233,2,2
449229,449231,449233,2,2
449229,449231,449233,2,2
449229,449230,449233,3,1
449229,449230,449233,3,1
449229,449231,449233,2,2
449229,449231,449232,1,2
449229,449230,449233,3,1
449229,449230,449233,3,1
449229,449230,449233,3,1
449229,449230,449233,3,1
449229,449230,449233,3,1
449229,449230,449233,3,1
449229,449230,449233,3,1
449229,449230,449233,3,1
449229,449230,449233,3,1
449229,449230,449233,3,1
449229,449230,449233,3,1
449229,449232,449233,1,3
449229,449230,449233,3,1
449229,449232,449233,1,3
449229,449230,449233,3,1
449229,449230,449233,3,1
449229,449231,449234,3,2
448841,448842,449236,394,1
449227,449244,449245,1,17
449227,449244,449245,1,17
449227,449244,449246,2,17
449227,449244,449246,2,17
449227,449244,449246,2,17
449246,449247,449248,1,1
449246,449247,449248,1,1
449246,449247,449249,2,1
449246,449247,449249,2,1
449246,449247,449249,2,1
449246,449247,449248,1,1
449246,449247,449248,1,1
449246,449247,449248,1,1
449246,449247,449248,1,1
449246,449247,449248,1,1
449246,449247,449249,2,1
449246,449247,449249,2,1
449246,449247,449248,1,1
449246,449247,449249,2,1
449246,449247,449249,2,1
449246,449247,449248,1,1
449246,449247,449248,1,1
449246,449247,449249,2,1
449246,449247,449249,2,1
449246,449247,449248,1,1
449246,449247,449248,1,1
449246,449247,449248,1,1
449246,449247,449248,1,1
449246,449247,449249,2,1
449246,449247,449249,2,1
449246,449247,449249,2,1
449246,449247,449249,2,1
449246,449247,449249,2,1
449246,449247,449249,2,1
449246,449247,449249,2,1
449246,449247,449249,2,1
449246,449247,449250,3,1
449246,449247,449249,2,1
449246,449247,449250,3,1
449246,449247,449250,3,1
449246,449247,449249,2,1
449246,449247,449249,2,1
449246,449247,449250,3,1
449246,449247,449250,3,1
449246,449247,449249,2,1
449246,449247,449250,3,1
449246,449247,449250,3,1
449246,449247,449249,2,1
449246,449247,449250,3,1
449246,449247,449250,3,1
449246,449247,449249,2,1
449246,449247,449249,2,1
449246,449247,449250,3,1
449246,449247,449249,2,1
449246,449247,449250,3,1
449246,449247,449250,3,1
449246,449247,449250,3,1
449246,449247,449250,3,1
449246,449247,449250,3,1
449246,449247,449251,4,1
449246,449247,449250,3,1
449246,449247,449250,3,1
449246,449247,449250,3,1
449246,449247,449250,3,1
449246,449247,449250,3,1
449246,449247,449251,4,1
448876,448876,449301,425,0
449304,449304,449306,2,0
449304,449304,449306,2,0
449304,449304,449306,2,0
449304,449304,449306,2,0
449304,449304,449306,2,0
449304,449304,449305,1,0
449304,449304,449305,1,0
449304,449304,449306,2,0
449304,449304,449306,2,0
449304,449304,449306,2,0
449304,449304,449306,2,0
449304,449304,449306,2,0
449304,449304,449306,2,0
449304,449304,449306,2,0
449304,449304,449306,2,0
449304,449304,449306,2,0
449304,449304,449306,2,0
449304,449304,449306,2,0
449304,449304,449306,2,0
449304,449304,449306,2,0
449304,449304,449306,2,0
449304,449304,449306,2,0
449304,449304,449306,2,0
449304,449304,449306,2,0
449304,449304,449306,2,0
449304,449304,449306,2,0
449304,449304,449306,2,0
449304,449304,449307,3,0
449304,449304,449306,2,0
449304,449304,449306,2,0
449304,449304,449306,2,0
449304,449304,449307,3,0
449304,449304,449307,3,0
449304,449304,449307,3,0
449304,449304,449307,3,0
449304,449304,449307,3,0
449304,449304,449307,3,0
449304,449304,449306,2,0
449304,449304,449307,3,0
449304,449304,449307,3,0
449304,449304,449307,3,0
449304,449304,449307,3,0
449304,449304,449307,3,0
449304,449305,449308,3,1
449304,449304,449308,4,0
449304,449304,449308,4,0
449304,449304,449307,3,0
449304,449304,449307,3,0
449304,449304,449308,4,0
449304,449304,449308,4,0
449304,449304,449308,4,0
449304,449304,449307,3,0
449304,449304,449307,3,0
449304,449304,449307,3,0
449304,449304,449307,3,0
449304,449304,449308,4,0
449304,449304,449308,4,0
449304,449304,449307,3,0
449304,449305,449309,4,1
449304,449305,449311,6,1
449304,449305,449312,7,1
448905,448906,449331,425,1
449332,449332,449334,2,0
449332,449332,449334,2,0
449332,449332,449334,2,0
449332,449332,449334,2,0
449332,449332,449334,2,0
449332,449332,449334,2,0
449332,449332,449334,2,0
449332,449332,449334,2,0
449332,449332,449334,2,0
449332,449332,449334,2,0
449332,449332,449334,2,0
449332,449332,449334,2,0
449332,449332,449334,2,0
449332,449332,449334,2,0
449332,449332,449334,2,0
449332,449332,449333,1,0
449332,449332,449334,2,0
449332,449332,449334,2,0
449332,449332,449334,2,0
449332,449332,449334,2,0
449332,449332,449334,2,0
449332,449332,449334,2,0
449332,449332,449334,2,0
449332,449332,449334,2,0
449332,449332,449334,2,0
449332,449332,449334,2,0
449332,449332,449334,2,0
449332,449332,449334,2,0
449332,449332,449335,3,0
449332,449332,449335,3,0
449332,449332,449335,3,0
449332,449332,449335,3,0
449332,449332,449334,2,0
449332,449332,449335,3,0
449332,449332,449335,3,0
449332,449332,449334,2,0
449332,449332,449335,3,0
449332,449332,449335,3,0
449332,449332,449335,3,0
449332,449332,449335,3,0
449332,449332,449335,3,0
449332,449332,449335,3,0
449332,449332,449335,3,0
449332,449332,449335,3,0
449332,449332,449335,3,0
449332,449332,449335,3,0
449332,449332,449336,4,0
449332,449332,449335,3,0
449332,449332,449335,3,0
449332,449332,449336,4,0
449332,449332,449335,3,0
449332,449332,449336,4,0
449332,449332,449336,4,0
449332,449332,449336,4,0
449332,449332,449336,4,0
449332,449332,449336,4,0
449332,449332,449336,4,0
449332,449332,449336,4,0
449332,449332,449336,4,0
449332,449332,449338,6,0
449332,449332,449337,5,0
448907,448908,449368,460,1
448941,448942,449368,426,1
449370,449370,449372,2,0
449370,449370,449372,2,0
449370,449371,449372,1,1
449370,449370,449372,2,0
449370,449370,449372,2,0
449370,449370,449372,2,0
449370,449370,449372,2,0
449370,449370,449372,2,0
449370,449370,449372,2,0
449370,449370,449372,2,0
449370,449371,449372,1,1
449370,449370,449372,2,0
449370,449370,449372,2,0
449370,449370,449372,2,0
449370,449370,449372,2,0
449370,449370,449372,2,0
449370,449370,449372,2,0
449370,449371,449372,1,1
449370,449371,449372,1,1
449370,449370,449372,2,0
449370,449370,449372,2,0
449370,449371,449372,1,1
449370,449370,449372,2,0
449370,449370,449372,2,0
449370,449370,449372,2,0
449370,449370,449372,2,0
449370,449370,449372,2,0
449370,449370,449372,2,0
449370,449371,449373,2,1
449370,449371,449372,1,1
449370,449371,449372,1,1
449370,449371,449372,1,1
449370,449371,449373,2,1
449370,449370,449373,3,0
449370,449371,449373,2,1
449370,449370,449373,3,0
449370,449371,449373,2,1
449370,449370,449373,3,0
449370,449371,449373,2,1
449370,449370,449374,4,0
449370,449370,449373,3,0
449370,449371,449374,3,1
449370,449370,449374,4,0
449370,449370,449373,3,0
449370,449371,449373,2,1
449370,449370,449373,3,0
449370,449371,449373,2,1
449370,449370,449373,3,0
449370,449371,449373,2,1
449370,449371,449374,3,1
449370,449371,449374,3,1
449370,449370,449374,4,0
449372,449373,449374,1,1
449372,449373,449375,2,1
449370,449371,449374,3,1
449372,449373,449374,1,1
449372,449373,449374,1,1
449372,449373,449374,1,1
449372,449373,449374,1,1
449370,449370,449374,4,0
449370,449371,449374,3,1
449372,449373,449374,1,1
449372,449373,449374,1,1
449372,449373,449374,1,1
449372,449373,449374,1,1
449372,449373,449374,1,1
449372,449373,449375,2,1
449372,449373,449374,1,1
449370,449371,449374,3,1
449370,449371,449374,3,1
449372,449373,449375,2,1
449372,449373,449374,1,1
449372,449373,449374,1,1
449370,449370,449374,4,0
449372,449373,449376,3,1
449372,449374,449376,2,2
449372,449374,449376,2,2
449372,449373,449375,2,1
449372,449373,449376,3,1
449372,449374,449376,2,2
449372,449374,449376,2,2
449372,449373,449375,2,1
449372,449374,449376,2,2
449372,449373,449375,2,1
449372,449374,449376,2,2
449372,449375,449376,1,3
449372,449373,449375,2,1
449372,449375,449376,1,3
449372,449373,449377,4,1
449372,449373,449377,4,1
449372,449374,449377,3,2
449372,449374,449376,2,2
449372,449374,449376,2,2
449372,449373,449376,3,1
449372,449373,449376,3,1
449372,449373,449377,4,1
449372,449373,449377,4,1
449372,449373,449376,3,1
449372,449373,449376,3,1
449372,449374,449376,2,2
449372,449375,449376,1,3
449372,449374,449376,2,2
449372,449374,449376,2,2
449372,449374,449377,3,2
449372,449374,449377,3,2
449372,449375,449376,1,3
449372,449375,449376,1,3
449372,449374,449377,3,2
449372,449374,449376,2,2
449372,449375,449376,1,3
449372,449375,449376,1,3
449372,449374,449377,3,2
449372,449375,449376,1,3
449372,449375,449377,2,3
449372,449375,449376,1,3
449372,449374,449377,3,2
449372,449375,449377,2,3
449370,449371,449374,3,1
449370,449371,449374,3,1
449370,449371,449373,2,1
449372,449396,449399,3,24
448996,448996,449414,418,0
449416,449416,449418,2,0
449416,449416,449418,2,0
449416,449416,449418,2,0
449416,449416,449417,1,0
449416,449416,449417,1,0
449416,449416,449417,1,0
449416,449416,449417,1,0
449416,449416,449418,2,0
449416,449416,449418,2,0
449416,449416,449418,2,0
449416,449416,449418,2,0
449416,449416,449417,1,0
449416,449416,449418,2,0
449416,449416,449418,2,0
449416,449416,449418,2,0
449416,449416,449417,1,0
449416,449416,449418,2,0
449416,449416,449418,2,0
449416,449416,449418,2,0
449416,449416,449417,1,0
449416,449416,449417,1,0
449416,449416,449418,2,0
449416,449416,449419,3,0
449416,449416,449418,2,0
449416,449416,449418,2,0
449416,449416,449418,2,0
449416,449416,449418,2,0
449416,449416,449419,3,0
449416,449416,449419,3,0
449416,449416,449419,3,0
449416,449416,449418,2,0
449416,449416,449419,3,0
449416,449416,449419,3,0
449416,449416,449418,2,0
449416,449416,449419,3,0
449416,449416,449419,3,0
449416,449416,449418,2,0
449416,449416,449418,2,0
449416,449416,449419,3,0
449416,449416,449420,4,0
449416,449416,449420,4,0
449416,449416,449420,4,0
449416,449416,449419,3,0
449416,449416,449420,4,0
449416,449416,449420,4,0
449416,449416,449420,4,0
449416,449416,449420,4,0
449416,449416,449419,3,0
449416,449416,449420,4,0
449416,449416,449419,3,0
449416,449416,449420,4,0
449416,449416,449419,3,0
449416,449416,449420,4,0
449416,449416,449421,5,0
449416,449416,449421,5,0
449416,449432,449433,1,16
449416,449432,449433,1,16
449416,449432,449434,2,16
449416,449432,449435,3,16
449416,449432,449434,2,16
448998,448999,449435,436,1
449416,449432,449435,3,16
449032,449035,449452,417,3
449449,449450,449452,2,1
449449,449450,449451,1,1
449449,449450,449451,1,1
449449,449450,449451,1,1
449449,449450,449451,1,1
449449,449450,449451,1,1
449449,449450,449451,1,1
449449,449450,449451,1,1
449449,449450,449451,1,1
449449,449450,449451,1,1
449449,449450,449451,1,1
449449,449450,449451,1,1
449449,449450,449451,1,1
449449,449450,449451,1,1
449449,449450,449451,1,1
449449,449450,449451,1,1
449449,449450,449451,1,1
449449,449450,449451,1,1
449449,449450,449451,1,1
449449,449450,449451,1,1
449449,449450,449452,2,1
449449,449450,449451,1,1
449449,449450,449451,1,1
449449,449450,449451,1,1
449449,449450,449451,1,1
449449,449450,449451,1,1
449449,449450,449452,2,1
449449,449450,449452,2,1
449449,449450,449452,2,1
449449,449450,449452,2,1
449449,449450,449452,2,1
449449,449450,449452,2,1
449449,449450,449453,3,1
449449,449450,449452,2,1
449449,449450,449452,2,1
449449,449450,449452,2,1
449449,449450,449452,2,1
449449,449450,449453,3,1
449449,449450,449452,2,1
449449,449450,449453,3,1
449449,449450,449452,2,1
449449,449450,449453,3,1
449449,449450,449453,3,1
449449,449450,449453,3,1
449449,449450,449453,3,1
449449,449450,449454,4,1
449449,449450,449453,3,1
449449,449450,449453,3,1
449449,449450,449453,3,1
449449,449450,449453,3,1
449449,449450,449453,3,1
449449,449450,449453,3,1
449449,449450,449453,3,1
449449,449450,449453,3,1
449449,449450,449454,4,1
449449,449450,449453,3,1
449449,449450,449453,3,1
449449,449450,449453,3,1
449449,449450,449453,3,1
449449,449450,449454,4,1
449449,449450,449454,4,1
449453,449454,449455,1,1
449453,449454,449456,2,1
449453,449454,449456,2,1
449453,449454,449455,1,1
449453,449454,449455,1,1
449453,449454,449455,1,1
449453,449454,449455,1,1
449453,449454,449455,1,1
449453,449454,449455,1,1
449453,449454,449455,1,1
449453,449454,449456,2,1
449453,449454,449455,1,1
449453,449454,449456,2,1
449453,449454,449456,2,1
449453,449454,449456,2,1
449453,449454,449455,1,1
449453,449454,449455,1,1
449453,449454,449455,1,1
449453,449454,449455,1,1
449453,449454,449455,1,1
449453,449454,449455,1,1
449453,449454,449455,1,1
449453,449454,449455,1,1
449453,449454,449456,2,1
449453,449454,449456,2,1
449453,449454,449455,1,1
449453,449454,449456,2,1
449453,449454,449457,3,1
449453,449454,449457,3,1
449453,449454,449456,2,1
449453,449454,449457,3,1
449453,449454,449457,3,1
449453,449454,449456,2,1
449453,449454,449457,3,1
449453,449454,449456,2,1
449453,449454,449457,3,1
449453,449454,449457,3,1
449453,449454,449456,2,1
449453,449455,449456,1,2
449453,449454,449457,3,1
449453,449454,449456,2,1
449453,449454,449457,3,1
449453,449454,449457,3,1
449453,449454,449457,3,1
449453,449454,449457,3,1
449453,449454,449457,3,1
449453,449454,449457,3,1
449453,449454,449457,3,1
449453,449454,449457,3,1
449453,449455,449458,3,2
449453,449454,449457,3,1
449453,449454,449457,3,1
449453,449454,449457,3,1
449453,449454,449457,3,1
449453,449454,449458,4,1
449453,449454,449458,4,1
449453,449454,449458,4,1
449018,449019,449468,449,1
449468,449468,449470,2,0
449468,449468,449470,2,0
449468,449468,449470,2,0
449468,449468,449470,2,0
449468,449468,449470,2,0
449468,449468,449470,2,0
449468,449468,449470,2,0
449468,449468,449470,2,0
449468,449468,449470,2,0
449468,449468,449470,2,0
449468,449468,449470,2,0
449468,449468,449470,2,0
449468,449468,449470,2,0
449468,449468,449470,2,0
449468,449468,449470,2,0
449468,449469,449470,1,1
449468,449468,449470,2,0
449468,449468,449470,2,0
449468,449469,449470,1,1
449468,449468,449471,3,0
449468,449468,449471,3,0
449468,449468,449471,3,0
449468,449468,449471,3,0
449468,449468,449471,3,0
449468,449468,449471,3,0
449468,449468,449471,3,0
449468,449468,449471,3,0
449468,449468,449471,3,0
449468,449469,449471,2,1
449468,449468,449472,4,0
449468,449468,449471,3,0
449468,449468,449472,4,0
449468,449468,449471,3,0
449468,449469,449471,2,1
449468,449468,449471,3,0
449468,449468,449471,3,0
449468,449468,449472,4,0
449468,449468,449472,4,0
449468,449468,449472,4,0
449468,449468,449472,4,0
449468,449468,449472,4,0
449468,449468,449472,4,0
449468,449468,449472,4,0
449468,449471,449472,1,3
449468,449468,449472,4,0
449468,449468,449472,4,0
449468,449468,449472,4,0
449468,449468,449472,4,0
449468,449468,449472,4,0
449468,449468,449472,4,0
449468,449469,449472,3,1
449468,449468,449472,4,0
449468,449468,449472,4,0
449468,449468,449472,4,0
449468,449468,449472,4,0
449468,449468,449472,4,0
449468,449471,449472,1,3
449453,449454,449457,3,1
449453,449454,449458,4,1
449453,449454,449457,3,1
449453,449454,449456,2,1
449468,449468,449473,5,0
449468,449473,449474,1,5
449468,449473,449477,4,5
449071,449075,449481,406,4
449486,449487,449488,1,1
449486,449487,449489,2,1
449486,449487,449489,2,1
449486,449487,449488,1,1
449486,449487,449489,2,1
449486,449487,449489,2,1
449486,449487,449488,1,1
449486,449487,449488,1,1
449486,449487,449488,1,1
449486,449487,449488,1,1
449486,449487,449488,1,1
449486,449487,449488,1,1
449486,449487,449488,1,1
449486,449487,449488,1,1
449486,449487,449488,1,1
449486,449487,449488,1,1
449486,449487,449488,1,1
449486,449487,449489,2,1
449486,449487,449489,2,1
449486,449487,449488,1,1
449486,449487,449488,1,1
449486,449487,449488,1,1
449486,449487,449489,2,1
449486,449487,449488,1,1
449486,449487,449488,1,1
449486,449487,449488,1,1
449486,449487,449489,2,1
449486,449487,449489,2,1
449486,449487,449490,3,1
449486,449487,449489,2,1
449486,449487,449489,2,1
449486,449487,449489,2,1
449486,449487,449489,2,1
449486,449487,449489,2,1
449486,449487,449490,3,1
449486,449487,449489,2,1
449486,449487,449490,3,1
449486,449487,449489,2,1
449486,449487,449489,2,1
449486,449487,449489,2,1
449486,449487,449489,2,1
449486,449487,449490,3,1
449486,449487,449489,2,1
449486,449487,449490,3,1
449486,449487,449491,4,1
449486,449487,449490,3,1
449486,449487,449490,3,1
449486,449487,449490,3,1
449486,449487,449491,4,1
449486,449487,449490,3,1
449486,449487,449490,3,1
449486,449487,449490,3,1
449486,449487,449491,4,1
449486,449487,449490,3,1
449486,449487,449491,4,1
449486,449487,449490,3,1
449486,449487,449491,4,1
449486,449487,449490,3,1
449486,449487,449491,4,1
449486,449487,449490,3,1
449486,449487,449490,3,1
449486,449487,449491,4,1
449075,449077,449492,415,2
449059,449059,449496,437,0
449500,449500,449501,1,0
449500,449500,449502,2,0
449500,449500,449502,2,0
449500,449500,449502,2,0
449500,449500,449502,2,0
449500,449500,449502,2,0
449500,449500,449502,2,0
449500,449500,449502,2,0
449500,449500,449502,2,0
449500,449500,449502,2,0
449500,449500,449502,2,0
449500,449500,449502,2,0
449500,449500,449502,2,0
449500,449500,449502,2,0
449500,449500,449502,2,0
449500,449500,449502,2,0
449500,449500,449502,2,0
449500,449500,449502,2,0
449500,449500,449502,2,0
449500,449500,449502,2,0
449500,449500,449502,2,0
449500,449500,449502,2,0
449500,449500,449502,2,0
449500,449500,449502,2,0
449500,449500,449502,2,0
449500,449500,449502,2,0
449500,449500,449502,2,0
449500,449500,449503,3,0
449500,449500,449502,2,0
449500,449502,449503,1,2
449500,449500,449503,3,0
449500,449500,449502,2,0
449500,449500,449503,3,0
449500,449500,449503,3,0
449500,449500,449502,2,0
449500,449500,449502,2,0
449500,449500,449503,3,0
449500,449500,449503,3,0
449500,449500,449503,3,0
449500,449500,449503,3,0
449500,449500,449503,3,0
449500,449500,449503,3,0
449500,449500,449503,3,0
449500,449500,449503,3,0
449500,449500,449502,2,0
449500,449500,449503,3,0
449500,449500,449503,3,0
449500,449500,449503,3,0
449500,449500,449503,3,0
449500,449500,449503,3,0
449500,449501,449502,1,1
449073,449077,449504,427,4
449500,449500,449504,4,0
449500,449500,449504,4,0
449500,449500,449503,3,0
449500,449502,449503,1,2
449500,449502,449503,1,2
449500,449500,449503,3,0
449500,449500,449504,4,0
449500,449502,449503,1,2
449500,449502,449503,1,2
449500,449500,449504,4,0
449500,449500,449504,4,0
449500,449502,449504,2,2
449500,449502,449504,2,2
449500,449502,449504,2,2
449500,449502,449504,2,2
449500,449500,449504,4,0
449500,449500,449504,4,0
449500,449502,449504,2,2
449500,449502,449504,2,2
449500,449502,449504,2,2
449500,449500,449504,4,0
449500,449500,449504,4,0
449500,449502,449504,2,2
449500,449500,449504,4,0
449500,449502,449504,2,2
449500,449502,449505,3,2
449500,449500,449504,4,0
449500,449500,449504,4,0
449500,449502,449504,2,2
449500,449502,449504,2,2
449500,449500,449504,4,0
449500,449504,449505,1,4
449500,449504,449505,1,4
449500,449504,449505,1,4
449500,449504,449505,1,4
449500,449504,449505,1,4
449500,449504,449505,1,4
449500,449504,449505,1,4
449500,449504,449505,1,4
449500,449504,449505,1,4
449500,449502,449505,3,2
449500,449502,449505,3,2
449500,449504,449506,2,4
449500,449500,449505,5,0
449500,449504,449506,2,4
449500,449504,449505,1,4
449500,449504,449505,1,4
449500,449504,449505,1,4
449500,449503,449506,3,3
449500,449503,449506,3,3
449500,449503,449506,3,3
449500,449503,449506,3,3
449500,449504,449505,1,4
449500,449504,449506,2,4
449500,449504,449506,2,4
449500,449502,449506,4,2
449500,449504,449506,2,4
449500,449504,449506,2,4
449500,449502,449506,4,2
449500,449504,449506,2,4
449500,449504,449506,2,4
449500,449504,449506,2,4
449500,449502,449506,4,2
449500,449504,449506,2,4
449500,449504,449506,2,4
449500,449502,449506,4,2
449500,449504,449506,2,4
449500,449504,449506,2,4
449500,449502,449506,4,2
449500,449502,449506,4,2
449500,449502,449506,4,2
449500,449503,449507,4,3
449500,449504,449507,3,4
449094,449095,449509,414,1
449527,449527,449528,1,0
449527,449527,449529,2,0
449527,449527,449529,2,0
449527,449527,449529,2,0
449527,449527,449529,2,0
449527,449527,449529,2,0
449527,449527,449529,2,0
449527,449527,449529,2,0
449527,449527,449529,2,0
449527,449527,449529,2,0
449527,449527,449529,2,0
449527,449527,449529,2,0
449527,449527,449529,2,0
449527,449527,449529,2,0
449527,449527,449529,2,0
449527,449527,449529,2,0
449527,449527,449529,2,0
449527,449527,449529,2,0
449527,449527,449529,2,0
449527,449527,449529,2,0
449527,449527,449529,2,0
449527,449527,449529,2,0
449527,449527,449529,2,0
449527,449527,449529,2,0
449527,449527,449529,2,0
449527,449527,449529,2,0
449527,449527,449529,2,0
449527,449527,449529,2,0
449527,449527,449529,2,0
449527,449527,449529,2,0
449527,449527,449529,2,0
449527,449527,449529,2,0
449527,449527,449529,2,0
449527,449527,449530,3,0
449527,449527,449529,2,0
449527,449527,449530,3,0
449527,449527,449530,3,0
449527,449527,449530,3,0
449527,449527,449530,3,0
449527,449527,449530,3,0
449527,449527,449530,3,0
449527,449527,449530,3,0
449527,449527,449530,3,0
449527,449527,449530,3,0
449527,449527,449530,3,0
449527,449527,449530,3,0
449527,449527,449530,3,0
449527,449527,449530,3,0
449527,449527,449531,4,0
449527,449527,449531,4,0
449527,449527,449531,4,0
449527,449527,449531,4,0
449527,449527,449531,4,0
449527,449527,449531,4,0
449527,449527,449531,4,0
449527,449527,449531,4,0
449527,449527,449531,4,0
449527,449527,449531,4,0
449527,449527,449531,4,0
449527,449527,449531,4,0
449527,449527,449531,4,0
449527,449527,449531,4,0
449539,449539,449540,1,0
449539,449539,449541,2,0
449539,449539,449541,2,0
449539,449539,449541,2,0
449539,449539,449540,1,0
449539,449539,449541,2,0
449539,449539,449541,2,0
449539,449539,449541,2,0
449539,449539,449541,2,0
449539,449539,449541,2,0
449539,449539,449541,2,0
449539,449539,449541,2,0
449539,449539,449540,1,0
449539,449539,449541,2,0
449539,449539,449541,2,0
449539,449539,449541,2,0
449539,449539,449541,2,0
449539,449539,449541,2,0
449539,449539,449541,2,0
449539,449539,449541,2,0
449539,449539,449541,2,0
449539,449539,449541,2,0
449539,449539,449541,2,0
449539,449539,449541,2,0
449539,449539,449541,2,0
449539,449539,449541,2,0
449539,449539,449541,2,0
449539,449539,449541,2,0
449539,449539,449541,2,0
449539,449539,449541,2,0
449539,449539,449541,2,0
449539,449539,449541,2,0
449539,449539,449542,3,0
449539,449539,449542,3,0
449539,449539,449542,3,0
449539,449539,449542,3,0
449539,449539,449542,3,0
449539,449539,449542,3,0
449539,449539,449542,3,0
449539,449539,449542,3,0
449539,449539,449541,2,0
449539,449539,449542,3,0
449539,449539,449542,3,0
449539,449539,449542,3,0
449539,449539,449542,3,0
449539,449539,449542,3,0
449539,449539,449542,3,0
449539,449539,449541,2,0
449539,449539,449542,3,0
449539,449539,449543,4,0
449539,449539,449543,4,0
449539,449539,449543,4,0
449539,449539,449542,3,0
449539,449539,449543,4,0
449539,449539,449543,4,0
449539,449539,449543,4,0
449539,449539,449543,4,0
449539,449539,449543,4,0
449539,449539,449543,4,0
449539,449539,449543,4,0
449539,449539,449543,4,0
449539,449539,449543,4,0
449126,449128,449582,454,2
449583,449583,449585,2,0
449583,449584,449585,1,1
449583,449584,449585,1,1
449583,449584,449585,1,1
449583,449583,449585,2,0
449583,449583,449585,2,0
449583,449584,449585,1,1
449583,449583,449585,2,0
449583,449584,449585,1,1
449583,449583,449585,2,0
449583,449583,449585,2,0
449583,449583,449585,2,0
449583,449583,449585,2,0
449583,449583,449585,2,0
449583,449584,449585,1,1
449583,449584,449586,2,1
449583,449583,449585,2,0
449583,449583,449585,2,0
449583,449584,449585,1,1
449583,449583,449585,2,0
449583,449583,449585,2,0
449583,449583,449585,2,0
449583,449584,449585,1,1
449583,449583,449585,2,0
449583,449583,449585,2,0
449583,449584,449586,2,1
449583,449584,449586,2,1
449583,449584,449585,1,1
449583,449583,449586,3,0
449583,449583,449586,3,0
449583,449583,449586,3,0
449583,449584,449586,2,1
449583,449584,449586,2,1
449583,449584,449587,3,1
449583,449584,449586,2,1
449583,449584,449586,2,1
449583,449584,449586,2,1
449583,449584,449586,2,1
449583,449584,449586,2,1
449583,449584,449586,2,1
449583,449584,449587,3,1
449583,449584,449586,2,1
449583,449584,449586,2,1
449583,449583,449587,4,0
449583,449583,449587,4,0
449583,449583,449587,4,0
449583,449583,449587,4,0
449583,449584,449587,3,1
449583,449583,449587,4,0
449583,449583,449587,4,0
449583,449584,449587,3,1
449583,449584,449587,3,1
449583,449584,449587,3,1
449583,449584,449587,3,1
449583,449584,449587,3,1
449583,449584,449588,4,1
449583,449584,449587,3,1
449583,449584,449588,4,1
449583,449584,449587,3,1
449583,449584,449588,4,1
449583,449584,449588,4,1
449155,449156,449605,449,1
449230,449232,449608,376,2
449607,449607,449608,1,0
449607,449607,449608,1,0
449607,449607,449608,1,0
449607,449607,449609,2,0
449607,449607,449609,2,0
449607,449607,449608,1,0
449607,449607,449608,1,0
449607,449607,449608,1,0
449607,449607,449609,2,0
449607,449607,449609,2,0
449607,449607,449608,1,0
449607,449607,449609,2,0
449607,449607,449609,2,0
449607,449607,449609,2,0
449607,449607,449608,1,0
449607,449607,449609,2,0
449607,449607,449608,1,0
449607,449607,449608,1,0
449607,449607,449609,2,0
449607,449607,449609,2,0
449607,449607,449608,1,0
449607,449607,449608,1,0
449607,449607,449608,1,0
449607,449607,449608,1,0
449607,449607,449608,1,0
449607,449607,449609,2,0
449607,449607,449609,2,0
449607,449607,449609,2,0
449607,449607,449608,1,0
449607,449607,449610,3,0
449607,449607,449610,3,0
449607,449607,449610,3,0
449608,449609,449610,1,1
449607,449607,449610,3,0
449607,449607,449609,2,0
449607,449607,449610,3,0
449607,449607,449610,3,0
449607,449607,449609,2,0
449608,449608,449610,2,0
449608,449608,449609,1,0
449607,449607,449609,2,0
449607,449607,449609,2,0
449608,449608,449609,1,0
449607,449607,449609,2,0
449608,449608,449610,2,0
449608,449608,449609,1,0
449607,449607,449609,2,0
449607,449607,449610,3,0
449608,449608,449609,1,0
449607,449607,449610,3,0
449607,449607,449610,3,0
449607,449607,449610,3,0
449608,449608,449609,1,0
449607,449607,449610,3,0
449608,449608,449609,1,0
449607,449607,449610,3,0
449607,449607,449611,4,0
449607,449607,449610,3,0
449608,449609,449610,1,1
449608,449609,449610,1,1
449607,449607,449611,4,0
449607,449607,449611,4,0
449608,449609,449610,1,1
449608,449609,449610,1,1
449608,449609,449610,1,1
449608,449609,449610,1,1
449608,449609,449610,1,1
449607,449607,449611,4,0
449607,449607,449611,4,0
449608,449609,449610,1,1
449608,449609,449611,2,1
449608,449608,449610,2,0
449607,449607,449611,4,0
449607,449607,449610,3,0
449607,449607,449611,4,0
449607,449607,449610,3,0
449607,449607,449610,3,0
449607,449607,449610,3,0
449607,449607,449610,3,0
449608,449610,449611,1,2
449607,449607,449611,4,0
449607,449607,449611,4,0
449608,449609,449611,2,1
449608,449610,449612,2,2
449608,449609,449612,3,1
449608,449609,449612,3,1
449608,449609,449612,3,1
449608,449609,449612,3,1
449608,449610,449612,2,2
449608,449610,449612,2,2
449608,449609,449612,3,1
449608,449610,449612,2,2
449608,449610,449612,2,2
449608,449609,449612,3,1
449608,449609,449612,3,1
449608,449610,449612,2,2
449608,449610,449612,2,2
449608,449609,449612,3,1
449608,449610,449612,2,2
449608,449610,449612,2,2
449608,449610,449612,2,2
449608,449609,449612,3,1
449608,449610,449612,2,2
449608,449610,449612,2,2
449608,449609,449612,3,1
449608,449609,449612,3,1
449608,449610,449612,2,2
449608,449610,449612,2,2
449608,449610,449612,2,2
449608,449610,449613,3,2
449608,449610,449613,3,2
449608,449610,449612,2,2
449608,449610,449612,2,2
449608,449610,449612,2,2
449608,449610,449612,2,2
449608,449609,449613,4,1
449608,449609,449613,4,1
449608,449609,449613,4,1
449608,449609,449613,4,1
449608,449610,449613,3,2
449608,449610,449613,3,2
449608,449609,449613,4,1
449608,449609,449613,4,1
449608,449610,449613,3,2
449179,449180,449613,433,1
449628,449629,449631,2,1
449628,449629,449630,1,1
449628,449629,449631,2,1
449628,449629,449630,1,1
449628,449629,449630,1,1
449628,449629,449631,2,1
449628,449629,449630,1,1
449628,449629,449630,1,1
449628,449629,449630,1,1
449628,449629,449630,1,1
449628,449629,449630,1,1
449628,449629,449631,2,1
449628,449629,449631,2,1
449628,449629,449631,2,1
449628,449629,449631,2,1
449628,449629,449630,1,1
449628,449629,449630,1,1
449628,449629,449630,1,1
449628,449629,449631,2,1
449628,449629,449631,2,1
449628,449629,449630,1,1
449628,449629,449630,1,1
449628,449629,449630,1,1
449628,449629,449631,2,1
449628,449629,449630,1,1
449628,449629,449630,1,1
449628,449629,449631,2,1
449628,449629,449631,2,1
449628,449629,449631,2,1
449628,449629,449631,2,1
449628,449629,449631,2,1
449628,449629,449631,2,1
449628,449629,449631,2,1
449628,449629,449632,3,1
449628,449629,449632,3,1
449628,449629,449631,2,1
449628,449629,449632,3,1
449628,449629,449631,2,1
449628,449629,449632,3,1
449628,449629,449632,3,1
449628,449629,449632,3,1
449628,449629,449631,2,1
449628,449629,449632,3,1
449628,449629,449632,3,1
449628,449629,449632,3,1
449628,449629,449632,3,1
449628,449629,449633,4,1
449628,449629,449632,3,1
449628,449629,449632,3,1
449628,449629,449632,3,1
449628,449629,449633,4,1
449628,449629,449632,3,1
449628,449629,449633,4,1
449628,449629,449632,3,1
449628,449629,449632,3,1
449628,449629,449633,4,1
449628,449629,449632,3,1
449628,449629,449633,4,1
449628,449629,449633,4,1
449628,449629,449632,3,1
449628,449629,449633,4,1
449209,449210,449639,429,1
449643,449643,449644,1,0
449643,449643,449645,2,0
449643,449643,449644,1,0
449643,449643,449645,2,0
449643,449643,449645,2,0
449643,449643,449645,2,0
449643,449643,449645,2,0
449643,449643,449645,2,0
449643,449643,449645,2,0
449643,449643,449645,2,0
449643,449643,449645,2,0
449643,449643,449645,2,0
449643,449643,449645,2,0
449643,449643,449645,2,0
449643,449643,449645,2,0
449643,449643,449645,2,0
449643,449643,449645,2,0
449643,449643,449645,2,0
449643,449643,449645,2,0
449643,449643,449645,2,0
449643,449643,449645,2,0
449643,449643,449645,2,0
449643,449643,449645,2,0
449643,449643,449645,2,0
449643,449643,449645,2,0
449643,449643,449645,2,0
449643,449643,449645,2,0
449643,449643,449646,3,0
449643,449643,449646,3,0
449643,449643,449645,2,0
449643,449643,449646,3,0
449643,449643,449645,2,0
449643,449643,449646,3,0
449643,449643,449645,2,0
449643,449643,449646,3,0
449643,449643,449646,3,0
449643,449643,449646,3,0
449643,449643,449645,2,0
449643,449643,449646,3,0
449643,449643,449646,3,0
449643,449643,449646,3,0
449643,449643,449646,3,0
449643,449643,449646,3,0
449643,449643,449646,3,0
449643,449643,449647,4,0
449643,449643,449646,3,0
449643,449643,449647,4,0
449643,449643,449647,4,0
449643,449643,449647,4,0
449643,449643,449647,4,0
449643,449643,449647,4,0
449643,449643,449647,4,0
449643,449643,449647,4,0
449643,449643,449647,4,0
449643,449643,449647,4,0
449643,449643,449646,3,0
449643,449643,449647,4,0
449643,449643,449647,4,0
449643,449643,449647,4,0
449643,449643,449647,4,0
449643,449643,449647,4,0
449643,449643,449647,4,0
449228,449229,449696,467,1
449697,449698,449699,1,1
449697,449698,449699,1,1
449697,449698,449699,1,1
449697,449698,449699,1,1
449697,449698,449699,1,1
449697,449698,449699,1,1
449697,449698,449700,2,1
449697,449698,449699,1,1
449697,449698,449699,1,1
449697,449698,449699,1,1
449697,449698,449700,2,1
449697,449698,449699,1,1
449697,449698,449699,1,1
449697,449698,449699,1,1
449697,449698,449699,1,1
449697,449698,449699,1,1
449697,449698,449699,1,1
449697,449698,449699,1,1
449697,449698,449700,2,1
449697,449698,449700,2,1
449697,449698,449699,1,1
449697,449698,449699,1,1
449697,449698,449700,2,1
449697,449698,449699,1,1
449697,449698,449699,1,1
449697,449698,449700,2,1
449697,449698,449700,2,1
449697,449698,449700,2,1
449697,449698,449700,2,1
449697,449698,449700,2,1
449697,449698,449701,3,1
449697,449698,449700,2,1
449697,449698,449700,2,1
449697,449698,449700,2,1
449697,449698,449700,2,1
449697,449698,449700,2,1
449697,449698,449701,3,1
449697,449698,449700,2,1
449697,449698,449700,2,1
449697,449698,449701,3,1
449697,449698,449700,2,1
449697,449698,449700,2,1
449697,449698,449701,3,1
449697,449698,449700,2,1
449697,449698,449701,3,1
449697,449698,449701,3,1
449697,449698,449701,3,1
449697,449698,449701,3,1
449697,449698,449701,3,1
449697,449698,449701,3,1
449697,449698,449701,3,1
449697,449698,449702,4,1
449697,449698,449701,3,1
449697,449698,449701,3,1
449697,449698,449701,3,1
449697,449698,449701,3,1
449697,449698,449702,4,1
449697,449698,449701,3,1
449697,449698,449702,4,1
449697,449698,449701,3,1
449697,449698,449702,4,1
449248,449249,449719,470,1
449720,449720,449721,1,0
449720,449720,449722,2,0
449720,449720,449722,2,0
449720,449720,449722,2,0
449720,449720,449722,2,0
449720,449720,449722,2,0
449720,449720,449722,2,0
449720,449720,449722,2,0
449720,449720,449722,2,0
449720,449720,449722,2,0
449720,449720,449722,2,0
449720,449720,449722,2,0
449720,449721,449722,1,1
449720,449720,449722,2,0
449720,449720,449722,2,0
449720,449721,449722,1,1
449720,449720,449722,2,0
449720,449720,449722,2,0
449720,449720,449722,2,0
449720,449720,449722,2,0
449720,449721,449722,1,1
449720,449720,449722,2,0
449720,449720,449722,2,0
449720,449720,449722,2,0
449720,449721,449722,1,1
449720,449720,449722,2,0
449720,449720,449722,2,0
449720,449720,449722,2,0
449720,449720,449722,2,0
449720,449721,449722,1,1
449720,449720,449723,3,0
449720,449720,449723,3,0
449720,449720,449723,3,0
449720,449720,449723,3,0
449720,449720,449723,3,0
449720,449720,449723,3,0
449720,449720,449723,3,0
449720,449720,449723,3,0
449720,449720,449723,3,0
449720,449720,449723,3,0
449720,449720,449723,3,0
449720,449720,449723,3,0
449720,449720,449723,3,0
449720,449720,449723,3,0
449720,449720,449723,3,0
449720,449720,449723,3,0
449720,449721,449723,2,1
449720,449721,449723,2,1
449720,449720,449724,4,0
449720,449720,449724,4,0
449720,449720,449724,4,0
449720,449720,449724,4,0
449720,449720,449724,4,0
449720,449720,449724,4,0
449720,449720,449724,4,0
449720,449720,449724,4,0
449720,449720,449724,4,0
449720,449720,449724,4,0
449720,449720,449724,4,0
449720,449720,449724,4,0
449720,449720,449724,4,0
449720,449720,449724,4,0
449333,449334,449735,401,1
449738,449738,449739,1,0
449738,449738,449740,2,0
449738,449738,449740,2,0
449738,449738,449740,2,0
449738,449738,449740,2,0
449738,449738,449740,2,0
449738,449738,449740,2,0
449738,449738,449740,2,0
449738,449738,449740,2,0
449738,449738,449740,2,0
449738,449738,449740,2,0
449738,449738,449740,2,0
449738,449738,449740,2,0
449738,449738,449740,2,0
449738,449738,449740,2,0
449738,449738,449740,2,0
449738,449738,449740,2,0
449738,449738,449740,2,0
449738,449738,449740,2,0
449738,449738,449740,2,0
449738,449738,449740,2,0
449738,449738,449740,2,0
449738,449738,449740,2,0
449738,449738,449740,2,0
449738,449739,449740,1,1
449738,449738,449740,2,0
449738,449738,449740,2,0
449738,449738,449740,2,0
449738,449738,449740,2,0
449738,449738,449741,3,0
449738,449738,449741,3,0
449738,449738,449741,3,0
449738,449738,449741,3,0
449738,449738,449741,3,0
449738,449738,449740,2,0
449738,449738,449741,3,0
449738,449738,449741,3,0
449738,449738,449741,3,0
449738,449738,449741,3,0
449738,449738,449741,3,0
449738,449738,449741,3,0
449738,449738,449741,3,0
449738,449738,449740,2,0
449738,449738,449741,3,0
449738,449738,449741,3,0
449738,449738,449740,2,0
449738,449738,449741,3,0
449738,449738,449741,3,0
449738,449738,449741,3,0
449738,449738,449741,3,0
449738,449738,449741,3,0
449738,449738,449742,4,0
449738,449738,449742,4,0
449738,449738,449742,4,0
449738,449738,449742,4,0
449738,449738,449742,4,0
449738,449738,449742,4,0
449738,449738,449742,4,0
449738,449738,449742,4,0
449738,449738,449742,4,0
449738,449738,449742,4,0
449738,449738,449741,3,0
449305,449306,449751,445,1
449756,449756,449757,1,0
449756,449756,449758,2,0
449756,449756,449758,2,0
449756,449756,449758,2,0
449756,449756,449758,2,0
449756,449756,449757,1,0
449756,449756,449758,2,0
449756,449756,449758,2,0
449756,449756,449757,1,0
449756,449756,449758,2,0
449756,449756,449758,2,0
449756,449756,449758,2,0
449756,449756,449758,2,0
449756,449756,449758,2,0
449756,449756,449758,2,0
449756,449756,449758,2,0
449756,449756,449758,2,0
449756,449756,449758,2,0
449756,449756,449758,2,0
449756,449756,449758,2,0
449756,449756,449758,2,0
449756,449756,449757,1,0
449756,449756,449757,1,0
449756,449756,449758,2,0
449756,449756,449758,2,0
449756,449756,449758,2,0
449756,449756,449758,2,0
449756,449756,449757,1,0
449756,449756,449758,2,0
449756,449756,449758,2,0
449756,449757,449758,1,1
449756,449756,449758,2,0
449756,449756,449759,3,0
449756,449756,449759,3,0
449756,449756,449759,3,0
449756,449756,449759,3,0
449756,449756,449759,3,0
449756,449756,449759,3,0
449756,449756,449758,2,0
449756,449756,449759,3,0
449756,449756,449759,3,0
449756,449756,449759,3,0
449756,449756,449759,3,0
449756,449756,449758,2,0
449756,449756,449759,3,0
449756,449756,449759,3,0
449756,449756,449759,3,0
449756,449756,449759,3,0
449756,449756,449759,3,0
449756,449756,449759,3,0
449756,449756,449759,3,0
449756,449756,449759,3,0
449756,449756,449759,3,0
449756,449756,449760,4,0
449756,449756,449759,3,0
449756,449756,449759,3,0
449756,449756,449759,3,0
449756,449756,449760,4,0
449756,449756,449760,4,0
449756,449756,449759,3,0
449756,449756,449760,4,0
449756,449756,449759,3,0
449374,449375,449776,401,1
449777,449777,449778,1,0
449777,449777,449779,2,0
449777,449777,449779,2,0
449777,449777,449779,2,0
449777,449777,449779,2,0
449777,449777,449779,2,0
449777,449777,449779,2,0
449777,449777,449779,2,0
449777,449777,449779,2,0
449777,449777,449779,2,0
449777,449777,449779,2,0
449777,449777,449779,2,0
449777,449777,449779,2,0
449777,449777,449779,2,0
449777,449777,449779,2,0
449777,449777,449779,2,0
449777,449777,449779,2,0
449777,449777,449779,2,0
449777,449777,449779,2,0
449777,449777,449779,2,0
449777,449777,449779,2,0
449777,449777,449779,2,0
449777,449777,449779,2,0
449777,449777,449779,2,0
449777,449777,449779,2,0
449777,449777,449779,2,0
449777,449777,449779,2,0
449777,449777,449779,2,0
449777,449777,449779,2,0
449777,449777,449779,2,0
449777,449778,449779,1,1
449777,449777,449780,3,0
449777,449777,449780,3,0
449777,449777,449780,3,0
449777,449777,449780,3,0
449777,449777,449780,3,0
449777,449777,449780,3,0
449777,449777,449780,3,0
449777,449777,449780,3,0
449777,449777,449780,3,0
449777,449777,449780,3,0
449777,449777,449780,3,0
449777,449777,449780,3,0
449777,449777,449780,3,0
449777,449777,449780,3,0
449777,449777,449780,3,0
449777,449777,449780,3,0
449777,449777,449781,4,0
449777,449777,449780,3,0
449777,449777,449781,4,0
449777,449777,449781,4,0
449777,449777,449781,4,0
449777,449777,449781,4,0
449777,449777,449781,4,0
449777,449777,449781,4,0
449777,449777,449781,4,0
449777,449777,449781,4,0
449777,449777,449781,4,0
449777,449777,449781,4,0
449777,449777,449781,4,0
449777,449777,449781,4,0
449777,449777,449781,4,0
449371,449372,449800,428,1
449801,449802,449803,1,1
449801,449801,449803,2,0
449801,449802,449803,1,1
449801,449802,449803,1,1
449801,449801,449803,2,0
449801,449801,449803,2,0
449801,449802,449803,1,1
449801,449801,449803,2,0
449801,449801,449803,2,0
449801,449802,449803,1,1
449801,449801,449803,2,0
449801,449801,449803,2,0
449801,449801,449803,2,0
449801,449802,449803,1,1
449801,449801,449803,2,0
449801,449801,449803,2,0
449801,449801,449803,2,0
449801,449801,449803,2,0
449801,449801,449803,2,0
449801,449802,449803,1,1
449801,449801,449803,2,0
449801,449801,449803,2,0
449801,449801,449803,2,0
449801,449802,449803,1,1
449801,449801,449803,2,0
449801,449801,449803,2,0
449801,449801,449803,2,0
449801,449802,449803,1,1
449801,449801,449804,3,0
449801,449801,449804,3,0
449801,449801,449804,3,0
449801,449802,449804,2,1
449801,449801,449804,3,0
449801,449801,449804,3,0
449801,449802,449804,2,1
449801,449802,449804,2,1
449801,449801,449804,3,0
449801,449802,449805,3,1
449801,449802,449804,2,1
449801,449802,449804,2,1
449801,449801,449804,3,0
449801,449802,449804,2,1
449801,449802,449804,2,1
449801,449802,449804,2,1
449801,449802,449805,3,1
449801,449802,449804,2,1
449801,449801,449805,4,0
449801,449801,449805,4,0
449801,449801,449805,4,0
449801,449801,449805,4,0
449801,449802,449805,3,1
449801,449801,449805,4,0
449801,449801,449805,4,0
449801,449801,449805,4,0
449801,449802,449805,3,1
449801,449801,449805,4,0
449801,449802,449805,3,1
449801,449802,449805,3,1
449801,449802,449805,3,1
449801,449802,449805,3,1
449801,449802,449805,3,1
449417,449418,449841,423,1
449842,449842,449843,1,0
449842,449842,449844,2,0
449842,449842,449844,2,0
449842,449842,449844,2,0
449842,449842,449844,2,0
449842,449842,449844,2,0
449842,449842,449844,2,0
449842,449842,449844,2,0
449842,449842,449844,2,0
449842,449842,449844,2,0
449842,449842,449844,2,0
449842,449842,449844,2,0
449842,449842,449844,2,0
449842,449842,449844,2,0
449842,449842,449844,2,0
449842,449842,449844,2,0
449842,449842,449844,2,0
449842,449842,449844,2,0
449842,449842,449844,2,0
449842,449842,449844,2,0
449842,449842,449844,2,0
449842,449842,449844,2,0
449842,449842,449844,2,0
449842,449842,449844,2,0
449842,449842,449844,2,0
449842,449842,449844,2,0
449842,449842,449844,2,0
449842,449842,449844,2,0
449842,449842,449844,2,0
449842,449842,449844,2,0
449842,449842,449844,2,0
449842,449842,449844,2,0
449842,449842,449845,3,0
449842,449842,449845,3,0
449842,449842,449844,2,0
449842,449842,449845,3,0
449842,449842,449845,3,0
449842,449842,449845,3,0
449842,449842,449845,3,0
449842,449842,449845,3,0
449842,449842,449845,3,0
449842,449842,449845,3,0
449842,449842,449845,3,0
449842,449842,449845,3,0
449842,449842,449845,3,0
449842,449842,449845,3,0
449842,449842,449845,3,0
449842,449842,449845,3,0
449842,449842,449845,3,0
449842,449842,449844,2,0
449842,449842,449845,3,0
449842,449842,449845,3,0
449842,449842,449845,3,0
449842,449842,449845,3,0
449842,449842,449845,3,0
449842,449842,449846,4,0
449842,449842,449846,4,0
449842,449842,449846,4,0
449842,449842,449846,4,0
449842,449842,449846,4,0
449842,449842,449846,4,0
449842,449842,449846,4,0
449451,449452,449879,427,1
449880,449880,449881,1,0
449880,449880,449882,2,0
449880,449880,449882,2,0
449880,449880,449882,2,0
449880,449880,449882,2,0
449880,449880,449882,2,0
449880,449880,449881,1,0
449880,449880,449882,2,0
449880,449880,449882,2,0
449880,449880,449882,2,0
449880,449880,449882,2,0
449880,449880,449882,2,0
449880,449880,449881,1,0
449880,449880,449882,2,0
449880,449880,449882,2,0
449880,449880,449881,1,0
449880,449880,449881,1,0
449880,449880,449882,2,0
449880,449880,449881,1,0
449880,449880,449881,1,0
449880,449880,449882,2,0
449880,449880,449882,2,0
449880,449880,449881,1,0
449880,449880,449882,2,0
449880,449880,449881,1,0
449880,449880,449882,2,0
449880,449880,449882,2,0
449880,449880,449882,2,0
449880,449880,449882,2,0
449880,449880,449882,2,0
449880,449880,449882,2,0
449880,449880,449882,2,0
449880,449880,449883,3,0
449880,449880,449882,2,0
449880,449880,449883,3,0
449880,449880,449883,3,0
449880,449880,449883,3,0
449880,449880,449882,2,0
449880,449880,449883,3,0
449880,449880,449883,3,0
449880,449880,449883,3,0
449880,449880,449883,3,0
449880,449880,449882,2,0
449880,449880,449883,3,0
449880,449880,449882,2,0
449880,449880,449883,3,0
449880,449880,449882,2,0
449880,449880,449883,3,0
449880,449880,449883,3,0
449880,449880,449882,2,0
449880,449880,449883,3,0
449880,449880,449882,2,0
449880,449880,449883,3,0
449880,449880,449883,3,0
449880,449880,449883,3,0
449880,449880,449883,3,0
449880,449880,449883,3,0
449880,449880,449884,4,0
449880,449880,449883,3,0
449880,449880,449884,4,0
449880,449880,449884,4,0
449880,449880,449884,4,0
473540,473540,473542,2,0
473541,473541,473542,1,0
473542,473542,473543,1,0
473542,473543,473544,1,1
473543,473543,473544,1,0
473544,473544,473545,1,0
473545,473545,473546,1,0
473546,473546,473547,1,0
473546,473547,473548,1,1
473547,473547,473548,1,0
473548,473548,473549,1,0
473549,473549,473550,1,0
473550,473551,473552,1,1
473550,473550,473551,1,0
473551,473551,473552,1,0
473552,473552,473553,1,0
473553,473553,473554,1,0
473554,473555,473556,1,1
473554,473554,473555,1,0
473555,473555,473556,1,0
473556,473556,473557,1,0
473557,473557,473558,1,0
473558,473559,473560,1,1
473558,473558,473559,1,0
473559,473559,473560,1,0
473560,473560,473561,1,0
473561,473561,473562,1,0
473563,473563,473564,1,0
473562,473562,473563,1,0
473563,473563,473564,1,0
473564,473564,473565,1,0
473565,473565,473566,1,0
473567,473567,473568,1,0
473566,473566,473567,1,0
473567,473567,473568,1,0
473568,473568,473569,1,0
473569,473569,473570,1,0
473571,473571,473572,1,0
473570,473570,473571,1,0
473571,473571,473572,1,0
473572,473572,473573,1,0
473573,473573,473574,1,0
473575,473575,473576,1,0
473574,473574,473575,1,0
473575,473575,473576,1,0
473576,473576,473577,1,0
473577,473577,473578,1,0
473578,473578,473579,1,0
473579,473579,473580,1,0
473579,473579,473580,1,0
491129,491129,491130,1,0
491130,491130,491131,1,0
491131,491131,491132,1,0
491132,491132,491133,1,0
491133,491133,491134,1,0
491134,491134,491135,1,0
491135,491135,491136,1,0
491136,491136,491137,1,0
491137,491137,491138,1,0
491138,491138,491139,1,0
491139,491139,491140,1,0
491140,491140,491141,1,0
491141,491141,491142,1,0
491142,491142,491143,1,0
491143,491143,491144,1,0
491144,491144,491145,1,0
491145,491145,491146,1,0
491146,491146,491147,1,0
491147,491147,491148,1,0
491148,491148,491149,1,0
491149,491149,491150,1,0
491150,491150,491151,1,0
491151,491151,491152,1,0
491152,491152,491153,1,0
491153,491153,491154,1,0
491154,491154,491155,1,0
491155,491155,491156,1,0
491156,491156,491157,1,0
491157,491157,491158,1,0
491158,491158,491159,1,0
491159,491159,491160,1,0
491160,491160,491161,1,0
491161,491161,491162,1,0
491162,491162,491163,1,0
491163,491163,491164,1,0
491164,491164,491165,1,0
491165,491165,491166,1,0
491166,491166,491167,1,0
491167,491167,491168,1,0
491168,491168,491169,1,0
491169,491169,491170,1,0
491170,491170,491171,1,0
491171,491171,491172,1,0
491172,491172,491173,1,0
491173,491173,491174,1,0
491174,491174,491175,1,0
491175,491175,491176,1,0
491176,491176,491177,1,0
491177,491177,491178,1,0
491178,491178,491179,1,0
491179,491179,491180,1,0
491180,491180,491181,1,0
491181,491181,491182,1,0
491182,491182,491183,1,0
491183,491183,491184,1,0
491184,491184,491185,1,0
491185,491185,491186,1,0
491186,491186,491187,1,0
491187,491187,491188,1,0
491188,491188,491189,1,0
491189,491189,491190,1,0
491190,491190,491191,1,0
491191,491191,491192,1,0
491192,491192,491193,1,0
491193,491193,491194,1,0
491194,491194,491195,1,0
491195,491195,491196,1,0
491196,491196,491197,1,0
491197,491197,491198,1,0
491198,491198,491199,1,0
491199,491199,491200,1,0
491200,491200,491201,1,0
491201,491201,491202,1,0
491202,491202,491203,1,0
491203,491203,491204,1,0
491204,491204,491205,1,0
491205,491205,491206,1,0
491206,491206,491207,1,0
491207,491207,491208,1,0
491209,491209,491210,1,0
491211,491211,491212,1,0
491212,491212,491213,1,0
491213,491213,491214,1,0
491214,491214,491215,1,0
491215,491215,491216,1,0
491216,491216,491217,1,0
491217,491217,491218,1,0
491218,491218,491219,1,0
491219,491219,491220,1,0
491220,491220,491221,1,0
491221,491221,491222,1,0
491222,491222,491223,1,0
491223,491223,491224,1,0
491224,491224,491225,1,0
491225,491225,491226,1,0
491226,491226,491227,1,0
491227,491227,491228,1,0
491228,491228,491229,1,0
491229,491229,491230,1,0
491230,491230,491231,1,0
491231,491231,491232,1,0
491232,491232,491233,1,0
491233,491233,491234,1,0
491234,491234,491235,1,0
491235,491235,491236,1,0
491236,491236,491237,1,0
491237,491237,491238,1,0
491238,491238,491239,1,0
491239,491239,491240,1,0
491240,491240,491241,1,0
491241,491241,491242,1,0
491242,491242,491243,1,0
491243,491243,491244,1,0
491243,491243,491244,1,0
491244,491244,491245,1,0
491245,491245,491246,1,0
491246,491246,491247,1,0
491247,491247,491248,1,0
491248,491248,491249,1,0
491250,491250,491251,1,0
491251,491251,491252,1,0
491252,491252,491253,1,0
491253,491253,491254,1,0
491254,491254,491255,1,0
491255,491255,491256,1,0
491256,491256,491257,1,0
491257,491257,491258,1,0
491258,491258,491259,1,0
491259,491259,491260,1,0
491260,491260,491261,1,0
491261,491261,491262,1,0
491262,491262,491263,1,0
491263,491263,491264,1,0
491264,491264,491265,1,0
491265,491265,491266,1,0
491266,491266,491267,1,0
491267,491267,491268,1,0
491268,491268,491269,1,0
491269,491269,491270,1,0
491270,491270,491271,1,0
491271,491271,491272,1,0
491272,491272,491273,1,0
491273,491273,491274,1,0
491274,491274,491275,1,0
491275,491275,491276,1,0
491276,491276,491277,1,0
491277,491277,491278,1,0
491278,491278,491279,1,0
491279,491279,491280,1,0
491280,491280,491281,1,0
491281,491281,491282,1,0
491282,491282,491283,1,0
491283,491283,491284,1,0
491284,491284,491285,1,0
491286,491286,491287,1,0
491287,491287,491288,1,0
491288,491288,491289,1,0
491289,491289,491290,1,0
491290,491290,491291,1,0
491291,491291,491292,1,0
491292,491292,491293,1,0
491293,491293,491294,1,0
491294,491294,491295,1,0
491295,491295,491296,1,0
491296,491296,491297,1,0
491297,491297,491298,1,0
491298,491298,491299,1,0
491300,491300,491301,1,0
491301,491301,491302,1,0
491303,491303,491304,1,0
491304,491304,491305,1,0
491306,491306,491307,1,0
491307,491307,491308,1,0
491308,491308,491309,1,0
491309,491309,491310,1,0
491310,491310,491311,1,0
491311,491311,491312,1,0
491312,491312,491313,1,0
491313,491313,491314,1,0
491314,491314,491315,1,0
491315,491315,491316,1,0
491317,491317,491318,1,0
491318,491318,491319,1,0
491320,491320,491321,1,0
491321,491321,491322,1,0
491322,491322,491323,1,0
491323,491323,491324,1,0
491324,491324,491325,1,0
491325,491325,491326,1,0
491326,491326,491327,1,0
491327,491327,491328,1,0
491328,491328,491329,1,0
491329,491329,491330,1,0
491330,491330,491331,1,0
491331,491331,491332,1,0
491332,491332,491333,1,0
491333,491333,491334,1,0
491334,491334,491335,1,0
491335,491335,491336,1,0
491337,491337,491338,1,0
491338,491338,491339,1,0
491340,491340,491341,1,0
491341,491341,491342,1,0
491343,491343,491344,1,0
491344,491344,491345,1,0
491345,491345,491346,1,0
491346,491346,491347,1,0
491347,491347,491348,1,0
491348,491348,491349,1,0
491349,491349,491350,1,0
491350,491350,491351,1,0
491351,491351,491352,1,0
491352,491352,491353,1,0
491354,491354,491355,1,0
491355,491355,491356,1,0
491357,491357,491358,1,0
491358,491358,491359,1,0
491359,491359,491360,1,0
491360,491360,491361,1,0
491361,491361,491362,1,0
491362,491362,491363,1,0
491363,491363,491364,1,0
491365,491365,491366,1,0
491366,491366,491367,1,0
491368,491368,491369,1,0
491369,491369,491370,1,0
491370,491370,491371,1,0
491371,491371,491372,1,0
491372,491372,491373,1,0
491373,491373,491374,1,0
491374,491374,491375,1,0
491375,491375,491376,1,0
491376,491376,491377,1,0
491377,491377,491378,1,0
491379,491379,491380,1,0
491380,491380,491381,1,0
491382,491382,491383,1,0
491383,491383,491384,1,0
491384,491384,491385,1,0
491385,491385,491386,1,0
491386,491386,491387,1,0
491387,491387,491388,1,0
491388,491388,491389,1,0
491389,491389,491390,1,0
491390,491390,491391,1,0
491391,491391,491392,1,0
491393,491393,491394,1,0
491394,491394,491395,1,0
491395,491395,491396,1,0
491396,491396,491397,1,0
491397,491397,491398,1,0
491398,491398,491399,1,0
491399,491399,491400,1,0
491401,491401,491402,1,0
491402,491402,491403,1,0
491404,491404,491405,1,0
491405,491405,491406,1,0
491406,491406,491407,1,0
491407,491407,491408,1,0
491408,491408,491409,1,0
491409,491409,491410,1,0
572726,572726,572727,1,0
572727,572727,572728,1,0
572728,572728,572729,1,0
572729,572729,572730,1,0
572730,572730,572731,1,0
572731,572731,572732,1,0
572732,572732,572733,1,0
572733,572733,572734,1,0
572736,572736,572737,1,0
572737,572737,572738,1,0
572738,572738,572739,1,0
572739,572739,572740,1,0
572740,572740,572741,1,0
572741,572741,572742,1,0
572743,572743,572744,1,0
572744,572744,572745,1,0
572745,572745,572746,1,0
572746,572746,572747,1,0
572747,572747,572748,1,0
572748,572748,572749,1,0
572750,572750,572751,1,0
572752,572752,572753,1,0
572753,572753,572754,1,0
572754,572754,572755,1,0
572755,572755,572756,1,0
572756,572756,572757,1,0
572757,572757,572758,1,0
572758,572758,572759,1,0
572759,572759,572760,1,0
572761,572761,572762,1,0
572763,572763,572764,1,0
572765,572765,572766,1,0
572766,572766,572767,1,0
572767,572767,572768,1,0
572768,572768,572769,1,0
572769,572769,572770,1,0
572770,572770,572771,1,0
572775,572775,572776,1,0
572776,572776,572777,1,0
572777,572777,572778,1,0
572778,572778,572779,1,0
572780,572780,572781,1,0
572781,572781,572782,1,0
572783,572783,572784,1,0
572786,572786,572787,1,0
572787,572787,572788,1,0
572788,572788,572789,1,0
572789,572789,572790,1,0
572791,572791,572792,1,0
572792,572792,572793,1,0
572793,572793,572794,1,0
572794,572794,572795,1,0
572795,572795,572796,1,0
572796,572796,572797,1,0
572798,572798,572799,1,0
572799,572799,572800,1,0
572801,572801,572802,1,0
572803,572803,572804,1,0
572804,572804,572805,1,0
572807,572807,572808,1,0
572808,572808,572809,1,0
572809,572809,572810,1,0
572810,572810,572811,1,0
572811,572811,572812,1,0
572812,572812,572813,1,0
572813,572813,572814,1,0
572814,572814,572815,1,0
572816,572816,572817,1,0
572817,572817,572818,1,0
572818,572818,572819,1,0
572819,572819,572820,1,0
572821,572821,572822,1,0
572822,572822,572823,1,0
572823,572823,572824,1,0
572824,572824,572825,1,0
572825,572825,572826,1,0
572826,572826,572827,1,0
572827,572827,572828,1,0
572828,572828,572829,1,0
572829,572829,572830,1,0
572830,572830,572831,1,0
572831,572831,572832,1,0
572832,572832,572833,1,0
572833,572833,572834,1,0
572836,572836,572837,1,0
572837,572837,572838,1,0
572838,572838,572839,1,0
572839,572839,572840,1,0
572840,572840,572841,1,0
572841,572841,572842,1,0
572842,572842,572843,1,0
572843,572843,572844,1,0
572844,572844,572845,1,0
572845,572845,572846,1,0
572846,572846,572847,1,0
572847,572847,572848,1,0
572848,572848,572849,1,0
572849,572849,572850,1,0
572851,572851,572852,1,0
572852,572852,572853,1,0
572853,572853,572854,1,0
572854,572854,572855,1,0
572855,572855,572856,1,0
572856,572856,572857,1,0
572858,572858,572859,1,0
572859,572859,572860,1,0
572860,572860,572861,1,0
572861,572861,572862,1,0
572862,572862,572863,1,0
572863,572863,572864,1,0
572864,572864,572865,1,0
572865,572865,572866,1,0
572867,572867,572868,1,0
572866,572866,572867,1,0
572868,572868,572869,1,0
572870,572870,572871,1,0
572871,572871,572872,1,0
572873,572873,572874,1,0
572874,572874,572875,1,0
572875,572875,572876,1,0
572876,572876,572877,1,0
572877,572877,572878,1,0
572878,572878,572879,1,0
572879,572879,572880,1,0
572880,572880,572881,1,0
572881,572881,572882,1,0
572883,572883,572884,1,0
572884,572884,572885,1,0
572885,572885,572886,1,0
572886,572886,572887,1,0
572887,572887,572888,1,0
572888,572888,572889,1,0
572889,572889,572890,1,0
572890,572890,572891,1,0
572891,572891,572892,1,0
572892,572892,572893,1,0
572893,572893,572894,1,0
572894,572894,572895,1,0
572895,572895,572896,1,0
572896,572896,572897,1,0
572897,572897,572898,1,0
572898,572898,572899,1,0
572899,572899,572900,1,0
572903,572903,572904,1,0
572904,572904,572905,1,0
572906,572906,572907,1,0
572907,572907,572908,1,0
572909,572909,572910,1,0
572910,572910,572911,1,0
572913,572913,572914,1,0
572914,572914,572915,1,0
572916,572916,572917,1,0
572917,572917,572918,1,0
572919,572919,572920,1,0
572920,572920,572921,1,0
572922,572922,572923,1,0
572923,572923,572924,1,0
572924,572924,572925,1,0
572925,572925,572926,1,0
572926,572926,572927,1,0
572929,572929,572930,1,0
572930,572930,572931,1,0
572932,572932,572933,1,0
572933,572933,572934,1,0
572934,572934,572935,1,0
572935,572935,572936,1,0
572937,572937,572938,1,0
572938,572938,572939,1,0
572940,572940,572941,1,0
572941,572941,572942,1,0
572942,572942,572943,1,0
572943,572943,572944,1,0
572944,572944,572945,1,0
572945,572945,572946,1,0
572946,572946,572947,1,0
572947,572947,572948,1,0
572949,572949,572950,1,0
572950,572950,572951,1,0
572952,572952,572953,1,0
572953,572953,572954,1,0
573215,573215,573574,359,0
573217,573217,573673,456,0
573220,573220,573676,456,0
573213,573213,573678,465,0
573213,573213,574059,846,0
573214,573214,574092,878,0
573219,573219,574092,873,0
573222,573222,574092,870,0
573223,573223,574097,874,0
573216,573216,574098,882,0
573218,573218,574098,880,0
579060,579060,579418,358,0
579420,579420,579421,1,0
579420,579420,579422,2,0
579420,579420,579421,1,0
579420,579420,579421,1,0
579420,579420,579421,1,0
579420,579420,579421,1,0
579420,579420,579421,1,0
579420,579420,579422,2,0
579420,579420,579421,1,0
579420,579420,579421,1,0
579420,579420,579422,2,0
579420,579420,579421,1,0
579420,579420,579421,1,0
579420,579420,579422,2,0
579420,579420,579421,1,0
579420,579420,579421,1,0
579420,579420,579422,2,0
579420,579420,579421,1,0
579420,579420,579421,1,0
579420,579420,579421,1,0
579420,579420,579422,2,0
579420,579420,579422,2,0
579420,579420,579421,1,0
579420,579420,579422,2,0
579420,579420,579422,2,0
579420,579420,579422,2,0
579420,579420,579422,2,0
579420,579420,579422,2,0
579420,579420,579422,2,0
579420,579420,579422,2,0
579420,579420,579422,2,0
579420,579420,579422,2,0
579420,579420,579422,2,0
579420,579420,579422,2,0
579420,579420,579422,2,0
579420,579420,579422,2,0
579420,579420,579422,2,0
579420,579420,579422,2,0
579420,579420,579422,2,0
579064,579064,579429,365,0
579430,579430,579431,1,0
579430,579430,579432,2,0
579430,579430,579432,2,0
579430,579430,579432,2,0
579430,579430,579432,2,0
579430,579430,579432,2,0
579430,579430,579432,2,0
579430,579430,579432,2,0
579430,579430,579431,1,0
579430,579430,579432,2,0
579430,579430,579432,2,0
579430,579430,579432,2,0
579430,579430,579432,2,0
579430,579430,579432,2,0
579430,579430,579432,2,0
579430,579430,579432,2,0
579430,579430,579432,2,0
579430,579430,579432,2,0
579430,579430,579432,2,0
579430,579430,579432,2,0
579430,579430,579432,2,0
579430,579430,579432,2,0
579430,579430,579432,2,0
579430,579430,579432,2,0
579430,579430,579432,2,0
579430,579430,579432,2,0
579430,579430,579432,2,0
579430,579430,579432,2,0
579430,579430,579432,2,0
579430,579430,579432,2,0
579430,579430,579432,2,0
579430,579430,579432,2,0
579430,579430,579432,2,0
579430,579430,579432,2,0
579430,579430,579432,2,0
579430,579430,579433,3,0
579430,579430,579432,2,0
579430,579430,579433,3,0
579430,579430,579432,2,0
579059,579059,579442,383,0
579444,579444,579445,1,0
579444,579444,579446,2,0
579444,579444,579445,1,0
579444,579444,579445,1,0
579444,579444,579445,1,0
579444,579444,579445,1,0
579444,579444,579445,1,0
579444,579444,579445,1,0
579444,579444,579446,2,0
579444,579444,579445,1,0
579444,579444,579445,1,0
579444,579444,579446,2,0
579444,579444,579445,1,0
579444,579444,579445,1,0
579444,579444,579445,1,0
579444,579444,579446,2,0
579444,579444,579445,1,0
579444,579444,579445,1,0
579444,579444,579445,1,0
579444,579444,579446,2,0
579444,579444,579446,2,0
579444,579444,579445,1,0
579444,579444,579445,1,0
579444,579444,579446,2,0
579444,579444,579445,1,0
579444,579444,579445,1,0
579444,579444,579446,2,0
579444,579444,579446,2,0
579444,579444,579446,2,0
579444,579444,579446,2,0
579444,579444,579446,2,0
579444,579444,579446,2,0
579444,579444,579446,2,0
579444,579444,579446,2,0
579444,579444,579446,2,0
579444,579444,579446,2,0
579444,579444,579446,2,0
579444,579444,579446,2,0
579444,579444,579446,2,0
579069,579069,579448,379,0
579454,579454,579455,1,0
579454,579454,579455,1,0
579454,579454,579455,1,0
579454,579454,579456,2,0
579454,579454,579455,1,0
579454,579454,579456,2,0
579454,579454,579455,1,0
579454,579454,579455,1,0
579454,579454,579456,2,0
579454,579454,579455,1,0
579454,579454,579455,1,0
579454,579454,579456,2,0
579454,579454,579455,1,0
579454,579454,579456,2,0
579454,579454,579455,1,0
579454,579454,579456,2,0
579454,579454,579455,1,0
579454,579454,579455,1,0
579454,579454,579456,2,0
579454,579454,579455,1,0
579454,579454,579456,2,0
579454,579454,579456,2,0
579454,579454,579456,2,0
579454,579454,579455,1,0
579454,579454,579456,2,0
579454,579454,579456,2,0
579454,579454,579456,2,0
579454,579454,579456,2,0
579454,579454,579456,2,0
579454,579454,579456,2,0
579454,579454,579456,2,0
579454,579454,579456,2,0
579454,579454,579456,2,0
579454,579454,579456,2,0
579454,579454,579456,2,0
579454,579454,579456,2,0
579454,579454,579456,2,0
579454,579454,579456,2,0
579454,579454,579456,2,0
579066,579066,579468,402,0
579469,579470,579471,1,1
579469,579470,579472,2,1
579469,579470,579471,1,1
579469,579470,579471,1,1
579469,579470,579471,1,1
579469,579470,579471,1,1
579469,579470,579471,1,1
579469,579470,579471,1,1
579469,579470,579472,2,1
579469,579470,579471,1,1
579469,579470,579471,1,1
579469,579470,579471,1,1
579469,579470,579471,1,1
579469,579470,579471,1,1
579469,579470,579472,2,1
579469,579470,579471,1,1
579469,579470,579471,1,1
579469,579470,579471,1,1
579469,579470,579472,2,1
579469,579470,579472,2,1
579469,579470,579471,1,1
579469,579470,579471,1,1
579469,579470,579471,1,1
579469,579470,579472,2,1
579469,579470,579471,1,1
579469,579470,579471,1,1
579469,579470,579471,1,1
579469,579470,579471,1,1
579469,579470,579471,1,1
579469,579470,579472,2,1
579469,579470,579472,2,1
579469,579470,579472,2,1
579469,579470,579472,2,1
579469,579470,579472,2,1
579469,579470,579472,2,1
579469,579470,579472,2,1
579469,579470,579472,2,1
579469,579470,579472,2,1
579469,579470,579472,2,1
579061,579061,579507,446,0
579508,579508,579510,2,0
579508,579508,579510,2,0
579508,579508,579510,2,0
579508,579508,579510,2,0
579508,579508,579510,2,0
579508,579508,579510,2,0
579508,579508,579510,2,0
579508,579508,579510,2,0
579508,579508,579510,2,0
579508,579508,579510,2,0
579508,579508,579510,2,0
579508,579508,579510,2,0
579508,579508,579510,2,0
579508,579508,579510,2,0
579508,579508,579510,2,0
579508,579508,579510,2,0
579508,579508,579510,2,0
579508,579508,579510,2,0
579508,579508,579510,2,0
579508,579509,579510,1,1
579508,579509,579510,1,1
579508,579509,579510,1,1
579508,579508,579510,2,0
579508,579508,579510,2,0
579508,579509,579510,1,1
579508,579509,579510,1,1
579508,579508,579511,3,0
579508,579508,579511,3,0
579508,579508,579511,3,0
579508,579508,579511,3,0
579508,579508,579511,3,0
579508,579508,579511,3,0
579508,579508,579511,3,0
579508,579508,579511,3,0
579508,579508,579511,3,0
579508,579508,579511,3,0
579508,579508,579511,3,0
579508,579508,579511,3,0
579508,579508,579511,3,0
579063,579063,579560,497,0
579562,579562,579564,2,0
579562,579562,579563,1,0
579562,579562,579563,1,0
579562,579562,579564,2,0
579562,579562,579563,1,0
579562,579562,579564,2,0
579562,579562,579563,1,0
579562,579562,579563,1,0
579562,579562,579564,2,0
579562,579562,579563,1,0
579562,579562,579564,2,0
579562,579562,579564,2,0
579562,579562,579564,2,0
579562,579562,579564,2,0
579562,579562,579564,2,0
579562,579562,579563,1,0
579562,579562,579563,1,0
579562,579562,579563,1,0
579562,579562,579564,2,0
579562,579562,579563,1,0
579562,579562,579564,2,0
579562,579562,579564,2,0
579562,579562,579563,1,0
579562,579562,579564,2,0
579562,579562,579564,2,0
579562,579562,579564,2,0
579562,579562,579565,3,0
579562,579562,579564,2,0
579562,579562,579564,2,0
579562,579562,579564,2,0
579562,579562,579564,2,0
579562,579562,579564,2,0
579562,579562,579564,2,0
579562,579562,579564,2,0
579562,579562,579564,2,0
579562,579562,579564,2,0
579562,579562,579564,2,0
579562,579562,579564,2,0
579562,579562,579564,2,0
579068,579068,579674,606,0
579675,579675,579677,2,0
579675,579675,579676,1,0
579675,579675,579677,2,0
579675,579675,579676,1,0
579675,579675,579677,2,0
579675,579675,579677,2,0
579675,579675,579677,2,0
579675,579675,579677,2,0
579675,579675,579677,2,0
579675,579675,579677,2,0
579675,579675,579677,2,0
579675,579675,579677,2,0
579675,579675,579677,2,0
579675,579675,579676,1,0
579675,579675,579676,1,0
579675,579675,579677,2,0
579675,579675,579677,2,0
579675,579675,579677,2,0
579675,579675,579677,2,0
579675,579675,579676,1,0
579675,579675,579677,2,0
579675,579675,579677,2,0
579675,579675,579677,2,0
579675,579675,579677,2,0
579675,579675,579677,2,0
579675,579675,579677,2,0
579675,579675,579677,2,0
579675,579675,579677,2,0
579675,579675,579677,2,0
579675,579675,579677,2,0
579675,579675,579678,3,0
579675,579675,579677,2,0
579675,579675,579677,2,0
579675,579675,579677,2,0
579675,579675,579677,2,0
579675,579675,579677,2,0
579675,579675,579677,2,0
579675,579675,579677,2,0
579675,579675,579677,2,0
579065,579065,579681,616,0
579072,579072,579681,609,0
579070,579070,579682,612,0
579686,579686,579687,1,0
579686,579686,579687,1,0
579686,579686,579688,2,0
579686,579686,579687,1,0
579686,579686,579687,1,0
579686,579686,579688,2,0
579686,579686,579688,2,0
579686,579686,579688,2,0
579686,579686,579688,2,0
579686,579686,579688,2,0
579686,579686,579688,2,0
579686,579687,579688,1,1
579686,579686,579688,2,0
579686,579686,579688,2,0
579686,579686,579688,2,0
579686,579686,579688,2,0
579686,579687,579688,1,1
579686,579687,579688,1,1
579686,579686,579688,2,0
579686,579686,579688,2,0
579686,579686,579688,2,0
579686,579686,579688,2,0
579686,579687,579688,1,1
579686,579687,579689,2,1
579686,579687,579689,2,1
579686,579687,579688,1,1
579686,579686,579688,2,0
579686,579686,579688,2,0
579686,579686,579688,2,0
579686,579687,579688,1,1
579686,579687,579689,2,1
579686,579687,579688,1,1
579686,579687,579688,1,1
579686,579687,579688,1,1
579686,579686,579688,2,0
579686,579686,579688,2,0
579686,579686,579688,2,0
579686,579686,579688,2,0
579686,579687,579689,2,1
579686,579687,579689,2,1
579686,579687,579688,1,1
579687,579688,579689,1,1
579686,579686,579688,2,0
579686,579686,579688,2,0
579686,579686,579688,2,0
579686,579687,579688,1,1
579686,579687,579689,2,1
579686,579687,579688,1,1
579686,579686,579689,3,0
579686,579686,579688,2,0
579686,579686,579688,2,0
579686,579687,579688,1,1
579686,579687,579689,2,1
579686,579687,579689,2,1
579686,579687,579688,1,1
579686,579686,579689,3,0
579686,579686,579688,2,0
579686,579686,579688,2,0
579686,579686,579688,2,0
579686,579687,579688,1,1
579686,579687,579689,2,1
579686,579687,579689,2,1
579686,579686,579688,2,0
579686,579686,579688,2,0
579686,579686,579688,2,0
579686,579687,579689,2,1
579686,579687,579688,1,1
579687,579688,579689,1,1
579686,579687,579688,1,1
579686,579687,579688,1,1
579686,579687,579688,1,1
579686,579687,579688,1,1
579686,579687,579688,1,1
579686,579687,579688,1,1
579687,579687,579688,1,0
579687,579687,579689,2,0
579686,579687,579689,2,1
579687,579688,579689,1,1
579687,579688,579689,1,1
579687,579688,579689,1,1
579686,579687,579689,2,1
579686,579687,579689,2,1
579686,579687,579689,2,1
579686,579687,579689,2,1
579686,579687,579689,2,1
579687,579688,579689,1,1
579687,579689,579691,2,2
579687,579689,579690,1,2
579687,579689,579690,1,2
579687,579689,579691,2,2
579687,579689,579690,1,2
579687,579689,579690,1,2
579687,579689,579691,2,2
579687,579689,579691,2,2
579687,579689,579690,1,2
579687,579689,579690,1,2
579687,579689,579691,2,2
579687,579689,579691,2,2
579687,579689,579690,1,2
579687,579689,579690,1,2
579687,579689,579690,1,2
579687,579689,579691,2,2
579687,579689,579691,2,2
579687,579689,579690,1,2
579687,579689,579690,1,2
579687,579689,579691,2,2
579687,579689,579691,2,2
579687,579689,579690,1,2
579687,579689,579691,2,2
579687,579689,579691,2,2
579687,579689,579690,1,2
579687,579689,579690,1,2
579687,579689,579691,2,2
579687,579689,579691,2,2
579687,579689,579691,2,2
579687,579689,579691,2,2
579687,579689,579691,2,2
580091,580091,580507,416,0
580508,580508,580510,2,0
580508,580508,580510,2,0
580508,580508,580510,2,0
580508,580508,580510,2,0
580508,580508,580510,2,0
580508,580508,580510,2,0
580508,580508,580510,2,0
580508,580508,580510,2,0
580508,580508,580510,2,0
580508,580508,580510,2,0
580508,580508,580510,2,0
580508,580508,580510,2,0
580508,580508,580510,2,0
580508,580508,580510,2,0
580508,580508,580510,2,0
580508,580508,580510,2,0
580508,580508,580510,2,0
580508,580508,580510,2,0
580508,580508,580510,2,0
580508,580508,580510,2,0
580508,580508,580510,2,0
580508,580508,580510,2,0
580508,580508,580510,2,0
580508,580508,580510,2,0
580508,580508,580510,2,0
580508,580508,580510,2,0
580508,580508,580510,2,0
580508,580508,580510,2,0
580508,580508,580510,2,0
580508,580508,580511,3,0
580508,580508,580510,2,0
580508,580508,580511,3,0
580508,580508,580511,3,0
580508,580508,580511,3,0
580508,580508,580510,2,0
580508,580508,580510,2,0
580508,580508,580511,3,0
580508,580508,580510,2,0
580508,580508,580511,3,0
580090,580090,580519,429,0
580524,580524,580526,2,0
580524,580524,580526,2,0
580524,580524,580526,2,0
580524,580524,580526,2,0
580524,580524,580526,2,0
580524,580524,580526,2,0
580524,580524,580526,2,0
580524,580524,580526,2,0
580524,580524,580526,2,0
580524,580524,580526,2,0
580524,580524,580526,2,0
580524,580524,580526,2,0
580524,580524,580526,2,0
580524,580524,580526,2,0
580524,580524,580526,2,0
580524,580524,580526,2,0
580524,580524,580526,2,0
580524,580524,580526,2,0
580524,580524,580526,2,0
580524,580524,580526,2,0
580524,580524,580526,2,0
580524,580524,580526,2,0
580524,580524,580526,2,0
580524,580524,580526,2,0
580524,580524,580526,2,0
580524,580524,580526,2,0
580524,580524,580526,2,0
580524,580524,580526,2,0
580524,580524,580526,2,0
580524,580524,580526,2,0
580524,580524,580527,3,0
580524,580524,580526,2,0
580524,580524,580527,3,0
580524,580524,580527,3,0
580524,580524,580527,3,0
580524,580524,580527,3,0
580524,580524,580527,3,0
580524,580524,580527,3,0
580524,580524,580527,3,0
580098,580098,580534,436,0
580095,580095,580536,441,0
580094,580094,580537,443,0
580536,580536,580537,1,0
580536,580536,580538,2,0
580536,580536,580537,1,0
580536,580536,580537,1,0
580536,580536,580538,2,0
580536,580536,580538,2,0
580536,580536,580538,2,0
580536,580536,580537,1,0
580536,580536,580537,1,0
580536,580536,580537,1,0
580536,580536,580538,2,0
580536,580536,580537,1,0
580536,580536,580537,1,0
580536,580536,580537,1,0
580536,580536,580538,2,0
580536,580536,580537,1,0
580536,580536,580537,1,0
580536,580536,580538,2,0
580536,580536,580538,2,0
580536,580536,580537,1,0
580536,580536,580537,1,0
580536,580536,580538,2,0
580536,580536,580537,1,0
580536,580536,580537,1,0
580536,580536,580537,1,0
580536,580536,580538,2,0
580536,580536,580538,2,0
580536,580536,580537,1,0
580536,580536,580538,2,0
580536,580536,580538,2,0
580536,580536,580538,2,0
580536,580536,580538,2,0
580536,580536,580538,2,0
580536,580536,580538,2,0
580536,580536,580538,2,0
580536,580536,580538,2,0
580536,580536,580538,2,0
580536,580536,580538,2,0
580536,580536,580538,2,0
580538,580538,580540,2,0
580538,580538,580540,2,0
580538,580538,580540,2,0
580538,580538,580540,2,0
580538,580538,580540,2,0
580538,580538,580540,2,0
580538,580538,580540,2,0
580538,580538,580540,2,0
580538,580538,580540,2,0
580538,580538,580540,2,0
580538,580538,580540,2,0
580538,580538,580540,2,0
580538,580538,580540,2,0
580538,580538,580540,2,0
580538,580538,580540,2,0
580538,580538,580540,2,0
580538,580538,580540,2,0
580538,580538,580540,2,0
580538,580538,580540,2,0
580538,580538,580540,2,0
580538,580538,580540,2,0
580538,580538,580540,2,0
580538,580538,580540,2,0
580538,580538,580540,2,0
580538,580538,580540,2,0
580538,580538,580540,2,0
580538,580538,580540,2,0
580538,580538,580540,2,0
580538,580538,580540,2,0
580538,580538,580540,2,0
580538,580538,580540,2,0
580538,580538,580540,2,0
580538,580538,580540,2,0
580538,580538,580541,3,0
580539,580539,580541,2,0
580539,580539,580541,2,0
580538,580538,580541,3,0
580539,580539,580541,2,0
580539,580539,580541,2,0
580539,580539,580541,2,0
580539,580539,580541,2,0
580539,580540,580541,1,1
580539,580540,580541,1,1
580538,580538,580541,3,0
580539,580539,580541,2,0
580539,580539,580542,3,0
580539,580539,580541,2,0
580539,580540,580541,1,1
580539,580539,580541,2,0
580539,580539,580542,3,0
580539,580539,580542,3,0
580539,580540,580541,1,1
580538,580538,580541,3,0
580539,580539,580541,2,0
580539,580539,580542,3,0
580539,580539,580541,2,0
580539,580540,580541,1,1
580539,580540,580541,1,1
580093,580093,580541,448,0
580539,580539,580541,2,0
580539,580539,580541,2,0
580539,580541,580542,1,2
580538,580538,580541,3,0
580539,580540,580541,1,1
580539,580540,580541,1,1
580539,580539,580541,2,0
580539,580539,580541,2,0
580538,580538,580541,3,0
580539,580539,580541,2,0
580539,580540,580541,1,1
580539,580539,580542,3,0
580539,580539,580542,3,0
580539,580539,580542,3,0
580539,580540,580542,2,1
580539,580539,580542,3,0
580539,580539,580542,3,0
580539,580541,580542,1,2
580097,580097,580548,451,0
580090,580090,580553,463,0
580088,580088,580553,465,0
580089,580089,580554,465,0
580561,580561,580562,1,0
580561,580561,580562,1,0
580561,580561,580562,1,0
580561,580561,580562,1,0
580561,580561,580562,1,0
580561,580561,580562,1,0
580561,580561,580562,1,0
580561,580561,580562,1,0
580561,580561,580562,1,0
580561,580561,580563,2,0
580561,580561,580563,2,0
580561,580561,580563,2,0
580561,580561,580562,1,0
580561,580561,580563,2,0
580561,580561,580563,2,0
580561,580561,580563,2,0
580561,580561,580563,2,0
580561,580561,580563,2,0
580561,580561,580562,1,0
580561,580561,580563,2,0
580561,580561,580563,2,0
580561,580561,580563,2,0
580561,580561,580563,2,0
580561,580561,580563,2,0
580561,580561,580563,2,0
580561,580561,580563,2,0
580561,580561,580563,2,0
580561,580561,580563,2,0
580561,580561,580563,2,0
580561,580561,580563,2,0
580561,580561,580563,2,0
580561,580561,580563,2,0
580561,580561,580563,2,0
580561,580561,580563,2,0
580561,580561,580563,2,0
580561,580561,580563,2,0
580561,580561,580563,2,0
580561,580561,580562,1,0
580561,580561,580563,2,0
580561,580561,580563,2,0
580561,580561,580563,2,0
580561,580561,580563,2,0
580561,580561,580563,2,0
580561,580562,580563,1,1
580561,580561,580563,2,0
580561,580561,580563,2,0
580561,580561,580563,2,0
580561,580561,580563,2,0
580561,580561,580563,2,0
580561,580561,580563,2,0
580561,580561,580563,2,0
580561,580561,580563,2,0
580561,580561,580563,2,0
580561,580562,580563,1,1
580561,580562,580563,1,1
580561,580561,580563,2,0
580561,580561,580563,2,0
580561,580561,580563,2,0
580561,580561,580563,2,0
580561,580562,580563,1,1
580561,580562,580563,1,1
580561,580561,580563,2,0
580561,580561,580563,2,0
580561,580561,580563,2,0
580561,580561,580562,1,0
580561,580561,580563,2,0
580561,580561,580563,2,0
580561,580561,580563,2,0
580561,580562,580563,1,1
580561,580561,580563,2,0
580561,580561,580563,2,0
580561,580561,580562,1,0
580561,580561,580563,2,0
580561,580561,580563,2,0
580561,580561,580563,2,0
580561,580562,580563,1,1
580561,580562,580563,1,1
580561,580561,580563,2,0
580561,580562,580563,1,1
580561,580561,580563,2,0
580561,580561,580563,2,0
580561,580561,580563,2,0
580561,580561,580564,3,0
580561,580561,580564,3,0
580561,580561,580564,3,0
580561,580561,580564,3,0
580561,580561,580564,3,0
580561,580563,580564,1,2
580561,580561,580564,3,0
580561,580564,580565,1,3
580561,580564,580565,1,3
580561,580564,580565,1,3
580561,580564,580565,1,3
580561,580564,580565,1,3
580561,580564,580565,1,3
580561,580564,580565,1,3
580561,580564,580565,1,3
580561,580564,580566,2,3
580561,580564,580565,1,3
580561,580564,580565,1,3
580561,580564,580565,1,3
580561,580564,580565,1,3
580561,580564,580565,1,3
580561,580564,580566,2,3
580561,580564,580565,1,3
580561,580564,580565,1,3
580561,580564,580565,1,3
580561,580564,580566,2,3
580561,580564,580566,2,3
580561,580564,580566,2,3
580561,580564,580565,1,3
580561,580564,580565,1,3
580561,580564,580565,1,3
580561,580564,580566,2,3
580561,580564,580566,2,3
580561,580564,580566,2,3
580561,580564,580566,2,3
580100,580100,580574,474,0
580583,580583,580585,2,0
580583,580583,580585,2,0
580583,580583,580585,2,0
580583,580583,580585,2,0
580583,580583,580585,2,0
580583,580583,580585,2,0
580583,580583,580585,2,0
580583,580583,580585,2,0
580583,580583,580585,2,0
580583,580583,580585,2,0
580583,580583,580585,2,0
580583,580583,580585,2,0
580583,580583,580585,2,0
580583,580583,580586,3,0
580583,580583,580586,3,0
580583,580583,580585,2,0
580584,580584,580585,1,0
580584,580584,580586,2,0
580584,580584,580586,2,0
580583,580583,580585,2,0
580583,580583,580585,2,0
580583,580583,580586,3,0
580583,580583,580585,2,0
580583,580584,580585,1,1
580584,580584,580585,1,0
580584,580584,580586,2,0
580583,580583,580586,3,0
580583,580583,580586,3,0
580583,580583,580585,2,0
580584,580584,580585,1,0
580584,580584,580586,2,0
580584,580584,580586,2,0
580583,580583,580585,2,0
580583,580583,580586,3,0
580583,580583,580585,2,0
580584,580584,580585,1,0
580584,580584,580586,2,0
580584,580584,580585,1,0
580583,580583,580585,2,0
580583,580583,580586,3,0
580583,580583,580585,2,0
580584,580584,580585,1,0
580584,580584,580585,1,0
580583,580583,580586,3,0
580583,580583,580585,2,0
580584,580584,580585,1,0
580584,580584,580586,2,0
580584,580584,580586,2,0
580584,580584,580585,1,0
580584,580584,580585,1,0
580583,580583,580586,3,0
580583,580583,580585,2,0
580584,580584,580585,1,0
580584,580584,580586,2,0
580584,580584,580585,1,0
580584,580584,580585,1,0
580583,580583,580586,3,0
580583,580583,580586,3,0
580583,580583,580585,2,0
580584,580584,580585,1,0
580584,580584,580586,2,0
580584,580584,580586,2,0
580584,580584,580586,2,0
580584,580584,580586,2,0
580584,580584,580585,1,0
580584,580584,580585,1,0
580583,580583,580586,3,0
580583,580583,580585,2,0
580584,580584,580585,1,0
580584,580584,580586,2,0
580584,580584,580586,2,0
580584,580584,580586,2,0
580584,580584,580585,1,0
580584,580584,580586,2,0
580584,580584,580586,2,0
580584,580584,580586,2,0
580584,580584,580586,2,0
580584,580584,580586,2,0
580604,580604,580606,2,0
580604,580604,580605,1,0
580604,580604,580605,1,0
580604,580604,580605,1,0
580604,580604,580606,2,0
580604,580604,580605,1,0
580604,580604,580605,1,0
580604,580604,580605,1,0
580604,580604,580606,2,0
580604,580604,580606,2,0
580604,580604,580605,1,0
580604,580604,580605,1,0
580604,580604,580605,1,0
580604,580604,580605,1,0
580604,580604,580606,2,0
580604,580604,580605,1,0
580604,580604,580605,1,0
580604,580604,580606,2,0
580604,580604,580606,2,0
580604,580604,580605,1,0
580604,580604,580605,1,0
580604,580604,580605,1,0
580604,580604,580606,2,0
580604,580604,580605,1,0
580604,580604,580605,1,0
580604,580604,580605,1,0
580604,580604,580606,2,0
580604,580604,580606,2,0
580604,580604,580605,1,0
580604,580604,580605,1,0
580604,580604,580605,1,0
580604,580604,580605,1,0
580604,580604,580606,2,0
580604,580604,580605,1,0
580604,580604,580606,2,0
580604,580604,580606,2,0
580604,580604,580606,2,0
580604,580604,580606,2,0
580604,580604,580606,2,0
581775,581775,582028,253,0
582031,582031,582032,1,0
582031,582031,582032,1,0
582031,582031,582033,2,0
582031,582031,582032,1,0
582031,582031,582032,1,0
582031,582031,582032,1,0
582031,582031,582032,1,0
582031,582031,582032,1,0
582031,582031,582033,2,0
582031,582031,582033,2,0
582031,582031,582032,1,0
582031,582031,582032,1,0
582031,582031,582032,1,0
582031,582031,582032,1,0
582031,582031,582032,1,0
582031,582031,582032,1,0
582031,582031,582033,2,0
582031,582031,582032,1,0
582031,582031,582032,1,0
582031,582031,582033,2,0
582031,582031,582032,1,0
582031,582031,582033,2,0
582031,582031,582032,1,0
582031,582031,582032,1,0
582031,582031,582032,1,0
582031,582031,582032,1,0
582031,582031,582032,1,0
582031,582031,582033,2,0
582031,582031,582033,2,0
582031,582031,582032,1,0
582031,582031,582033,2,0
582031,582031,582033,2,0
582031,582031,582033,2,0
582031,582031,582033,2,0
582031,582031,582033,2,0
582031,582031,582034,3,0
582031,582031,582033,2,0
582031,582031,582034,3,0
582031,582031,582033,2,0
582031,582031,582034,3,0
582031,582031,582033,2,0
582031,582031,582033,2,0
582031,582031,582033,2,0
582031,582031,582033,2,0
582031,582031,582034,3,0
581771,581771,582034,263,0
582035,582036,582037,1,1
582035,582036,582037,1,1
582035,582036,582037,1,1
582035,582036,582037,1,1
582035,582036,582037,1,1
582035,582036,582037,1,1
582035,582036,582037,1,1
582035,582036,582037,1,1
582035,582036,582037,1,1
582035,582036,582037,1,1
582035,582036,582037,1,1
582035,582036,582037,1,1
582035,582036,582037,1,1
582035,582036,582037,1,1
582035,582036,582038,2,1
582035,582036,582038,2,1
582035,582036,582037,1,1
582035,582036,582038,2,1
582035,582036,582037,1,1
582035,582036,582037,1,1
582035,582036,582037,1,1
582035,582036,582037,1,1
582035,582036,582037,1,1
582035,582036,582037,1,1
582035,582036,582037,1,1
582035,582036,582037,1,1
582035,582036,582038,2,1
582035,582036,582038,2,1
582035,582036,582037,1,1
582035,582036,582038,2,1
582035,582036,582038,2,1
582035,582036,582038,2,1
582035,582036,582038,2,1
582035,582036,582038,2,1
582035,582036,582038,2,1
582035,582036,582038,2,1
582035,582036,582038,2,1
582035,582036,582038,2,1
582035,582036,582038,2,1
582035,582036,582038,2,1
582035,582036,582038,2,1
582035,582036,582038,2,1
582035,582036,582038,2,1
582035,582036,582039,3,1
582035,582036,582039,3,1
581749,581749,582043,294,0
582046,582046,582047,1,0
582046,582046,582047,1,0
582046,582046,582048,2,0
582046,582046,582048,2,0
582046,582046,582048,2,0
582046,582046,582047,1,0
582046,582046,582048,2,0
582046,582046,582048,2,0
582046,582046,582047,1,0
582046,582046,582047,1,0
582046,582046,582048,2,0
582046,582046,582048,2,0
582046,582046,582047,1,0
582046,582046,582048,2,0
582046,582046,582047,1,0
582046,582046,582047,1,0
582046,582046,582048,2,0
582046,582046,582048,2,0
582046,582046,582048,2,0
582046,582046,582048,2,0
582046,582046,582047,1,0
582046,582046,582048,2,0
582046,582046,582048,2,0
582046,582046,582047,1,0
582046,582046,582048,2,0
582046,582046,582048,2,0
582046,582046,582048,2,0
582046,582046,582047,1,0
582046,582046,582048,2,0
582046,582046,582048,2,0
582046,582046,582048,2,0
582046,582046,582047,1,0
582046,582046,582049,3,0
582046,582046,582048,2,0
582046,582046,582049,3,0
582046,582046,582048,2,0
582046,582046,582048,2,0
582046,582046,582048,2,0
582046,582046,582049,3,0
582046,582046,582049,3,0
582046,582046,582048,2,0
582046,582046,582049,3,0
582046,582046,582049,3,0
582046,582046,582049,3,0
582046,582046,582048,2,0
581747,581747,582050,303,0
581748,581748,582050,302,0
581754,581754,582052,298,0
581773,581773,582054,281,0
582055,582056,582057,1,1
582055,582056,582057,1,1
582055,582056,582058,2,1
582055,582056,582057,1,1
582055,582056,582057,1,1
582055,582056,582057,1,1
582055,582056,582058,2,1
582055,582056,582057,1,1
582056,582056,582058,2,0
582055,582056,582057,1,1
582055,582056,582057,1,1
582055,582056,582058,2,1
582055,582056,582058,2,1
582055,582056,582057,1,1
582056,582056,582058,2,0
582055,582056,582057,1,1
582055,582056,582057,1,1
582055,582056,582057,1,1
582056,582056,582057,1,0
582056,582056,582058,2,0
582055,582056,582057,1,1
582055,582056,582057,1,1
582055,582056,582057,1,1
582055,582056,582058,2,1
582056,582056,582058,2,0
582055,582056,582057,1,1
582055,582056,582057,1,1
582055,582056,582057,1,1
582056,582056,582058,2,0
582056,582056,582058,2,0
582055,582056,582057,1,1
582055,582056,582058,2,1
582055,582056,582057,1,1
582055,582056,582058,2,1
582056,582056,582058,2,0
582056,582056,582058,2,0
582055,582056,582057,1,1
582055,582056,582058,2,1
582055,582056,582058,2,1
582056,582056,582058,2,0
582056,582056,582058,2,0
582056,582056,582058,2,0
582056,582056,582058,2,0
582055,582056,582058,2,1
582055,582056,582058,2,1
582055,582056,582059,3,1
582055,582056,582058,2,1
582055,582056,582058,2,1
582055,582056,582058,2,1
582056,582056,582058,2,0
582055,582056,582058,2,1
582055,582056,582058,2,1
582056,582056,582059,3,0
582055,582056,582058,2,1
582055,582056,582058,2,1
582056,582056,582059,3,0
582055,582056,582058,2,1
582055,582056,582058,2,1
582055,582056,582058,2,1
582055,582056,582058,2,1
582055,582056,582058,2,1
582056,582056,582058,2,0
582056,582056,582059,3,0
582056,582058,582060,2,2
582056,582058,582060,2,2
582056,582058,582060,2,2
582056,582058,582060,2,2
582056,582058,582060,2,2
582056,582058,582059,1,2
582056,582058,582059,1,2
582056,582058,582059,1,2
582056,582056,582059,3,0
582056,582058,582060,2,2
582056,582058,582059,1,2
582056,582058,582059,1,2
582056,582058,582059,1,2
582056,582058,582060,2,2
582056,582058,582060,2,2
582056,582058,582060,2,2
582056,582058,582059,1,2
582056,582058,582059,1,2
582056,582058,582059,1,2
582056,582058,582060,2,2
582056,582058,582059,1,2
582056,582058,582060,2,2
582056,582058,582060,2,2
582056,582058,582060,2,2
582056,582058,582060,2,2
582056,582058,582059,1,2
582056,582058,582059,1,2
582056,582058,582059,1,2
582056,582058,582059,1,2
582056,582058,582059,1,2
582056,582058,582059,1,2
582056,582058,582059,1,2
582056,582058,582060,2,2
582056,582058,582059,1,2
582056,582058,582059,1,2
582056,582058,582059,1,2
582056,582058,582060,2,2
582056,582059,582061,2,3
582056,582060,582061,1,4
582056,582060,582061,1,4
582056,582060,582061,1,4
582056,582058,582060,2,2
582056,582059,582061,2,3
582056,582059,582060,1,3
582056,582059,582060,1,3
582056,582058,582061,3,2
582056,582059,582061,2,3
582056,582059,582061,2,3
582056,582059,582061,2,3
582056,582058,582060,2,2
582056,582059,582061,2,3
582056,582059,582061,2,3
582056,582059,582060,1,3
582056,582058,582061,3,2
582056,582059,582061,2,3
582056,582059,582061,2,3
582056,582059,582060,1,3
582056,582059,582061,2,3
582056,582059,582061,2,3
582056,582060,582061,1,4
582056,582059,582061,2,3
582056,582059,582061,2,3
582056,582058,582061,3,2
582056,582059,582060,1,3
582056,582060,582061,1,4
582056,582059,582061,2,3
582056,582059,582061,2,3
582056,582059,582061,2,3
582056,582061,582062,1,5
582056,582060,582062,2,4
582056,582060,582062,2,4
582056,582060,582062,2,4
582056,582060,582062,2,4
582056,582060,582062,2,4
582056,582060,582062,2,4
582056,582060,582062,2,4
582056,582060,582062,2,4
582056,582062,582063,1,6
582056,582060,582062,2,4
582056,582060,582062,2,4
582056,582060,582062,2,4
582056,582062,582063,1,6
582056,582060,582062,2,4
582056,582060,582062,2,4
582056,582060,582063,3,4
582056,582060,582062,2,4
582056,582060,582062,2,4
582056,582060,582062,2,4
582056,582060,582062,2,4
582056,582060,582062,2,4
582056,582060,582062,2,4
582056,582060,582062,2,4
582056,582060,582063,3,4
582056,582062,582063,1,6
582056,582061,582062,1,5
582056,582061,582063,2,5
582056,582061,582062,1,5
582056,582061,582062,1,5
582056,582060,582063,3,4
582056,582060,582063,3,4
582056,582060,582063,3,4
582056,582060,582063,3,4
582056,582062,582063,1,6
582056,582060,582063,3,4
582056,582060,582063,3,4
582056,582062,582063,1,6
582056,582060,582063,3,4
582056,582062,582063,1,6
582056,582060,582063,3,4
582056,582062,582063,1,6
582056,582060,582063,3,4
582056,582060,582063,3,4
582056,582062,582063,1,6
582056,582062,582063,1,6
581748,581748,582069,321,0
582084,582084,582085,1,0
582084,582084,582085,1,0
582084,582084,582085,1,0
582084,582084,582086,2,0
582084,582084,582085,1,0
582084,582084,582085,1,0
582084,582084,582085,1,0
582084,582084,582085,1,0
582084,582084,582086,2,0
582084,582084,582085,1,0
582084,582084,582085,1,0
582084,582084,582085,1,0
582084,582084,582085,1,0
582084,582084,582086,2,0
582084,582084,582085,1,0
582084,582084,582085,1,0
582084,582084,582086,2,0
582084,582084,582085,1,0
582084,582084,582085,1,0
582084,582084,582086,2,0
582084,582084,582085,1,0
582084,582084,582085,1,0
582084,582084,582085,1,0
582084,582084,582085,1,0
582084,582084,582086,2,0
582084,582084,582085,1,0
582084,582084,582086,2,0
582084,582084,582086,2,0
582084,582084,582086,2,0
582084,582084,582086,2,0
582084,582084,582086,2,0
582084,582084,582086,2,0
582084,582084,582086,2,0
582084,582084,582087,3,0
582084,582084,582087,3,0
582084,582084,582086,2,0
582084,582084,582086,2,0
582084,582084,582086,2,0
582084,582084,582086,2,0
582084,582084,582086,2,0
582084,582084,582086,2,0
582084,582084,582088,4,0
582084,582084,582088,4,0
582084,582084,582087,3,0
582084,582084,582088,4,0
581750,581750,582095,345,0
581751,581751,582095,344,0
582100,582100,582102,2,0
582100,582100,582102,2,0
582100,582100,582102,2,0
582100,582100,582102,2,0
582100,582100,582102,2,0
582100,582100,582102,2,0
582100,582100,582102,2,0
582100,582100,582102,2,0
582100,582100,582102,2,0
582100,582100,582102,2,0
582100,582100,582102,2,0
582100,582100,582102,2,0
582100,582100,582102,2,0
582100,582100,582102,2,0
582100,582100,582102,2,0
582100,582100,582102,2,0
582100,582100,582102,2,0
582100,582100,582102,2,0
582100,582100,582102,2,0
582100,582100,582102,2,0
582100,582100,582102,2,0
582100,582100,582102,2,0
582100,582100,582102,2,0
582100,582100,582102,2,0
582100,582100,582102,2,0
582100,582100,582102,2,0
582100,582100,582103,3,0
582100,582100,582103,3,0
582100,582100,582103,3,0
582100,582100,582103,3,0
582100,582100,582103,3,0
582100,582100,582102,2,0
582100,582100,582102,2,0
582100,582100,582103,3,0
582100,582100,582102,2,0
582100,582100,582103,3,0
582100,582100,582103,3,0
582100,582100,582103,3,0
582105,582105,582106,1,0
582105,582105,582106,1,0
582105,582105,582106,1,0
582105,582105,582106,1,0
582105,582105,582106,1,0
582105,582105,582106,1,0
582105,582105,582106,1,0
582105,582105,582106,1,0
582105,582105,582106,1,0
582105,582105,582106,1,0
582105,582105,582106,1,0
582105,582105,582107,2,0
582105,582105,582106,1,0
582105,582105,582106,1,0
582105,582105,582106,1,0
582105,582105,582107,2,0
582105,582105,582106,1,0
582105,582105,582106,1,0
582105,582105,582106,1,0
582105,582105,582107,2,0
582105,582105,582106,1,0
582105,582105,582106,1,0
582105,582105,582106,1,0
582105,582105,582106,1,0
582105,582105,582106,1,0
582105,582105,582107,2,0
582105,582105,582106,1,0
582105,582105,582106,1,0
582105,582105,582106,1,0
582105,582105,582107,2,0
582105,582105,582107,2,0
582105,582105,582107,2,0
582100,582107,582108,1,7
582105,582107,582108,1,2
582105,582105,582107,2,0
582105,582105,582107,2,0
582105,582105,582107,2,0
582105,582105,582107,2,0
582105,582105,582107,2,0
582105,582105,582107,2,0
582105,582105,582107,2,0
582100,582107,582109,2,7
582100,582107,582108,1,7
582100,582107,582108,1,7
582100,582107,582109,2,7
581756,581756,582114,358,0
582115,582115,582116,1,0
582115,582115,582117,2,0
582115,582115,582117,2,0
582115,582115,582117,2,0
582115,582115,582117,2,0
582115,582115,582117,2,0
582115,582115,582117,2,0
582115,582115,582116,1,0
582115,582115,582116,1,0
582115,582115,582116,1,0
582115,582115,582117,2,0
582115,582115,582117,2,0
582115,582115,582117,2,0
582115,582115,582117,2,0
582115,582115,582117,2,0
582115,582115,582116,1,0
582115,582115,582117,2,0
582115,582115,582117,2,0
582115,582115,582117,2,0
582115,582115,582117,2,0
582115,582115,582117,2,0
582115,582115,582117,2,0
582115,582115,582117,2,0
582115,582115,582117,2,0
582115,582115,582117,2,0
582115,582115,582116,1,0
582115,582115,582116,1,0
582115,582115,582117,2,0
582115,582115,582117,2,0
582115,582115,582117,2,0
582115,582116,582117,1,1
582115,582115,582118,3,0
582115,582115,582117,2,0
582115,582115,582118,3,0
582115,582115,582117,2,0
582115,582115,582117,2,0
582115,582115,582118,3,0
582115,582115,582118,3,0
582115,582115,582117,2,0
582115,582115,582118,3,0
582115,582115,582117,2,0
582115,582115,582118,3,0
582115,582115,582117,2,0
582115,582116,582118,2,1
582115,582116,582118,2,1
582100,582100,582103,3,0
582100,582100,582103,3,0
582105,582126,582127,1,21
582105,582126,582127,1,21
582105,582126,582128,2,21
582105,582126,582127,1,21
582105,582126,582128,2,21
581752,581753,582155,402,1
582156,582156,582157,1,0
582156,582156,582157,1,0
582156,582156,582157,1,0
582156,582156,582158,2,0
582156,582156,582157,1,0
582156,582156,582157,1,0
582156,582156,582157,1,0
582156,582156,582158,2,0
582156,582156,582158,2,0
582156,582156,582157,1,0
582156,582156,582157,1,0
582156,582156,582157,1,0
582156,582156,582158,2,0
582156,582156,582157,1,0
582156,582156,582157,1,0
582156,582156,582157,1,0
582156,582156,582157,1,0
582156,582156,582157,1,0
582156,582156,582157,1,0
582156,582156,582157,1,0
582156,582156,582157,1,0
582156,582156,582157,1,0
582156,582156,582157,1,0
582156,582156,582157,1,0
582156,582156,582157,1,0
582156,582156,582157,1,0
582156,582156,582158,2,0
582156,582156,582158,2,0
582156,582156,582158,2,0
582156,582156,582158,2,0
582156,582156,582158,2,0
582156,582156,582159,3,0
582156,582156,582158,2,0
582156,582156,582158,2,0
582156,582156,582159,3,0
582156,582156,582158,2,0
582156,582156,582158,2,0
582156,582156,582159,3,0
582156,582156,582158,2,0
581755,581755,582166,411,0
582167,582168,582169,1,1
582167,582167,582169,2,0
582167,582167,582169,2,0
582167,582167,582169,2,0
582167,582168,582169,1,1
582167,582167,582169,2,0
582167,582167,582169,2,0
582167,582167,582169,2,0
582167,582168,582169,1,1
582167,582167,582169,2,0
582167,582167,582169,2,0
582167,582167,582169,2,0
582167,582168,582169,1,1
582167,582167,582169,2,0
582167,582167,582169,2,0
582167,582167,582169,2,0
582167,582167,582169,2,0
582167,582167,582169,2,0
582167,582168,582169,1,1
582167,582167,582169,2,0
582167,582167,582169,2,0
582167,582167,582169,2,0
582167,582168,582169,1,1
582167,582168,582169,1,1
582167,582168,582169,1,1
582167,582167,582169,2,0
582167,582167,582169,2,0
582167,582168,582169,1,1
582167,582168,582169,1,1
582167,582168,582170,2,1
582167,582168,582170,2,1
582167,582168,582170,2,1
582167,582167,582170,3,0
582167,582167,582170,3,0
582167,582167,582170,3,0
582167,582167,582170,3,0
582167,582167,582171,4,0
582167,582167,582170,3,0
582167,582167,582170,3,0
582167,582167,582170,3,0
582167,582167,582170,3,0
582167,582167,582170,3,0
582167,582167,582170,3,0
582167,582167,582170,3,0
582156,582174,582175,1,18
582156,582174,582175,1,18
582156,582174,582175,1,18
582156,582174,582176,2,18
582156,582174,582176,2,18
582156,582174,582176,2,18
582167,582174,582175,1,7
581758,581758,582188,430,0
582197,582197,582199,2,0
582197,582197,582198,1,0
582197,582197,582199,2,0
582197,582197,582198,1,0
582197,582197,582198,1,0
582197,582197,582198,1,0
582197,582197,582199,2,0
582197,582197,582198,1,0
582197,582197,582199,2,0
582197,582197,582199,2,0
582197,582197,582198,1,0
582197,582197,582198,1,0
582197,582197,582199,2,0
582197,582197,582199,2,0
582197,582197,582198,1,0
582197,582197,582198,1,0
582197,582197,582199,2,0
582197,582197,582199,2,0
582197,582197,582198,1,0
582197,582197,582198,1,0
582197,582197,582199,2,0
582197,582197,582198,1,0
582197,582197,582198,1,0
582197,582197,582199,2,0
582197,582197,582199,2,0
582197,582197,582199,2,0
582197,582197,582200,3,0
582197,582197,582199,2,0
582197,582197,582200,3,0
582197,582197,582199,2,0
582197,582197,582200,3,0
582197,582197,582199,2,0
582197,582197,582200,3,0
582197,582197,582199,2,0
582197,582197,582200,3,0
582197,582197,582199,2,0
582197,582197,582200,3,0
582197,582197,582200,3,0
581762,581762,582210,448,0
582211,582211,582212,1,0
582211,582211,582212,1,0
582211,582211,582213,2,0
582211,582211,582212,1,0
582211,582211,582213,2,0
582211,582211,582212,1,0
582211,582211,582212,1,0
582211,582211,582212,1,0
582211,582211,582213,2,0
582211,582211,582212,1,0
582211,582211,582212,1,0
582211,582211,582212,1,0
582211,582211,582213,2,0
582211,582211,582213,2,0
582211,582211,582212,1,0
582211,582211,582212,1,0
582211,582211,582212,1,0
582211,582211,582213,2,0
582211,582211,582213,2,0
582211,582211,582212,1,0
582211,582211,582212,1,0
582211,582211,582212,1,0
582211,582211,582212,1,0
582211,582211,582212,1,0
582211,582211,582212,1,0
582197,582212,582213,1,15
582211,582211,582214,3,0
582211,582211,582213,2,0
582211,582211,582214,3,0
582211,582211,582213,2,0
582211,582211,582213,2,0
582211,582211,582213,2,0
582211,582211,582214,3,0
582211,582211,582213,2,0
582211,582211,582214,3,0
582211,582211,582213,2,0
582211,582211,582213,2,0
582211,582211,582213,2,0
582211,582211,582213,2,0
582211,582211,582213,2,0
582197,582212,582213,1,15
582197,582212,582213,1,15
582197,582212,582214,2,15
582197,582212,582214,2,15
582197,582212,582213,1,15
582197,582212,582214,2,15
581761,581761,582224,463,0
582226,582226,582227,1,0
582226,582226,582228,2,0
582226,582226,582228,2,0
582226,582226,582228,2,0
582226,582226,582228,2,0
582226,582226,582228,2,0
582226,582226,582228,2,0
582226,582226,582228,2,0
582226,582226,582228,2,0
582226,582226,582228,2,0
582226,582226,582228,2,0
582226,582226,582228,2,0
582226,582226,582228,2,0
582226,582226,582228,2,0
582226,582226,582228,2,0
582226,582226,582228,2,0
582226,582226,582228,2,0
582226,582226,582228,2,0
582226,582226,582228,2,0
582226,582226,582228,2,0
582226,582226,582228,2,0
582226,582226,582228,2,0
582226,582226,582228,2,0
582226,582226,582228,2,0
582226,582226,582228,2,0
582226,582226,582228,2,0
582226,582226,582228,2,0
582226,582226,582228,2,0
582226,582226,582228,2,0
582226,582226,582228,2,0
582226,582226,582228,2,0
582226,582226,582229,3,0
582226,582226,582229,3,0
582226,582226,582229,3,0
582226,582226,582229,3,0
582226,582226,582228,2,0
581769,581769,582229,460,0
582226,582226,582229,3,0
582226,582226,582229,3,0
582226,582226,582228,2,0
582226,582226,582229,3,0
582226,582226,582229,3,0
582226,582226,582229,3,0
582226,582226,582229,3,0
582226,582226,582229,3,0
582226,582226,582230,4,0
582211,582230,582231,1,19
582211,582230,582232,2,19
582211,582230,582232,2,19
582211,582230,582231,1,19
582211,582230,582231,1,19
582231,582231,582232,1,0
582231,582231,582232,1,0
582231,582231,582232,1,0
582231,582231,582233,2,0
582231,582231,582232,1,0
582231,582231,582232,1,0
582231,582231,582233,2,0
582231,582231,582232,1,0
582231,582231,582233,2,0
582231,582231,582232,1,0
582231,582231,582233,2,0
582231,582231,582233,2,0
582231,582231,582233,2,0
582231,582231,582233,2,0
582231,582231,582233,2,0
582231,582231,582232,1,0
582231,582231,582232,1,0
582231,582231,582232,1,0
582231,582231,582232,1,0
582231,582231,582232,1,0
582231,582231,582232,1,0
582231,582231,582233,2,0
582231,582231,582232,1,0
582231,582231,582232,1,0
582231,582231,582232,1,0
582231,582231,582232,1,0
582231,582231,582232,1,0
582231,582231,582232,1,0
582211,582230,582233,3,19
582231,582231,582233,2,0
582231,582231,582234,3,0
582231,582231,582233,2,0
582231,582231,582233,2,0
582231,582231,582233,2,0
582231,582231,582233,2,0
582231,582231,582233,2,0
582231,582231,582234,3,0
582231,582231,582233,2,0
582231,582231,582234,3,0
582231,582231,582233,2,0
582231,582231,582233,2,0
582231,582231,582234,3,0
582231,582231,582233,2,0
582231,582231,582233,2,0
582231,582231,582233,2,0
582231,582231,582233,2,0
581759,581759,582235,476,0
582241,582241,582242,1,0
582241,582241,582243,2,0
582241,582241,582242,1,0
582241,582241,582242,1,0
582241,582241,582243,2,0
582241,582241,582242,1,0
582241,582241,582242,1,0
582241,582241,582243,2,0
582241,582241,582242,1,0
582241,582241,582242,1,0
582241,582241,582243,2,0
582241,582241,582243,2,0
582241,582241,582243,2,0
582241,582241,582242,1,0
582241,582241,582242,1,0
582241,582241,582242,1,0
582241,582241,582243,2,0
582241,582241,582242,1,0
582241,582241,582242,1,0
582241,582241,582242,1,0
582241,582241,582242,1,0
582241,582241,582242,1,0
582241,582241,582242,1,0
582241,582241,582242,1,0
582241,582241,582243,2,0
582241,582241,582242,1,0
582241,582241,582243,2,0
582241,582241,582243,2,0
582241,582241,582243,2,0
582241,582241,582244,3,0
582241,582241,582243,2,0
582241,582241,582244,3,0
582241,582241,582243,2,0
582241,582241,582244,3,0
582241,582241,582243,2,0
582241,582241,582243,2,0
582241,582241,582243,2,0
582241,582241,582243,2,0
581766,581769,582254,485,3
582241,582255,582256,1,14
582241,582255,582256,1,14
582241,582255,582257,2,14
582241,582255,582258,3,14
582241,582256,582257,1,15
582263,582263,582265,2,0
582263,582263,582265,2,0
582263,582263,582265,2,0
582263,582263,582265,2,0
582263,582263,582265,2,0
582263,582263,582265,2,0
582263,582263,582265,2,0
582263,582263,582265,2,0
582263,582263,582265,2,0
582263,582263,582265,2,0
582263,582263,582265,2,0
582263,582263,582265,2,0
582263,582263,582265,2,0
582263,582263,582265,2,0
582263,582263,582265,2,0
582263,582263,582265,2,0
582263,582263,582264,1,0
582263,582263,582265,2,0
582263,582263,582265,2,0
582263,582263,582265,2,0
582263,582263,582265,2,0
582263,582263,582265,2,0
582263,582263,582265,2,0
582263,582263,582265,2,0
582263,582263,582265,2,0
582263,582263,582265,2,0
582263,582263,582265,2,0
582263,582263,582265,2,0
582263,582263,582265,2,0
582263,582263,582266,3,0
582263,582263,582266,3,0
582263,582263,582265,2,0
582263,582263,582266,3,0
582263,582263,582266,3,0
582263,582263,582265,2,0
582263,582263,582266,3,0
582263,582263,582266,3,0
582263,582263,582265,2,0
582263,582263,582266,3,0
582263,582263,582265,2,0
582263,582263,582266,3,0
582263,582263,582266,3,0
582263,582263,582266,3,0
582263,582263,582266,3,0
582263,582275,582276,1,12
581764,581764,582280,516,0
582286,582286,582287,1,0
582286,582286,582287,1,0
582286,582286,582288,2,0
582286,582286,582288,2,0
582286,582286,582287,1,0
582286,582286,582288,2,0
582286,582286,582288,2,0
582286,582286,582288,2,0
582286,582286,582288,2,0
582286,582286,582288,2,0
582286,582286,582288,2,0
582286,582286,582287,1,0
582286,582286,582288,2,0
582286,582286,582287,1,0
582286,582286,582288,2,0
582286,582286,582288,2,0
582286,582286,582288,2,0
582286,582286,582288,2,0
582286,582286,582288,2,0
582286,582286,582288,2,0
582286,582286,582288,2,0
582286,582286,582288,2,0
582286,582286,582288,2,0
582286,582286,582288,2,0
582286,582286,582288,2,0
582286,582286,582288,2,0
582286,582286,582288,2,0
582286,582286,582288,2,0
582286,582286,582288,2,0
582286,582286,582288,2,0
582286,582286,582288,2,0
582286,582286,582289,3,0
582286,582286,582289,3,0
582286,582286,582289,3,0
582286,582286,582288,2,0
582286,582286,582289,3,0
582286,582286,582289,3,0
582286,582286,582289,3,0
582286,582286,582289,3,0
582286,582286,582288,2,0
582286,582304,582305,1,18
582286,582304,582305,1,18
582286,582304,582305,1,18
582286,582304,582306,2,18
582286,582304,582307,3,18
582031,582031,582308,277,0
582047,582047,582311,264,0
582317,582317,582319,2,0
582317,582317,582319,2,0
582317,582317,582319,2,0
582317,582317,582319,2,0
582317,582317,582319,2,0
582317,582317,582319,2,0
582317,582317,582318,1,0
582317,582317,582318,1,0
582317,582317,582319,2,0
582317,582317,582319,2,0
582317,582317,582319,2,0
582317,582317,582319,2,0
582317,582317,582319,2,0
582317,582317,582319,2,0
582317,582317,582318,1,0
582317,582317,582319,2,0
582317,582317,582319,2,0
582317,582317,582319,2,0
582317,582317,582319,2,0
582317,582317,582319,2,0
582317,582317,582319,2,0
582317,582317,582319,2,0
582317,582317,582318,1,0
582317,582317,582319,2,0
582317,582317,582319,2,0
582317,582317,582319,2,0
582317,582317,582319,2,0
582317,582317,582318,1,0
582317,582317,582319,2,0
582317,582317,582318,1,0
582317,582317,582319,2,0
582317,582317,582319,2,0
582317,582317,582319,2,0
582317,582317,582319,2,0
582317,582317,582319,2,0
582317,582317,582318,1,0
582317,582317,582318,1,0
582317,582317,582320,3,0
582317,582317,582319,2,0
582317,582317,582320,3,0
582317,582317,582320,3,0
582317,582317,582319,2,0
582317,582317,582320,3,0
582317,582317,582319,2,0
582317,582317,582319,2,0
582317,582317,582319,2,0
582317,582317,582320,3,0
582317,582317,582319,2,0
582317,582317,582320,3,0
582317,582317,582320,3,0
582317,582317,582320,3,0
582317,582317,582319,2,0
582317,582317,582319,2,0
582317,582317,582320,3,0
582317,582317,582319,2,0
582317,582317,582319,2,0
582317,582317,582319,2,0
582317,582317,582319,2,0
582317,582319,582320,1,2
582317,582319,582320,1,2
582317,582317,582320,3,0
582317,582317,582320,3,0
582317,582319,582321,2,2
582317,582317,582320,3,0
582317,582319,582321,2,2
582317,582319,582321,2,2
582317,582319,582321,2,2
582317,582319,582321,2,2
582317,582319,582321,2,2
582317,582319,582321,2,2
582317,582319,582321,2,2
582317,582319,582321,2,2
582317,582317,582320,3,0
582317,582319,582321,2,2
582317,582319,582321,2,2
582317,582319,582321,2,2
582317,582319,582321,2,2
582317,582319,582321,2,2
582317,582319,582321,2,2
582317,582319,582320,1,2
582317,582319,582321,2,2
582317,582319,582321,2,2
582317,582319,582321,2,2
582317,582319,582321,2,2
582317,582319,582321,2,2
582317,582319,582320,1,2
582317,582319,582322,3,2
582317,582319,582321,2,2
582317,582319,582322,3,2
582317,582319,582322,3,2
582036,582036,582322,286,0
582057,582062,582323,261,5
582329,582329,582331,2,0
582329,582329,582331,2,0
582329,582329,582331,2,0
582329,582329,582331,2,0
582329,582329,582331,2,0
582329,582329,582331,2,0
582329,582329,582331,2,0
582329,582329,582331,2,0
582101,582107,582331,224,6
582329,582329,582331,2,0
582329,582329,582331,2,0
582329,582329,582331,2,0
582329,582329,582331,2,0
582329,582329,582331,2,0
582329,582329,582331,2,0
582329,582329,582331,2,0
582329,582329,582331,2,0
582329,582329,582331,2,0
582329,582329,582331,2,0
582329,582329,582331,2,0
582329,582329,582331,2,0
582329,582329,582331,2,0
582329,582329,582331,2,0
582329,582329,582331,2,0
582329,582329,582331,2,0
582329,582329,582331,2,0
582329,582329,582331,2,0
582329,582329,582331,2,0
582329,582329,582331,2,0
582329,582329,582331,2,0
582329,582329,582332,3,0
582329,582329,582332,3,0
582329,582329,582332,3,0
582329,582329,582332,3,0
582329,582329,582332,3,0
582329,582329,582332,3,0
582329,582329,582331,2,0
582329,582329,582332,3,0
582329,582329,582332,3,0
582329,582329,582331,2,0
582329,582329,582331,2,0
582329,582329,582332,3,0
582329,582329,582332,3,0
582329,582329,582332,3,0
582329,582329,582332,3,0
582329,582329,582333,4,0
582108,582108,582339,231,0
582338,582339,582340,1,1
582338,582339,582340,1,1
582338,582339,582340,1,1
582338,582339,582340,1,1
582338,582339,582341,2,1
582338,582339,582340,1,1
582338,582339,582340,1,1
582338,582339,582340,1,1
582338,582339,582340,1,1
582338,582339,582340,1,1
582338,582339,582340,1,1
582338,582339,582340,1,1
582338,582339,582340,1,1
582338,582339,582341,2,1
582338,582339,582341,2,1
582338,582339,582340,1,1
582338,582339,582340,1,1
582338,582339,582340,1,1
582339,582339,582340,1,0
582338,582339,582340,1,1
582338,582339,582340,1,1
582338,582339,582340,1,1
582339,582339,582341,2,0
582338,582339,582340,1,1
582338,582339,582340,1,1
582339,582339,582341,2,0
582339,582339,582341,2,0
582338,582339,582340,1,1
582338,582339,582340,1,1
582338,582339,582340,1,1
582339,582339,582341,2,0
582339,582339,582341,2,0
582338,582339,582340,1,1
582339,582339,582341,2,0
582339,582339,582341,2,0
582338,582339,582340,1,1
582338,582339,582340,1,1
582339,582339,582341,2,0
582339,582339,582341,2,0
582339,582339,582341,2,0
582339,582339,582342,3,0
582339,582339,582341,2,0
582339,582339,582342,3,0
582339,582339,582342,3,0
582338,582339,582341,2,1
582338,582339,582341,2,1
582338,582339,582341,2,1
582338,582339,582342,3,1
582338,582339,582341,2,1
582339,582339,582341,2,0
582338,582339,582341,2,1
582338,582339,582341,2,1
582338,582339,582342,3,1
582338,582339,582341,2,1
582338,582339,582341,2,1
582338,582339,582341,2,1
582338,582339,582341,2,1
582338,582339,582341,2,1
582338,582339,582341,2,1
582338,582339,582341,2,1
582338,582339,582341,2,1
582339,582339,582342,3,0
582339,582341,582342,1,2
582339,582341,582342,1,2
582339,582340,582342,2,1
582339,582341,582342,1,2
582339,582341,582342,1,2
582339,582341,582342,1,2
582339,582341,582342,1,2
582339,582341,582342,1,2
582339,582341,582343,2,2
582339,582341,582343,2,2
582339,582341,582342,1,2
582339,582341,582343,2,2
582339,582341,582343,2,2
582339,582341,582343,2,2
582339,582341,582342,1,2
582339,582341,582342,1,2
582339,582341,582342,1,2
582339,582341,582343,2,2
582339,582341,582343,2,2
582339,582341,582342,1,2
582339,582341,582342,1,2
582339,582341,582343,2,2
582339,582341,582342,1,2
582339,582341,582342,1,2
582339,582341,582343,2,2
582339,582341,582343,2,2
582339,582341,582343,2,2
582339,582341,582343,2,2
582110,582110,582346,236,0
582359,582359,582360,1,0
582359,582359,582360,1,0
582359,582359,582360,1,0
582359,582359,582360,1,0
582359,582359,582360,1,0
582359,582359,582360,1,0
582359,582359,582360,1,0
582359,582359,582361,2,0
582359,582359,582360,1,0
582359,582359,582360,1,0
582359,582359,582360,1,0
582359,582359,582361,2,0
582359,582359,582360,1,0
582359,582359,582360,1,0
582359,582359,582360,1,0
582359,582359,582360,1,0
582359,582359,582361,2,0
582359,582359,582360,1,0
582359,582359,582360,1,0
582359,582359,582360,1,0
582359,582359,582360,1,0
582359,582359,582360,1,0
582359,582359,582360,1,0
582359,582359,582361,2,0
582359,582359,582360,1,0
582359,582359,582360,1,0
582359,582359,582360,1,0
582359,582359,582361,2,0
582359,582359,582360,1,0
582359,582359,582360,1,0
582359,582359,582361,2,0
582359,582359,582360,1,0
582359,582359,582361,2,0
582359,582359,582361,2,0
582359,582359,582361,2,0
582359,582359,582361,2,0
582359,582359,582361,2,0
582359,582359,582361,2,0
582359,582359,582361,2,0
582359,582359,582361,2,0
582359,582359,582361,2,0
582359,582359,582362,3,0
582359,582359,582362,3,0
582359,582359,582361,2,0
582359,582359,582361,2,0
582106,582106,582362,256,0
582116,582116,582372,256,0
582373,582373,582374,1,0
582373,582373,582374,1,0
582373,582373,582374,1,0
582373,582373,582374,1,0
582373,582373,582374,1,0
582373,582373,582374,1,0
582373,582373,582374,1,0
582373,582373,582374,1,0
582373,582373,582375,2,0
582373,582373,582375,2,0
582373,582374,582375,1,1
582373,582374,582375,1,1
582373,582374,582375,1,1
582373,582374,582375,1,1
582373,582373,582375,2,0
582373,582373,582374,1,0
582373,582373,582374,1,0
582373,582374,582375,1,1
582373,582373,582375,2,0
582373,582373,582375,2,0
582373,582373,582375,2,0
582373,582373,582375,2,0
582373,582373,582375,2,0
582373,582373,582375,2,0
582373,582373,582375,2,0
582373,582373,582375,2,0
582373,582373,582374,1,0
582373,582373,582374,1,0
582373,582373,582375,2,0
582373,582373,582375,2,0
582373,582373,582375,2,0
582373,582373,582375,2,0
582373,582373,582375,2,0
582373,582373,582376,3,0
582373,582373,582375,2,0
582373,582374,582375,1,1
582373,582374,582375,1,1
582373,582373,582375,2,0
582373,582373,582376,3,0
582373,582373,582376,3,0
582373,582374,582375,1,1
582373,582373,582376,3,0
582373,582373,582375,2,0
582373,582373,582375,2,0
582373,582373,582375,2,0
582373,582374,582375,1,1
582373,582374,582376,2,1
582373,582374,582375,1,1
582373,582373,582375,2,0
582373,582373,582375,2,0
582373,582373,582375,2,0
582373,582373,582376,3,0
582373,582374,582377,3,1
582373,582374,582377,3,1
582373,582375,582376,1,2
582373,582375,582376,1,2
582373,582374,582377,3,1
582373,582374,582376,2,1
582373,582374,582376,2,1
582373,582375,582376,1,2
582373,582375,582376,1,2
582373,582375,582376,1,2
582373,582375,582376,1,2
582373,582374,582376,2,1
582373,582375,582377,2,2
582373,582375,582377,2,2
582373,582375,582377,2,2
582373,582375,582377,2,2
582373,582375,582377,2,2
582373,582375,582377,2,2
582373,582375,582377,2,2
582373,582375,582377,2,2
582373,582375,582377,2,2
582373,582375,582377,2,2
582373,582375,582377,2,2
582373,582375,582377,2,2
582373,582375,582377,2,2
582373,582375,582377,2,2
582373,582375,582377,2,2
582373,582375,582376,1,2
582373,582375,582376,1,2
582373,582375,582377,2,2
582373,582375,582377,2,2
582373,582375,582377,2,2
582085,582085,582378,293,0
582373,582386,582387,1,13
582373,582386,582387,1,13
582373,582386,582387,1,13
582373,582386,582387,1,13
582373,582386,582387,1,13
582373,582386,582388,2,13
582392,582393,582394,1,1
582392,582392,582394,2,0
582392,582392,582394,2,0
582392,582392,582394,2,0
582392,582392,582394,2,0
582392,582392,582394,2,0
582392,582392,582394,2,0
582392,582392,582394,2,0
582392,582392,582393,1,0
582392,582392,582394,2,0
582392,582392,582394,2,0
582392,582392,582394,2,0
582392,582392,582394,2,0
582392,582392,582394,2,0
582392,582392,582394,2,0
582392,582392,582394,2,0
582392,582392,582394,2,0
582392,582392,582394,2,0
582392,582392,582394,2,0
582392,582392,582394,2,0
582392,582392,582394,2,0
582392,582392,582394,2,0
582392,582392,582394,2,0
582392,582392,582394,2,0
582392,582392,582394,2,0
582392,582392,582394,2,0
582392,582392,582394,2,0
582392,582393,582394,1,1
582392,582393,582394,1,1
582392,582392,582394,2,0
582392,582392,582395,3,0
582392,582392,582394,2,0
582392,582392,582395,3,0
582392,582392,582394,2,0
582392,582392,582395,3,0
582392,582392,582395,3,0
582392,582392,582395,3,0
582392,582392,582394,2,0
582392,582392,582395,3,0
582392,582393,582395,2,1
582392,582397,582399,2,5
582392,582397,582398,1,5
582392,582397,582398,1,5
582392,582397,582399,2,5
582392,582397,582400,3,5
582402,582402,582404,2,0
582402,582402,582403,1,0
582402,582402,582404,2,0
582402,582402,582404,2,0
582402,582402,582403,1,0
582402,582402,582404,2,0
582402,582402,582404,2,0
582402,582402,582404,2,0
582402,582402,582404,2,0
582402,582402,582403,1,0
582402,582402,582403,1,0
582402,582402,582404,2,0
582402,582402,582404,2,0
582402,582402,582404,2,0
582402,582402,582403,1,0
582402,582402,582404,2,0
582402,582402,582404,2,0
582402,582402,582404,2,0
582402,582402,582403,1,0
582402,582402,582404,2,0
582402,582402,582403,1,0
582402,582402,582404,2,0
582402,582402,582404,2,0
582402,582402,582404,2,0
582402,582402,582404,2,0
582402,582402,582404,2,0
582402,582402,582404,2,0
582402,582402,582404,2,0
582402,582402,582404,2,0
582402,582402,582404,2,0
582402,582402,582404,2,0
582402,582402,582405,3,0
582402,582402,582404,2,0
582402,582402,582404,2,0
582402,582402,582404,2,0
582402,582402,582405,3,0
582402,582402,582405,3,0
582402,582402,582404,2,0
582402,582402,582405,3,0
582402,582419,582420,1,17
582402,582419,582420,1,17
582402,582419,582420,1,17
582402,582419,582420,1,17
582402,582419,582421,2,17
582402,582419,582421,2,17
582157,582157,582423,266,0
582431,582432,582433,1,1
582431,582432,582433,1,1
582431,582432,582433,1,1
582431,582432,582434,2,1
582431,582432,582433,1,1
582431,582432,582433,1,1
582431,582432,582433,1,1
582431,582432,582433,1,1
582431,582432,582433,1,1
582431,582432,582433,1,1
582431,582432,582433,1,1
582431,582432,582433,1,1
582431,582432,582433,1,1
582431,582432,582434,2,1
582431,582432,582433,1,1
582431,582432,582433,1,1
582431,582432,582433,1,1
582431,582432,582433,1,1
582431,582432,582433,1,1
582431,582432,582433,1,1
582431,582432,582433,1,1
582431,582432,582433,1,1
582431,582432,582433,1,1
582431,582432,582433,1,1
582431,582432,582433,1,1
582431,582432,582433,1,1
582431,582432,582433,1,1
582431,582432,582433,1,1
582431,582432,582434,2,1
582431,582432,582434,2,1
582431,582432,582434,2,1
582431,582432,582434,2,1
582431,582432,582434,2,1
582431,582432,582434,2,1
582431,582432,582434,2,1
582431,582432,582435,3,1
582431,582432,582434,2,1
582431,582432,582434,2,1
582431,582432,582434,2,1
582431,582432,582434,2,1
582431,582435,582436,1,4
582431,582435,582436,1,4
582431,582435,582436,1,4
582431,582435,582437,2,4
582431,582435,582437,2,4
582112,582112,582437,325,0
582169,582169,582449,280,0
582448,582449,582450,1,1
582448,582449,582450,1,1
582448,582449,582450,1,1
582448,582449,582450,1,1
582448,582449,582450,1,1
582448,582449,582450,1,1
582448,582449,582450,1,1
582448,582449,582450,1,1
582448,582449,582450,1,1
582448,582449,582450,1,1
582448,582449,582450,1,1
582448,582449,582450,1,1
582448,582449,582451,2,1
582448,582449,582450,1,1
582448,582449,582450,1,1
582448,582449,582450,1,1
582448,582449,582450,1,1
582448,582449,582450,1,1
582448,582449,582450,1,1
582448,582449,582451,2,1
582448,582449,582450,1,1
582448,582449,582451,2,1
582448,582449,582450,1,1
582448,582449,582450,1,1
582448,582449,582450,1,1
582448,582449,582450,1,1
582448,582449,582451,2,1
582448,582449,582450,1,1
582448,582449,582451,2,1
582448,582449,582451,2,1
582448,582449,582451,2,1
582448,582449,582451,2,1
582448,582449,582451,2,1
582448,582449,582451,2,1
582448,582449,582451,2,1
582448,582449,582451,2,1
582448,582449,582451,2,1
582448,582449,582451,2,1
582448,582449,582451,2,1
582448,582449,582451,2,1
582448,582449,582451,2,1
582448,582449,582451,2,1
582448,582449,582451,2,1
582448,582449,582451,2,1
582448,582449,582451,2,1
582451,582451,582452,1,0
582451,582451,582453,2,0
582451,582451,582452,1,0
582451,582451,582452,1,0
582451,582451,582452,1,0
582451,582451,582452,1,0
582451,582451,582452,1,0
582451,582451,582453,2,0
582451,582451,582452,1,0
582451,582451,582452,1,0
582451,582451,582452,1,0
582451,582451,582453,2,0
582451,582451,582452,1,0
582451,582451,582452,1,0
582451,582451,582452,1,0
582451,582451,582453,2,0
582451,582451,582453,2,0
582451,582451,582452,1,0
582451,582451,582452,1,0
582451,582451,582453,2,0
582451,582451,582452,1,0
582451,582451,582452,1,0
582451,582451,582452,1,0
582451,582451,582452,1,0
582451,582451,582452,1,0
582451,582451,582452,1,0
582451,582452,582453,1,1
582451,582451,582453,2,0
582451,582451,582453,2,0
582451,582451,582453,2,0
582451,582452,582453,1,1
582451,582452,582453,1,1
582451,582452,582453,1,1
582451,582452,582453,1,1
582451,582451,582453,2,0
582451,582451,582453,2,0
582451,582451,582454,3,0
582451,582451,582453,2,0
582451,582451,582453,2,0
582451,582451,582453,2,0
582451,582451,582453,2,0
582451,582451,582453,2,0
582451,582451,582453,2,0
582451,582451,582453,2,0
582451,582451,582453,2,0
582212,582212,582469,257,0
582471,582472,582473,1,1
582471,582472,582473,1,1
582471,582472,582473,1,1
582471,582472,582473,1,1
582471,582472,582473,1,1
582471,582472,582473,1,1
582471,582472,582473,1,1
582471,582472,582473,1,1
582471,582472,582473,1,1
582471,582472,582474,2,1
582471,582472,582473,1,1
582471,582472,582473,1,1
582471,582472,582473,1,1
582471,582472,582474,2,1
582471,582472,582473,1,1
582471,582472,582473,1,1
582471,582472,582473,1,1
582471,582472,582474,2,1
582471,582472,582473,1,1
582471,582472,582473,1,1
582471,582472,582473,1,1
582471,582472,582474,2,1
582471,582472,582473,1,1
582471,582472,582474,2,1
582471,582472,582474,2,1
582471,582472,582473,1,1
582471,582472,582473,1,1
582471,582472,582473,1,1
582471,582472,582474,2,1
582471,582472,582473,1,1
582471,582472,582473,1,1
582471,582472,582474,2,1
582471,582472,582474,2,1
582471,582472,582474,2,1
582471,582472,582474,2,1
582471,582472,582474,2,1
582471,582472,582474,2,1
582471,582472,582475,3,1
582471,582472,582474,2,1
582471,582472,582474,2,1
582471,582472,582474,2,1
582471,582472,582474,2,1
582264,582264,582475,211,0
582471,582472,582474,2,1
582476,582476,582478,2,0
582476,582476,582478,2,0
582476,582476,582478,2,0
582476,582476,582477,1,0
582476,582476,582478,2,0
582476,582476,582478,2,0
582476,582476,582477,1,0
582476,582476,582477,1,0
582476,582476,582478,2,0
582476,582476,582478,2,0
582476,582476,582477,1,0
582476,582476,582477,1,0
582476,582476,582477,1,0
582476,582476,582477,1,0
582476,582476,582477,1,0
582476,582476,582477,1,0
582476,582476,582477,1,0
582476,582476,582477,1,0
582476,582476,582477,1,0
582476,582476,582477,1,0
582476,582476,582478,2,0
582476,582476,582478,2,0
582476,582476,582478,2,0
582476,582476,582477,1,0
582476,582476,582477,1,0
582476,582476,582478,2,0
582476,582476,582478,2,0
582476,582476,582478,2,0
582476,582476,582477,1,0
582476,582476,582479,3,0
582476,582476,582478,2,0
582476,582476,582478,2,0
582476,582476,582478,2,0
582476,582476,582478,2,0
582476,582476,582478,2,0
582476,582476,582479,3,0
582476,582476,582478,2,0
582476,582476,582479,3,0
582476,582476,582478,2,0
582476,582476,582478,2,0
582476,582476,582478,2,0
582476,582476,582478,2,0
582476,582476,582479,3,0
582198,582198,582483,285,0
582476,582476,582482,6,0
582471,582472,582484,12,1
582484,582484,582485,1,0
582484,582484,582485,1,0
582484,582485,582486,1,1
582484,582484,582485,1,0
582484,582484,582486,2,0
582484,582484,582486,2,0
582484,582484,582485,1,0
582484,582484,582485,1,0
582484,582484,582486,2,0
582484,582484,582486,2,0
582484,582484,582485,1,0
582484,582484,582485,1,0
582484,582484,582486,2,0
582484,582484,582486,2,0
582484,582484,582485,1,0
582484,582484,582486,2,0
582484,582484,582485,1,0
582484,582484,582486,2,0
582484,582484,582486,2,0
582484,582484,582486,2,0
582484,582484,582486,2,0
582484,582484,582485,1,0
582484,582484,582485,1,0
582484,582484,582486,2,0
582484,582484,582485,1,0
582484,582484,582485,1,0
582484,582484,582486,2,0
582484,582484,582485,1,0
582484,582484,582485,1,0
582484,582485,582486,1,1
582484,582485,582486,1,1
582232,582232,582486,254,0
582484,582484,582487,3,0
582484,582484,582486,2,0
582484,582484,582486,2,0
582484,582484,582487,3,0
582484,582484,582486,2,0
582484,582484,582486,2,0
582484,582484,582486,2,0
582484,582484,582487,3,0
582484,582484,582486,2,0
582484,582484,582486,2,0
582484,582484,582486,2,0
582484,582484,582487,3,0
582484,582485,582487,2,1
582489,582489,582490,1,0
582489,582489,582491,2,0
582489,582489,582491,2,0
582489,582489,582490,1,0
582489,582489,582491,2,0
582489,582489,582491,2,0
582489,582489,582491,2,0
582489,582489,582491,2,0
582489,582489,582491,2,0
582489,582489,582491,2,0
582489,582489,582491,2,0
582489,582489,582491,2,0
582489,582489,582491,2,0
582489,582489,582491,2,0
582489,582489,582491,2,0
582489,582489,582491,2,0
582489,582489,582491,2,0
582489,582489,582491,2,0
582489,582489,582491,2,0
582489,582489,582491,2,0
582489,582489,582491,2,0
582489,582489,582491,2,0
582489,582489,582491,2,0
582489,582489,582491,2,0
582489,582489,582491,2,0
582489,582489,582491,2,0
582489,582489,582491,2,0
582489,582489,582491,2,0
582489,582489,582492,3,0
582489,582489,582491,2,0
582489,582489,582492,3,0
582489,582489,582491,2,0
582489,582489,582492,3,0
582489,582489,582492,3,0
582489,582489,582492,3,0
582489,582489,582492,3,0
582489,582489,582492,3,0
582489,582489,582491,2,0
582489,582489,582492,3,0
582489,582489,582491,2,0
582489,582489,582492,3,0
582489,582489,582491,2,0
582489,582489,582492,3,0
582489,582489,582491,2,0
582471,582472,582492,20,1
582476,582476,582493,17,0
582484,582484,582494,10,0
582227,582227,582507,280,0
582489,582489,582492,3,0
582242,582242,582510,268,0
582510,582511,582512,1,1
582510,582511,582512,1,1
582510,582511,582512,1,1
582510,582511,582512,1,1
582510,582511,582512,1,1
582510,582511,582512,1,1
582510,582511,582512,1,1
582510,582511,582512,1,1
582510,582511,582512,1,1
582510,582511,582512,1,1
582510,582511,582512,1,1
582510,582511,582513,2,1
582510,582511,582512,1,1
582510,582511,582512,1,1
582510,582511,582512,1,1
582510,582511,582512,1,1
582510,582511,582512,1,1
582510,582511,582512,1,1
582510,582511,582512,1,1
582510,582511,582512,1,1
582510,582511,582513,2,1
582510,582511,582512,1,1
582510,582511,582513,2,1
582510,582511,582512,1,1
582510,582511,582512,1,1
582510,582511,582513,2,1
582510,582511,582512,1,1
582510,582511,582513,2,1
582510,582511,582513,2,1
582510,582511,582513,2,1
582510,582511,582513,2,1
582510,582511,582513,2,1
582510,582511,582513,2,1
582510,582511,582513,2,1
582510,582511,582513,2,1
582510,582511,582513,2,1
582510,582511,582513,2,1
582510,582511,582513,2,1
582510,582511,582513,2,1
582510,582511,582513,2,1
582510,582511,582513,2,1
582515,582515,582517,2,0
582515,582515,582517,2,0
582515,582516,582517,1,1
582515,582516,582517,1,1
582515,582515,582517,2,0
582515,582515,582517,2,0
582515,582516,582517,1,1
582515,582515,582517,2,0
582515,582515,582517,2,0
582515,582516,582517,1,1
582515,582515,582517,2,0
582515,582515,582517,2,0
582515,582516,582517,1,1
582515,582516,582517,1,1
582515,582515,582517,2,0
582515,582516,582517,1,1
582515,582516,582517,1,1
582515,582515,582517,2,0
582515,582516,582517,1,1
582515,582516,582517,1,1
582515,582515,582517,2,0
582515,582515,582517,2,0
582515,582516,582517,1,1
582515,582516,582517,1,1
582515,582515,582517,2,0
582515,582515,582517,2,0
582515,582516,582517,1,1
582515,582516,582517,1,1
582515,582516,582517,1,1
582510,582516,582517,1,6
582510,582516,582518,2,6
582510,582516,582517,1,6
582515,582515,582518,3,0
582515,582515,582518,3,0
582515,582516,582518,2,1
582515,582515,582518,3,0
582515,582515,582518,3,0
582515,582515,582518,3,0
582515,582515,582518,3,0
582515,582515,582518,3,0
582515,582516,582518,2,1
582515,582516,582518,2,1
582515,582516,582518,2,1
582515,582515,582518,3,0
582515,582516,582518,2,1
582515,582515,582518,3,0
582510,582516,582519,3,6
582515,582515,582518,3,0
582515,582516,582518,2,1
582287,582287,582545,258,0
582546,582547,582548,1,1
582546,582547,582548,1,1
582546,582547,582548,1,1
582546,582547,582549,2,1
582546,582547,582548,1,1
582546,582547,582548,1,1
582546,582547,582549,2,1
582546,582547,582548,1,1
582546,582547,582548,1,1
582546,582547,582548,1,1
582546,582547,582548,1,1
582546,582547,582548,1,1
582546,582547,582549,2,1
582546,582547,582548,1,1
582546,582547,582548,1,1
582546,582547,582548,1,1
582546,582547,582548,1,1
582546,582547,582548,1,1
582546,582547,582548,1,1
582546,582547,582548,1,1
582546,582547,582548,1,1
582546,582547,582548,1,1
582546,582547,582548,1,1
582546,582547,582548,1,1
582546,582547,582548,1,1
582546,582547,582548,1,1
582546,582547,582548,1,1
582546,582547,582549,2,1
582546,582547,582548,1,1
582546,582547,582549,2,1
582546,582547,582549,2,1
582546,582547,582549,2,1
582546,582547,582549,2,1
582546,582547,582550,3,1
582546,582547,582549,2,1
582546,582547,582549,2,1
582546,582547,582549,2,1
582546,582547,582549,2,1
582546,582547,582549,2,1
582546,582547,582549,2,1
582546,582547,582549,2,1
582546,582547,582549,2,1
582546,582547,582549,2,1
582546,582547,582549,2,1
582546,582547,582550,3,1
582330,582330,582556,226,0
582561,582561,582563,2,0
582561,582561,582563,2,0
582561,582561,582563,2,0
582561,582561,582563,2,0
582561,582561,582563,2,0
582561,582561,582563,2,0
582561,582561,582563,2,0
582561,582561,582563,2,0
582561,582561,582563,2,0
582561,582561,582563,2,0
582561,582561,582563,2,0
582561,582561,582563,2,0
582561,582561,582563,2,0
582561,582561,582563,2,0
582561,582561,582563,2,0
582561,582561,582563,2,0
582561,582561,582563,2,0
582561,582561,582563,2,0
582561,582561,582563,2,0
582561,582561,582563,2,0
582561,582561,582563,2,0
582561,582561,582563,2,0
582561,582561,582564,3,0
582561,582561,582563,2,0
582561,582561,582563,2,0
582561,582561,582564,3,0
582561,582561,582563,2,0
582561,582561,582564,3,0
582561,582561,582563,2,0
582561,582561,582564,3,0
582561,582561,582564,3,0
582561,582561,582564,3,0
582561,582561,582564,3,0
582561,582561,582564,3,0
582561,582561,582564,3,0
582561,582567,582568,1,6
582561,582567,582568,1,6
582561,582567,582568,1,6
582561,582567,582568,1,6
582561,582567,582569,2,6
582561,582567,582569,2,6
582561,582573,582574,1,12
582561,582573,582574,1,12
582561,582573,582575,2,12
582561,582573,582575,2,12
582318,582319,582583,264,1
582586,582587,582588,1,1
582586,582587,582588,1,1
582586,582587,582588,1,1
582586,582587,582588,1,1
582586,582587,582588,1,1
582586,582587,582589,2,1
582586,582587,582588,1,1
582586,582587,582588,1,1
582586,582587,582588,1,1
582586,582587,582588,1,1
582586,582587,582588,1,1
582586,582587,582588,1,1
582586,582587,582588,1,1
582586,582587,582588,1,1
582586,582587,582588,1,1
582586,582587,582588,1,1
582586,582587,582588,1,1
582586,582587,582588,1,1
582586,582587,582589,2,1
582586,582587,582588,1,1
582586,582587,582588,1,1
582586,582587,582588,1,1
582586,582587,582588,1,1
582586,582587,582588,1,1
582586,582587,582588,1,1
582586,582587,582588,1,1
582586,582587,582588,1,1
582586,582587,582589,2,1
582586,582587,582589,2,1
582586,582587,582589,2,1
582586,582587,582589,2,1
582586,582587,582589,2,1
582586,582587,582589,2,1
582586,582587,582589,2,1
582586,582587,582589,2,1
582586,582587,582589,2,1
582586,582587,582589,2,1
582586,582587,582589,2,1
582586,582587,582589,2,1
582586,582587,582589,2,1
582586,582587,582589,2,1
582586,582587,582589,2,1
582586,582587,582589,2,1
582586,582587,582589,2,1
582586,582587,582589,2,1
582340,582341,582597,256,1
582598,582598,582600,2,0
582598,582598,582600,2,0
582598,582598,582600,2,0
582598,582598,582600,2,0
582598,582599,582600,1,1
582598,582598,582600,2,0
582598,582598,582600,2,0
582598,582598,582600,2,0
582598,582598,582600,2,0
582598,582598,582600,2,0
582598,582598,582600,2,0
582598,582598,582599,1,0
582598,582598,582600,2,0
582598,582598,582600,2,0
582598,582598,582600,2,0
582598,582598,582600,2,0
582598,582598,582600,2,0
582598,582598,582600,2,0
582598,582598,582600,2,0
582598,582598,582600,2,0
582598,582598,582600,2,0
582598,582598,582600,2,0
582598,582598,582600,2,0
582598,582598,582600,2,0
582598,582598,582600,2,0
582598,582598,582600,2,0
582598,582598,582600,2,0
582598,582598,582600,2,0
582598,582598,582600,2,0
582598,582598,582600,2,0
582598,582598,582601,3,0
582598,582598,582601,3,0
582598,582599,582601,2,1
582598,582599,582601,2,1
582598,582599,582600,1,1
582598,582598,582601,3,0
582598,582598,582601,3,0
582598,582598,582601,3,0
582598,582598,582601,3,0
582598,582598,582601,3,0
582598,582598,582601,3,0
582598,582598,582600,2,0
582598,582598,582601,3,0
582598,582598,582600,2,0
582598,582598,582601,3,0
582320,582320,582613,293,0
582615,582615,582616,1,0
582615,582615,582616,1,0
582615,582615,582617,2,0
582615,582615,582617,2,0
582615,582615,582617,2,0
582615,582615,582616,1,0
582615,582615,582616,1,0
582615,582615,582617,2,0
582615,582615,582617,2,0
582615,582615,582617,2,0
582615,582615,582617,2,0
582615,582615,582617,2,0
582615,582615,582617,2,0
582615,582615,582617,2,0
582615,582615,582617,2,0
582615,582615,582617,2,0
582615,582615,582617,2,0
582615,582615,582617,2,0
582615,582615,582617,2,0
582615,582615,582616,1,0
582615,582615,582617,2,0
582615,582615,582617,2,0
582615,582615,582617,2,0
582615,582615,582617,2,0
582615,582615,582617,2,0
582615,582615,582617,2,0
582615,582615,582617,2,0
582615,582615,582618,3,0
582615,582615,582617,2,0
582615,582615,582617,2,0
582615,582615,582618,3,0
582615,582615,582618,3,0
582615,582615,582617,2,0
582615,582615,582618,3,0
582615,582615,582617,2,0
582615,582615,582618,3,0
582615,582615,582617,2,0
582615,582615,582617,2,0
582615,582615,582618,3,0
582615,582615,582617,2,0
582615,582615,582618,3,0
582615,582615,582618,3,0
582615,582615,582617,2,0
582615,582615,582618,3,0
582615,582615,582618,3,0
582360,582360,582622,262,0
582634,582634,582636,2,0
582634,582634,582636,2,0
582634,582634,582636,2,0
582634,582634,582636,2,0
582634,582635,582636,1,1
582634,582635,582636,1,1
582634,582634,582636,2,0
582634,582634,582636,2,0
582634,582634,582636,2,0
582634,582634,582635,1,0
582634,582634,582635,1,0
582634,582634,582636,2,0
582634,582634,582636,2,0
582634,582634,582636,2,0
582634,582634,582636,2,0
582634,582634,582636,2,0
582634,582634,582636,2,0
582634,582634,582636,2,0
582634,582634,582636,2,0
582634,582634,582636,2,0
582634,582634,582636,2,0
582634,582634,582636,2,0
582634,582634,582636,2,0
582634,582634,582636,2,0
582634,582634,582636,2,0
582634,582634,582636,2,0
582634,582635,582636,1,1
582634,582635,582636,1,1
582634,582635,582637,2,1
582634,582635,582636,1,1
582634,582635,582636,1,1
582634,582634,582637,3,0
582634,582634,582637,3,0
582634,582634,582637,3,0
582634,582635,582637,2,1
582634,582634,582637,3,0
582634,582634,582636,2,0
582634,582634,582637,3,0
582634,582634,582636,2,0
582634,582634,582637,3,0
582634,582634,582637,3,0
582634,582634,582637,3,0
582634,582634,582637,3,0
582634,582634,582637,3,0
582634,582635,582637,2,1
582393,582393,582647,254,0
582648,582648,582650,2,0
582648,582648,582650,2,0
582648,582648,582650,2,0
582648,582648,582650,2,0
582648,582648,582650,2,0
582648,582648,582650,2,0
582648,582648,582650,2,0
582648,582648,582650,2,0
582648,582648,582650,2,0
582648,582648,582650,2,0
582648,582648,582649,1,0
582648,582648,582650,2,0
582648,582648,582650,2,0
582648,582648,582650,2,0
582648,582648,582650,2,0
582648,582648,582650,2,0
582648,582648,582650,2,0
582648,582648,582650,2,0
582648,582648,582649,1,0
582648,582648,582650,2,0
582648,582648,582650,2,0
582648,582648,582650,2,0
582648,582648,582650,2,0
582648,582648,582650,2,0
582648,582648,582650,2,0
582648,582648,582650,2,0
582648,582648,582650,2,0
582648,582648,582650,2,0
582648,582648,582650,2,0
582648,582648,582650,2,0
582648,582648,582651,3,0
582648,582648,582651,3,0
582648,582648,582651,3,0
582648,582648,582651,3,0
582648,582648,582651,3,0
582648,582648,582651,3,0
582648,582648,582651,3,0
582648,582648,582651,3,0
582648,582648,582650,2,0
582648,582648,582651,3,0
582648,582648,582650,2,0
582648,582648,582651,3,0
582648,582648,582650,2,0
582648,582648,582651,3,0
582648,582648,582650,2,0
582416,582416,582667,251,0
582669,582669,582671,2,0
582669,582669,582671,2,0
582669,582669,582671,2,0
582669,582669,582671,2,0
582669,582669,582671,2,0
582669,582669,582671,2,0
582669,582669,582671,2,0
582669,582669,582671,2,0
582669,582669,582671,2,0
582669,582669,582671,2,0
582669,582669,582671,2,0
582669,582669,582671,2,0
582669,582669,582671,2,0
582669,582669,582671,2,0
582669,582669,582671,2,0
582669,582669,582671,2,0
582669,582669,582671,2,0
582669,582669,582671,2,0
582669,582669,582671,2,0
582669,582669,582671,2,0
582669,582669,582671,2,0
582669,582669,582671,2,0
582669,582669,582671,2,0
582669,582669,582671,2,0
582669,582669,582671,2,0
582669,582669,582671,2,0
582669,582669,582671,2,0
582669,582669,582672,3,0
582669,582669,582672,3,0
582669,582669,582672,3,0
582669,582669,582672,3,0
582669,582669,582671,2,0
582669,582669,582671,2,0
582669,582669,582672,3,0
582669,582669,582671,2,0
582669,582669,582672,3,0
582669,582669,582672,3,0
582669,582669,582671,2,0
582669,582669,582672,3,0
582374,582375,582672,297,1
582403,582403,582674,271,0
582675,582675,582677,2,0
582675,582675,582677,2,0
582675,582675,582677,2,0
582675,582675,582677,2,0
582675,582675,582676,1,0
582675,582675,582677,2,0
582675,582675,582676,1,0
582675,582675,582676,1,0
582675,582675,582677,2,0
582675,582675,582677,2,0
582675,582675,582677,2,0
582675,582675,582677,2,0
582675,582675,582677,2,0
582675,582675,582677,2,0
582675,582675,582677,2,0
582675,582675,582677,2,0
582675,582675,582677,2,0
582675,582675,582677,2,0
582675,582675,582677,2,0
582675,582675,582677,2,0
582675,582675,582677,2,0
582675,582675,582677,2,0
582675,582675,582677,2,0
582675,582675,582677,2,0
582675,582675,582677,2,0
582675,582675,582677,2,0
582675,582675,582678,3,0
582675,582675,582678,3,0
582675,582675,582678,3,0
582675,582675,582678,3,0
582675,582675,582678,3,0
582675,582675,582678,3,0
582675,582675,582678,3,0
582675,582675,582677,2,0
582675,582675,582678,3,0
582675,582675,582678,3,0
582675,582675,582678,3,0
582675,582675,582678,3,0
582675,582675,582678,3,0
582677,582678,582679,1,1
582677,582678,582679,1,1
582677,582678,582679,1,1
582677,582678,582679,1,1
582677,582678,582679,1,1
582677,582677,582679,2,0
582677,582677,582679,2,0
582677,582677,582679,2,0
582677,582677,582679,2,0
582677,582677,582679,2,0
582677,582678,582679,1,1
582677,582679,582680,1,2
582677,582679,582680,1,2
582677,582678,582679,1,1
582677,582678,582679,1,1
582677,582678,582679,1,1
582677,582677,582679,2,0
582677,582678,582679,1,1
582677,582678,582679,1,1
582677,582678,582679,1,1
582677,582677,582679,2,0
582677,582677,582679,2,0
582677,582678,582680,2,1
582677,582678,582679,1,1
582677,582678,582679,1,1
582677,582677,582680,3,0
582677,582677,582680,3,0
582677,582677,582680,3,0
582677,582679,582680,1,2
582677,582677,582680,3,0
582677,582677,582680,3,0
582677,582679,582680,1,2
582677,582677,582680,3,0
582677,582678,582680,2,1
582677,582678,582680,2,1
582677,582679,582680,1,2
582677,582679,582680,1,2
582677,582678,582680,2,1
582677,582678,582680,2,1
582677,582679,582680,1,2
582677,582677,582680,3,0
582677,582678,582680,2,1
582677,582677,582680,3,0
582669,582680,582681,1,11
582669,582680,582681,1,11
582669,582680,582681,1,11
582669,582680,582681,1,11
582669,582680,582682,2,11
582669,582680,582682,2,11
582414,582414,582683,269,0
582675,582686,582687,1,11
582675,582686,582687,1,11
582675,582686,582687,1,11
582675,582686,582688,2,11
582675,582686,582688,2,11
582675,582686,582687,1,11
582690,582690,582691,1,0
582690,582690,582691,1,0
582690,582690,582692,2,0
582690,582690,582691,1,0
582690,582690,582691,1,0
582690,582690,582692,2,0
582690,582690,582692,2,0
582690,582690,582692,2,0
582690,582690,582691,1,0
582690,582690,582692,2,0
582690,582690,582691,1,0
582690,582690,582692,2,0
582690,582690,582691,1,0
582690,582690,582692,2,0
582690,582690,582692,2,0
582690,582690,582691,1,0
582690,582690,582691,1,0
582690,582690,582692,2,0
582690,582690,582692,2,0
582690,582690,582691,1,0
582690,582690,582691,1,0
582690,582690,582692,2,0
582690,582690,582691,1,0
582690,582690,582691,1,0
582690,582690,582691,1,0
582690,582690,582691,1,0
582690,582690,582692,2,0
582690,582690,582691,1,0
582690,582690,582692,2,0
582690,582690,582693,3,0
582690,582690,582692,2,0
582690,582690,582692,2,0
582690,582690,582692,2,0
582690,582690,582693,3,0
582690,582690,582692,2,0
582690,582690,582693,3,0
582690,582690,582693,3,0
582690,582690,582693,3,0
582690,582690,582693,3,0
582690,582704,582705,1,14
582690,582704,582705,1,14
582690,582704,582705,1,14
582690,582704,582705,1,14
582690,582704,582706,2,14
582450,582450,582710,260,0
582720,582720,582722,2,0
582720,582720,582721,1,0
582433,582433,582722,289,0
582720,582720,582722,2,0
582720,582720,582721,1,0
582720,582720,582721,1,0
582720,582720,582721,1,0
582720,582720,582721,1,0
582720,582720,582722,2,0
582720,582720,582721,1,0
582720,582720,582721,1,0
582720,582720,582721,1,0
582720,582720,582721,1,0
582720,582720,582722,2,0
582720,582720,582722,2,0
582720,582720,582722,2,0
582720,582720,582722,2,0
582720,582720,582722,2,0
582720,582720,582722,2,0
582720,582720,582722,2,0
582720,582720,582722,2,0
582720,582720,582722,2,0
582720,582720,582722,2,0
582720,582720,582721,1,0
582720,582720,582721,1,0
582720,582720,582722,2,0
582720,582720,582721,1,0
582720,582720,582722,2,0
582720,582720,582723,3,0
582720,582720,582722,2,0
582720,582720,582722,2,0
582720,582720,582722,2,0
582720,582720,582722,2,0
582720,582720,582723,3,0
582720,582720,582722,2,0
582720,582720,582722,2,0
582720,582720,582723,3,0
582720,582720,582722,2,0
582720,582720,582722,2,0
582720,582720,582723,3,0
582724,582724,582726,2,0
582724,582724,582726,2,0
582724,582724,582726,2,0
582724,582724,582726,2,0
582724,582724,582726,2,0
582724,582724,582726,2,0
582724,582724,582726,2,0
582724,582724,582726,2,0
582724,582724,582726,2,0
582724,582724,582726,2,0
582724,582724,582726,2,0
582724,582724,582726,2,0
582724,582724,582726,2,0
582724,582724,582726,2,0
582724,582724,582726,2,0
582724,582724,582726,2,0
582724,582724,582726,2,0
582724,582724,582726,2,0
582724,582724,582726,2,0
582724,582724,582726,2,0
582724,582724,582726,2,0
582724,582724,582726,2,0
582724,582724,582726,2,0
582724,582724,582726,2,0
582724,582724,582726,2,0
582724,582724,582726,2,0
582724,582724,582726,2,0
582724,582724,582726,2,0
582724,582724,582726,2,0
582724,582724,582726,2,0
582724,582724,582726,2,0
582724,582724,582727,3,0
582724,582724,582727,3,0
582724,582724,582727,3,0
582724,582724,582726,2,0
582724,582724,582727,3,0
582724,582724,582727,3,0
582724,582724,582726,2,0
582724,582724,582727,3,0
582724,582724,582727,3,0
582724,582724,582727,3,0
582724,582724,582727,3,0
582724,582724,582727,3,0
582724,582724,582726,2,0
582724,582724,582727,3,0
582720,582733,582734,1,13
582720,582733,582734,1,13
582720,582733,582735,2,13
582720,582733,582735,2,13
582720,582733,582734,1,13
582720,582733,582735,2,13
582452,582452,582736,284,0
582473,582473,582740,267,0
582485,582486,582743,257,1
582746,582746,582748,2,0
582746,582746,582748,2,0
582746,582746,582748,2,0
582746,582746,582747,1,0
582746,582746,582747,1,0
582746,582746,582748,2,0
582746,582746,582748,2,0
582746,582746,582748,2,0
582746,582746,582748,2,0
582746,582746,582748,2,0
582746,582746,582748,2,0
582746,582746,582748,2,0
582746,582746,582748,2,0
582746,582746,582748,2,0
582746,582746,582748,2,0
582746,582746,582748,2,0
582746,582746,582748,2,0
582746,582746,582748,2,0
582746,582746,582748,2,0
582746,582746,582748,2,0
582746,582746,582748,2,0
582746,582746,582748,2,0
582746,582746,582748,2,0
582746,582746,582748,2,0
582746,582746,582748,2,0
582746,582746,582748,2,0
582746,582746,582748,2,0
582746,582746,582748,2,0
582746,582746,582748,2,0
582746,582746,582748,2,0
582746,582746,582748,2,0
582746,582746,582748,2,0
582746,582746,582748,2,0
582746,582746,582748,2,0
582746,582746,582748,2,0
582746,582746,582748,2,0
582746,582746,582748,2,0
582746,582746,582748,2,0
582746,582746,582748,2,0
582746,582746,582748,2,0
582746,582746,582748,2,0
582746,582746,582748,2,0
582746,582746,582748,2,0
582746,582746,582748,2,0
582746,582746,582749,3,0
582746,582746,582749,3,0
582746,582746,582748,2,0
582746,582746,582748,2,0
582746,582746,582749,3,0
582746,582746,582749,3,0
582746,582746,582749,3,0
582746,582747,582749,2,1
582746,582746,582749,3,0
582746,582746,582749,3,0
582746,582746,582749,3,0
582746,582746,582749,3,0
582746,582748,582750,2,2
582746,582748,582750,2,2
582746,582748,582750,2,2
582746,582749,582750,1,3
582746,582748,582750,2,2
582746,582748,582750,2,2
582746,582749,582750,1,3
582746,582749,582750,1,3
582746,582749,582750,1,3
582746,582746,582750,4,0
582746,582749,582750,1,3
582746,582746,582750,4,0
582746,582749,582750,1,3
582746,582749,582750,1,3
582746,582749,582750,1,3
582746,582749,582750,1,3
582746,582749,582750,1,3
582746,582749,582750,1,3
582746,582749,582750,1,3
582746,582749,582750,1,3
582746,582749,582750,1,3
582746,582749,582750,1,3
582746,582749,582750,1,3
582746,582748,582751,3,2
582746,582748,582751,3,2
582746,582748,582751,3,2
582746,582748,582751,3,2
582746,582748,582751,3,2
582746,582749,582751,2,3
582477,582477,582752,275,0
582746,582751,582752,1,5
582746,582751,582752,1,5
582746,582751,582752,1,5
582746,582751,582753,2,5
582517,582517,582754,237,0
582746,582751,582753,2,5
582491,582491,582756,265,0
582512,582512,582762,250,0
582765,582765,582766,1,0
582765,582765,582766,1,0
582765,582765,582767,2,0
582765,582765,582766,1,0
582765,582765,582766,1,0
582765,582765,582766,1,0
582765,582765,582766,1,0
582765,582765,582766,1,0
582765,582765,582767,2,0
582765,582765,582766,1,0
582765,582765,582766,1,0
582765,582765,582766,1,0
582765,582765,582766,1,0
582765,582765,582767,2,0
582765,582765,582767,2,0
582765,582765,582766,1,0
582765,582765,582766,1,0
582765,582765,582767,2,0
582765,582765,582767,2,0
582765,582765,582766,1,0
582765,582765,582766,1,0
582765,582765,582767,2,0
582765,582765,582766,1,0
582765,582765,582767,2,0
582765,582765,582766,1,0
582765,582765,582766,1,0
582765,582765,582767,2,0
582765,582765,582766,1,0
582765,582765,582766,1,0
582765,582765,582767,2,0
582765,582765,582767,2,0
582765,582765,582767,2,0
582765,582765,582767,2,0
582765,582765,582767,2,0
582765,582765,582767,2,0
582765,582765,582767,2,0
582765,582765,582767,2,0
582765,582765,582767,2,0
582765,582765,582768,3,0
582765,582765,582767,2,0
582765,582765,582767,2,0
582765,582765,582767,2,0
582765,582765,582767,2,0
582765,582765,582767,2,0
582765,582765,582768,3,0
582765,582765,582767,2,0
582765,582765,582767,2,0
582765,582765,582768,3,0
582765,582765,582768,3,0
582765,582765,582767,2,0
582765,582765,582767,2,0
582765,582765,582768,3,0
582765,582765,582768,3,0
582765,582765,582767,2,0
582765,582765,582768,3,0
582765,582765,582768,3,0
582765,582767,582769,2,2
582765,582767,582769,2,2
582765,582767,582769,2,2
582765,582767,582769,2,2
582765,582767,582769,2,2
582765,582767,582768,1,2
582765,582767,582768,1,2
582765,582767,582769,2,2
582765,582767,582768,1,2
582765,582767,582768,1,2
582765,582767,582768,1,2
582765,582767,582768,1,2
582765,582767,582768,1,2
582765,582767,582769,2,2
582765,582767,582768,1,2
582765,582767,582768,1,2
582765,582767,582768,1,2
582765,582767,582769,2,2
582765,582767,582768,1,2
582765,582767,582768,1,2
582765,582767,582768,1,2
582765,582767,582768,1,2
582765,582767,582768,1,2
582765,582767,582769,2,2
582765,582767,582769,2,2
582765,582767,582769,2,2
582765,582767,582769,2,2
582765,582767,582769,2,2
582765,582767,582769,2,2
582765,582768,582770,2,3
582765,582768,582770,2,3
582765,582768,582770,2,3
582765,582768,582770,2,3
582765,582767,582770,3,2
582765,582768,582770,2,3
582765,582768,582770,2,3
582765,582767,582769,2,2
582765,582767,582770,3,2
582765,582769,582770,1,4
582765,582769,582770,1,4
582765,582769,582770,1,4
582765,582768,582770,2,3
582765,582769,582770,1,4
582765,582767,582770,3,2
582765,582768,582770,2,3
582765,582768,582770,2,3
582765,582769,582770,1,4
582765,582768,582770,2,3
582765,582768,582770,2,3
582765,582769,582770,1,4
582765,582767,582769,2,2
582765,582768,582770,2,3
582765,582769,582770,1,4
582765,582769,582770,1,4
582765,582769,582770,1,4
582765,582769,582771,2,4
582765,582767,582770,3,2
582765,582769,582770,1,4
582765,582768,582771,3,3
582765,582768,582771,3,3
582765,582768,582771,3,3
582765,582769,582771,2,4
582765,582768,582771,3,3
582765,582768,582771,3,3
582765,582769,582771,2,4
582765,582769,582771,2,4
582765,582767,582771,4,2
582765,582768,582771,3,3
582562,582562,582780,218,0
582765,582780,582781,1,15
582765,582780,582781,1,15
582765,582780,582781,1,15
582765,582780,582781,1,15
582785,582785,582787,2,0
582785,582785,582786,1,0
582785,582785,582787,2,0
582785,582785,582787,2,0
582785,582785,582787,2,0
582785,582785,582787,2,0
582785,582785,582786,1,0
582785,582785,582787,2,0
582785,582785,582787,2,0
582785,582785,582787,2,0
582785,582786,582787,1,1
582785,582785,582787,2,0
582785,582785,582786,1,0
582785,582785,582787,2,0
582785,582785,582787,2,0
582785,582786,582787,1,1
582785,582785,582787,2,0
582785,582785,582787,2,0
582785,582785,582787,2,0
582785,582785,582787,2,0
582785,582786,582787,1,1
582785,582785,582787,2,0
582785,582785,582787,2,0
582785,582785,582786,1,0
582785,582786,582787,1,1
582785,582786,582787,1,1
582785,582785,582787,2,0
582785,582785,582786,1,0
582785,582785,582786,1,0
582785,582786,582787,1,1
582785,582785,582787,2,0
582785,582785,582788,3,0
582785,582785,582787,2,0
582785,582785,582787,2,0
582785,582785,582787,2,0
582785,582785,582787,2,0
582785,582785,582787,2,0
582785,582785,582787,2,0
582785,582786,582787,1,1
582785,582785,582787,2,0
582785,582785,582788,3,0
582785,582785,582787,2,0
582785,582785,582787,2,0
582785,582786,582787,1,1
582785,582785,582787,2,0
582785,582785,582788,3,0
582785,582785,582787,2,0
582785,582785,582787,2,0
582785,582786,582787,1,1
582785,582786,582787,1,1
582765,582787,582788,1,22
582765,582787,582788,1,22
582765,582787,582788,1,22
582785,582785,582787,2,0
582785,582785,582788,3,0
582785,582786,582788,2,1
582785,582785,582788,3,0
582785,582785,582788,3,0
582785,582785,582788,3,0
582785,582786,582788,2,1
582785,582785,582788,3,0
582785,582786,582788,2,1
582785,582787,582789,2,2
582785,582786,582788,2,1
582785,582786,582788,2,1
582765,582787,582788,1,22
582785,582787,582789,2,2
582785,582787,582789,2,2
582785,582787,582789,2,2
582785,582787,582789,2,2
582785,582788,582789,1,3
582785,582788,582789,1,3
582785,582788,582789,1,3
582785,582788,582789,1,3
582785,582788,582789,1,3
582785,582788,582789,1,3
582785,582788,582789,1,3
582785,582788,582789,1,3
582785,582788,582789,1,3
582785,582788,582789,1,3
582785,582788,582789,1,3
582785,582788,582789,1,3
582785,582788,582789,1,3
582785,582788,582790,2,3
582785,582788,582790,2,3
582785,582788,582789,1,3
582785,582788,582789,1,3
582785,582788,582789,1,3
582785,582788,582790,2,3
582785,582788,582789,1,3
582785,582788,582789,1,3
582785,582788,582789,1,3
582785,582788,582789,1,3
582765,582787,582789,2,22
582785,582787,582790,3,2
582808,582808,582810,2,0
582808,582808,582810,2,0
582808,582808,582809,1,0
582808,582808,582810,2,0
582808,582808,582810,2,0
582808,582808,582810,2,0
582808,582808,582810,2,0
582808,582808,582810,2,0
582808,582808,582810,2,0
582808,582808,582810,2,0
582808,582808,582810,2,0
582808,582808,582809,1,0
582808,582808,582810,2,0
582808,582808,582809,1,0
582808,582808,582809,1,0
582808,582808,582810,2,0
582808,582808,582810,2,0
582808,582808,582810,2,0
582808,582808,582810,2,0
582808,582808,582810,2,0
582808,582808,582810,2,0
582808,582808,582809,1,0
582808,582808,582810,2,0
582808,582808,582810,2,0
582808,582808,582810,2,0
582808,582808,582809,1,0
582808,582808,582810,2,0
582808,582808,582810,2,0
582808,582808,582810,2,0
582808,582808,582810,2,0
582808,582808,582809,1,0
582808,582808,582810,2,0
582808,582808,582810,2,0
582808,582808,582810,2,0
582808,582808,582811,3,0
582808,582808,582811,3,0
582808,582808,582810,2,0
582808,582808,582811,3,0
582808,582808,582811,3,0
582808,582808,582811,3,0
582808,582808,582811,3,0
582808,582808,582810,2,0
582808,582808,582810,2,0
582808,582808,582810,2,0
582808,582808,582810,2,0
582548,582548,582826,278,0
582827,582827,582828,1,0
582827,582827,582828,1,0
582827,582827,582829,2,0
582827,582827,582828,1,0
582827,582827,582829,2,0
582827,582827,582829,2,0
582827,582827,582828,1,0
582827,582827,582829,2,0
582827,582827,582828,1,0
582827,582827,582828,1,0
582827,582827,582828,1,0
582827,582827,582829,2,0
582827,582827,582828,1,0
582827,582827,582828,1,0
582827,582827,582828,1,0
582827,582827,582828,1,0
582827,582827,582828,1,0
582827,582827,582828,1,0
582827,582827,582829,2,0
582827,582827,582828,1,0
582827,582827,582829,2,0
582827,582827,582828,1,0
582827,582827,582828,1,0
582827,582827,582828,1,0
582827,582827,582828,1,0
582827,582827,582829,2,0
582827,582827,582829,2,0
582827,582827,582829,2,0
582827,582827,582829,2,0
582827,582827,582830,3,0
582827,582827,582829,2,0
582827,582827,582829,2,0
582827,582827,582829,2,0
582827,582827,582829,2,0
582827,582827,582830,3,0
582827,582827,582829,2,0
582827,582827,582830,3,0
582827,582827,582829,2,0
582827,582827,582830,3,0
582827,582831,582833,2,4
582827,582831,582832,1,4
582827,582831,582833,2,4
582588,582588,582836,248,0
582837,582837,582838,1,0
582837,582837,582838,1,0
582837,582837,582839,2,0
582837,582837,582838,1,0
582837,582837,582838,1,0
582837,582837,582839,2,0
582837,582837,582838,1,0
582837,582837,582838,1,0
582837,582837,582839,2,0
582837,582837,582838,1,0
582837,582837,582838,1,0
582837,582837,582838,1,0
582837,582837,582839,2,0
582837,582837,582839,2,0
582837,582837,582838,1,0
582837,582837,582839,2,0
582837,582837,582839,2,0
582837,582837,582838,1,0
582837,582837,582838,1,0
582837,582837,582838,1,0
582837,582837,582838,1,0
582837,582837,582838,1,0
582837,582837,582839,2,0
582837,582837,582838,1,0
582837,582837,582839,2,0
582837,582837,582838,1,0
582837,582837,582838,1,0
582837,582837,582839,2,0
582837,582837,582839,2,0
582837,582837,582840,3,0
582837,582837,582839,2,0
582837,582837,582839,2,0
582837,582837,582839,2,0
582837,582837,582839,2,0
582837,582837,582839,2,0
582837,582837,582839,2,0
582837,582837,582839,2,0
582837,582837,582839,2,0
582837,582837,582840,3,0
582837,582837,582839,2,0
582837,582837,582839,2,0
582837,582837,582840,3,0
582837,582837,582840,3,0
582827,582843,582844,1,16
582827,582843,582844,1,16
582837,582843,582845,2,6
582837,582843,582844,1,6
582827,582843,582845,2,16
582599,582600,582854,254,1
582617,582617,582856,239,0
582860,582860,582862,2,0
582860,582860,582862,2,0
582860,582860,582862,2,0
582860,582861,582862,1,1
582860,582861,582862,1,1
582860,582860,582861,1,0
582860,582860,582862,2,0
582860,582860,582862,2,0
582860,582860,582861,1,0
582860,582861,582862,1,1
582860,582861,582862,1,1
582860,582860,582861,1,0
582860,582860,582861,1,0
582860,582860,582862,2,0
582860,582860,582861,1,0
582860,582860,582861,1,0
582860,582860,582861,1,0
582860,582860,582861,1,0
582860,582860,582862,2,0
582860,582860,582861,1,0
582860,582860,582861,1,0
582860,582860,582862,2,0
582860,582860,582862,2,0
582860,582860,582861,1,0
582860,582860,582863,3,0
582860,582860,582863,3,0
582860,582861,582863,2,1
582860,582861,582862,1,1
582860,582860,582862,2,0
582860,582860,582862,2,0
582860,582860,582862,2,0
582860,582860,582862,2,0
582860,582861,582863,2,1
582860,582861,582863,2,1
582860,582860,582863,3,0
582860,582860,582862,2,0
582860,582860,582862,2,0
582860,582860,582863,3,0
582860,582860,582863,3,0
582860,582860,582863,3,0
582860,582860,582863,3,0
582860,582860,582863,3,0
582860,582860,582864,4,0
582860,582861,582864,3,1
582860,582860,582864,4,0
582870,582871,582872,1,1
582870,582870,582872,2,0
582870,582870,582872,2,0
582870,582870,582872,2,0
582870,582870,582872,2,0
582870,582870,582872,2,0
582870,582870,582872,2,0
582870,582870,582872,2,0
582870,582870,582872,2,0
582870,582870,582872,2,0
582870,582870,582872,2,0
582870,582870,582872,2,0
582870,582870,582872,2,0
582870,582870,582872,2,0
582870,582870,582872,2,0
582870,582870,582872,2,0
582636,582636,582872,236,0
582870,582870,582872,2,0
582870,582870,582872,2,0
582870,582870,582872,2,0
582870,582870,582872,2,0
582870,582870,582872,2,0
582870,582871,582872,1,1
582870,582871,582872,1,1
582870,582871,582872,1,1
582870,582870,582872,2,0
582870,582870,582872,2,0
582870,582870,582872,2,0
582870,582870,582872,2,0
582870,582870,582872,2,0
582870,582871,582872,1,1
582870,582871,582872,1,1
582870,582870,582873,3,0
582870,582870,582873,3,0
582870,582870,582872,2,0
582870,582870,582872,2,0
582870,582870,582873,3,0
582870,582870,582872,2,0
582870,582870,582873,3,0
582870,582871,582873,2,1
582870,582871,582873,2,1
582870,582870,582873,3,0
582870,582870,582873,3,0
582870,582871,582873,2,1
582881,582881,582883,2,0
582881,582881,582882,1,0
582881,582881,582882,1,0
582881,582881,582882,1,0
582881,582881,582883,2,0
582881,582881,582882,1,0
582881,582881,582882,1,0
582881,582881,582883,2,0
582881,582881,582882,1,0
582881,582881,582882,1,0
582881,582881,582882,1,0
582881,582881,582882,1,0
582881,582881,582882,1,0
582881,582881,582882,1,0
582881,582881,582882,1,0
582881,582881,582882,1,0
582881,582881,582883,2,0
582881,582881,582882,1,0
582881,582881,582882,1,0
582881,582881,582882,1,0
582881,582881,582882,1,0
582881,582881,582883,2,0
582881,582881,582882,1,0
582881,582881,582882,1,0
582881,582881,582883,2,0
582881,582881,582882,1,0
582881,582881,582882,1,0
582881,582881,582883,2,0
582881,582881,582883,2,0
582881,582881,582884,3,0
582881,582881,582883,2,0
582881,582881,582883,2,0
582881,582881,582883,2,0
582881,582881,582883,2,0
582881,582881,582883,2,0
582881,582881,582883,2,0
582881,582881,582883,2,0
582881,582883,582884,1,2
582881,582883,582885,2,2
582881,582883,582885,2,2
582881,582883,582885,2,2
582881,582883,582885,2,2
582870,582870,582873,3,0
582870,582870,582873,3,0
582881,582894,582895,1,13
582881,582894,582896,2,13
582881,582894,582896,2,13
582649,582649,582912,263,0
582912,582913,582914,1,1
582912,582913,582914,1,1
582912,582913,582914,1,1
582912,582913,582914,1,1
582912,582913,582914,1,1
582912,582913,582914,1,1
582912,582913,582914,1,1
582912,582913,582914,1,1
582912,582913,582914,1,1
582912,582913,582914,1,1
582912,582913,582914,1,1
582912,582913,582914,1,1
582912,582913,582914,1,1
582912,582913,582914,1,1
582912,582913,582915,2,1
582912,582913,582914,1,1
582912,582913,582914,1,1
582912,582913,582914,1,1
582912,582913,582914,1,1
582912,582913,582914,1,1
582912,582913,582914,1,1
582912,582913,582914,1,1
582912,582913,582915,2,1
582912,582913,582914,1,1
582912,582913,582915,2,1
582912,582913,582915,2,1
582912,582913,582915,2,1
582912,582913,582915,2,1
582912,582913,582915,2,1
582912,582913,582915,2,1
582912,582913,582915,2,1
582912,582913,582915,2,1
582912,582913,582915,2,1
582912,582913,582915,2,1
582912,582913,582915,2,1
582912,582913,582915,2,1
582912,582913,582915,2,1
582912,582913,582915,2,1
582912,582913,582915,2,1
582912,582913,582915,2,1
582691,582691,582925,234,0
582926,582927,582928,1,1
582926,582927,582928,1,1
582926,582927,582928,1,1
582926,582927,582928,1,1
582926,582927,582928,1,1
582926,582927,582928,1,1
582926,582927,582928,1,1
582926,582927,582928,1,1
582926,582927,582928,1,1
582926,582927,582928,1,1
582926,582927,582928,1,1
582926,582927,582928,1,1
582926,582927,582928,1,1
582926,582927,582928,1,1
582926,582927,582928,1,1
582926,582927,582928,1,1
582926,582927,582928,1,1
582926,582927,582928,1,1
582926,582927,582928,1,1
582926,582927,582928,1,1
582926,582927,582928,1,1
582926,582927,582929,2,1
582926,582927,582928,1,1
582926,582927,582928,1,1
582912,582928,582929,1,16
582912,582928,582929,1,16
582679,582679,582929,250,0
582926,582927,582929,2,1
582926,582927,582929,2,1
582926,582927,582929,2,1
582926,582927,582929,2,1
582926,582927,582929,2,1
582926,582927,582929,2,1
582926,582927,582929,2,1
582926,582927,582929,2,1
582926,582927,582929,2,1
582926,582927,582929,2,1
582926,582927,582929,2,1
582926,582927,582929,2,1
582926,582927,582929,2,1
582926,582927,582929,2,1
582926,582927,582929,2,1
582912,582928,582930,2,16
582912,582928,582930,2,16
582912,582928,582929,1,16
582926,582928,582929,1,2
582931,582931,582932,1,0
582931,582931,582932,1,0
582931,582931,582932,1,0
582931,582931,582933,2,0
582931,582931,582932,1,0
582931,582931,582932,1,0
582931,582931,582932,1,0
582931,582931,582932,1,0
582931,582931,582933,2,0
582931,582931,582932,1,0
582931,582931,582932,1,0
582931,582931,582932,1,0
582931,582931,582933,2,0
582931,582931,582933,2,0
582931,582931,582932,1,0
582931,582931,582932,1,0
582931,582931,582932,1,0
582931,582931,582932,1,0
582931,582931,582932,1,0
582931,582931,582932,1,0
582931,582931,582932,1,0
582931,582931,582932,1,0
582931,582931,582932,1,0
582931,582931,582932,1,0
582931,582931,582933,2,0
582931,582931,582932,1,0
582931,582931,582933,2,0
582931,582931,582933,2,0
582931,582931,582934,3,0
582931,582931,582933,2,0
582931,582931,582934,3,0
582931,582931,582933,2,0
582931,582931,582933,2,0
582931,582931,582934,3,0
582931,582931,582933,2,0
582931,582931,582933,2,0
582931,582931,582933,2,0
582931,582931,582933,2,0
582931,582931,582933,2,0
582931,582931,582933,2,0
582931,582931,582933,2,0
582931,582931,582934,3,0
582931,582931,582934,3,0
582931,582931,582934,3,0
582926,582946,582948,2,20
582926,582946,582948,2,20
582926,582946,582948,2,20
582926,582946,582948,2,20
582931,582946,582948,2,15
582926,582946,582949,3,20
582670,582670,582957,287,0
582676,582676,582960,284,0
582963,582963,582965,2,0
582963,582964,582965,1,1
582963,582964,582965,1,1
582963,582964,582965,1,1
582963,582963,582965,2,0
582963,582964,582965,1,1
582963,582964,582965,1,1
582963,582963,582965,2,0
582963,582964,582965,1,1
582963,582964,582965,1,1
582963,582964,582965,1,1
582963,582964,582965,1,1
582963,582964,582965,1,1
582963,582964,582965,1,1
582963,582963,582965,2,0
582963,582964,582965,1,1
582963,582964,582965,1,1
582963,582965,582966,1,2
582963,582965,582966,1,2
582963,582965,582966,1,2
582963,582965,582966,1,2
582963,582963,582965,2,0
582963,582964,582965,1,1
582963,582964,582966,2,1
582963,582964,582965,1,1
582963,582964,582965,1,1
582963,582964,582965,1,1
582963,582964,582966,2,1
582963,582964,582965,1,1
582963,582964,582965,1,1
582963,582964,582966,2,1
582963,582964,582966,2,1
582963,582964,582966,2,1
582963,582964,582966,2,1
582963,582963,582966,3,0
582963,582964,582966,2,1
582963,582963,582966,3,0
582963,582963,582966,3,0
582963,582963,582967,4,0
582963,582964,582966,2,1
582963,582963,582966,3,0
582963,582964,582966,2,1
582963,582964,582966,2,1
582963,582965,582967,2,2
582965,582966,582967,1,1
582965,582966,582967,1,1
582965,582966,582967,1,1
582965,582966,582967,1,1
582965,582966,582968,2,1
582965,582967,582968,1,2
582965,582966,582967,1,1
582965,582967,582968,1,2
582965,582967,582968,1,2
582965,582966,582967,1,1
582965,582966,582967,1,1
582965,582966,582967,1,1
582965,582966,582968,2,1
582965,582966,582967,1,1
582965,582966,582967,1,1
582965,582966,582968,2,1
582965,582966,582967,1,1
582965,582966,582967,1,1
582965,582966,582967,1,1
582965,582966,582967,1,1
582965,582966,582967,1,1
582965,582966,582968,2,1
582965,582966,582967,1,1
582965,582966,582967,1,1
582965,582966,582967,1,1
582965,582966,582968,2,1
582963,582965,582967,2,2
582965,582966,582967,1,1
582965,582966,582967,1,1
582965,582966,582968,2,1
582965,582966,582968,2,1
582965,582966,582968,2,1
582965,582967,582968,1,2
582965,582966,582968,2,1
582965,582966,582968,2,1
582965,582966,582969,3,1
582965,582966,582968,2,1
582965,582966,582968,2,1
582965,582966,582968,2,1
582965,582966,582968,2,1
582965,582966,582968,2,1
582965,582966,582968,2,1
582721,582721,582992,271,0
582993,582993,582994,1,0
582993,582993,582994,1,0
582993,582993,582995,2,0
582993,582993,582994,1,0
582993,582993,582994,1,0
582993,582993,582994,1,0
582993,582993,582994,1,0
582993,582993,582995,2,0
582993,582993,582994,1,0
582993,582993,582994,1,0
582993,582993,582994,1,0
582993,582993,582995,2,0
582993,582993,582994,1,0
582993,582993,582995,2,0
582993,582993,582995,2,0
582993,582993,582995,2,0
582993,582993,582995,2,0
582993,582993,582995,2,0
582993,582993,582994,1,0
582993,582993,582994,1,0
582993,582993,582995,2,0
582993,582993,582995,2,0
582993,582993,582994,1,0
582993,582993,582995,2,0
582993,582995,582996,1,2
582993,582995,582996,1,2
582993,582995,582996,1,2
582993,582993,582995,2,0
582993,582993,582995,2,0
582993,582993,582995,2,0
582993,582993,582995,2,0
582993,582993,582995,2,0
582993,582993,582995,2,0
582993,582993,582995,2,0
582993,582993,582995,2,0
582993,582993,582995,2,0
582993,582993,582996,3,0
582993,582993,582995,2,0
582993,582993,582996,3,0
582993,582995,582997,2,2
582993,582995,582996,1,2
582993,582995,582997,2,2
582993,582993,582995,2,0
582993,582993,582997,4,0
582766,582769,583005,236,3
582993,582993,583006,13,0
583007,583007,583008,1,0
583007,583007,583009,2,0
583007,583007,583008,1,0
583007,583007,583009,2,0
583007,583007,583009,2,0
583007,583007,583008,1,0
583007,583007,583008,1,0
583007,583007,583009,2,0
583007,583007,583009,2,0
583007,583007,583009,2,0
583007,583007,583008,1,0
583007,583007,583008,1,0
583007,583007,583008,1,0
583007,583007,583008,1,0
583007,583007,583008,1,0
583007,583007,583009,2,0
583007,583007,583009,2,0
583007,583007,583009,2,0
583007,583007,583008,1,0
583007,583007,583008,1,0
583007,583007,583008,1,0
583007,583007,583008,1,0
583007,583007,583009,2,0
583007,583007,583008,1,0
583007,583007,583010,3,0
583007,583007,583010,3,0
583007,583007,583009,2,0
582748,582749,583010,261,1
583007,583007,583010,3,0
583007,583007,583009,2,0
583007,583007,583010,3,0
583007,583007,583009,2,0
583007,583007,583009,2,0
583007,583007,583009,2,0
583007,583007,583009,2,0
583007,583007,583009,2,0
583016,583017,583018,1,1
583016,583017,583018,1,1
583016,583017,583018,1,1
583016,583017,583018,1,1
583016,583017,583018,1,1
583016,583017,583018,1,1
583016,583017,583018,1,1
583016,583017,583018,1,1
583016,583017,583018,1,1
583016,583017,583019,2,1
583016,583017,583018,1,1
583016,583017,583018,1,1
583016,583017,583018,1,1
583016,583017,583018,1,1
583016,583017,583018,1,1
583016,583017,583018,1,1
583016,583017,583019,2,1
583016,583017,583018,1,1
583016,583017,583018,1,1
583016,583017,583018,1,1
583016,583017,583018,1,1
583016,583017,583018,1,1
583016,583017,583018,1,1
583016,583017,583018,1,1
583016,583017,583018,1,1
583016,583017,583018,1,1
583016,583017,583018,1,1
583016,583017,583018,1,1
583016,583017,583020,3,1
583016,583017,583020,3,1
583016,583017,583019,2,1
583016,583017,583019,2,1
583016,583017,583019,2,1
583016,583017,583019,2,1
583016,583017,583019,2,1
583016,583017,583019,2,1
583016,583017,583019,2,1
583016,583017,583019,2,1
583016,583017,583019,2,1
583016,583017,583019,2,1
583016,583017,583019,2,1
583016,583017,583019,2,1
583016,583017,583019,2,1
583016,583017,583020,3,1
583016,583017,583019,2,1
583007,583019,583020,1,12
583007,583019,583020,1,12
583007,583019,583020,1,12
583007,583019,583021,2,12
583007,583019,583022,3,12
583007,583019,583021,2,12
583007,583026,583027,1,19
583007,583026,583027,1,19
583007,583026,583028,2,19
582726,582726,583028,302,0
583030,583030,583032,2,0
583030,583030,583032,2,0
583030,583031,583032,1,1
583030,583030,583032,2,0
583030,583030,583031,1,0
583030,583030,583031,1,0
583030,583030,583032,2,0
583030,583030,583032,2,0
583030,583030,583032,2,0
583030,583030,583032,2,0
583030,583030,583032,2,0
583030,583030,583032,2,0
583030,583031,583032,1,1
583030,583030,583032,2,0
583030,583031,583032,1,1
583030,583030,583032,2,0
583030,583030,583032,2,0
583030,583030,583032,2,0
583030,583030,583031,1,0
583030,583030,583031,1,0
583030,583030,583032,2,0
583030,583030,583032,2,0
583030,583030,583032,2,0
583030,583030,583032,2,0
583030,583030,583032,2,0
583030,583030,583031,1,0
583030,583030,583032,2,0
583030,583030,583032,2,0
583030,583030,583033,3,0
583030,583030,583032,2,0
583030,583030,583033,3,0
583030,583030,583032,2,0
583030,583031,583033,2,1
583030,583031,583032,1,1
583030,583030,583033,3,0
583030,583030,583032,2,0
583030,583030,583032,2,0
583030,583030,583032,2,0
583030,583030,583033,3,0
583030,583030,583033,3,0
583030,583030,583032,2,0
583030,583030,583033,3,0
583030,583031,583032,1,1
583030,583031,583033,2,1
583030,583031,583032,1,1
582838,582838,583044,206,0
582786,582788,583055,267,2
583054,583054,583055,1,0
583054,583054,583055,1,0
583054,583054,583056,2,0
583054,583054,583055,1,0
583054,583054,583056,2,0
583054,583054,583055,1,0
583054,583054,583056,2,0
583054,583054,583055,1,0
583054,583054,583056,2,0
583054,583054,583055,1,0
583054,583054,583055,1,0
583054,583054,583056,2,0
583054,583054,583056,2,0
583054,583054,583056,2,0
583054,583054,583055,1,0
583054,583054,583055,1,0
583054,583054,583055,1,0
583054,583054,583055,1,0
583054,583055,583056,1,1
583054,583055,583056,1,1
583054,583054,583056,2,0
583054,583054,583056,2,0
583054,583054,583056,2,0
583054,583054,583057,3,0
583054,583054,583056,2,0
583054,583054,583056,2,0
583054,583054,583056,2,0
583054,583054,583056,2,0
583054,583054,583056,2,0
583054,583054,583057,3,0
583054,583054,583056,2,0
583054,583054,583056,2,0
583054,583054,583056,2,0
583054,583054,583057,3,0
583054,583054,583056,2,0
583054,583054,583057,3,0
583054,583054,583056,2,0
583054,583054,583056,2,0
583054,583054,583056,2,0
583056,583056,583057,1,0
583054,583054,583057,3,0
583056,583056,583057,1,0
583054,583054,583057,3,0
583054,583054,583056,2,0
583054,583055,583057,2,1
583056,583056,583057,1,0
583054,583054,583057,3,0
583056,583056,583057,1,0
583056,583057,583058,1,1
583056,583057,583058,1,1
583056,583056,583057,1,0
583056,583056,583057,1,0
583056,583056,583058,2,0
583056,583056,583057,1,0
583056,583056,583058,2,0
583056,583056,583058,2,0
583056,583056,583058,2,0
583056,583056,583057,1,0
583056,583056,583058,2,0
583056,583056,583058,2,0
583056,583056,583057,1,0
583056,583056,583057,1,0
583056,583056,583057,1,0
583056,583056,583058,2,0
583056,583057,583058,1,1
583056,583057,583058,1,1
583056,583057,583058,1,1
583054,583054,583057,3,0
583056,583056,583057,1,0
583056,583056,583058,2,0
583056,583056,583058,2,0
583056,583057,583058,1,1
583056,583056,583057,1,0
583056,583056,583058,2,0
583056,583057,583058,1,1
583056,583057,583058,1,1
583056,583056,583057,1,0
583056,583056,583057,1,0
583056,583056,583057,1,0
583056,583056,583058,2,0
583056,583056,583057,1,0
583056,583057,583058,1,1
583056,583057,583058,1,1
583056,583056,583059,3,0
583056,583057,583058,1,1
583056,583056,583058,2,0
583056,583056,583058,2,0
583056,583056,583058,2,0
583056,583056,583058,2,0
583056,583056,583058,2,0
582811,582811,583058,247,0
583068,583069,583070,1,1
583068,583069,583070,1,1
583068,583069,583070,1,1
583068,583069,583070,1,1
583068,583069,583071,2,1
583068,583069,583070,1,1
583068,583069,583070,1,1
583068,583069,583070,1,1
583068,583069,583071,2,1
583068,583069,583070,1,1
583068,583069,583070,1,1
583068,583069,583071,2,1
583068,583069,583070,1,1
583068,583069,583070,1,1
583068,583069,583071,2,1
583068,583069,583071,2,1
583068,583069,583070,1,1
583068,583069,583070,1,1
583068,583069,583070,1,1
583068,583069,583070,1,1
583068,583069,583070,1,1
583068,583069,583070,1,1
583068,583069,583071,2,1
583068,583069,583070,1,1
583068,583069,583071,2,1
583068,583069,583071,2,1
583068,583069,583071,2,1
583068,583069,583071,2,1
583068,583069,583071,2,1
583068,583069,583071,2,1
583068,583069,583071,2,1
583068,583069,583071,2,1
583068,583069,583071,2,1
583068,583069,583071,2,1
583068,583076,583077,1,8
583068,583076,583077,1,8
583068,583076,583077,1,8
583068,583076,583077,1,8
583068,583076,583077,1,8
583068,583076,583078,2,8
583068,583088,583089,1,20
583068,583088,583089,1,20
583068,583088,583089,1,20
583068,583088,583090,2,20
583068,583088,583090,2,20
582832,582832,583096,264,0
582828,582828,583097,269,0
582824,582824,583101,277,0
583103,583103,583104,1,0
583103,583103,583104,1,0
582861,582861,583103,242,0
583103,583103,583105,2,0
583103,583103,583104,1,0
583103,583103,583105,2,0
583103,583103,583105,2,0
583103,583103,583105,2,0
583103,583103,583104,1,0
583103,583103,583104,1,0
583103,583103,583105,2,0
583103,583103,583105,2,0
583103,583103,583104,1,0
583103,583103,583105,2,0
583103,583103,583104,1,0
583103,583103,583104,1,0
583103,583103,583105,2,0
583103,583103,583105,2,0
583103,583103,583105,2,0
583103,583103,583104,1,0
583103,583103,583104,1,0
583103,583103,583104,1,0
583103,583103,583105,2,0
583103,583103,583105,2,0
583103,583103,583105,2,0
583103,583103,583105,2,0
583103,583103,583105,2,0
583103,583103,583105,2,0
583103,583103,583105,2,0
583103,583103,583105,2,0
583103,583103,583105,2,0
583103,583103,583105,2,0
583103,583103,583105,2,0
583103,583103,583105,2,0
583103,583103,583105,2,0
583103,583103,583105,2,0
583103,583103,583105,2,0
583103,583103,583105,2,0
583103,583103,583105,2,0
583103,583103,583106,3,0
583103,583103,583105,2,0
583103,583103,583105,2,0
583103,583103,583106,3,0
583103,583103,583106,3,0
583103,583103,583105,2,0
583103,583103,583106,3,0
583103,583103,583106,3,0
583103,583103,583105,2,0
583103,583103,583105,2,0
583103,583103,583105,2,0
583103,583103,583106,3,0
583103,583103,583105,2,0
583103,583103,583106,3,0
583103,583103,583106,3,0
583103,583103,583106,3,0
583103,583104,583106,2,1
583103,583105,583107,2,2
583103,583106,583107,1,3
583103,583103,583106,3,0
583103,583103,583107,4,0
583103,583103,583106,3,0
583106,583106,583107,1,0
583106,583106,583107,1,0
583103,583103,583106,3,0
583103,583104,583106,2,1
583106,583106,583107,1,0
583103,583105,583106,1,2
583103,583105,583107,2,2
583103,583105,583106,1,2
583103,583105,583107,2,2
583103,583105,583107,2,2
583103,583105,583107,2,2
583103,583105,583106,1,2
583103,583105,583107,2,2
583103,583105,583107,2,2
583103,583105,583107,2,2
583103,583105,583106,1,2
583103,583105,583106,1,2
583103,583105,583107,2,2
583103,583105,583107,2,2
583103,583105,583106,1,2
583103,583105,583106,1,2
583103,583105,583107,2,2
583103,583105,583107,2,2
583103,583105,583107,2,2
583103,583105,583106,1,2
583103,583105,583106,1,2
583103,583103,583105,2,0
583103,583103,583105,2,0
583103,583103,583106,3,0
583103,583103,583105,2,0
583103,583103,583105,2,0
583106,583106,583107,1,0
583106,583106,583107,1,0
583106,583106,583107,1,0
583106,583106,583107,1,0
583106,583106,583107,1,0
583106,583107,583108,1,1
583106,583107,583108,1,1
583106,583107,583108,1,1
583106,583106,583107,1,0
583106,583106,583107,1,0
583106,583106,583107,1,0
583106,583107,583108,1,1
583106,583107,583108,1,1
583106,583107,583108,1,1
583106,583107,583108,1,1
583106,583107,583108,1,1
583106,583106,583108,2,0
583106,583106,583108,2,0
582871,582872,583108,236,1
583106,583106,583108,2,0
583106,583107,583109,2,1
583106,583106,583108,2,0
583106,583106,583108,2,0
583106,583106,583108,2,0
583106,583106,583108,2,0
583106,583107,583108,1,1
583106,583107,583108,1,1
583106,583107,583108,1,1
583106,583107,583108,1,1
583106,583107,583108,1,1
583106,583107,583108,1,1
583106,583106,583109,3,0
583106,583106,583109,3,0
583106,583106,583109,3,0
583106,583108,583109,1,2
583106,583108,583109,1,2
583106,583106,583109,3,0
583106,583106,583109,3,0
583106,583106,583109,3,0
583106,583107,583109,2,1
583106,583108,583109,1,2
583106,583106,583109,3,0
583106,583107,583109,2,1
583106,583107,583109,2,1
583106,583108,583109,1,2
583106,583108,583109,1,2
583106,583109,583110,1,3
583103,583107,583110,3,4
583106,583108,583109,1,2
583106,583108,583109,1,2
583106,583108,583109,1,2
583106,583108,583109,1,2
583106,583108,583109,1,2
583106,583108,583109,1,2
583106,583109,583110,1,3
583106,583108,583109,1,2
583106,583108,583109,1,2
583106,583108,583109,1,2
583106,583108,583109,1,2
583106,583109,583110,1,3
583106,583109,583110,1,3
583106,583108,583110,2,2
583106,583108,583110,2,2
583106,583108,583110,2,2
583106,583108,583110,2,2
583106,583108,583109,1,2
583106,583108,583110,2,2
583106,583108,583109,1,2
583106,583108,583109,1,2
583106,583108,583110,2,2
583106,583108,583110,2,2
583106,583108,583110,2,2
583106,583108,583110,2,2
583106,583108,583110,2,2
583106,583108,583109,1,2
583106,583108,583109,1,2
583106,583108,583109,1,2
583106,583108,583110,2,2
583106,583108,583110,2,2
583106,583108,583110,2,2
583106,583109,583110,1,3
583106,583109,583110,1,3
583106,583108,583110,2,2
583106,583108,583110,2,2
583106,583109,583110,1,3
583106,583109,583110,1,3
583106,583108,583110,2,2
583106,583108,583110,2,2
583106,583108,583110,2,2
582834,582834,583123,289,0
582830,582830,583125,295,0
583124,583124,583126,2,0
583124,583124,583126,2,0
583124,583124,583126,2,0
583124,583124,583126,2,0
583124,583124,583126,2,0
583124,583124,583126,2,0
583124,583124,583126,2,0
583124,583124,583126,2,0
583124,583124,583126,2,0
583124,583124,583126,2,0
583124,583124,583126,2,0
583124,583124,583126,2,0
583124,583124,583126,2,0
583124,583124,583126,2,0
583124,583124,583126,2,0
583124,583124,583126,2,0
583124,583124,583126,2,0
583124,583124,583126,2,0
583124,583124,583126,2,0
583124,583124,583126,2,0
583124,583124,583126,2,0
583124,583124,583126,2,0
583124,583124,583126,2,0
583124,583124,583126,2,0
583124,583124,583126,2,0
583124,583124,583126,2,0
583124,583124,583126,2,0
583124,583124,583126,2,0
583124,583125,583126,1,1
583124,583125,583126,1,1
583124,583124,583127,3,0
583124,583124,583127,3,0
583124,583124,583127,3,0
583124,583124,583126,2,0
583124,583124,583127,3,0
583124,583124,583127,3,0
583124,583124,583127,3,0
583124,583124,583127,3,0
583124,583124,583126,2,0
583124,583124,583127,3,0
583124,583124,583127,3,0
583124,583124,583127,3,0
583124,583124,583127,3,0
583124,583125,583129,4,1
583134,583134,583135,1,0
583134,583134,583135,1,0
583134,583134,583136,2,0
583134,583134,583135,1,0
583134,583134,583135,1,0
583134,583134,583135,1,0
583134,583134,583135,1,0
583134,583134,583136,2,0
583134,583134,583135,1,0
583134,583134,583136,2,0
583134,583134,583135,1,0
583134,583134,583135,1,0
583134,583134,583135,1,0
583134,583134,583135,1,0
583134,583134,583135,1,0
583134,583134,583135,1,0
583134,583134,583135,1,0
583134,583134,583135,1,0
583134,583134,583135,1,0
583134,583134,583135,1,0
583134,583134,583135,1,0
583134,583134,583135,1,0
583134,583134,583135,1,0
583134,583134,583135,1,0
583134,583134,583136,2,0
583134,583134,583136,2,0
583134,583134,583136,2,0
583134,583134,583136,2,0
583134,583134,583136,2,0
583134,583134,583136,2,0
583134,583134,583136,2,0
583134,583134,583136,2,0
583134,583134,583136,2,0
583134,583134,583136,2,0
583134,583134,583136,2,0
583134,583134,583136,2,0
583134,583134,583137,3,0
583134,583134,583139,5,0
582882,582882,583139,257,0
583124,583125,583141,16,1
583134,583134,583141,7,0
583134,583134,583143,9,0
583143,583143,583144,1,0
583143,583143,583144,1,0
583143,583143,583145,2,0
583143,583143,583145,2,0
583143,583143,583144,1,0
583143,583143,583145,2,0
583143,583143,583144,1,0
583143,583143,583144,1,0
583143,583143,583144,1,0
583143,583143,583145,2,0
583143,583143,583145,2,0
583143,583143,583145,2,0
583143,583143,583144,1,0
583143,583143,583145,2,0
583143,583143,583144,1,0
583143,583143,583145,2,0
583143,583143,583145,2,0
583143,583144,583145,1,1
583143,583144,583145,1,1
583143,583144,583145,1,1
583143,583143,583144,1,0
583143,583143,583144,1,0
583143,583143,583144,1,0
583143,583143,583145,2,0
583143,583143,583144,1,0
583143,583143,583145,2,0
583143,583143,583145,2,0
583143,583143,583145,2,0
583143,583143,583146,3,0
583143,583143,583145,2,0
583143,583143,583145,2,0
583134,583145,583146,1,11
583143,583143,583146,3,0
583143,583143,583146,3,0
583143,583143,583145,2,0
583143,583143,583145,2,0
583143,583143,583145,2,0
583143,583144,583145,1,1
583143,583143,583146,3,0
583143,583143,583145,2,0
583143,583143,583145,2,0
583143,583143,583145,2,0
583143,583143,583145,2,0
583143,583143,583145,2,0
583134,583145,583146,1,11
583134,583145,583146,1,11
583134,583145,583146,1,11
583143,583145,583146,1,2
583143,583144,583146,2,1
583134,583145,583147,2,11
582914,582914,583152,238,0
583160,583161,583162,1,1
583160,583161,583162,1,1
583160,583161,583162,1,1
583160,583161,583162,1,1
583160,583161,583162,1,1
583160,583161,583162,1,1
583160,583161,583163,2,1
583160,583161,583162,1,1
583160,583161,583162,1,1
583160,583161,583163,2,1
583160,583161,583162,1,1
583160,583161,583163,2,1
583160,583161,583162,1,1
583160,583161,583162,1,1
583160,583161,583163,2,1
583160,583161,583162,1,1
583160,583161,583162,1,1
583160,583161,583162,1,1
583160,583161,583162,1,1
583160,583161,583162,1,1
583160,583161,583162,1,1
583160,583161,583162,1,1
583160,583161,583162,1,1
583160,583161,583163,2,1
583160,583161,583162,1,1
583160,583161,583162,1,1
583160,583161,583162,1,1
583160,583161,583162,1,1
583160,583161,583162,1,1
583160,583161,583163,2,1
583160,583161,583163,2,1
583160,583161,583163,2,1
583160,583161,583163,2,1
583160,583161,583163,2,1
583160,583161,583163,2,1
583160,583161,583163,2,1
583160,583161,583163,2,1
583160,583161,583163,2,1
583160,583161,583163,2,1
583160,583161,583163,2,1
583160,583161,583163,2,1
583160,583161,583163,2,1
583160,583161,583163,2,1
583160,583161,583163,2,1
583160,583161,583164,3,1
583170,583170,583172,2,0
583170,583170,583172,2,0
583170,583170,583172,2,0
583170,583170,583171,1,0
583170,583170,583171,1,0
583170,583170,583172,2,0
583170,583170,583171,1,0
583170,583170,583171,1,0
583170,583170,583172,2,0
583170,583170,583171,1,0
583170,583170,583171,1,0
583170,583170,583171,1,0
583170,583170,583171,1,0
583170,583170,583172,2,0
583170,583170,583172,2,0
583170,583170,583172,2,0
583170,583170,583172,2,0
583170,583170,583171,1,0
583170,583170,583171,1,0
583170,583170,583172,2,0
583170,583170,583172,2,0
583170,583170,583171,1,0
583170,583170,583171,1,0
583170,583170,583172,2,0
583170,583170,583172,2,0
583170,583170,583171,1,0
583170,583170,583172,2,0
583170,583170,583173,3,0
583170,583170,583172,2,0
583170,583170,583173,3,0
583170,583170,583172,2,0
583170,583170,583172,2,0
583170,583170,583173,3,0
583170,583170,583173,3,0
583170,583170,583173,3,0
583170,583178,583179,1,8
583170,583178,583180,2,8
583170,583178,583180,2,8
583170,583178,583181,3,8
582932,582932,583182,250,0
583184,583184,583186,2,0
583184,583184,583186,2,0
583184,583184,583186,2,0
583184,583184,583185,1,0
583184,583184,583185,1,0
583184,583184,583185,1,0
583184,583184,583186,2,0
583184,583184,583185,1,0
583184,583184,583185,1,0
583184,583184,583186,2,0
583184,583184,583185,1,0
583184,583184,583186,2,0
583184,583184,583186,2,0
583184,583184,583185,1,0
583184,583184,583185,1,0
583184,583184,583185,1,0
583184,583184,583186,2,0
583184,583184,583186,2,0
583184,583184,583186,2,0
583184,583184,583185,1,0
583184,583184,583186,2,0
583184,583184,583186,2,0
583184,583184,583185,1,0
583184,583184,583185,1,0
583184,583184,583185,1,0
583184,583184,583185,1,0
583184,583184,583186,2,0
583184,583184,583185,1,0
583184,583184,583187,3,0
583184,583184,583187,3,0
583184,583184,583186,2,0
583184,583184,583186,2,0
583184,583184,583187,3,0
583184,583184,583186,2,0
583184,583184,583187,3,0
583184,583184,583186,2,0
583184,583184,583187,3,0
583184,583184,583186,2,0
582928,582928,583186,258,0
583184,583184,583187,3,0
583184,583184,583186,2,0
583184,583184,583186,2,0
583184,583184,583187,3,0
583184,583184,583186,2,0
583184,583184,583186,2,0
583184,583184,583187,3,0
583188,583188,583190,2,0
583188,583188,583190,2,0
583188,583188,583190,2,0
583188,583188,583190,2,0
583188,583188,583189,1,0
583188,583188,583190,2,0
583188,583188,583190,2,0
583188,583188,583190,2,0
583188,583188,583190,2,0
583188,583188,583190,2,0
583188,583188,583190,2,0
583188,583188,583190,2,0
583188,583188,583190,2,0
583188,583188,583190,2,0
583188,583188,583190,2,0
583188,583188,583190,2,0
583188,583188,583190,2,0
583188,583188,583190,2,0
583188,583188,583190,2,0
583188,583188,583190,2,0
583188,583188,583190,2,0
583188,583188,583190,2,0
583188,583188,583190,2,0
583188,583188,583190,2,0
583188,583188,583190,2,0
583188,583188,583190,2,0
583188,583188,583190,2,0
583188,583188,583190,2,0
583188,583188,583190,2,0
583170,583190,583191,1,20
583170,583190,583191,1,20
583170,583190,583191,1,20
583170,583190,583191,1,20
583188,583188,583191,3,0
583188,583188,583191,3,0
583188,583188,583191,3,0
583188,583188,583191,3,0
583188,583188,583191,3,0
583188,583188,583191,3,0
583188,583188,583191,3,0
583188,583188,583190,2,0
583188,583188,583191,3,0
583188,583188,583191,3,0
583188,583188,583190,2,0
583188,583188,583190,2,0
583188,583188,583191,3,0
583188,583188,583191,3,0
583188,583188,583191,3,0
583188,583188,583191,3,0
583170,583190,583192,2,20
583170,583190,583192,2,20
583008,583008,583229,221,0
582965,582965,583229,264,0
583231,583231,583232,1,0
583231,583231,583232,1,0
583231,583231,583233,2,0
583231,583231,583232,1,0
583231,583231,583232,1,0
583231,583231,583232,1,0
583231,583231,583233,2,0
583231,583231,583232,1,0
583231,583231,583233,2,0
583231,583231,583232,1,0
583231,583231,583232,1,0
583231,583231,583232,1,0
583231,583231,583233,2,0
583231,583231,583232,1,0
583231,583231,583232,1,0
583231,583231,583232,1,0
583231,583231,583233,2,0
583231,583231,583232,1,0
583231,583231,583232,1,0
583231,583231,583233,2,0
583231,583231,583232,1,0
583231,583231,583233,2,0
583231,583231,583233,2,0
583231,583231,583232,1,0
583231,583231,583233,2,0
583231,583231,583233,2,0
583231,583231,583233,2,0
583231,583231,583233,2,0
583231,583231,583232,1,0
583231,583231,583232,1,0
583231,583231,583233,2,0
583231,583231,583232,1,0
583231,583231,583232,1,0
583231,583231,583233,2,0
583231,583231,583233,2,0
583231,583231,583233,2,0
583231,583231,583233,2,0
583231,583231,583233,2,0
583231,583231,583234,3,0
583231,583231,583233,2,0
583231,583231,583233,2,0
583231,583231,583233,2,0
583231,583231,583233,2,0
583231,583231,583234,3,0
583231,583233,583234,1,2
583231,583233,583234,1,2
583231,583231,583234,3,0
583231,583231,583233,2,0
583231,583231,583233,2,0
583231,583231,583233,2,0
583231,583231,583233,2,0
583231,583231,583233,2,0
583231,583231,583234,3,0
583231,583231,583233,2,0
583231,583231,583234,3,0
583231,583233,583234,1,2
583231,583231,583234,3,0
583231,583231,583234,3,0
583231,583233,583234,1,2
583231,583233,583235,2,2
583231,583233,583235,2,2
583231,583233,583235,2,2
583231,583234,583235,1,3
583231,583234,583235,1,3
583231,583233,583235,2,2
583231,583233,583234,1,2
583231,583233,583234,1,2
583231,583233,583234,1,2
583231,583233,583235,2,2
583231,583233,583235,2,2
583231,583233,583234,1,2
583231,583233,583234,1,2
583231,583231,583234,3,0
583231,583233,583234,1,2
583231,583233,583234,1,2
583231,583233,583235,2,2
583231,583233,583235,2,2
583231,583233,583235,2,2
583231,583233,583235,2,2
583231,583233,583234,1,2
583231,583233,583234,1,2
583231,583233,583234,1,2
583231,583233,583234,1,2
583231,583233,583234,1,2
583231,583233,583235,2,2
583231,583234,583236,2,3
583231,583234,583236,2,3
583231,583234,583235,1,3
583231,583234,583235,1,3
583231,583233,583235,2,2
582994,582994,583240,246,0
583018,583018,583243,225,0
583245,583245,583247,2,0
583245,583245,583247,2,0
583245,583245,583246,1,0
583245,583245,583246,1,0
583245,583245,583247,2,0
583245,583245,583247,2,0
583245,583245,583247,2,0
583245,583245,583247,2,0
583245,583245,583247,2,0
583245,583245,583247,2,0
583245,583245,583247,2,0
583245,583245,583247,2,0
583245,583245,583247,2,0
583245,583245,583247,2,0
583245,583245,583247,2,0
583245,583245,583247,2,0
583245,583245,583247,2,0
583245,583245,583247,2,0
583245,583245,583247,2,0
583245,583245,583247,2,0
583245,583245,583247,2,0
583245,583245,583247,2,0
583245,583245,583247,2,0
583245,583245,583247,2,0
583245,583245,583248,3,0
583245,583245,583247,2,0
583245,583245,583247,2,0
583245,583245,583247,2,0
583245,583245,583247,2,0
583245,583245,583248,3,0
583245,583245,583248,3,0
583245,583245,583248,3,0
583245,583245,583247,2,0
583245,583245,583248,3,0
583245,583245,583248,3,0
583245,583245,583248,3,0
583245,583245,583248,3,0
583245,583245,583248,3,0
583245,583245,583248,3,0
583245,583245,583248,3,0
583245,583249,583251,2,4
583245,583249,583251,2,4
583245,583250,583251,1,5
583245,583250,583252,2,5
583255,583255,583256,1,0
583255,583255,583256,1,0
583255,583255,583256,1,0
583255,583255,583257,2,0
582967,582967,583256,289,0
583255,583255,583257,2,0
583255,583255,583257,2,0
583255,583255,583256,1,0
583255,583255,583256,1,0
583255,583255,583257,2,0
583255,583255,583256,1,0
583255,583255,583257,2,0
583255,583255,583257,2,0
583255,583255,583257,2,0
583255,583255,583257,2,0
583255,583255,583256,1,0
583255,583255,583256,1,0
583255,583255,583256,1,0
583255,583255,583256,1,0
583255,583255,583257,2,0
583255,583255,583256,1,0
583255,583255,583256,1,0
583255,583255,583256,1,0
583255,583255,583256,1,0
583255,583255,583257,2,0
583255,583255,583257,2,0
583255,583255,583256,1,0
583255,583255,583256,1,0
583255,583255,583257,2,0
583255,583255,583256,1,0
583255,583255,583258,3,0
583255,583255,583257,2,0
583255,583255,583257,2,0
583255,583255,583257,2,0
583255,583255,583257,2,0
583255,583255,583257,2,0
583255,583255,583258,3,0
583255,583255,583258,3,0
583255,583255,583257,2,0
583255,583255,583257,2,0
583255,583255,583258,3,0
583255,583255,583257,2,0
583255,583255,583257,2,0
583255,583255,583257,2,0
583255,583255,583257,2,0
583255,583255,583257,2,0
583265,583265,583266,1,0
583265,583265,583266,1,0
583265,583265,583267,2,0
583265,583265,583267,2,0
583265,583265,583266,1,0
583265,583265,583267,2,0
583265,583265,583267,2,0
583265,583265,583266,1,0
583265,583265,583267,2,0
583265,583265,583267,2,0
583265,583265,583267,2,0
583265,583265,583267,2,0
583265,583265,583267,2,0
583265,583265,583267,2,0
583265,583265,583267,2,0
583265,583265,583267,2,0
583265,583265,583267,2,0
583265,583265,583267,2,0
583265,583265,583267,2,0
583265,583265,583266,1,0
583265,583265,583266,1,0
583265,583265,583267,2,0
583265,583265,583267,2,0
583265,583265,583267,2,0
583265,583266,583267,1,1
583265,583266,583267,1,1
583265,583266,583267,1,1
583265,583265,583268,3,0
583265,583265,583268,3,0
583265,583265,583268,3,0
583265,583265,583267,2,0
583265,583265,583267,2,0
583265,583265,583267,2,0
583265,583265,583268,3,0
583265,583265,583267,2,0
583265,583265,583268,3,0
583265,583265,583267,2,0
583265,583265,583268,3,0
583265,583265,583267,2,0
583265,583265,583267,2,0
583265,583265,583267,2,0
583265,583265,583268,3,0
583265,583265,583267,2,0
583265,583266,583268,2,1
583265,583265,583268,3,0
583031,583031,583293,262,0
583294,583294,583296,2,0
583294,583294,583296,2,0
583294,583294,583296,2,0
583294,583294,583295,1,0
583294,583294,583296,2,0
583294,583294,583296,2,0
583294,583294,583296,2,0
583294,583294,583296,2,0
583294,583294,583296,2,0
583294,583294,583296,2,0
583294,583294,583296,2,0
583294,583294,583296,2,0
583294,583294,583296,2,0
583294,583294,583296,2,0
583294,583294,583296,2,0
583294,583294,583296,2,0
583294,583294,583296,2,0
583294,583294,583296,2,0
583294,583294,583296,2,0
583294,583294,583296,2,0
583294,583294,583296,2,0
583294,583294,583296,2,0
583294,583294,583296,2,0
583294,583294,583296,2,0
583294,583294,583296,2,0
583294,583294,583296,2,0
583294,583294,583296,2,0
583294,583294,583297,3,0
583294,583294,583297,3,0
583294,583294,583297,3,0
583294,583294,583297,3,0
583294,583294,583296,2,0
583294,583294,583297,3,0
583294,583294,583297,3,0
583294,583294,583297,3,0
583294,583294,583296,2,0
583294,583294,583296,2,0
583294,583294,583297,3,0
583294,583294,583297,3,0
583294,583308,583309,1,14
583294,583308,583309,1,14
583294,583308,583309,1,14
583294,583308,583310,2,14
583294,583308,583310,2,14
583294,583294,583297,3,0
583070,583070,583320,250,0
583321,583321,583323,2,0
583321,583321,583322,1,0
583321,583321,583322,1,0
583321,583321,583323,2,0
583321,583321,583322,1,0
583321,583321,583322,1,0
583321,583321,583322,1,0
583321,583321,583323,2,0
583321,583321,583323,2,0
583321,583321,583323,2,0
583321,583321,583323,2,0
583321,583321,583323,2,0
583321,583321,583322,1,0
583321,583321,583323,2,0
583321,583321,583323,2,0
583321,583321,583323,2,0
583321,583321,583323,2,0
583321,583321,583323,2,0
583321,583321,583322,1,0
583321,583321,583322,1,0
583321,583321,583323,2,0
583321,583321,583322,1,0
583321,583321,583322,1,0
583321,583321,583323,2,0
583321,583321,583322,1,0
583321,583321,583324,3,0
583321,583321,583323,2,0
583321,583321,583323,2,0
583321,583321,583324,3,0
583321,583321,583323,2,0
583321,583321,583323,2,0
583321,583321,583323,2,0
583321,583321,583323,2,0
583321,583321,583323,2,0
583321,583321,583323,2,0
583321,583321,583323,2,0
583055,583055,583324,269,0
583321,583321,583323,2,0
583321,583321,583324,3,0
583321,583321,583323,2,0
583321,583321,583323,2,0
583321,583323,583324,1,2
583321,583323,583325,2,2
583321,583323,583324,1,2
583321,583323,583324,1,2
583321,583321,583324,3,0
583325,583325,583327,2,0
583325,583325,583327,2,0
583325,583325,583327,2,0
583325,583325,583327,2,0
583325,583325,583327,2,0
583325,583325,583327,2,0
583325,583325,583327,2,0
583325,583325,583327,2,0
583325,583325,583327,2,0
583325,583325,583327,2,0
583325,583325,583327,2,0
583325,583325,583327,2,0
583325,583325,583327,2,0
583325,583325,583327,2,0
583325,583325,583327,2,0
583325,583325,583327,2,0
583325,583325,583327,2,0
583325,583325,583327,2,0
583325,583325,583327,2,0
583325,583325,583327,2,0
583325,583325,583327,2,0
583325,583325,583327,2,0
583325,583325,583327,2,0
583325,583325,583327,2,0
583325,583325,583327,2,0
583325,583325,583327,2,0
583325,583325,583327,2,0
583325,583325,583327,2,0
583325,583325,583327,2,0
583325,583325,583327,2,0
583325,583325,583328,3,0
583325,583325,583328,3,0
583325,583325,583328,3,0
583325,583325,583328,3,0
583325,583325,583328,3,0
583325,583325,583328,3,0
583325,583325,583328,3,0
583325,583325,583328,3,0
583325,583325,583328,3,0
583325,583325,583328,3,0
583325,583325,583328,3,0
583325,583325,583328,3,0
583325,583325,583328,3,0
583325,583325,583329,4,0
583325,583325,583329,4,0
583057,583057,583330,273,0
583338,583339,583340,1,1
583338,583339,583340,1,1
583338,583339,583340,1,1
583338,583339,583340,1,1
583338,583339,583340,1,1
583338,583339,583340,1,1
583338,583339,583340,1,1
583338,583339,583340,1,1
583338,583339,583340,1,1
583338,583339,583341,2,1
583338,583339,583340,1,1
583338,583339,583340,1,1
583338,583339,583340,1,1
583338,583339,583340,1,1
583338,583339,583340,1,1
583338,583339,583340,1,1
583338,583339,583340,1,1
583338,583339,583340,1,1
583338,583339,583340,1,1
583338,583339,583340,1,1
583338,583339,583340,1,1
583338,583339,583340,1,1
583338,583339,583340,1,1
583338,583339,583340,1,1
583338,583339,583340,1,1
583338,583339,583340,1,1
583338,583339,583341,2,1
583338,583339,583341,2,1
583338,583339,583341,2,1
583338,583339,583341,2,1
583338,583339,583341,2,1
583338,583339,583341,2,1
583338,583339,583341,2,1
583338,583339,583341,2,1
583338,583339,583341,2,1
583338,583339,583341,2,1
583338,583339,583341,2,1
583338,583339,583341,2,1
583338,583339,583342,3,1
583338,583339,583341,2,1
583338,583359,583360,1,21
583338,583359,583360,1,21
583338,583359,583360,1,21
583338,583359,583360,1,21
583338,583359,583361,2,21
583107,583109,583372,263,2
583374,583374,583376,2,0
583374,583374,583375,1,0
583374,583374,583376,2,0
583374,583374,583376,2,0
583374,583374,583376,2,0
583374,583374,583376,2,0
583374,583374,583376,2,0
583374,583374,583376,2,0
583374,583374,583376,2,0
583374,583374,583376,2,0
583374,583374,583375,1,0
583374,583374,583376,2,0
583374,583374,583375,1,0
583374,583374,583376,2,0
583374,583374,583376,2,0
583374,583374,583376,2,0
583374,583374,583376,2,0
583374,583374,583376,2,0
583374,583374,583376,2,0
583374,583374,583376,2,0
583374,583374,583376,2,0
583374,583374,583376,2,0
583374,583374,583376,2,0
583145,583145,583376,231,0
583374,583374,583375,1,0
583374,583374,583376,2,0
583374,583374,583376,2,0
583374,583374,583376,2,0
583374,583374,583376,2,0
583374,583374,583376,2,0
583374,583374,583377,3,0
583374,583374,583376,2,0
583374,583374,583377,3,0
583374,583374,583376,2,0
583374,583374,583377,3,0
583374,583374,583377,3,0
583374,583374,583377,3,0
583374,583374,583376,2,0
583374,583374,583376,2,0
583374,583374,583376,2,0
583374,583374,583376,2,0
583374,583374,583377,3,0
583374,583374,583376,2,0
583374,583374,583377,3,0
583374,583374,583376,2,0
583135,583135,583378,243,0
583374,583374,583377,3,0
583105,583106,583379,273,1
583378,583378,583380,2,0
583378,583378,583380,2,0
583378,583378,583380,2,0
583378,583378,583380,2,0
583378,583378,583380,2,0
583378,583378,583380,2,0
583378,583378,583380,2,0
583378,583378,583380,2,0
583378,583378,583380,2,0
583378,583378,583380,2,0
583378,583378,583380,2,0
583378,583378,583380,2,0
583378,583378,583380,2,0
583378,583378,583380,2,0
583378,583378,583380,2,0
583378,583378,583380,2,0
583378,583378,583380,2,0
583378,583378,583380,2,0
583378,583378,583380,2,0
583378,583378,583380,2,0
583378,583378,583380,2,0
583378,583378,583380,2,0
583378,583378,583380,2,0
583378,583378,583380,2,0
583378,583378,583380,2,0
583378,583378,583380,2,0
583378,583378,583380,2,0
583378,583378,583380,2,0
583378,583378,583380,2,0
583378,583378,583380,2,0
583378,583378,583381,3,0
583378,583378,583381,3,0
583378,583378,583381,3,0
583378,583378,583381,3,0
583378,583378,583381,3,0
583378,583378,583381,3,0
583378,583378,583381,3,0
583378,583378,583380,2,0
583378,583378,583381,3,0
583378,583378,583381,3,0
583378,583378,583381,3,0
583388,583389,583390,1,1
583388,583389,583390,1,1
583388,583389,583390,1,1
583388,583389,583390,1,1
583388,583388,583390,2,0
583388,583388,583390,2,0
583388,583388,583390,2,0
583388,583388,583390,2,0
583388,583388,583390,2,0
583388,583388,583390,2,0
583388,583388,583390,2,0
583378,583379,583380,1,1
583378,583379,583381,2,1
583378,583379,583381,2,1
583378,583379,583380,1,1
583388,583388,583390,2,0
583388,583388,583390,2,0
583388,583388,583390,2,0
583388,583388,583390,2,0
583388,583388,583390,2,0
583388,583388,583390,2,0
583388,583388,583390,2,0
583388,583388,583390,2,0
583388,583388,583390,2,0
583388,583388,583390,2,0
583388,583388,583390,2,0
583388,583388,583390,2,0
583388,583388,583390,2,0
583388,583388,583390,2,0
583388,583388,583390,2,0
583388,583388,583390,2,0
583388,583388,583390,2,0
583388,583388,583389,1,0
583388,583388,583390,2,0
583388,583388,583390,2,0
583388,583388,583390,2,0
583388,583388,583390,2,0
583388,583388,583389,1,0
583388,583388,583390,2,0
583388,583388,583390,2,0
583388,583388,583390,2,0
583388,583388,583390,2,0
583388,583388,583390,2,0
583388,583388,583390,2,0
583388,583388,583390,2,0
583388,583389,583391,2,1
583388,583389,583391,2,1
583388,583388,583390,2,0
583388,583388,583391,3,0
583388,583388,583391,3,0
583388,583388,583390,2,0
583388,583388,583391,3,0
583388,583388,583391,3,0
583388,583389,583391,2,1
583388,583388,583391,3,0
583388,583388,583390,2,0
583388,583388,583391,3,0
583388,583388,583390,2,0
583388,583388,583391,3,0
583388,583388,583391,3,0
583388,583388,583391,3,0
583388,583388,583391,3,0
583388,583390,583392,2,2
583388,583390,583392,2,2
583388,583391,583392,1,3
583388,583391,583392,1,3
583388,583391,583392,1,3
583388,583391,583392,1,3
583388,583391,583392,1,3
583388,583391,583392,1,3
583388,583391,583392,1,3
583388,583391,583392,1,3
583388,583391,583392,1,3
583388,583390,583392,2,2
583388,583391,583392,1,3
583388,583391,583392,1,3
583388,583390,583393,3,2
583388,583391,583392,1,3
583388,583391,583392,1,3
583388,583391,583392,1,3
583388,583391,583392,1,3
583388,583391,583392,1,3
583388,583391,583392,1,3
583388,583390,583393,3,2
583388,583390,583393,3,2
583388,583390,583393,3,2
583388,583390,583393,3,2
583388,583390,583393,3,2
583388,583390,583393,3,2
583388,583390,583393,3,2
583388,583390,583393,3,2
583388,583390,583393,3,2
583388,583391,583393,2,3
583388,583390,583393,3,2
583171,583171,583401,230,0
583125,583125,583401,276,0
583162,583163,583412,249,1
583413,583413,583415,2,0
583413,583413,583414,1,0
583413,583413,583415,2,0
583413,583413,583415,2,0
583413,583413,583415,2,0
583413,583413,583415,2,0
583413,583413,583415,2,0
583413,583413,583415,2,0
583413,583413,583415,2,0
583413,583413,583415,2,0
583413,583413,583414,1,0
583413,583413,583415,2,0
583413,583413,583415,2,0
583413,583413,583415,2,0
583413,583413,583414,1,0
583413,583413,583415,2,0
583413,583413,583415,2,0
583413,583413,583414,1,0
583413,583413,583414,1,0
583413,583413,583415,2,0
583413,583413,583414,1,0
583413,583413,583415,2,0
583413,583413,583414,1,0
583413,583413,583414,1,0
583413,583413,583415,2,0
583413,583413,583414,1,0
583413,583413,583414,1,0
583413,583413,583415,2,0
583413,583413,583415,2,0
583413,583413,583415,2,0
583413,583413,583414,1,0
583413,583413,583415,2,0
583413,583413,583414,1,0
583413,583413,583415,2,0
583413,583413,583416,3,0
583413,583413,583415,2,0
583413,583413,583416,3,0
583413,583413,583416,3,0
583413,583413,583416,3,0
583413,583413,583416,3,0
583413,583413,583416,3,0
583413,583413,583416,3,0
583413,583413,583416,3,0
583413,583413,583415,2,0
583413,583413,583415,2,0
583413,583413,583416,3,0
583413,583413,583416,3,0
583413,583413,583416,3,0
583413,583413,583416,3,0
583413,583413,583416,3,0
583413,583413,583415,2,0
583413,583413,583415,2,0
583413,583413,583416,3,0
583413,583415,583417,2,2
583413,583415,583417,2,2
583413,583415,583417,2,2
583413,583415,583416,1,2
583413,583415,583417,2,2
583413,583415,583416,1,2
583413,583415,583417,2,2
583413,583415,583417,2,2
583413,583415,583417,2,2
583413,583415,583417,2,2
583413,583415,583417,2,2
583413,583415,583417,2,2
583413,583415,583417,2,2
583413,583415,583417,2,2
583413,583415,583417,2,2
583413,583415,583417,2,2
583413,583415,583417,2,2
583413,583415,583417,2,2
583413,583415,583417,2,2
583413,583415,583418,3,2
583413,583415,583417,2,2
583413,583415,583417,2,2
583413,583415,583417,2,2
583413,583415,583417,2,2
583413,583415,583417,2,2
583413,583415,583417,2,2
583413,583415,583417,2,2
583413,583422,583423,1,9
583413,583422,583424,2,9
583413,583422,583423,1,9
583423,583423,583425,2,0
583423,583423,583425,2,0
583423,583423,583425,2,0
583423,583423,583425,2,0
583423,583423,583425,2,0
583423,583423,583425,2,0
583423,583423,583425,2,0
583423,583423,583424,1,0
583423,583423,583425,2,0
583423,583423,583425,2,0
583423,583423,583424,1,0
583423,583423,583424,1,0
583423,583423,583424,1,0
583423,583423,583425,2,0
583423,583423,583425,2,0
583423,583423,583425,2,0
583423,583423,583424,1,0
583423,583423,583425,2,0
583423,583423,583424,1,0
583423,583423,583424,1,0
583423,583423,583425,2,0
583423,583423,583425,2,0
583423,583423,583425,2,0
583423,583423,583425,2,0
583423,583423,583424,1,0
583423,583423,583424,1,0
583423,583423,583425,2,0
583423,583423,583425,2,0
583423,583423,583425,2,0
583413,583422,583424,2,9
583423,583423,583426,3,0
583423,583423,583425,2,0
583423,583423,583425,2,0
583423,583423,583425,2,0
583423,583423,583426,3,0
583423,583423,583425,2,0
583423,583423,583425,2,0
583423,583423,583425,2,0
583423,583423,583426,3,0
583423,583423,583425,2,0
583423,583423,583426,3,0
583423,583423,583425,2,0
583423,583423,583425,2,0
583423,583423,583425,2,0
583423,583423,583425,2,0
583423,583423,583425,2,0
583190,583190,583430,240,0
583413,583432,583433,1,19
583413,583432,583434,2,19
583413,583432,583434,2,19
583413,583432,583433,1,19
583413,583432,583433,1,19
583413,583432,583433,1,19
583438,583438,583440,2,0
583438,583438,583440,2,0
583438,583438,583439,1,0
583438,583438,583440,2,0
583438,583438,583439,1,0
583438,583438,583439,1,0
583438,583438,583440,2,0
583438,583438,583439,1,0
583438,583438,583439,1,0
583438,583438,583439,1,0
583438,583438,583440,2,0
583438,583438,583440,2,0
583438,583438,583439,1,0
583438,583438,583439,1,0
583438,583438,583440,2,0
583438,583438,583439,1,0
583438,583438,583439,1,0
583438,583438,583439,1,0
583438,583438,583440,2,0
583438,583438,583440,2,0
583438,583438,583439,1,0
583438,583438,583441,3,0
583438,583438,583441,3,0
583438,583438,583440,2,0
583438,583438,583440,2,0
583438,583438,583441,3,0
583438,583438,583441,3,0
583438,583438,583441,3,0
583438,583438,583440,2,0
583438,583438,583440,2,0
583438,583438,583441,3,0
583438,583438,583441,3,0
583438,583438,583441,3,0
583183,583183,583447,264,0
583438,583447,583448,1,9
583438,583447,583448,1,9
583438,583447,583449,2,9
583438,583449,583450,1,11
583438,583449,583450,1,11
583181,583190,583450,260,9
583438,583447,583449,2,9
583438,583449,583451,2,11
583438,583449,583450,1,11
583438,583449,583451,2,11
583438,583453,583454,1,15
583438,583453,583454,1,15
583438,583453,583455,2,15
583454,583455,583457,2,1
583454,583455,583457,2,1
583454,583455,583456,1,1
583454,583455,583456,1,1
583454,583455,583457,2,1
583454,583455,583456,1,1
583454,583455,583457,2,1
583454,583455,583456,1,1
583454,583455,583456,1,1
583454,583455,583456,1,1
583454,583455,583456,1,1
583454,583455,583456,1,1
583454,583455,583456,1,1
583454,583455,583457,2,1
583454,583455,583456,1,1
583454,583455,583456,1,1
583454,583455,583456,1,1
583454,583455,583456,1,1
583454,583455,583456,1,1
583454,583455,583457,2,1
583454,583455,583456,1,1
583454,583455,583456,1,1
583454,583455,583456,1,1
583454,583455,583456,1,1
583454,583455,583456,1,1
583454,583455,583457,2,1
583454,583455,583456,1,1
583454,583455,583456,1,1
583454,583455,583456,1,1
583454,583455,583457,2,1
583454,583455,583457,2,1
583454,583455,583457,2,1
583454,583455,583457,2,1
583454,583455,583457,2,1
583454,583455,583457,2,1
583454,583455,583457,2,1
583454,583455,583457,2,1
583454,583455,583457,2,1
583454,583455,583457,2,1
583454,583455,583457,2,1
583454,583455,583457,2,1
583454,583455,583457,2,1
583454,583455,583457,2,1
583454,583455,583457,2,1
583454,583455,583457,2,1
583185,583185,583467,282,0
583469,583469,583471,2,0
583469,583469,583471,2,0
583469,583469,583471,2,0
583469,583469,583471,2,0
583469,583469,583471,2,0
583469,583469,583471,2,0
583469,583469,583471,2,0
583469,583469,583471,2,0
583469,583469,583471,2,0
583469,583469,583471,2,0
583469,583469,583471,2,0
583469,583469,583471,2,0
583469,583469,583470,1,0
583469,583469,583470,1,0
583469,583469,583471,2,0
583469,583469,583471,2,0
583469,583469,583470,1,0
583469,583469,583470,1,0
583469,583469,583471,2,0
583469,583469,583471,2,0
583469,583469,583471,2,0
583469,583469,583471,2,0
583469,583469,583471,2,0
583469,583469,583471,2,0
583469,583469,583471,2,0
583469,583469,583472,3,0
583469,583469,583472,3,0
583469,583469,583472,3,0
583469,583469,583472,3,0
583469,583469,583472,3,0
583469,583469,583471,2,0
583469,583469,583472,3,0
583469,583469,583471,2,0
583477,583478,583479,1,1
583477,583478,583479,1,1
583477,583478,583479,1,1
583477,583478,583479,1,1
583477,583478,583480,2,1
583477,583478,583479,1,1
583477,583478,583480,2,1
583477,583478,583480,2,1
583477,583478,583479,1,1
583477,583478,583480,2,1
583477,583478,583479,1,1
583477,583478,583479,1,1
583477,583478,583479,1,1
583477,583478,583479,1,1
583477,583478,583479,1,1
583477,583478,583479,1,1
583477,583478,583480,2,1
583477,583478,583479,1,1
583477,583478,583479,1,1
583477,583478,583479,1,1
583477,583478,583480,2,1
583477,583478,583479,1,1
583477,583478,583479,1,1
583477,583478,583479,1,1
583477,583478,583479,1,1
583477,583478,583480,2,1
583477,583478,583480,2,1
583477,583478,583479,1,1
583477,583478,583479,1,1
583477,583478,583479,1,1
583477,583478,583480,2,1
583477,583478,583480,2,1
583477,583478,583480,2,1
583477,583478,583480,2,1
583477,583478,583480,2,1
583477,583478,583480,2,1
583477,583478,583480,2,1
583477,583478,583481,3,1
583469,583483,583484,1,14
583469,583483,583484,1,14
583469,583483,583484,1,14
583469,583483,583485,2,14
583469,583483,583484,1,14
583469,583484,583486,2,15
583469,583483,583486,3,14
583469,583486,583487,1,17
583469,583484,583486,2,15
583469,583486,583487,1,17
583469,583486,583487,1,17
583477,583486,583487,1,9
583477,583486,583488,2,9
583477,583496,583497,1,19
583477,583496,583497,1,19
583477,583496,583497,1,19
583477,583496,583498,2,19
583477,583496,583498,2,19
583266,583266,583503,237,0
583256,583256,583507,251,0
583508,583508,583509,1,0
583508,583508,583509,1,0
583508,583508,583510,2,0
583508,583508,583509,1,0
583508,583508,583510,2,0
583508,583508,583509,1,0
583508,583508,583510,2,0
583508,583508,583509,1,0
583508,583508,583509,1,0
583508,583508,583509,1,0
583508,583508,583510,2,0
583508,583508,583509,1,0
583508,583508,583510,2,0
583508,583508,583509,1,0
583508,583508,583509,1,0
583508,583508,583509,1,0
583508,583508,583509,1,0
583508,583508,583510,2,0
583508,583508,583510,2,0
583508,583508,583510,2,0
583508,583508,583509,1,0
583508,583508,583509,1,0
583508,583508,583510,2,0
583508,583508,583510,2,0
583508,583508,583509,1,0
583508,583508,583510,2,0
583508,583508,583511,3,0
583508,583508,583510,2,0
583508,583508,583510,2,0
583508,583508,583510,2,0
583508,583508,583510,2,0
583508,583508,583511,3,0
583508,583508,583510,2,0
583508,583508,583511,3,0
583508,583508,583510,2,0
583508,583508,583511,3,0
583508,583508,583510,2,0
583508,583508,583510,2,0
583508,583508,583510,2,0
583508,583508,583510,2,0
583508,583508,583510,2,0
583508,583508,583511,3,0
583508,583508,583510,2,0
583510,583510,583511,1,0
583510,583510,583511,1,0
583510,583510,583511,1,0
583510,583510,583512,2,0
583510,583510,583511,1,0
583510,583510,583511,1,0
583510,583510,583512,2,0
583510,583510,583512,2,0
583510,583510,583511,1,0
583510,583510,583511,1,0
583510,583510,583512,2,0
583510,583510,583512,2,0
583510,583510,583511,1,0
583510,583510,583511,1,0
583510,583510,583512,2,0
583510,583510,583512,2,0
583510,583510,583512,2,0
583510,583510,583511,1,0
583510,583510,583511,1,0
583510,583510,583511,1,0
583510,583510,583512,2,0
583510,583510,583512,2,0
583510,583510,583511,1,0
583510,583510,583511,1,0
583510,583510,583512,2,0
583510,583510,583511,1,0
583510,583511,583512,1,1
583510,583510,583511,1,0
583510,583510,583512,2,0
583510,583510,583511,1,0
583510,583510,583511,1,0
583510,583510,583511,1,0
583510,583510,583512,2,0
583510,583510,583513,3,0
583510,583511,583512,1,1
583510,583511,583512,1,1
583510,583510,583512,2,0
583510,583510,583512,2,0
583510,583510,583513,3,0
583510,583510,583512,2,0
583510,583510,583512,2,0
583510,583510,583512,2,0
583510,583510,583513,3,0
583510,583510,583512,2,0
583234,583234,583513,279,0
583510,583511,583514,3,1
583232,583233,583516,283,1
583514,583514,583516,2,0
583514,583514,583516,2,0
583514,583514,583516,2,0
583514,583514,583516,2,0
583514,583514,583516,2,0
583514,583514,583515,1,0
583514,583514,583516,2,0
583514,583514,583515,1,0
583514,583514,583516,2,0
583514,583514,583516,2,0
583514,583514,583516,2,0
583514,583514,583516,2,0
583514,583515,583516,1,1
583514,583515,583516,1,1
583514,583515,583516,1,1
583514,583515,583516,1,1
583514,583514,583516,2,0
583514,583514,583516,2,0
583514,583514,583516,2,0
583514,583514,583516,2,0
583514,583514,583516,2,0
583514,583514,583516,2,0
583514,583514,583517,3,0
583514,583514,583517,3,0
583514,583514,583516,2,0
583514,583514,583517,3,0
583514,583514,583517,3,0
583514,583514,583516,2,0
583514,583514,583517,3,0
583514,583514,583517,3,0
583514,583514,583516,2,0
583514,583514,583516,2,0
583514,583514,583517,3,0
583514,583515,583516,1,1
583514,583515,583517,2,1
583514,583514,583517,3,0
583514,583514,583517,3,0
583514,583514,583516,2,0
583508,583516,583517,1,8
583508,583516,583517,1,8
583514,583514,583517,3,0
583514,583514,583518,4,0
583514,583514,583519,5,0
583514,583514,583519,5,0
583514,583514,583518,4,0
583514,583514,583519,5,0
583514,583514,583518,4,0
583246,583250,583523,273,4
583526,583526,583528,2,0
583526,583526,583528,2,0
583526,583526,583528,2,0
583526,583526,583527,1,0
583526,583526,583527,1,0
583526,583526,583527,1,0
583526,583526,583527,1,0
583526,583526,583527,1,0
583526,583526,583528,2,0
583526,583526,583528,2,0
583526,583526,583527,1,0
583526,583526,583527,1,0
583526,583526,583527,1,0
583526,583526,583527,1,0
583526,583526,583527,1,0
583526,583526,583528,2,0
583526,583526,583527,1,0
583526,583526,583527,1,0
583526,583526,583527,1,0
583526,583526,583528,2,0
583526,583526,583527,1,0
583526,583526,583527,1,0
583526,583526,583527,1,0
583526,583526,583527,1,0
583526,583526,583528,2,0
583526,583526,583528,2,0
583526,583526,583527,1,0
583526,583526,583527,1,0
583526,583526,583528,2,0
583526,583526,583527,1,0
583526,583526,583529,3,0
583526,583526,583528,2,0
583526,583526,583529,3,0
583526,583526,583528,2,0
583526,583526,583528,2,0
583526,583526,583528,2,0
583526,583526,583528,2,0
583526,583526,583529,3,0
583526,583526,583528,2,0
583526,583526,583529,3,0
583526,583526,583528,2,0
583526,583526,583529,3,0
583526,583526,583528,2,0
583526,583526,583528,2,0
583526,583526,583528,2,0
583544,583544,583546,2,0
583544,583544,583546,2,0
583544,583544,583546,2,0
583544,583544,583546,2,0
583544,583544,583546,2,0
583544,583545,583546,1,1
583544,583545,583546,1,1
583544,583545,583546,1,1
583544,583544,583546,2,0
583544,583544,583546,2,0
583544,583544,583546,2,0
583544,583544,583546,2,0
583544,583544,583546,2,0
583544,583544,583546,2,0
583544,583544,583546,2,0
583544,583544,583546,2,0
583544,583544,583546,2,0
583544,583544,583546,2,0
583544,583544,583546,2,0
583544,583544,583546,2,0
583544,583544,583546,2,0
583544,583544,583546,2,0
583544,583544,583546,2,0
583544,583544,583546,2,0
583544,583544,583546,2,0
583544,583544,583546,2,0
583544,583544,583546,2,0
583544,583544,583546,2,0
583544,583544,583547,3,0
583544,583544,583546,2,0
583544,583544,583547,3,0
583544,583544,583547,3,0
583544,583544,583547,3,0
583544,583544,583547,3,0
583544,583545,583547,2,1
583544,583544,583547,3,0
583544,583544,583547,3,0
583544,583544,583547,3,0
583544,583544,583547,3,0
583544,583544,583547,3,0
583544,583544,583547,3,0
583544,583544,583547,3,0
583544,583544,583547,3,0
583544,583544,583547,3,0
583544,583544,583547,3,0
583322,583322,583574,252,0
583295,583296,583577,281,1
583576,583577,583578,1,1
583576,583577,583578,1,1
583576,583577,583578,1,1
583576,583577,583578,1,1
583576,583577,583578,1,1
583576,583577,583578,1,1
583576,583577,583579,2,1
583576,583577,583578,1,1
583576,583577,583578,1,1
583576,583577,583578,1,1
583576,583577,583578,1,1
583576,583577,583578,1,1
583576,583577,583578,1,1
583576,583577,583578,1,1
583576,583577,583578,1,1
583576,583577,583578,1,1
583576,583577,583578,1,1
583576,583577,583578,1,1
583576,583577,583578,1,1
583576,583577,583578,1,1
583576,583577,583578,1,1
583576,583577,583578,1,1
583576,583577,583578,1,1
583576,583577,583579,2,1
583576,583577,583578,1,1
583576,583577,583579,2,1
583576,583577,583579,2,1
583576,583577,583580,3,1
583576,583577,583579,2,1
583576,583577,583579,2,1
583576,583577,583579,2,1
583576,583577,583579,2,1
583576,583577,583579,2,1
583576,583577,583579,2,1
583576,583577,583579,2,1
583576,583577,583579,2,1
583579,583579,583580,1,0
583576,583577,583579,2,1
583576,583577,583579,2,1
583576,583577,583579,2,1
583579,583579,583580,1,0
583579,583579,583581,2,0
583579,583580,583581,1,1
583579,583579,583580,1,0
583579,583579,583580,1,0
583579,583579,583580,1,0
583579,583579,583581,2,0
583579,583579,583580,1,0
583579,583579,583580,1,0
583579,583579,583581,2,0
583579,583579,583580,1,0
583579,583579,583581,2,0
583579,583579,583580,1,0
583579,583579,583580,1,0
583579,583579,583580,1,0
583579,583579,583580,1,0
583579,583579,583580,1,0
583579,583579,583580,1,0
583579,583579,583580,1,0
583579,583579,583580,1,0
583579,583579,583581,2,0
583579,583579,583580,1,0
583579,583580,583581,1,1
583579,583579,583580,1,0
583579,583579,583580,1,0
583579,583579,583580,1,0
583579,583579,583581,2,0
583579,583579,583581,2,0
583579,583580,583582,2,1
583579,583579,583581,2,0
583579,583579,583581,2,0
583579,583579,583581,2,0
583579,583580,583582,2,1
583579,583579,583582,3,0
583579,583579,583581,2,0
583579,583579,583581,2,0
583579,583579,583581,2,0
583579,583579,583581,2,0
583579,583579,583581,2,0
583579,583579,583581,2,0
583579,583579,583581,2,0
583579,583579,583581,2,0
583579,583579,583582,3,0
583579,583579,583581,2,0
583327,583328,583587,259,1
583576,583588,583589,1,12
583576,583588,583589,1,12
583576,583588,583589,1,12
583576,583588,583589,1,12
583576,583588,583589,1,12
583576,583588,583589,1,12
583591,583592,583593,1,1
583591,583592,583593,1,1
583591,583592,583593,1,1
583591,583592,583593,1,1
583591,583592,583593,1,1
583591,583592,583593,1,1
583591,583592,583593,1,1
583591,583592,583594,2,1
583591,583592,583593,1,1
583591,583592,583593,1,1
583591,583592,583593,1,1
583591,583592,583593,1,1
583591,583592,583593,1,1
583591,583592,583593,1,1
583591,583592,583594,2,1
583591,583592,583593,1,1
583591,583592,583593,1,1
583591,583592,583593,1,1
583591,583592,583593,1,1
583591,583592,583593,1,1
583591,583592,583594,2,1
583591,583592,583593,1,1
583591,583592,583593,1,1
583591,583592,583593,1,1
583591,583592,583593,1,1
583591,583592,583593,1,1
583591,583592,583594,2,1
583591,583592,583593,1,1
583591,583592,583594,2,1
583591,583592,583594,2,1
583591,583592,583594,2,1
583591,583592,583594,2,1
583591,583592,583594,2,1
583591,583592,583594,2,1
583591,583592,583594,2,1
583591,583592,583594,2,1
583591,583592,583594,2,1
583591,583592,583594,2,1
583591,583592,583594,2,1
583591,583592,583594,2,1
583591,583592,583594,2,1
583591,583592,583594,2,1
583591,583592,583594,2,1
583591,583592,583594,2,1
583591,583592,583595,3,1
583375,583375,583622,247,0
583623,583624,583625,1,1
583623,583624,583625,1,1
583623,583624,583625,1,1
583623,583624,583625,1,1
583623,583624,583626,2,1
583623,583624,583625,1,1
583623,583624,583625,1,1
583623,583624,583625,1,1
583623,583624,583626,2,1
583623,583624,583625,1,1
583623,583624,583626,2,1
583623,583624,583625,1,1
583623,583624,583625,1,1
583623,583624,583625,1,1
583623,583624,583626,2,1
583623,583624,583625,1,1
583623,583624,583625,1,1
583623,583624,583625,1,1
583623,583624,583625,1,1
583623,583624,583625,1,1
583623,583624,583625,1,1
583623,583624,583625,1,1
583623,583624,583625,1,1
583623,583624,583625,1,1
583623,583625,583626,1,2
583623,583625,583626,1,2
583623,583625,583626,1,2
583623,583624,583626,2,1
583623,583624,583626,2,1
583623,583624,583626,2,1
583623,583624,583626,2,1
583623,583624,583626,2,1
583623,583624,583626,2,1
583623,583624,583626,2,1
583623,583624,583626,2,1
583623,583624,583626,2,1
583623,583624,583626,2,1
583623,583624,583626,2,1
583623,583625,583627,2,2
583623,583625,583627,2,2
583623,583637,583638,1,14
583392,583392,583638,246,0
583623,583637,583638,1,14
583623,583637,583639,2,14
583623,583637,583638,1,14
583389,583391,583638,247,2
583623,583637,583639,2,14
583639,583639,583641,2,0
583639,583639,583641,2,0
583639,583639,583641,2,0
583639,583639,583641,2,0
583639,583639,583641,2,0
583639,583639,583641,2,0
583639,583639,583641,2,0
583639,583639,583641,2,0
583639,583640,583641,1,1
583639,583640,583641,1,1
583639,583639,583641,2,0
583639,583639,583641,2,0
583639,583639,583641,2,0
583639,583639,583641,2,0
583639,583639,583641,2,0
583639,583639,583641,2,0
583639,583639,583641,2,0
583639,583639,583641,2,0
583639,583639,583640,1,0
583639,583639,583641,2,0
583639,583639,583641,2,0
583639,583639,583641,2,0
583639,583639,583641,2,0
583639,583639,583641,2,0
583639,583639,583641,2,0
583639,583639,583641,2,0
583639,583639,583641,2,0
583639,583639,583641,2,0
583639,583639,583641,2,0
583639,583639,583641,2,0
583639,583639,583642,3,0
583639,583639,583641,2,0
583639,583639,583642,3,0
583639,583639,583641,2,0
583639,583639,583642,3,0
583639,583639,583641,2,0
583639,583639,583641,2,0
583639,583639,583642,3,0
583639,583639,583642,3,0
583639,583639,583641,2,0
583639,583639,583642,3,0
583639,583639,583642,3,0
583639,583639,583641,2,0
583639,583640,583642,2,1
583639,583640,583641,1,1
583414,583415,583647,232,1
583340,583359,583647,288,19
583650,583650,583651,1,0
583650,583650,583652,2,0
583650,583650,583652,2,0
583650,583650,583651,1,0
583650,583650,583652,2,0
583650,583650,583652,2,0
583650,583650,583651,1,0
583650,583650,583651,1,0
583650,583650,583652,2,0
583650,583650,583652,2,0
583650,583650,583651,1,0
583650,583650,583651,1,0
583650,583650,583651,1,0
583650,583650,583651,1,0
583650,583650,583651,1,0
583650,583650,583652,2,0
583650,583650,583652,2,0
583650,583650,583652,2,0
583650,583650,583651,1,0
583650,583650,583652,2,0
583650,583650,583651,1,0
583650,583650,583652,2,0
583650,583650,583652,2,0
583650,583650,583651,1,0
583650,583650,583652,2,0
583650,583650,583652,2,0
583650,583650,583651,1,0
583650,583650,583651,1,0
583650,583650,583652,2,0
583650,583650,583652,2,0
583650,583650,583652,2,0
583650,583650,583652,2,0
583650,583650,583652,2,0
583650,583650,583652,2,0
583650,583650,583652,2,0
583650,583650,583652,2,0
583650,583650,583652,2,0
583650,583650,583653,3,0
583650,583650,583652,2,0
583650,583650,583652,2,0
583650,583650,583652,2,0
583650,583650,583653,3,0
583650,583650,583652,2,0
583650,583650,583653,3,0
583650,583650,583652,2,0
583650,583650,583652,2,0
583650,583650,583652,2,0
583650,583650,583653,3,0
583650,583650,583653,3,0
583650,583650,583653,3,0
583650,583650,583653,3,0
583650,583650,583653,3,0
583650,583650,583652,2,0
583650,583650,583652,2,0
583650,583650,583652,2,0
583650,583650,583652,2,0
583650,583650,583653,3,0
583650,583650,583652,2,0
583650,583650,583653,3,0
583650,583650,583652,2,0
583650,583650,583652,2,0
583650,583650,583653,3,0
583650,583650,583652,2,0
583650,583652,583654,2,2
583650,583652,583654,2,2
583650,583652,583654,2,2
583650,583652,583654,2,2
583650,583652,583653,1,2
583650,583652,583654,2,2
583650,583652,583653,1,2
583650,583652,583653,1,2
583650,583652,583654,2,2
583650,583652,583654,2,2
583650,583652,583654,2,2
583650,583652,583653,1,2
583650,583652,583654,2,2
583650,583652,583653,1,2
583650,583652,583653,1,2
583650,583652,583653,1,2
583650,583652,583654,2,2
583650,583652,583653,1,2
583650,583652,583653,1,2
583650,583652,583653,1,2
583650,583652,583654,2,2
583650,583652,583654,2,2
583650,583652,583653,1,2
583650,583652,583653,1,2
583650,583652,583653,1,2
583650,583652,583654,2,2
583650,583652,583654,2,2
583379,583390,583662,272,11
583668,583668,583669,1,0
583668,583668,583669,1,0
583668,583668,583670,2,0
583668,583668,583669,1,0
583668,583668,583670,2,0
583668,583668,583670,2,0
583668,583668,583670,2,0
583668,583668,583670,2,0
583668,583668,583670,2,0
583668,583668,583670,2,0
583668,583668,583670,2,0
583668,583668,583670,2,0
583668,583668,583670,2,0
583668,583668,583670,2,0
583668,583668,583670,2,0
583668,583668,583670,2,0
583668,583668,583670,2,0
583668,583668,583669,1,0
583668,583668,583670,2,0
583668,583668,583670,2,0
583668,583668,583669,1,0
583668,583668,583670,2,0
583668,583668,583670,2,0
583668,583668,583670,2,0
583668,583668,583670,2,0
583668,583668,583670,2,0
583668,583668,583670,2,0
583668,583668,583670,2,0
583668,583668,583671,3,0
583668,583668,583670,2,0
583668,583668,583671,3,0
583668,583668,583670,2,0
583668,583668,583670,2,0
583668,583668,583671,3,0
583668,583668,583671,3,0
583668,583668,583670,2,0
583668,583668,583671,3,0
583668,583668,583670,2,0
583668,583668,583670,2,0
583668,583668,583671,3,0
583668,583668,583671,3,0
583668,583668,583671,3,0
583668,583668,583672,4,0
583668,583668,583671,3,0
583668,583668,583672,4,0
583678,583678,583679,1,0
583678,583678,583679,1,0
583678,583678,583680,2,0
583678,583678,583680,2,0
583678,583678,583680,2,0
583678,583678,583679,1,0
583678,583678,583680,2,0
583678,583678,583680,2,0
583678,583678,583680,2,0
583678,583678,583680,2,0
583678,583678,583679,1,0
583678,583678,583679,1,0
583678,583678,583680,2,0
583678,583678,583680,2,0
583678,583678,583680,2,0
583678,583678,583680,2,0
583678,583678,583680,2,0
583678,583679,583680,1,1
583678,583679,583680,1,1
583678,583679,583680,1,1
583678,583678,583680,2,0
583678,583678,583679,1,0
583678,583678,583680,2,0
583678,583678,583680,2,0
583678,583678,583680,2,0
583678,583678,583680,2,0
583678,583678,583680,2,0
583678,583678,583680,2,0
583678,583678,583679,1,0
583678,583678,583679,1,0
583678,583678,583680,2,0
583678,583678,583680,2,0
583678,583678,583680,2,0
583678,583678,583681,3,0
583678,583678,583681,3,0
583678,583678,583680,2,0
583678,583678,583680,2,0
583678,583678,583681,3,0
583678,583678,583680,2,0
583678,583678,583680,2,0
583678,583678,583681,3,0
583678,583678,583680,2,0
583678,583678,583680,2,0
583678,583679,583681,2,1
583678,583679,583680,1,1
583470,583471,583681,210,1
583426,583427,583681,254,1
583693,583693,583695,2,0
583693,583694,583695,1,1
583693,583694,583695,1,1
583693,583693,583695,2,0
583693,583693,583695,2,0
583693,583693,583695,2,0
583693,583693,583695,2,0
583693,583693,583695,2,0
583693,583693,583695,2,0
583693,583693,583695,2,0
583693,583693,583695,2,0
583693,583693,583695,2,0
583693,583693,583695,2,0
583693,583693,583695,2,0
583693,583693,583695,2,0
583693,583693,583695,2,0
583693,583693,583695,2,0
583693,583693,583695,2,0
583693,583693,583694,1,0
583693,583693,583695,2,0
583693,583693,583694,1,0
583693,583693,583695,2,0
583693,583693,583695,2,0
583693,583693,583695,2,0
583693,583693,583695,2,0
583693,583693,583695,2,0
583693,583693,583695,2,0
583693,583693,583695,2,0
583693,583693,583695,2,0
583693,583693,583696,3,0
583693,583693,583695,2,0
583693,583693,583695,2,0
583693,583693,583696,3,0
583693,583693,583695,2,0
583693,583693,583695,2,0
583693,583693,583695,2,0
583693,583693,583695,2,0
583693,583694,583695,1,1
583693,583694,583696,2,1
583693,583694,583695,1,1
583693,583693,583696,3,0
583693,583693,583696,3,0
583693,583693,583696,3,0
583693,583693,583696,3,0
583693,583693,583696,3,0
583693,583693,583696,3,0
583693,583693,583696,3,0
583693,583693,583696,3,0
583693,583693,583696,3,0
583693,583693,583696,3,0
583693,583693,583696,3,0
583693,583693,583696,3,0
583693,583694,583696,2,1
583693,583693,583696,3,0
583693,583693,583696,3,0
583693,583694,583696,2,1
583693,583694,583696,2,1
583693,583695,583696,1,2
583693,583696,583697,1,3
583693,583696,583697,1,3
583439,583439,583697,258,0
583693,583696,583698,2,3
583693,583696,583697,1,3
583693,583696,583697,1,3
583693,583696,583697,1,3
583693,583696,583697,1,3
583693,583696,583697,1,3
583693,583696,583697,1,3
583693,583696,583698,2,3
583693,583696,583697,1,3
583693,583696,583697,1,3
583693,583696,583697,1,3
583693,583696,583697,1,3
583693,583696,583697,1,3
583693,583696,583697,1,3
583693,583696,583697,1,3
583693,583696,583697,1,3
583693,583696,583698,2,3
583693,583696,583697,1,3
583693,583696,583697,1,3
583693,583696,583697,1,3
583693,583696,583697,1,3
583693,583696,583698,2,3
583693,583696,583698,2,3
583693,583696,583698,2,3
583693,583702,583703,1,9
583693,583702,583703,1,9
583693,583702,583703,1,9
583693,583702,583703,1,9
583702,583703,583704,1,1
583702,583703,583704,1,1
583702,583703,583704,1,1
583702,583703,583704,1,1
583702,583703,583704,1,1
583702,583703,583704,1,1
583702,583703,583705,2,1
583702,583703,583704,1,1
583702,583703,583704,1,1
583702,583703,583704,1,1
583702,583703,583704,1,1
583702,583703,583705,2,1
583702,583703,583704,1,1
583702,583703,583704,1,1
583702,583703,583704,1,1
583702,583703,583705,2,1
583702,583703,583704,1,1
583702,583703,583704,1,1
583702,583703,583704,1,1
583702,583703,583704,1,1
583702,583703,583704,1,1
583702,583703,583704,1,1
583702,583703,583704,1,1
583702,583703,583704,1,1
583702,583703,583704,1,1
583702,583703,583704,1,1
583693,583702,583704,2,9
583693,583702,583704,2,9
583702,583703,583705,2,1
583702,583703,583705,2,1
583702,583703,583705,2,1
583702,583703,583705,2,1
583702,583703,583705,2,1
583702,583703,583705,2,1
583702,583703,583705,2,1
583702,583703,583705,2,1
583702,583703,583705,2,1
583702,583703,583705,2,1
583702,583703,583705,2,1
583702,583703,583705,2,1
583702,583703,583705,2,1
583702,583703,583706,3,1
583702,583703,583705,2,1
583702,583703,583705,2,1
583702,583703,583705,2,1
583702,583703,583706,3,1
583702,583703,583705,2,1
583424,583424,583724,300,0
583731,583731,583733,2,0
583731,583731,583732,1,0
583731,583731,583733,2,0
583731,583731,583733,2,0
583731,583731,583733,2,0
583731,583731,583733,2,0
583731,583732,583733,1,1
583731,583731,583733,2,0
583731,583731,583733,2,0
583731,583731,583733,2,0
583731,583731,583733,2,0
583731,583731,583733,2,0
583731,583731,583733,2,0
583731,583731,583732,1,0
583731,583731,583733,2,0
583731,583731,583733,2,0
583731,583731,583733,2,0
583731,583731,583733,2,0
583731,583731,583733,2,0
583731,583731,583733,2,0
583731,583731,583733,2,0
583731,583731,583733,2,0
583731,583731,583733,2,0
583731,583731,583733,2,0
583731,583731,583733,2,0
583731,583732,583733,1,1
583731,583732,583734,2,1
583731,583732,583733,1,1
583731,583731,583733,2,0
583731,583731,583734,3,0
583731,583731,583733,2,0
583731,583731,583733,2,0
583731,583731,583734,3,0
583731,583731,583733,2,0
583731,583731,583734,3,0
583731,583731,583733,2,0
583731,583731,583734,3,0
583731,583731,583733,2,0
583731,583731,583734,3,0
583731,583732,583734,2,1
583731,583737,583738,1,6
583731,583737,583739,2,6
583731,583737,583739,2,6
583731,583737,583738,1,6
583731,583737,583740,3,6
583479,583479,583748,269,0
583751,583752,583753,1,1
583751,583752,583754,2,1
583751,583752,583753,1,1
583751,583752,583753,1,1
583751,583752,583753,1,1
583751,583752,583753,1,1
583751,583752,583753,1,1
583751,583752,583753,1,1
583751,583752,583753,1,1
583751,583752,583753,1,1
583751,583752,583753,1,1
583751,583752,583753,1,1
583751,583752,583753,1,1
583751,583752,583753,1,1
583751,583752,583753,1,1
583751,583752,583753,1,1
583751,583752,583753,1,1
583751,583752,583753,1,1
583751,583752,583754,2,1
583751,583752,583753,1,1
583751,583752,583754,2,1
583751,583752,583754,2,1
583751,583752,583754,2,1
583751,583752,583754,2,1
583751,583752,583754,2,1
583751,583752,583754,2,1
583751,583752,583754,2,1
583751,583752,583754,2,1
583751,583752,583754,2,1
583751,583752,583754,2,1
583751,583752,583754,2,1
583751,583752,583754,2,1
583509,583509,583756,247,0
583757,583758,583759,1,1
583757,583758,583759,1,1
583757,583758,583759,1,1
583757,583758,583759,1,1
583757,583758,583759,1,1
583757,583758,583759,1,1
583757,583758,583760,2,1
583757,583758,583759,1,1
583757,583758,583759,1,1
583757,583758,583759,1,1
583757,583758,583759,1,1
583757,583758,583759,1,1
583757,583758,583759,1,1
583757,583758,583759,1,1
583757,583758,583759,1,1
583757,583758,583759,1,1
583757,583758,583759,1,1
583757,583758,583760,2,1
583757,583758,583759,1,1
583757,583758,583759,1,1
583456,583456,583759,303,0
583751,583759,583760,1,8
583757,583758,583759,1,1
583757,583758,583759,1,1
583757,583758,583759,1,1
583757,583758,583759,1,1
583757,583758,583760,2,1
583757,583758,583759,1,1
583757,583758,583759,1,1
583757,583758,583760,2,1
583757,583758,583760,2,1
583757,583758,583760,2,1
583757,583758,583760,2,1
583757,583758,583760,2,1
583757,583758,583760,2,1
583757,583758,583760,2,1
583757,583758,583760,2,1
583757,583758,583760,2,1
583757,583758,583760,2,1
583757,583758,583761,3,1
583757,583758,583760,2,1
583751,583759,583760,1,8
583751,583759,583760,1,8
583757,583759,583761,2,2
583757,583759,583760,1,2
583757,583759,583760,1,2
583757,583758,583760,2,1
583757,583758,583761,3,1
583762,583762,583763,1,0
583762,583762,583763,1,0
583762,583762,583763,1,0
583762,583762,583764,2,0
583762,583762,583763,1,0
583762,583762,583763,1,0
583762,583762,583764,2,0
583762,583762,583764,2,0
583762,583762,583764,2,0
583762,583762,583764,2,0
583762,583762,583763,1,0
583762,583762,583763,1,0
583762,583762,583763,1,0
583762,583762,583763,1,0
583762,583762,583763,1,0
583762,583762,583763,1,0
583762,583762,583763,1,0
583762,583762,583763,1,0
583762,583762,583763,1,0
583762,583762,583763,1,0
583762,583762,583763,1,0
583762,583762,583764,2,0
583762,583762,583763,1,0
583762,583762,583763,1,0
583762,583762,583764,2,0
583762,583762,583764,2,0
583762,583762,583764,2,0
583751,583762,583764,2,11
583751,583762,583764,2,11
583751,583762,583764,2,11
583751,583762,583764,2,11
583757,583762,583764,2,5
583762,583762,583764,2,0
583762,583762,583764,2,0
583762,583762,583764,2,0
583762,583762,583764,2,0
583762,583762,583764,2,0
583762,583762,583764,2,0
583762,583762,583764,2,0
583762,583762,583764,2,0
583762,583762,583764,2,0
583762,583762,583764,2,0
583762,583762,583765,3,0
583762,583762,583764,2,0
583762,583762,583765,3,0
583762,583762,583764,2,0
583762,583762,583764,2,0
583762,583762,583764,2,0
583762,583762,583765,3,0
583751,583762,583765,3,11
583762,583762,583765,3,0
583751,583771,583772,1,20
583527,583527,583772,245,0
583511,583511,583773,262,0
583515,583515,583774,259,0
583775,583775,583777,2,0
583775,583775,583776,1,0
583775,583775,583777,2,0
583775,583775,583776,1,0
583775,583775,583777,2,0
583775,583775,583777,2,0
583775,583775,583777,2,0
583775,583775,583777,2,0
583775,583775,583777,2,0
583775,583775,583776,1,0
583775,583775,583776,1,0
583775,583775,583776,1,0
583775,583775,583776,1,0
583775,583775,583776,1,0
583775,583775,583776,1,0
583775,583775,583777,2,0
583775,583775,583777,2,0
583775,583775,583777,2,0
583775,583775,583776,1,0
583775,583775,583776,1,0
583775,583775,583776,1,0
583775,583775,583776,1,0
583775,583775,583777,2,0
583775,583775,583777,2,0
583775,583775,583776,1,0
583775,583775,583776,1,0
583775,583775,583777,2,0
583775,583775,583776,1,0
583775,583775,583776,1,0
583775,583775,583776,1,0
583775,583775,583776,1,0
583775,583775,583777,2,0
583775,583775,583778,3,0
583775,583775,583777,2,0
583775,583775,583777,2,0
583775,583775,583778,3,0
583775,583775,583777,2,0
583775,583775,583777,2,0
583775,583775,583778,3,0
583775,583775,583777,2,0
583775,583775,583777,2,0
583775,583775,583777,2,0
583775,583775,583777,2,0
583775,583775,583777,2,0
583775,583775,583777,2,0
583775,583775,583777,2,0
583775,583775,583778,3,0
583775,583775,583778,3,0
583775,583775,583778,3,0
583775,583775,583777,2,0
583775,583775,583777,2,0
583775,583775,583777,2,0
583775,583775,583777,2,0
583775,583777,583779,2,2
583775,583777,583778,1,2
583775,583777,583779,2,2
583775,583777,583779,2,2
583775,583777,583778,1,2
583775,583777,583778,1,2
583775,583777,583778,1,2
583775,583777,583778,1,2
583775,583777,583778,1,2
583775,583777,583778,1,2
583775,583777,583778,1,2
583775,583777,583778,1,2
583775,583777,583778,1,2
583775,583777,583778,1,2
583775,583777,583778,1,2
583775,583777,583778,1,2
583775,583777,583778,1,2
583775,583777,583780,3,2
583775,583777,583780,3,2
583775,583777,583780,3,2
583775,583777,583779,2,2
583775,583777,583779,2,2
583775,583777,583780,3,2
583775,583777,583780,3,2
583775,583777,583779,2,2
583775,583777,583779,2,2
583775,583777,583780,3,2
583775,583777,583779,2,2
583775,583777,583780,3,2
583775,583777,583779,2,2
583775,583777,583779,2,2
583775,583792,583793,1,17
583775,583792,583793,1,17
583775,583792,583793,1,17
583775,583792,583795,3,17
583775,583792,583794,2,17
583794,583795,583796,1,1
583794,583795,583796,1,1
583794,583794,583796,2,0
583794,583795,583796,1,1
583794,583795,583796,1,1
583794,583794,583796,2,0
583794,583795,583796,1,1
583794,583795,583796,1,1
583794,583794,583796,2,0
583794,583795,583796,1,1
583794,583795,583796,1,1
583794,583794,583796,2,0
583794,583795,583796,1,1
583794,583795,583797,2,1
583794,583795,583796,1,1
583794,583795,583796,1,1
583794,583794,583796,2,0
583794,583794,583796,2,0
583794,583794,583797,3,0
583794,583795,583796,1,1
583794,583795,583796,1,1
583794,583795,583796,1,1
583751,583771,583772,1,20
583751,583771,583773,2,20
583751,583771,583773,2,20
583751,583771,583772,1,20
583794,583795,583796,1,1
583794,583795,583796,1,1
583794,583795,583796,1,1
583794,583795,583796,1,1
583580,583580,583797,217,0
583794,583795,583796,1,1
583794,583795,583797,2,1
583794,583794,583797,3,0
583794,583794,583797,3,0
583794,583794,583797,3,0
583794,583795,583797,2,1
583794,583795,583797,2,1
583794,583795,583797,2,1
583794,583795,583797,2,1
583794,583795,583797,2,1
583794,583795,583797,2,1
583794,583795,583797,2,1
583775,583797,583799,2,22
583794,583795,583798,3,1
583578,583578,583802,224,0
583803,583803,583805,2,0
583803,583803,583804,1,0
583803,583803,583805,2,0
583803,583803,583804,1,0
583803,583803,583804,1,0
583803,583803,583805,2,0
583803,583803,583804,1,0
583803,583803,583804,1,0
583803,583803,583804,1,0
583803,583803,583805,2,0
583803,583803,583804,1,0
583803,583803,583804,1,0
583803,583803,583805,2,0
583803,583803,583804,1,0
583803,583803,583804,1,0
583803,583803,583804,1,0
583803,583803,583804,1,0
583803,583803,583805,2,0
583803,583803,583804,1,0
583803,583803,583804,1,0
583803,583803,583805,2,0
583803,583803,583804,1,0
583803,583803,583804,1,0
583803,583803,583804,1,0
583803,583803,583805,2,0
583803,583803,583804,1,0
583803,583803,583806,3,0
583803,583803,583805,2,0
583803,583803,583805,2,0
583803,583803,583805,2,0
583803,583803,583805,2,0
583803,583803,583805,2,0
583803,583803,583805,2,0
583803,583803,583806,3,0
583803,583803,583805,2,0
583803,583803,583805,2,0
583803,583803,583805,2,0
583803,583803,583805,2,0
583803,583803,583805,2,0
583546,583546,583808,262,0
583812,583812,583813,1,0
583812,583812,583813,1,0
583812,583812,583813,1,0
583812,583812,583814,2,0
583812,583812,583813,1,0
583812,583812,583813,1,0
583812,583812,583814,2,0
583812,583812,583813,1,0
583812,583812,583813,1,0
583812,583812,583813,1,0
583812,583812,583813,1,0
583812,583812,583813,1,0
583812,583812,583813,1,0
583812,583812,583813,1,0
583812,583812,583814,2,0
583812,583812,583813,1,0
583812,583812,583814,2,0
583812,583812,583813,1,0
583812,583812,583814,2,0
583812,583812,583814,2,0
583812,583812,583814,2,0
583812,583812,583814,2,0
583812,583812,583813,1,0
583812,583812,583813,1,0
583812,583813,583815,2,1
583812,583813,583814,1,1
583812,583813,583814,1,1
583812,583812,583814,2,0
583812,583812,583814,2,0
583812,583812,583814,2,0
583812,583812,583815,3,0
583812,583812,583815,3,0
583812,583812,583814,2,0
583812,583812,583814,2,0
583812,583812,583815,3,0
583812,583812,583814,2,0
583812,583812,583815,3,0
583812,583812,583814,2,0
583812,583812,583814,2,0
583812,583812,583814,2,0
583812,583812,583814,2,0
583812,583812,583814,2,0
583812,583812,583814,2,0
583812,583813,583815,2,1
583812,583813,583815,2,1
583794,583815,583816,1,21
583794,583815,583816,1,21
583814,583814,583815,1,0
583814,583814,583816,2,0
583814,583814,583816,2,0
583814,583815,583816,1,1
583814,583814,583816,2,0
583814,583814,583816,2,0
583814,583814,583816,2,0
583814,583814,583816,2,0
583814,583814,583816,2,0
583814,583814,583816,2,0
583814,583815,583816,1,1
583814,583814,583816,2,0
583814,583814,583816,2,0
583814,583814,583816,2,0
583814,583814,583816,2,0
583814,583814,583816,2,0
583814,583814,583816,2,0
583814,583814,583816,2,0
583814,583814,583816,2,0
583814,583815,583817,2,1
583814,583815,583817,2,1
583814,583815,583816,1,1
583814,583814,583817,3,0
583814,583814,583817,3,0
583814,583815,583817,2,1
583814,583815,583817,2,1
583814,583815,583817,2,1
583794,583815,583817,2,21
583794,583815,583817,2,21
583794,583815,583816,1,21
583803,583815,583817,2,12
583814,583814,583817,3,0
583814,583814,583817,3,0
583814,583814,583817,3,0
583814,583814,583817,3,0
583814,583815,583817,2,1
583814,583815,583816,1,1
583814,583814,583817,3,0
583814,583814,583816,2,0
583814,583815,583817,2,1
583814,583815,583816,1,1
583814,583815,583816,1,1
583814,583814,583817,3,0
583814,583814,583817,3,0
583814,583815,583816,1,1
583814,583814,583817,3,0
583814,583815,583817,2,1
583814,583815,583816,1,1
583814,583815,583817,2,1
583794,583815,583817,2,21
583803,583817,583819,2,14
583803,583817,583819,2,14
583803,583817,583819,2,14
583803,583817,583819,2,14
583803,583817,583821,4,14
583593,583593,583872,279,0
583874,583874,583876,2,0
583874,583874,583876,2,0
583874,583875,583876,1,1
583874,583875,583876,1,1
583874,583874,583875,1,0
583874,583874,583875,1,0
583874,583874,583876,2,0
583874,583874,583875,1,0
583874,583874,583875,1,0
583874,583874,583876,2,0
583874,583874,583876,2,0
583874,583874,583875,1,0
583874,583874,583875,1,0
583874,583874,583876,2,0
583874,583874,583875,1,0
583874,583874,583875,1,0
583874,583874,583875,1,0
583874,583874,583876,2,0
583874,583874,583875,1,0
583874,583874,583875,1,0
583874,583874,583875,1,0
583874,583874,583876,2,0
583874,583874,583875,1,0
583874,583874,583876,2,0
583874,583874,583876,2,0
583874,583874,583876,2,0
583874,583874,583875,1,0
583874,583874,583876,2,0
583874,583874,583876,2,0
583874,583874,583876,2,0
583874,583874,583875,1,0
583874,583874,583877,3,0
583874,583874,583876,2,0
583874,583874,583876,2,0
583874,583874,583876,2,0
583874,583874,583876,2,0
583874,583874,583876,2,0
583874,583874,583876,2,0
583874,583874,583876,2,0
583874,583874,583876,2,0
583874,583874,583877,3,0
583874,583874,583876,2,0
583874,583874,583877,3,0
583874,583874,583877,3,0
583874,583875,583877,2,1
583625,583625,583888,263,0
583651,583652,583892,240,1
583891,583891,583893,2,0
583891,583891,583893,2,0
583891,583891,583893,2,0
583891,583891,583893,2,0
583891,583891,583893,2,0
583891,583891,583892,1,0
583891,583891,583893,2,0
583891,583891,583893,2,0
583891,583891,583893,2,0
583891,583891,583893,2,0
583891,583891,583893,2,0
583891,583891,583893,2,0
583891,583891,583892,1,0
583891,583891,583892,1,0
583891,583891,583892,1,0
583891,583891,583892,1,0
583891,583891,583893,2,0
583891,583891,583893,2,0
583891,583891,583893,2,0
583891,583891,583892,1,0
583891,583891,583893,2,0
583891,583891,583893,2,0
583891,583891,583893,2,0
583891,583891,583892,1,0
583891,583891,583893,2,0
583891,583891,583893,2,0
583891,583891,583892,1,0
583891,583891,583894,3,0
583891,583891,583894,3,0
583891,583891,583894,3,0
583891,583891,583894,3,0
583891,583891,583893,2,0
583891,583891,583893,2,0
583891,583891,583894,3,0
583891,583891,583893,2,0
583891,583891,583893,2,0
583891,583891,583893,2,0
583891,583891,583894,3,0
583891,583891,583893,2,0
583891,583891,583893,2,0
583891,583891,583893,2,0
583891,583891,583894,3,0
583891,583891,583893,2,0
583891,583891,583893,2,0
583891,583891,583894,3,0
583893,583894,583895,1,1
583893,583893,583895,2,0
583893,583893,583895,2,0
583893,583893,583895,2,0
583893,583893,583895,2,0
583893,583893,583895,2,0
583893,583893,583895,2,0
583893,583893,583895,2,0
583893,583893,583895,2,0
583893,583893,583895,2,0
583893,583893,583895,2,0
583893,583893,583895,2,0
583893,583893,583895,2,0
583893,583893,583895,2,0
583893,583893,583895,2,0
583893,583893,583895,2,0
583893,583893,583895,2,0
583893,583893,583895,2,0
583893,583893,583895,2,0
583893,583893,583895,2,0
583893,583893,583895,2,0
583893,583893,583895,2,0
583893,583893,583895,2,0
583893,583893,583895,2,0
583893,583893,583895,2,0
583893,583893,583895,2,0
583893,583893,583895,2,0
583893,583893,583895,2,0
583893,583893,583895,2,0
583893,583894,583896,2,1
583893,583894,583896,2,1
583893,583893,583896,3,0
583893,583893,583896,3,0
583893,583893,583896,3,0
583893,583893,583896,3,0
583893,583893,583896,3,0
583893,583893,583895,2,0
583893,583893,583896,3,0
583893,583893,583895,2,0
583893,583893,583895,2,0
583893,583893,583896,3,0
583893,583894,583896,2,1
583893,583894,583896,2,1
583893,583893,583896,3,0
583893,583893,583896,3,0
583640,583640,583899,259,0
583905,583905,583907,2,0
583905,583905,583907,2,0
583905,583905,583906,1,0
583905,583905,583906,1,0
583905,583905,583907,2,0
583905,583905,583907,2,0
583905,583905,583907,2,0
583905,583905,583906,1,0
583905,583905,583907,2,0
583905,583905,583907,2,0
583905,583905,583907,2,0
583905,583905,583907,2,0
583905,583905,583907,2,0
583905,583905,583907,2,0
583905,583905,583906,1,0
583905,583905,583906,1,0
583905,583905,583907,2,0
583905,583905,583907,2,0
583905,583905,583906,1,0
583905,583905,583907,2,0
583905,583905,583907,2,0
583905,583905,583906,1,0
583905,583905,583907,2,0
583905,583905,583907,2,0
583905,583905,583906,1,0
583905,583905,583907,2,0
583905,583905,583907,2,0
583905,583905,583907,2,0
583905,583905,583907,2,0
583905,583905,583908,3,0
583905,583905,583907,2,0
583905,583905,583907,2,0
583905,583905,583908,3,0
583905,583905,583907,2,0
583905,583905,583907,2,0
583905,583905,583908,3,0
583905,583905,583907,2,0
583905,583905,583908,3,0
583905,583905,583907,2,0
583905,583905,583908,3,0
583905,583905,583908,3,0
583905,583905,583907,2,0
583905,583905,583908,3,0
583905,583905,583907,2,0
583905,583905,583908,3,0
583704,583704,583930,226,0
583934,583934,583936,2,0
583934,583935,583936,1,1
583934,583934,583936,2,0
583934,583934,583935,1,0
583934,583934,583935,1,0
583934,583934,583935,1,0
583934,583934,583936,2,0
583934,583934,583936,2,0
583934,583934,583936,2,0
583934,583934,583936,2,0
583934,583934,583936,2,0
583934,583934,583936,2,0
583934,583934,583936,2,0
583934,583934,583936,2,0
583934,583934,583936,2,0
583934,583934,583936,2,0
583934,583934,583936,2,0
583934,583934,583936,2,0
583934,583934,583936,2,0
583934,583934,583936,2,0
583934,583934,583936,2,0
583934,583934,583936,2,0
583934,583934,583936,2,0
583934,583934,583936,2,0
583934,583934,583935,1,0
583934,583934,583935,1,0
583934,583934,583936,2,0
583934,583934,583935,1,0
583934,583934,583935,1,0
583934,583934,583936,2,0
583934,583935,583936,1,1
583934,583935,583937,2,1
583934,583935,583936,1,1
583934,583934,583936,2,0
583934,583934,583937,3,0
583934,583934,583937,3,0
583934,583934,583936,2,0
583934,583934,583937,3,0
583934,583934,583937,3,0
583934,583934,583936,2,0
583934,583934,583937,3,0
583934,583934,583937,3,0
583934,583934,583937,3,0
583934,583934,583937,3,0
583934,583935,583937,2,1
583679,583679,583938,259,0
583948,583948,583950,2,0
583948,583949,583950,1,1
583948,583949,583950,1,1
583948,583948,583950,2,0
583948,583949,583950,1,1
583948,583948,583950,2,0
583948,583949,583950,1,1
583948,583948,583950,2,0
583948,583949,583950,1,1
583948,583949,583950,1,1
583948,583948,583950,2,0
583948,583948,583950,2,0
583948,583949,583950,1,1
583948,583948,583950,2,0
583948,583948,583950,2,0
583948,583949,583950,1,1
583948,583948,583950,2,0
583948,583948,583950,2,0
583948,583949,583950,1,1
583948,583949,583950,1,1
583948,583948,583950,2,0
583948,583948,583950,2,0
583948,583948,583951,3,0
583948,583949,583950,1,1
583948,583949,583951,2,1
583948,583949,583951,2,1
583948,583949,583950,1,1
583948,583948,583951,3,0
583948,583949,583951,2,1
583948,583948,583951,3,0
583948,583948,583951,3,0
583948,583948,583951,3,0
583948,583948,583951,3,0
583948,583948,583951,3,0
583948,583948,583951,3,0
583948,583948,583951,3,0
583948,583948,583951,3,0
583948,583948,583951,3,0
583948,583948,583951,3,0
583948,583948,583951,3,0
583948,583948,583951,3,0
583948,583949,583951,2,1
583948,583949,583952,3,1
583948,583949,583952,3,1
583948,583949,583952,3,1
583669,583669,583961,292,0
583962,583963,583964,1,1
583962,583963,583964,1,1
583962,583963,583964,1,1
583962,583963,583964,1,1
583962,583963,583964,1,1
583962,583963,583965,2,1
583962,583963,583964,1,1
583962,583963,583964,1,1
583962,583963,583965,2,1
583962,583963,583965,2,1
583962,583963,583965,2,1
583962,583963,583964,1,1
583962,583963,583964,1,1
583962,583963,583964,1,1
583962,583963,583964,1,1
583962,583963,583964,1,1
583962,583963,583964,1,1
583962,583963,583964,1,1
583962,583963,583964,1,1
583962,583963,583964,1,1
583962,583963,583964,1,1
583962,583963,583965,2,1
583962,583963,583964,1,1
583962,583963,583964,1,1
583962,583963,583964,1,1
583962,583963,583965,2,1
583962,583963,583964,1,1
583962,583963,583965,2,1
583962,583963,583965,2,1
583962,583963,583965,2,1
583962,583963,583965,2,1
583962,583963,583965,2,1
583962,583963,583965,2,1
583962,583963,583965,2,1
583962,583963,583965,2,1
583962,583963,583965,2,1
583962,583963,583965,2,1
583962,583963,583965,2,1
583962,583963,583965,2,1
583962,583963,583965,2,1
583962,583963,583965,2,1
583962,583963,583966,3,1
583962,583963,583965,2,1
583694,583696,583966,270,2
583962,583963,583966,3,1
583962,583963,583966,3,1
583763,583763,583978,215,0
583977,583977,583978,1,0
583977,583977,583979,2,0
583977,583977,583979,2,0
583977,583977,583978,1,0
583977,583977,583979,2,0
583977,583977,583979,2,0
583977,583977,583979,2,0
583977,583977,583979,2,0
583977,583977,583979,2,0
583977,583977,583979,2,0
583977,583977,583979,2,0
583977,583977,583979,2,0
583977,583977,583979,2,0
583977,583977,583979,2,0
583977,583977,583978,1,0
583977,583977,583979,2,0
583977,583977,583979,2,0
583977,583977,583979,2,0
583977,583977,583979,2,0
583977,583977,583979,2,0
583977,583977,583979,2,0
583977,583977,583979,2,0
583977,583977,583979,2,0
583977,583977,583979,2,0
583977,583977,583979,2,0
583977,583977,583979,2,0
583977,583977,583979,2,0
583977,583977,583979,2,0
583977,583977,583979,2,0
583977,583977,583980,3,0
583977,583977,583979,2,0
583977,583977,583980,3,0
583977,583977,583980,3,0
583977,583977,583979,2,0
583977,583977,583979,2,0
583977,583977,583979,2,0
583977,583977,583980,3,0
583977,583977,583980,3,0
583977,583977,583980,3,0
583977,583977,583980,3,0
583977,583977,583979,2,0
583977,583977,583980,3,0
583977,583977,583979,2,0
583980,583980,583982,2,0
583980,583980,583982,2,0
583980,583980,583982,2,0
583980,583980,583982,2,0
583980,583980,583982,2,0
583980,583980,583982,2,0
583980,583980,583982,2,0
583980,583980,583982,2,0
583980,583980,583981,1,0
583980,583980,583982,2,0
583980,583980,583982,2,0
583980,583980,583982,2,0
583980,583980,583982,2,0
583980,583980,583982,2,0
583980,583980,583982,2,0
583980,583980,583982,2,0
583980,583980,583982,2,0
583980,583980,583982,2,0
583980,583980,583982,2,0
583980,583980,583982,2,0
583980,583980,583982,2,0
583980,583980,583982,2,0
583980,583980,583982,2,0
583980,583980,583982,2,0
583980,583980,583982,2,0
583980,583980,583982,2,0
583980,583980,583982,2,0
583980,583980,583982,2,0
583980,583980,583982,2,0
583977,583977,583983,6,0
583977,583977,583983,6,0
583980,583980,583983,3,0
583980,583980,583983,3,0
583980,583980,583983,3,0
583980,583980,583983,3,0
583980,583980,583982,2,0
583980,583980,583983,3,0
583980,583980,583983,3,0
583980,583980,583983,3,0
583980,583980,583983,3,0
583980,583980,583982,2,0
583980,583980,583983,3,0
583980,583980,583983,3,0
583980,583980,583983,3,0
583980,583980,583983,3,0
583980,583980,583982,2,0
583980,583980,583983,3,0
583723,583737,583993,256,14
583714,583714,583999,285,0
583732,583732,584001,269,0
584001,584001,584002,1,0
584001,584001,584002,1,0
584001,584001,584002,1,0
584001,584001,584002,1,0
584001,584001,584002,1,0
584001,584001,584002,1,0
584001,584001,584003,2,0
584001,584001,584003,2,0
584001,584001,584002,1,0
584001,584001,584002,1,0
584001,584001,584002,1,0
583753,583753,584002,249,0
584001,584001,584003,2,0
584001,584001,584002,1,0
584001,584001,584002,1,0
584001,584001,584002,1,0
584001,584001,584002,1,0
584001,584001,584003,2,0
584001,584001,584003,2,0
584001,584001,584004,3,0
584001,584001,584003,2,0
584001,584001,584003,2,0
584001,584001,584003,2,0
584001,584001,584003,2,0
584001,584001,584004,3,0
584001,584001,584003,2,0
584001,584001,584003,2,0
584001,584001,584003,2,0
584001,584001,584003,2,0
584001,584001,584003,2,0
584001,584001,584003,2,0
584001,584001,584004,3,0
584001,584001,584003,2,0
584001,584001,584003,2,0
584001,584001,584003,2,0
584001,584001,584004,3,0
584003,584003,584004,1,0
584003,584003,584004,1,0
584003,584003,584004,1,0
584003,584003,584004,1,0
584003,584003,584004,1,0
584003,584003,584004,1,0
584003,584003,584004,1,0
584003,584003,584004,1,0
584003,584003,584005,2,0
584003,584003,584005,2,0
584003,584003,584004,1,0
584003,584003,584004,1,0
584003,584003,584005,2,0
584003,584003,584004,1,0
584003,584003,584005,2,0
584003,584003,584004,1,0
584003,584003,584004,1,0
584003,584003,584005,2,0
584003,584004,584005,1,1
584003,584004,584005,1,1
584003,584003,584004,1,0
584003,584003,584004,1,0
584003,584004,584005,1,1
584003,584004,584005,1,1
584003,584004,584005,1,1
584003,584003,584004,1,0
584003,584003,584004,1,0
584003,584004,584005,1,1
584001,584001,584004,3,0
584001,584001,584005,4,0
584001,584001,584004,3,0
584003,584003,584005,2,0
584003,584003,584005,2,0
584003,584003,584005,2,0
584003,584003,584005,2,0
584003,584003,584005,2,0
584003,584004,584005,1,1
584005,584005,584006,1,0
584005,584005,584006,1,0
584003,584003,584005,2,0
584003,584003,584005,2,0
584003,584003,584005,2,0
584003,584004,584005,1,1
584003,584004,584005,1,1
584003,584004,584005,1,1
584003,584003,584005,2,0
584003,584003,584005,2,0
584003,584003,584005,2,0
584003,584003,584005,2,0
584003,584003,584005,2,0
584001,584001,584005,4,0
584001,584004,584006,2,3
584001,584004,584006,2,3
584001,584005,584006,1,4
584001,584005,584006,1,4
584005,584005,584006,1,0
584005,584005,584007,2,0
584005,584005,584006,1,0
584005,584005,584006,1,0
584005,584005,584006,1,0
584005,584005,584006,1,0
584005,584005,584007,2,0
584005,584005,584007,2,0
584005,584005,584007,2,0
584005,584005,584007,2,0
584005,584005,584006,1,0
584005,584005,584006,1,0
584005,584006,584007,1,1
584005,584006,584007,1,1
584005,584006,584007,1,1
584005,584005,584007,2,0
584005,584005,584007,2,0
584005,584005,584006,1,0
584005,584005,584007,2,0
584005,584005,584007,2,0
584005,584005,584007,2,0
584005,584005,584006,1,0
584005,584005,584006,1,0
584005,584005,584007,2,0
584005,584005,584006,1,0
584005,584005,584006,1,0
584005,584005,584006,1,0
584005,584005,584006,1,0
584005,584005,584006,1,0
584005,584005,584006,1,0
584005,584005,584007,2,0
584005,584005,584006,1,0
584001,584004,584007,3,3
584001,584004,584007,3,3
584005,584005,584007,2,0
584005,584005,584007,2,0
584005,584005,584007,2,0
584005,584005,584007,2,0
584005,584005,584007,2,0
584005,584005,584007,2,0
584005,584005,584008,3,0
584005,584005,584008,3,0
584005,584005,584007,2,0
584005,584005,584008,3,0
584005,584006,584007,1,1
584016,584017,584018,1,1
584016,584017,584018,1,1
584016,584017,584018,1,1
584016,584017,584018,1,1
584016,584017,584019,2,1
584016,584017,584018,1,1
584016,584017,584018,1,1
584016,584017,584018,1,1
583759,583759,584018,259,0
584016,584017,584018,1,1
584016,584017,584019,2,1
584016,584017,584018,1,1
584016,584017,584019,2,1
584016,584017,584019,2,1
584016,584017,584019,2,1
584016,584017,584018,1,1
584016,584017,584018,1,1
584016,584017,584018,1,1
584016,584017,584018,1,1
584016,584017,584018,1,1
584016,584017,584018,1,1
584016,584017,584019,2,1
584016,584017,584018,1,1
584016,584017,584019,2,1
584016,584017,584018,1,1
584016,584017,584018,1,1
584016,584017,584018,1,1
584016,584017,584018,1,1
584016,584017,584019,2,1
584016,584017,584019,2,1
584016,584017,584018,1,1
584016,584017,584019,2,1
584016,584017,584019,2,1
584016,584017,584019,2,1
584016,584017,584019,2,1
584016,584017,584019,2,1
584016,584017,584019,2,1
584016,584017,584019,2,1
584016,584017,584019,2,1
584016,584017,584019,2,1
584016,584017,584019,2,1
584016,584017,584019,2,1
584016,584017,584020,3,1
584016,584017,584019,2,1
584016,584017,584019,2,1
584016,584017,584020,3,1
583776,583777,584027,250,1
584034,584034,584036,2,0
584034,584034,584036,2,0
584034,584034,584036,2,0
584034,584035,584036,1,1
584034,584035,584036,1,1
584034,584035,584036,1,1
584034,584035,584036,1,1
584034,584035,584036,1,1
584034,584035,584036,1,1
584034,584034,584036,2,0
584034,584034,584036,2,0
584034,584035,584036,1,1
584034,584035,584036,1,1
584034,584034,584036,2,0
584034,584035,584036,1,1
584034,584035,584036,1,1
584034,584034,584036,2,0
584034,584035,584036,1,1
584034,584035,584036,1,1
584034,584034,584036,2,0
584034,584034,584036,2,0
584034,584035,584036,1,1
584034,584035,584036,1,1
584034,584034,584036,2,0
584034,584034,584036,2,0
584034,584034,584036,2,0
584034,584035,584036,1,1
584034,584035,584036,1,1
584034,584034,584037,3,0
584034,584034,584037,3,0
584034,584035,584037,2,1
584034,584035,584037,2,1
584034,584035,584037,2,1
584034,584034,584037,3,0
584034,584034,584037,3,0
584034,584035,584037,2,1
584034,584034,584037,3,0
584034,584034,584037,3,0
584034,584034,584037,3,0
584034,584035,584037,2,1
584034,584035,584037,2,1
584041,584041,584043,2,0
584041,584041,584043,2,0
584041,584041,584043,2,0
584041,584041,584043,2,0
584041,584041,584043,2,0
584041,584041,584043,2,0
584041,584041,584043,2,0
584041,584041,584043,2,0
584041,584041,584043,2,0
584041,584041,584043,2,0
584041,584042,584043,1,1
584041,584042,584043,1,1
584041,584042,584043,1,1
584041,584042,584043,1,1
584041,584041,584043,2,0
584041,584041,584043,2,0
584041,584042,584043,1,1
584041,584042,584043,1,1
584041,584041,584043,2,0
584041,584041,584043,2,0
584041,584042,584043,1,1
584041,584042,584043,1,1
584041,584041,584043,2,0
584041,584042,584043,1,1
584041,584042,584043,1,1
584041,584041,584043,2,0
584041,584041,584043,2,0
584041,584041,584043,2,0
584041,584042,584043,1,1
584041,584042,584043,1,1
584041,584041,584044,3,0
584041,584041,584044,3,0
584041,584041,584044,3,0
584041,584041,584044,3,0
584041,584041,584044,3,0
584041,584042,584044,2,1
584041,584041,584044,3,0
584041,584041,584044,3,0
584041,584041,584044,3,0
584041,584041,584044,3,0
584041,584041,584044,3,0
584041,584041,584044,3,0
584041,584041,584044,3,0
584041,584042,584045,3,1
584034,584045,584047,2,11
584034,584045,584046,1,11
584034,584045,584046,1,11
584034,584045,584047,2,11
584041,584045,584048,3,4
583804,583804,584048,244,0
584060,584060,584062,2,0
584060,584060,584061,1,0
584060,584060,584062,2,0
584060,584060,584061,1,0
584060,584060,584062,2,0
584060,584060,584061,1,0
584060,584060,584061,1,0
584060,584060,584062,2,0
584060,584060,584061,1,0
584060,584060,584061,1,0
584060,584060,584062,2,0
584060,584060,584061,1,0
584060,584060,584061,1,0
584060,584060,584061,1,0
584060,584060,584061,1,0
584060,584060,584061,1,0
584060,584060,584062,2,0
584060,584060,584061,1,0
584060,584060,584061,1,0
584060,584060,584061,1,0
584060,584060,584061,1,0
584060,584060,584061,1,0
584060,584060,584061,1,0
584060,584060,584061,1,0
584060,584060,584061,1,0
584060,584060,584061,1,0
584060,584060,584061,1,0
584060,584060,584061,1,0
584060,584060,584062,2,0
584060,584060,584062,2,0
584060,584060,584061,1,0
584060,584060,584062,2,0
584060,584060,584062,2,0
584060,584060,584063,3,0
584060,584060,584063,3,0
584060,584060,584062,2,0
584060,584060,584062,2,0
584060,584060,584062,2,0
584060,584060,584062,2,0
584060,584060,584062,2,0
584060,584060,584062,2,0
584060,584060,584062,2,0
584060,584060,584062,2,0
584060,584060,584062,2,0
584060,584060,584062,2,0
583798,583798,584068,270,0
584068,584068,584070,2,0
584068,584069,584070,1,1
584068,584068,584070,2,0
584068,584068,584070,2,0
584068,584069,584070,1,1
584068,584068,584070,2,0
584068,584068,584070,2,0
584068,584068,584070,2,0
584068,584069,584070,1,1
584068,584069,584070,1,1
584068,584069,584070,1,1
584068,584069,584070,1,1
584068,584068,584070,2,0
584068,584068,584070,2,0
584068,584068,584070,2,0
584068,584068,584070,2,0
584068,584068,584070,2,0
584068,584068,584070,2,0
584068,584068,584070,2,0
584068,584068,584070,2,0
584068,584069,584070,1,1
584068,584069,584070,1,1
584068,584068,584070,2,0
584068,584068,584070,2,0
584068,584068,584070,2,0
584068,584068,584070,2,0
584068,584069,584070,1,1
584068,584068,584071,3,0
584068,584068,584071,3,0
584068,584069,584071,2,1
584068,584069,584070,1,1
584068,584069,584071,2,1
584068,584069,584071,2,1
584068,584068,584071,3,0
584068,584068,584070,2,0
584068,584068,584071,3,0
584068,584069,584072,3,1
584068,584069,584071,2,1
584068,584068,584071,3,0
584068,584068,584071,3,0
584068,584068,584071,3,0
584068,584068,584071,3,0
584068,584068,584071,3,0
584068,584068,584071,3,0
584068,584068,584071,3,0
583815,583816,584078,262,1
583796,583796,584083,287,0
583813,583813,584087,274,0
584087,584087,584088,1,0
584087,584087,584088,1,0
584087,584087,584088,1,0
584087,584087,584088,1,0
584087,584087,584089,2,0
584087,584087,584089,2,0
584087,584087,584089,2,0
584087,584087,584089,2,0
584087,584087,584089,2,0
584087,584087,584088,1,0
584087,584087,584089,2,0
584087,584087,584088,1,0
584087,584087,584088,1,0
584087,584087,584089,2,0
584087,584087,584089,2,0
584087,584087,584089,2,0
584087,584087,584088,1,0
584087,584087,584089,2,0
584087,584087,584089,2,0
584087,584087,584088,1,0
584087,584087,584089,2,0
584087,584087,584089,2,0
584087,584087,584088,1,0
584087,584087,584088,1,0
584087,584087,584089,2,0
584087,584087,584089,2,0
584087,584087,584089,2,0
584087,584087,584088,1,0
584087,584087,584089,2,0
584087,584087,584089,2,0
584087,584087,584089,2,0
584087,584087,584089,2,0
584087,584087,584088,1,0
584087,584087,584089,2,0
584087,584087,584089,2,0
584087,584087,584088,1,0
584087,584087,584089,2,0
584087,584087,584088,1,0
584087,584087,584089,2,0
584087,584087,584089,2,0
584087,584087,584089,2,0
584087,584087,584089,2,0
584087,584087,584089,2,0
584087,584087,584089,2,0
584087,584087,584089,2,0
584087,584088,584089,1,1
584087,584087,584089,2,0
584087,584087,584090,3,0
584087,584087,584089,2,0
584087,584087,584089,2,0
584087,584087,584089,2,0
584087,584087,584089,2,0
584087,584087,584089,2,0
584087,584087,584090,3,0
584087,584087,584090,3,0
584087,584089,584090,1,2
584087,584089,584090,1,2
584087,584089,584090,1,2
584087,584089,584090,1,2
584087,584087,584090,3,0
584087,584087,584090,3,0
584087,584087,584090,3,0
584087,584088,584090,2,1
584087,584088,584090,2,1
584087,584087,584090,3,0
584087,584087,584090,3,0
584087,584089,584090,1,2
584087,584089,584090,1,2
584087,584089,584090,1,2
584087,584089,584090,1,2
584087,584087,584090,3,0
584087,584089,584090,1,2
584087,584089,584090,1,2
584087,584089,584090,1,2
584087,584089,584090,1,2
584087,584087,584090,3,0
584087,584089,584090,1,2
584087,584087,584090,3,0
584087,584089,584090,1,2
584087,584089,584090,1,2
584087,584089,584090,1,2
584087,584087,584090,3,0
584087,584087,584090,3,0
584087,584087,584090,3,0
584087,584087,584090,3,0
584087,584087,584090,3,0
584087,584087,584090,3,0
584087,584087,584090,3,0
584087,584087,584090,3,0
584087,584089,584091,2,2
584089,584090,584091,1,1
584089,584090,584091,1,1
584089,584091,584092,1,2
584089,584091,584092,1,2
584089,584091,584092,1,2
584089,584090,584092,2,1
584089,584090,584091,1,1
584089,584090,584091,1,1
584089,584090,584091,1,1
584089,584090,584091,1,1
584089,584090,584091,1,1
584089,584090,584092,2,1
584089,584090,584091,1,1
584089,584090,584091,1,1
584089,584090,584091,1,1
584089,584090,584091,1,1
584089,584090,584091,1,1
584089,584090,584092,2,1
584089,584090,584091,1,1
584089,584090,584091,1,1
584089,584090,584091,1,1
584089,584090,584092,2,1
584089,584090,584091,1,1
584089,584090,584092,2,1
584089,584090,584092,2,1
584089,584091,584092,1,2
584089,584091,584092,1,2
584089,584091,584092,1,2
584089,584090,584091,1,1
584089,584090,584091,1,1
584089,584090,584092,2,1
584089,584090,584092,2,1
584089,584090,584092,2,1
584089,584091,584092,1,2
584089,584091,584092,1,2
584089,584090,584092,2,1
584089,584090,584092,2,1
584089,584090,584092,2,1
584089,584090,584092,2,1
584089,584090,584092,2,1
584089,584090,584092,2,1
584089,584090,584092,2,1
584089,584090,584092,2,1
584089,584091,584092,1,2
584089,584091,584092,1,2
583892,583892,584098,206,0
584108,584108,584109,1,0
584108,584108,584109,1,0
584108,584108,584109,1,0
584108,584108,584110,2,0
584108,584108,584109,1,0
584108,584108,584109,1,0
584108,584108,584109,1,0
584108,584108,584109,1,0
584108,584108,584109,1,0
584108,584108,584109,1,0
584108,584108,584109,1,0
584108,584108,584109,1,0
584108,584108,584109,1,0
584108,584108,584110,2,0
584108,584108,584109,1,0
584108,584108,584109,1,0
584108,584108,584109,1,0
584108,584108,584109,1,0
584108,584108,584109,1,0
584108,584108,584109,1,0
584108,584108,584109,1,0
584108,584108,584109,1,0
584108,584108,584109,1,0
584108,584108,584109,1,0
584108,584108,584109,1,0
584108,584108,584109,1,0
584108,584108,584109,1,0
584108,584108,584110,2,0
584108,584108,584109,1,0
584108,584108,584110,2,0
584108,584108,584110,2,0
584108,584108,584110,2,0
584108,584108,584110,2,0
584108,584108,584110,2,0
584108,584108,584110,2,0
584108,584108,584110,2,0
584108,584108,584110,2,0
584108,584108,584110,2,0
584108,584108,584110,2,0
584108,584108,584110,2,0
584108,584108,584110,2,0
584108,584108,584111,3,0
584108,584108,584110,2,0
584108,584108,584110,2,0
584108,584108,584110,2,0
583894,583894,584119,225,0
584126,584126,584128,2,0
584126,584126,584128,2,0
584126,584126,584128,2,0
584126,584126,584127,1,0
584126,584126,584127,1,0
584126,584126,584127,1,0
584126,584126,584127,1,0
584126,584126,584127,1,0
584126,584126,584127,1,0
584126,584126,584128,2,0
584126,584126,584127,1,0
584126,584126,584128,2,0
584126,584126,584127,1,0
584126,584126,584127,1,0
584126,584126,584127,1,0
584126,584126,584128,2,0
584126,584126,584127,1,0
584126,584126,584127,1,0
584126,584126,584128,2,0
584126,584126,584128,2,0
584126,584126,584127,1,0
584126,584126,584127,1,0
584126,584126,584127,1,0
584126,584126,584128,2,0
584126,584126,584128,2,0
584126,584126,584127,1,0
584126,584126,584127,1,0
584126,584126,584127,1,0
584126,584126,584127,1,0
584126,584126,584127,1,0
584126,584126,584128,2,0
584126,584126,584129,3,0
584126,584126,584128,2,0
584126,584126,584128,2,0
584126,584126,584128,2,0
584126,584126,584129,3,0
584126,584126,584128,2,0
584126,584126,584128,2,0
584126,584126,584128,2,0
584126,584126,584128,2,0
584126,584126,584128,2,0
584126,584126,584129,3,0
584126,584126,584128,2,0
584126,584126,584128,2,0
584126,584126,584129,3,0
583875,583875,584130,255,0
584139,584139,584141,2,0
584139,584139,584141,2,0
584139,584139,584140,1,0
584139,584139,584140,1,0
584139,584139,584140,1,0
584139,584139,584141,2,0
584139,584139,584140,1,0
584139,584139,584140,1,0
584139,584139,584140,1,0
584139,584139,584140,1,0
584139,584139,584140,1,0
584139,584139,584140,1,0
584139,584139,584140,1,0
584139,584139,584140,1,0
584139,584139,584140,1,0
584139,584139,584140,1,0
584139,584139,584140,1,0
584139,584139,584141,2,0
584139,584139,584141,2,0
584139,584139,584141,2,0
584139,584139,584140,1,0
584139,584139,584140,1,0
584139,584139,584140,1,0
584139,584139,584141,2,0
584139,584139,584140,1,0
584139,584139,584140,1,0
584139,584139,584140,1,0
584139,584139,584141,2,0
584139,584139,584141,2,0
584139,584139,584140,1,0
584139,584139,584141,2,0
584139,584139,584141,2,0
584139,584139,584141,2,0
584139,584139,584141,2,0
584139,584139,584141,2,0
584139,584139,584141,2,0
584139,584139,584141,2,0
584139,584139,584141,2,0
584139,584139,584141,2,0
584139,584139,584141,2,0
584139,584139,584141,2,0
584139,584139,584141,2,0
584139,584139,584142,3,0
584139,584139,584141,2,0
584139,584139,584141,2,0
583950,583950,584158,208,0
583906,583906,584159,253,0
584158,584159,584160,1,1
584158,584158,584160,2,0
584158,584158,584160,2,0
584158,584159,584160,1,1
584158,584158,584160,2,0
584158,584159,584160,1,1
584158,584158,584160,2,0
584158,584158,584160,2,0
584158,584159,584160,1,1
584158,584159,584160,1,1
584158,584158,584160,2,0
584158,584158,584160,2,0
584158,584159,584160,1,1
584158,584158,584160,2,0
584158,584159,584160,1,1
584158,584159,584160,1,1
584158,584158,584160,2,0
584158,584158,584160,2,0
584158,584159,584160,1,1
584158,584158,584160,2,0
584158,584159,584160,1,1
584158,584159,584160,1,1
584158,584159,584160,1,1
584158,584159,584160,1,1
584158,584158,584160,2,0
584158,584159,584160,1,1
584158,584158,584160,2,0
584158,584158,584161,3,0
584158,584158,584160,2,0
584158,584159,584161,2,1
584158,584158,584160,2,0
584158,584159,584161,2,1
584158,584159,584161,2,1
584158,584158,584161,3,0
584158,584158,584161,3,0
584160,584160,584162,2,0
584160,584161,584162,1,1
584158,584158,584161,3,0
584158,584158,584161,3,0
584160,584160,584161,1,0
584158,584158,584161,3,0
584158,584158,584161,3,0
584160,584160,584161,1,0
584158,584158,584161,3,0
584158,584158,584161,3,0
584158,584159,584161,2,1
584158,584159,584161,2,1
584160,584160,584161,1,0
584160,584161,584162,1,1
584158,584158,584161,3,0
584158,584158,584161,3,0
584160,584160,584161,1,0
584160,584161,584162,1,1
584160,584160,584162,2,0
584160,584160,584162,2,0
584160,584160,584162,2,0
584160,584160,584161,1,0
584160,584160,584162,2,0
584160,584160,584162,2,0
584160,584160,584161,1,0
584160,584160,584162,2,0
584160,584160,584162,2,0
584160,584160,584162,2,0
584160,584160,584162,2,0
584160,584160,584163,3,0
584160,584160,584162,2,0
584160,584161,584162,1,1
584160,584161,584162,1,1
584160,584160,584163,3,0
584160,584160,584162,2,0
584160,584161,584162,1,1
584160,584161,584162,1,1
584160,584160,584162,2,0
584160,584160,584163,3,0
584160,584160,584162,2,0
584160,584161,584162,1,1
584160,584161,584162,1,1
584160,584160,584162,2,0
584160,584161,584162,1,1
584160,584161,584162,1,1
584160,584160,584162,2,0
584160,584161,584162,1,1
584160,584161,584162,1,1
584160,584160,584163,3,0
584160,584160,584162,2,0
584160,584160,584163,3,0
584160,584160,584162,2,0
584160,584160,584162,2,0
584160,584160,584163,3,0
584160,584160,584162,2,0
583964,583964,584201,237,0
584203,584203,584205,2,0
584203,584203,584204,1,0
583935,583935,584205,270,0
584203,584203,584205,2,0
584203,584203,584205,2,0
584203,584203,584205,2,0
584203,584203,584205,2,0
584203,584203,584205,2,0
584203,584203,584205,2,0
584203,584203,584205,2,0
584203,584203,584205,2,0
584203,584203,584204,1,0
584203,584203,584205,2,0
584203,584203,584205,2,0
584203,584203,584205,2,0
584203,584203,584205,2,0
584203,584203,584205,2,0
584203,584203,584205,2,0
584203,584203,584205,2,0
584203,584203,584205,2,0
584203,584203,584205,2,0
584203,584203,584205,2,0
584203,584203,584205,2,0
584203,584203,584205,2,0
584203,584203,584205,2,0
584203,584203,584205,2,0
584203,584203,584205,2,0
584203,584203,584205,2,0
584203,584203,584205,2,0
584203,584203,584204,1,0
584203,584203,584205,2,0
584203,584203,584205,2,0
584203,584203,584205,2,0
584203,584203,584206,3,0
584203,584203,584206,3,0
584203,584203,584205,2,0
584203,584203,584205,2,0
584203,584203,584205,2,0
584203,584203,584206,3,0
584203,584203,584205,2,0
584203,584203,584206,3,0
584203,584203,584206,3,0
584203,584203,584206,3,0
584203,584203,584206,3,0
584203,584203,584206,3,0
584203,584203,584206,3,0
584206,584206,584208,2,0
584206,584206,584208,2,0
584206,584206,584208,2,0
584206,584206,584208,2,0
584206,584206,584208,2,0
584206,584206,584208,2,0
584206,584206,584208,2,0
584206,584206,584208,2,0
584206,584206,584208,2,0
584206,584206,584208,2,0
584206,584206,584208,2,0
584206,584206,584208,2,0
584206,584206,584208,2,0
584206,584206,584208,2,0
584206,584206,584208,2,0
584206,584206,584208,2,0
584206,584206,584208,2,0
584206,584206,584208,2,0
584206,584206,584208,2,0
584206,584206,584208,2,0
584206,584206,584208,2,0
584206,584206,584208,2,0
584206,584206,584208,2,0
584206,584206,584208,2,0
584206,584206,584208,2,0
584206,584206,584208,2,0
584206,584206,584208,2,0
584206,584206,584208,2,0
584206,584206,584208,2,0
584206,584206,584209,3,0
584206,584206,584209,3,0
584206,584206,584209,3,0
584206,584206,584209,3,0
584206,584206,584208,2,0
584206,584206,584209,3,0
584206,584206,584209,3,0
584206,584206,584209,3,0
584206,584206,584209,3,0
584206,584206,584209,3,0
584206,584206,584209,3,0
584206,584206,584209,3,0
584206,584206,584209,3,0
584206,584206,584209,3,0
584206,584206,584209,3,0
584206,584206,584209,3,0
583979,583979,584254,275,0
584255,584255,584257,2,0
584255,584255,584257,2,0
584255,584255,584257,2,0
584255,584255,584257,2,0
584255,584255,584257,2,0
584255,584255,584257,2,0
584255,584255,584257,2,0
584255,584255,584257,2,0
584255,584255,584257,2,0
584255,584255,584257,2,0
584255,584255,584257,2,0
584255,584255,584257,2,0
584255,584255,584257,2,0
584255,584255,584257,2,0
584255,584255,584257,2,0
584255,584255,584257,2,0
584255,584255,584257,2,0
584255,584255,584257,2,0
584255,584255,584257,2,0
584255,584255,584257,2,0
584255,584255,584257,2,0
584255,584255,584257,2,0
584255,584255,584257,2,0
584255,584255,584257,2,0
584255,584255,584257,2,0
584255,584255,584257,2,0
584255,584255,584257,2,0
584255,584255,584257,2,0
584255,584255,584257,2,0
584255,584255,584257,2,0
584255,584255,584257,2,0
584255,584255,584257,2,0
584255,584255,584257,2,0
584255,584255,584258,3,0
584255,584255,584258,3,0
584255,584255,584258,3,0
584255,584255,584257,2,0
584255,584255,584258,3,0
584255,584255,584257,2,0
584255,584255,584257,2,0
584255,584255,584258,3,0
584255,584255,584258,3,0
584255,584255,584258,3,0
584255,584255,584258,3,0
584255,584255,584258,3,0
583981,583981,584270,289,0
584271,584271,584272,1,0
584271,584271,584272,1,0
584271,584271,584272,1,0
584271,584271,584272,1,0
584271,584271,584272,1,0
584271,584271,584272,1,0
584271,584271,584272,1,0
584271,584271,584272,1,0
584271,584271,584272,1,0
584271,584271,584272,1,0
584271,584271,584272,1,0
584271,584271,584272,1,0
584271,584271,584272,1,0
584271,584271,584272,1,0
584271,584271,584272,1,0
584271,584271,584272,1,0
584271,584271,584272,1,0
584271,584271,584272,1,0
584271,584271,584273,2,0
584271,584271,584272,1,0
584271,584271,584272,1,0
584271,584271,584272,1,0
584271,584271,584273,2,0
584271,584271,584272,1,0
584271,584271,584272,1,0
584271,584271,584272,1,0
584271,584271,584272,1,0
584271,584271,584272,1,0
584271,584271,584273,2,0
584271,584271,584273,2,0
584271,584271,584273,2,0
584271,584271,584273,2,0
584271,584271,584273,2,0
584271,584271,584273,2,0
584271,584271,584273,2,0
584271,584271,584273,2,0
584271,584271,584273,2,0
584271,584271,584273,2,0
584271,584271,584273,2,0
584271,584271,584273,2,0
584271,584271,584273,2,0
584271,584271,584273,2,0
584271,584271,584273,2,0
584271,584271,584273,2,0
584271,584271,584273,2,0
586368,586369,586639,270,1
586374,586374,586639,265,0
586370,586370,586639,269,0
586640,586640,586642,2,0
586640,586640,586642,2,0
586640,586640,586642,2,0
586640,586640,586642,2,0
586640,586640,586642,2,0
586640,586640,586642,2,0
586640,586640,586642,2,0
586640,586640,586642,2,0
586640,586640,586642,2,0
586640,586640,586642,2,0
586640,586640,586642,2,0
586640,586640,586642,2,0
586640,586640,586642,2,0
586640,586640,586642,2,0
586640,586640,586642,2,0
586640,586640,586642,2,0
586640,586640,586642,2,0
586640,586640,586642,2,0
586640,586640,586642,2,0
586640,586640,586642,2,0
586640,586640,586642,2,0
586640,586640,586642,2,0
586640,586641,586642,1,1
586640,586640,586642,2,0
586640,586640,586642,2,0
586640,586640,586642,2,0
586640,586640,586642,2,0
586640,586640,586642,2,0
586640,586640,586642,2,0
586640,586640,586642,2,0
586640,586640,586642,2,0
586640,586640,586642,2,0
586640,586640,586641,1,0
586640,586640,586641,1,0
586640,586640,586642,2,0
586640,586640,586642,2,0
586640,586640,586642,2,0
586640,586640,586642,2,0
586640,586640,586642,2,0
586640,586640,586642,2,0
586640,586640,586642,2,0
586640,586640,586643,3,0
586640,586640,586643,3,0
586640,586640,586643,3,0
586640,586640,586643,3,0
586640,586640,586643,3,0
586640,586640,586643,3,0
586640,586640,586643,3,0
586640,586641,586643,2,1
586640,586640,586643,3,0
586640,586640,586643,3,0
586640,586640,586643,3,0
586640,586640,586643,3,0
586640,586640,586643,3,0
586640,586640,586643,3,0
586640,586640,586643,3,0
586640,586640,586643,3,0
586640,586640,586643,3,0
586640,586640,586643,3,0
586640,586640,586643,3,0
586640,586640,586643,3,0
586640,586640,586643,3,0
586640,586643,586645,2,3
586640,586643,586644,1,3
586640,586643,586644,1,3
586640,586643,586644,1,3
586642,586643,586644,1,1
586640,586643,586645,2,3
586640,586643,586644,1,3
586640,586643,586644,1,3
586642,586643,586644,1,1
586640,586640,586644,4,0
586640,586643,586644,1,3
586640,586643,586644,1,3
586642,586643,586644,1,1
586640,586643,586644,1,3
586642,586643,586644,1,1
586642,586643,586644,1,1
586640,586643,586644,1,3
586640,586643,586644,1,3
586640,586643,586644,1,3
586642,586643,586644,1,1
586642,586643,586645,2,1
586640,586643,586645,2,3
586640,586643,586644,1,3
586640,586643,586644,1,3
586640,586643,586644,1,3
586642,586643,586644,1,1
586640,586643,586645,2,3
586640,586643,586645,2,3
586640,586643,586644,1,3
586640,586643,586644,1,3
586642,586643,586644,1,1
586642,586643,586644,1,1
586640,586643,586644,1,3
586642,586643,586645,2,1
586642,586643,586644,1,1
586642,586644,586646,2,2
586642,586644,586646,2,2
586642,586644,586646,2,2
586640,586643,586645,2,3
586642,586644,586646,2,2
586640,586642,586645,3,2
586642,586644,586646,2,2
586642,586644,586645,1,2
586642,586644,586645,1,2
586640,586643,586645,2,3
586642,586643,586645,2,1
586642,586644,586645,1,2
586640,586643,586645,2,3
586642,586645,586646,1,3
586642,586644,586645,1,2
586642,586644,586645,1,2
586642,586645,586646,1,3
586640,586643,586645,2,3
586642,586644,586645,1,2
586642,586644,586645,1,2
586642,586644,586646,2,2
586642,586644,586646,2,2
586642,586644,586646,2,2
586642,586644,586646,2,2
586642,586644,586646,2,2
586642,586644,586646,2,2
586642,586644,586646,2,2
586642,586645,586646,1,3
586642,586645,586646,1,3
586642,586645,586646,1,3
586642,586645,586646,1,3
586642,586644,586646,2,2
586642,586644,586646,2,2
586642,586645,586646,1,3
586642,586645,586646,1,3
586642,586645,586646,1,3
586642,586645,586646,1,3
586642,586645,586646,1,3
586372,586372,586649,277,0
586350,586350,586653,303,0
586662,586663,586664,1,1
586662,586663,586664,1,1
586662,586663,586664,1,1
586662,586663,586664,1,1
586662,586663,586664,1,1
586662,586663,586664,1,1
586662,586663,586664,1,1
586662,586663,586664,1,1
586662,586663,586664,1,1
586662,586663,586664,1,1
586662,586663,586664,1,1
586662,586663,586664,1,1
586662,586663,586664,1,1
586662,586663,586664,1,1
586662,586663,586664,1,1
586662,586663,586664,1,1
586662,586663,586664,1,1
586662,586663,586664,1,1
586662,586663,586664,1,1
586662,586663,586664,1,1
586662,586663,586664,1,1
586662,586663,586664,1,1
586662,586663,586664,1,1
586662,586663,586665,2,1
586663,586664,586665,1,1
586663,586664,586665,1,1
586662,586663,586664,1,1
586662,586663,586664,1,1
586662,586663,586664,1,1
586662,586663,586664,1,1
586662,586663,586665,2,1
586662,586663,586665,2,1
586662,586663,586665,2,1
586663,586664,586665,1,1
586663,586664,586665,1,1
586662,586663,586665,2,1
586663,586664,586665,1,1
586663,586664,586666,2,1
586662,586663,586665,2,1
586662,586663,586665,2,1
586662,586663,586665,2,1
586662,586663,586665,2,1
586663,586664,586665,1,1
586663,586664,586665,1,1
586662,586663,586665,2,1
586662,586663,586665,2,1
586663,586664,586665,1,1
586663,586664,586665,1,1
586662,586663,586666,3,1
586662,586663,586665,2,1
586663,586664,586665,1,1
586662,586663,586666,3,1
586662,586663,586665,2,1
586663,586664,586665,1,1
586662,586663,586665,2,1
586662,586663,586665,2,1
586662,586663,586665,2,1
586663,586664,586666,2,1
586663,586664,586666,2,1
586663,586665,586666,1,2
586663,586665,586666,1,2
586663,586665,586667,2,2
586663,586665,586667,2,2
586663,586665,586666,1,2
586663,586664,586666,2,1
586663,586665,586666,1,2
586663,586665,586666,1,2
586663,586665,586666,1,2
586663,586664,586666,2,1
586663,586665,586666,1,2
586663,586665,586666,1,2
586663,586665,586666,1,2
586663,586665,586667,2,2
586663,586665,586666,1,2
586663,586665,586666,1,2
586663,586665,586666,1,2
586663,586665,586667,2,2
586663,586665,586667,2,2
586663,586665,586666,1,2
586663,586665,586666,1,2
586663,586665,586667,2,2
586663,586665,586666,1,2
586663,586665,586666,1,2
586663,586665,586666,1,2
586663,586665,586666,1,2
586663,586665,586667,2,2
586663,586665,586667,2,2
586663,586665,586667,2,2
586663,586665,586667,2,2
586349,586349,586669,320,0
586351,586351,586669,318,0
586353,586353,586678,325,0
586681,586681,586682,1,0
586681,586681,586682,1,0
586681,586681,586683,2,0
586681,586681,586683,2,0
586681,586681,586682,1,0
586681,586681,586682,1,0
586681,586681,586683,2,0
586681,586681,586682,1,0
586681,586681,586682,1,0
586681,586681,586682,1,0
586681,586681,586683,2,0
586681,586681,586682,1,0
586681,586681,586683,2,0
586681,586681,586682,1,0
586681,586681,586683,2,0
586681,586681,586683,2,0
586681,586681,586682,1,0
586681,586681,586682,1,0
586681,586681,586683,2,0
586681,586681,586682,1,0
586681,586681,586682,1,0
586681,586681,586683,2,0
586681,586681,586683,2,0
586681,586681,586682,1,0
586681,586681,586682,1,0
586681,586681,586682,1,0
586681,586681,586683,2,0
586681,586681,586682,1,0
586681,586681,586683,2,0
586681,586681,586682,1,0
586681,586681,586682,1,0
586681,586681,586682,1,0
586681,586681,586683,2,0
586681,586681,586682,1,0
586681,586681,586683,2,0
586681,586681,586682,1,0
586681,586681,586683,2,0
586681,586681,586683,2,0
586681,586681,586683,2,0
586681,586681,586684,3,0
586681,586681,586684,3,0
586681,586681,586684,3,0
586681,586681,586684,3,0
586681,586681,586683,2,0
586681,586681,586683,2,0
586681,586681,586684,3,0
586681,586681,586683,2,0
586681,586681,586683,2,0
586681,586681,586683,2,0
586681,586681,586683,2,0
586681,586681,586683,2,0
586681,586681,586683,2,0
586681,586681,586683,2,0
586681,586681,586684,3,0
586681,586683,586685,2,2
586681,586683,586685,2,2
586681,586683,586685,2,2
586681,586683,586685,2,2
586681,586681,586684,3,0
586681,586683,586685,2,2
586681,586683,586685,2,2
586681,586683,586684,1,2
586681,586683,586684,1,2
586681,586683,586685,2,2
586681,586683,586685,2,2
586681,586683,586685,2,2
586681,586683,586684,1,2
586681,586683,586685,2,2
586681,586683,586685,2,2
586681,586683,586685,2,2
586681,586683,586685,2,2
586681,586683,586685,2,2
586681,586683,586684,1,2
586681,586683,586684,1,2
586681,586683,586684,1,2
586681,586683,586685,2,2
586681,586683,586684,1,2
586681,586683,586684,1,2
586681,586683,586684,1,2
586681,586683,586685,2,2
586681,586683,586684,1,2
586681,586683,586685,2,2
586681,586683,586684,1,2
586681,586683,586684,1,2
586681,586683,586684,1,2
586681,586683,586685,2,2
586681,586683,586685,2,2
586681,586684,586685,1,3
586681,586684,586686,2,3
586681,586683,586685,2,2
586681,586683,586685,2,2
586681,586684,586686,2,3
586681,586684,586686,2,3
586681,586684,586686,2,3
586681,586685,586686,1,4
586681,586684,586686,2,3
586681,586684,586686,2,3
586681,586684,586686,2,3
586681,586684,586686,2,3
586681,586684,586686,2,3
586681,586684,586686,2,3
586681,586684,586686,2,3
586681,586684,586686,2,3
586681,586685,586686,1,4
586681,586685,586686,1,4
586681,586685,586686,1,4
586681,586685,586686,1,4
586681,586685,586687,2,4
586681,586685,586687,2,4
586681,586684,586686,2,3
586681,586685,586687,2,4
586681,586685,586687,2,4
586681,586685,586686,1,4
586681,586684,586687,3,3
586681,586685,586687,2,4
586681,586685,586687,2,4
586681,586685,586687,2,4
586681,586685,586687,2,4
586681,586684,586687,3,3
586681,586685,586687,2,4
586681,586685,586687,2,4
586681,586685,586687,2,4
586350,586350,586689,339,0
586696,586696,586698,2,0
586696,586696,586698,2,0
586696,586696,586698,2,0
586696,586696,586698,2,0
586696,586696,586698,2,0
586696,586696,586698,2,0
586696,586696,586698,2,0
586696,586696,586698,2,0
586696,586696,586698,2,0
586696,586696,586698,2,0
586696,586696,586698,2,0
586696,586696,586698,2,0
586696,586696,586698,2,0
586696,586696,586698,2,0
586696,586696,586698,2,0
586696,586696,586698,2,0
586696,586696,586698,2,0
586696,586696,586698,2,0
586696,586696,586698,2,0
586696,586696,586698,2,0
586696,586696,586698,2,0
586696,586696,586698,2,0
586696,586696,586698,2,0
586696,586696,586698,2,0
586696,586696,586698,2,0
586696,586696,586698,2,0
586696,586696,586698,2,0
586696,586696,586698,2,0
586696,586696,586698,2,0
586696,586696,586699,3,0
586696,586696,586699,3,0
586696,586696,586698,2,0
586696,586696,586699,3,0
586696,586696,586699,3,0
586696,586696,586698,2,0
586696,586696,586698,2,0
586696,586696,586699,3,0
586696,586696,586698,2,0
586696,586696,586698,2,0
586696,586696,586699,3,0
586696,586696,586698,2,0
586696,586696,586699,3,0
586696,586696,586699,3,0
586696,586696,586699,3,0
586696,586696,586698,2,0
586681,586699,586700,1,18
586681,586699,586700,1,18
586681,586699,586700,1,18
586681,586699,586700,1,18
586681,586681,586683,2,0
586681,586681,586683,2,0
586681,586681,586684,3,0
586681,586701,586702,1,20
586681,586701,586702,1,20
586681,586701,586702,1,20
586681,586701,586702,1,20
586681,586699,586701,2,18
586681,586699,586701,2,18
586352,586352,586731,379,0
586734,586735,586736,1,1
586734,586735,586736,1,1
586734,586734,586735,1,0
586734,586734,586736,2,0
586734,586734,586736,2,0
586734,586734,586735,1,0
586734,586734,586736,2,0
586734,586734,586736,2,0
586734,586734,586736,2,0
586734,586734,586736,2,0
586734,586734,586736,2,0
586734,586734,586736,2,0
586734,586734,586736,2,0
586734,586734,586736,2,0
586734,586734,586736,2,0
586734,586734,586736,2,0
586734,586734,586736,2,0
586734,586734,586736,2,0
586734,586734,586736,2,0
586734,586734,586736,2,0
586734,586734,586736,2,0
586734,586734,586736,2,0
586734,586734,586736,2,0
586734,586734,586736,2,0
586734,586734,586736,2,0
586734,586734,586736,2,0
586734,586735,586736,1,1
586734,586735,586737,2,1
586734,586734,586737,3,0
586734,586734,586737,3,0
586734,586734,586736,2,0
586734,586734,586737,3,0
586734,586734,586737,3,0
586734,586734,586736,2,0
586734,586734,586737,3,0
586734,586734,586737,3,0
586734,586734,586737,3,0
586734,586734,586736,2,0
586734,586735,586737,2,1
586355,586355,586745,390,0
586748,586748,586750,2,0
586748,586748,586750,2,0
586748,586748,586749,1,0
586748,586748,586749,1,0
586748,586748,586749,1,0
586748,586748,586749,1,0
586748,586748,586749,1,0
586748,586748,586750,2,0
586748,586748,586750,2,0
586748,586748,586750,2,0
586748,586748,586749,1,0
586748,586748,586750,2,0
586748,586748,586750,2,0
586748,586748,586750,2,0
586748,586748,586750,2,0
586748,586748,586750,2,0
586748,586748,586750,2,0
586748,586748,586750,2,0
586748,586748,586750,2,0
586748,586748,586750,2,0
586748,586748,586750,2,0
586748,586748,586750,2,0
586748,586748,586750,2,0
586748,586748,586749,1,0
586748,586748,586750,2,0
586748,586748,586750,2,0
586748,586748,586750,2,0
586748,586748,586751,3,0
586748,586748,586750,2,0
586748,586748,586751,3,0
586748,586748,586750,2,0
586748,586748,586750,2,0
586748,586748,586750,2,0
586748,586748,586750,2,0
586748,586748,586751,3,0
586748,586748,586751,3,0
586748,586748,586750,2,0
586748,586748,586751,3,0
586748,586748,586750,2,0
586748,586748,586751,3,0
586748,586748,586750,2,0
586748,586748,586751,3,0
586748,586748,586750,2,0
586748,586748,586751,3,0
586734,586754,586755,1,20
586734,586754,586755,1,20
586734,586754,586756,2,20
586734,586754,586756,2,20
586734,586754,586756,2,20
586748,586754,586756,2,6
586734,586754,586756,2,20
586354,586354,586816,462,0
586819,586819,586821,2,0
586819,586820,586821,1,1
586819,586819,586821,2,0
586819,586819,586821,2,0
586819,586819,586821,2,0
586819,586819,586821,2,0
586819,586819,586821,2,0
586819,586819,586821,2,0
586819,586819,586821,2,0
586819,586820,586821,1,1
586819,586819,586821,2,0
586819,586819,586821,2,0
586819,586819,586821,2,0
586819,586819,586821,2,0
586819,586819,586821,2,0
586819,586819,586821,2,0
586819,586819,586821,2,0
586819,586819,586821,2,0
586819,586819,586821,2,0
586819,586819,586821,2,0
586819,586819,586821,2,0
586819,586820,586821,1,1
586819,586820,586821,1,1
586819,586820,586821,1,1
586819,586819,586822,3,0
586819,586819,586821,2,0
586819,586819,586821,2,0
586819,586819,586822,3,0
586819,586820,586821,1,1
586819,586819,586822,3,0
586819,586819,586822,3,0
586819,586819,586822,3,0
586819,586819,586822,3,0
586819,586819,586822,3,0
586819,586819,586822,3,0
586819,586819,586822,3,0
586819,586819,586822,3,0
586819,586819,586822,3,0
586819,586819,586822,3,0
586819,586820,586822,2,1
586819,586820,586822,2,1
586819,586820,586822,2,1
586819,586819,586822,3,0
586819,586819,586822,3,0
586819,586819,586822,3,0
586363,586363,586829,466,0
586362,586362,586840,478,0
586839,586840,586841,1,1
586839,586840,586841,1,1
586839,586840,586841,1,1
586839,586840,586841,1,1
586839,586840,586841,1,1
586839,586840,586841,1,1
586839,586840,586841,1,1
586839,586840,586841,1,1
586839,586840,586841,1,1
586839,586840,586841,1,1
586839,586840,586841,1,1
586839,586840,586841,1,1
586839,586840,586841,1,1
586839,586840,586841,1,1
586839,586840,586841,1,1
586839,586840,586841,1,1
586839,586840,586842,2,1
586839,586840,586841,1,1
586839,586840,586841,1,1
586839,586840,586841,1,1
586839,586840,586841,1,1
586839,586840,586841,1,1
586839,586840,586841,1,1
586839,586840,586841,1,1
586839,586840,586841,1,1
586839,586840,586841,1,1
586839,586840,586841,1,1
586839,586840,586841,1,1
586839,586840,586841,1,1
586839,586840,586842,2,1
586839,586840,586842,2,1
586839,586840,586842,2,1
586839,586840,586843,3,1
586839,586840,586843,3,1
586839,586840,586843,3,1
586839,586840,586843,3,1
586839,586840,586842,2,1
586839,586840,586842,2,1
586839,586840,586842,2,1
586839,586840,586842,2,1
586839,586840,586843,3,1
586839,586840,586842,2,1
586839,586840,586843,3,1
586839,586840,586843,3,1
586839,586840,586842,2,1
586842,586842,586844,2,0
586842,586842,586844,2,0
586842,586842,586844,2,0
586842,586842,586844,2,0
586842,586842,586844,2,0
586842,586842,586844,2,0
586842,586842,586844,2,0
586842,586842,586844,2,0
586842,586842,586844,2,0
586842,586842,586844,2,0
586842,586842,586844,2,0
586842,586842,586844,2,0
586842,586842,586844,2,0
586842,586842,586844,2,0
586842,586842,586844,2,0
586842,586842,586844,2,0
586842,586842,586844,2,0
586842,586842,586844,2,0
586842,586842,586844,2,0
586842,586842,586844,2,0
586842,586842,586844,2,0
586842,586842,586844,2,0
586842,586842,586844,2,0
586842,586842,586844,2,0
586842,586842,586844,2,0
586842,586842,586844,2,0
586842,586842,586844,2,0
586842,586842,586844,2,0
586842,586842,586844,2,0
586842,586842,586845,3,0
586842,586842,586845,3,0
586842,586842,586845,3,0
586842,586842,586845,3,0
586842,586842,586845,3,0
586842,586842,586845,3,0
586842,586842,586845,3,0
586842,586842,586845,3,0
586842,586842,586845,3,0
586842,586842,586845,3,0
586842,586842,586845,3,0
586842,586842,586845,3,0
586842,586842,586845,3,0
586842,586842,586845,3,0
586842,586842,586846,4,0
586842,586842,586846,4,0
586365,586365,586850,485,0
586361,586361,586852,491,0
586852,586852,586854,2,0
586852,586852,586854,2,0
586852,586852,586854,2,0
586852,586852,586854,2,0
586852,586852,586854,2,0
586852,586852,586854,2,0
586852,586852,586854,2,0
586852,586852,586854,2,0
586852,586852,586854,2,0
586852,586852,586854,2,0
586852,586852,586854,2,0
586852,586852,586854,2,0
586852,586852,586854,2,0
586852,586852,586854,2,0
586852,586852,586854,2,0
586852,586852,586854,2,0
586852,586852,586854,2,0
586852,586852,586854,2,0
586852,586852,586854,2,0
586852,586852,586854,2,0
586852,586852,586854,2,0
586852,586852,586854,2,0
586852,586852,586854,2,0
586852,586852,586854,2,0
586852,586852,586854,2,0
586852,586852,586854,2,0
586852,586852,586854,2,0
586852,586852,586854,2,0
586852,586852,586854,2,0
586357,586357,586854,497,0
586852,586853,586855,2,1
586852,586853,586855,2,1
586852,586853,586855,2,1
586852,586852,586855,3,0
586852,586852,586855,3,0
586852,586852,586855,3,0
586852,586852,586855,3,0
586852,586852,586855,3,0
586852,586852,586855,3,0
586852,586852,586855,3,0
586852,586852,586855,3,0
586852,586852,586855,3,0
586852,586852,586855,3,0
586852,586852,586855,3,0
586852,586852,586855,3,0
586852,586853,586855,2,1
586358,586358,586859,501,0
586862,586863,586864,1,1
586862,586863,586865,2,1
586862,586863,586864,1,1
586862,586863,586864,1,1
586862,586863,586864,1,1
586862,586863,586864,1,1
586862,586863,586864,1,1
586862,586863,586864,1,1
586862,586863,586864,1,1
586862,586863,586864,1,1
586862,586863,586865,2,1
586862,586863,586864,1,1
586862,586863,586864,1,1
586862,586863,586864,1,1
586863,586863,586864,1,0
586862,586863,586864,1,1
586862,586863,586865,2,1
586862,586863,586865,2,1
586862,586863,586864,1,1
586862,586863,586864,1,1
586863,586863,586864,1,0
586862,586863,586864,1,1
586862,586863,586865,2,1
586862,586863,586864,1,1
586862,586863,586864,1,1
586863,586863,586864,1,0
586863,586863,586864,1,0
586863,586863,586864,1,0
586863,586863,586864,1,0
586863,586863,586864,1,0
586863,586863,586864,1,0
586359,586359,586864,505,0
586863,586863,586864,1,0
586863,586863,586864,1,0
586863,586863,586865,2,0
586863,586863,586865,2,0
586862,586863,586865,2,1
586862,586863,586865,2,1
586862,586863,586865,2,1
586862,586863,586865,2,1
586862,586863,586865,2,1
586862,586863,586865,2,1
586862,586863,586865,2,1
586863,586863,586865,2,0
586863,586863,586865,2,0
586863,586863,586866,3,0
586862,586863,586866,3,1
586862,586863,586865,2,1
586862,586863,586865,2,1
586863,586863,586865,2,0
586863,586863,586866,3,0
586863,586863,586865,2,0
586862,586863,586865,2,1
586862,586863,586865,2,1
586862,586863,586866,3,1
586863,586865,586867,2,2
586863,586865,586867,2,2
586863,586865,586866,1,2
586862,586863,586866,3,1
586863,586865,586866,1,2
586863,586865,586867,2,2
586863,586865,586866,1,2
586863,586865,586866,1,2
586863,586865,586866,1,2
586863,586865,586866,1,2
586863,586865,586866,1,2
586863,586865,586866,1,2
586863,586865,586866,1,2
586863,586865,586866,1,2
586863,586865,586866,1,2
586863,586865,586866,1,2
586863,586865,586866,1,2
586863,586865,586866,1,2
586863,586865,586866,1,2
586863,586865,586866,1,2
586863,586865,586866,1,2
586863,586865,586866,1,2
586863,586865,586867,2,2
586863,586865,586867,2,2
586863,586865,586867,2,2
586863,586865,586867,2,2
586863,586865,586867,2,2
586863,586865,586870,5,2
586862,586878,586879,1,16
586862,586878,586879,1,16
586862,586878,586879,1,16
586862,586878,586879,1,16
586862,586878,586880,2,16
586862,586878,586880,2,16
586862,586878,586881,3,16
586367,586367,586881,514,0
586882,586883,586884,1,1
586882,586883,586884,1,1
586882,586883,586884,1,1
586882,586883,586884,1,1
586882,586883,586885,2,1
586882,586883,586884,1,1
586882,586883,586885,2,1
586882,586883,586884,1,1
586882,586883,586884,1,1
586882,586883,586884,1,1
586882,586883,586884,1,1
586882,586883,586884,1,1
586882,586883,586884,1,1
586882,586883,586884,1,1
586882,586883,586884,1,1
586882,586883,586885,2,1
586882,586883,586884,1,1
586882,586883,586884,1,1
586883,586883,586884,1,0
586882,586883,586884,1,1
586882,586883,586885,2,1
586882,586883,586885,2,1
586882,586883,586884,1,1
586882,586883,586885,2,1
586882,586883,586884,1,1
586882,586883,586884,1,1
586882,586883,586884,1,1
586882,586883,586884,1,1
586883,586883,586884,1,0
586883,586883,586884,1,0
586883,586883,586884,1,0
586883,586883,586885,2,0
586883,586883,586884,1,0
586883,586883,586884,1,0
586883,586883,586885,2,0
586883,586883,586885,2,0
586882,586883,586885,2,1
586882,586883,586885,2,1
586882,586883,586885,2,1
586882,586883,586886,3,1
586882,586883,586885,2,1
586882,586883,586885,2,1
586882,586883,586885,2,1
586882,586883,586885,2,1
586882,586883,586885,2,1
586882,586883,586885,2,1
586883,586883,586885,2,0
586883,586883,586885,2,0
586882,586883,586885,2,1
586883,586883,586885,2,0
586882,586883,586885,2,1
586882,586883,586885,2,1
586882,586883,586885,2,1
586883,586883,586885,2,0
586883,586883,586886,3,0
586883,586883,586886,3,0
586883,586883,586886,3,0
586885,586885,586886,1,0
586885,586885,586886,1,0
586885,586885,586886,1,0
586885,586885,586886,1,0
586882,586883,586886,3,1
586883,586885,586887,2,2
586883,586885,586887,2,2
586883,586885,586886,1,2
586883,586885,586887,2,2
586883,586885,586887,2,2
586883,586885,586886,1,2
586883,586885,586886,1,2
586883,586885,586886,1,2
586883,586885,586886,1,2
586883,586885,586886,1,2
586883,586885,586887,2,2
586883,586885,586887,2,2
586883,586885,586886,1,2
586885,586885,586886,1,0
586883,586883,586886,3,0
586883,586883,586886,3,0
586885,586885,586887,2,0
586885,586885,586887,2,0
586885,586885,586887,2,0
586883,586885,586886,1,2
586883,586885,586887,2,2
586883,586885,586886,1,2
586883,586885,586886,1,2
586883,586885,586886,1,2
586883,586885,586886,1,2
586883,586885,586887,2,2
586883,586885,586887,2,2
586883,586885,586887,2,2
586885,586886,586887,1,1
586883,586885,586887,2,2
586883,586885,586887,2,2
586883,586885,586887,2,2
586885,586886,586888,2,1
586885,586887,586888,1,2
586885,586886,586887,1,1
586885,586886,586887,1,1
586885,586886,586888,2,1
586883,586885,586887,2,2
586883,586885,586887,2,2
586885,586887,586888,1,2
586885,586887,586888,1,2
586885,586887,586888,1,2
586885,586886,586888,2,1
586885,586886,586888,2,1
586885,586886,586888,2,1
586885,586887,586888,1,2
586885,586886,586888,2,1
586885,586886,586888,2,1
586885,586887,586888,1,2
586885,586887,586888,1,2
586885,586886,586888,2,1
586885,586887,586888,1,2
586885,586887,586888,1,2
586885,586887,586888,1,2
586885,586886,586888,2,1
586885,586886,586888,2,1
586885,586886,586888,2,1
586885,586886,586888,2,1
586885,586886,586888,2,1
586885,586886,586888,2,1
586885,586886,586887,1,1
586885,586886,586887,1,1
586885,586886,586888,2,1
586885,586886,586889,3,1
586885,586886,586888,2,1
586885,586887,586888,1,2
586885,586887,586888,1,2
586885,586886,586888,2,1
586885,586886,586888,2,1
586885,586886,586888,2,1
586862,586863,586889,26,1
586882,586883,586901,18,1
586882,586883,586902,19,1
586882,586883,586902,19,1
586697,586697,586910,213,0
586645,586645,586912,267,0
586640,586643,586914,271,3
586914,586915,586916,1,1
586914,586915,586916,1,1
586914,586915,586917,2,1
586914,586915,586917,2,1
586914,586915,586917,2,1
586914,586915,586916,1,1
586914,586915,586917,2,1
586914,586915,586917,2,1
586914,586915,586916,1,1
586914,586915,586916,1,1
586914,586915,586917,2,1
586914,586915,586916,1,1
586914,586915,586916,1,1
586915,586915,586917,2,0
586914,586915,586916,1,1
586914,586915,586916,1,1
586914,586915,586917,2,1
586914,586915,586916,1,1
586914,586915,586916,1,1
586914,586915,586917,2,1
586914,586915,586916,1,1
586914,586915,586916,1,1
586915,586915,586917,2,0
586915,586915,586917,2,0
586914,586915,586916,1,1
586915,586915,586916,1,0
586915,586915,586917,2,0
586914,586915,586916,1,1
586915,586915,586916,1,0
586915,586915,586917,2,0
586915,586915,586917,2,0
586914,586915,586918,3,1
586914,586915,586917,2,1
586914,586915,586917,2,1
586914,586915,586917,2,1
586914,586915,586917,2,1
586914,586915,586917,2,1
586914,586915,586917,2,1
586914,586915,586917,2,1
586914,586915,586918,3,1
586915,586915,586917,2,0
586914,586915,586917,2,1
586914,586915,586917,2,1
586915,586915,586917,2,0
586915,586915,586917,2,0
586915,586915,586918,3,0
586915,586915,586918,3,0
586915,586915,586918,3,0
586914,586915,586918,3,1
586915,586915,586917,2,0
586915,586915,586917,2,0
586915,586915,586918,3,0
586914,586915,586917,2,1
586914,586915,586917,2,1
586914,586915,586919,4,1
586914,586915,586918,3,1
586914,586915,586918,3,1
586914,586915,586918,3,1
586915,586917,586919,2,2
586915,586917,586919,2,2
586915,586917,586919,2,2
586915,586917,586919,2,2
586915,586917,586919,2,2
586915,586917,586918,1,2
586915,586917,586918,1,2
586915,586917,586919,2,2
586915,586917,586918,1,2
586915,586917,586918,1,2
586915,586917,586919,2,2
586915,586917,586919,2,2
586915,586917,586919,2,2
586915,586917,586918,1,2
586915,586917,586918,1,2
586915,586917,586918,1,2
586915,586915,586918,3,0
586915,586917,586918,1,2
586915,586917,586919,2,2
586915,586917,586918,1,2
586915,586917,586918,1,2
586915,586917,586918,1,2
586915,586917,586918,1,2
586915,586917,586918,1,2
586915,586917,586918,1,2
586915,586917,586918,1,2
586914,586918,586919,1,4
586915,586917,586919,2,2
586915,586917,586919,2,2
586914,586918,586920,2,4
586914,586918,586922,4,4
586914,586918,586923,5,4
586664,586665,586927,262,1
586935,586935,586937,2,0
586935,586935,586937,2,0
586935,586935,586937,2,0
586935,586935,586937,2,0
586935,586935,586936,1,0
586935,586935,586937,2,0
586935,586935,586937,2,0
586935,586935,586937,2,0
586935,586935,586937,2,0
586935,586935,586936,1,0
586935,586935,586937,2,0
586935,586935,586937,2,0
586935,586935,586937,2,0
586935,586935,586937,2,0
586935,586935,586937,2,0
586935,586935,586937,2,0
586935,586935,586937,2,0
586935,586935,586937,2,0
586935,586935,586936,1,0
586935,586935,586937,2,0
586935,586935,586937,2,0
586935,586935,586937,2,0
586935,586935,586937,2,0
586935,586935,586937,2,0
586935,586935,586937,2,0
586935,586935,586937,2,0
586935,586935,586937,2,0
586935,586935,586937,2,0
586935,586935,586937,2,0
586935,586935,586937,2,0
586935,586936,586937,1,1
586935,586936,586937,1,1
586935,586936,586937,1,1
586935,586936,586937,1,1
586935,586935,586938,3,0
586935,586935,586937,2,0
586935,586935,586938,3,0
586935,586935,586938,3,0
586935,586935,586937,2,0
586935,586935,586938,3,0
586935,586935,586938,3,0
586935,586935,586938,3,0
586935,586935,586938,3,0
586935,586935,586937,2,0
586935,586935,586938,3,0
586935,586935,586938,3,0
586935,586935,586937,2,0
586935,586935,586937,2,0
586935,586935,586938,3,0
586935,586935,586937,2,0
586643,586645,586938,293,2
586935,586935,586938,3,0
586935,586935,586937,2,0
586935,586935,586938,3,0
586935,586935,586938,3,0
586935,586936,586938,2,1
586935,586936,586939,3,1
586935,586936,586938,2,1
586935,586936,586938,2,1
586935,586935,586938,3,0
586935,586937,586939,2,2
586935,586937,586939,2,2
586935,586937,586938,1,2
586935,586937,586938,1,2
586935,586937,586939,2,2
586935,586937,586939,2,2
586935,586937,586939,2,2
586935,586937,586939,2,2
586935,586937,586938,1,2
586935,586937,586939,2,2
586935,586937,586939,2,2
586935,586937,586939,2,2
586935,586937,586939,2,2
586935,586937,586939,2,2
586935,586937,586939,2,2
586935,586937,586938,1,2
586935,586937,586939,2,2
586935,586937,586939,2,2
586935,586935,586939,4,0
586935,586937,586938,1,2
586935,586937,586938,1,2
586935,586937,586939,2,2
586935,586937,586939,2,2
586935,586937,586939,2,2
586935,586937,586938,1,2
586935,586937,586938,1,2
586935,586937,586939,2,2
586935,586937,586939,2,2
586935,586936,586941,5,1
586935,586936,586942,6,1
586935,586936,586941,5,1
586710,586710,586942,232,0
586722,586722,586947,225,0
586952,586952,586954,2,0
586952,586952,586954,2,0
586952,586952,586954,2,0
586952,586952,586954,2,0
586952,586952,586954,2,0
586952,586953,586954,1,1
586952,586952,586954,2,0
586952,586952,586954,2,0
586952,586952,586954,2,0
586952,586952,586953,1,0
586952,586952,586954,2,0
586952,586952,586954,2,0
586952,586952,586954,2,0
586952,586952,586954,2,0
586952,586952,586954,2,0
586952,586952,586954,2,0
586952,586952,586954,2,0
586952,586952,586954,2,0
586952,586953,586954,1,1
586952,586952,586954,2,0
586952,586952,586954,2,0
586952,586952,586954,2,0
586952,586952,586954,2,0
586952,586953,586954,1,1
586952,586953,586954,1,1
586952,586952,586954,2,0
586952,586952,586954,2,0
586952,586952,586954,2,0
586952,586952,586954,2,0
586952,586952,586954,2,0
586952,586952,586954,2,0
586952,586952,586953,1,0
586952,586952,586954,2,0
586952,586952,586954,2,0
586952,586952,586955,3,0
586952,586952,586954,2,0
586952,586952,586954,2,0
586952,586952,586954,2,0
586952,586952,586955,3,0
586952,586953,586955,2,1
586952,586953,586955,2,1
586952,586953,586955,2,1
586952,586953,586954,1,1
586952,586952,586955,3,0
586952,586952,586955,3,0
586952,586952,586955,3,0
586952,586952,586955,3,0
586952,586952,586955,3,0
586952,586952,586955,3,0
586952,586952,586955,3,0
586952,586952,586955,3,0
586952,586953,586955,2,1
586952,586953,586955,2,1
586952,586952,586955,3,0
586952,586952,586955,3,0
586952,586953,586955,2,1
586952,586952,586955,3,0
586952,586953,586955,2,1
586952,586952,586955,3,0
586952,586953,586955,2,1
586952,586952,586955,3,0
586952,586952,586955,3,0
586952,586953,586956,3,1
586952,586955,586956,1,3
586952,586955,586956,1,3
586952,586952,586956,4,0
586952,586955,586956,1,3
586952,586955,586956,1,3
586952,586955,586956,1,3
586952,586955,586956,1,3
586952,586955,586956,1,3
586952,586955,586956,1,3
586952,586955,586956,1,3
586952,586955,586956,1,3
586952,586955,586956,1,3
586952,586955,586956,1,3
586952,586955,586956,1,3
586952,586955,586956,1,3
586952,586955,586956,1,3
586952,586955,586956,1,3
586952,586955,586956,1,3
586952,586955,586956,1,3
586952,586955,586956,1,3
586952,586955,586956,1,3
586952,586955,586956,1,3
586952,586953,586956,3,1
586952,586956,586958,2,4
586952,586956,586958,2,4
586952,586956,586958,2,4
586952,586956,586958,2,4
586699,586699,586969,270,0
586968,586969,586970,1,1
586968,586969,586970,1,1
586968,586969,586970,1,1
586968,586969,586970,1,1
586968,586969,586970,1,1
586968,586969,586970,1,1
586968,586969,586970,1,1
586968,586969,586971,2,1
586968,586969,586970,1,1
586968,586969,586971,2,1
586968,586969,586970,1,1
586968,586969,586970,1,1
586968,586969,586970,1,1
586968,586969,586971,2,1
586968,586969,586970,1,1
586968,586969,586970,1,1
586968,586969,586970,1,1
586968,586969,586970,1,1
586968,586969,586970,1,1
586968,586969,586971,2,1
586968,586969,586970,1,1
586968,586969,586970,1,1
586968,586969,586970,1,1
586968,586969,586971,2,1
586968,586969,586970,1,1
586968,586969,586970,1,1
586968,586969,586970,1,1
586968,586969,586970,1,1
586968,586969,586971,2,1
586968,586969,586971,2,1
586968,586969,586971,2,1
586968,586969,586971,2,1
586968,586969,586971,2,1
586968,586969,586971,2,1
586968,586969,586972,3,1
586968,586969,586971,2,1
586968,586969,586971,2,1
586968,586969,586971,2,1
586968,586969,586971,2,1
586968,586969,586971,2,1
586968,586969,586971,2,1
586968,586969,586971,2,1
586968,586969,586972,3,1
586968,586969,586971,2,1
586968,586969,586972,3,1
586682,586685,586978,293,3
586980,586980,586982,2,0
586980,586980,586981,1,0
586980,586980,586982,2,0
586980,586980,586981,1,0
586980,586980,586981,1,0
586980,586980,586982,2,0
586980,586980,586981,1,0
586980,586980,586982,2,0
586980,586980,586982,2,0
586980,586980,586981,1,0
586980,586980,586982,2,0
586980,586980,586982,2,0
586980,586980,586982,2,0
586980,586980,586981,1,0
586980,586980,586981,1,0
586980,586980,586982,2,0
586980,586980,586981,1,0
586980,586980,586981,1,0
586980,586980,586981,1,0
586980,586980,586981,1,0
586980,586980,586981,1,0
586980,586980,586981,1,0
586980,586980,586982,2,0
586980,586980,586982,2,0
586980,586980,586981,1,0
586980,586980,586981,1,0
586980,586980,586981,1,0
586980,586980,586981,1,0
586980,586980,586983,3,0
586980,586980,586982,2,0
586980,586980,586982,2,0
586980,586980,586982,2,0
586980,586980,586982,2,0
586980,586980,586982,2,0
586980,586980,586982,2,0
586980,586980,586982,2,0
586980,586980,586982,2,0
586980,586980,586983,3,0
586980,586980,586982,2,0
586980,586980,586983,3,0
586980,586980,586982,2,0
586980,586980,586983,3,0
586980,586980,586983,3,0
586989,586990,586991,1,1
586989,586990,586991,1,1
586989,586990,586991,1,1
586989,586990,586991,1,1
586989,586990,586991,1,1
586989,586990,586991,1,1
586989,586990,586991,1,1
586989,586990,586991,1,1
586989,586990,586991,1,1
586989,586990,586991,1,1
586989,586990,586991,1,1
586989,586990,586991,1,1
586989,586990,586991,1,1
586989,586990,586992,2,1
586989,586990,586991,1,1
586989,586990,586991,1,1
586989,586990,586991,1,1
586989,586990,586991,1,1
586989,586990,586991,1,1
586989,586990,586991,1,1
586989,586990,586991,1,1
586989,586990,586991,1,1
586989,586990,586991,1,1
586989,586990,586992,2,1
586989,586990,586991,1,1
586989,586990,586991,1,1
586989,586990,586991,1,1
586989,586990,586991,1,1
586989,586990,586991,1,1
586989,586990,586992,2,1
586989,586990,586992,2,1
586989,586990,586992,2,1
586989,586990,586992,2,1
586989,586990,586992,2,1
586989,586990,586992,2,1
586989,586990,586992,2,1
586989,586990,586992,2,1
586989,586990,586992,2,1
586989,586990,586992,2,1
586989,586990,586992,2,1
586989,586990,586992,2,1
586989,586990,586992,2,1
586989,586990,586993,3,1
586989,586996,586997,1,7
586989,586996,586997,1,7
586980,586996,586997,1,16
586980,586996,586997,1,16
586749,586749,587012,263,0
587014,587015,587016,1,1
587014,587015,587016,1,1
587014,587015,587016,1,1
587014,587015,587016,1,1
587014,587015,587016,1,1
587014,587015,587017,2,1
587014,587015,587016,1,1
587014,587015,587016,1,1
587014,587015,587017,2,1
587014,587015,587017,2,1
587014,587015,587016,1,1
587014,587015,587016,1,1
587014,587015,587016,1,1
587014,587015,587016,1,1
587014,587015,587017,2,1
587014,587015,587016,1,1
587014,587015,587017,2,1
587014,587015,587016,1,1
587014,587015,587017,2,1
587014,587015,587016,1,1
587014,587015,587016,1,1
587014,587015,587016,1,1
587014,587015,587016,1,1
587014,587015,587017,2,1
587014,587015,587016,1,1
587014,587015,587016,1,1
587014,587015,587016,1,1
587014,587015,587017,2,1
587014,587015,587017,2,1
587014,587015,587016,1,1
587014,587015,587016,1,1
587014,587015,587016,1,1
587014,587015,587018,3,1
587014,587015,587017,2,1
587014,587015,587017,2,1
587014,587015,587018,3,1
587014,587015,587017,2,1
587014,587015,587017,2,1
587014,587015,587017,2,1
587014,587015,587017,2,1
587014,587015,587018,3,1
587014,587015,587017,2,1
587014,587015,587018,3,1
587014,587015,587017,2,1
587014,587015,587017,2,1
586735,586735,587049,314,0
587052,587052,587053,1,0
587052,587052,587053,1,0
587052,587052,587053,1,0
587052,587052,587053,1,0
587052,587052,587053,1,0
587052,587052,587053,1,0
587052,587052,587054,2,0
587052,587052,587053,1,0
587052,587052,587054,2,0
587052,587052,587053,1,0
587052,587052,587054,2,0
587052,587052,587053,1,0
587052,587052,587053,1,0
587052,587052,587053,1,0
587052,587052,587054,2,0
587052,587052,587054,2,0
587052,587052,587053,1,0
587052,587052,587053,1,0
587052,587052,587053,1,0
587052,587052,587053,1,0
587052,587052,587053,1,0
587052,587052,587053,1,0
587052,587052,587053,1,0
587052,587052,587053,1,0
587052,587052,587054,2,0
587052,587052,587054,2,0
587052,587052,587053,1,0
587052,587052,587053,1,0
587052,587052,587054,2,0
587052,587052,587054,2,0
587052,587052,587054,2,0
587052,587052,587055,3,0
587052,587052,587054,2,0
587052,587052,587054,2,0
587052,587052,587054,2,0
587052,587052,587054,2,0
587052,587052,587054,2,0
587052,587052,587055,3,0
587052,587052,587054,2,0
587052,587052,587054,2,0
587052,587052,587055,3,0
587052,587052,587054,2,0
587052,587052,587054,2,0
587052,587052,587055,3,0
587052,587052,587055,3,0
586821,586821,587095,274,0
587097,587097,587099,2,0
587097,587097,587098,1,0
587097,587097,587099,2,0
587097,587097,587098,1,0
587097,587097,587099,2,0
587097,587097,587099,2,0
587097,587097,587099,2,0
587097,587097,587099,2,0
587097,587097,587099,2,0
587097,587097,587099,2,0
587097,587097,587098,1,0
587097,587097,587099,2,0
587097,587097,587098,1,0
587097,587097,587099,2,0
587097,587097,587099,2,0
587097,587097,587099,2,0
587097,587097,587099,2,0
587097,587097,587099,2,0
587097,587097,587099,2,0
587097,587097,587099,2,0
587097,587097,587099,2,0
587097,587097,587098,1,0
587097,587097,587099,2,0
587097,587097,587099,2,0
587097,587097,587099,2,0
587097,587097,587100,3,0
587097,587097,587100,3,0
587097,587097,587099,2,0
587097,587097,587099,2,0
587097,587097,587100,3,0
587097,587097,587100,3,0
587097,587097,587099,2,0
587097,587097,587099,2,0
587097,587097,587100,3,0
587097,587097,587100,3,0
587097,587097,587100,3,0
587097,587097,587099,2,0
587097,587097,587100,3,0
587097,587097,587100,3,0
587097,587112,587113,1,15
587097,587112,587113,1,15
587097,587112,587113,1,15
587097,587112,587114,2,15
587097,587112,587113,1,15
587097,587112,587114,2,15
586853,586853,587118,265,0
587123,587123,587125,2,0
587123,587123,587125,2,0
587123,587123,587125,2,0
587123,587123,587125,2,0
587123,587123,587125,2,0
587123,587123,587125,2,0
587123,587123,587125,2,0
587123,587123,587125,2,0
587123,587123,587125,2,0
587123,587123,587125,2,0
587123,587123,587125,2,0
587123,587123,587125,2,0
587123,587123,587125,2,0
587123,587123,587125,2,0
587123,587123,587125,2,0
587123,587123,587125,2,0
587123,587123,587125,2,0
587123,587123,587125,2,0
587123,587123,587125,2,0
587123,587123,587125,2,0
587123,587123,587125,2,0
587123,587123,587125,2,0
587123,587123,587125,2,0
587123,587123,587125,2,0
587123,587123,587125,2,0
587123,587123,587125,2,0
587123,587123,587125,2,0
587123,587123,587126,3,0
587123,587123,587126,3,0
587123,587123,587126,3,0
587123,587123,587125,2,0
587123,587123,587126,3,0
587123,587123,587126,3,0
587123,587123,587125,2,0
587123,587123,587125,2,0
587123,587123,587126,3,0
587123,587123,587126,3,0
587123,587123,587126,3,0
587123,587123,587126,3,0
587123,587123,587126,3,0
587123,587123,587126,3,0
587123,587123,587126,3,0
587123,587123,587126,3,0
587123,587123,587125,2,0
587123,587123,587127,4,0
586888,586888,587132,244,0
587137,587137,587139,2,0
587137,587137,587138,1,0
587137,587137,587138,1,0
587137,587137,587138,1,0
587137,587137,587138,1,0
587137,587137,587138,1,0
587137,587137,587138,1,0
587137,587137,587139,2,0
587137,587137,587138,1,0
587137,587137,587138,1,0
587137,587137,587138,1,0
587137,587137,587138,1,0
587137,587137,587139,2,0
587137,587137,587139,2,0
587137,587137,587139,2,0
587137,587137,587139,2,0
587137,587137,587139,2,0
587137,587137,587138,1,0
587137,587137,587139,2,0
587137,587137,587139,2,0
587137,587137,587139,2,0
587137,587137,587139,2,0
587137,587137,587139,2,0
587137,587137,587139,2,0
587137,587137,587139,2,0
587137,587137,587139,2,0
587137,587137,587139,2,0
587137,587137,587139,2,0
587137,587137,587140,3,0
587137,587137,587140,3,0
587137,587137,587140,3,0
587137,587137,587139,2,0
587137,587137,587140,3,0
587137,587137,587139,2,0
587137,587137,587139,2,0
587137,587137,587140,3,0
587137,587137,587140,3,0
587137,587137,587139,2,0
587137,587137,587140,3,0
586864,586865,587145,280,1
587147,587147,587149,2,0
587147,587147,587148,1,0
587147,587147,587148,1,0
587147,587147,587148,1,0
587147,587147,587149,2,0
587147,587147,587148,1,0
587147,587147,587148,1,0
587147,587147,587148,1,0
587147,587147,587148,1,0
587147,587147,587148,1,0
587147,587147,587149,2,0
587147,587147,587149,2,0
587147,587147,587148,1,0
587147,587147,587149,2,0
587147,587147,587149,2,0
587147,587147,587149,2,0
586840,586840,587148,308,0
587147,587147,587149,2,0
587147,587147,587148,1,0
587147,587147,587148,1,0
587147,587147,587148,1,0
587147,587147,587149,2,0
587147,587147,587149,2,0
587147,587147,587148,1,0
587147,587147,587148,1,0
587147,587147,587148,1,0
587147,587147,587148,1,0
587147,587147,587148,1,0
587147,587147,587148,1,0
587147,587147,587148,1,0
587147,587147,587148,1,0
587147,587147,587149,2,0
587147,587147,587148,1,0
587147,587147,587149,2,0
587147,587147,587149,2,0
587147,587147,587150,3,0
587147,587147,587149,2,0
587147,587147,587149,2,0
587147,587147,587149,2,0
587147,587147,587150,3,0
587147,587147,587149,2,0
586886,586887,587149,262,1
587147,587147,587149,2,0
587147,587147,587150,3,0
587147,587147,587149,2,0
587147,587147,587149,2,0
587147,587147,587150,3,0
586884,586885,587151,266,1
587151,587151,587153,2,0
587151,587151,587153,2,0
587151,587151,587153,2,0
587151,587151,587153,2,0
587151,587151,587153,2,0
587151,587151,587153,2,0
587151,587151,587153,2,0
587151,587151,587153,2,0
587151,587151,587153,2,0
587151,587151,587152,1,0
587151,587151,587152,1,0
587151,587151,587152,1,0
587151,587151,587153,2,0
587151,587151,587153,2,0
587151,587151,587153,2,0
587151,587151,587153,2,0
587151,587151,587153,2,0
587151,587151,587153,2,0
587151,587151,587153,2,0
587151,587151,587153,2,0
587151,587151,587152,1,0
587151,587151,587153,2,0
587151,587151,587153,2,0
587151,587151,587152,1,0
587151,587151,587152,1,0
587151,587151,587153,2,0
587151,587151,587153,2,0
587151,587151,587153,2,0
587151,587151,587153,2,0
587151,587151,587152,1,0
587151,587151,587153,2,0
587151,587151,587153,2,0
587151,587151,587153,2,0
587151,587151,587153,2,0
587151,587151,587153,2,0
587151,587151,587153,2,0
587151,587151,587153,2,0
587151,587151,587153,2,0
587151,587151,587153,2,0
587151,587151,587154,3,0
587151,587151,587153,2,0
587151,587151,587154,3,0
587151,587151,587153,2,0
587151,587151,587153,2,0
587151,587151,587153,2,0
587151,587151,587153,2,0
587151,587151,587154,3,0
587151,587151,587154,3,0
587151,587151,587154,3,0
587151,587151,587153,2,0
587151,587151,587154,3,0
587151,587151,587153,2,0
587151,587152,587154,2,1
587151,587151,587153,2,0
587151,587151,587153,2,0
587151,587151,587154,3,0
587151,587153,587155,2,2
587151,587153,587154,1,2
587151,587153,587154,1,2
587151,587153,587155,2,2
587151,587153,587155,2,2
587151,587153,587154,1,2
587151,587153,587155,2,2
587151,587153,587155,2,2
587151,587153,587154,1,2
587151,587153,587154,1,2
587151,587153,587155,2,2
587151,587153,587155,2,2
587151,587153,587154,1,2
587151,587153,587154,1,2
587151,587153,587155,2,2
587151,587153,587155,2,2
587151,587153,587155,2,2
587151,587151,587154,3,0
587151,587153,587155,2,2
587151,587153,587154,1,2
587151,587153,587155,2,2
587151,587153,587155,2,2
587151,587153,587155,2,2
587151,587153,587156,3,2
587151,587153,587156,3,2
587151,587153,587156,3,2
587151,587153,587156,3,2
587151,587153,587156,3,2
587151,587153,587156,3,2
587151,587153,587155,2,2
587151,587153,587155,2,2
587151,587153,587155,2,2
587151,587153,587156,3,2
587151,587153,587155,2,2
587137,587158,587159,1,21
586916,586917,587163,246,1
587176,587177,587178,1,1
587176,587177,587179,2,1
587176,587177,587178,1,1
587176,587177,587178,1,1
587176,587177,587178,1,1
587176,587177,587178,1,1
587176,587177,587178,1,1
587176,587177,587178,1,1
587176,587177,587179,2,1
587176,587177,587178,1,1
587176,587177,587178,1,1
587176,587177,587178,1,1
587176,587177,587178,1,1
587177,587177,587178,1,0
587176,587177,587179,2,1
587176,587177,587178,1,1
587176,587177,587178,1,1
587177,587177,587178,1,0
587176,587177,587178,1,1
587176,587177,587178,1,1
587176,587177,587178,1,1
587177,587177,587178,1,0
587177,587177,587179,2,0
587176,587177,587178,1,1
587176,587177,587179,2,1
587176,587177,587179,2,1
587176,587177,587178,1,1
587177,587177,587178,1,0
587176,587177,587178,1,1
587176,587177,587178,1,1
587176,587177,587178,1,1
587176,587177,587178,1,1
587177,587177,587179,2,0
587177,587177,587179,2,0
587176,587177,587179,2,1
587176,587177,587179,2,1
587176,587177,587179,2,1
587176,587177,587179,2,1
587176,587177,587179,2,1
587176,587177,587179,2,1
587177,587177,587179,2,0
587176,587177,587179,2,1
587176,587177,587179,2,1
587177,587177,587179,2,0
587177,587177,587179,2,0
587176,587177,587179,2,1
587177,587177,587180,3,0
587176,587177,587179,2,1
587176,587177,587179,2,1
587177,587177,587179,2,0
587176,587177,587179,2,1
587176,587177,587179,2,1
587176,587177,587179,2,1
587177,587177,587179,2,0
587176,587177,587179,2,1
587176,587177,587179,2,1
587177,587179,587181,2,2
587176,587177,587180,3,1
587177,587179,587181,2,2
587177,587179,587181,2,2
587177,587179,587181,2,2
587177,587179,587181,2,2
587177,587179,587181,2,2
587177,587179,587181,2,2
587177,587179,587181,2,2
587177,587179,587180,1,2
587177,587179,587180,1,2
587177,587179,587180,1,2
587177,587179,587180,1,2
587177,587179,587180,1,2
587177,587179,587180,1,2
587177,587179,587180,1,2
587177,587179,587180,1,2
587177,587179,587180,1,2
587177,587179,587181,2,2
587177,587179,587180,1,2
587177,587179,587180,1,2
587177,587179,587180,1,2
587177,587179,587180,1,2
587177,587179,587180,1,2
587177,587179,587181,2,2
587177,587179,587181,2,2
587177,587179,587182,3,2
587177,587179,587181,2,2
587177,587179,587181,2,2
587177,587179,587181,2,2
587177,587179,587181,2,2
587177,587179,587181,2,2
587177,587179,587181,2,2
586953,586955,587184,229,2
587137,587158,587159,1,21
587137,587158,587160,2,21
587137,587158,587160,2,21
587137,587158,587160,2,21
587137,587158,587159,1,21
587176,587188,587189,1,12
586902,586902,587190,288,0
587194,587194,587196,2,0
587194,587194,587196,2,0
587194,587194,587196,2,0
587194,587194,587196,2,0
587194,587194,587196,2,0
587194,587195,587196,1,1
587194,587195,587196,1,1
587194,587194,587196,2,0
587194,587194,587196,2,0
587194,587194,587196,2,0
587194,587194,587196,2,0
587194,587194,587196,2,0
587194,587194,587196,2,0
587194,587194,587196,2,0
587194,587195,587196,1,1
587194,587195,587196,1,1
587194,587195,587196,1,1
587194,587194,587196,2,0
587194,587194,587196,2,0
587194,587194,587196,2,0
587194,587194,587196,2,0
587194,587194,587196,2,0
587194,587194,587196,2,0
587194,587194,587196,2,0
587194,587194,587196,2,0
587194,587194,587196,2,0
587194,587194,587196,2,0
587194,587194,587196,2,0
587194,587194,587196,2,0
587194,587194,587196,2,0
587194,587194,587196,2,0
587194,587194,587196,2,0
587194,587194,587196,2,0
587194,587194,587196,2,0
587194,587194,587196,2,0
587194,587195,587196,1,1
587194,587195,587197,2,1
587194,587195,587197,2,1
587194,587195,587197,2,1
587194,587194,587197,3,0
587194,587194,587197,3,0
587194,587194,587197,3,0
587194,587194,587197,3,0
587194,587195,587197,2,1
587194,587195,587197,2,1
587194,587195,587197,2,1
587194,587194,587197,3,0
587194,587194,587197,3,0
587194,587194,587197,3,0
587194,587194,587197,3,0
587194,587194,587197,3,0
587194,587194,587197,3,0
587194,587194,587197,3,0
587194,587194,587197,3,0
587194,587195,587197,2,1
587194,587194,587197,3,0
587194,587194,587197,3,0
587194,587197,587198,1,3
587194,587197,587199,2,3
587194,587197,587198,1,3
587194,587197,587198,1,3
587194,587197,587198,1,3
587194,587197,587198,1,3
587194,587197,587199,2,3
587194,587197,587198,1,3
587194,587197,587198,1,3
587194,587197,587198,1,3
587194,587197,587198,1,3
587194,587197,587198,1,3
587194,587197,587198,1,3
587194,587197,587198,1,3
587194,587197,587198,1,3
587194,587197,587198,1,3
587194,587197,587198,1,3
587194,587197,587198,1,3
587194,587197,587198,1,3
587194,587197,587198,1,3
587194,587197,587198,1,3
587194,587197,587199,2,3
587194,587196,587199,3,2
587194,587197,587199,2,3
587194,587197,587199,2,3
587194,587197,587199,2,3
587194,587204,587205,1,10
587194,587204,587205,1,10
587194,587204,587205,1,10
587194,587204,587206,2,10
587194,587204,587206,2,10
587194,587204,587207,3,10
587194,587204,587207,3,10
586936,586937,587216,279,1
586843,586843,587216,373,0
587226,587226,587227,1,0
587226,587226,587227,1,0
587226,587226,587227,1,0
587226,587226,587228,2,0
587226,587226,587228,2,0
587226,587226,587227,1,0
587226,587226,587227,1,0
587226,587226,587228,2,0
587226,587226,587228,2,0
587226,587226,587227,1,0
587226,587226,587227,1,0
587226,587226,587227,1,0
587226,587226,587227,1,0
587226,587226,587228,2,0
587226,587226,587227,1,0
587226,587226,587227,1,0
587226,587226,587227,1,0
587226,587226,587228,2,0
587226,587226,587227,1,0
587226,587226,587227,1,0
587226,587226,587228,2,0
587226,587226,587228,2,0
587226,587226,587227,1,0
587226,587226,587227,1,0
587226,587226,587227,1,0
587226,587226,587227,1,0
587226,587226,587227,1,0
587226,587226,587228,2,0
587226,587226,587227,1,0
587226,587226,587229,3,0
587226,587226,587228,2,0
587226,587226,587228,2,0
587226,587226,587228,2,0
587226,587226,587228,2,0
587226,587226,587229,3,0
587226,587226,587228,2,0
587226,587226,587228,2,0
587226,587226,587228,2,0
587226,587226,587229,3,0
587226,587226,587229,3,0
587226,587226,587228,2,0
587226,587226,587228,2,0
587226,587226,587228,2,0
587226,587226,587228,2,0
587226,587226,587228,2,0
587228,587228,587230,2,0
587228,587228,587229,1,0
587228,587228,587230,2,0
587228,587228,587229,1,0
587228,587228,587230,2,0
587228,587229,587230,1,1
587228,587229,587230,1,1
587228,587228,587230,2,0
587228,587228,587229,1,0
587228,587228,587229,1,0
587228,587228,587230,2,0
587228,587228,587230,2,0
587228,587228,587230,2,0
587228,587228,587230,2,0
587228,587228,587230,2,0
587228,587228,587230,2,0
587228,587228,587230,2,0
587228,587228,587230,2,0
587228,587228,587230,2,0
587228,587228,587230,2,0
587228,587228,587229,1,0
587228,587228,587230,2,0
587228,587228,587230,2,0
587228,587228,587230,2,0
587228,587228,587230,2,0
587228,587228,587230,2,0
587228,587228,587230,2,0
587228,587228,587230,2,0
587228,587228,587230,2,0
587228,587228,587231,3,0
587228,587228,587230,2,0
587228,587228,587230,2,0
587228,587228,587230,2,0
587228,587228,587231,3,0
587228,587228,587231,3,0
587228,587229,587231,2,1
587228,587229,587230,1,1
587228,587228,587230,2,0
587228,587228,587231,3,0
587228,587228,587231,3,0
587228,587228,587230,2,0
587228,587228,587230,2,0
587228,587228,587231,3,0
587228,587228,587230,2,0
587228,587228,587231,3,0
586981,586981,587234,253,0
586992,586992,587238,246,0
587238,587238,587239,1,0
587238,587238,587240,2,0
587238,587238,587240,2,0
587238,587238,587239,1,0
587238,587238,587239,1,0
587238,587238,587239,1,0
587238,587238,587239,1,0
587238,587238,587240,2,0
587238,587238,587240,2,0
587238,587238,587240,2,0
587238,587238,587239,1,0
587238,587238,587239,1,0
587238,587238,587240,2,0
587238,587238,587240,2,0
587238,587238,587239,1,0
587238,587238,587240,2,0
587238,587238,587239,1,0
587238,587238,587239,1,0
587238,587238,587239,1,0
587238,587238,587239,1,0
587238,587238,587240,2,0
587238,587238,587239,1,0
587238,587238,587240,2,0
587238,587238,587240,2,0
587238,587238,587240,2,0
587238,587238,587240,2,0
587238,587238,587240,2,0
587238,587238,587241,3,0
587238,587238,587240,2,0
587238,587238,587240,2,0
587238,587238,587241,3,0
587238,587238,587241,3,0
587238,587238,587240,2,0
587238,587238,587241,3,0
587238,587238,587240,2,0
587238,587238,587241,3,0
586970,586970,587241,271,0
587247,587248,587249,1,1
587247,587248,587249,1,1
587247,587248,587249,1,1
587247,587248,587249,1,1
587247,587248,587249,1,1
587247,587248,587249,1,1
587247,587248,587249,1,1
587247,587248,587250,2,1
587247,587248,587249,1,1
587247,587248,587249,1,1
587247,587248,587249,1,1
587247,587248,587250,2,1
587247,587248,587250,2,1
587247,587248,587249,1,1
587247,587248,587250,2,1
587247,587248,587249,1,1
587247,587248,587249,1,1
587247,587248,587249,1,1
587247,587248,587249,1,1
587247,587248,587249,1,1
587247,587248,587249,1,1
587247,587248,587249,1,1
587247,587248,587249,1,1
587247,587248,587249,1,1
587247,587248,587249,1,1
587247,587248,587249,1,1
587247,587248,587249,1,1
587247,587248,587249,1,1
587247,587248,587249,1,1
587247,587248,587249,1,1
587247,587248,587249,1,1
587247,587248,587249,1,1
587247,587248,587249,1,1
587247,587248,587249,1,1
587247,587248,587249,1,1
587247,587248,587250,2,1
587247,587248,587250,2,1
587247,587248,587250,2,1
587247,587248,587250,2,1
587247,587248,587251,3,1
587247,587248,587250,2,1
587247,587248,587250,2,1
587247,587248,587250,2,1
587247,587250,587251,1,3
587247,587248,587250,2,1
587247,587248,587250,2,1
587247,587248,587250,2,1
587247,587248,587250,2,1
587247,587248,587250,2,1
587247,587248,587250,2,1
587247,587248,587250,2,1
587247,587248,587250,2,1
587247,587248,587250,2,1
587238,587250,587251,1,12
587238,587250,587251,1,12
587247,587250,587251,1,3
587247,587250,587251,1,3
587247,587250,587252,2,3
587247,587250,587251,1,3
587247,587250,587252,2,3
587247,587250,587251,1,3
587247,587250,587251,1,3
587247,587250,587251,1,3
587247,587250,587252,2,3
587247,587250,587252,2,3
587247,587250,587251,1,3
587247,587250,587251,1,3
587247,587250,587251,1,3
587247,587250,587252,2,3
587247,587250,587251,1,3
587247,587250,587251,1,3
587247,587250,587251,1,3
587247,587250,587251,1,3
587247,587250,587251,1,3
587247,587250,587252,2,3
587247,587250,587251,1,3
587247,587250,587251,1,3
587247,587250,587252,2,3
587247,587250,587252,2,3
587247,587250,587252,2,3
587247,587250,587252,2,3
587247,587250,587252,2,3
587238,587250,587251,1,12
587238,587250,587252,2,12
587238,587250,587251,1,12
587247,587250,587252,2,3
587247,587250,587252,2,3
587247,587251,587252,1,4
587247,587250,587252,2,3
587247,587250,587252,2,3
587247,587250,587252,2,3
587247,587250,587252,2,3
587247,587250,587252,2,3
587238,587256,587258,2,18
587238,587256,587258,2,18
587238,587256,587257,1,18
587238,587256,587257,1,18
587247,587256,587258,2,9
586997,586997,587258,261,0
587247,587256,587259,3,9
587016,587016,587260,244,0
587263,587264,587265,1,1
587263,587264,587265,1,1
587263,587264,587265,1,1
587263,587264,587265,1,1
587263,587264,587265,1,1
587263,587264,587265,1,1
587263,587264,587265,1,1
587263,587264,587265,1,1
587263,587264,587265,1,1
587263,587264,587265,1,1
587263,587264,587265,1,1
587263,587264,587266,2,1
587263,587264,587265,1,1
587263,587264,587265,1,1
587263,587264,587265,1,1
587263,587264,587265,1,1
587263,587264,587265,1,1
587263,587264,587265,1,1
587263,587264,587265,1,1
587263,587264,587265,1,1
587263,587264,587265,1,1
587263,587264,587265,1,1
587263,587264,587265,1,1
587263,587264,587265,1,1
587263,587264,587265,1,1
587263,587264,587265,1,1
587263,587264,587265,1,1
587263,587264,587265,1,1
587263,587264,587266,2,1
587263,587264,587265,1,1
587263,587264,587266,2,1
587263,587264,587266,2,1
587263,587264,587266,2,1
587263,587264,587266,2,1
587263,587264,587266,2,1
587263,587264,587266,2,1
587263,587264,587266,2,1
587263,587264,587267,3,1
587263,587264,587266,2,1
587263,587264,587266,2,1
587263,587264,587266,2,1
587263,587264,587266,2,1
587263,587264,587267,3,1
587275,587275,587277,2,0
587275,587275,587276,1,0
587275,587275,587277,2,0
587275,587275,587277,2,0
587275,587275,587276,1,0
587275,587275,587277,2,0
587275,587275,587277,2,0
587275,587275,587277,2,0
587275,587275,587277,2,0
587275,587275,587277,2,0
587275,587275,587276,1,0
587275,587275,587277,2,0
587275,587275,587277,2,0
587275,587275,587277,2,0
587275,587275,587277,2,0
587275,587275,587277,2,0
587275,587275,587276,1,0
587275,587275,587276,1,0
587275,587275,587276,1,0
587275,587275,587277,2,0
587275,587275,587277,2,0
587275,587275,587277,2,0
587275,587275,587277,2,0
587275,587275,587277,2,0
587275,587275,587277,2,0
587275,587275,587277,2,0
587275,587276,587277,1,1
587275,587276,587277,1,1
587275,587276,587278,2,1
587275,587276,587277,1,1
587275,587275,587277,2,0
587275,587275,587277,2,0
587275,587275,587277,2,0
587275,587275,587278,3,0
587275,587275,587277,2,0
587275,587275,587277,2,0
587275,587275,587278,3,0
587275,587275,587277,2,0
587275,587275,587278,3,0
587263,587264,587267,3,1
587263,587264,587266,2,1
586994,586995,587285,290,1
587275,587284,587285,1,9
587275,587284,587285,1,9
587275,587284,587286,2,9
587275,587284,587287,3,9
586990,586991,587288,297,1
587275,587275,587278,3,0
587275,587275,587277,2,0
587298,587299,587300,1,1
587298,587299,587300,1,1
587298,587299,587301,2,1
587298,587299,587300,1,1
587298,587299,587300,1,1
587298,587299,587300,1,1
587298,587299,587300,1,1
587298,587299,587300,1,1
587298,587299,587300,1,1
587298,587299,587300,1,1
587298,587299,587301,2,1
587298,587299,587300,1,1
587298,587299,587300,1,1
587298,587299,587300,1,1
587298,587299,587300,1,1
587298,587299,587300,1,1
587298,587299,587300,1,1
587298,587299,587301,2,1
587298,587299,587300,1,1
587298,587299,587300,1,1
587298,587299,587300,1,1
587298,587299,587300,1,1
587298,587299,587300,1,1
587298,587299,587300,1,1
587298,587299,587300,1,1
587298,587299,587301,2,1
587298,587299,587301,2,1
587298,587299,587300,1,1
587298,587299,587301,2,1
587298,587299,587300,1,1
587298,587299,587301,2,1
587298,587299,587301,2,1
587298,587299,587301,2,1
587298,587299,587301,2,1
587298,587299,587301,2,1
587298,587299,587301,2,1
587298,587299,587301,2,1
587298,587299,587302,3,1
587298,587299,587301,2,1
587298,587299,587301,2,1
587298,587299,587301,2,1
587298,587299,587301,2,1
587298,587299,587301,2,1
587298,587299,587301,2,1
587298,587299,587302,3,1
587309,587310,587311,1,1
587309,587310,587311,1,1
587309,587310,587311,1,1
587309,587309,587311,2,0
587309,587309,587311,2,0
587309,587309,587311,2,0
587309,587309,587311,2,0
587309,587309,587311,2,0
587309,587309,587311,2,0
587309,587309,587311,2,0
587309,587309,587311,2,0
587309,587310,587311,1,1
587309,587309,587311,2,0
587309,587310,587311,1,1
587309,587310,587311,1,1
587309,587309,587311,2,0
587309,587309,587311,2,0
587309,587310,587311,1,1
587309,587309,587311,2,0
587309,587309,587311,2,0
587309,587309,587311,2,0
587309,587310,587311,1,1
587309,587310,587311,1,1
587309,587309,587312,3,0
587309,587309,587312,3,0
587309,587309,587312,3,0
587309,587309,587312,3,0
587309,587309,587312,3,0
587309,587309,587312,3,0
587309,587310,587312,2,1
587309,587310,587312,2,1
587309,587310,587312,2,1
587309,587309,587312,3,0
587309,587309,587312,3,0
587309,587310,587312,2,1
587309,587309,587312,3,0
587309,587309,587312,3,0
587309,587310,587312,2,1
587309,587310,587312,2,1
587309,587310,587312,2,1
587309,587309,587313,4,0
587309,587310,587313,3,1
587309,587309,587313,4,0
587309,587310,587312,2,1
587309,587310,587312,2,1
587053,587053,587345,292,0
587346,587347,587348,1,1
587346,587347,587348,1,1
587346,587347,587348,1,1
587346,587347,587348,1,1
587346,587347,587348,1,1
587346,587347,587349,2,1
587346,587347,587348,1,1
587346,587347,587348,1,1
587346,587347,587348,1,1
587346,587347,587348,1,1
587346,587347,587348,1,1
587346,587347,587348,1,1
587346,587347,587348,1,1
587346,587347,587348,1,1
587346,587347,587348,1,1
587346,587347,587348,1,1
587346,587347,587348,1,1
587346,587347,587348,1,1
587346,587347,587348,1,1
587346,587347,587348,1,1
587346,587347,587348,1,1
587346,587347,587348,1,1
587346,587347,587348,1,1
587346,587347,587348,1,1
587346,587347,587348,1,1
587346,587347,587348,1,1
587346,587347,587349,2,1
587346,587347,587349,2,1
587346,587347,587349,2,1
587346,587347,587349,2,1
587346,587347,587349,2,1
587346,587347,587349,2,1
587346,587347,587349,2,1
587346,587347,587349,2,1
587346,587347,587349,2,1
587346,587347,587349,2,1
587346,587347,587349,2,1
587346,587347,587349,2,1
587346,587347,587349,2,1
587346,587347,587349,2,1
587346,587368,587369,1,22
587346,587368,587369,1,22
587346,587368,587369,1,22
587346,587368,587370,2,22
587346,587368,587371,3,22
587098,587098,587371,273,0
587124,587124,587378,254,0
587381,587381,587382,1,0
587381,587381,587383,2,0
587381,587381,587382,1,0
587381,587382,587383,1,1
587381,587382,587383,1,1
587381,587381,587382,1,0
587381,587381,587382,1,0
587381,587381,587383,2,0
587381,587381,587383,2,0
587381,587381,587382,1,0
587381,587381,587382,1,0
587381,587381,587382,1,0
587381,587381,587382,1,0
587381,587381,587383,2,0
587381,587381,587383,2,0
587381,587381,587383,2,0
587381,587381,587382,1,0
587381,587381,587383,2,0
587381,587381,587383,2,0
587381,587381,587383,2,0
587381,587381,587383,2,0
587381,587381,587382,1,0
587381,587381,587383,2,0
587381,587381,587383,2,0
587381,587381,587383,2,0
587381,587382,587383,1,1
587381,587382,587383,1,1
587381,587382,587383,1,1
587381,587381,587383,2,0
587381,587381,587383,2,0
587381,587381,587383,2,0
587381,587382,587384,2,1
587381,587382,587383,1,1
587381,587381,587384,3,0
587381,587381,587384,3,0
587381,587381,587383,2,0
587381,587381,587383,2,0
587381,587381,587383,2,0
587381,587381,587383,2,0
587381,587381,587384,3,0
587381,587381,587383,2,0
587383,587383,587384,1,0
587381,587381,587384,3,0
587381,587381,587383,2,0
587381,587381,587383,2,0
587381,587382,587384,2,1
587383,587383,587384,1,0
587383,587383,587384,1,0
587383,587383,587385,2,0
587383,587383,587385,2,0
587383,587383,587385,2,0
587383,587383,587385,2,0
587383,587383,587385,2,0
587383,587383,587385,2,0
587383,587383,587385,2,0
587383,587383,587385,2,0
587383,587383,587385,2,0
587383,587383,587385,2,0
587383,587383,587385,2,0
587383,587383,587385,2,0
587383,587383,587385,2,0
587383,587383,587385,2,0
587383,587383,587385,2,0
587383,587383,587385,2,0
587383,587383,587385,2,0
587383,587383,587385,2,0
587383,587383,587384,1,0
587383,587383,587385,2,0
587383,587383,587385,2,0
587383,587383,587385,2,0
587383,587383,587385,2,0
587383,587383,587385,2,0
587383,587383,587385,2,0
587383,587383,587385,2,0
587383,587383,587385,2,0
587383,587384,587385,1,1
587383,587384,587385,1,1
587383,587383,587386,3,0
587383,587383,587386,3,0
587383,587383,587385,2,0
587383,587383,587386,3,0
587383,587383,587385,2,0
587383,587383,587386,3,0
587383,587383,587385,2,0
587383,587383,587386,3,0
587383,587383,587386,3,0
587383,587383,587386,3,0
587383,587383,587386,3,0
587383,587384,587386,2,1
587383,587384,587386,2,1
587152,587153,587397,244,1
587403,587404,587406,2,1
587403,587404,587405,1,1
587403,587404,587405,1,1
587403,587404,587405,1,1
587403,587404,587405,1,1
587403,587404,587405,1,1
587403,587404,587405,1,1
587403,587404,587405,1,1
587403,587404,587405,1,1
587403,587404,587405,1,1
587403,587404,587405,1,1
587403,587404,587405,1,1
587403,587404,587405,1,1
587403,587404,587405,1,1
587403,587404,587405,1,1
587403,587404,587405,1,1
587403,587404,587405,1,1
587403,587404,587405,1,1
587403,587404,587405,1,1
587403,587404,587405,1,1
587403,587404,587405,1,1
587403,587404,587405,1,1
587403,587404,587406,2,1
587403,587404,587406,2,1
587403,587404,587405,1,1
587403,587405,587406,1,2
587403,587405,587406,1,2
587403,587405,587406,1,2
587403,587405,587406,1,2
587403,587404,587406,2,1
587403,587404,587406,2,1
587403,587404,587406,2,1
587403,587404,587406,2,1
587403,587404,587406,2,1
587403,587404,587406,2,1
587403,587404,587406,2,1
587403,587404,587406,2,1
587403,587404,587406,2,1
587403,587404,587406,2,1
587403,587404,587406,2,1
587403,587404,587406,2,1
587403,587404,587407,3,1
587403,587405,587407,2,2
587138,587138,587408,270,0
587409,587410,587411,1,1
587409,587410,587411,1,1
587409,587410,587411,1,1
587409,587410,587411,1,1
587409,587410,587411,1,1
587409,587410,587411,1,1
587409,587410,587411,1,1
587409,587410,587411,1,1
587409,587410,587411,1,1
587409,587410,587412,2,1
587409,587410,587411,1,1
587409,587410,587411,1,1
587409,587410,587411,1,1
587409,587410,587411,1,1
587409,587410,587412,2,1
587409,587410,587411,1,1
587409,587410,587411,1,1
587409,587410,587411,1,1
587409,587410,587411,1,1
587409,587410,587411,1,1
587409,587410,587411,1,1
587409,587410,587411,1,1
587409,587410,587411,1,1
587409,587410,587411,1,1
587409,587410,587411,1,1
587409,587410,587412,2,1
587409,587410,587411,1,1
587409,587410,587412,2,1
587409,587410,587412,2,1
587409,587410,587412,2,1
587409,587410,587412,2,1
587409,587410,587412,2,1
587409,587410,587413,3,1
587409,587410,587412,2,1
587409,587410,587412,2,1
587409,587410,587412,2,1
587409,587410,587412,2,1
587409,587410,587412,2,1
587409,587410,587412,2,1
587409,587410,587412,2,1
587409,587410,587412,2,1
587409,587410,587412,2,1
587409,587410,587412,2,1
587409,587410,587412,2,1
587403,587404,587417,13,1
587409,587410,587418,8,1
587403,587404,587419,15,1
587195,587197,587438,241,2
587148,587148,587439,291,0
587227,587227,587439,212,0
587443,587443,587444,1,0
587443,587443,587445,2,0
587443,587443,587445,2,0
587443,587443,587444,1,0
587443,587443,587445,2,0
587443,587443,587445,2,0
587443,587443,587444,1,0
587443,587443,587444,1,0
587443,587443,587444,1,0
587443,587443,587445,2,0
587443,587443,587444,1,0
587443,587443,587444,1,0
587443,587443,587444,1,0
587443,587443,587445,2,0
587443,587443,587444,1,0
587443,587443,587445,2,0
587443,587443,587444,1,0
587443,587443,587444,1,0
587443,587443,587444,1,0
587443,587443,587445,2,0
587443,587443,587445,2,0
587443,587443,587444,1,0
587443,587443,587445,2,0
587443,587443,587445,2,0
587443,587443,587445,2,0
587443,587443,587444,1,0
587443,587443,587444,1,0
587443,587443,587445,2,0
587443,587443,587444,1,0
587443,587443,587444,1,0
587443,587443,587444,1,0
587443,587443,587445,2,0
587443,587443,587445,2,0
587443,587443,587444,1,0
587443,587443,587446,3,0
587443,587443,587445,2,0
587443,587443,587445,2,0
587443,587443,587446,3,0
587443,587443,587445,2,0
587443,587443,587445,2,0
587443,587443,587446,3,0
587443,587443,587445,2,0
587443,587443,587445,2,0
587443,587443,587445,2,0
587443,587443,587445,2,0
587443,587443,587445,2,0
587443,587443,587446,3,0
587443,587443,587445,2,0
587443,587443,587445,2,0
587443,587443,587445,2,0
587443,587443,587446,3,0
587443,587443,587446,3,0
587443,587443,587445,2,0
587443,587443,587445,2,0
587443,587443,587446,3,0
587443,587443,587445,2,0
587443,587443,587445,2,0
587443,587445,587447,2,2
587443,587445,587447,2,2
587443,587445,587447,2,2
587443,587445,587447,2,2
587443,587445,587447,2,2
587443,587445,587446,1,2
587443,587445,587447,2,2
587443,587445,587446,1,2
587443,587445,587446,1,2
587443,587445,587446,1,2
587443,587445,587446,1,2
587443,587445,587447,2,2
587443,587445,587447,2,2
587443,587445,587446,1,2
587443,587445,587446,1,2
587443,587445,587446,1,2
587443,587445,587447,2,2
587443,587445,587447,2,2
587443,587445,587447,2,2
587443,587445,587447,2,2
587443,587445,587446,1,2
587443,587445,587447,2,2
587443,587445,587446,1,2
587443,587445,587446,1,2
587443,587445,587446,1,2
587443,587445,587446,1,2
587443,587445,587446,1,2
587443,587445,587446,1,2
587443,587445,587446,1,2
587443,587445,587446,1,2
587443,587445,587446,1,2
587443,587445,587446,1,2
587443,587446,587447,1,3
587443,587446,587447,1,3
587443,587446,587447,1,3
587443,587446,587447,1,3
587443,587446,587447,1,3
587443,587445,587447,2,2
587443,587446,587448,2,3
587443,587446,587447,1,3
587443,587445,587447,2,2
587443,587446,587448,2,3
587443,587447,587448,1,4
587443,587447,587448,1,4
587443,587446,587448,2,3
587443,587446,587448,2,3
587443,587446,587448,2,3
587443,587446,587448,2,3
587443,587446,587448,2,3
587443,587446,587448,2,3
587443,587446,587448,2,3
587443,587446,587448,2,3
587443,587446,587448,2,3
587443,587447,587448,1,4
587443,587446,587448,2,3
587443,587446,587448,2,3
587443,587447,587448,1,4
587443,587447,587448,1,4
587443,587447,587448,1,4
587443,587447,587448,1,4
587443,587447,587448,1,4
587443,587446,587448,2,3
587443,587447,587448,1,4
587443,587447,587448,1,4
587443,587446,587449,3,3
587443,587446,587448,2,3
587443,587447,587448,1,4
587443,587447,587448,1,4
587443,587446,587449,3,3
587443,587446,587448,2,3
587443,587446,587449,3,3
587443,587446,587449,3,3
587443,587447,587449,2,4
587443,587446,587448,2,3
587443,587446,587449,3,3
587443,587446,587448,2,3
587443,587450,587451,1,7
587178,587179,587451,272,1
587443,587450,587451,1,7
587457,587457,587458,1,0
587457,587457,587458,1,0
587457,587457,587458,1,0
587457,587457,587458,1,0
587457,587457,587458,1,0
587457,587457,587459,2,0
587457,587457,587458,1,0
587457,587457,587459,2,0
587457,587457,587459,2,0
587457,587457,587458,1,0
587457,587457,587458,1,0
587457,587457,587458,1,0
587457,587457,587458,1,0
587457,587457,587459,2,0
587457,587457,587459,2,0
587457,587457,587458,1,0
587457,587457,587459,2,0
587457,587457,587458,1,0
587457,587457,587458,1,0
587457,587457,587458,1,0
587457,587457,587459,2,0
587457,587457,587458,1,0
587457,587457,587458,1,0
587457,587457,587459,2,0
587457,587457,587459,2,0
587457,587457,587459,2,0
587457,587457,587458,1,0
587457,587457,587459,2,0
587457,587457,587459,2,0
587457,587457,587459,2,0
587457,587457,587459,2,0
587457,587457,587459,2,0
587457,587457,587459,2,0
587457,587457,587459,2,0
587457,587457,587460,3,0
587457,587457,587459,2,0
587457,587457,587459,2,0
587457,587457,587459,2,0
587457,587457,587459,2,0
587457,587457,587459,2,0
587457,587457,587460,3,0
587457,587457,587460,3,0
587457,587457,587459,2,0
587457,587457,587460,3,0
587457,587457,587459,2,0
587200,587200,587462,262,0
587477,587478,587479,1,1
587477,587478,587479,1,1
587477,587478,587479,1,1
587477,587478,587479,1,1
587477,587478,587479,1,1
587477,587478,587479,1,1
587477,587478,587480,2,1
587477,587478,587479,1,1
587477,587478,587479,1,1
587477,587478,587479,1,1
587477,587478,587479,1,1
587477,587478,587479,1,1
587477,587478,587479,1,1
587477,587478,587479,1,1
587477,587478,587479,1,1
587477,587478,587479,1,1
587477,587478,587479,1,1
587477,587478,587479,1,1
587477,587478,587479,1,1
587477,587478,587479,1,1
587477,587478,587479,1,1
587477,587478,587479,1,1
587477,587478,587480,2,1
587477,587478,587479,1,1
587477,587478,587479,1,1
587477,587478,587479,1,1
587477,587478,587480,2,1
587477,587478,587479,1,1
587477,587478,587479,1,1
587477,587478,587480,2,1
587477,587478,587480,2,1
587477,587478,587480,2,1
587477,587478,587480,2,1
587477,587478,587480,2,1
587477,587478,587480,2,1
587477,587478,587480,2,1
587477,587478,587480,2,1
587477,587478,587480,2,1
587477,587478,587480,2,1
587477,587478,587481,3,1
587477,587478,587481,3,1
587477,587478,587482,4,1
587477,587478,587491,13,1
587477,587478,587493,15,1
587239,587239,587495,256,0
587251,587251,587495,244,0
587477,587478,587496,18,1
587496,587497,587498,1,1
587496,587497,587498,1,1
587496,587497,587499,2,1
587496,587497,587498,1,1
587496,587497,587499,2,1
587496,587497,587498,1,1
587496,587497,587498,1,1
587496,587497,587498,1,1
587496,587497,587498,1,1
587496,587497,587498,1,1
587496,587497,587499,2,1
587496,587497,587498,1,1
587496,587497,587498,1,1
587496,587497,587498,1,1
587496,587497,587499,2,1
587496,587497,587498,1,1
587496,587497,587498,1,1
587496,587497,587498,1,1
587496,587497,587498,1,1
587496,587497,587498,1,1
587496,587497,587498,1,1
587496,587497,587499,2,1
587496,587497,587498,1,1
587496,587497,587498,1,1
587496,587497,587498,1,1
587496,587497,587498,1,1
587496,587497,587498,1,1
587496,587497,587498,1,1
587496,587497,587498,1,1
587496,587497,587499,2,1
587496,587497,587498,1,1
587496,587497,587499,2,1
587496,587497,587499,2,1
587229,587229,587500,271,0
587496,587497,587499,2,1
587496,587497,587500,3,1
587496,587497,587500,3,1
587496,587497,587500,3,1
587496,587497,587499,2,1
587496,587497,587500,3,1
587496,587497,587499,2,1
587496,587497,587499,2,1
587496,587497,587499,2,1
587496,587497,587499,2,1
587496,587497,587500,3,1
587496,587497,587499,2,1
587496,587497,587499,2,1
587496,587497,587499,2,1
587496,587497,587500,3,1
587496,587497,587500,3,1
587496,587497,587500,3,1
587496,587497,587499,2,1
587496,587499,587501,2,3
587496,587499,587500,1,3
587496,587499,587500,1,3
587496,587499,587501,2,3
587496,587499,587500,1,3
587496,587499,587500,1,3
587496,587499,587501,2,3
587496,587499,587500,1,3
587496,587497,587500,3,1
587496,587499,587501,2,3
587496,587499,587500,1,3
587496,587499,587500,1,3
587496,587497,587500,3,1
587496,587499,587501,2,3
587496,587499,587500,1,3
587496,587499,587500,1,3
587496,587499,587500,1,3
587496,587499,587500,1,3
587496,587499,587500,1,3
587496,587499,587501,2,3
587496,587499,587500,1,3
587496,587499,587500,1,3
587496,587497,587499,2,1
587496,587497,587499,2,1
587496,587497,587499,2,1
587496,587499,587501,2,3
587496,587499,587501,2,3
587496,587499,587502,3,3
587496,587499,587501,2,3
587496,587499,587501,2,3
587496,587501,587502,1,5
587496,587501,587503,2,5
587496,587501,587503,2,5
587496,587501,587502,1,5
587496,587501,587503,2,5
587496,587501,587504,3,5
587496,587501,587504,3,5
587496,587501,587504,3,5
587216,587216,587504,288,0
587249,587251,587511,260,2
587496,587497,587510,13,1
587516,587516,587518,2,0
587516,587516,587518,2,0
587516,587516,587517,1,0
587516,587516,587517,1,0
587516,587516,587517,1,0
587516,587516,587517,1,0
587516,587516,587517,1,0
587516,587516,587518,2,0
587516,587516,587518,2,0
587516,587516,587517,1,0
587516,587516,587517,1,0
587516,587516,587517,1,0
587516,587516,587517,1,0
587516,587516,587518,2,0
587516,587516,587518,2,0
587516,587516,587517,1,0
587516,587516,587517,1,0
587516,587516,587518,2,0
587516,587516,587517,1,0
587516,587516,587518,2,0
587516,587516,587518,2,0
587516,587516,587517,1,0
587516,587516,587517,1,0
587516,587516,587517,1,0
587516,587516,587518,2,0
587516,587516,587517,1,0
587516,587516,587517,1,0
587516,587516,587518,2,0
587516,587516,587517,1,0
587516,587516,587518,2,0
587516,587516,587518,2,0
587516,587516,587518,2,0
587516,587516,587518,2,0
587516,587516,587518,2,0
587516,587516,587519,3,0
587516,587516,587518,2,0
587516,587516,587519,3,0
587516,587516,587518,2,0
587516,587516,587518,2,0
587516,587516,587518,2,0
587516,587516,587519,3,0
587516,587516,587518,2,0
587516,587516,587518,2,0
587516,587516,587518,2,0
587516,587516,587518,2,0
587516,587516,587518,2,0
587516,587516,587519,3,0
587516,587516,587519,3,0
587516,587516,587519,3,0
587516,587516,587519,3,0
587516,587516,587518,2,0
587516,587516,587518,2,0
587516,587516,587519,3,0
587516,587516,587519,3,0
587516,587518,587519,1,2
587516,587516,587518,2,0
587516,587516,587518,2,0
587516,587516,587519,3,0
587516,587516,587519,3,0
587516,587516,587520,4,0
587516,587518,587520,2,2
587516,587518,587520,2,2
587516,587518,587520,2,2
587516,587518,587519,1,2
587516,587518,587519,1,2
587516,587518,587519,1,2
587516,587518,587520,2,2
587516,587518,587520,2,2
587516,587518,587520,2,2
587516,587518,587519,1,2
587516,587518,587519,1,2
587516,587518,587520,2,2
587516,587518,587519,1,2
587516,587518,587519,1,2
587516,587518,587519,1,2
587516,587518,587519,1,2
587516,587518,587519,1,2
587516,587518,587519,1,2
587516,587518,587519,1,2
587516,587518,587519,1,2
587516,587518,587519,1,2
587516,587518,587519,1,2
587516,587518,587520,2,2
587516,587518,587520,2,2
587516,587518,587520,2,2
587516,587528,587529,1,12
587516,587528,587529,1,12
587516,587528,587529,1,12
587516,587528,587529,1,12
587516,587528,587529,1,12
587311,587311,587533,222,0
587538,587538,587540,2,0
587538,587538,587540,2,0
587538,587538,587540,2,0
587538,587539,587540,1,1
587538,587538,587540,2,0
587538,587539,587540,1,1
587538,587538,587540,2,0
587538,587538,587540,2,0
587538,587538,587540,2,0
587538,587538,587540,2,0
587538,587538,587540,2,0
587538,587538,587540,2,0
587538,587539,587540,1,1
587538,587538,587540,2,0
587538,587538,587540,2,0
587538,587539,587540,1,1
587538,587538,587540,2,0
587538,587538,587541,3,0
587538,587539,587540,1,1
587539,587539,587541,2,0
587538,587538,587541,3,0
587538,587538,587540,2,0
587539,587539,587541,2,0
587538,587538,587541,3,0
587538,587538,587541,3,0
587539,587539,587540,1,0
587538,587538,587541,3,0
587538,587538,587541,3,0
587538,587539,587540,1,1
587538,587539,587540,1,1
587539,587539,587540,1,0
587538,587538,587540,2,0
587538,587538,587541,3,0
587538,587538,587541,3,0
587538,587539,587540,1,1
587539,587539,587540,1,0
587539,587539,587540,1,0
587538,587538,587541,3,0
587538,587538,587541,3,0
587538,587539,587540,1,1
587538,587539,587540,1,1
587539,587539,587540,1,0
587539,587539,587541,2,0
587253,587253,587541,288,0
587538,587538,587541,3,0
587538,587538,587540,2,0
587539,587539,587540,1,0
587538,587538,587540,2,0
587539,587539,587540,1,0
587539,587539,587541,2,0
587538,587538,587541,3,0
587538,587538,587541,3,0
587538,587538,587541,3,0
587539,587539,587542,3,0
587539,587540,587542,2,1
587539,587539,587542,3,0
587539,587540,587542,2,1
587539,587540,587542,2,1
587538,587538,587541,3,0
587539,587539,587541,2,0
587539,587540,587541,1,1
587539,587540,587541,1,1
587539,587539,587541,2,0
587539,587539,587541,2,0
587539,587539,587542,3,0
587539,587540,587541,1,1
587539,587540,587542,2,1
587539,587541,587542,1,2
587539,587541,587542,1,2
587539,587540,587542,2,1
587539,587540,587542,2,1
587539,587541,587542,1,2
587539,587540,587542,2,1
587539,587541,587542,1,2
587539,587541,587542,1,2
587539,587541,587542,1,2
587539,587541,587542,1,2
587539,587540,587542,2,1
587539,587541,587542,1,2
587539,587541,587542,1,2
587539,587541,587542,1,2
587539,587541,587542,1,2
587539,587541,587542,1,2
587539,587541,587542,1,2
587300,587300,587546,246,0
587548,587548,587549,1,0
587548,587548,587549,1,0
587548,587548,587549,1,0
587548,587548,587549,1,0
587548,587548,587549,1,0
587548,587548,587549,1,0
587548,587548,587549,1,0
587548,587548,587550,2,0
587548,587548,587550,2,0
587548,587548,587550,2,0
587548,587548,587550,2,0
587548,587548,587550,2,0
587548,587548,587550,2,0
587548,587548,587550,2,0
587548,587548,587550,2,0
587548,587548,587549,1,0
587548,587548,587550,2,0
587548,587548,587550,2,0
587548,587548,587549,1,0
587548,587548,587550,2,0
587548,587548,587550,2,0
587548,587548,587550,2,0
587548,587548,587550,2,0
587548,587548,587550,2,0
587548,587548,587549,1,0
587548,587548,587550,2,0
587548,587548,587550,2,0
587548,587548,587550,2,0
587548,587548,587550,2,0
587548,587548,587550,2,0
587548,587548,587549,1,0
587548,587548,587549,1,0
587548,587548,587550,2,0
587548,587548,587550,2,0
587548,587548,587550,2,0
587548,587548,587550,2,0
587548,587548,587550,2,0
587548,587548,587550,2,0
587548,587548,587549,1,0
587548,587548,587550,2,0
587548,587548,587550,2,0
587548,587548,587551,3,0
587548,587548,587551,3,0
587548,587548,587551,3,0
587548,587548,587551,3,0
587548,587548,587550,2,0
587548,587548,587551,3,0
587548,587548,587551,3,0
587548,587548,587550,2,0
587548,587548,587550,2,0
587548,587548,587551,3,0
587548,587548,587550,2,0
587548,587548,587550,2,0
587548,587548,587550,2,0
587548,587548,587550,2,0
587548,587548,587550,2,0
587548,587548,587551,3,0
587548,587548,587550,2,0
587548,587549,587552,3,1
587548,587550,587552,2,2
587548,587550,587552,2,2
587548,587550,587552,2,2
587548,587550,587551,1,2
587548,587550,587552,2,2
587548,587550,587552,2,2
587548,587550,587552,2,2
587548,587550,587551,1,2
587548,587550,587552,2,2
587548,587550,587552,2,2
587548,587550,587552,2,2
587548,587550,587552,2,2
587548,587550,587551,1,2
587548,587550,587551,1,2
587548,587550,587551,1,2
587548,587550,587551,1,2
587548,587550,587551,1,2
587548,587550,587551,1,2
587548,587550,587551,1,2
587548,587550,587551,1,2
587548,587550,587551,1,2
587548,587550,587551,1,2
587548,587550,587553,3,2
587548,587550,587552,2,2
587548,587550,587553,3,2
587548,587550,587553,3,2
587548,587550,587553,3,2
587548,587550,587553,3,2
587548,587550,587553,3,2
587548,587550,587552,2,2
587548,587550,587552,2,2
587276,587276,587554,278,0
587265,587265,587556,291,0
587538,587538,587541,3,0
587538,587538,587541,3,0
587538,587538,587541,3,0
587539,587539,587541,2,0
587539,587539,587541,2,0
587539,587560,587562,2,21
587539,587560,587562,2,21
587560,587560,587561,1,0
587560,587560,587561,1,0
587560,587560,587562,2,0
587560,587560,587562,2,0
587560,587560,587561,1,0
587560,587560,587561,1,0
587560,587560,587561,1,0
587560,587560,587562,2,0
587560,587560,587561,1,0
587560,587560,587562,2,0
587560,587560,587561,1,0
587560,587560,587561,1,0
587560,587560,587562,2,0
587560,587560,587562,2,0
587560,587560,587562,2,0
587560,587560,587561,1,0
587560,587560,587562,2,0
587560,587560,587561,1,0
587560,587560,587561,1,0
587560,587560,587562,2,0
587560,587560,587561,1,0
587560,587560,587562,2,0
587560,587560,587562,2,0
587560,587560,587561,1,0
587560,587560,587562,2,0
587560,587560,587562,2,0
587560,587560,587562,2,0
587560,587560,587562,2,0
587560,587560,587563,3,0
587560,587560,587562,2,0
587560,587560,587562,2,0
587560,587560,587563,3,0
587560,587560,587562,2,0
587560,587560,587563,3,0
587560,587560,587562,2,0
587560,587560,587562,2,0
587560,587560,587562,2,0
587560,587560,587563,3,0
587560,587560,587562,2,0
587560,587574,587575,1,14
587560,587574,587575,1,14
587560,587574,587575,1,14
587578,587579,587580,1,1
587578,587578,587580,2,0
587578,587578,587580,2,0
587578,587578,587580,2,0
587578,587578,587580,2,0
587578,587578,587580,2,0
587578,587578,587580,2,0
587578,587578,587580,2,0
587578,587578,587580,2,0
587578,587578,587580,2,0
587578,587578,587580,2,0
587578,587578,587580,2,0
587578,587578,587580,2,0
587578,587578,587580,2,0
587578,587578,587580,2,0
587578,587578,587580,2,0
587578,587578,587580,2,0
587578,587578,587580,2,0
587578,587578,587580,2,0
587578,587578,587580,2,0
587578,587578,587580,2,0
587578,587578,587580,2,0
587578,587578,587580,2,0
587578,587578,587580,2,0
587578,587578,587580,2,0
587578,587578,587580,2,0
587578,587579,587580,1,1
587578,587579,587581,2,1
587578,587579,587581,2,1
587578,587579,587581,2,1
587578,587578,587581,3,0
587578,587578,587581,3,0
587578,587578,587581,3,0
587578,587578,587581,3,0
587578,587578,587581,3,0
587578,587578,587581,3,0
587578,587578,587581,3,0
587578,587578,587581,3,0
587578,587578,587581,3,0
587578,587578,587581,3,0
587578,587578,587581,3,0
587578,587578,587581,3,0
587560,587574,587575,1,14
587560,587574,587576,2,14
587560,587574,587576,2,14
587578,587598,587599,1,20
587578,587598,587599,1,20
587578,587598,587600,2,20
587348,587368,587636,268,20
587639,587639,587641,2,0
587639,587639,587640,1,0
587639,587639,587640,1,0
587639,587639,587641,2,0
587639,587639,587641,2,0
587639,587639,587641,2,0
587639,587639,587640,1,0
587639,587639,587640,1,0
587639,587639,587641,2,0
587639,587639,587640,1,0
587639,587639,587640,1,0
587639,587639,587640,1,0
587639,587639,587640,1,0
587639,587639,587640,1,0
587639,587639,587641,2,0
587639,587639,587641,2,0
587639,587639,587640,1,0
587639,587639,587640,1,0
587639,587639,587640,1,0
587639,587639,587641,2,0
587639,587639,587640,1,0
587639,587639,587640,1,0
587639,587639,587641,2,0
587639,587639,587641,2,0
587639,587639,587641,2,0
587639,587639,587641,2,0
587639,587639,587640,1,0
587639,587639,587640,1,0
587639,587639,587640,1,0
587639,587639,587640,1,0
587639,587639,587641,2,0
587639,587639,587641,2,0
587639,587639,587641,2,0
587639,587639,587641,2,0
587639,587639,587641,2,0
587639,587639,587641,2,0
587639,587639,587641,2,0
587639,587639,587641,2,0
587639,587639,587641,2,0
587639,587639,587641,2,0
587639,587639,587642,3,0
587639,587639,587642,3,0
587639,587639,587642,3,0
587639,587639,587641,2,0
587639,587639,587642,3,0
587382,587382,587661,279,0
587405,587405,587662,257,0
587662,587662,587663,1,0
587662,587662,587663,1,0
587662,587662,587663,1,0
587662,587662,587663,1,0
587662,587662,587663,1,0
587662,587662,587663,1,0
587662,587662,587663,1,0
587662,587662,587663,1,0
587662,587662,587664,2,0
587662,587662,587663,1,0
587662,587662,587664,2,0
587662,587662,587663,1,0
587662,587662,587663,1,0
587662,587662,587663,1,0
587662,587662,587663,1,0
587662,587662,587664,2,0
587662,587662,587664,2,0
587662,587662,587664,2,0
587662,587662,587664,2,0
587662,587662,587663,1,0
587662,587662,587663,1,0
587662,587662,587663,1,0
587662,587662,587663,1,0
587662,587662,587663,1,0
587662,587662,587664,2,0
587662,587662,587663,1,0
587662,587662,587664,2,0
587662,587662,587664,2,0
587662,587662,587664,2,0
587662,587662,587665,3,0
587662,587662,587664,2,0
587662,587662,587665,3,0
587662,587662,587664,2,0
587662,587662,587664,2,0
587662,587662,587664,2,0
587662,587662,587664,2,0
587662,587662,587665,3,0
587662,587662,587664,2,0
587662,587662,587664,2,0
587662,587662,587664,2,0
587662,587662,587664,2,0
587662,587662,587664,2,0
587662,587662,587665,3,0
587662,587662,587664,2,0
587664,587664,587665,1,0
587662,587662,587664,2,0
587664,587664,587665,1,0
587664,587664,587665,1,0
587664,587664,587665,1,0
587664,587664,587665,1,0
587664,587664,587666,2,0
587664,587664,587665,1,0
587664,587664,587666,2,0
587664,587664,587665,1,0
587664,587664,587665,1,0
587664,587664,587665,1,0
587664,587664,587666,2,0
587664,587664,587666,2,0
587664,587664,587666,2,0
587664,587664,587665,1,0
587664,587664,587666,2,0
587664,587664,587666,2,0
587664,587664,587665,1,0
587664,587664,587665,1,0
587664,587664,587666,2,0
587664,587664,587665,1,0
587664,587664,587666,2,0
587664,587664,587665,1,0
587664,587664,587665,1,0
587664,587664,587666,2,0
587664,587664,587666,2,0
587664,587664,587665,1,0
587664,587664,587665,1,0
587664,587664,587665,1,0
587664,587664,587665,1,0
587664,587664,587665,1,0
587664,587664,587665,1,0
587664,587664,587667,3,0
587664,587664,587666,2,0
587664,587664,587666,2,0
587664,587664,587666,2,0
587664,587664,587666,2,0
587664,587664,587667,3,0
587664,587664,587666,2,0
587664,587664,587666,2,0
587664,587664,587666,2,0
587664,587664,587666,2,0
587664,587664,587667,3,0
587664,587664,587667,3,0
587664,587664,587666,2,0
587411,587411,587682,271,0
587685,587685,587687,2,0
587685,587685,587686,1,0
587685,587686,587687,1,1
587685,587686,587687,1,1
587685,587685,587687,2,0
587685,587685,587687,2,0
587685,587685,587687,2,0
587685,587685,587687,2,0
587685,587685,587686,1,0
587685,587685,587687,2,0
587685,587685,587687,2,0
587685,587685,587687,2,0
587685,587685,587687,2,0
587685,587685,587687,2,0
587685,587685,587687,2,0
587685,587685,587687,2,0
587685,587685,587687,2,0
587685,587685,587687,2,0
587685,587685,587687,2,0
587685,587685,587687,2,0
587685,587685,587687,2,0
587685,587685,587687,2,0
587685,587685,587687,2,0
587685,587685,587687,2,0
587685,587685,587687,2,0
587685,587685,587687,2,0
587685,587685,587687,2,0
587685,587685,587686,1,0
587685,587685,587687,2,0
587685,587685,587688,3,0
587685,587685,587687,2,0
587685,587685,587687,2,0
587685,587686,587688,2,1
587685,587685,587687,2,0
587685,587685,587687,2,0
587685,587685,587687,2,0
587685,587685,587687,2,0
587685,587685,587687,2,0
587685,587685,587688,3,0
587685,587685,587687,2,0
587685,587685,587688,3,0
587685,587685,587687,2,0
587685,587685,587688,3,0
587685,587685,587688,3,0
587685,587686,587688,2,1
587444,587450,587707,257,6
587446,587447,587708,261,1
587708,587708,587710,2,0
587708,587708,587710,2,0
587708,587708,587710,2,0
587708,587708,587710,2,0
587708,587708,587710,2,0
587708,587708,587710,2,0
587708,587708,587710,2,0
587708,587708,587710,2,0
587708,587708,587710,2,0
587708,587708,587710,2,0
587708,587708,587710,2,0
587708,587708,587710,2,0
587708,587708,587710,2,0
587708,587708,587710,2,0
587708,587708,587710,2,0
587708,587709,587710,1,1
587708,587709,587710,1,1
587708,587709,587710,1,1
587708,587708,587710,2,0
587708,587708,587710,2,0
587708,587708,587710,2,0
587708,587708,587710,2,0
587708,587708,587710,2,0
587708,587708,587710,2,0
587708,587708,587710,2,0
587708,587708,587710,2,0
587708,587708,587710,2,0
587708,587708,587711,3,0
587708,587708,587711,3,0
587708,587709,587711,2,1
587708,587708,587711,3,0
587708,587708,587711,3,0
587708,587708,587711,3,0
587708,587708,587711,3,0
587708,587708,587711,3,0
587708,587708,587711,3,0
587708,587708,587711,3,0
587708,587708,587711,3,0
587708,587708,587711,3,0
587708,587708,587711,3,0
587710,587711,587712,1,1
587710,587710,587712,2,0
587710,587710,587712,2,0
587710,587710,587712,2,0
587710,587711,587712,1,1
587710,587711,587713,2,1
587710,587711,587712,1,1
587710,587711,587712,1,1
587710,587711,587712,1,1
587710,587710,587712,2,0
587710,587710,587712,2,0
587710,587711,587712,1,1
587710,587711,587712,1,1
587710,587711,587712,1,1
587710,587711,587712,1,1
587710,587711,587712,1,1
587710,587711,587712,1,1
587710,587711,587712,1,1
587710,587710,587712,2,0
587710,587711,587713,2,1
587710,587711,587712,1,1
587710,587711,587712,1,1
587710,587711,587712,1,1
587710,587710,587712,2,0
587710,587711,587713,2,1
587710,587711,587712,1,1
587710,587711,587713,2,1
587710,587711,587712,1,1
587710,587711,587712,1,1
587710,587711,587713,2,1
587710,587711,587713,2,1
587710,587711,587713,2,1
587710,587711,587713,2,1
587710,587711,587713,2,1
587710,587711,587713,2,1
587710,587711,587713,2,1
587710,587711,587713,2,1
587710,587711,587713,2,1
587710,587711,587713,2,1
587710,587711,587713,2,1
587710,587710,587713,3,0
587710,587711,587714,3,1
587710,587711,587714,3,1
587710,587711,587713,2,1
587710,587711,587713,2,1
587517,587518,587718,200,1
587385,587385,587719,334,0
587708,587720,587721,1,12
587708,587720,587721,1,12
587708,587720,587721,1,12
587708,587720,587722,2,12
587708,587720,587722,2,12
587723,587723,587724,1,0
587723,587723,587724,1,0
587723,587723,587724,1,0
587723,587723,587724,1,0
587723,587723,587724,1,0
587723,587723,587724,1,0
587723,587723,587724,1,0
587723,587723,587724,1,0
587723,587723,587724,1,0
587723,587723,587724,1,0
587723,587723,587724,1,0
587723,587723,587724,1,0
587723,587723,587724,1,0
587723,587723,587725,2,0
587723,587723,587725,2,0
587723,587723,587724,1,0
587723,587723,587725,2,0
587723,587723,587725,2,0
587723,587723,587725,2,0
587723,587723,587725,2,0
587723,587723,587724,1,0
587723,587723,587725,2,0
587723,587723,587725,2,0
587723,587723,587725,2,0
587723,587723,587725,2,0
587723,587723,587725,2,0
587723,587723,587725,2,0
587723,587723,587724,1,0
587723,587723,587725,2,0
587723,587723,587725,2,0
587723,587723,587725,2,0
587723,587723,587725,2,0
587723,587723,587725,2,0
587723,587723,587725,2,0
587723,587723,587725,2,0
587723,587723,587725,2,0
587723,587723,587725,2,0
587723,587723,587725,2,0
587723,587723,587725,2,0
587723,587723,587725,2,0
587723,587723,587725,2,0
587723,587723,587725,2,0
587723,587723,587725,2,0
587723,587723,587725,2,0
587723,587723,587725,2,0
587723,587723,587725,2,0
587723,587723,587725,2,0
587723,587723,587725,2,0
587723,587723,587725,2,0
587723,587723,587725,2,0
587723,587725,587726,1,2
587723,587725,587726,1,2
587723,587723,587726,3,0
587723,587723,587726,3,0
587723,587725,587726,1,2
587723,587725,587726,1,2
587723,587725,587726,1,2
587723,587723,587726,3,0
587723,587723,587726,3,0
587723,587725,587726,1,2
587723,587726,587727,1,3
587723,587726,587727,1,3
587723,587723,587726,3,0
587723,587723,587726,3,0
587723,587723,587726,3,0
587723,587723,587726,3,0
587723,587725,587726,1,2
587723,587725,587726,1,2
587723,587723,587726,3,0
587723,587723,587726,3,0
587723,587723,587726,3,0
587723,587725,587726,1,2
587723,587725,587726,1,2
587723,587725,587726,1,2
587723,587724,587727,3,1
587723,587724,587726,2,1
587723,587723,587726,3,0
587723,587725,587726,1,2
587723,587725,587726,1,2
587723,587725,587726,1,2
587723,587725,587726,1,2
587723,587725,587726,1,2
587723,587725,587727,2,2
587723,587725,587727,2,2
587723,587726,587727,1,3
587723,587726,587727,1,3
587723,587726,587727,1,3
587448,587448,587734,286,0
587739,587739,587741,2,0
587739,587739,587741,2,0
587739,587739,587741,2,0
587739,587739,587741,2,0
587739,587739,587741,2,0
587739,587739,587741,2,0
587739,587739,587741,2,0
587739,587739,587741,2,0
587739,587739,587741,2,0
587739,587739,587741,2,0
587739,587739,587741,2,0
587739,587739,587741,2,0
587739,587739,587741,2,0
587739,587739,587741,2,0
587739,587739,587741,2,0
587739,587739,587741,2,0
587739,587739,587741,2,0
587739,587739,587741,2,0
587739,587739,587741,2,0
587739,587739,587741,2,0
587739,587739,587741,2,0
587739,587739,587741,2,0
587739,587740,587741,1,1
587739,587740,587741,1,1
587739,587740,587741,1,1
587739,587740,587741,1,1
587739,587739,587741,2,0
587739,587739,587741,2,0
587739,587740,587741,1,1
587739,587740,587741,1,1
587739,587740,587741,1,1
587739,587739,587742,3,0
587739,587739,587742,3,0
587739,587739,587742,3,0
587739,587739,587742,3,0
587739,587739,587742,3,0
587739,587739,587742,3,0
587739,587739,587742,3,0
587739,587739,587742,3,0
587739,587739,587742,3,0
587739,587740,587742,2,1
587739,587739,587742,3,0
587739,587739,587742,3,0
587739,587740,587743,3,1
587739,587740,587742,2,1
587458,587458,587743,285,0
587479,587479,587748,269,0
587750,587750,587752,2,0
587750,587750,587752,2,0
587750,587750,587752,2,0
587750,587750,587752,2,0
587750,587750,587752,2,0
587750,587750,587752,2,0
587750,587750,587752,2,0
587750,587750,587752,2,0
587750,587750,587752,2,0
587750,587750,587752,2,0
587750,587750,587751,1,0
587750,587750,587751,1,0
587750,587750,587751,1,0
587750,587750,587751,1,0
587750,587750,587752,2,0
587750,587750,587752,2,0
587750,587750,587752,2,0
587750,587750,587752,2,0
587750,587751,587752,1,1
587750,587751,587752,1,1
587750,587751,587752,1,1
587750,587751,587752,1,1
587750,587750,587752,2,0
587750,587750,587752,2,0
587750,587750,587752,2,0
587750,587750,587752,2,0
587750,587750,587752,2,0
587750,587750,587752,2,0
587750,587750,587753,3,0
587750,587750,587753,3,0
587750,587750,587753,3,0
587750,587750,587753,3,0
587750,587750,587752,2,0
587750,587750,587752,2,0
587750,587750,587752,2,0
587750,587750,587752,2,0
587750,587751,587753,2,1
587750,587750,587753,3,0
587750,587750,587753,3,0
587750,587750,587753,3,0
587759,587759,587760,1,0
587759,587759,587760,1,0
587759,587759,587760,1,0
587759,587759,587760,1,0
587759,587759,587760,1,0
587759,587759,587761,2,0
587759,587759,587761,2,0
587759,587759,587761,2,0
587759,587759,587760,1,0
587759,587759,587761,2,0
587759,587759,587760,1,0
587759,587759,587760,1,0
587759,587759,587760,1,0
587759,587759,587760,1,0
587759,587759,587760,1,0
587759,587759,587760,1,0
587759,587759,587761,2,0
587759,587759,587761,2,0
587759,587759,587761,2,0
587759,587759,587761,2,0
587759,587759,587760,1,0
587759,587759,587761,2,0
587759,587759,587761,2,0
587759,587759,587760,1,0
587759,587759,587760,1,0
587759,587759,587760,1,0
587759,587759,587760,1,0
587759,587759,587761,2,0
587759,587759,587761,2,0
587759,587759,587760,1,0
587759,587759,587761,2,0
587759,587759,587761,2,0
587759,587759,587761,2,0
587759,587759,587761,2,0
587759,587759,587761,2,0
587759,587759,587762,3,0
587759,587759,587761,2,0
587759,587759,587761,2,0
587759,587759,587761,2,0
587759,587759,587761,2,0
587759,587759,587762,3,0
587759,587759,587761,2,0
587759,587759,587761,2,0
587759,587759,587761,2,0
587750,587766,587767,1,16
587750,587766,587768,2,16
587750,587766,587768,2,16
587759,587766,587767,1,7
587750,587766,587769,3,16
587750,587766,587769,3,16
587498,587499,587774,275,1
587540,587541,587779,238,1
587783,587783,587785,2,0
587783,587783,587785,2,0
587783,587783,587784,1,0
587783,587783,587785,2,0
587783,587783,587784,1,0
587783,587784,587785,1,1
587783,587784,587785,1,1
587783,587784,587785,1,1
587783,587783,587785,2,0
587783,587783,587785,2,0
587783,587783,587785,2,0
587783,587783,587785,2,0
587783,587783,587785,2,0
587783,587783,587784,1,0
587783,587783,587785,2,0
587783,587783,587785,2,0
587783,587783,587785,2,0
587783,587783,587785,2,0
587783,587783,587785,2,0
587783,587783,587785,2,0
587783,587783,587785,2,0
587783,587783,587785,2,0
587783,587783,587785,2,0
587783,587784,587785,1,1
587783,587783,587784,1,0
587783,587783,587785,2,0
587783,587783,587785,2,0
587783,587783,587784,1,0
587783,587783,587785,2,0
587783,587783,587786,3,0
587783,587784,587786,2,1
587783,587784,587785,1,1
587783,587783,587786,3,0
587783,587783,587786,3,0
587783,587783,587785,2,0
587783,587783,587785,2,0
587783,587783,587786,3,0
587783,587783,587785,2,0
587783,587783,587785,2,0
587783,587783,587786,3,0
587783,587784,587786,2,1
587783,587784,587786,2,1
587783,587784,587786,2,1
587783,587784,587785,1,1
587783,587783,587786,3,0
587789,587789,587791,2,0
587789,587789,587791,2,0
587789,587789,587791,2,0
587789,587789,587791,2,0
587789,587789,587791,2,0
587789,587789,587791,2,0
587789,587789,587791,2,0
587789,587789,587791,2,0
587789,587789,587791,2,0
587789,587789,587791,2,0
587789,587789,587791,2,0
587789,587790,587791,1,1
587789,587790,587791,1,1
587789,587790,587791,1,1
587789,587789,587791,2,0
587789,587789,587791,2,0
587789,587789,587791,2,0
587789,587789,587791,2,0
587789,587789,587791,2,0
587789,587789,587791,2,0
587789,587789,587791,2,0
587789,587789,587791,2,0
587789,587789,587791,2,0
587789,587789,587791,2,0
587789,587789,587791,2,0
587789,587789,587791,2,0
587789,587789,587791,2,0
587789,587789,587791,2,0
587789,587789,587791,2,0
587789,587789,587791,2,0
587789,587789,587791,2,0
587789,587789,587791,2,0
587789,587789,587792,3,0
587789,587789,587792,3,0
587789,587789,587792,3,0
587789,587789,587791,2,0
587789,587790,587792,2,1
587789,587790,587791,1,1
587789,587789,587792,3,0
587789,587789,587792,3,0
587789,587789,587792,3,0
587789,587789,587792,3,0
587789,587789,587792,3,0
587789,587789,587792,3,0
587789,587789,587792,3,0
587551,587551,587799,248,0
587561,587561,587809,248,0
587808,587809,587810,1,1
587808,587809,587810,1,1
587808,587809,587810,1,1
587808,587809,587810,1,1
587808,587809,587810,1,1
587808,587809,587810,1,1
587808,587809,587811,2,1
587808,587809,587810,1,1
587808,587809,587810,1,1
587808,587809,587810,1,1
587808,587809,587810,1,1
587808,587809,587810,1,1
587808,587809,587810,1,1
587808,587809,587810,1,1
587808,587809,587810,1,1
587808,587809,587811,2,1
587808,587809,587810,1,1
587808,587809,587810,1,1
587808,587809,587810,1,1
587808,587809,587810,1,1
587808,587809,587810,1,1
587808,587809,587810,1,1
587808,587809,587811,2,1
587808,587809,587810,1,1
587808,587809,587810,1,1
587808,587809,587811,2,1
587808,587809,587811,2,1
587808,587809,587811,2,1
587808,587809,587811,2,1
587808,587809,587811,2,1
587808,587809,587811,2,1
587808,587809,587811,2,1
587808,587809,587811,2,1
587808,587809,587811,2,1
587808,587809,587811,2,1
587811,587811,587812,1,0
587811,587811,587812,1,0
587811,587811,587812,1,0
587811,587811,587812,1,0
587811,587811,587812,1,0
587811,587812,587813,1,1
587811,587811,587812,1,0
587811,587811,587813,2,0
587811,587811,587812,1,0
587811,587811,587812,1,0
587811,587811,587812,1,0
587811,587811,587813,2,0
587811,587812,587813,1,1
587811,587811,587812,1,0
587811,587811,587813,2,0
587811,587811,587813,2,0
587811,587811,587812,1,0
587811,587811,587812,1,0
587811,587811,587812,1,0
587811,587811,587812,1,0
587811,587811,587813,2,0
587811,587811,587812,1,0
587811,587811,587812,1,0
587811,587811,587812,1,0
587811,587811,587813,2,0
587811,587811,587813,2,0
587811,587812,587813,1,1
587811,587811,587812,1,0
587811,587811,587813,2,0
587811,587811,587813,2,0
587811,587811,587812,1,0
587811,587811,587812,1,0
587811,587811,587814,3,0
587811,587812,587813,1,1
587811,587811,587813,2,0
587811,587811,587814,3,0
587811,587811,587813,2,0
587811,587811,587813,2,0
587811,587811,587813,2,0
587811,587811,587813,2,0
587811,587811,587814,3,0
587811,587811,587813,2,0
587811,587811,587813,2,0
587811,587811,587813,2,0
587811,587811,587813,2,0
587808,587817,587818,1,9
587808,587817,587818,1,9
587808,587817,587819,2,9
587808,587817,587818,1,9
587549,587550,587819,269,1
587808,587819,587820,1,11
587808,587819,587820,1,11
587808,587819,587820,1,11
587808,587817,587820,3,9
587808,587819,587821,2,11
587808,587819,587821,2,11
587584,587584,587824,240,0
587823,587823,587825,2,0
587823,587823,587825,2,0
587823,587823,587824,1,0
587823,587823,587825,2,0
587823,587823,587824,1,0
587823,587823,587825,2,0
587823,587823,587825,2,0
587823,587823,587824,1,0
587823,587823,587824,1,0
587823,587823,587825,2,0
587823,587823,587824,1,0
587823,587823,587825,2,0
587823,587823,587825,2,0
587823,587823,587825,2,0
587823,587823,587824,1,0
587823,587823,587824,1,0
587823,587823,587824,1,0
587823,587823,587824,1,0
587823,587823,587824,1,0
587823,587823,587824,1,0
587823,587823,587824,1,0
587823,587823,587825,2,0
587823,587823,587825,2,0
587823,587823,587825,2,0
587823,587823,587825,2,0
587823,587823,587825,2,0
587823,587823,587825,2,0
587823,587823,587824,1,0
587823,587823,587825,2,0
587823,587823,587824,1,0
587823,587823,587825,2,0
587823,587823,587825,2,0
587823,587823,587826,3,0
587823,587823,587825,2,0
587823,587823,587825,2,0
587823,587823,587825,2,0
587823,587823,587826,3,0
587823,587823,587825,2,0
587823,587823,587826,3,0
587823,587823,587825,2,0
587823,587823,587826,3,0
587823,587823,587826,3,0
587823,587823,587826,3,0
587823,587823,587826,3,0
587823,587823,587825,2,0
587586,587586,587833,247,0
587833,587833,587835,2,0
587833,587833,587835,2,0
587833,587833,587835,2,0
587833,587833,587835,2,0
587833,587833,587835,2,0
587833,587833,587834,1,0
587833,587833,587835,2,0
587833,587833,587834,1,0
587833,587833,587835,2,0
587833,587833,587835,2,0
587833,587833,587834,1,0
587833,587833,587834,1,0
587833,587833,587834,1,0
587833,587833,587834,1,0
587833,587833,587835,2,0
587833,587833,587835,2,0
587833,587833,587835,2,0
587833,587833,587834,1,0
587833,587833,587834,1,0
587833,587833,587834,1,0
587833,587833,587834,1,0
587833,587833,587835,2,0
587833,587833,587834,1,0
587833,587833,587834,1,0
587833,587833,587834,1,0
587833,587833,587834,1,0
587833,587833,587835,2,0
587833,587833,587834,1,0
587833,587833,587835,2,0
587833,587833,587836,3,0
587833,587833,587835,2,0
587833,587833,587835,2,0
587833,587833,587835,2,0
587833,587833,587836,3,0
587833,587833,587835,2,0
587833,587833,587835,2,0
587833,587833,587835,2,0
587833,587833,587835,2,0
587833,587833,587836,3,0
587833,587833,587836,3,0
587833,587833,587835,2,0
587588,587588,587842,254,0
587842,587843,587845,2,1
587842,587843,587844,1,1
587842,587843,587844,1,1
587842,587843,587844,1,1
587842,587843,587844,1,1
587842,587843,587844,1,1
587842,587843,587844,1,1
587842,587843,587844,1,1
587842,587843,587844,1,1
587842,587843,587844,1,1
587842,587843,587845,2,1
587842,587843,587845,2,1
587842,587843,587844,1,1
587842,587843,587844,1,1
587842,587843,587844,1,1
587842,587843,587844,1,1
587842,587843,587844,1,1
587842,587843,587844,1,1
587842,587843,587844,1,1
587842,587843,587844,1,1
587842,587843,587844,1,1
587842,587843,587844,1,1
587842,587843,587844,1,1
587842,587843,587844,1,1
587842,587843,587844,1,1
587842,587843,587844,1,1
587842,587843,587844,1,1
587842,587843,587844,1,1
587842,587843,587845,2,1
587842,587843,587844,1,1
587842,587843,587845,2,1
587842,587843,587845,2,1
587842,587843,587845,2,1
587842,587843,587845,2,1
587842,587843,587845,2,1
587842,587843,587845,2,1
587842,587843,587845,2,1
587842,587843,587845,2,1
587842,587843,587845,2,1
587842,587843,587845,2,1
587842,587843,587845,2,1
587842,587843,587846,3,1
587842,587843,587845,2,1
587842,587843,587845,2,1
587842,587843,587845,2,1
587845,587845,587846,1,0
587845,587845,587847,2,0
587845,587845,587846,1,0
587845,587845,587846,1,0
587845,587845,587847,2,0
587845,587845,587847,2,0
587845,587845,587846,1,0
587845,587845,587847,2,0
587845,587845,587847,2,0
587845,587845,587847,2,0
587845,587845,587847,2,0
587845,587845,587846,1,0
587845,587845,587847,2,0
587845,587845,587846,1,0
587845,587845,587846,1,0
587845,587846,587847,1,1
587845,587845,587846,1,0
587845,587845,587847,2,0
587845,587845,587846,1,0
587845,587845,587846,1,0
587845,587845,587846,1,0
587845,587845,587846,1,0
587845,587845,587846,1,0
587845,587845,587847,2,0
587845,587845,587846,1,0
587833,587846,587847,1,13
587833,587846,587848,2,13
587833,587846,587847,1,13
587845,587845,587848,3,0
587845,587845,587847,2,0
587845,587845,587848,3,0
587845,587845,587847,2,0
587845,587845,587848,3,0
587845,587845,587847,2,0
587845,587845,587848,3,0
587845,587845,587847,2,0
587845,587845,587848,3,0
587845,587845,587848,3,0
587845,587846,587847,1,1
587845,587845,587848,3,0
587845,587845,587847,2,0
587845,587846,587847,1,1
587845,587845,587847,2,0
587845,587845,587847,2,0
587845,587845,587847,2,0
587845,587845,587847,2,0
587845,587845,587848,3,0
587845,587845,587847,2,0
587833,587846,587849,3,13
587579,587579,587857,278,0
587866,587866,587868,2,0
587866,587866,587867,1,0
587866,587866,587867,1,0
587866,587866,587868,2,0
587866,587866,587867,1,0
587866,587866,587868,2,0
587866,587866,587867,1,0
587866,587866,587867,1,0
587866,587866,587867,1,0
587866,587866,587868,2,0
587866,587866,587867,1,0
587866,587866,587867,1,0
587866,587866,587867,1,0
587866,587866,587867,1,0
587866,587866,587867,1,0
587866,587866,587867,1,0
587866,587866,587867,1,0
587866,587866,587867,1,0
587866,587866,587867,1,0
587866,587866,587868,2,0
587866,587866,587867,1,0
587866,587866,587868,2,0
587866,587866,587869,3,0
587866,587866,587869,3,0
587866,587866,587868,2,0
587866,587866,587868,2,0
587866,587866,587869,3,0
587866,587866,587868,2,0
587866,587866,587868,2,0
587866,587866,587868,2,0
587866,587866,587869,3,0
587866,587869,587870,1,3
587866,587869,587870,1,3
587866,587869,587870,1,3
587866,587869,587871,2,3
587866,587869,587871,2,3
587663,587663,587874,211,0
587866,587875,587877,2,9
587876,587876,587878,2,0
587876,587876,587878,2,0
587876,587876,587878,2,0
587876,587876,587878,2,0
587876,587877,587878,1,1
587876,587877,587878,1,1
587876,587877,587878,1,1
587876,587876,587878,2,0
587876,587876,587878,2,0
587876,587876,587878,2,0
587876,587876,587878,2,0
587876,587876,587878,2,0
587876,587876,587878,2,0
587876,587876,587878,2,0
587876,587876,587878,2,0
587876,587876,587878,2,0
587876,587876,587878,2,0
587876,587876,587878,2,0
587876,587876,587878,2,0
587876,587876,587878,2,0
587876,587876,587878,2,0
587876,587876,587878,2,0
587876,587876,587878,2,0
587876,587876,587878,2,0
587876,587876,587878,2,0
587876,587876,587878,2,0
587876,587876,587878,2,0
587876,587876,587878,2,0
587876,587876,587879,3,0
587876,587876,587878,2,0
587876,587876,587879,3,0
587876,587876,587878,2,0
587876,587877,587879,2,1
587876,587877,587878,1,1
587876,587876,587879,3,0
587876,587876,587879,3,0
587876,587876,587879,3,0
587876,587876,587879,3,0
587876,587876,587879,3,0
587876,587876,587879,3,0
587876,587876,587879,3,0
587876,587876,587879,3,0
587876,587876,587879,3,0
587866,587875,587885,10,9
587866,587884,587886,2,18
587866,587884,587886,2,18
587866,587884,587886,2,18
587866,587884,587886,2,18
587876,587884,587886,2,8
587876,587884,587886,2,8
587866,587884,587887,3,18
587640,587640,587893,253,0
587665,587665,587894,229,0
587866,587875,587890,15,9
587866,587875,587896,21,9
587902,587903,587905,2,1
587902,587903,587904,1,1
587902,587903,587905,2,1
587902,587903,587904,1,1
587902,587903,587904,1,1
587902,587903,587904,1,1
587902,587903,587904,1,1
587902,587903,587904,1,1
587902,587903,587905,2,1
587902,587903,587904,1,1
587902,587903,587904,1,1
587902,587903,587904,1,1
587902,587903,587904,1,1
587902,587903,587904,1,1
587902,587903,587904,1,1
587902,587903,587904,1,1
587902,587903,587905,2,1
587902,587903,587904,1,1
587902,587903,587904,1,1
587902,587903,587904,1,1
587902,587903,587904,1,1
587902,587903,587904,1,1
587902,587903,587904,1,1
587902,587903,587904,1,1
587902,587903,587904,1,1
587902,587903,587904,1,1
587902,587903,587905,2,1
587902,587903,587904,1,1
587902,587903,587905,2,1
587902,587903,587905,2,1
587902,587903,587905,2,1
587902,587903,587905,2,1
587902,587903,587905,2,1
587902,587903,587905,2,1
587902,587903,587905,2,1
587902,587903,587905,2,1
587902,587903,587905,2,1
587902,587905,587906,1,3
587902,587905,587906,1,3
587902,587905,587906,1,3
587902,587904,587906,2,2
587902,587905,587907,2,3
587902,587905,587907,2,3
587909,587909,587911,2,0
587909,587909,587910,1,0
587909,587909,587910,1,0
587909,587909,587910,1,0
587909,587909,587910,1,0
587909,587909,587910,1,0
587909,587909,587911,2,0
587909,587909,587910,1,0
587909,587909,587910,1,0
587909,587909,587910,1,0
587909,587909,587910,1,0
587909,587909,587910,1,0
587909,587909,587910,1,0
587909,587909,587911,2,0
587909,587909,587910,1,0
587909,587909,587910,1,0
587909,587909,587911,2,0
587909,587909,587910,1,0
587909,587909,587910,1,0
587909,587909,587910,1,0
587909,587909,587911,2,0
587909,587909,587910,1,0
587909,587909,587910,1,0
587909,587909,587910,1,0
587909,587909,587910,1,0
587909,587909,587911,2,0
587909,587909,587911,2,0
587909,587909,587910,1,0
587909,587909,587912,3,0
587909,587909,587911,2,0
587909,587909,587911,2,0
587909,587909,587911,2,0
587909,587909,587911,2,0
587909,587909,587911,2,0
587909,587909,587911,2,0
587909,587909,587912,3,0
587909,587909,587911,2,0
587909,587909,587911,2,0
587909,587909,587911,2,0
587909,587909,587911,2,0
587909,587909,587911,2,0
587909,587909,587912,3,0
587902,587903,587905,2,1
587902,587903,587905,2,1
587909,587918,587919,1,9
587909,587918,587919,1,9
587909,587918,587920,2,9
587686,587686,587943,257,0
587944,587944,587945,1,0
587944,587944,587945,1,0
587944,587944,587945,1,0
587944,587944,587945,1,0
587944,587944,587945,1,0
587944,587944,587946,2,0
587944,587944,587945,1,0
587944,587944,587945,1,0
587944,587944,587946,2,0
587944,587944,587946,2,0
587944,587944,587945,1,0
587944,587944,587945,1,0
587944,587944,587945,1,0
587944,587944,587945,1,0
587944,587944,587945,1,0
587944,587944,587945,1,0
587944,587944,587945,1,0
587944,587944,587945,1,0
587944,587944,587946,2,0
587944,587944,587945,1,0
587944,587944,587945,1,0
587944,587944,587946,2,0
587944,587944,587946,2,0
587944,587944,587946,2,0
587944,587944,587946,2,0
587944,587944,587945,1,0
587944,587944,587946,2,0
587944,587944,587945,1,0
587944,587944,587946,2,0
587944,587944,587946,2,0
587944,587944,587946,2,0
587944,587944,587946,2,0
587944,587944,587946,2,0
587944,587944,587946,2,0
587944,587944,587947,3,0
587944,587944,587946,2,0
587944,587944,587946,2,0
587944,587944,587946,2,0
587944,587944,587946,2,0
587944,587944,587946,2,0
587944,587944,587946,2,0
587944,587944,587947,3,0
587944,587944,587946,2,0
587944,587944,587947,3,0
587944,587944,587947,3,0
587709,587710,587967,257,1
587968,587969,587970,1,1
587968,587969,587970,1,1
587968,587969,587970,1,1
587968,587969,587971,2,1
587968,587969,587970,1,1
587968,587969,587970,1,1
587968,587969,587970,1,1
587968,587969,587970,1,1
587968,587969,587970,1,1
587968,587969,587970,1,1
587968,587969,587970,1,1
587968,587969,587970,1,1
587968,587969,587970,1,1
587968,587969,587971,2,1
587968,587969,587970,1,1
587968,587969,587970,1,1
587968,587969,587970,1,1
587968,587969,587970,1,1
587968,587969,587970,1,1
587968,587969,587970,1,1
587968,587969,587970,1,1
587968,587969,587970,1,1
587968,587969,587970,1,1
587968,587969,587970,1,1
587968,587969,587970,1,1
587968,587969,587970,1,1
587968,587969,587970,1,1
587968,587969,587970,1,1
587968,587969,587970,1,1
587968,587969,587970,1,1
587968,587969,587971,2,1
587968,587969,587971,2,1
587968,587969,587971,2,1
587968,587969,587971,2,1
587968,587969,587971,2,1
587968,587969,587971,2,1
587968,587969,587971,2,1
587968,587969,587971,2,1
587968,587969,587971,2,1
587968,587969,587971,2,1
587968,587969,587971,2,1
587968,587969,587971,2,1
587968,587969,587971,2,1
587968,587969,587971,2,1
587968,587969,587971,2,1
587724,587726,587985,259,2
587987,587987,587989,2,0
587987,587987,587989,2,0
587987,587987,587989,2,0
587987,587987,587989,2,0
587987,587987,587989,2,0
587987,587987,587989,2,0
587987,587987,587989,2,0
587987,587987,587989,2,0
587987,587987,587989,2,0
587987,587987,587989,2,0
587987,587987,587989,2,0
587987,587987,587988,1,0
587987,587987,587989,2,0
587987,587987,587989,2,0
587987,587987,587989,2,0
587987,587987,587989,2,0
587987,587987,587989,2,0
587987,587987,587989,2,0
587987,587987,587989,2,0
587987,587987,587989,2,0
587987,587987,587989,2,0
587987,587987,587989,2,0
587987,587987,587989,2,0
587987,587987,587989,2,0
587987,587987,587989,2,0
587987,587987,587989,2,0
587987,587987,587989,2,0
587987,587987,587989,2,0
587987,587987,587990,3,0
587987,587987,587989,2,0
587987,587987,587990,3,0
587987,587987,587990,3,0
587987,587987,587990,3,0
587987,587987,587989,2,0
587987,587987,587989,2,0
587987,587987,587989,2,0
587987,587987,587990,3,0
587987,587987,587989,2,0
587987,587987,587989,2,0
587987,587987,587990,3,0
587987,587987,587990,3,0
587987,587987,587990,3,0
587987,587987,587990,3,0
587987,587987,587990,3,0
587987,587987,587989,2,0
587751,587751,587991,240,0
587712,587712,587992,280,0
587999,587999,588001,2,0
587999,587999,588001,2,0
587999,587999,588001,2,0
587999,587999,588001,2,0
587999,587999,588001,2,0
587999,587999,588001,2,0
587999,588000,588001,1,1
587999,588000,588001,1,1
587999,587999,588001,2,0
587999,587999,588001,2,0
587999,588000,588002,2,1
587999,587999,588001,2,0
587999,587999,588001,2,0
587999,588000,588002,2,1
587999,587999,588001,2,0
587999,587999,588001,2,0
587999,587999,588001,2,0
587999,588000,588001,1,1
587999,587999,588001,2,0
587999,587999,588001,2,0
587999,588000,588001,1,1
587999,588000,588001,1,1
587999,587999,588001,2,0
587999,587999,588001,2,0
587999,587999,588001,2,0
587999,588000,588001,1,1
587999,587999,588001,2,0
587999,587999,588001,2,0
587999,588000,588001,1,1
587999,588000,588001,1,1
587999,588000,588001,1,1
587999,587999,588001,2,0
587999,588000,588001,1,1
587999,588000,588001,1,1
587999,588000,588002,2,1
587999,588000,588003,3,1
587999,587999,588002,3,0
587999,588000,588002,2,1
587999,588000,588002,2,1
587999,587999,588002,3,0
587999,587999,588003,4,0
587999,588000,588003,3,1
587999,588000,588002,2,1
587999,588000,588002,2,1
587999,587999,588003,4,0
587999,587999,588002,3,0
587999,588000,588003,3,1
587999,587999,588002,3,0
587999,588000,588002,2,1
587999,587999,588002,3,0
587999,587999,588002,3,0
587999,588000,588003,3,1
587999,587999,588002,3,0
587999,587999,588002,3,0
587999,588000,588003,3,1
587999,587999,588002,3,0
587999,587999,588002,3,0
587999,587999,588002,3,0
587999,587999,588002,3,0
587999,587999,588002,3,0
587999,587999,588002,3,0
587999,588000,588002,2,1
587999,588002,588004,2,3
587999,588002,588003,1,3
587999,588002,588003,1,3
587999,588002,588003,1,3
587999,588002,588003,1,3
587999,588002,588004,2,3
587999,588002,588003,1,3
587999,588002,588003,1,3
587999,588002,588003,1,3
587999,588002,588003,1,3
587999,588002,588003,1,3
587999,588002,588003,1,3
587999,588002,588003,1,3
587999,588002,588003,1,3
587999,588002,588004,2,3
587999,588002,588003,1,3
587999,588002,588003,1,3
587999,588002,588004,2,3
587999,588002,588004,2,3
587999,588002,588003,1,3
587999,588002,588003,1,3
587999,588002,588004,2,3
587999,588002,588003,1,3
587999,588002,588003,1,3
587999,588002,588003,1,3
587741,587741,588013,272,0
588016,588017,588018,1,1
588016,588017,588018,1,1
588016,588017,588018,1,1
588016,588017,588018,1,1
588016,588017,588018,1,1
588016,588017,588018,1,1
588016,588017,588018,1,1
588016,588017,588018,1,1
588016,588017,588018,1,1
588016,588017,588019,2,1
588016,588017,588018,1,1
588016,588017,588019,2,1
588016,588017,588018,1,1
588016,588017,588018,1,1
588016,588017,588019,2,1
588016,588017,588018,1,1
588016,588017,588018,1,1
588016,588017,588018,1,1
588016,588017,588018,1,1
588016,588017,588018,1,1
588016,588017,588019,2,1
588016,588017,588018,1,1
588016,588017,588018,1,1
588016,588017,588018,1,1
588016,588017,588018,1,1
588016,588017,588019,2,1
588016,588017,588019,2,1
588016,588017,588019,2,1
588016,588017,588018,1,1
588016,588017,588019,2,1
588016,588017,588019,2,1
588016,588017,588019,2,1
588016,588017,588019,2,1
588016,588017,588019,2,1
588016,588017,588019,2,1
588016,588017,588019,2,1
588016,588017,588019,2,1
588016,588017,588019,2,1
588016,588017,588019,2,1
588016,588017,588019,2,1
588016,588017,588019,2,1
588016,588017,588019,2,1
588016,588017,588019,2,1
587762,587762,588027,265,0
588028,588028,588029,1,0
588028,588028,588029,1,0
588028,588028,588029,1,0
588028,588028,588029,1,0
588028,588028,588029,1,0
588028,588028,588029,1,0
588028,588028,588029,1,0
588028,588028,588029,1,0
588028,588028,588029,1,0
588028,588028,588030,2,0
588028,588028,588029,1,0
588028,588028,588029,1,0
588028,588028,588030,2,0
588028,588028,588029,1,0
588028,588028,588030,2,0
588028,588028,588029,1,0
588028,588028,588029,1,0
588028,588028,588029,1,0
588028,588028,588029,1,0
588028,588028,588030,2,0
588028,588028,588029,1,0
588028,588028,588029,1,0
588028,588028,588029,1,0
588028,588028,588030,2,0
588028,588028,588029,1,0
588028,588028,588031,3,0
588028,588028,588031,3,0
588028,588028,588030,2,0
588028,588028,588030,2,0
588028,588028,588030,2,0
588028,588028,588030,2,0
588028,588028,588030,2,0
588028,588028,588030,2,0
588028,588028,588030,2,0
588028,588028,588030,2,0
588028,588028,588030,2,0
588028,588028,588030,2,0
588028,588028,588030,2,0
588028,588028,588030,2,0
588028,588028,588031,3,0
588028,588028,588030,2,0
588028,588028,588030,2,0
588028,588028,588030,2,0
588028,588028,588030,2,0
587999,588002,588004,2,3
587999,588002,588004,2,3
587999,588002,588003,1,3
588028,588028,588031,3,0
588016,588031,588032,1,15
588016,588031,588032,1,15
587784,587784,588034,250,0
587760,587760,588036,276,0
588047,588047,588048,1,0
588047,588047,588049,2,0
588047,588047,588049,2,0
588047,588047,588049,2,0
588047,588047,588049,2,0
588047,588047,588048,1,0
588047,588047,588049,2,0
588047,588047,588049,2,0
588047,588047,588048,1,0
588047,588047,588049,2,0
588047,588047,588048,1,0
588047,588047,588049,2,0
588047,588047,588049,2,0
588047,588047,588048,1,0
588047,588047,588049,2,0
588047,588047,588048,1,0
588047,588047,588048,1,0
588047,588047,588049,2,0
588047,588047,588048,1,0
588047,588047,588048,1,0
588047,588047,588049,2,0
588047,588047,588049,2,0
588047,588047,588049,2,0
588047,588047,588048,1,0
588047,588047,588049,2,0
588047,588047,588049,2,0
588047,588047,588049,2,0
588047,588047,588049,2,0
588047,588047,588050,3,0
588047,588047,588050,3,0
588047,588047,588050,3,0
588047,588047,588049,2,0
588047,588047,588050,3,0
588047,588047,588049,2,0
588047,588047,588050,3,0
588047,588047,588049,2,0
588047,588047,588049,2,0
588047,588047,588049,2,0
588047,588047,588049,2,0
588047,588047,588050,3,0
588047,588047,588051,4,0
588047,588047,588051,4,0
588047,588047,588052,5,0
588047,588047,588051,4,0
588053,588053,588055,2,0
588053,588053,588055,2,0
588053,588053,588055,2,0
588053,588053,588055,2,0
588053,588053,588055,2,0
588053,588053,588055,2,0
588053,588053,588054,1,0
588053,588053,588055,2,0
588053,588053,588055,2,0
588053,588053,588055,2,0
588053,588053,588055,2,0
588053,588053,588055,2,0
588053,588053,588054,1,0
588053,588053,588054,1,0
588053,588053,588054,1,0
588053,588053,588055,2,0
588053,588053,588055,2,0
588053,588053,588055,2,0
588053,588053,588055,2,0
588053,588053,588055,2,0
588053,588053,588055,2,0
588053,588053,588055,2,0
588053,588054,588056,2,1
588053,588054,588056,2,1
588053,588053,588056,3,0
588053,588053,588055,2,0
588053,588053,588055,2,0
588053,588053,588056,3,0
588053,588053,588055,2,0
588053,588053,588056,3,0
588053,588053,588056,3,0
588053,588053,588056,3,0
588053,588053,588055,2,0
587790,587791,588056,265,1
588053,588053,588056,3,0
588053,588053,588057,4,0
588053,588053,588056,3,0
588053,588053,588056,3,0
588047,588047,588058,11,0
588057,588057,588059,2,0
588057,588057,588059,2,0
588057,588057,588059,2,0
588057,588057,588059,2,0
588057,588057,588059,2,0
588057,588057,588059,2,0
588057,588057,588059,2,0
588057,588057,588059,2,0
588057,588057,588059,2,0
588057,588057,588059,2,0
588057,588057,588059,2,0
588057,588057,588059,2,0
588057,588057,588059,2,0
588057,588057,588059,2,0
588057,588057,588059,2,0
588057,588057,588059,2,0
588057,588057,588059,2,0
588057,588057,588059,2,0
588057,588057,588059,2,0
588057,588057,588059,2,0
588057,588057,588059,2,0
588057,588057,588059,2,0
588057,588057,588059,2,0
588057,588057,588059,2,0
588057,588057,588059,2,0
588057,588057,588059,2,0
588057,588057,588059,2,0
588057,588057,588059,2,0
588053,588053,588059,6,0
588057,588057,588060,3,0
588057,588057,588060,3,0
588057,588057,588060,3,0
588057,588057,588060,3,0
588057,588057,588060,3,0
588057,588057,588060,3,0
588057,588057,588060,3,0
588057,588057,588060,3,0
588057,588057,588060,3,0
588057,588057,588060,3,0
588057,588057,588060,3,0
588057,588057,588060,3,0
588057,588057,588060,3,0
588057,588058,588061,3,1
588053,588054,588063,9,1
588057,588057,588069,12,0
588057,588057,588068,11,0
587810,587817,588069,252,7
588070,588071,588072,1,1
588070,588071,588072,1,1
588070,588071,588072,1,1
588070,588071,588072,1,1
588070,588071,588072,1,1
588070,588071,588072,1,1
588070,588071,588072,1,1
588070,588071,588072,1,1
588070,588071,588072,1,1
588070,588071,588072,1,1
588070,588071,588072,1,1
588070,588071,588072,1,1
588070,588071,588072,1,1
588070,588071,588072,1,1
588070,588071,588072,1,1
588070,588071,588072,1,1
588070,588071,588072,1,1
588070,588071,588072,1,1
588070,588071,588072,1,1
588070,588071,588072,1,1
588070,588071,588072,1,1
588070,588071,588072,1,1
588070,588071,588072,1,1
588070,588071,588072,1,1
588070,588071,588073,2,1
588070,588071,588072,1,1
588070,588071,588073,2,1
588070,588071,588073,2,1
588070,588071,588073,2,1
588070,588071,588073,2,1
588070,588071,588073,2,1
588070,588071,588073,2,1
588070,588071,588073,2,1
588070,588071,588073,2,1
588070,588071,588073,2,1
587824,587824,588073,249,0
588070,588071,588073,2,1
588070,588071,588073,2,1
588070,588071,588074,3,1
588075,588075,588077,2,0
588075,588075,588076,1,0
588075,588075,588076,1,0
588075,588075,588076,1,0
588075,588075,588077,2,0
588075,588075,588076,1,0
588075,588075,588077,2,0
588075,588075,588076,1,0
588075,588075,588077,2,0
588075,588075,588077,2,0
587812,587812,588076,264,0
588075,588075,588076,1,0
588075,588075,588077,2,0
588075,588075,588077,2,0
588075,588075,588077,2,0
588075,588075,588077,2,0
588075,588075,588077,2,0
588075,588075,588077,2,0
588075,588075,588077,2,0
588075,588075,588076,1,0
588075,588075,588076,1,0
588075,588075,588077,2,0
588075,588075,588077,2,0
588075,588075,588076,1,0
588075,588075,588076,1,0
588075,588075,588077,2,0
588075,588075,588076,1,0
588075,588075,588076,1,0
588075,588075,588077,2,0
588053,588077,588078,1,24
588075,588075,588078,3,0
588075,588075,588078,3,0
588075,588075,588077,2,0
588075,588075,588077,2,0
588075,588075,588078,3,0
588075,588075,588077,2,0
588075,588075,588078,3,0
588075,588075,588077,2,0
588075,588075,588077,2,0
588075,588075,588077,2,0
588075,588075,588077,2,0
588075,588075,588077,2,0
588075,588075,588077,2,0
588075,588075,588077,2,0
588075,588075,588077,2,0
588075,588075,588078,3,0
588075,588075,588077,2,0
588053,588077,588078,1,24
588053,588077,588078,1,24
588053,588077,588078,1,24
588053,588077,588079,2,24
588053,588077,588080,3,24
587844,587844,588083,239,0
588057,588058,588066,8,1
588070,588086,588088,2,16
588070,588086,588088,2,16
588070,588086,588088,2,16
588089,588090,588091,1,1
588089,588090,588091,1,1
588089,588090,588091,1,1
588089,588090,588091,1,1
588089,588090,588091,1,1
588089,588090,588092,2,1
588089,588090,588091,1,1
588089,588090,588091,1,1
588089,588090,588091,1,1
588089,588089,588091,2,0
588089,588090,588091,1,1
588089,588090,588092,2,1
588089,588090,588091,1,1
588089,588090,588091,1,1
588089,588090,588091,1,1
588089,588089,588091,2,0
588089,588090,588091,1,1
588089,588090,588091,1,1
588089,588090,588091,1,1
588089,588090,588091,1,1
588089,588090,588092,2,1
588089,588090,588091,1,1
588089,588090,588091,1,1
588089,588090,588091,1,1
588089,588090,588091,1,1
588089,588089,588091,2,0
588089,588090,588091,1,1
588089,588090,588091,1,1
588089,588090,588091,1,1
588089,588090,588091,1,1
588089,588090,588091,1,1
588089,588090,588091,1,1
588089,588090,588091,1,1
588089,588090,588091,1,1
588089,588090,588092,2,1
588089,588090,588092,2,1
588089,588090,588092,2,1
588089,588090,588093,3,1
588089,588090,588092,2,1
588089,588090,588092,2,1
588089,588090,588092,2,1
588089,588090,588092,2,1
588089,588090,588092,2,1
588089,588090,588092,2,1
588089,588090,588092,2,1
588089,588090,588092,2,1
588089,588090,588092,2,1
588089,588090,588092,2,1
588089,588090,588092,2,1
588089,588090,588092,2,1
588089,588090,588093,3,1
588089,588092,588093,1,3
588089,588092,588093,1,3
588089,588092,588093,1,3
588089,588092,588093,1,3
588089,588092,588094,2,3
588089,588092,588093,1,3
588089,588092,588094,2,3
588089,588092,588094,2,3
588089,588092,588094,2,3
588089,588092,588094,2,3
588089,588092,588093,1,3
588089,588092,588093,1,3
588089,588092,588094,2,3
588089,588092,588093,1,3
588089,588092,588093,1,3
588089,588092,588094,2,3
588089,588092,588093,1,3
588089,588092,588093,1,3
588089,588092,588093,1,3
588089,588090,588093,3,1
588089,588092,588095,3,3
588089,588092,588094,2,3
588089,588092,588094,2,3
588089,588092,588095,3,3
588089,588092,588095,3,3
588089,588092,588095,3,3
588089,588092,588094,2,3
588089,588092,588094,2,3
588089,588092,588094,2,3
588089,588092,588094,2,3
588089,588092,588096,4,3
588070,588093,588095,2,23
588070,588093,588096,3,23
588089,588092,588095,3,3
588089,588092,588095,3,3
588070,588093,588099,6,23
588070,588093,588100,7,23
588089,588109,588110,1,20
588089,588109,588110,1,20
588089,588109,588111,2,20
588089,588109,588110,1,20
588089,588109,588111,2,20
588089,588109,588111,2,20
587846,587846,588134,288,0
588136,588136,588137,1,0
588136,588136,588137,1,0
588136,588136,588137,1,0
588136,588136,588138,2,0
588136,588136,588138,2,0
588136,588136,588138,2,0
588136,588136,588138,2,0
588136,588136,588138,2,0
588136,588136,588138,2,0
588136,588136,588138,2,0
588136,588136,588137,1,0
588136,588136,588138,2,0
588136,588136,588137,1,0
588136,588136,588137,1,0
588136,588136,588137,1,0
588136,588136,588138,2,0
588136,588136,588138,2,0
588136,588136,588137,1,0
588136,588136,588137,1,0
588136,588136,588138,2,0
588136,588136,588137,1,0
588136,588136,588137,1,0
588136,588136,588137,1,0
588136,588136,588138,2,0
588136,588136,588138,2,0
588136,588136,588137,1,0
588136,588136,588138,2,0
588136,588137,588139,2,1
588136,588137,588138,1,1
588136,588136,588138,2,0
588136,588136,588139,3,0
588136,588136,588138,2,0
588136,588136,588139,3,0
588136,588136,588138,2,0
588136,588136,588139,3,0
588136,588136,588138,2,0
588136,588136,588139,3,0
588136,588136,588138,2,0
588136,588136,588139,3,0
588136,588136,588138,2,0
588136,588136,588139,3,0
588136,588138,588139,1,2
588136,588138,588139,1,2
588136,588138,588140,2,2
588136,588138,588140,2,2
587867,587867,588148,281,0
587904,587904,588150,246,0
588150,588150,588152,2,0
588150,588150,588151,1,0
588150,588150,588152,2,0
588150,588150,588151,1,0
588150,588150,588151,1,0
588150,588150,588152,2,0
588150,588150,588152,2,0
588150,588150,588151,1,0
588150,588150,588152,2,0
588150,588150,588152,2,0
588150,588150,588151,1,0
588150,588150,588152,2,0
588150,588150,588151,1,0
588150,588150,588151,1,0
588150,588150,588151,1,0
588150,588150,588151,1,0
588150,588150,588152,2,0
588150,588150,588151,1,0
588150,588150,588152,2,0
588150,588150,588151,1,0
588150,588150,588151,1,0
588150,588150,588152,2,0
588150,588150,588152,2,0
588150,588150,588151,1,0
588150,588150,588153,3,0
588150,588150,588152,2,0
588150,588150,588152,2,0
588150,588150,588152,2,0
588150,588150,588153,3,0
588150,588150,588152,2,0
588150,588150,588152,2,0
588150,588150,588152,2,0
588152,588152,588153,1,0
588150,588150,588152,2,0
588150,588150,588152,2,0
588150,588150,588153,3,0
588150,588150,588152,2,0
588150,588150,588153,3,0
588150,588150,588152,2,0
588150,588150,588153,3,0
588152,588152,588154,2,0
588152,588152,588154,2,0
588152,588152,588154,2,0
588152,588152,588154,2,0
588152,588152,588154,2,0
588152,588152,588154,2,0
588152,588152,588154,2,0
588152,588152,588153,1,0
588152,588153,588154,1,1
588152,588152,588153,1,0
588152,588152,588153,1,0
588152,588152,588154,2,0
588152,588152,588154,2,0
588152,588152,588153,1,0
588152,588152,588153,1,0
588152,588152,588154,2,0
588152,588152,588154,2,0
588152,588152,588153,1,0
588152,588152,588153,1,0
588152,588152,588154,2,0
588152,588153,588154,1,1
588152,588152,588154,2,0
588152,588152,588154,2,0
588152,588153,588154,1,1
588152,588152,588154,2,0
588152,588152,588153,1,0
588152,588152,588153,1,0
588152,588152,588153,1,0
588152,588153,588154,1,1
588152,588153,588154,1,1
588152,588153,588154,1,1
588152,588152,588155,3,0
588152,588152,588154,2,0
588152,588152,588155,3,0
588152,588152,588155,3,0
588152,588152,588154,2,0
588152,588152,588154,2,0
588152,588152,588154,2,0
588152,588152,588154,2,0
588152,588152,588154,2,0
588152,588152,588154,2,0
588152,588152,588154,2,0
588152,588152,588154,2,0
588152,588153,588155,2,1
587910,587910,588164,254,0
588150,588165,588166,1,15
588150,588165,588166,1,15
588150,588165,588166,1,15
588150,588165,588167,2,15
588165,588166,588168,2,1
588165,588166,588167,1,1
588165,588166,588167,1,1
588165,588166,588167,1,1
588165,588166,588167,1,1
588165,588166,588168,2,1
588165,588166,588167,1,1
588165,588166,588167,1,1
588165,588166,588167,1,1
588150,588165,588167,2,15
588150,588165,588167,2,15
588165,588166,588167,1,1
588165,588166,588168,2,1
588165,588166,588167,1,1
588165,588166,588167,1,1
588165,588166,588167,1,1
588165,588166,588167,1,1
588165,588166,588167,1,1
588165,588166,588167,1,1
588165,588166,588168,2,1
588165,588166,588167,1,1
588165,588166,588167,1,1
588165,588166,588167,1,1
588165,588166,588167,1,1
588165,588166,588167,1,1
588165,588166,588167,1,1
588165,588166,588167,1,1
588165,588166,588168,2,1
588165,588166,588167,1,1
588165,588166,588167,1,1
588165,588166,588167,1,1
588165,588166,588168,2,1
588165,588166,588168,2,1
588165,588166,588168,2,1
588165,588166,588168,2,1
588165,588166,588168,2,1
588165,588166,588168,2,1
588165,588166,588168,2,1
588165,588166,588168,2,1
588165,588166,588168,2,1
588165,588166,588168,2,1
588165,588166,588168,2,1
588165,588166,588168,2,1
588165,588166,588169,3,1
588165,588166,588168,2,1
588165,588166,588168,2,1
588165,588166,588170,4,1
587834,587846,588179,333,12
588187,588187,588189,2,0
588187,588187,588188,1,0
588187,588187,588188,1,0
588187,588187,588188,1,0
588187,588187,588188,1,0
588187,588187,588188,1,0
588187,588187,588188,1,0
588187,588187,588188,1,0
588187,588187,588188,1,0
588187,588187,588188,1,0
588187,588187,588188,1,0
588187,588187,588189,2,0
588187,588187,588188,1,0
588187,588187,588188,1,0
588187,588187,588188,1,0
588187,588187,588188,1,0
588187,588187,588188,1,0
588187,588187,588188,1,0
588187,588187,588188,1,0
588187,588187,588188,1,0
588187,588187,588188,1,0
588187,588187,588188,1,0
588187,588187,588189,2,0
588187,588187,588188,1,0
588187,588187,588188,1,0
588187,588187,588188,1,0
588187,588187,588189,2,0
588187,588187,588189,2,0
588187,588187,588189,2,0
588187,588187,588190,3,0
588187,588187,588189,2,0
588187,588187,588190,3,0
588187,588187,588189,2,0
588187,588187,588189,2,0
588187,588187,588189,2,0
588187,588187,588189,2,0
588187,588187,588189,2,0
588187,588187,588189,2,0
588187,588187,588189,2,0
588187,588187,588190,3,0
588187,588187,588189,2,0
588187,588187,588190,3,0
588187,588187,588191,4,0
588187,588187,588191,4,0
588187,588187,588191,4,0
587877,587878,588199,321,1
588202,588202,588203,1,0
588202,588202,588203,1,0
588202,588202,588204,2,0
588202,588202,588203,1,0
588202,588202,588204,2,0
588202,588202,588204,2,0
588202,588202,588203,1,0
588202,588202,588203,1,0
588202,588202,588204,2,0
588202,588202,588203,1,0
588202,588202,588203,1,0
588202,588202,588203,1,0
588202,588202,588204,2,0
588202,588202,588204,2,0
588202,588202,588204,2,0
588202,588202,588204,2,0
588202,588202,588203,1,0
588202,588202,588203,1,0
588202,588202,588204,2,0
588202,588202,588204,2,0
588202,588202,588204,2,0
588202,588202,588204,2,0
588202,588202,588204,2,0
588202,588202,588204,2,0
588202,588202,588204,2,0
588202,588202,588203,1,0
588202,588202,588203,1,0
588202,588202,588203,1,0
588202,588202,588204,2,0
588202,588202,588204,2,0
588202,588202,588204,2,0
588202,588202,588204,2,0
587988,587988,588205,217,0
588202,588202,588205,3,0
588202,588202,588204,2,0
588202,588202,588205,3,0
588202,588202,588205,3,0
588202,588202,588204,2,0
588202,588202,588205,3,0
588202,588202,588204,2,0
588202,588202,588205,3,0
588202,588202,588204,2,0
588202,588202,588205,3,0
588202,588202,588205,3,0
588202,588202,588206,4,0
588202,588202,588206,4,0
588206,588206,588208,2,0
588206,588206,588207,1,0
588206,588206,588208,2,0
588206,588206,588208,2,0
588206,588206,588208,2,0
588206,588206,588207,1,0
588206,588206,588208,2,0
588206,588206,588208,2,0
588206,588206,588208,2,0
588206,588206,588208,2,0
588206,588206,588208,2,0
588206,588206,588208,2,0
588206,588206,588207,1,0
588206,588206,588208,2,0
588206,588206,588208,2,0
588206,588206,588208,2,0
588206,588206,588208,2,0
588206,588207,588208,1,1
588206,588207,588208,1,1
588206,588206,588207,1,0
588206,588206,588208,2,0
588206,588206,588208,2,0
588206,588206,588208,2,0
588206,588206,588208,2,0
588206,588206,588208,2,0
588206,588206,588208,2,0
588206,588206,588208,2,0
588206,588206,588207,1,0
588206,588206,588208,2,0
588206,588206,588208,2,0
588206,588206,588208,2,0
588206,588206,588208,2,0
588206,588206,588209,3,0
588206,588206,588209,3,0
588206,588206,588209,3,0
588206,588206,588208,2,0
588206,588206,588208,2,0
588206,588207,588209,2,1
588206,588207,588209,2,1
588206,588206,588209,3,0
588206,588206,588208,2,0
588206,588206,588209,3,0
588206,588206,588209,3,0
588206,588206,588209,3,0
588206,588206,588209,3,0
587970,587970,588232,262,0
587945,587945,588233,288,0
588233,588234,588235,1,1
588233,588234,588235,1,1
588233,588234,588235,1,1
588233,588234,588235,1,1
588233,588234,588235,1,1
588233,588234,588236,2,1
588233,588234,588236,2,1
588233,588234,588235,1,1
588233,588234,588235,1,1
588233,588234,588235,1,1
588233,588234,588235,1,1
588233,588234,588236,2,1
588233,588234,588236,2,1
588233,588234,588235,1,1
588233,588234,588235,1,1
588233,588234,588235,1,1
588233,588234,588235,1,1
588233,588234,588235,1,1
588233,588234,588235,1,1
588233,588234,588235,1,1
588233,588234,588235,1,1
588233,588234,588235,1,1
588233,588234,588236,2,1
588233,588234,588235,1,1
588233,588234,588236,2,1
588233,588234,588235,1,1
588233,588234,588236,2,1
588233,588234,588236,2,1
588233,588234,588235,1,1
588233,588234,588237,3,1
588233,588234,588236,2,1
588233,588234,588237,3,1
588233,588234,588236,2,1
588233,588234,588236,2,1
588233,588234,588236,2,1
588233,588234,588236,2,1
588233,588234,588237,3,1
588233,588234,588236,2,1
588233,588234,588236,2,1
588233,588234,588236,2,1
588233,588234,588236,2,1
588236,588236,588237,1,0
588236,588236,588237,1,0
588236,588236,588237,1,0
588236,588236,588237,1,0
588236,588236,588238,2,0
588236,588236,588237,1,0
588236,588236,588238,2,0
588236,588236,588237,1,0
588236,588236,588237,1,0
588236,588236,588237,1,0
588236,588236,588237,1,0
588236,588236,588237,1,0
588236,588236,588237,1,0
588236,588236,588237,1,0
588236,588236,588238,2,0
588236,588236,588238,2,0
588236,588236,588238,2,0
588236,588236,588238,2,0
588236,588236,588237,1,0
588236,588236,588238,2,0
588236,588236,588238,2,0
588236,588236,588237,1,0
588236,588236,588237,1,0
588236,588236,588237,1,0
588236,588236,588238,2,0
588236,588236,588238,2,0
588236,588236,588237,1,0
588236,588236,588237,1,0
588236,588236,588237,1,0
588236,588236,588237,1,0
588236,588236,588237,1,0
588236,588236,588237,1,0
588236,588236,588238,2,0
588236,588236,588238,2,0
588236,588236,588238,2,0
588236,588236,588238,2,0
588236,588236,588238,2,0
588236,588236,588239,3,0
588236,588236,588238,2,0
588236,588236,588238,2,0
588236,588236,588238,2,0
588236,588236,588238,2,0
588236,588236,588238,2,0
588236,588236,588238,2,0
588236,588236,588238,2,0
588233,588234,588237,3,1
588233,588234,588244,10,1
588233,588234,588249,15,1
588018,588018,588264,246,0
588233,588234,588252,18,1
588265,588265,588267,2,0
588265,588265,588267,2,0
588265,588265,588267,2,0
588265,588265,588267,2,0
588265,588265,588266,1,0
588265,588265,588266,1,0
588265,588265,588267,2,0
588265,588265,588267,2,0
588265,588265,588267,2,0
588265,588265,588267,2,0
588265,588265,588267,2,0
588265,588265,588266,1,0
588265,588265,588267,2,0
588265,588265,588267,2,0
588265,588265,588267,2,0
588265,588265,588267,2,0
588265,588265,588267,2,0
588265,588265,588267,2,0
588265,588265,588267,2,0
588265,588265,588267,2,0
588265,588265,588267,2,0
588265,588265,588267,2,0
588265,588265,588267,2,0
588265,588265,588267,2,0
588265,588265,588267,2,0
588265,588265,588267,2,0
588265,588265,588267,2,0
588265,588266,588267,1,1
588265,588266,588267,1,1
588265,588265,588267,2,0
588265,588265,588267,2,0
588265,588265,588267,2,0
588265,588265,588268,3,0
588265,588265,588267,2,0
588265,588265,588268,3,0
588265,588265,588267,2,0
588265,588265,588268,3,0
588265,588265,588267,2,0
588265,588265,588268,3,0
588265,588265,588267,2,0
588265,588265,588268,3,0
588265,588265,588268,3,0
588265,588265,588268,3,0
588265,588265,588268,3,0
588265,588266,588268,2,1
588001,588002,588285,283,1
588288,588288,588289,1,0
588288,588288,588290,2,0
588288,588288,588289,1,0
588288,588288,588290,2,0
588288,588288,588290,2,0
588288,588288,588290,2,0
588288,588288,588290,2,0
588288,588288,588289,1,0
588288,588288,588290,2,0
588288,588288,588290,2,0
588288,588288,588290,2,0
588288,588288,588290,2,0
588288,588288,588290,2,0
588288,588288,588290,2,0
588288,588288,588290,2,0
588288,588288,588290,2,0
588288,588288,588290,2,0
588288,588288,588290,2,0
588288,588288,588290,2,0
588288,588288,588290,2,0
588288,588288,588290,2,0
588288,588288,588290,2,0
588288,588288,588291,3,0
588288,588288,588290,2,0
588288,588288,588290,2,0
588288,588288,588290,2,0
588288,588288,588290,2,0
588288,588288,588290,2,0
588288,588288,588291,3,0
588288,588288,588290,2,0
588288,588288,588291,3,0
588288,588288,588290,2,0
588288,588288,588291,3,0
588288,588288,588291,3,0
588288,588288,588291,3,0
588003,588031,588293,262,28
588288,588292,588293,1,4
588288,588292,588294,2,4
588288,588292,588294,2,4
588288,588292,588293,1,4
588288,588292,588294,2,4
588294,588295,588296,1,1
588294,588294,588296,2,0
588294,588294,588296,2,0
588294,588295,588296,1,1
588294,588294,588296,2,0
588294,588294,588296,2,0
588294,588295,588296,1,1
588294,588294,588296,2,0
588294,588294,588296,2,0
588294,588295,588296,1,1
588294,588295,588296,1,1
588294,588294,588296,2,0
588294,588294,588296,2,0
588294,588294,588296,2,0
588294,588294,588296,2,0
588294,588295,588296,1,1
588294,588294,588296,2,0
588294,588294,588296,2,0
588294,588294,588296,2,0
588294,588295,588296,1,1
588294,588295,588296,1,1
588294,588294,588296,2,0
588294,588294,588296,2,0
588294,588294,588296,2,0
588294,588295,588296,1,1
588294,588295,588296,1,1
588294,588294,588297,3,0
588294,588294,588297,3,0
588294,588294,588297,3,0
588294,588295,588297,2,1
588294,588295,588297,2,1
588294,588295,588297,2,1
588294,588295,588297,2,1
588294,588294,588297,3,0
588294,588294,588297,3,0
588294,588294,588297,3,0
588294,588294,588297,3,0
588294,588294,588297,3,0
588294,588295,588297,2,1
588294,588295,588297,2,1
588294,588294,588297,3,0
588294,588295,588297,2,1
588294,588294,588297,3,0
588294,588295,588297,2,1
588294,588295,588298,3,1
588288,588298,588299,1,10
588288,588298,588299,1,10
588288,588298,588299,1,10
588288,588298,588300,2,10
588288,588298,588300,2,10
588054,588054,588303,249,0
588308,588309,588310,1,1
588308,588309,588310,1,1
588308,588309,588310,1,1
588308,588309,588310,1,1
588308,588309,588310,1,1
588308,588309,588310,1,1
588308,588309,588310,1,1
588308,588309,588310,1,1
588308,588309,588310,1,1
588308,588309,588310,1,1
588308,588309,588311,2,1
588308,588309,588310,1,1
588308,588309,588310,1,1
588308,588309,588310,1,1
588308,588309,588310,1,1
588308,588309,588310,1,1
588308,588309,588310,1,1
588308,588309,588310,1,1
588308,588309,588310,1,1
588308,588309,588310,1,1
588308,588309,588310,1,1
588308,588309,588310,1,1
588308,588309,588310,1,1
588308,588309,588310,1,1
588308,588309,588311,2,1
588308,588309,588311,2,1
588308,588309,588311,2,1
588308,588309,588311,2,1
588308,588309,588311,2,1
588308,588309,588311,2,1
588308,588309,588311,2,1
588308,588309,588311,2,1
588308,588309,588311,2,1
588308,588309,588311,2,1
588308,588309,588312,3,1
588308,588309,588311,2,1
588308,588309,588311,2,1
588308,588309,588311,2,1
588029,588029,588316,287,0
588320,588321,588322,1,1
588320,588321,588322,1,1
588320,588320,588322,2,0
588320,588320,588322,2,0
588320,588320,588322,2,0
588320,588320,588322,2,0
588048,588048,588322,274,0
588320,588320,588322,2,0
588320,588320,588322,2,0
588320,588320,588322,2,0
588320,588320,588322,2,0
588320,588320,588322,2,0
588320,588320,588322,2,0
588320,588320,588322,2,0
588320,588320,588322,2,0
588320,588320,588322,2,0
588320,588320,588322,2,0
588320,588320,588322,2,0
588320,588320,588322,2,0
588320,588320,588322,2,0
588320,588320,588322,2,0
588320,588320,588322,2,0
588320,588320,588322,2,0
588320,588320,588322,2,0
588320,588320,588322,2,0
588320,588320,588322,2,0
588320,588320,588322,2,0
588320,588320,588322,2,0
588320,588320,588322,2,0
588320,588320,588322,2,0
588106,588106,588323,217,0
588320,588321,588323,2,1
588320,588321,588323,2,1
588320,588320,588323,3,0
588320,588320,588322,2,0
588320,588320,588323,3,0
588320,588320,588323,3,0
588320,588320,588323,3,0
588320,588320,588323,3,0
588320,588320,588323,3,0
588320,588320,588323,3,0
588320,588320,588323,3,0
588320,588320,588323,3,0
588320,588320,588322,2,0
588320,588320,588323,3,0
588320,588320,588323,3,0
588320,588320,588323,3,0
588308,588324,588325,1,16
588308,588324,588325,1,16
588308,588324,588325,1,16
588308,588324,588326,2,16
588308,588324,588326,2,16
588308,588324,588325,1,16
588308,588324,588326,2,16
588334,588334,588336,2,0
588334,588334,588336,2,0
588334,588334,588336,2,0
588334,588334,588336,2,0
588334,588334,588336,2,0
588334,588334,588336,2,0
588334,588334,588336,2,0
588334,588334,588336,2,0
588334,588334,588336,2,0
588334,588335,588336,1,1
588334,588335,588336,1,1
588334,588334,588336,2,0
588334,588334,588336,2,0
588334,588334,588336,2,0
588334,588334,588336,2,0
588334,588335,588336,1,1
588334,588334,588336,2,0
588334,588334,588336,2,0
588334,588334,588336,2,0
588335,588335,588336,1,0
588335,588335,588336,1,0
588334,588334,588337,3,0
588335,588335,588336,1,0
588335,588335,588336,1,0
588334,588334,588337,3,0
588334,588334,588336,2,0
588335,588335,588336,1,0
588334,588334,588336,2,0
588335,588335,588336,1,0
588334,588334,588337,3,0
588334,588334,588337,3,0
588334,588334,588336,2,0
588335,588335,588336,1,0
588335,588335,588337,2,0
588334,588334,588337,3,0
588335,588335,588336,1,0
588334,588334,588336,2,0
588334,588334,588336,2,0
588334,588334,588337,3,0
588334,588334,588336,2,0
588335,588335,588337,2,0
588334,588335,588337,2,1
588334,588335,588337,2,1
588335,588337,588338,1,2
588334,588334,588337,3,0
588334,588334,588337,3,0
588334,588334,588337,3,0
588335,588335,588337,2,0
588335,588336,588338,2,1
588335,588336,588338,2,1
588334,588334,588337,3,0
588335,588335,588337,2,0
588335,588335,588337,2,0
588335,588336,588338,2,1
588335,588336,588338,2,1
588335,588335,588337,2,0
588335,588335,588337,2,0
588335,588336,588337,1,1
588335,588336,588338,2,1
588335,588336,588338,2,1
588335,588337,588338,1,2
588335,588337,588338,1,2
588335,588337,588338,1,2
588335,588337,588338,1,2
588334,588334,588337,3,0
588335,588335,588337,2,0
588335,588336,588338,2,1
588334,588334,588337,3,0
588335,588336,588337,1,1
588335,588337,588338,1,2
588335,588337,588338,1,2
588335,588337,588338,1,2
588335,588337,588338,1,2
588335,588337,588339,2,2
588335,588337,588338,1,2
588335,588337,588338,1,2
588335,588337,588338,1,2
588335,588337,588338,1,2
588335,588337,588338,1,2
588335,588337,588338,1,2
588335,588337,588338,1,2
588335,588337,588338,1,2
588335,588337,588338,1,2
588076,588076,588340,264,0
588072,588072,588341,269,0
588091,588092,588341,249,1
588334,588342,588343,1,8
588334,588342,588343,1,8
588334,588342,588343,1,8
588334,588342,588344,2,8
588334,588342,588343,1,8
588335,588342,588344,2,7
588343,588343,588344,1,0
588343,588343,588345,2,0
588343,588343,588344,1,0
588343,588343,588345,2,0
588343,588343,588344,1,0
588343,588343,588345,2,0
588343,588343,588344,1,0
588343,588343,588344,1,0
588343,588343,588345,2,0
588343,588343,588344,1,0
588343,588343,588344,1,0
588343,588343,588345,2,0
588343,588343,588345,2,0
588343,588343,588344,1,0
588343,588343,588344,1,0
588343,588343,588344,1,0
588343,588343,588345,2,0
588343,588343,588345,2,0
588343,588343,588345,2,0
588343,588343,588345,2,0
588343,588343,588345,2,0
588343,588343,588345,2,0
588343,588343,588345,2,0
588343,588343,588345,2,0
588343,588343,588345,2,0
588343,588343,588345,2,0
588343,588343,588345,2,0
588343,588343,588345,2,0
588343,588343,588345,2,0
588343,588343,588345,2,0
588343,588343,588345,2,0
588343,588343,588345,2,0
588343,588343,588345,2,0
588343,588343,588345,2,0
588343,588343,588345,2,0
588343,588343,588345,2,0
588343,588343,588345,2,0
588334,588342,588344,2,8
588343,588343,588346,3,0
588343,588343,588346,3,0
588343,588343,588346,3,0
588343,588343,588345,2,0
588343,588343,588345,2,0
588343,588343,588345,2,0
588343,588343,588345,2,0
588343,588343,588346,3,0
588343,588343,588346,3,0
588343,588343,588345,2,0
588343,588343,588345,2,0
588343,588343,588346,3,0
588343,588343,588345,2,0
588343,588343,588345,2,0
588343,588343,588345,2,0
588343,588343,588345,2,0
588343,588343,588346,3,0
588343,588343,588345,2,0
588343,588343,588345,2,0
588343,588343,588346,3,0
588343,588344,588346,2,1
588343,588344,588346,2,1
588343,588344,588347,3,1
588343,588344,588347,3,1
588343,588344,588347,3,1
588343,588344,588346,2,1
588343,588345,588347,2,2
588343,588345,588347,2,2
588343,588345,588346,1,2
588343,588345,588347,2,2
588343,588345,588346,1,2
588343,588345,588347,2,2
588343,588345,588347,2,2
588343,588345,588346,1,2
588343,588345,588347,2,2
588059,588059,588347,288,0
588343,588345,588347,2,2
588343,588345,588347,2,2
588343,588345,588347,2,2
588343,588345,588347,2,2
588343,588345,588347,2,2
588343,588345,588346,1,2
588343,588345,588347,2,2
588343,588345,588347,2,2
588343,588345,588347,2,2
588343,588345,588348,3,2
588343,588345,588348,3,2
588343,588345,588347,2,2
588343,588345,588348,3,2
588343,588345,588348,3,2
588343,588345,588348,3,2
588343,588345,588347,2,2
588343,588345,588348,3,2
588343,588345,588349,4,2
588365,588365,588366,1,0
588365,588365,588366,1,0
588365,588365,588366,1,0
588365,588365,588367,2,0
588365,588365,588366,1,0
588365,588365,588366,1,0
588365,588365,588367,2,0
588365,588365,588367,2,0
588365,588365,588367,2,0
588365,588365,588367,2,0
588365,588365,588367,2,0
588365,588365,588366,1,0
588365,588365,588366,1,0
588365,588366,588367,1,1
588365,588365,588366,1,0
588365,588365,588367,2,0
588365,588365,588366,1,0
588365,588365,588367,2,0
588365,588365,588367,2,0
588365,588365,588367,2,0
588365,588365,588366,1,0
588365,588365,588366,1,0
588365,588365,588367,2,0
588365,588365,588367,2,0
588365,588365,588366,1,0
588365,588365,588366,1,0
588365,588365,588366,1,0
588365,588365,588367,2,0
588365,588365,588366,1,0
588365,588365,588367,2,0
588365,588365,588367,2,0
588365,588365,588368,3,0
588365,588365,588367,2,0
588365,588366,588368,2,1
588365,588366,588368,2,1
588365,588366,588367,1,1
588365,588365,588367,2,0
588365,588365,588367,2,0
588365,588365,588368,3,0
588365,588365,588368,3,0
588365,588365,588367,2,0
588365,588365,588367,2,0
588365,588365,588367,2,0
588365,588365,588368,3,0
588365,588365,588368,3,0
588387,588387,588388,1,0
588387,588387,588388,1,0
588387,588387,588389,2,0
588387,588387,588388,1,0
588387,588387,588388,1,0
588387,588387,588389,2,0
588387,588387,588388,1,0
588387,588387,588389,2,0
588387,588387,588388,1,0
588387,588387,588388,1,0
588387,588387,588389,2,0
588387,588387,588388,1,0
588387,588387,588388,1,0
588387,588387,588388,1,0
588387,588387,588388,1,0
588387,588387,588389,2,0
588387,588387,588388,1,0
588387,588387,588388,1,0
588387,588387,588388,1,0
588387,588387,588389,2,0
588387,588387,588389,2,0
588387,588387,588388,1,0
588387,588387,588388,1,0
588387,588387,588388,1,0
588387,588387,588389,2,0
588387,588387,588388,1,0
588387,588387,588389,2,0
588387,588387,588389,2,0
588387,588387,588389,2,0
588387,588387,588389,2,0
588387,588387,588389,2,0
588387,588387,588389,2,0
588387,588387,588389,2,0
588387,588387,588389,2,0
588387,588387,588390,3,0
588387,588387,588389,2,0
588387,588387,588390,3,0
588387,588387,588389,2,0
588387,588387,588389,2,0
588387,588387,588390,3,0
588387,588387,588390,3,0
588167,588167,588403,236,0
588387,588405,588406,1,18
588405,588405,588407,2,0
588405,588405,588406,1,0
588405,588405,588406,1,0
588405,588405,588406,1,0
588405,588405,588406,1,0
588405,588405,588406,1,0
588405,588405,588406,1,0
588405,588405,588407,2,0
588405,588405,588406,1,0
588405,588405,588406,1,0
588405,588405,588406,1,0
588405,588405,588407,2,0
588405,588405,588407,2,0
588405,588405,588406,1,0
588405,588405,588407,2,0
588405,588405,588407,2,0
588405,588405,588407,2,0
588405,588405,588407,2,0
588405,588405,588407,2,0
588405,588405,588407,2,0
588405,588405,588406,1,0
588405,588405,588407,2,0
588405,588405,588407,2,0
588405,588405,588407,2,0
588387,588405,588407,2,18
588387,588405,588407,2,18
588387,588405,588407,2,18
588405,588406,588407,1,1
588405,588406,588407,1,1
588405,588405,588407,2,0
588405,588405,588407,2,0
588405,588405,588408,3,0
588405,588405,588407,2,0
588405,588405,588408,3,0
588405,588405,588407,2,0
588405,588405,588408,3,0
588405,588405,588408,3,0
588405,588405,588408,3,0
588405,588405,588408,3,0
588405,588405,588407,2,0
588405,588405,588408,3,0
588405,588405,588408,3,0
588405,588406,588408,2,1
588151,588151,588409,258,0
588416,588416,588418,2,0
588416,588416,588418,2,0
588416,588416,588418,2,0
588416,588416,588418,2,0
588416,588416,588418,2,0
588416,588416,588418,2,0
588416,588416,588418,2,0
588416,588416,588418,2,0
588416,588416,588418,2,0
588416,588416,588418,2,0
588416,588416,588418,2,0
588416,588416,588418,2,0
588416,588416,588418,2,0
588416,588416,588418,2,0
588416,588416,588418,2,0
588416,588416,588418,2,0
588416,588416,588418,2,0
588416,588416,588418,2,0
588416,588417,588418,1,1
588416,588417,588418,1,1
588416,588417,588418,1,1
588416,588416,588418,2,0
588416,588416,588418,2,0
588416,588416,588418,2,0
588416,588416,588418,2,0
588416,588416,588418,2,0
588416,588416,588418,2,0
588416,588416,588418,2,0
588416,588416,588418,2,0
588416,588416,588419,3,0
588416,588416,588418,2,0
588416,588416,588419,3,0
588416,588416,588418,2,0
588416,588416,588419,3,0
588416,588416,588418,2,0
588416,588416,588419,3,0
588416,588416,588419,3,0
588416,588416,588419,3,0
588416,588417,588419,2,1
588416,588416,588419,3,0
588416,588416,588419,3,0
588416,588416,588419,3,0
588416,588416,588419,3,0
588416,588416,588420,4,0
588416,588417,588419,2,1
588405,588424,588425,1,19
588405,588424,588425,1,19
588405,588424,588425,1,19
588405,588424,588426,2,19
588405,588424,588426,2,19
588137,588137,588427,290,0
588431,588431,588433,2,0
588431,588431,588432,1,0
588431,588431,588432,1,0
588431,588431,588432,1,0
588431,588431,588432,1,0
588431,588431,588433,2,0
588431,588431,588433,2,0
588431,588431,588433,2,0
588431,588431,588433,2,0
588431,588431,588433,2,0
588431,588431,588433,2,0
588431,588431,588432,1,0
588431,588431,588433,2,0
588431,588431,588432,1,0
588431,588431,588432,1,0
588431,588431,588432,1,0
588431,588431,588433,2,0
588431,588431,588432,1,0
588431,588431,588432,1,0
588431,588431,588432,1,0
588431,588431,588432,1,0
588431,588431,588433,2,0
588431,588431,588433,2,0
588431,588431,588433,2,0
588431,588431,588433,2,0
588431,588431,588433,2,0
588431,588431,588433,2,0
588431,588431,588433,2,0
588431,588431,588433,2,0
588431,588431,588433,2,0
588431,588431,588434,3,0
588431,588431,588433,2,0
588431,588431,588434,3,0
588431,588431,588434,3,0
588431,588431,588434,3,0
588431,588431,588434,3,0
588188,588188,588434,246,0
588153,588153,588438,285,0
588439,588440,588441,1,1
588439,588440,588441,1,1
588439,588440,588441,1,1
588439,588440,588441,1,1
588439,588440,588441,1,1
588439,588440,588441,1,1
588439,588440,588441,1,1
588439,588440,588441,1,1
588439,588440,588441,1,1
588439,588440,588441,1,1
588439,588440,588442,2,1
588439,588440,588441,1,1
588439,588440,588441,1,1
588439,588440,588441,1,1
588439,588440,588441,1,1
588439,588440,588442,2,1
588439,588440,588442,2,1
588439,588440,588441,1,1
588439,588440,588441,1,1
588439,588440,588441,1,1
588439,588440,588441,1,1
588439,588440,588441,1,1
588439,588440,588441,1,1
588439,588440,588442,2,1
588439,588440,588442,2,1
588439,588440,588442,2,1
588439,588440,588442,2,1
588439,588440,588442,2,1
588439,588440,588442,2,1
588439,588440,588442,2,1
588439,588440,588442,2,1
588439,588440,588442,2,1
588439,588440,588442,2,1
588439,588440,588442,2,1
588439,588440,588442,2,1
588439,588440,588443,3,1
588439,588440,588442,2,1
588442,588442,588443,1,0
588442,588442,588444,2,0
588442,588442,588444,2,0
588442,588442,588444,2,0
588442,588442,588444,2,0
588442,588442,588443,1,0
588442,588442,588443,1,0
588442,588442,588443,1,0
588442,588443,588444,1,1
588442,588442,588444,2,0
588442,588442,588443,1,0
588442,588442,588444,2,0
588442,588443,588444,1,1
588442,588442,588443,1,0
588442,588442,588443,1,0
588442,588442,588443,1,0
588442,588442,588444,2,0
588442,588442,588444,2,0
588442,588443,588444,1,1
588442,588442,588444,2,0
588442,588442,588444,2,0
588442,588442,588443,1,0
588442,588442,588444,2,0
588442,588442,588444,2,0
588442,588442,588444,2,0
588442,588442,588444,2,0
588442,588443,588444,1,1
588442,588443,588444,1,1
588442,588443,588445,2,1
588442,588443,588445,2,1
588442,588443,588445,2,1
588442,588443,588444,1,1
588442,588443,588444,1,1
588442,588442,588444,2,0
588442,588442,588444,2,0
588442,588444,588445,1,2
588442,588442,588445,3,0
588442,588442,588444,2,0
588442,588442,588444,2,0
588442,588443,588444,1,1
588442,588442,588444,2,0
588442,588442,588444,2,0
588442,588443,588444,1,1
588442,588443,588444,1,1
588431,588431,588433,2,0
588431,588431,588433,2,0
588442,588443,588445,2,1
588439,588446,588447,1,7
588439,588446,588447,1,7
588439,588446,588448,2,7
588439,588446,588448,2,7
588235,588235,588452,217,0
588431,588452,588453,1,21
588431,588431,588434,3,0
588431,588431,588433,2,0
588431,588452,588453,1,21
588431,588452,588454,2,21
588431,588452,588453,1,21
588439,588452,588453,1,13
588431,588452,588455,3,21
588439,588453,588454,1,14
588439,588453,588454,1,14
588439,588453,588455,2,14
588457,588457,588459,2,0
588457,588457,588458,1,0
588457,588457,588459,2,0
588457,588457,588459,2,0
588457,588457,588459,2,0
588457,588457,588459,2,0
588457,588457,588459,2,0
588457,588457,588459,2,0
588457,588457,588459,2,0
588457,588457,588459,2,0
588457,588457,588459,2,0
588457,588457,588459,2,0
588457,588457,588459,2,0
588457,588457,588459,2,0
588457,588457,588459,2,0
588457,588457,588459,2,0
588457,588457,588459,2,0
588457,588457,588459,2,0
588457,588457,588459,2,0
588457,588457,588459,2,0
588457,588457,588459,2,0
588457,588457,588459,2,0
588457,588457,588459,2,0
588457,588457,588460,3,0
588457,588457,588459,2,0
588457,588457,588460,3,0
588457,588457,588459,2,0
588457,588457,588460,3,0
588457,588457,588460,3,0
588457,588457,588459,2,0
588457,588457,588460,3,0
588457,588457,588459,2,0
588457,588457,588460,3,0
588457,588457,588460,3,0
588457,588457,588460,3,0
588457,588457,588460,3,0
588457,588457,588460,3,0
588457,588457,588461,4,0
588457,588457,588460,3,0
588457,588457,588461,4,0
588207,588207,588470,263,0
588457,588475,588476,1,18
588457,588475,588476,1,18
588457,588475,588476,1,18
588476,588476,588478,2,0
588476,588476,588477,1,0
588476,588476,588477,1,0
588476,588476,588477,1,0
588476,588476,588478,2,0
588476,588476,588477,1,0
588476,588476,588477,1,0
588476,588476,588477,1,0
588476,588476,588478,2,0
588476,588476,588477,1,0
588476,588476,588478,2,0
588476,588476,588477,1,0
588476,588476,588477,1,0
588476,588476,588477,1,0
588476,588476,588477,1,0
588476,588476,588478,2,0
588476,588476,588477,1,0
588476,588476,588478,2,0
588476,588476,588478,2,0
588457,588475,588477,2,18
588476,588476,588477,1,0
588476,588476,588477,1,0
588476,588476,588478,2,0
588476,588476,588478,2,0
588476,588476,588477,1,0
588476,588476,588478,2,0
588476,588476,588479,3,0
588476,588476,588478,2,0
588476,588476,588478,2,0
588476,588476,588478,2,0
588476,588476,588479,3,0
588476,588476,588478,2,0
588476,588476,588479,3,0
588476,588476,588478,2,0
588476,588476,588479,3,0
588476,588476,588478,2,0
588476,588476,588478,2,0
588476,588476,588478,2,0
588476,588476,588479,3,0
588476,588476,588478,2,0
588476,588476,588478,2,0
588476,588476,588479,3,0
588476,588476,588479,3,0
588476,588476,588478,2,0
588476,588476,588479,3,0
588476,588476,588480,4,0
588203,588203,588481,278,0
588497,588497,588499,2,0
588497,588497,588498,1,0
588497,588497,588498,1,0
588497,588497,588499,2,0
588497,588497,588498,1,0
588497,588497,588499,2,0
588497,588497,588499,2,0
588497,588497,588498,1,0
588497,588497,588498,1,0
588497,588497,588499,2,0
588497,588497,588499,2,0
588497,588497,588498,1,0
588497,588497,588498,1,0
588497,588497,588499,2,0
588497,588497,588498,1,0
588497,588497,588498,1,0
588497,588497,588498,1,0
588497,588497,588499,2,0
588497,588497,588499,2,0
588497,588497,588498,1,0
588497,588497,588499,2,0
588497,588497,588499,2,0
588497,588497,588498,1,0
588497,588497,588498,1,0
588497,588497,588498,1,0
588497,588497,588498,1,0
588497,588497,588498,1,0
588497,588498,588499,1,1
588497,588497,588498,1,0
588497,588497,588499,2,0
588497,588497,588498,1,0
588497,588497,588499,2,0
588497,588497,588499,2,0
588497,588497,588499,2,0
588497,588497,588500,3,0
588497,588497,588499,2,0
588497,588497,588499,2,0
588497,588497,588499,2,0
588497,588497,588500,3,0
588497,588497,588499,2,0
588497,588498,588500,2,1
588497,588498,588499,1,1
588497,588497,588499,2,0
588497,588497,588500,3,0
588497,588497,588499,2,0
588237,588237,588509,272,0
588516,588517,588518,1,1
588516,588517,588518,1,1
588516,588517,588518,1,1
588516,588517,588518,1,1
588516,588517,588519,2,1
588516,588517,588518,1,1
588516,588517,588518,1,1
588516,588517,588519,2,1
588516,588517,588518,1,1
588516,588517,588518,1,1
588516,588517,588519,2,1
588516,588517,588518,1,1
588516,588517,588518,1,1
588516,588517,588518,1,1
588516,588517,588518,1,1
588516,588517,588518,1,1
588516,588517,588518,1,1
588516,588517,588519,2,1
588516,588517,588518,1,1
588516,588517,588518,1,1
588516,588517,588518,1,1
588516,588517,588518,1,1
588516,588517,588518,1,1
588516,588517,588519,2,1
588516,588517,588518,1,1
588516,588517,588519,2,1
588516,588517,588519,2,1
588516,588517,588519,2,1
588516,588517,588519,2,1
588516,588517,588519,2,1
588516,588517,588520,3,1
588516,588517,588519,2,1
588516,588517,588519,2,1
588516,588517,588519,2,1
588516,588517,588519,2,1
588516,588517,588519,2,1
588516,588517,588519,2,1
588516,588517,588519,2,1
588516,588517,588519,2,1
588516,588517,588519,2,1
588266,588266,588527,261,0
588528,588529,588530,1,1
588528,588529,588530,1,1
588528,588529,588530,1,1
588528,588529,588530,1,1
588528,588529,588530,1,1
588528,588529,588530,1,1
588528,588529,588530,1,1
588528,588529,588530,1,1
588528,588529,588530,1,1
588528,588529,588530,1,1
588528,588529,588530,1,1
588528,588529,588530,1,1
588528,588529,588531,2,1
588528,588529,588530,1,1
588528,588529,588530,1,1
588528,588529,588530,1,1
588528,588529,588530,1,1
588528,588529,588530,1,1
588528,588529,588530,1,1
588528,588529,588531,2,1
588528,588529,588530,1,1
588528,588529,588530,1,1
588528,588529,588530,1,1
588528,588529,588530,1,1
588528,588529,588530,1,1
588528,588529,588531,2,1
588528,588529,588531,2,1
588528,588529,588531,2,1
588528,588529,588531,2,1
588528,588529,588531,2,1
588528,588529,588531,2,1
588528,588529,588531,2,1
588528,588529,588531,2,1
588528,588529,588531,2,1
588528,588529,588531,2,1
588528,588529,588531,2,1
588528,588529,588531,2,1
588528,588529,588531,2,1
588528,588529,588531,2,1
588528,588529,588531,2,1
588528,588529,588531,2,1
588528,588529,588531,2,1
588528,588529,588531,2,1
588528,588529,588531,2,1
588528,588529,588533,4,1
588296,588296,588535,239,0
588516,588533,588535,2,17
588516,588534,588535,1,18
588516,588534,588535,1,18
588516,588534,588535,1,18
588516,588534,588535,1,18
588289,588290,588540,250,1
588543,588543,588545,2,0
588543,588543,588544,1,0
588543,588543,588544,1,0
588543,588543,588544,1,0
588543,588543,588544,1,0
588543,588543,588544,1,0
588543,588543,588544,1,0
588543,588543,588544,1,0
588543,588543,588544,1,0
588543,588543,588544,1,0
588543,588543,588544,1,0
588543,588543,588544,1,0
588543,588543,588544,1,0
588543,588543,588545,2,0
588543,588543,588545,2,0
588543,588543,588544,1,0
588543,588543,588544,1,0
588543,588543,588544,1,0
588543,588543,588545,2,0
588543,588543,588544,1,0
588543,588543,588544,1,0
588543,588543,588544,1,0
588543,588543,588544,1,0
588543,588543,588544,1,0
588543,588543,588544,1,0
588543,588543,588544,1,0
588543,588543,588544,1,0
588543,588543,588545,2,0
588543,588543,588544,1,0
588543,588543,588545,2,0
588543,588543,588545,2,0
588543,588543,588545,2,0
588543,588543,588545,2,0
588543,588543,588545,2,0
588543,588543,588545,2,0
588543,588543,588545,2,0
588543,588543,588545,2,0
588543,588543,588545,2,0
588543,588543,588545,2,0
588543,588543,588545,2,0
588543,588543,588545,2,0
588543,588543,588545,2,0
588543,588543,588546,3,0
588552,588552,588554,2,0
588552,588552,588554,2,0
588552,588552,588553,1,0
588552,588552,588554,2,0
588552,588552,588553,1,0
588552,588552,588553,1,0
588552,588552,588553,1,0
588552,588552,588553,1,0
588552,588552,588553,1,0
588552,588552,588554,2,0
588552,588552,588553,1,0
588552,588552,588553,1,0
588552,588552,588553,1,0
588552,588552,588553,1,0
588552,588552,588554,2,0
588552,588552,588553,1,0
588552,588552,588553,1,0
588552,588552,588553,1,0
588552,588552,588554,2,0
588552,588552,588554,2,0
588552,588552,588553,1,0
588552,588552,588554,2,0
588552,588552,588553,1,0
588552,588552,588554,2,0
588552,588552,588554,2,0
588552,588552,588554,2,0
588552,588552,588554,2,0
588552,588552,588554,2,0
588552,588552,588554,2,0
588552,588552,588553,1,0
588552,588552,588554,2,0
588552,588552,588554,2,0
588552,588552,588554,2,0
588552,588552,588554,2,0
588552,588552,588555,3,0
588552,588552,588555,3,0
588552,588552,588554,2,0
588552,588552,588554,2,0
588552,588552,588554,2,0
588552,588552,588554,2,0
588552,588552,588554,2,0
588552,588552,588555,3,0
588552,588552,588554,2,0
588552,588553,588559,6,1
588543,588543,588564,21,0
588543,588543,588563,20,0
588552,588553,588563,10,1
588322,588322,588563,241,0
588571,588571,588573,2,0
588571,588571,588573,2,0
588571,588571,588573,2,0
588571,588571,588572,1,0
588571,588571,588573,2,0
588571,588571,588572,1,0
588571,588571,588572,1,0
588571,588571,588573,2,0
588571,588571,588573,2,0
588571,588571,588573,2,0
588571,588571,588573,2,0
588571,588571,588572,1,0
588571,588571,588573,2,0
588571,588571,588572,1,0
588571,588571,588573,2,0
588571,588571,588572,1,0
588571,588571,588573,2,0
588571,588571,588573,2,0
588571,588571,588573,2,0
588571,588571,588573,2,0
588571,588571,588573,2,0
588571,588571,588572,1,0
588571,588571,588573,2,0
588571,588571,588573,2,0
588571,588571,588573,2,0
588571,588571,588573,2,0
588571,588571,588573,2,0
588571,588571,588573,2,0
588571,588571,588573,2,0
588571,588571,588573,2,0
588571,588571,588573,2,0
588571,588571,588574,3,0
588571,588571,588573,2,0
588571,588571,588574,3,0
588571,588571,588573,2,0
588571,588571,588574,3,0
588571,588571,588573,2,0
588571,588582,588584,2,11
588571,588582,588583,1,11
588571,588582,588584,2,11
588344,588345,588589,244,1
588571,588589,588590,1,18
588571,588589,588590,1,18
588571,588589,588590,1,18
588571,588589,588591,2,18
588590,588591,588592,1,1
588590,588591,588592,1,1
588590,588591,588592,1,1
588590,588591,588592,1,1
588590,588591,588592,1,1
588590,588591,588592,1,1
588590,588591,588592,1,1
588590,588591,588592,1,1
588590,588591,588592,1,1
588590,588591,588592,1,1
588590,588591,588592,1,1
588590,588591,588592,1,1
588590,588591,588592,1,1
588590,588591,588592,1,1
588590,588591,588592,1,1
588590,588591,588592,1,1
588590,588591,588592,1,1
588590,588591,588592,1,1
588590,588591,588592,1,1
588571,588589,588592,3,18
588590,588591,588592,1,1
588590,588591,588593,2,1
588590,588591,588592,1,1
588590,588591,588593,2,1
588590,588591,588593,2,1
588590,588591,588593,2,1
588590,588591,588593,2,1
588590,588591,588593,2,1
588590,588591,588593,2,1
588590,588591,588593,2,1
588590,588591,588593,2,1
588590,588591,588593,2,1
588590,588591,588593,2,1
588590,588591,588593,2,1
588590,588591,588593,2,1
588590,588591,588593,2,1
588590,588591,588593,2,1
588590,588591,588593,2,1
588590,588591,588594,3,1
588336,588337,588599,262,1
588602,588602,588603,1,0
588602,588602,588603,1,0
588602,588602,588603,1,0
588602,588602,588603,1,0
588602,588602,588604,2,0
588602,588602,588603,1,0
588602,588602,588604,2,0
588602,588602,588603,1,0
588602,588602,588603,1,0
588602,588602,588603,1,0
588602,588602,588604,2,0
588602,588602,588603,1,0
588602,588602,588603,1,0
588602,588602,588603,1,0
588602,588602,588603,1,0
588602,588602,588604,2,0
588602,588602,588603,1,0
588602,588602,588603,1,0
588602,588602,588603,1,0
588602,588602,588603,1,0
588602,588602,588604,2,0
588602,588602,588603,1,0
588602,588602,588603,1,0
588602,588602,588603,1,0
588602,588602,588603,1,0
588602,588602,588603,1,0
588602,588602,588604,2,0
588602,588602,588604,2,0
588602,588602,588604,2,0
588602,588602,588604,2,0
588602,588602,588604,2,0
588602,588602,588604,2,0
588602,588602,588605,3,0
588602,588602,588604,2,0
588602,588602,588604,2,0
588602,588602,588604,2,0
588602,588602,588604,2,0
588602,588602,588604,2,0
588602,588602,588604,2,0
588602,588602,588605,3,0
588602,588602,588604,2,0
588602,588602,588606,4,0
588602,588602,588606,4,0
588602,588602,588606,4,0
588602,588602,588607,5,0
588590,588606,588607,1,16
588590,588606,588607,1,16
588590,588606,588607,1,16
588590,588606,588607,1,16
588590,588606,588607,1,16
588590,588606,588607,1,16
588590,588606,588608,2,16
588310,588310,588613,303,0
588417,588417,588623,206,0
588623,588624,588625,1,1
588623,588624,588625,1,1
588623,588624,588625,1,1
588623,588624,588625,1,1
588623,588624,588625,1,1
588623,588624,588625,1,1
588623,588624,588625,1,1
588623,588624,588625,1,1
588623,588624,588625,1,1
588623,588624,588625,1,1
588623,588624,588626,2,1
588623,588624,588625,1,1
588623,588624,588626,2,1
588623,588624,588626,2,1
588623,588624,588626,2,1
588624,588624,588625,1,0
588623,588624,588625,1,1
588624,588624,588626,2,0
588623,588624,588626,2,1
588623,588624,588625,1,1
588624,588624,588625,1,0
588623,588624,588625,1,1
588623,588624,588625,1,1
588623,588624,588626,2,1
588623,588624,588625,1,1
588623,588624,588625,1,1
588624,588624,588625,1,0
588623,588624,588626,2,1
588623,588624,588625,1,1
588624,588624,588625,1,0
588623,588624,588626,2,1
588623,588624,588625,1,1
588624,588624,588626,2,0
588624,588624,588626,2,0
588623,588624,588625,1,1
588623,588624,588626,2,1
588623,588624,588625,1,1
588623,588624,588625,1,1
588624,588624,588625,1,0
588623,588624,588625,1,1
588623,588624,588625,1,1
588624,588624,588625,1,0
588624,588624,588626,2,0
588623,588624,588626,2,1
588623,588624,588626,2,1
588624,588624,588625,1,0
588624,588624,588626,2,0
588623,588624,588627,3,1
588623,588624,588626,2,1
588623,588624,588626,2,1
588623,588624,588627,3,1
588623,588624,588626,2,1
588623,588624,588626,2,1
588624,588625,588627,2,1
588624,588626,588627,1,2
588623,588624,588626,2,1
588624,588624,588627,3,0
588624,588626,588627,1,2
588623,588624,588626,2,1
588624,588624,588626,2,0
588624,588625,588627,2,1
588623,588624,588626,2,1
588624,588624,588627,3,0
588624,588624,588627,3,0
588624,588625,588627,2,1
588624,588625,588627,2,1
588624,588625,588627,2,1
588624,588625,588627,2,1
588623,588624,588627,3,1
588624,588624,588627,3,0
588624,588625,588627,2,1
588624,588625,588627,2,1
588624,588625,588627,2,1
588624,588626,588627,1,2
588624,588626,588627,1,2
588624,588626,588627,1,2
588624,588625,588627,2,1
588624,588626,588627,1,2
588624,588626,588627,1,2
588624,588626,588627,1,2
588624,588626,588627,1,2
588624,588626,588628,2,2
588624,588626,588628,2,2
588624,588626,588628,2,2
588624,588626,588628,2,2
588624,588626,588627,1,2
588624,588626,588627,1,2
588624,588626,588627,1,2
588624,588626,588627,1,2
588624,588626,588628,2,2
588394,588394,588630,236,0
588366,588366,588633,267,0
588388,588388,588635,247,0
588649,588649,588651,2,0
588649,588649,588651,2,0
588649,588649,588651,2,0
588649,588649,588651,2,0
588649,588649,588651,2,0
588649,588649,588651,2,0
588649,588649,588651,2,0
588649,588649,588651,2,0
588649,588649,588651,2,0
588649,588649,588651,2,0
588649,588649,588651,2,0
588649,588650,588651,1,1
588649,588649,588651,2,0
588649,588649,588651,2,0
588649,588649,588651,2,0
588649,588649,588651,2,0
588649,588649,588651,2,0
588649,588649,588651,2,0
588649,588649,588651,2,0
588649,588649,588651,2,0
588649,588649,588651,2,0
588649,588650,588651,1,1
588649,588649,588651,2,0
588649,588649,588651,2,0
588649,588649,588651,2,0
588649,588649,588651,2,0
588649,588650,588651,1,1
588649,588649,588652,3,0
588649,588649,588652,3,0
588649,588649,588651,2,0
588649,588650,588651,1,1
588649,588649,588651,2,0
588649,588649,588651,2,0
588649,588649,588651,2,0
588649,588649,588652,3,0
588649,588649,588652,3,0
588649,588649,588652,3,0
588649,588650,588652,2,1
588649,588650,588652,2,1
588649,588650,588653,3,1
588649,588649,588652,3,0
588649,588650,588652,2,1
588649,588650,588653,3,1
588649,588650,588652,2,1
588649,588649,588652,3,0
588649,588650,588652,2,1
588649,588652,588653,1,3
588649,588649,588652,3,0
588649,588650,588652,2,1
588649,588652,588653,1,3
588649,588652,588653,1,3
588649,588652,588653,1,3
588649,588652,588653,1,3
588649,588649,588653,4,0
588649,588649,588653,4,0
588649,588650,588653,3,1
588649,588652,588654,2,3
588649,588649,588653,4,0
588649,588650,588653,3,1
588649,588649,588653,4,0
588649,588650,588653,3,1
588649,588652,588653,1,3
588649,588652,588653,1,3
588649,588652,588653,1,3
588649,588652,588653,1,3
588649,588652,588653,1,3
588649,588652,588653,1,3
588649,588652,588653,1,3
588649,588649,588653,4,0
588649,588652,588653,1,3
588649,588652,588653,1,3
588649,588649,588653,4,0
588649,588652,588653,1,3
588649,588652,588653,1,3
588649,588652,588653,1,3
588649,588649,588654,5,0
588649,588652,588653,1,3
588649,588652,588653,1,3
588649,588652,588653,1,3
588649,588652,588653,1,3
588649,588652,588653,1,3
588649,588652,588653,1,3
588649,588652,588653,1,3
588649,588652,588653,1,3
588649,588652,588654,2,3
588649,588652,588654,2,3
588649,588649,588654,5,0
588649,588652,588654,2,3
588649,588652,588654,2,3
588649,588652,588654,2,3
588668,588668,588669,1,0
588668,588668,588669,1,0
588668,588668,588669,1,0
588668,588668,588670,2,0
588668,588668,588669,1,0
588668,588668,588669,1,0
588668,588668,588669,1,0
588668,588668,588669,1,0
588668,588668,588669,1,0
588668,588668,588669,1,0
588668,588668,588669,1,0
588668,588668,588670,2,0
588668,588668,588669,1,0
588668,588668,588669,1,0
588668,588668,588669,1,0
588668,588668,588669,1,0
588668,588668,588670,2,0
588668,588668,588669,1,0
588668,588668,588669,1,0
588668,588668,588669,1,0
588668,588668,588669,1,0
588668,588668,588669,1,0
588668,588668,588670,2,0
588668,588668,588669,1,0
588668,588668,588669,1,0
588668,588668,588669,1,0
588668,588668,588669,1,0
588668,588668,588670,2,0
588668,588668,588669,1,0
588668,588668,588669,1,0
588668,588668,588670,2,0
588668,588668,588671,3,0
588668,588668,588670,2,0
588668,588668,588670,2,0
588668,588668,588670,2,0
588668,588668,588670,2,0
588668,588668,588670,2,0
588668,588668,588670,2,0
588668,588668,588670,2,0
588668,588668,588670,2,0
588668,588668,588670,2,0
588668,588672,588674,2,4
588668,588672,588673,1,4
588668,588672,588673,1,4
588668,588672,588674,2,4
588432,588452,588685,233,20
588686,588686,588688,2,0
588686,588686,588688,2,0
588686,588686,588688,2,0
588686,588686,588687,1,0
588686,588686,588688,2,0
588686,588686,588688,2,0
588686,588686,588688,2,0
588686,588686,588688,2,0
588686,588686,588688,2,0
588686,588686,588688,2,0
588686,588686,588688,2,0
588686,588686,588688,2,0
588686,588686,588688,2,0
588686,588686,588688,2,0
588686,588686,588688,2,0
588686,588686,588688,2,0
588686,588686,588688,2,0
588686,588686,588688,2,0
588686,588686,588688,2,0
588686,588686,588688,2,0
588686,588686,588688,2,0
588686,588686,588688,2,0
588686,588686,588688,2,0
588686,588686,588688,2,0
588686,588686,588688,2,0
588686,588686,588688,2,0
588686,588686,588689,3,0
588686,588686,588688,2,0
588686,588686,588688,2,0
588686,588686,588689,3,0
588686,588686,588688,2,0
588686,588686,588689,3,0
588686,588686,588689,3,0
588686,588686,588688,2,0
588686,588686,588688,2,0
588686,588686,588688,2,0
588686,588686,588689,3,0
588686,588686,588688,2,0
588686,588686,588689,3,0
588686,588686,588688,2,0
588686,588686,588689,3,0
588686,588686,588688,2,0
588686,588686,588689,3,0
588686,588686,588689,3,0
588686,588686,588689,3,0
588392,588393,588692,299,1
588406,588406,588692,286,0
588698,588699,588700,1,1
588698,588699,588700,1,1
588698,588699,588700,1,1
588698,588699,588700,1,1
588698,588699,588700,1,1
588698,588699,588700,1,1
588698,588699,588700,1,1
588698,588699,588701,2,1
588698,588699,588700,1,1
588698,588699,588700,1,1
588698,588699,588701,2,1
588698,588699,588701,2,1
588698,588699,588701,2,1
588698,588699,588700,1,1
588698,588699,588700,1,1
588698,588699,588701,2,1
588698,588699,588701,2,1
588698,588699,588700,1,1
588698,588699,588700,1,1
588698,588699,588700,1,1
588698,588699,588700,1,1
588698,588699,588701,2,1
588698,588699,588701,2,1
588698,588699,588700,1,1
588698,588699,588700,1,1
588698,588699,588701,2,1
588698,588699,588700,1,1
588698,588699,588700,1,1
588698,588699,588700,1,1
588698,588699,588700,1,1
588698,588699,588701,2,1
588698,588699,588700,1,1
588698,588699,588700,1,1
588698,588699,588701,2,1
588698,588699,588700,1,1
588698,588699,588700,1,1
588698,588699,588700,1,1
588698,588699,588700,1,1
588698,588699,588701,2,1
588698,588699,588701,2,1
588700,588700,588702,2,0
588700,588700,588702,2,0
588698,588699,588701,2,1
588700,588700,588702,2,0
588698,588699,588701,2,1
588700,588700,588701,1,0
588700,588700,588702,2,0
588698,588699,588701,2,1
588700,588700,588701,1,0
588700,588700,588702,2,0
588700,588700,588702,2,0
588698,588699,588701,2,1
588700,588700,588701,1,0
588700,588700,588701,1,0
588700,588700,588701,1,0
588698,588699,588701,2,1
588700,588700,588701,1,0
588700,588700,588701,1,0
588700,588700,588702,2,0
588700,588701,588703,2,1
588700,588701,588702,1,1
588700,588701,588702,1,1
588700,588701,588702,1,1
588700,588701,588702,1,1
588700,588700,588702,2,0
588700,588700,588703,3,0
588700,588700,588703,3,0
588700,588701,588703,2,1
588700,588700,588703,3,0
588700,588700,588703,3,0
588700,588701,588702,1,1
588700,588701,588702,1,1
588700,588700,588703,3,0
588700,588701,588702,1,1
588700,588701,588702,1,1
588700,588701,588702,1,1
588700,588700,588702,2,0
588700,588701,588702,1,1
588700,588700,588702,2,0
588700,588701,588702,1,1
588700,588701,588703,2,1
588700,588701,588703,2,1
588700,588701,588703,2,1
588700,588701,588702,1,1
588700,588701,588702,1,1
588700,588701,588703,2,1
588700,588701,588703,2,1
588700,588701,588702,1,1
588700,588701,588702,1,1
588700,588701,588702,1,1
588458,588458,588711,253,0
588443,588444,588719,275,1
588718,588718,588720,2,0
588718,588718,588720,2,0
588718,588718,588720,2,0
588718,588718,588720,2,0
588718,588719,588720,1,1
588718,588719,588720,1,1
588718,588718,588720,2,0
588718,588718,588720,2,0
588718,588719,588720,1,1
588718,588719,588720,1,1
588718,588719,588720,1,1
588718,588719,588720,1,1
588718,588718,588720,2,0
588718,588719,588720,1,1
588718,588718,588720,2,0
588718,588718,588720,2,0
588718,588719,588720,1,1
588718,588718,588720,2,0
588718,588719,588720,1,1
588718,588718,588720,2,0
588718,588718,588720,2,0
588718,588719,588721,2,1
588718,588719,588720,1,1
588718,588718,588720,2,0
588718,588718,588720,2,0
588718,588719,588721,2,1
588718,588719,588720,1,1
588718,588719,588720,1,1
588718,588718,588720,2,0
588718,588719,588721,2,1
588718,588719,588720,1,1
588718,588718,588721,3,0
588718,588718,588721,3,0
588718,588719,588721,2,1
588718,588718,588721,3,0
588718,588718,588721,3,0
588720,588720,588721,1,0
588718,588719,588721,2,1
588720,588720,588721,1,0
588720,588720,588722,2,0
588720,588720,588722,2,0
588718,588718,588721,3,0
588720,588720,588721,1,0
588718,588719,588721,2,1
588720,588720,588721,1,0
588718,588719,588721,2,1
588718,588719,588721,2,1
588720,588720,588721,1,0
588718,588718,588721,3,0
588718,588718,588721,3,0
588720,588720,588721,1,0
588720,588720,588722,2,0
588720,588721,588722,1,1
588720,588721,588722,1,1
588718,588719,588721,2,1
588720,588720,588721,1,0
588720,588720,588721,1,0
588718,588719,588721,2,1
588720,588720,588721,1,0
588720,588720,588721,1,0
588720,588721,588722,1,1
588720,588721,588722,1,1
588720,588721,588722,1,1
588720,588721,588722,1,1
588720,588721,588722,1,1
588720,588720,588722,2,0
588720,588720,588722,2,0
588720,588720,588722,2,0
588720,588720,588722,2,0
588720,588720,588722,2,0
588720,588720,588722,2,0
588720,588720,588722,2,0
588720,588720,588722,2,0
588720,588720,588722,2,0
588720,588721,588722,1,1
588720,588720,588722,2,0
588720,588721,588722,1,1
588720,588721,588722,1,1
588720,588721,588722,1,1
588720,588721,588722,1,1
588720,588721,588722,1,1
588720,588721,588722,1,1
588720,588720,588722,2,0
588720,588720,588722,2,0
588720,588721,588722,1,1
588720,588721,588722,1,1
588720,588721,588722,1,1
588720,588721,588722,1,1
588720,588721,588722,1,1
588720,588721,588722,1,1
588441,588441,588725,284,0
588477,588477,588736,259,0
588736,588736,588738,2,0
588736,588736,588738,2,0
588736,588736,588738,2,0
588736,588736,588738,2,0
588736,588736,588738,2,0
588736,588736,588738,2,0
588736,588736,588738,2,0
588736,588736,588738,2,0
588736,588736,588738,2,0
588736,588736,588738,2,0
588736,588736,588738,2,0
588736,588736,588738,2,0
588736,588736,588738,2,0
588736,588736,588738,2,0
588736,588736,588738,2,0
588736,588736,588738,2,0
588736,588736,588738,2,0
588736,588736,588738,2,0
588736,588736,588738,2,0
588736,588736,588738,2,0
588736,588736,588738,2,0
588736,588737,588738,1,1
588736,588736,588738,2,0
588736,588736,588738,2,0
588736,588736,588738,2,0
588736,588736,588738,2,0
588736,588736,588738,2,0
588736,588736,588738,2,0
588736,588736,588738,2,0
588736,588736,588738,2,0
588736,588736,588738,2,0
588736,588736,588738,2,0
588736,588736,588739,3,0
588736,588736,588739,3,0
588736,588736,588739,3,0
588736,588736,588739,3,0
588736,588736,588739,3,0
588736,588736,588739,3,0
588736,588736,588739,3,0
588736,588736,588739,3,0
588736,588736,588739,3,0
588736,588736,588739,3,0
588736,588736,588739,3,0
588736,588736,588739,3,0
588736,588736,588739,3,0
588530,588530,588744,214,0
588745,588745,588746,1,0
588745,588745,588746,1,0
588745,588745,588746,1,0
588745,588745,588746,1,0
588745,588745,588746,1,0
588745,588745,588746,1,0
588745,588745,588746,1,0
588745,588745,588746,1,0
588745,588745,588746,1,0
588745,588745,588746,1,0
588745,588745,588746,1,0
588745,588745,588746,1,0
588745,588745,588746,1,0
588745,588745,588746,1,0
588745,588745,588747,2,0
588745,588745,588747,2,0
588745,588745,588747,2,0
588745,588745,588747,2,0
588745,588745,588747,2,0
588745,588745,588747,2,0
588745,588745,588747,2,0
588745,588745,588747,2,0
588745,588745,588747,2,0
588745,588745,588747,2,0
588745,588747,588748,1,2
588745,588745,588747,2,0
588745,588745,588747,2,0
588745,588745,588747,2,0
588745,588745,588747,2,0
588745,588745,588747,2,0
588745,588745,588747,2,0
588745,588745,588747,2,0
588745,588745,588747,2,0
588745,588747,588748,1,2
588745,588745,588747,2,0
588745,588745,588747,2,0
588745,588745,588747,2,0
588745,588745,588747,2,0
588745,588747,588748,1,2
588745,588745,588747,2,0
588745,588745,588747,2,0
588745,588745,588747,2,0
588745,588745,588748,3,0
588745,588745,588747,2,0
588745,588745,588747,2,0
588745,588745,588747,2,0
588745,588745,588747,2,0
588745,588745,588747,2,0
588745,588745,588747,2,0
588745,588745,588747,2,0
588745,588745,588747,2,0
588745,588745,588747,2,0
588745,588745,588747,2,0
588745,588745,588747,2,0
588745,588745,588748,3,0
588745,588745,588747,2,0
588745,588747,588748,1,2
588745,588747,588748,1,2
588745,588747,588748,1,2
588745,588747,588748,1,2
588745,588747,588748,1,2
588745,588745,588748,3,0
588745,588747,588748,1,2
588745,588745,588748,3,0
588745,588745,588748,3,0
588745,588745,588748,3,0
588745,588747,588748,1,2
588745,588745,588748,3,0
588745,588745,588748,3,0
588745,588745,588748,3,0
588745,588745,588748,3,0
588745,588745,588748,3,0
588745,588745,588748,3,0
588745,588745,588748,3,0
588745,588745,588748,3,0
588745,588745,588748,3,0
588745,588745,588748,3,0
588745,588747,588748,1,2
588745,588745,588748,3,0
588745,588745,588748,3,0
588745,588747,588748,1,2
588745,588747,588748,1,2
588745,588745,588748,3,0
588745,588747,588748,1,2
588745,588747,588748,1,2
588745,588745,588748,3,0
588745,588747,588748,1,2
588745,588747,588748,1,2
588745,588745,588748,3,0
588544,588544,588761,217,0
588498,588498,588761,263,0
588762,588762,588764,2,0
588762,588762,588763,1,0
588762,588762,588764,2,0
588762,588762,588763,1,0
588762,588762,588764,2,0
588762,588762,588764,2,0
588762,588762,588763,1,0
588762,588762,588763,1,0
588762,588762,588764,2,0
588762,588762,588763,1,0
588762,588762,588764,2,0
588762,588762,588764,2,0
588762,588762,588764,2,0
588762,588762,588763,1,0
588762,588762,588763,1,0
588762,588762,588764,2,0
588762,588762,588763,1,0
588762,588762,588764,2,0
588762,588762,588764,2,0
588762,588762,588764,2,0
588762,588762,588764,2,0
588762,588762,588763,1,0
588762,588762,588764,2,0
588762,588762,588764,2,0
588762,588762,588764,2,0
588762,588762,588763,1,0
588762,588762,588764,2,0
588762,588762,588764,2,0
588762,588762,588764,2,0
588762,588762,588764,2,0
588762,588762,588765,3,0
588762,588762,588764,2,0
588762,588762,588764,2,0
588762,588762,588765,3,0
588762,588762,588764,2,0
588762,588762,588765,3,0
588762,588762,588764,2,0
588762,588762,588765,3,0
588762,588762,588764,2,0
588762,588762,588764,2,0
588762,588762,588765,3,0
588762,588762,588765,3,0
588762,588762,588764,2,0
588762,588762,588764,2,0
588762,588762,588764,2,0
588770,588770,588772,2,0
588770,588770,588771,1,0
588770,588770,588771,1,0
588770,588770,588771,1,0
588770,588770,588772,2,0
588770,588770,588771,1,0
588770,588770,588772,2,0
588770,588770,588771,1,0
588770,588770,588771,1,0
588770,588770,588772,2,0
588770,588770,588771,1,0
588770,588770,588772,2,0
588770,588770,588772,2,0
588770,588770,588771,1,0
588770,588770,588771,1,0
588770,588770,588771,1,0
588770,588770,588772,2,0
588770,588770,588772,2,0
588770,588770,588772,2,0
588770,588770,588771,1,0
588770,588770,588772,2,0
588770,588770,588772,2,0
588770,588770,588771,1,0
588770,588770,588771,1,0
588770,588770,588771,1,0
588770,588770,588772,2,0
588770,588770,588772,2,0
588770,588770,588771,1,0
588770,588770,588772,2,0
588770,588770,588772,2,0
588770,588770,588772,2,0
588770,588770,588772,2,0
588770,588770,588773,3,0
588770,588770,588772,2,0
588770,588770,588772,2,0
588770,588770,588773,3,0
588770,588770,588773,3,0
588770,588770,588772,2,0
588770,588770,588772,2,0
588770,588770,588772,2,0
588770,588770,588773,3,0
588770,588770,588772,2,0
588770,588770,588773,3,0
588770,588770,588772,2,0
588770,588770,588773,3,0
588592,588592,588797,205,0
588798,588798,588800,2,0
588798,588798,588800,2,0
588798,588798,588800,2,0
588798,588798,588800,2,0
588798,588798,588800,2,0
588798,588798,588800,2,0
588798,588798,588800,2,0
588798,588798,588800,2,0
588798,588798,588800,2,0
588798,588798,588800,2,0
588798,588798,588800,2,0
588798,588798,588800,2,0
588798,588798,588800,2,0
588798,588798,588800,2,0
588798,588798,588800,2,0
588798,588798,588800,2,0
588798,588798,588800,2,0
588798,588798,588800,2,0
588798,588798,588800,2,0
588798,588798,588800,2,0
588798,588798,588800,2,0
588798,588798,588800,2,0
588798,588798,588800,2,0
588798,588798,588800,2,0
588798,588798,588800,2,0
588798,588798,588800,2,0
588798,588798,588800,2,0
588798,588798,588800,2,0
588798,588798,588800,2,0
588798,588798,588801,3,0
588798,588798,588800,2,0
588798,588798,588801,3,0
588798,588798,588801,3,0
588798,588798,588800,2,0
588798,588798,588801,3,0
588798,588798,588801,3,0
588798,588798,588801,3,0
588798,588798,588801,3,0
588798,588798,588801,3,0
588798,588798,588801,3,0
588798,588798,588801,3,0
588798,588798,588801,3,0
588798,588798,588800,2,0
588798,588798,588801,3,0
588798,588798,588801,3,0
588553,588553,588804,251,0
588518,588518,588807,289,0
588809,588809,588811,2,0
588809,588809,588811,2,0
588809,588810,588811,1,1
588810,588810,588811,1,0
588809,588809,588811,2,0
588809,588809,588811,2,0
588809,588809,588811,2,0
588809,588809,588811,2,0
588809,588809,588811,2,0
588809,588809,588811,2,0
588809,588809,588811,2,0
588809,588809,588811,2,0
588809,588810,588811,1,1
588809,588809,588811,2,0
588809,588809,588811,2,0
588809,588809,588811,2,0
588809,588809,588811,2,0
588809,588809,588811,2,0
588809,588810,588811,1,1
588809,588809,588811,2,0
588809,588809,588811,2,0
588809,588809,588811,2,0
588809,588809,588811,2,0
588809,588809,588811,2,0
588809,588810,588811,1,1
588809,588809,588812,3,0
588809,588809,588812,3,0
588810,588810,588812,2,0
588810,588810,588812,2,0
588809,588809,588812,3,0
588810,588810,588812,2,0
588810,588810,588812,2,0
588810,588810,588812,2,0
588809,588809,588812,3,0
588809,588809,588812,3,0
588810,588810,588812,2,0
588810,588810,588812,2,0
588810,588810,588812,2,0
588809,588809,588812,3,0
588810,588810,588812,2,0
588810,588810,588812,2,0
588810,588810,588812,2,0
588809,588809,588812,3,0
588809,588809,588812,3,0
588810,588810,588812,2,0
588810,588810,588812,2,0
588809,588809,588812,3,0
588809,588809,588812,3,0
588810,588810,588812,2,0
588810,588810,588812,2,0
588809,588809,588811,2,0
588809,588809,588812,3,0
588809,588809,588812,3,0
588810,588810,588812,2,0
588810,588810,588812,2,0
588810,588811,588812,1,1
588809,588809,588812,3,0
588809,588809,588812,3,0
588809,588810,588811,1,1
588810,588810,588812,2,0
588809,588809,588811,2,0
588809,588810,588812,2,1
588810,588810,588812,2,0
588810,588811,588812,1,1
588810,588811,588812,1,1
588809,588809,588812,3,0
588809,588809,588812,3,0
588810,588810,588812,2,0
588810,588811,588812,1,1
588810,588811,588812,1,1
588810,588811,588813,2,1
588810,588811,588813,2,1
588810,588811,588813,2,1
588810,588811,588813,2,1
588810,588810,588813,3,0
588810,588810,588813,3,0
588810,588810,588813,3,0
588810,588810,588813,3,0
588810,588810,588812,2,0
588810,588810,588813,3,0
588810,588810,588812,2,0
588810,588810,588813,3,0
588810,588810,588813,3,0
588810,588810,588813,3,0
588810,588811,588813,2,1
588810,588811,588813,2,1
588810,588811,588813,2,1
588810,588810,588813,3,0
588810,588811,588813,2,1
588809,588810,588813,3,1
588572,588572,588838,266,0
588839,588839,588841,2,0
588839,588839,588841,2,0
588839,588839,588841,2,0
588839,588839,588841,2,0
588839,588839,588841,2,0
588839,588839,588841,2,0
588839,588839,588841,2,0
588839,588839,588841,2,0
588839,588839,588841,2,0
588839,588839,588841,2,0
588839,588839,588841,2,0
588839,588839,588841,2,0
588839,588840,588841,1,1
588839,588839,588841,2,0
588839,588839,588841,2,0
588839,588840,588841,1,1
588839,588839,588841,2,0
588839,588839,588841,2,0
588839,588839,588841,2,0
588839,588840,588841,1,1
588839,588839,588841,2,0
588839,588839,588841,2,0
588839,588840,588841,1,1
588839,588840,588841,1,1
588839,588839,588841,2,0
588839,588839,588841,2,0
588839,588840,588841,1,1
588839,588840,588841,1,1
588603,588603,588842,239,0
588839,588839,588842,3,0
588839,588839,588842,3,0
588839,588839,588842,3,0
588839,588839,588842,3,0
588839,588839,588842,3,0
588839,588839,588842,3,0
588839,588839,588842,3,0
588839,588839,588842,3,0
588839,588839,588842,3,0
588839,588839,588842,3,0
588839,588840,588842,2,1
588839,588839,588842,3,0
588839,588840,588842,2,1
588839,588839,588842,3,0
588839,588840,588842,2,1
588839,588839,588842,3,0
588839,588839,588842,3,0
588856,588857,588858,1,1
588856,588857,588858,1,1
588856,588857,588858,1,1
588856,588857,588858,1,1
588856,588857,588858,1,1
588856,588857,588858,1,1
588856,588857,588858,1,1
588856,588857,588858,1,1
588856,588857,588858,1,1
588856,588857,588858,1,1
588856,588857,588858,1,1
588856,588857,588858,1,1
588856,588857,588858,1,1
588856,588857,588858,1,1
588856,588857,588858,1,1
588856,588857,588858,1,1
588856,588857,588858,1,1
588856,588857,588858,1,1
588856,588857,588858,1,1
588856,588857,588858,1,1
588856,588857,588859,2,1
588856,588857,588858,1,1
588856,588857,588858,1,1
588856,588857,588858,1,1
588856,588857,588858,1,1
588856,588857,588858,1,1
588856,588857,588858,1,1
588856,588857,588858,1,1
588856,588857,588858,1,1
588856,588857,588859,2,1
588856,588857,588858,1,1
588856,588857,588858,1,1
588856,588857,588859,2,1
588856,588857,588859,2,1
588856,588857,588859,2,1
588856,588857,588859,2,1
588856,588857,588859,2,1
588856,588857,588859,2,1
588856,588857,588859,2,1
588856,588857,588859,2,1
588856,588857,588859,2,1
588856,588857,588859,2,1
588856,588857,588859,2,1
588856,588857,588859,2,1
588856,588857,588859,2,1
588625,588626,588894,268,1
588895,588895,588897,2,0
588895,588895,588897,2,0
588895,588895,588897,2,0
588895,588895,588897,2,0
588895,588895,588897,2,0
588895,588895,588897,2,0
588895,588895,588897,2,0
588895,588895,588897,2,0
588895,588895,588897,2,0
588895,588895,588897,2,0
588895,588895,588897,2,0
588895,588895,588897,2,0
588895,588895,588897,2,0
588895,588895,588897,2,0
588895,588895,588897,2,0
588895,588895,588897,2,0
588895,588895,588897,2,0
588895,588895,588897,2,0
588895,588895,588897,2,0
588895,588895,588897,2,0
588895,588895,588897,2,0
588895,588895,588897,2,0
588895,588895,588897,2,0
588895,588895,588897,2,0
588895,588895,588897,2,0
588895,588895,588897,2,0
588895,588895,588897,2,0
588895,588895,588897,2,0
588895,588895,588897,2,0
588895,588895,588897,2,0
588895,588895,588897,2,0
588895,588895,588897,2,0
588895,588895,588898,3,0
588895,588895,588898,3,0
588895,588895,588898,3,0
588895,588895,588898,3,0
588895,588895,588898,3,0
588895,588895,588897,2,0
588895,588895,588897,2,0
588895,588895,588898,3,0
588895,588895,588897,2,0
588895,588895,588898,3,0
588895,588895,588898,3,0
588895,588895,588898,3,0
588895,588895,588897,2,0
