submit_time,start_time,end_time,run_time,wait_time
38625,38625,39922,1297,0
68501,68502,68717,215,1
69045,69045,69234,189,0
118539,118539,119287,748,0
118941,118942,119747,805,1
121081,121081,123030,1949,0
121026,121027,123031,2004,1
121043,121043,123037,1994,0
121049,121050,123073,2023,1
121061,121061,123090,2029,0
121046,121046,123096,2050,0
121057,121057,123262,2205,0
121021,121021,123270,2249,0
121039,121039,123271,2232,0
121053,121053,123288,2235,0
121033,121033,123325,2292,0
121015,121015,123343,2328,0
121010,121010,123344,2334,0
121000,121000,123406,2406,0
121005,121005,123425,2420,0
121023,121024,123497,2473,1
121007,121007,123688,2681,0
121030,121030,123753,2723,0
121018,121018,123794,2776,0
121012,121012,123803,2791,0
121036,121036,123805,2769,0
121002,121002,123807,2805,0
120963,120964,123854,2890,1
120967,120967,123865,2898,0
120979,120979,123865,2886,0
121124,121124,123877,2753,0
120989,120989,123882,2893,0
120983,120983,123896,2913,0
120993,120993,123943,2950,0
121085,121085,123953,2868,0
121065,121065,123954,2889,0
121077,121077,123963,2886,0
121093,121093,123964,2871,0
120991,120991,123966,2975,0
121110,121110,123967,2857,0
121072,121072,123969,2897,0
120997,120998,123971,2973,1
120972,120972,123971,2999,0
120985,120985,123976,2991,0
120973,120973,123985,3012,0
120970,120971,123988,3017,1
120981,120981,124055,3074,0
120964,120964,124061,3097,0
120963,120963,124070,3107,0
120966,120966,124077,3111,0
120978,120978,124081,3103,0
120968,120968,124083,3115,0
120975,120975,124088,3113,0
120995,120995,124105,3110,0
120987,120987,124118,3131,0
120976,120976,124119,3143,0
121106,121106,124125,3019,0
120965,120965,124132,3167,0
120969,120969,124133,3164,0
121102,121102,124151,3049,0
121115,121115,124233,3118,0
121069,121069,124239,3170,0
121097,121097,124291,3194,0
121120,121120,124291,3171,0
121129,121129,124292,3163,0
121089,121089,124298,3209,0
130191,130191,130223,32,0
130232,130232,131158,926,0
130240,130240,131162,922,0
131216,131216,131791,575,0
131227,131227,131791,564,0
131820,131820,142401,10581,0
146072,146072,146074,2,0
146072,146072,146074,2,0
146072,146072,146074,2,0
146072,146073,146074,1,1
146072,146072,146074,2,0
146073,146073,146075,2,0
146073,146073,146075,2,0
146073,146073,146075,2,0
146073,146073,146075,2,0
146074,146074,146075,1,0
146073,146073,146075,2,0
146072,146073,146075,2,1
146074,146074,146076,2,0
146073,146073,146075,2,0
146073,146073,146075,2,0
146074,146074,146076,2,0
146074,146074,146076,2,0
146074,146074,146076,2,0
146074,146074,146076,2,0
146074,146074,146076,2,0
146075,146075,146076,1,0
146075,146075,146077,2,0
146074,146074,146076,2,0
146075,146075,146077,2,0
146075,146075,146077,2,0
146075,146075,146077,2,0
146075,146075,146077,2,0
146076,146076,146077,1,0
146076,146076,146077,1,0
146075,146075,146077,2,0
146076,146076,146078,2,0
146076,146076,146078,2,0
146076,146076,146078,2,0
146076,146076,146078,2,0
146076,146076,146078,2,0
146077,146077,146078,1,0
146077,146077,146079,2,0
146077,146077,146078,1,0
146077,146077,146079,2,0
146077,146077,146079,2,0
146077,146077,146079,2,0
146077,146078,146079,1,1
146077,146077,146079,2,0
146078,146078,146079,1,0
146078,146078,146079,1,0
146078,146078,146080,2,0
146078,146078,146080,2,0
146078,146078,146080,2,0
146078,146078,146080,2,0
146078,146078,146080,2,0
146079,146079,146080,1,0
146079,146079,146081,2,0
146079,146079,146081,2,0
146079,146079,146080,1,0
146079,146079,146081,2,0
146079,146079,146081,2,0
146079,146079,146081,2,0
146080,146080,146081,1,0
146080,146080,146081,1,0
146080,146080,146082,2,0
146080,146080,146082,2,0
146080,146080,146082,2,0
146080,146080,146082,2,0
146080,146080,146082,2,0
146081,146081,146082,1,0
146081,146081,146082,1,0
146081,146081,146082,1,0
146081,146081,146083,2,0
146081,146081,146083,2,0
146080,146081,146082,1,1
146081,146081,146083,2,0
146081,146081,146084,3,0
146082,146082,146084,2,0
146082,146082,146083,1,0
146082,146082,146083,1,0
146082,146082,146084,2,0
146082,146082,146084,2,0
146082,146082,146084,2,0
146082,146082,146084,2,0
146083,146083,146085,2,0
146082,146083,146085,2,1
146083,146083,146085,2,0
146083,146083,146084,1,0
146083,146083,146084,1,0
146083,146083,146085,2,0
146083,146083,146085,2,0
146083,146083,146085,2,0
146084,146084,146085,1,0
146084,146084,146086,2,0
146084,146084,146086,2,0
146084,146084,146085,1,0
146084,146084,146085,1,0
146084,146084,146086,2,0
146084,146084,146086,2,0
146084,146085,146086,1,1
146085,146085,146087,2,0
146085,146085,146087,2,0
146085,146085,146087,2,0
146085,146085,146086,1,0
146085,146085,146087,2,0
146204,146205,147837,1632,1
146205,146205,147848,1643,0
146204,146204,147858,1654,0
146205,146205,147862,1657,0
146202,146203,147963,1760,1
146203,146203,148044,1841,0
146206,146206,148123,1917,0
146206,146206,148358,2152,0
146204,146204,148360,2156,0
146207,146207,148383,2176,0
146207,146207,148506,2299,0
146204,146204,148533,2329,0
146203,146203,148546,2343,0
146208,146209,148580,2371,1
146209,146209,148588,2379,0
146204,146204,148611,2407,0
146207,146207,148618,2411,0
146203,146203,148633,2430,0
146209,146209,148650,2441,0
146207,146207,148655,2448,0
146211,146211,148669,2458,0
146207,146207,148682,2475,0
146203,146203,148683,2480,0
146210,146211,148689,2478,1
146212,146212,148704,2492,0
146203,146203,148720,2517,0
146212,146212,148763,2551,0
146206,146206,148807,2601,0
146216,146216,148831,2615,0
146216,146216,148835,2619,0
146211,146211,148836,2625,0
146206,146206,148896,2690,0
146214,146214,148913,2699,0
146215,146215,148924,2709,0
146210,146210,148929,2719,0
146210,146210,148946,2736,0
146215,146215,148956,2741,0
146204,146204,148959,2755,0
146208,146208,148979,2771,0
146206,146207,148995,2788,1
146212,146212,149000,2788,0
146208,146208,149027,2819,0
146213,146213,149029,2816,0
146210,146210,149058,2848,0
146206,146206,149086,2880,0
146204,146204,149099,2895,0
146212,146212,149109,2897,0
146212,146213,149139,2926,1
146211,146211,149141,2930,0
146208,146208,149158,2950,0
146209,146209,149172,2963,0
146214,146214,149172,2958,0
146210,146210,149185,2975,0
146210,146210,149194,2984,0
146211,146211,149209,2998,0
146213,146213,149249,3036,0
146205,146205,149272,3067,0
146214,146214,149280,3066,0
146215,146215,149304,3089,0
146215,146215,149304,3089,0
146203,146203,149311,3108,0
146210,146210,149357,3147,0
146213,146213,149499,3286,0
149309,149309,149578,269,0
146205,146205,149590,3385,0
131811,131811,149785,17974,0
146213,146213,150291,4078,0
150983,150983,151276,293,0
146214,146214,151599,5385,0
152010,152011,152248,237,1
146205,146205,154842,8637,0
155799,155799,156062,263,0
146205,146205,160663,14458,0
160839,160839,161054,215,0
161655,161655,162006,351,0
146214,146214,189941,43727,0
146214,146214,190835,44621,0
146208,146208,192619,46411,0
146209,146209,193190,46981,0
146215,146216,194328,48112,1
146209,146209,197160,50951,0
146211,146211,197732,51521,0
146212,146212,198112,51900,0
146209,146209,200299,54090,0
146212,146212,204378,58166,0
146206,146206,207059,60853,0
146214,146214,207361,61147,0
146215,146215,208442,62227,0
146210,146210,209904,63694,0
146215,146215,215542,69327,0
146208,146208,217162,70954,0
146213,146213,223155,76942,0
146213,146213,224603,78390,0
146209,146209,225330,79121,0
146215,146215,226897,80682,0
146205,146205,226932,80727,0
146208,146208,235038,88830,0
146203,146203,239374,93171,0
204360,204360,240138,35778,0
146204,146204,243798,97594,0
146211,146211,254226,108015,0
257099,257099,257299,200,0
257069,257070,257304,234,1
257307,257307,257309,2,0
257307,257307,257309,2,0
257307,257307,257309,2,0
257307,257307,257309,2,0
257307,257307,257309,2,0
257307,257307,257309,2,0
257307,257307,257309,2,0
257307,257307,257309,2,0
257307,257307,257310,3,0
257307,257307,257309,2,0
257307,257307,257310,3,0
257307,257307,257309,2,0
257307,257307,257310,3,0
257307,257307,257309,2,0
257307,257307,257309,2,0
257307,257307,257310,3,0
257307,257307,257309,2,0
257307,257307,257309,2,0
257307,257307,257310,3,0
257307,257307,257310,3,0
257307,257307,257310,3,0
257307,257307,257310,3,0
257307,257307,257310,3,0
257307,257307,257309,2,0
257307,257307,257310,3,0
257307,257307,257310,3,0
257307,257307,257310,3,0
257307,257307,257310,3,0
257307,257307,257310,3,0
257307,257307,257309,2,0
257307,257307,257310,3,0
257307,257307,257310,3,0
257307,257307,257310,3,0
257307,257307,257310,3,0
257307,257307,257310,3,0
257307,257307,257309,2,0
257307,257307,257310,3,0
257307,257307,257310,3,0
257307,257307,257310,3,0
257307,257307,257310,3,0
257307,257307,257310,3,0
257307,257307,257310,3,0
257307,257307,257310,3,0
257307,257307,257310,3,0
257307,257307,257310,3,0
257307,257307,257311,4,0
257307,257307,257311,4,0
257307,257307,257310,3,0
257307,257307,257310,3,0
257307,257307,257311,4,0
257307,257307,257310,3,0
257307,257307,257310,3,0
257307,257307,257311,4,0
257307,257307,257311,4,0
257307,257307,257311,4,0
257307,257309,257312,3,2
257307,257309,257312,3,2
257307,257309,257312,3,2
257307,257309,257312,3,2
257307,257309,257312,3,2
257307,257309,257312,3,2
257307,257309,257312,3,2
257307,257309,257312,3,2
257307,257310,257313,3,3
257307,257310,257313,3,3
257078,257078,257313,235,0
257307,257310,257313,3,3
257307,257310,257312,2,3
257307,257310,257313,3,3
257307,257310,257313,3,3
257307,257310,257313,3,3
257307,257310,257313,3,3
257307,257310,257313,3,3
257307,257310,257313,3,3
257307,257310,257313,3,3
257307,257310,257313,3,3
257307,257310,257313,3,3
257307,257310,257314,4,3
257307,257310,257313,3,3
257307,257310,257313,3,3
257307,257310,257314,4,3
257089,257089,257315,226,0
257024,257024,257317,293,0
257030,257030,257322,292,0
257325,257325,257326,1,0
257325,257325,257326,1,0
257325,257325,257326,1,0
257325,257325,257327,2,0
257325,257325,257327,2,0
257325,257325,257326,1,0
257325,257325,257327,2,0
257325,257325,257327,2,0
257325,257325,257327,2,0
257325,257325,257327,2,0
257325,257326,257327,1,1
257325,257325,257327,2,0
257325,257325,257327,2,0
257325,257325,257327,2,0
257325,257325,257327,2,0
257325,257325,257327,2,0
257325,257325,257327,2,0
257325,257325,257327,2,0
257325,257325,257327,2,0
257325,257325,257327,2,0
257325,257325,257327,2,0
257325,257325,257327,2,0
257325,257325,257327,2,0
257325,257326,257328,2,1
257325,257325,257327,2,0
257325,257325,257327,2,0
257325,257325,257327,2,0
257325,257325,257327,2,0
257325,257325,257327,2,0
257325,257325,257327,2,0
257325,257326,257327,1,1
257325,257325,257327,2,0
257325,257325,257327,2,0
257325,257325,257327,2,0
257325,257325,257327,2,0
257325,257326,257327,1,1
257325,257326,257327,1,1
257325,257326,257328,2,1
257325,257325,257327,2,0
257325,257325,257327,2,0
257325,257325,257328,3,0
257325,257325,257328,3,0
257325,257325,257327,2,0
257325,257326,257327,1,1
257325,257326,257327,1,1
257325,257325,257327,2,0
257325,257325,257327,2,0
257325,257326,257327,1,1
257325,257326,257327,1,1
257325,257326,257327,1,1
257325,257326,257327,1,1
257325,257326,257328,2,1
257325,257327,257328,1,2
257325,257326,257328,2,1
257325,257325,257328,3,0
257325,257326,257328,2,1
257325,257326,257328,2,1
257325,257327,257328,1,2
257325,257327,257328,1,2
257325,257327,257328,1,2
257325,257327,257328,1,2
257325,257325,257328,3,0
257325,257328,257331,3,3
257325,257328,257331,3,3
257325,257328,257331,3,3
257325,257328,257331,3,3
257325,257328,257331,3,3
257325,257327,257331,4,2
257325,257328,257331,3,3
257325,257328,257331,3,3
257325,257328,257331,3,3
257325,257328,257331,3,3
257325,257328,257331,3,3
257325,257328,257331,3,3
257325,257328,257331,3,3
257325,257328,257331,3,3
257325,257328,257331,3,3
257325,257328,257331,3,3
257325,257325,257331,6,0
257325,257328,257331,3,3
257014,257014,257341,327,0
257019,257019,257344,325,0
257036,257036,257344,308,0
257343,257344,257345,1,1
257343,257344,257346,2,1
257344,257344,257345,1,0
257344,257344,257345,1,0
257343,257344,257345,1,1
257343,257344,257345,1,1
257343,257344,257345,1,1
257343,257344,257346,2,1
257343,257344,257345,1,1
257343,257344,257345,1,1
257344,257344,257345,1,0
257343,257344,257345,1,1
257343,257344,257345,1,1
257343,257344,257346,2,1
257343,257344,257346,2,1
257343,257344,257346,2,1
257344,257344,257346,2,0
257343,257344,257346,2,1
257343,257344,257346,2,1
257343,257344,257345,1,1
257343,257344,257345,1,1
257344,257344,257346,2,0
257344,257344,257345,1,0
257343,257344,257345,1,1
257343,257344,257345,1,1
257343,257344,257346,2,1
257343,257344,257345,1,1
257343,257344,257345,1,1
257343,257344,257345,1,1
257344,257344,257346,2,0
257343,257344,257346,2,1
257343,257344,257346,2,1
257343,257344,257346,2,1
257343,257344,257346,2,1
257343,257344,257346,2,1
257343,257344,257346,2,1
257344,257344,257346,2,0
257344,257344,257346,2,0
257344,257344,257346,2,0
257344,257344,257346,2,0
257344,257345,257346,1,1
257344,257345,257346,1,1
257343,257344,257346,2,1
257343,257344,257346,2,1
257344,257344,257346,2,0
257343,257344,257346,2,1
257344,257344,257347,3,0
257344,257344,257346,2,0
257344,257344,257346,2,0
257344,257346,257347,1,2
257343,257344,257346,2,1
257343,257344,257347,3,1
257343,257344,257347,3,1
257343,257344,257347,3,1
257344,257344,257346,2,0
257343,257344,257347,3,1
257343,257344,257346,2,1
257343,257344,257347,3,1
257344,257344,257346,2,0
257344,257346,257347,1,2
257344,257346,257347,1,2
257344,257346,257348,2,2
257344,257346,257347,1,2
257344,257346,257347,1,2
257344,257346,257347,1,2
257344,257346,257347,1,2
257344,257346,257347,1,2
257344,257346,257347,1,2
257344,257346,257347,1,2
257344,257346,257347,1,2
257344,257346,257347,1,2
257344,257346,257348,2,2
257344,257346,257348,2,2
257344,257346,257347,1,2
257344,257346,257347,1,2
257344,257346,257347,1,2
257344,257346,257347,1,2
257344,257346,257347,1,2
257344,257346,257347,1,2
257344,257346,257347,1,2
257344,257346,257347,1,2
257344,257346,257348,2,2
257344,257346,257347,1,2
257344,257346,257348,2,2
257344,257346,257347,1,2
257344,257346,257348,2,2
257344,257346,257348,2,2
257343,257344,257347,3,1
257344,257346,257348,2,2
257344,257346,257348,2,2
257344,257344,257348,4,0
257344,257346,257348,2,2
257344,257347,257348,1,3
257344,257347,257348,1,3
257344,257347,257348,1,3
257344,257347,257348,1,3
257344,257347,257348,1,3
257344,257347,257349,2,3
257344,257347,257349,2,3
257344,257347,257349,2,3
257344,257347,257348,1,3
257344,257347,257348,1,3
257344,257347,257348,1,3
257344,257347,257348,1,3
257344,257347,257349,2,3
257344,257347,257348,1,3
257344,257347,257348,1,3
257344,257347,257348,1,3
257344,257347,257348,1,3
257344,257347,257349,2,3
257344,257347,257349,2,3
257344,257347,257348,1,3
257344,257347,257349,2,3
257344,257347,257349,2,3
257344,257347,257349,2,3
257344,257348,257349,1,4
257344,257347,257349,2,3
257344,257347,257350,3,3
257344,257347,257349,2,3
257344,257347,257350,3,3
257041,257041,257358,317,0
257047,257048,257362,314,1
257059,257059,257362,303,0
257362,257362,257364,2,0
257362,257362,257364,2,0
257362,257362,257364,2,0
257362,257362,257364,2,0
257362,257362,257364,2,0
257362,257362,257364,2,0
257362,257362,257364,2,0
257362,257362,257364,2,0
257362,257362,257365,3,0
257362,257362,257364,2,0
257362,257362,257364,2,0
257362,257362,257364,2,0
257362,257363,257364,1,1
257362,257363,257364,1,1
257362,257363,257365,2,1
257362,257363,257365,2,1
257362,257362,257365,3,0
257362,257362,257364,2,0
257362,257362,257364,2,0
257362,257362,257364,2,0
257362,257362,257365,3,0
257362,257362,257365,3,0
257362,257362,257365,3,0
257362,257362,257365,3,0
257362,257362,257365,3,0
257362,257362,257365,3,0
257362,257362,257364,2,0
257362,257362,257365,3,0
257362,257362,257365,3,0
257362,257362,257365,3,0
257362,257362,257365,3,0
257362,257362,257365,3,0
257362,257362,257365,3,0
257362,257365,257366,1,3
257362,257362,257365,3,0
257362,257362,257365,3,0
257362,257362,257366,4,0
257362,257364,257366,2,2
257362,257362,257366,4,0
257362,257362,257366,4,0
257362,257362,257366,4,0
257362,257362,257366,4,0
257362,257362,257366,4,0
257362,257362,257366,4,0
257362,257364,257366,2,2
257362,257365,257366,1,3
257362,257362,257366,4,0
257362,257362,257366,4,0
257362,257364,257366,2,2
257362,257362,257366,4,0
257362,257362,257366,4,0
257362,257364,257366,2,2
257362,257365,257366,1,3
257362,257362,257366,4,0
257362,257365,257366,1,3
257362,257362,257366,4,0
257362,257362,257366,4,0
257362,257362,257366,4,0
257362,257364,257366,2,2
257362,257365,257366,1,3
257362,257365,257366,1,3
257362,257365,257366,1,3
257362,257362,257366,4,0
257362,257362,257366,4,0
257362,257362,257366,4,0
257362,257362,257366,4,0
257362,257364,257366,2,2
257362,257364,257366,2,2
257362,257365,257367,2,3
257362,257365,257366,1,3
257362,257365,257366,1,3
257362,257365,257366,1,3
257362,257365,257366,1,3
257362,257365,257366,1,3
257362,257365,257366,1,3
257362,257362,257367,5,0
257362,257362,257367,5,0
257362,257362,257366,4,0
257362,257365,257366,1,3
257362,257365,257366,1,3
257362,257362,257366,4,0
257362,257362,257367,5,0
257362,257362,257366,4,0
257362,257362,257366,4,0
257362,257362,257367,5,0
257362,257365,257367,2,3
257362,257366,257367,1,4
257362,257366,257367,1,4
257362,257366,257367,1,4
257362,257366,257367,1,4
257362,257366,257367,1,4
257362,257366,257367,1,4
257362,257365,257367,2,3
257362,257366,257367,1,4
257362,257366,257368,2,4
257362,257366,257368,2,4
257362,257366,257368,2,4
257362,257366,257368,2,4
257362,257366,257368,2,4
257362,257366,257367,1,4
257362,257366,257368,2,4
257362,257367,257368,1,5
257362,257367,257368,1,5
257362,257366,257368,2,4
257362,257366,257368,2,4
257362,257366,257368,2,4
257362,257367,257369,2,5
257362,257367,257368,1,5
257362,257367,257368,1,5
257362,257367,257368,1,5
257362,257367,257368,1,5
257362,257367,257368,1,5
257362,257367,257368,1,5
257362,257367,257368,1,5
257362,257366,257368,2,4
257362,257366,257368,2,4
257362,257367,257368,1,5
257362,257367,257368,1,5
257362,257367,257368,1,5
257362,257367,257368,1,5
257111,257111,257376,265,0
257123,257123,257378,255,0
257382,257382,257386,4,0
257382,257382,257386,4,0
257382,257382,257386,4,0
257382,257382,257386,4,0
257382,257382,257386,4,0
257382,257382,257386,4,0
257382,257382,257387,5,0
257382,257382,257387,5,0
257382,257382,257387,5,0
257382,257382,257387,5,0
257382,257382,257387,5,0
257382,257382,257387,5,0
257382,257382,257386,4,0
257382,257382,257386,4,0
257382,257382,257386,4,0
257382,257382,257386,4,0
257382,257382,257386,4,0
257382,257382,257386,4,0
257382,257382,257386,4,0
257382,257382,257387,5,0
257382,257382,257386,4,0
257382,257382,257387,5,0
257382,257382,257387,5,0
257382,257382,257386,4,0
257382,257382,257387,5,0
257382,257382,257387,5,0
257382,257382,257387,5,0
257382,257382,257387,5,0
257382,257382,257387,5,0
257382,257382,257386,4,0
257382,257382,257386,4,0
257382,257382,257387,5,0
257382,257382,257386,4,0
257382,257382,257387,5,0
257382,257382,257386,4,0
257382,257382,257386,4,0
257382,257382,257386,4,0
257382,257382,257387,5,0
257382,257382,257387,5,0
257382,257382,257387,5,0
257382,257382,257386,4,0
257382,257382,257386,4,0
257382,257382,257387,5,0
257382,257382,257387,5,0
257382,257382,257387,5,0
257382,257382,257387,5,0
257382,257382,257387,5,0
257382,257382,257387,5,0
257382,257382,257387,5,0
257382,257382,257387,5,0
257382,257382,257387,5,0
257382,257382,257387,5,0
257382,257382,257387,5,0
257382,257382,257387,5,0
257382,257382,257387,5,0
257382,257382,257387,5,0
257382,257382,257387,5,0
257382,257382,257387,5,0
257382,257382,257387,5,0
257382,257382,257388,6,0
257382,257382,257388,6,0
257382,257386,257387,1,4
257382,257386,257387,1,4
257382,257386,257387,1,4
257382,257382,257387,5,0
257382,257382,257387,5,0
257382,257386,257387,1,4
257382,257387,257388,1,5
257382,257387,257389,2,5
257382,257387,257389,2,5
257382,257387,257388,1,5
257382,257387,257388,1,5
257382,257387,257389,2,5
257382,257387,257389,2,5
257382,257387,257388,1,5
257382,257387,257389,2,5
257382,257387,257389,2,5
257382,257387,257389,2,5
257382,257387,257389,2,5
257382,257387,257389,2,5
257227,257227,257395,168,0
257401,257401,257402,1,0
257188,257188,257402,214,0
257401,257401,257402,1,0
257400,257400,257403,3,0
257401,257401,257403,2,0
257401,257401,257402,1,0
257401,257401,257402,1,0
257401,257401,257403,2,0
257401,257401,257403,2,0
257400,257400,257403,3,0
257401,257401,257402,1,0
257401,257401,257402,1,0
257401,257401,257403,2,0
257401,257401,257403,2,0
257401,257401,257403,2,0
257401,257401,257402,1,0
257401,257401,257403,2,0
257401,257401,257403,2,0
257401,257401,257403,2,0
257401,257401,257403,2,0
257401,257401,257403,2,0
257401,257401,257403,2,0
257401,257401,257402,1,0
257401,257401,257402,1,0
257401,257401,257403,2,0
257400,257400,257403,3,0
257400,257400,257404,4,0
257400,257400,257404,4,0
257400,257400,257403,3,0
257400,257400,257404,4,0
257400,257400,257403,3,0
257400,257400,257404,4,0
257400,257400,257404,4,0
257400,257400,257404,4,0
257400,257400,257404,4,0
257400,257400,257404,4,0
257400,257400,257404,4,0
257400,257400,257404,4,0
257400,257400,257404,4,0
257401,257401,257403,2,0
257400,257400,257403,3,0
257400,257400,257404,4,0
257400,257401,257404,3,1
257400,257401,257404,3,1
257400,257401,257404,3,1
257400,257400,257404,4,0
257400,257400,257404,4,0
257400,257400,257403,3,0
257401,257403,257404,1,2
257401,257403,257404,1,2
257401,257403,257404,1,2
257400,257400,257404,4,0
257400,257400,257404,4,0
257400,257400,257404,4,0
257400,257400,257404,4,0
257400,257400,257404,4,0
257400,257400,257405,5,0
257400,257400,257405,5,0
257400,257400,257405,5,0
257401,257403,257405,2,2
257400,257400,257405,5,0
257400,257400,257404,4,0
257401,257403,257404,1,2
257401,257403,257404,1,2
257400,257400,257404,4,0
257401,257403,257404,1,2
257400,257400,257404,4,0
257401,257403,257405,2,2
257401,257403,257404,1,2
257401,257403,257405,2,2
257400,257400,257404,4,0
257401,257403,257404,1,2
257401,257403,257404,1,2
257401,257403,257404,1,2
257401,257403,257404,1,2
257401,257403,257404,1,2
257400,257401,257405,4,1
257401,257403,257404,1,2
257401,257403,257404,1,2
257400,257400,257405,5,0
257400,257400,257405,5,0
257418,257418,257419,1,0
257418,257418,257420,2,0
257418,257418,257419,1,0
257418,257418,257419,1,0
257418,257418,257419,1,0
257418,257418,257419,1,0
257418,257418,257420,2,0
257418,257418,257420,2,0
257418,257418,257420,2,0
257418,257418,257420,2,0
257418,257419,257420,1,1
257418,257418,257420,2,0
257418,257419,257420,1,1
257418,257419,257420,1,1
257418,257419,257420,1,1
257418,257418,257420,2,0
257418,257418,257421,3,0
257418,257418,257420,2,0
257418,257418,257420,2,0
257418,257419,257420,1,1
257418,257418,257420,2,0
257418,257418,257420,2,0
257418,257418,257420,2,0
257418,257418,257420,2,0
257418,257418,257421,3,0
257418,257418,257420,2,0
257418,257418,257420,2,0
257418,257419,257420,1,1
257418,257418,257420,2,0
257418,257418,257420,2,0
257418,257418,257420,2,0
257418,257418,257420,2,0
257418,257419,257420,1,1
257418,257419,257421,2,1
257418,257419,257420,1,1
257418,257419,257421,2,1
257418,257418,257420,2,0
257418,257418,257420,2,0
257418,257418,257420,2,0
257418,257419,257420,1,1
257418,257419,257421,2,1
257418,257418,257420,2,0
257418,257418,257420,2,0
257418,257418,257420,2,0
257418,257418,257420,2,0
257418,257418,257420,2,0
257418,257419,257420,1,1
257418,257419,257420,1,1
257418,257419,257420,1,1
257418,257418,257420,2,0
257418,257418,257420,2,0
257418,257418,257420,2,0
257418,257419,257420,1,1
257418,257419,257420,1,1
257418,257419,257421,2,1
257418,257419,257421,2,1
257418,257419,257421,2,1
257418,257419,257421,2,1
257418,257419,257421,2,1
257418,257419,257421,2,1
257418,257420,257421,1,2
257418,257420,257421,1,2
257240,257240,257421,181,0
257418,257420,257421,1,2
257418,257420,257421,1,2
257202,257202,257421,219,0
257418,257420,257421,1,2
257418,257420,257421,1,2
257418,257421,257422,1,3
257418,257418,257422,4,0
257418,257419,257421,2,1
257418,257419,257421,2,1
257418,257421,257422,1,3
257418,257421,257422,1,3
257418,257421,257422,1,3
257418,257421,257422,1,3
257418,257421,257422,1,3
257418,257421,257422,1,3
257418,257421,257422,1,3
257418,257421,257422,1,3
257418,257421,257422,1,3
257418,257421,257422,1,3
257256,257256,257432,176,0
257214,257214,257432,218,0
257436,257436,257438,2,0
257436,257436,257438,2,0
257436,257436,257438,2,0
257436,257436,257438,2,0
257436,257436,257438,2,0
257436,257436,257438,2,0
257436,257436,257438,2,0
257436,257436,257438,2,0
257436,257436,257438,2,0
257436,257436,257438,2,0
257436,257436,257438,2,0
257436,257436,257438,2,0
257436,257437,257438,1,1
257436,257436,257438,2,0
257436,257437,257438,1,1
257436,257437,257438,1,1
257436,257436,257438,2,0
257436,257436,257438,2,0
257436,257436,257439,3,0
257436,257436,257438,2,0
257436,257437,257438,1,1
257436,257437,257439,2,1
257436,257436,257438,2,0
257436,257436,257438,2,0
257436,257436,257438,2,0
257436,257436,257438,2,0
257436,257437,257438,1,1
257436,257437,257439,2,1
257436,257437,257439,2,1
257436,257436,257439,3,0
257436,257436,257438,2,0
257436,257436,257438,2,0
257436,257437,257438,1,1
257436,257437,257438,1,1
257436,257437,257439,2,1
257436,257436,257438,2,0
257436,257436,257438,2,0
257436,257436,257438,2,0
257436,257437,257438,1,1
257436,257437,257438,1,1
257436,257437,257439,2,1
257436,257437,257438,1,1
257436,257437,257439,2,1
257436,257437,257439,2,1
257436,257437,257439,2,1
257436,257436,257439,3,0
257436,257437,257439,2,1
257436,257437,257439,2,1
257436,257436,257439,3,0
257436,257436,257439,3,0
257436,257436,257439,3,0
257436,257436,257439,3,0
257436,257437,257439,2,1
257436,257439,257440,1,3
257436,257436,257439,3,0
257436,257437,257439,2,1
257436,257437,257439,2,1
257436,257437,257439,2,1
257436,257437,257439,2,1
257436,257438,257439,1,2
257436,257436,257439,3,0
257436,257438,257439,1,2
257436,257437,257439,2,1
257436,257437,257439,2,1
257436,257437,257439,2,1
257436,257437,257439,2,1
257436,257437,257440,3,1
257436,257437,257439,2,1
257436,257437,257439,2,1
257436,257439,257440,1,3
257436,257439,257440,1,3
257436,257439,257440,1,3
257436,257439,257440,1,3
257436,257439,257440,1,3
257436,257439,257440,1,3
257436,257439,257441,2,3
257436,257439,257440,1,3
257436,257439,257440,1,3
257436,257439,257440,1,3
257436,257439,257441,2,3
257149,257149,257453,304,0
257163,257163,257453,290,0
257455,257455,257458,3,0
257455,257455,257458,3,0
257455,257455,257458,3,0
257455,257456,257458,2,1
257455,257455,257458,3,0
257455,257455,257458,3,0
257455,257456,257458,2,1
257455,257455,257459,4,0
257455,257455,257459,4,0
257455,257456,257458,2,1
257455,257456,257458,2,1
257455,257455,257458,3,0
257455,257455,257458,3,0
257455,257455,257459,4,0
257455,257455,257458,3,0
257455,257456,257458,2,1
257455,257456,257458,2,1
257455,257456,257458,2,1
257455,257456,257458,2,1
257455,257455,257459,4,0
257455,257455,257458,3,0
257455,257456,257458,2,1
257455,257456,257458,2,1
257455,257455,257458,3,0
257455,257456,257458,2,1
257455,257456,257458,2,1
257455,257456,257458,2,1
257455,257456,257459,3,1
257455,257455,257459,4,0
257455,257455,257459,4,0
257455,257455,257459,4,0
257455,257455,257458,3,0
257455,257455,257459,4,0
257455,257455,257459,4,0
257455,257455,257459,4,0
257455,257455,257459,4,0
257455,257455,257459,4,0
257455,257455,257459,4,0
257455,257455,257459,4,0
257455,257455,257459,4,0
257455,257455,257459,4,0
257455,257455,257459,4,0
257455,257455,257459,4,0
257455,257455,257459,4,0
257455,257455,257459,4,0
257455,257455,257459,4,0
257455,257455,257459,4,0
257455,257455,257459,4,0
257455,257456,257459,3,1
257455,257456,257459,3,1
257455,257456,257459,3,1
257455,257456,257459,3,1
257455,257456,257459,3,1
257455,257456,257459,3,1
257175,257175,257460,285,0
257455,257456,257459,3,1
257455,257456,257459,3,1
257455,257456,257459,3,1
257455,257455,257459,4,0
257455,257455,257459,4,0
257455,257455,257459,4,0
257455,257455,257459,4,0
257455,257455,257459,4,0
257455,257455,257459,4,0
257455,257456,257459,3,1
257455,257456,257459,3,1
257455,257456,257459,3,1
257455,257458,257460,2,3
257455,257459,257460,1,4
257455,257459,257460,1,4
257455,257459,257461,2,4
257455,257456,257460,4,1
257455,257459,257460,1,4
257455,257459,257460,1,4
257455,257459,257460,1,4
257455,257459,257461,2,4
257455,257459,257460,1,4
257455,257459,257461,2,4
257455,257459,257461,2,4
257455,257459,257461,2,4
257455,257459,257461,2,4
257274,257274,257475,201,0
257475,257475,257477,2,0
257475,257475,257477,2,0
257475,257475,257477,2,0
257475,257475,257477,2,0
257475,257475,257477,2,0
257475,257475,257477,2,0
257475,257475,257477,2,0
257475,257475,257477,2,0
257475,257475,257477,2,0
257475,257475,257477,2,0
257475,257475,257477,2,0
257475,257475,257477,2,0
257289,257289,257477,188,0
257475,257475,257477,2,0
257475,257475,257477,2,0
257475,257475,257477,2,0
257475,257475,257479,4,0
257475,257475,257479,4,0
257475,257475,257479,4,0
257475,257475,257479,4,0
257475,257475,257479,4,0
257475,257475,257479,4,0
257475,257475,257479,4,0
257475,257475,257479,4,0
257475,257475,257479,4,0
257475,257475,257479,4,0
257475,257475,257479,4,0
257475,257475,257479,4,0
257475,257475,257479,4,0
257475,257475,257479,4,0
257475,257475,257479,4,0
257475,257475,257479,4,0
257475,257475,257479,4,0
257475,257475,257479,4,0
257475,257475,257479,4,0
257475,257476,257479,3,1
257475,257477,257479,2,2
257475,257475,257479,4,0
257475,257475,257479,4,0
257475,257475,257479,4,0
257475,257475,257479,4,0
257475,257475,257479,4,0
257475,257475,257480,5,0
257475,257478,257480,2,3
257475,257475,257479,4,0
257475,257475,257479,4,0
257475,257475,257479,4,0
257475,257477,257480,3,2
257475,257477,257480,3,2
257475,257475,257479,4,0
257475,257475,257479,4,0
257475,257475,257479,4,0
257475,257475,257479,4,0
257475,257475,257479,4,0
257475,257475,257479,4,0
257475,257475,257479,4,0
257475,257475,257479,4,0
257475,257475,257479,4,0
257475,257475,257479,4,0
257475,257475,257479,4,0
257475,257475,257479,4,0
257475,257475,257479,4,0
257475,257475,257479,4,0
257475,257475,257479,4,0
257475,257477,257480,3,2
257475,257475,257479,4,0
257475,257475,257479,4,0
257475,257475,257479,4,0
257475,257477,257480,3,2
257475,257477,257480,3,2
257475,257477,257480,3,2
257475,257477,257480,3,2
257475,257475,257479,4,0
257475,257475,257479,4,0
257475,257475,257479,4,0
257475,257475,257479,4,0
257475,257475,257479,4,0
257475,257475,257479,4,0
257475,257477,257480,3,2
257475,257478,257480,2,3
257475,257478,257480,2,3
257136,257136,257482,346,0
257495,257495,257497,2,0
257495,257495,257497,2,0
257495,257495,257497,2,0
257495,257495,257497,2,0
257495,257495,257497,2,0
257495,257495,257497,2,0
257495,257495,257497,2,0
257495,257495,257497,2,0
257495,257495,257497,2,0
257495,257496,257497,1,1
257495,257495,257497,2,0
257495,257495,257497,2,0
257495,257495,257497,2,0
257495,257496,257497,1,1
257495,257496,257497,1,1
257495,257496,257498,2,1
257495,257495,257497,2,0
257495,257495,257498,3,0
257495,257495,257497,2,0
257495,257495,257497,2,0
257495,257496,257497,1,1
257495,257495,257497,2,0
257495,257495,257498,3,0
257495,257495,257498,3,0
257495,257496,257497,1,1
257495,257495,257497,2,0
257495,257495,257497,2,0
257495,257495,257498,3,0
257495,257495,257497,2,0
257495,257496,257498,2,1
257495,257496,257498,2,1
257495,257495,257497,2,0
257495,257496,257497,1,1
257495,257496,257497,1,1
257495,257496,257498,2,1
257495,257496,257498,2,1
257495,257495,257498,3,0
257495,257495,257498,3,0
257495,257495,257497,2,0
257495,257496,257497,1,1
257495,257496,257497,1,1
257495,257497,257498,1,2
257495,257495,257497,2,0
257495,257496,257498,2,1
257495,257496,257498,2,1
257495,257496,257498,2,1
257495,257495,257498,3,0
257495,257496,257498,2,1
257495,257496,257498,2,1
257495,257496,257498,2,1
257495,257496,257498,2,1
257495,257496,257498,2,1
257495,257496,257498,2,1
257495,257495,257498,3,0
257495,257496,257498,2,1
257495,257496,257498,2,1
257495,257496,257498,2,1
257495,257497,257498,1,2
257495,257497,257498,1,2
257305,257305,257499,194,0
257495,257497,257498,1,2
257495,257498,257499,1,3
257495,257495,257498,3,0
257495,257496,257498,2,1
257495,257496,257498,2,1
257495,257496,257498,2,1
257495,257496,257498,2,1
257495,257496,257498,2,1
257495,257496,257498,2,1
257495,257496,257498,2,1
257495,257496,257498,2,1
257495,257496,257498,2,1
257495,257496,257498,2,1
257495,257496,257499,3,1
257495,257496,257498,2,1
257495,257498,257499,1,3
257495,257498,257499,1,3
257495,257498,257499,1,3
257495,257498,257499,1,3
257495,257498,257499,1,3
257495,257498,257499,1,3
257322,257322,257512,190,0
257514,257514,257517,3,0
257514,257514,257517,3,0
257514,257514,257517,3,0
257514,257514,257517,3,0
257514,257514,257517,3,0
257514,257514,257517,3,0
257514,257514,257517,3,0
257514,257514,257517,3,0
257514,257514,257517,3,0
257514,257514,257517,3,0
257514,257514,257517,3,0
257514,257514,257517,3,0
257514,257514,257517,3,0
257514,257514,257517,3,0
257514,257514,257517,3,0
257514,257514,257517,3,0
257514,257514,257517,3,0
257514,257514,257517,3,0
257514,257514,257517,3,0
257514,257514,257517,3,0
257514,257514,257517,3,0
257514,257514,257517,3,0
257514,257514,257517,3,0
257514,257514,257517,3,0
257514,257514,257517,3,0
257514,257514,257517,3,0
257514,257514,257517,3,0
257514,257514,257517,3,0
257514,257514,257517,3,0
257514,257514,257518,4,0
257514,257514,257518,4,0
257514,257514,257518,4,0
257514,257514,257517,3,0
257514,257514,257518,4,0
257514,257517,257518,1,3
257514,257514,257518,4,0
257514,257514,257518,4,0
257514,257514,257517,3,0
257514,257514,257517,3,0
257514,257514,257518,4,0
257514,257517,257518,1,3
257514,257517,257518,1,3
257514,257517,257518,1,3
257514,257514,257518,4,0
257514,257514,257518,4,0
257514,257514,257518,4,0
257514,257514,257517,3,0
257514,257514,257518,4,0
257514,257514,257518,4,0
257514,257514,257518,4,0
257514,257514,257518,4,0
257514,257514,257518,4,0
257514,257514,257518,4,0
257514,257514,257518,4,0
257514,257514,257518,4,0
257514,257514,257517,3,0
257514,257514,257518,4,0
257514,257514,257518,4,0
257514,257514,257518,4,0
257514,257514,257518,4,0
257514,257514,257518,4,0
257514,257514,257518,4,0
257514,257514,257518,4,0
257514,257514,257518,4,0
257514,257514,257518,4,0
257514,257514,257518,4,0
257514,257514,257518,4,0
257514,257514,257518,4,0
257514,257514,257518,4,0
257514,257514,257518,4,0
257514,257514,257518,4,0
257514,257514,257518,4,0
257514,257514,257518,4,0
257514,257514,257519,5,0
257514,257517,257519,2,3
257514,257517,257519,2,3
257514,257517,257519,2,3
257514,257517,257518,1,3
257514,257517,257518,1,3
257514,257518,257519,1,4
257340,257340,257533,193,0
257534,257535,257536,1,1
257534,257535,257536,1,1
257534,257535,257536,1,1
257534,257535,257537,2,1
257534,257535,257536,1,1
257534,257535,257536,1,1
257534,257535,257536,1,1
257534,257535,257537,2,1
257534,257535,257537,2,1
257534,257535,257537,2,1
257534,257535,257537,2,1
257535,257535,257537,2,0
257535,257535,257537,2,0
257534,257535,257536,1,1
257534,257535,257536,1,1
257535,257535,257536,1,0
257535,257535,257536,1,0
257534,257535,257536,1,1
257534,257535,257536,1,1
257534,257535,257537,2,1
257534,257535,257536,1,1
257534,257535,257536,1,1
257535,257535,257537,2,0
257535,257535,257537,2,0
257534,257535,257536,1,1
257534,257535,257537,2,1
257534,257535,257536,1,1
257534,257535,257536,1,1
257535,257535,257536,1,0
257534,257535,257536,1,1
257534,257535,257536,1,1
257534,257535,257536,1,1
257534,257535,257536,1,1
257535,257535,257536,1,0
257535,257535,257537,2,0
257534,257535,257536,1,1
257534,257535,257536,1,1
257535,257535,257537,2,0
257535,257535,257537,2,0
257535,257535,257537,2,0
257535,257535,257537,2,0
257535,257535,257537,2,0
257534,257535,257537,2,1
257534,257535,257536,1,1
257535,257535,257537,2,0
257535,257535,257537,2,0
257535,257535,257537,2,0
257535,257535,257537,2,0
257534,257535,257537,2,1
257534,257535,257537,2,1
257534,257535,257537,2,1
257534,257535,257537,2,1
257534,257535,257537,2,1
257534,257535,257537,2,1
257534,257535,257537,2,1
257534,257535,257537,2,1
257535,257535,257537,2,0
257535,257537,257538,1,2
257534,257535,257537,2,1
257534,257535,257537,2,1
257535,257535,257537,2,0
257535,257535,257537,2,0
257535,257537,257538,1,2
257535,257535,257537,2,0
257535,257535,257537,2,0
257535,257535,257537,2,0
257535,257535,257537,2,0
257535,257535,257537,2,0
257535,257535,257537,2,0
257535,257535,257537,2,0
257535,257535,257537,2,0
257535,257535,257537,2,0
257535,257537,257538,1,2
257535,257537,257538,1,2
257535,257537,257538,1,2
257535,257537,257538,1,2
257535,257537,257538,1,2
257535,257537,257538,1,2
257535,257537,257538,1,2
257535,257537,257539,2,2
257556,257556,257558,2,0
257556,257556,257557,1,0
257556,257556,257558,2,0
257556,257556,257558,2,0
257556,257556,257557,1,0
257556,257556,257557,1,0
257556,257556,257558,2,0
257556,257556,257557,1,0
257556,257556,257557,1,0
257556,257556,257558,2,0
257556,257556,257557,1,0
257556,257556,257557,1,0
257359,257359,257557,198,0
257556,257556,257557,1,0
257556,257556,257557,1,0
257556,257556,257557,1,0
257556,257556,257557,1,0
257556,257556,257558,2,0
257556,257556,257558,2,0
257556,257556,257558,2,0
257556,257556,257557,1,0
257556,257556,257558,2,0
257556,257556,257558,2,0
257556,257556,257558,2,0
257556,257556,257558,2,0
257556,257556,257558,2,0
257556,257556,257557,1,0
257556,257556,257557,1,0
257556,257556,257558,2,0
257556,257556,257557,1,0
257556,257556,257558,2,0
257556,257556,257558,2,0
257556,257556,257558,2,0
257556,257556,257558,2,0
257556,257556,257558,2,0
257556,257556,257558,2,0
257556,257556,257558,2,0
257556,257556,257558,2,0
257556,257556,257559,3,0
257556,257556,257559,3,0
257556,257556,257559,3,0
257573,257574,257575,1,1
257573,257574,257575,1,1
257573,257574,257576,2,1
257573,257574,257575,1,1
257573,257574,257575,1,1
257573,257574,257575,1,1
257573,257574,257575,1,1
257573,257574,257575,1,1
257573,257574,257576,2,1
257573,257574,257576,2,1
257573,257574,257575,1,1
257573,257574,257575,1,1
257573,257574,257575,1,1
257573,257574,257575,1,1
257573,257574,257575,1,1
257573,257574,257575,1,1
257573,257574,257575,1,1
257573,257574,257575,1,1
257573,257574,257575,1,1
257573,257574,257575,1,1
257573,257574,257575,1,1
257573,257574,257575,1,1
257573,257574,257575,1,1
257573,257574,257575,1,1
257573,257574,257575,1,1
257573,257574,257575,1,1
257573,257574,257576,2,1
257573,257574,257576,2,1
257573,257574,257576,2,1
257573,257574,257576,2,1
257573,257574,257576,2,1
257573,257574,257576,2,1
257573,257574,257576,2,1
257573,257574,257576,2,1
257573,257574,257576,2,1
257573,257574,257576,2,1
257573,257574,257576,2,1
257573,257574,257576,2,1
257573,257574,257578,4,1
257573,257574,257579,5,1
257378,257378,257592,214,0
257594,257594,257596,2,0
257594,257594,257596,2,0
257594,257594,257596,2,0
257594,257594,257595,1,0
257594,257594,257596,2,0
257594,257594,257596,2,0
257594,257594,257596,2,0
257594,257594,257596,2,0
257594,257594,257596,2,0
257594,257594,257596,2,0
257594,257594,257596,2,0
257594,257594,257596,2,0
257594,257594,257596,2,0
257594,257594,257596,2,0
257594,257594,257595,1,0
257594,257594,257596,2,0
257594,257594,257596,2,0
257594,257594,257596,2,0
257594,257595,257596,1,1
257594,257595,257596,1,1
257594,257594,257596,2,0
257594,257594,257596,2,0
257594,257594,257596,2,0
257594,257594,257596,2,0
257594,257594,257596,2,0
257594,257594,257596,2,0
257594,257594,257596,2,0
257594,257594,257596,2,0
257594,257594,257596,2,0
257594,257594,257596,2,0
257594,257594,257596,2,0
257594,257594,257596,2,0
257594,257594,257596,2,0
257594,257594,257596,2,0
257594,257594,257596,2,0
257594,257595,257596,1,1
257594,257595,257597,2,1
257594,257594,257597,3,0
257594,257594,257597,3,0
257594,257594,257596,2,0
257415,257415,257609,194,0
257609,257610,257611,1,1
257609,257610,257611,1,1
257609,257610,257611,1,1
257609,257610,257611,1,1
257609,257610,257611,1,1
257609,257610,257611,1,1
257609,257610,257612,2,1
257609,257610,257611,1,1
257609,257610,257611,1,1
257609,257610,257612,2,1
257609,257610,257612,2,1
257609,257610,257612,2,1
257609,257610,257612,2,1
257609,257610,257612,2,1
257609,257610,257612,2,1
257609,257610,257612,2,1
257609,257610,257612,2,1
257609,257610,257612,2,1
257609,257610,257612,2,1
257609,257610,257612,2,1
257609,257610,257612,2,1
257609,257610,257612,2,1
257609,257610,257612,2,1
257609,257610,257612,2,1
257609,257610,257612,2,1
257609,257610,257612,2,1
257609,257610,257612,2,1
257609,257610,257612,2,1
257609,257610,257612,2,1
257609,257610,257612,2,1
257609,257610,257612,2,1
257609,257610,257612,2,1
257609,257610,257612,2,1
257609,257610,257612,2,1
257609,257610,257612,2,1
257609,257610,257612,2,1
257609,257610,257613,3,1
257609,257610,257613,3,1
257609,257610,257613,3,1
257609,257610,257613,3,1
257397,257397,257614,217,0
257615,257615,257617,2,0
257615,257615,257617,2,0
257615,257615,257617,2,0
257615,257615,257617,2,0
257615,257615,257617,2,0
257615,257615,257617,2,0
257615,257615,257617,2,0
257615,257615,257617,2,0
257615,257615,257617,2,0
257615,257615,257617,2,0
257615,257615,257617,2,0
257615,257615,257617,2,0
257615,257615,257617,2,0
257615,257615,257617,2,0
257615,257615,257617,2,0
257615,257615,257617,2,0
257615,257615,257617,2,0
257615,257615,257617,2,0
257615,257615,257617,2,0
257615,257615,257617,2,0
257615,257615,257617,2,0
257615,257615,257617,2,0
257615,257615,257617,2,0
257615,257615,257617,2,0
257615,257615,257617,2,0
257615,257616,257617,1,1
257615,257616,257617,1,1
257615,257615,257618,3,0
257615,257615,257618,3,0
257615,257615,257618,3,0
257615,257615,257618,3,0
257615,257615,257617,2,0
257615,257615,257618,3,0
257615,257615,257618,3,0
257615,257616,257618,2,1
257615,257616,257618,2,1
257615,257616,257618,2,1
257615,257616,257618,2,1
257615,257615,257619,4,0
257615,257615,257620,5,0
257452,257452,257641,189,0
257433,257433,257644,211,0
257642,257643,257644,1,1
257642,257643,257644,1,1
257642,257643,257644,1,1
257642,257643,257644,1,1
257642,257643,257644,1,1
257642,257643,257644,1,1
257642,257643,257644,1,1
257642,257643,257644,1,1
257642,257643,257645,2,1
257642,257643,257644,1,1
257642,257643,257644,1,1
257642,257643,257644,1,1
257642,257643,257644,1,1
257642,257643,257644,1,1
257642,257643,257645,2,1
257642,257643,257645,2,1
257642,257643,257645,2,1
257642,257643,257646,3,1
257642,257643,257645,2,1
257642,257643,257645,2,1
257642,257643,257645,2,1
257642,257643,257645,2,1
257642,257643,257645,2,1
257642,257643,257645,2,1
257642,257643,257645,2,1
257642,257643,257645,2,1
257642,257643,257646,3,1
257642,257643,257646,3,1
257642,257643,257646,3,1
257642,257643,257646,3,1
257642,257643,257646,3,1
257642,257643,257647,4,1
257642,257643,257646,3,1
257642,257643,257646,3,1
257642,257643,257646,3,1
257642,257643,257646,3,1
257642,257643,257646,3,1
257642,257643,257646,3,1
257642,257643,257647,4,1
257646,257646,257648,2,0
257642,257643,257647,4,1
257646,257646,257647,1,0
257646,257646,257647,1,0
257646,257646,257647,1,0
257646,257646,257648,2,0
257646,257646,257648,2,0
257646,257646,257647,1,0
257646,257646,257648,2,0
257646,257646,257648,2,0
257646,257646,257647,1,0
257646,257646,257647,1,0
257646,257646,257648,2,0
257646,257646,257648,2,0
257646,257646,257648,2,0
257646,257646,257647,1,0
257646,257646,257648,2,0
257646,257646,257648,2,0
257646,257646,257648,2,0
257646,257646,257647,1,0
257646,257646,257647,1,0
257646,257646,257648,2,0
257646,257646,257648,2,0
257646,257646,257648,2,0
257646,257646,257647,1,0
257646,257646,257647,1,0
257646,257646,257648,2,0
257646,257646,257648,2,0
257646,257646,257648,2,0
257646,257646,257647,1,0
257646,257646,257648,2,0
257646,257646,257648,2,0
257646,257646,257648,2,0
257646,257646,257647,1,0
257646,257646,257648,2,0
257646,257646,257648,2,0
257646,257646,257648,2,0
257646,257646,257648,2,0
257646,257646,257648,2,0
257646,257646,257648,2,0
257646,257646,257648,2,0
257471,257471,257704,233,0
257705,257706,257707,1,1
257705,257706,257707,1,1
257705,257706,257707,1,1
257705,257706,257707,1,1
257705,257706,257707,1,1
257705,257706,257707,1,1
257705,257706,257707,1,1
257705,257706,257707,1,1
257705,257706,257707,1,1
257705,257706,257708,2,1
257705,257706,257707,1,1
257705,257706,257707,1,1
257705,257706,257707,1,1
257705,257706,257707,1,1
257705,257706,257707,1,1
257705,257706,257707,1,1
257705,257706,257707,1,1
257705,257706,257707,1,1
257705,257706,257707,1,1
257705,257706,257707,1,1
257705,257706,257707,1,1
257705,257706,257707,1,1
257705,257706,257707,1,1
257705,257706,257708,2,1
257705,257706,257707,1,1
257705,257706,257707,1,1
257705,257706,257707,1,1
257705,257706,257707,1,1
257705,257706,257707,1,1
257705,257706,257707,1,1
257705,257706,257707,1,1
257705,257706,257707,1,1
257705,257706,257707,1,1
257705,257706,257708,2,1
257705,257706,257708,2,1
257705,257706,257708,2,1
257705,257706,257708,2,1
257705,257706,257708,2,1
257705,257706,257708,2,1
257705,257706,257708,2,1
257492,257492,257724,232,0
257725,257725,257727,2,0
257725,257725,257726,1,0
257725,257725,257727,2,0
257725,257725,257727,2,0
257725,257725,257727,2,0
257725,257725,257726,1,0
257725,257725,257727,2,0
257725,257725,257726,1,0
257725,257725,257727,2,0
257725,257725,257727,2,0
257725,257725,257727,2,0
257725,257725,257726,1,0
257725,257725,257727,2,0
257725,257725,257726,1,0
257725,257725,257727,2,0
257725,257725,257727,2,0
257725,257725,257726,1,0
257725,257725,257726,1,0
257725,257725,257726,1,0
257725,257725,257726,1,0
257725,257725,257727,2,0
257725,257725,257726,1,0
257725,257725,257726,1,0
257725,257725,257727,2,0
257725,257725,257727,2,0
257725,257725,257726,1,0
257725,257725,257727,2,0
257725,257725,257728,3,0
257725,257725,257727,2,0
257725,257725,257727,2,0
257725,257725,257727,2,0
257725,257725,257727,2,0
257725,257725,257727,2,0
257725,257725,257727,2,0
257725,257725,257727,2,0
257725,257725,257727,2,0
257725,257725,257727,2,0
257725,257725,257727,2,0
257725,257725,257727,2,0
257725,257725,257727,2,0
257553,257553,257735,182,0
257736,257737,257738,1,1
257736,257737,257738,1,1
257736,257737,257738,1,1
257736,257737,257738,1,1
257736,257737,257738,1,1
257736,257737,257738,1,1
257736,257737,257738,1,1
257736,257737,257738,1,1
257736,257737,257738,1,1
257736,257737,257738,1,1
257736,257737,257738,1,1
257736,257737,257739,2,1
257736,257737,257739,2,1
257736,257737,257738,1,1
257736,257737,257739,2,1
257736,257737,257739,2,1
257736,257737,257738,1,1
257736,257737,257738,1,1
257736,257737,257739,2,1
257736,257737,257738,1,1
257736,257737,257738,1,1
257736,257737,257738,1,1
257736,257737,257739,2,1
257736,257737,257739,2,1
257736,257737,257738,1,1
257736,257737,257739,2,1
257736,257737,257738,1,1
257736,257737,257738,1,1
257736,257737,257738,1,1
257736,257737,257739,2,1
257736,257737,257739,2,1
257736,257737,257738,1,1
257736,257737,257738,1,1
257736,257737,257738,1,1
257736,257737,257738,1,1
257736,257737,257739,2,1
257736,257737,257739,2,1
257736,257737,257739,2,1
257736,257737,257739,2,1
257736,257737,257739,2,1
257509,257509,257740,231,0
257741,257741,257743,2,0
257741,257741,257743,2,0
257741,257741,257743,2,0
257741,257741,257743,2,0
257741,257741,257743,2,0
257741,257741,257743,2,0
257741,257741,257743,2,0
257741,257741,257743,2,0
257741,257741,257743,2,0
257741,257741,257743,2,0
257741,257741,257743,2,0
257741,257741,257743,2,0
257741,257741,257743,2,0
257741,257741,257743,2,0
257741,257741,257743,2,0
257741,257741,257743,2,0
257741,257741,257743,2,0
257741,257741,257743,2,0
257741,257741,257743,2,0
257741,257741,257743,2,0
257741,257741,257743,2,0
257741,257741,257743,2,0
257741,257741,257743,2,0
257741,257741,257743,2,0
257741,257741,257743,2,0
257741,257741,257743,2,0
257741,257741,257743,2,0
257741,257741,257743,2,0
257741,257741,257743,2,0
257741,257741,257743,2,0
257741,257741,257743,2,0
257741,257741,257743,2,0
257741,257741,257743,2,0
257741,257741,257743,2,0
257741,257741,257743,2,0
257741,257741,257743,2,0
257741,257741,257744,3,0
257741,257741,257743,2,0
257741,257741,257744,3,0
257741,257741,257744,3,0
257531,257531,257751,220,0
257570,257571,257752,181,1
257752,257752,257753,1,0
257752,257753,257754,1,1
257752,257752,257753,1,0
257752,257752,257753,1,0
257752,257752,257753,1,0
257752,257752,257753,1,0
257752,257752,257753,1,0
257752,257752,257754,2,0
257752,257752,257754,2,0
257752,257752,257753,1,0
257752,257753,257754,1,1
257752,257752,257753,1,0
257752,257752,257753,1,0
257752,257752,257753,1,0
257752,257752,257753,1,0
257752,257752,257753,1,0
257752,257752,257753,1,0
257752,257752,257754,2,0
257752,257752,257754,2,0
257752,257752,257753,1,0
257752,257752,257754,2,0
257752,257752,257754,2,0
257752,257752,257753,1,0
257752,257752,257754,2,0
257752,257752,257753,1,0
257752,257752,257754,2,0
257752,257752,257754,2,0
257752,257752,257754,2,0
257752,257753,257754,1,1
257752,257753,257754,1,1
257752,257753,257754,1,1
257752,257753,257754,1,1
257752,257753,257754,1,1
257752,257752,257754,2,0
257752,257752,257754,2,0
257752,257752,257754,2,0
257752,257753,257754,1,1
257752,257753,257754,1,1
257752,257753,257754,1,1
257752,257752,257754,2,0
257752,257752,257754,2,0
257752,257752,257754,2,0
257752,257753,257754,1,1
257752,257753,257754,1,1
257752,257753,257754,1,1
257752,257753,257754,1,1
257752,257753,257754,1,1
257752,257753,257754,1,1
257752,257752,257754,2,0
257752,257753,257754,1,1
257752,257753,257754,1,1
257752,257753,257754,1,1
257752,257753,257754,1,1
257752,257752,257754,2,0
257752,257752,257754,2,0
257752,257753,257754,1,1
257752,257753,257755,2,1
257752,257753,257754,1,1
257752,257753,257754,1,1
257752,257752,257754,2,0
257752,257753,257754,1,1
257752,257753,257754,1,1
257752,257753,257754,1,1
257752,257753,257754,1,1
257752,257752,257754,2,0
257752,257753,257754,1,1
257752,257753,257754,1,1
257752,257753,257755,2,1
257752,257753,257754,1,1
257752,257752,257754,2,0
257752,257753,257754,1,1
257752,257753,257755,2,1
257752,257753,257755,2,1
257752,257753,257754,1,1
257752,257752,257754,2,0
257752,257752,257754,2,0
257752,257753,257754,1,1
257752,257753,257754,1,1
257752,257753,257755,2,1
257752,257753,257754,1,1
261735,261735,265112,3377,0
261725,261725,265115,3390,0
261713,261713,265123,3410,0
261732,261732,265128,3396,0
261815,261815,265149,3334,0
261702,261702,265148,3446,0
261829,261829,265151,3322,0
261738,261738,265382,3644,0
261694,261694,265385,3691,0
261719,261719,265386,3667,0
261707,261707,265390,3683,0
261784,261784,265393,3609,0
261824,261824,265400,3576,0
261742,261742,265409,3667,0
261749,261749,265409,3660,0
261848,261848,265778,3930,0
261696,261697,265937,4240,1
261838,261838,266167,4329,0
261819,261820,266255,4435,1
261853,261853,266255,4402,0
261843,261843,266256,4413,0
261764,261764,266682,4918,0
261675,261675,266762,5087,0
261780,261780,266866,5086,0
261692,261692,266927,5235,0
261756,261756,266965,5209,0
261729,261729,267048,5319,0
261704,261704,267054,5350,0
261666,261666,267057,5391,0
261792,261792,267063,5271,0
261722,261722,267071,5349,0
261669,261670,267074,5404,1
261710,261710,267074,5364,0
261716,261716,267077,5361,0
261699,261699,267077,5378,0
261671,261671,267077,5406,0
261788,261788,267087,5299,0
261677,261677,267088,5411,0
261833,261833,267088,5255,0
261657,261657,267094,5437,0
261797,261800,267095,5295,3
261772,261772,267100,5328,0
261683,261683,267120,5437,0
261661,261661,267133,5472,0
261655,261655,267156,5501,0
261663,261663,267166,5503,0
261665,261665,267167,5502,0
261679,261679,267166,5487,0
261660,261660,267168,5508,0
261658,261659,267186,5527,1
261668,261668,267187,5519,0
261656,261657,267188,5531,1
261673,261673,267190,5517,0
261654,261654,267210,5556,0
261656,261656,267262,5606,0
261687,261687,267280,5593,0
261689,261689,267287,5598,0
261662,261662,267290,5628,0
261685,261685,267289,5604,0
261681,261681,267312,5631,0
261745,261745,267524,5779,0
261761,261761,267544,5783,0
261768,261768,267569,5801,0
261776,261776,267639,5863,0
261752,261752,267707,5955,0
261810,261810,267707,5897,0
261806,261807,267719,5912,1
261801,261801,267728,5927,0
294899,294899,295350,451,0
295592,295593,295800,207,1
296063,296063,296225,162,0
297078,297078,297274,196,0
297600,297600,298022,422,0
146207,146207,301995,155788,0
313449,313449,313450,1,0
313449,313449,313450,1,0
313450,313450,313451,1,0
313451,313451,313452,1,0
313452,313452,313453,1,0
313452,313452,313454,2,0
313453,313453,313454,1,0
313454,313454,313455,1,0
313455,313455,313456,1,0
313456,313456,313457,1,0
313456,313456,313457,1,0
313457,313457,313459,2,0
313458,313458,313459,1,0
313459,313459,313460,1,0
313460,313460,313461,1,0
313460,313460,313461,1,0
313461,313461,313462,1,0
313462,313462,313463,1,0
313463,313463,313464,1,0
313464,313464,313465,1,0
313464,313464,313466,2,0
313465,313465,313466,1,0
313466,313466,313467,1,0
313467,313467,313468,1,0
313468,313468,313469,1,0
313468,313468,313469,1,0
313470,313470,313471,1,0
313469,313469,313471,2,0
313471,313471,313472,1,0
313471,313471,313472,1,0
313473,313473,313474,1,0
313472,313472,313474,2,0
313474,313474,313475,1,0
313474,313474,313475,1,0
313476,313476,313477,1,0
313475,313475,313476,1,0
313477,313477,313478,1,0
313476,313477,313478,1,1
313479,313479,313480,1,0
313478,313478,313479,1,0
313479,313479,313480,1,0
146212,146212,313561,167349,0
146206,146206,315777,169571,0
146211,146211,316590,170379,0
146208,146208,364147,217939,0
146207,146207,444157,297950,0
467727,467728,468076,348,1
468079,468079,468080,1,0
468079,468079,468080,1,0
468079,468079,468080,1,0
468079,468079,468080,1,0
468079,468079,468080,1,0
468079,468079,468080,1,0
468079,468079,468080,1,0
468079,468079,468080,1,0
468079,468079,468081,2,0
468079,468079,468081,2,0
468079,468079,468081,2,0
468079,468079,468081,2,0
468079,468079,468081,2,0
468079,468079,468081,2,0
468079,468079,468081,2,0
468079,468079,468082,3,0
468079,468079,468082,3,0
468079,468081,468082,1,2
468079,468081,468083,2,2
468079,468081,468083,2,2
468079,468082,468084,2,3
468079,468081,468083,2,2
468079,468081,468083,2,2
468079,468081,468083,2,2
468079,468081,468084,3,2
468079,468081,468083,2,2
468079,468082,468085,3,3
468079,468082,468084,2,3
468079,468082,468084,2,3
468079,468082,468084,2,3
467757,467757,468092,335,0
468092,468092,468093,1,0
468092,468092,468094,2,0
467737,467737,468094,357,0
468092,468092,468094,2,0
468092,468092,468094,2,0
468092,468092,468093,1,0
468092,468092,468093,1,0
468092,468092,468093,1,0
468092,468092,468094,2,0
468092,468092,468094,2,0
468092,468092,468094,2,0
468092,468092,468094,2,0
468092,468092,468094,2,0
468092,468092,468094,2,0
468092,468092,468094,2,0
468092,468092,468095,3,0
468092,468092,468095,3,0
468092,468092,468095,3,0
468092,468094,468096,2,2
468092,468094,468096,2,2
468092,468094,468096,2,2
468092,468094,468097,3,2
468092,468094,468096,2,2
468092,468094,468096,2,2
468092,468094,468097,3,2
468092,468094,468097,3,2
468092,468094,468096,2,2
468092,468095,468098,3,3
468092,468094,468098,4,2
468092,468094,468097,3,2
468092,468095,468099,4,3
468100,468101,468102,1,1
468100,468101,468102,1,1
468100,468101,468102,1,1
468100,468101,468102,1,1
468100,468101,468102,1,1
468100,468101,468102,1,1
468100,468101,468102,1,1
468100,468101,468102,1,1
468100,468101,468103,2,1
468100,468101,468103,2,1
468100,468101,468103,2,1
468100,468101,468103,2,1
468100,468101,468103,2,1
468100,468101,468103,2,1
468100,468101,468103,2,1
468100,468101,468103,2,1
468100,468103,468104,1,3
468100,468103,468104,1,3
468100,468101,468104,3,1
468100,468103,468105,2,3
468100,468103,468105,2,3
468100,468103,468105,2,3
468100,468103,468105,2,3
468100,468103,468105,2,3
468100,468104,468107,3,4
468100,468103,468106,3,3
468100,468104,468106,2,4
468100,468104,468107,3,4
468100,468104,468107,3,4
468100,468104,468107,3,4
467750,467750,468108,358,0
468109,468109,468110,1,0
468109,468109,468111,2,0
468109,468109,468111,2,0
468109,468109,468110,1,0
468109,468109,468111,2,0
468109,468109,468110,1,0
468109,468109,468110,1,0
468109,468109,468111,2,0
468109,468109,468111,2,0
468109,468109,468111,2,0
468109,468109,468111,2,0
468109,468109,468111,2,0
468109,468109,468112,3,0
468109,468109,468112,3,0
468109,468109,468111,2,0
468109,468109,468112,3,0
468109,468111,468113,2,2
468109,468111,468113,2,2
468109,468111,468113,2,2
468109,468111,468113,2,2
468109,468109,468111,2,0
468109,468111,468113,2,2
468109,468111,468113,2,2
468109,468111,468114,3,2
468109,468111,468114,3,2
468109,468111,468114,3,2
468109,468111,468114,3,2
468109,468111,468114,3,2
468109,468112,468115,3,3
468109,468111,468114,3,2
467769,467769,468115,346,0
468117,468117,468118,1,0
468117,468117,468118,1,0
468117,468117,468118,1,0
468117,468117,468118,1,0
468117,468117,468118,1,0
468117,468117,468118,1,0
468117,468117,468118,1,0
468117,468117,468118,1,0
468117,468117,468119,2,0
468117,468117,468119,2,0
468117,468117,468119,2,0
468117,468117,468119,2,0
468117,468117,468119,2,0
468117,468117,468120,3,0
468117,468117,468120,3,0
468117,468117,468119,2,0
468117,468119,468121,2,2
468117,468119,468121,2,2
468117,468118,468120,2,1
468117,468118,468120,2,1
468117,468119,468121,2,2
468117,468117,468120,3,0
468117,468119,468120,1,2
468117,468119,468121,2,2
468117,468119,468121,2,2
468117,468120,468122,2,3
468117,468120,468122,2,3
468117,468120,468121,1,3
468117,468120,468123,3,3
468117,468120,468123,3,3
467785,467785,468127,342,0
468131,468131,468132,1,0
468131,468131,468132,1,0
468131,468131,468132,1,0
468131,468131,468132,1,0
468131,468131,468132,1,0
468131,468131,468132,1,0
468131,468131,468132,1,0
468131,468131,468132,1,0
468131,468131,468132,1,0
468131,468131,468133,2,0
468131,468131,468133,2,0
468131,468131,468133,2,0
468131,468131,468133,2,0
468131,468131,468133,2,0
468131,468131,468133,2,0
468131,468131,468133,2,0
468131,468132,468134,2,1
468131,468133,468134,1,2
468131,468133,468135,2,2
468131,468133,468134,1,2
468131,468133,468135,2,2
468131,468133,468135,2,2
468131,468133,468135,2,2
468131,468134,468135,1,3
468131,468133,468135,2,2
468131,468133,468135,2,2
468131,468134,468137,3,3
468131,468133,468136,3,2
468131,468134,468137,3,3
467723,467723,468248,525,0
468250,468250,468251,1,0
468250,468250,468251,1,0
468250,468250,468251,1,0
468250,468250,468251,1,0
468250,468250,468252,2,0
468250,468250,468252,2,0
468250,468250,468251,1,0
468250,468250,468251,1,0
468250,468250,468252,2,0
468250,468250,468252,2,0
468250,468250,468252,2,0
468250,468250,468252,2,0
468250,468250,468252,2,0
468250,468250,468253,3,0
468250,468250,468252,2,0
468250,468250,468253,3,0
468250,468252,468254,2,2
468250,468252,468254,2,2
468250,468252,468254,2,2
468250,468252,468254,2,2
468250,468252,468254,2,2
468250,468252,468254,2,2
468250,468252,468254,2,2
468250,468252,468254,2,2
468250,468252,468254,2,2
468250,468252,468254,2,2
468250,468250,468255,5,0
468250,468253,468255,2,3
468250,468253,468255,2,3
468250,468253,468256,3,3
467732,467732,468295,563,0
468297,468297,468298,1,0
468297,468297,468298,1,0
468297,468297,468298,1,0
468297,468297,468298,1,0
468297,468297,468298,1,0
468297,468297,468298,1,0
468297,468297,468298,1,0
468297,468297,468299,2,0
468297,468297,468299,2,0
468297,468297,468298,1,0
468297,468297,468298,1,0
468297,468297,468299,2,0
468297,468297,468299,2,0
468297,468297,468299,2,0
468297,468297,468299,2,0
468297,468297,468299,2,0
468297,468297,468300,3,0
468297,468299,468300,1,2
468297,468299,468300,1,2
468297,468299,468301,2,2
468297,468299,468301,2,2
468297,468299,468300,1,2
468297,468299,468301,2,2
468297,468299,468301,2,2
468297,468299,468301,2,2
468297,468299,468301,2,2
468297,468300,468302,2,3
468297,468300,468302,2,3
468297,468299,468303,4,2
468297,468299,468302,3,2
467744,467744,468317,573,0
468320,468320,468321,1,0
468320,468320,468322,2,0
468320,468320,468321,1,0
468320,468320,468321,1,0
468320,468320,468321,1,0
468320,468320,468321,1,0
468320,468320,468321,1,0
468320,468320,468321,1,0
468320,468320,468321,1,0
468320,468320,468321,1,0
467798,467798,468322,524,0
468320,468320,468322,2,0
468320,468320,468322,2,0
468320,468320,468322,2,0
468320,468320,468322,2,0
468320,468320,468322,2,0
468320,468320,468322,2,0
468320,468320,468323,3,0
468320,468322,468323,1,2
468320,468322,468324,2,2
468320,468322,468324,2,2
468320,468322,468324,2,2
468320,468322,468324,2,2
468320,468322,468324,2,2
468320,468322,468324,2,2
468320,468322,468324,2,2
468320,468322,468324,2,2
468320,468323,468324,1,3
468320,468322,468325,3,2
468320,468323,468326,3,3
468320,468323,468326,3,3
468328,468328,468329,1,0
468328,468328,468329,1,0
468328,468328,468329,1,0
468328,468328,468329,1,0
468328,468328,468329,1,0
468328,468328,468329,1,0
468328,468328,468329,1,0
468328,468328,468329,1,0
468328,468328,468329,1,0
468328,468328,468329,1,0
468328,468328,468329,1,0
468328,468328,468330,2,0
468328,468328,468330,2,0
468328,468328,468330,2,0
468328,468328,468331,3,0
468328,468330,468332,2,2
468328,468330,468331,1,2
468328,468330,468331,1,2
468328,468328,468332,4,0
468328,468328,468331,3,0
468328,468330,468332,2,2
468328,468330,468332,2,2
468328,468330,468332,2,2
468328,468330,468332,2,2
468328,468330,468332,2,2
468328,468331,468332,1,3
468328,468330,468332,2,2
468328,468331,468333,2,3
468328,468330,468332,2,2
468328,468330,468332,2,2
467813,467813,468356,543,0
467885,467886,468358,472,1
468358,468358,468359,1,0
468358,468358,468359,1,0
468358,468358,468359,1,0
468358,468358,468359,1,0
468358,468358,468359,1,0
468358,468358,468359,1,0
468358,468358,468359,1,0
468358,468358,468359,1,0
467828,467828,468360,532,0
468358,468358,468360,2,0
468358,468358,468360,2,0
468358,468358,468360,2,0
468358,468359,468362,3,1
468358,468358,468361,3,0
468358,468358,468361,3,0
468358,468360,468362,2,2
468358,468360,468361,1,2
468358,468360,468362,2,2
468358,468360,468362,2,2
468358,468358,468361,3,0
468358,468358,468362,4,0
468358,468358,468361,3,0
468358,468360,468362,2,2
468358,468360,468363,3,2
468358,468360,468362,2,2
468358,468360,468362,2,2
468358,468361,468363,2,3
468358,468361,468363,2,3
468358,468361,468363,2,3
468358,468358,468364,6,0
468358,468361,468364,3,3
468370,468370,468371,1,0
468370,468370,468371,1,0
468370,468370,468371,1,0
468370,468370,468371,1,0
468370,468370,468371,1,0
468370,468370,468371,1,0
468370,468370,468371,1,0
468370,468370,468371,1,0
468370,468370,468371,1,0
468370,468370,468371,1,0
468370,468370,468371,1,0
468370,468370,468372,2,0
468370,468370,468371,1,0
468370,468370,468373,3,0
468370,468371,468373,2,1
468370,468370,468373,3,0
468370,468370,468373,3,0
468370,468372,468374,2,2
468370,468372,468374,2,2
468370,468372,468374,2,2
468370,468372,468374,2,2
467868,467868,468373,505,0
468370,468370,468373,3,0
468370,468372,468374,2,2
468370,468372,468374,2,2
468370,468372,468375,3,2
468370,468373,468374,1,3
468370,468370,468374,4,0
468370,468372,468374,2,2
468370,468372,468374,2,2
468370,468372,468374,2,2
468370,468374,468375,1,4
468370,468372,468374,2,2
468370,468373,468375,2,3
468370,468373,468375,2,3
468370,468372,468376,4,2
468370,468374,468375,1,4
468370,468374,468375,1,4
468370,468374,468375,1,4
468370,468373,468375,2,3
468370,468374,468376,2,4
468370,468374,468376,2,4
468370,468374,468376,2,4
468370,468375,468377,2,5
468370,468375,468377,2,5
468370,468374,468377,3,4
468370,468375,468378,3,5
468370,468375,468377,2,5
468370,468375,468377,2,5
468370,468375,468378,3,5
468370,468376,468378,2,6
468370,468375,468378,3,5
468370,468375,468378,3,5
468370,468376,468378,2,6
468370,468376,468378,2,6
468370,468376,468378,2,6
468370,468375,468378,3,5
468370,468376,468379,3,6
468370,468376,468378,2,6
468370,468376,468379,3,6
468370,468376,468379,3,6
467875,467875,468379,504,0
468379,468379,468380,1,0
468379,468379,468381,2,0
468379,468379,468380,1,0
468379,468379,468380,1,0
468379,468379,468380,1,0
468379,468379,468381,2,0
468379,468379,468380,1,0
468379,468379,468381,2,0
468379,468379,468381,2,0
468379,468379,468381,2,0
468379,468379,468380,1,0
468379,468379,468381,2,0
468379,468379,468382,3,0
468379,468379,468382,3,0
468379,468379,468381,2,0
468379,468379,468381,2,0
468379,468379,468382,3,0
468379,468381,468383,2,2
468379,468381,468383,2,2
468379,468381,468383,2,2
468379,468380,468383,3,1
468379,468381,468383,2,2
468379,468381,468383,2,2
468379,468381,468384,3,2
468379,468381,468383,2,2
468379,468381,468383,2,2
468379,468381,468384,3,2
468379,468381,468383,2,2
468379,468381,468383,2,2
467840,467840,468388,548,0
467893,467893,468388,495,0
468379,468379,468388,9,0
468389,468389,468390,1,0
468389,468389,468391,2,0
468389,468389,468391,2,0
468389,468389,468391,2,0
468389,468389,468391,2,0
468389,468389,468391,2,0
468389,468389,468391,2,0
468389,468389,468391,2,0
468389,468389,468392,3,0
468389,468389,468392,3,0
468389,468389,468392,3,0
468389,468389,468392,3,0
468389,468389,468392,3,0
468389,468389,468391,2,0
468389,468389,468392,3,0
468389,468389,468392,3,0
468389,468391,468393,2,2
468389,468389,468393,4,0
468389,468389,468393,4,0
468389,468389,468392,3,0
468389,468392,468393,1,3
468389,468392,468393,1,3
468389,468390,468393,3,1
468389,468391,468393,2,2
468389,468391,468394,3,2
468389,468392,468394,2,3
468389,468392,468394,2,3
468389,468391,468393,2,2
468389,468391,468393,2,2
468389,468392,468394,2,3
468389,468392,468395,3,3
468389,468392,468394,2,3
468389,468392,468394,2,3
468389,468392,468394,2,3
468389,468392,468394,2,3
468389,468393,468394,1,4
468389,468392,468395,3,3
468389,468394,468395,1,5
468389,468394,468395,1,5
468389,468394,468395,1,5
468389,468394,468396,2,5
468389,468394,468396,2,5
468389,468395,468396,1,6
468389,468394,468396,2,5
468389,468395,468397,2,6
468389,468394,468397,3,5
468389,468395,468397,2,6
468389,468395,468397,2,6
468389,468395,468397,2,6
468389,468395,468397,2,6
468389,468395,468397,2,6
468389,468395,468397,2,6
468389,468395,468397,2,6
468389,468395,468397,2,6
468389,468395,468397,2,6
468389,468396,468398,2,7
468389,468396,468397,1,7
468389,468396,468398,2,7
468389,468396,468398,2,7
468389,468394,468399,5,5
468398,468398,468399,1,0
468398,468398,468399,1,0
468398,468398,468399,1,0
468398,468398,468400,2,0
468398,468398,468399,1,0
468398,468398,468400,2,0
468398,468398,468399,1,0
468398,468398,468399,1,0
468398,468398,468399,1,0
468398,468398,468400,2,0
468398,468398,468401,3,0
468398,468398,468400,2,0
468398,468399,468401,2,1
468398,468398,468400,2,0
468398,468398,468400,2,0
468398,468398,468401,3,0
468398,468398,468401,3,0
468398,468400,468402,2,2
468398,468400,468402,2,2
468398,468400,468402,2,2
468398,468400,468402,2,2
468398,468400,468402,2,2
468398,468399,468402,3,1
468398,468400,468402,2,2
468398,468400,468403,3,2
468398,468400,468403,3,2
468398,468400,468403,3,2
468398,468401,468403,2,3
468398,468400,468402,2,2
468398,468400,468404,4,2
467901,467901,468425,524,0
467916,467916,468425,509,0
468438,468438,468439,1,0
468438,468438,468439,1,0
468438,468438,468440,2,0
468438,468438,468440,2,0
468438,468438,468440,2,0
468438,468438,468445,7,0
468438,468440,468445,5,2
468438,468440,468445,5,2
468438,468438,468445,7,0
468438,468438,468445,7,0
468438,468438,468445,7,0
468438,468438,468445,7,0
468438,468438,468445,7,0
468438,468438,468445,7,0
468438,468438,468445,7,0
468438,468438,468445,7,0
468438,468438,468445,7,0
468438,468438,468445,7,0
468438,468438,468445,7,0
468438,468438,468445,7,0
468438,468440,468445,5,2
468438,468445,468447,2,7
468438,468445,468447,2,7
468438,468440,468447,7,2
468438,468440,468448,8,2
468438,468445,468447,2,7
468438,468446,468448,2,8
468438,468446,468449,3,8
468099,468099,468450,351,0
468438,468445,468450,5,7
467856,467856,468450,594,0
468438,468446,468450,4,8
468454,468454,468455,1,0
468454,468454,468455,1,0
468454,468454,468456,2,0
468454,468454,468455,1,0
468454,468454,468455,1,0
468454,468454,468455,1,0
468454,468454,468455,1,0
468454,468454,468456,2,0
468454,468454,468456,2,0
468454,468454,468456,2,0
468454,468454,468456,2,0
468454,468454,468456,2,0
468454,468454,468456,2,0
468454,468456,468458,2,2
468454,468454,468457,3,0
468454,468454,468457,3,0
468454,468454,468457,3,0
468454,468454,468457,3,0
468454,468454,468457,3,0
468454,468456,468458,2,2
468454,468456,468458,2,2
468454,468456,468459,3,2
468454,468457,468459,2,3
468454,468457,468459,2,3
468454,468457,468459,2,3
468454,468457,468459,2,3
468454,468458,468459,1,4
468454,468454,468459,5,0
468454,468456,468459,3,2
468454,468456,468460,4,2
468454,468456,468459,3,2
468454,468458,468460,2,4
468454,468458,468460,2,4
468454,468457,468459,2,3
468454,468457,468459,2,3
468454,468459,468460,1,5
468454,468459,468461,2,5
468454,468459,468461,2,5
468454,468460,468462,2,6
468454,468458,468461,3,4
468454,468458,468461,3,4
468454,468458,468461,3,4
468454,468459,468462,3,5
468454,468459,468462,3,5
468454,468459,468462,3,5
468454,468459,468461,2,5
468454,468461,468462,1,7
468454,468460,468463,3,6
468454,468460,468463,3,6
468454,468460,468463,3,6
468454,468460,468463,3,6
468454,468460,468462,2,6
468454,468462,468463,1,8
468454,468460,468464,4,6
468454,468460,468464,4,6
468454,468460,468464,4,6
468454,468461,468463,2,7
468454,468461,468463,2,7
468454,468462,468466,4,8
468454,468462,468466,4,8
468471,468471,468472,1,0
468471,468471,468473,2,0
468471,468471,468473,2,0
468471,468471,468473,2,0
468471,468472,468473,1,1
468471,468471,468473,2,0
468471,468471,468473,2,0
468471,468471,468474,3,0
468471,468471,468474,3,0
468471,468471,468474,3,0
468471,468471,468474,3,0
468471,468471,468474,3,0
468471,468471,468474,3,0
468471,468472,468474,2,1
468471,468472,468474,2,1
468471,468472,468474,2,1
468471,468473,468475,2,2
468471,468471,468475,4,0
468471,468471,468475,4,0
468471,468473,468476,3,2
468471,468475,468477,2,4
468471,468474,468476,2,3
468471,468475,468477,2,4
468471,468475,468478,3,4
468471,468474,468477,3,3
468471,468474,468477,3,3
468471,468475,468477,2,4
468471,468475,468477,2,4
468471,468475,468478,3,4
468471,468475,468478,3,4
468129,468129,468485,356,0
468487,468487,468488,1,0
468487,468487,468488,1,0
468487,468487,468489,2,0
468487,468487,468489,2,0
468487,468487,468488,1,0
468487,468487,468489,2,0
468487,468487,468489,2,0
468487,468487,468489,2,0
468487,468487,468489,2,0
468487,468487,468490,3,0
468487,468488,468490,2,1
468487,468488,468490,2,1
468487,468487,468489,2,0
468487,468487,468489,2,0
468487,468487,468490,3,0
468487,468487,468491,4,0
468487,468487,468490,3,0
468487,468487,468491,4,0
468487,468487,468490,3,0
468487,468489,468491,2,2
468487,468489,468492,3,2
468487,468487,468492,5,0
468487,468489,468492,3,2
468487,468489,468492,3,2
468487,468490,468492,2,3
468487,468490,468491,1,3
468487,468490,468492,2,3
468487,468489,468492,3,2
468487,468489,468492,3,2
468487,468490,468493,3,3
468140,468140,468493,353,0
468503,468503,468504,1,0
468503,468503,468504,1,0
468503,468503,468505,2,0
468503,468503,468505,2,0
468503,468503,468505,2,0
468503,468503,468504,1,0
468503,468503,468505,2,0
468503,468503,468505,2,0
468503,468503,468505,2,0
468503,468503,468505,2,0
468503,468503,468505,2,0
468503,468504,468506,2,1
468503,468504,468506,2,1
468503,468503,468506,3,0
468503,468503,468506,3,0
468503,468503,468507,4,0
468503,468503,468506,3,0
468503,468505,468507,2,2
468503,468505,468507,2,2
468503,468503,468507,4,0
468503,468503,468507,4,0
468503,468505,468508,3,2
468503,468505,468508,3,2
468503,468506,468508,2,3
468503,468503,468507,4,0
468503,468506,468508,2,3
468503,468505,468508,3,2
468503,468505,468508,3,2
468503,468506,468510,4,3
468503,468506,468514,8,3
468256,468256,468585,329,0
468586,468586,468587,1,0
468586,468586,468588,2,0
468586,468586,468588,2,0
468586,468586,468588,2,0
468586,468586,468587,1,0
468586,468586,468588,2,0
468586,468586,468588,2,0
468586,468586,468588,2,0
468586,468586,468588,2,0
468586,468586,468589,3,0
468586,468586,468589,3,0
468586,468586,468589,3,0
468586,468586,468589,3,0
468586,468586,468589,3,0
468586,468586,468588,2,0
468586,468586,468589,3,0
468586,468586,468589,3,0
468586,468588,468590,2,2
468586,468588,468590,2,2
468586,468588,468590,2,2
468586,468588,468590,2,2
468586,468588,468591,3,2
468586,468588,468590,2,2
468586,468588,468591,3,2
468586,468588,468591,3,2
468586,468588,468591,3,2
468586,468589,468591,2,3
468586,468589,468592,3,3
468586,468589,468592,3,3
468586,468589,468592,3,3
468302,468302,468646,344,0
468648,468648,468649,1,0
468648,468648,468650,2,0
468648,468648,468649,1,0
468648,468648,468649,1,0
468648,468648,468649,1,0
468648,468648,468650,2,0
468648,468648,468650,2,0
468648,468648,468650,2,0
468648,468648,468650,2,0
468648,468648,468650,2,0
468648,468648,468650,2,0
468648,468648,468650,2,0
468648,468648,468651,3,0
468648,468648,468651,3,0
468648,468648,468651,3,0
468648,468648,468651,3,0
468648,468648,468651,3,0
468648,468650,468652,2,2
468648,468650,468652,2,2
468648,468650,468652,2,2
468648,468650,468652,2,2
468648,468650,468652,2,2
468648,468650,468653,3,2
468648,468650,468653,3,2
468648,468651,468654,3,3
468648,468650,468653,3,2
468648,468651,468654,3,3
468648,468651,468653,2,3
468648,468650,468653,3,2
468648,468651,468653,2,3
468085,468085,468734,649,0
468377,468377,468734,357,0
468736,468736,468737,1,0
468736,468736,468737,1,0
468736,468736,468737,1,0
468736,468736,468737,1,0
468736,468736,468737,1,0
468736,468736,468738,2,0
468736,468736,468737,1,0
468736,468736,468738,2,0
468736,468736,468738,2,0
468736,468736,468738,2,0
468736,468736,468738,2,0
468736,468736,468739,3,0
468736,468736,468738,2,0
468736,468736,468738,2,0
468736,468736,468739,3,0
468736,468736,468739,3,0
468115,468115,468739,624,0
468736,468738,468740,2,2
468736,468739,468740,1,3
468736,468736,468739,3,0
468736,468738,468741,3,2
468736,468738,468740,2,2
468736,468738,468740,2,2
468736,468739,468741,2,3
468736,468739,468740,1,3
468736,468740,468741,1,4
468736,468740,468741,1,4
468736,468738,468740,2,2
468736,468738,468740,2,2
468736,468738,468741,3,2
468736,468739,468741,2,3
468736,468738,468740,2,2
468736,468736,468740,4,0
468736,468738,468740,2,2
468736,468739,468741,2,3
468736,468740,468742,2,4
468388,468388,468742,354,0
468736,468738,468741,3,2
468736,468740,468742,2,4
468736,468739,468741,2,3
468736,468741,468742,1,5
468736,468741,468742,1,5
468736,468741,468743,2,5
468736,468741,468742,1,5
468736,468741,468742,1,5
468736,468741,468743,2,5
468736,468741,468743,2,5
468736,468742,468744,2,6
468736,468741,468744,3,5
468736,468741,468744,3,5
468736,468741,468744,3,5
468736,468742,468744,2,6
468736,468742,468744,2,6
468736,468743,468745,2,7
468736,468743,468745,2,7
468736,468742,468745,3,6
468736,468742,468745,3,6
468736,468741,468745,4,5
468736,468742,468745,3,6
468736,468741,468744,3,5
468744,468744,468745,1,0
468744,468744,468745,1,0
468744,468744,468745,1,0
468744,468744,468745,1,0
468744,468744,468745,1,0
468736,468741,468745,4,5
468744,468744,468746,2,0
468744,468744,468746,2,0
468744,468744,468746,2,0
468108,468108,468747,639,0
468744,468745,468747,2,1
468744,468745,468746,1,1
468744,468745,468747,2,1
468744,468745,468747,2,1
468744,468746,468748,2,2
468744,468746,468748,2,2
468744,468745,468748,3,1
468744,468745,468748,3,1
468736,468741,468748,7,5
468744,468746,468748,2,2
468744,468746,468748,2,2
468744,468746,468748,2,2
468744,468748,468749,1,4
468744,468747,468749,2,3
468744,468747,468749,2,3
468744,468746,468749,3,2
468744,468745,468748,3,1
468744,468745,468749,4,1
468744,468746,468749,3,2
468744,468746,468749,3,2
468744,468748,468749,1,4
468744,468747,468749,2,3
468744,468747,468749,2,3
468744,468747,468750,3,3
468744,468748,468750,2,4
468744,468748,468750,2,4
468744,468745,468750,5,1
468744,468746,468750,4,2
468744,468749,468750,1,5
468744,468749,468751,2,5
468744,468749,468751,2,5
468744,468749,468750,1,5
468744,468749,468751,2,5
468744,468749,468751,2,5
468744,468748,468751,3,4
468744,468749,468751,2,5
468744,468749,468752,3,5
468744,468750,468752,2,6
468744,468750,468753,3,6
468744,468750,468752,2,6
468744,468750,468752,2,6
468744,468751,468753,2,7
468744,468751,468753,2,7
468744,468751,468753,2,7
468744,468751,468753,2,7
468751,468752,468753,1,1
468744,468751,468753,2,7
468751,468752,468753,1,1
468744,468751,468753,2,7
468744,468750,468753,3,6
468744,468750,468754,4,6
468744,468750,468753,3,6
468744,468751,468753,2,7
468744,468750,468754,4,6
468744,468750,468754,4,6
468751,468753,468754,1,2
468751,468753,468754,1,2
468751,468753,468754,1,2
468751,468753,468755,2,2
468751,468753,468754,1,2
468751,468753,468754,1,2
468751,468753,468754,1,2
468751,468754,468755,1,3
468751,468754,468755,1,3
468751,468753,468755,2,2
468751,468754,468757,3,3
468751,468754,468756,2,3
468751,468755,468757,2,4
468751,468755,468757,2,4
468751,468755,468757,2,4
468751,468754,468757,3,3
468751,468755,468757,2,4
468751,468755,468758,3,4
468751,468756,468758,2,5
468751,468755,468758,3,4
468751,468755,468757,2,4
468751,468755,468757,2,4
468751,468755,468757,2,4
468751,468756,468758,2,5
468751,468754,468758,4,3
468751,468754,468759,5,3
468751,468754,468759,5,3
468751,468754,468759,5,3
468405,468405,468776,371,0
468780,468780,468782,2,0
468780,468780,468781,1,0
468780,468780,468782,2,0
468780,468780,468782,2,0
468780,468780,468782,2,0
468780,468780,468783,3,0
468780,468780,468783,3,0
468780,468780,468782,2,0
468780,468780,468783,3,0
468780,468780,468782,2,0
468780,468780,468782,2,0
468780,468780,468783,3,0
468780,468780,468784,4,0
468780,468780,468784,4,0
468780,468782,468784,2,2
468780,468782,468784,2,2
468780,468782,468785,3,2
468780,468782,468785,3,2
468780,468783,468785,2,3
468780,468780,468784,4,0
468780,468780,468785,5,0
468780,468780,468785,5,0
468780,468782,468786,4,2
468780,468783,468786,3,3
468780,468783,468786,3,3
468780,468783,468786,3,3
468780,468783,468786,3,3
468780,468783,468786,3,3
468780,468784,468787,3,4
468780,468784,468787,3,4
468421,468421,468794,373,0
468796,468796,468797,1,0
468796,468796,468797,1,0
468796,468796,468797,1,0
468796,468796,468797,1,0
468796,468796,468797,1,0
468796,468796,468797,1,0
468796,468796,468798,2,0
468796,468796,468798,2,0
468796,468796,468798,2,0
468796,468796,468798,2,0
468796,468796,468798,2,0
468796,468796,468798,2,0
468796,468796,468798,2,0
468796,468796,468799,3,0
468796,468798,468799,1,2
468796,468798,468799,1,2
468796,468796,468799,3,0
468796,468796,468799,3,0
468796,468798,468800,2,2
468796,468798,468801,3,2
468796,468798,468800,2,2
468796,468798,468801,3,2
468796,468796,468801,5,0
468796,468798,468801,3,2
468796,468799,468802,3,3
468796,468799,468802,3,3
468796,468799,468801,2,3
468796,468799,468801,2,3
468796,468799,468801,2,3
468796,468799,468801,2,3
468437,468437,468818,381,0
468820,468820,468821,1,0
468820,468820,468822,2,0
468820,468820,468822,2,0
468820,468820,468822,2,0
468820,468820,468822,2,0
468820,468820,468822,2,0
468820,468820,468822,2,0
468820,468820,468822,2,0
468820,468820,468822,2,0
468820,468820,468822,2,0
468820,468820,468822,2,0
468820,468820,468823,3,0
468820,468820,468823,3,0
468820,468820,468823,3,0
468820,468821,468823,2,1
468820,468820,468823,3,0
468820,468820,468822,2,0
468820,468822,468824,2,2
468820,468822,468824,2,2
468820,468820,468824,4,0
468820,468820,468824,4,0
468820,468822,468824,2,2
468820,468822,468825,3,2
468820,468822,468825,3,2
468452,468452,468825,373,0
468820,468822,468825,3,2
468820,468822,468825,3,2
468820,468822,468825,3,2
468820,468822,468825,3,2
468820,468822,468825,3,2
468820,468823,468826,3,3
468828,468828,468829,1,0
468828,468828,468829,1,0
468828,468828,468829,1,0
468828,468828,468829,1,0
468828,468828,468829,1,0
468828,468828,468830,2,0
468828,468828,468830,2,0
468828,468828,468831,3,0
468828,468828,468831,3,0
468828,468828,468831,3,0
468828,468828,468831,3,0
468828,468828,468831,3,0
468828,468828,468831,3,0
468828,468828,468830,2,0
468828,468828,468830,2,0
468828,468828,468831,3,0
468828,468828,468831,3,0
468828,468828,468831,3,0
468828,468830,468832,2,2
468828,468830,468832,2,2
468828,468830,468832,2,2
468828,468830,468832,2,2
468828,468830,468832,2,2
468828,468830,468833,3,2
468828,468828,468833,5,0
468828,468830,468832,2,2
468828,468831,468832,1,3
468828,468831,468834,3,3
468828,468831,468833,2,3
468828,468831,468834,3,3
468326,468326,468896,570,0
468898,468898,468899,1,0
468898,468898,468899,1,0
468898,468898,468899,1,0
468898,468898,468899,1,0
468898,468898,468899,1,0
468898,468898,468899,1,0
468898,468898,468900,2,0
468898,468898,468900,2,0
468898,468898,468900,2,0
468898,468898,468900,2,0
468898,468898,468900,2,0
468898,468898,468899,1,0
468898,468898,468900,2,0
468898,468898,468900,2,0
468898,468898,468900,2,0
468898,468898,468900,2,0
468898,468898,468900,2,0
468898,468898,468900,2,0
468898,468898,468901,3,0
468898,468900,468902,2,2
468898,468900,468902,2,2
468898,468900,468902,2,2
468898,468898,468901,3,0
468898,468900,468902,2,2
468898,468900,468902,2,2
468898,468900,468903,3,2
468898,468900,468903,3,2
468898,468900,468903,3,2
468898,468900,468902,2,2
468898,468900,468903,3,2
468396,468397,468920,523,1
468920,468920,468922,2,0
468920,468920,468921,1,0
468920,468920,468922,2,0
468920,468920,468922,2,0
468920,468920,468922,2,0
468920,468920,468922,2,0
468920,468920,468922,2,0
468920,468920,468922,2,0
468920,468920,468922,2,0
468920,468920,468922,2,0
468920,468920,468922,2,0
468920,468920,468923,3,0
468920,468920,468923,3,0
468920,468920,468923,3,0
468920,468920,468923,3,0
468920,468920,468923,3,0
468920,468920,468923,3,0
468920,468920,468923,3,0
468920,468920,468923,3,0
468920,468922,468924,2,2
468920,468923,468924,1,3
468920,468923,468924,1,3
468920,468923,468924,1,3
468920,468923,468924,1,3
468920,468920,468924,4,0
468920,468923,468925,2,3
468920,468923,468924,1,3
468333,468333,468925,592,0
468920,468920,468925,5,0
468920,468923,468925,2,3
468920,468923,468925,2,3
468927,468927,468929,2,0
468927,468927,468928,1,0
468927,468927,468929,2,0
468927,468927,468929,2,0
468927,468927,468928,1,0
468927,468927,468929,2,0
468927,468927,468929,2,0
468927,468927,468929,2,0
468927,468927,468929,2,0
468927,468927,468930,3,0
468927,468927,468930,3,0
468927,468927,468929,2,0
468927,468927,468930,3,0
468927,468927,468930,3,0
468927,468927,468929,2,0
468927,468927,468930,3,0
468927,468927,468930,3,0
468927,468927,468930,3,0
468927,468929,468931,2,2
468927,468929,468931,2,2
468927,468929,468931,2,2
468927,468929,468931,2,2
468927,468929,468931,2,2
468927,468927,468931,4,0
468927,468927,468931,4,0
468927,468927,468931,4,0
468927,468929,468932,3,2
468927,468929,468932,3,2
468927,468929,468932,3,2
468927,468927,468932,5,0
468592,468592,468938,346,0
468940,468940,468941,1,0
468940,468940,468941,1,0
468940,468940,468941,1,0
468940,468940,468941,1,0
468940,468940,468941,1,0
468940,468940,468942,2,0
468940,468940,468941,1,0
468940,468940,468941,1,0
468940,468940,468941,1,0
468940,468940,468942,2,0
468940,468940,468941,1,0
468940,468940,468942,2,0
468940,468940,468941,1,0
468940,468940,468941,1,0
468940,468940,468941,1,0
468940,468940,468942,2,0
468940,468940,468942,2,0
468940,468940,468942,2,0
468940,468940,468942,2,0
468940,468942,468943,1,2
468940,468940,468943,3,0
468940,468940,468943,3,0
468940,468940,468943,3,0
468940,468940,468943,3,0
468940,468942,468943,1,2
468940,468942,468943,1,2
468940,468942,468944,2,2
468940,468942,468945,3,2
468940,468942,468945,3,2
468940,468942,468944,2,2
468369,468369,468977,608,0
468978,468978,468980,2,0
468978,468978,468980,2,0
468978,468978,468979,1,0
468978,468978,468980,2,0
468978,468978,468979,1,0
468978,468978,468979,1,0
468978,468978,468980,2,0
468978,468978,468979,1,0
468978,468978,468980,2,0
468978,468978,468980,2,0
468978,468978,468980,2,0
468978,468978,468980,2,0
468978,468978,468981,3,0
468978,468978,468981,3,0
468978,468978,468980,2,0
468978,468978,468981,3,0
468978,468978,468980,2,0
468978,468978,468981,3,0
468978,468978,468981,3,0
468978,468978,468981,3,0
468978,468978,468980,2,0
468978,468978,468980,2,0
468978,468978,468981,3,0
468978,468978,468981,3,0
468978,468980,468982,2,2
468978,468980,468982,2,2
468978,468980,468982,2,2
468978,468980,468982,2,2
468978,468980,468982,2,2
468978,468980,468982,2,2
468468,468468,469043,575,0
469044,469044,469045,1,0
469044,469044,469046,2,0
469044,469044,469046,2,0
469044,469044,469046,2,0
469044,469044,469046,2,0
469044,469044,469046,2,0
469044,469044,469046,2,0
469044,469044,469046,2,0
469044,469044,469046,2,0
469044,469044,469046,2,0
469044,469044,469046,2,0
469044,469044,469047,3,0
469044,469044,469047,3,0
469044,469044,469047,3,0
469044,469044,469047,3,0
469044,469045,469047,2,1
469044,469044,469047,3,0
469044,469044,469047,3,0
469044,469044,469047,3,0
469044,469044,469047,3,0
469044,469044,469047,3,0
469044,469046,469047,1,2
469044,469046,469048,2,2
469044,469044,469048,4,0
469044,469047,469048,1,3
469044,469047,469048,1,3
469044,469047,469048,1,3
469044,469044,469048,4,0
469044,469044,469048,4,0
469044,469044,469048,4,0
468485,468485,469086,601,0
469087,469087,469089,2,0
469087,469087,469089,2,0
469087,469087,469089,2,0
469087,469087,469089,2,0
469087,469087,469089,2,0
469087,469087,469089,2,0
469087,469087,469089,2,0
469087,469087,469089,2,0
469087,469087,469089,2,0
469087,469087,469089,2,0
469087,469087,469089,2,0
469087,469087,469089,2,0
469087,469087,469089,2,0
469087,469087,469090,3,0
469087,469087,469090,3,0
469087,469087,469090,3,0
469087,469087,469090,3,0
469087,469087,469090,3,0
469087,469087,469090,3,0
469087,469087,469090,3,0
469087,469087,469090,3,0
469087,469087,469090,3,0
469087,469087,469091,4,0
469087,469087,469091,4,0
469087,469087,469090,3,0
469087,469089,469091,2,2
469087,469089,469091,2,2
469087,469090,469091,1,3
469087,469087,469091,4,0
469087,469090,469092,2,3
468750,468751,469101,350,1
469103,469103,469104,1,0
468742,468743,469103,360,1
468501,468501,469104,603,0
469103,469103,469104,1,0
469103,469103,469104,1,0
469103,469103,469104,1,0
469103,469103,469104,1,0
469103,469103,469104,1,0
469103,469103,469104,1,0
469103,469103,469104,1,0
469103,469103,469104,1,0
469103,469103,469104,1,0
469103,469103,469104,1,0
469103,469103,469104,1,0
469103,469103,469104,1,0
469103,469103,469105,2,0
469103,469103,469105,2,0
469103,469103,469104,1,0
469103,469103,469105,2,0
469103,469103,469105,2,0
469103,469103,469105,2,0
469103,469103,469105,2,0
469103,469103,469105,2,0
469103,469103,469105,2,0
469103,469103,469105,2,0
469103,469103,469105,2,0
469103,469104,469105,1,1
469103,469104,469105,1,1
469103,469103,469105,2,0
469103,469103,469105,2,0
469103,469103,469105,2,0
469103,469105,469106,1,2
469105,469105,469106,1,0
469105,469105,469106,1,0
469105,469105,469107,2,0
469105,469105,469106,1,0
469105,469105,469106,1,0
469105,469105,469107,2,0
469105,469105,469107,2,0
469105,469105,469107,2,0
469105,469105,469106,1,0
469105,469105,469106,1,0
469105,469105,469106,1,0
469105,469105,469107,2,0
469105,469105,469107,2,0
469105,469105,469107,2,0
469105,469106,469108,2,1
469105,469106,469108,2,1
469105,469105,469107,2,0
469105,469106,469108,2,1
469105,469106,469108,2,1
469105,469106,469108,2,1
469105,469107,469109,2,2
469105,469106,469109,3,1
469105,469106,469108,2,1
469105,469106,469108,2,1
469105,469107,469109,2,2
469106,469107,469108,1,1
469106,469107,469109,2,1
469106,469107,469109,2,1
469105,469106,469108,2,1
469105,469106,469108,2,1
469106,469107,469109,2,1
469106,469107,469108,1,1
469106,469107,469109,2,1
469106,469107,469109,2,1
469105,469106,469109,3,1
469105,469106,469109,3,1
469106,469107,469109,2,1
469106,469107,469109,2,1
469106,469107,469108,1,1
469106,469107,469109,2,1
469106,469107,469109,2,1
469106,469107,469109,2,1
469105,469106,469109,3,1
469106,469108,469110,2,2
469106,469109,469111,2,3
469106,469109,469111,2,3
469106,469109,469111,2,3
469106,469109,469111,2,3
469106,469108,469110,2,2
469106,469108,469110,2,2
469106,469108,469111,3,2
469106,469109,469111,2,3
469106,469109,469111,2,3
469106,469109,469112,3,3
469106,469109,469112,3,3
469106,469109,469111,2,3
469106,469108,469111,3,2
469106,469109,469112,3,3
469106,469109,469112,3,3
469106,469109,469112,3,3
468655,468655,469152,497,0
469153,469153,469155,2,0
469153,469153,469154,1,0
469153,469153,469155,2,0
469153,469153,469155,2,0
469153,469153,469154,1,0
469153,469153,469155,2,0
469153,469153,469155,2,0
469153,469153,469155,2,0
469153,469153,469155,2,0
469153,469153,469155,2,0
469153,469153,469154,1,0
469153,469153,469155,2,0
469153,469153,469155,2,0
468518,468519,469154,635,1
469153,469153,469155,2,0
469153,469153,469155,2,0
469153,469153,469155,2,0
469153,469153,469155,2,0
469153,469153,469155,2,0
469153,469153,469156,3,0
469153,469153,469155,2,0
469153,469153,469155,2,0
469153,469153,469155,2,0
469153,469153,469156,3,0
469153,469153,469156,3,0
469153,469153,469156,3,0
469153,469153,469156,3,0
469153,469153,469155,2,0
469153,469153,469156,3,0
469153,469153,469156,3,0
469153,469153,469156,3,0
469156,469156,469158,2,0
469156,469156,469158,2,0
469156,469156,469158,2,0
469156,469156,469157,1,0
469156,469156,469157,1,0
469156,469156,469157,1,0
469156,469156,469158,2,0
469156,469156,469158,2,0
468536,468536,469158,622,0
469156,469156,469158,2,0
469156,469156,469158,2,0
469156,469156,469158,2,0
469156,469156,469158,2,0
469156,469156,469157,1,0
469156,469156,469158,2,0
469156,469156,469159,3,0
469156,469156,469159,3,0
469156,469156,469158,2,0
469156,469156,469158,2,0
469156,469156,469159,3,0
469156,469156,469159,3,0
469156,469156,469159,3,0
469156,469156,469159,3,0
469156,469156,469158,2,0
469156,469156,469159,3,0
469156,469156,469159,3,0
469156,469156,469159,3,0
469156,469156,469159,3,0
469158,469158,469159,1,0
469156,469156,469160,4,0
469156,469156,469159,3,0
469156,469156,469160,4,0
469158,469158,469160,2,0
469158,469159,469160,1,1
469158,469158,469160,2,0
469158,469158,469160,2,0
469158,469158,469160,2,0
469158,469158,469160,2,0
469158,469158,469160,2,0
469158,469158,469160,2,0
469158,469158,469160,2,0
469158,469158,469160,2,0
469158,469158,469160,2,0
469158,469158,469160,2,0
469158,469160,469161,1,2
469158,469158,469161,3,0
469158,469160,469162,2,2
469158,469160,469161,1,2
469158,469160,469161,1,2
469158,469159,469161,2,1
469158,469160,469162,2,2
469158,469158,469162,4,0
469158,469160,469162,2,2
469158,469160,469162,2,2
469158,469160,469162,2,2
469158,469160,469162,2,2
469158,469160,469162,2,2
469158,469160,469162,2,2
469158,469160,469162,2,2
469158,469159,469162,3,1
469158,469159,469162,3,1
468789,468789,469249,460,0
469250,469250,469251,1,0
469250,469250,469251,1,0
469250,469250,469251,1,0
469250,469250,469252,2,0
469250,469250,469251,1,0
469250,469250,469251,1,0
469250,469250,469252,2,0
469250,469250,469252,2,0
469250,469250,469251,1,0
469250,469250,469252,2,0
469250,469250,469252,2,0
469250,469250,469252,2,0
469250,469250,469252,2,0
469250,469250,469252,2,0
469250,469250,469252,2,0
469250,469250,469252,2,0
469250,469250,469252,2,0
469250,469250,469252,2,0
469250,469250,469252,2,0
469250,469250,469252,2,0
469250,469250,469253,3,0
469250,469250,469252,2,0
469250,469250,469252,2,0
469250,469250,469253,3,0
469250,469250,469253,3,0
469250,469250,469253,3,0
469250,469250,469253,3,0
469250,469250,469252,2,0
469250,469250,469252,2,0
469250,469250,469253,3,0
468758,468758,469278,520,0
469279,469279,469281,2,0
469279,469279,469280,1,0
469279,469279,469280,1,0
469279,469279,469281,2,0
469279,469279,469281,2,0
469279,469279,469280,1,0
469279,469279,469281,2,0
469279,469279,469281,2,0
469279,469279,469281,2,0
469279,469279,469280,1,0
469279,469279,469281,2,0
469279,469279,469281,2,0
469279,469279,469281,2,0
469279,469279,469281,2,0
469279,469279,469281,2,0
469279,469279,469281,2,0
469279,469279,469281,2,0
469279,469279,469282,3,0
469279,469279,469282,3,0
469279,469279,469282,3,0
469279,469279,469282,3,0
469279,469279,469282,3,0
469279,469279,469282,3,0
469279,469279,469282,3,0
469279,469279,469281,2,0
469279,469279,469282,3,0
469279,469279,469282,3,0
469279,469279,469282,3,0
469279,469279,469282,3,0
469279,469279,469282,3,0
468768,468768,469299,531,0
469300,469300,469302,2,0
469300,469300,469301,1,0
469300,469300,469302,2,0
469300,469300,469302,2,0
469300,469300,469302,2,0
469300,469300,469301,1,0
469300,469300,469302,2,0
469300,469300,469302,2,0
469300,469300,469302,2,0
469300,469300,469302,2,0
469300,469300,469302,2,0
469300,469300,469302,2,0
469300,469300,469302,2,0
469300,469300,469302,2,0
469300,469300,469302,2,0
469300,469300,469302,2,0
469300,469300,469302,2,0
469300,469300,469303,3,0
469300,469300,469303,3,0
469300,469300,469303,3,0
469300,469300,469303,3,0
469300,469300,469303,3,0
469300,469300,469303,3,0
469300,469300,469302,2,0
469300,469300,469303,3,0
469300,469300,469303,3,0
469300,469300,469303,3,0
469300,469300,469302,2,0
469300,469300,469303,3,0
469300,469300,469302,2,0
468778,468778,469313,535,0
469313,469313,469314,1,0
469313,469313,469314,1,0
469313,469313,469314,1,0
469313,469313,469315,2,0
469313,469313,469314,1,0
469313,469313,469314,1,0
469313,469313,469315,2,0
469313,469313,469315,2,0
469313,469313,469314,1,0
469313,469313,469315,2,0
469313,469313,469315,2,0
469313,469313,469315,2,0
469313,469313,469314,1,0
469313,469313,469314,1,0
469313,469313,469314,1,0
469313,469313,469315,2,0
469313,469313,469315,2,0
469313,469313,469315,2,0
469313,469313,469315,2,0
469313,469313,469315,2,0
469313,469313,469315,2,0
469313,469313,469316,3,0
469313,469313,469316,3,0
469313,469313,469316,3,0
469313,469313,469315,2,0
469313,469313,469316,3,0
469313,469313,469316,3,0
469313,469313,469316,3,0
469313,469313,469316,3,0
469313,469313,469316,3,0
481701,481702,482077,375,1
482044,482045,482223,178,1
484529,484530,484716,186,1
485029,485029,485031,2,0
485030,485030,485031,1,0
485031,485031,485032,1,0
485031,485031,485033,2,0
485032,485032,485033,1,0
485033,485033,485034,1,0
485034,485034,485035,1,0
485035,485035,485036,1,0
485035,485035,485037,2,0
485036,485036,485038,2,0
485037,485037,485038,1,0
485038,485038,485039,1,0
485039,485039,485040,1,0
485039,485039,485040,1,0
485040,485040,485042,2,0
485041,485041,485042,1,0
485042,485042,485043,1,0
485043,485043,485044,1,0
485043,485043,485045,2,0
485044,485044,485045,1,0
485045,485045,485046,1,0
485046,485046,485047,1,0
485047,485047,485048,1,0
485047,485047,485049,2,0
485048,485048,485050,2,0
485049,485049,485050,1,0
485050,485050,485051,1,0
485050,485051,485052,1,1
485051,485051,485052,1,0
485052,485052,485053,1,0
485053,485053,485054,1,0
485054,485054,485055,1,0
485054,485055,485056,1,1
485055,485055,485057,2,0
485056,485056,485057,1,0
485057,485057,485058,1,0
485058,485058,485059,1,0
485058,485059,485060,1,1
485059,485059,485061,2,0
485060,485060,485061,1,0
485061,485061,485062,1,0
485062,485062,485063,1,0
485062,485062,485064,2,0
492789,492789,492792,3,0
492789,492789,492792,3,0
492789,492789,492792,3,0
492789,492789,492792,3,0
492789,492789,492792,3,0
492789,492789,492792,3,0
492789,492789,492792,3,0
492789,492789,492792,3,0
492789,492789,492792,3,0
492789,492789,492792,3,0
492789,492789,492792,3,0
492789,492789,492792,3,0
492789,492789,492792,3,0
492789,492790,492793,3,1
492789,492790,492793,3,1
492789,492790,492793,3,1
492789,492789,492793,4,0
492789,492789,492793,4,0
492789,492789,492793,4,0
492789,492789,492793,4,0
492789,492789,492793,4,0
492789,492789,492793,4,0
492789,492789,492793,4,0
492789,492789,492793,4,0
492789,492789,492792,3,0
492789,492789,492793,4,0
492789,492789,492793,4,0
492789,492789,492793,4,0
492789,492789,492793,4,0
492789,492789,492793,4,0
492789,492789,492793,4,0
492789,492789,492793,4,0
492789,492789,492793,4,0
492789,492789,492793,4,0
492789,492789,492793,4,0
492789,492789,492793,4,0
492789,492789,492793,4,0
492789,492789,492793,4,0
492789,492789,492793,4,0
492789,492789,492792,3,0
492789,492789,492793,4,0
492789,492789,492793,4,0
492789,492789,492793,4,0
492789,492789,492793,4,0
492789,492790,492793,3,1
492789,492790,492794,4,1
492789,492790,492794,4,1
492789,492790,492794,4,1
492789,492790,492794,4,1
492789,492790,492794,4,1
492789,492790,492794,4,1
492789,492790,492793,3,1
492789,492790,492794,4,1
492789,492790,492793,3,1
492789,492789,492794,5,0
492789,492789,492794,5,0
492789,492789,492794,5,0
492789,492789,492794,5,0
492789,492789,492794,5,0
492789,492789,492794,5,0
492789,492790,492795,5,1
492789,492790,492795,5,1
492789,492790,492795,5,1
492789,492790,492795,5,1
492789,492790,492795,5,1
492789,492790,492795,5,1
492789,492790,492795,5,1
492789,492790,492795,5,1
492789,492790,492795,5,1
492789,492790,492795,5,1
492789,492790,492795,5,1
492789,492790,492795,5,1
492789,492790,492795,5,1
492789,492790,492795,5,1
492789,492790,492795,5,1
492789,492790,492795,5,1
492789,492793,492795,2,4
492789,492790,492795,5,1
492789,492790,492795,5,1
492789,492790,492795,5,1
492789,492792,492795,3,3
492789,492792,492795,3,3
492789,492792,492795,3,3
492789,492792,492795,3,3
492789,492789,492795,6,0
492789,492793,492795,2,4
492789,492794,492796,2,5
492789,492793,492795,2,4
492789,492793,492795,2,4
492789,492793,492795,2,4
492789,492793,492795,2,4
492789,492793,492795,2,4
492789,492793,492795,2,4
492789,492793,492795,2,4
492789,492792,492795,3,3
492789,492792,492795,3,3
492789,492793,492796,3,4
492789,492793,492796,3,4
492789,492794,492796,2,5
492789,492794,492796,2,5
492789,492794,492796,2,5
492789,492794,492797,3,5
492789,492794,492796,2,5
492789,492794,492797,3,5
492789,492794,492796,2,5
492789,492794,492796,2,5
492789,492794,492796,2,5
492789,492794,492797,3,5
492789,492794,492796,2,5
492789,492794,492797,3,5
492789,492794,492797,3,5
492789,492794,492796,2,5
492789,492795,492797,2,6
492789,492795,492797,2,6
492789,492795,492797,2,6
492789,492795,492797,2,6
492789,492795,492797,2,6
492789,492795,492797,2,6
492789,492795,492797,2,6
492789,492795,492797,2,6
492789,492795,492797,2,6
492789,492795,492797,2,6
492789,492794,492797,3,5
492789,492795,492797,2,6
492789,492795,492797,2,6
492789,492795,492798,3,6
492789,492794,492797,3,5
492789,492795,492797,2,6
492789,492795,492797,2,6
492789,492794,492797,3,5
492789,492794,492797,3,5
492789,492794,492797,3,5
492789,492794,492797,3,5
492789,492794,492797,3,5
492789,492794,492797,3,5
492789,492794,492797,3,5
492789,492794,492797,3,5
492789,492794,492797,3,5
492789,492794,492797,3,5
492789,492795,492797,2,6
492789,492796,492798,2,7
492789,492796,492798,2,7
492789,492796,492798,2,7
492789,492796,492798,2,7
492789,492796,492798,2,7
492789,492796,492798,2,7
492789,492796,492798,2,7
492789,492796,492799,3,7
492789,492796,492798,2,7
492789,492796,492798,2,7
492789,492796,492798,2,7
492789,492796,492798,2,7
492789,492796,492798,2,7
492789,492796,492798,2,7
492789,492797,492799,2,8
492789,492796,492798,2,7
492789,492796,492798,2,7
492789,492796,492798,2,7
492789,492796,492798,2,7
492789,492796,492798,2,7
492789,492796,492798,2,7
492789,492796,492798,2,7
492789,492796,492798,2,7
492789,492796,492799,3,7
492789,492796,492799,3,7
492789,492796,492798,2,7
492789,492796,492798,2,7
492789,492796,492799,3,7
492789,492796,492799,3,7
492789,492796,492798,2,7
492789,492796,492799,3,7
492789,492796,492799,3,7
492789,492796,492799,3,7
492789,492797,492799,2,8
492789,492797,492799,2,8
492789,492797,492799,2,8
492789,492797,492799,2,8
492789,492797,492799,2,8
492789,492798,492800,2,9
492789,492798,492800,2,9
492789,492798,492800,2,9
492789,492797,492799,2,8
492789,492797,492799,2,8
492789,492796,492799,3,7
492789,492797,492799,2,8
492789,492797,492799,2,8
492789,492797,492799,2,8
492789,492797,492799,2,8
492789,492797,492799,2,8
492789,492797,492799,2,8
492789,492797,492799,2,8
492789,492796,492799,3,7
492789,492796,492799,3,7
492789,492796,492799,3,7
492789,492797,492799,2,8
492789,492798,492800,2,9
492789,492798,492800,2,9
492789,492798,492800,2,9
492789,492798,492800,2,9
492789,492798,492800,2,9
492806,492806,492810,4,0
492806,492806,492810,4,0
492806,492806,492810,4,0
492806,492806,492810,4,0
492806,492806,492810,4,0
492806,492806,492810,4,0
492806,492806,492810,4,0
492806,492806,492810,4,0
492806,492806,492810,4,0
492806,492806,492810,4,0
492806,492806,492810,4,0
492806,492806,492810,4,0
492806,492806,492810,4,0
492806,492806,492810,4,0
492806,492806,492810,4,0
492806,492806,492810,4,0
492806,492806,492810,4,0
492806,492806,492810,4,0
492806,492806,492810,4,0
492806,492806,492810,4,0
492806,492806,492810,4,0
492806,492806,492810,4,0
492806,492806,492810,4,0
492806,492806,492810,4,0
492806,492806,492810,4,0
492806,492806,492810,4,0
492806,492806,492810,4,0
492806,492806,492810,4,0
492806,492806,492810,4,0
492806,492806,492810,4,0
492806,492806,492810,4,0
492806,492806,492810,4,0
492806,492806,492810,4,0
492806,492806,492810,4,0
492806,492806,492810,4,0
492806,492806,492810,4,0
492806,492806,492810,4,0
492806,492806,492810,4,0
492806,492806,492810,4,0
492806,492806,492810,4,0
492806,492806,492810,4,0
492806,492806,492810,4,0
492806,492806,492810,4,0
492806,492806,492811,5,0
492806,492806,492811,5,0
492806,492806,492811,5,0
492806,492806,492811,5,0
492806,492806,492811,5,0
492806,492806,492811,5,0
492806,492806,492810,4,0
492806,492806,492811,5,0
492806,492806,492811,5,0
492806,492806,492811,5,0
492806,492806,492810,4,0
492806,492806,492811,5,0
492806,492806,492811,5,0
492806,492806,492811,5,0
492806,492806,492811,5,0
492806,492806,492810,4,0
492806,492806,492811,5,0
492806,492806,492811,5,0
492806,492806,492811,5,0
492806,492806,492810,4,0
492806,492806,492811,5,0
492806,492806,492811,5,0
492806,492806,492811,5,0
492806,492806,492810,4,0
492806,492806,492811,5,0
492806,492806,492811,5,0
492806,492806,492810,4,0
492806,492806,492810,4,0
492806,492806,492811,5,0
492806,492806,492811,5,0
492806,492806,492811,5,0
492806,492806,492811,5,0
492806,492806,492811,5,0
492806,492806,492811,5,0
492806,492806,492811,5,0
492806,492806,492811,5,0
492806,492810,492812,2,4
492806,492810,492812,2,4
492806,492810,492812,2,4
492806,492806,492811,5,0
492806,492810,492812,2,4
492806,492810,492812,2,4
492806,492810,492812,2,4
492806,492810,492812,2,4
492806,492810,492812,2,4
492806,492810,492812,2,4
146213,146213,498590,352377,0
498583,498583,498831,248,0
518657,518657,518661,4,0
518657,518657,518661,4,0
518657,518657,518661,4,0
518657,518657,518661,4,0
518657,518657,518661,4,0
518657,518657,518661,4,0
518657,518657,518661,4,0
518657,518657,518661,4,0
518657,518657,518661,4,0
518657,518657,518661,4,0
518657,518657,518661,4,0
518657,518657,518661,4,0
518657,518657,518661,4,0
518657,518657,518661,4,0
518657,518657,518661,4,0
518657,518657,518661,4,0
518657,518657,518661,4,0
518657,518657,518661,4,0
518657,518657,518661,4,0
518657,518657,518661,4,0
518657,518657,518661,4,0
518657,518657,518661,4,0
518657,518657,518661,4,0
518657,518657,518661,4,0
518657,518657,518661,4,0
518657,518657,518661,4,0
518657,518657,518661,4,0
518657,518657,518661,4,0
518657,518657,518661,4,0
518657,518657,518661,4,0
518657,518657,518661,4,0
518657,518657,518661,4,0
518657,518657,518661,4,0
518657,518657,518661,4,0
518657,518657,518661,4,0
518657,518657,518661,4,0
518657,518657,518661,4,0
518657,518657,518661,4,0
518657,518657,518661,4,0
518657,518657,518661,4,0
518657,518657,518661,4,0
518657,518657,518661,4,0
518657,518657,518661,4,0
518657,518657,518661,4,0
518657,518657,518661,4,0
518657,518657,518661,4,0
518657,518657,518661,4,0
518657,518657,518661,4,0
518657,518657,518661,4,0
518657,518657,518661,4,0
518657,518657,518661,4,0
518657,518657,518661,4,0
518657,518657,518662,5,0
518657,518657,518662,5,0
518657,518657,518663,6,0
518657,518657,518663,6,0
518657,518661,518663,2,4
518657,518657,518663,6,0
518657,518657,518663,6,0
518657,518657,518663,6,0
518657,518657,518663,6,0
518657,518657,518663,6,0
518657,518657,518663,6,0
518657,518657,518663,6,0
518657,518657,518663,6,0
518657,518657,518663,6,0
518657,518657,518663,6,0
518657,518657,518663,6,0
518657,518657,518663,6,0
518657,518657,518663,6,0
518657,518657,518663,6,0
518657,518657,518663,6,0
518657,518657,518663,6,0
518657,518657,518663,6,0
518657,518657,518663,6,0
518657,518657,518663,6,0
518657,518657,518662,5,0
518657,518657,518663,6,0
518657,518657,518662,5,0
518657,518657,518662,5,0
518657,518657,518663,6,0
518657,518661,518663,2,4
518657,518661,518664,3,4
518657,518661,518663,2,4
518657,518661,518663,2,4
518657,518661,518664,3,4
518657,518661,518664,3,4
518657,518661,518664,3,4
518657,518661,518663,2,4
518657,518661,518663,2,4
518657,518661,518664,3,4
518657,518661,518663,2,4
518657,518661,518664,3,4
518657,518661,518663,2,4
518657,518661,518663,2,4
518657,518661,518664,3,4
518657,518661,518664,3,4
518657,518661,518665,4,4
518657,518661,518665,4,4
518657,518661,518665,4,4
518657,518661,518665,4,4
518657,518661,518665,4,4
518657,518661,518665,4,4
518657,518661,518665,4,4
518657,518662,518665,3,5
518657,518661,518664,3,4
518657,518662,518665,3,5
518657,518662,518665,3,5
518657,518662,518665,3,5
518657,518662,518665,3,5
518657,518661,518664,3,4
518657,518662,518665,3,5
518657,518661,518665,4,4
518657,518662,518665,3,5
518657,518662,518665,3,5
518657,518662,518665,3,5
518657,518662,518665,3,5
518657,518661,518665,4,4
518657,518662,518665,3,5
518657,518662,518665,3,5
518657,518662,518665,3,5
518657,518661,518664,3,4
518657,518662,518665,3,5
518657,518662,518665,3,5
518657,518662,518665,3,5
518657,518662,518665,3,5
518657,518662,518665,3,5
518657,518663,518665,2,6
518657,518662,518665,3,5
518657,518662,518665,3,5
518657,518662,518666,4,5
518657,518662,518665,3,5
518657,518663,518666,3,6
518657,518663,518666,3,6
518657,518663,518666,3,6
518657,518663,518666,3,6
518657,518663,518666,3,6
518657,518663,518666,3,6
518657,518663,518666,3,6
518657,518663,518666,3,6
518657,518663,518666,3,6
518657,518663,518666,3,6
518657,518663,518666,3,6
518657,518663,518666,3,6
518657,518663,518666,3,6
518657,518662,518665,3,5
518657,518663,518665,2,6
518657,518663,518666,3,6
518657,518663,518666,3,6
518657,518664,518666,2,7
518657,518663,518665,2,6
518657,518663,518666,3,6
518657,518663,518666,3,6
518657,518663,518666,3,6
518657,518663,518666,3,6
518657,518664,518667,3,7
518657,518665,518667,2,8
518657,518663,518667,4,6
518657,518665,518667,2,8
518657,518665,518667,2,8
518657,518664,518667,3,7
518657,518664,518666,2,7
518657,518663,518667,4,6
518657,518663,518667,4,6
518657,518664,518667,3,7
518657,518664,518667,3,7
518657,518663,518667,4,6
518657,518663,518666,3,6
518657,518664,518667,3,7
518657,518665,518667,2,8
518657,518664,518667,3,7
518657,518664,518667,3,7
518657,518664,518667,3,7
518657,518664,518667,3,7
518657,518664,518667,3,7
518657,518664,518667,3,7
518657,518665,518667,2,8
518657,518663,518667,4,6
518657,518663,518667,4,6
518657,518664,518667,3,7
518657,518665,518667,2,8
518657,518665,518667,2,8
518657,518665,518667,2,8
518657,518665,518667,2,8
518657,518665,518667,2,8
518657,518665,518667,2,8
518657,518665,518668,3,8
518657,518665,518668,3,8
518657,518665,518668,3,8
518657,518665,518668,3,8
518657,518665,518668,3,8
518657,518665,518668,3,8
518657,518665,518668,3,8
518657,518665,518668,3,8
518657,518665,518668,3,8
518657,518665,518668,3,8
518657,518665,518668,3,8
518657,518665,518668,3,8
518657,518665,518668,3,8
518657,518665,518668,3,8
518674,518674,518678,4,0
518674,518674,518678,4,0
518674,518674,518678,4,0
518674,518674,518678,4,0
518674,518674,518678,4,0
518674,518674,518678,4,0
518674,518674,518678,4,0
518674,518674,518678,4,0
518674,518674,518678,4,0
518674,518674,518678,4,0
518674,518674,518678,4,0
518674,518674,518678,4,0
518674,518674,518678,4,0
518674,518674,518678,4,0
518674,518674,518678,4,0
518674,518674,518678,4,0
518674,518674,518678,4,0
518674,518674,518678,4,0
518674,518674,518678,4,0
518674,518674,518678,4,0
518674,518674,518678,4,0
518674,518674,518678,4,0
518674,518674,518678,4,0
518674,518674,518678,4,0
518674,518674,518678,4,0
518674,518674,518678,4,0
518674,518674,518678,4,0
518674,518674,518678,4,0
518674,518674,518678,4,0
518674,518674,518678,4,0
518674,518674,518678,4,0
518674,518674,518678,4,0
518674,518674,518678,4,0
518674,518674,518678,4,0
518674,518674,518678,4,0
518674,518674,518678,4,0
518674,518674,518678,4,0
518674,518674,518678,4,0
518674,518674,518678,4,0
518674,518674,518678,4,0
518674,518674,518678,4,0
518674,518674,518678,4,0
518674,518674,518678,4,0
518674,518674,518678,4,0
518674,518674,518679,5,0
518674,518674,518679,5,0
518674,518674,518679,5,0
518674,518674,518679,5,0
518674,518674,518679,5,0
518674,518674,518679,5,0
518674,518674,518679,5,0
518674,518674,518679,5,0
518674,518674,518679,5,0
518674,518674,518679,5,0
518674,518674,518679,5,0
518674,518674,518679,5,0
518674,518674,518679,5,0
518674,518674,518679,5,0
518674,518675,518679,4,1
518674,518674,518679,5,0
518674,518674,518679,5,0
518674,518675,518679,4,1
518674,518674,518679,5,0
518674,518674,518679,5,0
518674,518674,518679,5,0
518674,518674,518679,5,0
518674,518674,518680,6,0
518674,518674,518680,6,0
518674,518674,518679,5,0
518674,518674,518679,5,0
518674,518674,518680,6,0
518674,518674,518680,6,0
518674,518674,518679,5,0
518674,518675,518679,4,1
518674,518674,518679,5,0
518674,518674,518679,5,0
518674,518674,518680,6,0
518674,518674,518680,6,0
518674,518675,518680,5,1
518674,518674,518680,6,0
518674,518679,518680,1,5
518674,518679,518680,1,5
518674,518679,518681,2,5
518674,518679,518681,2,5
518674,518679,518681,2,5
518674,518679,518681,2,5
518674,518679,518681,2,5
518674,518679,518681,2,5
518674,518679,518681,2,5
518710,518710,518714,4,0
518710,518710,518713,3,0
518710,518710,518714,4,0
518710,518710,518714,4,0
518710,518710,518713,3,0
518710,518710,518714,4,0
518710,518710,518714,4,0
518710,518710,518714,4,0
518710,518710,518713,3,0
518710,518710,518714,4,0
518710,518710,518714,4,0
518710,518710,518714,4,0
518710,518710,518714,4,0
518710,518710,518714,4,0
518710,518710,518714,4,0
518710,518710,518713,3,0
518710,518710,518714,4,0
518710,518710,518713,3,0
518710,518710,518714,4,0
518710,518710,518714,4,0
518710,518710,518714,4,0
518710,518710,518714,4,0
518710,518710,518713,3,0
518710,518710,518714,4,0
518710,518710,518714,4,0
518710,518710,518714,4,0
518710,518710,518714,4,0
518710,518710,518714,4,0
518710,518710,518714,4,0
518710,518710,518714,4,0
518710,518710,518714,4,0
518710,518710,518714,4,0
518710,518710,518713,3,0
518710,518710,518714,4,0
518710,518710,518714,4,0
518710,518710,518714,4,0
518710,518710,518714,4,0
518710,518710,518714,4,0
518710,518710,518713,3,0
518710,518710,518714,4,0
518710,518710,518713,3,0
518710,518710,518714,4,0
518710,518710,518713,3,0
518710,518710,518714,4,0
518710,518710,518714,4,0
518710,518710,518714,4,0
518710,518710,518714,4,0
518710,518710,518713,3,0
518710,518710,518714,4,0
518710,518710,518714,4,0
518710,518710,518714,4,0
518710,518710,518714,4,0
518710,518710,518714,4,0
518710,518710,518715,5,0
518710,518710,518715,5,0
518710,518710,518715,5,0
518710,518710,518714,4,0
518710,518710,518715,5,0
518710,518710,518715,5,0
518710,518710,518714,4,0
518710,518710,518715,5,0
518710,518710,518715,5,0
518710,518710,518715,5,0
518710,518710,518715,5,0
518710,518710,518715,5,0
518710,518710,518715,5,0
518710,518710,518715,5,0
518710,518710,518715,5,0
518710,518710,518715,5,0
518710,518710,518714,4,0
518710,518710,518715,5,0
518710,518710,518715,5,0
518710,518710,518715,5,0
518710,518710,518715,5,0
518710,518710,518715,5,0
518710,518710,518715,5,0
518710,518710,518715,5,0
518710,518710,518715,5,0
518710,518710,518715,5,0
518710,518710,518715,5,0
518710,518714,518717,3,4
518710,518714,518717,3,4
518710,518714,518718,4,4
518710,518714,518718,4,4
518710,518714,518718,4,4
518710,518714,518718,4,4
518710,518714,518718,4,4
518710,518714,518718,4,4
518710,518714,518717,3,4
518710,518714,518717,3,4
518710,518714,518718,4,4
518710,518714,518718,4,4
518710,518714,518718,4,4
518710,518715,518718,3,5
518710,518714,518718,4,4
518710,518714,518718,4,4
518710,518714,518718,4,4
518710,518714,518718,4,4
518710,518714,518718,4,4
518710,518714,518718,4,4
518710,518714,518718,4,4
518710,518715,518718,3,5
518710,518714,518718,4,4
518710,518714,518718,4,4
518710,518714,518718,4,4
518710,518714,518718,4,4
518710,518716,518718,2,6
518710,518716,518718,2,6
518710,518714,518718,4,4
518710,518714,518718,4,4
518710,518716,518718,2,6
518710,518714,518718,4,4
518710,518714,518718,4,4
518710,518714,518718,4,4
518710,518715,518718,3,5
518710,518715,518718,3,5
518710,518714,518718,4,4
518710,518714,518718,4,4
518710,518715,518718,3,5
518710,518715,518719,4,5
518710,518715,518718,3,5
518710,518715,518718,3,5
518710,518714,518718,4,4
518710,518715,518718,3,5
518710,518715,518718,3,5
518710,518715,518718,3,5
518710,518714,518718,4,4
518710,518714,518718,4,4
518710,518715,518718,3,5
518710,518715,518718,3,5
518710,518715,518718,3,5
518710,518714,518718,4,4
518710,518715,518718,3,5
518710,518715,518718,3,5
518710,518715,518718,3,5
518710,518715,518718,3,5
518710,518715,518718,3,5
518710,518716,518719,3,6
518710,518716,518719,3,6
518710,518716,518719,3,6
518710,518716,518719,3,6
518710,518716,518719,3,6
518710,518716,518719,3,6
518710,518718,518720,2,8
518710,518718,518720,2,8
518710,518716,518719,3,6
518710,518716,518719,3,6
518710,518716,518719,3,6
518710,518716,518719,3,6
518710,518718,518719,1,8
518710,518716,518719,3,6
518710,518718,518719,1,8
518710,518718,518720,2,8
518710,518716,518719,3,6
518710,518716,518719,3,6
518710,518716,518719,3,6
518710,518716,518719,3,6
518710,518716,518719,3,6
518710,518718,518720,2,8
518710,518716,518719,3,6
518710,518716,518719,3,6
518710,518718,518720,2,8
518710,518716,518719,3,6
518710,518716,518719,3,6
518710,518718,518720,2,8
518710,518716,518719,3,6
518710,518718,518720,2,8
518710,518716,518719,3,6
518710,518716,518719,3,6
518710,518719,518720,1,9
518710,518719,518720,1,9
518710,518719,518720,1,9
518710,518719,518720,1,9
518710,518719,518721,2,9
518710,518719,518721,2,9
518710,518719,518721,2,9
518710,518718,518720,2,8
518710,518718,518720,2,8
518710,518718,518720,2,8
518710,518718,518720,2,8
518710,518718,518720,2,8
518710,518718,518720,2,8
518710,518718,518720,2,8
518710,518718,518720,2,8
518710,518718,518720,2,8
518710,518718,518720,2,8
518710,518719,518721,2,9
518710,518719,518721,2,9
518710,518719,518721,2,9
518710,518719,518721,2,9
518710,518719,518721,2,9
518710,518719,518721,2,9
518710,518719,518721,2,9
518710,518719,518721,2,9
518710,518719,518721,2,9
518710,518719,518721,2,9
518710,518719,518721,2,9
518710,518719,518721,2,9
518710,518719,518721,2,9
518710,518719,518721,2,9
518727,518727,518731,4,0
518727,518727,518731,4,0
518727,518727,518731,4,0
518727,518727,518731,4,0
518727,518727,518731,4,0
518727,518727,518731,4,0
518727,518727,518731,4,0
518727,518727,518731,4,0
518727,518727,518731,4,0
518727,518727,518731,4,0
518727,518727,518731,4,0
518727,518727,518731,4,0
518727,518727,518731,4,0
518727,518727,518731,4,0
518727,518727,518731,4,0
518727,518727,518731,4,0
518727,518727,518731,4,0
518727,518727,518732,5,0
518727,518727,518731,4,0
518727,518727,518731,4,0
518727,518727,518731,4,0
518727,518727,518731,4,0
518727,518727,518731,4,0
518727,518728,518731,3,1
518727,518727,518731,4,0
518727,518727,518731,4,0
518727,518727,518731,4,0
518727,518727,518731,4,0
518727,518727,518731,4,0
518727,518727,518731,4,0
518727,518727,518731,4,0
518727,518727,518731,4,0
518727,518727,518731,4,0
518727,518727,518731,4,0
518727,518727,518731,4,0
518727,518727,518731,4,0
518727,518727,518731,4,0
518727,518727,518731,4,0
518727,518727,518731,4,0
518727,518727,518731,4,0
518727,518727,518731,4,0
518727,518727,518731,4,0
518727,518727,518732,5,0
518727,518727,518731,4,0
518727,518727,518731,4,0
518727,518727,518731,4,0
518727,518727,518732,5,0
518727,518727,518732,5,0
518727,518727,518732,5,0
518727,518727,518732,5,0
518727,518727,518732,5,0
518727,518727,518732,5,0
518727,518727,518732,5,0
518727,518727,518732,5,0
518727,518727,518732,5,0
518727,518727,518732,5,0
518727,518728,518732,4,1
518727,518727,518732,5,0
518727,518727,518732,5,0
518727,518727,518732,5,0
518727,518728,518732,4,1
518727,518727,518732,5,0
518727,518727,518732,5,0
518727,518727,518732,5,0
518727,518727,518732,5,0
518727,518727,518732,5,0
518727,518727,518732,5,0
518727,518727,518732,5,0
518727,518727,518732,5,0
518727,518728,518732,4,1
518727,518727,518732,5,0
518727,518727,518732,5,0
518727,518727,518732,5,0
518727,518727,518733,6,0
518727,518727,518732,5,0
518727,518727,518733,6,0
518727,518727,518732,5,0
518727,518727,518732,5,0
518727,518727,518732,5,0
518727,518727,518732,5,0
518727,518732,518734,2,5
518727,518732,518733,1,5
518727,518732,518734,2,5
518727,518732,518734,2,5
518727,518732,518734,2,5
518727,518732,518734,2,5
518727,518732,518734,2,5
518727,518732,518734,2,5
518727,518732,518734,2,5
518749,518749,518751,2,0
518749,518749,518751,2,0
518749,518749,518751,2,0
518749,518749,518752,3,0
518749,518749,518752,3,0
518749,518749,518752,3,0
518749,518749,518752,3,0
518749,518749,518752,3,0
518749,518749,518751,2,0
518749,518749,518751,2,0
518749,518749,518751,2,0
518749,518749,518751,2,0
518749,518749,518752,3,0
518749,518749,518752,3,0
518749,518749,518752,3,0
518749,518749,518752,3,0
518749,518749,518751,2,0
518749,518749,518752,3,0
518749,518749,518751,2,0
518749,518749,518752,3,0
518749,518749,518752,3,0
518749,518749,518752,3,0
518749,518749,518751,2,0
518749,518749,518751,2,0
518749,518749,518752,3,0
518749,518749,518752,3,0
518749,518749,518752,3,0
518749,518749,518752,3,0
518749,518749,518752,3,0
518749,518749,518752,3,0
518749,518749,518751,2,0
518749,518749,518751,2,0
518749,518749,518751,2,0
518749,518749,518752,3,0
518749,518749,518752,3,0
518749,518749,518752,3,0
518749,518749,518752,3,0
518749,518749,518751,2,0
518749,518749,518751,2,0
518749,518749,518752,3,0
518749,518749,518752,3,0
518749,518749,518752,3,0
518749,518749,518752,3,0
518749,518749,518752,3,0
518749,518749,518752,3,0
518749,518749,518751,2,0
518749,518749,518751,2,0
518749,518749,518752,3,0
518749,518749,518752,3,0
518749,518749,518752,3,0
518749,518749,518752,3,0
518749,518749,518752,3,0
518749,518749,518751,2,0
518749,518749,518751,2,0
518749,518749,518752,3,0
518749,518749,518752,3,0
518749,518749,518752,3,0
518749,518749,518752,3,0
518749,518749,518752,3,0
518749,518749,518752,3,0
518749,518749,518751,2,0
518749,518749,518751,2,0
518749,518749,518752,3,0
518749,518749,518752,3,0
518749,518749,518752,3,0
518749,518749,518752,3,0
518749,518749,518752,3,0
518749,518749,518752,3,0
518749,518749,518752,3,0
518749,518749,518752,3,0
518749,518749,518753,4,0
518749,518749,518752,3,0
518749,518749,518752,3,0
518749,518749,518753,4,0
518749,518749,518752,3,0
518749,518749,518752,3,0
518749,518749,518752,3,0
518749,518751,518753,2,2
518749,518749,518752,3,0
518749,518749,518752,3,0
518749,518749,518752,3,0
518749,518752,518754,2,3
518749,518752,518754,2,3
518749,518752,518754,2,3
518749,518752,518754,2,3
518749,518752,518754,2,3
518749,518752,518754,2,3
518749,518752,518755,3,3
518749,518752,518755,3,3
518749,518753,518755,2,4
518749,518753,518755,2,4
518749,518753,518755,2,4
518749,518752,518754,2,3
518749,518752,518755,3,3
518749,518752,518755,3,3
518749,518752,518755,3,3
518749,518752,518755,3,3
518749,518753,518755,2,4
518749,518752,518755,3,3
518749,518752,518755,3,3
518749,518752,518755,3,3
518749,518752,518755,3,3
518749,518752,518755,3,3
518749,518753,518755,2,4
518749,518752,518755,3,3
518749,518752,518755,3,3
518749,518752,518755,3,3
518749,518752,518755,3,3
518749,518752,518755,3,3
518749,518752,518755,3,3
518749,518752,518755,3,3
518749,518752,518755,3,3
518749,518752,518755,3,3
518749,518752,518755,3,3
518749,518752,518755,3,3
518749,518752,518755,3,3
518749,518752,518755,3,3
518749,518752,518755,3,3
518749,518754,518755,1,5
518749,518752,518755,3,3
518749,518752,518755,3,3
518749,518752,518755,3,3
518749,518752,518755,3,3
518749,518752,518755,3,3
518749,518752,518755,3,3
518749,518752,518755,3,3
518749,518754,518755,1,5
518749,518752,518755,3,3
518749,518752,518755,3,3
518749,518752,518755,3,3
518749,518752,518755,3,3
518749,518752,518755,3,3
518749,518752,518755,3,3
518749,518752,518755,3,3
518749,518752,518755,3,3
518749,518752,518755,3,3
518749,518752,518755,3,3
518749,518752,518755,3,3
518749,518752,518755,3,3
518749,518752,518755,3,3
518749,518752,518755,3,3
518749,518753,518755,2,4
518749,518752,518755,3,3
518749,518752,518755,3,3
518749,518752,518755,3,3
518749,518752,518755,3,3
518749,518752,518755,3,3
518749,518754,518756,2,5
518749,518752,518755,3,3
518749,518753,518755,2,4
518749,518753,518755,2,4
518749,518753,518755,2,4
518749,518753,518756,3,4
518749,518753,518756,3,4
518749,518753,518755,2,4
518749,518753,518756,3,4
518749,518753,518755,2,4
518749,518753,518756,3,4
518749,518753,518756,3,4
518749,518753,518756,3,4
518749,518753,518756,3,4
518749,518754,518756,2,5
518749,518754,518756,2,5
518749,518754,518757,3,5
518749,518754,518756,2,5
518749,518755,518756,1,6
518749,518755,518756,1,6
518749,518755,518756,1,6
518749,518755,518757,2,6
518749,518755,518757,2,6
518749,518755,518757,2,6
518749,518755,518757,2,6
518749,518756,518757,1,7
518749,518756,518757,1,7
518749,518756,518757,1,7
518749,518756,518758,2,7
518749,518756,518758,2,7
518749,518756,518758,2,7
518749,518756,518757,1,7
518749,518756,518758,2,7
518749,518756,518758,2,7
518749,518756,518758,2,7
518749,518756,518758,2,7
518749,518756,518758,2,7
518749,518756,518758,2,7
518749,518756,518758,2,7
518749,518756,518758,2,7
518749,518756,518758,2,7
518749,518756,518758,2,7
518749,518756,518758,2,7
518749,518756,518758,2,7
518749,518756,518758,2,7
518749,518756,518758,2,7
518749,518756,518758,2,7
518749,518756,518758,2,7
518749,518756,518758,2,7
518749,518756,518758,2,7
518749,518756,518758,2,7
518749,518756,518758,2,7
518749,518756,518758,2,7
518764,518764,518766,2,0
518764,518764,518766,2,0
518764,518764,518766,2,0
518764,518764,518766,2,0
518764,518764,518766,2,0
518764,518764,518766,2,0
518764,518764,518766,2,0
518764,518764,518767,3,0
518764,518764,518766,2,0
518764,518764,518766,2,0
518764,518764,518766,2,0
518764,518764,518766,2,0
518764,518764,518766,2,0
518764,518764,518766,2,0
518764,518764,518767,3,0
518764,518764,518767,3,0
518764,518764,518767,3,0
518764,518764,518767,3,0
518764,518764,518766,2,0
518764,518764,518766,2,0
518764,518764,518766,2,0
518764,518764,518766,2,0
518764,518764,518766,2,0
518764,518764,518767,3,0
518764,518764,518767,3,0
518764,518764,518767,3,0
518764,518764,518766,2,0
518764,518764,518766,2,0
518764,518764,518766,2,0
518764,518764,518766,2,0
518764,518764,518766,2,0
518764,518764,518767,3,0
518764,518764,518767,3,0
518764,518764,518767,3,0
518764,518764,518766,2,0
518764,518764,518766,2,0
518764,518764,518766,2,0
518764,518764,518766,2,0
518764,518764,518766,2,0
518764,518764,518766,2,0
518764,518764,518766,2,0
518764,518764,518766,2,0
518764,518764,518766,2,0
518764,518764,518766,2,0
518764,518764,518766,2,0
518764,518764,518766,2,0
518764,518764,518766,2,0
518764,518764,518766,2,0
518764,518764,518766,2,0
518764,518764,518766,2,0
518764,518764,518766,2,0
518764,518764,518766,2,0
518764,518764,518766,2,0
518764,518764,518766,2,0
518764,518764,518766,2,0
518764,518764,518766,2,0
518764,518764,518767,3,0
518764,518764,518766,2,0
518764,518764,518766,2,0
518764,518764,518766,2,0
518764,518764,518766,2,0
518764,518764,518766,2,0
518764,518764,518767,3,0
518764,518764,518766,2,0
518764,518764,518767,3,0
518764,518764,518766,2,0
518764,518764,518766,2,0
518764,518764,518766,2,0
518764,518764,518766,2,0
518764,518764,518766,2,0
518764,518764,518766,2,0
518764,518764,518767,3,0
518764,518764,518766,2,0
518764,518764,518766,2,0
518764,518764,518766,2,0
518764,518764,518766,2,0
518764,518764,518767,3,0
518764,518764,518766,2,0
518764,518764,518767,3,0
518764,518764,518767,3,0
518764,518766,518767,1,2
518764,518766,518767,1,2
518764,518767,518768,1,3
518764,518767,518769,2,3
518764,518767,518769,2,3
518764,518767,518769,2,3
518764,518767,518769,2,3
518764,518767,518769,2,3
518764,518767,518769,2,3
518804,518804,518806,2,0
518804,518804,518806,2,0
518804,518804,518806,2,0
518804,518804,518806,2,0
518804,518804,518806,2,0
518804,518804,518806,2,0
518804,518804,518806,2,0
518804,518804,518806,2,0
518804,518804,518806,2,0
518804,518804,518806,2,0
518804,518804,518806,2,0
518804,518804,518806,2,0
518804,518804,518806,2,0
518804,518804,518807,3,0
518804,518804,518807,3,0
518804,518804,518807,3,0
518804,518804,518807,3,0
518804,518804,518807,3,0
518804,518804,518806,2,0
518804,518804,518806,2,0
518804,518804,518806,2,0
518804,518804,518806,2,0
518804,518804,518807,3,0
518804,518804,518807,3,0
518804,518804,518807,3,0
518804,518804,518807,3,0
518804,518804,518806,2,0
518804,518804,518806,2,0
518804,518804,518806,2,0
518804,518804,518807,3,0
518804,518804,518807,3,0
518804,518804,518807,3,0
518804,518804,518807,3,0
518804,518804,518806,2,0
518804,518804,518807,3,0
518804,518804,518807,3,0
518804,518804,518807,3,0
518804,518804,518807,3,0
518804,518804,518807,3,0
518804,518804,518807,3,0
518804,518804,518807,3,0
518804,518804,518807,3,0
518804,518804,518807,3,0
518804,518804,518807,3,0
518804,518804,518807,3,0
518804,518804,518807,3,0
518804,518804,518807,3,0
518804,518804,518807,3,0
518804,518804,518807,3,0
518804,518804,518807,3,0
518804,518804,518807,3,0
518804,518804,518807,3,0
518804,518804,518807,3,0
518804,518804,518807,3,0
518804,518804,518807,3,0
518804,518804,518806,2,0
518804,518804,518807,3,0
518804,518804,518807,3,0
518804,518804,518807,3,0
518804,518804,518807,3,0
518804,518804,518806,2,0
518804,518804,518806,2,0
518804,518804,518807,3,0
518804,518804,518807,3,0
518804,518804,518807,3,0
518804,518804,518807,3,0
518804,518804,518807,3,0
518804,518804,518806,2,0
518804,518804,518807,3,0
518804,518804,518807,3,0
518804,518804,518807,3,0
518804,518804,518807,3,0
518804,518804,518807,3,0
518804,518804,518806,2,0
518804,518804,518806,2,0
518804,518804,518806,2,0
518804,518804,518807,3,0
518804,518804,518807,3,0
518804,518804,518807,3,0
518804,518804,518807,3,0
518804,518806,518808,2,2
518804,518806,518808,2,2
518804,518806,518808,2,2
518804,518806,518808,2,2
518804,518806,518808,2,2
518804,518806,518808,2,2
518804,518806,518808,2,2
518804,518806,518808,2,2
518804,518806,518808,2,2
518804,518806,518808,2,2
518804,518807,518809,2,3
518804,518807,518810,3,3
518804,518808,518810,2,4
518804,518807,518809,2,3
518804,518807,518810,3,3
518804,518807,518810,3,3
518804,518807,518809,2,3
518804,518807,518809,2,3
518804,518807,518810,3,3
518804,518807,518810,3,3
518804,518807,518810,3,3
518804,518807,518810,3,3
518804,518807,518810,3,3
518804,518807,518810,3,3
518804,518808,518810,2,4
518804,518808,518810,2,4
518804,518808,518810,2,4
518804,518808,518810,2,4
518804,518809,518810,1,5
518804,518807,518810,3,3
518804,518807,518810,3,3
518804,518808,518810,2,4
518804,518808,518810,2,4
518804,518808,518810,2,4
518804,518808,518810,2,4
518804,518808,518810,2,4
518804,518808,518810,2,4
518804,518808,518810,2,4
518804,518808,518810,2,4
518804,518809,518810,1,5
518804,518809,518811,2,5
518804,518809,518811,2,5
518804,518807,518810,3,3
518804,518807,518810,3,3
518804,518808,518810,2,4
518804,518808,518810,2,4
518804,518808,518810,2,4
518804,518808,518810,2,4
518804,518808,518810,2,4
518804,518807,518810,3,3
518804,518807,518810,3,3
518804,518808,518810,2,4
518804,518808,518810,2,4
518804,518808,518810,2,4
518804,518809,518810,1,5
518804,518809,518810,1,5
518804,518807,518810,3,3
518804,518807,518810,3,3
518804,518808,518810,2,4
518804,518808,518810,2,4
518804,518808,518810,2,4
518804,518808,518810,2,4
518804,518809,518810,1,5
518804,518807,518810,3,3
518804,518808,518810,2,4
518804,518808,518810,2,4
518804,518808,518810,2,4
518804,518808,518810,2,4
518804,518808,518810,2,4
518804,518807,518810,3,3
518804,518807,518810,3,3
518804,518808,518810,2,4
518804,518808,518810,2,4
518804,518808,518810,2,4
518804,518809,518810,1,5
518804,518809,518810,1,5
518804,518807,518810,3,3
518804,518807,518810,3,3
518804,518808,518810,2,4
518804,518808,518810,2,4
518804,518808,518810,2,4
518804,518808,518810,2,4
518804,518809,518810,1,5
518804,518807,518810,3,3
518804,518807,518810,3,3
518804,518808,518810,2,4
518804,518808,518811,3,4
518804,518808,518811,3,4
518804,518808,518810,2,4
518804,518808,518811,3,4
518804,518810,518811,1,6
518804,518810,518811,1,6
518804,518810,518811,1,6
518804,518810,518811,1,6
518804,518810,518811,1,6
518804,518810,518811,1,6
518804,518810,518811,1,6
518804,518810,518811,1,6
518804,518810,518811,1,6
518804,518810,518812,2,6
518804,518810,518811,1,6
518804,518811,518813,2,7
518804,518811,518813,2,7
518804,518811,518813,2,7
518804,518811,518813,2,7
518804,518811,518813,2,7
518804,518811,518813,2,7
518804,518811,518812,1,7
518804,518811,518813,2,7
518804,518811,518813,2,7
518804,518811,518813,2,7
518804,518811,518813,2,7
518804,518811,518813,2,7
518804,518811,518813,2,7
518804,518811,518813,2,7
518804,518811,518814,3,7
518804,518811,518813,2,7
518804,518811,518813,2,7
518804,518811,518813,2,7
518804,518811,518813,2,7
518818,518818,518821,3,0
518818,518818,518821,3,0
518818,518818,518821,3,0
518818,518818,518821,3,0
518818,518818,518820,2,0
518818,518818,518821,3,0
518818,518818,518821,3,0
518818,518818,518821,3,0
518818,518818,518821,3,0
518818,518818,518821,3,0
518818,518818,518821,3,0
518818,518818,518821,3,0
518818,518818,518821,3,0
518818,518818,518821,3,0
518818,518819,518821,2,1
518818,518819,518821,2,1
518818,518819,518821,2,1
518818,518819,518821,2,1
518818,518818,518821,3,0
518818,518818,518821,3,0
518818,518818,518821,3,0
518818,518819,518821,2,1
518818,518819,518821,2,1
518818,518819,518821,2,1
518818,518819,518821,2,1
518818,518818,518821,3,0
518818,518818,518821,3,0
518818,518818,518821,3,0
518818,518819,518821,2,1
518818,518819,518821,2,1
518818,518819,518821,2,1
518818,518819,518821,2,1
518818,518818,518821,3,0
518818,518818,518821,3,0
518818,518818,518821,3,0
518818,518819,518821,2,1
518818,518819,518821,2,1
518818,518819,518821,2,1
518818,518819,518821,2,1
518818,518819,518821,2,1
518818,518818,518821,3,0
518818,518818,518821,3,0
518818,518818,518821,3,0
518818,518818,518821,3,0
518818,518819,518821,2,1
518818,518819,518821,2,1
518818,518819,518821,2,1
518818,518819,518822,3,1
518818,518818,518821,3,0
518818,518818,518821,3,0
518818,518819,518821,2,1
518818,518819,518821,2,1
518818,518819,518821,2,1
518818,518819,518821,2,1
518818,518819,518821,2,1
518818,518818,518821,3,0
518818,518818,518821,3,0
518818,518819,518821,2,1
518818,518819,518821,2,1
518818,518819,518822,3,1
518818,518819,518822,3,1
518818,518818,518821,3,0
518818,518818,518821,3,0
518818,518819,518821,2,1
518818,518819,518821,2,1
518818,518819,518821,2,1
518818,518819,518821,2,1
518818,518819,518821,2,1
518818,518818,518821,3,0
518818,518818,518821,3,0
518818,518819,518821,2,1
518818,518819,518821,2,1
518818,518819,518821,2,1
518818,518819,518821,2,1
518818,518819,518821,2,1
518818,518818,518821,3,0
518818,518819,518821,2,1
518818,518819,518821,2,1
518818,518819,518821,2,1
518818,518819,518821,2,1
518818,518821,518822,1,3
518818,518821,518822,1,3
518818,518821,518822,1,3
518818,518821,518822,1,3
518818,518821,518823,2,3
518818,518821,518822,1,3
518818,518821,518822,1,3
518818,518821,518823,2,3
518818,518821,518822,1,3
518936,518936,518939,3,0
518936,518936,518939,3,0
518936,518936,518939,3,0
518936,518936,518939,3,0
518936,518936,518939,3,0
518936,518936,518939,3,0
518936,518936,518939,3,0
518936,518936,518939,3,0
518936,518937,518939,2,1
518936,518937,518939,2,1
518936,518936,518939,3,0
518936,518936,518939,3,0
518936,518936,518939,3,0
518936,518936,518939,3,0
518936,518936,518939,3,0
518936,518937,518939,2,1
518936,518937,518939,2,1
518936,518937,518939,2,1
518936,518936,518939,3,0
518936,518936,518939,3,0
518936,518936,518939,3,0
518936,518936,518939,3,0
518936,518936,518939,3,0
518936,518937,518940,3,1
518936,518937,518940,3,1
518936,518937,518940,3,1
518936,518936,518939,3,0
518936,518936,518939,3,0
518936,518936,518939,3,0
518936,518936,518939,3,0
518936,518937,518939,2,1
518936,518937,518939,2,1
518936,518937,518939,2,1
518936,518937,518940,3,1
518936,518936,518939,3,0
518936,518936,518939,3,0
518936,518936,518939,3,0
518936,518936,518939,3,0
518936,518937,518939,2,1
518936,518937,518939,2,1
518936,518937,518939,2,1
518936,518937,518939,2,1
518936,518936,518939,3,0
518936,518936,518939,3,0
518936,518936,518939,3,0
518936,518936,518939,3,0
518936,518937,518939,2,1
518936,518937,518939,2,1
518936,518937,518940,3,1
518936,518937,518939,2,1
518936,518936,518939,3,0
518936,518936,518939,3,0
518936,518936,518939,3,0
518936,518937,518939,2,1
518936,518937,518939,2,1
518936,518937,518939,2,1
518936,518937,518939,2,1
518936,518936,518939,3,0
518936,518936,518939,3,0
518936,518936,518939,3,0
518936,518937,518939,2,1
518936,518937,518939,2,1
518936,518937,518939,2,1
518936,518937,518939,2,1
518936,518937,518939,2,1
518936,518936,518939,3,0
518936,518936,518939,3,0
518936,518937,518939,2,1
518936,518937,518939,2,1
518936,518937,518939,2,1
518936,518937,518939,2,1
518936,518936,518939,3,0
518936,518936,518939,3,0
518936,518936,518939,3,0
518936,518936,518939,3,0
518936,518937,518939,2,1
518936,518937,518939,2,1
518936,518937,518939,2,1
518936,518937,518940,3,1
518936,518937,518940,3,1
518936,518939,518940,1,3
518936,518939,518940,1,3
518936,518939,518940,1,3
518936,518940,518942,2,4
518936,518940,518941,1,4
518936,518940,518942,2,4
518936,518940,518942,2,4
518936,518940,518942,2,4
518936,518940,518942,2,4
518936,518940,518941,1,4
518936,518940,518941,1,4
518936,518940,518942,2,4
518936,518940,518942,2,4
518936,518940,518942,2,4
518936,518940,518942,2,4
518936,518940,518942,2,4
518936,518940,518942,2,4
518936,518940,518942,2,4
518936,518940,518942,2,4
518936,518940,518942,2,4
518936,518940,518942,2,4
518936,518940,518942,2,4
518936,518940,518942,2,4
518936,518940,518942,2,4
518936,518940,518943,3,4
518936,518940,518943,3,4
518936,518940,518943,3,4
518936,518941,518943,2,5
518936,518940,518942,2,4
518936,518940,518942,2,4
518936,518940,518942,2,4
518936,518940,518942,2,4
518936,518940,518942,2,4
518936,518940,518942,2,4
518936,518940,518942,2,4
518936,518940,518943,3,4
518936,518940,518942,2,4
518936,518940,518942,2,4
518936,518940,518942,2,4
518936,518940,518942,2,4
518936,518940,518942,2,4
518936,518940,518942,2,4
518936,518940,518943,3,4
518936,518940,518942,2,4
518936,518940,518942,2,4
518936,518940,518942,2,4
518936,518940,518942,2,4
518936,518940,518943,3,4
518936,518941,518943,2,5
518936,518940,518942,2,4
518936,518940,518942,2,4
518936,518940,518942,2,4
518936,518940,518943,3,4
518936,518940,518943,3,4
518936,518940,518943,3,4
518936,518940,518942,2,4
518936,518940,518942,2,4
518936,518940,518942,2,4
518936,518940,518942,2,4
518936,518940,518942,2,4
518936,518940,518942,2,4
518936,518940,518943,3,4
518936,518940,518943,3,4
518936,518940,518943,3,4
518936,518940,518942,2,4
518936,518940,518942,2,4
518936,518940,518942,2,4
518936,518940,518942,2,4
518936,518940,518942,2,4
518936,518940,518943,3,4
518936,518940,518943,3,4
518936,518940,518943,3,4
518936,518940,518942,2,4
518936,518940,518942,2,4
518936,518940,518942,2,4
518936,518940,518942,2,4
518936,518941,518943,2,5
518936,518941,518943,2,5
518936,518940,518942,2,4
518936,518940,518942,2,4
518936,518940,518942,2,4
518936,518940,518942,2,4
518936,518940,518943,3,4
518936,518942,518944,2,6
518936,518942,518943,1,6
518936,518942,518944,2,6
518936,518942,518944,2,6
518936,518942,518944,2,6
518936,518942,518944,2,6
518936,518942,518944,2,6
518936,518942,518944,2,6
518936,518942,518944,2,6
518936,518942,518944,2,6
518936,518942,518944,2,6
518936,518942,518944,2,6
518936,518942,518944,2,6
518936,518942,518944,2,6
518936,518942,518944,2,6
518936,518942,518944,2,6
518936,518943,518945,2,7
518936,518943,518945,2,7
518936,518943,518945,2,7
518936,518943,518945,2,7
518936,518943,518945,2,7
518936,518943,518945,2,7
518936,518943,518945,2,7
518936,518943,518945,2,7
518936,518943,518945,2,7
518936,518943,518945,2,7
518936,518943,518945,2,7
518936,518943,518945,2,7
518936,518943,518945,2,7
518936,518943,518945,2,7
518936,518943,518945,2,7
518936,518943,518945,2,7
518936,518943,518945,2,7
518936,518943,518945,2,7
518936,518943,518945,2,7
518936,518943,518945,2,7
518936,518943,518945,2,7
518951,518951,518953,2,0
518951,518951,518953,2,0
518951,518951,518953,2,0
518951,518951,518953,2,0
518951,518951,518953,2,0
518951,518951,518953,2,0
518951,518951,518954,3,0
518951,518951,518953,2,0
518951,518951,518954,3,0
518951,518951,518954,3,0
518951,518951,518953,2,0
518951,518951,518953,2,0
518951,518951,518953,2,0
518951,518951,518953,2,0
518951,518951,518953,2,0
518951,518951,518954,3,0
518951,518951,518954,3,0
518951,518951,518954,3,0
518951,518951,518953,2,0
518951,518951,518954,3,0
518951,518951,518953,2,0
518951,518951,518953,2,0
518951,518951,518953,2,0
518951,518951,518954,3,0
518951,518951,518954,3,0
518951,518951,518954,3,0
518951,518951,518953,2,0
518951,518951,518954,3,0
518951,518951,518953,2,0
518951,518951,518953,2,0
518951,518951,518954,3,0
518951,518951,518954,3,0
518951,518951,518954,3,0
518951,518951,518954,3,0
518951,518951,518953,2,0
518951,518951,518953,2,0
518951,518951,518953,2,0
518951,518951,518953,2,0
518951,518951,518954,3,0
518951,518951,518954,3,0
518951,518951,518954,3,0
518951,518951,518954,3,0
518951,518951,518953,2,0
518951,518951,518953,2,0
518951,518951,518953,2,0
518951,518951,518953,2,0
518951,518951,518954,3,0
518951,518951,518954,3,0
518951,518951,518954,3,0
518951,518951,518954,3,0
518951,518951,518953,2,0
518951,518951,518954,3,0
518951,518951,518953,2,0
518951,518951,518953,2,0
518951,518951,518954,3,0
518951,518951,518954,3,0
518951,518951,518953,2,0
518951,518951,518953,2,0
518951,518951,518954,3,0
518951,518951,518954,3,0
518951,518951,518953,2,0
518951,518951,518954,3,0
518951,518951,518954,3,0
518951,518951,518954,3,0
518951,518951,518953,2,0
518951,518951,518953,2,0
518951,518951,518954,3,0
518951,518951,518954,3,0
518951,518951,518954,3,0
518951,518951,518954,3,0
518951,518951,518954,3,0
518951,518951,518953,2,0
518951,518951,518953,2,0
518951,518951,518953,2,0
518951,518951,518954,3,0
518951,518951,518954,3,0
518951,518951,518954,3,0
518951,518951,518954,3,0
518951,518951,518954,3,0
518951,518951,518954,3,0
518951,518953,518955,2,2
518951,518953,518955,2,2
518951,518953,518955,2,2
518951,518954,518956,2,3
518951,518954,518956,2,3
518951,518954,518956,2,3
518951,518954,518956,2,3
518951,518954,518956,2,3
518951,518954,518956,2,3
519510,519510,519514,4,0
519510,519510,519514,4,0
519510,519510,519514,4,0
519510,519510,519514,4,0
519510,519510,519514,4,0
519510,519510,519514,4,0
519510,519510,519514,4,0
519510,519510,519514,4,0
519510,519510,519514,4,0
519510,519510,519514,4,0
519510,519510,519514,4,0
519510,519510,519514,4,0
519510,519510,519514,4,0
519510,519510,519514,4,0
519510,519510,519514,4,0
519510,519510,519514,4,0
519510,519510,519514,4,0
519510,519510,519514,4,0
519510,519510,519514,4,0
519510,519510,519514,4,0
519510,519510,519514,4,0
519510,519510,519514,4,0
519510,519510,519514,4,0
519510,519510,519514,4,0
519510,519510,519514,4,0
519510,519510,519514,4,0
519510,519510,519514,4,0
519510,519510,519514,4,0
519510,519510,519514,4,0
519510,519510,519514,4,0
519510,519510,519514,4,0
519510,519510,519514,4,0
519510,519510,519514,4,0
519510,519510,519514,4,0
519510,519510,519514,4,0
519510,519510,519514,4,0
519510,519510,519514,4,0
519510,519510,519514,4,0
519510,519510,519514,4,0
519510,519510,519514,4,0
519510,519510,519515,5,0
519510,519510,519515,5,0
519510,519510,519515,5,0
519510,519510,519515,5,0
519510,519510,519515,5,0
519510,519510,519515,5,0
519510,519510,519515,5,0
519510,519510,519515,5,0
519510,519510,519515,5,0
519510,519510,519515,5,0
519510,519510,519515,5,0
519510,519510,519515,5,0
519510,519510,519515,5,0
519510,519510,519515,5,0
519510,519510,519515,5,0
519510,519510,519515,5,0
519510,519510,519515,5,0
519510,519510,519515,5,0
519510,519510,519515,5,0
519510,519510,519515,5,0
519510,519510,519515,5,0
519510,519510,519515,5,0
519510,519510,519515,5,0
519510,519510,519515,5,0
519510,519510,519516,6,0
519510,519510,519516,6,0
519510,519510,519516,6,0
519510,519510,519516,6,0
519510,519510,519516,6,0
519510,519510,519516,6,0
519510,519510,519516,6,0
519510,519510,519516,6,0
519510,519510,519516,6,0
519510,519510,519516,6,0
519510,519510,519516,6,0
519510,519510,519516,6,0
519510,519510,519516,6,0
519510,519510,519517,7,0
519510,519510,519517,7,0
519510,519510,519517,7,0
519510,519515,519517,2,5
519510,519515,519518,3,5
519510,519515,519518,3,5
519510,519515,519517,2,5
519510,519515,519518,3,5
519510,519515,519517,2,5
519510,519515,519518,3,5
519510,519515,519518,3,5
519510,519515,519517,2,5
519510,519514,519518,4,4
519510,519515,519518,3,5
519510,519515,519518,3,5
519510,519515,519518,3,5
519510,519515,519518,3,5
519510,519514,519517,3,4
519510,519515,519518,3,5
519510,519515,519518,3,5
519510,519515,519518,3,5
519510,519515,519517,2,5
519510,519515,519517,2,5
519510,519515,519518,3,5
519510,519514,519517,3,4
519510,519515,519517,2,5
519510,519515,519518,3,5
519510,519515,519518,3,5
519510,519515,519518,3,5
519510,519515,519518,3,5
519510,519516,519518,2,6
519510,519515,519518,3,5
519510,519516,519519,3,6
519510,519515,519518,3,5
519510,519515,519518,3,5
519510,519515,519518,3,5
519510,519515,519518,3,5
519510,519516,519519,3,6
519510,519516,519519,3,6
519510,519516,519518,2,6
519510,519516,519518,2,6
519510,519516,519518,2,6
519510,519515,519519,4,5
519510,519515,519518,3,5
519510,519515,519519,4,5
519510,519515,519518,3,5
519510,519516,519519,3,6
519510,519515,519519,4,5
519510,519515,519519,4,5
519510,519515,519519,4,5
519510,519517,519519,2,7
519510,519518,519520,2,8
519510,519518,519519,1,8
519510,519518,519520,2,8
519510,519516,519519,3,6
519510,519516,519519,3,6
519510,519516,519519,3,6
519510,519516,519519,3,6
519510,519516,519519,3,6
519510,519516,519519,3,6
519510,519516,519519,3,6
519510,519516,519519,3,6
519510,519517,519519,2,7
519510,519516,519519,3,6
519510,519517,519519,2,7
519510,519517,519519,2,7
519510,519517,519519,2,7
519510,519517,519519,2,7
519510,519517,519519,2,7
519510,519517,519519,2,7
519510,519517,519519,2,7
519510,519516,519519,3,6
519510,519516,519519,3,6
519510,519517,519519,2,7
519510,519517,519519,2,7
519510,519517,519519,2,7
519510,519515,519519,4,5
519510,519515,519519,4,5
519510,519515,519519,4,5
519510,519515,519519,4,5
519510,519515,519519,4,5
519510,519517,519519,2,7
519510,519516,519519,3,6
519510,519518,519519,1,8
519510,519518,519520,2,8
519510,519519,519521,2,9
519510,519518,519520,2,8
519510,519518,519521,3,8
519510,519518,519520,2,8
519510,519518,519521,3,8
519510,519518,519520,2,8
519510,519518,519521,3,8
519510,519518,519521,3,8
519510,519518,519521,3,8
519510,519518,519520,2,8
519510,519519,519521,2,9
519510,519518,519520,2,8
519510,519518,519520,2,8
519510,519518,519521,3,8
519510,519519,519521,2,9
519510,519518,519520,2,8
519510,519518,519520,2,8
519510,519518,519521,3,8
519510,519518,519520,2,8
519510,519519,519521,2,9
519510,519518,519520,2,8
519510,519518,519520,2,8
519510,519518,519521,3,8
519510,519518,519520,2,8
519510,519518,519520,2,8
519510,519519,519521,2,9
519510,519518,519520,2,8
519510,519518,519520,2,8
519510,519518,519521,3,8
519510,519519,519521,2,9
519510,519519,519521,2,9
519510,519519,519521,2,9
519510,519519,519521,2,9
519510,519519,519521,2,9
519510,519519,519521,2,9
519510,519519,519521,2,9
519510,519519,519521,2,9
519510,519519,519521,2,9
519527,519527,519530,3,0
519527,519527,519530,3,0
519527,519527,519530,3,0
519527,519527,519530,3,0
519527,519527,519530,3,0
519527,519527,519530,3,0
519527,519527,519530,3,0
519527,519527,519530,3,0
519527,519527,519530,3,0
519527,519527,519530,3,0
519527,519527,519530,3,0
519527,519527,519530,3,0
519527,519527,519530,3,0
519527,519527,519530,3,0
519527,519527,519530,3,0
519527,519527,519530,3,0
519527,519527,519530,3,0
519527,519527,519530,3,0
519527,519527,519530,3,0
519527,519527,519531,4,0
519527,519527,519530,3,0
519527,519527,519530,3,0
519527,519527,519531,4,0
519527,519527,519530,3,0
519527,519527,519530,3,0
519527,519527,519531,4,0
519527,519527,519531,4,0
519527,519527,519531,4,0
519527,519527,519531,4,0
519527,519527,519530,3,0
519527,519527,519531,4,0
519527,519527,519530,3,0
519527,519527,519530,3,0
519527,519527,519531,4,0
519527,519527,519531,4,0
519527,519527,519531,4,0
519527,519527,519531,4,0
519527,519527,519530,3,0
519527,519527,519530,3,0
519527,519527,519530,3,0
519527,519527,519531,4,0
519527,519527,519531,4,0
519527,519527,519531,4,0
519527,519527,519530,3,0
519527,519527,519530,3,0
519527,519527,519530,3,0
519527,519527,519531,4,0
519527,519527,519530,3,0
519527,519527,519531,4,0
519527,519527,519531,4,0
519527,519527,519531,4,0
519527,519527,519530,3,0
519527,519527,519531,4,0
519527,519527,519531,4,0
519527,519527,519531,4,0
519527,519527,519531,4,0
519527,519527,519531,4,0
519527,519527,519531,4,0
519527,519527,519531,4,0
519527,519527,519531,4,0
519527,519527,519532,5,0
519527,519527,519532,5,0
519527,519527,519532,5,0
519527,519527,519532,5,0
519527,519527,519532,5,0
519527,519527,519532,5,0
519527,519527,519531,4,0
519527,519530,519532,2,3
519527,519530,519532,2,3
519527,519527,519531,4,0
519527,519527,519531,4,0
519527,519527,519531,4,0
519527,519527,519531,4,0
519527,519530,519532,2,3
519527,519527,519532,5,0
519527,519527,519532,5,0
519527,519527,519531,4,0
519527,519530,519532,2,3
519527,519527,519531,4,0
519527,519527,519531,4,0
519527,519527,519532,5,0
519527,519527,519531,4,0
519527,519530,519532,2,3
519527,519527,519531,4,0
519527,519527,519531,4,0
519527,519530,519532,2,3
519527,519530,519532,2,3
519527,519530,519532,2,3
519527,519530,519532,2,3
520140,520140,520151,11,0
520140,520140,520151,11,0
520140,520140,520151,11,0
520140,520140,520153,13,0
520140,520140,520152,12,0
520140,520140,520153,13,0
520140,520140,520152,12,0
520140,520140,520153,13,0
520140,520140,520154,14,0
520140,520140,520154,14,0
520140,520140,520154,14,0
520140,520140,520154,14,0
520140,520140,520154,14,0
520140,520140,520154,14,0
520140,520140,520154,14,0
520140,520140,520154,14,0
520140,520140,520154,14,0
520140,520140,520154,14,0
520140,520140,520155,15,0
520140,520140,520155,15,0
520140,520140,520154,14,0
520140,520140,520154,14,0
520140,520140,520155,15,0
520140,520140,520154,14,0
520140,520140,520155,15,0
520140,520140,520155,15,0
520140,520140,520155,15,0
520140,520140,520156,16,0
520140,520140,520156,16,0
520140,520140,520155,15,0
520140,520140,520155,15,0
520140,520140,520156,16,0
520140,520140,520156,16,0
520140,520140,520156,16,0
520140,520140,520156,16,0
520140,520140,520155,15,0
520140,520140,520156,16,0
520140,520140,520156,16,0
520140,520140,520156,16,0
520140,520140,520156,16,0
520140,520140,520157,17,0
520140,520140,520157,17,0
520140,520140,520157,17,0
520140,520140,520157,17,0
520140,520140,520157,17,0
520140,520140,520157,17,0
520140,520140,520157,17,0
520140,520140,520157,17,0
520140,520140,520157,17,0
520140,520140,520156,16,0
520140,520140,520156,16,0
520140,520140,520156,16,0
520140,520140,520157,17,0
520140,520140,520156,16,0
520140,520140,520156,16,0
520140,520140,520157,17,0
520140,520140,520157,17,0
520140,520140,520156,16,0
520140,520140,520158,18,0
520140,520140,520158,18,0
520140,520140,520158,18,0
520140,520140,520158,18,0
520140,520140,520158,18,0
520140,520140,520158,18,0
520140,520140,520158,18,0
520140,520140,520158,18,0
520140,520140,520158,18,0
520140,520140,520159,19,0
520140,520140,520159,19,0
520140,520140,520159,19,0
520140,520140,520159,19,0
520140,520140,520159,19,0
520140,520140,520160,20,0
520140,520140,520160,20,0
520140,520140,520160,20,0
520140,520140,520160,20,0
520140,520140,520160,20,0
520140,520140,520160,20,0
520140,520140,520161,21,0
520140,520140,520161,21,0
520140,520151,520163,12,11
520140,520153,520164,11,13
520140,520152,520164,12,12
520140,520153,520165,12,13
520140,520154,520166,12,14
520140,520153,520165,12,13
520140,520155,520166,11,15
520140,520153,520166,13,13
520140,520151,520166,15,11
520140,520154,520167,13,14
520140,520154,520167,13,14
520140,520155,520167,12,15
520140,520156,520167,11,16
520140,520156,520168,12,16
520140,520155,520168,13,15
520140,520155,520169,14,15
520140,520155,520169,14,15
520140,520157,520169,12,17
520140,520158,520168,10,18
520140,520156,520169,13,16
520140,520156,520169,13,16
520140,520156,520169,13,16
520140,520155,520169,14,15
520140,520155,520169,14,15
520140,520155,520169,14,15
520140,520155,520169,14,15
520140,520154,520169,15,14
520140,520154,520169,15,14
520140,520156,520170,14,16
520140,520157,520170,13,17
520140,520157,520170,13,17
520140,520155,520170,15,15
520140,520154,520170,16,14
520140,520154,520170,16,14
520140,520155,520170,15,15
520140,520156,520170,14,16
520140,520157,520170,13,17
520140,520155,520170,15,15
520140,520156,520170,14,16
520140,520157,520170,13,17
520140,520156,520170,14,16
520140,520158,520170,12,18
520140,520158,520171,13,18
520140,520154,520171,17,14
520140,520157,520171,14,17
520140,520156,520171,15,16
520140,520157,520171,14,17
520140,520157,520171,14,17
520140,520156,520171,15,16
520140,520157,520171,14,17
520140,520158,520172,14,18
520140,520157,520171,14,17
520140,520158,520171,13,18
520140,520158,520172,14,18
520140,520159,520172,13,19
520140,520156,520172,16,16
520140,520156,520172,16,16
520140,520157,520172,15,17
520140,520157,520172,15,17
520140,520157,520172,15,17
520140,520157,520172,15,17
520140,520157,520173,16,17
520140,520157,520173,16,17
520140,520158,520174,16,18
520140,520157,520173,16,17
520140,520159,520173,14,19
520140,520160,520173,13,20
520140,520160,520173,13,20
520140,520158,520173,15,18
520140,520161,520173,12,21
520140,520159,520174,15,19
520140,520163,520174,11,23
520140,520159,520174,15,19
520140,520160,520174,14,20
520140,520158,520175,17,18
520140,520160,520175,15,20
520140,520157,520175,18,17
520140,520160,520176,16,20
520140,520161,520176,15,21
520140,520159,520176,17,19
520140,520165,520176,11,25
520140,520160,520177,17,20
520140,520165,520178,13,25
520140,520167,520178,11,27
520140,520166,520179,13,26
520140,520167,520179,12,27
520140,520167,520180,13,27
520140,520170,520180,10,30
520140,520168,520180,12,28
520140,520165,520180,15,25
520140,520169,520181,12,29
520140,520169,520181,12,29
520140,520169,520181,12,29
520140,520166,520181,15,26
520140,520168,520181,13,28
520140,520171,520182,11,31
520140,520169,520182,13,29
520140,520169,520182,13,29
520140,520169,520182,13,29
520140,520171,520182,11,31
520140,520171,520182,11,31
520140,520170,520182,12,30
520140,520166,520183,17,26
520140,520171,520183,12,31
520140,520171,520183,12,31
520140,520169,520183,14,29
520140,520167,520183,16,27
520140,520170,520184,14,30
520140,520171,520184,13,31
520140,520170,520184,14,30
520140,520170,520184,14,30
520140,520170,520185,15,30
520140,520171,520185,14,31
520140,520169,520185,16,29
520140,520169,520185,16,29
520140,520171,520186,15,31
520140,520171,520186,15,31
520140,520171,520186,15,31
520140,520171,520187,16,31
520192,520192,520204,12,0
520192,520192,520205,13,0
520192,520192,520206,14,0
520192,520192,520205,13,0
520192,520192,520205,13,0
520192,520193,520205,12,1
520192,520193,520205,12,1
520192,520192,520205,13,0
520192,520192,520205,13,0
520192,520192,520205,13,0
520192,520192,520206,14,0
520192,520192,520206,14,0
520192,520192,520206,14,0
520192,520192,520207,15,0
520192,520193,520207,14,1
520192,520192,520206,14,0
520192,520193,520206,13,1
520192,520192,520206,14,0
520192,520193,520206,13,1
520192,520193,520206,13,1
520192,520193,520206,13,1
520192,520192,520206,14,0
520192,520193,520206,13,1
520192,520193,520206,13,1
520192,520193,520207,14,1
520192,520193,520207,14,1
520192,520192,520207,15,0
520192,520193,520207,14,1
520192,520193,520207,14,1
520192,520192,520208,16,0
520192,520192,520207,15,0
520192,520193,520207,14,1
520192,520192,520207,15,0
520192,520193,520207,14,1
520192,520193,520207,14,1
520192,520193,520207,14,1
520192,520192,520207,15,0
520192,520193,520207,14,1
520192,520192,520207,15,0
520192,520193,520208,15,1
520192,520193,520207,14,1
520192,520193,520208,15,1
520192,520192,520208,16,0
520192,520192,520208,16,0
520192,520192,520208,16,0
520192,520193,520208,15,1
520192,520193,520209,16,1
520192,520193,520208,15,1
520192,520193,520208,15,1
520192,520193,520208,15,1
520192,520193,520208,15,1
520192,520193,520209,16,1
520192,520192,520208,16,0
520192,520193,520208,15,1
520192,520193,520209,16,1
520192,520192,520209,17,0
520192,520192,520209,17,0
520192,520193,520209,16,1
520192,520193,520209,16,1
520192,520193,520209,16,1
520192,520192,520210,18,0
520192,520193,520209,16,1
520192,520193,520209,16,1
520192,520193,520209,16,1
520192,520193,520210,17,1
520192,520193,520210,17,1
520192,520193,520209,16,1
520192,520192,520209,17,0
520192,520192,520209,17,0
520192,520192,520210,18,0
520192,520193,520210,17,1
520192,520193,520210,17,1
520192,520193,520210,17,1
520192,520193,520210,17,1
520192,520193,520210,17,1
520192,520193,520210,17,1
520192,520193,520211,18,1
520192,520193,520212,19,1
520192,520193,520211,18,1
520192,520193,520212,19,1
520192,520205,520215,10,13
520192,520206,520215,9,14
520192,520206,520215,9,14
520192,520206,520218,12,14
520192,520206,520219,13,14
520192,520206,520220,14,14
520192,520206,520220,14,14
520192,520206,520220,14,14
520192,520206,520221,15,14
520267,520268,520279,11,1
520267,520268,520280,12,1
520267,520268,520280,12,1
520267,520268,520281,13,1
520267,520268,520281,13,1
520267,520268,520281,13,1
520267,520268,520281,13,1
520267,520268,520281,13,1
520267,520268,520282,14,1
520267,520268,520282,14,1
520267,520268,520282,14,1
520267,520268,520281,13,1
520267,520268,520281,13,1
520267,520268,520281,13,1
520267,520268,520281,13,1
520267,520268,520281,13,1
520267,520268,520281,13,1
520267,520268,520282,14,1
520267,520268,520282,14,1
520267,520268,520282,14,1
520267,520268,520282,14,1
520267,520268,520282,14,1
520267,520268,520282,14,1
520267,520268,520282,14,1
520267,520268,520282,14,1
520267,520268,520282,14,1
520267,520268,520283,15,1
520267,520268,520283,15,1
520267,520268,520283,15,1
520267,520268,520284,16,1
520267,520268,520284,16,1
520267,520268,520283,15,1
520267,520268,520283,15,1
520267,520268,520283,15,1
520267,520268,520283,15,1
520267,520268,520283,15,1
520267,520268,520284,16,1
520267,520268,520283,15,1
520267,520268,520283,15,1
520267,520268,520283,15,1
520267,520268,520283,15,1
520267,520268,520283,15,1
520267,520268,520284,16,1
520267,520268,520283,15,1
520267,520268,520283,15,1
520267,520268,520283,15,1
520267,520268,520283,15,1
520267,520268,520283,15,1
520267,520268,520284,16,1
520267,520268,520284,16,1
520267,520268,520284,16,1
520267,520268,520285,17,1
520267,520268,520285,17,1
520267,520268,520285,17,1
520267,520268,520285,17,1
520267,520268,520285,17,1
520267,520268,520284,16,1
520267,520268,520285,17,1
520267,520268,520285,17,1
520267,520268,520285,17,1
520267,520268,520284,16,1
520267,520268,520285,17,1
520267,520268,520285,17,1
520267,520268,520286,18,1
520267,520268,520286,18,1
520267,520268,520285,17,1
520267,520268,520286,18,1
520267,520268,520286,18,1
520267,520268,520285,17,1
520267,520268,520287,19,1
520267,520268,520286,18,1
520267,520268,520287,19,1
520267,520268,520287,19,1
520267,520268,520286,18,1
520267,520268,520287,19,1
520267,520268,520287,19,1
520267,520268,520287,19,1
520267,520268,520288,20,1
520267,520268,520289,21,1
520267,520268,520289,21,1
520267,520281,520291,10,14
520267,520282,520292,10,15
520267,520280,520293,13,13
520267,520281,520294,13,14
520267,520282,520294,12,15
520267,520281,520295,14,14
520267,520281,520295,14,14
520267,520282,520295,13,15
520267,520281,520295,14,14
520267,520283,520296,13,16
520267,520282,520296,14,15
520267,520284,520296,12,17
520267,520282,520296,14,15
520267,520283,520295,12,16
520267,520283,520295,12,16
520267,520284,520296,12,17
520267,520284,520297,13,17
520267,520285,520297,12,18
520267,520281,520297,16,14
520267,520284,520297,13,17
520267,520284,520296,12,17
520267,520282,520297,15,15
520267,520285,520297,12,18
520267,520283,520296,13,16
520267,520283,520296,13,16
520267,520283,520297,14,16
520267,520284,520298,14,17
520267,520284,520298,14,17
520267,520282,520297,15,15
520267,520285,520298,13,18
520267,520285,520298,13,18
520267,520286,520298,12,19
520267,520282,520298,16,15
520267,520283,520298,15,16
520267,520284,520298,14,17
520267,520284,520298,14,17
520267,520286,520298,12,19
520267,520283,520298,15,16
520267,520284,520297,13,17
520267,520284,520298,14,17
520267,520284,520297,13,17
520267,520284,520298,14,17
520267,520286,520299,13,19
520267,520284,520299,15,17
520267,520284,520298,14,17
520267,520283,520299,16,16
520267,520282,520299,17,15
520267,520285,520299,14,18
520267,520285,520298,13,18
520267,520285,520299,14,18
520267,520286,520299,13,19
520267,520287,520299,12,20
520267,520285,520299,14,18
520267,520288,520300,12,21
520267,520284,520300,16,17
520267,520285,520300,15,18
520267,520284,520300,16,17
520267,520282,520300,18,15
520267,520283,520299,16,16
520267,520284,520300,16,17
520267,520284,520300,16,17
520267,520288,520300,12,21
520267,520286,520301,15,19
520267,520287,520300,13,20
520267,520284,520301,17,17
520267,520284,520301,17,17
520267,520285,520301,16,18
520267,520289,520301,12,22
520267,520287,520300,13,20
520267,520286,520301,15,19
520267,520284,520302,18,17
520267,520285,520301,16,18
520267,520287,520301,14,20
520267,520284,520303,19,17
520267,520287,520304,17,20
520267,520286,520304,18,19
520267,520289,520304,15,22
520267,520288,520304,16,21
520267,520286,520304,18,19
520267,520292,520305,13,25
520267,520287,520305,18,20
520267,520293,520306,13,26
520267,520294,520306,12,27
520267,520294,520306,12,27
520267,520295,520307,12,28
520267,520295,520307,12,28
520267,520297,520309,12,30
520267,520297,520309,12,30
520267,520298,520310,12,31
520267,520295,520310,15,28
520267,520294,520310,16,27
520267,520296,520309,13,29
520267,520298,520310,12,31
520267,520298,520310,12,31
520267,520296,520310,14,29
520267,520298,520311,13,31
520267,520296,520311,15,29
520267,520297,520311,14,30
520267,520297,520311,14,30
520267,520296,520311,15,29
520267,520296,520311,15,29
520267,520297,520312,15,30
520267,520295,520312,17,28
520267,520298,520312,14,31
520267,520296,520311,15,29
520267,520297,520312,15,30
520267,520297,520313,16,30
520267,520297,520312,15,30
520267,520296,520313,17,29
520267,520298,520313,15,31
520267,520297,520312,15,30
520267,520298,520313,15,31
520267,520298,520313,15,31
520267,520298,520313,15,31
520267,520298,520314,16,31
520267,520297,520313,16,30
520267,520298,520315,17,31
520267,520298,520316,18,31
520267,520298,520316,18,31
520322,520322,520335,13,0
520322,520322,520335,13,0
520322,520322,520335,13,0
520322,520322,520335,13,0
520322,520322,520335,13,0
520322,520322,520335,13,0
520322,520322,520336,14,0
520322,520322,520336,14,0
520322,520322,520337,15,0
520322,520322,520336,14,0
520322,520322,520337,15,0
520322,520322,520336,14,0
520322,520322,520336,14,0
520322,520322,520337,15,0
520322,520322,520338,16,0
520322,520322,520338,16,0
520322,520322,520337,15,0
520322,520322,520338,16,0
520322,520322,520338,16,0
520322,520322,520338,16,0
520322,520322,520337,15,0
520322,520322,520337,15,0
520322,520322,520338,16,0
520322,520322,520338,16,0
520322,520322,520338,16,0
520322,520322,520338,16,0
520322,520322,520338,16,0
520322,520322,520338,16,0
520322,520322,520339,17,0
520322,520322,520338,16,0
520322,520322,520339,17,0
520322,520322,520339,17,0
520322,520322,520339,17,0
520322,520322,520339,17,0
520322,520322,520339,17,0
520322,520322,520339,17,0
520322,520322,520338,16,0
520322,520322,520339,17,0
520322,520322,520339,17,0
520322,520322,520340,18,0
520322,520322,520340,18,0
520322,520322,520339,17,0
520322,520322,520340,18,0
520322,520322,520340,18,0
520322,520322,520340,18,0
520322,520322,520340,18,0
520322,520322,520339,17,0
520322,520322,520340,18,0
520322,520322,520340,18,0
520322,520322,520340,18,0
520322,520322,520340,18,0
520322,520322,520339,17,0
520322,520322,520340,18,0
520322,520322,520340,18,0
520322,520322,520341,19,0
520322,520322,520341,19,0
520322,520322,520341,19,0
520322,520322,520341,19,0
520322,520322,520340,18,0
520322,520322,520340,18,0
520322,520322,520341,19,0
520322,520322,520341,19,0
520322,520322,520341,19,0
520322,520322,520340,18,0
520322,520322,520341,19,0
520322,520322,520341,19,0
520322,520322,520341,19,0
520322,520322,520342,20,0
520322,520322,520342,20,0
520322,520322,520341,19,0
520322,520322,520341,19,0
520322,520322,520341,19,0
520322,520322,520342,20,0
520322,520322,520343,21,0
520322,520322,520343,21,0
520322,520322,520343,21,0
520322,520322,520342,20,0
520322,520322,520343,21,0
520322,520322,520343,21,0
520322,520336,520346,10,14
520322,520322,520345,23,0
520322,520336,520347,11,14
520322,520335,520349,14,13
520322,520335,520349,14,13
520322,520336,520351,15,14
520322,520337,520351,14,15
520322,520336,520352,16,14
520322,520336,520352,16,14
520322,520336,520353,17,14
520392,520392,520397,5,0
520392,520392,520398,6,0
520392,520392,520397,5,0
520392,520392,520397,5,0
520392,520392,520398,6,0
520392,520392,520398,6,0
520392,520392,520398,6,0
520392,520392,520398,6,0
520392,520392,520398,6,0
520392,520392,520397,5,0
520392,520392,520398,6,0
520392,520392,520398,6,0
520392,520392,520398,6,0
520392,520392,520398,6,0
520392,520392,520398,6,0
520392,520392,520399,7,0
520392,520392,520398,6,0
520392,520392,520399,7,0
520392,520392,520399,7,0
520392,520392,520398,6,0
520392,520392,520399,7,0
520392,520392,520399,7,0
520392,520392,520399,7,0
520392,520392,520399,7,0
520392,520392,520400,8,0
520392,520392,520399,7,0
520392,520392,520400,8,0
520392,520392,520400,8,0
520392,520392,520400,8,0
520392,520392,520399,7,0
520392,520392,520399,7,0
520392,520392,520400,8,0
520392,520392,520400,8,0
520392,520392,520400,8,0
520392,520392,520400,8,0
520392,520392,520400,8,0
520392,520392,520399,7,0
520392,520392,520400,8,0
520392,520392,520400,8,0
520392,520392,520400,8,0
520392,520392,520400,8,0
520392,520392,520399,7,0
520392,520392,520400,8,0
520392,520392,520400,8,0
520392,520392,520399,7,0
520392,520392,520399,7,0
520392,520392,520399,7,0
520392,520392,520400,8,0
520392,520392,520400,8,0
520392,520392,520400,8,0
520392,520392,520400,8,0
520392,520392,520400,8,0
520392,520392,520400,8,0
520392,520392,520399,7,0
520392,520392,520400,8,0
520392,520392,520401,9,0
520392,520392,520400,8,0
520392,520392,520401,9,0
520392,520392,520401,9,0
520392,520392,520401,9,0
520392,520392,520401,9,0
520392,520392,520400,8,0
520392,520392,520401,9,0
520392,520392,520401,9,0
520392,520392,520400,8,0
520392,520392,520401,9,0
520392,520392,520401,9,0
520392,520392,520400,8,0
520392,520392,520401,9,0
520392,520392,520401,9,0
520392,520392,520401,9,0
520392,520392,520401,9,0
520392,520392,520401,9,0
520392,520392,520401,9,0
520392,520392,520401,9,0
520392,520392,520402,10,0
520392,520392,520402,10,0
520392,520392,520402,10,0
520392,520392,520403,11,0
520392,520398,520403,5,6
520392,520392,520403,11,0
520392,520398,520403,5,6
520392,520398,520403,5,6
520392,520398,520403,5,6
520392,520398,520404,6,6
520392,520399,520404,5,7
520392,520397,520404,7,5
520392,520398,520404,6,6
520392,520398,520404,6,6
520392,520398,520404,6,6
520392,520399,520404,5,7
520392,520399,520404,5,7
520392,520398,520404,6,6
520392,520399,520404,5,7
520392,520399,520404,5,7
520392,520398,520404,6,6
520392,520400,520405,5,8
520392,520398,520405,7,6
520392,520398,520405,7,6
520392,520400,520405,5,8
520392,520400,520405,5,8
520392,520398,520405,7,6
520392,520399,520406,7,7
520392,520401,520406,5,9
520392,520401,520406,5,9
520392,520400,520407,7,8
520392,520400,520406,6,8
520392,520400,520406,6,8
520392,520401,520406,5,9
520392,520400,520406,6,8
520392,520399,520406,7,7
520392,520400,520406,6,8
520392,520400,520406,6,8
520392,520402,520406,4,10
520392,520400,520406,6,8
520392,520402,520406,4,10
520392,520400,520407,7,8
520392,520400,520407,7,8
520392,520401,520407,6,9
520392,520400,520407,7,8
520392,520401,520407,6,9
520392,520401,520407,6,9
520392,520399,520407,8,7
520392,520400,520407,7,8
520392,520400,520407,7,8
520392,520402,520407,5,10
520392,520401,520407,6,9
520392,520400,520407,7,8
520392,520400,520407,7,8
520392,520401,520407,6,9
520392,520403,520407,4,11
520392,520400,520407,7,8
520392,520403,520407,4,11
520392,520399,520407,8,7
520392,520400,520407,7,8
520392,520399,520408,9,7
520392,520400,520407,7,8
520392,520400,520408,8,8
520392,520401,520408,7,9
520392,520400,520408,8,8
520392,520400,520408,8,8
520392,520401,520409,8,9
520392,520400,520408,8,8
520392,520401,520408,7,9
520392,520400,520409,9,8
520392,520402,520408,6,10
520392,520405,520409,4,13
520392,520400,520408,8,8
520392,520400,520408,8,8
520392,520402,520408,6,10
520392,520403,520408,5,11
520392,520400,520408,8,8
520392,520402,520408,6,10
520392,520402,520409,7,10
520392,520400,520409,9,8
520392,520404,520410,6,12
520392,520403,520409,6,11
520392,520403,520410,7,11
520392,520404,520409,5,12
520392,520402,520409,7,10
520392,520400,520409,9,8
520392,520402,520409,7,10
520392,520404,520410,6,12
520392,520405,520409,4,13
520392,520405,520410,5,13
520392,520401,520410,9,9
520392,520406,520411,5,14
520392,520405,520410,5,13
520392,520406,520410,4,14
520392,520404,520411,7,12
520392,520405,520410,5,13
520392,520405,520410,5,13
520392,520405,520410,5,13
520392,520405,520410,5,13
520392,520405,520410,5,13
520392,520404,520410,6,12
520392,520406,520412,6,14
520392,520407,520411,4,15
520392,520404,520411,7,12
520392,520405,520411,6,13
520392,520407,520411,4,15
520392,520407,520411,4,15
520392,520406,520411,5,14
520392,520406,520411,5,14
520392,520407,520412,5,15
520392,520407,520413,6,15
520392,520408,520412,4,16
520392,520407,520412,5,15
520392,520406,520413,7,14
520392,520407,520412,5,15
520392,520407,520412,5,15
520392,520407,520412,5,15
520392,520407,520412,5,15
520392,520408,520413,5,16
520392,520407,520413,6,15
520392,520407,520413,6,15
520392,520407,520413,6,15
520392,520407,520413,6,15
520392,520408,520414,6,16
520420,520420,520425,5,0
520420,520420,520425,5,0
520420,520420,520426,6,0
520420,520420,520426,6,0
520420,520420,520426,6,0
520420,520420,520426,6,0
520420,520420,520425,5,0
520420,520420,520425,5,0
520420,520420,520426,6,0
520420,520420,520427,7,0
520420,520420,520426,6,0
520420,520420,520426,6,0
520420,520420,520427,7,0
520420,520420,520426,6,0
520420,520420,520426,6,0
520420,520420,520427,7,0
520420,520420,520426,6,0
520420,520420,520427,7,0
520420,520420,520427,7,0
520420,520420,520427,7,0
520420,520420,520427,7,0
520420,520420,520427,7,0
520420,520420,520427,7,0
520420,520420,520427,7,0
520420,520420,520427,7,0
520420,520420,520427,7,0
520420,520420,520427,7,0
520420,520420,520427,7,0
520420,520420,520427,7,0
520420,520420,520427,7,0
520420,520420,520427,7,0
520420,520420,520427,7,0
520420,520420,520428,8,0
520420,520420,520428,8,0
520420,520420,520428,8,0
520420,520420,520427,7,0
520420,520420,520427,7,0
520420,520420,520428,8,0
520420,520420,520428,8,0
520420,520420,520428,8,0
520420,520420,520427,7,0
520420,520420,520428,8,0
520420,520420,520428,8,0
520420,520420,520427,7,0
520420,520420,520427,7,0
520420,520420,520428,8,0
520420,520420,520427,7,0
520420,520420,520427,7,0
520420,520420,520428,8,0
520420,520420,520427,7,0
520420,520420,520427,7,0
520420,520420,520428,8,0
520420,520420,520428,8,0
520420,520420,520428,8,0
520420,520420,520427,7,0
520420,520420,520428,8,0
520420,520420,520427,7,0
520420,520420,520427,7,0
520420,520420,520428,8,0
520420,520420,520429,9,0
520420,520420,520429,9,0
520420,520420,520429,9,0
520420,520420,520428,8,0
520420,520420,520429,9,0
520420,520420,520429,9,0
520420,520420,520428,8,0
520420,520420,520429,9,0
520420,520420,520428,8,0
520420,520420,520429,9,0
520420,520420,520428,8,0
520420,520420,520428,8,0
520420,520420,520428,8,0
520420,520420,520429,9,0
520420,520420,520429,9,0
520420,520420,520429,9,0
520420,520420,520429,9,0
520420,520420,520429,9,0
520420,520420,520429,9,0
520420,520420,520429,9,0
520420,520420,520429,9,0
520420,520426,520430,4,6
520420,520426,520430,4,6
520420,520425,520430,5,5
520420,520426,520431,5,6
520420,520426,520431,5,6
520420,520426,520431,5,6
520420,520425,520430,5,5
520420,520426,520431,5,6
520420,520426,520432,6,6
520487,520488,520492,4,1
520487,520488,520493,5,1
520487,520488,520494,6,1
520487,520488,520494,6,1
520487,520488,520493,5,1
520487,520488,520493,5,1
520487,520488,520494,6,1
520487,520488,520494,6,1
520487,520488,520495,7,1
520487,520488,520495,7,1
520487,520488,520495,7,1
520487,520488,520494,6,1
520487,520488,520494,6,1
520487,520488,520494,6,1
520487,520488,520494,6,1
520487,520488,520494,6,1
520487,520488,520494,6,1
520487,520488,520494,6,1
520487,520488,520494,6,1
520487,520488,520494,6,1
520487,520488,520494,6,1
520487,520488,520495,7,1
520487,520488,520496,8,1
520487,520488,520495,7,1
520487,520488,520496,8,1
520487,520488,520495,7,1
520487,520488,520496,8,1
520487,520488,520495,7,1
520487,520488,520495,7,1
520487,520488,520496,8,1
520487,520488,520496,8,1
520487,520488,520495,7,1
520487,520488,520495,7,1
520487,520488,520495,7,1
520487,520488,520495,7,1
520487,520488,520496,8,1
520487,520488,520496,8,1
520487,520488,520495,7,1
520487,520488,520496,8,1
520487,520488,520496,8,1
520487,520488,520496,8,1
520487,520488,520495,7,1
520487,520488,520496,8,1
520487,520488,520495,7,1
520487,520488,520497,9,1
520487,520488,520496,8,1
520487,520488,520496,8,1
520487,520488,520496,8,1
520487,520488,520496,8,1
520487,520488,520496,8,1
520487,520488,520496,8,1
520487,520488,520496,8,1
520487,520488,520496,8,1
520487,520488,520496,8,1
520487,520488,520497,9,1
520487,520488,520496,8,1
520487,520488,520496,8,1
520487,520488,520497,9,1
520487,520488,520497,9,1
520487,520488,520497,9,1
520487,520488,520497,9,1
520487,520488,520497,9,1
520487,520488,520498,10,1
520487,520488,520498,10,1
520487,520488,520497,9,1
520487,520488,520497,9,1
520487,520488,520497,9,1
520487,520488,520498,10,1
520487,520488,520497,9,1
520487,520488,520498,10,1
520487,520488,520497,9,1
520487,520488,520498,10,1
520487,520488,520497,9,1
520487,520488,520498,10,1
520487,520488,520497,9,1
520487,520488,520497,9,1
520487,520488,520498,10,1
520487,520488,520498,10,1
520487,520488,520498,10,1
520487,520494,520499,5,7
520487,520493,520499,6,6
520487,520488,520499,11,1
520487,520494,520499,5,7
520487,520494,520500,6,7
520487,520494,520500,6,7
520487,520495,520500,5,8
520487,520494,520500,6,7
520487,520496,520501,5,9
520487,520496,520502,6,9
520487,520495,520501,6,8
520487,520495,520501,6,8
520487,520496,520502,6,9
520487,520495,520501,6,8
520487,520496,520502,6,9
520487,520495,520502,7,8
520487,520496,520501,5,9
520487,520495,520501,6,8
520487,520496,520502,6,9
520487,520495,520501,6,8
520487,520495,520502,7,8
520487,520495,520502,7,8
520487,520495,520501,6,8
520487,520496,520502,6,9
520487,520496,520502,6,9
520487,520495,520502,7,8
520487,520496,520502,6,9
520487,520497,520502,5,10
520487,520495,520502,7,8
520487,520495,520503,8,8
520487,520497,520502,5,10
520487,520498,520503,5,11
520487,520495,520503,8,8
520487,520495,520502,7,8
520487,520496,520503,7,9
520487,520496,520503,7,9
520487,520496,520502,6,9
520487,520496,520503,7,9
520487,520496,520503,7,9
520487,520496,520503,7,9
520487,520496,520503,7,9
520487,520496,520502,6,9
520487,520497,520503,6,10
520487,520496,520503,7,9
520487,520496,520503,7,9
520487,520498,520503,5,11
520487,520498,520503,5,11
520487,520497,520504,7,10
520487,520497,520504,7,10
520487,520496,520504,8,9
520487,520497,520503,6,10
520487,520496,520503,7,9
520487,520496,520504,8,9
520487,520497,520504,7,10
520487,520498,520504,6,11
520487,520498,520504,6,11
520487,520497,520504,7,10
520487,520499,520505,6,12
520487,520497,520505,8,10
520487,520497,520504,7,10
520487,520497,520504,7,10
520487,520498,520505,7,11
520487,520498,520505,7,11
520487,520498,520504,6,11
520487,520498,520505,7,11
520487,520498,520504,6,11
520487,520497,520505,8,10
520487,520498,520505,7,11
520487,520496,520505,9,9
520487,520499,520505,6,12
520487,520498,520504,6,11
520487,520498,520505,7,11
520487,520498,520505,7,11
520487,520498,520505,7,11
520487,520498,520506,8,11
520487,520498,520506,8,11
520487,520500,520506,6,13
520487,520498,520505,7,11
520487,520499,520506,7,12
520487,520499,520506,7,12
520487,520498,520506,8,11
520487,520502,520507,5,15
520487,520497,520507,10,10
520487,520501,520507,6,14
520487,520499,520507,8,12
520487,520501,520507,6,14
520487,520500,520507,7,13
520487,520502,520507,5,15
520487,520502,520508,6,15
520487,520502,520508,6,15
520487,520502,520508,6,15
520487,520501,520508,7,14
520487,520501,520508,7,14
520487,520502,520508,6,15
520487,520502,520507,5,15
520487,520502,520508,6,15
520487,520502,520508,6,15
520487,520502,520508,6,15
520487,520502,520508,6,15
520487,520502,520508,6,15
520487,520502,520509,7,15
520487,520503,520509,6,16
520487,520502,520509,7,15
520487,520503,520509,6,16
520487,520503,520509,6,16
520487,520502,520509,7,15
520487,520502,520509,7,15
520487,520503,520509,6,16
520487,520502,520509,7,15
520487,520502,520509,7,15
520487,520503,520510,7,16
520487,520503,520510,7,16
520487,520502,520510,8,15
520487,520503,520509,6,16
520487,520503,520510,7,16
520487,520503,520509,6,16
520487,520502,520510,8,15
520487,520503,520510,7,16
520487,520503,520510,7,16
520487,520503,520511,8,16
520516,520516,520522,6,0
520516,520516,520521,5,0
520516,520516,520522,6,0
520516,520516,520522,6,0
520516,520516,520522,6,0
520516,520516,520522,6,0
520516,520516,520522,6,0
520516,520516,520522,6,0
520516,520516,520523,7,0
520516,520516,520523,7,0
520516,520516,520522,6,0
520516,520516,520523,7,0
520516,520516,520523,7,0
520516,520516,520523,7,0
520516,520516,520523,7,0
520516,520516,520523,7,0
520516,520516,520523,7,0
520516,520516,520523,7,0
520516,520516,520522,6,0
520516,520516,520522,6,0
520516,520516,520522,6,0
520516,520516,520523,7,0
520516,520516,520523,7,0
520516,520516,520522,6,0
520516,520516,520522,6,0
520516,520516,520524,8,0
520516,520516,520523,7,0
520516,520516,520523,7,0
520516,520516,520524,8,0
520516,520516,520524,8,0
520516,520516,520524,8,0
520516,520516,520524,8,0
520516,520516,520524,8,0
520516,520516,520523,7,0
520516,520516,520524,8,0
520516,520516,520523,7,0
520516,520516,520523,7,0
520516,520516,520523,7,0
520516,520516,520523,7,0
520516,520516,520524,8,0
520516,520516,520523,7,0
520516,520516,520523,7,0
520516,520516,520524,8,0
520516,520516,520525,9,0
520516,520516,520525,9,0
520516,520516,520524,8,0
520516,520516,520524,8,0
520516,520516,520525,9,0
520516,520516,520524,8,0
520516,520516,520525,9,0
520516,520516,520524,8,0
520516,520516,520525,9,0
520516,520516,520525,9,0
520516,520516,520524,8,0
520516,520516,520524,8,0
520516,520516,520524,8,0
520516,520516,520525,9,0
520516,520516,520524,8,0
520516,520516,520525,9,0
520516,520516,520525,9,0
520516,520516,520525,9,0
520516,520516,520524,8,0
520516,520516,520524,8,0
520516,520516,520525,9,0
520516,520516,520524,8,0
520516,520516,520525,9,0
520516,520516,520525,9,0
520516,520516,520525,9,0
520516,520516,520525,9,0
520516,520516,520525,9,0
520516,520516,520525,9,0
520516,520516,520525,9,0
520516,520516,520526,10,0
520516,520516,520525,9,0
520516,520516,520525,9,0
520516,520516,520526,10,0
520516,520516,520525,9,0
520516,520516,520526,10,0
520516,520516,520525,9,0
520516,520516,520525,9,0
520516,520522,520527,5,6
520516,520523,520528,5,7
520516,520522,520527,5,6
520516,520522,520527,5,6
520516,520522,520528,6,6
520516,520522,520528,6,6
520516,520523,520529,6,7
520516,520522,520529,7,6
520516,520523,520529,6,7
