submit_time,start_time,end_time,run_time,wait_time
123991,123991,124006,15,0
123991,123991,124015,24,0
124114,124114,124122,8,0
124112,124112,124121,9,0
124115,124115,124123,8,0
124113,124113,124122,9,0
124116,124116,124123,7,0
124111,124111,124124,13,0
124110,124110,124124,14,0
124115,124115,124124,9,0
124117,124117,124124,7,0
124118,124118,124125,7,0
124113,124113,124125,12,0
124110,124110,124125,15,0
124117,124117,124125,8,0
124112,124113,124125,12,1
124114,124114,124125,11,0
124118,124118,124126,8,0
124118,124118,124126,8,0
124112,124112,124126,14,0
124111,124111,124126,15,0
124112,124112,124126,14,0
124115,124115,124126,11,0
124115,124115,124126,11,0
124114,124115,124126,11,1
124116,124116,124127,11,0
124110,124110,124127,17,0
124111,124111,124126,15,0
124116,124116,124127,11,0
124117,124117,124128,11,0
124116,124116,124127,11,0
124120,124120,124127,7,0
124115,124115,124128,13,0
124116,124116,124128,12,0
124121,124121,124128,7,0
124117,124117,124128,11,0
124121,124122,124128,6,1
124116,124116,124128,12,0
124116,124116,124128,12,0
124115,124115,124129,14,0
124117,124117,124129,12,0
124118,124118,124129,11,0
124114,124114,124129,15,0
124119,124119,124129,10,0
124113,124113,124130,17,0
124118,124118,124129,11,0
124111,124111,124130,19,0
124117,124117,124130,13,0
124113,124113,124130,17,0
124119,124119,124130,11,0
124123,124123,124130,7,0
124112,124112,124130,18,0
124111,124111,124131,20,0
124114,124114,124130,16,0
124115,124115,124130,15,0
124120,124120,124131,11,0
124110,124110,124131,21,0
124117,124117,124131,14,0
124120,124120,124131,11,0
124119,124119,124131,12,0
124119,124119,124131,12,0
124110,124110,124131,21,0
124119,124119,124131,12,0
124120,124121,124132,11,1
124110,124110,124131,21,0
124121,124121,124132,11,0
124110,124110,124132,22,0
124113,124113,124131,18,0
124112,124112,124132,20,0
124111,124111,124132,21,0
124110,124110,124132,22,0
124111,124111,124132,21,0
124121,124121,124132,11,0
124119,124119,124133,14,0
124121,124121,124132,11,0
124119,124119,124133,14,0
124114,124114,124133,19,0
124120,124120,124133,13,0
124112,124112,124133,21,0
124122,124122,124133,11,0
124124,124124,124133,9,0
124111,124111,124133,22,0
124112,124112,124133,21,0
124113,124114,124133,19,1
124124,124124,124133,9,0
124122,124122,124133,11,0
124120,124120,124133,13,0
124123,124123,124134,11,0
124114,124114,124133,19,0
124116,124117,124133,16,1
124117,124117,124133,16,0
124114,124114,124134,20,0
124115,124115,124134,19,0
124120,124120,124133,13,0
124123,124123,124134,11,0
124116,124116,124134,18,0
124118,124118,124134,16,0
124122,124122,124134,12,0
124124,124124,124135,11,0
124128,124128,124135,7,0
124113,124113,124135,22,0
124119,124119,124136,17,0
124124,124124,124135,11,0
124125,124125,124136,11,0
124125,124125,124136,11,0
124118,124119,124136,17,1
124121,124121,124136,15,0
124127,124127,124137,10,0
124112,124112,124136,24,0
124113,124113,124136,23,0
124118,124118,124136,18,0
124120,124120,124136,16,0
124126,124126,124137,11,0
124124,124124,124137,13,0
124123,124123,124137,14,0
124125,124125,124137,12,0
124127,124127,124137,10,0
124121,124121,124137,16,0
124126,124126,124138,12,0
124122,124122,124138,16,0
124126,124126,124138,12,0
124122,124122,124138,16,0
124124,124124,124138,14,0
124127,124127,124138,11,0
124123,124123,124139,16,0
124125,124125,124139,14,0
124123,124123,124139,16,0
124127,124127,124139,12,0
124128,124128,124140,12,0
124130,124130,124140,10,0
124124,124125,124140,15,1
124130,124130,124140,10,0
124128,124128,124140,12,0
124126,124126,124140,14,0
124132,124132,124140,8,0
124129,124129,124140,11,0
124129,124129,124140,11,0
124128,124128,124140,12,0
124126,124126,124140,14,0
124129,124129,124140,11,0
124132,124132,124141,9,0
124128,124128,124141,13,0
124125,124125,124141,16,0
124129,124130,124141,11,1
124130,124130,124141,11,0
124121,124121,124141,20,0
124131,124131,124142,11,0
124122,124122,124142,20,0
124129,124129,124141,12,0
124132,124132,124142,10,0
124129,124129,124142,13,0
124128,124128,124142,14,0
124131,124131,124141,10,0
124135,124135,124142,7,0
124135,124136,124143,7,1
124127,124128,124142,14,1
124134,124134,124143,9,0
124130,124130,124143,13,0
124136,124136,124143,7,0
124131,124131,124143,12,0
124136,124137,124143,6,1
124129,124129,124144,15,0
124135,124135,124144,9,0
124132,124132,124144,12,0
124135,124135,124144,9,0
124131,124131,124144,13,0
124131,124131,124145,14,0
124131,124131,124144,13,0
124125,124125,124144,19,0
124132,124132,124144,12,0
124133,124133,124145,12,0
124132,124133,124145,12,1
124127,124127,124146,19,0
124127,124127,124146,19,0
124132,124132,124145,13,0
124135,124135,124147,12,0
124136,124136,124147,11,0
124133,124133,124147,14,0
124136,124136,124148,12,0
124135,124135,124148,13,0
124136,124136,124148,12,0
124126,124126,124147,21,0
124135,124135,124148,13,0
124135,124135,124148,13,0
124130,124130,124149,19,0
124133,124133,124149,16,0
124136,124136,124149,13,0
124133,124133,124150,17,0
124130,124130,124150,20,0
124131,124131,124151,20,0
124133,124133,124151,18,0
124136,124136,124151,15,0
124134,124134,124153,19,0
124133,124133,124153,20,0
124134,124134,124154,20,0
124134,124134,124154,20,0
124134,124134,124154,20,0
124133,124133,124155,22,0
124134,124135,124155,20,1
124136,124136,124156,20,0
124134,124134,124156,22,0
124132,124132,124156,24,0
124226,124227,124236,9,1
124227,124227,124236,9,0
124229,124229,124236,7,0
124230,124230,124237,7,0
124229,124229,124237,8,0
124225,124226,124239,13,1
124227,124227,124239,12,0
124232,124232,124239,7,0
124230,124230,124238,8,0
124232,124232,124239,7,0
124231,124231,124239,8,0
124232,124232,124239,7,0
124225,124225,124239,14,0
124231,124231,124240,9,0
124233,124233,124240,7,0
124227,124228,124240,12,1
124229,124229,124240,11,0
124224,124224,124240,16,0
124227,124227,124241,14,0
124229,124229,124240,11,0
124234,124234,124241,7,0
124230,124230,124241,11,0
124234,124234,124241,7,0
124229,124229,124241,12,0
124235,124235,124242,7,0
124226,124226,124241,15,0
124227,124227,124242,15,0
124225,124225,124242,17,0
124224,124224,124241,17,0
124229,124229,124242,13,0
124228,124228,124242,14,0
124232,124232,124241,9,0
124228,124228,124242,14,0
124229,124229,124242,13,0
124230,124230,124242,12,0
124231,124231,124243,12,0
124235,124235,124243,8,0
124231,124231,124243,12,0
124242,124242,124243,1,0
124230,124230,124243,13,0
124242,124242,124243,1,0
124231,124231,124243,12,0
124229,124230,124243,13,1
124231,124231,124244,13,0
124242,124242,124243,1,0
124232,124232,124244,12,0
124232,124232,124243,11,0
124230,124230,124244,14,0
124231,124231,124244,13,0
124242,124242,124244,2,0
124242,124242,124244,2,0
124242,124242,124244,2,0
124243,124243,124244,1,0
124243,124243,124244,1,0
124230,124230,124245,15,0
124225,124225,124245,20,0
124230,124230,124244,14,0
124241,124241,124245,4,0
124230,124230,124245,15,0
124243,124243,124244,1,0
124226,124226,124245,19,0
124225,124225,124245,20,0
124226,124226,124245,19,0
124243,124243,124245,2,0
124228,124228,124245,17,0
124225,124225,124245,20,0
124233,124233,124245,12,0
124235,124235,124245,10,0
124234,124234,124245,11,0
124225,124225,124245,20,0
124227,124227,124246,19,0
124244,124244,124245,1,0
124226,124226,124246,20,0
124225,124225,124246,21,0
124229,124229,124245,16,0
124231,124231,124245,14,0
124231,124231,124246,15,0
124243,124243,124246,3,0
124234,124234,124246,12,0
124235,124235,124246,11,0
124237,124237,124246,9,0
124244,124245,124246,1,1
124241,124242,124246,4,1
124232,124232,124246,14,0
124226,124226,124247,21,0
124235,124235,124246,11,0
124226,124226,124247,21,0
124245,124245,124246,1,0
124234,124235,124246,11,1
124233,124233,124246,13,0
124240,124240,124246,6,0
124226,124226,124247,21,0
124233,124233,124247,14,0
124245,124245,124247,2,0
124234,124234,124248,14,0
124245,124245,124248,3,0
124225,124225,124247,22,0
124227,124227,124246,19,0
124228,124228,124254,26,0
124244,124244,124254,10,0
124245,124245,124254,9,0
124243,124243,124254,11,0
124228,124228,124254,26,0
124246,124246,124254,8,0
124237,124237,124254,17,0
124244,124244,124254,10,0
124228,124228,124254,26,0
124246,124246,124254,8,0
124232,124232,124254,22,0
124244,124244,124255,11,0
124245,124245,124254,9,0
124237,124237,124255,18,0
124244,124244,124255,11,0
124236,124236,124255,19,0
124246,124246,124254,8,0
124235,124235,124255,20,0
124236,124236,124255,19,0
124233,124233,124256,23,0
124234,124234,124256,22,0
124234,124234,124256,22,0
124243,124243,124255,12,0
124234,124234,124256,22,0
124238,124238,124256,18,0
124238,124238,124256,18,0
124240,124240,124257,17,0
124254,124255,124257,2,1
124237,124237,124257,20,0
124233,124233,124257,24,0
124239,124239,124257,18,0
124241,124241,124257,16,0
124256,124256,124258,2,0
124238,124238,124258,20,0
124239,124239,124257,18,0
124238,124238,124258,20,0
124239,124239,124258,19,0
124235,124235,124258,23,0
124235,124235,124258,23,0
124239,124239,124258,19,0
124236,124237,124258,21,1
124237,124238,124259,21,1
124233,124233,124263,30,0
124255,124255,124263,8,0
124227,124227,124263,36,0
124228,124228,124263,35,0
124245,124245,124263,18,0
124255,124255,124263,8,0
124227,124227,124263,36,0
124228,124228,124263,35,0
124254,124254,124263,9,0
124228,124228,124263,35,0
124255,124255,124263,8,0
124257,124257,124263,6,0
124254,124254,124263,9,0
124253,124254,124263,9,1
124254,124254,124263,9,0
124255,124255,124264,9,0
124236,124236,124264,28,0
124259,124263,124264,1,4
124256,124256,124265,9,0
124258,124258,124265,7,0
124255,124255,124265,10,0
124256,124257,124265,8,1
124241,124241,124264,23,0
124255,124255,124264,9,0
124237,124237,124264,27,0
124241,124241,124265,24,0
124240,124241,124265,24,1
124256,124256,124264,8,0
124257,124257,124265,8,0
124263,124263,124264,1,0
124255,124255,124264,9,0
124258,124258,124264,6,0
124259,124259,124265,6,0
124256,124256,124265,9,0
124258,124258,124265,7,0
124233,124233,124266,33,0
124240,124240,124264,24,0
124255,124255,124264,9,0
124257,124257,124264,7,0
124259,124263,124265,2,4
124239,124239,124266,27,0
124238,124238,124267,29,0
124240,124240,124267,27,0
124263,124263,124268,5,0
124236,124236,124271,35,0
124240,124240,124275,35,0
124237,124237,124279,42,0
124239,124239,124280,41,0
124244,124244,124282,38,0
124236,124236,124287,51,0
124240,124240,124291,51,0
124241,124241,124309,68,0
124236,124236,124317,81,0
124239,124239,124321,82,0
124233,124233,124339,106,0
124235,124235,124347,112,0
124241,124241,124351,110,0
124238,124239,124369,130,1
124238,124238,124377,139,0
124236,124236,124381,145,0
124428,124428,124430,2,0
124429,124429,124430,1,0
124429,124429,124430,1,0
124429,124429,124431,2,0
124429,124429,124431,2,0
124477,124477,124491,14,0
124477,124477,124497,20,0
124477,124477,124499,22,0
124477,124477,124507,30,0
124477,124477,124506,29,0
124648,124648,124662,14,0
124648,124648,124669,21,0
124648,124648,124670,22,0
124648,124648,124677,29,0
124648,124648,124678,30,0
124789,124789,124804,15,0
124790,124790,124810,20,0
124789,124790,124812,22,1
124790,124790,124820,30,0
124790,124790,124819,29,0
124840,124840,124855,15,0
124844,124844,124856,12,0
124845,124845,124857,12,0
124843,124843,124858,15,0
124846,124846,124858,12,0
124847,124847,124860,13,0
124847,124848,124860,12,1
124848,124848,124860,12,0
124848,124848,124861,13,0
124845,124845,124861,16,0
124848,124848,124861,13,0
124840,124840,124861,21,0
124845,124845,124861,16,0
124844,124845,124862,17,1
124840,124840,124862,22,0
124850,124850,124862,12,0
124849,124849,124862,13,0
124842,124842,124863,21,0
124843,124843,124863,20,0
124844,124844,124863,19,0
124842,124842,124863,21,0
124841,124841,124863,22,0
124842,124842,124863,21,0
124841,124841,124864,23,0
124845,124845,124864,19,0
124841,124841,124863,22,0
124843,124843,124864,21,0
124845,124845,124863,18,0
124843,124843,124864,21,0
124842,124842,124864,22,0
124846,124847,124865,18,1
124847,124847,124865,18,0
124851,124851,124865,14,0
124846,124846,124864,18,0
124847,124847,124866,19,0
124844,124844,124866,22,0
124845,124845,124865,20,0
124846,124846,124865,19,0
124847,124847,124865,18,0
124846,124846,124866,20,0
124847,124847,124866,19,0
124852,124852,124866,14,0
124848,124848,124867,19,0
124853,124853,124867,14,0
124843,124843,124867,24,0
124846,124846,124868,22,0
124846,124846,124867,21,0
124848,124848,124867,19,0
124849,124849,124868,19,0
124849,124849,124869,20,0
124841,124841,124869,28,0
124854,124854,124869,15,0
124850,124850,124869,19,0
124844,124844,124868,24,0
124851,124851,124869,18,0
124855,124855,124869,14,0
124841,124841,124869,28,0
124849,124849,124869,20,0
124851,124851,124870,19,0
124849,124849,124870,21,0
124840,124840,124870,30,0
124841,124841,124870,29,0
124849,124849,124870,21,0
124842,124842,124870,28,0
124840,124841,124870,29,1
124842,124842,124870,28,0
124852,124852,124871,19,0
124854,124855,124871,16,1
124842,124842,124871,29,0
124851,124851,124870,19,0
124845,124845,124871,26,0
124846,124846,124871,25,0
124846,124846,124871,25,0
124847,124847,124871,24,0
124850,124850,124871,21,0
124842,124842,124871,29,0
124851,124851,124872,21,0
124850,124850,124872,22,0
124840,124840,124872,32,0
124850,124850,124872,22,0
124855,124855,124872,17,0
124853,124853,124872,19,0
124848,124848,124872,24,0
124848,124848,124872,24,0
124855,124855,124873,18,0
124852,124852,124872,20,0
124854,124854,124873,19,0
124843,124843,124872,29,0
124844,124844,124873,29,0
124841,124841,124872,31,0
124844,124844,124873,29,0
124853,124853,124873,20,0
124854,124854,124873,19,0
124849,124849,124873,24,0
124850,124850,124873,23,0
124843,124843,124873,30,0
124844,124844,124873,29,0
124858,124858,124874,16,0
124852,124853,124873,20,1
124858,124858,124874,16,0
124851,124851,124874,23,0
124857,124857,124875,18,0
124843,124843,124874,31,0
124851,124851,124874,23,0
124851,124852,124874,22,1
124853,124853,124874,21,0
124854,124854,124875,21,0
124856,124856,124876,20,0
124852,124852,124875,23,0
124842,124843,124875,32,1
124844,124844,124876,32,0
124856,124856,124876,20,0
124857,124857,124876,19,0
124855,124855,124875,20,0
124856,124856,124876,20,0
124850,124850,124876,26,0
124860,124860,124877,17,0
124862,124862,124876,14,0
124852,124852,124877,25,0
124848,124849,124877,28,1
124861,124861,124877,16,0
124860,124860,124877,17,0
124849,124849,124877,28,0
124862,124862,124877,15,0
124855,124855,124878,23,0
124857,124857,124877,20,0
124855,124855,124878,23,0
124858,124858,124878,20,0
124856,124856,124878,22,0
124857,124857,124878,21,0
124859,124859,124878,19,0
124854,124854,124878,24,0
124854,124854,124879,25,0
124858,124858,124879,21,0
124862,124862,124879,17,0
124862,124862,124879,17,0
124864,124864,124880,16,0
124853,124853,124880,27,0
124856,124856,124880,24,0
124862,124862,124880,18,0
124863,124863,124879,16,0
124859,124859,124880,21,0
124858,124858,124880,22,0
124865,124865,124880,15,0
124866,124866,124880,14,0
124860,124860,124881,21,0
124840,124840,124881,41,0
124856,124857,124881,24,1
124861,124861,124880,19,0
124863,124863,124881,18,0
124861,124861,124881,20,0
124852,124852,124881,29,0
124867,124867,124881,14,0
124864,124864,124882,18,0
124866,124866,124881,15,0
124858,124859,124881,22,1
124865,124865,124881,16,0
124859,124859,124881,22,0
124850,124850,124883,33,0
124857,124857,124883,26,0
124863,124863,124883,20,0
124866,124866,124883,17,0
124863,124863,124883,20,0
124866,124866,124883,17,0
124859,124859,124884,25,0
124860,124860,124884,24,0
124861,124861,124884,23,0
124864,124864,124884,20,0
124866,124867,124884,17,1
124863,124863,124885,22,0
124863,124863,124884,21,0
124860,124860,124885,25,0
124857,124857,124885,28,0
124862,124862,124885,23,0
124865,124865,124885,20,0
124865,124865,124886,21,0
124861,124861,124886,25,0
124865,124865,124886,21,0
124859,124859,124886,27,0
124860,124861,124886,25,1
124864,124864,124886,22,0
124867,124867,124886,19,0
124859,124859,124886,27,0
124858,124858,124887,29,0
124867,124867,124888,21,0
124866,124866,124888,22,0
124861,124861,124889,28,0
124867,124867,124888,21,0
124867,124867,124888,21,0
124866,124866,124889,23,0
124865,124866,124889,23,1
124868,124868,124890,22,0
124860,124860,124891,31,0
124867,124867,124891,24,0
124853,124853,124892,39,0
124864,124864,124894,30,0
124863,124864,124896,32,1
124864,124864,124895,31,0
124865,124865,124896,31,0
124847,124847,124899,52,0
131184,131184,131198,14,0
131186,131187,131199,12,1
131179,131179,131205,26,0
131185,131185,131207,22,0
131184,131184,131208,24,0
131182,131182,131208,26,0
131184,131184,131208,24,0
131185,131185,131209,24,0
131180,131180,131211,31,0
131181,131181,131212,31,0
131179,131179,131212,33,0
131195,131195,131212,17,0
131180,131180,131213,33,0
131181,131181,131214,33,0
131180,131180,131213,33,0
131181,131181,131214,33,0
131185,131185,131214,29,0
131186,131186,131213,27,0
131195,131195,131214,19,0
131187,131187,131214,27,0
131182,131182,131214,32,0
131179,131179,131214,35,0
131188,131188,131215,27,0
131187,131187,131215,28,0
131184,131184,131216,32,0
131181,131181,131218,37,0
131183,131183,131218,35,0
131186,131186,131218,32,0
131189,131189,131218,29,0
131184,131184,131219,35,0
131182,131182,131220,38,0
131190,131190,131219,29,0
131183,131183,131220,37,0
131188,131188,131219,31,0
131185,131185,131220,35,0
131186,131186,131220,34,0
131187,131187,131219,32,0
131182,131182,131219,37,0
131186,131186,131220,34,0
131187,131187,131221,34,0
131187,131187,131221,34,0
131186,131186,131221,35,0
131186,131187,131222,35,1
131188,131188,131221,33,0
131187,131187,131222,35,0
131188,131188,131222,34,0
131184,131184,131223,39,0
131185,131185,131223,38,0
131188,131188,131223,35,0
131189,131190,131223,33,1
131191,131191,131223,32,0
131193,131193,131223,30,0
131180,131180,131223,43,0
131189,131189,131224,35,0
131186,131186,131224,38,0
131194,131194,131224,30,0
131179,131179,131225,46,0
131185,131185,131225,40,0
131180,131180,131225,45,0
131181,131181,131225,44,0
131185,131185,131224,39,0
131188,131188,131225,37,0
131189,131189,131225,36,0
131190,131190,131225,35,0
131194,131194,131225,31,0
131189,131189,131225,36,0
131192,131192,131226,34,0
131187,131187,131225,38,0
131195,131195,131226,31,0
131179,131180,131225,45,1
131181,131181,131226,45,0
131182,131182,131226,44,0
131190,131190,131226,36,0
131188,131188,131226,38,0
131189,131189,131226,37,0
131191,131191,131227,36,0
131180,131181,131227,46,1
131182,131182,131226,44,0
131184,131184,131227,43,0
131190,131190,131226,36,0
131194,131194,131227,33,0
131182,131182,131226,44,0
131190,131190,131227,37,0
131180,131180,131227,47,0
131183,131183,131228,45,0
131189,131189,131228,39,0
131191,131191,131227,36,0
131192,131192,131228,36,0
131191,131191,131228,37,0
131181,131181,131228,47,0
131191,131191,131229,38,0
131183,131184,131228,44,1
131188,131188,131229,41,0
131183,131183,131230,47,0
131183,131183,131231,48,0
131183,131183,131230,47,0
131183,131183,131231,48,0
131193,131193,131231,38,0
131189,131189,131230,41,0
131193,131193,131230,37,0
131190,131190,131232,42,0
131198,131198,131232,34,0
131182,131182,131232,50,0
131191,131191,131232,41,0
131193,131193,131232,39,0
131191,131191,131233,42,0
131192,131192,131233,41,0
131194,131194,131233,39,0
131194,131194,131234,40,0
131192,131192,131234,42,0
131193,131193,131234,41,0
131195,131195,131234,39,0
131195,131195,131234,39,0
131192,131192,131234,42,0
131192,131193,131234,41,1
131195,131195,131235,40,0
131203,131203,131235,32,0
131199,131199,131236,37,0
131196,131196,131235,39,0
131197,131197,131235,38,0
131198,131198,131236,38,0
131202,131202,131236,34,0
131203,131204,131236,32,1
131200,131200,131237,37,0
131197,131197,131237,40,0
131201,131201,131237,36,0
131204,131204,131237,33,0
131198,131198,131238,40,0
131196,131196,131238,42,0
131202,131203,131238,35,1
131200,131201,131238,37,1
131203,131203,131238,35,0
131198,131198,131238,40,0
131196,131196,131239,43,0
131202,131202,131239,37,0
131197,131197,131238,41,0
131202,131202,131238,36,0
131205,131205,131239,34,0
131206,131206,131239,33,0
131192,131192,131240,48,0
131196,131197,131239,42,1
131207,131207,131240,33,0
131197,131197,131239,42,0
131194,131194,131239,45,0
131200,131200,131239,39,0
131199,131199,131240,41,0
131199,131199,131240,41,0
131200,131200,131241,41,0
131202,131202,131241,39,0
131196,131196,131240,44,0
131198,131198,131240,42,0
131200,131200,131240,40,0
131199,131199,131241,42,0
131210,131213,131240,27,3
131196,131196,131240,44,0
131201,131201,131240,39,0
131199,131199,131241,42,0
131202,131202,131241,39,0
131208,131209,131241,32,1
131200,131200,131241,41,0
131208,131208,131241,33,0
131199,131199,131242,43,0
131202,131202,131241,39,0
131203,131203,131242,39,0
131207,131208,131241,33,1
131204,131204,131243,39,0
131210,131213,131243,30,3
131197,131197,131242,45,0
131201,131201,131243,42,0
131204,131204,131243,39,0
131204,131204,131243,39,0
131209,131210,131244,34,1
131201,131201,131243,42,0
131206,131206,131244,38,0
131204,131204,131243,39,0
131205,131205,131243,38,0
131213,131215,131243,28,2
131201,131201,131243,42,0
131203,131203,131243,40,0
131207,131208,131244,36,1
131203,131203,131243,40,0
131204,131204,131244,40,0
131205,131205,131244,39,0
131200,131200,131244,44,0
131205,131205,131244,39,0
131206,131206,131245,39,0
131209,131212,131245,33,3
131211,131214,131245,31,3
131190,131190,131246,56,0
131213,131214,131246,32,1
131211,131214,131247,33,3
131212,131214,131247,33,2
131209,131213,131247,34,4
131211,131214,131247,33,3
131193,131193,131248,55,0
131213,131214,131248,34,1
131212,131214,131248,34,2
131198,131198,131249,51,0
131197,131197,131250,53,0
131180,131180,131254,74,0
131837,131837,132705,868,0
131854,131854,132706,852,0
132708,132708,132710,2,0
132708,132708,132710,2,0
132708,132708,132710,2,0
132708,132708,132710,2,0
132708,132708,132710,2,0
132708,132708,132711,3,0
132708,132708,132711,3,0
132708,132708,132710,2,0
132708,132708,132711,3,0
132708,132708,132711,3,0
132708,132708,132712,4,0
132708,132708,132711,3,0
132708,132708,132711,3,0
132708,132708,132711,3,0
132708,132708,132712,4,0
132708,132708,132712,4,0
132708,132708,132712,4,0
132708,132708,132711,3,0
132708,132708,132711,3,0
132708,132708,132711,3,0
132708,132708,132712,4,0
132708,132708,132712,4,0
132708,132708,132712,4,0
132708,132708,132711,3,0
132708,132708,132712,4,0
132708,132708,132712,4,0
132708,132708,132711,3,0
132708,132708,132712,4,0
132708,132708,132712,4,0
132708,132708,132712,4,0
132708,132708,132712,4,0
132708,132708,132713,5,0
132708,132708,132713,5,0
132708,132708,132713,5,0
132708,132708,132712,4,0
132708,132711,132713,2,3
132708,132708,132713,5,0
132708,132708,132712,4,0
132708,132708,132713,5,0
132708,132708,132712,4,0
132708,132708,132712,4,0
132708,132708,132713,5,0
132708,132708,132713,5,0
132708,132712,132714,2,4
132708,132711,132714,3,3
132708,132711,132714,3,3
132708,132711,132714,3,3
132708,132711,132714,3,3
132708,132712,132714,2,4
132708,132712,132714,2,4
132708,132711,132714,3,3
132708,132712,132715,3,4
132708,132712,132715,3,4
132708,132712,132715,3,4
132708,132711,132715,4,3
132708,132712,132715,3,4
132708,132712,132715,3,4
132708,132712,132714,2,4
132708,132711,132714,3,3
132708,132712,132715,3,4
132708,132711,132715,4,3
132708,132711,132715,4,3
132708,132714,132716,2,6
132708,132713,132716,3,5
132708,132712,132715,3,4
132708,132712,132716,4,4
132708,132713,132716,3,5
132708,132712,132716,4,4
132708,132713,132716,3,5
132708,132713,132716,3,5
132708,132712,132716,4,4
132708,132712,132716,4,4
132708,132712,132716,4,4
132708,132712,132716,4,4
132708,132713,132716,3,5
132708,132714,132716,2,6
132708,132714,132717,3,6
132708,132713,132717,4,5
132708,132712,132717,5,4
132708,132713,132716,3,5
132708,132714,132717,3,6
132708,132714,132717,3,6
132708,132713,132717,4,5
132708,132713,132717,4,5
132708,132713,132716,3,5
132708,132713,132717,4,5
132708,132714,132717,3,6
132708,132713,132717,4,5
132708,132713,132717,4,5
132708,132712,132717,5,4
132708,132712,132717,5,4
132708,132714,132718,4,6
132708,132714,132718,4,6
132708,132715,132718,3,7
132708,132715,132718,3,7
132708,132715,132718,3,7
132708,132715,132719,4,7
132708,132715,132719,4,7
132708,132715,132718,3,7
132708,132716,132718,2,8
132708,132716,132719,3,8
132708,132717,132719,2,9
132708,132715,132719,4,7
132708,132717,132719,2,9
132708,132717,132719,2,9
132708,132715,132719,4,7
132708,132717,132719,2,9
132708,132717,132719,2,9
132708,132717,132719,2,9
132708,132717,132720,3,9
132708,132717,132719,2,9
132708,132717,132719,2,9
132708,132717,132719,2,9
132708,132717,132720,3,9
132708,132716,132719,3,8
132708,132717,132720,3,9
132708,132716,132720,4,8
132709,132718,132720,2,9
132709,132718,132720,2,9
132709,132718,132720,2,9
132709,132718,132721,3,9
132708,132717,132720,3,9
132708,132717,132720,3,9
132708,132717,132720,3,9
131860,131860,132721,861,0
132709,132717,132721,4,8
132709,132718,132721,3,9
132709,132718,132721,3,9
132709,132718,132722,4,9
132709,132718,132721,3,9
132709,132719,132721,2,10
132709,132720,132722,2,11
132709,132718,132721,3,9
132709,132718,132721,3,9
132709,132719,132722,3,10
132709,132720,132721,1,11
132709,132720,132722,2,11
132709,132718,132721,3,9
132709,132718,132721,3,9
132709,132719,132722,3,10
132709,132719,132721,2,10
132709,132720,132721,1,11
132709,132719,132722,3,10
132709,132720,132721,1,11
132709,132720,132721,1,11
132709,132718,132722,4,9
132709,132719,132722,3,10
132709,132719,132722,3,10
132709,132720,132723,3,11
132709,132719,132722,3,10
132709,132721,132723,2,12
132709,132720,132722,2,11
132709,132720,132723,3,11
132709,132719,132723,4,10
132709,132721,132723,2,12
132709,132721,132723,2,12
132709,132721,132723,2,12
132709,132721,132724,3,12
132709,132720,132723,3,11
132709,132720,132724,4,11
132709,132720,132723,3,11
132709,132720,132723,3,11
132709,132721,132723,2,12
132709,132721,132724,3,12
132709,132720,132723,3,11
132709,132721,132724,3,12
132709,132722,132724,2,13
132709,132722,132724,2,13
132709,132722,132725,3,13
132709,132722,132724,2,13
132709,132722,132724,2,13
132709,132722,132725,3,13
132709,132722,132725,3,13
132709,132723,132725,2,14
132709,132723,132725,2,14
132709,132723,132725,2,14
132709,132720,132725,5,11
132709,132722,132725,3,13
132709,132722,132726,4,13
132709,132722,132726,4,13
132709,132722,132726,4,13
132709,132722,132725,3,13
132709,132722,132725,3,13
132709,132722,132726,4,13
132709,132722,132726,4,13
132709,132723,132726,3,14
132709,132723,132726,3,14
132709,132724,132726,2,15
132709,132723,132726,3,14
132709,132722,132725,3,13
132709,132722,132726,4,13
132709,132722,132726,4,13
132709,132722,132726,4,13
132709,132722,132726,4,13
132709,132723,132725,2,14
132709,132724,132727,3,15
132709,132724,132727,3,15
132709,132724,132726,2,15
132709,132723,132727,4,14
132709,132724,132726,2,15
132709,132725,132727,2,16
132709,132724,132727,3,15
132709,132724,132727,3,15
132709,132724,132727,3,15
132709,132722,132727,5,13
132709,132722,132727,5,13
132709,132724,132727,3,15
132709,132725,132727,2,16
131838,131838,132727,889,0
132709,132724,132727,3,15
132709,132725,132728,3,16
132709,132725,132727,2,16
132709,132725,132727,2,16
132709,132724,132728,4,15
132709,132726,132728,2,17
132709,132726,132728,2,17
132709,132725,132728,3,16
132709,132725,132728,3,16
132709,132725,132728,3,16
132709,132725,132728,3,16
132709,132725,132728,3,16
132709,132726,132728,2,17
132709,132725,132728,3,16
132709,132726,132728,2,17
132709,132726,132728,2,17
132709,132727,132728,1,18
132709,132727,132728,1,18
132709,132727,132729,2,18
132709,132726,132729,3,17
132709,132726,132729,3,17
132709,132726,132729,3,17
132709,132726,132729,3,17
132709,132726,132729,3,17
132709,132726,132729,3,17
132709,132726,132728,2,17
132709,132726,132729,3,17
132709,132727,132729,2,18
132709,132727,132730,3,18
132709,132726,132730,4,17
132709,132726,132730,4,17
132709,132726,132730,4,17
132709,132726,132730,4,17
131834,131834,132731,897,0
131841,131841,132733,892,0
131835,131835,132740,905,0
131873,131874,132744,870,1
132747,132747,132750,3,0
132747,132747,132750,3,0
132747,132747,132750,3,0
132747,132747,132751,4,0
132747,132747,132751,4,0
132747,132747,132751,4,0
132747,132747,132751,4,0
132747,132747,132751,4,0
132747,132747,132751,4,0
132747,132747,132751,4,0
132747,132747,132751,4,0
132747,132747,132751,4,0
132747,132747,132751,4,0
132747,132747,132751,4,0
132747,132747,132751,4,0
132747,132747,132751,4,0
132747,132747,132751,4,0
132747,132747,132751,4,0
132747,132747,132751,4,0
132747,132747,132751,4,0
132747,132747,132751,4,0
132747,132747,132751,4,0
132747,132747,132751,4,0
132747,132747,132751,4,0
132747,132747,132751,4,0
132747,132747,132751,4,0
132747,132747,132751,4,0
132747,132747,132751,4,0
132747,132747,132751,4,0
132747,132747,132751,4,0
132747,132747,132751,4,0
132747,132747,132752,5,0
132747,132747,132752,5,0
132747,132747,132752,5,0
131881,131881,132752,871,0
131887,131887,132752,865,0
132747,132747,132752,5,0
132747,132750,132752,2,3
132747,132747,132751,4,0
132747,132747,132752,5,0
132747,132747,132752,5,0
132747,132747,132752,5,0
132747,132747,132752,5,0
131879,131879,132753,874,0
132747,132750,132753,3,3
132747,132750,132753,3,3
132747,132751,132754,3,4
132747,132751,132753,2,4
132747,132751,132754,3,4
132747,132751,132754,3,4
132747,132751,132754,3,4
132747,132751,132754,3,4
132747,132751,132754,3,4
132747,132750,132754,4,3
132747,132752,132755,3,5
132747,132752,132754,2,5
132747,132752,132755,3,5
132747,132752,132754,2,5
132747,132750,132753,3,3
132747,132750,132754,4,3
132747,132750,132754,4,3
132747,132750,132753,3,3
132747,132750,132754,4,3
132747,132752,132754,2,5
132747,132752,132754,2,5
132747,132752,132755,3,5
132747,132752,132755,3,5
132747,132752,132754,2,5
132747,132752,132754,2,5
132747,132752,132755,3,5
132747,132752,132755,3,5
132747,132752,132755,3,5
132747,132752,132755,3,5
132747,132752,132755,3,5
132747,132753,132756,3,6
132747,132751,132755,4,4
132747,132751,132755,4,4
132747,132753,132755,2,6
132747,132753,132755,2,6
132747,132752,132755,3,5
132747,132753,132755,2,6
132747,132752,132755,3,5
132747,132752,132755,3,5
132747,132752,132756,4,5
132747,132753,132755,2,6
132747,132754,132756,2,7
132747,132751,132755,4,4
132747,132752,132755,3,5
132747,132752,132755,3,5
132747,132752,132755,3,5
131842,131842,132756,914,0
132747,132751,132756,5,4
132747,132753,132756,3,6
132747,132752,132756,4,5
132747,132754,132757,3,7
132747,132755,132757,2,8
132747,132755,132757,2,8
132747,132754,132757,3,7
132747,132755,132757,2,8
132747,132756,132757,1,9
132747,132756,132757,1,9
132747,132755,132758,3,8
132747,132755,132757,2,8
132747,132755,132757,2,8
132747,132755,132757,2,8
132747,132755,132757,2,8
132747,132755,132757,2,8
132747,132755,132758,3,8
132747,132755,132757,2,8
132747,132755,132758,3,8
132747,132755,132758,3,8
132747,132755,132758,3,8
132747,132755,132758,3,8
132747,132755,132758,3,8
132747,132755,132758,3,8
132747,132756,132759,3,9
132747,132756,132758,2,9
132747,132757,132758,1,10
132747,132755,132758,3,8
132747,132755,132759,4,8
132747,132756,132758,2,9
132747,132755,132758,3,8
132747,132755,132758,3,8
132747,132757,132759,2,10
132747,132755,132759,4,8
132747,132756,132759,3,9
132747,132757,132759,2,10
132747,132758,132759,1,11
132747,132757,132759,2,10
132747,132758,132759,1,11
132747,132758,132759,1,11
132747,132758,132759,1,11
132747,132756,132759,3,9
132747,132756,132760,4,9
132747,132755,132758,3,8
132747,132755,132759,4,8
132747,132755,132759,4,8
132747,132755,132759,4,8
132747,132756,132759,3,9
132747,132756,132760,4,9
132747,132756,132759,3,9
132747,132756,132759,3,9
132747,132756,132760,4,9
132747,132756,132760,4,9
132747,132756,132760,4,9
132747,132756,132760,4,9
132747,132756,132760,4,9
132747,132757,132760,3,10
131847,131848,132760,912,1
132747,132758,132760,2,11
132747,132756,132760,4,9
132747,132756,132760,4,9
132747,132758,132761,3,11
132747,132759,132761,2,12
132747,132759,132761,2,12
132747,132759,132761,2,12
132747,132759,132762,3,12
132747,132758,132761,3,11
132747,132758,132762,4,11
132747,132759,132761,2,12
132747,132758,132761,3,11
132747,132759,132762,3,12
132747,132758,132761,3,11
132747,132758,132762,4,11
132747,132759,132762,3,12
132747,132758,132762,4,11
132747,132760,132763,3,13
132747,132759,132762,3,12
132747,132759,132762,3,12
132747,132760,132762,2,13
132747,132759,132762,3,12
132747,132759,132762,3,12
132747,132759,132762,3,12
132747,132759,132763,4,12
132747,132759,132762,3,12
132747,132759,132763,4,12
132747,132760,132763,3,13
132747,132760,132762,2,13
132747,132760,132763,3,13
132747,132760,132763,3,13
132747,132758,132763,5,11
132747,132760,132763,3,13
132747,132760,132763,3,13
132747,132758,132762,4,11
132747,132761,132763,2,14
132747,132760,132764,4,13
132747,132760,132764,4,13
132747,132760,132763,3,13
132747,132761,132764,3,14
132747,132761,132764,3,14
132747,132761,132764,3,14
132747,132761,132763,2,14
132747,132760,132763,3,13
132747,132760,132764,4,13
132747,132760,132764,4,13
132747,132760,132764,4,13
132747,132760,132764,4,13
132747,132761,132765,4,14
131834,131835,132765,930,1
132747,132761,132764,3,14
132747,132761,132764,3,14
132747,132762,132765,3,15
132747,132763,132765,2,16
132747,132760,132764,4,13
132747,132760,132765,5,13
132747,132760,132764,4,13
132747,132760,132764,4,13
132747,132763,132765,2,16
132747,132761,132765,4,14
132747,132761,132765,4,14
132747,132762,132765,3,15
132747,132762,132765,3,15
132747,132760,132765,5,13
132747,132762,132765,3,15
132747,132762,132765,3,15
132747,132762,132765,3,15
132747,132763,132765,2,16
132747,132763,132766,3,16
132747,132763,132766,3,16
132747,132763,132766,3,16
132747,132763,132766,3,16
132747,132763,132766,3,16
132747,132762,132766,4,15
132747,132763,132766,3,16
132747,132763,132766,3,16
132747,132762,132766,4,15
132747,132763,132766,3,16
132747,132764,132766,2,17
132747,132764,132766,2,17
132747,132764,132767,3,17
132747,132764,132767,3,17
132747,132764,132767,3,17
132747,132763,132766,3,16
132747,132763,132766,3,16
132747,132763,132766,3,16
132747,132763,132766,3,16
132747,132763,132767,4,16
132747,132764,132767,3,17
132747,132764,132767,3,17
132747,132764,132767,3,17
132747,132765,132767,2,18
132747,132764,132767,3,17
132747,132765,132767,2,18
132747,132765,132767,2,18
132747,132765,132768,3,18
132747,132765,132768,3,18
131892,131892,132768,876,0
132747,132766,132768,2,19
132747,132765,132768,3,18
132747,132766,132768,2,19
132747,132765,132768,3,18
132747,132765,132768,3,18
132747,132766,132768,2,19
132747,132767,132768,1,20
132747,132765,132768,3,18
132747,132767,132769,2,20
132747,132767,132768,1,20
132747,132765,132768,3,18
132747,132765,132768,3,18
132747,132766,132769,3,19
132747,132765,132769,4,18
132747,132767,132769,2,20
132747,132767,132769,2,20
132747,132766,132768,2,19
132747,132766,132769,3,19
132747,132767,132769,2,20
132747,132765,132769,4,18
132747,132767,132769,2,20
132747,132767,132769,2,20
131895,131896,132769,873,1
132747,132765,132769,4,18
132747,132767,132769,2,20
131836,131836,132770,934,0
132747,132766,132769,3,19
132747,132766,132769,3,19
132747,132766,132769,3,19
132747,132766,132769,3,19
132747,132767,132769,2,20
132747,132766,132769,3,19
132747,132766,132770,4,19
132747,132766,132769,3,19
132747,132767,132770,3,20
132747,132768,132769,1,21
132747,132767,132769,2,20
132747,132766,132770,4,19
132747,132768,132769,1,21
132747,132768,132770,2,21
132747,132767,132770,3,20
132747,132768,132770,2,21
132747,132766,132770,4,19
132747,132765,132770,5,18
132747,132765,132770,5,18
132747,132765,132769,4,18
132747,132765,132770,5,18
132747,132768,132771,3,21
132747,132767,132770,3,20
132747,132767,132770,3,20
132747,132768,132770,2,21
132747,132767,132771,4,20
132747,132768,132771,3,21
132747,132770,132771,1,23
132747,132770,132772,2,23
132747,132769,132772,3,22
132747,132770,132772,2,23
132747,132768,132772,4,21
132747,132768,132771,3,21
132747,132768,132772,4,21
132747,132769,132771,2,22
132747,132769,132772,3,22
132747,132770,132771,1,23
132747,132770,132772,2,23
132747,132768,132771,3,21
132747,132768,132771,3,21
132747,132769,132772,3,22
132747,132769,132772,3,22
132747,132769,132772,3,22
132747,132770,132772,2,23
132747,132770,132772,2,23
132747,132771,132773,2,24
132747,132770,132773,3,23
132747,132769,132773,4,22
132747,132770,132772,2,23
132747,132770,132773,3,23
132747,132770,132773,3,23
132747,132769,132773,4,22
132747,132769,132773,4,22
132747,132769,132773,4,22
132747,132770,132773,3,23
132747,132769,132772,3,22
132747,132769,132773,4,22
132747,132769,132773,4,22
132747,132770,132773,3,23
132747,132770,132772,2,23
132747,132769,132772,3,22
132747,132770,132773,3,23
132747,132769,132773,4,22
132747,132769,132773,4,22
132747,132770,132773,3,23
132747,132771,132773,2,24
132747,132769,132773,4,22
132747,132771,132774,3,24
132747,132772,132773,1,25
132747,132769,132773,4,22
132747,132771,132773,2,24
132747,132770,132773,3,23
132747,132771,132774,3,24
132747,132771,132774,3,24
132747,132771,132774,3,24
132747,132771,132774,3,24
132747,132771,132774,3,24
132747,132771,132774,3,24
132747,132772,132774,2,25
132747,132772,132774,2,25
132747,132772,132774,2,25
132747,132772,132775,3,25
132747,132772,132775,3,25
132747,132772,132774,2,25
132747,132772,132775,3,25
132747,132772,132775,3,25
132747,132772,132775,3,25
132747,132772,132775,3,25
132747,132772,132775,3,25
132747,132772,132775,3,25
132747,132772,132775,3,25
132747,132772,132775,3,25
132747,132771,132774,3,24
132747,132771,132774,3,24
132747,132772,132775,3,25
132747,132772,132775,3,25
132747,132772,132775,3,25
132747,132771,132775,4,24
132747,132773,132776,3,26
132747,132774,132775,1,27
132747,132774,132775,1,27
132747,132774,132775,1,27
132747,132774,132775,1,27
132747,132774,132775,1,27
132747,132774,132776,2,27
132747,132772,132776,4,25
132747,132775,132776,1,28
132747,132773,132776,3,26
132747,132774,132776,2,27
132747,132775,132776,1,28
132747,132775,132776,1,28
132747,132773,132776,3,26
132747,132773,132776,3,26
132747,132773,132777,4,26
132747,132773,132777,4,26
132747,132773,132777,4,26
132747,132773,132777,4,26
132747,132773,132777,4,26
132747,132773,132777,4,26
132747,132773,132777,4,26
132747,132773,132777,4,26
132747,132773,132777,4,26
132747,132773,132777,4,26
132747,132774,132777,3,27
132747,132774,132777,3,27
132747,132774,132777,3,27
132747,132774,132777,3,27
132747,132774,132777,3,27
132747,132775,132777,2,28
132747,132775,132778,3,28
132747,132773,132778,5,26
132747,132773,132778,5,26
132747,132775,132778,3,28
132747,132774,132778,4,27
132747,132776,132778,2,29
132747,132776,132778,2,29
132747,132776,132778,2,29
132747,132776,132779,3,29
132747,132776,132779,3,29
132747,132775,132779,4,28
132747,132775,132779,4,28
132747,132775,132779,4,28
132747,132775,132779,4,28
132747,132775,132779,4,28
132747,132775,132779,4,28
132747,132775,132779,4,28
132747,132775,132779,4,28
132747,132778,132779,1,31
132747,132778,132779,1,31
132747,132778,132779,1,31
132747,132775,132779,4,28
132747,132777,132779,2,30
132747,132777,132779,2,30
132747,132778,132779,1,31
132747,132778,132779,1,31
132747,132778,132779,1,31
132747,132776,132779,3,29
132747,132777,132779,2,30
132747,132778,132780,2,31
132747,132776,132780,4,29
132747,132776,132780,4,29
132747,132776,132779,3,29
132747,132777,132780,3,30
132747,132777,132780,3,30
132747,132777,132780,3,30
132747,132777,132780,3,30
132747,132777,132780,3,30
132747,132777,132780,3,30
132747,132778,132780,2,31
132747,132778,132780,2,31
132747,132778,132780,2,31
132747,132775,132780,5,28
132747,132776,132780,4,29
132747,132777,132780,3,30
132747,132778,132780,2,31
132747,132778,132781,3,31
132747,132778,132781,3,31
132747,132779,132781,2,32
132747,132778,132781,3,31
132747,132776,132779,3,29
132747,132776,132780,4,29
132747,132776,132780,4,29
132747,132777,132781,4,30
132747,132778,132781,3,31
132747,132778,132781,3,31
132747,132779,132781,2,32
132747,132778,132781,3,31
132747,132780,132782,2,33
132747,132778,132781,3,31
132747,132779,132781,2,32
132747,132777,132781,4,30
132747,132780,132782,2,33
132747,132780,132783,3,33
132747,132780,132782,2,33
132747,132780,132782,2,33
132747,132780,132783,3,33
132747,132780,132783,3,33
132747,132780,132783,3,33
132747,132780,132783,3,33
132747,132780,132783,3,33
132747,132780,132783,3,33
132747,132780,132783,3,33
132747,132779,132782,3,32
132747,132780,132782,2,33
132747,132780,132783,3,33
132747,132780,132783,3,33
132747,132780,132783,3,33
132747,132780,132783,3,33
132748,132780,132783,3,32
132748,132781,132783,2,33
132748,132781,132783,2,33
132747,132780,132783,3,33
132747,132780,132784,4,33
132747,132780,132783,3,33
132748,132782,132784,2,34
132748,132782,132783,1,34
132748,132782,132783,1,34
132748,132781,132783,2,33
132748,132782,132784,2,34
132747,132780,132783,3,33
132747,132780,132784,4,33
132748,132782,132783,1,34
132748,132782,132783,1,34
132747,132781,132784,3,34
132748,132781,132783,2,33
132748,132780,132783,3,32
132748,132780,132783,3,32
132748,132780,132783,3,32
132748,132781,132784,3,33
132748,132780,132784,4,32
132748,132781,132784,3,33
132748,132781,132784,3,33
132748,132781,132784,3,33
132748,132781,132784,3,33
132748,132781,132784,3,33
132748,132783,132785,2,35
132748,132783,132785,2,35
132748,132783,132785,2,35
132748,132781,132784,3,33
132748,132781,132785,4,33
132748,132781,132785,4,33
132748,132781,132785,4,33
132748,132781,132785,4,33
132748,132781,132784,3,33
132748,132781,132784,3,33
132748,132783,132785,2,35
132748,132783,132785,2,35
131901,131902,132785,883,1
132748,132783,132785,2,35
132748,132783,132785,2,35
132748,132783,132786,3,35
132748,132783,132786,3,35
132748,132783,132786,3,35
132748,132783,132785,2,35
132748,132783,132785,2,35
132748,132783,132786,3,35
132748,132783,132786,3,35
132748,132783,132786,3,35
132747,132781,132785,4,34
132747,132781,132785,4,34
132748,132781,132784,3,33
132748,132781,132785,4,33
132748,132783,132786,3,35
132748,132783,132786,3,35
132748,132784,132787,3,36
132748,132783,132786,3,35
132748,132784,132787,3,36
132748,132783,132787,4,35
132748,132784,132787,3,36
132748,132783,132787,4,35
132748,132784,132787,3,36
132748,132785,132787,2,37
132748,132785,132787,2,37
132748,132785,132787,2,37
132748,132785,132787,2,37
132748,132785,132787,2,37
132748,132785,132787,2,37
132748,132784,132787,3,36
132748,132784,132787,3,36
132748,132784,132787,3,36
132748,132784,132788,4,36
132748,132785,132788,3,37
132748,132785,132788,3,37
132748,132784,132788,4,36
132748,132785,132788,3,37
132748,132784,132788,4,36
132748,132784,132788,4,36
132748,132785,132788,3,37
132748,132784,132788,4,36
132748,132785,132788,3,37
132748,132785,132788,3,37
132748,132785,132788,3,37
132748,132786,132789,3,38
132748,132785,132788,3,37
132748,132787,132789,2,39
132748,132787,132789,2,39
132748,132785,132788,3,37
132748,132785,132788,3,37
132748,132787,132789,2,39
132748,132784,132788,4,36
132748,132785,132788,3,37
132748,132785,132788,3,37
132748,132785,132789,4,37
132748,132786,132789,3,38
132748,132786,132789,3,38
132748,132785,132789,4,37
132748,132785,132789,4,37
132748,132787,132789,2,39
132748,132788,132789,1,40
132748,132786,132789,3,38
132748,132787,132789,2,39
132748,132787,132789,2,39
132748,132788,132790,2,40
132748,132788,132790,2,40
132748,132788,132790,2,40
132748,132788,132790,2,40
132748,132788,132790,2,40
132748,132788,132789,1,40
132748,132788,132790,2,40
132748,132787,132790,3,39
132748,132787,132790,3,39
132748,132786,132790,4,38
132748,132787,132789,2,39
132748,132787,132790,3,39
132748,132787,132789,2,39
132748,132786,132790,4,38
132748,132786,132790,4,38
132748,132786,132790,4,38
132748,132787,132790,3,39
132748,132787,132790,3,39
132749,132790,132791,1,41
131884,131884,132791,907,0
132748,132788,132790,2,40
132749,132788,132791,3,39
132748,132787,132791,4,39
132748,132787,132790,3,39
132748,132787,132791,4,39
132748,132788,132791,3,40
132748,132788,132791,3,40
132749,132788,132791,3,39
132749,132788,132792,4,39
132749,132790,132792,2,41
132749,132790,132791,1,41
132749,132790,132791,1,41
132749,132790,132791,1,41
132749,132790,132792,2,41
132749,132788,132791,3,39
132749,132788,132791,3,39
132749,132789,132792,3,40
132749,132789,132792,3,40
132748,132788,132791,3,40
132749,132789,132792,3,40
132749,132788,132792,4,39
132749,132788,132792,4,39
132749,132789,132792,3,40
132749,132790,132792,2,41
132749,132790,132792,2,41
132749,132791,132792,1,42
132749,132788,132792,4,39
132749,132788,132792,4,39
132749,132788,132792,4,39
132749,132788,132792,4,39
132749,132791,132792,1,42
132749,132791,132792,1,42
132749,132791,132793,2,42
132749,132789,132793,4,40
132749,132789,132792,3,40
132749,132790,132793,3,41
132749,132790,132793,3,41
132749,132790,132793,3,41
132749,132789,132793,4,40
132749,132789,132793,4,40
132749,132790,132793,3,41
132749,132790,132793,3,41
132749,132790,132792,2,41
132749,132790,132793,3,41
132749,132790,132793,3,41
132749,132789,132793,4,40
132749,132789,132793,4,40
132749,132790,132793,3,41
132749,132790,132793,3,41
132749,132790,132793,3,41
132749,132791,132793,2,42
132749,132790,132794,4,41
132749,132790,132794,4,41
132749,132791,132793,2,42
132749,132790,132794,4,41
132749,132790,132794,4,41
131853,131854,132794,940,1
132749,132791,132794,3,42
132749,132792,132795,3,43
132749,132792,132795,3,43
132749,132790,132794,4,41
132749,132791,132795,4,42
132749,132792,132794,2,43
132749,132792,132794,2,43
132749,132791,132795,4,42
132749,132791,132795,4,42
132749,132791,132795,4,42
132749,132791,132795,4,42
132749,132791,132795,4,42
132749,132791,132795,4,42
132749,132793,132795,2,44
132749,132792,132795,3,43
132749,132793,132796,3,44
132749,132793,132796,3,44
132749,132793,132796,3,44
132749,132792,132795,3,43
132749,132793,132796,3,44
132749,132793,132796,3,44
132749,132793,132796,3,44
132749,132793,132796,3,44
132749,132792,132796,4,43
132749,132793,132796,3,44
132749,132793,132796,3,44
132749,132795,132796,1,46
132749,132793,132796,3,44
132749,132793,132796,3,44
132749,132793,132796,3,44
132749,132793,132796,3,44
132749,132794,132796,2,45
132749,132793,132796,3,44
132749,132794,132797,3,45
132749,132794,132796,2,45
132749,132794,132796,2,45
132749,132793,132797,4,44
132749,132793,132796,3,44
132749,132793,132796,3,44
132749,132793,132796,3,44
132749,132793,132797,4,44
132749,132794,132797,3,45
132749,132794,132796,2,45
132749,132793,132796,3,44
132749,132793,132796,3,44
132749,132793,132796,3,44
132749,132793,132796,3,44
132749,132793,132797,4,44
132749,132794,132796,2,45
132749,132794,132797,3,45
132749,132794,132797,3,45
132749,132793,132796,3,44
132749,132794,132796,2,45
132749,132794,132797,3,45
132749,132792,132797,5,43
132749,132793,132797,4,44
132749,132793,132797,4,44
132749,132795,132797,2,46
132749,132794,132797,3,45
132749,132795,132797,2,46
132749,132795,132798,3,46
132749,132795,132798,3,46
132749,132795,132798,3,46
132749,132796,132799,3,47
132749,132796,132798,2,47
132749,132796,132798,2,47
132749,132796,132798,2,47
132764,132796,132799,3,32
132764,132797,132799,2,33
132764,132797,132798,1,33
132764,132797,132798,1,33
132764,132797,132798,1,33
132749,132795,132798,3,46
132764,132796,132799,3,32
132764,132797,132799,2,33
132749,132795,132798,3,46
132764,132797,132799,2,33
132749,132795,132799,4,46
132764,132796,132799,3,32
132764,132797,132799,2,33
132764,132798,132799,1,34
132764,132796,132799,3,32
132764,132796,132800,4,32
132764,132796,132799,3,32
132764,132797,132799,2,33
132764,132796,132799,3,32
132764,132797,132800,3,33
132764,132797,132800,3,33
132764,132796,132799,3,32
132764,132797,132800,3,33
132764,132797,132799,2,33
132764,132796,132800,4,32
132764,132797,132800,3,33
132764,132797,132800,3,33
132764,132796,132800,4,32
132764,132798,132800,2,34
132764,132797,132800,3,33
132764,132797,132800,3,33
132764,132798,132800,2,34
132764,132797,132800,3,33
132764,132797,132800,3,33
132764,132797,132800,3,33
132764,132797,132800,3,33
132764,132797,132801,4,33
132764,132797,132801,4,33
132764,132797,132801,4,33
132764,132798,132801,3,34
132764,132798,132801,3,34
132764,132797,132801,4,33
132764,132797,132801,4,33
132764,132797,132801,4,33
132764,132797,132801,4,33
132764,132797,132801,4,33
132764,132797,132801,4,33
132764,132798,132801,3,34
132764,132798,132802,4,34
132764,132798,132801,3,34
132764,132799,132802,3,35
132764,132799,132802,3,35
132764,132799,132802,3,35
132764,132799,132802,3,35
132764,132800,132802,2,36
132764,132800,132802,2,36
132764,132798,132802,4,34
132764,132801,132802,1,37
132764,132799,132802,3,35
132764,132799,132803,4,35
132764,132800,132802,2,36
132764,132800,132802,2,36
132764,132801,132802,1,37
132764,132801,132802,1,37
132764,132799,132803,4,35
132764,132801,132802,1,37
132764,132801,132802,1,37
132764,132799,132803,4,35
132764,132800,132802,2,36
132764,132801,132803,2,37
132764,132801,132803,2,37
132764,132801,132803,2,37
132764,132799,132802,3,35
132764,132799,132802,3,35
132764,132799,132802,3,35
132764,132799,132803,4,35
132764,132799,132803,4,35
132764,132800,132803,3,36
132764,132799,132803,4,35
132764,132800,132803,3,36
132764,132800,132803,3,36
132764,132799,132803,4,35
132764,132800,132803,3,36
132764,132800,132803,3,36
132764,132800,132803,3,36
132764,132801,132803,2,37
132764,132801,132803,2,37
132764,132801,132804,3,37
132764,132801,132804,3,37
132764,132800,132803,3,36
132764,132801,132803,2,37
132764,132799,132803,4,35
132764,132801,132804,3,37
132764,132801,132803,2,37
132764,132800,132804,4,36
132764,132801,132804,3,37
132764,132801,132804,3,37
132764,132800,132804,4,36
132764,132801,132804,3,37
132764,132802,132804,2,38
132764,132802,132805,3,38
132764,132803,132805,2,39
132764,132801,132804,3,37
132764,132801,132805,4,37
132764,132802,132805,3,38
132764,132802,132804,2,38
132764,132802,132805,3,38
132764,132803,132805,2,39
132764,132803,132805,2,39
132764,132803,132805,2,39
132764,132801,132805,4,37
132764,132802,132805,3,38
132764,132802,132805,3,38
132764,132803,132805,2,39
132765,132803,132806,3,38
132764,132803,132805,2,39
132764,132803,132806,3,39
132764,132803,132806,3,39
132764,132803,132806,3,39
132764,132803,132806,3,39
132765,132804,132806,2,39
132765,132804,132806,2,39
132764,132802,132805,3,38
132765,132803,132806,3,38
132765,132803,132806,3,38
132765,132803,132806,3,38
132764,132803,132806,3,39
132764,132803,132806,3,39
132765,132804,132806,2,39
132765,132804,132806,2,39
132765,132804,132807,3,39
132765,132804,132807,3,39
132765,132806,132807,1,41
132764,132803,132806,3,39
132765,132806,132807,1,41
132765,132806,132807,1,41
132765,132804,132806,2,39
132765,132803,132806,3,38
132765,132804,132807,3,39
132765,132804,132807,3,39
132765,132803,132807,4,38
132765,132803,132807,4,38
132765,132803,132807,4,38
132765,132804,132807,3,39
132765,132804,132807,3,39
132765,132804,132807,3,39
132765,132803,132807,4,38
132765,132803,132807,4,38
132765,132803,132807,4,38
132765,132803,132807,4,38
132765,132804,132807,3,39
132765,132804,132807,3,39
132765,132804,132807,3,39
132765,132805,132808,3,40
132765,132805,132807,2,40
132765,132804,132808,4,39
132765,132805,132808,3,40
132765,132804,132808,4,39
132765,132804,132808,4,39
132765,132804,132808,4,39
132765,132806,132808,2,41
132765,132805,132808,3,40
132765,132806,132809,3,41
132765,132805,132808,3,40
132765,132806,132809,3,41
132765,132806,132809,3,41
132765,132806,132809,3,41
132765,132805,132809,4,40
132765,132805,132809,4,40
132765,132805,132809,4,40
132765,132805,132808,3,40
132765,132807,132809,2,42
132765,132808,132809,1,43
132765,132808,132809,1,43
132765,132808,132809,1,43
132765,132808,132809,1,43
132765,132808,132809,1,43
132765,132808,132809,1,43
132765,132808,132809,1,43
132765,132806,132810,4,41
132765,132806,132809,3,41
132765,132807,132810,3,42
132765,132805,132809,4,40
132765,132806,132809,3,41
132765,132806,132809,3,41
132765,132806,132810,4,41
132765,132807,132810,3,42
132765,132806,132809,3,41
132765,132806,132810,4,41
132765,132806,132810,4,41
132765,132806,132810,4,41
132765,132807,132810,3,42
132765,132807,132809,2,42
132765,132807,132809,2,42
132765,132806,132810,4,41
132765,132807,132810,3,42
132765,132808,132810,2,43
132765,132808,132811,3,43
132765,132808,132811,3,43
132765,132807,132810,3,42
132765,132807,132810,3,42
132765,132808,132811,3,43
132765,132807,132810,3,42
132765,132807,132811,4,42
132765,132808,132810,2,43
132765,132807,132811,4,42
132765,132808,132810,2,43
132765,132807,132811,4,42
132765,132807,132811,4,42
132765,132809,132812,3,44
132765,132809,132811,2,44
132765,132808,132811,3,43
132765,132809,132811,2,44
132765,132809,132812,3,44
132765,132808,132811,3,43
132765,132808,132811,3,43
132765,132809,132812,3,44
132765,132809,132812,3,44
132765,132809,132812,3,44
132765,132808,132812,4,43
132765,132809,132812,3,44
132765,132809,132812,3,44
132765,132809,132812,3,44
132765,132810,132812,2,45
132765,132810,132812,2,45
132765,132810,132812,2,45
132765,132810,132812,2,45
132765,132810,132812,2,45
132765,132810,132812,2,45
132765,132810,132812,2,45
132765,132809,132812,3,44
132765,132810,132813,3,45
132765,132810,132813,3,45
132765,132810,132813,3,45
132765,132810,132812,2,45
132766,132810,132813,3,44
132766,132810,132813,3,44
132765,132809,132812,3,44
132766,132810,132813,3,44
132765,132809,132813,4,44
132765,132809,132813,4,44
132765,132809,132813,4,44
132765,132809,132813,4,44
132766,132810,132813,3,44
132766,132811,132813,2,45
132766,132812,132813,1,46
132766,132812,132813,1,46
132766,132810,132813,3,44
132766,132811,132813,2,45
132766,132812,132814,2,46
132766,132811,132814,3,45
132766,132811,132814,3,45
132766,132812,132814,2,46
132766,132812,132814,2,46
132766,132812,132814,2,46
132766,132810,132814,4,44
132766,132810,132814,4,44
132766,132811,132814,3,45
132766,132811,132814,3,45
132766,132811,132814,3,45
132766,132811,132814,3,45
132766,132811,132815,4,45
132766,132811,132815,4,45
132766,132811,132814,3,45
132766,132811,132814,3,45
132766,132811,132814,3,45
132766,132812,132814,2,46
132766,132812,132815,3,46
132766,132812,132815,3,46
132766,132812,132815,3,46
132766,132812,132815,3,46
132766,132813,132816,3,47
132766,132812,132815,3,46
132766,132814,132816,2,48
132766,132812,132815,3,46
132766,132813,132815,2,47
132766,132813,132816,3,47
132766,132812,132816,4,46
132766,132813,132816,3,47
132766,132813,132816,3,47
132766,132813,132816,3,47
132766,132812,132816,4,46
132766,132812,132815,3,46
132766,132813,132816,3,47
132766,132814,132816,2,48
132766,132814,132817,3,48
132766,132813,132816,3,47
132766,132814,132816,2,48
132766,132814,132817,3,48
132766,132813,132817,4,47
132766,132813,132817,4,47
132766,132813,132816,3,47
132766,132813,132816,3,47
132766,132814,132817,3,48
132766,132813,132817,4,47
132766,132813,132817,4,47
132766,132813,132817,4,47
132766,132812,132816,4,46
132766,132812,132816,4,46
132766,132813,132817,4,47
132766,132813,132817,4,47
132766,132813,132817,4,47
132766,132815,132817,2,49
132766,132814,132817,3,48
132766,132814,132817,3,48
132766,132815,132818,3,49
132766,132814,132817,3,48
132766,132814,132818,4,48
132766,132814,132817,3,48
132766,132815,132817,2,49
132766,132815,132817,2,49
132766,132815,132817,2,49
132766,132814,132818,4,48
132766,132815,132818,3,49
132766,132815,132818,3,49
132766,132815,132818,3,49
132766,132815,132818,3,49
132766,132815,132818,3,49
132766,132815,132818,3,49
132766,132816,132818,2,50
132766,132816,132818,2,50
132766,132815,132819,4,49
132766,132815,132819,4,49
132766,132815,132819,4,49
132766,132815,132818,3,49
132766,132815,132819,4,49
132766,132817,132819,2,51
132766,132815,132819,4,49
132766,132816,132819,3,50
132766,132816,132819,3,50
132766,132816,132819,3,50
132766,132816,132819,3,50
132766,132817,132819,2,51
132766,132818,132820,2,52
132766,132816,132819,3,50
132766,132816,132819,3,50
132766,132817,132819,2,51
132766,132816,132819,3,50
132766,132816,132819,3,50
132766,132817,132819,2,51
132766,132817,132820,3,51
132766,132815,132819,4,49
132766,132817,132819,2,51
132766,132816,132820,4,50
132766,132817,132820,3,51
132766,132816,132819,3,50
132766,132816,132820,4,50
132766,132816,132820,4,50
132766,132817,132820,3,51
132766,132817,132820,3,51
132766,132817,132820,3,51
132766,132817,132820,3,51
132766,132817,132820,3,51
131898,131899,132820,921,1
132766,132818,132820,2,52
132766,132818,132820,2,52
132766,132817,132820,3,51
132766,132817,132820,3,51
132766,132817,132821,4,51
132766,132817,132821,4,51
132766,132817,132821,4,51
132766,132817,132820,3,51
132766,132817,132821,4,51
132766,132820,132821,1,54
132766,132819,132821,2,53
132766,132818,132821,3,52
132766,132819,132821,2,53
132766,132818,132821,3,52
132766,132818,132822,4,52
132766,132819,132822,3,53
132766,132818,132822,4,52
132766,132818,132821,3,52
132766,132818,132822,4,52
132766,132818,132822,4,52
132766,132819,132821,2,53
132766,132819,132821,2,53
132766,132819,132821,2,53
132766,132818,132822,4,52
132766,132818,132822,4,52
132766,132818,132822,4,52
132766,132819,132822,3,53
132766,132820,132822,2,54
132766,132818,132822,4,52
132766,132818,132822,4,52
132766,132819,132822,3,53
132766,132819,132822,3,53
132766,132821,132822,1,55
132766,132818,132822,4,52
132766,132820,132822,2,54
132766,132820,132823,3,54
132766,132820,132822,2,54
132766,132819,132822,3,53
132766,132820,132822,2,54
132766,132818,132822,4,52
132766,132820,132823,3,54
132766,132820,132823,3,54
132766,132821,132823,2,55
132766,132821,132823,2,55
132766,132820,132823,3,54
132766,132821,132823,2,55
132766,132821,132823,2,55
132766,132821,132823,2,55
132766,132821,132823,2,55
132766,132820,132823,3,54
132766,132820,132823,3,54
132766,132820,132823,3,54
132766,132822,132824,2,56
132766,132820,132824,4,54
132766,132822,132824,2,56
132766,132820,132823,3,54
132766,132820,132823,3,54
132766,132821,132824,3,55
132766,132820,132823,3,54
132766,132821,132824,3,55
132766,132821,132824,3,55
132766,132822,132824,2,56
132766,132822,132824,2,56
132766,132823,132824,1,57
132766,132823,132824,1,57
132766,132821,132824,3,55
132766,132821,132825,4,55
132766,132821,132824,3,55
132766,132822,132824,2,56
132766,132822,132825,3,56
132766,132821,132825,4,55
132766,132821,132825,4,55
132766,132822,132825,3,56
132766,132821,132825,4,55
132766,132822,132825,3,56
132766,132821,132824,3,55
132766,132822,132825,3,56
132766,132822,132825,3,56
132766,132822,132826,4,56
132766,132822,132825,3,56
132766,132823,132825,2,57
132766,132823,132825,2,57
132766,132823,132825,2,57
132766,132823,132826,3,57
132766,132824,132826,2,58
132766,132823,132826,3,57
132766,132823,132826,3,57
132766,132822,132825,3,56
132766,132823,132826,3,57
132766,132822,132825,3,56
132766,132822,132826,4,56
132766,132822,132826,4,56
132766,132822,132826,4,56
132766,132822,132826,4,56
132766,132823,132826,3,57
132766,132823,132826,3,57
132766,132822,132826,4,56
132766,132823,132826,3,57
132766,132823,132826,3,57
132766,132824,132827,3,58
132766,132824,132826,2,58
132766,132824,132826,2,58
132766,132823,132826,3,57
132766,132825,132827,2,59
132766,132824,132826,2,58
132766,132823,132826,3,57
132766,132824,132826,2,58
132766,132824,132826,2,58
132766,132824,132827,3,58
132766,132824,132827,3,58
132766,132824,132827,3,58
132766,132822,132826,4,56
132766,132824,132827,3,58
132766,132824,132827,3,58
132766,132823,132827,4,57
132766,132825,132827,2,59
132766,132825,132827,2,59
132766,132824,132828,4,58
132766,132825,132827,2,59
132766,132825,132828,3,59
132766,132825,132827,2,59
132766,132825,132827,2,59
132766,132825,132828,3,59
132766,132825,132828,3,59
132766,132825,132827,2,59
132766,132824,132828,4,58
132766,132825,132828,3,59
131889,131891,132835,944,2
131849,131849,132844,995,0
131905,131905,132849,944,0
131846,131846,132855,1009,0
132857,132857,132859,2,0
132857,132857,132859,2,0
132857,132857,132860,3,0
132857,132857,132860,3,0
132857,132857,132859,2,0
132857,132857,132860,3,0
132857,132857,132860,3,0
132857,132857,132860,3,0
132857,132857,132860,3,0
132857,132857,132860,3,0
132857,132857,132860,3,0
132857,132857,132860,3,0
132857,132857,132860,3,0
132857,132857,132860,3,0
132857,132857,132859,2,0
132857,132857,132860,3,0
132857,132857,132861,4,0
132857,132857,132861,4,0
132857,132857,132861,4,0
132857,132857,132860,3,0
132857,132857,132860,3,0
132857,132857,132861,4,0
132857,132857,132860,3,0
132857,132857,132861,4,0
132857,132857,132861,4,0
132857,132857,132861,4,0
132857,132857,132861,4,0
132857,132857,132861,4,0
132857,132857,132860,3,0
132857,132857,132861,4,0
132857,132857,132861,4,0
132857,132857,132861,4,0
132857,132857,132861,4,0
132857,132857,132861,4,0
132857,132857,132861,4,0
132857,132857,132861,4,0
132857,132857,132861,4,0
132857,132857,132860,3,0
132857,132857,132861,4,0
132857,132857,132861,4,0
132857,132857,132861,4,0
132857,132857,132861,4,0
132857,132857,132861,4,0
132857,132857,132861,4,0
132857,132857,132861,4,0
132857,132857,132862,5,0
132857,132858,132861,3,1
132857,132857,132861,4,0
132857,132857,132862,5,0
131876,131876,132862,986,0
132857,132857,132862,5,0
132857,132857,132861,4,0
132857,132857,132862,5,0
132857,132857,132862,5,0
132857,132857,132862,5,0
132857,132859,132862,3,2
132857,132857,132862,5,0
132857,132857,132862,5,0
132857,132859,132862,3,2
132857,132857,132862,5,0
132857,132857,132862,5,0
132857,132857,132862,5,0
132857,132860,132863,3,3
132857,132860,132863,3,3
132857,132860,132863,3,3
132857,132860,132863,3,3
132857,132860,132863,3,3
132857,132860,132863,3,3
132857,132860,132864,4,3
132857,132861,132864,3,4
132857,132861,132864,3,4
132857,132861,132864,3,4
132857,132862,132864,2,5
132857,132861,132864,3,4
132857,132860,132864,4,3
132857,132860,132864,4,3
132857,132862,132864,2,5
132857,132860,132864,4,3
132857,132862,132865,3,5
132857,132862,132865,3,5
132857,132860,132864,4,3
132857,132862,132864,2,5
132857,132862,132864,2,5
132857,132862,132865,3,5
132857,132860,132864,4,3
132857,132862,132865,3,5
132857,132862,132864,2,5
132857,132862,132864,2,5
132857,132861,132864,3,4
132857,132862,132865,3,5
132857,132862,132865,3,5
132857,132861,132865,4,4
132857,132861,132865,4,4
132857,132862,132865,3,5
132857,132862,132865,3,5
132857,132863,132865,2,6
132857,132863,132865,2,6
132857,132862,132865,3,5
132857,132861,132865,4,4
132857,132862,132865,3,5
132857,132861,132865,4,4
132857,132863,132865,2,6
132857,132863,132865,2,6
132857,132862,132865,3,5
132857,132862,132865,3,5
132857,132863,132865,2,6
132857,132862,132865,3,5
132857,132862,132865,3,5
132857,132862,132865,3,5
132857,132863,132866,3,6
132857,132862,132865,3,5
132857,132862,132865,3,5
132857,132862,132865,3,5
132857,132863,132866,3,6
132857,132862,132865,3,5
132857,132863,132866,3,6
132857,132863,132866,3,6
132857,132863,132866,3,6
132857,132863,132867,4,6
132857,132864,132867,3,7
132857,132865,132867,2,8
132857,132862,132866,4,5
132857,132865,132866,1,8
132857,132865,132867,2,8
132857,132865,132867,2,8
132857,132864,132868,4,7
132857,132864,132867,3,7
132857,132865,132867,2,8
132857,132865,132868,3,8
132857,132865,132868,3,8
132857,132865,132868,3,8
132857,132865,132867,2,8
132857,132864,132867,3,7
132857,132865,132868,3,8
132857,132865,132868,3,8
132857,132865,132868,3,8
132857,132865,132868,3,8
132857,132866,132868,2,9
132857,132865,132869,4,8
132857,132865,132868,3,8
132857,132865,132868,3,8
132857,132865,132868,3,8
132857,132866,132869,3,9
132857,132866,132869,3,9
132857,132866,132869,3,9
132857,132866,132869,3,9
132857,132866,132870,4,9
132857,132866,132869,3,9
132857,132866,132869,3,9
132857,132866,132869,3,9
132857,132866,132869,3,9
132857,132866,132869,3,9
132857,132866,132869,3,9
132857,132866,132869,3,9
132857,132867,132869,2,10
132857,132866,132870,4,9
132857,132866,132869,3,9
132857,132866,132870,4,9
132857,132867,132870,3,10
132857,132866,132870,4,9
132857,132866,132870,4,9
132857,132866,132870,4,9
132857,132866,132870,4,9
132857,132867,132869,2,10
132857,132867,132870,3,10
132857,132865,132869,4,8
132857,132866,132870,4,9
132857,132866,132869,3,9
132857,132867,132870,3,10
132857,132865,132869,4,8
132857,132866,132870,4,9
132857,132866,132870,4,9
132857,132867,132870,3,10
132857,132866,132870,4,9
132857,132867,132870,3,10
132857,132867,132870,3,10
132857,132869,132870,1,12
132857,132866,132870,4,9
132857,132869,132870,1,12
132857,132869,132870,1,12
132857,132869,132870,1,12
132857,132866,132870,4,9
132857,132869,132870,1,12
132857,132866,132870,4,9
132857,132868,132871,3,11
132857,132868,132871,3,11
132857,132869,132871,2,12
132857,132868,132871,3,11
132857,132869,132870,1,12
132857,132867,132870,3,10
132857,132868,132871,3,11
132857,132868,132870,2,11
132857,132868,132871,3,11
132857,132870,132872,2,13
132857,132868,132872,4,11
132857,132868,132871,3,11
132857,132869,132872,3,12
132857,132869,132872,3,12
132857,132868,132872,4,11
132857,132870,132873,3,13
132857,132870,132873,3,13
132857,132870,132872,2,13
132857,132869,132872,3,12
132857,132870,132872,2,13
132857,132870,132872,2,13
132857,132870,132872,2,13
132857,132870,132873,3,13
132857,132870,132873,3,13
132857,132870,132873,3,13
132857,132870,132873,3,13
132857,132870,132873,3,13
132857,132870,132873,3,13
132857,132870,132873,3,13
132857,132870,132873,3,13
132857,132870,132873,3,13
132857,132870,132873,3,13
132857,132871,132873,2,14
132857,132871,132873,2,14
132857,132871,132874,3,14
132857,132871,132873,2,14
132857,132871,132874,3,14
132857,132871,132874,3,14
132857,132870,132873,3,13
132857,132870,132874,4,13
132857,132871,132873,2,14
132857,132871,132873,2,14
132857,132871,132874,3,14
132857,132871,132873,2,14
132857,132871,132874,3,14
132857,132871,132874,3,14
132857,132870,132874,4,13
132857,132870,132873,3,13
132857,132870,132874,4,13
132857,132870,132874,4,13
132857,132871,132874,3,14
132857,132870,132874,4,13
132857,132870,132874,4,13
132857,132870,132874,4,13
132857,132870,132873,3,13
132857,132871,132874,3,14
132857,132873,132875,2,16
132857,132871,132875,4,14
132857,132871,132875,4,14
132857,132872,132875,3,15
132857,132873,132875,2,16
132857,132871,132875,4,14
132857,132871,132875,4,14
132857,132871,132875,4,14
132857,132872,132875,3,15
132857,132872,132875,3,15
132857,132871,132875,4,14
132857,132872,132875,3,15
132857,132871,132875,4,14
132857,132872,132875,3,15
132857,132873,132875,2,16
132857,132873,132876,3,16
132857,132872,132876,4,15
132857,132872,132876,4,15
132857,132873,132875,2,16
132857,132873,132876,3,16
132857,132873,132876,3,16
132857,132874,132876,2,17
132857,132874,132877,3,17
132857,132874,132876,2,17
132857,132874,132877,3,17
132857,132873,132876,3,16
132857,132874,132877,3,17
132857,132873,132876,3,16
132857,132874,132877,3,17
132857,132873,132877,4,16
132857,132875,132877,2,18
132857,132875,132877,2,18
132857,132873,132877,4,16
132857,132873,132877,4,16
132857,132876,132878,2,19
132857,132876,132878,2,19
132857,132873,132877,4,16
132857,132873,132877,4,16
132857,132875,132878,3,18
132857,132876,132878,2,19
132857,132874,132877,3,17
132857,132874,132877,3,17
132857,132874,132877,3,17
132857,132874,132877,3,17
132857,132873,132878,5,16
132857,132874,132877,3,17
132857,132874,132877,3,17
132857,132874,132878,4,17
132857,132874,132878,4,17
132857,132874,132878,4,17
132857,132874,132878,4,17
132857,132874,132877,3,17
132857,132874,132878,4,17
132857,132874,132878,4,17
132857,132876,132878,2,19
132857,132875,132878,3,18
132857,132875,132879,4,18
132857,132875,132878,3,18
132857,132875,132878,3,18
132857,132876,132878,2,19
132857,132877,132879,2,20
132857,132877,132879,2,20
132857,132876,132879,3,19
132857,132877,132879,2,20
132857,132875,132879,4,18
132857,132876,132879,3,19
132857,132876,132880,4,19
132857,132876,132879,3,19
132857,132876,132879,3,19
132857,132876,132879,3,19
132857,132876,132879,3,19
132857,132876,132880,4,19
132857,132876,132880,4,19
132857,132877,132879,2,20
132857,132878,132880,2,21
132857,132877,132879,2,20
132857,132877,132880,3,20
132857,132877,132880,3,20
132857,132876,132880,4,19
132857,132878,132880,2,21
132857,132876,132880,4,19
132857,132876,132880,4,19
132857,132878,132880,2,21
132857,132878,132880,2,21
132857,132876,132880,4,19
132857,132878,132880,2,21
132857,132879,132881,2,22
132857,132879,132880,1,22
132857,132878,132880,2,21
132857,132878,132880,2,21
132857,132878,132880,2,21
132857,132879,132881,2,22
132857,132878,132880,2,21
132857,132878,132880,2,21
132857,132878,132880,2,21
132857,132879,132881,2,22
132857,132879,132880,1,22
132857,132878,132881,3,21
132857,132878,132881,3,21
132857,132878,132881,3,21
132857,132878,132881,3,21
132857,132877,132880,3,20
132857,132878,132881,3,21
132857,132877,132881,4,20
132857,132878,132881,3,21
132857,132878,132880,2,21
132857,132878,132880,2,21
132857,132878,132881,3,21
132857,132878,132881,3,21
132857,132878,132881,3,21
132857,132879,132881,2,22
132857,132879,132881,2,22
132858,132879,132882,3,21
132857,132878,132881,3,21
132857,132857,132862,5,0
132857,132857,132862,5,0
132857,132860,132863,3,3
132857,132860,132864,4,3
132857,132878,132881,3,21
132858,132879,132882,3,21
132858,132879,132882,3,21
132858,132881,132883,2,23
132858,132880,132883,3,22
132858,132881,132883,2,23
132858,132881,132882,1,23
132858,132881,132883,2,23
132858,132881,132883,2,23
132858,132880,132883,3,22
132858,132879,132882,3,21
132858,132879,132882,3,21
132858,132880,132882,2,22
132858,132879,132883,4,21
132858,132879,132883,4,21
132858,132881,132884,3,23
132858,132881,132883,2,23
132858,132881,132883,2,23
132858,132880,132884,4,22
132858,132880,132883,3,22
132858,132880,132883,3,22
132858,132880,132883,3,22
132858,132881,132883,2,23
132858,132881,132884,3,23
132858,132880,132883,3,22
132858,132880,132883,3,22
132858,132880,132884,4,22
132858,132881,132884,3,23
132858,132881,132884,3,23
132858,132881,132883,2,23
132858,132881,132883,2,23
132858,132880,132883,3,22
132858,132881,132884,3,23
132858,132881,132884,3,23
132858,132880,132884,4,22
132858,132881,132884,3,23
132858,132881,132884,3,23
132858,132881,132884,3,23
132858,132881,132884,3,23
132858,132880,132884,4,22
132858,132883,132885,2,25
132858,132883,132885,2,25
132858,132883,132885,2,25
132858,132881,132885,4,23
132858,132881,132885,4,23
132858,132881,132885,4,23
132858,132881,132885,4,23
132858,132881,132885,4,23
132858,132881,132885,4,23
132858,132883,132885,2,25
132857,132882,132885,3,25
132857,132882,132884,2,25
132857,132882,132885,3,25
132858,132882,132885,3,24
132858,132880,132884,4,22
132858,132881,132885,4,23
132858,132881,132885,4,23
132858,132882,132885,3,24
132858,132883,132885,2,25
132858,132883,132885,2,25
132858,132883,132886,3,25
132858,132884,132886,2,26
132858,132882,132885,3,24
132858,132883,132886,3,25
132858,132881,132885,4,23
132858,132882,132886,4,24
132858,132882,132886,4,24
132858,132882,132886,4,24
132858,132882,132886,4,24
132858,132882,132886,4,24
132858,132882,132886,4,24
132858,132882,132886,4,24
132858,132882,132886,4,24
132858,132882,132886,4,24
132858,132884,132886,2,26
132858,132884,132886,2,26
132858,132884,132886,2,26
132858,132884,132886,2,26
132858,132884,132887,3,26
132858,132884,132887,3,26
132858,132885,132887,2,27
132858,132884,132887,3,26
132858,132884,132887,3,26
132858,132884,132887,3,26
132858,132884,132886,2,26
132858,132884,132887,3,26
132858,132885,132887,2,27
132858,132884,132887,3,26
132858,132884,132887,3,26
132858,132884,132887,3,26
132858,132884,132887,3,26
132858,132884,132887,3,26
132858,132883,132886,3,25
132858,132885,132887,2,27
132858,132885,132887,2,27
132858,132884,132887,3,26
132858,132884,132887,3,26
132858,132885,132888,3,27
132858,132885,132887,2,27
132858,132884,132887,3,26
132858,132884,132887,3,26
132858,132885,132888,3,27
132858,132885,132888,3,27
132858,132884,132887,3,26
132858,132885,132888,3,27
132858,132885,132888,3,27
132858,132885,132888,3,27
132858,132885,132888,3,27
132858,132885,132888,3,27
132858,132885,132888,3,27
132858,132885,132888,3,27
132858,132885,132888,3,27
132858,132885,132888,3,27
132858,132886,132888,2,28
132858,132886,132889,3,28
132858,132886,132888,2,28
132858,132886,132888,2,28
132858,132886,132889,3,28
132858,132886,132888,2,28
132858,132885,132888,3,27
132858,132886,132889,3,28
132858,132886,132889,3,28
132858,132887,132889,2,29
132858,132885,132888,3,27
132858,132885,132889,4,27
132858,132885,132889,4,27
132858,132886,132889,3,28
131915,131915,132890,975,0
132858,132887,132890,3,29
132858,132887,132889,2,29
132858,132887,132890,3,29
132858,132886,132890,4,28
132858,132889,132890,1,31
132858,132887,132890,3,29
132858,132887,132890,3,29
132858,132889,132890,1,31
132858,132886,132890,4,28
132858,132889,132890,1,31
132858,132886,132890,4,28
132858,132887,132890,3,29
132858,132886,132890,4,28
132858,132886,132890,4,28
132858,132886,132891,5,28
132858,132886,132890,4,28
132858,132889,132890,1,31
131908,131909,132891,982,1
132858,132887,132890,3,29
132858,132888,132890,2,30
132858,132887,132890,3,29
132858,132888,132890,2,30
132858,132887,132891,4,29
132858,132887,132890,3,29
132858,132887,132890,3,29
132858,132890,132891,1,32
132858,132887,132891,4,29
132858,132887,132891,4,29
132858,132887,132891,4,29
132858,132888,132891,3,30
132858,132887,132891,4,29
132858,132887,132891,4,29
132858,132887,132891,4,29
132858,132887,132891,4,29
132858,132886,132891,5,28
132858,132889,132891,2,31
132858,132889,132891,2,31
132858,132888,132891,3,30
132858,132890,132892,2,32
132858,132888,132891,3,30
132858,132888,132892,4,30
132858,132888,132892,4,30
132858,132890,132892,2,32
132858,132887,132892,5,29
132858,132890,132892,2,32
132858,132890,132892,2,32
132858,132888,132892,4,30
132858,132890,132893,3,32
132858,132889,132892,3,31
132858,132891,132893,2,33
132858,132891,132893,2,33
132858,132891,132893,2,33
132858,132889,132892,3,31
132858,132889,132892,3,31
132858,132889,132893,4,31
132858,132889,132892,3,31
132858,132888,132893,5,30
132858,132889,132893,4,31
132858,132891,132894,3,33
132858,132891,132893,2,33
132858,132891,132893,2,33
132858,132891,132894,3,33
132858,132890,132893,3,32
132858,132890,132893,3,32
132858,132891,132893,2,33
132858,132892,132894,2,34
132858,132892,132894,2,34
132858,132889,132893,4,31
132858,132891,132893,2,33
132858,132890,132893,3,32
132858,132891,132893,2,33
132858,132891,132893,2,33
132858,132891,132893,2,33
132858,132889,132893,4,31
132858,132889,132893,4,31
132858,132891,132894,3,33
132858,132891,132894,3,33
132858,132889,132893,4,31
132858,132890,132893,3,32
132858,132891,132894,3,33
132858,132889,132894,5,31
132858,132891,132894,3,33
132858,132891,132894,3,33
132858,132891,132894,3,33
132858,132891,132894,3,33
132858,132892,132894,2,34
132858,132892,132894,2,34
132858,132892,132895,3,34
132858,132891,132894,3,33
132858,132891,132894,3,33
132858,132892,132894,2,34
132858,132893,132895,2,35
132858,132893,132895,2,35
132858,132891,132894,3,33
132858,132891,132894,3,33
132858,132891,132894,3,33
132858,132892,132895,3,34
132858,132891,132895,4,33
132858,132892,132895,3,34
132858,132893,132895,2,35
132858,132893,132896,3,35
132858,132893,132895,2,35
132858,132893,132895,2,35
132858,132892,132895,3,34
132858,132892,132895,3,34
132858,132892,132895,3,34
132858,132892,132895,3,34
132858,132892,132895,3,34
132858,132893,132896,3,35
132858,132893,132895,2,35
132858,132893,132895,2,35
132858,132892,132896,4,34
132858,132892,132895,3,34
132858,132893,132895,2,35
132858,132893,132896,3,35
132858,132893,132896,3,35
132858,132893,132896,3,35
132858,132893,132896,3,35
132858,132894,132897,3,36
132858,132894,132896,2,36
132858,132894,132897,3,36
132858,132893,132896,3,35
132858,132894,132896,2,36
132858,132894,132897,3,36
132858,132894,132897,3,36
132858,132894,132896,2,36
132858,132894,132897,3,36
132858,132894,132896,2,36
132858,132894,132896,2,36
132858,132893,132897,4,35
132858,132894,132897,3,36
132858,132895,132897,2,37
132858,132893,132896,3,35
132858,132894,132897,3,36
132858,132895,132897,2,37
132858,132895,132897,2,37
132858,132896,132897,1,38
132858,132894,132897,3,36
132858,132894,132897,3,36
132858,132895,132898,3,37
132858,132894,132898,4,36
132858,132894,132898,4,36
132858,132895,132898,3,37
132858,132895,132898,3,37
132858,132894,132897,3,36
132858,132894,132897,3,36
132858,132895,132898,3,37
132858,132895,132898,3,37
132858,132894,132898,4,36
132858,132894,132898,4,36
132858,132894,132897,3,36
132858,132895,132898,3,37
132858,132894,132898,4,36
132858,132894,132898,4,36
132858,132896,132898,2,38
132858,132895,132898,3,37
132858,132894,132898,4,36
132858,132894,132898,4,36
132858,132894,132898,4,36
132858,132895,132899,4,37
132858,132895,132898,3,37
132858,132896,132899,3,38
132858,132895,132899,4,37
132858,132897,132899,2,39
132858,132897,132899,2,39
132858,132897,132899,2,39
132858,132896,132899,3,38
132858,132897,132900,3,39
132858,132896,132899,3,38
132858,132896,132900,4,38
132858,132896,132900,4,38
132858,132896,132900,4,38
132858,132896,132900,4,38
132858,132896,132899,3,38
132858,132897,132900,3,39
132858,132897,132900,3,39
132858,132897,132900,3,39
132858,132895,132899,4,37
132858,132896,132900,4,38
132858,132896,132900,4,38
132858,132897,132900,3,39
132858,132896,132900,4,38
132858,132897,132899,2,39
132858,132897,132900,3,39
132858,132898,132900,2,40
132858,132897,132900,3,39
132858,132897,132901,4,39
132858,132896,132900,4,38
132858,132896,132900,4,38
132858,132897,132900,3,39
132858,132897,132900,3,39
132858,132898,132901,3,40
132858,132896,132900,4,38
132858,132898,132901,3,40
132858,132898,132901,3,40
132858,132898,132901,3,40
132858,132897,132901,4,39
132858,132897,132900,3,39
132858,132898,132901,3,40
132858,132896,132900,4,38
132858,132898,132901,3,40
132858,132898,132901,3,40
132858,132899,132901,2,41
132858,132896,132900,4,38
132858,132897,132901,4,39
132858,132897,132901,4,39
132858,132898,132901,3,40
132858,132899,132901,2,41
132858,132896,132901,5,38
132858,132897,132901,4,39
132858,132897,132901,4,39
132858,132898,132901,3,40
132858,132898,132901,3,40
132858,132898,132902,4,40
132858,132898,132901,3,40
132858,132898,132902,4,40
132858,132899,132902,3,41
132858,132900,132902,2,42
132858,132899,132902,3,41
132858,132898,132901,3,40
132858,132900,132902,2,42
132858,132898,132901,3,40
132858,132898,132902,4,40
132858,132899,132902,3,41
132858,132899,132902,3,41
132858,132899,132902,3,41
132858,132898,132902,4,40
132858,132899,132902,3,41
132858,132900,132902,2,42
132858,132899,132903,4,41
132858,132900,132903,3,42
132858,132900,132903,3,42
132858,132900,132903,3,42
132858,132901,132903,2,43
132858,132901,132903,2,43
132858,132901,132903,2,43
132858,132901,132903,2,43
132858,132900,132903,3,42
132858,132900,132903,3,42
132858,132900,132903,3,42
132858,132902,132903,1,44
132858,132902,132904,2,44
132858,132900,132903,3,42
132858,132901,132904,3,43
132858,132901,132904,3,43
132858,132900,132904,4,42
132858,132901,132904,3,43
132858,132901,132904,3,43
132858,132901,132904,3,43
131864,131864,132904,1040,0
132858,132900,132904,4,42
132858,132900,132904,4,42
132858,132900,132904,4,42
132858,132900,132904,4,42
132858,132902,132904,2,44
132858,132902,132904,2,44
132858,132902,132904,2,44
132858,132902,132904,2,44
132858,132902,132904,2,44
132858,132900,132904,4,42
132858,132901,132904,3,43
132858,132900,132904,4,42
132858,132900,132904,4,42
132858,132902,132904,2,44
132858,132901,132904,3,43
132858,132902,132904,2,44
132858,132901,132905,4,43
132858,132902,132904,2,44
132858,132901,132904,3,43
132858,132901,132904,3,43
132858,132901,132905,4,43
132858,132901,132905,4,43
132858,132901,132904,3,43
132858,132901,132905,4,43
132858,132900,132905,5,42
132858,132901,132906,5,43
132858,132902,132905,3,44
132858,132902,132905,3,44
132858,132902,132905,3,44
132858,132900,132905,5,42
132858,132902,132905,3,44
132858,132901,132906,5,43
132858,132902,132906,4,44
132858,132903,132906,3,45
132858,132903,132906,3,45
132858,132903,132907,4,45
132858,132903,132906,3,45
132858,132903,132906,3,45
132858,132903,132906,3,45
132858,132902,132906,4,44
132858,132904,132907,3,46
132858,132904,132906,2,46
132858,132903,132907,4,45
132858,132902,132907,5,44
132858,132903,132907,4,45
132858,132904,132907,3,46
132858,132904,132907,3,46
132858,132904,132907,3,46
132858,132905,132908,3,47
132858,132904,132907,3,46
132858,132904,132907,3,46
132858,132903,132907,4,45
132858,132903,132907,4,45
132858,132904,132907,3,46
132858,132905,132907,2,47
132858,132905,132908,3,47
132858,132905,132908,3,47
132858,132905,132907,2,47
132858,132902,132907,5,44
132858,132905,132908,3,47
132858,132903,132908,5,45
132858,132905,132908,3,47
132858,132905,132908,3,47
132858,132903,132908,5,45
132858,132905,132908,3,47
132858,132904,132908,4,46
132858,132904,132908,4,46
132858,132905,132909,4,47
132858,132905,132908,3,47
132858,132905,132909,4,47
132858,132905,132908,3,47
132858,132905,132908,3,47
132858,132905,132909,4,47
132858,132905,132908,3,47
132858,132906,132909,3,48
132858,132904,132908,4,46
132858,132904,132908,4,46
132858,132905,132909,4,47
132858,132905,132908,3,47
132858,132905,132909,4,47
132858,132905,132908,3,47
132858,132905,132908,3,47
132858,132905,132908,3,47
132858,132905,132908,3,47
132858,132906,132909,3,48
132858,132905,132908,3,47
132858,132905,132909,4,47
132858,132906,132908,2,48
132858,132905,132909,4,47
132858,132905,132909,4,47
132858,132906,132908,2,48
132858,132905,132909,4,47
132858,132905,132909,4,47
132858,132905,132909,4,47
132858,132907,132909,2,49
132858,132907,132909,2,49
132858,132907,132910,3,49
132858,132907,132910,3,49
132858,132907,132910,3,49
132858,132907,132910,3,49
132858,132907,132909,2,49
132858,132906,132909,3,48
132858,132906,132909,3,48
132858,132907,132909,2,49
132858,132907,132910,3,49
132858,132906,132910,4,48
132858,132907,132910,3,49
132858,132907,132910,3,49
131843,131843,132920,1077,0
131911,131911,132920,1009,0
131869,131869,132922,1053,0
131858,131863,132931,1068,5
131856,131857,132935,1078,1
131845,131845,132938,1093,0
131851,131851,132940,1089,0
132938,132939,132941,2,1
132938,132939,132942,3,1
132938,132939,132942,3,1
132938,132939,132941,2,1
132938,132939,132942,3,1
132938,132939,132941,2,1
132938,132939,132942,3,1
132938,132939,132942,3,1
132938,132939,132941,2,1
132938,132939,132942,3,1
132938,132939,132942,3,1
132938,132939,132941,2,1
132938,132939,132943,4,1
132938,132939,132942,3,1
132938,132939,132943,4,1
132938,132939,132943,4,1
132938,132939,132943,4,1
132938,132939,132943,4,1
132938,132939,132942,3,1
132938,132939,132942,3,1
132938,132939,132943,4,1
132938,132939,132943,4,1
132938,132939,132942,3,1
132938,132939,132943,4,1
132938,132939,132942,3,1
132938,132939,132942,3,1
132938,132939,132943,4,1
132938,132939,132943,4,1
132938,132939,132943,4,1
132938,132939,132943,4,1
132938,132939,132943,4,1
132938,132939,132943,4,1
132938,132939,132943,4,1
132938,132939,132943,4,1
132938,132939,132942,3,1
132938,132939,132943,4,1
132938,132939,132943,4,1
132938,132939,132943,4,1
132938,132939,132943,4,1
132938,132939,132943,4,1
132938,132939,132942,3,1
132938,132939,132943,4,1
132938,132939,132942,3,1
132938,132939,132942,3,1
132938,132939,132943,4,1
132938,132939,132943,4,1
132938,132939,132944,5,1
132938,132939,132943,4,1
132938,132939,132944,5,1
132938,132939,132944,5,1
132938,132939,132944,5,1
132938,132939,132944,5,1
132938,132939,132944,5,1
132938,132939,132944,5,1
132938,132939,132944,5,1
132938,132939,132943,4,1
132938,132939,132944,5,1
132938,132939,132943,4,1
132938,132939,132944,5,1
132938,132939,132943,4,1
132938,132939,132944,5,1
132938,132939,132944,5,1
132938,132939,132943,4,1
132938,132939,132943,4,1
132938,132939,132944,5,1
132938,132939,132943,4,1
132938,132939,132944,5,1
131867,131867,132944,1077,0
132938,132940,132944,4,2
132938,132941,132944,3,3
132938,132939,132944,5,1
132938,132939,132943,4,1
132938,132942,132945,3,4
132938,132939,132945,6,1
132938,132942,132945,3,4
132938,132942,132946,4,4
132938,132942,132945,3,4
132938,132942,132946,4,4
132938,132942,132945,3,4
132938,132942,132946,4,4
132938,132943,132946,3,5
132938,132943,132946,3,5
132938,132943,132946,3,5
132938,132943,132946,3,5
132938,132943,132946,3,5
132938,132942,132946,4,4
132938,132943,132946,3,5
132938,132943,132947,4,5
132938,132942,132946,4,4
132938,132943,132946,3,5
132938,132942,132946,4,4
132938,132943,132946,3,5
132938,132942,132946,4,4
132938,132943,132946,3,5
132938,132943,132947,4,5
132938,132943,132947,4,5
132938,132943,132946,3,5
132938,132943,132946,3,5
132938,132943,132947,4,5
132938,132943,132946,3,5
132938,132943,132946,3,5
132938,132943,132946,3,5
132938,132943,132946,3,5
132938,132943,132947,4,5
132938,132943,132947,4,5
132938,132943,132946,3,5
132938,132944,132947,3,6
132938,132944,132947,3,6
132938,132943,132947,4,5
132938,132943,132947,4,5
132938,132944,132947,3,6
132939,132944,132947,3,5
132938,132943,132947,4,5
132939,132946,132947,1,7
132938,132943,132947,4,5
132938,132943,132947,4,5
132939,132946,132947,1,7
132938,132943,132947,4,5
132938,132943,132947,4,5
132938,132943,132947,4,5
132938,132943,132947,4,5
132938,132943,132947,4,5
132939,132945,132947,2,6
132939,132946,132947,1,7
132938,132943,132947,4,5
132939,132946,132947,1,7
132938,132943,132947,4,5
132939,132944,132949,5,5
132939,132944,132948,4,5
132939,132944,132948,4,5
132939,132944,132948,4,5
132939,132945,132948,3,6
132939,132945,132948,3,6
132939,132945,132949,4,6
132939,132947,132948,1,8
132939,132944,132949,5,5
132939,132944,132949,5,5
132939,132945,132948,3,6
132939,132945,132948,3,6
132939,132945,132948,3,6
131871,131871,132948,1077,0
132939,132945,132948,3,6
131862,131862,132949,1087,0
132939,132945,132949,4,6
132939,132945,132949,4,6
132939,132945,132948,3,6
132939,132945,132948,3,6
132939,132945,132948,3,6
132939,132945,132948,3,6
132939,132945,132949,4,6
132939,132946,132949,3,7
132939,132946,132949,3,7
132939,132947,132950,3,8
132939,132947,132949,2,8
132939,132947,132949,2,8
132939,132947,132949,2,8
132939,132944,132949,5,5
132939,132946,132949,3,7
132939,132947,132950,3,8
132939,132947,132949,2,8
132939,132947,132950,3,8
132939,132948,132950,2,9
132939,132945,132949,4,6
132939,132947,132950,3,8
132939,132948,132949,1,9
132939,132947,132950,3,8
132939,132948,132951,3,9
132939,132948,132950,2,9
132939,132948,132951,3,9
132939,132949,132950,1,10
132939,132947,132950,3,8
132939,132948,132951,3,9
132939,132949,132950,1,10
132939,132949,132950,1,10
132939,132949,132950,1,10
132939,132949,132950,1,10
132939,132947,132951,4,8
132939,132947,132950,3,8
132939,132948,132951,3,9
132939,132947,132950,3,8
132939,132947,132950,3,8
132939,132949,132951,2,10
132939,132947,132950,3,8
132939,132947,132950,3,8
132939,132948,132951,3,9
132939,132948,132951,3,9
132939,132947,132951,4,8
132939,132947,132950,3,8
132939,132948,132951,3,9
132939,132948,132951,3,9
132939,132947,132951,4,8
132939,132947,132950,3,8
132939,132948,132951,3,9
132939,132948,132951,3,9
132939,132948,132951,3,9
132939,132948,132952,4,9
132939,132948,132952,4,9
132939,132948,132951,3,9
132939,132949,132951,2,10
132939,132949,132952,3,10
132939,132948,132951,3,9
132939,132949,132952,3,10
132939,132948,132951,3,9
132939,132948,132951,3,9
132939,132949,132951,2,10
132939,132949,132951,2,10
132939,132948,132951,3,9
132939,132948,132951,3,9
132939,132949,132951,2,10
132939,132949,132952,3,10
132939,132947,132951,4,8
132939,132949,132951,2,10
132939,132949,132951,2,10
132939,132949,132952,3,10
132939,132948,132951,3,9
132939,132948,132952,4,9
132939,132949,132952,3,10
132939,132949,132952,3,10
132939,132949,132952,3,10
132939,132949,132952,3,10
132939,132947,132952,5,8
132939,132950,132952,2,11
132939,132950,132953,3,11
132939,132951,132953,2,12
132939,132950,132952,2,11
132939,132949,132952,3,10
132939,132950,132953,3,11
132939,132950,132953,3,11
132939,132949,132953,4,10
132939,132950,132952,2,11
132939,132950,132953,3,11
132939,132950,132953,3,11
132939,132950,132953,3,11
132939,132950,132953,3,11
132939,132950,132953,3,11
132939,132950,132953,3,11
132939,132950,132953,3,11
132939,132951,132954,3,12
132939,132951,132953,2,12
132939,132951,132953,2,12
132939,132951,132953,2,12
132939,132950,132953,3,11
132939,132950,132953,3,11
132939,132951,132954,3,12
132939,132951,132953,2,12
132939,132951,132954,3,12
132939,132951,132954,3,12
132939,132950,132953,3,11
132939,132951,132954,3,12
132939,132952,132955,3,13
132939,132952,132955,3,13
132939,132951,132954,3,12
132939,132951,132954,3,12
132939,132952,132955,3,13
132939,132951,132955,4,12
132939,132951,132955,4,12
132939,132951,132955,4,12
132939,132952,132954,2,13
132939,132952,132954,2,13
132939,132952,132955,3,13
132939,132951,132955,4,12
132939,132952,132955,3,13
132939,132951,132955,4,12
132939,132951,132955,4,12
132939,132951,132954,3,12
132939,132952,132955,3,13
132939,132951,132955,4,12
132939,132952,132954,2,13
132939,132952,132954,2,13
132939,132951,132955,4,12
132939,132951,132954,3,12
132939,132951,132955,4,12
132939,132951,132955,4,12
132939,132951,132955,4,12
132939,132952,132955,3,13
132939,132952,132955,3,13
132939,132953,132956,3,14
132939,132954,132956,2,15
132939,132953,132956,3,14
132939,132951,132955,4,12
132939,132952,132956,4,13
132939,132952,132955,3,13
132939,132953,132956,3,14
132939,132952,132956,4,13
132939,132953,132956,3,14
132939,132953,132956,3,14
132939,132951,132955,4,12
132939,132952,132956,4,13
132939,132952,132956,4,13
132939,132952,132955,3,13
132939,132952,132956,4,13
132939,132954,132956,2,15
132939,132952,132956,4,13
132939,132952,132956,4,13
132939,132953,132956,3,14
132939,132953,132956,3,14
132939,132952,132956,4,13
132939,132952,132956,4,13
132939,132954,132956,2,15
132939,132954,132956,2,15
132939,132952,132956,4,13
132939,132952,132956,4,13
132939,132953,132956,3,14
132939,132953,132957,4,14
132939,132954,132956,2,15
132939,132954,132957,3,15
132939,132953,132957,4,14
132939,132955,132957,2,16
132939,132954,132957,3,15
132939,132954,132957,3,15
132939,132953,132957,4,14
132939,132953,132957,4,14
132939,132953,132957,4,14
132939,132952,132957,5,13
132939,132952,132957,5,13
132939,132953,132957,4,14
132939,132953,132957,4,14
132939,132952,132957,5,13
132939,132953,132957,4,14
132939,132953,132957,4,14
132939,132954,132957,3,15
132939,132955,132957,2,16
132939,132954,132957,3,15
132939,132954,132958,4,15
132939,132954,132957,3,15
132939,132955,132957,2,16
132939,132955,132958,3,16
132939,132955,132958,3,16
132939,132955,132958,3,16
132939,132955,132958,3,16
132939,132955,132958,3,16
132939,132955,132958,3,16
131839,131839,132959,1120,0
132939,132955,132958,3,16
132939,132955,132958,3,16
132939,132955,132958,3,16
132939,132955,132958,3,16
132939,132955,132958,3,16
132939,132956,132958,2,17
132939,132956,132958,2,17
132939,132955,132958,3,16
132939,132956,132959,3,17
132939,132956,132959,3,17
132939,132955,132958,3,16
132939,132955,132959,4,16
132939,132955,132959,4,16
132939,132955,132959,4,16
132939,132955,132959,4,16
132939,132955,132959,4,16
132939,132957,132959,2,18
132939,132958,132959,1,19
132939,132956,132959,3,17
132939,132956,132962,6,17
132939,132957,132962,5,18
132939,132958,132963,5,19
132939,132955,132963,8,16
132939,132957,132962,5,18
132939,132958,132962,4,19
132939,132955,132963,8,16
132939,132955,132962,7,16
132939,132957,132962,5,18
132939,132957,132962,5,18
132939,132957,132962,5,18
132939,132958,132962,4,19
132939,132957,132962,5,18
132939,132957,132962,5,18
132939,132957,132963,6,18
132939,132958,132962,4,19
132939,132957,132962,5,18
132939,132957,132962,5,18
132939,132957,132962,5,18
132939,132958,132962,4,19
132939,132957,132962,5,18
132939,132958,132962,4,19
132939,132956,132963,7,17
132939,132957,132962,5,18
132939,132957,132962,5,18
132939,132957,132962,5,18
132939,132957,132963,6,18
132939,132958,132962,4,19
132939,132958,132963,5,19
132939,132956,132963,7,17
132939,132957,132962,5,18
132939,132957,132962,5,18
132939,132957,132962,5,18
132939,132957,132962,5,18
132939,132957,132962,5,18
132939,132957,132962,5,18
132939,132956,132962,6,17
132939,132957,132962,5,18
132939,132957,132962,5,18
132939,132958,132963,5,19
132939,132958,132963,5,19
132939,132956,132962,6,17
132939,132956,132962,6,17
132939,132957,132963,6,18
132939,132957,132963,6,18
132939,132957,132963,6,18
132939,132958,132963,5,19
132939,132958,132963,5,19
132939,132958,132963,5,19
132939,132959,132964,5,20
132939,132959,132965,6,20
132939,132960,132964,4,21
132939,132959,132964,5,20
132939,132959,132965,6,20
132939,132959,132964,5,20
132939,132963,132965,2,24
132939,132959,132964,5,20
132939,132959,132965,6,20
132939,132959,132964,5,20
132939,132959,132965,6,20
132939,132959,132965,6,20
132939,132963,132965,2,24
132939,132963,132965,2,24
132939,132963,132965,2,24
132939,132963,132965,2,24
132939,132963,132965,2,24
132939,132959,132965,6,20
132939,132959,132965,6,20
132939,132964,132965,1,25
132939,132964,132965,1,25
132939,132959,132965,6,20
132939,132964,132965,1,25
132939,132964,132966,2,25
132939,132964,132965,1,25
132939,132959,132966,7,20
132939,132960,132966,6,21
132939,132963,132966,3,24
132939,132963,132965,2,24
132939,132960,132965,5,21
132939,132960,132965,5,21
132939,132960,132965,5,21
132939,132964,132966,2,25
132939,132960,132965,5,21
132939,132963,132966,3,24
132939,132963,132966,3,24
132939,132963,132966,3,24
132939,132963,132966,3,24
132939,132960,132965,5,21
132939,132960,132966,6,21
132939,132963,132965,2,24
132939,132963,132966,3,24
132939,132963,132965,2,24
132939,132963,132965,2,24
132939,132963,132965,2,24
132939,132959,132965,6,20
132939,132963,132965,2,24
132939,132963,132966,3,24
132939,132959,132966,7,20
132939,132963,132966,3,24
132939,132963,132966,3,24
132939,132963,132966,3,24
132939,132963,132966,3,24
132939,132963,132966,3,24
132939,132963,132967,4,24
132939,132959,132966,7,20
132939,132964,132967,3,25
132939,132964,132966,2,25
132939,132963,132966,3,24
132939,132963,132966,3,24
132939,132963,132966,3,24
132939,132964,132966,2,25
132939,132959,132966,7,20
132939,132963,132966,3,24
132939,132965,132967,2,26
132939,132965,132967,2,26
132939,132963,132967,4,24
132939,132965,132967,2,26
132939,132963,132966,3,24
132939,132963,132966,3,24
132939,132965,132967,2,26
132939,132965,132967,2,26
132939,132963,132966,3,24
132939,132965,132967,2,26
132939,132963,132966,3,24
132939,132963,132966,3,24
132939,132963,132966,3,24
132939,132963,132968,5,24
132939,132963,132967,4,24
132939,132963,132967,4,24
132939,132963,132967,4,24
132939,132965,132968,3,26
132939,132965,132968,3,26
132939,132966,132968,2,27
132939,132965,132968,3,26
132939,132965,132968,3,26
132939,132966,132968,2,27
132939,132965,132968,3,26
132939,132966,132968,2,27
132939,132966,132968,2,27
132939,132966,132967,1,27
132939,132966,132968,2,27
132939,132963,132967,4,24
132939,132966,132968,2,27
132939,132966,132968,2,27
132939,132966,132968,2,27
132939,132966,132969,3,27
132939,132967,132969,2,28
132939,132966,132969,3,27
132939,132966,132969,3,27
132939,132966,132969,3,27
132939,132966,132969,3,27
132939,132966,132969,3,27
132939,132966,132969,3,27
132939,132965,132968,3,26
132939,132965,132969,4,26
132939,132966,132969,3,27
132939,132966,132968,2,27
132939,132965,132968,3,26
132939,132966,132969,3,27
132939,132966,132969,3,27
132939,132966,132969,3,27
132939,132967,132969,2,28
132939,132967,132969,2,28
132939,132967,132969,2,28
132939,132967,132970,3,28
132939,132967,132969,2,28
132939,132966,132969,3,27
132939,132966,132969,3,27
132939,132966,132970,4,27
132939,132966,132969,3,27
132939,132967,132970,3,28
132939,132966,132970,4,27
132939,132966,132969,3,27
132939,132967,132969,2,28
132939,132967,132970,3,28
132939,132967,132970,3,28
132939,132966,132970,4,27
132939,132966,132970,4,27
132939,132967,132970,3,28
132939,132967,132971,4,28
132939,132967,132970,3,28
132939,132966,132970,4,27
132939,132966,132970,4,27
132939,132967,132970,3,28
132939,132967,132970,3,28
132939,132967,132970,3,28
132939,132967,132970,3,28
132939,132966,132970,4,27
132939,132967,132970,3,28
132939,132968,132971,3,29
132939,132967,132970,3,28
132939,132968,132971,3,29
132939,132967,132970,3,28
132939,132967,132970,3,28
132939,132967,132971,4,28
132939,132967,132971,4,28
132939,132967,132971,4,28
132939,132967,132971,4,28
132939,132968,132971,3,29
132939,132968,132971,3,29
132939,132968,132972,4,29
132939,132967,132971,4,28
132939,132967,132971,4,28
132939,132968,132971,3,29
132939,132966,132971,5,27
132939,132970,132971,1,31
132939,132967,132971,4,28
132939,132970,132972,2,31
132939,132968,132972,4,29
132939,132968,132972,4,29
132939,132970,132972,2,31
132939,132970,132972,2,31
132939,132967,132971,4,28
132939,132969,132971,2,30
132939,132969,132971,2,30
132939,132969,132972,3,30
132939,132969,132972,3,30
132939,132968,132972,4,29
132939,132968,132972,4,29
132939,132968,132973,5,29
132939,132970,132972,2,31
132939,132970,132972,2,31
132939,132968,132972,4,29
132939,132968,132972,4,29
132939,132970,132972,2,31
132939,132970,132972,2,31
132939,132968,132972,4,29
132939,132968,132972,4,29
132939,132970,132973,3,31
132939,132968,132972,4,29
132939,132968,132972,4,29
132939,132968,132973,5,29
132939,132970,132972,2,31
132939,132968,132973,5,29
132939,132970,132972,2,31
132939,132969,132973,4,30
132939,132970,132973,3,31
132939,132969,132972,3,30
132939,132970,132973,3,31
132939,132970,132972,2,31
132939,132970,132973,3,31
132939,132970,132972,2,31
132939,132970,132973,3,31
132939,132970,132973,3,31
132939,132970,132973,3,31
132939,132970,132973,3,31
132939,132970,132973,3,31
132939,132970,132973,3,31
132939,132971,132973,2,32
132939,132972,132973,1,33
132939,132972,132973,1,33
132939,132971,132974,3,32
132939,132972,132973,1,33
132939,132972,132973,1,33
132939,132972,132973,1,33
132939,132971,132973,2,32
132939,132972,132974,2,33
132939,132972,132974,2,33
132939,132972,132973,1,33
132939,132972,132973,1,33
132939,132970,132973,3,31
132939,132971,132974,3,32
132939,132970,132974,4,31
132939,132970,132973,3,31
132939,132970,132973,3,31
132939,132971,132973,2,32
132939,132970,132973,3,31
132939,132970,132973,3,31
132939,132971,132974,3,32
132939,132971,132974,3,32
132939,132971,132974,3,32
132939,132971,132974,3,32
132939,132971,132974,3,32
132939,132971,132974,3,32
132939,132971,132975,4,32
132939,132971,132974,3,32
132939,132973,132975,2,34
132939,132973,132975,2,34
132939,132973,132974,1,34
132939,132971,132975,4,32
132939,132972,132975,3,33
132939,132971,132975,4,32
132939,132971,132975,4,32
132939,132972,132975,3,33
132939,132971,132975,4,32
132939,132973,132976,3,34
132939,132973,132975,2,34
132939,132973,132976,3,34
132939,132972,132975,3,33
132939,132973,132975,2,34
132939,132972,132975,3,33
132939,132973,132976,3,34
132939,132973,132976,3,34
132939,132972,132976,4,33
132939,132972,132976,4,33
132939,132972,132976,4,33
132939,132973,132976,3,34
132939,132973,132976,3,34
132939,132971,132976,5,32
132939,132973,132976,3,34
132939,132974,132976,2,35
132939,132974,132976,2,35
132939,132973,132977,4,34
132939,132973,132976,3,34
132939,132973,132976,3,34
132939,132974,132976,2,35
132939,132973,132977,4,34
132939,132973,132976,3,34
132939,132973,132976,3,34
132939,132973,132977,4,34
132939,132974,132977,3,35
132939,132975,132977,2,36
132939,132973,132976,3,34
132939,132974,132977,3,35
132939,132974,132977,3,35
132939,132974,132976,2,35
132939,132974,132977,3,35
132939,132973,132976,3,34
132939,132975,132977,2,36
132939,132972,132977,5,33
132939,132973,132976,3,34
132939,132973,132977,4,34
132939,132973,132977,4,34
132939,132974,132977,3,35
132939,132972,132977,5,33
132939,132973,132977,4,34
132939,132973,132976,3,34
132939,132973,132977,4,34
132939,132974,132977,3,35
132939,132975,132977,2,36
132939,132975,132978,3,36
132939,132973,132978,5,34
132939,132974,132977,3,35
132939,132974,132978,4,35
132939,132975,132977,2,36
132939,132973,132977,4,34
132939,132975,132978,3,36
132939,132975,132978,3,36
132939,132975,132978,3,36
132939,132974,132978,4,35
132939,132974,132978,4,35
132939,132974,132978,4,35
132939,132973,132977,4,34
132939,132974,132978,4,35
132939,132975,132977,2,36
132939,132974,132977,3,35
132939,132974,132978,4,35
132939,132974,132977,3,35
132939,132974,132977,3,35
132939,132975,132978,3,36
132939,132974,132977,3,35
132939,132974,132978,4,35
132939,132975,132978,3,36
132939,132975,132978,3,36
132939,132976,132978,2,37
132939,132976,132979,3,37
132939,132976,132979,3,37
132939,132975,132978,3,36
132939,132974,132978,4,35
132939,132975,132979,4,36
132939,132976,132978,2,37
132939,132976,132979,3,37
132939,132975,132978,3,36
132939,132975,132978,3,36
132939,132976,132979,3,37
132939,132976,132979,3,37
132939,132976,132979,3,37
132939,132976,132979,3,37
132939,132976,132979,3,37
132939,132976,132979,3,37
132939,132976,132979,3,37
132939,132977,132980,3,38
132939,132977,132980,3,38
132939,132977,132980,3,38
132939,132976,132980,4,37
132939,132977,132980,3,38
132939,132977,132980,3,38
132939,132977,132980,3,38
132939,132978,132980,2,39
132939,132977,132980,3,38
132939,132977,132980,3,38
132939,132977,132980,3,38
132939,132977,132980,3,38
132939,132977,132980,3,38
132939,132978,132980,2,39
132939,132976,132980,4,37
132939,132977,132980,3,38
132939,132977,132981,4,38
132939,132977,132981,4,38
132939,132977,132981,4,38
132939,132977,132981,4,38
132939,132977,132981,4,38
132939,132977,132981,4,38
132939,132978,132981,3,39
132939,132977,132981,4,38
132939,132977,132981,4,38
132939,132977,132980,3,38
132939,132978,132981,3,39
132939,132978,132981,3,39
132939,132977,132981,4,38
132939,132977,132981,4,38
132939,132977,132981,4,38
132939,132977,132981,4,38
132939,132977,132981,4,38
132939,132978,132981,3,39
132939,132978,132981,3,39
132939,132977,132981,4,38
132939,132977,132981,4,38
132939,132978,132981,3,39
132939,132978,132982,4,39
132939,132979,132982,3,40
132939,132979,132981,2,40
132939,132978,132982,4,39
132939,132978,132982,4,39
132939,132978,132981,3,39
132939,132978,132982,4,39
132939,132979,132982,3,40
132939,132978,132982,4,39
132939,132979,132982,3,40
132939,132979,132982,3,40
132939,132979,132982,3,40
132939,132977,132982,5,38
132939,132979,132982,3,40
132939,132979,132982,3,40
132939,132978,132983,5,39
132939,132978,132983,5,39
132939,132979,132983,4,40
132939,132978,132982,4,39
132939,132978,132982,4,39
132939,132981,132982,1,42
132939,132979,132982,3,40
132939,132979,132982,3,40
132939,132980,132982,2,41
132939,132978,132983,5,39
132939,132978,132982,4,39
132939,132979,132982,3,40
132939,132979,132982,3,40
132939,132978,132983,5,39
132939,132979,132983,4,40
132939,132978,132983,5,39
132939,132979,132983,4,40
132939,132979,132983,4,40
132939,132980,132984,4,41
132939,132981,132984,3,42
132939,132981,132984,3,42
132939,132979,132983,4,40
132939,132979,132983,4,40
132939,132979,132983,4,40
132939,132978,132983,5,39
132939,132981,132983,2,42
132939,132980,132983,3,41
132939,132981,132983,2,42
132939,132980,132984,4,41
132939,132980,132984,4,41
132939,132981,132984,3,42
132939,132980,132984,4,41
132939,132980,132983,3,41
132939,132981,132984,3,42
132939,132981,132984,3,42
132939,132981,132985,4,42
132939,132981,132984,3,42
132939,132981,132984,3,42
132939,132981,132984,3,42
132939,132981,132984,3,42
132939,132981,132985,4,42
132939,132981,132984,3,42
132939,132981,132984,3,42
132939,132982,132984,2,43
132939,132982,132984,2,43
132939,132982,132984,2,43
132939,132981,132984,3,42
132939,132981,132984,3,42
132939,132982,132984,2,43
132939,132982,132984,2,43
132939,132981,132985,4,42
132939,132982,132984,2,43
132939,132980,132984,4,41
132939,132981,132985,4,42
132940,132983,132985,2,43
132940,132983,132985,2,43
132939,132981,132985,4,42
132939,132981,132985,4,42
132939,132981,132985,4,42
132939,132981,132985,4,42
132939,132983,132985,2,44
132939,132983,132985,2,44
132939,132981,132985,4,42
132939,132983,132985,2,44
132939,132983,132985,2,44
132940,132984,132986,2,44
132940,132984,132986,2,44
132939,132983,132985,2,44
132940,132983,132985,2,43
132940,132983,132985,2,43
132939,132982,132985,3,43
132939,132982,132985,3,43
132939,132982,132985,3,43
132939,132982,132985,3,43
132940,132983,132986,3,43
132940,132983,132986,3,43
132940,132983,132985,2,43
132940,132983,132985,2,43
132940,132984,132986,2,44
132940,132984,132986,2,44
132940,132983,132986,3,43
132940,132983,132987,4,43
132940,132983,132986,3,43
132940,132983,132986,3,43
132940,132983,132987,4,43
132940,132985,132986,1,45
132940,132985,132987,2,45
132940,132983,132986,3,43
132940,132983,132987,4,43
132940,132983,132987,4,43
132940,132985,132986,1,45
132940,132983,132986,3,43
132940,132984,132986,2,44
132940,132983,132986,3,43
132940,132983,132987,4,43
132940,132983,132987,4,43
132940,132984,132987,3,44
132940,132983,132987,4,43
132940,132985,132987,2,45
132940,132985,132988,3,45
132940,132984,132988,4,44
132940,132984,132987,3,44
132940,132984,132987,3,44
132940,132985,132988,3,45
132940,132984,132987,3,44
132940,132984,132988,4,44
132940,132983,132988,5,43
132940,132984,132987,3,44
132940,132984,132987,3,44
132940,132985,132988,3,45
132940,132986,132988,2,46
132940,132984,132988,4,44
132940,132984,132987,3,44
132940,132984,132987,3,44
132940,132984,132988,4,44
132940,132985,132988,3,45
132940,132985,132988,3,45
132940,132986,132988,2,46
132940,132986,132988,2,46
132940,132986,132989,3,46
132940,132985,132988,3,45
132940,132985,132988,3,45
132940,132985,132989,4,45
132940,132984,132988,4,44
132940,132985,132988,3,45
132940,132985,132989,4,45
132940,132985,132988,3,45
132940,132986,132989,3,46
132940,132984,132988,4,44
132940,132984,132989,5,44
132940,132985,132989,4,45
132940,132986,132989,3,46
132940,132986,132988,2,46
132940,132987,132989,2,47
132940,132986,132988,2,46
132940,132987,132989,2,47
132940,132985,132988,3,45
132940,132986,132989,3,46
132940,132986,132989,3,46
132940,132986,132989,3,46
132940,132986,132989,3,46
132940,132985,132989,4,45
132940,132985,132989,4,45
132940,132987,132990,3,47
132940,132986,132989,3,46
132940,132986,132990,4,46
132940,132987,132990,3,47
132940,132985,132989,4,45
132940,132986,132989,3,46
132940,132985,132989,4,45
132940,132986,132990,4,46
132940,132986,132989,3,46
132940,132986,132989,3,46
132940,132986,132990,4,46
132940,132987,132990,3,47
132940,132988,132990,2,48
132940,132987,132989,2,47
132940,132988,132990,2,48
132940,132986,132990,4,46
132940,132988,132990,2,48
132940,132987,132989,2,47
132940,132988,132990,2,48
132940,132986,132990,4,46
132940,132988,132991,3,48
132940,132986,132990,4,46
132940,132987,132990,3,47
132940,132987,132990,3,47
132940,132987,132990,3,47
132940,132987,132990,3,47
132940,132987,132991,4,47
132940,132987,132990,3,47
132940,132987,132990,3,47
132940,132988,132991,3,48
132940,132987,132991,4,47
132940,132987,132990,3,47
132940,132986,132990,4,46
132940,132987,132991,4,47
132940,132988,132991,3,48
132940,132988,132991,3,48
132940,132988,132991,3,48
132940,132988,132990,2,48
132940,132988,132991,3,48
132940,132988,132991,3,48
132940,132988,132991,3,48
132940,132988,132991,3,48
132940,132990,132991,1,50
132940,132990,132991,1,50
132940,132990,132991,1,50
132940,132990,132992,2,50
132940,132990,132992,2,50
132940,132990,132992,2,50
132940,132988,132992,4,48
132940,132988,132991,3,48
132940,132988,132991,3,48
132940,132989,132992,3,49
132940,132990,132993,3,50
132940,132989,132993,4,49
132940,132990,132992,2,50
132940,132990,132992,2,50
132940,132989,132993,4,49
132940,132989,132993,4,49
132940,132990,132993,3,50
132940,132989,132993,4,49
132940,132989,132993,4,49
132940,132990,132993,3,50
132940,132989,132993,4,49
132940,132990,132993,3,50
132940,132990,132992,2,50
132940,132990,132993,3,50
132940,132989,132993,4,49
132940,132989,132993,4,49
132940,132989,132993,4,49
132940,132988,132993,5,48
132940,132989,132993,4,49
132940,132989,132993,4,49
132940,132989,132993,4,49
132940,132989,132994,5,49
132940,132989,132994,5,49
132940,132990,132993,3,50
132940,132989,132993,4,49
132940,132990,132993,3,50
132940,132990,132994,4,50
132940,132989,132994,5,49
132940,132989,132994,5,49
132940,132989,132994,5,49
132940,132990,132993,3,50
132940,132989,132993,4,49
132940,132989,132993,4,49
132940,132989,132993,4,49
132940,132990,132994,4,50
132940,132991,132994,3,51
132940,132991,132994,3,51
132940,132991,132994,3,51
132940,132991,132994,3,51
132940,132992,132994,2,52
132940,132992,132994,2,52
132940,132991,132994,3,51
132940,132991,132995,4,51
132940,132991,132995,4,51
132940,132991,132994,3,51
132940,132991,132995,4,51
132940,132990,132995,5,50
132940,132990,132995,5,50
132940,132991,132995,4,51
132940,132990,132995,5,50
132940,132990,132995,5,50
132940,132991,132995,4,51
132940,132991,132995,4,51
132940,132991,132995,4,51
132940,132991,132995,4,51
132940,132991,132995,4,51
132940,132989,132995,6,49
132940,132989,132995,6,49
132940,132992,132995,3,52
132940,132992,132995,3,52
132940,132992,132995,3,52
132940,132991,132996,5,51
132940,132991,132995,4,51
132940,132992,132996,4,52
132940,132992,132995,3,52
132940,132991,132996,5,51
132940,132991,132995,4,51
132940,132991,132996,5,51
132940,132992,132996,4,52
132940,132993,132996,3,53
132940,132993,132996,3,53
132940,132991,132995,4,51
132940,132992,132996,4,52
132940,132993,132996,3,53
132940,132991,132996,5,51
132940,132992,132996,4,52
132940,132993,132996,3,53
132940,132993,132996,3,53
132940,132992,132996,4,52
132940,132993,132997,4,53
132940,132993,132996,3,53
132940,132994,132997,3,54
132940,132993,132996,3,53
132940,132994,132997,3,54
132940,132991,132996,5,51
132940,132993,132996,3,53
132940,132994,132997,3,54
132940,132994,132997,3,54
132940,132993,132997,4,53
132940,132993,132997,4,53
132940,132994,132997,3,54
132940,132994,132997,3,54
132940,132994,132997,3,54
132940,132993,132997,4,53
132940,132993,132997,4,53
132940,132993,132997,4,53
132940,132993,132997,4,53
132940,132993,132997,4,53
132940,132995,132997,2,55
132940,132993,132997,4,53
132940,132994,132998,4,54
132940,132994,132998,4,54
132940,132996,132998,2,56
132940,132994,132998,4,54
132940,132994,132998,4,54
132940,132996,132998,2,56
132940,132994,132998,4,54
132940,132994,132998,4,54
132940,132994,132998,4,54
132940,132994,132998,4,54
132940,132995,132998,3,55
132940,132995,132998,3,55
132940,132995,132998,3,55
132940,132996,132998,2,56
132940,132995,132998,3,55
132940,132995,132998,3,55
132940,132996,132999,3,56
132940,132995,132999,4,55
132940,132996,132999,3,56
132940,132996,132999,3,56
132940,132996,132999,3,56
132940,132996,132999,3,56
132940,132998,132999,1,58
132940,132997,133000,3,57
132940,132997,133000,3,57
132940,132998,132999,1,58
132940,132994,132999,5,54
132940,132996,133000,4,56
132940,132997,132999,2,57
132940,132998,132999,1,58
132940,132996,132999,3,56
132940,132996,132999,3,56
132940,132996,132999,3,56
132940,132995,133000,5,55
132940,132995,132999,4,55
132940,132997,133000,3,57
132940,132997,132999,2,57
132940,132995,133000,5,55
132940,132995,132999,4,55
132940,132996,133000,4,56
132940,132996,133000,4,56
132940,132996,133000,4,56
132940,132997,132999,2,57
132940,132997,133000,3,57
132940,132998,133001,3,58
132940,132998,133000,2,58
132940,132995,133000,5,55
132940,132995,133000,5,55
132940,132995,133000,5,55
132940,132997,133000,3,57
132940,132997,133000,3,57
132940,132998,133000,2,58
132940,132996,133000,4,56
132940,132996,133001,5,56
132940,132997,133000,3,57
132940,132996,133000,4,56
132940,132996,133001,5,56
132940,132996,133001,5,56
132940,132997,133001,4,57
132940,132995,133001,6,55
132940,132995,133001,6,55
132940,132997,133001,4,57
132940,132998,133001,3,58
132940,132999,133001,2,59
132940,132999,133002,3,59
132940,132999,133002,3,59
132940,132997,133002,5,57
132940,132998,133002,4,58
132940,132998,133002,4,58
132940,132999,133002,3,59
132940,132999,133001,2,59
132940,132997,133001,4,57
132940,132998,133002,4,58
132940,132996,133001,5,56
132940,132996,133001,5,56
132940,132997,133002,5,57
132940,132998,133002,4,58
132940,132998,133002,4,58
132940,133000,133003,3,60
132940,133000,133002,2,60
132940,133000,133002,2,60
132940,132998,133003,5,58
132940,132997,133003,6,57
132940,132999,133002,3,59
132940,133000,133003,3,60
132940,132999,133002,3,59
132940,133000,133002,2,60
132940,133000,133003,3,60
132940,133000,133003,3,60
132940,132998,133003,5,58
132940,132998,133003,5,58
132940,133000,133003,3,60
132940,132999,133003,4,59
132940,133000,133003,3,60
132940,133000,133003,3,60
132940,133001,133004,3,61
132940,133000,133004,4,60
132940,133000,133004,4,60
132940,132999,133003,4,59
132940,132999,133003,4,59
132940,132999,133004,5,59
132940,133000,133004,4,60
132940,133000,133004,4,60
132940,132998,133003,5,58
132940,133000,133004,4,60
132940,133001,133004,3,61
132940,132999,133004,5,59
132940,132999,133004,5,59
132940,133000,133004,4,60
132940,133000,133004,4,60
132940,133000,133004,4,60
132940,133000,133004,4,60
132940,133001,133004,3,61
132940,133001,133005,4,61
132940,133001,133004,3,61
132940,133001,133004,3,61
132940,133001,133004,3,61
132940,133001,133004,3,61
132940,133001,133004,3,61
132940,133001,133004,3,61
132940,133001,133004,3,61
132940,133001,133004,3,61
132940,133001,133004,3,61
132940,133001,133004,3,61
132940,133001,133004,3,61
132940,132999,133004,5,59
132940,133000,133005,5,60
132940,133001,133004,3,61
132940,133001,133005,4,61
132940,133001,133004,3,61
132940,133001,133004,3,61
132940,133001,133005,4,61
132940,133001,133005,4,61
133035,133035,133037,2,0
133035,133035,133037,2,0
133035,133035,133038,3,0
133035,133035,133038,3,0
133035,133035,133038,3,0
133035,133035,133038,3,0
133035,133035,133038,3,0
133035,133035,133038,3,0
133035,133035,133038,3,0
133035,133035,133038,3,0
133035,133035,133038,3,0
133035,133035,133038,3,0
133035,133035,133039,4,0
133035,133035,133039,4,0
133035,133035,133039,4,0
133035,133035,133039,4,0
133035,133035,133039,4,0
133035,133035,133039,4,0
133035,133035,133039,4,0
133035,133035,133039,4,0
133035,133035,133039,4,0
133035,133035,133039,4,0
133035,133035,133039,4,0
133035,133035,133038,3,0
133035,133035,133039,4,0
133035,133035,133039,4,0
133035,133035,133039,4,0
133035,133035,133039,4,0
133035,133035,133038,3,0
133035,133035,133039,4,0
133035,133035,133039,4,0
133035,133036,133039,3,1
133035,133035,133039,4,0
133035,133035,133039,4,0
133035,133035,133039,4,0
133035,133035,133039,4,0
133035,133035,133040,5,0
133035,133035,133040,5,0
133035,133035,133040,5,0
133035,133035,133040,5,0
133035,133035,133040,5,0
133035,133036,133040,4,1
133035,133035,133040,5,0
133035,133035,133040,5,0
133035,133035,133040,5,0
133035,133036,133040,4,1
133035,133037,133040,3,2
133035,133035,133041,6,0
133035,133038,133040,2,3
133035,133035,133040,5,0
133035,133035,133040,5,0
133035,133035,133040,5,0
133035,133037,133040,3,2
133035,133035,133040,5,0
133035,133035,133040,5,0
133035,133035,133040,5,0
133035,133035,133041,6,0
133035,133038,133040,2,3
133035,133035,133040,5,0
133035,133035,133040,5,0
133035,133035,133040,5,0
133035,133036,133040,4,1
133035,133036,133040,4,1
133035,133035,133040,5,0
133035,133038,133040,2,3
133035,133035,133040,5,0
133035,133035,133040,5,0
133035,133035,133040,5,0
133035,133035,133040,5,0
133035,133035,133041,6,0
133035,133038,133040,2,3
133035,133038,133041,3,3
133035,133040,133042,2,5
133035,133036,133041,5,1
133035,133039,133041,2,4
133035,133038,133041,3,3
133035,133035,133041,6,0
133035,133038,133041,3,3
133035,133038,133041,3,3
133035,133038,133042,4,3
133035,133040,133042,2,5
133035,133039,133042,3,4
133035,133040,133042,2,5
133035,133040,133042,2,5
133035,133040,133042,2,5
133035,133040,133042,2,5
133035,133040,133042,2,5
133035,133040,133042,2,5
133035,133040,133042,2,5
133035,133040,133043,3,5
133035,133040,133042,2,5
133035,133040,133042,2,5
133035,133040,133042,2,5
133035,133040,133043,3,5
133035,133041,133044,3,6
133035,133041,133044,3,6
133035,133041,133043,2,6
133035,133040,133043,3,5
133035,133041,133044,3,6
133035,133041,133044,3,6
133035,133041,133044,3,6
133035,133040,133044,4,5
133035,133041,133044,3,6
133035,133041,133044,3,6
133035,133040,133043,3,5
133035,133040,133043,3,5
133035,133041,133043,2,6
133035,133040,133043,3,5
133035,133040,133043,3,5
133035,133040,133043,3,5
133035,133041,133044,3,6
133035,133040,133043,3,5
133035,133040,133043,3,5
133035,133040,133043,3,5
133035,133040,133043,3,5
133035,133041,133044,3,6
133035,133041,133044,3,6
133035,133041,133044,3,6
133035,133041,133044,3,6
133035,133041,133044,3,6
133035,133042,133045,3,7
133035,133041,133045,4,6
133035,133041,133045,4,6
133035,133041,133044,3,6
133035,133041,133044,3,6
133035,133041,133044,3,6
133035,133041,133044,3,6
133035,133042,133044,2,7
133035,133041,133044,3,6
133035,133041,133044,3,6
133035,133041,133045,4,6
133035,133041,133045,4,6
133035,133041,133044,3,6
133035,133041,133045,4,6
133035,133041,133044,3,6
133035,133041,133044,3,6
133035,133041,133044,3,6
133035,133041,133044,3,6
133035,133042,133045,3,7
133035,133041,133044,3,6
133035,133042,133044,2,7
133035,133042,133044,2,7
133035,133043,133045,2,8
133035,133043,133045,2,8
133035,133043,133045,2,8
133035,133041,133045,4,6
133035,133043,133046,3,8
133035,133042,133045,3,7
133035,133043,133045,2,8
133035,133042,133046,4,7
133035,133042,133046,4,7
133035,133042,133045,3,7
133035,133043,133046,3,8
133035,133043,133046,3,8
133035,133042,133046,4,7
133035,133043,133046,3,8
133035,133043,133047,4,8
133035,133043,133047,4,8
133035,133044,133047,3,9
133035,133044,133047,3,9
133035,133044,133047,3,9
133035,133044,133047,3,9
133035,133043,133047,4,8
133035,133043,133047,4,8
133035,133044,133047,3,9
133035,133044,133048,4,9
133035,133044,133047,3,9
133035,133044,133047,3,9
133035,133044,133048,4,9
133035,133045,133048,3,10
133035,133044,133048,4,9
133035,133044,133048,4,9
133035,133044,133048,4,9
133035,133044,133048,4,9
133035,133044,133048,4,9
133035,133044,133048,4,9
133035,133045,133048,3,10
133035,133044,133048,4,9
133035,133044,133048,4,9
133035,133044,133048,4,9
133035,133044,133048,4,9
133035,133044,133048,4,9
133035,133044,133047,3,9
133035,133044,133047,3,9
133035,133045,133048,3,10
133035,133044,133048,4,9
133035,133044,133048,4,9
133035,133044,133048,4,9
133035,133045,133048,3,10
133035,133045,133048,3,10
133035,133045,133048,3,10
133035,133045,133048,3,10
133035,133045,133047,2,10
133035,133045,133048,3,10
133035,133045,133048,3,10
133035,133046,133049,3,11
133035,133046,133048,2,11
133035,133046,133049,3,11
133035,133045,133049,4,10
133035,133045,133048,3,10
133035,133045,133049,4,10
133035,133045,133049,4,10
133035,133046,133049,3,11
133035,133044,133049,5,9
133035,133046,133049,3,11
133035,133046,133049,3,11
133035,133045,133048,3,10
133035,133046,133049,3,11
133035,133045,133049,4,10
133035,133045,133048,3,10
133035,133045,133048,3,10
133035,133046,133049,3,11
133035,133045,133048,3,10
133035,133046,133049,3,11
133035,133046,133049,3,11
133035,133046,133049,3,11
133035,133047,133049,2,12
133035,133045,133049,4,10
133035,133045,133049,4,10
133035,133046,133049,3,11
133035,133047,133049,2,12
133035,133047,133049,2,12
133035,133047,133049,2,12
133035,133048,133049,1,13
133035,133047,133050,3,12
133035,133046,133049,3,11
133035,133047,133050,3,12
133035,133045,133050,5,10
133035,133048,133050,2,13
133035,133047,133050,3,12
133035,133048,133050,2,13
133035,133048,133050,2,13
133035,133048,133050,2,13
133035,133047,133050,3,12
133035,133047,133050,3,12
133035,133048,133050,2,13
133035,133048,133050,2,13
133035,133048,133051,3,13
133035,133048,133050,2,13
133035,133049,133050,1,14
133035,133049,133051,2,14
133035,133049,133051,2,14
133035,133048,133051,3,13
133035,133049,133051,2,14
133035,133045,133051,6,10
133035,133047,133051,4,12
133035,133049,133051,2,14
133035,133048,133052,4,13
133035,133048,133052,4,13
133035,133048,133051,3,13
133035,133049,133052,3,14
133035,133048,133052,4,13
133035,133048,133052,4,13
133035,133048,133052,4,13
133035,133049,133052,3,14
133035,133049,133052,3,14
133035,133048,133052,4,13
133035,133048,133052,4,13
133035,133048,133052,4,13
133035,133049,133051,2,14
133035,133048,133052,4,13
133035,133048,133052,4,13
133035,133048,133052,4,13
133035,133049,133052,3,14
133035,133049,133053,4,14
133035,133048,133052,4,13
133035,133048,133052,4,13
133035,133048,133052,4,13
133035,133048,133052,4,13
133035,133048,133052,4,13
133035,133049,133052,3,14
133035,133048,133052,4,13
133035,133049,133052,3,14
133035,133049,133052,3,14
133035,133049,133052,3,14
133035,133048,133052,4,13
133035,133048,133052,4,13
133035,133050,133052,2,15
133035,133050,133052,2,15
133035,133050,133052,2,15
133035,133050,133053,3,15
133035,133050,133053,3,15
133035,133049,133053,4,14
133035,133049,133053,4,14
133035,133050,133053,3,15
133035,133050,133053,3,15
133035,133050,133053,3,15
133035,133050,133053,3,15
133035,133050,133053,3,15
133035,133051,133053,2,16
133035,133050,133053,3,15
133035,133050,133053,3,15
133035,133051,133053,2,16
133035,133051,133053,2,16
133035,133051,133053,2,16
133035,133051,133053,2,16
133035,133051,133054,3,16
133035,133051,133054,3,16
133035,133051,133054,3,16
133035,133050,133054,4,15
133035,133051,133054,3,16
133035,133050,133054,4,15
133035,133052,133054,2,17
133035,133052,133055,3,17
133035,133050,133054,4,15
133035,133052,133054,2,17
133035,133053,133055,2,18
133035,133053,133055,2,18
133035,133050,133054,4,15
133035,133051,133054,3,16
133035,133051,133055,4,16
133035,133051,133054,3,16
133035,133053,133055,2,18
133035,133053,133055,2,18
133035,133053,133055,2,18
133035,133051,133055,4,16
133035,133051,133055,4,16
133035,133053,133055,2,18
133035,133053,133056,3,18
133035,133053,133055,2,18
133035,133053,133055,2,18
133035,133054,133056,2,19
133035,133052,133056,4,17
133035,133053,133055,2,18
133035,133053,133055,2,18
133035,133053,133055,2,18
133035,133053,133055,2,18
133035,133053,133055,2,18
133035,133053,133056,3,18
133035,133053,133056,3,18
133035,133053,133055,2,18
133035,133054,133056,2,19
133035,133051,133055,4,16
133035,133055,133056,1,20
133035,133052,133056,4,17
133035,133052,133056,4,17
133035,133052,133057,5,17
133035,133053,133056,3,18
133035,133053,133056,3,18
133035,133053,133057,4,18
133035,133053,133056,3,18
133035,133053,133056,3,18
133035,133053,133056,3,18
133035,133053,133056,3,18
133035,133053,133056,3,18
133035,133053,133056,3,18
133035,133053,133057,4,18
133035,133053,133056,3,18
133035,133054,133057,3,19
133035,133053,133056,3,18
133035,133054,133057,3,19
133035,133054,133057,3,19
133035,133055,133056,1,20
133035,133055,133056,1,20
133035,133055,133056,1,20
133035,133054,133057,3,19
133035,133054,133057,3,19
133035,133054,133057,3,19
133035,133055,133056,1,20
133035,133053,133057,4,18
133035,133053,133057,4,18
133035,133053,133057,4,18
133035,133055,133058,3,20
133035,133056,133057,1,21
133035,133055,133058,3,20
133035,133055,133058,3,20
133035,133055,133057,2,20
133035,133055,133057,2,20
133035,133054,133058,4,19
133035,133054,133058,4,19
133035,133056,133058,2,21
133035,133054,133058,4,19
133035,133054,133058,4,19
133035,133055,133058,3,20
133035,133055,133059,4,20
133035,133056,133058,2,21
133035,133055,133058,3,20
133035,133057,133058,1,22
133035,133055,133058,3,20
133035,133055,133059,4,20
133035,133056,133059,3,21
133035,133056,133059,3,21
133035,133056,133059,3,21
133035,133056,133059,3,21
133035,133057,133059,2,22
133035,133057,133059,2,22
133035,133055,133058,3,20
133035,133055,133058,3,20
133035,133056,133059,3,21
133035,133055,133059,4,20
133035,133056,133059,3,21
133035,133056,133059,3,21
133035,133056,133058,2,21
133035,133054,133059,5,19
133035,133056,133058,2,21
133035,133054,133058,4,19
133035,133057,133059,2,22
133035,133055,133059,4,20
133035,133057,133059,2,22
133035,133056,133059,3,21
133035,133056,133059,3,21
133035,133056,133059,3,21
133035,133056,133059,3,21
133035,133057,133060,3,22
133035,133057,133060,3,22
133035,133057,133060,3,22
133035,133057,133060,3,22
133035,133057,133061,4,22
133035,133057,133061,4,22
133035,133057,133060,3,22
133035,133058,133061,3,23
133035,133058,133060,2,23
133035,133057,133060,3,22
133035,133057,133060,3,22
133035,133058,133061,3,23
133035,133056,133061,5,21
133035,133056,133060,4,21
133035,133056,133060,4,21
133035,133057,133061,4,22
133035,133057,133061,4,22
133035,133057,133060,3,22
133035,133057,133060,3,22
133035,133057,133061,4,22
133035,133057,133061,4,22
133035,133058,133061,3,23
133035,133057,133061,4,22
133035,133058,133061,3,23
133035,133057,133061,4,22
133035,133057,133060,3,22
133035,133057,133061,4,22
133035,133058,133061,3,23
133035,133057,133061,4,22
133035,133057,133061,4,22
133035,133058,133061,3,23
133035,133058,133061,3,23
133035,133059,133061,2,24
133035,133057,133061,4,22
133035,133057,133061,4,22
133035,133059,133062,3,24
133035,133058,133061,3,23
133035,133059,133062,3,24
133035,133058,133061,3,23
133035,133059,133062,3,24
133035,133058,133061,3,23
133035,133059,133061,2,24
133035,133060,133062,2,25
133035,133057,133062,5,22
133035,133059,133062,3,24
133035,133059,133062,3,24
133035,133059,133062,3,24
133035,133057,133061,4,22
133035,133057,133062,5,22
133035,133058,133061,3,23
133035,133059,133062,3,24
133035,133059,133061,2,24
133035,133057,133061,4,22
133035,133059,133061,2,24
133035,133059,133062,3,24
133035,133059,133061,2,24
133035,133059,133062,3,24
133035,133058,133062,4,23
133035,133058,133062,4,23
133035,133059,133062,3,24
133035,133059,133062,3,24
133035,133059,133062,3,24
133035,133060,133063,3,25
133035,133060,133062,2,25
133035,133059,133063,4,24
133035,133060,133063,3,25
133035,133059,133062,3,24
133035,133059,133063,4,24
133035,133059,133062,3,24
133035,133060,133063,3,25
133035,133059,133063,4,24
133035,133060,133063,3,25
133035,133060,133063,3,25
133035,133060,133063,3,25
133035,133062,133063,1,27
133035,133062,133063,1,27
133035,133062,133063,1,27
133035,133060,133063,3,25
133035,133060,133063,3,25
133035,133059,133063,4,24
133035,133062,133064,2,27
133035,133062,133064,2,27
133035,133062,133064,2,27
133035,133062,133064,2,27
133035,133061,133064,3,26
133035,133061,133063,2,26
133035,133061,133063,2,26
133035,133061,133064,3,26
133035,133062,133064,2,27
133035,133062,133064,2,27
133035,133062,133064,2,27
133035,133061,133064,3,26
133035,133061,133065,4,26
133035,133061,133065,4,26
133035,133061,133064,3,26
133035,133061,133064,3,26
133035,133062,133065,3,27
133035,133062,133065,3,27
133035,133061,133065,4,26
133035,133061,133064,3,26
133035,133061,133065,4,26
133035,133061,133065,4,26
133035,133061,133064,3,26
133035,133061,133065,4,26
133035,133061,133065,4,26
133035,133062,133065,3,27
133035,133062,133064,2,27
133035,133061,133065,4,26
133035,133061,133065,4,26
133035,133061,133065,4,26
133035,133062,133065,3,27
133035,133062,133065,3,27
133035,133063,133066,3,28
133035,133062,133066,4,27
133035,133062,133066,4,27
133035,133061,133065,4,26
133035,133061,133066,5,26
133035,133062,133066,4,27
133035,133062,133066,4,27
133035,133063,133066,3,28
133035,133063,133066,3,28
133035,133061,133066,5,26
133035,133064,133066,2,29
133035,133062,133066,4,27
133035,133062,133066,4,27
133035,133062,133066,4,27
133035,133065,133067,2,30
133035,133062,133066,4,27
133035,133062,133066,4,27
133035,133062,133066,4,27
133035,133063,133066,3,28
133035,133063,133066,3,28
133035,133064,133066,2,29
133035,133064,133066,2,29
133035,133064,133066,2,29
133035,133064,133067,3,29
133035,133062,133066,4,27
133035,133063,133066,3,28
133035,133062,133067,5,27
133035,133062,133067,5,27
133035,133063,133067,4,28
133035,133063,133067,4,28
133035,133063,133066,3,28
133035,133062,133067,5,27
133035,133064,133067,3,29
133035,133064,133067,3,29
133035,133063,133067,4,28
133035,133063,133067,4,28
133035,133062,133067,5,27
133035,133062,133067,5,27
133035,133063,133067,4,28
133035,133065,133067,2,30
133035,133063,133067,4,28
133035,133064,133067,3,29
133035,133064,133067,3,29
133035,133064,133068,4,29
133035,133064,133067,3,29
133035,133066,133068,2,31
133035,133065,133068,3,30
133035,133065,133068,3,30
133035,133064,133067,3,29
133035,133065,133068,3,30
133035,133065,133068,3,30
133035,133065,133068,3,30
133035,133065,133068,3,30
133035,133064,133068,4,29
133035,133064,133068,4,29
133035,133064,133068,4,29
133035,133066,133068,2,31
133035,133066,133069,3,31
133035,133067,133068,1,32
133035,133065,133068,3,30
133035,133065,133068,3,30
133035,133065,133068,3,30
133035,133066,133068,2,31
133035,133065,133069,4,30
133035,133066,133069,3,31
133035,133065,133069,4,30
133035,133065,133068,3,30
133035,133066,133069,3,31
133035,133065,133069,4,30
133035,133065,133069,4,30
133035,133066,133069,3,31
133035,133065,133069,4,30
133035,133065,133069,4,30
133035,133066,133069,3,31
133035,133066,133069,3,31
133035,133066,133069,3,31
133035,133067,133069,2,32
133035,133067,133070,3,32
133035,133065,133069,4,30
133035,133067,133069,2,32
133035,133066,133069,3,31
133035,133066,133069,3,31
133035,133066,133069,3,31
133035,133066,133070,4,31
133035,133069,133070,1,34
133035,133069,133070,1,34
133035,133069,133070,1,34
133035,133066,133070,4,31
133035,133067,133070,3,32
133035,133068,133070,2,33
133035,133068,133070,2,33
133035,133068,133071,3,33
133035,133068,133071,3,33
133035,133067,133071,4,32
133035,133068,133071,3,33
133035,133068,133070,2,33
133035,133067,133071,4,32
133035,133068,133070,2,33
133035,133067,133070,3,32
133035,133068,133070,2,33
133035,133068,133071,3,33
133035,133069,133070,1,34
133035,133068,133071,3,33
133035,133069,133071,2,34
133035,133069,133071,2,34
133035,133068,133071,3,33
133035,133069,133071,2,34
133035,133069,133071,2,34
133035,133067,133071,4,32
133035,133067,133071,4,32
133035,133069,133071,2,34
133035,133068,133072,4,33
133035,133069,133071,2,34
133035,133068,133072,4,33
133035,133069,133071,2,34
133035,133069,133071,2,34
133035,133069,133071,2,34
133035,133067,133072,5,32
133035,133067,133072,5,32
133035,133067,133071,4,32
133035,133068,133072,4,33
133035,133067,133071,4,32
133035,133067,133071,4,32
133035,133067,133071,4,32
133035,133067,133071,4,32
133035,133067,133072,5,32
133035,133068,133072,4,33
133035,133069,133071,2,34
133035,133068,133072,4,33
133035,133067,133072,5,32
133035,133068,133072,4,33
133035,133069,133072,3,34
133035,133067,133073,6,32
133035,133067,133072,5,32
133035,133067,133072,5,32
133035,133067,133072,5,32
133035,133069,133073,4,34
133035,133069,133072,3,34
133035,133069,133073,4,34
133035,133069,133073,4,34
133035,133069,133073,4,34
133035,133067,133072,5,32
133035,133067,133073,6,32
133035,133070,133073,3,35
133035,133070,133073,3,35
133035,133070,133074,4,35
133035,133070,133073,3,35
133035,133070,133073,3,35
133035,133070,133073,3,35
133035,133071,133074,3,36
133035,133071,133074,3,36
133035,133070,133074,4,35
133035,133070,133074,4,35
133035,133070,133073,3,35
133035,133071,133074,3,36
133035,133071,133073,2,36
133035,133071,133074,3,36
133035,133069,133074,5,34
133035,133071,133074,3,36
133035,133070,133075,5,35
133035,133070,133074,4,35
133035,133070,133074,4,35
133035,133070,133074,4,35
133035,133067,133074,7,32
133035,133071,133074,3,36
133035,133071,133075,4,36
133035,133071,133074,3,36
133035,133071,133074,3,36
133035,133071,133074,3,36
133035,133072,133075,3,37
133035,133072,133075,3,37
133035,133072,133075,3,37
133035,133072,133075,3,37
133035,133072,133075,3,37
133035,133072,133076,4,37
133035,133072,133075,3,37
133035,133071,133075,4,36
133035,133071,133075,4,36
133035,133072,133075,3,37
133035,133072,133075,3,37
133035,133071,133075,4,36
133035,133072,133076,4,37
133035,133072,133076,4,37
133035,133072,133075,3,37
133035,133072,133075,3,37
133035,133072,133075,3,37
133035,133071,133075,4,36
133035,133071,133076,5,36
133035,133072,133075,3,37
133035,133072,133075,3,37
133035,133072,133075,3,37
133035,133071,133076,5,36
133035,133072,133076,4,37
133035,133072,133076,4,37
133035,133072,133076,4,37
133035,133072,133076,4,37
133035,133072,133075,3,37
133035,133070,133076,6,35
133035,133073,133076,3,38
133035,133073,133076,3,38
133035,133073,133076,3,38
133035,133072,133077,5,37
133035,133072,133076,4,37
133035,133072,133076,4,37
133035,133072,133076,4,37
133105,133106,133109,3,1
133105,133106,133109,3,1
133105,133106,133108,2,1
133105,133106,133109,3,1
133105,133106,133108,2,1
133105,133106,133108,2,1
133105,133106,133109,3,1
133105,133106,133108,2,1
133105,133106,133109,3,1
133105,133106,133109,3,1
133105,133106,133109,3,1
133105,133106,133109,3,1
133105,133106,133109,3,1
133105,133106,133109,3,1
133105,133106,133109,3,1
133105,133106,133109,3,1
133105,133106,133109,3,1
133105,133106,133110,4,1
133105,133106,133109,3,1
133105,133106,133110,4,1
133105,133106,133110,4,1
133105,133106,133110,4,1
133105,133106,133110,4,1
133105,133106,133109,3,1
133105,133106,133110,4,1
133105,133106,133109,3,1
133105,133106,133109,3,1
133105,133106,133109,3,1
133105,133106,133109,3,1
133105,133106,133109,3,1
133105,133106,133109,3,1
133105,133106,133110,4,1
133105,133106,133110,4,1
133105,133106,133109,3,1
133105,133106,133110,4,1
133105,133106,133109,3,1
133105,133106,133109,3,1
133105,133106,133109,3,1
133105,133106,133109,3,1
133105,133106,133109,3,1
133105,133106,133110,4,1
133105,133106,133109,3,1
133105,133106,133110,4,1
133105,133106,133110,4,1
133105,133106,133110,4,1
133105,133106,133110,4,1
133105,133106,133109,3,1
133105,133106,133110,4,1
133105,133106,133110,4,1
133105,133106,133110,4,1
133105,133106,133110,4,1
133105,133106,133110,4,1
133105,133106,133111,5,1
133105,133106,133110,4,1
133105,133106,133110,4,1
133105,133106,133110,4,1
133105,133106,133110,4,1
133105,133106,133110,4,1
133105,133106,133110,4,1
133105,133106,133111,5,1
133105,133109,133110,1,4
133105,133109,133110,1,4
133105,133109,133110,1,4
133105,133109,133111,2,4
133105,133106,133111,5,1
133105,133106,133110,4,1
133105,133106,133110,4,1
133105,133106,133110,4,1
133105,133106,133110,4,1
133105,133106,133110,4,1
133105,133106,133110,4,1
133105,133106,133111,5,1
133105,133109,133110,1,4
133105,133106,133111,5,1
133105,133106,133110,4,1
133105,133109,133110,1,4
133105,133109,133111,2,4
133105,133109,133111,2,4
133105,133106,133112,6,1
133105,133109,133111,2,4
133105,133110,133112,2,5
133105,133110,133112,2,5
133105,133110,133113,3,5
133105,133110,133112,2,5
133105,133110,133112,2,5
133105,133109,133113,4,4
133105,133110,133113,3,5
133105,133110,133112,2,5
133105,133110,133112,2,5
133105,133110,133113,3,5
133105,133110,133112,2,5
133105,133110,133112,2,5
133105,133110,133113,3,5
133105,133110,133113,3,5
133105,133110,133113,3,5
133105,133110,133113,3,5
133105,133110,133113,3,5
133105,133110,133113,3,5
133105,133111,133113,2,6
133105,133111,133113,2,6
133105,133110,133113,3,5
133105,133111,133113,2,6
133105,133110,133113,3,5
133105,133110,133113,3,5
133105,133110,133113,3,5
133105,133110,133113,3,5
133105,133110,133113,3,5
133105,133111,133113,2,6
133105,133111,133112,1,6
133105,133111,133113,2,6
133105,133109,133113,4,4
133105,133110,133113,3,5
133105,133110,133113,3,5
133105,133110,133113,3,5
133105,133110,133113,3,5
133105,133110,133113,3,5
133105,133112,133113,1,7
133105,133110,133113,3,5
133105,133111,133114,3,6
133105,133111,133114,3,6
133105,133112,133114,2,7
133105,133109,133113,4,4
133105,133110,133114,4,5
133105,133110,133114,4,5
133105,133110,133113,3,5
133105,133110,133114,4,5
133105,133110,133113,3,5
133105,133110,133113,3,5
133105,133111,133114,3,6
133105,133111,133115,4,6
133105,133111,133115,4,6
133105,133111,133115,4,6
133105,133111,133115,4,6
133105,133112,133115,3,7
133105,133112,133115,3,7
133105,133112,133115,3,7
133105,133111,133114,3,6
133105,133111,133115,4,6
133105,133111,133115,4,6
133105,133111,133114,3,6
133105,133111,133115,4,6
133105,133111,133115,4,6
133105,133111,133115,4,6
133105,133111,133115,4,6
133105,133111,133115,4,6
133105,133111,133115,4,6
133105,133111,133114,3,6
133105,133111,133115,4,6
133105,133113,133116,3,8
133105,133113,133116,3,8
133105,133113,133116,3,8
133105,133111,133116,5,6
133105,133113,133116,3,8
133105,133113,133116,3,8
133105,133113,133116,3,8
133105,133113,133116,3,8
133105,133113,133116,3,8
133105,133113,133117,4,8
133105,133114,133117,3,9
133105,133113,133116,3,8
133105,133114,133117,3,9
133105,133114,133116,2,9
133105,133114,133116,2,9
133105,133114,133117,3,9
133105,133113,133117,4,8
133105,133114,133116,2,9
133105,133113,133116,3,8
133105,133113,133116,3,8
133105,133114,133117,3,9
133105,133114,133116,2,9
133105,133113,133117,4,8
133105,133113,133116,3,8
133105,133114,133117,3,9
133105,133114,133117,3,9
133105,133113,133117,4,8
133105,133113,133117,4,8
133105,133113,133117,4,8
133105,133113,133117,4,8
133105,133116,133117,1,11
133105,133116,133117,1,11
133105,133114,133117,3,9
133105,133114,133117,3,9
133105,133114,133117,3,9
133105,133114,133117,3,9
133105,133114,133118,4,9
133105,133114,133117,3,9
133105,133114,133117,3,9
133105,133114,133118,4,9
133105,133114,133117,3,9
133105,133113,133118,5,8
133105,133113,133118,5,8
133105,133114,133117,3,9
133105,133114,133117,3,9
133105,133114,133117,3,9
133105,133115,133118,3,10
133105,133115,133118,3,10
133105,133116,133118,2,11
133105,133116,133118,2,11
133105,133114,133118,4,9
133105,133114,133118,4,9
133105,133115,133118,3,10
133105,133116,133118,2,11
133105,133115,133118,3,10
133105,133114,133118,4,9
133105,133114,133118,4,9
133105,133116,133118,2,11
133105,133114,133118,4,9
133105,133115,133119,4,10
133105,133115,133119,4,10
133105,133115,133119,4,10
133105,133115,133119,4,10
133105,133115,133119,4,10
133105,133116,133119,3,11
133105,133115,133119,4,10
133105,133115,133119,4,10
133105,133115,133119,4,10
133105,133116,133119,3,11
133105,133117,133119,2,12
133105,133115,133119,4,10
133105,133117,133119,2,12
133105,133117,133119,2,12
133105,133117,133119,2,12
133105,133117,133119,2,12
133105,133117,133120,3,12
133105,133117,133119,2,12
133105,133117,133120,3,12
133105,133117,133120,3,12
133105,133117,133119,2,12
133105,133117,133120,3,12
133105,133117,133120,3,12
133105,133117,133120,3,12
133105,133117,133119,2,12
133105,133118,133120,2,13
133105,133118,133119,1,13
133105,133118,133120,2,13
133105,133119,133120,1,14
133105,133119,133120,1,14
133105,133115,133120,5,10
133105,133117,133120,3,12
133105,133119,133121,2,14
133105,133119,133122,3,14
133105,133117,133122,5,12
133105,133118,133122,4,13
133105,133118,133121,3,13
133105,133119,133121,2,14
133105,133119,133122,3,14
133105,133118,133122,4,13
133105,133118,133122,4,13
133105,133118,133122,4,13
133105,133118,133121,3,13
133105,133118,133122,4,13
133105,133118,133121,3,13
133105,133120,133122,2,15
133105,133120,133123,3,15
133105,133117,133123,6,12
133105,133117,133122,5,12
133105,133117,133122,5,12
133105,133117,133122,5,12
133105,133120,133122,2,15
133105,133117,133122,5,12
133105,133117,133122,5,12
133105,133117,133122,5,12
133105,133118,133123,5,13
133105,133120,133123,3,15
133105,133118,133122,4,13
133105,133118,133122,4,13
133105,133119,133122,3,14
133105,133119,133122,3,14
133105,133120,133123,3,15
133105,133118,133122,4,13
133105,133118,133123,5,13
133105,133118,133123,5,13
133105,133118,133123,5,13
133105,133118,133123,5,13
133105,133118,133122,4,13
133105,133120,133123,3,15
133105,133120,133123,3,15
133105,133120,133123,3,15
133105,133120,133123,3,15
133105,133120,133123,3,15
133105,133120,133123,3,15
133105,133120,133123,3,15
133105,133120,133123,3,15
133105,133121,133124,3,16
133105,133119,133123,4,14
133105,133120,133124,4,15
133105,133120,133124,4,15
133105,133120,133123,3,15
133105,133119,133123,4,14
133105,133120,133124,4,15
133105,133120,133124,4,15
133105,133120,133123,3,15
133105,133119,133124,5,14
133105,133119,133124,5,14
133105,133120,133124,4,15
133105,133120,133124,4,15
133105,133120,133123,3,15
133105,133118,133124,6,13
133105,133120,133124,4,15
133105,133121,133124,3,16
133105,133121,133124,3,16
133105,133122,133125,3,17
133105,133121,133125,4,16
133105,133120,133124,4,15
133105,133120,133125,5,15
133105,133122,133125,3,17
133105,133122,133125,3,17
133105,133120,133125,5,15
133105,133120,133124,4,15
133105,133123,133126,3,18
133105,133122,133125,3,17
133105,133123,133126,3,18
133105,133123,133126,3,18
133105,133123,133126,3,18
133105,133121,133125,4,16
133105,133122,133126,4,17
133105,133122,133126,4,17
133105,133122,133126,4,17
133105,133122,133125,3,17
133105,133122,133126,4,17
133105,133122,133125,3,17
133105,133124,133126,2,19
133105,133124,133126,2,19
133105,133124,133126,2,19
133105,133122,133126,4,17
133105,133123,133126,3,18
133105,133123,133126,3,18
133105,133124,133127,3,19
133105,133124,133127,3,19
133105,133123,133127,4,18
133105,133123,133126,3,18
133105,133123,133126,3,18
133105,133124,133127,3,19
133105,133123,133127,4,18
133105,133123,133127,4,18
133105,133123,133127,4,18
133105,133123,133126,3,18
133105,133123,133126,3,18
133105,133123,133127,4,18
133105,133123,133127,4,18
133105,133123,133127,4,18
133105,133123,133127,4,18
133105,133123,133127,4,18
133105,133123,133127,4,18
133105,133123,133127,4,18
133105,133123,133127,4,18
133105,133122,133127,5,17
133105,133123,133127,4,18
133105,133123,133127,4,18
133105,133124,133128,4,19
133105,133124,133127,3,19
133105,133124,133127,3,19
133105,133124,133128,4,19
133105,133124,133127,3,19
133105,133106,133110,4,1
133105,133106,133110,4,1
133105,133130,133133,3,25
133105,133130,133134,4,25
133105,133130,133133,3,25
133155,133156,133158,2,1
133155,133156,133158,2,1
133155,133156,133158,2,1
133155,133156,133158,2,1
133155,133156,133158,2,1
133155,133156,133158,2,1
133155,133156,133158,2,1
133155,133156,133159,3,1
133155,133156,133159,3,1
133155,133156,133159,3,1
133155,133156,133158,2,1
133155,133156,133159,3,1
133155,133156,133158,2,1
133155,133156,133158,2,1
133155,133156,133159,3,1
133155,133156,133159,3,1
133155,133156,133159,3,1
133155,133156,133159,3,1
133155,133156,133160,4,1
133155,133156,133159,3,1
133155,133156,133160,4,1
133155,133156,133159,3,1
133155,133156,133160,4,1
133155,133156,133160,4,1
133155,133156,133160,4,1
133155,133156,133159,3,1
133155,133156,133160,4,1
133155,133156,133159,3,1
133155,133156,133160,4,1
133155,133156,133160,4,1
133155,133156,133159,3,1
133155,133158,133160,2,3
133155,133156,133159,3,1
133155,133156,133160,4,1
133155,133156,133159,3,1
133155,133156,133159,3,1
133155,133156,133160,4,1
133155,133156,133159,3,1
133155,133156,133160,4,1
133155,133156,133160,4,1
133155,133156,133160,4,1
133155,133156,133159,3,1
133155,133156,133160,4,1
133155,133156,133159,3,1
133155,133156,133159,3,1
133155,133156,133159,3,1
133155,133156,133159,3,1
133155,133156,133160,4,1
133155,133156,133160,4,1
133155,133156,133159,3,1
133155,133156,133160,4,1
133155,133156,133160,4,1
133155,133156,133160,4,1
133155,133156,133160,4,1
133155,133158,133161,3,3
133155,133156,133160,4,1
133155,133156,133161,5,1
133155,133156,133161,5,1
133155,133159,133161,2,4
133155,133159,133161,2,4
133155,133156,133160,4,1
133155,133156,133161,5,1
133155,133156,133161,5,1
133155,133156,133160,4,1
133155,133156,133160,4,1
133155,133158,133160,2,3
133155,133156,133161,5,1
133155,133156,133160,4,1
133155,133159,133161,2,4
133155,133156,133160,4,1
133155,133156,133160,4,1
133155,133158,133161,3,3
133155,133156,133161,5,1
133155,133156,133161,5,1
133155,133156,133161,5,1
133155,133156,133161,5,1
133155,133158,133161,3,3
133155,133156,133160,4,1
133155,133156,133160,4,1
133155,133156,133161,5,1
133155,133158,133161,3,3
133155,133158,133162,4,3
133155,133160,133162,2,5
133155,133160,133162,2,5
133155,133159,133162,3,4
133155,133160,133162,2,5
133155,133160,133162,2,5
133155,133159,133161,2,4
133155,133159,133162,3,4
133155,133160,133162,2,5
133155,133160,133162,2,5
133155,133159,133161,2,4
133155,133160,133162,2,5
133155,133159,133162,3,4
133155,133160,133162,2,5
133155,133160,133162,2,5
133155,133160,133162,2,5
133155,133160,133163,3,5
133155,133160,133163,3,5
133155,133160,133163,3,5
133155,133160,133163,3,5
133155,133160,133163,3,5
133155,133160,133163,3,5
133155,133160,133163,3,5
133155,133160,133163,3,5
133155,133160,133163,3,5
133155,133160,133163,3,5
133155,133159,133163,4,4
133155,133160,133163,3,5
133155,133160,133163,3,5
133155,133160,133163,3,5
133155,133160,133163,3,5
133155,133160,133163,3,5
133155,133160,133163,3,5
133155,133160,133163,3,5
133155,133160,133163,3,5
133155,133160,133164,4,5
133155,133160,133163,3,5
133155,133160,133164,4,5
133155,133160,133163,3,5
133182,133183,133185,2,1
133182,133183,133186,3,1
133182,133183,133186,3,1
133182,133183,133186,3,1
133182,133183,133186,3,1
133182,133183,133185,2,1
133182,133183,133185,2,1
133182,133183,133185,2,1
133182,133183,133185,2,1
133182,133183,133186,3,1
133182,133183,133186,3,1
133182,133183,133186,3,1
133182,133183,133187,4,1
133182,133183,133186,3,1
133182,133183,133186,3,1
133182,133183,133187,4,1
133182,133183,133186,3,1
133182,133183,133187,4,1
133182,133183,133186,3,1
133182,133183,133186,3,1
133182,133183,133186,3,1
133182,133183,133186,3,1
133182,133183,133186,3,1
133182,133183,133187,4,1
133182,133183,133186,3,1
133182,133183,133187,4,1
133182,133183,133186,3,1
133182,133183,133186,3,1
133182,133183,133186,3,1
133182,133183,133186,3,1
133182,133183,133186,3,1
133182,133183,133187,4,1
133182,133183,133186,3,1
133182,133183,133186,3,1
133182,133183,133187,4,1
133182,133183,133186,3,1
133182,133183,133187,4,1
133182,133183,133186,3,1
133182,133183,133187,4,1
133182,133183,133187,4,1
133182,133183,133186,3,1
133182,133183,133187,4,1
133182,133183,133187,4,1
133182,133183,133187,4,1
133182,133183,133186,3,1
133182,133183,133186,3,1
133182,133183,133186,3,1
133182,133183,133186,3,1
133182,133183,133187,4,1
133182,133183,133186,3,1
133182,133183,133186,3,1
133182,133183,133186,3,1
133182,133183,133188,5,1
133182,133183,133187,4,1
133182,133185,133187,2,3
133182,133183,133187,4,1
133182,133183,133187,4,1
133182,133183,133187,4,1
133182,133183,133187,4,1
133182,133183,133188,5,1
133182,133183,133187,4,1
133182,133186,133188,2,4
133182,133183,133187,4,1
133182,133183,133187,4,1
133182,133183,133187,4,1
133182,133183,133187,4,1
133182,133183,133187,4,1
133182,133183,133187,4,1
133182,133183,133188,5,1
133182,133183,133187,4,1
133182,133183,133187,4,1
133182,133183,133187,4,1
133182,133183,133187,4,1
133182,133186,133189,3,4
133182,133186,133188,2,4
133182,133186,133188,2,4
133182,133186,133189,3,4
133182,133187,133189,2,5
133182,133187,133190,3,5
133182,133187,133190,3,5
133182,133187,133190,3,5
133182,133186,133189,3,4
133182,133187,133190,3,5
133182,133187,133190,3,5
133182,133186,133190,4,4
133182,133187,133190,3,5
133182,133187,133190,3,5
133182,133187,133190,3,5
133182,133187,133190,3,5
133182,133187,133190,3,5
133182,133186,133189,3,4
133182,133187,133190,3,5
133182,133186,133189,3,4
133182,133187,133190,3,5
133182,133187,133190,3,5
133182,133187,133190,3,5
133182,133187,133190,3,5
133182,133187,133190,3,5
133182,133187,133190,3,5
133182,133187,133190,3,5
133182,133187,133190,3,5
133182,133187,133191,4,5
133182,133187,133191,4,5
133182,133187,133191,4,5
133182,133187,133191,4,5
133182,133187,133190,3,5
133182,133187,133191,4,5
133182,133187,133191,4,5
133182,133187,133190,3,5
133182,133187,133191,4,5
133182,133187,133190,3,5
133182,133187,133190,3,5
133182,133187,133191,4,5
133182,133187,133191,4,5
133182,133187,133190,3,5
133182,133187,133191,4,5
133182,133187,133191,4,5
133182,133187,133190,3,5
133182,133187,133191,4,5
133182,133187,133192,5,5
132714,132727,133560,833,13
133561,133561,133564,3,0
133561,133562,133564,2,1
133561,133561,133563,2,0
133561,133561,133564,3,0
133561,133562,133565,3,1
133561,133562,133565,3,1
133561,133561,133564,3,0
133561,133561,133565,4,0
133561,133561,133565,4,0
133561,133561,133565,4,0
133561,133561,133565,4,0
133561,133561,133564,3,0
133561,133561,133565,4,0
133561,133561,133565,4,0
133561,133561,133565,4,0
133561,133561,133565,4,0
133561,133561,133565,4,0
133561,133561,133564,3,0
133561,133561,133565,4,0
133561,133561,133565,4,0
133561,133561,133565,4,0
133561,133561,133565,4,0
133561,133561,133565,4,0
133561,133562,133565,3,1
133561,133562,133565,3,1
133561,133562,133565,3,1
133561,133561,133566,5,0
133561,133562,133566,4,1
133561,133562,133565,3,1
133561,133562,133566,4,1
133561,133562,133565,3,1
133561,133561,133565,4,0
133561,133561,133566,5,0
133561,133561,133566,5,0
133561,133561,133566,5,0
133561,133561,133566,5,0
133561,133561,133566,5,0
133561,133561,133566,5,0
133561,133561,133566,5,0
133561,133561,133566,5,0
133561,133562,133567,5,1
133561,133565,133568,3,4
133561,133564,133568,4,3
133561,133566,133568,2,5
133561,133564,133568,4,3
133561,133564,133568,4,3
133561,133564,133568,4,3
133561,133566,133568,2,5
133561,133566,133569,3,5
133561,133566,133569,3,5
133561,133566,133569,3,5
133561,133565,133569,4,4
133561,133565,133569,4,4
133561,133565,133569,4,4
133561,133565,133569,4,4
133561,133565,133569,4,4
133561,133566,133570,4,5
133561,133565,133569,4,4
133561,133565,133569,4,4
133561,133566,133569,3,5
133561,133567,133569,2,6
133561,133567,133569,2,6
133561,133566,133569,3,5
133561,133566,133569,3,5
133561,133566,133569,3,5
133561,133566,133569,3,5
133561,133566,133569,3,5
133561,133566,133569,3,5
133561,133566,133569,3,5
133561,133566,133569,3,5
133561,133566,133570,4,5
133561,133566,133569,3,5
133561,133567,133570,3,6
133561,133567,133570,3,6
133561,133567,133570,3,6
133561,133567,133570,3,6
133561,133567,133570,3,6
133561,133567,133570,3,6
133561,133567,133571,4,6
133561,133567,133570,3,6
133561,133569,133572,3,8
133561,133566,133571,5,5
133561,133569,133571,2,8
133561,133569,133571,2,8
133561,133568,133572,4,7
133561,133570,133572,2,9
133561,133570,133572,2,9
133561,133570,133572,2,9
133561,133570,133572,2,9
132710,132727,133572,845,17
133561,133569,133572,3,8
133561,133570,133572,2,9
133561,133570,133572,2,9
133561,133570,133573,3,9
133561,133569,133572,3,8
133561,133570,133573,3,9
133561,133569,133573,4,8
133561,133570,133573,3,9
133561,133570,133572,2,9
133561,133570,133573,3,9
133561,133569,133572,3,8
133561,133570,133573,3,9
133561,133570,133572,2,9
133561,133570,133573,3,9
133561,133570,133573,3,9
133561,133570,133573,3,9
133561,133571,133573,2,10
133561,133570,133573,3,9
133561,133570,133573,3,9
133561,133570,133573,3,9
133561,133570,133573,3,9
133561,133570,133573,3,9
133561,133571,133574,3,10
133561,133571,133573,2,10
133561,133571,133573,2,10
133561,133570,133573,3,9
133561,133570,133573,3,9
133561,133570,133573,3,9
133561,133571,133573,2,10
133561,133571,133573,2,10
133561,133571,133574,3,10
133606,133606,133608,2,0
133606,133606,133609,3,0
133606,133606,133608,2,0
133606,133606,133610,4,0
133606,133606,133610,4,0
133606,133606,133610,4,0
133606,133606,133609,3,0
133606,133606,133610,4,0
133606,133606,133610,4,0
133606,133606,133611,5,0
133606,133606,133610,4,0
133606,133606,133610,4,0
133606,133606,133611,5,0
133606,133606,133611,5,0
133606,133606,133610,4,0
133606,133606,133610,4,0
133606,133606,133610,4,0
133606,133606,133611,5,0
133606,133606,133610,4,0
133606,133606,133610,4,0
133606,133609,133611,2,3
133606,133606,133611,5,0
133606,133606,133611,5,0
133606,133609,133611,2,3
133606,133606,133612,6,0
133606,133606,133612,6,0
133606,133606,133611,5,0
133606,133606,133611,5,0
133606,133606,133612,6,0
133606,133606,133611,5,0
133606,133606,133611,5,0
133606,133606,133611,5,0
133606,133606,133612,6,0
133606,133606,133612,6,0
133606,133606,133611,5,0
132750,132796,133611,815,46
133606,133606,133611,5,0
133606,133606,133612,6,0
133606,133606,133612,6,0
133606,133606,133612,6,0
133606,133611,133612,1,5
133606,133611,133612,1,5
133606,133611,133612,1,5
133606,133611,133612,1,5
133606,133611,133613,2,5
133606,133610,133612,2,4
133606,133611,133612,1,5
133606,133611,133612,1,5
133606,133610,133614,4,4
133606,133610,133613,3,4
133606,133609,133614,5,3
133606,133610,133614,4,4
133606,133611,133614,3,5
133606,133610,133614,4,4
133606,133611,133615,4,5
133606,133612,133616,4,6
133606,133611,133615,4,5
133606,133613,133616,3,7
133606,133612,133616,4,6
133606,133612,133616,4,6
133606,133612,133616,4,6
133606,133613,133616,3,7
133606,133612,133616,4,6
133606,133611,133616,5,5
133606,133612,133616,4,6
133606,133612,133616,4,6
133606,133611,133616,5,5
133606,133611,133616,5,5
133606,133612,133616,4,6
133606,133612,133616,4,6
133606,133612,133616,4,6
133606,133612,133616,4,6
133606,133612,133617,5,6
133606,133612,133617,5,6
133606,133612,133616,4,6
133606,133612,133617,5,6
133606,133612,133616,4,6
133606,133613,133616,3,7
133606,133613,133617,4,7
133606,133613,133616,3,7
133606,133613,133616,3,7
133606,133613,133617,4,7
133606,133613,133617,4,7
133606,133614,133618,4,8
133606,133613,133617,4,7
133606,133614,133618,4,8
133606,133614,133618,4,8
133606,133614,133618,4,8
133606,133614,133618,4,8
133606,133615,133619,4,9
133606,133614,133619,5,8
133606,133616,133619,3,10
133606,133616,133619,3,10
133606,133616,133620,4,10
133606,133616,133620,4,10
133606,133616,133620,4,10
133606,133616,133620,4,10
133613,133617,133620,3,4
133606,133616,133620,4,10
133606,133616,133620,4,10
133613,133617,133620,3,4
133606,133617,133621,4,11
133606,133617,133621,4,11
133606,133616,133620,4,10
133606,133616,133621,5,10
133606,133617,133621,4,11
133606,133617,133621,4,11
133606,133617,133621,4,11
133606,133617,133621,4,11
133606,133617,133621,4,11
133613,133617,133621,4,4
133606,133617,133621,4,11
133606,133617,133621,4,11
133606,133616,133621,5,10
133613,133619,133621,2,6
133606,133617,133621,4,11
133606,133617,133621,4,11
133606,133617,133621,4,11
133606,133617,133621,4,11
133613,133618,133622,4,5
133613,133618,133622,4,5
133613,133618,133622,4,5
133613,133619,133622,3,6
133613,133621,133623,2,8
133613,133621,133622,1,8
133613,133621,133623,2,8
133613,133619,133623,4,6
133613,133621,133623,2,8
133613,133621,133623,2,8
133613,133621,133623,2,8
133613,133620,133623,3,7
133613,133619,133623,4,6
133613,133621,133623,2,8
133613,133620,133624,4,7
133613,133619,133623,4,6
133613,133620,133624,4,7
133613,133621,133624,3,8
133613,133622,133625,3,9
133613,133620,133624,4,7
133613,133620,133624,4,7
133613,133621,133624,3,8
133613,133622,133624,2,9
133613,133621,133624,3,8
133613,133622,133624,2,9
133613,133622,133624,2,9
133613,133620,133624,4,7
133613,133622,133625,3,9
133613,133622,133626,4,9
133613,133624,133625,1,11
133613,133624,133626,2,11
133613,133624,133625,1,11
133613,133622,133625,3,9
133613,133622,133626,4,9
133613,133623,133625,2,10
133613,133622,133626,4,9
133613,133622,133626,4,9
133613,133624,133626,2,11
133613,133623,133626,3,10
133613,133624,133626,2,11
133613,133623,133626,3,10
133613,133623,133626,3,10
133613,133622,133626,4,9
133613,133623,133627,4,10
133613,133622,133627,5,9
133613,133622,133627,5,9
133613,133624,133627,3,11
133613,133625,133627,2,12
133613,133623,133627,4,10
133613,133624,133628,4,11
133613,133623,133627,4,10
133613,133624,133628,4,11
133613,133625,133628,3,12
133613,133626,133628,2,13
133613,133626,133628,2,13
133613,133625,133628,3,12
133613,133625,133628,3,12
133613,133625,133629,4,12
133613,133626,133628,2,13
133613,133626,133628,2,13
133613,133625,133628,3,12
133613,133625,133628,3,12
133606,133606,133612,6,0
133606,133606,133612,6,0
133606,133606,133611,5,0
133606,133606,133612,6,0
133613,133624,133628,4,11
133613,133625,133628,3,12
133613,133625,133628,3,12
133613,133624,133629,5,11
133613,133626,133629,3,13
133613,133626,133629,3,13
133613,133627,133630,3,14
133613,133626,133630,4,13
133613,133626,133630,4,13
133613,133627,133630,3,14
133613,133626,133630,4,13
133613,133626,133630,4,13
133613,133628,133630,2,15
133613,133628,133631,3,15
133613,133627,133630,3,14
133613,133628,133631,3,15
133613,133627,133630,3,14
133613,133628,133631,3,15
133613,133628,133631,3,15
133613,133629,133631,2,16
133613,133627,133630,3,14
133613,133627,133631,4,14
133613,133628,133631,3,15
133613,133629,133632,3,16
133613,133627,133631,4,14
133613,133629,133631,2,16
133613,133629,133631,2,16
133613,133629,133631,2,16
133613,133629,133632,3,16
133613,133629,133631,2,16
133613,133629,133632,3,16
133613,133630,133632,2,17
133613,133630,133632,2,17
133613,133628,133632,4,15
133613,133628,133632,4,15
133613,133629,133632,3,16
133613,133629,133632,3,16
133613,133629,133633,4,16
133613,133629,133632,3,16
133613,133629,133632,3,16
133613,133630,133633,3,17
133606,133629,133633,4,23
133613,133629,133632,3,16
133613,133629,133633,4,16
133613,133629,133632,3,16
133613,133629,133633,4,16
133613,133630,133632,2,17
133613,133630,133633,3,17
133613,133630,133633,3,17
133613,133631,133633,2,18
133613,133631,133633,2,18
133613,133631,133634,3,18
133606,133629,133633,4,23
133613,133630,133633,3,17
133613,133631,133634,3,18
133613,133630,133635,5,17
132767,132825,133637,812,58
133655,133655,133657,2,0
133655,133655,133658,3,0
133655,133655,133658,3,0
133655,133655,133658,3,0
133655,133655,133657,2,0
133655,133655,133657,2,0
133655,133655,133658,3,0
133655,133655,133659,4,0
133655,133655,133659,4,0
133655,133655,133659,4,0
133655,133655,133659,4,0
133655,133655,133658,3,0
133655,133655,133659,4,0
133655,133655,133659,4,0
133655,133655,133658,3,0
133655,133655,133658,3,0
133655,133655,133659,4,0
133655,133655,133658,3,0
133655,133655,133659,4,0
133655,133655,133659,4,0
133655,133655,133658,3,0
133655,133655,133658,3,0
133655,133655,133659,4,0
133655,133655,133659,4,0
133655,133655,133659,4,0
133655,133655,133659,4,0
133655,133655,133659,4,0
133655,133655,133659,4,0
133655,133655,133659,4,0
133655,133655,133660,5,0
133655,133655,133659,4,0
133655,133655,133659,4,0
133655,133655,133660,5,0
133655,133655,133659,4,0
133655,133655,133660,5,0
133655,133655,133659,4,0
133655,133655,133660,5,0
133655,133659,133661,2,4
133655,133658,133660,2,3
133655,133659,133661,2,4
133655,133659,133661,2,4
133655,133658,133661,3,3
133655,133658,133661,3,3
133655,133659,133661,2,4
133655,133659,133662,3,4
133655,133659,133661,2,4
133655,133659,133662,3,4
133655,133658,133662,4,3
133655,133658,133661,3,3
133655,133658,133662,4,3
133655,133659,133662,3,4
133655,133659,133662,3,4
133655,133659,133663,4,4
133655,133659,133663,4,4
133655,133660,133663,3,5
133655,133659,133662,3,4
133655,133659,133663,4,4
133655,133659,133662,3,4
133655,133659,133663,4,4
133655,133659,133662,3,4
133655,133659,133663,4,4
133655,133659,133663,4,4
133655,133659,133663,4,4
133655,133659,133664,5,4
133655,133660,133664,4,5
133655,133660,133664,4,5
133655,133660,133664,4,5
133655,133660,133663,3,5
133655,133660,133664,4,5
133655,133660,133664,4,5
133655,133660,133664,4,5
133655,133660,133664,4,5
133655,133660,133664,4,5
133655,133661,133665,4,6
133655,133661,133665,4,6
133655,133661,133664,3,6
133655,133661,133665,4,6
133655,133661,133665,4,6
133655,133662,133665,3,7
133655,133662,133665,3,7
133655,133662,133665,3,7
133655,133662,133665,3,7
133655,133662,133665,3,7
133655,133663,133666,3,8
133655,133662,133665,3,7
133655,133662,133666,4,7
133655,133662,133666,4,7
133655,133663,133666,3,8
133655,133663,133666,3,8
133655,133663,133666,3,8
133655,133661,133666,5,6
133655,133663,133666,3,8
133655,133664,133666,2,9
133655,133662,133666,4,7
133655,133663,133666,3,8
133655,133663,133666,3,8
133655,133664,133666,2,9
133655,133663,133667,4,8
133655,133664,133667,3,9
133655,133663,133667,4,8
133655,133664,133667,3,9
133655,133664,133667,3,9
133655,133663,133667,4,8
133655,133664,133667,3,9
133655,133664,133667,3,9
133655,133664,133667,3,9
133655,133664,133667,3,9
133655,133665,133668,3,10
133655,133665,133668,3,10
133655,133665,133668,3,10
133655,133665,133668,3,10
133655,133665,133668,3,10
133655,133663,133668,5,8
133655,133664,133668,4,9
133655,133665,133669,4,10
133655,133655,133659,4,0
133655,133655,133659,4,0
133655,133655,133660,5,0
133655,133655,133660,5,0
133655,133674,133677,3,19
132859,132908,133734,826,49
133738,133738,133741,3,0
133738,133738,133741,3,0
133738,133738,133741,3,0
133738,133738,133741,3,0
133738,133738,133741,3,0
133738,133738,133741,3,0
133738,133738,133741,3,0
133738,133738,133741,3,0
133738,133738,133741,3,0
133738,133738,133742,4,0
133738,133738,133742,4,0
133738,133738,133742,4,0
133738,133738,133742,4,0
133738,133738,133742,4,0
133738,133738,133742,4,0
133738,133738,133742,4,0
133738,133738,133742,4,0
133738,133738,133742,4,0
133738,133738,133741,3,0
133738,133738,133741,3,0
133738,133738,133742,4,0
133738,133738,133742,4,0
133738,133738,133743,5,0
133738,133738,133743,5,0
133738,133738,133743,5,0
133738,133738,133743,5,0
133738,133738,133742,4,0
133738,133738,133742,4,0
133738,133738,133742,4,0
133738,133738,133742,4,0
133738,133738,133742,4,0
133738,133738,133742,4,0
133738,133738,133743,5,0
133738,133738,133742,4,0
133738,133738,133743,5,0
133738,133738,133743,5,0
133738,133738,133742,4,0
133738,133738,133742,4,0
133738,133738,133743,5,0
133738,133738,133743,5,0
133738,133741,133744,3,3
133738,133742,133744,2,4
133738,133742,133744,2,4
133738,133742,133744,2,4
133738,133738,133744,6,0
133738,133742,133744,2,4
133738,133741,133744,3,3
133738,133741,133745,4,3
133738,133741,133745,4,3
133738,133742,133745,3,4
133738,133742,133745,3,4
133738,133741,133745,4,3
133738,133742,133745,3,4
133738,133742,133744,2,4
133738,133741,133745,4,3
133738,133742,133745,3,4
133738,133741,133745,4,3
133738,133742,133745,3,4
133738,133742,133745,3,4
133738,133742,133746,4,4
133738,133743,133746,3,5
133738,133742,133745,3,4
133738,133742,133746,4,4
133738,133742,133746,4,4
133738,133743,133747,4,5
133738,133743,133747,4,5
133738,133743,133747,4,5
133738,133743,133747,4,5
133738,133743,133747,4,5
133738,133743,133747,4,5
133738,133743,133747,4,5
133738,133743,133747,4,5
133738,133744,133747,3,6
133738,133744,133747,3,6
133738,133744,133747,3,6
133738,133743,133747,4,5
133738,133743,133747,4,5
133738,133744,133747,3,6
133738,133744,133747,3,6
133738,133743,133747,4,5
133738,133743,133747,4,5
133738,133743,133747,4,5
133738,133743,133747,4,5
133738,133744,133748,4,6
133738,133745,133748,3,7
133738,133743,133748,5,5
133738,133745,133748,3,7
133738,133745,133748,3,7
133738,133743,133748,5,5
133738,133746,133748,2,8
133738,133746,133748,2,8
133738,133745,133748,3,7
133738,133746,133748,2,8
133738,133745,133749,4,7
133738,133746,133749,3,8
133738,133746,133749,3,8
133738,133744,133749,5,6
133738,133745,133749,4,7
133738,133746,133749,3,8
133738,133747,133749,2,9
133738,133746,133749,3,8
133738,133747,133749,2,9
133738,133745,133749,4,7
133738,133747,133750,3,9
133738,133748,133751,3,10
133738,133746,133750,4,8
133738,133747,133750,3,9
133738,133748,133750,2,10
133738,133748,133751,3,10
133738,133748,133751,3,10
133738,133748,133750,2,10
133738,133748,133750,2,10
133738,133748,133750,2,10
133738,133748,133751,3,10
133738,133748,133751,3,10
133738,133748,133751,3,10
133738,133748,133751,3,10
133738,133748,133751,3,10
133738,133748,133751,3,10
133738,133748,133751,3,10
132940,133001,133862,861,61
133864,133865,133867,2,1
133864,133865,133867,2,1
133864,133865,133867,2,1
133864,133865,133867,2,1
133864,133865,133868,3,1
133864,133865,133867,2,1
133864,133865,133867,2,1
133864,133865,133868,3,1
133864,133865,133868,3,1
133864,133865,133868,3,1
133864,133865,133868,3,1
133864,133865,133869,4,1
133864,133865,133868,3,1
133864,133865,133868,3,1
133864,133865,133868,3,1
133864,133865,133868,3,1
133864,133865,133868,3,1
133864,133865,133869,4,1
133864,133865,133868,3,1
133864,133865,133868,3,1
133037,133073,133868,795,36
133864,133865,133868,3,1
133864,133865,133868,3,1
133864,133865,133869,4,1
133864,133865,133869,4,1
133864,133865,133869,4,1
133864,133865,133869,4,1
133864,133865,133869,4,1
133864,133865,133869,4,1
133864,133865,133869,4,1
133864,133865,133869,4,1
133864,133865,133869,4,1
133864,133865,133869,4,1
133864,133865,133869,4,1
133864,133865,133870,5,1
133864,133865,133869,4,1
133864,133865,133869,4,1
133864,133865,133869,4,1
133864,133865,133869,4,1
133864,133868,133870,2,4
133864,133865,133870,5,1
133864,133865,133870,5,1
133864,133865,133870,5,1
133864,133869,133870,1,5
133864,133868,133870,2,4
133864,133869,133871,2,5
133864,133869,133871,2,5
133864,133869,133871,2,5
133864,133868,133872,4,4
133864,133868,133871,3,4
133864,133869,133871,2,5
133864,133868,133872,4,4
133864,133869,133872,3,5
133864,133868,133872,4,4
133864,133868,133872,4,4
133864,133869,133871,2,5
133864,133869,133871,2,5
133864,133869,133872,3,5
133864,133868,133872,4,4
133864,133869,133873,4,5
133864,133869,133872,3,5
133864,133869,133872,3,5
133864,133869,133872,3,5
133864,133869,133873,4,5
133864,133870,133873,3,6
133864,133870,133873,3,6
133864,133870,133874,4,6
133864,133869,133873,4,5
133864,133871,133874,3,7
133864,133870,133874,4,6
133864,133870,133874,4,6
133864,133870,133874,4,6
133864,133871,133874,3,7
133864,133870,133873,3,6
133864,133870,133874,4,6
133864,133870,133873,3,6
133864,133872,133874,2,8
133864,133870,133874,4,6
133864,133871,133873,2,7
133864,133870,133873,3,6
133864,133870,133873,3,6
133864,133872,133874,2,8
133864,133871,133874,3,7
133864,133871,133874,3,7
133864,133871,133874,3,7
133864,133870,133874,4,6
133864,133870,133874,4,6
133864,133870,133874,4,6
133864,133872,133875,3,8
133864,133872,133875,3,8
133864,133872,133874,2,8
133864,133873,133875,2,9
133864,133870,133874,4,6
133864,133872,133874,2,8
133864,133871,133874,3,7
133864,133871,133874,3,7
133864,133872,133875,3,8
133864,133872,133875,3,8
133864,133872,133875,3,8
133864,133873,133875,2,9
133864,133873,133875,2,9
133864,133873,133876,3,9
133864,133873,133875,2,9
133864,133874,133876,2,10
133864,133874,133876,2,10
133864,133874,133876,2,10
133864,133872,133876,4,8
133864,133874,133877,3,10
133864,133874,133876,2,10
133864,133874,133877,3,10
133864,133873,133876,3,9
133864,133874,133876,2,10
133864,133874,133876,2,10
133864,133874,133877,3,10
133864,133874,133877,3,10
133864,133874,133877,3,10
133864,133874,133877,3,10
133864,133873,133877,4,9
133871,133874,133877,3,3
133871,133875,133878,3,4
133871,133875,133878,3,4
133864,133874,133877,3,10
133864,133874,133877,3,10
133864,133874,133877,3,10
133871,133874,133878,4,3
133871,133875,133878,3,4
133871,133875,133879,4,4
133871,133875,133878,3,4
133871,133875,133879,4,4
133871,133875,133879,4,4
133871,133875,133878,3,4
133871,133875,133879,4,4
133871,133875,133879,4,4
133871,133875,133879,4,4
133871,133875,133879,4,4
133871,133875,133879,4,4
133871,133877,133879,2,6
133871,133877,133879,2,6
133871,133878,133880,2,7
133871,133876,133880,4,5
133871,133877,133880,3,6
133871,133877,133879,2,6
133871,133878,133880,2,7
133871,133877,133879,2,6
133871,133878,133880,2,7
133871,133875,133880,5,4
133871,133877,133879,2,6
133871,133875,133880,5,4
133871,133877,133880,3,6
133871,133875,133879,4,4
133871,133876,133880,4,5
133871,133875,133880,5,4
133871,133877,133880,3,6
133871,133877,133880,3,6
133871,133875,133880,5,4
133871,133876,133880,4,5
133871,133877,133880,3,6
133871,133877,133880,3,6
133871,133877,133881,4,6
133871,133877,133881,4,6
133871,133878,133880,2,7
133871,133877,133881,4,6
133871,133877,133881,4,6
133871,133879,133881,2,8
133871,133879,133881,2,8
133871,133879,133881,2,8
133871,133879,133881,2,8
133871,133879,133881,2,8
133871,133879,133882,3,8
133871,133878,133882,4,7
133871,133877,133881,4,6
133871,133879,133882,3,8
133871,133878,133882,4,7
133871,133879,133883,4,8
133871,133879,133883,4,8
133871,133879,133883,4,8
133871,133879,133883,4,8
133871,133879,133883,4,8
133871,133879,133883,4,8
133871,133880,133883,3,9
133871,133880,133883,3,9
133871,133880,133884,4,9
133871,133880,133883,3,9
133871,133880,133884,4,9
133871,133880,133884,4,9
133871,133880,133884,4,9
133871,133880,133884,4,9
133871,133881,133884,3,10
133871,133880,133884,4,9
133871,133880,133884,4,9
133871,133881,133884,3,10
133871,133880,133884,4,9
133871,133880,133884,4,9
133871,133880,133884,4,9
133871,133880,133884,4,9
133871,133881,133884,3,10
133871,133882,133884,2,11
133871,133882,133884,2,11
133871,133881,133884,3,10
133871,133881,133884,3,10
133871,133882,133885,3,11
133871,133881,133885,4,10
133871,133880,133885,5,9
133871,133883,133885,2,12
133871,133880,133885,5,9
133871,133881,133884,3,10
133871,133881,133885,4,10
133871,133882,133885,3,11
133871,133882,133885,3,11
133871,133882,133885,3,11
133871,133882,133885,3,11
133871,133883,133885,2,12
133871,133881,133885,4,10
133871,133881,133885,4,10
133871,133882,133886,4,11
133871,133883,133886,3,12
133871,133883,133886,3,12
133871,133884,133887,3,13
133871,133885,133887,2,14
133871,133884,133887,3,13
133871,133884,133887,3,13
133871,133884,133886,2,13
133871,133884,133886,2,13
133871,133884,133887,3,13
133871,133884,133887,3,13
133871,133884,133887,3,13
133871,133883,133887,4,12
133871,133883,133887,4,12
133871,133883,133887,4,12
133871,133883,133887,4,12
133871,133885,133887,2,14
133871,133885,133888,3,14
133871,133885,133887,2,14
133871,133884,133887,3,13
133871,133885,133887,2,14
133871,133885,133887,2,14
133871,133884,133887,3,13
133871,133885,133888,3,14
133871,133884,133888,4,13
133871,133885,133888,3,14
133871,133885,133888,3,14
133183,133187,133947,760,4
133949,133949,133951,2,0
133949,133949,133952,3,0
133949,133949,133952,3,0
133949,133949,133952,3,0
133949,133949,133951,2,0
133949,133949,133952,3,0
133949,133949,133951,2,0
133949,133949,133951,2,0
133949,133949,133952,3,0
133949,133949,133952,3,0
133949,133949,133952,3,0
133949,133949,133953,4,0
133949,133949,133953,4,0
133949,133949,133952,3,0
133949,133949,133953,4,0
133949,133949,133953,4,0
133949,133949,133952,3,0
133949,133949,133953,4,0
133949,133949,133953,4,0
133949,133949,133952,3,0
133949,133949,133953,4,0
133949,133951,133953,2,2
133949,133949,133953,4,0
133949,133949,133953,4,0
133949,133949,133952,3,0
133949,133949,133952,3,0
133949,133949,133953,4,0
133949,133949,133953,4,0
133949,133949,133954,5,0
133949,133949,133953,4,0
133949,133949,133953,4,0
133949,133949,133953,4,0
133949,133949,133953,4,0
133949,133949,133953,4,0
133949,133949,133953,4,0
133949,133949,133953,4,0
133949,133949,133954,5,0
133949,133949,133954,5,0
133949,133949,133954,5,0
133949,133949,133954,5,0
133949,133949,133953,4,0
133156,133160,133954,794,4
133949,133952,133955,3,3
133949,133949,133954,5,0
133949,133952,133955,3,3
133949,133952,133956,4,3
133949,133953,133956,3,4
133949,133952,133956,4,3
133949,133952,133955,3,3
133949,133952,133955,3,3
133949,133953,133956,3,4
133949,133954,133956,2,5
133949,133953,133956,3,4
133949,133954,133956,2,5
133949,133954,133955,1,5
133949,133954,133956,2,5
133949,133952,133956,4,3
133949,133954,133956,2,5
133949,133954,133957,3,5
133949,133954,133957,3,5
133949,133953,133957,4,4
133949,133953,133957,4,4
133949,133954,133957,3,5
133949,133955,133957,2,6
133949,133955,133957,2,6
133949,133952,133957,5,3
133949,133953,133956,3,4
133949,133953,133957,4,4
133949,133952,133956,4,3
133949,133953,133957,4,4
133949,133953,133957,4,4
133949,133953,133956,3,4
133949,133953,133957,4,4
133949,133954,133957,3,5
133949,133953,133957,4,4
133949,133953,133957,4,4
133949,133953,133957,4,4
133949,133954,133957,3,5
133949,133954,133958,4,5
133949,133954,133958,4,5
133949,133953,133958,5,4
133949,133955,133958,3,6
133949,133953,133958,5,4
133949,133953,133957,4,4
133949,133954,133958,4,5
133949,133956,133958,2,7
133949,133954,133959,5,5
133949,133955,133959,4,6
133949,133956,133959,3,7
133949,133956,133959,3,7
133949,133956,133959,3,7
133949,133956,133959,3,7
133949,133956,133959,3,7
133949,133956,133959,3,7
133949,133956,133959,3,7
133949,133956,133960,4,7
133949,133957,133960,3,8
133949,133956,133959,3,7
133949,133957,133960,3,8
133949,133957,133960,3,8
133949,133957,133959,2,8
133949,133957,133960,3,8
133949,133956,133960,4,7
133949,133957,133960,3,8
133949,133956,133960,4,7
133949,133956,133960,4,7
133949,133958,133960,2,9
133949,133958,133960,2,9
133949,133957,133960,3,8
133949,133957,133960,3,8
133949,133958,133961,3,9
133949,133958,133960,2,9
133949,133958,133960,2,9
133949,133957,133960,3,8
133949,133958,133961,3,9
133949,133957,133961,4,8
133949,133957,133961,4,8
133949,133957,133961,4,8
133949,133958,133961,3,9
133949,133958,133961,3,9
133949,133958,133962,4,9
133956,133958,133962,4,2
133956,133958,133962,4,2
133956,133961,133963,2,5
133956,133958,133962,4,2
133956,133959,133962,3,3
133956,133961,133962,1,5
133956,133959,133962,3,3
133956,133960,133963,3,4
133956,133961,133962,1,5
133956,133961,133962,1,5
133956,133961,133962,1,5
133956,133960,133963,3,4
133956,133960,133963,3,4
133956,133959,133963,4,3
133956,133961,133963,2,5
133956,133962,133963,1,6
133956,133962,133963,1,6
133956,133962,133963,1,6
133956,133960,133963,3,4
133956,133960,133964,4,4
133956,133962,133963,1,6
133956,133959,133963,4,3
133956,133960,133964,4,4
133956,133961,133964,3,5
133956,133961,133964,3,5
133956,133961,133964,3,5
133956,133962,133964,2,6
133956,133961,133964,3,5
133956,133961,133964,3,5
133956,133963,133964,1,7
133956,133961,133964,3,5
133956,133961,133964,3,5
133956,133960,133964,4,4
133956,133961,133965,4,5
133956,133960,133964,4,4
133956,133960,133964,4,4
133956,133960,133964,4,4
133956,133960,133964,4,4
133956,133961,133964,3,5
133956,133961,133965,4,5
133956,133963,133965,2,7
133956,133963,133966,3,7
133956,133963,133966,3,7
133956,133963,133966,3,7
133956,133963,133966,3,7
133956,133963,133965,2,7
133956,133961,133966,5,5
133956,133963,133966,3,7
133956,133964,133966,2,8
133956,133963,133966,3,7
133956,133964,133966,2,8
133956,133963,133966,3,7
133956,133963,133966,3,7
133956,133963,133966,3,7
133956,133963,133966,3,7
133956,133965,133966,1,9
133956,133965,133966,1,9
133956,133963,133966,3,7
133956,133966,133967,1,10
133956,133966,133968,2,10
133956,133966,133967,1,10
133956,133964,133967,3,8
133956,133964,133967,3,8
133956,133964,133968,4,8
133956,133965,133967,2,9
133956,133965,133968,3,9
133956,133964,133967,3,8
133956,133965,133968,3,9
133956,133966,133968,2,10
133956,133964,133967,3,8
133956,133964,133968,4,8
133956,133965,133968,3,9
133956,133965,133967,2,9
133956,133964,133967,3,8
133956,133964,133968,4,8
133956,133965,133969,4,9
133956,133965,133968,3,9
133956,133965,133968,3,9
133956,133965,133969,4,9
133956,133965,133968,3,9
133956,133965,133968,3,9
133956,133966,133969,3,10
133956,133964,133968,4,8
133956,133967,133969,2,11
133956,133965,133969,4,9
133956,133967,133970,3,11
133956,133967,133969,2,11
133956,133965,133969,4,9
133956,133967,133969,2,11
133956,133966,133969,3,10
133956,133967,133969,2,11
133956,133966,133969,3,10
133956,133967,133969,2,11
133956,133967,133969,2,11
133956,133967,133969,2,11
133956,133967,133970,3,11
133956,133967,133970,3,11
133956,133966,133970,4,10
133956,133968,133971,3,12
133956,133968,133971,3,12
133956,133968,133970,2,12
133956,133968,133971,3,12
133956,133968,133971,3,12
133956,133968,133971,3,12
133956,133968,133971,3,12
133956,133968,133971,3,12
133956,133968,133971,3,12
133956,133968,133971,3,12
133956,133968,133971,3,12
133956,133967,133971,4,11
133956,133969,133971,2,13
133956,133969,133971,2,13
133956,133969,133972,3,13
133956,133968,133971,3,12
133956,133969,133972,3,13
133956,133968,133971,3,12
133956,133968,133972,4,12
133956,133969,133971,2,13
133956,133968,133971,3,12
133956,133968,133971,3,12
133106,133124,134003,879,18
134006,134007,134009,2,1
134006,134007,134009,2,1
134006,134007,134009,2,1
134006,134007,134009,2,1
134006,134007,134009,2,1
134006,134007,134009,2,1
134006,134007,134009,2,1
134006,134007,134009,2,1
134006,134007,134009,2,1
134006,134007,134009,2,1
134006,134007,134009,2,1
134006,134007,134011,4,1
134006,134007,134011,4,1
134006,134007,134011,4,1
134006,134007,134010,3,1
134006,134007,134010,3,1
134006,134007,134011,4,1
134006,134007,134010,3,1
134006,134007,134010,3,1
134006,134007,134011,4,1
134006,134007,134011,4,1
134006,134007,134011,4,1
134006,134007,134011,4,1
134006,134007,134011,4,1
134006,134007,134011,4,1
134006,134007,134011,4,1
134006,134007,134011,4,1
134006,134007,134011,4,1
134006,134007,134011,4,1
134006,134007,134011,4,1
134006,134007,134011,4,1
134006,134007,134011,4,1
134006,134007,134011,4,1
134006,134007,134011,4,1
134006,134007,134011,4,1
134006,134007,134011,4,1
134006,134007,134011,4,1
134006,134010,134012,2,4
134006,134010,134012,2,4
134006,134011,134012,1,5
134006,134011,134013,2,5
134006,134010,134013,3,4
134006,134010,134012,2,4
134006,134010,134013,3,4
134006,134011,134013,2,5
134006,134010,134013,3,4
134006,134010,134013,3,4
134006,134010,134014,4,4
134006,134010,134014,4,4
134006,134010,134013,3,4
134006,134010,134013,3,4
134006,134011,134013,2,5
134006,134011,134013,2,5
134006,134013,134014,1,7
134006,134011,134015,4,5
134006,134011,134014,3,5
134006,134011,134015,4,5
134006,134011,134015,4,5
134006,134011,134015,4,5
134006,134012,134014,2,6
134006,134011,134015,4,5
134006,134012,134015,3,6
134006,134012,134015,3,6
134006,134012,134015,3,6
134006,134012,134015,3,6
134006,134013,134015,2,7
134006,134013,134015,2,7
134006,134013,134015,2,7
134006,134012,134016,4,6
134006,134012,134016,4,6
134006,134012,134016,4,6
134006,134012,134015,3,6
134006,134013,134016,3,7
134006,134012,134015,3,6
134006,134014,134016,2,8
134006,134012,134015,3,6
134006,134013,134016,3,7
134006,134013,134017,4,7
134006,134015,134017,2,9
134006,134014,134016,2,8
134006,134013,134016,3,7
134006,134014,134016,2,8
134006,134014,134016,2,8
134006,134014,134017,3,8
134006,134015,134017,2,9
134006,134014,134017,3,8
134006,134014,134017,3,8
134006,134014,134017,3,8
134006,134015,134018,3,9
134006,134015,134018,3,9
134006,134015,134018,3,9
134006,134016,134019,3,10
134006,134016,134019,3,10
134006,134016,134018,2,10
134006,134016,134018,2,10
134006,134016,134019,3,10
134006,134016,134018,2,10
134006,134016,134019,3,10
134006,134016,134019,3,10
134006,134016,134019,3,10
134006,134015,134018,3,9
134006,134015,134018,3,9
134006,134015,134019,4,9
134006,134015,134018,3,9
134006,134016,134018,2,10
134006,134015,134019,4,9
134006,134015,134018,3,9
134006,134016,134019,3,10
134006,134015,134018,3,9
134006,134016,134019,3,10
134006,134016,134019,3,10
134006,134016,134019,3,10
134006,134016,134020,4,10
134006,134016,134019,3,10
134006,134017,134020,3,11
134006,134017,134019,2,11
134006,134027,134031,4,21
134006,134027,134030,3,21
134006,134027,134030,3,21
134006,134027,134032,5,21
133285,133286,134095,809,1
133292,133292,134095,803,0
134098,134098,134100,2,0
134098,134098,134101,3,0
134098,134098,134100,2,0
134098,134098,134101,3,0
134098,134098,134101,3,0
134098,134098,134100,2,0
134098,134098,134102,4,0
134098,134098,134101,3,0
134098,134098,134101,3,0
134098,134098,134101,3,0
134098,134098,134102,4,0
134098,134098,134102,4,0
134098,134098,134101,3,0
134098,134098,134101,3,0
134098,134098,134102,4,0
134098,134098,134102,4,0
134098,134098,134102,4,0
134098,134098,134102,4,0
134098,134098,134102,4,0
134098,134098,134102,4,0
134098,134098,134102,4,0
134098,134098,134103,5,0
134098,134098,134102,4,0
134098,134098,134103,5,0
134098,134098,134103,5,0
134098,134098,134102,4,0
134098,134098,134103,5,0
134098,134098,134102,4,0
134098,134098,134102,4,0
134098,134098,134102,4,0
134098,134098,134102,4,0
134098,134098,134103,5,0
134098,134098,134103,5,0
134098,134098,134102,4,0
134098,134098,134103,5,0
134098,134098,134103,5,0
134098,134098,134102,4,0
134098,134098,134103,5,0
134098,134098,134102,4,0
134098,134098,134103,5,0
134098,134100,134102,2,2
134098,134098,134103,5,0
134098,134101,134103,2,3
134098,134098,134103,5,0
134098,134101,134104,3,3
134098,134102,134105,3,4
134098,134102,134105,3,4
134098,134102,134105,3,4
134098,134102,134104,2,4
134098,134101,134105,4,3
134098,134101,134106,5,3
134098,134102,134106,4,4
134098,134102,134106,4,4
134098,134102,134106,4,4
134098,134102,134106,4,4
134098,134102,134106,4,4
134098,134103,134106,3,5
134098,134102,134106,4,4
134098,134102,134106,4,4
134098,134102,134106,4,4
134098,134101,134106,5,3
134098,134103,134106,3,5
134098,134102,134107,5,4
134098,134103,134107,4,5
134098,134103,134107,4,5
134098,134102,134107,5,4
134098,134103,134107,4,5
134098,134103,134107,4,5
134098,134103,134106,3,5
134098,134103,134106,3,5
134098,134103,134106,3,5
134098,134103,134107,4,5
134098,134103,134107,4,5
134098,134103,134107,4,5
134098,134103,134107,4,5
134098,134103,134107,4,5
134098,134105,134108,3,7
134098,134105,134108,3,7
134098,134105,134108,3,7
134098,134103,134108,5,5
134098,134103,134108,5,5
134098,134103,134108,5,5
134098,134103,134108,5,5
134098,134104,134108,4,6
134098,134104,134108,4,6
134098,134103,134108,5,5
134098,134105,134108,3,7
134098,134103,134108,5,5
134098,134103,134108,5,5
134098,134105,134108,3,7
134098,134104,134109,5,6
134098,134105,134109,4,7
134098,134106,134110,4,8
134098,134107,134110,3,9
134098,134107,134110,3,9
134098,134107,134110,3,9
134098,134106,134110,4,8
134098,134107,134110,3,9
134098,134106,134111,5,8
134098,134107,134111,4,9
134098,134107,134110,3,9
134098,134108,134110,2,10
134098,134108,134110,2,10
134098,134108,134111,3,10
134098,134107,134110,3,9
133229,133229,134111,882,0
134098,134107,134111,4,9
134098,134107,134111,4,9
134098,134107,134111,4,9
134098,134107,134111,4,9
134098,134106,134111,5,8
134098,134107,134111,4,9
134098,134107,134111,4,9
134098,134107,134111,4,9
134098,134109,134112,3,11
134098,134106,134111,5,8
134098,134108,134111,3,10
134098,134107,134111,4,9
134098,134108,134111,3,10
134098,134107,134112,5,9
134098,134109,134112,3,11
134098,134109,134112,3,11
134098,134109,134113,4,11
134098,134109,134113,4,11
134098,134109,134112,3,11
134098,134109,134112,3,11
134098,134110,134112,2,12
134098,134109,134112,3,11
134098,134109,134112,3,11
134098,134110,134113,3,12
134098,134110,134113,3,12
134098,134112,134113,1,14
134098,134109,134113,4,11
134098,134109,134114,5,11
134098,134112,134113,1,14
134098,134109,134113,4,11
134098,134109,134113,4,11
134098,134112,134114,2,14
134098,134109,134113,4,11
134098,134112,134114,2,14
134098,134112,134114,2,14
134098,134112,134114,2,14
134098,134110,134114,4,12
134098,134112,134114,2,14
134098,134112,134115,3,14
134098,134112,134114,2,14
134098,134112,134114,2,14
134098,134110,134114,4,12
134098,134111,134115,4,13
134098,134111,134115,4,13
134098,134111,134115,4,13
134098,134111,134115,4,13
134098,134111,134115,4,13
134098,134112,134116,4,14
134098,134112,134115,3,14
133201,133201,134115,914,0
134098,134111,134115,4,13
134098,134111,134116,5,13
134098,134113,134116,3,15
134098,134111,134116,5,13
134098,134111,134116,5,13
134098,134114,134116,2,16
134098,134114,134117,3,16
134098,134113,134117,4,15
134098,134113,134116,3,15
134098,134113,134116,3,15
134098,134114,134117,3,16
134098,134111,134116,5,13
134098,134112,134116,4,14
134098,134113,134116,3,15
134098,134112,134117,5,14
134098,134114,134118,4,16
134098,134113,134117,4,15
134098,134113,134117,4,15
134098,134114,134118,4,16
134098,134113,134118,5,15
134098,134114,134118,4,16
134098,134115,134118,3,17
134098,134113,134117,4,15
134098,134114,134117,3,16
134098,134115,134118,3,17
134098,134114,134117,3,16
134098,134113,134117,4,15
134098,134115,134118,3,17
134098,134115,134118,3,17
134098,134115,134118,3,17
134098,134115,134118,3,17
134098,134115,134118,3,17
134098,134115,134119,4,17
134098,134113,134118,5,15
134098,134114,134118,4,16
134098,134115,134118,3,17
134098,134116,134119,3,18
134098,134116,134118,2,18
134098,134116,134119,3,18
134098,134116,134119,3,18
134098,134117,134120,3,19
134098,134117,134120,3,19
134098,134115,134119,4,17
134098,134116,134120,4,18
134098,134116,134119,3,18
134098,134116,134120,4,18
134098,134116,134120,4,18
134098,134116,134120,4,18
134098,134116,134120,4,18
134098,134118,134121,3,20
134098,134116,134120,4,18
134098,134117,134121,4,19
134098,134118,134121,3,20
134098,134115,134120,5,17
134098,134117,134121,4,19
134098,134117,134121,4,19
134098,134117,134120,3,19
134098,134118,134121,3,20
134098,134117,134120,3,19
134098,134118,134121,3,20
134098,134117,134121,4,19
134098,134117,134121,4,19
134098,134118,134121,3,20
134098,134118,134121,3,20
134098,134119,134122,3,21
134098,134118,134121,3,20
134098,134118,134121,3,20
134098,134118,134122,4,20
134098,134118,134122,4,20
134098,134118,134121,3,20
134098,134118,134122,4,20
134098,134118,134122,4,20
134098,134118,134122,4,20
134098,134118,134122,4,20
134098,134117,134122,5,19
134098,134120,134123,3,22
134098,134119,134122,3,21
134098,134120,134122,2,22
134098,134119,134123,4,21
134098,134119,134123,4,21
134098,134119,134122,3,21
134098,134119,134123,4,21
134098,134119,134123,4,21
134098,134119,134123,4,21
134098,134120,134123,3,22
134098,134120,134124,4,22
133210,133210,134124,914,0
133259,133259,134130,871,0
133236,133236,134133,897,0
133234,133234,134137,903,0
133270,133270,134139,869,0
133231,133231,134139,908,0
133227,133227,134142,915,0
134141,134141,134143,2,0
134141,134141,134144,3,0
134141,134141,134144,3,0
134141,134141,134144,3,0
134141,134141,134144,3,0
134141,134141,134144,3,0
134141,134141,134144,3,0
134141,134141,134144,3,0
134141,134141,134144,3,0
134141,134141,134144,3,0
134141,134141,134144,3,0
134141,134141,134144,3,0
134141,134141,134145,4,0
134141,134141,134145,4,0
134141,134141,134144,3,0
134141,134141,134145,4,0
134141,134141,134145,4,0
134141,134141,134145,4,0
134141,134141,134144,3,0
134141,134141,134144,3,0
134141,134141,134145,4,0
134141,134141,134145,4,0
134141,134141,134145,4,0
134141,134141,134145,4,0
134141,134141,134145,4,0
134141,134141,134144,3,0
134141,134141,134145,4,0
134141,134141,134145,4,0
134141,134141,134145,4,0
134141,134141,134145,4,0
134141,134141,134145,4,0
134141,134141,134145,4,0
134141,134141,134145,4,0
134141,134141,134145,4,0
134141,134141,134145,4,0
134141,134142,134145,3,1
133289,133289,134145,856,0
133296,133296,134145,849,0
134141,134141,134145,4,0
134141,134142,134145,3,1
134141,134142,134146,4,1
134141,134141,134146,5,0
134141,134141,134146,5,0
134141,134142,134146,4,1
134141,134141,134146,5,0
134141,134141,134146,5,0
134141,134141,134146,5,0
134141,134142,134146,4,1
134141,134142,134147,5,1
134141,134144,134147,3,3
134141,134145,134147,2,4
134141,134144,134147,3,3
134141,134145,134147,2,4
134141,134143,134147,4,2
134141,134144,134148,4,3
134141,134146,134147,1,5
134141,134146,134147,1,5
134141,134146,134147,1,5
134141,134146,134147,1,5
134141,134145,134148,3,4
134141,134144,134148,4,3
134141,134145,134148,3,4
134141,134145,134148,3,4
134141,134144,134148,4,3
134141,134144,134148,4,3
134141,134145,134148,3,4
134141,134145,134148,3,4
134141,134145,134149,4,4
134141,134144,134148,4,3
134141,134144,134148,4,3
134141,134144,134148,4,3
134141,134145,134148,3,4
134141,134147,134149,2,6
134141,134146,134148,2,5
134141,134141,134149,8,0
134141,134141,134148,7,0
134141,134145,134148,3,4
134141,134146,134148,2,5
134141,134146,134148,2,5
134141,134146,134149,3,5
133242,133242,134149,907,0
134141,134144,134149,5,3
134141,134145,134149,4,4
134141,134145,134149,4,4
134141,134145,134150,5,4
134141,134145,134149,4,4
134141,134147,134149,2,6
134141,134145,134149,4,4
134141,134145,134149,4,4
134141,134145,134149,4,4
134141,134145,134149,4,4
134141,134147,134149,2,6
134141,134147,134149,2,6
134141,134147,134149,2,6
134141,134145,134150,5,4
134141,134147,134149,2,6
134141,134146,134149,3,5
134141,134146,134150,4,5
134141,134147,134150,3,6
134141,134147,134150,3,6
134141,134145,134150,5,4
134141,134148,134151,3,7
134141,134148,134150,2,7
134141,134148,134151,3,7
134141,134148,134151,3,7
134141,134148,134150,2,7
134141,134148,134151,3,7
134141,134148,134151,3,7
134141,134149,134151,2,8
134141,134149,134151,2,8
134141,134149,134151,2,8
134141,134149,134151,2,8
134141,134149,134151,2,8
134141,134149,134151,2,8
134141,134148,134151,3,7
134141,134149,134151,2,8
134141,134149,134151,2,8
134141,134149,134151,2,8
134141,134149,134151,2,8
134141,134149,134152,3,8
134141,134148,134151,3,7
134141,134148,134151,3,7
134141,134148,134151,3,7
134141,134149,134151,2,8
134141,134149,134152,3,8
134141,134149,134152,3,8
134141,134150,134152,2,9
134141,134150,134152,2,9
134141,134150,134153,3,9
134141,134150,134152,2,9
134141,134150,134152,2,9
134141,134150,134153,3,9
134141,134150,134152,2,9
134141,134149,134152,3,8
134141,134149,134152,3,8
134141,134149,134153,4,8
134141,134149,134153,4,8
134141,134150,134153,3,9
134141,134150,134153,3,9
134141,134150,134153,3,9
134141,134150,134153,3,9
134141,134150,134153,3,9
134141,134150,134153,3,9
134141,134150,134153,3,9
134141,134150,134153,3,9
134141,134150,134153,3,9
134141,134150,134154,4,9
134141,134151,134154,3,10
134141,134149,134153,4,8
134141,134152,134154,2,11
134141,134151,134154,3,10
134141,134152,134154,2,11
133276,133276,134154,878,0
134141,134150,134154,4,9
134141,134151,134155,4,10
134141,134151,134154,3,10
134141,134151,134154,3,10
134141,134151,134155,4,10
134141,134152,134155,3,11
134141,134152,134155,3,11
134141,134152,134155,3,11
134141,134152,134155,3,11
134141,134152,134155,3,11
134141,134152,134155,3,11
134141,134152,134155,3,11
134141,134151,134155,4,10
134141,134151,134155,4,10
134141,134152,134155,3,11
134141,134152,134155,3,11
134141,134152,134156,4,11
134141,134151,134155,4,10
134141,134152,134156,4,11
134141,134152,134155,3,11
134141,134152,134155,3,11
134141,134152,134155,3,11
134141,134152,134156,4,11
134141,134154,134156,2,13
134141,134154,134157,3,13
134141,134155,134156,1,14
134141,134152,134156,4,11
134141,134155,134156,1,14
134141,134153,134156,3,12
134141,134155,134156,1,14
134141,134154,134156,2,13
134141,134152,134156,4,11
134141,134153,134157,4,12
134141,134153,134157,4,12
134141,134153,134157,4,12
134141,134154,134157,3,13
134141,134155,134157,2,14
134141,134153,134156,3,12
134141,134153,134156,3,12
134141,134153,134156,3,12
134141,134153,134157,4,12
134141,134155,134157,2,14
134141,134153,134156,3,12
134141,134153,134156,3,12
134141,134153,134156,3,12
134141,134153,134157,4,12
134141,134153,134157,4,12
134141,134154,134157,3,13
134141,134154,134157,3,13
134141,134156,134158,2,15
134141,134155,134158,3,14
134141,134154,134158,4,13
134141,134154,134158,4,13
134141,134154,134157,3,13
134141,134154,134158,4,13
134141,134156,134159,3,15
134141,134156,134158,2,15
134141,134156,134158,2,15
134141,134156,134159,3,15
134141,134156,134159,3,15
134141,134156,134159,3,15
134141,134155,134159,4,14
134141,134155,134158,3,14
134141,134156,134159,3,15
134141,134156,134159,3,15
134141,134156,134159,3,15
134141,134156,134159,3,15
134141,134156,134159,3,15
134141,134156,134159,3,15
134141,134157,134160,3,16
134141,134156,134159,3,15
134141,134157,134160,3,16
134141,134156,134159,3,15
134141,134156,134160,4,15
134141,134157,134159,2,16
134141,134157,134160,3,16
134141,134157,134160,3,16
134141,134157,134160,3,16
134141,134157,134160,3,16
134141,134157,134160,3,16
134141,134157,134160,3,16
134141,134156,134160,4,15
134141,134156,134159,3,15
134141,134157,134160,3,16
134141,134157,134160,3,16
134141,134157,134160,3,16
134141,134157,134160,3,16
134141,134155,134159,4,14
134141,134155,134158,3,14
134141,134156,134159,3,15
134141,134157,134160,3,16
134141,134157,134160,3,16
134141,134157,134160,3,16
134141,134157,134161,4,16
134141,134157,134161,4,16
134141,134157,134161,4,16
134141,134157,134161,4,16
134141,134157,134161,4,16
134141,134157,134161,4,16
134141,134160,134162,2,19
134141,134158,134162,4,17
134141,134158,134161,3,17
134141,134158,134162,4,17
134141,134160,134162,2,19
134141,134159,134161,2,18
134141,134159,134162,3,18
134141,134158,134162,4,17
134141,134159,134162,3,18
134141,134159,134162,3,18
134141,134158,134162,4,17
134141,134159,134162,3,18
134141,134158,134162,4,17
134141,134158,134162,4,17
134141,134160,134162,2,19
134141,134160,134162,2,19
134141,134160,134162,2,19
134141,134160,134162,2,19
134141,134157,134162,5,16
134141,134160,134162,2,19
134141,134159,134162,3,18
134141,134160,134162,2,19
134141,134160,134163,3,19
134141,134160,134163,3,19
134141,134160,134163,3,19
134141,134160,134163,3,19
134141,134160,134163,3,19
134141,134160,134163,3,19
134141,134160,134163,3,19
134141,134160,134163,3,19
134141,134160,134163,3,19
134141,134160,134163,3,19
134141,134161,134164,3,20
134141,134160,134164,4,19
134141,134160,134164,4,19
134141,134160,134163,3,19
134141,134160,134164,4,19
134141,134160,134164,4,19
134141,134161,134164,3,20
134141,134160,134164,4,19
134141,134163,134164,1,22
134141,134162,134165,3,21
134141,134163,134165,2,22
134141,134163,134165,2,22
134141,134162,134165,3,21
134141,134161,134165,4,20
134141,134161,134165,4,20
134141,134161,134165,4,20
134141,134161,134165,4,20
134141,134161,134164,3,20
134141,134162,134165,3,21
134141,134161,134165,4,20
134141,134163,134165,2,22
134141,134163,134165,2,22
134141,134160,134165,5,19
134141,134161,134165,4,20
134141,134162,134165,3,21
134141,134163,134166,3,22
134141,134162,134165,3,21
134141,134162,134165,3,21
134141,134162,134165,3,21
134141,134164,134166,2,23
134141,134163,134165,2,22
134141,134163,134165,2,22
134141,134163,134166,3,22
134141,134164,134166,2,23
134141,134162,134165,3,21
134141,134163,134166,3,22
134141,134162,134165,3,21
134141,134162,134166,4,21
134141,134162,134166,4,21
134141,134163,134165,2,22
134141,134163,134166,3,22
134141,134162,134167,5,21
134141,134163,134166,3,22
134141,134162,134166,4,21
134141,134164,134166,2,23
134141,134163,134166,3,22
134141,134164,134166,2,23
134141,134164,134167,3,23
134141,134164,134167,3,23
134141,134165,134167,2,24
134141,134163,134167,4,22
134141,134163,134167,4,22
134141,134164,134167,3,23
134141,134165,134167,2,24
134141,134165,134167,2,24
134141,134166,134167,1,25
134141,134163,134167,4,22
134141,134164,134167,3,23
134141,134165,134167,2,24
134141,134164,134167,3,23
134141,134165,134167,2,24
134141,134165,134167,2,24
134141,134166,134168,2,25
134141,134165,134167,2,24
134141,134166,134168,2,25
134141,134163,134168,5,22
134141,134165,134167,2,24
134141,134165,134168,3,24
134141,134165,134168,3,24
134141,134165,134167,2,24
134141,134165,134168,3,24
134141,134165,134167,2,24
134141,134165,134168,3,24
134141,134166,134168,2,25
134141,134165,134168,3,24
134141,134166,134168,2,25
134142,134166,134169,3,24
134142,134166,134169,3,24
134142,134166,134169,3,24
134141,134166,134169,3,25
134141,134166,134169,3,25
134141,134166,134169,3,25
134141,134166,134168,2,25
134142,134166,134169,3,24
134142,134168,134169,1,26
134142,134167,134170,3,25
134142,134168,134170,2,26
134142,134166,134169,3,24
134142,134168,134170,2,26
134142,134168,134170,2,26
134142,134166,134169,3,24
134142,134166,134170,4,24
134142,134166,134170,4,24
134142,134168,134170,2,26
134142,134168,134170,2,26
134142,134168,134170,2,26
134142,134166,134170,4,24
134142,134166,134170,4,24
134142,134166,134170,4,24
134142,134167,134170,3,25
134142,134167,134170,3,25
134142,134166,134170,4,24
134142,134167,134170,3,25
134142,134168,134170,2,26
134142,134168,134170,2,26
134142,134167,134170,3,25
134142,134168,134170,2,26
134142,134169,134171,2,27
134142,134167,134171,4,25
134142,134167,134171,4,25
134142,134167,134171,4,25
134142,134167,134171,4,25
134142,134166,134171,5,24
134142,134168,134171,3,26
134142,134169,134171,2,27
134142,134168,134172,4,26
134142,134169,134171,2,27
134142,134167,134172,5,25
134142,134168,134171,3,26
134142,134168,134171,3,26
134142,134168,134171,3,26
134142,134168,134171,3,26
134142,134168,134172,4,26
134142,134169,134171,2,27
134142,134169,134171,2,27
134142,134169,134171,2,27
134142,134169,134172,3,27
134142,134168,134172,4,26
134142,134169,134172,3,27
134142,134169,134172,3,27
134142,134168,134172,4,26
134142,134170,134173,3,28
134142,134168,134173,5,26
134142,134170,134173,3,28
134142,134170,134173,3,28
134142,134170,134173,3,28
134142,134169,134174,5,27
134142,134171,134173,2,29
134142,134171,134173,2,29
134142,134170,134174,4,28
133240,133240,134173,933,0
134142,134171,134174,3,29
134142,134170,134174,4,28
134142,134171,134174,3,29
134142,134170,134174,4,28
134142,134170,134174,4,28
134142,134171,134174,3,29
134142,134171,134174,3,29
134142,134170,134174,4,28
134142,134170,134174,4,28
134142,134170,134174,4,28
134142,134170,134174,4,28
134142,134171,134174,3,29
134142,134171,134174,3,29
134142,134172,134174,2,30
134142,134172,134175,3,30
134142,134172,134175,3,30
134142,134172,134174,2,30
134142,134171,134175,4,29
134142,134171,134175,4,29
134142,134171,134174,3,29
134142,134172,134175,3,30
134142,134171,134174,3,29
134142,134171,134175,4,29
134142,134172,134175,3,30
134142,134172,134175,3,30
134142,134170,134175,5,28
134142,134172,134175,3,30
134142,134172,134175,3,30
134142,134172,134174,2,30
134142,134172,134175,3,30
134142,134172,134175,3,30
134142,134171,134175,4,29
134142,134174,134175,1,32
134142,134172,134175,3,30
134142,134174,134176,2,32
134142,134173,134176,3,31
134142,134172,134175,3,30
134142,134172,134175,3,30
134142,134172,134175,3,30
134142,134174,134176,2,32
134142,134172,134176,4,30
134142,134173,134176,3,31
134142,134175,134176,1,33
134142,134173,134176,3,31
134142,134173,134176,3,31
134142,134173,134176,3,31
134142,134174,134176,2,32
134142,134174,134176,2,32
134142,134174,134177,3,32
134142,134174,134176,2,32
134142,134173,134176,3,31
134142,134174,134176,2,32
133282,133282,134177,895,0
134142,134174,134176,2,32
134142,134174,134177,3,32
134142,134172,134176,4,30
134142,134172,134175,3,30
134142,134174,134177,3,32
134142,134174,134177,3,32
134142,134175,134177,2,33
134142,134175,134177,2,33
134142,134175,134177,2,33
134142,134175,134177,2,33
134142,134175,134178,3,33
134142,134175,134178,3,33
134142,134175,134178,3,33
134142,134175,134178,3,33
134142,134175,134178,3,33
134142,134175,134178,3,33
134142,134175,134178,3,33
134142,134175,134178,3,33
134142,134175,134178,3,33
134142,134176,134178,2,34
134142,134176,134179,3,34
134142,134177,134178,1,35
134142,134175,134178,3,33
134142,134175,134178,3,33
134142,134175,134179,4,33
134142,134177,134178,1,35
134142,134175,134178,3,33
134142,134175,134179,4,33
134142,134176,134178,2,34
134142,134175,134179,4,33
134142,134175,134179,4,33
134142,134175,134179,4,33
134142,134176,134179,3,34
134142,134175,134179,4,33
134142,134175,134179,4,33
134142,134176,134179,3,34
134142,134177,134179,2,35
134142,134176,134179,3,34
134142,134176,134179,3,34
134142,134176,134179,3,34
134142,134177,134179,2,35
134142,134176,134179,3,34
134142,134177,134179,2,35
134142,134177,134179,2,35
134142,134176,134179,3,34
134142,134177,134179,2,35
134142,134177,134180,3,35
134142,134178,134180,2,36
134142,134177,134179,2,35
134142,134177,134179,2,35
134142,134176,134180,4,34
134142,134177,134180,3,35
134142,134177,134179,2,35
134142,134176,134180,4,34
134142,134178,134180,2,36
134142,134178,134180,2,36
134142,134179,134180,1,37
134142,134177,134180,3,35
134142,134177,134180,3,35
134142,134178,134181,3,36
134142,134178,134181,3,36
134142,134178,134181,3,36
134142,134178,134181,3,36
134142,134178,134181,3,36
134142,134179,134182,3,37
134142,134180,134182,2,38
134142,134178,134181,3,36
134142,134179,134181,2,37
134142,134179,134181,2,37
134142,134178,134182,4,36
134142,134179,134182,3,37
134142,134178,134181,3,36
134142,134178,134181,3,36
134142,134179,134181,2,37
134142,134179,134181,2,37
134142,134179,134182,3,37
134142,134179,134182,3,37
134142,134179,134182,3,37
134142,134179,134182,3,37
134142,134178,134182,4,36
134142,134178,134182,4,36
134142,134179,134183,4,37
134142,134179,134182,3,37
134142,134180,134182,2,38
134142,134180,134182,2,38
134142,134178,134182,4,36
134142,134179,134182,3,37
134142,134179,134182,3,37
134142,134179,134182,3,37
134142,134181,134183,2,39
134142,134181,134183,2,39
134142,134181,134183,2,39
134142,134180,134182,2,38
134142,134179,134182,3,37
134142,134180,134183,3,38
134142,134180,134183,3,38
134142,134180,134183,3,38
134142,134179,134182,3,37
134142,134180,134183,3,38
134142,134179,134183,4,37
134142,134181,134183,2,39
134142,134181,134183,2,39
134142,134180,134183,3,38
134142,134181,134184,3,39
134142,134181,134184,3,39
134142,134182,134184,2,40
134142,134180,134184,4,38
134142,134180,134183,3,38
134142,134180,134183,3,38
134142,134180,134184,4,38
134142,134180,134184,4,38
134142,134180,134184,4,38
134142,134180,134183,3,38
134142,134181,134184,3,39
134142,134182,134185,3,40
134142,134182,134184,2,40
134142,134182,134184,2,40
134142,134181,134184,3,39
134142,134182,134184,2,40
134142,134182,134184,2,40
134142,134182,134184,2,40
134158,134184,134185,1,26
134142,134181,134184,3,39
134142,134182,134184,2,40
134142,134182,134184,2,40
134158,134182,134185,3,24
134142,134182,134185,3,40
134158,134183,134186,3,25
134158,134183,134186,3,25
134142,134182,134185,3,40
134142,134182,134185,3,40
134158,134183,134185,2,25
134158,134183,134186,3,25
134158,134183,134185,2,25
134158,134183,134186,3,25
134158,134184,134186,2,26
134142,134182,134185,3,40
134158,134183,134186,3,25
134158,134183,134185,2,25
134158,134182,134186,4,24
134158,134182,134186,4,24
134158,134183,134186,3,25
134158,134182,134186,4,24
134158,134182,134186,4,24
134158,134184,134186,2,26
134158,134184,134186,2,26
134158,134183,134186,3,25
134158,134183,134187,4,25
134158,134183,134186,3,25
134158,134184,134186,2,26
134158,134183,134186,3,25
134158,134183,134186,3,25
134158,134183,134187,4,25
134158,134184,134186,2,26
134158,134183,134187,4,25
134158,134183,134187,4,25
134158,134184,134187,3,26
134158,134183,134187,4,25
134158,134183,134187,4,25
134158,134183,134187,4,25
134158,134184,134187,3,26
134158,134184,134187,3,26
134158,134183,134187,4,25
134158,134184,134188,4,26
134158,134184,134188,4,26
133273,133273,134188,915,0
134158,134184,134188,4,26
134158,134185,134188,3,27
134158,134185,134188,3,27
134158,134185,134188,3,27
134158,134185,134188,3,27
134158,134185,134189,4,27
134158,134187,134188,1,29
134158,134187,134188,1,29
134158,134185,134189,4,27
134158,134187,134189,2,29
134158,134185,134189,4,27
134158,134186,134189,3,28
134158,134185,134189,4,27
134158,134187,134188,1,29
134158,134185,134189,4,27
134158,134185,134189,4,27
134158,134187,134188,1,29
134158,134186,134189,3,28
134158,134186,134189,3,28
134158,134187,134188,1,29
134158,134186,134189,3,28
134158,134187,134189,2,29
134158,134184,134189,5,26
134158,134186,134190,4,28
134158,134187,134189,2,29
134158,134187,134189,2,29
134158,134186,134189,3,28
134158,134186,134190,4,28
134158,134186,134190,4,28
134158,134187,134190,3,29
134158,134187,134190,3,29
134158,134187,134189,2,29
134158,134186,134189,3,28
134158,134186,134190,4,28
134158,134186,134189,3,28
134158,134185,134190,5,27
134158,134186,134190,4,28
134158,134184,134190,6,26
134158,134185,134190,5,27
134158,134186,134190,4,28
134158,134188,134191,3,30
134158,134189,134190,1,31
134158,134187,134190,3,29
134158,134187,134190,3,29
134158,134188,134190,2,30
134158,134189,134191,2,31
134158,134186,134190,4,28
134158,134187,134190,3,29
134158,134186,134190,4,28
134158,134186,134191,5,28
134158,134187,134190,3,29
134158,134188,134190,2,30
134158,134189,134191,2,31
134158,134188,134191,3,30
134158,134188,134191,3,30
134158,134188,134191,3,30
134158,134189,134191,2,31
134158,134189,134191,2,31
134158,134189,134192,3,31
134158,134189,134192,3,31
134158,134189,134191,2,31
134158,134189,134192,3,31
134158,134189,134192,3,31
134158,134189,134192,3,31
134158,134188,134192,4,30
134158,134189,134192,3,31
134158,134189,134192,3,31
134158,134189,134192,3,31
134158,134189,134192,3,31
134158,134189,134192,3,31
134158,134190,134193,3,32
134158,134190,134192,2,32
134158,134190,134192,2,32
134158,134190,134192,2,32
134158,134190,134193,3,32
134158,134189,134193,4,31
134158,134189,134193,4,31
134158,134189,134193,4,31
134159,134190,134193,3,31
134159,134190,134193,3,31
134158,134189,134193,4,31
134158,134190,134193,3,32
134159,134190,134193,3,31
134158,134189,134193,4,31
134158,134189,134193,4,31
134158,134189,134193,4,31
134159,134191,134193,2,32
134159,134191,134194,3,32
134159,134191,134194,3,32
134159,134191,134194,3,32
134159,134190,134194,4,31
134159,134190,134194,4,31
134159,134190,134194,4,31
134159,134191,134194,3,32
133251,133251,134195,944,0
134159,134190,134194,4,31
134159,134192,134194,2,33
134159,134190,134194,4,31
134159,134190,134194,4,31
134159,134192,134194,2,33
134159,134191,134194,3,32
134159,134191,134194,3,32
134159,134191,134195,4,32
134159,134191,134195,4,32
134159,134191,134194,3,32
134159,134191,134195,4,32
134159,134192,134195,3,33
134159,134192,134195,3,33
134159,134191,134195,4,32
134159,134191,134195,4,32
134159,134193,134195,2,34
134159,134193,134195,2,34
134159,134191,134195,4,32
134159,134193,134195,2,34
134159,134193,134195,2,34
134159,134191,134195,4,32
134159,134193,134196,3,34
134159,134192,134196,4,33
134159,134192,134196,4,33
134159,134192,134196,4,33
134159,134192,134196,4,33
134159,134192,134196,4,33
134159,134192,134196,4,33
134159,134192,134196,4,33
134159,134193,134196,3,34
134159,134194,134197,3,35
134159,134194,134196,2,35
134159,134191,134196,5,32
134159,134193,134196,3,34
134159,134193,134196,3,34
134159,134193,134196,3,34
134159,134194,134197,3,35
134159,134194,134197,3,35
134159,134193,134196,3,34
134159,134193,134197,4,34
134159,134193,134197,4,34
134159,134195,134197,2,36
134159,134194,134197,3,35
134159,134194,134197,3,35
134159,134194,134197,3,35
134159,134193,134197,4,34
134159,134193,134197,4,34
134159,134195,134198,3,36
134159,134196,134198,2,37
134159,134194,134197,3,35
134159,134195,134198,3,36
134159,134196,134197,1,37
134159,134196,134198,2,37
134159,134193,134197,4,34
134159,134194,134197,3,35
134159,134195,134198,3,36
134159,134196,134198,2,37
134159,134195,134198,3,36
134159,134195,134198,3,36
134159,134195,134198,3,36
134159,134195,134198,3,36
134159,134195,134198,3,36
134159,134196,134198,2,37
134159,134195,134199,4,36
134159,134195,134199,4,36
134159,134194,134198,4,35
134159,134195,134199,4,36
134159,134195,134198,3,36
134159,134196,134198,2,37
134159,134196,134199,3,37
134159,134196,134199,3,37
134159,134195,134199,4,36
134159,134196,134199,3,37
134159,134194,134198,4,35
134159,134195,134199,4,36
134159,134195,134198,3,36
134159,134195,134199,4,36
134159,134196,134199,3,37
134159,134196,134199,3,37
134159,134196,134199,3,37
134159,134197,134199,2,38
134159,134197,134199,2,38
134159,134197,134200,3,38
134159,134197,134199,2,38
134159,134196,134199,3,37
134159,134197,134199,2,38
134159,134197,134199,2,38
134159,134198,134200,2,39
134159,134197,134200,3,38
134159,134197,134200,3,38
134159,134196,134199,3,37
134159,134197,134200,3,38
134159,134196,134200,4,37
134159,134197,134200,3,38
134159,134197,134200,3,38
134159,134197,134200,3,38
134159,134198,134201,3,39
134159,134198,134201,3,39
134159,134198,134200,2,39
134159,134198,134201,3,39
134159,134197,134200,3,38
134159,134198,134201,3,39
134159,134198,134201,3,39
134159,134198,134200,2,39
134159,134198,134201,3,39
134159,134198,134201,3,39
134159,134198,134200,2,39
134159,134197,134200,3,38
134159,134198,134200,2,39
134159,134198,134201,3,39
134159,134200,134201,1,41
134159,134198,134201,3,39
134159,134198,134201,3,39
134159,134198,134201,3,39
134159,134198,134202,4,39
134159,134200,134201,1,41
134159,134199,134202,3,40
134159,134200,134201,1,41
134159,134199,134202,3,40
134159,134200,134201,1,41
134159,134200,134202,2,41
134159,134198,134201,3,39
134159,134199,134202,3,40
134159,134199,134202,3,40
134159,134199,134202,3,40
134159,134199,134203,4,40
134159,134200,134202,2,41
134159,134199,134203,4,40
134159,134200,134203,3,41
134159,134199,134203,4,40
134159,134199,134203,4,40
134159,134200,134203,3,41
134159,134199,134203,4,40
134159,134199,134202,3,40
134159,134199,134203,4,40
134159,134199,134202,3,40
134159,134199,134203,4,40
134159,134199,134203,4,40
134159,134200,134203,3,41
134159,134200,134203,3,41
134159,134200,134203,3,41
134159,134200,134203,3,41
134159,134201,134203,2,42
134159,134199,134203,4,40
134159,134200,134203,3,41
134159,134201,134203,2,42
134159,134199,134203,4,40
134159,134201,134203,2,42
134159,134200,134203,3,41
134159,134201,134203,2,42
134159,134200,134204,4,41
134159,134200,134204,4,41
134159,134201,134204,3,42
134159,134201,134203,2,42
134159,134201,134203,2,42
134159,134201,134204,3,42
134159,134201,134204,3,42
134159,134201,134204,3,42
134159,134202,134205,3,43
134159,134201,134204,3,42
134159,134203,134205,2,44
134159,134202,134205,3,43
134159,134203,134205,2,44
134159,134202,134205,3,43
134159,134202,134205,3,43
134159,134201,134205,4,42
134159,134201,134205,4,42
134159,134201,134205,4,42
134159,134201,134204,3,42
134159,134203,134205,2,44
134159,134202,134205,3,43
134159,134203,134205,2,44
134159,134203,134205,2,44
134159,134201,134205,4,42
134159,134203,134205,2,44
134159,134203,134206,3,44
134159,134203,134205,2,44
134159,134204,134206,2,45
134159,134204,134206,2,45
134159,134202,134206,4,43
134159,134204,134206,2,45
134159,134202,134205,3,43
134159,134202,134206,4,43
134159,134201,134206,5,42
134159,134203,134205,2,44
134159,134203,134206,3,44
134159,134203,134206,3,44
134159,134203,134205,2,44
134159,134201,134205,4,42
134159,134202,134206,4,43
134159,134202,134206,4,43
134159,134203,134206,3,44
134159,134203,134206,3,44
134159,134203,134206,3,44
134159,134204,134206,2,45
134159,134204,134206,2,45
134159,134204,134206,2,45
134159,134204,134207,3,45
134159,134202,134206,4,43
134159,134204,134207,3,45
134159,134205,134207,2,46
134159,134204,134206,2,45
134159,134205,134207,2,46
134159,134205,134207,2,46
134159,134204,134207,3,45
134159,134203,134207,4,44
134159,134204,134207,3,45
134159,134204,134207,3,45
134159,134203,134207,4,44
134159,134204,134207,3,45
134159,134204,134207,3,45
134159,134204,134207,3,45
134159,134205,134207,2,46
134159,134202,134207,5,43
134159,134203,134207,4,44
134159,134205,134207,2,46
134159,134205,134207,2,46
134159,134205,134207,2,46
134159,134205,134208,3,46
134159,134205,134208,3,46
134159,134205,134208,3,46
134159,134205,134208,3,46
134159,134205,134208,3,46
134159,134204,134208,4,45
134159,134205,134208,3,46
134159,134205,134208,3,46
134159,134206,134208,2,47
134159,134206,134208,2,47
134159,134205,134208,3,46
134159,134207,134208,1,48
134159,134206,134209,3,47
134159,134206,134209,3,47
134159,134207,134208,1,48
134159,134207,134209,2,48
134159,134207,134209,2,48
134159,134207,134209,2,48
134159,134206,134209,3,47
134159,134207,134209,2,48
134159,134207,134209,2,48
134159,134207,134209,2,48
134159,134206,134209,3,47
134159,134208,134209,1,49
134159,134207,134209,2,48
134159,134206,134209,3,47
134159,134207,134210,3,48
134159,134208,134209,1,49
134159,134208,134209,1,49
134159,134207,134209,2,48
134159,134207,134210,3,48
134159,134208,134210,2,49
134159,134208,134210,2,49
134159,134207,134210,3,48
134159,134207,134209,2,48
134159,134206,134210,4,47
134159,134206,134209,3,47
134159,134206,134209,3,47
134159,134206,134209,3,47
134159,134206,134210,4,47
134159,134206,134210,4,47
134159,134206,134210,4,47
134159,134207,134210,3,48
134159,134206,134210,4,47
134159,134206,134210,4,47
134159,134207,134210,3,48
134159,134209,134211,2,50
134159,134209,134211,2,50
133246,133247,134210,963,1
134159,134207,134210,3,48
134159,134207,134210,3,48
134159,134208,134210,2,49
134159,134208,134210,2,49
134159,134207,134210,3,48
134159,134208,134211,3,49
134159,134208,134211,3,49
134159,134209,134211,2,50
134159,134207,134211,4,48
134159,134210,134212,2,51
134159,134208,134211,3,49
134159,134209,134211,2,50
134159,134209,134212,3,50
134159,134209,134212,3,50
134159,134208,134211,3,49
134159,134209,134211,2,50
134159,134209,134212,3,50
134159,134209,134212,3,50
134159,134209,134212,3,50
134159,134210,134212,2,51
134159,134210,134212,2,51
134159,134210,134212,2,51
134159,134210,134212,2,51
134159,134210,134213,3,51
134159,134210,134212,2,51
134159,134210,134212,2,51
134159,134210,134212,2,51
134159,134209,134212,3,50
134159,134210,134213,3,51
134159,134210,134213,3,51
134159,134209,134213,4,50
134159,134209,134213,4,50
134159,134209,134212,3,50
134159,134209,134213,4,50
134159,134210,134213,3,51
134159,134210,134213,3,51
134159,134210,134213,3,51
134159,134210,134213,3,51
134159,134209,134213,4,50
134159,134209,134213,4,50
134159,134209,134213,4,50
134159,134211,134214,3,52
134159,134209,134213,4,50
134159,134212,134214,2,53
134159,134210,134213,3,51
134159,134210,134213,3,51
134159,134212,134213,1,53
134159,134210,134214,4,51
134159,134211,134213,2,52
134159,134211,134213,2,52
134159,134211,134214,3,52
134159,134212,134214,2,53
134159,134212,134214,2,53
134159,134211,134214,3,52
134159,134210,134214,4,51
134159,134210,134214,4,51
134159,134211,134214,3,52
134159,134212,134214,2,53
134159,134210,134214,4,51
134159,134210,134214,4,51
134159,134211,134214,3,52
134159,134212,134215,3,53
134159,134212,134214,2,53
134159,134211,134214,3,52
134159,134213,134215,2,54
134159,134213,134215,2,54
134159,134213,134215,2,54
134159,134211,134214,3,52
134159,134211,134214,3,52
134159,134211,134214,3,52
134159,134211,134214,3,52
134159,134212,134214,2,53
134159,134212,134214,2,53
134159,134212,134215,3,53
134159,134212,134215,3,53
134159,134211,134214,3,52
134159,134211,134214,3,52
134159,134212,134215,3,53
134159,134212,134215,3,53
134159,134213,134215,2,54
134159,134213,134215,2,54
134159,134213,134216,3,54
134159,134213,134216,3,54
134160,134213,134216,3,53
134160,134213,134216,3,53
134160,134214,134216,2,54
134160,134214,134216,2,54
134160,134214,134216,2,54
134160,134215,134217,2,55
134160,134215,134217,2,55
134160,134215,134217,2,55
134160,134214,134217,3,54
134160,134213,134216,3,53
134160,134213,134216,3,53
134160,134213,134216,3,53
134160,134214,134216,2,54
134160,134213,134217,4,53
134160,134213,134217,4,53
134160,134214,134217,3,54
134160,134213,134216,3,53
134160,134214,134217,3,54
134160,134214,134217,3,54
134160,134214,134217,3,54
134160,134214,134217,3,54
134160,134214,134217,3,54
134160,134214,134217,3,54
134160,134214,134217,3,54
134160,134213,134217,4,53
134160,134213,134217,4,53
134160,134215,134217,2,55
134160,134215,134217,2,55
134160,134214,134218,4,54
134160,134215,134217,2,55
134160,134215,134217,2,55
134160,134215,134217,2,55
134160,134213,134218,5,53
134160,134215,134218,3,55
134160,134215,134217,2,55
134160,134215,134218,3,55
134160,134214,134217,3,54
134160,134215,134218,3,55
134160,134213,134218,5,53
134160,134215,134219,4,55
134160,134216,134218,2,56
134160,134214,134218,4,54
134160,134215,134218,3,55
134160,134215,134219,4,55
134160,134215,134218,3,55
134160,134214,134219,5,54
134160,134215,134219,4,55
134160,134216,134219,3,56
134160,134215,134219,4,55
134160,134216,134219,3,56
134160,134215,134219,4,55
134160,134218,134219,1,58
134160,134215,134219,4,55
134160,134215,134219,4,55
134160,134215,134219,4,55
134160,134216,134220,4,56
134160,134217,134220,3,57
134160,134217,134220,3,57
134160,134216,134220,4,56
134160,134216,134219,3,56
134160,134216,134219,3,56
134160,134217,134220,3,57
134160,134217,134220,3,57
134160,134217,134220,3,57
134160,134217,134220,3,57
134160,134217,134220,3,57
134160,134216,134220,4,56
134160,134216,134220,4,56
134160,134217,134220,3,57
134160,134217,134220,3,57
134160,134217,134220,3,57
134160,134217,134220,3,57
134160,134218,134220,2,58
134160,134218,134221,3,58
134160,134216,134220,4,56
134160,134218,134220,2,58
134160,134218,134220,2,58
134160,134218,134220,2,58
134160,134218,134220,2,58
134160,134218,134221,3,58
134160,134218,134220,2,58
134160,134217,134220,3,57
134160,134218,134221,3,58
134160,134216,134221,5,56
134160,134218,134221,3,58
134160,134218,134221,3,58
134160,134217,134221,4,57
134160,134218,134221,3,58
134160,134218,134221,3,58
134160,134219,134221,2,59
134160,134220,134222,2,60
134160,134218,134221,3,58
134160,134219,134221,2,59
134160,134217,134221,4,57
134160,134219,134221,2,59
134160,134217,134222,5,57
134160,134219,134223,4,59
134160,134220,134222,2,60
134160,134218,134222,4,58
134160,134219,134222,3,59
134160,134217,134222,5,57
134160,134220,134222,2,60
134160,134219,134222,3,59
134160,134220,134223,3,60
134160,134219,134222,3,59
134160,134219,134222,3,59
134160,134220,134222,2,60
134160,134219,134223,4,59
134160,134219,134223,4,59
134160,134219,134222,3,59
134160,134220,134222,2,60
134160,134220,134223,3,60
134160,134220,134223,3,60
134160,134220,134223,3,60
134160,134220,134223,3,60
134160,134220,134223,3,60
134160,134220,134223,3,60
134160,134220,134223,3,60
134160,134220,134223,3,60
134160,134220,134223,3,60
134160,134221,134224,3,61
134160,134222,134224,2,62
134160,134221,134224,3,61
134160,134223,134224,1,63
134160,134223,134224,1,63
133264,133264,134224,960,0
134160,134220,134224,4,60
134160,134223,134225,2,63
134160,134221,134224,3,61
134160,134221,134224,3,61
134160,134221,134225,4,61
134160,134222,134225,3,62
134160,134221,134224,3,61
134160,134221,134224,3,61
134160,134221,134225,4,61
134160,134221,134225,4,61
134160,134222,134225,3,62
134160,134222,134224,2,62
134160,134222,134224,2,62
134160,134221,134225,4,61
134160,134221,134225,4,61
134160,134221,134225,4,61
134160,134222,134225,3,62
134160,134221,134225,4,61
134160,134222,134225,3,62
134160,134223,134225,2,63
134160,134221,134225,4,61
134160,134222,134225,3,62
134160,134223,134226,3,63
134160,134223,134226,3,63
134160,134221,134226,5,61
134160,134223,134226,3,63
134160,134221,134226,5,61
134160,134223,134226,3,63
134160,134223,134226,3,63
134160,134223,134226,3,63
134160,134223,134226,3,63
134160,134222,134226,4,62
134160,134222,134227,5,62
134160,134223,134227,4,63
134160,134223,134226,3,63
134160,134223,134226,3,63
134160,134221,134226,5,61
134160,134223,134227,4,63
134160,134224,134227,3,64
134160,134224,134227,3,64
134160,134225,134228,3,65
134160,134223,134228,5,63
134160,134225,134228,3,65
134160,134222,134227,5,62
134160,134224,134228,4,64
134160,134225,134228,3,65
134160,134225,134228,3,65
134160,134223,134228,5,63
134160,134223,134228,5,63
134160,134225,134228,3,65
134160,134223,134228,5,63
134160,134225,134228,3,65
134160,134225,134228,3,65
134160,134225,134228,3,65
134160,134226,134228,2,66
134160,134225,134229,4,65
134160,134225,134228,3,65
134160,134225,134228,3,65
134160,134225,134228,3,65
134160,134225,134228,3,65
134160,134224,134228,4,64
134160,134225,134229,4,65
134160,134225,134228,3,65
134160,134225,134229,4,65
134160,134225,134229,4,65
134160,134225,134228,3,65
134160,134226,134228,2,66
134160,134226,134229,3,66
134160,134226,134229,3,66
134160,134226,134229,3,66
134160,134226,134229,3,66
134160,134226,134230,4,66
134160,134227,134230,3,67
134160,134226,134229,3,66
134160,134226,134229,3,66
134160,134227,134230,3,67
134160,134227,134230,3,67
134160,134226,134230,4,66
134160,134226,134230,4,66
134160,134226,134230,4,66
134160,134225,134230,5,65
134160,134226,134230,4,66
134160,134227,134230,3,67
134160,134227,134230,3,67
134160,134227,134230,3,67
134160,134226,134230,4,66
134160,134228,134230,2,68
134160,134228,134231,3,68
134160,134227,134230,3,67
134160,134228,134230,2,68
134160,134227,134230,3,67
134160,134228,134231,3,68
134160,134227,134231,4,67
134160,134227,134231,4,67
134160,134227,134231,4,67
133232,133232,134231,999,0
134160,134229,134231,2,69
134160,134228,134232,4,68
134160,134228,134231,3,68
134160,134228,134231,3,68
134160,134228,134231,3,68
134160,134228,134231,3,68
134160,134228,134232,4,68
134160,134228,134232,4,68
134160,134228,134232,4,68
134160,134228,134232,4,68
134160,134228,134232,4,68
134160,134228,134232,4,68
134160,134228,134232,4,68
133238,133238,134232,994,0
134160,134229,134232,3,69
134160,134229,134232,3,69
133279,133280,134234,954,1
134160,134221,134225,4,61
134160,134221,134225,4,61
134160,134222,134227,5,62
134160,134240,134243,3,80
134160,134240,134245,5,80
134267,134267,134270,3,0
134267,134267,134270,3,0
134267,134267,134270,3,0
134267,134267,134270,3,0
134267,134267,134270,3,0
134267,134268,134270,2,1
134267,134267,134270,3,0
134267,134267,134270,3,0
134267,134267,134270,3,0
134267,134267,134271,4,0
134267,134267,134271,4,0
134267,134268,134271,3,1
134267,134267,134271,4,0
134267,134267,134271,4,0
134267,134267,134271,4,0
134267,134267,134272,5,0
134267,134267,134271,4,0
134267,134267,134271,4,0
134267,134267,134271,4,0
134267,134268,134271,3,1
134267,134268,134271,3,1
134267,134267,134271,4,0
134267,134267,134271,4,0
134267,134267,134271,4,0
134267,134267,134272,5,0
134267,134267,134271,4,0
134267,134268,134271,3,1
134267,134267,134271,4,0
134267,134267,134272,5,0
134267,134267,134271,4,0
134267,134268,134271,3,1
134267,134268,134271,3,1
134267,134268,134271,3,1
134267,134268,134272,4,1
134267,134268,134271,3,1
134267,134267,134271,4,0
134267,134268,134271,3,1
134267,134267,134272,5,0
134267,134268,134272,4,1
134267,134268,134272,4,1
134267,134268,134272,4,1
134267,134267,134272,5,0
134267,134268,134272,4,1
134267,134268,134273,5,1
134267,134268,134272,4,1
134267,134268,134272,4,1
134267,134268,134272,4,1
134267,134268,134272,4,1
134267,134268,134272,4,1
134267,134268,134272,4,1
134267,134267,134272,5,0
134267,134268,134272,4,1
134267,134268,134272,4,1
134267,134268,134272,4,1
134267,134268,134272,4,1
134267,134268,134272,4,1
134267,134271,134273,2,4
134267,134271,134274,3,4
134267,134268,134273,5,1
134267,134271,134274,3,4
134267,134271,134274,3,4
134267,134272,134273,1,5
134267,134272,134273,1,5
134267,134272,134273,1,5
134267,134272,134273,1,5
134267,134272,134273,1,5
134267,134271,134274,3,4
134267,134272,134273,1,5
134267,134271,134274,3,4
134267,134271,134274,3,4
134267,134272,134275,3,5
134267,134272,134275,3,5
134267,134272,134275,3,5
134267,134271,134274,3,4
134267,134272,134274,2,5
134267,134272,134274,2,5
134267,134272,134275,3,5
134267,134272,134275,3,5
134267,134272,134274,2,5
134267,134272,134274,2,5
134267,134271,134274,3,4
134267,134272,134274,2,5
134267,134272,134274,2,5
134267,134272,134275,3,5
134267,134272,134276,4,5
134267,134272,134275,3,5
134267,134273,134276,3,6
134267,134272,134275,3,5
134267,134273,134276,3,6
134267,134273,134275,2,6
134267,134273,134276,3,6
134267,134273,134276,3,6
134267,134272,134275,3,5
134267,134272,134275,3,5
134267,134272,134276,4,5
134267,134272,134275,3,5
134267,134273,134276,3,6
134267,134273,134276,3,6
134267,134273,134276,3,6
134267,134273,134276,3,6
134267,134272,134276,4,5
134267,134272,134275,3,5
134267,134273,134276,3,6
134267,134273,134275,2,6
134267,134273,134276,3,6
134267,134272,134276,4,5
134267,134273,134276,3,6
134267,134273,134276,3,6
134267,134274,134276,2,7
134267,134276,134277,1,9
134267,134274,134277,3,7
134267,134274,134277,3,7
134267,134274,134276,2,7
134267,134273,134277,4,6
134267,134273,134277,4,6
134267,134273,134277,4,6
134267,134273,134276,3,6
134267,134274,134277,3,7
134267,134274,134277,3,7
134267,134273,134277,4,6
134267,134275,134277,2,8
134267,134276,134277,1,9
134267,134276,134277,1,9
134267,134276,134277,1,9
134267,134276,134277,1,9
134267,134275,134277,2,8
134267,134275,134278,3,8
134267,134275,134278,3,8
134267,134275,134278,3,8
134267,134274,134277,3,7
134267,134274,134277,3,7
134267,134276,134277,1,9
134267,134275,134278,3,8
134267,134275,134278,3,8
134267,134274,134277,3,7
134267,134274,134278,4,7
134267,134274,134277,3,7
134267,134274,134278,4,7
134267,134275,134279,4,8
134267,134275,134278,3,8
134267,134275,134278,3,8
134267,134275,134278,3,8
134267,134275,134278,3,8
134267,134275,134278,3,8
134267,134275,134279,4,8
134267,134275,134279,4,8
134267,134276,134278,2,9
134267,134275,134278,3,8
134267,134276,134279,3,9
134267,134276,134279,3,9
134267,134276,134279,3,9
134267,134276,134279,3,9
134267,134276,134278,2,9
134267,134277,134279,2,10
134267,134277,134279,2,10
134267,134277,134280,3,10
134267,134277,134280,3,10
134267,134277,134279,2,10
134267,134276,134279,3,9
134267,134276,134279,3,9
134267,134276,134279,3,9
134267,134276,134279,3,9
134267,134276,134280,4,9
134267,134276,134279,3,9
134267,134276,134280,4,9
134267,134278,134280,2,11
134267,134278,134280,2,11
134267,134278,134280,2,11
134267,134279,134281,2,12
134267,134279,134281,2,12
134267,134277,134280,3,10
134267,134279,134281,2,12
134267,134278,134280,2,11
134267,134279,134281,2,12
134267,134277,134281,4,10
134267,134277,134280,3,10
134267,134277,134280,3,10
134267,134277,134280,3,10
134267,134277,134281,4,10
134267,134278,134281,3,11
134267,134278,134281,3,11
134267,134278,134281,3,11
134267,134276,134281,5,9
134267,134276,134280,4,9
134267,134278,134280,2,11
134267,134277,134281,4,10
134267,134277,134281,4,10
134267,134277,134281,4,10
134267,134279,134281,2,12
134267,134277,134281,4,10
134267,134278,134281,3,11
134267,134278,134281,3,11
134267,134279,134281,2,12
134267,134278,134281,3,11
134267,134279,134282,3,12
134267,134278,134281,3,11
134267,134278,134281,3,11
134267,134280,134282,2,13
134267,134278,134282,4,11
134267,134279,134282,3,12
134267,134278,134282,4,11
134267,134278,134282,4,11
134267,134278,134282,4,11
134267,134277,134281,4,10
134267,134279,134282,3,12
134267,134279,134282,3,12
134267,134279,134282,3,12
134267,134279,134282,3,12
134267,134281,134282,1,14
134267,134281,134282,1,14
134267,134279,134282,3,12
134267,134280,134283,3,13
134267,134280,134283,3,13
134267,134280,134283,3,13
134267,134281,134283,2,14
134267,134281,134283,2,14
134267,134281,134283,2,14
134267,134279,134282,3,12
134267,134281,134283,2,14
134267,134281,134283,2,14
134267,134280,134283,3,13
134267,134280,134283,3,13
134267,134280,134283,3,13
134267,134280,134283,3,13
134267,134280,134283,3,13
134267,134280,134283,3,13
134267,134280,134283,3,13
134267,134279,134283,4,12
134267,134283,134284,1,16
134267,134283,134284,1,16
134267,134280,134283,3,13
134267,134281,134284,3,14
134267,134281,134284,3,14
134267,134281,134284,3,14
134267,134280,134284,4,13
134267,134282,134284,2,15
134267,134282,134284,2,15
134267,134282,134284,2,15
134267,134282,134284,2,15
134267,134283,134284,1,16
134267,134283,134284,1,16
134267,134283,134284,1,16
134267,134283,134284,1,16
134267,134283,134284,1,16
134267,134283,134284,1,16
134267,134282,134285,3,15
134267,134283,134285,2,16
134267,134282,134285,3,15
134267,134283,134285,2,16
134267,134283,134285,2,16
134267,134282,134285,3,15
134267,134282,134286,4,15
134267,134284,134286,2,17
134267,134282,134285,3,15
134267,134282,134285,3,15
134267,134282,134285,3,15
134267,134282,134285,3,15
134267,134284,134285,1,17
134267,134282,134285,3,15
134267,134282,134285,3,15
134267,134282,134285,3,15
134267,134282,134285,3,15
134267,134284,134286,2,17
134267,134282,134285,3,15
134267,134282,134285,3,15
134267,134282,134285,3,15
134267,134282,134285,3,15
134267,134282,134286,4,15
134267,134282,134286,4,15
134267,134282,134286,4,15
134267,134283,134286,3,16
134267,134282,134286,4,15
134267,134283,134286,3,16
134267,134283,134286,3,16
134267,134282,134286,4,15
134267,134284,134286,2,17
134267,134282,134286,4,15
134267,134284,134286,2,17
134267,134284,134286,2,17
134267,134284,134287,3,17
134267,134284,134286,2,17
134267,134284,134287,3,17
134267,134282,134287,5,15
134267,134283,134287,4,16
134267,134283,134287,4,16
134267,134285,134288,3,18
134267,134285,134287,2,18
134267,134285,134287,2,18
134267,134285,134288,3,18
134267,134285,134288,3,18
134267,134284,134288,4,17
134267,134285,134288,3,18
134267,134285,134288,3,18
134267,134283,134288,5,16
134267,134284,134288,4,17
134267,134286,134288,2,19
134267,134285,134288,3,18
134267,134285,134288,3,18
134267,134285,134288,3,18
134267,134285,134288,3,18
134267,134285,134288,3,18
134267,134286,134289,3,19
134267,134286,134289,3,19
134267,134286,134288,2,19
134267,134285,134288,3,18
134267,134285,134288,3,18
134267,134285,134289,4,18
134267,134286,134289,3,19
134267,134286,134288,2,19
134267,134285,134288,3,18
134267,134286,134289,3,19
134267,134287,134289,2,20
134267,134285,134289,4,18
134267,134285,134289,4,18
134267,134285,134289,4,18
134267,134287,134289,2,20
134267,134286,134289,3,19
134267,134287,134289,2,20
134267,134287,134289,2,20
134267,134287,134290,3,20
134267,134288,134289,1,21
134267,134288,134289,1,21
134267,134286,134289,3,19
134267,134286,134289,3,19
134267,134286,134289,3,19
134267,134286,134289,3,19
134267,134286,134290,4,19
134267,134287,134290,3,20
134267,134286,134289,3,19
134267,134286,134289,3,19
134267,134286,134289,3,19
134267,134287,134290,3,20
134267,134286,134289,3,19
134267,134286,134289,3,19
134267,134286,134290,4,19
134267,134287,134289,2,20
134267,134286,134290,4,19
134267,134287,134291,4,20
134267,134286,134290,4,19
134267,134288,134290,2,21
134267,134287,134290,3,20
134267,134287,134290,3,20
134267,134287,134290,3,20
134267,134288,134291,3,21
134267,134288,134290,2,21
134267,134287,134291,4,20
134267,134288,134290,2,21
134267,134288,134291,3,21
134267,134288,134291,3,21
134267,134288,134291,3,21
134267,134288,134291,3,21
134267,134287,134291,4,20
134267,134289,134291,2,22
134267,134289,134291,2,22
134267,134289,134291,2,22
134267,134289,134291,2,22
134267,134289,134291,2,22
134268,134290,134292,2,22
134268,134290,134292,2,22
134267,134289,134291,2,22
134268,134289,134292,3,21
134268,134290,134291,1,22
134268,134290,134291,1,22
134267,134288,134291,3,21
134268,134290,134291,1,22
134268,134290,134291,1,22
134268,134290,134291,1,22
134268,134289,134292,3,21
134268,134290,134292,2,22
134268,134290,134293,3,22
134267,134289,134292,3,22
134268,134289,134293,4,21
134268,134289,134292,3,21
134268,134289,134293,4,21
134268,134289,134293,4,21
134268,134289,134293,4,21
134268,134289,134293,4,21
134268,134289,134293,4,21
134268,134290,134293,3,22
134268,134289,134293,4,21
134268,134289,134292,3,21
134268,134289,134292,3,21
134268,134291,134293,2,23
134268,134291,134293,2,23
134268,134290,134293,3,22
134268,134290,134293,3,22
134268,134290,134293,3,22
134268,134290,134293,3,22
134268,134290,134293,3,22
134268,134290,134294,4,22
134268,134290,134293,3,22
134268,134290,134293,3,22
134268,134291,134293,2,23
134268,134290,134293,3,22
134268,134291,134294,3,23
134268,134290,134294,4,22
134268,134290,134294,4,22
134268,134290,134294,4,22
134268,134291,134294,3,23
134268,134290,134294,4,22
134268,134291,134294,3,23
134268,134291,134294,3,23
134268,134291,134294,3,23
134268,134292,134295,3,24
134268,134290,134294,4,22
134268,134292,134295,3,24
134268,134291,134294,3,23
134268,134291,134294,3,23
134268,134291,134294,3,23
134268,134292,134295,3,24
134268,134292,134295,3,24
134268,134292,134295,3,24
134268,134291,134295,4,23
134268,134291,134295,4,23
134268,134291,134295,4,23
134268,134292,134295,3,24
134268,134290,134295,5,22
134268,134292,134295,3,24
134268,134292,134296,4,24
134268,134292,134295,3,24
134268,134292,134296,4,24
134268,134292,134295,3,24
134268,134292,134296,4,24
134268,134293,134296,3,25
134268,134293,134296,3,25
134268,134292,134296,4,24
134268,134292,134296,4,24
134268,134292,134296,4,24
134268,134292,134296,4,24
134268,134293,134296,3,25
134268,134293,134296,3,25
134268,134293,134296,3,25
134268,134292,134296,4,24
134268,134293,134297,4,25
134268,134294,134296,2,26
134268,134295,134296,1,27
134268,134293,134297,4,25
134268,134294,134297,3,26
134268,134294,134297,3,26
134268,134294,134297,3,26
134268,134293,134297,4,25
134268,134294,134296,2,26
134268,134295,134297,2,27
134268,134292,134296,4,24
134268,134293,134297,4,25
134268,134294,134297,3,26
134268,134293,134297,4,25
134268,134295,134298,3,27
134268,134294,134297,3,26
134268,134294,134297,3,26
134268,134293,134297,4,25
134268,134293,134297,4,25
134268,134294,134297,3,26
134268,134294,134297,3,26
134268,134295,134297,2,27
134268,134295,134297,2,27
134268,134294,134297,3,26
134268,134295,134298,3,27
134268,134295,134298,3,27
134268,134294,134298,4,26
134268,134295,134298,3,27
134268,134295,134297,2,27
134268,134295,134298,3,27
134268,134295,134298,3,27
134268,134295,134298,3,27
134268,134295,134298,3,27
134268,134293,134298,5,25
134268,134294,134298,4,26
134268,134295,134298,3,27
134268,134295,134298,3,27
134268,134294,134298,4,26
134268,134296,134299,3,28
134268,134295,134298,3,27
134268,134296,134298,2,28
134268,134294,134298,4,26
134268,134296,134299,3,28
134268,134296,134298,2,28
134268,134296,134299,3,28
134268,134295,134299,4,27
134268,134296,134299,3,28
134268,134296,134299,3,28
134268,134298,134299,1,30
134268,134298,134299,1,30
134268,134297,134300,3,29
134268,134296,134299,3,28
134268,134297,134300,3,29
134268,134297,134300,3,29
134268,134298,134300,2,30
134268,134298,134300,2,30
134268,134298,134300,2,30
134268,134297,134301,4,29
134268,134298,134300,2,30
134268,134296,134300,4,28
134268,134296,134300,4,28
134268,134296,134300,4,28
134268,134296,134300,4,28
134268,134297,134300,3,29
134268,134297,134300,3,29
134268,134297,134300,3,29
134268,134298,134301,3,30
134268,134297,134300,3,29
134268,134297,134300,3,29
134268,134298,134300,2,30
134268,134297,134300,3,29
134268,134298,134301,3,30
134268,134298,134300,2,30
134268,134297,134301,4,29
134268,134299,134301,2,31
134268,134297,134300,3,29
134268,134298,134300,2,30
134268,134298,134301,3,30
134268,134297,134301,4,29
134268,134297,134301,4,29
134268,134297,134302,5,29
134268,134297,134301,4,29
134268,134297,134301,4,29
134268,134297,134301,4,29
134268,134298,134302,4,30
134268,134300,134302,2,32
134268,134298,134301,3,30
134268,134299,134302,3,31
134268,134298,134301,3,30
134268,134299,134301,2,31
134268,134298,134302,4,30
134268,134299,134302,3,31
134268,134300,134302,2,32
134268,134300,134302,2,32
134268,134298,134301,3,30
134268,134299,134302,3,31
134268,134299,134301,2,31
134268,134298,134302,4,30
134268,134299,134303,4,31
134268,134299,134302,3,31
134268,134299,134302,3,31
134268,134300,134302,2,32
134268,134298,134302,4,30
134268,134299,134302,3,31
134268,134299,134302,3,31
134268,134299,134302,3,31
134268,134299,134303,4,31
134268,134299,134303,4,31
134268,134300,134303,3,32
134268,134299,134303,4,31
134268,134300,134303,3,32
134268,134300,134303,3,32
134268,134300,134303,3,32
134268,134301,134303,2,33
134268,134300,134303,3,32
134268,134301,134303,2,33
134268,134301,134303,2,33
134268,134301,134304,3,33
134268,134301,134304,3,33
134268,134301,134304,3,33
134268,134301,134304,3,33
134268,134301,134304,3,33
134268,134301,134304,3,33
134268,134302,134304,2,34
134268,134301,134303,2,33
134268,134301,134304,3,33
134268,134301,134304,3,33
134268,134300,134303,3,32
134268,134301,134304,3,33
134268,134300,134303,3,32
134268,134301,134304,3,33
134268,134303,134305,2,35
134268,134300,134304,4,32
134268,134301,134304,3,33
134268,134303,134305,2,35
134268,134302,134305,3,34
134268,134302,134304,2,34
134268,134301,134304,3,33
134268,134301,134305,4,33
134268,134302,134305,3,34
134268,134303,134305,2,35
134268,134302,134304,2,34
134268,134302,134304,2,34
134268,134302,134305,3,34
134268,134302,134304,2,34
134268,134302,134305,3,34
134268,134301,134305,4,33
134268,134301,134305,4,33
134268,134302,134305,3,34
134268,134302,134305,3,34
134268,134302,134305,3,34
134268,134301,134305,4,33
134268,134301,134305,4,33
134268,134301,134305,4,33
134268,134301,134305,4,33
134268,134302,134305,3,34
134268,134302,134305,3,34
134268,134302,134305,3,34
134268,134302,134305,3,34
134268,134303,134306,3,35
134268,134302,134305,3,34
134268,134303,134306,3,35
134268,134303,134305,2,35
134268,134303,134306,3,35
134268,134303,134305,2,35
134268,134303,134306,3,35
134268,134304,134306,2,36
134268,134305,134307,2,37
133261,133261,134306,1045,0
134268,134303,134306,3,35
134268,134303,134306,3,35
134268,134305,134307,2,37
134268,134304,134307,3,36
134268,134303,134306,3,35
134268,134303,134306,3,35
134268,134304,134307,3,36
134268,134304,134307,3,36
134268,134306,134307,1,38
134268,134306,134307,1,38
134268,134303,134307,4,35
134268,134305,134307,2,37
134268,134306,134308,2,38
134268,134306,134308,2,38
134268,134306,134308,2,38
134268,134304,134307,3,36
134268,134304,134307,3,36
134268,134304,134307,3,36
134268,134305,134308,3,37
134268,134305,134308,3,37
134268,134305,134308,3,37
134268,134304,134308,4,36
134268,134304,134308,4,36
134268,134305,134308,3,37
134268,134305,134307,2,37
134268,134304,134308,4,36
134268,134305,134307,2,37
134268,134304,134308,4,36
134268,134304,134308,4,36
134268,134305,134308,3,37
134268,134305,134308,3,37
134268,134304,134308,4,36
134268,134304,134308,4,36
134268,134304,134307,3,36
134268,134305,134308,3,37
134268,134304,134308,4,36
134268,134305,134308,3,37
134268,134305,134308,3,37
134268,134305,134308,3,37
134268,134306,134308,2,38
134268,134306,134308,2,38
134268,134305,134308,3,37
134268,134306,134309,3,38
134268,134306,134309,3,38
134268,134305,134308,3,37
134268,134305,134309,4,37
134268,134306,134309,3,38
134268,134305,134309,4,37
134268,134305,134309,4,37
134268,134306,134309,3,38
134268,134306,134309,3,38
134268,134308,134309,1,40
134268,134305,134309,4,37
134268,134308,134310,2,40
134268,134307,134310,3,39
134268,134307,134309,2,39
134268,134306,134310,4,38
134268,134306,134310,4,38
134268,134306,134309,3,38
134268,134307,134310,3,39
134268,134306,134310,4,38
134268,134307,134309,2,39
134268,134306,134310,4,38
134268,134306,134310,4,38
134268,134306,134310,4,38
134268,134307,134310,3,39
134268,134307,134310,3,39
134268,134308,134310,2,40
134268,134308,134310,2,40
134268,134307,134310,3,39
134268,134307,134310,3,39
134268,134307,134310,3,39
134268,134308,134311,3,40
134268,134308,134310,2,40
134268,134308,134311,3,40
134268,134308,134311,3,40
134268,134308,134310,2,40
134268,134308,134310,2,40
134268,134308,134311,3,40
134268,134308,134311,3,40
134268,134308,134311,3,40
134268,134308,134311,3,40
134268,134308,134311,3,40
134268,134308,134311,3,40
134268,134309,134312,3,41
134268,134309,134311,2,41
134268,134309,134311,2,41
134268,134309,134311,2,41
134268,134310,134311,1,42
134268,134309,134311,2,41
134268,134309,134311,2,41
134268,134308,134312,4,40
134268,134308,134311,3,40
134268,134309,134311,2,41
134268,134309,134312,3,41
134268,134310,134312,2,42
134268,134308,134312,4,40
134268,134308,134312,4,40
134268,134309,134312,3,41
134268,134309,134312,3,41
134268,134308,134312,4,40
134268,134308,134312,4,40
134268,134308,134312,4,40
134268,134308,134312,4,40
134268,134309,134312,3,41
134268,134309,134312,3,41
134268,134308,134312,4,40
134268,134309,134312,3,41
134268,134309,134312,3,41
134268,134310,134312,2,42
134268,134310,134313,3,42
134268,134310,134313,3,42
134268,134310,134313,3,42
134268,134310,134312,2,42
134268,134310,134313,3,42
134268,134310,134312,2,42
134268,134310,134313,3,42
134268,134311,134313,2,43
134268,134310,134313,3,42
134268,134311,134314,3,43
134268,134311,134314,3,43
134268,134310,134313,3,42
134268,134310,134313,3,42
134268,134312,134314,2,44
134268,134312,134314,2,44
134268,134311,134314,3,43
134268,134310,134314,4,42
134268,134311,134314,3,43
134268,134311,134314,3,43
134268,134311,134315,4,43
134268,134311,134314,3,43
134268,134310,134314,4,42
134268,134310,134314,4,42
134268,134313,134315,2,45
134268,134311,134314,3,43
134268,134311,134315,4,43
134268,134311,134314,3,43
134268,134311,134314,3,43
134268,134312,134315,3,44
134268,134311,134314,3,43
134268,134312,134314,2,44
134268,134312,134315,3,44
134268,134311,134315,4,43
134268,134311,134315,4,43
134268,134311,134315,4,43
134268,134311,134314,3,43
134268,134311,134315,4,43
134268,134312,134315,3,44
134268,134312,134315,3,44
134268,134313,134315,2,45
134268,134313,134315,2,45
134268,134313,134315,2,45
134268,134313,134315,2,45
134268,134313,134315,2,45
134268,134312,134316,4,44
134268,134312,134315,3,44
134268,134312,134315,3,44
134268,134312,134315,3,44
134268,134313,134316,3,45
134268,134313,134316,3,45
134268,134311,134315,4,43
134268,134313,134316,3,45
134268,134313,134316,3,45
134268,134314,134316,2,46
134268,134313,134316,3,45
134268,134312,134316,4,44
134268,134314,134317,3,46
134268,134313,134317,4,45
134268,134313,134316,3,45
134268,134313,134316,3,45
134268,134313,134317,4,45
134268,134313,134317,4,45
134268,134313,134317,4,45
134268,134313,134317,4,45
134268,134312,134316,4,44
134268,134312,134317,5,44
134268,134313,134317,4,45
134268,134315,134317,2,47
134268,134314,134317,3,46
134268,134314,134317,3,46
134268,134315,134317,2,47
134268,134315,134318,3,47
134268,134315,134318,3,47
134268,134314,134318,4,46
134268,134313,134317,4,45
134268,134314,134317,3,46
134268,134315,134318,3,47
134268,134313,134317,4,45
134268,134315,134318,3,47
134268,134315,134318,3,47
134268,134315,134318,3,47
134268,134314,134318,4,46
134268,134315,134317,2,47
134268,134315,134318,3,47
134268,134314,134318,4,46
134268,134314,134318,4,46
134306,134306,134318,12,0
134268,134315,134318,3,47
134268,134315,134318,3,47
134268,134315,134319,4,47
134268,134315,134318,3,47
134268,134315,134318,3,47
134268,134316,134319,3,48
134268,134316,134319,3,48
134268,134315,134319,4,47
134268,134316,134319,3,48
134268,134316,134318,2,48
134268,134316,134319,3,48
134268,134315,134319,4,47
134268,134315,134318,3,47
134268,134316,134319,3,48
134268,134315,134319,4,47
134268,134315,134318,3,47
134268,134315,134318,3,47
134268,134316,134319,3,48
134268,134316,134319,3,48
134268,134316,134319,3,48
134268,134315,134319,4,47
134268,134317,134320,3,49
134268,134317,134319,2,49
134268,134317,134320,3,49
134268,134316,134319,3,48
134268,134316,134319,3,48
134268,134317,134319,2,49
134268,134317,134320,3,49
134268,134316,134320,4,48
134268,134316,134320,4,48
134268,134317,134320,3,49
134268,134316,134320,4,48
134268,134317,134320,3,49
134268,134318,134320,2,50
134268,134318,134320,2,50
134268,134318,134321,3,50
134268,134317,134320,3,49
134268,134317,134320,3,49
134268,134317,134320,3,49
134268,134317,134320,3,49
134268,134317,134321,4,49
134268,134317,134321,4,49
134268,134317,134321,4,49
134303,134303,134322,19,0
134298,134299,134324,25,1
133244,133244,134327,1083,0
134303,134304,134327,23,1
134302,134302,134328,26,0
133254,133254,134328,1074,0
134304,134304,134329,25,0
134304,134304,134330,26,0
134299,134300,134331,31,1
134299,134299,134331,32,0
134300,134300,134331,31,0
134304,134304,134331,27,0
134314,134314,134332,18,0
134306,134306,134333,27,0
134301,134301,134333,32,0
134300,134300,134333,33,0
134307,134307,134334,27,0
134305,134305,134334,29,0
134301,134301,134334,33,0
134307,134307,134336,29,0
134307,134307,134336,29,0
134314,134314,134337,23,0
134304,134304,134336,32,0
134301,134302,134337,35,1
134303,134303,134337,34,0
134308,134308,134337,29,0
134307,134307,134337,30,0
133267,133267,134338,1071,0
134302,134302,134338,36,0
134305,134305,134339,34,0
134304,134304,134338,34,0
134303,134303,134338,35,0
134305,134305,134338,33,0
134301,134301,134338,37,0
134303,134303,134339,36,0
134304,134304,134339,35,0
134307,134307,134339,32,0
134310,134310,134340,30,0
134304,134304,134339,35,0
134302,134302,134339,37,0
134305,134305,134340,35,0
134302,134302,134340,38,0
134305,134305,134340,35,0
134308,134308,134340,32,0
133249,133249,134341,1092,0
134312,134312,134341,29,0
134306,134306,134341,35,0
134310,134310,134342,32,0
134310,134310,134342,32,0
133256,133256,134341,1085,0
134304,134304,134342,38,0
134305,134305,134342,37,0
134307,134307,134342,35,0
134306,134306,134343,37,0
134305,134305,134343,38,0
134306,134306,134343,37,0
134305,134305,134343,38,0
134307,134307,134343,36,0
134311,134311,134344,33,0
134306,134306,134344,38,0
134308,134308,134344,36,0
134306,134306,134344,38,0
134299,134299,134345,46,0
134306,134306,134345,39,0
134311,134311,134344,33,0
134309,134309,134345,36,0
134309,134309,134345,36,0
134299,134299,134345,46,0
134300,134300,134345,45,0
134301,134301,134345,44,0
134308,134308,134345,37,0
134300,134300,134345,45,0
134308,134308,134346,38,0
134309,134309,134346,37,0
134301,134301,134346,45,0
134300,134301,134347,46,1
134302,134302,134346,44,0
134299,134299,134346,47,0
134300,134300,134347,47,0
134301,134301,134346,45,0
134308,134308,134346,38,0
134310,134310,134347,37,0
134313,134313,134347,34,0
134299,134299,134347,48,0
134312,134312,134347,35,0
134311,134311,134346,35,0
134302,134302,134347,45,0
134307,134307,134347,40,0
134299,134299,134346,47,0
134299,134299,134347,48,0
134303,134303,134347,44,0
134302,134302,134348,46,0
134310,134310,134347,37,0
134308,134308,134347,39,0
134303,134303,134348,45,0
134309,134309,134347,38,0
134300,134300,134348,48,0
134313,134313,134348,35,0
134302,134303,134348,45,1
134309,134309,134348,39,0
134309,134309,134348,39,0
134311,134311,134349,38,0
134309,134309,134348,39,0
134303,134303,134349,46,0
134325,134325,134349,24,0
134312,134312,134349,37,0
134313,134314,134349,35,1
134310,134310,134349,39,0
134314,134314,134349,35,0
134310,134310,134349,39,0
134317,134317,134351,34,0
134311,134311,134350,39,0
134311,134311,134350,39,0
134313,134313,134350,37,0
134312,134312,134352,40,0
134349,134349,134352,3,0
134349,134349,134352,3,0
134313,134313,134352,39,0
134314,134314,134352,38,0
134316,134316,134352,36,0
134317,134318,134352,34,1
134349,134349,134352,3,0
134349,134349,134353,4,0
134349,134349,134353,4,0
134349,134349,134352,3,0
134349,134349,134353,4,0
134349,134349,134352,3,0
134349,134349,134352,3,0
134349,134349,134353,4,0
134349,134349,134353,4,0
134349,134349,134352,3,0
134349,134350,134353,3,1
134349,134349,134353,4,0
134349,134349,134352,3,0
134349,134349,134352,3,0
134349,134350,134353,3,1
134314,134314,134353,39,0
134349,134349,134353,4,0
134312,134312,134354,42,0
134314,134314,134353,39,0
134310,134310,134353,43,0
134349,134350,134353,3,1
134349,134350,134354,4,1
134349,134350,134354,4,1
134349,134349,134353,4,0
134349,134349,134353,4,0
134349,134349,134354,5,0
134349,134349,134353,4,0
134349,134350,134353,3,1
134349,134350,134354,4,1
134349,134351,134354,3,2
134349,134349,134353,4,0
134349,134349,134353,4,0
134349,134349,134354,5,0
134349,134350,134353,3,1
134349,134349,134354,5,0
134349,134350,134353,3,1
134349,134351,134354,3,2
134349,134351,134353,2,2
134327,134328,134354,26,1
134315,134315,134354,39,0
134315,134315,134354,39,0
134319,134319,134354,35,0
134315,134315,134354,39,0
134349,134349,134353,4,0
134349,134349,134354,5,0
134349,134349,134353,4,0
134349,134350,134354,4,1
134349,134350,134354,4,1
134349,134350,134354,4,1
134313,134313,134355,42,0
134320,134320,134354,34,0
134322,134322,134355,33,0
134349,134350,134354,4,1
134349,134351,134354,3,2
134349,134351,134355,4,2
134311,134312,134354,42,1
134316,134317,134354,37,1
134349,134351,134354,3,2
134349,134351,134354,3,2
134349,134351,134354,3,2
134349,134351,134355,4,2
134349,134351,134355,4,2
134349,134351,134354,3,2
134349,134351,134355,4,2
134349,134350,134355,5,1
134349,134351,134355,4,2
134349,134351,134355,4,2
134349,134352,134355,3,3
134349,134352,134355,3,3
134321,134321,134355,34,0
134349,134351,134354,3,2
134349,134351,134355,4,2
134349,134351,134354,3,2
134349,134351,134355,4,2
134349,134351,134355,4,2
134349,134351,134355,4,2
134349,134349,134354,5,0
134349,134351,134354,3,2
134316,134316,134355,39,0
134316,134316,134355,39,0
134321,134322,134356,34,1
134323,134323,134356,33,0
134316,134316,134356,40,0
134322,134322,134356,34,0
134316,134316,134356,40,0
134319,134319,134356,37,0
134315,134315,134356,41,0
134317,134317,134356,39,0
134321,134321,134357,36,0
134349,134353,134356,3,4
134349,134354,134356,2,5
134349,134354,134357,3,5
134349,134353,134356,3,4
134349,134354,134356,2,5
134349,134353,134357,4,4
134349,134353,134356,3,4
134349,134353,134356,3,4
134349,134354,134356,2,5
134321,134321,134357,36,0
134349,134353,134357,4,4
134349,134355,134357,2,6
134349,134355,134357,2,6
134317,134317,134357,40,0
134322,134322,134357,35,0
134349,134354,134356,2,5
134349,134353,134357,4,4
134349,134354,134357,3,5
134349,134354,134357,3,5
134349,134354,134357,3,5
134349,134354,134358,4,5
134349,134354,134357,3,5
134349,134354,134358,4,5
134349,134354,134357,3,5
134349,134354,134357,3,5
134349,134353,134357,4,4
134349,134354,134357,3,5
134349,134354,134357,3,5
134349,134356,134358,2,7
134349,134356,134358,2,7
134349,134356,134358,2,7
134349,134354,134357,3,5
134349,134354,134357,3,5
134313,134313,134358,45,0
134315,134315,134358,43,0
134349,134353,134357,4,4
134349,134354,134358,4,5
134349,134354,134357,3,5
134349,134354,134358,4,5
134349,134354,134357,3,5
134349,134354,134357,3,5
134349,134356,134358,2,7
134349,134353,134357,4,4
134349,134353,134357,4,4
134349,134355,134357,2,6
134349,134355,134357,2,6
134349,134355,134358,3,6
134349,134356,134359,3,7
134349,134356,134359,3,7
134349,134356,134359,3,7
134318,134319,134358,39,1
134349,134355,134359,4,6
134349,134355,134358,3,6
134321,134321,134359,38,0
134319,134319,134358,39,0
134317,134317,134359,42,0
134349,134355,134359,4,6
134349,134355,134359,4,6
134317,134317,134359,42,0
134324,134324,134359,35,0
134328,134331,134359,28,3
134318,134318,134359,41,0
134309,134309,134359,50,0
134318,134318,134359,41,0
134349,134356,134359,3,7
134349,134356,134359,3,7
134349,134356,134359,3,7
134349,134356,134359,3,7
134349,134356,134360,4,7
134349,134356,134359,3,7
134349,134356,134359,3,7
134349,134358,134360,2,9
134349,134359,134360,1,10
134349,134356,134359,3,7
134349,134356,134359,3,7
134349,134359,134360,1,10
134349,134356,134360,4,7
134349,134356,134359,3,7
134349,134358,134360,2,9
134349,134358,134360,2,9
134349,134358,134360,2,9
134349,134358,134360,2,9
134349,134358,134360,2,9
134319,134319,134360,41,0
134320,134320,134360,40,0
134320,134320,134360,40,0
134316,134316,134360,44,0
134325,134325,134360,35,0
134323,134323,134360,37,0
134327,134330,134360,30,3
134321,134321,134360,39,0
134320,134321,134361,40,1
134349,134357,134361,4,8
134349,134358,134360,2,9
134329,134332,134360,28,3
134349,134357,134361,4,8
134349,134359,134360,1,10
134349,134357,134361,4,8
134349,134357,134360,3,8
134349,134359,134361,2,10
134349,134359,134360,1,10
134349,134359,134361,2,10
134349,134359,134360,1,10
134349,134359,134361,2,10
134324,134324,134361,37,0
134349,134357,134361,4,8
134349,134358,134361,3,9
134349,134359,134361,2,10
134349,134359,134362,3,10
134349,134359,134361,2,10
134322,134322,134361,39,0
134318,134318,134362,44,0
134319,134319,134361,42,0
134349,134357,134361,4,8
134349,134357,134361,4,8
134349,134357,134361,4,8
134349,134359,134362,3,10
134349,134358,134361,3,9
134349,134359,134361,2,10
134349,134359,134361,2,10
134349,134358,134362,4,9
134349,134359,134361,2,10
134349,134359,134361,2,10
134349,134359,134361,2,10
134349,134359,134362,3,10
134349,134359,134362,3,10
134349,134359,134362,3,10
134349,134360,134362,2,11
134308,134308,134362,54,0
134318,134318,134362,44,0
134315,134315,134362,47,0
134325,134325,134362,37,0
134349,134359,134362,3,10
134349,134360,134362,2,11
134318,134318,134363,45,0
134323,134323,134363,40,0
134349,134360,134362,2,11
134349,134360,134363,3,11
134349,134360,134362,2,11
134349,134360,134363,3,11
134349,134359,134363,4,10
134349,134359,134363,4,10
134349,134359,134363,4,10
134349,134359,134363,4,10
134349,134361,134363,2,12
134349,134359,134363,4,10
134349,134360,134363,3,11
134349,134360,134363,3,11
134349,134360,134363,3,11
134349,134359,134362,3,10
134349,134359,134362,3,10
134349,134361,134363,2,12
134319,134319,134363,44,0
134326,134328,134364,36,2
134323,134323,134363,40,0
134329,134332,134364,32,3
134349,134360,134363,3,11
134349,134360,134364,4,11
134349,134360,134363,3,11
134349,134360,134363,3,11
134349,134360,134363,3,11
134349,134360,134364,4,11
134349,134360,134364,4,11
134349,134361,134364,3,12
134349,134361,134364,3,12
134349,134361,134364,3,12
134349,134361,134364,3,12
134327,134329,134364,35,2
134349,134360,134364,4,11
134349,134361,134364,3,12
134349,134362,134364,2,13
134349,134362,134364,2,13
134349,134361,134364,3,12
134349,134361,134365,4,12
134349,134361,134364,3,12
134349,134362,134364,2,13
134349,134362,134365,3,13
134349,134362,134364,2,13
134349,134362,134365,3,13
134326,134326,134364,38,0
134325,134325,134364,39,0
134349,134360,134364,4,11
134349,134362,134365,3,13
134349,134362,134365,3,13
134349,134362,134365,3,13
134349,134362,134365,3,13
134349,134362,134366,4,13
134349,134362,134365,3,13
134349,134361,134365,4,12
134349,134362,134366,4,13
134320,134320,134365,45,0
134332,134336,134365,29,4
134349,134362,134365,3,13
134349,134362,134366,4,13
134349,134362,134366,4,13
134349,134364,134366,2,15
134349,134361,134365,4,12
134349,134361,134365,4,12
134349,134361,134365,4,12
134349,134362,134365,3,13
134349,134362,134365,3,13
134320,134320,134366,46,0
134322,134322,134366,44,0
134331,134334,134366,32,3
134349,134362,134366,4,13
134349,134363,134366,3,14
134349,134362,134366,4,13
134330,134334,134366,32,4
134349,134363,134366,3,14
134349,134363,134366,3,14
134349,134363,134366,3,14
134349,134364,134367,3,15
134349,134365,134366,1,16
134324,134324,134367,43,0
134323,134323,134366,43,0
134349,134364,134366,2,15
134349,134364,134366,2,15
134349,134364,134367,3,15
134349,134364,134367,3,15
134349,134365,134366,1,16
134349,134364,134366,2,15
134349,134365,134366,1,16
134349,134365,134366,1,16
134349,134363,134366,3,14
134349,134364,134367,3,15
134349,134365,134367,2,16
134330,134333,134367,34,3
134332,134337,134368,31,5
134328,134331,134367,36,3
134329,134331,134367,36,2
134349,134364,134367,3,15
134349,134364,134367,3,15
134349,134364,134367,3,15
134349,134364,134367,3,15
134349,134364,134367,3,15
134349,134365,134367,2,16
134349,134364,134368,4,15
134349,134364,134368,4,15
134349,134364,134367,3,15
134349,134364,134368,4,15
134349,134366,134368,2,17
134349,134366,134368,2,17
134349,134364,134369,5,15
134349,134365,134368,3,16
134349,134365,134368,3,16
134349,134367,134369,2,18
134331,134335,134368,33,4
134349,134365,134368,3,16
134349,134366,134368,2,17
134349,134365,134368,3,16
134349,134365,134368,3,16
134349,134365,134369,4,16
134349,134365,134368,3,16
134349,134365,134368,3,16
134349,134366,134368,2,17
134349,134367,134369,2,18
134349,134366,134368,2,17
134349,134365,134369,4,16
134349,134365,134368,3,16
134349,134365,134368,3,16
134349,134365,134368,3,16
134349,134365,134368,3,16
134349,134366,134369,3,17
134349,134366,134369,3,17
134349,134366,134369,3,17
134332,134335,134369,34,3
134349,134366,134370,4,17
134349,134366,134369,3,17
134331,134334,134369,35,3
134349,134367,134370,3,18
134349,134367,134370,3,18
134349,134365,134369,4,16
134349,134366,134370,4,17
134349,134366,134369,3,17
134349,134366,134369,3,17
134349,134366,134369,3,17
134349,134367,134370,3,18
134349,134367,134370,3,18
134349,134366,134369,3,17
134349,134367,134370,3,18
134349,134365,134370,5,16
134323,134324,134370,46,1
134349,134367,134370,3,18
134349,134367,134370,3,18
134349,134368,134371,3,19
134349,134368,134371,3,19
134349,134368,134371,3,19
134349,134368,134371,3,19
134349,134367,134370,3,18
134349,134367,134370,3,18
134349,134369,134371,2,20
134349,134367,134370,3,18
134349,134366,134370,4,17
134349,134367,134371,4,18
134349,134367,134371,4,18
134349,134368,134371,3,19
134349,134367,134371,4,18
134349,134367,134370,3,18
134349,134367,134371,4,18
134349,134368,134371,3,19
134349,134368,134371,3,19
134349,134369,134372,3,20
134349,134368,134372,4,19
134349,134368,134372,4,19
134349,134369,134372,3,20
134349,134369,134372,3,20
134349,134369,134372,3,20
134349,134369,134372,3,20
134349,134369,134372,3,20
134349,134368,134372,4,19
134349,134368,134372,4,19
134349,134368,134372,4,19
134349,134369,134372,3,20
134349,134369,134373,4,20
134349,134369,134372,3,20
134349,134369,134372,3,20
134349,134369,134373,4,20
134349,134370,134373,3,21
134349,134370,134373,3,21
134349,134369,134372,3,20
134349,134369,134372,3,20
134349,134369,134373,4,20
134349,134369,134373,4,20
134349,134369,134372,3,20
134349,134369,134372,3,20
134349,134370,134372,2,21
134349,134370,134373,3,21
134349,134370,134373,3,21
134349,134369,134372,3,20
134349,134370,134372,2,21
134349,134370,134373,3,21
134349,134370,134373,3,21
134349,134369,134372,3,20
134349,134370,134373,3,21
134349,134370,134373,3,21
134349,134370,134373,3,21
134349,134370,134373,3,21
134349,134369,134373,4,20
134349,134369,134373,4,20
134349,134371,134374,3,22
134349,134371,134374,3,22
134349,134371,134374,3,22
134349,134371,134374,3,22
134349,134371,134374,3,22
134349,134370,134373,3,21
134349,134371,134374,3,22
134349,134371,134375,4,22
134349,134371,134374,3,22
134322,134322,134374,52,0
134349,134371,134374,3,22
134349,134372,134375,3,23
134349,134373,134375,2,24
134349,134373,134375,2,24
134349,134371,134375,4,22
134349,134371,134375,4,22
134349,134372,134375,3,23
134349,134373,134375,2,24
134349,134372,134375,3,23
134349,134373,134375,2,24
134349,134371,134375,4,22
134349,134374,134375,1,25
134349,134371,134375,4,22
134349,134371,134375,4,22
134349,134371,134375,4,22
134349,134372,134375,3,23
134349,134372,134375,3,23
134349,134372,134375,3,23
134349,134372,134375,3,23
134349,134372,134376,4,23
134349,134373,134375,2,24
134349,134373,134375,2,24
134349,134373,134376,3,24
134349,134373,134375,2,24
134349,134373,134375,2,24
134349,134373,134376,3,24
134349,134372,134376,4,23
134349,134372,134376,4,23
134349,134372,134376,4,23
134349,134372,134376,4,23
134349,134374,134376,2,25
134349,134374,134377,3,25
134349,134374,134377,3,25
134349,134372,134376,4,23
134349,134374,134377,3,25
134349,134373,134376,3,24
134349,134373,134376,3,24
134349,134373,134377,4,24
134349,134373,134377,4,24
134349,134373,134377,4,24
134349,134373,134376,3,24
134349,134374,134377,3,25
134349,134374,134377,3,25
134349,134375,134377,2,26
134349,134375,134377,2,26
134349,134376,134377,1,27
134349,134376,134378,2,27
134349,134375,134377,2,26
134349,134374,134377,3,25
134349,134374,134378,4,25
134349,134374,134377,3,25
134349,134374,134377,3,25
134349,134375,134378,3,26
134349,134375,134378,3,26
134349,134373,134377,4,24
134349,134373,134377,4,24
134349,134354,134358,4,5
134349,134354,134359,5,5
134349,134354,134358,4,5
134349,134356,134359,3,7
134349,134356,134359,3,7
134349,134375,134378,3,26
134349,134373,134377,4,24
134349,134374,134378,4,25
134349,134374,134378,4,25
134349,134375,134378,3,26
134349,134375,134378,3,26
134349,134375,134378,3,26
134349,134376,134379,3,27
134349,134376,134379,3,27
134349,134376,134378,2,27
134349,134376,134378,2,27
134349,134376,134378,2,27
134349,134376,134378,2,27
134349,134376,134379,3,27
134349,134376,134378,2,27
134349,134376,134379,3,27
134349,134375,134379,4,26
133564,133571,134379,808,7
134349,134376,134379,3,27
134349,134376,134379,3,27
134349,134376,134379,3,27
134349,134377,134379,2,28
134349,134377,134379,2,28
134349,134376,134379,3,27
134349,134376,134379,3,27
134349,134377,134380,3,28
134349,134376,134379,3,27
134349,134376,134379,3,27
134349,134376,134379,3,27
134349,134376,134379,3,27
134349,134376,134380,4,27
134349,134375,134379,4,26
134349,134377,134379,2,28
134349,134377,134380,3,28
134349,134377,134380,3,28
134349,134377,134380,3,28
134349,134378,134380,2,29
134349,134377,134380,3,28
134349,134376,134379,3,27
134349,134376,134380,4,27
134349,134377,134380,3,28
134349,134377,134380,3,28
134349,134377,134380,3,28
134349,134377,134380,3,28
134349,134377,134380,3,28
134349,134378,134381,3,29
134349,134378,134381,3,29
134349,134378,134381,3,29
134349,134377,134380,3,28
134349,134377,134380,3,28
134349,134378,134381,3,29
134349,134378,134381,3,29
134349,134378,134380,2,29
134349,134378,134380,2,29
134349,134378,134380,2,29
134349,134378,134380,2,29
134349,134378,134381,3,29
134349,134378,134381,3,29
134349,134378,134381,3,29
134349,134378,134381,3,29
134349,134377,134381,4,28
134349,134378,134381,3,29
134349,134378,134382,4,29
134349,134378,134381,3,29
134349,134379,134382,3,30
134349,134379,134382,3,30
134349,134380,134382,2,31
134349,134379,134382,3,30
134349,134380,134382,2,31
134349,134379,134382,3,30
134349,134378,134382,4,29
134349,134378,134382,4,29
134349,134378,134382,4,29
134349,134380,134383,3,31
134349,134378,134382,4,29
134349,134381,134382,1,32
134349,134381,134382,1,32
134349,134379,134382,3,30
134349,134380,134382,2,31
134349,134379,134383,4,30
134349,134379,134382,3,30
134349,134379,134383,4,30
134349,134379,134382,3,30
134349,134379,134382,3,30
134349,134380,134382,2,31
134349,134380,134382,2,31
134349,134380,134382,2,31
134349,134380,134382,2,31
134349,134379,134383,4,30
134349,134379,134383,4,30
134349,134380,134383,3,31
134349,134378,134383,5,29
134349,134379,134383,4,30
134349,134381,134383,2,32
134349,134381,134383,2,32
134349,134381,134384,3,32
134349,134381,134384,3,32
134349,134381,134384,3,32
134349,134380,134383,3,31
134349,134380,134384,4,31
134349,134379,134383,4,30
134349,134380,134384,4,31
134349,134380,134384,4,31
134349,134380,134384,4,31
134349,134380,134383,3,31
134349,134380,134383,3,31
134349,134380,134384,4,31
134349,134380,134384,4,31
134349,134380,134384,4,31
134349,134382,134385,3,33
134349,134381,134385,4,32
134349,134381,134385,4,32
134349,134381,134385,4,32
134349,134381,134385,4,32
134349,134382,134385,3,33
134349,134381,134385,4,32
134349,134383,134385,2,34
134349,134380,134385,5,31
134349,134381,134385,4,32
134349,134381,134386,5,32
134349,134382,134386,4,33
134349,134381,134384,3,32
134349,134382,134385,3,33
134349,134382,134386,4,33
134349,134383,134385,2,34
134349,134383,134386,3,34
134349,134383,134386,3,34
134349,134382,134386,4,33
134349,134383,134386,3,34
134349,134381,134385,4,32
134349,134381,134386,5,32
134349,134382,134385,3,33
134349,134382,134385,3,33
134349,134380,134385,5,31
134349,134381,134385,4,32
134349,134383,134386,3,34
134349,134383,134386,3,34
134349,134385,134386,1,36
134349,134382,134385,3,33
134349,134383,134386,3,34
134349,134383,134386,3,34
134349,134381,134385,4,32
134349,134382,134385,3,33
134349,134382,134384,2,33
134349,134383,134386,3,34
134349,134383,134386,3,34
134349,134383,134386,3,34
134349,134382,134386,4,33
134349,134383,134386,3,34
134349,134383,134387,4,34
134349,134383,134387,4,34
134349,134383,134387,4,34
134349,134383,134387,4,34
134349,134383,134386,3,34
134349,134385,134387,2,36
134349,134382,134387,5,33
134349,134383,134387,4,34
134349,134384,134387,3,35
134349,134384,134387,3,35
134349,134384,134387,3,35
134349,134384,134387,3,35
134349,134383,134387,4,34
134349,134384,134386,2,35
134349,134384,134387,3,35
134349,134385,134387,2,36
134349,134384,134388,4,35
134349,134384,134387,3,35
134349,134385,134388,3,36
134349,134385,134388,3,36
134349,134386,134388,2,37
134349,134383,134387,4,34
134349,134384,134387,3,35
134349,134384,134388,4,35
134349,134384,134387,3,35
134349,134385,134388,3,36
134349,134386,134388,2,37
134349,134384,134388,4,35
134349,134384,134388,4,35
134349,134384,134388,4,35
134349,134386,134388,2,37
134349,134386,134389,3,37
134349,134386,134389,3,37
134349,134387,134389,2,38
134349,134387,134389,2,38
134349,134384,134389,5,35
134424,134424,134426,2,0
134424,134424,134426,2,0
134424,134424,134427,3,0
134424,134424,134427,3,0
134424,134425,134427,2,1
134424,134424,134427,3,0
134424,134424,134427,3,0
134424,134424,134427,3,0
134424,134424,134427,3,0
134424,134424,134427,3,0
134424,134424,134427,3,0
134424,134424,134428,4,0
134424,134424,134427,3,0
134424,134424,134427,3,0
134424,134424,134427,3,0
134424,134424,134428,4,0
134424,134424,134428,4,0
134424,134424,134428,4,0
134424,134424,134428,4,0
134424,134424,134428,4,0
134424,134424,134428,4,0
134424,134424,134428,4,0
134424,134424,134428,4,0
134424,134424,134428,4,0
134424,134424,134428,4,0
134424,134424,134428,4,0
134424,134425,134428,3,1
134424,134424,134428,4,0
134424,134424,134428,4,0
134424,134424,134428,4,0
134424,134424,134428,4,0
134424,134424,134428,4,0
134424,134425,134428,3,1
134424,134424,134428,4,0
134424,134424,134428,4,0
134424,134424,134428,4,0
134424,134425,134428,3,1
134424,134425,134428,3,1
134424,134424,134428,4,0
134424,134424,134428,4,0
134424,134424,134428,4,0
134424,134424,134428,4,0
134424,134424,134428,4,0
134424,134425,134428,3,1
134424,134425,134429,4,1
134424,134424,134429,5,0
134424,134424,134429,5,0
134424,134424,134429,5,0
134424,134424,134430,6,0
134424,134425,134429,4,1
134424,134425,134429,4,1
134424,134424,134430,6,0
134424,134428,134430,2,4
134424,134428,134430,2,4
134424,134424,134429,5,0
134424,134424,134429,5,0
134424,134427,134430,3,3
134424,134425,134429,4,1
134424,134425,134430,5,1
134424,134425,134429,4,1
134424,134424,134429,5,0
134424,134424,134429,5,0
134424,134428,134430,2,4
134424,134424,134429,5,0
134424,134425,134429,4,1
134424,134425,134429,4,1
134424,134427,134430,3,3
134424,134428,134430,2,4
134424,134428,134431,3,4
134424,134429,134431,2,5
134424,134428,134430,2,4
134424,134429,134431,2,5
134424,134428,134430,2,4
134424,134428,134430,2,4
134424,134428,134431,3,4
134424,134429,134430,1,5
134424,134428,134430,2,4
134424,134429,134430,1,5
134424,134429,134431,2,5
134424,134429,134431,2,5
134424,134429,134431,2,5
134424,134429,134432,3,5
134424,134429,134431,2,5
134424,134430,134432,2,6
134424,134430,134432,2,6
134424,134429,134431,2,5
134424,134429,134431,2,5
134424,134429,134432,3,5
134424,134428,134431,3,4
134424,134429,134432,3,5
134424,134429,134431,2,5
134424,134430,134432,2,6
134424,134428,134431,3,4
134424,134429,134432,3,5
134424,134429,134431,2,5
134424,134429,134432,3,5
134424,134429,134431,2,5
134424,134429,134432,3,5
134424,134430,134432,2,6
134424,134429,134432,3,5
134424,134429,134433,4,5
134424,134430,134432,2,6
134424,134429,134432,3,5
134424,134429,134432,3,5
134424,134429,134432,3,5
134424,134429,134432,3,5
134424,134430,134433,3,6
134424,134430,134433,3,6
134424,134430,134433,3,6
134424,134429,134432,3,5
134424,134429,134432,3,5
134424,134429,134432,3,5
134424,134429,134433,4,5
134424,134429,134433,4,5
134424,134430,134432,2,6
134424,134430,134432,2,6
134424,134430,134432,2,6
134424,134430,134433,3,6
134424,134431,134434,3,7
134424,134432,134433,1,8
134424,134432,134433,1,8
134424,134432,134433,1,8
134424,134432,134434,2,8
134424,134430,134434,4,6
134424,134430,134434,4,6
134424,134430,134434,4,6
134424,134431,134434,3,7
134424,134430,134434,4,6
134424,134432,134434,2,8
134424,134430,134433,3,6
134424,134430,134433,3,6
134424,134430,134434,4,6
134424,134430,134434,4,6
134424,134430,134434,4,6
134424,134431,134434,3,7
134424,134431,134434,3,7
134424,134431,134434,3,7
134424,134431,134434,3,7
134424,134432,134434,2,8
134424,134433,134435,2,9
134424,134431,134434,3,7
134424,134432,134434,2,8
134424,134432,134434,2,8
134424,134431,134435,4,7
134424,134431,134434,3,7
134424,134432,134435,3,8
134424,134432,134435,3,8
134424,134433,134435,2,9
134424,134432,134435,3,8
134424,134431,134435,4,7
134424,134433,134435,2,9
134424,134432,134435,3,8
134424,134432,134435,3,8
134424,134432,134435,3,8
134424,134432,134436,4,8
134424,134431,134436,5,7
134424,134432,134436,4,8
134424,134432,134435,3,8
134424,134433,134435,2,9
134424,134433,134435,2,9
134424,134431,134436,5,7
134424,134431,134436,5,7
134424,134432,134436,4,8
134424,134432,134436,4,8
134424,134433,134436,3,9
134424,134433,134437,4,9
134424,134433,134437,4,9
134424,134433,134436,3,9
134424,134434,134437,3,10
134424,134434,134437,3,10
134424,134434,134437,3,10
134424,134434,134437,3,10
134424,134433,134437,4,9
134424,134433,134437,4,9
134424,134433,134437,4,9
134424,134433,134437,4,9
134424,134433,134437,4,9
134424,134433,134437,4,9
134424,134434,134437,3,10
134424,134433,134437,4,9
134424,134433,134437,4,9
134424,134433,134437,4,9
134424,134433,134437,4,9
134424,134434,134437,3,10
134424,134434,134437,3,10
134424,134434,134437,3,10
134424,134435,134438,3,11
134424,134435,134438,3,11
134424,134434,134438,4,10
134424,134434,134438,4,10
134424,134434,134438,4,10
134424,134435,134438,3,11
134424,134433,134438,5,9
134424,134435,134438,3,11
134424,134436,134439,3,12
134424,134434,134438,4,10
134424,134434,134438,4,10
134424,134435,134438,3,11
134424,134437,134438,1,13
134424,134434,134438,4,10
134424,134434,134438,4,10
134424,134437,134438,1,13
134424,134434,134438,4,10
134424,134435,134438,3,11
134424,134436,134438,2,12
134424,134436,134439,3,12
134424,134435,134439,4,11
134424,134435,134438,3,11
134424,134434,134439,5,10
134424,134435,134439,4,11
134424,134435,134439,4,11
134424,134435,134439,4,11
134424,134435,134439,4,11
134424,134435,134439,4,11
134424,134435,134439,4,11
134424,134435,134439,4,11
134424,134437,134439,2,13
134424,134436,134439,3,12
134424,134436,134439,3,12
134424,134435,134439,4,11
134424,134435,134439,4,11
134424,134437,134439,2,13
134424,134437,134439,2,13
134424,134437,134440,3,13
134424,134437,134440,3,13
134424,134437,134440,3,13
134424,134437,134440,3,13
134424,134437,134440,3,13
134424,134436,134440,4,12
134424,134437,134440,3,13
134424,134437,134440,3,13
134424,134437,134440,3,13
134424,134438,134440,2,14
134424,134438,134441,3,14
134424,134438,134440,2,14
134424,134437,134440,3,13
134424,134439,134441,2,15
134424,134439,134440,1,15
134424,134439,134441,2,15
134424,134439,134441,2,15
134424,134439,134441,2,15
134424,134439,134441,2,15
134424,134438,134441,3,14
134424,134438,134442,4,14
134424,134438,134442,4,14
134424,134438,134442,4,14
134424,134438,134443,5,14
134424,134439,134443,4,15
134424,134438,134442,4,14
134424,134441,134443,2,17
134424,134441,134442,1,17
134424,134441,134442,1,17
134424,134438,134442,4,14
134424,134438,134443,5,14
134424,134438,134442,4,14
134424,134438,134443,5,14
134424,134439,134442,3,15
134424,134439,134442,3,15
134424,134438,134442,4,14
134424,134439,134442,3,15
134424,134438,134442,4,14
134424,134438,134443,5,14
134424,134438,134443,5,14
134424,134440,134443,3,16
134424,134440,134443,3,16
134424,134441,134443,2,17
134424,134441,134443,2,17
134424,134441,134443,2,17
134424,134439,134444,5,15
134424,134439,134444,5,15
134424,134440,134443,3,16
134424,134439,134444,5,15
134424,134439,134443,4,15
134424,134440,134444,4,16
134424,134439,134443,4,15
134424,134439,134443,4,15
134424,134439,134443,4,15
134424,134440,134444,4,16
134424,134440,134444,4,16
134424,134439,134443,4,15
134424,134425,134428,3,1
134424,134425,134428,3,1
134424,134425,134429,4,1
134424,134440,134444,4,16
134424,134442,134444,2,18
134424,134440,134445,5,16
134424,134440,134444,4,16
134424,134440,134445,5,16
134424,134440,134444,4,16
134424,134442,134445,3,18
134424,134440,134444,4,16
134424,134440,134444,4,16
134424,134441,134444,3,17
134424,134440,134444,4,16
134424,134439,134445,6,15
134424,134442,134445,3,18
134424,134442,134445,3,18
134424,134442,134445,3,18
134424,134439,134445,6,15
134424,134440,134444,4,16
134424,134442,134444,2,18
134424,134440,134445,5,16
134424,134441,134445,4,17
134424,134442,134445,3,18
134424,134440,134445,5,16
134424,134439,134445,6,15
134424,134441,134445,4,17
134424,134443,134446,3,19
134424,134443,134446,3,19
134424,134443,134446,3,19
134424,134441,134446,5,17
134424,134443,134446,3,19
134424,134442,134446,4,18
134424,134443,134446,3,19
134424,134443,134446,3,19
134424,134443,134447,4,19
134424,134443,134447,4,19
134424,134443,134447,4,19
134424,134443,134447,4,19
134424,134443,134446,3,19
134424,134443,134447,4,19
134424,134441,134446,5,17
134424,134443,134446,3,19
134424,134443,134447,4,19
134424,134443,134447,4,19
134424,134444,134447,3,20
134424,134444,134447,3,20
134424,134444,134447,3,20
134424,134444,134447,3,20
134424,134444,134448,4,20
134424,134444,134448,4,20
134424,134445,134448,3,21
134424,134443,134448,5,19
134424,134443,134447,4,19
134424,134444,134448,4,20
134424,134444,134448,4,20
134424,134444,134448,4,20
134424,134444,134448,4,20
134424,134444,134447,3,20
134424,134444,134448,4,20
134424,134444,134448,4,20
134424,134444,134447,3,20
134424,134444,134448,4,20
134424,134444,134447,3,20
134424,134444,134448,4,20
134424,134445,134448,3,21
134424,134444,134448,4,20
134424,134444,134447,3,20
134424,134444,134448,4,20
134424,134445,134449,4,21
134424,134445,134449,4,21
134424,134444,134448,4,20
134424,134445,134448,3,21
134424,134445,134448,3,21
134424,134445,134449,4,21
134424,134445,134448,3,21
134424,134445,134449,4,21
134424,134445,134449,4,21
134424,134445,134449,4,21
134424,134445,134449,4,21
133616,133631,134472,841,15
134485,134485,134487,2,0
134485,134485,134487,2,0
134485,134486,134488,2,1
134485,134486,134488,2,1
134485,134486,134488,2,1
134485,134485,134488,3,0
134485,134486,134488,2,1
134485,134486,134488,2,1
134485,134486,134488,2,1
134485,134486,134489,3,1
134485,134486,134488,2,1
134485,134486,134488,2,1
134485,134486,134489,3,1
134485,134486,134489,3,1
134485,134486,134489,3,1
134485,134486,134489,3,1
134485,134486,134489,3,1
134485,134486,134489,3,1
134485,134485,134490,5,0
134485,134485,134489,4,0
134485,134485,134489,4,0
134485,134486,134489,3,1
134485,134486,134489,3,1
134485,134486,134489,3,1
134485,134485,134489,4,0
134485,134485,134489,4,0
134485,134485,134489,4,0
134485,134485,134489,4,0
134485,134485,134489,4,0
134485,134486,134490,4,1
134485,134485,134489,4,0
134485,134486,134489,3,1
134485,134485,134490,5,0
134485,134486,134489,3,1
134485,134486,134489,3,1
134485,134486,134489,3,1
134485,134486,134489,3,1
134485,134486,134490,4,1
134485,134486,134489,3,1
134485,134485,134490,5,0
134485,134485,134490,5,0
134485,134488,134490,2,3
134485,134485,134490,5,0
134485,134488,134491,3,3
134485,134485,134490,5,0
134485,134485,134490,5,0
134485,134486,134490,4,1
134485,134485,134490,5,0
134485,134486,134490,4,1
134485,134486,134490,4,1
134485,134486,134490,4,1
134485,134486,134490,4,1
134485,134485,134490,5,0
134485,134486,134490,4,1
134485,134486,134491,5,1
134485,134486,134490,4,1
134485,134486,134490,4,1
134485,134486,134490,4,1
134485,134485,134490,5,0
134485,134486,134490,4,1
134485,134486,134490,4,1
134485,134486,134490,4,1
134485,134486,134490,4,1
134485,134486,134491,5,1
134485,134488,134490,2,3
134485,134486,134490,4,1
134485,134486,134490,4,1
134485,134486,134490,4,1
133609,133617,134491,874,8
134485,134489,134492,3,4
134485,134489,134491,2,4
134485,134488,134491,3,3
134485,134490,134492,2,5
134485,134488,134492,4,3
134485,134490,134492,2,5
134485,134490,134492,2,5
134485,134489,134492,3,4
134485,134490,134493,3,5
134485,134489,134492,3,4
134485,134489,134492,3,4
134485,134490,134493,3,5
134485,134490,134493,3,5
134485,134490,134493,3,5
134485,134489,134492,3,4
134485,134490,134492,2,5
134485,134489,134492,3,4
134485,134490,134492,2,5
134485,134489,134492,3,4
134485,134490,134493,3,5
134485,134490,134493,3,5
134485,134490,134493,3,5
134485,134490,134493,3,5
134485,134490,134494,4,5
134485,134491,134494,3,6
134485,134491,134493,2,6
134485,134491,134493,2,6
134485,134491,134493,2,6
134485,134491,134493,2,6
134485,134490,134493,3,5
134485,134490,134493,3,5
134485,134491,134494,3,6
134485,134491,134494,3,6
134485,134491,134493,2,6
134485,134490,134493,3,5
134485,134490,134493,3,5
134485,134490,134494,4,5
134485,134490,134493,3,5
134485,134490,134494,4,5
134485,134490,134493,3,5
134485,134491,134494,3,6
134485,134491,134494,3,6
134485,134490,134493,3,5
134485,134491,134493,2,6
134485,134491,134494,3,6
134485,134491,134494,3,6
134485,134491,134494,3,6
134485,134491,134493,2,6
134485,134490,134493,3,5
134485,134490,134494,4,5
134485,134490,134494,4,5
134485,134491,134494,3,6
134485,134491,134495,4,6
134485,134491,134495,4,6
134485,134492,134495,3,7
134485,134493,134495,2,8
134485,134492,134495,3,7
134485,134493,134495,2,8
134485,134494,134495,1,9
134485,134491,134496,5,6
134485,134491,134495,4,6
134485,134492,134496,4,7
134485,134494,134496,2,9
134485,134494,134496,2,9
134485,134494,134495,1,9
134485,134491,134496,5,6
134485,134491,134496,5,6
134485,134491,134496,5,6
134485,134491,134495,4,6
134485,134494,134496,2,9
134485,134491,134496,5,6
134485,134494,134495,1,9
134485,134494,134495,1,9
134485,134494,134496,2,9
134485,134491,134496,5,6
134485,134492,134497,5,7
134485,134494,134496,2,9
134485,134494,134497,3,9
134485,134494,134496,2,9
134485,134494,134496,2,9
134485,134494,134497,3,9
134485,134493,134497,4,8
134485,134492,134497,5,7
134485,134491,134497,6,6
134485,134493,134497,4,8
134485,134493,134497,4,8
134485,134493,134497,4,8
134485,134493,134497,4,8
134485,134491,134497,6,6
134485,134491,134497,6,6
134485,134492,134497,5,7
134485,134492,134497,5,7
134485,134492,134497,5,7
134485,134493,134497,4,8
134485,134494,134498,4,9
134485,134494,134497,3,9
134485,134494,134497,3,9
134485,134494,134498,4,9
134485,134494,134498,4,9
134485,134494,134497,3,9
134485,134493,134498,5,8
134485,134493,134498,5,8
134485,134494,134497,3,9
134485,134495,134498,3,10
134485,134495,134498,3,10
134485,134494,134498,4,9
134485,134493,134498,5,8
134485,134494,134498,4,9
134485,134494,134498,4,9
134485,134494,134499,5,9
134485,134494,134499,5,9
134485,134495,134499,4,10
134485,134493,134499,6,8
134485,134494,134499,5,9
134485,134495,134499,4,10
134485,134496,134499,3,11
134485,134496,134499,3,11
134485,134495,134499,4,10
134485,134496,134499,3,11
134485,134496,134499,3,11
134485,134496,134499,3,11
134485,134496,134499,3,11
134485,134494,134499,5,9
134485,134494,134499,5,9
134485,134495,134499,4,10
134485,134496,134499,3,11
134485,134496,134499,3,11
134485,134494,134499,5,9
134485,134494,134499,5,9
134485,134494,134499,5,9
134485,134496,134500,4,11
134485,134496,134500,4,11
134485,134494,134500,6,9
134485,134496,134500,4,11
134485,134496,134500,4,11
134485,134497,134500,3,12
134485,134497,134500,3,12
134485,134497,134500,3,12
134485,134497,134501,4,12
134485,134497,134501,4,12
134485,134497,134501,4,12
134485,134497,134500,3,12
134485,134496,134500,4,11
134485,134497,134501,4,12
134485,134496,134500,4,11
134485,134496,134500,4,11
134485,134496,134500,4,11
134485,134496,134501,5,11
134485,134498,134501,3,13
134485,134500,134501,1,15
134485,134500,134501,1,15
134485,134497,134501,4,12
134485,134497,134501,4,12
134485,134498,134501,3,13
134485,134498,134501,3,13
134485,134498,134502,4,13
134485,134498,134502,4,13
134485,134497,134502,5,12
134485,134497,134501,4,12
134485,134498,134501,3,13
134485,134498,134501,3,13
134485,134499,134502,3,14
134485,134498,134501,3,13
134485,134498,134501,3,13
134485,134498,134502,4,13
134485,134499,134502,3,14
134485,134498,134502,4,13
134485,134498,134502,4,13
134485,134500,134502,2,15
134485,134498,134502,4,13
134485,134498,134502,4,13
134485,134500,134502,2,15
134485,134501,134502,1,16
134485,134500,134502,2,15
134485,134497,134502,5,12
134485,134498,134502,4,13
134485,134498,134502,4,13
134485,134500,134502,2,15
134485,134498,134502,4,13
134485,134497,134502,5,12
134485,134499,134503,4,14
134485,134499,134503,4,14
134485,134499,134503,4,14
134485,134500,134503,3,15
134485,134499,134503,4,14
134485,134499,134503,4,14
134485,134500,134503,3,15
134485,134500,134503,3,15
134485,134500,134503,3,15
134485,134500,134503,3,15
134485,134500,134503,3,15
134485,134500,134504,4,15
134485,134500,134504,4,15
134485,134500,134503,3,15
134485,134502,134504,2,17
134485,134502,134503,1,17
134485,134502,134504,2,17
134485,134500,134503,3,15
134485,134500,134504,4,15
134485,134499,134504,5,14
134485,134500,134504,4,15
134485,134501,134504,3,16
134485,134502,134504,2,17
134485,134502,134505,3,17
134485,134501,134504,3,16
134485,134502,134504,2,17
134485,134501,134504,3,16
134485,134501,134504,3,16
134485,134501,134505,4,16
134485,134502,134504,2,17
134485,134502,134505,3,17
134485,134502,134504,2,17
134485,134501,134505,4,16
134485,134501,134505,4,16
134485,134501,134505,4,16
134485,134501,134505,4,16
134485,134502,134505,3,17
134485,134501,134505,4,16
134485,134503,134505,2,18
134485,134501,134505,4,16
134485,134501,134506,5,16
134485,134503,134505,2,18
134485,134500,134505,5,15
134485,134501,134505,4,16
134485,134503,134505,2,18
134485,134503,134505,2,18
134485,134503,134505,2,18
134485,134503,134505,2,18
134485,134503,134505,2,18
134485,134503,134505,2,18
134485,134502,134505,3,17
134485,134503,134506,3,18
134485,134502,134505,3,17
134485,134502,134506,4,17
134485,134502,134505,3,17
134485,134502,134505,3,17
134485,134502,134505,3,17
134485,134503,134506,3,18
134485,134502,134506,4,17
134485,134502,134506,4,17
134485,134503,134506,3,18
134485,134503,134506,3,18
134485,134501,134506,5,16
134485,134503,134506,3,18
134485,134503,134506,3,18
134485,134502,134506,4,17
134485,134503,134506,3,18
134485,134503,134506,3,18
134485,134504,134506,2,19
134485,134504,134507,3,19
134485,134504,134506,2,19
134485,134504,134507,3,19
134485,134504,134506,2,19
134485,134504,134507,3,19
134485,134504,134507,3,19
134485,134504,134507,3,19
134485,134504,134507,3,19
134485,134504,134507,3,19
134485,134504,134507,3,19
134485,134502,134507,5,17
134485,134504,134507,3,19
134485,134505,134507,2,20
134485,134505,134507,2,20
134485,134504,134507,3,19
134485,134506,134507,1,21
134485,134504,134507,3,19
134485,134505,134507,2,20
134485,134505,134507,2,20
134485,134504,134507,3,19
134485,134505,134508,3,20
134485,134505,134508,3,20
134485,134505,134508,3,20
134485,134505,134508,3,20
134485,134505,134508,3,20
134485,134504,134508,4,19
134485,134504,134507,3,19
134485,134505,134508,3,20
134485,134505,134508,3,20
134485,134505,134508,3,20
134485,134505,134508,3,20
134485,134506,134508,2,21
134485,134506,134508,2,21
134485,134506,134508,2,21
134485,134506,134508,2,21
134485,134506,134508,2,21
134485,134506,134508,2,21
134485,134505,134508,3,20
134485,134505,134508,3,20
134485,134506,134508,2,21
134485,134505,134508,3,20
134485,134506,134508,2,21
134485,134505,134509,4,20
133658,133665,134544,879,7
134544,134545,134547,2,1
134544,134545,134547,2,1
134544,134545,134548,3,1
134544,134545,134547,2,1
134544,134545,134548,3,1
134544,134545,134547,2,1
134544,134545,134548,3,1
134544,134545,134547,2,1
134544,134545,134547,2,1
134544,134545,134547,2,1
134544,134545,134548,3,1
134544,134545,134548,3,1
134544,134545,134548,3,1
134544,134545,134547,2,1
134544,134545,134548,3,1
134544,134545,134548,3,1
134544,134545,134549,4,1
134544,134545,134548,3,1
134544,134545,134549,4,1
134544,134545,134549,4,1
134544,134545,134548,3,1
134544,134545,134549,4,1
134544,134545,134548,3,1
134544,134545,134548,3,1
134544,134545,134548,3,1
134544,134545,134549,4,1
134544,134545,134548,3,1
134544,134545,134549,4,1
134544,134545,134548,3,1
134544,134545,134548,3,1
134544,134545,134549,4,1
134544,134545,134548,3,1
134544,134545,134549,4,1
134544,134545,134549,4,1
134544,134545,134548,3,1
134544,134545,134549,4,1
134544,134545,134549,4,1
134544,134545,134549,4,1
134544,134545,134549,4,1
134544,134545,134549,4,1
134544,134545,134549,4,1
134544,134545,134548,3,1
134544,134545,134549,4,1
134544,134547,134549,2,3
134544,134545,134549,4,1
134544,134545,134548,3,1
134544,134545,134548,3,1
134544,134545,134549,4,1
134544,134545,134549,4,1
134544,134545,134549,4,1
134544,134545,134549,4,1
134544,134545,134548,3,1
134544,134545,134548,3,1
134544,134545,134549,4,1
134544,134545,134549,4,1
134544,134545,134549,4,1
134544,134545,134549,4,1
134544,134545,134549,4,1
134544,134545,134549,4,1
134544,134545,134549,4,1
134544,134545,134549,4,1
134544,134545,134549,4,1
134544,134545,134549,4,1
134544,134545,134549,4,1
134544,134548,134550,2,4
134544,134545,134549,4,1
134544,134545,134549,4,1
134544,134545,134549,4,1
134544,134547,134550,3,3
134544,134549,134551,2,5
134544,134548,134550,2,4
134544,134548,134551,3,4
134544,134548,134551,3,4
134544,134548,134551,3,4
134544,134548,134551,3,4
134544,134548,134551,3,4
134544,134548,134550,2,4
134544,134548,134551,3,4
134544,134548,134551,3,4
134544,134548,134551,3,4
134544,134549,134552,3,5
134544,134549,134552,3,5
134544,134549,134552,3,5
134544,134550,134552,2,6
134544,134548,134552,4,4
134544,134549,134552,3,5
134544,134549,134552,3,5
134544,134548,134552,4,4
134544,134549,134552,3,5
134544,134549,134552,3,5
134544,134549,134552,3,5
134544,134549,134551,2,5
134544,134549,134552,3,5
134544,134549,134551,2,5
134544,134549,134552,3,5
134544,134549,134552,3,5
134544,134549,134552,3,5
134544,134549,134551,2,5
134544,134549,134552,3,5
134544,134549,134552,3,5
134544,134549,134552,3,5
134544,134549,134552,3,5
134544,134549,134552,3,5
134544,134549,134553,4,5
134544,134549,134553,4,5
134544,134549,134553,4,5
134544,134549,134552,3,5
134544,134549,134553,4,5
134544,134549,134553,4,5
134544,134549,134553,4,5
134544,134549,134553,4,5
134544,134549,134552,3,5
134544,134549,134553,4,5
134544,134549,134552,3,5
134544,134549,134552,3,5
134544,134549,134552,3,5
134544,134549,134552,3,5
134544,134549,134552,3,5
134544,134549,134553,4,5
134544,134549,134552,3,5
134563,134563,134565,2,0
134563,134563,134565,2,0
134563,134563,134565,2,0
134563,134563,134565,2,0
134563,134563,134565,2,0
134563,134564,134565,1,1
134563,134563,134566,3,0
134563,134563,134566,3,0
134563,134563,134566,3,0
134563,134563,134566,3,0
134563,134563,134566,3,0
134563,134563,134566,3,0
134563,134563,134566,3,0
134563,134564,134566,2,1
134563,134563,134567,4,0
134563,134563,134567,4,0
134563,134563,134567,4,0
134563,134563,134567,4,0
134563,134563,134567,4,0
134563,134563,134567,4,0
134563,134563,134567,4,0
134563,134563,134567,4,0
134563,134563,134567,4,0
134563,134563,134567,4,0
134563,134563,134567,4,0
134563,134563,134568,5,0
134563,134563,134568,5,0
134563,134563,134568,5,0
134563,134563,134568,5,0
134563,134563,134568,5,0
134563,134563,134568,5,0
134563,134563,134568,5,0
134563,134563,134568,5,0
134563,134563,134568,5,0
134563,134563,134568,5,0
134563,134563,134568,5,0
134563,134563,134568,5,0
134563,134563,134568,5,0
134563,134563,134568,5,0
134563,134563,134568,5,0
134563,134563,134568,5,0
134563,134563,134568,5,0
134563,134563,134568,5,0
134563,134563,134569,6,0
134563,134563,134569,6,0
134563,134563,134568,5,0
134563,134563,134568,5,0
134563,134564,134569,5,1
134563,134563,134568,5,0
134563,134563,134568,5,0
134563,134563,134568,5,0
134563,134564,134568,4,1
134563,134563,134569,6,0
134563,134563,134569,6,0
134563,134563,134569,6,0
134563,134563,134568,5,0
134563,134563,134569,6,0
134563,134565,134569,4,2
134563,134568,134569,1,5
134563,134563,134569,6,0
134563,134565,134569,4,2
134563,134565,134569,4,2
134563,134565,134569,4,2
134563,134563,134569,6,0
134563,134566,134570,4,3
134563,134563,134569,6,0
134563,134565,134569,4,2
134563,134563,134569,6,0
134563,134563,134569,6,0
134563,134563,134569,6,0
134563,134563,134569,6,0
134563,134563,134569,6,0
134563,134566,134569,3,3
134563,134566,134570,4,3
134563,134568,134570,2,5
134563,134567,134570,3,4
134563,134568,134570,2,5
134563,134568,134571,3,5
134563,134568,134570,2,5
134563,134568,134570,2,5
134563,134567,134571,4,4
134563,134567,134570,3,4
134563,134567,134571,4,4
134563,134567,134570,3,4
134563,134569,134571,2,6
134563,134567,134571,4,4
134563,134567,134571,4,4
134563,134568,134571,3,5
134563,134568,134572,4,5
134563,134568,134571,3,5
134563,134568,134572,4,5
134563,134569,134572,3,6
134563,134569,134572,3,6
134563,134568,134572,4,5
134563,134568,134572,4,5
134563,134569,134572,3,6
134563,134569,134572,3,6
134563,134569,134572,3,6
134563,134569,134572,3,6
134563,134569,134573,4,6
134563,134569,134572,3,6
134563,134569,134572,3,6
134563,134569,134572,3,6
134563,134569,134572,3,6
134563,134569,134572,3,6
134563,134569,134573,4,6
134563,134569,134573,4,6
134563,134569,134572,3,6
134563,134569,134572,3,6
134563,134569,134573,4,6
134563,134569,134572,3,6
134563,134569,134572,3,6
134563,134569,134573,4,6
134563,134569,134573,4,6
134563,134568,134573,5,5
134563,134570,134573,3,7
134563,134570,134573,3,7
134563,134569,134573,4,6
134563,134569,134573,4,6
134563,134569,134573,4,6
134573,134574,134576,2,1
134573,134574,134577,3,1
134573,134574,134576,2,1
134573,134574,134576,2,1
134573,134574,134577,3,1
134573,134574,134577,3,1
134573,134574,134577,3,1
134573,134574,134577,3,1
134573,134574,134577,3,1
134573,134574,134577,3,1
134573,134574,134577,3,1
134573,134574,134577,3,1
134573,134574,134578,4,1
134573,134574,134577,3,1
134573,134574,134577,3,1
134573,134574,134577,3,1
134573,134574,134577,3,1
134573,134574,134577,3,1
134573,134574,134578,4,1
134573,134574,134577,3,1
134573,134574,134577,3,1
134573,134574,134577,3,1
134573,134574,134577,3,1
134573,134574,134577,3,1
134573,134574,134577,3,1
134573,134574,134577,3,1
134573,134574,134577,3,1
134573,134574,134577,3,1
134573,134574,134577,3,1
134573,134574,134578,4,1
134573,134574,134577,3,1
134573,134574,134577,3,1
134573,134574,134578,4,1
134573,134574,134577,3,1
134573,134574,134577,3,1
134573,134574,134578,4,1
134573,134574,134577,3,1
134573,134574,134577,3,1
134573,134574,134577,3,1
134573,134574,134578,4,1
134573,134574,134578,4,1
134573,134574,134577,3,1
134573,134574,134578,4,1
134573,134574,134578,4,1
134573,134574,134578,4,1
134573,134574,134578,4,1
134573,134574,134578,4,1
134573,134574,134578,4,1
134573,134574,134578,4,1
134573,134574,134578,4,1
134573,134574,134578,4,1
134573,134574,134578,4,1
134573,134577,134579,2,4
134573,134574,134578,4,1
134573,134574,134579,5,1
134573,134574,134578,4,1
134573,134574,134578,4,1
134573,134574,134578,4,1
134573,134574,134578,4,1
134573,134574,134578,4,1
134573,134574,134578,4,1
134573,134574,134578,4,1
134573,134574,134578,4,1
134573,134574,134578,4,1
134573,134577,134580,3,4
134573,134578,134580,2,5
134573,134574,134579,5,1
134573,134577,134580,3,4
134573,134577,134581,4,4
134573,134578,134581,3,5
134573,134578,134581,3,5
134573,134578,134581,3,5
134573,134578,134580,2,5
134573,134578,134581,3,5
134573,134578,134581,3,5
134573,134578,134581,3,5
134573,134578,134580,2,5
134573,134579,134580,1,6
134573,134578,134581,3,5
134573,134578,134580,2,5
134573,134578,134581,3,5
134573,134578,134581,3,5
134573,134578,134581,3,5
134573,134578,134582,4,5
134573,134578,134581,3,5
134573,134578,134581,3,5
134573,134578,134581,3,5
134573,134578,134582,4,5
134573,134578,134582,4,5
134573,134578,134582,4,5
134573,134578,134581,3,5
134573,134578,134582,4,5
134573,134578,134582,4,5
134573,134578,134581,3,5
134573,134579,134581,2,6
134573,134579,134581,2,6
134573,134578,134582,4,5
134573,134578,134582,4,5
134573,134579,134582,3,6
134573,134579,134581,2,6
134573,134579,134581,2,6
134573,134578,134582,4,5
134573,134578,134582,4,5
134573,134578,134581,3,5
134573,134578,134581,3,5
134573,134578,134581,3,5
134573,134578,134582,4,5
134573,134579,134581,2,6
134573,134578,134581,3,5
134573,134578,134581,3,5
134573,134578,134581,3,5
134573,134579,134581,2,6
134573,134579,134581,2,6
134573,134579,134581,2,6
134573,134579,134581,2,6
134573,134578,134582,4,5
134573,134579,134582,3,6
134573,134578,134582,4,5
134573,134579,134582,3,6
134573,134579,134582,3,6
133741,133748,134610,862,7
134617,134617,134620,3,0
134617,134617,134619,2,0
134617,134617,134620,3,0
134617,134617,134620,3,0
134617,134617,134620,3,0
134617,134617,134620,3,0
134617,134617,134621,4,0
134617,134617,134620,3,0
134617,134617,134620,3,0
134617,134617,134621,4,0
134617,134617,134621,4,0
134617,134617,134621,4,0
134617,134617,134620,3,0
134617,134617,134621,4,0
134617,134617,134621,4,0
134617,134617,134621,4,0
134617,134617,134621,4,0
134617,134617,134620,3,0
134617,134617,134621,4,0
134617,134617,134621,4,0
134617,134617,134621,4,0
134617,134618,134621,3,1
134617,134617,134621,4,0
134617,134617,134621,4,0
134617,134617,134621,4,0
134617,134617,134620,3,0
134617,134617,134621,4,0
134617,134617,134621,4,0
134617,134617,134620,3,0
134617,134617,134621,4,0
134617,134617,134621,4,0
134617,134617,134621,4,0
134617,134617,134621,4,0
134617,134617,134621,4,0
134617,134617,134621,4,0
134617,134617,134621,4,0
134617,134617,134621,4,0
134617,134617,134621,4,0
134617,134617,134622,5,0
134617,134617,134622,5,0
134617,134617,134622,5,0
134617,134617,134622,5,0
134617,134617,134622,5,0
134617,134617,134622,5,0
134617,134617,134621,4,0
134617,134617,134622,5,0
134617,134617,134622,5,0
134617,134617,134622,5,0
134617,134617,134622,5,0
134617,134617,134622,5,0
134617,134617,134622,5,0
134617,134617,134623,6,0
134617,134620,134623,3,3
134617,134620,134623,3,3
134617,134620,134623,3,3
134617,134621,134624,3,4
134617,134621,134624,3,4
134617,134621,134624,3,4
134617,134620,134624,4,3
134617,134620,134624,4,3
134617,134620,134624,4,3
134617,134621,134625,4,4
134617,134621,134624,3,4
134617,134622,134625,3,5
134617,134622,134625,3,5
134617,134622,134625,3,5
134617,134622,134625,3,5
134617,134622,134624,2,5
134617,134621,134625,4,4
134617,134621,134625,4,4
134617,134622,134625,3,5
134617,134621,134625,4,4
134617,134621,134625,4,4
134617,134621,134625,4,4
134617,134621,134625,4,4
134617,134621,134625,4,4
134617,134622,134625,3,5
134617,134623,134626,3,6
134617,134623,134625,2,6
134617,134623,134625,2,6
134617,134621,134625,4,4
134617,134621,134625,4,4
134617,134622,134625,3,5
134617,134621,134625,4,4
134617,134621,134625,4,4
134617,134623,134625,2,6
134617,134624,134625,1,7
134617,134621,134625,4,4
134617,134622,134625,3,5
134617,134623,134625,2,6
134617,134623,134625,2,6
134617,134623,134625,2,6
134617,134622,134626,4,5
134617,134622,134625,3,5
134617,134622,134626,4,5
134617,134623,134626,3,6
134617,134623,134626,3,6
134617,134621,134626,5,4
134617,134623,134626,3,6
134617,134621,134626,5,4
134617,134621,134626,5,4
134617,134622,134626,4,5
134617,134624,134626,2,7
134617,134621,134626,5,4
134617,134623,134626,3,6
134617,134623,134626,3,6
134617,134624,134627,3,7
134617,134624,134627,3,7
134617,134629,134632,3,12
134617,134629,134633,4,12
134617,134629,134633,4,12
134617,134629,134633,4,12
134617,134629,134633,4,12
134617,134635,134637,2,18
134617,134635,134637,2,18
134617,134635,134638,3,18
134617,134635,134638,3,18
134617,134635,134639,4,18
134617,134635,134640,5,18
134617,134635,134639,4,18
133867,133874,134744,870,7
134746,134746,134749,3,0
134746,134746,134748,2,0
134746,134746,134748,2,0
134746,134746,134748,2,0
134746,134746,134749,3,0
134746,134746,134749,3,0
134746,134746,134749,3,0
134746,134746,134750,4,0
134746,134746,134750,4,0
134746,134746,134749,3,0
134746,134746,134749,3,0
134746,134746,134750,4,0
134746,134746,134750,4,0
134746,134746,134750,4,0
134746,134746,134749,3,0
134746,134746,134750,4,0
134746,134746,134750,4,0
134746,134746,134749,3,0
134746,134746,134750,4,0
134746,134746,134750,4,0
134746,134746,134750,4,0
134746,134746,134750,4,0
134746,134746,134751,5,0
134746,134746,134750,4,0
134746,134746,134750,4,0
134746,134746,134750,4,0
134746,134746,134751,5,0
134746,134746,134750,4,0
134746,134746,134750,4,0
133874,133885,134751,866,11
134746,134746,134750,4,0
134746,134746,134750,4,0
134746,134746,134750,4,0
134746,134746,134750,4,0
134746,134746,134750,4,0
134746,134746,134750,4,0
134746,134746,134751,5,0
134746,134749,134751,2,3
134746,134750,134752,2,4
134746,134749,134752,3,3
134746,134749,134752,3,3
134746,134749,134752,3,3
134746,134750,134752,2,4
134746,134750,134752,2,4
134746,134750,134752,2,4
134746,134750,134752,2,4
134746,134750,134753,3,4
134746,134750,134753,3,4
134746,134750,134754,4,4
134746,134750,134753,3,4
134746,134750,134754,4,4
134746,134750,134754,4,4
134746,134751,134754,3,5
134746,134750,134754,4,4
134746,134750,134753,3,4
134746,134750,134754,4,4
134746,134751,134754,3,5
134746,134751,134755,4,5
134746,134751,134755,4,5
134746,134750,134754,4,4
134746,134751,134755,4,5
134746,134751,134755,4,5
134746,134751,134754,3,5
134746,134751,134754,3,5
134746,134752,134755,3,6
134746,134752,134755,3,6
134746,134751,134755,4,5
134746,134751,134754,3,5
134746,134751,134754,3,5
134746,134751,134756,5,5
134746,134751,134755,4,5
134746,134752,134755,3,6
134746,134751,134756,5,5
134746,134751,134755,4,5
134746,134752,134756,4,6
134746,134751,134755,4,5
134746,134752,134756,4,6
134746,134751,134755,4,5
134746,134753,134756,3,7
134746,134753,134756,3,7
134746,134753,134757,4,7
134746,134754,134757,3,8
134746,134754,134757,3,8
134746,134753,134757,4,7
134746,134754,134757,3,8
134746,134754,134757,3,8
134746,134754,134757,3,8
134746,134752,134757,5,6
134746,134754,134757,3,8
134746,134752,134757,5,6
134746,134755,134758,3,9
134746,134755,134758,3,9
134746,134755,134758,3,9
134746,134754,134758,4,8
134746,134755,134758,3,9
134746,134755,134758,3,9
134746,134755,134758,3,9
134746,134755,134758,3,9
134746,134755,134758,3,9
134746,134755,134758,3,9
134746,134755,134758,3,9
134746,134756,134759,3,10
134746,134754,134759,5,8
134746,134755,134758,3,9
134746,134756,134759,3,10
134746,134756,134759,3,10
134746,134755,134759,4,9
134746,134756,134759,3,10
134746,134756,134759,3,10
134746,134756,134759,3,10
134746,134755,134759,4,9
134746,134755,134759,4,9
134746,134756,134759,3,10
134746,134746,134760,14,0
134746,134756,134759,3,10
134746,134756,134759,3,10
134753,134757,134760,3,4
134753,134757,134760,3,4
134753,134759,134760,1,6
134746,134756,134760,4,10
134753,134757,134761,4,4
134753,134758,134762,4,5
134753,134757,134761,4,4
134753,134757,134761,4,4
134753,134757,134762,5,4
134753,134759,134761,2,6
134753,134758,134762,4,5
134753,134758,134761,3,5
134753,134760,134762,2,7
134753,134757,134762,5,4
134753,134758,134762,4,5
134753,134758,134762,4,5
134753,134759,134762,3,6
134753,134759,134762,3,6
134753,134760,134762,2,7
134753,134760,134762,2,7
134753,134761,134763,2,8
134753,134759,134762,3,6
134753,134759,134762,3,6
134753,134759,134762,3,6
134753,134760,134762,2,7
134753,134759,134762,3,6
134753,134760,134762,2,7
134753,134761,134763,2,8
134753,134758,134763,5,5
134753,134760,134763,3,7
134753,134759,134763,4,6
134753,134760,134763,3,7
134753,134759,134763,4,6
134753,134762,134763,1,9
134753,134759,134763,4,6
134753,134761,134763,2,8
134753,134761,134763,2,8
134753,134762,134763,1,9
134753,134759,134763,4,6
134753,134760,134763,3,7
134753,134760,134763,3,7
134753,134760,134764,4,7
134753,134759,134764,5,6
134753,134763,134765,2,10
134746,134746,134764,18,0
134746,134746,134764,18,0
134746,134746,134764,18,0
134753,134762,134764,2,9
134753,134763,134764,1,10
134753,134763,134764,1,10
134753,134763,134764,1,10
134753,134763,134764,1,10
134753,134763,134764,1,10
134753,134762,134765,3,9
134753,134763,134765,2,10
134753,134762,134765,3,9
134753,134762,134766,4,9
134753,134763,134765,2,10
134753,134762,134766,4,9
134753,134762,134765,3,9
134753,134762,134765,3,9
134753,134763,134766,3,10
134753,134764,134767,3,11
134753,134764,134767,3,11
134753,134763,134767,4,10
134753,134763,134767,4,10
134753,134763,134766,3,10
134753,134762,134767,5,9
134753,134763,134767,4,10
134753,134764,134767,3,11
134753,134764,134767,3,11
134753,134764,134767,3,11
134753,134764,134767,3,11
134753,134764,134767,3,11
134753,134764,134767,3,11
134746,134746,134767,21,0
134753,134765,134768,3,12
134753,134765,134768,3,12
134753,134763,134767,4,10
134753,134764,134767,3,11
134753,134765,134768,3,12
134753,134766,134768,2,13
134753,134763,134767,4,10
134753,134763,134767,4,10
134753,134765,134768,3,12
134753,134766,134769,3,13
134753,134764,134768,4,11
134753,134764,134768,4,11
134753,134765,134768,3,12
134753,134765,134768,3,12
134753,134765,134769,4,12
134753,134765,134768,3,12
134753,134766,134768,2,13
134753,134766,134769,3,13
134753,134766,134769,3,13
134753,134767,134769,2,14
134753,134766,134769,3,13
134753,134766,134769,3,13
134753,134765,134769,4,12
134753,134766,134769,3,13
134753,134767,134770,3,14
134753,134768,134770,2,15
134753,134767,134770,3,14
134753,134767,134770,3,14
134753,134768,134770,2,15
134753,134768,134770,2,15
134753,134768,134771,3,15
134753,134767,134771,4,14
134753,134768,134771,3,15
134753,134768,134770,2,15
134753,134767,134770,3,14
134753,134767,134771,4,14
134753,134768,134771,3,15
134753,134768,134771,3,15
134753,134767,134770,3,14
134753,134768,134770,2,15
134753,134768,134771,3,15
134753,134767,134771,4,14
134753,134768,134770,2,15
134753,134768,134771,3,15
134753,134768,134771,3,15
134753,134766,134774,8,13
134753,134769,134774,5,16
134753,134766,134775,9,13
134753,134766,134776,10,13
133952,133958,134792,834,6
134794,134794,134796,2,0
134794,134794,134796,2,0
134794,134794,134797,3,0
134794,134794,134796,2,0
134794,134794,134796,2,0
134794,134794,134796,2,0
134794,134794,134797,3,0
134794,134794,134797,3,0
134794,134794,134797,3,0
134794,134794,134798,4,0
134794,134794,134797,3,0
134794,134794,134797,3,0
134794,134794,134798,4,0
134794,134794,134797,3,0
134794,134794,134797,3,0
134794,134794,134798,4,0
134794,134794,134797,3,0
134794,134794,134797,3,0
134794,134794,134798,4,0
134794,134794,134798,4,0
134794,134794,134798,4,0
134794,134794,134798,4,0
134794,134794,134798,4,0
134794,134794,134797,3,0
134794,134796,134798,2,2
134794,134794,134798,4,0
134794,134794,134798,4,0
134794,134794,134798,4,0
134794,134794,134798,4,0
134794,134794,134798,4,0
134794,134794,134798,4,0
134794,134794,134799,5,0
134794,134794,134798,4,0
134794,134794,134798,4,0
134794,134794,134798,4,0
134794,134794,134798,4,0
134794,134794,134799,5,0
134794,134794,134798,4,0
134794,134794,134798,4,0
134794,134794,134799,5,0
134794,134794,134799,5,0
134794,134794,134799,5,0
134794,134798,134799,1,4
134794,134798,134800,2,4
134794,134797,134800,3,3
134794,134798,134800,2,4
134794,134798,134800,2,4
134794,134798,134800,2,4
134794,134798,134801,3,4
134794,134798,134801,3,4
134794,134798,134800,2,4
134794,134797,134800,3,3
134794,134797,134801,4,3
134794,134797,134801,4,3
134794,134798,134801,3,4
134794,134798,134801,3,4
134794,134798,134802,4,4
134794,134799,134802,3,5
134794,134798,134801,3,4
134794,134798,134802,4,4
134794,134799,134802,3,5
134794,134798,134801,3,4
134794,134798,134802,4,4
134794,134798,134802,4,4
134794,134798,134801,3,4
134794,134799,134802,3,5
134794,134799,134802,3,5
134794,134797,134801,4,3
134794,134798,134802,4,4
134794,134798,134802,4,4
134794,134799,134802,3,5
134794,134799,134802,3,5
134794,134799,134802,3,5
134794,134799,134802,3,5
134794,134799,134802,3,5
134794,134799,134802,3,5
134794,134799,134803,4,5
134794,134799,134802,3,5
134794,134799,134803,4,5
134794,134799,134803,4,5
134794,134799,134803,4,5
134794,134801,134803,2,7
134794,134800,134804,4,6
134794,134800,134803,3,6
134794,134800,134804,4,6
134794,134801,134804,3,7
134794,134801,134804,3,7
134794,134800,134803,3,6
134794,134800,134803,3,6
134794,134800,134804,4,6
134794,134800,134804,4,6
134794,134800,134803,3,6
134794,134801,134803,2,7
134794,134801,134803,2,7
134794,134801,134804,3,7
134794,134801,134803,2,7
134794,134801,134805,4,7
134794,134803,134805,2,9
134794,134803,134805,2,9
134794,134803,134805,2,9
134794,134802,134805,3,8
134794,134802,134805,3,8
134794,134802,134805,3,8
134794,134802,134805,3,8
134794,134802,134804,2,8
134794,134802,134805,3,8
134794,134802,134805,3,8
134794,134802,134805,3,8
134794,134803,134806,3,9
134794,134802,134806,4,8
134794,134802,134806,4,8
134794,134803,134806,3,9
134794,134803,134806,3,9
134794,134802,134806,4,8
134794,134802,134805,3,8
134794,134802,134805,3,8
134794,134803,134806,3,9
134794,134803,134806,3,9
134794,134803,134806,3,9
134794,134802,134806,4,8
134010,134017,134837,820,7
134840,134840,134842,2,0
134840,134840,134842,2,0
134840,134840,134843,3,0
134840,134840,134843,3,0
134840,134840,134843,3,0
134840,134840,134843,3,0
134840,134840,134843,3,0
134840,134840,134843,3,0
134840,134840,134843,3,0
134840,134840,134843,3,0
134840,134840,134844,4,0
134840,134840,134844,4,0
134840,134840,134844,4,0
134840,134840,134844,4,0
134840,134840,134843,3,0
134840,134840,134844,4,0
134840,134840,134843,3,0
134840,134840,134844,4,0
134840,134840,134844,4,0
134840,134840,134844,4,0
134840,134840,134844,4,0
134840,134840,134844,4,0
134840,134840,134843,3,0
134840,134840,134843,3,0
134840,134840,134844,4,0
134840,134840,134844,4,0
134840,134840,134844,4,0
134840,134840,134845,5,0
134840,134840,134844,4,0
134840,134840,134845,5,0
134840,134840,134845,5,0
134840,134840,134844,4,0
134840,134842,134845,3,2
134840,134840,134845,5,0
134840,134840,134845,5,0
134840,134840,134845,5,0
134840,134840,134845,5,0
134840,134843,134846,3,3
134840,134844,134846,2,4
134840,134844,134846,2,4
134840,134844,134846,2,4
134840,134843,134846,3,3
134840,134844,134846,2,4
134840,134843,134846,3,3
134840,134843,134847,4,3
134840,134843,134847,4,3
134840,134843,134846,3,3
134840,134843,134847,4,3
134840,134844,134847,3,4
134840,134843,134847,4,3
134840,134843,134848,5,3
134840,134844,134848,4,4
134840,134844,134848,4,4
134840,134844,134848,4,4
134840,134845,134848,3,5
134840,134845,134848,3,5
134840,134844,134848,4,4
134840,134844,134848,4,4
134840,134845,134848,3,5
134840,134846,134848,2,6
134840,134844,134848,4,4
134840,134844,134849,5,4
134840,134846,134848,2,6
134840,134844,134849,5,4
134840,134845,134849,4,5
134840,134846,134849,3,6
134840,134846,134849,3,6
134840,134845,134849,4,5
134840,134847,134849,2,7
134840,134844,134849,5,4
134840,134845,134849,4,5
134840,134847,134849,2,7
134840,134847,134849,2,7
134840,134844,134849,5,4
134840,134846,134849,3,6
134840,134847,134850,3,7
134840,134846,134849,3,6
134840,134845,134850,5,5
134840,134847,134850,3,7
134840,134847,134850,3,7
134840,134849,134851,2,9
134840,134845,134850,5,5
134840,134848,134850,2,8
134840,134848,134850,2,8
134840,134847,134850,3,7
134840,134848,134851,3,8
134840,134848,134850,2,8
134840,134850,134851,1,10
134840,134849,134851,2,9
134840,134849,134851,2,9
134840,134849,134851,2,9
134840,134849,134851,2,9
134840,134849,134851,2,9
134840,134849,134852,3,9
134840,134849,134852,3,9
134840,134849,134851,2,9
134840,134849,134851,2,9
134840,134850,134852,2,10
134840,134850,134852,2,10
134840,134850,134852,2,10
134840,134850,134852,2,10
134840,134850,134852,2,10
134840,134850,134853,3,10
134840,134850,134852,2,10
134840,134850,134852,2,10
134840,134850,134852,2,10
134840,134849,134852,3,9
134840,134849,134852,3,9
134840,134850,134853,3,10
134840,134850,134852,2,10
134840,134849,134853,4,9
134840,134850,134853,3,10
134840,134851,134853,2,11
134840,134851,134853,2,11
134840,134840,134844,4,0
134840,134840,134845,5,0
134840,134840,134845,5,0
134840,134840,134845,5,0
134840,134840,134845,5,0
134840,134859,134862,3,19
133959,133969,134876,907,10
134887,134887,134889,2,0
134887,134888,134890,2,1
134887,134887,134890,3,0
134887,134887,134890,3,0
134887,134887,134890,3,0
134887,134887,134890,3,0
134887,134887,134890,3,0
134887,134887,134890,3,0
134887,134887,134890,3,0
134887,134887,134891,4,0
134887,134887,134891,4,0
134887,134887,134890,3,0
134887,134887,134891,4,0
134887,134888,134891,3,1
134887,134887,134891,4,0
134887,134887,134891,4,0
134887,134887,134891,4,0
134887,134887,134891,4,0
134887,134887,134891,4,0
134887,134887,134891,4,0
134887,134887,134891,4,0
134887,134887,134891,4,0
134887,134887,134891,4,0
134887,134887,134891,4,0
134887,134889,134891,2,2
134887,134887,134892,5,0
134887,134887,134891,4,0
134887,134887,134892,5,0
134887,134887,134892,5,0
134887,134888,134891,3,1
134887,134890,134892,2,3
134887,134887,134891,4,0
134887,134887,134892,5,0
134887,134887,134892,5,0
134887,134887,134891,4,0
134887,134887,134892,5,0
134887,134887,134891,4,0
134887,134887,134891,4,0
134887,134887,134892,5,0
134887,134887,134891,4,0
134887,134887,134892,5,0
134887,134887,134891,4,0
134887,134891,134893,2,4
134887,134891,134892,1,4
134887,134891,134892,1,4
134887,134887,134893,6,0
134887,134891,134893,2,4
134887,134891,134893,2,4
134887,134890,134893,3,3
134887,134890,134893,3,3
134887,134890,134893,3,3
134887,134890,134893,3,3
134887,134891,134894,3,4
134887,134891,134894,3,4
134887,134891,134894,3,4
134887,134890,134894,4,3
134887,134890,134893,3,3
134887,134891,134894,3,4
134887,134891,134894,3,4
134887,134892,134895,3,5
134887,134891,134895,4,4
134887,134892,134895,3,5
134887,134892,134895,3,5
134887,134892,134895,3,5
134887,134891,134895,4,4
134887,134892,134895,3,5
134887,134892,134895,3,5
134887,134892,134895,3,5
134887,134892,134895,3,5
134887,134891,134896,5,4
134887,134892,134895,3,5
134887,134891,134896,5,4
134887,134892,134895,3,5
134887,134892,134896,4,5
134887,134892,134896,4,5
134887,134892,134896,4,5
134887,134892,134896,4,5
134887,134892,134895,3,5
134887,134892,134896,4,5
134887,134893,134896,3,6
134887,134891,134896,5,4
134887,134892,134896,4,5
134887,134893,134896,3,6
134887,134894,134897,3,7
134887,134891,134896,5,4
134887,134894,134897,3,7
134887,134894,134896,2,7
134887,134893,134897,4,6
134887,134893,134897,4,6
134887,134893,134897,4,6
134887,134893,134897,4,6
134887,134893,134897,4,6
134887,134895,134897,2,8
134887,134891,134897,6,4
134887,134894,134897,3,7
134887,134894,134897,3,7
134887,134895,134897,2,8
134887,134895,134897,2,8
134887,134895,134897,2,8
134887,134895,134898,3,8
134887,134895,134898,3,8
134887,134896,134898,2,9
134887,134896,134898,2,9
134887,134895,134898,3,8
134887,134896,134899,3,9
134887,134896,134898,2,9
134887,134896,134898,2,9
134887,134896,134899,3,9
134887,134896,134898,2,9
134887,134896,134898,2,9
134887,134896,134899,3,9
134887,134895,134899,4,8
134887,134895,134899,4,8
134887,134896,134899,3,9
134887,134896,134899,3,9
134887,134897,134899,2,10
134887,134895,134899,4,8
134887,134897,134899,2,10
134887,134896,134899,3,9
134887,134896,134899,3,9
134102,134120,134968,848,18
134969,134969,134970,1,0
134969,134969,134970,1,0
134969,134969,134972,3,0
134969,134969,134971,2,0
134969,134969,134971,2,0
134969,134969,134971,2,0
134969,134969,134972,3,0
134969,134969,134971,2,0
134969,134969,134972,3,0
134969,134969,134973,4,0
134969,134969,134973,4,0
134969,134969,134972,3,0
134969,134969,134972,3,0
134969,134969,134973,4,0
134969,134969,134973,4,0
134969,134969,134973,4,0
134969,134969,134973,4,0
134969,134969,134972,3,0
134969,134969,134972,3,0
134969,134969,134973,4,0
134969,134969,134973,4,0
134969,134969,134973,4,0
134969,134969,134973,4,0
134969,134969,134972,3,0
134969,134969,134973,4,0
134969,134969,134973,4,0
134969,134969,134973,4,0
134969,134969,134973,4,0
134969,134969,134972,3,0
134969,134969,134973,4,0
134969,134969,134973,4,0
134969,134969,134974,5,0
134969,134969,134973,4,0
134969,134969,134973,4,0
134969,134969,134973,4,0
134969,134969,134973,4,0
134969,134969,134973,4,0
134969,134971,134973,2,2
134969,134969,134973,4,0
134969,134969,134973,4,0
134969,134969,134973,4,0
134969,134971,134974,3,2
134969,134969,134973,4,0
134969,134972,134975,3,3
134969,134972,134975,3,3
134969,134972,134974,2,3
134969,134973,134976,3,4
134969,134972,134976,4,3
134969,134973,134975,2,4
134969,134973,134976,3,4
134969,134973,134975,2,4
134969,134973,134976,3,4
134969,134974,134976,2,5
134969,134972,134975,3,3
134969,134974,134976,2,5
134969,134974,134976,2,5
134969,134972,134975,3,3
134969,134973,134976,3,4
134969,134974,134976,2,5
134969,134973,134977,4,4
134969,134973,134977,4,4
134969,134973,134977,4,4
134969,134973,134976,3,4
134969,134974,134977,3,5
134969,134974,134976,2,5
134969,134973,134977,4,4
134969,134973,134977,4,4
134969,134973,134976,3,4
134969,134974,134976,2,5
134969,134973,134977,4,4
134969,134973,134977,4,4
134969,134973,134977,4,4
134969,134973,134977,4,4
134969,134973,134977,4,4
134969,134973,134977,4,4
134969,134973,134977,4,4
134969,134974,134978,4,5
134969,134974,134977,3,5
134969,134974,134978,4,5
134969,134974,134977,3,5
134969,134974,134978,4,5
134969,134975,134977,2,6
134969,134976,134978,2,7
134969,134973,134977,4,4
134969,134975,134978,3,6
134969,134974,134979,5,5
134969,134976,134979,3,7
134969,134974,134978,4,5
134969,134976,134978,2,7
134969,134976,134978,2,7
134969,134976,134979,3,7
134969,134976,134979,3,7
134969,134976,134979,3,7
134969,134975,134979,4,6
134969,134976,134979,3,7
134969,134976,134980,4,7
134969,134976,134980,4,7
134969,134976,134980,4,7
134969,134977,134980,3,8
134969,134977,134980,3,8
134969,134977,134980,3,8
134969,134977,134980,3,8
134969,134977,134980,3,8
134969,134977,134980,3,8
134969,134977,134980,3,8
134969,134977,134980,3,8
134969,134976,134980,4,7
134969,134976,134979,3,7
134969,134977,134980,3,8
134969,134977,134980,3,8
134969,134978,134981,3,9
134969,134978,134980,2,9
134969,134977,134980,3,8
134969,134977,134980,3,8
134969,134978,134981,3,9
134969,134978,134981,3,9
134969,134977,134981,4,8
134969,134978,134981,3,9
134969,134977,134981,4,8
134969,134977,134981,4,8
134099,134120,134992,872,21
135012,135012,135014,2,0
135012,135012,135014,2,0
135012,135012,135014,2,0
135012,135012,135014,2,0
135012,135012,135015,3,0
135012,135012,135015,3,0
135012,135012,135015,3,0
135012,135012,135015,3,0
135012,135012,135014,2,0
135012,135012,135014,2,0
135012,135012,135015,3,0
135012,135012,135015,3,0
135012,135012,135015,3,0
135012,135012,135015,3,0
135012,135012,135016,4,0
135012,135012,135016,4,0
135012,135012,135015,3,0
135012,135012,135016,4,0
135012,135012,135015,3,0
135012,135012,135016,4,0
135012,135012,135016,4,0
135012,135012,135015,3,0
135012,135012,135015,3,0
135012,135012,135016,4,0
135012,135012,135016,4,0
135012,135014,135016,2,2
135012,135012,135016,4,0
135012,135012,135016,4,0
135012,135012,135015,3,0
135012,135012,135016,4,0
135012,135012,135016,4,0
135012,135012,135016,4,0
135012,135012,135015,3,0
135012,135012,135016,4,0
135012,135012,135016,4,0
135012,135012,135016,4,0
135012,135012,135016,4,0
135012,135012,135016,4,0
135012,135012,135016,4,0
135012,135014,135017,3,2
135012,135012,135016,4,0
135012,135012,135016,4,0
135012,135012,135016,4,0
135012,135015,135018,3,3
135012,135015,135018,3,3
135012,135015,135018,3,3
135012,135014,135017,3,2
135012,135015,135018,3,3
135012,135015,135018,3,3
135012,135015,135018,3,3
135012,135016,135019,3,4
135012,135016,135019,3,4
135012,135016,135019,3,4
135012,135016,135019,3,4
135012,135017,135019,2,5
135012,135017,135019,2,5
135012,135015,135019,4,3
135012,135017,135019,2,5
135012,135015,135019,4,3
135012,135015,135018,3,3
135012,135015,135018,3,3
135012,135016,135019,3,4
135012,135017,135019,2,5
135012,135016,135019,3,4
135012,135017,135019,2,5
135012,135016,135020,4,4
135012,135016,135020,4,4
135012,135016,135020,4,4
135012,135016,135020,4,4
135012,135016,135020,4,4
135012,135016,135019,3,4
135012,135016,135020,4,4
135012,135016,135020,4,4
135012,135016,135020,4,4
135012,135016,135020,4,4
135012,135016,135020,4,4
135012,135017,135019,2,5
135012,135016,135020,4,4
135012,135016,135020,4,4
135012,135017,135021,4,5
135012,135017,135020,3,5
135012,135018,135021,3,6
135012,135018,135021,3,6
135012,135019,135021,2,7
135012,135016,135021,5,4
135012,135016,135021,5,4
135012,135017,135022,5,5
135012,135019,135022,3,7
135012,135019,135022,3,7
135012,135019,135021,2,7
135012,135018,135022,4,6
135012,135019,135022,3,7
135012,135019,135021,2,7
135012,135018,135022,4,6
135012,135019,135022,3,7
135012,135019,135023,4,7
135012,135019,135022,3,7
135012,135021,135022,1,9
135012,135018,135022,4,6
135012,135018,135022,4,6
135012,135018,135022,4,6
135012,135020,135022,2,8
135012,135020,135022,2,8
135012,135020,135023,3,8
135012,135020,135023,3,8
135012,135020,135022,2,8
135012,135020,135023,3,8
135012,135020,135023,3,8
135012,135020,135023,3,8
135012,135019,135023,4,7
135012,135020,135023,3,8
135012,135019,135023,4,7
135012,135021,135023,2,9
135012,135021,135023,2,9
135012,135021,135024,3,9
135012,135021,135024,3,9
135012,135020,135024,4,8
135012,135019,135022,3,7
135012,135019,135022,3,7
135012,135021,135024,3,9
134144,134182,135063,881,38
135066,135066,135067,1,0
135066,135066,135068,2,0
135066,135066,135068,2,0
135066,135066,135068,2,0
135066,135066,135069,3,0
135066,135066,135068,2,0
135066,135066,135068,2,0
135066,135066,135068,2,0
135066,135066,135070,4,0
135066,135066,135070,4,0
135066,135066,135070,4,0
135066,135066,135070,4,0
135066,135066,135069,3,0
135066,135066,135069,3,0
135066,135066,135070,4,0
135066,135066,135069,3,0
135066,135066,135069,3,0
135066,135066,135069,3,0
135066,135066,135069,3,0
135066,135066,135070,4,0
135066,135066,135070,4,0
135066,135066,135069,3,0
135066,135066,135070,4,0
135066,135066,135070,4,0
135066,135066,135069,3,0
135066,135066,135069,3,0
135066,135066,135070,4,0
135066,135066,135069,3,0
135066,135066,135070,4,0
135066,135066,135070,4,0
135066,135066,135070,4,0
135066,135066,135070,4,0
135066,135066,135070,4,0
135066,135066,135070,4,0
135066,135066,135070,4,0
135066,135066,135070,4,0
135066,135066,135070,4,0
135066,135066,135070,4,0
135066,135068,135071,3,2
135066,135066,135070,4,0
135066,135066,135070,4,0
135066,135066,135070,4,0
135066,135068,135071,3,2
135066,135069,135072,3,3
135066,135069,135071,2,3
135066,135069,135072,3,3
135066,135069,135071,2,3
135066,135069,135073,4,3
135066,135069,135072,3,3
135066,135071,135073,2,5
135066,135070,135073,3,4
135066,135071,135073,2,5
135066,135071,135072,1,5
135066,135070,135073,3,4
135066,135071,135073,2,5
135066,135071,135073,2,5
135066,135071,135073,2,5
135066,135070,135073,3,4
135066,135070,135073,3,4
135066,135070,135073,3,4
135066,135070,135073,3,4
135066,135071,135074,3,5
135066,135070,135073,3,4
135066,135070,135073,3,4
135066,135070,135073,3,4
135066,135070,135074,4,4
135066,135070,135074,4,4
135066,135070,135074,4,4
135066,135070,135073,3,4
135066,135070,135073,3,4
135066,135070,135074,4,4
135066,135070,135074,4,4
135066,135070,135074,4,4
135066,135071,135074,3,5
135066,135070,135074,4,4
135066,135070,135074,4,4
135066,135070,135074,4,4
135066,135071,135075,4,5
135066,135071,135074,3,5
135066,135071,135074,3,5
135066,135073,135075,2,7
135066,135073,135075,2,7
135066,135071,135075,4,5
135066,135071,135075,4,5
135066,135073,135075,2,7
135066,135073,135075,2,7
135066,135072,135074,2,6
135066,135070,135074,4,4
135066,135072,135075,3,6
135066,135071,135075,4,5
135066,135073,135076,3,7
135066,135073,135076,3,7
135066,135072,135076,4,6
135066,135073,135076,3,7
135066,135072,135076,4,6
135066,135073,135075,2,7
135066,135073,135076,3,7
135066,135073,135076,3,7
135066,135074,135076,2,8
135066,135074,135077,3,8
135066,135074,135077,3,8
135066,135074,135077,3,8
135066,135074,135077,3,8
135066,135074,135077,3,8
135066,135074,135077,3,8
135066,135074,135077,3,8
135066,135074,135077,3,8
135066,135074,135077,3,8
135066,135074,135077,3,8
135066,135074,135077,3,8
135066,135074,135078,4,8
135066,135074,135078,4,8
135066,135074,135077,3,8
135066,135075,135078,3,9
135066,135074,135077,3,8
135066,135074,135077,3,8
135066,135074,135077,3,8
135066,135074,135078,4,8
135066,135074,135077,3,8
135066,135075,135078,3,9
134161,134229,135089,860,68
135109,135109,135111,2,0
135109,135109,135112,3,0
135109,135109,135112,3,0
135109,135109,135112,3,0
135109,135109,135113,4,0
135109,135109,135113,4,0
135109,135109,135113,4,0
135109,135109,135113,4,0
135109,135109,135113,4,0
135109,135109,135112,3,0
135109,135109,135113,4,0
135109,135109,135113,4,0
135109,135109,135113,4,0
135109,135109,135113,4,0
135109,135109,135113,4,0
135109,135109,135113,4,0
135109,135109,135113,4,0
135109,135109,135113,4,0
135109,135109,135112,3,0
135109,135109,135113,4,0
135109,135109,135113,4,0
135109,135109,135113,4,0
135109,135109,135113,4,0
135109,135109,135113,4,0
135109,135109,135113,4,0
135109,135109,135113,4,0
135109,135109,135113,4,0
135109,135109,135113,4,0
135109,135109,135112,3,0
135109,135109,135113,4,0
135109,135109,135113,4,0
135109,135109,135114,5,0
135109,135109,135114,5,0
135109,135109,135113,4,0
135109,135109,135114,5,0
135109,135109,135114,5,0
135109,135109,135114,5,0
135109,135111,135115,4,2
135109,135112,135115,3,3
135109,135112,135116,4,3
135109,135113,135116,3,4
135109,135114,135116,2,5
135109,135113,135116,3,4
135109,135113,135116,3,4
135109,135112,135117,5,3
135109,135114,135117,3,5
135109,135114,135117,3,5
135109,135113,135117,4,4
135109,135113,135117,4,4
135109,135113,135117,4,4
135109,135113,135117,4,4
135109,135113,135117,4,4
135109,135113,135117,4,4
135109,135113,135117,4,4
135109,135113,135117,4,4
135109,135114,135117,3,5
135109,135114,135117,3,5
135109,135116,135117,1,7
135109,135114,135118,4,5
135109,135114,135118,4,5
135109,135114,135117,3,5
135109,135114,135117,3,5
135109,135114,135117,3,5
135109,135114,135117,3,5
135109,135116,135117,1,7
135109,135114,135117,3,5
135109,135114,135117,3,5
135109,135114,135117,3,5
135109,135114,135117,3,5
135109,135114,135117,3,5
135109,135115,135117,2,6
135109,135116,135117,1,7
135109,135114,135118,4,5
135109,135116,135118,2,7
135109,135114,135118,4,5
135109,135115,135118,3,6
135109,135115,135118,3,6
135109,135114,135118,4,5
135109,135116,135119,3,7
135109,135117,135119,2,8
135109,135117,135119,2,8
135109,135118,135120,2,9
135109,135118,135120,2,9
135109,135118,135120,2,9
135109,135118,135120,2,9
135109,135118,135120,2,9
135109,135118,135121,3,9
135109,135118,135120,2,9
135109,135118,135121,3,9
135109,135117,135120,3,8
135109,135118,135120,2,9
135109,135118,135120,2,9
135109,135118,135121,3,9
135109,135118,135121,3,9
135109,135118,135120,2,9
135109,135118,135121,3,9
135109,135118,135121,3,9
135109,135118,135121,3,9
135109,135118,135121,3,9
135109,135118,135121,3,9
135109,135118,135121,3,9
135109,135118,135121,3,9
135109,135118,135121,3,9
135109,135119,135121,2,10
135109,135118,135121,3,9
135109,135119,135121,2,10
135109,135118,135121,3,9
135109,135119,135121,2,10
135109,135118,135121,3,9
135109,135118,135121,3,9
135109,135118,135121,3,9
135109,135118,135121,3,9
135109,135118,135121,3,9
135109,135118,135121,3,9
135109,135119,135121,2,10
135109,135120,135122,2,11
135109,135131,135133,2,22
135109,135131,135134,3,22
135109,135131,135136,5,22
135109,135131,135135,4,22
134269,134318,135178,860,49
135179,135180,135183,3,1
135179,135180,135182,2,1
135179,135180,135183,3,1
135179,135180,135182,2,1
135179,135180,135183,3,1
135179,135180,135183,3,1
135179,135180,135184,4,1
135179,135180,135183,3,1
135179,135180,135184,4,1
135179,135180,135184,4,1
135179,135180,135183,3,1
135179,135180,135184,4,1
135179,135180,135183,3,1
135179,135180,135184,4,1
135179,135180,135183,3,1
135179,135180,135184,4,1
135179,135180,135183,3,1
135179,135180,135184,4,1
135179,135180,135184,4,1
135179,135180,135183,3,1
135179,135180,135183,3,1
135179,135180,135184,4,1
135179,135180,135183,3,1
135179,135180,135183,3,1
135179,135180,135183,3,1
135179,135180,135183,3,1
135179,135180,135184,4,1
135179,135180,135184,4,1
135179,135180,135184,4,1
135179,135180,135184,4,1
135179,135180,135184,4,1
135179,135180,135184,4,1
135179,135180,135184,4,1
135179,135180,135185,5,1
135179,135180,135184,4,1
135179,135180,135185,5,1
135179,135180,135184,4,1
135179,135180,135184,4,1
135179,135180,135184,4,1
135179,135180,135184,4,1
135179,135180,135184,4,1
135179,135183,135186,3,4
135179,135183,135186,3,4
135179,135184,135187,3,5
135179,135184,135187,3,5
135179,135183,135187,4,4
135179,135184,135187,3,5
135179,135185,135186,1,6
135179,135184,135187,3,5
135179,135185,135187,2,6
135179,135184,135187,3,5
135179,135184,135187,3,5
135179,135184,135187,3,5
135179,135184,135188,4,5
135179,135185,135188,3,6
135179,135184,135187,3,5
135179,135183,135187,4,4
135179,135184,135187,3,5
135179,135184,135188,4,5
135179,135184,135187,3,5
135179,135184,135188,4,5
135179,135184,135188,4,5
135179,135184,135187,3,5
135179,135184,135187,3,5
135179,135185,135187,2,6
135179,135184,135188,4,5
135179,135184,135187,3,5
135179,135184,135188,4,5
135179,135184,135188,4,5
135179,135184,135188,4,5
135179,135185,135188,3,6
135179,135185,135188,3,6
135179,135186,135188,2,7
135179,135184,135188,4,5
135179,135185,135189,4,6
135179,135185,135189,4,6
135179,135186,135188,2,7
135179,135185,135189,4,6
135179,135185,135188,3,6
135179,135185,135188,3,6
135179,135185,135189,4,6
135179,135184,135189,5,5
135179,135185,135188,3,6
135179,135187,135189,2,8
135179,135185,135190,5,6
135179,135187,135190,3,8
135179,135187,135190,3,8
135179,135187,135190,3,8
135179,135188,135190,2,9
135179,135188,135191,3,9
135179,135188,135191,3,9
135179,135187,135191,4,8
135179,135187,135190,3,8
135179,135188,135191,3,9
135179,135188,135190,2,9
135179,135188,135191,3,9
135179,135188,135191,3,9
135179,135188,135191,3,9
135179,135188,135191,3,9
135179,135187,135191,4,8
135179,135188,135191,3,9
135179,135188,135191,3,9
135179,135188,135191,3,9
135179,135188,135191,3,9
135179,135189,135192,3,10
135179,135189,135192,3,10
135179,135188,135191,3,9
135179,135189,135192,3,10
135179,135188,135192,4,9
135179,135188,135191,3,9
135179,135188,135192,4,9
135179,135188,135192,4,9
135179,135188,135192,4,9
135179,135188,135192,4,9
135179,135188,135191,3,9
135179,135189,135192,3,10
135179,135189,135193,4,10
135179,135189,135193,4,10
135179,135189,135193,4,10
135179,135189,135193,4,10
134352,134387,135256,869,35
135259,135259,135262,3,0
135259,135259,135262,3,0
135259,135259,135262,3,0
135259,135259,135262,3,0
135259,135259,135262,3,0
135259,135259,135263,4,0
135259,135259,135262,3,0
135259,135259,135263,4,0
135259,135259,135263,4,0
135259,135259,135263,4,0
135259,135259,135263,4,0
135259,135259,135263,4,0
135259,135259,135263,4,0
135259,135259,135263,4,0
135259,135259,135263,4,0
135259,135259,135263,4,0
135259,135259,135263,4,0
135259,135259,135263,4,0
135259,135259,135263,4,0
135259,135259,135263,4,0
135259,135259,135263,4,0
135259,135259,135263,4,0
135259,135259,135263,4,0
135259,135259,135263,4,0
135259,135259,135263,4,0
135259,135259,135263,4,0
135259,135259,135264,5,0
135259,135259,135264,5,0
135259,135259,135263,4,0
135259,135259,135264,5,0
135259,135259,135264,5,0
135259,135259,135264,5,0
135259,135259,135264,5,0
135259,135259,135264,5,0
135259,135259,135264,5,0
135259,135259,135264,5,0
135259,135259,135264,5,0
135259,135259,135264,5,0
135259,135259,135264,5,0
135259,135259,135264,5,0
135259,135259,135264,5,0
135259,135262,135265,3,3
135259,135262,135265,3,3
135259,135262,135266,4,3
135259,135264,135266,2,5
135259,135262,135266,4,3
135259,135262,135266,4,3
135259,135264,135267,3,5
135259,135264,135267,3,5
135259,135264,135267,3,5
135259,135264,135267,3,5
135259,135263,135267,4,4
135259,135264,135267,3,5
135259,135264,135267,3,5
135259,135264,135267,3,5
135259,135264,135267,3,5
135259,135264,135267,3,5
135259,135264,135267,3,5
135259,135264,135267,3,5
135259,135264,135267,3,5
135259,135264,135267,3,5
135259,135264,135267,3,5
135259,135264,135268,4,5
135259,135264,135267,3,5
135259,135265,135268,3,6
135259,135264,135267,3,5
135259,135264,135267,3,5
135259,135264,135267,3,5
135259,135264,135268,4,5
135259,135264,135268,4,5
135259,135265,135267,2,6
135259,135265,135268,3,6
135259,135265,135268,3,6
135259,135266,135268,2,7
135259,135265,135268,3,6
135259,135265,135268,3,6
135259,135265,135268,3,6
135259,135265,135268,3,6
135259,135265,135268,3,6
135259,135265,135268,3,6
135259,135265,135268,3,6
135259,135264,135268,4,5
135259,135267,135269,2,8
135259,135264,135269,5,5
135259,135266,135269,3,7
135259,135267,135269,2,8
135259,135267,135269,2,8
135259,135267,135270,3,8
135259,135267,135270,3,8
135259,135268,135270,2,9
135259,135268,135271,3,9
135259,135267,135270,3,8
135259,135268,135270,2,9
135259,135268,135271,3,9
135259,135268,135271,3,9
135259,135268,135271,3,9
135259,135268,135271,3,9
135259,135268,135271,3,9
135259,135268,135271,3,9
135259,135268,135271,3,9
135259,135268,135271,3,9
135259,135268,135271,3,9
135259,135268,135271,3,9
135259,135269,135272,3,10
135259,135268,135271,3,9
135259,135269,135272,3,10
135259,135268,135271,3,9
135259,135269,135272,3,10
135259,135269,135271,2,10
135259,135269,135272,3,10
135259,135268,135271,3,9
135259,135268,135271,3,9
135259,135268,135271,3,9
135259,135268,135271,3,9
135259,135268,135271,3,9
135259,135268,135272,4,9
135259,135269,135272,3,10
135259,135268,135271,3,9
135259,135268,135271,3,9
135259,135269,135272,3,10
134425,134445,135339,894,20
135342,135342,135344,2,0
135342,135342,135345,3,0
135342,135342,135344,2,0
135342,135342,135344,2,0
135342,135342,135344,2,0
135342,135342,135344,2,0
135342,135342,135345,3,0
135342,135342,135346,4,0
135342,135342,135346,4,0
135342,135342,135346,4,0
135342,135342,135345,3,0
135342,135342,135346,4,0
135342,135342,135346,4,0
135342,135342,135345,3,0
135342,135342,135345,3,0
135342,135342,135345,3,0
135342,135342,135346,4,0
135342,135342,135346,4,0
135342,135342,135346,4,0
135342,135342,135345,3,0
135342,135342,135345,3,0
135342,135342,135345,3,0
135342,135342,135346,4,0
135342,135342,135345,3,0
135342,135342,135346,4,0
135342,135342,135346,4,0
135342,135342,135346,4,0
135342,135342,135346,4,0
135342,135342,135346,4,0
135342,135342,135346,4,0
135342,135342,135346,4,0
135342,135342,135346,4,0
135342,135342,135346,4,0
135342,135342,135346,4,0
135342,135342,135346,4,0
135342,135342,135346,4,0
135342,135342,135346,4,0
135342,135342,135346,4,0
135342,135342,135346,4,0
135342,135342,135347,5,0
135342,135345,135348,3,3
135342,135342,135347,5,0
135342,135345,135348,3,3
135342,135345,135348,3,3
135342,135345,135348,3,3
135342,135346,135349,3,4
135342,135345,135349,4,3
135342,135346,135349,3,4
135342,135345,135349,4,3
135342,135346,135349,3,4
135342,135346,135349,3,4
135342,135346,135350,4,4
135342,135346,135350,4,4
135342,135346,135350,4,4
135342,135346,135349,3,4
135342,135346,135350,4,4
135342,135346,135350,4,4
135342,135346,135350,4,4
135342,135347,135350,3,5
135342,135346,135350,4,4
135342,135346,135350,4,4
135342,135347,135350,3,5
135342,135347,135350,3,5
135342,135346,135350,4,4
135342,135346,135350,4,4
135342,135346,135350,4,4
135342,135346,135350,4,4
135342,135346,135350,4,4
135342,135347,135350,3,5
135342,135347,135351,4,5
135342,135347,135351,4,5
135342,135347,135351,4,5
135342,135348,135351,3,6
135342,135347,135351,4,5
135342,135347,135351,4,5
135342,135348,135351,3,6
135342,135347,135351,4,5
135342,135347,135350,3,5
135342,135347,135350,3,5
135342,135347,135351,4,5
135342,135348,135352,4,6
135342,135350,135352,2,8
135342,135347,135352,5,5
135342,135348,135351,3,6
135342,135349,135352,3,7
135342,135347,135351,4,5
135342,135348,135351,3,6
135342,135349,135352,3,7
135342,135347,135352,5,5
135342,135349,135352,3,7
135342,135349,135352,3,7
135342,135350,135353,3,8
135342,135349,135352,3,7
135342,135350,135353,3,8
135342,135350,135353,3,8
135342,135350,135353,3,8
135342,135350,135353,3,8
135342,135350,135353,3,8
135342,135350,135354,4,8
135342,135350,135353,3,8
135342,135350,135353,3,8
135342,135350,135353,3,8
135342,135350,135353,3,8
135342,135350,135353,3,8
135342,135350,135353,3,8
135342,135350,135354,4,8
135342,135351,135353,2,9
135342,135351,135354,3,9
135342,135351,135354,3,9
135342,135351,135354,3,9
135342,135350,135354,4,8
135342,135350,135354,4,8
135342,135351,135354,3,9
135342,135352,135354,2,10
135342,135352,135354,2,10
135342,135351,135354,3,9
135342,135350,135354,4,8
135342,135351,135354,3,9
135342,135351,135354,3,9
135342,135350,135355,5,8
134574,134579,135371,792,5
135386,135387,135388,1,1
135386,135387,135388,1,1
135386,135387,135389,2,1
135386,135387,135390,3,1
135386,135387,135389,2,1
135386,135387,135389,2,1
135386,135387,135389,2,1
135386,135387,135389,2,1
135386,135387,135389,2,1
135386,135387,135389,2,1
135386,135387,135389,2,1
135386,135387,135389,2,1
135386,135387,135389,2,1
135386,135387,135390,3,1
135386,135387,135390,3,1
135386,135387,135390,3,1
135386,135387,135390,3,1
135386,135387,135390,3,1
135386,135387,135390,3,1
135386,135387,135390,3,1
135386,135387,135390,3,1
135386,135387,135391,4,1
135386,135387,135390,3,1
135386,135387,135390,3,1
135386,135387,135390,3,1
135386,135387,135391,4,1
135386,135387,135391,4,1
135386,135387,135390,3,1
135386,135387,135390,3,1
135386,135387,135391,4,1
135386,135387,135391,4,1
135386,135387,135391,4,1
135386,135387,135391,4,1
135386,135387,135390,3,1
135386,135387,135391,4,1
135386,135387,135391,4,1
135386,135387,135391,4,1
135386,135390,135392,2,4
135386,135387,135391,4,1
135386,135387,135391,4,1
135386,135390,135392,2,4
135386,135387,135391,4,1
135386,135389,135391,2,3
135386,135389,135391,2,3
135386,135387,135392,5,1
135386,135390,135393,3,4
135386,135390,135392,2,4
135386,135390,135392,2,4
135386,135390,135392,2,4
135386,135390,135392,2,4
135386,135390,135392,2,4
135386,135390,135393,3,4
135386,135390,135393,3,4
135386,135391,135394,3,5
135386,135391,135394,3,5
135386,135391,135393,2,5
135386,135390,135394,4,4
135386,135391,135394,3,5
135386,135391,135394,3,5
135386,135391,135394,3,5
135386,135391,135393,2,5
135386,135391,135393,2,5
135386,135391,135394,3,5
135386,135392,135394,2,6
135386,135392,135395,3,6
135386,135392,135395,3,6
135386,135391,135395,4,5
135386,135392,135395,3,6
135386,135391,135394,3,5
135386,135392,135394,2,6
135386,135391,135394,3,5
135386,135391,135394,3,5
135386,135391,135394,3,5
135386,135391,135394,3,5
135386,135392,135395,3,6
135386,135392,135395,3,6
135386,135391,135394,3,5
135386,135391,135394,3,5
135386,135391,135394,3,5
135386,135391,135395,4,5
135386,135393,135396,3,7
135386,135393,135396,3,7
135386,135391,135395,4,5
135386,135392,135396,4,6
135386,135392,135395,3,6
135386,135393,135396,3,7
135386,135391,135396,5,5
135386,135393,135396,3,7
135386,135392,135395,3,6
135386,135393,135396,3,7
135386,135393,135396,3,7
135386,135395,135396,1,9
135386,135395,135397,2,9
135386,135394,135397,3,8
135386,135394,135397,3,8
135386,135395,135396,1,9
135386,135395,135397,2,9
135386,135394,135397,3,8
135386,135395,135397,2,9
135386,135395,135397,2,9
135386,135393,135397,4,7
135386,135394,135397,3,8
135386,135394,135397,3,8
135386,135394,135397,3,8
135386,135394,135397,3,8
135386,135393,135397,4,7
135386,135394,135397,3,8
135386,135395,135398,3,9
135386,135394,135397,3,8
135386,135394,135397,3,8
135386,135395,135398,3,9
135386,135395,135397,2,9
135386,135395,135398,3,9
135386,135395,135397,2,9
135386,135395,135398,3,9
135386,135395,135397,2,9
135386,135394,135397,3,8
135386,135395,135398,3,9
135386,135395,135398,3,9
134545,134550,135398,848,5
134564,134570,135398,828,6
135386,135395,135398,3,9
134486,134506,135416,910,20
135429,135429,135432,3,0
135429,135429,135431,2,0
135429,135429,135432,3,0
135429,135429,135431,2,0
135429,135429,135431,2,0
135429,135429,135431,2,0
135429,135429,135431,2,0
135429,135429,135432,3,0
135429,135429,135433,4,0
135429,135429,135432,3,0
135429,135429,135432,3,0
135429,135429,135432,3,0
135429,135429,135433,4,0
135429,135429,135432,3,0
135429,135429,135432,3,0
135429,135429,135432,3,0
135429,135429,135433,4,0
135429,135429,135433,4,0
135429,135429,135432,3,0
135429,135429,135432,3,0
135429,135429,135433,4,0
135429,135429,135433,4,0
135429,135429,135432,3,0
135429,135429,135432,3,0
135429,135429,135432,3,0
135429,135429,135433,4,0
135429,135429,135432,3,0
135429,135429,135433,4,0
135429,135429,135433,4,0
135429,135429,135433,4,0
135429,135429,135433,4,0
135429,135429,135433,4,0
135429,135429,135433,4,0
135429,135429,135433,4,0
135429,135429,135433,4,0
135429,135429,135433,4,0
135429,135429,135433,4,0
135429,135429,135433,4,0
135429,135429,135433,4,0
135429,135432,135435,3,3
135429,135432,135434,2,3
135429,135432,135434,2,3
135429,135432,135435,3,3
135429,135432,135435,3,3
135429,135432,135435,3,3
135429,135433,135436,3,4
135429,135432,135435,3,3
135429,135432,135435,3,3
135429,135434,135436,2,5
135429,135433,135436,3,4
135429,135433,135436,3,4
135429,135433,135436,3,4
135429,135433,135436,3,4
135429,135433,135436,3,4
135429,135433,135436,3,4
135429,135433,135437,4,4
135429,135434,135437,3,5
135429,135433,135437,4,4
135429,135433,135437,4,4
135429,135434,135436,2,5
135429,135433,135437,4,4
135429,135434,135436,2,5
135429,135433,135436,3,4
135429,135433,135436,3,4
135429,135433,135437,4,4
135429,135434,135437,3,5
135429,135433,135437,4,4
135429,135434,135436,2,5
135429,135434,135437,3,5
135429,135434,135437,3,5
135429,135435,135437,2,6
135429,135433,135437,4,4
135429,135434,135438,4,5
135429,135436,135438,2,7
135429,135433,135437,4,4
135429,135435,135438,3,6
135429,135435,135438,3,6
135429,135434,135438,4,5
135429,135434,135438,4,5
135429,135434,135438,4,5
135429,135436,135439,3,7
135429,135436,135439,3,7
135429,135436,135438,2,7
135429,135436,135438,2,7
135429,135436,135439,3,7
135429,135437,135439,2,8
135429,135436,135439,3,7
135429,135437,135439,2,8
135429,135437,135439,2,8
135429,135435,135439,4,6
135429,135436,135439,3,7
135429,135436,135439,3,7
135429,135436,135439,3,7
135429,135437,135440,3,8
135429,135436,135439,3,7
135429,135436,135439,3,7
135429,135437,135439,2,8
135429,135437,135439,2,8
135429,135437,135440,3,8
135429,135437,135440,3,8
135429,135437,135440,3,8
135429,135437,135440,3,8
135429,135437,135440,3,8
135429,135437,135440,3,8
135429,135437,135440,3,8
135429,135437,135441,4,8
135429,135437,135440,3,8
135429,135438,135441,3,9
135429,135438,135441,3,9
135429,135438,135441,3,9
135429,135437,135441,4,8
135429,135438,135441,3,9
135429,135439,135441,2,10
135429,135439,135441,2,10
135429,135439,135442,3,10
135429,135439,135441,2,10
135429,135439,135442,3,10
135429,135440,135442,2,11
135429,135440,135442,2,11
135429,135441,135442,1,12
135429,135441,135442,1,12
135429,135440,135443,3,11
135429,135441,135442,1,12
135429,135441,135443,2,12
135429,135441,135442,1,12
135429,135441,135443,2,12
135429,135440,135443,3,11
135429,135439,135442,3,10
135429,135440,135443,3,11
135429,135440,135443,3,11
135429,135440,135443,3,11
135429,135440,135443,3,11
135429,135440,135443,3,11
135429,135440,135444,4,11
135429,135440,135443,3,11
135429,135440,135443,3,11
135429,135440,135443,3,11
135429,135440,135443,3,11
135429,135439,135443,4,10
135429,135439,135443,4,10
135429,135440,135443,3,11
135429,135440,135443,3,11
135429,135440,135444,4,11
135429,135442,135445,3,13
135429,135440,135444,4,11
135429,135442,135445,3,13
135429,135442,135445,3,13
135429,135440,135445,5,11
135429,135441,135445,4,12
135429,135442,135445,3,13
135429,135443,135445,2,14
135429,135442,135446,4,13
135429,135442,135446,4,13
135429,135443,135445,2,14
135429,135442,135446,4,13
135429,135443,135445,2,14
135429,135443,135446,3,14
135429,135443,135445,2,14
135429,135443,135445,2,14
135429,135442,135445,3,13
135429,135443,135445,2,14
135429,135443,135445,2,14
135429,135441,135446,5,12
135429,135445,135446,1,16
135429,135442,135447,5,13
135429,135444,135447,3,15
135429,135444,135447,3,15
135429,135444,135447,3,15
135429,135444,135447,3,15
135429,135444,135447,3,15
135429,135444,135447,3,15
135429,135444,135448,4,15
135429,135444,135448,4,15
135429,135445,135448,3,16
135429,135446,135448,2,17
135429,135444,135448,4,15
135429,135444,135448,4,15
135429,135444,135448,4,15
135429,135444,135448,4,15
135429,135444,135448,4,15
135429,135446,135448,2,17
135429,135444,135448,4,15
135429,135445,135449,4,16
135429,135446,135448,2,17
135429,135446,135448,2,17
135429,135446,135448,2,17
135429,135446,135448,2,17
135429,135445,135449,4,16
135429,135445,135449,4,16
135429,135446,135449,3,17
135429,135446,135449,3,17
135429,135444,135448,4,15
135429,135446,135448,2,17
135429,135445,135448,3,16
135429,135446,135449,3,17
135429,135446,135449,3,17
135429,135446,135449,3,17
135429,135446,135449,3,17
135429,135446,135449,3,17
135429,135447,135450,3,18
135429,135448,135450,2,19
135429,135448,135450,2,19
135429,135448,135450,2,19
135429,135449,135451,2,20
135429,135449,135450,1,20
135429,135447,135451,4,18
135429,135448,135451,3,19
135429,135448,135450,2,19
135429,135449,135450,1,20
135429,135447,135451,4,18
135429,135448,135451,3,19
135429,135448,135451,3,19
135429,135448,135451,3,19
135429,135448,135451,3,19
135429,135449,135450,1,20
135429,135447,135451,4,18
135429,135448,135451,3,19
135429,135448,135451,3,19
135429,135449,135451,2,20
135429,135448,135451,3,19
135429,135449,135451,2,20
135429,135449,135451,2,20
135429,135429,135433,4,0
135429,135429,135433,4,0
135429,135429,135433,4,0
135429,135429,135434,5,0
135429,135448,135452,4,19
135429,135448,135452,4,19
135429,135449,135452,3,20
135429,135449,135452,3,20
135429,135448,135452,4,19
135429,135449,135452,3,20
135429,135449,135452,3,20
135429,135449,135452,3,20
135429,135449,135452,3,20
135429,135449,135452,3,20
135432,135450,135453,3,18
135432,135450,135453,3,18
135429,135449,135453,4,20
135429,135449,135453,4,20
135432,135451,135453,2,19
135432,135452,135454,2,20
135432,135452,135454,2,20
135432,135452,135454,2,20
135432,135452,135455,3,20
135432,135452,135455,3,20
135432,135453,135454,1,21
135432,135452,135454,2,20
135432,135453,135454,1,21
135432,135451,135454,3,19
135432,135451,135454,3,19
135432,135451,135455,4,19
135432,135451,135455,4,19
135432,135452,135454,2,20
135432,135453,135455,2,21
135432,135451,135454,3,19
135432,135451,135455,4,19
135432,135451,135454,3,19
135432,135451,135454,3,19
135432,135452,135455,3,20
135432,135452,135455,3,20
135432,135452,135455,3,20
135432,135452,135456,4,20
135432,135452,135455,3,20
135432,135452,135455,3,20
135432,135453,135455,2,21
135432,135452,135455,3,20
135432,135453,135455,2,21
135432,135453,135455,2,21
135432,135452,135455,3,20
135432,135453,135455,2,21
135429,135452,135457,5,23
135429,135452,135456,4,23
135432,135452,135456,4,20
135432,135453,135456,3,21
135432,135453,135457,4,21
135432,135454,135457,3,22
135432,135455,135457,2,23
135432,135453,135456,3,21
135432,135453,135456,3,21
135432,135455,135457,2,23
135432,135452,135456,4,20
135432,135454,135457,3,22
135432,135455,135457,2,23
135432,135454,135457,3,22
135432,135454,135457,3,22
135432,135455,135457,2,23
135432,135455,135458,3,23
135432,135455,135457,2,23
135432,135455,135458,3,23
135432,135455,135458,3,23
135432,135456,135459,3,24
135432,135454,135458,4,22
135432,135456,135458,2,24
135432,135456,135458,2,24
135432,135457,135459,2,25
135432,135455,135458,3,23
135432,135455,135459,4,23
135432,135455,135459,4,23
135432,135455,135459,4,23
135432,135455,135458,3,23
135432,135455,135459,4,23
135432,135456,135458,2,24
135432,135455,135459,4,23
135432,135455,135458,3,23
135432,135455,135458,3,23
135432,135456,135459,3,24
135432,135457,135459,2,25
135432,135456,135458,2,24
135432,135456,135458,2,24
135432,135456,135459,3,24
135432,135457,135459,2,25
135432,135457,135459,2,25
135432,135456,135459,3,24
135432,135456,135459,3,24
135432,135457,135459,2,25
135432,135456,135459,3,24
135432,135457,135459,2,25
135432,135457,135460,3,25
135432,135457,135460,3,25
135432,135457,135460,3,25
135432,135457,135460,3,25
135432,135457,135460,3,25
135432,135458,135460,2,26
135432,135458,135460,2,26
135432,135458,135461,3,26
135432,135456,135460,4,24
135432,135458,135461,3,26
135432,135459,135461,2,27
135432,135459,135461,2,27
135432,135459,135461,2,27
135432,135458,135461,3,26
135432,135458,135460,2,26
135432,135459,135461,2,27
135432,135458,135461,3,26
135432,135459,135462,3,27
135432,135459,135462,3,27
135432,135459,135461,2,27
135432,135459,135462,3,27
135432,135459,135462,3,27
135432,135459,135462,3,27
135432,135459,135462,3,27
135432,135458,135461,3,26
135432,135459,135461,2,27
135432,135459,135462,3,27
135432,135459,135462,3,27
135432,135459,135462,3,27
135432,135459,135462,3,27
135432,135459,135461,2,27
135432,135458,135461,3,26
135432,135459,135462,3,27
135432,135459,135462,3,27
135432,135460,135463,3,28
135432,135459,135462,3,27
135432,135460,135463,3,28
135432,135460,135463,3,28
135432,135459,135462,3,27
135432,135460,135463,3,28
135432,135460,135463,3,28
135432,135460,135463,3,28
134618,134625,135517,892,7
135518,135518,135520,2,0
135518,135518,135520,2,0
135518,135518,135520,2,0
135518,135518,135520,2,0
135518,135518,135521,3,0
135518,135518,135521,3,0
135518,135519,135521,2,1
135518,135519,135521,2,1
135518,135519,135521,2,1
135518,135518,135521,3,0
135518,135518,135521,3,0
135518,135518,135521,3,0
135518,135518,135521,3,0
135518,135518,135521,3,0
135518,135518,135521,3,0
135518,135518,135521,3,0
135518,135518,135521,3,0
135518,135518,135522,4,0
135518,135518,135522,4,0
135518,135518,135522,4,0
135518,135518,135522,4,0
135518,135518,135522,4,0
135518,135518,135522,4,0
135518,135518,135522,4,0
135518,135518,135522,4,0
135518,135518,135522,4,0
135518,135519,135523,4,1
135518,135518,135523,5,0
135518,135518,135523,5,0
135518,135518,135523,5,0
135518,135518,135523,5,0
135518,135518,135523,5,0
135518,135518,135523,5,0
135518,135518,135523,5,0
135518,135520,135523,3,2
135518,135518,135523,5,0
135518,135519,135523,4,1
135518,135519,135523,4,1
135518,135520,135523,3,2
135518,135518,135523,5,0
135518,135521,135524,3,3
135518,135518,135523,5,0
135518,135518,135523,5,0
135518,135518,135523,5,0
134631,134631,135524,893,0
135518,135521,135524,3,3
135518,135520,135524,4,2
135518,135522,135524,2,4
135518,135522,135524,2,4
135518,135522,135524,2,4
135518,135522,135524,2,4
135518,135522,135524,2,4
135518,135522,135524,2,4
135518,135522,135525,3,4
135518,135522,135525,3,4
135518,135522,135525,3,4
135518,135522,135525,3,4
135518,135522,135525,3,4
135518,135522,135525,3,4
135518,135523,135525,2,5
135518,135522,135525,3,4
135518,135522,135525,3,4
135518,135523,135526,3,5
135518,135524,135526,2,6
135518,135522,135526,4,4
135518,135524,135526,2,6
135518,135524,135526,2,6
135518,135524,135527,3,6
135518,135522,135526,4,4
135518,135524,135527,3,6
135518,135523,135526,3,5
135518,135523,135526,3,5
135518,135523,135526,3,5
135518,135524,135526,2,6
135518,135524,135526,2,6
135518,135523,135526,3,5
135518,135523,135526,3,5
135518,135524,135526,2,6
135518,135523,135527,4,5
135518,135524,135527,3,6
135518,135524,135527,3,6
135518,135524,135527,3,6
135518,135524,135527,3,6
135518,135525,135527,2,7
135518,135524,135527,3,6
135518,135524,135527,3,6
135518,135524,135527,3,6
135518,135524,135527,3,6
135518,135524,135528,4,6
135518,135525,135529,4,7
135518,135527,135529,2,9
135518,135525,135528,3,7
135518,135525,135528,3,7
135518,135526,135529,3,8
135518,135525,135528,3,7
135518,135527,135528,1,9
135518,135527,135529,2,9
135518,135525,135528,3,7
135518,135525,135529,4,7
135518,135526,135529,3,8
135518,135526,135529,3,8
135518,135526,135529,3,8
135518,135527,135530,3,9
135518,135527,135529,2,9
135518,135526,135529,3,8
135518,135526,135529,3,8
135518,135526,135529,3,8
135518,135526,135529,3,8
135518,135526,135529,3,8
135518,135527,135530,3,9
135518,135525,135529,4,7
135518,135527,135529,2,9
135518,135527,135530,3,9
135518,135527,135530,3,9
135518,135526,135529,3,8
135518,135527,135530,3,9
135518,135527,135530,3,9
135518,135527,135530,3,9
135518,135527,135530,3,9
135518,135527,135530,3,9
135525,135528,135531,3,3
135525,135528,135531,3,3
135525,135528,135531,3,3
135525,135528,135531,3,3
135525,135528,135531,3,3
135518,135527,135530,3,9
135525,135528,135531,3,3
135525,135528,135531,3,3
135525,135530,135532,2,5
135525,135530,135532,2,5
135525,135529,135532,3,4
135525,135529,135532,3,4
135525,135530,135532,2,5
135525,135528,135532,4,3
135525,135530,135531,1,5
135525,135530,135532,2,5
135525,135530,135532,2,5
135525,135530,135532,2,5
135525,135528,135532,4,3
135525,135530,135533,3,5
135525,135530,135532,2,5
135525,135529,135532,3,4
135525,135530,135532,2,5
135525,135529,135533,4,4
135525,135529,135533,4,4
135525,135529,135532,3,4
135525,135529,135533,4,4
135525,135529,135533,4,4
135525,135529,135533,4,4
135525,135530,135533,3,5
135525,135530,135534,4,5
135525,135530,135533,3,5
135525,135530,135533,3,5
135525,135530,135533,3,5
135525,135530,135534,4,5
135525,135530,135534,4,5
135525,135530,135534,4,5
135525,135530,135533,3,5
135525,135530,135534,4,5
135525,135531,135535,4,6
135525,135532,135535,3,7
135525,135532,135534,2,7
135525,135531,135535,4,6
135525,135531,135535,4,6
135525,135532,135535,3,7
135525,135531,135535,4,6
135525,135531,135534,3,6
135525,135532,135535,3,7
135525,135531,135535,4,6
135525,135532,135535,3,7
135525,135532,135535,3,7
135525,135530,135534,4,5
135525,135532,135535,3,7
135525,135531,135535,4,6
135525,135533,135536,3,8
135525,135533,135536,3,8
135525,135532,135536,4,7
135525,135532,135536,4,7
135525,135532,135536,4,7
135525,135532,135536,4,7
135525,135532,135535,3,7
134627,134627,135536,909,0
135525,135533,135537,4,8
135525,135534,135537,3,9
135525,135533,135537,4,8
135525,135533,135537,4,8
135525,135535,135537,2,10
135525,135533,135537,4,8
135525,135532,135537,5,7
135525,135533,135537,4,8
135525,135533,135537,4,8
135525,135534,135537,3,9
135525,135533,135537,4,8
135525,135534,135537,3,9
135525,135535,135537,2,10
135525,135534,135538,4,9
135525,135534,135538,4,9
135525,135535,135538,3,10
135525,135533,135538,5,8
135525,135535,135538,3,10
135525,135534,135538,4,9
135525,135534,135538,4,9
135525,135535,135538,3,10
135525,135535,135538,3,10
135525,135534,135538,4,9
135525,135534,135538,4,9
135525,135536,135538,2,11
135525,135536,135539,3,11
135525,135534,135538,4,9
135525,135535,135539,4,10
135525,135535,135538,3,10
135525,135536,135539,3,11
135525,135537,135539,2,12
135525,135535,135539,4,10
135525,135535,135539,4,10
135525,135536,135539,3,11
135525,135535,135539,4,10
135525,135537,135539,2,12
135525,135537,135540,3,12
135525,135537,135539,2,12
135525,135537,135539,2,12
135525,135537,135539,2,12
135525,135536,135539,3,11
135525,135537,135540,3,12
135525,135537,135540,3,12
135525,135537,135540,3,12
135525,135537,135540,3,12
135525,135535,135540,5,10
135525,135538,135540,2,13
135525,135538,135540,2,13
135525,135538,135540,2,13
135525,135538,135540,2,13
135525,135537,135540,3,12
135525,135538,135541,3,13
135525,135538,135541,3,13
135525,135538,135541,3,13
135525,135538,135541,3,13
135525,135538,135541,3,13
135525,135539,135541,2,14
135525,135539,135541,2,14
135525,135538,135541,3,13
135525,135538,135541,3,13
134640,134640,135541,901,0
134629,134629,135548,919,0
134665,134665,135562,897,0
134663,134663,135562,899,0
134697,134697,135563,866,0
135564,135565,135566,1,1
135564,135564,135566,2,0
135564,135564,135566,2,0
135564,135564,135566,2,0
135564,135564,135566,2,0
135564,135564,135567,3,0
135564,135564,135567,3,0
135564,135564,135566,2,0
135564,135564,135567,3,0
135564,135564,135567,3,0
135564,135565,135567,2,1
135564,135564,135567,3,0
135564,135564,135567,3,0
135564,135564,135567,3,0
135564,135564,135567,3,0
135564,135564,135568,4,0
135564,135564,135568,4,0
135564,135564,135568,4,0
135564,135564,135568,4,0
135564,135564,135568,4,0
135564,135564,135568,4,0
135564,135564,135568,4,0
135564,135564,135568,4,0
135564,135564,135568,4,0
135564,135566,135568,2,2
135564,135564,135568,4,0
135564,135564,135568,4,0
135564,135565,135568,3,1
135564,135564,135568,4,0
135564,135564,135568,4,0
135564,135564,135568,4,0
135564,135564,135568,4,0
135564,135564,135567,3,0
135564,135564,135568,4,0
135564,135564,135568,4,0
135564,135564,135568,4,0
135564,135564,135568,4,0
135564,135564,135569,5,0
135564,135564,135569,5,0
135564,135564,135569,5,0
135564,135564,135568,4,0
135564,135566,135569,3,2
135564,135564,135569,5,0
135564,135564,135568,4,0
135564,135564,135568,4,0
135564,135564,135569,5,0
135564,135564,135569,5,0
135564,135566,135569,3,2
135564,135564,135569,5,0
135564,135566,135569,3,2
135564,135567,135569,2,3
135564,135566,135570,4,2
135564,135567,135570,3,3
135564,135567,135570,3,3
135564,135567,135570,3,3
135564,135567,135570,3,3
135564,135569,135570,1,5
135564,135569,135570,1,5
135564,135567,135571,4,3
135564,135568,135571,3,4
135564,135568,135571,3,4
135564,135568,135571,3,4
135564,135567,135571,4,3
135564,135568,135571,3,4
135564,135567,135571,4,3
135564,135569,135571,2,5
135564,135568,135571,3,4
135564,135567,135571,4,3
135564,135567,135571,4,3
135564,135568,135571,3,4
135564,135568,135572,4,4
135564,135568,135571,3,4
135564,135569,135572,3,5
135564,135568,135572,4,4
135564,135568,135572,4,4
135564,135568,135572,4,4
135564,135568,135572,4,4
135564,135570,135572,2,6
135564,135568,135572,4,4
135564,135570,135572,2,6
135564,135568,135572,4,4
135564,135570,135573,3,6
135564,135570,135573,3,6
135564,135568,135573,5,4
135564,135568,135572,4,4
135564,135568,135572,4,4
135564,135570,135573,3,6
135564,135570,135573,3,6
135564,135568,135572,4,4
135564,135568,135573,5,4
134670,134670,135572,902,0
135564,135569,135573,4,5
135564,135570,135573,3,6
135564,135570,135573,3,6
135564,135570,135573,3,6
135564,135570,135573,3,6
135564,135570,135573,3,6
135564,135571,135573,2,7
135564,135571,135573,2,7
135564,135571,135573,2,7
135564,135571,135574,3,7
135564,135571,135574,3,7
135564,135570,135574,4,6
135564,135572,135574,2,8
135564,135571,135574,3,7
135564,135571,135574,3,7
135564,135572,135575,3,8
135564,135572,135575,3,8
135564,135571,135575,4,7
135564,135572,135574,2,8
135564,135572,135575,3,8
135564,135572,135574,2,8
135564,135572,135575,3,8
135564,135572,135575,3,8
135564,135572,135575,3,8
135564,135573,135575,2,9
135564,135572,135575,3,8
135564,135572,135575,3,8
135564,135573,135575,2,9
135564,135572,135575,3,8
135564,135572,135575,3,8
135564,135573,135576,3,9
135564,135572,135575,3,8
135564,135573,135576,3,9
135564,135574,135577,3,10
135564,135574,135576,2,10
135564,135573,135576,3,9
135564,135573,135576,3,9
135564,135573,135576,3,9
135564,135573,135576,3,9
135564,135573,135577,4,9
135564,135573,135576,3,9
135564,135573,135577,4,9
135564,135575,135576,1,11
135564,135573,135576,3,9
135564,135573,135577,4,9
135564,135573,135576,3,9
135564,135573,135577,4,9
135564,135575,135576,1,11
135564,135575,135576,1,11
135564,135573,135577,4,9
135564,135573,135577,4,9
135564,135573,135577,4,9
135564,135576,135577,1,12
135564,135576,135577,1,12
135564,135574,135578,4,10
135564,135575,135577,2,11
135564,135574,135578,4,10
135564,135574,135578,4,10
135564,135574,135577,3,10
135564,135575,135577,2,11
135564,135574,135577,3,10
135564,135576,135578,2,12
135564,135575,135578,3,11
135564,135575,135578,3,11
135564,135576,135578,2,12
135564,135577,135579,2,13
135564,135575,135578,3,11
135564,135577,135579,2,13
135564,135575,135579,4,11
135564,135575,135578,3,11
135564,135575,135578,3,11
135564,135575,135578,3,11
135564,135575,135579,4,11
135564,135574,135578,4,10
135564,135576,135579,3,12
135564,135576,135579,3,12
135564,135577,135579,2,13
135564,135574,135579,5,10
135564,135576,135579,3,12
135564,135577,135579,2,13
135564,135577,135580,3,13
135564,135577,135580,3,13
135564,135577,135580,3,13
135564,135577,135580,3,13
135564,135577,135580,3,13
135564,135577,135580,3,13
135564,135577,135579,2,13
135564,135576,135580,4,12
135564,135578,135581,3,14
135564,135576,135581,5,12
135564,135577,135580,3,13
135564,135577,135581,4,13
135564,135577,135581,4,13
135564,135577,135580,3,13
135564,135578,135581,3,14
135564,135578,135580,2,14
135564,135577,135580,3,13
135564,135577,135581,4,13
135564,135578,135582,4,14
135564,135578,135581,3,14
135564,135578,135581,3,14
135564,135578,135581,3,14
135564,135579,135581,2,15
135564,135576,135581,5,12
135564,135579,135582,3,15
135564,135579,135582,3,15
135564,135578,135582,4,14
135564,135578,135581,3,14
135564,135578,135581,3,14
135564,135579,135582,3,15
135564,135578,135582,4,14
135564,135578,135582,4,14
135564,135578,135581,3,14
135564,135579,135582,3,15
135564,135579,135581,2,15
135564,135579,135582,3,15
135564,135579,135582,3,15
135564,135579,135582,3,15
135564,135579,135582,3,15
135564,135579,135582,3,15
135564,135579,135582,3,15
135564,135579,135582,3,15
135564,135580,135583,3,16
135564,135580,135583,3,16
135564,135580,135583,3,16
135564,135580,135583,3,16
135564,135581,135583,2,17
135564,135581,135583,2,17
135564,135580,135583,3,16
135564,135580,135583,3,16
135564,135580,135583,3,16
135564,135581,135583,2,17
135564,135580,135583,3,16
135564,135580,135583,3,16
135564,135580,135584,4,16
135564,135581,135584,3,17
135564,135580,135583,3,16
135564,135581,135583,2,17
135564,135581,135584,3,17
135564,135580,135584,4,16
135564,135580,135584,4,16
135564,135581,135584,3,17
135564,135581,135584,3,17
135564,135581,135584,3,17
135564,135582,135584,2,18
135564,135581,135584,3,17
135564,135582,135584,2,18
135564,135582,135584,2,18
135564,135582,135585,3,18
135564,135582,135585,3,18
135564,135582,135585,3,18
135564,135582,135585,3,18
135564,135582,135585,3,18
135564,135583,135585,2,19
135564,135583,135585,2,19
135564,135583,135585,2,19
135564,135582,135585,3,18
135564,135582,135585,3,18
135564,135582,135585,3,18
135564,135582,135586,4,18
135564,135582,135586,4,18
135564,135583,135586,3,19
135564,135583,135586,3,19
135564,135582,135586,4,18
135564,135582,135586,4,18
135564,135585,135586,1,21
135564,135585,135586,1,21
135564,135585,135586,1,21
135564,135585,135586,1,21
135564,135582,135586,4,18
135564,135582,135586,4,18
135564,135584,135586,2,20
135564,135585,135586,1,21
135564,135585,135586,1,21
135564,135583,135587,4,19
135564,135583,135586,3,19
135564,135583,135587,4,19
135564,135583,135587,4,19
135564,135584,135587,3,20
135564,135584,135587,3,20
135564,135583,135587,4,19
135564,135584,135587,3,20
135564,135584,135587,3,20
135564,135585,135587,2,21
135564,135583,135587,4,19
135564,135583,135587,4,19
135564,135584,135588,4,20
135564,135585,135588,3,21
135564,135583,135588,5,19
135564,135584,135588,4,20
135564,135585,135588,3,21
135564,135585,135588,3,21
135564,135583,135588,5,19
135564,135583,135588,5,19
135564,135584,135588,4,20
135564,135586,135588,2,22
135564,135586,135588,2,22
135564,135587,135588,1,23
135564,135584,135588,4,20
135564,135587,135588,1,23
135564,135587,135588,1,23
135564,135585,135589,4,21
135564,135586,135588,2,22
135564,135586,135589,3,22
135564,135585,135589,4,21
135564,135586,135589,3,22
135564,135586,135590,4,22
135564,135586,135589,3,22
135564,135586,135590,4,22
135564,135587,135589,2,23
135564,135585,135589,4,21
135564,135586,135589,3,22
135564,135587,135590,3,23
135564,135587,135590,3,23
135564,135587,135590,3,23
135564,135586,135590,4,22
135564,135586,135590,4,22
135564,135587,135590,3,23
135564,135586,135590,4,22
135564,135587,135590,3,23
135564,135588,135591,3,24
135564,135587,135590,3,23
135564,135587,135590,3,23
135564,135587,135591,4,23
135564,135588,135591,3,24
135564,135587,135591,4,23
135564,135587,135591,4,23
135564,135587,135591,4,23
135564,135587,135591,4,23
135564,135589,135591,2,25
135564,135589,135592,3,25
135564,135589,135591,2,25
135564,135589,135591,2,25
135564,135589,135591,2,25
135564,135587,135591,4,23
135564,135587,135591,4,23
135564,135588,135591,3,24
135564,135589,135592,3,25
135564,135591,135592,1,27
135564,135588,135592,4,24
135564,135589,135592,3,25
135564,135589,135592,3,25
135564,135590,135592,2,26
135564,135590,135592,2,26
135564,135591,135593,2,27
135564,135589,135592,3,25
135564,135589,135592,3,25
135564,135591,135592,1,27
135564,135589,135592,3,25
135564,135590,135592,2,26
135564,135589,135592,3,25
135564,135589,135592,3,25
135564,135589,135592,3,25
135564,135589,135593,4,25
135564,135590,135593,3,26
135564,135589,135592,3,25
135564,135590,135593,3,26
135564,135589,135592,3,25
135564,135590,135593,3,26
135564,135590,135593,3,26
135564,135590,135593,3,26
135564,135591,135593,2,27
135564,135591,135593,2,27
135564,135591,135594,3,27
135564,135590,135593,3,26
135564,135591,135593,2,27
135564,135590,135593,3,26
135564,135591,135593,2,27
135564,135590,135594,4,26
135564,135591,135594,3,27
135565,135593,135595,2,28
135565,135593,135594,1,28
135565,135591,135595,4,26
135565,135593,135595,2,28
135565,135592,135595,3,27
135565,135592,135595,3,27
135565,135593,135595,2,28
135565,135592,135596,4,27
135565,135593,135596,3,28
135565,135593,135596,3,28
135565,135593,135596,3,28
135565,135593,135595,2,28
135565,135593,135596,3,28
135565,135591,135595,4,26
135565,135593,135596,3,28
135565,135592,135597,5,27
135565,135593,135596,3,28
135565,135593,135596,3,28
135565,135592,135596,4,27
135565,135593,135597,4,28
135565,135594,135596,2,29
135565,135592,135596,4,27
135565,135593,135597,4,28
135565,135593,135597,4,28
135565,135592,135597,5,27
135565,135592,135597,5,27
135565,135592,135597,5,27
135565,135592,135596,4,27
135565,135594,135597,3,29
135565,135594,135597,3,29
135565,135592,135597,5,27
135565,135594,135597,3,29
135565,135593,135597,4,28
135565,135594,135597,3,29
135565,135594,135597,3,29
135565,135592,135597,5,27
135565,135593,135597,4,28
135565,135592,135597,5,27
135565,135593,135598,5,28
135565,135593,135598,5,28
135565,135594,135598,4,29
135565,135596,135598,2,31
135565,135593,135597,4,28
135565,135596,135598,2,31
135565,135596,135598,2,31
135565,135596,135597,1,31
135565,135596,135598,2,31
135565,135594,135598,4,29
135565,135596,135598,2,31
135565,135593,135598,5,28
135565,135593,135598,5,28
135565,135595,135599,4,30
135565,135595,135599,4,30
135565,135595,135599,4,30
135565,135595,135599,4,30
135565,135595,135599,4,30
135565,135594,135599,5,29
135565,135596,135598,2,31
135565,135596,135599,3,31
135565,135596,135600,4,31
135565,135597,135600,3,32
135565,135597,135600,3,32
135565,135597,135600,3,32
135565,135597,135600,3,32
135565,135597,135600,3,32
135565,135597,135600,3,32
135565,135597,135600,3,32
135565,135597,135601,4,32
135565,135596,135600,4,31
135565,135598,135601,3,33
135565,135597,135600,3,32
135565,135598,135600,2,33
135565,135598,135600,2,33
135565,135597,135600,3,32
135565,135598,135601,3,33
135565,135598,135600,2,33
135565,135597,135601,4,32
135565,135597,135601,4,32
135565,135596,135601,5,31
135565,135597,135601,4,32
135565,135597,135601,4,32
135565,135597,135601,4,32
135565,135597,135602,5,32
135565,135598,135601,3,33
135565,135598,135601,3,33
135565,135598,135602,4,33
135565,135598,135602,4,33
135565,135598,135602,4,33
135565,135598,135602,4,33
135565,135598,135602,4,33
135565,135598,135602,4,33
135565,135600,135602,2,35
135565,135597,135602,5,32
135565,135599,135602,3,34
135565,135598,135602,4,33
135565,135599,135603,4,34
135565,135600,135603,3,35
135565,135599,135603,4,34
135565,135598,135603,5,33
135565,135599,135603,4,34
135565,135599,135603,4,34
135565,135599,135603,4,34
135565,135600,135603,3,35
135565,135600,135603,3,35
135565,135600,135603,3,35
135565,135601,135603,2,36
135565,135600,135604,4,35
135565,135601,135604,3,36
135565,135599,135604,5,34
135565,135600,135603,3,35
135565,135601,135604,3,36
135565,135599,135603,4,34
135565,135600,135604,4,35
135576,135601,135604,3,25
135565,135598,135604,6,33
135576,135602,135604,2,26
135576,135602,135604,2,26
135565,135601,135605,4,36
135565,135601,135605,4,36
135565,135601,135605,4,36
135565,135601,135604,3,36
135565,135601,135605,4,36
135565,135600,135605,5,35
135576,135604,135605,1,28
135576,135604,135605,1,28
135576,135601,135605,4,25
135576,135604,135605,1,28
135576,135604,135605,1,28
135576,135602,135605,3,26
135576,135604,135605,1,28
135576,135604,135605,1,28
135576,135604,135605,1,28
135576,135602,135605,3,26
135576,135602,135606,4,26
135576,135602,135605,3,26
135576,135602,135606,4,26
135576,135604,135606,2,28
134668,134669,135606,937,1
135576,135603,135606,3,27
135576,135603,135606,3,27
135576,135603,135606,3,27
135576,135603,135607,4,27
135576,135603,135606,3,27
135576,135603,135606,3,27
135576,135603,135606,3,27
135576,135603,135606,3,27
135576,135602,135606,4,26
135576,135603,135607,4,27
135576,135603,135607,4,27
135576,135603,135607,4,27
135576,135604,135607,3,28
135576,135603,135606,3,27
135576,135604,135607,3,28
135576,135603,135607,4,27
135576,135604,135607,3,28
135576,135605,135608,3,29
135576,135605,135607,2,29
135576,135603,135607,4,27
135576,135605,135608,3,29
135576,135604,135607,3,28
135576,135604,135608,4,28
135576,135603,135607,4,27
135576,135605,135608,3,29
135576,135605,135608,3,29
135576,135605,135608,3,29
135576,135605,135608,3,29
135576,135606,135608,2,30
135576,135605,135608,3,29
135576,135605,135608,3,29
135576,135605,135609,4,29
135576,135606,135609,3,30
135576,135606,135609,3,30
135576,135606,135609,3,30
135576,135606,135609,3,30
135576,135605,135609,4,29
135576,135606,135609,3,30
135576,135606,135609,3,30
135576,135606,135609,3,30
135576,135606,135609,3,30
135576,135606,135610,4,30
135576,135607,135610,3,31
135576,135608,135610,2,32
135576,135606,135609,3,30
135576,135607,135609,2,31
135576,135607,135610,3,31
135576,135608,135610,2,32
135576,135608,135610,2,32
135576,135606,135609,3,30
135576,135607,135610,3,31
135576,135607,135610,3,31
135576,135606,135609,3,30
135576,135606,135610,4,30
135576,135607,135610,3,31
135576,135607,135610,3,31
135576,135607,135610,3,31
135576,135608,135611,3,32
135576,135607,135610,3,31
135576,135607,135610,3,31
135576,135607,135610,3,31
135576,135607,135610,3,31
135576,135607,135610,3,31
135576,135608,135611,3,32
135576,135609,135611,2,33
135576,135607,135611,4,31
135576,135607,135611,4,31
135576,135608,135611,3,32
135576,135608,135611,3,32
135576,135608,135611,3,32
135576,135608,135611,3,32
135576,135609,135611,2,33
135576,135609,135612,3,33
135576,135610,135612,2,34
135576,135609,135612,3,33
135576,135609,135612,3,33
135576,135609,135612,3,33
135576,135609,135612,3,33
135576,135609,135612,3,33
135576,135607,135611,4,31
135576,135608,135612,4,32
135576,135610,135612,2,34
135576,135608,135611,3,32
135576,135609,135612,3,33
135576,135608,135612,4,32
135576,135610,135612,2,34
135576,135610,135613,3,34
135576,135610,135612,2,34
135576,135610,135613,3,34
135576,135610,135612,2,34
135576,135609,135613,4,33
135576,135609,135613,4,33
135576,135610,135613,3,34
135576,135610,135613,3,34
135576,135609,135613,4,33
135576,135610,135613,3,34
135576,135611,135614,3,35
135576,135611,135613,2,35
135576,135611,135613,2,35
135577,135611,135613,2,34
135576,135610,135613,3,34
135576,135610,135614,4,34
135576,135610,135614,4,34
135577,135611,135614,3,34
135577,135612,135614,2,35
135576,135611,135614,3,35
135577,135614,135615,1,37
135577,135611,135614,3,34
135577,135611,135614,3,34
135577,135612,135614,2,35
135577,135612,135614,2,35
135577,135612,135615,3,35
135577,135611,135615,4,34
135577,135612,135615,3,35
135577,135611,135615,4,34
135577,135611,135615,4,34
135577,135612,135615,3,35
135577,135614,135615,1,37
135577,135614,135615,1,37
134748,134757,135615,858,9
135577,135614,135615,1,37
135577,135614,135615,1,37
135577,135612,135615,3,35
135577,135612,135615,3,35
135577,135612,135615,3,35
135577,135614,135615,1,37
135577,135612,135615,3,35
135577,135612,135615,3,35
135577,135613,135616,3,36
135577,135612,135616,4,35
135577,135612,135615,3,35
135577,135613,135616,3,36
135577,135613,135616,3,36
135577,135611,135616,5,34
135577,135612,135616,4,35
135577,135613,135616,3,36
135577,135611,135616,5,34
135577,135613,135616,3,36
135577,135612,135616,4,35
135577,135612,135616,4,35
135577,135614,135616,2,37
135577,135612,135616,4,35
135577,135612,135617,5,35
135577,135613,135617,4,36
135577,135613,135617,4,36
135577,135614,135617,3,37
135577,135614,135617,3,37
135577,135614,135617,3,37
135577,135615,135617,2,38
135577,135616,135617,1,39
135577,135616,135618,2,39
135577,135613,135617,4,36
135577,135615,135618,3,38
135577,135615,135617,2,38
135577,135614,135618,4,37
135577,135615,135618,3,38
135577,135615,135617,2,38
135577,135615,135618,3,38
135577,135614,135618,4,37
135577,135613,135618,5,36
135577,135614,135618,4,37
135577,135615,135618,3,38
135577,135617,135618,1,40
135577,135617,135619,2,40
135577,135616,135619,3,39
135577,135615,135618,3,38
135577,135615,135618,3,38
135577,135616,135619,3,39
135577,135616,135619,3,39
135577,135617,135619,2,40
135577,135616,135619,3,39
135577,135616,135619,3,39
135577,135616,135619,3,39
135577,135616,135619,3,39
135577,135616,135619,3,39
135577,135616,135619,3,39
135577,135616,135620,4,39
135577,135616,135620,4,39
135577,135616,135619,3,39
135577,135616,135619,3,39
135577,135616,135619,3,39
135577,135618,135620,2,41
135577,135616,135621,5,39
135577,135616,135620,4,39
135577,135616,135620,4,39
135577,135618,135620,2,41
135577,135618,135620,2,41
135577,135618,135621,3,41
135577,135617,135620,3,40
135577,135617,135620,3,40
135577,135618,135621,3,41
135577,135617,135620,3,40
135577,135617,135620,3,40
135577,135617,135620,3,40
135577,135618,135621,3,41
135577,135618,135620,2,41
135577,135618,135621,3,41
135577,135617,135620,3,40
135577,135617,135621,4,40
135577,135618,135621,3,41
135577,135618,135621,3,41
135577,135618,135621,3,41
135577,135620,135621,1,43
135577,135619,135621,2,42
135577,135619,135622,3,42
135577,135619,135621,2,42
135577,135620,135622,2,43
135577,135619,135621,2,42
135577,135619,135621,2,42
135577,135618,135621,3,41
135577,135618,135622,4,41
135577,135618,135622,4,41
135577,135618,135622,4,41
135577,135619,135621,2,42
135577,135619,135622,3,42
135577,135619,135622,3,42
135577,135619,135622,3,42
135577,135620,135622,2,43
135577,135620,135622,2,43
135577,135620,135623,3,43
135577,135620,135622,2,43
135577,135620,135622,2,43
135577,135619,135622,3,42
135577,135620,135623,3,43
135577,135620,135623,3,43
135577,135620,135623,3,43
135577,135620,135623,3,43
135577,135621,135624,3,44
135577,135621,135624,3,44
135577,135620,135623,3,43
135577,135620,135623,3,43
135577,135621,135624,3,44
135577,135621,135623,2,44
135577,135622,135624,2,45
135577,135621,135624,3,44
135577,135622,135624,2,45
135577,135621,135624,3,44
135577,135621,135624,3,44
135577,135622,135624,2,45
135577,135623,135624,1,46
135577,135623,135624,1,46
135577,135623,135624,1,46
135577,135621,135625,4,44
135577,135621,135625,4,44
135577,135621,135625,4,44
135577,135621,135625,4,44
135577,135622,135625,3,45
135577,135622,135625,3,45
135577,135623,135625,2,46
135577,135623,135625,2,46
135577,135621,135624,3,44
135577,135623,135625,2,46
135577,135622,135625,3,45
135577,135622,135625,3,45
135577,135622,135625,3,45
135577,135622,135625,3,45
135577,135622,135625,3,45
135577,135621,135625,4,44
135577,135621,135625,4,44
135577,135621,135625,4,44
135577,135622,135626,4,45
135577,135622,135626,4,45
135577,135623,135625,2,46
135577,135621,135625,4,44
135577,135623,135626,3,46
135577,135621,135625,4,44
135577,135624,135626,2,47
135577,135622,135626,4,45
135577,135622,135626,4,45
135577,135623,135626,3,46
134707,134707,135626,919,0
135577,135624,135626,2,47
135577,135622,135626,4,45
135577,135623,135626,3,46
135577,135623,135627,4,46
135577,135623,135626,3,46
135577,135624,135626,2,47
135577,135622,135626,4,45
135577,135624,135627,3,47
135577,135625,135627,2,48
135577,135625,135628,3,48
135577,135625,135628,3,48
135577,135625,135628,3,48
135577,135625,135627,2,48
135577,135625,135627,2,48
135577,135624,135627,3,47
135577,135625,135627,2,48
135577,135625,135628,3,48
135577,135625,135628,3,48
135577,135625,135628,3,48
135577,135625,135628,3,48
135577,135625,135628,3,48
135577,135624,135628,4,47
135577,135624,135628,4,47
135577,135624,135628,4,47
135577,135625,135628,3,48
135577,135625,135628,3,48
135577,135626,135628,2,49
135577,135625,135628,3,48
135577,135626,135628,2,49
135577,135626,135629,3,49
135577,135625,135628,3,48
135577,135626,135628,2,49
135577,135626,135628,2,49
135577,135626,135629,3,49
135577,135626,135629,3,49
135577,135626,135628,2,49
135577,135626,135629,3,49
135577,135626,135629,3,49
135577,135626,135629,3,49
135577,135625,135629,4,48
135577,135625,135628,3,48
135577,135626,135629,3,49
135577,135626,135629,3,49
135577,135626,135629,3,49
135577,135625,135629,4,48
135577,135626,135630,4,49
135577,135626,135629,3,49
135577,135627,135630,3,50
135577,135627,135630,3,50
135577,135627,135630,3,50
135577,135628,135630,2,51
135577,135626,135630,4,49
135577,135626,135629,3,49
135577,135626,135630,4,49
135577,135627,135630,3,50
135577,135627,135630,3,50
135577,135628,135631,3,51
135577,135628,135630,2,51
135577,135628,135631,3,51
135577,135628,135631,3,51
135577,135628,135631,3,51
135577,135628,135630,2,51
135577,135627,135630,3,50
135577,135628,135631,3,51
135577,135627,135631,4,50
135577,135628,135631,3,51
135577,135628,135631,3,51
135577,135628,135631,3,51
135577,135628,135631,3,51
135577,135628,135631,3,51
135577,135629,135631,2,52
135577,135629,135631,2,52
135577,135629,135631,2,52
135577,135628,135632,4,51
134638,134638,135638,1000,0
134635,134635,135644,1009,0
134673,134673,135647,974,0
134703,134703,135651,948,0
134755,134769,135659,890,14
135666,135667,135669,2,1
135666,135667,135669,2,1
135666,135667,135668,1,1
135666,135667,135669,2,1
135666,135667,135669,2,1
135666,135667,135669,2,1
135666,135667,135670,3,1
135666,135667,135669,2,1
135666,135667,135670,3,1
135666,135667,135669,2,1
135666,135667,135669,2,1
135666,135667,135670,3,1
135666,135667,135669,2,1
135666,135667,135670,3,1
135666,135667,135670,3,1
135666,135667,135671,4,1
135666,135667,135671,4,1
135666,135667,135670,3,1
135666,135667,135670,3,1
135666,135667,135671,4,1
135666,135667,135670,3,1
135666,135667,135670,3,1
135666,135667,135671,4,1
135666,135667,135671,4,1
135666,135667,135671,4,1
135666,135667,135670,3,1
135666,135667,135671,4,1
135666,135667,135670,3,1
135666,135667,135670,3,1
135666,135667,135670,3,1
135666,135667,135670,3,1
135666,135667,135670,3,1
135666,135667,135671,4,1
135666,135667,135670,3,1
135666,135667,135671,4,1
135666,135667,135671,4,1
135666,135667,135670,3,1
135666,135667,135670,3,1
135666,135667,135670,3,1
135666,135667,135670,3,1
135666,135667,135670,3,1
135666,135667,135670,3,1
135666,135667,135671,4,1
135666,135667,135671,4,1
134797,134803,135671,868,6
135666,135667,135671,4,1
135666,135667,135671,4,1
135666,135667,135671,4,1
135666,135667,135671,4,1
135666,135667,135671,4,1
135666,135667,135671,4,1
135666,135667,135671,4,1
135666,135667,135671,4,1
135666,135667,135671,4,1
135666,135669,135672,3,3
135666,135669,135672,3,3
135666,135670,135673,3,4
135666,135670,135672,2,4
135666,135670,135673,3,4
135666,135669,135673,4,3
135666,135670,135674,4,4
135666,135670,135673,3,4
135666,135671,135674,3,5
135666,135670,135673,3,4
135666,135671,135674,3,5
135666,135670,135674,4,4
135666,135670,135674,4,4
135666,135670,135673,3,4
135666,135670,135674,4,4
135666,135672,135674,2,6
135666,135671,135675,4,5
135666,135672,135675,3,6
135666,135672,135675,3,6
134633,134633,135674,1041,0
135666,135671,135675,4,5
135666,135671,135675,4,5
135666,135671,135674,3,5
135666,135671,135674,3,5
135666,135673,135675,2,7
135666,135671,135674,3,5
135666,135672,135675,3,6
135666,135672,135675,3,6
135666,135673,135675,2,7
135666,135671,135674,3,5
135666,135671,135675,4,5
135666,135671,135674,3,5
135666,135671,135674,3,5
135666,135671,135674,3,5
135666,135671,135675,4,5
135666,135671,135675,4,5
135666,135671,135675,4,5
135666,135671,135675,4,5
135666,135672,135675,3,6
135666,135671,135674,3,5
135666,135671,135675,4,5
135666,135672,135675,3,6
135666,135672,135675,3,6
135666,135672,135674,2,6
135666,135671,135674,3,5
135666,135671,135675,4,5
135666,135671,135674,3,5
135666,135671,135675,4,5
135666,135671,135675,4,5
135666,135671,135675,4,5
135666,135671,135675,4,5
135666,135671,135675,4,5
135666,135672,135675,3,6
135666,135672,135676,4,6
135666,135673,135675,2,7
135666,135673,135676,3,7
135666,135671,135675,4,5
135666,135672,135675,3,6
135666,135673,135676,3,7
135666,135671,135676,5,5
135666,135673,135675,2,7
135666,135674,135677,3,8
135666,135674,135677,3,8
135666,135674,135677,3,8
135666,135674,135677,3,8
135666,135674,135677,3,8
135666,135674,135677,3,8
135667,135674,135677,3,7
135667,135674,135677,3,7
135666,135674,135677,3,8
135667,135675,135678,3,8
135667,135675,135678,3,8
135667,135675,135678,3,8
135667,135676,135678,2,9
135667,135675,135678,3,8
135667,135676,135677,1,9
135667,135676,135678,2,9
135667,135676,135678,2,9
135667,135674,135678,4,7
135667,135675,135678,3,8
135667,135675,135678,3,8
135667,135675,135678,3,8
135667,135676,135679,3,9
135667,135675,135679,4,8
135667,135675,135679,4,8
135667,135675,135679,4,8
135667,135675,135679,4,8
135667,135675,135679,4,8
135667,135675,135679,4,8
135667,135676,135679,3,9
135667,135675,135679,4,8
135667,135675,135679,4,8
135667,135677,135679,2,10
135667,135675,135679,4,8
135667,135675,135679,4,8
135667,135676,135679,3,9
135667,135676,135679,3,9
135667,135676,135678,2,9
135667,135675,135679,4,8
135667,135676,135680,4,9
135667,135676,135679,3,9
135667,135675,135680,5,8
135667,135675,135679,4,8
135667,135675,135679,4,8
135667,135675,135679,4,8
135667,135675,135680,5,8
135667,135675,135679,4,8
135667,135677,135680,3,10
135667,135677,135680,3,10
135667,135675,135680,5,8
135667,135677,135680,3,10
135667,135675,135680,5,8
135667,135677,135680,3,10
135667,135675,135680,5,8
135667,135675,135680,5,8
135667,135675,135680,5,8
135667,135675,135680,5,8
135667,135675,135680,5,8
135667,135676,135680,4,9
135667,135676,135680,4,9
135667,135678,135680,2,11
135667,135676,135680,4,9
135667,135678,135680,2,11
135667,135678,135680,2,11
135667,135678,135681,3,11
135667,135677,135681,4,10
135667,135677,135681,4,10
135667,135677,135681,4,10
135667,135677,135681,4,10
135667,135678,135682,4,11
135667,135678,135681,3,11
135667,135679,135682,3,12
135667,135679,135682,3,12
135667,135679,135682,3,12
135667,135679,135682,3,12
135667,135679,135682,3,12
135667,135678,135682,4,11
135667,135680,135682,2,13
135667,135678,135682,4,11
135667,135678,135682,4,11
135667,135678,135682,4,11
135667,135680,135683,3,13
135667,135680,135682,2,13
135667,135680,135682,2,13
135667,135679,135683,4,12
135667,135679,135683,4,12
135667,135679,135683,4,12
135667,135680,135683,3,13
135667,135680,135683,3,13
135667,135680,135683,3,13
135667,135680,135683,3,13
135667,135679,135683,4,12
135667,135680,135683,3,13
135667,135680,135683,3,13
135667,135681,135683,2,14
135667,135680,135683,3,13
135667,135679,135683,4,12
135667,135681,135683,2,14
135667,135680,135683,3,13
135667,135680,135683,3,13
135667,135681,135683,2,14
135667,135681,135683,2,14
135667,135680,135683,3,13
135667,135681,135683,2,14
135667,135680,135683,3,13
135667,135680,135683,3,13
135667,135681,135683,2,14
135667,135681,135684,3,14
135667,135681,135683,2,14
135667,135681,135683,2,14
135667,135681,135683,2,14
135667,135680,135683,3,13
135667,135681,135683,2,14
135667,135680,135684,4,13
135667,135681,135684,3,14
135667,135680,135684,4,13
135667,135680,135684,4,13
135667,135681,135684,3,14
135667,135681,135684,3,14
135667,135680,135684,4,13
135667,135682,135684,2,15
135667,135682,135684,2,15
135667,135682,135684,2,15
135667,135682,135684,2,15
135667,135681,135684,3,14
134678,134679,135685,1006,1
135667,135680,135685,5,13
135667,135684,135685,1,17
135667,135682,135685,3,15
135667,135683,135685,2,16
135667,135683,135685,2,16
135667,135683,135685,2,16
135667,135684,135687,3,17
135667,135684,135686,2,17
135667,135684,135686,2,17
135667,135684,135686,2,17
135667,135685,135686,1,18
135667,135685,135686,1,18
135667,135685,135687,2,18
135667,135683,135686,3,16
135667,135684,135686,2,17
135667,135685,135687,2,18
135667,135685,135686,1,18
135667,135685,135687,2,18
135667,135683,135687,4,16
135667,135683,135687,4,16
135667,135683,135687,4,16
135667,135684,135686,2,17
135667,135684,135687,3,17
135667,135683,135686,3,16
135667,135683,135687,4,16
135667,135684,135686,2,17
135667,135683,135687,4,16
135667,135683,135687,4,16
135667,135683,135687,4,16
135667,135683,135687,4,16
135667,135685,135688,3,18
135667,135683,135687,4,16
135667,135685,135687,2,18
135667,135685,135688,3,18
135667,135684,135687,3,17
135667,135685,135687,2,18
135667,135684,135687,3,17
135667,135686,135688,2,19
135667,135683,135687,4,16
135667,135684,135687,3,17
135667,135684,135687,3,17
135667,135684,135687,3,17
135667,135683,135687,4,16
135667,135684,135688,4,17
135667,135684,135687,3,17
135667,135684,135688,4,17
135667,135684,135687,3,17
135667,135684,135688,4,17
135667,135684,135688,4,17
135667,135684,135688,4,17
135667,135685,135688,3,18
135667,135684,135688,4,17
135667,135683,135688,5,16
135667,135685,135688,3,18
135667,135686,135689,3,19
135667,135686,135688,2,19
135667,135685,135688,3,18
135667,135685,135688,3,18
135667,135686,135689,3,19
135667,135686,135689,3,19
135667,135686,135689,3,19
135667,135687,135689,2,20
135667,135686,135689,3,19
135667,135687,135690,3,20
135667,135687,135690,3,20
135667,135687,135689,2,20
135667,135687,135689,2,20
135667,135687,135690,3,20
135667,135687,135690,3,20
135667,135687,135690,3,20
135667,135687,135690,3,20
135667,135687,135690,3,20
135667,135687,135689,2,20
135667,135687,135690,3,20
135667,135687,135689,2,20
135667,135687,135689,2,20
135667,135687,135689,2,20
135667,135688,135690,2,21
135667,135688,135690,2,21
135667,135688,135690,2,21
135667,135688,135690,2,21
135667,135687,135690,3,20
135667,135687,135690,3,20
135667,135687,135690,3,20
135667,135687,135690,3,20
135667,135688,135691,3,21
135667,135687,135691,4,20
135667,135688,135691,3,21
135667,135687,135690,3,20
135667,135688,135691,3,21
135667,135688,135691,3,21
135667,135688,135691,3,21
135667,135688,135691,3,21
135667,135688,135691,3,21
135667,135688,135690,2,21
135667,135688,135691,3,21
135667,135688,135691,3,21
135667,135689,135691,2,22
135667,135690,135692,2,23
135667,135688,135691,3,21
135667,135690,135692,2,23
135667,135688,135691,3,21
135667,135688,135691,3,21
135667,135689,135691,2,22
135667,135688,135691,3,21
135667,135689,135692,3,22
135667,135688,135692,4,21
135667,135688,135691,3,21
135667,135688,135691,3,21
135667,135688,135692,4,21
135667,135688,135692,4,21
135667,135688,135692,4,21
135667,135689,135691,2,22
135667,135689,135692,3,22
135667,135690,135692,2,23
135667,135690,135692,2,23
135667,135689,135692,3,22
135667,135691,135693,2,24
135667,135689,135692,3,22
135667,135690,135693,3,23
135667,135690,135693,3,23
135667,135690,135693,3,23
135667,135690,135693,3,23
135667,135690,135693,3,23
135667,135690,135693,3,23
135667,135690,135693,3,23
135667,135690,135693,3,23
135667,135690,135693,3,23
135667,135690,135693,3,23
135667,135690,135693,3,23
135667,135691,135694,3,24
135667,135691,135694,3,24
135667,135691,135693,2,24
135667,135690,135693,3,23
135667,135690,135694,4,23
135667,135690,135693,3,23
135667,135691,135694,3,24
135667,135691,135694,3,24
135667,135691,135694,3,24
135667,135691,135694,3,24
135667,135690,135693,3,23
135667,135691,135694,3,24
135667,135691,135694,3,24
135667,135691,135694,3,24
135667,135691,135695,4,24
135667,135692,135695,3,25
135667,135691,135694,3,24
135667,135691,135694,3,24
135667,135691,135695,4,24
135667,135691,135695,4,24
135667,135693,135695,2,26
135667,135691,135695,4,24
135667,135691,135695,4,24
135667,135691,135695,4,24
135667,135692,135695,3,25
135667,135691,135695,4,24
135667,135691,135695,4,24
135667,135692,135696,4,25
135667,135693,135696,3,26
135667,135692,135695,3,25
135667,135692,135696,4,25
135667,135692,135696,4,25
135667,135692,135695,3,25
135667,135692,135696,4,25
135667,135692,135696,4,25
135667,135692,135696,4,25
135667,135693,135696,3,26
135667,135693,135696,3,26
135667,135692,135696,4,25
135667,135692,135696,4,25
135667,135692,135696,4,25
135667,135692,135696,4,25
135667,135694,135696,2,27
135667,135692,135696,4,25
135667,135693,135697,4,26
135667,135693,135696,3,26
135667,135693,135696,3,26
135667,135693,135696,3,26
135667,135693,135697,4,26
135667,135694,135697,3,27
135667,135693,135696,3,26
135667,135693,135697,4,26
135667,135694,135697,3,27
135667,135693,135697,4,26
135667,135693,135697,4,26
135667,135693,135697,4,26
135667,135693,135697,4,26
135667,135695,135697,2,28
135667,135695,135697,2,28
135667,135694,135697,3,27
135667,135695,135697,2,28
135667,135695,135697,2,28
135667,135694,135697,3,27
135667,135694,135697,3,27
135667,135694,135697,3,27
135667,135694,135698,4,27
135667,135695,135698,3,28
135667,135695,135698,3,28
135667,135695,135699,4,28
135667,135696,135699,3,29
135667,135695,135699,4,28
135667,135696,135699,3,29
135667,135695,135699,4,28
135667,135695,135699,4,28
135667,135695,135699,4,28
135667,135696,135699,3,29
135667,135695,135699,4,28
135667,135695,135698,3,28
135667,135695,135699,4,28
135667,135696,135699,3,29
135667,135696,135699,3,29
135667,135695,135699,4,28
135667,135695,135699,4,28
135667,135695,135699,4,28
135667,135695,135699,4,28
135667,135695,135699,4,28
135667,135697,135699,2,30
135667,135697,135700,3,30
135667,135697,135700,3,30
135667,135697,135699,2,30
135667,135697,135699,2,30
135667,135695,135699,4,28
135667,135697,135700,3,30
135667,135696,135699,3,29
135667,135697,135700,3,30
135667,135696,135699,3,29
135667,135697,135699,2,30
135667,135696,135700,4,29
135667,135697,135700,3,30
135667,135697,135700,3,30
135667,135696,135700,4,29
135667,135697,135699,2,30
135667,135695,135700,5,28
135667,135698,135700,2,31
135667,135698,135700,2,31
135667,135697,135700,3,30
135667,135698,135700,2,31
135667,135698,135700,2,31
135667,135698,135700,2,31
135684,135698,135701,3,14
135667,135698,135700,2,31
135684,135698,135701,3,14
135684,135698,135701,3,14
135667,135697,135701,4,30
135667,135697,135701,4,30
135667,135696,135701,5,29
135684,135700,135702,2,16
135684,135700,135701,1,16
135684,135700,135701,1,16
135684,135700,135701,1,16
135684,135698,135701,3,14
135684,135700,135702,2,16
135684,135698,135702,4,14
135684,135699,135702,3,15
135684,135698,135702,4,14
135684,135698,135702,4,14
135684,135700,135702,2,16
135684,135700,135702,2,16
135684,135700,135702,2,16
135684,135699,135702,3,15
135684,135700,135702,2,16
135684,135700,135702,2,16
135684,135700,135702,2,16
135684,135701,135703,2,17
135684,135701,135702,1,17
135684,135699,135703,4,15
135684,135700,135702,2,16
135684,135700,135702,2,16
135684,135700,135702,2,16
135684,135700,135703,3,16
135684,135701,135703,2,17
135684,135699,135703,4,15
135684,135699,135702,3,15
135684,135700,135703,3,16
135684,135699,135703,4,15
135684,135699,135703,4,15
135684,135699,135703,4,15
135684,135699,135703,4,15
135684,135699,135703,4,15
135684,135699,135703,4,15
135684,135701,135704,3,17
135684,135701,135703,2,17
135684,135701,135704,3,17
135684,135700,135704,4,16
135684,135699,135704,5,15
135684,135699,135704,5,15
135684,135701,135704,3,17
135684,135701,135704,3,17
135684,135701,135704,3,17
135684,135702,135705,3,18
135684,135701,135705,4,17
135684,135702,135704,2,18
134843,134851,135704,853,8
135684,135701,135704,3,17
135684,135701,135704,3,17
135684,135701,135704,3,17
135684,135702,135705,3,18
135684,135702,135705,3,18
135684,135702,135705,3,18
135684,135701,135704,3,17
135684,135701,135704,3,17
135684,135700,135705,5,16
135684,135700,135705,5,16
135684,135703,135705,2,19
135684,135702,135705,3,18
135684,135701,135705,4,17
135684,135703,135706,3,19
135684,135702,135705,3,18
135684,135702,135706,4,18
135684,135702,135705,3,18
135684,135703,135706,3,19
135684,135703,135706,3,19
135684,135703,135706,3,19
135684,135703,135706,3,19
135684,135703,135706,3,19
135684,135703,135706,3,19
135684,135703,135706,3,19
135684,135703,135706,3,19
135684,135703,135707,4,19
135684,135703,135706,3,19
135684,135704,135707,3,20
135684,135704,135707,3,20
135684,135703,135707,4,19
135684,135703,135706,3,19
135684,135703,135707,4,19
135684,135704,135706,2,20
135684,135703,135706,3,19
135684,135703,135706,3,19
135684,135703,135707,4,19
135684,135703,135707,4,19
135684,135703,135707,4,19
135684,135704,135707,3,20
135684,135703,135707,4,19
135684,135703,135707,4,19
135684,135704,135707,3,20
135684,135705,135707,2,21
135684,135705,135708,3,21
135684,135705,135708,3,21
135684,135704,135707,3,20
135684,135705,135707,2,21
135684,135705,135707,2,21
135684,135705,135707,2,21
135684,135705,135707,2,21
135684,135705,135708,3,21
135684,135705,135708,3,21
135684,135705,135708,3,21
135684,135705,135708,3,21
135684,135705,135707,2,21
135684,135705,135708,3,21
135684,135705,135708,3,21
135684,135705,135709,4,21
135684,135704,135708,4,20
135684,135706,135708,2,22
135684,135704,135708,4,20
135684,135704,135708,4,20
135684,135705,135708,3,21
135684,135706,135708,2,22
135684,135705,135708,3,21
135684,135706,135708,2,22
135684,135706,135708,2,22
135684,135706,135709,3,22
135684,135706,135709,3,22
135684,135705,135708,3,21
135684,135706,135709,3,22
135684,135705,135708,3,21
135684,135706,135709,3,22
135684,135706,135709,3,22
135684,135706,135709,3,22
135684,135707,135710,3,23
135684,135707,135710,3,23
135684,135707,135710,3,23
135684,135708,135710,2,24
135684,135708,135710,2,24
135684,135707,135711,4,23
135684,135707,135710,3,23
135684,135707,135711,4,23
135684,135707,135711,4,23
135684,135707,135711,4,23
135684,135707,135711,4,23
135684,135707,135711,4,23
135684,135707,135711,4,23
135684,135708,135711,3,24
135684,135706,135710,4,22
135684,135706,135711,5,22
135684,135708,135710,2,24
135684,135709,135711,2,25
135684,135709,135711,2,25
135684,135707,135711,4,23
135684,135708,135711,3,24
135684,135707,135710,3,23
135684,135708,135711,3,24
135684,135708,135711,3,24
135684,135709,135711,2,25
135684,135708,135711,3,24
135684,135708,135711,3,24
135684,135709,135711,2,25
135684,135709,135711,2,25
135684,135709,135711,2,25
135684,135707,135711,4,23
135684,135708,135712,4,24
135684,135708,135712,4,24
135684,135708,135711,3,24
135684,135707,135711,4,23
135684,135708,135712,4,24
135684,135709,135712,3,25
135684,135707,135712,5,23
135684,135707,135712,5,23
135684,135707,135712,5,23
135684,135709,135712,3,25
135684,135708,135712,4,24
135684,135709,135712,3,25
135684,135709,135712,3,25
135684,135710,135713,3,26
135684,135709,135712,3,25
135684,135709,135712,3,25
135684,135709,135712,3,25
135684,135708,135713,5,24
135684,135708,135713,5,24
135684,135708,135712,4,24
135684,135708,135712,4,24
135684,135711,135713,2,27
135684,135709,135712,3,25
135684,135711,135713,2,27
135684,135710,135713,3,26
135684,135709,135713,4,25
135684,135711,135713,2,27
135684,135711,135713,2,27
135684,135711,135713,2,27
135684,135710,135713,3,26
135684,135711,135714,3,27
135684,135712,135714,2,28
135684,135711,135714,3,27
135684,135711,135714,3,27
135684,135711,135714,3,27
135684,135711,135714,3,27
135684,135712,135714,2,28
135684,135712,135714,2,28
135684,135712,135714,2,28
135684,135710,135714,4,26
135684,135711,135714,3,27
135684,135712,135714,2,28
135684,135712,135715,3,28
135684,135712,135714,2,28
135684,135712,135715,3,28
135684,135712,135715,3,28
135684,135712,135715,3,28
135684,135711,135715,4,27
135684,135712,135714,2,28
135684,135712,135715,3,28
135684,135713,135715,2,29
135684,135712,135715,3,28
135684,135712,135715,3,28
135684,135711,135715,4,27
135684,135711,135715,4,27
135684,135712,135715,3,28
135684,135712,135715,3,28
135684,135713,135715,2,29
135684,135713,135715,2,29
135684,135714,135716,2,30
135684,135713,135716,3,29
135684,135713,135715,2,29
135684,135714,135716,2,30
135684,135714,135715,1,30
135684,135712,135715,3,28
135684,135713,135715,2,29
135684,135712,135715,3,28
135684,135712,135715,3,28
135684,135712,135716,4,28
135684,135713,135715,2,29
135684,135712,135715,3,28
135684,135712,135715,3,28
135684,135713,135715,2,29
135684,135713,135716,3,29
135684,135713,135716,3,29
135684,135713,135716,3,29
135684,135713,135716,3,29
135684,135713,135716,3,29
135684,135712,135716,4,28
135684,135714,135716,2,30
135684,135713,135716,3,29
135684,135713,135716,3,29
135684,135714,135716,2,30
135684,135712,135716,4,28
135685,135714,135717,3,29
135685,135715,135717,2,30
135684,135713,135717,4,29
135685,135714,135718,4,29
135685,135714,135717,3,29
134890,134897,135717,820,7
135685,135714,135718,4,29
135685,135715,135718,3,30
135685,135715,135717,2,30
135685,135714,135717,3,29
135685,135715,135717,2,30
135685,135715,135718,3,30
135685,135715,135718,3,30
135685,135714,135718,4,29
135685,135715,135718,3,30
135685,135715,135718,3,30
135685,135716,135719,3,31
135685,135715,135719,4,30
135685,135715,135719,4,30
135685,135716,135719,3,31
135685,135716,135718,2,31
135685,135715,135718,3,30
135685,135715,135718,3,30
135685,135716,135719,3,31
135685,135716,135718,2,31
135685,135715,135718,3,30
135685,135716,135718,2,31
135685,135715,135719,4,30
135685,135715,135719,4,30
135685,135715,135719,4,30
135685,135716,135720,4,31
135685,135717,135720,3,32
135685,135717,135719,2,32
135685,135716,135719,3,31
135685,135717,135720,3,32
135685,135715,135719,4,30
135685,135716,135719,3,31
135685,135716,135719,3,31
135685,135716,135719,3,31
135685,135717,135719,2,32
135685,135717,135720,3,32
135685,135716,135720,4,31
135685,135716,135720,4,31
135685,135716,135719,3,31
135685,135716,135720,4,31
135685,135716,135720,4,31
135685,135717,135721,4,32
135685,135717,135720,3,32
135685,135717,135721,4,32
135685,135717,135720,3,32
135685,135719,135721,2,34
135685,135717,135720,3,32
135685,135717,135721,4,32
135685,135716,135720,4,31
135685,135716,135720,4,31
135685,135716,135720,4,31
135685,135716,135720,4,31
135685,135717,135721,4,32
135685,135718,135721,3,33
135685,135717,135721,4,32
135685,135719,135721,2,34
135685,135719,135721,2,34
135685,135719,135721,2,34
135685,135719,135721,2,34
135685,135718,135721,3,33
135685,135718,135721,3,33
135685,135718,135721,3,33
135685,135716,135721,5,31
135685,135719,135722,3,34
135685,135718,135722,4,33
135685,135719,135721,2,34
135685,135718,135722,4,33
135685,135718,135722,4,33
135685,135719,135722,3,34
135685,135719,135722,3,34
135685,135720,135722,2,35
135685,135719,135722,3,34
135685,135720,135722,2,35
135685,135719,135723,4,34
135685,135719,135722,3,34
135685,135719,135723,4,34
135685,135719,135723,4,34
135685,135720,135723,3,35
135685,135720,135723,3,35
135685,135719,135723,4,34
135685,135719,135723,4,34
135685,135720,135723,3,35
135685,135720,135723,3,35
135685,135719,135723,4,34
135685,135719,135723,4,34
135685,135720,135723,3,35
135685,135719,135722,3,34
135685,135719,135723,4,34
135685,135720,135723,3,35
135685,135719,135723,4,34
135685,135720,135723,3,35
135685,135720,135724,4,35
135685,135720,135723,3,35
135685,135721,135723,2,36
135685,135721,135723,2,36
135685,135720,135723,3,35
135685,135720,135723,3,35
135685,135720,135723,3,35
135685,135721,135724,3,36
135685,135721,135724,3,36
135685,135720,135723,3,35
135685,135721,135724,3,36
135685,135721,135724,3,36
135685,135720,135724,4,35
135685,135722,135724,2,37
135685,135722,135724,2,37
135685,135722,135724,2,37
135685,135721,135724,3,36
135685,135722,135724,2,37
135685,135722,135724,2,37
135685,135722,135724,2,37
135685,135721,135724,3,36
135685,135722,135724,2,37
135685,135722,135725,3,37
135685,135722,135725,3,37
135685,135721,135724,3,36
135685,135722,135724,2,37
135685,135722,135724,2,37
135685,135722,135725,3,37
135685,135722,135725,3,37
135685,135723,135725,2,38
135685,135721,135724,3,36
135685,135722,135725,3,37
135685,135722,135725,3,37
135685,135722,135725,3,37
135685,135724,135726,2,39
135685,135724,135725,1,39
135685,135724,135726,2,39
135685,135723,135726,3,38
135685,135723,135725,2,38
135685,135723,135726,3,38
135685,135723,135726,3,38
135685,135723,135726,3,38
135685,135724,135726,2,39
135685,135724,135726,2,39
135685,135723,135726,3,38
135685,135723,135727,4,38
135685,135723,135726,3,38
135685,135723,135726,3,38
135685,135725,135727,2,40
135685,135723,135727,4,38
135685,135724,135726,2,39
135685,135725,135726,1,40
135685,135725,135727,2,40
135685,135725,135727,2,40
135685,135723,135727,4,38
135685,135723,135727,4,38
135685,135723,135727,4,38
135685,135723,135727,4,38
135685,135723,135726,3,38
135685,135724,135727,3,39
135685,135723,135727,4,38
135685,135723,135727,4,38
135685,135725,135727,2,40
135685,135723,135727,4,38
135685,135725,135727,2,40
135685,135725,135727,2,40
135685,135725,135727,2,40
135685,135723,135727,4,38
135685,135725,135727,2,40
135685,135725,135727,2,40
135685,135725,135727,2,40
135685,135725,135728,3,40
135685,135725,135728,3,40
135685,135724,135728,4,39
135685,135725,135728,3,40
135685,135723,135728,5,38
135685,135723,135728,5,38
135685,135723,135728,5,38
135685,135724,135728,4,39
135685,135725,135729,4,40
135685,135725,135728,3,40
135685,135725,135728,3,40
135685,135726,135729,3,41
135685,135725,135729,4,40
135685,135725,135729,4,40
135685,135725,135729,4,40
135685,135725,135729,4,40
135685,135726,135729,3,41
135685,135726,135729,3,41
135685,135725,135729,4,40
135685,135725,135729,4,40
135685,135725,135729,4,40
135685,135727,135730,3,42
135685,135727,135730,3,42
135685,135726,135730,4,41
135685,135726,135730,4,41
135685,135727,135730,3,42
135685,135726,135730,4,41
135685,135727,135730,3,42
135685,135728,135730,2,43
135685,135725,135730,5,40
135685,135726,135730,4,41
135685,135726,135731,5,41
135685,135727,135730,3,42
135685,135728,135731,3,43
135685,135727,135731,4,42
135685,135728,135731,3,43
135685,135728,135731,3,43
135685,135727,135730,3,42
135685,135727,135730,3,42
135685,135727,135730,3,42
135685,135727,135731,4,42
135685,135727,135731,4,42
135685,135727,135731,4,42
135685,135727,135731,4,42
135685,135727,135731,4,42
135685,135728,135731,3,43
135685,135727,135731,4,42
135685,135727,135731,4,42
135685,135729,135731,2,44
135685,135729,135731,2,44
135685,135728,135731,3,43
135685,135730,135732,2,45
135685,135730,135731,1,45
135685,135728,135731,3,43
135685,135728,135731,3,43
135685,135727,135731,4,42
135685,135728,135731,3,43
135685,135728,135731,3,43
135685,135728,135731,3,43
135685,135729,135732,3,44
135685,135728,135731,3,43
135685,135729,135732,3,44
135685,135729,135732,3,44
135685,135728,135731,3,43
135685,135728,135731,3,43
135685,135728,135732,4,43
135685,135728,135732,4,43
135685,135729,135732,3,44
135685,135730,135732,2,45
135685,135730,135732,2,45
135685,135729,135732,3,44
135685,135730,135732,2,45
135685,135728,135732,4,43
135685,135730,135733,3,45
135685,135729,135733,4,44
134681,134682,135738,1056,1
134676,134676,135746,1070,0
134690,134691,135749,1058,1
134687,134688,135754,1066,1
134693,134694,135758,1064,1
134700,134700,135757,1057,0
135768,135768,135770,2,0
135768,135768,135770,2,0
135768,135768,135771,3,0
135768,135768,135771,3,0
135768,135768,135771,3,0
135768,135768,135771,3,0
135768,135768,135770,2,0
135768,135768,135770,2,0
135768,135768,135770,2,0
135768,135768,135771,3,0
135768,135768,135771,3,0
135768,135768,135771,3,0
135768,135768,135771,3,0
135768,135768,135772,4,0
135768,135768,135772,4,0
135768,135768,135772,4,0
135768,135768,135772,4,0
135768,135768,135772,4,0
135768,135768,135772,4,0
135768,135768,135772,4,0
135768,135768,135772,4,0
135768,135768,135772,4,0
135768,135768,135772,4,0
135768,135768,135771,3,0
135768,135768,135771,3,0
135768,135768,135771,3,0
135768,135768,135772,4,0
135768,135768,135772,4,0
135768,135768,135772,4,0
135768,135768,135771,3,0
135768,135768,135772,4,0
135768,135768,135772,4,0
135768,135768,135772,4,0
135768,135768,135771,3,0
135768,135768,135771,3,0
135768,135768,135772,4,0
135768,135768,135772,4,0
135768,135768,135772,4,0
135768,135768,135772,4,0
135768,135768,135772,4,0
135768,135768,135772,4,0
135768,135768,135772,4,0
135768,135768,135772,4,0
135768,135768,135772,4,0
135768,135768,135773,5,0
135768,135768,135773,5,0
135768,135768,135773,5,0
135768,135768,135772,4,0
135768,135768,135773,5,0
135768,135768,135772,4,0
135768,135768,135773,5,0
135768,135768,135773,5,0
135768,135768,135773,5,0
135768,135768,135773,5,0
135768,135768,135773,5,0
135768,135768,135773,5,0
134684,134685,135773,1088,1
135768,135768,135773,5,0
135768,135771,135774,3,3
135768,135771,135774,3,3
135768,135770,135774,4,2
135768,135770,135774,4,2
135768,135771,135775,4,3
135768,135772,135775,3,4
135768,135772,135775,3,4
135768,135771,135775,4,3
135768,135771,135775,4,3
135768,135771,135775,4,3
135768,135773,135776,3,5
135768,135773,135776,3,5
135768,135771,135775,4,3
135768,135773,135776,3,5
135768,135773,135775,2,5
135768,135771,135776,5,3
135768,135773,135775,2,5
135768,135773,135775,2,5
135768,135773,135776,3,5
135768,135773,135776,3,5
135768,135773,135776,3,5
135768,135773,135776,3,5
135768,135773,135775,2,5
135768,135771,135776,5,3
135768,135772,135776,4,4
135768,135772,135776,4,4
135768,135772,135776,4,4
135768,135774,135776,2,6
135768,135774,135776,2,6
135768,135772,135776,4,4
135768,135774,135776,2,6
135768,135771,135776,5,3
135768,135773,135777,4,5
135768,135773,135776,3,5
135768,135774,135776,2,6
135768,135774,135776,2,6
135768,135771,135776,5,3
135768,135773,135776,3,5
135768,135773,135776,3,5
135768,135773,135776,3,5
135768,135773,135776,3,5
135768,135773,135776,3,5
135768,135773,135776,3,5
135768,135773,135776,3,5
135768,135773,135777,4,5
135768,135773,135777,4,5
135768,135773,135776,3,5
135768,135773,135776,3,5
135768,135773,135776,3,5
135768,135773,135776,3,5
135768,135774,135776,2,6
135768,135774,135776,2,6
135768,135774,135776,2,6
135768,135773,135776,3,5
135768,135773,135776,3,5
135768,135774,135776,2,6
135768,135774,135776,2,6
135768,135774,135777,3,6
135768,135775,135778,3,7
135768,135775,135778,3,7
135768,135775,135778,3,7
135768,135777,135779,2,9
135768,135776,135778,2,8
135768,135775,135778,3,7
135768,135775,135778,3,7
135768,135776,135778,2,8
135768,135776,135779,3,8
135768,135775,135779,4,7
135768,135777,135779,2,9
135768,135777,135779,2,9
135768,135777,135779,2,9
135768,135777,135779,2,9
135768,135776,135779,3,8
135768,135776,135779,3,8
135768,135777,135780,3,9
135768,135777,135779,2,9
135768,135777,135779,2,9
135768,135776,135780,4,8
135768,135776,135779,3,8
135768,135777,135779,2,9
135768,135777,135780,3,9
135768,135776,135780,4,8
135768,135776,135780,4,8
135768,135777,135780,3,9
135768,135777,135779,2,9
135768,135777,135780,3,9
135768,135776,135780,4,8
135768,135777,135780,3,9
135768,135776,135779,3,8
135768,135776,135780,4,8
135768,135776,135780,4,8
135768,135777,135781,4,9
135768,135777,135780,3,9
135768,135777,135781,4,9
135768,135777,135781,4,9
135768,135777,135780,3,9
135768,135777,135780,3,9
135768,135777,135781,4,9
135768,135777,135780,3,9
135768,135777,135781,4,9
135768,135777,135781,4,9
135768,135777,135781,4,9
135768,135776,135780,4,8
135768,135777,135780,3,9
135768,135776,135780,4,8
135768,135777,135780,3,9
135768,135777,135781,4,9
135768,135777,135780,3,9
135768,135777,135781,4,9
135768,135777,135781,4,9
135768,135777,135781,4,9
135768,135780,135782,2,12
135768,135777,135781,4,9
135768,135777,135781,4,9
135768,135778,135781,3,10
135768,135777,135782,5,9
135768,135777,135781,4,9
135768,135779,135782,3,11
135768,135779,135782,3,11
135768,135780,135782,2,12
135768,135780,135782,2,12
135768,135780,135783,3,12
135768,135779,135782,3,11
135768,135779,135783,4,11
135768,135780,135782,2,12
135768,135780,135783,3,12
135768,135780,135783,3,12
135768,135779,135783,4,11
135768,135779,135783,4,11
135768,135779,135783,4,11
135768,135779,135783,4,11
135768,135779,135783,4,11
135768,135780,135783,3,12
135768,135780,135783,3,12
135768,135780,135783,3,12
135768,135780,135783,3,12
135768,135780,135783,3,12
135768,135780,135783,3,12
135768,135780,135783,3,12
135768,135780,135783,3,12
135768,135780,135784,4,12
135768,135781,135784,3,13
135768,135780,135783,3,12
135768,135781,135784,3,13
135768,135781,135783,2,13
135768,135781,135784,3,13
135768,135781,135784,3,13
135768,135780,135784,4,12
135768,135780,135784,4,12
135768,135781,135784,3,13
135768,135781,135783,2,13
135768,135781,135784,3,13
135768,135780,135783,3,12
135768,135781,135784,3,13
135768,135781,135784,3,13
135768,135781,135784,3,13
135768,135781,135784,3,13
135768,135781,135784,3,13
135768,135780,135783,3,12
135768,135781,135784,3,13
135768,135781,135784,3,13
135768,135781,135785,4,13
135768,135781,135784,3,13
135768,135781,135784,3,13
135768,135781,135784,3,13
135768,135780,135784,4,12
135768,135782,135784,2,14
135768,135782,135785,3,14
135768,135782,135785,3,14
135768,135782,135785,3,14
135768,135781,135785,4,13
135768,135781,135784,3,13
135768,135782,135785,3,14
135768,135782,135785,3,14
135768,135782,135785,3,14
135768,135782,135785,3,14
135768,135783,135785,2,15
135768,135782,135785,3,14
135768,135784,135786,2,16
135768,135784,135786,2,16
135768,135783,135786,3,15
135768,135783,135786,3,15
135768,135784,135786,2,16
135768,135784,135786,2,16
135768,135784,135786,2,16
135768,135783,135787,4,15
135768,135785,135787,2,17
135768,135783,135787,4,15
135768,135783,135787,4,15
135768,135783,135787,4,15
135768,135784,135787,3,16
135768,135783,135787,4,15
135768,135783,135787,4,15
135768,135783,135787,4,15
135768,135783,135788,5,15
135768,135783,135787,4,15
135768,135786,135788,2,18
135768,135784,135787,3,16
135768,135783,135787,4,15
135768,135783,135787,4,15
135768,135783,135787,4,15
135768,135784,135788,4,16
135768,135783,135787,4,15
135768,135785,135788,3,17
135768,135785,135788,3,17
135768,135783,135788,5,15
135768,135783,135788,5,15
135768,135785,135788,3,17
135768,135784,135788,4,16
135768,135783,135788,5,15
135768,135784,135788,4,16
135768,135784,135788,4,16
135768,135785,135788,3,17
135768,135785,135788,3,17
135768,135783,135788,5,15
135768,135783,135788,5,15
135768,135785,135788,3,17
135768,135785,135788,3,17
135768,135786,135788,2,18
135768,135785,135789,4,17
135768,135784,135789,5,16
135768,135785,135789,4,17
135768,135784,135789,5,16
135768,135784,135789,5,16
135768,135785,135789,4,17
135768,135785,135789,4,17
135768,135784,135788,4,16
135768,135785,135789,4,17
135768,135784,135789,5,16
135768,135786,135789,3,18
135768,135785,135789,4,17
135768,135785,135789,4,17
135768,135786,135789,3,18
135768,135784,135789,5,16
135768,135785,135790,5,17
135768,135785,135790,5,17
135768,135785,135790,5,17
135768,135786,135790,4,18
135768,135785,135790,5,17
135768,135785,135790,5,17
135768,135787,135790,3,19
135768,135787,135790,3,19
135768,135786,135791,5,18
135768,135788,135790,2,20
135768,135787,135790,3,19
135768,135788,135790,2,20
135768,135787,135790,3,19
135768,135786,135790,4,18
135768,135787,135790,3,19
135768,135787,135790,3,19
135768,135787,135791,4,19
135768,135787,135791,4,19
135768,135788,135791,3,20
135768,135788,135791,3,20
135768,135788,135791,3,20
135768,135787,135791,4,19
135768,135788,135791,3,20
135768,135787,135791,4,19
135768,135788,135791,3,20
135768,135788,135791,3,20
135768,135788,135792,4,20
135768,135789,135792,3,21
135768,135787,135791,4,19
135768,135788,135792,4,20
135768,135789,135792,3,21
135768,135788,135792,4,20
135768,135788,135792,4,20
135768,135789,135792,3,21
135768,135789,135792,3,21
135768,135789,135792,3,21
135768,135788,135792,4,20
135768,135788,135792,4,20
135768,135788,135792,4,20
135768,135789,135792,3,21
135768,135789,135793,4,21
135768,135789,135792,3,21
135768,135788,135793,5,20
135768,135789,135792,3,21
135768,135789,135792,3,21
135768,135788,135792,4,20
135768,135789,135793,4,21
135768,135789,135792,3,21
135768,135789,135792,3,21
135768,135789,135792,3,21
135768,135788,135792,4,20
135768,135788,135793,5,20
135768,135789,135793,4,21
135768,135789,135793,4,21
135768,135789,135793,4,21
135768,135790,135793,3,22
135768,135789,135793,4,21
135768,135791,135794,3,23
135768,135789,135793,4,21
135768,135790,135794,4,22
135768,135790,135793,3,22
135768,135793,135794,1,25
135768,135790,135793,3,22
135768,135790,135793,3,22
135768,135790,135794,4,22
135768,135790,135794,4,22
135768,135790,135794,4,22
135768,135791,135794,3,23
135768,135791,135794,3,23
135768,135793,135794,1,25
135768,135791,135794,3,23
135768,135792,135794,2,24
135768,135793,135794,1,25
135768,135791,135794,3,23
135768,135793,135794,1,25
135768,135793,135794,1,25
135768,135791,135794,3,23
135768,135791,135795,4,23
135768,135791,135795,4,23
135768,135791,135795,4,23
135768,135791,135795,4,23
135768,135790,135794,4,22
135768,135791,135795,4,23
135768,135791,135795,4,23
135768,135791,135795,4,23
135768,135793,135795,2,25
135768,135791,135796,5,23
135768,135791,135796,5,23
135768,135793,135796,3,25
135768,135791,135795,4,23
135768,135791,135795,4,23
135768,135794,135796,2,26
135768,135794,135796,2,26
135768,135791,135796,5,23
135768,135792,135795,3,24
135768,135792,135796,4,24
135768,135794,135796,2,26
135768,135794,135796,2,26
135768,135791,135796,5,23
135768,135793,135796,3,25
135768,135792,135797,5,24
135768,135792,135796,4,24
135768,135793,135797,4,25
135768,135793,135796,3,25
135768,135793,135797,4,25
135768,135792,135796,4,24
135768,135794,135796,2,26
135768,135792,135796,4,24
135768,135792,135797,5,24
135768,135793,135797,4,25
135768,135793,135797,4,25
135768,135792,135796,4,24
135768,135793,135797,4,25
135768,135793,135797,4,25
135768,135795,135797,2,27
135768,135794,135798,4,26
135768,135794,135798,4,26
135768,135794,135797,3,26
135768,135794,135798,4,26
135768,135794,135797,3,26
135768,135795,135797,2,27
135768,135795,135798,3,27
135768,135795,135798,3,27
135768,135796,135798,2,28
135768,135795,135798,3,27
135768,135793,135798,5,25
135768,135793,135798,5,25
135768,135795,135798,3,27
135768,135795,135798,3,27
135768,135792,135798,6,24
135768,135792,135798,6,24
135768,135793,135798,5,25
135768,135793,135798,5,25
135768,135793,135798,5,25
135768,135794,135798,4,26
135768,135795,135798,3,27
135768,135796,135798,2,28
135768,135796,135799,3,28
135768,135795,135799,4,27
135768,135795,135799,4,27
135768,135795,135799,4,27
135768,135796,135798,2,28
135768,135795,135799,4,27
135768,135796,135799,3,28
135768,135796,135798,2,28
135768,135796,135798,2,28
135768,135793,135798,5,25
135768,135795,135799,4,27
135768,135795,135798,3,27
135768,135795,135799,4,27
135768,135795,135799,4,27
135768,135796,135799,3,28
135768,135795,135799,4,27
135768,135796,135799,3,28
135768,135797,135800,3,29
135768,135796,135799,3,28
135768,135797,135800,3,29
135768,135797,135800,3,29
135768,135795,135800,5,27
135768,135796,135800,4,28
135768,135797,135800,3,29
135768,135797,135800,3,29
135768,135796,135800,4,28
135768,135796,135800,4,28
135768,135796,135799,3,28
135768,135797,135800,3,29
135768,135797,135801,4,29
135768,135798,135801,3,30
135768,135798,135801,3,30
135768,135797,135801,4,29
135768,135797,135801,4,29
135768,135797,135801,4,29
135768,135797,135801,4,29
135768,135797,135801,4,29
135768,135797,135801,4,29
135768,135798,135801,3,30
135768,135796,135801,5,28
135768,135798,135801,3,30
135768,135797,135801,4,29
135768,135798,135801,3,30
135768,135798,135801,3,30
135768,135798,135801,3,30
135768,135798,135801,3,30
135768,135798,135801,3,30
135768,135799,135802,3,31
135768,135797,135801,4,29
135768,135798,135802,4,30
135768,135798,135802,4,30
135768,135798,135802,4,30
135768,135798,135802,4,30
135768,135798,135801,3,30
135768,135798,135802,4,30
135768,135798,135802,4,30
135768,135799,135803,4,31
135768,135799,135802,3,31
135768,135799,135802,3,31
135768,135799,135802,3,31
135768,135799,135802,3,31
135768,135799,135803,4,31
135768,135799,135802,3,31
135768,135799,135803,4,31
135768,135799,135803,4,31
135768,135799,135802,3,31
135768,135799,135802,3,31
135768,135799,135803,4,31
135768,135799,135803,4,31
135768,135800,135803,3,32
135768,135800,135803,3,32
135768,135799,135803,4,31
135768,135799,135803,4,31
135768,135800,135803,3,32
135768,135801,135803,2,33
135768,135801,135803,2,33
135768,135801,135804,3,33
135768,135800,135803,3,32
135768,135801,135803,2,33
135768,135799,135803,4,31
135768,135799,135803,4,31
135768,135799,135803,4,31
135768,135801,135804,3,33
135768,135801,135803,2,33
135768,135800,135803,3,32
135768,135801,135804,3,33
135768,135801,135803,2,33
135768,135799,135804,5,31
135768,135800,135804,4,32
135768,135802,135804,2,34
135768,135802,135804,2,34
135768,135802,135804,2,34
135768,135801,135804,3,33
135768,135801,135804,3,33
135768,135799,135804,5,31
135768,135801,135804,3,33
135768,135801,135804,3,33
135768,135801,135804,3,33
135768,135802,135804,2,34
135768,135802,135804,2,34
135768,135803,135805,2,35
135768,135802,135805,3,34
135768,135802,135805,3,34
135768,135801,135805,4,33
135768,135801,135805,4,33
135768,135801,135805,4,33
135768,135801,135805,4,33
135768,135801,135805,4,33
135768,135803,135805,2,35
135768,135802,135805,3,34
135768,135802,135806,4,34
135768,135803,135805,2,35
135768,135802,135805,3,34
135768,135802,135806,4,34
135768,135803,135806,3,35
135768,135803,135806,3,35
135768,135802,135806,4,34
135768,135802,135806,4,34
135768,135803,135806,3,35
135768,135804,135807,3,36
135768,135803,135806,3,35
135768,135803,135806,3,35
135768,135803,135807,4,35
135768,135804,135806,2,36
135768,135803,135806,3,35
135768,135804,135807,3,36
135768,135803,135806,3,35
135768,135803,135807,4,35
135768,135804,135807,3,36
135768,135804,135807,3,36
135768,135803,135806,3,35
135768,135804,135807,3,36
135768,135804,135807,3,36
135768,135803,135807,4,35
135768,135804,135807,3,36
135768,135804,135807,3,36
135768,135804,135807,3,36
135768,135803,135807,4,35
135768,135803,135807,4,35
135768,135803,135807,4,35
135768,135804,135807,3,36
135768,135804,135807,3,36
135768,135803,135807,4,35
135768,135804,135807,3,36
135768,135802,135807,5,34
135768,135802,135807,5,34
135768,135804,135807,3,36
135768,135804,135808,4,36
135768,135804,135807,3,36
135768,135804,135807,3,36
135768,135804,135808,4,36
135768,135805,135808,3,37
135768,135804,135807,3,36
135768,135805,135808,3,37
135768,135805,135808,3,37
135768,135804,135807,3,36
135768,135805,135807,2,37
135768,135805,135807,2,37
135768,135805,135807,2,37
135768,135804,135808,4,36
135768,135805,135808,3,37
135768,135805,135808,3,37
135768,135805,135808,3,37
135768,135803,135807,4,35
135768,135806,135808,2,38
135768,135806,135808,2,38
135768,135806,135808,2,38
135768,135806,135808,2,38
135768,135806,135808,2,38
135769,135807,135809,2,38
135769,135807,135809,2,38
135768,135804,135808,4,36
135769,135806,135809,3,37
135769,135807,135808,1,38
135769,135807,135809,2,38
135768,135805,135808,3,37
135769,135806,135809,3,37
135769,135806,135809,3,37
135769,135806,135809,3,37
135769,135806,135809,3,37
135768,135806,135809,3,38
135769,135807,135810,3,38
135769,135808,135809,1,39
135769,135808,135810,2,39
135769,135808,135810,2,39
135769,135806,135810,4,37
135769,135807,135810,3,38
135769,135807,135810,3,38
135769,135807,135810,3,38
135769,135807,135810,3,38
135769,135807,135810,3,38
135769,135808,135810,2,39
135769,135807,135810,3,38
135769,135808,135810,2,39
135769,135806,135810,4,37
135769,135807,135810,3,38
135769,135808,135810,2,39
135769,135808,135811,3,39
135769,135808,135810,2,39
135769,135809,135810,1,40
135769,135809,135810,1,40
135769,135809,135811,2,40
135769,135807,135810,3,38
135769,135807,135811,4,38
135769,135807,135811,4,38
135769,135807,135811,4,38
135769,135807,135811,4,38
135769,135807,135811,4,38
135769,135807,135810,3,38
135769,135808,135810,2,39
135769,135808,135810,2,39
135769,135808,135811,3,39
135769,135807,135811,4,38
135769,135808,135811,3,39
135769,135808,135811,3,39
135769,135807,135811,4,38
135769,135807,135811,4,38
135769,135807,135811,4,38
135769,135807,135811,4,38
135769,135807,135811,4,38
135769,135807,135811,4,38
135769,135808,135811,3,39
135769,135809,135812,3,40
135769,135809,135812,3,40
135769,135808,135812,4,39
135769,135808,135812,4,39
135769,135809,135812,3,40
135769,135808,135812,4,39
135769,135808,135812,4,39
135769,135809,135812,3,40
135769,135808,135812,4,39
135769,135808,135812,4,39
135769,135807,135812,5,38
135769,135808,135812,4,39
135769,135810,135812,2,41
135769,135809,135812,3,40
135769,135810,135813,3,41
135769,135811,135813,2,42
135769,135809,135813,4,40
135769,135810,135813,3,41
135769,135809,135813,4,40
135769,135809,135812,3,40
135769,135811,135813,2,42
135769,135811,135813,2,42
135769,135810,135813,3,41
135769,135810,135813,3,41
135769,135811,135814,3,42
135769,135811,135813,2,42
135769,135811,135813,2,42
135769,135812,135814,2,43
135769,135810,135813,3,41
135769,135810,135813,3,41
135769,135811,135814,3,42
135769,135811,135813,2,42
135769,135811,135813,2,42
135769,135810,135814,4,41
135769,135811,135814,3,42
135769,135811,135813,2,42
135769,135811,135814,3,42
135769,135811,135814,3,42
135769,135809,135814,5,40
135769,135810,135814,4,41
135769,135811,135814,3,42
135769,135809,135813,4,40
135769,135810,135814,4,41
135769,135811,135814,3,42
135769,135811,135814,3,42
135769,135810,135814,4,41
135769,135810,135814,4,41
135769,135810,135814,4,41
135769,135811,135814,3,42
135769,135812,135815,3,43
135769,135812,135814,2,43
135769,135812,135814,2,43
135769,135811,135814,3,42
135769,135812,135814,2,43
135769,135812,135815,3,43
135769,135811,135814,3,42
135769,135811,135814,3,42
135769,135811,135814,3,42
135769,135811,135814,3,42
135769,135811,135814,3,42
135769,135811,135815,4,42
135769,135812,135815,3,43
135769,135812,135814,2,43
135769,135812,135815,3,43
135769,135812,135815,3,43
135769,135811,135815,4,42
135769,135812,135815,3,43
135769,135812,135815,3,43
135786,135813,135816,3,27
135769,135812,135815,3,43
135786,135813,135816,3,27
135786,135813,135816,3,27
135786,135813,135816,3,27
135786,135813,135816,3,27
135786,135814,135816,2,28
135769,135812,135815,3,43
135786,135813,135816,3,27
135786,135812,135816,4,26
135786,135813,135816,3,27
135786,135814,135817,3,28
135786,135814,135816,2,28
135786,135814,135817,3,28
135786,135814,135817,3,28
135786,135814,135817,3,28
135786,135813,135817,4,27
135786,135814,135817,3,28
135786,135813,135817,4,27
135786,135814,135817,3,28
135786,135813,135817,4,27
135786,135813,135817,4,27
135786,135814,135817,3,28
135786,135815,135818,3,29
135786,135814,135817,3,28
135786,135815,135818,3,29
135786,135814,135817,3,28
135786,135814,135817,3,28
135786,135814,135817,3,28
135786,135815,135818,3,29
135786,135815,135817,2,29
135786,135814,135818,4,28
135786,135814,135817,3,28
135786,135814,135817,3,28
135786,135814,135818,4,28
135786,135815,135818,3,29
135786,135816,135818,2,30
135786,135815,135818,3,29
135786,135815,135818,3,29
135786,135815,135818,3,29
135786,135814,135819,5,28
135786,135815,135818,3,29
135786,135816,135818,2,30
135786,135815,135818,3,29
135786,135815,135818,3,29
135786,135814,135818,4,28
135786,135815,135818,3,29
135786,135815,135819,4,29
135786,135816,135818,2,30
135786,135815,135818,3,29
135786,135815,135818,3,29
135786,135815,135818,3,29
135786,135815,135818,3,29
135786,135815,135819,4,29
135786,135814,135819,5,28
135786,135815,135819,4,29
135786,135817,135819,2,31
135786,135816,135819,3,30
135786,135816,135819,3,30
135786,135814,135819,5,28
135786,135815,135819,4,29
135786,135816,135819,3,30
135786,135816,135819,3,30
135786,135815,135819,4,29
135786,135817,135819,2,31
135786,135817,135819,2,31
135786,135816,135819,3,30
135786,135816,135820,4,30
135786,135816,135820,4,30
135786,135816,135820,4,30
135786,135816,135819,3,30
135786,135816,135819,3,30
135786,135817,135820,3,31
135786,135817,135820,3,31
135786,135816,135820,4,30
135786,135816,135820,4,30
135786,135817,135820,3,31
135786,135817,135820,3,31
135786,135817,135820,3,31
135786,135817,135820,3,31
135786,135819,135820,1,33
135786,135818,135821,3,32
135786,135818,135820,2,32
135786,135818,135820,2,32
135786,135818,135821,3,32
135786,135818,135821,3,32
135786,135818,135821,3,32
135786,135818,135820,2,32
135786,135818,135821,3,32
135786,135818,135820,2,32
135786,135818,135821,3,32
135786,135818,135822,4,32
135786,135819,135821,2,33
135786,135819,135821,2,33
135786,135819,135821,2,33
135786,135818,135821,3,32
135786,135818,135821,3,32
135786,135819,135822,3,33
135786,135819,135821,2,33
135786,135819,135821,2,33
135786,135819,135821,2,33
135786,135819,135821,2,33
135786,135819,135821,2,33
135786,135819,135821,2,33
135786,135819,135822,3,33
135786,135819,135822,3,33
135786,135819,135822,3,33
135786,135819,135822,3,33
135786,135818,135822,4,32
135786,135819,135822,3,33
135786,135819,135822,3,33
135786,135819,135822,3,33
135786,135818,135822,4,32
135786,135819,135822,3,33
135786,135819,135822,3,33
135786,135819,135822,3,33
135786,135819,135822,3,33
135786,135820,135822,2,34
135786,135820,135822,2,34
135786,135819,135822,3,33
135786,135819,135822,3,33
135786,135819,135822,3,33
135786,135821,135823,2,35
135786,135821,135823,2,35
135786,135821,135823,2,35
135786,135822,135823,1,36
135786,135822,135823,1,36
135786,135822,135823,1,36
135786,135822,135824,2,36
135786,135820,135823,3,34
135786,135820,135824,4,34
135786,135820,135823,3,34
135786,135820,135824,4,34
135786,135820,135824,4,34
135786,135821,135824,3,35
135786,135820,135824,4,34
135786,135820,135824,4,34
135786,135820,135824,4,34
135786,135820,135824,4,34
135786,135821,135824,3,35
135786,135821,135824,3,35
135786,135821,135824,3,35
135786,135822,135824,2,36
135786,135823,135825,2,37
135786,135821,135824,3,35
135786,135820,135824,4,34
135786,135820,135824,4,34
135786,135820,135824,4,34
135786,135821,135825,4,35
135786,135822,135825,3,36
135786,135822,135825,3,36
135786,135821,135825,4,35
135786,135820,135825,5,34
135786,135821,135825,4,35
135786,135821,135825,4,35
135786,135823,135825,2,37
135786,135823,135825,2,37
135786,135823,135825,2,37
135786,135822,135825,3,36
135786,135822,135825,3,36
135786,135822,135825,3,36
135786,135822,135825,3,36
135786,135821,135825,4,35
135786,135822,135826,4,36
135786,135822,135826,4,36
135786,135821,135826,5,35
135786,135821,135826,5,35
135786,135821,135825,4,35
135786,135821,135825,4,35
135786,135821,135826,5,35
135786,135822,135826,4,36
135786,135823,135827,4,37
135786,135824,135827,3,38
135786,135823,135826,3,37
135786,135822,135826,4,36
135786,135823,135826,3,37
135786,135824,135827,3,38
135786,135824,135827,3,38
135786,135822,135827,5,36
135786,135824,135826,2,38
135786,135824,135827,3,38
135786,135822,135826,4,36
135786,135822,135827,5,36
135786,135824,135827,3,38
135786,135823,135827,4,37
135786,135825,135828,3,39
135786,135825,135828,3,39
135786,135825,135828,3,39
135786,135823,135827,4,37
135786,135823,135827,4,37
135786,135823,135828,5,37
135786,135824,135828,4,38
135786,135824,135827,3,38
135786,135824,135827,3,38
135786,135824,135827,3,38
135786,135825,135828,3,39
135786,135823,135827,4,37
135786,135824,135827,3,38
135786,135823,135828,5,37
135786,135824,135828,4,38
135786,135825,135828,3,39
135786,135825,135829,4,39
135786,135825,135828,3,39
135786,135826,135829,3,40
135786,135824,135829,5,38
135786,135824,135828,4,38
135786,135825,135829,4,39
135786,135826,135829,3,40
135786,135825,135829,4,39
135786,135826,135829,3,40
135786,135826,135829,3,40
135786,135826,135829,3,40
135786,135824,135829,5,38
135786,135825,135829,4,39
135786,135825,135829,4,39
135786,135825,135829,4,39
135786,135826,135829,3,40
135786,135826,135829,3,40
135786,135826,135829,3,40
135786,135824,135829,5,38
135786,135825,135829,4,39
135786,135826,135830,4,40
135786,135827,135829,2,41
135786,135825,135829,4,39
135786,135826,135829,3,40
135786,135826,135829,3,40
135786,135826,135830,4,40
135786,135827,135829,2,41
135786,135826,135830,4,40
135786,135827,135830,3,41
135786,135825,135830,5,39
135786,135826,135829,3,40
135786,135826,135830,4,40
135786,135827,135830,3,41
135786,135828,135830,2,42
135786,135828,135830,2,42
135786,135825,135830,5,39
135786,135826,135830,4,40
135786,135827,135831,4,41
135786,135828,135831,3,42
135786,135827,135831,4,41
135786,135827,135831,4,41
135786,135827,135831,4,41
135786,135827,135830,3,41
135786,135828,135831,3,42
135786,135828,135831,3,42
135786,135827,135831,4,41
135786,135829,135831,2,43
135786,135830,135831,1,44
135786,135828,135831,3,42
135786,135828,135831,3,42
135786,135831,135832,1,45
135786,135830,135831,1,44
135786,135828,135832,4,42
135786,135828,135832,4,42
135786,135828,135832,4,42
135786,135827,135831,4,41
135786,135829,135832,3,43
135786,135830,135832,2,44
135786,135830,135832,2,44
135786,135827,135832,5,41
135786,135829,135832,3,43
135786,135829,135832,3,43
135786,135829,135832,3,43
135786,135830,135832,2,44
135786,135830,135832,2,44
135786,135828,135832,4,42
135786,135830,135832,2,44
135786,135830,135832,2,44
135786,135830,135832,2,44
135786,135831,135832,1,45
135786,135830,135832,2,44
135786,135828,135833,5,42
135786,135828,135833,5,42
135786,135828,135833,5,42
135786,135829,135833,4,43
135786,135828,135833,5,42
135786,135828,135833,5,42
135786,135831,135833,2,45
135786,135828,135833,5,42
135786,135829,135833,4,43
135786,135831,135833,2,45
135786,135829,135833,4,43
135786,135831,135833,2,45
135786,135830,135833,3,44
135786,135829,135833,4,43
135786,135829,135834,5,43
135786,135830,135834,4,44
135786,135830,135833,3,44
135786,135830,135834,4,44
135786,135830,135834,4,44
135786,135830,135834,4,44
135786,135830,135834,4,44
135786,135829,135834,5,43
135786,135828,135833,5,42
135786,135829,135833,4,43
135786,135829,135833,4,43
135786,135829,135834,5,43
135786,135831,135834,3,45
135786,135833,135834,1,47
135786,135830,135835,5,44
135786,135830,135835,5,44
135786,135830,135835,5,44
135786,135830,135835,5,44
135786,135830,135835,5,44
135786,135832,135835,3,46
135786,135832,135836,4,46
135786,135833,135836,3,47
135786,135833,135835,2,47
135786,135833,135835,2,47
135786,135832,135836,4,46
135786,135832,135835,3,46
135786,135833,135835,2,47
135786,135833,135835,2,47
135786,135832,135835,3,46
135786,135832,135835,3,46
135786,135832,135835,3,46
135786,135832,135835,3,46
135786,135833,135836,3,47
135786,135832,135836,4,46
135786,135832,135836,4,46
135786,135832,135836,4,46
135786,135833,135836,3,47
135786,135833,135836,3,47
135786,135832,135836,4,46
135786,135833,135836,3,47
135786,135833,135836,3,47
135786,135833,135836,3,47
135786,135833,135836,3,47
135786,135832,135837,5,46
135786,135832,135836,4,46
135786,135833,135836,3,47
135786,135833,135836,3,47
135786,135833,135836,3,47
135786,135834,135837,3,48
135786,135833,135837,4,47
135786,135833,135837,4,47
135786,135833,135837,4,47
135786,135833,135837,4,47
135786,135833,135837,4,47
135786,135833,135837,4,47
135786,135833,135837,4,47
135786,135834,135837,3,48
135786,135834,135837,3,48
135786,135833,135837,4,47
135786,135835,135837,2,49
135786,135835,135837,2,49
135786,135834,135837,3,48
135786,135832,135837,5,46
135786,135834,135837,3,48
135786,135835,135837,2,49
135786,135833,135838,5,47
135786,135833,135838,5,47
135786,135834,135837,3,48
135786,135834,135837,3,48
135786,135834,135838,4,48
135786,135834,135838,4,48
135786,135834,135837,3,48
135786,135834,135837,3,48
135786,135833,135838,5,47
135786,135834,135838,4,48
135786,135834,135838,4,48
134971,134978,135874,896,7
135874,135874,135876,2,0
135874,135874,135877,3,0
135874,135874,135876,2,0
135874,135874,135877,3,0
135874,135874,135877,3,0
135874,135874,135877,3,0
135874,135874,135877,3,0
135874,135874,135877,3,0
135874,135874,135878,4,0
135874,135874,135878,4,0
135874,135874,135878,4,0
135874,135874,135878,4,0
135874,135874,135877,3,0
135874,135874,135878,4,0
135874,135874,135878,4,0
135874,135874,135878,4,0
135874,135874,135878,4,0
135874,135874,135878,4,0
135874,135874,135877,3,0
135874,135874,135878,4,0
135874,135874,135878,4,0
135874,135874,135878,4,0
135874,135874,135878,4,0
135874,135874,135878,4,0
135874,135874,135878,4,0
135874,135874,135878,4,0
135874,135874,135878,4,0
135874,135874,135878,4,0
135874,135874,135879,5,0
135874,135874,135879,5,0
135874,135874,135879,5,0
135874,135874,135878,4,0
135874,135874,135878,4,0
135874,135874,135878,4,0
135874,135874,135878,4,0
135874,135874,135879,5,0
135874,135874,135879,5,0
135874,135874,135879,5,0
135874,135874,135878,4,0
135874,135874,135879,5,0
135874,135874,135879,5,0
135874,135874,135879,5,0
135874,135874,135879,5,0
135874,135874,135879,5,0
135874,135875,135878,3,1
135874,135874,135878,4,0
135874,135874,135878,4,0
135874,135874,135878,4,0
135874,135874,135879,5,0
135874,135874,135879,5,0
135874,135874,135878,4,0
135874,135874,135878,4,0
135874,135874,135879,5,0
135874,135874,135878,4,0
135874,135874,135879,5,0
135874,135874,135879,5,0
135874,135874,135879,5,0
135874,135874,135879,5,0
135874,135874,135879,5,0
135874,135874,135879,5,0
135874,135874,135879,5,0
135874,135874,135880,6,0
135874,135877,135880,3,3
135874,135877,135880,3,3
135874,135877,135880,3,3
135874,135876,135880,4,2
135874,135877,135880,3,3
135874,135878,135881,3,4
135874,135878,135881,3,4
135874,135877,135881,4,3
135874,135878,135881,3,4
135874,135878,135881,3,4
135874,135878,135881,3,4
135874,135878,135881,3,4
135874,135877,135881,4,3
135874,135878,135882,4,4
135874,135878,135882,4,4
135874,135877,135882,5,3
135874,135878,135882,4,4
135874,135879,135882,3,5
135874,135880,135883,3,6
135874,135878,135882,4,4
135874,135878,135882,4,4
135874,135880,135882,2,6
135874,135880,135882,2,6
135874,135878,135882,4,4
135874,135878,135883,5,4
135874,135878,135882,4,4
135874,135880,135883,3,6
135874,135878,135882,4,4
135874,135878,135882,4,4
135874,135878,135883,5,4
135874,135878,135883,5,4
135874,135880,135883,3,6
135874,135880,135882,2,6
135874,135879,135883,4,5
135874,135879,135883,4,5
135874,135880,135883,3,6
135874,135880,135884,4,6
135874,135880,135883,3,6
135874,135880,135883,3,6
135874,135880,135883,3,6
135874,135881,135884,3,7
135874,135880,135883,3,6
135874,135880,135883,3,6
135874,135880,135883,3,6
135874,135880,135883,3,6
135874,135878,135883,5,4
135874,135880,135883,3,6
135874,135880,135883,3,6
135874,135881,135884,3,7
135874,135880,135883,3,6
135874,135880,135884,4,6
135874,135880,135883,3,6
135874,135880,135884,4,6
135874,135880,135883,3,6
135874,135880,135883,3,6
135874,135882,135884,2,8
135874,135880,135883,3,6
135874,135880,135883,3,6
135874,135880,135883,3,6
135874,135878,135883,5,4
135874,135880,135884,4,6
135874,135880,135883,3,6
135874,135880,135884,4,6
135874,135880,135884,4,6
135874,135881,135884,3,7
135874,135883,135885,2,9
135874,135881,135884,3,7
135874,135880,135884,4,6
135874,135881,135885,4,7
135874,135882,135884,2,8
135874,135882,135884,2,8
135874,135883,135886,3,9
135874,135883,135885,2,9
135874,135882,135885,3,8
135874,135882,135885,3,8
135874,135884,135886,2,10
135874,135884,135886,2,10
135874,135884,135886,2,10
135874,135882,135885,3,8
135874,135883,135885,2,9
135874,135882,135885,3,8
135874,135883,135885,2,9
135874,135884,135886,2,10
135874,135882,135885,3,8
135874,135883,135886,3,9
135874,135884,135886,2,10
135874,135884,135886,2,10
135874,135883,135886,3,9
135874,135884,135886,2,10
135874,135883,135885,2,9
135874,135883,135885,2,9
135874,135883,135886,3,9
135874,135883,135886,3,9
135874,135882,135886,4,8
135874,135883,135887,4,9
135874,135883,135886,3,9
135874,135884,135886,2,10
135874,135883,135886,3,9
135874,135883,135886,3,9
135874,135883,135886,3,9
135874,135884,135887,3,10
135874,135883,135886,3,9
135874,135884,135887,3,10
135874,135883,135887,4,9
135874,135884,135886,2,10
135874,135884,135886,2,10
135874,135884,135887,3,10
135874,135881,135887,6,7
135874,135885,135888,3,11
135874,135883,135888,5,9
135874,135884,135887,3,10
135874,135884,135887,3,10
135874,135884,135888,4,10
135874,135885,135888,3,11
135874,135885,135888,3,11
135874,135883,135888,5,9
135874,135884,135887,3,10
135874,135884,135887,3,10
135874,135884,135888,4,10
135874,135884,135887,3,10
135874,135885,135888,3,11
135874,135884,135888,4,10
135874,135884,135888,4,10
135874,135884,135887,3,10
135874,135885,135888,3,11
135874,135884,135888,4,10
135874,135886,135889,3,12
135874,135886,135889,3,12
135874,135884,135888,4,10
135874,135884,135888,4,10
135874,135886,135889,3,12
135874,135886,135889,3,12
135874,135884,135888,4,10
135874,135885,135889,4,11
135874,135885,135888,3,11
135874,135886,135889,3,12
135874,135885,135889,4,11
135874,135887,135889,2,13
135874,135887,135889,2,13
135874,135886,135890,4,12
135874,135887,135889,2,13
135874,135886,135890,4,12
135874,135886,135889,3,12
135874,135886,135889,3,12
135874,135886,135889,3,12
135874,135886,135890,4,12
135874,135887,135890,3,13
135874,135885,135889,4,11
135874,135886,135889,3,12
135874,135886,135890,4,12
135874,135886,135890,4,12
135874,135886,135889,3,12
135874,135886,135890,4,12
135874,135886,135889,3,12
135874,135887,135890,3,13
135874,135888,135890,2,14
135874,135886,135890,4,12
135874,135886,135890,4,12
135874,135887,135890,3,13
135874,135887,135890,3,13
135874,135886,135890,4,12
135874,135887,135890,3,13
135874,135887,135890,3,13
135874,135887,135891,4,13
135874,135887,135890,3,13
135874,135888,135890,2,14
135874,135888,135890,2,14
135874,135887,135890,3,13
135874,135887,135891,4,13
135874,135887,135890,3,13
135874,135888,135890,2,14
135874,135887,135891,4,13
135874,135888,135890,2,14
135874,135888,135891,3,14
135874,135887,135890,3,13
135874,135888,135891,3,14
135874,135888,135891,3,14
135874,135888,135891,3,14
135015,135021,135911,890,6
135925,135925,135927,2,0
135925,135925,135927,2,0
135925,135925,135927,2,0
135925,135925,135927,2,0
135925,135925,135928,3,0
135925,135925,135929,4,0
135925,135925,135929,4,0
135925,135925,135929,4,0
135925,135925,135929,4,0
135925,135925,135929,4,0
135925,135925,135929,4,0
135925,135925,135929,4,0
135925,135925,135929,4,0
135925,135925,135929,4,0
135925,135925,135929,4,0
135925,135925,135929,4,0
135925,135925,135929,4,0
135925,135925,135929,4,0
135925,135925,135929,4,0
135925,135925,135929,4,0
135925,135925,135929,4,0
135925,135926,135929,3,1
135925,135925,135930,5,0
135925,135925,135930,5,0
135925,135925,135930,5,0
135925,135925,135930,5,0
135925,135925,135930,5,0
135925,135925,135930,5,0
135925,135925,135929,4,0
135925,135925,135929,4,0
135925,135925,135930,5,0
135925,135925,135930,5,0
135925,135925,135930,5,0
135925,135925,135930,5,0
135925,135925,135930,5,0
135925,135925,135930,5,0
135925,135925,135930,5,0
135925,135925,135930,5,0
135925,135925,135930,5,0
135925,135925,135930,5,0
135925,135925,135930,5,0
135925,135925,135930,5,0
135925,135925,135930,5,0
135925,135926,135929,3,1
135925,135926,135930,4,1
135925,135925,135930,5,0
135925,135925,135930,5,0
135925,135925,135931,6,0
135925,135925,135931,6,0
135925,135925,135931,6,0
135925,135925,135931,6,0
135925,135928,135931,3,3
135925,135925,135931,6,0
135925,135925,135931,6,0
135925,135925,135931,6,0
135925,135925,135931,6,0
135925,135927,135931,4,2
135925,135929,135932,3,4
135925,135929,135932,3,4
135925,135929,135932,3,4
135925,135929,135932,3,4
135925,135929,135932,3,4
135925,135927,135932,5,2
135925,135925,135932,7,0
135925,135927,135932,5,2
135925,135929,135932,3,4
135925,135929,135932,3,4
135925,135927,135932,5,2
135925,135929,135932,3,4
135925,135930,135933,3,5
135925,135930,135933,3,5
135925,135929,135933,4,4
135925,135929,135933,4,4
135925,135929,135934,5,4
135925,135929,135933,4,4
135925,135929,135933,4,4
135925,135929,135933,4,4
135925,135929,135933,4,4
135925,135929,135934,5,4
135925,135930,135935,5,5
135925,135931,135934,3,6
135925,135931,135934,3,6
135925,135931,135934,3,6
135925,135931,135934,3,6
135925,135931,135935,4,6
135925,135929,135934,5,4
135925,135931,135934,3,6
135925,135931,135934,3,6
135925,135931,135935,4,6
135925,135931,135934,3,6
135925,135931,135935,4,6
135925,135931,135934,3,6
135925,135931,135935,4,6
135925,135934,135935,1,9
135925,135931,135934,3,6
135925,135932,135935,3,7
135925,135931,135934,3,6
135925,135931,135935,4,6
135925,135931,135934,3,6
135925,135930,135935,5,5
135925,135931,135935,4,6
135925,135931,135935,4,6
135925,135933,135935,2,8
135925,135931,135935,4,6
135925,135932,135935,3,7
135925,135932,135935,3,7
135925,135931,135935,4,6
135925,135932,135935,3,7
135925,135934,135935,1,9
135925,135931,135935,4,6
135925,135933,135936,3,8
135925,135931,135935,4,6
135925,135932,135935,3,7
135925,135932,135935,3,7
135925,135932,135935,3,7
135925,135934,135935,1,9
135112,135120,135936,816,8
135925,135932,135935,3,7
135925,135934,135935,1,9
135925,135933,135936,3,8
135925,135933,135936,3,8
135925,135933,135936,3,8
135925,135933,135936,3,8
135925,135933,135936,3,8
135925,135933,135936,3,8
135925,135933,135937,4,8
135925,135933,135936,3,8
135925,135933,135936,3,8
135925,135935,135937,2,10
135925,135934,135937,3,9
135925,135933,135936,3,8
135925,135933,135937,4,8
135925,135934,135937,3,9
135925,135935,135937,2,10
135925,135935,135937,2,10
135925,135935,135937,2,10
135925,135936,135938,2,11
135925,135935,135938,3,10
135925,135935,135938,3,10
135925,135935,135938,3,10
135925,135935,135938,3,10
135925,135935,135937,2,10
135925,135935,135937,2,10
135925,135934,135938,4,9
135925,135934,135938,4,9
135925,135936,135938,2,11
135925,135936,135938,2,11
135925,135935,135938,3,10
135925,135936,135938,2,11
135925,135936,135939,3,11
135925,135936,135939,3,11
135925,135936,135939,3,11
135925,135934,135938,4,9
135925,135936,135939,3,11
135925,135935,135939,4,10
135925,135935,135938,3,10
135925,135936,135939,3,11
135925,135935,135938,3,10
135925,135935,135939,4,10
135925,135935,135939,4,10
135925,135935,135938,3,10
135925,135935,135939,4,10
135925,135935,135939,4,10
135925,135936,135938,2,11
135925,135936,135939,3,11
135925,135936,135939,3,11
135925,135937,135939,2,12
135925,135936,135939,3,11
135925,135937,135940,3,12
135925,135936,135939,3,11
135925,135936,135939,3,11
135925,135935,135939,4,10
135925,135936,135939,3,11
135925,135936,135940,4,11
135925,135936,135939,3,11
135925,135938,135940,2,13
135925,135935,135940,5,10
135925,135936,135940,4,11
135925,135936,135940,4,11
135925,135937,135940,3,12
135925,135939,135941,2,14
135925,135938,135941,3,13
135925,135938,135940,2,13
135925,135937,135940,3,12
135925,135937,135940,3,12
135925,135937,135941,4,12
135925,135938,135941,3,13
135925,135937,135941,4,12
135925,135937,135941,4,12
135925,135939,135941,2,14
135925,135939,135941,2,14
135925,135937,135941,4,12
135925,135937,135941,4,12
135925,135937,135941,4,12
135925,135938,135941,3,13
135925,135937,135940,3,12
135925,135938,135941,3,13
135925,135937,135941,4,12
135925,135938,135940,2,13
135925,135939,135942,3,14
135925,135939,135942,3,14
135925,135939,135942,3,14
135925,135939,135941,2,14
135925,135939,135941,2,14
135925,135939,135941,2,14
135925,135937,135941,4,12
135925,135938,135942,4,13
135925,135939,135942,3,14
135925,135939,135941,2,14
135925,135938,135942,4,13
135925,135938,135942,4,13
135925,135939,135942,3,14
135925,135939,135942,3,14
135925,135939,135942,3,14
135925,135939,135942,3,14
135925,135939,135942,3,14
135925,135939,135942,3,14
135925,135940,135943,3,15
135925,135939,135942,3,14
135925,135940,135943,3,15
135925,135940,135943,3,15
135925,135940,135943,3,15
135925,135940,135943,3,15
135925,135940,135943,3,15
135925,135939,135942,3,14
135925,135939,135943,4,14
135925,135939,135943,4,14
135925,135940,135943,3,15
135941,135941,135943,2,0
135925,135939,135943,4,14
135925,135940,135943,3,15
135925,135940,135942,2,15
135941,135941,135943,2,0
135941,135941,135943,2,0
135925,135939,135942,3,14
135925,135940,135942,2,15
135925,135940,135943,3,15
135941,135941,135943,2,0
135925,135940,135943,3,15
135941,135941,135944,3,0
135941,135941,135944,3,0
135941,135941,135945,4,0
135941,135941,135944,3,0
135941,135942,135945,3,1
135941,135941,135945,4,0
135941,135942,135945,3,1
135941,135942,135944,2,1
135941,135941,135944,3,0
135941,135941,135945,4,0
135941,135942,135944,2,1
135941,135942,135945,3,1
135941,135941,135945,4,0
135941,135941,135944,3,0
135941,135942,135945,3,1
135941,135942,135945,3,1
135941,135943,135945,2,2
135941,135941,135945,4,0
135941,135941,135945,4,0
135941,135941,135945,4,0
135941,135944,135945,1,3
135941,135944,135945,1,3
135941,135944,135946,2,3
135941,135942,135945,3,1
135941,135943,135946,3,2
135941,135943,135946,3,2
135941,135943,135945,2,2
135941,135943,135946,3,2
135941,135942,135946,4,1
135941,135942,135946,4,1
135941,135943,135946,3,2
135941,135941,135946,5,0
135941,135942,135945,3,1
135941,135942,135946,4,1
135941,135942,135946,4,1
135941,135941,135945,4,0
135941,135941,135946,5,0
135941,135943,135946,3,2
135941,135941,135946,5,0
135941,135944,135946,2,3
135941,135942,135946,4,1
135941,135942,135946,4,1
135941,135944,135946,2,3
135925,135945,135946,1,20
135941,135944,135947,3,3
135941,135943,135947,4,2
135941,135943,135947,4,2
135941,135943,135947,4,2
135941,135944,135947,3,3
135941,135944,135947,3,3
135941,135942,135947,5,1
135941,135942,135947,5,1
135941,135943,135947,4,2
135941,135943,135947,4,2
135941,135943,135947,4,2
135941,135944,135947,3,3
135941,135944,135947,3,3
135941,135945,135947,2,4
135941,135945,135948,3,4
135941,135945,135948,3,4
135941,135945,135948,3,4
135941,135945,135948,3,4
135941,135945,135948,3,4
135941,135947,135949,2,6
135941,135945,135948,3,4
135941,135946,135948,2,5
135941,135946,135948,2,5
135941,135946,135949,3,5
135925,135945,135948,3,20
135925,135945,135948,3,20
135941,135947,135949,2,6
135941,135945,135950,5,4
135941,135947,135949,2,6
135941,135945,135950,5,4
135941,135945,135949,4,4
135941,135945,135949,4,4
135941,135945,135949,4,4
135941,135945,135950,5,4
135941,135947,135949,2,6
135941,135945,135950,5,4
135941,135945,135949,4,4
135941,135947,135949,2,6
135941,135947,135949,2,6
135941,135947,135949,2,6
135941,135945,135949,4,4
135941,135946,135949,3,5
135941,135947,135950,3,6
135941,135947,135949,2,6
135941,135947,135949,2,6
135941,135945,135949,4,4
135941,135947,135949,2,6
135941,135947,135949,2,6
135941,135947,135949,2,6
135941,135946,135949,3,5
135941,135947,135949,2,6
135941,135948,135950,2,7
135925,135945,135949,4,20
135925,135945,135949,4,20
135925,135945,135950,5,20
135941,135945,135950,5,4
135941,135946,135950,4,5
135941,135948,135950,2,7
135941,135948,135950,2,7
135941,135948,135950,2,7
135941,135948,135950,2,7
135941,135948,135950,2,7
135941,135950,135951,1,9
135941,135947,135950,3,6
135941,135947,135951,4,6
135941,135948,135950,2,7
135941,135948,135950,2,7
135941,135947,135950,3,6
135941,135948,135951,3,7
135941,135947,135950,3,6
135941,135948,135951,3,7
135941,135948,135951,3,7
135941,135948,135950,2,7
135941,135947,135950,3,6
135941,135947,135951,4,6
135941,135948,135950,2,7
135941,135949,135951,2,8
135941,135949,135951,2,8
135941,135949,135952,3,8
135941,135950,135951,1,9
135941,135950,135951,1,9
135941,135949,135951,2,8
135941,135948,135951,3,7
135941,135949,135951,2,8
135941,135949,135952,3,8
135941,135949,135952,3,8
135941,135949,135952,3,8
135941,135949,135951,2,8
135941,135950,135952,2,9
135941,135950,135952,2,9
135941,135950,135952,2,9
135941,135950,135952,2,9
135941,135949,135952,3,8
135941,135949,135953,4,8
135941,135950,135953,3,9
135941,135949,135953,4,8
135941,135950,135953,3,9
135941,135950,135953,3,9
135941,135950,135953,3,9
135941,135951,135953,2,10
135941,135950,135954,4,9
135941,135950,135953,3,9
135941,135950,135953,3,9
135941,135950,135953,3,9
135941,135951,135954,3,10
135941,135951,135954,3,10
135941,135951,135954,3,10
135941,135951,135953,2,10
135941,135950,135953,3,9
135941,135951,135953,2,10
135941,135950,135953,3,9
135941,135951,135954,3,10
135941,135950,135953,3,9
135941,135950,135953,3,9
135941,135951,135954,3,10
135941,135949,135953,4,8
135941,135950,135954,4,9
135941,135950,135953,3,9
135941,135950,135954,4,9
135941,135951,135954,3,10
135941,135951,135954,3,10
135941,135950,135954,4,9
135941,135951,135954,3,10
135941,135952,135954,2,11
135941,135950,135954,4,9
135941,135952,135954,2,11
135941,135951,135954,3,10
135941,135952,135954,2,11
135941,135952,135955,3,11
135941,135951,135954,3,10
135941,135951,135955,4,10
135941,135950,135954,4,9
135941,135950,135954,4,9
135941,135951,135954,3,10
135941,135950,135954,4,9
135941,135951,135954,3,10
135941,135951,135954,3,10
135941,135951,135954,3,10
135941,135951,135954,3,10
135941,135951,135955,4,10
135941,135953,135955,2,12
135941,135950,135955,5,9
135941,135951,135955,4,10
135941,135953,135955,2,12
135941,135954,135955,1,13
135941,135953,135955,2,12
135941,135952,135955,3,11
135941,135952,135955,3,11
135941,135952,135955,3,11
135941,135952,135956,4,11
135941,135952,135955,3,11
135941,135953,135956,3,12
135941,135953,135956,3,12
135941,135952,135956,4,11
135941,135952,135956,4,11
135941,135953,135955,2,12
135941,135952,135956,4,11
135941,135954,135956,2,13
135941,135954,135957,3,13
135941,135954,135956,2,13
135941,135954,135957,3,13
135941,135954,135956,2,13
135941,135954,135957,3,13
135941,135953,135956,3,12
135941,135953,135957,4,12
135941,135954,135957,3,13
135941,135953,135957,4,12
135941,135954,135957,3,13
135941,135954,135957,3,13
135941,135953,135956,3,12
135941,135955,135958,3,14
135941,135955,135958,3,14
135941,135954,135957,3,13
135941,135955,135958,3,14
135941,135954,135958,4,13
135941,135954,135958,4,13
135941,135955,135958,3,14
135941,135955,135957,2,14
135941,135955,135958,3,14
135941,135955,135958,3,14
135941,135954,135957,3,13
135941,135954,135958,4,13
135941,135955,135958,3,14
135941,135955,135958,3,14
135941,135955,135958,3,14
135941,135955,135958,3,14
135941,135954,135957,3,13
135941,135954,135958,4,13
135941,135955,135957,2,14
135941,135954,135958,4,13
135941,135954,135958,4,13
135941,135955,135958,3,14
135941,135954,135958,4,13
135941,135954,135958,4,13
135941,135954,135957,3,13
135941,135954,135957,3,13
135941,135955,135958,3,14
135941,135955,135958,3,14
135069,135075,135962,887,6
135994,135994,135995,1,0
135994,135995,135996,1,1
135994,135994,135997,3,0
135994,135994,135996,2,0
135994,135994,135997,3,0
135994,135994,135997,3,0
135994,135994,135997,3,0
135994,135994,135997,3,0
135994,135994,135997,3,0
135994,135994,135998,4,0
135994,135994,135998,4,0
135994,135994,135998,4,0
135994,135994,135997,3,0
135994,135994,135998,4,0
135994,135994,135998,4,0
135994,135994,135997,3,0
135994,135994,135998,4,0
135994,135994,135997,3,0
135994,135994,135998,4,0
135994,135994,135998,4,0
135994,135994,135998,4,0
135994,135994,135997,3,0
135994,135994,135997,3,0
135994,135994,135998,4,0
135994,135994,135998,4,0
135994,135994,135998,4,0
135994,135994,135997,3,0
135994,135994,135998,4,0
135994,135994,135998,4,0
135994,135994,135998,4,0
135994,135994,135998,4,0
135994,135994,135998,4,0
135994,135995,135998,3,1
135994,135995,135998,3,1
135994,135994,135999,5,0
135994,135994,135998,4,0
135994,135994,135999,5,0
135994,135994,135998,4,0
135994,135994,135998,4,0
135994,135994,135998,4,0
135994,135994,135999,5,0
135994,135994,135998,4,0
135994,135994,135998,4,0
135994,135994,135999,5,0
135994,135994,135998,4,0
135994,135994,135999,5,0
135994,135996,135999,3,2
135994,135994,135999,5,0
135994,135994,135999,5,0
135994,135994,135998,4,0
135994,135994,135998,4,0
135994,135994,135999,5,0
135994,135994,135999,5,0
135994,135994,135998,4,0
135994,135996,136000,4,2
135994,135998,136000,2,4
135994,135995,136000,5,1
135994,135998,136001,3,4
135994,135998,136001,3,4
135994,135998,136001,3,4
135994,135998,136001,3,4
135994,135998,136001,3,4
135994,135997,136001,4,3
135994,135998,136001,3,4
135994,135998,136001,3,4
135994,135998,136001,3,4
135994,135997,136001,4,3
135994,135997,136001,4,3
135994,135998,136001,3,4
135994,135997,136001,4,3
135994,135997,136001,4,3
135994,135998,136001,3,4
135994,135998,136001,3,4
135994,135995,136001,6,1
135994,135999,136001,2,5
135994,135998,136002,4,4
135994,135998,136002,4,4
135994,135998,136002,4,4
135994,135998,136002,4,4
135994,135999,136002,3,5
135994,135999,136002,3,5
135994,135997,136002,5,3
135994,135998,136002,4,4
135994,135998,136002,4,4
135994,135998,136002,4,4
135994,135998,136002,4,4
135994,136000,136002,2,6
135994,136000,136002,2,6
135994,135998,136002,4,4
135994,136000,136002,2,6
135994,136000,136002,2,6
135994,135998,136002,4,4
135994,136000,136002,2,6
135994,136000,136002,2,6
135994,135998,136002,4,4
135994,135999,136002,3,5
135994,136000,136002,2,6
135994,135999,136002,3,5
135994,136000,136002,2,6
135994,135998,136003,5,4
135994,135999,136003,4,5
135994,135999,136003,4,5
135994,135999,136002,3,5
135994,135999,136003,4,5
135994,135999,136003,4,5
135994,135999,136003,4,5
135994,135999,136003,4,5
135994,135999,136003,4,5
135994,135999,136003,4,5
135994,136001,136003,2,7
135994,135999,136003,4,5
135994,136001,136003,2,7
135994,136001,136004,3,7
135994,136016,136017,1,22
135994,136016,136019,3,22
135994,136016,136020,4,22
135994,136016,136020,4,22
135994,136016,136020,4,22
135994,136016,136020,4,22
135994,136016,136020,4,22
135182,135189,136029,840,7
136038,136039,136041,2,1
136038,136039,136040,1,1
136038,136039,136041,2,1
136038,136039,136042,3,1
136038,136039,136042,3,1
136038,136039,136042,3,1
136038,136039,136042,3,1
136038,136039,136041,2,1
136038,136039,136043,4,1
136038,136039,136043,4,1
136038,136039,136042,3,1
136038,136039,136042,3,1
136038,136039,136043,4,1
136038,136039,136042,3,1
136038,136039,136042,3,1
136038,136039,136043,4,1
136038,136039,136042,3,1
136038,136039,136043,4,1
136038,136039,136042,3,1
136038,136039,136042,3,1
136038,136039,136043,4,1
136038,136039,136043,4,1
136038,136039,136042,3,1
136038,136039,136042,3,1
136038,136039,136043,4,1
136038,136039,136042,3,1
136038,136039,136043,4,1
136038,136039,136042,3,1
136038,136039,136043,4,1
136038,136039,136043,4,1
136038,136039,136043,4,1
136038,136039,136043,4,1
136038,136039,136042,3,1
136038,136039,136042,3,1
136038,136039,136042,3,1
136038,136039,136043,4,1
136038,136039,136043,4,1
136038,136039,136044,5,1
136038,136039,136043,4,1
136038,136039,136043,4,1
136038,136039,136043,4,1
136038,136039,136043,4,1
136038,136039,136043,4,1
136038,136039,136043,4,1
136038,136039,136043,4,1
136038,136039,136044,5,1
136038,136039,136043,4,1
136038,136039,136043,4,1
136038,136039,136043,4,1
136038,136041,136044,3,3
136038,136039,136044,5,1
136038,136039,136043,4,1
136038,136039,136043,4,1
136038,136039,136043,4,1
136038,136041,136044,3,3
136038,136039,136043,4,1
136038,136039,136043,4,1
136038,136042,136045,3,4
136038,136042,136045,3,4
136038,136043,136045,2,5
136038,136042,136046,4,4
136038,136043,136046,3,5
136038,136043,136045,2,5
136038,136043,136046,3,5
136038,136043,136045,2,5
136038,136043,136045,2,5
136038,136042,136045,3,4
136038,136043,136046,3,5
136038,136042,136046,4,4
136038,136043,136046,3,5
136038,136043,136046,3,5
136038,136043,136046,3,5
136038,136043,136046,3,5
136038,136043,136046,3,5
136038,136043,136046,3,5
136038,136043,136046,3,5
136038,136043,136046,3,5
136038,136043,136046,3,5
136038,136043,136047,4,5
136038,136043,136046,3,5
136038,136043,136046,3,5
136038,136043,136047,4,5
136038,136043,136046,3,5
136038,136044,136047,3,6
136038,136044,136047,3,6
136038,136043,136047,4,5
136038,136044,136047,3,6
136038,136044,136047,3,6
136038,136044,136047,3,6
136038,136044,136047,3,6
136038,136043,136047,4,5
136038,136043,136047,4,5
136038,136043,136046,3,5
136038,136043,136047,4,5
136038,136044,136047,3,6
136038,136043,136047,4,5
136038,136043,136047,4,5
136038,136044,136047,3,6
136038,136044,136048,4,6
136038,136043,136047,4,5
136038,136044,136047,3,6
136038,136044,136048,4,6
136038,136044,136047,3,6
136038,136044,136047,3,6
136038,136044,136047,3,6
136038,136045,136048,3,7
136038,136045,136048,3,7
136038,136044,136047,3,6
136038,136044,136047,3,6
136038,136045,136048,3,7
136038,136044,136048,4,6
136038,136046,136049,3,8
136038,136046,136049,3,8
136038,136046,136049,3,8
136038,136044,136050,6,6
136038,136044,136050,6,6
136038,136039,136044,5,1
136038,136039,136044,5,1
136038,136058,136061,3,20
136038,136058,136061,3,20
135262,135269,136116,847,7
136118,136118,136120,2,0
136118,136119,136121,2,1
136118,136118,136121,3,0
136118,136118,136121,3,0
136118,136119,136121,2,1
136118,136118,136122,4,0
136118,136118,136122,4,0
136118,136118,136122,4,0
136118,136118,136122,4,0
136118,136118,136122,4,0
136118,136118,136122,4,0
136118,136118,136122,4,0
136118,136118,136122,4,0
136118,136118,136122,4,0
136118,136118,136122,4,0
136118,136118,136122,4,0
136118,136118,136122,4,0
136118,136118,136122,4,0
136118,136118,136122,4,0
136118,136118,136122,4,0
136118,136118,136122,4,0
136118,136118,136122,4,0
136118,136118,136122,4,0
136118,136120,136122,2,2
136118,136119,136122,3,1
136118,136119,136123,4,1
136118,136119,136123,4,1
136118,136119,136122,3,1
136118,136119,136122,3,1
136118,136119,136123,4,1
136118,136118,136122,4,0
136118,136118,136123,5,0
136118,136118,136122,4,0
136118,136118,136123,5,0
136118,136119,136123,4,1
136118,136119,136123,4,1
136118,136118,136123,5,0
136118,136118,136123,5,0
136118,136118,136123,5,0
136118,136118,136124,6,0
136118,136122,136124,2,4
136118,136122,136125,3,4
136118,136123,136125,2,5
136118,136123,136125,2,5
136118,136121,136125,4,3
136118,136123,136125,2,5
136118,136123,136126,3,5
136118,136123,136125,2,5
136118,136123,136125,2,5
136118,136123,136126,3,5
136118,136123,136125,2,5
136118,136123,136125,2,5
136118,136122,136126,4,4
136118,136122,136126,4,4
136118,136123,136126,3,5
136118,136122,136126,4,4
136118,136124,136126,2,6
136118,136124,136126,2,6
136118,136125,136127,2,7
136118,136123,136127,4,5
136118,136123,136126,3,5
136118,136123,136126,3,5
136118,136123,136126,3,5
136118,136124,136127,3,6
136118,136123,136126,3,5
136118,136124,136127,3,6
136118,136123,136127,4,5
136118,136123,136127,4,5
136118,136122,136127,5,4
136118,136124,136127,3,6
136118,136126,136128,2,8
136118,136124,136128,4,6
136118,136125,136127,2,7
136118,136126,136128,2,8
136118,136126,136128,2,8
136118,136124,136127,3,6
136118,136126,136128,2,8
136118,136123,136126,3,5
136118,136124,136128,4,6
136118,136123,136128,5,5
136118,136124,136128,4,6
136118,136124,136128,4,6
136118,136126,136129,3,8
136118,136126,136129,3,8
136118,136126,136129,3,8
136118,136126,136128,2,8
136118,136126,136128,2,8
136118,136124,136129,5,6
136118,136127,136129,2,9
136118,136127,136129,2,9
136118,136126,136129,3,8
136118,136127,136129,2,9
136118,136127,136130,3,9
136118,136127,136130,3,9
136118,136127,136129,2,9
136118,136127,136129,2,9
136118,136127,136129,2,9
136118,136127,136129,2,9
136118,136127,136129,2,9
136118,136127,136129,2,9
136118,136127,136130,3,9
136118,136127,136130,3,9
136118,136127,136130,3,9
136118,136127,136130,3,9
136118,136128,136131,3,10
136118,136128,136131,3,10
136118,136128,136131,3,10
136118,136128,136131,3,10
136118,136128,136131,3,10
136118,136128,136131,3,10
136118,136119,136131,12,1
136118,136119,136130,11,1
136118,136128,136131,3,10
136118,136128,136131,3,10
136118,136128,136131,3,10
136118,136129,136132,3,11
136118,136129,136131,2,11
136118,136129,136131,2,11
136118,136124,136135,11,6
136118,136128,136142,14,10
135345,135352,136199,847,7
136202,136203,136205,2,1
136202,136203,136205,2,1
136202,136203,136205,2,1
136202,136203,136205,2,1
136202,136203,136205,2,1
136202,136203,136206,3,1
136202,136203,136206,3,1
136202,136202,136206,4,0
136202,136203,136206,3,1
136202,136203,136206,3,1
136202,136203,136206,3,1
136202,136203,136206,3,1
136202,136202,136206,4,0
136202,136203,136206,3,1
136202,136203,136206,3,1
136202,136203,136206,3,1
136202,136202,136206,4,0
136202,136203,136206,3,1
136202,136203,136206,3,1
136202,136203,136206,3,1
136202,136203,136206,3,1
136202,136202,136206,4,0
136202,136202,136206,4,0
136202,136203,136207,4,1
136202,136203,136206,3,1
136202,136203,136207,4,1
136202,136203,136207,4,1
136202,136203,136207,4,1
136202,136203,136207,4,1
136202,136203,136207,4,1
136202,136203,136207,4,1
136202,136203,136207,4,1
136202,136203,136207,4,1
136202,136203,136207,4,1
136202,136202,136207,5,0
136202,136206,136208,2,4
136202,136206,136207,1,4
136202,136203,136207,4,1
136202,136203,136207,4,1
136202,136206,136207,1,4
136202,136203,136207,4,1
136202,136203,136207,4,1
136202,136203,136207,4,1
136202,136206,136208,2,4
136202,136207,136209,2,5
136202,136207,136210,3,5
136202,136207,136209,2,5
136202,136207,136209,2,5
136202,136207,136210,3,5
136202,136207,136209,2,5
136202,136207,136209,2,5
136202,136207,136210,3,5
136202,136207,136210,3,5
136202,136207,136210,3,5
136202,136207,136210,3,5
136202,136207,136210,3,5
136202,136207,136210,3,5
136202,136207,136210,3,5
136202,136208,136210,2,6
136202,136207,136210,3,5
136202,136208,136210,2,6
136202,136207,136210,3,5
136202,136207,136211,4,5
136202,136207,136210,3,5
136202,136207,136210,3,5
136202,136208,136211,3,6
136202,136206,136210,4,4
136202,136207,136210,3,5
136202,136209,136211,2,7
136202,136208,136212,4,6
136202,136208,136211,3,6
136202,136208,136211,3,6
136202,136208,136212,4,6
136202,136207,136211,4,5
136202,136208,136211,3,6
136202,136208,136212,4,6
136202,136208,136212,4,6
136202,136208,136211,3,6
136202,136208,136212,4,6
136202,136208,136211,3,6
136202,136208,136212,4,6
136202,136210,136212,2,8
136202,136208,136212,4,6
136202,136208,136212,4,6
136202,136209,136212,3,7
136202,136208,136212,4,6
136202,136211,136213,2,9
136202,136210,136213,3,8
136202,136210,136212,2,8
136202,136210,136213,3,8
136202,136210,136213,3,8
136202,136210,136213,3,8
136202,136211,136214,3,9
136202,136211,136213,2,9
136202,136211,136213,2,9
136202,136211,136213,2,9
136202,136211,136213,2,9
136202,136210,136213,3,8
136202,136211,136214,3,9
136202,136211,136214,3,9
136202,136211,136214,3,9
136202,136211,136214,3,9
136202,136211,136213,2,9
136202,136210,136214,4,8
136202,136211,136214,3,9
136202,136211,136214,3,9
136202,136211,136214,3,9
136202,136211,136214,3,9
136202,136211,136214,3,9
136202,136212,136215,3,10
136202,136212,136215,3,10
136202,136212,136214,2,10
136202,136212,136215,3,10
136202,136212,136214,2,10
136202,136212,136214,2,10
136202,136212,136214,2,10
136202,136212,136215,3,10
136202,136212,136216,4,10
136202,136212,136215,3,10
136202,136203,136229,26,1
135389,135395,136272,877,6
136274,136274,136277,3,0
136274,136274,136277,3,0
136274,136274,136277,3,0
136274,136274,136277,3,0
136274,136274,136277,3,0
136274,136274,136277,3,0
136274,136274,136278,4,0
136274,136274,136278,4,0
136274,136274,136278,4,0
136274,136274,136278,4,0
136274,136274,136278,4,0
136274,136274,136278,4,0
136274,136274,136278,4,0
136274,136274,136278,4,0
136274,136274,136278,4,0
136274,136274,136277,3,0
136274,136274,136277,3,0
136274,136274,136278,4,0
136274,136274,136278,4,0
136274,136274,136278,4,0
136274,136274,136278,4,0
136274,136274,136278,4,0
136274,136274,136277,3,0
136274,136274,136278,4,0
136274,136274,136279,5,0
136274,136274,136279,5,0
136274,136274,136278,4,0
136274,136274,136279,5,0
136274,136274,136278,4,0
136274,136274,136279,5,0
136274,136274,136278,4,0
136274,136274,136279,5,0
136274,136274,136279,5,0
136274,136274,136279,5,0
136274,136277,136279,2,3
136274,136274,136278,4,0
136274,136274,136279,5,0
136274,136274,136279,5,0
136274,136274,136278,4,0
136274,136277,136279,2,3
136274,136274,136279,5,0
136274,136274,136279,5,0
136274,136277,136279,2,3
136274,136277,136280,3,3
136274,136274,136279,5,0
136274,136278,136281,3,4
136274,136277,136281,4,3
136274,136278,136280,2,4
136274,136278,136281,3,4
136274,136278,136281,3,4
135431,135449,136281,832,18
136274,136278,136281,3,4
136274,136278,136281,3,4
136274,136278,136281,3,4
136274,136278,136281,3,4
136274,136278,136281,3,4
136274,136278,136281,3,4
136274,136278,136282,4,4
136274,136278,136282,4,4
136274,136278,136282,4,4
136274,136278,136282,4,4
136274,136278,136282,4,4
136274,136278,136282,4,4
136274,136280,136282,2,6
136274,136280,136283,3,6
136274,136278,136282,4,4
136274,136278,136282,4,4
136274,136279,136282,3,5
136274,136279,136283,4,5
136274,136279,136283,4,5
136274,136279,136283,4,5
136274,136279,136283,4,5
136274,136279,136283,4,5
136274,136279,136283,4,5
136274,136280,136283,3,6
136274,136280,136283,3,6
136274,136280,136283,3,6
136274,136280,136283,3,6
136274,136281,136283,2,7
136274,136281,136283,2,7
136274,136280,136283,3,6
136274,136280,136283,3,6
136274,136280,136283,3,6
136274,136279,136284,5,5
136274,136279,136284,5,5
136274,136280,136284,4,6
136274,136281,136284,3,7
136274,136282,136284,2,8
136274,136279,136284,5,5
136274,136282,136284,2,8
136274,136280,136284,4,6
136274,136282,136285,3,8
136274,136280,136284,4,6
136274,136281,136284,3,7
136274,136281,136285,4,7
136274,136283,136285,2,9
136274,136283,136285,2,9
136274,136283,136285,2,9
136274,136283,136285,2,9
136274,136283,136285,2,9
136274,136281,136285,4,7
136274,136282,136286,4,8
136274,136283,136285,2,9
136274,136283,136285,2,9
136274,136283,136285,2,9
136274,136283,136285,2,9
136274,136282,136285,3,8
136274,136283,136286,3,9
136274,136284,136286,2,10
136274,136284,136286,2,10
136274,136284,136286,2,10
136274,136284,136287,3,10
136274,136284,136287,3,10
136274,136284,136287,3,10
136274,136284,136286,2,10
136274,136283,136286,3,9
136274,136284,136286,2,10
136274,136284,136286,2,10
136274,136283,136287,4,9
136274,136284,136287,3,10
136274,136284,136287,3,10
136285,136285,136288,3,0
136285,136285,136288,3,0
136285,136285,136288,3,0
136285,136285,136288,3,0
136285,136285,136289,4,0
136285,136285,136288,3,0
136285,136285,136289,4,0
136285,136285,136288,3,0
136285,136285,136289,4,0
136285,136285,136289,4,0
136285,136286,136288,2,1
136285,136286,136289,3,1
136285,136286,136289,3,1
136285,136286,136289,3,1
136285,136286,136289,3,1
136285,136286,136290,4,1
136285,136287,136289,2,2
136285,136287,136289,2,2
136285,136286,136289,3,1
136285,136286,136289,3,1
136285,136285,136289,4,0
136285,136286,136289,3,1
136285,136285,136289,4,0
136285,136286,136289,3,1
136285,136285,136289,4,0
136285,136285,136289,4,0
136285,136287,136290,3,2
136285,136286,136290,4,1
136285,136286,136289,3,1
136285,136285,136290,5,0
136285,136288,136290,2,3
136285,136287,136291,4,2
136285,136287,136290,3,2
136285,136288,136291,3,3
136285,136287,136290,3,2
136285,136287,136290,3,2
136285,136287,136291,4,2
136285,136286,136290,4,1
136285,136287,136290,3,2
136285,136287,136291,4,2
136285,136289,136291,2,4
136285,136289,136291,2,4
136285,136289,136291,2,4
136285,136289,136292,3,4
136285,136289,136292,3,4
136285,136289,136292,3,4
136285,136289,136291,2,4
136285,136287,136292,5,2
136285,136289,136292,3,4
136285,136290,136292,2,5
136285,136290,136292,2,5
136285,136289,136292,3,4
136285,136290,136292,2,5
136285,136290,136293,3,5
136285,136290,136293,3,5
136285,136289,136292,3,4
136285,136289,136293,4,4
136285,136289,136293,4,4
136285,136290,136294,4,5
136285,136290,136293,3,5
136285,136290,136294,4,5
136285,136290,136294,4,5
136285,136290,136294,4,5
136285,136290,136293,3,5
136285,136291,136294,3,6
136285,136291,136294,3,6
136285,136292,136294,2,7
136285,136289,136294,5,4
136285,136290,136294,4,5
136285,136290,136294,4,5
136285,136291,136294,3,6
136285,136290,136294,4,5
136285,136291,136294,3,6
136285,136291,136294,3,6
136285,136291,136294,3,6
136285,136291,136294,3,6
136285,136291,136294,3,6
136285,136291,136294,3,6
136285,136292,136295,3,7
136285,136290,136295,5,5
136285,136290,136295,5,5
136285,136292,136295,3,7
136285,136294,136296,2,9
136285,136294,136296,2,9
136285,136291,136295,4,6
136285,136291,136295,4,6
136285,136292,136296,4,7
136285,136292,136295,3,7
136285,136292,136295,3,7
136285,136292,136295,3,7
136285,136293,136295,2,8
136285,136293,136296,3,8
136285,136292,136296,4,7
136285,136293,136296,3,8
136285,136292,136296,4,7
136285,136293,136296,3,8
136285,136294,136296,2,9
136285,136293,136296,3,8
136285,136293,136296,3,8
136285,136295,136297,2,10
136285,136293,136296,3,8
136285,136294,136296,2,9
136285,136294,136297,3,9
136285,136294,136297,3,9
136285,136293,136297,4,8
136285,136294,136297,3,9
136285,136293,136297,4,8
136285,136294,136297,3,9
136285,136295,136297,2,10
136285,136295,136297,2,10
136285,136295,136297,2,10
136285,136294,136297,3,9
136285,136294,136297,3,9
136285,136295,136298,3,10
136285,136295,136297,2,10
136285,136295,136297,2,10
136285,136294,136297,3,9
136285,136295,136297,2,10
136285,136294,136298,4,9
136285,136295,136298,3,10
135435,135460,136314,854,25
136332,136332,136334,2,0
136332,136332,136335,3,0
136332,136332,136335,3,0
136332,136332,136335,3,0
136332,136332,136335,3,0
136332,136332,136335,3,0
136332,136332,136335,3,0
136332,136332,136335,3,0
136332,136332,136335,3,0
136332,136332,136336,4,0
136332,136332,136336,4,0
136332,136332,136336,4,0
136332,136332,136336,4,0
136332,136332,136336,4,0
135439,135460,136336,876,21
136332,136332,136336,4,0
136332,136332,136336,4,0
136332,136332,136336,4,0
136332,136332,136336,4,0
136332,136332,136336,4,0
136332,136332,136336,4,0
136332,136332,136336,4,0
136332,136332,136336,4,0
136332,136332,136336,4,0
136332,136332,136336,4,0
136332,136333,136336,3,1
136332,136333,136336,3,1
136332,136333,136337,4,1
136332,136333,136336,3,1
136332,136333,136336,3,1
136332,136332,136337,5,0
136332,136332,136337,5,0
136332,136332,136337,5,0
136332,136332,136337,5,0
136332,136332,136337,5,0
136332,136332,136336,4,0
136332,136332,136337,5,0
136332,136332,136336,4,0
136332,136332,136337,5,0
136332,136332,136337,5,0
136332,136332,136337,5,0
136332,136332,136336,4,0
136332,136335,136338,3,3
136332,136335,136338,3,3
136332,136335,136338,3,3
136332,136335,136338,3,3
136332,136335,136338,3,3
136332,136335,136338,3,3
136332,136335,136339,4,3
136332,136335,136339,4,3
136332,136338,136339,1,6
136332,136335,136339,4,3
136332,136336,136339,3,4
136332,136336,136340,4,4
136332,136337,136339,2,5
136332,136336,136339,3,4
136332,136337,136339,2,5
136332,136336,136340,4,4
136332,136336,136340,4,4
136332,136337,136340,3,5
136332,136337,136340,3,5
136332,136336,136340,4,4
136332,136336,136340,4,4
136332,136337,136340,3,5
136332,136336,136340,4,4
136332,136336,136340,4,4
136332,136337,136340,3,5
136332,136336,136340,4,4
136332,136338,136340,2,6
136332,136338,136340,2,6
136332,136336,136340,4,4
136332,136338,136341,3,6
136332,136337,136341,4,5
136332,136337,136341,4,5
136332,136337,136341,4,5
136332,136336,136341,5,4
136332,136337,136341,4,5
136332,136339,136341,2,7
136332,136338,136341,3,6
136332,136336,136341,5,4
136332,136338,136342,4,6
136332,136339,136342,3,7
136332,136339,136342,3,7
136332,136339,136342,3,7
136332,136340,136343,3,8
136332,136340,136342,2,8
136332,136339,136342,3,7
136332,136340,136343,3,8
136332,136341,136342,1,9
136332,136341,136343,2,9
136332,136341,136342,1,9
136332,136339,136342,3,7
136332,136340,136343,3,8
136332,136340,136343,3,8
136332,136341,136342,1,9
136332,136340,136343,3,8
136332,136338,136342,4,6
136332,136338,136342,4,6
136332,136338,136342,4,6
136332,136338,136343,5,6
136332,136341,136343,2,9
136332,136341,136343,2,9
136332,136341,136344,3,9
136332,136340,136343,3,8
136332,136341,136343,2,9
136332,136341,136343,2,9
136332,136341,136343,2,9
136332,136341,136343,2,9
136332,136341,136343,2,9
136332,136342,136344,2,10
136332,136340,136343,3,8
136332,136340,136343,3,8
136332,136342,136344,2,10
136332,136340,136343,3,8
136332,136342,136344,2,10
136332,136342,136344,2,10
136332,136342,136344,2,10
136332,136342,136344,2,10
136332,136342,136344,2,10
136332,136341,136344,3,9
136339,136342,136345,3,3
136339,136342,136345,3,3
136339,136344,136345,1,5
136339,136344,136346,2,5
136339,136344,136345,1,5
136339,136344,136345,1,5
136339,136343,136346,3,4
136332,136344,136346,2,12
136339,136344,136346,2,5
136339,136344,136346,2,5
136339,136344,136346,2,5
136339,136344,136346,2,5
136339,136344,136346,2,5
136339,136343,136346,3,4
136339,136344,136346,2,5
136339,136343,136346,3,4
136339,136343,136346,3,4
136339,136343,136346,3,4
136339,136344,136347,3,5
136339,136343,136346,3,4
136339,136343,136347,4,4
136339,136343,136346,3,4
136339,136343,136347,4,4
136339,136343,136347,4,4
136339,136344,136347,3,5
136339,136344,136347,3,5
136339,136344,136347,3,5
136339,136344,136348,4,5
136339,136344,136348,4,5
136339,136343,136347,4,4
136339,136343,136347,4,4
136339,136345,136348,3,6
136339,136345,136348,3,6
136339,136343,136347,4,4
136339,136344,136348,4,5
136339,136345,136349,4,6
136339,136345,136348,3,6
136339,136344,136347,3,5
136339,136345,136348,3,6
136339,136344,136349,5,5
136339,136346,136348,2,7
136339,136346,136349,3,7
136339,136345,136350,5,6
136339,136345,136350,5,6
136339,136346,136349,3,7
136339,136346,136349,3,7
136339,136347,136350,3,8
136339,136346,136349,3,7
136339,136347,136350,3,8
136339,136347,136350,3,8
136339,136347,136350,3,8
136339,136347,136351,4,8
136339,136345,136350,5,6
136339,136348,136350,2,9
136339,136348,136350,2,9
136339,136348,136351,3,9
136339,136347,136351,4,8
136339,136347,136351,4,8
136339,136347,136351,4,8
136339,136347,136351,4,8
136339,136349,136351,2,10
136339,136347,136351,4,8
136339,136347,136351,4,8
136339,136348,136351,3,9
136339,136347,136351,4,8
136339,136347,136351,4,8
136339,136348,136351,3,9
136339,136348,136351,3,9
136339,136349,136351,2,10
136339,136347,136351,4,8
136339,136349,136351,2,10
136339,136348,136351,3,9
136339,136349,136351,2,10
136339,136349,136352,3,10
136339,136349,136351,2,10
136339,136349,136351,2,10
136339,136349,136351,2,10
136339,136349,136352,3,10
136339,136348,136352,4,9
136339,136348,136351,3,9
136339,136350,136353,3,11
136339,136349,136353,4,10
136339,136350,136353,3,11
136339,136350,136353,3,11
136339,136348,136352,4,9
136339,136351,136353,2,12
136339,136350,136353,3,11
136339,136350,136354,4,11
136339,136351,136354,3,12
136339,136352,136353,1,13
136339,136351,136354,3,12
136339,136351,136354,3,12
136339,136352,136354,2,13
136339,136352,136354,2,13
136339,136350,136354,4,11
136339,136352,136354,2,13
136339,136350,136354,4,11
136339,136350,136354,4,11
136339,136351,136354,3,12
136339,136351,136354,3,12
136339,136351,136354,3,12
136339,136351,136354,3,12
136339,136351,136354,3,12
136339,136352,136354,2,13
136339,136350,136354,4,11
136339,136351,136354,3,12
136339,136351,136354,3,12
136339,136351,136354,3,12
136339,136351,136354,3,12
136339,136352,136354,2,13
136339,136351,136354,3,12
136339,136351,136354,3,12
136339,136351,136354,3,12
136339,136352,136355,3,13
136339,136352,136354,2,13
136339,136352,136354,2,13
136339,136351,136355,4,12
136339,136351,136354,3,12
136339,136352,136355,3,13
136339,136351,136355,4,12
136339,136352,136355,3,13
135521,135528,136376,848,7
136379,136379,136382,3,0
136379,136379,136382,3,0
136379,136379,136382,3,0
136379,136379,136381,2,0
136379,136379,136381,2,0
136379,136379,136381,2,0
136379,136379,136382,3,0
136379,136379,136382,3,0
136379,136379,136383,4,0
136379,136379,136382,3,0
136379,136379,136382,3,0
136379,136379,136382,3,0
136379,136379,136382,3,0
136379,136379,136382,3,0
136379,136379,136382,3,0
136379,136379,136382,3,0
136379,136379,136383,4,0
136379,136379,136383,4,0
136379,136379,136383,4,0
136379,136379,136383,4,0
136379,136379,136383,4,0
136379,136379,136383,4,0
136379,136379,136383,4,0
136379,136379,136383,4,0
136379,136379,136384,5,0
136379,136379,136384,5,0
136379,136379,136383,4,0
136379,136379,136383,4,0
136379,136379,136384,5,0
136379,136379,136383,4,0
136379,136379,136383,4,0
136379,136379,136384,5,0
136379,136379,136384,5,0
136379,136379,136385,6,0
136379,136379,136384,5,0
136379,136382,136385,3,3
136379,136382,136385,3,3
135528,135539,136384,845,11
136379,136379,136384,5,0
136379,136379,136384,5,0
136379,136382,136386,4,3
136379,136383,136385,2,4
136379,136382,136386,4,3
136379,136383,136386,3,4
136379,136382,136386,4,3
136379,136383,136385,2,4
136379,136384,136386,2,5
136379,136384,136386,2,5
136379,136384,136387,3,5
136379,136384,136387,3,5
136379,136383,136387,4,4
136379,136383,136387,4,4
136379,136384,136387,3,5
136379,136383,136386,3,4
136379,136383,136387,4,4
136379,136384,136387,3,5
136379,136384,136387,3,5
136379,136383,136387,4,4
136379,136383,136386,3,4
136379,136383,136387,4,4
136379,136383,136387,4,4
136379,136384,136387,3,5
136379,136385,136387,2,6
136379,136384,136387,3,5
136379,136384,136388,4,5
136379,136385,136388,3,6
136379,136384,136388,4,5
136379,136384,136388,4,5
136379,136385,136388,3,6
136379,136385,136388,3,6
136379,136385,136389,4,6
136379,136384,136388,4,5
136379,136386,136389,3,7
136379,136385,136389,4,6
136379,136385,136389,4,6
136379,136384,136389,5,5
136379,136385,136389,4,6
136379,136386,136389,3,7
136379,136386,136389,3,7
136379,136387,136390,3,8
136379,136386,136390,4,7
136379,136387,136390,3,8
136379,136387,136390,3,8
136379,136387,136390,3,8
136379,136389,136390,1,10
136379,136387,136390,3,8
136379,136387,136390,3,8
136379,136386,136390,4,7
136379,136386,136390,4,7
136379,136387,136390,3,8
136379,136388,136390,2,9
136379,136389,136390,1,10
136379,136387,136390,3,8
136379,136387,136391,4,8
136379,136388,136390,2,9
136379,136387,136391,4,8
136379,136387,136391,4,8
136379,136388,136391,3,9
136379,136386,136390,4,7
136379,136388,136391,3,9
136379,136388,136391,3,9
136379,136389,136391,2,10
136379,136389,136391,2,10
136379,136389,136391,2,10
136379,136390,136392,2,11
136379,136390,136392,2,11
136379,136390,136392,2,11
136379,136390,136392,2,11
136379,136387,136391,4,8
136379,136387,136391,4,8
136379,136389,136391,2,10
136379,136389,136392,3,10
136379,136390,136392,2,11
136379,136390,136392,2,11
136379,136389,136392,3,10
136391,136392,136393,1,1
136391,136392,136393,1,1
136391,136392,136393,1,1
136391,136392,136394,2,1
136391,136391,136394,3,0
136391,136391,136394,3,0
136391,136393,136394,1,2
136391,136391,136394,3,0
136391,136393,136394,1,2
136391,136391,136394,3,0
136391,136393,136394,1,2
136391,136391,136395,4,0
136391,136393,136395,2,2
136391,136391,136395,4,0
136391,136391,136396,5,0
136391,136391,136395,4,0
136391,136391,136395,4,0
136391,136391,136395,4,0
136391,136393,136395,2,2
136391,136393,136396,3,2
136391,136391,136395,4,0
136391,136391,136395,4,0
136391,136391,136395,4,0
136391,136391,136395,4,0
136391,136393,136395,2,2
136391,136393,136395,2,2
136391,136391,136396,5,0
136391,136392,136396,4,1
136391,136393,136396,3,2
136391,136394,136396,2,3
136391,136391,136396,5,0
136391,136393,136396,3,2
136391,136391,136396,5,0
136391,136393,136397,4,2
136391,136393,136397,4,2
136391,136391,136396,5,0
136391,136394,136397,3,3
136391,136396,136398,2,5
136391,136395,136398,3,4
136391,136395,136398,3,4
136391,136395,136397,2,4
136379,136379,136383,4,0
136379,136379,136383,4,0
136379,136379,136383,4,0
136379,136379,136384,5,0
136391,136394,136398,4,3
136391,136394,136398,4,3
136391,136395,136398,3,4
136391,136396,136398,2,5
136391,136395,136399,4,4
136391,136396,136398,2,5
136391,136396,136398,2,5
136391,136396,136398,2,5
136391,136396,136398,2,5
136391,136395,136398,3,4
136391,136396,136398,2,5
136391,136396,136399,3,5
136391,136396,136399,3,5
136391,136397,136399,2,6
136391,136395,136399,4,4
136391,136396,136399,3,5
136391,136396,136400,4,5
136391,136397,136400,3,6
136391,136398,136399,1,7
136391,136396,136400,4,5
136391,136396,136399,3,5
136391,136396,136399,3,5
136391,136396,136399,3,5
136391,136397,136400,3,6
136391,136398,136399,1,7
136391,136396,136400,4,5
136391,136398,136400,2,7
136391,136397,136400,3,6
136391,136397,136400,3,6
136391,136398,136400,2,7
136391,136397,136400,3,6
136391,136399,136401,2,8
136391,136399,136401,2,8
136391,136397,136400,3,6
136391,136397,136400,3,6
136391,136397,136400,3,6
136391,136398,136400,2,7
136379,136398,136401,3,19
136379,136398,136401,3,19
136391,136398,136400,2,7
136391,136398,136401,3,7
136391,136399,136402,3,8
136391,136399,136402,3,8
136391,136399,136401,2,8
136391,136399,136401,2,8
136391,136399,136402,3,8
136391,136399,136402,3,8
136391,136398,136401,3,7
136391,136398,136402,4,7
136391,136398,136402,4,7
136391,136398,136402,4,7
136391,136400,136403,3,9
136391,136399,136402,3,8
136391,136400,136403,3,9
136391,136400,136402,2,9
136391,136400,136403,3,9
136391,136400,136403,3,9
136391,136400,136402,2,9
136391,136399,136402,3,8
136391,136400,136403,3,9
136391,136400,136403,3,9
136391,136401,136403,2,10
136391,136401,136403,2,10
136391,136400,136403,3,9
136391,136401,136404,3,10
136391,136400,136404,4,9
136391,136401,136404,3,10
136391,136400,136404,4,9
136391,136401,136403,2,10
136391,136401,136403,2,10
136391,136400,136403,3,9
136391,136400,136403,3,9
136391,136400,136404,4,9
136391,136401,136404,3,10
136391,136401,136403,2,10
136391,136401,136404,3,10
136391,136401,136404,3,10
136391,136400,136404,4,9
136391,136401,136404,3,10
136391,136401,136405,4,10
136391,136401,136404,3,10
135567,135601,136456,855,34
136459,136459,136461,2,0
136459,136459,136462,3,0
136459,136459,136461,2,0
136459,136459,136462,3,0
136459,136459,136462,3,0
136459,136459,136462,3,0
136459,136459,136462,3,0
136459,136459,136462,3,0
136459,136459,136462,3,0
136459,136459,136461,2,0
136459,136459,136461,2,0
136459,136459,136462,3,0
136459,136459,136462,3,0
136459,136459,136463,4,0
136459,136459,136463,4,0
136459,136459,136463,4,0
136459,136459,136462,3,0
136459,136459,136463,4,0
136459,136459,136463,4,0
136459,136459,136463,4,0
136459,136459,136463,4,0
136459,136459,136463,4,0
136459,136459,136463,4,0
136459,136459,136462,3,0
136459,136459,136463,4,0
136459,136459,136463,4,0
136459,136459,136463,4,0
136459,136459,136463,4,0
136459,136459,136463,4,0
136459,136459,136464,5,0
136459,136459,136464,5,0
136459,136459,136463,4,0
136459,136459,136463,4,0
136459,136459,136463,4,0
136459,136459,136463,4,0
136459,136459,136463,4,0
136459,136459,136463,4,0
136459,136459,136463,4,0
136459,136459,136463,4,0
136459,136461,136464,3,2
136459,136462,136464,2,3
136459,136459,136463,4,0
136459,136462,136465,3,3
136459,136462,136465,3,3
136459,136462,136465,3,3
136459,136459,136464,5,0
136459,136462,136465,3,3
136459,136462,136465,3,3
136459,136462,136465,3,3
136459,136462,136466,4,3
136459,136464,136466,2,5
136459,136462,136466,4,3
136459,136463,136466,3,4
136459,136463,136466,3,4
136459,136464,136466,2,5
136459,136464,136466,2,5
136459,136462,136466,4,3
136459,136463,136466,3,4
136459,136463,136466,3,4
136459,136464,136466,2,5
136459,136463,136467,4,4
136459,136464,136466,2,5
136459,136464,136466,2,5
136459,136463,136467,4,4
136459,136463,136466,3,4
136459,136465,136467,2,6
136459,136463,136467,4,4
136459,136463,136467,4,4
136459,136464,136467,3,5
136459,136463,136467,4,4
136459,136464,136467,3,5
136459,136463,136467,4,4
136459,136463,136467,4,4
136459,136463,136467,4,4
136459,136463,136467,4,4
136459,136464,136467,3,5
136459,136465,136468,3,6
136459,136463,136467,4,4
136459,136464,136468,4,5
136459,136464,136468,4,5
136459,136463,136468,5,4
136459,136465,136468,3,6
136459,136464,136468,4,5
136459,136463,136468,5,4
136459,136464,136468,4,5
136459,136465,136468,3,6
136459,136465,136468,3,6
136459,136465,136469,4,6
136459,136464,136468,4,5
136459,136465,136469,4,6
136459,136466,136469,3,7
136459,136467,136469,2,8
136459,136466,136469,3,7
136459,136466,136469,3,7
136459,136467,136469,2,8
136459,136467,136469,2,8
136459,136467,136469,2,8
136459,136466,136469,3,7
136459,136467,136470,3,8
136459,136467,136470,3,8
136459,136466,136470,4,7
136459,136467,136470,3,8
136459,136466,136470,4,7
136459,136468,136470,2,9
136459,136468,136470,2,9
136459,136468,136470,2,9
136459,136467,136470,3,8
136459,136468,136471,3,9
136459,136468,136470,2,9
136459,136467,136470,3,8
136459,136468,136471,3,9
136459,136468,136471,3,9
136459,136468,136471,3,9
136459,136468,136471,3,9
136459,136467,136471,4,8
136459,136467,136471,4,8
136459,136468,136471,3,9
136459,136468,136471,3,9
136459,136468,136471,3,9
136459,136468,136471,3,9
135579,135629,136495,866,50
136503,136503,136505,2,0
136503,136503,136506,3,0
136503,136503,136506,3,0
136503,136503,136506,3,0
136503,136503,136506,3,0
136503,136503,136506,3,0
136503,136503,136506,3,0
136503,136503,136506,3,0
136503,136503,136506,3,0
136503,136503,136506,3,0
136503,136503,136507,4,0
136503,136503,136507,4,0
136503,136503,136507,4,0
136503,136503,136506,3,0
136503,136503,136507,4,0
136503,136503,136507,4,0
136503,136503,136507,4,0
136503,136503,136507,4,0
136503,136503,136507,4,0
136503,136503,136507,4,0
136503,136503,136507,4,0
136503,136503,136507,4,0
136503,136503,136507,4,0
136503,136503,136507,4,0
136503,136503,136507,4,0
136503,136503,136507,4,0
136503,136503,136508,5,0
136503,136503,136507,4,0
136503,136503,136507,4,0
136503,136503,136508,5,0
136503,136503,136508,5,0
136503,136503,136508,5,0
136503,136503,136508,5,0
136503,136503,136508,5,0
136503,136503,136508,5,0
136503,136503,136508,5,0
136503,136503,136508,5,0
136503,136503,136508,5,0
136503,136503,136508,5,0
136503,136507,136508,1,4
136503,136504,136508,4,1
136503,136504,136509,5,1
136503,136506,136510,4,3
136503,136506,136509,3,3
136503,136506,136510,4,3
136503,136505,136510,5,2
136503,136507,136509,2,4
136503,136507,136510,3,4
136503,136506,136510,4,3
136503,136507,136510,3,4
136503,136506,136510,4,3
136503,136508,136511,3,5
136503,136509,136510,1,6
136503,136509,136510,1,6
136503,136509,136510,1,6
136503,136508,136510,2,5
136503,136508,136510,2,5
136503,136508,136510,2,5
136503,136508,136510,2,5
136503,136508,136510,2,5
136503,136508,136510,2,5
136503,136508,136510,2,5
136503,136506,136510,4,3
136503,136508,136510,2,5
136503,136508,136511,3,5
136503,136508,136511,3,5
136503,136508,136512,4,5
136503,136508,136511,3,5
136503,136509,136511,2,6
136503,136510,136511,1,7
136503,136509,136511,2,6
136503,136508,136512,4,5
136503,136508,136511,3,5
136503,136508,136511,3,5
136503,136509,136511,2,6
136503,136508,136511,3,5
136503,136508,136511,3,5
136503,136509,136512,3,6
136503,136509,136512,3,6
136503,136510,136512,2,7
136503,136511,136513,2,8
136503,136509,136512,3,6
136503,136510,136512,2,7
136503,136510,136513,3,7
136503,136509,136513,4,6
136503,136510,136513,3,7
136503,136508,136513,5,5
136503,136511,136513,2,8
136503,136511,136513,2,8
136503,136511,136513,2,8
136503,136511,136514,3,8
136503,136511,136514,3,8
136503,136511,136513,2,8
136503,136511,136514,3,8
136503,136511,136513,2,8
136503,136511,136514,3,8
136503,136510,136513,3,7
136503,136511,136514,3,8
136503,136512,136514,2,9
136503,136512,136514,2,9
136503,136512,136514,2,9
136503,136512,136514,2,9
136503,136511,136514,3,8
136503,136511,136514,3,8
136503,136511,136514,3,8
136503,136512,136515,3,9
136503,136511,136515,4,8
136503,136512,136515,3,9
136503,136512,136515,3,9
136503,136512,136515,3,9
136503,136512,136515,3,9
136503,136512,136515,3,9
136503,136512,136515,3,9
136503,136511,136515,4,8
136503,136513,136516,3,10
136503,136512,136515,3,9
136503,136512,136515,3,9
136503,136513,136516,3,10
136503,136527,136529,2,24
136503,136527,136531,4,24
135669,135698,136549,851,29
136554,136554,136556,2,0
136554,136554,136557,3,0
136554,136554,136556,2,0
136554,136554,136556,2,0
136554,136554,136557,3,0
136554,136554,136556,2,0
136554,136554,136556,2,0
136554,136554,136556,2,0
136554,136554,136556,2,0
136554,136554,136557,3,0
136554,136554,136558,4,0
136554,136554,136557,3,0
136554,136554,136558,4,0
136554,136554,136557,3,0
136554,136554,136558,4,0
136554,136554,136558,4,0
136554,136554,136558,4,0
136554,136554,136557,3,0
136554,136554,136558,4,0
136554,136554,136557,3,0
136554,136554,136558,4,0
136554,136554,136557,3,0
136554,136554,136557,3,0
136554,136554,136557,3,0
136554,136554,136558,4,0
136554,136554,136558,4,0
136554,136554,136558,4,0
136554,136554,136558,4,0
136554,136554,136559,5,0
136554,136554,136558,4,0
136554,136554,136559,5,0
136554,136554,136558,4,0
136554,136554,136559,5,0
136554,136554,136558,4,0
136554,136554,136558,4,0
136554,136554,136558,4,0
136554,136554,136558,4,0
136554,136554,136559,5,0
136554,136554,136558,4,0
136554,136554,136559,5,0
136554,136554,136559,5,0
136554,136557,136560,3,3
136554,136556,136560,4,2
136554,136557,136560,3,3
136554,136557,136560,3,3
136554,136557,136560,3,3
136554,136557,136560,3,3
136554,136557,136561,4,3
136554,136557,136560,3,3
136554,136559,136561,2,5
136554,136557,136560,3,3
136554,136559,136561,2,5
136554,136557,136560,3,3
136554,136558,136561,3,4
136554,136558,136561,3,4
136554,136558,136561,3,4
136554,136558,136561,3,4
136554,136558,136562,4,4
136554,136558,136561,3,4
136554,136558,136561,3,4
136554,136559,136562,3,5
136554,136559,136561,2,5
136554,136558,136562,4,4
136554,136559,136561,2,5
136554,136558,136562,4,4
136554,136559,136562,3,5
136554,136558,136561,3,4
136554,136558,136562,4,4
136554,136559,136562,3,5
136554,136559,136562,3,5
136554,136558,136562,4,4
136554,136558,136563,5,4
136554,136558,136562,4,4
136554,136559,136563,4,5
136554,136560,136563,3,6
136554,136559,136563,4,5
136554,136559,136563,4,5
136554,136560,136562,2,6
136554,136561,136564,3,7
136554,136559,136563,4,5
136554,136560,136563,3,6
136554,136561,136564,3,7
136554,136559,136563,4,5
136554,136559,136564,5,5
136554,136560,136563,3,6
136554,136561,136564,3,7
136554,136559,136564,5,5
136554,136561,136564,3,7
136554,136561,136563,2,7
136554,136561,136564,3,7
136554,136561,136564,3,7
136554,136561,136564,3,7
136554,136560,136563,3,6
136554,136561,136564,3,7
136554,136561,136563,2,7
136554,136561,136565,4,7
136554,136562,136565,3,8
136554,136562,136565,3,8
136554,136562,136565,3,8
136554,136562,136565,3,8
136554,136561,136564,3,7
136554,136562,136565,3,8
136554,136561,136565,4,7
136554,136562,136565,3,8
136554,136562,136565,3,8
136554,136562,136565,3,8
136554,136562,136564,2,8
136554,136562,136565,3,8
136554,136562,136565,3,8
136554,136563,136566,3,9
136554,136563,136566,3,9
136554,136562,136565,3,8
136554,136563,136566,3,9
136554,136562,136565,3,8
136554,136563,136566,3,9
136554,136563,136566,3,9
136554,136563,136566,3,9
136554,136563,136566,3,9
136554,136563,136567,4,9
136554,136564,136566,2,10
135686,135730,136602,872,44
136606,136606,136608,2,0
136606,136606,136608,2,0
136606,136606,136608,2,0
136606,136606,136609,3,0
136606,136606,136609,3,0
136606,136606,136609,3,0
136606,136606,136609,3,0
136606,136606,136608,2,0
136606,136606,136609,3,0
136606,136606,136609,3,0
136606,136606,136609,3,0
136606,136606,136609,3,0
136606,136606,136610,4,0
136606,136606,136609,3,0
136606,136606,136609,3,0
136606,136606,136609,3,0
136606,136606,136610,4,0
136606,136606,136609,3,0
136606,136606,136609,3,0
136606,136606,136610,4,0
136606,136606,136610,4,0
136606,136606,136610,4,0
136606,136606,136609,3,0
136606,136606,136609,3,0
136606,136606,136610,4,0
136606,136606,136609,3,0
136606,136606,136609,3,0
136606,136606,136609,3,0
136606,136606,136610,4,0
136606,136606,136610,4,0
136606,136606,136609,3,0
136606,136606,136610,4,0
136606,136606,136610,4,0
136606,136606,136611,5,0
136606,136606,136610,4,0
136606,136606,136611,5,0
136606,136606,136610,4,0
136606,136609,136612,3,3
136606,136610,136612,2,4
136606,136610,136613,3,4
136606,136610,136613,3,4
136606,136610,136613,3,4
136606,136609,136612,3,3
136606,136610,136613,3,4
136606,136609,136613,4,3
136606,136609,136612,3,3
136606,136609,136613,4,3
136606,136609,136613,4,3
136606,136610,136613,3,4
136606,136610,136613,3,4
136606,136610,136613,3,4
136606,136610,136613,3,4
136606,136610,136612,2,4
136606,136609,136613,4,3
136606,136610,136613,3,4
136606,136611,136613,2,5
136606,136609,136613,4,3
136606,136610,136614,4,4
136606,136610,136614,4,4
136606,136611,136614,3,5
136606,136610,136614,4,4
136606,136610,136614,4,4
136606,136610,136615,5,4
136606,136610,136614,4,4
136606,136610,136614,4,4
136606,136610,136614,4,4
136606,136610,136614,4,4
136606,136610,136614,4,4
136606,136610,136614,4,4
136606,136611,136614,3,5
136606,136610,136614,4,4
136606,136611,136615,4,5
136606,136611,136615,4,5
136606,136611,136615,4,5
136606,136612,136616,4,6
136606,136614,136616,2,8
136606,136614,136616,2,8
136606,136614,136616,2,8
136606,136614,136616,2,8
136606,136614,136616,2,8
136606,136612,136616,4,6
136606,136613,136616,3,7
136606,136614,136616,2,8
136606,136615,136616,1,9
136606,136613,136617,4,7
136606,136613,136617,4,7
136606,136613,136617,4,7
136606,136613,136617,4,7
136606,136613,136616,3,7
136606,136614,136617,3,8
136606,136613,136617,4,7
136606,136614,136617,3,8
136606,136614,136617,3,8
136606,136614,136617,3,8
136606,136615,136617,2,9
136606,136615,136617,2,9
136606,136614,136617,3,8
136606,136614,136617,3,8
136606,136615,136617,2,9
136606,136615,136617,2,9
136606,136615,136618,3,9
136606,136614,136617,3,8
136606,136615,136618,3,9
136606,136615,136617,2,9
136606,136614,136617,3,8
136606,136615,136617,2,9
136606,136615,136617,2,9
136606,136616,136618,2,10
136606,136616,136619,3,10
136606,136616,136618,2,10
136606,136615,136619,4,9
136606,136617,136619,2,11
136606,136617,136619,2,11
136606,136617,136619,2,11
136606,136617,136619,2,11
136606,136617,136619,2,11
136606,136622,136624,2,16
136606,136622,136625,3,16
136606,136622,136626,4,16
136606,136622,136626,4,16
135770,135812,136692,880,42
135875,135888,136694,806,13
136695,136695,136697,2,0
136695,136695,136697,2,0
136695,136695,136698,3,0
136695,136695,136698,3,0
136695,136695,136698,3,0
136695,136695,136698,3,0
136695,136695,136698,3,0
136695,136695,136698,3,0
136695,136695,136698,3,0
136695,136695,136698,3,0
136695,136695,136698,3,0
136695,136695,136698,3,0
136695,136695,136698,3,0
136695,136695,136698,3,0
136695,136695,136699,4,0
136695,136695,136699,4,0
136695,136696,136699,3,1
136695,136695,136698,3,0
136695,136695,136699,4,0
136695,136695,136699,4,0
136695,136695,136699,4,0
136695,136695,136699,4,0
136695,136695,136699,4,0
136695,136695,136699,4,0
136695,136695,136699,4,0
136695,136695,136699,4,0
136695,136695,136699,4,0
136695,136695,136699,4,0
136695,136695,136699,4,0
136695,136695,136699,4,0
136695,136695,136699,4,0
136695,136695,136699,4,0
136695,136695,136699,4,0
136695,136695,136699,4,0
136695,136695,136700,5,0
136695,136695,136699,4,0
136695,136695,136700,5,0
136695,136695,136700,5,0
136695,136695,136700,5,0
136695,136695,136700,5,0
136695,136699,136700,1,4
136695,136695,136700,5,0
136695,136698,136700,2,3
136695,136695,136700,5,0
136695,136697,136700,3,2
136695,136697,136701,4,2
136695,136698,136701,3,3
136695,136698,136701,3,3
136695,136698,136702,4,3
136695,136698,136702,4,3
136695,136698,136702,4,3
136695,136699,136702,3,4
136695,136699,136702,3,4
136695,136699,136702,3,4
136695,136699,136702,3,4
136695,136698,136702,4,3
136695,136698,136702,4,3
136695,136700,136702,2,5
136695,136700,136702,2,5
136695,136699,136703,4,4
136695,136700,136703,3,5
136695,136700,136703,3,5
136695,136700,136703,3,5
136695,136700,136703,3,5
136695,136700,136703,3,5
136695,136700,136704,4,5
136695,136700,136704,4,5
136695,136700,136703,3,5
136695,136699,136703,4,4
136695,136700,136703,3,5
136695,136700,136703,3,5
136695,136700,136703,3,5
136695,136700,136703,3,5
136695,136700,136703,3,5
136695,136700,136703,3,5
136695,136701,136703,2,6
136695,136703,136705,2,8
136695,136700,136704,4,5
136695,136700,136704,4,5
136695,136701,136704,3,6
136695,136701,136705,4,6
136695,136700,136705,5,5
136695,136701,136704,3,6
136695,136701,136704,3,6
136695,136702,136705,3,7
136695,136700,136704,4,5
136695,136702,136705,3,7
136695,136703,136705,2,8
136695,136701,136704,3,6
136695,136701,136704,3,6
136695,136700,136704,4,5
136695,136703,136705,2,8
136695,136703,136705,2,8
136695,136703,136705,2,8
136695,136701,136705,4,6
136695,136703,136705,2,8
136695,136703,136706,3,8
136695,136704,136706,2,9
136695,136703,136705,2,8
136695,136704,136706,2,9
136695,136704,136706,2,9
136695,136702,136706,4,7
136695,136703,136706,3,8
136695,136703,136706,3,8
136695,136703,136706,3,8
136695,136703,136706,3,8
136695,136703,136706,3,8
136695,136704,136707,3,9
136695,136704,136707,3,9
136695,136704,136707,3,9
136695,136704,136707,3,9
136695,136704,136707,3,9
136695,136704,136707,3,9
136695,136704,136706,2,9
136695,136704,136706,2,9
136695,136704,136707,3,9
136695,136704,136707,3,9
136695,136705,136707,2,10
136695,136705,136707,2,10
136695,136704,136707,3,9
136695,136705,136708,3,10
136695,136706,136709,3,11
136695,136705,136708,3,10
136695,136705,136708,3,10
136695,136705,136709,4,10
136695,136705,136708,3,10
136695,136705,136708,3,10
136695,136705,136709,4,10
136695,136705,136708,3,10
136695,136705,136709,4,10
136695,136706,136708,2,11
136695,136707,136709,2,12
136695,136705,136709,4,10
136695,136705,136709,4,10
136695,136707,136709,2,12
136695,136705,136709,4,10
136695,136706,136708,2,11
136695,136707,136708,1,12
136695,136707,136708,1,12
136695,136707,136709,2,12
136695,136706,136709,3,11
136695,136706,136709,3,11
136695,136706,136709,3,11
136695,136708,136709,1,13
136695,136705,136709,4,10
136695,136706,136710,4,11
136695,136707,136710,3,12
136695,136708,136709,1,13
136695,136707,136710,3,12
136695,136707,136710,3,12
136695,136705,136710,5,10
136695,136706,136710,4,11
136695,136708,136710,2,13
136695,136707,136710,3,12
136695,136707,136710,3,12
136695,136707,136711,4,12
136695,136707,136710,3,12
136695,136707,136711,4,12
136695,136707,136711,4,12
136695,136706,136711,5,11
136695,136709,136711,2,14
136695,136707,136711,4,12
136695,136707,136711,4,12
136695,136709,136711,2,14
136695,136707,136711,4,12
136695,136709,136711,2,14
136695,136709,136712,3,14
136695,136709,136712,3,14
136695,136709,136712,3,14
136695,136709,136712,3,14
136695,136709,136712,3,14
136695,136710,136712,2,15
136695,136710,136712,2,15
136695,136709,136713,4,14
136695,136709,136713,4,14
136695,136710,136713,3,15
136695,136710,136713,3,15
136695,136709,136713,4,14
136695,136709,136714,5,14
136695,136709,136713,4,14
136695,136711,136713,2,16
136695,136709,136713,4,14
136695,136709,136713,4,14
136695,136712,136713,1,17
136695,136709,136714,5,14
136695,136711,136713,2,16
136695,136709,136713,4,14
136695,136710,136713,3,15
136695,136711,136714,3,16
136695,136711,136714,3,16
136695,136710,136713,3,15
136695,136711,136713,2,16
136695,136709,136713,4,14
136695,136710,136714,4,15
136695,136710,136714,4,15
136695,136711,136714,3,16
136695,136712,136715,3,17
136695,136711,136714,3,16
136695,136711,136714,3,16
136695,136711,136714,3,16
136695,136712,136715,3,17
136695,136711,136715,4,16
136695,136712,136715,3,17
136695,136712,136715,3,17
136695,136713,136716,3,18
136695,136712,136715,3,17
136695,136713,136715,2,18
136695,136712,136715,3,17
136695,136713,136716,3,18
136695,136713,136716,3,18
136695,136714,136716,2,19
136695,136712,136716,4,17
136695,136713,136716,3,18
136695,136712,136715,3,17
136695,136713,136716,3,18
136695,136713,136716,3,18
136695,136714,136717,3,19
136695,136714,136716,2,19
136695,136714,136717,3,19
136695,136713,136716,3,18
136695,136714,136716,2,19
136695,136713,136716,3,18
136695,136714,136716,2,19
136695,136714,136716,2,19
136695,136714,136717,3,19
136695,136714,136716,2,19
136695,136714,136716,2,19
136695,136714,136717,3,19
136695,136713,136717,4,18
136695,136715,136717,2,20
136695,136715,136717,2,20
136695,136714,136717,3,19
136695,136714,136717,3,19
136695,136714,136717,3,19
136695,136714,136717,3,19
136695,136714,136717,3,19
136695,136715,136718,3,20
136695,136715,136717,2,20
136695,136715,136717,2,20
136695,136715,136718,3,20
135787,135835,136732,897,48
136738,136739,136740,1,1
136738,136738,136740,2,0
136738,136738,136741,3,0
136738,136738,136741,3,0
136738,136738,136741,3,0
136738,136738,136741,3,0
136738,136738,136741,3,0
136738,136738,136741,3,0
136738,136738,136741,3,0
136738,136738,136741,3,0
136738,136738,136741,3,0
136738,136738,136742,4,0
136738,136738,136742,4,0
136738,136738,136742,4,0
136738,136738,136742,4,0
136738,136740,136741,1,2
136738,136738,136742,4,0
136738,136738,136742,4,0
136738,136738,136742,4,0
136738,136738,136742,4,0
136738,136738,136742,4,0
136738,136738,136742,4,0
136738,136738,136742,4,0
136738,136738,136742,4,0
136738,136738,136742,4,0
136738,136738,136742,4,0
136738,136738,136742,4,0
136738,136738,136742,4,0
136738,136738,136742,4,0
136738,136738,136742,4,0
136738,136738,136742,4,0
136738,136738,136742,4,0
136738,136738,136743,5,0
136738,136738,136743,5,0
136738,136738,136742,4,0
136738,136738,136743,5,0
136738,136738,136743,5,0
136738,136741,136743,2,3
136738,136738,136742,4,0
136738,136738,136743,5,0
136738,136738,136742,4,0
136738,136738,136743,5,0
136738,136738,136743,5,0
136738,136740,136743,3,2
136738,136741,136743,2,3
136738,136742,136744,2,4
136738,136741,136744,3,3
136738,136741,136744,3,3
136738,136741,136744,3,3
136738,136741,136745,4,3
136738,136741,136745,4,3
136738,136741,136745,4,3
136738,136741,136744,3,3
136738,136742,136745,3,4
136738,136742,136745,3,4
136738,136742,136745,3,4
136738,136742,136745,3,4
136738,136742,136745,3,4
136738,136742,136746,4,4
136738,136742,136746,4,4
136738,136742,136746,4,4
136738,136743,136746,3,5
136738,136742,136746,4,4
136738,136742,136746,4,4
136738,136742,136746,4,4
136738,136742,136747,5,4
136738,136744,136746,2,6
136738,136744,136746,2,6
136738,136742,136746,4,4
136738,136744,136747,3,6
136738,136742,136746,4,4
136738,136742,136746,4,4
136738,136742,136746,4,4
136738,136743,136746,3,5
136738,136742,136746,4,4
136738,136742,136746,4,4
136738,136743,136747,4,5
136738,136743,136747,4,5
136738,136744,136747,3,6
136738,136744,136748,4,6
136738,136744,136747,3,6
136738,136745,136748,3,7
136738,136744,136747,3,6
136738,136744,136747,3,6
136738,136744,136747,3,6
136738,136744,136747,3,6
136738,136745,136747,2,7
136738,136745,136748,3,7
136738,136746,136748,2,8
136738,136745,136748,3,7
136738,136745,136748,3,7
136738,136745,136748,3,7
136738,136746,136748,2,8
136738,136743,136748,5,5
136738,136745,136748,3,7
136738,136746,136748,2,8
136738,136746,136749,3,8
136738,136746,136749,3,8
136738,136745,136748,3,7
136738,136746,136748,2,8
136738,136745,136749,4,7
136738,136746,136749,3,8
136738,136747,136749,2,9
136738,136747,136749,2,9
136738,136747,136749,2,9
136738,136747,136749,2,9
136738,136747,136749,2,9
136738,136747,136749,2,9
136738,136747,136749,2,9
136738,136747,136749,2,9
136738,136747,136749,2,9
136738,136747,136749,2,9
136738,136746,136749,3,8
136738,136747,136749,2,9
136738,136747,136750,3,9
136738,136747,136749,2,9
136738,136747,136750,3,9
136738,136748,136750,2,10
136738,136748,136750,2,10
136738,136748,136751,3,10
135926,135940,136780,840,14
136784,136784,136786,2,0
136784,136784,136786,2,0
136784,136784,136786,2,0
136784,136784,136787,3,0
136784,136784,136786,2,0
136784,136784,136786,2,0
136784,136784,136787,3,0
136784,136785,136786,1,1
136784,136784,136787,3,0
136784,136784,136787,3,0
136784,136786,136788,2,2
136784,136784,136787,3,0
136784,136784,136788,4,0
136784,136784,136788,4,0
136784,136784,136788,4,0
136784,136784,136788,4,0
136784,136786,136787,1,2
136784,136784,136788,4,0
136784,136784,136788,4,0
136784,136784,136788,4,0
136784,136784,136788,4,0
136784,136784,136788,4,0
136784,136784,136787,3,0
136784,136784,136788,4,0
136784,136784,136789,5,0
136784,136784,136788,4,0
136784,136784,136788,4,0
136784,136784,136789,5,0
136784,136784,136788,4,0
136784,136784,136789,5,0
136784,136784,136788,4,0
136784,136784,136789,5,0
136784,136784,136789,5,0
136784,136784,136788,4,0
136784,136784,136789,5,0
136784,136784,136789,5,0
136784,136784,136788,4,0
136784,136784,136788,4,0
136784,136784,136788,4,0
136784,136787,136789,2,3
136784,136787,136791,4,3
136784,136787,136791,4,3
136784,136787,136791,4,3
136784,136788,136791,3,4
136784,136787,136790,3,3
136784,136788,136791,3,4
136784,136788,136791,3,4
136784,136789,136791,2,5
136784,136788,136791,3,4
136784,136788,136791,3,4
136784,136787,136790,3,3
136784,136787,136790,3,3
136784,136788,136791,3,4
136784,136789,136792,3,5
136784,136788,136792,4,4
136784,136788,136792,4,4
136784,136789,136792,3,5
136784,136788,136792,4,4
136784,136789,136792,3,5
136784,136788,136792,4,4
136784,136788,136792,4,4
136784,136788,136792,4,4
136784,136789,136792,3,5
136784,136788,136792,4,4
136784,136789,136792,3,5
136784,136789,136792,3,5
136784,136788,136792,4,4
136784,136789,136793,4,5
136784,136789,136793,4,5
136784,136789,136793,4,5
136784,136789,136793,4,5
136784,136789,136793,4,5
136784,136789,136793,4,5
136784,136790,136794,4,6
136784,136791,136794,3,7
136784,136791,136794,3,7
136784,136791,136794,3,7
136784,136791,136794,3,7
136784,136789,136794,5,5
136784,136789,136793,4,5
136784,136791,136794,3,7
136784,136791,136794,3,7
136784,136791,136795,4,7
136784,136791,136794,3,7
136784,136791,136794,3,7
136784,136791,136794,3,7
136784,136791,136795,4,7
136784,136791,136794,3,7
136784,136792,136795,3,8
136784,136794,136796,2,10
136784,136793,136795,2,9
136784,136793,136796,3,9
136784,136793,136796,3,9
136784,136793,136795,2,9
136784,136793,136795,2,9
136784,136793,136796,3,9
136784,136794,136795,1,10
136784,136792,136796,4,8
136784,136794,136796,2,10
136784,136792,136796,4,8
136784,136792,136796,4,8
136784,136793,136796,3,9
136784,136793,136796,3,9
136784,136794,136796,2,10
136784,136794,136796,2,10
136784,136793,136796,3,9
136784,136793,136796,3,9
136784,136794,136796,2,10
136784,136792,136797,5,8
136784,136794,136797,3,10
136784,136794,136796,2,10
136784,136794,136797,3,10
136784,136794,136797,3,10
136784,136794,136798,4,10
136784,136795,136798,3,11
136784,136785,136788,3,1
136784,136785,136789,4,1
136784,136785,136789,4,1
136784,136785,136788,3,1
136784,136805,136809,4,21
135995,136001,136826,825,6
136832,136832,136834,2,0
136832,136832,136834,2,0
136832,136832,136835,3,0
136832,136832,136834,2,0
136832,136832,136835,3,0
136832,136832,136835,3,0
136832,136832,136836,4,0
136832,136832,136836,4,0
136832,136834,136836,2,2
136832,136832,136835,3,0
136832,136832,136836,4,0
136832,136832,136836,4,0
136832,136832,136836,4,0
136832,136832,136836,4,0
136832,136832,136836,4,0
136832,136832,136836,4,0
136832,136832,136836,4,0
136832,136832,136835,3,0
136832,136832,136836,4,0
136832,136832,136835,3,0
136832,136832,136836,4,0
136832,136834,136836,2,2
136832,136832,136837,5,0
136832,136832,136837,5,0
136832,136832,136837,5,0
136832,136832,136836,4,0
136832,136832,136837,5,0
136832,136832,136837,5,0
136832,136835,136837,2,3
136832,136832,136837,5,0
136832,136832,136837,5,0
136832,136832,136837,5,0
136832,136832,136836,4,0
136832,136832,136836,4,0
136832,136832,136837,5,0
136832,136832,136836,4,0
136832,136832,136837,5,0
136832,136832,136836,4,0
136832,136832,136837,5,0
136832,136832,136837,5,0
136832,136835,136838,3,3
136832,136836,136839,3,4
136832,136836,136839,3,4
136832,136836,136839,3,4
136832,136835,136839,4,3
136832,136835,136840,5,3
136832,136837,136839,2,5
136832,136837,136839,2,5
136832,136837,136840,3,5
136832,136837,136840,3,5
136832,136837,136840,3,5
136832,136836,136840,4,4
136832,136836,136840,4,4
136832,136836,136840,4,4
136832,136836,136840,4,4
136832,136837,136840,3,5
136832,136836,136840,4,4
136832,136836,136840,4,4
136832,136836,136840,4,4
136832,136837,136840,3,5
136832,136838,136840,2,6
136832,136837,136841,4,5
136832,136837,136841,4,5
136832,136837,136841,4,5
136832,136837,136841,4,5
136832,136837,136841,4,5
136832,136837,136841,4,5
136832,136837,136841,4,5
136832,136837,136841,4,5
136832,136836,136841,5,4
136832,136837,136841,4,5
136832,136837,136842,5,5
136832,136840,136842,2,8
136016,136016,136841,825,0
136832,136836,136841,5,4
136832,136838,136841,3,6
136832,136838,136841,3,6
136832,136838,136842,4,6
136832,136839,136842,3,7
136832,136839,136842,3,7
136832,136840,136842,2,8
136832,136840,136842,2,8
136832,136840,136843,3,8
136832,136839,136842,3,7
136832,136839,136843,4,7
136832,136840,136843,3,8
136832,136840,136843,3,8
136832,136842,136844,2,10
136832,136841,136844,3,9
136832,136841,136843,2,9
136832,136841,136844,3,9
136832,136841,136843,2,9
136832,136841,136843,2,9
136832,136841,136843,2,9
136832,136842,136844,2,10
136832,136842,136843,1,10
136832,136840,136844,4,8
136832,136840,136844,4,8
136832,136841,136844,3,9
136832,136842,136844,2,10
136832,136842,136844,2,10
136832,136842,136844,2,10
136832,136842,136844,2,10
136832,136842,136845,3,10
136832,136842,136844,2,10
136832,136842,136844,2,10
136832,136841,136844,3,9
136832,136841,136844,3,9
136832,136842,136844,2,10
136832,136841,136844,3,9
136832,136842,136844,2,10
136832,136841,136845,4,9
136832,136841,136845,4,9
136832,136842,136845,3,10
136832,136843,136845,2,11
136832,136843,136845,2,11
136843,136843,136846,3,0
136843,136843,136846,3,0
136843,136844,136846,2,1
136843,136843,136846,3,0
136843,136843,136846,3,0
136843,136844,136847,3,1
136843,136844,136847,3,1
136843,136844,136848,4,1
136843,136844,136848,4,1
136843,136845,136848,3,2
136843,136845,136848,3,2
136843,136844,136847,3,1
136843,136845,136848,3,2
136843,136845,136848,3,2
136843,136844,136848,4,1
136843,136844,136848,4,1
136843,136844,136848,4,1
136843,136844,136847,3,1
136843,136844,136848,4,1
136843,136845,136848,3,2
136843,136845,136848,3,2
136843,136845,136848,3,2
136843,136845,136848,3,2
136843,136845,136848,3,2
136843,136844,136848,4,1
136843,136845,136849,4,2
136843,136846,136849,3,3
136832,136832,136836,4,0
136832,136832,136837,5,0
136832,136832,136837,5,0
136832,136832,136837,5,0
136843,136846,136849,3,3
136843,136846,136849,3,3
136843,136845,136850,5,2
136843,136845,136850,5,2
136843,136845,136849,4,2
136843,136845,136849,4,2
136843,136845,136849,4,2
136843,136848,136850,2,5
136843,136846,136850,4,3
136843,136847,136850,3,4
136843,136848,136851,3,5
136843,136849,136851,2,6
136843,136848,136850,2,5
136843,136848,136850,2,5
136843,136848,136851,3,5
136843,136846,136850,4,3
136843,136847,136851,4,4
136843,136847,136850,3,4
136843,136848,136851,3,5
136843,136848,136851,3,5
136843,136845,136851,6,2
136843,136846,136851,5,3
136843,136848,136851,3,5
136843,136848,136852,4,5
136843,136848,136852,4,5
136843,136848,136852,4,5
136843,136849,136852,3,6
136843,136848,136852,4,5
136843,136849,136852,3,6
136843,136850,136852,2,7
136832,136850,136852,2,18
136843,136850,136852,2,7
136843,136848,136852,4,5
136843,136849,136853,4,6
136843,136849,136853,4,6
136843,136849,136853,4,6
136843,136850,136852,2,7
136843,136850,136853,3,7
136843,136849,136853,4,6
136843,136850,136852,2,7
136843,136850,136852,2,7
136843,136850,136853,3,7
136843,136850,136853,3,7
136843,136851,136853,2,8
136843,136850,136853,3,7
136843,136851,136853,2,8
136843,136851,136853,2,8
136843,136850,136853,3,7
136843,136851,136853,2,8
136843,136851,136854,3,8
136843,136850,136853,3,7
136843,136850,136854,4,7
136843,136850,136853,3,7
136843,136850,136853,3,7
136843,136851,136854,3,8
136843,136851,136854,3,8
136843,136851,136854,3,8
135942,135955,136854,899,13
136843,136851,136854,3,8
136843,136851,136854,3,8
136843,136852,136854,2,9
136843,136852,136855,3,9
136843,136853,136855,2,10
136843,136853,136855,2,10
136843,136853,136855,2,10
136843,136852,136855,3,9
136843,136852,136855,3,9
136843,136852,136855,3,9
136843,136851,136855,4,8
136843,136851,136855,4,8
136843,136851,136855,4,8
136843,136852,136855,3,9
136843,136853,136856,3,10
136843,136853,136856,3,10
136843,136853,136856,3,10
136843,136853,136856,3,10
136843,136853,136856,3,10
136843,136853,136856,3,10
136843,136853,136856,3,10
136843,136853,136856,3,10
136843,136853,136856,3,10
136843,136853,136856,3,10
136843,136854,136857,3,11
136843,136854,136857,3,11
136843,136854,136857,3,11
136843,136854,136857,3,11
136843,136854,136857,3,11
136843,136852,136857,5,9
136843,136853,136857,4,10
136843,136853,136857,4,10
136843,136853,136857,4,10
136843,136854,136857,3,11
136843,136854,136857,3,11
136843,136854,136857,3,11
136843,136854,136858,4,11
136005,136005,136877,872,0
136879,136880,136881,1,1
136879,136880,136881,1,1
136879,136880,136881,1,1
136879,136880,136881,1,1
136879,136880,136882,2,1
136879,136880,136882,2,1
136879,136880,136882,2,1
136879,136880,136882,2,1
136879,136880,136882,2,1
136879,136880,136882,2,1
136879,136880,136882,2,1
136879,136880,136882,2,1
136879,136880,136884,4,1
136879,136880,136883,3,1
136879,136880,136883,3,1
136879,136880,136883,3,1
136879,136880,136883,3,1
136879,136880,136883,3,1
136879,136880,136883,3,1
136879,136880,136883,3,1
136879,136882,136884,2,3
136879,136880,136883,3,1
136879,136880,136884,4,1
136879,136880,136884,4,1
136879,136880,136884,4,1
136879,136880,136883,3,1
136879,136880,136883,3,1
136879,136880,136883,3,1
136879,136880,136883,3,1
136879,136880,136883,3,1
136879,136880,136884,4,1
136879,136882,136884,2,3
136879,136880,136884,4,1
136879,136880,136884,4,1
136879,136880,136885,5,1
136879,136880,136884,4,1
136879,136880,136884,4,1
136879,136882,136885,3,3
136879,136880,136884,4,1
136879,136880,136885,5,1
136879,136882,136885,3,3
136879,136883,136885,2,4
136879,136883,136886,3,4
136879,136880,136885,5,1
136879,136883,136886,3,4
136879,136884,136887,3,5
136879,136884,136887,3,5
136879,136883,136886,3,4
136879,136884,136886,2,5
136879,136883,136886,3,4
136879,136883,136886,3,4
136879,136884,136887,3,5
136879,136884,136887,3,5
136879,136884,136887,3,5
136879,136884,136887,3,5
136879,136884,136888,4,5
136879,136884,136887,3,5
136879,136884,136888,4,5
136879,136884,136887,3,5
136879,136884,136888,4,5
136879,136883,136887,4,4
136879,136884,136887,3,5
136879,136884,136887,3,5
136879,136884,136887,3,5
136879,136884,136887,3,5
136879,136884,136888,4,5
136879,136885,136889,4,6
136879,136884,136888,4,5
136879,136885,136889,4,6
136879,136885,136888,3,6
136879,136885,136889,4,6
136879,136885,136888,3,6
136879,136884,136888,4,5
136879,136885,136888,3,6
136879,136887,136889,2,8
136879,136887,136890,3,8
136879,136886,136889,3,7
136879,136885,136889,4,6
136879,136886,136889,3,7
136879,136885,136889,4,6
136879,136886,136889,3,7
136879,136886,136889,3,7
136879,136886,136889,3,7
136879,136887,136890,3,8
136879,136887,136890,3,8
136879,136887,136890,3,8
136879,136887,136890,3,8
136879,136887,136891,4,8
136879,136887,136890,3,8
136879,136888,136891,3,9
136879,136887,136890,3,8
136879,136887,136891,4,8
136879,136887,136891,4,8
136879,136888,136891,3,9
136879,136888,136891,3,9
136879,136889,136891,2,10
136879,136889,136892,3,10
136879,136889,136892,3,10
136879,136890,136892,2,11
136879,136888,136891,3,9
136879,136888,136891,3,9
136879,136888,136891,3,9
136879,136889,136892,3,10
136879,136889,136892,3,10
136879,136888,136892,4,9
136879,136888,136892,4,9
136879,136888,136891,3,9
136879,136889,136892,3,10
136879,136889,136891,2,10
136879,136889,136891,2,10
136879,136888,136892,4,9
136879,136890,136892,2,11
136879,136890,136892,2,11
136879,136889,136893,4,10
136879,136890,136893,3,11
136892,136893,136896,3,1
136892,136893,136896,3,1
136892,136893,136896,3,1
136892,136893,136896,3,1
136892,136893,136897,4,1
136892,136893,136896,3,1
136892,136893,136897,4,1
136892,136893,136896,3,1
136892,136893,136896,3,1
136892,136893,136896,3,1
136892,136893,136896,3,1
136892,136893,136896,3,1
136892,136893,136897,4,1
136892,136893,136896,3,1
136892,136893,136896,3,1
136892,136893,136897,4,1
136892,136893,136896,3,1
136892,136893,136896,3,1
136892,136893,136896,3,1
136879,136880,136884,4,1
136879,136880,136884,4,1
136879,136880,136884,4,1
136879,136880,136883,3,1
136892,136893,136897,4,1
136892,136893,136897,4,1
136892,136894,136898,4,2
136892,136893,136897,4,1
136892,136893,136897,4,1
136892,136893,136897,4,1
136892,136893,136897,4,1
136892,136893,136897,4,1
136892,136893,136897,4,1
136892,136893,136898,5,1
136892,136893,136897,4,1
136892,136893,136897,4,1
136892,136893,136897,4,1
136892,136893,136897,4,1
136892,136893,136897,4,1
136892,136893,136898,5,1
136892,136894,136898,4,2
136892,136897,136898,1,5
136892,136897,136898,1,5
136892,136897,136898,1,5
136892,136897,136898,1,5
136892,136897,136900,3,5
136892,136897,136899,2,5
136892,136897,136900,3,5
136892,136897,136899,2,5
136892,136897,136899,2,5
136892,136896,136900,4,4
136892,136897,136899,2,5
136892,136897,136900,3,5
136892,136897,136899,2,5
136892,136897,136900,3,5
136892,136897,136899,2,5
136892,136898,136900,2,6
136892,136897,136901,4,5
136892,136897,136901,4,5
136892,136898,136901,3,6
136892,136898,136901,3,6
136892,136898,136901,3,6
136892,136898,136900,2,6
136892,136898,136901,3,6
136892,136897,136900,3,5
136892,136898,136901,3,6
136892,136898,136901,3,6
136892,136898,136901,3,6
136892,136898,136901,3,6
136892,136899,136902,3,7
136892,136899,136901,2,7
136892,136899,136901,2,7
136892,136898,136901,3,6
136892,136898,136902,4,6
136892,136897,136901,4,5
136892,136898,136901,3,6
136892,136898,136902,4,6
136892,136898,136902,4,6
136879,136898,136903,5,19
136892,136898,136902,4,6
136892,136898,136902,4,6
136892,136899,136902,3,7
136892,136898,136902,4,6
136892,136900,136903,3,8
136892,136901,136903,2,9
136892,136899,136902,3,7
136892,136901,136903,2,9
136892,136901,136903,2,9
136892,136898,136902,4,6
136892,136900,136902,2,8
136892,136900,136902,2,8
136892,136900,136902,2,8
136892,136900,136903,3,8
136892,136901,136904,3,9
136892,136899,136903,4,7
136892,136900,136903,3,8
136892,136900,136903,3,8
136892,136900,136903,3,8
136892,136901,136903,2,9
136892,136901,136903,2,9
136892,136901,136904,3,9
136892,136900,136904,4,8
136892,136900,136903,3,8
136892,136900,136904,4,8
136892,136901,136903,2,9
136892,136902,136905,3,10
136892,136903,136905,2,11
136892,136901,136904,3,9
136892,136902,136905,3,10
136892,136902,136905,3,10
136892,136902,136905,3,10
136892,136902,136905,3,10
136892,136901,136905,4,9
136892,136902,136905,3,10
136892,136902,136905,3,10
136892,136902,136905,3,10
136892,136902,136906,4,10
136892,136903,136905,2,11
136892,136902,136905,3,10
136892,136903,136905,2,11
136892,136903,136906,3,11
136892,136903,136906,3,11
136892,136902,136906,4,10
136892,136903,136906,3,11
136892,136903,136906,3,11
136892,136903,136906,3,11
136020,136021,136907,886,1
136014,136014,136913,899,0
136928,136928,136930,2,0
136928,136928,136930,2,0
136928,136928,136931,3,0
136928,136928,136930,2,0
136928,136928,136931,3,0
136928,136928,136931,3,0
136928,136928,136932,4,0
136928,136928,136932,4,0
136928,136928,136932,4,0
136928,136928,136932,4,0
136928,136928,136932,4,0
136928,136928,136932,4,0
136928,136928,136932,4,0
136928,136928,136932,4,0
136928,136928,136932,4,0
136928,136928,136932,4,0
136928,136928,136932,4,0
136928,136928,136932,4,0
136928,136928,136932,4,0
136928,136928,136932,4,0
136928,136928,136932,4,0
136928,136928,136931,3,0
136928,136928,136932,4,0
136928,136928,136933,5,0
136928,136928,136932,4,0
136928,136929,136933,4,1
136928,136929,136933,4,1
136928,136930,136933,3,2
136928,136928,136932,4,0
136928,136928,136933,5,0
136928,136928,136933,5,0
136928,136928,136933,5,0
136928,136928,136933,5,0
136928,136930,136933,3,2
136928,136928,136932,4,0
136928,136928,136933,5,0
136928,136928,136933,5,0
136928,136928,136933,5,0
136928,136928,136933,5,0
136928,136928,136933,5,0
136928,136928,136932,4,0
136928,136928,136933,5,0
136928,136928,136933,5,0
136928,136931,136933,2,3
136928,136932,136934,2,4
136928,136931,136934,3,3
136928,136932,136934,2,4
136928,136932,136935,3,4
136928,136933,136935,2,5
136928,136931,136935,4,3
136928,136932,136935,3,4
136928,136932,136935,3,4
136928,136932,136935,3,4
136928,136932,136935,3,4
136928,136931,136935,4,3
136048,136048,136936,888,0
136928,136933,136936,3,5
136928,136933,136936,3,5
136928,136932,136936,4,4
136928,136933,136935,2,5
136928,136932,136936,4,4
136928,136933,136936,3,5
136928,136932,136936,4,4
136928,136933,136936,3,5
136928,136933,136936,3,5
136928,136932,136936,4,4
136928,136933,136936,3,5
136928,136933,136936,3,5
136928,136933,136936,3,5
136928,136932,136936,4,4
136928,136932,136936,4,4
136928,136932,136936,4,4
136928,136932,136936,4,4
136928,136934,136936,2,6
136928,136934,136936,2,6
136928,136933,136937,4,5
136928,136933,136937,4,5
136928,136934,136937,3,6
136928,136933,136937,4,5
136928,136934,136937,3,6
136928,136934,136937,3,6
136928,136936,136938,2,8
136928,136932,136937,5,4
136928,136933,136937,4,5
136928,136936,136937,1,8
136928,136933,136937,4,5
136928,136933,136937,4,5
136928,136936,136937,1,8
136928,136934,136937,3,6
136928,136934,136938,4,6
136928,136935,136938,3,7
136928,136936,136938,2,8
136928,136936,136938,2,8
136928,136936,136938,2,8
136928,136937,136939,2,9
136928,136937,136938,1,9
136928,136936,136939,3,8
136928,136935,136939,4,7
136928,136935,136939,4,7
136928,136937,136939,2,9
136928,136936,136939,3,8
136928,136937,136939,2,9
136928,136937,136939,2,9
136928,136937,136939,2,9
136928,136937,136939,2,9
136928,136937,136940,3,9
136928,136937,136940,3,9
136928,136937,136939,2,9
136928,136937,136939,2,9
136928,136937,136940,3,9
136928,136937,136940,3,9
136928,136937,136940,3,9
136928,136937,136940,3,9
136928,136937,136940,3,9
136928,136938,136940,2,10
136928,136938,136940,2,10
136928,136938,136941,3,10
136928,136937,136940,3,9
136928,136938,136942,4,10
136928,136938,136941,3,10
136928,136938,136941,3,10
136928,136937,136941,4,9
136928,136938,136941,3,10
136928,136938,136941,3,10
136928,136938,136941,3,10
136928,136938,136941,3,10
136928,136938,136941,3,10
136928,136938,136942,4,10
136928,136938,136941,3,10
136928,136939,136941,2,11
136928,136938,136941,3,10
136928,136938,136942,4,10
136928,136938,136942,4,10
136928,136940,136942,2,12
136928,136938,136942,4,10
136928,136940,136943,3,12
136928,136941,136942,1,13
136928,136941,136942,1,13
136928,136940,136942,2,12
136928,136941,136942,1,13
136928,136941,136943,2,13
136928,136939,136942,3,11
136928,136939,136942,3,11
136928,136940,136943,3,12
136928,136939,136943,4,11
136928,136940,136943,3,12
136928,136940,136944,4,12
136928,136940,136944,4,12
136928,136940,136943,3,12
136928,136940,136944,4,12
136928,136941,136944,3,13
136928,136941,136944,3,13
136928,136942,136944,2,14
136928,136940,136945,5,12
136928,136942,136945,3,14
136928,136940,136945,5,12
136928,136940,136944,4,12
136928,136941,136944,3,13
136928,136943,136946,3,15
136928,136942,136945,3,14
136928,136942,136946,4,14
136928,136942,136946,4,14
136928,136942,136945,3,14
136928,136941,136945,4,13
136928,136942,136945,3,14
136928,136942,136946,4,14
136928,136940,136945,5,12
136928,136942,136945,3,14
136928,136942,136945,3,14
136928,136943,136946,3,15
136928,136943,136946,3,15
136928,136942,136946,4,14
136928,136944,136946,2,16
136928,136942,136946,4,14
136928,136943,136946,3,15
136928,136943,136946,3,15
136928,136943,136947,4,15
136928,136942,136946,4,14
136928,136942,136946,4,14
136928,136943,136946,3,15
136928,136944,136946,2,16
136928,136943,136947,4,15
136928,136944,136946,2,16
136928,136944,136946,2,16
136928,136944,136946,2,16
136928,136944,136947,3,16
136928,136945,136948,3,17
136928,136943,136948,5,15
136928,136943,136947,4,15
136928,136943,136947,4,15
136928,136943,136947,4,15
136928,136929,136935,6,1
136928,136945,136948,3,17
136928,136945,136948,3,17
136928,136945,136948,3,17
136018,136018,136949,931,0
136928,136946,136949,3,18
136928,136945,136949,4,17
136928,136945,136948,3,17
136928,136945,136949,4,17
136928,136946,136949,3,18
136928,136946,136949,3,18
136928,136945,136949,4,17
136928,136946,136949,3,18
136928,136947,136950,3,19
136928,136947,136950,3,19
136928,136947,136950,3,19
136928,136946,136950,4,18
136928,136947,136950,3,19
136928,136947,136950,3,19
136928,136946,136950,4,18
136928,136946,136950,4,18
136928,136947,136950,3,19
136928,136946,136950,4,18
136928,136946,136950,4,18
136928,136946,136950,4,18
136928,136946,136950,4,18
136928,136948,136950,2,20
136040,136046,136950,904,6
136928,136947,136950,3,19
136928,136947,136950,3,19
136928,136947,136950,3,19
136928,136947,136950,3,19
136928,136947,136950,3,19
136928,136949,136951,2,21
136928,136947,136950,3,19
136928,136947,136950,3,19
136928,136948,136951,3,20
136928,136948,136951,3,20
136928,136948,136951,3,20
136928,136947,136951,4,19
136928,136947,136951,4,19
136928,136947,136951,4,19
136928,136947,136951,4,19
136928,136949,136951,2,21
136928,136949,136951,2,21
136928,136948,136951,3,20
136928,136949,136952,3,21
136928,136948,136952,4,20
136928,136948,136952,4,20
136928,136948,136952,4,20
136928,136949,136951,2,21
136928,136948,136952,4,20
136942,136950,136953,3,8
136942,136949,136953,4,7
136942,136949,136953,4,7
136942,136952,136953,1,10
136942,136952,136953,1,10
136942,136952,136953,1,10
136942,136950,136954,4,8
136942,136951,136954,3,9
136942,136951,136954,3,9
136942,136950,136954,4,8
136942,136950,136954,4,8
136942,136950,136954,4,8
136942,136950,136954,4,8
136942,136951,136954,3,9
136942,136950,136954,4,8
136942,136951,136954,3,9
136942,136949,136954,5,7
136942,136950,136954,4,8
136942,136952,136954,2,10
136942,136950,136954,4,8
136942,136951,136955,4,9
136942,136951,136954,3,9
136942,136951,136954,3,9
136942,136952,136954,2,10
136942,136951,136954,3,9
136942,136950,136954,4,8
136942,136951,136955,4,9
136942,136950,136955,5,8
136942,136951,136955,4,9
136942,136951,136955,4,9
136942,136951,136955,4,9
136942,136951,136955,4,9
136942,136952,136956,4,10
136942,136951,136956,5,9
136942,136951,136956,5,9
136942,136954,136956,2,12
136942,136954,136956,2,12
136942,136950,136956,6,8
136942,136951,136956,5,9
136942,136951,136957,6,9
136942,136953,136957,4,11
136942,136952,136957,5,10
136942,136952,136957,5,10
136942,136952,136957,5,10
136942,136952,136957,5,10
136942,136954,136957,3,12
136942,136953,136957,4,11
136942,136954,136957,3,12
136942,136955,136957,2,13
136942,136954,136957,3,12
136942,136955,136957,2,13
136942,136954,136958,4,12
136942,136954,136958,4,12
136942,136955,136958,3,13
136942,136955,136958,3,13
136942,136955,136959,4,13
136942,136955,136958,3,13
136942,136956,136959,3,14
136942,136956,136958,2,14
136942,136954,136958,4,12
136942,136954,136958,4,12
136942,136954,136958,4,12
136942,136954,136959,5,12
136942,136954,136958,4,12
136942,136954,136959,5,12
136942,136955,136959,4,13
136942,136955,136959,4,13
136942,136957,136959,2,15
136942,136954,136959,5,12
136942,136955,136959,4,13
136942,136957,136960,3,15
136942,136957,136960,3,15
136942,136955,136959,4,13
136942,136955,136960,5,13
136942,136955,136959,4,13
136942,136955,136959,4,13
136942,136956,136959,3,14
136942,136955,136959,4,13
136942,136956,136960,4,14
136942,136956,136959,3,14
136942,136956,136960,4,14
136942,136957,136960,3,15
136942,136957,136960,3,15
136942,136958,136960,2,16
136942,136958,136960,2,16
136942,136957,136960,3,15
136942,136958,136961,3,16
136942,136958,136960,2,16
136942,136958,136961,3,16
136942,136956,136961,5,14
136942,136959,136962,3,17
136942,136958,136962,4,16
136942,136958,136961,3,16
136942,136958,136961,3,16
136942,136958,136961,3,16
136942,136959,136962,3,17
136942,136959,136962,3,17
136942,136959,136962,3,17
136942,136958,136962,4,16
136942,136959,136962,3,17
136942,136959,136962,3,17
136942,136958,136962,4,16
136942,136959,136962,3,17
136942,136959,136963,4,17
136942,136960,136962,2,18
136942,136959,136962,3,17
136942,136960,136963,3,18
136942,136959,136962,3,17
136942,136960,136963,3,18
136942,136960,136963,3,18
136942,136960,136963,3,18
136942,136959,136962,3,17
136942,136959,136963,4,17
136953,136961,136963,2,8
136953,136961,136963,2,8
136942,136959,136963,4,17
136942,136960,136963,3,18
136942,136960,136963,3,18
136953,136961,136963,2,8
136942,136959,136963,4,17
136942,136960,136963,3,18
136942,136960,136964,4,18
136942,136960,136964,4,18
136953,136961,136964,3,8
136953,136961,136964,3,8
136953,136961,136964,3,8
136953,136961,136964,3,8
136953,136961,136964,3,8
136953,136961,136964,3,8
136953,136961,136965,4,8
136953,136961,136964,3,8
136953,136962,136965,3,9
136953,136962,136965,3,9
136953,136962,136965,3,9
136953,136962,136965,3,9
136953,136963,136966,3,10
136953,136964,136965,1,11
136953,136964,136965,1,11
136953,136963,136965,2,10
136953,136962,136965,3,9
136953,136963,136965,2,10
136953,136962,136966,4,9
136953,136962,136966,4,9
136953,136962,136966,4,9
136953,136962,136966,4,9
136953,136962,136965,3,9
136953,136964,136966,2,11
136953,136962,136966,4,9
136953,136963,136967,4,10
136953,136963,136967,4,10
136953,136963,136966,3,10
136953,136963,136967,4,10
136953,136963,136967,4,10
136953,136965,136967,2,12
136953,136965,136967,2,12
136953,136965,136967,2,12
136953,136965,136967,2,12
136953,136964,136968,4,11
136953,136964,136967,3,11
136953,136963,136968,5,10
136953,136964,136967,3,11
136953,136965,136968,3,12
136953,136963,136967,4,10
136953,136963,136968,5,10
136953,136964,136968,4,11
136953,136964,136968,4,11
136953,136965,136968,3,12
136953,136965,136968,3,12
136953,136966,136969,3,13
136953,136967,136969,2,14
136953,136964,136968,4,11
136953,136964,136968,4,11
136953,136966,136969,3,13
136953,136964,136968,4,11
136953,136967,136969,2,14
136953,136963,136968,5,10
136953,136966,136969,3,13
136953,136966,136969,3,13
136953,136965,136969,4,12
136953,136967,136969,2,14
136953,136967,136969,2,14
136953,136966,136969,3,13
136953,136966,136969,3,13
136953,136966,136970,4,13
136953,136966,136969,3,13
136953,136967,136970,3,14
136953,136967,136969,2,14
136953,136966,136970,4,13
136953,136965,136970,5,12
136953,136966,136970,4,13
136953,136966,136970,4,13
136953,136967,136970,3,14
136953,136968,136970,2,15
136953,136968,136970,2,15
136953,136966,136970,4,13
136953,136968,136970,2,15
136953,136968,136971,3,15
136953,136968,136971,3,15
136953,136968,136971,3,15
136953,136969,136971,2,16
136953,136970,136972,2,17
136953,136968,136971,3,15
136953,136969,136971,2,16
136953,136969,136972,3,16
136953,136969,136971,2,16
136953,136970,136972,2,17
136953,136969,136971,2,16
136953,136969,136972,3,16
136953,136968,136971,3,15
136953,136969,136972,3,16
136953,136968,136971,3,15
136953,136969,136972,3,16
136953,136969,136972,3,16
136953,136969,136971,2,16
136953,136969,136972,3,16
136953,136969,136972,3,16
136953,136968,136972,4,15
136953,136968,136972,4,15
136953,136970,136973,3,17
136953,136970,136972,2,17
136953,136970,136972,2,17
136953,136969,136972,3,16
136953,136970,136973,3,17
136953,136970,136973,3,17
136953,136970,136973,3,17
136953,136970,136973,3,17
136953,136970,136973,3,17
136953,136968,136973,5,15
136953,136970,136973,3,17
136953,136970,136974,4,17
136953,136970,136973,3,17
136953,136971,136973,2,18
136953,136970,136973,3,17
136953,136971,136974,3,18
136953,136971,136974,3,18
136953,136971,136974,3,18
136953,136971,136974,3,18
136953,136970,136974,4,17
136953,136971,136974,3,18
136953,136971,136974,3,18
136101,136101,136993,892,0
136998,136999,137000,1,1
136998,136999,137000,1,1
136998,136999,137000,1,1
136998,136999,137001,2,1
136998,136999,137001,2,1
136998,136999,137002,3,1
136998,136999,137001,2,1
136998,136999,137003,4,1
136998,136999,137002,3,1
136998,136999,137003,4,1
136998,136999,137003,4,1
136998,136999,137003,4,1
136998,136999,137003,4,1
136998,136999,137002,3,1
136998,136999,137003,4,1
136998,136999,137003,4,1
136998,136999,137003,4,1
136998,136999,137002,3,1
136998,136999,137002,3,1
136998,136999,137004,5,1
136998,136999,137004,5,1
136998,136999,137003,4,1
136998,136999,137003,4,1
136998,136999,137003,4,1
136998,136999,137003,4,1
136998,136999,137003,4,1
136998,136999,137004,5,1
136998,136999,137003,4,1
136998,136999,137003,4,1
136998,136999,137003,4,1
136998,136999,137003,4,1
136998,136999,137003,4,1
136998,136999,137003,4,1
136998,136999,137003,4,1
136998,136999,137003,4,1
136998,136999,137003,4,1
136998,136999,137004,5,1
136998,137002,137004,2,4
136998,137001,137005,4,3
136998,137002,137004,2,4
136998,137001,137004,3,3
136998,136999,137004,5,1
136998,136999,137004,5,1
136998,137003,137005,2,5
136998,137003,137006,3,5
136045,136046,137006,960,1
136998,137001,137005,4,3
136998,137003,137006,3,5
136998,137002,137006,4,4
136998,137003,137005,2,5
136998,137003,137006,3,5
136998,137004,137006,2,6
136998,137003,137006,3,5
136998,137004,137007,3,6
136998,137002,137006,4,4
136998,137004,137007,3,6
136998,137003,137007,4,5
136998,137004,137006,2,6
136998,137003,137007,4,5
136998,137004,137006,2,6
136998,137004,137007,3,6
136998,137004,137008,4,6
136998,137003,137007,4,5
136998,137003,137008,5,5
136998,137004,137008,4,6
136998,137005,137008,3,7
136998,137003,137008,5,5
136998,137003,137008,5,5
136998,137004,137007,3,6
136998,137004,137008,4,6
136998,137004,137008,4,6
136998,137004,137007,3,6
136998,137004,137008,4,6
136998,137004,137007,3,6
136998,137005,137009,4,7
136998,137005,137008,3,7
136998,137006,137009,3,8
136998,137004,137008,4,6
136998,137004,137008,4,6
136998,137004,137009,5,6
136998,137005,137008,3,7
136998,137005,137008,3,7
136998,137005,137009,4,7
136998,137005,137009,4,7
136998,137006,137009,3,8
136998,137006,137010,4,8
136998,137006,137010,4,8
136998,137006,137010,4,8
136998,137007,137010,3,9
136998,137006,137010,4,8
136998,137006,137010,4,8
136998,137007,137010,3,9
136998,137007,137010,3,9
136998,137007,137011,4,9
136998,137008,137011,3,10
136998,137007,137011,4,9
136998,137007,137011,4,9
136998,137007,137011,4,9
136998,137007,137011,4,9
136998,137008,137011,3,10
136998,137007,137011,4,9
136998,137006,137011,5,8
136998,137007,137010,3,9
136998,137008,137011,3,10
136998,137008,137011,3,10
136998,137008,137011,3,10
136998,137008,137011,3,10
136998,137009,137012,3,11
136998,137009,137012,3,11
136998,137009,137012,3,11
136999,137011,137012,1,12
136998,137009,137012,3,11
136998,137008,137011,3,10
136998,137008,137011,3,10
136043,136046,137012,966,3
136998,137008,137012,4,10
136998,137008,137012,4,10
136998,137008,137012,4,10
136999,137009,137012,3,10
136999,137010,137012,2,11
136999,137011,137012,1,12
136999,137010,137013,3,11
136999,137011,137012,1,12
136999,137011,137012,1,12
136999,137009,137012,3,10
136999,137009,137012,3,10
136999,137009,137012,3,10
136999,137011,137013,2,12
136999,137010,137013,3,11
136998,137010,137013,3,12
136998,137010,137013,3,12
136999,137010,137013,3,11
136999,137010,137014,4,11
136999,137011,137014,3,12
136999,137011,137014,3,12
136999,137010,137014,4,11
136999,137010,137014,4,11
136999,137011,137014,3,12
136999,137010,137014,4,11
136999,137010,137014,4,11
136999,137011,137014,3,12
136999,137011,137014,3,12
136999,137011,137014,3,12
136999,137010,137015,5,11
136999,137010,137015,5,11
136999,137011,137015,4,12
136999,137013,137015,2,14
136999,137013,137016,3,14
136088,136103,137016,913,15
136094,136103,137016,913,9
136999,137013,137015,2,14
136999,137012,137016,4,13
136085,136085,137016,931,0
136999,137012,137016,4,13
136999,137013,137016,3,14
136999,137012,137016,4,13
136999,137012,137016,4,13
136999,137013,137016,3,14
136999,137012,137016,4,13
136999,137013,137016,3,14
136999,137012,137016,4,13
136999,137013,137016,3,14
136999,137011,137016,5,12
136999,137012,137017,5,13
136999,137012,137016,4,13
136999,137012,137016,4,13
136999,137013,137017,4,14
136999,137013,137017,4,14
136999,137013,137017,4,14
136999,137013,137017,4,14
136999,137013,137017,4,14
136999,137014,137017,3,15
136999,137015,137018,3,16
136999,137012,137017,5,13
136999,137015,137017,2,16
136999,137015,137018,3,16
136999,137014,137018,4,15
136999,137014,137018,4,15
136999,137014,137017,3,15
136999,137012,137017,5,13
136999,137015,137018,3,16
136108,136108,137018,910,0
136999,137015,137018,3,16
136999,137015,137018,3,16
136999,137015,137018,3,16
136999,137015,137018,3,16
136999,137015,137018,3,16
136999,137015,137018,3,16
136998,137016,137018,2,18
136999,137017,137019,2,18
136999,137017,137019,2,18
136999,137016,137019,3,17
136999,137018,137019,1,19
136999,137016,137019,3,17
136999,137016,137019,3,17
136999,137017,137019,2,18
136999,137017,137020,3,18
136998,137016,137019,3,18
136998,137016,137020,4,18
136999,137016,137020,4,17
136999,137016,137019,3,17
136999,137016,137019,3,17
136999,137016,137020,4,17
136999,137016,137020,4,17
136999,137016,137020,4,17
136999,137016,137020,4,17
136999,137016,137020,4,17
136999,137017,137020,3,18
136999,137017,137020,3,18
136999,137016,137020,4,17
136999,137016,137021,5,17
136999,137015,137020,5,16
136999,137017,137020,3,18
136999,137017,137020,3,18
136999,137018,137021,3,19
136999,137018,137020,2,19
136999,137016,137020,4,17
136999,137017,137020,3,18
136999,137018,137021,3,19
136999,137018,137020,2,19
136999,137017,137020,3,18
136999,137017,137021,4,18
136999,137019,137022,3,20
136999,137019,137021,2,20
136999,137019,137022,3,20
136999,137019,137021,2,20
136999,137019,137022,3,20
136999,137018,137021,3,19
136999,137018,137021,3,19
136999,137019,137022,3,20
136999,137019,137022,3,20
136999,137018,137021,3,19
136999,137019,137022,3,20
136999,137020,137022,2,21
136051,136051,137022,971,0
136999,137020,137022,2,21
136999,137020,137022,2,21
136999,137019,137022,3,20
136999,137020,137022,2,21
136999,137020,137022,2,21
136999,137020,137023,3,21
136999,137020,137022,2,21
136999,137020,137023,3,21
136999,137019,137022,3,20
137010,137020,137024,4,10
136999,137020,137024,4,21
136999,137020,137024,4,21
136999,137020,137023,3,21
137010,137020,137024,4,10
137010,137020,137024,4,10
137010,137021,137024,3,11
137010,137023,137024,1,13
137010,137023,137024,1,13
137010,137023,137024,1,13
137010,137023,137024,1,13
137010,137021,137025,4,11
137010,137021,137025,4,11
137010,137021,137025,4,11
137010,137021,137025,4,11
137010,137022,137025,3,12
137010,137020,137024,4,10
137010,137020,137024,4,10
137010,137022,137025,3,12
137010,137020,137025,5,10
137010,137022,137024,2,12
137010,137020,137025,5,10
137010,137020,137025,5,10
137010,137021,137025,4,11
137010,137021,137026,5,11
137010,137021,137025,4,11
137010,137023,137026,3,13
137010,137021,137026,5,11
137010,137021,137025,4,11
137010,137021,137025,4,11
137010,137021,137025,4,11
137010,137022,137025,3,12
137010,137022,137026,4,12
137010,137021,137025,4,11
137010,137022,137026,4,12
137010,137022,137026,4,12
137010,137024,137026,2,14
137010,137021,137025,4,11
137010,137022,137026,4,12
137010,137022,137027,5,12
137010,137022,137027,5,12
137010,137022,137027,5,12
137010,137023,137026,3,13
137010,137025,137027,2,15
137010,137023,137027,4,13
137010,137023,137028,5,13
137010,137023,137027,4,13
137010,137023,137028,5,13
137010,137023,137027,4,13
137010,137024,137028,4,14
137010,137025,137029,4,15
137010,137025,137028,3,15
137010,137025,137028,3,15
137010,137025,137028,3,15
137010,137025,137028,3,15
137010,137026,137029,3,16
137010,137025,137029,4,15
137010,137026,137028,2,16
137010,137026,137029,3,16
137010,137025,137028,3,15
137010,137023,137028,5,13
137010,137025,137029,4,15
137010,137025,137029,4,15
137010,137025,137029,4,15
137010,137027,137029,2,17
137010,137026,137029,3,16
137010,137024,137029,5,14
137010,137024,137029,5,14
137010,137026,137029,3,16
137010,137027,137029,2,17
137010,137025,137029,4,15
137010,137026,137030,4,16
137010,137026,137029,3,16
137010,137026,137029,3,16
137010,137026,137029,3,16
137010,137026,137030,4,16
137010,137026,137030,4,16
137010,137025,137030,5,15
137010,137027,137030,3,17
137010,137025,137029,4,15
137010,137026,137030,4,16
137010,137026,137030,4,16
137010,137026,137030,4,16
137010,137027,137030,3,17
137010,137025,137030,5,15
137010,137025,137030,5,15
137010,137025,137030,5,15
137010,137026,137030,4,16
137010,137028,137031,3,18
137010,137026,137031,5,16
137010,137026,137031,5,16
137010,137028,137031,3,18
137010,137028,137032,4,18
137010,137029,137032,3,19
137010,137028,137032,4,18
137010,137028,137032,4,18
137010,137027,137032,5,17
137010,137029,137032,3,19
137010,137029,137032,3,19
137010,137029,137033,4,19
137010,137030,137033,3,20
137010,137030,137033,3,20
137010,137029,137033,4,19
137010,137030,137032,2,20
137010,137029,137033,4,19
137010,137029,137033,4,19
137010,137030,137032,2,20
137010,137028,137033,5,18
137010,137029,137033,4,19
137010,137030,137033,3,20
137010,137029,137033,4,19
137010,137029,137033,4,19
137010,137030,137033,3,20
137010,137030,137033,3,20
137021,137031,137034,3,10
137010,137029,137033,4,19
137010,137030,137033,3,20
137010,137030,137033,3,20
137010,137029,137034,5,19
137010,137029,137033,4,19
137010,137029,137033,4,19
137010,137030,137033,3,20
137021,137030,137034,4,9
137010,137029,137034,5,19
137021,137030,137034,4,9
137010,137029,137034,5,19
137021,137030,137034,4,9
137021,137030,137034,4,9
137021,137031,137034,3,10
137021,137031,137034,3,10
137021,137031,137034,3,10
137021,137031,137034,3,10
137021,137031,137034,3,10
137021,137030,137035,5,9
137021,137032,137035,3,11
137021,137033,137035,2,12
137021,137034,137035,1,13
137021,137031,137035,4,10
137021,137034,137035,1,13
137021,137033,137035,2,12
137021,137032,137036,4,11
137021,137034,137035,1,13
137021,137034,137035,1,13
137021,137034,137035,1,13
137021,137032,137036,4,11
137021,137034,137036,2,13
137021,137032,137037,5,11
137021,137032,137036,4,11
137021,137033,137036,3,12
137021,137032,137036,4,11
137021,137033,137037,4,12
137021,137032,137036,4,11
137021,137034,137037,3,13
137021,137033,137037,4,12
137021,137034,137037,3,13
137021,137035,137038,3,14
137021,137035,137038,3,14
137021,137033,137037,4,12
137021,137034,137037,3,13
137021,137034,137037,3,13
137021,137035,137037,2,14
137021,137035,137038,3,14
137021,137035,137037,2,14
137021,137034,137037,3,13
137021,137034,137037,3,13
137021,137034,137037,3,13
137021,137033,137037,4,12
137021,137033,137038,5,12
137021,137034,137038,4,13
137021,137033,137038,5,12
137021,137033,137038,5,12
137021,137034,137038,4,13
137021,137033,137038,5,12
137021,137033,137038,5,12
137021,137035,137038,3,14
137021,137035,137039,4,14
137021,137035,137039,4,14
137021,137035,137038,3,14
137021,137036,137040,4,15
137021,137036,137040,4,15
137021,137035,137039,4,14
137021,137036,137040,4,15
137021,137036,137039,3,15
137021,137036,137039,3,15
137021,137037,137040,3,16
137021,137036,137040,4,15
137021,137037,137040,3,16
137021,137034,137040,6,13
137021,137036,137040,4,15
137021,137036,137040,4,15
137021,137036,137040,4,15
137021,137036,137040,4,15
137021,137036,137040,4,15
137021,137036,137040,4,15
137021,137037,137041,4,16
137021,137037,137040,3,16
137021,137036,137040,4,15
137021,137037,137040,3,16
137021,137038,137041,3,17
137021,137038,137041,3,17
137021,137038,137041,3,17
137021,137038,137041,3,17
137021,137039,137041,2,18
137021,137038,137042,4,17
137021,137038,137042,4,17
137021,137038,137041,3,17
137021,137038,137041,3,17
137021,137038,137042,4,17
137021,137039,137042,3,18
137021,137039,137042,3,18
137021,137038,137042,4,17
137021,137038,137042,4,17
137021,137038,137042,4,17
137021,137038,137042,4,17
137021,137038,137042,4,17
137021,137038,137041,3,17
137021,137038,137042,4,17
137021,137038,137042,4,17
137021,137038,137042,4,17
137021,137038,137042,4,17
137021,137038,137042,4,17
137021,137038,137042,4,17
137021,137039,137042,3,18
137021,137039,137042,3,18
137021,137039,137042,3,18
137021,137040,137043,3,19
137021,137040,137043,3,19
137021,137040,137043,3,19
137021,137041,137043,2,20
137021,137040,137044,4,19
137021,137040,137044,4,19
137021,137040,137044,4,19
137021,137040,137044,4,19
137021,137040,137043,3,19
137021,137040,137044,4,19
137021,137041,137044,3,20
137021,137041,137044,3,20
137021,137041,137044,3,20
137021,137041,137044,3,20
137021,137040,137044,4,19
136056,136058,137044,986,2
137021,137041,137044,3,20
137021,137043,137045,2,22
137021,137041,137044,3,20
137021,137041,137044,3,20
137021,137042,137045,3,21
137021,137042,137045,3,21
137021,137041,137044,3,20
137021,137041,137044,3,20
137021,137041,137044,3,20
137021,137041,137044,3,20
137021,137041,137044,3,20
137021,137042,137045,3,21
137021,137042,137045,3,21
137021,137042,137045,3,21
137021,137042,137045,3,21
137021,137042,137045,3,21
137021,137043,137046,3,22
137021,137044,137046,2,23
137021,137042,137045,3,21
137021,137042,137046,4,21
137021,137043,137046,3,22
137021,137043,137046,3,22
137021,137044,137046,2,23
137021,137042,137046,4,21
137021,137042,137046,4,21
137021,137042,137046,4,21
137021,137042,137046,4,21
137021,137042,137045,3,21
137021,137043,137046,3,22
137021,137043,137046,3,22
137021,137043,137046,3,22
137021,137044,137047,3,23
137021,137043,137047,4,22
137021,137043,137046,3,22
137021,137043,137046,3,22
137021,137043,137046,3,22
137021,137044,137047,3,23
137021,137042,137046,4,21
137021,137044,137047,3,23
137021,137044,137047,3,23
137021,137043,137047,4,22
137021,137044,137047,3,23
137021,137044,137047,3,23
137021,137044,137047,3,23
137021,137045,137048,3,24
137021,137045,137048,3,24
137021,137045,137048,3,24
137021,137044,137048,4,23
137021,137045,137048,3,24
137021,137044,137048,4,23
137021,137044,137048,4,23
137021,137045,137048,3,24
137021,137045,137048,3,24
137021,137045,137047,2,24
137021,137045,137048,3,24
137021,137045,137049,4,24
137021,137045,137049,4,24
137021,137045,137049,4,24
137021,137046,137049,3,25
137021,137046,137049,3,25
137021,137046,137049,3,25
137021,137046,137049,3,25
137021,137045,137049,4,24
137021,137045,137049,4,24
137021,137045,137049,4,24
137021,137045,137049,4,24
137021,137047,137049,2,26
137021,137047,137049,2,26
137021,137045,137049,4,24
137021,137047,137050,3,26
137021,137046,137050,4,25
137021,137046,137050,4,25
137021,137046,137050,4,25
137021,137046,137050,4,25
137021,137046,137050,4,25
137021,137046,137050,4,25
137021,137046,137050,4,25
137021,137047,137051,4,26
137021,137046,137050,4,25
137021,137047,137050,3,26
137021,137047,137051,4,26
137021,137047,137051,4,26
137021,137047,137051,4,26
137021,137047,137051,4,26
137021,137047,137051,4,26
137021,137046,137051,5,25
137021,137047,137051,4,26
137021,137047,137051,4,26
137021,137049,137051,2,28
137021,137047,137051,4,26
137021,137049,137052,3,28
137021,137047,137051,4,26
137021,137048,137051,3,27
137021,137049,137052,3,28
137021,137048,137051,3,27
137021,137049,137052,3,28
137021,137047,137051,4,26
137021,137049,137051,2,28
137021,137049,137052,3,28
137021,137049,137052,3,28
137021,137048,137052,4,27
137021,137048,137052,4,27
137021,137049,137053,4,28
137021,137049,137053,4,28
137021,137049,137052,3,28
137021,137049,137053,4,28
137021,137050,137053,3,29
137021,137050,137053,3,29
137021,137050,137053,3,29
137021,137049,137053,4,28
137021,137050,137053,3,29
137021,137050,137053,3,29
137021,137049,137053,4,28
137021,137049,137053,4,28
137021,137051,137053,2,30
137022,137052,137054,2,30
137021,137050,137053,3,29
137021,137050,137053,3,29
137021,137050,137053,3,29
137022,137051,137053,2,29
137022,137052,137053,1,30
137022,137052,137053,1,30
137021,137050,137053,3,29
137021,137050,137053,3,29
137021,137050,137053,3,29
137022,137051,137054,3,29
137022,137052,137054,2,30
137021,137050,137054,4,29
137021,137050,137054,4,29
137022,137052,137054,2,30
137022,137051,137054,3,29
137022,137051,137054,3,29
137022,137051,137054,3,29
137022,137052,137054,2,30
137022,137051,137055,4,29
137022,137051,137055,4,29
137022,137052,137055,3,30
137022,137052,137054,2,30
137022,137052,137055,3,30
137022,137052,137055,3,30
137022,137052,137055,3,30
137022,137053,137055,2,31
137022,137051,137055,4,29
137022,137051,137055,4,29
137022,137054,137055,1,32
137022,137052,137055,3,30
137022,137052,137055,3,30
137022,137053,137056,3,31
137022,137052,137056,4,30
137022,137053,137056,3,31
137022,137052,137055,3,30
137022,137053,137055,2,31
137022,137053,137055,2,31
137022,137053,137056,3,31
137022,137051,137056,5,29
137022,137053,137056,3,31
137022,137053,137056,3,31
137022,137054,137057,3,32
136097,136106,137056,950,9
137022,137054,137056,2,32
137022,137054,137056,2,32
137022,137054,137057,3,32
137022,137054,137057,3,32
137022,137054,137057,3,32
137022,137054,137056,2,32
137022,137055,137056,1,33
137022,137053,137057,4,31
137022,137054,137057,3,32
137022,137055,137057,2,33
137022,137054,137057,3,32
137022,137054,137057,3,32
137022,137055,137057,2,33
137022,137054,137058,4,32
137022,137054,137058,4,32
137022,137054,137057,3,32
137022,137055,137057,2,33
137022,137055,137057,2,33
137022,137054,137058,4,32
137022,137055,137058,3,33
137022,137055,137058,3,33
136062,136062,137058,996,0
137022,137054,137058,4,32
137022,137055,137058,3,33
137022,137055,137058,3,33
137022,137057,137059,2,35
137022,137055,137059,4,33
137022,137055,137059,4,33
137022,137055,137059,4,33
137022,137055,137059,4,33
137022,137054,137059,5,32
137022,137054,137059,5,32
137022,137055,137059,4,33
137022,137055,137059,4,33
137022,137056,137059,3,34
137022,137056,137059,3,34
137022,137057,137059,2,35
137022,137056,137060,4,34
137022,137056,137059,3,34
137022,137056,137059,3,34
137022,137056,137060,4,34
137022,137056,137059,3,34
137022,137057,137060,3,35
137022,137057,137059,2,35
137022,137057,137060,3,35
137022,137057,137060,3,35
137022,137057,137059,2,35
137022,137057,137059,2,35
137022,137056,137060,4,34
137022,137056,137059,3,34
137022,137056,137060,4,34
137022,137057,137060,3,35
137022,137056,137060,4,34
137022,137058,137061,3,36
137022,137056,137060,4,34
137022,137057,137060,3,35
137022,137056,137060,4,34
137022,137057,137060,3,35
137022,137058,137061,3,36
137022,137058,137061,3,36
137022,137058,137061,3,36
137022,137057,137061,4,35
137022,137058,137061,3,36
137022,137057,137060,3,35
137022,137058,137061,3,36
137022,137058,137061,3,36
137022,137058,137061,3,36
137022,137058,137061,3,36
137022,137057,137060,3,35
137022,137058,137061,3,36
137022,137058,137061,3,36
137022,137058,137061,3,36
137022,137059,137061,2,37
137022,137059,137062,3,37
137022,137060,137062,2,38
137022,137060,137061,1,38
136205,136212,137062,850,7
137022,137060,137062,2,38
136053,136054,137062,1008,1
137022,137059,137062,3,37
137022,137059,137062,3,37
137022,137060,137062,2,38
137022,137060,137062,2,38
137022,137060,137062,2,38
137022,137059,137062,3,37
137022,137060,137062,2,38
137022,137061,137062,1,39
137022,137060,137063,3,38
137022,137060,137063,3,38
137022,137060,137063,3,38
137022,137060,137063,3,38
137022,137059,137063,4,37
137022,137060,137063,3,38
137022,137059,137063,4,37
137022,137060,137063,3,38
137022,137061,137063,2,39
137022,137061,137064,3,39
137022,137060,137063,3,38
137022,137061,137064,3,39
137022,137061,137064,3,39
137022,137060,137064,4,38
137022,137060,137063,3,38
137022,137061,137064,3,39
137022,137060,137063,3,38
137022,137060,137064,4,38
137022,137061,137064,3,39
137022,137060,137064,4,38
137022,137060,137064,4,38
137022,137060,137064,4,38
137022,137061,137064,3,39
137022,137060,137064,4,38
137022,137061,137064,3,39
137022,137062,137065,3,40
137022,137062,137064,2,40
137022,137062,137064,2,40
137022,137061,137064,3,39
137022,137061,137065,4,39
137022,137060,137065,5,38
137022,137062,137065,3,40
137022,137063,137065,2,41
137022,137062,137065,3,40
137022,137063,137066,3,41
137022,137062,137066,4,40
137022,137062,137065,3,40
137022,137062,137066,4,40
137022,137063,137065,2,41
137022,137063,137065,2,41
137022,137063,137066,3,41
137022,137062,137065,3,40
137022,137062,137066,4,40
137022,137061,137066,5,39
137022,137061,137066,5,39
137022,137061,137065,4,39
137022,137063,137066,3,41
137022,137063,137067,4,41
137022,137063,137066,3,41
137022,137063,137066,3,41
137022,137063,137066,3,41
137022,137063,137066,3,41
137022,137064,137066,2,42
137022,137063,137066,3,41
137022,137063,137066,3,41
137022,137063,137067,4,41
137022,137063,137067,4,41
137022,137063,137066,3,41
137022,137064,137067,3,42
137022,137063,137067,4,41
137022,137064,137067,3,42
137022,137064,137067,3,42
137022,137065,137067,2,43
137022,137065,137067,2,43
137022,137065,137068,3,43
137022,137064,137067,3,42
137022,137064,137067,3,42
137022,137064,137067,3,42
137022,137064,137067,3,42
137022,137065,137067,2,43
137022,137064,137068,4,42
137022,137064,137067,3,42
137022,137064,137068,4,42
137022,137064,137068,4,42
137022,137064,137068,4,42
137022,137064,137068,4,42
137022,137066,137068,2,44
137022,137066,137069,3,44
137022,137066,137068,2,44
137022,137066,137068,2,44
137022,137065,137068,3,43
137022,137066,137069,3,44
137022,137066,137069,3,44
137022,137066,137069,3,44
137022,137066,137069,3,44
137022,137066,137069,3,44
137022,137064,137069,5,42
137022,137064,137069,5,42
137022,137066,137069,3,44
137022,137064,137069,5,42
137022,137064,137069,5,42
137022,137067,137069,2,45
137022,137067,137069,2,45
137022,137067,137070,3,45
137022,137066,137069,3,44
137022,137066,137069,3,44
137022,137067,137070,3,45
137022,137067,137070,3,45
137022,137067,137070,3,45
137022,137067,137070,3,45
137022,137067,137070,3,45
137022,137066,137069,3,44
137022,137067,137070,3,45
137022,137066,137070,4,44
137022,137066,137070,4,44
137022,137067,137070,3,45
137022,137068,137070,2,46
137022,137068,137071,3,46
137022,137068,137071,3,46
137022,137068,137071,3,46
137022,137067,137071,4,45
137022,137068,137071,3,46
137022,137066,137070,4,44
137022,137066,137070,4,44
137022,137067,137070,3,45
137022,137067,137070,3,45
137022,137067,137070,3,45
137022,137067,137071,4,45
136059,136060,137082,1022,1
137106,137106,137108,2,0
137106,137106,137109,3,0
137106,137106,137109,3,0
137106,137106,137108,2,0
137106,137106,137109,3,0
137106,137106,137109,3,0
137106,137106,137109,3,0
137106,137106,137109,3,0
137106,137107,137110,3,1
137106,137106,137110,4,0
137106,137106,137110,4,0
137106,137106,137110,4,0
137106,137106,137110,4,0
137106,137106,137110,4,0
137106,137106,137109,3,0
137106,137106,137110,4,0
137106,137106,137110,4,0
137106,137106,137110,4,0
137106,137106,137110,4,0
137106,137106,137110,4,0
137106,137106,137110,4,0
137106,137106,137110,4,0
137106,137106,137110,4,0
137106,137106,137109,3,0
137106,137107,137111,4,1
137106,137107,137110,3,1
137106,137106,137111,5,0
137106,137106,137111,5,0
137106,137106,137111,5,0
137106,137106,137111,5,0
137106,137106,137111,5,0
137106,137106,137111,5,0
137106,137106,137111,5,0
137106,137106,137111,5,0
137106,137106,137111,5,0
137106,137106,137111,5,0
137106,137109,137111,2,3
137106,137106,137111,5,0
137106,137106,137111,5,0
137106,137106,137111,5,0
137106,137106,137111,5,0
137106,137109,137111,2,3
137106,137109,137111,2,3
137106,137106,137111,5,0
137106,137106,137111,5,0
137106,137106,137111,5,0
137106,137106,137110,4,0
137106,137106,137111,5,0
137106,137109,137111,2,3
137106,137106,137111,5,0
137106,137106,137111,5,0
137106,137106,137111,5,0
137106,137106,137111,5,0
137106,137107,137112,5,1
137106,137106,137111,5,0
137106,137109,137112,3,3
137106,137106,137112,6,0
137106,137108,137112,4,2
137106,137110,137113,3,4
137106,137110,137113,3,4
137106,137109,137113,4,3
137106,137111,137113,2,5
137106,137111,137113,2,5
137106,137111,137114,3,5
137106,137111,137114,3,5
137106,137111,137114,3,5
137106,137109,137114,5,3
137106,137111,137114,3,5
137106,137110,137115,5,4
137106,137110,137114,4,4
137106,137112,137114,2,6
137106,137112,137114,2,6
137106,137112,137114,2,6
137106,137112,137114,2,6
137106,137112,137114,2,6
137106,137110,137114,4,4
137106,137111,137114,3,5
137106,137111,137114,3,5
137106,137111,137114,3,5
137106,137112,137114,2,6
137106,137112,137115,3,6
137106,137110,137115,5,4
137106,137112,137115,3,6
137106,137112,137114,2,6
137106,137110,137114,4,4
137106,137112,137115,3,6
137106,137112,137114,2,6
137106,137111,137115,4,5
137106,137112,137115,3,6
137106,137111,137115,4,5
137106,137110,137115,5,4
137106,137111,137115,4,5
137106,137110,137115,5,4
137106,137110,137115,5,4
137106,137112,137115,3,6
137106,137112,137115,3,6
137106,137112,137115,3,6
137106,137111,137115,4,5
137106,137112,137115,3,6
137106,137112,137115,3,6
137106,137112,137116,4,6
137106,137112,137115,3,6
137106,137113,137115,2,7
137106,137112,137116,4,6
137106,137112,137117,5,6
137106,137112,137116,4,6
137106,137113,137116,3,7
137106,137114,137116,2,8
137106,137114,137117,3,8
137106,137112,137116,4,6
137106,137113,137116,3,7
137106,137114,137117,3,8
137106,137114,137117,3,8
137106,137115,137117,2,9
137106,137113,137116,3,7
137106,137114,137116,2,8
137106,137114,137117,3,8
137106,137115,137117,2,9
137106,137115,137117,2,9
137106,137115,137118,3,9
137106,137114,137117,3,8
137106,137115,137118,3,9
137106,137115,137118,3,9
137106,137115,137117,2,9
137106,137115,137117,2,9
137106,137115,137119,4,9
137106,137116,137118,2,10
137106,137116,137118,2,10
137106,137115,137118,3,9
137106,137115,137118,3,9
137106,137116,137118,2,10
137106,137115,137119,4,9
137106,137115,137118,3,9
137106,137116,137118,2,10
137106,137117,137119,2,11
137106,137115,137118,3,9
137106,137115,137118,3,9
137106,137115,137118,3,9
137106,137115,137118,3,9
137106,137115,137119,4,9
137106,137115,137119,4,9
137106,137115,137119,4,9
137106,137115,137119,4,9
137106,137115,137119,4,9
137106,137117,137118,1,11
137106,137117,137119,2,11
137106,137116,137119,3,10
137106,137116,137118,2,10
137106,137117,137120,3,11
137106,137117,137120,3,11
137106,137117,137120,3,11
137106,137116,137124,8,10
137106,137116,137124,8,10
137106,137118,137127,9,12
137106,137119,137127,8,13
137106,137117,137127,10,11
137106,137117,137127,10,11
137106,137118,137127,9,12
137106,137117,137127,10,11
137106,137117,137127,10,11
137106,137117,137127,10,11
137106,137116,137127,11,10
137106,137118,137127,9,12
137106,137117,137127,10,11
137106,137118,137127,9,12
137106,137118,137127,9,12
137106,137118,137127,9,12
137106,137119,137127,8,13
137106,137119,137127,8,13
137106,137119,137127,8,13
137106,137119,137127,8,13
137106,137119,137128,9,13
137106,137119,137128,9,13
137106,137116,137127,11,10
137106,137116,137127,11,10
137106,137118,137127,9,12
137106,137118,137127,9,12
137106,137118,137127,9,12
137106,137116,137127,11,10
137106,137117,137127,10,11
137106,137116,137127,11,10
137106,137116,137127,11,10
137106,137116,137127,11,10
137106,137116,137127,11,10
137106,137119,137129,10,13
137106,137119,137129,10,13
137106,137119,137129,10,13
137106,137119,137129,10,13
137106,137119,137128,9,13
137106,137119,137129,10,13
137106,137125,137129,4,19
137106,137119,137129,10,13
137106,137128,137130,2,22
137106,137119,137130,11,13
137106,137119,137130,11,13
137106,137119,137130,11,13
137106,137127,137130,3,21
137106,137119,137130,11,13
137106,137128,137130,2,22
137106,137121,137129,8,15
137106,137127,137130,3,21
137106,137127,137130,3,21
137106,137119,137129,10,13
137106,137119,137130,11,13
137106,137119,137130,11,13
137106,137125,137130,5,19
137106,137127,137130,3,21
137106,137127,137130,3,21
137106,137120,137130,10,14
137106,137127,137130,3,21
137106,137127,137130,3,21
137106,137127,137130,3,21
137106,137128,137130,2,22
137106,137128,137130,2,22
137106,137128,137130,2,22
137106,137119,137130,11,13
137106,137128,137130,2,22
137106,137127,137130,3,21
137106,137127,137130,3,21
137106,137128,137131,3,22
137106,137128,137130,2,22
137106,137128,137130,2,22
137106,137128,137131,3,22
137106,137121,137130,9,15
137106,137127,137131,4,21
137106,137128,137131,3,22
137106,137119,137130,11,13
137106,137128,137131,3,22
137106,137127,137130,3,21
137106,137128,137130,2,22
137106,137128,137130,2,22
137106,137128,137131,3,22
137106,137127,137131,4,21
137106,137128,137131,3,22
137106,137128,137132,4,22
137106,137128,137132,4,22
137106,137129,137132,3,23
137106,137129,137132,3,23
137106,137129,137131,2,23
137106,137129,137132,3,23
137106,137129,137132,3,23
137106,137131,137132,1,25
137106,137129,137133,4,23
137106,137130,137133,3,24
137106,137129,137132,3,23
137106,137131,137133,2,25
137106,137130,137133,3,24
136104,136106,137133,1027,2
137106,137129,137133,4,23
137106,137131,137133,2,25
137106,137131,137133,2,25
137106,137131,137133,2,25
137106,137131,137133,2,25
137106,137130,137133,3,24
137106,137131,137134,3,25
137106,137131,137134,3,25
137106,137131,137134,3,25
137106,137131,137134,3,25
137106,137130,137134,4,24
137106,137131,137134,3,25
137106,137130,137134,4,24
137106,137131,137134,3,25
137106,137130,137134,4,24
137106,137130,137134,4,24
137106,137130,137133,3,24
137106,137130,137134,4,24
137106,137131,137134,3,25
137106,137131,137134,3,25
137106,137131,137134,3,25
137106,137131,137134,3,25
137106,137132,137135,3,26
137106,137131,137135,4,25
137106,137131,137134,3,25
137106,137131,137134,3,25
137106,137131,137134,3,25
137106,137130,137134,4,24
137106,137130,137134,4,24
137106,137131,137135,4,25
137106,137131,137135,4,25
137106,137131,137135,4,25
137106,137131,137135,4,25
137106,137131,137135,4,25
137106,137131,137135,4,25
137106,137133,137135,2,27
137106,137133,137136,3,27
137106,137133,137136,3,27
137106,137132,137136,4,26
137106,137132,137136,4,26
137106,137132,137135,3,26
137106,137134,137136,2,28
137106,137131,137136,5,25
137106,137131,137136,5,25
137106,137132,137136,4,26
137106,137132,137137,5,26
137106,137133,137136,3,27
137106,137134,137137,3,28
137106,137134,137136,2,28
137106,137134,137136,2,28
137106,137134,137136,2,28
137106,137133,137137,4,27
137106,137134,137137,3,28
137106,137132,137137,5,26
137106,137134,137136,2,28
137106,137132,137136,4,26
137106,137133,137137,4,27
137106,137133,137137,4,27
137106,137134,137137,3,28
137106,137134,137137,3,28
137106,137133,137137,4,27
137106,137134,137137,3,28
137106,137134,137137,3,28
137106,137134,137137,3,28
137106,137134,137137,3,28
137106,137135,137138,3,29
137106,137135,137138,3,29
137106,137134,137137,3,28
137106,137135,137138,3,29
137106,137134,137138,4,28
137106,137134,137138,4,28
137106,137134,137138,4,28
137106,137135,137138,3,29
137106,137134,137138,4,28
137106,137136,137139,3,30
137106,137135,137138,3,29
137106,137136,137139,3,30
137106,137136,137138,2,30
137106,137136,137138,2,30
137106,137135,137139,4,29
137106,137136,137139,3,30
137106,137136,137139,3,30
137106,137136,137138,2,30
137106,137135,137138,3,29
137106,137135,137138,3,29
137106,137136,137139,3,30
137106,137135,137139,4,29
137106,137135,137138,3,29
137106,137135,137138,3,29
137106,137135,137139,4,29
137106,137136,137139,3,30
137106,137136,137139,3,30
137106,137136,137140,4,30
137106,137137,137140,3,31
137106,137137,137140,3,31
137106,137139,137140,1,33
137106,137137,137139,2,31
137106,137139,137140,1,33
137106,137137,137140,3,31
137106,137139,137140,1,33
137106,137137,137140,3,31
137106,137137,137140,3,31
137106,137136,137139,3,30
137106,137136,137140,4,30
137106,137137,137140,3,31
137106,137137,137140,3,31
137106,137137,137140,3,31
137106,137137,137140,3,31
137106,137137,137140,3,31
137106,137137,137140,3,31
137106,137138,137141,3,32
137106,137138,137141,3,32
137106,137139,137140,1,33
137106,137139,137140,1,33
137106,137138,137141,3,32
137106,137138,137141,3,32
137106,137138,137141,3,32
137106,137138,137141,3,32
137106,137139,137141,2,33
137106,137137,137141,4,31
137106,137138,137141,3,32
137106,137138,137141,3,32
137106,137139,137142,3,33
137106,137139,137141,2,33
137106,137139,137141,2,33
137106,137138,137141,3,32
137106,137138,137142,4,32
137106,137139,137142,3,33
137106,137139,137142,3,33
137106,137138,137141,3,32
137106,137138,137141,3,32
137106,137140,137142,2,34
137106,137140,137142,2,34
137106,137138,137142,4,32
137106,137138,137142,4,32
137106,137138,137142,4,32
137106,137139,137142,3,33
137106,137140,137143,3,34
137106,137138,137142,4,32
137106,137140,137142,2,34
137106,137138,137142,4,32
137106,137141,137143,2,35
137106,137139,137143,4,33
137106,137138,137143,5,32
137106,137138,137143,5,32
137106,137140,137143,3,34
137106,137140,137143,3,34
137106,137141,137144,3,35
137106,137141,137144,3,35
137106,137141,137143,2,35
137106,137141,137143,2,35
137106,137139,137143,4,33
137106,137140,137143,3,34
137106,137140,137143,3,34
137106,137140,137144,4,34
137106,137140,137144,4,34
137106,137140,137144,4,34
137106,137141,137144,3,35
137106,137141,137143,2,35
137106,137140,137144,4,34
137106,137140,137144,4,34
137106,137141,137144,3,35
137106,137140,137143,3,34
137106,137141,137143,2,35
137106,137140,137144,4,34
137106,137140,137144,4,34
137106,137141,137144,3,35
137106,137139,137144,5,33
137106,137140,137144,4,34
137106,137141,137144,3,35
137106,137142,137145,3,36
137106,137141,137145,4,35
137106,137141,137145,4,35
137106,137142,137144,2,36
137106,137142,137145,3,36
137106,137142,137145,3,36
137106,137141,137145,4,35
137106,137143,137145,2,37
137106,137144,137145,1,38
137106,137142,137146,4,36
137106,137144,137146,2,38
137106,137142,137146,4,36
137106,137142,137145,3,36
137106,137142,137146,4,36
137106,137142,137146,4,36
137106,137142,137146,4,36
137106,137142,137146,4,36
137106,137145,137146,1,39
137106,137142,137146,4,36
137106,137142,137146,4,36
137106,137143,137147,4,37
137106,137144,137146,2,38
137106,137142,137146,4,36
137106,137143,137146,3,37
137106,137144,137146,2,38
137106,137144,137147,3,38
137106,137144,137146,2,38
137106,137144,137146,2,38
137106,137143,137146,3,37
137106,137144,137146,2,38
137106,137144,137147,3,38
137106,137144,137147,3,38
137106,137144,137147,3,38
137106,137144,137147,3,38
137106,137144,137147,3,38
137106,137143,137147,4,37
137106,137144,137147,3,38
137106,137143,137147,4,37
137106,137143,137147,4,37
137106,137143,137147,4,37
137106,137143,137147,4,37
137106,137145,137147,2,39
137106,137144,137147,3,38
137106,137146,137148,2,40
137106,137144,137147,3,38
137106,137145,137148,3,39
137106,137144,137147,3,38
137106,137144,137148,4,38
137106,137144,137148,4,38
137106,137144,137147,3,38
137106,137145,137148,3,39
137106,137145,137148,3,39
137106,137145,137147,2,39
137106,137144,137148,4,38
137106,137145,137148,3,39
137106,137145,137148,3,39
137106,137145,137148,3,39
137106,137146,137148,2,40
137106,137146,137148,2,40
137106,137144,137148,4,38
137107,137147,137148,1,40
137107,137147,137148,1,40
137106,137146,137148,2,40
137106,137145,137148,3,39
137106,137146,137148,2,40
137107,137146,137149,3,39
137107,137147,137149,2,40
137107,137146,137149,3,39
137107,137146,137149,3,39
137107,137147,137149,2,40
137107,137147,137149,2,40
137107,137147,137150,3,40
137107,137147,137149,2,40
137107,137147,137150,3,40
137107,137147,137149,2,40
137107,137147,137150,3,40
137107,137147,137150,3,40
137107,137147,137150,3,40
137107,137147,137150,3,40
137107,137148,137151,3,41
137107,137149,137150,1,42
137107,137149,137150,1,42
137107,137149,137150,1,42
137107,137149,137150,1,42
137107,137148,137151,3,41
137107,137147,137151,4,40
137107,137147,137150,3,40
137107,137148,137150,2,41
137107,137147,137150,3,40
137107,137147,137151,4,40
137107,137148,137150,2,41
137107,137147,137150,3,40
137107,137147,137151,4,40
137107,137148,137150,2,41
137107,137147,137150,3,40
137107,137148,137151,3,41
137107,137148,137151,3,41
137107,137149,137151,2,42
137107,137147,137152,5,40
137107,137148,137151,3,41
137107,137149,137152,3,42
137107,137147,137151,4,40
137107,137150,137152,2,43
137107,137147,137151,4,40
137107,137148,137152,4,41
137107,137150,137152,2,43
137107,137150,137151,1,43
137107,137148,137152,4,41
137107,137150,137152,2,43
137107,137148,137152,4,41
137107,137149,137152,3,42
137107,137148,137152,4,41
137107,137148,137152,4,41
136091,136106,137152,1046,15
137107,137150,137152,2,43
137107,137150,137152,2,43
137107,137149,137152,3,42
137107,137149,137152,3,42
137107,137148,137152,4,41
137107,137150,137152,2,43
137107,137150,137153,3,43
137107,137149,137152,3,42
137107,137149,137153,4,42
137107,137149,137153,4,42
137107,137149,137153,4,42
137107,137149,137152,3,42
137107,137149,137152,3,42
137107,137149,137153,4,42
137107,137150,137152,2,43
137107,137151,137153,2,44
137107,137151,137153,2,44
137107,137151,137154,3,44
137107,137151,137153,2,44
137107,137151,137154,3,44
137107,137151,137153,2,44
137107,137151,137154,3,44
137107,137151,137154,3,44
137107,137151,137153,2,44
137107,137151,137154,3,44
137107,137149,137154,5,42
137107,137151,137154,3,44
137107,137151,137153,2,44
137107,137151,137154,3,44
137107,137151,137154,3,44
137107,137151,137154,3,44
137107,137152,137154,2,45
137107,137153,137155,2,46
137107,137151,137154,3,44
137107,137151,137155,4,44
137107,137151,137154,3,44
137107,137152,137155,3,45
137107,137152,137154,2,45
137107,137152,137155,3,45
137107,137153,137155,2,46
137107,137152,137155,3,45
137107,137151,137154,3,44
137107,137152,137155,3,45
137107,137151,137154,3,44
137107,137152,137155,3,45
137107,137152,137155,3,45
137107,137152,137154,2,45
137107,137153,137155,2,46
137107,137153,137155,2,46
137107,137153,137155,2,46
137107,137153,137156,3,46
137107,137152,137155,3,45
137107,137153,137155,2,46
137107,137153,137155,2,46
137107,137153,137155,2,46
137107,137151,137155,4,44
137107,137152,137155,3,45
137107,137153,137156,3,46
137107,137152,137156,4,45
137107,137153,137156,3,46
137107,137153,137156,3,46
137107,137153,137156,3,46
137107,137153,137156,3,46
137107,137154,137156,2,47
137107,137153,137156,3,46
137107,137153,137156,3,46
137107,137153,137156,3,46
137107,137153,137156,3,46
137107,137153,137156,3,46
137107,137153,137156,3,46
137132,137156,137158,2,24
137132,137156,137158,2,24
137132,137155,137158,3,23
137132,137155,137157,2,23
137132,137155,137157,2,23
137132,137155,137158,3,23
137132,137154,137158,4,22
137132,137155,137157,2,23
137132,137156,137158,2,24
137132,137154,137158,4,22
137132,137154,137158,4,22
137132,137155,137158,3,23
137132,137156,137157,1,24
137132,137156,137158,2,24
137132,137154,137158,4,22
137132,137154,137157,3,22
137132,137155,137158,3,23
137132,137155,137158,3,23
137132,137154,137158,4,22
137132,137154,137158,4,22
137132,137155,137158,3,23
137132,137157,137158,1,25
137132,137154,137158,4,22
137132,137155,137159,4,23
137132,137156,137158,2,24
137132,137155,137159,4,23
136121,136129,137159,1030,8
137132,137155,137159,4,23
137132,137155,137158,3,23
137132,137156,137159,3,24
137132,137156,137159,3,24
137132,137155,137159,4,23
137132,137156,137159,3,24
137132,137155,137159,4,23
137132,137156,137159,3,24
137132,137154,137159,5,22
137132,137155,137159,4,23
137132,137157,137159,2,25
137132,137155,137159,4,23
137132,137155,137159,4,23
137132,137155,137160,5,23
137132,137158,137159,1,26
137132,137158,137159,1,26
137132,137158,137159,1,26
137132,137158,137160,2,26
137132,137158,137160,2,26
137132,137157,137160,3,25
137132,137157,137160,3,25
137132,137156,137160,4,24
137132,137155,137160,5,23
137132,137156,137160,4,24
137132,137155,137160,5,23
137132,137157,137161,4,25
137132,137158,137160,2,26
137132,137157,137160,3,25
137132,137158,137160,2,26
137132,137159,137161,2,27
137132,137156,137161,5,24
137132,137158,137161,3,26
137132,137158,137161,3,26
137132,137157,137161,4,25
137132,137158,137162,4,26
137132,137158,137162,4,26
137132,137159,137161,2,27
137132,137159,137162,3,27
137132,137159,137162,3,27
137132,137158,137161,3,26
137132,137159,137162,3,27
137132,137158,137162,4,26
137132,137158,137162,4,26
137132,137159,137162,3,27
137132,137157,137162,5,25
137132,137159,137162,3,27
137132,137158,137162,4,26
137132,137158,137162,4,26
137132,137158,137162,4,26
137132,137159,137162,3,27
137132,137159,137162,3,27
137132,137157,137162,5,25
137132,137157,137162,5,25
137132,137158,137162,4,26
137132,137159,137162,3,27
137132,137160,137163,3,28
137132,137160,137163,3,28
137132,137160,137163,3,28
137132,137160,137163,3,28
137132,137158,137163,5,26
137132,137158,137163,5,26
137132,137159,137163,4,27
137132,137159,137163,4,27
137132,137159,137163,4,27
137132,137160,137163,3,28
137132,137160,137163,3,28
137132,137158,137163,5,26
137132,137161,137163,2,29
137132,137160,137163,3,28
137132,137160,137164,4,28
137132,137160,137163,3,28
137132,137160,137164,4,28
137132,137161,137163,2,29
137132,137161,137164,3,29
137132,137159,137163,4,27
137132,137160,137164,4,28
137132,137160,137164,4,28
137132,137160,137164,4,28
137132,137160,137164,4,28
137132,137160,137164,4,28
137132,137162,137164,2,30
137132,137161,137165,4,29
137132,137163,137165,2,31
137132,137161,137165,4,29
137132,137162,137165,3,30
137132,137161,137165,4,29
137132,137162,137165,3,30
137132,137163,137166,3,31
137132,137162,137165,3,30
137132,137162,137165,3,30
137132,137162,137165,3,30
137132,137162,137165,3,30
137132,137162,137166,4,30
137132,137162,137165,3,30
137132,137163,137166,3,31
137132,137163,137165,2,31
137132,137164,137166,2,32
137132,137162,137166,4,30
137132,137162,137165,3,30
137132,137164,137166,2,32
137132,137162,137166,4,30
137132,137163,137166,3,31
137132,137164,137166,2,32
137132,137164,137166,2,32
137132,137163,137166,3,31
137132,137163,137166,3,31
137132,137162,137166,4,30
137132,137164,137166,2,32
137132,137164,137166,2,32
137132,137164,137167,3,32
137132,137163,137166,3,31
137132,137163,137166,3,31
137132,137163,137166,3,31
137132,137163,137166,3,31
137132,137163,137166,3,31
137132,137163,137167,4,31
137132,137163,137167,4,31
137132,137164,137166,2,32
137132,137164,137166,2,32
137132,137164,137167,3,32
137132,137164,137167,3,32
137132,137164,137167,3,32
137132,137162,137166,4,30
137132,137163,137167,4,31
137132,137163,137167,4,31
137132,137165,137167,2,33
137132,137164,137167,3,32
137132,137164,137167,3,32
137132,137164,137167,3,32
137132,137163,137167,4,31
137132,137165,137167,2,33
137132,137163,137167,4,31
137132,137166,137168,2,34
137132,137165,137168,3,33
137132,137165,137168,3,33
137132,137164,137168,4,32
137132,137164,137168,4,32
137132,137166,137168,2,34
137132,137163,137168,5,31
137132,137166,137169,3,34
137132,137166,137169,3,34
137132,137166,137169,3,34
137132,137166,137168,2,34
137132,137166,137169,3,34
137132,137166,137169,3,34
137132,137166,137169,3,34
137132,137166,137170,4,34
137132,137166,137169,3,34
137132,137166,137169,3,34
137132,137167,137170,3,35
137132,137167,137169,2,35
137132,137167,137170,3,35
137132,137167,137170,3,35
137132,137166,137170,4,34
137132,137167,137170,3,35
137132,137166,137169,3,34
137132,137166,137169,3,34
137132,137166,137170,4,34
137132,137166,137170,4,34
137132,137166,137170,4,34
137132,137167,137170,3,35
137132,137166,137170,4,34
137132,137167,137171,4,35
137132,137167,137170,3,35
137132,137167,137171,4,35
137132,137167,137170,3,35
137132,137168,137171,3,36
137132,137167,137171,4,35
137132,137167,137171,4,35
137132,137167,137170,3,35
137132,137168,137171,3,36
137132,137167,137170,3,35
137132,137167,137170,3,35
137132,137167,137170,3,35
137132,137167,137170,3,35
137132,137168,137171,3,36
137132,137168,137171,3,36
137132,137168,137171,3,36
137132,137166,137171,5,34
137132,137169,137172,3,37
137132,137169,137171,2,37
137132,137169,137171,2,37
137132,137169,137172,3,37
137132,137167,137171,4,35
137132,137168,137172,4,36
137132,137167,137171,4,35
137132,137168,137171,3,36
137132,137168,137171,3,36
137132,137168,137172,4,36
137132,137169,137172,3,37
137132,137168,137171,3,36
137132,137169,137172,3,37
137132,137169,137172,3,37
137132,137169,137172,3,37
137132,137170,137173,3,38
137132,137170,137173,3,38
137132,137170,137173,3,38
137132,137170,137172,2,38
137132,137170,137173,3,38
137132,137170,137173,3,38
137132,137170,137173,3,38
137132,137168,137173,5,36
137132,137169,137172,3,37
137132,137169,137173,4,37
137132,137170,137173,3,38
137132,137171,137173,2,39
137132,137171,137173,2,39
137132,137170,137173,3,38
137132,137170,137173,3,38
137132,137170,137173,3,38
137132,137170,137174,4,38
137132,137170,137173,3,38
137132,137171,137174,3,39
137132,137170,137174,4,38
136277,136284,137183,899,7
136288,136296,137201,905,8
137201,137202,137204,2,1
137201,137202,137204,2,1
137201,137202,137204,2,1
137201,137202,137204,2,1
137201,137202,137204,2,1
137201,137202,137204,2,1
137201,137202,137206,4,1
137201,137202,137205,3,1
137201,137202,137205,3,1
137201,137202,137205,3,1
137201,137202,137206,4,1
137201,137202,137206,4,1
137201,137202,137205,3,1
137201,137202,137206,4,1
137201,137202,137206,4,1
137201,137202,137205,3,1
137201,137202,137205,3,1
137201,137202,137205,3,1
137201,137202,137205,3,1
137201,137202,137206,4,1
137201,137202,137205,3,1
137201,137202,137206,4,1
137201,137202,137206,4,1
137201,137202,137206,4,1
137201,137202,137206,4,1
137201,137202,137205,3,1
137201,137202,137205,3,1
137201,137202,137206,4,1
137201,137202,137205,3,1
137201,137202,137205,3,1
137201,137202,137206,4,1
137201,137202,137206,4,1
137201,137202,137205,3,1
137201,137202,137206,4,1
137201,137202,137206,4,1
137201,137202,137205,3,1
137201,137202,137206,4,1
137201,137202,137207,5,1
137201,137202,137207,5,1
137201,137202,137206,4,1
137201,137202,137206,4,1
137201,137202,137206,4,1
137201,137202,137206,4,1
137201,137202,137207,5,1
137201,137202,137206,4,1
137201,137202,137206,4,1
137201,137202,137206,4,1
137201,137205,137208,3,4
137201,137202,137207,5,1
137201,137202,137207,5,1
137201,137202,137207,5,1
137201,137206,137209,3,5
137201,137206,137209,3,5
137201,137206,137208,2,5
137201,137206,137208,2,5
137201,137206,137209,3,5
137201,137205,137208,3,4
137201,137206,137208,2,5
137201,137206,137208,2,5
137201,137206,137209,3,5
137201,137206,137208,2,5
137201,137205,137209,4,4
137201,137205,137209,4,4
137201,137205,137208,3,4
137201,137205,137208,3,4
137201,137206,137209,3,5
137201,137206,137209,3,5
137201,137206,137209,3,5
137201,137207,137210,3,6
137201,137207,137209,2,6
137201,137206,137209,3,5
137201,137207,137209,2,6
137201,137206,137209,3,5
137201,137206,137209,3,5
137201,137206,137210,4,5
137201,137206,137210,4,5
137201,137206,137210,4,5
137201,137206,137210,4,5
137201,137207,137210,3,6
137201,137207,137210,3,6
137201,137207,137210,3,6
137201,137206,137210,4,5
137201,137206,137210,4,5
137201,137207,137210,3,6
137201,137207,137210,3,6
137201,137206,137210,4,5
137201,137206,137210,4,5
137201,137206,137209,3,5
137201,137206,137210,4,5
137201,137206,137210,4,5
137201,137207,137210,3,6
137201,137206,137210,4,5
137201,137206,137210,4,5
137201,137206,137210,4,5
137201,137207,137210,3,6
137201,137209,137211,2,8
137201,137207,137210,3,6
137201,137208,137211,3,7
137201,137208,137211,3,7
137201,137206,137210,4,5
137201,137209,137211,2,8
137202,137210,137211,1,8
137201,137209,137212,3,8
137201,137209,137212,3,8
137201,137208,137212,4,7
137201,137208,137212,4,7
137201,137209,137212,3,8
137201,137209,137212,3,8
137201,137209,137211,2,8
137201,137209,137212,3,8
137201,137209,137212,3,8
137202,137210,137212,2,8
137202,137210,137211,1,8
137201,137209,137212,3,8
137202,137210,137212,2,8
137202,137210,137212,2,8
137202,137209,137212,3,7
137202,137209,137212,3,7
137201,137209,137212,3,8
137201,137209,137212,3,8
137202,137210,137213,3,8
137201,137209,137212,3,8
137202,137210,137213,3,8
137202,137210,137213,3,8
137201,137209,137212,3,8
137202,137210,137213,3,8
137202,137210,137214,4,8
137202,137210,137213,3,8
137202,137210,137213,3,8
137202,137210,137213,3,8
137202,137210,137213,3,8
137202,137210,137213,3,8
137202,137210,137213,3,8
137202,137210,137214,4,8
137202,137210,137214,4,8
137202,137210,137214,4,8
137202,137210,137214,4,8
137202,137210,137213,3,8
137202,137210,137214,4,8
137202,137210,137214,4,8
137202,137210,137215,5,8
137202,137210,137215,5,8
137202,137212,137214,2,10
137202,137210,137214,4,8
137202,137210,137214,4,8
137202,137212,137214,2,10
137202,137212,137214,2,10
137202,137210,137214,4,8
137202,137211,137215,4,9
137202,137212,137215,3,10
137202,137212,137215,3,10
137202,137212,137215,3,10
137202,137213,137215,2,11
137202,137213,137215,2,11
137202,137211,137215,4,9
137202,137212,137215,3,10
137202,137213,137215,2,11
137202,137212,137215,3,10
137202,137213,137216,3,11
137201,137213,137216,3,12
137201,137213,137215,2,12
137202,137212,137216,4,10
137202,137212,137216,4,10
137202,137212,137216,4,10
137202,137212,137216,4,10
137202,137212,137216,4,10
137202,137212,137216,4,10
137202,137212,137216,4,10
137202,137213,137216,3,11
137202,137212,137216,4,10
137202,137213,137216,3,11
137202,137214,137216,2,12
137202,137214,137216,2,12
137202,137214,137216,2,12
137202,137213,137217,4,11
137201,137213,137217,4,12
137201,137213,137217,4,12
137202,137213,137217,4,11
137202,137213,137217,4,11
137202,137213,137216,3,11
137202,137214,137217,3,12
137202,137214,137217,3,12
137202,137214,137217,3,12
137202,137216,137218,2,14
137202,137214,137217,3,12
137202,137215,137218,3,13
137202,137215,137217,2,13
137202,137215,137217,2,13
137202,137215,137217,2,13
137202,137214,137217,3,12
137202,137216,137218,2,14
137202,137216,137217,1,14
137202,137214,137218,4,12
137201,137213,137217,4,12
137202,137213,137218,5,11
137202,137214,137218,4,12
137202,137214,137218,4,12
137202,137215,137218,3,13
137202,137214,137218,4,12
137202,137214,137218,4,12
137202,137214,137218,4,12
137202,137216,137219,3,14
137202,137216,137218,2,14
137202,137216,137219,3,14
137202,137215,137219,4,13
137202,137216,137218,2,14
137202,137215,137219,4,13
137202,137215,137218,3,13
137202,137216,137218,2,14
137202,137214,137218,4,12
137202,137216,137219,3,14
137202,137217,137219,2,15
137202,137215,137219,4,13
137202,137216,137219,3,14
137202,137216,137219,3,14
137202,137216,137219,3,14
137202,137217,137219,2,15
137202,137216,137219,3,14
137202,137216,137220,4,14
137202,137217,137220,3,15
137202,137216,137220,4,14
137202,137216,137220,4,14
137202,137217,137220,3,15
137202,137217,137220,3,15
137202,137217,137221,4,15
137202,137217,137220,3,15
137202,137217,137220,3,15
137202,137217,137220,3,15
137202,137217,137220,3,15
137202,137217,137220,3,15
137202,137218,137221,3,16
137202,137217,137220,3,15
137202,137217,137220,3,15
137202,137218,137221,3,16
137202,137218,137220,2,16
137202,137218,137221,3,16
137202,137217,137220,3,15
137202,137219,137221,2,17
137202,137217,137221,4,15
137202,137217,137220,3,15
137202,137219,137222,3,17
137202,137219,137222,3,17
137202,137218,137221,3,16
137202,137219,137222,3,17
137202,137218,137221,3,16
137202,137218,137221,3,16
137202,137218,137222,4,16
137202,137218,137222,4,16
137202,137218,137221,3,16
137202,137218,137222,4,16
137202,137218,137222,4,16
137202,137219,137221,2,17
137202,137219,137221,2,17
137202,137218,137222,4,16
137202,137218,137222,4,16
136335,136342,137222,880,7
137202,137218,137222,4,16
137202,137219,137222,3,17
137202,137219,137223,4,17
137202,137221,137222,1,19
137202,137221,137222,1,19
137202,137221,137222,1,19
137202,137219,137222,3,17
137202,137220,137223,3,18
137202,137221,137222,1,19
137202,137221,137222,1,19
137202,137219,137222,3,17
137202,137220,137223,3,18
137202,137220,137222,2,18
137202,137220,137223,3,18
137202,137219,137223,4,17
137202,137218,137223,5,16
137202,137219,137223,4,17
137202,137221,137223,2,19
137202,137221,137223,2,19
137202,137219,137223,4,17
137202,137219,137223,4,17
137202,137219,137223,4,17
137202,137220,137223,3,18
137202,137220,137223,3,18
137202,137221,137223,2,19
137202,137222,137224,2,20
137202,137222,137224,2,20
137202,137222,137224,2,20
137202,137222,137224,2,20
137202,137220,137224,4,18
137202,137221,137225,4,19
137202,137221,137224,3,19
137202,137221,137224,3,19
137202,137221,137225,4,19
137202,137222,137225,3,20
137202,137221,137224,3,19
137202,137221,137225,4,19
137202,137221,137225,4,19
137202,137221,137225,4,19
137202,137222,137225,3,20
137202,137221,137225,4,19
137202,137222,137225,3,20
137202,137222,137225,3,20
137202,137222,137225,3,20
137202,137221,137225,4,19
137202,137222,137224,2,20
137202,137222,137225,3,20
137202,137222,137225,3,20
137202,137221,137225,4,19
137202,137222,137226,4,20
137202,137223,137225,2,21
137202,137223,137226,3,21
137202,137223,137225,2,21
137202,137222,137226,4,20
137202,137223,137226,3,21
137202,137223,137226,3,21
137202,137221,137225,4,19
137202,137222,137226,4,20
137202,137223,137226,3,21
137202,137221,137226,5,19
137202,137224,137226,2,22
137202,137224,137226,2,22
137202,137223,137226,3,21
137202,137223,137226,3,21
137202,137223,137226,3,21
137202,137223,137226,3,21
137202,137223,137226,3,21
137202,137223,137226,3,21
137202,137223,137226,3,21
137202,137224,137227,3,22
137202,137224,137227,3,22
137202,137223,137227,4,21
137202,137224,137227,3,22
137202,137223,137227,4,21
137202,137223,137227,4,21
137202,137224,137227,3,22
137202,137225,137227,2,23
137202,137223,137227,4,21
137202,137224,137227,3,22
137202,137224,137227,3,22
137202,137225,137227,2,23
137202,137225,137227,2,23
137202,137225,137227,2,23
137202,137224,137227,3,22
137202,137225,137227,2,23
137202,137225,137227,2,23
137202,137224,137227,3,22
137202,137224,137227,3,22
137202,137224,137228,4,22
137202,137225,137228,3,23
137202,137225,137228,3,23
137202,137225,137228,3,23
137202,137225,137229,4,23
137202,137224,137228,4,22
137202,137226,137228,2,24
137202,137226,137228,2,24
137202,137226,137228,2,24
137202,137226,137228,2,24
136342,136353,137228,875,11
137202,137226,137228,2,24
137202,137224,137228,4,22
137202,137225,137229,4,23
137202,137225,137229,4,23
137202,137225,137229,4,23
137202,137225,137229,4,23
137202,137225,137229,4,23
136394,136401,137244,843,7
137265,137265,137268,3,0
137265,137265,137268,3,0
137265,137265,137268,3,0
137265,137265,137268,3,0
137265,137265,137267,2,0
137265,137265,137268,3,0
137265,137265,137268,3,0
137265,137265,137267,2,0
137265,137265,137268,3,0
137265,137265,137267,2,0
137265,137265,137267,2,0
137265,137265,137267,2,0
137265,137265,137268,3,0
137265,137265,137267,2,0
137265,137265,137267,2,0
137265,137265,137269,4,0
137265,137265,137269,4,0
137265,137265,137268,3,0
137265,137265,137269,4,0
137265,137265,137268,3,0
137265,137265,137269,4,0
137265,137265,137269,4,0
137265,137265,137268,3,0
137265,137265,137269,4,0
137265,137265,137268,3,0
137265,137265,137269,4,0
137265,137265,137269,4,0
137265,137265,137268,3,0
137265,137265,137268,3,0
137265,137265,137269,4,0
137265,137265,137269,4,0
137265,137265,137268,3,0
137265,137265,137269,4,0
137265,137265,137268,3,0
137265,137265,137269,4,0
137265,137265,137269,4,0
137265,137265,137269,4,0
137265,137265,137269,4,0
137265,137265,137269,4,0
137265,137265,137268,3,0
137265,137265,137269,4,0
137265,137265,137269,4,0
137265,137265,137269,4,0
137265,137265,137269,4,0
137265,137265,137269,4,0
137265,137265,137270,5,0
137265,137265,137269,4,0
137265,137265,137269,4,0
137265,137265,137270,5,0
137265,137265,137269,4,0
137265,137265,137269,4,0
137265,137265,137269,4,0
137265,137265,137269,4,0
137265,137265,137270,5,0
137265,137265,137270,5,0
137265,137265,137270,5,0
137265,137265,137270,5,0
137265,137268,137271,3,3
137265,137268,137270,2,3
137265,137268,137271,3,3
137265,137268,137271,3,3
137265,137268,137271,3,3
137265,137268,137271,3,3
137265,137268,137272,4,3
137265,137269,137272,3,4
137265,137268,137272,4,3
137265,137269,137272,3,4
137265,137268,137271,3,3
137265,137268,137272,4,3
137265,137269,137272,3,4
137265,137268,137272,4,3
137265,137268,137272,4,3
137265,137268,137272,4,3
137265,137268,137272,4,3
137265,137269,137272,3,4
137265,137269,137273,4,4
137265,137269,137273,4,4
137265,137270,137273,3,5
137265,137269,137273,4,4
137265,137269,137272,3,4
137265,137269,137273,4,4
137265,137269,137273,4,4
137265,137269,137273,4,4
137265,137269,137273,4,4
137265,137269,137273,4,4
137265,137269,137273,4,4
137265,137269,137273,4,4
137265,137269,137273,4,4
137265,137269,137273,4,4
137265,137269,137273,4,4
137265,137269,137272,3,4
137265,137269,137272,3,4
137265,137269,137272,3,4
137265,137271,137273,2,6
137265,137271,137273,2,6
137265,137268,137272,4,3
137265,137269,137273,4,4
137265,137269,137273,4,4
137265,137269,137272,3,4
137265,137269,137273,4,4
137265,137269,137273,4,4
137265,137269,137272,3,4
137265,137270,137273,3,5
137265,137270,137273,3,5
137265,137270,137273,3,5
137265,137271,137273,2,6
137265,137270,137274,4,5
137265,137271,137274,3,6
137265,137270,137274,4,5
137265,137271,137274,3,6
137265,137269,137273,4,4
137265,137270,137274,4,5
137265,137270,137274,4,5
137265,137270,137274,4,5
137265,137270,137274,4,5
137265,137270,137274,4,5
137265,137270,137274,4,5
137265,137270,137274,4,5
137265,137271,137274,3,6
137265,137271,137274,3,6
137265,137272,137275,3,7
137265,137274,137275,1,9
137265,137274,137276,2,9
137265,137272,137276,4,7
137265,137273,137276,3,8
137265,137274,137276,2,9
137265,137272,137275,3,7
137265,137274,137276,2,9
137265,137274,137276,2,9
137265,137272,137276,4,7
137265,137272,137276,4,7
137265,137272,137276,4,7
137265,137274,137276,2,9
137265,137272,137276,4,7
137265,137273,137276,3,8
137265,137272,137276,4,7
137265,137273,137276,3,8
137265,137272,137276,4,7
137265,137273,137276,3,8
137265,137272,137276,4,7
137265,137273,137276,3,8
137265,137272,137276,4,7
137265,137272,137276,4,7
137265,137274,137276,2,9
137265,137273,137277,4,8
137265,137273,137277,4,8
137265,137273,137277,4,8
137265,137273,137277,4,8
137265,137273,137277,4,8
137265,137273,137277,4,8
137265,137273,137277,4,8
137265,137273,137277,4,8
137265,137274,137277,3,9
137265,137273,137277,4,8
137265,137273,137277,4,8
137265,137274,137277,3,9
137265,137273,137277,4,8
137265,137273,137277,4,8
137265,137273,137277,4,8
137265,137273,137278,5,8
137265,137273,137278,5,8
137265,137274,137277,3,9
137265,137274,137277,3,9
137265,137273,137278,5,8
137265,137273,137278,5,8
137265,137273,137277,4,8
137265,137274,137278,4,9
137265,137274,137278,4,9
137265,137275,137278,3,10
137265,137273,137278,5,8
137265,137274,137278,4,9
137265,137275,137278,3,10
137265,137275,137278,3,10
137265,137276,137278,2,11
137265,137274,137278,4,9
137265,137275,137278,3,10
137265,137276,137279,3,11
137265,137276,137279,3,11
137265,137276,137279,3,11
137265,137275,137279,4,10
137265,137276,137279,3,11
137265,137276,137279,3,11
137265,137276,137279,3,11
137265,137277,137280,3,12
137265,137275,137279,4,10
137265,137277,137279,2,12
137265,137277,137280,3,12
137265,137277,137280,3,12
137265,137277,137280,3,12
137265,137276,137280,4,11
137265,137277,137280,3,12
137265,137277,137280,3,12
137265,137277,137280,3,12
137265,137277,137280,3,12
137265,137277,137280,3,12
137265,137277,137281,4,12
137265,137277,137281,4,12
137265,137278,137280,2,13
137265,137279,137280,1,14
137265,137277,137280,3,12
137265,137277,137281,4,12
137265,137277,137280,3,12
137265,137278,137280,2,13
137265,137277,137281,4,12
137265,137277,137281,4,12
137265,137278,137281,3,13
137265,137278,137280,2,13
137265,137277,137281,4,12
137265,137277,137281,4,12
137265,137278,137280,2,13
137265,137278,137280,2,13
137265,137277,137281,4,12
137265,137277,137281,4,12
137265,137277,137281,4,12
137265,137278,137281,3,13
137265,137278,137281,3,13
137265,137278,137281,3,13
137265,137277,137281,4,12
137265,137278,137281,3,13
137265,137278,137281,3,13
137265,137279,137281,2,14
137265,137279,137281,2,14
137265,137278,137281,3,13
137265,137278,137282,4,13
137265,137278,137282,4,13
137265,137279,137281,2,14
137265,137279,137281,2,14
137265,137278,137281,3,13
137265,137279,137282,3,14
137265,137279,137282,3,14
137265,137279,137282,3,14
137265,137279,137282,3,14
137265,137279,137282,3,14
137265,137280,137282,2,15
137265,137280,137282,2,15
137265,137280,137282,2,15
137265,137280,137282,2,15
137265,137280,137282,2,15
137265,137280,137283,3,15
137265,137279,137282,3,14
137265,137281,137283,2,16
137265,137281,137283,2,16
137265,137279,137282,3,14
137265,137281,137284,3,16
137265,137281,137284,3,16
137265,137280,137283,3,15
137265,137280,137283,3,15
137265,137281,137283,2,16
137265,137281,137283,2,16
137265,137282,137284,2,17
137265,137282,137284,2,17
137265,137281,137284,3,16
137265,137280,137283,3,15
137265,137281,137284,3,16
137265,137281,137284,3,16
137265,137281,137284,3,16
137265,137281,137284,3,16
137265,137281,137284,3,16
137265,137281,137284,3,16
137265,137282,137284,2,17
137265,137281,137285,4,16
137265,137282,137284,2,17
137265,137282,137285,3,17
137265,137281,137284,3,16
137265,137281,137285,4,16
137265,137281,137284,3,16
137265,137281,137285,4,16
137265,137281,137284,3,16
137265,137282,137284,2,17
137265,137282,137285,3,17
137265,137281,137285,4,16
137265,137282,137284,2,17
137265,137282,137285,3,17
137265,137282,137285,3,17
137265,137281,137285,4,16
137265,137282,137285,3,17
137265,137282,137285,3,17
137265,137282,137285,3,17
137265,137282,137285,3,17
137265,137282,137286,4,17
137265,137283,137286,3,18
137265,137282,137285,3,17
137265,137281,137285,4,16
137265,137281,137285,4,16
137265,137282,137286,4,17
137265,137282,137285,3,17
137265,137281,137285,4,16
137265,137283,137286,3,18
137265,137283,137286,3,18
137265,137282,137286,4,17
137265,137285,137287,2,20
137265,137283,137286,3,18
137265,137284,137286,2,19
137265,137283,137287,4,18
137265,137285,137286,1,20
137265,137285,137287,2,20
137265,137284,137287,3,19
137265,137285,137287,2,20
137265,137282,137286,4,17
137265,137282,137286,4,17
137265,137285,137287,2,20
137265,137284,137287,3,19
137265,137284,137287,3,19
137265,137284,137287,3,19
137265,137284,137287,3,19
137265,137283,137287,4,18
137265,137283,137287,4,18
137265,137283,137287,4,18
137265,137283,137287,4,18
137265,137284,137287,3,19
137265,137284,137287,3,19
137265,137285,137287,2,20
137265,137283,137287,4,18
137265,137285,137287,2,20
137265,137285,137287,2,20
137265,137286,137288,2,21
137265,137285,137288,3,20
137265,137285,137288,3,20
137265,137283,137287,4,18
137265,137284,137287,3,19
137265,137284,137288,4,19
137265,137284,137288,4,19
137265,137284,137288,4,19
137265,137285,137288,3,20
137265,137287,137289,2,22
137265,137286,137289,3,21
137265,137287,137289,2,22
137265,137285,137288,3,20
137265,137285,137288,3,20
137265,137286,137288,2,21
137265,137285,137289,4,20
137265,137286,137288,2,21
137265,137287,137289,2,22
137265,137287,137289,2,22
137265,137285,137288,3,20
137265,137286,137289,3,21
137265,137285,137289,4,20
137265,137287,137289,2,22
137265,137285,137289,4,20
137265,137285,137289,4,20
137265,137285,137289,4,20
137265,137285,137288,3,20
137265,137285,137289,4,20
137265,137285,137289,4,20
137265,137286,137289,3,21
137265,137287,137289,2,22
137265,137286,137289,3,21
137265,137287,137289,2,22
137265,137287,137289,2,22
137265,137286,137289,3,21
137265,137286,137290,4,21
137265,137287,137290,3,22
137265,137287,137290,3,22
137265,137286,137289,3,21
137265,137287,137289,2,22
137265,137287,137290,3,22
137265,137287,137289,2,22
137265,137287,137290,3,22
137265,137287,137289,2,22
137265,137287,137290,3,22
137265,137287,137290,3,22
137265,137287,137290,3,22
137265,137287,137291,4,22
137265,137287,137290,3,22
137265,137289,137291,2,24
137265,137289,137290,1,24
137265,137289,137290,1,24
137265,137288,137291,3,23
137265,137289,137290,1,24
137265,137287,137290,3,22
137265,137288,137291,3,23
137265,137288,137291,3,23
137265,137287,137291,4,22
137265,137287,137291,4,22
137265,137288,137291,3,23
137265,137288,137291,3,23
137265,137288,137292,4,23
137265,137289,137291,2,24
137265,137288,137292,4,23
137265,137289,137291,2,24
137265,137289,137291,2,24
137265,137289,137292,3,24
137265,137289,137292,3,24
137265,137288,137291,3,23
137265,137289,137292,3,24
137265,137289,137292,3,24
137265,137289,137292,3,24
137265,137289,137292,3,24
137265,137290,137292,2,25
137265,137290,137293,3,25
137265,137290,137293,3,25
137265,137290,137293,3,25
137265,137290,137293,3,25
137265,137289,137292,3,24
137265,137290,137293,3,25
137265,137290,137293,3,25
137265,137288,137292,4,23
137265,137288,137292,4,23
137265,137289,137292,3,24
137265,137288,137293,5,23
137265,137289,137293,4,24
137265,137289,137293,4,24
137265,137289,137293,4,24
137265,137292,137293,1,27
137265,137292,137293,1,27
137265,137290,137293,3,25
137265,137291,137294,3,26
137265,137291,137293,2,26
137265,137290,137294,4,25
137265,137291,137293,2,26
137265,137291,137293,2,26
137265,137292,137294,2,27
137265,137290,137294,4,25
137265,137290,137293,3,25
137265,137292,137294,2,27
137265,137292,137294,2,27
137265,137292,137294,2,27
137265,137290,137294,4,25
137265,137290,137294,4,25
137265,137292,137294,2,27
137265,137292,137294,2,27
137265,137290,137294,4,25
137265,137290,137294,4,25
137265,137289,137294,5,24
137265,137290,137294,4,25
137265,137292,137294,2,27
137265,137292,137294,2,27
137265,137290,137294,4,25
137265,137291,137294,3,26
137265,137292,137294,2,27
137265,137290,137294,4,25
137265,137290,137294,4,25
137265,137291,137294,3,26
137265,137291,137294,3,26
137265,137291,137295,4,26
137265,137290,137295,5,25
137265,137290,137295,5,25
137265,137292,137295,3,27
137265,137292,137295,3,27
137265,137292,137295,3,27
137265,137293,137295,2,28
137265,137292,137295,3,27
137265,137293,137295,2,28
137265,137294,137296,2,29
137265,137293,137296,3,28
137265,137293,137296,3,28
137265,137293,137296,3,28
137265,137292,137296,4,27
137265,137294,137297,3,29
137265,137294,137296,2,29
137265,137294,137296,2,29
137265,137294,137297,3,29
137265,137294,137297,3,29
137265,137294,137296,2,29
137265,137295,137297,2,30
137283,137296,137297,1,13
137265,137293,137296,3,28
137265,137293,137296,3,28
137265,137294,137296,2,29
137265,137294,137296,2,29
137265,137294,137296,2,29
137265,137294,137297,3,29
137265,137294,137297,3,29
137265,137293,137296,3,28
137265,137293,137297,4,28
137265,137294,137297,3,29
137265,137294,137297,3,29
137265,137294,137297,3,29
137265,137293,137297,4,28
137265,137294,137296,2,29
137265,137294,137297,3,29
137265,137295,137297,2,30
137283,137295,137298,3,12
137283,137295,137298,3,12
137265,137294,137297,3,29
137283,137296,137297,1,13
137283,137296,137297,1,13
137283,137295,137298,3,12
137283,137296,137297,1,13
137283,137296,137297,1,13
136382,136390,137298,908,8
137265,137294,137297,3,29
137265,137294,137297,3,29
137265,137293,137298,5,28
137265,137294,137298,4,29
137265,137294,137298,4,29
137265,137294,137298,4,29
137265,137294,137298,4,29
137265,137294,137298,4,29
137283,137296,137299,3,13
137283,137295,137298,3,12
137283,137295,137298,3,12
137283,137295,137299,4,12
137283,137295,137299,4,12
137283,137295,137298,3,12
137283,137295,137299,4,12
137283,137295,137298,3,12
137283,137295,137299,4,12
137283,137296,137299,3,13
137283,137295,137299,4,12
137283,137296,137299,3,13
137283,137295,137299,4,12
137283,137297,137299,2,14
137283,137295,137299,4,12
137283,137297,137300,3,14
137283,137297,137300,3,14
137283,137297,137300,3,14
137283,137297,137300,3,14
137283,137297,137300,3,14
137283,137296,137300,4,13
137283,137297,137300,3,14
137283,137296,137300,4,13
137283,137297,137300,3,14
137283,137297,137300,3,14
137283,137297,137300,3,14
137283,137296,137300,4,13
137283,137297,137300,3,14
137283,137297,137300,3,14
137283,137297,137300,3,14
137283,137297,137301,4,14
137283,137297,137301,4,14
137283,137298,137300,2,15
137283,137298,137301,3,15
137283,137297,137300,3,14
137283,137298,137301,3,15
137283,137298,137300,2,15
137283,137298,137301,3,15
137283,137299,137301,2,16
137283,137299,137301,2,16
137283,137299,137301,2,16
137283,137297,137301,4,14
137283,137298,137302,4,15
137283,137298,137301,3,15
137283,137299,137301,2,16
137283,137297,137301,4,14
137283,137298,137301,3,15
137283,137298,137301,3,15
137283,137297,137302,5,14
137283,137297,137301,4,14
137283,137298,137301,3,15
137283,137299,137302,3,16
137283,137299,137302,3,16
137283,137300,137302,2,17
137283,137297,137301,4,14
137283,137298,137302,4,15
137283,137298,137302,4,15
137283,137299,137302,3,16
137283,137299,137302,3,16
137283,137299,137302,3,16
137283,137298,137301,3,15
137283,137299,137302,3,16
137283,137299,137302,3,16
137283,137299,137302,3,16
137283,137300,137302,2,17
137283,137300,137302,2,17
137283,137297,137302,5,14
137283,137299,137302,3,16
137283,137300,137302,2,17
137283,137299,137302,3,16
137283,137299,137302,3,16
137283,137299,137303,4,16
137283,137299,137302,3,16
137283,137300,137303,3,17
137283,137300,137303,3,17
137283,137300,137303,3,17
137283,137300,137303,3,17
137283,137300,137303,3,17
137283,137301,137304,3,18
137283,137301,137304,3,18
137283,137301,137304,3,18
137283,137301,137303,2,18
137283,137301,137304,3,18
137283,137301,137304,3,18
137283,137301,137304,3,18
137283,137301,137304,3,18
137283,137301,137304,3,18
137283,137300,137303,3,17
137283,137301,137304,3,18
137283,137301,137304,3,18
137283,137300,137304,4,17
137283,137301,137304,3,18
137283,137302,137305,3,19
137283,137301,137304,3,18
137283,137301,137305,4,18
137283,137301,137304,3,18
137283,137302,137304,2,19
137283,137302,137305,3,19
137283,137302,137305,3,19
137283,137302,137305,3,19
137283,137302,137304,2,19
137283,137301,137305,4,18
137283,137302,137305,3,19
137283,137302,137305,3,19
137283,137302,137305,3,19
137283,137302,137305,3,19
137283,137302,137305,3,19
137283,137302,137305,3,19
137283,137302,137305,3,19
137283,137302,137305,3,19
137283,137302,137305,3,19
137283,137302,137305,3,19
137334,137334,137337,3,0
137334,137334,137337,3,0
137334,137334,137337,3,0
137334,137334,137337,3,0
137334,137334,137336,2,0
137334,137334,137337,3,0
137334,137334,137337,3,0
137334,137334,137337,3,0
137334,137334,137338,4,0
137334,137334,137337,3,0
137334,137334,137338,4,0
137334,137334,137338,4,0
137334,137334,137338,4,0
137334,137334,137338,4,0
137334,137334,137337,3,0
137334,137334,137338,4,0
137334,137334,137338,4,0
137334,137334,137338,4,0
137334,137334,137338,4,0
137334,137334,137338,4,0
137334,137334,137338,4,0
137334,137334,137338,4,0
137334,137334,137338,4,0
137334,137334,137338,4,0
137334,137334,137337,3,0
137334,137334,137337,3,0
137334,137334,137338,4,0
137334,137334,137338,4,0
137334,137334,137338,4,0
137334,137334,137338,4,0
137334,137334,137338,4,0
137334,137334,137337,3,0
137334,137334,137338,4,0
137334,137334,137338,4,0
137334,137334,137338,4,0
137334,137334,137339,5,0
137334,137334,137339,5,0
137334,137334,137339,5,0
137334,137334,137338,4,0
137334,137334,137339,5,0
137334,137334,137339,5,0
137334,137334,137339,5,0
137334,137334,137339,5,0
137334,137334,137339,5,0
137334,137334,137338,4,0
137334,137334,137338,4,0
137334,137337,137339,2,3
137334,137334,137339,5,0
137334,137334,137339,5,0
137334,137334,137339,5,0
137334,137334,137338,4,0
137334,137334,137338,4,0
137334,137334,137339,5,0
137334,137334,137338,4,0
137334,137335,137339,4,1
137334,137334,137339,5,0
137334,137334,137339,5,0
137334,137337,137339,2,3
137334,137334,137339,5,0
137334,137334,137340,6,0
137334,137337,137340,3,3
137334,137337,137340,3,3
137334,137338,137341,3,4
137334,137338,137341,3,4
137334,137338,137341,3,4
137334,137338,137341,3,4
137334,137337,137341,4,3
137334,137337,137341,4,3
137334,137338,137341,3,4
137334,137337,137341,4,3
137334,137338,137341,3,4
137334,137338,137341,3,4
137334,137338,137341,3,4
137334,137338,137341,3,4
137334,137338,137341,3,4
137334,137338,137342,4,4
137334,137338,137342,4,4
137334,137338,137342,4,4
137334,137339,137342,3,5
137334,137338,137342,4,4
137334,137338,137342,4,4
137334,137338,137342,4,4
137334,137340,137342,2,6
137334,137340,137342,2,6
137334,137338,137342,4,4
137334,137340,137342,2,6
137334,137340,137342,2,6
137334,137340,137342,2,6
137334,137337,137342,5,3
137334,137340,137342,2,6
137334,137340,137342,2,6
137334,137341,137343,2,7
137334,137338,137342,4,4
137334,137340,137342,2,6
137334,137340,137342,2,6
137334,137338,137342,4,4
137334,137338,137342,4,4
137334,137338,137342,4,4
137334,137338,137342,4,4
137334,137340,137342,2,6
137334,137341,137342,1,7
137334,137338,137342,4,4
137334,137340,137342,2,6
137334,137340,137343,3,6
137334,137340,137342,2,6
137334,137340,137342,2,6
137334,137338,137342,4,4
137334,137338,137342,4,4
137334,137340,137342,2,6
137334,137340,137342,2,6
137334,137340,137343,3,6
137334,137340,137342,2,6
137334,137339,137343,4,5
137334,137338,137343,5,4
137334,137340,137342,2,6
137334,137340,137343,3,6
137334,137340,137343,3,6
137334,137339,137343,4,5
137334,137340,137343,3,6
137334,137340,137343,3,6
137351,137352,137354,2,1
137351,137352,137354,2,1
137351,137352,137354,2,1
137351,137352,137355,3,1
137351,137352,137354,2,1
137351,137352,137355,3,1
137351,137352,137355,3,1
137351,137352,137355,3,1
137351,137352,137355,3,1
137351,137352,137355,3,1
137351,137352,137355,3,1
137351,137352,137355,3,1
137351,137352,137355,3,1
137351,137352,137355,3,1
137351,137352,137355,3,1
137351,137352,137355,3,1
137351,137352,137355,3,1
137351,137352,137355,3,1
137351,137352,137355,3,1
137351,137352,137355,3,1
137351,137352,137355,3,1
137351,137352,137355,3,1
137351,137352,137355,3,1
137351,137352,137355,3,1
137351,137352,137355,3,1
137351,137352,137355,3,1
137351,137352,137355,3,1
137351,137352,137355,3,1
137351,137352,137355,3,1
137351,137352,137355,3,1
137351,137352,137355,3,1
137351,137352,137355,3,1
137351,137352,137356,4,1
137351,137352,137355,3,1
137351,137352,137355,3,1
137351,137352,137356,4,1
137351,137352,137356,4,1
137351,137352,137356,4,1
137351,137352,137356,4,1
137351,137352,137356,4,1
137351,137352,137356,4,1
137351,137352,137356,4,1
137351,137352,137356,4,1
137351,137352,137356,4,1
137351,137352,137356,4,1
137351,137352,137356,4,1
137351,137352,137356,4,1
137351,137352,137356,4,1
137351,137352,137356,4,1
137351,137352,137356,4,1
137351,137352,137356,4,1
137351,137352,137357,5,1
137351,137352,137356,4,1
137351,137352,137356,4,1
137351,137352,137356,4,1
137351,137352,137357,5,1
137351,137352,137356,4,1
137351,137352,137356,4,1
137351,137356,137358,2,5
137351,137356,137358,2,5
137351,137356,137358,2,5
137351,137355,137357,2,4
137351,137355,137357,2,4
137351,137356,137358,2,5
137351,137356,137359,3,5
137351,137356,137359,3,5
137351,137355,137358,3,4
137351,137355,137358,3,4
137351,137355,137358,3,4
137351,137356,137359,3,5
137351,137356,137358,2,5
137351,137356,137358,2,5
137351,137356,137359,3,5
137351,137356,137358,2,5
137351,137356,137359,3,5
137351,137356,137358,2,5
137351,137356,137358,2,5
137351,137356,137358,2,5
137351,137356,137358,2,5
137351,137356,137359,3,5
137351,137355,137359,4,4
137351,137356,137359,3,5
137351,137356,137359,3,5
137351,137357,137360,3,6
137351,137357,137359,2,6
137351,137356,137359,3,5
137351,137357,137360,3,6
137351,137356,137360,4,5
137351,137357,137360,3,6
137351,137357,137360,3,6
137351,137357,137359,2,6
137351,137357,137359,2,6
137351,137357,137359,2,6
137351,137357,137360,3,6
137351,137357,137359,2,6
137351,137357,137359,2,6
137351,137357,137360,3,6
137351,137357,137360,3,6
137351,137356,137359,3,5
137351,137356,137359,3,5
137351,137356,137360,4,5
137351,137357,137359,2,6
137351,137356,137359,3,5
137351,137356,137359,3,5
137351,137356,137359,3,5
137351,137357,137360,3,6
137351,137357,137360,3,6
137351,137356,137359,3,5
137351,137356,137360,4,5
137351,137357,137359,2,6
137351,137357,137360,3,6
137351,137357,137360,3,6
137351,137357,137360,3,6
137351,137358,137360,2,7
137351,137358,137360,2,7
137351,137357,137360,3,6
137351,137358,137360,2,7
137351,137357,137360,3,6
137351,137357,137361,4,6
137351,137358,137360,2,7
136462,136468,137372,904,6
137379,137380,137382,2,1
137379,137380,137382,2,1
136506,136513,137383,870,7
137379,137380,137382,2,1
137379,137380,137383,3,1
137379,137380,137382,2,1
137379,137380,137382,2,1
137379,137380,137383,3,1
137379,137380,137383,3,1
137379,137380,137383,3,1
137379,137380,137383,3,1
137379,137380,137384,4,1
137379,137380,137383,3,1
137379,137380,137384,4,1
137379,137380,137383,3,1
137379,137380,137384,4,1
137379,137380,137383,3,1
137379,137380,137384,4,1
137379,137380,137383,3,1
137379,137380,137383,3,1
137379,137380,137383,3,1
137379,137380,137384,4,1
137379,137380,137384,4,1
137379,137380,137383,3,1
137379,137380,137383,3,1
137379,137380,137384,4,1
137379,137380,137384,4,1
137379,137380,137384,4,1
137379,137380,137383,3,1
137379,137380,137384,4,1
137379,137380,137383,3,1
137379,137380,137384,4,1
137379,137380,137383,3,1
137379,137380,137384,4,1
137379,137380,137384,4,1
137379,137380,137383,3,1
137379,137380,137384,4,1
137379,137380,137384,4,1
137379,137380,137384,4,1
137379,137380,137384,4,1
137379,137380,137384,4,1
137379,137380,137384,4,1
137379,137380,137385,5,1
137379,137380,137384,4,1
137379,137380,137384,4,1
137379,137380,137384,4,1
137379,137380,137384,4,1
137379,137380,137384,4,1
137379,137380,137384,4,1
137379,137380,137385,5,1
137379,137380,137384,4,1
137379,137380,137384,4,1
137379,137380,137384,4,1
137379,137380,137384,4,1
137379,137382,137385,3,3
137379,137380,137385,5,1
137379,137380,137385,5,1
137379,137380,137384,4,1
137379,137384,137386,2,5
137379,137380,137385,5,1
137379,137384,137386,2,5
137379,137380,137385,5,1
137379,137383,137386,3,4
137379,137384,137386,2,5
137379,137383,137385,2,4
137379,137384,137385,1,5
137379,137384,137386,2,5
137379,137384,137386,2,5
137379,137380,137386,6,1
137379,137384,137386,2,5
137379,137384,137387,3,5
137379,137383,137387,4,4
137379,137384,137387,3,5
137379,137384,137387,3,5
137379,137384,137387,3,5
137379,137384,137387,3,5
137379,137383,137387,4,4
137379,137384,137387,3,5
137379,137383,137386,3,4
137379,137384,137387,3,5
137379,137383,137386,3,4
137379,137384,137387,3,5
137379,137384,137387,3,5
137379,137384,137387,3,5
137379,137384,137387,3,5
137379,137384,137387,3,5
137379,137384,137388,4,5
137379,137385,137388,3,6
137379,137385,137388,3,6
137379,137384,137387,3,5
137379,137385,137388,3,6
137379,137385,137388,3,6
137379,137385,137388,3,6
137379,137386,137388,2,7
137379,137385,137388,3,6
137379,137384,137388,4,5
137379,137384,137388,4,5
137379,137385,137388,3,6
137379,137384,137387,3,5
137379,137385,137388,3,6
137379,137385,137388,3,6
137379,137385,137388,3,6
137379,137385,137388,3,6
137379,137384,137388,4,5
137379,137384,137387,3,5
137379,137385,137388,3,6
137379,137385,137388,3,6
137379,137385,137388,3,6
137379,137384,137388,4,5
137379,137385,137388,3,6
137379,137385,137388,3,6
137379,137384,137389,5,5
137379,137384,137388,4,5
137379,137385,137388,3,6
137379,137386,137389,3,7
137379,137385,137388,3,6
137379,137385,137388,3,6
137379,137386,137389,3,7
137379,137385,137389,4,6
137379,137385,137388,3,6
137379,137385,137389,4,6
137396,137397,137398,1,1
137396,137397,137399,2,1
137396,137397,137400,3,1
137396,137397,137400,3,1
137396,137397,137399,2,1
137396,137397,137399,2,1
137396,137397,137400,3,1
137396,137397,137400,3,1
137396,137397,137400,3,1
137396,137397,137401,4,1
137396,137397,137400,3,1
137396,137397,137400,3,1
137396,137397,137400,3,1
137396,137397,137400,3,1
137396,137397,137400,3,1
137396,137397,137400,3,1
137396,137397,137400,3,1
137396,137397,137400,3,1
137396,137397,137401,4,1
137396,137397,137400,3,1
137396,137397,137400,3,1
137396,137397,137400,3,1
137396,137397,137400,3,1
137396,137397,137400,3,1
137396,137397,137400,3,1
137396,137397,137400,3,1
137396,137397,137400,3,1
137396,137397,137400,3,1
137396,137397,137400,3,1
137396,137397,137400,3,1
137396,137397,137400,3,1
137396,137397,137400,3,1
137396,137397,137400,3,1
137396,137397,137400,3,1
137396,137397,137400,3,1
137396,137397,137400,3,1
137396,137397,137400,3,1
137396,137397,137400,3,1
137396,137397,137401,4,1
137396,137397,137401,4,1
137396,137397,137401,4,1
137396,137397,137401,4,1
137396,137397,137401,4,1
137396,137397,137401,4,1
137396,137397,137401,4,1
137396,137397,137401,4,1
137396,137397,137401,4,1
137396,137397,137401,4,1
137396,137397,137401,4,1
137396,137397,137401,4,1
137396,137397,137401,4,1
137396,137397,137401,4,1
137396,137397,137401,4,1
137396,137397,137401,4,1
137396,137397,137401,4,1
137396,137397,137401,4,1
137396,137397,137402,5,1
137396,137397,137401,4,1
137396,137397,137401,4,1
137396,137397,137402,5,1
137396,137400,137402,2,4
137396,137401,137402,1,5
137396,137401,137402,1,5
137396,137399,137402,3,3
137396,137401,137403,2,5
137396,137400,137403,3,4
137396,137401,137402,1,5
137396,137401,137403,2,5
137396,137401,137402,1,5
137396,137401,137402,1,5
137396,137401,137403,2,5
137396,137402,137404,2,6
137396,137400,137404,4,4
137396,137400,137403,3,4
137396,137401,137404,3,5
137396,137401,137404,3,5
137396,137401,137404,3,5
137396,137401,137404,3,5
137396,137401,137404,3,5
137396,137401,137403,2,5
137396,137401,137404,3,5
137396,137401,137403,2,5
137396,137401,137404,3,5
137396,137403,137405,2,7
137396,137401,137404,3,5
137396,137401,137405,4,5
137396,137401,137405,4,5
137396,137401,137404,3,5
137396,137400,137404,4,4
137396,137401,137404,3,5
137396,137401,137404,3,5
137396,137401,137404,3,5
137396,137401,137404,3,5
137396,137402,137405,3,6
137396,137401,137405,4,5
137396,137401,137405,4,5
137396,137401,137405,4,5
137396,137402,137405,3,6
137396,137401,137405,4,5
137396,137402,137405,3,6
137396,137401,137404,3,5
137396,137402,137405,3,6
137396,137401,137404,3,5
137396,137402,137405,3,6
137396,137402,137405,3,6
137396,137402,137405,3,6
137396,137402,137405,3,6
137396,137402,137405,3,6
137396,137402,137405,3,6
137396,137402,137405,3,6
137396,137401,137405,4,5
137396,137402,137406,4,6
137396,137402,137405,3,6
137396,137402,137405,3,6
137396,137402,137405,3,6
137396,137402,137405,3,6
137396,137402,137405,3,6
137396,137402,137405,3,6
137396,137402,137405,3,6
137396,137402,137405,3,6
136557,136564,137462,898,7
137462,137463,137465,2,1
137462,137463,137467,4,1
137462,137463,137467,4,1
137462,137463,137466,3,1
137462,137463,137467,4,1
137462,137463,137466,3,1
137462,137463,137466,3,1
137462,137463,137467,4,1
137462,137463,137466,3,1
137462,137463,137466,3,1
137462,137463,137466,3,1
137462,137463,137467,4,1
137462,137463,137467,4,1
137462,137463,137466,3,1
137462,137463,137467,4,1
137462,137463,137467,4,1
137462,137463,137466,3,1
137462,137463,137466,3,1
137462,137463,137466,3,1
137462,137463,137467,4,1
137462,137463,137467,4,1
137462,137463,137466,3,1
137462,137463,137466,3,1
137462,137463,137467,4,1
137462,137463,137466,3,1
137462,137463,137467,4,1
137462,137463,137467,4,1
137462,137463,137466,3,1
137462,137463,137466,3,1
137462,137463,137467,4,1
137462,137463,137468,5,1
137462,137463,137467,4,1
137462,137463,137467,4,1
137462,137463,137467,4,1
137462,137463,137467,4,1
137462,137463,137467,4,1
137462,137463,137467,4,1
137462,137463,137467,4,1
137462,137463,137467,4,1
137462,137463,137467,4,1
137462,137463,137467,4,1
137462,137463,137467,4,1
137462,137463,137467,4,1
137462,137463,137467,4,1
137462,137463,137468,5,1
137462,137463,137467,4,1
137462,137463,137467,4,1
137462,137463,137467,4,1
137462,137463,137468,5,1
137462,137463,137467,4,1
137462,137463,137467,4,1
137462,137463,137467,4,1
137462,137463,137467,4,1
137462,137463,137468,5,1
137462,137463,137467,4,1
137462,137463,137467,4,1
137462,137463,137467,4,1
137462,137463,137468,5,1
137462,137463,137467,4,1
137462,137467,137468,1,5
137462,137467,137469,2,5
137462,137467,137468,1,5
137462,137467,137469,2,5
137462,137467,137468,1,5
137462,137463,137468,5,1
137462,137466,137469,3,4
137462,137463,137468,5,1
137462,137467,137470,3,5
137462,137467,137469,2,5
137462,137467,137470,3,5
137462,137467,137470,3,5
137462,137467,137470,3,5
137462,137467,137469,2,5
137462,137467,137470,3,5
137462,137467,137470,3,5
137462,137467,137470,3,5
137462,137467,137469,2,5
137462,137467,137470,3,5
137462,137468,137471,3,6
137462,137468,137470,2,6
137462,137468,137471,3,6
137462,137468,137471,3,6
137462,137468,137471,3,6
137462,137467,137471,4,5
137462,137467,137471,4,5
137462,137468,137471,3,6
137462,137467,137470,3,5
137462,137468,137471,3,6
137462,137468,137471,3,6
137462,137468,137471,3,6
137462,137467,137471,4,5
137462,137467,137470,3,5
137462,137467,137471,4,5
137462,137468,137471,3,6
137462,137467,137471,4,5
137462,137467,137470,3,5
137462,137468,137471,3,6
137462,137468,137471,3,6
137462,137467,137470,3,5
137462,137467,137470,3,5
137462,137468,137471,3,6
137462,137468,137471,3,6
137462,137468,137471,3,6
137462,137468,137471,3,6
137462,137467,137472,5,5
137462,137468,137471,3,6
137462,137468,137471,3,6
137462,137468,137472,4,6
137462,137468,137472,4,6
137462,137468,137472,4,6
137462,137468,137472,4,6
137462,137468,137472,4,6
137462,137468,137471,3,6
137462,137467,137472,5,5
137462,137468,137472,4,6
137462,137468,137471,3,6
137462,137468,137471,3,6
137462,137468,137471,3,6
137462,137468,137472,4,6
137462,137468,137472,4,6
136609,136617,137486,869,8
137502,137502,137505,3,0
137502,137502,137505,3,0
137502,137502,137505,3,0
137502,137502,137505,3,0
137502,137502,137505,3,0
137502,137502,137506,4,0
137502,137502,137506,4,0
137502,137502,137506,4,0
137502,137502,137506,4,0
137502,137502,137506,4,0
137502,137502,137506,4,0
137502,137502,137506,4,0
137502,137502,137506,4,0
137502,137502,137506,4,0
137502,137502,137506,4,0
137502,137502,137506,4,0
137502,137502,137506,4,0
137502,137502,137506,4,0
137502,137502,137506,4,0
137502,137502,137506,4,0
137502,137502,137506,4,0
137502,137502,137506,4,0
137502,137502,137506,4,0
137502,137502,137506,4,0
137502,137502,137506,4,0
137502,137502,137506,4,0
137502,137502,137506,4,0
137502,137502,137506,4,0
137502,137502,137505,3,0
137502,137502,137506,4,0
137502,137502,137506,4,0
137502,137502,137506,4,0
137502,137502,137507,5,0
137502,137502,137507,5,0
137502,137502,137507,5,0
137502,137502,137507,5,0
137502,137502,137507,5,0
137502,137502,137507,5,0
137502,137502,137507,5,0
137502,137502,137507,5,0
137502,137502,137507,5,0
137502,137502,137507,5,0
137502,137502,137507,5,0
137502,137502,137506,4,0
137502,137502,137507,5,0
137502,137502,137507,5,0
137502,137502,137507,5,0
137502,137502,137507,5,0
137502,137503,137507,4,1
137502,137502,137507,5,0
137502,137502,137507,5,0
137502,137502,137507,5,0
137502,137505,137507,2,3
137502,137505,137507,2,3
137502,137502,137507,5,0
137502,137502,137507,5,0
137502,137502,137507,5,0
137502,137502,137507,5,0
137502,137502,137507,5,0
137502,137502,137508,6,0
137502,137502,137507,5,0
137502,137502,137507,5,0
137502,137502,137507,5,0
137502,137502,137507,5,0
137502,137506,137508,2,4
137502,137506,137508,2,4
137502,137506,137508,2,4
137502,137506,137508,2,4
137502,137505,137508,3,3
137502,137505,137508,3,3
137502,137506,137509,3,4
137502,137506,137509,3,4
137502,137507,137510,3,5
137502,137507,137509,2,5
137502,137507,137509,2,5
137502,137507,137509,2,5
137502,137507,137510,3,5
137502,137505,137509,4,3
137502,137507,137510,3,5
137502,137507,137509,2,5
137502,137507,137510,3,5
137502,137507,137509,2,5
137502,137507,137509,2,5
137502,137507,137509,2,5
137502,137508,137510,2,6
137502,137506,137510,4,4
137502,137506,137510,4,4
137502,137506,137510,4,4
137502,137508,137510,2,6
137502,137508,137510,2,6
137502,137508,137510,2,6
137502,137506,137510,4,4
137502,137508,137510,2,6
137502,137508,137510,2,6
137502,137508,137510,2,6
137502,137508,137510,2,6
137502,137508,137511,3,6
137502,137507,137511,4,5
137502,137507,137510,3,5
137502,137508,137511,3,6
137502,137508,137510,2,6
137502,137508,137510,2,6
137502,137507,137511,4,5
137502,137507,137510,3,5
137502,137507,137510,3,5
137502,137508,137511,3,6
137502,137507,137510,3,5
137502,137508,137511,3,6
137502,137507,137510,3,5
137502,137508,137510,2,6
137502,137507,137510,3,5
137502,137508,137511,3,6
137502,137508,137510,2,6
137502,137508,137510,2,6
137502,137508,137510,2,6
137502,137508,137511,3,6
137502,137508,137511,3,6
137502,137508,137511,3,6
137502,137508,137511,3,6
137502,137508,137511,3,6
136698,136715,137567,852,17
137569,137569,137572,3,0
137569,137569,137572,3,0
137569,137569,137572,3,0
137569,137569,137572,3,0
137569,137569,137572,3,0
137569,137570,137572,2,1
137569,137569,137572,3,0
137569,137570,137573,3,1
137569,137569,137572,3,0
137569,137569,137572,3,0
137569,137570,137572,2,1
137569,137570,137572,2,1
137569,137570,137572,2,1
137569,137569,137573,4,0
137569,137569,137573,4,0
137569,137569,137573,4,0
137569,137569,137573,4,0
137569,137569,137573,4,0
137569,137569,137573,4,0
137569,137569,137573,4,0
137569,137569,137573,4,0
137569,137570,137573,3,1
137569,137569,137574,5,0
137569,137569,137574,5,0
137569,137569,137573,4,0
137569,137569,137573,4,0
137569,137569,137573,4,0
137569,137569,137573,4,0
137569,137569,137573,4,0
137569,137569,137573,4,0
137569,137569,137573,4,0
137569,137570,137573,3,1
137569,137569,137574,5,0
137569,137569,137573,4,0
137569,137570,137573,3,1
137569,137569,137573,4,0
137569,137569,137573,4,0
137569,137569,137573,4,0
137569,137569,137573,4,0
137569,137569,137573,4,0
137569,137570,137573,3,1
137569,137569,137574,5,0
137569,137569,137574,5,0
137569,137570,137574,4,1
137569,137570,137574,4,1
137569,137570,137575,5,1
137569,137569,137574,5,0
137569,137569,137574,5,0
137569,137569,137574,5,0
137569,137569,137575,6,0
137569,137569,137574,5,0
137569,137573,137575,2,4
137569,137569,137574,5,0
137569,137569,137574,5,0
137569,137570,137574,4,1
137569,137569,137574,5,0
137569,137569,137574,5,0
137569,137570,137574,4,1
137569,137570,137575,5,1
137569,137573,137574,1,4
137569,137569,137574,5,0
137569,137573,137575,2,4
137569,137573,137574,1,4
137569,137569,137575,6,0
137569,137569,137575,6,0
137569,137569,137575,6,0
137569,137573,137575,2,4
137569,137573,137575,2,4
137569,137573,137576,3,4
137569,137574,137576,2,5
137569,137569,137575,6,0
137569,137573,137575,2,4
137569,137574,137576,2,5
137569,137574,137576,2,5
137569,137573,137576,3,4
137569,137574,137576,2,5
137569,137573,137577,4,4
137569,137573,137576,3,4
137569,137574,137576,2,5
137569,137574,137576,2,5
137569,137574,137577,3,5
137569,137574,137577,3,5
137569,137573,137577,4,4
137569,137574,137577,3,5
137569,137574,137576,2,5
137569,137574,137577,3,5
137569,137574,137577,3,5
137569,137574,137577,3,5
137569,137574,137577,3,5
137569,137574,137577,3,5
137569,137574,137578,4,5
137569,137574,137577,3,5
137569,137574,137577,3,5
137569,137575,137578,3,6
137569,137575,137577,2,6
137569,137575,137578,3,6
137569,137575,137578,3,6
137569,137574,137577,3,5
137569,137574,137577,3,5
137569,137574,137577,3,5
137569,137574,137577,3,5
137569,137574,137578,4,5
137569,137574,137577,3,5
137569,137575,137577,2,6
137569,137574,137577,3,5
137569,137575,137578,3,6
137569,137575,137578,3,6
137569,137575,137578,3,6
137569,137574,137577,3,5
137569,137573,137577,4,4
137569,137574,137577,3,5
137569,137575,137578,3,6
137569,137575,137578,3,6
137569,137575,137578,3,6
137569,137575,137577,2,6
137569,137575,137578,3,6
137569,137574,137578,4,5
137569,137575,137578,3,6
137569,137575,137578,3,6
137569,137575,137579,4,6
136702,136715,137585,870,13
137607,137607,137609,2,0
137607,137607,137610,3,0
137607,137607,137610,3,0
137607,137607,137610,3,0
137607,137607,137610,3,0
137607,137607,137610,3,0
137607,137607,137610,3,0
137607,137607,137609,2,0
137607,137607,137610,3,0
137607,137607,137610,3,0
137607,137607,137609,2,0
137607,137607,137610,3,0
137607,137607,137610,3,0
137607,137607,137610,3,0
137607,137607,137610,3,0
137607,137607,137610,3,0
137607,137607,137610,3,0
137607,137607,137610,3,0
137607,137607,137611,4,0
137607,137607,137611,4,0
137607,137607,137610,3,0
137607,137607,137610,3,0
137607,137607,137611,4,0
137607,137607,137611,4,0
137607,137607,137611,4,0
137607,137607,137611,4,0
137607,137607,137611,4,0
137607,137607,137611,4,0
137607,137607,137610,3,0
137607,137607,137611,4,0
137607,137607,137610,3,0
137607,137607,137611,4,0
136741,136748,137611,863,7
137607,137607,137610,3,0
137607,137607,137610,3,0
137607,137607,137610,3,0
137607,137607,137610,3,0
137607,137607,137611,4,0
137607,137607,137610,3,0
137607,137607,137611,4,0
137607,137607,137611,4,0
137607,137607,137611,4,0
137607,137607,137611,4,0
137607,137607,137611,4,0
137607,137607,137611,4,0
137607,137607,137611,4,0
137607,137607,137611,4,0
137607,137607,137611,4,0
137607,137607,137610,3,0
137607,137607,137611,4,0
137607,137607,137611,4,0
137607,137607,137611,4,0
137607,137607,137612,5,0
137607,137607,137612,5,0
137607,137607,137612,5,0
137607,137607,137612,5,0
137607,137610,137612,2,3
137607,137609,137612,3,2
137607,137607,137612,5,0
137607,137607,137612,5,0
137607,137607,137612,5,0
137607,137610,137612,2,3
137607,137607,137612,5,0
137607,137607,137612,5,0
137607,137607,137612,5,0
137607,137607,137612,5,0
137607,137607,137612,5,0
137607,137607,137612,5,0
137607,137610,137612,2,3
137607,137610,137613,3,3
137607,137610,137613,3,3
137607,137610,137613,3,3
137607,137610,137613,3,3
137607,137610,137613,3,3
137607,137610,137613,3,3
137607,137612,137613,1,5
137607,137610,137613,3,3
137607,137610,137613,3,3
137607,137611,137614,3,4
137607,137611,137614,3,4
137607,137612,137614,2,5
137607,137612,137614,2,5
137607,137612,137614,2,5
137607,137610,137614,4,3
137607,137610,137615,5,3
137607,137612,137614,2,5
137607,137612,137614,2,5
137607,137610,137614,4,3
137607,137612,137615,3,5
137607,137612,137614,2,5
137607,137610,137614,4,3
137607,137612,137614,2,5
137607,137612,137615,3,5
137607,137612,137614,2,5
137607,137610,137614,4,3
137607,137612,137614,2,5
137607,137612,137615,3,5
137607,137612,137615,3,5
137607,137611,137615,4,4
137607,137612,137615,3,5
137607,137612,137615,3,5
137607,137612,137615,3,5
137607,137611,137615,4,4
137607,137612,137615,3,5
137607,137613,137615,2,6
137607,137612,137615,3,5
137607,137612,137615,3,5
137607,137612,137615,3,5
137607,137612,137615,3,5
137607,137610,137615,5,3
137607,137612,137615,3,5
137607,137612,137615,3,5
137607,137612,137615,3,5
137612,137613,137615,2,1
137607,137612,137615,3,5
137607,137612,137615,3,5
137607,137612,137615,3,5
137607,137612,137615,3,5
137607,137612,137615,3,5
137607,137612,137615,3,5
137607,137612,137615,3,5
137607,137612,137615,3,5
137612,137613,137616,3,1
137612,137615,137617,2,3
137612,137613,137616,3,1
137612,137613,137616,3,1
137612,137613,137617,4,1
137612,137615,137616,1,3
137612,137615,137617,2,3
137612,137615,137617,2,3
137612,137615,137616,1,3
137612,137614,137617,3,2
137612,137613,137616,3,1
137612,137613,137617,4,1
137612,137613,137616,3,1
137612,137613,137616,3,1
137612,137614,137617,3,2
137612,137613,137616,3,1
137612,137613,137617,4,1
137612,137614,137616,2,2
137612,137615,137616,1,3
137612,137613,137616,3,1
137612,137614,137616,2,2
137612,137615,137617,2,3
137612,137615,137616,1,3
137612,137614,137617,3,2
137612,137616,137617,1,4
137612,137614,137617,3,2
137612,137615,137617,2,3
137612,137615,137617,2,3
137612,137616,137618,2,4
137612,137616,137618,2,4
137612,137616,137618,2,4
137612,137614,137617,3,2
137612,137614,137617,3,2
137612,137614,137618,4,2
137612,137614,137617,3,2
137612,137616,137618,2,4
137612,137613,137617,4,1
137612,137614,137618,4,2
137612,137616,137618,2,4
137612,137616,137618,2,4
137612,137616,137619,3,4
137612,137615,137618,3,3
137612,137615,137618,3,3
137612,137616,137619,3,4
137612,137616,137619,3,4
137612,137616,137619,3,4
137612,137615,137618,3,3
137612,137616,137618,2,4
137612,137616,137618,2,4
137612,137615,137619,4,3
137612,137615,137619,4,3
137612,137615,137618,3,3
137612,137616,137619,3,4
137612,137616,137619,3,4
137612,137616,137619,3,4
137612,137616,137619,3,4
137612,137615,137618,3,3
137612,137616,137618,2,4
137612,137616,137619,3,4
137612,137616,137619,3,4
137612,137617,137620,3,5
137612,137617,137620,3,5
137612,137617,137620,3,5
137612,137617,137620,3,5
137612,137616,137619,3,4
137612,137617,137620,3,5
137612,137615,137619,4,3
137612,137616,137620,4,4
137612,137616,137620,4,4
137612,137618,137620,2,6
137612,137616,137619,3,4
137612,137617,137620,3,5
137612,137617,137620,3,5
137612,137618,137620,2,6
137612,137618,137620,2,6
137612,137618,137620,2,6
137612,137618,137620,2,6
137612,137618,137621,3,6
137612,137618,137620,2,6
137612,137618,137621,3,6
137612,137618,137621,3,6
137612,137617,137620,3,5
137612,137617,137620,3,5
137612,137617,137620,3,5
137612,137618,137621,3,6
137612,137618,137620,2,6
137612,137617,137620,3,5
137612,137617,137621,4,5
137612,137617,137621,4,5
137612,137617,137620,3,5
137612,137617,137620,3,5
137612,137617,137620,3,5
137612,137616,137620,4,4
137612,137617,137620,3,5
137612,137617,137620,3,5
137612,137617,137621,4,5
137612,137617,137621,4,5
137612,137617,137620,3,5
137612,137619,137621,2,7
137612,137619,137622,3,7
137612,137617,137621,4,5
137612,137618,137621,3,6
137612,137618,137621,3,6
137612,137619,137622,3,7
137612,137618,137622,4,6
137612,137619,137621,2,7
137612,137619,137621,2,7
137612,137619,137621,2,7
137612,137619,137622,3,7
137612,137619,137622,3,7
137612,137619,137622,3,7
137612,137619,137621,2,7
137612,137619,137622,3,7
137612,137619,137622,3,7
137612,137619,137622,3,7
137612,137619,137621,2,7
137612,137619,137623,4,7
137612,137619,137622,3,7
137612,137619,137623,4,7
136787,136795,137657,862,8
137658,137659,137661,2,1
137658,137659,137661,2,1
137658,137659,137662,3,1
137658,137659,137662,3,1
137658,137659,137662,3,1
137658,137659,137661,2,1
137658,137659,137661,2,1
137658,137659,137662,3,1
137658,137659,137662,3,1
137658,137659,137662,3,1
137658,137659,137661,2,1
137658,137659,137662,3,1
137658,137659,137662,3,1
137658,137659,137663,4,1
137658,137659,137662,3,1
137658,137659,137663,4,1
137658,137659,137663,4,1
137658,137659,137663,4,1
137658,137659,137663,4,1
137658,137659,137663,4,1
137658,137659,137662,3,1
137658,137659,137663,4,1
137658,137659,137662,3,1
137658,137659,137663,4,1
137658,137659,137663,4,1
137658,137659,137663,4,1
137658,137659,137663,4,1
137658,137659,137663,4,1
137658,137659,137662,3,1
137658,137659,137663,4,1
137658,137659,137663,4,1
137658,137659,137663,4,1
137658,137659,137663,4,1
137658,137659,137663,4,1
137658,137659,137663,4,1
137658,137659,137663,4,1
137658,137659,137662,3,1
137658,137659,137663,4,1
137658,137659,137663,4,1
137658,137659,137663,4,1
137658,137659,137664,5,1
137658,137659,137664,5,1
137658,137659,137664,5,1
137658,137659,137663,4,1
137658,137659,137664,5,1
137658,137659,137663,4,1
137658,137659,137663,4,1
137658,137659,137664,5,1
137658,137659,137664,5,1
137658,137659,137664,5,1
137658,137659,137664,5,1
137658,137659,137664,5,1
137658,137659,137664,5,1
137658,137659,137664,5,1
137658,137659,137663,4,1
137658,137659,137663,4,1
137658,137659,137664,5,1
137658,137659,137664,5,1
137658,137659,137663,4,1
137658,137659,137664,5,1
137658,137659,137664,5,1
137658,137659,137664,5,1
137658,137659,137664,5,1
137658,137663,137665,2,5
137658,137661,137664,3,3
137658,137662,137665,3,4
137658,137662,137665,3,4
137658,137659,137665,6,1
137658,137659,137664,5,1
137658,137659,137665,6,1
137658,137662,137665,3,4
137658,137662,137665,3,4
137658,137662,137666,4,4
137658,137662,137666,4,4
137658,137663,137666,3,5
137658,137661,137666,5,3
137658,137662,137665,3,4
137658,137662,137666,4,4
137658,137663,137666,3,5
137658,137663,137666,3,5
137658,137662,137666,4,4
137658,137663,137666,3,5
137658,137663,137666,3,5
137658,137663,137666,3,5
137658,137663,137667,4,5
137658,137663,137667,4,5
137658,137664,137667,3,6
137658,137663,137667,4,5
137658,137663,137667,4,5
137658,137663,137667,4,5
137658,137664,137667,3,6
137658,137664,137667,3,6
137658,137664,137667,3,6
137658,137663,137667,4,5
137658,137663,137666,3,5
137658,137663,137666,3,5
137658,137664,137666,2,6
137658,137662,137667,5,4
137658,137663,137666,3,5
137658,137664,137667,3,6
137658,137664,137667,3,6
137658,137663,137666,3,5
137658,137663,137666,3,5
137658,137663,137667,4,5
137658,137663,137667,4,5
137658,137664,137667,3,6
137658,137662,137666,4,4
137658,137663,137667,4,5
137658,137663,137667,4,5
137658,137663,137667,4,5
137658,137663,137667,4,5
137658,137664,137667,3,6
137658,137663,137667,4,5
137658,137663,137667,4,5
137658,137664,137667,3,6
137658,137664,137668,4,6
137658,137664,137668,4,6
137658,137664,137668,4,6
137658,137664,137668,4,6
137658,137664,137668,4,6
136835,136843,137698,855,8
137702,137703,137705,2,1
137702,137703,137705,2,1
137702,137703,137705,2,1
137702,137703,137705,2,1
137702,137703,137705,2,1
137702,137703,137706,3,1
137702,137703,137706,3,1
137702,137703,137705,2,1
137702,137703,137705,2,1
137702,137703,137705,2,1
137702,137703,137705,2,1
137702,137703,137706,3,1
137702,137703,137707,4,1
137702,137703,137707,4,1
137702,137703,137707,4,1
137702,137703,137707,4,1
137702,137703,137707,4,1
137702,137703,137706,3,1
137702,137703,137706,3,1
137702,137703,137707,4,1
137702,137703,137706,3,1
137702,137703,137707,4,1
137702,137703,137707,4,1
137702,137703,137707,4,1
137702,137703,137707,4,1
137702,137703,137706,3,1
137702,137703,137707,4,1
137702,137703,137707,4,1
137702,137703,137706,3,1
137702,137703,137707,4,1
137702,137703,137707,4,1
137702,137703,137707,4,1
137702,137703,137707,4,1
137702,137703,137707,4,1
137702,137703,137707,4,1
137702,137703,137707,4,1
137702,137703,137708,5,1
137702,137703,137707,4,1
137702,137703,137707,4,1
137702,137703,137707,4,1
137702,137703,137708,5,1
137702,137703,137707,4,1
137702,137703,137708,5,1
137702,137703,137708,5,1
137702,137703,137708,5,1
137702,137703,137708,5,1
137702,137703,137707,4,1
137702,137703,137708,5,1
137702,137703,137707,4,1
137702,137703,137708,5,1
137702,137703,137708,5,1
137702,137703,137707,4,1
137702,137703,137707,4,1
137702,137703,137707,4,1
137702,137703,137708,5,1
137702,137703,137708,5,1
137702,137703,137708,5,1
137702,137703,137708,5,1
137702,137703,137708,5,1
137702,137703,137707,4,1
137702,137703,137708,5,1
137702,137703,137707,4,1
137702,137703,137707,4,1
137702,137703,137708,5,1
137702,137705,137708,3,3
137702,137703,137708,5,1
137702,137706,137709,3,4
137702,137706,137709,3,4
137702,137706,137709,3,4
137702,137703,137708,5,1
137702,137705,137709,4,3
137702,137706,137709,3,4
137702,137705,137709,4,3
137702,137703,137708,5,1
137702,137707,137710,3,5
137702,137706,137710,4,4
137702,137706,137710,4,4
137702,137707,137710,3,5
137702,137707,137710,3,5
137702,137707,137710,3,5
137702,137706,137709,3,4
137702,137707,137710,3,5
137702,137707,137710,3,5
137702,137708,137710,2,6
137702,137706,137710,4,4
137702,137707,137710,3,5
137702,137708,137710,2,6
137702,137706,137710,4,4
137702,137707,137710,3,5
137702,137707,137710,3,5
137702,137708,137710,2,6
137702,137708,137711,3,6
137702,137708,137711,3,6
137702,137707,137711,4,5
137702,137707,137711,4,5
137702,137707,137711,4,5
137702,137707,137711,4,5
137702,137708,137710,2,6
137702,137707,137711,4,5
137702,137708,137711,3,6
137702,137707,137711,4,5
137702,137707,137711,4,5
137702,137707,137710,3,5
137702,137707,137711,4,5
137702,137708,137711,3,6
137702,137707,137711,4,5
137702,137708,137711,3,6
137702,137708,137711,3,6
137702,137708,137711,3,6
137702,137707,137711,4,5
137702,137707,137711,4,5
137702,137708,137711,3,6
137702,137708,137712,4,6
137702,137708,137712,4,6
137702,137708,137712,4,6
137702,137708,137711,3,6
137702,137708,137712,4,6
137702,137708,137712,4,6
137702,137708,137712,4,6
137702,137708,137712,4,6
136895,136903,137732,829,8
136845,136854,137733,879,9
137741,137742,137743,1,1
137741,137742,137743,1,1
137741,137742,137744,2,1
137741,137742,137744,2,1
137741,137742,137745,3,1
137741,137742,137744,2,1
137741,137742,137744,2,1
137741,137742,137744,2,1
137741,137742,137745,3,1
137741,137742,137744,2,1
137741,137742,137744,2,1
137741,137742,137745,3,1
137741,137742,137746,4,1
137741,137742,137745,3,1
137741,137742,137745,3,1
137741,137742,137746,4,1
137741,137742,137745,3,1
137741,137742,137745,3,1
137741,137742,137746,4,1
137741,137742,137745,3,1
137741,137742,137745,3,1
137741,137742,137746,4,1
137741,137742,137745,3,1
137741,137742,137746,4,1
137741,137742,137745,3,1
137741,137742,137745,3,1
137741,137742,137746,4,1
137741,137742,137746,4,1
137741,137742,137746,4,1
137741,137742,137746,4,1
137741,137742,137746,4,1
137741,137742,137745,3,1
137741,137742,137745,3,1
137741,137742,137745,3,1
137741,137742,137745,3,1
137741,137742,137745,3,1
137741,137742,137746,4,1
137741,137742,137746,4,1
137741,137742,137746,4,1
137741,137742,137746,4,1
137741,137742,137746,4,1
137741,137742,137746,4,1
137741,137742,137746,4,1
137741,137742,137746,4,1
137741,137742,137746,4,1
137741,137742,137746,4,1
137741,137742,137746,4,1
137741,137742,137746,4,1
137741,137742,137746,4,1
137741,137742,137747,5,1
137741,137742,137746,4,1
137741,137742,137746,4,1
137741,137742,137746,4,1
137741,137742,137747,5,1
137741,137742,137746,4,1
137741,137742,137746,4,1
137741,137742,137746,4,1
137741,137742,137746,4,1
137741,137742,137746,4,1
137741,137742,137746,4,1
137741,137742,137746,4,1
137741,137742,137747,5,1
137741,137742,137747,5,1
137741,137744,137747,3,3
137741,137742,137746,4,1
137741,137742,137746,4,1
137741,137742,137746,4,1
137741,137742,137747,5,1
137741,137742,137747,5,1
137741,137744,137748,4,3
137741,137745,137748,3,4
137741,137745,137747,2,4
137741,137745,137748,3,4
137741,137742,137747,5,1
137741,137745,137748,3,4
137741,137745,137747,2,4
137741,137745,137748,3,4
137741,137746,137748,2,5
137741,137745,137748,3,4
137741,137746,137749,3,5
137741,137745,137749,4,4
137741,137746,137749,3,5
137741,137746,137749,3,5
137741,137746,137749,3,5
137741,137746,137749,3,5
137741,137746,137749,3,5
137741,137746,137749,3,5
137741,137746,137749,3,5
137741,137746,137749,3,5
137741,137746,137749,3,5
137741,137745,137749,4,4
137741,137747,137749,2,6
137741,137747,137750,3,6
137741,137746,137749,3,5
137741,137746,137750,4,5
137741,137746,137749,3,5
137741,137746,137749,3,5
137741,137747,137750,3,6
137741,137746,137750,4,5
137741,137746,137750,4,5
137741,137746,137749,3,5
137741,137747,137750,3,6
137741,137747,137750,3,6
137741,137747,137749,2,6
137741,137746,137750,4,5
137741,137747,137750,3,6
137741,137747,137749,2,6
137741,137746,137750,4,5
137741,137747,137750,3,6
137741,137747,137750,3,6
137741,137746,137750,4,5
137741,137746,137750,4,5
137741,137746,137750,4,5
137741,137746,137749,3,5
137741,137747,137749,2,6
137741,137746,137750,4,5
137741,137746,137750,4,5
137741,137747,137750,3,6
137741,137747,137751,4,6
137741,137747,137751,4,6
137741,137747,137751,4,6
137741,137747,137751,4,6
137741,137749,137751,2,8
137741,137747,137751,4,6
137741,137747,137751,4,6
137741,137747,137751,4,6
137741,137748,137751,3,7
137741,137747,137751,4,6
137741,137747,137751,4,6
137741,137747,137751,4,6
137741,137747,137751,4,6
137741,137747,137751,4,6
137741,137747,137751,4,6
137741,137748,137751,3,7
137741,137749,137752,3,8
137741,137750,137752,2,9
137741,137749,137752,3,8
137741,137750,137752,2,9
137741,137750,137752,2,9
137741,137750,137752,2,9
137741,137748,137752,4,7
137741,137748,137752,4,7
137741,137748,137752,4,7
137741,137747,137751,4,6
137741,137747,137752,5,6
137741,137747,137751,4,6
137741,137749,137752,3,8
137741,137747,137752,5,6
137741,137748,137752,4,7
137741,137747,137752,5,6
137741,137747,137752,5,6
137741,137747,137752,5,6
137741,137748,137752,4,7
137741,137750,137753,3,9
137741,137750,137753,3,9
137741,137750,137753,3,9
137741,137750,137753,3,9
137741,137749,137753,4,8
137741,137749,137753,4,8
137741,137750,137753,3,9
137741,137750,137753,3,9
137741,137749,137753,4,8
137741,137750,137753,3,9
137741,137749,137753,4,8
137741,137749,137753,4,8
137741,137749,137753,4,8
137741,137749,137753,4,8
137741,137750,137754,4,9
137741,137749,137754,5,8
137741,137750,137754,4,9
137741,137750,137754,4,9
137741,137752,137754,2,11
137741,137750,137754,4,9
137741,137750,137754,4,9
137741,137751,137754,3,10
137741,137753,137754,1,12
137741,137749,137754,5,8
137741,137749,137754,5,8
137741,137750,137754,4,9
137741,137750,137754,4,9
137741,137750,137754,4,9
137741,137752,137754,2,11
137741,137752,137754,2,11
137741,137753,137754,1,12
137741,137750,137754,4,9
137741,137750,137754,4,9
137741,137752,137755,3,11
137741,137752,137754,2,11
137741,137750,137754,4,9
137741,137750,137755,5,9
137741,137751,137754,3,10
137741,137750,137754,4,9
137741,137750,137754,4,9
137741,137751,137754,3,10
137741,137753,137754,1,12
137741,137753,137754,1,12
137741,137750,137755,5,9
137741,137751,137754,3,10
137741,137752,137755,3,11
137741,137751,137755,4,10
137741,137751,137755,4,10
137741,137751,137755,4,10
137741,137752,137755,3,11
137741,137752,137755,3,11
137741,137754,137755,1,13
137741,137750,137755,5,9
137741,137752,137755,3,11
137741,137751,137755,4,10
137741,137753,137755,2,12
137741,137752,137755,3,11
137741,137753,137755,2,12
137741,137751,137755,4,10
137741,137751,137755,4,10
137741,137752,137756,4,11
137741,137753,137755,2,12
137741,137754,137756,2,13
137741,137752,137755,3,11
137741,137752,137756,4,11
137741,137752,137756,4,11
137741,137752,137756,4,11
137741,137753,137756,3,12
137741,137754,137756,2,13
137741,137754,137756,2,13
137741,137752,137756,4,11
137741,137753,137756,3,12
137741,137753,137756,3,12
137741,137754,137756,2,13
137741,137753,137757,4,12
137741,137753,137756,3,12
137741,137754,137756,2,13
137741,137753,137757,4,12
137741,137754,137756,2,13
137741,137754,137756,2,13
137741,137754,137756,2,13
137741,137754,137756,2,13
137741,137754,137757,3,13
137741,137755,137757,2,14
137741,137755,137757,2,14
137741,137754,137757,3,13
137741,137755,137757,2,14
136945,136960,137794,834,15
137794,137795,137798,3,1
137794,137795,137798,3,1
137794,137795,137798,3,1
137794,137795,137798,3,1
137794,137795,137798,3,1
137794,137795,137798,3,1
137794,137795,137798,3,1
137794,137795,137799,4,1
137794,137795,137799,4,1
137794,137795,137798,3,1
137794,137795,137798,3,1
137794,137795,137799,4,1
137794,137795,137799,4,1
137794,137795,137799,4,1
137794,137795,137798,3,1
137794,137795,137799,4,1
137794,137795,137799,4,1
137794,137795,137798,3,1
137794,137795,137798,3,1
137794,137795,137799,4,1
137794,137795,137799,4,1
137794,137795,137799,4,1
137794,137795,137799,4,1
137794,137795,137799,4,1
137794,137795,137799,4,1
137794,137795,137799,4,1
137794,137795,137798,3,1
137794,137795,137798,3,1
137794,137795,137799,4,1
137794,137795,137798,3,1
137794,137795,137798,3,1
137794,137795,137798,3,1
137794,137795,137799,4,1
137794,137795,137798,3,1
137794,137795,137799,4,1
137794,137795,137799,4,1
137794,137795,137800,5,1
137794,137795,137799,4,1
137794,137795,137799,4,1
137794,137795,137799,4,1
137794,137795,137799,4,1
137794,137795,137799,4,1
137794,137795,137799,4,1
137794,137795,137799,4,1
137794,137795,137799,4,1
137794,137795,137799,4,1
137794,137795,137799,4,1
137794,137795,137800,5,1
137794,137795,137800,5,1
137794,137795,137799,4,1
137794,137795,137799,4,1
137794,137795,137799,4,1
137794,137795,137799,4,1
137794,137795,137799,4,1
137794,137795,137800,5,1
137794,137795,137799,4,1
137794,137795,137799,4,1
137794,137795,137800,5,1
137794,137795,137799,4,1
137794,137795,137799,4,1
137794,137795,137799,4,1
137794,137795,137799,4,1
137794,137795,137799,4,1
137794,137798,137800,2,4
137794,137795,137799,4,1
137794,137795,137799,4,1
137794,137795,137800,5,1
137794,137795,137799,4,1
137794,137795,137799,4,1
137794,137798,137800,2,4
137794,137799,137801,2,5
137794,137795,137800,5,1
137794,137795,137800,5,1
137794,137798,137801,3,4
137794,137799,137801,2,5
137794,137798,137801,3,4
137794,137799,137801,2,5
137794,137799,137802,3,5
137794,137799,137801,2,5
137794,137799,137802,3,5
137794,137799,137802,3,5
137794,137799,137802,3,5
137794,137799,137802,3,5
137794,137799,137801,2,5
137794,137799,137802,3,5
137794,137799,137802,3,5
137794,137799,137802,3,5
137794,137799,137802,3,5
137794,137799,137802,3,5
137794,137799,137802,3,5
137794,137799,137802,3,5
137794,137799,137802,3,5
137794,137799,137802,3,5
137794,137799,137802,3,5
137794,137799,137802,3,5
137794,137799,137801,2,5
137794,137799,137802,3,5
137794,137799,137802,3,5
137794,137799,137803,4,5
137794,137800,137803,3,6
137794,137800,137803,3,6
137794,137800,137803,3,6
137794,137800,137803,3,6
137794,137800,137803,3,6
137794,137800,137802,2,6
137794,137800,137803,3,6
137794,137800,137803,3,6
137794,137800,137803,3,6
137794,137799,137803,4,5
137794,137799,137803,4,5
137794,137799,137803,4,5
137794,137799,137803,4,5
137794,137799,137803,4,5
137794,137799,137803,4,5
137794,137800,137803,3,6
137794,137800,137803,3,6
137794,137800,137803,3,6
137794,137800,137803,3,6
137794,137800,137803,3,6
137794,137800,137805,5,6
136931,136949,137805,856,18
137012,137030,137806,776,18
136948,136960,137810,850,12
136883,136890,137817,927,7
137001,137020,137817,797,19
137836,137837,137839,2,1
137836,137837,137839,2,1
137836,137837,137840,3,1
137836,137837,137839,2,1
137836,137837,137839,2,1
137836,137837,137840,3,1
137836,137837,137839,2,1
137836,137837,137839,2,1
137836,137837,137840,3,1
137836,137837,137840,3,1
137836,137837,137841,4,1
137836,137837,137840,3,1
137836,137837,137841,4,1
137836,137837,137841,4,1
137836,137837,137840,3,1
137836,137837,137841,4,1
137836,137837,137841,4,1
137836,137837,137841,4,1
137836,137837,137841,4,1
137836,137837,137841,4,1
137836,137837,137841,4,1
137836,137837,137841,4,1
137836,137837,137841,4,1
137836,137837,137841,4,1
137836,137837,137841,4,1
137836,137837,137841,4,1
137836,137837,137840,3,1
137836,137837,137841,4,1
137836,137837,137840,3,1
137836,137837,137841,4,1
137836,137837,137840,3,1
137836,137837,137841,4,1
137836,137837,137841,4,1
137836,137837,137841,4,1
137836,137837,137841,4,1
137836,137837,137841,4,1
137836,137837,137841,4,1
137836,137837,137841,4,1
137836,137837,137841,4,1
137836,137837,137841,4,1
137836,137837,137841,4,1
137836,137837,137841,4,1
137836,137837,137841,4,1
137836,137837,137841,4,1
137836,137838,137841,3,2
137836,137837,137841,4,1
137836,137837,137842,5,1
137836,137837,137841,4,1
137836,137837,137841,4,1
137836,137837,137841,4,1
137836,137837,137842,5,1
137836,137837,137841,4,1
137836,137837,137842,5,1
137836,137837,137842,5,1
137836,137837,137842,5,1
137836,137837,137841,4,1
137836,137837,137841,4,1
137836,137837,137842,5,1
137836,137837,137842,5,1
137836,137837,137842,5,1
137836,137837,137841,4,1
137836,137837,137841,4,1
137836,137837,137842,5,1
137836,137837,137841,4,1
137836,137837,137841,4,1
137836,137837,137842,5,1
137836,137838,137842,4,2
137836,137837,137842,5,1
137836,137837,137842,5,1
137836,137837,137842,5,1
137836,137838,137842,4,2
137836,137840,137843,3,4
137836,137838,137842,4,2
137836,137838,137842,4,2
137836,137840,137843,3,4
137836,137837,137843,6,1
137836,137837,137842,5,1
137836,137839,137842,3,3
137836,137840,137843,3,4
137836,137839,137842,3,3
137836,137841,137843,2,5
137836,137840,137843,3,4
137836,137840,137843,3,4
137836,137841,137843,2,5
137836,137841,137843,2,5
137836,137842,137844,2,6
137836,137842,137844,2,6
137836,137842,137843,1,6
137836,137840,137844,4,4
137836,137841,137843,2,5
137836,137841,137844,3,5
137836,137841,137844,3,5
137836,137841,137844,3,5
137836,137841,137844,3,5
137836,137841,137844,3,5
137836,137840,137844,4,4
137836,137841,137844,3,5
137836,137841,137844,3,5
137836,137841,137844,3,5
137836,137841,137843,2,5
137836,137841,137844,3,5
137836,137840,137844,4,4
137836,137841,137844,3,5
137836,137841,137844,3,5
137836,137842,137844,2,6
137836,137842,137844,2,6
137836,137842,137844,2,6
137836,137841,137845,4,5
137836,137842,137844,2,6
137836,137842,137845,3,6
137836,137842,137845,3,6
137837,137842,137845,3,5
137836,137841,137845,4,5
137836,137841,137845,4,5
137836,137841,137845,4,5
137836,137841,137845,4,5
137836,137841,137845,4,5
137837,137842,137845,3,5
137836,137841,137845,4,5
137836,137841,137845,4,5
137836,137841,137845,4,5
137836,137841,137845,4,5
137837,137842,137845,3,5
137837,137842,137845,3,5
137837,137842,137845,3,5
137837,137843,137845,2,6
137837,137843,137845,2,6
137837,137843,137845,2,6
137837,137842,137846,4,5
137837,137842,137846,4,5
137837,137842,137846,4,5
137837,137842,137846,4,5
137837,137842,137846,4,5
137837,137842,137846,4,5
137837,137842,137846,4,5
137837,137842,137846,4,5
137837,137842,137846,4,5
137837,137843,137846,3,6
137837,137845,137847,2,8
137837,137842,137846,4,5
137837,137842,137846,4,5
137837,137843,137846,3,6
137837,137842,137846,4,5
137837,137842,137846,4,5
137837,137842,137846,4,5
137837,137845,137847,2,8
137837,137842,137847,5,5
137837,137845,137847,2,8
137837,137843,137847,4,6
137837,137843,137847,4,6
137837,137843,137847,4,6
137837,137844,137847,3,7
137837,137843,137847,4,6
137837,137843,137847,4,6
137837,137843,137847,4,6
137837,137843,137847,4,6
137837,137843,137847,4,6
137837,137844,137847,3,7
137837,137843,137847,4,6
137837,137844,137847,3,7
137837,137844,137847,3,7
137837,137846,137848,2,9
137837,137845,137847,2,8
137837,137845,137847,2,8
137837,137844,137847,3,7
136956,136971,137847,876,15
137837,137844,137847,3,7
137837,137844,137847,3,7
137837,137845,137848,3,8
137837,137845,137848,3,8
137837,137843,137847,4,6
137837,137843,137848,5,6
137837,137844,137847,3,7
137837,137843,137848,5,6
137837,137844,137848,4,7
137837,137845,137848,3,8
137837,137845,137848,3,8
137837,137845,137848,3,8
137837,137844,137848,4,7
137837,137845,137848,3,8
137837,137844,137848,4,7
137837,137845,137848,3,8
137837,137845,137848,3,8
137837,137845,137849,4,8
137837,137845,137848,3,8
137837,137846,137848,2,9
137837,137847,137849,2,10
137837,137845,137848,3,8
137837,137846,137848,2,9
137837,137846,137848,2,9
137837,137847,137849,2,10
137837,137846,137848,2,9
137837,137846,137848,2,9
137837,137847,137848,1,10
137837,137845,137848,3,8
137837,137845,137848,3,8
137837,137846,137848,2,9
137837,137846,137849,3,9
137837,137846,137848,2,9
137837,137846,137848,2,9
137837,137846,137848,2,9
137837,137847,137849,2,10
137837,137844,137848,4,7
137837,137847,137849,2,10
137837,137844,137849,5,7
137837,137846,137849,3,9
137837,137848,137850,2,11
137837,137847,137849,2,10
137837,137847,137849,2,10
137837,137847,137850,3,10
137837,137847,137849,2,10
137837,137846,137849,3,9
137837,137846,137849,3,9
137837,137847,137850,3,10
137837,137847,137849,2,10
137837,137847,137850,3,10
137837,137847,137850,3,10
137837,137847,137849,2,10
137837,137846,137849,3,9
137837,137847,137849,2,10
137837,137847,137850,3,10
137837,137847,137850,3,10
137837,137847,137849,2,10
137837,137845,137849,4,8
137837,137847,137850,3,10
137837,137846,137850,4,9
137837,137848,137850,2,11
137837,137848,137850,2,11
137837,137848,137850,2,11
137837,137848,137850,2,11
137837,137847,137850,3,10
137837,137848,137850,2,11
137837,137848,137850,2,11
137837,137848,137850,2,11
137837,137847,137851,4,10
137837,137847,137850,3,10
137837,137848,137850,2,11
137837,137847,137851,4,10
137837,137848,137850,2,11
137837,137848,137850,2,11
137837,137848,137850,2,11
137837,137849,137851,2,12
137837,137849,137850,1,12
137837,137849,137851,2,12
137837,137849,137852,3,12
137837,137849,137851,2,12
137837,137849,137852,3,12
137837,137848,137852,4,11
137837,137848,137852,4,11
137837,137848,137852,4,11
137837,137848,137852,4,11
137837,137848,137852,4,11
137837,137848,137851,3,11
137837,137848,137852,4,11
137837,137849,137852,3,12
137837,137848,137852,4,11
137837,137848,137852,4,11
137837,137848,137852,4,11
137837,137848,137852,4,11
137837,137848,137852,4,11
137837,137849,137852,3,12
137837,137849,137852,3,12
137837,137849,137852,3,12
137837,137849,137852,3,12
137837,137850,137852,2,13
137837,137850,137853,3,13
137837,137850,137852,2,13
137837,137849,137852,3,12
137837,137849,137852,3,12
137837,137850,137853,3,13
137837,137849,137852,3,12
137837,137849,137853,4,12
137837,137849,137853,4,12
137837,137849,137853,4,12
137837,137849,137852,3,12
137837,137849,137853,4,12
137837,137849,137852,3,12
137837,137849,137853,4,12
137837,137849,137853,4,12
137837,137849,137853,4,12
137837,137848,137852,4,11
137837,137849,137853,4,12
137837,137851,137854,3,14
137837,137850,137853,3,13
137837,137851,137854,3,14
137837,137851,137854,3,14
137837,137851,137854,3,14
137837,137851,137853,2,14
137837,137850,137853,3,13
137837,137851,137854,3,14
137837,137851,137853,2,14
137837,137850,137853,3,13
137837,137851,137853,2,14
137837,137851,137854,3,14
137837,137851,137854,3,14
137837,137849,137854,5,12
137837,137850,137854,4,13
137837,137850,137854,4,13
137837,137851,137854,3,14
137837,137849,137853,4,12
137837,137849,137854,5,12
137837,137850,137854,4,13
137837,137850,137854,4,13
137837,137850,137854,4,13
137837,137850,137853,3,13
137837,137850,137853,3,13
137837,137850,137854,4,13
137837,137851,137854,3,14
137837,137850,137854,4,13
137837,137850,137853,3,13
137837,137850,137854,4,13
137837,137851,137854,3,14
137837,137851,137854,3,14
137837,137851,137854,3,14
137837,137852,137855,3,15
137837,137852,137855,3,15
137837,137851,137854,3,14
137837,137851,137854,3,14
137837,137851,137855,4,14
137837,137851,137855,4,14
137837,137852,137855,3,15
137837,137852,137855,3,15
137837,137853,137856,3,16
137837,137851,137855,4,14
137837,137853,137855,2,16
137837,137853,137855,2,16
137837,137853,137855,2,16
137837,137853,137855,2,16
137837,137853,137856,3,16
137837,137853,137856,3,16
137837,137853,137856,3,16
137837,137852,137856,4,15
137837,137853,137856,3,16
137837,137853,137856,3,16
137837,137853,137856,3,16
137837,137853,137856,3,16
137837,137853,137856,3,16
137837,137853,137856,3,16
137837,137853,137856,3,16
137837,137853,137856,3,16
137837,137851,137856,5,14
137837,137852,137856,4,15
137837,137852,137857,5,15
137837,137852,137856,4,15
137837,137852,137856,4,15
137837,137852,137856,4,15
137837,137853,137856,3,16
137837,137853,137857,4,16
137837,137853,137856,3,16
137837,137853,137856,3,16
137837,137853,137856,3,16
137837,137853,137856,3,16
137837,137853,137856,3,16
137837,137854,137857,3,17
137837,137854,137856,2,17
137837,137853,137856,3,16
137838,137854,137857,3,16
137838,137854,137857,3,16
137837,137853,137857,4,16
137838,137854,137857,3,16
137837,137853,137857,4,16
137838,137854,137857,3,16
137838,137854,137857,3,16
137837,137852,137857,5,15
137837,137853,137857,4,16
137838,137855,137857,2,17
137838,137855,137857,2,17
137837,137854,137857,3,17
137838,137856,137858,2,18
137838,137856,137857,1,18
137838,137856,137858,2,18
137838,137856,137857,1,18
137838,137854,137857,3,16
137838,137854,137857,3,16
137838,137854,137858,4,16
137838,137854,137858,4,16
137838,137854,137857,3,16
137838,137854,137857,3,16
137838,137854,137858,4,16
137838,137854,137858,4,16
137838,137854,137858,4,16
137838,137854,137858,4,16
137838,137854,137858,4,16
137838,137854,137859,5,16
137838,137854,137858,4,16
137838,137856,137859,3,18
137838,137856,137859,3,18
137838,137856,137858,2,18
137838,137857,137859,2,19
137838,137856,137859,3,18
137838,137857,137859,2,19
137838,137854,137859,5,16
137838,137855,137859,4,17
137838,137855,137859,4,17
137838,137856,137859,3,18
137838,137854,137859,5,16
137838,137854,137859,5,16
137838,137856,137859,3,18
137838,137857,137859,2,19
137838,137854,137859,5,16
137838,137854,137859,5,16
137838,137857,137859,2,19
137838,137857,137860,3,19
137838,137855,137860,5,17
137838,137855,137859,4,17
137838,137856,137859,3,18
137838,137857,137860,3,19
137838,137857,137859,2,19
137838,137855,137859,4,17
137838,137856,137859,3,18
137838,137857,137860,3,19
137838,137855,137860,5,17
137838,137857,137859,2,19
137838,137855,137860,5,17
137838,137855,137860,5,17
137838,137856,137860,4,18
137838,137857,137859,2,19
137838,137856,137860,4,18
137838,137857,137860,3,19
137838,137857,137860,3,19
137838,137859,137860,1,21
137838,137859,137860,1,21
137838,137855,137860,5,17
137838,137858,137860,2,20
137838,137858,137861,3,20
137838,137859,137860,1,21
137838,137857,137860,3,19
137838,137857,137860,3,19
137838,137858,137860,2,20
137838,137858,137860,2,20
137838,137859,137860,1,21
137838,137859,137860,1,21
137838,137856,137860,4,18
137838,137857,137860,3,19
137838,137857,137860,3,19
137838,137858,137860,2,20
137838,137857,137861,4,19
137838,137857,137860,3,19
137838,137858,137860,2,20
137838,137858,137860,2,20
137838,137857,137860,3,19
137838,137857,137860,3,19
137838,137857,137861,4,19
137838,137857,137860,3,19
137838,137857,137860,3,19
137838,137858,137861,3,20
137838,137859,137861,2,21
137838,137857,137860,3,19
137838,137858,137860,2,20
137838,137858,137860,2,20
137838,137858,137860,2,20
137838,137858,137861,3,20
137838,137858,137861,3,20
137838,137858,137861,3,20
137838,137858,137861,3,20
137838,137859,137861,2,21
137838,137860,137862,2,22
137838,137860,137862,2,22
137838,137860,137861,1,22
137838,137859,137861,2,21
137838,137860,137861,1,22
137838,137858,137861,3,20
137838,137858,137861,3,20
137838,137858,137861,3,20
137838,137858,137861,3,20
137838,137859,137862,3,21
137838,137859,137862,3,21
137838,137859,137862,3,21
137838,137860,137862,2,22
137838,137860,137862,2,22
137838,137860,137862,2,22
137838,137860,137863,3,22
137838,137860,137863,3,22
137838,137860,137862,2,22
137838,137860,137862,2,22
137838,137860,137863,3,22
137838,137861,137863,2,23
137838,137861,137863,2,23
137838,137861,137863,2,23
137838,137859,137863,4,21
137838,137859,137863,4,21
137838,137861,137863,2,23
137838,137859,137863,4,21
137838,137860,137863,3,22
137838,137861,137864,3,23
137838,137860,137863,3,22
137838,137860,137863,3,22
137838,137860,137863,3,22
137838,137860,137864,4,22
137838,137860,137864,4,22
137838,137860,137864,4,22
137838,137861,137863,2,23
137838,137861,137864,3,23
137838,137860,137863,3,22
137838,137860,137863,3,22
137838,137861,137864,3,23
137838,137861,137864,3,23
137838,137860,137863,3,22
137838,137861,137864,3,23
137838,137861,137864,3,23
137838,137860,137864,4,22
137838,137861,137864,3,23
137838,137860,137865,5,22
137838,137860,137864,4,22
137838,137860,137864,4,22
137838,137861,137864,3,23
137838,137861,137865,4,23
137838,137861,137865,4,23
137838,137861,137864,3,23
137838,137861,137865,4,23
137838,137861,137864,3,23
137838,137861,137864,3,23
137838,137861,137865,4,23
137838,137861,137864,3,23
137838,137861,137865,4,23
137838,137861,137865,4,23
137838,137862,137865,3,24
137838,137862,137865,3,24
137838,137861,137865,4,23
137838,137861,137864,3,23
137838,137861,137864,3,23
137838,137862,137864,2,24
137838,137862,137865,3,24
137838,137862,137865,3,24
137838,137861,137865,4,23
137838,137861,137865,4,23
137838,137861,137865,4,23
137838,137861,137865,4,23
137838,137863,137866,3,25
137838,137862,137865,3,24
137838,137862,137865,3,24
137838,137862,137866,4,24
137838,137862,137865,3,24
137838,137863,137865,2,25
137838,137861,137865,4,23
137838,137862,137865,3,24
137838,137863,137866,3,25
137838,137861,137865,4,23
137838,137863,137866,3,25
137838,137863,137866,3,25
137838,137861,137866,5,23
137838,137863,137866,3,25
137838,137861,137865,4,23
137838,137861,137865,4,23
137838,137861,137865,4,23
137838,137863,137866,3,25
137838,137863,137866,3,25
137838,137863,137866,3,25
137838,137863,137866,3,25
137838,137863,137866,3,25
137838,137862,137866,4,24
137838,137863,137866,3,25
137838,137862,137866,4,24
137838,137862,137866,4,24
137838,137864,137867,3,26
137838,137864,137866,2,26
137838,137863,137867,4,25
137838,137863,137867,4,25
137838,137863,137867,4,25
137838,137864,137867,3,26
137838,137864,137867,3,26
137838,137864,137867,3,26
137838,137863,137867,4,25
137838,137864,137867,3,26
137838,137864,137867,3,26
137838,137864,137867,3,26
137838,137864,137867,3,26
137838,137865,137868,3,27
137838,137864,137867,3,26
137838,137864,137867,3,26
137838,137864,137868,4,26
137838,137865,137868,3,27
137838,137865,137868,3,27
137838,137865,137868,3,27
137838,137865,137868,3,27
137838,137865,137868,3,27
137838,137865,137868,3,27
137838,137865,137868,3,27
137838,137864,137868,4,26
137838,137864,137868,4,26
137838,137865,137868,3,27
137838,137864,137868,4,26
137838,137864,137868,4,26
137838,137865,137868,3,27
137838,137865,137868,3,27
137838,137864,137868,4,26
137838,137864,137868,4,26
137838,137864,137868,4,26
137838,137866,137868,2,28
137838,137864,137868,4,26
137838,137866,137868,2,28
137838,137865,137869,4,27
137838,137865,137869,4,27
137838,137865,137868,3,27
137838,137865,137869,4,27
137838,137865,137868,3,27
137838,137865,137868,3,27
137838,137865,137869,4,27
137838,137865,137869,4,27
137838,137865,137868,3,27
137838,137866,137869,3,28
137905,137906,137908,2,1
137905,137906,137908,2,1
137905,137906,137909,3,1
137905,137906,137909,3,1
137905,137906,137909,3,1
137905,137906,137909,3,1
137905,137906,137909,3,1
137905,137906,137909,3,1
137905,137906,137909,3,1
137905,137906,137908,2,1
137905,137906,137909,3,1
137905,137906,137909,3,1
137905,137906,137909,3,1
137905,137906,137909,3,1
137905,137906,137909,3,1
137905,137906,137909,3,1
137905,137906,137909,3,1
137905,137906,137910,4,1
137905,137906,137909,3,1
137905,137906,137910,4,1
137905,137906,137909,3,1
137905,137906,137909,3,1
137905,137906,137909,3,1
137905,137906,137910,4,1
137905,137906,137910,4,1
137905,137906,137910,4,1
137905,137906,137909,3,1
137905,137906,137910,4,1
137905,137906,137909,3,1
137905,137906,137909,3,1
137905,137906,137909,3,1
137905,137906,137909,3,1
137905,137906,137910,4,1
137905,137906,137909,3,1
137905,137906,137910,4,1
137905,137906,137910,4,1
137905,137906,137909,3,1
137905,137906,137909,3,1
137905,137906,137910,4,1
137905,137906,137910,4,1
137905,137906,137910,4,1
137905,137906,137909,3,1
137905,137906,137910,4,1
137905,137906,137910,4,1
137905,137906,137910,4,1
137905,137906,137910,4,1
137905,137906,137910,4,1
137905,137906,137910,4,1
137905,137906,137910,4,1
137905,137906,137910,4,1
137905,137906,137910,4,1
137905,137906,137909,3,1
137905,137906,137910,4,1
137905,137906,137910,4,1
137905,137906,137910,4,1
137905,137906,137911,5,1
137905,137908,137911,3,3
137905,137906,137910,4,1
137905,137906,137910,4,1
137905,137906,137910,4,1
137905,137906,137910,4,1
137905,137906,137910,4,1
137905,137906,137910,4,1
137905,137906,137911,5,1
137905,137906,137910,4,1
137905,137906,137910,4,1
137905,137906,137910,4,1
137905,137906,137910,4,1
137905,137906,137910,4,1
137905,137906,137911,5,1
137905,137906,137910,4,1
137905,137906,137911,5,1
137905,137906,137910,4,1
137905,137906,137911,5,1
137905,137909,137911,2,4
137905,137906,137910,4,1
137905,137906,137910,4,1
137905,137909,137911,2,4
137905,137909,137912,3,4
137905,137909,137912,3,4
137905,137909,137912,3,4
137905,137906,137912,6,1
137905,137909,137912,3,4
137905,137909,137912,3,4
137905,137909,137912,3,4
137905,137910,137912,2,5
137905,137910,137913,3,5
137905,137910,137913,3,5
137905,137910,137912,2,5
137905,137910,137913,3,5
137905,137910,137912,2,5
137905,137910,137912,2,5
137905,137910,137913,3,5
137905,137910,137912,2,5
137905,137910,137913,3,5
137905,137910,137913,3,5
137905,137910,137913,3,5
137905,137910,137913,3,5
137905,137910,137912,2,5
137905,137909,137913,4,4
137905,137909,137913,4,4
137905,137909,137913,4,4
137905,137910,137913,3,5
137905,137910,137912,2,5
137905,137910,137913,3,5
137905,137910,137913,3,5
137905,137910,137913,3,5
137905,137910,137913,3,5
137905,137910,137913,3,5
137905,137910,137914,4,5
137905,137910,137913,3,5
137905,137910,137913,3,5
137905,137910,137913,3,5
137905,137910,137913,3,5
137905,137910,137913,3,5
137905,137910,137913,3,5
137905,137910,137913,3,5
137905,137910,137913,3,5
137905,137910,137914,4,5
137905,137910,137914,4,5
137024,137068,137931,863,44
137109,137154,137944,790,45
137949,137950,137952,2,1
137949,137949,137951,2,0
137949,137950,137952,2,1
137949,137949,137952,3,0
137949,137949,137952,3,0
137949,137949,137952,3,0
137949,137949,137953,4,0
137949,137950,137953,3,1
137949,137949,137952,3,0
137949,137949,137952,3,0
137949,137949,137953,4,0
137949,137950,137953,3,1
137949,137950,137954,4,1
137949,137950,137953,3,1
137949,137949,137953,4,0
137949,137949,137953,4,0
137949,137950,137953,3,1
137949,137950,137953,3,1
137949,137950,137954,4,1
137949,137950,137953,3,1
137949,137949,137953,4,0
137949,137950,137954,4,1
137949,137950,137953,3,1
137949,137949,137953,4,0
137949,137950,137954,4,1
137949,137950,137953,3,1
137949,137950,137953,3,1
137949,137950,137954,4,1
137949,137950,137954,4,1
137949,137950,137954,4,1
137949,137950,137954,4,1
137949,137950,137954,4,1
137949,137950,137953,3,1
137949,137950,137954,4,1
137949,137950,137954,4,1
137949,137950,137954,4,1
137949,137950,137953,3,1
137949,137950,137954,4,1
137949,137950,137954,4,1
137949,137949,137954,5,0
137949,137949,137954,5,0
137949,137949,137954,5,0
137949,137950,137954,4,1
137949,137950,137954,4,1
137949,137949,137954,5,0
137949,137949,137954,5,0
137949,137949,137954,5,0
137949,137950,137954,4,1
137949,137950,137955,5,1
137949,137950,137954,4,1
137949,137949,137954,5,0
137949,137949,137954,5,0
137949,137950,137954,4,1
137949,137950,137955,5,1
137949,137950,137954,4,1
137949,137949,137954,5,0
137949,137950,137954,4,1
137949,137950,137954,4,1
137949,137949,137954,5,0
137949,137950,137954,4,1
137949,137950,137954,4,1
137949,137949,137954,5,0
137949,137949,137955,6,0
137949,137950,137955,5,1
137949,137950,137954,4,1
137949,137950,137955,5,1
137949,137949,137954,5,0
137949,137949,137954,5,0
137949,137949,137955,6,0
137949,137950,137954,4,1
137949,137950,137955,5,1
137949,137950,137955,5,1
137949,137950,137954,4,1
137949,137950,137954,4,1
137949,137950,137956,6,1
137949,137950,137955,5,1
137949,137950,137955,5,1
137949,137952,137955,3,3
137949,137953,137956,3,4
137949,137949,137956,7,0
137949,137953,137956,3,4
137949,137953,137956,3,4
137949,137953,137956,3,4
137949,137953,137956,3,4
137949,137954,137957,3,5
137949,137954,137956,2,5
137949,137954,137957,3,5
137949,137954,137957,3,5
137949,137954,137957,3,5
137949,137954,137956,2,5
137949,137954,137957,3,5
137949,137952,137956,4,3
137949,137953,137956,3,4
137949,137953,137957,4,4
137949,137954,137957,3,5
137949,137954,137957,3,5
137949,137954,137957,3,5
137949,137953,137957,4,4
137949,137954,137957,3,5
137949,137954,137957,3,5
137949,137954,137957,3,5
137950,137955,137957,2,5
137949,137954,137957,3,5
137949,137955,137957,2,6
137950,137956,137957,1,6
137949,137953,137957,4,4
137949,137954,137957,3,5
137949,137954,137957,3,5
137949,137954,137957,3,5
137950,137955,137957,2,5
137950,137955,137958,3,5
137950,137956,137957,1,6
137949,137953,137957,4,4
137950,137955,137958,3,5
137950,137956,137957,1,6
137949,137954,137958,4,5
137950,137955,137957,2,5
137949,137954,137958,4,5
137949,137954,137958,4,5
137950,137955,137957,2,5
137950,137955,137958,3,5
137949,137954,137958,4,5
137949,137954,137958,4,5
137949,137954,137958,4,5
137950,137956,137958,2,6
137949,137954,137958,4,5
137949,137954,137957,3,5
137949,137954,137957,3,5
137950,137955,137958,3,5
137949,137954,137958,4,5
137950,137955,137958,3,5
137950,137955,137958,3,5
137949,137955,137958,3,6
137949,137955,137958,3,6
137950,137955,137959,4,5
137950,137955,137958,3,5
137950,137955,137959,4,5
137950,137955,137959,4,5
137950,137955,137959,4,5
137950,137956,137958,2,6
137950,137955,137959,4,5
137950,137955,137959,4,5
137950,137955,137959,4,5
137950,137955,137959,4,5
137950,137955,137959,4,5
137950,137955,137958,3,5
137950,137955,137959,4,5
137950,137955,137959,4,5
137950,137955,137959,4,5
137950,137955,137959,4,5
137950,137955,137959,4,5
137950,137955,137959,4,5
137950,137955,137960,5,5
137950,137955,137959,4,5
137950,137955,137960,5,5
137950,137955,137960,5,5
137950,137955,137961,6,5
137950,137956,137960,4,6
137950,137957,137960,3,7
137950,137956,137961,5,6
137950,137956,137960,4,6
137950,137957,137960,3,7
137950,137958,137960,2,8
137950,137958,137960,2,8
137950,137957,137961,4,7
137950,137957,137961,4,7
137950,137957,137961,4,7
137950,137957,137960,3,7
137950,137957,137961,4,7
137950,137958,137961,3,8
137950,137958,137961,3,8
137950,137958,137961,3,8
137950,137958,137961,3,8
137950,137957,137960,3,7
137950,137957,137961,4,7
137950,137957,137961,4,7
137950,137959,137961,2,9
137950,137956,137961,5,6
137950,137957,137961,4,7
137950,137957,137961,4,7
137950,137959,137961,2,9
137950,137959,137961,2,9
137950,137956,137961,5,6
137950,137957,137961,4,7
137950,137959,137961,2,9
137950,137959,137961,2,9
137950,137959,137961,2,9
137950,137958,137961,3,8
137950,137958,137961,3,8
137950,137959,137962,3,9
137950,137959,137962,3,9
137950,137959,137962,3,9
137950,137959,137962,3,9
137950,137959,137962,3,9
137950,137959,137962,3,9
137950,137958,137962,4,8
137950,137958,137961,3,8
137950,137959,137962,3,9
137950,137959,137962,3,9
137950,137959,137962,3,9
137950,137958,137962,4,8
137950,137959,137962,3,9
137950,137958,137962,4,8
137950,137958,137962,4,8
137950,137958,137962,4,8
137950,137957,137962,5,7
137950,137958,137962,4,8
137950,137958,137962,4,8
137950,137957,137962,5,7
137950,137957,137962,5,7
137950,137957,137962,5,7
137950,137959,137962,3,9
137950,137960,137962,2,10
137950,137959,137962,3,9
137950,137960,137962,2,10
137950,137959,137962,3,9
137950,137959,137962,3,9
137950,137960,137963,3,10
137950,137960,137963,3,10
137950,137960,137963,3,10
137950,137958,137962,4,8
137950,137958,137962,4,8
137950,137958,137963,5,8
137950,137960,137963,3,10
137950,137958,137963,5,8
137950,137958,137962,4,8
137950,137958,137963,5,8
137950,137959,137963,4,9
137950,137960,137963,3,10
137950,137960,137963,3,10
137950,137959,137963,4,9
137950,137960,137963,3,10
137950,137961,137963,2,11
137950,137961,137963,2,11
137950,137961,137964,3,11
137950,137961,137963,2,11
137950,137960,137964,4,10
137950,137960,137964,4,10
137950,137961,137964,3,11
137950,137961,137964,3,11
137204,137226,138002,776,22
138002,138003,138005,2,1
138002,138003,138005,2,1
138002,138003,138006,3,1
138002,138003,138006,3,1
138002,138003,138006,3,1
138002,138003,138006,3,1
138002,138003,138006,3,1
138002,138003,138006,3,1
138002,138003,138006,3,1
138002,138003,138006,3,1
138002,138003,138006,3,1
138002,138003,138006,3,1
138002,138003,138006,3,1
138002,138003,138006,3,1
138002,138003,138006,3,1
138002,138003,138006,3,1
138002,138003,138006,3,1
138002,138003,138006,3,1
138002,138003,138007,4,1
138002,138003,138007,4,1
138002,138003,138006,3,1
138002,138003,138007,4,1
138002,138003,138007,4,1
138002,138003,138006,3,1
138002,138003,138006,3,1
138002,138003,138007,4,1
138002,138003,138007,4,1
138002,138003,138007,4,1
138002,138003,138007,4,1
138002,138003,138008,5,1
138002,138004,138007,3,2
138002,138003,138007,4,1
138002,138003,138007,4,1
138002,138003,138007,4,1
138002,138003,138007,4,1
138002,138003,138007,4,1
138002,138003,138008,5,1
138002,138003,138007,4,1
138002,138004,138007,3,2
138002,138003,138007,4,1
138002,138004,138008,4,2
138002,138003,138007,4,1
138002,138004,138007,3,2
138002,138003,138007,4,1
138002,138003,138008,5,1
138002,138003,138007,4,1
138002,138003,138008,5,1
138002,138003,138008,5,1
138002,138003,138007,4,1
138002,138003,138008,5,1
138002,138003,138008,5,1
138002,138003,138008,5,1
138002,138003,138008,5,1
138002,138003,138008,5,1
138002,138003,138007,4,1
138002,138003,138008,5,1
138002,138003,138008,5,1
138002,138003,138007,4,1
138002,138003,138007,4,1
138002,138003,138008,5,1
138002,138003,138008,5,1
138002,138003,138008,5,1
138002,138003,138008,5,1
138002,138003,138008,5,1
138002,138004,138008,4,2
138002,138003,138008,5,1
138002,138003,138008,5,1
138002,138006,138008,2,4
138002,138004,138008,4,2
138002,138003,138009,6,1
138002,138003,138008,5,1
138002,138004,138008,4,2
138002,138003,138008,5,1
138002,138003,138008,5,1
138002,138003,138008,5,1
138002,138003,138008,5,1
138002,138006,138008,2,4
138002,138003,138008,5,1
138002,138003,138009,6,1
138002,138003,138009,6,1
138002,138006,138009,3,4
138002,138007,138009,2,5
138002,138007,138009,2,5
138002,138004,138009,5,2
138002,138007,138009,2,5
138002,138007,138009,2,5
138002,138007,138009,2,5
138002,138007,138010,3,5
138002,138007,138010,3,5
138002,138007,138010,3,5
138002,138006,138010,4,4
138002,138006,138010,4,4
138002,138007,138010,3,5
138002,138006,138010,4,4
138002,138008,138010,2,6
138002,138008,138010,2,6
138002,138008,138010,2,6
138002,138008,138011,3,6
138002,138008,138011,3,6
138002,138008,138010,2,6
138002,138007,138010,3,5
138002,138008,138011,3,6
138002,138007,138010,3,5
138002,138007,138010,3,5
138002,138008,138011,3,6
138002,138007,138010,3,5
138002,138007,138010,3,5
138002,138008,138011,3,6
138002,138007,138011,4,5
138002,138007,138011,4,5
138002,138007,138010,3,5
138002,138007,138010,3,5
138002,138008,138011,3,6
138002,138008,138012,4,6
138002,138008,138011,3,6
138002,138008,138011,3,6
138002,138008,138011,3,6
138002,138008,138011,3,6
138002,138007,138011,4,5
138002,138007,138012,5,5
137134,137171,138028,857,37
138044,138044,138046,2,0
138044,138044,138047,3,0
138044,138044,138046,2,0
138044,138044,138047,3,0
138044,138044,138047,3,0
138044,138044,138047,3,0
138044,138044,138047,3,0
138044,138044,138047,3,0
138044,138044,138047,3,0
138044,138044,138047,3,0
138044,138044,138046,2,0
138044,138044,138046,2,0
138044,138044,138046,2,0
138044,138044,138047,3,0
138044,138044,138047,3,0
138044,138044,138047,3,0
138044,138044,138047,3,0
138044,138044,138048,4,0
138044,138044,138047,3,0
138044,138044,138047,3,0
138044,138044,138048,4,0
138044,138044,138048,4,0
138044,138044,138047,3,0
138044,138044,138048,4,0
138044,138044,138048,4,0
138044,138044,138048,4,0
138044,138044,138047,3,0
138044,138044,138048,4,0
138044,138044,138048,4,0
138044,138044,138047,3,0
138044,138044,138048,4,0
138044,138044,138048,4,0
138044,138044,138048,4,0
138044,138044,138047,3,0
138044,138044,138048,4,0
138044,138044,138048,4,0
138044,138044,138048,4,0
138044,138044,138048,4,0
138044,138044,138048,4,0
138044,138044,138047,3,0
138044,138044,138048,4,0
138044,138044,138048,4,0
138044,138044,138048,4,0
138044,138044,138048,4,0
138044,138044,138048,4,0
138044,138044,138048,4,0
138044,138044,138047,3,0
138044,138044,138048,4,0
138044,138044,138048,4,0
138044,138044,138048,4,0
138044,138044,138048,4,0
138044,138044,138048,4,0
138044,138044,138049,5,0
138044,138044,138049,5,0
138044,138044,138049,5,0
138044,138044,138048,4,0
138044,138044,138048,4,0
138044,138044,138049,5,0
138044,138044,138049,5,0
138044,138044,138049,5,0
138044,138044,138048,4,0
138044,138044,138049,5,0
138044,138044,138049,5,0
138044,138044,138049,5,0
138044,138044,138049,5,0
138044,138044,138049,5,0
138044,138044,138049,5,0
138044,138044,138049,5,0
138044,138044,138049,5,0
138044,138044,138049,5,0
138044,138044,138049,5,0
138044,138044,138048,4,0
138044,138044,138049,5,0
138044,138044,138048,4,0
138044,138044,138048,4,0
138044,138044,138049,5,0
138044,138044,138049,5,0
138044,138044,138049,5,0
138044,138046,138049,3,2
138044,138044,138050,6,0
138044,138044,138050,6,0
138044,138047,138050,3,3
138044,138047,138050,3,3
138044,138047,138049,2,3
138044,138047,138050,3,3
138044,138047,138050,3,3
138044,138047,138050,3,3
138044,138047,138050,3,3
138044,138047,138050,3,3
138044,138047,138049,2,3
138044,138047,138050,3,3
138044,138048,138051,3,4
138044,138048,138051,3,4
138044,138047,138051,4,3
138044,138048,138051,3,4
138044,138048,138051,3,4
138044,138048,138051,3,4
138044,138048,138051,3,4
138044,138047,138051,4,3
138044,138048,138051,3,4
138044,138048,138051,3,4
138044,138047,138051,4,3
138044,138047,138050,3,3
138044,138048,138051,3,4
138044,138047,138051,4,3
138044,138048,138051,3,4
138044,138048,138051,3,4
138044,138048,138051,3,4
138044,138048,138051,3,4
138044,138048,138051,3,4
138044,138048,138052,4,4
138044,138048,138052,4,4
138044,138048,138052,4,4
138044,138048,138052,4,4
138044,138048,138052,4,4
138044,138048,138052,4,4
138044,138048,138051,3,4
138044,138048,138052,4,4
138044,138047,138052,5,3
138044,138048,138052,4,4
138312,138312,139169,857,0
138289,138289,139174,885,0
139172,139173,139175,2,1
139172,139173,139175,2,1
139172,139173,139175,2,1
139172,139173,139174,1,1
139172,139173,139175,2,1
139172,139173,139175,2,1
139172,139173,139176,3,1
139172,139173,139175,2,1
139172,139173,139175,2,1
139172,139173,139176,3,1
139172,139173,139175,2,1
139172,139173,139176,3,1
139172,139173,139176,3,1
139172,139173,139176,3,1
139172,139173,139176,3,1
139172,139173,139177,4,1
139172,139173,139177,4,1
139172,139173,139176,3,1
139172,139173,139177,4,1
139172,139173,139176,3,1
139172,139173,139176,3,1
139172,139173,139176,3,1
139172,139173,139177,4,1
139172,139173,139177,4,1
139172,139175,139176,1,3
139172,139173,139177,4,1
139172,139173,139177,4,1
139172,139173,139177,4,1
139172,139173,139177,4,1
139172,139173,139177,4,1
139172,139173,139177,4,1
139172,139173,139177,4,1
139172,139173,139177,4,1
139172,139173,139177,4,1
139172,139173,139177,4,1
139172,139173,139177,4,1
139172,139175,139177,2,3
139172,139175,139178,3,3
139172,139173,139177,4,1
139172,139173,139177,4,1
139172,139173,139177,4,1
139172,139173,139177,4,1
139172,139173,139177,4,1
139172,139173,139178,5,1
139172,139175,139177,2,3
139172,139175,139178,3,3
139172,139176,139178,2,4
139172,139176,139178,2,4
139172,139176,139178,2,4
139172,139176,139178,2,4
139172,139176,139178,2,4
139172,139177,139179,2,5
138320,138320,139179,859,0
139172,139178,139179,1,6
139172,139176,139179,3,4
139172,139177,139179,2,5
139172,139177,139180,3,5
139172,139176,139180,4,4
139172,139177,139181,4,5
139172,139177,139181,4,5
139172,139177,139180,3,5
139172,139177,139180,3,5
139172,139177,139180,3,5
139172,139177,139180,3,5
139172,139178,139181,3,6
139172,139177,139180,3,5
139172,139178,139181,3,6
139172,139178,139181,3,6
139172,139178,139181,3,6
139172,139178,139181,3,6
139172,139177,139180,3,5
139172,139177,139181,4,5
139172,139177,139181,4,5
139172,139177,139181,4,5
139172,139178,139181,3,6
139172,139178,139180,2,6
139172,139178,139181,3,6
139172,139178,139181,3,6
139172,139177,139181,4,5
138288,138288,139182,894,0
139172,139177,139181,4,5
139172,139178,139182,4,6
139172,139177,139181,4,5
139172,139178,139182,4,6
139172,139178,139181,3,6
139172,139178,139182,4,6
139172,139178,139182,4,6
139172,139178,139182,4,6
139172,139179,139183,4,7
139172,139179,139182,3,7
139172,139181,139183,2,9
139172,139180,139182,2,8
139172,139179,139183,4,7
139172,139179,139183,4,7
139172,139181,139183,2,9
139172,139181,139183,2,9
139172,139181,139183,2,9
139172,139178,139182,4,6
139172,139181,139183,2,9
139172,139181,139183,2,9
139172,139179,139183,4,7
139172,139180,139183,3,8
139172,139180,139183,3,8
139172,139181,139183,2,9
139172,139179,139182,3,7
139172,139180,139183,3,8
139172,139181,139183,2,9
139172,139181,139183,2,9
139172,139181,139183,2,9
139172,139181,139183,2,9
139172,139181,139183,2,9
139172,139179,139183,4,7
139172,139180,139183,3,8
139172,139182,139184,2,10
139172,139180,139184,4,8
139172,139181,139183,2,9
139172,139181,139183,2,9
139172,139181,139184,3,9
139172,139181,139184,3,9
139172,139181,139184,3,9
139172,139181,139184,3,9
139172,139181,139184,3,9
139175,139182,139185,3,7
139175,139184,139185,1,9
139175,139184,139185,1,9
139175,139184,139185,1,9
139175,139182,139186,4,7
139175,139182,139186,4,7
139175,139182,139186,4,7
139175,139182,139186,4,7
139175,139182,139186,4,7
139175,139184,139186,2,9
139175,139184,139186,2,9
139175,139184,139186,2,9
139175,139182,139186,4,7
139175,139182,139186,4,7
139175,139182,139186,4,7
139175,139184,139186,2,9
139175,139183,139187,4,8
139175,139183,139186,3,8
139175,139183,139186,3,8
139175,139183,139187,4,8
139175,139183,139187,4,8
139175,139183,139187,4,8
139175,139183,139187,4,8
139175,139183,139187,4,8
139175,139183,139187,4,8
139175,139183,139187,4,8
139175,139185,139187,2,10
139175,139184,139187,3,9
139175,139184,139187,3,9
139175,139184,139188,4,9
139175,139184,139187,3,9
139175,139185,139187,2,10
139175,139183,139187,4,8
139175,139184,139188,4,9
139175,139184,139188,4,9
139175,139184,139188,4,9
139175,139183,139188,5,8
139175,139185,139188,3,10
139175,139185,139189,4,10
139175,139185,139188,3,10
139175,139184,139188,4,9
139175,139187,139188,1,12
139175,139187,139189,2,12
139175,139187,139188,1,12
139175,139184,139189,5,9
138346,138346,139188,842,0
139175,139184,139188,4,9
139175,139187,139189,2,12
139175,139186,139189,3,11
139175,139186,139189,3,11
139175,139186,139189,3,11
139175,139187,139189,2,12
139175,139187,139189,2,12
139175,139187,139190,3,12
139175,139186,139190,4,11
139175,139187,139189,2,12
139175,139186,139190,4,11
138358,138358,139190,832,0
139175,139187,139190,3,12
139175,139187,139190,3,12
139175,139187,139190,3,12
139175,139187,139191,4,12
139175,139187,139190,3,12
139175,139187,139190,3,12
138325,138325,139190,865,0
139175,139188,139191,3,13
139175,139188,139191,3,13
139175,139188,139191,3,13
139175,139188,139192,4,13
139175,139189,139192,3,14
139175,139188,139191,3,13
139175,139188,139192,4,13
139175,139188,139191,3,13
139175,139188,139192,4,13
139175,139188,139191,3,13
138291,138291,139192,901,0
139175,139188,139192,4,13
139175,139188,139192,4,13
139175,139188,139192,4,13
139175,139188,139192,4,13
139175,139189,139193,4,14
139175,139188,139192,4,13
139175,139189,139192,3,14
139175,139189,139193,4,14
139175,139188,139193,5,13
139175,139189,139192,3,14
139175,139188,139192,4,13
139175,139189,139193,4,14
139175,139190,139193,3,15
139175,139189,139192,3,14
139175,139190,139193,3,15
139175,139190,139192,2,15
139175,139190,139192,2,15
139175,139189,139193,4,14
139175,139189,139192,3,14
139175,139190,139192,2,15
139175,139190,139193,3,15
139175,139189,139193,4,14
139175,139190,139193,3,15
139175,139188,139192,4,13
139175,139189,139192,3,14
139175,139190,139193,3,15
139175,139190,139193,3,15
139175,139191,139193,2,16
139175,139190,139194,4,15
139175,139191,139194,3,16
138343,138343,139194,851,0
139175,139190,139193,3,15
139175,139190,139193,3,15
139175,139191,139194,3,16
139175,139190,139194,4,15
139175,139190,139194,4,15
139175,139191,139194,3,16
139175,139191,139194,3,16
139175,139192,139195,3,17
139175,139192,139195,3,17
139175,139192,139194,2,17
139175,139192,139195,3,17
139175,139192,139195,3,17
139175,139192,139195,3,17
139175,139192,139195,3,17
139175,139192,139194,2,17
139180,139194,139195,1,14
139175,139192,139195,3,17
139175,139192,139195,3,17
139180,139194,139195,1,14
138352,138352,139195,843,0
138293,138293,139196,903,0
138287,138287,139195,908,0
139180,139194,139195,1,14
139180,139192,139196,4,12
139175,139192,139195,3,17
139180,139193,139196,3,13
139180,139194,139196,2,14
139180,139194,139195,1,14
139180,139194,139196,2,14
139180,139192,139196,4,12
139180,139194,139197,3,14
139180,139195,139196,1,15
139180,139195,139196,1,15
139180,139193,139196,3,13
139180,139193,139197,4,13
139180,139193,139197,4,13
139180,139193,139197,4,13
139180,139193,139196,3,13
139180,139193,139197,4,13
139180,139193,139197,4,13
139180,139193,139197,4,13
139180,139193,139197,4,13
139180,139193,139197,4,13
139180,139193,139197,4,13
139180,139193,139197,4,13
139180,139193,139197,4,13
139180,139194,139197,3,14
139180,139194,139197,3,14
139180,139195,139197,2,15
139180,139196,139198,2,16
139180,139193,139198,5,13
139180,139194,139197,3,14
139180,139194,139198,4,14
139180,139195,139198,3,15
139180,139193,139198,5,13
139180,139195,139199,4,15
139180,139193,139198,5,13
139180,139195,139198,3,15
139180,139195,139198,3,15
139180,139195,139199,4,15
139180,139194,139199,5,14
139180,139196,139199,3,16
139180,139196,139198,2,16
139180,139196,139199,3,16
139180,139195,139199,4,15
139180,139195,139199,4,15
139180,139196,139199,3,16
139180,139196,139199,3,16
139180,139196,139199,3,16
139180,139195,139199,4,15
139180,139195,139199,4,15
139180,139195,139199,4,15
139180,139195,139199,4,15
139180,139195,139199,4,15
139180,139194,139199,5,14
139180,139197,139199,2,17
139180,139196,139200,4,16
139180,139195,139200,5,15
139180,139197,139201,4,17
139180,139198,139201,3,18
139180,139197,139200,3,17
139180,139198,139200,2,18
139180,139198,139200,2,18
139180,139197,139200,3,17
139180,139198,139200,2,18
139180,139197,139201,4,17
139180,139197,139200,3,17
139180,139198,139200,2,18
139180,139197,139201,4,17
139180,139197,139201,4,17
139180,139197,139201,4,17
139180,139197,139201,4,17
139180,139198,139201,3,18
139180,139196,139201,5,16
139180,139197,139201,4,17
139180,139199,139201,2,19
139180,139198,139201,3,18
139180,139198,139202,4,18
139180,139198,139201,3,18
139180,139199,139202,3,19
139180,139199,139202,3,19
139180,139198,139201,3,18
139180,139199,139202,3,19
139180,139200,139202,2,20
139180,139200,139201,1,20
139180,139197,139201,4,17
139180,139198,139202,4,18
139180,139200,139202,2,20
139180,139200,139203,3,20
139180,139200,139202,2,20
139180,139199,139202,3,19
139180,139201,139203,2,21
139180,139201,139203,2,21
139180,139199,139202,3,19
139180,139199,139202,3,19
139180,139199,139202,3,19
139180,139200,139203,3,20
139180,139199,139202,3,19
139180,139199,139203,4,19
139180,139199,139202,3,19
139180,139198,139203,5,18
139180,139199,139203,4,19
139180,139200,139203,3,20
139180,139200,139203,3,20
139180,139200,139203,3,20
139180,139200,139203,3,20
139180,139200,139203,3,20
139180,139200,139203,3,20
139180,139200,139203,3,20
139180,139201,139204,3,21
139180,139201,139204,3,21
139180,139201,139204,3,21
139180,139201,139203,2,21
139180,139201,139203,2,21
139180,139201,139203,2,21
139180,139201,139204,3,21
139180,139201,139204,3,21
139180,139201,139204,3,21
139180,139201,139204,3,21
139180,139201,139204,3,21
139180,139202,139204,2,22
139183,139202,139205,3,19
139183,139203,139205,2,20
139183,139202,139205,3,19
139183,139202,139205,3,19
139183,139203,139205,2,20
139183,139203,139205,2,20
139183,139203,139205,2,20
139183,139203,139205,2,20
139183,139204,139205,1,21
139183,139202,139205,3,19
139183,139202,139205,3,19
139183,139202,139205,3,19
139183,139203,139205,2,20
139183,139202,139205,3,19
139183,139202,139206,4,19
139183,139202,139206,4,19
139183,139202,139205,3,19
139183,139202,139205,3,19
139183,139203,139206,3,20
139183,139202,139205,3,19
139183,139202,139206,4,19
139183,139202,139206,4,19
139183,139203,139205,2,20
139183,139203,139206,3,20
139183,139204,139206,2,21
139183,139203,139207,4,20
139183,139203,139207,4,20
139183,139204,139206,2,21
139183,139203,139207,4,20
139183,139204,139207,3,21
139183,139202,139207,5,19
139183,139205,139207,2,22
139183,139205,139207,2,22
139183,139204,139207,3,21
139183,139204,139207,3,21
139183,139205,139208,3,22
139183,139204,139207,3,21
139183,139204,139207,3,21
139183,139205,139208,3,22
139183,139203,139207,4,20
139183,139204,139208,4,21
139183,139204,139207,3,21
139183,139204,139208,4,21
139183,139204,139208,4,21
139183,139204,139208,4,21
138301,138301,139208,907,0
139183,139205,139208,3,22
139183,139204,139207,3,21
139183,139204,139207,3,21
139183,139205,139208,3,22
139183,139205,139208,3,22
139183,139204,139208,4,21
139183,139205,139207,2,22
139183,139205,139208,3,22
139183,139205,139208,3,22
139183,139206,139208,2,23
139183,139204,139208,4,21
139183,139206,139208,2,23
139183,139205,139209,4,22
139183,139206,139209,3,23
139183,139204,139209,5,21
139183,139206,139209,3,23
139183,139206,139209,3,23
139183,139206,139209,3,23
139183,139206,139210,4,23
139183,139206,139210,4,23
139183,139206,139209,3,23
139183,139206,139210,4,23
139183,139206,139210,4,23
139183,139206,139209,3,23
139183,139207,139210,3,24
139183,139207,139210,3,24
138338,138338,139210,872,0
139183,139206,139210,4,23
139183,139207,139210,3,24
139183,139208,139211,3,25
139183,139207,139210,3,24
139183,139207,139211,4,24
139183,139207,139211,4,24
139183,139208,139211,3,25
139183,139206,139211,5,23
139183,139207,139211,4,24
139183,139208,139211,3,25
139183,139207,139211,4,24
139183,139208,139211,3,25
139183,139208,139211,3,25
139183,139207,139211,4,24
139183,139208,139211,3,25
139183,139206,139211,5,23
139183,139207,139211,4,24
139183,139207,139211,4,24
139183,139208,139211,3,25
139183,139207,139211,4,24
139183,139208,139212,4,25
139183,139208,139212,4,25
139183,139208,139211,3,25
139183,139208,139212,4,25
139183,139208,139212,4,25
139183,139209,139212,3,26
139183,139208,139211,3,25
139183,139209,139211,2,26
139183,139209,139212,3,26
139183,139208,139212,4,25
139183,139208,139212,4,25
139183,139208,139212,4,25
139183,139209,139212,3,26
139183,139208,139212,4,25
139183,139208,139212,4,25
139183,139210,139213,3,27
139183,139209,139212,3,26
139183,139210,139213,3,27
139183,139209,139212,3,26
139183,139209,139213,4,26
139183,139210,139213,3,27
139183,139209,139212,3,26
139183,139210,139212,2,27
139183,139210,139213,3,27
139183,139210,139213,3,27
139183,139210,139213,3,27
139183,139211,139213,2,28
139183,139210,139214,4,27
139183,139210,139213,3,27
138290,138290,139232,942,0
138362,138362,139234,872,0
138349,138349,139240,891,0
138330,138330,139240,910,0
139239,139239,139241,2,0
139239,139239,139241,2,0
139239,139239,139241,2,0
139239,139239,139241,2,0
139239,139239,139242,3,0
139239,139239,139241,2,0
139239,139239,139242,3,0
139239,139239,139242,3,0
139239,139239,139241,2,0
139239,139239,139242,3,0
139239,139239,139242,3,0
139239,139240,139243,3,1
139239,139239,139242,3,0
139239,139239,139243,4,0
139239,139240,139243,3,1
139239,139239,139242,3,0
139239,139239,139243,4,0
139239,139239,139243,4,0
139239,139239,139243,4,0
139239,139239,139242,3,0
139239,139239,139243,4,0
139239,139239,139243,4,0
139239,139239,139243,4,0
139239,139239,139242,3,0
139239,139239,139243,4,0
139239,139239,139243,4,0
139239,139239,139243,4,0
139239,139239,139243,4,0
139239,139239,139242,3,0
139239,139239,139243,4,0
139239,139239,139243,4,0
139239,139239,139243,4,0
139239,139239,139243,4,0
139239,139239,139243,4,0
139239,139239,139243,4,0
139239,139239,139243,4,0
139239,139239,139243,4,0
139239,139239,139243,4,0
139239,139239,139243,4,0
139239,139239,139243,4,0
139239,139239,139243,4,0
139239,139239,139244,5,0
139239,139239,139243,4,0
139239,139242,139244,2,3
139239,139239,139243,4,0
139239,139239,139243,4,0
139239,139239,139244,5,0
139239,139239,139244,5,0
139239,139242,139244,2,3
139239,139239,139243,4,0
139239,139242,139245,3,3
139239,139242,139245,3,3
139239,139239,139245,6,0
139239,139242,139245,3,3
139239,139243,139246,3,4
139239,139243,139246,3,4
139239,139243,139246,3,4
139239,139242,139246,4,3
139239,139243,139246,3,4
139239,139243,139246,3,4
139239,139242,139245,3,3
139239,139243,139246,3,4
139239,139243,139246,3,4
139239,139243,139246,3,4
139239,139243,139246,3,4
139239,139244,139246,2,5
139239,139243,139246,3,4
139239,139243,139246,3,4
139239,139244,139247,3,5
139239,139244,139247,3,5
139239,139243,139247,4,4
139239,139243,139246,3,4
139239,139243,139247,4,4
139239,139243,139247,4,4
139239,139243,139247,4,4
139239,139244,139247,3,5
139239,139243,139247,4,4
139239,139243,139247,4,4
139239,139243,139247,4,4
139239,139243,139247,4,4
139239,139243,139246,3,4
139239,139244,139247,3,5
139239,139244,139248,4,5
139239,139245,139248,3,6
139239,139245,139248,3,6
139239,139244,139248,4,5
139239,139244,139248,4,5
139239,139244,139248,4,5
139239,139244,139248,4,5
139239,139244,139247,3,5
139239,139246,139248,2,7
139239,139247,139248,1,8
139239,139243,139248,5,4
139239,139243,139248,5,4
139239,139245,139248,3,6
139239,139244,139248,4,5
139239,139244,139248,4,5
139239,139244,139248,4,5
139239,139246,139249,3,7
139239,139246,139249,3,7
139239,139244,139248,4,5
139239,139245,139249,4,6
139239,139246,139249,3,7
139239,139246,139250,4,7
139239,139246,139249,3,7
139239,139246,139249,3,7
139239,139246,139249,3,7
139239,139246,139249,3,7
139239,139247,139249,2,8
139239,139246,139250,4,7
139239,139247,139250,3,8
139239,139247,139250,3,8
139239,139246,139250,4,7
139239,139249,139250,1,10
139239,139249,139250,1,10
139239,139249,139251,2,10
139239,139247,139251,4,8
139239,139247,139251,4,8
139239,139249,139252,3,10
139239,139249,139252,3,10
139239,139247,139251,4,8
139239,139249,139251,2,10
139239,139249,139251,2,10
139239,139248,139251,3,9
139239,139250,139252,2,11
139239,139250,139252,2,11
139239,139248,139251,3,9
139239,139248,139251,3,9
139239,139248,139251,3,9
139239,139249,139251,2,10
139239,139248,139252,4,9
139239,139248,139252,4,9
139239,139248,139252,4,9
139239,139248,139252,4,9
139239,139248,139251,3,9
139239,139250,139252,2,11
139239,139248,139252,4,9
139239,139248,139253,5,9
139239,139249,139252,3,10
139239,139251,139252,1,12
139239,139249,139252,3,10
139239,139249,139252,3,10
139239,139249,139252,3,10
139239,139250,139253,3,11
139239,139250,139252,2,11
139239,139243,139247,4,4
139239,139243,139247,4,4
139239,139243,139247,4,4
139239,139249,139252,3,10
139239,139250,139252,2,11
139239,139248,139252,4,9
139239,139248,139252,4,9
139239,139248,139252,4,9
139239,139249,139253,4,10
138292,138292,139253,961,0
139239,139249,139253,4,10
139239,139250,139253,3,11
139239,139251,139253,2,12
139239,139251,139254,3,12
139239,139252,139254,2,13
139239,139252,139254,2,13
139239,139252,139253,1,13
139239,139252,139253,1,13
139239,139252,139253,1,13
139239,139250,139254,4,11
139239,139251,139255,4,12
139239,139252,139255,3,13
139239,139252,139255,3,13
139239,139253,139255,2,14
139239,139251,139255,4,12
139239,139253,139255,2,14
139239,139253,139255,2,14
139239,139251,139255,4,12
139239,139252,139255,3,13
139239,139252,139255,3,13
139239,139253,139256,3,14
139239,139239,139243,4,0
139239,139239,139243,4,0
139239,139239,139243,4,0
139239,139239,139242,3,0
139239,139239,139243,4,0
139239,139252,139255,3,13
139239,139253,139255,2,14
139239,139254,139256,2,15
139239,139251,139255,4,12
139239,139252,139255,3,13
139239,139252,139256,4,13
139239,139252,139255,3,13
139239,139253,139255,2,14
139239,139252,139256,4,13
139239,139253,139256,3,14
139239,139253,139255,2,14
139239,139254,139256,2,15
139239,139251,139256,5,12
139239,139251,139256,5,12
139239,139252,139256,4,13
139239,139253,139257,4,14
139239,139254,139256,2,15
139239,139253,139256,3,14
139239,139254,139256,2,15
139239,139252,139256,4,13
139239,139253,139256,3,14
139239,139253,139256,3,14
139239,139254,139257,3,15
139239,139254,139257,3,15
139239,139253,139256,3,14
139239,139253,139257,4,14
139239,139253,139257,4,14
139239,139254,139256,2,15
139239,139254,139256,2,15
139239,139254,139257,3,15
139239,139252,139256,4,13
139239,139252,139257,5,13
139239,139252,139256,4,13
139239,139253,139257,4,14
139239,139253,139257,4,14
139239,139254,139257,3,15
139239,139255,139258,3,16
139239,139255,139258,3,16
139239,139255,139257,2,16
139239,139255,139258,3,16
139239,139255,139258,3,16
139239,139255,139258,3,16
139239,139255,139258,3,16
139239,139256,139259,3,17
139239,139256,139259,3,17
139239,139256,139259,3,17
139239,139256,139258,2,17
139239,139256,139259,3,17
139239,139256,139258,2,17
139239,139256,139259,3,17
139239,139255,139259,4,16
139239,139256,139259,3,17
139239,139256,139259,3,17
139239,139255,139258,3,16
139239,139256,139259,3,17
139239,139258,139259,1,19
139239,139258,139259,1,19
139239,139256,139259,3,17
139239,139256,139259,3,17
139239,139258,139260,2,19
139239,139256,139259,3,17
139239,139258,139259,1,19
139239,139256,139260,4,17
139239,139256,139260,4,17
139239,139256,139260,4,17
139239,139256,139260,4,17
139239,139256,139260,4,17
139239,139257,139260,3,18
139239,139256,139260,4,17
139239,139258,139260,2,19
139239,139256,139259,3,17
139239,139256,139260,4,17
139239,139256,139259,3,17
138368,138368,139259,891,0
139239,139256,139260,4,17
139239,139258,139259,1,19
139239,139257,139260,3,18
139239,139257,139260,3,18
139239,139257,139261,4,18
139239,139257,139260,3,18
139239,139257,139260,3,18
139239,139257,139261,4,18
139239,139259,139261,2,20
139239,139259,139261,2,20
139239,139259,139261,2,20
139239,139259,139261,2,20
139239,139259,139261,2,20
139239,139257,139261,4,18
139239,139259,139261,2,20
139239,139257,139261,4,18
139239,139257,139261,4,18
139239,139257,139261,4,18
139239,139257,139261,4,18
139239,139257,139261,4,18
139239,139257,139261,4,18
139239,139257,139261,4,18
139239,139257,139261,4,18
139239,139257,139261,4,18
139239,139258,139261,3,19
139239,139259,139262,3,20
139239,139259,139261,2,20
139239,139259,139261,2,20
139239,139257,139262,5,18
139239,139259,139262,3,20
139239,139257,139262,5,18
139239,139259,139263,4,20
139239,139257,139262,5,18
139239,139260,139263,3,21
139239,139260,139263,3,21
139239,139260,139263,3,21
139239,139260,139263,3,21
139239,139261,139263,2,22
139239,139262,139263,1,23
139239,139260,139263,3,21
139239,139262,139263,1,23
139239,139262,139263,1,23
139239,139259,139263,4,20
139239,139259,139263,4,20
139239,139259,139263,4,20
139239,139259,139264,5,20
139239,139261,139264,3,22
139239,139259,139263,4,20
139239,139259,139263,4,20
139239,139262,139263,1,23
139239,139262,139263,1,23
139239,139261,139264,3,22
139239,139261,139264,3,22
139239,139260,139264,4,21
139239,139260,139264,4,21
139239,139261,139264,3,22
139239,139261,139264,3,22
139239,139261,139265,4,22
139239,139262,139264,2,23
139239,139262,139264,2,23
139239,139262,139264,2,23
139239,139262,139264,2,23
139239,139261,139265,4,22
139239,139261,139265,4,22
139239,139259,139264,5,20
139239,139261,139264,3,22
139239,139261,139264,3,22
139239,139261,139264,3,22
139239,139261,139264,3,22
139239,139261,139264,3,22
139239,139261,139265,4,22
139239,139262,139264,2,23
139239,139262,139265,3,23
139239,139261,139264,3,22
139239,139261,139265,4,22
139239,139262,139264,2,23
139239,139262,139265,3,23
139239,139261,139266,5,22
139239,139264,139266,2,25
139239,139261,139265,4,22
139239,139261,139265,4,22
139239,139262,139265,3,23
139239,139263,139266,3,24
139239,139262,139265,3,23
139239,139263,139265,2,24
139239,139263,139266,3,24
139239,139261,139265,4,22
139239,139262,139265,3,23
139239,139263,139265,2,24
139239,139263,139266,3,24
139239,139264,139266,2,25
139239,139264,139266,2,25
139239,139264,139266,2,25
139239,139264,139266,2,25
139239,139263,139267,4,24
139239,139264,139267,3,25
139239,139264,139267,3,25
139239,139264,139267,3,25
139239,139264,139266,2,25
139239,139264,139266,2,25
139239,139264,139267,3,25
139239,139264,139267,3,25
139239,139263,139267,4,24
138294,138294,139267,973,0
139239,139264,139267,3,25
139239,139264,139267,3,25
139239,139264,139267,3,25
139239,139264,139268,4,25
139239,139264,139267,3,25
139239,139264,139268,4,25
139239,139264,139268,4,25
139239,139264,139268,4,25
139239,139267,139268,1,28
139239,139266,139269,3,27
139239,139265,139268,3,26
139239,139265,139268,3,26
139239,139266,139268,2,27
139239,139265,139268,3,26
139239,139267,139269,2,28
139239,139267,139269,2,28
139239,139265,139268,3,26
139239,139265,139269,4,26
139239,139265,139269,4,26
139239,139266,139269,3,27
139239,139265,139269,4,26
139239,139265,139269,4,26
139239,139265,139269,4,26
139239,139265,139269,4,26
139239,139266,139269,3,27
139239,139265,139269,4,26
139239,139265,139269,4,26
139239,139266,139269,3,27
139239,139265,139269,4,26
139239,139265,139269,4,26
139239,139265,139269,4,26
139239,139265,139269,4,26
139239,139265,139269,4,26
139239,139265,139269,4,26
139239,139267,139270,3,28
139239,139267,139270,3,28
139239,139267,139269,2,28
139239,139267,139270,3,28
139239,139265,139269,4,26
139239,139266,139269,3,27
139239,139265,139269,4,26
139239,139266,139270,4,27
139239,139266,139270,4,27
139239,139265,139269,4,26
139239,139266,139270,4,27
139239,139266,139270,4,27
139239,139267,139270,3,28
139239,139268,139270,2,29
139239,139265,139270,5,26
139239,139266,139270,4,27
139239,139266,139271,5,27
139239,139267,139271,4,28
139239,139267,139271,4,28
139239,139267,139271,4,28
139239,139267,139270,3,28
138365,138365,139271,906,0
139239,139267,139271,4,28
139239,139269,139271,2,30
139239,139269,139271,2,30
139239,139269,139271,2,30
139239,139270,139271,1,31
139239,139270,139272,2,31
139239,139268,139271,3,29
139239,139268,139271,3,29
139239,139269,139272,3,30
139239,139269,139272,3,30
139239,139267,139271,4,28
139239,139268,139272,4,29
139239,139268,139272,4,29
139239,139268,139272,4,29
139239,139269,139272,3,30
139239,139269,139271,2,30
139239,139269,139272,3,30
139239,139269,139272,3,30
139239,139269,139272,3,30
139239,139269,139272,3,30
139239,139268,139272,4,29
139239,139269,139272,3,30
139239,139269,139272,3,30
139239,139270,139272,2,31
139239,139269,139273,4,30
139239,139269,139272,3,30
139239,139269,139273,4,30
139239,139269,139273,4,30
139239,139269,139273,4,30
139239,139269,139272,3,30
139239,139270,139273,3,31
139239,139269,139273,4,30
139239,139269,139272,3,30
139239,139270,139273,3,31
139239,139269,139272,3,30
139239,139270,139273,3,31
139239,139270,139273,3,31
139239,139270,139273,3,31
139239,139269,139273,4,30
139239,139270,139273,3,31
139239,139269,139273,4,30
139239,139270,139273,3,31
139239,139270,139273,3,31
139239,139270,139273,3,31
139239,139271,139273,2,32
139239,139271,139273,2,32
139239,139270,139273,3,31
139239,139270,139273,3,31
139239,139269,139273,4,30
139239,139270,139273,3,31
139239,139270,139273,3,31
139239,139271,139274,3,32
139239,139272,139274,2,33
139239,139271,139274,3,32
139239,139272,139274,2,33
139239,139272,139275,3,33
139239,139272,139274,2,33
139239,139271,139274,3,32
139239,139271,139275,4,32
139239,139272,139274,2,33
139239,139272,139275,3,33
139239,139272,139275,3,33
139239,139272,139275,3,33
139239,139271,139275,4,32
139239,139272,139275,3,33
139239,139271,139275,4,32
139240,139273,139276,3,33
139240,139274,139275,1,34
139240,139274,139275,1,34
139239,139272,139275,3,33
139239,139272,139275,3,33
139239,139272,139275,3,33
139240,139273,139275,2,33
139240,139274,139275,1,34
139240,139274,139275,1,34
139240,139274,139275,1,34
139240,139273,139276,3,33
139240,139274,139277,3,34
139240,139273,139277,4,33
139240,139274,139277,3,34
139240,139273,139276,3,33
139240,139274,139276,2,34
139240,139274,139276,2,34
139240,139272,139276,4,32
139240,139272,139276,4,32
139240,139273,139276,3,33
139240,139273,139277,4,33
139240,139273,139277,4,33
139240,139273,139277,4,33
139240,139274,139276,2,34
139240,139273,139277,4,33
139240,139273,139277,4,33
139240,139273,139277,4,33
139240,139275,139277,2,35
139240,139275,139277,2,35
139240,139273,139276,3,33
139240,139273,139277,4,33
139240,139273,139276,3,33
139240,139273,139277,4,33
139240,139273,139277,4,33
139240,139273,139277,4,33
139240,139274,139277,3,34
139240,139275,139277,2,35
139240,139275,139277,2,35
139240,139273,139277,4,33
139240,139275,139278,3,35
139240,139276,139278,2,36
139240,139274,139277,3,34
139240,139274,139277,3,34
139240,139275,139277,2,35
139240,139275,139277,2,35
139240,139275,139278,3,35
139240,139275,139277,2,35
139240,139274,139278,4,34
139240,139274,139278,4,34
139240,139273,139278,5,33
139240,139275,139278,3,35
139240,139275,139278,3,35
139240,139276,139278,2,36
139240,139276,139279,3,36
139240,139276,139279,3,36
139240,139276,139279,3,36
139240,139275,139278,3,35
139240,139275,139279,4,35
139240,139274,139279,5,34
139240,139274,139279,5,34
139240,139277,139280,3,37
139240,139277,139279,2,37
139240,139277,139279,2,37
139240,139277,139280,3,37
139240,139277,139280,3,37
139240,139276,139280,4,36
139240,139276,139280,4,36
139240,139276,139280,4,36
139240,139276,139280,4,36
139240,139276,139280,4,36
139240,139277,139280,3,37
139240,139276,139279,3,36
139240,139276,139280,4,36
139240,139276,139280,4,36
139240,139277,139280,3,37
139240,139277,139280,3,37
139240,139277,139279,2,37
139240,139276,139279,3,36
139240,139278,139280,2,38
139240,139278,139280,2,38
139240,139278,139280,2,38
139240,139278,139281,3,38
139240,139278,139280,2,38
139240,139278,139280,2,38
139240,139279,139281,2,39
139240,139278,139281,3,38
139240,139278,139281,3,38
139240,139278,139281,3,38
139240,139278,139281,3,38
139240,139279,139281,2,39
139240,139277,139281,4,37
139240,139277,139281,4,37
139240,139277,139281,4,37
139240,139278,139281,3,38
139240,139279,139281,2,39
139240,139280,139281,1,40
139240,139277,139281,4,37
139240,139277,139280,3,37
139240,139277,139281,4,37
139240,139277,139281,4,37
139240,139277,139281,4,37
139240,139277,139280,3,37
139240,139277,139281,4,37
139240,139277,139281,4,37
139240,139278,139281,3,38
139240,139278,139281,3,38
139240,139279,139281,2,39
139240,139277,139281,4,37
139240,139279,139281,2,39
139240,139279,139282,3,39
139240,139279,139282,3,39
139240,139278,139281,3,38
139240,139279,139282,3,39
139240,139280,139281,1,40
139240,139279,139282,3,39
139240,139278,139281,3,38
139240,139277,139282,5,37
139240,139280,139283,3,40
139240,139280,139283,3,40
139240,139280,139283,3,40
139240,139280,139283,3,40
139240,139280,139283,3,40
139240,139280,139283,3,40
139240,139281,139283,2,41
139240,139279,139283,4,39
139240,139279,139282,3,39
139240,139280,139283,3,40
139240,139280,139283,3,40
139240,139279,139283,4,39
139240,139280,139283,3,40
139240,139280,139283,3,40
139240,139281,139283,2,41
139240,139281,139283,2,41
139240,139281,139283,2,41
139240,139280,139283,3,40
139240,139281,139284,3,41
139240,139281,139284,3,41
139240,139281,139284,3,41
139240,139281,139283,2,41
139240,139280,139284,4,40
139240,139280,139284,4,40
139240,139280,139284,4,40
139240,139280,139284,4,40
139240,139280,139284,4,40
139240,139281,139284,3,41
139240,139281,139284,3,41
139240,139281,139285,4,41
139240,139281,139284,3,41
139240,139281,139284,3,41
139240,139281,139284,3,41
139240,139282,139284,2,42
139240,139282,139284,2,42
139240,139282,139284,2,42
139240,139281,139285,4,41
139240,139281,139285,4,41
139240,139281,139285,4,41
139240,139281,139285,4,41
139240,139282,139285,3,42
139240,139281,139285,4,41
139240,139281,139284,3,41
139240,139281,139285,4,41
139240,139281,139285,4,41
139240,139281,139285,4,41
139240,139281,139285,4,41
139240,139281,139285,4,41
139240,139282,139285,3,42
139240,139283,139285,2,43
139240,139282,139285,3,42
139240,139282,139285,3,42
139240,139283,139286,3,43
139240,139282,139286,4,42
139240,139282,139286,4,42
139240,139282,139286,4,42
139240,139282,139285,3,42
139240,139283,139286,3,43
139240,139283,139286,3,43
139240,139284,139286,2,44
139240,139284,139286,2,44
139240,139281,139286,5,41
139240,139283,139286,3,43
139240,139282,139286,4,42
139240,139285,139287,2,45
139240,139283,139286,3,43
139240,139284,139287,3,44
139240,139283,139287,4,43
139240,139283,139287,4,43
139240,139284,139287,3,44
139240,139284,139287,3,44
139240,139283,139287,4,43
139240,139285,139287,2,45
139240,139285,139287,2,45
139240,139283,139288,5,43
139240,139283,139287,4,43
139240,139283,139287,4,43
139240,139284,139287,3,44
139240,139285,139287,2,45
139240,139285,139288,3,45
139240,139285,139287,2,45
139240,139285,139288,3,45
139240,139285,139287,2,45
139240,139285,139287,2,45
139240,139285,139288,3,45
139240,139285,139288,3,45
139240,139285,139288,3,45
139240,139285,139288,3,45
139240,139283,139288,5,43
139240,139285,139288,3,45
139240,139286,139289,3,46
139240,139286,139288,2,46
139240,139285,139288,3,45
139240,139285,139288,3,45
139240,139285,139288,3,45
139240,139286,139288,2,46
139240,139285,139288,3,45
139240,139285,139289,4,45
139240,139286,139289,3,46
139240,139285,139289,4,45
139240,139286,139288,2,46
139240,139287,139289,2,47
139240,139285,139289,4,45
139240,139285,139289,4,45
139240,139286,139289,3,46
139240,139287,139290,3,47
139240,139285,139289,4,45
139240,139285,139289,4,45
139240,139286,139289,3,46
139240,139287,139289,2,47
139240,139286,139289,3,46
139240,139286,139289,3,46
139240,139286,139289,3,46
139240,139287,139289,2,47
139240,139286,139289,3,46
139240,139287,139289,2,47
139240,139285,139289,4,45
139240,139287,139290,3,47
139240,139286,139290,4,46
139240,139287,139290,3,47
139240,139287,139290,3,47
139240,139286,139290,4,46
139240,139286,139290,4,46
139240,139288,139290,2,48
139240,139288,139290,2,48
139241,139288,139291,3,47
139240,139287,139290,3,47
139241,139288,139292,4,47
139241,139288,139291,3,47
139241,139288,139291,3,47
139241,139288,139292,4,47
139241,139289,139291,2,48
139241,139288,139291,3,47
139241,139289,139291,2,48
139241,139289,139291,2,48
139241,139289,139291,2,48
139241,139290,139292,2,49
139241,139290,139292,2,49
139241,139288,139291,3,47
139241,139288,139291,3,47
139241,139289,139291,2,48
139241,139289,139291,2,48
139241,139289,139291,2,48
139241,139289,139291,2,48
139241,139290,139292,2,49
139241,139288,139291,3,47
139241,139288,139291,3,47
139241,139288,139292,4,47
139241,139288,139292,4,47
139241,139289,139291,2,48
139241,139290,139292,2,49
139241,139289,139291,2,48
139241,139289,139292,3,48
139241,139288,139292,4,47
139241,139288,139292,4,47
139241,139288,139292,4,47
139241,139289,139292,3,48
139241,139290,139292,2,49
139241,139289,139292,3,48
139241,139289,139292,3,48
139241,139289,139293,4,48
139241,139290,139293,3,49
139241,139290,139292,2,49
139241,139290,139292,2,49
139241,139288,139292,4,47
139241,139290,139292,2,49
139241,139288,139293,5,47
139241,139289,139293,4,48
139241,139290,139293,3,49
139241,139291,139294,3,50
139241,139292,139294,2,51
139241,139290,139293,3,49
139241,139292,139293,1,51
139241,139292,139294,2,51
139241,139290,139293,3,49
139241,139290,139293,3,49
139241,139290,139293,3,49
139241,139290,139293,3,49
139241,139290,139294,4,49
139241,139290,139294,4,49
139241,139292,139294,2,51
139241,139292,139294,2,51
139241,139292,139294,2,51
139241,139291,139294,3,50
139241,139291,139295,4,50
139241,139291,139294,3,50
139241,139291,139295,4,50
139241,139292,139294,2,51
139241,139292,139295,3,51
139241,139292,139294,2,51
139241,139291,139295,4,50
139241,139292,139295,3,51
139241,139292,139294,2,51
139241,139292,139295,3,51
139241,139292,139295,3,51
139241,139291,139295,4,50
139241,139292,139295,3,51
139241,139294,139296,2,53
139241,139294,139296,2,53
139241,139291,139295,4,50
139241,139292,139295,3,51
139241,139293,139296,3,52
139241,139294,139296,2,53
139241,139291,139295,4,50
139241,139293,139296,3,52
139241,139293,139296,3,52
139241,139293,139296,3,52
139241,139292,139296,4,51
139241,139292,139295,3,51
139241,139293,139296,3,52
139241,139292,139295,3,51
139241,139292,139295,3,51
139241,139292,139296,4,51
139241,139292,139295,3,51
139241,139292,139296,4,51
139241,139293,139296,3,52
139241,139292,139296,4,51
139241,139292,139296,4,51
139241,139292,139296,4,51
139241,139292,139296,4,51
139241,139294,139296,2,53
139241,139294,139296,2,53
139241,139294,139296,2,53
139241,139294,139297,3,53
139241,139294,139297,3,53
139241,139294,139297,3,53
139241,139293,139296,3,52
139241,139294,139297,3,53
139241,139294,139297,3,53
139241,139294,139297,3,53
139241,139294,139297,3,53
139241,139292,139297,5,51
139241,139292,139297,5,51
139241,139292,139297,5,51
139241,139293,139297,4,52
139241,139292,139296,4,51
139241,139293,139297,4,52
139241,139294,139297,3,53
139241,139293,139297,4,52
139241,139293,139297,4,52
139241,139293,139297,4,52
139241,139295,139298,3,54
139241,139295,139298,3,54
139241,139296,139298,2,55
139241,139295,139298,3,54
139241,139295,139298,3,54
139241,139296,139298,2,55
139241,139296,139298,2,55
139241,139296,139298,2,55
139241,139295,139298,3,54
139241,139295,139298,3,54
139241,139295,139298,3,54
139241,139295,139298,3,54
139241,139296,139299,3,55
139241,139295,139298,3,54
139241,139295,139299,4,54
139241,139296,139299,3,55
139241,139296,139299,3,55
139241,139296,139299,3,55
139241,139296,139299,3,55
139241,139296,139299,3,55
139241,139297,139299,2,56
139241,139297,139299,2,56
139241,139297,139299,2,56
139241,139297,139299,2,56
139241,139297,139299,2,56
139241,139298,139299,1,57
139241,139296,139299,3,55
139241,139297,139300,3,56
139241,139296,139300,4,55
139241,139296,139300,4,55
139241,139296,139299,3,55
139241,139296,139300,4,55
139241,139296,139300,4,55
139241,139296,139300,4,55
139241,139296,139300,4,55
139241,139296,139300,4,55
139241,139296,139300,4,55
139241,139297,139300,3,56
139241,139296,139300,4,55
139241,139297,139300,3,56
139241,139297,139300,3,56
139241,139296,139300,4,55
139241,139296,139300,4,55
139241,139297,139300,3,56
139241,139296,139300,4,55
139241,139297,139301,4,56
139241,139297,139301,4,56
139241,139296,139300,4,55
139241,139297,139301,4,56
139241,139297,139301,4,56
139241,139297,139301,4,56
139241,139298,139301,3,57
139241,139297,139301,4,56
139241,139297,139301,4,56
139241,139298,139302,4,57
139241,139299,139301,2,58
139241,139297,139301,4,56
139241,139298,139301,3,57
139241,139298,139302,4,57
139241,139300,139302,2,59
139241,139300,139302,2,59
139241,139300,139302,2,59
139241,139300,139302,2,59
139241,139298,139301,3,57
139241,139298,139302,4,57
139241,139298,139302,4,57
139241,139299,139302,3,58
139241,139300,139302,2,59
139241,139300,139302,2,59
139241,139299,139302,3,58
139241,139299,139302,3,58
139241,139300,139303,3,59
139241,139299,139302,3,58
139241,139299,139302,3,58
139241,139298,139302,4,57
139241,139298,139302,4,57
139241,139300,139302,2,59
139241,139300,139302,2,59
139241,139299,139303,4,58
139241,139300,139303,3,59
139241,139299,139303,4,58
139241,139301,139303,2,60
139241,139301,139303,2,60
139241,139301,139303,2,60
139241,139301,139303,2,60
139241,139302,139304,2,61
139241,139301,139304,3,60
139241,139299,139303,4,58
139241,139300,139303,3,59
139241,139300,139303,3,59
139241,139300,139303,3,59
139241,139301,139304,3,60
139241,139300,139304,4,59
139241,139299,139303,4,58
139241,139300,139303,3,59
139241,139300,139303,3,59
139241,139301,139304,3,60
139241,139301,139303,2,60
139241,139299,139303,4,58
139241,139300,139303,3,59
139241,139302,139304,2,61
139241,139302,139304,2,61
139241,139299,139304,5,58
139241,139301,139304,3,60
139241,139301,139304,3,60
139241,139302,139304,2,61
139241,139302,139304,2,61
139241,139302,139304,2,61
139241,139303,139305,2,62
139241,139302,139304,2,61
139241,139303,139305,2,62
139241,139302,139305,3,61
139241,139302,139304,2,61
139241,139301,139305,4,60
139241,139301,139305,4,60
139241,139301,139305,4,60
139241,139301,139304,3,60
139241,139302,139305,3,61
139241,139301,139305,4,60
139241,139303,139306,3,62
139241,139302,139305,3,61
139241,139303,139306,3,62
139241,139302,139305,3,61
139241,139304,139306,2,63
139241,139303,139306,3,62
139241,139304,139306,2,63
139241,139304,139306,2,63
139241,139302,139306,4,61
139241,139302,139306,4,61
139241,139302,139306,4,61
139241,139304,139307,3,63
139241,139303,139307,4,62
139241,139304,139306,2,63
139241,139305,139307,2,64
139241,139303,139306,3,62
139241,139304,139307,3,63
139241,139304,139307,3,63
139241,139304,139306,2,63
139241,139304,139306,2,63
139241,139305,139307,2,64
139241,139303,139306,3,62
139241,139303,139307,4,62
139241,139304,139307,3,63
139241,139304,139307,3,63
139241,139304,139306,2,63
139241,139303,139307,4,62
139241,139303,139306,3,62
139241,139304,139307,3,63
139241,139305,139307,2,64
139241,139303,139307,4,62
139241,139305,139307,2,64
139241,139305,139307,2,64
139241,139304,139307,3,63
139241,139303,139307,4,62
139241,139305,139307,2,64
139241,139304,139307,3,63
139241,139304,139308,4,63
139241,139305,139307,2,64
139241,139303,139307,4,62
139241,139303,139307,4,62
139241,139304,139307,3,63
139241,139304,139307,3,63
138306,138306,139308,1002,0
138303,138303,139308,1005,0
139241,139304,139308,4,63
139241,139305,139308,3,64
139241,139305,139308,3,64
139241,139305,139309,4,64
139241,139304,139308,4,63
139241,139304,139308,4,63
139241,139304,139309,5,63
139241,139304,139308,4,63
139241,139305,139309,4,64
139241,139305,139309,4,64
139241,139305,139309,4,64
139241,139305,139310,5,64
139241,139305,139310,5,64
139241,139305,139309,4,64
139241,139306,139310,4,65
139241,139306,139310,4,65
139241,139306,139310,4,65
139241,139307,139310,3,66
139241,139307,139310,3,66
139241,139306,139310,4,65
139241,139307,139310,3,66
139241,139307,139310,3,66
139241,139307,139310,3,66
139241,139307,139310,3,66
139241,139307,139310,3,66
139241,139307,139310,3,66
139241,139307,139310,3,66
139241,139308,139310,2,67
139241,139306,139311,5,65
139241,139307,139310,3,66
139241,139307,139311,4,66
139241,139308,139310,2,67
139241,139307,139310,3,66
139241,139307,139310,3,66
139241,139308,139311,3,67
139241,139307,139310,3,66
139241,139307,139311,4,66
139241,139307,139311,4,66
139241,139308,139311,3,67
139241,139306,139311,5,65
139241,139306,139311,5,65
139241,139306,139311,5,65
139241,139307,139311,4,66
139241,139307,139311,4,66
139241,139307,139311,4,66
139241,139306,139311,5,65
139241,139307,139310,3,66
139241,139307,139311,4,66
139241,139307,139311,4,66
139241,139307,139311,4,66
139241,139309,139312,3,68
139241,139308,139312,4,67
139241,139308,139312,4,67
139241,139308,139311,3,67
139241,139309,139312,3,68
139241,139309,139312,3,68
139241,139310,139312,2,69
139241,139307,139311,4,66
139241,139307,139312,5,66
139241,139307,139311,4,66
139241,139308,139312,4,67
139241,139308,139312,4,67
139241,139309,139312,3,68
139241,139310,139313,3,69
139241,139310,139313,3,69
139241,139309,139312,3,68
139241,139309,139312,3,68
139241,139309,139312,3,68
139241,139309,139313,4,68
139241,139309,139313,4,68
139241,139309,139313,4,68
139241,139309,139313,4,68
139241,139310,139313,3,69
139241,139310,139313,3,69
139241,139310,139313,3,69
139241,139310,139313,3,69
139241,139311,139313,2,70
139241,139310,139313,3,69
139241,139310,139313,3,69
139241,139310,139313,3,69
139241,139312,139314,2,71
139241,139312,139314,2,71
139241,139312,139313,1,71
139241,139310,139313,3,69
139241,139312,139314,2,71
139241,139310,139314,4,69
139241,139310,139314,4,69
139241,139312,139314,2,71
139241,139313,139314,1,72
139241,139313,139314,1,72
139241,139311,139314,3,70
139241,139311,139314,3,70
139241,139311,139315,4,70
139241,139311,139315,4,70
139241,139311,139315,4,70
139241,139311,139315,4,70
139241,139313,139315,2,72
139241,139313,139315,2,72
139241,139311,139315,4,70
139241,139311,139315,4,70
139241,139312,139315,3,71
139241,139311,139315,4,70
139241,139311,139315,4,70
139241,139311,139315,4,70
139241,139311,139316,5,70
139241,139311,139316,5,70
139241,139313,139316,3,72
139241,139313,139316,3,72
139241,139313,139317,4,72
139241,139313,139316,3,72
139241,139313,139316,3,72
139241,139311,139316,5,70
139241,139311,139316,5,70
139241,139312,139316,4,71
139241,139312,139317,5,71
139241,139312,139317,5,71
139241,139312,139317,5,71
139241,139312,139316,4,71
139241,139311,139316,5,70
139241,139311,139316,5,70
139241,139311,139316,5,70
139241,139311,139316,5,70
139241,139311,139316,5,70
139241,139312,139316,4,71
139241,139314,139316,2,73
139241,139313,139316,3,72
139241,139312,139316,4,71
139241,139313,139317,4,72
139241,139313,139317,4,72
139241,139315,139317,2,74
139241,139312,139317,5,71
139241,139313,139317,4,72
139241,139315,139317,2,74
138335,138336,139317,981,1
139241,139314,139318,4,73
139241,139313,139317,4,72
139241,139313,139317,4,72
139241,139313,139317,4,72
139241,139313,139318,5,72
139241,139315,139317,2,74
139241,139315,139319,4,74
139241,139313,139318,5,72
139241,139316,139318,2,75
139241,139315,139318,3,74
139241,139315,139318,3,74
139241,139314,139318,4,73
139241,139314,139318,4,73
139241,139315,139319,4,74
139241,139313,139318,5,72
139241,139315,139318,3,74
139241,139316,139320,4,75
139241,139314,139319,5,73
139241,139317,139319,2,76
139241,139317,139319,2,76
139241,139317,139320,3,76
139241,139316,139319,3,75
139241,139317,139319,2,76
139241,139317,139320,3,76
139241,139315,139319,4,74
139241,139315,139319,4,74
139241,139315,139319,4,74
139241,139315,139319,4,74
139241,139315,139319,4,74
139241,139316,139320,4,75
139241,139316,139319,3,75
139241,139316,139319,3,75
139241,139316,139320,4,75
139241,139317,139320,3,76
138355,138357,139320,963,2
139241,139316,139320,4,75
139241,139316,139319,3,75
139241,139317,139320,3,76
139241,139317,139320,3,76
139241,139317,139320,3,76
139241,139317,139321,4,76
139241,139317,139320,3,76
139241,139317,139320,3,76
139241,139317,139320,3,76
139241,139317,139320,3,76
139241,139317,139321,4,76
139241,139318,139321,3,77
139241,139317,139321,4,76
139241,139317,139320,3,76
139241,139318,139321,3,77
139241,139316,139321,5,75
139241,139317,139320,3,76
139241,139317,139321,4,76
139241,139318,139321,3,77
139241,139316,139320,4,75
139241,139317,139321,4,76
139241,139318,139321,3,77
139241,139318,139321,3,77
139241,139318,139322,4,77
139241,139318,139322,4,77
139241,139319,139322,3,78
139249,139319,139322,3,70
139241,139318,139322,4,77
139241,139318,139321,3,77
139241,139317,139321,4,76
139241,139317,139321,4,76
139249,139319,139322,3,70
139241,139318,139322,4,77
139241,139319,139323,4,78
139249,139319,139322,3,70
139249,139319,139323,4,70
139249,139319,139322,3,70
139241,139318,139322,4,77
139241,139318,139322,4,77
139241,139318,139322,4,77
139241,139319,139323,4,78
139249,139319,139323,4,70
139249,139320,139323,3,71
139249,139321,139323,2,72
139249,139321,139323,2,72
139249,139320,139323,3,71
139249,139320,139323,3,71
139249,139320,139323,3,71
139249,139320,139323,3,71
139249,139321,139324,3,72
139249,139321,139324,3,72
139249,139321,139324,3,72
139249,139322,139324,2,73
139249,139322,139324,2,73
139249,139320,139324,4,71
139249,139320,139324,4,71
139249,139321,139323,2,72
139249,139320,139324,4,71
139249,139320,139324,4,71
139249,139320,139324,4,71
139249,139320,139324,4,71
139249,139321,139323,2,72
139249,139320,139324,4,71
139249,139321,139324,3,72
139249,139321,139323,2,72
139249,139322,139324,2,73
139249,139321,139324,3,72
139249,139322,139324,2,73
139249,139323,139324,1,74
139249,139321,139325,4,72
139249,139320,139324,4,71
139249,139320,139325,5,71
139249,139320,139324,4,71
139249,139321,139324,3,72
139249,139321,139325,4,72
139249,139320,139325,5,71
139249,139320,139324,4,71
139249,139320,139324,4,71
139249,139320,139325,5,71
139249,139320,139325,5,71
139249,139321,139325,4,72
139249,139321,139324,3,72
139249,139320,139324,4,71
139249,139321,139324,3,72
139249,139321,139325,4,72
139249,139321,139325,4,72
139249,139322,139325,3,73
139249,139321,139325,4,72
139249,139323,139325,2,74
139249,139323,139326,3,74
139249,139323,139326,3,74
139249,139322,139326,4,73
139249,139322,139326,4,73
139249,139323,139326,3,74
139249,139321,139326,5,72
139249,139322,139326,4,73
139249,139322,139326,4,73
139249,139322,139326,4,73
139249,139323,139326,3,74
139249,139324,139327,3,75
139249,139325,139327,2,76
139249,139324,139327,3,75
139249,139322,139327,5,73
139249,139323,139327,4,74
139249,139323,139327,4,74
139249,139324,139327,3,75
139249,139324,139327,3,75
139249,139324,139327,3,75
139249,139323,139327,4,74
139249,139324,139327,3,75
139249,139323,139327,4,74
139249,139324,139327,3,75
139249,139324,139327,3,75
139249,139324,139327,3,75
139249,139323,139327,4,74
139249,139324,139327,3,75
139249,139324,139327,3,75
139249,139325,139328,3,76
139249,139325,139327,2,76
139249,139325,139327,2,76
139249,139324,139327,3,75
139249,139326,139328,2,77
139249,139324,139327,3,75
139249,139325,139327,2,76
139249,139325,139327,2,76
139249,139325,139328,3,76
139249,139325,139328,3,76
139249,139325,139328,3,76
139249,139324,139328,4,75
139249,139324,139328,4,75
139249,139324,139328,4,75
139249,139324,139328,4,75
139249,139325,139328,3,76
139249,139325,139328,3,76
139249,139325,139328,3,76
139249,139325,139328,3,76
139249,139324,139328,4,75
139249,139325,139328,3,76
139249,139325,139328,3,76
139249,139323,139328,5,74
139249,139324,139328,4,75
139249,139324,139328,4,75
139249,139326,139328,2,77
139249,139326,139328,2,77
139249,139326,139329,3,77
139249,139325,139328,3,76
139249,139326,139329,3,77
139249,139326,139329,3,77
139249,139326,139329,3,77
139249,139326,139329,3,77
139249,139324,139329,5,75
139249,139325,139329,4,76
139249,139325,139329,4,76
139249,139326,139329,3,77
138295,138295,139330,1035,0
138304,138305,139329,1024,1
139251,139328,139330,2,77
139249,139326,139330,4,77
139249,139326,139330,4,77
139251,139326,139330,4,75
139251,139326,139330,4,75
139251,139329,139330,1,78
139251,139326,139330,4,75
139251,139326,139330,4,75
139251,139328,139331,3,77
139251,139328,139331,3,77
139251,139329,139330,1,78
139251,139329,139330,1,78
139251,139328,139330,2,77
139251,139328,139330,2,77
139251,139328,139330,2,77
139251,139329,139330,1,78
139251,139329,139330,1,78
139251,139327,139330,3,76
139251,139328,139330,2,77
139251,139328,139330,2,77
139251,139327,139331,4,76
139251,139327,139331,4,76
139251,139328,139331,3,77
139251,139328,139331,3,77
139251,139327,139331,4,76
139251,139329,139331,2,78
139251,139328,139331,3,77
139251,139328,139331,3,77
139251,139328,139332,4,77
139251,139328,139332,4,77
139251,139328,139331,3,77
139251,139328,139331,3,77
139251,139329,139331,2,78
139251,139329,139332,3,78
139251,139328,139332,4,77
139251,139328,139332,4,77
139251,139328,139332,4,77
139251,139328,139332,4,77
139251,139329,139332,3,78
139251,139329,139332,3,78
139251,139329,139332,3,78
139251,139329,139332,3,78
139251,139329,139332,3,78
139251,139329,139332,3,78
139251,139328,139332,4,77
139251,139328,139332,4,77
139251,139329,139332,3,78
139251,139328,139332,4,77
139251,139328,139332,4,77
139251,139328,139332,4,77
139251,139329,139333,4,78
139251,139329,139333,4,78
139251,139332,139333,1,81
139251,139332,139333,1,81
139251,139329,139333,4,78
139251,139330,139333,3,79
139251,139329,139333,4,78
139251,139330,139333,3,79
139251,139330,139333,3,79
139251,139330,139333,3,79
139251,139332,139334,2,81
139251,139330,139334,4,79
139251,139331,139334,3,80
139251,139331,139334,3,80
139251,139330,139334,4,79
139251,139330,139334,4,79
139251,139331,139334,3,80
139251,139329,139334,5,78
139251,139329,139334,5,78
139251,139332,139334,2,81
139251,139332,139334,2,81
139251,139331,139334,3,80
139251,139331,139334,3,80
139251,139332,139334,2,81
138340,138345,139334,989,5
139251,139331,139334,3,80
139251,139331,139334,3,80
139251,139331,139335,4,80
139251,139332,139334,2,81
139251,139331,139334,3,80
139251,139331,139335,4,80
139251,139331,139334,3,80
139251,139332,139335,3,81
139251,139331,139335,4,80
139251,139331,139334,3,80
139251,139331,139334,3,80
139251,139331,139335,4,80
139251,139331,139334,3,80
139251,139331,139335,4,80
139251,139332,139335,3,81
139251,139331,139335,4,80
139251,139334,139336,2,83
139251,139330,139335,5,79
139251,139333,139335,2,82
139251,139333,139336,3,82
139251,139333,139335,2,82
139251,139333,139336,3,82
139251,139333,139336,3,82
139251,139333,139335,2,82
139251,139333,139335,2,82
139251,139333,139335,2,82
139251,139333,139335,2,82
139251,139332,139335,3,81
139251,139333,139336,3,82
139251,139333,139336,3,82
139251,139333,139335,2,82
139251,139332,139335,3,81
139251,139331,139336,5,80
139251,139332,139335,3,81
139251,139332,139335,3,81
139251,139334,139336,2,83
139251,139333,139336,3,82
139251,139333,139336,3,82
139251,139334,139336,2,83
139251,139334,139336,2,83
139251,139334,139337,3,83
139251,139334,139337,3,83
139251,139334,139337,3,83
139251,139334,139336,2,83
139251,139333,139336,3,82
139251,139333,139336,3,82
139251,139332,139336,4,81
139251,139336,139337,1,85
139251,139336,139337,1,85
139251,139336,139337,1,85
139251,139334,139337,3,83
139251,139336,139338,2,85
139251,139335,139338,3,84
139251,139335,139338,3,84
139251,139336,139338,2,85
139251,139335,139338,3,84
139251,139336,139338,2,85
139251,139335,139339,4,84
139251,139336,139338,2,85
139251,139336,139339,3,85
139251,139336,139339,3,85
139251,139337,139339,2,86
139251,139337,139339,2,86
139251,139336,139339,3,85
139251,139334,139339,5,83
139251,139336,139339,3,85
139251,139336,139339,3,85
139251,139334,139338,4,83
139251,139335,139338,3,84
139251,139336,139339,3,85
139251,139336,139338,2,85
139251,139337,139339,2,86
139251,139334,139339,5,83
139251,139334,139339,5,83
139251,139335,139339,4,84
139251,139335,139339,4,84
139251,139335,139339,4,84
139251,139337,139340,3,86
139251,139334,139339,5,83
139251,139336,139340,4,85
139251,139337,139340,3,86
139251,139337,139339,2,86
139251,139335,139340,5,84
139251,139334,139339,5,83
139251,139335,139340,5,84
139251,139334,139339,5,83
139251,139335,139340,5,84
139251,139335,139340,5,84
139251,139337,139340,3,86
139251,139335,139340,5,84
139251,139336,139340,4,85
139251,139336,139339,3,85
139251,139335,139340,5,84
139251,139335,139340,5,84
139251,139336,139339,3,85
139251,139334,139340,6,83
139251,139337,139340,3,86
139251,139337,139341,4,86
139251,139335,139340,5,84
139251,139335,139341,6,84
139251,139336,139341,5,85
139251,139336,139341,5,85
139251,139335,139341,6,84
139251,139335,139340,5,84
139251,139336,139341,5,85
139251,139337,139341,4,86
139251,139335,139340,5,84
139251,139335,139340,5,84
139251,139335,139341,6,84
139251,139337,139341,4,86
139251,139338,139342,4,87
139251,139337,139341,4,86
139251,139338,139342,4,87
139251,139339,139342,3,88
139251,139339,139342,3,88
139251,139339,139342,3,88
139251,139339,139342,3,88
139251,139339,139342,3,88
139251,139339,139342,3,88
139251,139338,139343,5,87
139251,139338,139342,4,87
139251,139338,139343,5,87
139251,139339,139343,4,88
139251,139339,139343,4,88
139251,139339,139343,4,88
139251,139338,139342,4,87
139251,139338,139343,5,87
139251,139340,139343,3,89
139251,139339,139343,4,88
139251,139339,139344,5,88
139251,139340,139343,3,89
139251,139340,139343,3,89
139251,139340,139343,3,89
139251,139340,139343,3,89
139251,139338,139343,5,87
139251,139340,139343,3,89
139251,139341,139344,3,90
139251,139341,139344,3,90
139251,139339,139344,5,88
139251,139339,139344,5,88
139251,139341,139344,3,90
139251,139341,139344,3,90
139251,139339,139344,5,88
139251,139340,139344,4,89
139251,139340,139344,4,89
139251,139339,139343,4,88
139251,139341,139344,3,90
139251,139339,139344,5,88
139251,139340,139344,4,89
139251,139339,139344,5,88
139251,139340,139344,4,89
139251,139340,139345,5,89
139251,139340,139344,4,89
139251,139341,139345,4,90
139251,139340,139345,5,89
139251,139340,139345,5,89
139251,139341,139345,4,90
139251,139341,139345,4,90
139251,139340,139345,5,89
139251,139340,139345,5,89
139260,139341,139345,4,81
139251,139340,139345,5,89
139251,139340,139345,5,89
139251,139340,139345,5,89
139251,139340,139345,5,89
139251,139340,139345,5,89
139260,139342,139345,3,82
139260,139342,139345,3,82
139251,139340,139345,5,89
139251,139340,139345,5,89
139260,139342,139345,3,82
139260,139342,139345,3,82
139260,139342,139346,4,82
139260,139344,139346,2,84
139260,139344,139345,1,84
139260,139342,139346,4,82
139260,139344,139346,2,84
139260,139344,139346,2,84
139251,139341,139346,5,90
139260,139345,139346,1,85
139260,139345,139346,1,85
139260,139345,139347,2,85
139260,139345,139346,1,85
139260,139342,139346,4,82
139260,139344,139347,3,84
139260,139345,139346,1,85
139260,139343,139346,3,83
139260,139343,139346,3,83
139260,139345,139346,1,85
139260,139345,139347,2,85
139260,139343,139346,3,83
139260,139343,139346,3,83
139260,139343,139346,3,83
139260,139343,139347,4,83
139260,139344,139347,3,84
139260,139343,139347,4,83
139260,139343,139347,4,83
139260,139343,139347,4,83
139260,139343,139347,4,83
139260,139345,139348,3,85
139260,139345,139347,2,85
139260,139345,139347,2,85
139260,139346,139348,2,86
139260,139344,139348,4,84
139260,139344,139348,4,84
139260,139345,139347,2,85
139260,139343,139347,4,83
139260,139344,139347,3,84
139260,139345,139348,3,85
139260,139344,139347,3,84
139260,139344,139347,3,84
139260,139343,139348,5,83
139260,139345,139348,3,85
139260,139346,139348,2,86
139260,139346,139348,2,86
139260,139347,139349,2,87
139260,139345,139348,3,85
139260,139346,139348,2,86
139260,139347,139349,2,87
139260,139347,139348,1,87
139260,139347,139348,1,87
139260,139344,139348,4,84
139260,139347,139348,1,87
139260,139347,139349,2,87
139260,139347,139349,2,87
139260,139344,139348,4,84
139260,139346,139350,4,86
139260,139346,139349,3,86
139260,139346,139349,3,86
139260,139347,139350,3,87
139260,139348,139350,2,88
139260,139346,139350,4,86
139260,139347,139350,3,87
139260,139347,139350,3,87
139260,139347,139349,2,87
139260,139346,139349,3,86
139260,139346,139349,3,86
139260,139347,139349,2,87
139260,139345,139349,4,85
139260,139346,139350,4,86
139260,139346,139350,4,86
139260,139346,139350,4,86
139260,139347,139349,2,87
139260,139345,139349,4,85
139260,139347,139349,2,87
139260,139346,139350,4,86
139260,139348,139351,3,88
139260,139348,139350,2,88
139260,139346,139350,4,86
139260,139346,139350,4,86
139260,139348,139350,2,88
139260,139348,139350,2,88
139260,139347,139350,3,87
139260,139347,139350,3,87
139260,139348,139350,2,88
139260,139349,139351,2,89
139260,139347,139350,3,87
139260,139348,139350,2,88
139260,139348,139351,3,88
139260,139346,139350,4,86
139260,139346,139350,4,86
139260,139346,139350,4,86
139260,139348,139351,3,88
139260,139346,139350,4,86
139260,139346,139350,4,86
139260,139348,139351,3,88
139260,139346,139350,4,86
139260,139348,139350,2,88
139260,139346,139351,5,86
139260,139348,139351,3,88
139260,139349,139351,2,89
139260,139349,139352,3,89
139260,139349,139351,2,89
139260,139349,139351,2,89
139260,139349,139351,2,89
139260,139349,139352,3,89
139260,139349,139352,3,89
139260,139349,139352,3,89
139260,139349,139352,3,89
139260,139349,139352,3,89
139260,139348,139352,4,88
139260,139348,139352,4,88
139260,139348,139352,4,88
139260,139349,139352,3,89
139260,139346,139351,5,86
139260,139348,139352,4,88
139260,139349,139352,3,89
139261,139351,139353,2,90
139261,139351,139352,1,90
139261,139351,139353,2,90
139261,139351,139353,2,90
139261,139349,139353,4,88
139260,139349,139352,3,89
139261,139351,139353,2,90
139261,139351,139353,2,90
139261,139350,139353,3,89
139261,139351,139354,3,90
139261,139352,139354,2,91
139261,139352,139353,1,91
139261,139350,139353,3,89
139261,139350,139354,4,89
139261,139351,139353,2,90
139261,139351,139353,2,90
139261,139351,139354,3,90
139261,139351,139354,3,90
139261,139351,139354,3,90
139261,139350,139354,4,89
139261,139352,139354,2,91
139261,139352,139354,2,91
139261,139350,139354,4,89
139261,139351,139354,3,90
139261,139351,139354,3,90
139261,139350,139354,4,89
139261,139350,139354,4,89
139261,139350,139354,4,89
139261,139351,139354,3,90
139261,139351,139354,3,90
139261,139351,139354,3,90
139261,139350,139354,4,89
139261,139350,139355,5,89
139261,139350,139355,5,89
139261,139350,139355,5,89
139261,139350,139354,4,89
139261,139350,139355,5,89
139261,139350,139355,5,89
139261,139352,139355,3,91
139261,139350,139355,5,89
139261,139350,139355,5,89
139261,139351,139355,4,90
139261,139351,139355,4,90
139261,139350,139354,4,89
139261,139351,139355,4,90
139261,139351,139355,4,90
139261,139351,139355,4,90
139261,139350,139355,5,89
139261,139352,139355,3,91
139261,139352,139355,3,91
139261,139351,139355,4,90
139261,139352,139356,4,91
139261,139352,139356,4,91
139261,139354,139357,3,93
139261,139354,139356,2,93
139261,139354,139357,3,93
139261,139354,139356,2,93
139261,139352,139357,5,91
139261,139353,139357,4,92
139261,139353,139357,4,92
139261,139354,139357,3,93
139261,139353,139357,4,92
139261,139354,139357,3,93
139261,139354,139357,3,93
139261,139354,139357,3,93
139261,139353,139357,4,92
139261,139352,139357,5,91
139261,139352,139357,5,91
139261,139354,139357,3,93
139261,139354,139357,3,93
139261,139352,139357,5,91
139261,139354,139358,4,93
139261,139352,139357,5,91
139261,139352,139357,5,91
139261,139353,139357,4,92
139261,139352,139357,5,91
139261,139352,139357,5,91
139261,139352,139357,5,91
139261,139353,139357,4,92
139261,139355,139357,2,94
139261,139353,139357,4,92
139261,139354,139358,4,93
139261,139354,139358,4,93
139261,139354,139358,4,93
139261,139355,139358,3,94
139261,139354,139358,4,93
139261,139355,139358,3,94
139261,139354,139358,4,93
139261,139355,139358,3,94
139261,139352,139358,6,91
139261,139353,139359,6,92
139261,139355,139358,3,94
139261,139355,139358,3,94
139261,139356,139359,3,95
139261,139356,139358,2,95
139261,139354,139358,4,93
139261,139356,139358,2,95
139261,139356,139358,2,95
139261,139355,139359,4,94
139261,139355,139359,4,94
139261,139356,139359,3,95
139261,139355,139359,4,94
139261,139355,139359,4,94
139261,139355,139358,3,94
139261,139354,139359,5,93
139261,139355,139359,4,94
139261,139355,139359,4,94
139261,139355,139359,4,94
139261,139355,139359,4,94
139261,139355,139359,4,94
139261,139355,139359,4,94
139261,139355,139359,4,94
139261,139356,139359,3,95
139261,139356,139360,4,95
139261,139357,139360,3,96
139261,139357,139360,3,96
139261,139357,139360,3,96
139261,139355,139360,5,94
139261,139356,139360,4,95
139261,139357,139361,4,96
139261,139357,139360,3,96
139261,139360,139361,1,99
139261,139360,139361,1,99
139261,139361,139362,1,100
139261,139358,139361,3,97
139261,139358,139362,4,97
139261,139358,139362,4,97
139261,139358,139361,3,97
139261,139359,139362,3,98
139261,139359,139362,3,98
139261,139359,139362,3,98
139261,139359,139361,2,98
139261,139360,139362,2,99
139261,139360,139361,1,99
139261,139358,139362,4,97
139261,139359,139362,3,98
139261,139361,139362,1,100
139261,139357,139362,5,96
139261,139359,139362,3,98
139261,139357,139362,5,96
139261,139357,139362,5,96
139261,139357,139363,6,96
139261,139357,139362,5,96
139261,139359,139362,3,98
139261,139361,139362,1,100
139261,139358,139362,4,97
139261,139358,139362,4,97
139261,139358,139363,5,97
139261,139359,139362,3,98
139261,139360,139362,2,99
139261,139358,139362,4,97
139261,139358,139363,5,97
139261,139359,139363,4,98
139261,139359,139363,4,98
139261,139359,139362,3,98
139261,139359,139362,3,98
139261,139358,139362,4,97
139261,139358,139363,5,97
139261,139359,139363,4,98
139261,139359,139363,4,98
139261,139361,139363,2,100
139261,139361,139363,2,100
138298,138298,139363,1065,0
139261,139358,139363,5,97
139261,139358,139364,6,97
139261,139358,139363,5,97
139261,139359,139363,4,98
139261,139360,139363,3,99
139261,139360,139363,3,99
139261,139358,139363,5,97
139261,139358,139363,5,97
139261,139360,139363,3,99
139261,139360,139363,3,99
139261,139360,139363,3,99
139261,139358,139363,5,97
139261,139360,139364,4,99
139261,139358,139363,5,97
139261,139358,139363,5,97
139261,139358,139363,5,97
139261,139359,139364,5,98
139261,139360,139364,4,99
139261,139358,139364,6,97
139261,139362,139364,2,101
139261,139359,139364,5,98
139261,139363,139365,2,102
139261,139360,139365,5,99
139261,139360,139365,5,99
139261,139363,139366,3,102
139261,139363,139366,3,102
139261,139363,139366,3,102
139261,139363,139366,3,102
139261,139362,139366,4,101
139261,139362,139365,3,101
139261,139362,139366,4,101
139261,139362,139366,4,101
139261,139363,139366,3,102
139261,139363,139366,3,102
139261,139362,139366,4,101
139261,139362,139366,4,101
139261,139363,139366,3,102
139261,139363,139366,3,102
139261,139363,139366,3,102
139261,139362,139367,5,101
139261,139362,139367,5,101
139261,139363,139367,4,102
139261,139363,139366,3,102
139261,139362,139366,4,101
139261,139363,139367,4,102
139261,139363,139366,3,102
139261,139363,139367,4,102
139261,139364,139367,3,103
139261,139363,139366,3,102
139261,139362,139366,4,101
139261,139362,139367,5,101
139261,139362,139367,5,101
139261,139364,139367,3,103
139261,139363,139367,4,102
139261,139363,139367,4,102
139261,139364,139367,3,103
139261,139364,139368,4,103
139261,139364,139367,3,103
139261,139364,139368,4,103
139261,139364,139368,4,103
139261,139363,139367,4,102
139261,139364,139368,4,103
139261,139363,139368,5,102
139261,139364,139368,4,103
139261,139364,139368,4,103
139261,139363,139368,5,102
139261,139363,139367,4,102
139261,139363,139367,4,102
139261,139363,139367,4,102
139261,139363,139367,4,102
139261,139364,139368,4,103
139261,139364,139368,4,103
139261,139364,139369,5,103
139261,139364,139368,4,103
139261,139364,139368,4,103
139261,139364,139368,4,103
139261,139364,139368,4,103
139261,139363,139368,5,102
139261,139364,139369,5,103
138327,138327,139380,1053,0
138318,138318,139385,1067,0
138322,138323,139393,1070,1
138308,138308,139394,1086,0
138310,138310,139394,1084,0
138314,138314,139394,1080,0
139395,139396,139398,2,1
139395,139396,139398,2,1
139395,139396,139398,2,1
139395,139396,139398,2,1
139395,139396,139398,2,1
139395,139396,139398,2,1
139395,139396,139399,3,1
139395,139396,139399,3,1
139395,139396,139399,3,1
139395,139396,139399,3,1
139395,139396,139399,3,1
139395,139396,139400,4,1
139395,139396,139399,3,1
139395,139396,139400,4,1
139395,139396,139399,3,1
139395,139396,139399,3,1
139395,139396,139399,3,1
139395,139396,139399,3,1
139395,139396,139399,3,1
139395,139396,139399,3,1
139395,139396,139399,3,1
139395,139396,139399,3,1
139395,139396,139400,4,1
139395,139396,139400,4,1
139395,139396,139400,4,1
139395,139396,139399,3,1
138316,138316,139399,1083,0
138332,138332,139399,1067,0
139395,139396,139399,3,1
139395,139396,139399,3,1
139395,139396,139399,3,1
139395,139396,139399,3,1
139395,139396,139399,3,1
139395,139398,139400,2,3
139395,139396,139400,4,1
139395,139396,139400,4,1
139395,139396,139401,5,1
139395,139396,139400,4,1
139395,139396,139400,4,1
139395,139396,139400,4,1
139395,139396,139400,4,1
139395,139396,139400,4,1
139395,139396,139400,4,1
139395,139396,139401,5,1
139395,139396,139400,4,1
139395,139396,139400,4,1
139395,139396,139400,4,1
139395,139396,139400,4,1
139395,139396,139400,4,1
139395,139396,139401,5,1
139395,139396,139401,5,1
139395,139396,139400,4,1
139395,139396,139401,5,1
139395,139396,139400,4,1
139395,139396,139400,4,1
139395,139396,139401,5,1
139395,139396,139400,4,1
139395,139396,139400,4,1
139395,139396,139401,5,1
139395,139396,139400,4,1
139395,139396,139400,4,1
139395,139396,139400,4,1
139395,139396,139401,5,1
139395,139396,139400,4,1
139395,139399,139401,2,4
139395,139399,139402,3,4
139395,139400,139401,1,5
139395,139400,139401,1,5
139395,139400,139401,1,5
139395,139400,139401,1,5
139395,139400,139402,2,5
139395,139400,139402,2,5
139395,139396,139401,5,1
139395,139399,139402,3,4
139395,139400,139402,2,5
139395,139396,139401,5,1
139395,139400,139402,2,5
139395,139400,139401,1,5
139395,139399,139402,3,4
139395,139398,139402,4,3
139395,139399,139402,3,4
139395,139399,139402,3,4
139395,139399,139402,3,4
139395,139400,139403,3,5
139395,139400,139403,3,5
139395,139399,139402,3,4
139395,139400,139403,3,5
139395,139400,139403,3,5
139395,139399,139403,4,4
139395,139399,139403,4,4
139395,139400,139402,2,5
139395,139400,139402,2,5
139395,139400,139403,3,5
139395,139400,139402,2,5
139395,139400,139402,2,5
139395,139400,139403,3,5
139395,139400,139403,3,5
139395,139400,139403,3,5
139395,139400,139403,3,5
139395,139398,139403,5,3
139395,139401,139404,3,6
139395,139402,139404,2,7
139395,139400,139404,4,5
139395,139401,139404,3,6
139395,139401,139404,3,6
139395,139401,139404,3,6
139395,139402,139404,2,7
139395,139401,139403,2,6
139395,139401,139404,3,6
139395,139401,139404,3,6
139395,139401,139404,3,6
139395,139401,139403,2,6
139395,139401,139404,3,6
139395,139400,139404,4,5
139395,139400,139403,3,5
139395,139401,139404,3,6
139395,139400,139403,3,5
139395,139401,139404,3,6
139395,139402,139404,2,7
139395,139401,139404,3,6
139395,139403,139405,2,8
139395,139401,139404,3,6
139395,139401,139404,3,6
139395,139401,139404,3,6
139395,139401,139404,3,6
139395,139401,139405,4,6
139395,139401,139405,4,6
139395,139401,139405,4,6
139395,139401,139405,4,6
139395,139401,139404,3,6
139395,139401,139405,4,6
139395,139402,139404,2,7
139395,139402,139405,3,7
139395,139401,139405,4,6
139395,139401,139405,4,6
139395,139402,139405,3,7
139395,139401,139405,4,6
139395,139401,139404,3,6
139395,139401,139405,4,6
139395,139402,139405,3,7
139395,139401,139405,4,6
139395,139402,139405,3,7
139395,139402,139405,3,7
139395,139402,139405,3,7
139395,139403,139405,2,8
139395,139402,139406,4,7
139395,139402,139406,4,7
139395,139403,139406,3,8
139395,139401,139405,4,6
139395,139402,139406,4,7
139395,139403,139406,3,8
139395,139402,139406,4,7
139395,139403,139406,3,8
139395,139401,139406,5,6
139395,139403,139406,3,8
139395,139402,139406,4,7
139395,139402,139406,4,7
139395,139402,139407,5,7
139395,139403,139407,4,8
139395,139404,139407,3,9
139395,139403,139407,4,8
139395,139403,139407,4,8
139395,139403,139407,4,8
139395,139403,139407,4,8
139395,139403,139407,4,8
139395,139403,139407,4,8
139395,139404,139407,3,9
139395,139406,139407,1,11
139395,139403,139407,4,8
139395,139404,139407,3,9
139395,139406,139407,1,11
139395,139404,139407,3,9
139395,139406,139407,1,11
139395,139406,139407,1,11
139395,139406,139407,1,11
139395,139403,139407,4,8
139395,139405,139407,2,10
139395,139406,139407,1,11
139395,139406,139407,1,11
139395,139405,139408,3,10
139395,139404,139408,4,9
139395,139404,139408,4,9
139395,139404,139408,4,9
139395,139405,139407,2,10
139395,139405,139407,2,10
139395,139404,139408,4,9
139395,139404,139408,4,9
139395,139406,139408,2,11
139395,139403,139407,4,8
139395,139403,139408,5,8
139395,139404,139408,4,9
139395,139404,139408,4,9
139395,139404,139408,4,9
139395,139404,139408,4,9
139395,139404,139408,4,9
139395,139405,139408,3,10
139395,139406,139408,2,11
139395,139403,139408,5,8
139395,139405,139408,3,10
139395,139405,139408,3,10
139395,139405,139408,3,10
139395,139404,139408,4,9
139395,139404,139408,4,9
139395,139404,139408,4,9
139395,139407,139409,2,12
139395,139404,139408,4,9
139395,139405,139408,3,10
139395,139406,139409,3,11
139395,139406,139409,3,11
139395,139404,139409,5,9
139395,139404,139409,5,9
139395,139405,139409,4,10
139395,139406,139409,3,11
139395,139405,139409,4,10
139395,139405,139409,4,10
139395,139406,139409,3,11
139395,139406,139409,3,11
139395,139406,139409,3,11
139395,139406,139409,3,11
139395,139406,139409,3,11
139395,139406,139410,4,11
139395,139407,139409,2,12
139395,139407,139410,3,12
139395,139407,139410,3,12
139395,139407,139410,3,12
139395,139407,139410,3,12
139395,139407,139410,3,12
139395,139407,139410,3,12
139395,139408,139410,2,13
139395,139408,139411,3,13
139395,139408,139410,2,13
139395,139408,139410,2,13
139395,139408,139411,3,13
139395,139407,139410,3,12
139395,139408,139410,2,13
139395,139408,139411,3,13
139395,139408,139410,2,13
139395,139407,139410,3,12
139395,139407,139410,3,12
139395,139408,139411,3,13
139395,139407,139410,3,12
139395,139407,139411,4,12
139395,139409,139411,2,14
139395,139409,139411,2,14
139395,139409,139411,2,14
139395,139407,139411,4,12
139395,139408,139411,3,13
139395,139408,139411,3,13
139395,139408,139411,3,13
139395,139408,139411,3,13
139395,139409,139412,3,14
139395,139408,139411,3,13
139395,139408,139412,4,13
139395,139408,139412,4,13
139395,139409,139412,3,14
139395,139408,139412,4,13
139395,139409,139412,3,14
139395,139408,139412,4,13
139395,139408,139412,4,13
139395,139409,139412,3,14
139395,139410,139412,2,15
139395,139408,139412,4,13
139395,139408,139413,5,13
139395,139410,139412,2,15
139395,139410,139412,2,15
139395,139409,139412,3,14
139395,139409,139412,3,14
139395,139410,139413,3,15
139395,139409,139412,3,14
139395,139409,139412,3,14
139395,139409,139412,3,14
139395,139410,139413,3,15
139395,139410,139413,3,15
139395,139410,139413,3,15
139395,139409,139413,4,14
139395,139409,139413,4,14
139395,139409,139413,4,14
139395,139409,139412,3,14
139395,139408,139413,5,13
139395,139408,139413,5,13
139395,139408,139413,5,13
139395,139408,139413,5,13
139395,139409,139413,4,14
139395,139409,139413,4,14
139395,139411,139414,3,16
139395,139409,139413,4,14
139395,139409,139413,4,14
139395,139409,139413,4,14
139395,139410,139414,4,15
139395,139410,139414,4,15
139395,139410,139413,3,15
139395,139410,139414,4,15
139395,139409,139414,5,14
139395,139410,139414,4,15
138297,138297,139415,1118,0
139395,139411,139414,3,16
139395,139411,139414,3,16
139395,139411,139414,3,16
139395,139411,139415,4,16
139395,139411,139415,4,16
139395,139411,139414,3,16
139395,139411,139414,3,16
139395,139410,139414,4,15
139395,139411,139414,3,16
139395,139411,139415,4,16
139395,139411,139415,4,16
139395,139411,139415,4,16
139395,139411,139414,3,16
139395,139411,139414,3,16
139395,139412,139415,3,17
139395,139412,139414,2,17
139395,139411,139415,4,16
139395,139412,139415,3,17
139395,139412,139415,3,17
139395,139411,139415,4,16
139395,139413,139415,2,18
139395,139412,139415,3,17
139395,139412,139415,3,17
139395,139413,139415,2,18
139395,139413,139415,2,18
138300,138300,139415,1115,0
139395,139413,139416,3,18
139395,139413,139415,2,18
139395,139413,139415,2,18
139395,139412,139415,3,17
139395,139412,139416,4,17
139395,139413,139415,2,18
139395,139413,139416,3,18
139395,139413,139415,2,18
139395,139411,139415,4,16
139395,139414,139416,2,19
139395,139414,139416,2,19
139395,139414,139416,2,19
139395,139411,139415,4,16
139395,139413,139416,3,18
139395,139412,139415,3,17
139395,139412,139415,3,17
139395,139412,139416,4,17
139395,139412,139416,4,17
139395,139412,139415,3,17
139395,139413,139416,3,18
139395,139412,139415,3,17
139395,139412,139416,4,17
139395,139413,139416,3,18
139395,139413,139416,3,18
139395,139413,139416,3,18
139395,139414,139417,3,19
139395,139414,139417,3,19
139395,139412,139416,4,17
139395,139413,139416,3,18
139395,139414,139417,3,19
139395,139413,139416,3,18
139395,139414,139417,3,19
139395,139413,139416,3,18
139395,139414,139416,2,19
139395,139414,139416,2,19
139395,139414,139417,3,19
139395,139413,139416,3,18
139395,139414,139416,2,19
139395,139414,139416,2,19
139396,139414,139416,2,18
139395,139413,139416,3,18
139395,139413,139416,3,18
139396,139415,139417,2,19
139395,139414,139417,3,19
139396,139416,139418,2,20
139396,139416,139418,2,20
139396,139416,139417,1,20
139396,139415,139418,3,19
139396,139416,139417,1,20
139396,139416,139417,1,20
139396,139416,139418,2,20
139396,139415,139418,3,19
139396,139414,139418,4,18
139396,139415,139418,3,19
139396,139415,139418,3,19
139396,139414,139418,4,18
139396,139415,139418,3,19
139396,139415,139418,3,19
139396,139415,139418,3,19
139395,139413,139418,5,18
139396,139416,139419,3,20
139396,139415,139419,4,19
139396,139416,139419,3,20
139396,139417,139419,2,21
139396,139415,139418,3,19
139396,139416,139419,3,20
139396,139415,139418,3,19
139396,139416,139418,2,20
139396,139415,139419,4,19
139396,139416,139419,3,20
139396,139415,139418,3,19
139396,139415,139419,4,19
139396,139415,139419,4,19
139396,139416,139419,3,20
139396,139415,139419,4,19
139396,139415,139419,4,19
139396,139416,139418,2,20
139396,139416,139419,3,20
139396,139416,139419,3,20
139396,139416,139419,3,20
139396,139416,139419,3,20
139396,139416,139419,3,20
139396,139417,139420,3,21
139396,139417,139420,3,21
139396,139418,139420,2,22
139396,139418,139420,2,22
139396,139417,139420,3,21
139396,139418,139420,2,22
139396,139416,139420,4,20
139396,139416,139419,3,20
139396,139416,139419,3,20
139396,139418,139420,2,22
139396,139415,139420,5,19
139396,139415,139420,5,19
139396,139416,139420,4,20
139396,139416,139420,4,20
139396,139415,139419,4,19
139396,139416,139420,4,20
139396,139418,139420,2,22
139396,139416,139419,3,20
139396,139416,139420,4,20
139396,139416,139420,4,20
139396,139417,139420,3,21
139396,139415,139420,5,19
139396,139418,139420,2,22
139396,139416,139420,4,20
139396,139418,139420,2,22
139396,139417,139420,3,21
139396,139417,139421,4,21
139396,139417,139420,3,21
139396,139417,139420,3,21
139396,139417,139421,4,21
139396,139418,139421,3,22
139396,139417,139421,4,21
139396,139417,139421,4,21
139396,139418,139421,3,22
139396,139417,139421,4,21
139396,139419,139421,2,23
139396,139417,139421,4,21
139396,139417,139421,4,21
139396,139416,139421,5,20
139396,139418,139421,3,22
139396,139419,139421,2,23
139396,139417,139421,4,21
139396,139417,139421,4,21
139396,139417,139422,5,21
139396,139418,139421,3,22
139396,139420,139421,1,24
139396,139418,139421,3,22
139396,139419,139422,3,23
139396,139420,139422,2,24
139396,139417,139421,4,21
139396,139419,139421,2,23
139396,139419,139421,2,23
139396,139420,139422,2,24
139396,139420,139422,2,24
139396,139418,139422,4,22
139396,139418,139422,4,22
139396,139419,139421,2,23
139396,139419,139422,3,23
139396,139417,139422,5,21
139396,139419,139422,3,23
139396,139420,139422,2,24
139396,139420,139422,2,24
139396,139419,139421,2,23
139396,139419,139422,3,23
139396,139421,139422,1,25
139396,139419,139422,3,23
139396,139419,139422,3,23
139396,139419,139422,3,23
139396,139419,139423,4,23
139396,139418,139422,4,22
139396,139419,139422,3,23
139396,139420,139422,2,24
139396,139419,139422,3,23
139396,139420,139422,2,24
139396,139420,139422,2,24
139396,139420,139423,3,24
139396,139420,139422,2,24
139396,139421,139423,2,25
139396,139421,139423,2,25
139396,139421,139423,2,25
139396,139421,139423,2,25
139396,139421,139423,2,25
139396,139421,139423,2,25
139396,139419,139423,4,23
139396,139421,139423,2,25
139396,139422,139423,1,26
139396,139422,139423,1,26
139396,139419,139423,4,23
139396,139419,139423,4,23
139396,139420,139423,3,24
139396,139420,139423,3,24
139396,139421,139424,3,25
139396,139421,139424,3,25
139396,139421,139424,3,25
139396,139421,139424,3,25
139396,139420,139424,4,24
139396,139420,139424,4,24
139396,139420,139424,4,24
139396,139420,139424,4,24
139396,139421,139425,4,25
139396,139421,139425,4,25
139396,139422,139424,2,26
139396,139420,139424,4,24
139396,139420,139425,5,24
139396,139421,139425,4,25
139396,139421,139424,3,25
139396,139421,139425,4,25
139396,139422,139425,3,26
139396,139422,139424,2,26
139396,139421,139425,4,25
139396,139421,139425,4,25
139396,139422,139425,3,26
139396,139422,139425,3,26
139396,139423,139425,2,27
139396,139423,139425,2,27
139396,139423,139425,2,27
139396,139423,139425,2,27
139396,139420,139425,5,24
139396,139423,139425,2,27
139396,139423,139425,2,27
139396,139423,139425,2,27
139396,139423,139425,2,27
139396,139421,139425,4,25
139396,139421,139425,4,25
139396,139422,139426,4,26
139396,139420,139426,6,24
139396,139424,139426,2,28
139396,139424,139426,2,28
139396,139421,139425,4,25
139396,139421,139425,4,25
139396,139422,139426,4,26
139396,139424,139426,2,28
139396,139424,139426,2,28
139396,139424,139426,2,28
139396,139424,139426,2,28
139396,139423,139426,3,27
139396,139424,139427,3,28
139396,139423,139426,3,27
139396,139423,139427,4,27
139396,139423,139426,3,27
139396,139424,139427,3,28
139396,139424,139426,2,28
139396,139424,139427,3,28
139396,139422,139426,4,26
139396,139425,139427,2,29
139396,139423,139426,3,27
139396,139424,139426,2,28
139396,139423,139426,3,27
139396,139423,139426,3,27
139396,139423,139426,3,27
139396,139423,139426,3,27
139396,139423,139426,3,27
139396,139423,139427,4,27
139396,139424,139427,3,28
139396,139423,139426,3,27
139396,139424,139427,3,28
139396,139423,139427,4,27
139396,139423,139427,4,27
139396,139423,139427,4,27
139396,139423,139427,4,27
139396,139425,139427,2,29
139396,139425,139427,2,29
139396,139425,139427,2,29
139396,139425,139428,3,29
139396,139426,139428,2,30
139396,139426,139428,2,30
139396,139424,139427,3,28
139396,139425,139428,3,29
139396,139426,139428,2,30
139396,139426,139428,2,30
139396,139426,139428,2,30
139396,139426,139428,2,30
139396,139423,139427,4,27
139396,139425,139428,3,29
139396,139425,139427,2,29
139396,139425,139427,2,29
139396,139425,139428,3,29
139396,139425,139427,2,29
139396,139425,139428,3,29
139396,139425,139427,2,29
139396,139426,139427,1,30
139396,139426,139428,2,30
139396,139424,139427,3,28
139396,139424,139428,4,28
139396,139424,139428,4,28
139396,139425,139428,3,29
139396,139425,139428,3,29
139396,139425,139428,3,29
139396,139425,139428,3,29
139396,139422,139428,6,26
139396,139425,139428,3,29
139396,139425,139428,3,29
139396,139425,139428,3,29
139396,139426,139428,2,30
139396,139426,139428,2,30
139396,139426,139428,2,30
139396,139426,139429,3,30
139396,139426,139428,2,30
139396,139426,139429,3,30
139396,139426,139429,3,30
139396,139423,139428,5,27
139396,139426,139428,2,30
139396,139426,139429,3,30
139396,139427,139429,2,31
139396,139427,139429,2,31
139396,139427,139430,3,31
139396,139428,139429,1,32
139396,139428,139429,1,32
139396,139428,139429,1,32
139396,139428,139429,1,32
139396,139426,139429,3,30
139396,139428,139429,1,32
139396,139427,139430,3,31
139396,139427,139430,3,31
139396,139428,139430,2,32
139396,139428,139429,1,32
139396,139427,139430,3,31
139396,139426,139429,3,30
139396,139427,139430,3,31
139396,139427,139430,3,31
139396,139427,139431,4,31
139396,139427,139431,4,31
139396,139427,139430,3,31
139396,139427,139431,4,31
139396,139427,139431,4,31
139396,139427,139431,4,31
139396,139427,139431,4,31
139396,139427,139431,4,31
139396,139427,139430,3,31
139396,139427,139430,3,31
139396,139428,139431,3,32
139396,139427,139431,4,31
139396,139428,139431,3,32
139396,139428,139431,3,32
139396,139428,139431,3,32
139396,139427,139431,4,31
139396,139427,139431,4,31
139396,139428,139431,3,32
139396,139428,139431,3,32
139396,139428,139431,3,32
139396,139428,139431,3,32
139396,139429,139431,2,33
139396,139429,139431,2,33
139396,139428,139432,4,32
139396,139429,139432,3,33
139396,139428,139432,4,32
139396,139428,139431,3,32
139396,139428,139432,4,32
139396,139428,139431,3,32
139396,139427,139431,4,31
139396,139427,139432,5,31
139396,139428,139431,3,32
139396,139428,139432,4,32
139396,139428,139432,4,32
139396,139428,139431,3,32
139396,139428,139432,4,32
139396,139429,139432,3,33
139396,139427,139432,5,31
139396,139429,139431,2,33
139396,139429,139432,3,33
139396,139429,139432,3,33
139396,139429,139432,3,33
139396,139429,139432,3,33
139396,139430,139432,2,34
139396,139430,139432,2,34
139396,139429,139432,3,33
139396,139430,139432,2,34
139396,139429,139433,4,33
139396,139429,139432,3,33
139396,139429,139432,3,33
139396,139430,139432,2,34
139396,139429,139432,3,33
139396,139430,139433,3,34
139396,139428,139432,4,32
139396,139431,139433,2,35
139396,139428,139432,4,32
139396,139428,139433,5,32
139396,139431,139433,2,35
139396,139429,139433,4,33
139396,139431,139433,2,35
139396,139431,139433,2,35
139396,139431,139433,2,35
139396,139429,139433,4,33
139396,139430,139434,4,34
139396,139430,139434,4,34
139396,139430,139433,3,34
139396,139431,139434,3,35
139396,139429,139433,4,33
139396,139430,139433,3,34
139396,139431,139434,3,35
139396,139431,139434,3,35
139396,139430,139433,3,34
139396,139431,139434,3,35
139396,139428,139433,5,32
139396,139430,139434,4,34
139396,139430,139434,4,34
139396,139430,139434,4,34
139396,139431,139434,3,35
139396,139431,139434,3,35
139396,139430,139434,4,34
139396,139430,139434,4,34
139396,139431,139434,3,35
139396,139431,139434,3,35
139396,139431,139434,3,35
139396,139430,139434,4,34
139396,139431,139435,4,35
139396,139431,139435,4,35
139396,139431,139434,3,35
139396,139432,139435,3,36
139396,139433,139435,2,37
139396,139431,139435,4,35
139396,139431,139435,4,35
139396,139431,139435,4,35
139396,139431,139435,4,35
139396,139431,139435,4,35
139396,139432,139435,3,36
139396,139432,139434,2,36
139396,139432,139435,3,36
139396,139432,139435,3,36
139396,139432,139435,3,36
139396,139430,139435,5,34
139396,139432,139435,3,36
139396,139432,139435,3,36
139396,139433,139436,3,37
139396,139433,139436,3,37
139396,139432,139436,4,36
139396,139433,139436,3,37
139396,139433,139436,3,37
139396,139432,139436,4,36
139396,139433,139436,3,37
139396,139433,139436,3,37
139396,139432,139436,4,36
139396,139432,139436,4,36
139396,139432,139436,4,36
139396,139432,139436,4,36
139396,139433,139436,3,37
139396,139434,139436,2,38
139396,139432,139437,5,36
139396,139432,139436,4,36
139396,139432,139437,5,36
139396,139435,139436,1,39
139396,139435,139436,1,39
139396,139433,139437,4,37
139396,139433,139436,3,37
139396,139433,139437,4,37
139396,139433,139437,4,37
139396,139433,139437,4,37
139396,139433,139437,4,37
139396,139433,139437,4,37
139396,139433,139437,4,37
139396,139433,139437,4,37
139396,139434,139437,3,38
139396,139434,139437,3,38
139396,139433,139437,4,37
139396,139434,139437,3,38
139396,139434,139437,3,38
139396,139436,139437,1,40
139396,139434,139437,3,38
139396,139432,139437,5,36
139396,139435,139437,2,39
139396,139435,139437,2,39
139396,139434,139437,3,38
139396,139433,139437,4,37
139396,139435,139438,3,39
139396,139434,139438,4,38
139396,139434,139437,3,38
139396,139435,139438,3,39
139396,139433,139438,5,37
139396,139434,139437,3,38
139396,139435,139438,3,39
139396,139434,139438,4,38
139396,139434,139438,4,38
139396,139436,139438,2,40
139396,139434,139438,4,38
139396,139435,139439,4,39
139396,139436,139439,3,40
139396,139436,139438,2,40
139396,139436,139438,2,40
139396,139436,139439,3,40
139396,139434,139439,5,38
139396,139435,139438,3,39
139396,139435,139439,4,39
139396,139434,139438,4,38
139396,139434,139438,4,38
139396,139436,139439,3,40
139396,139435,139438,3,39
139396,139436,139439,3,40
139396,139434,139439,5,38
139396,139435,139439,4,39
139396,139435,139439,4,39
139396,139435,139439,4,39
139396,139434,139439,5,38
139396,139436,139439,3,40
139396,139437,139440,3,41
139396,139437,139439,2,41
139396,139437,139439,2,41
139396,139437,139440,3,41
139396,139436,139439,3,40
139396,139436,139439,3,40
139396,139436,139439,3,40
139396,139437,139440,3,41
139396,139437,139439,2,41
139396,139437,139439,2,41
139396,139435,139439,4,39
139396,139437,139440,3,41
139396,139437,139439,2,41
139396,139437,139440,3,41
139396,139437,139440,3,41
139396,139437,139440,3,41
139396,139437,139440,3,41
139396,139437,139440,3,41
139396,139435,139440,5,39
139396,139437,139440,3,41
139396,139438,139441,3,42
139396,139437,139440,3,41
139396,139437,139441,4,41
139396,139438,139440,2,42
139396,139437,139441,4,41
139396,139437,139440,3,41
139396,139438,139441,3,42
139396,139438,139441,3,42
139396,139437,139440,3,41
139396,139438,139441,3,42
139396,139438,139440,2,42
139396,139437,139440,3,41
139396,139437,139441,4,41
139396,139438,139440,2,42
139396,139438,139440,2,42
139396,139438,139440,2,42
139396,139438,139441,3,42
139396,139437,139440,3,41
139396,139438,139441,3,42
139396,139437,139440,3,41
139396,139438,139441,3,42
139396,139438,139441,3,42
139396,139438,139441,3,42
139396,139437,139441,4,41
139396,139438,139441,3,42
139396,139438,139441,3,42
139396,139439,139442,3,43
139396,139439,139441,2,43
139396,139440,139442,2,44
139396,139440,139442,2,44
139396,139440,139442,2,44
139396,139440,139442,2,44
139396,139438,139441,3,42
139396,139438,139442,4,42
139396,139440,139442,2,44
139396,139438,139442,4,42
139396,139438,139442,4,42
139396,139439,139442,3,43
139396,139440,139443,3,44
139396,139441,139443,2,45
139396,139440,139442,2,44
139396,139440,139443,3,44
139396,139440,139443,3,44
139396,139439,139442,3,43
139396,139439,139443,4,43
139396,139439,139442,3,43
139396,139440,139443,3,44
139396,139439,139442,3,43
139396,139439,139443,4,43
139396,139439,139443,4,43
139396,139440,139442,2,44
139396,139440,139443,3,44
139396,139440,139443,3,44
139396,139439,139443,4,43
139396,139439,139443,4,43
139396,139439,139443,4,43
139396,139441,139443,2,45
139396,139441,139443,2,45
139396,139439,139443,4,43
139396,139440,139443,3,44
139396,139441,139443,2,45
139396,139440,139444,4,44
139396,139440,139443,3,44
139396,139441,139443,2,45
139396,139441,139443,2,45
139396,139440,139443,3,44
139396,139441,139443,2,45
139396,139441,139444,3,45
139396,139441,139444,3,45
139396,139439,139443,4,43
139396,139439,139443,4,43
139396,139439,139443,4,43
139396,139441,139444,3,45
139396,139440,139443,3,44
139396,139441,139444,3,45
139396,139440,139443,3,44
139396,139440,139444,4,44
139396,139441,139444,3,45
139396,139441,139444,3,45
139396,139441,139444,3,45
139396,139440,139444,4,44
139396,139441,139444,3,45
139396,139442,139444,2,46
139396,139440,139444,4,44
139396,139440,139444,4,44
139396,139441,139444,3,45
139396,139442,139444,2,46
139396,139442,139445,3,46
139396,139441,139444,3,45
139396,139442,139444,2,46
139396,139442,139444,2,46
139396,139441,139444,3,45
139396,139441,139444,3,45
139396,139441,139445,4,45
139396,139441,139445,4,45
139396,139441,139444,3,45
139396,139441,139444,3,45
139396,139441,139444,3,45
139396,139442,139445,3,46
139396,139442,139445,3,46
139396,139440,139445,5,44
139396,139441,139444,3,45
139396,139444,139445,1,48
139396,139443,139445,2,47
139396,139443,139445,2,47
139396,139444,139446,2,48
139396,139444,139446,2,48
139396,139443,139445,2,47
139396,139443,139445,2,47
139396,139443,139445,2,47
139396,139441,139446,5,45
139396,139442,139445,3,46
139396,139443,139445,2,47
139396,139443,139445,2,47
139396,139442,139445,3,46
139396,139443,139446,3,47
139396,139443,139446,3,47
139396,139443,139446,3,47
139396,139443,139446,3,47
139396,139444,139446,2,48
139396,139444,139446,2,48
139396,139444,139446,2,48
139396,139444,139447,3,48
139396,139444,139447,3,48
139396,139444,139446,2,48
139396,139444,139447,3,48
139396,139443,139447,4,47
139396,139443,139447,4,47
139396,139444,139447,3,48
139396,139444,139447,3,48
139396,139444,139447,3,48
139396,139443,139446,3,47
139396,139443,139447,4,47
139396,139443,139446,3,47
139396,139444,139447,3,48
139396,139443,139447,4,47
139396,139443,139446,3,47
139396,139443,139447,4,47
139396,139442,139446,4,46
139396,139443,139447,4,47
139396,139444,139447,3,48
139396,139444,139448,4,48
139396,139444,139447,3,48
139396,139446,139447,1,50
139396,139446,139448,2,50
139396,139446,139447,1,50
139396,139444,139447,3,48
139396,139446,139447,1,50
139396,139444,139447,3,48
139396,139444,139447,3,48
139396,139444,139447,3,48
139396,139444,139447,3,48
139396,139444,139448,4,48
139396,139447,139449,2,51
139396,139447,139449,2,51
139396,139447,139449,2,51
139396,139446,139448,2,50
139396,139446,139449,3,50
139396,139446,139449,3,50
139396,139446,139449,3,50
139396,139444,139449,5,48
139396,139444,139448,4,48
139396,139444,139449,5,48
139396,139444,139449,5,48
139396,139444,139449,5,48
139396,139446,139449,3,50
139396,139445,139449,4,49
139396,139445,139449,4,49
139396,139444,139449,5,48
139396,139444,139449,5,48
139396,139445,139449,4,49
139396,139445,139448,3,49
139396,139445,139449,4,49
139396,139444,139449,5,48
139396,139446,139449,3,50
139396,139446,139449,3,50
139396,139444,139450,6,48
139396,139445,139450,5,49
139396,139445,139450,5,49
139396,139445,139450,5,49
139396,139446,139449,3,50
139396,139447,139449,2,51
139396,139445,139450,5,49
139396,139445,139449,4,49
139396,139445,139450,5,49
139396,139447,139450,3,51
139396,139445,139450,5,49
139396,139445,139449,4,49
139396,139445,139449,4,49
139396,139446,139450,4,50
139396,139445,139450,5,49
139396,139447,139450,3,51
139396,139446,139450,4,50
139396,139444,139450,6,48
139396,139445,139451,6,49
139396,139447,139450,3,51
139396,139447,139451,4,51
139396,139448,139451,3,52
139396,139447,139451,4,51
139396,139448,139451,3,52
139396,139448,139451,3,52
139396,139447,139451,4,51
139396,139448,139451,3,52
139396,139447,139451,4,51
139396,139447,139451,4,51
139396,139447,139451,4,51
139396,139447,139451,4,51
139396,139447,139451,4,51
139396,139447,139451,4,51
139396,139447,139451,4,51
139396,139447,139452,5,51
139396,139449,139452,3,53
139396,139448,139452,4,52
139396,139448,139452,4,52
139396,139449,139452,3,53
139396,139448,139452,4,52
139396,139447,139452,5,51
139396,139448,139452,4,52
139396,139448,139452,4,52
139396,139447,139452,5,51
139396,139450,139453,3,54
139396,139447,139453,6,51
139396,139450,139452,2,54
139396,139450,139452,2,54
139396,139446,139452,6,50
139396,139448,139452,4,52
139396,139448,139453,5,52
139396,139449,139453,4,53
139396,139450,139453,3,54
139396,139449,139453,4,53
139396,139449,139453,4,53
139396,139447,139453,6,51
139396,139449,139453,4,53
139396,139449,139453,4,53
139396,139447,139453,6,51
139396,139448,139453,5,52
139396,139450,139453,3,54
139396,139450,139453,3,54
139396,139450,139453,3,54
139396,139450,139453,3,54
139396,139450,139453,3,54
139396,139450,139453,3,54
139396,139450,139454,4,54
139396,139449,139454,5,53
139396,139450,139454,4,54
139396,139450,139454,4,54
139396,139450,139454,4,54
139396,139450,139454,4,54
139396,139448,139453,5,52
139396,139450,139454,4,54
139396,139450,139454,4,54
139396,139450,139453,3,54
139396,139450,139454,4,54
139396,139450,139454,4,54
139396,139451,139454,3,55
139396,139451,139454,3,55
139396,139451,139454,3,55
139396,139451,139454,3,55
139396,139450,139454,4,54
139396,139451,139454,3,55
139396,139451,139455,4,55
139396,139450,139454,4,54
139396,139450,139454,4,54
139396,139451,139455,4,55
139396,139451,139454,3,55
139396,139450,139454,4,54
139396,139450,139455,5,54
139396,139451,139455,4,55
139490,139490,139492,2,0
139490,139490,139493,3,0
139490,139490,139493,3,0
139490,139490,139494,4,0
139490,139490,139494,4,0
139490,139490,139493,3,0
139490,139490,139494,4,0
139490,139490,139494,4,0
139490,139490,139494,4,0
139490,139490,139494,4,0
139490,139490,139494,4,0
139490,139490,139494,4,0
139490,139490,139494,4,0
139490,139490,139493,3,0
139490,139490,139494,4,0
139490,139490,139494,4,0
139490,139490,139494,4,0
139490,139490,139494,4,0
139490,139490,139494,4,0
139490,139490,139494,4,0
139490,139490,139495,5,0
139490,139490,139494,4,0
139490,139490,139494,4,0
139490,139490,139494,4,0
139490,139490,139494,4,0
139490,139491,139495,4,1
139490,139491,139494,3,1
139490,139490,139494,4,0
139490,139490,139495,5,0
139490,139490,139495,5,0
139490,139491,139494,3,1
139490,139491,139494,3,1
139490,139490,139494,4,0
139490,139490,139495,5,0
139490,139490,139494,4,0
139490,139490,139494,4,0
139490,139490,139495,5,0
139490,139490,139495,5,0
139490,139490,139495,5,0
139490,139490,139495,5,0
139490,139490,139495,5,0
139490,139490,139495,5,0
139490,139490,139494,4,0
139490,139490,139495,5,0
139490,139490,139495,5,0
139490,139490,139495,5,0
139490,139490,139495,5,0
139490,139490,139495,5,0
139490,139490,139494,4,0
139490,139490,139495,5,0
139490,139490,139495,5,0
139490,139490,139494,4,0
139490,139490,139495,5,0
139490,139490,139495,5,0
139490,139490,139495,5,0
139490,139490,139495,5,0
139490,139490,139494,4,0
139490,139490,139495,5,0
139490,139490,139495,5,0
139490,139490,139495,5,0
139490,139490,139495,5,0
139490,139490,139495,5,0
139490,139491,139495,4,1
139490,139491,139495,4,1
139490,139491,139496,5,1
139490,139491,139496,5,1
139490,139491,139495,4,1
139490,139491,139495,4,1
139490,139491,139496,5,1
139490,139491,139495,4,1
139490,139493,139496,3,3
139490,139494,139496,2,4
139490,139494,139496,2,4
139490,139490,139496,6,0
139490,139494,139496,2,4
139490,139494,139496,2,4
139490,139490,139496,6,0
139490,139494,139496,2,4
139490,139493,139496,3,3
139490,139494,139496,2,4
139490,139493,139496,3,3
139490,139494,139496,2,4
139490,139494,139496,2,4
139490,139494,139496,2,4
139490,139495,139497,2,5
139490,139494,139497,3,4
139490,139494,139497,3,4
139490,139494,139497,3,4
139490,139494,139497,3,4
139490,139494,139497,3,4
139490,139494,139497,3,4
139490,139494,139497,3,4
139490,139495,139498,3,5
139490,139495,139498,3,5
139490,139495,139498,3,5
139490,139495,139498,3,5
139490,139495,139497,2,5
139490,139495,139497,2,5
139490,139495,139497,2,5
139490,139495,139497,2,5
139490,139495,139497,2,5
139490,139494,139497,3,4
139490,139495,139497,2,5
139490,139495,139498,3,5
139490,139496,139498,2,6
139490,139496,139499,3,6
139490,139496,139498,2,6
139490,139496,139499,3,6
139490,139495,139498,3,5
139490,139495,139499,4,5
139490,139497,139499,2,7
139490,139497,139498,1,7
139490,139496,139499,3,6
139490,139496,139499,3,6
139490,139497,139499,2,7
139490,139497,139500,3,7
139490,139496,139499,3,6
139490,139496,139499,3,6
139490,139496,139499,3,6
139490,139497,139500,3,7
139490,139496,139500,4,6
139490,139496,139500,4,6
139490,139496,139500,4,6
139490,139495,139499,4,5
139490,139496,139499,3,6
139490,139496,139499,3,6
139490,139496,139499,3,6
139490,139497,139499,2,7
139490,139496,139499,3,6
139490,139496,139499,3,6
139490,139496,139499,3,6
139490,139496,139499,3,6
139490,139496,139499,3,6
139490,139496,139499,3,6
139490,139496,139499,3,6
139490,139498,139500,2,8
139490,139498,139500,2,8
139490,139496,139500,4,6
139490,139496,139499,3,6
139490,139496,139500,4,6
139490,139496,139500,4,6
139490,139496,139500,4,6
139490,139497,139500,3,7
139490,139497,139499,2,7
139490,139496,139500,4,6
139490,139497,139500,3,7
139490,139498,139501,3,8
139490,139497,139500,3,7
139490,139497,139501,4,7
139490,139496,139500,4,6
139490,139497,139501,4,7
139490,139498,139500,2,8
139490,139498,139501,3,8
139490,139497,139501,4,7
139490,139497,139501,4,7
139490,139497,139501,4,7
139490,139498,139501,3,8
139490,139497,139500,3,7
139490,139498,139501,3,8
139490,139497,139501,4,7
139490,139497,139501,4,7
139490,139497,139501,4,7
139490,139497,139501,4,7
139490,139498,139502,4,8
139490,139497,139501,4,7
139490,139500,139502,2,10
139490,139500,139501,1,10
139490,139497,139502,5,7
139490,139500,139502,2,10
139490,139500,139501,1,10
139490,139500,139501,1,10
139490,139498,139502,4,8
139490,139500,139501,1,10
139490,139498,139501,3,8
139490,139498,139502,4,8
139490,139498,139502,4,8
139490,139498,139502,4,8
139490,139498,139502,4,8
139490,139498,139501,3,8
139490,139498,139502,4,8
139490,139498,139502,4,8
139490,139500,139502,2,10
139490,139500,139503,3,10
139490,139499,139502,3,9
139490,139500,139502,2,10
139490,139500,139502,2,10
139490,139499,139503,4,9
139490,139500,139503,3,10
139490,139500,139503,3,10
139490,139500,139502,2,10
139490,139500,139503,3,10
139490,139499,139502,3,9
139490,139499,139502,3,9
139490,139500,139502,2,10
139490,139499,139503,4,9
139490,139500,139503,3,10
139490,139498,139503,5,8
139490,139500,139503,3,10
139490,139500,139503,3,10
139490,139500,139503,3,10
139490,139500,139503,3,10
139490,139500,139504,4,10
139490,139501,139503,2,11
139490,139501,139503,2,11
139490,139500,139503,3,10
139490,139500,139503,3,10
139490,139500,139503,3,10
139490,139501,139504,3,11
139490,139500,139503,3,10
139490,139500,139503,3,10
139490,139501,139504,3,11
139490,139500,139503,3,10
139490,139500,139503,3,10
139490,139501,139504,3,11
139490,139500,139504,4,10
139490,139501,139504,3,11
139490,139499,139503,4,9
139490,139500,139504,4,10
139490,139501,139503,2,11
139490,139501,139504,3,11
139490,139503,139504,1,13
139490,139500,139504,4,10
139490,139501,139504,3,11
139490,139503,139504,1,13
139490,139500,139504,4,10
139490,139501,139504,3,11
139490,139502,139505,3,12
139490,139502,139504,2,12
139490,139502,139505,3,12
139490,139502,139505,3,12
139490,139501,139504,3,11
139490,139501,139504,3,11
139490,139502,139505,3,12
139490,139502,139505,3,12
139490,139501,139504,3,11
139490,139502,139505,3,12
139490,139501,139504,3,11
139490,139501,139505,4,11
139490,139501,139505,4,11
139490,139502,139505,3,12
139490,139502,139505,3,12
139490,139503,139505,2,13
139490,139503,139505,2,13
139490,139501,139505,4,11
139490,139502,139505,3,12
139490,139502,139505,3,12
139490,139504,139505,1,14
139490,139504,139505,1,14
139490,139504,139505,1,14
139490,139502,139505,3,12
139490,139502,139505,3,12
139490,139503,139506,3,13
139490,139503,139506,3,13
139490,139503,139506,3,13
139490,139502,139505,3,12
139490,139502,139505,3,12
139490,139502,139505,3,12
139490,139503,139506,3,13
139490,139503,139506,3,13
139490,139503,139505,2,13
139490,139502,139506,4,12
139490,139503,139505,2,13
139490,139503,139506,3,13
139490,139502,139506,4,12
139490,139502,139506,4,12
139490,139502,139506,4,12
139490,139502,139506,4,12
139490,139504,139507,3,14
139490,139503,139506,3,13
139490,139503,139507,4,13
139490,139504,139507,3,14
139490,139504,139507,3,14
139490,139504,139507,3,14
139490,139503,139507,4,13
139490,139503,139507,4,13
139490,139504,139507,3,14
139490,139504,139506,2,14
139490,139504,139507,3,14
139490,139504,139507,3,14
139490,139504,139507,3,14
139490,139504,139507,3,14
139490,139504,139507,3,14
139490,139504,139508,4,14
139490,139502,139507,5,12
139490,139505,139507,2,15
139490,139506,139507,1,16
139490,139506,139508,2,16
139490,139506,139507,1,16
139490,139505,139507,2,15
139490,139504,139508,4,14
139490,139504,139507,3,14
139490,139505,139508,3,15
139490,139503,139507,4,13
139490,139504,139508,4,14
139490,139505,139508,3,15
139490,139505,139508,3,15
139490,139506,139508,2,16
139490,139506,139508,2,16
139490,139506,139508,2,16
139490,139506,139508,2,16
139490,139506,139508,2,16
139490,139506,139508,2,16
139490,139506,139509,3,16
139490,139505,139508,3,15
139490,139505,139508,3,15
139490,139505,139508,3,15
139490,139505,139508,3,15
139490,139505,139508,3,15
139490,139506,139508,2,16
139490,139507,139509,2,17
139490,139507,139509,2,17
139490,139505,139509,4,15
139490,139506,139508,2,16
139490,139504,139508,4,14
139490,139504,139509,5,14
139490,139505,139508,3,15
139490,139505,139509,4,15
139490,139506,139509,3,16
139490,139504,139509,5,14
139490,139505,139509,4,15
139490,139505,139509,4,15
139490,139505,139509,4,15
139490,139506,139509,3,16
139490,139506,139509,3,16
139490,139506,139509,3,16
139490,139508,139509,1,18
139490,139507,139509,2,17
139490,139505,139509,4,15
139490,139505,139509,4,15
139490,139506,139509,3,16
139490,139506,139509,3,16
139490,139505,139509,4,15
139490,139505,139509,4,15
139490,139506,139509,3,16
139490,139507,139509,2,17
139490,139505,139510,5,15
139490,139507,139509,2,17
139490,139508,139509,1,18
139490,139508,139510,2,18
139490,139507,139509,2,17
139490,139508,139509,1,18
139490,139508,139509,1,18
139490,139508,139509,1,18
139490,139508,139510,2,18
139490,139508,139509,1,18
139490,139506,139509,3,16
139490,139507,139509,2,17
139490,139507,139511,4,17
139490,139507,139510,3,17
139490,139507,139510,3,17
139490,139507,139511,4,17
139490,139507,139510,3,17
139490,139506,139510,4,16
139490,139506,139510,4,16
139490,139506,139510,4,16
139490,139508,139510,2,18
139490,139509,139511,2,19
139490,139509,139510,1,19
139490,139509,139512,3,19
139490,139510,139511,1,20
139490,139510,139512,2,20
139490,139507,139511,4,17
139490,139507,139511,4,17
139490,139507,139511,4,17
139490,139508,139512,4,18
139490,139510,139511,1,20
139490,139510,139511,1,20
139490,139510,139511,1,20
139490,139510,139511,1,20
139490,139507,139511,4,17
139490,139510,139511,1,20
139490,139508,139511,3,18
139490,139509,139511,2,19
139490,139509,139512,3,19
139490,139508,139512,4,18
139490,139508,139512,4,18
139490,139510,139512,2,20
139490,139509,139513,4,19
139490,139509,139512,3,19
139490,139510,139512,2,20
139490,139508,139512,4,18
139490,139510,139513,3,20
139490,139509,139512,3,19
139490,139510,139512,2,20
139490,139509,139512,3,19
139490,139510,139513,3,20
139490,139510,139512,2,20
139490,139510,139512,2,20
139490,139510,139513,3,20
139490,139510,139513,3,20
139490,139509,139513,4,19
139490,139509,139512,3,19
139490,139509,139512,3,19
139490,139510,139512,2,20
139490,139510,139512,2,20
139490,139510,139513,3,20
139490,139509,139512,3,19
139490,139509,139512,3,19
139490,139509,139513,4,19
139490,139509,139512,3,19
139490,139509,139513,4,19
139490,139509,139513,4,19
139490,139510,139513,3,20
139490,139510,139513,3,20
139490,139509,139513,4,19
139490,139511,139514,3,21
139490,139510,139514,4,20
139490,139508,139513,5,18
139490,139511,139514,3,21
139490,139510,139514,4,20
139490,139511,139513,2,21
139490,139511,139514,3,21
139490,139509,139513,4,19
139490,139509,139514,5,19
139490,139509,139513,4,19
139490,139510,139514,4,20
139490,139510,139513,3,20
139490,139511,139514,3,21
139490,139510,139514,4,20
139490,139510,139514,4,20
139490,139510,139514,4,20
139490,139511,139513,2,21
139490,139512,139514,2,22
139490,139512,139515,3,22
139490,139512,139515,3,22
139490,139511,139515,4,21
139490,139511,139515,4,21
139490,139510,139515,5,20
139490,139512,139514,2,22
139490,139512,139515,3,22
139490,139510,139515,5,20
139490,139511,139515,4,21
139490,139511,139515,4,21
139490,139512,139515,3,22
139490,139513,139515,2,23
139490,139513,139515,2,23
139490,139513,139515,2,23
139490,139512,139515,3,22
139490,139510,139514,4,20
139490,139512,139515,3,22
139490,139512,139516,4,22
139490,139512,139515,3,22
139490,139511,139515,4,21
139490,139512,139516,4,22
139490,139512,139515,3,22
139490,139512,139516,4,22
139490,139513,139516,3,23
139490,139512,139516,4,22
139490,139513,139516,3,23
139490,139513,139516,3,23
139490,139513,139516,3,23
139490,139513,139516,3,23
139490,139513,139515,2,23
139490,139513,139516,3,23
139490,139513,139516,3,23
139490,139513,139516,3,23
139490,139513,139516,3,23
139490,139512,139515,3,22
139490,139513,139517,4,23
139490,139513,139517,4,23
139490,139513,139517,4,23
139490,139514,139517,3,24
139490,139513,139516,3,23
139490,139513,139516,3,23
139490,139513,139516,3,23
139490,139513,139516,3,23
139490,139512,139516,4,22
139490,139513,139517,4,23
139490,139514,139517,3,24
139490,139513,139517,4,23
139490,139513,139517,4,23
139490,139513,139516,3,23
139490,139513,139517,4,23
139490,139514,139517,3,24
139490,139515,139517,2,25
139490,139513,139517,4,23
139490,139514,139517,3,24
139490,139513,139517,4,23
139490,139515,139517,2,25
139490,139513,139516,3,23
139490,139513,139517,4,23
139490,139515,139517,2,25
139490,139515,139517,2,25
139490,139514,139518,4,24
139490,139513,139518,5,23
139490,139514,139517,3,24
139490,139514,139518,4,24
139490,139514,139517,3,24
139490,139515,139518,3,25
139490,139516,139518,2,26
139490,139514,139518,4,24
139490,139515,139518,3,25
139490,139515,139517,2,25
139490,139516,139518,2,26
139490,139514,139518,4,24
139490,139514,139518,4,24
139490,139514,139518,4,24
139490,139514,139518,4,24
139490,139514,139518,4,24
139490,139514,139518,4,24
139490,139514,139518,4,24
139490,139515,139519,4,25
139490,139515,139519,4,25
139490,139516,139518,2,26
139490,139515,139518,3,25
139490,139516,139519,3,26
139490,139515,139519,4,25
139490,139515,139519,4,25
139490,139516,139519,3,26
139490,139515,139519,4,25
139490,139515,139518,3,25
139490,139516,139519,3,26
139490,139517,139519,2,27
139490,139514,139519,5,24
139490,139516,139519,3,26
139490,139516,139519,3,26
139490,139516,139519,3,26
139490,139517,139519,2,27
139490,139517,139519,2,27
139490,139516,139519,3,26
139490,139514,139519,5,24
139490,139518,139520,2,28
139490,139515,139520,5,25
139490,139516,139520,4,26
139490,139516,139520,4,26
139490,139517,139520,3,27
139490,139517,139520,3,27
139490,139515,139519,4,25
139490,139516,139520,4,26
139490,139516,139520,4,26
139490,139517,139520,3,27
139490,139515,139520,5,25
139490,139516,139520,4,26
139490,139515,139520,5,25
139490,139517,139519,2,27
139490,139516,139520,4,26
139490,139517,139520,3,27
139490,139517,139520,3,27
139490,139516,139520,4,26
139490,139518,139521,3,28
139490,139518,139520,2,28
139490,139518,139520,2,28
139490,139517,139521,4,27
139490,139517,139521,4,27
139490,139517,139521,4,27
139490,139517,139521,4,27
139490,139518,139521,3,28
139490,139517,139521,4,27
139490,139517,139521,4,27
139490,139516,139520,4,26
139490,139517,139521,4,27
139490,139517,139521,4,27
139490,139517,139521,4,27
139490,139517,139521,4,27
139490,139517,139521,4,27
139490,139518,139521,3,28
139490,139518,139521,3,28
139490,139518,139521,3,28
139490,139518,139522,4,28
139490,139518,139521,3,28
139490,139520,139521,1,30
139490,139518,139521,3,28
139490,139520,139522,2,30
139490,139520,139521,1,30
139490,139519,139521,2,29
139490,139519,139522,3,29
139490,139519,139522,3,29
139490,139519,139521,2,29
139490,139519,139522,3,29
139490,139519,139522,3,29
139490,139518,139521,3,28
139490,139518,139522,4,28
139490,139518,139522,4,28
139490,139518,139522,4,28
139490,139519,139522,3,29
139490,139519,139522,3,29
139490,139517,139522,5,27
139490,139519,139522,3,29
139490,139519,139522,3,29
139490,139518,139522,4,28
139490,139520,139522,2,30
139490,139520,139522,2,30
139490,139520,139523,3,30
139490,139520,139522,2,30
139490,139520,139522,2,30
139490,139519,139522,3,29
139490,139520,139523,3,30
139490,139520,139523,3,30
139490,139520,139523,3,30
139490,139520,139523,3,30
139490,139519,139523,4,29
139490,139519,139523,4,29
139490,139520,139523,3,30
139490,139519,139523,4,29
139490,139519,139523,4,29
139490,139520,139523,3,30
139490,139519,139523,4,29
139490,139520,139523,3,30
139490,139520,139524,4,30
139490,139520,139524,4,30
139490,139520,139524,4,30
139490,139523,139524,1,33
139490,139523,139525,2,33
139490,139522,139524,2,32
139490,139522,139524,2,32
139490,139522,139525,3,32
139490,139522,139524,2,32
139490,139522,139524,2,32
139490,139522,139524,2,32
139490,139523,139525,2,33
139490,139523,139524,1,33
139490,139523,139524,1,33
139490,139523,139524,1,33
139490,139522,139525,3,32
139490,139523,139525,2,33
139490,139524,139525,1,34
139490,139520,139525,5,30
139490,139521,139525,4,31
139490,139523,139525,2,33
139490,139523,139526,3,33
139490,139520,139525,5,30
139490,139521,139525,4,31
139490,139522,139525,3,32
139490,139523,139526,3,33
139490,139523,139525,2,33
139490,139521,139525,4,31
139490,139521,139526,5,31
139490,139522,139526,4,32
139490,139521,139526,5,31
139490,139522,139526,4,32
139490,139522,139525,3,32
139490,139521,139526,5,31
139490,139521,139526,5,31
139490,139522,139525,3,32
139490,139521,139526,5,31
139490,139523,139525,2,33
139490,139521,139525,4,31
139490,139522,139525,3,32
139490,139521,139527,6,31
139490,139521,139526,5,31
139490,139521,139526,5,31
139490,139524,139526,2,34
139490,139521,139526,5,31
139490,139522,139527,5,32
139490,139522,139526,4,32
139490,139522,139526,4,32
139490,139523,139526,3,33
139490,139521,139526,5,31
139490,139522,139526,4,32
139490,139522,139526,4,32
139490,139523,139526,3,33
139490,139523,139527,4,33
139490,139522,139526,4,32
139490,139523,139526,3,33
139490,139521,139526,5,31
139490,139521,139526,5,31
139490,139522,139526,4,32
139490,139521,139527,6,31
139490,139524,139527,3,34
139490,139522,139528,6,32
139490,139524,139527,3,34
139490,139522,139527,5,32
139490,139524,139527,3,34
139490,139524,139527,3,34
139490,139525,139528,3,35
139490,139525,139527,2,35
139490,139524,139528,4,34
139490,139525,139528,3,35
139490,139526,139528,2,36
139490,139526,139528,2,36
139490,139526,139529,3,36
139490,139524,139528,4,34
139490,139525,139528,3,35
139490,139524,139528,4,34
139490,139523,139528,5,33
139490,139526,139529,3,36
139490,139525,139529,4,35
139490,139523,139529,6,33
139490,139523,139528,5,33
139490,139526,139529,3,36
139490,139525,139529,4,35
139490,139525,139529,4,35
139490,139526,139529,3,36
139490,139526,139529,3,36
139490,139526,139529,3,36
139490,139526,139529,3,36
139490,139525,139530,5,35
139490,139526,139529,3,36
139490,139525,139529,4,35
139490,139526,139529,3,36
139490,139526,139529,3,36
139490,139526,139529,3,36
139490,139526,139530,4,36
139490,139526,139529,3,36
139490,139525,139530,5,35
139490,139526,139529,3,36
139490,139526,139529,3,36
139490,139525,139530,5,35
139490,139525,139530,5,35
139490,139525,139530,5,35
139490,139526,139530,4,36
139490,139526,139529,3,36
139490,139526,139530,4,36
139490,139527,139530,3,37
139490,139527,139530,3,37
139490,139527,139530,3,37
139490,139527,139530,3,37
139490,139527,139531,4,37
139490,139527,139530,3,37
139490,139527,139530,3,37
139490,139526,139530,4,36
139490,139527,139531,4,37
139490,139526,139530,4,36
139490,139525,139530,5,35
139490,139526,139530,4,36
139490,139526,139531,5,36
139490,139526,139531,5,36
139490,139525,139530,5,35
139490,139527,139531,4,37
139490,139527,139531,4,37
139554,139555,139557,2,1
139554,139555,139558,3,1
139554,139555,139558,3,1
139554,139555,139557,2,1
139554,139555,139557,2,1
139554,139555,139557,2,1
139554,139555,139558,3,1
139554,139555,139558,3,1
139554,139555,139558,3,1
139554,139555,139559,4,1
139554,139555,139558,3,1
139554,139555,139558,3,1
139554,139555,139559,4,1
139554,139555,139558,3,1
139554,139555,139558,3,1
139554,139555,139558,3,1
139554,139555,139558,3,1
139554,139555,139559,4,1
139554,139555,139559,4,1
139554,139555,139558,3,1
139554,139555,139558,3,1
139554,139555,139558,3,1
139554,139555,139559,4,1
139554,139555,139559,4,1
139554,139555,139558,3,1
139554,139555,139558,3,1
139554,139555,139559,4,1
139554,139555,139558,3,1
139554,139555,139558,3,1
139554,139555,139559,4,1
139554,139555,139558,3,1
139554,139555,139558,3,1
139554,139555,139558,3,1
139554,139555,139559,4,1
139554,139555,139559,4,1
139554,139555,139559,4,1
139554,139555,139559,4,1
139554,139555,139559,4,1
139554,139555,139560,5,1
139554,139555,139559,4,1
139554,139555,139559,4,1
139554,139555,139559,4,1
139554,139555,139559,4,1
139554,139555,139560,5,1
139554,139555,139559,4,1
139554,139555,139559,4,1
139554,139555,139559,4,1
139554,139555,139559,4,1
139554,139555,139559,4,1
139554,139555,139559,4,1
139554,139555,139559,4,1
139554,139555,139559,4,1
139554,139555,139559,4,1
139554,139555,139560,5,1
139554,139555,139559,4,1
139554,139555,139559,4,1
139554,139555,139559,4,1
139554,139555,139559,4,1
139554,139555,139559,4,1
139554,139555,139559,4,1
139554,139555,139559,4,1
139554,139555,139559,4,1
139554,139555,139559,4,1
139554,139555,139559,4,1
139554,139555,139559,4,1
139554,139555,139559,4,1
139554,139555,139559,4,1
139554,139555,139559,4,1
139554,139557,139560,3,3
139554,139559,139560,1,5
139554,139559,139560,1,5
139554,139559,139561,2,5
139554,139555,139560,5,1
139554,139555,139560,5,1
139554,139559,139560,1,5
139554,139555,139560,5,1
139554,139559,139560,1,5
139554,139559,139560,1,5
139554,139559,139561,2,5
139554,139559,139560,1,5
139554,139558,139561,3,4
139554,139558,139560,2,4
139554,139558,139560,2,4
139554,139558,139561,3,4
139554,139559,139561,2,5
139554,139559,139562,3,5
139554,139559,139562,3,5
139554,139559,139561,2,5
139554,139559,139562,3,5
139554,139559,139561,2,5
139554,139561,139562,1,7
139554,139558,139562,4,4
139554,139559,139562,3,5
139554,139559,139562,3,5
139554,139558,139561,3,4
139554,139559,139562,3,5
139554,139559,139563,4,5
139554,139560,139563,3,6
139554,139560,139563,3,6
139554,139561,139563,2,7
139554,139560,139563,3,6
139554,139560,139563,3,6
139554,139561,139563,2,7
139554,139561,139562,1,7
139554,139560,139563,3,6
139554,139560,139563,3,6
139554,139560,139563,3,6
139554,139560,139563,3,6
139554,139559,139563,4,5
139554,139560,139563,3,6
139554,139560,139563,3,6
139554,139561,139562,1,7
139554,139561,139562,1,7
139554,139559,139563,4,5
139554,139559,139563,4,5
139554,139559,139562,3,5
139554,139561,139563,2,7
139554,139559,139562,3,5
139554,139559,139562,3,5
139554,139559,139563,4,5
139554,139560,139563,3,6
139554,139561,139563,2,7
139554,139559,139563,4,5
139554,139559,139563,4,5
139554,139560,139562,2,6
139554,139561,139562,1,7
139554,139561,139563,2,7
139554,139560,139564,4,6
139554,139560,139563,3,6
139554,139560,139563,3,6
139554,139560,139564,4,6
139554,139560,139563,3,6
139554,139561,139564,3,7
139554,139560,139563,3,6
139554,139560,139563,3,6
139554,139560,139564,4,6
139554,139560,139563,3,6
139554,139560,139564,4,6
139554,139560,139564,4,6
139554,139560,139563,3,6
139554,139560,139564,4,6
139554,139560,139564,4,6
139554,139560,139564,4,6
139554,139560,139564,4,6
139554,139562,139564,2,8
139554,139562,139564,2,8
139554,139560,139564,4,6
139554,139560,139564,4,6
139554,139562,139564,2,8
139554,139561,139565,4,7
139554,139561,139565,4,7
139554,139560,139564,4,6
139554,139560,139564,4,6
139554,139562,139564,2,8
139554,139562,139564,2,8
139554,139561,139565,4,7
139554,139560,139564,4,6
139554,139560,139564,4,6
139554,139560,139564,4,6
139554,139561,139565,4,7
139554,139562,139565,3,8
139554,139562,139565,3,8
139554,139562,139565,3,8
139554,139561,139565,4,7
139554,139563,139565,2,9
139554,139563,139566,3,9
139554,139563,139565,2,9
139554,139563,139566,3,9
139554,139563,139566,3,9
139554,139563,139566,3,9
139554,139562,139566,4,8
139554,139563,139566,3,9
139554,139563,139566,3,9
139554,139562,139565,3,8
139554,139563,139566,3,9
139554,139562,139566,4,8
139554,139563,139567,4,9
139554,139563,139567,4,9
139554,139565,139567,2,11
139554,139563,139567,4,9
139554,139564,139567,3,10
139554,139563,139567,4,9
139554,139563,139567,4,9
139554,139563,139566,3,9
139554,139563,139567,4,9
139554,139563,139567,4,9
139554,139564,139567,3,10
139554,139563,139567,4,9
139554,139563,139567,4,9
139554,139563,139567,4,9
139554,139563,139567,4,9
139554,139564,139567,3,10
139554,139563,139567,4,9
139554,139563,139567,4,9
139554,139564,139567,3,10
139554,139563,139567,4,9
139554,139563,139567,4,9
139554,139563,139567,4,9
139554,139563,139567,4,9
139554,139564,139567,3,10
139554,139564,139567,3,10
139554,139563,139568,5,9
139554,139565,139567,2,11
139554,139565,139567,2,11
139554,139563,139567,4,9
139554,139565,139567,2,11
139554,139566,139568,2,12
139554,139565,139568,3,11
139554,139566,139568,2,12
139554,139566,139568,2,12
139554,139564,139568,4,10
139554,139563,139568,5,9
139554,139564,139568,4,10
139554,139564,139568,4,10
139554,139564,139568,4,10
139554,139563,139568,5,9
139554,139565,139568,3,11
139554,139564,139568,4,10
139554,139564,139568,4,10
139554,139565,139568,3,11
139554,139565,139568,3,11
139554,139564,139568,4,10
139554,139565,139568,3,11
139554,139566,139568,2,12
139554,139564,139568,4,10
139554,139564,139568,4,10
139554,139565,139568,3,11
139554,139564,139568,4,10
139554,139566,139569,3,12
139554,139566,139569,3,12
139554,139566,139568,2,12
139554,139564,139569,5,10
139554,139565,139569,4,11
139554,139567,139570,3,13
139554,139564,139569,5,10
139554,139568,139569,1,14
139554,139564,139569,5,10
139554,139567,139570,3,13
139554,139564,139569,5,10
139554,139565,139569,4,11
139554,139566,139569,3,12
139554,139567,139569,2,13
139554,139567,139569,2,13
139554,139567,139570,3,13
139554,139567,139571,4,13
139554,139568,139570,2,14
139554,139567,139570,3,13
139554,139568,139570,2,14
139554,139568,139570,2,14
139554,139568,139571,3,14
139554,139569,139570,1,15
139554,139569,139570,1,15
139554,139569,139571,2,15
139554,139568,139570,2,14
139554,139568,139570,2,14
139554,139569,139570,1,15
139554,139567,139570,3,13
139554,139568,139571,3,14
139554,139567,139570,3,13
139554,139569,139571,2,15
139554,139568,139571,3,14
139554,139567,139571,4,13
139554,139567,139571,4,13
139554,139567,139571,4,13
139554,139568,139571,3,14
139554,139569,139571,2,15
139554,139567,139571,4,13
139554,139567,139571,4,13
139554,139567,139571,4,13
139554,139569,139572,3,15
139554,139568,139571,3,14
139554,139568,139571,3,14
139554,139568,139572,4,14
139554,139568,139571,3,14
139554,139568,139571,3,14
139554,139568,139571,3,14
139554,139569,139571,2,15
139554,139569,139571,2,15
139554,139568,139572,4,14
139554,139569,139573,4,15
139554,139569,139572,3,15
139554,139567,139572,5,13
139554,139568,139572,4,14
139554,139568,139572,4,14
139554,139567,139572,5,13
139554,139569,139572,3,15
139554,139570,139572,2,16
139554,139569,139573,4,15
139554,139571,139573,2,17
139554,139569,139572,3,15
139554,139570,139573,3,16
139554,139570,139573,3,16
139554,139569,139573,4,15
139554,139571,139573,2,17
139554,139569,139572,3,15
139554,139569,139573,4,15
139554,139569,139572,3,15
139554,139570,139572,2,16
139554,139570,139573,3,16
139554,139570,139573,3,16
139554,139570,139573,3,16
139554,139571,139573,2,17
139554,139571,139573,2,17
139554,139571,139573,2,17
139554,139572,139574,2,18
139554,139569,139573,4,15
139554,139569,139573,4,15
139554,139570,139573,3,16
139554,139571,139573,2,17
139554,139571,139573,2,17
139554,139569,139573,4,15
139554,139570,139573,3,16
139554,139570,139573,3,16
139554,139571,139574,3,17
139554,139572,139574,2,18
139554,139570,139573,3,16
139554,139571,139574,3,17
139554,139570,139574,4,16
139554,139572,139574,2,18
139554,139572,139574,2,18
139554,139571,139574,3,17
139554,139572,139575,3,18
139554,139571,139575,4,17
139554,139571,139574,3,17
139554,139571,139574,3,17
139554,139572,139575,3,18
139554,139572,139574,2,18
139554,139571,139574,3,17
139554,139571,139574,3,17
139554,139570,139574,4,16
139554,139572,139574,2,18
139554,139571,139575,4,17
139554,139572,139575,3,18
139554,139572,139575,3,18
139554,139572,139575,3,18
139554,139572,139575,3,18
139554,139573,139576,3,19
139554,139573,139575,2,19
139554,139572,139575,3,18
139554,139573,139575,2,19
139554,139573,139575,2,19
139554,139573,139575,2,19
139554,139571,139575,4,17
139554,139572,139575,3,18
139554,139572,139576,4,18
139554,139573,139576,3,19
139554,139573,139576,3,19
139554,139573,139575,2,19
139554,139573,139576,3,19
139554,139572,139576,4,18
139554,139572,139576,4,18
139554,139573,139576,3,19
139554,139573,139576,3,19
139554,139564,139568,4,10
139554,139564,139568,4,10
139554,139587,139589,2,33
139554,139587,139590,3,33
139554,139587,139590,3,33
139554,139587,139590,3,33
139554,139587,139591,4,33
139594,139594,139597,3,0
139594,139594,139597,3,0
139594,139594,139598,4,0
139594,139594,139598,4,0
139594,139594,139598,4,0
139594,139594,139598,4,0
139594,139594,139598,4,0
139594,139594,139598,4,0
139594,139594,139598,4,0
139594,139594,139598,4,0
139594,139594,139598,4,0
139594,139594,139598,4,0
139594,139594,139598,4,0
139594,139594,139598,4,0
139594,139594,139598,4,0
139594,139594,139598,4,0
139594,139594,139598,4,0
139594,139594,139598,4,0
139594,139594,139598,4,0
139594,139594,139598,4,0
139594,139594,139598,4,0
139594,139594,139598,4,0
139594,139594,139598,4,0
139594,139594,139598,4,0
139594,139594,139598,4,0
139594,139594,139598,4,0
139594,139594,139598,4,0
139594,139594,139598,4,0
139594,139594,139598,4,0
139594,139594,139598,4,0
139594,139594,139598,4,0
139594,139594,139599,5,0
139594,139594,139599,5,0
139594,139594,139599,5,0
139594,139594,139599,5,0
139594,139594,139599,5,0
139594,139594,139599,5,0
139594,139594,139599,5,0
139594,139594,139599,5,0
139594,139594,139599,5,0
139594,139594,139599,5,0
139594,139594,139599,5,0
139594,139594,139599,5,0
139594,139594,139599,5,0
139594,139594,139599,5,0
139594,139594,139599,5,0
139594,139594,139599,5,0
139594,139594,139599,5,0
139594,139594,139599,5,0
139594,139594,139599,5,0
139594,139594,139599,5,0
139594,139594,139599,5,0
139594,139594,139599,5,0
139594,139595,139599,4,1
139594,139594,139599,5,0
139594,139594,139599,5,0
139594,139594,139599,5,0
139594,139594,139599,5,0
139594,139594,139599,5,0
139594,139594,139599,5,0
139594,139594,139599,5,0
139594,139594,139599,5,0
139594,139594,139599,5,0
139594,139594,139599,5,0
139594,139599,139601,2,5
139594,139594,139600,6,0
139594,139599,139601,2,5
139594,139594,139600,6,0
139594,139594,139600,6,0
139594,139599,139601,2,5
139594,139594,139600,6,0
139594,139594,139600,6,0
139594,139594,139600,6,0
139594,139599,139601,2,5
139594,139599,139602,3,5
139594,139599,139602,3,5
139594,139599,139601,2,5
139594,139599,139601,2,5
139594,139599,139601,2,5
139594,139599,139602,3,5
139594,139599,139602,3,5
139594,139600,139602,2,6
139594,139598,139602,4,4
139594,139599,139601,2,5
139594,139600,139602,2,6
139594,139597,139601,4,3
139594,139599,139601,2,5
139594,139599,139601,2,5
139594,139599,139601,2,5
139594,139600,139602,2,6
139594,139599,139601,2,5
139594,139599,139602,3,5
139594,139599,139601,2,5
139594,139599,139601,2,5
139594,139600,139601,1,6
139594,139599,139602,3,5
139594,139599,139602,3,5
139594,139599,139602,3,5
139594,139599,139602,3,5
139594,139600,139603,3,6
139594,139600,139603,3,6
139594,139600,139602,2,6
139594,139599,139602,3,5
139594,139598,139602,4,4
139594,139599,139602,3,5
139594,139599,139602,3,5
139594,139599,139602,3,5
139594,139600,139602,2,6
139594,139599,139602,3,5
139594,139599,139602,3,5
139594,139600,139603,3,6
139594,139600,139602,2,6
139594,139600,139602,2,6
139594,139599,139602,3,5
139594,139600,139603,3,6
139594,139600,139603,3,6
139594,139600,139603,3,6
139594,139600,139603,3,6
139594,139600,139603,3,6
139594,139600,139604,4,6
139617,139617,139619,2,0
139617,139617,139619,2,0
139617,139617,139619,2,0
139617,139618,139620,2,1
139617,139617,139619,2,0
139617,139618,139620,2,1
139617,139618,139620,2,1
139617,139617,139620,3,0
139617,139617,139620,3,0
139617,139617,139620,3,0
139617,139617,139620,3,0
139617,139617,139620,3,0
139617,139618,139621,3,1
139617,139618,139621,3,1
139617,139617,139621,4,0
139617,139617,139621,4,0
139617,139617,139621,4,0
139617,139617,139621,4,0
139617,139617,139621,4,0
139617,139618,139621,3,1
139617,139617,139621,4,0
139617,139617,139621,4,0
139617,139617,139621,4,0
139617,139617,139622,5,0
139617,139617,139621,4,0
139617,139617,139621,4,0
139617,139618,139621,3,1
139617,139618,139621,3,1
139617,139618,139622,4,1
139617,139617,139621,4,0
139617,139618,139621,3,1
139617,139618,139621,3,1
139617,139617,139621,4,0
139617,139617,139621,4,0
139617,139617,139621,4,0
139617,139617,139622,5,0
139617,139618,139621,3,1
139617,139618,139622,4,1
139617,139618,139622,4,1
139617,139618,139622,4,1
139617,139618,139622,4,1
139617,139618,139622,4,1
139617,139617,139622,5,0
139617,139617,139622,5,0
139617,139617,139622,5,0
139617,139617,139622,5,0
139617,139618,139622,4,1
139617,139617,139622,5,0
139617,139617,139622,5,0
139617,139618,139622,4,1
139617,139617,139622,5,0
139617,139617,139622,5,0
139617,139618,139622,4,1
139617,139618,139622,4,1
139617,139618,139622,4,1
139617,139620,139623,3,3
139617,139617,139622,5,0
139617,139618,139622,4,1
139617,139617,139622,5,0
139617,139618,139622,4,1
139617,139617,139622,5,0
139617,139617,139622,5,0
139617,139617,139622,5,0
139617,139618,139623,5,1
139617,139620,139622,2,3
139617,139618,139622,4,1
139617,139618,139623,5,1
139617,139618,139623,5,1
139617,139618,139623,5,1
139617,139618,139623,5,1
139617,139621,139623,2,4
139617,139621,139623,2,4
139617,139620,139624,4,3
139617,139621,139623,2,4
139617,139620,139623,3,3
139617,139618,139623,5,1
139617,139620,139623,3,3
139617,139621,139624,3,4
139617,139622,139624,2,5
139617,139622,139624,2,5
139617,139622,139624,2,5
139617,139622,139625,3,5
139617,139622,139625,3,5
139617,139622,139624,2,5
139617,139622,139624,2,5
139617,139621,139624,3,4
139617,139622,139624,2,5
139617,139622,139624,2,5
139617,139622,139624,2,5
139617,139622,139625,3,5
139617,139621,139624,3,4
139617,139621,139625,4,4
139617,139621,139624,3,4
139617,139622,139625,3,5
139617,139623,139625,2,6
139617,139623,139625,2,6
139617,139623,139626,3,6
139617,139622,139625,3,5
139617,139622,139626,4,5
139617,139623,139625,2,6
139617,139622,139625,3,5
139617,139622,139625,3,5
139617,139622,139625,3,5
139617,139622,139626,4,5
139617,139622,139625,3,5
139617,139622,139625,3,5
139617,139623,139626,3,6
139617,139623,139626,3,6
139617,139622,139626,4,5
139617,139623,139625,2,6
139617,139622,139625,3,5
139617,139623,139626,3,6
139617,139623,139626,3,6
139617,139623,139626,3,6
139617,139622,139626,4,5
139617,139622,139626,4,5
139617,139623,139626,3,6
139617,139623,139626,3,6
139617,139623,139626,3,6
139617,139623,139626,3,6
139185,139211,140050,839,26
140052,140052,140054,2,0
140052,140052,140054,2,0
140052,140052,140055,3,0
140052,140052,140055,3,0
140052,140052,140056,4,0
140052,140052,140056,4,0
140052,140052,140056,4,0
140052,140052,140056,4,0
140052,140052,140056,4,0
140052,140052,140055,3,0
140052,140052,140055,3,0
140052,140052,140056,4,0
140052,140052,140055,3,0
140052,140052,140056,4,0
140052,140052,140056,4,0
140052,140052,140055,3,0
140052,140052,140055,3,0
140052,140052,140056,4,0
140052,140052,140056,4,0
140052,140052,140056,4,0
140052,140052,140056,4,0
140052,140052,140056,4,0
140052,140052,140056,4,0
140052,140052,140055,3,0
140052,140052,140056,4,0
140052,140052,140056,4,0
140052,140052,140057,5,0
140052,140052,140056,4,0
140052,140052,140056,4,0
140052,140055,140057,2,3
140052,140052,140056,4,0
140052,140052,140057,5,0
140052,140052,140056,4,0
140052,140052,140057,5,0
140052,140052,140057,5,0
140052,140054,140057,3,2
140052,140052,140057,5,0
140052,140052,140057,5,0
140052,140052,140056,4,0
140052,140052,140058,6,0
140052,140052,140057,5,0
140052,140052,140058,6,0
140052,140056,140058,2,4
140052,140055,140057,2,3
140052,140055,140058,3,3
140052,140056,140058,2,4
140052,140056,140058,2,4
140052,140052,140057,5,0
140052,140056,140059,3,4
140052,140056,140059,3,4
140052,140056,140059,3,4
140052,140056,140059,3,4
140052,140056,140059,3,4
140052,140056,140059,3,4
139178,139192,140060,868,14
140052,140056,140060,4,4
140052,140056,140060,4,4
140052,140056,140059,3,4
140052,140056,140060,4,4
140052,140056,140060,4,4
140052,140057,140060,3,5
140052,140056,140060,4,4
140052,140056,140060,4,4
140052,140056,140060,4,4
140052,140056,140060,4,4
140052,140056,140060,4,4
140052,140057,140060,3,5
140052,140057,140061,4,5
140052,140057,140061,4,5
140052,140057,140061,4,5
140052,140056,140061,5,4
140052,140056,140061,5,4
140052,140057,140060,3,5
140052,140057,140061,4,5
140052,140057,140061,4,5
140052,140056,140061,5,4
140052,140057,140061,4,5
140052,140057,140061,4,5
140052,140057,140061,4,5
140052,140058,140062,4,6
140052,140057,140061,4,5
140052,140057,140061,4,5
140052,140058,140061,3,6
140052,140058,140061,3,6
140052,140058,140062,4,6
140052,140058,140062,4,6
140052,140058,140063,5,6
140052,140058,140062,4,6
140052,140060,140063,3,8
140052,140058,140062,4,6
140052,140058,140063,5,6
140052,140059,140063,4,7
140052,140060,140063,3,8
140052,140060,140063,3,8
140052,140059,140063,4,7
140052,140060,140063,3,8
140052,140060,140063,3,8
140052,140059,140063,4,7
140052,140061,140063,2,9
140052,140060,140063,3,8
140052,140061,140063,2,9
140052,140060,140063,3,8
140052,140061,140064,3,9
140052,140061,140063,2,9
140052,140061,140064,3,9
140052,140061,140063,2,9
140052,140061,140064,3,9
140052,140061,140063,2,9
140052,140061,140064,3,9
140052,140061,140064,3,9
140052,140062,140064,2,10
140052,140062,140065,3,10
140052,140062,140064,2,10
140052,140062,140065,3,10
140052,140062,140064,2,10
140052,140061,140064,3,9
140062,140062,140065,3,0
140052,140061,140065,4,9
140052,140062,140065,3,10
140052,140062,140065,3,10
140052,140062,140065,3,10
140052,140062,140065,3,10
140062,140063,140066,3,1
140062,140062,140065,3,0
140062,140062,140066,4,0
140062,140062,140065,3,0
140062,140063,140066,3,1
140062,140063,140066,3,1
139174,139182,140066,884,8
140062,140063,140066,3,1
140062,140064,140066,2,2
140062,140064,140066,2,2
140062,140063,140067,4,1
140062,140064,140067,3,2
140062,140064,140067,3,2
140062,140064,140067,3,2
140062,140063,140067,4,1
140062,140063,140066,3,1
140062,140064,140067,3,2
140062,140064,140066,2,2
140062,140063,140067,4,1
140062,140064,140067,3,2
140062,140063,140067,4,1
140062,140064,140067,3,2
140062,140065,140067,2,3
140062,140064,140067,3,2
140062,140064,140067,3,2
140062,140064,140067,3,2
140062,140064,140067,3,2
140062,140064,140067,3,2
140062,140064,140067,3,2
140062,140064,140068,4,2
140062,140065,140068,3,3
140062,140065,140068,3,3
140062,140065,140068,3,3
140062,140065,140069,4,3
140062,140065,140068,3,3
140062,140065,140068,3,3
140062,140067,140069,2,5
140062,140066,140069,3,4
140062,140066,140070,4,4
140062,140065,140069,4,3
140062,140066,140070,4,4
140062,140067,140069,2,5
140062,140067,140070,3,5
140062,140067,140070,3,5
140062,140066,140070,4,4
140062,140066,140070,4,4
140062,140067,140070,3,5
140062,140067,140069,2,5
140062,140066,140070,4,4
140062,140066,140071,5,4
140062,140066,140070,4,4
140062,140066,140070,4,4
140062,140068,140071,3,6
140062,140067,140071,4,5
140062,140067,140070,3,5
140062,140067,140071,4,5
140062,140066,140071,5,4
140062,140068,140071,3,6
140062,140068,140071,3,6
140062,140068,140071,3,6
140062,140068,140071,3,6
140062,140067,140071,4,5
140062,140067,140071,4,5
140062,140067,140071,4,5
140062,140069,140071,2,7
140062,140068,140071,3,6
140062,140068,140071,3,6
140062,140069,140072,3,7
140062,140067,140071,4,5
140062,140068,140072,4,6
140062,140068,140071,3,6
140062,140068,140071,3,6
140062,140068,140071,3,6
140062,140070,140073,3,8
140062,140068,140072,4,6
140062,140069,140072,3,7
140062,140069,140073,4,7
140062,140069,140072,3,7
140062,140070,140073,3,8
140062,140069,140072,3,7
140062,140070,140073,3,8
140062,140069,140073,4,7
140062,140071,140073,2,9
140062,140071,140073,2,9
140062,140071,140073,2,9
140062,140071,140074,3,9
140062,140070,140074,4,8
140062,140071,140073,2,9
140062,140071,140074,3,9
140062,140071,140074,3,9
140062,140070,140073,3,8
140062,140071,140074,3,9
140062,140071,140074,3,9
140062,140071,140074,3,9
140062,140072,140074,2,10
140062,140072,140074,2,10
140062,140072,140074,2,10
140062,140072,140074,2,10
140062,140072,140075,3,10
140062,140072,140075,3,10
140062,140073,140074,1,11
140062,140072,140075,3,10
140062,140072,140075,3,10
140062,140072,140075,3,10
140062,140071,140074,3,9
140062,140071,140074,3,9
140062,140072,140075,3,10
140062,140072,140075,3,10
140062,140071,140075,4,9
140062,140071,140075,4,9
140062,140072,140075,3,10
140062,140072,140075,3,10
140062,140072,140075,3,10
140062,140072,140075,3,10
140062,140072,140075,3,10
140062,140073,140075,2,11
140062,140073,140075,2,11
140062,140072,140075,3,10
140062,140073,140075,2,11
140062,140073,140076,3,11
139182,139202,140085,883,20
140083,140084,140088,4,1
140083,140084,140087,3,1
140083,140084,140087,3,1
140083,140084,140087,3,1
140083,140084,140087,3,1
140083,140084,140087,3,1
140083,140084,140088,4,1
140083,140084,140087,3,1
140083,140084,140088,4,1
140083,140084,140088,4,1
140083,140084,140088,4,1
140083,140084,140089,5,1
140083,140084,140088,4,1
140083,140084,140088,4,1
140083,140084,140088,4,1
140083,140084,140088,4,1
140083,140084,140088,4,1
140083,140084,140088,4,1
140083,140084,140088,4,1
140083,140084,140088,4,1
140083,140084,140088,4,1
140083,140084,140088,4,1
140083,140084,140089,5,1
140083,140084,140088,4,1
140083,140086,140088,2,3
140083,140084,140088,4,1
140083,140084,140089,5,1
140083,140084,140089,5,1
140083,140084,140089,5,1
140083,140084,140089,5,1
140083,140084,140089,5,1
140083,140088,140090,2,5
140083,140084,140089,5,1
140083,140084,140090,6,1
140083,140084,140089,5,1
140083,140084,140089,5,1
140083,140084,140089,5,1
140083,140084,140089,5,1
140083,140084,140089,5,1
140083,140088,140089,1,5
140083,140088,140089,1,5
140083,140089,140090,1,6
140083,140084,140090,6,1
140083,140084,140090,6,1
140083,140084,140090,6,1
140083,140084,140090,6,1
140083,140089,140090,1,6
140083,140089,140090,1,6
140083,140088,140090,2,5
140083,140089,140090,1,6
140083,140089,140090,1,6
140083,140089,140090,1,6
140083,140089,140090,1,6
140083,140089,140090,1,6
140083,140089,140090,1,6
140083,140088,140091,3,5
140083,140088,140091,3,5
140083,140088,140091,3,5
140083,140089,140092,3,6
140083,140089,140093,4,6
140083,140089,140092,3,6
140083,140088,140092,4,5
140083,140090,140093,3,7
140083,140090,140093,3,7
140083,140091,140093,2,8
140083,140091,140094,3,8
140083,140091,140094,3,8
140083,140090,140093,3,7
140083,140090,140093,3,7
140083,140089,140094,5,6
140083,140090,140094,4,7
140083,140090,140094,4,7
140083,140089,140094,5,6
140083,140089,140093,4,6
140083,140090,140093,3,7
140083,140090,140094,4,7
140083,140090,140094,4,7
140083,140091,140094,3,8
140083,140089,140094,5,6
140083,140091,140094,3,8
140083,140090,140094,4,7
140083,140090,140095,5,7
140083,140090,140095,5,7
140083,140091,140094,3,8
140083,140089,140094,5,6
140083,140089,140094,5,6
140083,140090,140094,4,7
140083,140092,140095,3,9
140083,140091,140095,4,8
140083,140091,140095,4,8
140083,140091,140095,4,8
140083,140092,140095,3,9
140083,140090,140094,4,7
140083,140091,140094,3,8
140083,140091,140094,3,8
140083,140093,140095,2,10
140083,140090,140095,5,7
140083,140091,140095,4,8
140083,140093,140095,2,10
140083,140092,140095,3,9
140083,140090,140095,5,7
140083,140091,140095,4,8
140083,140094,140097,3,11
140083,140094,140097,3,11
140083,140093,140096,3,10
140083,140093,140097,4,10
140083,140093,140096,3,10
140083,140094,140098,4,11
140083,140094,140097,3,11
140083,140094,140098,4,11
140095,140095,140098,3,0
140095,140095,140098,3,0
140083,140094,140097,3,11
140083,140094,140098,4,11
140083,140094,140098,4,11
140083,140093,140097,4,10
140083,140094,140097,3,11
140083,140094,140097,3,11
140083,140094,140098,4,11
140083,140094,140098,4,11
140095,140095,140098,3,0
140095,140095,140099,4,0
140095,140097,140099,2,2
140083,140094,140098,4,11
140095,140095,140099,4,0
140095,140095,140098,3,0
140083,140094,140098,4,11
140095,140095,140099,4,0
140095,140096,140099,3,1
140095,140095,140099,4,0
140095,140095,140099,4,0
140095,140095,140099,4,0
140095,140095,140099,4,0
140095,140097,140099,2,2
140095,140097,140100,3,2
140095,140098,140100,2,3
140095,140096,140100,4,1
140095,140098,140100,2,3
140095,140095,140099,4,0
140095,140096,140099,3,1
140095,140095,140099,4,0
140095,140095,140099,4,0
140095,140095,140099,4,0
140095,140097,140100,3,2
140095,140095,140099,4,0
140095,140097,140100,3,2
140095,140098,140101,3,3
140095,140096,140100,4,1
140095,140098,140101,3,3
140095,140096,140100,4,1
140095,140096,140100,4,1
140095,140096,140101,5,1
140095,140099,140101,2,4
140095,140098,140101,3,3
140095,140099,140101,2,4
140095,140099,140102,3,4
140095,140098,140102,4,3
140095,140100,140102,2,5
140095,140098,140102,4,3
140095,140098,140101,3,3
140095,140099,140102,3,4
140095,140099,140102,3,4
140095,140099,140102,3,4
140095,140099,140102,3,4
140095,140098,140102,4,3
140095,140098,140102,4,3
140095,140099,140102,3,4
140095,140099,140102,3,4
140095,140098,140102,4,3
140095,140099,140102,3,4
140095,140100,140102,2,5
140095,140098,140102,4,3
140095,140100,140103,3,5
140095,140099,140102,3,4
140095,140099,140103,4,4
140095,140098,140103,5,3
140095,140098,140103,5,3
140095,140099,140103,4,4
140095,140101,140103,2,6
140095,140100,140104,4,5
140095,140100,140103,3,5
140095,140101,140104,3,6
140095,140100,140104,4,5
140095,140100,140104,4,5
140095,140101,140104,3,6
140095,140100,140104,4,5
140095,140100,140104,4,5
140095,140100,140103,3,5
140095,140101,140104,3,6
140095,140102,140105,3,7
140095,140101,140105,4,6
140095,140102,140104,2,7
140095,140102,140105,3,7
140095,140101,140104,3,6
140095,140101,140105,4,6
140095,140101,140105,4,6
140095,140102,140105,3,7
140095,140102,140105,3,7
140095,140102,140105,3,7
140095,140102,140105,3,7
140095,140102,140105,3,7
140095,140103,140106,3,8
140095,140103,140106,3,8
140095,140102,140106,4,7
140095,140102,140106,4,7
140095,140103,140106,3,8
140095,140102,140106,4,7
140095,140102,140106,4,7
140095,140103,140106,3,8
140095,140103,140106,3,8
140095,140103,140106,3,8
140095,140103,140106,3,8
140095,140104,140106,2,9
140095,140103,140106,3,8
140095,140104,140107,3,9
140095,140103,140107,4,8
140095,140104,140107,3,9
140095,140104,140107,3,9
140095,140105,140107,2,10
140095,140104,140107,3,9
140095,140104,140107,3,9
140095,140104,140107,3,9
140095,140103,140107,4,8
140095,140104,140107,3,9
140095,140105,140108,3,10
140095,140104,140107,3,9
140095,140104,140107,3,9
140095,140103,140107,4,8
140095,140104,140107,3,9
140095,140105,140107,2,10
140095,140104,140107,3,9
140095,140104,140107,3,9
140095,140105,140107,2,10
140095,140105,140108,3,10
140095,140106,140108,2,11
140095,140104,140108,4,9
140095,140106,140108,2,11
140095,140105,140108,3,10
140095,140105,140108,3,10
140095,140106,140109,3,11
139242,139319,140158,839,77
140159,140159,140162,3,0
140159,140159,140162,3,0
140159,140159,140162,3,0
140159,140159,140163,4,0
140159,140159,140163,4,0
140159,140159,140163,4,0
140159,140159,140162,3,0
140159,140159,140163,4,0
140159,140159,140163,4,0
140159,140159,140163,4,0
140159,140159,140163,4,0
140159,140159,140163,4,0
140159,140159,140163,4,0
140159,140159,140163,4,0
140159,140159,140163,4,0
140159,140159,140163,4,0
140159,140159,140162,3,0
140159,140159,140163,4,0
140159,140159,140163,4,0
140159,140159,140163,4,0
140159,140159,140163,4,0
140159,140159,140163,4,0
140159,140159,140163,4,0
140159,140159,140164,5,0
140159,140159,140164,5,0
140159,140159,140164,5,0
140159,140159,140163,4,0
140159,140159,140163,4,0
140159,140159,140163,4,0
140159,140159,140163,4,0
140159,140159,140163,4,0
140159,140162,140164,2,3
140159,140159,140163,4,0
140159,140159,140164,5,0
140159,140159,140164,5,0
140159,140159,140164,5,0
140159,140159,140164,5,0
140159,140162,140164,2,3
140159,140159,140164,5,0
140159,140159,140164,5,0
140159,140159,140164,5,0
140159,140162,140164,2,3
140159,140163,140165,2,4
140159,140163,140165,2,4
140159,140163,140166,3,4
140159,140159,140165,6,0
140159,140163,140165,2,4
140159,140163,140165,2,4
140159,140159,140165,6,0
140159,140163,140165,2,4
140159,140163,140166,3,4
140159,140163,140166,3,4
140159,140163,140167,4,4
140159,140163,140167,4,4
140159,140163,140167,4,4
140159,140163,140167,4,4
140159,140163,140167,4,4
140159,140163,140167,4,4
140159,140163,140167,4,4
140159,140163,140167,4,4
140159,140163,140167,4,4
140159,140163,140167,4,4
140159,140165,140168,3,6
140159,140164,140167,3,5
140159,140164,140168,4,5
140159,140163,140168,5,4
140159,140164,140168,4,5
140159,140165,140168,3,6
140159,140165,140168,3,6
140159,140165,140168,3,6
140159,140163,140168,5,4
140159,140165,140168,3,6
140159,140165,140168,3,6
140159,140166,140168,2,7
140159,140165,140168,3,6
140159,140165,140168,3,6
140159,140165,140168,3,6
140159,140166,140169,3,7
140159,140165,140169,4,6
140159,140165,140169,4,6
140159,140165,140168,3,6
140159,140165,140168,3,6
140159,140165,140168,3,6
140159,140166,140168,2,7
140159,140165,140169,4,6
140159,140165,140169,4,6
140159,140165,140169,4,6
140159,140166,140169,3,7
140159,140168,140169,1,9
140159,140168,140170,2,9
140159,140166,140169,3,7
140159,140166,140169,3,7
140159,140166,140169,3,7
140159,140168,140170,2,9
140159,140168,140171,3,9
140159,140168,140170,2,9
140159,140167,140170,3,8
140159,140168,140170,2,9
140159,140167,140170,3,8
140159,140168,140171,3,9
140159,140168,140171,3,9
140159,140168,140171,3,9
140159,140169,140171,2,10
140159,140169,140172,3,10
140159,140169,140171,2,10
140159,140169,140171,2,10
140159,140169,140171,2,10
140159,140169,140171,2,10
140159,140169,140172,3,10
140159,140167,140171,4,8
140159,140169,140171,2,10
140159,140169,140171,2,10
140159,140168,140171,3,9
140159,140168,140171,3,9
140159,140169,140172,3,10
140159,140169,140171,2,10
140159,140168,140171,3,9
140159,140169,140172,3,10
140159,140169,140171,2,10
140159,140169,140171,2,10
139251,139341,140177,836,90
139262,139364,140187,823,102
140201,140202,140203,1,1
140201,140202,140204,2,1
140201,140202,140204,2,1
140201,140202,140204,2,1
140201,140202,140204,2,1
140201,140202,140205,3,1
140201,140202,140204,2,1
140201,140202,140205,3,1
140201,140202,140205,3,1
140201,140202,140205,3,1
140201,140202,140205,3,1
140201,140202,140205,3,1
140201,140202,140205,3,1
140201,140202,140205,3,1
140201,140202,140205,3,1
140201,140202,140206,4,1
140201,140202,140205,3,1
140201,140204,140205,1,3
140201,140202,140205,3,1
140201,140202,140206,4,1
140201,140202,140205,3,1
140201,140202,140205,3,1
140201,140202,140206,4,1
140201,140202,140206,4,1
140201,140202,140206,4,1
140201,140202,140206,4,1
140201,140202,140207,5,1
140201,140202,140207,5,1
140201,140202,140206,4,1
140201,140205,140206,1,4
140201,140205,140206,1,4
140201,140202,140206,4,1
140201,140202,140206,4,1
140201,140202,140206,4,1
140201,140202,140206,4,1
140201,140202,140206,4,1
140201,140202,140206,4,1
140201,140202,140206,4,1
140201,140202,140206,4,1
140201,140205,140207,2,4
140201,140202,140206,4,1
140201,140202,140206,4,1
140201,140202,140206,4,1
140201,140202,140206,4,1
140201,140202,140207,5,1
140201,140206,140207,1,5
140201,140206,140207,1,5
140201,140206,140207,1,5
140201,140206,140207,1,5
140201,140206,140207,1,5
140201,140206,140209,3,5
140201,140206,140208,2,5
140201,140205,140208,3,4
140201,140206,140210,4,5
140201,140205,140209,4,4
140201,140206,140209,3,5
140201,140206,140209,3,5
140201,140206,140209,3,5
140201,140206,140209,3,5
140201,140206,140209,3,5
140201,140206,140209,3,5
140201,140207,140210,3,6
140201,140207,140210,3,6
140201,140207,140209,2,6
140201,140207,140210,3,6
140201,140207,140209,2,6
140201,140207,140210,3,6
140201,140207,140211,4,6
140201,140207,140210,3,6
140201,140207,140210,3,6
140201,140207,140210,3,6
140201,140207,140210,3,6
140201,140208,140210,2,7
140201,140207,140210,3,6
140201,140207,140210,3,6
140201,140206,140210,4,5
140201,140207,140210,3,6
140201,140208,140211,3,7
140201,140208,140211,3,7
140201,140208,140211,3,7
140201,140209,140211,2,8
140201,140207,140211,4,6
140201,140207,140211,4,6
140201,140208,140211,3,7
140201,140210,140212,2,9
140201,140210,140212,2,9
140201,140207,140211,4,6
140201,140207,140211,4,6
140201,140209,140211,2,8
140201,140208,140212,4,7
140201,140210,140212,2,9
140201,140210,140212,2,9
140201,140210,140213,3,9
140201,140210,140212,2,9
140201,140210,140213,3,9
140201,140211,140213,2,10
140201,140209,140212,3,8
140201,140210,140213,3,9
140201,140210,140213,3,9
140201,140210,140213,3,9
140201,140211,140213,2,10
140201,140211,140213,2,10
140201,140211,140213,2,10
140201,140210,140213,3,9
140201,140211,140214,3,10
140201,140211,140214,3,10
140201,140210,140213,3,9
140201,140210,140213,3,9
140201,140210,140213,3,9
140201,140211,140214,3,10
140201,140211,140213,2,10
140201,140211,140214,3,10
140201,140211,140214,3,10
140201,140211,140213,2,10
140205,140211,140214,3,6
140205,140212,140215,3,7
140205,140211,140214,3,6
140205,140212,140216,4,7
140205,140212,140216,4,7
140205,140212,140216,4,7
140205,140212,140216,4,7
140205,140212,140216,4,7
140205,140212,140216,4,7
140205,140214,140216,2,9
140205,140214,140216,2,9
140205,140214,140216,2,9
140205,140212,140216,4,7
140205,140214,140216,2,9
140205,140212,140216,4,7
140205,140213,140217,4,8
140205,140214,140217,3,9
140205,140213,140216,3,8
140205,140214,140217,3,9
140205,140213,140217,4,8
140205,140213,140217,4,8
140205,140213,140216,3,8
140205,140213,140217,4,8
140205,140213,140217,4,8
140205,140214,140217,3,9
140205,140213,140217,4,8
140205,140213,140217,4,8
140205,140214,140218,4,9
140205,140216,140218,2,11
140205,140214,140218,4,9
140205,140214,140217,3,9
140205,140216,140218,2,11
140205,140216,140218,2,11
140205,140216,140218,2,11
140205,140214,140218,4,9
140205,140214,140218,4,9
140205,140214,140218,4,9
140205,140216,140218,2,11
140205,140215,140218,3,10
140205,140214,140218,4,9
140205,140214,140219,5,9
140205,140214,140218,4,9
140205,140216,140219,3,11
140205,140215,140219,4,10
140205,140216,140218,2,11
140205,140216,140218,2,11
140205,140218,140219,1,13
140205,140216,140219,3,11
140205,140218,140219,1,13
140205,140217,140220,3,12
140205,140218,140219,1,13
140205,140218,140219,1,13
140205,140217,140220,3,12
140205,140217,140220,3,12
140205,140218,140220,2,13
140205,140217,140220,3,12
140205,140217,140221,4,12
140205,140218,140221,3,13
140205,140217,140221,4,12
140205,140217,140221,4,12
140205,140220,140222,2,15
140205,140220,140221,1,15
140205,140220,140221,1,15
140205,140220,140222,2,15
140205,140219,140222,3,14
140205,140219,140222,3,14
140205,140219,140222,3,14
140205,140217,140222,5,12
140205,140219,140222,3,14
140205,140219,140222,3,14
140205,140218,140222,4,13
140205,140219,140222,3,14
140205,140219,140222,3,14
140205,140219,140222,3,14
140205,140219,140222,3,14
140205,140219,140222,3,14
140205,140219,140223,4,14
140205,140219,140222,3,14
140205,140219,140222,3,14
140205,140220,140222,2,15
140205,140219,140223,4,14
140205,140220,140222,2,15
140205,140218,140223,5,13
140205,140219,140223,4,14
140205,140222,140223,1,17
140201,140202,140207,5,1
140201,140205,140208,3,4
140205,140219,140223,4,14
140205,140219,140223,4,14
140205,140221,140224,3,16
140205,140221,140224,3,16
140205,140222,140224,2,17
140205,140222,140224,2,17
140205,140219,140224,5,14
140205,140221,140224,3,16
140205,140221,140224,3,16
140205,140222,140224,2,17
140205,140222,140224,2,17
140205,140223,140225,2,18
140205,140221,140224,3,16
140205,140222,140224,2,17
140205,140222,140225,3,17
140205,140222,140225,3,17
140205,140221,140225,4,16
140205,140222,140225,3,17
140205,140224,140225,1,19
140205,140223,140225,2,18
140205,140223,140226,3,18
140205,140223,140226,3,18
140205,140223,140225,2,18
140205,140223,140225,2,18
140205,140223,140226,3,18
140205,140223,140226,3,18
140205,140223,140225,2,18
140205,140223,140226,3,18
140205,140223,140225,2,18
140205,140222,140225,3,17
140205,140222,140226,4,17
140205,140222,140226,4,17
140205,140224,140226,2,19
140205,140223,140226,3,18
140205,140224,140226,2,19
140201,140224,140228,4,23
140201,140224,140227,3,23
140201,140224,140228,4,23
140201,140224,140227,3,23
139397,139451,140289,838,54
140293,140293,140295,2,0
140293,140293,140295,2,0
140293,140293,140295,2,0
140293,140293,140295,2,0
140293,140293,140296,3,0
140293,140293,140296,3,0
140293,140293,140296,3,0
140293,140293,140295,2,0
140293,140293,140296,3,0
140293,140293,140296,3,0
140293,140293,140297,4,0
140293,140293,140297,4,0
140293,140293,140296,3,0
140293,140293,140296,3,0
140293,140293,140296,3,0
140293,140293,140297,4,0
140293,140293,140297,4,0
140293,140293,140297,4,0
140293,140293,140297,4,0
140293,140295,140297,2,2
140293,140293,140297,4,0
140293,140293,140297,4,0
140293,140293,140297,4,0
140293,140295,140297,2,2
140293,140293,140297,4,0
140293,140293,140296,3,0
140293,140295,140297,2,2
140293,140293,140297,4,0
140293,140293,140297,4,0
140293,140293,140298,5,0
140293,140293,140297,4,0
140293,140293,140298,5,0
140293,140293,140297,4,0
140293,140293,140298,5,0
140293,140293,140297,4,0
140293,140293,140298,5,0
140293,140293,140298,5,0
140293,140293,140297,4,0
140293,140293,140298,5,0
140293,140293,140297,4,0
140293,140293,140297,4,0
140293,140293,140298,5,0
140293,140293,140297,4,0
140293,140293,140297,4,0
140293,140295,140297,2,2
140293,140296,140299,3,3
140293,140296,140298,2,3
140293,140296,140299,3,3
140293,140296,140299,3,3
140293,140296,140299,3,3
140293,140297,140299,2,4
140293,140296,140300,4,3
140293,140297,140300,3,4
140293,140297,140300,3,4
140293,140297,140300,3,4
140293,140298,140300,2,5
140293,140298,140300,2,5
140293,140298,140300,2,5
140293,140298,140300,2,5
140293,140297,140301,4,4
140293,140298,140301,3,5
140293,140297,140301,4,4
140293,140297,140301,4,4
140293,140298,140301,3,5
140293,140299,140301,2,6
140293,140297,140301,4,4
140293,140297,140300,3,4
140293,140298,140300,2,5
140293,140297,140300,3,4
140293,140298,140301,3,5
140293,140297,140301,4,4
140293,140298,140301,3,5
140293,140298,140301,3,5
140293,140298,140301,3,5
140293,140297,140301,4,4
140293,140297,140302,5,4
140293,140297,140301,4,4
140293,140297,140301,4,4
140293,140297,140301,4,4
140293,140298,140301,3,5
140293,140298,140302,4,5
140293,140298,140302,4,5
140293,140298,140302,4,5
140293,140299,140302,3,6
140293,140297,140301,4,4
140293,140297,140301,4,4
140293,140300,140302,2,7
140293,140300,140302,2,7
140293,140300,140302,2,7
140293,140298,140302,4,5
140293,140299,140303,4,6
140293,140298,140302,4,5
140293,140299,140303,4,6
140293,140300,140303,3,7
140293,140300,140303,3,7
140293,140301,140303,2,8
140293,140300,140303,3,7
140293,140300,140303,3,7
140293,140300,140303,3,7
140293,140301,140304,3,8
140293,140300,140304,4,7
140293,140301,140304,3,8
140293,140300,140304,4,7
140293,140301,140304,3,8
140293,140301,140304,3,8
140293,140302,140304,2,9
140293,140302,140304,2,9
140293,140302,140304,2,9
140293,140302,140304,2,9
140293,140302,140305,3,9
140293,140302,140305,3,9
140293,140302,140305,3,9
140293,140302,140305,3,9
140293,140301,140305,4,8
140293,140301,140305,4,8
140293,140301,140305,4,8
140293,140302,140305,3,9
140293,140302,140305,3,9
140293,140301,140305,4,8
140293,140301,140305,4,8
139555,139573,140393,820,18
140396,140396,140399,3,0
140396,140396,140398,2,0
140396,140396,140399,3,0
140396,140396,140399,3,0
140396,140396,140398,2,0
140396,140396,140398,2,0
140396,140396,140399,3,0
140396,140396,140398,2,0
140396,140396,140399,3,0
140396,140396,140399,3,0
140396,140396,140399,3,0
140396,140396,140400,4,0
140396,140396,140400,4,0
140396,140396,140399,3,0
140396,140396,140400,4,0
140396,140396,140400,4,0
140396,140396,140399,3,0
140396,140396,140399,3,0
140396,140396,140400,4,0
140396,140396,140400,4,0
140396,140396,140400,4,0
140396,140396,140400,4,0
140396,140396,140400,4,0
140396,140396,140400,4,0
140396,140396,140400,4,0
140396,140396,140400,4,0
140396,140396,140400,4,0
140396,140396,140400,4,0
140396,140396,140400,4,0
140396,140396,140400,4,0
140396,140396,140401,5,0
140396,140396,140400,4,0
140396,140396,140401,5,0
140396,140396,140401,5,0
140396,140396,140401,5,0
140396,140396,140400,4,0
140396,140396,140400,4,0
140396,140396,140400,4,0
140396,140396,140400,4,0
140396,140396,140400,4,0
140396,140396,140400,4,0
140396,140399,140402,3,3
140396,140399,140402,3,3
140396,140399,140401,2,3
140396,140399,140402,3,3
140396,140399,140402,3,3
140396,140399,140402,3,3
140396,140399,140402,3,3
140396,140399,140402,3,3
140396,140400,140403,3,4
140396,140400,140403,3,4
140396,140399,140403,4,3
140396,140400,140403,3,4
140396,140400,140403,3,4
140396,140402,140403,1,6
140396,140400,140403,3,4
140396,140399,140403,4,3
140396,140401,140403,2,5
140396,140400,140404,4,4
140396,140400,140403,3,4
140396,140402,140403,1,6
140396,140402,140404,2,6
140396,140399,140403,4,3
140396,140402,140404,2,6
140396,140400,140404,4,4
140396,140400,140403,3,4
140396,140400,140404,4,4
140396,140401,140404,3,5
140396,140402,140404,2,6
140396,140400,140404,4,4
140396,140400,140404,4,4
140396,140401,140404,3,5
140396,140401,140404,3,5
140396,140401,140404,3,5
140396,140401,140404,3,5
140396,140400,140404,4,4
140396,140400,140404,4,4
140396,140401,140405,4,5
140396,140401,140405,4,5
140396,140401,140405,4,5
140396,140401,140405,4,5
140396,140400,140405,5,4
140396,140400,140405,5,4
140396,140401,140405,4,5
140396,140404,140405,1,8
140396,140404,140405,1,8
140396,140402,140405,3,6
140396,140401,140406,5,5
140396,140403,140406,3,7
140396,140403,140406,3,7
140396,140401,140406,5,5
140396,140401,140406,5,5
140396,140403,140406,3,7
140396,140403,140406,3,7
140396,140405,140406,1,9
140396,140402,140406,4,6
140396,140404,140406,2,8
140396,140402,140406,4,6
140396,140404,140406,2,8
140396,140404,140407,3,8
140396,140403,140407,4,7
140396,140403,140406,3,7
140396,140404,140407,3,8
140396,140405,140407,2,9
140396,140405,140407,2,9
140396,140405,140408,3,9
140396,140405,140407,2,9
140396,140405,140407,2,9
140396,140405,140407,2,9
140396,140405,140407,2,9
140396,140405,140407,2,9
140396,140405,140407,2,9
140396,140405,140407,2,9
140396,140405,140407,2,9
140396,140404,140408,4,8
140396,140405,140408,3,9
140396,140405,140408,3,9
140396,140404,140408,4,8
140396,140405,140408,3,9
140396,140405,140408,3,9
139491,139527,140444,917,36
139595,139600,140446,846,5
140445,140445,140447,2,0
140445,140445,140447,2,0
140445,140446,140448,2,1
140445,140445,140448,3,0
140445,140445,140448,3,0
140445,140445,140448,3,0
140445,140445,140448,3,0
140445,140445,140448,3,0
140445,140445,140448,3,0
140445,140445,140448,3,0
140445,140447,140448,1,2
140445,140445,140449,4,0
140445,140445,140449,4,0
140445,140445,140449,4,0
140445,140445,140449,4,0
140445,140445,140449,4,0
140445,140445,140449,4,0
140445,140445,140449,4,0
140445,140445,140449,4,0
140445,140445,140449,4,0
140445,140447,140449,2,2
140445,140445,140449,4,0
140445,140445,140449,4,0
140445,140445,140449,4,0
140445,140445,140449,4,0
140445,140447,140449,2,2
140445,140445,140449,4,0
140445,140445,140449,4,0
140445,140445,140450,5,0
140445,140448,140450,2,3
140445,140445,140450,5,0
140445,140445,140450,5,0
140445,140445,140450,5,0
140445,140445,140450,5,0
140445,140445,140450,5,0
140445,140445,140450,5,0
140445,140445,140450,5,0
140445,140445,140451,6,0
140445,140445,140450,5,0
140445,140446,140451,5,1
140445,140446,140450,4,1
140445,140446,140451,5,1
140445,140446,140451,5,1
140445,140445,140451,6,0
140445,140445,140451,6,0
140445,140449,140451,2,4
140445,140448,140451,3,3
140445,140449,140452,3,4
140445,140449,140452,3,4
140445,140449,140451,2,4
140445,140449,140452,3,4
140445,140448,140452,4,3
140445,140450,140452,2,5
140445,140449,140452,3,4
140445,140450,140453,3,5
140445,140452,140453,1,7
140445,140452,140453,1,7
140445,140452,140453,1,7
140445,140452,140453,1,7
140445,140450,140453,3,5
140445,140452,140453,1,7
140445,140450,140453,3,5
140445,140450,140453,3,5
140445,140450,140453,3,5
140445,140450,140453,3,5
140445,140450,140453,3,5
140445,140450,140453,3,5
140445,140451,140453,2,6
140445,140450,140454,4,5
140445,140450,140453,3,5
140445,140452,140453,1,7
140445,140450,140453,3,5
140445,140451,140453,2,6
140445,140450,140453,3,5
140445,140450,140453,3,5
140445,140450,140453,3,5
140445,140450,140453,3,5
140445,140451,140453,2,6
140445,140450,140454,4,5
140445,140450,140454,4,5
140445,140451,140454,3,6
140445,140452,140454,2,7
140445,140451,140454,3,6
140445,140451,140454,3,6
140445,140451,140454,3,6
140445,140451,140454,3,6
140445,140452,140455,3,7
140445,140450,140454,4,5
140445,140451,140455,4,6
140445,140452,140455,3,7
140445,140452,140455,3,7
140445,140453,140455,2,8
140445,140453,140455,2,8
140445,140452,140455,3,7
140445,140454,140456,2,9
140445,140453,140455,2,8
140445,140453,140455,2,8
140445,140452,140455,3,7
140445,140454,140456,2,9
140445,140454,140456,2,9
140445,140454,140457,3,9
140445,140454,140456,2,9
140445,140454,140457,3,9
140445,140454,140457,3,9
140445,140454,140456,2,9
140445,140454,140457,3,9
140445,140454,140457,3,9
140445,140454,140456,2,9
140445,140454,140456,2,9
140445,140454,140458,4,9
140445,140454,140457,3,9
140445,140454,140457,3,9
140445,140454,140457,3,9
140445,140454,140457,3,9
140445,140454,140457,3,9
140445,140454,140457,3,9
140445,140454,140458,4,9
140445,140454,140457,3,9
140449,140455,140458,3,6
140445,140454,140457,3,9
140449,140455,140458,3,6
140449,140455,140457,2,6
140445,140454,140457,3,9
140449,140455,140459,4,6
140449,140456,140459,3,7
140449,140455,140458,3,6
140449,140455,140458,3,6
140449,140456,140459,3,7
140449,140455,140458,3,6
140449,140455,140459,4,6
140449,140455,140459,4,6
140449,140455,140458,3,6
140449,140455,140458,3,6
140449,140455,140458,3,6
140449,140456,140459,3,7
140449,140458,140459,1,9
140449,140458,140460,2,9
140449,140456,140460,4,7
140449,140457,140460,3,8
140449,140458,140460,2,9
140449,140456,140459,3,7
140449,140456,140460,4,7
140449,140457,140460,3,8
140449,140456,140460,4,7
140449,140458,140460,2,9
140449,140457,140460,3,8
140449,140457,140460,3,8
140449,140458,140461,3,9
140449,140457,140460,3,8
140449,140457,140461,4,8
140449,140458,140460,2,9
140449,140458,140460,2,9
140449,140457,140461,4,8
140449,140458,140461,3,9
140449,140457,140461,4,8
140449,140457,140460,3,8
140449,140457,140461,4,8
140449,140458,140462,4,9
140449,140458,140461,3,9
140449,140458,140462,4,9
140449,140459,140462,3,10
140449,140459,140462,3,10
140449,140459,140462,3,10
140449,140459,140462,3,10
140449,140459,140462,3,10
140449,140457,140462,5,8
140449,140458,140463,5,9
140449,140459,140462,3,10
140449,140459,140463,4,10
140449,140458,140463,5,9
140449,140458,140462,4,9
140449,140459,140462,3,10
140449,140459,140462,3,10
140449,140459,140463,4,10
140449,140460,140464,4,11
140449,140461,140464,3,12
140449,140460,140463,3,11
140449,140460,140463,3,11
140449,140461,140464,3,12
140449,140460,140464,4,11
140449,140461,140464,3,12
140449,140461,140464,3,12
140449,140462,140464,2,13
140449,140460,140464,4,11
140449,140460,140463,3,11
140449,140461,140464,3,12
140449,140462,140464,2,13
140449,140462,140464,2,13
140449,140459,140464,5,10
140449,140459,140464,5,10
140449,140460,140464,4,11
140449,140461,140464,3,12
140449,140462,140464,2,13
140449,140462,140464,2,13
140449,140461,140465,4,12
140449,140462,140465,3,13
140449,140463,140465,2,14
140449,140463,140465,2,14
140449,140461,140464,3,12
140449,140461,140464,3,12
140449,140462,140464,2,13
140449,140462,140465,3,13
140449,140461,140465,4,12
140449,140461,140465,4,12
140449,140461,140465,4,12
140449,140461,140465,4,12
140449,140461,140465,4,12
140449,140464,140466,2,15
140449,140462,140466,4,13
140449,140463,140466,3,14
140449,140463,140466,3,14
140449,140464,140466,2,15
140449,140463,140466,3,14
140449,140464,140466,2,15
140449,140464,140466,2,15
140449,140463,140467,4,14
140449,140463,140466,3,14
140449,140464,140466,2,15
140449,140463,140467,4,14
140449,140464,140466,2,15
140449,140464,140467,3,15
140449,140464,140467,3,15
140449,140464,140467,3,15
140449,140464,140467,3,15
140449,140465,140467,2,16
140449,140465,140468,3,16
140449,140465,140467,2,16
140449,140465,140467,2,16
140449,140465,140468,3,16
140449,140465,140468,3,16
140449,140465,140468,3,16
140449,140465,140468,3,16
140449,140464,140468,4,15
140449,140464,140468,4,15
140449,140464,140468,4,15
140449,140465,140468,3,16
140449,140465,140468,3,16
140449,140465,140468,3,16
140449,140465,140468,3,16
140449,140465,140468,3,16
139618,139623,140469,846,5
140489,140489,140491,2,0
140489,140489,140491,2,0
140489,140489,140491,2,0
140489,140489,140492,3,0
140489,140489,140491,2,0
140489,140489,140492,3,0
140489,140489,140492,3,0
140489,140489,140492,3,0
140489,140489,140492,3,0
140489,140489,140492,3,0
140489,140489,140493,4,0
140489,140489,140492,3,0
140489,140489,140493,4,0
140489,140489,140492,3,0
140489,140489,140493,4,0
140489,140489,140493,4,0
140489,140489,140493,4,0
140489,140489,140493,4,0
140489,140489,140493,4,0
140489,140489,140492,3,0
140489,140489,140492,3,0
140489,140489,140493,4,0
140489,140489,140493,4,0
140489,140489,140493,4,0
140489,140489,140492,3,0
140489,140489,140493,4,0
140489,140489,140493,4,0
140489,140489,140492,3,0
140489,140489,140492,3,0
140489,140489,140493,4,0
140489,140489,140492,3,0
140489,140489,140493,4,0
140489,140489,140493,4,0
140489,140489,140493,4,0
140489,140489,140493,4,0
140489,140489,140493,4,0
140489,140489,140494,5,0
140489,140489,140493,4,0
140489,140489,140494,5,0
140489,140489,140493,4,0
140489,140489,140493,4,0
140489,140491,140494,3,2
140489,140492,140495,3,3
140489,140492,140495,3,3
140489,140492,140495,3,3
140489,140492,140495,3,3
140489,140492,140495,3,3
140489,140492,140495,3,3
140489,140492,140496,4,3
140489,140492,140495,3,3
140489,140493,140496,3,4
140489,140493,140496,3,4
140489,140494,140496,2,5
140489,140494,140496,2,5
140489,140493,140497,4,4
140489,140493,140496,3,4
140489,140494,140497,3,5
140489,140493,140497,4,4
140489,140493,140497,4,4
140489,140493,140497,4,4
140489,140493,140496,3,4
140489,140493,140497,4,4
140489,140493,140496,3,4
140489,140493,140496,3,4
140489,140495,140497,2,6
140489,140495,140497,2,6
140489,140493,140497,4,4
140489,140493,140497,4,4
140489,140493,140497,4,4
140489,140494,140497,3,5
140489,140495,140497,2,6
140489,140494,140498,4,5
140489,140494,140498,4,5
140489,140494,140497,3,5
140489,140493,140497,4,4
140489,140493,140497,4,4
140489,140494,140498,4,5
140489,140495,140497,2,6
140489,140493,140498,5,4
140489,140493,140498,5,4
140489,140493,140498,5,4
140489,140493,140498,5,4
140489,140493,140498,5,4
140489,140493,140497,4,4
140489,140494,140498,4,5
140489,140493,140498,5,4
140489,140494,140498,4,5
140489,140496,140498,2,7
140489,140497,140499,2,8
140489,140497,140499,2,8
140489,140496,140500,4,7
140489,140496,140499,3,7
140489,140498,140499,1,9
140489,140497,140500,3,8
140489,140496,140500,4,7
140489,140497,140500,3,8
140489,140497,140500,3,8
140489,140496,140499,3,7
140489,140497,140500,3,8
140489,140497,140500,3,8
140489,140496,140500,4,7
140489,140496,140500,4,7
140489,140497,140500,3,8
140489,140497,140500,3,8
140489,140497,140500,3,8
140489,140496,140500,4,7
140489,140498,140500,2,9
140489,140498,140501,3,9
140489,140498,140500,2,9
140489,140498,140501,3,9
140489,140498,140501,3,9
140489,140498,140501,3,9
140489,140498,140501,3,9
140489,140497,140500,3,8
140489,140497,140501,4,8
140489,140498,140501,3,9
140489,140498,140502,4,9
140489,140498,140502,4,9
140489,140498,140501,3,9
140489,140498,140502,4,9
139649,139649,140544,895,0
139673,139674,140546,872,1
140549,140549,140551,2,0
140549,140549,140552,3,0
140549,140549,140552,3,0
140549,140549,140552,3,0
139640,139641,140552,911,1
140549,140549,140552,3,0
140549,140549,140553,4,0
140549,140549,140552,3,0
140549,140549,140552,3,0
140549,140549,140552,3,0
140549,140549,140552,3,0
140549,140549,140552,3,0
140549,140549,140552,3,0
140549,140549,140552,3,0
140549,140549,140553,4,0
140549,140549,140553,4,0
140549,140549,140552,3,0
140549,140549,140553,4,0
140549,140549,140553,4,0
140549,140549,140553,4,0
140549,140549,140552,3,0
140549,140549,140552,3,0
140549,140549,140552,3,0
140549,140549,140553,4,0
140549,140549,140554,5,0
140549,140549,140553,4,0
140549,140549,140553,4,0
140549,140549,140553,4,0
140549,140549,140553,4,0
140549,140549,140553,4,0
140549,140549,140553,4,0
140549,140549,140553,4,0
140549,140549,140553,4,0
140549,140549,140553,4,0
140549,140549,140553,4,0
140549,140549,140553,4,0
140549,140549,140554,5,0
140549,140549,140553,4,0
140549,140549,140553,4,0
140549,140549,140553,4,0
140549,140549,140554,5,0
140549,140549,140554,5,0
140549,140552,140555,3,3
140549,140552,140555,3,3
140549,140552,140555,3,3
140549,140553,140556,3,4
140549,140549,140555,6,0
140549,140552,140556,4,3
140549,140553,140556,3,4
140549,140553,140556,3,4
140549,140553,140557,4,4
140549,140553,140556,3,4
140549,140553,140556,3,4
140549,140553,140556,3,4
140549,140553,140557,4,4
140549,140555,140557,2,6
140549,140554,140557,3,5
140549,140555,140557,2,6
140549,140553,140557,4,4
140549,140553,140557,4,4
140549,140553,140556,3,4
140549,140553,140556,3,4
140549,140553,140557,4,4
140549,140554,140557,3,5
140549,140554,140557,3,5
140549,140554,140556,2,5
140549,140555,140557,2,6
140549,140553,140557,4,4
140549,140553,140557,4,4
140549,140554,140557,3,5
140549,140554,140558,4,5
140549,140553,140557,4,4
140549,140553,140557,4,4
140549,140553,140557,4,4
140549,140554,140558,4,5
140549,140554,140558,4,5
140549,140554,140558,4,5
139664,139664,140558,894,0
140549,140554,140558,4,5
140549,140554,140558,4,5
140549,140554,140557,3,5
140549,140554,140558,4,5
140549,140554,140558,4,5
140549,140553,140558,5,4
140549,140554,140557,3,5
140549,140553,140558,5,4
140549,140554,140558,4,5
140549,140554,140558,4,5
140549,140556,140559,3,7
140549,140556,140559,3,7
140549,140556,140559,3,7
140549,140557,140560,3,8
140549,140556,140559,3,7
140549,140557,140559,2,8
140549,140557,140560,3,8
140549,140557,140560,3,8
140549,140557,140560,3,8
140549,140556,140560,4,7
140549,140557,140560,3,8
140549,140557,140560,3,8
140549,140557,140560,3,8
140549,140557,140560,3,8
140549,140557,140560,3,8
140549,140557,140560,3,8
140549,140557,140560,3,8
140549,140557,140560,3,8
140549,140557,140560,3,8
140549,140558,140561,3,9
140549,140558,140561,3,9
140549,140558,140561,3,9
140549,140558,140561,3,9
140549,140558,140561,3,9
140549,140558,140561,3,9
140549,140558,140561,3,9
140549,140557,140561,4,8
140549,140558,140561,3,9
140549,140558,140561,3,9
140549,140557,140560,3,8
140549,140557,140561,4,8
140549,140557,140561,4,8
140549,140558,140562,4,9
140549,140558,140561,3,9
140549,140558,140562,4,9
140549,140561,140562,1,12
140549,140558,140562,4,9
140549,140558,140562,4,9
140549,140558,140562,4,9
140549,140558,140562,4,9
140549,140558,140562,4,9
140549,140561,140562,1,12
140549,140561,140562,1,12
140549,140561,140562,1,12
140549,140559,140563,4,10
140549,140559,140563,4,10
140549,140561,140562,1,12
140549,140561,140562,1,12
140549,140561,140563,2,12
140549,140561,140563,2,12
140549,140558,140562,4,9
140549,140560,140563,3,11
140549,140560,140563,3,11
140549,140560,140563,3,11
140549,140561,140563,2,12
140549,140561,140563,2,12
140549,140559,140563,4,10
140549,140561,140563,2,12
140549,140558,140563,5,9
140549,140559,140563,4,10
140549,140559,140563,4,10
140549,140561,140563,2,12
140549,140560,140563,3,11
140549,140561,140564,3,12
140549,140562,140564,2,13
140549,140562,140564,2,13
140549,140560,140564,4,11
140549,140561,140564,3,12
140549,140560,140565,5,11
140549,140563,140564,1,14
140549,140560,140564,4,11
140549,140562,140564,2,13
140549,140561,140564,3,12
140549,140562,140564,2,13
140549,140562,140565,3,13
140549,140562,140564,2,13
140549,140562,140565,3,13
140549,140562,140565,3,13
140549,140560,140565,5,11
140549,140563,140565,2,14
140549,140561,140565,4,12
140549,140561,140565,4,12
140549,140563,140565,2,14
140549,140564,140566,2,15
140549,140564,140566,2,15
140549,140561,140566,5,12
140549,140564,140567,3,15
140549,140564,140566,2,15
140549,140564,140566,2,15
140549,140564,140566,2,15
140549,140564,140566,2,15
140549,140564,140566,2,15
140549,140562,140566,4,13
140549,140564,140566,2,15
140549,140563,140566,3,14
140549,140563,140567,4,14
140549,140563,140567,4,14
140549,140563,140567,4,14
140549,140563,140567,4,14
140549,140563,140567,4,14
140549,140565,140567,2,16
140549,140565,140567,2,16
140549,140561,140567,6,12
140549,140564,140567,3,15
140549,140564,140567,3,15
140549,140564,140567,3,15
140549,140565,140567,2,16
140549,140565,140567,2,16
140549,140564,140567,3,15
140549,140565,140568,3,16
140549,140565,140567,2,16
140549,140564,140567,3,15
140549,140565,140567,2,16
140549,140565,140567,2,16
140549,140563,140567,4,14
140549,140565,140568,3,16
140549,140565,140569,4,16
140549,140565,140568,3,16
140549,140566,140568,2,17
140549,140565,140568,3,16
140549,140565,140568,3,16
140549,140566,140569,3,17
140549,140566,140569,3,17
140549,140567,140569,2,18
140549,140566,140570,4,17
140549,140566,140569,3,17
140549,140566,140569,3,17
140549,140567,140569,2,18
140549,140567,140569,2,18
140549,140567,140569,2,18
140549,140566,140569,3,17
140549,140566,140569,3,17
140549,140567,140570,3,18
140549,140567,140569,2,18
140549,140567,140569,2,18
140549,140567,140570,3,18
140549,140567,140570,3,18
140549,140567,140570,3,18
140549,140568,140570,2,19
140549,140568,140571,3,19
140549,140568,140571,3,19
140549,140567,140570,3,18
140549,140567,140570,3,18
140549,140567,140570,3,18
140549,140567,140570,3,18
140549,140568,140571,3,19
140549,140568,140571,3,19
140549,140568,140570,2,19
140549,140568,140571,3,19
140549,140568,140571,3,19
140549,140568,140571,3,19
140549,140568,140571,3,19
140549,140568,140571,3,19
140549,140568,140571,3,19
140556,140569,140572,3,13
140556,140568,140572,4,12
140556,140568,140572,4,12
140556,140569,140572,3,13
140556,140569,140573,4,13
140556,140569,140572,3,13
140556,140569,140572,3,13
140556,140569,140573,4,13
140556,140569,140572,3,13
140556,140570,140573,3,14
140556,140570,140573,3,14
140556,140570,140573,3,14
140556,140570,140572,2,14
140556,140570,140573,3,14
140556,140569,140573,4,13
140556,140570,140573,3,14
140556,140570,140573,3,14
140556,140570,140573,3,14
140556,140570,140573,3,14
140556,140568,140573,5,12
140556,140569,140573,4,13
140556,140571,140574,3,15
140556,140571,140574,3,15
140556,140570,140573,3,14
140556,140570,140573,3,14
140556,140570,140574,4,14
140556,140571,140574,3,15
140556,140571,140574,3,15
140556,140570,140574,4,14
140556,140571,140574,3,15
140556,140572,140574,2,16
140556,140571,140575,4,15
140556,140571,140575,4,15
140556,140571,140575,4,15
140556,140572,140575,3,16
140556,140571,140575,4,15
140556,140571,140574,3,15
140556,140571,140575,4,15
140556,140571,140575,4,15
140556,140571,140575,4,15
140556,140571,140575,4,15
140556,140572,140576,4,16
140556,140573,140576,3,17
139682,139682,140575,893,0
140556,140572,140576,4,16
140556,140572,140576,4,16
140556,140573,140577,4,17
140556,140573,140576,3,17
140556,140573,140577,4,17
140556,140573,140577,4,17
140556,140573,140577,4,17
140556,140573,140576,3,17
140556,140573,140577,4,17
140556,140573,140576,3,17
140556,140574,140577,3,18
140556,140575,140577,2,19
140556,140575,140577,2,19
140556,140572,140577,5,16
140556,140573,140577,4,17
140556,140573,140577,4,17
140556,140573,140577,4,17
140556,140573,140577,4,17
140556,140573,140577,4,17
140556,140574,140577,3,18
140556,140574,140578,4,18
140556,140576,140577,1,20
140556,140573,140577,4,17
140556,140575,140578,3,19
140556,140574,140578,4,18
140556,140575,140578,3,19
140556,140575,140578,3,19
140556,140576,140577,1,20
140556,140573,140578,5,17
140556,140574,140577,3,18
140556,140574,140578,4,18
140556,140575,140578,3,19
140556,140576,140578,2,20
140556,140577,140578,1,21
140556,140573,140578,5,17
140556,140575,140578,3,19
140556,140575,140578,3,19
139715,139715,140579,864,0
140556,140575,140578,3,19
140556,140575,140578,3,19
140556,140574,140578,4,18
140556,140575,140578,3,19
140556,140575,140579,4,19
140556,140575,140578,3,19
140556,140575,140578,3,19
140556,140577,140580,3,21
140556,140577,140580,3,21
140556,140577,140580,3,21
140556,140577,140580,3,21
140556,140577,140580,3,21
140556,140577,140580,3,21
140556,140577,140580,3,21
140556,140577,140580,3,21
140556,140577,140580,3,21
140556,140578,140581,3,22
140556,140578,140580,2,22
140556,140578,140580,2,22
140556,140578,140581,3,22
140556,140578,140581,3,22
140556,140578,140581,3,22
140556,140578,140581,3,22
140556,140577,140580,3,21
140556,140578,140581,3,22
140556,140578,140581,3,22
140556,140578,140581,3,22
140556,140577,140581,4,21
140556,140577,140581,4,21
140556,140578,140581,3,22
140556,140579,140581,2,23
140556,140579,140582,3,23
140556,140578,140581,3,22
140556,140578,140581,3,22
140556,140578,140581,3,22
140556,140578,140581,3,22
140556,140578,140581,3,22
140556,140579,140583,4,23
140556,140579,140582,3,23
140556,140579,140582,3,23
140560,140579,140582,3,19
140560,140579,140582,3,19
140560,140579,140583,4,19
140560,140579,140583,4,19
140560,140579,140583,4,19
140560,140579,140583,4,19
140560,140579,140583,4,19
140560,140580,140583,3,20
140560,140579,140583,4,19
140560,140579,140583,4,19
140560,140579,140583,4,19
140560,140580,140584,4,20
140560,140582,140583,1,22
140560,140582,140583,1,22
140560,140581,140584,3,21
140560,140581,140584,3,21
140560,140581,140584,3,21
140560,140581,140584,3,21
140560,140580,140585,5,20
140560,140582,140584,2,22
140560,140580,140584,4,20
140560,140581,140584,3,21
140560,140581,140584,3,21
140560,140581,140584,3,21
140560,140583,140584,1,23
140560,140581,140584,3,21
140560,140580,140584,4,20
140560,140582,140584,2,22
140560,140581,140584,3,21
140560,140581,140584,3,21
140560,140581,140584,3,21
140560,140582,140584,2,22
140560,140582,140585,3,22
140560,140582,140584,2,22
140560,140581,140584,3,21
140560,140582,140585,3,22
140560,140582,140584,2,22
140560,140581,140585,4,21
140560,140583,140585,2,23
140560,140581,140585,4,21
140560,140583,140585,2,23
139689,139690,140586,896,1
140560,140582,140586,4,22
140560,140583,140586,3,23
140560,140584,140586,2,24
140560,140584,140586,2,24
140560,140584,140586,2,24
140560,140584,140586,2,24
140560,140583,140586,3,23
140560,140584,140586,2,24
140560,140584,140586,2,24
140560,140583,140586,3,23
140560,140584,140587,3,24
140560,140583,140587,4,23
140560,140583,140587,4,23
140560,140585,140588,3,25
140560,140585,140587,2,25
140560,140584,140588,4,24
140560,140584,140587,3,24
140560,140584,140587,3,24
140560,140585,140587,2,25
140560,140585,140587,2,25
140560,140585,140587,2,25
140560,140585,140587,2,25
140560,140585,140588,3,25
140560,140585,140588,3,25
140560,140585,140587,2,25
140560,140585,140587,2,25
140560,140586,140588,2,26
140560,140585,140588,3,25
140560,140585,140588,3,25
140560,140585,140588,3,25
140560,140585,140588,3,25
140560,140585,140588,3,25
140560,140584,140588,4,24
140560,140585,140588,3,25
140560,140585,140588,3,25
140560,140585,140588,3,25
140560,140586,140589,3,26
140560,140587,140589,2,27
140560,140583,140588,5,23
140560,140585,140589,4,25
140560,140585,140588,3,25
140560,140585,140589,4,25
140560,140586,140589,3,26
140560,140587,140589,2,27
139709,139709,140589,880,0
140560,140587,140589,2,27
140560,140586,140589,3,26
140560,140586,140589,3,26
140560,140587,140589,2,27
140560,140587,140590,3,27
140560,140587,140590,3,27
140560,140587,140589,2,27
140560,140587,140590,3,27
140560,140587,140590,3,27
140560,140587,140590,3,27
140560,140588,140590,2,28
140560,140589,140590,1,29
140560,140589,140590,1,29
140560,140588,140590,2,28
140560,140588,140590,2,28
140560,140588,140590,2,28
140560,140588,140590,2,28
140560,140587,140590,3,27
140560,140588,140591,3,28
140560,140588,140591,3,28
140560,140588,140591,3,28
140560,140588,140591,3,28
140560,140589,140591,2,29
140560,140588,140590,2,28
140560,140588,140591,3,28
140560,140588,140591,3,28
140560,140589,140591,2,29
140560,140589,140591,2,29
140560,140589,140591,2,29
140560,140588,140591,3,28
140560,140588,140591,3,28
140560,140589,140591,2,29
140560,140589,140591,2,29
140560,140588,140591,3,28
140560,140588,140591,3,28
139722,139722,140595,873,0
139669,139669,140601,932,0
139695,139695,140602,907,0
139685,139685,140604,919,0
139678,139678,140607,929,0
140617,140617,140619,2,0
140617,140617,140619,2,0
140617,140617,140618,1,0
139687,139688,140619,931,1
140617,140617,140619,2,0
139712,139712,140618,906,0
140617,140617,140620,3,0
140617,140617,140620,3,0
140617,140617,140620,3,0
140617,140617,140620,3,0
140617,140617,140620,3,0
140617,140617,140620,3,0
140617,140617,140619,2,0
140617,140617,140620,3,0
140617,140617,140619,2,0
140617,140617,140619,2,0
140617,140617,140619,2,0
140617,140617,140620,3,0
140617,140617,140621,4,0
140617,140617,140621,4,0
140617,140617,140621,4,0
139666,139666,140620,954,0
140617,140617,140621,4,0
140617,140617,140621,4,0
140617,140617,140621,4,0
140617,140617,140621,4,0
140617,140617,140621,4,0
140617,140617,140621,4,0
140617,140617,140621,4,0
140617,140617,140620,3,0
140617,140619,140621,2,2
140617,140617,140621,4,0
140617,140617,140620,3,0
140617,140617,140621,4,0
140617,140617,140621,4,0
140617,140617,140621,4,0
140617,140617,140621,4,0
140617,140617,140621,4,0
140617,140617,140621,4,0
140617,140617,140621,4,0
140617,140617,140622,5,0
140617,140617,140622,5,0
140617,140617,140622,5,0
140617,140617,140622,5,0
140617,140617,140621,4,0
140617,140617,140621,4,0
140617,140617,140622,5,0
140617,140619,140621,2,2
140617,140617,140621,4,0
140617,140617,140622,5,0
140617,140619,140621,2,2
140617,140617,140621,4,0
140617,140617,140622,5,0
140617,140617,140621,4,0
140617,140619,140622,3,2
140617,140619,140622,3,2
140617,140620,140623,3,3
140617,140617,140622,5,0
140617,140621,140623,2,4
140617,140620,140623,3,3
140617,140620,140623,3,3
140617,140621,140623,2,4
140617,140620,140623,3,3
140617,140621,140623,2,4
140617,140620,140623,3,3
140617,140620,140624,4,3
140617,140621,140624,3,4
140617,140621,140624,3,4
140617,140620,140624,4,3
140617,140621,140623,2,4
140617,140621,140624,3,4
140617,140620,140623,3,3
140617,140621,140623,2,4
140617,140619,140624,5,2
140617,140621,140624,3,4
140617,140620,140624,4,3
140617,140621,140624,3,4
140617,140621,140623,2,4
140617,140621,140624,3,4
140617,140620,140624,4,3
140617,140621,140624,3,4
140617,140620,140624,4,3
140617,140621,140624,3,4
140617,140620,140624,4,3
140617,140621,140625,4,4
140617,140621,140624,3,4
140617,140621,140625,4,4
140617,140622,140624,2,5
140617,140622,140625,3,5
140617,140622,140625,3,5
140617,140622,140625,3,5
140617,140622,140625,3,5
140617,140622,140625,3,5
140617,140621,140624,3,4
140617,140622,140625,3,5
140617,140622,140625,3,5
140617,140622,140625,3,5
140617,140623,140625,2,6
140617,140621,140625,4,4
140617,140622,140625,3,5
140617,140622,140625,3,5
140617,140623,140625,2,6
140617,140623,140625,2,6
140617,140624,140626,2,7
140617,140622,140626,4,5
140617,140623,140626,3,6
140617,140623,140626,3,6
140617,140624,140626,2,7
140617,140622,140626,4,5
140617,140622,140625,3,5
140617,140623,140626,3,6
140617,140622,140626,4,5
140617,140622,140626,4,5
140617,140622,140626,4,5
140617,140624,140626,2,7
140617,140622,140626,4,5
140617,140623,140626,3,6
140617,140622,140626,4,5
140617,140623,140626,3,6
140617,140624,140626,2,7
140617,140624,140626,2,7
140617,140624,140627,3,7
140617,140624,140626,2,7
140617,140626,140627,1,9
140617,140626,140627,1,9
140617,140626,140627,1,9
140617,140626,140627,1,9
140617,140626,140627,1,9
140617,140624,140628,4,7
140617,140624,140628,4,7
140617,140624,140628,4,7
140617,140624,140628,4,7
140617,140626,140628,2,9
140617,140626,140628,2,9
140617,140626,140628,2,9
140617,140625,140628,3,8
140617,140624,140628,4,7
140617,140624,140628,4,7
140617,140624,140628,4,7
140617,140624,140628,4,7
140617,140624,140628,4,7
140617,140624,140628,4,7
140617,140624,140628,4,7
140617,140626,140628,2,9
140617,140625,140628,3,8
140617,140625,140629,4,8
140617,140625,140628,3,8
140617,140625,140629,4,8
140617,140626,140629,3,9
140617,140626,140629,3,9
140617,140625,140629,4,8
140617,140625,140629,4,8
140617,140625,140629,4,8
140617,140624,140629,5,7
140617,140626,140629,3,9
140617,140627,140629,2,10
140617,140626,140629,3,9
140617,140626,140629,3,9
140617,140626,140629,3,9
140617,140627,140630,3,10
140617,140627,140630,3,10
140617,140627,140630,3,10
140617,140627,140630,3,10
140617,140625,140630,5,8
140617,140625,140630,5,8
140617,140628,140630,2,11
140617,140626,140630,4,9
140617,140626,140630,4,9
140617,140626,140631,5,9
140617,140626,140630,4,9
140617,140628,140630,2,11
140617,140626,140630,4,9
140617,140628,140630,2,11
140617,140628,140630,2,11
140617,140627,140631,4,10
140617,140627,140631,4,10
140617,140628,140631,3,11
140617,140629,140632,3,12
140617,140629,140631,2,12
140617,140628,140631,3,11
140617,140628,140631,3,11
140617,140629,140632,3,12
140617,140629,140632,3,12
140617,140628,140632,4,11
140617,140629,140632,3,12
140617,140629,140632,3,12
140617,140629,140632,3,12
140617,140629,140632,3,12
140617,140629,140633,4,12
140617,140630,140632,2,13
140617,140629,140632,3,12
140617,140630,140632,2,13
140617,140629,140632,3,12
140617,140629,140633,4,12
140617,140629,140633,4,12
140617,140630,140633,3,13
140617,140629,140632,3,12
140617,140629,140632,3,12
140617,140630,140633,3,13
140617,140629,140632,3,12
140617,140629,140632,3,12
140617,140630,140633,3,13
140617,140629,140632,3,12
140617,140630,140633,3,13
140617,140632,140634,2,15
140617,140630,140634,4,13
140617,140631,140633,2,14
140617,140630,140633,3,13
140617,140631,140633,2,14
140617,140632,140634,2,15
140617,140630,140633,3,13
140617,140630,140633,3,13
140617,140630,140633,3,13
140617,140630,140634,4,13
140617,140630,140633,3,13
140617,140631,140634,3,14
140617,140630,140633,3,13
140617,140631,140633,2,14
140617,140631,140634,3,14
140617,140631,140634,3,14
140617,140629,140633,4,12
140617,140630,140634,4,13
140617,140630,140634,4,13
139719,139719,140634,915,0
140617,140631,140634,3,14
140617,140631,140634,3,14
140617,140631,140634,3,14
140617,140631,140634,3,14
140617,140631,140634,3,14
140617,140632,140635,3,15
140617,140632,140635,3,15
140617,140632,140634,2,15
140617,140632,140634,2,15
140617,140632,140635,3,15
140617,140633,140635,2,16
139700,139700,140635,935,0
140617,140633,140636,3,16
140617,140633,140636,3,16
140617,140633,140636,3,16
140617,140633,140636,3,16
140617,140633,140636,3,16
140617,140634,140636,2,17
140617,140634,140636,2,17
140617,140634,140636,2,17
140617,140634,140636,2,17
140617,140635,140636,1,18
140617,140633,140636,3,16
140617,140635,140636,1,18
140617,140635,140637,2,18
140617,140633,140636,3,16
140617,140633,140636,3,16
140617,140633,140637,4,16
140617,140633,140637,4,16
140617,140633,140637,4,16
140617,140633,140636,3,16
140617,140633,140637,4,16
140617,140633,140637,4,16
140617,140634,140637,3,17
140617,140634,140637,3,17
140617,140634,140636,2,17
140617,140633,140637,4,16
140617,140633,140637,4,16
140617,140633,140637,4,16
140617,140633,140637,4,16
140617,140634,140637,3,17
140617,140634,140638,4,17
140617,140635,140637,2,18
140617,140634,140637,3,17
140617,140634,140638,4,17
140617,140634,140638,4,17
140617,140634,140638,4,17
140617,140634,140638,4,17
140617,140634,140637,3,17
140617,140634,140637,3,17
140617,140635,140638,3,18
140617,140635,140638,3,18
140617,140634,140638,4,17
140617,140634,140638,4,17
140617,140635,140638,3,18
140617,140636,140638,2,19
140617,140634,140638,4,17
140617,140635,140638,3,18
140617,140636,140638,2,19
140617,140636,140638,2,19
140617,140637,140638,1,20
140617,140634,140638,4,17
140617,140634,140638,4,17
140617,140636,140639,3,19
140617,140634,140638,4,17
140617,140635,140639,4,18
140617,140635,140639,4,18
140617,140635,140639,4,18
140617,140636,140639,3,19
140617,140637,140639,2,20
139725,139725,140639,914,0
140617,140636,140639,3,19
140617,140636,140640,4,19
140617,140636,140640,4,19
140617,140636,140639,3,19
140617,140636,140640,4,19
140617,140637,140640,3,20
140617,140636,140639,3,19
140617,140637,140640,3,20
140617,140637,140640,3,20
140617,140638,140641,3,21
140617,140637,140640,3,20
140617,140638,140641,3,21
140617,140638,140641,3,21
140617,140637,140641,4,20
140617,140637,140640,3,20
140617,140638,140641,3,21
140617,140637,140641,4,20
140617,140637,140641,4,20
140617,140638,140641,3,21
140617,140638,140641,3,21
140617,140637,140641,4,20
140617,140637,140642,5,20
140617,140637,140641,4,20
140617,140637,140641,4,20
140617,140637,140641,4,20
140617,140637,140641,4,20
140617,140637,140641,4,20
140617,140637,140641,4,20
140617,140638,140641,3,21
140617,140638,140642,4,21
140617,140638,140642,4,21
140617,140637,140641,4,20
140617,140639,140642,3,22
140617,140638,140642,4,21
140617,140638,140642,4,21
140617,140639,140642,3,22
140617,140638,140642,4,21
140617,140639,140642,3,22
140617,140640,140642,2,23
140617,140638,140642,4,21
140617,140639,140642,3,22
140617,140639,140642,3,22
140617,140639,140642,3,22
140617,140639,140642,3,22
140617,140639,140642,3,22
140617,140639,140642,3,22
140617,140639,140642,3,22
140617,140640,140643,3,23
140617,140640,140642,2,23
140617,140640,140643,3,23
140617,140640,140643,3,23
140617,140639,140643,4,22
140617,140640,140643,3,23
140617,140638,140643,5,21
140617,140640,140643,3,23
140617,140640,140643,3,23
140617,140640,140643,3,23
140617,140641,140643,2,24
140617,140640,140643,3,23
140617,140640,140643,3,23
140617,140639,140643,4,22
140617,140640,140643,3,23
140617,140640,140643,3,23
140617,140641,140644,3,24
140617,140641,140643,2,24
140617,140640,140644,4,23
140617,140641,140644,3,24
140617,140641,140644,3,24
140617,140641,140644,3,24
140617,140640,140644,4,23
140617,140642,140645,3,25
140617,140641,140645,4,24
140617,140642,140645,3,25
140617,140641,140645,4,24
140617,140641,140645,4,24
140617,140641,140645,4,24
140617,140643,140645,2,26
140617,140642,140645,3,25
140617,140641,140645,4,24
140617,140641,140645,4,24
140617,140644,140646,2,27
140617,140642,140645,3,25
140617,140642,140645,3,25
140617,140643,140645,2,26
140617,140644,140645,1,27
140617,140644,140645,1,27
140617,140643,140645,2,26
140617,140644,140645,1,27
140617,140644,140646,2,27
140617,140642,140645,3,25
140617,140642,140645,3,25
140617,140643,140645,2,26
140617,140642,140645,3,25
140617,140642,140645,3,25
140617,140642,140646,4,25
140617,140642,140646,4,25
140617,140643,140646,3,26
140617,140643,140647,4,26
140617,140643,140647,4,26
140617,140643,140646,3,26
140617,140643,140646,3,26
140617,140643,140646,3,26
140617,140643,140646,3,26
140617,140643,140646,3,26
140617,140643,140646,3,26
140617,140643,140646,3,26
140617,140644,140646,2,27
140617,140643,140646,3,26
140617,140643,140647,4,26
140617,140643,140647,4,26
140617,140642,140647,5,25
140617,140644,140647,3,27
140617,140645,140647,2,28
140617,140646,140647,1,29
140617,140645,140647,2,28
140617,140645,140647,2,28
140617,140645,140647,2,28
140617,140645,140648,3,28
140617,140644,140647,3,27
140617,140644,140647,3,27
140617,140646,140648,2,29
140617,140646,140648,2,29
140617,140644,140647,3,27
140617,140645,140648,3,28
140617,140643,140648,5,26
140617,140646,140649,3,29
140617,140644,140648,4,27
140617,140646,140649,3,29
140617,140646,140648,2,29
140617,140646,140648,2,29
140617,140646,140649,3,29
140617,140646,140648,2,29
140617,140644,140648,4,27
140617,140646,140649,3,29
140617,140644,140649,5,27
140617,140646,140649,3,29
140617,140646,140648,2,29
140617,140644,140649,5,27
140617,140646,140649,3,29
140617,140646,140649,3,29
140617,140646,140650,4,29
140617,140647,140650,3,30
140617,140646,140650,4,29
140617,140646,140649,3,29
140617,140647,140649,2,30
140617,140646,140649,3,29
140617,140647,140649,2,30
140617,140647,140650,3,30
140617,140647,140649,2,30
140617,140646,140649,3,29
140617,140646,140649,3,29
140617,140646,140650,4,29
140617,140646,140650,4,29
140617,140646,140650,4,29
140617,140647,140650,3,30
140617,140647,140650,3,30
140617,140648,140650,2,31
140617,140647,140650,3,30
140617,140648,140651,3,31
140617,140648,140651,3,31
140617,140648,140650,2,31
140617,140648,140651,3,31
140617,140648,140651,3,31
140617,140647,140651,4,30
140617,140647,140651,4,30
140617,140648,140651,3,31
140617,140648,140651,3,31
140617,140648,140650,2,31
140617,140648,140650,2,31
140617,140647,140651,4,30
140617,140649,140651,2,32
140617,140647,140650,3,30
140617,140647,140650,3,30
140617,140648,140651,3,31
140617,140648,140651,3,31
140617,140649,140651,2,32
140617,140649,140651,2,32
140617,140647,140651,4,30
140617,140647,140651,4,30
140617,140648,140651,3,31
140617,140649,140652,3,32
140617,140648,140651,3,31
140617,140648,140651,3,31
140617,140649,140651,2,32
140617,140649,140651,2,32
140617,140649,140651,2,32
140617,140649,140652,3,32
140617,140649,140652,3,32
140617,140649,140652,3,32
140617,140650,140652,2,33
140617,140649,140652,3,32
140617,140649,140652,3,32
140617,140650,140652,2,33
140617,140650,140653,3,33
140617,140649,140653,4,32
140617,140650,140654,4,33
140617,140652,140654,2,35
140617,140652,140653,1,35
140617,140652,140653,1,35
140617,140652,140653,1,35
140617,140650,140653,3,33
140617,140650,140654,4,33
140617,140650,140654,4,33
140617,140651,140654,3,34
140617,140651,140654,3,34
140617,140650,140653,3,33
140617,140650,140653,3,33
140617,140651,140653,2,34
140617,140651,140654,3,34
140617,140651,140654,3,34
140617,140650,140653,3,33
140617,140650,140654,4,33
140617,140650,140653,3,33
140617,140650,140653,3,33
140617,140650,140653,3,33
140617,140651,140654,3,34
140617,140651,140654,3,34
140617,140651,140653,2,34
140617,140650,140654,4,33
140617,140650,140655,5,33
140617,140651,140654,3,34
140617,140650,140655,5,33
140617,140651,140654,3,34
140617,140651,140654,3,34
140617,140651,140655,4,34
140617,140652,140655,3,35
140617,140652,140655,3,35
140617,140652,140655,3,35
140617,140652,140654,2,35
140617,140650,140654,4,33
140617,140651,140654,3,34
140617,140651,140655,4,34
140617,140651,140654,3,34
140617,140651,140654,3,34
140617,140651,140655,4,34
140617,140651,140655,4,34
140617,140651,140655,4,34
140617,140652,140655,3,35
140617,140653,140655,2,36
140617,140653,140655,2,36
140617,140652,140655,3,35
140617,140651,140655,4,34
140617,140653,140656,3,36
140617,140653,140656,3,36
140617,140652,140656,4,35
140617,140654,140656,2,37
140617,140654,140656,2,37
140617,140654,140656,2,37
140617,140654,140656,2,37
140617,140653,140656,3,36
140617,140654,140656,2,37
140617,140655,140657,2,38
140617,140655,140656,1,38
140617,140653,140656,3,36
140617,140654,140657,3,37
140617,140653,140657,4,36
140617,140653,140657,4,36
140617,140654,140657,3,37
140617,140654,140657,3,37
140617,140654,140657,3,37
140617,140654,140657,3,37
140617,140654,140657,3,37
140617,140655,140657,2,38
140617,140655,140657,2,38
140617,140654,140657,3,37
140617,140656,140658,2,39
140617,140655,140658,3,38
140617,140655,140658,3,38
140617,140656,140658,2,39
140617,140654,140658,4,37
140617,140654,140658,4,37
140617,140654,140658,4,37
140617,140656,140658,2,39
140617,140654,140657,3,37
140617,140654,140658,4,37
140617,140654,140658,4,37
140617,140654,140658,4,37
140617,140654,140658,4,37
140617,140654,140658,4,37
140617,140654,140658,4,37
140617,140655,140658,3,38
140617,140654,140658,4,37
140617,140655,140658,3,38
140617,140656,140658,2,39
140617,140656,140659,3,39
140617,140656,140659,3,39
140617,140656,140659,3,39
140617,140655,140658,3,38
140617,140655,140658,3,38
140617,140655,140659,4,38
140617,140655,140659,4,38
140617,140655,140658,3,38
140617,140656,140658,2,39
140617,140656,140659,3,39
140617,140655,140658,3,38
140617,140654,140659,5,37
140617,140655,140659,4,38
140617,140655,140659,4,38
140617,140656,140659,3,39
140617,140656,140659,3,39
140617,140656,140659,3,39
140617,140656,140659,3,39
140617,140657,140660,3,40
140617,140657,140659,2,40
140617,140656,140659,3,39
140617,140656,140659,3,39
140617,140657,140659,2,40
140617,140657,140660,3,40
140617,140657,140660,3,40
140617,140657,140659,2,40
140617,140657,140660,3,40
140618,140658,140661,3,40
140618,140657,140661,4,39
140618,140660,140661,1,42
140618,140660,140661,1,42
140618,140657,140661,4,39
140618,140657,140661,4,39
140618,140657,140661,4,39
140618,140659,140661,2,41
140618,140657,140661,4,39
140618,140659,140661,2,41
140618,140659,140661,2,41
140618,140659,140661,2,41
140618,140658,140662,4,40
140618,140659,140661,2,41
140618,140659,140662,3,41
140618,140660,140662,2,42
140618,140658,140661,3,40
140618,140659,140662,3,41
140618,140659,140662,3,41
140618,140660,140662,2,42
140618,140658,140661,3,40
140618,140659,140662,3,41
140618,140658,140662,4,40
140618,140658,140662,4,40
140618,140659,140662,3,41
140618,140659,140662,3,41
140618,140658,140663,5,40
140618,140660,140662,2,42
140618,140658,140662,4,40
140618,140658,140662,4,40
140618,140658,140662,4,40
140618,140657,140662,5,39
140618,140659,140662,3,41
140618,140659,140662,3,41
140618,140660,140663,3,42
140618,140660,140662,2,42
140618,140659,140662,3,41
140618,140660,140662,2,42
140618,140660,140662,2,42
140618,140659,140663,4,41
140618,140660,140662,2,42
140618,140660,140663,3,42
140618,140658,140663,5,40
140618,140658,140663,5,40
140618,140658,140663,5,40
140618,140660,140663,3,42
140618,140660,140663,3,42
140618,140660,140664,4,42
140618,140660,140663,3,42
140618,140660,140664,4,42
140618,140661,140664,3,43
140618,140661,140664,3,43
140618,140660,140664,4,42
140618,140660,140664,4,42
140618,140660,140664,4,42
140618,140662,140665,3,44
140618,140662,140665,3,44
140618,140660,140665,5,42
140618,140662,140665,3,44
140618,140662,140665,3,44
140618,140663,140665,2,45
140618,140662,140665,3,44
140618,140662,140665,3,44
140618,140663,140665,2,45
140618,140663,140665,2,45
140618,140662,140665,3,44
140618,140663,140666,3,45
140618,140663,140665,2,45
140618,140663,140665,2,45
140618,140662,140665,3,44
140618,140662,140665,3,44
140618,140662,140666,4,44
140618,140663,140666,3,45
140618,140663,140665,2,45
140618,140662,140665,3,44
140618,140662,140666,4,44
140618,140662,140666,4,44
140618,140662,140666,4,44
140618,140662,140666,4,44
140618,140662,140666,4,44
140618,140663,140666,3,45
140618,140663,140666,3,45
140618,140662,140666,4,44
140618,140662,140666,4,44
140618,140663,140667,4,45
140618,140663,140666,3,45
140618,140663,140666,3,45
140618,140663,140666,3,45
140618,140664,140667,3,46
140618,140662,140666,4,44
140618,140663,140667,4,45
140618,140662,140666,4,44
140618,140664,140666,2,46
140618,140664,140666,2,46
140618,140664,140667,3,46
140618,140662,140666,4,44
140618,140663,140667,4,45
140618,140663,140666,3,45
140618,140663,140666,3,45
140618,140664,140667,3,46
140618,140663,140667,4,45
140618,140663,140667,4,45
140618,140664,140667,3,46
140618,140666,140667,1,48
140618,140664,140667,3,46
140618,140664,140667,3,46
140618,140665,140668,3,47
140618,140666,140668,2,48
140618,140666,140669,3,48
140618,140665,140669,4,47
140618,140666,140668,2,48
140618,140666,140668,2,48
140618,140666,140668,2,48
140618,140666,140668,2,48
140618,140667,140668,1,49
140618,140667,140669,2,49
140618,140665,140668,3,47
140618,140665,140668,3,47
140618,140667,140669,2,49
140618,140667,140669,2,49
140618,140665,140669,4,47
140618,140665,140669,4,47
140618,140667,140669,2,49
140618,140664,140669,5,46
140618,140668,140669,1,50
140618,140668,140669,1,50
140618,140667,140670,3,49
140618,140666,140670,4,48
140618,140666,140670,4,48
140618,140666,140670,4,48
140618,140667,140669,2,49
140618,140666,140670,4,48
140618,140667,140669,2,49
140618,140666,140670,4,48
140618,140666,140670,4,48
140618,140667,140670,3,49
140618,140666,140670,4,48
140618,140667,140670,3,49
140618,140667,140671,4,49
140618,140667,140671,4,49
140618,140667,140670,3,49
140618,140667,140671,4,49
140618,140667,140670,3,49
140618,140666,140670,4,48
140618,140667,140671,4,49
140618,140667,140671,4,49
140618,140666,140671,5,48
140618,140666,140670,4,48
140618,140666,140671,5,48
140618,140666,140671,5,48
140618,140666,140671,5,48
140618,140666,140671,5,48
140618,140666,140670,4,48
140618,140666,140671,5,48
140618,140666,140671,5,48
140618,140666,140671,5,48
140618,140669,140671,2,51
140618,140670,140672,2,52
140618,140667,140671,4,49
140618,140668,140671,3,50
140618,140667,140671,4,49
140618,140667,140671,4,49
140618,140669,140671,2,51
140618,140669,140671,2,51
140618,140669,140672,3,51
140618,140669,140672,3,51
140618,140668,140672,4,50
140618,140669,140672,3,51
140618,140670,140672,2,52
140618,140669,140672,3,51
140618,140669,140672,3,51
140618,140669,140672,3,51
140618,140669,140673,4,51
140618,140669,140673,4,51
140618,140670,140673,3,52
140618,140670,140673,3,52
140618,140669,140673,4,51
140618,140669,140673,4,51
140618,140669,140673,4,51
140618,140671,140674,3,53
140618,140671,140673,2,53
140618,140671,140673,2,53
140618,140671,140673,2,53
140618,140671,140674,3,53
140618,140671,140674,3,53
140618,140670,140673,3,52
140618,140671,140674,3,53
140618,140670,140674,4,52
140618,140671,140674,3,53
140618,140671,140674,3,53
140618,140670,140674,4,52
140618,140671,140674,3,53
140618,140670,140675,5,52
140618,140670,140674,4,52
140618,140672,140675,3,54
140618,140672,140675,3,54
140618,140670,140674,4,52
140618,140671,140674,3,53
140618,140671,140675,4,53
140618,140671,140675,4,53
140618,140671,140675,4,53
140618,140671,140674,3,53
140618,140672,140675,3,54
140618,140672,140675,3,54
140618,140672,140675,3,54
140618,140670,140675,5,52
140618,140671,140675,4,53
140618,140670,140674,4,52
140618,140671,140675,4,53
140618,140671,140675,4,53
140618,140672,140676,4,54
140618,140672,140675,3,54
140618,140672,140675,3,54
140618,140672,140675,3,54
140618,140670,140675,5,52
140618,140672,140676,4,54
140618,140671,140675,4,53
140618,140673,140676,3,55
140618,140672,140676,4,54
140618,140670,140675,5,52
140618,140672,140676,4,54
140618,140673,140676,3,55
140618,140672,140676,4,54
140618,140672,140677,5,54
140618,140673,140676,3,55
140618,140673,140676,3,55
140618,140674,140677,3,56
140618,140673,140676,3,55
140618,140674,140677,3,56
140618,140673,140677,4,55
140618,140674,140677,3,56
140618,140674,140677,3,56
140618,140673,140677,4,55
140618,140673,140677,4,55
140618,140672,140677,5,54
140618,140673,140677,4,55
140618,140673,140677,4,55
140618,140673,140677,4,55
140618,140674,140678,4,56
140618,140674,140678,4,56
140618,140674,140678,4,56
140618,140674,140678,4,56
140618,140675,140678,3,57
140618,140675,140678,3,57
140618,140677,140678,1,59
140618,140677,140678,1,59
140618,140675,140679,4,57
140618,140677,140678,1,59
139697,139697,140678,981,0
140618,140675,140679,4,57
140618,140675,140678,3,57
139706,139706,140679,973,0
140618,140674,140679,5,56
140618,140674,140679,5,56
140618,140676,140679,3,58
140618,140676,140679,3,58
140618,140675,140679,4,57
140618,140676,140679,3,58
140618,140675,140680,5,57
140618,140677,140680,3,59
140618,140675,140679,4,57
140618,140675,140679,4,57
140618,140675,140680,5,57
140618,140675,140679,4,57
140618,140676,140680,4,58
140618,140677,140679,2,59
140618,140675,140679,4,57
140618,140675,140680,5,57
140618,140675,140679,4,57
140618,140675,140680,5,57
140618,140675,140680,5,57
140618,140675,140680,5,57
140618,140676,140680,4,58
140618,140679,140680,1,61
140618,140679,140681,2,61
140618,140679,140680,1,61
140618,140677,140681,4,59
140618,140676,140681,5,58
140618,140676,140681,5,58
140618,140676,140680,4,58
140618,140676,140681,5,58
140618,140677,140681,4,59
140618,140677,140681,4,59
140618,140675,140681,6,57
140618,140678,140682,4,60
140618,140678,140681,3,60
140618,140678,140681,3,60
140618,140676,140681,5,58
140618,140676,140681,5,58
140618,140676,140681,5,58
140618,140679,140681,2,61
140618,140679,140681,2,61
140618,140677,140682,5,59
140618,140678,140682,4,60
140618,140677,140681,4,59
140618,140677,140681,4,59
140618,140677,140682,5,59
140618,140678,140682,4,60
140618,140678,140682,4,60
140618,140678,140682,4,60
140618,140679,140682,3,61
140618,140679,140682,3,61
140618,140680,140683,3,62
140618,140680,140683,3,62
140618,140680,140682,2,62
140618,140678,140682,4,60
140618,140678,140682,4,60
140618,140679,140683,4,61
140618,140677,140683,6,59
140618,140681,140683,2,63
140618,140681,140683,2,63
140618,140681,140683,2,63
140618,140681,140683,2,63
140618,140680,140683,3,62
140618,140680,140683,3,62
140618,140681,140683,2,63
140618,140680,140683,3,62
140618,140680,140683,3,62
140618,140681,140684,3,63
140618,140680,140684,4,62
140618,140679,140683,4,61
140618,140680,140684,4,62
140618,140681,140684,3,63
140618,140679,140684,5,61
140618,140680,140684,4,62
140618,140680,140684,4,62
140618,140680,140684,4,62
140618,140680,140684,4,62
140618,140681,140684,3,63
140618,140680,140685,5,62
140618,140680,140684,4,62
140618,140681,140685,4,63
140618,140680,140685,5,62
140618,140681,140685,4,63
140618,140680,140685,5,62
140618,140680,140685,5,62
140618,140681,140685,4,63
140618,140681,140685,4,63
140618,140681,140685,4,63
140618,140681,140685,4,63
140618,140682,140685,3,64
140618,140682,140685,3,64
140618,140682,140685,3,64
140618,140683,140686,3,65
140618,140682,140685,3,64
140618,140682,140685,3,64
140618,140682,140686,4,64
140618,140682,140685,3,64
140618,140682,140685,3,64
140618,140682,140686,4,64
140618,140682,140686,4,64
140618,140682,140686,4,64
140618,140682,140686,4,64
140618,140683,140686,3,65
140618,140683,140686,3,65
140618,140683,140686,3,65
140618,140683,140686,3,65
140618,140682,140686,4,64
140618,140683,140687,4,65
140618,140682,140687,5,64
140618,140682,140686,4,64
140618,140683,140687,4,65
139662,139663,140712,1049,1
140711,140712,140714,2,1
140711,140712,140714,2,1
140711,140712,140715,3,1
140711,140712,140714,2,1
140711,140712,140715,3,1
140711,140712,140714,2,1
140711,140712,140715,3,1
140711,140712,140714,2,1
140711,140712,140715,3,1
140711,140712,140714,2,1
140711,140712,140715,3,1
140711,140712,140715,3,1
140711,140712,140715,3,1
140711,140712,140715,3,1
140711,140712,140715,3,1
140711,140712,140715,3,1
140711,140712,140715,3,1
140711,140712,140716,4,1
140711,140712,140715,3,1
140711,140712,140715,3,1
140711,140712,140716,4,1
140711,140712,140716,4,1
140711,140712,140716,4,1
140711,140712,140715,3,1
140711,140712,140715,3,1
140711,140712,140715,3,1
140711,140712,140715,3,1
140711,140712,140716,4,1
140711,140712,140715,3,1
140711,140712,140716,4,1
140711,140712,140716,4,1
140711,140712,140716,4,1
140711,140712,140715,3,1
140711,140712,140716,4,1
140711,140712,140716,4,1
140711,140712,140716,4,1
140711,140712,140716,4,1
140711,140712,140716,4,1
140711,140712,140716,4,1
140711,140712,140716,4,1
140711,140712,140716,4,1
140711,140712,140717,5,1
140711,140712,140716,4,1
140711,140712,140716,4,1
140711,140712,140716,4,1
140711,140712,140716,4,1
140711,140712,140716,4,1
140711,140712,140716,4,1
140711,140712,140716,4,1
140711,140712,140716,4,1
140711,140712,140716,4,1
140711,140712,140716,4,1
140711,140712,140716,4,1
140711,140712,140716,4,1
140711,140712,140717,5,1
140711,140713,140717,4,2
140711,140712,140717,5,1
140711,140715,140717,2,4
140711,140716,140718,2,5
140711,140716,140717,1,5
140711,140716,140718,2,5
140711,140715,140718,3,4
140711,140716,140717,1,5
140711,140716,140718,2,5
140711,140715,140718,3,4
140711,140714,140717,3,3
140711,140715,140718,3,4
140711,140716,140718,2,5
140711,140715,140718,3,4
140711,140715,140718,3,4
140711,140715,140718,3,4
140711,140717,140719,2,6
140711,140716,140719,3,5
140711,140716,140718,2,5
140711,140715,140718,3,4
140711,140716,140719,3,5
140711,140716,140719,3,5
140711,140716,140718,2,5
140711,140716,140719,3,5
140711,140717,140719,2,6
140711,140716,140719,3,5
140711,140717,140719,2,6
140711,140716,140718,2,5
140711,140716,140720,4,5
140711,140716,140719,3,5
140711,140716,140719,3,5
140711,140717,140720,3,6
140711,140717,140719,2,6
140711,140715,140719,4,4
140711,140716,140719,3,5
140711,140718,140719,1,7
139692,139693,140720,1027,1
140711,140716,140720,4,5
140711,140717,140720,3,6
140711,140717,140720,3,6
140711,140717,140720,3,6
140711,140717,140720,3,6
140711,140716,140719,3,5
140711,140718,140720,2,7
140711,140715,140719,4,4
140711,140715,140719,4,4
140711,140717,140720,3,6
140711,140717,140720,3,6
140711,140717,140720,3,6
140711,140716,140719,3,5
140711,140717,140719,2,6
140711,140717,140720,3,6
140711,140717,140719,2,6
140711,140717,140720,3,6
140711,140717,140720,3,6
140711,140717,140720,3,6
140711,140718,140720,2,7
140711,140718,140720,2,7
140711,140718,140721,3,7
140711,140717,140720,3,6
140711,140718,140720,2,7
140711,140718,140721,3,7
140711,140717,140720,3,6
140711,140718,140720,2,7
140711,140717,140721,4,6
140711,140717,140720,3,6
140712,140718,140721,3,6
140712,140720,140722,2,8
140712,140720,140721,1,8
140712,140720,140721,1,8
140712,140720,140721,1,8
140712,140719,140722,3,7
140712,140718,140722,4,6
140712,140718,140722,4,6
140712,140718,140722,4,6
140712,140718,140722,4,6
140712,140718,140722,4,6
140712,140720,140723,3,8
140712,140719,140722,3,7
140712,140720,140723,3,8
140712,140719,140723,4,7
140712,140719,140723,4,7
140712,140721,140723,2,9
140712,140721,140723,2,9
140712,140719,140723,4,7
140712,140719,140723,4,7
140712,140720,140723,3,8
140712,140721,140723,2,9
140712,140721,140723,2,9
140712,140719,140722,3,7
140712,140720,140723,3,8
140712,140720,140723,3,8
140712,140719,140723,4,7
140712,140719,140723,4,7
140712,140719,140723,4,7
140712,140719,140723,4,7
140712,140720,140723,3,8
140712,140720,140723,3,8
140712,140719,140723,4,7
140712,140720,140723,3,8
140712,140720,140723,3,8
140712,140719,140723,4,7
140712,140720,140723,3,8
140712,140720,140724,4,8
140712,140720,140724,4,8
140712,140720,140724,4,8
140712,140720,140724,4,8
139703,139704,140723,1019,1
140712,140720,140723,3,8
140712,140721,140724,3,9
140712,140720,140724,4,8
140712,140720,140724,4,8
140712,140721,140724,3,9
140712,140721,140724,3,9
140712,140721,140724,3,9
140712,140719,140724,5,7
140712,140720,140724,4,8
140712,140720,140724,4,8
140712,140720,140724,4,8
140712,140720,140724,4,8
140712,140720,140724,4,8
140712,140720,140724,4,8
140712,140721,140725,4,9
140712,140721,140725,4,9
140712,140721,140725,4,9
140712,140721,140725,4,9
140712,140722,140725,3,10
140712,140722,140725,3,10
140712,140723,140725,2,11
140712,140723,140725,2,11
140712,140723,140726,3,11
140712,140722,140726,4,10
140712,140722,140726,4,10
140712,140723,140726,3,11
140712,140723,140726,3,11
140712,140722,140726,4,10
140712,140722,140726,4,10
140712,140723,140726,3,11
140712,140724,140726,2,12
140712,140722,140726,4,10
140712,140724,140726,2,12
140712,140724,140727,3,12
140712,140723,140726,3,11
140712,140724,140727,3,12
140712,140725,140727,2,13
140712,140723,140727,4,11
140712,140724,140727,3,12
140712,140724,140727,3,12
140712,140725,140727,2,13
140712,140723,140727,4,11
140712,140723,140727,4,11
140712,140723,140727,4,11
140712,140725,140727,2,13
140712,140724,140727,3,12
140712,140723,140727,4,11
140712,140723,140727,4,11
140712,140723,140727,4,11
140712,140725,140727,2,13
140712,140724,140727,3,12
140712,140724,140728,4,12
140712,140724,140727,3,12
140712,140724,140727,3,12
140712,140724,140727,3,12
140712,140724,140727,3,12
140712,140724,140727,3,12
140712,140724,140727,3,12
140712,140724,140727,3,12
140712,140725,140728,3,13
140712,140725,140727,2,13
140712,140724,140727,3,12
140712,140725,140727,2,13
140712,140725,140727,2,13
140712,140724,140728,4,12
140712,140724,140728,4,12
140712,140725,140728,3,13
140712,140724,140728,4,12
140712,140724,140728,4,12
140712,140725,140728,3,13
140712,140725,140728,3,13
140712,140723,140728,5,11
140712,140726,140729,3,14
140712,140726,140729,3,14
140712,140724,140728,4,12
140712,140726,140728,2,14
140712,140725,140729,4,13
140712,140726,140729,3,14
140712,140726,140729,3,14
140712,140727,140730,3,15
140712,140727,140730,3,15
140712,140726,140729,3,14
140712,140728,140730,2,16
140712,140726,140730,4,14
140712,140727,140730,3,15
140712,140726,140730,4,14
140712,140727,140730,3,15
140712,140727,140730,3,15
140712,140727,140730,3,15
140712,140728,140730,2,16
140712,140727,140730,3,15
140712,140727,140730,3,15
140712,140727,140730,3,15
140712,140727,140730,3,15
140712,140728,140730,2,16
140712,140729,140730,1,17
140712,140728,140731,3,16
140712,140728,140730,2,16
140712,140728,140730,2,16
140712,140728,140730,2,16
140712,140728,140731,3,16
140712,140727,140730,3,15
140712,140728,140731,3,16
140712,140728,140731,3,16
140712,140728,140731,3,16
140712,140728,140731,3,16
140712,140728,140730,2,16
140712,140728,140730,2,16
140712,140726,140730,4,14
140712,140727,140730,3,15
140712,140727,140731,4,15
140712,140727,140730,3,15
140712,140728,140731,3,16
140712,140728,140730,2,16
140712,140727,140731,4,15
140712,140727,140731,4,15
140712,140728,140732,4,16
139671,139672,140731,1059,1
140712,140728,140731,3,16
140712,140728,140731,3,16
140712,140729,140731,2,17
140712,140729,140731,2,17
140712,140729,140731,2,17
140712,140728,140731,3,16
140712,140729,140731,2,17
140712,140728,140731,3,16
140712,140728,140732,4,16
140712,140729,140732,3,17
140712,140729,140732,3,17
140712,140728,140731,3,16
140712,140728,140731,3,16
140712,140730,140732,2,18
140712,140727,140732,5,15
140712,140727,140732,5,15
140712,140731,140733,2,19
140712,140731,140732,1,19
140712,140731,140733,2,19
140712,140729,140732,3,17
140712,140730,140733,3,18
140712,140728,140732,4,16
140712,140729,140732,3,17
140712,140730,140733,3,18
140712,140730,140733,3,18
140712,140730,140733,3,18
140712,140731,140733,2,19
140712,140731,140733,2,19
140712,140731,140734,3,19
140712,140731,140734,3,19
140712,140731,140734,3,19
140712,140732,140734,2,20
140712,140731,140734,3,19
140712,140731,140733,2,19
140712,140731,140734,3,19
140712,140730,140733,3,18
140712,140731,140734,3,19
140712,140732,140734,2,20
140712,140732,140734,2,20
140712,140732,140734,2,20
140712,140731,140733,2,19
140712,140731,140733,2,19
140712,140731,140733,2,19
140712,140731,140734,3,19
140712,140731,140734,3,19
140712,140732,140735,3,20
140712,140732,140735,3,20
140712,140731,140734,3,19
140712,140731,140734,3,19
140712,140731,140735,4,19
140712,140731,140734,3,19
140712,140731,140734,3,19
140712,140731,140734,3,19
140712,140731,140734,3,19
140712,140732,140734,2,20
140712,140730,140734,4,18
140712,140731,140734,3,19
140712,140731,140734,3,19
140712,140732,140734,2,20
140712,140732,140735,3,20
140712,140732,140735,3,20
140712,140732,140735,3,20
140712,140731,140735,4,19
140712,140731,140734,3,19
140712,140731,140735,4,19
140712,140731,140735,4,19
140712,140732,140735,3,20
140712,140732,140736,4,20
140712,140732,140735,3,20
140712,140733,140735,2,21
140712,140732,140735,3,20
140712,140732,140735,3,20
140712,140733,140735,2,21
140712,140733,140736,3,21
140712,140732,140735,3,20
140712,140732,140735,3,20
140712,140731,140735,4,19
140712,140733,140736,3,21
140712,140733,140735,2,21
140712,140733,140735,2,21
140712,140733,140736,3,21
140712,140735,140737,2,23
140712,140733,140736,3,21
140712,140734,140737,3,22
140712,140734,140737,3,22
140712,140733,140737,4,21
140712,140733,140737,4,21
140712,140733,140737,4,21
140712,140734,140737,3,22
140712,140734,140737,3,22
140712,140734,140737,3,22
140712,140734,140737,3,22
140712,140735,140737,2,23
140712,140736,140738,2,24
140712,140734,140737,3,22
140712,140736,140738,2,24
140712,140736,140737,1,24
140712,140734,140737,3,22
140712,140735,140737,2,23
140712,140735,140737,2,23
140712,140734,140737,3,22
140712,140735,140737,2,23
140712,140735,140738,3,23
140712,140735,140738,3,23
140712,140735,140737,2,23
140712,140734,140738,4,22
140712,140734,140738,4,22
140712,140734,140738,4,22
140712,140734,140738,4,22
140712,140734,140738,4,22
140712,140734,140738,4,22
140712,140734,140737,3,22
140712,140734,140738,4,22
140712,140734,140738,4,22
140712,140735,140738,3,23
140712,140736,140738,2,24
140712,140736,140738,2,24
140712,140736,140739,3,24
140712,140735,140738,3,23
140712,140735,140739,4,23
140712,140735,140739,4,23
140712,140735,140739,4,23
140712,140735,140738,3,23
140712,140735,140739,4,23
140712,140734,140738,4,22
140712,140735,140739,4,23
140712,140734,140739,5,22
140712,140735,140739,4,23
140712,140735,140739,4,23
140712,140735,140739,4,23
140712,140736,140740,4,24
140712,140736,140740,4,24
140712,140736,140740,4,24
140712,140736,140739,3,24
140712,140738,140740,2,26
140712,140738,140740,2,26
140712,140736,140740,4,24
140712,140738,140740,2,26
140712,140735,140740,5,23
140712,140735,140740,5,23
140712,140735,140740,5,23
140712,140738,140741,3,26
140712,140738,140740,2,26
140712,140738,140741,3,26
140712,140737,140741,4,25
140712,140738,140741,3,26
140712,140737,140741,4,25
140712,140738,140741,3,26
140712,140736,140740,4,24
140712,140737,140741,4,25
140712,140738,140741,3,26
140712,140738,140741,3,26
140712,140737,140741,4,25
140712,140738,140741,3,26
140712,140738,140741,3,26
140712,140738,140741,3,26
140712,140738,140741,3,26
140712,140736,140741,5,24
140712,140739,140742,3,27
140712,140737,140742,5,25
140712,140737,140741,4,25
140712,140739,140741,2,27
140712,140739,140741,2,27
140712,140738,140742,4,26
140712,140738,140741,3,26
140712,140737,140741,4,25
140712,140738,140742,4,26
140712,140738,140741,3,26
140712,140739,140742,3,27
140712,140738,140742,4,26
140712,140738,140742,4,26
140712,140739,140742,3,27
140712,140738,140741,3,26
140712,140739,140742,3,27
140712,140738,140742,4,26
140712,140739,140742,3,27
140712,140740,140742,2,28
140712,140738,140742,4,26
140712,140740,140742,2,28
140712,140740,140742,2,28
140712,140738,140742,4,26
140712,140739,140742,3,27
140712,140740,140743,3,28
140712,140740,140742,2,28
140712,140739,140743,4,27
140712,140741,140743,2,29
140712,140740,140743,3,28
140712,140739,140743,4,27
140712,140739,140742,3,27
140712,140739,140742,3,27
140712,140739,140742,3,27
140712,140740,140743,3,28
140712,140740,140743,3,28
140712,140741,140743,2,29
140712,140741,140743,2,29
140712,140741,140743,2,29
140712,140741,140743,2,29
140712,140741,140743,2,29
140712,140740,140743,3,28
140712,140741,140743,2,29
140712,140741,140743,2,29
140712,140742,140744,2,30
140712,140742,140744,2,30
140712,140743,140744,1,31
140712,140743,140745,2,31
140712,140743,140744,1,31
140712,140741,140744,3,29
140712,140743,140744,1,31
140712,140743,140745,2,31
140712,140741,140745,4,29
140712,140741,140745,4,29
140712,140741,140744,3,29
140712,140741,140745,4,29
140712,140741,140745,4,29
140712,140741,140745,4,29
140712,140741,140744,3,29
140712,140742,140745,3,30
140712,140741,140745,4,29
140712,140741,140745,4,29
140712,140742,140745,3,30
140712,140742,140746,4,30
140712,140742,140746,4,30
140712,140742,140745,3,30
140712,140743,140746,3,31
140712,140742,140746,4,30
140712,140742,140746,4,30
140712,140742,140745,3,30
140712,140742,140746,4,30
140712,140742,140746,4,30
140712,140741,140746,5,29
140712,140743,140746,3,31
140712,140741,140746,5,29
140712,140741,140746,5,29
140712,140741,140746,5,29
140712,140744,140746,2,32
140712,140742,140746,4,30
140712,140742,140746,4,30
140712,140744,140747,3,32
140712,140744,140747,3,32
140712,140742,140746,4,30
140712,140743,140747,4,31
140712,140742,140746,4,30
140712,140744,140747,3,32
140712,140742,140746,4,30
140712,140742,140747,5,30
140712,140742,140747,5,30
140712,140743,140747,4,31
140712,140742,140747,5,30
140712,140743,140747,4,31
140712,140743,140747,4,31
140712,140743,140747,4,31
140712,140743,140747,4,31
140712,140744,140747,3,32
140712,140744,140748,4,32
140712,140744,140747,3,32
140712,140744,140747,3,32
140712,140743,140748,5,31
140712,140744,140748,4,32
140712,140744,140747,3,32
140712,140745,140748,3,33
140712,140746,140748,2,34
140712,140742,140748,6,30
140712,140743,140748,5,31
140712,140745,140748,3,33
140712,140745,140748,3,33
140712,140743,140748,5,31
140712,140745,140748,3,33
140712,140745,140748,3,33
140712,140745,140748,3,33
140712,140746,140749,3,34
140712,140745,140748,3,33
140712,140745,140748,3,33
140712,140745,140748,3,33
140712,140745,140748,3,33
140712,140746,140749,3,34
140712,140745,140749,4,33
140712,140745,140748,3,33
140712,140746,140749,3,34
140712,140746,140749,3,34
140712,140746,140749,3,34
140712,140745,140749,4,33
140712,140746,140749,3,34
140712,140746,140750,4,34
140712,140747,140749,2,35
140712,140747,140750,3,35
140712,140746,140749,3,34
140712,140746,140750,4,34
140712,140745,140750,5,33
140712,140747,140750,3,35
140712,140747,140750,3,35
140712,140746,140750,4,34
140712,140746,140750,4,34
140712,140747,140750,3,35
140712,140746,140750,4,34
140712,140745,140750,5,33
140712,140746,140750,4,34
140712,140747,140750,3,35
140712,140747,140750,3,35
140712,140748,140751,3,36
140712,140746,140751,5,34
140712,140746,140750,4,34
140712,140747,140751,4,35
140712,140747,140751,4,35
140712,140747,140751,4,35
140712,140747,140751,4,35
140712,140748,140751,3,36
140712,140747,140751,4,35
140712,140747,140751,4,35
140712,140748,140751,3,36
140712,140748,140751,3,36
140712,140748,140751,3,36
140712,140748,140752,4,36
140712,140748,140751,3,36
140712,140747,140751,4,35
140712,140747,140751,4,35
140712,140748,140752,4,36
140712,140748,140751,3,36
140712,140748,140752,4,36
140712,140749,140752,3,37
140712,140747,140752,5,35
140712,140749,140752,3,37
140712,140749,140752,3,37
139680,139680,140754,1074,0
139668,139668,140760,1092,0
139676,139676,140768,1092,0
140779,140779,140782,3,0
140779,140779,140782,3,0
140779,140779,140782,3,0
140779,140779,140782,3,0
140779,140779,140782,3,0
140779,140779,140782,3,0
140779,140779,140783,4,0
140779,140779,140783,4,0
140779,140779,140783,4,0
140779,140779,140783,4,0
140779,140779,140783,4,0
140779,140779,140783,4,0
140779,140779,140783,4,0
140779,140779,140782,3,0
140779,140779,140783,4,0
140779,140779,140782,3,0
140779,140779,140783,4,0
140779,140779,140783,4,0
140779,140779,140783,4,0
140779,140779,140783,4,0
140779,140779,140782,3,0
140779,140779,140783,4,0
140779,140779,140783,4,0
140779,140779,140783,4,0
140779,140779,140783,4,0
140779,140779,140783,4,0
140779,140779,140783,4,0
140779,140779,140783,4,0
140779,140779,140783,4,0
140779,140779,140783,4,0
140779,140779,140783,4,0
140779,140779,140783,4,0
140779,140779,140783,4,0
140779,140779,140783,4,0
140779,140779,140783,4,0
140779,140779,140783,4,0
140779,140779,140783,4,0
140779,140779,140784,5,0
140779,140779,140783,4,0
140779,140779,140783,4,0
140779,140779,140783,4,0
140779,140779,140784,5,0
140779,140779,140783,4,0
140779,140779,140784,5,0
140779,140779,140784,5,0
140779,140779,140784,5,0
140779,140779,140783,4,0
140779,140779,140784,5,0
140779,140779,140783,4,0
140779,140779,140784,5,0
140779,140779,140783,4,0
140779,140779,140784,5,0
140779,140779,140784,5,0
140779,140779,140783,4,0
140779,140779,140784,5,0
140779,140779,140783,4,0
140779,140779,140783,4,0
140779,140779,140784,5,0
140779,140779,140784,5,0
140779,140779,140784,5,0
140779,140782,140785,3,3
140779,140783,140785,2,4
140779,140782,140785,3,3
140779,140779,140785,6,0
140779,140782,140785,3,3
140779,140782,140785,3,3
140779,140779,140785,6,0
140779,140783,140786,3,4
140779,140783,140786,3,4
140779,140783,140786,3,4
140779,140782,140786,4,3
140779,140783,140786,3,4
140779,140782,140786,4,3
140779,140783,140786,3,4
140779,140783,140787,4,4
140779,140783,140786,3,4
140779,140783,140786,3,4
140779,140785,140786,1,6
140779,140783,140786,3,4
140779,140783,140786,3,4
140779,140783,140786,3,4
140779,140783,140786,3,4
140779,140785,140787,2,6
140779,140783,140787,4,4
140779,140783,140787,4,4
140779,140783,140787,4,4
140779,140784,140787,3,5
140779,140783,140787,4,4
140779,140783,140787,4,4
140779,140783,140787,4,4
140779,140784,140787,3,5
140779,140784,140787,3,5
140779,140783,140787,4,4
140779,140784,140787,3,5
140779,140783,140787,4,4
140779,140784,140787,3,5
140779,140783,140787,4,4
140779,140783,140787,4,4
140779,140785,140787,2,6
140779,140785,140788,3,6
140779,140783,140787,4,4
140779,140783,140787,4,4
140779,140783,140787,4,4
140779,140785,140787,2,6
140779,140783,140787,4,4
140779,140783,140787,4,4
140779,140783,140787,4,4
140779,140783,140788,5,4
140779,140785,140787,2,6
140779,140785,140787,2,6
140779,140785,140787,2,6
140779,140784,140788,4,5
140779,140784,140788,4,5
140779,140784,140788,4,5
140779,140784,140788,4,5
140779,140785,140788,3,6
140779,140785,140788,3,6
140779,140785,140788,3,6
140779,140785,140788,3,6
140779,140785,140788,3,6
140779,140785,140789,4,6
140779,140785,140788,3,6
140779,140787,140789,2,8
140779,140787,140789,2,8
140779,140787,140789,2,8
140779,140787,140789,2,8
140779,140787,140789,2,8
140779,140787,140789,2,8
140779,140787,140789,2,8
140779,140788,140789,1,9
140779,140785,140789,4,6
140779,140786,140789,3,7
140779,140788,140789,1,9
140779,140788,140790,2,9
140779,140787,140789,2,8
140779,140787,140789,2,8
140779,140786,140790,4,7
140779,140788,140789,1,9
140779,140788,140790,2,9
140779,140787,140790,3,8
140779,140788,140789,1,9
140779,140788,140790,2,9
140779,140786,140790,4,7
140779,140786,140789,3,7
140779,140787,140789,2,8
140779,140787,140789,2,8
140779,140786,140789,3,7
140779,140787,140789,2,8
140779,140786,140789,3,7
140779,140787,140790,3,8
140779,140788,140790,2,9
140779,140787,140790,3,8
140779,140787,140790,3,8
140779,140787,140790,3,8
140779,140788,140790,2,9
140779,140788,140790,2,9
140779,140787,140790,3,8
140779,140787,140790,3,8
140779,140788,140790,2,9
140779,140787,140790,3,8
140779,140787,140790,3,8
140779,140788,140791,3,9
140779,140788,140790,2,9
140779,140787,140790,3,8
140779,140788,140790,2,9
140779,140788,140790,2,9
140779,140788,140791,3,9
140779,140789,140791,2,10
140779,140790,140792,2,11
140779,140788,140791,3,9
140779,140790,140792,2,11
140779,140788,140791,3,9
140779,140789,140791,2,10
140779,140789,140792,3,10
140779,140789,140792,3,10
140779,140789,140791,2,10
140779,140789,140792,3,10
140779,140790,140793,3,11
140779,140790,140792,2,11
140779,140790,140792,2,11
140779,140790,140792,2,11
140779,140790,140792,2,11
140779,140790,140792,2,11
140779,140790,140792,2,11
140779,140788,140792,4,9
140779,140789,140793,4,10
140779,140790,140793,3,11
140779,140790,140793,3,11
140779,140790,140793,3,11
140779,140788,140792,4,9
140779,140790,140793,3,11
140779,140790,140793,3,11
140779,140790,140792,2,11
140779,140790,140793,3,11
140779,140790,140793,3,11
140779,140790,140793,3,11
140779,140790,140794,4,11
140779,140790,140793,3,11
140779,140790,140793,3,11
140779,140790,140793,3,11
140779,140789,140793,4,10
140779,140792,140794,2,13
140779,140792,140794,2,13
140779,140790,140793,3,11
140779,140790,140793,3,11
140779,140790,140793,3,11
140779,140791,140794,3,12
140779,140790,140793,3,11
140779,140791,140794,3,12
140779,140791,140794,3,12
140779,140792,140794,2,13
140779,140790,140794,4,11
140779,140791,140794,3,12
140779,140791,140794,3,12
140779,140791,140794,3,12
140779,140790,140794,4,11
140779,140791,140794,3,12
140779,140791,140794,3,12
140779,140791,140793,2,12
140779,140790,140793,3,11
140779,140791,140793,2,12
140779,140791,140794,3,12
140779,140791,140793,2,12
140779,140791,140794,3,12
140779,140792,140794,2,13
140779,140791,140794,3,12
140779,140792,140795,3,13
140779,140792,140794,2,13
140779,140793,140795,2,14
140779,140791,140794,3,12
140779,140792,140794,2,13
140779,140791,140794,3,12
140779,140792,140794,2,13
140779,140792,140795,3,13
140779,140793,140795,2,14
140779,140793,140796,3,14
140779,140793,140796,3,14
140779,140793,140795,2,14
140779,140793,140796,3,14
140779,140793,140796,3,14
140779,140794,140796,2,15
140779,140794,140796,2,15
140779,140794,140796,2,15
140779,140794,140795,1,15
140779,140794,140796,2,15
140779,140794,140795,1,15
140779,140793,140795,2,14
140779,140794,140796,2,15
140779,140794,140796,2,15
140779,140793,140796,3,14
140779,140793,140796,3,14
140779,140793,140796,3,14
140779,140793,140796,3,14
140779,140795,140797,2,16
140779,140793,140797,4,14
140779,140793,140796,3,14
140779,140793,140796,3,14
140779,140794,140797,3,15
140779,140793,140797,4,14
140779,140795,140797,2,16
140779,140795,140797,2,16
140779,140793,140797,4,14
140779,140793,140796,3,14
140779,140794,140797,3,15
140779,140795,140797,2,16
140779,140793,140797,4,14
140779,140794,140797,3,15
140779,140794,140797,3,15
140779,140794,140797,3,15
140779,140795,140797,2,16
140779,140795,140798,3,16
140779,140795,140798,3,16
140779,140794,140798,4,15
140779,140794,140798,4,15
140779,140794,140798,4,15
140779,140794,140798,4,15
140779,140793,140798,5,14
140779,140794,140798,4,15
140779,140794,140798,4,15
140779,140794,140798,4,15
140779,140794,140798,4,15
140779,140794,140798,4,15
140779,140794,140798,4,15
140779,140794,140798,4,15
140779,140794,140799,5,15
140779,140796,140799,3,17
140779,140796,140799,3,17
140779,140796,140799,3,17
140779,140796,140799,3,17
140779,140794,140799,5,15
140779,140794,140799,5,15
140779,140795,140798,3,16
140779,140794,140799,5,15
140779,140794,140799,5,15
140779,140796,140800,4,17
140779,140795,140799,4,16
140779,140797,140800,3,18
140779,140797,140800,3,18
140779,140796,140800,4,17
140779,140796,140800,4,17
140779,140797,140800,3,18
140779,140796,140799,3,17
140779,140796,140800,4,17
140779,140796,140800,4,17
140779,140797,140800,3,18
140779,140797,140800,3,18
140779,140796,140800,4,17
140779,140796,140800,4,17
140779,140796,140800,4,17
140779,140797,140800,3,18
140779,140796,140800,4,17
140779,140796,140800,4,17
140779,140796,140800,4,17
140779,140797,140800,3,18
140779,140797,140801,4,18
140779,140798,140801,3,19
140779,140799,140800,1,20
140779,140799,140800,1,20
140779,140797,140801,4,18
140779,140799,140801,2,20
140779,140799,140801,2,20
140779,140797,140800,3,18
140779,140798,140801,3,19
140779,140799,140801,2,20
140779,140797,140801,4,18
140779,140798,140801,3,19
140779,140797,140801,4,18
140779,140798,140801,3,19
140779,140797,140801,4,18
140779,140798,140801,3,19
140779,140799,140802,3,20
140779,140799,140802,3,20
140779,140799,140801,2,20
140779,140798,140802,4,19
140779,140798,140801,3,19
140779,140798,140801,3,19
140779,140799,140802,3,20
140779,140798,140802,4,19
140779,140798,140802,4,19
140779,140797,140801,4,18
140779,140798,140802,4,19
140779,140798,140802,4,19
140779,140799,140802,3,20
140779,140799,140802,3,20
140779,140800,140802,2,21
140779,140800,140802,2,21
140779,140800,140802,2,21
140779,140799,140802,3,20
140779,140800,140802,2,21
140779,140798,140802,4,19
140779,140800,140802,2,21
140779,140800,140803,3,21
140779,140800,140803,3,21
140779,140800,140803,3,21
140779,140800,140802,2,21
140779,140801,140803,2,22
140779,140802,140803,1,23
140779,140802,140803,1,23
140779,140800,140803,3,21
140779,140801,140804,3,22
140779,140800,140803,3,21
140779,140801,140804,3,22
140779,140800,140804,4,21
140779,140802,140804,2,23
140779,140802,140804,2,23
140779,140802,140804,2,23
140779,140802,140804,2,23
140779,140800,140804,4,21
140779,140800,140804,4,21
140779,140801,140804,3,22
140779,140800,140804,4,21
140779,140801,140804,3,22
140779,140801,140804,3,22
140779,140801,140804,3,22
140779,140802,140804,2,23
140779,140801,140804,3,22
140779,140801,140804,3,22
140779,140801,140804,3,22
140779,140802,140804,2,23
140779,140802,140805,3,23
140779,140801,140805,4,22
140779,140802,140805,3,23
140779,140802,140804,2,23
140779,140803,140805,2,24
140779,140801,140805,4,22
140779,140801,140805,4,22
140779,140801,140805,4,22
140779,140802,140805,3,23
140779,140801,140805,4,22
140779,140801,140805,4,22
140779,140801,140805,4,22
140779,140802,140805,3,23
140779,140802,140805,3,23
140779,140803,140805,2,24
140779,140801,140805,4,22
140779,140803,140806,3,24
140779,140801,140805,4,22
140779,140802,140805,3,23
140779,140803,140805,2,24
140779,140802,140805,3,23
140779,140802,140805,3,23
140779,140803,140806,3,24
140779,140802,140806,4,23
140779,140787,140790,3,8
140779,140787,140790,3,8
140779,140805,140806,1,26
140779,140805,140806,1,26
140779,140802,140806,4,23
140779,140805,140806,1,26
140779,140805,140806,1,26
140779,140803,140806,3,24
140779,140803,140806,3,24
140779,140803,140807,4,24
140779,140804,140806,2,25
140779,140804,140807,3,25
140779,140804,140806,2,25
140779,140804,140806,2,25
140779,140802,140806,4,23
140779,140803,140807,4,24
140779,140803,140807,4,24
140779,140803,140808,5,24
140779,140805,140808,3,26
140779,140805,140807,2,26
140779,140805,140808,3,26
140779,140805,140808,3,26
140779,140804,140807,3,25
140779,140805,140808,3,26
140779,140805,140808,3,26
140779,140805,140808,3,26
140779,140804,140807,3,25
140779,140804,140808,4,25
140779,140805,140808,3,26
140779,140805,140808,3,26
140779,140805,140807,2,26
140779,140805,140808,3,26
140779,140804,140808,4,25
140779,140806,140808,2,27
140779,140805,140808,3,26
140779,140806,140808,2,27
140779,140806,140809,3,27
140779,140803,140808,5,24
140779,140807,140808,1,28
140779,140805,140808,3,26
140779,140806,140809,3,27
140779,140806,140809,3,27
140779,140805,140808,3,26
140779,140806,140809,3,27
140779,140807,140809,2,28
140779,140805,140809,4,26
140779,140805,140808,3,26
140779,140805,140809,4,26
140779,140807,140809,2,28
140779,140806,140809,3,27
140779,140806,140809,3,27
140779,140806,140809,3,27
140779,140806,140809,3,27
140779,140806,140809,3,27
140779,140807,140809,2,28
140779,140807,140809,2,28
140779,140807,140809,2,28
140779,140806,140809,3,27
140779,140806,140809,3,27
140779,140807,140809,2,28
140779,140806,140809,3,27
140779,140807,140809,2,28
140779,140806,140809,3,27
140779,140807,140810,3,28
140779,140807,140810,3,28
140779,140807,140810,3,28
140779,140807,140809,2,28
140779,140806,140810,4,27
140779,140806,140809,3,27
140779,140807,140810,3,28
140779,140806,140809,3,27
140779,140807,140810,3,28
140779,140807,140810,3,28
140779,140807,140810,3,28
140779,140807,140810,3,28
140779,140807,140810,3,28
140779,140809,140811,2,30
140779,140808,140811,3,29
140779,140808,140811,3,29
140779,140808,140811,3,29
140779,140809,140811,2,30
140779,140808,140811,3,29
140779,140807,140811,4,28
140779,140808,140811,3,29
140779,140808,140811,3,29
140779,140808,140811,3,29
140779,140809,140811,2,30
140779,140810,140812,2,31
140779,140809,140811,2,30
140779,140809,140811,2,30
140779,140810,140812,2,31
140779,140808,140811,3,29
140779,140808,140811,3,29
140779,140809,140811,2,30
140779,140809,140811,2,30
140779,140808,140812,4,29
140779,140808,140812,4,29
140779,140808,140812,4,29
140779,140809,140811,2,30
140779,140810,140812,2,31
140779,140808,140812,4,29
140779,140809,140812,3,30
140779,140809,140812,3,30
140779,140810,140812,2,31
140779,140808,140811,3,29
140779,140808,140812,4,29
140779,140808,140812,4,29
140779,140808,140812,4,29
140779,140809,140812,3,30
140779,140809,140812,3,30
140779,140809,140812,3,30
140779,140809,140812,3,30
140779,140809,140813,4,30
140779,140810,140812,2,31
140779,140810,140812,2,31
140779,140810,140812,2,31
140779,140809,140813,4,30
140779,140809,140813,4,30
140779,140809,140813,4,30
140779,140809,140813,4,30
140779,140809,140813,4,30
140779,140810,140813,3,31
140779,140810,140814,4,31
140779,140810,140813,3,31
140779,140809,140813,4,30
140779,140810,140813,3,31
140779,140810,140813,3,31
140779,140812,140814,2,33
140779,140811,140814,3,32
140779,140812,140814,2,33
140779,140810,140814,4,31
140779,140810,140814,4,31
140779,140810,140814,4,31
140779,140811,140814,3,32
140779,140810,140814,4,31
140779,140812,140815,3,33
140779,140809,140814,5,30
140779,140811,140814,3,32
140779,140812,140814,2,33
140779,140812,140815,3,33
140779,140810,140814,4,31
140779,140812,140815,3,33
140779,140812,140814,2,33
140779,140811,140815,4,32
140779,140811,140815,4,32
140779,140812,140814,2,33
140779,140812,140815,3,33
140779,140812,140815,3,33
140779,140812,140815,3,33
140779,140812,140815,3,33
140779,140812,140815,3,33
140779,140812,140815,3,33
140779,140812,140815,3,33
140779,140812,140815,3,33
140779,140810,140815,5,31
140779,140811,140815,4,32
140779,140811,140815,4,32
140779,140812,140815,3,33
140779,140812,140815,3,33
140779,140812,140815,3,33
140779,140812,140815,3,33
140779,140814,140816,2,35
140779,140811,140815,4,32
140779,140811,140815,4,32
140779,140812,140815,3,33
140779,140812,140816,4,33
140779,140813,140816,3,34
140779,140812,140816,4,33
140779,140812,140815,3,33
140779,140812,140815,3,33
140779,140813,140816,3,34
140779,140813,140816,3,34
140779,140813,140816,3,34
140779,140814,140817,3,35
140779,140814,140816,2,35
140779,140814,140816,2,35
140779,140812,140816,4,33
140779,140814,140817,3,35
140779,140814,140816,2,35
140779,140814,140816,2,35
140779,140814,140817,3,35
140779,140812,140816,4,33
140779,140813,140816,3,34
140779,140814,140817,3,35
140779,140813,140817,4,34
140779,140814,140816,2,35
140779,140814,140817,3,35
140779,140814,140817,3,35
140779,140813,140817,4,34
140779,140813,140817,4,34
140779,140815,140817,2,36
140779,140815,140818,3,36
140779,140815,140817,2,36
140779,140815,140817,2,36
140779,140814,140818,4,35
140779,140814,140817,3,35
140779,140815,140818,3,36
140779,140816,140819,3,37
140779,140817,140819,2,38
140779,140817,140818,1,38
140779,140817,140818,1,38
140779,140815,140819,4,36
140779,140815,140819,4,36
140779,140816,140820,4,37
140779,140816,140820,4,37
140779,140817,140820,3,38
140779,140818,140819,1,39
140779,140817,140819,2,38
140779,140818,140820,2,39
140779,140816,140819,3,37
140779,140817,140820,3,38
140779,140817,140820,3,38
140779,140817,140820,3,38
140779,140818,140820,2,39
140779,140818,140819,1,39
140779,140815,140819,4,36
140779,140815,140819,4,36
140779,140815,140820,5,36
140779,140815,140820,5,36
140779,140815,140820,5,36
140779,140815,140820,5,36
140779,140816,140819,3,37
140779,140815,140820,5,36
140779,140815,140820,5,36
140779,140815,140820,5,36
140779,140816,140820,4,37
140779,140816,140820,4,37
140779,140815,140820,5,36
140779,140815,140820,5,36
140779,140815,140820,5,36
140779,140816,140819,3,37
140779,140816,140820,4,37
140779,140816,140821,5,37
140779,140816,140821,5,37
140779,140819,140821,2,40
140779,140819,140821,2,40
140779,140816,140821,5,37
140779,140816,140821,5,37
140779,140816,140820,4,37
140779,140817,140820,3,38
140779,140817,140821,4,38
140779,140816,140820,4,37
140779,140818,140820,2,39
140779,140819,140820,1,40
140779,140816,140821,5,37
140779,140816,140821,5,37
140779,140817,140820,3,38
140779,140817,140821,4,38
140779,140816,140820,4,37
140779,140817,140821,4,38
140779,140815,140821,6,36
140779,140817,140821,4,38
140779,140818,140822,4,39
140779,140818,140822,4,39
140779,140816,140821,5,37
140779,140816,140821,5,37
140779,140817,140822,5,38
140779,140817,140821,4,38
140779,140817,140822,5,38
140779,140820,140822,2,41
140779,140817,140822,5,38
140779,140819,140822,3,40
140779,140820,140823,3,41
140779,140820,140823,3,41
140779,140820,140823,3,41
140779,140820,140823,3,41
140779,140820,140823,3,41
140779,140821,140824,3,42
140779,140820,140823,3,41
140779,140819,140824,5,40
140779,140820,140824,4,41
140779,140820,140823,3,41
140779,140820,140824,4,41
140779,140820,140824,4,41
140779,140819,140824,5,40
140779,140820,140824,4,41
140779,140819,140824,5,40
140779,140820,140824,4,41
140779,140820,140824,4,41
140779,140820,140824,4,41
140779,140820,140824,4,41
140779,140820,140825,5,41
140779,140818,140824,6,39
140779,140821,140825,4,42
140779,140820,140824,4,41
140779,140821,140824,3,42
140779,140822,140824,2,43
140779,140820,140824,4,41
140779,140820,140825,5,41
140779,140821,140825,4,42
140779,140821,140825,4,42
140779,140821,140825,4,42
140779,140821,140825,4,42
140779,140821,140825,4,42
140779,140820,140825,5,41
140779,140821,140825,4,42
140779,140821,140825,4,42
140779,140820,140825,5,41
140779,140821,140825,4,42
140779,140820,140825,5,41
140779,140821,140825,4,42
140779,140822,140825,3,43
140779,140821,140825,4,42
140779,140821,140825,4,42
140779,140821,140825,4,42
140779,140821,140825,4,42
140779,140822,140825,3,43
140779,140820,140825,5,41
140779,140821,140825,4,42
140779,140822,140825,3,43
140779,140822,140826,4,43
140779,140821,140825,4,42
140779,140821,140826,5,42
140779,140821,140825,4,42
140779,140821,140825,4,42
140779,140821,140826,5,42
140779,140821,140825,4,42
140853,140853,140855,2,0
140853,140853,140855,2,0
140853,140853,140855,2,0
140853,140853,140855,2,0
140853,140853,140856,3,0
140853,140853,140856,3,0
140853,140853,140855,2,0
140853,140853,140856,3,0
140853,140853,140856,3,0
140853,140853,140856,3,0
140853,140853,140856,3,0
140853,140853,140856,3,0
140853,140853,140856,3,0
140853,140853,140856,3,0
140853,140853,140857,4,0
140853,140853,140857,4,0
140853,140853,140857,4,0
140853,140853,140857,4,0
140853,140853,140857,4,0
140853,140853,140856,3,0
140853,140853,140857,4,0
140853,140853,140856,3,0
140853,140853,140857,4,0
140853,140853,140857,4,0
140853,140853,140857,4,0
140853,140853,140856,3,0
140853,140853,140857,4,0
140853,140853,140856,3,0
140853,140853,140857,4,0
140853,140853,140856,3,0
140853,140853,140857,4,0
140853,140853,140857,4,0
140853,140853,140857,4,0
140853,140853,140857,4,0
140853,140853,140857,4,0
140853,140853,140857,4,0
140853,140853,140857,4,0
140853,140853,140857,4,0
140853,140853,140857,4,0
140853,140853,140857,4,0
140853,140853,140857,4,0
140853,140853,140857,4,0
140853,140853,140857,4,0
140853,140853,140858,5,0
140853,140853,140857,4,0
140853,140855,140858,3,2
140853,140853,140857,4,0
140853,140853,140858,5,0
140853,140853,140858,5,0
140853,140853,140858,5,0
140853,140853,140857,4,0
140853,140853,140857,4,0
140853,140853,140858,5,0
140853,140853,140858,5,0
140853,140853,140858,5,0
140853,140853,140858,5,0
140853,140853,140858,5,0
140853,140853,140858,5,0
140853,140853,140858,5,0
140853,140853,140857,4,0
140853,140853,140858,5,0
140853,140856,140859,3,3
140853,140857,140859,2,4
140853,140857,140859,2,4
140853,140857,140860,3,4
140853,140857,140859,2,4
140853,140857,140859,2,4
140853,140857,140859,2,4
140853,140853,140859,6,0
140853,140855,140859,4,2
140853,140855,140859,4,2
140853,140856,140859,3,3
140853,140856,140859,3,3
140853,140855,140860,5,2
140853,140856,140860,4,3
140853,140856,140860,4,3
140853,140857,140860,3,4
140853,140857,140860,3,4
140853,140856,140860,4,3
140853,140856,140860,4,3
140853,140856,140860,4,3
140853,140859,140860,1,6
140853,140857,140860,3,4
140853,140857,140860,3,4
140853,140856,140860,4,3
140853,140857,140860,3,4
140853,140857,140860,3,4
140853,140857,140860,3,4
140853,140859,140860,1,6
140853,140857,140860,3,4
140853,140857,140860,3,4
140853,140859,140861,2,6
140853,140857,140861,4,4
140853,140857,140860,3,4
140853,140857,140860,3,4
140853,140859,140860,1,6
140853,140857,140860,3,4
140853,140859,140860,1,6
140853,140859,140860,1,6
140853,140856,140861,5,3
140853,140857,140861,4,4
140853,140858,140861,3,5
140853,140857,140861,4,4
140853,140857,140861,4,4
140853,140859,140862,3,6
140853,140859,140861,2,6
140853,140859,140861,2,6
140853,140857,140861,4,4
140853,140859,140861,2,6
140853,140859,140861,2,6
140853,140857,140861,4,4
140853,140859,140861,2,6
140853,140859,140861,2,6
140853,140857,140861,4,4
140853,140859,140861,2,6
140853,140859,140862,3,6
140853,140859,140862,3,6
140853,140859,140862,3,6
140853,140860,140863,3,7
140853,140860,140862,2,7
140853,140859,140862,3,6
140853,140859,140862,3,6
140853,140860,140863,3,7
140853,140860,140863,3,7
140853,140859,140863,4,6
140853,140859,140862,3,6
140853,140861,140863,2,8
140853,140861,140863,2,8
140853,140860,140863,3,7
140853,140860,140862,2,7
140853,140862,140864,2,9
140853,140860,140864,4,7
140853,140860,140863,3,7
140853,140861,140864,3,8
140853,140861,140863,2,8
140853,140862,140864,2,9
140853,140860,140863,3,7
140853,140860,140863,3,7
140853,140860,140863,3,7
140853,140862,140864,2,9
140853,140862,140863,1,9
140853,140861,140863,2,8
140853,140861,140863,2,8
140853,140861,140864,3,8
140853,140861,140864,3,8
140853,140861,140864,3,8
140853,140861,140865,4,8
140853,140861,140864,3,8
140853,140861,140865,4,8
140853,140861,140864,3,8
140853,140860,140864,4,7
140853,140861,140865,4,8
140853,140862,140864,2,9
140853,140862,140864,2,9
140853,140861,140865,4,8
140853,140862,140865,3,9
140853,140861,140864,3,8
140853,140861,140865,4,8
140853,140862,140865,3,9
140853,140862,140865,3,9
140853,140861,140865,4,8
140853,140861,140864,3,8
140853,140862,140864,2,9
140853,140861,140864,3,8
140853,140861,140865,4,8
140853,140862,140864,2,9
140853,140862,140864,2,9
140853,140861,140865,4,8
140853,140861,140865,4,8
140853,140861,140866,5,8
140853,140862,140866,4,9
140853,140862,140866,4,9
140853,140863,140866,3,10
140853,140861,140865,4,8
140853,140863,140865,2,10
140853,140862,140865,3,9
140853,140863,140866,3,10
140853,140863,140865,2,10
140853,140861,140865,4,8
140853,140863,140866,3,10
140853,140862,140866,4,9
140853,140863,140866,3,10
140853,140863,140866,3,10
140853,140863,140866,3,10
140853,140863,140866,3,10
140853,140863,140866,3,10
140853,140863,140866,3,10
140853,140864,140867,3,11
140853,140863,140867,4,10
140853,140864,140867,3,11
140853,140863,140867,4,10
140853,140864,140867,3,11
140853,140864,140867,3,11
140853,140864,140867,3,11
140853,140865,140868,3,12
140853,140865,140868,3,12
140853,140865,140868,3,12
140853,140864,140867,3,11
140853,140866,140868,2,13
140853,140864,140868,4,11
140853,140866,140868,2,13
140853,140863,140867,4,10
140853,140863,140867,4,10
140853,140865,140868,3,12
140853,140865,140868,3,12
140853,140864,140868,4,11
140853,140864,140867,3,11
140853,140865,140868,3,12
140853,140864,140868,4,11
140853,140864,140868,4,11
140853,140865,140868,3,12
140853,140865,140868,3,12
140853,140864,140868,4,11
140853,140865,140868,3,12
140853,140865,140868,3,12
140853,140865,140868,3,12
140853,140865,140869,4,12
140853,140865,140868,3,12
140853,140865,140868,3,12
140853,140865,140869,4,12
140853,140866,140868,2,13
140853,140865,140868,3,12
140853,140865,140868,3,12
140853,140866,140869,3,13
140853,140864,140868,4,11
140853,140865,140869,4,12
140853,140866,140869,3,13
140853,140866,140869,3,13
140853,140866,140869,3,13
140853,140865,140869,4,12
140853,140866,140869,3,13
140853,140866,140869,3,13
140853,140865,140868,3,12
140853,140866,140869,3,13
140853,140865,140869,4,12
140853,140865,140869,4,12
140853,140865,140868,3,12
140853,140865,140869,4,12
140853,140865,140869,4,12
140853,140865,140869,4,12
140853,140866,140869,3,13
140853,140866,140870,4,13
140853,140868,140870,2,15
140853,140868,140870,2,15
140853,140866,140870,4,13
140853,140866,140870,4,13
140853,140868,140870,2,15
140853,140866,140871,5,13
140853,140869,140871,2,16
140853,140869,140870,1,16
140853,140869,140871,2,16
140853,140868,140871,3,15
140853,140869,140871,2,16
140853,140868,140871,3,15
140853,140868,140871,3,15
140853,140868,140871,3,15
140853,140868,140871,3,15
140853,140866,140871,5,13
140853,140868,140871,3,15
140853,140866,140871,5,13
140853,140867,140872,5,14
140853,140868,140871,3,15
140853,140868,140871,3,15
140853,140868,140871,3,15
140853,140868,140872,4,15
140853,140868,140871,3,15
140853,140869,140872,3,16
140853,140868,140871,3,15
140853,140867,140871,4,14
140853,140868,140872,4,15
140853,140869,140872,3,16
140853,140869,140872,3,16
140853,140867,140871,4,14
140853,140869,140872,3,16
140853,140869,140871,2,16
140853,140867,140872,5,14
140853,140867,140872,5,14
140853,140867,140872,5,14
140853,140869,140872,3,16
140853,140869,140872,3,16
140853,140868,140872,4,15
140853,140869,140872,3,16
140853,140869,140872,3,16
140853,140869,140872,3,16
140853,140868,140872,4,15
140853,140868,140872,4,15
140853,140869,140873,4,16
140853,140868,140872,4,15
140853,140869,140872,3,16
140853,140869,140872,3,16
140853,140869,140873,4,16
140853,140867,140873,6,14
140853,140869,140873,4,16
140853,140868,140873,5,15
140853,140868,140873,5,15
140853,140871,140874,3,18
140853,140869,140873,4,16
140853,140871,140874,3,18
140853,140869,140874,5,16
140853,140871,140874,3,18
140853,140869,140874,5,16
140853,140870,140874,4,17
140853,140871,140874,3,18
140853,140871,140874,3,18
140853,140871,140874,3,18
140853,140871,140874,3,18
140853,140872,140875,3,19
140853,140872,140874,2,19
140853,140871,140874,3,18
140853,140872,140875,3,19
140853,140870,140875,5,17
140853,140871,140875,4,18
140853,140871,140875,4,18
140853,140871,140875,4,18
140853,140870,140875,5,17
140853,140872,140875,3,19
140853,140872,140875,3,19
140853,140870,140875,5,17
140853,140872,140875,3,19
140853,140872,140875,3,19
140853,140872,140875,3,19
140853,140871,140875,4,18
140853,140873,140875,2,20
140853,140873,140875,2,20
140853,140873,140876,3,20
140853,140873,140876,3,20
140853,140871,140875,4,18
140853,140872,140875,3,19
140853,140871,140875,4,18
140853,140872,140876,4,19
140853,140872,140875,3,19
140853,140872,140875,3,19
140853,140870,140875,5,17
140853,140873,140876,3,20
140853,140872,140876,4,19
140853,140872,140876,4,19
140853,140872,140876,4,19
140853,140873,140876,3,20
140853,140873,140876,3,20
140853,140872,140876,4,19
140853,140872,140876,4,19
140853,140873,140876,3,20
140853,140872,140876,4,19
140853,140872,140876,4,19
140853,140873,140876,3,20
140853,140872,140876,4,19
140853,140873,140876,3,20
140853,140873,140877,4,20
140853,140873,140876,3,20
140853,140874,140877,3,21
140853,140873,140877,4,20
140853,140874,140876,2,21
140853,140873,140876,3,20
140853,140873,140877,4,20
140853,140873,140876,3,20
140853,140873,140876,3,20
140853,140874,140877,3,21
140853,140875,140877,2,22
140853,140874,140877,3,21
140853,140874,140877,3,21
140065,140073,140882,809,8
140913,140913,140915,2,0
140913,140913,140915,2,0
140913,140913,140915,2,0
140913,140914,140915,1,1
140913,140913,140915,2,0
140913,140913,140915,2,0
140913,140913,140916,3,0
140913,140913,140916,3,0
140913,140913,140916,3,0
140913,140913,140915,2,0
140913,140913,140915,2,0
140913,140913,140916,3,0
140913,140913,140916,3,0
140913,140913,140916,3,0
140913,140913,140916,3,0
140913,140913,140917,4,0
140913,140913,140917,4,0
140913,140913,140916,3,0
140913,140913,140917,4,0
140913,140913,140917,4,0
140913,140913,140917,4,0
140913,140913,140917,4,0
140913,140913,140917,4,0
140913,140913,140917,4,0
140913,140913,140917,4,0
140913,140913,140917,4,0
140913,140913,140917,4,0
140913,140913,140917,4,0
140913,140913,140916,3,0
140913,140913,140917,4,0
140913,140913,140916,3,0
140913,140913,140917,4,0
140913,140913,140916,3,0
140913,140913,140916,3,0
140913,140913,140917,4,0
140913,140913,140916,3,0
140913,140913,140917,4,0
140913,140913,140917,4,0
140913,140913,140917,4,0
140913,140913,140917,4,0
140913,140913,140917,4,0
140913,140913,140916,3,0
140913,140913,140917,4,0
140913,140913,140917,4,0
140913,140913,140918,5,0
140913,140915,140918,3,2
140913,140913,140918,5,0
140913,140915,140918,3,2
140913,140913,140918,5,0
140913,140913,140917,4,0
140913,140913,140917,4,0
140913,140913,140918,5,0
140913,140913,140918,5,0
140913,140913,140918,5,0
140913,140913,140918,5,0
140913,140913,140918,5,0
140913,140915,140918,3,2
140913,140913,140917,4,0
140913,140916,140918,2,3
140913,140913,140918,5,0
140913,140916,140919,3,3
140913,140913,140919,6,0
140913,140916,140919,3,3
140913,140916,140919,3,3
140913,140916,140920,4,3
140913,140916,140920,4,3
140913,140916,140920,4,3
140913,140917,140920,3,4
140913,140916,140920,4,3
140913,140917,140920,3,4
140913,140917,140920,3,4
140913,140918,140920,2,5
140913,140918,140920,2,5
140913,140917,140920,3,4
140913,140916,140920,4,3
140913,140916,140920,4,3
140913,140916,140920,4,3
140913,140917,140920,3,4
140913,140917,140920,3,4
140913,140917,140920,3,4
140913,140917,140920,3,4
140913,140917,140920,3,4
140913,140917,140921,4,4
140913,140917,140921,4,4
140913,140917,140921,4,4
140913,140917,140921,4,4
140913,140917,140921,4,4
140913,140917,140921,4,4
140913,140918,140921,3,5
140913,140918,140921,3,5
140913,140918,140921,3,5
140913,140917,140921,4,4
140913,140918,140921,3,5
140913,140918,140921,3,5
140913,140919,140921,2,6
140913,140919,140921,2,6
140913,140917,140921,4,4
140913,140917,140921,4,4
140913,140918,140921,3,5
140913,140919,140921,2,6
140913,140917,140921,4,4
140913,140919,140921,2,6
140913,140917,140921,4,4
140913,140917,140921,4,4
140913,140917,140921,4,4
140913,140919,140921,2,6
140913,140917,140921,4,4
140913,140917,140921,4,4
140913,140917,140921,4,4
140913,140917,140922,5,4
140913,140917,140922,5,4
140913,140919,140922,3,6
140913,140917,140922,5,4
140913,140919,140922,3,6
140913,140919,140923,4,6
140913,140920,140924,4,7
140913,140919,140923,4,6
140913,140920,140923,3,7
140913,140922,140924,2,9
140913,140921,140924,3,8
140913,140920,140924,4,7
140913,140921,140923,2,8
140913,140921,140923,2,8
140913,140920,140924,4,7
140913,140921,140925,4,8
140913,140922,140924,2,9
140913,140920,140924,4,7
140913,140920,140924,4,7
140913,140922,140924,2,9
140913,140922,140925,3,9
140913,140922,140924,2,9
140913,140922,140924,2,9
140913,140921,140925,4,8
140913,140922,140924,2,9
140913,140922,140925,3,9
140913,140924,140925,1,11
140913,140920,140925,5,7
140913,140920,140926,6,7
140913,140920,140925,5,7
140913,140920,140925,5,7
140913,140920,140925,5,7
140913,140922,140925,3,9
140913,140922,140926,4,9
140913,140922,140926,4,9
140913,140922,140926,4,9
140913,140922,140925,3,9
140913,140924,140925,1,11
140913,140921,140925,4,8
140913,140921,140925,4,8
140913,140922,140926,4,9
140913,140923,140925,2,10
140913,140922,140926,4,9
140913,140922,140926,4,9
140913,140924,140925,1,11
140913,140924,140925,1,11
140913,140924,140925,1,11
140913,140924,140925,1,11
140913,140921,140925,4,8
140913,140924,140925,1,11
140913,140924,140925,1,11
140913,140920,140926,6,7
140913,140920,140926,6,7
140913,140921,140926,5,8
140913,140922,140926,4,9
140913,140925,140926,1,12
140913,140920,140926,6,7
140913,140922,140927,5,9
140913,140922,140926,4,9
140913,140922,140926,4,9
140913,140922,140926,4,9
140913,140922,140926,4,9
140913,140922,140926,4,9
140913,140923,140926,3,10
140913,140922,140926,4,9
140913,140923,140927,4,10
140913,140922,140927,5,9
140913,140922,140927,5,9
140913,140923,140926,3,10
140913,140922,140927,5,9
140913,140923,140927,4,10
140913,140925,140928,3,12
140913,140926,140929,3,13
140913,140926,140929,3,13
140913,140925,140929,4,12
140913,140926,140929,3,13
140913,140926,140928,2,13
140913,140926,140928,2,13
140913,140926,140928,2,13
140913,140925,140929,4,12
140913,140925,140929,4,12
140913,140926,140929,3,13
140913,140925,140929,4,12
140913,140927,140929,2,14
140913,140927,140929,2,14
140913,140926,140929,3,13
140913,140926,140929,3,13
140913,140926,140930,4,13
140913,140926,140929,3,13
140913,140925,140929,4,12
140913,140926,140930,4,13
140913,140926,140930,4,13
140913,140926,140929,3,13
140913,140927,140930,3,14
140913,140925,140930,5,12
140913,140925,140929,4,12
140913,140925,140930,5,12
140913,140925,140930,5,12
140913,140925,140929,4,12
140913,140926,140930,4,13
140913,140926,140930,4,13
140913,140926,140930,4,13
140913,140926,140929,3,13
140913,140926,140929,3,13
140913,140925,140930,5,12
140913,140926,140930,4,13
140913,140926,140929,3,13
140913,140927,140930,3,14
140913,140927,140930,3,14
140913,140927,140930,3,14
140913,140927,140930,3,14
140913,140927,140930,3,14
140913,140927,140930,3,14
140913,140928,140930,2,15
140913,140926,140930,4,13
140913,140926,140930,4,13
140913,140927,140930,3,14
140913,140927,140930,3,14
140913,140927,140930,3,14
140913,140927,140931,4,14
140913,140927,140930,3,14
140913,140927,140931,4,14
140913,140926,140931,5,13
140913,140927,140931,4,14
140913,140927,140931,4,14
140913,140927,140931,4,14
140930,140930,140932,2,0
140930,140930,140931,1,0
140930,140930,140932,2,0
140930,140930,140933,3,0
140930,140930,140933,3,0
140930,140930,140933,3,0
140930,140930,140933,3,0
140930,140931,140933,2,1
140930,140930,140933,3,0
140930,140930,140933,3,0
140930,140931,140933,2,1
140930,140930,140933,3,0
140930,140931,140934,3,1
140913,140914,140918,4,1
140913,140914,140917,3,1
140913,140914,140918,4,1
140913,140914,140918,4,1
140930,140930,140934,4,0
140930,140930,140934,4,0
140930,140930,140934,4,0
140930,140930,140934,4,0
140930,140930,140933,3,0
140930,140930,140934,4,0
140930,140930,140934,4,0
140930,140930,140934,4,0
140930,140930,140934,4,0
140930,140930,140934,4,0
140930,140930,140934,4,0
140930,140930,140934,4,0
140930,140931,140934,3,1
140930,140931,140934,3,1
140930,140930,140934,4,0
140930,140930,140934,4,0
140930,140931,140934,3,1
140930,140930,140934,4,0
140930,140930,140935,5,0
140930,140930,140934,4,0
140930,140931,140934,3,1
140930,140930,140934,4,0
140930,140930,140934,4,0
140930,140930,140934,4,0
140930,140930,140934,4,0
140930,140931,140934,3,1
140930,140930,140934,4,0
140930,140930,140934,4,0
140930,140930,140934,4,0
140930,140931,140934,3,1
140930,140931,140934,3,1
140930,140930,140935,5,0
140930,140930,140935,5,0
140930,140930,140935,5,0
140930,140931,140935,4,1
140930,140934,140935,1,4
140930,140931,140935,4,1
140930,140931,140935,4,1
140930,140931,140935,4,1
140930,140933,140935,2,3
140930,140931,140935,4,1
140930,140932,140935,3,2
140930,140931,140935,4,1
140930,140932,140936,4,2
140930,140934,140936,2,4
140930,140933,140936,3,3
140930,140933,140936,3,3
140930,140934,140936,2,4
140930,140934,140936,2,4
140930,140934,140936,2,4
140930,140933,140936,3,3
140930,140934,140937,3,4
140930,140934,140937,3,4
140913,140934,140937,3,21
140930,140934,140936,2,4
140930,140934,140937,3,4
140930,140934,140936,2,4
140930,140934,140937,3,4
140930,140935,140937,2,5
140930,140933,140938,5,3
140930,140935,140937,2,5
140930,140935,140937,2,5
140930,140935,140937,2,5
140930,140935,140937,2,5
140930,140935,140938,3,5
140930,140935,140937,2,5
140930,140935,140937,2,5
140930,140933,140937,4,3
140930,140933,140938,5,3
140930,140935,140938,3,5
140930,140935,140937,2,5
140930,140935,140938,3,5
140930,140935,140938,3,5
140930,140934,140938,4,4
140930,140935,140938,3,5
140930,140935,140938,3,5
140930,140935,140938,3,5
140930,140935,140938,3,5
140930,140935,140938,3,5
140930,140935,140938,3,5
140930,140935,140938,3,5
140930,140936,140938,2,6
140930,140936,140938,2,6
140930,140936,140938,2,6
140930,140935,140938,3,5
140930,140936,140939,3,6
140930,140936,140938,2,6
140930,140936,140939,3,6
140930,140935,140938,3,5
140930,140935,140938,3,5
140930,140936,140938,2,6
140930,140936,140938,2,6
140930,140936,140938,2,6
140930,140935,140938,3,5
140930,140935,140938,3,5
140930,140935,140939,4,5
140930,140935,140938,3,5
140930,140935,140938,3,5
140930,140935,140938,3,5
140930,140936,140939,3,6
140930,140936,140938,2,6
140930,140936,140939,3,6
140930,140936,140939,3,6
140930,140937,140940,3,7
140930,140937,140940,3,7
140930,140935,140939,4,5
140930,140936,140940,4,6
140930,140937,140940,3,7
140098,140106,140957,851,8
140054,140062,140970,908,8
140974,140975,140977,2,1
140974,140975,140977,2,1
140974,140975,140978,3,1
140974,140975,140978,3,1
140974,140975,140978,3,1
140974,140975,140977,2,1
140974,140975,140979,4,1
140974,140975,140978,3,1
140974,140975,140978,3,1
140974,140975,140979,4,1
140974,140975,140978,3,1
140974,140975,140978,3,1
140974,140975,140979,4,1
140974,140975,140979,4,1
140974,140975,140979,4,1
140974,140977,140978,1,3
140974,140977,140978,1,3
140974,140975,140979,4,1
140974,140975,140979,4,1
140974,140975,140980,5,1
140974,140975,140979,4,1
140974,140975,140979,4,1
140974,140975,140980,5,1
140974,140975,140980,5,1
140974,140975,140979,4,1
140974,140975,140980,5,1
140974,140975,140979,4,1
140974,140975,140979,4,1
140974,140975,140980,5,1
140974,140975,140980,5,1
140974,140975,140979,4,1
140974,140975,140980,5,1
140974,140975,140980,5,1
140974,140975,140979,4,1
140974,140975,140979,4,1
140974,140975,140979,4,1
140974,140975,140979,4,1
140974,140975,140979,4,1
140974,140975,140979,4,1
140974,140978,140980,2,4
140974,140975,140979,4,1
140974,140975,140980,5,1
140974,140975,140980,5,1
140974,140975,140980,5,1
140974,140975,140980,5,1
140974,140975,140980,5,1
140974,140975,140981,6,1
140974,140978,140980,2,4
140974,140975,140980,5,1
140974,140975,140980,5,1
140974,140975,140981,6,1
140974,140975,140980,5,1
140974,140975,140980,5,1
140974,140975,140981,6,1
140974,140979,140982,3,5
140974,140975,140981,6,1
140974,140978,140982,4,4
140974,140978,140982,4,4
140974,140979,140983,4,5
140974,140980,140983,3,6
140974,140979,140983,4,5
140974,140979,140983,4,5
140974,140980,140983,3,6
140974,140980,140983,3,6
140974,140980,140983,3,6
140974,140979,140982,3,5
140974,140979,140983,4,5
140974,140979,140983,4,5
140974,140980,140983,3,6
140974,140980,140983,3,6
140974,140979,140984,5,5
140974,140980,140984,4,6
140974,140981,140984,3,7
140974,140979,140984,5,5
140974,140979,140984,5,5
140974,140980,140984,4,6
140974,140980,140984,4,6
140974,140980,140984,4,6
140974,140980,140984,4,6
140974,140980,140984,4,6
140974,140980,140984,4,6
140974,140981,140984,3,7
140974,140979,140984,5,5
140974,140981,140985,4,7
140974,140981,140985,4,7
140974,140981,140985,4,7
140974,140981,140985,4,7
140974,140980,140985,5,6
140974,140980,140985,5,6
140974,140981,140984,3,7
140974,140980,140985,5,6
140974,140980,140984,4,6
140974,140980,140985,5,6
140974,140981,140985,4,7
140974,140982,140985,3,8
140974,140980,140985,5,6
140974,140981,140985,4,7
140974,140981,140986,5,7
140974,140983,140986,3,9
140974,140980,140985,5,6
140974,140980,140985,5,6
140975,140983,140986,3,8
140974,140981,140986,5,7
140975,140983,140986,3,8
140974,140981,140986,5,7
140974,140982,140986,4,8
140975,140984,140987,3,9
140975,140985,140987,2,10
140975,140984,140987,3,9
140975,140985,140987,2,10
140974,140982,140987,5,8
140975,140983,140987,4,8
140975,140985,140987,2,10
140975,140983,140987,4,8
140975,140983,140987,4,8
140975,140983,140987,4,8
140975,140983,140987,4,8
140974,140982,140987,5,8
140975,140984,140987,3,9
140975,140984,140987,3,9
140975,140984,140987,3,9
140975,140985,140987,2,10
140975,140984,140988,4,9
140975,140984,140988,4,9
140975,140985,140988,3,10
140975,140984,140988,4,9
140975,140985,140988,3,10
140975,140985,140988,3,10
140975,140984,140988,4,9
140975,140984,140988,4,9
140975,140986,140989,3,11
140975,140986,140988,2,11
140975,140986,140988,2,11
140975,140984,140988,4,9
140975,140984,140988,4,9
140975,140984,140988,4,9
140975,140986,140988,2,11
140975,140986,140988,2,11
140975,140984,140988,4,9
140974,140987,140988,1,13
140975,140984,140989,5,9
140975,140984,140989,5,9
140975,140985,140989,4,10
140975,140988,140989,1,13
140975,140987,140989,2,12
140975,140986,140989,3,11
140975,140988,140989,1,13
140975,140988,140989,1,13
140975,140987,140990,3,12
140975,140988,140990,2,13
140975,140987,140989,2,12
140975,140987,140989,2,12
140975,140987,140990,3,12
140975,140988,140989,1,13
140975,140986,140990,4,11
140975,140986,140991,5,11
140975,140988,140990,2,13
140975,140986,140990,4,11
140975,140986,140990,4,11
140975,140986,140990,4,11
140975,140987,140990,3,12
140975,140988,140990,2,13
140975,140988,140991,3,13
140974,140987,140991,4,13
140974,140987,140991,4,13
140974,140987,140991,4,13
140975,140987,140991,4,12
140975,140988,140991,3,13
140975,140989,140991,2,14
140975,140989,140992,3,14
140975,140989,140992,3,14
140975,140988,140991,3,13
140975,140989,140992,3,14
140975,140989,140992,3,14
140975,140988,140992,4,13
140975,140988,140991,3,13
140974,140987,140992,5,13
140974,140987,140992,5,13
140974,140987,140992,5,13
140975,140989,140992,3,14
140975,140989,140992,3,14
140975,140989,140992,3,14
140975,140989,140992,3,14
140975,140988,140992,4,13
140975,140989,140992,3,14
140975,140990,140992,2,15
140975,140989,140992,3,14
140975,140989,140992,3,14
140975,140988,140992,4,13
140975,140989,140993,4,14
140975,140989,140992,3,14
140975,140990,140993,3,15
140975,140989,140992,3,14
140974,140975,140980,5,1
140974,140975,140980,5,1
140974,140975,140982,7,1
140975,140989,140992,3,14
140975,140989,140993,4,14
140975,140989,140993,4,14
140975,140990,140993,3,15
140975,140990,140993,3,15
140975,140990,140993,3,15
140975,140991,140993,2,16
140975,140991,140993,2,16
140975,140990,140993,3,15
140975,140991,140993,2,16
140975,140990,140993,3,15
140975,140990,140993,3,15
140975,140991,140993,2,16
140975,140991,140993,2,16
140975,140991,140993,2,16
140975,140990,140993,3,15
140975,140990,140993,3,15
140975,140990,140993,3,15
140975,140991,140994,3,16
140975,140990,140993,3,15
140975,140992,140994,2,17
140975,140990,140993,3,15
140975,140990,140993,3,15
140975,140991,140994,3,16
140975,140991,140994,3,16
140975,140991,140994,3,16
140975,140993,140994,1,18
140975,140992,140994,2,17
140975,140992,140994,2,17
140975,140991,140994,3,16
140975,140991,140994,3,16
140975,140992,140994,2,17
140975,140992,140994,2,17
140975,140992,140995,3,17
140975,140992,140994,2,17
140975,140992,140994,2,17
140975,140993,140995,2,18
140975,140993,140995,2,18
140975,140992,140995,3,17
140975,140992,140995,3,17
140974,140993,140995,2,19
140974,140993,140997,4,19
140974,140993,140996,3,19
140974,140993,140998,5,19
140086,140094,141001,907,8
140162,140169,141006,837,7
141019,141019,141021,2,0
141019,141019,141022,3,0
141019,141019,141022,3,0
141019,141019,141021,2,0
141019,141019,141021,2,0
141019,141019,141022,3,0
141019,141019,141022,3,0
141019,141019,141023,4,0
141019,141019,141023,4,0
141019,141019,141023,4,0
141019,141019,141023,4,0
141019,141019,141022,3,0
141019,141019,141022,3,0
141019,141019,141023,4,0
141019,141019,141023,4,0
141019,141019,141023,4,0
141019,141019,141023,4,0
141019,141019,141022,3,0
141019,141019,141023,4,0
141019,141019,141022,3,0
141019,141019,141022,3,0
141019,141019,141023,4,0
141019,141019,141023,4,0
141019,141019,141022,3,0
141019,141019,141022,3,0
141019,141019,141022,3,0
141019,141019,141023,4,0
141019,141019,141023,4,0
141019,141019,141023,4,0
141019,141019,141024,5,0
141019,141019,141024,5,0
141019,141019,141024,5,0
141019,141019,141023,4,0
141019,141019,141023,4,0
141019,141019,141023,4,0
141019,141019,141024,5,0
141019,141019,141024,5,0
141019,141019,141024,5,0
141019,141019,141023,4,0
141019,141019,141024,5,0
141019,141019,141024,5,0
141019,141019,141023,4,0
141019,141019,141023,4,0
141019,141019,141023,4,0
141019,141019,141024,5,0
141019,141019,141024,5,0
141019,141019,141024,5,0
141019,141019,141023,4,0
141019,141019,141023,4,0
141019,141019,141023,4,0
141019,141019,141024,5,0
141019,141019,141024,5,0
141019,141019,141024,5,0
141019,141019,141024,5,0
141019,141019,141024,5,0
141019,141019,141024,5,0
140204,140211,141025,814,7
141019,141022,141025,3,3
141019,141023,141025,2,4
141019,141021,141025,4,2
141019,141023,141025,2,4
141019,141023,141026,3,4
141019,141023,141026,3,4
141019,141023,141025,2,4
141019,141023,141026,3,4
141019,141022,141025,3,3
141019,141022,141026,4,3
141019,141023,141026,3,4
141019,141022,141026,4,3
141019,141022,141026,4,3
141019,141023,141026,3,4
141019,141023,141026,3,4
141019,141023,141026,3,4
141019,141023,141025,2,4
141019,141024,141026,2,5
141019,141023,141026,3,4
141019,141024,141027,3,5
141019,141024,141027,3,5
141019,141024,141027,3,5
141019,141023,141027,4,4
141019,141024,141027,3,5
141019,141024,141027,3,5
141019,141023,141027,4,4
141019,141023,141026,3,4
141019,141024,141027,3,5
141019,141024,141027,3,5
141019,141024,141027,3,5
141019,141024,141027,3,5
141019,141024,141027,3,5
141019,141024,141027,3,5
141019,141025,141027,2,6
141019,141023,141027,4,4
141019,141025,141027,2,6
141019,141023,141026,3,4
141019,141023,141026,3,4
141019,141024,141027,3,5
141019,141023,141027,4,4
141019,141023,141027,4,4
141019,141023,141027,4,4
141019,141024,141027,3,5
141019,141023,141026,3,4
141019,141024,141027,3,5
141019,141024,141027,3,5
141019,141024,141028,4,5
141019,141024,141028,4,5
141019,141024,141028,4,5
141019,141024,141028,4,5
141019,141024,141027,3,5
141019,141025,141027,2,6
141019,141024,141028,4,5
141019,141024,141028,4,5
141019,141024,141028,4,5
141019,141024,141027,3,5
141019,141024,141028,4,5
141019,141024,141028,4,5
141019,141025,141028,3,6
141019,141024,141028,4,5
141019,141026,141029,3,7
141019,141019,141030,11,0
141029,141029,141032,3,0
141029,141029,141032,3,0
141029,141029,141032,3,0
141029,141029,141032,3,0
141029,141029,141033,4,0
141029,141029,141033,4,0
141029,141029,141032,3,0
141029,141029,141033,4,0
141029,141029,141033,4,0
141029,141029,141032,3,0
141029,141029,141032,3,0
141029,141029,141033,4,0
141029,141029,141033,4,0
141029,141029,141033,4,0
141029,141029,141033,4,0
141029,141029,141033,4,0
141029,141029,141033,4,0
141029,141029,141033,4,0
141029,141029,141033,4,0
141029,141029,141032,3,0
141029,141029,141033,4,0
141029,141029,141033,4,0
141029,141029,141033,4,0
141029,141029,141033,4,0
141029,141029,141033,4,0
141029,141029,141033,4,0
141029,141029,141033,4,0
141029,141029,141033,4,0
141029,141029,141032,3,0
141029,141029,141034,5,0
141029,141029,141034,5,0
141029,141032,141034,2,3
141029,141029,141033,4,0
141029,141029,141034,5,0
141029,141032,141034,2,3
141029,141029,141033,4,0
141029,141029,141033,4,0
141029,141029,141033,4,0
141029,141029,141034,5,0
141029,141029,141034,5,0
141029,141029,141033,4,0
141029,141029,141033,4,0
141029,141029,141033,4,0
141029,141029,141033,4,0
141029,141029,141034,5,0
141029,141029,141034,5,0
141029,141029,141034,5,0
141029,141029,141033,4,0
141029,141029,141033,4,0
141029,141029,141034,5,0
141029,141029,141034,5,0
141029,141032,141034,2,3
141029,141033,141035,2,4
141029,141033,141036,3,4
141029,141033,141036,3,4
141029,141033,141037,4,4
141029,141033,141037,4,4
141029,141034,141037,3,5
141029,141033,141037,4,4
141029,141033,141037,4,4
141029,141033,141037,4,4
141029,141033,141037,4,4
141029,141033,141037,4,4
141029,141033,141037,4,4
141029,141033,141037,4,4
141029,141033,141037,4,4
141029,141033,141037,4,4
141029,141033,141037,4,4
141029,141033,141037,4,4
141029,141033,141037,4,4
141029,141034,141037,3,5
141029,141034,141037,3,5
141029,141034,141037,3,5
141029,141033,141037,4,4
141029,141033,141037,4,4
141029,141033,141038,5,4
141029,141034,141037,3,5
141029,141034,141037,3,5
141029,141034,141037,3,5
141029,141035,141038,3,6
141029,141033,141038,5,4
141029,141033,141037,4,4
141029,141034,141038,4,5
141029,141036,141038,2,7
141029,141034,141038,4,5
141029,141034,141038,4,5
141029,141034,141038,4,5
141029,141033,141038,5,4
141029,141034,141038,4,5
141029,141034,141038,4,5
141029,141034,141038,4,5
141029,141034,141038,4,5
141029,141034,141038,4,5
141029,141034,141038,4,5
141029,141034,141038,4,5
141029,141033,141038,5,4
141029,141033,141038,5,4
141029,141034,141038,4,5
141029,141034,141038,4,5
141029,141034,141038,4,5
141029,141033,141038,5,4
141029,141034,141038,4,5
141029,141038,141040,2,9
141029,141037,141039,2,8
141029,141037,141040,3,8
141029,141038,141040,2,9
141029,141038,141040,2,9
141029,141038,141040,2,9
141029,141038,141040,2,9
141029,141038,141040,2,9
141029,141038,141041,3,9
141029,141038,141040,2,9
141031,141038,141041,3,7
141031,141038,141041,3,7
141031,141038,141041,3,7
141031,141038,141041,3,7
141031,141038,141041,3,7
141031,141038,141042,4,7
141031,141038,141041,3,7
141031,141038,141041,3,7
141031,141039,141042,3,8
141031,141038,141041,3,7
141031,141038,141041,3,7
141031,141039,141042,3,8
141031,141038,141041,3,7
141031,141038,141041,3,7
141031,141038,141041,3,7
141031,141038,141042,4,7
141031,141038,141042,4,7
141031,141038,141041,3,7
141031,141038,141041,3,7
141031,141039,141042,3,8
141031,141039,141042,3,8
141031,141040,141042,2,9
141031,141039,141042,3,8
141031,141039,141043,4,8
141031,141039,141042,3,8
141031,141039,141042,3,8
141031,141041,141043,2,10
141031,141041,141043,2,10
141031,141039,141042,3,8
141031,141039,141042,3,8
141031,141039,141042,3,8
141031,141039,141042,3,8
141031,141039,141042,3,8
141031,141039,141042,3,8
141031,141041,141043,2,10
141031,141041,141043,2,10
141031,141038,141042,4,7
141031,141039,141042,3,8
141031,141039,141042,3,8
141031,141038,141042,4,7
141031,141038,141042,4,7
141031,141040,141043,3,9
141031,141039,141043,4,8
141031,141041,141043,2,10
141031,141040,141044,4,9
141031,141042,141043,1,11
141031,141042,141044,2,11
141031,141042,141043,1,11
141031,141041,141043,2,10
141031,141042,141044,2,11
141031,141042,141043,1,11
141031,141042,141044,2,11
141031,141039,141044,5,8
141031,141042,141045,3,11
141031,141041,141044,3,10
141031,141043,141045,2,12
141031,141043,141045,2,12
141031,141042,141045,3,11
141031,141042,141045,3,11
141031,141043,141046,3,12
141031,141044,141046,2,13
141031,141042,141045,3,11
141031,141042,141045,3,11
141031,141041,141045,4,10
141031,141042,141046,4,11
141031,141042,141046,4,11
141031,141042,141046,4,11
141031,141043,141046,3,12
141031,141041,141045,4,10
141031,141042,141046,4,11
141031,141042,141046,4,11
141031,141042,141046,4,11
141031,141042,141045,3,11
141031,141044,141047,3,13
141031,141043,141046,3,12
141031,141043,141047,4,12
141031,141043,141047,4,12
141031,141043,141046,3,12
141031,141044,141047,3,13
141031,141043,141047,4,12
141031,141043,141046,3,12
141031,141042,141046,4,11
141031,141043,141046,3,12
141031,141043,141047,4,12
141031,141043,141047,4,12
141031,141044,141046,2,13
141031,141044,141047,3,13
141031,141043,141047,4,12
141031,141043,141047,4,12
141031,141044,141047,3,13
141031,141044,141047,3,13
141031,141042,141046,4,11
141031,141044,141047,3,13
141031,141045,141048,3,14
141031,141043,141047,4,12
141031,141043,141047,4,12
141031,141043,141047,4,12
141031,141043,141047,4,12
141031,141043,141048,5,12
141031,141044,141047,3,13
141031,141045,141048,3,14
141031,141044,141048,4,13
141031,141045,141048,3,14
141031,141046,141049,3,15
141031,141046,141049,3,15
141031,141046,141049,3,15
141031,141046,141049,3,15
141031,141046,141049,3,15
141031,141046,141049,3,15
141031,141046,141049,3,15
141031,141046,141049,3,15
141031,141046,141049,3,15
141031,141046,141049,3,15
141031,141046,141049,3,15
141031,141046,141049,3,15
141031,141046,141049,3,15
141031,141046,141049,3,15
141031,141046,141049,3,15
141031,141046,141050,4,15
141031,141046,141050,4,15
141029,141029,141033,4,0
141029,141029,141031,2,0
141029,141029,141033,4,0
141029,141029,141032,3,0
141019,141019,141044,25,0
141019,141019,141038,19,0
141029,141029,141044,15,0
141029,141029,141034,5,0
141029,141050,141054,4,21
141029,141054,141056,2,25
140208,140224,141059,835,16
141079,141079,141081,2,0
141079,141079,141081,2,0
141079,141079,141081,2,0
141079,141079,141082,3,0
141079,141079,141081,2,0
141079,141079,141082,3,0
141079,141079,141083,4,0
141079,141079,141083,4,0
141079,141079,141083,4,0
141079,141079,141082,3,0
141079,141079,141083,4,0
141079,141079,141083,4,0
141079,141079,141082,3,0
141079,141079,141082,3,0
141079,141079,141082,3,0
141079,141079,141082,3,0
141079,141079,141082,3,0
141079,141079,141082,3,0
141079,141079,141083,4,0
141079,141079,141083,4,0
141079,141079,141083,4,0
141079,141079,141083,4,0
141079,141079,141083,4,0
141079,141079,141083,4,0
141079,141079,141082,3,0
141079,141079,141083,4,0
141079,141079,141082,3,0
141079,141079,141082,3,0
141079,141079,141083,4,0
141079,141079,141084,5,0
141079,141079,141084,5,0
141079,141080,141084,4,1
141079,141080,141083,3,1
141079,141080,141084,4,1
141079,141080,141084,4,1
141079,141079,141084,5,0
141079,141079,141083,4,0
141079,141079,141084,5,0
141079,141079,141083,4,0
141079,141079,141083,4,0
141079,141079,141083,4,0
141079,141079,141083,4,0
141079,141081,141084,3,2
141079,141079,141084,5,0
141079,141081,141084,3,2
141079,141081,141084,3,2
141079,141083,141085,2,4
141079,141083,141085,2,4
141079,141083,141084,1,4
141079,141083,141085,2,4
141079,141083,141085,2,4
141079,141081,141085,4,2
141079,141082,141085,3,3
141079,141082,141085,3,3
141079,141083,141085,2,4
141079,141082,141085,3,3
141079,141083,141086,3,4
141079,141083,141086,3,4
141079,141081,141086,5,2
141079,141083,141086,3,4
141079,141083,141086,3,4
141079,141084,141086,2,5
141079,141084,141086,2,5
141079,141084,141087,3,5
141079,141085,141087,2,6
141079,141083,141086,3,4
141079,141083,141087,4,4
141079,141085,141087,2,6
141079,141083,141087,4,4
141079,141083,141087,4,4
141079,141083,141087,4,4
141079,141083,141087,4,4
141079,141083,141086,3,4
141079,141083,141087,4,4
141079,141083,141086,3,4
141079,141084,141087,3,5
141079,141084,141087,3,5
141079,141083,141086,3,4
141079,141084,141088,4,5
141079,141084,141087,3,5
141079,141084,141088,4,5
141079,141084,141088,4,5
141079,141083,141087,4,4
141079,141085,141088,3,6
141079,141086,141088,2,7
141079,141084,141088,4,5
141079,141084,141088,4,5
141079,141084,141088,4,5
141079,141085,141088,3,6
141079,141084,141088,4,5
141079,141084,141088,4,5
141079,141084,141088,4,5
141079,141085,141088,3,6
141079,141085,141088,3,6
141079,141085,141088,3,6
141079,141084,141089,5,5
141079,141087,141089,2,8
141079,141085,141088,3,6
141079,141086,141089,3,7
141079,141086,141089,3,7
141079,141086,141089,3,7
141079,141086,141089,3,7
141079,141086,141089,3,7
141079,141085,141089,4,6
141079,141086,141089,3,7
141079,141086,141089,3,7
141079,141086,141089,3,7
141079,141087,141089,2,8
141079,141085,141089,4,6
141079,141085,141089,4,6
141079,141087,141090,3,8
141079,141087,141089,2,8
141079,141087,141090,3,8
141079,141087,141090,3,8
141079,141087,141089,2,8
141079,141086,141089,3,7
141079,141083,141087,4,4
141079,141083,141088,5,4
141079,141084,141088,4,5
141079,141106,141109,3,27
140296,140302,141147,845,6
141149,141149,141152,3,0
141149,141149,141151,2,0
141149,141149,141152,3,0
141149,141149,141152,3,0
141149,141149,141152,3,0
141149,141149,141153,4,0
141149,141149,141153,4,0
141149,141149,141153,4,0
141149,141149,141153,4,0
141149,141149,141152,3,0
141149,141149,141153,4,0
141149,141149,141153,4,0
141149,141149,141153,4,0
141149,141149,141152,3,0
141149,141149,141153,4,0
141149,141149,141153,4,0
141149,141149,141153,4,0
141149,141149,141153,4,0
141149,141149,141154,5,0
141149,141149,141153,4,0
141149,141149,141153,4,0
141149,141152,141154,2,3
141149,141149,141153,4,0
141149,141149,141153,4,0
141149,141149,141153,4,0
141149,141149,141154,5,0
141149,141149,141153,4,0
141149,141149,141154,5,0
141149,141149,141154,5,0
141149,141149,141154,5,0
141149,141152,141154,2,3
141149,141152,141154,2,3
141149,141149,141154,5,0
141149,141149,141154,5,0
141149,141152,141154,2,3
141149,141152,141154,2,3
141149,141150,141154,4,1
141149,141150,141154,4,1
141149,141153,141155,2,4
141149,141149,141154,5,0
141149,141149,141154,5,0
141149,141153,141156,3,4
141149,141154,141156,2,5
141149,141154,141157,3,5
141149,141153,141156,3,4
141149,141153,141157,4,4
141149,141153,141157,4,4
141149,141153,141157,4,4
141149,141153,141157,4,4
141149,141153,141157,4,4
141149,141153,141157,4,4
141149,141153,141157,4,4
141149,141154,141157,3,5
141149,141153,141157,4,4
141149,141154,141157,3,5
141149,141150,141157,7,1
141149,141154,141158,4,5
141149,141154,141158,4,5
141149,141154,141158,4,5
141149,141154,141157,3,5
141149,141154,141157,3,5
141149,141154,141157,3,5
141149,141154,141158,4,5
141149,141154,141158,4,5
141149,141154,141158,4,5
141149,141154,141158,4,5
141149,141154,141158,4,5
141149,141155,141158,3,6
141149,141156,141159,3,7
141149,141154,141158,4,5
141149,141156,141159,3,7
141149,141155,141159,4,6
141149,141154,141159,5,5
141149,141155,141159,4,6
141149,141157,141160,3,8
141149,141157,141160,3,8
141149,141157,141160,3,8
141149,141157,141160,3,8
141149,141157,141160,3,8
141149,141158,141160,2,9
141149,141157,141160,3,8
141149,141157,141161,4,8
141149,141158,141160,2,9
141149,141158,141160,2,9
141149,141158,141160,2,9
141149,141158,141161,3,9
141149,141158,141160,2,9
141149,141157,141161,4,8
141149,141157,141161,4,8
141149,141157,141161,4,8
141149,141158,141161,3,9
141149,141158,141161,3,9
141149,141159,141161,2,10
141149,141159,141162,3,10
141149,141159,141162,3,10
141149,141159,141161,2,10
141149,141159,141161,2,10
141149,141158,141162,4,9
141149,141157,141161,4,8
141149,141159,141162,3,10
141149,141159,141162,3,10
141149,141159,141162,3,10
141149,141160,141162,2,11
141149,141159,141162,3,10
141149,141160,141163,3,11
141149,141160,141163,3,11
141149,141160,141163,3,11
141149,141160,141163,3,11
141149,141160,141163,3,11
141149,141160,141163,3,11
141149,141161,141164,3,12
141149,141165,141166,1,16
141149,141165,141167,2,16
141149,141165,141167,2,16
141149,141165,141169,4,16
141149,141165,141169,4,16
141149,141165,141169,4,16
141149,141165,141170,5,16
141149,141165,141170,5,16
141149,141161,141174,13,12
140399,140405,141294,889,6
141296,141297,141299,2,1
141296,141297,141299,2,1
141296,141297,141299,2,1
141296,141296,141299,3,0
141296,141296,141299,3,0
141296,141297,141299,2,1
141296,141297,141299,2,1
141296,141297,141300,3,1
141296,141297,141299,2,1
141296,141297,141299,2,1
141296,141296,141300,4,0
141296,141296,141300,4,0
141296,141296,141300,4,0
141296,141296,141300,4,0
141296,141296,141300,4,0
141296,141297,141300,3,1
141296,141297,141300,3,1
141296,141297,141300,3,1
141296,141296,141300,4,0
141296,141297,141300,3,1
141296,141297,141300,3,1
141296,141297,141300,3,1
141296,141297,141300,3,1
141296,141296,141300,4,0
141296,141296,141301,5,0
141296,141297,141301,4,1
141296,141296,141301,5,0
141296,141297,141301,4,1
141296,141297,141301,4,1
141296,141297,141301,4,1
141296,141297,141301,4,1
141296,141300,141301,1,4
141296,141296,141301,5,0
141296,141296,141301,5,0
141296,141297,141301,4,1
141296,141297,141301,4,1
141296,141297,141301,4,1
141296,141300,141301,1,4
141296,141296,141301,5,0
141296,141296,141301,5,0
141296,141296,141301,5,0
141296,141296,141302,6,0
141296,141297,141302,5,1
141296,141300,141302,2,4
141296,141300,141302,2,4
141296,141301,141303,2,5
141296,141301,141302,1,5
141296,141300,141302,2,4
141296,141300,141302,2,4
141296,141300,141303,3,4
141296,141300,141304,4,4
141296,141301,141303,2,5
141296,141301,141304,3,5
141296,141300,141303,3,4
141296,141300,141303,3,4
141296,141301,141304,3,5
141296,141301,141304,3,5
141296,141301,141304,3,5
141296,141301,141304,3,5
141296,141301,141304,3,5
141296,141301,141304,3,5
141296,141301,141304,3,5
141296,141303,141304,1,7
141296,141302,141304,2,6
141296,141302,141305,3,6
141296,141301,141305,4,5
141296,141301,141305,4,5
141296,141302,141305,3,6
141296,141301,141304,3,5
141296,141301,141304,3,5
141296,141302,141305,3,6
141296,141302,141305,3,6
141296,141303,141305,2,7
141296,141303,141305,2,7
141296,141303,141305,2,7
141296,141302,141305,3,6
141296,141302,141305,3,6
141296,141303,141306,3,7
141296,141302,141305,3,6
141296,141301,141305,4,5
141296,141302,141306,4,6
141296,141302,141306,4,6
141296,141303,141305,2,7
141296,141302,141305,3,6
141296,141304,141306,2,8
141296,141302,141306,4,6
141296,141302,141306,4,6
141296,141303,141306,3,7
141296,141302,141306,4,6
141296,141302,141307,5,6
141296,141303,141306,3,7
141296,141304,141307,3,8
141296,141304,141307,3,8
141296,141304,141307,3,8
141296,141304,141306,2,8
141296,141304,141306,2,8
141296,141305,141307,2,9
141296,141305,141308,3,9
141296,141305,141307,2,9
141296,141305,141307,2,9
141296,141305,141307,2,9
141296,141305,141307,2,9
141296,141305,141308,3,9
141296,141305,141308,3,9
141296,141304,141307,3,8
141296,141305,141308,3,9
141296,141305,141308,3,9
141296,141305,141307,2,9
141296,141305,141308,3,9
141296,141305,141309,4,9
141296,141306,141308,2,10
141296,141306,141309,3,10
141296,141306,141308,2,10
141296,141305,141308,3,9
141296,141306,141309,3,10
141296,141305,141308,3,9
141296,141305,141308,3,9
141296,141306,141309,3,10
141296,141306,141310,4,10
141296,141306,141309,3,10
140448,140455,141352,897,7
140492,140498,141358,860,6
141356,141356,141358,2,0
141356,141356,141358,2,0
141356,141356,141358,2,0
141356,141356,141359,3,0
141356,141357,141359,2,1
141356,141356,141359,3,0
141356,141356,141359,3,0
141356,141356,141359,3,0
141356,141356,141360,4,0
141356,141356,141360,4,0
141356,141356,141360,4,0
141356,141356,141360,4,0
141356,141356,141360,4,0
141356,141356,141360,4,0
141356,141356,141360,4,0
141356,141356,141360,4,0
141356,141356,141359,3,0
141356,141357,141360,3,1
141356,141356,141360,4,0
141356,141356,141360,4,0
141356,141356,141360,4,0
141356,141356,141360,4,0
141356,141356,141360,4,0
141356,141358,141360,2,2
141356,141356,141360,4,0
141356,141356,141360,4,0
141356,141356,141360,4,0
141356,141356,141361,5,0
141356,141356,141361,5,0
141356,141356,141360,4,0
141356,141356,141360,4,0
141356,141356,141361,5,0
141356,141358,141361,3,2
141356,141356,141361,5,0
141356,141356,141361,5,0
141356,141356,141361,5,0
141356,141356,141361,5,0
141356,141358,141361,3,2
141356,141359,141361,2,3
141356,141356,141361,5,0
141356,141357,141361,4,1
141356,141356,141361,5,0
141356,141356,141361,5,0
141356,141359,141362,3,3
141356,141356,141362,6,0
141356,141357,141362,5,1
141356,141360,141362,2,4
140452,140465,141363,898,13
141356,141359,141363,4,3
141356,141360,141363,3,4
141356,141361,141363,2,5
141356,141361,141363,2,5
141356,141360,141364,4,4
141356,141362,141363,1,6
141356,141359,141363,4,3
141356,141359,141363,4,3
141356,141361,141363,2,5
141356,141362,141363,1,6
141356,141362,141363,1,6
141356,141362,141364,2,6
141356,141362,141364,2,6
141356,141362,141364,2,6
141356,141361,141364,3,5
141356,141363,141364,1,7
141356,141360,141364,4,4
141356,141360,141364,4,4
141356,141363,141364,1,7
141356,141361,141364,3,5
141356,141361,141364,3,5
141356,141361,141364,3,5
141356,141361,141365,4,5
141356,141361,141365,4,5
141356,141361,141365,4,5
141356,141361,141364,3,5
141356,141361,141364,3,5
141356,141361,141364,3,5
141356,141360,141365,5,4
141356,141362,141366,4,6
141356,141362,141365,3,6
141356,141362,141365,3,6
141356,141362,141365,3,6
141356,141362,141365,3,6
141356,141363,141365,2,7
141356,141363,141366,3,7
141356,141364,141366,2,8
141356,141361,141365,4,5
141356,141364,141366,2,8
141356,141361,141365,4,5
141356,141364,141366,2,8
141356,141361,141366,5,5
141356,141360,141366,6,4
141356,141361,141366,5,5
141356,141364,141367,3,8
141356,141364,141366,2,8
141356,141362,141366,4,6
141356,141364,141366,2,8
141356,141364,141366,2,8
141356,141365,141367,2,9
141356,141365,141367,2,9
141356,141364,141366,2,8
141356,141364,141366,2,8
141356,141365,141367,2,9
141356,141364,141367,3,8
141356,141364,141367,3,8
141356,141365,141367,2,9
141356,141365,141367,2,9
141356,141364,141367,3,8
141356,141365,141367,2,9
141356,141365,141368,3,9
141356,141365,141368,3,9
141356,141365,141368,3,9
141356,141365,141368,3,9
141356,141365,141367,2,9
141356,141365,141368,3,9
141356,141365,141367,2,9
141356,141365,141367,2,9
141356,141365,141367,2,9
141356,141366,141368,2,10
141360,141366,141368,2,6
141356,141365,141368,3,9
141356,141365,141368,3,9
141360,141367,141368,1,7
141360,141366,141369,3,6
141360,141367,141368,1,7
141360,141367,141369,2,7
141356,141366,141370,4,10
141360,141366,141369,3,6
141360,141366,141369,3,6
141360,141366,141370,4,6
141360,141366,141369,3,6
141360,141366,141369,3,6
141360,141368,141370,2,8
141360,141366,141369,3,6
141360,141366,141369,3,6
141360,141367,141370,3,7
141360,141366,141369,3,6
141360,141366,141370,4,6
141360,141367,141370,3,7
141360,141367,141371,4,7
141360,141367,141371,4,7
141360,141367,141370,3,7
141360,141368,141370,2,8
141360,141367,141371,4,7
141360,141368,141370,2,8
141360,141369,141371,2,9
141360,141368,141371,3,8
141360,141368,141371,3,8
141360,141369,141371,2,9
141360,141368,141371,3,8
141360,141368,141371,3,8
141360,141368,141371,3,8
141360,141368,141372,4,8
141360,141367,141371,4,7
141360,141368,141371,3,8
141360,141368,141371,3,8
141360,141369,141371,2,9
141360,141368,141371,3,8
141360,141367,141371,4,7
141360,141368,141372,4,8
141360,141368,141372,4,8
141360,141369,141371,2,9
141360,141368,141372,4,8
141360,141368,141372,4,8
141360,141369,141372,3,9
141360,141369,141372,3,9
141360,141370,141373,3,10
141360,141370,141373,3,10
141360,141370,141373,3,10
141360,141369,141373,4,9
141360,141370,141374,4,10
141360,141369,141373,4,9
141360,141370,141373,3,10
141360,141371,141374,3,11
141360,141370,141373,3,10
141360,141370,141374,4,10
141360,141370,141373,3,10
141360,141370,141374,4,10
141360,141370,141374,4,10
141360,141371,141374,3,11
141360,141371,141374,3,11
141360,141372,141374,2,12
141360,141370,141374,4,10
141360,141370,141374,4,10
141360,141371,141374,3,11
141360,141372,141374,2,12
141360,141372,141374,2,12
141360,141372,141374,2,12
141360,141371,141375,4,11
141360,141371,141375,4,11
141360,141372,141375,3,12
141360,141372,141375,3,12
141360,141373,141374,1,13
141360,141373,141374,1,13
141360,141372,141375,3,12
141360,141372,141375,3,12
141360,141373,141375,2,13
141360,141371,141375,4,11
141360,141371,141375,4,11
141360,141371,141375,4,11
141360,141372,141375,3,12
141360,141372,141375,3,12
141360,141372,141376,4,12
141360,141372,141375,3,12
141360,141372,141376,4,12
141360,141372,141375,3,12
141360,141372,141375,3,12
141360,141371,141375,4,11
141360,141372,141375,3,12
141360,141373,141376,3,13
141360,141371,141375,4,11
141360,141374,141376,2,14
141360,141374,141377,3,14
141360,141375,141377,2,15
141360,141374,141377,3,14
141360,141374,141377,3,14
141360,141374,141377,3,14
141360,141374,141377,3,14
141360,141374,141377,3,14
141360,141374,141377,3,14
141360,141374,141377,3,14
141360,141375,141377,2,15
141360,141375,141377,2,15
141360,141375,141377,2,15
141360,141374,141378,4,14
141360,141376,141378,2,16
141360,141375,141378,3,15
141360,141374,141377,3,14
141360,141375,141378,3,15
141360,141375,141378,3,15
141360,141375,141378,3,15
141360,141375,141378,3,15
141360,141374,141378,4,14
141360,141374,141377,3,14
141360,141375,141378,3,15
141360,141376,141378,2,16
141360,141375,141378,3,15
141360,141375,141378,3,15
141360,141375,141378,3,15
141360,141376,141378,2,16
141364,141378,141379,1,14
141364,141378,141379,1,14
141360,141375,141379,4,15
141364,141376,141379,3,12
141360,141375,141378,3,15
141364,141376,141379,3,12
141364,141378,141380,2,14
141364,141376,141379,3,12
141364,141376,141380,4,12
141364,141376,141380,4,12
141364,141376,141380,4,12
141364,141376,141379,3,12
141364,141376,141379,3,12
141364,141376,141379,3,12
141364,141376,141380,4,12
141364,141378,141380,2,14
141364,141378,141380,2,14
141364,141377,141380,3,13
141364,141377,141381,4,13
141364,141378,141381,3,14
141364,141378,141381,3,14
141364,141378,141381,3,14
141364,141378,141381,3,14
141364,141379,141381,2,15
141364,141378,141381,3,14
141364,141378,141381,3,14
141364,141378,141381,3,14
141364,141378,141382,4,14
141364,141378,141381,3,14
141364,141378,141381,3,14
141364,141379,141381,2,15
141364,141378,141381,3,14
141364,141379,141382,3,15
141364,141379,141381,2,15
141364,141380,141382,2,16
141364,141378,141382,4,14
141364,141378,141382,4,14
141364,141379,141382,3,15
141364,141379,141382,3,15
141364,141379,141382,3,15
141364,141378,141382,4,14
141364,141378,141382,4,14
141364,141378,141382,4,14
141364,141379,141382,3,15
141364,141379,141383,4,15
141364,141379,141383,4,15
141364,141380,141383,3,16
141364,141378,141383,5,14
141364,141380,141384,4,16
141364,141380,141383,3,16
141364,141379,141383,4,15
141364,141380,141383,3,16
141364,141380,141384,4,16
141364,141380,141383,3,16
141364,141380,141384,4,16
141364,141381,141384,3,17
141364,141380,141384,4,16
141364,141380,141384,4,16
141364,141381,141384,3,17
141364,141382,141385,3,18
141364,141382,141384,2,18
141364,141382,141385,3,18
141364,141382,141384,2,18
141364,141383,141384,1,19
141364,141383,141384,1,19
141364,141383,141385,2,19
141364,141381,141385,4,17
141364,141382,141385,3,18
141364,141383,141385,2,19
141364,141381,141385,4,17
141364,141381,141385,4,17
141364,141382,141385,3,18
141364,141384,141386,2,20
141364,141382,141385,3,18
141364,141382,141385,3,18
141364,141384,141385,1,20
141364,141382,141386,4,18
141364,141382,141385,3,18
141364,141382,141386,4,18
141364,141383,141385,2,19
141364,141382,141385,3,18
141364,141382,141385,3,18
141364,141382,141386,4,18
141364,141382,141386,4,18
141364,141382,141386,4,18
141364,141384,141386,2,20
141364,141382,141386,4,18
141364,141383,141387,4,19
141364,141385,141387,2,21
141364,141383,141387,4,19
141364,141382,141387,5,18
141364,141382,141386,4,18
141364,141384,141387,3,20
141364,141385,141387,2,21
141364,141385,141387,2,21
141364,141385,141387,2,21
141364,141385,141387,2,21
141364,141385,141387,2,21
141364,141385,141388,3,21
141364,141384,141387,3,20
141364,141384,141387,3,20
141364,141385,141388,3,21
141364,141384,141388,4,20
141364,141385,141388,3,21
141364,141385,141388,3,21
141364,141384,141388,4,20
141364,141385,141388,3,21
141364,141386,141388,2,22
141364,141386,141388,2,22
141364,141386,141388,2,22
141364,141386,141388,2,22
141364,141386,141389,3,22
141364,141386,141389,3,22
141364,141386,141389,3,22
141364,141386,141389,3,22
141364,141384,141389,5,20
141364,141385,141388,3,21
141364,141385,141389,4,21
141364,141386,141389,3,22
141364,141386,141389,3,22
141364,141386,141390,4,22
141364,141386,141406,20,22
140562,140589,141431,842,27
141435,141435,141438,3,0
141435,141435,141438,3,0
141435,141435,141438,3,0
141435,141435,141438,3,0
141435,141435,141438,3,0
141435,141435,141438,3,0
141435,141435,141439,4,0
141435,141435,141439,4,0
141435,141435,141438,3,0
141435,141435,141439,4,0
141435,141435,141438,3,0
141435,141435,141439,4,0
141435,141435,141439,4,0
141435,141435,141439,4,0
141435,141435,141439,4,0
141435,141435,141439,4,0
141435,141435,141439,4,0
141435,141435,141439,4,0
141435,141435,141439,4,0
141435,141435,141439,4,0
141435,141435,141439,4,0
141435,141435,141440,5,0
141435,141435,141440,5,0
141435,141435,141440,5,0
141435,141435,141440,5,0
141435,141435,141440,5,0
141435,141435,141440,5,0
141435,141435,141440,5,0
141435,141435,141440,5,0
141435,141435,141440,5,0
141435,141435,141440,5,0
141435,141435,141439,4,0
141435,141435,141439,4,0
141435,141435,141440,5,0
141435,141435,141440,5,0
141435,141435,141440,5,0
141435,141435,141440,5,0
141435,141435,141440,5,0
141435,141435,141440,5,0
141435,141438,141441,3,3
141435,141435,141440,5,0
141435,141435,141441,6,0
141435,141438,141441,3,3
141435,141438,141442,4,3
141435,141438,141442,4,3
141435,141439,141442,3,4
141435,141438,141442,4,3
141435,141438,141442,4,3
141435,141439,141442,3,4
141435,141440,141443,3,5
141435,141439,141443,4,4
141435,141440,141443,3,5
141435,141439,141443,4,4
141435,141439,141443,4,4
141435,141439,141443,4,4
141435,141439,141443,4,4
141435,141439,141443,4,4
141435,141439,141443,4,4
141435,141439,141443,4,4
141435,141439,141443,4,4
141435,141441,141443,2,6
141435,141439,141443,4,4
141435,141441,141444,3,6
141435,141440,141444,4,5
141435,141440,141444,4,5
141435,141440,141444,4,5
141435,141440,141444,4,5
141435,141440,141444,4,5
141435,141439,141444,5,4
141435,141440,141444,4,5
141435,141439,141444,5,4
141435,141441,141444,3,6
141435,141441,141444,3,6
141435,141441,141445,4,6
141435,141441,141445,4,6
141435,141440,141445,5,5
141435,141440,141445,5,5
141435,141441,141445,4,6
141435,141443,141445,2,8
141435,141440,141445,5,5
141435,141441,141445,4,6
141435,141442,141445,3,7
141435,141444,141446,2,9
141435,141441,141445,4,6
141435,141443,141445,2,8
141435,141443,141446,3,8
141435,141441,141445,4,6
141435,141441,141445,4,6
141435,141441,141446,5,6
141435,141443,141446,3,8
141435,141443,141446,3,8
141435,141443,141446,3,8
141435,141444,141447,3,9
141435,141444,141446,2,9
141435,141444,141446,2,9
141435,141443,141447,4,8
141435,141443,141446,3,8
141435,141444,141446,2,9
141435,141444,141447,3,9
141435,141443,141446,3,8
141435,141444,141447,3,9
141435,141444,141446,2,9
141435,141444,141447,3,9
141435,141443,141447,4,8
141435,141444,141447,3,9
141435,141444,141447,3,9
141435,141444,141447,3,9
141435,141444,141447,3,9
141435,141445,141447,2,10
141435,141445,141447,2,10
141435,141445,141447,2,10
141435,141445,141447,2,10
141435,141445,141448,3,10
140551,140568,141448,880,17
141435,141444,141447,3,9
141435,141445,141448,3,10
141435,141446,141448,2,11
141435,141445,141448,3,10
141435,141445,141448,3,10
141435,141445,141448,3,10
141435,141446,141449,3,11
141449,141449,141451,2,0
141449,141449,141452,3,0
141449,141449,141452,3,0
141449,141449,141452,3,0
141449,141449,141452,3,0
141449,141449,141453,4,0
141449,141449,141453,4,0
141449,141449,141453,4,0
141449,141449,141453,4,0
141449,141449,141453,4,0
141449,141449,141453,4,0
141449,141449,141453,4,0
141449,141449,141453,4,0
141449,141449,141453,4,0
141449,141449,141453,4,0
141449,141449,141452,3,0
141449,141449,141453,4,0
141449,141449,141453,4,0
141449,141449,141453,4,0
141449,141449,141453,4,0
141449,141449,141453,4,0
141449,141449,141453,4,0
141449,141449,141453,4,0
141449,141449,141453,4,0
141449,141449,141453,4,0
141449,141449,141453,4,0
141449,141449,141453,4,0
141449,141449,141453,4,0
141449,141449,141453,4,0
141449,141449,141454,5,0
141449,141449,141454,5,0
141449,141449,141454,5,0
141449,141449,141454,5,0
141449,141449,141453,4,0
141449,141449,141453,4,0
141449,141449,141453,4,0
141449,141449,141454,5,0
141449,141449,141454,5,0
141449,141449,141454,5,0
141449,141449,141454,5,0
141449,141450,141455,5,1
141449,141451,141455,4,2
141449,141452,141455,3,3
141449,141452,141455,3,3
141449,141452,141455,3,3
141449,141453,141456,3,4
141449,141453,141456,3,4
141449,141452,141456,4,3
141449,141453,141456,3,4
141449,141453,141457,4,4
141449,141453,141457,4,4
141449,141453,141457,4,4
141449,141455,141457,2,6
141449,141453,141457,4,4
141449,141454,141457,3,5
141449,141453,141458,5,4
141449,141453,141457,4,4
141449,141456,141457,1,7
141449,141453,141458,5,4
141449,141455,141458,3,6
141449,141456,141457,1,7
141449,141456,141457,1,7
141449,141454,141458,4,5
141449,141454,141457,3,5
141449,141454,141457,3,5
141449,141454,141457,3,5
141449,141454,141457,3,5
141449,141456,141457,1,7
141449,141454,141457,3,5
141449,141454,141457,3,5
141449,141454,141458,4,5
141449,141454,141457,3,5
141449,141455,141458,3,6
141449,141454,141458,4,5
141449,141454,141458,4,5
141449,141454,141458,4,5
141449,141456,141458,2,7
141449,141453,141458,5,4
141449,141453,141458,5,4
141449,141455,141458,3,6
141449,141457,141459,2,8
141449,141453,141458,5,4
141449,141453,141458,5,4
141449,141455,141458,3,6
141449,141455,141458,3,6
141449,141454,141458,4,5
141449,141455,141458,3,6
140559,140579,141458,879,20
141449,141454,141459,5,5
141449,141458,141459,1,9
141449,141458,141459,1,9
141449,141458,141460,2,9
141449,141459,141460,1,10
141449,141458,141460,2,9
141449,141458,141460,2,9
141449,141458,141461,3,9
141449,141457,141460,3,8
141449,141458,141460,2,9
141449,141458,141461,3,9
141449,141457,141461,4,8
141449,141457,141461,4,8
141449,141458,141461,3,9
141449,141458,141461,3,9
141449,141458,141461,3,9
141449,141459,141461,2,10
141449,141458,141461,3,9
141449,141458,141461,3,9
141449,141458,141462,4,9
141449,141458,141461,3,9
141449,141459,141461,2,10
141449,141458,141461,3,9
141449,141458,141461,3,9
141449,141458,141462,4,9
141449,141458,141461,3,9
141449,141458,141462,4,9
141449,141458,141461,3,9
141449,141458,141461,3,9
141449,141458,141461,3,9
141449,141458,141462,4,9
141449,141459,141462,3,10
141449,141459,141462,3,10
140555,140568,141481,913,13
141482,141483,141485,2,1
141482,141483,141486,3,1
141482,141483,141485,2,1
141482,141483,141486,3,1
141482,141483,141486,3,1
141482,141483,141487,4,1
141482,141483,141486,3,1
141482,141483,141487,4,1
141482,141483,141486,3,1
141482,141483,141486,3,1
141482,141483,141486,3,1
141482,141483,141486,3,1
141482,141483,141487,4,1
141482,141483,141486,3,1
141482,141483,141486,3,1
141482,141483,141487,4,1
141482,141483,141486,3,1
141482,141483,141486,3,1
141482,141483,141486,3,1
141482,141483,141486,3,1
141482,141483,141486,3,1
141482,141483,141486,3,1
141482,141483,141486,3,1
141482,141483,141486,3,1
141482,141483,141487,4,1
141482,141483,141487,4,1
141482,141483,141487,4,1
141482,141483,141487,4,1
141482,141483,141487,4,1
141482,141483,141487,4,1
141482,141483,141487,4,1
141482,141483,141488,5,1
141482,141483,141487,4,1
141482,141483,141487,4,1
141482,141483,141487,4,1
141482,141483,141487,4,1
141482,141483,141487,4,1
141482,141483,141487,4,1
141482,141483,141488,5,1
141482,141487,141490,3,5
141482,141486,141489,3,4
141482,141487,141490,3,5
141482,141487,141490,3,5
141482,141487,141490,3,5
141482,141487,141491,4,5
141482,141486,141490,4,4
141482,141487,141491,4,5
141482,141487,141490,3,5
141482,141486,141490,4,4
141482,141488,141491,3,6
141482,141487,141491,4,5
141482,141487,141491,4,5
141482,141487,141490,3,5
141482,141487,141490,3,5
141482,141488,141492,4,6
141482,141487,141491,4,5
141482,141487,141491,4,5
141482,141487,141491,4,5
141482,141488,141491,3,6
141482,141488,141491,3,6
141482,141488,141492,4,6
141482,141488,141492,4,6
141482,141487,141491,4,5
141482,141488,141492,4,6
141482,141488,141491,3,6
141482,141488,141491,3,6
141482,141490,141492,2,8
141482,141487,141491,4,5
141482,141487,141491,4,5
141482,141487,141491,4,5
141482,141487,141491,4,5
141482,141488,141491,3,6
141482,141487,141491,4,5
141482,141487,141491,4,5
141482,141488,141492,4,6
141482,141491,141492,1,9
141482,141491,141492,1,9
141482,141491,141492,1,9
141482,141488,141492,4,6
141482,141490,141493,3,8
141482,141491,141493,2,9
141482,141488,141492,4,6
141482,141488,141492,4,6
141482,141489,141493,4,7
141482,141491,141493,2,9
141482,141491,141494,3,9
141482,141491,141494,3,9
141482,141491,141494,3,9
141482,141491,141494,3,9
141482,141492,141494,2,10
141482,141492,141495,3,10
141482,141492,141494,2,10
141482,141491,141494,3,9
141482,141492,141494,2,10
141482,141492,141495,3,10
141482,141492,141495,3,10
141482,141491,141495,4,9
141482,141492,141495,3,10
141482,141492,141495,3,10
141482,141492,141495,3,10
141482,141492,141495,3,10
141482,141492,141494,2,10
141482,141491,141495,4,9
141482,141491,141494,3,9
141482,141493,141496,3,11
141482,141493,141496,3,11
141482,141492,141495,3,10
141482,141493,141495,2,11
141482,141492,141496,4,10
141482,141492,141495,3,10
141482,141492,141495,3,10
141482,141492,141495,3,10
141482,141492,141495,3,10
141482,141492,141495,3,10
141482,141492,141495,3,10
141497,141497,141500,3,0
141497,141497,141500,3,0
141497,141497,141500,3,0
141497,141497,141500,3,0
141497,141497,141500,3,0
141497,141497,141500,3,0
141497,141497,141501,4,0
141497,141497,141501,4,0
141497,141497,141501,4,0
141497,141497,141500,3,0
141497,141497,141501,4,0
141497,141497,141501,4,0
141497,141497,141501,4,0
141497,141497,141501,4,0
141497,141497,141501,4,0
141497,141497,141501,4,0
141497,141497,141501,4,0
141497,141497,141501,4,0
141497,141497,141501,4,0
141497,141497,141501,4,0
141497,141497,141501,4,0
141497,141497,141501,4,0
141497,141497,141501,4,0
141497,141497,141502,5,0
141497,141497,141502,5,0
141497,141497,141501,4,0
141497,141497,141502,5,0
141497,141497,141502,5,0
141497,141497,141502,5,0
141497,141497,141502,5,0
141497,141497,141502,5,0
141497,141501,141502,1,4
141497,141501,141502,1,4
141497,141497,141503,6,0
141497,141500,141502,2,3
141497,141497,141503,6,0
141497,141500,141503,3,3
141497,141501,141504,3,4
141497,141501,141504,3,4
141497,141502,141505,3,5
141482,141502,141504,2,20
141497,141501,141505,4,4
141497,141501,141505,4,4
141497,141500,141505,5,3
141497,141501,141505,4,4
141497,141500,141505,5,3
141497,141502,141505,3,5
141497,141502,141506,4,5
141497,141502,141505,3,5
141497,141502,141505,3,5
141497,141503,141505,2,6
141497,141502,141505,3,5
141497,141502,141505,3,5
141497,141503,141506,3,6
141482,141502,141505,3,20
141497,141501,141507,6,4
141497,141503,141506,3,6
141497,141503,141506,3,6
141497,141502,141506,4,5
141497,141503,141507,4,6
141497,141502,141506,4,5
141497,141502,141506,4,5
141497,141502,141506,4,5
141497,141503,141506,3,6
141497,141503,141506,3,6
141497,141503,141506,3,6
141497,141503,141506,3,6
141482,141502,141507,5,20
141497,141503,141507,4,6
141497,141503,141507,4,6
141497,141504,141507,3,7
141497,141504,141507,3,7
141497,141504,141507,3,7
141497,141506,141508,2,9
141497,141505,141508,3,8
141497,141505,141508,3,8
141497,141505,141508,3,8
141497,141506,141509,3,9
141497,141506,141508,2,9
141497,141506,141508,2,9
141497,141506,141508,2,9
141497,141506,141508,2,9
141497,141506,141509,3,9
141497,141506,141509,3,9
141497,141505,141509,4,8
141497,141506,141509,3,9
141497,141506,141509,3,9
141497,141506,141509,3,9
141497,141506,141510,4,9
141497,141507,141509,2,10
141497,141507,141509,2,10
141497,141506,141509,3,9
141497,141507,141510,3,10
141497,141507,141510,3,10
141497,141507,141510,3,10
141497,141506,141509,3,9
141497,141507,141510,3,10
141497,141507,141510,3,10
141497,141508,141510,2,11
141497,141508,141510,2,11
141497,141508,141510,2,11
141497,141507,141510,3,10
141497,141507,141510,3,10
141497,141507,141510,3,10
141497,141507,141510,3,10
141497,141507,141511,4,10
141497,141507,141510,3,10
141497,141508,141511,3,11
141497,141509,141512,3,12
141497,141508,141511,3,11
141497,141508,141511,3,11
141497,141508,141511,3,11
141497,141509,141512,3,12
141497,141509,141512,3,12
141497,141508,141511,3,11
141497,141509,141512,3,12
141497,141510,141512,2,13
141497,141509,141512,3,12
141497,141509,141512,3,12
141497,141509,141512,3,12
141482,141492,141495,3,10
141482,141492,141495,3,10
141497,141514,141517,3,17
141497,141514,141517,3,17
141497,141514,141518,4,17
140619,140683,141551,868,64
141555,141555,141557,2,0
141555,141555,141558,3,0
141555,141555,141558,3,0
141555,141555,141559,4,0
141555,141555,141559,4,0
141555,141555,141558,3,0
141555,141555,141558,3,0
141555,141555,141558,3,0
141555,141555,141559,4,0
141555,141555,141558,3,0
141555,141555,141559,4,0
141555,141555,141558,3,0
141555,141555,141558,3,0
141555,141555,141558,3,0
141555,141555,141559,4,0
141555,141555,141558,3,0
141555,141555,141558,3,0
141555,141555,141558,3,0
141555,141555,141558,3,0
141555,141555,141558,3,0
141555,141555,141559,4,0
141555,141555,141558,3,0
141555,141555,141559,4,0
141555,141555,141559,4,0
141555,141555,141558,3,0
141555,141555,141559,4,0
141555,141555,141558,3,0
141555,141555,141558,3,0
141555,141555,141559,4,0
141555,141555,141559,4,0
141555,141555,141559,4,0
141555,141555,141559,4,0
141555,141555,141559,4,0
141555,141555,141560,5,0
141555,141555,141559,4,0
141555,141555,141559,4,0
141555,141555,141560,5,0
141555,141555,141560,5,0
141555,141555,141561,6,0
141555,141555,141560,5,0
141555,141558,141560,2,3
141555,141558,141560,2,3
141555,141555,141561,6,0
141555,141559,141561,2,4
141555,141559,141562,3,4
141555,141559,141562,3,4
141555,141559,141562,3,4
141555,141558,141562,4,3
141555,141559,141562,3,4
141555,141559,141562,3,4
141555,141560,141562,2,5
141555,141559,141562,3,4
141555,141559,141563,4,4
141555,141559,141562,3,4
141555,141559,141562,3,4
141555,141559,141562,3,4
141555,141561,141563,2,6
141555,141561,141563,2,6
141555,141559,141563,4,4
141555,141559,141563,4,4
141555,141559,141562,3,4
141555,141560,141563,3,5
141555,141559,141562,3,4
141555,141559,141562,3,4
141555,141559,141563,4,4
141555,141559,141563,4,4
141555,141559,141563,4,4
141555,141559,141563,4,4
141555,141559,141563,4,4
141555,141560,141562,2,5
141555,141559,141563,4,4
141555,141559,141563,4,4
141555,141560,141563,3,5
141555,141559,141563,4,4
141555,141559,141563,4,4
141555,141561,141564,3,6
141555,141561,141564,3,6
141555,141560,141564,4,5
141555,141560,141564,4,5
141555,141560,141564,4,5
141555,141560,141563,3,5
141555,141562,141564,2,7
141555,141561,141564,3,6
141555,141562,141564,2,7
141555,141560,141564,4,5
141555,141561,141564,3,6
141555,141562,141564,2,7
141555,141562,141565,3,7
141555,141562,141565,3,7
141555,141563,141565,2,8
141555,141562,141565,3,7
141555,141563,141565,2,8
141555,141563,141565,2,8
141555,141563,141565,2,8
141555,141563,141566,3,8
141555,141563,141566,3,8
141555,141563,141566,3,8
141555,141563,141566,3,8
141555,141563,141566,3,8
141555,141563,141566,3,8
141555,141563,141566,3,8
141555,141563,141566,3,8
141555,141563,141566,3,8
141555,141563,141566,3,8
141555,141563,141566,3,8
141555,141563,141566,3,8
141555,141563,141566,3,8
141555,141562,141566,4,7
141555,141562,141565,3,7
141555,141563,141565,2,8
141555,141564,141567,3,9
141555,141563,141566,3,8
141555,141564,141566,2,9
141555,141564,141566,2,9
141555,141564,141567,3,9
141555,141564,141566,2,9
141555,141564,141566,2,9
141555,141563,141567,4,8
141555,141563,141567,4,8
141555,141564,141567,3,9
140714,140749,141624,875,35
141625,141625,141628,3,0
141625,141625,141628,3,0
141625,141625,141628,3,0
141625,141625,141628,3,0
141625,141625,141628,3,0
141625,141625,141628,3,0
141625,141626,141629,3,1
141625,141625,141629,4,0
141625,141625,141629,4,0
141625,141625,141629,4,0
141625,141625,141629,4,0
141625,141625,141629,4,0
141625,141625,141629,4,0
141625,141625,141629,4,0
141625,141625,141629,4,0
141625,141625,141629,4,0
141625,141625,141629,4,0
141625,141625,141629,4,0
141625,141625,141629,4,0
141625,141625,141629,4,0
141625,141625,141629,4,0
141625,141625,141629,4,0
141625,141625,141630,5,0
141625,141625,141630,5,0
141625,141628,141630,2,3
141625,141625,141630,5,0
141625,141625,141630,5,0
141625,141625,141630,5,0
141625,141625,141630,5,0
141625,141625,141630,5,0
141625,141625,141630,5,0
141625,141625,141630,5,0
141625,141625,141630,5,0
141625,141625,141630,5,0
141625,141625,141630,5,0
141625,141625,141630,5,0
141625,141625,141630,5,0
141625,141625,141630,5,0
141625,141625,141630,5,0
141625,141625,141630,5,0
141625,141625,141630,5,0
141625,141625,141630,5,0
141625,141628,141631,3,3
141625,141629,141632,3,4
141625,141628,141632,4,3
141625,141630,141632,2,5
141625,141630,141632,2,5
141625,141630,141632,2,5
141625,141630,141632,2,5
141625,141630,141632,2,5
141625,141630,141632,2,5
141625,141631,141633,2,6
141625,141629,141632,3,4
141625,141631,141633,2,6
141625,141629,141633,4,4
141625,141631,141633,2,6
141625,141631,141633,2,6
141625,141630,141633,3,5
141625,141631,141634,3,6
141625,141630,141633,3,5
141625,141630,141633,3,5
141625,141630,141634,4,5
141625,141630,141634,4,5
141625,141631,141633,2,6
141625,141629,141633,4,4
141625,141630,141633,3,5
141625,141631,141633,2,6
141625,141630,141634,4,5
141625,141630,141633,3,5
141625,141631,141633,2,6
141625,141631,141633,2,6
141625,141631,141634,3,6
141625,141631,141634,3,6
141625,141631,141634,3,6
141625,141631,141634,3,6
141625,141631,141634,3,6
141625,141631,141634,3,6
141625,141633,141635,2,8
141625,141631,141634,3,6
141625,141631,141634,3,6
141625,141633,141635,2,8
141625,141631,141635,4,6
141625,141632,141635,3,7
141625,141630,141634,4,5
141625,141633,141635,2,8
141625,141631,141635,4,6
141625,141633,141635,2,8
141625,141631,141635,4,6
141625,141632,141635,3,7
141625,141633,141635,2,8
141625,141633,141635,2,8
141625,141633,141635,2,8
141625,141634,141636,2,9
141625,141634,141636,2,9
141625,141635,141636,1,10
141625,141635,141637,2,10
141625,141635,141636,1,10
141625,141633,141636,3,8
141625,141634,141636,2,9
141625,141634,141637,3,9
141625,141634,141636,2,9
141625,141634,141637,3,9
141625,141633,141636,3,8
141625,141633,141636,3,8
141625,141634,141637,3,9
141625,141634,141637,3,9
141625,141634,141637,3,9
141625,141634,141637,3,9
141625,141635,141637,2,10
141625,141635,141637,2,10
141625,141634,141637,3,9
141625,141634,141637,3,9
141625,141635,141638,3,10
141625,141635,141637,2,10
141625,141634,141637,3,9
141625,141634,141637,3,9
141625,141634,141637,3,9
141625,141634,141637,3,9
141625,141634,141637,3,9
141625,141635,141638,3,10
140781,140822,141724,902,41
141726,141727,141728,1,1
141726,141727,141728,1,1
141726,141727,141728,1,1
141726,141727,141729,2,1
141726,141727,141729,2,1
141726,141727,141729,2,1
141726,141727,141729,2,1
141726,141727,141730,3,1
141726,141727,141730,3,1
141726,141727,141730,3,1
141726,141727,141730,3,1
141726,141727,141730,3,1
141726,141727,141730,3,1
141726,141727,141730,3,1
141726,141727,141730,3,1
141726,141727,141730,3,1
141726,141727,141730,3,1
141726,141727,141731,4,1
141726,141727,141730,3,1
141726,141727,141730,3,1
141726,141727,141730,3,1
141726,141727,141731,4,1
141726,141727,141731,4,1
141726,141727,141731,4,1
141726,141727,141731,4,1
141726,141727,141731,4,1
141726,141727,141731,4,1
141726,141727,141731,4,1
141726,141727,141731,4,1
141726,141727,141731,4,1
141726,141727,141731,4,1
141726,141729,141731,2,3
141726,141727,141731,4,1
141726,141727,141731,4,1
141726,141727,141731,4,1
141726,141727,141731,4,1
141726,141727,141731,4,1
141726,141727,141731,4,1
141726,141727,141731,4,1
141726,141727,141732,5,1
141726,141727,141731,4,1
141726,141727,141732,5,1
141726,141729,141732,3,3
141726,141730,141732,2,4
141726,141730,141732,2,4
141726,141730,141733,3,4
141726,141731,141733,2,5
141726,141731,141733,2,5
141726,141730,141733,3,4
141726,141730,141733,3,4
141726,141731,141734,3,5
141726,141731,141734,3,5
141726,141731,141733,2,5
141726,141729,141733,4,3
141726,141732,141734,2,6
141726,141731,141735,4,5
141726,141731,141734,3,5
141726,141732,141735,3,6
141726,141732,141734,2,6
141726,141731,141734,3,5
141726,141731,141734,3,5
141726,141732,141735,3,6
141726,141731,141734,3,5
141726,141731,141735,4,5
141726,141731,141735,4,5
141726,141731,141735,4,5
141726,141732,141734,2,6
141726,141732,141734,2,6
141726,141731,141734,3,5
141726,141732,141735,3,6
141726,141732,141734,2,6
141726,141732,141735,3,6
141726,141732,141734,2,6
141726,141732,141734,2,6
141726,141733,141736,3,7
141726,141732,141735,3,6
141726,141732,141735,3,6
141726,141734,141736,2,8
141726,141732,141735,3,6
141726,141732,141735,3,6
141726,141732,141735,3,6
141726,141732,141736,4,6
141726,141733,141736,3,7
141726,141733,141735,2,7
141726,141733,141735,2,7
141726,141733,141735,2,7
141726,141734,141736,2,8
141726,141732,141736,4,6
141726,141734,141736,2,8
141726,141732,141736,4,6
141726,141734,141737,3,8
141726,141734,141736,2,8
141726,141734,141736,2,8
141726,141735,141737,2,9
141726,141735,141737,2,9
141726,141735,141737,2,9
141726,141735,141737,2,9
141726,141735,141738,3,9
141726,141735,141737,2,9
141726,141734,141738,4,8
141726,141735,141738,3,9
141726,141735,141738,3,9
141726,141734,141738,4,8
141726,141735,141738,3,9
141726,141735,141738,3,9
141726,141735,141738,3,9
141726,141735,141738,3,9
141726,141735,141738,3,9
141726,141735,141738,3,9
141726,141735,141738,3,9
141726,141735,141738,3,9
141726,141735,141737,2,9
141726,141736,141738,2,10
141726,141735,141738,3,9
141726,141736,141738,2,10
141726,141736,141739,3,10
141726,141736,141738,2,10
141726,141735,141738,3,9
141726,141736,141738,2,10
141726,141734,141738,4,8
140855,140875,141740,865,20
141773,141773,141774,1,0
141773,141773,141774,1,0
141773,141773,141774,1,0
141773,141773,141775,2,0
141773,141773,141775,2,0
141773,141773,141775,2,0
141773,141773,141775,2,0
141773,141773,141775,2,0
141773,141773,141775,2,0
141773,141773,141776,3,0
141773,141773,141776,3,0
141773,141773,141776,3,0
141773,141774,141777,3,1
141773,141773,141776,3,0
141773,141773,141776,3,0
141773,141773,141777,4,0
141773,141773,141776,3,0
141773,141773,141776,3,0
141773,141773,141776,3,0
141773,141773,141776,3,0
141773,141773,141776,3,0
141773,141773,141776,3,0
141773,141773,141777,4,0
141773,141773,141776,3,0
141773,141773,141776,3,0
141773,141773,141777,4,0
141773,141773,141777,4,0
141773,141773,141776,3,0
141773,141773,141777,4,0
141773,141773,141777,4,0
141773,141773,141777,4,0
141773,141773,141778,5,0
141773,141773,141777,4,0
141773,141773,141777,4,0
141773,141773,141777,4,0
141773,141773,141777,4,0
141773,141773,141777,4,0
141773,141773,141777,4,0
141773,141775,141777,2,2
141773,141776,141778,2,3
141773,141776,141778,2,3
141773,141775,141778,3,2
141773,141776,141778,2,3
141773,141776,141779,3,3
141773,141776,141779,3,3
141773,141776,141778,2,3
141773,141775,141779,4,2
141773,141776,141778,2,3
141773,141777,141779,2,4
141773,141777,141780,3,4
141773,141775,141779,4,2
141773,141777,141780,3,4
141773,141777,141780,3,4
141773,141778,141780,2,5
141773,141777,141780,3,4
141773,141778,141780,2,5
141773,141777,141780,3,4
141773,141777,141781,4,4
141773,141777,141781,4,4
141773,141777,141781,4,4
141773,141777,141781,4,4
141773,141777,141781,4,4
141773,141777,141781,4,4
141773,141778,141780,2,5
141773,141778,141780,2,5
141773,141779,141781,2,6
141773,141777,141781,4,4
141773,141777,141780,3,4
141773,141777,141780,3,4
141773,141778,141780,2,5
141773,141779,141781,2,6
141773,141777,141780,3,4
141773,141777,141780,3,4
141773,141777,141781,4,4
141773,141778,141781,3,5
141773,141779,141782,3,6
141773,141779,141782,3,6
141773,141778,141782,4,5
141773,141778,141782,4,5
141773,141778,141781,3,5
141773,141779,141782,3,6
141773,141780,141782,2,7
141773,141777,141781,4,4
141773,141779,141782,3,6
141773,141780,141783,3,7
141773,141780,141783,3,7
141773,141779,141782,3,6
141773,141779,141782,3,6
141773,141780,141783,3,7
141773,141780,141783,3,7
141773,141780,141783,3,7
141773,141781,141783,2,8
141773,141781,141783,2,8
141773,141780,141783,3,7
141773,141781,141783,2,8
141773,141781,141783,2,8
141773,141780,141783,3,7
141773,141780,141784,4,7
141773,141781,141783,2,8
141773,141781,141784,3,8
141773,141781,141783,2,8
141773,141781,141784,3,8
141773,141781,141784,3,8
141773,141781,141784,3,8
141773,141781,141783,2,8
141773,141781,141784,3,8
141773,141781,141784,3,8
141773,141781,141784,3,8
141773,141781,141784,3,8
141773,141782,141785,3,9
141773,141782,141784,2,9
141773,141781,141785,4,8
141773,141782,141785,3,9
141773,141782,141784,2,9
141773,141781,141784,3,8
141773,141781,141784,3,8
141773,141774,141778,4,1
141773,141774,141777,3,1
141773,141774,141777,3,1
141773,141793,141795,2,20
141030,141038,141819,781,8
140914,140928,141823,895,14
141827,141827,141829,2,0
141827,141827,141829,2,0
141827,141827,141829,2,0
141827,141827,141830,3,0
141827,141827,141829,2,0
141827,141827,141830,3,0
141827,141827,141830,3,0
141827,141827,141829,2,0
141827,141827,141829,2,0
141827,141827,141830,3,0
141827,141827,141829,2,0
141827,141827,141830,3,0
141827,141827,141831,4,0
141827,141827,141831,4,0
141827,141827,141831,4,0
141827,141827,141831,4,0
141827,141827,141831,4,0
141827,141827,141830,3,0
141827,141827,141831,4,0
141827,141827,141831,4,0
141827,141827,141831,4,0
141827,141827,141830,3,0
141827,141827,141831,4,0
141827,141827,141830,3,0
141827,141827,141830,3,0
141827,141827,141831,4,0
141827,141827,141831,4,0
141827,141827,141831,4,0
141827,141827,141832,5,0
141827,141827,141832,5,0
141827,141827,141831,4,0
141827,141827,141831,4,0
141827,141827,141831,4,0
141827,141827,141831,4,0
141827,141827,141831,4,0
141827,141827,141831,4,0
141827,141827,141831,4,0
141827,141827,141831,4,0
141827,141829,141832,3,2
141827,141827,141831,4,0
141827,141830,141833,3,3
141827,141830,141833,3,3
141827,141830,141832,2,3
141827,141830,141833,3,3
141827,141830,141832,2,3
141827,141830,141833,3,3
141827,141830,141833,3,3
141827,141830,141833,3,3
141827,141830,141833,3,3
141827,141831,141834,3,4
141827,141829,141834,5,2
141827,141831,141834,3,4
141827,141831,141834,3,4
141827,141831,141834,3,4
141827,141831,141834,3,4
141827,141831,141834,3,4
141827,141832,141835,3,5
141827,141831,141834,3,4
141827,141831,141835,4,4
141827,141832,141835,3,5
141827,141832,141835,3,5
141827,141831,141835,4,4
141827,141831,141835,4,4
141827,141832,141835,3,5
141827,141832,141835,3,5
141827,141832,141835,3,5
141827,141831,141835,4,4
141827,141832,141835,3,5
141827,141832,141834,2,5
141827,141832,141835,3,5
141827,141831,141835,4,4
141827,141831,141835,4,4
141827,141832,141835,3,5
141827,141832,141835,3,5
141827,141832,141836,4,5
141827,141833,141836,3,6
141827,141833,141836,3,6
141827,141833,141836,3,6
141827,141832,141835,3,5
141827,141832,141836,4,5
141827,141832,141836,4,5
141827,141831,141836,5,4
141827,141833,141837,4,6
141827,141834,141837,3,7
141827,141834,141837,3,7
141827,141833,141837,4,6
141827,141833,141837,4,6
141827,141833,141837,4,6
141827,141833,141837,4,6
141827,141835,141837,2,8
141827,141836,141837,1,9
141827,141836,141838,2,9
141827,141834,141837,3,7
141827,141833,141838,5,6
141827,141835,141838,3,8
141827,141835,141838,3,8
141827,141835,141838,3,8
141827,141835,141838,3,8
141827,141834,141838,4,7
141827,141835,141838,3,8
141827,141836,141838,2,9
141827,141836,141838,2,9
141827,141836,141838,2,9
141827,141834,141838,4,7
141827,141835,141838,3,8
141827,141836,141838,2,9
141827,141836,141838,2,9
141827,141836,141839,3,9
141827,141836,141839,3,9
141827,141836,141839,3,9
141827,141835,141839,4,8
141827,141836,141839,3,9
141827,141836,141839,3,9
141827,141836,141839,3,9
141827,141835,141839,4,8
141827,141836,141839,3,9
141827,141836,141839,3,9
141827,141837,141839,2,10
141827,141837,141840,3,10
141827,141837,141840,3,10
141827,141837,141841,4,10
141827,141838,141841,3,11
141827,141838,141841,3,11
140932,140937,141840,903,5
141827,141838,141841,3,11
141827,141837,141841,4,10
141827,141839,141841,2,12
141827,141838,141841,3,11
141827,141840,141841,1,13
141827,141840,141841,1,13
141827,141838,141841,3,11
141827,141838,141841,3,11
141827,141838,141841,3,11
141827,141838,141841,3,11
141827,141839,141842,3,12
141827,141838,141842,4,11
141827,141838,141841,3,11
141827,141837,141842,5,10
141827,141840,141842,2,13
141827,141838,141842,4,11
141827,141839,141842,3,12
141827,141839,141842,3,12
141827,141839,141842,3,12
141827,141841,141843,2,14
141827,141839,141842,3,12
141827,141840,141843,3,13
141827,141839,141843,4,12
141827,141840,141842,2,13
141827,141840,141843,3,13
141827,141841,141843,2,14
141827,141839,141842,3,12
141827,141839,141842,3,12
141827,141841,141843,2,14
141827,141841,141842,1,14
141827,141841,141842,1,14
141827,141841,141843,2,14
141827,141841,141843,2,14
141827,141839,141843,4,12
141827,141840,141843,3,13
141827,141840,141843,3,13
141827,141839,141843,4,12
141827,141842,141844,2,15
141827,141839,141843,4,12
141827,141840,141844,4,13
141827,141842,141843,1,15
141827,141840,141844,4,13
141827,141840,141843,3,13
141827,141842,141844,2,15
141827,141842,141844,2,15
141827,141841,141844,3,14
141827,141842,141844,2,15
141827,141842,141844,2,15
141827,141841,141845,4,14
141827,141843,141845,2,16
141827,141843,141845,2,16
141827,141842,141845,3,15
141827,141842,141845,3,15
141827,141843,141846,3,16
141827,141843,141845,2,16
141827,141843,141845,2,16
141827,141843,141846,3,16
141827,141841,141845,4,14
141827,141842,141845,3,15
141827,141842,141846,4,15
141827,141842,141846,4,15
141827,141842,141846,4,15
141827,141843,141846,3,16
141827,141843,141846,3,16
141827,141843,141847,4,16
141827,141843,141846,3,16
141827,141843,141846,3,16
141827,141843,141846,3,16
141827,141844,141847,3,17
141827,141844,141847,3,17
141827,141843,141846,3,16
141827,141844,141847,3,17
141827,141844,141847,3,17
141827,141844,141847,3,17
141827,141843,141847,4,16
141827,141843,141847,4,16
141827,141843,141847,4,16
141827,141843,141847,4,16
141827,141843,141847,4,16
141827,141843,141847,4,16
141827,141843,141847,4,16
141827,141844,141847,3,17
141827,141844,141847,3,17
141827,141843,141847,4,16
141827,141844,141847,3,17
141827,141844,141847,3,17
141827,141844,141847,3,17
141827,141844,141848,4,17
141827,141845,141848,3,18
141827,141844,141847,3,17
141827,141845,141848,3,18
141827,141846,141848,2,19
141827,141846,141848,2,19
141827,141846,141848,2,19
141827,141847,141849,2,20
141827,141846,141849,3,19
141827,141846,141849,3,19
141827,141846,141849,3,19
141827,141846,141849,3,19
141827,141846,141849,3,19
141827,141846,141849,3,19
141827,141846,141850,4,19
141827,141847,141849,2,20
141827,141847,141849,2,20
141827,141846,141849,3,19
141827,141847,141850,3,20
141827,141847,141849,2,20
141827,141847,141850,3,20
141827,141847,141849,2,20
141827,141847,141850,3,20
141827,141847,141850,3,20
141827,141846,141850,4,19
141845,141847,141850,3,2
141845,141847,141850,3,2
141845,141847,141850,3,2
141827,141847,141850,3,20
141827,141847,141850,3,20
141827,141847,141850,3,20
141827,141847,141850,3,20
141845,141848,141851,3,3
141845,141848,141851,3,3
141845,141847,141851,4,2
141827,141847,141851,4,20
141845,141849,141851,2,4
141845,141847,141851,4,2
141845,141847,141851,4,2
141845,141847,141851,4,2
141845,141848,141851,3,3
141845,141848,141852,4,3
141845,141848,141851,3,3
141845,141848,141852,4,3
141845,141850,141852,2,5
141845,141850,141852,2,5
141845,141850,141851,1,5
141845,141850,141851,1,5
141845,141850,141852,2,5
141845,141849,141852,3,4
141845,141849,141852,3,4
141845,141850,141852,2,5
141845,141850,141852,2,5
141845,141850,141852,2,5
141845,141849,141852,3,4
141845,141851,141852,1,6
141845,141849,141852,3,4
141845,141851,141852,1,6
141845,141848,141852,4,3
141845,141851,141853,2,6
141845,141849,141852,3,4
141845,141849,141853,4,4
141845,141849,141853,4,4
141845,141849,141853,4,4
141845,141850,141853,3,5
141845,141851,141854,3,6
141845,141852,141854,2,7
141845,141852,141854,2,7
141845,141852,141853,1,7
141845,141851,141854,3,6
141845,141850,141854,4,5
141845,141849,141853,4,4
141845,141852,141854,2,7
141845,141852,141854,2,7
141845,141852,141854,2,7
141845,141853,141855,2,8
141845,141850,141854,4,5
141845,141851,141854,3,6
141845,141852,141854,2,7
141845,141851,141854,3,6
141845,141850,141854,4,5
141845,141851,141855,4,6
141845,141852,141855,3,7
141845,141852,141855,3,7
141845,141853,141855,2,8
141845,141853,141855,2,8
141845,141853,141855,2,8
141845,141853,141855,2,8
141845,141853,141856,3,8
141845,141853,141856,3,8
141845,141853,141856,3,8
141845,141851,141855,4,6
141845,141853,141855,2,8
141845,141853,141856,3,8
141845,141853,141855,2,8
141845,141853,141856,3,8
141845,141852,141856,4,7
141845,141852,141856,4,7
141845,141852,141856,4,7
141845,141852,141856,4,7
141845,141853,141856,3,8
141845,141855,141856,1,10
141845,141855,141857,2,10
141845,141853,141857,4,8
141845,141854,141856,2,9
141845,141853,141857,4,8
141845,141853,141857,4,8
141845,141853,141857,4,8
141845,141854,141857,3,9
141845,141854,141857,3,9
141845,141852,141857,5,7
141845,141855,141858,3,10
141845,141855,141857,2,10
141845,141854,141857,3,9
141845,141854,141857,3,9
141845,141855,141858,3,10
141845,141855,141858,3,10
141845,141855,141858,3,10
141845,141854,141858,4,9
141845,141855,141858,3,10
141845,141856,141858,2,11
141845,141854,141858,4,9
141845,141856,141859,3,11
141845,141856,141859,3,11
141845,141856,141859,3,11
141845,141856,141859,3,11
141845,141856,141859,3,11
141845,141856,141858,2,11
141845,141856,141859,3,11
141845,141855,141858,3,10
141845,141856,141859,3,11
141845,141855,141858,3,10
141845,141855,141859,4,10
141845,141855,141859,4,10
141845,141856,141859,3,11
141845,141856,141859,3,11
141845,141856,141859,3,11
141845,141856,141859,3,11
141845,141857,141859,2,12
141845,141857,141860,3,12
141845,141857,141860,3,12
141845,141857,141859,2,12
141845,141856,141860,4,11
141845,141856,141859,3,11
141845,141857,141860,3,12
141845,141857,141860,3,12
141845,141857,141860,3,12
141845,141856,141860,4,11
141845,141857,141860,3,12
141845,141857,141861,4,12
140985,140993,141861,868,8
140997,140997,141888,891,0
141049,141049,141904,855,0
141903,141903,141905,2,0
141903,141903,141905,2,0
141903,141903,141905,2,0
141903,141903,141905,2,0
141903,141903,141905,2,0
141903,141903,141905,2,0
141903,141903,141905,2,0
141903,141903,141906,3,0
141903,141903,141905,2,0
141903,141903,141906,3,0
141903,141903,141906,3,0
141903,141903,141907,4,0
141903,141903,141907,4,0
141903,141903,141906,3,0
141903,141903,141907,4,0
141903,141903,141906,3,0
141903,141903,141907,4,0
141903,141903,141907,4,0
141903,141903,141906,3,0
141903,141903,141906,3,0
141903,141903,141907,4,0
141903,141903,141907,4,0
141903,141903,141907,4,0
141903,141903,141907,4,0
141903,141903,141906,3,0
141903,141903,141906,3,0
141903,141903,141906,3,0
141903,141903,141907,4,0
141903,141903,141907,4,0
141903,141903,141907,4,0
141903,141903,141907,4,0
141903,141903,141907,4,0
141903,141904,141907,3,1
141903,141903,141907,4,0
141903,141903,141907,4,0
141903,141903,141907,4,0
141903,141903,141907,4,0
141903,141903,141907,4,0
141903,141903,141908,5,0
141903,141905,141908,3,2
141903,141905,141908,3,2
141903,141903,141907,4,0
141903,141903,141908,5,0
141903,141903,141907,4,0
141903,141903,141907,4,0
141903,141905,141909,4,2
141903,141905,141908,3,2
141903,141906,141909,3,3
141903,141905,141909,4,2
141903,141905,141908,3,2
141903,141906,141909,3,3
141903,141906,141909,3,3
141903,141907,141910,3,4
141903,141905,141909,4,2
141903,141907,141910,3,4
141903,141907,141910,3,4
141903,141907,141910,3,4
141903,141907,141910,3,4
141903,141907,141910,3,4
141903,141907,141909,2,4
141903,141907,141910,3,4
141903,141907,141910,3,4
141903,141906,141909,3,3
141903,141907,141910,3,4
141903,141907,141910,3,4
141903,141907,141910,3,4
141903,141907,141910,3,4
141903,141907,141911,4,4
141903,141907,141910,3,4
141903,141908,141911,3,5
141903,141908,141911,3,5
141903,141908,141911,3,5
141903,141908,141911,3,5
141903,141907,141911,4,4
141903,141907,141911,4,4
141903,141907,141910,3,4
141903,141908,141910,2,5
141903,141908,141911,3,5
141903,141908,141912,4,5
141903,141908,141912,4,5
141903,141908,141912,4,5
141903,141908,141912,4,5
141903,141908,141912,4,5
141903,141908,141912,4,5
141903,141908,141912,4,5
141903,141909,141912,3,6
141903,141907,141911,4,4
141903,141909,141912,3,6
141903,141910,141912,2,7
141903,141910,141912,2,7
141903,141910,141912,2,7
141903,141908,141912,4,5
141903,141908,141912,4,5
141903,141909,141912,3,6
141903,141909,141912,3,6
141903,141910,141913,3,7
141903,141910,141913,3,7
141903,141910,141913,3,7
141903,141910,141913,3,7
141903,141911,141913,2,8
141903,141909,141913,4,6
141903,141909,141913,4,6
141903,141910,141913,3,7
141903,141910,141913,3,7
141903,141910,141913,3,7
141903,141909,141913,4,6
141903,141910,141913,3,7
141903,141911,141914,3,8
140995,140995,141913,918,0
141903,141910,141913,3,7
141903,141911,141914,3,8
141903,141911,141914,3,8
141903,141910,141913,3,7
141903,141911,141914,3,8
141903,141910,141914,4,7
141903,141911,141914,3,8
141903,141911,141915,4,8
141903,141911,141914,3,8
141903,141912,141914,2,9
141903,141911,141914,3,8
141903,141912,141915,3,9
141903,141912,141915,3,9
141903,141912,141916,4,9
141903,141912,141915,3,9
141903,141911,141915,4,8
141903,141912,141915,3,9
141903,141913,141916,3,10
141903,141913,141916,3,10
141903,141914,141916,2,11
141903,141914,141916,2,11
141903,141914,141916,2,11
141903,141914,141915,1,11
141903,141912,141916,4,9
141903,141912,141916,4,9
141903,141912,141916,4,9
141903,141914,141916,2,11
141903,141912,141916,4,9
141903,141912,141916,4,9
141903,141914,141916,2,11
141903,141914,141917,3,11
141903,141913,141916,3,10
141903,141913,141916,3,10
141903,141913,141916,3,10
141903,141913,141916,3,10
141903,141913,141916,3,10
141903,141913,141916,3,10
141903,141914,141916,2,11
141903,141913,141917,4,10
141903,141913,141916,3,10
141903,141913,141916,3,10
141903,141913,141917,4,10
141903,141915,141918,3,12
141903,141913,141917,4,10
141903,141915,141917,2,12
141903,141914,141917,3,11
141903,141915,141917,2,12
141903,141915,141917,2,12
141903,141915,141917,2,12
141903,141915,141918,3,12
141903,141916,141918,2,13
141903,141916,141918,2,13
141903,141913,141918,5,10
141903,141913,141918,5,10
141903,141915,141918,3,12
141903,141916,141918,2,13
141903,141915,141918,3,12
141903,141916,141918,2,13
141903,141916,141918,2,13
141903,141917,141919,2,14
141903,141917,141920,3,14
141903,141917,141920,3,14
141903,141916,141919,3,13
141903,141916,141919,3,13
141903,141916,141919,3,13
141903,141916,141919,3,13
141903,141917,141920,3,14
141903,141917,141919,2,14
141903,141916,141920,4,13
141903,141916,141920,4,13
141903,141916,141919,3,13
141903,141917,141920,3,14
141903,141918,141921,3,15
141903,141917,141920,3,14
141903,141918,141921,3,15
141903,141918,141921,3,15
141903,141918,141921,3,15
141903,141916,141920,4,13
141903,141917,141920,3,14
141903,141917,141920,3,14
141903,141917,141920,3,14
141903,141917,141921,4,14
141903,141918,141921,3,15
141903,141917,141921,4,14
141903,141917,141921,4,14
141903,141918,141921,3,15
141903,141917,141921,4,14
141903,141917,141921,4,14
141903,141918,141921,3,15
141903,141917,141921,4,14
141903,141918,141922,4,15
141903,141919,141921,2,16
141903,141918,141921,3,15
141903,141920,141922,2,17
141903,141920,141922,2,17
141903,141917,141921,4,14
141903,141918,141922,4,15
141903,141919,141922,3,16
141903,141917,141921,4,14
141903,141919,141922,3,16
141903,141920,141923,3,17
141903,141919,141922,3,16
141903,141920,141923,3,17
141903,141919,141922,3,16
141903,141920,141922,2,17
141903,141919,141922,3,16
141903,141921,141923,2,18
141035,141047,141923,876,12
141903,141920,141922,2,17
141903,141921,141923,2,18
141903,141920,141923,3,17
141903,141920,141923,3,17
141903,141920,141923,3,17
141903,141920,141923,3,17
141903,141920,141923,3,17
141903,141921,141924,3,18
141903,141919,141923,4,16
141903,141921,141923,2,18
141903,141921,141923,2,18
140976,140993,141923,930,17
141903,141921,141924,3,18
141903,141921,141923,2,18
141903,141921,141923,2,18
141903,141921,141924,3,18
141903,141921,141924,3,18
141903,141921,141923,2,18
141903,141921,141924,3,18
141903,141921,141924,3,18
141903,141921,141924,3,18
141903,141922,141924,2,19
141903,141922,141924,2,19
141903,141920,141924,4,17
141903,141920,141924,4,17
141903,141921,141924,3,18
141915,141922,141925,3,7
141915,141922,141925,3,7
141043,141047,141925,878,4
141915,141922,141926,4,7
141915,141922,141925,3,7
141915,141924,141926,2,9
141915,141922,141925,3,7
141915,141922,141926,4,7
141915,141923,141926,3,8
141915,141924,141926,2,9
141915,141923,141926,3,8
141915,141924,141925,1,9
141915,141924,141925,1,9
141915,141924,141926,2,9
141915,141924,141926,2,9
141915,141922,141926,4,7
141915,141922,141926,4,7
141915,141922,141926,4,7
141915,141922,141926,4,7
141915,141923,141927,4,8
141915,141923,141926,3,8
141915,141924,141927,3,9
141915,141924,141927,3,9
141915,141924,141927,3,9
141915,141923,141926,3,8
141915,141924,141926,2,9
141915,141924,141926,2,9
141915,141923,141926,3,8
141915,141923,141926,3,8
141915,141924,141926,2,9
141915,141923,141927,4,8
141915,141923,141927,4,8
141915,141923,141926,3,8
141915,141924,141927,3,9
141915,141924,141927,3,9
141915,141923,141927,4,8
141915,141923,141927,4,8
141915,141923,141927,4,8
141915,141924,141928,4,9
141915,141923,141927,4,8
141915,141926,141928,2,11
141915,141924,141928,4,9
141915,141927,141929,2,12
141915,141925,141928,3,10
141915,141925,141929,4,10
141915,141925,141929,4,10
141915,141925,141929,4,10
141915,141926,141929,3,11
141915,141925,141929,4,10
141915,141926,141929,3,11
141915,141926,141929,3,11
141915,141926,141929,3,11
141915,141926,141929,3,11
141915,141926,141929,3,11
141915,141926,141929,3,11
141915,141927,141930,3,12
141915,141925,141930,5,10
141915,141927,141930,3,12
141915,141927,141930,3,12
141915,141926,141930,4,11
141915,141926,141929,3,11
141915,141928,141930,2,13
141915,141925,141930,5,10
141915,141926,141930,4,11
141915,141926,141930,4,11
141915,141928,141930,2,13
141915,141926,141930,4,11
141915,141926,141930,4,11
141915,141927,141930,3,12
141915,141928,141931,3,13
141915,141928,141931,3,13
141915,141927,141930,3,12
141915,141927,141931,4,12
141915,141927,141931,4,12
141915,141927,141931,4,12
141915,141927,141931,4,12
141915,141927,141931,4,12
141915,141928,141931,3,13
141915,141928,141931,3,13
141915,141929,141931,2,14
141915,141927,141932,5,12
141915,141930,141931,1,15
141915,141928,141931,3,13
141915,141928,141931,3,13
141915,141928,141931,3,13
141915,141929,141931,2,14
141915,141929,141932,3,14
141915,141927,141931,4,12
141915,141927,141931,4,12
141915,141929,141932,3,14
141915,141930,141932,2,15
141915,141931,141932,1,16
141915,141930,141932,2,15
141915,141931,141933,2,16
141915,141930,141932,2,15
141915,141930,141932,2,15
141915,141929,141933,4,14
141915,141929,141933,4,14
141915,141929,141933,4,14
141915,141930,141933,3,15
141915,141927,141932,5,12
141915,141929,141933,4,14
141915,141929,141933,4,14
141915,141930,141933,3,15
141915,141930,141933,3,15
141915,141931,141933,2,16
141915,141931,141933,2,16
141915,141931,141933,2,16
141915,141931,141933,2,16
141915,141931,141934,3,16
141915,141930,141933,3,15
141915,141931,141933,2,16
141915,141931,141934,3,16
141915,141930,141933,3,15
141915,141930,141933,3,15
141915,141931,141934,3,16
141915,141931,141934,3,16
141915,141931,141934,3,16
141915,141929,141933,4,14
141915,141931,141934,3,16
141916,141932,141935,3,16
141915,141931,141934,3,16
141916,141931,141935,4,15
141916,141933,141935,2,17
141046,141047,141935,888,1
141916,141931,141935,4,15
141916,141933,141935,2,17
141916,141932,141936,4,16
141916,141932,141935,3,16
141916,141932,141936,4,16
141916,141932,141935,3,16
141916,141932,141936,4,16
141916,141932,141936,4,16
141916,141933,141935,2,17
141916,141932,141936,4,16
141916,141932,141936,4,16
141916,141932,141936,4,16
141916,141933,141936,3,17
141916,141933,141936,3,17
141916,141933,141936,3,17
141916,141933,141937,4,17
141916,141933,141936,3,17
141916,141932,141936,4,16
141916,141933,141936,3,17
141916,141933,141937,4,17
141916,141934,141936,2,18
141916,141934,141937,3,18
141916,141933,141936,3,17
141916,141933,141936,3,17
141916,141934,141936,2,18
141916,141933,141936,3,17
141916,141932,141936,4,16
141916,141932,141936,4,16
141916,141934,141937,3,18
141916,141934,141937,3,18
141916,141933,141936,3,17
141916,141933,141937,4,17
141916,141935,141937,2,19
141916,141934,141937,3,18
141916,141934,141937,3,18
141916,141934,141937,3,18
141916,141934,141938,4,18
141916,141934,141938,4,18
141916,141934,141938,4,18
141916,141934,141938,4,18
141916,141935,141938,3,19
141916,141935,141938,3,19
141916,141935,141938,3,19
141916,141936,141938,2,20
141916,141936,141938,2,20
141916,141936,141938,2,20
141916,141936,141939,3,20
141916,141937,141939,2,21
141916,141935,141939,4,19
141916,141936,141939,3,20
141916,141934,141939,5,18
141916,141934,141939,5,18
141916,141936,141939,3,20
141916,141936,141940,4,20
141916,141936,141940,4,20
141916,141937,141940,3,21
141916,141937,141940,3,21
141916,141937,141939,2,21
141916,141937,141940,3,21
141916,141936,141940,4,20
141916,141936,141940,4,20
141916,141936,141940,4,20
141916,141937,141940,3,21
141916,141937,141940,3,21
141916,141936,141940,4,20
141916,141936,141940,4,20
141916,141937,141940,3,21
141916,141936,141940,4,20
141916,141938,141940,2,22
141916,141937,141940,3,21
141916,141937,141940,3,21
141916,141937,141940,3,21
141916,141937,141940,3,21
141916,141938,141941,3,22
141916,141937,141941,4,21
141916,141937,141941,4,21
141916,141938,141941,3,22
141916,141938,141941,3,22
141916,141938,141940,2,22
141916,141938,141941,3,22
141916,141937,141941,4,21
141916,141937,141941,4,21
141916,141938,141941,3,22
141916,141936,141941,5,20
141916,141938,141941,3,22
141916,141939,141941,2,23
141916,141939,141941,2,23
141916,141939,141941,2,23
141916,141939,141942,3,23
141916,141937,141941,4,21
141916,141939,141942,3,23
141916,141939,141942,3,23
141916,141939,141942,3,23
141916,141938,141942,4,22
141916,141939,141942,3,23
141916,141939,141942,3,23
141916,141939,141942,3,23
141916,141940,141942,2,24
141916,141940,141943,3,24
141916,141940,141943,3,24
141916,141940,141943,3,24
141916,141940,141943,3,24
141916,141940,141943,3,24
141916,141940,141943,3,24
141916,141940,141943,3,24
141916,141939,141943,4,23
141916,141941,141943,2,25
141916,141941,141943,2,25
141916,141941,141943,2,25
141916,141941,141943,2,25
141916,141940,141944,4,24
141916,141940,141943,3,24
141916,141940,141943,3,24
141916,141940,141944,4,24
141916,141940,141944,4,24
141916,141941,141944,3,25
141033,141046,141944,898,13
141916,141941,141944,3,25
141038,141047,141954,907,9
141041,141047,141957,910,6
141052,141052,141959,907,0
141020,141026,141967,941,6
141091,141091,141970,879,0
141981,141981,141983,2,0
141981,141981,141983,2,0
141981,141981,141983,2,0
141981,141981,141983,2,0
141981,141981,141983,2,0
141981,141981,141983,2,0
141981,141981,141984,3,0
141981,141981,141984,3,0
141981,141981,141983,2,0
141981,141981,141983,2,0
141981,141981,141983,2,0
141981,141981,141984,3,0
141981,141981,141983,2,0
141981,141981,141984,3,0
141981,141981,141984,3,0
141981,141981,141984,3,0
141981,141981,141985,4,0
141981,141981,141985,4,0
141981,141981,141985,4,0
141981,141981,141984,3,0
141981,141981,141985,4,0
141981,141981,141985,4,0
141981,141981,141984,3,0
141981,141981,141985,4,0
141981,141981,141985,4,0
141981,141981,141985,4,0
141981,141981,141984,3,0
141981,141981,141985,4,0
141981,141981,141985,4,0
141981,141981,141985,4,0
141981,141981,141984,3,0
141981,141981,141985,4,0
141981,141981,141985,4,0
141981,141981,141985,4,0
141981,141981,141984,3,0
141981,141981,141985,4,0
141981,141981,141984,3,0
141981,141981,141985,4,0
141981,141981,141984,3,0
141981,141981,141985,4,0
141981,141981,141986,5,0
141981,141981,141985,4,0
141100,141100,141985,885,0
141981,141981,141986,5,0
141981,141983,141986,3,2
141981,141981,141985,4,0
141981,141981,141986,5,0
141981,141981,141986,5,0
141981,141981,141986,5,0
141981,141983,141986,3,2
141981,141981,141985,4,0
141981,141981,141985,4,0
141981,141981,141985,4,0
141981,141981,141985,4,0
141981,141983,141986,3,2
141981,141984,141987,3,3
141981,141983,141986,3,2
141981,141983,141987,4,2
141981,141984,141987,3,3
141981,141985,141987,2,4
141981,141984,141987,3,3
141981,141983,141987,4,2
141981,141984,141987,3,3
141981,141981,141986,5,0
141981,141984,141987,3,3
141981,141984,141987,3,3
141981,141985,141988,3,4
141981,141985,141987,2,4
141981,141984,141988,4,3
141981,141985,141987,2,4
141981,141984,141988,4,3
141981,141985,141988,3,4
141981,141985,141988,3,4
141981,141985,141988,3,4
141981,141985,141988,3,4
141981,141984,141988,4,3
141981,141985,141988,3,4
141981,141984,141988,4,3
141981,141985,141988,3,4
141981,141985,141988,3,4
141981,141985,141988,3,4
141981,141985,141989,4,4
141981,141985,141988,3,4
141981,141986,141989,3,5
141981,141986,141989,3,5
141981,141987,141989,2,6
141981,141986,141989,3,5
141981,141986,141989,3,5
141981,141986,141989,3,5
141981,141987,141989,2,6
141981,141985,141989,4,4
141981,141985,141989,4,4
141981,141986,141989,3,5
141981,141985,141989,4,4
141981,141986,141989,3,5
141981,141985,141989,4,4
141981,141986,141989,3,5
141981,141985,141989,4,4
141981,141986,141989,3,5
141981,141986,141989,3,5
141981,141985,141989,4,4
141981,141986,141989,3,5
141981,141986,141989,3,5
141981,141986,141989,3,5
141981,141986,141989,3,5
141981,141988,141990,2,7
141981,141988,141991,3,7
141981,141985,141990,5,4
141981,141986,141990,4,5
141981,141988,141990,2,7
141981,141988,141990,2,7
141981,141985,141990,5,4
141981,141986,141990,4,5
141981,141988,141990,2,7
141981,141988,141990,2,7
141981,141988,141990,2,7
141981,141988,141991,3,7
141981,141988,141991,3,7
141981,141988,141991,3,7
141981,141988,141991,3,7
141981,141988,141992,4,7
141981,141988,141992,4,7
141981,141989,141992,3,8
141981,141989,141992,3,8
141981,141989,141992,3,8
141981,141989,141992,3,8
141981,141989,141992,3,8
141981,141989,141992,3,8
141981,141989,141992,3,8
141981,141989,141992,3,8
141981,141989,141992,3,8
141981,141989,141992,3,8
141981,141989,141993,4,8
141981,141990,141992,2,9
141981,141991,141993,2,10
141981,141991,141993,2,10
141981,141989,141992,3,8
141981,141991,141993,2,10
141981,141991,141993,2,10
141981,141989,141992,3,8
141981,141989,141992,3,8
141981,141990,141992,2,9
141981,141991,141992,1,10
141981,141989,141993,4,8
141981,141990,141993,3,9
141981,141991,141993,2,10
141981,141989,141993,4,8
141981,141989,141993,4,8
141981,141989,141992,3,8
141981,141990,141993,3,9
141981,141990,141993,3,9
141981,141990,141994,4,9
141981,141990,141993,3,9
141981,141990,141993,3,9
141981,141991,141994,3,10
141981,141990,141994,4,9
141981,141990,141994,4,9
141981,141990,141993,3,9
141981,141990,141993,3,9
141981,141990,141994,4,9
141981,141990,141994,4,9
141981,141990,141993,3,9
141981,141989,141994,5,8
141981,141990,141995,5,9
141981,141991,141995,4,10
141981,141991,141994,3,10
141981,141991,141995,4,10
141981,141991,141994,3,10
141981,141993,141995,2,12
141981,141992,141995,3,11
141981,141991,141995,4,10
141981,141992,141995,3,11
141981,141991,141995,4,10
141981,141992,141995,3,11
141981,141993,141995,2,12
141981,141993,141995,2,12
141981,141993,141995,2,12
141981,141993,141995,2,12
141981,141993,141995,2,12
141981,141993,141995,2,12
141981,141993,141996,3,12
141981,141992,141996,4,11
141981,141993,141995,2,12
141981,141993,141996,3,12
141981,141993,141996,3,12
141981,141993,141996,3,12
141981,141993,141996,3,12
141981,141993,141996,3,12
141981,141993,141996,3,12
141981,141993,141996,3,12
141981,141994,141996,2,13
141981,141993,141997,4,12
141981,141994,141996,2,13
141981,141994,141997,3,13
141981,141993,141997,4,12
141981,141993,141996,3,12
141981,141993,141997,4,12
141981,141993,141997,4,12
141981,141993,141997,4,12
141981,141993,141997,4,12
141981,141994,141997,3,13
141981,141993,141997,4,12
141981,141993,141997,4,12
141981,141994,141997,3,13
141981,141993,141997,4,12
141981,141993,141997,4,12
141981,141994,141997,3,13
141981,141995,141997,2,14
141981,141996,141998,2,15
141981,141995,141998,3,14
141981,141996,141998,2,15
141981,141994,141997,3,13
141981,141994,141998,4,13
141981,141994,141998,4,13
141981,141994,141997,3,13
141981,141995,141998,3,14
141981,141996,141998,2,15
141981,141994,141998,4,13
141981,141995,141998,3,14
141981,141995,141997,2,14
141981,141995,141998,3,14
141981,141994,141998,4,13
141981,141994,141997,3,13
141981,141995,141998,3,14
141981,141996,141998,2,15
141981,141996,141998,2,15
141981,141996,141998,2,15
141981,141996,141998,2,15
141981,141996,141998,2,15
141981,141996,141999,3,15
141981,141996,141999,3,15
141981,141996,141998,2,15
141981,141995,141999,4,14
141981,141996,141999,3,15
141981,141996,141999,3,15
141981,141995,141999,4,14
141981,141996,141999,3,15
141981,141996,141999,3,15
141981,141997,141999,2,16
141981,141996,141999,3,15
141981,141997,142000,3,16
141981,141997,142000,3,16
141981,141997,142000,3,16
141981,141999,142001,2,18
141981,141999,142000,1,18
141106,141106,142001,895,0
141981,141997,142000,3,16
141981,141997,142001,4,16
141981,141997,142000,3,16
141981,141999,142000,1,18
141981,141999,142000,1,18
141981,141999,142000,1,18
141981,141997,142001,4,16
141981,141997,142000,3,16
141981,141997,142001,4,16
141981,141997,142001,4,16
141981,141999,142001,2,18
141981,141997,142001,4,16
141981,141997,142001,4,16
141981,141997,142001,4,16
141981,141998,142001,3,17
141981,141997,142001,4,16
141981,141999,142002,3,18
141981,141999,142001,2,18
141981,142000,142001,1,19
141981,141997,142001,4,16
141981,141997,142001,4,16
141981,141999,142001,2,18
141981,141999,142001,2,18
141981,141999,142001,2,18
141981,141998,142001,3,17
141981,141998,142001,3,17
141981,141998,142001,3,17
141981,141999,142001,2,18
141981,141999,142001,2,18
141981,141998,142002,4,17
141981,141998,142002,4,17
141981,141998,142002,4,17
141981,141998,142002,4,17
141981,141998,142002,4,17
141981,141999,142003,4,18
141981,141999,142002,3,18
141981,142000,142002,2,19
141981,142000,142002,2,19
141981,142000,142002,2,19
141981,141999,142002,3,18
141981,141999,142002,3,18
141981,141999,142002,3,18
141981,142000,142002,2,19
141981,141998,142002,4,17
141981,141998,142003,5,17
141981,141998,142003,5,17
141981,142000,142003,3,19
141981,142000,142003,3,19
141981,142002,142003,1,21
141981,142002,142003,1,21
141981,142001,142003,2,20
141981,142002,142003,1,21
141981,142002,142003,1,21
141981,142001,142004,3,20
141981,142000,142003,3,19
141081,141106,142003,897,25
141981,142001,142004,3,20
141981,142001,142004,3,20
141981,142001,142003,2,20
141981,142001,142004,3,20
141981,142001,142004,3,20
141981,142001,142005,4,20
141981,142002,142005,3,21
141981,142002,142005,3,21
141981,142002,142005,3,21
141981,142002,142005,3,21
141981,142001,142004,3,20
141981,142002,142005,3,21
141981,142002,142004,2,21
141981,142001,142005,4,20
141981,142002,142005,3,21
141981,142002,142005,3,21
141981,142003,142005,2,22
141981,142003,142006,3,22
141981,142003,142006,3,22
141981,142004,142006,2,23
141981,142002,142005,3,21
141981,142003,142006,3,22
141981,142003,142005,2,22
141981,142002,142005,3,21
141981,142002,142005,3,21
141981,142002,142005,3,21
141981,142003,142006,3,22
141981,142002,142005,3,21
141981,142002,142006,4,21
141981,142003,142006,3,22
141981,142002,142005,3,21
141981,142002,142006,4,21
141981,142001,142005,4,20
141981,142004,142006,2,23
141981,142004,142006,2,23
141981,142004,142006,2,23
141981,142002,142006,4,21
141981,142004,142006,2,23
141981,142002,142006,4,21
141981,142004,142006,2,23
141981,142004,142006,2,23
141981,142005,142007,2,24
141981,142002,142006,4,21
141981,142003,142006,3,22
141981,142004,142006,2,23
141981,142004,142007,3,23
141981,142004,142007,3,23
141981,142003,142006,3,22
141981,142003,142006,3,22
141981,142002,142006,4,21
141981,142003,142006,3,22
141981,142003,142007,4,22
141981,142003,142006,3,22
141981,142003,142007,4,22
141981,142004,142007,3,23
141981,142004,142007,3,23
141981,142004,142007,3,23
141981,142005,142007,2,24
141981,142004,142007,3,23
141981,142004,142007,3,23
141981,142004,142007,3,23
141981,142005,142008,3,24
141981,142005,142008,3,24
141981,142005,142008,3,24
141981,142005,142008,3,24
141981,142006,142009,3,25
141981,142006,142009,3,25
141981,142006,142009,3,25
141981,142005,142008,3,24
141981,142006,142009,3,25
141981,142005,142009,4,24
141981,142006,142009,3,25
141981,142007,142009,2,26
141981,142006,142009,3,25
141981,142006,142009,3,25
141981,142005,142009,4,24
141981,142007,142009,2,26
141981,142007,142009,2,26
141981,142007,142010,3,26
141981,142007,142009,2,26
141981,142006,142009,3,25
141981,142007,142010,3,26
141981,142006,142009,3,25
141981,142006,142009,3,25
141981,142006,142010,4,25
141981,142007,142010,3,26
141981,142008,142010,2,27
141981,142006,142010,4,25
141981,142006,142009,3,25
141981,142007,142010,3,26
141981,142006,142010,4,25
141981,142008,142010,2,27
141981,142007,142010,3,26
141981,142007,142010,3,26
141981,142006,142010,4,25
141981,142007,142009,2,26
141981,142005,142010,5,24
141981,142007,142010,3,26
141981,142007,142010,3,26
141981,142007,142010,3,26
141981,142007,142010,3,26
141981,142008,142010,2,27
141981,142008,142010,2,27
141981,142006,142010,4,25
141981,142006,142011,5,25
141981,142007,142010,3,26
141981,142008,142011,3,27
141981,142008,142010,2,27
141981,142007,142011,4,26
141981,142007,142011,4,26
141981,142007,142011,4,26
141981,142007,142011,4,26
141981,142006,142011,5,25
141981,142007,142011,4,26
141981,142008,142011,3,27
141981,142008,142011,3,27
141981,142008,142011,3,27
141981,142010,142011,1,29
141981,142010,142012,2,29
141981,142010,142012,2,29
141981,142009,142012,3,28
141981,142009,142012,3,28
141981,142008,142012,4,27
141981,142008,142012,4,27
141981,142009,142012,3,28
141981,142009,142012,3,28
141981,142008,142012,4,27
141981,142010,142012,2,29
141981,142010,142013,3,29
141981,142010,142012,2,29
141981,142010,142013,3,29
141981,142010,142013,3,29
141981,142010,142012,2,29
141981,142009,142013,4,28
141981,142009,142013,4,28
141981,142010,142013,3,29
141981,142010,142012,2,29
141981,142011,142013,2,30
141981,142009,142013,4,28
141981,142010,142013,3,29
141981,142010,142013,3,29
141981,142010,142013,3,29
141981,142010,142012,2,29
141981,142009,142013,4,28
141981,142009,142013,4,28
141981,142010,142013,3,29
141981,142009,142013,4,28
141981,142010,142013,3,29
141981,142010,142013,3,29
141981,142011,142014,3,30
141981,142011,142014,3,30
141981,142010,142013,3,29
141981,142010,142014,4,29
141981,142010,142013,3,29
141981,142010,142014,4,29
141981,142011,142014,3,30
141981,142011,142014,3,30
141981,142011,142014,3,30
141981,142011,142014,3,30
141981,142010,142015,5,29
141981,142010,142014,4,29
141981,142012,142014,2,31
141981,142011,142014,3,30
141981,142012,142014,2,31
141981,142011,142015,4,30
141981,142011,142015,4,30
141981,142012,142015,3,31
141981,142011,142014,3,30
141981,142011,142014,3,30
141981,142011,142014,3,30
141981,142011,142015,4,30
141981,142011,142015,4,30
141981,142012,142015,3,31
141981,142013,142016,3,32
141981,142013,142015,2,32
141981,142011,142015,4,30
141981,142013,142016,3,32
141981,142011,142016,5,30
141981,142012,142015,3,31
141981,142013,142016,3,32
141981,142012,142016,4,31
141981,142013,142016,3,32
141981,142014,142016,2,33
141981,142013,142016,3,32
141981,142013,142016,3,32
141981,142014,142016,2,33
141981,142013,142016,3,32
141981,142015,142017,2,34
141981,142013,142017,4,32
141981,142014,142017,3,33
141981,142013,142017,4,32
141981,142013,142017,4,32
141981,142014,142017,3,33
141981,142014,142017,3,33
141981,142014,142017,3,33
141981,142013,142017,4,32
141981,142014,142017,3,33
141981,142014,142017,3,33
141981,142013,142017,4,32
141981,142013,142017,4,32
141981,142013,142017,4,32
141981,142013,142017,4,32
141981,142015,142017,2,34
141981,142013,142017,4,32
141981,142013,142017,4,32
141981,142013,142017,4,32
141981,142014,142017,3,33
141132,141132,142018,886,0
141981,142015,142017,2,34
141981,142015,142017,2,34
141981,142014,142018,4,33
141981,142014,142017,3,33
141981,142016,142017,1,35
141981,142015,142018,3,34
141981,142015,142018,3,34
141109,141109,142018,909,0
141981,142013,142018,5,32
141981,142015,142018,3,34
141981,142015,142019,4,34
141981,142016,142018,2,35
141981,142014,142018,4,33
141981,142015,142019,4,34
141981,142015,142018,3,34
141981,142016,142019,3,35
141981,142016,142019,3,35
141981,142016,142019,3,35
141981,142015,142019,4,34
141981,142015,142019,4,34
141981,142015,142019,4,34
141981,142015,142019,4,34
141981,142015,142019,4,34
141981,142017,142020,3,36
141981,142017,142020,3,36
141981,142015,142019,4,34
141981,142017,142020,3,36
141981,142015,142020,5,34
141981,142018,142020,2,37
141981,142016,142020,4,35
141981,142016,142020,4,35
141981,142018,142020,2,37
141981,142017,142020,3,36
141981,142018,142020,2,37
141981,142018,142021,3,37
141981,142018,142021,3,37
141981,142018,142021,3,37
141981,142016,142020,4,35
141981,142018,142021,3,37
141981,142018,142020,2,37
141981,142017,142020,3,36
141981,142017,142021,4,36
141981,142017,142021,4,36
141981,142018,142020,2,37
141981,142018,142021,3,37
141981,142018,142021,3,37
141981,142017,142021,4,36
141981,142018,142021,3,37
141981,142018,142021,3,37
141981,142018,142021,3,37
141981,142018,142021,3,37
141981,142018,142021,3,37
141981,142019,142021,2,38
141981,142017,142021,4,36
141981,142018,142021,3,37
141981,142018,142021,3,37
141981,142018,142021,3,37
141981,142019,142021,2,38
141981,142018,142022,4,37
141981,142018,142022,4,37
141981,142018,142021,3,37
141981,142017,142022,5,36
141981,142017,142021,4,36
141981,142019,142022,3,38
141981,142019,142022,3,38
141981,142018,142022,4,37
141981,142018,142022,4,37
141981,142018,142022,4,37
141981,142020,142022,2,39
141981,142019,142022,3,38
141981,142019,142022,3,38
141981,142019,142022,3,38
141981,142020,142023,3,39
141981,142020,142023,3,39
141981,142019,142022,3,38
141981,142019,142022,3,38
141981,142020,142023,3,39
141981,142019,142022,3,38
141981,142020,142023,3,39
141981,142019,142023,4,38
141981,142020,142023,3,39
141981,142020,142023,3,39
141981,142021,142024,3,40
141981,142020,142023,3,39
141981,142020,142023,3,39
141981,142021,142023,2,40
141981,142021,142024,3,40
141981,142021,142023,2,40
141981,142021,142023,2,40
141981,142021,142024,3,40
141981,142021,142024,3,40
141981,142021,142024,3,40
141981,142021,142023,2,40
141981,142021,142024,3,40
141981,142021,142024,3,40
141981,142021,142025,4,40
141981,142023,142025,2,42
141981,142021,142025,4,40
141981,142022,142025,3,41
141981,142022,142025,3,41
141981,142023,142025,2,42
141981,142023,142025,2,42
141981,142023,142024,1,42
141981,142021,142025,4,40
141981,142021,142025,4,40
141981,142023,142025,2,42
141981,142021,142025,4,40
141981,142022,142026,4,41
141981,142023,142025,2,42
141981,142022,142026,4,41
141981,142021,142025,4,40
141981,142023,142026,3,42
141981,142023,142025,2,42
141981,142021,142025,4,40
141981,142022,142025,3,41
141981,142022,142026,4,41
141981,142021,142026,5,40
141981,142021,142026,5,40
141981,142022,142026,4,41
141981,142022,142026,4,41
141981,142022,142027,5,41
141981,142023,142026,3,42
141981,142024,142027,3,43
141981,142024,142027,3,43
141981,142022,142027,5,41
141981,142025,142027,2,44
141981,142022,142026,4,41
141981,142022,142026,4,41
141981,142022,142026,4,41
141981,142023,142027,4,42
141981,142024,142027,3,43
141981,142024,142027,3,43
141981,142022,142026,4,41
141981,142022,142027,5,41
141981,142022,142026,4,41
141981,142022,142027,5,41
141981,142024,142027,3,43
141981,142023,142027,4,42
141981,142024,142027,3,43
141981,142023,142027,4,42
141981,142023,142027,4,42
141981,142024,142027,3,43
141981,142024,142027,3,43
141981,142024,142027,3,43
141981,142023,142027,4,42
141981,142025,142028,3,44
141981,142025,142028,3,44
141981,142025,142028,3,44
141981,142024,142029,5,43
141981,142024,142029,5,43
141981,142024,142029,5,43
141981,142024,142029,5,43
141981,142026,142029,3,45
141981,142023,142028,5,42
141981,142024,142028,4,43
141981,142026,142029,3,45
141981,142026,142029,3,45
141981,142025,142029,4,44
141981,142026,142029,3,45
141981,142026,142029,3,45
141981,142025,142029,4,44
141981,142025,142029,4,44
141981,142026,142029,3,45
141981,142025,142029,4,44
141981,142027,142029,2,46
141103,141103,142029,926,0
141981,142027,142030,3,46
141981,142024,142030,6,43
141981,142027,142030,3,46
141981,142026,142030,4,45
141981,142026,142030,4,45
141981,142025,142030,5,44
141981,142025,142030,5,44
141981,142025,142030,5,44
141981,142025,142030,5,44
141981,142027,142031,4,46
141981,142027,142030,3,46
141981,142027,142030,3,46
141981,142027,142030,3,46
141981,142026,142031,5,45
141981,142026,142030,4,45
141981,142027,142031,4,46
141981,142027,142031,4,46
141981,142028,142030,2,47
141981,142027,142031,4,46
141981,142027,142031,4,46
141981,142027,142031,4,46
141981,142027,142031,4,46
141981,142027,142031,4,46
141981,142028,142031,3,47
141981,142027,142031,4,46
141981,142027,142031,4,46
141981,142028,142031,3,47
141981,142029,142031,2,48
141981,142027,142031,4,46
141981,142028,142031,3,47
141981,142027,142031,4,46
141981,142027,142031,4,46
141981,142027,142031,4,46
141981,142028,142031,3,47
141981,142028,142032,4,47
141981,142028,142031,3,47
141981,142027,142031,4,46
141981,142028,142032,4,47
141981,142028,142032,4,47
141981,142029,142032,3,48
141981,142029,142032,3,48
141992,142029,142032,3,37
141992,142030,142033,3,38
141992,142030,142032,2,38
141992,142030,142032,2,38
141981,142029,142033,4,48
141992,142030,142033,3,38
141981,142029,142033,4,48
141981,142029,142033,4,48
141981,142029,142032,3,48
141981,142029,142032,3,48
141981,142029,142033,4,48
141981,142029,142033,4,48
141981,142029,142033,4,48
141992,142030,142033,3,38
141992,142031,142033,2,39
141981,142029,142033,4,48
141992,142032,142033,1,40
141992,142032,142033,1,40
141992,142032,142033,1,40
141992,142031,142033,2,39
141992,142030,142033,3,38
141992,142030,142033,3,38
141992,142032,142034,2,40
141992,142030,142034,4,38
141992,142031,142034,3,39
141992,142032,142034,2,40
141992,142031,142034,3,39
141992,142032,142034,2,40
141992,142030,142033,3,38
141992,142030,142034,4,38
141992,142030,142034,4,38
141992,142031,142035,4,39
141992,142031,142034,3,39
141992,142032,142034,2,40
141992,142033,142034,1,41
141992,142031,142034,3,39
141992,142031,142034,3,39
141992,142031,142035,4,39
141992,142031,142034,3,39
141992,142033,142035,2,41
141992,142031,142035,4,39
141992,142031,142035,4,39
141992,142031,142035,4,39
141992,142031,142035,4,39
141992,142031,142035,4,39
141992,142032,142035,3,40
141992,142032,142035,3,40
141992,142032,142035,3,40
141992,142032,142035,3,40
141992,142032,142035,3,40
141992,142031,142035,4,39
141992,142031,142035,4,39
141992,142031,142035,4,39
141992,142033,142035,2,41
141992,142031,142035,4,39
141992,142032,142036,4,40
141992,142032,142036,4,40
141992,142033,142035,2,41
141992,142033,142036,3,41
141992,142032,142036,4,40
141992,142033,142036,3,41
141992,142033,142037,4,41
141992,142032,142036,4,40
141992,142032,142036,4,40
141992,142034,142037,3,42
141992,142034,142036,2,42
141992,142033,142037,4,41
141992,142034,142037,3,42
141992,142034,142037,3,42
141992,142034,142037,3,42
141992,142034,142037,3,42
141992,142033,142037,4,41
141992,142033,142037,4,41
141992,142034,142037,3,42
141992,142034,142037,3,42
141992,142034,142037,3,42
141992,142034,142037,3,42
141992,142033,142037,4,41
141992,142034,142037,3,42
141992,142034,142037,3,42
141992,142034,142037,3,42
141992,142035,142038,3,43
141992,142035,142037,2,43
141992,142035,142038,3,43
141992,142034,142038,4,42
141992,142034,142038,4,42
141992,142035,142038,3,43
141992,142035,142038,3,43
141992,142035,142038,3,43
141992,142035,142039,4,43
141992,142036,142039,3,44
141992,142035,142038,3,43
141992,142035,142038,3,43
141992,142036,142038,2,44
141992,142036,142038,2,44
141992,142035,142038,3,43
141992,142037,142038,1,45
141992,142035,142038,3,43
141992,142036,142038,2,44
141992,142035,142039,4,43
141992,142035,142038,3,43
141992,142035,142039,4,43
141992,142035,142038,3,43
141992,142036,142039,3,44
141992,142036,142039,3,44
141992,142035,142039,4,43
141992,142035,142039,4,43
141992,142035,142039,4,43
141992,142035,142039,4,43
141992,142035,142039,4,43
141992,142035,142039,4,43
141992,142035,142039,4,43
141992,142037,142039,2,45
141992,142036,142039,3,44
141992,142037,142039,2,45
141992,142037,142039,2,45
141992,142037,142039,2,45
141992,142037,142039,2,45
141992,142037,142039,2,45
141992,142037,142039,2,45
141992,142036,142039,3,44
141992,142037,142040,3,45
141992,142035,142039,4,43
141992,142036,142039,3,44
141992,142037,142040,3,45
141992,142038,142040,2,46
141992,142037,142040,3,45
141992,142037,142040,3,45
141992,142038,142040,2,46
141992,142038,142041,3,46
141992,142038,142041,3,46
141992,142037,142041,4,45
141992,142039,142041,2,47
141992,142040,142041,1,48
141992,142040,142041,1,48
141992,142040,142041,1,48
141992,142038,142041,3,46
141992,142038,142041,3,46
141992,142039,142042,3,47
141992,142038,142042,4,46
141992,142038,142041,3,46
141992,142038,142042,4,46
141992,142038,142042,4,46
141992,142038,142042,4,46
141992,142038,142042,4,46
141992,142038,142042,4,46
141992,142039,142042,3,47
141992,142039,142042,3,47
141992,142039,142042,3,47
141992,142039,142042,3,47
141992,142039,142042,3,47
141992,142039,142042,3,47
141992,142040,142042,2,48
141992,142040,142042,2,48
141992,142040,142043,3,48
141992,142038,142042,4,46
141992,142038,142042,4,46
141992,142040,142042,2,48
141992,142039,142042,3,47
141992,142039,142042,3,47
141992,142039,142042,3,47
141992,142039,142042,3,47
141992,142040,142042,2,48
141992,142040,142042,2,48
141992,142039,142042,3,47
141992,142039,142043,4,47
141992,142040,142042,2,48
141992,142039,142042,3,47
141992,142039,142042,3,47
141992,142039,142043,4,47
141992,142039,142043,4,47
141992,142040,142043,3,48
141992,142040,142043,3,48
141992,142040,142043,3,48
141992,142041,142043,2,49
141992,142040,142043,3,48
141992,142041,142043,2,49
141992,142040,142043,3,48
141992,142041,142043,2,49
141992,142041,142044,3,49
141992,142040,142043,3,48
141992,142040,142043,3,48
141992,142039,142044,5,47
141992,142040,142043,3,48
141992,142042,142044,2,50
141992,142042,142044,2,50
141992,142041,142044,3,49
141992,142042,142044,2,50
141992,142040,142044,4,48
141992,142041,142044,3,49
141992,142041,142044,3,49
141992,142042,142044,2,50
141992,142042,142045,3,50
141992,142042,142044,2,50
141992,142041,142044,3,49
141992,142042,142045,3,50
141992,142042,142045,3,50
141992,142042,142045,3,50
141992,142042,142045,3,50
141992,142043,142046,3,51
141992,142043,142045,2,51
141992,142044,142046,2,52
141992,142043,142046,3,51
141992,142043,142045,2,51
141992,142043,142045,2,51
141992,142042,142045,3,50
141992,142043,142045,2,51
141992,142043,142046,3,51
141992,142043,142046,3,51
141992,142044,142046,2,52
141992,142043,142046,3,51
141992,142044,142046,2,52
141992,142042,142046,4,50
141992,142042,142046,4,50
141992,142042,142046,4,50
141992,142043,142046,3,51
141992,142043,142046,3,51
141992,142042,142046,4,50
141992,142042,142046,4,50
141992,142042,142046,4,50
141992,142042,142046,4,50
141992,142042,142046,4,50
141992,142044,142046,2,52
141992,142044,142047,3,52
141992,142044,142046,2,52
141992,142044,142047,3,52
141992,142043,142046,3,51
141992,142044,142047,3,52
141992,142043,142046,3,51
141992,142044,142046,2,52
141992,142045,142047,2,53
141992,142044,142047,3,52
141992,142043,142046,3,51
141992,142043,142047,4,51
141992,142043,142046,3,51
141992,142043,142046,3,51
141992,142044,142047,3,52
141992,142044,142047,3,52
141992,142044,142047,3,52
141992,142043,142047,4,51
141992,142045,142047,2,53
141992,142045,142047,2,53
141992,142044,142047,3,52
141992,142044,142047,3,52
141992,142045,142047,2,53
141992,142045,142047,2,53
141992,142045,142048,3,53
141992,142044,142047,3,52
141992,142044,142047,3,52
141992,142047,142048,1,55
141992,142047,142049,2,55
141992,142047,142049,2,55
141152,141161,142049,888,9
141992,142045,142048,3,53
141992,142045,142049,4,53
141992,142045,142049,4,53
141992,142046,142050,4,54
141992,142047,142050,3,55
141992,142046,142050,4,54
141992,142046,142050,4,54
141992,142046,142050,4,54
141992,142047,142050,3,55
141135,141135,142050,915,0
141992,142047,142050,3,55
141992,142046,142050,4,54
141992,142046,142049,3,54
141992,142046,142050,4,54
141992,142046,142050,4,54
141992,142047,142050,3,55
141992,142045,142050,5,53
141992,142046,142050,4,54
141992,142048,142050,2,56
141992,142046,142051,5,54
141992,142047,142050,3,55
141992,142048,142050,2,56
141992,142046,142050,4,54
141992,142046,142051,5,54
141992,142047,142050,3,55
141992,142047,142050,3,55
141992,142047,142050,3,55
141992,142046,142050,4,54
141992,142046,142050,4,54
141992,142046,142050,4,54
141992,142046,142050,4,54
141992,142046,142051,5,54
141992,142046,142050,4,54
141992,142046,142051,5,54
141992,142048,142051,3,56
141992,142046,142050,4,54
141992,142046,142051,5,54
141992,142047,142051,4,55
141992,142047,142051,4,55
141992,142047,142051,4,55
141992,142047,142052,5,55
141128,141129,142052,923,1
141992,142047,142051,4,55
141992,142047,142051,4,55
141992,142048,142051,3,56
141992,142047,142051,4,55
141992,142047,142051,4,55
141992,142049,142052,3,57
141992,142048,142052,4,56
141992,142048,142052,4,56
141992,142049,142052,3,57
141992,142047,142052,5,55
141992,142047,142052,5,55
141992,142048,142052,4,56
141992,142048,142053,5,56
141992,142047,142052,5,55
141992,142048,142052,4,56
141992,142048,142053,5,56
141992,142050,142053,3,58
141992,142049,142053,4,57
141992,142049,142053,4,57
141992,142051,142053,2,59
141992,142049,142053,4,57
141992,142049,142053,4,57
141992,142051,142053,2,59
141992,142051,142053,2,59
141992,142051,142053,2,59
141992,142051,142053,2,59
141992,142051,142054,3,59
141992,142050,142053,3,58
141992,142050,142054,4,58
141992,142050,142054,4,58
141992,142051,142054,3,59
141992,142050,142054,4,58
141992,142050,142054,4,58
141992,142051,142054,3,59
141992,142049,142054,5,57
141992,142050,142054,4,58
141992,142052,142054,2,60
141992,142052,142055,3,60
141992,142051,142054,3,59
141992,142051,142054,3,59
141992,142051,142054,3,59
141992,142052,142055,3,60
141992,142051,142055,4,59
141992,142051,142054,3,59
141992,142051,142054,3,59
141992,142050,142055,5,58
141992,142051,142055,4,59
141992,142051,142055,4,59
141992,142050,142055,5,58
141992,142051,142055,4,59
141992,142052,142055,3,60
141992,142051,142055,4,59
141992,142051,142055,4,59
141992,142052,142055,3,60
141992,142052,142055,3,60
141992,142051,142055,4,59
141992,142052,142055,3,60
141992,142051,142056,5,59
141992,142051,142056,5,59
141992,142052,142056,4,60
141992,142052,142056,4,60
141992,142052,142055,3,60
141992,142053,142056,3,61
141992,142051,142056,5,59
141992,142052,142056,4,60
141992,142052,142056,4,60
141992,142052,142056,4,60
141992,142053,142056,3,61
141992,142053,142056,3,61
141992,142053,142056,3,61
141992,142052,142056,4,60
141992,142053,142056,3,61
141992,142052,142056,4,60
141992,142053,142057,4,61
141992,142053,142057,4,61
141992,142053,142057,4,61
141992,142053,142057,4,61
142083,142084,142085,1,1
142083,142084,142086,2,1
142083,142084,142086,2,1
142083,142084,142086,2,1
142083,142084,142086,2,1
142083,142084,142086,2,1
142083,142084,142086,2,1
142083,142084,142087,3,1
142083,142084,142086,2,1
142083,142084,142087,3,1
142083,142084,142086,2,1
142083,142084,142087,3,1
142083,142084,142087,3,1
142083,142084,142088,4,1
142083,142084,142088,4,1
142083,142084,142087,3,1
142083,142084,142087,3,1
142083,142084,142088,4,1
142083,142084,142088,4,1
142083,142084,142087,3,1
142083,142084,142087,3,1
142083,142084,142087,3,1
142083,142084,142088,4,1
142083,142084,142087,3,1
142083,142084,142087,3,1
142083,142084,142087,3,1
142083,142084,142087,3,1
142083,142084,142087,3,1
142083,142084,142087,3,1
142083,142084,142087,3,1
142083,142084,142087,3,1
142083,142084,142087,3,1
142083,142084,142088,4,1
142083,142084,142088,4,1
142083,142084,142088,4,1
142083,142084,142088,4,1
142083,142084,142088,4,1
142083,142084,142088,4,1
142083,142084,142088,4,1
142083,142084,142088,4,1
142083,142087,142089,2,4
142083,142084,142088,4,1
142083,142084,142088,4,1
142083,142084,142088,4,1
142083,142084,142088,4,1
142083,142084,142088,4,1
142083,142084,142088,4,1
142083,142086,142088,2,3
142083,142084,142088,4,1
142083,142084,142088,4,1
142083,142084,142088,4,1
142083,142084,142088,4,1
142083,142084,142088,4,1
142083,142084,142088,4,1
142083,142084,142088,4,1
142083,142084,142089,5,1
142083,142084,142088,4,1
142083,142084,142088,4,1
142083,142084,142089,5,1
142083,142084,142089,5,1
142083,142087,142088,1,4
142083,142087,142088,1,4
142083,142088,142090,2,5
142083,142087,142089,2,4
142083,142087,142090,3,4
142083,142087,142090,3,4
142083,142087,142089,2,4
142083,142084,142089,5,1
142083,142087,142089,2,4
142083,142087,142090,3,4
142083,142088,142091,3,5
142083,142088,142091,3,5
142083,142088,142090,2,5
142083,142089,142091,2,6
142083,142088,142090,2,5
142083,142089,142092,3,6
142083,142088,142091,3,5
142083,142089,142091,2,6
142083,142089,142092,3,6
142083,142087,142091,4,4
142083,142088,142092,4,5
142083,142089,142092,3,6
142083,142089,142092,3,6
142083,142088,142092,4,5
142083,142088,142092,4,5
142083,142088,142091,3,5
142083,142089,142091,2,6
142083,142089,142092,3,6
142083,142089,142092,3,6
142083,142088,142091,3,5
142083,142088,142091,3,5
142083,142088,142091,3,5
142083,142088,142092,4,5
142083,142089,142092,3,6
142083,142088,142092,4,5
142083,142089,142092,3,6
142083,142089,142092,3,6
142083,142088,142092,4,5
142083,142088,142092,4,5
142083,142088,142091,3,5
142083,142089,142091,2,6
142083,142088,142092,4,5
142083,142088,142092,4,5
142083,142089,142092,3,6
142083,142089,142091,2,6
142083,142089,142091,2,6
142083,142089,142092,3,6
142083,142089,142092,3,6
142083,142089,142092,3,6
142083,142089,142092,3,6
142083,142089,142092,3,6
142083,142089,142092,3,6
142083,142088,142092,4,5
142083,142089,142092,3,6
142083,142090,142093,3,7
142083,142088,142092,4,5
142083,142089,142092,3,6
142083,142089,142092,3,6
142083,142089,142092,3,6
142083,142089,142092,3,6
142083,142089,142093,4,6
142083,142090,142093,3,7
142083,142090,142094,4,7
142083,142089,142093,4,6
142083,142090,142094,4,7
142083,142090,142093,3,7
142083,142092,142094,2,9
142083,142092,142094,2,9
142083,142092,142094,2,9
142083,142092,142095,3,9
142083,142092,142094,2,9
142083,142091,142095,4,8
142083,142091,142095,4,8
142083,142092,142095,3,9
142083,142091,142095,4,8
142083,142092,142095,3,9
142083,142091,142095,4,8
142083,142092,142094,2,9
142083,142092,142095,3,9
142083,142092,142094,2,9
142083,142093,142095,2,10
142083,142090,142094,4,7
142083,142090,142094,4,7
142083,142092,142094,2,9
142083,142091,142095,4,8
142083,142093,142095,2,10
142083,142092,142096,4,9
142083,142093,142096,3,10
142083,142093,142095,2,10
142083,142092,142096,4,9
142083,142092,142096,4,9
142083,142092,142095,3,9
142083,142092,142096,4,9
142083,142092,142095,3,9
142083,142092,142096,4,9
142083,142092,142095,3,9
142083,142093,142096,3,10
142083,142092,142096,4,9
142083,142093,142095,2,10
142083,142093,142096,3,10
142083,142092,142095,3,9
142083,142092,142095,3,9
142083,142092,142096,4,9
142083,142092,142095,3,9
142083,142092,142096,4,9
142083,142092,142096,4,9
142083,142092,142096,4,9
142083,142091,142096,5,8
142083,142092,142096,4,9
142083,142093,142096,3,10
142083,142092,142096,4,9
142083,142093,142096,3,10
142083,142093,142097,4,10
142083,142093,142097,4,10
142083,142092,142096,4,9
142083,142092,142097,5,9
142083,142092,142097,5,9
142083,142094,142097,3,11
142083,142093,142097,4,10
142083,142094,142097,3,11
142083,142093,142097,4,10
142083,142094,142098,4,11
142083,142095,142098,3,12
142083,142094,142098,4,11
142083,142095,142098,3,12
142083,142095,142098,3,12
142083,142095,142098,3,12
142083,142093,142098,5,10
142083,142094,142098,4,11
142083,142096,142098,2,13
142083,142094,142098,4,11
142083,142094,142098,4,11
142083,142095,142099,4,12
142083,142095,142099,4,12
142083,142095,142099,4,12
142083,142095,142098,3,12
142083,142095,142099,4,12
142083,142096,142099,3,13
142083,142096,142099,3,13
142083,142096,142099,3,13
142083,142096,142099,3,13
142083,142095,142099,4,12
142083,142096,142099,3,13
142083,142096,142099,3,13
142083,142094,142099,5,11
142083,142095,142099,4,12
142083,142095,142099,4,12
142083,142095,142099,4,12
142083,142096,142099,3,13
142083,142095,142099,4,12
142083,142096,142099,3,13
142083,142096,142099,3,13
142083,142096,142099,3,13
142083,142096,142099,3,13
142083,142096,142099,3,13
142083,142096,142099,3,13
142083,142096,142099,3,13
142083,142096,142099,3,13
142083,142097,142100,3,14
142083,142095,142100,5,12
142083,142096,142099,3,13
142083,142096,142099,3,13
142083,142097,142100,3,14
142083,142096,142100,4,13
142083,142097,142100,3,14
142083,142096,142099,3,13
142083,142097,142100,3,14
142083,142095,142100,5,12
142083,142096,142100,4,13
142083,142096,142100,4,13
142083,142096,142100,4,13
142083,142096,142100,4,13
142083,142097,142100,3,14
141138,141138,142101,963,0
142083,142097,142100,3,14
142083,142098,142101,3,15
142083,142097,142101,4,14
142083,142097,142101,4,14
142083,142097,142101,4,14
142083,142098,142101,3,15
142083,142098,142101,3,15
142083,142100,142102,2,17
142083,142100,142102,2,17
142083,142100,142101,1,17
142083,142100,142102,2,17
142083,142098,142102,4,15
142083,142100,142102,2,17
142083,142100,142102,2,17
142083,142100,142103,3,17
142083,142100,142103,3,17
142083,142100,142103,3,17
142083,142098,142103,5,15
142083,142098,142103,5,15
142083,142098,142103,5,15
142083,142098,142103,5,15
142083,142100,142103,3,17
142083,142100,142104,4,17
142083,142098,142103,5,15
142083,142102,142103,1,19
142083,142100,142103,3,17
142083,142100,142103,3,17
142083,142099,142104,5,16
142083,142102,142104,2,19
142083,142102,142104,2,19
142083,142099,142104,5,16
142083,142099,142104,5,16
142083,142099,142104,5,16
142083,142102,142104,2,19
142083,142103,142104,1,20
142083,142099,142104,5,16
142083,142099,142104,5,16
142083,142099,142104,5,16
142083,142101,142104,3,18
142083,142099,142104,5,16
142083,142099,142104,5,16
142083,142100,142104,4,17
142083,142100,142105,5,17
142083,142100,142105,5,17
142083,142100,142104,4,17
142083,142100,142105,5,17
142083,142100,142105,5,17
142083,142101,142105,4,18
142083,142101,142104,3,18
142083,142100,142105,5,17
142083,142100,142104,4,17
142083,142100,142104,4,17
142083,142100,142105,5,17
142083,142102,142104,2,19
142083,142099,142104,5,16
142083,142100,142104,4,17
142083,142099,142105,6,16
142083,142099,142105,6,16
142083,142100,142105,5,17
142083,142101,142105,4,18
142083,142102,142106,4,19
142083,142103,142106,3,20
142083,142102,142105,3,19
142083,142102,142105,3,19
142083,142101,142105,4,18
142083,142101,142105,4,18
142083,142101,142105,4,18
142083,142100,142105,5,17
142083,142101,142105,4,18
142083,142101,142105,4,18
142083,142101,142106,5,18
142083,142101,142106,5,18
142083,142104,142106,2,21
142083,142104,142106,2,21
142083,142104,142106,2,21
142083,142104,142107,3,21
142083,142103,142107,4,20
142083,142104,142107,3,21
142083,142103,142107,4,20
142083,142104,142107,3,21
142083,142104,142107,3,21
142083,142104,142107,3,21
142083,142105,142108,3,22
142083,142105,142107,2,22
142083,142105,142108,3,22
142083,142105,142107,2,22
142083,142104,142107,3,21
142083,142105,142107,2,22
142083,142105,142107,2,22
142083,142105,142108,3,22
142083,142104,142108,4,21
142083,142104,142107,3,21
142083,142104,142108,4,21
142083,142105,142108,3,22
142083,142106,142109,3,23
142083,142106,142109,3,23
142083,142104,142108,4,21
142083,142104,142108,4,21
142083,142105,142109,4,22
142083,142106,142109,3,23
142083,142104,142109,5,21
142083,142105,142109,4,22
142083,142105,142109,4,22
142083,142105,142109,4,22
142083,142105,142109,4,22
142083,142105,142109,4,22
142083,142105,142109,4,22
142083,142105,142109,4,22
142083,142105,142109,4,22
142083,142104,142109,5,21
142083,142105,142108,3,22
142083,142106,142109,3,23
142083,142106,142109,3,23
142083,142105,142109,4,22
142083,142105,142110,5,22
142083,142106,142109,3,23
142083,142106,142109,3,23
142083,142106,142109,3,23
142083,142105,142109,4,22
142083,142105,142110,5,22
142083,142105,142109,4,22
142083,142105,142109,4,22
142083,142105,142109,4,22
142083,142106,142109,3,23
142083,142106,142109,3,23
142083,142106,142109,3,23
142083,142105,142109,4,22
142084,142106,142109,3,22
142084,142106,142110,4,22
142084,142106,142109,3,22
142084,142107,142110,3,23
142084,142108,142111,3,24
142084,142108,142111,3,24
142084,142108,142110,2,24
142084,142107,142111,4,23
142084,142110,142111,1,26
142084,142107,142111,4,23
142084,142109,142111,2,25
142084,142109,142111,2,25
142084,142110,142111,1,26
142084,142108,142111,3,24
142084,142108,142111,3,24
142084,142108,142112,4,24
142084,142108,142112,4,24
142084,142108,142111,3,24
142084,142108,142111,3,24
142084,142107,142111,4,23
142084,142107,142112,5,23
142084,142108,142111,3,24
142084,142110,142112,2,26
142084,142107,142111,4,23
142084,142107,142111,4,23
142084,142108,142112,4,24
142084,142110,142112,2,26
142084,142107,142111,4,23
142084,142110,142112,2,26
142084,142109,142112,3,25
142084,142110,142111,1,26
142084,142109,142111,2,25
142084,142109,142112,3,25
142084,142109,142112,3,25
142084,142110,142111,1,26
142084,142108,142112,4,24
142084,142111,142112,1,27
142084,142109,142113,4,25
142084,142108,142112,4,24
142084,142109,142113,4,25
142084,142109,142112,3,25
142084,142111,142112,1,27
142084,142111,142113,2,27
142084,142109,142113,4,25
142084,142109,142112,3,25
142084,142110,142113,3,26
142084,142110,142113,3,26
142084,142108,142113,5,24
142084,142109,142113,4,25
142084,142109,142113,4,25
142084,142109,142113,4,25
142084,142110,142112,2,26
142084,142109,142113,4,25
142084,142109,142113,4,25
142084,142109,142113,4,25
142084,142110,142114,4,26
142084,142110,142113,3,26
142084,142109,142113,4,25
142084,142110,142113,3,26
142084,142110,142114,4,26
142084,142110,142114,4,26
142084,142110,142114,4,26
142084,142109,142113,4,25
142084,142112,142114,2,28
142084,142111,142114,3,27
142084,142111,142115,4,27
142084,142112,142115,3,28
142084,142112,142114,2,28
142084,142112,142115,3,28
142084,142110,142115,5,26
142084,142110,142115,5,26
142084,142110,142115,5,26
142084,142112,142114,2,28
142084,142112,142114,2,28
142084,142111,142115,4,27
142084,142112,142115,3,28
142084,142112,142115,3,28
142084,142112,142116,4,28
142084,142112,142115,3,28
142084,142112,142115,3,28
142084,142112,142116,4,28
142084,142112,142115,3,28
142084,142113,142116,3,29
142084,142113,142116,3,29
142084,142112,142116,4,28
142084,142112,142116,4,28
142084,142112,142116,4,28
142084,142112,142116,4,28
142084,142113,142116,3,29
142084,142113,142116,3,29
142084,142113,142116,3,29
142084,142112,142116,4,28
142084,142113,142116,3,29
142084,142111,142116,5,27
142084,142111,142116,5,27
142084,142111,142116,5,27
142084,142111,142116,5,27
142084,142112,142116,4,28
142084,142112,142116,4,28
142084,142113,142116,3,29
142084,142114,142117,3,30
142084,142113,142116,3,29
142084,142114,142117,3,30
142084,142113,142116,3,29
142084,142114,142117,3,30
142084,142113,142116,3,29
142084,142113,142116,3,29
142084,142114,142117,3,30
142084,142114,142117,3,30
142084,142113,142117,4,29
142084,142113,142117,4,29
142084,142113,142117,4,29
142084,142113,142116,3,29
142084,142114,142117,3,30
142084,142114,142117,3,30
142084,142113,142117,4,29
142084,142112,142117,5,28
142084,142112,142117,5,28
142084,142113,142117,4,29
142084,142114,142117,3,30
142084,142114,142118,4,30
142084,142114,142118,4,30
142084,142114,142118,4,30
142084,142116,142119,3,32
142084,142116,142119,3,32
142084,142116,142119,3,32
142084,142116,142119,3,32
142084,142114,142119,5,30
142084,142115,142119,4,31
142084,142116,142119,3,32
142084,142116,142119,3,32
142084,142116,142119,3,32
142084,142116,142119,3,32
142084,142115,142119,4,31
142084,142115,142119,4,31
142084,142115,142119,4,31
142084,142115,142119,4,31
142084,142116,142119,3,32
142084,142115,142119,4,31
142084,142115,142119,4,31
142084,142115,142119,4,31
142084,142115,142119,4,31
142084,142115,142119,4,31
142084,142116,142119,3,32
142084,142115,142119,4,31
142084,142115,142119,4,31
142084,142116,142119,3,32
142084,142117,142120,3,33
142084,142117,142119,2,33
142084,142116,142119,3,32
142084,142116,142119,3,32
142084,142118,142120,2,34
142084,142116,142119,3,32
142084,142116,142119,3,32
142084,142117,142120,3,33
142084,142116,142120,4,32
142084,142116,142120,4,32
142084,142118,142121,3,34
142084,142118,142120,2,34
142084,142118,142121,3,34
142084,142118,142120,2,34
142084,142118,142120,2,34
142084,142118,142120,2,34
142084,142117,142120,3,33
142084,142117,142120,3,33
142084,142117,142121,4,33
142084,142117,142120,3,33
142084,142118,142120,2,34
142084,142118,142120,2,34
142084,142117,142121,4,33
142084,142117,142121,4,33
142084,142118,142120,2,34
142084,142117,142121,4,33
142084,142117,142121,4,33
142084,142118,142120,2,34
142084,142117,142120,3,33
142084,142118,142122,4,34
142084,142118,142121,3,34
142084,142118,142121,3,34
142084,142118,142121,3,34
142084,142117,142121,4,33
142084,142119,142122,3,35
142084,142118,142122,4,34
142084,142119,142122,3,35
142084,142119,142122,3,35
142084,142119,142122,3,35
142084,142119,142122,3,35
142084,142120,142123,3,36
142084,142120,142122,2,36
142084,142120,142122,2,36
142084,142120,142122,2,36
142084,142120,142123,3,36
142084,142120,142123,3,36
142084,142120,142123,3,36
142084,142119,142123,4,35
142084,142119,142122,3,35
142084,142119,142123,4,35
142084,142120,142123,3,36
142084,142120,142123,3,36
142084,142119,142122,3,35
142084,142120,142123,3,36
142084,142119,142123,4,35
142084,142119,142123,4,35
142084,142121,142123,2,37
142084,142120,142123,3,36
142084,142120,142124,4,36
142084,142121,142124,3,37
142084,142120,142123,3,36
142084,142120,142123,3,36
142084,142122,142124,2,38
142084,142120,142123,3,36
142084,142120,142123,3,36
142084,142120,142123,3,36
142084,142120,142123,3,36
142084,142120,142123,3,36
142084,142121,142123,2,37
142084,142120,142123,3,36
142084,142121,142124,3,37
142084,142121,142124,3,37
142084,142121,142124,3,37
142084,142121,142124,3,37
142084,142121,142123,2,37
142084,142121,142123,2,37
142084,142120,142123,3,36
142084,142121,142123,2,37
142084,142121,142124,3,37
142084,142121,142123,2,37
142084,142120,142124,4,36
142084,142121,142124,3,37
142084,142121,142124,3,37
142084,142121,142124,3,37
142084,142121,142124,3,37
142084,142121,142124,3,37
142084,142121,142125,4,37
142084,142121,142124,3,37
142084,142122,142124,2,38
142084,142122,142124,2,38
142084,142122,142124,2,38
142084,142121,142125,4,37
142084,142121,142124,3,37
142084,142122,142125,3,38
142084,142122,142125,3,38
142084,142123,142126,3,39
142084,142122,142125,3,38
142084,142123,142126,3,39
142084,142123,142125,2,39
142084,142123,142126,3,39
142084,142124,142126,2,40
142084,142124,142126,2,40
142084,142123,142126,3,39
142084,142123,142126,3,39
142084,142123,142127,4,39
142084,142124,142126,2,40
142084,142124,142126,2,40
142084,142124,142127,3,40
142084,142123,142127,4,39
142084,142123,142127,4,39
142084,142123,142127,4,39
142084,142123,142126,3,39
142084,142124,142127,3,40
142084,142125,142127,2,41
142084,142125,142127,2,41
142084,142123,142126,3,39
142084,142125,142126,1,41
142084,142125,142126,1,41
142084,142125,142126,1,41
142084,142124,142127,3,40
142084,142124,142127,3,40
142084,142124,142127,3,40
142084,142124,142126,2,40
142084,142124,142126,2,40
142084,142123,142127,4,39
142084,142124,142127,3,40
142084,142124,142126,2,40
142084,142124,142127,3,40
142084,142125,142127,2,41
142084,142123,142127,4,39
142084,142123,142127,4,39
142084,142123,142127,4,39
142084,142123,142127,4,39
142084,142126,142127,1,42
142084,142124,142127,3,40
142084,142124,142127,3,40
142084,142124,142127,3,40
142084,142125,142128,3,41
142084,142124,142127,3,40
142084,142124,142127,3,40
142084,142125,142128,3,41
142084,142124,142128,4,40
142084,142124,142128,4,40
142084,142124,142127,3,40
142084,142124,142127,3,40
142084,142124,142128,4,40
142084,142124,142127,3,40
142084,142125,142128,3,41
142084,142125,142128,3,41
142084,142123,142128,5,39
142084,142125,142128,3,41
142084,142124,142128,4,40
142084,142125,142128,3,41
142084,142125,142129,4,41
142084,142124,142128,4,40
142084,142126,142129,3,42
142084,142125,142129,4,41
142084,142126,142129,3,42
142084,142128,142130,2,44
142084,142127,142130,3,43
142084,142127,142130,3,43
142084,142127,142130,3,43
142084,142127,142130,3,43
142084,142127,142130,3,43
142084,142126,142130,4,42
142084,142127,142130,3,43
142084,142127,142130,3,43
142084,142126,142130,4,42
142084,142126,142130,4,42
142084,142127,142130,3,43
142084,142127,142130,3,43
142084,142128,142130,2,44
142084,142128,142130,2,44
142084,142127,142131,4,43
142084,142128,142130,2,44
142084,142128,142130,2,44
142084,142126,142130,4,42
142084,142127,142130,3,43
142084,142127,142130,3,43
142084,142128,142130,2,44
142084,142127,142131,4,43
142084,142127,142131,4,43
142084,142127,142130,3,43
142084,142128,142131,3,44
142084,142127,142130,3,43
142084,142127,142131,4,43
142084,142128,142131,3,44
142084,142127,142130,3,43
142084,142127,142130,3,43
142084,142127,142131,4,43
142084,142128,142131,3,44
142084,142127,142131,4,43
142084,142127,142131,4,43
142084,142127,142130,3,43
142084,142128,142131,3,44
142084,142128,142130,2,44
142084,142127,142131,4,43
142084,142127,142131,4,43
142084,142127,142131,4,43
142084,142129,142131,2,45
142084,142129,142131,2,45
142084,142129,142131,2,45
142084,142128,142132,4,44
142084,142128,142131,3,44
142084,142128,142132,4,44
142084,142128,142132,4,44
142084,142127,142131,4,43
142084,142128,142132,4,44
142084,142128,142132,4,44
142084,142128,142132,4,44
142084,142129,142132,3,45
142084,142129,142132,3,45
142084,142129,142132,3,45
141141,141141,142139,998,0
141367,141386,142170,784,19
142177,142178,142180,2,1
142177,142178,142180,2,1
142177,142178,142181,3,1
142177,142178,142180,2,1
142177,142178,142180,2,1
142177,142178,142181,3,1
142177,142178,142180,2,1
142177,142178,142181,3,1
142177,142178,142181,3,1
142177,142178,142181,3,1
142177,142178,142181,3,1
142177,142178,142180,2,1
142177,142178,142181,3,1
142177,142178,142182,4,1
142177,142178,142182,4,1
142177,142178,142181,3,1
142177,142178,142181,3,1
142177,142178,142182,4,1
142177,142178,142181,3,1
142177,142178,142181,3,1
142177,142178,142181,3,1
142177,142178,142181,3,1
142177,142178,142182,4,1
142177,142178,142181,3,1
142177,142178,142182,4,1
142177,142178,142182,4,1
142177,142178,142181,3,1
142177,142178,142181,3,1
142177,142178,142181,3,1
142177,142178,142181,3,1
142177,142178,142181,3,1
142177,142178,142181,3,1
142177,142178,142182,4,1
142177,142178,142181,3,1
142177,142178,142182,4,1
142177,142178,142182,4,1
142177,142178,142181,3,1
142177,142178,142181,3,1
142177,142178,142181,3,1
142177,142178,142182,4,1
142177,142178,142182,4,1
142177,142178,142182,4,1
142177,142178,142182,4,1
142177,142178,142182,4,1
142177,142178,142182,4,1
142177,142178,142182,4,1
142177,142178,142182,4,1
142177,142178,142183,5,1
142177,142178,142182,4,1
142177,142178,142182,4,1
142177,142178,142182,4,1
142177,142178,142183,5,1
142177,142178,142182,4,1
142177,142178,142183,5,1
142177,142178,142182,4,1
142177,142178,142183,5,1
142177,142178,142182,4,1
142177,142181,142183,2,4
142177,142182,142184,2,5
142177,142181,142184,3,4
142177,142181,142184,3,4
142177,142181,142184,3,4
142177,142181,142184,3,4
142177,142181,142183,2,4
142177,142181,142184,3,4
142177,142181,142184,3,4
142177,142182,142184,2,5
142177,142181,142184,3,4
142177,142182,142184,2,5
142177,142182,142185,3,5
142177,142181,142184,3,4
142177,142182,142185,3,5
142177,142182,142185,3,5
142177,142181,142185,4,4
142177,142182,142184,2,5
142177,142182,142185,3,5
142177,142181,142185,4,4
142177,142182,142185,3,5
142177,142182,142185,3,5
142177,142182,142185,3,5
142177,142182,142185,3,5
142177,142182,142185,3,5
142177,142182,142185,3,5
142177,142182,142185,3,5
142177,142182,142185,3,5
142177,142183,142185,2,6
142177,142182,142185,3,5
142177,142182,142185,3,5
142177,142182,142185,3,5
142177,142182,142185,3,5
142177,142182,142185,3,5
142177,142183,142185,2,6
142177,142182,142186,4,5
142177,142182,142186,4,5
142177,142183,142186,3,6
142177,142182,142186,4,5
142177,142182,142186,4,5
142177,142183,142186,3,6
142177,142182,142186,4,5
142177,142183,142185,2,6
142177,142182,142186,4,5
142177,142183,142185,2,6
142177,142182,142186,4,5
142177,142182,142186,4,5
142177,142183,142186,3,6
142177,142183,142186,3,6
142177,142182,142186,4,5
142177,142182,142186,4,5
142177,142183,142186,3,6
142177,142183,142186,3,6
142177,142184,142186,2,7
142177,142183,142186,3,6
142177,142183,142186,3,6
142177,142183,142187,4,6
142177,142183,142186,3,6
142177,142183,142186,3,6
142177,142185,142188,3,8
142177,142184,142188,4,7
142177,142186,142188,2,9
142177,142184,142187,3,7
142177,142184,142188,4,7
142177,142186,142188,2,9
142177,142185,142188,3,8
142177,142185,142189,4,8
142177,142185,142188,3,8
142177,142185,142189,4,8
142177,142186,142189,3,9
142177,142185,142189,4,8
142177,142185,142189,4,8
142177,142186,142189,3,9
142177,142186,142189,3,9
142177,142185,142190,5,8
142177,142184,142189,5,7
142177,142185,142189,4,8
142177,142185,142189,4,8
142177,142186,142189,3,9
142177,142184,142189,5,7
142177,142184,142189,5,7
142177,142186,142189,3,9
142177,142186,142189,3,9
142177,142186,142189,3,9
142177,142185,142189,4,8
142177,142185,142189,4,8
142177,142185,142189,4,8
142177,142186,142189,3,9
142177,142185,142190,5,8
142177,142185,142190,5,8
142177,142185,142190,5,8
142177,142185,142190,5,8
142177,142185,142189,4,8
142177,142186,142190,4,9
142177,142185,142190,5,8
142177,142185,142190,5,8
142177,142186,142189,3,9
142177,142186,142190,4,9
142177,142185,142190,5,8
142177,142185,142190,5,8
142177,142186,142190,4,9
142177,142188,142190,2,11
142177,142188,142190,2,11
142177,142185,142190,5,8
142177,142185,142190,5,8
142177,142185,142190,5,8
142177,142186,142190,4,9
142177,142188,142190,2,11
142177,142188,142190,2,11
142177,142188,142190,2,11
142177,142185,142190,5,8
142177,142185,142190,5,8
142177,142186,142190,4,9
142177,142189,142190,1,12
142177,142188,142191,3,11
142177,142189,142191,2,12
142177,142185,142191,6,8
142177,142187,142191,4,10
142177,142185,142191,6,8
142177,142186,142191,5,9
142177,142187,142191,4,10
142177,142188,142191,3,11
142177,142185,142191,6,8
142177,142188,142191,3,11
142177,142186,142191,5,9
142177,142189,142191,2,12
142177,142190,142192,2,13
142177,142188,142192,4,11
142177,142190,142193,3,13
142177,142190,142193,3,13
142177,142188,142192,4,11
142177,142188,142192,4,11
142177,142190,142193,3,13
142177,142190,142192,2,13
142177,142190,142192,2,13
142177,142190,142193,3,13
142177,142190,142192,2,13
142177,142190,142193,3,13
142177,142189,142193,4,12
142177,142189,142193,4,12
142177,142189,142193,4,12
142177,142190,142194,4,13
142177,142190,142193,3,13
142177,142190,142193,3,13
142177,142191,142193,2,14
142177,142190,142193,3,13
142177,142190,142193,3,13
142177,142190,142193,3,13
142177,142190,142194,4,13
142177,142190,142194,4,13
142177,142190,142194,4,13
142177,142190,142193,3,13
142177,142191,142194,3,14
142177,142190,142194,4,13
142177,142190,142194,4,13
142177,142190,142194,4,13
142177,142191,142195,4,14
142177,142191,142194,3,14
142177,142191,142194,3,14
142177,142190,142194,4,13
142177,142191,142194,3,14
142177,142191,142194,3,14
142177,142191,142194,3,14
142177,142191,142194,3,14
142177,142191,142195,4,14
142177,142191,142194,3,14
142177,142192,142195,3,15
142177,142192,142195,3,15
142177,142190,142195,5,13
142177,142191,142194,3,14
142178,142192,142195,3,14
142178,142192,142195,3,14
142177,142190,142194,4,13
142177,142191,142194,3,14
142177,142191,142194,3,14
142177,142191,142194,3,14
142178,142192,142195,3,14
142177,142191,142194,3,14
142177,142191,142195,4,14
142177,142190,142195,5,13
142177,142191,142195,4,14
142177,142190,142195,5,13
142177,142191,142195,4,14
142177,142191,142195,4,14
142177,142192,142196,4,15
142177,142192,142195,3,15
142178,142193,142196,3,15
142178,142192,142196,4,14
142178,142192,142196,4,14
142178,142193,142196,3,15
142178,142193,142196,3,15
142178,142193,142196,3,15
142178,142194,142197,3,16
142178,142194,142197,3,16
142178,142194,142197,3,16
142178,142193,142196,3,15
142178,142193,142196,3,15
142178,142193,142196,3,15
142178,142193,142197,4,15
142178,142193,142197,4,15
142178,142193,142196,3,15
142178,142193,142197,4,15
142178,142194,142197,3,16
142178,142193,142197,4,15
142178,142194,142197,3,16
142178,142193,142197,4,15
142178,142194,142197,3,16
142178,142196,142197,1,18
142178,142195,142197,2,17
142178,142196,142197,1,18
142178,142195,142197,2,17
142178,142196,142197,1,18
142178,142194,142197,3,16
142178,142194,142198,4,16
142178,142195,142197,2,17
142178,142195,142197,2,17
142178,142195,142198,3,17
142178,142195,142197,2,17
142178,142195,142197,2,17
142178,142195,142198,3,17
142178,142194,142197,3,16
142178,142194,142198,4,16
142178,142195,142198,3,17
142178,142194,142198,4,16
142178,142194,142197,3,16
142178,142195,142198,3,17
142178,142195,142198,3,17
142178,142194,142197,3,16
142178,142195,142198,3,17
142178,142195,142198,3,17
142178,142195,142198,3,17
142178,142195,142198,3,17
142178,142195,142198,3,17
142178,142196,142199,3,18
142178,142195,142198,3,17
142178,142195,142198,3,17
142178,142195,142199,4,17
142178,142195,142199,4,17
142178,142195,142199,4,17
142178,142195,142199,4,17
142178,142195,142199,4,17
142178,142196,142199,3,18
142178,142197,142199,2,19
142178,142197,142200,3,19
142178,142195,142199,4,17
142178,142197,142200,3,19
142178,142195,142199,4,17
142178,142196,142199,3,18
142178,142196,142199,3,18
142178,142196,142200,4,18
142178,142197,142200,3,19
142178,142197,142200,3,19
142178,142197,142200,3,19
142178,142195,142200,5,17
142178,142196,142200,4,18
142178,142197,142201,4,19
142178,142198,142201,3,20
142178,142197,142200,3,19
142178,142197,142201,4,19
142178,142199,142201,2,21
142178,142197,142200,3,19
142178,142197,142201,4,19
142178,142198,142201,3,20
142178,142198,142200,2,20
142178,142198,142201,3,20
142178,142197,142201,4,19
142178,142197,142201,4,19
142178,142198,142201,3,20
142178,142198,142201,3,20
142178,142198,142201,3,20
142178,142197,142201,4,19
142178,142197,142201,4,19
142178,142198,142201,3,20
142178,142198,142201,3,20
142178,142197,142201,4,19
142178,142197,142201,4,19
142178,142198,142201,3,20
142178,142198,142201,3,20
142178,142197,142201,4,19
142178,142198,142201,3,20
142178,142198,142201,3,20
142178,142199,142201,2,21
142178,142199,142202,3,21
142178,142198,142202,4,20
142178,142198,142201,3,20
142178,142199,142201,2,21
142178,142199,142202,3,21
142178,142198,142202,4,20
142178,142201,142202,1,23
142178,142201,142202,1,23
142178,142198,142202,4,20
142178,142198,142202,4,20
142178,142198,142201,3,20
142178,142199,142202,3,21
142178,142198,142202,4,20
142178,142198,142202,4,20
142178,142199,142202,3,21
142178,142199,142202,3,21
142178,142199,142202,3,21
142178,142200,142202,2,22
142178,142200,142203,3,22
142178,142198,142202,4,20
142178,142201,142202,1,23
142178,142199,142202,3,21
142178,142201,142203,2,23
142178,142198,142203,5,20
142178,142199,142202,3,21
142178,142199,142203,4,21
142178,142202,142204,2,24
142178,142201,142203,2,23
142178,142201,142204,3,23
142178,142200,142204,4,22
142178,142201,142204,3,23
142178,142200,142203,3,22
142178,142200,142204,4,22
142178,142202,142204,2,24
142178,142200,142204,4,22
142178,142200,142204,4,22
142178,142201,142204,3,23
142178,142201,142204,3,23
142178,142201,142204,3,23
142178,142201,142204,3,23
142178,142201,142204,3,23
142178,142201,142204,3,23
142178,142202,142204,2,24
142178,142200,142204,4,22
142178,142201,142204,3,23
142178,142202,142204,2,24
142178,142202,142204,2,24
142178,142202,142204,2,24
142178,142201,142204,3,23
142178,142201,142204,3,23
142178,142202,142205,3,24
142178,142201,142205,4,23
142178,142202,142205,3,24
142178,142202,142205,3,24
142178,142202,142205,3,24
142178,142202,142205,3,24
142178,142201,142205,4,23
142178,142202,142205,3,24
142178,142202,142205,3,24
142178,142202,142205,3,24
142178,142202,142205,3,24
142178,142202,142205,3,24
142178,142200,142205,5,22
142178,142201,142205,4,23
142178,142202,142205,3,24
142178,142200,142205,5,22
142178,142202,142205,3,24
142178,142202,142205,3,24
142178,142203,142205,2,25
142178,142203,142205,2,25
142178,142202,142205,3,24
142178,142202,142205,3,24
142178,142203,142206,3,25
142178,142202,142205,3,24
142178,142202,142205,3,24
142178,142203,142206,3,25
142178,142203,142206,3,25
142178,142203,142206,3,25
142178,142204,142206,2,26
142178,142202,142206,4,24
142178,142204,142207,3,26
142178,142204,142206,2,26
142178,142203,142206,3,25
142178,142205,142207,2,27
142178,142203,142206,3,25
142178,142204,142206,2,26
142178,142203,142206,3,25
142178,142205,142207,2,27
142178,142205,142206,1,27
142178,142205,142206,1,27
142178,142205,142206,1,27
142178,142203,142206,3,25
142178,142205,142207,2,27
142178,142204,142207,3,26
142178,142204,142207,3,26
142178,142205,142207,2,27
142178,142204,142207,3,26
142178,142204,142207,3,26
142178,142205,142208,3,27
142178,142206,142208,2,28
142178,142205,142208,3,27
142178,142205,142208,3,27
142178,142204,142208,4,26
142178,142205,142207,2,27
142178,142206,142208,2,28
142178,142204,142207,3,26
142178,142205,142208,3,27
142178,142205,142208,3,27
142178,142205,142208,3,27
142178,142203,142208,5,25
142178,142206,142208,2,28
142178,142205,142208,3,27
142178,142205,142208,3,27
142178,142205,142208,3,27
142178,142205,142208,3,27
142178,142206,142208,2,28
142178,142206,142209,3,28
142178,142205,142208,3,27
142178,142206,142208,2,28
142178,142206,142208,2,28
142178,142206,142208,2,28
142178,142205,142208,3,27
142178,142206,142209,3,28
142178,142206,142208,2,28
142178,142206,142209,3,28
142178,142206,142208,2,28
142178,142206,142209,3,28
142178,142206,142208,2,28
142178,142206,142209,3,28
142178,142205,142208,3,27
142178,142206,142209,3,28
142178,142206,142209,3,28
142178,142205,142208,3,27
142178,142205,142208,3,27
142178,142205,142209,4,27
142178,142206,142209,3,28
142178,142207,142209,2,29
142178,142207,142209,2,29
142178,142207,142209,2,29
142178,142206,142209,3,28
142178,142206,142209,3,28
142246,142246,142248,2,0
142246,142246,142249,3,0
142246,142246,142248,2,0
142246,142246,142249,3,0
142246,142246,142249,3,0
142246,142246,142249,3,0
141300,141306,142249,943,6
142246,142246,142249,3,0
142246,142246,142250,4,0
142246,142246,142250,4,0
142246,142246,142250,4,0
142246,142246,142250,4,0
142246,142246,142250,4,0
142246,142246,142250,4,0
142246,142246,142250,4,0
142246,142246,142251,5,0
142246,142246,142251,5,0
142246,142246,142251,5,0
142246,142246,142250,4,0
142246,142246,142250,4,0
142246,142246,142251,5,0
142246,142249,142251,2,3
142246,142246,142251,5,0
142246,142246,142251,5,0
142246,142246,142251,5,0
142246,142246,142251,5,0
142246,142246,142251,5,0
142246,142246,142251,5,0
142246,142246,142251,5,0
142246,142246,142251,5,0
142246,142246,142251,5,0
142246,142246,142251,5,0
142246,142246,142251,5,0
142246,142247,142251,4,1
142246,142246,142250,4,0
142246,142246,142251,5,0
142246,142246,142251,5,0
142246,142246,142251,5,0
142246,142246,142251,5,0
142246,142246,142250,4,0
142246,142246,142251,5,0
142246,142246,142251,5,0
142246,142246,142251,5,0
142246,142246,142252,6,0
142246,142246,142252,6,0
142246,142246,142252,6,0
142246,142246,142252,6,0
142246,142246,142252,6,0
142246,142246,142252,6,0
142246,142246,142252,6,0
142246,142246,142252,6,0
142246,142246,142252,6,0
142246,142249,142251,2,3
142246,142246,142251,5,0
142246,142249,142252,3,3
142246,142246,142252,6,0
142246,142246,142252,6,0
142246,142246,142251,5,0
142246,142246,142251,5,0
142246,142246,142252,6,0
142246,142246,142252,6,0
142246,142247,142252,5,1
142246,142246,142251,5,0
142246,142246,142252,6,0
142246,142250,142252,2,4
142246,142250,142253,3,4
142246,142249,142253,4,3
142246,142250,142253,3,4
142246,142250,142253,3,4
142246,142249,142253,4,3
142246,142250,142253,3,4
142246,142250,142254,4,4
142246,142251,142254,3,5
142246,142250,142254,4,4
142246,142251,142254,3,5
142246,142251,142254,3,5
142246,142249,142254,5,3
142246,142251,142254,3,5
142246,142251,142254,3,5
142246,142251,142254,3,5
142246,142251,142254,3,5
142246,142250,142255,5,4
142246,142250,142255,5,4
142246,142251,142255,4,5
142246,142251,142255,4,5
142246,142251,142255,4,5
142246,142251,142255,4,5
142246,142251,142255,4,5
142246,142253,142255,2,7
142246,142251,142255,4,5
142246,142251,142255,4,5
142246,142251,142256,5,5
142246,142252,142255,3,6
142246,142251,142255,4,5
142246,142251,142255,4,5
142246,142251,142255,4,5
142246,142251,142256,5,5
142246,142251,142256,5,5
142246,142251,142255,4,5
142246,142251,142255,4,5
142246,142252,142255,3,6
142246,142251,142255,4,5
142246,142251,142256,5,5
142246,142251,142256,5,5
142246,142252,142256,4,6
142246,142252,142256,4,6
142246,142252,142256,4,6
142246,142252,142256,4,6
142246,142252,142256,4,6
142246,142252,142257,5,6
142246,142252,142256,4,6
142246,142253,142256,3,7
142246,142253,142256,3,7
142246,142253,142256,3,7
142246,142253,142256,3,7
142246,142253,142256,3,7
142246,142253,142256,3,7
142246,142254,142257,3,8
142246,142253,142256,3,7
142246,142253,142256,3,7
142246,142253,142256,3,7
142246,142253,142257,4,7
142246,142253,142256,3,7
142246,142253,142256,3,7
142246,142253,142256,3,7
142246,142253,142257,4,7
142246,142254,142257,3,8
142246,142254,142257,3,8
142246,142252,142257,5,6
142246,142253,142257,4,7
142246,142255,142258,3,9
142246,142254,142257,3,8
142246,142253,142257,4,7
142246,142255,142258,3,9
142246,142255,142258,3,9
142246,142255,142257,2,9
142246,142255,142257,2,9
142246,142256,142258,2,10
142246,142254,142258,4,8
142246,142257,142258,1,11
142246,142257,142258,1,11
142246,142254,142258,4,8
142246,142254,142258,4,8
142246,142255,142258,3,9
142246,142255,142258,3,9
142246,142256,142259,3,10
142246,142256,142259,3,10
142246,142257,142259,2,11
142246,142256,142258,2,10
142246,142256,142258,2,10
142246,142256,142258,2,10
142246,142257,142259,2,11
142246,142256,142258,2,10
142246,142257,142259,2,11
142246,142257,142258,1,11
142246,142255,142258,3,9
142246,142255,142259,4,9
142246,142255,142259,4,9
142246,142257,142259,2,11
142246,142257,142259,2,11
142246,142256,142259,3,10
142246,142256,142259,3,10
142246,142257,142260,3,11
142246,142256,142259,3,10
142246,142256,142259,3,10
142246,142257,142260,3,11
142246,142256,142260,4,10
142246,142256,142260,4,10
142246,142257,142260,3,11
142246,142257,142260,3,11
142246,142256,142260,4,10
142246,142256,142259,3,10
142246,142257,142259,2,11
142246,142256,142259,3,10
142246,142256,142259,3,10
142246,142256,142259,3,10
142246,142257,142259,2,11
142246,142255,142260,5,9
142246,142257,142260,3,11
142246,142257,142260,3,11
142246,142257,142260,3,11
142246,142257,142261,4,11
142246,142257,142260,3,11
142246,142258,142261,3,12
142246,142258,142261,3,12
142246,142257,142261,4,11
142246,142257,142261,4,11
142246,142257,142260,3,11
142246,142258,142261,3,12
142246,142257,142261,4,11
142246,142258,142261,3,12
142246,142258,142261,3,12
142246,142258,142262,4,12
142246,142257,142261,4,11
142246,142258,142261,3,12
142246,142258,142261,3,12
142246,142260,142262,2,14
142246,142259,142262,3,13
142246,142257,142262,5,11
142246,142258,142261,3,12
142246,142258,142262,4,12
142246,142259,142261,2,13
142246,142259,142261,2,13
142246,142259,142262,3,13
142246,142258,142262,4,12
142246,142259,142262,3,13
142246,142259,142263,4,13
142246,142260,142262,2,14
142246,142259,142262,3,13
142246,142260,142263,3,14
142246,142260,142262,2,14
142246,142260,142263,3,14
142246,142259,142263,4,13
142246,142259,142262,3,13
142246,142260,142262,2,14
142246,142260,142263,3,14
142246,142260,142263,3,14
142246,142259,142262,3,13
142246,142260,142262,2,14
142246,142259,142262,3,13
142246,142259,142263,4,13
142246,142260,142263,3,14
142246,142260,142262,2,14
142246,142259,142263,4,13
142246,142259,142263,4,13
142246,142260,142263,3,14
142246,142260,142263,3,14
142246,142260,142263,3,14
142246,142260,142263,3,14
142246,142259,142263,4,13
142246,142260,142263,3,14
142246,142261,142263,2,15
142246,142260,142263,3,14
142246,142261,142263,2,15
142246,142259,142263,4,13
142246,142260,142263,3,14
142246,142259,142263,4,13
142246,142260,142263,3,14
142246,142260,142263,3,14
142246,142260,142263,3,14
142246,142261,142264,3,15
141359,141366,142283,917,7
142297,142297,142300,3,0
142297,142297,142300,3,0
142297,142297,142300,3,0
142297,142297,142300,3,0
142297,142297,142300,3,0
142297,142297,142300,3,0
142297,142297,142301,4,0
142297,142297,142301,4,0
142297,142297,142300,3,0
142297,142297,142301,4,0
142297,142298,142300,2,1
142297,142297,142301,4,0
142297,142297,142301,4,0
142297,142297,142301,4,0
142297,142297,142301,4,0
142297,142297,142301,4,0
142297,142297,142301,4,0
142297,142297,142301,4,0
142297,142297,142301,4,0
142297,142297,142301,4,0
142297,142297,142301,4,0
142297,142297,142301,4,0
142297,142297,142301,4,0
142297,142297,142301,4,0
142297,142297,142300,3,0
142297,142297,142301,4,0
142297,142297,142301,4,0
142297,142297,142301,4,0
142297,142297,142301,4,0
142297,142297,142301,4,0
142297,142297,142301,4,0
142297,142297,142301,4,0
142297,142297,142301,4,0
142297,142297,142301,4,0
142297,142297,142301,4,0
142297,142297,142301,4,0
142297,142297,142301,4,0
142297,142297,142301,4,0
142297,142297,142301,4,0
142297,142297,142302,5,0
142297,142297,142301,4,0
142297,142297,142302,5,0
142297,142297,142302,5,0
142297,142297,142301,4,0
142297,142297,142302,5,0
142297,142297,142302,5,0
142297,142297,142301,4,0
142297,142297,142302,5,0
142297,142297,142301,4,0
142297,142297,142301,4,0
142297,142297,142301,4,0
142297,142297,142302,5,0
142297,142297,142302,5,0
142297,142297,142302,5,0
142297,142297,142302,5,0
142297,142297,142302,5,0
142297,142300,142303,3,3
142297,142297,142303,6,0
142297,142301,142304,3,4
142297,142301,142304,3,4
142297,142301,142304,3,4
142297,142301,142304,3,4
142297,142301,142304,3,4
142297,142301,142303,2,4
142297,142301,142304,3,4
142297,142301,142304,3,4
142297,142301,142304,3,4
142297,142300,142304,4,3
142297,142301,142304,3,4
142297,142301,142304,3,4
142297,142301,142304,3,4
142297,142300,142305,5,3
142297,142301,142305,4,4
142297,142302,142304,2,5
142297,142302,142304,2,5
142297,142303,142304,1,6
142297,142300,142305,5,3
142297,142301,142305,4,4
142297,142302,142304,2,5
142297,142302,142304,2,5
142297,142303,142304,1,6
142297,142301,142304,3,4
142297,142302,142305,3,5
142297,142302,142305,3,5
142297,142302,142305,3,5
142297,142302,142305,3,5
142297,142301,142305,4,4
142297,142301,142305,4,4
142297,142302,142305,3,5
142297,142302,142305,3,5
142297,142301,142305,4,4
142297,142302,142305,3,5
142297,142301,142305,4,4
142297,142301,142305,4,4
142297,142301,142305,4,4
142297,142303,142305,2,6
142297,142304,142305,1,7
142297,142301,142305,4,4
142297,142301,142305,4,4
142297,142301,142305,4,4
142297,142303,142305,2,6
142297,142303,142305,2,6
142297,142303,142305,2,6
142297,142300,142305,5,3
142297,142301,142305,4,4
142297,142302,142305,3,5
142297,142300,142305,5,3
142297,142302,142305,3,5
142297,142302,142305,3,5
142297,142302,142306,4,5
142297,142302,142306,4,5
142297,142303,142306,3,6
142297,142304,142306,2,7
142297,142303,142306,3,6
142297,142305,142306,1,8
142297,142305,142306,1,8
142297,142304,142307,3,7
142297,142304,142307,3,7
142297,142304,142307,3,7
142297,142305,142308,3,8
142297,142306,142307,1,9
142297,142306,142308,2,9
142297,142305,142308,3,8
142297,142305,142308,3,8
142297,142304,142308,4,7
142297,142304,142308,4,7
142297,142304,142308,4,7
142297,142306,142308,2,9
142297,142305,142308,3,8
142297,142305,142309,4,8
142297,142306,142309,3,9
142297,142306,142309,3,9
142297,142306,142309,3,9
142297,142306,142309,3,9
142297,142305,142308,3,8
142297,142306,142308,2,9
142297,142306,142309,3,9
142297,142306,142308,2,9
142297,142306,142308,2,9
142297,142305,142308,3,8
142297,142305,142309,4,8
142297,142305,142308,3,8
142297,142305,142308,3,8
142297,142305,142308,3,8
142297,142306,142308,2,9
142297,142306,142308,2,9
142297,142305,142308,3,8
142297,142305,142308,3,8
142297,142306,142309,3,9
142297,142306,142308,2,9
142297,142305,142308,3,8
142297,142305,142309,4,8
142297,142306,142309,3,9
142297,142306,142309,3,9
142297,142306,142309,3,9
142297,142306,142309,3,9
142297,142308,142309,1,11
142297,142306,142309,3,9
142297,142308,142309,1,11
142297,142308,142309,1,11
142297,142306,142309,3,9
142297,142306,142309,3,9
142297,142308,142309,1,11
142297,142305,142309,4,8
142297,142306,142309,3,9
142297,142306,142310,4,9
142297,142306,142309,3,9
142297,142308,142310,2,11
142297,142306,142310,4,9
142297,142306,142310,4,9
142297,142307,142310,3,10
142297,142307,142310,3,10
142297,142307,142310,3,10
142297,142306,142310,4,9
142297,142307,142310,3,10
142297,142308,142311,3,11
142297,142309,142311,2,12
142297,142307,142311,4,10
142297,142307,142310,3,10
142297,142309,142312,3,12
142297,142309,142312,3,12
142297,142309,142312,3,12
142297,142309,142311,2,12
142297,142309,142311,2,12
142297,142309,142312,3,12
142297,142309,142311,2,12
142297,142309,142312,3,12
142297,142309,142312,3,12
142297,142309,142312,3,12
142297,142308,142311,3,11
142297,142309,142311,2,12
142297,142309,142312,3,12
142297,142309,142311,2,12
142297,142309,142312,3,12
142297,142309,142312,3,12
142297,142309,142312,3,12
142297,142310,142312,2,13
142297,142310,142312,2,13
142297,142309,142312,3,12
142297,142309,142312,3,12
142297,142310,142312,2,13
142297,142310,142312,2,13
142297,142310,142312,2,13
142297,142309,142312,3,12
142297,142309,142313,4,12
142297,142309,142312,3,12
142297,142310,142312,2,13
142297,142310,142313,3,13
142297,142309,142312,3,12
142297,142309,142312,3,12
142297,142309,142313,4,12
142297,142310,142313,3,13
142297,142309,142313,4,12
142297,142310,142313,3,13
142297,142310,142313,3,13
142297,142309,142313,4,12
142297,142309,142313,4,12
142297,142309,142313,4,12
142297,142310,142313,3,13
142297,142309,142312,3,12
142297,142309,142313,4,12
142297,142310,142312,2,13
142297,142311,142313,2,14
142297,142309,142312,3,12
142297,142311,142313,2,14
142297,142311,142313,2,14
142297,142311,142313,2,14
142297,142311,142314,3,14
142297,142310,142313,3,13
142297,142311,142313,2,14
142297,142311,142313,2,14
142297,142311,142314,3,14
142297,142311,142313,2,14
142297,142311,142314,3,14
142297,142311,142314,3,14
141486,141493,142313,820,7
142297,142298,142302,4,1
142297,142298,142301,3,1
142297,142298,142301,3,1
142297,142298,142302,4,1
141452,141459,142319,860,7
142297,142319,142322,3,22
141363,141376,142330,954,13
142349,142349,142351,2,0
142349,142349,142351,2,0
142349,142349,142351,2,0
142349,142349,142352,3,0
142349,142349,142352,3,0
142349,142349,142352,3,0
142349,142349,142352,3,0
142349,142349,142351,2,0
142349,142349,142351,2,0
142349,142349,142352,3,0
142349,142349,142352,3,0
142349,142349,142352,3,0
142349,142350,142352,2,1
142349,142349,142353,4,0
142349,142349,142353,4,0
142349,142349,142353,4,0
142349,142349,142353,4,0
142349,142349,142353,4,0
142349,142349,142353,4,0
142349,142349,142353,4,0
142349,142349,142353,4,0
142349,142349,142353,4,0
142349,142349,142352,3,0
142349,142349,142353,4,0
142349,142349,142353,4,0
142349,142349,142353,4,0
142349,142349,142353,4,0
142349,142349,142353,4,0
142349,142349,142353,4,0
142349,142349,142353,4,0
142349,142349,142353,4,0
142349,142349,142353,4,0
142349,142349,142353,4,0
142349,142349,142353,4,0
142349,142349,142353,4,0
142349,142349,142353,4,0
142349,142349,142353,4,0
142349,142350,142353,3,1
142349,142349,142353,4,0
142349,142349,142353,4,0
142349,142349,142354,5,0
142349,142349,142353,4,0
142349,142349,142353,4,0
142349,142349,142354,5,0
142349,142349,142353,4,0
142349,142349,142353,4,0
142349,142349,142354,5,0
142349,142349,142354,5,0
142349,142349,142353,4,0
142349,142349,142354,5,0
142349,142349,142354,5,0
142349,142349,142354,5,0
142349,142349,142353,4,0
142349,142349,142353,4,0
142349,142349,142354,5,0
142349,142349,142354,5,0
142349,142349,142353,4,0
142349,142350,142353,3,1
142349,142349,142354,5,0
142349,142352,142355,3,3
142349,142352,142355,3,3
142349,142352,142355,3,3
142349,142352,142355,3,3
142349,142352,142355,3,3
142349,142352,142355,3,3
142349,142352,142355,3,3
142349,142353,142356,3,4
142349,142353,142356,3,4
142349,142351,142356,5,2
142349,142352,142356,4,3
142349,142353,142356,3,4
142349,142353,142356,3,4
142349,142353,142356,3,4
142349,142352,142356,4,3
142349,142352,142356,4,3
142349,142352,142356,4,3
142349,142352,142356,4,3
142349,142354,142356,2,5
142349,142354,142356,2,5
142349,142354,142356,2,5
142349,142353,142356,3,4
142349,142353,142356,3,4
142349,142353,142357,4,4
142349,142354,142357,3,5
142349,142354,142357,3,5
142349,142353,142357,4,4
142349,142353,142357,4,4
142349,142353,142357,4,4
142349,142353,142357,4,4
142349,142355,142357,2,6
142349,142353,142357,4,4
142349,142353,142357,4,4
142349,142353,142357,4,4
142349,142355,142357,2,6
142349,142355,142357,2,6
142349,142355,142357,2,6
142349,142353,142357,4,4
142349,142353,142357,4,4
142349,142353,142357,4,4
142349,142355,142358,3,6
142349,142355,142358,3,6
142349,142355,142357,2,6
142349,142353,142357,4,4
142349,142355,142357,2,6
142349,142355,142357,2,6
142349,142355,142357,2,6
142349,142355,142357,2,6
142349,142355,142357,2,6
142349,142354,142357,3,5
142349,142354,142357,3,5
142349,142354,142358,4,5
142349,142354,142358,4,5
142349,142356,142358,2,7
142349,142356,142359,3,7
142349,142355,142358,3,6
142349,142355,142358,3,6
142349,142355,142358,3,6
142349,142355,142358,3,6
142349,142357,142359,2,8
142349,142357,142358,1,8
142349,142357,142358,1,8
142349,142357,142358,1,8
142349,142355,142358,3,6
142349,142356,142359,3,7
142349,142355,142359,4,6
142349,142355,142359,4,6
142349,142356,142359,3,7
142349,142356,142359,3,7
142349,142357,142360,3,8
142349,142357,142360,3,8
142349,142357,142360,3,8
142349,142357,142360,3,8
142349,142357,142360,3,8
142349,142357,142360,3,8
142349,142356,142360,4,7
142349,142358,142360,2,9
142349,142357,142360,3,8
142349,142357,142360,3,8
142349,142357,142360,3,8
142349,142358,142361,3,9
142349,142358,142360,2,9
142349,142358,142360,2,9
142349,142357,142360,3,8
142349,142358,142361,3,9
142349,142358,142361,3,9
142349,142357,142360,3,8
142349,142358,142360,2,9
142349,142358,142361,3,9
142349,142358,142360,2,9
142349,142358,142360,2,9
142349,142358,142361,3,9
142349,142358,142361,3,9
142349,142358,142361,3,9
142349,142358,142361,3,9
142349,142358,142361,3,9
142349,142358,142361,3,9
142349,142358,142361,3,9
142349,142358,142361,3,9
142349,142358,142361,3,9
142349,142358,142361,3,9
142349,142358,142362,4,9
142349,142358,142361,3,9
142349,142358,142362,4,9
142349,142358,142361,3,9
142349,142358,142361,3,9
142349,142358,142361,3,9
142349,142359,142362,3,10
142349,142359,142362,3,10
142349,142359,142362,3,10
142349,142359,142362,3,10
142349,142359,142362,3,10
142349,142359,142362,3,10
142349,142359,142362,3,10
142349,142359,142362,3,10
142349,142360,142363,3,11
142349,142361,142362,1,12
142349,142361,142363,2,12
142349,142358,142362,4,9
142349,142359,142362,3,10
142349,142361,142363,2,12
142349,142361,142362,1,12
142349,142358,142362,4,9
142349,142359,142363,4,10
142349,142361,142363,2,12
142349,142359,142363,4,10
142349,142359,142363,4,10
142349,142359,142363,4,10
142349,142359,142363,4,10
142349,142360,142363,3,11
142349,142360,142363,3,11
142349,142361,142363,2,12
142349,142361,142364,3,12
142349,142361,142363,2,12
142349,142360,142363,3,11
142349,142361,142364,3,12
142349,142360,142363,3,11
142349,142360,142363,3,11
142349,142360,142364,4,11
142349,142360,142364,4,11
142349,142361,142363,2,12
142349,142361,142364,3,12
142349,142361,142364,3,12
142349,142360,142364,4,11
142349,142362,142364,2,13
142349,142361,142364,3,12
142349,142361,142364,3,12
142349,142361,142364,3,12
142349,142362,142364,2,13
142349,142362,142364,2,13
142349,142362,142364,2,13
142349,142362,142365,3,13
142349,142362,142365,3,13
142349,142362,142365,3,13
142349,142362,142365,3,13
142349,142362,142365,3,13
142349,142362,142365,3,13
142349,142362,142365,3,13
142349,142362,142365,3,13
142349,142362,142365,3,13
142349,142361,142365,4,12
142349,142361,142364,3,12
142349,142362,142365,3,13
142349,142362,142365,3,13
142349,142362,142365,3,13
142349,142362,142365,3,13
142349,142362,142365,3,13
142349,142362,142365,3,13
142349,142363,142366,3,14
142349,142363,142365,2,14
142349,142363,142365,2,14
142349,142363,142366,3,14
142349,142363,142366,3,14
142349,142363,142365,2,14
142349,142363,142366,3,14
142349,142363,142366,3,14
142349,142349,142354,5,0
142349,142349,142354,5,0
142349,142349,142354,5,0
142349,142349,142353,4,0
142349,142371,142374,3,22
141438,141446,142380,934,8
142406,142406,142408,2,0
142406,142406,142408,2,0
142406,142406,142409,3,0
142406,142406,142408,2,0
142406,142406,142408,2,0
142406,142406,142408,2,0
142406,142406,142409,3,0
142406,142406,142409,3,0
142406,142406,142409,3,0
142406,142406,142409,3,0
142406,142406,142408,2,0
142406,142406,142409,3,0
142406,142406,142410,4,0
142406,142406,142410,4,0
142406,142406,142410,4,0
142406,142406,142410,4,0
142406,142406,142410,4,0
142406,142406,142410,4,0
142406,142406,142409,3,0
142406,142406,142410,4,0
142406,142406,142410,4,0
142406,142406,142410,4,0
142406,142406,142409,3,0
142406,142406,142409,3,0
142406,142406,142410,4,0
142406,142406,142409,3,0
142406,142406,142409,3,0
142406,142406,142410,4,0
142406,142406,142410,4,0
142406,142406,142410,4,0
142406,142406,142410,4,0
142406,142406,142410,4,0
142406,142406,142410,4,0
142406,142406,142409,3,0
142406,142406,142410,4,0
142406,142406,142410,4,0
142406,142406,142409,3,0
142406,142406,142409,3,0
142406,142406,142410,4,0
142406,142406,142409,3,0
142406,142406,142410,4,0
142406,142406,142410,4,0
142406,142406,142409,3,0
142406,142406,142410,4,0
142406,142406,142410,4,0
142406,142406,142410,4,0
142406,142408,142411,3,2
142406,142406,142410,4,0
142406,142406,142410,4,0
142406,142406,142410,4,0
142406,142408,142411,3,2
142406,142406,142410,4,0
142406,142406,142411,5,0
142406,142406,142410,4,0
142406,142406,142410,4,0
142406,142406,142411,5,0
142406,142406,142410,4,0
142406,142406,142410,4,0
142406,142406,142411,5,0
142406,142406,142410,4,0
142406,142406,142410,4,0
142406,142406,142411,5,0
142406,142406,142411,5,0
142406,142406,142412,6,0
142406,142409,142412,3,3
142406,142406,142411,5,0
142406,142409,142412,3,3
142406,142409,142412,3,3
142406,142410,142412,2,4
142406,142409,142412,3,3
142406,142410,142413,3,4
142406,142410,142413,3,4
142406,142410,142413,3,4
142406,142409,142413,4,3
142406,142409,142413,4,3
142406,142410,142413,3,4
142406,142410,142413,3,4
142406,142410,142412,2,4
142406,142410,142412,2,4
142406,142411,142413,2,5
142406,142409,142413,4,3
142406,142410,142413,3,4
142406,142409,142413,4,3
142406,142410,142413,3,4
142406,142410,142413,3,4
142406,142410,142413,3,4
142406,142409,142413,4,3
142406,142410,142413,3,4
142406,142410,142413,3,4
142406,142409,142413,4,3
142406,142410,142413,3,4
142406,142410,142413,3,4
142406,142410,142413,3,4
142406,142410,142413,3,4
142406,142410,142414,4,4
142406,142410,142414,4,4
142406,142411,142413,2,5
142406,142410,142414,4,4
142406,142410,142413,3,4
142406,142410,142414,4,4
142406,142410,142413,3,4
142406,142410,142413,3,4
142406,142410,142414,4,4
142406,142410,142414,4,4
142406,142410,142414,4,4
142406,142411,142414,3,5
142406,142411,142414,3,5
142406,142410,142414,4,4
142406,142411,142414,3,5
142406,142411,142414,3,5
142406,142410,142414,4,4
142406,142411,142414,3,5
142406,142411,142414,3,5
142406,142410,142414,4,4
142406,142410,142414,4,4
142406,142411,142415,4,5
142406,142411,142414,3,5
142406,142411,142414,3,5
142406,142411,142414,3,5
142406,142411,142414,3,5
142406,142411,142414,3,5
142406,142411,142414,3,5
142406,142412,142415,3,6
142406,142412,142415,3,6
142406,142413,142415,2,7
142406,142413,142415,2,7
142406,142412,142415,3,6
142406,142413,142415,2,7
142406,142411,142415,4,5
142406,142411,142415,4,5
142406,142412,142416,4,6
142406,142412,142415,3,6
142406,142411,142415,4,5
142406,142411,142415,4,5
142406,142413,142416,3,7
142406,142414,142416,2,8
142406,142413,142416,3,7
142406,142413,142416,3,7
142406,142414,142417,3,8
142406,142413,142416,3,7
142406,142414,142416,2,8
142406,142414,142417,3,8
142406,142414,142416,2,8
142406,142413,142416,3,7
142406,142414,142416,2,8
142406,142413,142417,4,7
142406,142414,142417,3,8
142406,142414,142417,3,8
142406,142413,142417,4,7
142406,142413,142417,4,7
142406,142415,142418,3,9
142406,142414,142417,3,8
142406,142413,142417,4,7
142406,142415,142418,3,9
142406,142414,142417,3,8
142406,142414,142417,3,8
142406,142414,142418,4,8
142406,142415,142418,3,9
142406,142414,142418,4,8
142406,142414,142417,3,8
142406,142414,142417,3,8
142406,142414,142418,4,8
142406,142414,142418,4,8
142406,142414,142419,5,8
142406,142414,142418,4,8
142406,142415,142418,3,9
142406,142415,142418,3,9
142406,142415,142418,3,9
142406,142415,142418,3,9
142406,142415,142418,3,9
142406,142415,142418,3,9
142406,142415,142418,3,9
142406,142416,142419,3,10
142406,142416,142418,2,10
142406,142416,142419,3,10
142406,142415,142418,3,9
142406,142415,142418,3,9
142406,142416,142419,3,10
142406,142416,142419,3,10
142406,142416,142418,2,10
142406,142414,142418,4,8
142406,142415,142419,4,9
142406,142417,142419,2,11
142406,142415,142418,3,9
142406,142415,142418,3,9
142406,142417,142418,1,11
142406,142417,142418,1,11
142406,142415,142418,3,9
142406,142415,142418,3,9
142406,142415,142418,3,9
142406,142415,142418,3,9
142406,142414,142419,5,8
142406,142416,142419,3,10
142406,142418,142420,2,12
142406,142416,142419,3,10
142406,142416,142419,3,10
142406,142416,142419,3,10
142406,142417,142419,2,11
142406,142417,142419,2,11
142406,142418,142420,2,12
142406,142416,142419,3,10
142406,142417,142419,2,11
142406,142415,142419,4,9
142406,142416,142420,4,10
142406,142415,142419,4,9
142406,142416,142419,3,10
142406,142416,142419,3,10
142406,142417,142419,2,11
142406,142418,142420,2,12
142406,142418,142421,3,12
142406,142417,142420,3,11
142406,142418,142420,2,12
142406,142418,142420,2,12
142406,142418,142420,2,12
142406,142418,142421,3,12
142406,142418,142420,2,12
142406,142418,142420,2,12
142406,142418,142420,2,12
142406,142418,142421,3,12
142406,142418,142420,2,12
142406,142419,142421,2,13
142406,142419,142421,2,13
142406,142418,142421,3,12
142406,142419,142421,2,13
142406,142419,142421,2,13
142406,142419,142422,3,13
142406,142419,142421,2,13
142406,142419,142421,2,13
142406,142419,142422,3,13
142406,142419,142422,3,13
142406,142419,142421,2,13
142406,142418,142421,3,12
142406,142419,142421,2,13
142406,142419,142421,2,13
142406,142419,142422,3,13
142406,142418,142421,3,12
142406,142419,142422,3,13
142406,142419,142421,2,13
142406,142417,142422,5,11
142406,142419,142422,3,13
141500,141510,142441,931,10
142450,142450,142452,2,0
142450,142450,142452,2,0
142450,142450,142453,3,0
142450,142450,142452,2,0
142450,142450,142453,3,0
142450,142450,142453,3,0
142450,142450,142452,2,0
142450,142450,142453,3,0
142450,142450,142453,3,0
142450,142450,142453,3,0
142450,142450,142454,4,0
142450,142450,142454,4,0
142450,142450,142454,4,0
142450,142450,142454,4,0
142450,142450,142453,3,0
142450,142450,142454,4,0
142450,142450,142454,4,0
142450,142450,142454,4,0
142450,142450,142453,3,0
142450,142450,142454,4,0
142450,142450,142454,4,0
142450,142450,142454,4,0
142450,142450,142454,4,0
142450,142450,142454,4,0
142450,142450,142453,3,0
142450,142450,142454,4,0
142450,142450,142454,4,0
142450,142450,142454,4,0
142450,142450,142453,3,0
142450,142450,142454,4,0
142450,142450,142453,3,0
142450,142450,142453,3,0
142450,142450,142454,4,0
142450,142450,142454,4,0
142450,142450,142454,4,0
142450,142450,142454,4,0
142450,142450,142454,4,0
142450,142450,142454,4,0
142450,142450,142454,4,0
142450,142450,142454,4,0
142450,142450,142453,3,0
142450,142450,142454,4,0
142450,142450,142454,4,0
142450,142450,142453,3,0
142450,142450,142454,4,0
142450,142450,142454,4,0
142450,142450,142454,4,0
142450,142450,142454,4,0
142450,142450,142455,5,0
142450,142450,142455,5,0
142450,142450,142454,4,0
142450,142450,142454,4,0
142450,142450,142455,5,0
142450,142452,142455,3,2
142450,142450,142454,4,0
142450,142450,142454,4,0
142450,142452,142455,3,2
142450,142450,142455,5,0
142450,142454,142456,2,4
142450,142454,142456,2,4
142450,142453,142456,3,3
142450,142453,142456,3,3
142450,142454,142456,2,4
142450,142450,142455,5,0
142450,142453,142456,3,3
142450,142453,142456,3,3
142450,142454,142457,3,4
142450,142454,142457,3,4
142450,142454,142457,3,4
142450,142454,142457,3,4
142450,142453,142457,4,3
142450,142454,142457,3,4
142450,142454,142457,3,4
142450,142453,142456,3,3
142450,142454,142457,3,4
142450,142454,142457,3,4
142450,142454,142457,3,4
142450,142454,142457,3,4
142450,142454,142457,3,4
142450,142453,142456,3,3
142450,142454,142457,3,4
142450,142454,142457,3,4
142450,142455,142457,2,5
142450,142454,142458,4,4
142450,142455,142458,3,5
142450,142454,142458,4,4
142450,142454,142458,4,4
142450,142454,142458,4,4
142450,142454,142458,4,4
142450,142454,142458,4,4
142450,142454,142458,4,4
142450,142454,142458,4,4
142450,142454,142457,3,4
142450,142454,142458,4,4
142450,142454,142458,4,4
142450,142454,142457,3,4
142450,142455,142458,3,5
142450,142455,142457,2,5
142450,142455,142458,3,5
142450,142454,142457,3,4
142450,142454,142457,3,4
142450,142454,142458,4,4
142450,142455,142458,3,5
142450,142454,142457,3,4
142450,142454,142458,4,4
142450,142455,142458,3,5
142450,142455,142458,3,5
142450,142455,142458,3,5
142450,142454,142458,4,4
142450,142455,142458,3,5
142450,142455,142458,3,5
142450,142454,142459,5,4
142450,142455,142459,4,5
142461,142462,142463,1,1
142461,142462,142464,2,1
142461,142462,142464,2,1
142461,142462,142464,2,1
142461,142462,142464,2,1
142461,142462,142466,4,1
142461,142462,142465,3,1
142461,142462,142466,4,1
142461,142462,142465,3,1
142461,142462,142465,3,1
142461,142462,142465,3,1
142461,142462,142466,4,1
142461,142462,142465,3,1
142461,142462,142465,3,1
142461,142462,142465,3,1
142461,142462,142466,4,1
142461,142462,142466,4,1
142461,142462,142465,3,1
142461,142462,142465,3,1
142461,142462,142465,3,1
142461,142462,142466,4,1
142461,142462,142465,3,1
142461,142462,142465,3,1
142461,142462,142466,4,1
142461,142462,142465,3,1
142461,142462,142466,4,1
142461,142462,142465,3,1
142461,142462,142466,4,1
142461,142462,142466,4,1
142461,142462,142465,3,1
142461,142462,142465,3,1
142461,142462,142466,4,1
142461,142462,142465,3,1
142461,142462,142466,4,1
142461,142462,142465,3,1
142461,142462,142466,4,1
142461,142462,142466,4,1
142461,142462,142466,4,1
142461,142462,142466,4,1
142461,142462,142466,4,1
142461,142462,142466,4,1
142461,142462,142466,4,1
142461,142462,142466,4,1
142461,142462,142466,4,1
142461,142462,142467,5,1
141628,141635,142467,832,7
142461,142462,142466,4,1
142461,142462,142466,4,1
142461,142462,142466,4,1
142461,142462,142466,4,1
142461,142462,142466,4,1
142461,142462,142466,4,1
142461,142462,142466,4,1
142461,142462,142466,4,1
142461,142462,142467,5,1
142461,142464,142467,3,3
142461,142462,142467,5,1
142461,142465,142468,3,4
142461,142467,142469,2,6
142461,142466,142469,3,5
142461,142466,142468,2,5
142461,142465,142469,4,4
142461,142466,142469,3,5
142461,142466,142469,3,5
142461,142466,142468,2,5
142461,142466,142469,3,5
142461,142465,142469,4,4
142461,142466,142469,3,5
142461,142466,142469,3,5
142461,142465,142469,4,4
142461,142467,142469,2,6
142461,142466,142470,4,5
142461,142466,142469,3,5
142461,142466,142469,3,5
142461,142466,142469,3,5
142461,142466,142470,4,5
142461,142466,142469,3,5
142461,142466,142470,4,5
142461,142466,142469,3,5
142461,142466,142470,4,5
142461,142467,142469,2,6
142461,142466,142469,3,5
142461,142466,142470,4,5
142461,142466,142469,3,5
142461,142466,142470,4,5
142461,142466,142469,3,5
142461,142466,142470,4,5
142461,142467,142470,3,6
142461,142467,142470,3,6
142461,142467,142470,3,6
142461,142466,142469,3,5
142461,142466,142470,4,5
142461,142467,142470,3,6
142461,142467,142470,3,6
142461,142467,142469,2,6
142461,142467,142470,3,6
142461,142467,142470,3,6
142461,142466,142470,4,5
142461,142466,142470,4,5
142461,142467,142470,3,6
142461,142467,142470,3,6
142461,142467,142470,3,6
142461,142467,142471,4,6
142461,142467,142470,3,6
142461,142467,142471,4,6
142461,142468,142471,3,7
142461,142466,142470,4,5
142461,142466,142470,4,5
142461,142467,142471,4,6
142461,142467,142470,3,6
142461,142469,142471,2,8
142461,142466,142471,5,5
142461,142469,142472,3,8
142461,142468,142471,3,7
142461,142469,142471,2,8
142461,142469,142472,3,8
142461,142469,142472,3,8
142461,142469,142471,2,8
142461,142467,142471,4,6
142461,142469,142472,3,8
142461,142469,142473,4,8
142471,142471,142474,3,0
142471,142471,142473,2,0
142471,142471,142473,2,0
142471,142471,142474,3,0
142471,142471,142474,3,0
142471,142471,142474,3,0
142471,142471,142474,3,0
142471,142471,142475,4,0
142471,142471,142474,3,0
142471,142471,142475,4,0
142471,142472,142475,3,1
142471,142471,142475,4,0
142471,142471,142474,3,0
142471,142471,142475,4,0
142471,142471,142475,4,0
142471,142471,142475,4,0
142471,142472,142475,3,1
142471,142472,142474,2,1
142471,142471,142474,3,0
142471,142471,142474,3,0
142471,142471,142474,3,0
142471,142472,142475,3,1
142471,142471,142475,4,0
142471,142471,142475,4,0
142471,142471,142474,3,0
142471,142471,142474,3,0
142471,142471,142475,4,0
142471,142471,142475,4,0
142471,142471,142474,3,0
142471,142471,142475,4,0
142471,142471,142475,4,0
142471,142471,142474,3,0
142471,142471,142475,4,0
142471,142472,142474,2,1
142471,142471,142475,4,0
142471,142471,142475,4,0
142471,142471,142475,4,0
142471,142471,142475,4,0
142471,142471,142474,3,0
142471,142472,142475,3,1
142471,142471,142475,4,0
142471,142472,142475,3,1
142471,142471,142475,4,0
142471,142471,142475,4,0
142471,142471,142475,4,0
142471,142471,142475,4,0
142471,142471,142475,4,0
142471,142471,142476,5,0
142471,142472,142475,3,1
142471,142471,142475,4,0
142471,142473,142475,2,2
142471,142471,142476,5,0
142471,142471,142476,5,0
142450,142450,142455,5,0
142450,142450,142454,4,0
142450,142450,142456,6,0
142450,142450,142455,5,0
142450,142450,142455,5,0
142450,142450,142454,4,0
142471,142475,142477,2,4
142471,142474,142477,3,3
141558,141564,142476,912,6
142471,142474,142477,3,3
142471,142474,142477,3,3
142471,142473,142477,4,2
142471,142474,142477,3,3
142471,142471,142477,6,0
142471,142474,142477,3,3
142471,142475,142478,3,4
142471,142476,142478,2,5
142471,142476,142478,2,5
142471,142474,142478,4,3
142471,142474,142478,4,3
142471,142475,142478,3,4
142471,142475,142478,3,4
142471,142475,142478,3,4
142471,142475,142478,3,4
142471,142475,142478,3,4
142471,142475,142478,3,4
142471,142475,142478,3,4
142471,142475,142478,3,4
142471,142475,142478,3,4
142471,142475,142478,3,4
142471,142475,142478,3,4
142471,142475,142478,3,4
142471,142475,142479,4,4
142471,142475,142479,4,4
142471,142477,142479,2,6
142471,142475,142479,4,4
142471,142475,142479,4,4
142471,142475,142479,4,4
142471,142475,142479,4,4
142471,142475,142479,4,4
142471,142476,142479,3,5
142471,142476,142479,3,5
142471,142476,142480,4,5
142471,142476,142479,3,5
142471,142476,142479,3,5
142471,142477,142479,2,6
142471,142475,142479,4,4
142471,142475,142479,4,4
142471,142475,142479,4,4
142471,142477,142479,2,6
142471,142475,142479,4,4
142471,142477,142479,2,6
142471,142475,142479,4,4
142471,142475,142479,4,4
142471,142475,142479,4,4
142471,142477,142479,2,6
142471,142475,142479,4,4
142471,142477,142479,2,6
142471,142477,142479,2,6
142471,142477,142479,2,6
142471,142477,142479,2,6
142471,142477,142479,2,6
142471,142477,142480,3,6
142471,142475,142480,5,4
142471,142478,142480,2,7
142471,142476,142480,4,5
142471,142478,142480,2,7
142471,142478,142480,2,7
142471,142475,142480,5,4
142471,142475,142480,5,4
142471,142475,142480,5,4
142471,142478,142480,2,7
142450,142477,142480,3,27
142471,142477,142480,3,6
142471,142477,142480,3,6
142507,142507,142510,3,0
142507,142507,142509,2,0
142507,142507,142510,3,0
142507,142507,142510,3,0
142507,142507,142510,3,0
142507,142507,142510,3,0
142507,142507,142509,2,0
142507,142507,142510,3,0
142507,142507,142510,3,0
142507,142507,142510,3,0
142507,142507,142511,4,0
142507,142507,142511,4,0
142507,142507,142511,4,0
142507,142507,142510,3,0
142507,142507,142511,4,0
142507,142507,142511,4,0
142507,142507,142511,4,0
142507,142507,142511,4,0
142507,142507,142511,4,0
142507,142507,142511,4,0
142507,142507,142510,3,0
142507,142507,142511,4,0
142507,142507,142511,4,0
142507,142507,142511,4,0
142507,142507,142511,4,0
142507,142507,142511,4,0
142507,142507,142510,3,0
142507,142507,142511,4,0
142507,142507,142511,4,0
142507,142507,142511,4,0
142507,142507,142511,4,0
142507,142507,142511,4,0
142507,142507,142511,4,0
142507,142507,142511,4,0
142507,142507,142510,3,0
142507,142507,142511,4,0
142507,142507,142511,4,0
142507,142507,142511,4,0
142507,142507,142511,4,0
142507,142507,142511,4,0
142507,142507,142511,4,0
142507,142507,142511,4,0
142507,142507,142511,4,0
142507,142507,142512,5,0
142507,142507,142511,4,0
142507,142507,142511,4,0
142507,142507,142512,5,0
142507,142507,142512,5,0
142507,142507,142512,5,0
142507,142507,142511,4,0
142507,142510,142512,2,3
142507,142507,142512,5,0
142507,142510,142513,3,3
142507,142510,142513,3,3
142507,142510,142513,3,3
142507,142510,142513,3,3
142507,142510,142514,4,3
142507,142511,142514,3,4
142507,142511,142514,3,4
142507,142510,142514,4,3
142507,142511,142514,3,4
142507,142510,142514,4,3
142507,142511,142514,3,4
142507,142511,142514,3,4
142507,142511,142514,3,4
142507,142511,142514,3,4
142507,142511,142514,3,4
142507,142511,142515,4,4
142507,142511,142515,4,4
142507,142511,142515,4,4
142507,142511,142515,4,4
142507,142511,142515,4,4
142507,142511,142515,4,4
142507,142511,142515,4,4
142507,142511,142515,4,4
142507,142511,142515,4,4
142507,142512,142515,3,5
142507,142512,142515,3,5
142507,142511,142515,4,4
142507,142511,142515,4,4
142507,142511,142515,4,4
142507,142511,142515,4,4
142507,142512,142515,3,5
142507,142512,142515,3,5
142507,142511,142515,4,4
142507,142511,142515,4,4
142507,142511,142515,4,4
142507,142512,142515,3,5
142507,142511,142515,4,4
142507,142512,142515,3,5
142507,142513,142515,2,6
142507,142513,142515,2,6
142507,142511,142515,4,4
142507,142511,142515,4,4
142507,142512,142515,3,5
142507,142513,142516,3,6
142507,142513,142516,3,6
142507,142512,142516,4,5
142507,142512,142516,4,5
142507,142511,142516,5,4
142507,142512,142516,4,5
142507,142511,142516,5,4
142507,142514,142516,2,7
142507,142514,142516,2,7
142507,142514,142516,2,7
142507,142514,142517,3,7
142507,142514,142517,3,7
142507,142514,142517,3,7
142507,142525,142528,3,18
142507,142525,142528,3,18
142507,142525,142528,3,18
142507,142525,142528,3,18
142507,142525,142529,4,18
142507,142525,142529,4,18
142507,142525,142529,4,18
142507,142512,142515,3,5
142507,142512,142515,3,5
142507,142512,142515,3,5
142507,142512,142515,3,5
142507,142534,142538,4,27
141729,141736,142620,884,7
142621,142622,142624,2,1
142621,142622,142625,3,1
142621,142622,142624,2,1
142621,142622,142624,2,1
142621,142622,142625,3,1
142621,142622,142624,2,1
142621,142622,142624,2,1
142621,142622,142624,2,1
142621,142622,142625,3,1
142621,142622,142625,3,1
142621,142622,142626,4,1
142621,142622,142626,4,1
142621,142622,142625,3,1
142621,142622,142626,4,1
142621,142622,142625,3,1
142621,142622,142626,4,1
142621,142622,142625,3,1
142621,142622,142625,3,1
142621,142622,142626,4,1
142621,142622,142626,4,1
142621,142622,142626,4,1
142621,142622,142626,4,1
142621,142622,142627,5,1
142621,142623,142626,3,2
142621,142623,142626,3,2
142621,142623,142626,3,2
142621,142622,142626,4,1
142621,142622,142626,4,1
142621,142622,142626,4,1
142621,142622,142626,4,1
142621,142622,142626,4,1
142621,142622,142627,5,1
142621,142625,142627,2,4
142621,142625,142627,2,4
142621,142623,142627,4,2
142621,142623,142627,4,2
142621,142625,142627,2,4
142621,142626,142628,2,5
142621,142626,142628,2,5
142621,142625,142629,4,4
142621,142626,142628,2,5
142621,142625,142628,3,4
142621,142625,142628,3,4
142621,142625,142628,3,4
142621,142625,142628,3,4
142621,142625,142629,4,4
142621,142626,142628,2,5
142621,142626,142629,3,5
142621,142626,142629,3,5
142621,142626,142629,3,5
142621,142627,142630,3,6
142621,142627,142629,2,6
142621,142626,142629,3,5
142621,142627,142629,2,6
142621,142627,142630,3,6
142621,142626,142630,4,5
142621,142626,142630,4,5
142621,142625,142629,4,4
142621,142626,142630,4,5
142621,142627,142630,3,6
142621,142629,142631,2,8
142621,142628,142631,3,7
142621,142627,142630,3,6
142621,142629,142631,2,8
142621,142629,142631,2,8
142621,142628,142631,3,7
142621,142629,142631,2,8
142621,142628,142632,4,7
142621,142628,142632,4,7
142621,142629,142632,3,8
142621,142629,142631,2,8
142621,142629,142632,3,8
142621,142630,142632,2,9
142621,142629,142632,3,8
142621,142629,142631,2,8
142621,142627,142631,4,6
142621,142627,142630,3,6
142621,142628,142632,4,7
142621,142628,142631,3,7
142621,142628,142631,3,7
142621,142629,142631,2,8
142621,142629,142632,3,8
142621,142628,142632,4,7
142621,142628,142633,5,7
142621,142628,142632,4,7
142621,142630,142632,2,9
142621,142629,142632,3,8
142621,142630,142633,3,9
142621,142630,142633,3,9
142621,142631,142634,3,10
142621,142630,142634,4,9
142621,142630,142633,3,9
142621,142630,142633,3,9
142621,142631,142634,3,10
142621,142632,142634,2,11
142621,142632,142634,2,11
142621,142630,142634,4,9
142621,142631,142634,3,10
142621,142632,142634,2,11
142621,142632,142634,2,11
142621,142630,142633,3,9
142621,142630,142633,3,9
142621,142631,142634,3,10
142621,142632,142634,2,11
142621,142632,142634,2,11
142621,142632,142635,3,11
142621,142632,142634,2,11
142621,142631,142635,4,10
142621,142632,142635,3,11
142621,142632,142635,3,11
142621,142632,142635,3,11
142621,142632,142635,3,11
142621,142632,142635,3,11
142621,142632,142636,4,11
142621,142632,142636,4,11
142621,142638,142641,3,17
142621,142638,142641,3,17
142621,142638,142641,3,17
142621,142638,142642,4,17
142621,142638,142641,3,17
141776,141782,142704,922,6
142709,142709,142710,1,0
142709,142709,142711,2,0
142709,142709,142711,2,0
142709,142709,142712,3,0
142709,142709,142712,3,0
142709,142709,142712,3,0
142709,142709,142712,3,0
142709,142709,142711,2,0
142709,142709,142711,2,0
142709,142709,142712,3,0
142709,142709,142712,3,0
142709,142709,142713,4,0
142709,142709,142713,4,0
142709,142709,142713,4,0
142709,142709,142712,3,0
142709,142709,142713,4,0
142709,142709,142713,4,0
142709,142709,142713,4,0
142709,142709,142713,4,0
142709,142709,142713,4,0
142709,142709,142714,5,0
142709,142709,142713,4,0
142709,142709,142713,4,0
142709,142709,142713,4,0
142709,142709,142713,4,0
142709,142709,142713,4,0
142709,142709,142713,4,0
142709,142709,142713,4,0
142709,142711,142714,3,2
142709,142709,142714,5,0
142709,142709,142713,4,0
142709,142709,142713,4,0
142709,142709,142713,4,0
142709,142709,142713,4,0
142709,142709,142713,4,0
142709,142711,142713,2,2
142709,142709,142713,4,0
142709,142709,142713,4,0
142709,142709,142713,4,0
142709,142709,142713,4,0
142709,142713,142715,2,4
142709,142712,142715,3,3
142709,142709,142714,5,0
142709,142711,142714,3,2
142709,142712,142715,3,3
142709,142713,142715,2,4
142709,142713,142715,2,4
142709,142713,142716,3,4
142709,142713,142716,3,4
142709,142712,142715,3,3
142709,142712,142716,4,3
142709,142712,142715,3,3
142709,142714,142716,2,5
142709,142713,142716,3,4
142709,142714,142716,2,5
142709,142714,142716,2,5
142709,142712,142717,5,3
142709,142713,142716,3,4
142709,142713,142716,3,4
142709,142714,142716,2,5
142709,142714,142717,3,5
142709,142713,142717,4,4
142709,142714,142717,3,5
142709,142715,142717,2,6
142709,142714,142717,3,5
142709,142714,142717,3,5
142709,142714,142717,3,5
142709,142714,142718,4,5
142709,142714,142717,3,5
142709,142714,142718,4,5
142709,142714,142718,4,5
142709,142715,142718,3,6
142709,142716,142718,2,7
142709,142714,142718,4,5
142709,142714,142718,4,5
142709,142709,142718,9,0
142709,142709,142717,8,0
142709,142714,142718,4,5
142709,142714,142717,3,5
142709,142714,142718,4,5
142709,142714,142718,4,5
142709,142715,142717,2,6
142709,142713,142717,4,4
142709,142715,142718,3,6
142709,142715,142718,3,6
142709,142715,142717,2,6
142709,142714,142719,5,5
142709,142714,142718,4,5
142709,142717,142719,2,8
142709,142716,142719,3,7
142709,142715,142719,4,6
142709,142717,142719,2,8
142709,142717,142719,2,8
142709,142718,142720,2,9
142709,142718,142720,2,9
142709,142716,142720,4,7
142709,142717,142720,3,8
142709,142716,142720,4,7
142709,142717,142720,3,8
142709,142716,142720,4,7
142709,142717,142720,3,8
142709,142716,142720,4,7
142709,142717,142719,2,8
142709,142717,142720,3,8
142709,142718,142721,3,9
142709,142718,142721,3,9
142709,142718,142721,3,9
142709,142717,142720,3,8
142709,142717,142721,4,8
142709,142719,142721,2,10
142709,142719,142721,2,10
142709,142717,142720,3,8
142709,142717,142721,4,8
142709,142718,142721,3,9
142709,142718,142721,3,9
142709,142718,142721,3,9
142709,142718,142721,3,9
142709,142717,142720,3,8
142709,142718,142721,3,9
142709,142718,142722,4,9
141833,141847,142788,941,14
142789,142789,142791,2,0
142789,142789,142792,3,0
142789,142789,142791,2,0
141848,141857,142792,935,9
142789,142789,142792,3,0
142789,142789,142792,3,0
142789,142789,142792,3,0
142789,142789,142792,3,0
142789,142789,142792,3,0
142789,142789,142791,2,0
142789,142789,142791,2,0
142789,142789,142792,3,0
142789,142789,142791,2,0
142789,142789,142791,2,0
141906,141922,142793,871,16
142789,142790,142792,2,1
142789,142789,142793,4,0
142789,142789,142793,4,0
142789,142789,142793,4,0
142789,142789,142793,4,0
142789,142789,142792,3,0
142789,142789,142793,4,0
142789,142789,142793,4,0
142789,142789,142793,4,0
142789,142789,142793,4,0
142789,142789,142793,4,0
142789,142789,142793,4,0
142789,142789,142793,4,0
142789,142789,142792,3,0
142789,142789,142793,4,0
142789,142789,142793,4,0
142789,142789,142792,3,0
142789,142789,142792,3,0
142789,142789,142793,4,0
142789,142790,142794,4,1
142789,142790,142794,4,1
142789,142790,142793,3,1
142789,142789,142794,5,0
142789,142789,142793,4,0
142789,142789,142793,4,0
142789,142789,142793,4,0
142789,142789,142794,5,0
142789,142791,142794,3,2
142789,142789,142794,5,0
142789,142792,142795,3,3
142789,142792,142794,2,3
142789,142792,142795,3,3
142789,142792,142795,3,3
142789,142792,142795,3,3
142789,142792,142795,3,3
142789,142792,142794,2,3
142789,142792,142795,3,3
142789,142792,142796,4,3
142789,142793,142796,3,4
142789,142792,142795,3,3
142789,142793,142796,3,4
142789,142793,142796,3,4
142789,142793,142796,3,4
142789,142792,142795,3,3
142789,142792,142796,4,3
142789,142792,142796,4,3
142789,142793,142796,3,4
142789,142793,142796,3,4
142789,142793,142796,3,4
142789,142793,142797,4,4
142789,142793,142796,3,4
142789,142793,142797,4,4
142789,142793,142797,4,4
142789,142793,142797,4,4
142789,142793,142797,4,4
142789,142794,142797,3,5
142789,142793,142796,3,4
142789,142794,142797,3,5
142789,142793,142797,4,4
142789,142793,142797,4,4
142789,142795,142798,3,6
142789,142795,142797,2,6
142789,142795,142797,2,6
142789,142793,142797,4,4
142789,142793,142797,4,4
142789,142794,142797,3,5
142789,142794,142798,4,5
142789,142793,142798,5,4
142789,142794,142798,4,5
142789,142794,142797,3,5
142789,142793,142797,4,4
142789,142794,142798,4,5
142789,142794,142798,4,5
142789,142794,142798,4,5
142789,142796,142798,2,7
142789,142796,142798,2,7
142789,142796,142798,2,7
141830,141847,142799,952,17
142789,142794,142798,4,5
142789,142796,142799,3,7
142789,142798,142800,2,9
142789,142798,142799,1,9
142789,142797,142799,2,8
142789,142797,142799,2,8
142789,142798,142800,2,9
142789,142796,142799,3,7
142789,142797,142799,2,8
142789,142796,142799,3,7
142789,142797,142800,3,8
142789,142797,142800,3,8
142789,142797,142800,3,8
142789,142796,142800,4,7
142789,142798,142800,2,9
142789,142796,142800,4,7
142789,142796,142800,4,7
142789,142797,142800,3,8
142789,142797,142800,3,8
142789,142796,142800,4,7
142789,142796,142800,4,7
142789,142798,142800,2,9
142789,142798,142800,2,9
142789,142797,142800,3,8
142789,142798,142800,2,9
142789,142798,142800,2,9
142789,142798,142800,2,9
142789,142797,142800,3,8
142789,142798,142800,2,9
142789,142798,142801,3,9
142793,142798,142802,4,5
142793,142798,142801,3,5
142793,142799,142802,3,6
142793,142799,142802,3,6
142793,142799,142802,3,6
142793,142800,142802,2,7
142793,142800,142802,2,7
142793,142798,142802,4,5
142793,142798,142802,4,5
142793,142799,142802,3,6
142793,142801,142803,2,8
142793,142801,142802,1,8
142793,142799,142802,3,6
142793,142799,142803,4,6
142793,142800,142802,2,7
142793,142799,142802,3,6
142793,142801,142802,1,8
142793,142801,142803,2,8
142793,142801,142803,2,8
142793,142801,142802,1,8
142793,142801,142803,2,8
142793,142799,142802,3,6
142793,142799,142802,3,6
142793,142799,142802,3,6
142793,142800,142803,3,7
142793,142800,142802,2,7
142793,142800,142803,3,7
142793,142801,142803,2,8
142793,142801,142803,2,8
142793,142801,142803,2,8
142793,142801,142803,2,8
142793,142800,142803,3,7
142793,142800,142803,3,7
142793,142800,142804,4,7
142793,142800,142803,3,7
142793,142801,142804,3,8
142793,142801,142803,2,8
142793,142801,142803,2,8
142793,142801,142805,4,8
142793,142801,142804,3,8
142793,142803,142805,2,10
142793,142803,142805,2,10
142793,142803,142805,2,10
142793,142802,142804,2,9
142793,142801,142804,3,8
142793,142802,142805,3,9
142793,142802,142805,3,9
142793,142802,142805,3,9
142793,142802,142804,2,9
142793,142801,142805,4,8
142793,142802,142805,3,9
142793,142803,142805,2,10
142793,142803,142805,2,10
142793,142803,142806,3,10
142793,142802,142806,4,9
142793,142802,142806,4,9
142793,142803,142805,2,10
142793,142803,142805,2,10
142793,142803,142805,2,10
142793,142803,142805,2,10
142793,142803,142806,3,10
142793,142803,142806,3,10
142793,142803,142806,3,10
142793,142803,142806,3,10
142793,142803,142806,3,10
142793,142803,142806,3,10
142793,142803,142806,3,10
142793,142804,142806,2,11
142793,142804,142806,2,11
142793,142803,142807,4,10
142793,142803,142806,3,10
142793,142805,142807,2,12
142793,142803,142807,4,10
142793,142803,142807,4,10
142793,142804,142806,2,11
142793,142805,142807,2,12
142793,142804,142807,3,11
142793,142804,142807,3,11
142793,142804,142807,3,11
142793,142805,142807,2,12
142793,142804,142807,3,11
142793,142804,142807,3,11
142793,142805,142808,3,12
142793,142805,142808,3,12
142793,142805,142808,3,12
142793,142804,142807,3,11
142793,142804,142807,3,11
142793,142805,142808,3,12
142793,142805,142808,3,12
142793,142805,142808,3,12
142793,142806,142809,3,13
142793,142805,142808,3,12
142793,142806,142809,3,13
142793,142806,142809,3,13
142793,142806,142809,3,13
142793,142806,142809,3,13
142793,142806,142809,3,13
142793,142806,142809,3,13
142793,142806,142809,3,13
142793,142805,142809,4,12
142793,142806,142809,3,13
142793,142806,142809,3,13
142793,142806,142809,3,13
142793,142806,142809,3,13
142793,142806,142809,3,13
142793,142806,142809,3,13
142793,142807,142810,3,14
142793,142806,142809,3,13
142793,142807,142810,3,14
142793,142807,142810,3,14
142793,142807,142810,3,14
142793,142807,142810,3,14
142793,142807,142810,3,14
142793,142807,142809,2,14
142793,142807,142810,3,14
142796,142807,142810,3,11
142793,142807,142810,3,14
142793,142807,142810,3,14
142796,142808,142811,3,12
142793,142807,142810,3,14
142793,142807,142810,3,14
142793,142807,142810,3,14
142796,142807,142812,5,11
142796,142808,142811,3,12
142796,142807,142811,4,11
142796,142808,142812,4,12
142796,142808,142812,4,12
142796,142809,142812,3,13
142796,142808,142811,3,12
142796,142808,142811,3,12
142796,142808,142811,3,12
142796,142809,142812,3,13
142796,142810,142812,2,14
142796,142810,142812,2,14
142796,142810,142812,2,14
142796,142810,142812,2,14
142796,142810,142812,2,14
142796,142810,142812,2,14
142796,142811,142812,1,15
142796,142808,142813,5,12
142796,142808,142812,4,12
142796,142810,142812,2,14
142796,142809,142813,4,13
142796,142811,142813,2,15
142796,142809,142813,4,13
142796,142810,142813,3,14
142796,142809,142813,4,13
142796,142809,142813,4,13
142796,142810,142813,3,14
142796,142810,142813,3,14
142796,142809,142813,4,13
142796,142810,142813,3,14
142796,142810,142813,3,14
142796,142810,142814,4,14
142796,142811,142814,3,15
142796,142811,142814,3,15
142796,142810,142814,4,14
142796,142810,142814,4,14
142796,142811,142814,3,15
142796,142811,142814,3,15
142796,142810,142814,4,14
142796,142811,142814,3,15
142796,142811,142815,4,15
142796,142812,142815,3,16
142796,142812,142815,3,16
142796,142812,142814,2,16
142796,142812,142814,2,16
142796,142810,142814,4,14
142796,142812,142814,2,16
142796,142812,142815,3,16
142796,142812,142815,3,16
142796,142813,142816,3,17
142796,142812,142815,3,16
142796,142813,142815,2,17
142796,142812,142816,4,16
142796,142812,142816,4,16
142796,142813,142816,3,17
142796,142812,142816,4,16
142796,142812,142816,4,16
142796,142813,142816,3,17
142796,142813,142816,3,17
142796,142813,142816,3,17
142796,142813,142816,3,17
142796,142814,142817,3,18
142796,142814,142816,2,18
142796,142812,142816,4,16
142796,142814,142817,3,18
142796,142814,142817,3,18
142796,142814,142817,3,18
142796,142813,142817,4,17
142796,142813,142817,4,17
142796,142813,142817,4,17
142796,142814,142817,3,18
142796,142814,142817,3,18
142796,142812,142817,5,16
142796,142814,142817,3,18
142796,142814,142817,3,18
142796,142815,142817,2,19
142796,142815,142818,3,19
142796,142815,142818,3,19
142796,142815,142817,2,19
142796,142816,142818,2,20
142796,142816,142818,2,20
142796,142816,142818,2,20
142796,142816,142818,2,20
142796,142815,142818,3,19
142796,142816,142818,2,20
142796,142817,142819,2,21
142796,142816,142819,3,20
142796,142816,142818,2,20
142796,142816,142818,2,20
142796,142816,142819,3,20
142796,142817,142819,2,21
142796,142817,142820,3,21
142796,142816,142819,3,20
142796,142817,142819,2,21
142796,142817,142819,2,21
142796,142817,142820,3,21
142796,142816,142820,4,20
142796,142817,142820,3,21
142796,142817,142820,3,21
142796,142817,142819,2,21
142796,142817,142820,3,21
142796,142818,142820,2,22
142796,142818,142821,3,22
142796,142818,142821,3,22
142796,142818,142820,2,22
142796,142818,142820,2,22
142796,142818,142821,3,22
142796,142818,142820,2,22
142796,142818,142820,2,22
142796,142818,142821,3,22
142796,142818,142820,2,22
142796,142818,142820,2,22
142796,142817,142821,4,21
142796,142817,142821,4,21
142800,142818,142821,3,18
142800,142819,142821,2,19
142796,142818,142821,3,22
142800,142819,142822,3,19
142800,142820,142822,2,20
142800,142818,142821,3,18
142800,142820,142822,2,20
142800,142820,142823,3,20
142800,142820,142822,2,20
142800,142821,142822,1,21
142800,142819,142822,3,19
142800,142819,142822,3,19
142800,142819,142822,3,19
142800,142819,142822,3,19
142800,142821,142822,1,21
142800,142819,142822,3,19
142800,142819,142823,4,19
142800,142821,142822,1,21
142800,142821,142822,1,21
142800,142821,142823,2,21
142800,142821,142823,2,21
142800,142819,142823,4,19
142800,142819,142823,4,19
142800,142819,142823,4,19
142800,142820,142823,3,20
142796,142814,142818,4,18
142800,142821,142823,2,21
142800,142821,142823,2,21
142800,142820,142823,3,20
142800,142821,142824,3,21
142800,142821,142824,3,21
142800,142820,142823,3,20
142800,142820,142823,3,20
142800,142820,142823,3,20
142800,142820,142824,4,20
142800,142821,142823,2,21
142800,142821,142824,3,21
142800,142823,142825,2,23
142800,142823,142825,2,23
142800,142823,142825,2,23
142800,142823,142825,2,23
142800,142822,142826,4,22
142800,142823,142826,3,23
142800,142823,142826,3,23
142800,142821,142825,4,21
142800,142823,142826,3,23
142800,142822,142826,4,22
142800,142823,142826,3,23
142800,142824,142826,2,24
142800,142823,142825,2,23
142800,142823,142826,3,23
142800,142823,142826,3,23
142800,142821,142825,4,21
142800,142822,142826,4,22
142800,142822,142826,4,22
142800,142821,142826,5,21
142800,142822,142826,4,22
142800,142822,142826,4,22
142800,142823,142826,3,23
142800,142823,142826,3,23
142800,142823,142826,3,23
142800,142824,142827,3,24
142800,142824,142827,3,24
142800,142823,142826,3,23
142800,142824,142827,3,24
142800,142823,142827,4,23
142800,142823,142827,4,23
142800,142823,142827,4,23
142800,142824,142827,3,24
142800,142824,142827,3,24
142800,142824,142828,4,24
142800,142825,142828,3,25
142800,142825,142827,2,25
142800,142824,142828,4,24
142800,142824,142828,4,24
142800,142825,142828,3,25
142800,142826,142829,3,26
142800,142826,142829,3,26
142800,142826,142828,2,26
142800,142826,142828,2,26
142800,142826,142829,3,26
142800,142824,142828,4,24
142800,142825,142829,4,25
142800,142826,142829,3,26
142800,142825,142828,3,25
142800,142826,142829,3,26
142800,142826,142829,3,26
142800,142826,142829,3,26
142796,142814,142824,10,18
142800,142826,142829,3,26
142800,142826,142829,3,26
142800,142827,142829,2,27
142800,142827,142829,2,27
142800,142827,142829,2,27
142800,142827,142829,2,27
142800,142826,142830,4,26
142800,142827,142830,3,27
142800,142826,142829,3,26
142800,142827,142830,3,27
142800,142826,142830,4,26
142800,142827,142830,3,27
142800,142828,142830,2,28
142800,142828,142830,2,28
142800,142828,142830,2,28
142800,142829,142831,2,29
142800,142829,142831,2,29
142800,142829,142831,2,29
142800,142827,142831,4,27
142800,142827,142830,3,27
142800,142828,142831,3,28
142800,142827,142831,4,27
142800,142828,142831,3,28
142800,142828,142830,2,28
142800,142827,142831,4,27
142800,142828,142831,3,28
142800,142828,142831,3,28
142800,142829,142831,2,29
142800,142829,142831,2,29
142800,142829,142831,2,29
142800,142829,142832,3,29
142800,142829,142832,3,29
142800,142829,142832,3,29
142796,142814,142841,27,18
142800,142823,142842,19,23
141918,141941,142845,904,23
141983,142029,142860,831,46
142867,142868,142869,1,1
142867,142868,142869,1,1
142867,142868,142870,2,1
142867,142868,142869,1,1
142867,142868,142869,1,1
142867,142868,142869,1,1
142867,142868,142870,2,1
142867,142868,142870,2,1
142867,142868,142871,3,1
142867,142868,142871,3,1
142867,142868,142871,3,1
142867,142868,142871,3,1
142867,142868,142871,3,1
142867,142868,142872,4,1
142867,142868,142871,3,1
142867,142868,142871,3,1
142867,142868,142871,3,1
142867,142868,142871,3,1
142867,142868,142871,3,1
142867,142868,142871,3,1
142867,142868,142871,3,1
142867,142868,142871,3,1
142867,142868,142871,3,1
142867,142868,142871,3,1
142867,142868,142871,3,1
142867,142868,142871,3,1
142867,142868,142872,4,1
142867,142868,142872,4,1
142867,142868,142872,4,1
142867,142868,142872,4,1
142867,142868,142872,4,1
142867,142868,142872,4,1
142867,142870,142873,3,3
142867,142868,142872,4,1
142867,142870,142872,2,3
142867,142870,142873,3,3
142867,142870,142874,4,3
142867,142870,142873,3,3
142867,142870,142874,4,3
142867,142872,142874,2,5
142867,142872,142874,2,5
142867,142872,142874,2,5
142867,142871,142874,3,4
142867,142872,142875,3,5
142867,142871,142874,3,4
142867,142872,142874,2,5
142867,142872,142874,2,5
142867,142872,142875,3,5
142867,142872,142875,3,5
142867,142872,142874,2,5
142867,142872,142874,2,5
142867,142872,142875,3,5
142867,142872,142875,3,5
142867,142872,142875,3,5
142867,142872,142875,3,5
142867,142872,142875,3,5
142867,142873,142876,3,6
142867,142872,142876,4,5
142867,142872,142875,3,5
142867,142873,142876,3,6
142867,142873,142876,3,6
142867,142874,142877,3,7
142867,142874,142877,3,7
142867,142873,142877,4,6
142867,142873,142876,3,6
142867,142873,142876,3,6
142867,142872,142876,4,5
142867,142873,142876,3,6
142867,142873,142876,3,6
142867,142874,142877,3,7
142867,142873,142876,3,6
142867,142875,142877,2,8
142867,142874,142877,3,7
142867,142874,142877,3,7
142867,142875,142877,2,8
142867,142875,142877,2,8
142867,142874,142878,4,7
142867,142875,142877,2,8
142867,142875,142878,3,8
142867,142875,142878,3,8
142867,142875,142878,3,8
142867,142874,142878,4,7
142867,142875,142878,3,8
142867,142875,142878,3,8
142867,142876,142879,3,9
142867,142875,142878,3,8
142867,142876,142878,2,9
142867,142876,142878,2,9
142867,142875,142878,3,8
142867,142876,142878,2,9
142867,142876,142879,3,9
142867,142875,142878,3,8
142867,142875,142878,3,8
142867,142876,142879,3,9
142867,142875,142879,4,8
142867,142876,142879,3,9
142867,142876,142878,2,9
142867,142877,142879,2,10
142867,142877,142879,2,10
142867,142877,142879,2,10
142867,142877,142879,2,10
142867,142877,142879,2,10
142867,142877,142880,3,10
142867,142877,142879,2,10
142867,142877,142880,3,10
142867,142876,142879,3,9
142867,142878,142880,2,11
142867,142878,142881,3,11
142867,142877,142880,3,10
142867,142877,142880,3,10
142867,142878,142880,2,11
142867,142878,142880,2,11
142867,142877,142880,3,10
142867,142878,142881,3,11
142867,142878,142881,3,11
142878,142879,142882,3,1
142878,142879,142882,3,1
142878,142879,142882,3,1
142878,142879,142882,3,1
142878,142878,142882,4,0
142878,142878,142882,4,0
142878,142879,142882,3,1
142878,142879,142882,3,1
142878,142879,142882,3,1
142878,142879,142883,4,1
142878,142879,142882,3,1
142878,142879,142883,4,1
142878,142881,142883,2,3
142878,142879,142882,3,1
142878,142879,142883,4,1
142878,142879,142882,3,1
142878,142880,142882,2,2
142878,142881,142883,2,3
142878,142881,142883,2,3
142878,142879,142882,3,1
142878,142879,142882,3,1
142878,142881,142883,2,3
142878,142881,142883,2,3
142878,142879,142883,4,1
142878,142879,142883,4,1
142878,142881,142883,2,3
142878,142880,142883,3,2
142878,142881,142884,3,3
142878,142881,142884,3,3
142878,142881,142884,3,3
142878,142881,142883,2,3
142878,142880,142883,3,2
142878,142880,142884,4,2
142878,142880,142884,4,2
142878,142880,142884,4,2
142878,142880,142884,4,2
142878,142882,142885,3,4
142878,142882,142885,3,4
142878,142883,142885,2,5
142878,142882,142885,3,4
142878,142883,142886,3,5
142878,142882,142886,4,4
142878,142883,142886,3,5
142878,142883,142886,3,5
142878,142883,142886,3,5
142878,142883,142886,3,5
142878,142883,142886,3,5
142878,142884,142887,3,6
142878,142883,142887,4,5
142878,142884,142887,3,6
142878,142883,142887,4,5
142878,142883,142887,4,5
142878,142884,142887,3,6
142878,142883,142887,4,5
142878,142883,142887,4,5
142878,142883,142887,4,5
142878,142883,142887,4,5
142878,142884,142887,3,6
142878,142883,142887,4,5
142878,142883,142888,5,5
142878,142883,142888,5,5
142878,142884,142888,4,6
142878,142884,142887,3,6
142878,142883,142887,4,5
142878,142884,142888,4,6
142878,142884,142887,3,6
142878,142884,142888,4,6
142878,142884,142887,3,6
142878,142883,142887,4,5
142878,142884,142888,4,6
142878,142884,142888,4,6
142878,142884,142888,4,6
142878,142885,142888,3,7
142878,142886,142889,3,8
142878,142885,142889,4,7
142878,142885,142889,4,7
142878,142885,142889,4,7
142878,142887,142889,2,9
142878,142887,142889,2,9
142878,142886,142889,3,8
142878,142887,142890,3,9
142878,142887,142890,3,9
142867,142887,142890,3,20
142878,142886,142890,4,8
142878,142887,142890,3,9
142878,142887,142890,3,9
142878,142888,142890,2,10
142878,142887,142890,3,9
142878,142888,142891,3,10
142878,142888,142890,2,10
142878,142888,142891,3,10
142878,142888,142891,3,10
142878,142887,142891,4,9
142878,142887,142891,4,9
142878,142888,142891,3,10
142878,142887,142890,3,9
142867,142887,142891,4,20
142867,142887,142891,4,20
142867,142887,142891,4,20
142878,142887,142891,4,9
142878,142887,142891,4,9
142878,142887,142891,4,9
142878,142887,142891,4,9
142878,142888,142891,3,10
142878,142888,142891,3,10
142878,142889,142891,2,11
142878,142888,142891,3,10
142878,142888,142892,4,10
142878,142888,142891,3,10
142878,142888,142891,3,10
142867,142887,142892,5,20
142878,142891,142892,1,13
142878,142888,142892,4,10
142878,142890,142892,2,12
142878,142889,142892,3,11
142878,142890,142892,2,12
142878,142890,142892,2,12
142878,142890,142892,2,12
142878,142890,142892,2,12
142878,142890,142893,3,12
142878,142890,142893,3,12
142878,142890,142893,3,12
142878,142889,142893,4,11
142878,142890,142893,3,12
142878,142890,142894,4,12
141995,142054,142897,843,59
142916,142916,142918,2,0
142916,142916,142918,2,0
142916,142916,142918,2,0
142916,142916,142918,2,0
142916,142916,142919,3,0
142916,142916,142919,3,0
142916,142916,142919,3,0
142916,142916,142919,3,0
142916,142916,142919,3,0
142916,142916,142919,3,0
142916,142916,142919,3,0
142916,142916,142920,4,0
142916,142916,142920,4,0
142916,142916,142920,4,0
142916,142916,142920,4,0
142916,142916,142920,4,0
142916,142916,142920,4,0
142916,142916,142919,3,0
142916,142916,142919,3,0
142916,142916,142920,4,0
142916,142916,142920,4,0
142916,142916,142919,3,0
142916,142916,142920,4,0
142916,142916,142920,4,0
142916,142916,142919,3,0
142916,142916,142919,3,0
142916,142916,142919,3,0
142916,142916,142919,3,0
142916,142916,142919,3,0
142916,142916,142919,3,0
142916,142916,142920,4,0
142916,142916,142920,4,0
142916,142916,142920,4,0
142916,142916,142919,3,0
142916,142918,142920,2,2
142916,142916,142920,4,0
142916,142916,142920,4,0
142916,142916,142920,4,0
142916,142916,142920,4,0
142916,142918,142921,3,2
142916,142916,142920,4,0
142916,142918,142921,3,2
142916,142916,142921,5,0
142916,142916,142920,4,0
142916,142919,142921,2,3
142916,142920,142922,2,4
142916,142919,142922,3,3
142916,142919,142922,3,3
142916,142920,142922,2,4
142916,142920,142923,3,4
142916,142920,142923,3,4
142916,142920,142923,3,4
142916,142919,142923,4,3
142916,142919,142922,3,3
142916,142920,142924,4,4
142916,142920,142924,4,4
142916,142920,142924,4,4
142916,142921,142924,3,5
142916,142920,142923,3,4
142916,142920,142924,4,4
142916,142920,142923,3,4
142916,142920,142923,3,4
142916,142920,142923,3,4
142916,142920,142924,4,4
142916,142920,142924,4,4
142916,142920,142924,4,4
142916,142920,142924,4,4
142916,142920,142924,4,4
142916,142920,142924,4,4
142916,142920,142924,4,4
142916,142920,142923,3,4
142916,142920,142923,3,4
142916,142920,142924,4,4
142916,142920,142924,4,4
142916,142920,142924,4,4
142916,142920,142924,4,4
142916,142921,142924,3,5
142916,142921,142925,4,5
142916,142921,142925,4,5
142916,142921,142924,3,5
142916,142921,142925,4,5
142916,142921,142925,4,5
142916,142920,142924,4,4
142916,142921,142925,4,5
142916,142921,142925,4,5
142916,142922,142926,4,6
142916,142922,142926,4,6
142916,142922,142925,3,6
142916,142923,142926,3,7
142916,142924,142926,2,8
142916,142922,142926,4,6
142916,142923,142926,3,7
142916,142923,142927,4,7
142916,142923,142927,4,7
142916,142923,142927,4,7
142916,142924,142927,3,8
142916,142924,142927,3,8
142916,142924,142927,3,8
142916,142924,142927,3,8
142916,142924,142927,3,8
142916,142924,142927,3,8
142916,142924,142927,3,8
142916,142924,142927,3,8
142916,142924,142927,3,8
142916,142924,142927,3,8
142916,142923,142927,4,7
142916,142924,142927,3,8
142916,142924,142927,3,8
142916,142924,142927,3,8
142916,142924,142927,3,8
142916,142924,142927,3,8
142916,142924,142927,3,8
142916,142924,142927,3,8
142916,142925,142928,3,9
142916,142925,142927,2,9
142916,142924,142928,4,8
142916,142924,142928,4,8
142916,142924,142928,4,8
142916,142924,142928,4,8
142916,142924,142929,5,8
142085,142129,142971,842,44
142973,142973,142976,3,0
142973,142973,142976,3,0
142973,142973,142976,3,0
142973,142973,142976,3,0
142973,142974,142977,3,1
142973,142973,142977,4,0
142973,142973,142977,4,0
142973,142973,142977,4,0
142973,142973,142977,4,0
142973,142973,142977,4,0
142973,142973,142977,4,0
142973,142973,142977,4,0
142973,142973,142977,4,0
142973,142973,142977,4,0
142973,142973,142977,4,0
142973,142973,142977,4,0
142973,142973,142977,4,0
142973,142973,142977,4,0
142973,142973,142977,4,0
142973,142973,142977,4,0
142973,142973,142976,3,0
142973,142973,142977,4,0
142973,142973,142977,4,0
142973,142973,142976,3,0
142973,142973,142977,4,0
142973,142973,142977,4,0
142973,142973,142977,4,0
142973,142973,142977,4,0
142973,142973,142977,4,0
142973,142973,142978,5,0
142973,142973,142978,5,0
142973,142973,142978,5,0
142973,142973,142978,5,0
142973,142973,142978,5,0
142973,142973,142978,5,0
142973,142973,142978,5,0
142973,142976,142978,2,3
142973,142973,142978,5,0
142973,142973,142978,5,0
142973,142977,142978,1,4
142973,142977,142978,1,4
142973,142977,142979,2,4
142973,142976,142979,3,3
142973,142977,142980,3,4
142973,142978,142980,2,5
142973,142978,142980,2,5
142973,142978,142980,2,5
142973,142978,142980,2,5
142973,142978,142980,2,5
142973,142978,142981,3,5
142973,142978,142981,3,5
142973,142978,142982,4,5
142973,142978,142981,3,5
142973,142978,142981,3,5
142973,142978,142981,3,5
142973,142978,142981,3,5
142973,142978,142981,3,5
142973,142978,142981,3,5
142973,142978,142981,3,5
142973,142978,142982,4,5
142973,142978,142981,3,5
142973,142978,142981,3,5
142973,142978,142981,3,5
142973,142979,142981,2,6
142973,142979,142982,3,6
142973,142979,142982,3,6
142973,142979,142982,3,6
142973,142979,142982,3,6
142973,142979,142982,3,6
142973,142979,142982,3,6
142973,142978,142982,4,5
142973,142978,142982,4,5
142973,142979,142982,3,6
142973,142978,142982,4,5
142973,142979,142982,3,6
142973,142978,142982,4,5
142973,142979,142982,3,6
142973,142979,142982,3,6
142973,142979,142982,3,6
142973,142978,142983,5,5
142973,142980,142984,4,7
142973,142981,142984,3,8
142973,142981,142984,3,8
142973,142981,142984,3,8
142973,142981,142984,3,8
142973,142981,142984,3,8
142973,142981,142984,3,8
142973,142982,142985,3,9
142973,142982,142984,2,9
142973,142982,142984,2,9
142973,142982,142985,3,9
142973,142982,142985,3,9
142973,142982,142985,3,9
142973,142982,142984,2,9
142973,142982,142984,2,9
142973,142982,142984,2,9
142973,142983,142985,2,10
142973,142982,142985,3,9
142973,142982,142985,3,9
142973,142982,142985,3,9
142973,142982,142985,3,9
142973,142983,142985,2,10
142973,142982,142986,4,9
142973,142983,142985,2,10
142973,142983,142985,2,10
142973,142983,142985,2,10
142973,142982,142985,3,9
142973,142982,142985,3,9
142973,142983,142985,2,10
142973,142983,142985,2,10
142973,142982,142985,3,9
142973,142982,142985,3,9
142973,142982,142985,3,9
142973,142983,142985,2,10
142973,142983,142985,2,10
142973,142982,142985,3,9
142973,142983,142986,3,10
142973,142983,142986,3,10
142973,142983,142986,3,10
142973,142983,142986,3,10
142179,142207,143070,863,28
143071,143071,143074,3,0
143071,143071,143074,3,0
143071,143071,143074,3,0
143071,143071,143074,3,0
143071,143071,143073,2,0
143071,143071,143074,3,0
143071,143071,143075,4,0
143071,143071,143075,4,0
143071,143071,143074,3,0
143071,143071,143075,4,0
143071,143071,143074,3,0
143071,143071,143074,3,0
143071,143071,143074,3,0
143071,143071,143074,3,0
143071,143071,143074,3,0
143071,143071,143075,4,0
143071,143071,143075,4,0
143071,143071,143074,3,0
143071,143071,143075,4,0
143071,143071,143074,3,0
143071,143071,143075,4,0
143071,143071,143074,3,0
143071,143071,143074,3,0
143071,143071,143075,4,0
143071,143071,143074,3,0
143071,143071,143075,4,0
143071,143071,143075,4,0
143071,143071,143075,4,0
143071,143071,143075,4,0
143071,143071,143075,4,0
143071,143071,143075,4,0
143071,143071,143075,4,0
143071,143071,143076,5,0
143071,143071,143076,5,0
143071,143071,143076,5,0
143071,143074,143076,2,3
143071,143071,143075,4,0
143071,143071,143075,4,0
143071,143074,143075,1,3
143071,143071,143075,4,0
143071,143074,143075,1,3
143071,143074,143076,2,3
143071,143071,143075,4,0
143071,143074,143075,1,3
143071,143071,143075,4,0
143071,143071,143076,5,0
143071,143075,143077,2,4
143071,143075,143077,2,4
143071,143075,143077,2,4
143071,143075,143077,2,4
143071,143075,143077,2,4
143071,143075,143078,3,4
143071,143075,143078,3,4
143071,143075,143077,2,4
143071,143075,143078,3,4
143071,143075,143078,3,4
143071,143075,143078,3,4
143071,143075,143078,3,4
143071,143075,143078,3,4
143071,143075,143079,4,4
143071,143075,143078,3,4
143071,143075,143079,4,4
143071,143075,143079,4,4
143071,143076,143079,3,5
143071,143075,143078,3,4
143071,143075,143079,4,4
143071,143076,143079,3,5
143071,143075,143079,4,4
143071,143075,143078,3,4
143071,143075,143079,4,4
143071,143076,143079,3,5
143071,143076,143079,3,5
143071,143075,143079,4,4
143071,143075,143079,4,4
143071,143075,143079,4,4
143071,143075,143079,4,4
143071,143076,143079,3,5
143071,143076,143079,3,5
143071,143076,143080,4,5
143071,143076,143079,3,5
143071,143076,143080,4,5
143071,143076,143079,3,5
143071,143076,143080,4,5
143071,143076,143080,4,5
143071,143076,143079,3,5
143071,143076,143080,4,5
143071,143077,143080,3,6
143071,143077,143081,4,6
143071,143078,143081,3,7
143071,143077,143081,4,6
143071,143078,143082,4,7
143071,143080,143081,1,9
143071,143078,143082,4,7
143071,143077,143081,4,6
143071,143079,143082,3,8
143071,143079,143081,2,8
143071,143078,143082,4,7
143071,143078,143081,3,7
143071,143079,143082,3,8
143071,143079,143082,3,8
143071,143079,143082,3,8
143071,143079,143082,3,8
143071,143079,143082,3,8
143071,143078,143082,4,7
143071,143078,143082,4,7
143071,143080,143082,2,9
143071,143080,143082,2,9
143071,143080,143082,2,9
143071,143080,143082,2,9
143071,143080,143083,3,9
143071,143079,143082,3,8
143071,143079,143083,4,8
143071,143078,143082,4,7
143071,143078,143083,5,7
143071,143079,143083,4,8
143071,143079,143083,4,8
143071,143079,143083,4,8
143071,143079,143083,4,8
143071,143079,143083,4,8
143071,143080,143083,3,9
142248,142261,143112,851,13
143122,143122,143125,3,0
143122,143122,143125,3,0
143122,143122,143125,3,0
143122,143123,143126,3,1
143122,143123,143126,3,1
143122,143122,143126,4,0
143122,143122,143126,4,0
143122,143122,143125,3,0
143122,143122,143125,3,0
143122,143122,143126,4,0
143122,143122,143125,3,0
143122,143122,143126,4,0
143122,143122,143126,4,0
143122,143122,143126,4,0
143122,143122,143126,4,0
143122,143122,143126,4,0
143122,143122,143126,4,0
143122,143122,143126,4,0
143122,143122,143126,4,0
143122,143122,143126,4,0
143122,143122,143125,3,0
143122,143122,143126,4,0
143122,143122,143126,4,0
143122,143122,143126,4,0
143122,143122,143126,4,0
143122,143122,143126,4,0
143122,143122,143126,4,0
143122,143122,143126,4,0
143122,143122,143127,5,0
143122,143123,143126,3,1
143122,143122,143126,4,0
143122,143125,143127,2,3
143122,143122,143127,5,0
143122,143122,143127,5,0
143122,143125,143126,1,3
143122,143125,143127,2,3
143122,143122,143126,4,0
143122,143122,143127,5,0
143122,143122,143127,5,0
143122,143122,143126,4,0
143122,143122,143126,4,0
143122,143122,143126,4,0
143122,143122,143127,5,0
143122,143122,143127,5,0
143122,143127,143128,1,5
143122,143126,143128,2,4
143122,143127,143128,1,5
143122,143126,143129,3,4
143122,143126,143129,3,4
143122,143126,143129,3,4
143122,143126,143129,3,4
143122,143126,143129,3,4
143122,143126,143130,4,4
143122,143126,143129,3,4
143122,143127,143129,2,5
143122,143128,143130,2,6
143122,143128,143130,2,6
143122,143127,143129,2,5
143122,143126,143130,4,4
143122,143126,143130,4,4
143122,143127,143130,3,5
143122,143127,143130,3,5
143122,143126,143130,4,4
143122,143126,143130,4,4
143122,143126,143130,4,4
143122,143126,143130,4,4
143122,143126,143130,4,4
143122,143126,143130,4,4
143122,143126,143130,4,4
143122,143128,143131,3,6
143122,143126,143130,4,4
143122,143128,143130,2,6
143122,143126,143130,4,4
143122,143126,143130,4,4
143122,143128,143131,3,6
143122,143127,143131,4,5
143122,143127,143131,4,5
143122,143126,143131,5,4
143122,143128,143131,3,6
143122,143128,143131,3,6
143122,143126,143131,5,4
143122,143128,143131,3,6
143122,143128,143131,3,6
143122,143128,143131,3,6
143122,143128,143131,3,6
143122,143128,143131,3,6
143122,143128,143132,4,6
143122,143130,143133,3,8
143122,143130,143133,3,8
143122,143130,143132,2,8
143122,143130,143132,2,8
143122,143130,143132,2,8
143122,143130,143133,3,8
143122,143130,143133,3,8
143122,143130,143133,3,8
143122,143130,143133,3,8
143122,143130,143133,3,8
143122,143131,143133,2,9
143122,143131,143134,3,9
143122,143131,143134,3,9
143122,143130,143133,3,8
143122,143130,143133,3,8
143122,143131,143133,2,9
143122,143131,143133,2,9
143122,143130,143133,3,8
143122,143131,143133,2,9
143122,143131,143134,3,9
143122,143131,143133,2,9
143122,143130,143133,3,8
143122,143131,143133,2,9
143122,143131,143134,3,9
143122,143130,143133,3,8
143122,143129,143134,5,7
143122,143132,143134,2,10
143122,143132,143134,2,10
143122,143132,143134,2,10
143122,143131,143134,3,9
143122,143131,143134,3,9
143122,143132,143134,2,10
143122,143132,143134,2,10
142298,142312,143168,856,14
143169,143169,143172,3,0
143169,143169,143172,3,0
143169,143169,143172,3,0
143169,143169,143171,2,0
143169,143169,143172,3,0
143169,143169,143172,3,0
143169,143169,143173,4,0
143169,143169,143172,3,0
143169,143169,143173,4,0
143169,143169,143173,4,0
143169,143169,143173,4,0
143169,143169,143173,4,0
143169,143169,143172,3,0
143169,143169,143173,4,0
143169,143169,143173,4,0
143169,143169,143173,4,0
143169,143169,143173,4,0
143169,143169,143173,4,0
143169,143169,143173,4,0
143169,143169,143172,3,0
143169,143169,143172,3,0
143169,143169,143173,4,0
143169,143169,143173,4,0
143169,143169,143174,5,0
143169,143169,143173,4,0
143169,143169,143174,5,0
143169,143169,143174,5,0
143169,143169,143174,5,0
143169,143169,143173,4,0
143169,143169,143174,5,0
143169,143169,143173,4,0
143169,143169,143173,4,0
143169,143169,143173,4,0
143169,143169,143173,4,0
143169,143172,143174,2,3
143169,143172,143173,1,3
143169,143169,143173,4,0
143169,143169,143174,5,0
143169,143172,143173,1,3
143169,143172,143173,1,3
143169,143172,143173,1,3
143169,143173,143175,2,4
143169,143169,143175,6,0
143169,143173,143176,3,4
143169,143173,143176,3,4
143169,143173,143176,3,4
143169,143173,143176,3,4
143169,143174,143176,2,5
143169,143174,143176,2,5
143169,143173,143176,3,4
143169,143173,143176,3,4
143169,143173,143176,3,4
143169,143173,143176,3,4
143169,143173,143176,3,4
143169,143173,143177,4,4
143169,143173,143177,4,4
143169,143173,143177,4,4
143169,143174,143177,3,5
143169,143174,143176,2,5
143169,143173,143176,3,4
143169,143173,143177,4,4
143169,143173,143177,4,4
143169,143174,143177,3,5
143169,143174,143178,4,5
143169,143173,143177,4,4
143169,143175,143178,3,6
143169,143174,143178,4,5
143169,143174,143177,3,5
143169,143174,143178,4,5
143169,143174,143178,4,5
143169,143173,143177,4,4
143169,143174,143177,3,5
143169,143174,143178,4,5
143169,143174,143177,3,5
143169,143174,143178,4,5
143169,143174,143177,3,5
143169,143175,143178,3,6
143169,143174,143178,4,5
143169,143176,143179,3,7
143169,143174,143178,4,5
143169,143174,143179,5,5
143169,143176,143179,3,7
143169,143176,143179,3,7
143169,143176,143179,3,7
143169,143176,143179,3,7
143169,143176,143180,4,7
143169,143177,143180,3,8
143169,143176,143180,4,7
143169,143177,143180,3,8
143169,143176,143180,4,7
143169,143177,143180,3,8
143169,143178,143180,2,9
143169,143176,143180,4,7
143169,143176,143180,4,7
143169,143176,143180,4,7
143169,143177,143180,3,8
143169,143179,143181,2,10
143169,143178,143181,3,9
143169,143178,143181,3,9
143169,143178,143181,3,9
143169,143178,143181,3,9
143169,143178,143181,3,9
143169,143177,143181,4,8
143169,143178,143181,3,9
143169,143178,143181,3,9
143169,143177,143181,4,8
143169,143178,143181,3,9
143169,143179,143182,3,10
143169,143178,143181,3,9
143169,143178,143182,4,9
143169,143178,143181,3,9
143169,143178,143181,3,9
143169,143179,143181,2,10
143169,143178,143181,3,9
143169,143178,143182,4,9
143169,143178,143182,4,9
143169,143187,143190,3,18
143169,143187,143191,4,18
143169,143187,143192,5,18
143169,143187,143191,4,18
142350,142363,143237,874,13
143239,143239,143242,3,0
143239,143239,143242,3,0
143239,143239,143241,2,0
143239,143239,143243,4,0
143239,143239,143243,4,0
143239,143239,143243,4,0
143239,143239,143242,3,0
143239,143239,143243,4,0
143239,143239,143242,3,0
143239,143239,143242,3,0
143239,143239,143243,4,0
143239,143239,143243,4,0
143239,143239,143243,4,0
143239,143239,143243,4,0
143239,143239,143243,4,0
143239,143239,143243,4,0
143239,143239,143242,3,0
143239,143239,143243,4,0
143239,143239,143242,3,0
143239,143239,143243,4,0
143239,143239,143243,4,0
143239,143239,143243,4,0
143239,143239,143243,4,0
143239,143239,143243,4,0
143239,143239,143243,4,0
143239,143239,143243,4,0
143239,143239,143243,4,0
143239,143242,143244,2,3
143239,143239,143244,5,0
143239,143239,143243,4,0
143239,143239,143244,5,0
143239,143239,143244,5,0
143239,143239,143243,4,0
143239,143239,143243,4,0
143239,143239,143244,5,0
143239,143239,143244,5,0
143239,143239,143244,5,0
143239,143239,143244,5,0
143239,143239,143243,4,0
143239,143242,143244,2,3
143239,143239,143244,5,0
143239,143239,143244,5,0
143239,143242,143244,2,3
143239,143243,143245,2,4
143239,143243,143245,2,4
143239,143243,143245,2,4
143239,143243,143245,2,4
143239,143239,143244,5,0
143239,143243,143246,3,4
143239,143243,143246,3,4
143239,143244,143246,2,5
143239,143243,143246,3,4
143239,143243,143246,3,4
143239,143243,143246,3,4
143239,143243,143246,3,4
143239,143243,143246,3,4
143239,143243,143246,3,4
143239,143243,143246,3,4
143239,143243,143247,4,4
143239,143243,143247,4,4
143239,143244,143247,3,5
143239,143244,143247,3,5
143239,143244,143247,3,5
143239,143243,143247,4,4
143239,143243,143247,4,4
143239,143243,143247,4,4
143239,143244,143248,4,5
143239,143243,143247,4,4
143239,143243,143247,4,4
143239,143244,143247,3,5
143239,143243,143247,4,4
143239,143243,143247,4,4
143239,143244,143247,3,5
143239,143243,143247,4,4
143239,143244,143248,4,5
143239,143244,143248,4,5
143239,143245,143248,3,6
143239,143245,143248,3,6
143239,143245,143248,3,6
143239,143245,143248,3,6
143239,143244,143248,4,5
143239,143244,143248,4,5
143239,143244,143248,4,5
143239,143244,143248,4,5
143239,143244,143248,4,5
143239,143244,143248,4,5
143239,143245,143249,4,6
143239,143246,143249,3,7
143239,143246,143249,3,7
143239,143246,143249,3,7
143239,143248,143249,1,9
143239,143247,143249,2,8
143239,143246,143249,3,7
143239,143247,143249,2,8
143239,143247,143250,3,8
143239,143247,143249,2,8
143239,143245,143250,5,6
143239,143247,143250,3,8
143239,143248,143250,2,9
143239,143249,143250,1,10
143239,143248,143250,2,9
143239,143248,143250,2,9
143239,143248,143250,2,9
143239,143248,143250,2,9
143239,143249,143250,1,10
143239,143247,143250,3,8
143239,143247,143250,3,8
143239,143248,143251,3,9
143239,143248,143250,2,9
143239,143248,143251,3,9
143239,143248,143250,2,9
143239,143248,143251,3,9
143239,143247,143250,3,8
143239,143248,143251,3,9
143239,143248,143251,3,9
143239,143248,143250,2,9
143239,143247,143251,4,8
143239,143247,143251,4,8
143239,143247,143251,4,8
143239,143249,143251,2,10
142451,142456,143271,815,5
143286,143286,143289,3,0
143286,143286,143289,3,0
143286,143286,143289,3,0
143286,143286,143290,4,0
143286,143286,143289,3,0
143286,143286,143290,4,0
143286,143286,143290,4,0
143286,143286,143290,4,0
143286,143286,143290,4,0
143286,143286,143290,4,0
143286,143286,143290,4,0
143286,143286,143290,4,0
143286,143286,143290,4,0
143286,143286,143290,4,0
143286,143286,143290,4,0
143286,143286,143290,4,0
143286,143286,143290,4,0
143286,143286,143290,4,0
143286,143286,143290,4,0
143286,143286,143290,4,0
143286,143286,143290,4,0
143286,143286,143290,4,0
143286,143286,143290,4,0
143286,143286,143290,4,0
143286,143286,143290,4,0
143286,143286,143290,4,0
143286,143286,143290,4,0
143286,143286,143290,4,0
143286,143286,143290,4,0
143286,143286,143291,5,0
143286,143286,143291,5,0
143286,143286,143291,5,0
143286,143286,143291,5,0
143286,143286,143291,5,0
143286,143286,143291,5,0
143286,143286,143291,5,0
143286,143286,143291,5,0
143286,143289,143291,2,3
143286,143286,143291,5,0
143286,143290,143292,2,4
143286,143291,143292,1,5
143286,143291,143293,2,5
143286,143289,143293,4,3
143286,143291,143294,3,5
143286,143291,143293,2,5
143286,143291,143293,2,5
143286,143291,143293,2,5
143286,143291,143293,2,5
143286,143291,143293,2,5
143286,143291,143293,2,5
143286,143291,143293,2,5
143286,143291,143294,3,5
143286,143291,143294,3,5
143286,143291,143294,3,5
143286,143291,143294,3,5
143286,143291,143294,3,5
143286,143291,143294,3,5
143286,143293,143295,2,7
143286,143292,143294,2,6
143286,143291,143294,3,5
143286,143291,143294,3,5
143286,143293,143295,2,7
143286,143292,143294,2,6
143286,143292,143294,2,6
143286,143292,143294,2,6
143286,143291,143295,4,5
143286,143291,143294,3,5
143286,143292,143294,2,6
143286,143292,143295,3,6
143286,143291,143294,3,5
143286,143291,143294,3,5
143286,143291,143294,3,5
143286,143291,143294,3,5
143286,143291,143294,3,5
143286,143292,143294,2,6
143286,143291,143295,4,5
143286,143293,143295,2,7
143286,143294,143296,2,8
143286,143292,143295,3,6
143286,143294,143296,2,8
143286,143294,143297,3,8
143286,143294,143296,2,8
143286,143294,143297,3,8
143286,143294,143296,2,8
143286,143294,143297,3,8
143286,143294,143297,3,8
143286,143294,143296,2,8
143286,143294,143297,3,8
143286,143295,143297,2,9
143286,143294,143297,3,8
143286,143294,143297,3,8
143286,143295,143297,2,9
143286,143295,143297,2,9
143286,143295,143297,2,9
143286,143295,143297,2,9
143286,143295,143297,2,9
143286,143295,143297,2,9
143286,143295,143297,2,9
143286,143295,143298,3,9
143286,143295,143298,3,9
143286,143295,143297,2,9
143286,143295,143298,3,9
143286,143295,143297,2,9
143286,143296,143298,2,10
143286,143295,143297,2,9
143286,143295,143298,3,9
143286,143295,143298,3,9
143286,143295,143298,3,9
143286,143294,143298,4,8
143286,143295,143298,3,9
143286,143296,143299,3,10
143286,143295,143298,3,9
143286,143296,143298,2,10
143286,143295,143298,3,9
143286,143296,143299,3,10
143286,143286,143291,5,0
143286,143286,143291,5,0
143286,143286,143291,5,0
143286,143308,143311,3,22
143286,143308,143311,3,22
142407,142419,143328,909,12
142474,142478,143327,849,4
143342,143343,143346,3,1
143342,143343,143346,3,1
143342,143343,143345,2,1
143342,143343,143345,2,1
143342,143343,143346,3,1
143342,143343,143346,3,1
143342,143343,143346,3,1
143342,143343,143346,3,1
143342,143343,143346,3,1
143342,143343,143346,3,1
143342,143343,143347,4,1
143342,143343,143346,3,1
143342,143343,143346,3,1
143342,143343,143346,3,1
143342,143343,143347,4,1
143342,143343,143346,3,1
143342,143343,143346,3,1
143342,143343,143346,3,1
143342,143343,143346,3,1
143342,143343,143346,3,1
143342,143343,143346,3,1
143342,143343,143347,4,1
143342,143343,143346,3,1
143342,143343,143346,3,1
143342,143343,143346,3,1
143342,143343,143346,3,1
143342,143343,143347,4,1
143342,143343,143347,4,1
143342,143343,143347,4,1
143342,143346,143347,1,4
143342,143343,143347,4,1
143342,143343,143347,4,1
143342,143346,143347,1,4
143342,143343,143347,4,1
143342,143346,143347,1,4
143342,143343,143347,4,1
143342,143343,143347,4,1
143342,143343,143347,4,1
143342,143343,143347,4,1
143342,143343,143347,4,1
143342,143343,143347,4,1
143342,143343,143347,4,1
143342,143346,143347,1,4
143342,143347,143349,2,5
143342,143343,143348,5,1
143342,143347,143349,2,5
143342,143348,143349,1,6
143342,143348,143349,1,6
143342,143347,143350,3,5
142472,142478,143349,871,6
143342,143347,143349,2,5
143342,143347,143349,2,5
143342,143347,143350,3,5
143342,143347,143350,3,5
143342,143347,143350,3,5
143342,143347,143350,3,5
143342,143347,143349,2,5
143342,143347,143350,3,5
143342,143347,143349,2,5
143342,143347,143350,3,5
143342,143347,143350,3,5
143342,143348,143350,2,6
143342,143347,143350,3,5
143342,143348,143351,3,6
143342,143348,143350,2,6
143342,143347,143351,4,5
143342,143347,143351,4,5
143342,143348,143351,3,6
143342,143347,143351,4,5
143342,143347,143350,3,5
143342,143348,143351,3,6
143342,143347,143351,4,5
143342,143347,143350,3,5
143342,143347,143351,4,5
143342,143348,143351,3,6
143342,143348,143350,2,6
143342,143348,143351,3,6
143342,143348,143351,3,6
143342,143348,143351,3,6
143342,143349,143352,3,7
143342,143347,143351,4,5
143342,143348,143351,3,6
143342,143349,143352,3,7
143342,143348,143352,4,6
143342,143349,143352,3,7
143342,143348,143351,3,6
143342,143348,143351,3,6
143342,143350,143352,2,8
143342,143350,143352,2,8
143342,143351,143353,2,9
143342,143350,143353,3,8
143342,143350,143352,2,8
143342,143350,143353,3,8
143342,143350,143353,3,8
143342,143350,143353,3,8
143342,143350,143353,3,8
143342,143350,143353,3,8
143342,143350,143353,3,8
143342,143350,143353,3,8
143342,143350,143353,3,8
143342,143351,143353,2,9
143342,143350,143353,3,8
143342,143351,143354,3,9
143342,143351,143354,3,9
143342,143351,143354,3,9
143342,143351,143354,3,9
143342,143351,143354,3,9
143342,143351,143354,3,9
143342,143351,143354,3,9
143342,143351,143353,2,9
143342,143350,143353,3,8
143342,143351,143354,3,9
143342,143351,143353,2,9
143342,143351,143354,3,9
143342,143351,143354,3,9
143342,143351,143353,2,9
143342,143351,143353,2,9
143342,143351,143355,4,9
143343,143352,143355,3,9
143342,143351,143354,3,9
143343,143352,143355,3,9
143343,143352,143355,3,9
143343,143352,143355,3,9
143343,143352,143355,3,9
143343,143351,143355,4,8
143343,143353,143355,2,10
143343,143352,143355,3,9
143343,143352,143355,3,9
143343,143354,143356,2,11
143343,143352,143356,4,9
143343,143353,143356,3,10
143343,143353,143356,3,10
143343,143353,143356,3,10
143343,143355,143356,1,12
143343,143354,143356,2,11
143343,143353,143356,3,10
143343,143354,143357,3,11
143343,143354,143357,3,11
143343,143354,143357,3,11
143343,143353,143356,3,10
143343,143353,143356,3,10
143343,143354,143357,3,11
143343,143354,143357,3,11
143343,143353,143357,4,10
143343,143353,143357,4,10
143343,143353,143357,4,10
143343,143353,143357,4,10
143343,143353,143357,4,10
143343,143354,143357,3,11
143343,143353,143357,4,10
143343,143353,143357,4,10
143343,143354,143358,4,11
143343,143355,143357,2,12
143343,143355,143358,3,12
143343,143354,143358,4,11
143342,143354,143358,4,12
143342,143354,143358,4,12
143343,143354,143358,4,11
143343,143354,143358,4,11
143343,143354,143358,4,11
143343,143354,143359,5,11
143343,143356,143358,2,13
143343,143356,143358,2,13
143343,143355,143359,4,12
143343,143355,143359,4,12
143343,143354,143359,5,11
143343,143355,143359,4,12
143343,143356,143359,3,13
143343,143357,143359,2,14
143343,143357,143359,2,14
143343,143357,143359,2,14
143343,143357,143360,3,14
143343,143358,143360,2,15
143343,143357,143360,3,14
143343,143356,143360,4,13
143343,143356,143360,4,13
143343,143356,143360,4,13
143343,143358,143361,3,15
143343,143357,143360,3,14
143343,143357,143361,4,14
143343,143358,143360,2,15
143343,143357,143360,3,14
143343,143358,143360,2,15
143343,143358,143361,3,15
143343,143357,143361,4,14
143343,143357,143361,4,14
143343,143357,143361,4,14
143343,143357,143361,4,14
143343,143357,143361,4,14
143343,143357,143361,4,14
143343,143357,143361,4,14
143343,143358,143361,3,15
143343,143359,143361,2,16
143343,143359,143362,3,16
143343,143359,143361,2,16
143343,143359,143362,3,16
143343,143358,143361,3,15
143343,143358,143361,3,15
143343,143358,143361,3,15
143343,143359,143362,3,16
143343,143360,143362,2,17
143343,143359,143362,3,16
143343,143359,143362,3,16
143343,143359,143362,3,16
143343,143359,143363,4,16
143343,143358,143362,4,15
143343,143360,143362,2,17
143343,143360,143362,2,17
143343,143360,143362,2,17
143343,143360,143362,2,17
143343,143359,143363,4,16
143343,143360,143363,3,17
143343,143360,143363,3,17
143343,143361,143363,2,18
143343,143361,143364,3,18
143343,143362,143364,2,19
143343,143362,143364,2,19
143343,143358,143363,5,15
143343,143361,143364,3,18
143343,143360,143363,3,17
143343,143360,143363,3,17
143343,143361,143364,3,18
143343,143361,143364,3,18
143343,143361,143364,3,18
143343,143360,143364,4,17
143343,143362,143364,2,19
143343,143362,143364,2,19
143343,143362,143364,2,19
143343,143362,143365,3,19
143343,143362,143365,3,19
143343,143361,143364,3,18
143343,143362,143365,3,19
143343,143362,143365,3,19
143343,143361,143364,3,18
143343,143361,143364,3,18
143343,143361,143364,3,18
143343,143362,143365,3,19
143343,143362,143365,3,19
143343,143362,143365,3,19
143353,143363,143366,3,10
143343,143362,143365,3,19
143343,143362,143365,3,19
143353,143363,143366,3,10
143353,143362,143366,4,9
143353,143363,143366,3,10
143353,143363,143366,3,10
143353,143363,143366,3,10
143353,143363,143366,3,10
143353,143363,143366,3,10
143353,143363,143366,3,10
143353,143364,143367,3,11
143353,143365,143367,2,12
143353,143364,143366,2,11
143353,143365,143366,1,12
143353,143365,143366,1,12
143353,143363,143366,3,10
143353,143364,143367,3,11
143353,143364,143367,3,11
143353,143363,143367,4,10
143353,143364,143367,3,11
143353,143363,143366,3,10
143353,143365,143368,3,12
143353,143364,143367,3,11
143353,143365,143367,2,12
143353,143365,143368,3,12
143353,143364,143367,3,11
143353,143364,143368,4,11
143353,143364,143368,4,11
143353,143364,143368,4,11
143353,143364,143368,4,11
143353,143364,143368,4,11
143353,143365,143368,3,12
143353,143365,143368,3,12
143353,143366,143368,2,13
143353,143366,143369,3,13
143353,143365,143369,4,12
143353,143365,143369,4,12
143353,143365,143369,4,12
143353,143365,143369,4,12
143353,143366,143370,4,13
143353,143366,143369,3,13
143353,143366,143369,3,13
143353,143367,143370,3,14
143353,143367,143369,2,14
143353,143367,143369,2,14
143353,143367,143369,2,14
143353,143367,143370,3,14
143353,143367,143370,3,14
143353,143367,143370,3,14
143353,143367,143369,2,14
143353,143366,143370,4,13
143353,143366,143370,4,13
143353,143366,143371,5,13
143353,143366,143370,4,13
143353,143367,143370,3,14
143353,143367,143370,3,14
143353,143367,143371,4,14
143353,143368,143371,3,15
143353,143369,143371,2,16
143353,143367,143371,4,14
143353,143367,143371,4,14
143353,143367,143370,3,14
143353,143367,143371,4,14
143353,143367,143371,4,14
143353,143369,143371,2,16
143353,143369,143371,2,16
143353,143369,143371,2,16
143353,143370,143372,2,17
143353,143368,143371,3,15
143353,143369,143371,2,16
143353,143368,143372,4,15
143353,143368,143372,4,15
143353,143368,143372,4,15
143353,143368,143372,4,15
143353,143369,143372,3,16
143353,143369,143372,3,16
143353,143369,143372,3,16
143353,143369,143372,3,16
143353,143370,143373,3,17
143353,143370,143373,3,17
143353,143370,143373,3,17
143353,143370,143373,3,17
143353,143370,143372,2,17
143353,143370,143372,2,17
143353,143370,143373,3,17
143353,143370,143373,3,17
143353,143368,143373,5,15
143353,143369,143373,4,16
143353,143371,143373,2,18
143353,143371,143373,2,18
143353,143371,143373,2,18
143353,143372,143374,2,19
143353,143370,143373,3,17
143353,143370,143373,3,17
143353,143370,143374,4,17
143353,143370,143373,3,17
143353,143370,143373,3,17
143353,143371,143374,3,18
143353,143371,143374,3,18
143353,143371,143374,3,18
143353,143371,143374,3,18
143353,143371,143374,3,18
143353,143371,143374,3,18
143353,143371,143375,4,18
143353,143371,143375,4,18
143353,143372,143374,2,19
143353,143372,143375,3,19
143353,143372,143375,3,19
143353,143372,143375,3,19
143353,143372,143375,3,19
143353,143372,143375,3,19
143353,143372,143375,3,19
143353,143372,143375,3,19
143353,143372,143375,3,19
143353,143372,143375,3,19
143353,143372,143375,3,19
143353,143372,143375,3,19
143353,143373,143375,2,20
143353,143373,143375,2,20
143353,143373,143376,3,20
143353,143373,143375,2,20
142463,142469,143378,909,6
142508,142514,143380,866,6
143411,143412,143414,2,1
143411,143412,143414,2,1
143411,143412,143415,3,1
143411,143412,143414,2,1
143411,143412,143415,3,1
143411,143412,143415,3,1
143411,143412,143415,3,1
143411,143412,143415,3,1
143411,143412,143415,3,1
143411,143412,143415,3,1
143411,143412,143415,3,1
143411,143412,143415,3,1
143411,143412,143415,3,1
143411,143412,143416,4,1
143411,143412,143415,3,1
143411,143412,143415,3,1
143411,143412,143415,3,1
143411,143412,143415,3,1
143411,143412,143415,3,1
143411,143412,143415,3,1
143411,143412,143415,3,1
143411,143412,143416,4,1
143411,143412,143416,4,1
143411,143412,143415,3,1
143411,143412,143415,3,1
143411,143412,143415,3,1
143411,143412,143415,3,1
143411,143412,143416,4,1
143411,143412,143416,4,1
143411,143412,143416,4,1
143411,143412,143416,4,1
143411,143412,143416,4,1
143411,143412,143416,4,1
143411,143412,143417,5,1
143411,143412,143416,4,1
143411,143412,143416,4,1
143411,143412,143416,4,1
143411,143412,143416,4,1
143411,143416,143418,2,5
143411,143416,143418,2,5
143411,143417,143419,2,6
143411,143416,143418,2,5
143411,143416,143418,2,5
143411,143415,143418,3,4
143411,143415,143418,3,4
143411,143416,143419,3,5
143411,143415,143418,3,4
143411,143415,143418,3,4
143411,143417,143419,2,6
143411,143416,143419,3,5
143411,143416,143419,3,5
143411,143416,143419,3,5
143411,143417,143419,2,6
143411,143417,143419,2,6
143411,143416,143419,3,5
143411,143416,143419,3,5
143411,143417,143419,2,6
143411,143417,143419,2,6
143411,143417,143419,2,6
143411,143417,143419,2,6
143411,143416,143419,3,5
143411,143416,143419,3,5
143411,143416,143419,3,5
143411,143417,143419,2,6
143411,143417,143420,3,6
143411,143417,143419,2,6
143411,143418,143420,2,7
143411,143416,143419,3,5
143411,143416,143419,3,5
143411,143417,143420,3,6
143411,143416,143420,4,5
143411,143416,143419,3,5
143411,143416,143420,4,5
143411,143416,143420,4,5
143411,143417,143420,3,6
143411,143417,143421,4,6
143411,143418,143420,2,7
143411,143417,143420,3,6
143411,143419,143422,3,8
143411,143420,143422,2,9
143411,143419,143421,2,8
143411,143419,143422,3,8
143411,143419,143422,3,8
143411,143419,143422,3,8
143411,143420,143422,2,9
143411,143419,143422,3,8
143411,143419,143421,2,8
143411,143419,143422,3,8
143411,143419,143422,3,8
143411,143419,143422,3,8
143411,143420,143422,2,9
143411,143419,143422,3,8
143411,143420,143422,2,9
143411,143420,143423,3,9
143411,143420,143422,2,9
143411,143420,143422,2,9
143411,143420,143423,3,9
143411,143420,143423,3,9
143411,143420,143423,3,9
143411,143420,143423,3,9
143411,143420,143423,3,9
143411,143420,143423,3,9
143411,143420,143423,3,9
143411,143420,143423,3,9
143411,143420,143423,3,9
143411,143420,143423,3,9
143411,143420,143423,3,9
143411,143420,143422,2,9
143411,143420,143423,3,9
143411,143420,143423,3,9
143411,143420,143423,3,9
143411,143420,143423,3,9
143411,143421,143424,3,10
143411,143421,143424,3,10
143411,143421,143424,3,10
143411,143421,143425,4,10
143428,143428,143430,2,0
143428,143428,143430,2,0
143428,143428,143431,3,0
143428,143428,143431,3,0
143428,143428,143431,3,0
143428,143428,143432,4,0
143428,143428,143431,3,0
143428,143428,143432,4,0
143428,143428,143432,4,0
143428,143428,143431,3,0
143428,143428,143431,3,0
143428,143428,143431,3,0
143428,143428,143432,4,0
143428,143428,143431,3,0
143428,143428,143432,4,0
143428,143428,143432,4,0
143428,143428,143432,4,0
143428,143428,143431,3,0
143428,143428,143432,4,0
143411,143430,143432,2,19
143428,143428,143433,5,0
143428,143428,143432,4,0
143428,143431,143432,1,3
143428,143428,143432,4,0
143428,143428,143432,4,0
143428,143431,143432,1,3
143428,143428,143432,4,0
143428,143428,143432,4,0
143428,143428,143432,4,0
143428,143428,143433,5,0
143428,143428,143432,4,0
143428,143428,143432,4,0
143428,143428,143432,4,0
143428,143428,143433,5,0
143428,143428,143432,4,0
143428,143428,143432,4,0
143428,143428,143432,4,0
143428,143428,143433,5,0
143428,143428,143432,4,0
143428,143428,143433,5,0
143428,143432,143434,2,4
143411,143430,143434,4,19
143411,143430,143434,4,19
143428,143432,143434,2,4
143428,143432,143435,3,4
143411,143430,143435,5,19
143428,143432,143435,3,4
143428,143433,143435,2,5
143428,143433,143436,3,5
143428,143432,143435,3,4
143428,143432,143436,4,4
143428,143432,143436,4,4
143428,143432,143436,4,4
143428,143433,143436,3,5
143428,143432,143436,4,4
143428,143432,143436,4,4
143428,143432,143436,4,4
143428,143433,143436,3,5
143428,143433,143436,3,5
143428,143434,143437,3,6
143428,143434,143437,3,6
143428,143433,143437,4,5
143428,143433,143436,3,5
143428,143433,143437,4,5
143428,143433,143437,4,5
143428,143433,143436,3,5
143428,143432,143437,5,4
143428,143432,143437,5,4
143428,143433,143437,4,5
143428,143433,143437,4,5
143428,143433,143437,4,5
143428,143432,143436,4,4
143428,143433,143437,4,5
143428,143432,143437,5,4
143428,143433,143437,4,5
143428,143433,143437,4,5
143428,143432,143437,5,4
143428,143433,143436,3,5
143428,143433,143436,3,5
143428,143435,143437,2,7
143428,143435,143437,2,7
143428,143433,143437,4,5
143428,143433,143437,4,5
143428,143433,143437,4,5
143428,143435,143438,3,7
143428,143436,143439,3,8
143428,143436,143439,3,8
143428,143435,143438,3,7
143428,143436,143439,3,8
143428,143436,143439,3,8
143428,143436,143439,3,8
143428,143436,143439,3,8
143428,143436,143440,4,8
143428,143436,143440,4,8
143428,143437,143440,3,9
143428,143437,143440,3,9
143428,143436,143440,4,8
143428,143436,143440,4,8
143428,143436,143440,4,8
143428,143437,143440,3,9
143428,143437,143440,3,9
143428,143437,143440,3,9
143428,143436,143440,4,8
143428,143436,143440,4,8
143428,143437,143440,3,9
143428,143437,143440,3,9
143428,143438,143441,3,10
143428,143437,143441,4,9
143428,143437,143441,4,9
143428,143437,143440,3,9
143428,143437,143441,4,9
142518,142518,143440,922,0
143428,143437,143441,4,9
143428,143437,143441,4,9
143428,143437,143441,4,9
143428,143437,143441,4,9
143428,143437,143441,4,9
143428,143437,143441,4,9
143428,143437,143441,4,9
143428,143437,143441,4,9
143428,143438,143441,3,10
143428,143437,143441,4,9
143428,143438,143442,4,10
143428,143437,143441,4,9
143428,143441,143444,3,13
142581,142581,143460,879,0
143460,143460,143462,2,0
143460,143461,143462,1,1
143460,143460,143462,2,0
143460,143460,143462,2,0
143460,143460,143463,3,0
143460,143460,143463,3,0
143460,143460,143463,3,0
143460,143460,143464,4,0
143460,143460,143464,4,0
143460,143460,143464,4,0
143460,143460,143464,4,0
143460,143460,143463,3,0
143460,143460,143464,4,0
143460,143460,143464,4,0
143460,143460,143464,4,0
143460,143460,143464,4,0
143460,143460,143464,4,0
143460,143460,143464,4,0
143460,143460,143464,4,0
143460,143460,143464,4,0
143460,143461,143465,4,1
143460,143460,143465,5,0
143460,143460,143465,5,0
143460,143460,143465,5,0
143460,143460,143465,5,0
143460,143460,143465,5,0
143460,143460,143464,4,0
143460,143460,143465,5,0
143460,143460,143464,4,0
143460,143460,143464,4,0
143460,143460,143465,5,0
143460,143460,143464,4,0
143460,143460,143464,4,0
143460,143460,143465,5,0
143460,143460,143465,5,0
143460,143460,143465,5,0
143460,143460,143464,4,0
143460,143462,143465,3,2
143460,143460,143466,6,0
143460,143460,143466,6,0
143460,143460,143466,6,0
143460,143462,143466,4,2
143460,143462,143466,4,2
143460,143460,143465,5,0
143460,143460,143466,6,0
143460,143462,143467,5,2
143460,143464,143467,3,4
143460,143464,143467,3,4
143460,143464,143467,3,4
143460,143463,143467,4,3
143460,143464,143467,3,4
143460,143464,143467,3,4
143460,143463,143467,4,3
143460,143464,143468,4,4
143460,143465,143468,3,5
143460,143464,143468,4,4
143460,143464,143468,4,4
143460,143464,143468,4,4
143460,143465,143468,3,5
143460,143465,143468,3,5
143460,143464,143468,4,4
143460,143464,143468,4,4
143460,143465,143469,4,5
143460,143465,143469,4,5
143460,143465,143469,4,5
143460,143465,143469,4,5
143460,143465,143469,4,5
143460,143465,143469,4,5
143460,143465,143469,4,5
143460,143465,143469,4,5
143460,143465,143469,4,5
143460,143465,143469,4,5
143460,143464,143469,5,4
143460,143464,143469,5,4
143460,143465,143469,4,5
143460,143465,143469,4,5
143460,143465,143469,4,5
143460,143465,143469,4,5
143460,143467,143470,3,7
143460,143465,143470,5,5
143460,143467,143470,3,7
143460,143468,143470,2,8
143460,143467,143470,3,7
143460,143467,143471,4,7
143460,143467,143470,3,7
143460,143466,143471,5,6
143460,143466,143471,5,6
143460,143466,143471,5,6
143460,143468,143471,3,8
143460,143469,143472,3,9
143460,143467,143471,4,7
143460,143467,143471,4,7
143460,143468,143471,3,8
143460,143469,143472,3,9
143460,143468,143472,4,8
143460,143468,143472,4,8
143460,143468,143472,4,8
143460,143469,143472,3,9
143460,143468,143472,4,8
143460,143469,143472,3,9
143460,143470,143472,2,10
143460,143469,143472,3,9
143460,143470,143473,3,10
143460,143470,143473,3,10
143460,143469,143472,3,9
143460,143469,143472,3,9
143460,143469,143472,3,9
143460,143469,143472,3,9
143460,143470,143473,3,10
143460,143470,143473,3,10
143460,143470,143473,3,10
143460,143470,143473,3,10
143460,143470,143473,3,10
143461,143471,143474,3,10
143460,143470,143474,4,10
143460,143470,143473,3,10
143460,143470,143473,3,10
143461,143471,143474,3,10
143460,143470,143474,4,10
143461,143471,143474,3,10
143460,143471,143474,3,11
143461,143471,143474,3,10
143461,143472,143475,3,11
143461,143473,143474,1,12
143461,143473,143474,1,12
143461,143473,143474,1,12
143460,143470,143474,4,10
143460,143470,143474,4,10
143461,143472,143475,3,11
143461,143472,143475,3,11
143461,143471,143474,3,10
143461,143473,143475,2,12
143461,143472,143475,3,11
143461,143471,143474,3,10
143461,143471,143474,3,10
143461,143472,143475,3,11
143461,143471,143475,4,10
143461,143472,143475,3,11
143461,143473,143476,3,12
143461,143472,143476,4,11
143461,143472,143475,3,11
143461,143472,143475,3,11
143461,143473,143475,2,12
143461,143472,143475,3,11
143461,143472,143475,3,11
143461,143473,143476,3,12
143461,143475,143476,1,14
143461,143475,143477,2,14
143461,143474,143477,3,13
143461,143474,143477,3,13
143461,143473,143476,3,12
143461,143474,143477,3,13
143461,143474,143477,3,13
143461,143474,143477,3,13
143461,143473,143477,4,12
143461,143473,143477,4,12
143461,143472,143476,4,11
143461,143475,143477,2,14
143461,143475,143477,2,14
143461,143476,143477,1,15
143461,143475,143477,2,14
143461,143476,143477,1,15
143461,143475,143477,2,14
143461,143475,143477,2,14
143461,143474,143478,4,13
143461,143476,143478,2,15
142625,142632,143477,845,7
143461,143474,143477,3,13
143461,143474,143478,4,13
143461,143475,143478,3,14
143461,143476,143478,2,15
143461,143474,143477,3,13
143461,143475,143478,3,14
143461,143476,143478,2,15
143461,143474,143478,4,13
143461,143475,143478,3,14
143461,143475,143478,3,14
143461,143475,143478,3,14
143461,143475,143479,4,14
143461,143475,143478,3,14
143461,143476,143479,3,15
143461,143474,143478,4,13
143461,143475,143478,3,14
143461,143475,143479,4,14
143461,143476,143479,3,15
143461,143476,143479,3,15
143461,143476,143479,3,15
143461,143477,143480,3,16
143461,143477,143480,3,16
143461,143477,143480,3,16
143461,143476,143480,4,15
143461,143476,143479,3,15
143461,143477,143480,3,16
143461,143477,143480,3,16
142590,142590,143481,891,0
143461,143478,143480,2,17
143461,143477,143481,4,16
143461,143477,143480,3,16
143461,143477,143480,3,16
143461,143478,143481,3,17
143461,143477,143480,3,16
143461,143477,143481,4,16
143461,143478,143480,2,17
143461,143478,143481,3,17
143461,143478,143481,3,17
143461,143478,143480,2,17
143461,143478,143480,2,17
143461,143477,143481,4,16
143461,143478,143481,3,17
143461,143479,143481,2,18
143461,143478,143482,4,17
143461,143478,143481,3,17
143461,143478,143482,4,17
143461,143479,143481,2,18
143461,143479,143482,3,18
143461,143479,143481,2,18
143461,143479,143481,2,18
143461,143478,143482,4,17
143461,143479,143482,3,18
143461,143478,143481,3,17
143461,143479,143481,2,18
143461,143478,143482,4,17
143461,143479,143482,3,18
143461,143479,143482,3,18
143461,143479,143482,3,18
143461,143479,143482,3,18
143461,143479,143482,3,18
143461,143478,143482,4,17
143461,143478,143482,4,17
143461,143479,143483,4,18
143461,143480,143482,2,19
143461,143480,143483,3,19
143461,143480,143483,3,19
143461,143480,143483,3,19
143461,143479,143483,4,18
143461,143480,143483,3,19
143461,143480,143483,3,19
143461,143480,143484,4,19
143461,143481,143484,3,20
143461,143481,143484,3,20
143461,143481,143483,2,20
143461,143481,143484,3,20
143479,143481,143484,3,2
143479,143482,143485,3,3
143479,143482,143485,3,3
143479,143483,143485,2,4
143479,143481,143485,4,2
143479,143481,143485,4,2
143479,143481,143485,4,2
143479,143481,143485,4,2
143479,143482,143485,3,3
143479,143481,143485,4,2
143479,143481,143485,4,2
143479,143482,143485,3,3
143479,143482,143485,3,3
143479,143482,143485,3,3
143479,143483,143485,2,4
143479,143483,143485,2,4
143479,143483,143486,3,4
143479,143482,143486,4,3
143479,143482,143486,4,3
143479,143482,143486,4,3
143479,143482,143486,4,3
143479,143482,143486,4,3
143479,143482,143486,4,3
143479,143482,143486,4,3
143479,143482,143487,5,3
143479,143484,143486,2,5
143479,143483,143487,4,4
143479,143483,143486,3,4
143479,143483,143486,3,4
143479,143483,143486,3,4
143479,143482,143486,4,3
143479,143483,143487,4,4
143479,143482,143487,5,3
143479,143484,143487,3,5
143479,143484,143487,3,5
143479,143486,143487,1,7
143479,143482,143487,5,3
143479,143483,143487,4,4
143479,143485,143487,2,6
143479,143483,143487,4,4
143479,143484,143487,3,5
143479,143484,143487,3,5
143479,143485,143487,2,6
143479,143486,143488,2,7
143479,143485,143488,3,6
143479,143484,143488,4,5
143479,143485,143487,2,6
143479,143485,143488,3,6
143479,143486,143488,2,7
143479,143486,143489,3,7
143479,143486,143488,2,7
143479,143484,143488,4,5
143479,143486,143488,2,7
143479,143486,143488,2,7
143479,143487,143489,2,8
143479,143484,143488,4,5
143479,143487,143489,2,8
143479,143487,143489,2,8
143479,143487,143489,2,8
142538,142539,143489,950,1
143479,143486,143490,4,7
143479,143487,143489,2,8
143479,143487,143489,2,8
143479,143487,143489,2,8
143479,143486,143489,3,7
142597,142597,143489,892,0
143479,143486,143490,4,7
143479,143487,143490,3,8
143479,143487,143490,3,8
143479,143487,143491,4,8
143479,143488,143490,2,9
143479,143487,143490,3,8
143479,143487,143491,4,8
143479,143487,143490,3,8
143479,143487,143490,3,8
143479,143487,143490,3,8
143479,143488,143491,3,9
143479,143488,143491,3,9
143479,143486,143490,4,7
143479,143486,143491,5,7
143479,143489,143491,2,10
143479,143489,143491,2,10
143479,143489,143491,2,10
143479,143488,143491,3,9
143479,143488,143491,3,9
143479,143488,143492,4,9
143479,143488,143491,3,9
143479,143488,143491,3,9
143479,143488,143491,3,9
143479,143488,143491,3,9
143479,143489,143491,2,10
143479,143489,143492,3,10
143479,143488,143492,4,9
143479,143488,143491,3,9
143479,143488,143491,3,9
143479,143489,143492,3,10
143479,143489,143491,2,10
143479,143489,143492,3,10
143479,143489,143492,3,10
143479,143491,143493,2,12
143479,143490,143493,3,11
143479,143490,143492,2,11
143479,143490,143492,2,11
143479,143490,143492,2,11
143479,143490,143492,2,11
143479,143489,143492,3,10
143479,143490,143492,2,11
143479,143490,143492,2,11
143479,143490,143492,2,11
143479,143489,143492,3,10
143479,143490,143492,2,11
143479,143491,143494,3,12
143479,143491,143493,2,12
143479,143491,143493,2,12
143479,143491,143493,2,12
143479,143490,143493,3,11
143479,143491,143493,2,12
143479,143491,143494,3,12
143479,143491,143493,2,12
143479,143491,143494,3,12
143479,143491,143493,2,12
143479,143491,143493,2,12
142562,142562,143495,933,0
142575,142575,143498,923,0
142587,142587,143502,915,0
142573,142573,143510,937,0
142567,142567,143524,957,0
142600,142600,143526,926,0
143529,143530,143532,2,1
143529,143530,143531,1,1
143529,143530,143532,2,1
143529,143530,143532,2,1
143529,143530,143532,2,1
143529,143530,143533,3,1
143529,143530,143534,4,1
143529,143530,143533,3,1
143529,143530,143534,4,1
143529,143530,143534,4,1
143529,143530,143533,3,1
143529,143530,143533,3,1
143529,143530,143534,4,1
143529,143530,143534,4,1
143529,143530,143534,4,1
143529,143530,143534,4,1
143529,143530,143534,4,1
143529,143530,143534,4,1
143529,143532,143535,3,3
143529,143530,143534,4,1
143529,143530,143534,4,1
143529,143530,143534,4,1
143529,143530,143534,4,1
143529,143530,143534,4,1
143529,143530,143534,4,1
143529,143530,143534,4,1
143529,143530,143534,4,1
143529,143530,143534,4,1
143529,143530,143534,4,1
143529,143530,143534,4,1
143529,143530,143534,4,1
143529,143530,143534,4,1
143529,143530,143534,4,1
143529,143530,143535,5,1
143529,143530,143534,4,1
143529,143530,143535,5,1
143529,143530,143534,4,1
143529,143530,143535,5,1
143529,143530,143535,5,1
143529,143530,143535,5,1
143529,143530,143535,5,1
143529,143530,143535,5,1
143529,143532,143536,4,3
143529,143534,143536,2,5
143529,143530,143535,5,1
143529,143530,143535,5,1
143529,143530,143535,5,1
143529,143533,143536,3,4
143529,143534,143536,2,5
143529,143534,143537,3,5
143529,143533,143537,4,4
143529,143532,143536,4,3
143529,143534,143537,3,5
143529,143534,143536,2,5
143529,143534,143538,4,5
143529,143536,143538,2,7
143529,143535,143538,3,6
143529,143535,143538,3,6
143529,143535,143538,3,6
143529,143535,143538,3,6
143529,143534,143538,4,5
143529,143535,143538,3,6
143529,143535,143538,3,6
143529,143535,143538,3,6
143529,143535,143538,3,6
143529,143535,143539,4,6
143529,143535,143539,4,6
143529,143535,143538,3,6
143529,143536,143539,3,7
143529,143535,143539,4,6
143529,143535,143538,3,6
143529,143535,143539,4,6
143529,143536,143538,2,7
143529,143536,143539,3,7
143529,143535,143538,3,6
143529,143535,143538,3,6
143529,143535,143538,3,6
143529,143535,143539,4,6
143529,143535,143538,3,6
143529,143535,143539,4,6
143529,143535,143540,5,6
143529,143536,143539,3,7
143529,143536,143540,4,7
143529,143536,143540,4,7
143529,143535,143539,4,6
143529,143536,143539,3,7
143529,143537,143540,3,8
143529,143536,143540,4,7
143529,143537,143540,3,8
143529,143535,143539,4,6
143529,143535,143539,4,6
143529,143535,143540,5,6
143529,143536,143539,3,7
143529,143537,143540,3,8
143529,143537,143540,3,8
143529,143538,143541,3,9
143529,143538,143541,3,9
143529,143537,143540,3,8
143529,143537,143541,4,8
143529,143538,143541,3,9
143529,143537,143541,4,8
143529,143539,143542,3,10
143529,143538,143542,4,9
143529,143538,143542,4,9
143529,143538,143542,4,9
143529,143539,143542,3,10
143529,143538,143541,3,9
143530,143539,143542,3,9
143529,143538,143542,4,9
143529,143539,143542,3,10
143529,143539,143542,3,10
143529,143539,143542,3,10
143529,143539,143543,4,10
143529,143539,143543,4,10
143529,143539,143543,4,10
143530,143539,143542,3,9
143530,143539,143542,3,9
143530,143539,143542,3,9
143530,143539,143543,4,9
143530,143540,143543,3,10
143530,143540,143543,3,10
143530,143539,143543,4,9
143530,143540,143543,3,10
143530,143540,143544,4,10
143530,143541,143543,2,11
143530,143541,143544,3,11
143530,143540,143544,4,10
143530,143539,143544,5,9
143530,143540,143544,4,10
143530,143540,143544,4,10
143530,143540,143544,4,10
143530,143539,143544,5,9
143530,143540,143544,4,10
143530,143540,143544,4,10
143530,143542,143544,2,12
143530,143539,143544,5,9
143530,143540,143544,4,10
143530,143540,143544,4,10
143530,143543,143545,2,13
143530,143543,143545,2,13
143530,143542,143545,3,12
143530,143540,143545,5,10
143530,143540,143545,5,10
143530,143542,143545,3,12
143530,143542,143545,3,12
143530,143542,143545,3,12
143530,143543,143545,2,13
143530,143543,143545,2,13
143530,143541,143545,4,11
143530,143544,143545,1,14
143530,143541,143545,4,11
143530,143541,143545,4,11
143530,143541,143546,5,11
143530,143541,143545,4,11
143530,143544,143546,2,14
143530,143543,143546,3,13
143530,143543,143545,2,13
143530,143543,143546,3,13
143530,143542,143545,3,12
143530,143543,143546,3,13
143530,143545,143546,1,15
143530,143545,143546,1,15
143530,143542,143546,4,12
143530,143544,143546,2,14
143530,143541,143546,5,11
143530,143544,143547,3,14
143530,143544,143547,3,14
143530,143545,143546,1,15
143530,143545,143546,1,15
143530,143545,143546,1,15
143530,143542,143546,4,12
143530,143543,143547,4,13
143530,143544,143547,3,14
143530,143544,143547,3,14
143530,143544,143548,4,14
143530,143545,143547,2,15
143530,143544,143548,4,14
143530,143546,143548,2,16
143530,143544,143548,4,14
143530,143544,143548,4,14
143530,143546,143548,2,16
143530,143547,143548,1,17
143530,143546,143549,3,16
143530,143544,143548,4,14
143530,143547,143549,2,17
143530,143545,143548,3,15
143530,143546,143548,2,16
143530,143546,143548,2,16
143530,143546,143549,3,16
143530,143546,143549,3,16
143530,143546,143549,3,16
143530,143544,143549,5,14
143530,143545,143549,4,15
143530,143546,143550,4,16
143530,143546,143549,3,16
143530,143546,143550,4,16
143530,143546,143549,3,16
143530,143546,143549,3,16
143530,143546,143550,4,16
143530,143546,143549,3,16
143530,143546,143549,3,16
143530,143547,143549,2,17
143530,143547,143550,3,17
143530,143547,143550,3,17
143530,143545,143549,4,15
143530,143546,143549,3,16
143529,143546,143550,4,17
143529,143546,143550,4,17
143529,143546,143550,4,17
143530,143545,143550,5,15
143530,143547,143550,3,17
143530,143545,143550,5,15
143530,143548,143550,2,18
143530,143547,143551,4,17
143530,143547,143550,3,17
143530,143547,143550,3,17
143530,143548,143551,3,18
143529,143546,143551,5,17
143529,143546,143551,5,17
143529,143546,143551,5,17
143530,143547,143551,4,17
143530,143547,143551,4,17
143530,143549,143552,3,19
143530,143549,143551,2,19
143530,143547,143551,4,17
143530,143549,143552,3,19
143530,143549,143552,3,19
143530,143549,143552,3,19
143530,143548,143552,4,18
143530,143548,143551,3,18
143530,143549,143552,3,19
143530,143549,143552,3,19
143530,143547,143552,5,17
143530,143548,143552,4,18
143530,143549,143552,3,19
143530,143550,143552,2,20
143530,143548,143552,4,18
143530,143550,143553,3,20
143530,143549,143552,3,19
143530,143549,143553,4,19
143530,143550,143552,2,20
143530,143551,143553,2,21
143530,143551,143553,2,21
143530,143549,143552,3,19
143530,143551,143553,2,21
143530,143550,143553,3,20
143530,143550,143553,3,20
143530,143550,143553,3,20
143530,143550,143553,3,20
143530,143550,143553,3,20
143530,143550,143553,3,20
143530,143550,143553,3,20
143530,143550,143553,3,20
143530,143550,143553,3,20
143530,143551,143553,2,21
143530,143550,143553,3,20
143530,143550,143553,3,20
143530,143550,143553,3,20
143530,143550,143554,4,20
143530,143550,143553,3,20
143530,143550,143553,3,20
143530,143550,143554,4,20
143530,143550,143553,3,20
143530,143551,143554,3,21
143530,143551,143554,3,21
143530,143551,143554,3,21
143530,143551,143554,3,21
143530,143551,143554,3,21
143530,143552,143555,3,22
143530,143552,143555,3,22
143530,143552,143555,3,22
143530,143552,143554,2,22
143530,143552,143555,3,22
143530,143551,143555,4,21
143530,143552,143555,3,22
143530,143551,143555,4,21
143530,143552,143555,3,22
143530,143552,143556,4,22
143530,143552,143555,3,22
143530,143553,143555,2,23
143530,143554,143556,2,24
143530,143552,143556,4,22
143530,143552,143556,4,22
143530,143552,143556,4,22
143530,143552,143556,4,22
143530,143553,143556,3,23
143530,143554,143556,2,24
143530,143554,143556,2,24
143530,143554,143557,3,24
143530,143553,143556,3,23
143530,143553,143557,4,23
143530,143553,143556,3,23
143530,143553,143556,3,23
143530,143553,143557,4,23
143530,143554,143557,3,24
143530,143553,143556,3,23
143530,143553,143556,3,23
143530,143553,143557,4,23
143530,143554,143557,3,24
143530,143554,143557,3,24
143530,143554,143557,3,24
143530,143554,143556,2,24
143530,143553,143557,4,23
143530,143553,143556,3,23
143530,143553,143557,4,23
143530,143554,143557,3,24
143530,143553,143557,4,23
143530,143553,143557,4,23
143530,143553,143557,4,23
143530,143555,143557,2,25
143530,143554,143557,3,24
143530,143554,143557,3,24
143530,143554,143558,4,24
143530,143554,143557,3,24
143530,143555,143557,2,25
143530,143555,143558,3,25
143530,143554,143557,3,24
143530,143554,143558,4,24
143530,143555,143558,3,25
143530,143556,143559,3,26
143530,143556,143558,2,26
143530,143555,143559,4,25
142712,142718,143559,841,6
143530,143556,143559,3,26
143530,143557,143559,2,27
143530,143556,143559,3,26
143530,143557,143560,3,27
143530,143555,143559,4,25
143530,143555,143559,4,25
143530,143556,143560,4,26
143530,143557,143560,3,27
143530,143556,143559,3,26
143530,143557,143559,2,27
143530,143557,143559,2,27
143530,143557,143559,2,27
143530,143557,143560,3,27
143530,143557,143559,2,27
143530,143557,143560,3,27
143530,143557,143560,3,27
143530,143557,143560,3,27
143530,143557,143560,3,27
143530,143556,143559,3,26
143530,143556,143560,4,26
143530,143557,143560,3,27
143530,143557,143560,3,27
143530,143557,143560,3,27
143530,143555,143560,5,25
143530,143555,143559,4,25
143530,143557,143559,2,27
143530,143555,143560,5,25
143530,143557,143560,3,27
143530,143557,143560,3,27
143530,143558,143560,2,28
143530,143556,143560,4,26
143530,143556,143560,4,26
143530,143558,143560,2,28
143530,143558,143560,2,28
143530,143557,143560,3,27
143530,143557,143560,3,27
143530,143558,143560,2,28
143530,143557,143560,3,27
143530,143558,143561,3,28
143530,143558,143561,3,28
143530,143560,143562,2,30
143530,143558,143561,3,28
143530,143558,143562,4,28
143530,143558,143562,4,28
143530,143558,143561,3,28
143530,143559,143562,3,29
143530,143558,143562,4,28
143530,143559,143562,3,29
143530,143559,143562,3,29
143530,143561,143562,1,31
143530,143560,143562,2,30
143530,143558,143562,4,28
143530,143559,143562,3,29
143530,143560,143562,2,30
143530,143559,143563,4,29
143530,143560,143563,3,30
143530,143559,143562,3,29
143530,143560,143563,3,30
143530,143560,143563,3,30
143530,143560,143563,3,30
143530,143560,143563,3,30
143530,143560,143563,3,30
143530,143560,143563,3,30
143530,143559,143563,4,29
143530,143561,143563,2,31
143530,143560,143563,3,30
143530,143560,143563,3,30
143530,143561,143564,3,31
143530,143560,143564,4,30
143530,143560,143564,4,30
143530,143561,143563,2,31
143530,143561,143563,2,31
143530,143561,143563,2,31
143530,143561,143563,2,31
143530,143561,143564,3,31
143530,143560,143563,3,30
143530,143560,143564,4,30
143530,143560,143564,4,30
143530,143560,143564,4,30
143530,143560,143564,4,30
143530,143560,143564,4,30
143530,143560,143564,4,30
143530,143560,143564,4,30
143530,143563,143564,1,33
143530,143560,143564,4,30
143530,143560,143564,4,30
143530,143563,143564,1,33
143530,143563,143564,1,33
143530,143563,143565,2,33
143530,143561,143564,3,31
143530,143561,143565,4,31
143530,143561,143565,4,31
143530,143562,143565,3,32
143530,143562,143565,3,32
143530,143562,143565,3,32
143530,143562,143565,3,32
143530,143561,143565,4,31
143530,143562,143565,3,32
143530,143562,143566,4,32
143530,143562,143565,3,32
143530,143561,143566,5,31
143530,143564,143567,3,34
143530,143564,143566,2,34
143530,143564,143566,2,34
143530,143564,143566,2,34
143530,143563,143566,3,33
143530,143564,143567,3,34
143530,143564,143566,2,34
143530,143564,143567,3,34
143530,143563,143567,4,33
143530,143563,143566,3,33
143530,143564,143567,3,34
143530,143563,143567,4,33
143530,143563,143567,4,33
143530,143563,143567,4,33
143530,143565,143567,2,35
143530,143565,143567,2,35
143530,143565,143567,2,35
143530,143564,143567,3,34
143530,143564,143567,3,34
143530,143564,143567,3,34
143530,143564,143567,3,34
143530,143564,143567,3,34
143530,143564,143567,3,34
143530,143565,143568,3,35
143530,143564,143568,4,34
143530,143564,143568,4,34
143530,143564,143567,3,34
143530,143563,143567,4,33
143530,143564,143568,4,34
143530,143564,143568,4,34
143530,143565,143568,3,35
143530,143565,143568,3,35
143530,143565,143568,3,35
143530,143564,143568,4,34
143530,143565,143568,3,35
143530,143566,143568,2,36
143530,143564,143568,4,34
143530,143565,143568,3,35
143530,143565,143569,4,35
143530,143565,143568,3,35
143530,143565,143568,3,35
143530,143565,143568,3,35
143530,143566,143569,3,36
143530,143564,143568,4,34
143530,143565,143569,4,35
143530,143568,143569,1,38
143530,143565,143568,3,35
143530,143565,143569,4,35
143530,143566,143569,3,36
143530,143567,143569,2,37
143530,143567,143570,3,37
143530,143566,143569,3,36
143530,143567,143569,2,37
143530,143567,143570,3,37
143530,143567,143570,3,37
143530,143568,143569,1,38
143530,143566,143569,3,36
143530,143567,143570,3,37
143530,143568,143569,1,38
143530,143568,143570,2,38
143530,143567,143570,3,37
143530,143568,143570,2,38
143530,143568,143571,3,38
143530,143568,143571,3,38
143530,143568,143571,3,38
143530,143568,143571,3,38
143530,143567,143570,3,37
143530,143567,143570,3,37
143530,143568,143571,3,38
143530,143567,143570,3,37
143530,143567,143571,4,37
143530,143568,143570,2,38
143530,143567,143570,3,37
143530,143567,143571,4,37
143530,143568,143571,3,38
143530,143568,143571,3,38
143530,143569,143571,2,39
143530,143569,143571,2,39
143530,143569,143571,2,39
143530,143569,143571,2,39
143530,143568,143572,4,38
143530,143568,143572,4,38
143530,143568,143571,3,38
143530,143568,143572,4,38
143530,143569,143572,3,39
143530,143567,143572,5,37
143530,143568,143572,4,38
143530,143568,143572,4,38
143530,143570,143572,2,40
143530,143570,143573,3,40
143530,143569,143573,4,39
143530,143570,143572,2,40
143530,143570,143572,2,40
143530,143568,143572,4,38
143530,143569,143572,3,39
143530,143570,143573,3,40
143530,143570,143573,3,40
143530,143569,143572,3,39
143530,143569,143573,4,39
143530,143569,143573,4,39
143530,143570,143573,3,40
143530,143569,143572,3,39
143530,143570,143573,3,40
143530,143570,143573,3,40
143530,143571,143573,2,41
143530,143571,143573,2,41
143530,143571,143574,3,41
143530,143571,143573,2,41
143530,143570,143573,3,40
143530,143571,143574,3,41
143530,143571,143574,3,41
143530,143569,143573,4,39
143530,143570,143573,3,40
143530,143570,143573,3,40
143530,143571,143574,3,41
143530,143571,143574,3,41
143530,143571,143574,3,41
143530,143572,143574,2,42
143530,143571,143575,4,41
143530,143571,143574,3,41
143530,143572,143575,3,42
143530,143571,143575,4,41
143530,143573,143575,2,43
143530,143573,143575,2,43
143530,143573,143575,2,43
143530,143571,143575,4,41
143530,143571,143575,4,41
143530,143572,143575,3,42
143530,143572,143575,3,42
143530,143571,143575,4,41
143530,143573,143575,2,43
143530,143573,143575,2,43
143530,143572,143575,3,42
143530,143572,143575,3,42
143530,143573,143576,3,43
143530,143572,143575,3,42
143530,143573,143576,3,43
143530,143572,143576,4,42
143530,143572,143576,4,42
143530,143573,143576,3,43
143530,143573,143576,3,43
143530,143571,143575,4,41
143530,143573,143576,3,43
143530,143573,143576,3,43
143530,143573,143576,3,43
143530,143573,143576,3,43
143531,143575,143576,1,44
143530,143572,143577,5,42
143530,143574,143576,2,44
143530,143572,143576,4,42
143530,143573,143576,3,43
143530,143573,143576,3,43
143530,143574,143577,3,44
143530,143574,143577,3,44
143530,143574,143577,3,44
143530,143574,143577,3,44
143530,143572,143576,4,42
143530,143573,143577,4,43
143530,143574,143577,3,44
143530,143575,143577,2,45
143530,143574,143577,3,44
143530,143575,143577,2,45
143530,143574,143577,3,44
143530,143575,143577,2,45
143530,143575,143577,2,45
143530,143575,143577,2,45
143530,143574,143577,3,44
143530,143574,143577,3,44
143530,143575,143577,2,45
143530,143574,143577,3,44
143530,143575,143578,3,45
143530,143575,143578,3,45
143530,143574,143577,3,44
143530,143575,143577,2,45
143530,143575,143578,3,45
143530,143575,143578,3,45
143530,143575,143578,3,45
143531,143575,143578,3,44
143531,143575,143578,3,44
143531,143576,143578,2,45
143531,143577,143578,1,46
143531,143577,143578,1,46
143531,143576,143579,3,45
143531,143576,143579,3,45
143531,143576,143578,2,45
143530,143575,143578,3,45
143531,143576,143579,3,45
143531,143576,143579,3,45
143531,143576,143579,3,45
143531,143576,143579,3,45
143531,143577,143579,2,46
143531,143576,143579,3,45
143531,143576,143579,3,45
143531,143576,143579,3,45
143531,143577,143580,3,46
143531,143576,143579,3,45
143531,143576,143580,4,45
143531,143577,143580,3,46
143531,143577,143580,3,46
143531,143576,143580,4,45
143531,143578,143580,2,47
143531,143577,143579,2,46
143531,143576,143580,4,45
143531,143576,143580,4,45
143531,143576,143580,4,45
143531,143577,143580,3,46
143531,143577,143581,4,46
143531,143576,143580,4,45
143531,143578,143580,2,47
143531,143578,143581,3,47
143531,143577,143580,3,46
143531,143577,143580,3,46
143531,143577,143580,3,46
143531,143578,143581,3,47
143531,143578,143581,3,47
143531,143578,143581,3,47
143531,143578,143581,3,47
143531,143578,143580,2,47
143531,143577,143581,4,46
143531,143578,143581,3,47
143531,143580,143582,2,49
143531,143579,143582,3,48
143531,143579,143582,3,48
143531,143578,143582,4,47
143531,143578,143581,3,47
143531,143578,143581,3,47
143531,143579,143582,3,48
143531,143578,143582,4,47
143531,143579,143582,3,48
143531,143580,143582,2,49
143531,143580,143582,2,49
143531,143578,143581,3,47
143531,143578,143582,4,47
143531,143579,143582,3,48
143531,143579,143583,4,48
143531,143580,143582,2,49
143531,143579,143582,3,48
143531,143578,143582,4,47
143531,143580,143583,3,49
143531,143580,143583,3,49
143531,143581,143583,2,50
143531,143581,143583,2,50
143531,143580,143583,3,49
143531,143579,143583,4,48
143531,143579,143583,4,48
143531,143581,143583,2,50
143531,143581,143583,2,50
143531,143581,143583,2,50
143531,143579,143583,4,48
143531,143581,143584,3,50
143531,143582,143584,2,51
143531,143580,143583,3,49
143531,143581,143584,3,50
143531,143582,143584,2,51
143531,143580,143583,3,49
143531,143580,143584,4,49
143531,143581,143584,3,50
143531,143581,143584,3,50
143531,143581,143584,3,50
143531,143580,143583,3,49
143531,143580,143584,4,49
143531,143581,143584,3,50
143531,143579,143583,4,48
143531,143580,143584,4,49
143531,143580,143584,4,49
143531,143581,143584,3,50
143531,143581,143584,3,50
143531,143581,143584,3,50
143531,143581,143584,3,50
143531,143582,143584,2,51
143531,143583,143585,2,52
143531,143581,143584,3,50
143531,143582,143584,2,51
143531,143582,143585,3,51
143531,143582,143585,3,51
143531,143582,143585,3,51
143531,143582,143585,3,51
143531,143582,143585,3,51
143531,143582,143585,3,51
143531,143582,143584,2,51
143531,143582,143585,3,51
143531,143580,143585,5,49
143531,143582,143585,3,51
143531,143583,143586,3,52
143531,143583,143585,2,52
143531,143583,143585,2,52
143531,143583,143585,2,52
143531,143582,143585,3,51
143531,143583,143585,2,52
143531,143583,143585,2,52
143531,143583,143586,3,52
143531,143583,143586,3,52
143531,143583,143586,3,52
143531,143583,143586,3,52
143531,143583,143586,3,52
143541,143584,143586,2,43
143541,143585,143586,1,44
143531,143584,143586,2,53
143541,143584,143587,3,43
143531,143583,143586,3,52
143541,143584,143587,3,43
143541,143584,143587,3,43
143541,143584,143588,4,43
143541,143584,143587,3,43
143541,143584,143588,4,43
143541,143585,143588,3,44
143541,143584,143588,4,43
143541,143584,143587,3,43
143541,143585,143588,3,44
143541,143584,143587,3,43
143541,143584,143588,4,43
143541,143585,143588,3,44
143541,143586,143588,2,45
143541,143586,143588,2,45
143541,143584,143587,3,43
143541,143585,143588,3,44
143541,143586,143588,2,45
143541,143585,143588,3,44
143541,143585,143587,2,44
143541,143584,143588,4,43
143541,143584,143588,4,43
143541,143584,143588,4,43
143541,143584,143588,4,43
143541,143586,143588,2,45
143541,143584,143588,4,43
143541,143584,143588,4,43
143541,143584,143588,4,43
143541,143586,143588,2,45
143541,143586,143588,2,45
143541,143585,143588,3,44
143541,143585,143588,3,44
143541,143585,143589,4,44
143541,143586,143589,3,45
143541,143585,143589,4,44
143541,143586,143589,3,45
143541,143586,143589,3,45
143541,143585,143589,4,44
143541,143586,143589,3,45
143541,143584,143589,5,43
143541,143585,143589,4,44
143541,143586,143589,3,45
143541,143586,143589,3,45
143541,143584,143589,5,43
143541,143587,143589,2,46
143541,143587,143589,2,46
143541,143588,143589,1,47
143541,143588,143590,2,47
143541,143587,143590,3,46
143541,143588,143590,2,47
143541,143588,143590,2,47
143541,143588,143590,2,47
143541,143588,143590,2,47
143541,143588,143590,2,47
143541,143587,143590,3,46
143541,143587,143590,3,46
143541,143588,143591,3,47
143541,143588,143590,2,47
143541,143587,143591,4,46
143541,143588,143591,3,47
143541,143587,143591,4,46
143541,143587,143591,4,46
143541,143589,143592,3,48
143541,143589,143591,2,48
143541,143589,143592,3,48
143541,143589,143592,3,48
143541,143589,143591,2,48
143541,143588,143592,4,47
143541,143588,143592,4,47
143541,143588,143592,4,47
143541,143588,143592,4,47
143541,143588,143592,4,47
143541,143588,143592,4,47
143541,143589,143592,3,48
143541,143589,143592,3,48
143541,143589,143592,3,48
143541,143590,143593,3,49
143541,143590,143592,2,49
143541,143590,143593,3,49
143541,143589,143593,4,48
143541,143589,143592,3,48
143541,143589,143592,3,48
143541,143589,143593,4,48
143541,143590,143592,2,49
143541,143589,143593,4,48
143541,143590,143592,2,49
143541,143590,143593,3,49
143541,143590,143593,3,49
143541,143588,143592,4,47
143541,143589,143593,4,48
143541,143589,143593,4,48
143541,143590,143593,3,49
143541,143590,143593,3,49
143541,143591,143593,2,50
143541,143590,143593,3,49
143541,143590,143593,3,49
143541,143590,143593,3,49
143541,143590,143594,4,49
143541,143590,143593,3,49
143541,143590,143593,3,49
143541,143590,143593,3,49
143541,143591,143593,2,50
143541,143590,143593,3,49
143541,143591,143594,3,50
143541,143591,143594,3,50
143541,143590,143593,3,49
143541,143591,143594,3,50
143541,143591,143594,3,50
143541,143592,143594,2,51
143541,143593,143594,1,52
143541,143591,143594,3,50
143541,143594,143595,1,53
143541,143592,143594,2,51
143541,143592,143594,2,51
143541,143592,143594,2,51
143541,143592,143595,3,51
143541,143592,143594,2,51
142604,142604,143594,990,0
143541,143593,143595,2,52
143541,143593,143595,2,52
143541,143591,143595,4,50
143541,143593,143595,2,52
143541,143593,143595,2,52
143541,143593,143596,3,52
143541,143592,143595,3,51
143541,143593,143596,3,52
143541,143593,143596,3,52
143541,143593,143596,3,52
143541,143593,143596,3,52
143541,143593,143596,3,52
143541,143593,143596,3,52
143541,143592,143596,4,51
143541,143593,143596,3,52
143541,143593,143596,3,52
143541,143593,143596,3,52
143541,143594,143597,3,53
143541,143594,143596,2,53
143541,143593,143596,3,52
143541,143594,143596,2,53
143541,143592,143596,4,51
143541,143594,143596,2,53
143541,143594,143596,2,53
143541,143593,143597,4,52
143541,143594,143597,3,53
143541,143594,143597,3,53
143541,143593,143597,4,52
143541,143594,143597,3,53
143541,143594,143597,3,53
143541,143593,143597,4,52
143541,143593,143597,4,52
143541,143594,143597,3,53
143541,143595,143597,2,54
143541,143595,143597,2,54
143541,143594,143597,3,53
143541,143594,143597,3,53
143541,143595,143597,2,54
143541,143595,143598,3,54
143541,143594,143597,3,53
143541,143594,143598,4,53
143541,143595,143598,3,54
143541,143594,143597,3,53
143541,143595,143598,3,54
143541,143593,143597,4,52
143541,143595,143598,3,54
143541,143595,143598,3,54
143541,143596,143599,3,55
142555,142555,143599,1044,0
143541,143595,143598,3,54
143541,143596,143598,2,55
143541,143596,143599,3,55
143541,143596,143598,2,55
143541,143596,143599,3,55
143541,143595,143599,4,54
143541,143595,143599,4,54
143541,143594,143598,4,53
143541,143596,143599,3,55
143541,143596,143599,3,55
143541,143595,143598,3,54
143541,143597,143599,2,56
143541,143597,143599,2,56
143541,143598,143599,1,57
143541,143596,143599,3,55
143541,143598,143600,2,57
143541,143597,143599,2,56
143541,143597,143600,3,56
143541,143598,143600,2,57
143541,143598,143599,1,57
143541,143596,143599,3,55
143541,143596,143599,3,55
143541,143597,143600,3,56
143541,143597,143600,3,56
143541,143597,143600,3,56
143541,143597,143600,3,56
143541,143596,143600,4,55
143541,143597,143600,3,56
143541,143597,143600,3,56
143541,143597,143600,3,56
143541,143597,143601,4,56
143541,143597,143600,3,56
143541,143597,143601,4,56
143541,143597,143600,3,56
143541,143596,143600,4,55
143541,143597,143600,3,56
143541,143597,143601,4,56
143541,143598,143601,3,57
143541,143598,143601,3,57
143541,143598,143601,3,57
143541,143598,143601,3,57
143541,143597,143601,4,56
143541,143597,143600,3,56
143541,143597,143601,4,56
143541,143598,143601,3,57
143541,143599,143602,3,58
143541,143599,143601,2,58
143541,143599,143601,2,58
143541,143599,143602,3,58
143541,143599,143602,3,58
143541,143599,143602,3,58
143541,143598,143602,4,57
143541,143599,143602,3,58
143541,143599,143602,3,58
143541,143599,143602,3,58
143541,143599,143602,3,58
143541,143598,143602,4,57
143541,143599,143602,3,58
143541,143598,143602,4,57
143541,143599,143602,3,58
143541,143599,143602,3,58
143541,143600,143602,2,59
143541,143600,143602,2,59
143541,143600,143603,3,59
143541,143599,143603,4,58
143542,143600,143603,3,58
143541,143599,143603,4,58
143541,143600,143603,3,59
143541,143600,143603,3,59
143541,143600,143602,2,59
143541,143600,143602,2,59
143541,143600,143603,3,59
143541,143600,143603,3,59
143542,143600,143603,3,58
143542,143601,143603,2,59
143542,143601,143603,2,59
143542,143601,143603,2,59
143542,143601,143603,2,59
143542,143601,143604,3,59
143542,143600,143603,3,58
143542,143601,143604,3,59
143542,143601,143604,3,59
143542,143601,143604,3,59
143542,143600,143604,4,58
143542,143601,143604,3,59
143542,143601,143604,3,59
143542,143601,143604,3,59
143542,143600,143604,4,58
143542,143600,143604,4,58
143542,143601,143604,3,59
143542,143601,143604,3,59
143542,143603,143605,2,61
143542,143602,143605,3,60
143542,143602,143604,2,60
143542,143603,143605,2,61
143542,143602,143605,3,60
143542,143603,143605,2,61
143542,143601,143604,3,59
143542,143601,143605,4,59
143542,143602,143605,3,60
143542,143602,143605,3,60
143542,143601,143605,4,59
143542,143603,143605,2,61
143542,143601,143605,4,59
143542,143602,143606,4,60
143542,143603,143605,2,61
143542,143603,143605,2,61
143542,143602,143606,4,60
143542,143602,143605,3,60
143542,143603,143606,3,61
143542,143602,143606,4,60
143542,143603,143606,3,61
143542,143603,143606,3,61
143542,143603,143606,3,61
143542,143603,143605,2,61
143542,143601,143606,5,59
143542,143601,143606,5,59
143542,143602,143606,4,60
143542,143603,143606,3,61
143542,143605,143606,1,63
143542,143605,143606,1,63
143542,143603,143606,3,61
143542,143604,143607,3,62
143542,143604,143607,3,62
143542,143604,143607,3,62
143542,143603,143607,4,61
143542,143604,143607,3,62
143542,143605,143607,2,63
143542,143604,143607,3,62
143542,143605,143607,2,63
143542,143603,143607,4,61
143542,143604,143607,3,62
143542,143604,143607,3,62
143542,143604,143607,3,62
143542,143605,143607,2,63
143542,143604,143607,3,62
143542,143604,143607,3,62
143542,143606,143608,2,64
143542,143606,143608,2,64
143542,143606,143608,2,64
143542,143604,143607,3,62
143542,143603,143608,5,61
143542,143605,143608,3,63
143542,143603,143608,5,61
143542,143603,143608,5,61
143542,143605,143608,3,63
143542,143604,143608,4,62
143542,143606,143608,2,64
143542,143606,143608,2,64
143542,143606,143608,2,64
143542,143606,143608,2,64
143542,143606,143608,2,64
143542,143606,143609,3,64
143542,143606,143609,3,64
143542,143605,143609,4,63
143542,143606,143608,2,64
143542,143606,143609,3,64
143542,143605,143609,4,63
143542,143606,143609,3,64
143542,143605,143609,4,63
143542,143605,143609,4,63
143542,143605,143609,4,63
143542,143606,143609,3,64
143542,143606,143609,3,64
143542,143606,143610,4,64
143542,143606,143609,3,64
143542,143606,143609,3,64
143542,143608,143610,2,66
143542,143607,143610,3,65
143542,143607,143610,3,65
143542,143607,143610,3,65
143542,143607,143610,3,65
143542,143607,143610,3,65
143542,143608,143610,2,66
143542,143608,143610,2,66
143542,143607,143610,3,65
143542,143608,143610,2,66
143542,143607,143610,3,65
143542,143607,143610,3,65
143542,143608,143610,2,66
143542,143608,143611,3,66
143542,143608,143610,2,66
143542,143608,143610,2,66
143542,143608,143611,3,66
143542,143608,143610,2,66
143542,143608,143611,3,66
143542,143608,143611,3,66
143542,143608,143610,2,66
143542,143608,143611,3,66
143542,143607,143611,4,65
143542,143608,143611,3,66
143542,143608,143612,4,66
142593,142594,143619,1025,1
142565,142572,143630,1058,7
143647,143647,143648,1,0
143647,143647,143648,1,0
143647,143647,143649,2,0
143647,143647,143650,3,0
143647,143647,143650,3,0
143647,143647,143649,2,0
143647,143647,143651,4,0
143647,143647,143651,4,0
143647,143647,143650,3,0
143647,143647,143651,4,0
143647,143647,143651,4,0
142570,142572,143650,1078,2
143647,143647,143651,4,0
143647,143647,143650,3,0
143647,143648,143651,3,1
143647,143648,143651,3,1
143647,143648,143652,4,1
143647,143647,143652,5,0
143647,143647,143651,4,0
143647,143647,143652,5,0
143647,143647,143652,5,0
143647,143647,143651,4,0
143647,143647,143651,4,0
143647,143647,143651,4,0
143647,143647,143651,4,0
143647,143647,143652,5,0
143647,143647,143651,4,0
143647,143647,143651,4,0
143647,143647,143652,5,0
143647,143647,143652,5,0
143647,143647,143652,5,0
143647,143647,143651,4,0
143647,143647,143652,5,0
143647,143647,143651,4,0
143647,143647,143652,5,0
143647,143647,143652,5,0
143647,143647,143651,4,0
143647,143647,143652,5,0
143647,143647,143652,5,0
143647,143647,143652,5,0
143647,143647,143651,4,0
143647,143647,143652,5,0
143647,143647,143652,5,0
143647,143647,143652,5,0
143647,143647,143652,5,0
142795,142807,143653,846,12
143647,143647,143652,5,0
143647,143647,143652,5,0
143647,143647,143653,6,0
143647,143650,143653,3,3
143647,143651,143654,3,4
143647,143649,143653,4,2
143647,143650,143654,4,3
143647,143651,143654,3,4
143647,143649,143653,4,2
143647,143651,143654,3,4
143647,143652,143654,2,5
143647,143647,143653,6,0
143647,143650,143654,4,3
143647,143651,143653,2,4
143647,143651,143654,3,4
142578,142578,143655,1077,0
143647,143649,143654,5,2
143647,143651,143654,3,4
143647,143652,143655,3,5
143647,143652,143655,3,5
143647,143652,143655,3,5
143647,143652,143654,2,5
143647,143651,143655,4,4
143647,143652,143655,3,5
143647,143652,143655,3,5
143647,143651,143654,3,4
143647,143652,143655,3,5
143647,143652,143655,3,5
143647,143652,143655,3,5
143647,143652,143655,3,5
143647,143652,143656,4,5
143647,143652,143655,3,5
143647,143652,143655,3,5
143647,143652,143656,4,5
143647,143652,143656,4,5
143647,143652,143656,4,5
142557,142572,143656,1084,15
143647,143652,143655,3,5
143647,143653,143657,4,6
143647,143653,143657,4,6
143647,143652,143656,4,5
143647,143652,143656,4,5
143647,143653,143657,4,6
143647,143652,143657,5,5
143647,143652,143657,5,5
143647,143652,143657,5,5
143647,143653,143657,4,6
143647,143654,143657,3,7
143647,143654,143657,3,7
143647,143652,143657,5,5
143647,143653,143657,4,6
143647,143654,143657,3,7
143647,143653,143657,4,6
143647,143653,143658,5,6
143647,143653,143658,5,6
143647,143654,143658,4,7
143647,143653,143657,4,6
143647,143654,143658,4,7
143647,143654,143658,4,7
143647,143654,143658,4,7
143647,143655,143658,3,8
143647,143654,143658,4,7
143647,143655,143658,3,8
143647,143655,143658,3,8
143647,143655,143658,3,8
143647,143655,143659,4,8
143647,143654,143658,4,7
143647,143654,143658,4,7
143647,143655,143658,3,8
143647,143654,143658,4,7
143647,143656,143659,3,9
143647,143656,143659,3,9
143647,143655,143658,3,8
143647,143655,143658,3,8
143647,143655,143659,4,8
143647,143655,143659,4,8
143647,143655,143659,4,8
143647,143655,143659,4,8
143647,143655,143659,4,8
143647,143655,143659,4,8
143647,143656,143659,3,9
143647,143656,143659,3,9
142560,142572,143660,1088,12
143647,143655,143659,4,8
143647,143656,143659,3,9
143647,143656,143659,3,9
143647,143657,143660,3,10
143647,143657,143660,3,10
143647,143657,143660,3,10
143647,143658,143661,3,11
143647,143657,143660,3,10
143647,143658,143660,2,11
143647,143656,143660,4,9
143647,143657,143660,3,10
143647,143658,143660,2,11
143647,143658,143661,3,11
143647,143658,143661,3,11
143647,143657,143661,4,10
143647,143657,143661,4,10
143647,143658,143661,3,11
143647,143659,143661,2,12
143647,143659,143661,2,12
143647,143659,143661,2,12
143647,143659,143662,3,12
143647,143658,143661,3,11
143647,143658,143661,3,11
143647,143659,143661,2,12
143647,143659,143662,3,12
143647,143657,143662,5,10
143647,143657,143661,4,10
143647,143657,143662,5,10
143647,143658,143661,3,11
143647,143659,143662,3,12
142584,142584,143662,1078,0
143647,143659,143662,3,12
143647,143659,143662,3,12
143647,143659,143662,3,12
143647,143659,143662,3,12
143647,143659,143662,3,12
143647,143659,143662,3,12
143647,143659,143662,3,12
143647,143659,143662,3,12
143647,143659,143662,3,12
143647,143660,143662,2,13
143647,143659,143662,3,12
143647,143660,143662,2,13
143647,143660,143663,3,13
143647,143659,143662,3,12
143647,143660,143662,2,13
143647,143661,143663,2,14
143647,143659,143663,4,12
143647,143660,143663,3,13
143647,143658,143663,5,11
143647,143660,143663,3,13
143647,143661,143664,3,14
143647,143660,143663,3,13
143647,143661,143664,3,14
143647,143661,143664,3,14
143647,143660,143663,3,13
143647,143662,143664,2,15
143647,143660,143663,3,13
143647,143661,143663,2,14
143647,143661,143664,3,14
143647,143661,143664,3,14
143647,143661,143664,3,14
143647,143661,143664,3,14
143647,143661,143664,3,14
143647,143661,143664,3,14
143647,143661,143664,3,14
143647,143661,143664,3,14
143647,143661,143665,4,14
143647,143663,143665,2,16
143647,143662,143665,3,15
143647,143662,143664,2,15
143647,143661,143664,3,14
143647,143662,143664,2,15
143647,143660,143665,5,13
143647,143662,143665,3,15
143647,143662,143665,3,15
143647,143663,143665,2,16
143647,143662,143665,3,15
143647,143662,143665,3,15
143647,143662,143665,3,15
143647,143663,143665,2,16
143647,143663,143665,2,16
143647,143663,143665,2,16
143647,143662,143665,3,15
143647,143663,143666,3,16
143647,143663,143666,3,16
143647,143664,143666,2,17
143647,143663,143665,2,16
143647,143663,143665,2,16
143647,143664,143666,2,17
143647,143664,143666,2,17
143647,143663,143665,2,16
143647,143663,143666,3,16
143647,143664,143666,2,17
143647,143662,143666,4,15
143647,143663,143666,3,16
143647,143663,143666,3,16
143647,143663,143666,3,16
143647,143663,143666,3,16
143647,143664,143666,2,17
143647,143648,143652,4,1
143647,143648,143652,4,1
143647,143648,143652,4,1
143647,143663,143666,3,16
143647,143664,143667,3,17
143647,143664,143667,3,17
143647,143664,143667,3,17
143647,143663,143666,3,16
143647,143664,143667,3,17
143647,143663,143666,3,16
143647,143664,143666,2,17
143647,143665,143667,2,18
143647,143666,143668,2,19
143647,143664,143667,3,17
143647,143664,143667,3,17
143647,143666,143667,1,19
143647,143666,143667,1,19
143647,143666,143667,1,19
143647,143665,143668,3,18
143647,143665,143668,3,18
143647,143665,143668,3,18
143647,143666,143667,1,19
143647,143665,143668,3,18
143647,143665,143668,3,18
143647,143665,143668,3,18
143647,143665,143668,3,18
143647,143665,143668,3,18
143647,143665,143668,3,18
143647,143665,143668,3,18
143647,143665,143668,3,18
143647,143665,143668,3,18
143647,143665,143669,4,18
143647,143665,143668,3,18
143647,143666,143669,3,19
143647,143666,143669,3,19
143647,143666,143669,3,19
143647,143665,143669,4,18
143647,143665,143669,4,18
143647,143665,143669,4,18
143647,143666,143669,3,19
143647,143667,143670,3,20
143647,143667,143670,3,20
143647,143667,143670,3,20
143647,143667,143670,3,20
143647,143666,143669,3,19
143647,143666,143670,4,19
143647,143667,143670,3,20
143647,143666,143669,3,19
143647,143666,143670,4,19
143647,143665,143669,4,18
143647,143666,143670,4,19
143647,143667,143670,3,20
143647,143668,143671,3,21
143647,143667,143670,3,20
143647,143668,143670,2,21
143647,143667,143670,3,20
143647,143668,143671,3,21
143647,143668,143671,3,21
143647,143668,143671,3,21
143647,143667,143671,4,20
143647,143667,143671,4,20
143647,143667,143670,3,20
143647,143667,143671,4,20
143647,143667,143670,3,20
143647,143667,143670,3,20
143647,143667,143671,4,20
143647,143667,143671,4,20
143647,143667,143671,4,20
143647,143668,143671,3,21
143647,143667,143670,3,20
143647,143667,143671,4,20
143647,143667,143670,3,20
143647,143668,143671,3,21
143647,143666,143670,4,19
143647,143666,143670,4,19
143647,143668,143671,3,21
143647,143669,143672,3,22
143647,143669,143671,2,22
143647,143669,143671,2,22
143647,143669,143672,3,22
143647,143668,143671,3,21
143647,143668,143672,4,21
143647,143668,143672,4,21
143647,143668,143672,4,21
143647,143668,143671,3,21
143647,143668,143671,3,21
143647,143668,143672,4,21
143647,143670,143672,2,23
143647,143670,143672,2,23
143647,143668,143672,4,21
143647,143669,143672,3,22
143647,143670,143672,2,23
143647,143669,143672,3,22
143647,143669,143672,3,22
143647,143670,143672,2,23
143647,143669,143672,3,22
143647,143670,143672,2,23
143647,143670,143672,2,23
143647,143670,143672,2,23
143647,143669,143672,3,22
143647,143670,143673,3,23
143647,143669,143673,4,22
143647,143670,143673,3,23
143647,143670,143673,3,23
143647,143670,143674,4,23
143647,143670,143673,3,23
143647,143671,143673,2,24
143647,143671,143674,3,24
143647,143671,143674,3,24
143647,143671,143674,3,24
143647,143671,143674,3,24
143647,143671,143674,3,24
143647,143670,143673,3,23
143647,143671,143674,3,24
143647,143671,143674,3,24
143647,143671,143674,3,24
143647,143671,143674,3,24
143647,143671,143674,3,24
143647,143671,143674,3,24
143647,143671,143674,3,24
143647,143669,143674,5,22
143647,143671,143674,3,24
143647,143670,143674,4,23
143647,143672,143674,2,25
143647,143672,143674,2,25
143647,143671,143674,3,24
143647,143672,143674,2,25
143647,143671,143674,3,24
143647,143671,143674,3,24
143647,143672,143674,2,25
143647,143671,143674,3,24
143647,143672,143674,2,25
143647,143671,143674,3,24
143647,143671,143674,3,24
143647,143672,143675,3,25
142803,142829,143675,846,26
143647,143672,143675,3,25
143647,143671,143675,4,24
143647,143673,143675,2,26
143647,143672,143675,3,25
143647,143673,143676,3,26
143647,143672,143676,4,25
143647,143672,143675,3,25
143647,143673,143676,3,26
143647,143672,143676,4,25
143647,143672,143676,4,25
143647,143672,143676,4,25
143647,143672,143676,4,25
143647,143672,143676,4,25
143647,143672,143676,4,25
143647,143673,143676,3,26
143647,143673,143676,3,26
143647,143674,143677,3,27
143647,143673,143676,3,26
143647,143673,143676,3,26
143647,143674,143676,2,27
143647,143674,143676,2,27
143647,143673,143677,4,26
143647,143674,143676,2,27
143647,143673,143677,4,26
143647,143674,143677,3,27
143647,143674,143676,2,27
143647,143674,143677,3,27
143647,143674,143677,3,27
143647,143674,143677,3,27
143647,143674,143676,2,27
143647,143674,143677,3,27
143647,143673,143677,4,26
143647,143675,143677,2,28
143647,143673,143677,4,26
143647,143675,143678,3,28
143647,143674,143677,3,27
143647,143675,143678,3,28
143647,143675,143677,2,28
143647,143675,143677,2,28
143647,143675,143678,3,28
143647,143675,143678,3,28
143647,143675,143678,3,28
143647,143675,143678,3,28
143647,143675,143678,3,28
143647,143674,143678,4,27
143647,143674,143677,3,27
143647,143675,143678,3,28
143647,143673,143677,4,26
143647,143674,143678,4,27
143647,143675,143678,3,28
143647,143673,143678,5,26
143647,143674,143678,4,27
143647,143675,143678,3,28
143647,143675,143678,3,28
143647,143675,143678,3,28
143647,143675,143679,4,28
143647,143676,143679,3,29
143647,143677,143679,2,30
143647,143674,143678,4,27
143647,143677,143680,3,30
143647,143677,143679,2,30
143647,143677,143679,2,30
143647,143676,143679,3,29
143647,143676,143679,3,29
143647,143677,143680,3,30
143647,143677,143680,3,30
143647,143677,143680,3,30
143647,143676,143679,3,29
143647,143676,143680,4,29
143647,143677,143680,3,30
143647,143676,143680,4,29
143647,143676,143680,4,29
143647,143676,143679,3,29
143647,143677,143680,3,30
143647,143676,143680,4,29
143647,143677,143680,3,30
143647,143677,143680,3,30
143647,143677,143680,3,30
143647,143677,143680,3,30
143647,143677,143680,3,30
143647,143677,143680,3,30
143647,143677,143680,3,30
143647,143678,143681,3,31
143647,143679,143681,2,32
143647,143678,143681,3,31
143647,143677,143680,3,30
143647,143677,143680,3,30
143647,143677,143680,3,30
143647,143677,143681,4,30
143647,143677,143680,3,30
143647,143677,143680,3,30
143647,143678,143681,3,31
143647,143678,143681,3,31
143647,143677,143681,4,30
143647,143678,143680,2,31
143647,143678,143681,3,31
143647,143678,143681,3,31
143647,143677,143681,4,30
143647,143678,143681,3,31
143647,143678,143681,3,31
143647,143678,143681,3,31
143647,143680,143681,1,33
143647,143678,143681,3,31
143647,143678,143681,3,31
143647,143680,143681,1,33
143647,143679,143681,2,32
143647,143679,143681,2,32
143647,143678,143681,3,31
143647,143679,143681,2,32
143647,143678,143681,3,31
143647,143678,143681,3,31
143647,143679,143682,3,32
143647,143679,143682,3,32
143647,143679,143682,3,32
143647,143678,143681,3,31
143647,143678,143681,3,31
143647,143678,143682,4,31
143647,143680,143682,2,33
143647,143680,143682,2,33
143647,143680,143682,2,33
143647,143680,143683,3,33
143647,143680,143682,2,33
142870,142878,143712,834,8
143712,143712,143714,2,0
143712,143712,143714,2,0
143712,143712,143714,2,0
143712,143712,143715,3,0
143712,143712,143716,4,0
143712,143712,143715,3,0
143712,143712,143716,4,0
143712,143712,143716,4,0
143712,143712,143716,4,0
143712,143712,143716,4,0
143712,143712,143715,3,0
143712,143712,143716,4,0
143712,143712,143716,4,0
143712,143714,143715,1,2
143712,143712,143717,5,0
143712,143712,143716,4,0
143712,143712,143716,4,0
143712,143712,143717,5,0
143712,143712,143717,5,0
143712,143712,143716,4,0
143712,143712,143717,5,0
143712,143712,143717,5,0
143712,143712,143717,5,0
143712,143712,143717,5,0
143712,143712,143716,4,0
143712,143712,143717,5,0
143712,143712,143717,5,0
143712,143714,143716,2,2
143712,143712,143717,5,0
143712,143714,143717,3,2
143712,143712,143717,5,0
143712,143712,143716,4,0
143712,143715,143717,2,3
143712,143712,143717,5,0
143712,143712,143717,5,0
143712,143713,143717,4,1
143712,143712,143716,4,0
143712,143712,143717,5,0
143712,143712,143717,5,0
143712,143712,143717,5,0
143712,143712,143717,5,0
143712,143716,143718,2,4
143712,143712,143717,5,0
143712,143712,143718,6,0
143712,143712,143717,5,0
143712,143712,143718,6,0
143712,143712,143718,6,0
143712,143712,143717,5,0
143712,143716,143718,2,4
143712,143712,143718,6,0
143712,143712,143717,5,0
143712,143712,143717,5,0
143712,143712,143718,6,0
143712,143712,143718,6,0
143712,143712,143718,6,0
143712,143712,143718,6,0
143712,143712,143718,6,0
143712,143713,143717,4,1
143712,143712,143717,5,0
143712,143712,143717,5,0
143712,143712,143718,6,0
143712,143712,143718,6,0
143712,143712,143719,7,0
143712,143712,143719,7,0
143712,143716,143719,3,4
143712,143716,143719,3,4
143712,143717,143720,3,5
143712,143717,143720,3,5
143712,143717,143720,3,5
143712,143717,143720,3,5
143712,143717,143720,3,5
143712,143717,143720,3,5
143712,143717,143720,3,5
143712,143717,143720,3,5
143712,143717,143720,3,5
143712,143717,143720,3,5
143712,143716,143720,4,4
143712,143717,143720,3,5
143712,143716,143720,4,4
143712,143716,143720,4,4
143712,143717,143720,3,5
143712,143717,143720,3,5
143712,143717,143720,3,5
143712,143718,143721,3,6
143712,143718,143720,2,6
143712,143718,143721,3,6
143712,143717,143721,4,5
143712,143717,143721,4,5
143712,143716,143721,5,4
143712,143717,143721,4,5
143712,143717,143721,4,5
143712,143717,143722,5,5
143712,143718,143721,3,6
143712,143718,143721,3,6
143712,143718,143721,3,6
143712,143716,143721,5,4
143712,143717,143721,4,5
143712,143717,143721,4,5
143712,143719,143721,2,7
143712,143717,143722,5,5
143712,143718,143722,4,6
143712,143718,143722,4,6
143712,143718,143722,4,6
143712,143718,143722,4,6
143712,143719,143722,3,7
143712,143719,143722,3,7
143712,143719,143722,3,7
143712,143719,143722,3,7
143712,143719,143722,3,7
143712,143719,143722,3,7
143712,143719,143722,3,7
143712,143719,143722,3,7
143712,143716,143722,6,4
143712,143719,143722,3,7
143712,143720,143723,3,8
143712,143718,143723,5,6
143712,143718,143723,5,6
143712,143719,143722,3,7
143712,143718,143723,5,6
143712,143718,143723,5,6
143712,143720,143724,4,8
143712,143720,143723,3,8
143712,143718,143723,5,6
143712,143721,143724,3,9
143712,143721,143723,2,9
143712,143717,143723,6,5
143712,143720,143723,3,8
143712,143721,143724,3,9
143712,143720,143724,4,8
143712,143720,143724,4,8
143712,143720,143724,4,8
143712,143720,143724,4,8
143712,143721,143724,3,9
143712,143720,143724,4,8
143712,143720,143724,4,8
143712,143721,143725,4,9
143712,143721,143724,3,9
143712,143722,143725,3,10
143712,143722,143724,2,10
143712,143721,143724,3,9
143712,143721,143724,3,9
143712,143721,143724,3,9
143712,143721,143724,3,9
143712,143721,143724,3,9
143712,143721,143725,4,9
143712,143723,143725,2,11
143712,143721,143725,4,9
143712,143723,143725,2,11
143712,143723,143725,2,11
143712,143721,143725,4,9
143712,143723,143725,2,11
143712,143724,143726,2,12
143712,143722,143726,4,10
143712,143724,143725,1,12
143712,143723,143726,3,11
143712,143723,143725,2,11
143712,143723,143725,2,11
143712,143722,143725,3,10
143712,143722,143725,3,10
143712,143722,143725,3,10
143712,143722,143726,4,10
143712,143722,143725,3,10
143712,143722,143725,3,10
143712,143722,143725,3,10
143712,143722,143725,3,10
143712,143722,143725,3,10
143712,143724,143726,2,12
143712,143723,143726,3,11
143712,143724,143726,2,12
143712,143724,143727,3,12
143712,143723,143726,3,11
143712,143723,143726,3,11
143712,143723,143726,3,11
143712,143723,143726,3,11
143712,143723,143726,3,11
143712,143723,143726,3,11
143712,143723,143726,3,11
143712,143724,143727,3,12
143712,143725,143728,3,13
143712,143725,143727,2,13
143712,143724,143727,3,12
143712,143724,143727,3,12
143712,143725,143727,2,13
143712,143724,143727,3,12
143712,143724,143728,4,12
143712,143725,143727,2,13
143712,143725,143727,2,13
143712,143725,143728,3,13
143712,143725,143727,2,13
143712,143724,143728,4,12
143712,143725,143727,2,13
142792,142798,143728,930,6
143712,143724,143727,3,12
143712,143725,143728,3,13
143712,143723,143727,4,11
143712,143724,143727,3,12
143712,143725,143727,2,13
143712,143725,143728,3,13
143712,143726,143729,3,14
143712,143727,143729,2,15
143712,143725,143728,3,13
143712,143726,143729,3,14
143712,143725,143729,4,13
143712,143726,143728,2,14
143712,143726,143729,3,14
143712,143726,143729,3,14
143712,143726,143729,3,14
143712,143725,143728,3,13
143712,143725,143729,4,13
143712,143726,143729,3,14
143712,143726,143729,3,14
143712,143726,143729,3,14
143712,143725,143728,3,13
143712,143726,143728,2,14
143712,143726,143728,2,14
143712,143726,143729,3,14
143712,143726,143729,3,14
143712,143726,143730,4,14
143712,143726,143730,4,14
143712,143726,143729,3,14
143712,143726,143729,3,14
143712,143727,143729,2,15
143712,143727,143730,3,15
143712,143726,143729,3,14
143712,143726,143729,3,14
143712,143727,143730,3,15
143712,143726,143729,3,14
143712,143727,143730,3,15
143712,143727,143729,2,15
143712,143727,143730,3,15
143712,143726,143730,4,14
143712,143726,143730,4,14
143712,143727,143730,3,15
143712,143727,143730,3,15
143712,143727,143730,3,15
143712,143727,143730,3,15
143712,143727,143730,3,15
143712,143728,143731,3,16
143712,143728,143730,2,16
143712,143728,143730,2,16
143712,143728,143731,3,16
143712,143729,143730,1,17
143712,143729,143730,1,17
143712,143729,143730,1,17
143712,143729,143731,2,17
143712,143729,143731,2,17
143712,143728,143731,3,16
143712,143728,143731,3,16
143712,143729,143732,3,17
143712,143728,143731,3,16
143712,143728,143732,4,16
143712,143729,143731,2,17
143712,143728,143731,3,16
143712,143728,143732,4,16
143712,143728,143731,3,16
143712,143728,143731,3,16
143712,143729,143732,3,17
143712,143730,143732,2,18
143712,143728,143731,3,16
143712,143728,143732,4,16
143712,143728,143731,3,16
143712,143729,143732,3,17
143712,143729,143732,3,17
143712,143728,143732,4,16
143712,143728,143732,4,16
143712,143729,143732,3,17
143712,143730,143732,2,18
143712,143730,143732,2,18
143712,143729,143732,3,17
143712,143730,143732,2,18
143712,143729,143733,4,17
143712,143730,143733,3,18
143712,143731,143733,2,19
143712,143731,143733,2,19
143712,143731,143733,2,19
143712,143729,143732,3,17
143712,143730,143733,3,18
143712,143728,143733,5,16
143712,143729,143733,4,17
143712,143730,143733,3,18
143712,143729,143732,3,17
143712,143728,143733,5,16
143712,143729,143733,4,17
143712,143729,143733,4,17
143712,143730,143733,3,18
143712,143731,143733,2,19
143712,143729,143733,4,17
143712,143729,143734,5,17
143712,143731,143733,2,19
143712,143730,143734,4,18
143712,143730,143734,4,18
143712,143730,143734,4,18
143712,143731,143734,3,19
143712,143730,143734,4,18
143712,143730,143734,4,18
143712,143730,143734,4,18
143712,143731,143734,3,19
143712,143730,143734,4,18
143712,143730,143734,4,18
143712,143730,143734,4,18
143712,143730,143734,4,18
143712,143731,143735,4,19
143712,143731,143734,3,19
143712,143732,143735,3,20
143712,143732,143735,3,20
143712,143730,143735,5,18
143712,143730,143735,5,18
143712,143732,143735,3,20
143712,143733,143735,2,21
143712,143733,143735,2,21
143712,143732,143735,3,20
143712,143733,143735,2,21
143712,143732,143735,3,20
143712,143733,143735,2,21
143712,143733,143735,2,21
143712,143732,143735,3,20
143712,143732,143735,3,20
143712,143733,143735,2,21
143712,143733,143735,2,21
143712,143734,143736,2,22
143712,143731,143736,5,19
143712,143733,143735,2,21
143712,143733,143735,2,21
143712,143732,143736,4,20
143712,143732,143736,4,20
143712,143732,143735,3,20
143712,143733,143735,2,21
143712,143732,143735,3,20
143712,143734,143736,2,22
143712,143732,143736,4,20
143712,143732,143736,4,20
143712,143732,143736,4,20
143712,143734,143736,2,22
143712,143734,143736,2,22
143712,143732,143736,4,20
143712,143733,143736,3,21
143712,143733,143736,3,21
143712,143732,143736,4,20
143712,143734,143736,2,22
143712,143734,143736,2,22
143712,143734,143736,2,22
143712,143734,143736,2,22
143712,143735,143737,2,23
143712,143733,143736,3,21
143712,143733,143736,3,21
143712,143734,143737,3,22
143712,143734,143737,3,22
143712,143734,143737,3,22
143712,143734,143737,3,22
143712,143734,143736,2,22
143712,143734,143737,3,22
143712,143734,143737,3,22
143712,143734,143737,3,22
143712,143734,143737,3,22
143712,143735,143737,2,23
143712,143735,143737,2,23
143712,143735,143738,3,23
143712,143735,143737,2,23
143712,143735,143738,3,23
143712,143735,143738,3,23
143712,143736,143738,2,24
143712,143736,143738,2,24
143712,143736,143738,2,24
143712,143735,143738,3,23
143712,143735,143738,3,23
143712,143736,143738,2,24
143712,143737,143739,2,25
143712,143737,143739,2,25
143712,143735,143738,3,23
143712,143735,143738,3,23
143712,143736,143739,3,24
143712,143735,143738,3,23
143712,143735,143738,3,23
143712,143735,143739,4,23
143712,143736,143738,2,24
143712,143735,143739,4,23
143712,143735,143739,4,23
143712,143736,143739,3,24
143712,143736,143738,2,24
143712,143735,143739,4,23
143712,143737,143740,3,25
143712,143737,143740,3,25
143712,143737,143739,2,25
143712,143738,143740,2,26
143712,143736,143739,3,24
143712,143736,143739,3,24
143712,143736,143740,4,24
143712,143736,143739,3,24
143712,143737,143739,2,25
143712,143736,143739,3,24
143712,143737,143740,3,25
143712,143737,143740,3,25
143712,143737,143740,3,25
143712,143736,143740,4,24
143712,143737,143741,4,25
143712,143737,143740,3,25
143712,143738,143740,2,26
143712,143738,143740,2,26
143712,143738,143740,2,26
143712,143736,143740,4,24
143712,143736,143740,4,24
143712,143737,143740,3,25
143712,143737,143740,3,25
143712,143737,143741,4,25
143712,143738,143740,2,26
143712,143736,143740,4,24
143712,143738,143740,2,26
143712,143737,143741,4,25
143712,143738,143741,3,26
143712,143737,143741,4,25
143712,143737,143740,3,25
143712,143737,143741,4,25
143712,143737,143741,4,25
143712,143737,143741,4,25
143712,143736,143741,5,24
143712,143739,143742,3,27
143712,143739,143742,3,27
143712,143737,143741,4,25
143712,143737,143741,4,25
143712,143737,143741,4,25
143712,143738,143742,4,26
143712,143739,143742,3,27
143712,143738,143742,4,26
143712,143738,143742,4,26
143712,143740,143742,2,28
143712,143740,143742,2,28
143712,143739,143742,3,27
143712,143740,143742,2,28
143712,143740,143742,2,28
143712,143739,143742,3,27
143712,143740,143742,2,28
143712,143740,143743,3,28
143712,143740,143743,3,28
143712,143739,143742,3,27
143712,143740,143743,3,28
143712,143740,143742,2,28
143712,143740,143743,3,28
143712,143739,143743,4,27
143712,143741,143743,2,29
143712,143740,143743,3,28
143712,143740,143743,3,28
143712,143740,143743,3,28
143712,143741,143743,2,29
143712,143739,143743,4,27
143712,143739,143743,4,27
143712,143741,143744,3,29
143712,143739,143743,4,27
143712,143742,143743,1,30
143712,143740,143743,3,28
143712,143741,143744,3,29
143712,143741,143744,3,29
143712,143741,143744,3,29
143712,143740,143743,3,28
143712,143740,143744,4,28
143712,143741,143744,3,29
143712,143741,143744,3,29
143712,143742,143744,2,30
143712,143740,143743,3,28
143712,143741,143744,3,29
143712,143741,143743,2,29
143712,143742,143744,2,30
143712,143740,143744,4,28
143712,143740,143744,4,28
143712,143740,143744,4,28
143712,143740,143744,4,28
143712,143741,143744,3,29
143712,143742,143744,2,30
143712,143742,143744,2,30
143712,143741,143744,3,29
143712,143742,143744,2,30
143712,143741,143745,4,29
143712,143741,143745,4,29
143712,143741,143744,3,29
143712,143741,143744,3,29
143712,143742,143744,2,30
143712,143742,143745,3,30
143712,143740,143744,4,28
143712,143742,143744,2,30
143712,143744,143745,1,32
143712,143743,143745,2,31
143712,143744,143745,1,32
143712,143743,143745,2,31
143712,143742,143745,3,30
143712,143743,143746,3,31
143712,143743,143746,3,31
143712,143743,143746,3,31
143712,143743,143746,3,31
143712,143744,143746,2,32
143712,143742,143745,3,30
143712,143743,143746,3,31
143712,143744,143746,2,32
143712,143744,143746,2,32
143712,143744,143746,2,32
143712,143744,143746,2,32
143712,143743,143746,3,31
143712,143744,143746,2,32
143712,143744,143746,2,32
143712,143743,143747,4,31
143712,143743,143747,4,31
143712,143743,143746,3,31
143712,143743,143746,3,31
143712,143743,143747,4,31
143712,143743,143746,3,31
143712,143743,143746,3,31
143712,143744,143747,3,32
143712,143743,143747,4,31
143712,143744,143747,3,32
143712,143743,143747,4,31
143712,143744,143747,3,32
143712,143744,143747,3,32
143712,143745,143747,2,33
143712,143744,143747,3,32
143712,143744,143747,3,32
143712,143744,143747,3,32
143712,143745,143748,3,33
143712,143745,143748,3,33
143712,143743,143747,4,31
143712,143744,143747,3,32
143712,143744,143748,4,32
143712,143744,143747,3,32
143712,143744,143748,4,32
143712,143746,143748,2,34
143712,143746,143748,2,34
143712,143744,143748,4,32
143712,143744,143748,4,32
143712,143745,143748,3,33
143712,143745,143748,3,33
143712,143745,143748,3,33
143712,143745,143748,3,33
143712,143745,143748,3,33
143712,143745,143748,3,33
143712,143745,143748,3,33
143712,143745,143748,3,33
143712,143747,143749,2,35
143712,143747,143749,2,35
143712,143747,143749,2,35
143712,143745,143748,3,33
143712,143746,143749,3,34
143712,143747,143749,2,35
143712,143744,143749,5,32
143712,143745,143749,4,33
143712,143745,143749,4,33
143712,143746,143749,3,34
143712,143746,143749,3,34
143712,143745,143749,4,33
143712,143746,143750,4,34
143712,143748,143749,1,36
143712,143748,143749,1,36
143712,143746,143750,4,34
143712,143747,143750,3,35
143712,143747,143750,3,35
143712,143745,143749,4,33
143712,143746,143749,3,34
143712,143746,143750,4,34
143712,143746,143749,3,34
143712,143747,143749,2,35
143712,143746,143750,4,34
143712,143747,143749,2,35
143712,143747,143750,3,35
143712,143746,143750,4,34
143712,143746,143750,4,34
143712,143747,143751,4,35
143712,143748,143750,2,36
143712,143748,143750,2,36
143712,143747,143750,3,35
143712,143747,143750,3,35
143712,143747,143750,3,35
143712,143748,143750,2,36
143712,143748,143750,2,36
143712,143748,143750,2,36
143712,143748,143751,3,36
143712,143747,143750,3,35
143712,143748,143750,2,36
143712,143748,143751,3,36
143712,143748,143750,2,36
143712,143747,143751,4,35
143712,143747,143751,4,35
143712,143749,143751,2,37
143712,143749,143752,3,37
143712,143749,143751,2,37
143712,143749,143751,2,37
143712,143749,143752,3,37
143712,143749,143751,2,37
143712,143748,143751,3,36
143712,143748,143751,3,36
143712,143749,143751,2,37
143712,143748,143751,3,36
143712,143749,143752,3,37
143712,143749,143752,3,37
143712,143749,143752,3,37
143712,143749,143752,3,37
143712,143749,143752,3,37
143712,143749,143752,3,37
143712,143749,143752,3,37
143712,143749,143752,3,37
143712,143750,143752,2,38
143712,143749,143752,3,37
143712,143749,143752,3,37
143712,143749,143752,3,37
143712,143749,143753,4,37
143712,143750,143753,3,38
142799,142818,143773,955,19
142881,142891,143782,891,10
143788,143789,143791,2,1
143788,143789,143792,3,1
143788,143789,143791,2,1
143788,143789,143792,3,1
143788,143789,143791,2,1
143788,143789,143791,2,1
143788,143791,143792,1,3
143788,143789,143792,3,1
143788,143789,143793,4,1
143788,143789,143792,3,1
143788,143789,143792,3,1
143788,143789,143793,4,1
143788,143789,143792,3,1
143788,143789,143792,3,1
143788,143789,143792,3,1
143788,143789,143792,3,1
143788,143789,143793,4,1
143788,143789,143792,3,1
143788,143789,143793,4,1
143788,143789,143792,3,1
143788,143789,143792,3,1
143788,143789,143792,3,1
143788,143789,143793,4,1
143788,143789,143792,3,1
143788,143789,143792,3,1
143788,143789,143793,4,1
143788,143789,143794,5,1
143788,143789,143793,4,1
143788,143789,143793,4,1
143788,143789,143793,4,1
143788,143789,143793,4,1
143788,143789,143793,4,1
143788,143789,143793,4,1
143788,143789,143794,5,1
143788,143789,143793,4,1
143788,143792,143793,1,4
143788,143789,143794,5,1
143788,143789,143793,4,1
143788,143789,143793,4,1
143788,143789,143794,5,1
143788,143789,143794,5,1
143788,143789,143793,4,1
143788,143789,143793,4,1
143788,143789,143794,5,1
143788,143789,143793,4,1
143788,143789,143794,5,1
143788,143789,143794,5,1
143788,143789,143794,5,1
143788,143789,143794,5,1
143788,143789,143794,5,1
143788,143792,143794,2,4
143788,143789,143794,5,1
143788,143789,143793,4,1
143788,143789,143794,5,1
143788,143789,143794,5,1
143788,143789,143794,5,1
143788,143792,143793,1,4
143788,143792,143794,2,4
143788,143789,143795,6,1
143788,143789,143794,5,1
143788,143789,143794,5,1
143788,143789,143794,5,1
143788,143789,143794,5,1
143788,143789,143794,5,1
143788,143789,143794,5,1
143788,143789,143794,5,1
143788,143793,143796,3,5
143788,143793,143796,3,5
143788,143793,143796,3,5
143788,143792,143796,4,4
143788,143792,143796,4,4
143788,143793,143797,4,5
143788,143794,143797,3,6
143788,143794,143796,2,6
143788,143794,143796,2,6
143788,143794,143796,2,6
143788,143794,143796,2,6
143788,143794,143797,3,6
143788,143793,143796,3,5
143788,143793,143797,4,5
143788,143794,143797,3,6
143788,143793,143796,3,5
143788,143793,143796,3,5
143788,143793,143797,4,5
143788,143793,143797,4,5
143788,143793,143797,4,5
143788,143793,143797,4,5
143788,143793,143797,4,5
143788,143793,143796,3,5
143788,143794,143797,3,6
143788,143794,143797,3,6
143788,143793,143797,4,5
143788,143794,143798,4,6
143788,143795,143798,3,7
143788,143793,143798,5,5
143788,143794,143798,4,6
143788,143794,143798,4,6
143788,143794,143798,4,6
143788,143794,143797,3,6
143788,143795,143798,3,7
143788,143793,143797,4,5
143788,143794,143798,4,6
143788,143794,143798,4,6
143788,143794,143797,3,6
143788,143794,143798,4,6
143788,143794,143797,3,6
143788,143794,143798,4,6
143788,143794,143798,4,6
143788,143794,143798,4,6
143788,143794,143798,4,6
143788,143793,143798,5,5
143788,143794,143798,4,6
143788,143794,143798,4,6
143788,143795,143798,3,7
143788,143794,143798,4,6
143788,143794,143798,4,6
143788,143795,143798,3,7
143788,143794,143799,5,6
143788,143794,143798,4,6
143788,143794,143799,5,6
143788,143795,143799,4,7
143788,143794,143798,4,6
143788,143794,143798,4,6
143788,143794,143799,5,6
143788,143795,143799,4,7
143788,143796,143799,3,8
143788,143796,143799,3,8
143788,143795,143799,4,7
143788,143795,143798,3,7
143788,143796,143799,3,8
143788,143796,143800,4,8
143788,143797,143800,3,9
143788,143798,143800,2,10
143788,143797,143800,3,9
143788,143797,143800,3,9
143788,143796,143800,4,8
143788,143797,143800,3,9
143788,143797,143800,3,9
143788,143797,143800,3,9
143788,143797,143801,4,9
143788,143797,143800,3,9
143788,143797,143800,3,9
143788,143797,143801,4,9
143788,143797,143801,4,9
143788,143797,143800,3,9
143788,143798,143801,3,10
143788,143798,143800,2,10
143788,143798,143801,3,10
143788,143797,143801,4,9
143788,143798,143801,3,10
143788,143798,143801,3,10
143788,143798,143801,3,10
143788,143797,143801,4,9
143788,143797,143800,3,9
143788,143797,143801,4,9
143788,143798,143801,3,10
143788,143797,143801,4,9
143788,143797,143801,4,9
143788,143798,143801,3,10
143788,143798,143801,3,10
143788,143800,143801,1,12
143788,143797,143801,4,9
143788,143798,143801,3,10
143788,143798,143801,3,10
143788,143798,143801,3,10
143788,143798,143801,3,10
143788,143798,143802,4,10
143788,143800,143802,2,12
143788,143797,143801,4,9
143788,143798,143801,3,10
143788,143798,143802,4,10
143788,143798,143802,4,10
143788,143799,143802,3,11
143788,143799,143802,3,11
143788,143798,143802,4,10
143788,143798,143802,4,10
143788,143798,143802,4,10
143788,143799,143803,4,11
143788,143799,143802,3,11
143788,143799,143802,3,11
143788,143799,143802,3,11
143788,143798,143802,4,10
143788,143800,143802,2,12
143788,143798,143802,4,10
143788,143799,143803,4,11
143788,143799,143803,4,11
143788,143799,143803,4,11
143788,143799,143803,4,11
143788,143800,143803,3,12
143788,143802,143803,1,14
143788,143800,143803,3,12
143788,143801,143804,3,13
143788,143799,143803,4,11
143788,143800,143803,3,12
143788,143801,143803,2,13
143788,143801,143804,3,13
143788,143801,143804,3,13
143788,143801,143804,3,13
143788,143800,143804,4,12
143788,143802,143804,2,14
143788,143802,143804,2,14
143788,143802,143804,2,14
143788,143802,143804,2,14
143788,143801,143804,3,13
143788,143802,143805,3,14
143788,143802,143804,2,14
143788,143802,143804,2,14
143788,143801,143804,3,13
143788,143802,143804,2,14
143788,143802,143804,2,14
143788,143802,143804,2,14
143788,143802,143804,2,14
143788,143802,143804,2,14
143788,143802,143805,3,14
143788,143801,143804,3,13
143788,143801,143804,3,13
143788,143801,143804,3,13
143788,143801,143805,4,13
143788,143801,143804,3,13
143788,143801,143805,4,13
143788,143801,143804,3,13
143788,143801,143805,4,13
143788,143801,143805,4,13
143788,143802,143805,3,14
143788,143802,143805,3,14
143788,143802,143805,3,14
143788,143802,143805,3,14
143788,143802,143805,3,14
143788,143802,143805,3,14
143788,143803,143805,2,15
143788,143803,143805,2,15
143788,143803,143806,3,15
143788,143803,143805,2,15
143788,143803,143805,2,15
143788,143802,143805,3,14
143788,143802,143805,3,14
143788,143802,143805,3,14
143788,143803,143806,3,15
143788,143803,143806,3,15
143789,143804,143806,2,15
143789,143805,143807,2,16
143788,143803,143806,3,15
143789,143804,143807,3,15
143789,143805,143806,1,16
143789,143803,143806,3,14
143789,143803,143806,3,14
143789,143805,143806,1,16
143789,143805,143807,2,16
143789,143804,143807,3,15
143789,143804,143807,3,15
143789,143805,143807,2,16
143789,143803,143806,3,14
143789,143803,143806,3,14
143789,143803,143807,4,14
143789,143805,143806,1,16
143789,143805,143807,2,16
143789,143803,143807,4,14
143789,143804,143807,3,15
143789,143804,143807,3,15
143789,143804,143807,3,15
143789,143805,143807,2,16
143789,143805,143807,2,16
143789,143806,143808,2,17
143789,143804,143808,4,15
143789,143804,143807,3,15
143789,143804,143807,3,15
143789,143804,143807,3,15
143789,143805,143807,2,16
143789,143805,143808,3,16
143789,143805,143807,2,16
143789,143805,143807,2,16
143789,143805,143808,3,16
143789,143804,143808,4,15
143789,143805,143808,3,16
143789,143805,143808,3,16
143789,143806,143808,2,17
143789,143806,143808,2,17
143789,143806,143809,3,17
143789,143806,143808,2,17
143789,143806,143808,2,17
143789,143805,143808,3,16
143789,143806,143809,3,17
143789,143807,143809,2,18
143789,143805,143809,4,16
143789,143805,143808,3,16
143789,143805,143809,4,16
143789,143805,143808,3,16
143789,143805,143809,4,16
143789,143806,143809,3,17
143789,143806,143809,3,17
143789,143806,143809,3,17
143789,143806,143809,3,17
143789,143808,143809,1,19
143789,143806,143810,4,17
143789,143806,143809,3,17
143789,143807,143810,3,18
143789,143807,143809,2,18
143789,143807,143810,3,18
143789,143807,143810,3,18
143789,143808,143810,2,19
143789,143807,143810,3,18
143789,143807,143810,3,18
143789,143807,143810,3,18
143789,143807,143810,3,18
143789,143807,143810,3,18
143789,143806,143810,4,17
143789,143806,143810,4,17
143789,143807,143810,3,18
143789,143807,143810,3,18
143789,143805,143809,4,16
143789,143805,143809,4,16
143789,143806,143810,4,17
143789,143808,143810,2,19
143789,143808,143810,2,19
143789,143808,143810,2,19
143789,143808,143810,2,19
143789,143807,143811,4,18
143789,143807,143810,3,18
143789,143807,143811,4,18
143789,143807,143811,4,18
143789,143807,143811,4,18
143789,143808,143811,3,19
143789,143807,143811,4,18
143789,143808,143811,3,19
143789,143808,143811,3,19
143789,143808,143811,3,19
143789,143808,143811,3,19
143789,143809,143811,2,20
143789,143810,143812,2,21
143789,143810,143811,1,21
143789,143808,143811,3,19
143789,143809,143812,3,20
143789,143809,143812,3,20
143789,143809,143812,3,20
143789,143809,143812,3,20
143789,143809,143812,3,20
143789,143809,143812,3,20
143789,143809,143812,3,20
143789,143807,143811,4,18
143789,143809,143812,3,20
143789,143808,143812,4,19
143789,143809,143812,3,20
143789,143808,143812,4,19
143789,143808,143812,4,19
143789,143808,143811,3,19
143789,143810,143813,3,21
143789,143810,143812,2,21
143789,143810,143812,2,21
143789,143810,143812,2,21
143789,143809,143812,3,20
143789,143810,143813,3,21
143789,143809,143812,3,20
143789,143809,143812,3,20
143789,143810,143812,2,21
143789,143809,143813,4,20
143789,143810,143813,3,21
143789,143810,143812,2,21
143789,143809,143813,4,20
143789,143810,143813,3,21
143789,143810,143813,3,21
143789,143810,143813,3,21
143789,143810,143813,3,21
143789,143811,143813,2,22
143789,143811,143814,3,22
143789,143812,143814,2,23
143789,143812,143814,2,23
143789,143812,143814,2,23
143789,143812,143814,2,23
143789,143810,143814,4,21
143789,143810,143814,4,21
143789,143810,143814,4,21
143789,143810,143814,4,21
143789,143812,143814,2,23
143789,143812,143814,2,23
143789,143810,143814,4,21
143789,143810,143814,4,21
143789,143810,143814,4,21
143789,143810,143814,4,21
143789,143811,143814,3,22
143789,143810,143814,4,21
143789,143811,143814,3,22
143789,143810,143814,4,21
143789,143811,143814,3,22
143789,143812,143814,2,23
143789,143811,143815,4,22
143789,143811,143815,4,22
143789,143812,143815,3,23
143789,143811,143815,4,22
143789,143811,143815,4,22
143789,143811,143815,4,22
143789,143811,143815,4,22
143789,143811,143815,4,22
143789,143812,143815,3,23
143789,143811,143815,4,22
143789,143812,143815,3,23
143789,143811,143815,4,22
143789,143812,143816,4,23
143789,143811,143815,4,22
143789,143812,143815,3,23
143789,143813,143815,2,24
143789,143813,143816,3,24
143789,143811,143816,5,22
143789,143813,143816,3,24
143789,143814,143816,2,25
143789,143812,143816,4,23
143789,143813,143816,3,24
143789,143815,143816,1,26
143789,143812,143816,4,23
143789,143812,143816,4,23
143789,143815,143816,1,26
143789,143815,143816,1,26
143789,143815,143816,1,26
143789,143812,143816,4,23
143789,143814,143816,2,25
143789,143813,143816,3,24
143789,143814,143816,2,25
143789,143813,143816,3,24
143789,143813,143816,3,24
143789,143813,143816,3,24
143789,143813,143816,3,24
143789,143814,143817,3,25
143789,143813,143816,3,24
143789,143813,143816,3,24
143789,143813,143816,3,24
143789,143813,143817,4,24
143789,143813,143817,4,24
143789,143814,143817,3,25
143789,143815,143817,2,26
143789,143815,143817,2,26
143789,143815,143817,2,26
143789,143814,143817,3,25
143789,143812,143817,5,23
143789,143814,143817,3,25
143789,143815,143817,2,26
143789,143816,143818,2,27
143789,143815,143818,3,26
143789,143815,143818,3,26
143789,143816,143818,2,27
143789,143814,143818,4,25
143789,143814,143818,4,25
143789,143814,143818,4,25
143789,143815,143818,3,26
143789,143815,143818,3,26
143789,143815,143818,3,26
143789,143817,143818,1,28
143789,143817,143819,2,28
143789,143815,143818,3,26
143789,143815,143818,3,26
143789,143815,143818,3,26
143789,143815,143818,3,26
143789,143816,143818,2,27
143789,143816,143818,2,27
143789,143815,143818,3,26
143789,143815,143818,3,26
143789,143816,143819,3,27
143789,143816,143819,3,27
143789,143816,143818,2,27
143789,143815,143819,4,26
143789,143815,143819,4,26
143789,143817,143819,2,28
143789,143817,143819,2,28
143789,143815,143819,4,26
143789,143816,143819,3,27
143789,143816,143819,3,27
143789,143817,143820,3,28
143789,143817,143819,2,28
143789,143815,143819,4,26
143789,143817,143820,3,28
143789,143817,143819,2,28
143789,143815,143819,4,26
143789,143817,143819,2,28
143789,143817,143820,3,28
143789,143817,143820,3,28
143789,143817,143819,2,28
143789,143817,143820,3,28
143789,143817,143820,3,28
143789,143817,143820,3,28
143789,143817,143820,3,28
143789,143817,143820,3,28
143789,143817,143821,4,28
143849,143850,143852,2,1
143849,143850,143852,2,1
143849,143850,143852,2,1
143849,143850,143852,2,1
143849,143850,143852,2,1
143849,143850,143853,3,1
143849,143849,143852,3,0
143849,143850,143853,3,1
143849,143850,143852,2,1
143849,143850,143852,2,1
143849,143850,143852,2,1
143849,143850,143852,2,1
143849,143850,143853,3,1
143849,143850,143853,3,1
143849,143850,143853,3,1
143849,143850,143854,4,1
143849,143850,143853,3,1
143849,143850,143853,3,1
143849,143849,143853,4,0
143849,143850,143853,3,1
143849,143850,143853,3,1
143849,143850,143853,3,1
143849,143850,143853,3,1
143849,143850,143853,3,1
143849,143849,143854,5,0
143849,143850,143853,3,1
143849,143850,143853,3,1
143849,143850,143853,3,1
143849,143850,143853,3,1
143849,143849,143853,4,0
143849,143850,143853,3,1
143849,143850,143853,3,1
143849,143849,143853,4,0
143849,143850,143853,3,1
143849,143850,143853,3,1
143849,143850,143853,3,1
143849,143850,143853,3,1
143849,143849,143853,4,0
143849,143850,143853,3,1
143849,143850,143853,3,1
143849,143850,143853,3,1
143849,143850,143854,4,1
143849,143850,143853,3,1
143849,143850,143853,3,1
143849,143850,143853,3,1
143849,143850,143853,3,1
143849,143850,143853,3,1
143849,143850,143854,4,1
143849,143849,143854,5,0
143849,143850,143854,4,1
143849,143850,143854,4,1
143849,143850,143854,4,1
143849,143850,143854,4,1
143849,143850,143854,4,1
143849,143850,143854,4,1
143849,143850,143854,4,1
143849,143850,143854,4,1
143849,143850,143854,4,1
143849,143850,143854,4,1
142919,142925,143854,929,6
143849,143853,143854,1,4
143849,143850,143854,4,1
143849,143853,143855,2,4
143849,143853,143856,3,4
143849,143853,143856,3,4
143849,143853,143856,3,4
143849,143853,143856,3,4
143849,143850,143855,5,1
143849,143854,143856,2,5
143849,143855,143857,2,6
143849,143854,143857,3,5
143849,143854,143857,3,5
143849,143853,143856,3,4
143849,143853,143857,4,4
143849,143853,143856,3,4
143849,143854,143857,3,5
143849,143853,143856,3,4
143849,143854,143857,3,5
143849,143854,143857,3,5
143849,143854,143856,2,5
143849,143854,143857,3,5
143849,143853,143856,3,4
143849,143854,143856,2,5
143849,143854,143857,3,5
143849,143855,143857,2,6
143849,143854,143857,3,5
143849,143854,143857,3,5
143849,143854,143857,3,5
143849,143853,143856,3,4
143849,143854,143857,3,5
143849,143854,143857,3,5
143849,143854,143857,3,5
143849,143854,143857,3,5
143849,143854,143857,3,5
143849,143854,143857,3,5
143849,143854,143857,3,5
143849,143854,143857,3,5
143849,143854,143857,3,5
143849,143854,143857,3,5
143849,143855,143857,2,6
143849,143855,143857,2,6
143849,143855,143857,2,6
143849,143855,143857,2,6
143849,143854,143857,3,5
143849,143854,143857,3,5
143849,143854,143857,3,5
143849,143855,143858,3,6
143849,143855,143857,2,6
143849,143854,143857,3,5
143849,143854,143857,3,5
143849,143854,143858,4,5
143849,143854,143858,4,5
143849,143855,143857,2,6
143849,143855,143858,3,6
143849,143854,143857,3,5
143849,143854,143857,3,5
143849,143855,143858,3,6
143849,143854,143858,4,5
143849,143854,143858,4,5
143849,143854,143858,4,5
143849,143856,143859,3,7
143849,143854,143858,4,5
143849,143855,143859,4,6
143849,143855,143858,3,6
143849,143855,143858,3,6
143849,143857,143859,2,8
143849,143856,143860,4,7
143849,143858,143860,2,9
143849,143857,143860,3,8
143849,143858,143859,1,9
143849,143858,143860,2,9
143849,143857,143860,3,8
143849,143856,143859,3,7
143849,143857,143860,3,8
143849,143856,143859,3,7
143849,143857,143860,3,8
143849,143856,143859,3,7
143849,143856,143860,4,7
143849,143857,143859,2,8
143849,143857,143860,3,8
143849,143857,143861,4,8
143849,143857,143861,4,8
143849,143858,143860,2,9
143849,143857,143860,3,8
143849,143857,143861,4,8
143849,143857,143860,3,8
143849,143857,143860,3,8
143849,143857,143861,4,8
143849,143857,143861,4,8
143849,143857,143861,4,8
143849,143858,143861,3,9
143849,143858,143861,3,9
143849,143858,143861,3,9
143849,143858,143861,3,9
143849,143857,143861,4,8
143849,143857,143860,3,8
143849,143857,143860,3,8
143849,143858,143861,3,9
143849,143857,143861,4,8
143849,143858,143861,3,9
143849,143858,143861,3,9
143849,143859,143861,2,10
143849,143857,143861,4,8
143849,143858,143861,3,9
143849,143858,143861,3,9
143849,143858,143861,3,9
143849,143857,143861,4,8
143849,143857,143861,4,8
143849,143858,143861,3,9
143849,143858,143862,4,9
143849,143858,143862,4,9
143849,143858,143862,4,9
143849,143858,143862,4,9
143849,143857,143861,4,8
143849,143858,143862,4,9
143849,143858,143862,4,9
143849,143858,143862,4,9
143849,143859,143862,3,10
143849,143858,143862,4,9
143849,143858,143861,3,9
143849,143858,143862,4,9
143849,143859,143862,3,10
143849,143860,143862,2,11
143849,143860,143862,2,11
143849,143859,143862,3,10
143849,143860,143862,2,11
143849,143859,143862,3,10
143849,143860,143862,2,11
143849,143860,143863,3,11
143849,143860,143863,3,11
143849,143861,143863,2,12
143849,143859,143863,4,10
143849,143859,143863,4,10
143849,143860,143863,3,11
143849,143859,143862,3,10
143849,143861,143863,2,12
143849,143861,143863,2,12
143849,143859,143862,3,10
143849,143860,143863,3,11
143849,143860,143863,3,11
143849,143860,143863,3,11
143849,143861,143864,3,12
143849,143861,143864,3,12
143849,143860,143863,3,11
143849,143861,143863,2,12
143849,143861,143864,3,12
143849,143861,143864,3,12
143849,143861,143864,3,12
143849,143861,143864,3,12
143849,143861,143863,2,12
143849,143861,143864,3,12
143849,143861,143864,3,12
143849,143860,143864,4,11
143849,143860,143864,4,11
143849,143861,143864,3,12
143849,143861,143863,2,12
143849,143861,143864,3,12
143849,143861,143864,3,12
143849,143861,143864,3,12
143849,143861,143864,3,12
143849,143861,143864,3,12
143849,143861,143864,3,12
143849,143861,143864,3,12
143849,143861,143864,3,12
143849,143861,143864,3,12
143849,143861,143864,3,12
143849,143861,143864,3,12
143849,143862,143864,2,13
143849,143861,143865,4,12
143849,143862,143865,3,13
143849,143862,143865,3,13
143849,143862,143865,3,13
143849,143862,143865,3,13
143849,143861,143865,4,12
143849,143862,143865,3,13
143849,143862,143865,3,13
143849,143862,143865,3,13
143849,143861,143865,4,12
143849,143862,143865,3,13
143849,143862,143865,3,13
143849,143862,143865,3,13
142976,142984,143904,920,8
143904,143904,143907,3,0
143904,143904,143907,3,0
143904,143904,143907,3,0
143904,143904,143907,3,0
143904,143904,143907,3,0
143904,143904,143907,3,0
143904,143904,143907,3,0
143904,143904,143908,4,0
143904,143904,143908,4,0
143904,143904,143907,3,0
143904,143905,143907,2,1
143904,143904,143908,4,0
143904,143904,143908,4,0
143904,143904,143908,4,0
143904,143905,143908,3,1
143904,143904,143908,4,0
143904,143904,143908,4,0
143904,143905,143908,3,1
143904,143904,143908,4,0
143904,143904,143908,4,0
143904,143904,143908,4,0
143904,143905,143908,3,1
143904,143904,143908,4,0
143904,143904,143908,4,0
143904,143904,143908,4,0
143904,143905,143908,3,1
143904,143904,143908,4,0
143904,143904,143908,4,0
143904,143904,143908,4,0
143904,143904,143908,4,0
143904,143905,143908,3,1
143904,143905,143909,4,1
143904,143905,143908,3,1
143904,143904,143909,5,0
143904,143904,143908,4,0
143904,143904,143908,4,0
143904,143905,143908,3,1
143904,143905,143908,3,1
143904,143904,143908,4,0
143904,143905,143908,3,1
143904,143905,143908,3,1
143904,143904,143909,5,0
143904,143904,143909,5,0
143904,143904,143909,5,0
143904,143905,143909,4,1
143904,143904,143909,5,0
143904,143905,143910,5,1
143904,143904,143909,5,0
143904,143905,143909,4,1
143904,143904,143909,5,0
143904,143904,143909,5,0
143904,143904,143909,5,0
143904,143905,143909,4,1
143904,143905,143909,4,1
143904,143905,143909,4,1
143904,143904,143909,5,0
143904,143905,143909,4,1
143904,143905,143909,4,1
143904,143904,143909,5,0
143904,143905,143909,4,1
143904,143905,143909,4,1
143904,143905,143909,4,1
143904,143904,143909,5,0
143904,143908,143910,2,4
143904,143908,143910,2,4
143904,143908,143910,2,4
143904,143908,143910,2,4
143904,143908,143911,3,4
143904,143908,143911,3,4
143904,143908,143911,3,4
143904,143908,143911,3,4
143904,143909,143912,3,5
143904,143909,143911,2,5
143904,143909,143911,2,5
143904,143909,143911,2,5
143904,143909,143911,2,5
143904,143909,143911,2,5
143904,143909,143911,2,5
143904,143908,143912,4,4
143904,143909,143912,3,5
143904,143909,143912,3,5
143904,143908,143911,3,4
143904,143909,143912,3,5
143904,143909,143911,2,5
143904,143909,143912,3,5
143904,143909,143912,3,5
143904,143909,143912,3,5
143904,143909,143912,3,5
143904,143908,143912,4,4
143904,143910,143912,2,6
143904,143909,143912,3,5
143904,143909,143912,3,5
143904,143910,143912,2,6
143904,143910,143912,2,6
143904,143910,143913,3,6
143904,143909,143912,3,5
143904,143910,143912,2,6
143904,143910,143913,3,6
143904,143909,143912,3,5
143904,143910,143912,2,6
143904,143910,143912,2,6
143904,143909,143913,4,5
143904,143909,143912,3,5
143904,143910,143912,2,6
143904,143910,143912,2,6
143904,143910,143912,2,6
143904,143910,143912,2,6
143904,143910,143912,2,6
143904,143909,143912,3,5
143904,143909,143912,3,5
143904,143909,143912,3,5
143904,143909,143913,4,5
143904,143910,143912,2,6
143904,143910,143912,2,6
143904,143910,143913,3,6
143904,143909,143912,3,5
143904,143909,143912,3,5
143904,143909,143912,3,5
143904,143909,143912,3,5
143904,143909,143913,4,5
143922,143923,143925,2,1
143922,143923,143926,3,1
143922,143923,143925,2,1
143922,143923,143926,3,1
143922,143923,143925,2,1
143922,143923,143925,2,1
143922,143923,143925,2,1
143922,143923,143925,2,1
143922,143923,143925,2,1
143922,143923,143926,3,1
143922,143923,143926,3,1
143922,143923,143926,3,1
143922,143923,143926,3,1
143922,143923,143926,3,1
143922,143923,143927,4,1
143922,143923,143926,3,1
143922,143923,143926,3,1
143922,143923,143926,3,1
143922,143923,143926,3,1
143922,143923,143926,3,1
143922,143923,143927,4,1
143922,143923,143926,3,1
143922,143923,143927,4,1
143922,143923,143926,3,1
143922,143923,143926,3,1
143922,143923,143926,3,1
143922,143923,143926,3,1
143922,143923,143927,4,1
143922,143923,143926,3,1
143922,143923,143926,3,1
143922,143923,143927,4,1
143922,143923,143926,3,1
143922,143923,143926,3,1
143922,143923,143926,3,1
143922,143923,143926,3,1
143922,143923,143927,4,1
143922,143923,143926,3,1
143922,143923,143926,3,1
143922,143923,143927,4,1
143922,143923,143926,3,1
143922,143923,143927,4,1
143922,143923,143926,3,1
143922,143923,143926,3,1
143922,143923,143927,4,1
143922,143923,143927,4,1
143922,143923,143927,4,1
143922,143923,143927,4,1
143922,143923,143927,4,1
143922,143923,143927,4,1
143922,143923,143927,4,1
143922,143923,143927,4,1
143922,143926,143928,2,4
143922,143923,143927,4,1
143922,143923,143927,4,1
143922,143923,143927,4,1
143922,143923,143927,4,1
143922,143923,143927,4,1
143922,143923,143927,4,1
143922,143923,143927,4,1
143922,143923,143927,4,1
143922,143923,143927,4,1
143922,143926,143928,2,4
143922,143923,143927,4,1
143922,143923,143927,4,1
143922,143923,143927,4,1
143922,143926,143929,3,4
143922,143926,143928,2,4
143922,143926,143929,3,4
143922,143926,143929,3,4
143922,143926,143928,2,4
143922,143926,143929,3,4
143922,143927,143929,2,5
143922,143927,143929,2,5
143922,143927,143929,2,5
143922,143926,143930,4,4
143922,143926,143930,4,4
143922,143927,143929,2,5
143922,143927,143930,3,5
143922,143927,143930,3,5
143922,143927,143929,2,5
143922,143927,143930,3,5
143922,143926,143930,4,4
143922,143927,143929,2,5
143922,143927,143930,3,5
143922,143927,143929,2,5
143922,143927,143930,3,5
143922,143927,143930,3,5
143922,143928,143930,2,6
143922,143927,143930,3,5
143922,143927,143930,3,5
143922,143927,143930,3,5
143922,143927,143931,4,5
143922,143928,143930,2,6
143922,143927,143931,4,5
143922,143927,143930,3,5
143922,143927,143930,3,5
143922,143928,143931,3,6
143922,143927,143930,3,5
143922,143927,143931,4,5
143922,143927,143930,3,5
143922,143928,143930,2,6
143922,143927,143930,3,5
143922,143927,143930,3,5
143922,143927,143930,3,5
143922,143927,143931,4,5
143922,143927,143931,4,5
143922,143928,143931,3,6
143922,143928,143931,3,6
143922,143927,143930,3,5
143922,143927,143930,3,5
143922,143928,143931,3,6
143922,143928,143931,3,6
143922,143928,143930,2,6
143922,143928,143930,2,6
143922,143928,143930,2,6
143922,143928,143930,2,6
143922,143928,143931,3,6
143922,143927,143931,4,5
143922,143927,143931,4,5
143922,143928,143931,3,6
143074,143080,143955,875,6
143125,143132,143965,833,7
143975,143976,143979,3,1
143975,143976,143979,3,1
143975,143976,143978,2,1
143975,143976,143979,3,1
143975,143976,143979,3,1
143975,143976,143979,3,1
143975,143976,143979,3,1
143975,143976,143979,3,1
143975,143976,143979,3,1
143975,143976,143980,4,1
143975,143976,143980,4,1
143975,143976,143980,4,1
143975,143976,143980,4,1
143975,143976,143980,4,1
143975,143976,143979,3,1
143975,143976,143980,4,1
143975,143976,143980,4,1
143975,143976,143979,3,1
143975,143976,143980,4,1
143975,143976,143980,4,1
143975,143976,143980,4,1
143975,143976,143980,4,1
143975,143976,143980,4,1
143975,143976,143980,4,1
143975,143976,143980,4,1
143975,143976,143980,4,1
143975,143976,143980,4,1
143975,143976,143979,3,1
143975,143976,143979,3,1
143975,143976,143980,4,1
143975,143976,143979,3,1
143975,143976,143980,4,1
143975,143976,143980,4,1
143975,143976,143980,4,1
143975,143976,143979,3,1
143975,143976,143979,3,1
143975,143976,143979,3,1
143975,143976,143979,3,1
143975,143976,143980,4,1
143975,143976,143980,4,1
143975,143976,143979,3,1
143975,143976,143980,4,1
143975,143976,143979,3,1
143975,143976,143980,4,1
143975,143976,143980,4,1
143975,143976,143979,3,1
143975,143976,143980,4,1
143975,143976,143980,4,1
143975,143976,143979,3,1
143975,143976,143979,3,1
143975,143976,143980,4,1
143975,143976,143980,4,1
143975,143976,143980,4,1
143975,143976,143980,4,1
143975,143976,143981,5,1
143975,143976,143980,4,1
143975,143976,143980,4,1
143975,143979,143981,2,4
143975,143976,143980,4,1
143975,143976,143980,4,1
143975,143976,143981,5,1
143975,143976,143980,4,1
143975,143979,143981,2,4
143975,143976,143980,4,1
143975,143976,143981,5,1
143975,143976,143981,5,1
143975,143976,143980,4,1
143975,143979,143982,3,4
143975,143979,143982,3,4
143975,143979,143982,3,4
143975,143979,143982,3,4
143975,143980,143983,3,5
143975,143980,143983,3,5
143975,143980,143982,2,5
143975,143980,143983,3,5
143975,143979,143983,4,4
143975,143980,143983,3,5
143975,143980,143983,3,5
143975,143980,143983,3,5
143975,143980,143983,3,5
143975,143980,143983,3,5
143975,143980,143983,3,5
143975,143980,143983,3,5
143975,143980,143983,3,5
143975,143980,143983,3,5
143975,143980,143983,3,5
143975,143980,143983,3,5
143975,143979,143983,4,4
143975,143980,143983,3,5
143975,143980,143984,4,5
143975,143981,143984,3,6
143975,143981,143984,3,6
143975,143980,143984,4,5
143975,143980,143984,4,5
143975,143980,143984,4,5
143975,143980,143984,4,5
143975,143980,143983,3,5
143975,143980,143983,3,5
143975,143980,143984,4,5
143975,143980,143984,4,5
143975,143980,143984,4,5
143975,143980,143984,4,5
143975,143980,143984,4,5
143976,143981,143984,3,5
143975,143980,143984,4,5
143975,143980,143984,4,5
143975,143980,143984,4,5
143975,143980,143984,4,5
143976,143981,143984,3,5
143975,143980,143984,4,5
143975,143980,143984,4,5
143975,143980,143984,4,5
143976,143981,143984,3,5
143975,143980,143984,4,5
143975,143980,143984,4,5
143975,143980,143984,4,5
143975,143980,143984,4,5
143975,143980,143984,4,5
143975,143980,143984,4,5
143975,143980,143984,4,5
143976,143981,143984,3,5
143975,143980,143984,4,5
143975,143980,143984,4,5
143976,143981,143984,3,5
143976,143981,143985,4,5
143976,143981,143985,4,5
143976,143981,143985,4,5
143976,143981,143985,4,5
143976,143981,143985,4,5
143976,143981,143985,4,5
143975,143980,143985,5,5
143976,143981,143985,4,5
143976,143983,143986,3,7
143976,143982,143986,4,6
143976,143985,143986,1,9
143976,143985,143986,1,9
143976,143985,143986,1,9
143976,143985,143986,1,9
143976,143985,143986,1,9
143976,143985,143986,1,9
143976,143985,143987,2,9
143976,143982,143986,4,6
143976,143984,143986,2,8
143976,143983,143986,3,7
143976,143983,143986,3,7
143976,143984,143986,2,8
143976,143984,143986,2,8
143976,143984,143987,3,8
143976,143984,143986,2,8
143976,143984,143986,2,8
143976,143984,143986,2,8
143976,143983,143987,4,7
143976,143983,143987,4,7
143976,143985,143987,2,9
143976,143985,143987,2,9
143976,143983,143988,5,7
143976,143985,143988,3,9
143976,143985,143987,2,9
143976,143984,143988,4,8
143976,143984,143987,3,8
143976,143985,143988,3,9
143976,143985,143987,2,9
143976,143985,143988,3,9
143976,143985,143987,2,9
143976,143985,143987,2,9
143976,143985,143987,2,9
143976,143984,143987,3,8
143976,143984,143987,3,8
143976,143984,143987,3,8
143976,143983,143988,5,7
143976,143984,143988,4,8
143976,143984,143988,4,8
143976,143985,143989,4,9
143976,143986,143988,2,10
143976,143985,143988,3,9
143976,143985,143988,3,9
143976,143984,143988,4,8
143976,143985,143988,3,9
143976,143985,143988,3,9
143976,143985,143989,4,9
143976,143985,143988,3,9
143976,143984,143988,4,8
143976,143985,143988,3,9
143976,143985,143988,3,9
143976,143985,143988,3,9
143976,143985,143989,4,9
143976,143986,143988,2,10
143976,143984,143989,5,8
143976,143984,143989,5,8
143976,143985,143989,4,9
143976,143986,143989,3,10
143976,143986,143989,3,10
143976,143986,143989,3,10
143976,143987,143989,2,11
143976,143987,143990,3,11
143976,143987,143989,2,11
143976,143987,143990,3,11
143976,143987,143989,2,11
143976,143986,143989,3,10
143976,143987,143990,3,11
143976,143986,143989,3,10
143976,143986,143989,3,10
143976,143987,143990,3,11
143976,143986,143989,3,10
143976,143987,143990,3,11
143976,143987,143990,3,11
143976,143986,143989,3,10
143976,143987,143990,3,11
143976,143988,143990,2,12
143976,143988,143990,2,12
143976,143987,143990,3,11
143976,143987,143990,3,11
143976,143988,143991,3,12
143976,143987,143990,3,11
143976,143987,143990,3,11
143976,143988,143990,2,12
143976,143987,143990,3,11
143976,143988,143991,3,12
143976,143988,143990,2,12
143976,143988,143990,2,12
143976,143988,143990,2,12
143976,143988,143990,2,12
143976,143988,143991,3,12
143976,143987,143990,3,11
143976,143988,143991,3,12
143976,143987,143990,3,11
143976,143988,143990,2,12
143976,143988,143990,2,12
143976,143988,143990,2,12
143976,143988,143991,3,12
143976,143988,143991,3,12
143976,143987,143991,4,11
143976,143989,143991,2,13
143976,143989,143991,2,13
143976,143989,143991,2,13
143976,143988,143991,3,12
143976,143988,143991,3,12
143976,143989,143991,2,13
143976,143989,143991,2,13
143976,143989,143991,2,13
143985,143989,143992,3,4
143985,143990,143992,2,5
143985,143989,143992,3,4
143985,143989,143992,3,4
143985,143989,143992,3,4
143985,143989,143992,3,4
143985,143990,143993,3,5
143985,143990,143993,3,5
143985,143990,143992,2,5
143985,143990,143993,3,5
143985,143989,143992,3,4
143985,143990,143992,2,5
143985,143990,143993,3,5
143985,143990,143993,3,5
143985,143989,143992,3,4
143985,143989,143992,3,4
143985,143990,143993,3,5
143985,143990,143992,2,5
143985,143991,143993,2,6
143985,143991,143993,2,6
143985,143991,143992,1,6
143985,143991,143992,1,6
143985,143991,143993,2,6
143985,143989,143993,4,4
143985,143989,143993,4,4
143985,143989,143993,4,4
143985,143989,143992,3,4
143985,143990,143993,3,5
143985,143990,143993,3,5
143985,143990,143993,3,5
143985,143991,143993,2,6
143985,143990,143993,3,5
143985,143990,143993,3,5
143985,143990,143993,3,5
143985,143991,143993,2,6
143985,143991,143993,2,6
143985,143991,143993,2,6
143985,143991,143994,3,6
143985,143992,143994,2,7
143985,143992,143994,2,7
143985,143990,143993,3,5
143985,143990,143993,3,5
143985,143991,143994,3,6
143985,143991,143994,3,6
143985,143990,143994,4,5
143985,143991,143994,3,6
143985,143990,143993,3,5
143985,143991,143994,3,6
143985,143991,143994,3,6
143985,143991,143994,3,6
143985,143991,143993,2,6
143985,143992,143994,2,7
143985,143992,143994,2,7
143985,143991,143994,3,6
143985,143991,143994,3,6
143985,143991,143994,3,6
143985,143992,143994,2,7
143985,143991,143995,4,6
143985,143992,143995,3,7
143985,143990,143994,4,5
143985,143991,143994,3,6
143985,143992,143995,3,7
143985,143992,143995,3,7
143985,143991,143994,3,6
143985,143992,143995,3,7
143985,143992,143995,3,7
143985,143992,143995,3,7
143985,143992,143995,3,7
143985,143992,143996,4,7
143985,143993,143996,3,8
143985,143994,143996,2,9
143985,143993,143996,3,8
143985,143993,143996,3,8
143985,143994,143996,2,9
143985,143992,143996,4,7
143985,143993,143996,3,8
143985,143993,143996,3,8
143985,143993,143996,3,8
143985,143994,143996,2,9
143985,143994,143996,2,9
143985,143993,143996,3,8
143985,143992,143996,4,7
143985,143993,143996,3,8
143985,143993,143996,3,8
143985,143994,143997,3,9
143985,143994,143996,2,9
143985,143994,143996,2,9
143985,143993,143997,4,8
143985,143994,143997,3,9
143985,143994,143997,3,9
143985,143994,143996,2,9
143985,143993,143996,3,8
143985,143994,143997,3,9
143985,143994,143997,3,9
143985,143993,143997,4,8
143985,143994,143997,3,9
143985,143993,143997,4,8
143985,143993,143996,3,8
143985,143993,143996,3,8
143985,143993,143997,4,8
143985,143994,143996,2,9
143985,143993,143997,4,8
143985,143993,143997,4,8
143985,143993,143997,4,8
143985,143994,143997,3,9
143985,143994,143997,3,9
143985,143993,143997,4,8
143985,143994,143997,3,9
143985,143994,143997,3,9
143985,143993,143996,3,8
143985,143994,143997,3,9
143985,143994,143997,3,9
143985,143995,143998,3,10
143985,143994,143997,3,9
143985,143995,143997,2,10
143985,143994,143997,3,9
143985,143995,143998,3,10
143985,143995,143998,3,10
143985,143993,143997,4,8
143985,143994,143997,3,9
143242,143249,144043,794,7
144052,144053,144055,2,1
144052,144053,144056,3,1
144052,144053,144055,2,1
144052,144053,144055,2,1
144052,144053,144055,2,1
144052,144053,144056,3,1
144052,144053,144056,3,1
144052,144053,144056,3,1
144052,144053,144056,3,1
144052,144053,144055,2,1
144052,144053,144056,3,1
144052,144053,144055,2,1
144052,144053,144055,2,1
144052,144053,144056,3,1
144052,144053,144057,4,1
144052,144053,144056,3,1
144052,144053,144057,4,1
144052,144053,144057,4,1
144052,144053,144057,4,1
144052,144053,144056,3,1
144052,144053,144057,4,1
144052,144053,144057,4,1
144052,144053,144056,3,1
144052,144053,144057,4,1
144052,144053,144057,4,1
144052,144053,144057,4,1
144052,144053,144057,4,1
144052,144053,144057,4,1
144052,144053,144057,4,1
144052,144053,144057,4,1
144052,144053,144057,4,1
144052,144053,144056,3,1
144052,144053,144057,4,1
144052,144053,144057,4,1
144052,144053,144057,4,1
144052,144053,144056,3,1
144052,144053,144057,4,1
144052,144053,144057,4,1
144052,144053,144057,4,1
144052,144053,144057,4,1
144052,144053,144057,4,1
144052,144053,144057,4,1
144052,144053,144058,5,1
144052,144053,144058,5,1
144052,144053,144058,5,1
144052,144053,144057,4,1
144052,144053,144057,4,1
144052,144053,144057,4,1
144052,144053,144057,4,1
144052,144053,144058,5,1
144052,144053,144058,5,1
144052,144053,144057,4,1
144052,144053,144057,4,1
144052,144053,144058,5,1
144052,144053,144058,5,1
144052,144053,144057,4,1
144052,144053,144057,4,1
144052,144053,144057,4,1
144052,144053,144058,5,1
144052,144053,144058,5,1
144052,144053,144058,5,1
144052,144053,144058,5,1
144052,144053,144057,4,1
144052,144053,144057,4,1
144052,144053,144058,5,1
144052,144055,144059,4,3
144052,144056,144059,3,4
144052,144056,144059,3,4
144052,144053,144058,5,1
144052,144056,144059,3,4
144052,144056,144059,3,4
144052,144056,144059,3,4
144052,144056,144059,3,4
144052,144056,144060,4,4
144052,144057,144060,3,5
144052,144057,144060,3,5
144052,144058,144060,2,6
144052,144056,144060,4,4
144052,144057,144060,3,5
144052,144057,144060,3,5
144052,144057,144060,3,5
144052,144057,144060,3,5
144052,144056,144059,3,4
144052,144057,144060,3,5
144052,144057,144060,3,5
144052,144056,144060,4,4
144052,144057,144060,3,5
144052,144058,144060,2,6
144052,144056,144060,4,4
144052,144056,144059,3,4
144052,144057,144060,3,5
144052,144057,144061,4,5
144052,144057,144061,4,5
144052,144058,144061,3,6
144052,144058,144061,3,6
144052,144058,144061,3,6
144052,144057,144061,4,5
144052,144058,144061,3,6
144052,144057,144061,4,5
144052,144057,144061,4,5
144052,144058,144061,3,6
144052,144058,144061,3,6
144052,144058,144061,3,6
144052,144057,144060,3,5
144052,144057,144061,4,5
144052,144057,144060,3,5
144052,144057,144061,4,5
144052,144058,144060,2,6
144052,144057,144061,4,5
144052,144057,144061,4,5
144052,144057,144060,3,5
144052,144057,144061,4,5
144052,144057,144061,4,5
144052,144057,144061,4,5
144052,144057,144061,4,5
144052,144057,144060,3,5
144052,144058,144061,3,6
144052,144058,144062,4,6
144052,144058,144061,3,6
144052,144058,144062,4,6
143172,143179,144091,912,7
144096,144097,144100,3,1
144096,144097,144099,2,1
144096,144097,144100,3,1
144096,144097,144099,2,1
144096,144097,144099,2,1
144096,144097,144100,3,1
144096,144097,144100,3,1
144096,144097,144099,2,1
144096,144097,144099,2,1
144096,144097,144099,2,1
144096,144097,144101,4,1
144096,144097,144101,4,1
144096,144097,144101,4,1
144096,144097,144101,4,1
144096,144097,144101,4,1
144096,144097,144100,3,1
144096,144097,144100,3,1
144096,144097,144100,3,1
144096,144097,144100,3,1
144096,144097,144100,3,1
144096,144097,144100,3,1
144096,144097,144100,3,1
144096,144097,144101,4,1
144096,144097,144100,3,1
144096,144097,144100,3,1
144096,144097,144101,4,1
144096,144097,144101,4,1
144096,144097,144100,3,1
144096,144097,144100,3,1
144096,144097,144100,3,1
144096,144097,144100,3,1
144096,144097,144100,3,1
144096,144097,144100,3,1
144096,144097,144100,3,1
144096,144097,144100,3,1
144096,144097,144100,3,1
144096,144097,144101,4,1
144096,144097,144100,3,1
144096,144097,144101,4,1
144096,144097,144101,4,1
144096,144097,144100,3,1
144096,144097,144101,4,1
144096,144097,144100,3,1
144096,144097,144101,4,1
144096,144097,144101,4,1
144096,144097,144100,3,1
144096,144097,144100,3,1
144096,144097,144101,4,1
144096,144097,144101,4,1
144096,144097,144102,5,1
144096,144097,144101,4,1
144096,144097,144102,5,1
144096,144097,144101,4,1
144096,144097,144101,4,1
144096,144097,144102,5,1
144096,144097,144102,5,1
144096,144097,144101,4,1
144096,144097,144101,4,1
144096,144097,144101,4,1
144096,144097,144102,5,1
144096,144097,144101,4,1
144096,144097,144101,4,1
144096,144097,144101,4,1
144096,144097,144101,4,1
144096,144097,144102,5,1
144096,144097,144102,5,1
144096,144097,144102,5,1
144096,144100,144103,3,4
144096,144100,144103,3,4
144096,144100,144103,3,4
144096,144100,144103,3,4
144096,144101,144103,2,5
144096,144101,144104,3,5
144096,144101,144104,3,5
144096,144102,144104,2,6
144096,144100,144103,3,4
144096,144100,144104,4,4
144096,144101,144103,2,5
144096,144101,144104,3,5
144096,144100,144103,3,4
144096,144101,144104,3,5
144096,144102,144104,2,6
144096,144100,144103,3,4
144096,144100,144104,4,4
144096,144101,144104,3,5
144096,144101,144104,3,5
144096,144100,144104,4,4
144096,144101,144104,3,5
144096,144101,144104,3,5
144096,144101,144104,3,5
144096,144101,144104,3,5
144096,144101,144104,3,5
144096,144102,144104,2,6
144096,144102,144104,2,6
144096,144101,144104,3,5
144096,144101,144105,4,5
144096,144101,144104,3,5
144096,144101,144104,3,5
144096,144101,144105,4,5
144096,144101,144105,4,5
144096,144101,144105,4,5
144096,144101,144105,4,5
144096,144101,144105,4,5
144096,144101,144104,3,5
144096,144101,144105,4,5
144096,144101,144105,4,5
144096,144101,144105,4,5
144096,144101,144104,3,5
144096,144101,144105,4,5
144096,144101,144104,3,5
144096,144101,144104,3,5
144096,144101,144104,3,5
144096,144101,144104,3,5
144096,144101,144104,3,5
144096,144101,144105,4,5
144096,144101,144105,4,5
144096,144101,144104,3,5
144096,144101,144105,4,5
144096,144102,144105,3,6
144096,144101,144106,5,5
143356,143373,144189,816,17
144190,144191,144194,3,1
144190,144191,144194,3,1
144190,144191,144195,4,1
144190,144191,144195,4,1
144190,144191,144195,4,1
144190,144191,144195,4,1
144190,144191,144195,4,1
144190,144191,144195,4,1
144190,144191,144195,4,1
144190,144191,144195,4,1
144190,144191,144195,4,1
144190,144191,144195,4,1
144190,144191,144195,4,1
144190,144191,144195,4,1
144190,144191,144195,4,1
144190,144191,144195,4,1
144190,144191,144195,4,1
144190,144191,144195,4,1
144190,144191,144195,4,1
144190,144191,144195,4,1
144190,144191,144195,4,1
144190,144191,144194,3,1
143289,143297,144194,897,8
144190,144191,144195,4,1
144190,144191,144195,4,1
144190,144191,144195,4,1
144190,144191,144195,4,1
144190,144191,144194,3,1
144190,144191,144194,3,1
144190,144191,144195,4,1
144190,144191,144196,5,1
144190,144191,144196,5,1
144190,144191,144195,4,1
144190,144191,144195,4,1
144190,144191,144196,5,1
144190,144191,144195,4,1
144190,144191,144196,5,1
144190,144191,144196,5,1
144190,144191,144196,5,1
144190,144191,144196,5,1
144190,144191,144195,4,1
144190,144191,144196,5,1
144190,144191,144195,4,1
144190,144191,144195,4,1
144190,144191,144196,5,1
144190,144191,144196,5,1
144190,144191,144195,4,1
144190,144191,144195,4,1
144190,144191,144196,5,1
144190,144191,144196,5,1
144190,144191,144196,5,1
144190,144191,144195,4,1
144190,144191,144196,5,1
144190,144191,144195,4,1
144190,144191,144196,5,1
144190,144191,144196,5,1
144190,144191,144195,4,1
144190,144191,144196,5,1
144190,144191,144195,4,1
144190,144191,144195,4,1
144190,144191,144196,5,1
144190,144191,144196,5,1
144190,144191,144196,5,1
144190,144191,144196,5,1
144190,144191,144196,5,1
144190,144191,144196,5,1
144190,144191,144196,5,1
144190,144191,144196,5,1
144190,144194,144198,4,4
144190,144195,144198,3,5
144190,144191,144197,6,1
144190,144194,144198,4,4
144190,144195,144198,3,5
144190,144195,144198,3,5
144190,144195,144198,3,5
144190,144195,144198,3,5
144190,144195,144198,3,5
144190,144195,144198,3,5
144190,144195,144199,4,5
144190,144195,144198,3,5
144190,144195,144199,4,5
144190,144195,144198,3,5
144190,144195,144198,3,5
144190,144195,144198,3,5
144190,144195,144198,3,5
144190,144196,144198,2,6
144190,144195,144198,3,5
144190,144195,144198,3,5
144190,144195,144198,3,5
144190,144195,144199,4,5
144190,144195,144199,4,5
144190,144195,144199,4,5
144190,144195,144199,4,5
144190,144196,144199,3,6
144190,144196,144199,3,6
144190,144195,144199,4,5
144190,144196,144199,3,6
144190,144195,144199,4,5
144190,144195,144199,4,5
144190,144196,144199,3,6
144190,144196,144200,4,6
144190,144195,144199,4,5
144190,144196,144199,3,6
144190,144195,144200,5,5
144190,144195,144199,4,5
144197,144197,144200,3,0
144190,144195,144199,4,5
144190,144196,144199,3,6
144190,144196,144199,3,6
144190,144196,144199,3,6
144197,144197,144199,2,0
144190,144196,144200,4,6
144190,144196,144199,3,6
144190,144196,144199,3,6
144190,144196,144200,4,6
144190,144196,144199,3,6
144190,144196,144200,4,6
144197,144198,144200,2,1
144190,144196,144200,4,6
144190,144196,144200,4,6
144190,144196,144200,4,6
144190,144196,144200,4,6
144197,144197,144200,3,0
144197,144197,144200,3,0
144197,144197,144201,4,0
144190,144196,144200,4,6
144197,144197,144201,4,0
144197,144197,144200,3,0
144197,144197,144200,3,0
144197,144197,144200,3,0
144197,144197,144201,4,0
144197,144197,144200,3,0
144197,144197,144200,3,0
144190,144196,144201,5,6
144197,144198,144201,3,1
144197,144197,144201,4,0
144197,144199,144201,2,2
144197,144200,144201,1,3
144197,144198,144201,3,1
144197,144199,144201,2,2
144197,144200,144201,1,3
144197,144200,144201,1,3
144197,144200,144201,1,3
144197,144198,144201,3,1
144197,144199,144202,3,2
144197,144200,144201,1,3
144197,144200,144201,1,3
144197,144199,144202,3,2
144197,144199,144202,3,2
144197,144198,144202,4,1
144197,144199,144201,2,2
144197,144198,144201,3,1
144197,144199,144202,3,2
144197,144199,144202,3,2
144197,144199,144203,4,2
144197,144200,144202,2,3
144197,144200,144202,2,3
144197,144199,144203,4,2
144197,144200,144203,3,3
144197,144200,144203,3,3
144197,144200,144203,3,3
144197,144199,144203,4,2
144197,144199,144202,3,2
144197,144201,144203,2,4
144197,144199,144203,4,2
144197,144200,144203,3,3
144197,144199,144202,3,2
144197,144200,144203,3,3
144197,144200,144203,3,3
144197,144198,144203,5,1
144197,144199,144203,4,2
144197,144200,144203,3,3
144197,144201,144204,3,4
144197,144200,144204,4,3
144197,144201,144204,3,4
144197,144200,144203,3,3
144197,144200,144203,3,3
144197,144201,144204,3,4
144197,144199,144204,5,2
144197,144201,144204,3,4
144197,144201,144203,2,4
144197,144199,144204,5,2
144197,144200,144203,3,3
144197,144200,144203,3,3
144197,144200,144203,3,3
144197,144200,144203,3,3
144197,144200,144204,4,3
144197,144201,144204,3,4
144197,144199,144203,4,2
144197,144200,144203,3,3
144197,144199,144203,4,2
144197,144201,144205,4,4
144197,144201,144204,3,4
144197,144202,144204,2,5
144197,144202,144205,3,5
144197,144202,144205,3,5
144197,144201,144204,3,4
144197,144202,144205,3,5
144197,144202,144204,2,5
144197,144201,144205,4,4
144197,144201,144204,3,4
144197,144201,144205,4,4
144197,144201,144204,3,4
144197,144202,144205,3,5
144197,144202,144205,3,5
144197,144200,144204,4,3
144197,144201,144205,4,4
144197,144201,144204,3,4
144197,144202,144205,3,5
144197,144202,144205,3,5
144197,144201,144204,3,4
144197,144201,144204,3,4
144197,144201,144205,4,4
144197,144202,144205,3,5
144197,144202,144206,4,5
144197,144203,144206,3,6
144197,144203,144206,3,6
144197,144202,144205,3,5
144197,144202,144206,4,5
144197,144202,144206,4,5
144197,144204,144206,2,7
144197,144202,144206,4,5
144197,144202,144205,3,5
144197,144203,144206,3,6
144197,144203,144206,3,6
144197,144203,144206,3,6
144197,144203,144206,3,6
144197,144203,144206,3,6
144197,144203,144206,3,6
144197,144203,144206,3,6
144197,144203,144206,3,6
144197,144202,144205,3,5
144197,144203,144205,2,6
144197,144203,144206,3,6
144197,144202,144205,3,5
144197,144203,144206,3,6
144197,144203,144206,3,6
144197,144203,144206,3,6
144197,144202,144206,4,5
144197,144203,144206,3,6
144197,144203,144206,3,6
143345,143362,144225,863,17
143349,143362,144229,867,13
144230,144231,144232,1,1
143431,143438,144233,795,7
144230,144231,144233,2,1
144230,144231,144233,2,1
144230,144231,144234,3,1
144230,144231,144233,2,1
144230,144231,144233,2,1
144230,144231,144234,3,1
144230,144231,144234,3,1
144230,144231,144234,3,1
144230,144231,144234,3,1
144230,144231,144234,3,1
144230,144231,144235,4,1
144230,144231,144234,3,1
144230,144231,144234,3,1
144230,144231,144235,4,1
144230,144231,144234,3,1
144230,144231,144234,3,1
144230,144231,144234,3,1
144230,144231,144235,4,1
144230,144231,144235,4,1
144230,144231,144234,3,1
144230,144231,144235,4,1
144230,144231,144235,4,1
144230,144231,144234,3,1
144230,144231,144234,3,1
144230,144231,144234,3,1
144230,144231,144234,3,1
144230,144231,144234,3,1
144230,144231,144234,3,1
144230,144231,144234,3,1
144230,144231,144235,4,1
144230,144231,144234,3,1
144230,144231,144234,3,1
144230,144231,144234,3,1
144230,144231,144234,3,1
144230,144231,144235,4,1
144230,144231,144234,3,1
144230,144231,144235,4,1
144230,144231,144235,4,1
144230,144231,144235,4,1
144230,144231,144235,4,1
144230,144231,144236,5,1
144230,144231,144235,4,1
144230,144231,144235,4,1
144230,144231,144235,4,1
144230,144231,144235,4,1
144230,144231,144235,4,1
144230,144231,144235,4,1
144230,144231,144235,4,1
144230,144231,144235,4,1
144230,144231,144235,4,1
144230,144231,144235,4,1
144230,144231,144235,4,1
144230,144231,144235,4,1
144230,144231,144235,4,1
144230,144231,144235,4,1
144230,144231,144235,4,1
144230,144231,144236,5,1
144230,144231,144236,5,1
144230,144231,144235,4,1
144230,144231,144235,4,1
144230,144231,144235,4,1
144230,144231,144235,4,1
144230,144231,144236,5,1
144230,144231,144236,5,1
144230,144233,144235,2,3
144230,144231,144235,4,1
144230,144231,144235,4,1
144230,144231,144235,4,1
144230,144231,144235,4,1
144230,144233,144236,3,3
144230,144231,144236,5,1
144230,144234,144236,2,4
144230,144231,144236,5,1
144230,144234,144236,2,4
144230,144234,144236,2,4
144230,144235,144237,2,5
144230,144235,144237,2,5
144230,144234,144236,2,4
144230,144235,144238,3,5
144230,144235,144238,3,5
144230,144235,144237,2,5
144230,144236,144238,2,6
144230,144235,144237,2,5
144230,144235,144237,2,5
144230,144235,144238,3,5
144230,144235,144237,2,5
144230,144236,144238,2,6
144230,144234,144237,3,4
144230,144235,144238,3,5
144230,144235,144238,3,5
144230,144235,144237,2,5
144230,144235,144238,3,5
144230,144235,144239,4,5
144230,144235,144238,3,5
144230,144235,144239,4,5
144230,144235,144238,3,5
144230,144235,144238,3,5
144230,144235,144238,3,5
144230,144235,144238,3,5
144230,144235,144239,4,5
144230,144235,144238,3,5
144230,144235,144239,4,5
144230,144236,144239,3,6
144230,144235,144238,3,5
144230,144235,144238,3,5
144230,144235,144239,4,5
144230,144235,144238,3,5
144230,144236,144238,2,6
144230,144235,144238,3,5
144230,144235,144238,3,5
144230,144235,144238,3,5
144230,144235,144238,3,5
144230,144236,144238,2,6
144230,144236,144238,2,6
144230,144236,144239,3,6
144230,144236,144239,3,6
144230,144236,144238,2,6
144230,144235,144239,4,5
144230,144235,144239,4,5
144253,144253,144255,2,0
144253,144253,144256,3,0
144253,144253,144256,3,0
144253,144253,144256,3,0
144253,144253,144256,3,0
144253,144253,144256,3,0
144253,144253,144256,3,0
144253,144253,144256,3,0
144253,144253,144257,4,0
144253,144253,144257,4,0
144253,144253,144257,4,0
144253,144253,144257,4,0
144253,144253,144257,4,0
144253,144253,144257,4,0
144253,144253,144257,4,0
144253,144253,144257,4,0
144253,144253,144257,4,0
143415,143422,144257,835,7
144253,144253,144257,4,0
144253,144253,144257,4,0
144253,144253,144256,3,0
144253,144253,144256,3,0
144253,144253,144257,4,0
144253,144253,144257,4,0
144253,144253,144257,4,0
144253,144253,144257,4,0
144253,144253,144256,3,0
144253,144253,144256,3,0
144253,144253,144257,4,0
144253,144253,144257,4,0
144253,144253,144257,4,0
144253,144253,144257,4,0
144253,144253,144257,4,0
144253,144253,144257,4,0
144253,144253,144257,4,0
144253,144253,144257,4,0
144253,144253,144257,4,0
144253,144253,144257,4,0
144253,144253,144257,4,0
144253,144253,144257,4,0
144253,144253,144257,4,0
144253,144253,144257,4,0
144253,144253,144257,4,0
144253,144253,144258,5,0
144253,144253,144258,5,0
144253,144253,144258,5,0
144253,144253,144258,5,0
144253,144253,144258,5,0
144253,144253,144258,5,0
144253,144253,144258,5,0
144253,144253,144257,4,0
144253,144253,144258,5,0
144253,144253,144257,4,0
144253,144256,144258,2,3
144253,144253,144257,4,0
144253,144253,144257,4,0
144253,144253,144258,5,0
144253,144253,144258,5,0
144253,144253,144258,5,0
144253,144253,144258,5,0
144253,144253,144258,5,0
144253,144253,144257,4,0
144253,144253,144258,5,0
144253,144253,144258,5,0
144253,144253,144258,5,0
144253,144253,144258,5,0
144253,144253,144258,5,0
144253,144253,144258,5,0
144253,144256,144258,2,3
144253,144253,144258,5,0
144253,144253,144258,5,0
144253,144253,144258,5,0
144253,144253,144258,5,0
144253,144257,144259,2,4
144253,144253,144259,6,0
144253,144256,144259,3,3
144253,144258,144259,1,5
144253,144253,144259,6,0
144253,144256,144259,3,3
144253,144256,144259,3,3
144253,144256,144259,3,3
144253,144258,144259,1,5
144253,144258,144260,2,5
144253,144256,144260,4,3
144253,144258,144260,2,5
144253,144257,144260,3,4
144253,144257,144260,3,4
144253,144257,144260,3,4
144253,144258,144260,2,5
144253,144257,144261,4,4
144253,144257,144260,3,4
144253,144257,144260,3,4
144253,144257,144261,4,4
144253,144258,144260,2,5
144253,144258,144260,2,5
144253,144258,144260,2,5
144253,144257,144260,3,4
144253,144257,144260,3,4
144253,144257,144260,3,4
144253,144257,144261,4,4
144253,144258,144260,2,5
144253,144258,144260,2,5
144253,144258,144261,3,5
144253,144258,144261,3,5
144253,144258,144260,2,5
144253,144258,144261,3,5
144253,144258,144260,2,5
144253,144258,144260,2,5
144253,144258,144260,2,5
144253,144258,144260,2,5
144253,144257,144261,4,4
144253,144258,144261,3,5
144253,144258,144261,3,5
144253,144258,144261,3,5
144253,144259,144261,2,6
144253,144258,144261,3,5
144253,144258,144261,3,5
144253,144257,144261,4,4
144253,144257,144261,4,4
144253,144257,144261,4,4
144253,144257,144261,4,4
144253,144258,144261,3,5
144253,144259,144261,2,6
144253,144258,144261,3,5
144253,144259,144261,2,6
144253,144259,144261,2,6
144253,144261,144262,1,8
144253,144261,144262,1,8
144253,144261,144262,1,8
144253,144259,144262,3,6
144253,144260,144262,2,7
144253,144259,144262,3,6
144253,144259,144262,3,6
144253,144259,144262,3,6
144253,144259,144262,3,6
144253,144259,144262,3,6
144253,144259,144263,4,6
144253,144259,144262,3,6
144253,144259,144262,3,6
144253,144259,144263,4,6
144253,144259,144262,3,6
144253,144259,144263,4,6
144253,144259,144263,4,6
144253,144259,144263,4,6
144253,144259,144262,3,6
144253,144259,144263,4,6
144253,144260,144263,3,7
144253,144261,144263,2,8
144253,144261,144264,3,8
144253,144260,144263,3,7
144253,144261,144264,3,8
144253,144259,144263,4,6
144253,144259,144263,4,6
144253,144260,144263,3,7
144253,144259,144263,4,6
144253,144262,144264,2,9
144253,144260,144263,3,7
144253,144260,144263,3,7
144253,144261,144264,3,8
144253,144260,144264,4,7
144253,144260,144264,4,7
144253,144261,144264,3,8
144253,144261,144264,3,8
144253,144259,144263,4,6
144253,144261,144263,2,8
144253,144262,144264,2,9
144253,144261,144264,3,8
144253,144262,144264,2,9
144253,144260,144264,4,7
144253,144261,144264,3,8
144253,144261,144264,3,8
144253,144262,144265,3,9
144253,144261,144264,3,8
144253,144262,144264,2,9
144253,144261,144264,3,8
144253,144262,144265,3,9
144253,144261,144264,3,8
144253,144261,144264,3,8
144253,144261,144264,3,8
144253,144261,144265,4,8
144253,144260,144265,5,7
144253,144261,144264,3,8
144253,144261,144265,4,8
144253,144261,144264,3,8
144253,144262,144264,2,9
144253,144260,144264,4,7
144253,144261,144264,3,8
144253,144261,144264,3,8
144253,144262,144265,3,9
144253,144260,144264,4,7
144253,144262,144264,2,9
144253,144262,144265,3,9
144253,144262,144265,3,9
144253,144262,144265,3,9
144253,144263,144266,3,10
144253,144261,144265,4,8
144253,144263,144265,2,10
144253,144262,144266,4,9
144253,144263,144266,3,10
144253,144263,144266,3,10
144253,144263,144266,3,10
144253,144263,144265,2,10
144253,144262,144266,4,9
144253,144263,144265,2,10
144253,144263,144265,2,10
144253,144263,144266,3,10
144253,144263,144265,2,10
144253,144263,144266,3,10
144253,144263,144266,3,10
144253,144262,144265,3,9
144253,144264,144267,3,11
144253,144262,144266,4,9
144253,144263,144266,3,10
144253,144263,144266,3,10
144253,144264,144267,3,11
144253,144264,144266,2,11
144253,144264,144267,3,11
144253,144263,144267,4,10
144253,144263,144267,4,10
144253,144264,144267,3,11
144253,144264,144266,2,11
144253,144263,144267,4,10
144253,144264,144267,3,11
144253,144263,144267,4,10
144253,144264,144267,3,11
144253,144264,144267,3,11
144253,144264,144267,3,11
144253,144263,144266,3,10
144253,144263,144266,3,10
144253,144264,144267,3,11
144253,144264,144267,3,11
144253,144264,144266,2,11
144253,144264,144267,3,11
144253,144264,144267,3,11
144253,144264,144266,2,11
144253,144264,144267,3,11
144253,144265,144267,2,12
144253,144265,144267,2,12
144253,144264,144267,3,11
144253,144264,144267,3,11
144253,144264,144267,3,11
144303,144303,144305,2,0
144303,144303,144306,3,0
144303,144303,144306,3,0
144303,144303,144306,3,0
144303,144303,144306,3,0
144303,144303,144306,3,0
144303,144303,144306,3,0
144303,144303,144306,3,0
144303,144304,144306,2,1
144303,144303,144306,3,0
144303,144303,144307,4,0
144303,144303,144307,4,0
144303,144303,144307,4,0
144303,144303,144307,4,0
144303,144303,144307,4,0
144303,144303,144307,4,0
144303,144303,144307,4,0
144303,144303,144307,4,0
144303,144303,144307,4,0
144303,144303,144307,4,0
144303,144303,144307,4,0
144303,144303,144307,4,0
144303,144303,144307,4,0
144303,144303,144307,4,0
144303,144303,144307,4,0
144303,144303,144307,4,0
144303,144303,144307,4,0
144303,144303,144307,4,0
144303,144303,144307,4,0
144303,144303,144307,4,0
144303,144303,144307,4,0
144303,144303,144307,4,0
144303,144303,144307,4,0
144303,144303,144307,4,0
144303,144303,144307,4,0
144303,144303,144307,4,0
144303,144303,144307,4,0
144303,144303,144308,5,0
144303,144303,144307,4,0
144303,144304,144307,3,1
144303,144306,144308,2,3
144303,144303,144308,5,0
144303,144303,144307,4,0
144303,144303,144308,5,0
144303,144303,144308,5,0
144303,144303,144308,5,0
144303,144303,144308,5,0
144303,144303,144307,4,0
144303,144303,144308,5,0
144303,144303,144307,4,0
144303,144303,144308,5,0
144303,144303,144308,5,0
144303,144306,144308,2,3
144303,144303,144307,4,0
144303,144303,144308,5,0
144303,144303,144308,5,0
144303,144303,144308,5,0
144303,144303,144308,5,0
144303,144303,144308,5,0
144303,144303,144307,4,0
144303,144303,144308,5,0
144303,144306,144308,2,3
144303,144303,144308,5,0
144303,144303,144308,5,0
144303,144303,144308,5,0
144303,144303,144307,4,0
144303,144303,144308,5,0
144303,144303,144308,5,0
144303,144303,144308,5,0
144303,144303,144308,5,0
144303,144304,144307,3,1
144303,144303,144308,5,0
144303,144303,144308,5,0
144303,144303,144308,5,0
144303,144303,144309,6,0
144303,144303,144309,6,0
144303,144306,144309,3,3
144303,144306,144309,3,3
144303,144307,144309,2,4
144303,144306,144309,3,3
144303,144306,144309,3,3
144303,144307,144309,2,4
144303,144308,144310,2,5
144303,144307,144310,3,4
144303,144307,144310,3,4
144303,144307,144310,3,4
144303,144307,144310,3,4
144303,144307,144310,3,4
144303,144307,144310,3,4
144303,144307,144310,3,4
144303,144307,144310,3,4
144303,144306,144310,4,3
144303,144307,144310,3,4
144303,144307,144310,3,4
144303,144307,144310,3,4
144303,144307,144310,3,4
144303,144307,144310,3,4
144303,144307,144310,3,4
144303,144307,144311,4,4
144303,144307,144310,3,4
144303,144307,144310,3,4
144303,144308,144310,2,5
144303,144307,144310,3,4
144303,144307,144310,3,4
144303,144308,144310,2,5
144303,144308,144310,2,5
144303,144308,144310,2,5
144303,144308,144310,2,5
144303,144308,144311,3,5
144303,144308,144311,3,5
144303,144308,144311,3,5
144303,144308,144311,3,5
144303,144307,144311,4,4
144303,144307,144311,4,4
144303,144307,144311,4,4
144303,144307,144311,4,4
144303,144307,144311,4,4
144303,144307,144311,4,4
144303,144309,144311,2,6
144303,144309,144311,2,6
143480,143491,144315,824,11
144320,144320,144323,3,0
144320,144320,144323,3,0
144320,144320,144323,3,0
144320,144320,144323,3,0
144320,144320,144323,3,0
144320,144320,144324,4,0
144320,144320,144324,4,0
144320,144320,144324,4,0
144320,144320,144324,4,0
144320,144320,144324,4,0
144320,144320,144324,4,0
144320,144320,144324,4,0
144320,144320,144325,5,0
144320,144320,144324,4,0
144320,144320,144324,4,0
144320,144320,144324,4,0
144320,144320,144324,4,0
144320,144320,144324,4,0
144320,144321,144324,3,1
144320,144320,144324,4,0
144320,144320,144325,5,0
144320,144320,144324,4,0
144320,144320,144324,4,0
144320,144321,144324,3,1
144320,144320,144325,5,0
144320,144320,144324,4,0
144320,144320,144324,4,0
144320,144321,144325,4,1
144320,144320,144324,4,0
144320,144321,144325,4,1
144320,144321,144325,4,1
144320,144320,144325,5,0
144320,144320,144325,5,0
144320,144320,144325,5,0
144320,144320,144325,5,0
144320,144320,144325,5,0
144320,144320,144325,5,0
144320,144321,144325,4,1
144320,144320,144325,5,0
144320,144320,144325,5,0
144320,144321,144325,4,1
144320,144320,144325,5,0
144320,144320,144325,5,0
144320,144320,144325,5,0
144320,144320,144325,5,0
144320,144320,144325,5,0
144320,144320,144325,5,0
144320,144320,144325,5,0
144320,144320,144325,5,0
144320,144320,144325,5,0
144320,144320,144325,5,0
144320,144320,144325,5,0
144320,144321,144325,4,1
144320,144320,144325,5,0
144320,144320,144325,5,0
144320,144320,144325,5,0
144320,144320,144325,5,0
144320,144320,144326,6,0
144320,144320,144326,6,0
144320,144320,144326,6,0
144320,144321,144326,5,1
144320,144320,144325,5,0
144320,144320,144325,5,0
144320,144323,144326,3,3
144320,144320,144325,5,0
144320,144320,144326,6,0
144320,144320,144325,5,0
144320,144320,144326,6,0
144320,144321,144326,5,1
144320,144321,144326,5,1
144320,144324,144327,3,4
144320,144321,144326,5,1
144320,144320,144326,6,0
144320,144324,144326,2,4
144320,144324,144327,3,4
144320,144320,144326,6,0
144320,144321,144326,5,1
144320,144320,144326,6,0
144320,144323,144327,4,3
144320,144324,144327,3,4
144320,144325,144328,3,5
144320,144325,144327,2,5
144320,144325,144327,2,5
144320,144325,144328,3,5
144320,144325,144328,3,5
144320,144324,144328,4,4
144320,144325,144328,3,5
144320,144325,144328,3,5
144320,144325,144328,3,5
144320,144325,144328,3,5
144320,144326,144328,2,6
144320,144325,144328,3,5
144320,144325,144328,3,5
144320,144325,144328,3,5
144320,144325,144328,3,5
144320,144325,144328,3,5
144320,144325,144329,4,5
144320,144325,144328,3,5
144320,144325,144328,3,5
144320,144326,144329,3,6
144320,144325,144328,3,5
144320,144325,144328,3,5
144320,144325,144328,3,5
144320,144326,144329,3,6
144320,144326,144329,3,6
144320,144325,144329,4,5
144320,144325,144329,4,5
144320,144325,144328,3,5
144320,144325,144329,4,5
144320,144326,144329,3,6
144320,144326,144329,3,6
144320,144326,144329,3,6
144320,144326,144329,3,6
144320,144326,144329,3,6
144320,144326,144329,3,6
144320,144326,144329,3,6
144320,144326,144329,3,6
144320,144326,144329,3,6
144320,144326,144329,3,6
144320,144326,144329,3,6
143463,143481,144337,856,18
144346,144346,144348,2,0
144346,144346,144348,2,0
144346,144346,144349,3,0
144346,144346,144349,3,0
144346,144346,144349,3,0
144346,144346,144350,4,0
144346,144346,144350,4,0
144346,144346,144350,4,0
144346,144346,144350,4,0
144346,144346,144350,4,0
144346,144346,144350,4,0
144346,144346,144350,4,0
144346,144347,144350,3,1
144346,144346,144350,4,0
144346,144346,144350,4,0
144346,144346,144350,4,0
144346,144346,144350,4,0
144346,144346,144350,4,0
144346,144346,144350,4,0
144346,144346,144351,5,0
144346,144346,144350,4,0
144346,144346,144351,5,0
144346,144346,144350,4,0
144346,144347,144350,3,1
144346,144346,144350,4,0
144346,144346,144350,4,0
144346,144346,144350,4,0
144346,144346,144350,4,0
144346,144346,144350,4,0
144346,144346,144351,5,0
144346,144347,144350,3,1
144346,144346,144350,4,0
144346,144346,144350,4,0
144346,144346,144350,4,0
144346,144346,144350,4,0
144346,144347,144350,3,1
144346,144346,144351,5,0
144346,144346,144350,4,0
144346,144347,144350,3,1
144346,144347,144350,3,1
144346,144346,144351,5,0
144346,144346,144351,5,0
144346,144346,144351,5,0
144346,144346,144351,5,0
144346,144347,144351,4,1
144346,144346,144351,5,0
144346,144346,144351,5,0
144346,144346,144351,5,0
144346,144347,144351,4,1
144346,144346,144351,5,0
144346,144346,144351,5,0
144346,144346,144352,6,0
144346,144349,144351,2,3
144346,144346,144351,5,0
144346,144346,144351,5,0
144346,144346,144351,5,0
144346,144347,144351,4,1
144346,144346,144351,5,0
144346,144346,144351,5,0
144346,144346,144351,5,0
144346,144346,144352,6,0
144346,144347,144351,4,1
144346,144347,144351,4,1
144346,144347,144351,4,1
144346,144346,144351,5,0
144346,144346,144351,5,0
144346,144346,144351,5,0
144346,144347,144351,4,1
144346,144346,144351,5,0
144346,144346,144351,5,0
144346,144347,144351,4,1
144346,144346,144351,5,0
144346,144346,144352,6,0
144346,144346,144351,5,0
144346,144346,144352,6,0
144346,144350,144352,2,4
144346,144350,144353,3,4
144346,144346,144352,6,0
144346,144351,144353,2,5
144346,144349,144353,4,3
144346,144350,144353,3,4
144346,144351,144354,3,5
144346,144351,144353,2,5
144346,144351,144354,3,5
144346,144351,144354,3,5
144346,144351,144354,3,5
144346,144351,144354,3,5
144346,144351,144353,2,5
144346,144350,144353,3,4
144346,144351,144354,3,5
144346,144351,144354,3,5
144346,144351,144354,3,5
144346,144351,144354,3,5
144346,144351,144354,3,5
144346,144350,144354,4,4
144346,144350,144354,4,4
144346,144351,144354,3,5
144346,144351,144354,3,5
144346,144351,144354,3,5
144346,144351,144354,3,5
144346,144351,144354,3,5
144346,144351,144354,3,5
144346,144351,144354,3,5
144346,144352,144354,2,6
144346,144351,144354,3,5
144346,144351,144354,3,5
144346,144351,144354,3,5
144346,144351,144354,3,5
144346,144351,144354,3,5
144346,144351,144354,3,5
144346,144352,144354,2,6
144346,144352,144354,2,6
144346,144352,144354,2,6
144346,144352,144354,2,6
144346,144351,144354,3,5
144346,144351,144354,3,5
144346,144351,144354,3,5
144346,144351,144355,4,5
144346,144351,144354,3,5
144346,144351,144355,4,5
143532,143584,144383,799,52
144397,144398,144400,2,1
144397,144398,144400,2,1
144397,144398,144400,2,1
144397,144398,144400,2,1
144397,144398,144401,3,1
144397,144398,144402,4,1
144397,144398,144401,3,1
144397,144398,144401,3,1
144397,144398,144401,3,1
144397,144398,144401,3,1
144397,144398,144402,4,1
144397,144398,144401,3,1
144397,144398,144401,3,1
144397,144398,144402,4,1
144397,144398,144402,4,1
144397,144398,144401,3,1
144397,144398,144401,3,1
144397,144398,144402,4,1
144397,144398,144402,4,1
144397,144398,144402,4,1
144397,144398,144402,4,1
144397,144398,144402,4,1
144397,144398,144402,4,1
144397,144398,144402,4,1
144397,144398,144402,4,1
144397,144398,144402,4,1
144397,144398,144402,4,1
144397,144398,144401,3,1
144397,144398,144402,4,1
144397,144398,144402,4,1
144397,144398,144402,4,1
144397,144398,144402,4,1
144397,144398,144402,4,1
144397,144398,144402,4,1
144397,144398,144402,4,1
144397,144398,144402,4,1
144397,144398,144402,4,1
144397,144398,144402,4,1
144397,144398,144402,4,1
144397,144398,144403,5,1
144397,144398,144403,5,1
144397,144398,144402,4,1
144397,144398,144402,4,1
144397,144398,144402,4,1
144397,144398,144402,4,1
144397,144398,144403,5,1
144397,144398,144403,5,1
144397,144398,144402,4,1
144397,144398,144402,4,1
144397,144398,144402,4,1
144397,144398,144403,5,1
144397,144398,144402,4,1
144397,144398,144403,5,1
144397,144398,144402,4,1
144397,144398,144403,5,1
144397,144398,144402,4,1
144397,144398,144403,5,1
144397,144398,144403,5,1
144397,144398,144402,4,1
144397,144398,144403,5,1
144397,144398,144402,4,1
144397,144398,144403,5,1
144397,144398,144403,5,1
144397,144398,144403,5,1
144397,144401,144403,2,4
144397,144398,144403,5,1
144397,144398,144403,5,1
144397,144398,144403,5,1
144397,144398,144403,5,1
144397,144398,144403,5,1
144397,144398,144403,5,1
144397,144398,144403,5,1
144397,144401,144403,2,4
144397,144398,144403,5,1
144397,144398,144403,5,1
144397,144401,144403,2,4
144397,144398,144404,6,1
144397,144398,144403,5,1
144397,144398,144404,6,1
144397,144402,144405,3,5
144397,144402,144404,2,5
144397,144402,144405,3,5
144397,144401,144405,4,4
144397,144402,144405,3,5
144397,144402,144406,4,5
144397,144403,144406,3,6
144397,144402,144405,3,5
144397,144402,144405,3,5
144397,144402,144405,3,5
144397,144402,144405,3,5
144397,144402,144405,3,5
144397,144402,144406,4,5
144397,144403,144406,3,6
144397,144402,144405,3,5
144397,144402,144406,4,5
144397,144402,144405,3,5
144397,144402,144405,3,5
144397,144403,144406,3,6
144397,144403,144406,3,6
144397,144402,144405,3,5
144397,144402,144406,4,5
144397,144402,144405,3,5
144397,144402,144406,4,5
144397,144402,144406,4,5
144397,144402,144406,4,5
144397,144402,144406,4,5
143543,143608,144405,797,65
144397,144402,144406,4,5
144397,144402,144406,4,5
144397,144402,144406,4,5
144397,144402,144406,4,5
144397,144402,144406,4,5
144397,144403,144406,3,6
144397,144403,144406,3,6
144397,144403,144406,3,6
144397,144403,144406,3,6
144397,144403,144406,3,6
144397,144403,144406,3,6
144397,144403,144406,3,6
144397,144402,144406,4,5
144397,144402,144407,5,5
144407,144407,144409,2,0
143551,143609,144409,800,58
144407,144407,144410,3,0
144407,144407,144410,3,0
144407,144407,144410,3,0
144407,144407,144411,4,0
144407,144407,144411,4,0
144407,144407,144411,4,0
144407,144407,144411,4,0
144407,144407,144411,4,0
144407,144407,144411,4,0
144407,144407,144411,4,0
144407,144407,144411,4,0
144407,144407,144411,4,0
144407,144407,144411,4,0
144407,144407,144411,4,0
144407,144407,144411,4,0
144407,144407,144411,4,0
144407,144407,144411,4,0
144407,144407,144411,4,0
144407,144407,144412,5,0
144407,144407,144412,5,0
144407,144407,144412,5,0
144407,144407,144411,4,0
144407,144407,144412,5,0
144407,144407,144412,5,0
144407,144407,144412,5,0
144407,144407,144412,5,0
144407,144407,144412,5,0
144407,144407,144412,5,0
144407,144407,144412,5,0
144407,144407,144412,5,0
144407,144407,144412,5,0
144407,144407,144412,5,0
144407,144407,144411,4,0
144407,144407,144411,4,0
144407,144407,144412,5,0
144407,144407,144412,5,0
144407,144407,144412,5,0
144407,144407,144412,5,0
144407,144407,144412,5,0
144407,144407,144412,5,0
144407,144407,144412,5,0
144407,144407,144412,5,0
144407,144407,144412,5,0
144407,144407,144412,5,0
144407,144407,144412,5,0
144407,144407,144411,4,0
144407,144409,144412,3,2
144407,144407,144412,5,0
144407,144407,144412,5,0
144407,144407,144412,5,0
144407,144407,144413,6,0
144407,144407,144412,5,0
144407,144407,144412,5,0
144407,144407,144412,5,0
144407,144407,144412,5,0
144407,144407,144412,5,0
144407,144407,144412,5,0
144407,144407,144412,5,0
144407,144407,144412,5,0
144407,144407,144413,6,0
144407,144407,144413,6,0
144407,144407,144413,6,0
144407,144407,144413,6,0
144407,144407,144413,6,0
144407,144407,144413,6,0
144407,144407,144413,6,0
144407,144407,144413,6,0
144407,144407,144413,6,0
144407,144407,144413,6,0
144407,144407,144413,6,0
144407,144407,144413,6,0
144407,144407,144413,6,0
144407,144407,144413,6,0
144407,144407,144413,6,0
144407,144407,144413,6,0
144407,144407,144413,6,0
144407,144410,144414,4,3
144407,144412,144414,2,5
144407,144407,144414,7,0
144407,144412,144414,2,5
144407,144410,144414,4,3
144407,144410,144414,4,3
144407,144412,144414,2,5
144407,144411,144414,3,4
144407,144410,144414,4,3
144407,144412,144414,2,5
144407,144411,144415,4,4
144407,144411,144416,5,4
144407,144412,144415,3,5
144407,144412,144415,3,5
144407,144413,144416,3,6
144407,144412,144415,3,5
144407,144411,144415,4,4
144407,144413,144415,2,6
144407,144411,144415,4,4
144407,144413,144416,3,6
144407,144412,144415,3,5
144407,144412,144416,4,5
144407,144412,144415,3,5
144407,144413,144416,3,6
144407,144413,144416,3,6
144407,144413,144416,3,6
144407,144413,144416,3,6
144407,144413,144416,3,6
144407,144413,144416,3,6
144407,144413,144416,3,6
144407,144413,144416,3,6
144407,144413,144416,3,6
144407,144413,144416,3,6
144407,144413,144416,3,6
144407,144411,144416,5,4
144407,144413,144416,3,6
144407,144413,144417,4,6
144407,144413,144416,3,6
144407,144413,144416,3,6
144407,144413,144416,3,6
144407,144413,144417,4,6
144407,144413,144417,4,6
144407,144413,144417,4,6
144441,144442,144444,2,1
144441,144442,144444,2,1
144441,144442,144445,3,1
144441,144442,144444,2,1
144441,144442,144445,3,1
144441,144442,144444,2,1
144441,144442,144445,3,1
144441,144442,144445,3,1
144441,144442,144444,2,1
144441,144442,144445,3,1
144441,144442,144444,2,1
144441,144442,144445,3,1
144441,144442,144445,3,1
144441,144442,144444,2,1
144441,144442,144445,3,1
144441,144442,144445,3,1
144441,144442,144445,3,1
144441,144442,144445,3,1
144441,144442,144445,3,1
144441,144442,144445,3,1
144441,144442,144446,4,1
144441,144442,144445,3,1
144441,144442,144446,4,1
144441,144442,144446,4,1
144441,144442,144446,4,1
144441,144442,144446,4,1
144441,144442,144446,4,1
144441,144442,144446,4,1
144441,144442,144445,3,1
144441,144442,144445,3,1
144441,144442,144445,3,1
144441,144442,144445,3,1
144441,144442,144446,4,1
144441,144442,144446,4,1
144441,144442,144446,4,1
144441,144442,144446,4,1
144441,144442,144446,4,1
144441,144442,144446,4,1
144441,144442,144446,4,1
144441,144442,144446,4,1
144441,144442,144446,4,1
144441,144442,144446,4,1
144441,144442,144446,4,1
144441,144442,144446,4,1
144441,144442,144446,4,1
144441,144442,144446,4,1
144441,144442,144446,4,1
144441,144442,144446,4,1
144441,144442,144446,4,1
144441,144442,144446,4,1
144441,144442,144447,5,1
144441,144442,144446,4,1
144441,144442,144447,5,1
144441,144442,144447,5,1
144441,144442,144446,4,1
144441,144442,144447,5,1
144441,144442,144446,4,1
144441,144442,144447,5,1
144441,144442,144446,4,1
144441,144442,144446,4,1
144441,144442,144447,5,1
144441,144442,144447,5,1
144441,144442,144446,4,1
144441,144442,144446,4,1
144441,144442,144447,5,1
144441,144442,144447,5,1
144441,144442,144447,5,1
144441,144442,144447,5,1
144441,144442,144447,5,1
144441,144444,144447,3,3
144441,144442,144447,5,1
144441,144442,144447,5,1
144441,144442,144447,5,1
144441,144442,144447,5,1
144441,144442,144447,5,1
144441,144442,144447,5,1
144441,144442,144447,5,1
144441,144442,144447,5,1
144441,144445,144447,2,4
144441,144442,144447,5,1
144441,144445,144447,2,4
144441,144445,144448,3,4
144441,144445,144448,3,4
144441,144445,144447,2,4
144441,144444,144448,4,3
144441,144446,144448,2,5
144441,144446,144449,3,5
144441,144446,144448,2,5
144441,144445,144448,3,4
144441,144445,144448,3,4
144441,144445,144448,3,4
144441,144445,144449,4,4
144441,144445,144448,3,4
144441,144445,144448,3,4
144441,144445,144448,3,4
144441,144446,144448,2,5
144441,144446,144449,3,5
144441,144446,144449,3,5
144441,144446,144449,3,5
144441,144446,144448,2,5
144441,144446,144449,3,5
144441,144446,144449,3,5
144441,144446,144449,3,5
144441,144445,144448,3,4
144441,144446,144449,3,5
144441,144446,144449,3,5
144441,144446,144449,3,5
144441,144446,144449,3,5
144441,144446,144449,3,5
144441,144445,144449,4,4
144441,144447,144449,2,6
144441,144446,144450,4,5
144441,144446,144450,4,5
144441,144447,144450,3,6
144441,144447,144450,3,6
144441,144447,144450,3,6
144441,144447,144450,3,6
144441,144447,144450,3,6
144441,144447,144450,3,6
144441,144447,144451,4,6
143547,143609,144464,855,62
144493,144493,144496,3,0
144493,144493,144496,3,0
144493,144493,144495,2,0
144493,144493,144496,3,0
144493,144493,144496,3,0
144493,144494,144496,2,1
144493,144493,144496,3,0
144493,144493,144496,3,0
144493,144493,144496,3,0
144493,144494,144497,3,1
144493,144493,144497,4,0
144493,144493,144497,4,0
144493,144493,144497,4,0
144493,144493,144497,4,0
144493,144493,144497,4,0
144493,144493,144497,4,0
144493,144493,144497,4,0
144493,144493,144497,4,0
144493,144493,144497,4,0
144493,144493,144497,4,0
144493,144493,144497,4,0
144493,144494,144497,3,1
144493,144493,144497,4,0
144493,144494,144497,3,1
144493,144493,144497,4,0
144493,144493,144497,4,0
144493,144493,144498,5,0
144493,144493,144498,5,0
144493,144493,144498,5,0
144493,144493,144498,5,0
144493,144494,144497,3,1
144493,144493,144498,5,0
144493,144493,144497,4,0
144493,144493,144498,5,0
144493,144493,144498,5,0
144493,144493,144498,5,0
144493,144493,144497,4,0
144493,144493,144498,5,0
144493,144493,144497,4,0
144493,144493,144498,5,0
144493,144493,144497,4,0
144493,144493,144498,5,0
144493,144494,144497,3,1
144493,144493,144497,4,0
144493,144493,144498,5,0
144493,144494,144498,4,1
144493,144493,144498,5,0
144493,144493,144498,5,0
144493,144493,144498,5,0
144493,144493,144498,5,0
144493,144493,144498,5,0
144493,144494,144498,4,1
144493,144493,144498,5,0
144493,144493,144498,5,0
144493,144493,144498,5,0
144493,144493,144498,5,0
144493,144493,144498,5,0
144493,144493,144498,5,0
144493,144493,144498,5,0
144493,144493,144498,5,0
144493,144493,144498,5,0
144493,144493,144499,6,0
144493,144493,144498,5,0
144493,144493,144499,6,0
144493,144493,144498,5,0
144493,144493,144498,5,0
144493,144493,144498,5,0
144493,144493,144498,5,0
144493,144494,144498,4,1
144493,144493,144499,6,0
144493,144493,144498,5,0
144493,144493,144498,5,0
144493,144494,144498,4,1
144493,144496,144499,3,3
144493,144493,144498,5,0
144493,144494,144499,5,1
144493,144497,144499,2,4
144493,144493,144499,6,0
144493,144494,144499,5,1
144493,144493,144499,6,0
144493,144493,144499,6,0
144493,144497,144499,2,4
144493,144497,144499,2,4
144493,144497,144500,3,4
144493,144497,144500,3,4
144493,144496,144499,3,3
144493,144497,144499,2,4
144493,144497,144500,3,4
144493,144497,144499,2,4
144493,144496,144500,4,3
144493,144497,144500,3,4
144493,144497,144499,2,4
144493,144497,144500,3,4
144493,144498,144501,3,5
144493,144498,144500,2,5
144493,144498,144500,2,5
144493,144498,144500,2,5
144493,144498,144500,2,5
144493,144498,144500,2,5
144493,144498,144501,3,5
144493,144498,144501,3,5
144493,144498,144501,3,5
144493,144498,144501,3,5
144493,144498,144500,2,5
144493,144498,144501,3,5
144493,144498,144501,3,5
144493,144498,144501,3,5
144493,144498,144501,3,5
144493,144498,144501,3,5
144493,144498,144501,3,5
144493,144498,144501,3,5
144493,144498,144501,3,5
144493,144498,144501,3,5
144493,144498,144501,3,5
144493,144498,144501,3,5
144493,144498,144501,3,5
144493,144498,144502,4,5
144493,144498,144501,3,5
144493,144498,144501,3,5
144493,144498,144502,4,5
143649,143680,144510,830,31
144535,144535,144537,2,0
144535,144535,144537,2,0
144535,144535,144538,3,0
144535,144535,144537,2,0
144535,144535,144538,3,0
144535,144535,144537,2,0
144535,144535,144538,3,0
144535,144535,144538,3,0
144535,144535,144537,2,0
144535,144535,144537,2,0
144535,144535,144537,2,0
144535,144535,144538,3,0
144535,144535,144538,3,0
144535,144535,144537,2,0
144535,144535,144537,2,0
144535,144535,144537,2,0
144535,144535,144537,2,0
144535,144535,144537,2,0
144535,144535,144538,3,0
144535,144535,144538,3,0
144535,144535,144538,3,0
144535,144535,144538,3,0
144535,144535,144539,4,0
144535,144535,144539,4,0
144535,144535,144539,4,0
144535,144535,144538,3,0
144535,144535,144539,4,0
144535,144535,144539,4,0
144535,144535,144538,3,0
144535,144535,144538,3,0
144535,144535,144538,3,0
144535,144535,144539,4,0
144535,144535,144538,3,0
144535,144535,144539,4,0
144535,144535,144539,4,0
144535,144535,144539,4,0
144535,144535,144539,4,0
144535,144535,144538,3,0
144535,144535,144539,4,0
144535,144535,144539,4,0
144535,144535,144539,4,0
144535,144535,144539,4,0
144535,144535,144538,3,0
144535,144535,144539,4,0
144535,144535,144539,4,0
144535,144535,144540,5,0
144535,144535,144539,4,0
144535,144537,144539,2,2
144535,144535,144540,5,0
144535,144535,144539,4,0
144535,144535,144539,4,0
144535,144535,144540,5,0
144535,144535,144539,4,0
144535,144535,144539,4,0
144535,144535,144539,4,0
144535,144535,144539,4,0
144535,144535,144539,4,0
144535,144535,144540,5,0
144535,144535,144540,5,0
144535,144535,144539,4,0
144535,144535,144539,4,0
144535,144535,144539,4,0
144535,144535,144539,4,0
144535,144537,144540,3,2
144535,144535,144539,4,0
144535,144535,144540,5,0
144535,144535,144540,5,0
144535,144535,144539,4,0
144535,144535,144539,4,0
144535,144538,144540,2,3
144535,144535,144539,4,0
144535,144535,144539,4,0
144535,144535,144539,4,0
144535,144535,144539,4,0
144535,144535,144539,4,0
144535,144535,144539,4,0
144535,144535,144539,4,0
144535,144535,144540,5,0
144535,144535,144540,5,0
144535,144535,144540,5,0
144535,144538,144540,2,3
144535,144538,144541,3,3
144535,144535,144540,5,0
144535,144535,144540,5,0
144535,144538,144541,3,3
144535,144538,144540,2,3
144535,144538,144540,2,3
144535,144538,144541,3,3
144535,144538,144541,3,3
144535,144535,144540,5,0
144535,144538,144540,2,3
144535,144538,144541,3,3
144535,144538,144540,2,3
144535,144538,144540,2,3
144535,144538,144542,4,3
144535,144539,144542,3,4
144535,144539,144542,3,4
144535,144539,144542,3,4
144535,144539,144541,2,4
144535,144538,144541,3,3
144535,144539,144542,3,4
144535,144538,144542,4,3
144535,144539,144542,3,4
144535,144539,144542,3,4
144535,144539,144542,3,4
144535,144538,144541,3,3
144535,144539,144542,3,4
144535,144539,144542,3,4
144535,144539,144542,3,4
144535,144539,144542,3,4
144535,144539,144542,3,4
144535,144539,144542,3,4
144535,144538,144541,3,3
144535,144538,144541,3,3
144535,144539,144542,3,4
144535,144539,144542,3,4
144535,144539,144542,3,4
144535,144539,144542,3,4
144535,144539,144542,3,4
144535,144539,144542,3,4
148575,148575,148578,3,0
148575,148575,148579,4,0
148575,148575,148579,4,0
148575,148575,148578,3,0
148575,148575,148579,4,0
148575,148575,148579,4,0
148575,148575,148578,3,0
148575,148575,148578,3,0
148575,148575,148579,4,0
148575,148575,148579,4,0
148575,148575,148579,4,0
148575,148575,148579,4,0
148575,148575,148581,6,0
148575,148575,148581,6,0
148575,148575,148581,6,0
148575,148575,148581,6,0
148575,148575,148581,6,0
148575,148575,148581,6,0
148575,148575,148581,6,0
148575,148575,148581,6,0
148575,148575,148581,6,0
148575,148575,148581,6,0
148575,148575,148581,6,0
148575,148575,148581,6,0
148575,148575,148581,6,0
148575,148575,148580,5,0
148575,148575,148581,6,0
148575,148575,148581,6,0
148575,148575,148582,7,0
148575,148575,148582,7,0
148575,148575,148581,6,0
148575,148579,148582,3,4
148575,148579,148582,3,4
148575,148579,148582,3,4
148575,148579,148582,3,4
148575,148579,148582,3,4
148575,148579,148582,3,4
148575,148579,148582,3,4
148575,148579,148582,3,4
148575,148579,148582,3,4
148575,148579,148582,3,4
148575,148575,148581,6,0
148575,148575,148582,7,0
148575,148575,148581,6,0
148575,148575,148581,6,0
148575,148575,148583,8,0
148575,148580,148582,2,5
148575,148580,148583,3,5
148575,148582,148585,3,7
148575,148582,148585,3,7
148575,148582,148585,3,7
148575,148582,148585,3,7
148575,148581,148585,4,6
148575,148581,148585,4,6
148575,148581,148585,4,6
148575,148581,148585,4,6
148575,148581,148585,4,6
148575,148581,148585,4,6
148575,148581,148585,4,6
148575,148582,148585,3,7
148575,148582,148585,3,7
148575,148582,148585,3,7
148575,148581,148585,4,6
148575,148582,148585,3,7
148575,148582,148585,3,7
148575,148582,148585,3,7
148575,148581,148585,4,6
148575,148581,148585,4,6
148575,148581,148585,4,6
148575,148581,148585,4,6
148575,148581,148585,4,6
148575,148582,148586,4,7
148575,148582,148586,4,7
148575,148582,148586,4,7
148575,148582,148586,4,7
148575,148581,148586,5,6
148575,148581,148586,5,6
148575,148581,148586,5,6
148575,148583,148586,3,8
148575,148583,148586,3,8
148575,148583,148587,4,8
148575,148582,148587,5,7
148575,148582,148587,5,7
148575,148582,148587,5,7
148575,148585,148588,3,10
148575,148585,148588,3,10
148575,148585,148588,3,10
148575,148585,148588,3,10
148575,148585,148588,3,10
148575,148585,148589,4,10
148575,148585,148589,4,10
148575,148585,148589,4,10
148575,148585,148589,4,10
148575,148585,148589,4,10
148575,148585,148589,4,10
148575,148585,148589,4,10
148575,148585,148589,4,10
148575,148586,148590,4,11
148575,148585,148589,4,10
148575,148585,148589,4,10
148575,148587,148589,2,12
148575,148587,148589,2,12
148575,148586,148590,4,11
148575,148587,148590,3,12
148575,148587,148590,3,12
148575,148587,148590,3,12
148575,148587,148590,3,12
148575,148588,148590,2,13
148575,148586,148590,4,11
148575,148586,148590,4,11
148575,148586,148590,4,11
148575,148588,148591,3,13
148575,148586,148591,5,11
148575,148586,148591,5,11
148575,148588,148591,3,13
148575,148585,148591,6,10
148575,148585,148591,6,10
148575,148585,148591,6,10
148575,148585,148591,6,10
148575,148589,148591,2,14
148575,148589,148591,2,14
148575,148589,148591,2,14
148575,148589,148591,2,14
148575,148588,148591,3,13
148575,148588,148591,3,13
148575,148590,148592,2,15
148575,148590,148592,2,15
148575,148590,148592,2,15
148575,148590,148592,2,15
148575,148590,148593,3,15
148575,148590,148593,3,15
148575,148590,148592,2,15
148575,148591,148594,3,16
148575,148590,148593,3,15
148575,148590,148593,3,15
148575,148590,148593,3,15
148575,148590,148593,3,15
148575,148590,148593,3,15
148575,148591,148594,3,16
148575,148590,148593,3,15
148575,148592,148594,2,17
148575,148591,148594,3,16
148575,148592,148594,2,17
148575,148592,148594,2,17
148575,148592,148594,2,17
148575,148592,148594,2,17
148575,148591,148594,3,16
148575,148591,148594,3,16
148575,148591,148594,3,16
148575,148593,148595,2,18
148575,148593,148595,2,18
148575,148593,148595,2,18
148575,148592,148595,3,17
148575,148592,148595,3,17
148575,148592,148595,3,17
148575,148592,148595,3,17
148575,148592,148595,3,17
148575,148592,148595,3,17
148575,148591,148595,4,16
148575,148591,148595,4,16
148575,148591,148595,4,16
148575,148592,148595,3,17
148575,148592,148595,3,17
148575,148593,148595,2,18
148575,148593,148595,2,18
148575,148593,148595,2,18
148575,148593,148595,2,18
148575,148592,148596,4,17
148575,148594,148597,3,19
148575,148595,148597,2,20
148575,148594,148597,3,19
148575,148594,148597,3,19
148575,148594,148598,4,19
148575,148594,148597,3,19
148575,148594,148597,3,19
148575,148594,148598,4,19
148575,148595,148597,2,20
148575,148595,148597,2,20
148575,148595,148597,2,20
148575,148595,148597,2,20
148575,148596,148599,3,21
148575,148596,148599,3,21
148575,148596,148599,3,21
148575,148594,148598,4,19
148575,148595,148598,3,20
148575,148596,148599,3,21
148575,148596,148599,3,21
148575,148595,148598,3,20
148575,148595,148598,3,20
148575,148595,148598,3,20
148575,148596,148599,3,21
148575,148596,148600,4,21
148575,148596,148600,4,21
148575,148596,148600,4,21
148575,148596,148599,3,21
148575,148596,148599,3,21
148575,148596,148599,3,21
148575,148596,148600,4,21
148575,148596,148600,4,21
148575,148596,148600,4,21
148605,148605,148607,2,0
148605,148605,148607,2,0
148605,148605,148608,3,0
148605,148605,148608,3,0
148605,148605,148608,3,0
148605,148605,148607,2,0
148605,148605,148608,3,0
148605,148605,148608,3,0
148605,148605,148608,3,0
148605,148605,148609,4,0
148605,148605,148609,4,0
148605,148605,148608,3,0
148605,148605,148608,3,0
148605,148605,148609,4,0
148605,148605,148608,3,0
148605,148605,148608,3,0
148605,148605,148609,4,0
148605,148605,148609,4,0
148605,148605,148610,5,0
148605,148605,148610,5,0
148605,148605,148609,4,0
148605,148605,148609,4,0
148605,148605,148610,5,0
148605,148605,148609,4,0
148605,148605,148610,5,0
148605,148605,148610,5,0
148605,148605,148609,4,0
148605,148605,148609,4,0
148605,148605,148610,5,0
148605,148605,148609,4,0
148605,148605,148610,5,0
148605,148605,148609,4,0
148605,148605,148610,5,0
148605,148608,148610,2,3
148605,148608,148610,2,3
148605,148608,148611,3,3
148605,148608,148611,3,3
148605,148608,148611,3,3
148605,148608,148611,3,3
148605,148608,148610,2,3
148605,148608,148611,3,3
148605,148605,148611,6,0
148605,148605,148611,6,0
148605,148605,148611,6,0
148605,148609,148612,3,4
148605,148609,148612,3,4
148605,148609,148612,3,4
148605,148609,148612,3,4
148605,148609,148612,3,4
148605,148609,148613,4,4
148605,148609,148612,3,4
148605,148609,148612,3,4
148605,148611,148613,2,6
148605,148611,148614,3,6
148605,148610,148614,4,5
148605,148610,148614,4,5
148605,148610,148614,4,5
148605,148611,148614,3,6
148605,148611,148614,3,6
148605,148611,148614,3,6
148605,148610,148613,3,5
148605,148610,148614,4,5
148605,148610,148614,4,5
148605,148611,148614,3,6
148605,148611,148614,3,6
148605,148611,148614,3,6
148605,148610,148614,4,5
148605,148610,148613,3,5
148605,148610,148613,3,5
148605,148610,148614,4,5
148605,148610,148614,4,5
148605,148610,148614,4,5
148605,148610,148614,4,5
148605,148610,148614,4,5
148605,148610,148614,4,5
148605,148612,148615,3,7
148605,148612,148615,3,7
148605,148612,148615,3,7
148605,148610,148615,5,5
148605,148612,148615,3,7
148605,148610,148614,4,5
148605,148611,148615,4,6
148605,148611,148615,4,6
148605,148611,148615,4,6
148605,148613,148616,3,8
148605,148613,148616,3,8
148605,148614,148617,3,9
148605,148614,148617,3,9
148605,148614,148617,3,9
148605,148614,148616,2,9
148605,148614,148617,3,9
148605,148613,148617,4,8
148605,148614,148617,3,9
148605,148614,148617,3,9
148605,148614,148617,3,9
148605,148613,148617,4,8
148605,148615,148618,3,10
148605,148615,148618,3,10
148605,148615,148618,3,10
148605,148614,148618,4,9
148605,148614,148618,4,9
148605,148614,148618,4,9
148605,148614,148618,4,9
148605,148614,148618,4,9
148605,148614,148618,4,9
148605,148614,148618,4,9
148605,148614,148618,4,9
148605,148614,148619,5,9
148605,148615,148618,3,10
148605,148614,148619,5,9
148605,148614,148619,5,9
148605,148614,148619,5,9
148605,148614,148619,5,9
148605,148616,148619,3,11
148605,148614,148619,5,9
148605,148616,148619,3,11
148605,148615,148619,4,10
148605,148615,148619,4,10
148605,148617,148620,3,12
148605,148617,148620,3,12
148605,148617,148620,3,12
148605,148617,148620,3,12
148605,148617,148620,3,12
148605,148616,148620,4,11
148605,148618,148620,2,13
148605,148618,148620,2,13
148605,148618,148620,2,13
148605,148614,148620,6,9
148605,148615,148620,5,10
148605,148617,148620,3,12
148605,148619,148621,2,14
148605,148619,148621,2,14
148605,148619,148621,2,14
148605,148618,148621,3,13
148605,148618,148621,3,13
148605,148619,148621,2,14
148605,148619,148622,3,14
148605,148619,148622,3,14
148605,148619,148622,3,14
148605,148619,148622,3,14
148605,148619,148622,3,14
148605,148619,148622,3,14
148605,148619,148622,3,14
148605,148619,148623,4,14
148605,148619,148623,4,14
148605,148621,148623,2,16
148605,148621,148623,2,16
148605,148621,148623,2,16
148605,148621,148623,2,16
148605,148621,148623,2,16
148605,148620,148623,3,15
148605,148620,148624,4,15
148605,148620,148623,3,15
148605,148620,148623,3,15
148605,148621,148623,2,16
148605,148621,148623,2,16
148605,148621,148623,2,16
148605,148620,148623,3,15
148605,148620,148623,3,15
148605,148620,148623,3,15
148605,148620,148623,3,15
148605,148622,148624,2,17
148605,148622,148624,2,17
148605,148622,148624,2,17
148605,148621,148624,3,16
148605,148621,148624,3,16
148605,148622,148624,2,17
148605,148620,148624,4,15
148605,148621,148624,3,16
148605,148621,148624,3,16
148605,148622,148625,3,17
148605,148622,148625,3,17
148605,148624,148627,3,19
148605,148624,148626,2,19
148605,148624,148627,3,19
148605,148624,148627,3,19
148605,148624,148626,2,19
148605,148624,148627,3,19
148605,148624,148627,3,19
148605,148624,148627,3,19
148605,148623,148626,3,18
148605,148623,148626,3,18
148605,148623,148626,3,18
148605,148623,148626,3,18
148605,148623,148626,3,18
148605,148623,148626,3,18
148605,148623,148627,4,18
148605,148623,148626,3,18
148605,148623,148626,3,18
148605,148625,148627,2,20
148605,148625,148627,2,20
148605,148625,148627,2,20
148605,148624,148627,3,19
148605,148624,148627,3,19
148605,148624,148627,3,19
148605,148624,148627,3,19
148605,148624,148627,3,19
148605,148624,148628,4,19
148605,148624,148627,3,19
148605,148624,148627,3,19
148632,148632,148634,2,0
148632,148632,148635,3,0
148632,148632,148635,3,0
148632,148632,148635,3,0
148632,148632,148635,3,0
148632,148632,148635,3,0
148632,148632,148635,3,0
148632,148632,148636,4,0
148632,148632,148635,3,0
148632,148632,148635,3,0
148632,148632,148635,3,0
148632,148632,148635,3,0
148632,148632,148635,3,0
148632,148632,148635,3,0
148632,148632,148636,4,0
148632,148632,148637,5,0
148632,148632,148637,5,0
148632,148632,148637,5,0
148632,148632,148637,5,0
148632,148632,148637,5,0
148632,148632,148637,5,0
148632,148632,148638,6,0
148632,148632,148637,5,0
148632,148632,148637,5,0
148632,148632,148637,5,0
148632,148632,148637,5,0
148632,148632,148637,5,0
148632,148632,148638,6,0
148632,148632,148637,5,0
148632,148635,148637,2,3
148632,148632,148637,5,0
148632,148632,148637,5,0
148632,148632,148637,5,0
148632,148632,148639,7,0
148632,148632,148638,6,0
148632,148632,148638,6,0
148632,148632,148639,7,0
148632,148636,148638,2,4
148632,148636,148638,2,4
148632,148636,148639,3,4
148632,148636,148639,3,4
148632,148636,148639,3,4
148632,148636,148639,3,4
148632,148636,148639,3,4
148632,148636,148638,2,4
148632,148636,148638,2,4
148632,148636,148638,2,4
148632,148636,148639,3,4
148632,148636,148639,3,4
148632,148636,148640,4,4
148632,148637,148640,3,5
148632,148637,148640,3,5
148632,148638,148640,2,6
148632,148637,148640,3,5
148632,148637,148640,3,5
148632,148637,148640,3,5
148632,148637,148640,3,5
148632,148639,148641,2,7
148632,148639,148641,2,7
148632,148639,148642,3,7
148632,148639,148642,3,7
148632,148639,148642,3,7
148632,148639,148642,3,7
148632,148639,148641,2,7
148632,148639,148642,3,7
148632,148639,148642,3,7
148632,148639,148642,3,7
148632,148638,148642,4,6
148632,148638,148641,3,6
148632,148638,148642,4,6
148632,148638,148641,3,6
148632,148638,148641,3,6
148632,148638,148642,4,6
148632,148639,148643,4,7
148632,148639,148643,4,7
148632,148639,148643,4,7
148632,148638,148643,5,6
148632,148638,148642,4,6
148632,148638,148643,5,6
148632,148640,148643,3,8
148632,148638,148643,5,6
148632,148638,148643,5,6
148632,148639,148644,5,7
148632,148641,148644,3,9
148632,148640,148643,3,8
148632,148641,148644,3,9
148632,148638,148643,5,6
148632,148640,148644,4,8
148632,148640,148644,4,8
148632,148641,148644,3,9
148632,148642,148645,3,10
148632,148642,148645,3,10
148632,148642,148645,3,10
148632,148642,148645,3,10
148632,148642,148645,3,10
148632,148642,148645,3,10
148632,148642,148645,3,10
148632,148641,148645,4,9
148632,148642,148645,3,10
148632,148642,148645,3,10
148632,148642,148645,3,10
148632,148641,148645,4,9
148632,148641,148644,3,9
148632,148643,148646,3,11
148632,148642,148646,4,10
148632,148642,148645,3,10
148632,148642,148646,4,10
148632,148642,148646,4,10
148632,148642,148646,4,10
148632,148642,148646,4,10
148632,148643,148646,3,11
148632,148643,148647,4,11
148632,148643,148647,4,11
148632,148643,148647,4,11
148632,148643,148647,4,11
148632,148644,148647,3,12
148632,148643,148647,4,11
148632,148643,148647,4,11
148632,148645,148648,3,13
148632,148645,148648,3,13
148632,148645,148648,3,13
148632,148645,148648,3,13
148632,148645,148648,3,13
148632,148645,148648,3,13
148632,148643,148647,4,11
148632,148645,148648,3,13
148632,148645,148648,3,13
148632,148645,148648,3,13
148632,148644,148648,4,12
148632,148644,148648,4,12
148632,148644,148647,3,12
148632,148644,148648,4,12
148632,148644,148647,3,12
148632,148644,148649,5,12
148632,148645,148648,3,13
148632,148646,148649,3,14
148632,148645,148649,4,13
148632,148644,148649,5,12
148632,148645,148649,4,13
148632,148645,148649,4,13
148632,148647,148650,3,15
148632,148646,148650,4,14
148632,148646,148650,4,14
148632,148646,148650,4,14
148632,148648,148651,3,16
148632,148648,148651,3,16
148632,148648,148651,3,16
148632,148647,148651,4,15
148632,148647,148651,4,15
148632,148647,148651,4,15
148632,148647,148651,4,15
148632,148648,148651,3,16
148632,148648,148651,3,16
148632,148648,148651,3,16
148632,148646,148651,5,14
148632,148646,148651,5,14
148632,148646,148651,5,14
148632,148647,148651,4,15
148632,148647,148651,4,15
148632,148648,148652,4,16
148632,148647,148651,4,15
148632,148648,148652,4,16
148632,148649,148652,3,17
148632,148649,148652,3,17
148632,148648,148651,3,16
148632,148648,148651,3,16
148632,148648,148652,4,16
148632,148648,148652,4,16
148632,148649,148652,3,17
148632,148648,148652,4,16
148632,148648,148652,4,16
148632,148648,148652,4,16
148632,148649,148653,4,17
148632,148649,148653,4,17
148632,148650,148653,3,18
148632,148649,148653,4,17
148632,148651,148654,3,19
148632,148651,148654,3,19
148632,148651,148654,3,19
148632,148651,148654,3,19
148632,148651,148654,3,19
148632,148651,148654,3,19
148632,148651,148654,3,19
148632,148649,148654,5,17
148632,148651,148654,3,19
148632,148651,148654,3,19
148632,148652,148655,3,20
148632,148651,148655,4,19
148632,148651,148655,4,19
148632,148652,148655,3,20
148632,148651,148655,4,19
148632,148651,148655,4,19
148632,148652,148655,3,20
148632,148652,148655,3,20
148632,148652,148655,3,20
148632,148652,148656,4,20
148632,148652,148656,4,20
148632,148652,148656,4,20
148632,148652,148656,4,20
148632,148652,148656,4,20
148660,148660,148663,3,0
148660,148660,148663,3,0
148660,148660,148663,3,0
148660,148660,148663,3,0
148660,148660,148663,3,0
148660,148660,148663,3,0
148660,148660,148664,4,0
148660,148660,148664,4,0
148660,148660,148664,4,0
148660,148660,148664,4,0
148660,148660,148664,4,0
148660,148660,148664,4,0
148660,148660,148664,4,0
148660,148660,148664,4,0
148660,148660,148665,5,0
148660,148660,148665,5,0
148660,148660,148665,5,0
148660,148660,148665,5,0
148660,148660,148665,5,0
148660,148660,148665,5,0
148660,148660,148665,5,0
148660,148660,148665,5,0
148660,148660,148665,5,0
148660,148660,148665,5,0
148660,148660,148665,5,0
148660,148660,148665,5,0
148660,148660,148665,5,0
148660,148660,148665,5,0
148660,148660,148665,5,0
148660,148660,148665,5,0
148660,148660,148665,5,0
148660,148660,148665,5,0
148660,148660,148665,5,0
148660,148660,148665,5,0
148660,148664,148666,2,4
148660,148664,148666,2,4
148660,148664,148666,2,4
148660,148664,148666,2,4
148660,148663,148666,3,3
148660,148664,148666,2,4
148660,148660,148666,6,0
148660,148660,148666,6,0
148660,148665,148667,2,5
148660,148665,148667,2,5
148660,148665,148667,2,5
148660,148665,148667,2,5
148660,148665,148667,2,5
148660,148665,148667,2,5
148660,148665,148668,3,5
148660,148665,148668,3,5
148660,148666,148669,3,6
148660,148666,148670,4,6
148660,148666,148669,3,6
148660,148666,148670,4,6
148660,148666,148670,4,6
148660,148666,148670,4,6
148660,148667,148669,2,7
148660,148667,148669,2,7
148660,148667,148669,2,7
148660,148667,148669,2,7
148660,148667,148669,2,7
148660,148667,148669,2,7
148660,148666,148671,5,6
148660,148666,148671,5,6
148660,148666,148670,4,6
148660,148667,148670,3,7
148660,148667,148670,3,7
148660,148666,148670,4,6
148660,148666,148670,4,6
148660,148666,148670,4,6
148660,148668,148670,2,8
148660,148668,148670,2,8
148660,148668,148670,2,8
148660,148668,148670,2,8
148660,148668,148670,2,8
148660,148668,148670,2,8
148660,148666,148671,5,6
148660,148666,148671,5,6
148660,148666,148671,5,6
148660,148666,148671,5,6
148660,148666,148671,5,6
148660,148666,148671,5,6
148660,148666,148671,5,6
148660,148666,148671,5,6
148660,148669,148673,4,9
148660,148669,148672,3,9
148660,148670,148672,2,10
148660,148670,148672,2,10
148660,148670,148672,2,10
148660,148670,148672,2,10
148660,148670,148672,2,10
148660,148670,148672,2,10
148660,148670,148673,3,10
148660,148670,148673,3,10
148660,148670,148673,3,10
148660,148670,148673,3,10
148660,148670,148674,4,10
148660,148670,148674,4,10
148660,148671,148674,3,11
148660,148671,148674,3,11
148660,148671,148674,3,11
148660,148671,148674,3,11
148660,148671,148674,3,11
148660,148671,148673,2,11
148660,148671,148674,3,11
148660,148671,148674,3,11
148660,148671,148674,3,11
148660,148671,148675,4,11
148660,148671,148674,3,11
148660,148671,148674,3,11
148660,148671,148674,3,11
148660,148672,148676,4,12
148660,148672,148675,3,12
148660,148672,148675,3,12
148660,148672,148676,4,12
148660,148672,148676,4,12
148660,148671,148675,4,11
148660,148673,148675,2,13
148660,148673,148675,2,13
148660,148673,148676,3,13
148660,148673,148676,3,13
148660,148673,148675,2,13
148660,148673,148675,2,13
148660,148672,148677,5,12
148660,148672,148677,5,12
148660,148672,148676,4,12
148660,148674,148677,3,14
148660,148673,148676,3,13
148660,148673,148676,3,13
148660,148674,148677,3,14
148660,148674,148677,3,14
148660,148674,148677,3,14
148660,148674,148676,2,14
148660,148674,148676,2,14
148660,148674,148676,2,14
148660,148674,148677,3,14
148660,148674,148677,3,14
148660,148674,148677,3,14
148660,148674,148678,4,14
148660,148674,148678,4,14
148660,148675,148678,3,15
148660,148675,148678,3,15
148660,148675,148679,4,15
148660,148675,148679,4,15
148660,148675,148678,3,15
148660,148675,148678,3,15
148660,148675,148678,3,15
148660,148676,148679,3,16
148660,148676,148679,3,16
148660,148676,148679,3,16
148660,148676,148679,3,16
148660,148676,148679,3,16
148660,148676,148679,3,16
148660,148676,148679,3,16
148660,148676,148679,3,16
148660,148676,148679,3,16
148660,148676,148679,3,16
148660,148676,148679,3,16
148660,148676,148680,4,16
148660,148677,148680,3,17
148660,148677,148680,3,17
148660,148677,148680,3,17
148660,148677,148680,3,17
148660,148677,148680,3,17
148660,148677,148680,3,17
148660,148677,148681,4,17
148660,148677,148681,4,17
148660,148677,148681,4,17
148660,148677,148681,4,17
148660,148677,148681,4,17
148660,148677,148681,4,17
148660,148678,148681,3,18
148660,148678,148681,3,18
148660,148678,148682,4,18
148660,148678,148682,4,18
148660,148679,148682,3,19
148660,148679,148682,3,19
148660,148679,148682,3,19
148660,148679,148682,3,19
148660,148679,148682,3,19
148660,148679,148682,3,19
148660,148678,148681,3,18
148660,148680,148683,3,20
148660,148679,148683,4,19
148660,148679,148683,4,19
148660,148679,148683,4,19
148660,148679,148683,4,19
148660,148680,148683,3,20
148660,148680,148683,3,20
148660,148680,148683,3,20
148660,148680,148683,3,20
148660,148680,148683,3,20
148660,148680,148683,3,20
148660,148680,148683,3,20
148660,148680,148683,3,20
148660,148680,148683,3,20
148660,148680,148683,3,20
148660,148679,148684,5,19
148660,148679,148684,5,19
148660,148679,148684,5,19
148688,148688,148691,3,0
148688,148688,148691,3,0
148688,148688,148691,3,0
148688,148688,148691,3,0
148688,148688,148691,3,0
148688,148688,148692,4,0
148688,148688,148691,3,0
148688,148688,148691,3,0
148688,148688,148691,3,0
148688,148688,148692,4,0
148688,148688,148692,4,0
148688,148688,148692,4,0
148688,148688,148692,4,0
148688,148688,148693,5,0
148688,148688,148693,5,0
148688,148688,148693,5,0
148688,148688,148693,5,0
148688,148688,148693,5,0
148688,148688,148693,5,0
148688,148688,148693,5,0
148688,148688,148693,5,0
148688,148688,148693,5,0
148688,148688,148693,5,0
148688,148688,148693,5,0
148688,148688,148693,5,0
148688,148688,148693,5,0
148688,148688,148693,5,0
148688,148688,148692,4,0
148688,148688,148693,5,0
148688,148688,148693,5,0
148688,148691,148693,2,3
148688,148691,148694,3,3
148688,148691,148694,3,3
148688,148691,148694,3,3
148688,148691,148694,3,3
148688,148688,148693,5,0
148688,148688,148694,6,0
148688,148688,148693,5,0
148688,148688,148693,5,0
148688,148688,148693,5,0
148688,148688,148694,6,0
148688,148692,148695,3,4
148688,148692,148695,3,4
148688,148692,148695,3,4
148688,148692,148695,3,4
148688,148692,148695,3,4
148688,148692,148695,3,4
148688,148692,148695,3,4
148688,148693,148696,3,5
148688,148692,148696,4,4
148688,148694,148697,3,6
148688,148694,148697,3,6
148688,148694,148697,3,6
148688,148693,148697,4,5
148688,148693,148697,4,5
148688,148694,148697,3,6
148688,148694,148697,3,6
148688,148693,148697,4,5
148688,148693,148697,4,5
148688,148693,148697,4,5
148688,148693,148697,4,5
148688,148693,148697,4,5
148688,148693,148697,4,5
148688,148693,148697,4,5
148688,148693,148697,4,5
148688,148693,148697,4,5
148688,148693,148697,4,5
148688,148693,148696,3,5
148688,148695,148698,3,7
148688,148694,148698,4,6
148688,148694,148698,4,6
148688,148695,148698,3,7
148688,148695,148698,3,7
148688,148695,148698,3,7
148688,148695,148698,3,7
148688,148695,148698,3,7
148688,148693,148698,5,5
148688,148693,148698,5,5
148688,148693,148698,5,5
148688,148694,148698,4,6
148688,148694,148698,4,6
148688,148694,148698,4,6
148688,148694,148699,5,6
148688,148696,148699,3,8
148688,148697,148700,3,9
148688,148697,148700,3,9
148688,148697,148700,3,9
148688,148697,148700,3,9
148688,148696,148700,4,8
148688,148697,148700,3,9
148688,148696,148700,4,8
148688,148697,148701,4,9
148688,148697,148701,4,9
148688,148699,148701,2,11
148688,148698,148702,4,10
148688,148698,148702,4,10
148688,148698,148701,3,10
148688,148698,148702,4,10
148688,148699,148701,2,11
148688,148699,148701,2,11
148688,148699,148701,2,11
148688,148699,148701,2,11
148688,148699,148701,2,11
148688,148698,148701,3,10
148688,148698,148701,3,10
148688,148698,148701,3,10
148688,148698,148701,3,10
148688,148699,148702,3,11
148688,148698,148702,4,10
148688,148698,148702,4,10
148688,148700,148702,2,12
148688,148699,148702,3,11
148688,148698,148702,4,10
148688,148699,148702,3,11
148688,148699,148702,3,11
148688,148699,148703,4,11
148688,148701,148703,2,13
148688,148701,148703,2,13
148688,148701,148703,2,13
148688,148699,148703,4,11
148688,148701,148703,2,13
148688,148700,148703,3,12
148688,148701,148703,2,13
148688,148699,148703,4,11
148688,148699,148703,4,11
148688,148702,148704,2,14
148688,148702,148705,3,14
148688,148702,148705,3,14
148688,148702,148704,2,14
148688,148702,148705,3,14
148688,148701,148704,3,13
148688,148702,148704,2,14
148688,148702,148704,2,14
148688,148701,148704,3,13
148688,148702,148705,3,14
148688,148703,148706,3,15
148688,148702,148705,3,14
148688,148702,148706,4,14
148688,148702,148705,3,14
148688,148702,148706,4,14
148688,148702,148705,3,14
148688,148702,148705,3,14
148688,148702,148705,3,14
148688,148703,148706,3,15
148688,148702,148705,3,14
148688,148704,148706,2,16
148688,148704,148706,2,16
148688,148704,148706,2,16
148688,148704,148707,3,16
148688,148703,148706,3,15
148688,148703,148706,3,15
148688,148704,148706,2,16
148688,148703,148706,3,15
148688,148703,148707,4,15
148688,148703,148706,3,15
148688,148704,148706,2,16
148688,148703,148706,3,15
148688,148703,148707,4,15
148688,148704,148707,3,16
148688,148704,148708,4,16
148688,148704,148707,3,16
150614,150614,151477,863,0
151478,151479,151481,2,1
151478,151479,151481,2,1
151478,151479,151481,2,1
151478,151479,151481,2,1
151478,151479,151481,2,1
151478,151479,151481,2,1
151478,151479,151482,3,1
151478,151479,151482,3,1
151478,151479,151482,3,1
151478,151479,151482,3,1
151478,151479,151482,3,1
151478,151479,151482,3,1
151478,151479,151482,3,1
151478,151479,151483,4,1
151478,151479,151482,3,1
151478,151479,151482,3,1
151478,151479,151482,3,1
151478,151479,151482,3,1
151478,151479,151483,4,1
151478,151479,151482,3,1
151478,151479,151483,4,1
151478,151479,151482,3,1
151478,151479,151483,4,1
151478,151479,151483,4,1
151478,151479,151482,3,1
151478,151479,151483,4,1
151478,151479,151482,3,1
151478,151479,151482,3,1
151478,151479,151483,4,1
151478,151479,151483,4,1
151478,151479,151483,4,1
151478,151479,151483,4,1
151478,151479,151482,3,1
151478,151479,151482,3,1
151478,151479,151482,3,1
151478,151479,151483,4,1
151478,151479,151483,4,1
151478,151479,151484,5,1
151478,151479,151484,5,1
151478,151479,151484,5,1
151478,151479,151483,4,1
151478,151483,151485,2,5
151478,151482,151484,2,4
151478,151482,151484,2,4
151478,151482,151485,3,4
151478,151482,151485,3,4
151478,151483,151485,2,5
151478,151483,151485,2,5
151478,151483,151485,2,5
151478,151484,151485,1,6
151478,151483,151485,2,5
151478,151483,151486,3,5
151478,151484,151485,1,6
151478,151482,151486,4,4
151478,151482,151485,3,4
151478,151483,151486,3,5
151478,151483,151485,2,5
151478,151484,151486,2,6
151478,151483,151486,3,5
151478,151483,151486,3,5
151478,151483,151485,2,5
151478,151483,151486,3,5
151478,151483,151486,3,5
151478,151482,151486,4,4
151478,151483,151486,3,5
151478,151483,151487,4,5
151478,151483,151487,4,5
151478,151483,151487,4,5
151478,151483,151486,3,5
151478,151483,151487,4,5
151478,151483,151487,4,5
151478,151483,151486,3,5
151478,151484,151486,2,6
151478,151484,151487,3,6
151478,151483,151487,4,5
151478,151483,151487,4,5
151478,151484,151486,2,6
151478,151483,151486,3,5
151478,151483,151486,3,5
151478,151485,151488,3,7
151478,151483,151488,5,5
151478,151486,151488,2,8
151478,151483,151487,4,5
151478,151483,151487,4,5
151478,151485,151488,3,7
151478,151485,151488,3,7
151478,151485,151488,3,7
151478,151486,151488,2,8
151478,151486,151488,2,8
151478,151486,151488,2,8
151478,151486,151489,3,8
151478,151486,151489,3,8
151478,151486,151489,3,8
151478,151486,151489,3,8
151478,151485,151489,4,7
151478,151486,151489,3,8
151478,151486,151489,3,8
151478,151486,151489,3,8
151478,151487,151490,3,9
150610,150610,151490,880,0
151478,151486,151490,4,8
151478,151487,151490,3,9
151478,151487,151490,3,9
151478,151487,151490,3,9
151478,151486,151490,4,8
151478,151487,151490,3,9
151478,151487,151490,3,9
151478,151486,151489,3,8
151478,151486,151490,4,8
151478,151487,151490,3,9
151478,151487,151490,3,9
151478,151487,151490,3,9
151478,151487,151490,3,9
151478,151487,151490,3,9
150611,150611,151490,879,0
151478,151487,151490,3,9
151478,151487,151490,3,9
151478,151487,151490,3,9
151478,151487,151491,4,9
151478,151487,151491,4,9
151478,151487,151490,3,9
151478,151487,151490,3,9
150639,150639,151499,860,0
150616,150616,151501,885,0
150613,150613,151520,907,0
150644,150644,151520,876,0
150618,150618,151519,901,0
150609,150609,151521,912,0
150612,150612,151523,911,0
150649,150649,151525,876,0
150620,150621,151527,906,1
151529,151529,151530,1,0
151529,151529,151530,1,0
151529,151529,151530,1,0
151529,151529,151530,1,0
151529,151529,151530,1,0
151529,151529,151530,1,0
151529,151529,151530,1,0
151529,151529,151530,1,0
151529,151529,151532,3,0
151529,151529,151532,3,0
151529,151529,151532,3,0
151529,151529,151532,3,0
151529,151529,151532,3,0
151529,151529,151532,3,0
151529,151531,151532,1,2
151529,151529,151532,3,0
151529,151531,151532,1,2
151529,151531,151532,1,2
151529,151529,151533,4,0
151529,151530,151533,3,1
151529,151529,151533,4,0
151529,151529,151533,4,0
151529,151529,151533,4,0
151529,151529,151533,4,0
151529,151529,151533,4,0
151529,151529,151533,4,0
151529,151529,151532,3,0
151529,151529,151533,4,0
151529,151529,151533,4,0
151529,151529,151533,4,0
151529,151529,151533,4,0
151529,151529,151533,4,0
151529,151529,151533,4,0
151529,151530,151533,3,1
151529,151529,151533,4,0
151529,151529,151533,4,0
151529,151529,151533,4,0
151529,151529,151532,3,0
151529,151529,151533,4,0
151529,151532,151533,1,3
151529,151529,151533,4,0
151529,151530,151533,3,1
151529,151532,151533,1,3
151529,151529,151533,4,0
151529,151529,151533,4,0
151529,151529,151532,3,0
151529,151529,151534,5,0
151529,151530,151533,3,1
151529,151529,151534,5,0
151529,151529,151533,4,0
151529,151529,151534,5,0
151529,151529,151533,4,0
151529,151531,151534,3,2
151529,151529,151534,5,0
151529,151529,151534,5,0
151529,151531,151534,3,2
151529,151529,151534,5,0
151529,151531,151534,3,2
151529,151532,151535,3,3
151529,151532,151535,3,3
151529,151533,151535,2,4
151529,151533,151535,2,4
151529,151533,151535,2,4
151529,151532,151535,3,3
151529,151532,151535,3,3
151529,151532,151536,4,3
151529,151532,151535,3,3
151529,151532,151536,4,3
150641,150641,151536,895,0
151529,151533,151536,3,4
151529,151533,151536,3,4
151529,151534,151537,3,5
151529,151534,151537,3,5
151529,151532,151536,4,3
151529,151534,151537,3,5
151529,151533,151537,4,4
151529,151533,151536,3,4
151529,151533,151537,4,4
151529,151533,151537,4,4
151529,151533,151537,4,4
151529,151534,151537,3,5
151529,151535,151537,2,6
151529,151536,151538,2,7
151529,151534,151537,3,5
151529,151535,151537,2,6
151529,151535,151537,2,6
151529,151534,151537,3,5
151529,151534,151537,3,5
151529,151534,151537,3,5
151529,151535,151537,2,6
151529,151534,151537,3,5
151529,151534,151537,3,5
151529,151534,151537,3,5
151529,151534,151537,3,5
151529,151535,151538,3,6
151529,151534,151537,3,5
151529,151534,151537,3,5
151529,151535,151537,2,6
151529,151534,151538,4,5
151529,151534,151538,4,5
151529,151534,151538,4,5
151529,151535,151538,3,6
151529,151535,151538,3,6
151529,151535,151538,3,6
151529,151536,151538,2,7
151529,151536,151539,3,7
151529,151535,151538,3,6
151529,151535,151538,3,6
151529,151536,151539,3,7
151529,151536,151538,2,7
151529,151536,151539,3,7
151529,151537,151539,2,8
151529,151537,151539,2,8
151529,151538,151539,1,9
151529,151537,151539,2,8
151529,151538,151540,2,9
151529,151536,151539,3,7
151529,151537,151540,3,8
151529,151536,151539,3,7
151529,151536,151539,3,7
151529,151536,151539,3,7
151529,151536,151539,3,7
151529,151537,151540,3,8
151529,151537,151539,2,8
151529,151537,151540,3,8
151529,151537,151539,2,8
151529,151537,151540,3,8
151529,151537,151540,3,8
151529,151537,151541,4,8
151529,151538,151541,3,9
151529,151537,151540,3,8
151529,151538,151541,3,9
151529,151536,151541,5,7
151529,151539,151541,2,10
151529,151538,151542,4,9
151529,151538,151541,3,9
151529,151539,151542,3,10
151529,151539,151542,3,10
151529,151539,151542,3,10
151529,151540,151542,2,11
151529,151538,151542,4,9
151529,151538,151542,4,9
151529,151538,151542,4,9
151529,151538,151541,3,9
151529,151538,151541,3,9
151529,151538,151541,3,9
151529,151538,151541,3,9
151529,151538,151542,4,9
151529,151539,151542,3,10
151529,151538,151542,4,9
151529,151538,151541,3,9
151529,151539,151542,3,10
151529,151540,151542,2,11
151529,151538,151542,4,9
151529,151540,151543,3,11
151529,151539,151542,3,10
151529,151540,151542,2,11
151529,151538,151543,5,9
151529,151539,151542,3,10
151529,151539,151543,4,10
151529,151540,151543,3,11
151529,151538,151542,4,9
151529,151538,151542,4,9
151529,151539,151543,4,10
151529,151539,151543,4,10
150615,150615,151543,928,0
151529,151540,151543,3,11
151529,151539,151543,4,10
151529,151540,151543,3,11
151529,151540,151543,3,11
151529,151540,151544,4,11
151529,151540,151544,4,11
151529,151540,151543,3,11
151529,151540,151543,3,11
151529,151540,151544,4,11
151529,151540,151544,4,11
151529,151541,151544,3,12
151529,151542,151545,3,13
150622,150622,151545,923,0
151529,151542,151545,3,13
151529,151542,151544,2,13
151529,151542,151545,3,13
151529,151541,151544,3,12
151529,151541,151545,4,12
151529,151542,151545,3,13
151529,151542,151545,3,13
151529,151542,151545,3,13
151529,151541,151545,4,12
151529,151542,151545,3,13
151529,151542,151545,3,13
151529,151543,151545,2,14
151529,151541,151545,4,12
151529,151542,151545,3,13
151529,151542,151545,3,13
151529,151542,151545,3,13
151529,151543,151545,2,14
151529,151542,151545,3,13
151529,151543,151545,2,14
151529,151543,151546,3,14
151529,151541,151546,5,12
151529,151542,151546,4,13
151529,151542,151546,4,13
151529,151543,151546,3,14
151529,151543,151546,3,14
151529,151542,151546,4,13
150674,150674,151546,872,0
151529,151542,151546,4,13
151529,151542,151546,4,13
151529,151543,151546,3,14
151529,151543,151546,3,14
151529,151543,151546,3,14
151529,151544,151547,3,15
151529,151543,151546,3,14
151529,151544,151547,3,15
151529,151543,151547,4,14
151529,151544,151547,3,15
151529,151544,151547,3,15
151529,151544,151547,3,15
151529,151544,151547,3,15
150680,150680,151547,867,0
151529,151545,151548,3,16
151529,151543,151547,4,14
151529,151543,151548,5,14
151529,151544,151547,3,15
151529,151545,151547,2,16
151529,151544,151547,3,15
151529,151544,151547,3,15
151529,151545,151547,2,16
151529,151545,151547,2,16
151529,151545,151548,3,16
151529,151545,151548,3,16
151529,151545,151548,3,16
151529,151544,151548,4,15
151529,151544,151548,4,15
151529,151546,151548,2,17
151529,151547,151549,2,18
151529,151546,151549,3,17
151529,151546,151548,2,17
151529,151545,151549,4,16
151529,151545,151549,4,16
151529,151545,151549,4,16
151529,151546,151548,2,17
151529,151547,151549,2,18
151529,151545,151549,4,16
151529,151547,151549,2,18
151529,151547,151549,2,18
151529,151547,151550,3,18
151529,151547,151549,2,18
151529,151547,151549,2,18
151529,151545,151549,4,16
151529,151545,151549,4,16
151529,151547,151550,3,18
151529,151548,151550,2,19
151529,151548,151550,2,19
151529,151546,151549,3,17
151529,151546,151549,3,17
151529,151546,151550,4,17
151529,151546,151549,3,17
151529,151546,151549,3,17
151529,151546,151549,3,17
151529,151546,151549,3,17
151529,151548,151550,2,19
151529,151549,151550,1,20
151529,151547,151550,3,18
151529,151547,151550,3,18
151529,151548,151550,2,19
151529,151547,151550,3,18
151529,151547,151551,4,18
151529,151548,151550,2,19
151529,151548,151550,2,19
151529,151549,151551,2,20
151529,151546,151550,4,17
151529,151547,151550,3,18
151529,151547,151551,4,18
151529,151547,151550,3,18
151529,151548,151550,2,19
151529,151548,151550,2,19
151529,151547,151550,3,18
151529,151548,151551,3,19
151529,151548,151551,3,19
151529,151548,151551,3,19
151529,151548,151551,3,19
151529,151549,151552,3,20
151529,151549,151552,3,20
151529,151549,151551,2,20
151529,151548,151551,3,19
151529,151548,151551,3,19
151529,151549,151551,2,20
151529,151550,151552,2,21
151529,151550,151552,2,21
151529,151550,151553,3,21
151529,151548,151552,4,19
151529,151551,151553,2,22
151529,151551,151553,2,22
151529,151549,151552,3,20
151529,151550,151553,3,21
151529,151550,151552,2,21
151529,151550,151552,2,21
151529,151550,151552,2,21
151529,151549,151553,4,20
151529,151550,151552,2,21
151529,151550,151552,2,21
151529,151550,151553,3,21
151529,151550,151553,3,21
151529,151550,151552,2,21
151529,151549,151553,4,20
151529,151549,151552,3,20
151529,151550,151553,3,21
151529,151550,151553,3,21
151529,151551,151554,3,22
151529,151550,151553,3,21
151529,151550,151554,4,21
151529,151550,151554,4,21
151529,151551,151554,3,22
151529,151551,151554,3,22
151529,151551,151554,3,22
151529,151550,151554,4,21
151529,151550,151553,3,21
151529,151551,151553,2,22
151529,151550,151554,4,21
151529,151551,151554,3,22
151529,151550,151554,4,21
151529,151550,151554,4,21
151529,151550,151554,4,21
151529,151551,151553,2,22
151529,151550,151554,4,21
151529,151550,151554,4,21
151529,151550,151554,4,21
151529,151552,151555,3,23
151529,151551,151554,3,22
151529,151552,151555,3,23
151529,151550,151555,5,21
151529,151550,151554,4,21
151529,151552,151555,3,23
151529,151552,151555,3,23
151529,151552,151555,3,23
151529,151549,151554,5,20
151529,151551,151554,3,22
151529,151551,151554,3,22
151529,151552,151555,3,23
151529,151552,151555,3,23
151529,151552,151555,3,23
151529,151552,151555,3,23
151529,151554,151555,1,25
151529,151552,151555,3,23
151529,151553,151555,2,24
151529,151553,151556,3,24
151529,151553,151555,2,24
151529,151553,151555,2,24
151529,151553,151556,3,24
151529,151553,151555,2,24
151529,151553,151556,3,24
151529,151553,151556,3,24
151529,151553,151556,3,24
151529,151554,151556,2,25
151529,151554,151556,2,25
151529,151554,151555,1,25
151529,151554,151555,1,25
151529,151554,151556,2,25
151529,151553,151556,3,24
151529,151553,151556,3,24
151529,151553,151556,3,24
151529,151553,151556,3,24
151529,151553,151556,3,24
151529,151553,151556,3,24
151529,151554,151557,3,25
151529,151553,151556,3,24
151529,151553,151556,3,24
151529,151555,151557,2,26
151529,151555,151557,2,26
151529,151555,151557,2,26
151529,151553,151557,4,24
151529,151553,151557,4,24
151529,151553,151557,4,24
151529,151554,151558,4,25
151529,151555,151557,2,26
151529,151554,151558,4,25
151529,151555,151558,3,26
151529,151555,151558,3,26
151529,151554,151558,4,25
151529,151554,151558,4,25
151529,151554,151558,4,25
151529,151554,151558,4,25
151529,151554,151558,4,25
151529,151554,151558,4,25
151529,151555,151558,3,26
151529,151555,151558,3,26
151529,151555,151557,2,26
151529,151555,151558,3,26
151529,151555,151558,3,26
151529,151556,151559,3,27
151529,151554,151559,5,25
151529,151555,151558,3,26
151529,151556,151559,3,27
151529,151554,151558,4,25
151529,151554,151559,5,25
151529,151554,151559,5,25
151529,151555,151559,4,26
151529,151555,151559,4,26
151529,151556,151559,3,27
151529,151556,151559,3,27
150646,150647,151559,912,1
151529,151556,151560,4,27
151529,151557,151559,2,28
151529,151555,151559,4,26
151529,151555,151559,4,26
151529,151557,151559,2,28
151529,151558,151560,2,29
151529,151558,151559,1,29
151529,151558,151559,1,29
151529,151557,151560,3,28
151529,151558,151559,1,29
151529,151558,151559,1,29
151529,151558,151560,2,29
151529,151558,151560,2,29
151529,151556,151560,4,27
151529,151557,151560,3,28
151529,151557,151560,3,28
151529,151557,151560,3,28
151529,151557,151560,3,28
151529,151556,151560,4,27
151529,151556,151560,4,27
151529,151556,151560,4,27
151529,151557,151560,3,28
151529,151557,151561,4,28
151529,151557,151561,4,28
151529,151557,151560,3,28
151529,151557,151560,3,28
151529,151557,151560,3,28
151529,151557,151560,3,28
151529,151556,151560,4,27
151529,151557,151561,4,28
151529,151558,151560,2,29
151529,151558,151561,3,29
151529,151558,151561,3,29
151529,151558,151561,3,29
151529,151558,151562,4,29
151529,151558,151561,3,29
151529,151557,151561,4,28
151529,151559,151562,3,30
151529,151559,151561,2,30
151529,151557,151561,4,28
151529,151559,151561,2,30
151529,151557,151561,4,28
151529,151559,151562,3,30
151529,151558,151562,4,29
151529,151560,151562,2,31
151529,151560,151562,2,31
151529,151560,151562,2,31
151529,151560,151562,2,31
151529,151558,151562,4,29
151529,151560,151563,3,31
151529,151560,151562,2,31
151529,151560,151563,3,31
151529,151560,151562,2,31
151529,151560,151563,3,31
151529,151560,151563,3,31
151529,151560,151563,3,31
151529,151560,151562,2,31
151529,151560,151563,3,31
151529,151560,151563,3,31
151529,151559,151563,4,30
151529,151560,151563,3,31
151529,151560,151563,3,31
151529,151560,151563,3,31
151529,151560,151563,3,31
151529,151560,151563,3,31
151529,151559,151563,4,30
151529,151559,151563,4,30
151529,151559,151563,4,30
151529,151561,151563,2,32
151529,151560,151563,3,31
151529,151560,151563,3,31
151529,151560,151563,3,31
151530,151561,151563,2,31
151530,151561,151563,2,31
151529,151560,151563,3,31
151530,151561,151563,2,31
151530,151562,151564,2,32
151529,151560,151563,3,31
151530,151561,151564,3,31
151530,151561,151564,3,31
151530,151561,151564,3,31
151530,151562,151564,2,32
151530,151562,151564,2,32
151530,151562,151565,3,32
151530,151561,151565,4,31
151530,151561,151565,4,31
151530,151562,151564,2,32
151530,151562,151564,2,32
151530,151562,151565,3,32
151530,151562,151564,2,32
151530,151561,151564,3,31
151530,151561,151564,3,31
151530,151561,151564,3,31
151530,151561,151564,3,31
151530,151562,151564,2,32
151530,151562,151565,3,32
151530,151562,151565,3,32
151530,151563,151566,3,33
151530,151562,151565,3,32
151530,151562,151565,3,32
151530,151563,151566,3,33
151530,151563,151566,3,33
151530,151563,151565,2,33
151530,151563,151566,3,33
151530,151563,151566,3,33
151530,151564,151566,2,34
151530,151563,151566,3,33
151530,151562,151566,4,32
151530,151563,151566,3,33
151530,151563,151566,3,33
151530,151563,151566,3,33
151530,151563,151566,3,33
151530,151565,151567,2,35
151530,151564,151567,3,34
151530,151565,151567,2,35
151530,151565,151567,2,35
151530,151564,151566,2,34
151530,151563,151566,3,33
151530,151564,151567,3,34
151530,151564,151567,3,34
151530,151565,151566,1,35
151530,151565,151566,1,35
151530,151565,151567,2,35
151530,151565,151567,2,35
151530,151563,151567,4,33
151530,151563,151567,4,33
151530,151563,151567,4,33
151530,151564,151567,3,34
151530,151564,151567,3,34
151530,151563,151567,4,33
151530,151563,151567,4,33
151530,151565,151567,2,35
151530,151564,151567,3,34
151530,151565,151568,3,35
151530,151563,151567,4,33
151530,151563,151567,4,33
151530,151564,151568,4,34
151530,151564,151567,3,34
151530,151565,151567,2,35
151530,151563,151568,5,33
151530,151564,151567,3,34
151530,151564,151568,4,34
151530,151565,151567,2,35
151530,151565,151568,3,35
151530,151566,151568,2,36
151530,151563,151568,5,33
151530,151565,151568,3,35
151530,151563,151568,5,33
151530,151564,151568,4,34
151530,151566,151568,2,36
151530,151565,151568,3,35
151530,151566,151569,3,36
151530,151566,151569,3,36
151530,151566,151569,3,36
151530,151566,151569,3,36
151530,151566,151569,3,36
151530,151565,151569,4,35
151530,151565,151568,3,35
151530,151567,151569,2,37
151530,151567,151569,2,37
151530,151567,151569,2,37
151530,151566,151569,3,36
151530,151566,151570,4,36
151530,151567,151570,3,37
151530,151567,151570,3,37
151530,151567,151570,3,37
151530,151567,151569,2,37
151530,151567,151569,2,37
151530,151565,151569,4,35
151530,151567,151570,3,37
151530,151567,151570,3,37
151530,151567,151570,3,37
151530,151566,151570,4,36
151530,151567,151570,3,37
151530,151567,151570,3,37
151530,151567,151570,3,37
151530,151567,151570,3,37
151530,151567,151570,3,37
151530,151567,151570,3,37
151530,151567,151570,3,37
151530,151568,151570,2,38
151530,151568,151570,2,38
151530,151568,151570,2,38
151530,151568,151571,3,38
151530,151568,151570,2,38
151530,151568,151570,2,38
151530,151568,151570,2,38
151530,151568,151570,2,38
151530,151568,151571,3,38
151530,151568,151570,2,38
151530,151570,151571,1,40
151530,151568,151571,3,38
151530,151568,151571,3,38
151530,151568,151571,3,38
151530,151569,151571,2,39
151530,151569,151571,2,39
151530,151569,151571,2,39
151530,151568,151572,4,38
151530,151569,151571,2,39
151530,151567,151571,4,37
151530,151569,151571,2,39
151530,151570,151571,1,40
151530,151569,151572,3,39
151530,151570,151571,1,40
151530,151570,151571,1,40
151530,151570,151572,2,40
151530,151568,151571,3,38
151530,151568,151572,4,38
151530,151568,151571,3,38
151530,151569,151572,3,39
151530,151568,151572,4,38
151530,151568,151572,4,38
151530,151569,151572,3,39
151530,151568,151572,4,38
151530,151568,151572,4,38
151530,151571,151573,2,41
151530,151571,151573,2,41
151530,151569,151572,3,39
151530,151569,151573,4,39
151530,151569,151572,3,39
151530,151570,151573,3,40
151530,151570,151573,3,40
151530,151571,151573,2,41
151530,151571,151574,3,41
151530,151569,151573,4,39
151530,151571,151573,2,41
151530,151571,151574,3,41
151530,151571,151573,2,41
151530,151571,151573,2,41
151530,151571,151573,2,41
151530,151571,151573,2,41
151530,151571,151573,2,41
151530,151570,151574,4,40
151530,151570,151574,4,40
151530,151570,151574,4,40
151530,151570,151574,4,40
151530,151571,151574,3,41
151530,151572,151574,2,42
151530,151572,151575,3,42
151530,151569,151574,5,39
151530,151572,151574,2,42
151530,151572,151574,2,42
151530,151571,151574,3,41
151530,151571,151574,3,41
151530,151571,151574,3,41
151530,151572,151575,3,42
151530,151571,151575,4,41
151530,151571,151575,4,41
151530,151571,151574,3,41
151530,151571,151575,4,41
151530,151571,151575,4,41
151530,151571,151575,4,41
151530,151571,151575,4,41
151530,151572,151575,3,42
151530,151571,151575,4,41
151530,151572,151576,4,42
151530,151572,151575,3,42
151530,151572,151576,4,42
151530,151573,151576,3,43
151530,151572,151575,3,42
151530,151573,151576,3,43
151530,151573,151576,3,43
150627,150631,151576,945,4
151530,151571,151575,4,41
151530,151571,151575,4,41
151530,151572,151575,3,42
151530,151572,151576,4,42
151530,151572,151576,4,42
151530,151575,151576,1,45
151530,151575,151576,1,45
151530,151572,151576,4,42
151530,151572,151576,4,42
151530,151574,151576,2,44
151530,151574,151576,2,44
151530,151572,151576,4,42
151530,151573,151576,3,43
151530,151574,151577,3,44
151530,151573,151576,3,43
151530,151574,151577,3,44
151530,151575,151577,2,45
151530,151574,151576,2,44
151530,151574,151576,2,44
151530,151575,151577,2,45
151530,151573,151576,3,43
151530,151574,151577,3,44
151530,151574,151576,2,44
151530,151574,151576,2,44
151530,151575,151577,2,45
151530,151574,151577,3,44
151530,151575,151577,2,45
151530,151573,151576,3,43
151530,151573,151577,4,43
151530,151573,151576,3,43
151530,151575,151577,2,45
151530,151572,151577,5,42
151530,151574,151577,3,44
151530,151575,151577,2,45
151530,151575,151578,3,45
151530,151575,151578,3,45
151530,151575,151577,2,45
151530,151574,151577,3,44
151530,151575,151578,3,45
151530,151575,151577,2,45
151530,151575,151578,3,45
151530,151575,151578,3,45
151530,151575,151578,3,45
151530,151575,151578,3,45
151530,151576,151578,2,46
151530,151576,151578,2,46
151530,151576,151578,2,46
151530,151576,151578,2,46
151530,151577,151579,2,47
151530,151577,151578,1,47
151530,151577,151578,1,47
151530,151576,151579,3,46
151530,151576,151579,3,46
151530,151576,151579,3,46
151530,151577,151579,2,47
151530,151577,151579,2,47
151530,151575,151578,3,45
151530,151576,151579,3,46
151530,151577,151578,1,47
151530,151577,151578,1,47
151530,151576,151579,3,46
151530,151577,151579,2,47
151530,151577,151579,2,47
151530,151575,151579,4,45
151530,151577,151580,3,47
151530,151576,151580,4,46
151530,151576,151580,4,46
151530,151576,151579,3,46
151530,151576,151580,4,46
151530,151576,151580,4,46
151530,151576,151580,4,46
151530,151577,151580,3,47
151530,151577,151581,4,47
151530,151577,151580,3,47
151530,151577,151580,3,47
151530,151577,151580,3,47
151530,151577,151580,3,47
151530,151577,151581,4,47
151530,151577,151581,4,47
151530,151577,151581,4,47
151530,151577,151581,4,47
151530,151577,151581,4,47
151530,151578,151581,3,48
151530,151578,151581,3,48
151530,151578,151581,3,48
151530,151578,151581,3,48
151530,151578,151581,3,48
151530,151578,151581,3,48
151530,151576,151581,5,46
151530,151577,151582,5,47
151530,151577,151581,4,47
151530,151578,151581,3,48
151530,151579,151582,3,49
151530,151578,151581,3,48
151530,151577,151581,4,47
151530,151579,151582,3,49
151530,151577,151582,5,47
151530,151578,151582,4,48
151530,151578,151582,4,48
151530,151579,151582,3,49
151530,151578,151582,4,48
151530,151578,151582,4,48
151530,151578,151582,4,48
151530,151579,151582,3,49
151530,151577,151582,5,47
151530,151578,151582,4,48
151530,151579,151582,3,49
151530,151579,151582,3,49
151530,151579,151583,4,49
151530,151579,151582,3,49
151530,151579,151583,4,49
151530,151579,151583,4,49
151530,151579,151583,4,49
151530,151580,151583,3,50
151530,151579,151582,3,49
151530,151580,151583,3,50
151530,151580,151583,3,50
151530,151582,151583,1,52
151530,151579,151583,4,49
151530,151579,151583,4,49
151530,151579,151583,4,49
151530,151579,151583,4,49
151530,151579,151583,4,49
151530,151579,151583,4,49
151530,151582,151583,1,52
151530,151580,151583,3,50
151530,151582,151584,2,52
151530,151582,151583,1,52
151530,151582,151584,2,52
151530,151582,151584,2,52
151530,151579,151583,4,49
151530,151581,151584,3,51
151530,151580,151584,4,50
151530,151580,151584,4,50
151530,151580,151584,4,50
151530,151581,151585,4,51
151530,151579,151584,5,49
151530,151582,151584,2,52
151530,151582,151585,3,52
151530,151582,151584,2,52
151530,151582,151584,2,52
151530,151582,151584,2,52
151530,151580,151584,4,50
151530,151582,151584,2,52
151530,151581,151584,3,51
151530,151581,151584,3,51
151530,151581,151585,4,51
151530,151581,151585,4,51
151530,151581,151585,4,51
151530,151582,151585,3,52
151530,151582,151585,3,52
151530,151581,151585,4,51
151530,151581,151585,4,51
151530,151581,151585,4,51
151530,151583,151585,2,53
151530,151583,151585,2,53
151530,151583,151586,3,53
151530,151583,151586,3,53
151530,151583,151586,3,53
151530,151583,151586,3,53
151530,151583,151585,2,53
151530,151583,151585,2,53
151530,151583,151586,3,53
151530,151583,151586,3,53
151530,151583,151586,3,53
151530,151583,151585,2,53
151530,151583,151586,3,53
151530,151583,151586,3,53
151530,151584,151586,2,54
151530,151583,151586,3,53
151530,151585,151586,1,55
151530,151585,151586,1,55
151530,151585,151586,1,55
151530,151583,151586,3,53
151530,151584,151586,2,54
151530,151585,151586,1,55
151530,151583,151586,3,53
151530,151585,151586,1,55
151530,151584,151587,3,54
151530,151585,151586,1,55
151530,151584,151586,2,54
151530,151584,151586,2,54
151530,151583,151587,4,53
151530,151584,151587,3,54
151530,151583,151587,4,53
151530,151583,151587,4,53
151530,151585,151587,2,55
151530,151584,151587,3,54
151530,151586,151588,2,56
151530,151586,151588,2,56
151530,151584,151587,3,54
151530,151584,151587,3,54
151530,151584,151587,3,54
151530,151586,151588,2,56
151530,151584,151588,4,54
151530,151584,151587,3,54
151530,151584,151588,4,54
151530,151585,151587,2,55
151530,151584,151587,3,54
151530,151584,151587,3,54
151530,151585,151588,3,55
151530,151585,151588,3,55
151530,151585,151588,3,55
151530,151585,151588,3,55
151530,151585,151588,3,55
151530,151586,151588,2,56
151530,151586,151589,3,56
151530,151586,151588,2,56
151530,151585,151589,4,55
151530,151585,151589,4,55
151530,151585,151589,4,55
151530,151586,151588,2,56
151530,151586,151588,2,56
151530,151585,151589,4,55
151530,151585,151589,4,55
151530,151587,151590,3,57
151530,151585,151589,4,55
151530,151586,151590,4,56
151530,151586,151590,4,56
151530,151586,151590,4,56
151530,151586,151590,4,56
151530,151586,151590,4,56
151530,151587,151590,3,57
151530,151586,151590,4,56
151530,151586,151590,4,56
151530,151586,151590,4,56
151530,151586,151590,4,56
151530,151586,151590,4,56
151530,151587,151590,3,57
151530,151587,151591,4,57
151530,151587,151590,3,57
151530,151587,151590,3,57
151530,151587,151590,3,57
151530,151587,151591,4,57
151530,151587,151590,3,57
151530,151588,151591,3,58
151530,151588,151591,3,58
151530,151587,151591,4,57
151530,151587,151590,3,57
151530,151589,151591,2,59
151530,151586,151590,4,56
151530,151588,151591,3,58
151530,151589,151591,2,59
151530,151589,151591,2,59
151530,151587,151591,4,57
151530,151588,151591,3,58
151530,151588,151591,3,58
151530,151587,151591,4,57
151530,151587,151591,4,57
151530,151588,151591,3,58
151530,151589,151591,2,59
151530,151589,151591,2,59
151530,151589,151591,2,59
151530,151588,151591,3,58
151530,151588,151591,3,58
151530,151589,151591,2,59
151530,151588,151591,3,58
151530,151588,151592,4,58
151530,151589,151592,3,59
151530,151589,151592,3,59
151530,151587,151592,5,57
151530,151588,151592,4,58
151530,151588,151592,4,58
151530,151589,151592,3,59
151530,151589,151592,3,59
151530,151588,151592,4,58
151530,151588,151592,4,58
151530,151588,151592,4,58
151530,151589,151592,3,59
151530,151589,151592,3,59
151530,151589,151592,3,59
151530,151590,151592,2,60
151530,151590,151593,3,60
151530,151588,151592,4,58
151533,151592,151593,1,59
151533,151592,151593,1,59
151530,151590,151593,3,60
151530,151590,151593,3,60
151530,151590,151593,3,60
151530,151590,151593,3,60
151530,151590,151593,3,60
151530,151590,151594,4,60
151533,151592,151593,1,59
151533,151592,151593,1,59
151533,151592,151594,2,59
151533,151592,151593,1,59
151530,151591,151594,3,61
151530,151591,151593,2,61
151530,151591,151593,2,61
151530,151591,151593,2,61
151533,151592,151593,1,59
150683,150683,151593,910,0
151530,151591,151594,3,61
151533,151592,151593,1,59
151530,151591,151593,2,61
151530,151591,151593,2,61
151533,151591,151594,3,58
151533,151591,151594,3,58
151533,151591,151594,3,58
151533,151591,151594,3,58
151533,151591,151594,3,58
151530,151590,151594,4,60
151533,151592,151594,2,59
151533,151593,151594,1,60
151530,151590,151594,4,60
151533,151591,151594,3,58
151533,151593,151594,1,60
151533,151591,151594,3,58
151533,151591,151595,4,58
151533,151592,151594,2,59
151533,151592,151595,3,59
151533,151592,151595,3,59
151533,151592,151595,3,59
151533,151591,151595,4,58
151533,151593,151595,2,60
151533,151591,151595,4,58
151533,151591,151596,5,58
151533,151593,151595,2,60
151533,151594,151595,1,61
151533,151594,151596,2,61
151533,151592,151596,4,59
151533,151592,151596,4,59
151533,151592,151596,4,59
151533,151592,151596,4,59
151533,151592,151596,4,59
151533,151592,151596,4,59
151533,151592,151596,4,59
151533,151592,151596,4,59
150630,150633,151596,963,3
151533,151594,151597,3,61
151533,151594,151596,2,61
151533,151594,151597,3,61
151533,151591,151596,5,58
151533,151594,151597,3,61
151533,151593,151596,3,60
151533,151594,151597,3,61
151533,151594,151597,3,61
151533,151594,151597,3,61
151533,151595,151597,2,62
151533,151593,151597,4,60
151533,151593,151596,3,60
151533,151594,151596,2,61
151533,151594,151597,3,61
151533,151593,151596,3,60
151533,151593,151597,4,60
151533,151594,151597,3,61
151533,151595,151597,2,62
151533,151594,151597,3,61
151533,151595,151598,3,62
151533,151594,151597,3,61
151533,151595,151597,2,62
151533,151595,151597,2,62
151533,151594,151597,3,61
151533,151594,151597,3,61
151533,151595,151598,3,62
151533,151595,151597,2,62
151533,151594,151597,3,61
151533,151594,151597,3,61
151533,151595,151597,2,62
151533,151594,151598,4,61
151533,151594,151598,4,61
151533,151594,151598,4,61
151533,151594,151598,4,61
151533,151595,151598,3,62
151533,151595,151598,3,62
151533,151595,151598,3,62
151533,151594,151598,4,61
151533,151594,151598,4,61
151533,151595,151598,3,62
151533,151595,151598,3,62
151533,151597,151599,2,64
151533,151596,151599,3,63
151533,151596,151599,3,63
151533,151596,151599,3,63
151533,151596,151599,3,63
151533,151597,151599,2,64
151533,151597,151600,3,64
151533,151597,151600,3,64
151533,151596,151599,3,63
151533,151597,151600,3,64
151533,151595,151599,4,62
151533,151597,151599,2,64
151533,151596,151599,3,63
151533,151596,151599,3,63
151533,151597,151599,2,64
151533,151597,151600,3,64
151533,151597,151600,3,64
151533,151597,151600,3,64
151533,151596,151600,4,63
151533,151596,151600,4,63
151533,151597,151600,3,64
151533,151597,151600,3,64
151533,151597,151600,3,64
151533,151597,151600,3,64
151533,151597,151600,3,64
151533,151596,151600,4,63
151533,151596,151600,4,63
151533,151598,151600,2,65
151533,151598,151601,3,65
151533,151597,151600,3,64
151533,151597,151600,3,64
151533,151597,151600,3,64
151533,151598,151600,2,65
151533,151600,151601,1,67
151533,151597,151600,3,64
151533,151597,151600,3,64
151533,151598,151600,2,65
151533,151598,151601,3,65
151533,151598,151601,3,65
151533,151598,151601,3,65
151533,151598,151600,2,65
151533,151597,151601,4,64
151533,151598,151601,3,65
151533,151598,151601,3,65
151533,151599,151601,2,66
151533,151600,151601,1,67
151533,151599,151602,3,66
151533,151600,151601,1,67
151533,151600,151602,2,67
151533,151598,151601,3,65
151533,151598,151602,4,65
151533,151598,151601,3,65
151533,151598,151601,3,65
151533,151598,151602,4,65
151533,151598,151601,3,65
151533,151599,151602,3,66
151533,151600,151602,2,67
151533,151598,151602,4,65
151533,151598,151602,4,65
151533,151599,151602,3,66
151533,151599,151603,4,66
151533,151599,151603,4,66
151533,151599,151603,4,66
151533,151600,151602,2,67
151533,151599,151603,4,66
151533,151599,151603,4,66
151533,151600,151603,3,67
151533,151600,151603,3,67
151533,151600,151603,3,67
151533,151600,151603,3,67
151533,151599,151603,4,66
151533,151599,151603,4,66
151533,151601,151604,3,68
151533,151601,151604,3,68
151533,151599,151603,4,66
151533,151600,151604,4,67
151533,151600,151604,4,67
151533,151602,151604,2,69
151533,151599,151603,4,66
151533,151600,151604,4,67
151533,151602,151604,2,69
151533,151601,151604,3,68
151533,151601,151604,3,68
151533,151602,151604,2,69
151533,151600,151604,4,67
151533,151602,151604,2,69
151533,151603,151604,1,70
151533,151600,151604,4,67
151533,151600,151604,4,67
151533,151600,151604,4,67
151533,151600,151604,4,67
151533,151600,151604,4,67
151533,151603,151604,1,70
151533,151601,151604,3,68
151533,151603,151604,1,70
151533,151601,151605,4,68
151533,151601,151604,3,68
151533,151601,151605,4,68
151533,151601,151605,4,68
151533,151603,151605,2,70
151533,151601,151604,3,68
151533,151601,151605,4,68
151533,151601,151605,4,68
151533,151601,151605,4,68
151533,151602,151605,3,69
151533,151602,151605,3,69
151533,151603,151605,2,70
151533,151601,151605,4,68
151533,151601,151604,3,68
151533,151602,151604,2,69
151533,151602,151605,3,69
151533,151602,151605,3,69
151533,151602,151605,3,69
151533,151602,151605,3,69
151533,151600,151605,5,67
151533,151601,151605,4,68
151533,151601,151605,4,68
151533,151602,151606,4,69
151533,151603,151606,3,70
151533,151602,151606,4,69
151533,151602,151606,4,69
151533,151603,151606,3,70
151533,151603,151606,3,70
151533,151604,151606,2,71
151533,151603,151606,3,70
151533,151604,151606,2,71
151533,151604,151606,2,71
151533,151601,151606,5,68
151533,151604,151606,2,71
151533,151604,151607,3,71
150633,150633,151607,974,0
151533,151603,151607,4,70
151533,151604,151607,3,71
151533,151603,151607,4,70
151533,151604,151607,3,71
151533,151604,151607,3,71
151533,151603,151607,4,70
151533,151605,151607,2,72
151533,151605,151607,2,72
151533,151605,151607,2,72
151533,151605,151607,2,72
151533,151605,151607,2,72
151533,151605,151608,3,72
151533,151605,151608,3,72
151533,151605,151608,3,72
151533,151605,151608,3,72
151533,151605,151607,2,72
151533,151605,151608,3,72
151533,151605,151607,2,72
151533,151605,151608,3,72
151537,151605,151608,3,68
151533,151605,151607,2,72
151533,151605,151607,2,72
151533,151604,151608,4,71
151533,151604,151608,4,71
151533,151605,151608,3,72
151533,151605,151608,3,72
151533,151605,151608,3,72
151537,151607,151609,2,70
151537,151607,151608,1,70
151537,151607,151608,1,70
151533,151605,151608,3,72
151533,151605,151609,4,72
151533,151605,151608,3,72
151533,151605,151608,3,72
151537,151606,151608,2,69
151533,151605,151608,3,72
151537,151605,151609,4,68
151537,151605,151609,4,68
151537,151605,151609,4,68
151537,151605,151608,3,68
151537,151605,151608,3,68
151537,151605,151609,4,68
151537,151606,151610,4,69
151537,151607,151609,2,70
151537,151606,151609,3,69
151537,151606,151609,3,69
151537,151607,151609,2,70
151537,151607,151609,2,70
151537,151607,151609,2,70
151537,151606,151610,4,69
150671,150671,151609,938,0
151537,151606,151609,3,69
151537,151606,151610,4,69
151537,151606,151610,4,69
151537,151608,151611,3,71
151537,151606,151610,4,69
151537,151608,151610,2,71
151537,151608,151611,3,71
151537,151608,151611,3,71
151537,151607,151610,3,70
151537,151607,151611,4,70
151537,151608,151611,3,71
151537,151607,151611,4,70
151537,151608,151611,3,71
151537,151607,151611,4,70
151537,151608,151611,3,71
151537,151607,151612,5,70
151537,151609,151611,2,72
151537,151608,151611,3,71
151537,151608,151611,3,71
151537,151609,151612,3,72
151537,151608,151611,3,71
151537,151608,151611,3,71
151537,151609,151612,3,72
151537,151609,151612,3,72
151537,151608,151611,3,71
151537,151609,151611,2,72
151537,151608,151612,4,71
151537,151608,151611,3,71
151537,151609,151612,3,72
151537,151609,151611,2,72
151537,151609,151612,3,72
151537,151607,151611,4,70
151537,151607,151611,4,70
151537,151608,151612,4,71
151537,151608,151611,3,71
151537,151608,151612,4,71
151537,151608,151612,4,71
151537,151609,151612,3,72
151537,151610,151612,2,73
151537,151610,151613,3,73
151537,151610,151612,2,73
151537,151610,151612,2,73
151537,151609,151612,3,72
151537,151609,151612,3,72
151537,151608,151612,4,71
151537,151609,151612,3,72
151537,151609,151613,4,72
151537,151609,151612,3,72
151537,151610,151613,3,73
151537,151611,151613,2,74
151537,151609,151612,3,72
151537,151609,151613,4,72
151537,151610,151613,3,73
151537,151611,151614,3,74
151537,151610,151613,3,73
151537,151610,151614,4,73
151537,151611,151614,3,74
151537,151610,151613,3,73
151537,151610,151614,4,73
151537,151610,151613,3,73
151537,151611,151614,3,74
151537,151611,151613,2,74
151537,151610,151614,4,73
151537,151611,151613,2,74
151537,151611,151614,3,74
151537,151611,151614,3,74
151537,151610,151614,4,73
151537,151610,151614,4,73
151537,151611,151614,3,74
151537,151611,151614,3,74
151537,151612,151615,3,75
151537,151612,151615,3,75
151537,151613,151615,2,76
151537,151613,151615,2,76
151537,151612,151614,2,75
151537,151611,151615,4,74
151537,151612,151615,3,75
151537,151612,151615,3,75
151537,151612,151615,3,75
151537,151610,151614,4,73
151537,151612,151615,3,75
151537,151612,151615,3,75
151537,151612,151615,3,75
151537,151610,151614,4,73
151537,151612,151614,2,75
151538,151614,151615,1,76
151537,151612,151615,3,75
151537,151612,151614,2,75
151537,151612,151615,3,75
151537,151612,151615,3,75
151537,151612,151615,3,75
151538,151614,151615,1,76
151537,151612,151615,3,75
151537,151612,151615,3,75
151537,151612,151615,3,75
151537,151612,151615,3,75
151537,151613,151615,2,76
151537,151613,151615,2,76
151538,151613,151616,3,75
151538,151613,151616,3,75
151538,151613,151616,3,75
151537,151612,151615,3,75
151538,151614,151615,1,76
151537,151612,151615,3,75
151537,151612,151615,3,75
151538,151613,151616,3,75
151538,151613,151616,3,75
151537,151612,151616,4,75
151538,151614,151616,2,76
151538,151614,151616,2,76
151538,151614,151616,2,76
151538,151614,151616,2,76
151538,151615,151616,1,77
151538,151615,151616,1,77
151537,151612,151616,4,75
151538,151613,151617,4,75
151538,151613,151616,3,75
151538,151613,151616,3,75
151538,151614,151617,3,76
151538,151613,151616,3,75
151538,151613,151617,4,75
151538,151615,151617,2,77
151538,151613,151617,4,75
151538,151614,151617,3,76
151538,151614,151617,3,76
151538,151614,151618,4,76
151538,151615,151618,3,77
151538,151614,151618,4,76
151538,151614,151618,4,76
151538,151615,151618,3,77
151538,151615,151618,3,77
151538,151615,151618,3,77
151538,151615,151618,3,77
151538,151614,151618,4,76
151538,151615,151617,2,77
151538,151615,151618,3,77
151538,151615,151618,3,77
151538,151615,151618,3,77
151538,151616,151618,2,78
151538,151615,151618,3,77
151538,151615,151618,3,77
151538,151615,151618,3,77
151538,151615,151619,4,77
151538,151615,151619,4,77
151538,151615,151618,3,77
151538,151615,151618,3,77
151538,151616,151619,3,78
151538,151614,151619,5,76
151538,151616,151619,3,78
151538,151616,151619,3,78
151538,151615,151619,4,77
151538,151615,151619,4,77
151538,151616,151619,3,78
151538,151616,151619,3,78
151538,151616,151619,3,78
151538,151616,151619,3,78
151538,151616,151619,3,78
151538,151616,151619,3,78
151538,151617,151620,3,79
151538,151617,151620,3,79
151538,151616,151620,4,78
151538,151616,151619,3,78
151538,151615,151620,5,77
151538,151615,151620,5,77
151538,151616,151620,4,78
151538,151617,151620,3,79
151538,151616,151620,4,78
151538,151617,151621,4,79
151538,151617,151620,3,79
151538,151617,151621,4,79
151538,151619,151620,1,81
151538,151619,151620,1,81
151538,151619,151620,1,81
151538,151616,151621,5,78
151538,151616,151620,4,78
151538,151618,151621,3,80
151538,151617,151620,3,79
151538,151619,151621,2,81
151538,151617,151621,4,79
151538,151618,151621,3,80
151538,151618,151621,3,80
151538,151618,151621,3,80
151538,151617,151621,4,79
151538,151618,151621,3,80
151538,151617,151621,4,79
151538,151618,151621,3,80
151538,151619,151621,2,81
151538,151619,151621,2,81
151538,151619,151621,2,81
151538,151620,151622,2,82
151538,151616,151621,5,78
151538,151618,151621,3,80
151538,151619,151621,2,81
151538,151618,151621,3,80
151538,151618,151621,3,80
151538,151617,151621,4,79
151538,151617,151622,5,79
151538,151618,151621,3,80
151538,151618,151621,3,80
151538,151619,151621,2,81
151538,151618,151622,4,80
151538,151619,151622,3,81
151538,151619,151622,3,81
151538,151619,151622,3,81
151538,151619,151622,3,81
151538,151618,151622,4,80
151538,151618,151622,4,80
151538,151620,151622,2,82
151538,151620,151622,2,82
151538,151620,151622,2,82
151538,151620,151622,2,82
151538,151620,151623,3,82
151538,151620,151622,2,82
151538,151620,151623,3,82
151538,151620,151623,3,82
151538,151620,151622,2,82
151538,151618,151622,4,80
151544,151620,151623,3,76
151538,151620,151623,3,82
151538,151620,151623,3,82
151538,151620,151623,3,82
151544,151622,151623,1,78
151544,151622,151623,1,78
151544,151621,151624,3,77
151544,151621,151624,3,77
151538,151620,151623,3,82
151544,151622,151624,2,78
151544,151622,151623,1,78
151544,151622,151623,1,78
151544,151622,151623,1,78
151544,151622,151624,2,78
151544,151622,151624,2,78
151544,151622,151624,2,78
151544,151621,151624,3,77
151544,151622,151624,2,78
151544,151620,151623,3,76
151544,151620,151624,4,76
151544,151622,151625,3,78
151544,151621,151624,3,77
151544,151622,151624,2,78
151544,151622,151624,2,78
151544,151622,151624,2,78
151544,151622,151624,2,78
151544,151622,151625,3,78
151544,151621,151625,4,77
151544,151621,151624,3,77
151544,151621,151625,4,77
151544,151621,151624,3,77
151544,151621,151625,4,77
151544,151621,151625,4,77
151544,151621,151625,4,77
151544,151621,151625,4,77
151544,151622,151625,3,78
151544,151621,151626,5,77
151544,151622,151625,3,78
151544,151622,151626,4,78
151544,151622,151626,4,78
151544,151622,151625,3,78
151544,151623,151626,3,79
151544,151622,151625,3,78
151544,151623,151625,2,79
151544,151624,151626,2,80
151544,151622,151626,4,78
151544,151622,151626,4,78
151544,151622,151626,4,78
151544,151623,151626,3,79
151544,151623,151626,3,79
151544,151625,151626,1,81
151544,151625,151626,1,81
151544,151625,151626,1,81
151544,151625,151626,1,81
151544,151623,151626,3,79
151544,151624,151627,3,80
151544,151624,151627,3,80
151544,151625,151626,1,81
151544,151623,151627,4,79
151544,151623,151626,3,79
151544,151623,151626,3,79
151544,151623,151626,3,79
151544,151623,151626,3,79
151544,151624,151626,2,80
151544,151623,151626,3,79
151544,151623,151627,4,79
151544,151623,151627,4,79
151544,151624,151627,3,80
151544,151624,151628,4,80
151544,151622,151627,5,78
151544,151624,151627,3,80
151544,151624,151628,4,80
151544,151624,151627,3,80
151544,151624,151628,4,80
151544,151625,151628,3,81
151544,151624,151628,4,80
151544,151624,151628,4,80
151544,151624,151628,4,80
151544,151625,151628,3,81
151544,151624,151628,4,80
151544,151625,151628,3,81
151544,151624,151627,3,80
151544,151625,151627,2,81
151544,151625,151627,2,81
151544,151626,151628,2,82
151544,151626,151628,2,82
151544,151624,151629,5,80
151544,151626,151628,2,82
151544,151626,151628,2,82
151544,151626,151628,2,82
151544,151626,151628,2,82
151544,151626,151629,3,82
151544,151626,151629,3,82
151544,151624,151629,5,80
151544,151626,151629,3,82
151544,151624,151628,4,80
151544,151624,151629,5,80
151544,151626,151629,3,82
151544,151625,151629,4,81
151544,151626,151629,3,82
151544,151627,151629,2,83
151544,151628,151630,2,84
151544,151626,151629,3,82
151544,151626,151630,4,82
151544,151627,151630,3,83
151544,151627,151630,3,83
151544,151627,151629,2,83
151544,151627,151630,3,83
151544,151627,151630,3,83
151544,151627,151630,3,83
151544,151627,151630,3,83
151544,151627,151630,3,83
151544,151627,151630,3,83
151544,151627,151630,3,83
151544,151627,151630,3,83
151544,151627,151630,3,83
151544,151627,151630,3,83
151544,151627,151630,3,83
151548,151628,151631,3,80
151548,151628,151631,3,80
151544,151627,151631,4,83
151548,151628,151631,3,80
151544,151627,151630,3,83
151544,151627,151631,4,83
151544,151627,151631,4,83
151544,151627,151631,4,83
151544,151627,151630,3,83
151548,151628,151631,3,80
151548,151628,151631,3,80
151548,151628,151631,3,80
151548,151628,151631,3,80
151548,151628,151630,2,80
151548,151628,151631,3,80
151548,151628,151631,3,80
151548,151628,151632,4,80
151548,151628,151631,3,80
151548,151629,151632,3,81
151548,151629,151631,2,81
151548,151629,151631,2,81
151548,151629,151631,2,81
151548,151629,151631,2,81
151548,151629,151632,3,81
151548,151629,151632,3,81
151548,151630,151632,2,82
151548,151630,151632,2,82
151548,151628,151632,4,80
151548,151628,151632,4,80
151548,151628,151632,4,80
151548,151628,151632,4,80
151548,151628,151632,4,80
151548,151630,151633,3,82
151548,151629,151632,3,81
151548,151630,151633,3,82
151548,151629,151632,3,81
151548,151630,151633,3,82
151548,151630,151633,3,82
151548,151629,151633,4,81
151548,151629,151633,4,81
151548,151629,151633,4,81
151548,151629,151633,4,81
151548,151629,151633,4,81
151548,151629,151633,4,81
151548,151629,151634,5,81
151548,151631,151634,3,83
151548,151631,151634,3,83
151548,151632,151633,1,84
151548,151630,151633,3,82
151548,151630,151634,4,82
151548,151631,151634,3,83
151548,151631,151633,2,83
151548,151632,151634,2,84
151548,151632,151634,2,84
151548,151632,151633,1,84
151548,151632,151633,1,84
151548,151630,151634,4,82
151548,151632,151635,3,84
151548,151630,151635,5,82
151548,151632,151634,2,84
151548,151633,151634,1,85
151548,151630,151634,4,82
151548,151631,151635,4,83
151548,151632,151634,2,84
151548,151633,151634,1,85
151548,151631,151634,3,83
151548,151631,151634,3,83
151548,151631,151634,3,83
151548,151632,151634,2,84
151548,151632,151634,2,84
151548,151632,151634,2,84
151548,151632,151634,2,84
151548,151632,151635,3,84
151548,151631,151634,3,83
151548,151631,151634,3,83
151548,151631,151635,4,83
151548,151631,151634,3,83
151548,151631,151635,4,83
151548,151631,151634,3,83
151548,151631,151634,3,83
151548,151631,151635,4,83
151548,151632,151635,3,84
151548,151634,151635,1,86
151548,151630,151636,6,82
151548,151633,151635,2,85
151548,151633,151635,2,85
151548,151633,151635,2,85
151548,151632,151635,3,84
151548,151633,151636,3,85
151548,151633,151636,3,85
151548,151633,151636,3,85
151548,151633,151635,2,85
151548,151634,151636,2,86
151548,151634,151636,2,86
151548,151633,151637,4,85
151548,151634,151637,3,86
151548,151634,151637,3,86
151548,151634,151636,2,86
151548,151634,151637,3,86
151548,151634,151637,3,86
151548,151633,151637,4,85
151548,151633,151637,4,85
151548,151633,151636,3,85
151548,151634,151638,4,86
151548,151634,151637,3,86
151548,151634,151637,3,86
151548,151634,151637,3,86
151548,151635,151637,2,87
151548,151634,151637,3,86
151548,151635,151638,3,87
151548,151635,151638,3,87
151548,151635,151637,2,87
151548,151634,151637,3,86
151548,151635,151638,3,87
151548,151635,151638,3,87
151548,151635,151638,3,87
151548,151634,151637,3,86
151548,151635,151638,3,87
151548,151635,151638,3,87
151548,151634,151637,3,86
151549,151635,151638,3,86
151549,151636,151638,2,87
151548,151635,151638,3,87
151549,151636,151638,2,87
151548,151635,151638,3,87
151549,151636,151639,3,87
151548,151635,151638,3,87
151549,151635,151639,4,86
151549,151635,151638,3,86
151548,151635,151638,3,87
151549,151636,151639,3,87
151549,151636,151638,2,87
151549,151636,151638,2,87
151548,151634,151638,4,86
151548,151635,151638,3,87
151549,151636,151638,2,87
151549,151635,151639,4,86
151549,151635,151639,4,86
151549,151637,151639,2,88
151549,151635,151639,4,86
151549,151635,151639,4,86
151549,151635,151639,4,86
151549,151635,151639,4,86
151549,151635,151639,4,86
151549,151636,151640,4,87
151549,151637,151639,2,88
151549,151637,151639,2,88
151549,151638,151640,2,89
151549,151638,151640,2,89
151549,151638,151640,2,89
151549,151637,151639,2,88
151549,151637,151640,3,88
151549,151635,151640,5,86
151549,151637,151640,3,88
151549,151637,151640,3,88
151549,151638,151640,2,89
151549,151638,151640,2,89
151549,151636,151640,4,87
151549,151638,151641,3,89
151549,151638,151641,3,89
151549,151638,151640,2,89
151549,151637,151640,3,88
151549,151637,151641,4,88
151549,151637,151641,4,88
151549,151637,151641,4,88
151549,151638,151642,4,89
151549,151638,151641,3,89
151549,151640,151642,2,91
151549,151638,151641,3,89
151549,151638,151642,4,89
151549,151638,151641,3,89
151549,151638,151642,4,89
151549,151638,151641,3,89
151549,151638,151641,3,89
151549,151638,151641,3,89
151549,151639,151642,3,90
151549,151639,151642,3,90
151549,151637,151642,5,88
150635,150635,151642,1007,0
151549,151639,151642,3,90
151549,151639,151643,4,90
151549,151639,151643,4,90
151549,151640,151642,2,91
151549,151640,151642,2,91
151549,151640,151642,2,91
151549,151637,151642,5,88
151549,151637,151642,5,88
151549,151639,151642,3,90
151549,151638,151642,4,89
151549,151638,151642,4,89
151549,151639,151642,3,90
151549,151639,151643,4,90
151549,151640,151642,2,91
151549,151639,151643,4,90
151549,151639,151643,4,90
151549,151639,151643,4,90
151549,151640,151642,2,91
151549,151639,151643,4,90
151549,151639,151643,4,90
151549,151639,151643,4,90
151549,151639,151643,4,90
151549,151639,151643,4,90
151549,151639,151643,4,90
151549,151641,151644,3,92
151549,151639,151644,5,90
151549,151639,151644,5,90
151549,151639,151643,4,90
151549,151639,151643,4,90
151549,151641,151644,3,92
151549,151640,151644,4,91
151549,151642,151644,2,93
151549,151639,151643,4,90
151549,151640,151644,4,91
151549,151641,151644,3,92
151549,151642,151644,2,93
151549,151640,151644,4,91
151549,151641,151644,3,92
151549,151641,151645,4,92
151549,151643,151644,1,94
150659,150660,151645,985,1
151549,151641,151644,3,92
151549,151641,151644,3,92
151549,151641,151644,3,92
151549,151642,151645,3,93
151549,151642,151645,3,93
151549,151643,151645,2,94
151549,151643,151645,2,94
151549,151643,151645,2,94
151549,151643,151645,2,94
151549,151641,151645,4,92
151549,151642,151645,3,93
151549,151642,151645,3,93
151549,151642,151645,3,93
151549,151642,151645,3,93
151549,151640,151645,5,91
151549,151642,151646,4,93
151549,151641,151645,4,92
151549,151643,151645,2,94
151549,151643,151645,2,94
151549,151643,151646,3,94
151549,151643,151646,3,94
151549,151643,151645,2,94
151549,151642,151645,3,93
151549,151643,151645,2,94
151549,151642,151646,4,93
151550,151645,151646,1,95
151549,151642,151646,4,93
151550,151644,151646,2,94
151550,151644,151646,2,94
151549,151642,151646,4,93
151549,151643,151645,2,94
151550,151643,151647,4,93
151550,151643,151647,4,93
151550,151645,151647,2,95
151550,151643,151647,4,93
151550,151645,151647,2,95
151550,151645,151647,2,95
151550,151643,151648,5,93
151550,151644,151647,3,94
151550,151644,151647,3,94
151550,151645,151647,2,95
151550,151643,151648,5,93
151550,151643,151647,4,93
151550,151644,151647,3,94
151550,151643,151647,4,93
151550,151643,151647,4,93
151550,151644,151647,3,94
151550,151644,151648,4,94
151550,151644,151647,3,94
151550,151644,151647,3,94
151550,151645,151648,3,95
151550,151644,151647,3,94
151550,151643,151648,5,93
151550,151643,151648,5,93
151550,151644,151648,4,94
151550,151644,151649,5,94
151550,151646,151648,2,96
151550,151646,151649,3,96
151550,151645,151649,4,95
151550,151645,151648,3,95
151550,151644,151649,5,94
151550,151645,151649,4,95
151550,151645,151649,4,95
151550,151647,151649,2,97
150629,150629,151649,1020,0
151550,151646,151649,3,96
151550,151646,151650,4,96
151550,151646,151650,4,96
151550,151646,151649,3,96
151550,151644,151649,5,94
151550,151644,151649,5,94
151550,151646,151650,4,96
151550,151645,151650,5,95
151550,151645,151649,4,95
151550,151645,151649,4,95
151550,151646,151650,4,96
151550,151646,151650,4,96
151550,151646,151650,4,96
151550,151647,151650,3,97
151550,151647,151650,3,97
151550,151646,151650,4,96
151550,151648,151650,2,98
151550,151646,151650,4,96
151550,151647,151651,4,97
151550,151648,151651,3,98
151550,151648,151651,3,98
151550,151648,151651,3,98
151550,151646,151650,4,96
151550,151648,151651,3,98
151550,151646,151650,4,96
151550,151647,151650,3,97
151550,151648,151651,3,98
151550,151646,151650,4,96
151550,151646,151650,4,96
151550,151647,151651,4,97
151550,151648,151652,4,98
151550,151649,151651,2,99
151550,151647,151651,4,97
151550,151648,151652,4,98
151550,151649,151652,3,99
151550,151649,151652,3,99
151550,151649,151652,3,99
151550,151647,151651,4,97
151550,151648,151651,3,98
151550,151648,151652,4,98
151550,151648,151651,3,98
151550,151648,151651,3,98
151550,151648,151651,3,98
151550,151649,151652,3,99
151550,151649,151652,3,99
151550,151649,151652,3,99
151550,151647,151652,5,97
151550,151647,151651,4,97
151550,151647,151652,5,97
151550,151648,151652,4,98
151550,151648,151652,4,98
151550,151648,151652,4,98
151550,151650,151653,3,100
151550,151648,151652,4,98
151550,151649,151652,3,99
150677,150677,151653,976,0
151550,151648,151653,5,98
151550,151649,151652,3,99
151550,151649,151652,3,99
151550,151649,151653,4,99
151550,151650,151653,3,100
151550,151650,151653,3,100
151550,151650,151653,3,100
151550,151651,151654,3,101
151550,151650,151653,3,100
151550,151650,151654,4,100
151550,151650,151653,3,100
151550,151651,151654,3,101
151550,151650,151654,4,100
151550,151651,151654,3,101
151550,151650,151654,4,100
151550,151651,151654,3,101
151550,151651,151654,3,101
151550,151651,151654,3,101
151550,151650,151654,4,100
151550,151650,151654,4,100
151550,151650,151654,4,100
151550,151651,151654,3,101
151550,151650,151654,4,100
151550,151651,151655,4,101
151550,151651,151654,3,101
151550,151651,151654,3,101
151550,151651,151654,3,101
151550,151650,151654,4,100
151550,151653,151656,3,103
150656,150656,151657,1001,0
150625,150625,151670,1045,0
150665,150665,151675,1010,0
150654,150654,151678,1024,0
150637,150637,151689,1052,0
150691,150691,151691,1000,0
151690,151690,151692,2,0
151690,151690,151692,2,0
151690,151690,151692,2,0
151690,151690,151692,2,0
151690,151690,151693,3,0
151690,151690,151693,3,0
151690,151690,151694,4,0
151690,151690,151693,3,0
151690,151690,151693,3,0
151690,151690,151693,3,0
151690,151690,151694,4,0
151690,151690,151694,4,0
151690,151690,151693,3,0
151690,151690,151694,4,0
151690,151690,151694,4,0
151690,151690,151694,4,0
150623,150624,151694,1070,1
151690,151690,151693,3,0
151690,151690,151694,4,0
151690,151690,151694,4,0
151690,151690,151694,4,0
151690,151690,151694,4,0
151690,151690,151693,3,0
151690,151690,151694,4,0
151690,151690,151694,4,0
151690,151691,151694,3,1
151690,151690,151694,4,0
151690,151690,151694,4,0
151690,151690,151694,4,0
151690,151690,151695,5,0
151690,151690,151694,4,0
151690,151690,151695,5,0
151690,151690,151694,4,0
151690,151690,151694,4,0
151690,151690,151695,5,0
151690,151690,151695,5,0
151690,151690,151695,5,0
151690,151690,151695,5,0
151690,151690,151694,4,0
151690,151690,151695,5,0
151690,151690,151695,5,0
151690,151690,151694,4,0
151690,151690,151695,5,0
151690,151690,151694,4,0
151690,151690,151694,4,0
151690,151690,151695,5,0
151690,151690,151695,5,0
151690,151690,151694,4,0
151690,151690,151695,5,0
151690,151692,151694,2,2
151690,151690,151694,4,0
151690,151690,151695,5,0
151690,151690,151694,4,0
151690,151690,151695,5,0
151690,151690,151695,5,0
151690,151690,151695,5,0
151690,151690,151694,4,0
151690,151690,151694,4,0
151690,151690,151695,5,0
151690,151690,151695,5,0
151690,151690,151695,5,0
151690,151694,151696,2,4
151690,151690,151695,5,0
151690,151694,151696,2,4
151690,151694,151696,2,4
151690,151694,151696,2,4
151690,151694,151696,2,4
151690,151693,151696,3,3
151690,151693,151696,3,3
151690,151690,151696,6,0
151690,151693,151696,3,3
151690,151693,151696,3,3
151690,151693,151696,3,3
151690,151694,151697,3,4
151690,151694,151697,3,4
151690,151694,151697,3,4
151690,151694,151697,3,4
151690,151694,151697,3,4
151690,151694,151697,3,4
151690,151694,151697,3,4
150687,150688,151697,1009,1
151690,151694,151697,3,4
151690,151694,151697,3,4
151690,151694,151697,3,4
151690,151696,151698,2,6
151690,151695,151698,3,5
151690,151695,151698,3,5
151690,151694,151698,4,4
151690,151695,151698,3,5
151690,151694,151698,4,4
151690,151694,151698,4,4
151690,151695,151698,3,5
151690,151696,151698,2,6
151690,151694,151698,4,4
151690,151694,151698,4,4
151690,151695,151698,3,5
151690,151695,151698,3,5
151690,151696,151698,2,6
151690,151694,151698,4,4
151690,151695,151698,3,5
151690,151696,151699,3,6
151690,151696,151699,3,6
151690,151694,151698,4,4
151690,151696,151698,2,6
151690,151696,151699,3,6
151690,151696,151699,3,6
151690,151696,151698,2,6
151690,151694,151698,4,4
151690,151696,151699,3,6
151690,151696,151698,2,6
151690,151696,151698,2,6
151690,151695,151699,4,5
151690,151695,151699,4,5
151690,151695,151700,5,5
151690,151695,151699,4,5
151690,151695,151699,4,5
151690,151695,151699,4,5
151690,151697,151699,2,7
151690,151696,151699,3,6
151690,151696,151699,3,6
151690,151697,151699,2,7
151690,151696,151699,3,6
151690,151696,151699,3,6
151690,151698,151699,1,8
151690,151697,151699,2,7
151690,151697,151699,2,7
151690,151696,151699,3,6
151690,151696,151699,3,6
151690,151697,151699,2,7
151690,151696,151699,3,6
151690,151698,151700,2,8
151690,151696,151700,4,6
151690,151696,151700,4,6
151690,151696,151700,4,6
151690,151697,151700,3,7
151690,151697,151700,3,7
151690,151697,151700,3,7
151690,151698,151701,3,8
151690,151698,151700,2,8
151690,151698,151700,2,8
151690,151698,151700,2,8
151690,151698,151701,3,8
150694,150694,151700,1006,0
151690,151698,151701,3,8
151690,151698,151700,2,8
151690,151697,151700,3,7
151690,151698,151701,3,8
151690,151697,151701,4,7
151690,151698,151701,3,8
151690,151698,151701,3,8
151690,151698,151702,4,8
151690,151698,151701,3,8
151690,151698,151701,3,8
151690,151699,151701,2,9
151690,151699,151702,3,9
151690,151700,151702,2,10
151690,151699,151702,3,9
151690,151699,151701,2,9
151690,151699,151702,3,9
151690,151698,151702,4,8
151690,151699,151701,2,9
151690,151697,151702,5,7
151690,151699,151702,3,9
151690,151699,151703,4,9
151690,151698,151702,4,8
151690,151699,151702,3,9
151690,151699,151702,3,9
151690,151699,151702,3,9
151690,151699,151702,3,9
151690,151699,151703,4,9
151690,151699,151702,3,9
151690,151700,151703,3,10
151690,151699,151702,3,9
151690,151699,151703,4,9
151690,151699,151703,4,9
151690,151699,151702,3,9
151690,151700,151702,2,10
151690,151700,151702,2,10
151690,151699,151702,3,9
151690,151699,151702,3,9
151690,151699,151703,4,9
151690,151700,151703,3,10
151690,151700,151703,3,10
151690,151700,151703,3,10
151690,151699,151703,4,9
151690,151700,151702,2,10
151690,151700,151703,3,10
151690,151701,151703,2,11
151690,151700,151703,3,10
151690,151700,151703,3,10
151690,151701,151703,2,11
151690,151701,151704,3,11
151690,151700,151703,3,10
151690,151700,151703,3,10
151690,151700,151703,3,10
151690,151701,151703,2,11
151690,151699,151703,4,9
151690,151700,151703,3,10
151690,151701,151703,2,11
151690,151699,151703,4,9
151690,151701,151703,2,11
151690,151701,151703,2,11
151690,151700,151704,4,10
151690,151700,151704,4,10
151690,151701,151704,3,11
151690,151701,151703,2,11
151690,151701,151703,2,11
151690,151701,151703,2,11
151690,151701,151704,3,11
151690,151702,151704,2,12
151690,151702,151704,2,12
151690,151702,151704,2,12
151690,151701,151704,3,11
151690,151701,151704,3,11
151690,151701,151704,3,11
151690,151700,151704,4,10
151690,151700,151704,4,10
151690,151703,151705,2,13
151690,151703,151704,1,13
151690,151701,151704,3,11
151690,151702,151705,3,12
151690,151703,151704,1,13
151690,151700,151704,4,10
151690,151702,151705,3,12
151690,151702,151705,3,12
151690,151703,151705,2,13
151690,151703,151705,2,13
151690,151703,151705,2,13
151690,151703,151705,2,13
151690,151704,151705,1,14
151690,151702,151705,3,12
151690,151702,151705,3,12
151690,151702,151705,3,12
151690,151702,151704,2,12
151690,151702,151705,3,12
151690,151702,151705,3,12
151690,151703,151705,2,13
151690,151704,151706,2,14
151690,151704,151706,2,14
151690,151704,151706,2,14
151690,151704,151705,1,14
151690,151704,151705,1,14
151690,151702,151705,3,12
151690,151704,151705,1,14
151690,151703,151706,3,13
151690,151703,151705,2,13
151690,151703,151705,2,13
151690,151703,151706,3,13
151690,151703,151705,2,13
151690,151704,151706,2,14
151690,151704,151705,1,14
151690,151703,151706,3,13
151690,151704,151706,2,14
151690,151704,151706,2,14
151690,151704,151706,2,14
151690,151704,151706,2,14
151690,151704,151706,2,14
151690,151704,151706,2,14
151690,151704,151707,3,14
151690,151704,151707,3,14
151690,151702,151706,4,12
151690,151703,151707,4,13
151690,151703,151706,3,13
151690,151703,151707,4,13
151690,151703,151707,4,13
151690,151703,151706,3,13
151690,151703,151707,4,13
151690,151703,151706,3,13
151690,151703,151707,4,13
151690,151704,151707,3,14
151690,151703,151707,4,13
151690,151703,151707,4,13
151690,151703,151707,4,13
151690,151704,151707,3,14
151690,151703,151707,4,13
151690,151705,151707,2,15
151690,151705,151707,2,15
151690,151705,151708,3,15
151690,151705,151708,3,15
151690,151705,151708,3,15
151690,151706,151708,2,16
151690,151705,151707,2,15
151690,151705,151707,2,15
151690,151705,151708,3,15
151690,151706,151708,2,16
151690,151706,151708,2,16
151690,151706,151708,2,16
151690,151706,151708,2,16
151690,151704,151708,4,14
151690,151705,151708,3,15
151690,151705,151708,3,15
151690,151704,151708,4,14
151690,151706,151709,3,16
151690,151705,151708,3,15
151690,151706,151709,3,16
151690,151705,151708,3,15
151690,151705,151709,4,15
151690,151705,151708,3,15
151690,151705,151708,3,15
151690,151706,151709,3,16
151690,151707,151709,2,17
151690,151705,151709,4,15
151690,151705,151709,4,15
151690,151705,151709,4,15
151690,151706,151709,3,16
151690,151705,151708,3,15
151690,151705,151708,3,15
151690,151705,151709,4,15
151690,151705,151708,3,15
151690,151705,151709,4,15
151690,151705,151709,4,15
151690,151706,151709,3,16
151690,151706,151709,3,16
151690,151704,151709,5,14
151690,151705,151709,4,15
151690,151705,151709,4,15
151690,151705,151709,4,15
150662,150662,151709,1047,0
151690,151706,151709,3,16
151690,151708,151710,2,18
151690,151706,151709,3,16
151690,151707,151709,2,17
151690,151706,151710,4,16
151690,151707,151710,3,17
151690,151708,151710,2,18
151690,151707,151710,3,17
151690,151708,151710,2,18
151690,151708,151710,2,18
151690,151706,151710,4,16
151690,151706,151710,4,16
151690,151706,151710,4,16
151690,151708,151710,2,18
151690,151707,151710,3,17
151690,151707,151710,3,17
151690,151707,151710,3,17
151690,151707,151710,3,17
151690,151707,151710,3,17
151690,151707,151710,3,17
151690,151707,151710,3,17
151690,151709,151711,2,19
151690,151708,151710,2,18
151690,151708,151710,2,18
151690,151708,151710,2,18
151690,151709,151710,1,19
151690,151707,151710,3,17
151690,151707,151710,3,17
151690,151707,151710,3,17
151690,151708,151711,3,18
151690,151708,151710,2,18
151690,151708,151711,3,18
151690,151706,151711,5,16
151690,151708,151710,2,18
151690,151708,151711,3,18
151690,151708,151710,2,18
151690,151708,151711,3,18
151690,151709,151711,2,19
151690,151707,151711,4,17
151690,151708,151711,3,18
151690,151709,151711,2,19
151690,151710,151711,1,20
151690,151708,151711,3,18
151690,151709,151711,2,19
151690,151709,151711,2,19
151690,151710,151711,1,20
151690,151709,151711,2,19
151690,151709,151711,2,19
151690,151710,151711,1,20
151690,151710,151711,1,20
151690,151709,151712,3,19
151690,151710,151711,1,20
151690,151710,151711,1,20
151690,151710,151712,2,20
151690,151709,151712,3,19
151690,151709,151712,3,19
151690,151709,151712,3,19
151690,151709,151712,3,19
151690,151710,151712,2,20
151690,151710,151712,2,20
151690,151709,151712,3,19
151690,151709,151712,3,19
151690,151711,151713,2,21
151690,151709,151713,4,19
151690,151709,151713,4,19
151690,151709,151713,4,19
151690,151709,151713,4,19
151690,151709,151713,4,19
151690,151709,151712,3,19
151690,151709,151713,4,19
151690,151710,151713,3,20
151690,151709,151713,4,19
151690,151709,151713,4,19
151690,151710,151713,3,20
151690,151711,151713,2,21
151690,151711,151713,2,21
151690,151709,151713,4,19
151690,151709,151713,4,19
151690,151710,151713,3,20
151690,151710,151714,4,20
151690,151709,151713,4,19
151690,151711,151713,2,21
151690,151711,151713,2,21
151690,151711,151713,2,21
151690,151711,151714,3,21
151690,151711,151714,3,21
151690,151711,151714,3,21
151690,151712,151714,2,22
151690,151710,151713,3,20
151690,151710,151714,4,20
151690,151712,151714,2,22
151690,151712,151714,2,22
151690,151711,151714,3,21
151690,151711,151714,3,21
151690,151711,151714,3,21
151690,151712,151714,2,22
151690,151712,151714,2,22
151690,151712,151715,3,22
151690,151711,151714,3,21
151690,151711,151715,4,21
151690,151711,151715,4,21
151690,151712,151714,2,22
151690,151711,151714,3,21
151690,151711,151714,3,21
151690,151711,151714,3,21
151690,151711,151715,4,21
151690,151712,151715,3,22
151690,151711,151715,4,21
151690,151712,151715,3,22
151690,151711,151715,4,21
151690,151714,151715,1,24
151690,151714,151716,2,24
151690,151710,151715,5,20
151690,151713,151716,3,23
151690,151714,151715,1,24
151690,151710,151715,5,20
151690,151712,151715,3,22
151690,151714,151716,2,24
151690,151714,151715,1,24
151690,151713,151716,3,23
151690,151714,151715,1,24
151690,151714,151716,2,24
151690,151712,151715,3,22
151690,151712,151716,4,22
151690,151712,151715,3,22
151690,151712,151715,3,22
151690,151714,151716,2,24
151690,151712,151715,3,22
151690,151712,151715,3,22
151690,151712,151715,3,22
151690,151712,151716,4,22
151690,151714,151716,2,24
151690,151712,151716,4,22
151690,151712,151716,4,22
151690,151713,151716,3,23
151690,151714,151716,2,24
151690,151713,151716,3,23
151690,151713,151716,3,23
151690,151713,151716,3,23
151690,151713,151716,3,23
151690,151712,151716,4,22
151690,151712,151716,4,22
151690,151712,151716,4,22
151690,151712,151716,4,22
151690,151714,151716,2,24
151690,151715,151716,1,25
151690,151711,151716,5,21
151690,151711,151716,5,21
151690,151712,151716,4,22
151690,151715,151717,2,25
151690,151714,151717,3,24
151690,151714,151716,2,24
151690,151714,151716,2,24
151690,151714,151717,3,24
151690,151714,151717,3,24
151690,151714,151716,2,24
151690,151714,151717,3,24
151690,151714,151717,3,24
151690,151714,151717,3,24
151690,151713,151717,4,23
151690,151716,151718,2,26
151690,151716,151718,2,26
151690,151715,151717,2,25
151690,151716,151718,2,26
151690,151715,151717,2,25
151690,151716,151717,1,26
151690,151716,151717,1,26
151690,151716,151718,2,26
151690,151715,151718,3,25
151690,151715,151717,2,25
151690,151715,151718,3,25
151690,151715,151718,3,25
151690,151715,151718,3,25
151690,151715,151718,3,25
151690,151715,151718,3,25
151690,151715,151718,3,25
151690,151715,151718,3,25
151690,151716,151718,2,26
151690,151716,151718,2,26
151690,151716,151718,2,26
151690,151716,151719,3,26
151690,151716,151719,3,26
151690,151716,151718,2,26
151690,151715,151718,3,25
151690,151715,151719,4,25
151690,151715,151718,3,25
151690,151715,151718,3,25
151690,151715,151718,3,25
151690,151716,151718,2,26
151690,151715,151719,4,25
151690,151716,151719,3,26
151690,151716,151719,3,26
151690,151715,151719,4,25
151690,151716,151719,3,26
151690,151716,151719,3,26
151690,151717,151719,2,27
151690,151717,151719,2,27
151690,151716,151719,3,26
151690,151717,151719,2,27
151690,151717,151720,3,27
151690,151716,151719,3,26
151690,151717,151720,3,27
151690,151717,151720,3,27
151690,151717,151720,3,27
151690,151718,151720,2,28
151690,151717,151720,3,27
151690,151717,151720,3,27
151690,151717,151719,2,27
151690,151716,151720,4,26
151690,151716,151720,4,26
151690,151716,151719,3,26
151690,151716,151720,4,26
151690,151716,151719,3,26
151690,151716,151720,4,26
151690,151716,151720,4,26
151690,151717,151720,3,27
151690,151717,151721,4,27
151690,151717,151720,3,27
151690,151717,151720,3,27
151690,151717,151720,3,27
151690,151717,151721,4,27
151690,151717,151720,3,27
151690,151717,151720,3,27
151690,151717,151721,4,27
151690,151717,151721,4,27
151690,151717,151720,3,27
151690,151717,151720,3,27
151690,151718,151720,2,28
151690,151717,151721,4,27
151690,151718,151721,3,28
151690,151718,151721,3,28
151690,151718,151721,3,28
151690,151719,151721,2,29
151690,151718,151721,3,28
151690,151718,151721,3,28
151690,151716,151720,4,26
151690,151718,151721,3,28
151690,151718,151721,3,28
151690,151716,151721,5,26
151690,151718,151722,4,28
151690,151717,151721,4,27
151690,151719,151722,3,29
151690,151718,151721,3,28
151690,151719,151722,3,29
151690,151719,151721,2,29
151690,151718,151722,4,28
151690,151718,151722,4,28
151690,151718,151722,4,28
151690,151718,151722,4,28
151690,151719,151722,3,29
151690,151719,151722,3,29
151690,151719,151722,3,29
151690,151719,151722,3,29
151690,151719,151722,3,29
151690,151719,151722,3,29
151690,151720,151722,2,30
151690,151719,151722,3,29
151690,151719,151722,3,29
151690,151719,151723,4,29
151690,151720,151723,3,30
151690,151720,151723,3,30
151690,151720,151722,2,30
151690,151722,151723,1,32
151690,151719,151722,3,29
151690,151720,151723,3,30
151690,151721,151723,2,31
151690,151720,151722,2,30
151690,151720,151723,3,30
151690,151719,151722,3,29
151690,151720,151722,2,30
151690,151719,151723,4,29
151690,151720,151723,3,30
151690,151720,151723,3,30
151690,151718,151723,5,28
151690,151720,151723,3,30
151690,151720,151724,4,30
151690,151720,151723,3,30
151690,151720,151723,3,30
151690,151720,151723,3,30
151690,151721,151723,2,31
151690,151722,151723,1,32
151690,151720,151723,3,30
151690,151721,151723,2,31
151690,151722,151723,1,32
151690,151720,151723,3,30
151690,151721,151724,3,31
151690,151720,151723,3,30
151690,151721,151724,3,31
151690,151721,151724,3,31
151690,151721,151724,3,31
151690,151722,151723,1,32
151690,151720,151724,4,30
151690,151721,151724,3,31
151690,151721,151724,3,31
151690,151722,151723,1,32
150619,150619,151723,1104,0
151690,151720,151723,3,30
151690,151720,151723,3,30
151690,151721,151724,3,31
151690,151721,151724,3,31
151690,151722,151724,2,32
151690,151720,151724,4,30
151690,151721,151723,2,31
151690,151721,151724,3,31
151690,151721,151724,3,31
151690,151721,151724,3,31
150668,150668,151724,1056,0
151690,151721,151725,4,31
151690,151721,151725,4,31
151690,151721,151724,3,31
151690,151722,151724,2,32
151690,151722,151725,3,32
151690,151722,151724,2,32
151690,151721,151725,4,31
151690,151722,151725,3,32
151690,151723,151725,2,33
151690,151723,151725,2,33
151690,151723,151725,2,33
151690,151724,151726,2,34
151690,151723,151725,2,33
151690,151724,151726,2,34
151690,151723,151726,3,33
151690,151721,151725,4,31
151690,151721,151725,4,31
151690,151721,151725,4,31
151690,151721,151726,5,31
151690,151723,151726,3,33
151690,151723,151726,3,33
151690,151723,151726,3,33
151690,151723,151726,3,33
151690,151723,151726,3,33
151690,151724,151726,2,34
151690,151723,151726,3,33
151690,151723,151727,4,33
151690,151723,151726,3,33
151690,151724,151726,2,34
151690,151723,151726,3,33
151690,151723,151726,3,33
151690,151723,151726,3,33
151690,151724,151726,2,34
151690,151724,151726,2,34
151690,151724,151726,2,34
151690,151724,151726,2,34
151690,151723,151727,4,33
151690,151723,151726,3,33
151690,151723,151727,4,33
151690,151724,151726,2,34
151690,151724,151727,3,34
151690,151723,151726,3,33
151690,151723,151726,3,33
151690,151724,151727,3,34
151690,151724,151727,3,34
151690,151723,151726,3,33
151690,151723,151726,3,33
151690,151724,151727,3,34
151690,151724,151727,3,34
151690,151723,151726,3,33
151690,151723,151727,4,33
151690,151724,151727,3,34
151690,151724,151727,3,34
151690,151724,151727,3,34
151690,151724,151727,3,34
151690,151724,151727,3,34
151690,151725,151727,2,35
151690,151725,151727,2,35
151690,151723,151727,4,33
151690,151724,151727,3,34
151690,151724,151727,3,34
151690,151723,151727,4,33
151690,151724,151727,3,34
151690,151725,151727,2,35
151690,151725,151728,3,35
151690,151726,151728,2,36
151690,151726,151728,2,36
151690,151726,151728,2,36
151690,151724,151728,4,34
151690,151724,151727,3,34
151690,151724,151727,3,34
151690,151724,151728,4,34
151690,151724,151728,4,34
151690,151724,151728,4,34
151690,151726,151728,2,36
151690,151724,151728,4,34
151690,151725,151728,3,35
151690,151725,151728,3,35
151690,151726,151728,2,36
151690,151726,151728,2,36
151690,151726,151729,3,36
151690,151727,151729,2,37
151690,151727,151729,2,37
151690,151727,151729,2,37
151690,151726,151728,2,36
151690,151725,151729,4,35
151691,151727,151729,2,36
151691,151727,151729,2,36
151691,151727,151729,2,36
151691,151727,151729,2,36
151691,151727,151729,2,36
151690,151725,151729,4,35
151690,151725,151729,4,35
151690,151726,151729,3,36
151690,151726,151729,3,36
151691,151727,151729,2,36
151690,151727,151730,3,37
151690,151727,151729,2,37
151691,151728,151729,1,37
151691,151728,151729,1,37
151690,151727,151729,2,37
151690,151727,151730,3,37
151690,151727,151729,2,37
151690,151727,151729,2,37
151691,151728,151730,2,37
151691,151728,151729,1,37
151690,151727,151729,2,37
151690,151725,151729,4,35
151690,151726,151729,3,36
151691,151727,151730,3,36
151691,151727,151730,3,36
151691,151727,151730,3,36
151691,151727,151730,3,36
151691,151727,151730,3,36
151691,151728,151730,2,37
151690,151726,151730,4,36
151691,151727,151730,3,36
151691,151727,151730,3,36
151690,151727,151730,3,37
151691,151728,151731,3,37
151691,151728,151730,2,37
151691,151728,151731,3,37
151691,151727,151731,4,36
151691,151727,151730,3,36
151691,151727,151730,3,36
151691,151727,151731,4,36
151691,151727,151730,3,36
151691,151727,151731,4,36
151691,151727,151731,4,36
151691,151729,151731,2,38
150651,150652,151730,1078,1
151691,151727,151731,4,36
151691,151727,151730,3,36
151691,151727,151731,4,36
151691,151727,151731,4,36
151691,151727,151731,4,36
151691,151727,151731,4,36
151691,151727,151730,3,36
151691,151728,151730,2,37
151691,151728,151730,2,37
151691,151727,151731,4,36
151691,151729,151732,3,38
151691,151728,151732,4,37
151691,151728,151731,3,37
151691,151729,151731,2,38
151691,151727,151732,5,36
151691,151729,151731,2,38
151691,151729,151732,3,38
151691,151730,151732,2,39
151691,151730,151732,2,39
151691,151730,151732,2,39
151691,151728,151732,4,37
151691,151729,151733,4,38
151691,151729,151732,3,38
151691,151729,151733,4,38
151691,151729,151732,3,38
151691,151730,151733,3,39
151691,151730,151732,2,39
151691,151730,151733,3,39
151691,151730,151732,2,39
151691,151730,151732,2,39
151691,151731,151733,2,40
151691,151731,151733,2,40
151691,151729,151733,4,38
151691,151729,151733,4,38
151691,151729,151732,3,38
151691,151729,151733,4,38
151691,151729,151733,4,38
151691,151730,151732,2,39
151691,151731,151733,2,40
151691,151730,151733,3,39
151691,151730,151733,3,39
151691,151730,151733,3,39
151691,151729,151733,4,38
151691,151730,151733,3,39
151691,151730,151734,4,39
151691,151730,151733,3,39
151691,151730,151733,3,39
151691,151731,151734,3,40
151691,151731,151733,2,40
151691,151731,151733,2,40
151691,151730,151734,4,39
151691,151733,151734,1,42
151691,151729,151733,4,38
151691,151730,151733,3,39
151691,151730,151734,4,39
151691,151730,151734,4,39
151691,151731,151734,3,40
151691,151731,151734,3,40
151691,151730,151734,4,39
151691,151731,151734,3,40
151691,151731,151734,3,40
151691,151731,151734,3,40
151691,151731,151733,2,40
151691,151731,151734,3,40
151691,151731,151734,3,40
151691,151732,151734,2,41
151691,151730,151734,4,39
151691,151730,151734,4,39
151691,151730,151734,4,39
151691,151731,151734,3,40
151691,151731,151734,3,40
151691,151732,151734,2,41
151691,151730,151734,4,39
151691,151730,151734,4,39
151691,151730,151734,4,39
151691,151731,151735,4,40
151691,151731,151734,3,40
151691,151731,151735,4,40
151691,151732,151735,3,41
151691,151730,151734,4,39
151691,151731,151735,4,40
151691,151732,151735,3,41
151691,151732,151735,3,41
151691,151731,151735,4,40
151691,151731,151735,4,40
151691,151731,151734,3,40
151691,151731,151735,4,40
151691,151731,151735,4,40
151691,151732,151735,3,41
151691,151732,151734,2,41
151691,151733,151735,2,42
151691,151733,151735,2,42
151691,151733,151736,3,42
151691,151733,151736,3,42
151691,151733,151736,3,42
151691,151733,151736,3,42
151691,151733,151736,3,42
151691,151734,151736,2,43
151691,151733,151735,2,42
151691,151734,151736,2,43
151691,151734,151736,2,43
151691,151733,151736,3,42
151691,151734,151736,2,43
151691,151733,151736,3,42
151691,151733,151736,3,42
151691,151733,151736,3,42
151691,151733,151736,3,42
151691,151733,151736,3,42
151691,151733,151736,3,42
151691,151733,151736,3,42
151691,151733,151736,3,42
151691,151733,151736,3,42
151691,151734,151737,3,43
151691,151734,151737,3,43
151691,151733,151737,4,42
151691,151734,151737,3,43
151691,151733,151737,4,42
151691,151733,151737,4,42
151691,151734,151737,3,43
151691,151734,151737,3,43
151691,151733,151737,4,42
151691,151734,151737,3,43
151691,151734,151737,3,43
151691,151734,151738,4,43
151691,151733,151737,4,42
151691,151734,151737,3,43
151691,151735,151737,2,44
151691,151734,151738,4,43
151691,151734,151738,4,43
151691,151734,151737,3,43
151691,151734,151737,3,43
151691,151735,151737,2,44
151691,151734,151738,4,43
151691,151734,151738,4,43
151691,151736,151738,2,45
151691,151734,151737,3,43
151691,151736,151738,2,45
151691,151736,151739,3,45
151691,151734,151738,4,43
151691,151734,151738,4,43
151691,151734,151738,4,43
151691,151735,151738,3,44
151691,151735,151738,3,44
151691,151735,151738,3,44
151691,151736,151739,3,45
151691,151734,151738,4,43
151691,151734,151739,5,43
151691,151735,151738,3,44
151691,151737,151739,2,46
151691,151735,151739,4,44
151691,151735,151738,3,44
151691,151736,151738,2,45
151691,151736,151738,2,45
151691,151735,151739,4,44
151691,151735,151738,3,44
151691,151735,151739,4,44
151691,151737,151739,2,46
151691,151737,151739,2,46
151691,151735,151739,4,44
151691,151735,151739,4,44
151691,151735,151739,4,44
151691,151735,151739,4,44
151691,151736,151739,3,45
151691,151736,151739,3,45
151691,151735,151739,4,44
151691,151737,151739,2,46
151691,151734,151739,5,43
151691,151736,151739,3,45
151691,151736,151739,3,45
151691,151736,151739,3,45
151691,151736,151739,3,45
151691,151737,151740,3,46
151691,151737,151739,2,46
151691,151737,151740,3,46
151691,151737,151740,3,46
151691,151738,151739,1,47
151691,151735,151739,4,44
151691,151735,151739,4,44
151691,151736,151740,4,45
151691,151738,151740,2,47
151691,151738,151740,2,47
151691,151738,151740,2,47
151691,151737,151740,3,46
151691,151737,151740,3,46
151691,151740,151741,1,49
151691,151737,151740,3,46
151691,151737,151740,3,46
151691,151737,151740,3,46
151691,151737,151740,3,46
151691,151738,151741,3,47
151691,151738,151740,2,47
151691,151738,151740,2,47
151691,151737,151740,3,46
151691,151737,151741,4,46
151691,151737,151740,3,46
151691,151738,151740,2,47
151691,151736,151740,4,45
151691,151738,151740,2,47
151691,151739,151741,2,48
151691,151738,151740,2,47
151691,151737,151740,3,46
151691,151737,151740,3,46
151691,151737,151740,3,46
151691,151738,151740,2,47
151691,151738,151741,3,47
151691,151738,151740,2,47
151691,151738,151741,3,47
151691,151738,151740,2,47
151691,151738,151741,3,47
151691,151740,151742,2,49
151691,151740,151741,1,49
151691,151740,151741,1,49
151691,151740,151741,1,49
151691,151738,151741,3,47
151691,151740,151742,2,49
151691,151738,151742,4,47
151691,151738,151741,3,47
151691,151739,151742,3,48
151691,151740,151742,2,49
151691,151740,151742,2,49
151691,151740,151743,3,49
151691,151739,151743,4,48
151691,151739,151743,4,48
151691,151740,151742,2,49
151691,151739,151743,4,48
151691,151739,151743,4,48
151691,151739,151743,4,48
151691,151739,151743,4,48
151691,151740,151743,3,49
151691,151740,151744,4,49
151691,151740,151743,3,49
151691,151740,151744,4,49
151691,151740,151744,4,49
151691,151739,151743,4,48
151691,151739,151743,4,48
151691,151739,151743,4,48
151691,151740,151743,3,49
151691,151741,151744,3,50
151691,151739,151744,5,48
151691,151739,151743,4,48
151691,151739,151743,4,48
151691,151741,151744,3,50
151691,151739,151744,5,48
151691,151739,151744,5,48
151691,151740,151744,4,49
151691,151740,151744,4,49
151691,151739,151744,5,48
151691,151739,151744,5,48
151691,151739,151744,5,48
151691,151739,151744,5,48
151691,151740,151744,4,49
151691,151741,151744,3,50
151691,151742,151745,3,51
151691,151741,151744,3,50
151691,151742,151745,3,51
151691,151740,151745,5,49
151691,151741,151745,4,50
151691,151740,151745,5,49
151691,151740,151744,4,49
151691,151740,151745,5,49
151691,151741,151745,4,50
151691,151741,151745,4,50
151691,151741,151744,3,50
151691,151741,151745,4,50
151691,151739,151745,6,48
151691,151741,151745,4,50
151691,151741,151745,4,50
151691,151742,151745,3,51
151691,151740,151746,6,49
151691,151741,151746,5,50
151691,151741,151745,4,50
151691,151742,151745,3,51
151691,151742,151746,4,51
151691,151741,151745,4,50
151691,151741,151745,4,50
151691,151741,151746,5,50
151691,151743,151746,3,52
151691,151741,151745,4,50
151691,151742,151746,4,51
151691,151742,151746,4,51
151691,151743,151745,2,52
151691,151741,151746,5,50
151691,151741,151746,5,50
151691,151741,151745,4,50
151691,151741,151746,5,50
151691,151741,151746,5,50
151691,151741,151745,4,50
151691,151741,151745,4,50
151691,151743,151746,3,52
151691,151743,151746,3,52
151691,151742,151746,4,51
151691,151742,151745,3,51
151691,151741,151746,5,50
151691,151744,151746,2,53
151691,151743,151747,4,52
151691,151744,151746,2,53
151691,151741,151747,6,50
151691,151744,151746,2,53
151691,151743,151746,3,52
151691,151743,151747,4,52
151691,151743,151747,4,52
151691,151745,151747,2,54
151691,151743,151748,5,52
151691,151745,151748,3,54
151691,151744,151748,4,53
151691,151744,151747,3,53
151691,151745,151748,3,54
151691,151745,151748,3,54
151691,151743,151747,4,52
151691,151744,151748,4,53
151691,151744,151747,3,53
151691,151744,151748,4,53
151691,151745,151748,3,54
151691,151744,151748,4,53
151691,151744,151748,4,53
151691,151744,151748,4,53
151691,151745,151748,3,54
151691,151745,151748,3,54
151691,151745,151748,3,54
151691,151745,151748,3,54
151691,151745,151748,3,54
151691,151745,151749,4,54
151691,151745,151748,3,54
151691,151745,151748,3,54
151691,151745,151749,4,54
151691,151745,151749,4,54
151691,151744,151748,4,53
151691,151744,151749,5,53
151691,151744,151748,4,53
151691,151744,151749,5,53
151691,151745,151749,4,54
151796,151797,151800,3,1
151796,151797,151799,2,1
151796,151797,151800,3,1
151796,151797,151799,2,1
151796,151797,151799,2,1
151796,151797,151800,3,1
151796,151797,151801,4,1
151796,151797,151801,4,1
151796,151797,151800,3,1
151796,151797,151800,3,1
151796,151797,151801,4,1
151796,151797,151800,3,1
151796,151797,151800,3,1
151796,151797,151800,3,1
151796,151797,151801,4,1
151796,151797,151800,3,1
151796,151797,151800,3,1
151796,151797,151800,3,1
151796,151797,151800,3,1
151796,151797,151800,3,1
151796,151797,151801,4,1
151796,151797,151800,3,1
151796,151797,151801,4,1
151796,151797,151800,3,1
151796,151797,151801,4,1
151796,151797,151801,4,1
151796,151797,151800,3,1
151796,151797,151800,3,1
151796,151797,151801,4,1
151796,151797,151801,4,1
151796,151797,151801,4,1
151796,151797,151800,3,1
151796,151797,151800,3,1
151796,151797,151801,4,1
151796,151797,151800,3,1
151796,151797,151800,3,1
151796,151797,151800,3,1
151796,151797,151800,3,1
151796,151797,151800,3,1
151796,151797,151801,4,1
151796,151797,151801,4,1
151796,151797,151801,4,1
151796,151800,151801,1,4
151796,151797,151801,4,1
151796,151797,151802,5,1
151796,151797,151801,4,1
151796,151797,151801,4,1
151796,151797,151801,4,1
151796,151797,151801,4,1
151796,151797,151801,4,1
151796,151797,151801,4,1
151796,151797,151801,4,1
151796,151797,151801,4,1
151796,151797,151801,4,1
151796,151797,151801,4,1
151796,151797,151801,4,1
151796,151797,151801,4,1
151796,151797,151801,4,1
151796,151797,151801,4,1
151796,151797,151802,5,1
151796,151800,151801,1,4
151796,151797,151801,4,1
151796,151797,151801,4,1
151796,151797,151801,4,1
151796,151800,151801,1,4
151796,151797,151801,4,1
151796,151797,151801,4,1
151796,151797,151801,4,1
151796,151797,151801,4,1
151796,151800,151801,1,4
151796,151797,151802,5,1
151796,151797,151802,5,1
151796,151797,151801,4,1
151796,151800,151801,1,4
151796,151797,151801,4,1
151796,151797,151802,5,1
151796,151801,151802,1,5
151796,151797,151802,5,1
151796,151801,151803,2,5
151796,151801,151803,2,5
151796,151801,151804,3,5
151796,151801,151804,3,5
151796,151801,151804,3,5
151796,151801,151804,3,5
151796,151801,151804,3,5
151796,151801,151804,3,5
151796,151801,151803,2,5
151796,151801,151804,3,5
151796,151801,151804,3,5
151796,151801,151804,3,5
151796,151801,151804,3,5
151796,151801,151804,3,5
151796,151801,151804,3,5
151796,151801,151803,2,5
151796,151801,151804,3,5
151796,151801,151804,3,5
151796,151801,151803,2,5
151796,151801,151804,3,5
151796,151801,151804,3,5
151796,151802,151805,3,6
151796,151802,151805,3,6
151796,151802,151805,3,6
151796,151802,151804,2,6
151796,151802,151804,2,6
151796,151802,151804,2,6
151796,151802,151805,3,6
151796,151802,151804,2,6
151796,151801,151804,3,5
151796,151801,151805,4,5
151796,151801,151804,3,5
151796,151802,151805,3,6
151796,151801,151805,4,5
151796,151801,151805,4,5
151796,151801,151805,4,5
151796,151802,151805,3,6
151796,151802,151805,3,6
151796,151801,151805,4,5
151796,151801,151805,4,5
151796,151802,151805,3,6
151796,151802,151805,3,6
151796,151802,151805,3,6
151796,151801,151804,3,5
151796,151801,151805,4,5
151796,151801,151804,3,5
151796,151801,151805,4,5
151796,151802,151805,3,6
151796,151803,151806,3,7
151796,151803,151806,3,7
151796,151802,151806,4,6
151796,151802,151805,3,6
151796,151802,151805,3,6
151796,151804,151806,2,8
151796,151802,151806,4,6
151796,151802,151806,4,6
151796,151802,151805,3,6
151796,151802,151806,4,6
151796,151802,151806,4,6
151796,151802,151806,4,6
151796,151802,151806,4,6
151796,151802,151806,4,6
151796,151802,151806,4,6
151796,151802,151806,4,6
151796,151802,151806,4,6
151796,151802,151806,4,6
151796,151802,151805,3,6
151796,151802,151806,4,6
151796,151802,151806,4,6
151796,151802,151806,4,6
151796,151803,151806,3,7
151796,151803,151807,4,7
151796,151804,151807,3,8
151796,151804,151807,3,8
151796,151804,151807,3,8
151796,151804,151807,3,8
151796,151804,151806,2,8
151796,151804,151807,3,8
151796,151802,151807,5,6
151796,151802,151806,4,6
151796,151802,151807,5,6
151796,151804,151807,3,8
151796,151804,151808,4,8
151796,151804,151807,3,8
151796,151804,151808,4,8
151796,151805,151808,3,9
151796,151805,151808,3,9
151796,151804,151807,3,8
151796,151804,151808,4,8
151796,151805,151808,3,9
151796,151804,151808,4,8
151796,151805,151808,3,9
151796,151805,151808,3,9
151796,151805,151808,3,9
151796,151805,151809,4,9
151796,151805,151808,3,9
151796,151805,151809,4,9
151796,151805,151809,4,9
151796,151806,151809,3,10
151796,151805,151809,4,9
151796,151806,151809,3,10
151796,151804,151809,5,8
151796,151805,151809,4,9
151796,151805,151809,4,9
151796,151806,151809,3,10
151796,151806,151809,3,10
151796,151805,151809,4,9
151796,151805,151809,4,9
151796,151805,151809,4,9
151796,151806,151809,3,10
151796,151806,151809,3,10
151796,151806,151809,3,10
151796,151806,151810,4,10
151796,151804,151809,5,8
151796,151805,151809,4,9
151796,151805,151809,4,9
151796,151805,151809,4,9
151796,151806,151809,3,10
151796,151808,151809,1,12
151796,151808,151809,1,12
151796,151804,151809,5,8
151796,151805,151809,4,9
151796,151805,151809,4,9
151796,151805,151809,4,9
151796,151807,151809,2,11
151796,151804,151809,5,8
151796,151805,151809,4,9
151796,151805,151809,4,9
151796,151805,151809,4,9
151796,151807,151809,2,11
151796,151808,151809,1,12
151796,151804,151809,5,8
151796,151807,151809,2,11
151796,151807,151809,2,11
151796,151807,151810,3,11
151796,151808,151809,1,12
151796,151807,151810,3,11
151796,151806,151809,3,10
151796,151806,151810,4,10
151796,151806,151810,4,10
151796,151806,151810,4,10
151796,151806,151810,4,10
151796,151806,151810,4,10
151796,151806,151810,4,10
151796,151807,151810,3,11
151796,151808,151810,2,12
151796,151806,151810,4,10
151796,151807,151810,3,11
151796,151807,151810,3,11
151796,151806,151810,4,10
151796,151809,151810,1,13
151796,151808,151810,2,12
151796,151809,151811,2,13
151796,151807,151810,3,11
151796,151807,151810,3,11
151796,151808,151810,2,12
151796,151808,151810,2,12
151796,151808,151811,3,12
151796,151808,151811,3,12
151796,151807,151811,4,11
151796,151807,151811,4,11
151796,151807,151811,4,11
151796,151810,151811,1,14
151796,151810,151811,1,14
151796,151810,151811,1,14
151796,151810,151811,1,14
151796,151810,151811,1,14
151796,151810,151811,1,14
151796,151810,151812,2,14
151796,151810,151811,1,14
151796,151809,151811,2,13
151796,151809,151812,3,13
151796,151809,151812,3,13
151796,151809,151812,3,13
151796,151809,151812,3,13
151796,151810,151813,3,14
151796,151810,151813,3,14
151796,151810,151812,2,14
151796,151810,151813,3,14
151796,151810,151813,3,14
151796,151810,151813,3,14
151796,151810,151812,2,14
151796,151810,151812,2,14
151796,151810,151812,2,14
151796,151810,151813,3,14
151796,151810,151812,2,14
151796,151810,151812,2,14
151796,151810,151812,2,14
151796,151810,151812,2,14
151796,151810,151812,2,14
151796,151809,151813,4,13
151796,151809,151813,4,13
151796,151809,151813,4,13
151796,151811,151813,2,15
151796,151811,151813,2,15
151796,151810,151814,4,14
151796,151810,151814,4,14
151796,151810,151813,3,14
151796,151810,151813,3,14
151796,151810,151813,3,14
151796,151810,151814,4,14
151796,151810,151814,4,14
151796,151811,151814,3,15
151796,151810,151813,3,14
151796,151810,151814,4,14
151796,151810,151813,3,14
151796,151811,151813,2,15
151796,151811,151813,2,15
151796,151812,151814,2,16
151796,151810,151813,3,14
151796,151810,151813,3,14
151796,151810,151813,3,14
151796,151812,151814,2,16
151796,151810,151814,4,14
151796,151811,151814,3,15
151796,151811,151814,3,15
151796,151809,151814,5,13
151796,151811,151814,3,15
151796,151811,151814,3,15
151796,151811,151814,3,15
151796,151811,151815,4,15
151796,151812,151814,2,16
151796,151811,151814,3,15
151796,151811,151814,3,15
151796,151811,151814,3,15
151796,151812,151814,2,16
151796,151812,151814,2,16
151796,151811,151814,3,15
151796,151812,151815,3,16
151796,151811,151814,3,15
151796,151811,151814,3,15
151796,151811,151815,4,15
151796,151812,151815,3,16
151796,151812,151814,2,16
151796,151812,151815,3,16
151796,151810,151815,5,14
151796,151810,151815,5,14
151796,151810,151815,5,14
151796,151812,151815,3,16
151796,151813,151815,2,17
151796,151811,151815,4,15
151796,151812,151816,4,16
151796,151812,151816,4,16
151796,151813,151816,3,17
151796,151813,151815,2,17
151796,151813,151815,2,17
151796,151812,151815,3,16
151796,151813,151815,2,17
151796,151814,151816,2,18
151796,151813,151815,2,17
151796,151813,151816,3,17
151796,151814,151816,2,18
151796,151814,151816,2,18
151796,151812,151816,4,16
151796,151813,151816,3,17
151796,151813,151816,3,17
151796,151814,151816,2,18
151796,151814,151816,2,18
151796,151813,151815,2,17
151796,151813,151816,3,17
151796,151813,151816,3,17
151796,151813,151816,3,17
151796,151812,151816,4,16
151796,151813,151815,2,17
151796,151812,151816,4,16
151796,151813,151816,3,17
151796,151813,151816,3,17
151796,151814,151816,2,18
151796,151814,151816,2,18
151796,151814,151816,2,18
151796,151814,151816,2,18
151796,151814,151816,2,18
151796,151814,151817,3,18
151796,151813,151816,3,17
151796,151814,151816,2,18
151796,151814,151816,2,18
151796,151814,151817,3,18
151796,151814,151817,3,18
151796,151814,151817,3,18
151797,151815,151817,2,18
151797,151815,151817,2,18
151796,151813,151816,3,17
151797,151815,151817,2,18
151797,151815,151817,2,18
151797,151814,151817,3,17
151797,151815,151817,2,18
151797,151816,151818,2,19
151796,151814,151817,3,18
151797,151815,151818,3,18
151797,151815,151817,2,18
151797,151815,151817,2,18
151797,151815,151818,3,18
151796,151814,151817,3,18
151797,151815,151818,3,18
151797,151816,151818,2,19
151797,151814,151817,3,17
151797,151814,151818,4,17
151797,151814,151818,4,17
151797,151814,151818,4,17
151797,151815,151818,3,18
151797,151815,151818,3,18
151797,151814,151818,4,17
151797,151816,151818,2,19
151797,151815,151819,4,18
151797,151815,151818,3,18
151797,151815,151818,3,18
151797,151815,151819,4,18
151797,151815,151819,4,18
151797,151815,151818,3,18
151797,151816,151819,3,19
151797,151816,151819,3,19
151797,151816,151819,3,19
151797,151816,151819,3,19
151797,151816,151819,3,19
151797,151816,151819,3,19
151797,151816,151819,3,19
151797,151816,151819,3,19
151797,151816,151819,3,19
151797,151816,151819,3,19
151797,151816,151819,3,19
151797,151816,151820,4,19
151797,151815,151819,4,18
151797,151817,151820,3,20
151797,151816,151820,4,19
151797,151816,151820,4,19
151797,151817,151820,3,20
151797,151817,151821,4,20
151797,151816,151820,4,19
151797,151816,151820,4,19
151797,151817,151820,3,20
151797,151817,151820,3,20
151797,151816,151820,4,19
151797,151816,151820,4,19
151797,151816,151820,4,19
151797,151817,151820,3,20
151797,151816,151820,4,19
151797,151816,151820,4,19
151797,151816,151820,4,19
151797,151816,151820,4,19
151797,151817,151821,4,20
151797,151817,151820,3,20
151797,151817,151820,3,20
151797,151818,151820,2,21
151797,151816,151820,4,19
151797,151818,151820,2,21
151797,151817,151820,3,20
151797,151817,151820,3,20
151797,151817,151821,4,20
151797,151817,151821,4,20
151797,151817,151822,5,20
151797,151816,151821,5,19
151797,151816,151821,5,19
151797,151819,151822,3,22
151797,151819,151821,2,22
151797,151817,151821,4,20
151797,151817,151822,5,20
151797,151819,151821,2,22
151797,151819,151822,3,22
151797,151819,151821,2,22
151797,151817,151821,4,20
151797,151817,151821,4,20
151797,151817,151821,4,20
151797,151818,151822,4,21
151797,151819,151821,2,22
151797,151817,151821,4,20
151797,151818,151822,4,21
151797,151817,151821,4,20
151797,151818,151821,3,21
151797,151818,151821,3,21
151797,151819,151822,3,22
151797,151818,151821,3,21
151797,151819,151822,3,22
151797,151819,151822,3,22
151797,151819,151822,3,22
151797,151818,151821,3,21
151797,151819,151822,3,22
151797,151819,151822,3,22
151797,151819,151821,2,22
151797,151819,151822,3,22
151797,151820,151823,3,23
151797,151820,151822,2,23
151797,151821,151822,1,24
151797,151821,151823,2,24
151797,151820,151822,2,23
151797,151820,151822,2,23
151797,151817,151822,5,20
151797,151820,151822,2,23
151797,151820,151823,3,23
151797,151820,151823,3,23
151797,151818,151822,4,21
151797,151819,151822,3,22
151797,151820,151823,3,23
151797,151820,151823,3,23
151797,151820,151823,3,23
151797,151821,151824,3,24
151797,151821,151823,2,24
151797,151822,151823,1,25
151797,151822,151823,1,25
151797,151822,151824,2,25
151797,151822,151824,2,25
151797,151821,151823,2,24
151797,151821,151823,2,24
151797,151822,151824,2,25
151797,151822,151823,1,25
151797,151820,151823,3,23
151797,151821,151824,3,24
151797,151820,151823,3,23
151797,151821,151824,3,24
151797,151821,151823,2,24
151797,151821,151824,3,24
151797,151820,151823,3,23
151797,151820,151824,4,23
151797,151821,151824,3,24
151797,151822,151825,3,25
151797,151821,151825,4,24
151797,151821,151825,4,24
151797,151821,151824,3,24
151797,151821,151824,3,24
151797,151822,151824,2,25
151797,151821,151824,3,24
151797,151822,151825,3,25
151797,151822,151824,2,25
151797,151821,151824,3,24
151797,151822,151824,2,25
151797,151821,151825,4,24
151797,151821,151824,3,24
151797,151822,151824,2,25
151797,151822,151825,3,25
151797,151822,151825,3,25
151797,151821,151825,4,24
151797,151821,151824,3,24
151797,151822,151824,2,25
151797,151822,151824,2,25
151797,151822,151825,3,25
151797,151821,151825,4,24
151797,151822,151824,2,25
151797,151821,151825,4,24
151797,151822,151825,3,25
151797,151822,151825,3,25
151797,151824,151826,2,27
151797,151821,151825,4,24
151797,151822,151826,4,25
151797,151823,151825,2,26
151797,151822,151825,3,25
151797,151823,151826,3,26
151797,151823,151826,3,26
151797,151823,151825,2,26
151797,151822,151826,4,25
151797,151822,151826,4,25
151797,151823,151825,2,26
151797,151823,151825,2,26
151797,151823,151826,3,26
151797,151823,151825,2,26
151797,151823,151826,3,26
151797,151822,151826,4,25
151797,151822,151826,4,25
151797,151823,151825,2,26
151797,151823,151826,3,26
151797,151823,151827,4,26
151797,151823,151826,3,26
151797,151823,151826,3,26
151797,151824,151826,2,27
151797,151824,151827,3,27
151797,151823,151826,3,26
151797,151824,151827,3,27
151797,151824,151827,3,27
151797,151823,151827,4,26
151797,151824,151827,3,27
151797,151824,151827,3,27
151797,151824,151827,3,27
151797,151824,151827,3,27
151797,151824,151826,2,27
151797,151825,151827,2,28
151797,151822,151827,5,25
151797,151822,151827,5,25
151797,151824,151827,3,27
151797,151825,151828,3,28
151797,151822,151827,5,25
151797,151822,151827,5,25
151797,151824,151828,4,27
151797,151824,151827,3,27
151797,151824,151828,4,27
151797,151825,151828,3,28
151797,151825,151828,3,28
151797,151824,151828,4,27
151797,151824,151828,4,27
151797,151825,151828,3,28
151797,151825,151828,3,28
151797,151826,151828,2,29
151797,151824,151827,3,27
151797,151825,151828,3,28
151797,151825,151827,2,28
151797,151825,151828,3,28
151797,151825,151827,2,28
151797,151825,151828,3,28
151797,151825,151827,2,28
151797,151825,151828,3,28
151797,151824,151828,4,27
151797,151824,151828,4,27
151797,151825,151828,3,28
151797,151825,151828,3,28
151797,151825,151829,4,28
151797,151826,151829,3,29
151797,151826,151829,3,29
151797,151825,151828,3,28
151797,151826,151829,3,29
151797,151826,151829,3,29
151797,151825,151829,4,28
151797,151825,151828,3,28
151797,151825,151829,4,28
151797,151825,151829,4,28
151797,151826,151829,3,29
151797,151826,151829,3,29
151797,151826,151829,3,29
151797,151826,151829,3,29
151797,151826,151828,2,29
151797,151826,151828,2,29
151797,151827,151829,2,30
151797,151825,151828,3,28
151797,151826,151829,3,29
151797,151825,151829,4,28
151797,151828,151829,1,31
151797,151828,151829,1,31
151797,151828,151829,1,31
151797,151825,151829,4,28
151797,151826,151829,3,29
151797,151825,151830,5,28
151797,151827,151830,3,30
151797,151827,151830,3,30
151797,151827,151830,3,30
151797,151827,151829,2,30
151797,151827,151830,3,30
151797,151827,151830,3,30
151797,151826,151830,4,29
151797,151826,151830,4,29
151797,151828,151830,2,31
151797,151828,151830,2,31
151797,151826,151830,4,29
151797,151827,151830,3,30
151797,151827,151830,3,30
151797,151828,151830,2,31
151797,151828,151830,2,31
151797,151827,151830,3,30
151797,151828,151830,2,31
151797,151827,151831,4,30
151797,151827,151831,4,30
151797,151827,151831,4,30
151797,151827,151831,4,30
151797,151827,151831,4,30
151797,151827,151831,4,30
151797,151828,151831,3,31
151797,151827,151830,3,30
151797,151828,151831,3,31
151797,151827,151831,4,30
151797,151828,151831,3,31
151797,151827,151831,4,30
151797,151828,151831,3,31
151797,151828,151831,3,31
151797,151829,151832,3,32
151797,151828,151832,4,31
151797,151828,151832,4,31
151797,151828,151832,4,31
151797,151828,151832,4,31
151797,151828,151832,4,31
151797,151829,151832,3,32
151797,151828,151832,4,31
151797,151828,151833,5,31
151797,151830,151832,2,33
151797,151828,151832,4,31
151797,151829,151832,3,32
151797,151829,151832,3,32
151797,151829,151833,4,32
151797,151830,151832,2,33
151797,151830,151833,3,33
151797,151830,151832,2,33
151797,151829,151833,4,32
151797,151829,151833,4,32
151797,151829,151833,4,32
151797,151830,151833,3,33
151797,151828,151833,5,31
151797,151829,151833,4,32
151797,151829,151833,4,32
151797,151829,151833,4,32
151797,151829,151833,4,32
151797,151829,151833,4,32
151797,151830,151833,3,33
151797,151830,151833,3,33
151797,151830,151833,3,33
151797,151829,151833,4,32
151797,151829,151833,4,32
151797,151829,151833,4,32
151797,151829,151833,4,32
151797,151830,151833,3,33
151797,151831,151833,2,34
151797,151828,151833,5,31
151797,151828,151833,5,31
151797,151830,151833,3,33
151797,151829,151833,4,32
151797,151829,151833,4,32
151797,151830,151834,4,33
151797,151831,151834,3,34
151797,151830,151834,4,33
151797,151831,151833,2,34
151797,151829,151834,5,32
151797,151831,151834,3,34
151797,151831,151834,3,34
151797,151829,151834,5,32
151797,151831,151834,3,34
151797,151831,151834,3,34
151797,151831,151834,3,34
151797,151831,151834,3,34
151797,151832,151834,2,35
151797,151831,151834,3,34
151797,151833,151834,1,36
151797,151831,151834,3,34
151797,151831,151834,3,34
151797,151832,151834,2,35
151797,151832,151834,2,35
151797,151833,151835,2,36
151797,151831,151834,3,34
151797,151831,151834,3,34
151797,151831,151834,3,34
151797,151831,151834,3,34
151797,151832,151834,2,35
151797,151831,151835,4,34
151797,151831,151835,4,34
151797,151831,151835,4,34
151797,151832,151835,3,35
151797,151832,151835,3,35
151797,151831,151835,4,34
151797,151831,151835,4,34
151797,151831,151835,4,34
151797,151832,151836,4,35
151797,151831,151835,4,34
151797,151833,151835,2,36
151797,151833,151835,2,36
151797,151834,151836,2,37
151797,151833,151835,2,36
151797,151833,151836,3,36
151797,151834,151835,1,37
151797,151834,151835,1,37
151797,151834,151835,1,37
151797,151832,151836,4,35
151797,151832,151835,3,35
151797,151833,151835,2,36
151797,151834,151836,2,37
151797,151832,151836,4,35
151797,151835,151837,2,38
151797,151835,151837,2,38
151797,151833,151837,4,36
151797,151834,151837,3,37
151797,151835,151837,2,38
151797,151833,151837,4,36
151797,151835,151837,2,38
151797,151835,151836,1,38
151797,151834,151837,3,37
151797,151835,151837,2,38
151797,151834,151838,4,37
151797,151834,151837,3,37
151797,151834,151837,3,37
151797,151834,151837,3,37
151797,151835,151837,2,38
151797,151835,151837,2,38
151797,151835,151837,2,38
151797,151835,151837,2,38
151797,151833,151838,5,36
151797,151835,151837,2,38
151797,151835,151837,2,38
151797,151834,151838,4,37
151797,151834,151838,4,37
151797,151835,151838,3,38
151797,151835,151837,2,38
151797,151833,151838,5,36
151797,151833,151837,4,36
151797,151834,151837,3,37
151797,151833,151838,5,36
151797,151833,151838,5,36
151797,151833,151838,5,36
151797,151833,151838,5,36
151797,151836,151838,2,39
151797,151834,151838,4,37
151797,151834,151838,4,37
151797,151835,151838,3,38
151797,151836,151838,2,39
151797,151834,151839,5,37
151797,151834,151838,4,37
151797,151834,151838,4,37
151797,151834,151838,4,37
151797,151835,151839,4,38
151797,151835,151839,4,38
151797,151834,151839,5,37
151797,151833,151839,6,36
151797,151834,151839,5,37
151797,151836,151839,3,39
151797,151836,151839,3,39
151797,151836,151839,3,39
151797,151834,151839,5,37
151797,151836,151839,3,39
151797,151836,151840,4,39
151797,151836,151840,4,39
151797,151834,151840,6,37
151797,151836,151840,4,39
151797,151837,151840,3,40
151797,151836,151839,3,39
151797,151836,151840,4,39
151797,151837,151840,3,40
151797,151835,151839,4,38
151797,151835,151839,4,38
151797,151836,151840,4,39
151797,151836,151840,4,39
151797,151837,151839,2,40
151797,151837,151840,3,40
151797,151837,151840,3,40
151797,151836,151840,4,39
151797,151838,151840,2,41
151797,151836,151840,4,39
151797,151838,151840,2,41
151797,151836,151840,4,39
151797,151836,151841,5,39
151797,151835,151840,5,38
151797,151836,151841,5,39
151797,151836,151841,5,39
151797,151837,151841,4,40
151797,151837,151841,4,40
151797,151837,151841,4,40
151797,151838,151841,3,41
151797,151839,151842,3,42
151797,151838,151841,3,41
151797,151838,151842,4,41
151797,151838,151842,4,41
151797,151838,151841,3,41
151797,151839,151842,3,42
151797,151836,151842,6,39
151797,151836,151841,5,39
151797,151838,151842,4,41
151797,151838,151842,4,41
151797,151838,151842,4,41
151797,151838,151841,3,41
151797,151836,151841,5,39
151797,151838,151842,4,41
151797,151838,151842,4,41
151797,151839,151842,3,42
151797,151837,151841,4,40
151797,151838,151842,4,41
151797,151838,151841,3,41
151797,151838,151842,4,41
151797,151838,151842,4,41
151797,151839,151842,3,42
151797,151839,151842,3,42
151797,151839,151842,3,42
151797,151839,151843,4,42
151797,151839,151843,4,42
151797,151839,151842,3,42
151797,151839,151843,4,42
151797,151839,151842,3,42
151797,151839,151842,3,42
151797,151839,151842,3,42
151797,151838,151842,4,41
151797,151839,151843,4,42
151797,151838,151843,5,41
151797,151838,151843,5,41
151797,151838,151843,5,41
151888,151888,151891,3,0
151888,151888,151891,3,0
151888,151888,151891,3,0
151888,151888,151891,3,0
151888,151888,151891,3,0
151888,151888,151891,3,0
151888,151888,151891,3,0
151888,151888,151892,4,0
151888,151888,151892,4,0
151888,151888,151892,4,0
151888,151888,151891,3,0
151888,151888,151892,4,0
151888,151888,151892,4,0
151888,151888,151892,4,0
151888,151888,151891,3,0
151888,151888,151892,4,0
151888,151888,151892,4,0
151888,151888,151892,4,0
151888,151888,151892,4,0
151888,151888,151892,4,0
151888,151888,151891,3,0
151888,151888,151892,4,0
151888,151888,151892,4,0
151888,151888,151891,3,0
151888,151888,151891,3,0
151888,151888,151892,4,0
151888,151888,151892,4,0
151888,151888,151892,4,0
151888,151888,151891,3,0
151888,151888,151892,4,0
151888,151888,151892,4,0
151888,151888,151892,4,0
151888,151888,151892,4,0
151888,151888,151892,4,0
151888,151888,151892,4,0
151888,151888,151892,4,0
151888,151888,151892,4,0
151888,151888,151892,4,0
151888,151888,151892,4,0
151888,151888,151892,4,0
151888,151888,151891,3,0
151888,151888,151892,4,0
151888,151888,151892,4,0
151888,151888,151892,4,0
151888,151888,151892,4,0
151888,151888,151892,4,0
151888,151888,151892,4,0
151888,151888,151892,4,0
151888,151888,151893,5,0
151888,151888,151893,5,0
151888,151888,151893,5,0
151888,151888,151893,5,0
151888,151891,151893,2,3
151888,151888,151893,5,0
151888,151891,151893,2,3
151888,151888,151893,5,0
151888,151888,151893,5,0
151888,151888,151893,5,0
151888,151888,151893,5,0
151888,151888,151893,5,0
151888,151891,151893,2,3
151888,151888,151893,5,0
151888,151888,151893,5,0
151888,151888,151893,5,0
151888,151891,151893,2,3
151888,151888,151893,5,0
151888,151888,151893,5,0
151888,151891,151893,2,3
151888,151888,151893,5,0
151888,151891,151894,3,3
151888,151892,151894,2,4
151888,151888,151894,6,0
151888,151892,151894,2,4
151888,151891,151894,3,3
151888,151892,151895,3,4
151888,151893,151896,3,5
151888,151893,151896,3,5
151888,151893,151895,2,5
151888,151893,151895,2,5
151888,151895,151896,1,7
151888,151893,151895,2,5
151888,151893,151896,3,5
151888,151892,151895,3,4
151888,151892,151895,3,4
151888,151895,151896,1,7
151888,151893,151895,2,5
151888,151893,151895,2,5
151888,151893,151895,2,5
151888,151894,151896,2,6
151888,151893,151896,3,5
151888,151893,151896,3,5
151888,151893,151896,3,5
151888,151893,151896,3,5
151888,151893,151896,3,5
151888,151895,151896,1,7
151888,151893,151896,3,5
151888,151893,151896,3,5
151888,151893,151896,3,5
151888,151893,151896,3,5
151888,151893,151896,3,5
151888,151893,151896,3,5
151888,151893,151896,3,5
151888,151893,151896,3,5
151888,151893,151897,4,5
151888,151893,151896,3,5
151888,151893,151896,3,5
151888,151894,151897,3,6
151888,151893,151896,3,5
151888,151893,151896,3,5
151888,151893,151896,3,5
151888,151893,151896,3,5
151888,151894,151897,3,6
151888,151893,151896,3,5
151888,151893,151897,4,5
151888,151894,151897,3,6
151888,151893,151896,3,5
151888,151894,151897,3,6
151888,151893,151896,3,5
151888,151893,151896,3,5
151888,151894,151897,3,6
151888,151894,151897,3,6
151888,151894,151897,3,6
151888,151893,151897,4,5
151888,151893,151896,3,5
151888,151893,151897,4,5
151888,151895,151896,1,7
151888,151896,151897,1,8
151888,151896,151897,1,8
151888,151894,151897,3,6
151888,151894,151897,3,6
151888,151896,151897,1,8
151888,151894,151897,3,6
151888,151894,151898,4,6
151888,151894,151898,4,6
151888,151894,151897,3,6
151888,151894,151897,3,6
151888,151894,151897,3,6
151888,151894,151897,3,6
151888,151896,151898,2,8
151888,151894,151897,3,6
151888,151894,151898,4,6
151888,151896,151898,2,8
151888,151897,151898,1,9
151888,151897,151898,1,9
151888,151896,151899,3,8
151888,151896,151898,2,8
151888,151896,151899,3,8
151888,151896,151898,2,8
151888,151894,151898,4,6
151888,151896,151899,3,8
151888,151897,151899,2,9
151888,151896,151900,4,8
151888,151896,151900,4,8
151888,151896,151900,4,8
151888,151896,151900,4,8
151888,151896,151899,3,8
151888,151896,151900,4,8
151888,151897,151900,3,9
151888,151897,151900,3,9
151888,151897,151900,3,9
151888,151897,151900,3,9
151888,151896,151899,3,8
151888,151896,151899,3,8
151888,151898,151901,3,10
151888,151898,151901,3,10
151888,151897,151900,3,9
151888,151897,151901,4,9
151888,151897,151900,3,9
151888,151897,151901,4,9
151888,151896,151900,4,8
151888,151897,151900,3,9
151888,151897,151900,3,9
151888,151899,151901,2,11
151888,151897,151901,4,9
151888,151897,151901,4,9
151888,151897,151901,4,9
151888,151897,151901,4,9
151888,151897,151901,4,9
151888,151897,151901,4,9
151888,151897,151900,3,9
151888,151897,151900,3,9
151888,151897,151901,4,9
151888,151897,151901,4,9
151888,151898,151901,3,10
151888,151898,151901,3,10
151888,151897,151900,3,9
151888,151897,151901,4,9
151888,151897,151901,4,9
151888,151897,151901,4,9
151888,151897,151900,3,9
151888,151899,151901,2,11
151888,151899,151900,1,11
151888,151897,151901,4,9
151888,151897,151901,4,9
151888,151898,151901,3,10
151888,151899,151901,2,11
151888,151898,151901,3,10
151888,151898,151901,3,10
151888,151898,151901,3,10
151888,151897,151901,4,9
151888,151897,151901,4,9
151888,151898,151901,3,10
151888,151897,151901,4,9
151888,151898,151901,3,10
151888,151898,151901,3,10
151888,151897,151902,5,9
151888,151898,151902,4,10
151888,151899,151901,2,11
151888,151899,151902,3,11
151888,151898,151902,4,10
151888,151898,151902,4,10
151888,151899,151902,3,11
151888,151899,151902,3,11
151888,151900,151903,3,12
151888,151900,151903,3,12
151888,151900,151903,3,12
151888,151900,151903,3,12
151888,151900,151903,3,12
151888,151900,151903,3,12
151888,151900,151903,3,12
151888,151898,151902,4,10
151888,151898,151902,4,10
151888,151901,151903,2,13
151888,151900,151903,3,12
151888,151901,151903,2,13
151888,151901,151903,2,13
151888,151900,151903,3,12
151888,151900,151903,3,12
151888,151901,151903,2,13
151888,151901,151904,3,13
151888,151901,151903,2,13
151888,151901,151904,3,13
151888,151901,151903,2,13
151888,151902,151904,2,14
151888,151900,151904,4,12
151888,151901,151904,3,13
151888,151901,151904,3,13
151888,151901,151904,3,13
151888,151902,151904,2,14
151888,151900,151904,4,12
151888,151901,151904,3,13
151888,151901,151904,3,13
151888,151901,151904,3,13
151888,151901,151904,3,13
151888,151901,151904,3,13
151888,151901,151904,3,13
151888,151902,151904,2,14
151888,151902,151904,2,14
151888,151903,151904,1,15
151888,151900,151904,4,12
151888,151901,151904,3,13
151888,151902,151904,2,14
151888,151902,151904,2,14
151888,151901,151904,3,13
151888,151902,151904,2,14
151888,151902,151904,2,14
151888,151901,151905,4,13
151888,151901,151904,3,13
151888,151901,151905,4,13
151888,151901,151904,3,13
151888,151902,151905,3,14
151888,151901,151905,4,13
151888,151901,151905,4,13
151888,151901,151905,4,13
151888,151901,151905,4,13
151888,151901,151905,4,13
151888,151901,151905,4,13
151888,151901,151905,4,13
151888,151901,151905,4,13
151888,151901,151905,4,13
151888,151902,151905,3,14
151888,151902,151905,3,14
151888,151902,151906,4,14
151888,151902,151905,3,14
151888,151902,151905,3,14
151888,151901,151906,5,13
151888,151902,151906,4,14
151888,151902,151906,4,14
151888,151902,151906,4,14
151888,151904,151906,2,16
151888,151904,151906,2,16
151888,151904,151906,2,16
151888,151905,151907,2,17
151888,151904,151906,2,16
151888,151905,151907,2,17
151888,151905,151907,2,17
151888,151905,151907,2,17
151888,151902,151907,5,14
151888,151902,151906,4,14
151888,151903,151906,3,15
151888,151903,151907,4,15
151888,151903,151906,3,15
151888,151903,151907,4,15
151888,151902,151907,5,14
151888,151903,151907,4,15
151888,151906,151907,1,18
151888,151906,151907,1,18
151888,151903,151908,5,15
151888,151904,151908,4,16
151888,151905,151907,2,17
151888,151906,151908,2,18
151888,151904,151908,4,16
151888,151904,151907,3,16
151888,151905,151907,2,17
151888,151905,151908,3,17
151888,151904,151907,3,16
151888,151905,151907,2,17
151888,151905,151908,3,17
151888,151903,151907,4,15
151888,151904,151907,3,16
151888,151904,151908,4,16
151888,151904,151908,4,16
151888,151904,151908,4,16
151888,151904,151908,4,16
151888,151904,151908,4,16
151888,151905,151908,3,17
151888,151905,151908,3,17
151888,151903,151908,5,15
151888,151904,151908,4,16
151888,151904,151908,4,16
151888,151904,151908,4,16
151888,151904,151909,5,16
151888,151906,151908,2,18
151888,151905,151908,3,17
151888,151905,151908,3,17
151888,151906,151908,2,18
151888,151905,151908,3,17
151888,151906,151909,3,18
151888,151907,151908,1,19
151888,151904,151908,4,16
151888,151905,151908,3,17
151888,151906,151908,2,18
151888,151907,151909,2,19
151888,151906,151908,2,18
151888,151906,151908,2,18
151888,151906,151908,2,18
151888,151905,151908,3,17
151888,151905,151909,4,17
151888,151905,151909,4,17
151888,151905,151909,4,17
151888,151905,151909,4,17
151888,151904,151909,5,16
151888,151907,151909,2,19
151888,151907,151909,2,19
151888,151907,151910,3,19
151888,151906,151909,3,18
151888,151906,151909,3,18
151888,151907,151910,3,19
151888,151905,151909,4,17
151888,151906,151909,3,18
151888,151906,151909,3,18
151888,151907,151909,2,19
151888,151907,151910,3,19
151888,151907,151910,3,19
151888,151907,151909,2,19
151888,151907,151909,2,19
151888,151908,151910,2,20
151888,151908,151910,2,20
151888,151908,151910,2,20
151888,151905,151910,5,17
151888,151907,151910,3,19
151888,151910,151911,1,22
151888,151909,151910,1,21
151888,151909,151910,1,21
151888,151909,151910,1,21
151888,151907,151910,3,19
151888,151909,151910,1,21
151888,151909,151911,2,21
151888,151909,151911,2,21
151888,151908,151911,3,20
151888,151908,151911,3,20
151888,151910,151911,1,22
151888,151910,151911,1,22
151888,151910,151911,1,22
151888,151909,151912,3,21
151888,151910,151911,1,22
151888,151909,151911,2,21
151888,151908,151912,4,20
151888,151911,151912,1,23
151888,151908,151912,4,20
151888,151909,151911,2,21
151888,151909,151912,3,21
151888,151909,151912,3,21
151888,151907,151911,4,19
151888,151908,151912,4,20
151888,151909,151912,3,21
151888,151907,151912,5,19
151888,151907,151912,5,19
151888,151908,151912,4,20
151888,151908,151912,4,20
151888,151908,151912,4,20
151888,151909,151912,3,21
151888,151907,151912,5,19
151888,151908,151912,4,20
151888,151910,151912,2,22
151888,151908,151912,4,20
151888,151908,151912,4,20
151888,151909,151912,3,21
151888,151909,151913,4,21
151888,151909,151912,3,21
151888,151908,151912,4,20
151888,151908,151913,5,20
151888,151908,151913,5,20
151888,151909,151912,3,21
151888,151910,151913,3,22
151888,151910,151913,3,22
151888,151908,151913,5,20
151888,151908,151913,5,20
151888,151908,151914,6,20
151888,151909,151913,4,21
151888,151910,151914,4,22
151888,151908,151913,5,20
151888,151908,151913,5,20
151888,151908,151913,5,20
151888,151908,151913,5,20
151888,151910,151913,3,22
151888,151911,151914,3,23
151888,151911,151913,2,23
151888,151908,151914,6,20
151888,151910,151914,4,22
151888,151910,151913,3,22
151888,151910,151914,4,22
151888,151910,151914,4,22
151888,151911,151914,3,23
151888,151911,151914,3,23
151888,151911,151914,3,23
151888,151911,151915,4,23
151888,151911,151914,3,23
151888,151912,151915,3,24
151888,151913,151915,2,25
151888,151910,151915,5,22
151888,151910,151915,5,22
151888,151911,151915,4,23
151888,151911,151914,3,23
151888,151909,151914,5,21
151888,151909,151915,6,21
151888,151910,151915,5,22
151888,151911,151915,4,23
151888,151912,151915,3,24
151888,151912,151915,3,24
151888,151912,151915,3,24
151888,151913,151916,3,25
151888,151911,151915,4,23
151888,151911,151916,5,23
151888,151911,151916,5,23
151888,151912,151915,3,24
151888,151912,151915,3,24
151888,151912,151916,4,24
151888,151912,151915,3,24
151888,151912,151915,3,24
151888,151912,151916,4,24
151888,151912,151916,4,24
151888,151912,151916,4,24
151888,151912,151916,4,24
151888,151912,151916,4,24
151888,151912,151916,4,24
151888,151913,151916,3,25
151888,151913,151916,3,25
151888,151913,151916,3,25
151888,151913,151916,3,25
151888,151913,151917,4,25
151888,151913,151916,3,25
151888,151912,151916,4,24
151888,151913,151917,4,25
151888,151913,151916,3,25
151888,151913,151917,4,25
151888,151913,151916,3,25
151888,151913,151916,3,25
151888,151913,151916,3,25
151888,151912,151916,4,24
151888,151913,151917,4,25
151888,151912,151916,4,24
151888,151912,151916,4,24
151888,151912,151916,4,24
151955,151956,151957,1,1
151955,151955,151957,2,0
151955,151955,151958,3,0
151955,151955,151958,3,0
151955,151955,151958,3,0
151955,151955,151958,3,0
151955,151955,151958,3,0
151955,151955,151958,3,0
151955,151956,151958,2,1
151955,151955,151958,3,0
151955,151955,151958,3,0
151955,151955,151959,4,0
151955,151955,151958,3,0
151955,151956,151958,2,1
151955,151955,151959,4,0
151955,151955,151959,4,0
151955,151956,151959,3,1
151955,151955,151959,4,0
151955,151955,151959,4,0
151955,151955,151959,4,0
151955,151955,151959,4,0
151955,151956,151959,3,1
151955,151955,151959,4,0
151955,151955,151959,4,0
151955,151956,151959,3,1
151955,151958,151959,1,3
151955,151955,151959,4,0
151955,151955,151959,4,0
151955,151956,151960,4,1
151955,151955,151959,4,0
151955,151955,151959,4,0
151955,151956,151959,3,1
151955,151956,151959,3,1
151955,151956,151959,3,1
151955,151955,151959,4,0
151955,151956,151959,3,1
151955,151955,151959,4,0
151955,151955,151959,4,0
151955,151956,151959,3,1
151955,151956,151959,3,1
151955,151956,151959,3,1
151955,151956,151959,3,1
151955,151958,151960,2,3
151955,151955,151959,4,0
151955,151956,151959,3,1
151955,151956,151960,4,1
151955,151955,151960,5,0
151955,151955,151960,5,0
151955,151956,151960,4,1
151955,151955,151960,5,0
151955,151956,151960,4,1
151955,151956,151960,4,1
151955,151955,151960,5,0
151955,151956,151961,5,1
151955,151959,151961,2,4
151955,151959,151960,1,4
151955,151956,151960,4,1
151955,151956,151960,4,1
151955,151956,151960,4,1
151955,151955,151960,5,0
151955,151956,151960,4,1
151955,151956,151960,4,1
151955,151956,151960,4,1
151955,151959,151961,2,4
151955,151955,151960,5,0
151955,151956,151960,4,1
151955,151956,151960,4,1
151955,151956,151960,4,1
151955,151956,151960,4,1
151955,151959,151962,3,4
151955,151959,151962,3,4
151955,151960,151962,2,5
151955,151959,151961,2,4
151955,151960,151962,2,5
151955,151959,151962,3,4
151955,151959,151961,2,4
151955,151960,151962,2,5
151955,151959,151962,3,4
151955,151959,151962,3,4
151955,151960,151962,2,5
151955,151960,151962,2,5
151955,151960,151962,2,5
151955,151960,151962,2,5
151955,151962,151963,1,7
151955,151960,151963,3,5
151955,151960,151962,2,5
151955,151960,151962,2,5
151955,151960,151962,2,5
151955,151959,151962,3,4
151955,151960,151962,2,5
151955,151960,151962,2,5
151955,151960,151963,3,5
151955,151960,151962,2,5
151955,151960,151963,3,5
151955,151959,151962,3,4
151955,151960,151962,2,5
151955,151960,151962,2,5
151955,151960,151962,2,5
151955,151959,151962,3,4
151955,151960,151962,2,5
151955,151960,151963,3,5
151955,151960,151962,2,5
151955,151961,151963,2,6
151955,151961,151963,2,6
151955,151961,151963,2,6
151955,151960,151963,3,5
151955,151960,151963,3,5
151955,151960,151963,3,5
151955,151961,151963,2,6
151955,151960,151963,3,5
151955,151960,151963,3,5
151955,151960,151963,3,5
151955,151960,151964,4,5
151955,151960,151963,3,5
151955,151960,151963,3,5
151955,151962,151963,1,7
151955,151962,151963,1,7
151955,151962,151964,2,7
151955,151961,151964,3,6
151955,151963,151965,2,8
151955,151961,151964,3,6
151955,151962,151964,2,7
151955,151961,151965,4,6
151955,151961,151965,4,6
151955,151961,151965,4,6
151955,151961,151965,4,6
151955,151961,151964,3,6
151955,151961,151965,4,6
151955,151962,151966,4,7
151955,151962,151966,4,7
151955,151963,151965,2,8
151955,151961,151965,4,6
151955,151961,151966,5,6
151955,151961,151965,4,6
151955,151961,151965,4,6
151955,151961,151965,4,6
151955,151963,151966,3,8
151955,151963,151965,2,8
151955,151963,151966,3,8
151955,151961,151966,5,6
151955,151961,151965,4,6
151955,151961,151965,4,6
151955,151961,151966,5,6
151955,151963,151965,2,8
151955,151961,151965,4,6
151955,151961,151966,5,6
151955,151962,151966,4,7
151955,151963,151967,4,8
151955,151963,151966,3,8
151955,151964,151967,3,9
151955,151963,151967,4,8
151955,151963,151967,4,8
151955,151963,151967,4,8
151955,151963,151967,4,8
151955,151963,151966,3,8
151955,151963,151966,3,8
151955,151964,151968,4,9
151955,151964,151967,3,9
151955,151963,151967,4,8
151955,151963,151968,5,8
151955,151964,151968,4,9
151955,151963,151968,5,8
151955,151964,151967,3,9
151955,151963,151967,4,8
151955,151963,151967,4,8
151955,151964,151967,3,9
151955,151964,151968,4,9
151955,151963,151968,5,8
151955,151963,151968,5,8
151955,151963,151968,5,8
151955,151963,151968,5,8
151955,151964,151968,4,9
151955,151964,151968,4,9
151955,151964,151968,4,9
151955,151964,151968,4,9
151955,151964,151968,4,9
151955,151965,151968,3,10
151955,151963,151968,5,8
151955,151964,151968,4,9
151955,151965,151969,4,10
151955,151965,151969,4,10
151955,151964,151969,5,9
151955,151964,151968,4,9
151955,151966,151969,3,11
151955,151966,151969,3,11
151955,151963,151968,5,8
151955,151965,151968,3,10
151955,151966,151969,3,11
151955,151966,151968,2,11
151955,151966,151969,3,11
151955,151966,151969,3,11
151955,151964,151969,5,9
151955,151966,151969,3,11
151955,151965,151969,4,10
151955,151966,151970,4,11
151955,151965,151970,5,10
151955,151965,151969,4,10
151955,151966,151970,4,11
151955,151965,151969,4,10
151955,151966,151969,3,11
151955,151965,151970,5,10
151955,151966,151970,4,11
151955,151966,151969,3,11
151955,151966,151970,4,11
151955,151966,151970,4,11
151955,151966,151969,3,11
151955,151967,151970,3,12
151955,151966,151971,5,11
151955,151967,151970,3,12
151955,151968,151971,3,13
151955,151965,151970,5,10
151955,151966,151971,5,11
151955,151966,151970,4,11
151955,151967,151971,4,12
151955,151967,151971,4,12
151955,151967,151971,4,12
151955,151967,151971,4,12
151955,151968,151971,3,13
151955,151967,151971,4,12
151955,151967,151971,4,12
151955,151967,151971,4,12
151955,151968,151971,3,13
151955,151968,151971,3,13
151955,151968,151972,4,13
151955,151969,151972,3,14
151955,151969,151972,3,14
151955,151968,151972,4,13
151955,151968,151972,4,13
151955,151968,151972,4,13
151955,151968,151972,4,13
151955,151968,151971,3,13
151955,151968,151972,4,13
151955,151968,151972,4,13
151955,151968,151972,4,13
151955,151967,151972,5,12
151955,151969,151973,4,14
151955,151968,151973,5,13
151955,151969,151973,4,14
151955,151969,151973,4,14
151955,151969,151973,4,14
152008,152009,152010,1,1
152008,152009,152010,1,1
152008,152009,152011,2,1
152008,152009,152012,3,1
152008,152009,152012,3,1
152008,152009,152011,2,1
152008,152009,152012,3,1
152008,152009,152011,2,1
152008,152009,152011,2,1
152008,152009,152011,2,1
152008,152009,152012,3,1
152008,152009,152011,2,1
152008,152009,152012,3,1
152008,152009,152011,2,1
152008,152009,152012,3,1
152008,152009,152012,3,1
152008,152009,152012,3,1
152008,152009,152013,4,1
152008,152009,152013,4,1
152008,152009,152013,4,1
152008,152009,152012,3,1
152008,152009,152012,3,1
152008,152009,152013,4,1
152008,152009,152012,3,1
152008,152009,152012,3,1
152008,152009,152012,3,1
152008,152009,152013,4,1
152008,152009,152012,3,1
152008,152009,152012,3,1
152008,152009,152012,3,1
152008,152009,152012,3,1
152008,152009,152012,3,1
152008,152009,152013,4,1
152008,152009,152012,3,1
152008,152009,152012,3,1
152008,152009,152013,4,1
152008,152009,152012,3,1
152008,152009,152012,3,1
152008,152009,152013,4,1
152008,152009,152012,3,1
152008,152009,152013,4,1
152008,152009,152012,3,1
152008,152009,152013,4,1
152008,152009,152012,3,1
152008,152009,152013,4,1
152008,152009,152012,3,1
152008,152009,152013,4,1
152008,152009,152012,3,1
152008,152009,152012,3,1
152008,152009,152012,3,1
152008,152009,152013,4,1
152008,152009,152013,4,1
152008,152009,152013,4,1
152008,152009,152013,4,1
152008,152009,152013,4,1
152008,152009,152013,4,1
152008,152011,152013,2,3
152008,152009,152013,4,1
152008,152009,152013,4,1
152008,152009,152013,4,1
152008,152009,152013,4,1
152008,152009,152013,4,1
152008,152009,152014,5,1
152008,152009,152014,5,1
152008,152009,152014,5,1
152008,152009,152014,5,1
152008,152009,152013,4,1
152008,152009,152013,4,1
152008,152009,152013,4,1
152008,152009,152013,4,1
152008,152011,152015,4,3
152008,152012,152015,3,4
152008,152012,152015,3,4
152008,152012,152015,3,4
152008,152012,152014,2,4
152008,152012,152015,3,4
152008,152012,152015,3,4
152008,152013,152015,2,5
152008,152012,152016,4,4
152008,152013,152016,3,5
152008,152013,152015,2,5
152008,152013,152016,3,5
152008,152012,152015,3,4
152008,152012,152015,3,4
152008,152012,152015,3,4
152008,152012,152015,3,4
152008,152012,152015,3,4
152008,152012,152015,3,4
152008,152013,152016,3,5
152008,152013,152016,3,5
152008,152013,152015,2,5
152008,152013,152015,2,5
152008,152013,152016,3,5
152008,152013,152016,3,5
152008,152013,152016,3,5
152008,152013,152016,3,5
152008,152013,152017,4,5
152008,152013,152017,4,5
152008,152013,152016,3,5
152008,152013,152017,4,5
152008,152013,152016,3,5
152008,152013,152017,4,5
152008,152013,152017,4,5
152008,152013,152016,3,5
152008,152013,152016,3,5
152008,152013,152017,4,5
152008,152013,152017,4,5
152008,152013,152017,4,5
152008,152013,152016,3,5
152008,152013,152016,3,5
152008,152013,152016,3,5
152008,152013,152017,4,5
152008,152013,152017,4,5
152008,152013,152016,3,5
152008,152013,152017,4,5
152008,152013,152016,3,5
152008,152013,152016,3,5
152008,152013,152017,4,5
152008,152013,152016,3,5
152008,152013,152016,3,5
151481,151488,152345,857,7
152348,152348,152350,2,0
152348,152348,152351,3,0
152348,152348,152351,3,0
152348,152348,152351,3,0
152348,152348,152351,3,0
152348,152348,152352,4,0
152348,152348,152352,4,0
152348,152348,152352,4,0
152348,152348,152352,4,0
152348,152348,152352,4,0
152348,152348,152352,4,0
152348,152348,152352,4,0
152348,152349,152353,4,1
152348,152349,152353,4,1
152348,152349,152353,4,1
152348,152348,152353,5,0
152348,152348,152353,5,0
152348,152348,152353,5,0
152348,152348,152353,5,0
152348,152348,152353,5,0
152348,152348,152353,5,0
152348,152348,152353,5,0
152348,152348,152353,5,0
152348,152348,152353,5,0
152348,152348,152353,5,0
152348,152348,152353,5,0
152348,152348,152353,5,0
152348,152351,152354,3,3
152348,152349,152354,5,1
152348,152349,152354,5,1
152348,152349,152354,5,1
152348,152348,152354,6,0
152348,152348,152354,6,0
152348,152348,152354,6,0
152348,152348,152354,6,0
152348,152348,152354,6,0
152348,152352,152354,2,4
152348,152351,152354,3,3
152348,152348,152354,6,0
152348,152348,152354,6,0
152348,152348,152354,6,0
152348,152348,152354,6,0
152348,152348,152354,6,0
152348,152348,152354,6,0
152348,152351,152354,3,3
152348,152353,152354,1,5
152348,152350,152354,4,2
152348,152353,152354,1,5
152348,152353,152355,2,5
152348,152353,152355,2,5
152348,152353,152355,2,5
152348,152352,152355,3,4
152348,152354,152356,2,6
152348,152354,152356,2,6
152348,152351,152356,5,3
152348,152354,152356,2,6
152348,152352,152357,5,4
152348,152355,152357,2,7
152348,152354,152357,3,6
152348,152355,152357,2,7
152348,152354,152358,4,6
152348,152355,152358,3,7
152348,152355,152359,4,7
152348,152355,152358,3,7
152348,152354,152358,4,6
152348,152355,152358,3,7
152348,152355,152358,3,7
152348,152352,152358,6,4
152348,152354,152358,4,6
152348,152354,152358,4,6
152348,152355,152359,4,7
152348,152354,152359,5,6
152348,152355,152358,3,7
152348,152354,152358,4,6
152348,152354,152359,5,6
152348,152355,152358,3,7
152348,152355,152358,3,7
152348,152352,152358,6,4
152348,152354,152358,4,6
152348,152355,152358,3,7
152348,152356,152359,3,8
152348,152354,152359,5,6
152348,152355,152359,4,7
152348,152355,152359,4,7
152348,152356,152359,3,8
152348,152355,152359,4,7
152348,152355,152359,4,7
152348,152355,152359,4,7
152348,152355,152359,4,7
152348,152355,152359,4,7
152348,152355,152359,4,7
152348,152355,152359,4,7
152348,152357,152360,3,9
152348,152357,152360,3,9
152348,152356,152360,4,8
152348,152357,152360,3,9
152348,152358,152360,2,10
152348,152358,152361,3,10
152348,152357,152362,5,9
152348,152358,152361,3,10
152348,152358,152361,3,10
152348,152359,152363,4,11
152348,152359,152362,3,11
152348,152358,152363,5,10
152348,152359,152363,4,11
152348,152359,152363,4,11
152348,152359,152362,3,11
152348,152359,152363,4,11
152348,152359,152362,3,11
152348,152359,152363,4,11
152348,152359,152362,3,11
152348,152359,152363,4,11
152348,152359,152362,3,11
152348,152359,152363,4,11
152348,152359,152363,4,11
152348,152359,152362,3,11
152348,152359,152363,4,11
152348,152359,152363,4,11
152348,152359,152363,4,11
152348,152359,152363,4,11
151532,151591,152434,843,59
152436,152436,152438,2,0
152436,152436,152438,2,0
152436,152436,152440,4,0
152436,152436,152440,4,0
152436,152436,152439,3,0
152436,152436,152440,4,0
152436,152436,152439,3,0
152436,152436,152440,4,0
152436,152436,152439,3,0
152436,152436,152439,3,0
152436,152436,152440,4,0
152436,152436,152440,4,0
152436,152436,152439,3,0
152436,152436,152440,4,0
152436,152436,152440,4,0
152436,152436,152439,3,0
152436,152436,152439,3,0
152436,152436,152439,3,0
152436,152436,152439,3,0
152436,152436,152440,4,0
152436,152436,152439,3,0
152436,152436,152439,3,0
152436,152436,152440,4,0
152436,152436,152440,4,0
152436,152436,152439,3,0
152436,152436,152440,4,0
152436,152436,152440,4,0
152436,152436,152440,4,0
152436,152436,152440,4,0
152436,152436,152440,4,0
152436,152436,152440,4,0
152436,152436,152441,5,0
152436,152436,152440,4,0
152436,152436,152440,4,0
152436,152436,152440,4,0
152436,152436,152441,5,0
152436,152436,152441,5,0
151554,151651,152440,789,97
152436,152436,152441,5,0
152436,152436,152440,4,0
152436,152436,152441,5,0
152436,152436,152441,5,0
151539,151620,152442,822,81
152436,152440,152443,3,4
152436,152440,152443,3,4
152436,152439,152442,3,3
152436,152440,152443,3,4
152436,152440,152443,3,4
152436,152440,152443,3,4
152436,152439,152442,3,3
152436,152440,152443,3,4
152436,152441,152444,3,5
152436,152440,152444,4,4
152436,152440,152443,3,4
152436,152440,152444,4,4
152436,152440,152444,4,4
152436,152440,152444,4,4
152436,152440,152444,4,4
152436,152440,152444,4,4
152436,152440,152444,4,4
152436,152440,152444,4,4
152436,152440,152444,4,4
152436,152440,152444,4,4
152436,152440,152444,4,4
152436,152440,152444,4,4
152436,152441,152443,2,5
152436,152440,152443,3,4
152436,152440,152444,4,4
152436,152441,152444,3,5
152436,152441,152444,3,5
152436,152441,152444,3,5
152436,152441,152445,4,5
152436,152441,152445,4,5
152436,152441,152445,4,5
152436,152440,152444,4,4
152436,152440,152444,4,4
152436,152441,152445,4,5
152436,152441,152445,4,5
152436,152441,152445,4,5
152436,152441,152445,4,5
152436,152441,152444,3,5
152436,152442,152444,2,6
152436,152440,152444,4,4
152436,152442,152445,3,6
152436,152441,152446,5,5
152436,152443,152446,3,7
152436,152443,152446,3,7
152436,152443,152446,3,7
152436,152443,152446,3,7
152436,152443,152446,3,7
152436,152441,152446,5,5
152436,152443,152446,3,7
152436,152444,152447,3,8
152436,152443,152447,4,7
152436,152443,152447,4,7
152436,152444,152447,3,8
152436,152444,152447,3,8
152436,152444,152447,3,8
152436,152444,152447,3,8
152436,152444,152448,4,8
152436,152446,152447,1,10
152436,152444,152448,4,8
152436,152445,152448,3,9
152436,152444,152448,4,8
152436,152445,152448,3,9
152436,152445,152448,3,9
152436,152444,152448,4,8
152436,152444,152448,4,8
152436,152445,152448,3,9
152436,152444,152448,4,8
152436,152444,152448,4,8
152436,152444,152448,4,8
152436,152444,152448,4,8
152436,152446,152448,2,10
152436,152446,152449,3,10
152443,152446,152449,3,3
152436,152444,152448,4,8
152436,152444,152448,4,8
152436,152444,152448,4,8
152436,152444,152448,4,8
152436,152446,152448,2,10
152436,152445,152449,4,9
152436,152445,152449,4,9
152443,152447,152449,2,4
152443,152447,152450,3,4
152443,152447,152449,2,4
152443,152446,152449,3,3
152443,152447,152450,3,4
152443,152448,152449,1,5
152443,152446,152449,3,3
152443,152447,152449,2,4
152443,152448,152449,1,5
152443,152446,152449,3,3
152443,152448,152450,2,5
152443,152448,152450,2,5
152443,152447,152451,4,4
152443,152448,152450,2,5
152443,152448,152450,2,5
152443,152448,152450,2,5
152443,152447,152450,3,4
152443,152448,152450,2,5
152443,152446,152451,5,3
152443,152449,152451,2,6
152443,152448,152451,3,5
152443,152448,152451,3,5
152443,152448,152451,3,5
152443,152449,152451,2,6
152443,152450,152452,2,7
152443,152449,152452,3,6
152443,152449,152452,3,6
152443,152449,152452,3,6
152443,152449,152452,3,6
152443,152449,152453,4,6
152443,152449,152452,3,6
152443,152449,152452,3,6
152443,152449,152453,4,6
152443,152449,152453,4,6
152443,152449,152453,4,6
152443,152450,152452,2,7
152443,152449,152453,4,6
152443,152449,152452,3,6
152443,152450,152452,2,7
152443,152449,152453,4,6
152443,152449,152452,3,6
152443,152449,152453,4,6
152443,152450,152452,2,7
152443,152450,152452,2,7
152443,152450,152453,3,7
152443,152450,152453,3,7
152443,152450,152453,3,7
152443,152449,152453,4,6
152443,152449,152453,4,6
152443,152451,152454,3,8
152443,152449,152453,4,6
152443,152451,152454,3,8
152443,152451,152453,2,8
152443,152450,152453,3,7
152443,152450,152453,3,7
152443,152452,152455,3,9
152443,152450,152455,5,7
152443,152451,152454,3,8
152443,152452,152455,3,9
152443,152452,152455,3,9
152443,152451,152455,4,8
152443,152451,152455,4,8
152443,152450,152455,5,7
152443,152452,152455,3,9
152443,152453,152456,3,10
152443,152453,152456,3,10
152443,152452,152455,3,9
152443,152453,152456,3,10
152443,152452,152455,3,9
152443,152452,152456,4,9
152443,152453,152456,3,10
152443,152453,152456,3,10
152443,152453,152456,3,10
152443,152452,152456,4,9
152443,152453,152457,4,10
152443,152453,152457,4,10
152443,152453,152456,3,10
152443,152453,152457,4,10
152443,152453,152456,3,10
152443,152454,152457,3,11
152443,152454,152457,3,11
152443,152453,152456,3,10
152443,152453,152456,3,10
152443,152454,152457,3,11
152443,152453,152457,4,10
152443,152453,152457,4,10
152443,152454,152457,3,11
152443,152455,152457,2,12
152443,152453,152457,4,10
152443,152454,152457,3,11
152443,152455,152457,2,12
152443,152453,152457,4,10
152443,152453,152457,4,10
152443,152453,152456,3,10
152443,152455,152458,3,12
152443,152455,152458,3,12
152443,152454,152457,3,11
152443,152454,152457,3,11
152443,152454,152457,3,11
152443,152454,152457,3,11
152443,152455,152458,3,12
152443,152455,152458,3,12
152443,152456,152458,2,13
152443,152456,152459,3,13
152443,152455,152459,4,12
152443,152456,152459,3,13
152443,152454,152459,5,11
152443,152455,152459,4,12
152443,152457,152460,3,14
152443,152457,152460,3,14
152443,152457,152460,3,14
152443,152457,152459,2,14
152443,152457,152460,3,14
152443,152456,152459,3,13
152443,152456,152460,4,13
152443,152457,152460,3,14
152443,152457,152460,3,14
152443,152456,152459,3,13
152443,152457,152460,3,14
152443,152456,152459,3,13
152443,152456,152460,4,13
152443,152458,152460,2,15
152443,152457,152460,3,14
152443,152456,152460,4,13
152443,152457,152460,3,14
152443,152457,152461,4,14
152443,152457,152460,3,14
152443,152457,152460,3,14
152443,152457,152461,4,14
152443,152458,152461,3,15
152443,152458,152461,3,15
152443,152459,152461,2,16
152443,152459,152461,2,16
152443,152457,152461,4,14
152443,152457,152461,4,14
152443,152457,152461,4,14
152443,152457,152461,4,14
152443,152457,152461,4,14
152443,152458,152461,3,15
152443,152458,152461,3,15
152443,152457,152461,4,14
152443,152457,152461,4,14
152443,152457,152461,4,14
152443,152459,152461,2,16
152443,152458,152461,3,15
152443,152458,152462,4,15
152443,152460,152462,2,17
152443,152460,152462,2,17
152443,152460,152462,2,17
152443,152460,152463,3,17
152443,152460,152462,2,17
152443,152458,152462,4,15
152443,152460,152462,2,17
152443,152460,152463,3,17
152443,152461,152463,2,18
152443,152461,152463,2,18
152443,152461,152463,2,18
152443,152461,152463,2,18
152443,152461,152463,2,18
152443,152460,152463,3,17
152443,152460,152463,3,17
152443,152460,152463,3,17
152443,152460,152463,3,17
152443,152460,152464,4,17
152443,152460,152464,4,17
152443,152460,152464,4,17
152443,152462,152464,2,19
152443,152461,152464,3,18
152443,152461,152464,3,18
152443,152461,152464,3,18
152443,152463,152464,1,20
152443,152461,152465,4,18
152443,152462,152465,3,19
152443,152463,152465,2,20
152443,152463,152465,2,20
152443,152461,152465,4,18
152443,152462,152465,3,19
152443,152462,152465,3,19
152443,152463,152465,2,20
152443,152464,152466,2,21
152443,152462,152465,3,19
152443,152462,152465,3,19
152443,152463,152465,2,20
152443,152462,152466,4,19
152443,152462,152465,3,19
152443,152462,152466,4,19
152443,152462,152466,4,19
152443,152463,152465,2,20
152443,152461,152465,4,18
152443,152462,152465,3,19
152443,152462,152465,3,19
152443,152462,152465,3,19
152443,152461,152465,4,18
152443,152462,152466,4,19
152443,152462,152466,4,19
152443,152463,152466,3,20
152443,152463,152466,3,20
152443,152464,152467,3,21
152443,152464,152466,2,21
152443,152464,152467,3,21
152443,152464,152466,2,21
152443,152465,152467,2,22
152443,152462,152466,4,19
152443,152462,152467,5,19
152443,152463,152466,3,20
152443,152465,152467,2,22
152443,152465,152467,2,22
152443,152465,152467,2,22
152443,152465,152467,2,22
152443,152465,152468,3,22
152443,152465,152468,3,22
152443,152464,152468,4,21
152443,152465,152468,3,22
152443,152466,152468,2,23
152443,152466,152468,2,23
152443,152466,152469,3,23
152443,152466,152469,3,23
152443,152466,152469,3,23
152443,152466,152469,3,23
152443,152467,152469,2,24
152443,152466,152468,2,23
152443,152466,152468,2,23
152443,152466,152468,2,23
152443,152466,152468,2,23
152443,152466,152469,3,23
152443,152466,152469,3,23
152443,152466,152469,3,23
152443,152464,152469,5,21
152443,152466,152469,3,23
152443,152467,152469,2,24
152443,152467,152469,2,24
152443,152467,152469,2,24
152443,152466,152470,4,23
152443,152466,152469,3,23
152443,152466,152469,3,23
152443,152466,152469,3,23
152443,152466,152469,3,23
152443,152466,152469,3,23
152443,152466,152470,4,23
151535,151605,152482,877,70
151543,151620,152482,862,77
152505,152505,152507,2,0
152505,152505,152507,2,0
152505,152505,152507,2,0
152505,152505,152507,2,0
152505,152505,152508,3,0
152505,152505,152508,3,0
152505,152505,152508,3,0
152505,152505,152508,3,0
152505,152505,152508,3,0
152505,152505,152508,3,0
152505,152505,152509,4,0
152505,152505,152508,3,0
152505,152505,152509,4,0
152505,152505,152508,3,0
152505,152505,152509,4,0
152505,152505,152508,3,0
152505,152505,152509,4,0
152505,152505,152508,3,0
152505,152505,152509,4,0
152505,152505,152508,3,0
152505,152505,152509,4,0
152505,152505,152509,4,0
152505,152505,152509,4,0
152505,152505,152509,4,0
152505,152505,152509,4,0
152505,152506,152510,4,1
152505,152506,152510,4,1
152505,152505,152510,5,0
152505,152505,152510,5,0
152505,152505,152509,4,0
152505,152505,152509,4,0
152505,152505,152509,4,0
152505,152505,152509,4,0
152505,152505,152509,4,0
152505,152505,152509,4,0
152505,152505,152510,5,0
152505,152505,152509,4,0
152505,152505,152509,4,0
152505,152508,152510,2,3
152505,152505,152509,4,0
152505,152505,152510,5,0
152505,152508,152510,2,3
152505,152507,152510,3,2
152505,152508,152511,3,3
152505,152509,152511,2,4
152505,152509,152511,2,4
152505,152509,152512,3,4
152505,152506,152511,5,1
152505,152508,152511,3,3
152505,152508,152512,4,3
152505,152509,152512,3,4
152505,152509,152512,3,4
152505,152509,152512,3,4
152505,152509,152512,3,4
152505,152509,152512,3,4
152505,152508,152512,4,3
152505,152509,152512,3,4
152505,152509,152512,3,4
152505,152508,152512,4,3
152505,152508,152512,4,3
152505,152509,152512,3,4
152505,152509,152512,3,4
152505,152509,152512,3,4
152505,152506,152513,7,1
152505,152509,152512,3,4
152505,152509,152513,4,4
152505,152510,152513,3,5
152505,152510,152513,3,5
152505,152509,152513,4,4
152505,152510,152513,3,5
152505,152510,152513,3,5
152505,152510,152514,4,5
152505,152510,152514,4,5
152505,152510,152514,4,5
152505,152510,152514,4,5
152505,152511,152514,3,6
152505,152510,152514,4,5
152505,152510,152514,4,5
152505,152511,152514,3,6
151547,151628,152514,886,81
152505,152510,152514,4,5
152505,152510,152514,4,5
152505,152510,152514,4,5
152505,152510,152514,4,5
152505,152510,152514,4,5
152505,152512,152515,3,7
152505,152512,152515,3,7
152505,152512,152515,3,7
152505,152512,152515,3,7
152505,152510,152515,5,5
152505,152511,152515,4,6
152505,152512,152515,3,7
152505,152511,152515,4,6
152505,152512,152515,3,7
152505,152512,152515,3,7
152505,152511,152515,4,6
152505,152512,152515,3,7
152505,152512,152515,3,7
152505,152512,152515,3,7
152505,152513,152515,2,8
152505,152513,152515,2,8
152505,152512,152515,3,7
152505,152512,152516,4,7
152505,152512,152516,4,7
152505,152513,152516,3,8
152505,152513,152516,3,8
152505,152513,152516,3,8
152505,152512,152516,4,7
152505,152514,152516,2,9
152505,152514,152516,2,9
152505,152514,152516,2,9
152505,152513,152516,3,8
152505,152513,152516,3,8
152505,152513,152517,4,8
152505,152514,152516,2,9
152505,152514,152517,3,9
152505,152514,152517,3,9
152505,152514,152517,3,9
152505,152515,152517,2,10
152505,152515,152517,2,10
152505,152514,152518,4,9
151692,151745,152518,773,53
152523,152523,152525,2,0
152523,152523,152526,3,0
152523,152523,152526,3,0
152523,152523,152526,3,0
152523,152523,152526,3,0
152523,152523,152526,3,0
152523,152523,152526,3,0
152523,152523,152526,3,0
152523,152523,152526,3,0
152523,152523,152526,3,0
152523,152523,152526,3,0
152523,152523,152527,4,0
152523,152523,152526,3,0
152523,152523,152527,4,0
152523,152523,152526,3,0
152523,152523,152527,4,0
152523,152523,152527,4,0
152523,152523,152527,4,0
152523,152523,152526,3,0
152523,152523,152527,4,0
152523,152523,152527,4,0
152523,152523,152527,4,0
152523,152523,152527,4,0
152523,152523,152527,4,0
152523,152523,152526,3,0
152523,152523,152527,4,0
152523,152523,152526,3,0
152523,152523,152526,3,0
152523,152523,152527,4,0
152523,152523,152527,4,0
152523,152527,152528,1,4
152523,152523,152528,5,0
152523,152523,152528,5,0
152523,152523,152528,5,0
152523,152523,152528,5,0
152523,152527,152528,1,4
152523,152523,152527,4,0
152523,152523,152528,5,0
152523,152526,152528,2,3
152523,152523,152528,5,0
152523,152523,152527,4,0
152523,152526,152528,2,3
152523,152523,152527,4,0
152523,152523,152528,5,0
152523,152523,152527,4,0
152523,152523,152528,5,0
152523,152526,152528,2,3
152523,152526,152528,2,3
152523,152523,152528,5,0
152523,152527,152528,1,4
152523,152527,152528,1,4
152523,152526,152530,4,3
152523,152526,152529,3,3
152523,152526,152530,4,3
152523,152526,152530,4,3
152523,152527,152530,3,4
152523,152526,152530,4,3
152523,152527,152530,3,4
152523,152527,152530,3,4
152523,152527,152530,3,4
152523,152527,152531,4,4
152523,152529,152531,2,6
152523,152527,152531,4,4
152523,152526,152532,6,3
152523,152527,152531,4,4
152523,152528,152531,3,5
152523,152529,152531,2,6
152523,152527,152531,4,4
152523,152529,152531,2,6
152523,152527,152531,4,4
152523,152527,152531,4,4
152523,152527,152531,4,4
152523,152527,152531,4,4
152523,152529,152531,2,6
152523,152529,152531,2,6
152523,152527,152531,4,4
152523,152527,152531,4,4
152523,152529,152531,2,6
152523,152528,152532,4,5
152523,152528,152532,4,5
152523,152530,152532,2,7
152523,152529,152532,3,6
152523,152529,152532,3,6
152523,152529,152532,3,6
152523,152529,152532,3,6
152523,152529,152532,3,6
152523,152530,152533,3,7
152523,152529,152533,4,6
152523,152529,152532,3,6
152523,152529,152532,3,6
152523,152529,152532,3,6
152523,152531,152533,2,8
152523,152529,152533,4,6
152523,152528,152533,5,5
152523,152531,152534,3,8
152523,152529,152533,4,6
152523,152531,152533,2,8
152523,152529,152533,4,6
152523,152531,152533,2,8
152523,152530,152534,4,7
152523,152531,152534,3,8
152523,152531,152534,3,8
152523,152532,152534,2,9
152523,152532,152534,2,9
152523,152531,152534,3,8
152523,152532,152534,2,9
152523,152532,152535,3,9
152523,152532,152535,3,9
152523,152532,152534,2,9
152523,152532,152535,3,9
152523,152532,152535,3,9
152523,152532,152535,3,9
152523,152532,152535,3,9
152523,152532,152534,2,9
152523,152532,152535,3,9
152523,152532,152534,2,9
152523,152533,152536,3,10
152523,152532,152535,3,9
152523,152532,152535,3,9
152523,152532,152535,3,9
152523,152532,152535,3,9
152523,152532,152535,3,9
152523,152532,152536,4,9
152523,152533,152536,3,10
152523,152535,152536,1,12
152523,152535,152536,1,12
152523,152535,152536,1,12
152523,152533,152536,3,10
152523,152533,152536,3,10
152523,152535,152536,1,12
152523,152535,152536,1,12
152523,152533,152536,3,10
152523,152533,152536,3,10
152523,152533,152537,4,10
152523,152535,152537,2,12
152523,152533,152536,3,10
152523,152533,152537,4,10
152523,152533,152536,3,10
152523,152535,152537,2,12
152523,152533,152537,4,10
152523,152535,152537,2,12
152523,152535,152537,2,12
152523,152535,152537,2,12
152523,152535,152537,2,12
152523,152532,152537,5,9
152523,152534,152537,3,11
152523,152534,152537,3,11
152523,152533,152537,4,10
152523,152534,152537,3,11
152523,152535,152538,3,12
152523,152534,152538,4,11
152523,152535,152538,3,12
152523,152535,152538,3,12
152523,152533,152537,4,10
152523,152534,152538,4,11
152523,152535,152537,2,12
152523,152534,152537,3,11
152523,152533,152537,4,10
152523,152536,152539,3,13
152523,152537,152539,2,14
152523,152534,152538,4,11
152523,152536,152539,3,13
152523,152536,152539,3,13
152523,152538,152539,1,15
152523,152537,152540,3,14
152523,152537,152540,3,14
152523,152536,152539,3,13
152523,152536,152539,3,13
152523,152538,152540,2,15
152523,152538,152540,2,15
152523,152536,152539,3,13
152523,152538,152540,2,15
152523,152538,152540,2,15
152523,152537,152540,3,14
152523,152537,152540,3,14
152523,152538,152540,2,15
152523,152536,152540,4,13
152523,152538,152540,2,15
152523,152537,152540,3,14
152523,152538,152541,3,15
152523,152537,152541,4,14
152523,152537,152540,3,14
152523,152538,152541,3,15
152523,152538,152541,3,15
152523,152537,152541,4,14
152523,152537,152540,3,14
152523,152538,152540,2,15
152523,152537,152541,4,14
152523,152537,152541,4,14
152523,152537,152541,4,14
152523,152537,152541,4,14
152523,152537,152541,4,14
152523,152537,152540,3,14
152523,152538,152541,3,15
152523,152538,152541,3,15
152523,152539,152542,3,16
152523,152539,152541,2,16
152523,152538,152542,4,15
152523,152538,152541,3,15
152523,152539,152542,3,16
152523,152538,152542,4,15
152523,152537,152542,5,14
152523,152539,152542,3,16
152523,152538,152542,4,15
152523,152538,152542,4,15
152523,152540,152543,3,17
152523,152540,152542,2,17
152523,152540,152543,3,17
152523,152540,152543,3,17
152523,152540,152543,3,17
152523,152540,152542,2,17
152523,152539,152543,4,16
152523,152540,152543,3,17
152523,152541,152544,3,18
152523,152541,152544,3,18
152523,152541,152544,3,18
152523,152542,152544,2,19
152523,152540,152544,4,17
152523,152541,152543,2,18
152523,152541,152544,3,18
152523,152541,152544,3,18
152523,152541,152544,3,18
152523,152540,152544,4,17
152523,152540,152544,4,17
152523,152541,152544,3,18
152523,152541,152544,3,18
152523,152540,152544,4,17
152523,152540,152544,4,17
152523,152540,152544,4,17
152523,152542,152544,2,19
152523,152542,152544,2,19
152523,152541,152544,3,18
152523,152542,152544,2,19
152523,152542,152544,2,19
152523,152542,152545,3,19
152523,152541,152544,3,18
152523,152541,152545,4,18
152523,152541,152545,4,18
152523,152541,152545,4,18
152523,152542,152545,3,19
152579,152579,152581,2,0
152579,152579,152582,3,0
152579,152579,152582,3,0
152579,152579,152581,2,0
152579,152579,152582,3,0
152579,152579,152582,3,0
152579,152579,152582,3,0
152579,152579,152581,2,0
152579,152579,152581,2,0
152579,152579,152582,3,0
152579,152579,152582,3,0
152579,152579,152581,2,0
152579,152579,152582,3,0
152579,152579,152583,4,0
152579,152579,152582,3,0
152579,152579,152582,3,0
152579,152579,152582,3,0
152579,152579,152583,4,0
152579,152579,152582,3,0
152579,152579,152582,3,0
152579,152579,152582,3,0
152579,152579,152582,3,0
152579,152579,152582,3,0
152579,152579,152582,3,0
152579,152579,152582,3,0
152579,152579,152582,3,0
152579,152579,152582,3,0
152579,152579,152582,3,0
152579,152579,152583,4,0
152579,152579,152583,4,0
152579,152579,152582,3,0
152579,152580,152583,3,1
152579,152580,152583,3,1
152579,152579,152583,4,0
152579,152579,152583,4,0
152579,152579,152584,5,0
152579,152579,152583,4,0
152579,152579,152584,5,0
152579,152582,152584,2,3
152579,152582,152584,2,3
152579,152582,152584,2,3
152579,152582,152584,2,3
152579,152579,152584,5,0
152579,152582,152583,1,3
152579,152582,152584,2,3
152579,152582,152586,4,3
152579,152582,152586,4,3
152579,152582,152585,3,3
152579,152582,152586,4,3
152579,152582,152585,3,3
152579,152583,152586,3,4
152579,152583,152586,3,4
152579,152583,152586,3,4
152579,152583,152586,3,4
152579,152582,152586,4,3
152579,152583,152586,3,4
152579,152583,152587,4,4
152579,152583,152586,3,4
152579,152583,152586,3,4
152579,152583,152586,3,4
152579,152583,152587,4,4
152579,152583,152586,3,4
152579,152583,152587,4,4
152579,152584,152587,3,5
152579,152584,152587,3,5
152579,152583,152587,4,4
152579,152583,152587,4,4
152579,152584,152587,3,5
152579,152583,152587,4,4
152579,152583,152586,3,4
152579,152584,152587,3,5
152579,152584,152587,3,5
152579,152584,152587,3,5
152579,152584,152588,4,5
152579,152586,152588,2,7
152579,152586,152588,2,7
152579,152583,152587,4,4
152579,152583,152587,4,4
152579,152584,152588,4,5
152579,152584,152588,4,5
152579,152584,152588,4,5
152579,152584,152587,3,5
152579,152583,152587,4,4
152579,152586,152588,2,7
152579,152586,152588,2,7
152579,152586,152589,3,7
152579,152585,152589,4,6
152579,152586,152589,3,7
152579,152586,152589,3,7
152579,152587,152590,3,8
152579,152587,152590,3,8
152579,152587,152590,3,8
152579,152587,152589,2,8
152579,152587,152590,3,8
152579,152586,152589,3,7
152579,152587,152590,3,8
152579,152587,152590,3,8
152579,152587,152590,3,8
152579,152587,152590,3,8
152579,152587,152590,3,8
152579,152587,152590,3,8
152579,152586,152590,4,7
152579,152587,152590,3,8
152579,152587,152590,3,8
152579,152587,152590,3,8
152579,152587,152590,3,8
152579,152587,152591,4,8
152579,152588,152591,3,9
152579,152587,152591,4,8
152579,152588,152591,3,9
152579,152588,152591,3,9
152579,152588,152591,3,9
152579,152587,152591,4,8
152579,152588,152591,3,9
152579,152588,152591,3,9
152579,152580,152583,3,1
152579,152580,152584,4,1
152579,152580,152584,4,1
152579,152601,152604,3,22
152579,152601,152604,3,22
151798,151839,152670,831,41
152672,152672,152674,2,0
152672,152672,152674,2,0
152672,152672,152674,2,0
152672,152672,152674,2,0
152672,152672,152674,2,0
152672,152672,152675,3,0
152672,152672,152675,3,0
152672,152672,152675,3,0
152672,152672,152675,3,0
152672,152672,152675,3,0
152672,152672,152675,3,0
152672,152672,152676,4,0
152672,152672,152676,4,0
152672,152672,152676,4,0
152672,152672,152676,4,0
152672,152672,152676,4,0
152672,152672,152676,4,0
152672,152672,152676,4,0
152672,152672,152676,4,0
152672,152672,152676,4,0
152672,152672,152676,4,0
152672,152672,152676,4,0
152672,152672,152676,4,0
152672,152672,152676,4,0
152672,152672,152676,4,0
152672,152672,152676,4,0
152672,152672,152676,4,0
152672,152672,152676,4,0
152672,152672,152676,4,0
152672,152672,152676,4,0
152672,152672,152676,4,0
152672,152672,152676,4,0
152672,152672,152676,4,0
152672,152672,152677,5,0
152672,152672,152676,4,0
152672,152672,152677,5,0
152672,152672,152677,5,0
152672,152672,152677,5,0
152672,152672,152676,4,0
152672,152674,152677,3,2
152672,152672,152677,5,0
152672,152674,152677,3,2
152672,152674,152678,4,2
152672,152672,152678,6,0
152672,152674,152678,4,2
152672,152675,152678,3,3
152672,152675,152679,4,3
152672,152676,152679,3,4
152672,152675,152679,4,3
152672,152678,152679,1,6
152672,152676,152680,4,4
152672,152678,152679,1,6
152672,152678,152679,1,6
152672,152678,152679,1,6
152672,152674,152679,5,2
152672,152675,152679,4,3
152672,152678,152679,1,6
152672,152675,152679,4,3
152672,152675,152679,4,3
152672,152676,152680,4,4
152672,152677,152679,2,5
152672,152676,152680,4,4
152672,152676,152680,4,4
152672,152676,152680,4,4
152672,152676,152680,4,4
152672,152676,152680,4,4
152672,152678,152680,2,6
152672,152676,152680,4,4
152672,152676,152680,4,4
152672,152676,152680,4,4
152672,152676,152680,4,4
152672,152676,152680,4,4
152672,152676,152680,4,4
152672,152677,152680,3,5
152672,152677,152680,3,5
152672,152676,152680,4,4
152672,152676,152681,5,4
152672,152676,152681,5,4
152672,152677,152681,4,5
152672,152679,152681,2,7
152672,152676,152681,5,4
152672,152676,152681,5,4
152672,152680,152682,2,8
152672,152678,152681,3,6
152672,152678,152681,3,6
152672,152679,152681,2,7
152672,152679,152682,3,7
152672,152679,152682,3,7
152672,152679,152682,3,7
152672,152680,152682,2,8
152672,152681,152683,2,9
152672,152680,152682,2,8
152672,152680,152683,3,8
152672,152680,152682,2,8
152672,152680,152682,2,8
152672,152679,152683,4,7
152672,152680,152682,2,8
152672,152680,152683,3,8
152672,152681,152683,2,9
152672,152681,152683,2,9
152672,152680,152683,3,8
152672,152681,152683,2,9
152672,152681,152684,3,9
152672,152679,152683,4,7
152672,152680,152683,3,8
152672,152681,152683,2,9
152672,152681,152684,3,9
152672,152680,152684,4,8
152672,152680,152684,4,8
152672,152681,152684,3,9
152672,152681,152684,3,9
152672,152681,152684,3,9
152672,152681,152684,3,9
152672,152681,152684,3,9
152672,152681,152684,3,9
152672,152681,152684,3,9
152672,152681,152684,3,9
152672,152681,152684,3,9
152672,152681,152684,3,9
152672,152682,152685,3,10
151889,151913,152721,808,24
152726,152726,152728,2,0
152726,152726,152728,2,0
152726,152726,152728,2,0
152726,152726,152729,3,0
152726,152726,152728,2,0
152726,152726,152728,2,0
152726,152726,152729,3,0
152726,152726,152729,3,0
152726,152726,152729,3,0
152726,152726,152729,3,0
152726,152726,152729,3,0
152726,152726,152729,3,0
152726,152726,152730,4,0
152726,152726,152729,3,0
152726,152726,152729,3,0
152726,152726,152730,4,0
152726,152726,152729,3,0
152726,152726,152729,3,0
152726,152726,152730,4,0
152726,152726,152730,4,0
152726,152726,152730,4,0
152726,152726,152730,4,0
152726,152726,152730,4,0
152726,152726,152730,4,0
152726,152726,152730,4,0
152726,152726,152730,4,0
152726,152726,152730,4,0
152726,152726,152730,4,0
152726,152726,152730,4,0
152726,152726,152730,4,0
152726,152726,152730,4,0
152726,152726,152730,4,0
152726,152726,152731,5,0
152726,152726,152731,5,0
152726,152726,152731,5,0
152726,152726,152730,4,0
152726,152728,152731,3,2
152726,152729,152732,3,3
152726,152728,152732,4,2
152726,152729,152732,3,3
152726,152729,152733,4,3
152726,152729,152733,4,3
152726,152729,152733,4,3
152726,152730,152733,3,4
152726,152731,152733,2,5
152726,152731,152733,2,5
152726,152729,152733,4,3
152726,152730,152733,3,4
152726,152731,152732,1,5
152726,152731,152733,2,5
152726,152731,152733,2,5
152726,152729,152733,4,3
152726,152731,152734,3,5
152726,152731,152733,2,5
152726,152732,152733,1,6
152726,152730,152734,4,4
152726,152730,152733,3,4
152726,152730,152733,3,4
152726,152730,152734,4,4
152726,152731,152734,3,5
152726,152730,152734,4,4
152726,152730,152734,4,4
152726,152730,152734,4,4
152726,152730,152734,4,4
152726,152730,152734,4,4
152726,152732,152734,2,6
152726,152730,152733,3,4
152726,152730,152734,4,4
152726,152730,152734,4,4
152726,152730,152734,4,4
152726,152730,152734,4,4
152726,152732,152734,2,6
152726,152731,152734,3,5
152726,152731,152735,4,5
152726,152731,152735,4,5
152726,152731,152734,3,5
152726,152733,152735,2,7
152726,152733,152735,2,7
152726,152733,152735,2,7
152726,152733,152736,3,7
152726,152734,152736,2,8
152726,152734,152736,2,8
152726,152733,152736,3,7
152726,152733,152736,3,7
152726,152733,152736,3,7
152726,152733,152736,3,7
152726,152733,152736,3,7
152726,152734,152736,2,8
152726,152734,152737,3,8
152726,152734,152737,3,8
152726,152733,152737,4,7
152726,152734,152737,3,8
152726,152735,152737,2,9
152726,152735,152738,3,9
152726,152733,152737,4,7
152726,152735,152737,2,9
152726,152735,152737,2,9
152726,152735,152737,2,9
152726,152735,152737,2,9
152726,152735,152738,3,9
152726,152735,152737,2,9
152726,152736,152738,2,10
152726,152734,152738,4,8
152726,152734,152738,4,8
152726,152734,152738,4,8
152726,152735,152738,3,9
152726,152735,152738,3,9
152726,152735,152738,3,9
152726,152736,152738,2,10
152726,152735,152738,3,9
152726,152735,152738,3,9
152726,152735,152738,3,9
152726,152736,152738,2,10
152726,152735,152738,3,9
152726,152735,152738,3,9
152726,152739,152741,2,13
152726,152739,152742,3,13
152726,152739,152742,3,13
152726,152739,152743,4,13
152726,152739,152743,4,13
151956,151968,152862,894,12
152863,152863,152865,2,0
152863,152863,152865,2,0
152863,152863,152865,2,0
152863,152863,152866,3,0
152863,152863,152865,2,0
152863,152863,152866,3,0
152863,152863,152866,3,0
152863,152863,152866,3,0
152863,152863,152866,3,0
152863,152863,152866,3,0
152863,152863,152866,3,0
152863,152863,152867,4,0
152863,152863,152867,4,0
152863,152863,152866,3,0
152863,152863,152866,3,0
152863,152863,152866,3,0
152863,152863,152867,4,0
152863,152863,152866,3,0
152863,152863,152866,3,0
152863,152863,152866,3,0
152863,152863,152866,3,0
152863,152863,152866,3,0
152863,152863,152866,3,0
152863,152863,152867,4,0
152863,152863,152867,4,0
152863,152863,152867,4,0
152863,152863,152867,4,0
152863,152863,152867,4,0
152863,152863,152867,4,0
152863,152863,152867,4,0
152863,152863,152867,4,0
152863,152863,152867,4,0
152863,152863,152867,4,0
152863,152863,152867,4,0
152863,152863,152867,4,0
152863,152863,152867,4,0
152863,152863,152867,4,0
152863,152863,152867,4,0
152863,152863,152867,4,0
152863,152866,152869,3,3
152863,152863,152868,5,0
152863,152863,152868,5,0
152863,152866,152869,3,3
152863,152866,152869,3,3
152863,152867,152870,3,4
152863,152867,152870,3,4
152863,152867,152870,3,4
152863,152866,152869,3,3
152863,152866,152870,4,3
152863,152868,152870,2,5
152863,152868,152869,1,5
152863,152866,152870,4,3
152863,152867,152870,3,4
152863,152868,152870,2,5
152863,152868,152869,1,5
152863,152868,152870,2,5
152863,152868,152870,2,5
152863,152867,152871,4,4
152863,152867,152870,3,4
152863,152869,152871,2,6
152863,152867,152871,4,4
152863,152868,152871,3,5
152863,152868,152871,3,5
152863,152867,152871,4,4
152863,152867,152871,4,4
152863,152867,152870,3,4
152863,152867,152870,3,4
152863,152867,152871,4,4
152863,152867,152871,4,4
152863,152867,152870,3,4
152863,152868,152870,2,5
152863,152867,152871,4,4
152863,152867,152871,4,4
152863,152867,152871,4,4
152863,152867,152870,3,4
152863,152867,152871,4,4
152863,152867,152870,3,4
152863,152868,152871,3,5
152863,152868,152871,3,5
152863,152868,152872,4,5
152863,152868,152871,3,5
152009,152014,152871,857,5
152863,152869,152871,2,6
152863,152870,152872,2,7
152863,152869,152872,3,6
152863,152869,152871,2,6
152863,152870,152872,2,7
152863,152870,152872,2,7
152863,152870,152872,2,7
152863,152870,152873,3,7
152863,152870,152872,2,7
152863,152869,152872,3,6
152863,152870,152873,3,7
152863,152870,152873,3,7
152863,152870,152872,2,7
152863,152870,152873,3,7
152863,152870,152873,3,7
152863,152870,152873,3,7
152863,152871,152873,2,8
152863,152871,152874,3,8
152863,152870,152874,4,7
152863,152871,152874,3,8
152863,152871,152874,3,8
152863,152871,152874,3,8
152863,152871,152874,3,8
152863,152871,152874,3,8
152863,152871,152874,3,8
152863,152871,152874,3,8
152863,152871,152874,3,8
152863,152871,152874,3,8
152863,152871,152874,3,8
152863,152871,152874,3,8
152863,152871,152874,3,8
152863,152871,152875,4,8
152863,152871,152874,3,8
152863,152871,152874,3,8
152863,152871,152874,3,8
152863,152871,152874,3,8
152863,152872,152875,3,9
152863,152871,152875,4,8
152863,152872,152875,3,9
152873,152873,152877,4,0
152873,152873,152877,4,0
152873,152875,152876,1,2
152873,152874,152876,2,1
152873,152874,152877,3,1
152873,152874,152877,3,1
152873,152874,152878,4,1
152873,152874,152877,3,1
152873,152873,152877,4,0
152873,152873,152877,4,0
152873,152875,152878,3,2
152873,152875,152877,2,2
152873,152873,152877,4,0
152873,152874,152877,3,1
152873,152875,152877,2,2
152873,152873,152877,4,0
152873,152873,152877,4,0
152873,152875,152877,2,2
152873,152875,152878,3,2
152873,152874,152877,3,1
152873,152875,152877,2,2
152873,152875,152877,2,2
152873,152874,152878,4,1
152873,152873,152878,5,0
152873,152873,152878,5,0
152873,152874,152878,4,1
152873,152874,152878,4,1
152873,152875,152878,3,2
152873,152875,152878,3,2
152873,152875,152878,3,2
152873,152875,152878,3,2
152873,152875,152878,3,2
152873,152875,152878,3,2
152873,152875,152878,3,2
152873,152875,152878,3,2
152873,152875,152878,3,2
152873,152875,152879,4,2
152873,152875,152880,5,2
152873,152876,152879,3,3
152873,152876,152879,3,3
152873,152877,152879,2,4
152873,152875,152879,4,2
152873,152877,152880,3,4
152873,152877,152880,3,4
152873,152878,152881,3,5
152873,152878,152881,3,5
152873,152878,152880,2,5
152873,152878,152881,3,5
152873,152879,152881,2,6
152873,152877,152880,3,4
152873,152877,152880,3,4
152873,152878,152881,3,5
152873,152878,152881,3,5
152873,152878,152880,2,5
152873,152879,152881,2,6
152873,152879,152881,2,6
152873,152879,152881,2,6
152873,152880,152881,1,7
152873,152880,152881,1,7
152873,152880,152881,1,7
152873,152878,152882,4,5
152873,152879,152882,3,6
152873,152879,152881,2,6
152873,152879,152882,3,6
152873,152878,152881,3,5
152873,152878,152881,3,5
152873,152878,152881,3,5
152873,152878,152881,3,5
152873,152878,152881,3,5
152873,152879,152881,2,6
152873,152878,152882,4,5
152873,152878,152882,4,5
152873,152877,152881,4,4
152873,152879,152882,3,6
152873,152879,152882,3,6
152873,152878,152882,4,5
152873,152879,152882,3,6
152873,152879,152882,3,6
152873,152878,152882,4,5
152873,152879,152883,4,6
152873,152880,152883,3,7
152873,152879,152883,4,6
152873,152881,152884,3,8
152873,152881,152884,3,8
152873,152880,152884,4,7
152873,152880,152884,4,7
152873,152881,152884,3,8
152873,152881,152884,3,8
152873,152881,152884,3,8
152873,152881,152884,3,8
152873,152881,152883,2,8
152873,152881,152883,2,8
152873,152881,152884,3,8
152873,152881,152884,3,8
152873,152881,152884,3,8
152873,152882,152885,3,9
152873,152882,152885,3,9
152873,152882,152885,3,9
152873,152882,152884,2,9
152873,152882,152885,3,9
152873,152883,152885,2,10
152873,152881,152884,3,8
152873,152882,152885,3,9
152873,152881,152884,3,8
152873,152882,152885,3,9
152873,152882,152885,3,9
152873,152882,152885,3,9
152873,152882,152885,3,9
152873,152881,152885,4,8
152873,152882,152885,3,9
152873,152883,152885,2,10
152873,152883,152885,2,10
152873,152882,152885,3,9
152873,152882,152885,3,9
152873,152882,152885,3,9
152873,152882,152886,4,9
152873,152883,152886,3,10
152873,152883,152886,3,10
152873,152882,152885,3,9
152873,152883,152886,3,10
152122,152122,152945,823,0
152061,152061,152946,885,0
152947,152947,152950,3,0
152947,152947,152950,3,0
152947,152947,152950,3,0
152947,152947,152950,3,0
152947,152947,152950,3,0
152947,152947,152951,4,0
152947,152947,152950,3,0
152947,152947,152951,4,0
152947,152947,152950,3,0
152947,152947,152951,4,0
152947,152947,152951,4,0
152947,152947,152951,4,0
152947,152947,152951,4,0
152947,152947,152951,4,0
152947,152947,152951,4,0
152947,152947,152952,5,0
152947,152947,152952,5,0
152947,152947,152952,5,0
152114,152114,152952,838,0
152947,152947,152951,4,0
152947,152947,152952,5,0
152947,152947,152952,5,0
152947,152947,152952,5,0
152947,152947,152952,5,0
152947,152947,152952,5,0
152947,152947,152952,5,0
152947,152947,152952,5,0
152947,152947,152952,5,0
152947,152947,152951,4,0
152947,152947,152953,6,0
152947,152947,152952,5,0
152947,152947,152952,5,0
152947,152947,152953,6,0
152947,152947,152953,6,0
152947,152950,152953,3,3
152947,152951,152953,2,4
152947,152947,152953,6,0
152947,152950,152953,3,3
152947,152947,152952,5,0
152947,152950,152953,3,3
152947,152947,152953,6,0
152947,152947,152953,6,0
152947,152947,152952,5,0
152947,152947,152953,6,0
152947,152950,152953,3,3
152947,152951,152953,2,4
152947,152947,152953,6,0
152947,152947,152953,6,0
152947,152947,152953,6,0
152947,152950,152953,3,3
152947,152951,152953,2,4
152947,152951,152953,2,4
152947,152951,152954,3,4
152947,152951,152954,3,4
152947,152951,152955,4,4
152947,152952,152956,4,5
152947,152951,152956,5,4
152036,152036,152956,920,0
152947,152951,152956,5,4
152947,152954,152956,2,7
152947,152954,152956,2,7
152947,152954,152956,2,7
152947,152952,152957,5,5
152947,152952,152956,4,5
152947,152953,152956,3,6
152947,152953,152956,3,6
152947,152953,152956,3,6
152947,152954,152957,3,7
152947,152953,152956,3,6
152947,152953,152956,3,6
152947,152954,152957,3,7
152947,152953,152957,4,6
152947,152952,152957,5,5
152947,152951,152957,6,4
152947,152952,152957,5,5
152947,152952,152957,5,5
152947,152952,152957,5,5
152947,152954,152957,3,7
152947,152953,152958,5,6
152947,152954,152957,3,7
152947,152954,152957,3,7
152947,152954,152957,3,7
152947,152954,152958,4,7
152947,152954,152957,3,7
152947,152954,152957,3,7
152947,152954,152957,3,7
152947,152954,152958,4,7
152947,152954,152957,3,7
152947,152953,152958,5,6
152947,152953,152958,5,6
152947,152954,152958,4,7
152947,152954,152958,4,7
152947,152955,152959,4,8
152947,152954,152958,4,7
152947,152954,152958,4,7
152947,152954,152958,4,7
152947,152953,152958,5,6
152947,152954,152959,5,7
152947,152956,152960,4,9
152947,152956,152959,3,9
152947,152957,152959,2,10
152947,152957,152960,3,10
152947,152957,152960,3,10
152947,152957,152960,3,10
152947,152958,152960,2,11
152947,152957,152960,3,10
152947,152957,152961,4,10
152947,152957,152961,4,10
152947,152957,152960,3,10
152947,152957,152960,3,10
152947,152957,152960,3,10
152947,152957,152961,4,10
152947,152957,152961,4,10
152949,152958,152961,3,9
152949,152958,152961,3,9
152949,152958,152961,3,9
152949,152959,152961,2,10
152947,152957,152960,3,10
152949,152958,152960,2,9
152949,152959,152961,2,10
152947,152956,152960,4,9
152947,152956,152961,5,9
152947,152957,152961,4,10
152947,152956,152961,5,9
152949,152958,152961,3,9
152947,152957,152961,4,10
152947,152957,152961,4,10
152947,152957,152961,4,10
152947,152958,152961,3,11
152949,152959,152962,3,10
152949,152958,152962,4,9
152949,152960,152962,2,11
152949,152960,152962,2,11
152949,152958,152961,3,9
152949,152959,152961,2,10
152949,152958,152961,3,9
152949,152958,152961,3,9
152949,152958,152961,3,9
152949,152960,152962,2,11
152949,152960,152961,1,11
152065,152065,152962,897,0
152949,152959,152962,3,10
152949,152959,152962,3,10
152949,152958,152962,4,9
152949,152959,152963,4,10
152949,152961,152962,1,12
152949,152961,152962,1,12
152949,152959,152963,4,10
152949,152960,152964,4,11
152949,152961,152963,2,12
152949,152961,152964,3,12
152949,152961,152964,3,12
152949,152961,152964,3,12
152949,152961,152964,3,12
152949,152961,152964,3,12
152949,152961,152964,3,12
152949,152961,152964,3,12
152949,152962,152964,2,13
152949,152961,152965,4,12
152949,152961,152965,4,12
152949,152961,152965,4,12
152949,152961,152964,3,12
152949,152961,152964,3,12
152949,152961,152965,4,12
152949,152962,152965,3,13
152949,152961,152965,4,12
152949,152961,152964,3,12
152949,152961,152965,4,12
152949,152961,152964,3,12
152949,152962,152965,3,13
152949,152962,152965,3,13
152949,152962,152965,3,13
152949,152962,152965,3,13
152949,152962,152965,3,13
152949,152962,152965,3,13
152949,152962,152965,3,13
152949,152963,152965,2,14
152949,152963,152966,3,14
152949,152964,152966,2,15
152949,152964,152966,2,15
152949,152962,152966,4,13
152949,152962,152966,4,13
152949,152962,152966,4,13
152949,152962,152966,4,13
152949,152962,152966,4,13
152949,152964,152966,2,15
152949,152964,152966,2,15
152949,152962,152966,4,13
152949,152962,152966,4,13
152949,152962,152966,4,13
152949,152963,152966,3,14
152949,152963,152966,3,14
152949,152965,152967,2,16
152949,152963,152966,3,14
152949,152964,152967,3,15
152949,152962,152966,4,13
152949,152964,152966,2,15
152074,152074,152967,893,0
152949,152965,152967,2,16
152949,152962,152967,5,13
152949,152964,152967,3,15
152949,152964,152967,3,15
152949,152965,152968,3,16
152949,152965,152968,3,16
152949,152965,152968,3,16
152949,152967,152968,1,18
152949,152964,152969,5,15
152949,152964,152968,4,15
152949,152965,152968,3,16
152949,152965,152968,3,16
152949,152965,152968,3,16
152949,152965,152968,3,16
152949,152965,152968,3,16
152949,152967,152969,2,18
152949,152967,152968,1,18
152949,152966,152968,2,17
152949,152966,152969,3,17
152949,152967,152969,2,18
152949,152967,152968,1,18
152949,152967,152969,2,18
152949,152967,152969,2,18
152949,152966,152969,3,17
152949,152966,152968,2,17
152949,152967,152969,2,18
152949,152966,152969,3,17
152949,152966,152969,3,17
152949,152965,152969,4,16
152949,152965,152969,4,16
152949,152965,152969,4,16
152949,152967,152969,2,18
152949,152965,152969,4,16
152949,152967,152969,2,18
152949,152965,152969,4,16
152949,152967,152969,2,18
152949,152967,152969,2,18
152949,152966,152969,3,17
152949,152966,152970,4,17
152949,152967,152969,2,18
152949,152966,152970,4,17
152949,152967,152970,3,18
152949,152967,152970,3,18
152067,152067,152970,903,0
152949,152967,152970,3,18
152949,152967,152970,3,18
152949,152967,152970,3,18
152955,152969,152971,2,14
152955,152969,152971,2,14
152955,152970,152971,1,15
152955,152968,152971,3,13
152955,152970,152971,1,15
152955,152970,152972,2,15
152955,152970,152972,2,15
152955,152968,152971,3,13
152081,152081,152972,891,0
152057,152057,152973,916,0
152955,152969,152972,3,14
152955,152969,152972,3,14
152955,152969,152973,4,14
152955,152970,152972,2,15
152955,152970,152973,3,15
152955,152970,152973,3,15
152955,152970,152973,3,15
152955,152969,152973,4,14
152955,152969,152972,3,14
152955,152969,152972,3,14
152955,152969,152973,4,14
152955,152970,152973,3,15
152955,152970,152973,3,15
152955,152970,152973,3,15
152955,152970,152973,3,15
152955,152969,152974,5,14
152955,152970,152974,4,15
152955,152969,152973,4,14
152955,152969,152973,4,14
152955,152969,152974,5,14
152955,152969,152974,5,14
152955,152969,152973,4,14
152955,152969,152973,4,14
152955,152969,152974,5,14
152955,152969,152974,5,14
152955,152969,152974,5,14
152955,152969,152973,4,14
152955,152969,152973,4,14
152955,152969,152974,5,14
152955,152970,152974,4,15
152955,152970,152974,4,15
152955,152970,152974,4,15
152955,152969,152974,5,14
152955,152970,152974,4,15
152955,152971,152974,3,16
152955,152970,152974,4,15
152955,152971,152975,4,16
152955,152971,152975,4,16
152955,152972,152975,3,17
152955,152972,152975,3,17
152955,152973,152976,3,18
152955,152970,152976,6,15
152955,152973,152976,3,18
152955,152972,152976,4,17
152955,152973,152976,3,18
152955,152972,152976,4,17
152955,152973,152976,3,18
152955,152973,152977,4,18
152955,152973,152977,4,18
152955,152973,152977,4,18
152955,152972,152977,5,17
152955,152973,152977,4,18
152955,152974,152977,3,19
152955,152972,152976,4,17
152955,152973,152977,4,18
152955,152974,152977,3,19
152955,152974,152977,3,19
152955,152973,152977,4,18
152955,152974,152977,3,19
152955,152975,152977,2,20
152955,152975,152977,2,20
152955,152973,152977,4,18
152955,152974,152978,4,19
152955,152974,152978,4,19
152955,152975,152978,3,20
152955,152973,152977,4,18
152955,152974,152978,4,19
152955,152973,152978,5,18
152955,152974,152978,4,19
152955,152974,152977,3,19
152955,152977,152978,1,22
152955,152977,152978,1,22
152955,152974,152977,3,19
152955,152974,152977,3,19
152955,152974,152978,4,19
152955,152977,152978,1,22
152955,152974,152978,4,19
152955,152974,152977,3,19
152955,152974,152978,4,19
152955,152976,152978,2,21
152955,152976,152978,2,21
152955,152974,152978,4,19
152955,152976,152978,2,21
152955,152976,152978,2,21
152955,152974,152979,5,19
152955,152975,152979,4,20
152955,152974,152979,5,19
152955,152975,152978,3,20
152955,152974,152980,6,19
152955,152978,152979,1,23
152955,152976,152980,4,21
152955,152977,152980,3,22
152955,152976,152980,4,21
152955,152976,152980,4,21
152955,152977,152980,3,22
152955,152977,152980,3,22
152957,152979,152981,2,22
152955,152977,152980,3,22
152955,152978,152981,3,23
152955,152977,152981,4,22
152955,152977,152981,4,22
152955,152977,152980,3,22
152957,152978,152981,3,21
152957,152978,152981,3,21
152957,152978,152981,3,21
152955,152977,152981,4,22
152955,152977,152980,3,22
152955,152977,152981,4,22
152955,152978,152981,3,23
152955,152978,152981,3,23
152955,152978,152981,3,23
152955,152978,152981,3,23
152957,152979,152982,3,22
152957,152979,152981,2,22
152957,152979,152981,2,22
152957,152979,152981,2,22
152957,152979,152982,3,22
152955,152978,152982,4,23
152955,152978,152982,4,23
152957,152978,152982,4,21
152957,152980,152982,2,23
152957,152978,152981,3,21
152957,152978,152982,4,21
152957,152978,152982,4,21
152957,152978,152982,4,21
152957,152978,152982,4,21
152957,152978,152982,4,21
152957,152979,152982,3,22
152957,152979,152982,3,22
152957,152978,152982,4,21
152957,152978,152982,4,21
152957,152979,152982,3,22
152957,152980,152983,3,23
152957,152979,152982,3,22
152955,152978,152982,4,23
152957,152980,152983,3,23
152957,152980,152983,3,23
152957,152979,152983,4,22
152957,152980,152984,4,23
152957,152981,152984,3,24
152957,152981,152984,3,24
152957,152981,152984,3,24
152957,152980,152984,4,23
152957,152981,152984,3,24
152957,152982,152985,3,25
152957,152981,152985,4,24
152957,152981,152985,4,24
152957,152981,152985,4,24
152957,152981,152986,5,24
152957,152982,152985,3,25
152957,152983,152986,3,26
152957,152983,152985,2,26
152957,152983,152985,2,26
152957,152981,152985,4,24
152957,152982,152985,3,25
152957,152983,152986,3,26
152957,152983,152985,2,26
152957,152981,152986,5,24
152957,152981,152985,4,24
152957,152982,152985,3,25
152957,152982,152985,3,25
152957,152982,152985,3,25
152957,152982,152985,3,25
152957,152982,152986,4,25
152957,152983,152986,3,26
152957,152983,152986,3,26
152957,152982,152986,4,25
152957,152982,152985,3,25
152957,152982,152986,4,25
152957,152983,152986,3,26
152957,152983,152986,3,26
152957,152983,152986,3,26
152957,152983,152986,3,26
152957,152984,152987,3,27
152957,152985,152986,1,28
152957,152985,152986,1,28
152957,152985,152986,1,28
152957,152983,152986,3,26
152957,152983,152986,3,26
152957,152985,152986,1,28
152957,152985,152986,1,28
152957,152985,152986,1,28
152957,152985,152987,2,28
152957,152982,152986,4,25
152957,152982,152986,4,25
152957,152982,152986,4,25
152957,152982,152986,4,25
152957,152982,152987,5,25
152957,152983,152987,4,26
152957,152985,152988,3,28
152957,152986,152988,2,29
152957,152984,152987,3,27
152957,152984,152987,3,27
152054,152054,152988,934,0
152957,152983,152988,5,26
152957,152986,152989,3,29
152957,152986,152989,3,29
152957,152986,152988,2,29
152957,152986,152988,2,29
152957,152986,152988,2,29
152957,152986,152988,2,29
152957,152986,152989,3,29
152957,152985,152989,4,28
152957,152986,152988,2,29
152957,152986,152989,3,29
152957,152987,152989,2,30
152957,152986,152989,3,29
152957,152986,152989,3,29
152957,152986,152990,4,29
152957,152987,152990,3,30
152957,152987,152990,3,30
152957,152986,152990,4,29
152957,152986,152990,4,29
152957,152986,152990,4,29
152957,152987,152989,2,30
152957,152987,152990,3,30
152957,152987,152990,3,30
152957,152986,152990,4,29
152957,152987,152990,3,30
152957,152986,152990,4,29
152957,152987,152990,3,30
152957,152987,152990,3,30
152957,152986,152990,4,29
152957,152987,152990,3,30
152957,152987,152990,3,30
152957,152987,152990,3,30
152957,152987,152990,3,30
152957,152987,152991,4,30
152957,152987,152990,3,30
152957,152987,152990,3,30
152957,152987,152990,3,30
152957,152987,152991,4,30
152044,152044,152993,949,0
152101,152101,153008,907,0
153021,153021,153024,3,0
153021,153021,153024,3,0
153021,153021,153024,3,0
153021,153021,153025,4,0
153021,153021,153025,4,0
153021,153021,153024,3,0
153021,153021,153025,4,0
153021,153021,153025,4,0
153021,153021,153025,4,0
153021,153021,153025,4,0
153021,153021,153025,4,0
153021,153021,153025,4,0
153021,153021,153025,4,0
153021,153021,153025,4,0
153021,153021,153025,4,0
153021,153021,153025,4,0
153021,153021,153025,4,0
153021,153021,153024,3,0
153021,153021,153025,4,0
153021,153022,153025,3,1
153021,153022,153025,3,1
153021,153022,153025,3,1
153021,153022,153025,3,1
153021,153021,153025,4,0
153021,153021,153025,4,0
153021,153021,153025,4,0
153021,153021,153025,4,0
153021,153021,153025,4,0
153021,153021,153026,5,0
153021,153021,153026,5,0
153021,153021,153025,4,0
153021,153021,153026,5,0
153021,153021,153025,4,0
153021,153021,153026,5,0
153021,153021,153025,4,0
153021,153021,153025,4,0
153021,153021,153025,4,0
153021,153021,153025,4,0
153021,153021,153026,5,0
153021,153021,153026,5,0
153021,153021,153026,5,0
153021,153021,153026,5,0
153021,153021,153026,5,0
153021,153021,153025,4,0
153021,153021,153026,5,0
153021,153025,153027,2,4
153021,153025,153027,2,4
153021,153024,153028,4,3
153021,153026,153028,2,5
153021,153026,153028,2,5
153021,153026,153028,2,5
153021,153026,153028,2,5
153021,153026,153028,2,5
153021,153026,153028,2,5
153021,153025,153028,3,4
153021,153025,153028,3,4
153021,153025,153028,3,4
153021,153024,153028,4,3
153021,153025,153028,3,4
153021,153025,153028,3,4
153021,153024,153028,4,3
153021,153025,153028,3,4
153021,153025,153028,3,4
153021,153025,153028,3,4
153021,153025,153029,4,4
153021,153025,153029,4,4
153021,153026,153029,3,5
153021,153026,153029,3,5
153021,153025,153029,4,4
153021,153025,153029,4,4
153021,153025,153029,4,4
153021,153025,153029,4,4
153021,153026,153029,3,5
153021,153026,153030,4,5
153021,153026,153029,3,5
153021,153025,153029,4,4
153021,153026,153029,3,5
153021,153025,153029,4,4
153021,153025,153029,4,4
153021,153025,153029,4,4
153021,153027,153029,2,6
153021,153027,153029,2,6
153021,153027,153029,2,6
153021,153027,153029,2,6
153021,153026,153030,4,5
153021,153026,153030,4,5
153021,153025,153030,5,4
153021,153026,153030,4,5
153021,153026,153030,4,5
153021,153026,153030,4,5
153021,153028,153030,2,7
153021,153028,153031,3,7
152107,152107,153031,924,0
153021,153029,153031,2,8
153021,153029,153032,3,8
153021,153029,153032,3,8
153021,153029,153031,2,8
153021,153030,153031,1,9
153021,153029,153031,2,8
153021,153029,153031,2,8
153021,153029,153032,3,8
153021,153028,153031,3,7
153021,153029,153032,3,8
153021,153029,153032,3,8
153021,153029,153032,3,8
153021,153028,153032,4,7
153021,153030,153032,2,9
153021,153030,153032,2,9
153021,153028,153032,4,7
153021,153028,153032,4,7
153021,153030,153032,2,9
153021,153030,153032,2,9
153021,153028,153032,4,7
153021,153030,153032,2,9
153021,153030,153032,2,9
153021,153029,153032,3,8
153021,153030,153032,2,9
153021,153029,153032,3,8
153021,153029,153033,4,8
153021,153030,153033,3,9
153021,153030,153033,3,9
153021,153031,153033,2,10
153021,153030,153033,3,9
153021,153031,153034,3,10
153021,153030,153033,3,9
153021,153030,153033,3,9
153021,153031,153033,2,10
153021,153031,153033,2,10
153021,153030,153034,4,9
153021,153030,153033,3,9
153021,153030,153033,3,9
153021,153030,153034,4,9
153021,153030,153033,3,9
153021,153031,153034,3,10
153021,153031,153034,3,10
153021,153032,153034,2,11
153021,153032,153035,3,11
153021,153030,153034,4,9
153021,153031,153034,3,10
153021,153032,153035,3,11
153021,153032,153035,3,11
153021,153032,153035,3,11
153021,153031,153035,4,10
153021,153032,153035,3,11
153021,153033,153035,2,12
153021,153033,153036,3,12
153021,153033,153035,2,12
153021,153033,153035,2,12
153021,153032,153036,4,11
153021,153032,153035,3,11
153021,153032,153036,4,11
153021,153032,153036,4,11
153021,153032,153036,4,11
153021,153032,153035,3,11
153021,153032,153035,3,11
153021,153032,153036,4,11
153021,153034,153036,2,13
153021,153033,153036,3,12
153021,153033,153036,3,12
153021,153033,153037,4,12
153021,153033,153037,4,12
153021,153033,153037,4,12
153021,153033,153037,4,12
153021,153033,153037,4,12
153021,153034,153037,3,13
153021,153034,153037,3,13
153021,153034,153038,4,13
153021,153035,153038,3,14
153021,153034,153037,3,13
153021,153034,153037,3,13
153021,153034,153037,3,13
153021,153034,153038,4,13
153021,153033,153037,4,12
153021,153034,153038,4,13
153021,153034,153038,4,13
153021,153034,153038,4,13
153021,153034,153038,4,13
153021,153034,153038,4,13
153021,153034,153037,3,13
153021,153034,153038,4,13
153021,153034,153037,3,13
153021,153035,153038,3,14
153021,153035,153038,3,14
153021,153035,153038,3,14
153021,153035,153038,3,14
153021,153035,153038,3,14
153021,153034,153037,3,13
153021,153034,153038,4,13
153021,153035,153038,3,14
153021,153036,153039,3,15
153021,153036,153039,3,15
153021,153036,153039,3,15
153021,153035,153039,4,14
153021,153035,153038,3,14
153021,153036,153039,3,15
153021,153037,153039,2,16
153021,153036,153039,3,15
153021,153036,153039,3,15
153021,153036,153039,3,15
153021,153037,153039,2,16
153021,153036,153040,4,15
153021,153036,153039,3,15
153021,153037,153039,2,16
153021,153037,153039,2,16
153021,153035,153039,4,14
153021,153036,153039,3,15
153021,153036,153040,4,15
153021,153036,153040,4,15
153021,153036,153040,4,15
153021,153037,153039,2,16
153021,153038,153040,2,17
153021,153038,153040,2,17
153021,153038,153040,2,17
153021,153039,153040,1,18
152087,152087,153041,954,0
153021,153038,153040,2,17
153021,153038,153040,2,17
153021,153037,153040,3,16
153021,153038,153041,3,17
153021,153038,153041,3,17
153021,153038,153040,2,17
153021,153037,153040,3,16
153021,153038,153041,3,17
153021,153038,153041,3,17
153021,153038,153041,3,17
153021,153038,153041,3,17
153021,153038,153041,3,17
153021,153038,153041,3,17
153021,153038,153041,3,17
153021,153038,153041,3,17
153021,153039,153041,2,18
153021,153039,153041,2,18
153021,153038,153041,3,17
153021,153039,153042,3,18
153021,153039,153041,2,18
153021,153039,153041,2,18
153021,153039,153041,2,18
153021,153038,153042,4,17
153021,153038,153042,4,17
153021,153038,153042,4,17
153021,153038,153042,4,17
153021,153040,153042,2,19
153021,153040,153042,2,19
153021,153041,153042,1,20
153021,153039,153042,3,18
153021,153039,153043,4,18
153021,153041,153042,1,20
153021,153041,153042,1,20
153021,153039,153043,4,18
153021,153040,153043,3,19
153021,153041,153042,1,20
153021,153041,153042,1,20
153021,153041,153042,1,20
153021,153041,153042,1,20
153021,153041,153042,1,20
153021,153041,153043,2,20
153021,153040,153043,3,19
153021,153040,153043,3,19
153021,153040,153043,3,19
153021,153039,153043,4,18
153021,153040,153043,3,19
153021,153040,153043,3,19
153021,153039,153043,4,18
153021,153041,153044,3,20
153021,153040,153043,3,19
153021,153040,153043,3,19
153021,153040,153043,3,19
153021,153042,153044,2,21
153021,153040,153044,4,19
153021,153040,153044,4,19
153021,153041,153044,3,20
153021,153041,153044,3,20
153021,153042,153045,3,21
153021,153042,153044,2,21
153021,153042,153044,2,21
153021,153042,153045,3,21
153021,153042,153045,3,21
153021,153042,153045,3,21
153021,153040,153044,4,19
153021,153041,153045,4,20
153021,153042,153045,3,21
153021,153041,153045,4,20
153021,153041,153045,4,20
153021,153042,153045,3,21
153021,153043,153046,3,22
153021,153042,153046,4,21
153021,153042,153045,3,21
153021,153043,153045,2,22
153021,153044,153046,2,23
153021,153043,153046,3,22
153021,153043,153046,3,22
153021,153044,153045,1,23
153021,153042,153045,3,21
153021,153043,153046,3,22
153021,153042,153046,4,21
152111,152111,153046,935,0
153021,153043,153046,3,22
153021,153042,153046,4,21
153021,153042,153046,4,21
153021,153045,153047,2,24
153021,153044,153046,2,23
153021,153043,153046,3,22
153021,153043,153046,3,22
153021,153044,153046,2,23
153021,153043,153046,3,22
153021,153043,153047,4,22
153021,153044,153046,2,23
153021,153043,153046,3,22
153021,153043,153047,4,22
153021,153043,153046,3,22
153021,153043,153047,4,22
153021,153044,153046,2,23
153021,153043,153046,3,22
153021,153043,153046,3,22
153021,153044,153047,3,23
153021,153043,153047,4,22
153021,153044,153047,3,23
153021,153045,153047,2,24
153021,153045,153047,2,24
153021,153045,153047,2,24
153021,153043,153047,4,22
153021,153045,153048,3,24
153021,153044,153047,3,23
153021,153045,153048,3,24
153021,153044,153048,4,23
153021,153044,153048,4,23
153021,153045,153048,3,24
153021,153045,153048,3,24
153021,153045,153048,3,24
153021,153045,153048,3,24
153021,153046,153048,2,25
153021,153047,153048,1,26
153021,153047,153048,1,26
153021,153047,153049,2,26
153021,153047,153049,2,26
153021,153046,153048,2,25
153021,153046,153048,2,25
153021,153046,153049,3,25
153021,153046,153048,2,25
153021,153047,153049,2,26
153021,153047,153049,2,26
153021,153047,153049,2,26
153021,153045,153048,3,24
153021,153045,153048,3,24
153021,153045,153048,3,24
153021,153046,153049,3,25
153021,153046,153048,2,25
153021,153047,153049,2,26
153021,153047,153049,2,26
153021,153046,153048,2,25
153021,153046,153049,3,25
153021,153045,153048,3,24
153021,153045,153049,4,24
153021,153047,153049,2,26
153021,153046,153049,3,25
153021,153046,153049,3,25
153021,153047,153049,2,26
153021,153047,153049,2,26
153021,153047,153050,3,26
153022,153048,153051,3,26
153022,153048,153051,3,26
153022,153048,153051,3,26
153022,153049,153051,2,27
153022,153049,153050,1,27
153022,153049,153050,1,27
153022,153049,153050,1,27
153022,153049,153050,1,27
153022,153049,153050,1,27
153022,153049,153050,1,27
153022,153049,153050,1,27
153022,153049,153050,1,27
153021,153047,153050,3,26
153021,153047,153050,3,26
153021,153047,153050,3,26
153022,153047,153051,4,25
153021,153047,153051,4,26
153022,153049,153052,3,27
153022,153048,153052,4,26
153022,153048,153051,3,26
153022,153048,153052,4,26
153022,153049,153052,3,27
153022,153048,153052,4,26
153022,153050,153052,2,28
153022,153050,153052,2,28
153022,153047,153052,5,25
153022,153048,153052,4,26
153022,153048,153052,4,26
153022,153049,153052,3,27
153022,153049,153052,3,27
153022,153049,153052,3,27
153022,153049,153052,3,27
153022,153049,153053,4,27
153022,153049,153052,3,27
153022,153050,153053,3,28
153022,153048,153053,5,26
153022,153049,153053,4,27
153022,153049,153052,3,27
153022,153050,153053,3,28
153022,153049,153053,4,27
153022,153049,153053,4,27
153022,153049,153053,4,27
153022,153049,153053,4,27
153022,153049,153052,3,27
153022,153050,153052,2,28
153022,153048,153053,5,26
153022,153048,153052,4,26
153022,153049,153053,4,27
153022,153049,153053,4,27
153022,153051,153053,2,29
153022,153050,153053,3,28
153022,153051,153054,3,29
153022,153051,153054,3,29
153022,153051,153054,3,29
153022,153051,153054,3,29
153022,153050,153054,4,28
153022,153051,153054,3,29
153022,153052,153054,2,30
153022,153052,153055,3,30
153022,153051,153054,3,29
153022,153051,153055,4,29
153022,153051,153055,4,29
153022,153051,153055,4,29
153022,153051,153055,4,29
153022,153051,153055,4,29
153022,153051,153055,4,29
153022,153051,153055,4,29
153022,153052,153055,3,30
153022,153052,153055,3,30
153022,153051,153056,5,29
153022,153051,153055,4,29
153022,153052,153055,3,30
153022,153052,153055,3,30
153022,153053,153055,2,31
153022,153053,153055,2,31
153022,153053,153055,2,31
153022,153053,153056,3,31
153022,153054,153056,2,32
153022,153054,153056,2,32
153022,153052,153056,4,30
153022,153054,153056,2,32
153022,153053,153056,3,31
153022,153054,153056,2,32
153022,153053,153056,3,31
153022,153053,153056,3,31
153022,153053,153056,3,31
153022,153052,153056,4,30
153022,153055,153056,1,33
153022,153053,153056,3,31
153022,153054,153056,2,32
153022,153053,153056,3,31
153022,153053,153056,3,31
153022,153053,153056,3,31
153022,153053,153057,4,31
153022,153054,153057,3,32
153022,153053,153056,3,31
153022,153053,153057,4,31
153022,153053,153057,4,31
153022,153052,153056,4,30
153022,153053,153057,4,31
153022,153053,153057,4,31
153022,153053,153057,4,31
153022,153055,153058,3,33
153022,153054,153057,3,32
153022,153055,153057,2,33
153022,153054,153057,3,32
153022,153054,153057,3,32
153022,153055,153057,2,33
153022,153053,153057,4,31
153022,153055,153058,3,33
153022,153055,153058,3,33
153022,153055,153059,4,33
153022,153056,153058,2,34
153022,153056,153059,3,34
153022,153056,153058,2,34
153022,153056,153058,2,34
153022,153056,153059,3,34
153022,153056,153058,2,34
153022,153056,153059,3,34
153022,153056,153059,3,34
153022,153057,153059,2,35
153022,153055,153059,4,33
153022,153055,153059,4,33
153022,153055,153059,4,33
153022,153057,153059,2,35
153022,153056,153059,3,34
153022,153056,153059,3,34
153022,153056,153059,3,34
153022,153057,153060,3,35
153022,153056,153059,3,34
153022,153056,153059,3,34
153022,153057,153059,2,35
153022,153058,153059,1,36
153022,153056,153059,3,34
153022,153057,153059,2,35
153022,153056,153059,3,34
153022,153057,153059,2,35
153022,153057,153060,3,35
153022,153057,153060,3,35
153022,153057,153059,2,35
153022,153056,153060,4,34
153022,153056,153060,4,34
153022,153057,153060,3,35
153022,153057,153060,3,35
153022,153057,153060,3,35
153022,153057,153061,4,35
153022,153059,153060,1,37
153022,153058,153060,2,36
153022,153057,153061,4,35
153022,153057,153061,4,35
153022,153057,153060,3,35
153022,153058,153060,2,36
153022,153059,153060,1,37
153022,153059,153061,2,37
153022,153058,153061,3,36
153022,153058,153061,3,36
153022,153059,153061,2,37
153022,153057,153061,4,35
153022,153058,153061,3,36
153022,153057,153061,4,35
153022,153059,153061,2,37
153022,153059,153061,2,37
153022,153058,153061,3,36
153022,153059,153062,3,37
153022,153059,153062,3,37
153022,153059,153062,3,37
153022,153058,153062,4,36
153022,153058,153062,4,36
153022,153058,153062,4,36
153022,153059,153062,3,37
153022,153059,153062,3,37
153022,153060,153063,3,38
153022,153059,153062,3,37
153022,153058,153062,4,36
153022,153058,153062,4,36
153022,153060,153062,2,38
153022,153060,153063,3,38
153022,153060,153063,3,38
153022,153060,153063,3,38
153022,153060,153063,3,38
153022,153059,153063,4,37
153022,153059,153064,5,37
153022,153060,153063,3,38
153022,153060,153063,3,38
153022,153060,153063,3,38
153022,153060,153064,4,38
153022,153060,153063,3,38
153022,153062,153064,2,40
153022,153060,153063,3,38
153022,153061,153064,3,39
153022,153061,153064,3,39
153022,153061,153064,3,39
153022,153060,153064,4,38
153022,153061,153064,3,39
153022,153061,153064,3,39
153022,153061,153064,3,39
153022,153060,153064,4,38
153022,153061,153065,4,39
153022,153061,153065,4,39
153022,153062,153064,2,40
153022,153061,153064,3,39
153022,153061,153064,3,39
153022,153062,153064,2,40
153022,153063,153065,2,41
153022,153060,153064,4,38
153022,153061,153065,4,39
153022,153061,153064,3,39
153022,153062,153065,3,40
153022,153061,153065,4,39
153022,153061,153065,4,39
153022,153061,153064,3,39
153022,153061,153065,4,39
153022,153063,153065,2,41
153022,153061,153065,4,39
153022,153062,153065,3,40
153022,153063,153066,3,41
153022,153063,153065,2,41
153022,153063,153066,3,41
153022,153063,153066,3,41
153022,153063,153066,3,41
153022,153063,153066,3,41
153022,153063,153066,3,41
153022,153063,153066,3,41
153022,153063,153066,3,41
153022,153062,153066,4,40
152069,152069,153067,998,0
153022,153063,153066,3,41
153022,153064,153067,3,42
153022,153063,153066,3,41
153022,153063,153066,3,41
153022,153064,153067,3,42
153022,153065,153067,2,43
153022,153063,153066,3,41
153022,153064,153067,3,42
153022,153064,153067,3,42
153022,153064,153067,3,42
153022,153064,153067,3,42
153022,153064,153067,3,42
153022,153065,153067,2,43
153022,153061,153067,6,39
153022,153065,153067,2,43
153022,153063,153067,4,41
153022,153065,153067,2,43
153022,153064,153067,3,42
153022,153064,153067,3,42
153022,153065,153067,2,43
153022,153064,153067,3,42
153022,153064,153067,3,42
153022,153065,153068,3,43
153022,153064,153067,3,42
153022,153065,153068,3,43
153022,153065,153068,3,43
153022,153065,153068,3,43
153022,153065,153068,3,43
153022,153065,153068,3,43
153022,153065,153068,3,43
153022,153066,153068,2,44
153022,153066,153068,2,44
153022,153066,153068,2,44
153022,153066,153069,3,44
153022,153065,153069,4,43
153022,153065,153069,4,43
153022,153065,153068,3,43
153022,153065,153068,3,43
153022,153067,153069,2,45
153022,153067,153069,2,45
153022,153065,153069,4,43
153022,153065,153069,4,43
153022,153065,153069,4,43
153022,153067,153069,2,45
153022,153067,153069,2,45
153022,153067,153069,2,45
153022,153068,153069,1,46
153022,153066,153070,4,44
153022,153067,153070,3,45
153022,153066,153070,4,44
152098,152098,153070,972,0
153022,153066,153070,4,44
153022,153066,153070,4,44
153022,153065,153070,5,43
153022,153066,153070,4,44
153022,153066,153070,4,44
153022,153066,153070,4,44
153022,153066,153070,4,44
153022,153068,153071,3,46
153022,153067,153071,4,45
153022,153068,153070,2,46
153022,153068,153070,2,46
153022,153067,153071,4,45
153022,153067,153071,4,45
153022,153067,153071,4,45
153022,153067,153071,4,45
153022,153070,153072,2,48
153022,153068,153072,4,46
153022,153068,153072,4,46
153022,153069,153071,2,47
153022,153070,153072,2,48
153022,153068,153071,3,46
153022,153069,153072,3,47
153022,153068,153072,4,46
153022,153068,153071,3,46
153022,153069,153072,3,47
153022,153069,153071,2,47
153022,153068,153072,4,46
153022,153068,153072,4,46
153022,153068,153072,4,46
153022,153068,153072,4,46
153022,153068,153071,3,46
153022,153070,153072,2,48
153022,153070,153072,2,48
153022,153070,153072,2,48
153022,153070,153073,3,48
153022,153068,153072,4,46
153022,153069,153072,3,47
153022,153069,153072,3,47
153022,153069,153072,3,47
153022,153069,153072,3,47
153022,153068,153072,4,46
153022,153069,153073,4,47
153022,153070,153073,3,48
153022,153070,153072,2,48
153022,153069,153073,4,47
153022,153069,153073,4,47
153022,153069,153073,4,47
153022,153070,153073,3,48
153022,153070,153074,4,48
153022,153070,153073,3,48
153022,153071,153074,3,49
153022,153071,153074,3,49
153022,153072,153074,2,50
153022,153072,153074,2,50
153022,153071,153074,3,49
153022,153071,153074,3,49
153022,153070,153074,4,48
153022,153071,153074,3,49
153022,153069,153074,5,47
153022,153070,153074,4,48
153022,153071,153074,3,49
153022,153071,153074,3,49
153022,153072,153074,2,50
153022,153071,153074,3,49
153022,153071,153074,3,49
153022,153071,153074,3,49
153022,153071,153074,3,49
153022,153072,153075,3,50
153022,153073,153075,2,51
153022,153071,153074,3,49
153022,153072,153075,3,50
153022,153072,153075,3,50
153022,153071,153075,4,49
153022,153072,153075,3,50
153022,153072,153075,3,50
153022,153072,153075,3,50
153022,153072,153075,3,50
153022,153072,153075,3,50
153022,153072,153075,3,50
153022,153073,153075,2,51
153022,153073,153075,2,51
153022,153073,153075,2,51
153022,153073,153075,2,51
153022,153073,153075,2,51
153022,153071,153076,5,49
153022,153073,153075,2,51
153022,153072,153075,3,50
153022,153072,153075,3,50
153032,153073,153076,3,41
153032,153073,153076,3,41
153022,153072,153076,4,50
153032,153073,153076,3,41
153032,153074,153076,2,42
153032,153073,153076,3,41
153032,153073,153077,4,41
153032,153073,153077,4,41
153032,153074,153077,3,42
153032,153075,153077,2,43
153032,153075,153077,2,43
153032,153074,153077,3,42
153032,153074,153077,3,42
153032,153075,153078,3,43
153032,153075,153078,3,43
153032,153075,153078,3,43
153032,153074,153077,3,42
153032,153074,153077,3,42
153032,153074,153077,3,42
153032,153075,153078,3,43
153032,153074,153077,3,42
153032,153074,153078,4,42
153032,153075,153077,2,43
153032,153075,153077,2,43
153032,153074,153078,4,42
153032,153075,153078,3,43
153032,153075,153078,3,43
153032,153075,153078,3,43
153032,153076,153078,2,44
153032,153075,153079,4,43
153032,153075,153078,3,43
153032,153075,153078,3,43
153032,153075,153079,4,43
153032,153075,153078,3,43
153032,153075,153078,3,43
153032,153075,153079,4,43
153032,153075,153078,3,43
153032,153074,153079,5,42
153032,153075,153079,4,43
153032,153076,153080,4,44
153032,153075,153079,4,43
153032,153076,153080,4,44
153032,153076,153079,3,44
153032,153076,153080,4,44
153032,153076,153080,4,44
153032,153076,153080,4,44
153032,153076,153080,4,44
153032,153076,153080,4,44
153032,153076,153080,4,44
153032,153078,153080,2,46
153032,153078,153080,2,46
153032,153077,153080,3,45
153032,153077,153080,3,45
153032,153075,153080,5,43
153032,153078,153081,3,46
153032,153079,153080,1,47
153032,153079,153081,2,47
153032,153079,153081,2,47
153032,153076,153081,5,44
153032,153076,153080,4,44
153032,153076,153081,5,44
153032,153076,153080,4,44
153032,153078,153080,2,46
153032,153077,153080,3,45
153032,153078,153080,2,46
153032,153078,153081,3,46
153032,153078,153081,3,46
153032,153078,153081,3,46
153032,153077,153081,4,45
153032,153078,153081,3,46
153032,153078,153081,3,46
153032,153078,153081,3,46
153032,153078,153081,3,46
153032,153078,153081,3,46
153032,153079,153082,3,47
153032,153078,153081,3,46
153032,153078,153081,3,46
153032,153078,153081,3,46
153032,153078,153082,4,46
153032,153078,153081,3,46
153032,153079,153082,3,47
153032,153079,153082,3,47
153032,153078,153082,4,46
153032,153078,153082,4,46
153032,153079,153082,3,47
153032,153079,153082,3,47
153032,153080,153082,2,48
153032,153080,153082,2,48
153032,153079,153082,3,47
153032,153080,153082,2,48
153032,153080,153083,3,48
153032,153081,153083,2,49
153032,153079,153083,4,47
153032,153079,153083,4,47
153032,153080,153083,3,48
153032,153080,153083,3,48
153032,153080,153083,3,48
153032,153080,153083,3,48
153032,153081,153083,2,49
153032,153080,153083,3,48
153032,153081,153084,3,49
153032,153081,153084,3,49
153032,153081,153084,3,49
153032,153081,153083,2,49
153032,153081,153083,2,49
153032,153081,153084,3,49
153032,153081,153084,3,49
153032,153081,153084,3,49
153032,153081,153084,3,49
153032,153080,153084,4,48
153032,153080,153084,4,48
153032,153081,153084,3,49
153033,153083,153084,1,50
153032,153081,153084,3,49
153032,153081,153084,3,49
153033,153082,153085,3,49
153033,153082,153085,3,49
153032,153081,153084,3,49
153032,153081,153084,3,49
153032,153081,153084,3,49
153032,153081,153084,3,49
153033,153082,153084,2,49
153033,153083,153085,2,50
153033,153083,153084,1,50
153033,153083,153084,1,50
153033,153083,153085,2,50
153033,153082,153085,3,49
153033,153083,153085,2,50
153033,153083,153085,2,50
153033,153084,153085,1,51
153033,153084,153085,1,51
153033,153084,153085,1,51
153033,153083,153085,2,50
153033,153082,153086,4,49
153033,153082,153085,3,49
153033,153082,153085,3,49
153032,153080,153085,5,48
153032,153080,153085,5,48
153032,153080,153085,5,48
153033,153084,153086,2,51
153033,153082,153085,3,49
153033,153082,153085,3,49
153033,153082,153086,4,49
153033,153082,153086,4,49
153033,153082,153086,4,49
153033,153082,153086,4,49
153033,153085,153086,1,52
153033,153082,153086,4,49
153033,153082,153086,4,49
153033,153082,153086,4,49
153033,153085,153087,2,52
153033,153084,153087,3,51
153033,153084,153086,2,51
153033,153084,153087,3,51
153033,153083,153086,3,50
153033,153084,153087,3,51
153033,153085,153087,2,52
153033,153085,153088,3,52
153033,153085,153087,2,52
153033,153085,153087,2,52
153033,153085,153087,2,52
153033,153084,153087,3,51
153033,153085,153088,3,52
153033,153085,153088,3,52
153033,153084,153088,4,51
153033,153084,153087,3,51
153033,153086,153088,2,53
153033,153086,153089,3,53
153033,153086,153088,2,53
153033,153086,153088,2,53
153033,153084,153088,4,51
153033,153085,153088,3,52
153033,153086,153089,3,53
153033,153086,153089,3,53
153033,153086,153088,2,53
153033,153085,153089,4,52
153033,153085,153089,4,52
153033,153085,153089,4,52
153033,153086,153089,3,53
153033,153085,153089,4,52
153033,153085,153089,4,52
153033,153085,153089,4,52
153033,153085,153089,4,52
153033,153085,153089,4,52
153033,153086,153089,3,53
153033,153086,153090,4,53
153033,153086,153090,4,53
153033,153087,153090,3,54
153033,153087,153090,3,54
153033,153087,153089,2,54
153033,153086,153089,3,53
153033,153087,153090,3,54
153033,153085,153089,4,52
153033,153086,153089,3,53
153033,153086,153090,4,53
153033,153088,153090,2,55
153033,153085,153089,4,52
153033,153086,153090,4,53
153033,153086,153090,4,53
153033,153087,153091,4,54
153033,153087,153091,4,54
153033,153088,153091,3,55
153033,153088,153091,3,55
153033,153087,153090,3,54
153033,153087,153090,3,54
153033,153087,153091,4,54
153033,153088,153091,3,55
153033,153087,153091,4,54
153033,153086,153091,5,53
153033,153088,153090,2,55
153033,153089,153091,2,56
153033,153087,153090,3,54
153033,153089,153091,2,56
153033,153088,153091,3,55
153033,153089,153091,2,56
153033,153089,153091,2,56
153033,153089,153091,2,56
153033,153088,153091,3,55
153033,153089,153092,3,56
153033,153088,153091,3,55
153033,153088,153091,3,55
153033,153089,153091,2,56
153033,153088,153091,3,55
153033,153089,153092,3,56
153033,153089,153092,3,56
153033,153087,153092,5,54
153033,153089,153092,3,56
153033,153089,153091,2,56
153033,153089,153092,3,56
153033,153089,153092,3,56
153033,153089,153091,2,56
153033,153089,153092,3,56
153033,153089,153092,3,56
153033,153089,153091,2,56
153033,153089,153092,3,56
153033,153089,153092,3,56
153033,153090,153093,3,57
153033,153090,153092,2,57
153033,153090,153092,2,57
153033,153090,153092,2,57
153034,153091,153093,2,57
153034,153091,153093,2,57
153034,153092,153093,1,58
153034,153090,153094,4,56
153034,153091,153093,2,57
153034,153091,153094,3,57
153034,153090,153093,3,56
153034,153091,153094,3,57
153033,153088,153094,6,55
153034,153091,153093,2,57
153034,153091,153094,3,57
153034,153091,153094,3,57
153034,153092,153094,2,58
153034,153092,153094,2,58
153034,153091,153094,3,57
153034,153092,153094,2,58
153034,153091,153095,4,57
153034,153091,153095,4,57
153034,153092,153094,2,58
153034,153091,153095,4,57
153034,153092,153094,2,58
153034,153092,153095,3,58
153034,153090,153094,4,56
153034,153091,153095,4,57
153034,153091,153095,4,57
153034,153091,153094,3,57
153034,153092,153095,3,58
153034,153090,153095,5,56
153034,153090,153095,5,56
153034,153092,153095,3,58
153034,153092,153095,3,58
153034,153090,153095,5,56
153034,153090,153095,5,56
153034,153091,153095,4,57
153034,153090,153095,5,56
153034,153091,153095,4,57
153034,153092,153095,3,58
153034,153092,153096,4,58
153034,153091,153096,5,57
153034,153092,153096,4,58
153034,153092,153096,4,58
153034,153093,153096,3,59
153034,153093,153097,4,59
153034,153093,153097,4,59
153034,153093,153097,4,59
153034,153093,153097,4,59
153034,153092,153096,4,58
153034,153092,153097,5,58
153034,153094,153097,3,60
153034,153093,153097,4,59
153034,153094,153097,3,60
153034,153095,153097,2,61
153034,153095,153097,2,61
153034,153093,153097,4,59
153034,153094,153098,4,60
153034,153095,153097,2,61
153034,153095,153098,3,61
153034,153095,153098,3,61
153034,153094,153097,3,60
153034,153092,153098,6,58
153034,153094,153098,4,60
153034,153094,153098,4,60
153034,153095,153097,2,61
153034,153095,153098,3,61
153034,153095,153098,3,61
153034,153095,153098,3,61
153034,153095,153098,3,61
153034,153095,153098,3,61
153034,153095,153098,3,61
153034,153095,153098,3,61
153034,153095,153098,3,61
153034,153094,153098,4,60
153034,153095,153098,3,61
153034,153093,153098,5,59
153034,153094,153099,5,60
153034,153095,153099,4,61
153034,153095,153099,4,61
153034,153095,153099,4,61
153034,153095,153099,4,61
153034,153096,153099,3,62
153034,153096,153099,3,62
153034,153095,153099,4,61
153034,153096,153099,3,62
153034,153095,153099,4,61
153034,153096,153099,3,62
153034,153096,153099,3,62
153034,153096,153099,3,62
153034,153096,153099,3,62
153034,153096,153099,3,62
153034,153097,153099,2,63
153034,153097,153100,3,63
153034,153098,153100,2,64
153034,153096,153100,4,62
153034,153097,153100,3,63
153034,153099,153101,2,65
153034,153098,153100,2,64
153034,153098,153101,3,64
153034,153098,153101,3,64
153034,153098,153101,3,64
153034,153098,153101,3,64
153034,153098,153101,3,64
153034,153097,153101,4,63
153034,153097,153101,4,63
153034,153097,153101,4,63
153034,153097,153101,4,63
153034,153098,153101,3,64
153034,153098,153101,3,64
153034,153099,153101,2,65
153034,153097,153101,4,63
153034,153099,153102,3,65
153034,153099,153101,2,65
153034,153098,153101,3,64
153034,153099,153101,2,65
153034,153098,153101,3,64
153034,153098,153101,3,64
153034,153098,153102,4,64
153034,153099,153102,3,65
153034,153099,153102,3,65
153034,153096,153103,7,62
153034,153094,153104,10,60
153034,153094,153104,10,60
152059,152060,153107,1047,1
152076,152076,153110,1034,0
152118,152119,153111,992,1
152071,152071,153115,1044,0
152063,152067,153125,1058,4
153128,153129,153132,3,1
153128,153129,153131,2,1
153128,153129,153131,2,1
153128,153129,153132,3,1
153128,153129,153131,2,1
153128,153129,153132,3,1
153128,153129,153132,3,1
153128,153129,153133,4,1
153128,153129,153132,3,1
153128,153129,153132,3,1
153128,153129,153132,3,1
153128,153129,153132,3,1
153128,153129,153132,3,1
153128,153129,153132,3,1
153128,153129,153132,3,1
153128,153129,153133,4,1
153128,153129,153132,3,1
153128,153129,153133,4,1
153128,153129,153132,3,1
153128,153129,153132,3,1
153128,153129,153133,4,1
153128,153129,153132,3,1
153128,153129,153132,3,1
153128,153129,153133,4,1
153128,153129,153132,3,1
153128,153129,153132,3,1
153128,153129,153132,3,1
153128,153129,153132,3,1
153128,153129,153132,3,1
153128,153129,153132,3,1
153128,153129,153132,3,1
153128,153129,153133,4,1
153128,153129,153132,3,1
153128,153129,153132,3,1
153128,153129,153133,4,1
153128,153129,153133,4,1
153128,153129,153132,3,1
153128,153129,153132,3,1
153128,153129,153133,4,1
153128,153129,153133,4,1
153128,153129,153133,4,1
153128,153129,153133,4,1
153128,153129,153133,4,1
153128,153129,153133,4,1
153128,153129,153133,4,1
153128,153129,153134,5,1
153128,153129,153133,4,1
153128,153129,153133,4,1
153128,153129,153133,4,1
153128,153129,153133,4,1
153128,153129,153133,4,1
153128,153129,153133,4,1
153128,153129,153133,4,1
153128,153129,153133,4,1
153128,153129,153133,4,1
153128,153129,153133,4,1
153128,153132,153135,3,4
153128,153132,153135,3,4
153128,153132,153135,3,4
153128,153133,153136,3,5
153128,153133,153135,2,5
153128,153132,153135,3,4
153128,153133,153135,2,5
153128,153133,153135,2,5
153128,153133,153135,2,5
153128,153133,153136,3,5
153128,153133,153136,3,5
153128,153132,153136,4,4
153128,153133,153136,3,5
153128,153133,153135,2,5
153128,153133,153135,2,5
153128,153133,153136,3,5
153128,153133,153136,3,5
153128,153134,153136,2,6
153128,153132,153136,4,4
153128,153133,153136,3,5
153128,153133,153136,3,5
153128,153134,153136,2,6
153128,153133,153136,3,5
153128,153133,153136,3,5
153128,153133,153136,3,5
153128,153133,153136,3,5
153128,153134,153136,2,6
153128,153134,153137,3,6
152095,152095,153136,1041,0
153128,153133,153137,4,5
153128,153133,153136,3,5
153128,153133,153137,4,5
153128,153134,153137,3,6
153128,153134,153136,2,6
153128,153133,153136,3,5
153128,153134,153136,2,6
153128,153133,153137,4,5
153128,153133,153136,3,5
153128,153133,153136,3,5
153128,153133,153136,3,5
153128,153133,153137,4,5
153128,153134,153136,2,6
153128,153134,153136,2,6
153128,153134,153136,2,6
153128,153135,153137,2,7
153128,153133,153137,4,5
153128,153133,153137,4,5
153128,153133,153137,4,5
153128,153133,153137,4,5
153128,153134,153137,3,6
153128,153134,153137,3,6
153128,153133,153137,4,5
153128,153134,153137,3,6
153128,153134,153137,3,6
153128,153136,153138,2,8
153128,153134,153137,3,6
153128,153134,153137,3,6
153128,153134,153137,3,6
153128,153137,153138,1,9
153128,153133,153137,4,5
153128,153137,153139,2,9
153128,153136,153138,2,8
153128,153136,153139,3,8
153128,153136,153139,3,8
153128,153137,153138,1,9
153128,153136,153138,2,8
153128,153136,153139,3,8
153128,153136,153138,2,8
153128,153137,153139,2,9
153128,153136,153139,3,8
153128,153137,153139,2,9
153128,153137,153139,2,9
153128,153136,153139,3,8
153128,153137,153139,2,9
153128,153137,153139,2,9
153128,153137,153139,2,9
153128,153137,153139,2,9
153128,153136,153139,3,8
153128,153136,153139,3,8
153128,153136,153139,3,8
153128,153136,153140,4,8
153128,153136,153140,4,8
153128,153137,153140,3,9
153128,153136,153140,4,8
153128,153136,153140,4,8
153128,153136,153140,4,8
153128,153136,153140,4,8
153128,153136,153140,4,8
153128,153137,153140,3,9
153128,153136,153140,4,8
153128,153136,153140,4,8
153128,153136,153140,4,8
153128,153137,153140,3,9
153128,153137,153140,3,9
153128,153136,153140,4,8
153128,153138,153141,3,10
153128,153138,153140,2,10
153128,153138,153140,2,10
153128,153138,153141,3,10
153128,153138,153140,2,10
153128,153138,153140,2,10
153128,153138,153141,3,10
153128,153138,153141,3,10
153128,153138,153141,3,10
153128,153138,153141,3,10
153128,153136,153141,5,8
153128,153136,153141,5,8
153128,153137,153141,4,9
153128,153136,153141,5,8
153128,153137,153141,4,9
153128,153137,153141,4,9
153128,153138,153141,3,10
153128,153138,153142,4,10
153128,153138,153142,4,10
153128,153139,153143,4,11
153128,153138,153142,4,10
153128,153139,153142,3,11
153128,153137,153142,5,9
153128,153139,153142,3,11
153128,153139,153142,3,11
153128,153139,153142,3,11
153128,153138,153143,5,10
153128,153140,153142,2,12
153128,153139,153143,4,11
153128,153139,153143,4,11
153128,153139,153142,3,11
153128,153139,153143,4,11
153128,153139,153143,4,11
153128,153139,153142,3,11
153128,153139,153143,4,11
153128,153139,153142,3,11
153128,153141,153143,2,13
153128,153141,153143,2,13
153128,153141,153143,2,13
153128,153141,153143,2,13
153128,153142,153143,1,14
153128,153139,153143,4,11
153128,153140,153143,3,12
153128,153141,153143,2,13
153128,153140,153143,3,12
153128,153141,153144,3,13
153128,153142,153143,1,14
153128,153142,153143,1,14
153128,153141,153144,3,13
153128,153141,153143,2,13
153128,153141,153144,3,13
153128,153140,153144,4,12
153128,153141,153144,3,13
153128,153140,153144,4,12
153128,153141,153144,3,13
153128,153141,153144,3,13
153128,153142,153144,2,14
153128,153142,153144,2,14
153128,153141,153144,3,13
153128,153141,153144,3,13
153128,153141,153144,3,13
153128,153140,153144,4,12
153128,153140,153144,4,12
153128,153143,153145,2,15
153128,153141,153144,3,13
153128,153142,153144,2,14
153128,153143,153144,1,15
153128,153141,153144,3,13
153128,153141,153145,4,13
153128,153141,153144,3,13
153128,153141,153145,4,13
153128,153142,153145,3,14
153129,153145,153146,1,16
153128,153143,153145,2,15
153128,153143,153145,2,15
153128,153141,153145,4,13
153128,153143,153146,3,15
153128,153143,153145,2,15
153128,153143,153146,3,15
153128,153142,153145,3,14
153128,153143,153146,3,15
153128,153143,153146,3,15
153128,153142,153146,4,14
153129,153144,153146,2,15
152092,152092,153147,1055,0
153128,153143,153146,3,15
153129,153145,153146,1,16
153129,153145,153146,1,16
153129,153145,153146,1,16
153129,153145,153146,1,16
153129,153145,153146,1,16
153128,153143,153146,3,15
153129,153144,153146,2,15
153129,153145,153146,1,16
153129,153145,153147,2,16
153129,153145,153147,2,16
153129,153144,153147,3,15
153129,153144,153147,3,15
153129,153144,153147,3,15
153129,153144,153147,3,15
153129,153144,153147,3,15
153129,153144,153147,3,15
153129,153144,153148,4,15
153129,153144,153147,3,15
153129,153144,153148,4,15
153129,153144,153147,3,15
153129,153144,153148,4,15
153129,153145,153148,3,16
153129,153144,153147,3,15
153129,153144,153148,4,15
153129,153144,153147,3,15
153129,153145,153148,3,16
153129,153146,153148,2,17
153129,153144,153148,4,15
153129,153145,153148,3,16
153129,153146,153148,2,17
153129,153145,153148,3,16
153129,153145,153148,3,16
153129,153145,153148,3,16
153129,153145,153149,4,16
153129,153144,153148,4,15
153129,153145,153148,3,16
153129,153146,153149,3,17
153129,153145,153149,4,16
153129,153145,153149,4,16
153129,153145,153149,4,16
153129,153146,153149,3,17
153129,153146,153149,3,17
153129,153146,153148,2,17
153129,153146,153149,3,17
153129,153146,153149,3,17
153129,153146,153150,4,17
153129,153145,153149,4,16
153129,153146,153149,3,17
153129,153147,153150,3,18
153129,153148,153150,2,19
153129,153148,153151,3,19
153129,153147,153150,3,18
153129,153147,153150,3,18
153129,153148,153151,3,19
153129,153147,153151,4,18
153129,153147,153151,4,18
153129,153147,153150,3,18
153129,153147,153151,4,18
153129,153147,153150,3,18
153129,153147,153151,4,18
153129,153147,153151,4,18
153129,153147,153151,4,18
153129,153147,153150,3,18
153129,153148,153151,3,19
153129,153148,153151,3,19
153129,153148,153150,2,19
153129,153148,153151,3,19
153129,153148,153151,3,19
153129,153148,153151,3,19
153129,153149,153151,2,20
153129,153150,153151,1,21
153129,153148,153151,3,19
153129,153148,153152,4,19
153129,153149,153152,3,20
153129,153147,153151,4,18
153129,153147,153151,4,18
153129,153148,153152,4,19
153129,153148,153151,3,19
153129,153148,153151,3,19
153129,153150,153152,2,21
153129,153148,153151,3,19
153129,153149,153152,3,20
153129,153148,153152,4,19
153129,153149,153152,3,20
153129,153148,153152,4,19
153129,153149,153152,3,20
153129,153149,153152,3,20
153129,153148,153152,4,19
153129,153150,153152,2,21
153129,153149,153152,3,20
153129,153149,153152,3,20
153129,153150,153152,2,21
153129,153149,153152,3,20
153129,153149,153153,4,20
153129,153150,153152,2,21
153129,153150,153152,2,21
153129,153149,153153,4,20
153129,153149,153153,4,20
153128,153141,153144,3,13
153128,153141,153144,3,13
153128,153141,153144,3,13
153128,153143,153146,3,15
153129,153150,153153,3,21
153129,153150,153153,3,21
153129,153151,153153,2,22
153129,153151,153154,3,22
153129,153151,153153,2,22
153129,153151,153154,3,22
153129,153151,153154,3,22
153129,153151,153154,3,22
153129,153151,153154,3,22
153129,153151,153154,3,22
153129,153151,153154,3,22
153129,153151,153154,3,22
153129,153151,153154,3,22
153129,153149,153154,5,20
153129,153151,153154,3,22
153129,153151,153154,3,22
153129,153153,153155,2,24
153129,153152,153155,3,23
153129,153151,153155,4,22
153129,153151,153154,3,22
153129,153151,153154,3,22
153129,153151,153154,3,22
153129,153152,153155,3,23
153129,153152,153155,3,23
153129,153153,153155,2,24
153129,153153,153155,2,24
153129,153151,153155,4,22
153129,153152,153155,3,23
153129,153151,153155,4,22
153129,153152,153155,3,23
153129,153152,153155,3,23
153129,153153,153155,2,24
153129,153153,153155,2,24
153129,153153,153155,2,24
153129,153152,153155,3,23
153129,153152,153155,3,23
153129,153152,153155,3,23
153129,153152,153155,3,23
153129,153152,153155,3,23
153129,153153,153156,3,24
153129,153152,153156,4,23
153129,153153,153156,3,24
153129,153152,153156,4,23
153129,153152,153156,4,23
153129,153152,153156,4,23
153129,153153,153156,3,24
153129,153153,153157,4,24
153129,153152,153157,5,23
153128,153154,153156,2,26
153128,153154,153156,2,26
153129,153154,153157,3,25
153129,153154,153156,2,25
153129,153153,153156,3,24
153129,153154,153157,3,25
153129,153154,153157,3,25
153129,153154,153157,3,25
153129,153153,153157,4,24
153129,153155,153158,3,26
153129,153155,153157,2,26
153129,153155,153157,2,26
153129,153155,153158,3,26
153129,153154,153158,4,25
153129,153154,153157,3,25
153129,153154,153157,3,25
153129,153155,153158,3,26
153129,153155,153158,3,26
153129,153154,153158,4,25
153129,153154,153158,4,25
153129,153154,153157,3,25
153129,153155,153158,3,26
153129,153154,153158,4,25
153129,153155,153158,3,26
153129,153155,153158,3,26
153129,153156,153158,2,27
153129,153155,153158,3,26
153129,153156,153158,2,27
153129,153156,153158,2,27
153129,153154,153158,4,25
153129,153156,153158,2,27
153129,153156,153159,3,27
153129,153155,153159,4,26
153129,153155,153158,3,26
153129,153156,153158,2,27
153129,153156,153158,2,27
153129,153156,153158,2,27
153129,153156,153158,2,27
153129,153154,153158,4,25
153129,153155,153159,4,26
153129,153155,153158,3,26
153129,153155,153159,4,26
153129,153155,153159,4,26
153129,153155,153159,4,26
153129,153157,153159,2,28
153129,153157,153159,2,28
153129,153157,153159,2,28
153129,153157,153159,2,28
153129,153157,153160,3,28
153129,153157,153160,3,28
153129,153156,153159,3,27
153129,153157,153160,3,28
153129,153157,153160,3,28
153129,153156,153159,3,27
152078,152079,153160,1081,1
153129,153156,153160,4,27
153129,153156,153160,4,27
153129,153156,153160,4,27
153129,153156,153159,3,27
153129,153156,153160,4,27
153129,153158,153161,3,29
153129,153157,153161,4,28
153129,153158,153161,3,29
153129,153157,153160,3,28
153129,153157,153160,3,28
153129,153158,153160,2,29
153129,153158,153161,3,29
153129,153157,153160,3,28
153129,153158,153161,3,29
153129,153158,153160,2,29
153129,153159,153161,2,30
153129,153157,153160,3,28
153129,153157,153160,3,28
153129,153158,153161,3,29
153129,153158,153161,3,29
153129,153156,153161,5,27
153129,153158,153161,3,29
153129,153158,153161,3,29
153129,153158,153161,3,29
153129,153158,153161,3,29
153129,153159,153161,2,30
153129,153158,153161,3,29
153129,153158,153162,4,29
153129,153158,153161,3,29
153129,153159,153161,2,30
153129,153159,153161,2,30
153129,153159,153162,3,30
153129,153159,153162,3,30
153129,153160,153162,2,31
153129,153159,153161,2,30
153129,153159,153162,3,30
153129,153159,153162,3,30
153129,153159,153161,2,30
153129,153159,153161,2,30
153129,153160,153162,2,31
153129,153158,153162,4,29
153129,153158,153162,4,29
153129,153160,153162,2,31
153129,153160,153162,2,31
153129,153160,153163,3,31
153129,153160,153162,2,31
153129,153160,153163,3,31
153129,153159,153162,3,30
153129,153160,153162,2,31
153129,153159,153163,4,30
153129,153160,153163,3,31
153129,153161,153163,2,32
153129,153162,153163,1,33
153129,153162,153164,2,33
153129,153159,153163,4,30
153129,153160,153163,3,31
153129,153160,153163,3,31
153129,153162,153164,2,33
153129,153160,153163,3,31
153129,153160,153163,3,31
153129,153160,153163,3,31
153129,153162,153163,1,33
153129,153162,153163,1,33
153129,153160,153163,3,31
153129,153160,153163,3,31
153129,153160,153163,3,31
153129,153160,153164,4,31
153129,153161,153164,3,32
153129,153161,153164,3,32
153129,153161,153164,3,32
153129,153161,153164,3,32
153129,153161,153164,3,32
153129,153160,153164,4,31
153129,153160,153164,4,31
153129,153162,153164,2,33
153129,153161,153165,4,32
153129,153161,153164,3,32
153129,153161,153165,4,32
153129,153161,153165,4,32
153129,153161,153165,4,32
153129,153161,153165,4,32
153129,153161,153165,4,32
153129,153162,153165,3,33
153129,153162,153165,3,33
152089,152090,153165,1075,1
153129,153161,153165,4,32
153129,153163,153166,3,34
153129,153163,153166,3,34
153129,153162,153165,3,33
153129,153163,153166,3,34
153129,153161,153165,4,32
153129,153162,153165,3,33
153129,153162,153166,4,33
153129,153162,153165,3,33
153129,153163,153166,3,34
153129,153162,153166,4,33
153129,153162,153166,4,33
153129,153162,153166,4,33
153129,153163,153166,3,34
153129,153163,153166,3,34
153129,153164,153166,2,35
153129,153164,153167,3,35
153129,153164,153166,2,35
153129,153164,153166,2,35
153129,153164,153166,2,35
153129,153164,153166,2,35
153129,153164,153166,2,35
153129,153164,153166,2,35
153129,153163,153167,4,34
153129,153164,153167,3,35
153129,153163,153166,3,34
153129,153162,153167,5,33
153129,153162,153167,5,33
153129,153162,153167,5,33
153129,153162,153167,5,33
153129,153162,153167,5,33
153129,153164,153167,3,35
153129,153164,153167,3,35
153129,153162,153167,5,33
153129,153163,153167,4,34
153129,153164,153167,3,35
153129,153165,153167,2,36
153129,153165,153167,2,36
153129,153165,153167,2,36
153129,153163,153167,4,34
153129,153164,153167,3,35
153129,153164,153167,3,35
153129,153164,153168,4,35
153129,153165,153168,3,36
153129,153166,153168,2,37
153129,153166,153168,2,37
153129,153164,153167,3,35
153129,153164,153168,4,35
153129,153165,153168,3,36
153129,153164,153168,4,35
153129,153165,153168,3,36
153129,153165,153168,3,36
153129,153163,153168,5,34
153129,153165,153168,3,36
153129,153164,153168,4,35
153129,153164,153168,4,35
153129,153167,153168,1,38
153129,153167,153168,1,38
153129,153165,153168,3,36
153129,153166,153168,2,37
153129,153165,153168,3,36
153129,153165,153169,4,36
153129,153166,153169,3,37
153129,153165,153168,3,36
153129,153166,153169,3,37
153129,153166,153169,3,37
153129,153166,153169,3,37
153129,153166,153169,3,37
153129,153165,153169,4,36
153129,153167,153169,2,38
153129,153167,153169,2,38
153129,153166,153169,3,37
153129,153166,153169,3,37
153129,153167,153169,2,38
153129,153168,153169,1,39
153129,153166,153169,3,37
153129,153167,153169,2,38
153129,153167,153169,2,38
153129,153168,153169,1,39
153129,153168,153170,2,39
153129,153168,153170,2,39
153129,153167,153170,3,38
153129,153167,153170,3,38
153129,153167,153170,3,38
153129,153168,153170,2,39
152084,152084,153171,1087,0
153129,153168,153170,2,39
153129,153167,153170,3,38
153129,153167,153171,4,38
153129,153167,153171,4,38
153129,153167,153171,4,38
153129,153169,153171,2,40
153129,153167,153170,3,38
153129,153169,153171,2,40
153129,153169,153171,2,40
153129,153167,153171,4,38
153129,153168,153171,3,39
153129,153167,153171,4,38
153129,153168,153171,3,39
153129,153168,153171,3,39
153129,153167,153171,4,38
153129,153167,153171,4,38
153129,153169,153171,2,40
153129,153169,153172,3,40
153129,153167,153172,5,38
153129,153167,153171,4,38
153129,153167,153171,4,38
153129,153168,153171,3,39
153129,153169,153172,3,40
153129,153169,153172,3,40
153129,153169,153171,2,40
153129,153167,153171,4,38
153129,153169,153172,3,40
153129,153167,153172,5,38
153129,153167,153171,4,38
153129,153167,153172,5,38
153129,153167,153172,5,38
153129,153170,153173,3,41
153129,153169,153172,3,40
153129,153169,153172,3,40
153129,153169,153172,3,40
153129,153169,153173,4,40
153129,153169,153173,4,40
153129,153169,153174,5,40
153129,153171,153173,2,42
153129,153171,153173,2,42
153129,153170,153173,3,41
153129,153170,153174,4,41
153129,153171,153173,2,42
153129,153169,153173,4,40
153129,153170,153173,3,41
153129,153170,153173,3,41
153129,153170,153173,3,41
153129,153171,153174,3,42
153129,153170,153174,4,41
153129,153170,153174,4,41
153129,153171,153174,3,42
153129,153171,153174,3,42
153129,153169,153174,5,40
153129,153171,153174,3,42
153129,153172,153175,3,43
153129,153170,153174,4,41
153129,153172,153175,3,43
153129,153170,153174,4,41
153129,153172,153175,3,43
153129,153172,153175,3,43
153129,153172,153174,2,43
153129,153170,153174,4,41
153129,153172,153174,2,43
153129,153172,153174,2,43
153129,153170,153174,4,41
153129,153170,153175,5,41
153129,153171,153174,3,42
153129,153172,153175,3,43
153129,153170,153174,4,41
153129,153171,153174,3,42
153129,153170,153174,4,41
153129,153170,153175,5,41
153129,153171,153175,4,42
153129,153171,153174,3,42
153129,153171,153175,4,42
153129,153171,153175,4,42
153129,153171,153175,4,42
153129,153171,153175,4,42
153129,153170,153175,5,41
153129,153172,153175,3,43
153129,153172,153175,3,43
153129,153172,153175,3,43
153129,153172,153175,3,43
153129,153172,153175,3,43
153129,153172,153175,3,43
153129,153172,153175,3,43
153129,153173,153175,2,44
153129,153173,153176,3,44
153129,153172,153176,4,43
153129,153173,153176,3,44
153129,153174,153176,2,45
153129,153173,153176,3,44
153129,153173,153176,3,44
153129,153174,153176,2,45
153129,153173,153177,4,44
153129,153174,153177,3,45
153129,153174,153177,3,45
153129,153173,153176,3,44
153129,153174,153177,3,45
153129,153174,153177,3,45
153129,153174,153176,2,45
153129,153173,153176,3,44
153129,153174,153177,3,45
153129,153174,153177,3,45
153129,153174,153177,3,45
153129,153174,153177,3,45
153129,153174,153177,3,45
153129,153172,153177,5,43
153129,153174,153177,3,45
153129,153174,153177,3,45
153129,153174,153178,4,45
153129,153174,153178,4,45
152104,152104,153191,1087,0
153213,153213,153215,2,0
153213,153213,153215,2,0
153213,153213,153215,2,0
153213,153213,153215,2,0
153213,153213,153216,3,0
153213,153213,153216,3,0
153213,153213,153216,3,0
153213,153213,153216,3,0
153213,153213,153216,3,0
153213,153213,153216,3,0
153213,153213,153216,3,0
153213,153213,153216,3,0
153213,153213,153216,3,0
153213,153213,153216,3,0
153213,153213,153216,3,0
153213,153213,153217,4,0
153213,153214,153216,2,1
153213,153214,153216,2,1
153213,153213,153217,4,0
153213,153213,153217,4,0
153213,153213,153217,4,0
153213,153214,153217,3,1
153213,153213,153217,4,0
153213,153213,153217,4,0
153213,153214,153217,3,1
153213,153213,153217,4,0
153213,153213,153217,4,0
153213,153213,153217,4,0
153213,153213,153217,4,0
153213,153214,153217,3,1
153213,153213,153217,4,0
153213,153214,153218,4,1
153213,153213,153217,4,0
153213,153213,153217,4,0
153213,153213,153218,5,0
153213,153213,153217,4,0
153213,153213,153217,4,0
153213,153213,153217,4,0
153213,153213,153217,4,0
153213,153213,153217,4,0
153213,153213,153217,4,0
153213,153214,153217,3,1
153213,153214,153217,3,1
153213,153214,153218,4,1
153213,153213,153218,5,0
153213,153213,153218,5,0
153213,153213,153218,5,0
153213,153213,153218,5,0
153213,153213,153218,5,0
153213,153217,153218,1,4
153213,153213,153218,5,0
153213,153213,153218,5,0
153213,153213,153218,5,0
153213,153214,153218,4,1
153213,153214,153218,4,1
153213,153217,153218,1,4
153213,153217,153218,1,4
153213,153213,153218,5,0
153213,153214,153218,4,1
153213,153217,153218,1,4
153213,153214,153218,4,1
153213,153217,153219,2,4
153213,153213,153218,5,0
153213,153217,153219,2,4
153213,153217,153219,2,4
153213,153214,153219,5,1
153213,153214,153219,5,1
153213,153218,153219,1,5
153213,153213,153219,6,0
153213,153216,153219,3,3
153213,153216,153219,3,3
153213,153216,153219,3,3
153213,153216,153219,3,3
153213,153217,153219,2,4
153213,153217,153219,2,4
153213,153217,153220,3,4
153213,153217,153220,3,4
153213,153218,153221,3,5
153213,153218,153220,2,5
153213,153218,153221,3,5
153213,153218,153220,2,5
153213,153219,153221,2,6
153213,153218,153220,2,5
153213,153218,153220,2,5
153213,153219,153221,2,6
153213,153218,153221,3,5
153213,153219,153220,1,6
153213,153219,153221,2,6
153213,153217,153221,4,4
153213,153217,153220,3,4
153213,153218,153220,2,5
153213,153218,153221,3,5
153213,153218,153220,2,5
153213,153218,153220,2,5
153213,153218,153220,2,5
153213,153219,153221,2,6
153213,153218,153221,3,5
153213,153218,153221,3,5
153213,153219,153221,2,6
153213,153217,153221,4,4
153213,153218,153221,3,5
153213,153218,153222,4,5
153213,153219,153221,2,6
153213,153219,153221,2,6
153213,153219,153221,2,6
153213,153218,153221,3,5
153213,153218,153221,3,5
153213,153219,153221,2,6
153213,153218,153221,3,5
153213,153218,153221,3,5
153213,153218,153221,3,5
153213,153219,153222,3,6
153213,153218,153222,4,5
153213,153218,153221,3,5
153213,153218,153221,3,5
153213,153219,153222,3,6
153213,153219,153221,2,6
153213,153219,153222,3,6
153213,153219,153222,3,6
153213,153221,153222,1,8
153213,153221,153222,1,8
153213,153221,153222,1,8
153213,153221,153222,1,8
153213,153221,153222,1,8
153213,153221,153222,1,8
153213,153221,153223,2,8
153213,153219,153222,3,6
153213,153220,153223,3,7
153213,153219,153222,3,6
153213,153219,153222,3,6
153213,153219,153222,3,6
153213,153221,153223,2,8
153213,153220,153223,3,7
153213,153220,153223,3,7
153213,153221,153223,2,8
153213,153220,153223,3,7
153213,153221,153224,3,8
153213,153221,153224,3,8
153213,153222,153224,2,9
153213,153222,153224,2,9
153213,153220,153223,3,7
153213,153221,153224,3,8
153213,153222,153224,2,9
153213,153222,153224,2,9
153213,153220,153223,3,7
153213,153220,153224,4,7
153213,153222,153224,2,9
153213,153220,153223,3,7
153213,153220,153224,4,7
153213,153221,153224,3,8
153213,153221,153224,3,8
153213,153220,153223,3,7
153213,153221,153224,3,8
153213,153221,153224,3,8
153213,153221,153224,3,8
153213,153221,153224,3,8
153213,153219,153224,5,6
153213,153222,153224,2,9
153213,153221,153224,3,8
153213,153221,153225,4,8
153213,153221,153225,4,8
153213,153221,153225,4,8
153213,153221,153224,3,8
153213,153221,153225,4,8
153213,153222,153225,3,9
153213,153222,153226,4,9
153213,153222,153226,4,9
153213,153222,153226,4,9
153213,153222,153226,4,9
153213,153222,153226,4,9
153213,153222,153226,4,9
153213,153222,153226,4,9
153213,153223,153226,3,10
153213,153222,153225,3,9
153213,153223,153226,3,10
153213,153222,153226,4,9
153213,153222,153225,3,9
153213,153222,153226,4,9
153213,153223,153226,3,10
153213,153223,153226,3,10
153213,153223,153227,4,10
153213,153223,153227,4,10
153213,153223,153227,4,10
153213,153223,153227,4,10
153213,153223,153226,3,10
153213,153224,153227,3,11
153213,153225,153227,2,12
153213,153224,153227,3,11
153213,153222,153226,4,9
153213,153223,153227,4,10
153213,153223,153227,4,10
153213,153224,153227,3,11
153213,153224,153227,3,11
153213,153224,153227,3,11
153213,153224,153227,3,11
153213,153225,153228,3,12
153213,153225,153227,2,12
153213,153224,153228,4,11
153213,153225,153227,2,12
153213,153223,153228,5,10
153213,153224,153228,4,11
153213,153224,153228,4,11
153213,153224,153228,4,11
153213,153224,153228,4,11
153213,153224,153228,4,11
153213,153224,153228,4,11
153213,153224,153228,4,11
153213,153224,153228,4,11
153213,153225,153228,3,12
153213,153225,153228,3,12
153213,153225,153228,3,12
153213,153224,153228,4,11
153213,153224,153228,4,11
153213,153224,153228,4,11
153213,153225,153228,3,12
153213,153224,153228,4,11
153213,153224,153228,4,11
153213,153224,153228,4,11
153213,153225,153228,3,12
153213,153224,153228,4,11
153213,153226,153229,3,13
153213,153224,153228,4,11
153213,153224,153228,4,11
153213,153226,153229,3,13
153213,153226,153229,3,13
153213,153226,153229,3,13
153213,153226,153230,4,13
153213,153226,153229,3,13
153213,153226,153229,3,13
153213,153226,153229,3,13
153213,153226,153229,3,13
153213,153226,153229,3,13
153213,153226,153230,4,13
153213,153226,153229,3,13
153213,153227,153230,3,14
153213,153227,153230,3,14
153213,153228,153230,2,15
153213,153227,153230,3,14
153213,153227,153230,3,14
153213,153228,153230,2,15
153213,153228,153230,2,15
153213,153226,153230,4,13
153213,153226,153230,4,13
153213,153226,153230,4,13
153213,153227,153230,3,14
153213,153227,153231,4,14
153213,153226,153230,4,13
153213,153228,153231,3,15
153213,153228,153231,3,15
153213,153228,153231,3,15
153213,153228,153231,3,15
153213,153228,153231,3,15
153213,153227,153231,4,14
153213,153227,153231,4,14
153213,153229,153231,2,16
153213,153227,153231,4,14
153213,153228,153231,3,15
153213,153229,153231,2,16
153213,153229,153231,2,16
153213,153228,153231,3,15
153213,153228,153231,3,15
153213,153228,153231,3,15
153213,153228,153232,4,15
153213,153229,153231,2,16
153213,153228,153231,3,15
152351,152359,153231,872,8
153213,153228,153232,4,15
153213,153228,153232,4,15
153213,153228,153232,4,15
153213,153231,153233,2,18
153213,153231,153232,1,18
153213,153228,153232,4,15
153213,153231,153232,1,18
153213,153229,153232,3,16
153213,153229,153232,3,16
153213,153229,153232,3,16
153213,153229,153232,3,16
153213,153229,153233,4,16
153213,153230,153233,3,17
153213,153229,153232,3,16
153213,153229,153232,3,16
153213,153230,153232,2,17
153213,153230,153233,3,17
153213,153230,153232,2,17
153213,153230,153233,3,17
153213,153229,153233,4,16
153213,153229,153232,3,16
153213,153229,153232,3,16
153213,153228,153233,5,15
153213,153229,153233,4,16
153213,153230,153233,3,17
153213,153230,153234,4,17
153213,153231,153233,2,18
153213,153230,153234,4,17
153213,153230,153234,4,17
153213,153220,153233,13,7
153213,153230,153233,3,17
153213,153231,153233,2,18
153213,153231,153233,2,18
153213,153231,153233,2,18
153213,153231,153233,2,18
153213,153230,153233,3,17
153213,153231,153233,2,18
153213,153231,153234,3,18
153213,153231,153234,3,18
153213,153232,153234,2,19
153213,153232,153235,3,19
153213,153232,153234,2,19
153213,153232,153235,3,19
153213,153232,153235,3,19
153213,153232,153235,3,19
153213,153232,153235,3,19
153213,153232,153234,2,19
153213,153231,153234,3,18
153213,153232,153234,2,19
153213,153231,153234,3,18
153213,153231,153235,4,18
153213,153231,153235,4,18
153213,153232,153236,4,19
153213,153232,153236,4,19
153213,153233,153236,3,20
153213,153232,153236,4,19
153213,153232,153235,3,19
153213,153232,153235,3,19
153213,153232,153235,3,19
153213,153233,153236,3,20
153213,153233,153235,2,20
153213,153233,153235,2,20
153213,153233,153235,2,20
153213,153234,153236,2,21
153213,153233,153236,3,20
153213,153233,153235,2,20
153213,153232,153235,3,19
153213,153232,153235,3,19
153213,153232,153235,3,19
153213,153232,153235,3,19
153213,153233,153236,3,20
153213,153233,153235,2,20
153213,153233,153236,3,20
153213,153234,153236,2,21
153213,153233,153236,3,20
153213,153233,153236,3,20
153213,153233,153236,3,20
153213,153233,153236,3,20
153213,153233,153236,3,20
153213,153233,153236,3,20
153213,153234,153237,3,21
153213,153233,153236,3,20
153213,153233,153236,3,20
153213,153233,153236,3,20
153213,153234,153237,3,21
153213,153234,153237,3,21
153213,153234,153236,2,21
153213,153234,153237,3,21
153213,153234,153237,3,21
153213,153234,153237,3,21
153213,153233,153236,3,20
153213,153235,153238,3,22
153213,153234,153238,4,21
153213,153236,153238,2,23
153213,153236,153238,2,23
153213,153234,153237,3,21
153213,153234,153237,3,21
153213,153234,153237,3,21
153213,153235,153238,3,22
153213,153234,153237,3,21
153213,153235,153238,3,22
153213,153235,153237,2,22
153213,153236,153238,2,23
153213,153234,153237,3,21
153213,153235,153238,3,22
153213,153235,153238,3,22
153213,153236,153238,2,23
153213,153236,153238,2,23
153213,153236,153239,3,23
153213,153236,153239,3,23
153213,153235,153238,3,22
153213,153236,153239,3,23
153213,153220,153238,18,7
153213,153222,153239,17,9
153213,153236,153238,2,23
153213,153236,153239,3,23
153213,153235,153239,4,22
153213,153235,153238,3,22
153213,153237,153239,2,24
153213,153235,153239,4,22
153213,153236,153239,3,23
153213,153236,153239,3,23
153213,153236,153239,3,23
153213,153236,153239,3,23
153213,153235,153239,4,22
153213,153236,153239,3,23
153213,153236,153239,3,23
153213,153236,153239,3,23
153213,153236,153239,3,23
153213,153235,153239,4,22
153213,153236,153238,2,23
153213,153236,153239,3,23
153213,153237,153240,3,24
153213,153238,153240,2,25
153213,153236,153240,4,23
153213,153237,153240,3,24
153213,153237,153240,3,24
153213,153235,153239,4,22
153213,153236,153239,3,23
153213,153236,153239,3,23
153213,153237,153239,2,24
153213,153236,153240,4,23
153213,153236,153240,4,23
153213,153238,153240,2,25
153213,153236,153240,4,23
153213,153236,153240,4,23
153213,153237,153240,3,24
153213,153236,153240,4,23
153213,153237,153240,3,24
153213,153237,153241,4,24
153213,153237,153241,4,24
153213,153238,153241,3,25
153213,153237,153241,4,24
153213,153237,153241,4,24
153213,153238,153241,3,25
153213,153238,153241,3,25
153213,153237,153241,4,24
153213,153237,153241,4,24
153213,153238,153242,4,25
153213,153239,153241,2,26
153213,153239,153242,3,26
153213,153239,153242,3,26
153213,153239,153242,3,26
153213,153239,153241,2,26
153213,153239,153242,3,26
153213,153238,153242,4,25
153213,153239,153241,2,26
153213,153239,153242,3,26
153213,153239,153242,3,26
153213,153240,153242,2,27
153213,153238,153242,4,25
153213,153238,153242,4,25
153213,153238,153242,4,25
153213,153239,153243,4,26
153213,153239,153242,3,26
153213,153240,153242,2,27
153213,153239,153242,3,26
153213,153238,153242,4,25
153213,153239,153242,3,26
153213,153239,153243,4,26
153213,153238,153242,4,25
153213,153239,153243,4,26
153213,153239,153243,4,26
153213,153239,153242,3,26
153213,153241,153243,2,28
153213,153239,153243,4,26
153213,153240,153242,2,27
153213,153241,153243,2,28
153213,153239,153243,4,26
153213,153241,153243,2,28
153213,153239,153243,4,26
153213,153241,153243,2,28
153213,153239,153243,4,26
153213,153239,153243,4,26
153213,153241,153243,2,28
153213,153241,153243,2,28
153213,153241,153243,2,28
153213,153241,153243,2,28
153213,153238,153244,6,25
153213,153238,153243,5,25
153213,153239,153243,4,26
153213,153239,153243,4,26
153213,153239,153243,4,26
153213,153239,153243,4,26
153213,153241,153243,2,28
153213,153241,153243,2,28
153213,153241,153243,2,28
153213,153241,153244,3,28
153213,153241,153243,2,28
153213,153241,153245,4,28
153213,153241,153244,3,28
153213,153241,153244,3,28
153213,153241,153244,3,28
153213,153241,153244,3,28
153214,153243,153244,1,29
153213,153241,153244,3,28
153214,153243,153245,2,29
153214,153243,153244,1,29
153214,153242,153246,4,28
153214,153243,153245,2,29
153214,153242,153245,3,28
153214,153243,153245,2,29
153214,153242,153245,3,28
153214,153242,153246,4,28
153214,153243,153245,2,29
153214,153243,153245,2,29
153214,153242,153246,4,28
153214,153243,153246,3,29
153214,153242,153246,4,28
153214,153242,153246,4,28
153214,153243,153247,4,29
153214,153243,153247,4,29
153214,153243,153246,3,29
153214,153244,153247,3,30
153214,153244,153247,3,30
153214,153242,153247,5,28
153214,153242,153247,5,28
153214,153242,153247,5,28
153214,153242,153246,4,28
153214,153242,153247,5,28
153214,153242,153247,5,28
153214,153244,153247,3,30
153214,153242,153247,5,28
153214,153242,153247,5,28
153214,153243,153247,4,29
153214,153242,153247,5,28
153214,153243,153247,4,29
153214,153243,153247,4,29
153214,153243,153247,4,29
153214,153244,153247,3,30
153214,153244,153247,3,30
153214,153244,153247,3,30
153214,153244,153248,4,30
153214,153244,153248,4,30
153214,153244,153247,3,30
153214,153245,153247,2,31
153214,153244,153247,3,30
153214,153243,153247,4,29
153214,153244,153248,4,30
153214,153244,153247,3,30
153214,153244,153247,3,30
153214,153244,153247,3,30
153214,153243,153247,4,29
153214,153242,153248,6,28
153214,153243,153248,5,29
153214,153244,153248,4,30
153214,153244,153248,4,30
153214,153243,153248,5,29
153214,153243,153248,5,29
153214,153244,153249,5,30
153214,153245,153248,3,31
153214,153245,153249,4,31
153214,153246,153249,3,32
153214,153245,153249,4,31
153214,153246,153249,3,32
153214,153244,153249,5,30
153214,153246,153248,2,32
153214,153246,153249,3,32
153214,153246,153249,3,32
153214,153244,153249,5,30
153214,153245,153249,4,31
153214,153245,153250,5,31
153214,153247,153250,3,33
153214,153245,153250,5,31
153214,153246,153250,4,32
153214,153245,153250,5,31
153214,153246,153250,4,32
153214,153246,153249,3,32
153214,153246,153250,4,32
153214,153246,153249,3,32
153214,153247,153250,3,33
153214,153247,153250,3,33
153214,153246,153250,4,32
153214,153247,153250,3,33
153214,153247,153250,3,33
153214,153247,153250,3,33
153214,153248,153250,2,34
153214,153248,153250,2,34
153214,153247,153250,3,33
153214,153245,153250,5,31
153214,153248,153251,3,34
153214,153248,153251,3,34
153214,153247,153250,3,33
153214,153248,153251,3,34
153214,153248,153251,3,34
153214,153247,153251,4,33
153214,153247,153251,4,33
153214,153247,153251,4,33
153214,153247,153251,4,33
153214,153248,153251,3,34
153214,153248,153251,3,34
153214,153246,153251,5,32
153214,153248,153251,3,34
153214,153248,153251,3,34
153214,153248,153252,4,34
153214,153248,153251,3,34
153214,153248,153251,3,34
153214,153248,153251,3,34
153214,153248,153252,4,34
153214,153248,153252,4,34
153214,153249,153252,3,35
153214,153248,153252,4,34
153214,153248,153251,3,34
153214,153247,153252,5,33
153214,153249,153252,3,35
153214,153248,153252,4,34
153214,153249,153253,4,35
153214,153249,153253,4,35
153214,153249,153253,4,35
153214,153249,153253,4,35
153214,153249,153252,3,35
153214,153249,153253,4,35
153214,153249,153253,4,35
153214,153249,153253,4,35
153214,153249,153254,5,35
153280,153280,153282,2,0
153280,153280,153282,2,0
153280,153280,153282,2,0
153280,153280,153282,2,0
153280,153280,153282,2,0
153280,153280,153282,2,0
153280,153280,153282,2,0
153280,153280,153282,2,0
153280,153280,153283,3,0
153280,153280,153283,3,0
153280,153280,153283,3,0
153280,153280,153284,4,0
153280,153280,153284,4,0
153280,153280,153283,3,0
153280,153280,153284,4,0
153280,153280,153284,4,0
153280,153280,153284,4,0
153280,153280,153284,4,0
153280,153280,153284,4,0
153280,153280,153284,4,0
153280,153280,153283,3,0
153280,153280,153283,3,0
153280,153280,153284,4,0
153280,153280,153284,4,0
153280,153280,153283,3,0
153280,153280,153284,4,0
153280,153280,153284,4,0
153280,153280,153284,4,0
153280,153280,153284,4,0
153280,153280,153283,3,0
153280,153280,153284,4,0
153280,153280,153284,4,0
153280,153280,153284,4,0
153280,153280,153284,4,0
153280,153280,153283,3,0
153280,153280,153284,4,0
153280,153280,153284,4,0
153280,153280,153284,4,0
153280,153280,153284,4,0
153280,153280,153284,4,0
153280,153280,153285,5,0
153280,153280,153285,5,0
153280,153280,153284,4,0
153280,153282,153285,3,2
153280,153280,153285,5,0
153280,153280,153284,4,0
153280,153280,153285,5,0
153280,153282,153285,3,2
153280,153280,153284,4,0
153280,153280,153285,5,0
153280,153282,153285,3,2
153280,153280,153284,4,0
153280,153280,153284,4,0
153280,153280,153285,5,0
153280,153280,153284,4,0
153280,153280,153284,4,0
153280,153280,153284,4,0
153280,153280,153285,5,0
153280,153280,153285,5,0
153280,153280,153285,5,0
153280,153280,153285,5,0
153280,153280,153285,5,0
153280,153280,153285,5,0
153280,153280,153286,6,0
153280,153282,153286,4,2
153280,153282,153286,4,2
153280,153282,153286,4,2
153280,153285,153286,1,5
153280,153285,153286,1,5
153280,153285,153287,2,5
153280,153282,153286,4,2
153280,153285,153287,2,5
153280,153284,153287,3,4
153280,153284,153287,3,4
153280,153284,153287,3,4
153280,153284,153287,3,4
153280,153283,153287,4,3
153280,153285,153288,3,5
153280,153285,153287,2,5
153280,153285,153287,2,5
153280,153284,153288,4,4
153280,153285,153287,2,5
153280,153283,153287,4,3
153280,153283,153287,4,3
153280,153284,153288,4,4
153280,153284,153288,4,4
153280,153284,153288,4,4
153280,153284,153288,4,4
153280,153285,153288,3,5
153280,153285,153288,3,5
153280,153285,153288,3,5
153280,153284,153288,4,4
153280,153285,153288,3,5
153280,153286,153288,2,6
153280,153284,153288,4,4
153280,153285,153288,3,5
153280,153286,153288,2,6
153280,153286,153288,2,6
153280,153285,153288,3,5
153280,153285,153288,3,5
153280,153286,153288,2,6
153280,153286,153288,2,6
153280,153286,153288,2,6
153280,153284,153288,4,4
153280,153286,153289,3,6
153280,153285,153288,3,5
153280,153286,153289,3,6
153280,153286,153288,2,6
153280,153286,153289,3,6
153280,153286,153289,3,6
153280,153286,153289,3,6
153280,153284,153289,5,4
153280,153286,153289,3,6
153280,153284,153289,5,4
153280,153286,153289,3,6
153280,153286,153289,3,6
153280,153286,153289,3,6
153280,153288,153290,2,8
153280,153286,153289,3,6
153280,153287,153290,3,7
153280,153288,153289,1,8
153280,153288,153289,1,8
153280,153286,153290,4,6
153280,153288,153290,2,8
153280,153289,153290,1,9
153280,153289,153291,2,9
153280,153288,153291,3,8
153280,153287,153290,3,7
153280,153288,153291,3,8
153280,153287,153290,3,7
153280,153288,153291,3,8
153280,153287,153290,3,7
153280,153287,153290,3,7
153280,153287,153291,4,7
153280,153288,153291,3,8
153280,153289,153291,2,9
153280,153289,153291,2,9
153280,153287,153291,4,7
153280,153287,153291,4,7
153280,153289,153292,3,9
153280,153288,153292,4,8
153280,153289,153291,2,9
153280,153289,153291,2,9
153280,153289,153291,2,9
153280,153289,153291,2,9
153280,153289,153292,3,9
153280,153289,153292,3,9
153280,153288,153291,3,8
153280,153288,153291,3,8
153280,153290,153292,2,10
153280,153290,153292,2,10
153280,153287,153292,5,7
153280,153288,153292,4,8
153280,153289,153292,3,9
153280,153289,153292,3,9
153280,153288,153292,4,8
153280,153289,153292,3,9
153280,153290,153293,3,10
153280,153290,153293,3,10
153280,153290,153293,3,10
153280,153289,153292,3,9
153280,153290,153293,3,10
153280,153289,153292,3,9
153280,153289,153293,4,9
153280,153289,153293,4,9
153280,153290,153293,3,10
153280,153290,153292,2,10
153280,153290,153292,2,10
153280,153290,153293,3,10
153280,153289,153293,4,9
153280,153291,153293,2,11
153280,153291,153294,3,11
153280,153291,153294,3,11
153280,153290,153293,3,10
153280,153291,153294,3,11
153280,153291,153293,2,11
153280,153289,153294,5,9
153280,153289,153293,4,9
153280,153290,153294,4,10
153280,153290,153294,4,10
153280,153291,153293,2,11
153280,153291,153294,3,11
153280,153291,153294,3,11
153280,153292,153294,2,12
153280,153292,153294,2,12
153280,153292,153295,3,12
153280,153292,153294,2,12
153280,153292,153294,2,12
153280,153290,153294,4,10
153280,153292,153294,2,12
153280,153292,153295,3,12
153280,153292,153295,3,12
153280,153292,153295,3,12
153280,153291,153295,4,11
153280,153292,153295,3,12
153280,153291,153295,4,11
153280,153291,153295,4,11
153280,153293,153295,2,13
153280,153293,153295,2,13
153280,153293,153295,2,13
153280,153292,153295,3,12
153280,153292,153296,4,12
153280,153293,153296,3,13
153280,153293,153296,3,13
153280,153292,153295,3,12
153280,153292,153296,4,12
153280,153292,153296,4,12
153280,153293,153296,3,13
153280,153293,153296,3,13
153280,153292,153295,3,12
153280,153293,153295,2,13
153280,153293,153295,2,13
153280,153291,153295,4,11
153280,153293,153296,3,13
153280,153292,153295,3,12
153280,153293,153296,3,13
153280,153293,153296,3,13
153280,153293,153296,3,13
153280,153294,153297,3,14
153280,153294,153297,3,14
153280,153294,153297,3,14
153280,153294,153297,3,14
153280,153294,153297,3,14
153280,153294,153297,3,14
153280,153294,153297,3,14
153280,153294,153297,3,14
153280,153293,153296,3,13
153280,153294,153297,3,14
153280,153294,153296,2,14
153280,153293,153297,4,13
153280,153293,153297,4,13
153280,153294,153296,2,14
153280,153293,153297,4,13
153280,153295,153299,4,15
153280,153297,153298,1,17
153280,153297,153298,1,17
153280,153297,153298,1,17
153280,153297,153298,1,17
153280,153295,153299,4,15
153280,153296,153299,3,16
153280,153296,153299,3,16
153280,153296,153299,3,16
153280,153296,153299,3,16
153280,153296,153299,3,16
153280,153296,153299,3,16
153280,153297,153299,2,17
153280,153295,153299,4,15
153280,153296,153299,3,16
153280,153297,153299,2,17
153280,153298,153299,1,18
153280,153298,153299,1,18
153280,153295,153300,5,15
153280,153295,153300,5,15
153280,153295,153299,4,15
153280,153295,153299,4,15
153280,153295,153300,5,15
153280,153296,153300,4,16
153280,153295,153300,5,15
153280,153295,153300,5,15
153280,153296,153300,4,16
153280,153296,153300,4,16
153280,153297,153300,3,17
153280,153297,153300,3,17
153280,153296,153300,4,16
153280,153296,153300,4,16
153280,153296,153300,4,16
153280,153297,153300,3,17
153280,153296,153300,4,16
153280,153297,153300,3,17
153280,153296,153300,4,16
153280,153294,153300,6,14
153280,153294,153300,6,14
153280,153295,153300,5,15
153280,153299,153301,2,19
153280,153299,153301,2,19
153280,153295,153300,5,15
153280,153295,153300,5,15
153280,153299,153301,2,19
153280,153296,153301,5,16
153280,153296,153301,5,16
153280,153297,153300,3,17
153280,153295,153301,6,15
153280,153295,153301,6,15
153280,153296,153301,5,16
153280,153297,153301,4,17
153280,153297,153301,4,17
153280,153297,153301,4,17
153280,153295,153301,6,15
153280,153299,153302,3,19
153280,153300,153302,2,20
153280,153300,153303,3,20
153280,153300,153303,3,20
153280,153301,153303,2,21
153280,153301,153304,3,21
153280,153299,153304,5,19
153280,153300,153303,3,20
153280,153300,153304,4,20
153280,153300,153303,3,20
153280,153297,153303,6,17
153280,153300,153303,3,20
153280,153301,153304,3,21
153280,153299,153303,4,19
153280,153300,153304,4,20
153280,153297,153304,7,17
153280,153300,153304,4,20
153280,153301,153304,3,21
153280,153301,153304,3,21
153280,153301,153304,3,21
153280,153301,153304,3,21
153280,153301,153304,3,21
153280,153301,153304,3,21
153280,153301,153305,4,21
153280,153301,153304,3,21
153280,153300,153304,4,20
153280,153301,153304,3,21
153280,153302,153304,2,22
153280,153300,153304,4,20
153280,153300,153304,4,20
153280,153300,153304,4,20
153280,153301,153305,4,21
153280,153302,153305,3,22
153280,153300,153304,4,20
153280,153301,153304,3,21
153280,153301,153305,4,21
153280,153300,153304,4,20
153280,153301,153305,4,21
153280,153300,153304,4,20
153280,153302,153305,3,22
153280,153300,153305,5,20
153280,153301,153305,4,21
153280,153301,153304,3,21
153280,153301,153305,4,21
153280,153302,153305,3,22
153280,153302,153306,4,22
153280,153302,153305,3,22
153280,153302,153305,3,22
153280,153301,153305,4,21
153280,153301,153305,4,21
153280,153302,153306,4,22
153280,153301,153305,4,21
153280,153301,153305,4,21
153280,153301,153305,4,21
153280,153300,153305,5,20
153280,153282,153286,4,2
153280,153284,153288,4,4
153280,153284,153288,4,4
153280,153285,153288,3,5
153280,153285,153288,3,5
153280,153303,153307,4,23
153280,153304,153307,3,24
153280,153303,153307,4,23
153280,153304,153307,3,24
153280,153304,153307,3,24
153280,153304,153307,3,24
153280,153304,153308,4,24
153280,153304,153308,4,24
153280,153304,153307,3,24
153280,153304,153307,3,24
153280,153307,153309,2,27
153280,153307,153309,2,27
152439,152446,153312,866,7
153333,153334,153336,2,1
153333,153334,153336,2,1
153333,153334,153336,2,1
153333,153334,153337,3,1
153333,153334,153336,2,1
153333,153334,153337,3,1
153333,153334,153336,2,1
153333,153334,153337,3,1
153333,153334,153337,3,1
153333,153334,153337,3,1
153333,153334,153337,3,1
153333,153334,153338,4,1
153333,153334,153337,3,1
153333,153334,153337,3,1
153333,153334,153338,4,1
153333,153334,153337,3,1
153333,153334,153338,4,1
153333,153334,153337,3,1
153333,153334,153338,4,1
153333,153334,153337,3,1
153333,153334,153338,4,1
153333,153334,153338,4,1
153333,153334,153337,3,1
153333,153334,153337,3,1
153333,153334,153337,3,1
153333,153334,153337,3,1
153333,153334,153338,4,1
153333,153334,153338,4,1
153333,153334,153338,4,1
153333,153334,153337,3,1
153333,153336,153338,2,3
153333,153334,153337,3,1
153333,153334,153337,3,1
153333,153334,153338,4,1
153333,153334,153338,4,1
153333,153334,153337,3,1
153333,153334,153338,4,1
153333,153334,153337,3,1
153333,153334,153337,3,1
153333,153334,153337,3,1
153333,153334,153339,5,1
153333,153334,153338,4,1
153333,153334,153338,4,1
153333,153334,153338,4,1
153333,153334,153338,4,1
153333,153334,153338,4,1
153333,153334,153338,4,1
153333,153334,153338,4,1
153333,153334,153339,5,1
153333,153334,153338,4,1
153333,153334,153339,5,1
153333,153334,153338,4,1
153333,153334,153338,4,1
153333,153334,153339,5,1
153333,153334,153338,4,1
153333,153334,153338,4,1
153333,153334,153339,5,1
153333,153334,153338,4,1
153333,153334,153338,4,1
153333,153334,153338,4,1
153333,153334,153338,4,1
153333,153334,153339,5,1
153333,153337,153339,2,4
153333,153337,153340,3,4
153333,153337,153340,3,4
153333,153337,153340,3,4
153333,153337,153340,3,4
153333,153337,153339,2,4
153333,153337,153340,3,4
153333,153337,153340,3,4
153333,153338,153341,3,5
153333,153338,153340,2,5
153333,153338,153341,3,5
153333,153337,153340,3,4
153333,153338,153341,3,5
153333,153338,153340,2,5
153333,153338,153341,3,5
153333,153338,153341,3,5
153333,153338,153341,3,5
153333,153338,153341,3,5
153333,153338,153341,3,5
153333,153338,153341,3,5
153333,153338,153342,4,5
153333,153338,153342,4,5
153333,153339,153341,2,6
153333,153339,153342,3,6
153333,153339,153341,2,6
153333,153338,153341,3,5
153333,153339,153341,2,6
153333,153339,153342,3,6
153333,153339,153342,3,6
153333,153339,153341,2,6
153333,153339,153341,2,6
153333,153338,153342,4,5
153333,153338,153341,3,5
153333,153338,153342,4,5
153333,153338,153342,4,5
153333,153338,153342,4,5
153333,153339,153342,3,6
153333,153338,153342,4,5
153333,153338,153341,3,5
153333,153338,153342,4,5
153333,153339,153342,3,6
153333,153339,153342,3,6
153333,153339,153342,3,6
153333,153338,153341,3,5
153333,153338,153341,3,5
153333,153339,153342,3,6
153333,153339,153342,3,6
153333,153339,153342,3,6
153333,153339,153342,3,6
153333,153339,153342,3,6
153333,153339,153342,3,6
153333,153339,153342,3,6
153333,153338,153342,4,5
153333,153339,153343,4,6
153333,153342,153344,2,9
153333,153342,153344,2,9
153333,153342,153344,2,9
153333,153339,153344,5,6
153333,153343,153344,1,10
153333,153343,153345,2,10
153333,153343,153344,1,10
153333,153343,153344,1,10
153333,153343,153344,1,10
153333,153340,153345,5,7
153333,153341,153344,3,8
153333,153342,153344,2,9
153333,153340,153345,5,7
153333,153341,153345,4,8
153333,153341,153345,4,8
153333,153341,153345,4,8
153333,153342,153345,3,9
153333,153339,153345,6,6
153333,153341,153345,4,8
153333,153341,153345,4,8
153333,153342,153345,3,9
153333,153340,153345,5,7
153333,153341,153345,4,8
153333,153341,153345,4,8
153333,153342,153345,3,9
153333,153340,153345,5,7
153333,153343,153344,1,10
153333,153343,153345,2,10
153333,153342,153345,3,9
153333,153342,153345,3,9
153333,153340,153345,5,7
153333,153341,153345,4,8
153333,153342,153346,4,9
153333,153342,153346,4,9
153333,153342,153345,3,9
153333,153342,153346,4,9
153333,153342,153345,3,9
153333,153342,153346,4,9
153333,153342,153345,3,9
153333,153342,153346,4,9
153333,153342,153346,4,9
153333,153341,153345,4,8
153333,153342,153346,4,9
153333,153342,153346,4,9
153333,153341,153346,5,8
153333,153344,153346,2,11
153333,153341,153346,5,8
153333,153341,153346,5,8
153333,153342,153346,4,9
153333,153342,153346,4,9
153333,153342,153347,5,9
153333,153342,153347,5,9
153333,153342,153347,5,9
153333,153342,153347,5,9
153333,153345,153348,3,12
153333,153344,153348,4,11
153333,153345,153348,3,12
153333,153346,153349,3,13
153333,153342,153348,6,9
153333,153346,153348,2,13
153333,153346,153348,2,13
153333,153345,153348,3,12
153333,153344,153349,5,11
153333,153345,153349,4,12
153333,153345,153349,4,12
153333,153347,153349,2,14
153333,153344,153349,5,11
153333,153346,153349,3,13
153333,153346,153350,4,13
153333,153345,153349,4,12
153333,153345,153349,4,12
153333,153345,153349,4,12
153333,153346,153350,4,13
153333,153346,153350,4,13
153333,153346,153350,4,13
153333,153346,153349,3,13
153333,153346,153350,4,13
153333,153346,153350,4,13
153333,153346,153350,4,13
153333,153346,153350,4,13
153333,153346,153350,4,13
153333,153345,153350,5,12
153333,153345,153350,5,12
153333,153345,153350,5,12
153333,153345,153350,5,12
153333,153345,153350,5,12
153333,153345,153350,5,12
153333,153345,153350,5,12
153333,153347,153350,3,14
153333,153347,153350,3,14
153333,153345,153350,5,12
153333,153347,153350,3,14
153333,153345,153350,5,12
153333,153347,153350,3,14
153333,153347,153351,4,14
153333,153346,153350,4,13
153333,153346,153350,4,13
153333,153347,153350,3,14
153333,153347,153350,3,14
153333,153346,153350,4,13
153333,153346,153350,4,13
153333,153347,153351,4,14
153333,153346,153351,5,13
153333,153346,153351,5,13
153333,153348,153352,4,15
153333,153345,153351,6,12
153333,153348,153351,3,15
153333,153347,153351,4,14
153333,153348,153352,4,15
153333,153349,153352,3,16
153333,153349,153353,4,16
153333,153349,153352,3,16
153333,153349,153352,3,16
153333,153349,153353,4,16
153333,153349,153352,3,16
153333,153349,153352,3,16
153333,153350,153353,3,17
153333,153338,153341,3,5
153333,153338,153341,3,5
153333,153338,153341,3,5
153333,153338,153341,3,5
153333,153338,153342,4,5
153333,153359,153363,4,26
153333,153359,153363,4,26
152446,152467,153366,899,21
152450,152467,153367,900,17
153385,153385,153388,3,0
153385,153385,153388,3,0
153385,153385,153387,2,0
153385,153385,153388,3,0
153385,153385,153388,3,0
153385,153385,153388,3,0
153385,153385,153388,3,0
153385,153385,153388,3,0
153385,153385,153388,3,0
153385,153385,153388,3,0
153385,153385,153389,4,0
153385,153385,153389,4,0
153385,153385,153389,4,0
153385,153385,153388,3,0
153385,153385,153389,4,0
153385,153385,153389,4,0
153385,153385,153389,4,0
153385,153385,153389,4,0
153385,153385,153389,4,0
153385,153385,153389,4,0
153385,153385,153389,4,0
153385,153385,153389,4,0
153385,153385,153389,4,0
153385,153385,153389,4,0
153385,153385,153389,4,0
153385,153385,153389,4,0
153385,153385,153389,4,0
153385,153385,153389,4,0
153385,153385,153389,4,0
153385,153385,153389,4,0
153385,153385,153389,4,0
153385,153385,153389,4,0
153385,153385,153389,4,0
153385,153385,153388,3,0
153385,153385,153389,4,0
153385,153385,153389,4,0
153385,153385,153389,4,0
153385,153385,153389,4,0
153385,153385,153390,5,0
153385,153385,153390,5,0
153385,153385,153390,5,0
153385,153385,153390,5,0
153385,153385,153389,4,0
153385,153385,153390,5,0
153385,153385,153390,5,0
153385,153385,153390,5,0
153385,153385,153390,5,0
153385,153385,153390,5,0
153385,153385,153390,5,0
153385,153385,153390,5,0
153385,153385,153390,5,0
153385,153385,153390,5,0
153385,153385,153390,5,0
153385,153385,153390,5,0
153385,153385,153390,5,0
153385,153385,153390,5,0
153385,153385,153390,5,0
153385,153389,153391,2,4
153385,153389,153391,2,4
153385,153385,153391,6,0
153385,153388,153391,3,3
153385,153385,153391,6,0
153385,153388,153391,3,3
153385,153388,153391,3,3
153385,153388,153391,3,3
153385,153388,153391,3,3
153385,153389,153392,3,4
153385,153389,153392,3,4
153385,153389,153392,3,4
153385,153389,153392,3,4
153385,153389,153392,3,4
153385,153389,153392,3,4
153385,153388,153392,4,3
153385,153390,153392,2,5
153385,153391,153392,1,6
153385,153390,153392,2,5
153385,153389,153392,3,4
153385,153390,153393,3,5
153385,153391,153393,2,6
153385,153390,153393,3,5
153385,153390,153393,3,5
153385,153390,153392,2,5
153385,153390,153392,2,5
153385,153391,153393,2,6
153385,153385,153393,8,0
153385,153389,153393,4,4
153385,153389,153393,4,4
153385,153391,153393,2,6
153385,153392,153393,1,7
153385,153389,153393,4,4
153385,153391,153393,2,6
153385,153391,153393,2,6
153385,153391,153394,3,6
153385,153391,153393,2,6
153385,153388,153393,5,3
153385,153391,153393,2,6
153385,153391,153393,2,6
153385,153391,153394,3,6
153385,153390,153393,3,5
153385,153390,153393,3,5
153385,153389,153393,4,4
153385,153390,153393,3,5
153385,153391,153393,2,6
153385,153391,153393,2,6
153385,153390,153393,3,5
153385,153391,153394,3,6
153385,153390,153394,4,5
153385,153392,153394,2,7
153385,153391,153394,3,6
153385,153391,153394,3,6
153385,153391,153394,3,6
153385,153392,153394,2,7
153385,153392,153394,2,7
153385,153392,153394,2,7
153385,153393,153395,2,8
153385,153393,153395,2,8
153385,153391,153394,3,6
153385,153392,153395,3,7
153385,153393,153394,1,8
153385,153390,153394,4,5
153385,153391,153394,3,6
153385,153393,153395,2,8
153385,153385,153395,10,0
153385,153392,153395,3,7
153385,153393,153396,3,8
153385,153393,153395,2,8
153385,153393,153395,2,8
153385,153392,153396,4,7
153385,153393,153395,2,8
153385,153392,153395,3,7
153385,153394,153396,2,9
153385,153393,153396,3,8
153385,153392,153395,3,7
153385,153393,153396,3,8
152508,152515,153396,881,7
153385,153388,153396,8,3
153385,153392,153396,4,7
153385,153393,153396,3,8
153385,153393,153396,3,8
153385,153393,153396,3,8
153385,153394,153396,2,9
153385,153394,153397,3,9
153385,153393,153397,4,8
153385,153394,153397,3,9
153385,153394,153396,2,9
153385,153394,153397,3,9
153385,153394,153397,3,9
153385,153393,153396,3,8
153385,153394,153397,3,9
153385,153393,153397,4,8
153385,153394,153397,3,9
153385,153393,153397,4,8
153385,153394,153397,3,9
153385,153394,153397,3,9
153385,153395,153397,2,10
153385,153395,153397,2,10
153385,153396,153398,2,11
153385,153394,153397,3,9
153385,153394,153398,4,9
153385,153394,153398,4,9
153385,153394,153397,3,9
153385,153394,153398,4,9
153385,153394,153397,3,9
153385,153394,153397,3,9
153385,153395,153398,3,10
153385,153394,153397,3,9
153385,153395,153398,3,10
153385,153395,153398,3,10
153385,153396,153398,2,11
153385,153396,153398,2,11
153385,153396,153398,2,11
153385,153394,153399,5,9
153385,153395,153399,4,10
153385,153395,153399,4,10
153385,153395,153399,4,10
153385,153395,153399,4,10
153385,153394,153399,5,9
153385,153395,153398,3,10
153385,153396,153399,3,11
153385,153395,153399,4,10
153385,153395,153398,3,10
153385,153395,153398,3,10
153385,153395,153399,4,10
153385,153395,153398,3,10
153385,153395,153398,3,10
153385,153397,153400,3,12
153385,153397,153400,3,12
153385,153396,153400,4,11
153385,153397,153400,3,12
153385,153397,153400,3,12
153385,153398,153400,2,13
153385,153396,153400,4,11
153385,153398,153400,2,13
153385,153396,153400,4,11
153385,153396,153399,3,11
153385,153397,153400,3,12
153385,153396,153400,4,11
153385,153396,153400,4,11
153385,153397,153400,3,12
153385,153396,153400,4,11
153385,153397,153400,3,12
153385,153397,153400,3,12
153385,153397,153400,3,12
153385,153399,153401,2,14
153385,153398,153400,2,13
153385,153397,153400,3,12
153385,153397,153400,3,12
153385,153397,153400,3,12
153385,153397,153400,3,12
153385,153398,153400,2,13
153385,153398,153401,3,13
153385,153397,153400,3,12
153385,153398,153401,3,13
153385,153397,153401,4,12
153385,153397,153401,4,12
153385,153398,153401,3,13
153385,153397,153401,4,12
153385,153398,153401,3,13
153385,153398,153401,3,13
153385,153398,153401,3,13
153385,153398,153401,3,13
153385,153398,153401,3,13
153385,153398,153401,3,13
153385,153398,153401,3,13
153385,153398,153401,3,13
153385,153398,153401,3,13
153385,153399,153401,2,14
153385,153399,153402,3,14
153385,153399,153402,3,14
153385,153399,153402,3,14
153385,153399,153402,3,14
153385,153399,153402,3,14
153385,153398,153401,3,13
153385,153399,153401,2,14
153385,153399,153401,2,14
153385,153399,153402,3,14
152581,152588,153400,812,7
153385,153385,153390,5,0
153385,153388,153392,4,3
153385,153388,153391,3,3
153385,153407,153410,3,22
153385,153407,153410,3,22
152526,152542,153427,885,16
153441,153442,153444,2,1
153441,153442,153445,3,1
153441,153442,153445,3,1
153441,153442,153444,2,1
153441,153442,153444,2,1
153441,153442,153445,3,1
153441,153442,153445,3,1
153441,153442,153445,3,1
153441,153442,153445,3,1
153441,153442,153446,4,1
153441,153442,153445,3,1
153441,153442,153446,4,1
153441,153442,153446,4,1
153441,153442,153445,3,1
153441,153442,153445,3,1
153441,153442,153446,4,1
153441,153442,153445,3,1
153441,153442,153446,4,1
153441,153442,153445,3,1
153441,153442,153446,4,1
153441,153442,153445,3,1
153441,153442,153446,4,1
153441,153442,153446,4,1
153441,153442,153445,3,1
153441,153442,153446,4,1
153441,153442,153445,3,1
153441,153442,153445,3,1
153441,153442,153446,4,1
153441,153442,153446,4,1
153441,153442,153446,4,1
153441,153442,153445,3,1
153441,153442,153445,3,1
153441,153442,153446,4,1
153441,153442,153445,3,1
153441,153442,153445,3,1
153441,153442,153445,3,1
153441,153442,153445,3,1
153441,153442,153446,4,1
153441,153442,153445,3,1
153441,153442,153446,4,1
153441,153442,153445,3,1
153441,153442,153447,5,1
153441,153442,153446,4,1
153441,153442,153446,4,1
153441,153442,153446,4,1
153441,153442,153446,4,1
153441,153442,153446,4,1
153441,153442,153446,4,1
153441,153442,153446,4,1
153441,153442,153446,4,1
153441,153442,153446,4,1
153441,153442,153446,4,1
153441,153442,153446,4,1
153441,153442,153446,4,1
153441,153442,153446,4,1
153441,153442,153446,4,1
153441,153442,153447,5,1
153441,153442,153446,4,1
153441,153442,153446,4,1
153441,153445,153447,2,4
153441,153442,153446,4,1
153441,153442,153446,4,1
153441,153442,153446,4,1
153441,153445,153447,2,4
153441,153442,153446,4,1
153441,153444,153447,3,3
153441,153442,153447,5,1
153441,153445,153447,2,4
153441,153445,153448,3,4
153441,153446,153449,3,5
153441,153446,153449,3,5
153441,153446,153449,3,5
153441,153446,153449,3,5
153441,153446,153449,3,5
153441,153446,153449,3,5
153441,153446,153449,3,5
153441,153446,153449,3,5
153441,153446,153449,3,5
153441,153446,153449,3,5
153441,153446,153450,4,5
153441,153446,153449,3,5
153441,153446,153450,4,5
153441,153446,153450,4,5
153441,153447,153449,2,6
153441,153446,153449,3,5
153441,153446,153449,3,5
153441,153447,153450,3,6
153441,153447,153450,3,6
153441,153446,153450,4,5
153441,153447,153450,3,6
153441,153447,153450,3,6
153441,153446,153449,3,5
153441,153446,153450,4,5
153441,153446,153450,4,5
153441,153446,153449,3,5
153441,153447,153450,3,6
153441,153447,153450,3,6
153441,153446,153450,4,5
153441,153447,153450,3,6
153441,153447,153450,3,6
153441,153447,153450,3,6
153441,153447,153450,3,6
153441,153446,153450,4,5
153441,153446,153450,4,5
153441,153447,153450,3,6
153441,153446,153450,4,5
153441,153446,153450,4,5
153441,153447,153450,3,6
153441,153446,153450,4,5
153441,153446,153450,4,5
153441,153446,153450,4,5
153441,153446,153450,4,5
153441,153446,153449,3,5
153441,153446,153450,4,5
153441,153447,153450,3,6
153441,153446,153450,4,5
153441,153446,153450,4,5
153441,153447,153450,3,6
153441,153447,153450,3,6
153441,153447,153451,4,6
153441,153446,153451,5,5
153441,153446,153451,5,5
153441,153447,153451,4,6
153441,153447,153451,4,6
153441,153447,153451,4,6
153441,153447,153451,4,6
153441,153447,153451,4,6
153441,153449,153451,2,8
153441,153449,153451,2,8
153441,153447,153451,4,6
153441,153447,153451,4,6
153441,153447,153451,4,6
153441,153447,153451,4,6
153441,153447,153452,5,6
153441,153449,153452,3,8
153441,153449,153453,4,8
153441,153449,153452,3,8
153441,153450,153452,2,9
153441,153450,153452,2,9
153441,153448,153452,4,7
153441,153449,153453,4,8
153441,153450,153452,2,9
153441,153450,153453,3,9
153441,153450,153453,3,9
153441,153449,153453,4,8
153441,153449,153453,4,8
153441,153449,153453,4,8
153441,153449,153453,4,8
153441,153450,153453,3,9
153441,153450,153453,3,9
153441,153450,153454,4,9
153441,153450,153453,3,9
153441,153450,153453,3,9
153441,153450,153454,4,9
153441,153450,153454,4,9
153441,153450,153454,4,9
153441,153450,153454,4,9
153441,153450,153454,4,9
153441,153450,153453,3,9
153441,153450,153454,4,9
153441,153450,153454,4,9
153441,153450,153454,4,9
153441,153450,153454,4,9
153441,153450,153454,4,9
153441,153450,153454,4,9
153441,153450,153454,4,9
153441,153450,153454,4,9
153441,153450,153454,4,9
153441,153450,153454,4,9
153441,153450,153454,4,9
153441,153450,153454,4,9
153441,153450,153454,4,9
153441,153450,153454,4,9
153441,153450,153454,4,9
153441,153450,153455,5,9
153441,153450,153454,4,9
153441,153450,153455,5,9
153441,153450,153455,5,9
153441,153451,153455,4,10
153441,153451,153455,4,10
153441,153451,153455,4,10
153441,153450,153455,5,9
153441,153452,153455,3,11
153441,153450,153455,5,9
153441,153452,153455,3,11
153441,153452,153455,3,11
153441,153452,153456,4,11
153441,153450,153455,5,9
153441,153452,153455,3,11
153441,153454,153456,2,13
153441,153452,153455,3,11
153441,153452,153455,3,11
153441,153452,153456,4,11
153441,153452,153455,3,11
153441,153452,153455,3,11
153441,153452,153455,3,11
153441,153452,153455,3,11
153441,153452,153455,3,11
153441,153453,153456,3,12
153441,153453,153456,3,12
153441,153455,153456,1,14
153441,153452,153456,4,11
153441,153452,153456,4,11
153441,153454,153457,3,13
153441,153454,153456,2,13
153441,153454,153456,2,13
153441,153454,153457,3,13
153441,153453,153456,3,12
153441,153453,153456,3,12
153441,153453,153456,3,12
153441,153453,153456,3,12
153441,153453,153457,4,12
153441,153454,153457,3,13
153441,153454,153457,3,13
153441,153454,153457,3,13
153441,153453,153457,4,12
153441,153455,153457,2,14
153441,153455,153457,2,14
153441,153455,153457,2,14
153441,153453,153457,4,12
153441,153455,153457,2,14
153441,153455,153457,2,14
153441,153455,153457,2,14
153441,153454,153457,3,13
153441,153455,153457,2,14
153441,153455,153458,3,14
153441,153455,153457,2,14
153441,153454,153457,3,13
153441,153455,153457,2,14
153441,153455,153457,2,14
153441,153454,153458,4,13
153441,153455,153457,2,14
153441,153455,153457,2,14
153441,153454,153457,3,13
153441,153455,153458,3,14
153451,153456,153458,2,5
153441,153455,153458,3,14
153441,153455,153458,3,14
153451,153456,153458,2,5
153451,153456,153458,2,5
153451,153456,153459,3,5
153451,153456,153458,2,5
153451,153457,153458,1,6
153451,153456,153458,2,5
153451,153456,153458,2,5
153451,153457,153459,2,6
153441,153455,153458,3,14
153441,153455,153458,3,14
153451,153457,153459,2,6
153441,153455,153458,3,14
153451,153456,153458,2,5
153451,153456,153458,2,5
153451,153456,153458,2,5
153451,153456,153458,2,5
153451,153456,153458,2,5
153451,153456,153460,4,5
153451,153456,153459,3,5
153451,153456,153459,3,5
153451,153456,153459,3,5
153451,153456,153459,3,5
153451,153456,153459,3,5
153451,153456,153459,3,5
153451,153456,153459,3,5
153451,153456,153460,4,5
153451,153457,153459,2,6
153451,153457,153460,3,6
153451,153458,153461,3,7
153451,153458,153460,2,7
153451,153458,153461,3,7
153451,153458,153461,3,7
153451,153458,153461,3,7
153451,153458,153461,3,7
153451,153458,153461,3,7
153451,153458,153460,2,7
153451,153458,153460,2,7
153451,153458,153460,2,7
153451,153458,153461,3,7
153451,153457,153461,4,6
153451,153457,153461,4,6
153451,153457,153461,4,6
153451,153457,153460,3,6
153451,153458,153460,2,7
153451,153457,153461,4,6
153451,153457,153460,3,6
153451,153458,153460,2,7
153451,153456,153460,4,5
153451,153458,153461,3,7
152592,152592,153461,869,0
153451,153458,153461,3,7
153451,153458,153461,3,7
153451,153458,153461,3,7
153451,153459,153462,3,8
153451,153458,153461,3,7
153451,153459,153461,2,8
153451,153459,153461,2,8
153451,153459,153462,3,8
153451,153459,153462,3,8
153451,153458,153461,3,7
153451,153459,153462,3,8
153451,153459,153462,3,8
153451,153457,153461,4,6
153451,153458,153462,4,7
153451,153458,153461,3,7
153451,153458,153462,4,7
153451,153458,153461,3,7
153451,153458,153462,4,7
153451,153458,153461,3,7
153451,153459,153462,3,8
153451,153459,153462,3,8
153451,153459,153462,3,8
153451,153459,153462,3,8
153451,153459,153463,4,8
153451,153459,153462,3,8
153451,153459,153462,3,8
153451,153460,153463,3,9
153451,153460,153463,3,9
153451,153460,153463,3,9
153451,153459,153462,3,8
153451,153460,153463,3,9
153451,153460,153463,3,9
153451,153461,153463,2,10
153451,153459,153462,3,8
153451,153459,153463,4,8
153451,153459,153462,3,8
153451,153459,153462,3,8
153451,153461,153463,2,10
153451,153461,153463,2,10
153451,153461,153464,3,10
153451,153460,153463,3,9
153451,153460,153463,3,9
153451,153460,153463,3,9
153451,153461,153464,3,10
153451,153461,153463,2,10
153451,153460,153463,3,9
153451,153461,153464,3,10
153451,153461,153464,3,10
153451,153461,153464,3,10
153451,153461,153464,3,10
153451,153462,153464,2,11
153451,153460,153463,3,9
153451,153461,153464,3,10
153451,153461,153464,3,10
153451,153461,153464,3,10
153451,153461,153464,3,10
153451,153460,153464,4,9
153451,153461,153464,3,10
153451,153462,153464,2,11
153451,153462,153464,2,11
153451,153462,153464,2,11
153451,153462,153464,2,11
153451,153462,153464,2,11
153451,153461,153464,3,10
153451,153461,153464,3,10
153451,153462,153465,3,11
153451,153462,153464,2,11
153451,153462,153464,2,11
153451,153461,153464,3,10
153451,153461,153464,3,10
153451,153461,153464,3,10
153451,153462,153464,2,11
153451,153461,153464,3,10
153500,153500,153502,2,0
153500,153500,153502,2,0
153500,153500,153502,2,0
153500,153500,153503,3,0
153500,153500,153502,2,0
153500,153500,153503,3,0
153500,153500,153502,2,0
153500,153500,153503,3,0
153500,153500,153502,2,0
153500,153500,153503,3,0
153500,153500,153503,3,0
153500,153500,153502,2,0
153500,153500,153502,2,0
153500,153501,153503,2,1
153500,153500,153504,4,0
153500,153500,153503,3,0
153500,153500,153504,4,0
153500,153500,153504,4,0
153500,153500,153504,4,0
153500,153500,153504,4,0
153500,153500,153503,3,0
153500,153500,153504,4,0
153500,153500,153504,4,0
153500,153500,153503,3,0
153500,153500,153504,4,0
153500,153500,153504,4,0
153500,153500,153503,3,0
153500,153500,153504,4,0
153500,153501,153504,3,1
153500,153501,153504,3,1
153500,153501,153504,3,1
153500,153500,153503,3,0
153500,153500,153503,3,0
153500,153500,153504,4,0
153500,153500,153503,3,0
153500,153500,153504,4,0
153500,153500,153504,4,0
153500,153500,153504,4,0
153500,153500,153504,4,0
153500,153500,153504,4,0
153500,153500,153505,5,0
153500,153500,153504,4,0
153500,153500,153504,4,0
153500,153500,153504,4,0
153500,153500,153505,5,0
153500,153500,153504,4,0
153500,153500,153505,5,0
153500,153500,153505,5,0
153500,153501,153504,3,1
153500,153501,153504,3,1
153500,153500,153505,5,0
153500,153500,153505,5,0
153500,153500,153505,5,0
153500,153500,153504,4,0
153500,153500,153505,5,0
153500,153500,153504,4,0
153500,153500,153504,4,0
153500,153500,153505,5,0
153500,153500,153505,5,0
153500,153500,153504,4,0
153500,153500,153504,4,0
153500,153500,153506,6,0
153500,153500,153506,6,0
153500,153503,153506,3,3
153500,153504,153506,2,4
153500,153503,153506,3,3
153500,153504,153506,2,4
153500,153503,153507,4,3
153500,153503,153507,4,3
153500,153504,153507,3,4
153500,153504,153507,3,4
153500,153504,153507,3,4
153500,153503,153507,4,3
153500,153503,153507,4,3
153500,153504,153507,3,4
153500,153503,153506,3,3
153500,153503,153507,4,3
153500,153504,153507,3,4
153500,153503,153506,3,3
153500,153504,153507,3,4
153500,153503,153507,4,3
153500,153504,153507,3,4
153500,153503,153507,4,3
153500,153504,153507,3,4
153500,153504,153507,3,4
153500,153505,153507,2,5
153500,153504,153507,3,4
153500,153505,153508,3,5
153500,153504,153508,4,4
153500,153503,153507,4,3
153500,153504,153508,4,4
153500,153503,153508,5,3
153500,153504,153508,4,4
153500,153504,153508,4,4
153500,153505,153508,3,5
153500,153504,153508,4,4
153500,153505,153508,3,5
153500,153505,153508,3,5
153500,153505,153508,3,5
153500,153504,153508,4,4
153500,153504,153507,3,4
153500,153504,153507,3,4
153500,153504,153508,4,4
153500,153505,153508,3,5
153500,153505,153508,3,5
153500,153505,153508,3,5
153500,153504,153508,4,4
153500,153504,153508,4,4
153500,153505,153508,3,5
153500,153505,153508,3,5
153500,153505,153508,3,5
153500,153503,153508,5,3
153500,153504,153508,4,4
153500,153504,153508,4,4
153500,153506,153508,2,6
153500,153506,153508,2,6
153500,153505,153508,3,5
153500,153505,153508,3,5
153500,153505,153509,4,5
153500,153505,153509,4,5
153541,153542,153543,1,1
153541,153541,153544,3,0
153541,153541,153544,3,0
153541,153542,153544,2,1
153541,153542,153544,2,1
153541,153541,153544,3,0
153541,153542,153544,2,1
153541,153541,153544,3,0
153541,153541,153544,3,0
153541,153541,153544,3,0
153541,153541,153544,3,0
153541,153542,153544,2,1
153541,153542,153544,2,1
153541,153541,153544,3,0
153541,153542,153544,2,1
153541,153541,153544,3,0
153541,153542,153544,2,1
153541,153541,153545,4,0
153541,153541,153545,4,0
153541,153541,153546,5,0
153541,153541,153545,4,0
153541,153541,153545,4,0
153541,153541,153545,4,0
153541,153541,153545,4,0
153541,153541,153545,4,0
153541,153542,153545,3,1
153541,153541,153545,4,0
153541,153541,153545,4,0
153541,153541,153545,4,0
153541,153542,153545,3,1
153541,153541,153545,4,0
153541,153541,153545,4,0
153541,153542,153546,4,1
153541,153541,153546,5,0
153541,153541,153545,4,0
153541,153541,153545,4,0
153541,153541,153545,4,0
153541,153542,153545,3,1
153541,153541,153545,4,0
153541,153541,153545,4,0
153541,153541,153545,4,0
153541,153541,153546,5,0
153541,153541,153546,5,0
153541,153541,153546,5,0
153541,153541,153546,5,0
153541,153542,153546,4,1
153541,153542,153546,4,1
153541,153541,153546,5,0
153541,153541,153547,6,0
153541,153542,153546,4,1
153541,153541,153546,5,0
153541,153541,153546,5,0
153541,153541,153546,5,0
153541,153542,153546,4,1
153541,153542,153546,4,1
153541,153542,153546,4,1
153541,153541,153546,5,0
153541,153542,153546,4,1
153541,153545,153548,3,4
153541,153546,153548,2,5
153541,153546,153548,2,5
153541,153545,153547,2,4
153541,153545,153547,2,4
153541,153541,153547,6,0
153541,153545,153547,2,4
153541,153545,153547,2,4
153541,153545,153547,2,4
153541,153545,153547,2,4
153541,153545,153547,2,4
153541,153545,153548,3,4
153541,153546,153549,3,5
153541,153545,153549,4,4
153541,153545,153548,3,4
153541,153546,153548,2,5
153541,153546,153548,2,5
153541,153546,153549,3,5
153541,153545,153548,3,4
153541,153545,153548,3,4
153541,153546,153548,2,5
153541,153546,153549,3,5
153541,153545,153548,3,4
153541,153546,153548,2,5
153541,153547,153549,2,6
153541,153545,153549,4,4
153541,153545,153548,3,4
153541,153546,153549,3,5
153541,153546,153549,3,5
153541,153546,153549,3,5
153541,153546,153549,3,5
153541,153546,153549,3,5
153541,153547,153550,3,6
153541,153546,153549,3,5
153541,153547,153549,2,6
153541,153547,153549,2,6
153541,153547,153550,3,6
153541,153547,153549,2,6
153541,153546,153549,3,5
153541,153546,153549,3,5
153541,153547,153550,3,6
153541,153546,153549,3,5
153541,153547,153549,2,6
153541,153547,153550,3,6
153541,153547,153549,2,6
153541,153546,153549,3,5
153541,153546,153549,3,5
153541,153547,153549,2,6
153541,153546,153549,3,5
153541,153547,153550,3,6
153541,153546,153549,3,5
153541,153547,153549,2,6
153541,153547,153550,3,6
153541,153547,153549,2,6
153541,153547,153550,3,6
153541,153547,153550,3,6
153541,153541,153546,5,0
153541,153541,153546,5,0
153541,153542,153546,4,1
153541,153544,153547,3,3
153541,153563,153566,3,22
153541,153563,153566,3,22
152675,152682,153574,892,7
153593,153594,153596,2,1
153593,153594,153595,1,1
153593,153594,153596,2,1
153593,153594,153596,2,1
153593,153594,153596,2,1
153593,153594,153596,2,1
153593,153594,153596,2,1
153593,153594,153596,2,1
153593,153594,153596,2,1
153593,153594,153596,2,1
153593,153594,153596,2,1
153593,153594,153596,2,1
153593,153594,153596,2,1
153593,153594,153596,2,1
153593,153594,153596,2,1
153593,153594,153597,3,1
153593,153594,153596,2,1
153593,153594,153597,3,1
153593,153594,153596,2,1
153593,153594,153598,4,1
153593,153594,153598,4,1
153593,153594,153598,4,1
153593,153594,153597,3,1
153593,153594,153597,3,1
153593,153594,153597,3,1
153593,153594,153597,3,1
153593,153594,153598,4,1
153593,153594,153597,3,1
153593,153594,153598,4,1
153593,153594,153597,3,1
153593,153594,153597,3,1
153593,153594,153598,4,1
153593,153594,153597,3,1
153593,153594,153597,3,1
153593,153594,153597,3,1
153593,153594,153598,4,1
153593,153594,153598,4,1
153593,153594,153598,4,1
153593,153594,153597,3,1
153593,153594,153599,5,1
153593,153594,153598,4,1
153593,153594,153598,4,1
153593,153594,153598,4,1
153593,153594,153598,4,1
153593,153594,153598,4,1
153593,153594,153598,4,1
153593,153594,153598,4,1
153593,153594,153598,4,1
153593,153594,153598,4,1
153593,153594,153598,4,1
153593,153594,153598,4,1
153593,153594,153598,4,1
153593,153594,153598,4,1
153593,153594,153598,4,1
153593,153594,153598,4,1
153593,153597,153599,2,4
153593,153594,153599,5,1
153593,153594,153599,5,1
153593,153597,153599,2,4
153593,153597,153598,1,4
153593,153594,153598,4,1
153593,153594,153598,4,1
153593,153597,153599,2,4
153593,153594,153599,5,1
153593,153597,153599,2,4
153593,153597,153599,2,4
153593,153597,153599,2,4
153593,153597,153599,2,4
153593,153597,153600,3,4
153593,153597,153600,3,4
153593,153597,153600,3,4
153593,153596,153599,3,3
153593,153596,153600,4,3
153593,153597,153599,2,4
153593,153597,153600,3,4
153593,153597,153601,4,4
153593,153598,153601,3,5
153593,153597,153600,3,4
153593,153598,153601,3,5
153593,153599,153601,2,6
153593,153598,153601,3,5
153593,153598,153600,2,5
153593,153598,153600,2,5
153593,153596,153600,4,3
153593,153598,153600,2,5
153593,153598,153600,2,5
153593,153598,153600,2,5
153593,153598,153601,3,5
153593,153598,153600,2,5
153593,153598,153601,3,5
153593,153598,153600,2,5
153593,153598,153601,3,5
153593,153597,153601,4,4
153593,153598,153601,3,5
153593,153599,153601,2,6
153593,153599,153602,3,6
153593,153598,153602,4,5
153593,153598,153601,3,5
153593,153598,153601,3,5
153593,153598,153601,3,5
153593,153599,153602,3,6
153593,153599,153601,2,6
153593,153599,153602,3,6
153593,153599,153602,3,6
153593,153598,153602,4,5
153593,153598,153601,3,5
153593,153599,153602,3,6
153593,153599,153601,2,6
153593,153599,153601,2,6
153593,153599,153602,3,6
153593,153599,153601,2,6
153593,153599,153602,3,6
153593,153599,153602,3,6
153593,153599,153602,3,6
153593,153599,153602,3,6
153593,153599,153602,3,6
153593,153599,153603,4,6
153593,153599,153603,4,6
153593,153599,153602,3,6
153593,153599,153603,4,6
152729,152736,153637,901,7
153640,153641,153643,2,1
153640,153641,153642,1,1
153640,153641,153642,1,1
153640,153641,153643,2,1
153640,153641,153643,2,1
153640,153641,153643,2,1
153640,153641,153643,2,1
153640,153641,153644,3,1
153640,153641,153643,2,1
153640,153641,153644,3,1
153640,153641,153643,2,1
153640,153641,153644,3,1
153640,153641,153644,3,1
153640,153641,153643,2,1
153640,153641,153643,2,1
153640,153641,153643,2,1
153640,153641,153644,3,1
153640,153641,153644,3,1
153640,153641,153644,3,1
153640,153641,153645,4,1
153640,153641,153644,3,1
153640,153641,153644,3,1
153640,153641,153644,3,1
153640,153641,153644,3,1
153640,153641,153645,4,1
153640,153641,153644,3,1
153640,153641,153644,3,1
153640,153641,153645,4,1
153640,153641,153644,3,1
153640,153641,153644,3,1
153640,153641,153644,3,1
153640,153641,153644,3,1
153640,153641,153645,4,1
153640,153641,153644,3,1
153640,153642,153645,3,2
153640,153641,153645,4,1
153640,153641,153645,4,1
153640,153641,153645,4,1
153640,153641,153645,4,1
153640,153641,153645,4,1
153640,153641,153645,4,1
153640,153641,153646,5,1
153640,153641,153645,4,1
153640,153643,153647,4,3
153640,153645,153647,2,5
153640,153645,153647,2,5
153640,153643,153646,3,3
153640,153643,153647,4,3
153640,153644,153646,2,4
153640,153645,153647,2,5
153640,153645,153647,2,5
153640,153642,153646,4,2
153640,153644,153647,3,4
153640,153645,153647,2,5
153640,153644,153648,4,4
153640,153644,153647,3,4
153640,153645,153647,2,5
153640,153644,153648,4,4
153640,153644,153647,3,4
153640,153645,153647,2,5
153640,153643,153647,4,3
153640,153644,153648,4,4
153640,153644,153647,3,4
153640,153645,153648,3,5
153640,153645,153647,2,5
153640,153644,153648,4,4
153640,153644,153648,4,4
153640,153646,153648,2,6
153640,153646,153649,3,6
153640,153646,153648,2,6
153640,153645,153648,3,5
153640,153646,153648,2,6
153640,153646,153648,2,6
153640,153646,153649,3,6
153640,153644,153649,5,4
153640,153645,153648,3,5
153640,153645,153648,3,5
153640,153644,153649,5,4
153640,153645,153648,3,5
153640,153645,153649,4,5
153640,153645,153649,4,5
153640,153647,153649,2,7
153640,153647,153650,3,7
153640,153647,153650,3,7
153640,153647,153649,2,7
153640,153645,153649,4,5
153640,153647,153650,3,7
153640,153647,153649,2,7
153640,153646,153650,4,6
153640,153647,153649,2,7
153640,153647,153650,3,7
153640,153648,153651,3,8
153640,153646,153650,4,6
153640,153648,153650,2,8
153640,153648,153651,3,8
153640,153648,153651,3,8
153640,153648,153651,3,8
153640,153648,153651,3,8
153640,153648,153651,3,8
153640,153648,153651,3,8
153640,153648,153651,3,8
153640,153648,153651,3,8
153640,153648,153651,3,8
153640,153648,153651,3,8
153640,153648,153651,3,8
153640,153648,153652,4,8
153640,153641,153645,4,1
153640,153641,153645,4,1
153640,153641,153645,4,1
153640,153656,153659,3,16
153640,153656,153659,3,16
153640,153656,153659,3,16
153640,153656,153660,4,16
153640,153656,153660,4,16
153640,153656,153661,5,16
153640,153656,153661,5,16
153640,153659,153662,3,19
153640,153659,153662,3,19
153640,153642,153664,22,2
153640,153648,153666,18,8
152866,152872,153741,869,6
153744,153744,153746,2,0
153744,153744,153746,2,0
153744,153744,153747,3,0
153744,153744,153747,3,0
153744,153744,153747,3,0
153744,153744,153747,3,0
153744,153744,153747,3,0
153744,153744,153747,3,0
153744,153744,153747,3,0
153744,153745,153747,2,1
153744,153744,153747,3,0
153744,153744,153748,4,0
153744,153744,153748,4,0
153744,153744,153748,4,0
153744,153744,153747,3,0
153744,153744,153747,3,0
153744,153744,153748,4,0
153744,153744,153748,4,0
153744,153744,153748,4,0
153744,153744,153748,4,0
153744,153744,153748,4,0
153744,153744,153748,4,0
153744,153745,153748,3,1
153744,153744,153748,4,0
153744,153745,153749,4,1
153744,153745,153749,4,1
153744,153745,153748,3,1
153744,153744,153748,4,0
153744,153744,153749,5,0
153744,153744,153748,4,0
153744,153746,153749,3,2
153744,153744,153748,4,0
153744,153744,153749,5,0
153744,153744,153749,5,0
153744,153744,153749,5,0
153744,153744,153749,5,0
153744,153744,153749,5,0
153744,153746,153749,3,2
153744,153745,153749,4,1
153744,153745,153749,4,1
153744,153745,153749,4,1
153744,153747,153750,3,3
153744,153747,153750,3,3
153744,153747,153751,4,3
153744,153747,153751,4,3
153744,153750,153751,1,6
153744,153750,153751,1,6
153744,153750,153751,1,6
153744,153747,153751,4,3
153744,153750,153751,1,6
153744,153748,153751,3,4
153744,153748,153751,3,4
153744,153750,153751,1,6
153744,153750,153751,1,6
153744,153748,153753,5,4
153744,153750,153752,2,6
153744,153748,153753,5,4
153744,153747,153752,5,3
153744,153747,153752,5,3
153744,153749,153752,3,5
153744,153749,153752,3,5
153744,153749,153752,3,5
153744,153749,153753,4,5
153744,153749,153752,3,5
153744,153748,153752,4,4
153744,153750,153753,3,6
153744,153750,153753,3,6
153744,153748,153753,5,4
153744,153749,153753,4,5
153744,153750,153753,3,6
153744,153748,153753,5,4
153744,153750,153753,3,6
153744,153749,153753,4,5
153744,153748,153753,5,4
153744,153750,153753,3,6
153744,153749,153753,4,5
153744,153750,153754,4,6
153744,153751,153755,4,7
153744,153752,153755,3,8
153744,153752,153755,3,8
153744,153752,153754,2,8
153744,153752,153754,2,8
153744,153753,153755,2,9
153744,153750,153754,4,6
153744,153751,153754,3,7
153744,153752,153754,2,8
153744,153752,153755,3,8
153744,153752,153754,2,8
153744,153750,153753,3,6
153744,153750,153753,3,6
153744,153752,153756,4,8
153744,153752,153755,3,8
153744,153752,153755,3,8
153744,153753,153755,2,9
153744,153753,153756,3,9
153744,153753,153756,3,9
153744,153753,153756,3,9
153744,153752,153755,3,8
153744,153753,153755,2,9
153744,153753,153755,2,9
153744,153753,153756,3,9
153744,153754,153756,2,10
153744,153754,153757,3,10
153744,153754,153757,3,10
153744,153753,153756,3,9
153744,153754,153756,2,10
153744,153754,153756,2,10
153744,153753,153756,3,9
153744,153754,153756,2,10
153744,153753,153757,4,9
153744,153753,153756,3,9
153744,153753,153757,4,9
153744,153755,153757,2,11
153744,153755,153757,2,11
153744,153754,153757,3,10
153744,153755,153757,2,11
153744,153745,153758,13,1
153744,153756,153759,3,12
153744,153745,153759,14,1
153744,153756,153759,3,12
152876,152883,153766,883,7
153798,153798,153800,2,0
153798,153798,153800,2,0
153798,153798,153800,2,0
153798,153798,153800,2,0
153798,153798,153800,2,0
153798,153798,153800,2,0
153798,153798,153801,3,0
153798,153798,153800,2,0
153798,153798,153801,3,0
153798,153798,153801,3,0
153798,153798,153801,3,0
153798,153798,153801,3,0
153798,153798,153802,4,0
153798,153798,153801,3,0
153798,153798,153801,3,0
153798,153798,153801,3,0
153798,153798,153801,3,0
153798,153798,153801,3,0
153798,153798,153801,3,0
153798,153798,153802,4,0
153798,153798,153801,3,0
153798,153798,153802,4,0
153798,153798,153801,3,0
153798,153798,153802,4,0
153798,153798,153802,4,0
153798,153798,153801,3,0
153798,153798,153801,3,0
153798,153798,153801,3,0
153798,153798,153801,3,0
153798,153798,153802,4,0
153798,153798,153802,4,0
153798,153798,153802,4,0
153798,153798,153802,4,0
153798,153798,153803,5,0
153798,153798,153802,4,0
153798,153798,153802,4,0
153798,153798,153802,4,0
153798,153798,153802,4,0
153798,153798,153802,4,0
153798,153798,153802,4,0
153798,153798,153802,4,0
153798,153800,153803,3,2
153798,153801,153804,3,3
153798,153801,153804,3,3
153798,153801,153804,3,3
153798,153801,153804,3,3
153798,153803,153804,1,5
153798,153803,153804,1,5
153798,153802,153805,3,4
153798,153802,153805,3,4
153798,153803,153804,1,5
153798,153803,153805,2,5
153798,153801,153805,4,3
153798,153801,153805,4,3
153798,153801,153805,4,3
153798,153803,153804,1,5
153798,153803,153805,2,5
153798,153802,153805,3,4
153798,153802,153805,3,4
153798,153802,153805,3,4
153798,153803,153806,3,5
153798,153803,153806,3,5
153798,153802,153806,4,4
153798,153803,153805,2,5
153798,153802,153805,3,4
153798,153802,153806,4,4
153798,153802,153806,4,4
153798,153802,153805,3,4
153798,153802,153806,4,4
153798,153802,153805,3,4
153798,153802,153805,3,4
153798,153802,153805,3,4
153798,153802,153805,3,4
153798,153802,153806,4,4
153798,153802,153805,3,4
153798,153802,153805,3,4
153798,153802,153805,3,4
153798,153802,153806,4,4
153798,153803,153806,3,5
153798,153803,153806,3,5
153798,153802,153806,4,4
153798,153803,153806,3,5
153798,153804,153807,3,6
153798,153804,153806,2,6
153798,153805,153807,2,7
153798,153805,153807,2,7
153798,153803,153806,3,5
153798,153804,153807,3,6
153798,153805,153808,3,7
153798,153805,153807,2,7
153798,153805,153807,2,7
153798,153805,153807,2,7
153798,153805,153807,2,7
153798,153805,153807,2,7
153798,153805,153808,3,7
153798,153805,153808,3,7
153798,153805,153808,3,7
153798,153805,153808,3,7
153798,153806,153808,2,8
153798,153806,153809,3,8
153798,153806,153808,2,8
153798,153806,153809,3,8
153798,153806,153809,3,8
153798,153806,153809,3,8
153798,153806,153809,3,8
153798,153806,153809,3,8
153798,153806,153809,3,8
153798,153805,153809,4,7
153798,153806,153809,3,8
153798,153805,153809,4,7
153798,153806,153808,2,8
153798,153806,153808,2,8
153798,153806,153809,3,8
153798,153806,153809,3,8
153798,153805,153809,4,7
153798,153806,153809,3,8
153798,153806,153809,3,8
153798,153806,153809,3,8
153798,153806,153809,3,8
153798,153806,153810,4,8
152952,152968,153829,861,16
152948,152958,153831,873,10
153842,153842,153845,3,0
153842,153842,153845,3,0
153842,153842,153845,3,0
153842,153843,153845,2,1
153842,153842,153845,3,0
153842,153842,153845,3,0
153842,153842,153845,3,0
153842,153843,153845,2,1
153842,153842,153846,4,0
153842,153843,153845,2,1
153842,153843,153846,3,1
153842,153842,153846,4,0
153842,153842,153846,4,0
153842,153842,153846,4,0
153842,153842,153846,4,0
153842,153842,153846,4,0
153842,153842,153846,4,0
153842,153842,153846,4,0
153842,153842,153846,4,0
153842,153842,153846,4,0
153842,153842,153846,4,0
153842,153843,153846,3,1
153842,153842,153846,4,0
153842,153842,153846,4,0
153842,153842,153846,4,0
153842,153843,153846,3,1
153842,153842,153846,4,0
153842,153843,153846,3,1
153842,153843,153846,3,1
153842,153843,153847,4,1
153842,153843,153847,4,1
153842,153843,153847,4,1
153842,153843,153847,4,1
153842,153843,153847,4,1
153842,153842,153847,5,0
153842,153842,153847,5,0
153842,153842,153847,5,0
153842,153842,153847,5,0
153842,153842,153847,5,0
153842,153842,153847,5,0
153842,153842,153848,6,0
153842,153842,153847,5,0
153842,153846,153848,2,4
153842,153846,153849,3,4
153842,153846,153848,2,4
153842,153848,153849,1,6
153842,153848,153849,1,6
153842,153848,153850,2,6
153842,153848,153849,1,6
153842,153846,153849,3,4
153842,153848,153849,1,6
153842,153848,153849,1,6
153842,153846,153849,3,4
153842,153846,153850,4,4
153842,153846,153849,3,4
153842,153847,153849,2,5
153842,153846,153849,3,4
153842,153848,153849,1,6
153842,153846,153849,3,4
153842,153847,153849,2,5
153842,153846,153850,4,4
153842,153847,153850,3,5
153842,153847,153849,2,5
153842,153847,153849,2,5
153842,153847,153850,3,5
153842,153847,153850,3,5
153842,153847,153850,3,5
153842,153847,153850,3,5
153842,153847,153851,4,5
153842,153847,153850,3,5
153842,153847,153851,4,5
153842,153847,153850,3,5
153842,153847,153850,3,5
153842,153847,153850,3,5
153842,153847,153850,3,5
153842,153847,153850,3,5
153842,153847,153850,3,5
153842,153847,153850,3,5
153842,153848,153851,3,6
153842,153847,153850,3,5
153842,153848,153851,3,6
153842,153849,153852,3,7
153842,153850,153852,2,8
153842,153849,153852,3,7
153842,153849,153851,2,7
153842,153848,153851,3,6
153842,153850,153852,2,8
153842,153850,153852,2,8
153842,153850,153852,2,8
153842,153850,153852,2,8
153842,153850,153852,2,8
153842,153850,153852,2,8
153842,153848,153852,4,6
153842,153850,153853,3,8
153842,153850,153853,3,8
153842,153850,153853,3,8
153842,153850,153853,3,8
153842,153850,153853,3,8
153842,153850,153853,3,8
153842,153851,153854,3,9
153842,153851,153853,2,9
153842,153851,153854,3,9
153842,153851,153854,3,9
153842,153851,153854,3,9
153842,153851,153854,3,9
153842,153850,153854,4,8
153842,153850,153853,3,8
153842,153851,153854,3,9
153842,153851,153854,3,9
153846,153851,153854,3,5
153842,153850,153854,4,8
153842,153850,153853,3,8
153842,153851,153854,3,9
153842,153850,153854,4,8
153842,153851,153854,3,9
153842,153851,153854,3,9
153842,153851,153854,3,9
153842,153851,153853,2,9
153846,153852,153855,3,6
153846,153852,153855,3,6
153846,153853,153855,2,7
153846,153853,153855,2,7
153842,153850,153854,4,8
153846,153853,153855,2,7
153842,153851,153854,3,9
153846,153852,153855,3,6
153846,153853,153855,2,7
153846,153852,153856,4,6
153846,153854,153856,2,8
153846,153852,153856,4,6
153846,153853,153856,3,7
153846,153852,153856,4,6
153846,153852,153856,4,6
153846,153853,153856,3,7
153846,153853,153855,2,7
153846,153854,153856,2,8
152956,152978,153857,879,22
153846,153853,153857,4,7
153846,153853,153857,4,7
153846,153854,153857,3,8
153846,153853,153856,3,7
153846,153854,153857,3,8
153846,153854,153857,3,8
153846,153854,153857,3,8
153846,153854,153857,3,8
153846,153853,153857,4,7
153846,153854,153857,3,8
153846,153854,153858,4,8
153846,153854,153857,3,8
153846,153854,153857,3,8
153846,153854,153858,4,8
153846,153854,153858,4,8
153846,153854,153858,4,8
153846,153854,153858,4,8
153846,153855,153858,3,9
153846,153854,153858,4,8
153846,153855,153858,3,9
153846,153855,153858,3,9
153846,153854,153858,4,8
153846,153855,153858,3,9
153846,153855,153858,3,9
153846,153855,153859,4,9
153846,153854,153859,5,8
153846,153854,153859,5,8
153846,153855,153860,5,9
153846,153854,153859,5,8
153846,153856,153859,3,10
153846,153856,153860,4,10
153846,153858,153860,2,12
153846,153856,153859,3,10
153846,153857,153860,3,11
153846,153856,153860,4,10
153846,153856,153860,4,10
153846,153857,153860,3,11
153846,153856,153860,4,10
153846,153856,153860,4,10
153846,153856,153860,4,10
153846,153859,153861,2,13
153846,153859,153860,1,13
153846,153856,153860,4,10
153846,153856,153861,5,10
153846,153856,153860,4,10
153846,153858,153860,2,12
153846,153859,153860,1,13
153846,153859,153860,1,13
153846,153857,153860,3,11
153846,153859,153860,1,13
153846,153859,153860,1,13
153846,153859,153860,1,13
153846,153858,153861,3,12
153846,153858,153860,2,12
153846,153857,153860,3,11
153846,153858,153861,3,12
153846,153858,153861,3,12
153846,153858,153862,4,12
153846,153857,153861,4,11
153846,153858,153862,4,12
153846,153857,153861,4,11
153846,153859,153862,3,13
153846,153859,153862,3,13
153846,153859,153862,3,13
152960,152987,153862,875,27
153846,153859,153862,3,13
153846,153860,153863,3,14
153846,153859,153863,4,13
153846,153860,153862,2,14
153846,153860,153863,3,14
153846,153860,153863,3,14
153846,153860,153862,2,14
153846,153860,153863,3,14
153846,153859,153863,4,13
153846,153859,153862,3,13
153846,153860,153863,3,14
153846,153860,153863,3,14
153846,153861,153864,3,15
153846,153860,153863,3,14
153846,153861,153863,2,15
153846,153861,153864,3,15
153846,153861,153864,3,15
153846,153861,153864,3,15
153846,153861,153864,3,15
153846,153861,153864,3,15
153846,153860,153864,4,14
153846,153861,153864,3,15
153846,153861,153864,3,15
153846,153861,153864,3,15
153846,153861,153864,3,15
153846,153861,153864,3,15
153846,153861,153864,3,15
153846,153861,153865,4,15
153846,153861,153864,3,15
153846,153861,153865,4,15
153846,153861,153864,3,15
153846,153862,153864,2,16
153846,153862,153865,3,16
153846,153862,153865,3,16
153846,153862,153865,3,16
153846,153862,153865,3,16
153846,153860,153865,5,14
153846,153860,153865,5,14
153846,153863,153865,2,17
153860,153863,153866,3,3
153860,153864,153866,2,4
153860,153863,153866,3,3
153860,153863,153866,3,3
153860,153864,153867,3,4
153860,153864,153867,3,4
153860,153864,153867,3,4
153860,153864,153867,3,4
153860,153864,153866,2,4
153860,153863,153866,3,3
153860,153863,153866,3,3
153860,153863,153866,3,3
153860,153864,153867,3,4
153860,153863,153867,4,3
153860,153863,153867,4,3
153860,153864,153868,4,4
153860,153864,153867,3,4
153860,153863,153867,4,3
153860,153864,153867,3,4
153860,153865,153868,3,5
153860,153865,153867,2,5
153860,153865,153868,3,5
153860,153863,153868,5,3
153860,153864,153868,4,4
153860,153865,153868,3,5
153860,153865,153869,4,5
153860,153866,153869,3,6
153860,153865,153868,3,5
153860,153865,153869,4,5
153860,153865,153869,4,5
153860,153865,153869,4,5
153860,153865,153869,4,5
153860,153866,153869,3,6
153860,153866,153869,3,6
153860,153864,153868,4,4
153860,153865,153869,4,5
153860,153865,153869,4,5
153860,153866,153869,3,6
153860,153865,153869,4,5
153860,153867,153869,2,7
153860,153866,153869,3,6
153860,153866,153870,4,6
153860,153866,153870,4,6
153842,153865,153869,4,23
153860,153865,153869,4,5
153860,153867,153870,3,7
153860,153867,153871,4,7
153860,153867,153870,3,7
153860,153867,153871,4,7
153860,153867,153871,4,7
153860,153867,153871,4,7
153860,153867,153871,4,7
153860,153867,153871,4,7
153860,153869,153871,2,9
153860,153869,153871,2,9
153860,153869,153871,2,9
153860,153869,153872,3,9
153860,153870,153871,1,10
153860,153870,153872,2,10
153860,153868,153872,4,8
153860,153868,153872,4,8
153860,153869,153871,2,9
153860,153868,153871,3,8
153860,153869,153872,3,9
153860,153869,153872,3,9
153860,153867,153872,5,7
153860,153868,153872,4,8
153860,153869,153872,3,9
153860,153869,153872,3,9
153860,153868,153872,4,8
153860,153868,153872,4,8
153860,153868,153872,4,8
153860,153869,153872,3,9
153860,153868,153872,4,8
153860,153869,153873,4,9
153860,153868,153872,4,8
153860,153870,153873,3,10
153860,153869,153872,3,9
153860,153869,153872,3,9
153860,153869,153873,4,9
153860,153869,153873,4,9
153860,153870,153874,4,10
153860,153869,153873,4,9
153860,153868,153873,5,8
153860,153870,153874,4,10
153860,153870,153874,4,10
153860,153871,153874,3,11
153860,153871,153874,3,11
153860,153871,153874,3,11
153860,153871,153874,3,11
153860,153870,153874,4,10
153860,153871,153874,3,11
153860,153871,153874,3,11
153860,153871,153874,3,11
153860,153872,153874,2,12
153860,153871,153874,3,11
153860,153872,153874,2,12
153860,153872,153875,3,12
153860,153872,153875,3,12
153860,153872,153875,3,12
153860,153872,153875,3,12
153860,153872,153875,3,12
153860,153872,153875,3,12
153860,153872,153875,3,12
153860,153872,153875,3,12
153860,153872,153875,3,12
153860,153873,153875,2,13
153860,153873,153875,2,13
153860,153873,153875,2,13
153860,153873,153875,2,13
153860,153872,153875,3,12
153860,153872,153875,3,12
153860,153873,153876,3,13
153860,153873,153875,2,13
153860,153872,153875,3,12
153860,153873,153876,3,13
153860,153873,153876,3,13
153860,153872,153876,4,12
153860,153873,153875,2,13
153860,153872,153876,4,12
153860,153873,153877,4,13
153864,153874,153877,3,10
153864,153874,153877,3,10
153864,153874,153877,3,10
153864,153874,153877,3,10
153864,153874,153877,3,10
153864,153875,153878,3,11
153864,153875,153878,3,11
153864,153876,153878,2,12
153864,153874,153878,4,10
153864,153875,153878,3,11
153864,153875,153878,3,11
153864,153874,153878,4,10
153864,153875,153878,3,11
153864,153875,153878,3,11
153864,153875,153879,4,11
153864,153876,153878,2,12
153864,153876,153879,3,12
153864,153876,153879,3,12
153864,153875,153878,3,11
153864,153876,153879,3,12
153864,153876,153879,3,12
153864,153875,153879,4,11
153864,153875,153879,4,11
153864,153876,153879,3,12
153864,153875,153879,4,11
153864,153876,153879,3,12
153864,153876,153880,4,12
153864,153876,153880,4,12
153864,153876,153880,4,12
153864,153876,153880,4,12
153864,153876,153879,3,12
153864,153876,153880,4,12
153864,153876,153879,3,12
153864,153876,153879,3,12
153864,153876,153880,4,12
153864,153876,153880,4,12
153864,153876,153880,4,12
153864,153876,153880,4,12
153864,153876,153880,4,12
153864,153877,153880,3,13
153864,153877,153881,4,13
153864,153877,153881,4,13
153864,153877,153881,4,13
153864,153877,153881,4,13
153864,153877,153881,4,13
153864,153878,153881,3,14
153864,153878,153881,3,14
153864,153878,153881,3,14
153864,153878,153882,4,14
153864,153879,153882,3,15
153864,153879,153882,3,15
153864,153878,153882,4,14
153864,153880,153882,2,16
153864,153880,153882,2,16
153864,153879,153882,3,15
153864,153881,153882,1,17
153864,153879,153882,3,15
153864,153879,153883,4,15
153864,153879,153882,3,15
153864,153879,153883,4,15
153864,153879,153883,4,15
153864,153879,153882,3,15
153864,153880,153883,3,16
153864,153880,153883,3,16
153864,153880,153883,3,16
153864,153879,153883,4,15
153864,153878,153882,4,14
153864,153880,153883,3,16
153864,153879,153883,4,15
153864,153880,153883,3,16
153864,153879,153883,4,15
153864,153881,153883,2,17
153864,153881,153883,2,17
153864,153880,153884,4,16
153864,153882,153884,2,18
153864,153880,153884,4,16
153864,153880,153883,3,16
153864,153880,153884,4,16
153864,153879,153883,4,15
153864,153880,153883,3,16
153864,153880,153884,4,16
153864,153880,153884,4,16
153864,153881,153884,3,17
153864,153881,153884,3,17
153864,153882,153885,3,18
153864,153882,153885,3,18
153864,153882,153885,3,18
153864,153882,153885,3,18
153864,153881,153885,4,17
153864,153881,153885,4,17
153864,153882,153885,3,18
153864,153881,153885,4,17
153864,153883,153885,2,19
153864,153883,153886,3,19
153864,153883,153885,2,19
153864,153883,153885,2,19
153864,153883,153886,3,19
153864,153883,153886,3,19
153864,153883,153886,3,19
153864,153883,153886,3,19
153864,153883,153886,3,19
153864,153883,153886,3,19
153864,153883,153886,3,19
153864,153883,153886,3,19
153864,153883,153886,3,19
153864,153884,153886,2,20
153864,153883,153886,3,19
153864,153884,153887,3,20
153864,153884,153887,3,20
153864,153884,153886,2,20
153864,153884,153887,3,20
153864,153884,153887,3,20
153864,153883,153887,4,19
153864,153883,153886,3,19
153864,153884,153887,3,20
153864,153884,153887,3,20
153864,153884,153887,3,20
153864,153883,153886,3,19
153864,153884,153887,3,20
153864,153884,153887,3,20
153024,153073,153923,850,49
153925,153925,153928,3,0
153925,153925,153928,3,0
153925,153925,153928,3,0
153925,153925,153928,3,0
153925,153925,153928,3,0
153925,153925,153929,4,0
153925,153925,153929,4,0
153925,153925,153929,4,0
153925,153925,153929,4,0
153925,153925,153929,4,0
153925,153925,153929,4,0
153925,153925,153929,4,0
153925,153925,153929,4,0
153925,153925,153928,3,0
153925,153925,153929,4,0
153925,153925,153929,4,0
153925,153925,153929,4,0
153925,153925,153928,3,0
153925,153925,153929,4,0
153925,153925,153929,4,0
153925,153925,153929,4,0
153925,153925,153929,4,0
153925,153925,153929,4,0
153925,153925,153929,4,0
153925,153925,153929,4,0
153925,153925,153930,5,0
153925,153925,153930,5,0
153925,153925,153930,5,0
153925,153925,153930,5,0
153925,153925,153930,5,0
153925,153925,153930,5,0
153925,153925,153930,5,0
153925,153929,153932,3,4
153925,153930,153932,2,5
153925,153929,153932,3,4
153925,153929,153932,3,4
153925,153929,153932,3,4
153925,153928,153933,5,3
153925,153930,153933,3,5
153925,153929,153933,4,4
153925,153929,153933,4,4
153925,153930,153933,3,5
153925,153930,153933,3,5
153925,153931,153933,2,6
153925,153929,153933,4,4
153925,153930,153933,3,5
153925,153930,153933,3,5
153925,153931,153933,2,6
153925,153930,153933,3,5
153925,153930,153933,3,5
153925,153930,153933,3,5
153925,153930,153933,3,5
153925,153930,153933,3,5
153925,153931,153933,2,6
153925,153930,153933,3,5
153925,153930,153934,4,5
153925,153930,153934,4,5
153925,153930,153933,3,5
153925,153930,153933,3,5
153925,153931,153934,3,6
153925,153930,153934,4,5
153925,153930,153934,4,5
153925,153930,153934,4,5
153925,153930,153933,3,5
153925,153930,153934,4,5
153925,153931,153934,3,6
153925,153931,153934,3,6
153925,153931,153934,3,6
153925,153930,153934,4,5
153925,153933,153936,3,8
153925,153933,153936,3,8
153925,153933,153936,3,8
153925,153933,153936,3,8
153925,153935,153937,2,10
153925,153933,153936,3,8
153925,153934,153937,3,9
153925,153934,153937,3,9
153925,153934,153937,3,9
153925,153934,153936,2,9
153925,153934,153936,2,9
153925,153934,153937,3,9
153925,153934,153937,3,9
153925,153934,153937,3,9
153925,153934,153937,3,9
153925,153934,153937,3,9
153925,153934,153937,3,9
153925,153934,153936,2,9
153925,153934,153937,3,9
153925,153934,153937,3,9
153925,153934,153937,3,9
153925,153934,153937,3,9
153925,153935,153937,2,10
153925,153934,153937,3,9
153925,153934,153937,3,9
153925,153935,153937,2,10
153925,153934,153937,3,9
153925,153934,153937,3,9
153925,153934,153937,3,9
153925,153934,153937,3,9
153925,153934,153937,3,9
153925,153934,153937,3,9
153925,153934,153937,3,9
153925,153935,153938,3,10
153925,153934,153938,4,9
153925,153934,153938,4,9
153925,153937,153939,2,12
153925,153937,153939,2,12
153925,153937,153939,2,12
153925,153936,153939,3,11
153925,153936,153939,3,11
153925,153935,153939,4,10
153925,153937,153939,2,12
153925,153937,153939,2,12
153925,153937,153939,2,12
153925,153937,153940,3,12
153925,153937,153940,3,12
153925,153940,153944,4,15
153925,153940,153943,3,15
153925,153940,153944,4,15
153925,153940,153945,5,15
153035,153099,153947,848,64
153960,153961,153963,2,1
153960,153961,153963,2,1
153960,153961,153963,2,1
153960,153961,153964,3,1
153960,153961,153963,2,1
153960,153961,153963,2,1
153960,153961,153964,3,1
153960,153961,153964,3,1
153960,153961,153964,3,1
153960,153961,153964,3,1
153960,153961,153964,3,1
153960,153961,153964,3,1
153960,153961,153964,3,1
153960,153961,153964,3,1
153960,153961,153964,3,1
153960,153961,153964,3,1
153960,153961,153964,3,1
153960,153961,153964,3,1
153960,153961,153964,3,1
153960,153961,153964,3,1
153960,153961,153964,3,1
153960,153961,153965,4,1
153960,153961,153964,3,1
153960,153961,153964,3,1
153960,153961,153964,3,1
153960,153961,153964,3,1
153960,153961,153965,4,1
153960,153961,153965,4,1
153960,153961,153965,4,1
153960,153961,153965,4,1
153960,153961,153965,4,1
153960,153961,153966,5,1
153960,153961,153965,4,1
153960,153961,153965,4,1
153960,153961,153965,4,1
153960,153961,153965,4,1
153960,153961,153965,4,1
153960,153961,153965,4,1
153960,153961,153966,5,1
153960,153964,153966,2,4
153960,153964,153967,3,4
153960,153961,153967,6,1
153960,153964,153966,2,4
153960,153961,153966,5,1
153960,153964,153966,2,4
153960,153964,153967,3,4
153960,153965,153968,3,5
153960,153966,153967,1,6
153960,153964,153967,3,4
153960,153966,153968,2,6
153960,153965,153968,3,5
153960,153965,153968,3,5
153960,153967,153968,1,7
153960,153965,153968,3,5
153960,153965,153969,4,5
153960,153966,153968,2,6
153960,153966,153968,2,6
153960,153965,153968,3,5
153960,153965,153969,4,5
153960,153965,153968,3,5
153960,153965,153969,4,5
153960,153965,153968,3,5
153960,153965,153968,3,5
153960,153966,153968,2,6
153960,153965,153968,3,5
153960,153965,153968,3,5
153960,153965,153969,4,5
153960,153966,153968,2,6
153960,153966,153968,2,6
153960,153965,153968,3,5
153960,153965,153969,4,5
153960,153966,153969,3,6
153960,153965,153969,4,5
153960,153966,153969,3,6
153960,153965,153969,4,5
153960,153967,153969,2,7
153960,153967,153970,3,7
153960,153965,153969,4,5
153960,153967,153970,3,7
153960,153965,153969,4,5
153960,153967,153969,2,7
153960,153966,153970,4,6
153960,153966,153969,3,6
153960,153966,153969,3,6
153960,153967,153970,3,7
153960,153967,153970,3,7
153960,153968,153970,2,8
153960,153968,153971,3,8
153960,153967,153970,3,7
153960,153968,153971,3,8
153960,153969,153971,2,9
153960,153968,153970,2,8
153960,153969,153971,2,9
153960,153969,153971,2,9
153960,153969,153972,3,9
153960,153969,153972,3,9
153960,153969,153971,2,9
153960,153969,153972,3,9
153960,153969,153972,3,9
153960,153969,153972,3,9
153960,153969,153972,3,9
153960,153969,153972,3,9
153960,153969,153972,3,9
153960,153969,153972,3,9
153960,153969,153972,3,9
153960,153969,153971,2,9
153960,153969,153971,2,9
153960,153969,153972,3,9
153960,153970,153972,2,10
153960,153970,153972,2,10
153960,153970,153973,3,10
153960,153969,153972,3,9
153960,153970,153972,2,10
153960,153970,153973,3,10
153960,153969,153972,3,9
153960,153970,153973,3,10
153960,153970,153972,2,10
153960,153969,153972,3,9
153960,153969,153973,4,9
153960,153970,153973,3,10
153131,153174,154024,850,43
154027,154027,154029,2,0
154027,154027,154029,2,0
154027,154027,154030,3,0
154027,154028,154029,1,1
154027,154027,154030,3,0
154027,154027,154030,3,0
154027,154027,154030,3,0
154027,154027,154030,3,0
154027,154028,154031,3,1
154027,154027,154031,4,0
154027,154027,154031,4,0
154027,154027,154031,4,0
154027,154027,154031,4,0
154027,154027,154031,4,0
154027,154027,154030,3,0
154027,154027,154031,4,0
154027,154028,154031,3,1
154027,154028,154031,3,1
154027,154028,154031,3,1
154027,154027,154031,4,0
154027,154027,154030,3,0
154027,154027,154031,4,0
154027,154027,154031,4,0
154027,154027,154031,4,0
154027,154027,154031,4,0
154027,154027,154031,4,0
154027,154027,154031,4,0
154027,154027,154031,4,0
154027,154027,154031,4,0
154027,154027,154031,4,0
154027,154027,154031,4,0
154027,154027,154032,5,0
154027,154027,154032,5,0
154027,154027,154032,5,0
154027,154027,154031,4,0
154027,154029,154032,3,2
154027,154027,154032,5,0
154027,154027,154031,4,0
154027,154027,154031,4,0
154027,154027,154032,5,0
154027,154029,154032,3,2
154027,154027,154032,5,0
154027,154027,154031,4,0
154027,154030,154033,3,3
154027,154030,154033,3,3
154027,154030,154033,3,3
154027,154030,154033,3,3
154027,154031,154033,2,4
154027,154031,154034,3,4
154027,154031,154034,3,4
154027,154031,154034,3,4
154027,154032,154034,2,5
154027,154030,154034,4,3
154027,154031,154034,3,4
154027,154031,154034,3,4
154027,154031,154034,3,4
154027,154030,154034,4,3
154027,154031,154034,3,4
154027,154031,154035,4,4
154027,154031,154035,4,4
154027,154031,154035,4,4
154027,154031,154035,4,4
154027,154031,154035,4,4
154027,154031,154035,4,4
154027,154031,154034,3,4
154027,154032,154034,2,5
154027,154032,154035,3,5
154027,154031,154035,4,4
154027,154031,154035,4,4
154027,154033,154035,2,6
154027,154033,154035,2,6
154027,154031,154035,4,4
154027,154033,154035,2,6
154027,154033,154035,2,6
154027,154031,154035,4,4
154027,154031,154035,4,4
154027,154031,154035,4,4
154027,154033,154035,2,6
154027,154034,154036,2,7
154027,154031,154035,4,4
154027,154031,154036,5,4
154027,154032,154036,4,5
154027,154033,154036,3,6
154027,154032,154036,4,5
154027,154033,154037,4,6
154027,154033,154036,3,6
154027,154033,154036,3,6
154027,154034,154036,2,7
154027,154034,154036,2,7
154027,154034,154037,3,7
154027,154034,154037,3,7
154027,154034,154037,3,7
154027,154036,154037,1,9
154027,154034,154037,3,7
154027,154036,154037,1,9
154027,154036,154037,1,9
154027,154035,154037,2,8
154027,154035,154037,2,8
154027,154035,154037,2,8
154027,154035,154038,3,8
154027,154035,154037,2,8
154027,154035,154037,2,8
154027,154036,154038,2,9
154027,154035,154038,3,8
154027,154035,154038,3,8
154027,154035,154038,3,8
154027,154036,154038,2,9
154027,154036,154038,2,9
154027,154036,154038,2,9
154027,154036,154038,2,9
154027,154036,154038,2,9
154027,154036,154039,3,9
154027,154036,154038,2,9
154027,154036,154038,2,9
154027,154036,154038,2,9
154027,154036,154038,2,9
154027,154036,154039,3,9
154027,154036,154038,2,9
154027,154036,154038,2,9
154027,154035,154039,4,8
153281,153304,154109,805,23
154110,154110,154112,2,0
154110,154110,154111,1,0
154110,154110,154111,1,0
154110,154110,154111,1,0
154110,154110,154112,2,0
154110,154110,154112,2,0
154110,154110,154113,3,0
154110,154110,154113,3,0
154110,154110,154112,2,0
154110,154110,154113,3,0
154110,154110,154112,2,0
154110,154110,154113,3,0
154110,154110,154112,2,0
154110,154110,154113,3,0
154110,154110,154113,3,0
154110,154110,154113,3,0
154110,154110,154113,3,0
154110,154110,154113,3,0
154110,154110,154113,3,0
154110,154110,154114,4,0
154110,154110,154114,4,0
154110,154110,154113,3,0
154110,154110,154113,3,0
154110,154110,154113,3,0
154110,154110,154113,3,0
154110,154110,154113,3,0
154110,154110,154113,3,0
154110,154110,154114,4,0
154110,154110,154113,3,0
154110,154110,154113,3,0
154110,154110,154115,5,0
154110,154112,154114,2,2
154110,154110,154114,4,0
154110,154110,154114,4,0
154110,154110,154114,4,0
154110,154112,154114,2,2
154110,154112,154114,2,2
154110,154110,154114,4,0
154110,154110,154114,4,0
154110,154110,154114,4,0
154110,154112,154115,3,2
154110,154110,154114,4,0
154110,154112,154114,2,2
154110,154110,154114,4,0
154110,154110,154115,5,0
154110,154110,154115,5,0
154110,154112,154114,2,2
154110,154113,154116,3,3
154110,154113,154116,3,3
154110,154114,154116,2,4
154110,154114,154116,2,4
154110,154113,154117,4,3
154110,154115,154117,2,5
154110,154113,154116,3,3
154110,154113,154117,4,3
154110,154113,154117,4,3
154110,154114,154117,3,4
154110,154113,154116,3,3
154110,154114,154117,3,4
154110,154115,154117,2,5
154110,154113,154117,4,3
154110,154114,154117,3,4
154110,154114,154117,3,4
154110,154114,154117,3,4
154110,154113,154117,4,3
154110,154113,154117,4,3
154110,154114,154117,3,4
154110,154115,154118,3,5
154110,154114,154117,3,4
154110,154114,154118,4,4
154110,154114,154117,3,4
154110,154115,154118,3,5
154110,154115,154118,3,5
154110,154114,154117,3,4
154110,154115,154117,2,5
154110,154115,154118,3,5
154110,154115,154117,2,5
154110,154115,154118,3,5
154110,154115,154118,3,5
154110,154115,154118,3,5
154110,154115,154118,3,5
153215,153249,154119,870,34
154110,154114,154118,4,4
154110,154115,154119,4,5
154110,154115,154119,4,5
154110,154115,154118,3,5
154110,154115,154118,3,5
154110,154117,154119,2,7
154110,154114,154118,4,4
154110,154117,154119,2,7
154110,154116,154119,3,6
154110,154116,154119,3,6
154110,154116,154119,3,6
154110,154117,154119,2,7
154110,154117,154119,2,7
154110,154117,154119,2,7
154110,154117,154120,3,7
154110,154118,154120,2,8
154110,154116,154119,3,6
154110,154117,154120,3,7
154110,154117,154120,3,7
154110,154115,154120,5,5
154110,154117,154119,2,7
154110,154117,154120,3,7
154110,154117,154121,4,7
154110,154117,154121,4,7
154110,154117,154121,4,7
154110,154117,154120,3,7
154110,154118,154121,3,8
154110,154118,154121,3,8
154110,154117,154120,3,7
154110,154118,154120,2,8
154110,154118,154121,3,8
154110,154118,154121,3,8
154110,154118,154121,3,8
154110,154118,154121,3,8
154110,154117,154120,3,7
154110,154118,154120,2,8
154110,154118,154120,2,8
154110,154118,154121,3,8
154110,154118,154121,3,8
154120,154120,154122,2,0
154120,154120,154123,3,0
154120,154121,154122,1,1
154120,154121,154122,1,1
154120,154120,154122,2,0
154120,154120,154122,2,0
154120,154120,154123,3,0
154120,154121,154123,2,1
154120,154120,154123,3,0
154120,154121,154123,2,1
154120,154120,154123,3,0
154120,154120,154123,3,0
154120,154120,154123,3,0
154120,154120,154124,4,0
154120,154120,154123,3,0
154120,154120,154124,4,0
154120,154120,154124,4,0
154120,154120,154124,4,0
154120,154120,154123,3,0
154120,154120,154124,4,0
154120,154120,154123,3,0
154120,154120,154123,3,0
154120,154121,154123,2,1
154120,154120,154124,4,0
154120,154121,154124,3,1
154120,154121,154123,2,1
154120,154120,154124,4,0
154120,154120,154124,4,0
154120,154120,154125,5,0
154120,154120,154125,5,0
154120,154121,154125,4,1
154120,154121,154125,4,1
154120,154120,154124,4,0
154120,154121,154125,4,1
154120,154122,154125,3,2
154120,154121,154125,4,1
154120,154121,154125,4,1
154120,154122,154124,2,2
154120,154121,154125,4,1
154120,154123,154125,2,3
154120,154123,154126,3,3
154120,154123,154126,3,3
154120,154123,154125,2,3
154120,154121,154125,4,1
154120,154121,154125,4,1
154120,154121,154126,5,1
154120,154123,154126,3,3
154120,154124,154127,3,4
154120,154124,154127,3,4
154120,154123,154127,4,3
154120,154125,154127,2,5
154120,154123,154127,4,3
154120,154125,154127,2,5
154120,154123,154127,4,3
154120,154124,154127,3,4
154120,154125,154127,2,5
154120,154123,154127,4,3
154120,154124,154127,3,4
154120,154124,154128,4,4
154120,154124,154128,4,4
154120,154124,154128,4,4
154120,154125,154128,3,5
154120,154125,154127,2,5
154120,154124,154127,3,4
154120,154124,154128,4,4
154120,154124,154128,4,4
154120,154125,154128,3,5
154120,154125,154128,3,5
154120,154124,154128,4,4
154120,154125,154128,3,5
154120,154124,154128,4,4
154120,154124,154128,4,4
154120,154125,154129,4,5
154120,154124,154128,4,4
154120,154127,154129,2,7
154120,154126,154128,2,6
154120,154124,154129,5,4
154120,154126,154129,3,6
154120,154125,154129,4,5
154120,154125,154129,4,5
154120,154126,154129,3,6
154120,154124,154129,5,4
154120,154125,154130,5,5
154120,154125,154129,4,5
154120,154127,154129,2,7
154120,154127,154129,2,7
154120,154128,154130,2,8
154120,154128,154130,2,8
154120,154126,154129,3,6
154120,154128,154130,2,8
154120,154128,154130,2,8
154120,154127,154130,3,7
154120,154128,154130,2,8
154120,154126,154130,4,6
154120,154128,154130,2,8
154120,154129,154130,1,9
154120,154128,154130,2,8
154120,154128,154130,2,8
154120,154128,154130,2,8
154120,154129,154131,2,9
154120,154129,154130,1,9
154120,154128,154131,3,8
154120,154128,154131,3,8
154120,154128,154131,3,8
154120,154128,154131,3,8
154120,154126,154131,5,6
154120,154128,154131,3,8
154120,154130,154131,1,10
154120,154128,154131,3,8
154120,154129,154131,2,9
154120,154128,154132,4,8
154120,154128,154131,3,8
154120,154129,154131,2,9
154120,154128,154131,3,8
154120,154128,154132,4,8
154120,154128,154131,3,8
154120,154129,154132,3,9
154120,154128,154132,4,8
154120,154130,154132,2,10
154120,154130,154132,2,10
153335,153350,154200,850,15
154203,154203,154205,2,0
154203,154203,154205,2,0
154203,154203,154205,2,0
154203,154204,154205,1,1
154203,154203,154205,2,0
154203,154203,154205,2,0
154203,154203,154205,2,0
154203,154203,154205,2,0
154203,154203,154206,3,0
154203,154203,154206,3,0
154203,154204,154206,2,1
154203,154203,154206,3,0
154203,154203,154206,3,0
154203,154203,154206,3,0
154203,154203,154206,3,0
154203,154203,154207,4,0
154203,154203,154207,4,0
154203,154203,154207,4,0
154203,154203,154207,4,0
154203,154203,154207,4,0
154203,154203,154208,5,0
154203,154203,154207,4,0
154203,154203,154207,4,0
154203,154203,154207,4,0
154203,154203,154207,4,0
154203,154203,154207,4,0
154203,154203,154207,4,0
154203,154204,154207,3,1
154203,154204,154207,3,1
154203,154204,154207,3,1
154203,154203,154207,4,0
154203,154203,154207,4,0
154203,154203,154207,4,0
154203,154203,154207,4,0
154203,154203,154208,5,0
154203,154203,154208,5,0
154203,154203,154208,5,0
154203,154203,154208,5,0
154203,154206,154208,2,3
154203,154206,154208,2,3
154203,154203,154208,5,0
154203,154206,154208,2,3
154203,154203,154208,5,0
154203,154206,154208,2,3
154203,154206,154208,2,3
154203,154203,154208,5,0
154203,154205,154209,4,2
154203,154208,154210,2,5
154203,154206,154209,3,3
154203,154207,154210,3,4
154203,154207,154210,3,4
154203,154208,154210,2,5
154203,154208,154210,2,5
154203,154208,154210,2,5
154203,154207,154210,3,4
154203,154208,154211,3,5
154203,154208,154210,2,5
154203,154207,154210,3,4
154203,154207,154210,3,4
154203,154207,154210,3,4
154203,154208,154210,2,5
154203,154208,154211,3,5
154203,154207,154210,3,4
154203,154208,154210,2,5
154203,154207,154210,3,4
154203,154208,154212,4,5
154203,154208,154211,3,5
154203,154208,154211,3,5
154203,154206,154211,5,3
154203,154209,154211,2,6
154203,154209,154212,3,6
154203,154209,154211,2,6
154203,154208,154211,3,5
154203,154208,154211,3,5
154203,154208,154211,3,5
154203,154208,154211,3,5
154203,154208,154212,4,5
154203,154209,154212,3,6
154203,154209,154212,3,6
154203,154209,154212,3,6
154203,154209,154212,3,6
154203,154209,154213,4,6
154203,154209,154213,4,6
154203,154209,154213,4,6
154203,154209,154213,4,6
154203,154208,154212,4,5
154203,154209,154213,4,6
154203,154210,154213,3,7
154203,154211,154213,2,8
154203,154211,154213,2,8
154203,154211,154213,2,8
154203,154211,154214,3,8
154203,154212,154214,2,9
154203,154212,154214,2,9
154203,154211,154214,3,8
154203,154211,154214,3,8
154203,154211,154213,2,8
154203,154211,154213,2,8
154203,154211,154214,3,8
154203,154212,154214,2,9
154203,154210,154213,3,7
154203,154211,154214,3,8
154203,154211,154213,2,8
154203,154211,154214,3,8
154203,154211,154213,2,8
154203,154211,154213,2,8
154203,154210,154213,3,7
154203,154211,154213,2,8
154203,154212,154214,2,9
154203,154210,154214,4,7
154203,154212,154214,2,9
154203,154212,154214,2,9
154203,154213,154215,2,10
154203,154212,154215,3,9
154203,154212,154214,2,9
154203,154212,154214,2,9
154203,154212,154215,3,9
154203,154212,154214,2,9
154203,154213,154215,2,10
154203,154213,154215,2,10
153386,153399,154271,872,13
154273,154274,154275,1,1
154273,154274,154275,1,1
154273,154274,154275,1,1
154273,154274,154275,1,1
154273,154274,154275,1,1
154273,154274,154276,2,1
154273,154274,154276,2,1
154273,154274,154276,2,1
154273,154274,154275,1,1
154273,154274,154276,2,1
154273,154274,154276,2,1
154273,154274,154276,2,1
154273,154274,154276,2,1
154273,154274,154276,2,1
154273,154274,154277,3,1
154273,154274,154277,3,1
154273,154274,154277,3,1
154273,154274,154277,3,1
154273,154274,154277,3,1
154273,154274,154278,4,1
154273,154274,154278,4,1
154273,154274,154277,3,1
154273,154274,154278,4,1
154273,154274,154278,4,1
154273,154274,154277,3,1
154273,154274,154277,3,1
154273,154274,154277,3,1
154273,154274,154277,3,1
154273,154274,154277,3,1
154273,154274,154277,3,1
154273,154274,154277,3,1
154273,154274,154277,3,1
154273,154274,154278,4,1
154273,154274,154278,4,1
154273,154274,154278,4,1
154273,154274,154278,4,1
154273,154276,154279,3,3
154273,154274,154278,4,1
154273,154274,154278,4,1
154273,154274,154278,4,1
154273,154274,154278,4,1
154273,154276,154279,3,3
154273,154274,154278,4,1
154273,154276,154279,3,3
154273,154276,154279,3,3
154273,154276,154279,3,3
154273,154276,154279,3,3
154273,154276,154280,4,3
154273,154277,154280,3,4
154273,154277,154279,2,4
154273,154276,154280,4,3
154273,154277,154280,3,4
154273,154278,154281,3,5
154273,154278,154280,2,5
154273,154278,154281,3,5
154273,154278,154281,3,5
154273,154278,154280,2,5
154273,154278,154281,3,5
154273,154276,154281,5,3
154273,154278,154281,3,5
154273,154278,154281,3,5
154273,154277,154280,3,4
154273,154278,154281,3,5
154273,154279,154281,2,6
154273,154277,154282,5,4
154273,154278,154281,3,5
154273,154279,154282,3,6
154273,154277,154281,4,4
154273,154279,154282,3,6
154273,154278,154282,4,5
154273,154278,154281,3,5
154273,154279,154282,3,6
154273,154278,154281,3,5
154273,154278,154281,3,5
154273,154278,154282,4,5
154273,154279,154283,4,6
154273,154279,154282,3,6
154273,154279,154283,4,6
154273,154279,154282,3,6
154273,154279,154283,4,6
154273,154281,154283,2,8
154273,154281,154283,2,8
154273,154279,154283,4,6
154273,154278,154282,4,5
154273,154279,154282,3,6
154273,154280,154283,3,7
154273,154280,154283,3,7
154273,154278,154282,4,5
154273,154279,154282,3,6
154273,154280,154283,3,7
154273,154281,154283,2,8
154273,154280,154284,4,7
154273,154280,154284,4,7
154273,154280,154284,4,7
154273,154281,154284,3,8
154273,154281,154284,3,8
154273,154281,154283,2,8
154273,154281,154284,3,8
154273,154280,154284,4,7
154273,154280,154283,3,7
154273,154282,154284,2,9
154273,154282,154285,3,9
154273,154281,154284,3,8
154273,154282,154285,3,9
154273,154281,154284,3,8
154273,154282,154285,3,9
154273,154281,154284,3,8
154273,154282,154285,3,9
154273,154282,154284,2,9
154273,154282,154285,3,9
154273,154282,154285,3,9
154273,154282,154285,3,9
154273,154283,154286,3,10
154273,154282,154285,3,9
154273,154283,154286,3,10
154273,154282,154286,4,9
154273,154282,154286,4,9
154273,154282,154285,3,9
154273,154283,154286,3,10
154273,154283,154286,3,10
153453,153462,154326,864,9
153443,153456,154329,873,13
154330,154331,154332,1,1
154330,154331,154332,1,1
154330,154331,154332,1,1
154330,154331,154332,1,1
154330,154331,154332,1,1
154330,154331,154333,2,1
154330,154331,154333,2,1
154330,154331,154333,2,1
154330,154331,154333,2,1
154330,154331,154334,3,1
154330,154331,154333,2,1
154330,154331,154333,2,1
154330,154330,154334,4,0
154330,154330,154334,4,0
154330,154331,154334,3,1
154330,154330,154334,4,0
154330,154330,154334,4,0
154330,154331,154334,3,1
154330,154330,154334,4,0
154330,154331,154334,3,1
154330,154331,154334,3,1
154330,154331,154334,3,1
154330,154331,154335,4,1
154330,154331,154334,3,1
154330,154330,154335,5,0
154330,154331,154334,3,1
154330,154331,154334,3,1
154330,154331,154334,3,1
154330,154331,154335,4,1
154330,154333,154335,2,3
154330,154331,154335,4,1
154330,154331,154335,4,1
154330,154331,154335,4,1
154330,154333,154335,2,3
154330,154330,154335,5,0
154330,154331,154336,5,1
154330,154333,154335,2,3
154330,154330,154335,5,0
154330,154331,154335,4,1
154330,154333,154336,3,3
154330,154331,154335,4,1
154330,154331,154335,4,1
154330,154334,154337,3,4
154330,154333,154336,3,3
154330,154334,154336,2,4
154330,154334,154337,3,4
154330,154334,154337,3,4
154330,154335,154337,2,5
154330,154335,154338,3,5
154330,154334,154337,3,4
154330,154335,154337,2,5
154330,154335,154337,2,5
154330,154334,154337,3,4
154330,154335,154337,2,5
154330,154334,154337,3,4
154330,154335,154338,3,5
154330,154335,154338,3,5
154330,154335,154339,4,5
154330,154336,154339,3,6
154330,154335,154338,3,5
154330,154335,154338,3,5
154330,154336,154339,3,6
154330,154335,154338,3,5
154330,154336,154339,3,6
154330,154335,154338,3,5
154330,154335,154339,4,5
154330,154335,154339,4,5
154330,154335,154339,4,5
154330,154336,154339,3,6
154330,154336,154340,4,6
154330,154337,154340,3,7
154330,154336,154340,4,6
154330,154336,154339,3,6
154330,154336,154339,3,6
154330,154336,154339,3,6
154330,154336,154339,3,6
154330,154335,154339,4,5
154330,154336,154340,4,6
154330,154336,154340,4,6
154330,154336,154339,3,6
154330,154336,154340,4,6
154330,154338,154340,2,8
154330,154339,154341,2,9
154330,154339,154340,1,9
154330,154338,154341,3,8
154330,154338,154340,2,8
154330,154339,154341,2,9
154330,154338,154341,3,8
154330,154338,154340,2,8
154330,154338,154341,3,8
154330,154337,154340,3,7
154330,154337,154341,4,7
154330,154338,154341,3,8
154330,154339,154341,2,9
154330,154339,154341,2,9
154330,154338,154341,3,8
154330,154338,154342,4,8
154330,154339,154342,3,9
154330,154339,154342,3,9
154330,154338,154342,4,8
154330,154339,154342,3,9
154330,154339,154342,3,9
154330,154339,154342,3,9
154330,154340,154342,2,10
154330,154340,154343,3,10
154330,154340,154342,2,10
154330,154339,154342,3,9
154330,154340,154343,3,10
154330,154340,154343,3,10
154330,154340,154343,3,10
154330,154340,154343,3,10
154330,154339,154342,3,9
154330,154339,154342,3,9
154330,154339,154342,3,9
154335,154340,154343,3,5
154335,154341,154343,2,6
154330,154340,154343,3,10
154335,154341,154344,3,6
154335,154341,154344,3,6
154330,154340,154343,3,10
154330,154342,154344,2,12
154335,154342,154344,2,7
154335,154342,154344,2,7
154335,154342,154343,1,7
154335,154342,154344,2,7
154335,154343,154344,1,8
154335,154341,154344,3,6
154335,154341,154344,3,6
154335,154341,154345,4,6
154335,154341,154345,4,6
154335,154343,154344,1,8
154335,154343,154345,2,8
154335,154341,154345,4,6
154335,154343,154344,1,8
154330,154342,154345,3,12
154335,154341,154345,4,6
154335,154342,154345,3,7
154335,154341,154345,4,6
154335,154343,154344,1,8
154335,154341,154345,4,6
154335,154341,154345,4,6
154335,154342,154345,3,7
154335,154342,154345,3,7
154335,154342,154346,4,7
154335,154343,154346,3,8
154330,154342,154346,4,12
154330,154342,154346,4,12
154335,154342,154346,4,7
154335,154342,154346,4,7
154335,154343,154345,2,8
154335,154343,154346,3,8
154335,154345,154346,1,10
154335,154345,154347,2,10
154335,154342,154346,4,7
154335,154344,154346,2,9
153501,153505,154347,842,4
154335,154343,154347,4,8
154335,154343,154347,4,8
154335,154343,154347,4,8
154335,154344,154347,3,9
154335,154344,154347,3,9
154335,154344,154347,3,9
154335,154344,154348,4,9
154335,154345,154347,2,10
154335,154344,154347,3,9
154335,154345,154348,3,10
154335,154345,154348,3,10
154335,154345,154348,3,10
154335,154345,154348,3,10
154335,154344,154348,4,9
154335,154345,154348,3,10
154335,154345,154348,3,10
154335,154343,154348,5,8
154335,154344,154348,4,9
154335,154345,154348,3,10
154335,154345,154348,3,10
154335,154344,154348,4,9
154335,154345,154349,4,10
154335,154345,154349,4,10
154335,154346,154349,3,11
154335,154346,154349,3,11
154335,154347,154349,2,12
154335,154345,154350,5,10
154335,154345,154349,4,10
154335,154347,154349,2,12
154335,154345,154349,4,10
154335,154345,154349,4,10
154335,154347,154350,3,12
154335,154347,154349,2,12
154335,154347,154350,3,12
154335,154346,154349,3,11
154335,154347,154350,3,12
154335,154347,154350,3,12
154335,154347,154351,4,12
154335,154347,154350,3,12
154335,154348,154350,2,13
154335,154348,154350,2,13
154335,154348,154351,3,13
154335,154347,154350,3,12
154335,154348,154351,3,13
154335,154347,154350,3,12
154335,154347,154351,4,12
154335,154348,154351,3,13
154335,154348,154352,4,13
154335,154349,154351,2,14
154335,154349,154351,2,14
154335,154350,154351,1,15
154335,154350,154351,1,15
154335,154349,154352,3,14
154335,154349,154351,2,14
154335,154348,154352,4,13
154335,154348,154352,4,13
154335,154348,154352,4,13
154335,154348,154352,4,13
154335,154348,154352,4,13
154335,154348,154352,4,13
154335,154349,154352,3,14
154335,154349,154352,3,14
154335,154349,154352,3,14
154335,154350,154353,3,15
154335,154349,154352,3,14
154335,154350,154352,2,15
154335,154350,154352,2,15
154335,154350,154353,3,15
154335,154349,154352,3,14
154335,154348,154352,4,13
154335,154350,154353,3,15
154335,154351,154353,2,16
154335,154350,154353,3,15
154335,154351,154354,3,16
154335,154350,154353,3,15
154335,154351,154353,2,16
154335,154350,154353,3,15
154335,154351,154353,2,16
154335,154350,154353,3,15
154335,154350,154353,3,15
154335,154351,154354,3,16
154335,154351,154354,3,16
154335,154350,154354,4,15
154335,154350,154353,3,15
154335,154351,154354,3,16
154378,154378,154380,2,0
154378,154378,154380,2,0
154378,154378,154380,2,0
154378,154378,154380,2,0
154378,154378,154380,2,0
154378,154378,154380,2,0
154378,154379,154380,1,1
154378,154378,154381,3,0
154378,154378,154381,3,0
154378,154378,154381,3,0
154378,154378,154382,4,0
154378,154378,154381,3,0
154378,154378,154381,3,0
154378,154378,154382,4,0
154378,154378,154382,4,0
154378,154378,154382,4,0
154378,154378,154382,4,0
154378,154378,154382,4,0
154378,154378,154382,4,0
154378,154380,154382,2,2
154378,154378,154382,4,0
154378,154378,154382,4,0
154378,154378,154382,4,0
154378,154380,154382,2,2
154378,154378,154382,4,0
154378,154378,154382,4,0
154378,154378,154383,5,0
154378,154378,154382,4,0
154378,154378,154382,4,0
154378,154378,154383,5,0
154378,154378,154383,5,0
154378,154378,154383,5,0
154378,154381,154383,2,3
154378,154378,154382,4,0
154378,154378,154383,5,0
154378,154378,154383,5,0
154378,154380,154383,3,2
154378,154378,154382,4,0
154378,154378,154382,4,0
154378,154378,154383,5,0
154378,154378,154384,6,0
154378,154380,154384,4,2
154378,154380,154383,3,2
154378,154380,154384,4,2
154378,154378,154384,6,0
154378,154381,154385,4,3
154378,154382,154385,3,4
154378,154382,154385,3,4
154378,154382,154385,3,4
154378,154382,154386,4,4
154378,154381,154385,4,3
154378,154382,154385,3,4
154378,154382,154385,3,4
154378,154383,154386,3,5
154378,154383,154386,3,5
154378,154382,154386,4,4
154378,154382,154386,4,4
154378,154382,154386,4,4
154378,154382,154386,4,4
154378,154382,154386,4,4
154378,154382,154386,4,4
154378,154383,154386,3,5
154378,154384,154386,2,6
154378,154384,154386,2,6
154378,154384,154387,3,6
154378,154382,154386,4,4
154378,154382,154386,4,4
154378,154384,154387,3,6
154378,154383,154387,4,5
154378,154384,154387,3,6
154378,154383,154387,4,5
154378,154383,154387,4,5
154378,154382,154387,5,4
154378,154384,154387,3,6
154378,154384,154387,3,6
154378,154384,154387,3,6
154378,154384,154387,3,6
154378,154384,154387,3,6
154378,154384,154388,4,6
154378,154384,154388,4,6
154378,154384,154388,4,6
154378,154386,154388,2,8
154378,154387,154388,1,9
154378,154385,154388,3,7
154378,154386,154388,2,8
154378,154387,154389,2,9
154378,154386,154388,2,8
154378,154387,154389,2,9
154378,154386,154389,3,8
154378,154386,154389,3,8
154378,154387,154389,2,9
154378,154386,154389,3,8
154378,154387,154389,2,9
154378,154387,154389,2,9
154378,154387,154389,2,9
154378,154388,154390,2,10
154378,154386,154389,3,8
154378,154387,154389,2,9
154378,154387,154389,2,9
154378,154386,154389,3,8
154378,154387,154389,2,9
154378,154387,154390,3,9
154378,154386,154390,4,8
154378,154387,154390,3,9
154378,154388,154390,2,10
154378,154388,154390,2,10
154378,154388,154390,2,10
154378,154387,154390,3,9
154378,154388,154391,3,10
154378,154388,154390,2,10
154378,154388,154391,3,10
154378,154388,154390,2,10
154378,154388,154390,2,10
154378,154388,154391,3,10
154378,154386,154391,5,8
154378,154388,154391,3,10
154378,154379,154383,4,1
154378,154379,154382,3,1
154378,154379,154382,3,1
153595,153599,154397,798,4
154378,154397,154398,1,19
154400,154400,154402,2,0
154400,154400,154403,3,0
154400,154400,154403,3,0
154400,154400,154403,3,0
154400,154400,154402,2,0
154400,154400,154403,3,0
154400,154400,154404,4,0
154400,154400,154404,4,0
154400,154400,154404,4,0
154400,154400,154404,4,0
154400,154400,154404,4,0
154400,154400,154403,3,0
154400,154400,154404,4,0
154400,154400,154403,3,0
154400,154400,154404,4,0
154400,154400,154403,3,0
154400,154400,154404,4,0
154400,154400,154403,3,0
154400,154400,154404,4,0
154400,154400,154404,4,0
154400,154400,154403,3,0
154400,154400,154404,4,0
154400,154400,154404,4,0
154400,154400,154403,3,0
154400,154400,154404,4,0
154400,154400,154403,3,0
154400,154400,154404,4,0
154400,154400,154403,3,0
154400,154400,154404,4,0
154400,154400,154405,5,0
154400,154400,154404,4,0
154400,154400,154404,4,0
154400,154400,154404,4,0
154400,154400,154405,5,0
154400,154400,154404,4,0
154400,154400,154405,5,0
154400,154400,154405,5,0
154400,154400,154404,4,0
154400,154400,154406,6,0
154400,154403,154406,3,3
154400,154400,154405,5,0
154400,154403,154406,3,3
154400,154403,154406,3,3
154400,154403,154407,4,3
154400,154403,154407,4,3
154400,154404,154406,2,4
154400,154404,154407,3,4
154400,154403,154407,4,3
154400,154404,154407,3,4
154400,154404,154406,2,4
154400,154404,154407,3,4
154400,154404,154407,3,4
154400,154404,154407,3,4
154400,154400,154406,6,0
154400,154404,154407,3,4
154400,154404,154407,3,4
154400,154405,154408,3,5
154400,154405,154408,3,5
154400,154404,154408,4,4
154400,154404,154407,3,4
154400,154404,154408,4,4
154400,154404,154408,4,4
154400,154404,154408,4,4
154400,154404,154408,4,4
154400,154404,154408,4,4
154400,154404,154408,4,4
154400,154404,154408,4,4
154400,154404,154408,4,4
154400,154404,154408,4,4
154400,154404,154408,4,4
154400,154405,154408,3,5
154400,154406,154409,3,6
154400,154405,154409,4,5
154400,154406,154409,3,6
154400,154405,154408,3,5
154400,154404,154408,4,4
154400,154405,154409,4,5
154400,154405,154409,4,5
154400,154405,154409,4,5
154400,154406,154409,3,6
154400,154405,154409,4,5
154400,154406,154409,3,6
154400,154407,154410,3,7
154400,154407,154410,3,7
154400,154407,154410,3,7
154400,154405,154410,5,5
154400,154407,154410,3,7
154400,154407,154410,3,7
154400,154407,154410,3,7
154400,154406,154410,4,6
154400,154408,154411,3,8
154400,154409,154411,2,9
154400,154408,154411,3,8
154400,154407,154411,4,7
154400,154407,154410,3,7
154400,154407,154411,4,7
154400,154408,154411,3,8
154400,154407,154411,4,7
154400,154408,154411,3,8
154400,154408,154411,3,8
154400,154408,154411,3,8
154400,154408,154412,4,8
154400,154407,154411,4,7
154400,154409,154411,2,9
154400,154407,154411,4,7
154400,154409,154411,2,9
154400,154409,154411,2,9
154400,154408,154411,3,8
154400,154409,154412,3,9
154400,154409,154412,3,9
154400,154409,154412,3,9
154400,154408,154411,3,8
154400,154408,154412,4,8
154400,154409,154412,3,9
154400,154410,154412,2,10
154400,154408,154412,4,8
154400,154410,154412,2,10
154400,154410,154412,2,10
154400,154410,154412,2,10
154400,154410,154412,2,10
153566,153566,154439,873,0
154447,154447,154449,2,0
154447,154447,154449,2,0
154447,154447,154449,2,0
154447,154447,154450,3,0
154447,154447,154450,3,0
154447,154447,154450,3,0
154447,154447,154450,3,0
154447,154447,154449,2,0
154447,154447,154450,3,0
154447,154447,154450,3,0
154447,154447,154451,4,0
154447,154447,154451,4,0
154447,154447,154451,4,0
154447,154447,154450,3,0
154447,154447,154451,4,0
154447,154447,154451,4,0
154447,154447,154451,4,0
154447,154447,154450,3,0
154447,154447,154450,3,0
154447,154447,154450,3,0
154447,154447,154450,3,0
154447,154447,154451,4,0
154447,154447,154451,4,0
154447,154447,154451,4,0
154447,154447,154451,4,0
154447,154447,154451,4,0
154447,154447,154451,4,0
154447,154447,154451,4,0
154447,154447,154450,3,0
154447,154447,154451,4,0
154447,154450,154452,2,3
154447,154447,154452,5,0
154447,154447,154451,4,0
154447,154447,154451,4,0
154447,154447,154452,5,0
154447,154447,154451,4,0
154447,154447,154451,4,0
154447,154450,154452,2,3
154447,154447,154452,5,0
154447,154447,154451,4,0
154447,154449,154452,3,2
154447,154450,154452,2,3
154447,154449,154453,4,2
154447,154449,154453,4,2
154447,154450,154453,3,3
154447,154451,154454,3,4
154447,154451,154454,3,4
154447,154451,154454,3,4
154447,154451,154454,3,4
154447,154451,154454,3,4
154447,154451,154454,3,4
154447,154452,154455,3,5
154447,154451,154455,4,4
154447,154451,154455,4,4
154447,154451,154455,4,4
154447,154451,154455,4,4
154447,154451,154455,4,4
154447,154451,154455,4,4
154447,154451,154455,4,4
154447,154451,154455,4,4
154447,154451,154455,4,4
154447,154451,154455,4,4
154447,154452,154456,4,5
154447,154451,154456,5,4
154447,154451,154456,5,4
154447,154453,154455,2,6
154447,154451,154456,5,4
154447,154453,154456,3,6
154447,154453,154456,3,6
154447,154451,154456,5,4
154447,154452,154456,4,5
154447,154453,154456,3,6
154447,154452,154456,4,5
154447,154452,154456,4,5
154447,154453,154456,3,6
154447,154453,154456,3,6
154447,154451,154456,5,4
154447,154454,154456,2,7
154447,154453,154456,3,6
154447,154452,154456,4,5
154447,154454,154457,3,7
154447,154455,154457,2,8
154447,154456,154458,2,9
154447,154455,154457,2,8
154447,154455,154457,2,8
154447,154456,154458,2,9
154447,154456,154458,2,9
154447,154454,154458,4,7
154447,154454,154458,4,7
154447,154455,154458,3,8
154447,154455,154458,3,8
154447,154455,154458,3,8
154447,154456,154459,3,9
154447,154456,154458,2,9
154447,154456,154458,2,9
154447,154456,154458,2,9
154447,154456,154459,3,9
154447,154455,154458,3,8
154447,154456,154458,2,9
154447,154455,154459,4,8
154447,154456,154459,3,9
154447,154457,154460,3,10
154447,154457,154459,2,10
154447,154456,154459,3,9
154447,154457,154459,2,10
154447,154457,154459,2,10
154447,154456,154459,3,9
154447,154457,154459,2,10
154447,154457,154459,2,10
154447,154457,154459,2,10
154447,154457,154459,2,10
154447,154456,154460,4,9
154447,154456,154460,4,9
154447,154457,154460,3,10
154447,154457,154460,3,10
153543,153548,154461,913,5
153597,153599,154462,863,2
153568,153568,154463,895,0
154447,154447,154451,4,0
154447,154447,154451,4,0
154447,154447,154450,3,0
154447,154464,154465,1,17
154447,154464,154465,1,17
154465,154465,154467,2,0
154465,154465,154466,1,0
154465,154465,154467,2,0
154465,154465,154467,2,0
154465,154465,154468,3,0
154465,154465,154468,3,0
154465,154465,154468,3,0
154465,154465,154468,3,0
154465,154465,154468,3,0
154465,154465,154469,4,0
154465,154465,154468,3,0
154465,154465,154469,4,0
154465,154465,154469,4,0
154465,154465,154468,3,0
154465,154465,154469,4,0
154465,154465,154469,4,0
154465,154465,154469,4,0
154465,154465,154469,4,0
154465,154465,154469,4,0
154465,154465,154468,3,0
154465,154467,154469,2,2
154465,154466,154469,3,1
154465,154465,154469,4,0
154465,154465,154469,4,0
154465,154465,154468,3,0
154465,154465,154469,4,0
154465,154465,154469,4,0
154465,154465,154469,4,0
154465,154465,154469,4,0
154465,154467,154470,3,2
154465,154465,154470,5,0
154465,154465,154470,5,0
154465,154465,154469,4,0
154465,154465,154470,5,0
154465,154465,154469,4,0
154465,154468,154470,2,3
154465,154465,154470,5,0
154465,154465,154469,4,0
154465,154465,154469,4,0
154465,154465,154469,4,0
154465,154465,154469,4,0
154465,154465,154469,4,0
154465,154466,154470,4,1
154465,154467,154469,2,2
154465,154465,154469,4,0
154465,154465,154470,5,0
154465,154465,154469,4,0
154465,154467,154469,2,2
154465,154468,154470,2,3
154465,154468,154472,4,3
154465,154469,154472,3,4
154465,154468,154472,4,3
154465,154469,154472,3,4
154465,154469,154473,4,4
154465,154470,154473,3,5
154465,154469,154473,4,4
154465,154470,154473,3,5
154465,154470,154473,3,5
154465,154470,154473,3,5
154465,154469,154473,4,4
154465,154469,154472,3,4
154465,154469,154473,4,4
154465,154469,154473,4,4
154465,154469,154473,4,4
154465,154470,154473,3,5
154465,154469,154473,4,4
154465,154469,154473,4,4
154465,154469,154473,4,4
154465,154470,154473,3,5
154465,154469,154473,4,4
154465,154469,154473,4,4
154465,154469,154472,3,4
154465,154470,154473,3,5
154465,154470,154473,3,5
154465,154471,154474,3,6
154465,154470,154473,3,5
154465,154470,154474,4,5
154465,154470,154474,4,5
154465,154470,154474,4,5
154465,154470,154474,4,5
154465,154469,154474,5,4
154465,154470,154474,4,5
154465,154470,154474,4,5
154465,154470,154474,4,5
154465,154470,154474,4,5
154465,154470,154474,4,5
154465,154469,154474,5,4
154465,154470,154474,4,5
154465,154470,154474,4,5
154465,154470,154474,4,5
154465,154472,154475,3,7
154465,154473,154475,2,8
154465,154470,154475,5,5
154465,154470,154475,5,5
154465,154472,154475,3,7
154465,154473,154476,3,8
154465,154473,154476,3,8
154465,154473,154476,3,8
154465,154472,154476,4,7
154465,154473,154476,3,8
154465,154473,154476,3,8
154465,154473,154476,3,8
154465,154474,154476,2,9
154465,154473,154476,3,8
154465,154473,154476,3,8
154465,154473,154477,4,8
154465,154474,154477,3,9
154465,154474,154476,2,9
154465,154473,154476,3,8
154465,154473,154476,3,8
154465,154474,154477,3,9
154465,154474,154476,2,9
154465,154474,154476,2,9
154465,154473,154477,4,8
154465,154473,154476,3,8
154465,154474,154477,3,9
154465,154474,154477,3,9
154465,154474,154477,3,9
154465,154475,154477,2,10
154465,154475,154478,3,10
154465,154474,154477,3,9
154465,154475,154478,3,10
154465,154475,154478,3,10
154465,154475,154478,3,10
154465,154475,154478,3,10
154465,154475,154478,3,10
154465,154475,154479,4,10
154465,154475,154478,3,10
154465,154475,154478,3,10
154465,154475,154479,4,10
154465,154475,154479,4,10
154465,154475,154479,4,10
154465,154475,154479,4,10
154465,154477,154479,2,12
154465,154477,154479,2,12
154465,154477,154479,2,12
154465,154477,154479,2,12
154465,154476,154479,3,11
154465,154475,154479,4,10
154465,154475,154479,4,10
154465,154477,154479,2,12
154465,154477,154479,2,12
154465,154477,154479,2,12
154465,154477,154479,2,12
154465,154476,154479,3,11
154465,154476,154480,4,11
154465,154477,154480,3,12
154465,154477,154480,3,12
154465,154477,154480,3,12
154465,154476,154480,4,11
154465,154477,154480,3,12
154465,154477,154480,3,12
154465,154477,154481,4,12
154465,154477,154480,3,12
154465,154477,154480,3,12
154465,154478,154481,3,13
154465,154477,154480,3,12
154465,154478,154480,2,13
154465,154478,154480,2,13
154465,154477,154480,3,12
154465,154478,154481,3,13
154465,154478,154481,3,13
154465,154476,154480,4,11
154465,154478,154481,3,13
154465,154478,154481,3,13
154465,154480,154482,2,15
154465,154480,154482,2,15
154465,154480,154481,1,15
154465,154477,154482,5,12
154465,154479,154481,2,14
154465,154479,154481,2,14
154465,154479,154481,2,14
154465,154480,154482,2,15
154465,154479,154483,4,14
154465,154479,154482,3,14
154465,154479,154482,3,14
154465,154479,154483,4,14
154465,154479,154482,3,14
154465,154480,154482,2,15
154465,154480,154482,2,15
154465,154480,154482,2,15
154465,154479,154482,3,14
154465,154479,154482,3,14
154465,154479,154482,3,14
154465,154479,154483,4,14
154465,154479,154483,4,14
154465,154479,154483,4,14
154465,154481,154484,3,16
154465,154480,154484,4,15
154465,154480,154484,4,15
154465,154481,154484,3,16
154465,154480,154483,3,15
154465,154480,154484,4,15
154465,154481,154484,3,16
154465,154481,154484,3,16
154465,154481,154484,3,16
154465,154481,154484,3,16
154465,154482,154485,3,17
154465,154482,154485,3,17
154465,154481,154485,4,16
154465,154481,154484,3,16
154465,154481,154485,4,16
154465,154482,154485,3,17
154465,154481,154485,4,16
154465,154481,154484,3,16
154465,154481,154485,4,16
154465,154481,154484,3,16
154465,154481,154485,4,16
154465,154482,154485,3,17
154465,154484,154485,1,19
154465,154482,154485,3,17
154465,154482,154485,3,17
154465,154482,154486,4,17
154465,154483,154486,3,18
154465,154483,154486,3,18
154465,154483,154485,2,18
154465,154483,154486,3,18
154465,154483,154485,2,18
154465,154483,154485,2,18
154465,154481,154486,5,16
154465,154483,154486,3,18
154465,154483,154485,2,18
154465,154482,154485,3,17
154465,154482,154486,4,17
154465,154483,154486,3,18
154465,154483,154486,3,18
154465,154484,154486,2,19
154465,154484,154486,2,19
154465,154483,154486,3,18
154465,154484,154486,2,19
154465,154484,154487,3,19
154465,154484,154487,3,19
154465,154484,154486,2,19
154465,154484,154487,3,19
154465,154484,154487,3,19
154465,154484,154487,3,19
154465,154484,154487,3,19
154465,154483,154486,3,18
154465,154483,154486,3,18
154465,154485,154487,2,20
153642,153648,154510,862,6
153602,153602,154514,912,0
154522,154522,154525,3,0
154522,154522,154525,3,0
154522,154522,154525,3,0
154522,154522,154525,3,0
154522,154522,154525,3,0
154522,154522,154525,3,0
154522,154522,154525,3,0
154522,154522,154525,3,0
154522,154522,154525,3,0
154522,154522,154525,3,0
154522,154522,154525,3,0
154522,154522,154525,3,0
154522,154522,154526,4,0
154522,154522,154526,4,0
154522,154522,154525,3,0
154522,154522,154526,4,0
154522,154522,154526,4,0
154522,154522,154526,4,0
154522,154522,154526,4,0
154522,154522,154526,4,0
154522,154522,154526,4,0
154522,154522,154526,4,0
154522,154522,154526,4,0
154522,154522,154526,4,0
154522,154522,154526,4,0
154522,154522,154526,4,0
154522,154522,154526,4,0
154522,154522,154526,4,0
154522,154522,154526,4,0
154522,154522,154526,4,0
154522,154522,154526,4,0
154522,154522,154526,4,0
154522,154525,154527,2,3
154522,154522,154527,5,0
154522,154522,154527,5,0
154522,154522,154527,5,0
154522,154522,154527,5,0
154522,154525,154527,2,3
154522,154522,154527,5,0
154522,154522,154527,5,0
154522,154526,154528,2,4
154522,154522,154527,5,0
154522,154526,154528,2,4
154522,154522,154527,5,0
154522,154522,154527,5,0
154522,154526,154528,2,4
154522,154526,154527,1,4
154522,154526,154528,2,4
154522,154526,154529,3,4
154522,154527,154530,3,5
154522,154527,154529,2,5
154522,154527,154529,2,5
154522,154527,154529,2,5
154522,154526,154529,3,4
154522,154526,154530,4,4
154522,154527,154529,2,5
154522,154526,154529,3,4
154522,154526,154530,4,4
154522,154527,154530,3,5
154522,154526,154529,3,4
154522,154527,154530,3,5
154522,154527,154530,3,5
154522,154527,154530,3,5
154522,154528,154531,3,6
154522,154527,154530,3,5
154522,154527,154530,3,5
154522,154528,154531,3,6
154522,154528,154530,2,6
154522,154528,154531,3,6
154522,154527,154530,3,5
154522,154527,154530,3,5
154522,154527,154530,3,5
154522,154527,154530,3,5
154522,154528,154531,3,6
154522,154528,154531,3,6
154522,154528,154531,3,6
154522,154527,154531,4,5
154522,154528,154531,3,6
154522,154527,154531,4,5
154522,154527,154531,4,5
154522,154528,154531,3,6
154522,154528,154531,3,6
154522,154527,154531,4,5
154522,154528,154531,3,6
154522,154528,154531,3,6
154522,154528,154532,4,6
154522,154528,154531,3,6
154522,154529,154532,3,7
154522,154530,154532,2,8
154522,154526,154532,6,4
154522,154531,154532,1,9
154522,154530,154532,2,8
154522,154530,154532,2,8
154522,154531,154533,2,9
154522,154529,154532,3,7
154522,154530,154533,3,8
154522,154530,154532,2,8
154522,154530,154533,3,8
154522,154530,154533,3,8
154522,154530,154532,2,8
154522,154531,154533,2,9
154522,154531,154533,2,9
154522,154531,154534,3,9
154522,154530,154533,3,8
154522,154530,154533,3,8
154522,154531,154534,3,9
154522,154531,154533,2,9
154522,154531,154534,3,9
154522,154531,154533,2,9
154522,154530,154533,3,8
154522,154531,154533,2,9
154522,154531,154534,3,9
154522,154531,154534,3,9
154522,154531,154533,2,9
154522,154531,154533,2,9
154522,154532,154534,2,10
154522,154532,154534,2,10
154522,154532,154535,3,10
154522,154532,154535,3,10
154522,154531,154534,3,9
154522,154531,154534,3,9
154522,154532,154535,3,10
154522,154532,154535,3,10
154522,154532,154535,3,10
154522,154533,154535,2,11
154522,154532,154536,4,10
154522,154533,154536,3,11
154522,154533,154536,3,11
154522,154533,154535,2,11
154522,154533,154536,3,11
154522,154532,154536,4,10
154522,154532,154535,3,10
154522,154532,154535,3,10
154522,154533,154536,3,11
154522,154532,154535,3,10
154522,154533,154536,3,11
154522,154533,154536,3,11
154522,154532,154536,4,10
154522,154533,154536,3,11
154522,154533,154536,3,11
154522,154533,154536,3,11
154522,154534,154537,3,12
154522,154534,154536,2,12
154522,154534,154537,3,12
154522,154534,154536,2,12
154522,154535,154537,2,13
154522,154534,154537,3,12
154522,154533,154536,3,11
154522,154534,154537,3,12
154522,154534,154536,2,12
154522,154534,154536,2,12
154522,154534,154537,3,12
154522,154535,154537,2,13
154522,154535,154537,2,13
154522,154534,154538,4,12
154522,154535,154538,3,13
154522,154534,154537,3,12
154522,154535,154538,3,13
154522,154534,154538,4,12
154522,154534,154537,3,12
154522,154535,154538,3,13
154522,154535,154538,3,13
154522,154536,154538,2,14
154522,154537,154539,2,15
154522,154537,154539,2,15
154522,154536,154539,3,14
154522,154536,154539,3,14
154522,154536,154539,3,14
154522,154534,154539,5,12
154522,154536,154538,2,14
154522,154536,154539,3,14
154522,154538,154540,2,16
154522,154536,154539,3,14
154522,154536,154540,4,14
154522,154537,154540,3,15
154522,154536,154539,3,14
154522,154536,154540,4,14
154522,154536,154540,4,14
154522,154536,154540,4,14
154522,154537,154540,3,15
154522,154537,154540,3,15
154522,154536,154540,4,14
154522,154537,154540,3,15
154522,154536,154540,4,14
154522,154537,154540,3,15
154522,154536,154540,4,14
154522,154536,154540,4,14
154522,154537,154540,3,15
154522,154537,154540,3,15
154522,154537,154540,3,15
154522,154537,154540,3,15
154522,154538,154540,2,16
153648,153648,154541,893,0
154522,154537,154541,4,15
154522,154538,154540,2,16
154522,154538,154541,3,16
154522,154538,154541,3,16
154522,154538,154541,3,16
154522,154537,154541,4,15
154522,154538,154541,3,16
154522,154538,154541,3,16
154522,154537,154541,4,15
154522,154539,154541,2,17
154522,154539,154542,3,17
154522,154540,154542,2,18
154522,154538,154542,4,16
154522,154540,154542,2,18
154522,154539,154543,4,17
154522,154539,154543,4,17
154522,154539,154542,3,17
154522,154540,154542,2,18
154522,154540,154543,3,18
154522,154540,154543,3,18
154522,154541,154543,2,19
154522,154539,154543,4,17
154522,154539,154543,4,17
154522,154540,154543,3,18
154522,154540,154543,3,18
154522,154542,154543,1,20
154522,154539,154543,4,17
154522,154539,154543,4,17
154522,154540,154543,3,18
154522,154540,154543,3,18
154522,154539,154543,4,17
154522,154541,154543,2,19
154522,154541,154543,2,19
154522,154541,154543,2,19
154522,154541,154543,2,19
154522,154541,154543,2,19
154522,154541,154543,2,19
154522,154540,154543,3,18
154522,154541,154544,3,19
154522,154540,154544,4,18
154522,154540,154544,4,18
154523,154542,154544,2,19
154522,154540,154544,4,18
154523,154542,154544,2,19
154522,154541,154544,3,19
154522,154541,154544,3,19
154523,154542,154545,3,19
154523,154542,154544,2,19
154522,154541,154544,3,19
153600,153602,154544,942,2
153645,153648,154545,897,3
154523,154544,154546,2,21
154523,154542,154545,3,19
154523,154542,154545,3,19
154523,154542,154545,3,19
154523,154544,154546,2,21
154523,154544,154546,2,21
154523,154544,154546,2,21
154523,154543,154546,3,20
154523,154545,154546,1,22
154523,154544,154546,2,21
154523,154544,154546,2,21
154523,154544,154546,2,21
154523,154544,154546,2,21
154523,154544,154547,3,21
154523,154543,154546,3,20
154523,154543,154546,3,20
154523,154543,154546,3,20
154523,154545,154547,2,22
154523,154544,154547,3,21
154523,154544,154547,3,21
154523,154543,154546,3,20
154523,154543,154546,3,20
154523,154543,154547,4,20
154522,154544,154547,3,22
154522,154544,154547,3,22
154522,154544,154546,2,22
154523,154544,154547,3,21
154523,154544,154547,3,21
154523,154544,154547,3,21
154523,154544,154547,3,21
153639,153640,154548,908,1
154523,154545,154547,2,22
153651,153651,154547,896,0
154523,154545,154547,2,22
154523,154545,154547,2,22
154523,154544,154547,3,21
154523,154545,154547,2,22
154523,154544,154548,4,21
154523,154544,154548,4,21
154523,154545,154548,3,22
154523,154545,154548,3,22
154523,154547,154549,2,24
154523,154544,154548,4,21
154523,154545,154549,4,22
154523,154544,154548,4,21
154523,154544,154548,4,21
154523,154545,154549,4,22
154523,154545,154549,4,22
154523,154547,154550,3,24
154523,154547,154549,2,24
154523,154545,154549,4,22
154523,154546,154550,4,23
154523,154547,154550,3,24
154523,154546,154549,3,23
154523,154547,154550,3,24
154523,154547,154550,3,24
154523,154546,154550,4,23
154523,154546,154550,4,23
154523,154547,154550,3,24
154523,154547,154550,3,24
154523,154546,154550,4,23
154523,154547,154550,3,24
154523,154547,154551,4,24
154523,154547,154550,3,24
154523,154548,154550,2,25
154523,154548,154550,2,25
154523,154548,154550,2,25
154523,154547,154550,3,24
154523,154547,154550,3,24
154523,154547,154551,4,24
154523,154548,154551,3,25
154523,154548,154551,3,25
154523,154547,154550,3,24
154523,154548,154551,3,25
154523,154547,154550,3,24
154523,154547,154551,4,24
154523,154548,154551,3,25
154523,154547,154550,3,24
154523,154547,154551,4,24
154523,154547,154550,3,24
154523,154548,154551,3,25
154523,154547,154550,3,24
154523,154547,154551,4,24
154523,154548,154551,3,25
154523,154548,154551,3,25
154523,154549,154552,3,26
154523,154548,154552,4,25
154523,154548,154551,3,25
154523,154549,154551,2,26
154523,154549,154552,3,26
154523,154549,154552,3,26
154523,154548,154552,4,25
154523,154549,154552,3,26
154523,154549,154552,3,26
154523,154549,154552,3,26
154523,154550,154552,2,27
154523,154550,154552,2,27
154523,154549,154552,3,26
154523,154550,154553,3,27
154523,154551,154553,2,28
154523,154550,154553,3,27
154523,154550,154553,3,27
154523,154550,154553,3,27
154523,154550,154553,3,27
154523,154549,154553,4,26
154523,154550,154553,3,27
154523,154551,154554,3,28
154523,154551,154554,3,28
154523,154551,154554,3,28
154523,154551,154554,3,28
154523,154551,154554,3,28
154523,154550,154553,3,27
154523,154550,154553,3,27
154523,154551,154554,3,28
154523,154551,154554,3,28
154523,154551,154553,2,28
154523,154551,154553,2,28
154523,154550,154554,4,27
154523,154550,154553,3,27
154523,154551,154554,3,28
154523,154551,154554,3,28
154542,154553,154555,2,11
154542,154553,154555,2,11
154542,154551,154555,4,9
154542,154551,154555,4,9
154542,154551,154555,4,9
154542,154551,154555,4,9
154542,154551,154555,4,9
154542,154552,154555,3,10
154542,154552,154555,3,10
154542,154552,154555,3,10
154542,154553,154555,2,11
154542,154554,154555,1,12
154542,154552,154556,4,10
154542,154552,154555,3,10
154542,154554,154556,2,12
154542,154554,154556,2,12
154542,154552,154555,3,10
154542,154551,154556,5,9
154542,154552,154556,4,10
154542,154552,154556,4,10
154542,154552,154556,4,10
154542,154554,154556,2,12
154542,154552,154556,4,10
154542,154552,154556,4,10
154542,154552,154556,4,10
154542,154552,154556,4,10
154542,154553,154555,2,11
154542,154552,154556,4,10
154542,154553,154556,3,11
154542,154553,154556,3,11
154542,154553,154557,4,11
154542,154554,154556,2,12
154542,154554,154557,3,12
154542,154554,154556,2,12
154542,154554,154557,3,12
154542,154554,154557,3,12
154542,154553,154557,4,11
154542,154553,154558,5,11
154542,154554,154558,4,12
154542,154555,154558,3,13
154542,154555,154558,3,13
154542,154554,154558,4,12
154542,154554,154558,4,12
154542,154554,154558,4,12
154542,154554,154558,4,12
154542,154555,154558,3,13
153656,153658,154558,900,2
154542,154556,154558,2,14
154542,154554,154558,4,12
154542,154556,154559,3,14
154542,154555,154559,4,13
154542,154555,154559,4,13
154542,154556,154559,3,14
154542,154555,154559,4,13
154542,154556,154559,3,14
154542,154556,154559,3,14
154542,154557,154559,2,15
154542,154556,154559,3,14
154542,154556,154559,3,14
154542,154556,154559,3,14
154542,154556,154559,3,14
154542,154556,154560,4,14
154542,154555,154560,5,13
154542,154556,154560,4,14
154542,154556,154560,4,14
154542,154556,154560,4,14
154542,154556,154560,4,14
154542,154557,154560,3,15
154542,154557,154560,3,15
154542,154556,154560,4,14
154542,154556,154560,4,14
154542,154557,154560,3,15
154542,154557,154560,3,15
154542,154557,154561,4,15
154542,154556,154561,5,14
154542,154556,154561,5,14
154542,154557,154561,4,15
154542,154556,154560,4,14
154542,154557,154561,4,15
154542,154559,154561,2,17
154542,154559,154561,2,17
154542,154557,154561,4,15
154542,154558,154561,3,16
154542,154559,154561,2,17
154542,154559,154562,3,17
154542,154559,154562,3,17
154542,154559,154562,3,17
154542,154559,154561,2,17
154542,154559,154562,3,17
154542,154557,154562,5,15
154542,154558,154562,4,16
154542,154559,154562,3,17
154542,154558,154562,4,16
154542,154559,154562,3,17
153697,153697,154562,865,0
154542,154559,154563,4,17
154542,154558,154562,4,16
154542,154560,154563,3,18
154542,154558,154562,4,16
154542,154560,154563,3,18
154542,154560,154563,3,18
154542,154559,154563,4,17
154542,154560,154563,3,18
154542,154559,154563,4,17
154542,154560,154563,3,18
154542,154560,154563,3,18
154542,154560,154563,3,18
154542,154560,154564,4,18
154542,154561,154563,2,19
154542,154561,154563,2,19
154542,154560,154563,3,18
154542,154560,154564,4,18
154542,154561,154564,3,19
154542,154560,154564,4,18
154542,154561,154564,3,19
154542,154561,154564,3,19
154542,154561,154564,3,19
154542,154561,154564,3,19
154542,154561,154564,3,19
154542,154561,154564,3,19
154542,154561,154564,3,19
154542,154561,154565,4,19
153704,153704,154565,861,0
153662,153662,154590,928,0
153605,153605,154593,988,0
153700,153709,154599,890,9
154607,154608,154609,1,1
154607,154608,154610,2,1
154607,154608,154611,3,1
154607,154608,154610,2,1
154607,154608,154610,2,1
154607,154608,154610,2,1
154607,154608,154610,2,1
154607,154608,154610,2,1
154607,154608,154610,2,1
154607,154608,154610,2,1
154607,154608,154611,3,1
154607,154608,154611,3,1
154607,154608,154611,3,1
154607,154608,154611,3,1
154607,154608,154611,3,1
154607,154608,154611,3,1
154607,154608,154611,3,1
154607,154608,154612,4,1
154607,154608,154611,3,1
154607,154608,154611,3,1
154607,154608,154611,3,1
154607,154608,154611,3,1
154607,154608,154611,3,1
153747,153755,154611,856,8
154607,154608,154612,4,1
154607,154608,154611,3,1
154607,154608,154611,3,1
154607,154608,154611,3,1
154607,154608,154612,4,1
154607,154608,154611,3,1
154607,154608,154611,3,1
154607,154608,154611,3,1
154607,154608,154611,3,1
154607,154608,154611,3,1
154607,154608,154612,4,1
154607,154608,154612,4,1
154607,154608,154612,4,1
154607,154608,154612,4,1
154607,154608,154612,4,1
154607,154608,154612,4,1
154607,154608,154613,5,1
154607,154608,154612,4,1
154607,154608,154612,4,1
154607,154608,154612,4,1
154607,154608,154612,4,1
154607,154608,154612,4,1
154607,154608,154612,4,1
154607,154608,154612,4,1
154607,154608,154612,4,1
154607,154608,154612,4,1
154607,154608,154612,4,1
154607,154611,154613,2,4
154607,154611,154614,3,4
154607,154611,154613,2,4
154607,154612,154614,2,5
154607,154612,154614,2,5
154607,154612,154613,1,5
154607,154608,154613,5,1
154607,154611,154614,3,4
154607,154610,154613,3,3
154607,154611,154614,3,4
154607,154611,154614,3,4
154607,154611,154614,3,4
154607,154611,154614,3,4
154607,154612,154614,2,5
154607,154611,154614,3,4
154607,154612,154615,3,5
154607,154612,154615,3,5
154607,154612,154614,2,5
154607,154613,154615,2,6
154607,154613,154615,2,6
154607,154612,154615,3,5
154607,154612,154615,3,5
154607,154612,154615,3,5
154607,154612,154615,3,5
154607,154612,154616,4,5
154607,154612,154615,3,5
154607,154612,154615,3,5
154607,154613,154616,3,6
154607,154612,154615,3,5
154607,154613,154616,3,6
154607,154613,154616,3,6
154607,154612,154615,3,5
154607,154612,154616,4,5
154607,154612,154615,3,5
154607,154613,154616,3,6
154607,154612,154615,3,5
154607,154613,154616,3,6
154607,154613,154616,3,6
154607,154612,154616,4,5
154607,154612,154615,3,5
154607,154612,154616,4,5
154607,154612,154615,3,5
154607,154612,154615,3,5
154607,154612,154615,3,5
154607,154613,154615,2,6
154607,154614,154616,2,7
154607,154613,154616,3,6
154607,154613,154616,3,6
154607,154614,154617,3,7
154607,154613,154617,4,6
154607,154613,154616,3,6
154607,154613,154617,4,6
154607,154614,154617,3,7
154607,154613,154617,4,6
154607,154613,154616,3,6
154607,154614,154617,3,7
154607,154614,154617,3,7
154607,154614,154617,3,7
154607,154615,154617,2,8
154607,154613,154616,3,6
154607,154614,154616,2,7
154607,154615,154617,2,8
154607,154614,154617,3,7
154607,154615,154617,2,8
154607,154615,154617,2,8
154607,154615,154618,3,8
154607,154615,154618,3,8
154607,154615,154617,2,8
154607,154615,154618,3,8
154607,154615,154617,2,8
154607,154615,154618,3,8
154607,154615,154618,3,8
154607,154616,154618,2,9
154607,154616,154618,2,9
154607,154616,154619,3,9
154607,154616,154619,3,9
154607,154616,154618,2,9
154607,154616,154619,3,9
154607,154616,154619,3,9
154607,154616,154618,2,9
154607,154616,154619,3,9
154607,154616,154619,3,9
154607,154616,154619,3,9
154607,154617,154619,2,10
154607,154616,154618,2,9
154607,154617,154619,2,10
154607,154617,154619,2,10
154607,154616,154619,3,9
154607,154616,154619,3,9
154607,154616,154620,4,9
154607,154617,154620,3,10
154607,154616,154620,4,9
154607,154616,154620,4,9
154607,154616,154620,4,9
154607,154616,154620,4,9
154607,154617,154619,2,10
154607,154617,154620,3,10
154607,154616,154620,4,9
154607,154616,154620,4,9
154607,154616,154619,3,9
154607,154616,154620,4,9
154607,154616,154620,4,9
154607,154616,154620,4,9
154607,154617,154620,3,10
154607,154617,154620,3,10
154607,154617,154620,3,10
154607,154617,154621,4,10
154607,154617,154621,4,10
154607,154616,154621,5,9
154607,154617,154621,4,10
154607,154617,154621,4,10
154607,154617,154621,4,10
154607,154618,154621,3,11
154607,154618,154621,3,11
154607,154619,154622,3,12
154607,154618,154622,4,11
154607,154618,154622,4,11
154607,154618,154622,4,11
154607,154618,154622,4,11
154607,154620,154622,2,13
154607,154617,154621,4,10
154607,154619,154622,3,12
154607,154620,154622,2,13
154607,154617,154621,4,10
154607,154618,154622,4,11
154607,154618,154622,4,11
154607,154618,154622,4,11
154607,154619,154622,3,12
154607,154619,154622,3,12
154607,154618,154622,4,11
154607,154618,154622,4,11
154607,154619,154622,3,12
154607,154619,154623,4,12
154607,154618,154622,4,11
154607,154619,154622,3,12
154607,154620,154623,3,13
154607,154619,154623,4,12
154607,154620,154623,3,13
154607,154620,154623,3,13
154607,154620,154623,3,13
154607,154620,154623,3,13
154607,154619,154623,4,12
154607,154620,154623,3,13
154607,154620,154623,3,13
154607,154619,154624,5,12
154607,154619,154623,4,12
154607,154620,154623,3,13
154607,154619,154623,4,12
154607,154621,154623,2,14
154607,154621,154623,2,14
154607,154620,154624,4,13
154607,154620,154624,4,13
154607,154620,154624,4,13
154607,154620,154624,4,13
154607,154621,154625,4,14
154607,154621,154625,4,14
154607,154623,154624,1,16
154607,154621,154624,3,14
154607,154621,154624,3,14
154607,154623,154624,1,16
154607,154621,154625,4,14
154607,154621,154624,3,14
154607,154621,154624,3,14
154607,154622,154625,3,15
154607,154622,154625,3,15
154607,154622,154625,3,15
154607,154623,154625,2,16
154607,154621,154625,4,14
154607,154622,154625,3,15
154607,154623,154625,2,16
154607,154623,154625,2,16
154607,154622,154626,4,15
154607,154623,154625,2,16
154607,154621,154625,4,14
154607,154621,154625,4,14
154607,154623,154625,2,16
154607,154623,154626,3,16
154607,154623,154626,3,16
154607,154623,154626,3,16
154607,154623,154625,2,16
154607,154622,154625,3,15
154607,154622,154626,4,15
154607,154622,154626,4,15
154607,154623,154626,3,16
154607,154623,154626,3,16
154607,154623,154626,3,16
154607,154623,154626,3,16
154607,154623,154626,3,16
154607,154623,154626,3,16
154608,154625,154627,2,17
154607,154622,154627,5,15
154608,154625,154627,2,17
154608,154625,154627,2,17
154608,154626,154627,1,18
154608,154626,154627,1,18
154608,154626,154627,1,18
154608,154624,154627,3,16
154608,154624,154627,3,16
154608,154624,154627,3,16
154608,154624,154627,3,16
154608,154624,154627,3,16
154608,154624,154627,3,16
154608,154624,154627,3,16
154608,154625,154628,3,17
154608,154624,154628,4,16
154608,154625,154628,3,17
154608,154625,154628,3,17
154608,154626,154628,2,18
154608,154623,154628,5,15
154608,154625,154628,3,17
154608,154625,154628,3,17
154608,154625,154628,3,17
154608,154624,154628,4,16
154608,154625,154628,3,17
154608,154626,154629,3,18
154608,154626,154628,2,18
154608,154625,154628,3,17
154608,154626,154629,3,18
154608,154626,154628,2,18
154608,154624,154628,4,16
154608,154624,154628,4,16
154608,154624,154628,4,16
154608,154626,154629,3,18
154608,154624,154629,5,16
154608,154626,154629,3,18
154608,154625,154629,4,17
154608,154626,154629,3,18
154608,154627,154630,3,19
154608,154626,154630,4,18
154608,154627,154629,2,19
154608,154627,154629,2,19
154608,154626,154629,3,18
154608,154627,154630,3,19
154608,154627,154629,2,19
154608,154625,154629,4,17
154608,154626,154630,4,18
154608,154626,154630,4,18
154608,154628,154631,3,20
154608,154625,154630,5,17
154608,154628,154631,3,20
154608,154625,154631,6,17
154608,154628,154631,3,20
154608,154628,154631,3,20
154608,154629,154631,2,21
154608,154629,154632,3,21
154608,154629,154632,3,21
154608,154628,154632,4,20
154608,154628,154631,3,20
154608,154628,154632,4,20
154608,154629,154631,2,21
154608,154628,154631,3,20
154608,154627,154632,5,19
154608,154627,154631,4,19
154608,154628,154632,4,20
154608,154628,154632,4,20
154608,154628,154631,3,20
154608,154627,154632,5,19
154608,154629,154632,3,21
154608,154627,154632,5,19
154608,154629,154632,3,21
154608,154628,154632,4,20
154608,154629,154632,3,21
154608,154629,154632,3,21
154608,154629,154632,3,21
154608,154629,154633,4,21
154608,154629,154633,4,21
154608,154629,154633,4,21
154608,154629,154633,4,21
154608,154629,154633,4,21
154608,154629,154632,3,21
154608,154629,154632,3,21
154608,154630,154633,3,22
154608,154630,154633,3,22
154608,154630,154632,2,22
154608,154629,154633,4,21
154608,154630,154633,3,22
154608,154630,154633,3,22
154608,154630,154633,3,22
154608,154629,154633,4,21
154608,154629,154633,4,21
154608,154629,154633,4,21
154608,154630,154633,3,22
154608,154628,154633,5,20
154608,154629,154634,5,21
154608,154629,154633,4,21
154608,154630,154634,4,22
154608,154630,154634,4,22
154608,154631,154634,3,23
154608,154632,154635,3,24
154608,154630,154634,4,22
154608,154631,154634,3,23
154608,154632,154635,3,24
154608,154631,154634,3,23
154608,154631,154635,4,23
154608,154632,154635,3,24
154608,154632,154635,3,24
154608,154632,154635,3,24
154608,154632,154635,3,24
154608,154632,154635,3,24
154608,154632,154635,3,24
154608,154632,154635,3,24
154608,154632,154636,4,24
154608,154632,154635,3,24
154608,154632,154636,4,24
154608,154632,154636,4,24
153669,153670,154636,966,1
154608,154632,154636,4,24
154608,154632,154635,3,24
154608,154633,154635,2,25
154608,154633,154636,3,25
154608,154634,154636,2,26
154608,154632,154636,4,24
154608,154632,154636,4,24
154608,154632,154636,4,24
154608,154633,154637,4,25
154608,154635,154637,2,27
154608,154635,154637,2,27
154608,154635,154637,2,27
154608,154633,154637,4,25
154608,154633,154637,4,25
154608,154634,154637,3,26
154608,154633,154637,4,25
154608,154635,154637,2,27
154608,154633,154637,4,25
154608,154633,154638,5,25
154608,154633,154638,5,25
154608,154633,154638,5,25
154608,154633,154638,5,25
154608,154633,154638,5,25
154608,154633,154637,4,25
154608,154634,154637,3,26
154608,154633,154638,5,25
154608,154633,154638,5,25
154608,154633,154637,4,25
154608,154633,154638,5,25
154608,154633,154638,5,25
154608,154633,154638,5,25
154608,154635,154638,3,27
154608,154633,154638,5,25
154608,154634,154638,4,26
154608,154634,154638,4,26
154608,154637,154639,2,29
154608,154633,154638,5,25
154608,154636,154639,3,28
154608,154637,154638,1,29
154608,154637,154639,2,29
154608,154634,154639,5,26
154608,154634,154638,4,26
154608,154636,154639,3,28
154608,154637,154639,2,29
154608,154636,154639,3,28
154608,154636,154640,4,28
154608,154636,154639,3,28
154608,154636,154639,3,28
154608,154636,154639,3,28
154608,154636,154640,4,28
154608,154636,154640,4,28
154608,154637,154639,2,29
154608,154636,154640,4,28
154608,154636,154640,4,28
154608,154635,154640,5,27
154608,154635,154640,5,27
154608,154636,154640,4,28
154608,154636,154640,4,28
154608,154638,154641,3,30
154608,154636,154640,4,28
154608,154636,154640,4,28
154608,154636,154640,4,28
154608,154636,154640,4,28
154608,154637,154641,4,29
154608,154638,154641,3,30
154608,154638,154641,3,30
154608,154638,154641,3,30
154608,154639,154641,2,31
154608,154639,154641,2,31
154608,154638,154641,3,30
154608,154639,154641,2,31
154608,154639,154641,2,31
154608,154639,154641,2,31
154608,154638,154641,3,30
154608,154639,154642,3,31
154608,154638,154642,4,30
154608,154638,154641,3,30
154608,154637,154642,5,29
154608,154638,154642,4,30
154608,154638,154642,4,30
154608,154637,154642,5,29
154608,154637,154642,5,29
154608,154637,154642,5,29
154608,154638,154642,4,30
154608,154639,154642,3,31
154608,154640,154643,3,32
154608,154639,154642,3,31
154608,154639,154642,3,31
154608,154639,154642,3,31
154608,154639,154642,3,31
154608,154639,154643,4,31
154608,154639,154643,4,31
153654,153654,154643,989,0
154608,154638,154643,5,30
154608,154638,154643,5,30
154608,154640,154643,3,32
154608,154641,154644,3,33
154608,154641,154643,2,33
154608,154640,154643,3,32
154608,154640,154644,4,32
154608,154640,154644,4,32
154608,154640,154644,4,32
154608,154640,154644,4,32
154608,154640,154644,4,32
154608,154640,154644,4,32
154608,154640,154644,4,32
154608,154638,154644,6,30
154608,154641,154645,4,33
154608,154638,154644,6,30
154608,154641,154644,3,33
154608,154641,154644,3,33
154608,154640,154644,4,32
154608,154641,154644,3,33
154608,154642,154645,3,34
154608,154641,154644,3,33
154608,154641,154644,3,33
154608,154641,154644,3,33
154608,154641,154645,4,33
154608,154641,154645,4,33
154608,154641,154645,4,33
154608,154642,154645,3,34
154608,154642,154645,3,34
154608,154642,154645,3,34
154608,154642,154645,3,34
154608,154643,154646,3,35
154608,154642,154645,3,34
154608,154642,154646,4,34
154608,154643,154646,3,35
154608,154642,154646,4,34
154608,154644,154646,2,36
154608,154642,154646,4,34
154608,154642,154646,4,34
154608,154642,154646,4,34
154608,154641,154646,5,33
154608,154643,154646,3,35
154608,154643,154646,3,35
154608,154644,154647,3,36
154608,154643,154647,4,35
154608,154645,154647,2,37
154608,154643,154647,4,35
154608,154643,154647,4,35
154608,154643,154647,4,35
154608,154645,154647,2,37
154608,154645,154647,2,37
154608,154645,154647,2,37
154608,154643,154647,4,35
154608,154643,154647,4,35
154608,154645,154647,2,37
154608,154643,154648,5,35
154608,154646,154648,2,38
154608,154645,154648,3,37
154608,154646,154647,1,38
154608,154646,154647,1,38
154608,154644,154648,4,36
154608,154644,154648,4,36
154608,154645,154648,3,37
154608,154646,154647,1,38
154608,154646,154647,1,38
154608,154646,154647,1,38
154608,154644,154648,4,36
154608,154646,154648,2,38
154608,154643,154648,5,35
154608,154643,154648,5,35
154608,154646,154648,2,38
154608,154643,154648,5,35
154608,154645,154648,3,37
154608,154644,154648,4,36
154608,154643,154648,5,35
154608,154644,154649,5,36
154608,154644,154648,4,36
154608,154644,154648,4,36
154608,154645,154649,4,37
154608,154645,154648,3,37
154608,154646,154649,3,38
154608,154644,154648,4,36
154608,154644,154649,5,36
154608,154645,154649,4,37
154608,154645,154649,4,37
154608,154646,154649,3,38
154608,154645,154650,5,37
154608,154645,154649,4,37
154608,154647,154650,3,39
154608,154647,154650,3,39
154608,154646,154650,4,38
154608,154646,154650,4,38
154608,154646,154650,4,38
154608,154647,154651,4,39
154608,154648,154651,3,40
154608,154648,154651,3,40
154608,154648,154650,2,40
154608,154648,154651,3,40
154608,154648,154651,3,40
154608,154648,154650,2,40
154608,154648,154651,3,40
154608,154648,154651,3,40
154608,154647,154651,4,39
154608,154648,154651,3,40
154608,154648,154652,4,40
154608,154649,154652,3,41
154608,154648,154651,3,40
154608,154648,154652,4,40
154608,154647,154651,4,39
154608,154648,154651,3,40
154608,154649,154652,3,41
154608,154646,154652,6,38
154608,154648,154652,4,40
154608,154648,154652,4,40
154608,154647,154652,5,39
154608,154648,154652,4,40
154608,154648,154652,4,40
154608,154648,154652,4,40
154608,154648,154652,4,40
154608,154650,154652,2,42
154608,154648,154652,4,40
154608,154648,154652,4,40
154608,154648,154652,4,40
154608,154649,154652,3,41
154608,154649,154653,4,41
154608,154648,154652,4,40
154608,154648,154652,4,40
154608,154649,154653,4,41
154608,154649,154653,4,41
154608,154649,154653,4,41
154608,154649,154653,4,41
154608,154649,154653,4,41
154608,154648,154652,4,40
154608,154648,154653,5,40
154608,154648,154653,5,40
154608,154649,154653,4,41
154608,154650,154653,3,42
154608,154650,154653,3,42
154608,154650,154653,3,42
154608,154649,154653,4,41
154608,154651,154654,3,43
154608,154651,154654,3,43
154608,154651,154654,3,43
154608,154650,154654,4,42
154608,154650,154654,4,42
154608,154651,154654,3,43
154608,154652,154654,2,44
154608,154651,154654,3,43
154608,154652,154655,3,44
154608,154652,154655,3,44
154608,154651,154654,3,43
154608,154651,154655,4,43
154608,154652,154655,3,44
154608,154651,154655,4,43
154608,154651,154655,4,43
154608,154651,154655,4,43
154608,154651,154655,4,43
154608,154651,154655,4,43
154608,154651,154655,4,43
154608,154654,154656,2,46
154608,154652,154655,3,44
154608,154654,154655,1,46
154608,154654,154655,1,46
154608,154654,154655,1,46
154608,154652,154655,3,44
154608,154652,154655,3,44
154608,154652,154655,3,44
154608,154653,154656,3,45
154608,154652,154656,4,44
154608,154652,154655,3,44
154608,154652,154655,3,44
154608,154653,154656,3,45
154608,154652,154655,3,44
154608,154653,154656,3,45
154608,154652,154656,4,44
154608,154653,154656,3,45
154608,154653,154656,3,45
154608,154652,154656,4,44
154608,154653,154656,3,45
154608,154653,154656,3,45
154608,154652,154656,4,44
154608,154653,154656,3,45
154608,154654,154656,2,46
154608,154653,154656,3,45
154608,154653,154656,3,45
154608,154653,154656,3,45
154608,154654,154657,3,46
154608,154654,154657,3,46
154608,154653,154657,4,45
154608,154653,154657,4,45
154608,154653,154657,4,45
154608,154655,154657,2,47
154608,154655,154656,1,47
154608,154655,154656,1,47
154608,154655,154657,2,47
154608,154655,154657,2,47
154608,154653,154656,3,45
154608,154653,154656,3,45
154608,154653,154657,4,45
154608,154655,154657,2,47
154608,154653,154657,4,45
154608,154655,154658,3,47
154608,154655,154658,3,47
154608,154655,154658,3,47
154608,154654,154657,3,46
154608,154654,154658,4,46
154608,154655,154659,4,47
154608,154656,154658,2,48
154608,154655,154659,4,47
154608,154656,154659,3,48
154608,154656,154659,3,48
154608,154655,154659,4,47
154608,154654,154659,5,46
154608,154656,154660,4,48
154608,154656,154659,3,48
154608,154656,154659,3,48
154608,154656,154660,4,48
154608,154656,154659,3,48
154608,154657,154660,3,49
154608,154655,154659,4,47
154608,154656,154660,4,48
154608,154657,154660,3,49
154608,154656,154659,3,48
154608,154657,154660,3,49
154608,154656,154659,3,48
154608,154656,154660,4,48
154608,154657,154660,3,49
154608,154657,154660,3,49
154608,154657,154660,3,49
154608,154657,154660,3,49
154608,154656,154660,4,48
154608,154657,154660,3,49
154608,154657,154660,3,49
154608,154656,154660,4,48
154608,154656,154660,4,48
154608,154656,154660,4,48
154608,154657,154660,3,49
154608,154656,154660,4,48
154608,154656,154660,4,48
154608,154656,154660,4,48
154608,154658,154660,2,50
154608,154657,154660,3,49
154608,154657,154660,3,49
154608,154657,154660,3,49
154608,154657,154660,3,49
154608,154657,154660,3,49
153849,153863,154661,798,14
154608,154657,154660,3,49
154608,154657,154661,4,49
154608,154658,154660,2,50
154608,154656,154660,4,48
154608,154657,154661,4,49
154608,154658,154661,3,50
154608,154658,154661,3,50
154608,154657,154661,4,49
154608,154657,154661,4,49
154608,154657,154661,4,49
154608,154657,154661,4,49
154608,154657,154661,4,49
154608,154658,154661,3,50
154608,154659,154661,2,51
154608,154660,154662,2,52
154608,154660,154662,2,52
154608,154659,154662,3,51
154608,154659,154661,2,51
154608,154659,154662,3,51
154608,154660,154662,2,52
154608,154660,154662,2,52
154608,154660,154663,3,52
154608,154660,154662,2,52
154608,154660,154663,3,52
154608,154660,154662,2,52
154608,154661,154663,2,53
154608,154661,154663,2,53
154608,154660,154663,3,52
154608,154660,154663,3,52
154608,154661,154663,2,53
154608,154661,154663,2,53
154608,154662,154663,1,54
154608,154662,154663,1,54
154608,154661,154664,3,53
154608,154661,154664,3,53
154608,154662,154663,1,54
154608,154662,154663,1,54
154608,154660,154663,3,52
154608,154660,154663,3,52
154608,154660,154663,3,52
154608,154661,154663,2,53
154608,154661,154663,2,53
154608,154661,154664,3,53
154608,154660,154664,4,52
154608,154660,154664,4,52
154608,154661,154664,3,53
154608,154661,154664,3,53
154608,154660,154664,4,52
154608,154660,154664,4,52
154608,154660,154664,4,52
154608,154660,154664,4,52
154608,154660,154664,4,52
154608,154661,154664,3,53
154608,154661,154664,3,53
154608,154661,154664,3,53
154608,154662,154664,2,54
154608,154661,154664,3,53
154608,154661,154665,4,53
154608,154661,154664,3,53
154608,154662,154665,3,54
154608,154661,154665,4,53
154608,154661,154664,3,53
154608,154661,154664,3,53
154608,154662,154665,3,54
154608,154663,154665,2,55
154608,154663,154664,1,55
154608,154663,154665,2,55
154608,154663,154664,1,55
154608,154663,154665,2,55
154608,154661,154665,4,53
154608,154661,154665,4,53
154608,154661,154665,4,53
154608,154662,154665,3,54
154608,154661,154666,5,53
154608,154661,154665,4,53
154608,154661,154665,4,53
154608,154662,154665,3,54
154608,154663,154666,3,55
154608,154662,154665,3,54
154608,154663,154666,3,55
154608,154663,154666,3,55
154608,154664,154666,2,56
154608,154663,154666,3,55
154608,154663,154667,4,55
154608,154664,154666,2,56
154608,154663,154666,3,55
154608,154664,154667,3,56
154608,154664,154666,2,56
154608,154664,154667,3,56
154608,154664,154667,3,56
154608,154664,154667,3,56
154608,154665,154667,2,57
154608,154665,154667,2,57
154608,154665,154668,3,57
154608,154665,154668,3,57
154608,154665,154667,2,57
154608,154664,154667,3,56
154608,154665,154667,2,57
154608,154664,154668,4,56
154608,154664,154668,4,56
154608,154665,154668,3,57
154608,154665,154667,2,57
154608,154665,154668,3,57
154608,154665,154668,3,57
154608,154665,154668,3,57
154608,154665,154668,3,57
154608,154665,154668,3,57
154608,154665,154668,3,57
154608,154665,154668,3,57
154608,154665,154668,3,57
154608,154663,154668,5,55
154608,154664,154668,4,56
154608,154664,154668,4,56
154608,154664,154668,4,56
154608,154665,154668,3,57
154608,154665,154668,3,57
154608,154665,154668,3,57
154608,154665,154668,3,57
154608,154665,154668,3,57
154608,154665,154668,3,57
154608,154666,154669,3,58
154608,154665,154668,3,57
154608,154665,154669,4,57
154608,154666,154669,3,58
154608,154666,154669,3,58
154608,154666,154668,2,58
154608,154665,154668,3,57
154608,154666,154669,3,58
154608,154667,154669,2,59
154608,154667,154669,2,59
154608,154665,154669,4,57
154608,154666,154669,3,58
154608,154666,154669,3,58
154608,154666,154669,3,58
154608,154667,154670,3,59
154608,154666,154669,3,58
154608,154666,154669,3,58
154608,154666,154669,3,58
154608,154667,154670,3,59
154608,154667,154670,3,59
154608,154667,154670,3,59
154608,154667,154669,2,59
154608,154667,154670,3,59
154619,154668,154670,2,49
154608,154666,154670,4,58
154608,154667,154670,3,59
154619,154669,154670,1,50
154619,154669,154670,1,50
154619,154669,154671,2,50
154608,154667,154670,3,59
154619,154668,154671,3,49
154619,154668,154671,3,49
154619,154668,154671,3,49
154608,154668,154670,2,60
154619,154668,154671,3,49
154619,154668,154671,3,49
154619,154669,154671,2,50
154619,154670,154671,1,51
154619,154668,154671,3,49
154619,154670,154672,2,51
154619,154668,154671,3,49
154619,154669,154671,2,50
154619,154669,154671,2,50
154619,154669,154672,3,50
154619,154669,154672,3,50
154619,154669,154672,3,50
154619,154668,154672,4,49
154619,154668,154672,4,49
154619,154668,154672,4,49
154619,154668,154672,4,49
154619,154669,154672,3,50
154619,154668,154672,4,49
154619,154668,154672,4,49
154619,154668,154672,4,49
154619,154668,154672,4,49
154619,154668,154671,3,49
154619,154669,154672,3,50
154619,154669,154672,3,50
154619,154670,154672,2,51
154619,154670,154672,2,51
154619,154670,154673,3,51
154619,154669,154672,3,50
154619,154669,154673,4,50
154619,154670,154672,2,51
154619,154669,154673,4,50
154619,154669,154673,4,50
154619,154669,154673,4,50
154619,154670,154673,3,51
154619,154670,154673,3,51
154619,154669,154673,4,50
154619,154669,154672,3,50
154619,154669,154673,4,50
154619,154669,154672,3,50
154619,154671,154674,3,52
154619,154671,154674,3,52
154619,154671,154673,2,52
154619,154671,154674,3,52
154619,154671,154674,3,52
154619,154672,154674,2,53
154619,154672,154674,2,53
154619,154669,154673,4,50
154619,154670,154674,4,51
154619,154671,154674,3,52
154619,154672,154674,2,53
154619,154671,154674,3,52
154619,154671,154674,3,52
154619,154671,154674,3,52
154619,154671,154675,4,52
154619,154671,154675,4,52
154619,154672,154675,3,53
154619,154672,154674,2,53
154619,154671,154675,4,52
154619,154672,154675,3,53
154619,154672,154675,3,53
154619,154672,154674,2,53
154619,154671,154674,3,52
154619,154672,154675,3,53
154619,154672,154675,3,53
154619,154672,154675,3,53
154619,154672,154675,3,53
154619,154672,154675,3,53
154619,154672,154675,3,53
154619,154672,154675,3,53
154619,154672,154675,3,53
154619,154672,154675,3,53
154619,154671,154675,4,52
154619,154673,154676,3,54
154619,154673,154675,2,54
154619,154671,154675,4,52
154619,154673,154675,2,54
154619,154672,154675,3,53
154619,154673,154676,3,54
154619,154673,154676,3,54
154619,154673,154676,3,54
154619,154673,154676,3,54
154619,154673,154676,3,54
154619,154673,154676,3,54
154619,154673,154676,3,54
154619,154672,154676,4,53
154619,154673,154676,3,54
154619,154672,154676,4,53
154619,154675,154677,2,56
154619,154675,154677,2,56
154619,154674,154676,2,55
154619,154675,154677,2,56
154619,154675,154677,2,56
154619,154673,154676,3,54
154619,154673,154677,4,54
154619,154674,154677,3,55
154619,154674,154677,3,55
154619,154674,154677,3,55
154619,154673,154677,4,54
154619,154673,154677,4,54
154619,154673,154677,4,54
154619,154675,154677,2,56
154619,154675,154677,2,56
154619,154675,154677,2,56
154619,154673,154677,4,54
154619,154675,154677,2,56
154619,154675,154677,2,56
154619,154675,154677,2,56
154619,154675,154678,3,56
154619,154675,154677,2,56
154619,154675,154677,2,56
154619,154675,154677,2,56
154619,154675,154677,2,56
154619,154675,154677,2,56
154619,154675,154678,3,56
154619,154675,154678,3,56
154619,154676,154679,3,57
154619,154678,154679,1,59
154619,154675,154679,4,56
154619,154675,154679,4,56
154619,154675,154679,4,56
154619,154675,154678,3,56
154619,154676,154679,3,57
154619,154677,154679,2,58
154619,154677,154679,2,58
154619,154678,154679,1,59
154619,154676,154679,3,57
154619,154676,154680,4,57
154619,154676,154680,4,57
154619,154677,154680,3,58
154619,154677,154680,3,58
154619,154676,154679,3,57
154619,154676,154679,3,57
154619,154676,154679,3,57
154619,154676,154679,3,57
154619,154678,154679,1,59
154619,154677,154680,3,58
154619,154677,154680,3,58
154619,154677,154679,2,58
154619,154676,154680,4,57
154619,154677,154680,3,58
154619,154678,154679,1,59
154619,154678,154680,2,59
154619,154677,154680,3,58
154619,154677,154680,3,58
154619,154678,154680,2,59
154619,154676,154680,4,57
154619,154676,154680,4,57
154619,154676,154680,4,57
154619,154678,154680,2,59
154619,154676,154680,4,57
154619,154678,154680,2,59
154619,154678,154680,2,59
154619,154678,154680,2,59
154619,154677,154681,4,58
154619,154677,154681,4,58
153801,153807,154680,873,6
154619,154677,154680,3,58
154619,154678,154681,3,59
154619,154678,154680,2,59
154619,154676,154681,5,57
154619,154677,154681,4,58
154619,154677,154681,4,58
154619,154677,154680,3,58
154619,154678,154681,3,59
154619,154678,154682,4,59
154619,154678,154681,3,59
154619,154678,154682,4,59
154619,154678,154682,4,59
154619,154677,154681,4,58
154619,154679,154682,3,60
154619,154680,154682,2,61
154619,154680,154683,3,61
154619,154681,154683,2,62
154619,154680,154682,2,61
154619,154680,154683,3,61
154619,154678,154682,4,59
154619,154680,154683,3,61
154619,154679,154682,3,60
154619,154680,154683,3,61
154619,154680,154683,3,61
154619,154680,154683,3,61
154619,154679,154683,4,60
154619,154679,154683,4,60
154619,154681,154683,2,62
154619,154679,154683,4,60
154619,154679,154683,4,60
154619,154680,154683,3,61
154619,154681,154683,2,62
154619,154681,154684,3,62
154619,154681,154683,2,62
154619,154681,154683,2,62
154619,154681,154683,2,62
154619,154680,154683,3,61
154619,154681,154683,2,62
154619,154680,154683,3,61
154619,154680,154683,3,61
154619,154681,154684,3,62
154619,154681,154684,3,62
154619,154680,154683,3,61
154619,154680,154684,4,61
154619,154680,154683,3,61
154619,154680,154683,3,61
154619,154680,154684,4,61
154619,154680,154684,4,61
154619,154680,154684,4,61
154619,154682,154684,2,63
154619,154680,154684,4,61
154619,154680,154684,4,61
154619,154680,154684,4,61
154619,154680,154684,4,61
154619,154679,154684,5,60
154619,154681,154684,3,62
154619,154681,154684,3,62
154619,154683,154685,2,64
154619,154682,154684,2,63
154619,154682,154684,2,63
154619,154682,154685,3,63
154619,154682,154685,3,63
154619,154681,154684,3,62
154619,154681,154685,4,62
154619,154682,154685,3,63
154619,154682,154685,3,63
154619,154682,154685,3,63
154619,154683,154685,2,64
154619,154683,154686,3,64
154619,154683,154686,3,64
154619,154682,154686,4,63
154619,154683,154685,2,64
154619,154683,154685,2,64
154619,154683,154685,2,64
154619,154683,154686,3,64
154619,154683,154686,3,64
154619,154683,154686,3,64
154619,154682,154686,4,63
153690,153690,154692,1002,0
153693,153693,154693,1000,0
153666,153666,154706,1040,0
153659,153659,154709,1050,0
154713,154714,154716,2,1
154713,154714,154717,3,1
154713,154714,154716,2,1
154713,154714,154716,2,1
154713,154714,154716,2,1
154713,154714,154716,2,1
154713,154714,154716,2,1
154713,154714,154716,2,1
154713,154714,154716,2,1
154713,154714,154716,2,1
154713,154714,154716,2,1
154713,154714,154716,2,1
154713,154714,154716,2,1
154713,154714,154716,2,1
154713,154714,154717,3,1
154713,154714,154718,4,1
154713,154714,154717,3,1
154713,154714,154717,3,1
154713,154714,154717,3,1
154713,154714,154717,3,1
154713,154714,154717,3,1
154713,154714,154717,3,1
154713,154714,154717,3,1
154713,154714,154717,3,1
154713,154714,154718,4,1
154713,154714,154717,3,1
154713,154714,154717,3,1
154713,154714,154718,4,1
154713,154714,154717,3,1
154713,154714,154718,4,1
154713,154714,154717,3,1
154713,154714,154717,3,1
154713,154714,154717,3,1
154713,154714,154717,3,1
154713,154714,154717,3,1
154713,154714,154718,4,1
154713,154714,154718,4,1
154713,154714,154719,5,1
154713,154714,154718,4,1
154713,154714,154718,4,1
154713,154714,154719,5,1
154713,154714,154718,4,1
154713,154714,154718,4,1
154713,154714,154718,4,1
154713,154714,154718,4,1
154713,154714,154718,4,1
154713,154714,154718,4,1
154713,154714,154718,4,1
154713,154714,154718,4,1
154713,154714,154718,4,1
154713,154714,154719,5,1
154713,154714,154718,4,1
154713,154714,154719,5,1
154713,154717,154720,3,4
154713,154717,154720,3,4
154713,154717,154719,2,4
154713,154717,154720,3,4
154713,154717,154721,4,4
154713,154717,154720,3,4
154713,154717,154721,4,4
154713,154717,154720,3,4
154713,154718,154721,3,5
154713,154717,154720,3,4
154713,154718,154721,3,5
154713,154717,154720,3,4
154713,154718,154721,3,5
154713,154718,154721,3,5
154713,154718,154721,3,5
154713,154717,154720,3,4
154713,154718,154720,2,5
154713,154717,154720,3,4
154713,154718,154721,3,5
154713,154718,154721,3,5
154713,154718,154721,3,5
154713,154718,154720,2,5
154713,154718,154721,3,5
154713,154718,154721,3,5
154713,154720,154722,2,7
154713,154717,154721,4,4
154713,154718,154721,3,5
154713,154719,154722,3,6
154713,154719,154722,3,6
154713,154718,154722,4,5
154713,154718,154722,4,5
154713,154719,154722,3,6
154713,154717,154721,4,4
154713,154718,154721,3,5
154713,154718,154722,4,5
154713,154718,154722,4,5
154713,154718,154722,4,5
154713,154719,154722,3,6
154713,154719,154722,3,6
154713,154718,154721,3,5
154713,154719,154722,3,6
154713,154720,154722,2,7
154713,154718,154722,4,5
154713,154719,154722,3,6
154713,154719,154722,3,6
154713,154719,154722,3,6
154713,154719,154722,3,6
154713,154719,154723,4,6
154713,154719,154722,3,6
154713,154719,154723,4,6
154713,154719,154722,3,6
154713,154719,154723,4,6
154713,154720,154723,3,7
154713,154719,154723,4,6
154713,154720,154723,3,7
154713,154719,154722,3,6
154713,154719,154722,3,6
154713,154721,154723,2,8
154713,154721,154724,3,8
154713,154721,154723,2,8
154713,154721,154723,2,8
154713,154721,154724,3,8
154713,154722,154724,2,9
154713,154722,154724,2,9
154713,154722,154724,2,9
154713,154721,154724,3,8
154713,154721,154725,4,8
154713,154721,154725,4,8
154713,154723,154725,2,10
154713,154721,154726,5,8
154713,154721,154726,5,8
154713,154723,154726,3,10
154713,154724,154726,2,11
154713,154721,154726,5,8
154713,154721,154726,5,8
154713,154722,154725,3,9
154713,154721,154725,4,8
154713,154721,154725,4,8
154713,154723,154725,2,10
154713,154723,154726,3,10
154713,154721,154726,5,8
154713,154722,154726,4,9
154713,154722,154726,4,9
154713,154724,154726,2,11
154713,154721,154726,5,8
154713,154721,154726,5,8
154713,154721,154726,5,8
154713,154724,154726,2,11
154713,154724,154726,2,11
154713,154721,154725,4,8
154713,154724,154726,2,11
154713,154722,154726,4,9
154713,154725,154727,2,12
154713,154722,154727,5,9
154713,154722,154726,4,9
154713,154723,154727,4,10
154713,154723,154726,3,10
154713,154723,154727,4,10
154713,154723,154727,4,10
154713,154722,154727,5,9
154713,154723,154727,4,10
154713,154722,154727,5,9
154713,154724,154727,3,11
154713,154722,154727,5,9
154713,154722,154727,5,9
154713,154722,154727,5,9
154713,154723,154727,4,10
154713,154722,154727,5,9
154713,154722,154727,5,9
154713,154723,154728,5,10
154713,154725,154727,2,12
154713,154722,154728,6,9
154713,154723,154728,5,10
154713,154723,154728,5,10
154713,154723,154728,5,10
154713,154723,154728,5,10
154713,154723,154728,5,10
154713,154723,154728,5,10
154713,154723,154728,5,10
154713,154724,154729,5,11
154713,154725,154728,3,12
154713,154726,154729,3,13
154713,154727,154729,2,14
154713,154726,154729,3,13
154713,154726,154729,3,13
154713,154727,154730,3,14
154713,154726,154730,4,13
154713,154726,154730,4,13
154713,154727,154730,3,14
154713,154727,154730,3,14
154713,154727,154730,3,14
154713,154727,154730,3,14
154713,154726,154730,4,13
154713,154726,154730,4,13
154713,154726,154730,4,13
154713,154726,154730,4,13
154713,154727,154731,4,14
154713,154726,154730,4,13
154713,154727,154730,3,14
154713,154726,154731,5,13
154713,154727,154731,4,14
154713,154728,154731,3,15
154713,154727,154731,4,14
154713,154727,154731,4,14
154713,154727,154731,4,14
154713,154727,154731,4,14
154713,154727,154731,4,14
154713,154726,154731,5,13
154713,154727,154732,5,14
154713,154726,154731,5,13
154713,154726,154731,5,13
154713,154726,154731,5,13
154713,154726,154731,5,13
154713,154726,154731,5,13
154713,154726,154731,5,13
154713,154726,154731,5,13
154713,154727,154731,4,14
154713,154727,154731,4,14
154713,154726,154731,5,13
154713,154726,154731,5,13
154713,154728,154731,3,15
154713,154728,154731,3,15
154713,154728,154731,3,15
154713,154728,154732,4,15
154713,154728,154732,4,15
154713,154726,154732,6,13
154713,154727,154732,5,14
154713,154729,154733,4,16
154713,154729,154732,3,16
154713,154729,154732,3,16
154713,154729,154733,4,16
154713,154729,154732,3,16
154713,154729,154732,3,16
154713,154729,154732,3,16
154713,154729,154733,4,16
154713,154728,154733,5,15
154713,154729,154733,4,16
154713,154730,154733,3,17
154713,154728,154733,5,15
154713,154731,154733,2,18
154713,154731,154733,2,18
154713,154731,154734,3,18
154713,154730,154733,3,17
154713,154730,154733,3,17
154713,154730,154733,3,17
154713,154730,154733,3,17
154713,154730,154733,3,17
154713,154731,154734,3,18
154713,154732,154734,2,19
154713,154732,154734,2,19
154713,154732,154734,2,19
154713,154732,154734,2,19
154713,154731,154734,3,18
154713,154732,154734,2,19
154713,154732,154734,2,19
154713,154732,154735,3,19
154713,154732,154735,3,19
154713,154731,154734,3,18
154713,154732,154734,2,19
154713,154732,154734,2,19
154713,154732,154734,2,19
154713,154731,154734,3,18
154713,154731,154734,3,18
154713,154731,154734,3,18
154713,154731,154734,3,18
154713,154731,154734,3,18
154713,154731,154735,4,18
154713,154732,154735,3,19
154713,154731,154734,3,18
154713,154732,154735,3,19
154713,154731,154735,4,18
154713,154731,154735,4,18
154713,154731,154735,4,18
154713,154732,154736,4,19
154713,154733,154735,2,20
154713,154732,154735,3,19
154713,154732,154735,3,19
154713,154732,154735,3,19
154713,154733,154736,3,20
154713,154733,154736,3,20
154713,154732,154736,4,19
154713,154732,154736,4,19
154713,154732,154735,3,19
154713,154732,154736,4,19
154713,154732,154735,3,19
154713,154733,154736,3,20
154713,154733,154735,2,20
154713,154733,154736,3,20
154713,154733,154735,2,20
154713,154733,154736,3,20
154713,154734,154736,2,21
154713,154733,154737,4,20
154713,154733,154736,3,20
154713,154733,154736,3,20
154713,154734,154737,3,21
154713,154733,154736,3,20
154713,154733,154736,3,20
154713,154734,154737,3,21
154713,154734,154737,3,21
154713,154734,154737,3,21
154713,154735,154737,2,22
154713,154735,154737,2,22
154713,154735,154737,2,22
154713,154735,154737,2,22
154713,154734,154737,3,21
154713,154735,154738,3,22
154713,154735,154738,3,22
154713,154733,154737,4,20
154713,154734,154737,3,21
154713,154735,154738,3,22
154713,154733,154737,4,20
154713,154735,154738,3,22
154713,154735,154738,3,22
154713,154735,154738,3,22
154713,154735,154738,3,22
154713,154735,154739,4,22
154713,154735,154738,3,22
154713,154735,154738,3,22
154713,154736,154739,3,23
154713,154735,154738,3,22
154713,154735,154739,4,22
154713,154735,154739,4,22
154713,154735,154738,3,22
154713,154736,154738,2,23
154713,154735,154738,3,22
154713,154735,154738,3,22
154713,154735,154738,3,22
154713,154735,154739,4,22
154713,154735,154739,4,22
154713,154735,154738,3,22
154713,154735,154738,3,22
154713,154736,154739,3,23
154713,154734,154739,5,21
154713,154737,154739,2,24
154713,154734,154739,5,21
154713,154736,154739,3,23
154713,154737,154739,2,24
154713,154737,154739,2,24
154713,154736,154739,3,23
154713,154738,154740,2,25
154713,154738,154740,2,25
154713,154737,154740,3,24
154713,154736,154739,3,23
154713,154736,154739,3,23
154713,154737,154740,3,24
154713,154737,154740,3,24
154713,154738,154740,2,25
154713,154736,154739,3,23
154713,154736,154739,3,23
154713,154736,154739,3,23
154713,154737,154740,3,24
154713,154736,154740,4,23
154713,154736,154739,3,23
154713,154736,154740,4,23
154713,154737,154740,3,24
154713,154737,154740,3,24
154713,154736,154740,4,23
154713,154737,154740,3,24
154713,154738,154740,2,25
154713,154738,154741,3,25
154713,154738,154741,3,25
154713,154738,154741,3,25
154713,154737,154740,3,24
154713,154738,154741,3,25
154714,154739,154741,2,25
154714,154739,154742,3,25
154714,154739,154741,2,25
154714,154739,154742,3,25
154713,154738,154741,3,25
154713,154738,154742,4,25
154714,154739,154742,3,25
154713,154738,154742,4,25
154714,154739,154742,3,25
154714,154739,154742,3,25
154714,154738,154742,4,24
154714,154739,154742,3,25
154714,154738,154741,3,24
154714,154739,154742,3,25
154714,154739,154742,3,25
154714,154739,154742,3,25
154714,154739,154742,3,25
154714,154739,154743,4,25
154714,154739,154742,3,25
154714,154739,154742,3,25
154714,154740,154743,3,26
154714,154739,154743,4,25
154714,154739,154743,4,25
154714,154739,154743,4,25
154714,154740,154743,3,26
154714,154739,154743,4,25
154714,154739,154743,4,25
154714,154739,154743,4,25
154714,154740,154743,3,26
154714,154740,154743,3,26
154714,154741,154742,1,27
154714,154739,154742,3,25
154714,154740,154743,3,26
154714,154740,154743,3,26
154714,154740,154743,3,26
154714,154741,154743,2,27
154714,154739,154743,4,25
154714,154740,154743,3,26
154714,154741,154743,2,27
154714,154740,154743,3,26
154714,154740,154743,3,26
154714,154741,154743,2,27
154714,154740,154743,3,26
154714,154740,154744,4,26
154714,154740,154744,4,26
154714,154740,154744,4,26
154714,154741,154744,3,27
154714,154740,154744,4,26
154714,154740,154744,4,26
154714,154740,154744,4,26
154714,154740,154744,4,26
154714,154740,154744,4,26
154714,154740,154744,4,26
154714,154740,154744,4,26
154714,154741,154744,3,27
154714,154741,154744,3,27
153863,153873,154744,871,10
154714,154742,154744,2,28
154714,154741,154745,4,27
154714,154740,154745,5,26
154714,154742,154745,3,28
154714,154743,154746,3,29
154714,154742,154746,4,28
154714,154742,154745,3,28
154714,154742,154745,3,28
154714,154742,154746,4,28
154714,154742,154746,4,28
154714,154742,154746,4,28
154714,154743,154746,3,29
154714,154742,154746,4,28
154714,154744,154746,2,30
154714,154744,154746,2,30
154714,154742,154746,4,28
154714,154744,154746,2,30
154714,154743,154747,4,29
154714,154743,154746,3,29
154714,154742,154747,5,28
154714,154743,154746,3,29
154714,154744,154746,2,30
154714,154744,154746,2,30
154714,154744,154746,2,30
154714,154745,154747,2,31
154714,154744,154747,3,30
154714,154744,154746,2,30
154714,154743,154747,4,29
154714,154743,154747,4,29
154714,154744,154746,2,30
154714,154743,154747,4,29
154714,154743,154747,4,29
154714,154744,154747,3,30
154714,154743,154747,4,29
154714,154743,154747,4,29
154714,154744,154747,3,30
154714,154744,154747,3,30
154714,154744,154747,3,30
154714,154743,154747,4,29
154714,154743,154747,4,29
154714,154743,154747,4,29
154714,154745,154747,2,31
154714,154744,154747,3,30
154714,154744,154747,3,30
154714,154744,154747,3,30
154714,154744,154747,3,30
154714,154744,154747,3,30
154714,154745,154747,2,31
154714,154745,154747,2,31
154714,154745,154748,3,31
154714,154745,154748,3,31
154714,154744,154747,3,30
154714,154745,154748,3,31
154714,154745,154748,3,31
154714,154745,154748,3,31
154714,154745,154748,3,31
154714,154744,154748,4,30
154714,154744,154748,4,30
154714,154744,154748,4,30
154714,154745,154748,3,31
154714,154745,154748,3,31
154714,154746,154748,2,32
154714,154747,154748,1,33
154714,154747,154748,1,33
154714,154745,154748,3,31
154714,154746,154749,3,32
154714,154746,154749,3,32
154714,154746,154749,3,32
154714,154747,154749,2,33
154714,154747,154749,2,33
154714,154747,154749,2,33
154714,154745,154749,4,31
154714,154747,154749,2,33
154714,154747,154749,2,33
154714,154748,154750,2,34
154714,154748,154750,2,34
154714,154747,154749,2,33
154714,154748,154749,1,34
154714,154747,154749,2,33
154714,154747,154750,3,33
154714,154747,154749,2,33
154714,154747,154750,3,33
153867,153884,154750,866,17
154714,154747,154750,3,33
154714,154748,154750,2,34
154714,154747,154751,4,33
154714,154747,154750,3,33
154714,154747,154750,3,33
154714,154747,154750,3,33
154714,154748,154750,2,34
154714,154748,154751,3,34
154714,154748,154751,3,34
154714,154747,154750,3,33
154714,154747,154750,3,33
154714,154748,154751,3,34
154714,154747,154750,3,33
154714,154748,154751,3,34
154714,154747,154750,3,33
154714,154747,154751,4,33
154714,154747,154751,4,33
154714,154747,154750,3,33
154714,154748,154751,3,34
154714,154748,154751,3,34
154714,154747,154751,4,33
154714,154747,154751,4,33
154714,154747,154751,4,33
154714,154748,154752,4,34
154714,154748,154751,3,34
154714,154747,154751,4,33
154714,154747,154751,4,33
154714,154748,154751,3,34
154714,154749,154752,3,35
154714,154749,154751,2,35
154714,154749,154752,3,35
154714,154748,154751,3,34
154714,154749,154752,3,35
154714,154749,154752,3,35
154714,154749,154752,3,35
154714,154749,154752,3,35
154714,154750,154753,3,36
154714,154749,154752,3,35
154714,154751,154753,2,37
154714,154751,154753,2,37
154714,154748,154752,4,34
154714,154748,154752,4,34
154714,154751,154752,1,37
154714,154749,154752,3,35
154714,154749,154753,4,35
154714,154750,154753,3,36
154714,154751,154752,1,37
154714,154751,154752,1,37
154714,154749,154753,4,35
154714,154751,154753,2,37
154714,154749,154752,3,35
154714,154749,154753,4,35
154714,154750,154753,3,36
154714,154750,154752,2,36
154714,154749,154753,4,35
154714,154750,154753,3,36
154714,154750,154753,3,36
154714,154750,154753,3,36
154714,154750,154754,4,36
154714,154750,154754,4,36
154714,154751,154754,3,37
154714,154750,154753,3,36
154714,154750,154754,4,36
154714,154751,154753,2,37
154714,154751,154754,3,37
154714,154750,154753,3,36
154714,154751,154753,2,37
154714,154751,154754,3,37
154714,154751,154753,2,37
154714,154750,154754,4,36
154714,154751,154754,3,37
154714,154751,154753,2,37
154714,154750,154753,3,36
154714,154751,154753,2,37
154714,154751,154754,3,37
154714,154751,154754,3,37
154714,154752,154754,2,38
154714,154752,154754,2,38
154714,154752,154754,2,38
154714,154751,154754,3,37
154714,154751,154754,3,37
154714,154751,154755,4,37
154714,154751,154754,3,37
154714,154752,154755,3,38
154714,154752,154754,2,38
154714,154752,154755,3,38
154714,154752,154755,3,38
154714,154752,154755,3,38
154714,154753,154755,2,39
154714,154753,154755,2,39
154714,154752,154755,3,38
154714,154753,154756,3,39
154714,154753,154755,2,39
154714,154753,154756,3,39
154714,154753,154755,2,39
154714,154754,154755,1,40
154714,154754,154755,1,40
154714,154754,154756,2,40
154714,154752,154755,3,38
154714,154753,154756,3,39
154714,154753,154755,2,39
154714,154753,154756,3,39
154714,154752,154755,3,38
154714,154753,154756,3,39
154714,154753,154756,3,39
154714,154753,154756,3,39
154714,154752,154755,3,38
154714,154753,154756,3,39
154714,154752,154755,3,38
154714,154753,154756,3,39
154714,154754,154756,2,40
154714,154753,154756,3,39
154714,154754,154757,3,40
154714,154754,154757,3,40
154714,154753,154756,3,39
154714,154753,154757,4,39
154714,154753,154756,3,39
154714,154753,154756,3,39
154714,154754,154757,3,40
154714,154755,154757,2,41
154714,154755,154757,2,41
154714,154753,154757,4,39
154714,154754,154757,3,40
154714,154754,154756,2,40
154714,154753,154757,4,39
154714,154754,154757,3,40
154714,154754,154757,3,40
154714,154754,154757,3,40
154714,154755,154757,2,41
154714,154754,154757,3,40
154714,154754,154758,4,40
154714,154755,154758,3,41
154714,154754,154757,3,40
154714,154754,154757,3,40
154714,154755,154758,3,41
154714,154755,154758,3,41
154714,154754,154757,3,40
154714,154754,154758,4,40
154714,154754,154758,4,40
154714,154754,154758,4,40
154714,154755,154758,3,41
154714,154755,154758,3,41
154714,154754,154758,4,40
154714,154755,154758,3,41
154714,154755,154758,3,41
154714,154755,154758,3,41
154714,154756,154758,2,42
154714,154756,154758,2,42
154714,154756,154759,3,42
154714,154756,154759,3,42
154714,154755,154758,3,41
154714,154756,154759,3,42
154714,154757,154759,2,43
154714,154754,154759,5,40
154714,154757,154759,2,43
154714,154757,154759,2,43
154714,154757,154759,2,43
154714,154758,154759,1,44
154714,154758,154759,1,44
154714,154758,154759,1,44
154714,154757,154759,2,43
154714,154756,154759,3,42
154714,154756,154759,3,42
154714,154756,154759,3,42
154714,154756,154759,3,42
154714,154756,154760,4,42
154714,154756,154760,4,42
154714,154756,154759,3,42
154714,154756,154759,3,42
154714,154756,154759,3,42
154714,154757,154760,3,43
154714,154756,154760,4,42
154714,154756,154759,3,42
154714,154756,154759,3,42
154714,154757,154760,3,43
154714,154756,154760,4,42
154714,154757,154760,3,43
154714,154757,154760,3,43
154714,154757,154760,3,43
153845,153851,154760,909,6
154714,154757,154760,3,43
154714,154757,154760,3,43
154714,154757,154760,3,43
154714,154758,154760,2,44
154714,154758,154761,3,44
154714,154758,154761,3,44
154714,154757,154761,4,43
154714,154757,154760,3,43
154714,154758,154761,3,44
154714,154756,154761,5,42
154714,154756,154760,4,42
154714,154757,154761,4,43
154714,154758,154761,3,44
154714,154758,154761,3,44
154714,154758,154760,2,44
154714,154758,154761,3,44
154714,154758,154761,3,44
154714,154759,154761,2,45
154714,154759,154761,2,45
154714,154759,154762,3,45
154714,154760,154762,2,46
154714,154758,154761,3,44
154714,154759,154761,2,45
154714,154758,154761,3,44
154714,154759,154762,3,45
154714,154759,154762,3,45
154714,154759,154762,3,45
154714,154759,154762,3,45
154714,154759,154762,3,45
154714,154759,154762,3,45
154714,154759,154762,3,45
154714,154760,154762,2,46
154714,154760,154762,2,46
154714,154760,154762,2,46
154714,154760,154762,2,46
154714,154759,154762,3,45
154714,154760,154762,2,46
154714,154760,154762,2,46
154714,154759,154762,3,45
154714,154759,154762,3,45
154714,154760,154762,2,46
154714,154760,154763,3,46
154714,154760,154763,3,46
154714,154760,154763,3,46
154714,154759,154763,4,45
154714,154760,154763,3,46
153928,153937,154791,854,9
153964,153970,154800,830,6
154800,154800,154802,2,0
154800,154800,154802,2,0
154800,154800,154803,3,0
154800,154800,154802,2,0
154800,154800,154803,3,0
154800,154800,154802,2,0
154800,154800,154803,3,0
154800,154800,154804,4,0
154800,154800,154803,3,0
154800,154800,154803,3,0
154800,154800,154804,4,0
154800,154800,154804,4,0
154800,154800,154804,4,0
154800,154800,154804,4,0
154800,154800,154803,3,0
154800,154800,154804,4,0
154800,154800,154804,4,0
154800,154800,154804,4,0
154800,154800,154804,4,0
154800,154800,154804,4,0
154800,154800,154804,4,0
154800,154800,154804,4,0
154800,154800,154804,4,0
154800,154800,154805,5,0
154800,154800,154804,4,0
154800,154800,154805,5,0
154800,154800,154805,5,0
154800,154800,154805,5,0
154800,154800,154804,4,0
154800,154800,154805,5,0
154800,154800,154804,4,0
154800,154800,154804,4,0
154800,154800,154805,5,0
154800,154800,154805,5,0
154800,154800,154805,5,0
154800,154800,154805,5,0
154800,154800,154805,5,0
154800,154800,154804,4,0
154800,154800,154804,4,0
154800,154800,154805,5,0
154800,154800,154805,5,0
154800,154800,154805,5,0
154800,154800,154805,5,0
154800,154800,154805,5,0
154800,154800,154804,4,0
154800,154800,154805,5,0
154800,154800,154804,4,0
154800,154800,154805,5,0
154800,154800,154805,5,0
154800,154800,154805,5,0
154800,154800,154805,5,0
154800,154800,154804,4,0
154800,154800,154804,4,0
154800,154800,154805,5,0
154800,154800,154805,5,0
154800,154800,154805,5,0
154800,154800,154806,6,0
154800,154803,154806,3,3
154800,154800,154806,6,0
154800,154803,154806,3,3
154800,154800,154806,6,0
154800,154803,154806,3,3
154800,154803,154806,3,3
154800,154800,154805,5,0
154800,154803,154806,3,3
154800,154801,154806,5,1
154800,154802,154806,4,2
154800,154800,154806,6,0
154800,154803,154806,3,3
154800,154804,154807,3,4
154800,154804,154807,3,4
154800,154804,154807,3,4
154800,154804,154807,3,4
154800,154804,154807,3,4
154800,154804,154808,4,4
154800,154805,154808,3,5
154800,154805,154808,3,5
154800,154804,154808,4,4
154800,154804,154808,4,4
154800,154804,154808,4,4
154800,154804,154808,4,4
154800,154804,154808,4,4
154800,154805,154808,3,5
154800,154804,154808,4,4
154800,154805,154808,3,5
154800,154804,154808,4,4
154800,154805,154808,3,5
154800,154804,154808,4,4
154800,154805,154808,3,5
154800,154805,154809,4,5
154800,154805,154809,4,5
154800,154805,154809,4,5
154800,154805,154809,4,5
154800,154806,154809,3,6
154800,154805,154809,4,5
154800,154805,154809,4,5
154800,154806,154809,3,6
154800,154805,154809,4,5
154800,154805,154809,4,5
154800,154805,154809,4,5
154800,154806,154809,3,6
154800,154804,154809,5,4
154800,154805,154809,4,5
154800,154805,154809,4,5
154800,154805,154809,4,5
154800,154806,154809,3,6
154800,154805,154809,4,5
154800,154805,154809,4,5
154800,154805,154809,4,5
154800,154805,154809,4,5
154800,154806,154809,3,6
154800,154805,154809,4,5
154800,154805,154809,4,5
154800,154805,154809,4,5
154800,154805,154809,4,5
154800,154805,154809,4,5
154800,154805,154809,4,5
154800,154805,154809,4,5
154800,154805,154809,4,5
154800,154805,154809,4,5
154800,154805,154809,4,5
154800,154806,154809,3,6
154800,154807,154810,3,7
154800,154809,154810,1,9
154800,154806,154810,4,6
154800,154806,154810,4,6
154800,154807,154810,3,7
154800,154808,154810,2,8
154800,154806,154810,4,6
154800,154805,154810,5,5
154800,154807,154810,3,7
154800,154807,154810,3,7
154800,154808,154811,3,8
154800,154808,154811,3,8
154800,154808,154811,3,8
154800,154808,154811,3,8
154800,154807,154811,4,7
154800,154807,154811,4,7
154800,154807,154811,4,7
154800,154808,154812,4,8
154800,154808,154811,3,8
154800,154809,154811,2,9
154800,154809,154811,2,9
154800,154808,154811,3,8
154800,154809,154812,3,9
154800,154809,154811,2,9
154800,154808,154812,4,8
154800,154810,154812,2,10
154800,154810,154813,3,10
154800,154810,154812,2,10
154800,154810,154812,2,10
154800,154810,154812,2,10
154800,154809,154812,3,9
154800,154810,154812,2,10
154800,154810,154813,3,10
154800,154810,154812,2,10
154800,154809,154812,3,9
154800,154810,154812,2,10
154800,154810,154812,2,10
154800,154809,154813,4,9
154800,154809,154813,4,9
154800,154809,154813,4,9
154800,154809,154813,4,9
154800,154809,154814,5,9
154800,154809,154813,4,9
154800,154809,154813,4,9
154800,154811,154814,3,11
154800,154810,154813,3,10
154800,154810,154813,3,10
154800,154810,154813,3,10
154800,154810,154813,3,10
154800,154810,154813,3,10
154800,154810,154814,4,10
154800,154810,154814,4,10
154800,154811,154813,2,11
154800,154810,154814,4,10
154800,154810,154813,3,10
154800,154810,154813,3,10
154800,154810,154813,3,10
154800,154810,154814,4,10
154800,154811,154814,3,11
154800,154811,154814,3,11
154800,154811,154814,3,11
154800,154810,154813,3,10
154800,154811,154814,3,11
154800,154810,154814,4,10
154800,154812,154815,3,12
154800,154812,154815,3,12
154800,154812,154815,3,12
154800,154810,154814,4,10
154800,154810,154814,4,10
154800,154811,154815,4,11
154800,154811,154814,3,11
154800,154811,154814,3,11
154800,154810,154814,4,10
154800,154811,154814,3,11
154800,154812,154814,2,12
154800,154812,154815,3,12
154800,154812,154815,3,12
154800,154812,154815,3,12
154800,154812,154815,3,12
154800,154813,154816,3,13
154800,154812,154815,3,12
154800,154813,154815,2,13
154800,154814,154816,2,14
154800,154812,154815,3,12
154800,154812,154815,3,12
154800,154814,154816,2,14
154800,154811,154815,4,11
154800,154813,154816,3,13
154800,154812,154815,3,12
154800,154812,154815,3,12
154800,154812,154815,3,12
154800,154813,154816,3,13
154800,154813,154816,3,13
154800,154813,154815,2,13
154800,154813,154815,2,13
154800,154814,154816,2,14
154800,154814,154816,2,14
154800,154814,154816,2,14
154800,154814,154816,2,14
154800,154813,154816,3,13
154800,154814,154816,2,14
154800,154814,154817,3,14
154800,154814,154816,2,14
154800,154814,154816,2,14
154800,154814,154816,2,14
154800,154813,154816,3,13
154800,154813,154816,3,13
154800,154813,154816,3,13
154800,154814,154816,2,14
154800,154813,154816,3,13
154800,154813,154817,4,13
154800,154814,154816,2,14
154800,154814,154817,3,14
154800,154814,154817,3,14
154800,154815,154817,2,15
154800,154814,154817,3,14
154800,154815,154817,2,15
154800,154815,154816,1,15
154800,154814,154817,3,14
154800,154814,154817,3,14
154800,154816,154818,2,16
154800,154816,154818,2,16
154800,154816,154818,2,16
154800,154814,154817,3,14
154800,154814,154817,3,14
154800,154814,154818,4,14
154800,154814,154817,3,14
154800,154814,154818,4,14
154800,154814,154818,4,14
154800,154814,154818,4,14
154800,154815,154818,3,15
154800,154816,154818,2,16
154800,154816,154819,3,16
154800,154816,154818,2,16
154800,154816,154818,2,16
154800,154815,154818,3,15
154800,154816,154818,2,16
154800,154815,154819,4,15
154800,154816,154818,2,16
154800,154816,154818,2,16
154800,154815,154818,3,15
154800,154815,154818,3,15
154800,154815,154818,3,15
154800,154815,154818,3,15
154800,154815,154819,4,15
154800,154816,154818,2,16
154800,154815,154819,4,15
154800,154816,154819,3,16
154800,154816,154819,3,16
154800,154816,154819,3,16
154800,154815,154818,3,15
154800,154816,154819,3,16
154800,154817,154819,2,17
154800,154817,154820,3,17
154800,154817,154819,2,17
154800,154816,154819,3,16
154800,154817,154820,3,17
154800,154817,154820,3,17
154800,154817,154820,3,17
154800,154817,154820,3,17
154800,154816,154820,4,16
154800,154816,154820,4,16
154800,154817,154820,3,17
154800,154817,154820,3,17
154800,154816,154819,3,16
154800,154816,154819,3,16
154800,154817,154820,3,17
154800,154817,154820,3,17
154800,154817,154820,3,17
154800,154817,154820,3,17
154800,154819,154821,2,19
154800,154817,154821,4,17
154800,154817,154820,3,17
154800,154819,154821,2,19
154800,154819,154821,2,19
154800,154819,154821,2,19
154800,154819,154820,1,19
154800,154817,154821,4,17
154800,154819,154820,1,19
154800,154819,154820,1,19
154800,154817,154821,4,17
154800,154817,154821,4,17
154800,154817,154821,4,17
154800,154817,154821,4,17
154800,154818,154821,3,18
154800,154818,154821,3,18
154800,154817,154821,4,17
154800,154818,154821,3,18
154800,154819,154821,2,19
154800,154817,154821,4,17
154800,154818,154821,3,18
154800,154818,154822,4,18
154800,154818,154821,3,18
154800,154818,154821,3,18
154800,154818,154822,4,18
154800,154818,154821,3,18
154800,154817,154821,4,17
154800,154818,154822,4,18
154800,154818,154822,4,18
154800,154819,154822,3,19
154800,154818,154822,4,18
154800,154819,154822,3,19
154800,154819,154822,3,19
154800,154819,154822,3,19
154800,154819,154822,3,19
154800,154818,154822,4,18
154800,154819,154822,3,19
154800,154819,154822,3,19
154800,154820,154822,2,20
154800,154820,154823,3,20
154800,154820,154822,2,20
154800,154819,154823,4,19
154800,154819,154823,4,19
154800,154819,154823,4,19
154800,154820,154823,3,20
154800,154820,154823,3,20
154800,154820,154823,3,20
154800,154820,154822,2,20
154800,154819,154823,4,19
154800,154818,154823,5,18
154800,154819,154823,4,19
154800,154821,154823,2,21
154800,154821,154823,2,21
154800,154821,154823,2,21
154800,154821,154823,2,21
154800,154822,154823,1,22
154800,154822,154824,2,22
154800,154820,154823,3,20
154800,154820,154823,3,20
154800,154821,154824,3,21
154800,154820,154824,4,20
154800,154821,154823,2,21
154800,154821,154824,3,21
154800,154821,154824,3,21
154800,154821,154824,3,21
154800,154821,154824,3,21
154800,154820,154824,4,20
154800,154820,154823,3,20
154800,154821,154824,3,21
154800,154821,154824,3,21
154800,154820,154824,4,20
154800,154821,154824,3,21
154800,154821,154824,3,21
154800,154821,154824,3,21
154800,154822,154824,2,22
154800,154821,154824,3,21
154800,154821,154824,3,21
154800,154822,154825,3,22
154800,154822,154825,3,22
154800,154822,154825,3,22
154800,154822,154825,3,22
154800,154821,154825,4,21
154800,154821,154825,4,21
154800,154822,154825,3,22
154800,154821,154825,4,21
154800,154821,154825,4,21
154800,154823,154825,2,23
154800,154822,154825,3,22
154800,154823,154825,2,23
154800,154823,154826,3,23
154800,154823,154826,3,23
154800,154822,154826,4,22
154800,154823,154826,3,23
154800,154823,154826,3,23
154800,154822,154826,4,22
154800,154822,154826,4,22
154800,154822,154826,4,22
154800,154823,154827,4,23
154800,154824,154826,2,24
154800,154823,154826,3,23
154800,154824,154826,2,24
154800,154822,154826,4,22
154800,154823,154827,4,23
154800,154823,154826,3,23
154800,154824,154827,3,24
154800,154823,154826,3,23
154800,154823,154827,4,23
154800,154824,154827,3,24
154800,154823,154827,4,23
154800,154824,154828,4,24
154800,154824,154827,3,24
154800,154824,154827,3,24
154800,154824,154828,4,24
154800,154824,154827,3,24
154800,154826,154827,1,26
154800,154826,154827,1,26
154800,154824,154827,3,24
154800,154826,154827,1,26
154800,154826,154828,2,26
154800,154826,154828,2,26
154800,154826,154828,2,26
154800,154823,154827,4,23
154800,154824,154827,3,24
154800,154824,154827,3,24
154800,154824,154827,3,24
154800,154824,154827,3,24
154800,154824,154827,3,24
154800,154824,154828,4,24
154800,154824,154827,3,24
154800,154824,154828,4,24
154800,154825,154828,3,25
154800,154824,154828,4,24
154800,154824,154828,4,24
154800,154824,154827,3,24
154800,154824,154828,4,24
154800,154825,154829,4,25
154800,154823,154828,5,23
154800,154824,154828,4,24
154800,154825,154828,3,25
154800,154825,154828,3,25
154800,154825,154828,3,25
154800,154825,154828,3,25
154800,154825,154828,3,25
154800,154825,154828,3,25
154800,154826,154828,2,26
154800,154826,154828,2,26
154800,154825,154828,3,25
154800,154825,154829,4,25
154800,154824,154829,5,24
154800,154824,154829,5,24
154800,154827,154829,2,27
154800,154825,154829,4,25
154800,154826,154829,3,26
154800,154827,154829,2,27
154800,154827,154829,2,27
154800,154827,154829,2,27
154800,154827,154829,2,27
154800,154827,154829,2,27
154800,154827,154830,3,27
154800,154827,154829,2,27
154800,154827,154830,3,27
154800,154828,154830,2,28
154800,154827,154830,3,27
154800,154827,154831,4,27
154800,154828,154830,2,28
154800,154827,154830,3,27
154800,154827,154830,3,27
154800,154828,154830,2,28
154800,154827,154830,3,27
154800,154828,154831,3,28
154800,154828,154831,3,28
154800,154828,154830,2,28
154800,154828,154831,3,28
154800,154828,154830,2,28
154800,154828,154830,2,28
154800,154828,154831,3,28
154800,154828,154830,2,28
154800,154827,154830,3,27
154800,154827,154830,3,27
154800,154828,154831,3,28
154800,154827,154830,3,27
154800,154828,154831,3,28
154800,154828,154831,3,28
154800,154828,154830,2,28
154800,154827,154830,3,27
154800,154828,154831,3,28
154800,154828,154831,3,28
154800,154828,154832,4,28
154030,154036,154853,817,6
154867,154867,154870,3,0
154867,154867,154870,3,0
154867,154868,154870,2,1
154867,154867,154870,3,0
154867,154868,154870,2,1
154867,154868,154870,2,1
154867,154867,154871,4,0
154867,154868,154871,3,1
154867,154867,154871,4,0
154867,154868,154872,4,1
154867,154868,154871,3,1
154867,154867,154871,4,0
154867,154868,154871,3,1
154867,154868,154872,4,1
154867,154868,154871,3,1
154867,154868,154871,3,1
154867,154868,154871,3,1
154867,154868,154871,3,1
154867,154868,154871,3,1
154867,154868,154871,3,1
154867,154868,154871,3,1
154867,154868,154871,3,1
154867,154868,154871,3,1
154867,154868,154872,4,1
154867,154868,154871,3,1
154867,154868,154871,3,1
154867,154868,154871,3,1
154867,154868,154871,3,1
154867,154868,154871,3,1
154867,154868,154871,3,1
154867,154868,154871,3,1
154867,154868,154871,3,1
154867,154868,154871,3,1
154867,154868,154871,3,1
154867,154868,154872,4,1
154867,154868,154872,4,1
154867,154867,154872,5,0
154867,154868,154872,4,1
154867,154868,154872,4,1
154867,154868,154872,4,1
154867,154868,154872,4,1
154867,154867,154872,5,0
154867,154868,154872,4,1
154867,154868,154873,5,1
154867,154868,154872,4,1
154867,154868,154872,4,1
154867,154868,154872,4,1
154867,154868,154872,4,1
154867,154868,154872,4,1
154867,154868,154872,4,1
154867,154868,154872,4,1
154867,154868,154872,4,1
154867,154868,154872,4,1
154867,154868,154872,4,1
154867,154868,154872,4,1
154867,154868,154872,4,1
154867,154868,154872,4,1
154867,154868,154872,4,1
154867,154868,154872,4,1
154867,154868,154872,4,1
154867,154868,154873,5,1
154867,154868,154873,5,1
154867,154871,154873,2,4
154867,154871,154873,2,4
154867,154871,154873,2,4
154867,154871,154873,2,4
154867,154871,154873,2,4
154867,154871,154874,3,4
154867,154872,154875,3,5
154867,154872,154874,2,5
154867,154872,154875,3,5
154867,154872,154875,3,5
154867,154872,154875,3,5
154867,154872,154875,3,5
154867,154872,154875,3,5
154867,154872,154875,3,5
154867,154872,154875,3,5
154867,154872,154875,3,5
154867,154872,154875,3,5
154867,154872,154875,3,5
154867,154872,154875,3,5
154867,154872,154874,2,5
154867,154873,154876,3,6
154867,154873,154875,2,6
154867,154872,154875,3,5
154867,154872,154876,4,5
154867,154872,154875,3,5
154867,154873,154876,3,6
154867,154873,154876,3,6
154867,154872,154875,3,5
154867,154872,154876,4,5
154867,154872,154876,4,5
154867,154872,154875,3,5
154867,154872,154875,3,5
154867,154872,154875,3,5
154867,154872,154875,3,5
154867,154873,154875,2,6
154867,154872,154875,3,5
154867,154872,154875,3,5
154867,154873,154875,2,6
154867,154873,154875,2,6
154867,154873,154876,3,6
154867,154873,154875,2,6
154867,154873,154876,3,6
154867,154873,154876,3,6
154867,154872,154875,3,5
154867,154873,154875,2,6
154867,154873,154876,3,6
154867,154873,154876,3,6
154867,154873,154876,3,6
154867,154872,154875,3,5
154867,154873,154876,3,6
154867,154873,154876,3,6
154867,154873,154876,3,6
154867,154873,154877,4,6
154867,154873,154876,3,6
154867,154873,154876,3,6
154867,154873,154876,3,6
154867,154873,154876,3,6
154867,154873,154876,3,6
154867,154875,154876,1,8
154867,154875,154877,2,8
154867,154873,154877,4,6
154867,154873,154877,4,6
154867,154874,154877,3,7
154867,154874,154878,4,7
154867,154875,154878,3,8
154867,154874,154878,4,7
154867,154874,154877,3,7
154867,154875,154878,3,8
154867,154875,154878,3,8
154867,154875,154878,3,8
154867,154875,154878,3,8
154867,154874,154877,3,7
154867,154875,154878,3,8
154867,154874,154878,4,7
154867,154874,154877,3,7
154867,154875,154879,4,8
154867,154876,154879,3,9
154867,154876,154878,2,9
154867,154875,154878,3,8
154867,154876,154879,3,9
154867,154875,154878,3,8
154867,154876,154878,2,9
154867,154876,154879,3,9
154867,154876,154879,3,9
154867,154876,154879,3,9
154867,154876,154879,3,9
154867,154876,154879,3,9
154867,154876,154879,3,9
154867,154875,154879,4,8
154867,154875,154879,4,8
154867,154876,154880,4,9
154867,154876,154879,3,9
154867,154876,154880,4,9
154867,154876,154880,4,9
154867,154876,154880,4,9
154867,154876,154879,3,9
154867,154877,154880,3,10
154867,154876,154879,3,9
154867,154876,154879,3,9
154867,154876,154879,3,9
154867,154876,154879,3,9
154867,154876,154880,4,9
154867,154876,154880,4,9
154867,154876,154879,3,9
154867,154876,154879,3,9
154867,154877,154880,3,10
154867,154875,154880,5,8
154867,154876,154880,4,9
154867,154876,154880,4,9
154867,154878,154880,2,11
154867,154876,154879,3,9
154867,154876,154880,4,9
154867,154877,154880,3,10
154867,154875,154880,5,8
154867,154876,154880,4,9
154867,154876,154880,4,9
154867,154878,154880,2,11
154867,154878,154880,2,11
154867,154879,154880,1,12
154867,154877,154880,3,10
154867,154879,154881,2,12
154867,154877,154880,3,10
154867,154878,154881,3,11
154867,154878,154881,3,11
154867,154877,154881,4,10
154867,154878,154881,3,11
154867,154878,154880,2,11
154867,154877,154881,4,10
154867,154878,154881,3,11
154867,154877,154881,4,10
154867,154878,154882,4,11
154867,154878,154881,3,11
154867,154879,154881,2,12
154867,154877,154881,4,10
154867,154878,154881,3,11
154867,154879,154882,3,12
154867,154879,154882,3,12
154867,154878,154882,4,11
154867,154878,154882,4,11
154867,154879,154882,3,12
154867,154878,154881,3,11
154867,154878,154882,4,11
154867,154879,154882,3,12
154867,154879,154882,3,12
154867,154879,154882,3,12
154867,154879,154882,3,12
154867,154879,154882,3,12
154867,154879,154882,3,12
154867,154880,154883,3,13
154867,154880,154882,2,13
154867,154880,154883,3,13
154867,154880,154883,3,13
154867,154878,154882,4,11
154867,154879,154883,4,12
154867,154879,154883,4,12
154867,154880,154883,3,13
154867,154880,154883,3,13
154867,154880,154883,3,13
154867,154880,154883,3,13
154867,154880,154883,3,13
154867,154880,154883,3,13
154867,154880,154884,4,13
154867,154880,154883,3,13
154867,154880,154884,4,13
154867,154880,154884,4,13
154867,154880,154883,3,13
154867,154881,154883,2,14
154867,154880,154883,3,13
154867,154880,154883,3,13
154867,154880,154884,4,13
154867,154880,154883,3,13
154867,154880,154883,3,13
154867,154881,154884,3,14
154867,154880,154883,3,13
154867,154880,154883,3,13
154867,154880,154883,3,13
154867,154879,154884,5,12
154867,154880,154884,4,13
154867,154882,154884,2,15
154867,154882,154885,3,15
154867,154882,154885,3,15
154867,154880,154884,4,13
154867,154881,154884,3,14
154867,154881,154884,3,14
154867,154882,154884,2,15
154867,154882,154884,2,15
154867,154883,154885,2,16
154867,154881,154885,4,14
154867,154881,154885,4,14
154867,154881,154885,4,14
154867,154882,154885,3,15
154867,154882,154885,3,15
154867,154881,154885,4,14
154867,154881,154885,4,14
154867,154882,154885,3,15
154867,154882,154885,3,15
154867,154882,154885,3,15
154867,154883,154886,3,16
154867,154883,154886,3,16
154867,154882,154886,4,15
154867,154882,154885,3,15
154867,154883,154885,2,16
154867,154882,154886,4,15
154867,154882,154886,4,15
154867,154882,154886,4,15
154867,154883,154886,3,16
154867,154883,154886,3,16
154867,154882,154886,4,15
154867,154884,154886,2,17
154867,154883,154886,3,16
154867,154883,154887,4,16
154867,154883,154886,3,16
154867,154883,154886,3,16
154867,154883,154886,3,16
154867,154884,154887,3,17
154867,154883,154886,3,16
154867,154884,154887,3,17
154867,154885,154887,2,18
154867,154882,154887,5,15
154867,154884,154887,3,17
154867,154883,154887,4,16
154867,154883,154887,4,16
154867,154884,154887,3,17
154867,154884,154887,3,17
154867,154884,154887,3,17
154867,154884,154887,3,17
154867,154884,154887,3,17
154867,154884,154888,4,17
154867,154884,154887,3,17
154867,154884,154887,3,17
154867,154884,154887,3,17
154867,154884,154888,4,17
154867,154884,154887,3,17
154867,154884,154888,4,17
154867,154884,154888,4,17
154867,154885,154888,3,18
154867,154884,154888,4,17
154867,154885,154888,3,18
154867,154884,154887,3,17
154867,154884,154887,3,17
154867,154885,154888,3,18
154867,154884,154888,4,17
154867,154884,154888,4,17
154867,154884,154888,4,17
154867,154886,154888,2,19
154867,154886,154888,2,19
154867,154884,154888,4,17
154867,154886,154889,3,19
154867,154885,154889,4,18
154867,154885,154888,3,18
154867,154885,154888,3,18
154867,154885,154888,3,18
154867,154885,154889,4,18
154867,154885,154888,3,18
154867,154886,154888,2,19
154867,154885,154889,4,18
154867,154886,154889,3,19
154867,154886,154889,3,19
154867,154886,154889,3,19
154867,154886,154889,3,19
154867,154886,154889,3,19
154867,154886,154889,3,19
154867,154885,154889,4,18
154867,154886,154889,3,19
154867,154887,154890,3,20
154867,154887,154889,2,20
154867,154887,154889,2,20
154867,154887,154890,3,20
154867,154887,154890,3,20
154867,154888,154890,2,21
154867,154886,154889,3,19
154867,154887,154889,2,20
154867,154887,154889,2,20
154867,154886,154889,3,19
154867,154887,154889,2,20
154867,154887,154890,3,20
154867,154886,154890,4,19
154867,154887,154890,3,20
154867,154886,154890,4,19
154867,154887,154890,3,20
154867,154888,154890,2,21
154867,154887,154890,3,20
154867,154888,154890,2,21
154867,154888,154890,2,21
154867,154888,154890,2,21
154867,154887,154890,3,20
154867,154888,154891,3,21
154867,154888,154891,3,21
154867,154888,154890,2,21
154867,154888,154890,2,21
154867,154888,154891,3,21
154867,154888,154890,2,21
154867,154888,154891,3,21
154867,154888,154890,2,21
154867,154888,154891,3,21
154867,154888,154891,3,21
154867,154888,154891,3,21
154867,154888,154892,4,21
154931,154932,154934,2,1
154931,154932,154934,2,1
154931,154932,154934,2,1
154931,154932,154934,2,1
154931,154932,154934,2,1
154931,154932,154934,2,1
154931,154932,154934,2,1
154931,154932,154934,2,1
154931,154932,154934,2,1
154931,154932,154935,3,1
154931,154932,154935,3,1
154931,154932,154935,3,1
154931,154932,154934,2,1
154931,154932,154935,3,1
154931,154932,154935,3,1
154931,154932,154934,2,1
154931,154932,154935,3,1
154931,154932,154935,3,1
154931,154932,154936,4,1
154931,154932,154935,3,1
154931,154932,154936,4,1
154931,154932,154935,3,1
154931,154932,154935,3,1
154931,154932,154936,4,1
154931,154932,154935,3,1
154931,154932,154935,3,1
154931,154932,154935,3,1
154931,154932,154935,3,1
154931,154932,154935,3,1
154931,154932,154935,3,1
154931,154932,154936,4,1
154931,154932,154935,3,1
154931,154932,154935,3,1
154931,154932,154935,3,1
154931,154932,154936,4,1
154931,154932,154936,4,1
154931,154932,154936,4,1
154931,154932,154936,4,1
154931,154932,154936,4,1
154931,154932,154936,4,1
154931,154932,154936,4,1
154931,154932,154936,4,1
154931,154932,154936,4,1
154931,154932,154936,4,1
154931,154932,154935,3,1
154931,154932,154936,4,1
154931,154932,154936,4,1
154931,154932,154936,4,1
154931,154932,154937,5,1
154931,154932,154936,4,1
154931,154932,154936,4,1
154931,154932,154936,4,1
154931,154932,154936,4,1
154931,154932,154936,4,1
154931,154932,154937,5,1
154931,154932,154936,4,1
154931,154932,154936,4,1
154931,154932,154937,5,1
154931,154932,154936,4,1
154931,154932,154936,4,1
154931,154935,154937,2,4
154931,154932,154937,5,1
154931,154936,154938,2,5
154931,154934,154938,4,3
154931,154935,154938,3,4
154931,154935,154938,3,4
154931,154935,154938,3,4
154931,154935,154938,3,4
154931,154934,154938,4,3
154931,154935,154937,2,4
154931,154935,154938,3,4
154931,154935,154938,3,4
154931,154936,154938,2,5
154931,154936,154939,3,5
154931,154936,154938,2,5
154931,154935,154939,4,4
154931,154935,154938,3,4
154931,154936,154939,3,5
154931,154936,154939,3,5
154931,154935,154939,4,4
154931,154936,154939,3,5
154931,154936,154939,3,5
154931,154935,154939,4,4
154931,154935,154939,4,4
154931,154936,154939,3,5
154931,154936,154939,3,5
154931,154936,154939,3,5
154931,154935,154939,4,4
154931,154936,154939,3,5
154931,154936,154939,3,5
154931,154936,154939,3,5
154931,154936,154939,3,5
154931,154936,154939,3,5
154931,154936,154938,2,5
154931,154936,154939,3,5
154931,154936,154939,3,5
154931,154936,154939,3,5
154931,154937,154940,3,6
154931,154937,154940,3,6
154931,154936,154939,3,5
154931,154936,154940,4,5
154931,154937,154940,3,6
154931,154936,154940,4,5
154931,154935,154939,4,4
154931,154936,154939,3,5
154931,154937,154940,3,6
154931,154936,154940,4,5
154931,154937,154940,3,6
154931,154936,154940,4,5
154931,154937,154940,3,6
154931,154936,154940,4,5
154931,154936,154940,4,5
154931,154937,154940,3,6
154931,154937,154940,3,6
154931,154937,154940,3,6
154931,154937,154940,3,6
154931,154937,154940,3,6
154931,154937,154940,3,6
154931,154937,154940,3,6
154932,154938,154941,3,6
154932,154938,154941,3,6
154932,154939,154941,2,7
154932,154939,154941,2,7
154932,154940,154941,1,8
154932,154937,154941,4,5
154932,154938,154942,4,6
154931,154937,154941,4,6
154932,154937,154941,4,5
154932,154938,154942,4,6
154932,154939,154942,3,7
154932,154939,154942,3,7
154932,154939,154942,3,7
154932,154939,154941,2,7
154932,154939,154942,3,7
154932,154939,154942,3,7
154932,154939,154942,3,7
154932,154939,154942,3,7
154932,154938,154942,4,6
154932,154939,154942,3,7
154932,154940,154942,2,8
154932,154940,154942,2,8
154932,154938,154942,4,6
154932,154938,154942,4,6
154932,154940,154942,2,8
154932,154938,154942,4,6
154932,154938,154942,4,6
154932,154940,154942,2,8
154932,154938,154942,4,6
154932,154940,154942,2,8
154932,154940,154942,2,8
154932,154938,154942,4,6
154932,154939,154943,4,7
154932,154939,154942,3,7
154932,154939,154943,4,7
154932,154940,154943,3,8
154932,154939,154943,4,7
154932,154940,154943,3,8
154932,154940,154943,3,8
154932,154940,154943,3,8
154932,154940,154944,4,8
154932,154941,154943,2,9
154932,154940,154944,4,8
154932,154940,154943,3,8
154932,154940,154943,3,8
154932,154940,154944,4,8
154932,154941,154944,3,9
154932,154939,154943,4,7
154932,154940,154943,3,8
154932,154940,154943,3,8
154932,154940,154944,4,8
154932,154942,154944,2,10
154932,154942,154944,2,10
154932,154941,154944,3,9
154932,154942,154944,2,10
154932,154940,154944,4,8
154932,154942,154944,2,10
154932,154941,154944,3,9
154932,154941,154944,3,9
154932,154941,154944,3,9
154932,154942,154945,3,10
154932,154941,154944,3,9
154932,154941,154944,3,9
154932,154941,154944,3,9
154932,154941,154945,4,9
154932,154941,154945,4,9
154932,154941,154944,3,9
154932,154941,154944,3,9
154932,154941,154944,3,9
154932,154942,154944,2,10
154932,154943,154945,2,11
154932,154943,154945,2,11
154932,154943,154945,2,11
154932,154943,154945,2,11
154932,154943,154945,2,11
154932,154943,154945,2,11
154932,154942,154946,4,10
154932,154943,154945,2,11
154932,154943,154945,2,11
154932,154942,154945,3,10
154932,154942,154945,3,10
154932,154942,154945,3,10
154932,154943,154946,3,11
154932,154943,154945,2,11
154932,154943,154946,3,11
154932,154944,154946,2,12
154932,154943,154946,3,11
154932,154943,154946,3,11
154932,154944,154946,2,12
154932,154944,154946,2,12
154932,154943,154946,3,11
154932,154944,154946,2,12
154932,154944,154946,2,12
154932,154944,154946,2,12
154932,154944,154946,2,12
154932,154943,154946,3,11
154932,154943,154946,3,11
154932,154943,154946,3,11
154932,154944,154946,2,12
154932,154943,154946,3,11
154932,154943,154946,3,11
154932,154944,154946,2,12
154932,154942,154946,4,10
154932,154943,154946,3,11
154932,154943,154946,3,11
154932,154944,154947,3,12
154932,154944,154947,3,12
154932,154944,154946,2,12
154932,154944,154946,2,12
154932,154944,154947,3,12
154932,154943,154947,4,11
154932,154944,154947,3,12
154932,154945,154947,2,13
154932,154945,154947,2,13
154932,154945,154947,2,13
154932,154945,154947,2,13
154932,154945,154947,2,13
154932,154945,154948,3,13
154932,154945,154948,3,13
154932,154945,154947,2,13
154932,154944,154947,3,12
154112,154118,154956,838,6
154123,154130,154984,854,7
154981,154982,154984,2,1
154981,154982,154985,3,1
154981,154982,154984,2,1
154981,154982,154986,4,1
154981,154982,154985,3,1
154981,154982,154985,3,1
154981,154982,154985,3,1
154981,154982,154986,4,1
154981,154982,154986,4,1
154981,154982,154985,3,1
154981,154982,154985,3,1
154981,154982,154985,3,1
154981,154982,154985,3,1
154981,154982,154985,3,1
154981,154982,154985,3,1
154981,154982,154986,4,1
154981,154982,154986,4,1
154981,154982,154985,3,1
154981,154982,154985,3,1
154981,154982,154985,3,1
154981,154982,154986,4,1
154981,154982,154986,4,1
154981,154982,154986,4,1
154981,154982,154985,3,1
154981,154982,154985,3,1
154981,154982,154986,4,1
154981,154982,154986,4,1
154981,154982,154986,4,1
154981,154982,154986,4,1
154981,154982,154985,3,1
154981,154982,154985,3,1
154981,154982,154986,4,1
154981,154982,154986,4,1
154981,154982,154986,4,1
154981,154982,154986,4,1
154981,154982,154986,4,1
154981,154982,154986,4,1
154981,154982,154986,4,1
154981,154982,154985,3,1
154981,154982,154985,3,1
154981,154982,154986,4,1
154981,154982,154986,4,1
154981,154982,154986,4,1
154981,154982,154986,4,1
154981,154982,154986,4,1
154981,154982,154986,4,1
154981,154982,154986,4,1
154981,154982,154986,4,1
154981,154982,154987,5,1
154981,154982,154986,4,1
154981,154982,154986,4,1
154981,154982,154986,4,1
154981,154982,154987,5,1
154981,154982,154987,5,1
154981,154982,154986,4,1
154981,154982,154986,4,1
154981,154982,154986,4,1
154981,154982,154986,4,1
154981,154982,154986,4,1
154981,154982,154987,5,1
154981,154982,154987,5,1
154981,154986,154988,2,5
154981,154985,154988,3,4
154981,154985,154988,3,4
154981,154986,154989,3,5
154981,154985,154989,4,4
154981,154986,154989,3,5
154981,154985,154988,3,4
154981,154986,154989,3,5
154981,154986,154989,3,5
154981,154986,154989,3,5
154981,154986,154988,2,5
154981,154986,154989,3,5
154981,154986,154989,3,5
154981,154986,154989,3,5
154981,154986,154989,3,5
154981,154986,154989,3,5
154981,154986,154990,4,5
154981,154986,154990,4,5
154981,154986,154989,3,5
154981,154987,154990,3,6
154981,154986,154990,4,5
154981,154986,154989,3,5
154981,154986,154990,4,5
154981,154986,154989,3,5
154981,154986,154989,3,5
154981,154986,154989,3,5
154981,154987,154990,3,6
154981,154987,154990,3,6
154981,154987,154990,3,6
154981,154986,154990,4,5
154981,154986,154990,4,5
154981,154986,154989,3,5
154981,154986,154990,4,5
154981,154986,154990,4,5
154981,154986,154990,4,5
154981,154986,154990,4,5
154981,154986,154990,4,5
154981,154987,154990,3,6
154981,154986,154989,3,5
154981,154986,154989,3,5
154981,154986,154990,4,5
154981,154987,154990,3,6
154981,154986,154990,4,5
154981,154986,154990,4,5
154981,154987,154990,3,6
154981,154987,154990,3,6
154981,154986,154990,4,5
154981,154987,154990,3,6
154981,154987,154990,3,6
154981,154987,154990,3,6
154981,154986,154990,4,5
154981,154986,154990,4,5
154981,154987,154990,3,6
154981,154987,154991,4,6
154981,154987,154990,3,6
154981,154987,154991,4,6
154981,154987,154991,4,6
154981,154987,154990,3,6
154981,154987,154990,3,6
155026,155027,155029,2,1
155026,155027,155029,2,1
155026,155027,155029,2,1
155026,155027,155030,3,1
155026,155027,155029,2,1
155026,155027,155030,3,1
155026,155027,155029,2,1
155026,155027,155030,3,1
155026,155027,155029,2,1
155026,155027,155030,3,1
155026,155027,155030,3,1
155026,155027,155030,3,1
155026,155027,155030,3,1
155026,155027,155031,4,1
155026,155027,155031,4,1
155026,155027,155030,3,1
155026,155027,155030,3,1
155026,155027,155030,3,1
155026,155027,155030,3,1
155026,155027,155031,4,1
155026,155027,155030,3,1
155026,155027,155031,4,1
155026,155027,155031,4,1
155026,155027,155031,4,1
155026,155027,155031,4,1
155026,155027,155031,4,1
155026,155027,155030,3,1
155026,155027,155031,4,1
155026,155027,155031,4,1
155026,155027,155030,3,1
155026,155027,155031,4,1
155026,155027,155031,4,1
155026,155027,155031,4,1
155026,155027,155031,4,1
155026,155027,155031,4,1
155026,155027,155030,3,1
155026,155027,155030,3,1
155026,155027,155031,4,1
155026,155027,155031,4,1
155026,155027,155031,4,1
155026,155027,155030,3,1
155026,155027,155031,4,1
155026,155027,155031,4,1
155026,155027,155031,4,1
155026,155027,155031,4,1
155026,155027,155031,4,1
155026,155027,155031,4,1
155026,155027,155031,4,1
155026,155027,155032,5,1
155026,155027,155031,4,1
155026,155027,155031,4,1
155026,155027,155031,4,1
155026,155027,155032,5,1
155026,155027,155031,4,1
155026,155027,155031,4,1
155026,155027,155031,4,1
155026,155027,155032,5,1
155026,155027,155032,5,1
155026,155027,155031,4,1
155026,155027,155031,4,1
155026,155029,155031,2,3
155026,155030,155032,2,4
155026,155031,155033,2,5
155026,155027,155033,6,1
155026,155031,155033,2,5
155026,155030,155032,2,4
155026,155031,155033,2,5
155026,155029,155032,3,3
155026,155030,155033,3,4
155026,155030,155032,2,4
155026,155030,155033,3,4
155026,155030,155032,2,4
155026,155031,155033,2,5
155026,155032,155033,1,6
155026,155031,155034,3,5
155026,155032,155034,2,6
155026,155031,155034,3,5
155026,155031,155033,2,5
155026,155031,155033,2,5
155026,155031,155034,3,5
155026,155031,155034,3,5
155026,155030,155033,3,4
155026,155031,155034,3,5
155026,155031,155034,3,5
155026,155030,155033,3,4
155026,155030,155033,3,4
155026,155031,155034,3,5
155026,155032,155034,2,6
155026,155030,155034,4,4
155026,155031,155034,3,5
155026,155031,155034,3,5
155026,155031,155034,3,5
155026,155031,155033,2,5
155026,155031,155034,3,5
155026,155031,155034,3,5
155026,155031,155034,3,5
155026,155031,155034,3,5
155026,155032,155034,2,6
155026,155031,155034,3,5
155026,155031,155035,4,5
155026,155032,155035,3,6
155026,155031,155034,3,5
155026,155031,155034,3,5
155026,155031,155034,3,5
155026,155031,155034,3,5
155026,155032,155035,3,6
155026,155032,155035,3,6
155026,155031,155035,4,5
155026,155031,155035,4,5
155026,155031,155035,4,5
155026,155031,155034,3,5
155026,155031,155035,4,5
155026,155032,155034,2,6
155026,155032,155035,3,6
155026,155031,155035,4,5
155026,155032,155035,3,6
155026,155032,155035,3,6
155026,155031,155035,4,5
155026,155032,155035,3,6
155026,155032,155036,4,6
155038,155038,155040,2,0
155038,155038,155040,2,0
155038,155038,155040,2,0
155038,155038,155041,3,0
155038,155038,155040,2,0
155038,155038,155041,3,0
155038,155038,155041,3,0
155038,155038,155041,3,0
155038,155038,155041,3,0
155038,155038,155041,3,0
155038,155038,155040,2,0
155038,155038,155040,2,0
155038,155038,155041,3,0
155038,155038,155042,4,0
155038,155038,155042,4,0
155038,155038,155042,4,0
155038,155038,155042,4,0
155038,155038,155042,4,0
155038,155038,155042,4,0
155038,155038,155041,3,0
155038,155038,155042,4,0
155038,155038,155042,4,0
155038,155038,155042,4,0
155038,155038,155042,4,0
155038,155038,155042,4,0
155038,155038,155041,3,0
155038,155038,155041,3,0
155038,155038,155041,3,0
155038,155038,155042,4,0
155038,155038,155042,4,0
155038,155038,155042,4,0
155038,155038,155042,4,0
155038,155038,155041,3,0
155038,155038,155041,3,0
155038,155038,155042,4,0
155038,155038,155042,4,0
155038,155038,155041,3,0
155038,155038,155041,3,0
155038,155038,155042,4,0
155038,155038,155041,3,0
155038,155038,155042,4,0
155038,155038,155042,4,0
155038,155038,155042,4,0
155038,155038,155042,4,0
155038,155038,155043,5,0
155038,155038,155043,5,0
155038,155038,155043,5,0
155038,155038,155042,4,0
155038,155038,155043,5,0
155038,155040,155043,3,2
155038,155038,155043,5,0
155038,155038,155042,4,0
155038,155038,155043,5,0
155038,155041,155043,2,3
155038,155038,155043,5,0
155038,155038,155042,4,0
155038,155038,155042,4,0
155038,155038,155043,5,0
155038,155041,155043,2,3
155038,155038,155043,5,0
155038,155038,155042,4,0
155038,155038,155043,5,0
155038,155038,155042,4,0
155038,155041,155043,2,3
155038,155041,155044,3,3
155038,155042,155044,2,4
155038,155041,155043,2,3
155038,155041,155044,3,3
155038,155041,155044,3,3
155038,155042,155044,2,4
155038,155040,155043,3,2
155038,155041,155044,3,3
155038,155042,155045,3,4
155038,155042,155045,3,4
155038,155042,155045,3,4
155038,155042,155045,3,4
155038,155043,155045,2,5
155038,155042,155045,3,4
155038,155042,155045,3,4
155038,155041,155045,4,3
155038,155042,155045,3,4
155038,155042,155045,3,4
155038,155042,155045,3,4
155038,155042,155045,3,4
155038,155042,155045,3,4
155038,155042,155045,3,4
155038,155042,155045,3,4
155038,155041,155045,4,3
155038,155042,155045,3,4
155038,155043,155045,2,5
155038,155041,155045,4,3
155038,155042,155045,3,4
155038,155042,155045,3,4
155038,155043,155045,2,5
155038,155042,155044,2,4
155038,155042,155045,3,4
155038,155042,155045,3,4
155038,155043,155045,2,5
155038,155043,155045,2,5
155038,155043,155046,3,5
155038,155042,155045,3,4
155038,155042,155046,4,4
155038,155042,155046,4,4
155038,155042,155046,4,4
155038,155043,155046,3,5
155038,155043,155046,3,5
155038,155042,155046,4,4
155038,155042,155046,4,4
155038,155043,155046,3,5
155038,155042,155046,4,4
155038,155042,155046,4,4
155038,155043,155045,2,5
155038,155043,155046,3,5
155038,155042,155046,4,4
155038,155043,155046,3,5
155038,155043,155046,3,5
155038,155043,155046,3,5
155038,155043,155046,3,5
155038,155043,155047,4,5
155038,155043,155047,4,5
154206,154213,155090,877,7
155092,155093,155095,2,1
155092,155093,155094,1,1
155092,155093,155094,1,1
155092,155093,155095,2,1
155092,155093,155094,1,1
155092,155093,155095,2,1
155092,155093,155095,2,1
155092,155093,155096,3,1
155092,155093,155095,2,1
155092,155093,155095,2,1
155092,155093,155095,2,1
155092,155093,155095,2,1
155092,155093,155095,2,1
155092,155093,155096,3,1
155092,155093,155096,3,1
155092,155093,155096,3,1
155092,155093,155096,3,1
155092,155093,155097,4,1
155092,155093,155096,3,1
155092,155093,155096,3,1
155092,155093,155097,4,1
155092,155093,155096,3,1
155092,155093,155096,3,1
155092,155093,155096,3,1
155092,155093,155096,3,1
155092,155093,155096,3,1
155092,155093,155096,3,1
155092,155093,155096,3,1
155092,155093,155096,3,1
155092,155093,155096,3,1
155092,155093,155097,4,1
155092,155093,155096,3,1
155092,155093,155096,3,1
155092,155093,155096,3,1
155092,155093,155097,4,1
155092,155093,155098,5,1
155092,155093,155097,4,1
155092,155093,155097,4,1
155092,155093,155097,4,1
155092,155093,155097,4,1
155092,155093,155097,4,1
155092,155093,155097,4,1
155092,155093,155097,4,1
155092,155093,155097,4,1
155092,155093,155097,4,1
155092,155095,155098,3,3
155092,155096,155098,2,4
155092,155093,155097,4,1
155092,155093,155097,4,1
155092,155093,155098,5,1
155092,155093,155097,4,1
155092,155093,155097,4,1
155092,155093,155097,4,1
155092,155095,155098,3,3
155092,155095,155098,3,3
155092,155095,155098,3,3
155092,155096,155098,2,4
155092,155096,155099,3,4
155092,155097,155099,2,5
155092,155096,155099,3,4
155092,155097,155100,3,5
155092,155095,155099,4,3
155092,155097,155100,3,5
155092,155097,155099,2,5
155092,155097,155099,2,5
155092,155097,155100,3,5
155092,155096,155099,3,4
155092,155096,155100,4,4
155092,155098,155100,2,6
155092,155098,155100,2,6
155092,155096,155099,3,4
155092,155097,155100,3,5
155092,155097,155100,3,5
155092,155096,155100,4,4
155092,155098,155100,2,6
155092,155097,155101,4,5
155092,155097,155100,3,5
155092,155098,155101,3,6
155092,155097,155100,3,5
155092,155097,155101,4,5
155092,155098,155101,3,6
155092,155098,155100,2,6
155092,155098,155101,3,6
155092,155098,155100,2,6
155092,155098,155100,2,6
155092,155097,155101,4,5
155092,155097,155100,3,5
155092,155097,155100,3,5
155092,155097,155100,3,5
155092,155097,155100,3,5
155092,155097,155100,3,5
155092,155098,155101,3,6
155092,155098,155102,4,6
155092,155098,155102,4,6
155092,155098,155101,3,6
155092,155098,155101,3,6
155092,155099,155101,2,7
155092,155098,155101,3,6
155092,155100,155102,2,8
155092,155097,155101,4,5
155092,155097,155101,4,5
155092,155097,155101,4,5
155092,155099,155101,2,7
155092,155098,155101,3,6
155092,155098,155102,4,6
155092,155098,155101,3,6
155092,155099,155101,2,7
155092,155099,155102,3,7
155092,155100,155102,2,8
155092,155100,155102,2,8
155092,155100,155102,2,8
155092,155099,155102,3,7
155092,155098,155102,4,6
155092,155100,155102,2,8
155092,155103,155106,3,11
155092,155103,155107,4,11
155092,155103,155107,4,11
155092,155103,155107,4,11
155092,155103,155107,4,11
155092,155103,155106,3,11
154334,154340,155159,819,6
155163,155164,155165,1,1
155163,155164,155165,1,1
155163,155164,155166,2,1
155163,155164,155165,1,1
155163,155164,155166,2,1
155163,155164,155166,2,1
155163,155164,155166,2,1
155163,155164,155166,2,1
155163,155164,155167,3,1
155163,155164,155166,2,1
155163,155164,155166,2,1
155163,155164,155166,2,1
155163,155164,155166,2,1
155163,155164,155166,2,1
155163,155164,155166,2,1
155163,155164,155166,2,1
155163,155164,155167,3,1
155163,155164,155167,3,1
155163,155164,155167,3,1
155163,155164,155167,3,1
155163,155164,155167,3,1
155163,155164,155167,3,1
155163,155164,155167,3,1
155163,155164,155167,3,1
155163,155164,155167,3,1
155163,155164,155168,4,1
155163,155164,155168,4,1
155163,155164,155168,4,1
155163,155164,155167,3,1
155163,155164,155168,4,1
155163,155164,155167,3,1
155163,155164,155168,4,1
155163,155164,155167,3,1
155163,155164,155168,4,1
155163,155164,155168,4,1
155163,155164,155168,4,1
155163,155164,155168,4,1
155163,155166,155168,2,3
155163,155164,155168,4,1
155163,155164,155168,4,1
155163,155164,155168,4,1
155163,155166,155168,2,3
155163,155164,155168,4,1
155163,155164,155169,5,1
155163,155164,155168,4,1
155163,155164,155168,4,1
155163,155166,155168,2,3
155163,155166,155170,4,3
155163,155167,155170,3,4
155163,155167,155170,3,4
155163,155167,155169,2,4
155163,155167,155170,3,4
155163,155164,155169,5,1
155163,155167,155169,2,4
155163,155167,155170,3,4
155163,155168,155170,2,5
155163,155167,155169,2,4
155163,155168,155170,2,5
155163,155168,155171,3,5
155163,155167,155170,3,4
155163,155168,155170,2,5
155163,155168,155170,2,5
155163,155168,155170,2,5
155163,155167,155171,4,4
155163,155168,155170,2,5
155163,155168,155171,3,5
155163,155168,155170,2,5
155163,155167,155171,4,4
155163,155167,155171,4,4
155163,155168,155171,3,5
155163,155168,155172,4,5
155163,155167,155171,4,4
155163,155169,155172,3,6
155163,155169,155172,3,6
155163,155168,155172,4,5
155163,155169,155172,3,6
155163,155169,155172,3,6
155163,155168,155172,4,5
155163,155168,155171,3,5
155163,155169,155172,3,6
155163,155168,155172,4,5
155163,155169,155172,3,6
155163,155169,155172,3,6
155163,155169,155173,4,6
155163,155168,155172,4,5
155163,155169,155172,3,6
155163,155169,155173,4,6
155163,155169,155173,4,6
155163,155170,155172,2,7
155163,155170,155173,3,7
155163,155170,155172,2,7
155163,155169,155172,3,6
155163,155170,155173,3,7
155163,155170,155172,2,7
155163,155170,155172,2,7
155163,155170,155173,3,7
155163,155170,155173,3,7
155163,155170,155173,3,7
155163,155170,155173,3,7
155163,155171,155173,2,8
155163,155171,155174,3,8
155163,155171,155174,3,8
155163,155171,155174,3,8
155163,155171,155174,3,8
155163,155170,155173,3,7
155163,155170,155174,4,7
155163,155171,155174,3,8
155163,155171,155174,3,8
155163,155171,155173,2,8
155163,155170,155173,3,7
155163,155171,155173,2,8
155163,155171,155174,3,8
155163,155172,155175,3,9
155163,155171,155174,3,8
155163,155172,155175,3,9
155163,155172,155175,3,9
155163,155171,155175,4,8
155163,155172,155174,2,9
155163,155172,155175,3,9
155163,155172,155175,3,9
154277,154283,155180,897,6
155209,155209,155211,2,0
155209,155209,155211,2,0
155209,155209,155211,2,0
155209,155209,155211,2,0
155209,155209,155211,2,0
155209,155210,155211,1,1
155209,155209,155211,2,0
155209,155209,155211,2,0
155209,155209,155212,3,0
155209,155209,155212,3,0
155209,155209,155212,3,0
155209,155209,155212,3,0
155209,155209,155212,3,0
155209,155209,155211,2,0
155209,155209,155212,3,0
155209,155209,155212,3,0
155209,155209,155212,3,0
155209,155209,155212,3,0
155209,155209,155212,3,0
155209,155209,155213,4,0
155209,155209,155213,4,0
155209,155209,155213,4,0
155209,155209,155213,4,0
155209,155209,155213,4,0
155209,155209,155213,4,0
155209,155209,155213,4,0
155209,155211,155213,2,2
155209,155209,155213,4,0
155209,155209,155213,4,0
155209,155209,155213,4,0
155209,155209,155213,4,0
155209,155209,155212,3,0
155209,155209,155213,4,0
155209,155209,155213,4,0
155209,155209,155212,3,0
155209,155209,155212,3,0
155209,155211,155213,2,2
155209,155211,155213,2,2
155209,155211,155214,3,2
155209,155210,155214,4,1
155209,155210,155213,3,1
155209,155211,155214,3,2
155209,155209,155214,5,0
155209,155212,155215,3,3
155209,155211,155215,4,2
155209,155211,155215,4,2
155209,155212,155215,3,3
155209,155212,155215,3,3
155209,155212,155216,4,3
155209,155212,155215,3,3
155209,155212,155215,3,3
155209,155212,155215,3,3
155209,155212,155216,4,3
155209,155212,155216,4,3
155209,155212,155216,4,3
155209,155213,155216,3,4
155209,155214,155216,2,5
155209,155214,155217,3,5
155209,155214,155216,2,5
155209,155214,155216,2,5
155209,155214,155216,2,5
155209,155212,155216,4,3
155209,155214,155217,3,5
155209,155214,155216,2,5
155209,155214,155217,3,5
155209,155212,155216,4,3
155209,155214,155216,2,5
155209,155214,155216,2,5
154381,154389,155216,827,8
155209,155212,155217,5,3
155209,155214,155218,4,5
155209,155214,155218,4,5
155209,155214,155217,3,5
155209,155214,155217,3,5
155209,155214,155217,3,5
155209,155214,155217,3,5
155209,155214,155218,4,5
155209,155214,155217,3,5
155209,155214,155217,3,5
155209,155214,155218,4,5
155209,155214,155217,3,5
155209,155214,155218,4,5
155209,155217,155219,2,8
155209,155215,155218,3,6
155209,155217,155219,2,8
155209,155217,155219,2,8
155209,155215,155218,3,6
155209,155217,155219,2,8
155209,155216,155219,3,7
155209,155216,155219,3,7
155209,155215,155219,4,6
155209,155216,155219,3,7
155209,155216,155219,3,7
155209,155216,155219,3,7
155209,155217,155220,3,8
155209,155216,155219,3,7
155209,155217,155219,2,8
155209,155217,155220,3,8
155209,155217,155220,3,8
155209,155217,155220,3,8
155209,155218,155221,3,9
155209,155217,155220,3,8
155209,155217,155220,3,8
155209,155218,155220,2,9
155209,155218,155220,2,9
155209,155217,155220,3,8
155209,155217,155220,3,8
155209,155218,155220,2,9
155209,155217,155220,3,8
155209,155217,155221,4,8
155209,155218,155220,2,9
155209,155218,155221,3,9
155209,155218,155221,3,9
155209,155217,155220,3,8
155209,155218,155221,3,9
155209,155218,155221,3,9
155209,155218,155221,3,9
155220,155220,155223,3,0
155220,155221,155223,2,1
155220,155221,155222,1,1
155220,155221,155222,1,1
155220,155221,155222,1,1
155220,155221,155222,1,1
155220,155221,155222,1,1
155220,155221,155222,1,1
155220,155221,155222,1,1
155220,155220,155223,3,0
155220,155220,155223,3,0
155209,155210,155223,13,1
155220,155220,155223,3,0
155220,155220,155224,4,0
155220,155220,155224,4,0
155220,155220,155223,3,0
155220,155220,155223,3,0
155220,155220,155224,4,0
155220,155220,155224,4,0
155220,155221,155224,3,1
155220,155220,155223,3,0
155220,155220,155224,4,0
155220,155220,155223,3,0
155220,155220,155224,4,0
155220,155220,155224,4,0
155220,155220,155224,4,0
155220,155221,155224,3,1
155220,155220,155223,3,0
155220,155221,155224,3,1
155220,155220,155224,4,0
155220,155221,155224,3,1
155220,155221,155225,4,1
155220,155221,155224,3,1
155220,155222,155225,3,2
155220,155223,155226,3,3
155220,155222,155225,3,2
155220,155223,155226,3,3
155220,155220,155225,5,0
155220,155223,155226,3,3
155220,155223,155225,2,3
155220,155223,155226,3,3
155220,155223,155226,3,3
155220,155220,155225,5,0
155220,155221,155225,4,1
155220,155223,155226,3,3
155220,155223,155226,3,3
155220,155224,155227,3,4
155220,155224,155227,3,4
155220,155223,155227,4,3
155220,155224,155227,3,4
155220,155224,155227,3,4
155220,155224,155227,3,4
155220,155223,155226,3,3
155209,155210,155227,17,1
155220,155224,155227,3,4
155220,155224,155227,3,4
155220,155224,155227,3,4
155220,155223,155227,4,3
155220,155224,155227,3,4
155220,155224,155228,4,4
155220,155224,155228,4,4
155220,155224,155228,4,4
155220,155224,155228,4,4
155220,155224,155228,4,4
155220,155224,155228,4,4
155220,155225,155228,3,5
155220,155224,155229,5,4
155220,155225,155229,4,5
155220,155226,155229,3,6
155220,155225,155229,4,5
155220,155226,155229,3,6
155220,155226,155229,3,6
155220,155225,155228,3,5
155220,155226,155229,3,6
155220,155226,155229,3,6
155220,155226,155230,4,6
155220,155226,155230,4,6
155220,155226,155230,4,6
155220,155226,155229,3,6
155220,155226,155230,4,6
155220,155226,155230,4,6
155220,155227,155230,3,7
155220,155225,155230,5,5
155220,155228,155230,2,8
155220,155228,155230,2,8
155220,155226,155230,4,6
155220,155227,155230,3,7
155220,155227,155231,4,7
155220,155228,155231,3,8
155220,155227,155231,4,7
155220,155227,155231,4,7
155220,155227,155231,4,7
155220,155227,155231,4,7
155220,155227,155231,4,7
155220,155228,155230,2,8
155220,155228,155231,3,8
155220,155229,155231,2,9
155220,155226,155231,5,6
155220,155228,155231,3,8
155220,155229,155232,3,9
155220,155228,155232,4,8
155220,155229,155232,3,9
155220,155228,155232,4,8
155220,155228,155232,4,8
155220,155228,155232,4,8
155220,155228,155232,4,8
155220,155229,155232,3,9
155220,155229,155232,3,9
155220,155229,155232,3,9
155220,155231,155232,1,11
155220,155230,155232,2,10
155220,155230,155232,2,10
155220,155230,155232,2,10
155220,155229,155232,3,9
155220,155230,155233,3,10
155220,155230,155233,3,10
155220,155230,155233,3,10
155220,155230,155233,3,10
155220,155230,155233,3,10
155220,155230,155234,4,10
155220,155230,155234,4,10
155220,155224,155235,11,4
155209,155217,155237,20,8
155209,155217,155238,21,8
154338,154351,155268,917,13
154468,154485,155274,789,17
154403,154410,155276,866,7
155280,155280,155282,2,0
155280,155280,155282,2,0
155280,155280,155282,2,0
155280,155280,155281,1,0
155280,155280,155281,1,0
155280,155280,155282,2,0
155280,155280,155282,2,0
155280,155280,155283,3,0
155280,155280,155282,2,0
155280,155280,155282,2,0
155280,155280,155283,3,0
155280,155280,155282,2,0
155280,155280,155282,2,0
155280,155280,155283,3,0
155280,155280,155283,3,0
155280,155280,155284,4,0
155280,155280,155283,3,0
155280,155280,155284,4,0
155280,155280,155284,4,0
155280,155280,155284,4,0
155280,155280,155283,3,0
155280,155280,155283,3,0
155280,155280,155284,4,0
155280,155280,155284,4,0
155280,155280,155283,3,0
155280,155280,155283,3,0
155280,155280,155283,3,0
155280,155280,155283,3,0
155280,155280,155283,3,0
155280,155280,155283,3,0
155280,155280,155284,4,0
155280,155282,155284,2,2
155280,155281,155284,3,1
155280,155281,155284,3,1
155280,155280,155284,4,0
155280,155282,155284,2,2
155280,155282,155285,3,2
155280,155280,155285,5,0
155280,155280,155284,4,0
155280,155282,155285,3,2
155280,155282,155285,3,2
155280,155280,155284,4,0
155280,155280,155284,4,0
155280,155282,155285,3,2
155280,155283,155286,3,3
155280,155283,155286,3,3
155280,155283,155286,3,3
155280,155282,155286,4,2
155280,155283,155286,3,3
155280,155284,155287,3,4
155280,155283,155287,4,3
155280,155283,155286,3,3
155280,155283,155286,3,3
155280,155284,155287,3,4
155280,155284,155287,3,4
155280,155284,155287,3,4
155280,155284,155287,3,4
155280,155285,155287,2,5
155280,155285,155287,2,5
155280,155284,155287,3,4
155280,155284,155288,4,4
155280,155284,155288,4,4
155280,155284,155288,4,4
155280,155285,155288,3,5
155280,155284,155288,4,4
155280,155285,155287,2,5
155280,155284,155288,4,4
155280,155284,155288,4,4
155280,155284,155288,4,4
155280,155284,155287,3,4
155280,155284,155288,4,4
155280,155284,155288,4,4
155280,155285,155288,3,5
155280,155285,155288,3,5
155280,155287,155289,2,7
155280,155285,155288,3,5
155280,155284,155288,4,4
155280,155284,155288,4,4
155280,155285,155289,4,5
155280,155285,155289,4,5
155280,155286,155289,3,6
155280,155285,155289,4,5
155280,155285,155289,4,5
155280,155286,155289,3,6
155280,155286,155289,3,6
155280,155285,155289,4,5
155280,155286,155289,3,6
155280,155286,155289,3,6
155280,155287,155290,3,7
155280,155287,155290,3,7
155280,155287,155291,4,7
155280,155287,155290,3,7
155280,155288,155290,2,8
155280,155288,155290,2,8
155280,155288,155291,3,8
155280,155287,155290,3,7
155280,155287,155290,3,7
155280,155287,155291,4,7
155280,155288,155291,3,8
155280,155288,155291,3,8
155280,155287,155291,4,7
155280,155288,155290,2,8
155280,155287,155291,4,7
155280,155287,155291,4,7
155280,155287,155290,3,7
155280,155288,155291,3,8
155280,155288,155291,3,8
155280,155289,155291,2,9
155280,155288,155291,3,8
155280,155288,155292,4,8
155280,155288,155291,3,8
155280,155289,155291,2,9
155280,155289,155291,2,9
155280,155289,155292,3,9
155280,155287,155291,4,7
155280,155289,155292,3,9
155280,155289,155292,3,9
155280,155288,155292,4,8
155280,155289,155291,2,9
155280,155288,155292,4,8
155280,155290,155292,2,10
155280,155290,155293,3,10
155280,155292,155293,1,12
155280,155289,155293,4,9
155280,155289,155293,4,9
155280,155292,155293,1,12
155280,155292,155293,1,12
155280,155292,155293,1,12
155280,155290,155293,3,10
155280,155290,155293,3,10
155280,155290,155293,3,10
155280,155290,155293,3,10
155280,155292,155294,2,12
155280,155292,155293,1,12
155280,155290,155293,3,10
155280,155291,155293,2,11
155280,155292,155294,2,12
155280,155291,155294,3,11
155280,155291,155294,3,11
155280,155292,155294,2,12
155280,155290,155294,4,10
155280,155290,155294,4,10
155280,155291,155295,4,11
155280,155292,155295,3,12
155280,155291,155295,4,11
155280,155290,155294,4,10
155280,155292,155295,3,12
155280,155290,155294,4,10
155280,155291,155294,3,11
155280,155292,155295,3,12
155280,155292,155295,3,12
155280,155291,155295,4,11
155280,155292,155294,2,12
155280,155291,155295,4,11
155280,155292,155295,3,12
155280,155291,155295,4,11
155280,155291,155295,4,11
155280,155294,155295,1,14
155280,155292,155295,3,12
155280,155294,155296,2,14
155280,155294,155295,1,14
155280,155294,155295,1,14
155280,155294,155296,2,14
155280,155291,155295,4,11
155280,155293,155295,2,13
155280,155292,155296,4,12
155280,155294,155297,3,14
155280,155293,155297,4,13
155280,155293,155297,4,13
155280,155294,155297,3,14
155280,155294,155297,3,14
155280,155294,155297,3,14
155280,155294,155297,3,14
155280,155293,155297,4,13
155280,155293,155297,4,13
155280,155295,155297,2,15
155280,155294,155297,3,14
155280,155294,155297,3,14
155280,155294,155297,3,14
155280,155295,155298,3,15
155280,155294,155297,3,14
155280,155294,155297,3,14
155280,155294,155298,4,14
155280,155294,155297,3,14
155280,155294,155297,3,14
155280,155294,155298,4,14
155280,155295,155298,3,15
155280,155295,155299,4,15
155280,155296,155298,2,16
155280,155295,155298,3,15
155280,155296,155299,3,16
155280,155295,155298,3,15
155280,155295,155299,4,15
155280,155295,155298,3,15
155280,155295,155298,3,15
155280,155295,155299,4,15
155280,155295,155299,4,15
155280,155295,155299,4,15
155280,155295,155299,4,15
155280,155295,155299,4,15
155280,155295,155299,4,15
155280,155296,155300,4,16
155280,155296,155300,4,16
155280,155296,155300,4,16
155280,155296,155299,3,16
155280,155297,155300,3,17
155280,155297,155300,3,17
155280,155298,155300,2,18
155280,155296,155300,4,16
155280,155297,155300,3,17
155280,155297,155300,3,17
155280,155297,155300,3,17
155280,155295,155300,5,15
155280,155296,155300,4,16
155280,155298,155301,3,18
155280,155298,155300,2,18
155280,155298,155301,3,18
155280,155298,155301,3,18
155280,155296,155300,4,16
155280,155298,155300,2,18
155280,155298,155301,3,18
155280,155298,155301,3,18
155280,155298,155301,3,18
155280,155298,155301,3,18
155280,155297,155301,4,17
155280,155298,155301,3,18
155280,155298,155302,4,18
155280,155298,155301,3,18
155280,155299,155302,3,19
155280,155298,155301,3,18
155280,155299,155302,3,19
155280,155299,155302,3,19
155280,155299,155302,3,19
155280,155299,155302,3,19
155280,155299,155302,3,19
155280,155299,155302,3,19
155280,155298,155302,4,18
155284,155299,155302,3,15
155284,155299,155302,3,15
155280,155299,155302,3,19
155284,155300,155303,3,16
155280,155299,155303,4,19
155280,155299,155303,4,19
155284,155300,155303,3,16
155284,155300,155303,3,16
155284,155301,155303,2,17
155284,155300,155303,3,16
155284,155301,155303,2,17
155284,155301,155303,2,17
155284,155301,155302,1,17
155284,155301,155303,2,17
155284,155302,155303,1,18
155284,155300,155303,3,16
155284,155301,155304,3,17
155284,155302,155303,1,18
155284,155302,155304,2,18
155284,155302,155304,2,18
155284,155301,155304,3,17
155284,155300,155304,4,16
155284,155301,155304,3,17
155284,155300,155304,4,16
155284,155300,155304,4,16
155284,155301,155304,3,17
155284,155300,155304,4,16
155284,155301,155304,3,17
155284,155301,155304,3,17
155284,155302,155305,3,18
155284,155301,155304,3,17
155284,155302,155305,3,18
155284,155301,155305,4,17
155284,155302,155305,3,18
155284,155300,155304,4,16
155284,155303,155305,2,19
155284,155304,155305,1,20
155284,155303,155305,2,19
155284,155301,155306,5,17
155284,155302,155306,4,18
155284,155302,155306,4,18
155284,155303,155306,3,19
155284,155302,155307,5,18
155284,155304,155306,2,20
155284,155304,155307,3,20
155284,155304,155307,3,20
155284,155303,155306,3,19
155284,155303,155306,3,19
155284,155304,155307,3,20
155284,155303,155307,4,19
155284,155302,155307,5,18
155284,155303,155307,4,19
155284,155302,155307,5,18
155284,155302,155307,5,18
155284,155304,155307,3,20
155284,155304,155307,3,20
155284,155303,155307,4,19
155284,155303,155307,4,19
155284,155304,155307,3,20
155284,155304,155307,3,20
155284,155304,155307,3,20
155284,155305,155308,3,21
155284,155304,155307,3,20
155284,155304,155308,4,20
155284,155305,155308,3,21
155284,155304,155309,5,20
155284,155304,155308,4,20
155284,155305,155308,3,21
155284,155305,155308,3,21
155284,155305,155308,3,21
155284,155305,155308,3,21
155284,155306,155308,2,22
155284,155305,155309,4,21
155284,155306,155308,2,22
155284,155305,155308,3,21
155284,155305,155309,4,21
155284,155305,155309,4,21
155284,155305,155308,3,21
155284,155305,155309,4,21
155284,155306,155309,3,22
155284,155306,155310,4,22
155284,155307,155310,3,23
155284,155308,155310,2,24
155284,155308,155310,2,24
155284,155306,155310,4,22
155284,155307,155310,3,23
155284,155308,155310,2,24
155284,155308,155310,2,24
155284,155307,155310,3,23
155284,155308,155310,2,24
155284,155307,155310,3,23
155284,155307,155311,4,23
155284,155308,155311,3,24
155284,155307,155310,3,23
155284,155307,155311,4,23
155284,155308,155311,3,24
155284,155306,155311,5,22
155284,155309,155311,2,25
155284,155309,155311,2,25
155284,155308,155311,3,24
155284,155309,155311,2,25
155284,155309,155311,2,25
155284,155309,155311,2,25
155284,155309,155311,2,25
155284,155309,155312,3,25
155284,155309,155312,3,25
155284,155309,155311,2,25
155284,155308,155311,3,24
155284,155308,155311,3,24
155284,155309,155311,2,25
155284,155309,155311,2,25
155284,155308,155311,3,24
155284,155308,155311,3,24
155284,155308,155311,3,24
155284,155309,155311,2,25
155284,155309,155312,3,25
155284,155307,155312,5,23
155284,155309,155312,3,25
155284,155309,155312,3,25
155284,155307,155312,5,23
155284,155310,155312,2,26
155284,155310,155312,2,26
155284,155310,155313,3,26
154451,154457,155318,861,6
155356,155356,155358,2,0
155356,155356,155357,1,0
155356,155356,155358,2,0
155356,155356,155359,3,0
155356,155356,155358,2,0
155356,155356,155359,3,0
155356,155356,155359,3,0
155356,155356,155358,2,0
155356,155356,155360,4,0
155356,155356,155359,3,0
155356,155356,155360,4,0
155356,155356,155359,3,0
155356,155356,155359,3,0
155356,155356,155359,3,0
155356,155356,155360,4,0
155356,155356,155360,4,0
155356,155356,155359,3,0
155356,155356,155359,3,0
155356,155356,155359,3,0
155356,155356,155359,3,0
155356,155356,155360,4,0
155356,155356,155359,3,0
155356,155356,155359,3,0
155356,155356,155360,4,0
155356,155356,155360,4,0
155356,155356,155360,4,0
155356,155356,155359,3,0
155356,155356,155359,3,0
155356,155356,155359,3,0
155356,155356,155360,4,0
155356,155356,155360,4,0
155356,155356,155360,4,0
155356,155356,155359,3,0
155356,155356,155360,4,0
155356,155356,155360,4,0
155356,155356,155360,4,0
155356,155359,155361,2,3
155356,155356,155360,4,0
155356,155356,155361,5,0
155356,155356,155360,4,0
155356,155356,155360,4,0
155356,155356,155360,4,0
155356,155359,155361,2,3
155356,155359,155361,2,3
155356,155359,155361,2,3
155356,155359,155362,3,3
155356,155358,155362,4,2
155356,155358,155362,4,2
155356,155360,155362,2,4
155356,155360,155363,3,4
155356,155358,155363,5,2
155356,155360,155363,3,4
155356,155360,155364,4,4
155356,155360,155363,3,4
155356,155361,155364,3,5
155356,155360,155364,4,4
155356,155360,155363,3,4
155356,155360,155364,4,4
155356,155361,155364,3,5
155356,155360,155363,3,4
155356,155360,155363,3,4
155356,155360,155364,4,4
155356,155360,155364,4,4
155356,155360,155363,3,4
155356,155360,155364,4,4
155356,155360,155363,3,4
155356,155360,155364,4,4
155356,155360,155363,3,4
155356,155360,155364,4,4
155356,155360,155364,4,4
155356,155360,155363,3,4
155356,155360,155364,4,4
155356,155360,155364,4,4
155356,155361,155364,3,5
155356,155360,155364,4,4
155356,155361,155365,4,5
155356,155360,155364,4,4
155356,155361,155365,4,5
155356,155361,155365,4,5
155356,155361,155364,3,5
155356,155360,155365,5,4
155356,155361,155365,4,5
155356,155362,155366,4,6
155356,155363,155366,3,7
155356,155361,155366,5,5
155356,155362,155366,4,6
155356,155363,155366,3,7
155356,155361,155365,4,5
155356,155363,155366,3,7
155356,155361,155365,4,5
155356,155362,155366,4,6
155356,155362,155366,4,6
155356,155363,155367,4,7
155356,155364,155367,3,8
155356,155364,155367,3,8
155356,155364,155367,3,8
155356,155364,155367,3,8
155356,155364,155367,3,8
155356,155364,155367,3,8
155356,155364,155367,3,8
155356,155364,155367,3,8
155356,155364,155367,3,8
155356,155364,155367,3,8
155356,155364,155367,3,8
155356,155364,155367,3,8
155356,155365,155368,3,9
155356,155364,155368,4,8
155356,155365,155368,3,9
155356,155364,155368,4,8
155356,155365,155368,3,9
155356,155364,155368,4,8
155356,155364,155367,3,8
155356,155365,155368,3,9
155356,155365,155368,3,9
155356,155364,155367,3,8
155356,155365,155368,3,9
155356,155365,155368,3,9
155356,155364,155368,4,8
155356,155364,155368,4,8
155356,155365,155369,4,9
154537,154551,155387,836,14
154541,154551,155393,842,10
155403,155404,155405,1,1
155403,155404,155405,1,1
155403,155404,155406,2,1
155403,155404,155406,2,1
155403,155404,155405,1,1
155403,155404,155406,2,1
155403,155404,155406,2,1
155403,155404,155406,2,1
155403,155404,155407,3,1
155403,155404,155407,3,1
155403,155404,155407,3,1
155403,155404,155407,3,1
155403,155404,155407,3,1
155403,155404,155407,3,1
155403,155404,155407,3,1
155403,155404,155407,3,1
155403,155404,155408,4,1
155403,155404,155407,3,1
155403,155404,155407,3,1
155403,155404,155407,3,1
155403,155404,155407,3,1
155403,155404,155408,4,1
155403,155404,155408,4,1
155403,155404,155408,4,1
155403,155404,155407,3,1
155403,155404,155407,3,1
155403,155404,155407,3,1
155403,155404,155407,3,1
155403,155404,155407,3,1
155403,155404,155407,3,1
155403,155404,155408,4,1
155403,155404,155408,4,1
155403,155404,155408,4,1
155403,155404,155408,4,1
155403,155404,155408,4,1
155403,155404,155409,5,1
155403,155404,155408,4,1
155403,155404,155408,4,1
155403,155404,155408,4,1
155403,155407,155409,2,4
155403,155404,155408,4,1
155403,155406,155409,3,3
155403,155406,155408,2,3
155403,155404,155408,4,1
155403,155404,155409,5,1
155403,155406,155409,3,3
155403,155408,155409,1,5
155403,155406,155409,3,3
155403,155408,155410,2,5
155403,155406,155409,3,3
155403,155407,155409,2,4
155403,155408,155410,2,5
155403,155408,155410,2,5
155403,155408,155411,3,5
155403,155408,155411,3,5
155403,155409,155411,2,6
155403,155408,155410,2,5
155403,155408,155410,2,5
155403,155407,155410,3,4
155403,155408,155410,2,5
155403,155408,155410,2,5
155403,155408,155412,4,5
155403,155408,155411,3,5
155403,155408,155411,3,5
155403,155408,155411,3,5
155403,155408,155411,3,5
155403,155409,155411,2,6
155403,155408,155412,4,5
155403,155408,155411,3,5
155403,155408,155412,4,5
155403,155408,155411,3,5
155403,155408,155412,4,5
155403,155409,155412,3,6
155403,155409,155412,3,6
155403,155410,155412,2,7
155403,155409,155412,3,6
155403,155409,155412,3,6
155403,155408,155412,4,5
155403,155409,155412,3,6
155403,155408,155412,4,5
155403,155409,155413,4,6
155403,155409,155412,3,6
155403,155409,155413,4,6
155403,155409,155413,4,6
155403,155409,155412,3,6
155403,155410,155413,3,7
155403,155410,155413,3,7
155403,155409,155412,3,6
155403,155410,155413,3,7
155403,155409,155413,4,6
155403,155409,155413,4,6
155403,155410,155412,2,7
155403,155411,155414,3,8
155403,155411,155413,2,8
155403,155409,155413,4,6
155403,155412,155414,2,9
155403,155411,155414,3,8
155403,155411,155414,3,8
155403,155411,155414,3,8
155403,155411,155414,3,8
155403,155411,155414,3,8
155403,155412,155415,3,9
155403,155411,155415,4,8
155403,155411,155415,4,8
155403,155412,155415,3,9
155403,155412,155414,2,9
155403,155413,155415,2,10
155403,155412,155414,2,9
155403,155412,155414,2,9
155403,155412,155414,2,9
155403,155412,155414,2,9
155403,155411,155414,3,8
155403,155412,155414,2,9
155403,155412,155415,3,9
155403,155412,155415,3,9
154525,154551,155416,865,26
155403,155413,155416,3,10
155403,155413,155415,2,10
155403,155412,155415,3,9
155407,155413,155416,3,6
155403,155412,155415,3,9
155407,155413,155416,3,6
155403,155413,155416,3,10
155407,155413,155417,4,6
155407,155415,155417,2,8
155407,155413,155416,3,6
155407,155413,155417,4,6
155407,155413,155417,4,6
155407,155413,155416,3,6
155407,155413,155417,4,6
155407,155413,155416,3,6
155407,155413,155417,4,6
155407,155414,155417,3,7
155407,155413,155417,4,6
155407,155413,155417,4,6
155407,155413,155417,4,6
155407,155415,155417,2,8
155407,155414,155417,3,7
155407,155416,155417,1,9
155407,155415,155417,2,8
155407,155416,155417,1,9
155407,155416,155418,2,9
155407,155415,155418,3,8
155407,155415,155418,3,8
155407,155415,155417,2,8
155407,155415,155418,3,8
155407,155416,155418,2,9
155407,155414,155418,4,7
155407,155415,155418,3,8
155407,155415,155418,3,8
155407,155414,155418,4,7
155407,155415,155418,3,8
155407,155415,155418,3,8
155407,155414,155418,4,7
155407,155414,155418,4,7
155407,155414,155418,4,7
155407,155415,155418,3,8
155407,155415,155419,4,8
155407,155415,155419,4,8
155407,155416,155419,3,9
155407,155415,155419,4,8
155407,155414,155419,5,7
155407,155417,155419,2,10
155407,155417,155419,2,10
155407,155417,155420,3,10
155407,155418,155420,2,11
155407,155417,155420,3,10
155407,155417,155420,3,10
155407,155418,155420,2,11
155407,155416,155420,4,9
155407,155416,155420,4,9
155407,155417,155420,3,10
155407,155418,155420,2,11
155407,155417,155421,4,10
155407,155417,155421,4,10
155407,155417,155421,4,10
155407,155417,155421,4,10
155407,155418,155421,3,11
155407,155417,155421,4,10
155407,155419,155421,2,12
155407,155417,155421,4,10
155407,155419,155422,3,12
155407,155417,155421,4,10
155407,155418,155421,3,11
155407,155419,155422,3,12
155407,155418,155422,4,11
155407,155418,155421,3,11
155407,155418,155421,3,11
155407,155418,155422,4,11
155407,155418,155422,4,11
155407,155418,155422,4,11
155407,155420,155423,3,13
155407,155418,155422,4,11
155407,155418,155423,5,11
155407,155419,155422,3,12
155407,155419,155423,4,12
155407,155417,155422,5,10
155407,155420,155423,3,13
155407,155419,155422,3,12
155407,155419,155422,3,12
155407,155420,155423,3,13
155407,155419,155422,3,12
155407,155419,155423,4,12
155407,155420,155423,3,13
155407,155419,155422,3,12
155407,155421,155423,2,14
155407,155421,155424,3,14
155407,155420,155423,3,13
155407,155421,155424,3,14
155407,155420,155423,3,13
155407,155420,155423,3,13
155407,155422,155425,3,15
155407,155421,155424,3,14
155407,155421,155424,3,14
155407,155422,155424,2,15
155407,155421,155424,3,14
155407,155422,155424,2,15
155407,155422,155425,3,15
155407,155423,155425,2,16
155407,155422,155425,3,15
155407,155422,155425,3,15
155407,155422,155425,3,15
155407,155422,155425,3,15
155407,155421,155425,4,14
155407,155422,155424,2,15
155407,155422,155425,3,15
155407,155422,155425,3,15
155407,155423,155425,2,16
155407,155422,155425,3,15
155407,155423,155425,2,16
155407,155423,155425,2,16
155407,155423,155425,2,16
155407,155423,155425,2,16
155407,155422,155425,3,15
155407,155423,155425,2,16
155407,155422,155425,3,15
155407,155423,155425,2,16
155407,155422,155425,3,15
155407,155423,155426,3,16
155407,155423,155426,3,16
155407,155423,155426,3,16
154545,154561,155428,867,16
155450,155451,155453,2,1
155450,155451,155453,2,1
155450,155451,155453,2,1
155450,155451,155453,2,1
155450,155451,155453,2,1
155450,155451,155453,2,1
155450,155451,155453,2,1
155450,155451,155453,2,1
155450,155451,155454,3,1
155450,155451,155454,3,1
155450,155451,155454,3,1
155450,155451,155454,3,1
155450,155451,155454,3,1
155450,155451,155455,4,1
155450,155451,155454,3,1
155450,155451,155455,4,1
155450,155451,155455,4,1
155450,155451,155454,3,1
155450,155451,155455,4,1
155450,155451,155454,3,1
155450,155451,155454,3,1
155450,155451,155454,3,1
155450,155451,155454,3,1
155450,155451,155454,3,1
155450,155451,155455,4,1
155450,155451,155455,4,1
155450,155451,155454,3,1
155450,155451,155454,3,1
155450,155451,155455,4,1
155450,155451,155454,3,1
155450,155451,155454,3,1
155450,155453,155455,2,3
155450,155451,155454,3,1
155450,155451,155454,3,1
155450,155451,155454,3,1
155450,155453,155455,2,3
155450,155451,155455,4,1
155450,155451,155455,4,1
155450,155451,155455,4,1
155450,155451,155455,4,1
155450,155451,155456,5,1
155450,155453,155456,3,3
155450,155451,155455,4,1
155450,155454,155455,1,4
155450,155451,155455,4,1
155450,155453,155456,3,3
155450,155454,155456,2,4
155450,155453,155456,3,3
155450,155454,155456,2,4
155450,155455,155457,2,5
155450,155455,155458,3,5
155450,155455,155457,2,5
155450,155455,155458,3,5
155450,155455,155457,2,5
155450,155455,155457,2,5
155450,155455,155458,3,5
155450,155455,155458,3,5
155450,155455,155458,3,5
155450,155455,155458,3,5
155450,155456,155459,3,6
155450,155455,155458,3,5
155450,155455,155458,3,5
155450,155456,155459,3,6
155450,155455,155458,3,5
155450,155455,155459,4,5
155450,155455,155458,3,5
155450,155456,155459,3,6
155450,155455,155459,4,5
155450,155455,155459,4,5
155450,155455,155459,4,5
155450,155455,155458,3,5
155450,155456,155459,3,6
155450,155455,155459,4,5
155450,155455,155459,4,5
155450,155457,155460,3,7
155450,155457,155460,3,7
155450,155455,155459,4,5
155450,155456,155459,3,6
155450,155456,155459,3,6
155450,155455,155459,4,5
155450,155455,155459,4,5
155450,155456,155459,3,6
155450,155456,155460,4,6
155450,155456,155459,3,6
155450,155457,155460,3,7
155450,155458,155461,3,8
155450,155458,155460,2,8
155450,155458,155460,2,8
155450,155459,155461,2,9
155450,155457,155460,3,7
155450,155458,155461,3,8
155450,155458,155461,3,8
155450,155458,155461,3,8
155450,155459,155461,2,9
155450,155458,155461,3,8
155450,155459,155462,3,9
155450,155459,155462,3,9
155450,155459,155461,2,9
155450,155459,155461,2,9
155450,155458,155461,3,8
155450,155459,155461,2,9
155450,155459,155462,3,9
155450,155459,155461,2,9
155450,155459,155462,3,9
155450,155458,155462,4,8
155450,155458,155461,3,8
155450,155459,155462,3,9
155450,155459,155462,3,9
155450,155459,155462,3,9
155450,155460,155462,2,10
155450,155459,155462,3,9
155450,155459,155462,3,9
155450,155460,155463,3,10
155450,155460,155463,3,10
155450,155460,155463,3,10
155462,155462,155465,3,0
155462,155462,155464,2,0
155462,155462,155464,2,0
155462,155462,155464,2,0
155462,155462,155465,3,0
155462,155462,155465,3,0
155462,155462,155465,3,0
155462,155462,155465,3,0
155462,155462,155466,4,0
155462,155462,155466,4,0
155462,155463,155465,2,1
155462,155462,155465,3,0
155462,155462,155466,4,0
155462,155462,155466,4,0
155462,155462,155466,4,0
155462,155462,155466,4,0
155462,155462,155466,4,0
155462,155462,155466,4,0
155462,155462,155465,3,0
155462,155464,155465,1,2
155462,155462,155465,3,0
155462,155462,155465,3,0
155462,155462,155466,4,0
155462,155462,155466,4,0
155462,155462,155466,4,0
155462,155462,155465,3,0
155462,155462,155466,4,0
155462,155464,155466,2,2
155462,155462,155466,4,0
155462,155462,155466,4,0
155462,155463,155466,3,1
155462,155462,155466,4,0
155462,155463,155466,3,1
155462,155465,155466,1,3
155462,155462,155466,4,0
155462,155465,155467,2,3
155462,155465,155466,1,3
155462,155465,155467,2,3
155462,155463,155466,3,1
155462,155464,155467,3,2
155462,155465,155468,3,3
155462,155466,155468,2,4
155462,155466,155468,2,4
155462,155466,155468,2,4
155462,155466,155468,2,4
155462,155466,155468,2,4
155462,155467,155469,2,5
155462,155466,155469,3,4
155462,155466,155468,2,4
155462,155466,155469,3,4
155462,155466,155469,3,4
155462,155466,155469,3,4
155462,155466,155469,3,4
155462,155465,155469,4,3
155462,155465,155469,4,3
155462,155466,155468,2,4
155462,155467,155469,2,5
155462,155466,155469,3,4
155462,155466,155470,4,4
155462,155467,155470,3,5
155462,155466,155470,4,4
155462,155466,155470,4,4
155462,155466,155470,4,4
155462,155466,155470,4,4
155462,155466,155470,4,4
155462,155466,155470,4,4
155462,155467,155470,3,5
155462,155467,155470,3,5
155462,155467,155470,3,5
155450,155451,155455,4,1
155462,155467,155471,4,5
155462,155467,155471,4,5
155462,155467,155471,4,5
155462,155467,155471,4,5
155462,155467,155471,4,5
155462,155467,155471,4,5
155462,155468,155471,3,6
155462,155468,155471,3,6
155462,155468,155471,3,6
155462,155469,155472,3,7
155462,155469,155472,3,7
155462,155469,155472,3,7
154621,154683,155471,788,62
155462,155469,155472,3,7
155462,155469,155472,3,7
155462,155469,155472,3,7
155462,155469,155472,3,7
155462,155469,155472,3,7
155462,155469,155472,3,7
155462,155469,155472,3,7
155462,155469,155472,3,7
155462,155469,155472,3,7
155462,155470,155473,3,8
155462,155470,155473,3,8
155462,155470,155473,3,8
155462,155471,155473,2,9
155462,155470,155473,3,8
155462,155470,155473,3,8
155462,155470,155473,3,8
155462,155470,155473,3,8
155462,155469,155473,4,7
155462,155469,155473,4,7
155462,155470,155473,3,8
155462,155470,155474,4,8
155462,155470,155474,4,8
155462,155470,155474,4,8
155462,155472,155474,2,10
155462,155471,155474,3,9
155462,155472,155474,2,10
155462,155470,155474,4,8
155462,155470,155474,4,8
155462,155471,155474,3,9
155462,155471,155474,3,9
155462,155472,155474,2,10
155462,155472,155474,2,10
155462,155472,155474,2,10
155462,155472,155475,3,10
155462,155472,155475,3,10
155462,155472,155475,3,10
155450,155471,155475,4,21
155450,155471,155475,4,21
155450,155471,155475,4,21
155450,155471,155475,4,21
155462,155471,155475,4,9
155462,155472,155474,2,10
155462,155472,155475,3,10
155474,155474,155477,3,0
155474,155474,155477,3,0
155474,155474,155477,3,0
155474,155474,155477,3,0
155474,155474,155477,3,0
155474,155474,155477,3,0
155474,155474,155477,3,0
155474,155475,155478,3,1
155474,155474,155478,4,0
155474,155474,155478,4,0
155474,155474,155478,4,0
155474,155475,155477,2,1
155474,155474,155478,4,0
155474,155474,155477,3,0
155474,155474,155477,3,0
155474,155475,155477,2,1
155474,155474,155477,3,0
155474,155474,155478,4,0
155474,155474,155477,3,0
155474,155474,155478,4,0
155474,155474,155477,3,0
155474,155475,155477,2,1
155474,155475,155478,3,1
155474,155475,155478,3,1
155474,155475,155478,3,1
155474,155475,155478,3,1
155474,155476,155479,3,2
155474,155474,155478,4,0
155474,155475,155478,3,1
155474,155475,155478,3,1
155474,155475,155478,3,1
155474,155475,155478,3,1
155474,155474,155478,4,0
155474,155474,155478,4,0
155474,155475,155478,3,1
155474,155475,155479,4,1
155474,155475,155479,4,1
155474,155475,155479,4,1
155474,155475,155479,4,1
155474,155475,155479,4,1
155474,155475,155479,4,1
155474,155477,155479,2,3
155474,155477,155479,2,3
155474,155477,155480,3,3
155474,155478,155480,2,4
155474,155478,155480,2,4
155474,155478,155480,2,4
155474,155478,155480,2,4
155474,155478,155481,3,4
155474,155478,155480,2,4
155474,155479,155481,2,5
155474,155478,155481,3,4
155474,155478,155481,3,4
155474,155478,155480,2,4
155474,155478,155481,3,4
155474,155478,155481,3,4
155474,155478,155481,3,4
155474,155479,155482,3,5
155474,155478,155481,3,4
155474,155478,155482,4,4
155474,155479,155481,2,5
155474,155479,155482,3,5
155474,155479,155481,2,5
155474,155478,155482,4,4
155474,155478,155481,3,4
155474,155479,155482,3,5
155474,155478,155481,3,4
155474,155478,155482,4,4
155474,155478,155481,3,4
155474,155479,155482,3,5
155474,155478,155481,3,4
155474,155479,155481,2,5
155474,155479,155482,3,5
155474,155478,155482,4,4
155474,155480,155482,2,6
155474,155480,155482,2,6
155474,155480,155482,2,6
155474,155480,155482,2,6
155474,155479,155482,3,5
155474,155479,155483,4,5
155474,155479,155483,4,5
155474,155479,155482,3,5
155474,155480,155483,3,6
155474,155480,155483,3,6
155474,155481,155483,2,7
155474,155481,155484,3,7
155474,155481,155484,3,7
155474,155481,155484,3,7
155474,155481,155484,3,7
155474,155481,155483,2,7
155474,155481,155483,2,7
155474,155480,155483,3,6
155474,155482,155484,2,8
155474,155483,155485,2,9
155474,155482,155485,3,8
155474,155481,155485,4,7
155474,155482,155485,3,8
155474,155483,155485,2,9
155474,155482,155485,3,8
155474,155482,155485,3,8
155474,155482,155484,2,8
155474,155482,155485,3,8
155474,155482,155485,3,8
155474,155482,155485,3,8
155474,155482,155485,3,8
155474,155482,155484,2,8
155474,155481,155485,4,7
155474,155482,155485,3,8
155474,155482,155485,3,8
155474,155483,155485,2,9
155474,155483,155485,2,9
155474,155483,155485,2,9
155474,155483,155485,2,9
155474,155481,155485,4,7
155474,155482,155486,4,8
155474,155482,155485,3,8
155474,155482,155485,3,8
155474,155482,155486,4,8
155474,155481,155502,21,7
155474,155481,155502,21,7
154610,154668,155541,873,58
155543,155544,155546,2,1
155543,155544,155546,2,1
155543,155544,155546,2,1
155543,155544,155546,2,1
155543,155544,155546,2,1
155543,155544,155546,2,1
155543,155544,155546,2,1
155543,155544,155547,3,1
155543,155544,155547,3,1
155543,155544,155547,3,1
155543,155544,155547,3,1
155543,155544,155547,3,1
155543,155544,155547,3,1
155543,155544,155548,4,1
155543,155544,155547,3,1
155543,155544,155547,3,1
155543,155544,155547,3,1
155543,155544,155547,3,1
155543,155544,155547,3,1
155543,155544,155547,3,1
155543,155544,155547,3,1
155543,155544,155547,3,1
155543,155544,155547,3,1
155543,155544,155548,4,1
155543,155544,155548,4,1
155543,155544,155548,4,1
155543,155544,155548,4,1
155543,155544,155548,4,1
155543,155544,155548,4,1
155543,155544,155548,4,1
155543,155544,155548,4,1
155543,155544,155548,4,1
155543,155544,155548,4,1
155543,155544,155548,4,1
155543,155544,155548,4,1
155543,155544,155548,4,1
155543,155544,155548,4,1
155543,155544,155549,5,1
155543,155544,155548,4,1
155543,155547,155550,3,4
155543,155547,155549,2,4
155543,155547,155549,2,4
155543,155548,155550,2,5
155543,155544,155549,5,1
155543,155547,155549,2,4
155543,155544,155549,5,1
155543,155547,155550,3,4
155543,155548,155550,2,5
155543,155547,155550,3,4
155543,155548,155550,2,5
155543,155548,155550,2,5
155543,155548,155551,3,5
155543,155547,155550,3,4
155543,155548,155550,2,5
155543,155548,155550,2,5
155543,155548,155551,3,5
155543,155548,155551,3,5
155543,155548,155551,3,5
155543,155548,155552,4,5
155543,155549,155552,3,6
155543,155549,155551,2,6
155543,155548,155552,4,5
155543,155548,155552,4,5
155543,155548,155551,3,5
155543,155549,155552,3,6
155543,155549,155552,3,6
155543,155548,155551,3,5
155543,155549,155552,3,6
155543,155549,155552,3,6
155543,155549,155551,2,6
155543,155549,155552,3,6
155543,155549,155552,3,6
155543,155549,155552,3,6
155543,155549,155552,3,6
155543,155550,155552,2,7
155543,155550,155553,3,7
155543,155548,155552,4,5
155543,155549,155552,3,6
155543,155549,155553,4,6
155543,155549,155552,3,6
155543,155550,155553,3,7
155543,155550,155553,3,7
155543,155549,155553,4,6
155543,155550,155553,3,7
155543,155550,155553,3,7
155543,155551,155553,2,8
155543,155551,155553,2,8
155543,155550,155553,3,7
155543,155550,155553,3,7
155543,155551,155554,3,8
155543,155552,155554,2,9
155543,155549,155553,4,6
155543,155551,155553,2,8
155543,155550,155553,3,7
155543,155551,155554,3,8
155543,155551,155555,4,8
155543,155552,155554,2,9
155543,155552,155554,2,9
155543,155551,155554,3,8
155543,155552,155554,2,9
155543,155552,155555,3,9
155543,155552,155554,2,9
155543,155553,155555,2,10
155543,155553,155555,2,10
155543,155553,155555,2,10
155543,155552,155554,2,9
155543,155552,155555,3,9
155543,155551,155555,4,8
155543,155551,155555,4,8
155543,155551,155555,4,8
155543,155552,155555,3,9
155543,155552,155554,2,9
155543,155552,155555,3,9
155543,155553,155555,2,10
155543,155553,155556,3,10
155543,155553,155555,2,10
155543,155552,155556,4,9
155543,155552,155555,3,9
155543,155552,155555,3,9
155543,155552,155555,3,9
154715,154760,155625,865,45
155626,155626,155629,3,0
155626,155626,155629,3,0
155626,155626,155629,3,0
155626,155626,155629,3,0
155626,155626,155629,3,0
155626,155626,155629,3,0
155626,155626,155630,4,0
155626,155626,155630,4,0
155626,155626,155630,4,0
155626,155626,155630,4,0
155626,155626,155629,3,0
155626,155626,155629,3,0
155626,155626,155629,3,0
155626,155626,155630,4,0
155626,155626,155630,4,0
155626,155626,155630,4,0
155626,155626,155629,3,0
155626,155626,155630,4,0
155626,155626,155630,4,0
155626,155626,155630,4,0
155626,155626,155630,4,0
155626,155626,155630,4,0
155626,155626,155630,4,0
155626,155626,155629,3,0
155626,155626,155630,4,0
155626,155626,155630,4,0
155626,155626,155630,4,0
155626,155626,155631,5,0
155626,155626,155631,5,0
155626,155626,155630,4,0
155626,155626,155630,4,0
155626,155626,155630,4,0
155626,155626,155631,5,0
155626,155626,155631,5,0
155626,155626,155631,5,0
155626,155626,155631,5,0
155626,155626,155631,5,0
155626,155626,155630,4,0
155626,155626,155630,4,0
155626,155626,155630,4,0
155626,155626,155630,4,0
155626,155629,155631,2,3
155626,155629,155632,3,3
155626,155629,155632,3,3
155626,155629,155631,2,3
155626,155631,155633,2,5
155626,155630,155633,3,4
155626,155630,155633,3,4
155626,155630,155633,3,4
155626,155630,155633,3,4
155626,155630,155633,3,4
155626,155630,155633,3,4
155626,155631,155633,2,5
155626,155630,155634,4,4
155626,155631,155633,2,5
155626,155630,155634,4,4
155626,155631,155634,3,5
155626,155630,155634,4,4
155626,155630,155634,4,4
155626,155630,155634,4,4
155626,155630,155634,4,4
155626,155631,155634,3,5
155626,155630,155634,4,4
155626,155630,155634,4,4
155626,155631,155634,3,5
155626,155631,155634,3,5
155626,155630,155634,4,4
155626,155630,155634,4,4
155626,155630,155634,4,4
155626,155631,155634,3,5
155626,155630,155634,4,4
155626,155631,155634,3,5
155626,155631,155634,3,5
155626,155630,155634,4,4
155626,155631,155635,4,5
155626,155630,155635,5,4
155626,155630,155635,5,4
155626,155631,155635,4,5
155626,155631,155635,4,5
155626,155632,155635,3,6
155626,155632,155635,3,6
155626,155631,155635,4,5
155626,155632,155635,3,6
155626,155631,155635,4,5
155626,155632,155635,3,6
155626,155633,155635,2,7
155626,155633,155636,3,7
155626,155631,155635,4,5
155626,155633,155637,4,7
155626,155633,155636,3,7
155626,155634,155637,3,8
155626,155634,155637,3,8
155626,155633,155637,4,7
155626,155634,155637,3,8
155626,155633,155637,4,7
155626,155634,155637,3,8
155626,155634,155637,3,8
155626,155634,155637,3,8
155626,155634,155637,3,8
155626,155634,155637,3,8
155626,155634,155637,3,8
155626,155635,155637,2,9
155626,155635,155637,2,9
155626,155635,155637,2,9
155626,155634,155637,3,8
155626,155636,155637,1,10
155626,155634,155638,4,8
155626,155634,155638,4,8
155626,155634,155638,4,8
155626,155634,155638,4,8
155626,155635,155638,3,9
155626,155635,155638,3,9
155626,155634,155638,4,8
155626,155634,155638,4,8
155626,155634,155638,4,8
155626,155636,155638,2,10
155626,155636,155638,2,10
155626,155636,155638,2,10
155626,155635,155639,4,9
155626,155635,155638,3,9
154802,154828,155674,846,26
155676,155676,155679,3,0
155676,155676,155679,3,0
155676,155676,155679,3,0
155676,155676,155679,3,0
155676,155676,155679,3,0
155676,155676,155678,2,0
155676,155676,155679,3,0
155676,155676,155680,4,0
155676,155676,155679,3,0
155676,155676,155680,4,0
155676,155676,155680,4,0
155676,155676,155679,3,0
155676,155676,155680,4,0
155676,155676,155680,4,0
155676,155676,155679,3,0
155676,155676,155679,3,0
155676,155676,155679,3,0
155676,155676,155680,4,0
155676,155676,155680,4,0
155676,155676,155680,4,0
155676,155676,155680,4,0
155676,155676,155680,4,0
155676,155676,155680,4,0
155676,155676,155680,4,0
155676,155676,155680,4,0
155676,155676,155680,4,0
155676,155676,155681,5,0
155676,155676,155681,5,0
155676,155676,155681,5,0
155676,155676,155681,5,0
155676,155676,155680,4,0
155676,155676,155681,5,0
155676,155676,155681,5,0
155676,155676,155680,4,0
155676,155676,155680,4,0
155676,155676,155681,5,0
155676,155679,155682,3,3
155676,155679,155682,3,3
155676,155679,155682,3,3
155676,155679,155682,3,3
155676,155679,155683,4,3
155676,155679,155683,4,3
155676,155679,155683,4,3
155676,155680,155683,3,4
155676,155680,155683,3,4
155676,155681,155683,2,5
155676,155680,155684,4,4
155676,155680,155683,3,4
155676,155681,155683,2,5
155676,155680,155684,4,4
155676,155680,155684,4,4
155676,155681,155684,3,5
155676,155681,155684,3,5
155676,155680,155684,4,4
155676,155680,155684,4,4
155676,155681,155684,3,5
155676,155680,155684,4,4
155676,155680,155684,4,4
155676,155681,155684,3,5
155676,155680,155683,3,4
155676,155681,155684,3,5
155676,155680,155684,4,4
155676,155681,155684,3,5
155676,155681,155685,4,5
155676,155680,155685,5,4
155676,155682,155685,3,6
155676,155680,155685,5,4
155676,155682,155685,3,6
155676,155680,155685,5,4
155676,155680,155685,5,4
155676,155680,155684,4,4
155676,155681,155685,4,5
155676,155683,155686,3,7
155676,155681,155685,4,5
155676,155684,155686,2,8
155676,155682,155686,4,6
155676,155681,155686,5,5
155676,155683,155686,3,7
155676,155683,155686,3,7
155676,155683,155686,3,7
155676,155683,155686,3,7
155676,155683,155686,3,7
155676,155683,155686,3,7
155676,155684,155687,3,8
155676,155684,155687,3,8
155676,155684,155687,3,8
155676,155684,155687,3,8
155676,155684,155687,3,8
155676,155684,155687,3,8
155676,155684,155687,3,8
155676,155684,155687,3,8
155676,155684,155687,3,8
155676,155685,155688,3,9
155676,155684,155688,4,8
155676,155685,155688,3,9
155676,155684,155687,3,8
155676,155684,155687,3,8
155676,155685,155688,3,9
155676,155685,155688,3,9
155676,155685,155688,3,9
155676,155684,155688,4,8
155676,155685,155688,3,9
155676,155684,155688,4,8
155676,155686,155688,2,10
155676,155686,155688,2,10
155676,155686,155689,3,10
155676,155686,155688,2,10
155676,155687,155688,1,11
155676,155686,155689,3,10
155676,155686,155689,3,10
155676,155686,155689,3,10
155676,155687,155689,2,11
155676,155686,155690,4,10
155676,155686,155689,3,10
155676,155686,155690,4,10
155676,155691,155693,2,15
155676,155691,155694,3,15
155676,155691,155694,3,15
155676,155691,155694,3,15
155676,155691,155694,3,15
154869,154888,155740,852,19
155744,155744,155746,2,0
155744,155744,155746,2,0
155744,155744,155747,3,0
155744,155744,155746,2,0
155744,155744,155747,3,0
155744,155744,155746,2,0
155744,155744,155747,3,0
155744,155744,155748,4,0
155744,155744,155747,3,0
155744,155744,155747,3,0
155744,155744,155747,3,0
155744,155744,155747,3,0
155744,155744,155748,4,0
155744,155744,155747,3,0
155744,155744,155747,3,0
155744,155744,155747,3,0
155744,155744,155747,3,0
155744,155744,155748,4,0
155744,155744,155748,4,0
155744,155744,155748,4,0
155744,155744,155749,5,0
155744,155744,155748,4,0
155744,155744,155748,4,0
155744,155744,155748,4,0
155744,155744,155748,4,0
155744,155744,155748,4,0
155744,155744,155748,4,0
155744,155744,155749,5,0
155744,155744,155748,4,0
155744,155744,155748,4,0
155744,155744,155748,4,0
155744,155744,155748,4,0
155744,155744,155748,4,0
155744,155744,155748,4,0
155744,155744,155748,4,0
155744,155744,155748,4,0
155744,155744,155749,5,0
155744,155747,155750,3,3
155744,155747,155749,2,3
155744,155744,155749,5,0
155744,155744,155749,5,0
155744,155744,155749,5,0
155744,155744,155749,5,0
155744,155747,155750,3,3
155744,155748,155751,3,4
155744,155748,155751,3,4
155744,155748,155751,3,4
155744,155747,155751,4,3
155744,155747,155751,4,3
155744,155747,155750,3,3
155744,155748,155751,3,4
155744,155748,155752,4,4
155744,155748,155751,3,4
155744,155749,155752,3,5
155744,155749,155751,2,5
155744,155748,155752,4,4
155744,155749,155752,3,5
155744,155748,155751,3,4
155744,155749,155752,3,5
155744,155748,155752,4,4
155744,155749,155752,3,5
155744,155749,155752,3,5
155744,155748,155751,3,4
155744,155749,155752,3,5
155744,155749,155752,3,5
155744,155749,155753,4,5
155744,155749,155753,4,5
155744,155750,155753,3,6
155744,155749,155753,4,5
155744,155749,155752,3,5
155744,155749,155753,4,5
155744,155749,155752,3,5
155744,155749,155752,3,5
155744,155748,155753,5,4
155744,155749,155753,4,5
155744,155750,155753,3,6
155744,155748,155752,4,4
155744,155749,155753,4,5
155744,155749,155753,4,5
155744,155750,155753,3,6
155744,155751,155754,3,7
155744,155750,155753,3,6
155744,155750,155754,4,6
155744,155749,155754,5,5
155744,155750,155754,4,6
155744,155750,155753,3,6
155744,155751,155754,3,7
155744,155751,155753,2,7
155744,155751,155754,3,7
155744,155752,155755,3,8
155744,155752,155755,3,8
155744,155752,155755,3,8
155744,155751,155754,3,7
155744,155752,155754,2,8
155744,155752,155755,3,8
155744,155752,155754,2,8
155744,155751,155755,4,7
155744,155751,155755,4,7
155744,155752,155755,3,8
155744,155752,155755,3,8
155744,155753,155755,2,9
155744,155753,155756,3,9
155744,155753,155756,3,9
155744,155754,155756,2,10
155744,155753,155755,2,9
155744,155753,155756,3,9
155744,155752,155755,3,8
155744,155752,155756,4,8
155744,155753,155756,3,9
155744,155752,155756,4,8
155744,155753,155756,3,9
155744,155753,155756,3,9
155744,155753,155756,3,9
155744,155752,155756,4,8
155744,155753,155756,3,9
155744,155753,155756,3,9
155744,155752,155755,3,8
155744,155753,155756,3,9
155744,155753,155757,4,9
155744,155753,155756,3,9
154934,154945,155763,818,11
155791,155791,155792,1,0
155791,155791,155793,2,0
155791,155791,155793,2,0
155791,155791,155794,3,0
155791,155791,155793,2,0
155791,155791,155794,3,0
155791,155791,155793,2,0
155791,155791,155794,3,0
155791,155791,155794,3,0
155791,155791,155794,3,0
155791,155791,155795,4,0
155791,155791,155795,4,0
155791,155791,155795,4,0
155791,155791,155794,3,0
155791,155791,155794,3,0
155791,155791,155795,4,0
155791,155791,155794,3,0
155791,155791,155794,3,0
155791,155791,155794,3,0
155791,155791,155794,3,0
155791,155791,155795,4,0
155791,155791,155794,3,0
155791,155791,155795,4,0
155791,155791,155794,3,0
155791,155791,155795,4,0
155791,155791,155794,3,0
155791,155791,155794,3,0
155791,155791,155794,3,0
155791,155791,155794,3,0
155791,155793,155795,2,2
155791,155791,155795,4,0
155791,155791,155795,4,0
155791,155791,155795,4,0
155791,155791,155795,4,0
155791,155791,155795,4,0
155791,155791,155795,4,0
155791,155791,155795,4,0
155791,155791,155796,5,0
155791,155791,155795,4,0
155791,155791,155795,4,0
155791,155791,155796,5,0
155791,155793,155796,3,2
155791,155794,155796,2,3
155791,155794,155796,2,3
155791,155794,155797,3,3
155791,155794,155797,3,3
155791,155795,155798,3,4
155791,155795,155798,3,4
155791,155795,155798,3,4
155791,155795,155798,3,4
155791,155795,155798,3,4
155791,155794,155799,5,3
155791,155795,155799,4,4
155791,155795,155798,3,4
155791,155795,155798,3,4
155791,155795,155798,3,4
155791,155795,155798,3,4
155791,155795,155798,3,4
155791,155794,155798,4,3
155791,155795,155799,4,4
155791,155795,155799,4,4
155791,155796,155799,3,5
155791,155795,155799,4,4
155791,155795,155798,3,4
155791,155795,155798,3,4
155791,155796,155799,3,5
155791,155795,155799,4,4
155791,155795,155799,4,4
155791,155796,155800,4,5
155791,155796,155800,4,5
155791,155796,155800,4,5
155791,155796,155799,3,5
155791,155796,155799,3,5
155791,155794,155799,5,3
155791,155795,155799,4,4
155791,155795,155800,5,4
155791,155796,155800,4,5
155791,155797,155800,3,6
155791,155796,155801,5,5
155791,155796,155800,4,5
155791,155796,155800,4,5
155791,155796,155800,4,5
155791,155797,155801,4,6
155791,155798,155801,3,7
155791,155798,155802,4,7
155791,155799,155802,3,8
155791,155798,155802,4,7
155791,155798,155801,3,7
155791,155799,155802,3,8
155791,155799,155802,3,8
155791,155798,155802,4,7
155791,155798,155802,4,7
155791,155799,155802,3,8
155791,155799,155802,3,8
155791,155800,155802,2,9
155791,155800,155803,3,9
155791,155799,155802,3,8
155791,155799,155803,4,8
155791,155799,155802,3,8
155791,155799,155803,4,8
155791,155799,155802,3,8
155791,155799,155803,4,8
155791,155799,155803,4,8
155791,155799,155802,3,8
155791,155800,155803,3,9
155791,155800,155803,3,9
155791,155799,155803,4,8
155791,155800,155803,3,9
155791,155800,155804,4,9
155791,155800,155804,4,9
155791,155800,155803,3,9
155791,155800,155804,4,9
155791,155800,155804,4,9
155791,155800,155804,4,9
155791,155801,155804,3,10
155791,155799,155803,4,8
155791,155800,155804,4,9
155791,155800,155803,3,9
155791,155791,155797,6,0
155791,155812,155814,2,21
155029,155032,155879,847,3
154983,154987,155883,896,4
155883,155883,155885,2,0
155883,155883,155885,2,0
155883,155883,155885,2,0
155883,155883,155886,3,0
155883,155883,155885,2,0
155883,155883,155885,2,0
155883,155883,155887,4,0
155883,155883,155887,4,0
155883,155883,155887,4,0
155883,155883,155886,3,0
155883,155883,155886,3,0
155883,155883,155886,3,0
155883,155883,155887,4,0
155883,155883,155886,3,0
155883,155883,155887,4,0
155883,155883,155887,4,0
155883,155883,155887,4,0
155883,155883,155888,5,0
155883,155883,155888,5,0
155883,155883,155887,4,0
155883,155883,155887,4,0
155883,155883,155888,5,0
155883,155883,155887,4,0
155883,155883,155888,5,0
155883,155883,155887,4,0
155883,155883,155887,4,0
155883,155883,155888,5,0
155883,155883,155888,5,0
155883,155883,155887,4,0
155883,155883,155888,5,0
155883,155883,155887,4,0
155883,155883,155888,5,0
155883,155883,155888,5,0
155883,155885,155889,4,2
155883,155883,155888,5,0
155883,155883,155888,5,0
155883,155883,155888,5,0
155883,155883,155888,5,0
155883,155883,155888,5,0
155883,155883,155889,6,0
155883,155883,155889,6,0
155883,155883,155888,5,0
155883,155883,155889,6,0
155883,155887,155890,3,4
155883,155885,155890,5,2
155883,155886,155890,4,3
155883,155887,155889,2,4
155883,155887,155890,3,4
155883,155886,155891,5,3
155883,155888,155891,3,5
155883,155886,155890,4,3
155883,155887,155891,4,4
155883,155886,155891,5,3
155883,155887,155890,3,4
155883,155887,155890,3,4
155883,155888,155891,3,5
155883,155887,155891,4,4
155883,155888,155891,3,5
155883,155888,155891,3,5
155883,155888,155891,3,5
155883,155888,155891,3,5
155883,155888,155891,3,5
155883,155888,155892,4,5
155883,155889,155892,3,6
155883,155887,155891,4,4
155883,155888,155892,4,5
155883,155888,155892,4,5
155883,155888,155891,3,5
155883,155889,155892,3,6
155883,155888,155891,3,5
155883,155888,155891,3,5
155883,155889,155892,3,6
155883,155889,155892,3,6
155883,155888,155891,3,5
155883,155889,155892,3,6
155883,155889,155892,3,6
155883,155889,155893,4,6
155883,155889,155893,4,6
155883,155888,155893,5,5
155883,155889,155893,4,6
155883,155889,155893,4,6
155883,155889,155892,3,6
155883,155888,155893,5,5
155883,155888,155892,4,5
155883,155889,155893,4,6
155883,155890,155894,4,7
155883,155891,155894,3,8
155883,155890,155893,3,7
155883,155890,155894,4,7
155883,155890,155894,4,7
155883,155890,155894,4,7
155883,155891,155894,3,8
155883,155891,155894,3,8
155883,155891,155894,3,8
155883,155891,155895,4,8
155883,155891,155895,4,8
155883,155891,155895,4,8
155883,155891,155895,4,8
155883,155891,155895,4,8
155883,155892,155895,3,9
155883,155892,155895,3,9
155883,155892,155895,3,9
155883,155892,155895,3,9
155883,155893,155896,3,10
155883,155893,155895,2,10
155883,155892,155896,4,9
155883,155892,155896,4,9
155883,155892,155895,3,9
155883,155892,155896,4,9
155883,155892,155895,3,9
155883,155892,155896,4,9
155883,155892,155896,4,9
155883,155892,155896,4,9
155883,155892,155896,4,9
155883,155892,155896,4,9
155883,155892,155896,4,9
155883,155892,155896,4,9
155883,155891,155895,4,8
155883,155892,155895,3,9
155883,155893,155896,3,10
155886,155893,155897,4,7
155886,155893,155897,4,7
155886,155893,155897,4,7
155886,155893,155897,4,7
155886,155893,155897,4,7
155886,155893,155897,4,7
155886,155896,155898,2,10
155886,155896,155898,2,10
155886,155896,155898,2,10
155886,155896,155898,2,10
155886,155896,155898,2,10
155886,155895,155898,3,9
155886,155894,155898,4,8
155886,155895,155898,3,9
155886,155895,155898,3,9
155886,155895,155898,3,9
155886,155894,155899,5,8
155039,155043,155899,856,4
155886,155896,155898,2,10
155886,155896,155899,3,10
155886,155894,155898,4,8
155886,155895,155899,4,9
155886,155895,155899,4,9
155886,155894,155899,5,8
155886,155894,155899,5,8
155886,155894,155899,5,8
155886,155895,155899,4,9
155886,155896,155899,3,10
155886,155896,155899,3,10
155886,155896,155900,4,10
155886,155896,155899,3,10
155886,155896,155899,3,10
155886,155896,155900,4,10
155886,155896,155900,4,10
155886,155896,155900,4,10
155886,155896,155900,4,10
155886,155896,155901,5,10
155886,155896,155901,5,10
155886,155897,155901,4,11
155886,155897,155901,4,11
155886,155897,155901,4,11
155886,155897,155901,4,11
155886,155898,155901,3,12
155886,155898,155901,3,12
155886,155898,155901,3,12
155886,155896,155901,5,10
155886,155896,155901,5,10
155886,155896,155901,5,10
155886,155898,155901,3,12
155886,155899,155902,3,13
155886,155898,155902,4,12
155886,155899,155902,3,13
155886,155897,155902,5,11
155886,155897,155902,5,11
155886,155898,155902,4,12
155886,155898,155902,4,12
155886,155900,155902,2,14
155886,155899,155902,3,13
155886,155899,155902,3,13
155886,155900,155902,2,14
155886,155899,155902,3,13
155886,155899,155902,3,13
155886,155900,155902,2,14
155886,155900,155902,2,14
155886,155900,155902,2,14
155886,155900,155903,3,14
155886,155899,155902,3,13
155886,155899,155903,4,13
155886,155900,155903,3,14
155886,155900,155903,3,14
155886,155901,155904,3,15
155886,155900,155904,4,14
155886,155901,155904,3,15
155886,155901,155904,3,15
155886,155900,155904,4,14
155886,155901,155904,3,15
155886,155901,155904,3,15
155886,155901,155905,4,15
155886,155901,155904,3,15
155886,155901,155905,4,15
155886,155902,155905,3,16
155886,155899,155905,6,13
155886,155899,155905,6,13
155886,155903,155905,2,17
155886,155901,155905,4,15
155886,155902,155905,3,16
155886,155903,155905,2,17
155886,155902,155905,3,16
155886,155902,155905,3,16
155886,155903,155906,3,17
155886,155901,155905,4,15
155886,155902,155905,3,16
155886,155902,155906,4,16
155886,155902,155905,3,16
155886,155903,155906,3,17
155886,155902,155905,3,16
155886,155903,155906,3,17
155886,155903,155906,3,17
155886,155903,155906,3,17
155886,155901,155906,5,15
155886,155904,155907,3,18
155886,155903,155906,3,17
155886,155903,155907,4,17
155886,155903,155906,3,17
155886,155903,155906,3,17
155886,155903,155906,3,17
155886,155903,155906,3,17
155886,155903,155906,3,17
155886,155903,155907,4,17
155886,155905,155908,3,19
155886,155905,155907,2,19
155886,155904,155908,4,18
155886,155905,155907,2,19
155886,155904,155907,3,18
155886,155905,155908,3,19
155886,155905,155907,2,19
155886,155904,155907,3,18
155886,155905,155908,3,19
155886,155905,155908,3,19
155886,155904,155907,3,18
155886,155904,155908,4,18
155930,155930,155931,1,0
155930,155930,155932,2,0
155930,155930,155932,2,0
155930,155930,155932,2,0
155930,155930,155932,2,0
155930,155930,155933,3,0
155930,155930,155933,3,0
155930,155930,155934,4,0
155930,155930,155933,3,0
155930,155930,155934,4,0
155930,155930,155934,4,0
155930,155930,155934,4,0
155930,155930,155934,4,0
155930,155930,155934,4,0
155930,155930,155935,5,0
155930,155930,155934,4,0
155930,155930,155934,4,0
155930,155930,155934,4,0
155930,155930,155934,4,0
155930,155930,155934,4,0
155930,155930,155934,4,0
155930,155930,155935,5,0
155930,155930,155935,5,0
155930,155930,155934,4,0
155930,155930,155934,4,0
155930,155930,155934,4,0
155930,155930,155935,5,0
155930,155930,155934,4,0
155930,155930,155934,4,0
155930,155930,155935,5,0
155930,155930,155934,4,0
155930,155931,155935,4,1
155930,155931,155935,4,1
155930,155930,155935,5,0
155930,155930,155935,5,0
155930,155930,155935,5,0
155930,155930,155935,5,0
155930,155930,155935,5,0
155930,155931,155935,4,1
155930,155931,155936,5,1
155930,155930,155935,5,0
155930,155935,155937,2,5
155930,155932,155936,4,2
155930,155934,155937,3,4
155930,155934,155937,3,4
155930,155935,155937,2,5
155930,155933,155937,4,3
155930,155932,155936,4,2
155930,155932,155937,5,2
155930,155934,155936,2,4
155930,155935,155937,2,5
155930,155935,155937,2,5
155930,155934,155938,4,4
155930,155934,155937,3,4
155930,155935,155938,3,5
155930,155932,155937,5,2
155930,155935,155938,3,5
155930,155935,155938,3,5
155930,155935,155938,3,5
155930,155933,155937,4,3
155930,155935,155938,3,5
155930,155934,155939,5,4
155930,155937,155939,2,7
155930,155935,155939,4,5
155930,155935,155939,4,5
155930,155937,155939,2,7
155930,155935,155939,4,5
155930,155935,155939,4,5
155930,155935,155939,4,5
155930,155935,155938,3,5
155930,155936,155939,3,6
155930,155937,155939,2,7
155930,155935,155940,5,5
155930,155935,155940,5,5
155930,155937,155940,3,7
155930,155935,155939,4,5
155930,155935,155939,4,5
155930,155936,155940,4,6
155930,155936,155940,4,6
155930,155936,155939,3,6
155930,155936,155939,3,6
155930,155935,155939,4,5
155930,155935,155939,4,5
155930,155937,155940,3,7
155930,155937,155941,4,7
155930,155938,155941,3,8
155930,155937,155941,4,7
155930,155937,155941,4,7
155930,155938,155941,3,8
155930,155938,155942,4,8
155930,155937,155941,4,7
155930,155938,155942,4,8
155930,155937,155941,4,7
155930,155937,155942,5,7
155930,155938,155942,4,8
155930,155938,155941,3,8
155930,155938,155942,4,8
155930,155938,155942,4,8
155930,155938,155942,4,8
155930,155939,155942,3,9
155930,155938,155942,4,8
155930,155939,155943,4,9
155930,155939,155943,4,9
155930,155940,155943,3,10
155930,155938,155943,5,8
155930,155939,155943,4,9
155930,155939,155943,4,9
155930,155940,155943,3,10
155930,155937,155944,7,7
155930,155939,155944,5,9
155930,155939,155943,4,9
155930,155939,155944,5,9
155930,155939,155943,4,9
155930,155940,155943,3,10
155930,155940,155944,4,10
155930,155940,155943,3,10
155930,155940,155943,3,10
155930,155940,155943,3,10
155930,155940,155943,3,10
155930,155939,155943,4,9
155072,155072,155966,894,0
155097,155100,155974,874,3
155094,155100,155977,877,6
155099,155100,155979,879,1
155978,155978,155980,2,0
155978,155978,155981,3,0
155978,155979,155981,2,1
155978,155978,155981,3,0
155978,155978,155981,3,0
155978,155978,155981,3,0
155978,155978,155982,4,0
155978,155979,155982,3,1
155978,155978,155982,4,0
155978,155978,155982,4,0
155978,155978,155982,4,0
155978,155978,155982,4,0
155978,155978,155982,4,0
155978,155978,155982,4,0
155978,155978,155983,5,0
155978,155978,155983,5,0
155978,155978,155983,5,0
155978,155978,155983,5,0
155978,155978,155983,5,0
155978,155978,155983,5,0
155978,155978,155983,5,0
155978,155979,155983,4,1
155978,155978,155983,5,0
155978,155978,155983,5,0
155978,155978,155983,5,0
155978,155978,155984,6,0
155978,155978,155983,5,0
155978,155978,155983,5,0
155978,155978,155983,5,0
155978,155978,155983,5,0
155978,155978,155983,5,0
155978,155978,155983,5,0
155978,155983,155984,1,5
155978,155978,155984,6,0
155978,155979,155984,5,1
155978,155979,155984,5,1
155978,155978,155984,6,0
155978,155978,155984,6,0
155978,155983,155984,1,5
155978,155978,155984,6,0
155978,155983,155984,1,5
155978,155983,155984,1,5
155978,155978,155984,6,0
155978,155983,155984,1,5
155978,155978,155984,6,0
155978,155983,155984,1,5
155978,155983,155985,2,5
155978,155981,155985,4,3
155978,155981,155985,4,3
155978,155982,155985,3,4
155978,155982,155986,4,4
155978,155982,155985,3,4
155978,155981,155986,5,3
155978,155984,155986,2,6
155978,155982,155986,4,4
155978,155984,155988,4,6
155978,155985,155987,2,7
155978,155984,155988,4,6
155978,155985,155987,2,7
155978,155985,155987,2,7
155978,155985,155987,2,7
155978,155984,155987,3,6
155978,155984,155987,3,6
155978,155985,155987,2,7
155978,155984,155987,3,6
155978,155984,155987,3,6
155978,155984,155987,3,6
155978,155984,155987,3,6
155978,155984,155987,3,6
155978,155984,155988,4,6
155978,155984,155988,4,6
155978,155984,155987,3,6
155978,155985,155988,3,7
155978,155984,155988,4,6
155978,155984,155988,4,6
155978,155984,155988,4,6
155978,155985,155988,3,7
155978,155984,155988,4,6
155978,155985,155988,3,7
155978,155984,155988,4,6
155978,155985,155989,4,7
155978,155985,155989,4,7
155978,155986,155990,4,8
155978,155986,155989,3,8
155978,155985,155989,4,7
155978,155986,155990,4,8
155978,155985,155989,4,7
155978,155985,155990,5,7
155978,155986,155990,4,8
155978,155987,155990,3,9
155978,155987,155990,3,9
155978,155988,155990,2,10
155978,155988,155990,2,10
155978,155986,155990,4,8
155978,155988,155991,3,10
155978,155985,155990,5,7
155978,155986,155990,4,8
155978,155987,155991,4,9
155978,155988,155991,3,10
155978,155988,155991,3,10
155978,155988,155991,3,10
155978,155988,155991,3,10
155978,155989,155992,3,11
155978,155989,155992,3,11
155978,155988,155991,3,10
155978,155988,155992,4,10
155978,155988,155991,3,10
155978,155988,155991,3,10
155978,155988,155991,3,10
155978,155988,155992,4,10
155978,155988,155991,3,10
155978,155988,155992,4,10
155978,155988,155991,3,10
155978,155988,155991,3,10
155978,155989,155992,3,11
155978,155989,155992,3,11
155978,155989,155992,3,11
155978,155989,155992,3,11
155978,155989,155992,3,11
155978,155989,155992,3,11
155978,155989,155992,3,11
155978,155990,155993,3,12
155978,155989,155992,3,11
155978,155990,155993,3,12
155978,155991,155993,2,13
155978,155991,155994,3,13
155978,155991,155993,2,13
155978,155990,155994,4,12
155978,155991,155994,3,13
155978,155991,155994,3,13
155978,155990,155994,4,12
155978,155990,155994,4,12
155978,155991,155994,3,13
155978,155991,155994,3,13
155978,155991,155994,3,13
155978,155991,155995,4,13
155978,155991,155994,3,13
155978,155992,155995,3,14
155978,155992,155995,3,14
155978,155992,155995,3,14
155978,155991,155995,4,13
155978,155991,155994,3,13
155978,155990,155994,4,12
155978,155993,155995,2,15
155978,155992,155996,4,14
155978,155992,155995,3,14
155978,155992,155996,4,14
155978,155992,155995,3,14
155978,155993,155996,3,15
155978,155992,155996,4,14
155978,155993,155996,3,15
155978,155979,155986,7,1
155978,155979,155986,7,1
155978,155979,155984,5,1
155978,155992,155996,4,14
155978,155992,155996,4,14
155978,155994,155996,2,16
155978,155993,155996,3,15
155978,155993,155997,4,15
155978,155993,155997,4,15
155978,155992,155997,5,14
155978,155992,155997,5,14
155978,155993,155997,4,15
155978,155993,155997,4,15
155978,155993,155997,4,15
155978,155994,155996,2,16
155978,155994,155997,3,16
155978,155992,155997,5,14
155978,155992,155997,5,14
155978,155994,155997,3,16
155978,155994,155997,3,16
155978,155995,155997,2,17
155978,155993,155997,4,15
155978,155994,155998,4,16
155978,155994,155998,4,16
155978,155994,155998,4,16
155978,155994,155998,4,16
155978,155995,155998,3,17
155978,155995,155998,3,17
155978,155994,155998,4,16
155978,155994,155998,4,16
155978,155995,155998,3,17
155978,155996,155998,2,18
155978,155995,155998,3,17
155978,155995,155998,3,17
155978,155995,155999,4,17
155978,155996,155999,3,18
155978,155996,155999,3,18
155978,155996,155999,3,18
155978,155996,155999,3,18
155978,155996,155999,3,18
155978,155995,155999,4,17
155978,155997,156000,3,19
155978,155997,156000,3,19
155978,155997,156000,3,19
155978,155997,156000,3,19
155978,155997,156000,3,19
155978,155997,156000,3,19
155978,155997,156000,3,19
155978,155996,156000,4,18
155978,155997,156000,3,19
155978,155996,156000,4,18
155978,155996,156000,4,18
155978,155996,156000,4,18
155978,155996,156000,4,18
155978,155996,156000,4,18
155978,155996,156000,4,18
155978,155996,156000,4,18
155978,155998,156000,2,20
155978,155998,156001,3,20
155978,155997,156000,3,19
155978,155998,156001,3,20
155978,155997,156000,3,19
155978,155997,156000,3,19
155978,155997,156001,4,19
155978,155999,156001,2,21
155978,155998,156001,3,20
155978,155999,156001,2,21
155978,155999,156001,2,21
155978,155998,156001,3,20
155978,155999,156002,3,21
155978,155999,156002,3,21
155978,155999,156001,2,21
155978,155999,156001,2,21
155978,155999,156002,3,21
155978,155999,156001,2,21
155978,155999,156002,3,21
155978,155999,156002,3,21
155978,155998,156003,5,20
155978,155998,156002,4,20
155978,155998,156002,4,20
155978,155999,156002,3,21
155978,155999,156002,3,21
155978,155999,156002,3,21
155978,156000,156003,3,22
155978,156000,156003,3,22
155983,156000,156003,3,17
155983,156001,156003,2,18
155978,156000,156003,3,22
155978,156000,156003,3,22
155983,156001,156004,3,18
155983,156001,156003,2,18
155978,156000,156003,3,22
155983,156001,156004,3,18
155983,156001,156004,3,18
155978,156000,156004,4,22
155983,156001,156005,4,18
155983,156001,156004,3,18
155983,156001,156004,3,18
155983,156001,156004,3,18
155983,156000,156004,4,17
155983,156001,156004,3,18
155983,156001,156004,3,18
155983,156001,156004,3,18
155983,156002,156005,3,19
155983,156002,156005,3,19
155983,156001,156004,3,18
155983,156001,156004,3,18
155983,156002,156005,3,19
155983,156002,156005,3,19
155983,156001,156004,3,18
155983,156002,156005,3,19
155983,156002,156005,3,19
155983,156003,156006,3,20
155983,156003,156006,3,20
155983,156001,156005,4,18
155983,156003,156006,3,20
155983,156002,156005,3,19
155983,156002,156006,4,19
155983,156002,156006,4,19
155983,156002,156006,4,19
155983,156002,156006,4,19
155983,156004,156006,2,21
155983,156005,156007,2,22
155983,156004,156006,2,21
155983,156005,156007,2,22
155983,156003,156006,3,20
155983,156004,156007,3,21
155983,156003,156007,4,20
155983,156004,156007,3,21
155983,156003,156007,4,20
155983,156004,156007,3,21
155983,156005,156007,2,22
155983,156005,156008,3,22
155983,156004,156007,3,21
155983,156003,156007,4,20
155983,156004,156008,4,21
155983,156003,156007,4,20
155983,156005,156008,3,22
155983,156004,156008,4,21
155983,156005,156008,3,22
155983,156005,156008,3,22
155983,156005,156008,3,22
155983,156006,156008,2,23
155983,156006,156008,2,23
155983,156005,156009,4,22
155983,156006,156008,2,23
155983,156005,156009,4,22
155983,156005,156008,3,22
155983,156005,156008,3,22
155983,156004,156008,4,21
155983,156005,156009,4,22
155983,156004,156010,6,21
155983,156006,156009,3,23
155983,156007,156010,3,24
155983,156005,156010,5,22
155983,156006,156009,3,23
155983,156005,156010,5,22
155983,156005,156010,5,22
155983,156005,156010,5,22
155983,156006,156010,4,23
155983,156006,156010,4,23
155983,156007,156010,3,24
155983,156004,156010,6,21
155983,156008,156011,3,25
155983,156007,156010,3,24
155983,156007,156010,3,24
155983,156007,156010,3,24
155983,156008,156011,3,25
155983,156007,156010,3,24
155983,156008,156011,3,25
155983,156007,156010,3,24
155983,156007,156010,3,24
155983,156008,156011,3,25
155983,156008,156011,3,25
155983,156007,156011,4,24
155983,156005,156011,6,22
155983,156007,156011,4,24
155983,156008,156011,3,25
155983,156008,156011,3,25
155983,156008,156012,4,25
155983,156008,156011,3,25
155983,156009,156012,3,26
155983,156009,156011,2,26
155983,156009,156012,3,26
155983,156009,156012,3,26
155983,156009,156011,2,26
155983,156009,156012,3,26
155983,156009,156012,3,26
155983,156009,156012,3,26
155983,156009,156012,3,26
155983,156009,156012,3,26
155983,156009,156012,3,26
155983,156010,156012,2,27
155983,156009,156012,3,26
155983,156010,156013,3,27
155983,156010,156013,3,27
155983,156010,156013,3,27
155983,156009,156012,3,26
155983,156010,156013,3,27
155983,156010,156012,2,27
155983,156010,156012,2,27
155983,156011,156013,2,28
155983,156011,156013,2,28
155983,156011,156013,2,28
155983,156011,156013,2,28
155983,156011,156014,3,28
155988,156011,156013,2,23
155988,156011,156014,3,23
155988,156011,156013,2,23
155983,156011,156014,3,28
155983,156011,156014,3,28
155983,156011,156014,3,28
155988,156011,156015,4,23
155988,156011,156015,4,23
155988,156011,156014,3,23
155988,156011,156015,4,23
155988,156011,156015,4,23
155988,156011,156015,4,23
155988,156011,156015,4,23
155988,156011,156015,4,23
155988,156011,156015,4,23
155988,156013,156015,2,25
155988,156012,156016,4,24
155988,156012,156015,3,24
155988,156012,156016,4,24
155988,156012,156015,3,24
155988,156012,156015,3,24
155988,156013,156016,3,25
155988,156012,156016,4,24
155988,156012,156015,3,24
155988,156012,156016,4,24
155988,156012,156016,4,24
155988,156013,156016,3,25
155988,156013,156016,3,25
155988,156013,156016,3,25
155988,156012,156016,4,24
155988,156012,156016,4,24
155988,156014,156016,2,26
155988,156013,156016,3,25
155988,156013,156016,3,25
155988,156014,156016,2,26
155988,156014,156017,3,26
155988,156014,156016,2,26
155988,156014,156017,3,26
155988,156013,156016,3,25
155988,156013,156017,4,25
155988,156013,156016,3,25
155988,156016,156018,2,28
155988,156016,156017,1,28
155988,156016,156017,1,28
155988,156014,156017,3,26
155988,156014,156017,3,26
155988,156015,156018,3,27
155144,155144,156018,874,0
155988,156016,156018,2,28
155988,156014,156017,3,26
155988,156014,156018,4,26
155988,156015,156018,3,27
155988,156015,156018,3,27
155988,156015,156018,3,27
155988,156015,156018,3,27
155988,156016,156019,3,28
155988,156015,156019,4,27
155988,156015,156019,4,27
155988,156015,156019,4,27
155988,156016,156019,3,28
155988,156016,156019,3,28
155988,156017,156019,2,29
155988,156017,156020,3,29
155988,156016,156020,4,28
155988,156016,156020,4,28
155988,156016,156020,4,28
155988,156017,156020,3,29
155988,156016,156020,4,28
155988,156017,156020,3,29
155988,156017,156020,3,29
155988,156017,156020,3,29
155988,156017,156020,3,29
155988,156017,156020,3,29
155988,156017,156020,3,29
155988,156018,156021,3,30
155988,156018,156021,3,30
155988,156017,156020,3,29
155988,156017,156020,3,29
155988,156017,156020,3,29
155988,156018,156020,2,30
155988,156017,156021,4,29
155988,156017,156021,4,29
155988,156016,156020,4,28
155988,156018,156021,3,30
155988,156017,156020,3,29
155988,156018,156021,3,30
155988,156016,156021,5,28
155988,156017,156021,4,29
155988,156018,156021,3,30
155988,156018,156021,3,30
155988,156018,156021,3,30
155988,156020,156022,2,32
155988,156018,156021,3,30
155988,156017,156021,4,29
155988,156018,156021,3,30
155988,156018,156022,4,30
155988,156020,156022,2,32
155988,156019,156022,3,31
155988,156018,156023,5,30
155988,156020,156023,3,32
155988,156020,156023,3,32
155988,156019,156023,4,31
155988,156019,156022,3,31
155988,156020,156023,3,32
155988,156019,156022,3,31
155988,156020,156023,3,32
155988,156019,156023,4,31
155988,156020,156023,3,32
155988,156020,156023,3,32
155988,156020,156023,3,32
155988,156021,156023,2,33
155988,156021,156024,3,33
155988,156021,156023,2,33
155988,156021,156023,2,33
155988,156021,156024,3,33
155988,156021,156023,2,33
155988,156021,156024,3,33
155170,155172,156024,852,2
155988,156021,156023,2,33
155988,156021,156024,3,33
155988,156021,156024,3,33
155988,156021,156024,3,33
155988,156021,156024,3,33
155988,156021,156024,3,33
155988,156021,156024,3,33
155166,155172,156026,854,6
155153,155153,156039,886,0
155150,155150,156046,896,0
155215,155218,156057,839,3
155092,155092,156058,966,0
156056,156056,156058,2,0
156056,156056,156058,2,0
156056,156056,156058,2,0
156056,156056,156058,2,0
156056,156056,156059,3,0
156056,156056,156059,3,0
156056,156056,156058,2,0
156056,156056,156058,2,0
156056,156056,156058,2,0
156056,156056,156059,3,0
156056,156056,156058,2,0
156056,156056,156059,3,0
156056,156056,156058,2,0
156056,156056,156059,3,0
156056,156056,156060,4,0
156056,156056,156059,3,0
156056,156056,156059,3,0
156056,156056,156059,3,0
156056,156056,156059,3,0
156056,156056,156060,4,0
156056,156056,156059,3,0
156056,156056,156059,3,0
156056,156056,156059,3,0
156056,156056,156059,3,0
156056,156056,156060,4,0
156056,156056,156059,3,0
156056,156056,156060,4,0
156056,156056,156059,3,0
156056,156056,156059,3,0
156056,156056,156060,4,0
156056,156056,156060,4,0
156056,156056,156059,3,0
156056,156056,156060,4,0
156056,156056,156059,3,0
156056,156056,156060,4,0
156056,156056,156059,3,0
156056,156056,156059,3,0
156056,156056,156060,4,0
156056,156056,156060,4,0
156056,156059,156061,2,3
156056,156059,156060,1,3
156056,156059,156061,2,3
156056,156056,156060,4,0
156056,156056,156060,4,0
156056,156056,156061,5,0
156056,156058,156061,3,2
156056,156057,156060,3,1
156056,156059,156061,2,3
156056,156059,156061,2,3
156056,156059,156061,2,3
156056,156058,156061,3,2
156056,156059,156062,3,3
156056,156058,156062,4,2
156056,156059,156062,3,3
156056,156059,156063,4,3
156056,156059,156062,3,3
156056,156059,156062,3,3
156056,156061,156063,2,5
156056,156059,156062,3,3
156056,156060,156063,3,4
156056,156060,156063,3,4
156056,156060,156063,3,4
156056,156061,156063,2,5
156056,156059,156062,3,3
156056,156060,156063,3,4
156056,156061,156063,2,5
156056,156060,156063,3,4
156056,156060,156064,4,4
156056,156059,156063,4,3
156056,156060,156063,3,4
156056,156060,156064,4,4
156056,156061,156063,2,5
156056,156061,156063,2,5
156056,156061,156064,3,5
156056,156060,156063,3,4
156056,156060,156064,4,4
156056,156060,156064,4,4
156056,156060,156064,4,4
156056,156060,156063,3,4
156056,156060,156063,3,4
156056,156060,156063,3,4
156056,156060,156063,3,4
156056,156060,156064,4,4
156056,156061,156064,3,5
156056,156059,156064,5,3
156056,156060,156063,3,4
156056,156060,156064,4,4
156056,156061,156064,3,5
156056,156060,156064,4,4
156056,156060,156064,4,4
156056,156060,156064,4,4
156056,156062,156064,2,6
156056,156061,156064,3,5
156056,156061,156064,3,5
156056,156063,156065,2,7
156056,156060,156064,4,4
156056,156060,156064,4,4
156056,156062,156065,3,6
156056,156062,156065,3,6
156056,156062,156065,3,6
156056,156064,156065,1,8
156056,156062,156065,3,6
156056,156062,156065,3,6
156056,156063,156065,2,7
156056,156063,156065,2,7
156056,156062,156066,4,6
156056,156063,156065,2,7
156056,156063,156066,3,7
156056,156063,156066,3,7
156056,156064,156066,2,8
156056,156064,156066,2,8
156056,156063,156066,3,7
156056,156063,156066,3,7
156056,156063,156066,3,7
156056,156063,156066,3,7
156056,156063,156066,3,7
156056,156064,156066,2,8
156056,156064,156067,3,8
156056,156064,156066,2,8
156056,156063,156066,3,7
156056,156064,156067,3,8
156056,156064,156067,3,8
156056,156064,156067,3,8
156056,156065,156067,2,9
156056,156064,156067,3,8
156056,156064,156067,3,8
156056,156065,156068,3,9
156056,156064,156068,4,8
156056,156064,156068,4,8
156056,156064,156067,3,8
156056,156064,156067,3,8
156056,156065,156067,2,9
156056,156065,156068,3,9
156056,156064,156068,4,8
156056,156064,156068,4,8
156056,156065,156068,3,9
156056,156064,156068,4,8
156056,156064,156068,4,8
156056,156064,156068,4,8
156056,156064,156068,4,8
156056,156064,156069,5,8
156056,156066,156068,2,10
156056,156065,156068,3,9
156056,156065,156068,3,9
156056,156064,156068,4,8
156056,156065,156068,3,9
156056,156065,156069,4,9
156056,156064,156069,5,8
156056,156066,156069,3,10
156056,156067,156069,2,11
156056,156067,156069,2,11
156056,156067,156070,3,11
156056,156065,156069,4,9
156056,156067,156069,2,11
156056,156067,156069,2,11
156056,156066,156069,3,10
156056,156066,156069,3,10
156056,156067,156070,3,11
156056,156067,156070,3,11
156056,156067,156070,3,11
156056,156067,156070,3,11
156056,156066,156070,4,10
156056,156065,156070,5,9
156056,156067,156070,3,11
156056,156067,156070,3,11
156056,156067,156070,3,11
156056,156067,156071,4,11
156056,156068,156071,3,12
156056,156067,156071,4,11
156056,156068,156071,3,12
156056,156066,156071,5,10
156056,156068,156071,3,12
156056,156068,156071,3,12
156056,156066,156071,5,10
156056,156067,156071,4,11
156056,156070,156072,2,14
156056,156070,156072,2,14
156056,156070,156072,2,14
156056,156070,156071,1,14
156056,156068,156071,3,12
156056,156068,156071,3,12
156056,156070,156072,2,14
156056,156069,156071,2,13
156056,156069,156071,2,13
156056,156067,156072,5,11
156056,156068,156072,4,12
156056,156068,156072,4,12
156056,156068,156072,4,12
156056,156069,156072,3,13
156056,156068,156072,4,12
156056,156069,156072,3,13
156056,156068,156072,4,12
156056,156068,156072,4,12
156056,156069,156072,3,13
156056,156069,156072,3,13
156056,156069,156072,3,13
156056,156069,156072,3,13
156056,156070,156072,2,14
156056,156070,156073,3,14
156056,156070,156072,2,14
156056,156070,156072,2,14
156056,156069,156073,4,13
156056,156069,156073,4,13
156056,156070,156073,3,14
156056,156069,156073,4,13
156056,156069,156073,4,13
156056,156070,156073,3,14
156056,156070,156073,3,14
156056,156071,156073,2,15
156056,156070,156073,3,14
156056,156071,156074,3,15
156056,156070,156074,4,14
156056,156070,156074,4,14
156056,156071,156074,3,15
156056,156071,156074,3,15
156056,156071,156074,3,15
156056,156072,156074,2,16
156056,156073,156074,1,17
156056,156072,156075,3,16
156056,156072,156074,2,16
156056,156072,156075,3,16
156056,156072,156074,2,16
156056,156072,156075,3,16
156056,156072,156074,2,16
156056,156072,156074,2,16
156056,156072,156075,3,16
156056,156072,156075,3,16
156056,156072,156075,3,16
156056,156073,156076,3,17
156056,156073,156075,2,17
156056,156073,156075,2,17
156056,156073,156075,2,17
156056,156073,156075,2,17
156056,156072,156075,3,16
156056,156072,156075,3,16
156056,156072,156075,3,16
156056,156072,156075,3,16
156056,156072,156075,3,16
156056,156073,156076,3,17
156056,156073,156076,3,17
156056,156073,156076,3,17
156056,156073,156076,3,17
156056,156074,156076,2,18
156056,156074,156076,2,18
156056,156073,156076,3,17
156056,156073,156076,3,17
156056,156073,156076,3,17
156056,156073,156076,3,17
156056,156073,156077,4,17
156056,156073,156077,4,17
156056,156073,156076,3,17
156056,156073,156077,4,17
156056,156074,156077,3,18
156056,156074,156077,3,18
156056,156073,156077,4,17
156056,156074,156077,3,18
156056,156074,156077,3,18
156056,156075,156077,2,19
156056,156074,156077,3,18
156056,156075,156077,2,19
156056,156076,156078,2,20
156056,156074,156078,4,18
156056,156074,156078,4,18
156056,156075,156078,3,19
156056,156075,156077,2,19
156056,156074,156078,4,18
156056,156074,156078,4,18
156056,156073,156078,5,17
156056,156076,156078,2,20
156056,156076,156079,3,20
156056,156076,156078,2,20
156056,156076,156078,2,20
156056,156075,156078,3,19
156056,156076,156078,2,20
156056,156075,156078,3,19
156056,156075,156078,3,19
156056,156075,156078,3,19
156056,156076,156078,2,20
156056,156075,156079,4,19
156056,156075,156079,4,19
156056,156075,156079,4,19
156056,156077,156079,2,21
156056,156077,156080,3,21
156056,156076,156079,3,20
156056,156076,156080,4,20
156056,156076,156079,3,20
156056,156076,156080,4,20
156056,156076,156079,3,20
156056,156075,156079,4,19
156056,156076,156079,3,20
156056,156077,156080,3,21
156056,156076,156080,4,20
156056,156076,156080,4,20
156056,156077,156079,2,21
156056,156077,156080,3,21
156056,156078,156081,3,22
156056,156077,156080,3,21
156056,156077,156080,3,21
156056,156077,156080,3,21
156056,156077,156080,3,21
156056,156077,156081,4,21
156056,156077,156081,4,21
156056,156078,156081,3,22
156056,156078,156081,3,22
156056,156077,156081,4,21
156056,156078,156081,3,22
156056,156078,156081,3,22
156056,156078,156081,3,22
156056,156078,156081,3,22
156056,156078,156081,3,22
156056,156078,156081,3,22
156056,156079,156082,3,23
156056,156079,156082,3,23
156056,156078,156082,4,22
156056,156079,156082,3,23
156056,156079,156082,3,23
156056,156079,156082,3,23
156056,156079,156082,3,23
156056,156079,156081,2,23
156056,156078,156082,4,22
156056,156079,156082,3,23
156056,156079,156082,3,23
156056,156079,156082,3,23
156056,156078,156082,4,22
156056,156078,156082,4,22
156056,156079,156082,3,23
156056,156080,156082,2,24
156056,156079,156083,4,23
156056,156079,156083,4,23
156056,156079,156083,4,23
156056,156080,156083,3,24
156056,156080,156083,3,24
156056,156081,156083,2,25
156056,156080,156083,3,24
156056,156080,156083,3,24
156056,156079,156083,4,23
156056,156081,156083,2,25
156056,156081,156083,2,25
156056,156081,156083,2,25
156056,156080,156083,3,24
156056,156080,156084,4,24
156056,156081,156084,3,25
156056,156080,156083,3,24
156056,156080,156083,3,24
156056,156080,156083,3,24
156056,156081,156083,2,25
156056,156082,156084,2,26
156056,156082,156084,2,26
156056,156081,156084,3,25
156056,156082,156084,2,26
156056,156082,156084,2,26
156056,156082,156084,2,26
156056,156082,156084,2,26
156056,156082,156084,2,26
156056,156082,156084,2,26
156056,156082,156084,2,26
156066,156083,156085,2,17
156056,156082,156085,3,26
156056,156082,156085,3,26
156056,156081,156084,3,25
156056,156081,156085,4,25
156066,156082,156085,3,16
156066,156084,156086,2,18
156066,156083,156085,2,17
156066,156083,156085,2,17
156066,156082,156085,3,16
156066,156082,156085,3,16
156066,156083,156086,3,17
156066,156082,156086,4,16
156066,156082,156086,4,16
156066,156082,156086,4,16
156066,156084,156086,2,18
156066,156084,156086,2,18
156066,156083,156086,3,17
156066,156083,156087,4,17
156066,156083,156087,4,17
156066,156083,156086,3,17
156066,156084,156086,2,18
156066,156083,156087,4,17
156066,156083,156086,3,17
156066,156084,156086,2,18
156066,156085,156086,1,19
156066,156085,156086,1,19
156066,156085,156086,1,19
156066,156085,156087,2,19
156066,156083,156087,4,17
156066,156082,156087,5,16
156066,156084,156087,3,18
156066,156084,156087,3,18
156066,156085,156088,3,19
156066,156085,156088,3,19
156066,156085,156087,2,19
156066,156084,156087,3,18
156066,156084,156087,3,18
156066,156085,156087,2,19
156066,156085,156087,2,19
156066,156084,156087,3,18
156066,156085,156088,3,19
156066,156084,156088,4,18
156066,156085,156088,3,19
156066,156085,156088,3,19
156066,156085,156088,3,19
156066,156084,156088,4,18
156066,156084,156088,4,18
156066,156084,156088,4,18
156066,156085,156088,3,19
156066,156086,156089,3,20
156066,156085,156088,3,19
156066,156085,156088,3,19
156066,156084,156088,4,18
156066,156086,156089,3,20
156066,156086,156089,3,20
156066,156086,156089,3,20
156066,156084,156088,4,18
156066,156087,156089,2,21
156066,156087,156090,3,21
156066,156087,156090,3,21
156066,156087,156090,3,21
156066,156088,156090,2,22
156066,156087,156089,2,21
156066,156087,156089,2,21
156066,156087,156089,2,21
156066,156087,156090,3,21
156066,156087,156089,2,21
156066,156087,156089,2,21
156066,156087,156089,2,21
156066,156086,156090,4,20
156066,156087,156089,2,21
156066,156087,156089,2,21
156066,156087,156090,3,21
156066,156086,156090,4,20
156066,156087,156090,3,21
156066,156088,156090,2,22
156066,156088,156091,3,22
156066,156087,156090,3,21
156066,156088,156090,2,22
156066,156087,156091,4,21
156066,156088,156090,2,22
156066,156088,156091,3,22
156066,156087,156090,3,21
156066,156088,156091,3,22
156066,156088,156090,2,22
156066,156088,156091,3,22
156066,156088,156090,2,22
156066,156088,156091,3,22
156066,156088,156091,3,22
156066,156088,156091,3,22
156066,156088,156091,3,22
156066,156090,156092,2,24
156066,156088,156091,3,22
156066,156090,156091,1,24
156066,156090,156092,2,24
156066,156088,156092,4,22
156066,156088,156091,3,22
156066,156089,156092,3,23
156066,156089,156092,3,23
156066,156089,156092,3,23
156066,156088,156092,4,22
156066,156089,156092,3,23
156066,156088,156092,4,22
156066,156089,156092,3,23
156067,156092,156093,1,25
156066,156089,156092,3,23
156066,156090,156093,3,24
156066,156090,156093,3,24
156066,156090,156093,3,24
156066,156090,156092,2,24
156066,156090,156093,3,24
156066,156090,156093,3,24
156066,156090,156093,3,24
156066,156090,156093,3,24
156066,156090,156093,3,24
156066,156090,156092,2,24
156066,156089,156093,4,23
156066,156089,156093,4,23
156066,156089,156093,4,23
156067,156091,156094,3,24
156066,156089,156093,4,23
156067,156091,156094,3,24
156067,156092,156094,2,25
156066,156090,156093,3,24
156066,156090,156093,3,24
156066,156090,156093,3,24
156067,156091,156093,2,24
156067,156091,156094,3,24
156066,156090,156094,4,24
156067,156092,156094,2,25
156067,156092,156094,2,25
156067,156091,156095,4,24
156067,156092,156095,3,25
156067,156091,156095,4,24
156067,156091,156095,4,24
156067,156091,156095,4,24
156067,156091,156095,4,24
156067,156091,156095,4,24
156067,156092,156095,3,25
156067,156091,156095,4,24
156067,156091,156095,4,24
156067,156093,156095,2,26
156067,156093,156095,2,26
155212,155218,156095,877,6
156067,156093,156095,2,26
156067,156093,156096,3,26
156067,156093,156096,3,26
156067,156092,156095,3,25
156067,156092,156096,4,25
155223,155231,156096,865,8
156067,156092,156096,4,25
156067,156092,156096,4,25
156067,156092,156096,4,25
156067,156094,156096,2,27
156067,156093,156096,3,26
156067,156093,156096,3,26
156067,156093,156096,3,26
156067,156093,156096,3,26
156067,156093,156096,3,26
156067,156094,156097,3,27
156067,156094,156097,3,27
156067,156094,156097,3,27
156067,156093,156096,3,26
156067,156093,156097,4,26
156067,156093,156097,4,26
156067,156093,156097,4,26
156067,156094,156097,3,27
156067,156093,156097,4,26
156067,156094,156098,4,27
156067,156094,156097,3,27
156067,156094,156098,4,27
156067,156094,156098,4,27
156067,156094,156098,4,27
156067,156094,156098,4,27
156067,156094,156097,3,27
156067,156095,156098,3,28
155089,155089,156097,1008,0
156067,156094,156097,3,27
156067,156095,156098,3,28
156067,156095,156098,3,28
156067,156096,156098,2,29
156067,156096,156098,2,29
156067,156094,156098,4,27
156067,156097,156098,1,30
156067,156097,156099,2,30
156067,156093,156098,5,26
156067,156094,156098,4,27
156067,156097,156098,1,30
156067,156095,156098,3,28
156067,156096,156099,3,29
156067,156096,156099,3,29
156067,156096,156099,3,29
156067,156094,156099,5,27
156067,156096,156099,3,29
156067,156095,156099,4,28
156067,156096,156100,4,29
156067,156097,156099,2,30
156067,156096,156099,3,29
156067,156096,156099,3,29
156067,156097,156099,2,30
156067,156095,156099,4,28
156067,156096,156099,3,29
156067,156097,156099,2,30
156067,156096,156099,3,29
156067,156096,156100,4,29
156067,156096,156099,3,29
156067,156097,156100,3,30
156067,156097,156100,3,30
156067,156096,156100,4,29
156067,156097,156100,3,30
156067,156097,156100,3,30
156067,156097,156100,3,30
156067,156096,156100,4,29
156067,156098,156100,2,31
156067,156097,156100,3,30
156067,156098,156100,2,31
156067,156098,156101,3,31
156067,156097,156100,3,30
156067,156097,156100,3,30
156067,156097,156100,3,30
156067,156098,156101,3,31
156067,156098,156101,3,31
156067,156098,156101,3,31
156067,156098,156101,3,31
156067,156098,156101,3,31
156067,156098,156101,3,31
156067,156099,156101,2,32
156067,156099,156101,2,32
156067,156099,156101,2,32
156067,156099,156101,2,32
156067,156099,156102,3,32
156067,156099,156101,2,32
156067,156099,156101,2,32
156067,156099,156101,2,32
156067,156099,156101,2,32
156067,156099,156102,3,32
156067,156098,156102,4,31
156067,156099,156102,3,32
156067,156099,156101,2,32
156067,156098,156102,4,31
156067,156098,156102,4,31
156067,156098,156102,4,31
156067,156100,156102,2,33
156067,156100,156103,3,33
156067,156100,156103,3,33
156067,156100,156103,3,33
156067,156101,156103,2,34
156067,156101,156103,2,34
156067,156099,156103,4,32
156067,156099,156103,4,32
156067,156099,156103,4,32
156067,156100,156103,3,33
156067,156100,156103,3,33
156067,156101,156103,2,34
156067,156100,156104,4,33
156067,156100,156103,3,33
156067,156101,156103,2,34
156067,156101,156104,3,34
156067,156100,156104,4,33
156067,156100,156104,4,33
156067,156101,156104,3,34
156067,156100,156104,4,33
156067,156101,156104,3,34
156067,156100,156104,4,33
156067,156102,156104,2,35
156067,156101,156104,3,34
156067,156102,156104,2,35
156067,156102,156104,2,35
156067,156100,156104,4,33
156067,156101,156105,4,34
156067,156101,156104,3,34
156067,156100,156104,4,33
156067,156102,156105,3,35
156067,156102,156105,3,35
155287,155310,156105,795,23
156067,156100,156104,4,33
156067,156102,156104,2,35
156067,156102,156105,3,35
156067,156100,156105,5,33
156067,156102,156105,3,35
156067,156102,156105,3,35
156067,156102,156105,3,35
156067,156100,156104,4,33
156067,156102,156105,3,35
156067,156101,156105,4,34
156067,156102,156105,3,35
156067,156102,156105,3,35
156067,156102,156105,3,35
156067,156102,156105,3,35
156067,156103,156105,2,36
156067,156102,156105,3,35
156067,156102,156105,3,35
156067,156104,156106,2,37
156067,156102,156106,4,35
156067,156101,156106,5,34
156067,156103,156107,4,36
156067,156104,156107,3,37
156067,156103,156106,3,36
156067,156103,156106,3,36
156067,156104,156106,2,37
156067,156104,156107,3,37
156067,156103,156107,4,36
156067,156103,156107,4,36
156067,156104,156107,3,37
156067,156104,156107,3,37
156067,156103,156107,4,36
156067,156104,156107,3,37
156067,156104,156108,4,37
156067,156105,156107,2,38
156067,156105,156107,2,38
156067,156105,156107,2,38
156067,156105,156108,3,38
156067,156105,156107,2,38
156067,156104,156107,3,37
156067,156105,156108,3,38
156067,156104,156108,4,37
156067,156105,156108,3,38
156067,156105,156108,3,38
156067,156105,156108,3,38
156067,156106,156108,2,39
156067,156104,156108,4,37
156067,156105,156108,3,38
156067,156105,156108,3,38
156067,156104,156108,4,37
156067,156104,156107,3,37
156067,156105,156108,3,38
156067,156105,156108,3,38
156067,156104,156108,4,37
156067,156105,156109,4,38
156067,156105,156108,3,38
156067,156105,156109,4,38
156067,156106,156109,3,39
156067,156107,156109,2,40
156067,156105,156109,4,38
156067,156106,156109,3,39
156067,156106,156109,3,39
156067,156105,156109,4,38
156067,156105,156109,4,38
156067,156106,156109,3,39
156067,156106,156109,3,39
156067,156107,156109,2,40
156067,156105,156109,4,38
156067,156105,156109,4,38
156067,156106,156109,3,39
156067,156106,156109,3,39
156067,156107,156109,2,40
156067,156105,156109,4,38
156067,156106,156109,3,39
156067,156106,156109,3,39
156067,156107,156109,2,40
156067,156107,156110,3,40
156067,156107,156110,3,40
156067,156107,156110,3,40
156067,156107,156110,3,40
156067,156107,156110,3,40
156067,156107,156110,3,40
156067,156107,156110,3,40
156067,156109,156110,1,42
156067,156107,156110,3,40
156067,156108,156110,2,41
156067,156108,156111,3,41
156067,156109,156111,2,42
156067,156107,156110,3,40
156067,156108,156110,2,41
156067,156108,156111,3,41
156067,156108,156110,2,41
156067,156109,156111,2,42
156067,156108,156110,2,41
156067,156109,156110,1,42
156067,156108,156111,3,41
156067,156110,156111,1,43
156067,156108,156112,4,41
156067,156110,156111,1,43
156067,156110,156112,2,43
156067,156110,156112,2,43
156067,156109,156112,3,42
156067,156108,156112,4,41
156067,156108,156112,4,41
156067,156108,156112,4,41
156067,156109,156113,4,42
156067,156109,156112,3,42
156067,156109,156112,3,42
156067,156108,156112,4,41
156067,156108,156112,4,41
156067,156110,156112,2,43
156067,156110,156112,2,43
156067,156110,156112,2,43
156067,156110,156112,2,43
156067,156110,156112,2,43
156067,156110,156112,2,43
156067,156110,156113,3,43
155159,155159,156112,953,0
156067,156109,156113,4,42
156067,156108,156113,5,41
156067,156109,156113,4,42
156067,156111,156114,3,44
156067,156108,156113,5,41
156067,156110,156113,3,43
156067,156111,156114,3,44
156067,156108,156113,5,41
156067,156110,156114,4,43
156067,156110,156113,3,43
156067,156111,156114,3,44
156067,156111,156113,2,44
156067,156111,156114,3,44
156067,156111,156114,3,44
156067,156111,156114,3,44
156067,156110,156114,4,43
156067,156110,156113,3,43
156067,156110,156114,4,43
156067,156111,156114,3,44
156067,156111,156114,3,44
156067,156110,156114,4,43
156067,156111,156114,3,44
156067,156111,156114,3,44
156067,156112,156114,2,45
156067,156113,156115,2,46
156067,156111,156114,3,44
156067,156112,156114,2,45
156067,156111,156115,4,44
156067,156111,156115,4,44
156067,156111,156114,3,44
156067,156111,156115,4,44
156067,156110,156115,5,43
156067,156111,156115,4,44
156067,156113,156115,2,46
156067,156113,156115,2,46
156067,156113,156115,2,46
156067,156114,156116,2,47
156067,156113,156116,3,46
156067,156113,156115,2,46
156067,156113,156115,2,46
156067,156112,156115,3,45
156067,156112,156116,4,45
156067,156112,156115,3,45
156067,156112,156115,3,45
156067,156113,156115,2,46
156067,156113,156115,2,46
156067,156113,156116,3,46
155291,155310,156116,806,19
156067,156111,156116,5,44
156067,156112,156116,4,45
155156,155156,156116,960,0
156067,156113,156116,3,46
156067,156114,156116,2,47
156067,156114,156116,2,47
156067,156114,156116,2,47
156067,156114,156116,2,47
156067,156113,156116,3,46
156067,156113,156116,3,46
156067,156113,156116,3,46
156067,156113,156116,3,46
156067,156114,156117,3,47
156067,156114,156117,3,47
156067,156113,156117,4,46
156067,156115,156117,2,48
156067,156115,156117,2,48
156067,156116,156118,2,49
156067,156114,156117,3,47
156067,156115,156117,2,48
156067,156114,156117,3,47
156067,156114,156117,3,47
156067,156115,156118,3,48
156067,156115,156117,2,48
156067,156114,156117,3,47
156067,156115,156118,3,48
156067,156116,156117,1,49
156067,156114,156118,4,47
156067,156114,156117,3,47
156067,156114,156118,4,47
156067,156115,156117,2,48
156067,156115,156118,3,48
156067,156115,156118,3,48
156067,156114,156118,4,47
156067,156114,156118,4,47
156067,156114,156118,4,47
156067,156115,156118,3,48
156067,156115,156118,3,48
156067,156116,156118,2,49
156067,156116,156118,2,49
156067,156116,156118,2,49
156067,156116,156118,2,49
156067,156116,156118,2,49
156067,156114,156118,4,47
156067,156114,156118,4,47
156067,156115,156118,3,48
156067,156116,156119,3,49
156067,156115,156119,4,48
155173,155173,156132,959,0
155147,155156,156133,977,9
155102,155102,156136,1034,0
155108,155109,156142,1033,1
156146,156147,156149,2,1
156146,156147,156149,2,1
156146,156147,156149,2,1
156146,156147,156149,2,1
156146,156147,156149,2,1
156146,156147,156149,2,1
156146,156147,156150,3,1
156146,156147,156149,2,1
156146,156147,156150,3,1
156146,156147,156149,2,1
156146,156147,156149,2,1
156146,156147,156150,3,1
156146,156147,156150,3,1
156146,156147,156149,2,1
156146,156147,156149,2,1
156146,156147,156149,2,1
156146,156147,156150,3,1
156146,156147,156150,3,1
156146,156147,156151,4,1
156146,156147,156150,3,1
156146,156147,156151,4,1
156146,156147,156151,4,1
156146,156147,156150,3,1
156146,156147,156151,4,1
156146,156147,156151,4,1
156146,156147,156151,4,1
156146,156147,156150,3,1
156146,156147,156151,4,1
156146,156147,156151,4,1
156146,156147,156151,4,1
156146,156147,156151,4,1
156146,156147,156152,5,1
156146,156147,156152,5,1
156146,156147,156152,5,1
156146,156147,156151,4,1
156146,156147,156151,4,1
156146,156147,156151,4,1
156146,156147,156151,4,1
156146,156147,156152,5,1
156146,156147,156152,5,1
156146,156147,156152,5,1
156146,156147,156152,5,1
156146,156147,156151,4,1
156146,156147,156152,5,1
156146,156147,156152,5,1
156146,156147,156152,5,1
156146,156147,156152,5,1
156146,156147,156151,4,1
156146,156147,156152,5,1
156146,156147,156151,4,1
156146,156147,156152,5,1
156146,156147,156152,5,1
156146,156149,156152,3,3
156146,156147,156152,5,1
156146,156147,156153,6,1
156146,156147,156152,5,1
156146,156147,156152,5,1
156146,156147,156152,5,1
156146,156147,156153,6,1
156146,156147,156152,5,1
156146,156149,156153,4,3
156146,156151,156153,2,5
156146,156150,156154,4,4
156146,156151,156153,2,5
156146,156150,156154,4,4
156146,156150,156153,3,4
156146,156151,156153,2,5
156146,156151,156154,3,5
156146,156151,156154,3,5
156146,156150,156154,4,4
156146,156149,156154,5,3
156146,156150,156154,4,4
156146,156150,156153,3,4
156146,156150,156154,4,4
156146,156150,156154,4,4
156146,156151,156154,3,5
156146,156151,156154,3,5
156146,156150,156155,5,4
156146,156152,156155,3,6
156146,156150,156155,5,4
156146,156150,156154,4,4
156146,156151,156155,4,5
156146,156150,156154,4,4
156146,156151,156155,4,5
156146,156150,156155,5,4
156146,156152,156155,3,6
156146,156151,156155,4,5
156146,156150,156155,5,4
156146,156152,156155,3,6
156146,156152,156155,3,6
156146,156151,156155,4,5
156146,156152,156155,3,6
156146,156152,156155,3,6
156146,156152,156155,3,6
156146,156152,156156,4,6
156146,156152,156156,4,6
156146,156152,156156,4,6
156146,156152,156156,4,6
156146,156152,156156,4,6
156146,156152,156156,4,6
156146,156152,156155,3,6
156146,156153,156156,3,7
156146,156152,156155,3,6
156146,156153,156156,3,7
156146,156152,156156,4,6
156146,156153,156156,3,7
156146,156151,156156,5,5
156146,156152,156156,4,6
156146,156152,156156,4,6
156147,156154,156157,3,7
156146,156153,156157,4,7
156147,156154,156157,3,7
156146,156152,156156,4,6
156146,156153,156157,4,7
156146,156153,156157,4,7
156146,156152,156156,4,6
156146,156152,156157,5,6
156146,156153,156156,3,7
156146,156153,156157,4,7
156146,156153,156157,4,7
156147,156154,156157,3,7
156146,156153,156157,4,7
155105,155105,156157,1052,0
156146,156153,156157,4,7
156147,156154,156157,3,7
156147,156154,156157,3,7
156147,156154,156157,3,7
156147,156153,156157,4,6
156147,156155,156158,3,8
155283,155299,156158,859,16
156147,156154,156158,4,7
156147,156154,156158,4,7
156147,156154,156158,4,7
156147,156154,156158,4,7
156147,156155,156158,3,8
156147,156155,156158,3,8
156147,156156,156158,2,9
156147,156154,156157,3,7
156147,156155,156158,3,8
156147,156156,156158,2,9
156147,156155,156158,3,8
156147,156156,156158,2,9
156147,156154,156159,5,7
156147,156154,156158,4,7
156147,156154,156158,4,7
156147,156155,156158,3,8
156147,156156,156159,3,9
156147,156155,156159,4,8
156147,156155,156159,4,8
156147,156156,156159,3,9
156147,156157,156159,2,10
156147,156154,156158,4,7
156147,156155,156159,4,8
156147,156155,156159,4,8
156147,156157,156159,2,10
156147,156157,156159,2,10
156147,156155,156159,4,8
156147,156155,156159,4,8
156147,156156,156159,3,9
156147,156156,156159,3,9
156147,156156,156159,3,9
156147,156156,156159,3,9
156147,156158,156159,1,11
156147,156156,156160,4,9
156147,156155,156159,4,8
156147,156157,156159,2,10
156147,156156,156160,4,9
155176,155177,156160,983,1
156147,156156,156160,4,9
156147,156156,156159,3,9
156147,156155,156159,4,8
156147,156157,156160,3,10
156147,156157,156160,3,10
156147,156158,156160,2,11
156147,156158,156161,3,11
156147,156156,156160,4,9
156147,156158,156160,2,11
156147,156156,156160,4,9
156147,156158,156161,3,11
156147,156157,156160,3,10
156147,156157,156160,3,10
156147,156158,156161,3,11
156147,156157,156161,4,10
156147,156158,156161,3,11
156147,156158,156161,3,11
156147,156158,156161,3,11
156147,156158,156161,3,11
156147,156160,156162,2,13
156147,156158,156161,3,11
156147,156158,156161,3,11
156147,156159,156161,2,12
156147,156159,156162,3,12
156147,156158,156161,3,11
156147,156158,156161,3,11
156147,156158,156161,3,11
156147,156159,156161,2,12
156147,156158,156161,3,11
156147,156159,156162,3,12
156147,156159,156162,3,12
156147,156160,156162,2,13
156147,156158,156162,4,11
156147,156159,156162,3,12
156147,156158,156162,4,11
156147,156160,156162,2,13
156147,156158,156162,4,11
156147,156158,156162,4,11
156147,156160,156162,2,13
156147,156160,156162,2,13
156147,156159,156162,3,12
156147,156159,156162,3,12
156147,156159,156162,3,12
156147,156160,156162,2,13
156147,156160,156162,2,13
156147,156160,156162,2,13
156147,156160,156162,2,13
156147,156160,156163,3,13
156147,156160,156162,2,13
156147,156158,156162,4,11
156147,156160,156162,2,13
156147,156160,156162,2,13
156147,156160,156163,3,13
156147,156158,156162,4,11
156147,156159,156162,3,12
156147,156160,156163,3,13
156147,156159,156162,3,12
156147,156160,156163,3,13
156147,156160,156163,3,13
156147,156161,156163,2,14
156147,156161,156163,2,14
156147,156161,156163,2,14
156147,156160,156163,3,13
156147,156161,156163,2,14
156147,156161,156163,2,14
156147,156160,156163,3,13
156147,156161,156163,2,14
156147,156161,156163,2,14
156147,156159,156163,4,12
156147,156160,156163,3,13
156147,156161,156164,3,14
156147,156161,156164,3,14
156147,156161,156164,3,14
156147,156162,156163,1,15
156147,156161,156163,2,14
156147,156161,156164,3,14
156147,156162,156163,1,15
156147,156162,156164,2,15
156147,156162,156164,2,15
156147,156160,156164,4,13
156147,156161,156164,3,14
156147,156162,156164,2,15
156147,156162,156165,3,15
156147,156162,156164,2,15
156147,156162,156165,3,15
156147,156162,156165,3,15
156147,156162,156165,3,15
156147,156162,156164,2,15
156147,156162,156165,3,15
156147,156162,156165,3,15
156147,156163,156166,3,16
156147,156162,156165,3,15
156147,156163,156166,3,16
156147,156162,156166,4,15
156147,156163,156166,3,16
156147,156163,156166,3,16
156147,156163,156166,3,16
156147,156163,156166,3,16
156147,156162,156166,4,15
156147,156163,156166,3,16
156147,156164,156166,2,17
156147,156163,156166,3,16
156147,156163,156166,3,16
156147,156164,156166,2,17
156147,156163,156167,4,16
156147,156163,156166,3,16
156147,156164,156166,2,17
156147,156163,156166,3,16
156147,156163,156166,3,16
156147,156163,156166,3,16
156147,156163,156166,3,16
156147,156163,156167,4,16
156147,156163,156166,3,16
156147,156163,156166,3,16
156147,156163,156166,3,16
156147,156163,156166,3,16
156147,156163,156166,3,16
156147,156164,156167,3,17
156147,156163,156166,3,16
156147,156163,156167,4,16
156147,156163,156166,3,16
156147,156163,156167,4,16
156147,156164,156167,3,17
156147,156164,156167,3,17
156147,156164,156167,3,17
156147,156164,156167,3,17
156147,156165,156167,2,18
156147,156163,156167,4,16
156147,156163,156167,4,16
156147,156165,156167,2,18
156147,156164,156168,4,17
156147,156164,156168,4,17
156147,156164,156167,3,17
156147,156164,156168,4,17
156147,156164,156168,4,17
156147,156164,156167,3,17
156147,156164,156168,4,17
156147,156164,156168,4,17
156147,156166,156167,1,19
156147,156166,156168,2,19
156147,156164,156168,4,17
156147,156164,156168,4,17
156147,156164,156167,3,17
156147,156166,156168,2,19
156147,156165,156168,3,18
156147,156167,156168,1,20
156147,156165,156168,3,18
156147,156165,156168,3,18
156147,156165,156169,4,18
156147,156166,156169,3,19
156147,156166,156169,3,19
156147,156166,156168,2,19
156147,156165,156169,4,18
156147,156166,156169,3,19
156147,156165,156169,4,18
156147,156165,156169,4,18
156147,156165,156169,4,18
156147,156165,156169,4,18
156147,156167,156169,2,20
155162,155162,156169,1007,0
156147,156167,156170,3,20
156147,156167,156169,2,20
156147,156167,156170,3,20
156147,156167,156170,3,20
156147,156167,156170,3,20
156147,156167,156170,3,20
156147,156167,156169,2,20
156147,156168,156170,2,21
156147,156167,156170,3,20
156147,156167,156170,3,20
156147,156167,156170,3,20
156147,156167,156170,3,20
156147,156166,156170,4,19
156147,156167,156170,3,20
156147,156167,156170,3,20
156147,156167,156170,3,20
156147,156167,156170,3,20
156147,156167,156170,3,20
156147,156167,156170,3,20
156147,156167,156170,3,20
156147,156167,156171,4,20
156147,156168,156170,2,21
156147,156168,156170,2,21
156147,156167,156171,4,20
156147,156167,156170,3,20
156147,156168,156170,2,21
156147,156168,156171,3,21
156147,156167,156171,4,20
156147,156167,156170,3,20
156147,156167,156171,4,20
156147,156168,156171,3,21
156147,156168,156171,3,21
156147,156168,156171,3,21
156147,156168,156171,3,21
156147,156168,156172,4,21
156147,156167,156171,4,20
156147,156167,156171,4,20
156147,156168,156171,3,21
156147,156170,156172,2,23
156147,156170,156172,2,23
156147,156169,156171,2,22
156147,156170,156171,1,23
156147,156168,156171,3,21
156147,156170,156172,2,23
156147,156169,156171,2,22
156147,156169,156172,3,22
156147,156169,156172,3,22
156147,156168,156171,3,21
156147,156169,156172,3,22
156147,156168,156172,4,21
156147,156168,156172,4,21
156147,156168,156172,4,21
156147,156168,156172,4,21
156147,156168,156172,4,21
156147,156168,156172,4,21
156147,156168,156173,5,21
156147,156168,156172,4,21
156147,156170,156173,3,23
156147,156169,156173,4,22
156147,156170,156172,2,23
156147,156170,156172,2,23
156147,156169,156172,3,22
156147,156170,156173,3,23
156147,156171,156173,2,24
156147,156171,156174,3,24
156147,156169,156173,4,22
156147,156170,156173,3,23
156147,156171,156174,3,24
156147,156171,156173,2,24
156147,156171,156173,2,24
156147,156171,156174,3,24
156147,156171,156173,2,24
156147,156170,156173,3,23
156147,156171,156173,2,24
156147,156170,156174,4,23
156147,156170,156173,3,23
156147,156170,156174,4,23
156147,156171,156174,3,24
156147,156170,156174,4,23
156147,156172,156174,2,25
156147,156172,156174,2,25
156147,156171,156174,3,24
156147,156171,156174,3,24
156147,156172,156174,2,25
156147,156171,156174,3,24
156147,156171,156175,4,24
156147,156172,156174,2,25
156147,156172,156174,2,25
156147,156171,156174,3,24
156147,156171,156175,4,24
156147,156172,156175,3,25
156147,156171,156175,4,24
156147,156171,156174,3,24
156147,156171,156175,4,24
156147,156172,156174,2,25
156147,156172,156174,2,25
156147,156170,156174,4,23
156147,156171,156174,3,24
156147,156172,156175,3,25
156147,156172,156175,3,25
156147,156171,156176,5,24
156147,156171,156175,4,24
156147,156172,156175,3,25
156147,156173,156175,2,26
156147,156173,156176,3,26
156147,156172,156175,3,25
156147,156173,156176,3,26
156147,156173,156176,3,26
156147,156172,156175,3,25
156147,156172,156176,4,25
156147,156173,156176,3,26
156147,156173,156176,3,26
156147,156173,156176,3,26
156147,156172,156176,4,25
156147,156172,156176,4,25
156147,156173,156176,3,26
156147,156172,156175,3,25
156147,156172,156175,3,25
156147,156171,156175,4,24
156147,156171,156175,4,24
156147,156174,156177,3,27
156147,156175,156177,2,28
156147,156175,156176,1,28
156147,156173,156176,3,26
156147,156173,156176,3,26
156147,156175,156177,2,28
156147,156175,156177,2,28
156147,156175,156177,2,28
156147,156173,156176,3,26
156147,156174,156177,3,27
156147,156173,156176,3,26
156147,156173,156176,3,26
156147,156174,156177,3,27
156147,156174,156176,2,27
156147,156174,156177,3,27
156147,156174,156176,2,27
156147,156174,156176,2,27
156147,156174,156177,3,27
156147,156175,156177,2,28
156147,156174,156177,3,27
156147,156174,156177,3,27
156147,156174,156177,3,27
156147,156174,156177,3,27
156147,156174,156178,4,27
156147,156174,156177,3,27
156147,156174,156177,3,27
156147,156174,156178,4,27
156147,156175,156177,2,28
156147,156175,156177,2,28
156147,156175,156177,2,28
156147,156175,156177,2,28
156147,156176,156178,2,29
156147,156176,156177,1,29
156147,156176,156178,2,29
156147,156176,156178,2,29
156147,156175,156177,2,28
156147,156174,156178,4,27
156147,156176,156178,2,29
156147,156175,156178,3,28
156147,156175,156178,3,28
156147,156175,156178,3,28
156147,156176,156178,2,29
156147,156176,156178,2,29
156147,156177,156179,2,30
156147,156176,156179,3,29
156147,156176,156179,3,29
156147,156175,156178,3,28
156147,156176,156178,2,29
156147,156176,156179,3,29
156147,156176,156179,3,29
156147,156176,156179,3,29
156147,156177,156179,2,30
156147,156175,156178,3,28
156147,156175,156179,4,28
156147,156175,156179,4,28
156147,156175,156179,4,28
156147,156175,156179,4,28
156147,156175,156179,4,28
156147,156176,156179,3,29
156147,156176,156179,3,29
156147,156176,156179,3,29
156147,156176,156179,3,29
156147,156177,156179,2,30
156147,156177,156180,3,30
156147,156176,156179,3,29
156147,156176,156179,3,29
156147,156177,156180,3,30
156147,156177,156180,3,30
156147,156178,156180,2,31
156147,156176,156179,3,29
156147,156177,156180,3,30
156147,156177,156180,3,30
156147,156177,156180,3,30
156147,156177,156179,2,30
156147,156177,156180,3,30
156147,156177,156180,3,30
156147,156177,156181,4,30
156147,156177,156181,4,30
156147,156177,156180,3,30
156147,156178,156181,3,31
156147,156177,156180,3,30
156147,156178,156181,3,31
156147,156178,156181,3,31
156147,156178,156181,3,31
156147,156178,156181,3,31
156147,156177,156181,4,30
156147,156177,156180,3,30
156147,156178,156181,3,31
156147,156178,156181,3,31
156147,156178,156181,3,31
156147,156177,156181,4,30
156147,156179,156181,2,32
156147,156179,156181,2,32
156147,156177,156181,4,30
156147,156179,156182,3,32
156147,156177,156181,4,30
156147,156177,156181,4,30
156147,156178,156182,4,31
156147,156178,156182,4,31
156147,156179,156182,3,32
156147,156177,156181,4,30
156147,156178,156181,3,31
156147,156178,156182,4,31
156147,156179,156182,3,32
156147,156179,156182,3,32
156147,156179,156182,3,32
156147,156178,156182,4,31
156147,156178,156182,4,31
156147,156178,156182,4,31
156147,156178,156182,4,31
156147,156180,156183,3,33
156147,156180,156182,2,33
156147,156180,156183,3,33
156147,156180,156183,3,33
156147,156181,156183,2,34
156147,156181,156183,2,34
156147,156178,156182,4,31
156147,156178,156183,5,31
156147,156179,156183,4,32
156147,156180,156183,3,33
156147,156180,156183,3,33
156147,156179,156183,4,32
156147,156180,156183,3,33
156147,156180,156183,3,33
156147,156180,156183,3,33
156147,156180,156183,3,33
156147,156181,156183,2,34
156147,156181,156183,2,34
156147,156181,156183,2,34
156147,156180,156183,3,33
156147,156179,156183,4,32
156147,156180,156183,3,33
156147,156181,156183,2,34
156147,156180,156183,3,33
156147,156180,156183,3,33
156147,156180,156183,3,33
156147,156180,156183,3,33
156147,156180,156184,4,33
156147,156180,156184,4,33
156147,156180,156184,4,33
156147,156180,156183,3,33
156147,156182,156184,2,35
156147,156180,156184,4,33
156147,156180,156184,4,33
156147,156180,156184,4,33
156147,156181,156184,3,34
156147,156181,156184,3,34
156147,156181,156184,3,34
156147,156181,156184,3,34
156147,156181,156184,3,34
156147,156181,156184,3,34
156147,156182,156184,2,35
156147,156182,156184,2,35
156147,156182,156184,2,35
156147,156182,156184,2,35
156147,156182,156185,3,35
156147,156183,156185,2,36
156147,156181,156185,4,34
156147,156182,156185,3,35
156147,156182,156185,3,35
156147,156182,156185,3,35
156147,156182,156185,3,35
156147,156182,156185,3,35
156147,156183,156185,2,36
156147,156184,156185,1,37
156147,156184,156185,1,37
156147,156184,156185,1,37
156147,156183,156185,2,36
156147,156184,156185,1,37
156147,156183,156185,2,36
156147,156183,156185,2,36
156147,156182,156185,3,35
156147,156182,156186,4,35
156147,156182,156186,4,35
156147,156182,156186,4,35
156147,156183,156186,3,36
156147,156182,156186,4,35
156147,156183,156186,3,36
156147,156183,156186,3,36
156147,156182,156186,4,35
156147,156184,156186,2,37
156147,156182,156186,4,35
156147,156184,156187,3,37
156147,156184,156187,3,37
156147,156183,156186,3,36
156147,156183,156186,3,36
156147,156183,156186,3,36
156147,156183,156186,3,36
156147,156184,156187,3,37
156147,156184,156187,3,37
156147,156184,156187,3,37
156147,156184,156187,3,37
156147,156184,156187,3,37
156147,156183,156187,4,36
156147,156186,156187,1,39
156147,156184,156187,3,37
156147,156186,156187,1,39
156147,156184,156187,3,37
156147,156184,156188,4,37
156147,156185,156188,3,38
156147,156184,156187,3,37
156147,156185,156187,2,38
156147,156184,156188,4,37
156147,156185,156188,3,38
156147,156184,156187,3,37
156147,156184,156187,3,37
156147,156185,156188,3,38
156147,156185,156187,2,38
156147,156184,156188,4,37
156147,156184,156188,4,37
156147,156184,156188,4,37
156147,156187,156188,1,40
156147,156184,156188,4,37
156147,156186,156188,2,39
156147,156185,156188,3,38
156147,156186,156188,2,39
156147,156186,156189,3,39
156147,156184,156188,4,37
156147,156184,156188,4,37
156147,156184,156188,4,37
156147,156185,156188,3,38
156147,156185,156188,3,38
156147,156185,156188,3,38
156147,156184,156188,4,37
156147,156185,156189,4,38
156147,156185,156189,4,38
156147,156185,156189,4,38
156147,156186,156189,3,39
156147,156187,156189,2,40
156147,156187,156189,2,40
156147,156187,156190,3,40
156147,156186,156189,3,39
156147,156186,156189,3,39
156147,156187,156190,3,40
156147,156187,156189,2,40
156147,156187,156189,2,40
156147,156186,156189,3,39
156147,156187,156190,3,40
156147,156187,156189,2,40
156147,156188,156190,2,41
156147,156186,156189,3,39
156147,156187,156190,3,40
156147,156187,156189,2,40
156147,156187,156190,3,40
156147,156187,156190,3,40
156147,156187,156189,2,40
156147,156186,156189,3,39
156147,156187,156189,2,40
156147,156186,156190,4,39
156147,156187,156190,3,40
156147,156186,156190,4,39
156147,156187,156190,3,40
156147,156187,156190,3,40
156147,156188,156190,2,41
156147,156188,156190,2,41
156147,156188,156190,2,41
156147,156188,156190,2,41
156147,156186,156190,4,39
156147,156187,156190,3,40
156147,156188,156190,2,41
156147,156188,156190,2,41
156147,156188,156190,2,41
156147,156188,156190,2,41
156147,156188,156191,3,41
156147,156188,156191,3,41
156147,156188,156190,2,41
156147,156188,156191,3,41
156147,156189,156191,2,42
156147,156189,156191,2,42
156147,156189,156191,2,42
156147,156188,156191,3,41
156147,156188,156191,3,41
156147,156189,156192,3,42
156147,156188,156191,3,41
156147,156188,156192,4,41
156147,156189,156192,3,42
155359,155365,156205,840,6
156221,156222,156224,2,1
156221,156221,156224,3,0
156221,156222,156224,2,1
156221,156222,156224,2,1
156221,156222,156224,2,1
156221,156221,156224,3,0
156221,156221,156224,3,0
156221,156221,156224,3,0
156221,156222,156224,2,1
156221,156222,156225,3,1
156221,156221,156224,3,0
156221,156222,156224,2,1
156221,156221,156224,3,0
156221,156222,156224,2,1
156221,156222,156225,3,1
156221,156222,156224,2,1
156221,156222,156224,2,1
156221,156222,156224,2,1
156221,156221,156225,4,0
156221,156222,156225,3,1
156221,156221,156225,4,0
156221,156222,156225,3,1
156221,156222,156225,3,1
156221,156222,156225,3,1
156221,156222,156225,3,1
156221,156222,156225,3,1
156221,156221,156225,4,0
156221,156221,156225,4,0
156221,156221,156225,4,0
156221,156221,156225,4,0
156221,156221,156225,4,0
156221,156222,156225,3,1
156221,156221,156225,4,0
156221,156221,156225,4,0
156221,156222,156225,3,1
156221,156221,156225,4,0
156221,156221,156225,4,0
156221,156222,156225,3,1
156221,156222,156225,3,1
156221,156222,156226,4,1
156221,156221,156225,4,0
156221,156221,156225,4,0
156221,156222,156226,4,1
156221,156222,156225,3,1
156221,156221,156226,5,0
156221,156221,156226,5,0
156221,156221,156226,5,0
156221,156222,156226,4,1
156221,156222,156227,5,1
156221,156221,156226,5,0
156221,156221,156226,5,0
156221,156222,156226,4,1
156221,156222,156226,4,1
156221,156221,156226,5,0
156221,156221,156226,5,0
156221,156222,156226,4,1
156221,156222,156226,4,1
156221,156222,156226,4,1
156221,156222,156226,4,1
156221,156222,156226,4,1
156221,156222,156226,4,1
156221,156222,156226,4,1
156221,156222,156226,4,1
156221,156225,156228,3,4
156221,156225,156228,3,4
156221,156222,156227,5,1
156221,156225,156228,3,4
156221,156225,156228,3,4
156221,156225,156228,3,4
156221,156225,156228,3,4
156221,156226,156229,3,5
156221,156225,156229,4,4
156221,156225,156228,3,4
156221,156226,156229,3,5
156221,156225,156228,3,4
156221,156226,156229,3,5
156221,156226,156228,2,5
156221,156225,156228,3,4
156221,156225,156228,3,4
156221,156226,156229,3,5
156221,156225,156228,3,4
156221,156225,156228,3,4
156221,156225,156228,3,4
156221,156225,156228,3,4
156221,156226,156228,2,5
156221,156226,156229,3,5
156221,156225,156228,3,4
156221,156225,156228,3,4
156221,156225,156228,3,4
156221,156226,156229,3,5
156221,156226,156229,3,5
156221,156226,156229,3,5
156221,156226,156229,3,5
156221,156226,156229,3,5
156221,156226,156229,3,5
156221,156227,156229,2,6
156221,156226,156229,3,5
156221,156229,156230,1,8
156221,156229,156230,1,8
156221,156226,156230,4,5
156221,156226,156229,3,5
156221,156226,156229,3,5
156221,156226,156229,3,5
156221,156226,156230,4,5
156221,156227,156230,3,6
156221,156226,156230,4,5
156221,156226,156229,3,5
156221,156226,156229,3,5
156221,156227,156229,2,6
156221,156227,156230,3,6
156221,156226,156229,3,5
156221,156227,156229,2,6
156221,156227,156230,3,6
156221,156226,156229,3,5
156221,156227,156229,2,6
156221,156227,156230,3,6
156221,156227,156230,3,6
156221,156229,156230,1,8
156221,156226,156230,4,5
156221,156229,156231,2,8
156221,156227,156230,3,6
156221,156227,156230,3,6
156221,156227,156231,4,6
156221,156227,156230,3,6
156221,156226,156230,4,5
156221,156229,156231,2,8
156221,156227,156230,3,6
156221,156227,156231,4,6
156221,156227,156230,3,6
156221,156227,156231,4,6
156221,156227,156231,4,6
156221,156229,156231,2,8
156221,156230,156232,2,9
156221,156229,156232,3,8
156221,156229,156232,3,8
156221,156229,156232,3,8
156221,156229,156232,3,8
156221,156229,156231,2,8
156221,156229,156232,3,8
156221,156229,156232,3,8
156221,156228,156231,3,7
156221,156230,156232,2,9
156221,156229,156232,3,8
156221,156229,156232,3,8
156221,156229,156232,3,8
156221,156227,156232,5,6
156221,156228,156231,3,7
156221,156228,156232,4,7
156221,156228,156232,4,7
156221,156229,156232,3,8
156221,156229,156233,4,8
156221,156230,156232,2,9
156221,156230,156232,2,9
156221,156229,156232,3,8
156221,156230,156233,3,9
156221,156230,156233,3,9
156221,156230,156232,2,9
156221,156230,156233,3,9
156221,156229,156233,4,8
156221,156230,156233,3,9
156221,156229,156233,4,8
156221,156230,156233,3,9
156221,156230,156233,3,9
156221,156229,156233,4,8
156221,156230,156233,3,9
156221,156229,156233,4,8
156221,156230,156233,3,9
156221,156230,156233,3,9
156221,156230,156233,3,9
156221,156230,156233,3,9
156221,156229,156233,4,8
156221,156229,156233,4,8
156221,156231,156234,3,10
156221,156230,156233,3,9
156221,156231,156234,3,10
156221,156232,156234,2,11
156221,156230,156233,3,9
156221,156231,156234,3,10
156221,156232,156234,2,11
156221,156230,156233,3,9
156221,156230,156234,4,9
156221,156232,156234,2,11
156221,156231,156234,3,10
156221,156230,156234,4,9
156221,156231,156234,3,10
156221,156230,156234,4,9
156221,156231,156234,3,10
156221,156231,156234,3,10
156221,156230,156234,4,9
156221,156229,156234,5,8
156221,156233,156234,1,12
156221,156232,156234,2,11
156221,156231,156235,4,10
156221,156231,156234,3,10
156221,156231,156234,3,10
156221,156231,156235,4,10
156221,156232,156235,3,11
156221,156232,156235,3,11
156221,156232,156235,3,11
156221,156231,156235,4,10
156221,156232,156235,3,11
156221,156232,156235,3,11
156221,156231,156235,4,10
156221,156231,156235,4,10
156221,156232,156235,3,11
156221,156232,156235,3,11
156221,156232,156235,3,11
156221,156234,156236,2,13
156221,156231,156235,4,10
156221,156231,156235,4,10
156221,156232,156236,4,11
156221,156233,156235,2,12
156221,156234,156236,2,13
156221,156233,156236,3,12
156221,156233,156236,3,12
156221,156233,156236,3,12
156221,156233,156236,3,12
156221,156233,156236,3,12
156221,156233,156236,3,12
156221,156232,156236,4,11
156221,156233,156236,3,12
156221,156233,156236,3,12
156221,156233,156236,3,12
156221,156232,156236,4,11
156221,156234,156236,2,13
156221,156234,156236,2,13
156221,156232,156236,4,11
156221,156234,156236,2,13
156221,156234,156236,2,13
156221,156234,156236,2,13
156221,156234,156236,2,13
156221,156234,156236,2,13
156221,156235,156237,2,14
156221,156235,156237,2,14
156221,156234,156237,3,13
156221,156233,156236,3,12
156221,156234,156237,3,13
156221,156234,156236,2,13
156221,156233,156237,4,12
156221,156233,156237,4,12
156221,156234,156237,3,13
156221,156234,156237,3,13
156221,156234,156238,4,13
156221,156233,156237,4,12
156221,156234,156237,3,13
156221,156235,156238,3,14
156221,156235,156238,3,14
156221,156236,156238,2,15
156221,156234,156238,4,13
156221,156236,156238,2,15
156221,156235,156238,3,14
156221,156236,156239,3,15
156221,156234,156238,4,13
156221,156234,156238,4,13
156221,156236,156238,2,15
156221,156235,156238,3,14
156221,156236,156238,2,15
156221,156235,156238,3,14
156221,156236,156238,2,15
156221,156236,156238,2,15
156221,156235,156239,4,14
156221,156235,156238,3,14
156221,156235,156238,3,14
156221,156235,156238,3,14
156221,156236,156239,3,15
156221,156236,156238,2,15
156221,156236,156239,3,15
156221,156236,156239,3,15
156221,156236,156239,3,15
156221,156236,156239,3,15
156221,156236,156238,2,15
156221,156235,156239,4,14
156221,156237,156239,2,16
156221,156237,156239,2,16
156221,156235,156239,4,14
156221,156237,156239,2,16
156221,156237,156240,3,16
156221,156237,156240,3,16
156221,156236,156239,3,15
156221,156236,156239,3,15
156221,156236,156240,4,15
156221,156237,156240,3,16
156221,156236,156239,3,15
156221,156237,156239,2,16
156221,156236,156239,3,15
156221,156236,156239,3,15
156221,156237,156239,2,16
156221,156237,156240,3,16
156221,156237,156240,3,16
156221,156235,156240,5,14
156221,156237,156240,3,16
156221,156237,156240,3,16
156221,156237,156240,3,16
156221,156237,156240,3,16
156221,156237,156240,3,16
156221,156238,156241,3,17
156221,156239,156240,1,18
156221,156239,156241,2,18
156221,156237,156240,3,16
156221,156236,156240,4,15
156221,156239,156241,2,18
156221,156239,156241,2,18
156221,156237,156240,3,16
156221,156237,156241,4,16
156221,156238,156241,3,17
156221,156237,156241,4,16
156221,156237,156242,5,16
156221,156237,156241,4,16
156221,156237,156241,4,16
156221,156238,156242,4,17
156221,156238,156241,3,17
156221,156238,156241,3,17
156221,156238,156241,3,17
156221,156239,156241,2,18
156221,156239,156241,2,18
156221,156240,156242,2,19
156221,156237,156241,4,16
156221,156237,156241,4,16
156221,156239,156241,2,18
156221,156239,156242,3,18
156221,156238,156242,4,17
156221,156239,156242,3,18
156221,156239,156242,3,18
156221,156239,156242,3,18
156221,156240,156242,2,19
156221,156240,156242,2,19
156221,156240,156242,2,19
156221,156239,156242,3,18
156221,156239,156242,3,18
156221,156239,156242,3,18
156221,156239,156242,3,18
156221,156240,156242,2,19
156221,156240,156242,2,19
156221,156239,156242,3,18
156221,156240,156242,2,19
156221,156239,156242,3,18
156221,156239,156242,3,18
156221,156240,156243,3,19
156221,156240,156243,3,19
156221,156239,156242,3,18
156221,156239,156243,4,18
156221,156240,156243,3,19
156221,156240,156243,3,19
156221,156240,156243,3,19
156221,156240,156243,3,19
156221,156240,156243,3,19
156221,156240,156243,3,19
156221,156239,156242,3,18
156221,156239,156242,3,18
156221,156240,156243,3,19
156221,156241,156243,2,20
156221,156242,156244,2,21
156221,156242,156243,1,21
156221,156241,156243,2,20
156221,156241,156243,2,20
156221,156241,156243,2,20
156221,156242,156244,2,21
156221,156241,156244,3,20
156221,156241,156243,2,20
156221,156239,156243,4,18
156221,156240,156243,3,19
156221,156241,156244,3,20
156221,156243,156244,1,22
156221,156243,156244,1,22
156221,156243,156244,1,22
156221,156243,156245,2,22
156221,156242,156245,3,21
156221,156241,156244,3,20
156221,156241,156244,3,20
156221,156241,156244,3,20
156221,156241,156244,3,20
156221,156241,156245,4,20
156221,156241,156245,4,20
156221,156241,156244,3,20
156221,156242,156245,3,21
156221,156241,156245,4,20
156221,156241,156245,4,20
156221,156242,156245,3,21
156221,156242,156246,4,21
156221,156242,156245,3,21
156221,156242,156245,3,21
156221,156243,156245,2,22
156221,156242,156245,3,21
156221,156243,156246,3,22
156221,156243,156246,3,22
156221,156243,156246,3,22
156221,156244,156246,2,23
156221,156243,156246,3,22
156221,156242,156245,3,21
156221,156242,156246,4,21
156221,156242,156246,4,21
156221,156242,156245,3,21
156221,156243,156246,3,22
156221,156243,156246,3,22
156221,156243,156246,3,22
156221,156243,156246,3,22
156221,156241,156245,4,20
156221,156243,156246,3,22
156221,156243,156246,3,22
156221,156243,156246,3,22
156221,156243,156246,3,22
156221,156244,156246,2,23
156221,156243,156246,3,22
156221,156245,156247,2,24
156221,156242,156246,4,21
156221,156243,156247,4,22
156221,156243,156247,4,22
156221,156245,156247,2,24
156221,156244,156247,3,23
156221,156244,156246,2,23
156221,156244,156246,2,23
156221,156244,156246,2,23
156221,156242,156246,4,21
156221,156245,156247,2,24
156221,156243,156247,4,22
156221,156243,156247,4,22
156221,156243,156247,4,22
156221,156244,156248,4,23
156221,156246,156247,1,25
156221,156244,156247,3,23
156221,156246,156247,1,25
156221,156246,156247,1,25
156221,156245,156247,2,24
156221,156245,156248,3,24
156221,156245,156247,2,24
156221,156244,156247,3,23
156221,156243,156248,5,22
156221,156244,156248,4,23
156221,156244,156248,4,23
156221,156244,156248,4,23
156221,156245,156247,2,24
156221,156243,156248,5,22
156221,156245,156248,3,24
156221,156246,156248,2,25
156221,156245,156248,3,24
156221,156244,156249,5,23
156221,156244,156248,4,23
156221,156245,156248,3,24
156221,156246,156249,3,25
156221,156246,156248,2,25
156221,156246,156249,3,25
156221,156246,156249,3,25
156221,156246,156249,3,25
156221,156243,156248,5,22
156221,156246,156249,3,25
156221,156246,156249,3,25
156221,156246,156249,3,25
156221,156246,156249,3,25
156221,156245,156249,4,24
156221,156246,156249,3,25
156221,156246,156249,3,25
156221,156248,156249,1,27
156221,156245,156249,4,24
156221,156245,156249,4,24
156221,156245,156249,4,24
156221,156247,156249,2,26
156221,156247,156249,2,26
156221,156247,156249,2,26
156221,156247,156250,3,26
156221,156247,156250,3,26
156221,156246,156249,3,25
156221,156247,156250,3,26
156221,156247,156249,2,26
156221,156247,156250,3,26
156221,156247,156250,3,26
156221,156247,156250,3,26
156221,156247,156250,3,26
156221,156247,156250,3,26
156221,156247,156250,3,26
156221,156246,156250,4,25
156221,156246,156250,4,25
156221,156248,156250,2,27
156221,156247,156250,3,26
156221,156247,156250,3,26
156222,156248,156251,3,26
156221,156247,156250,3,26
156221,156247,156250,3,26
156222,156248,156251,3,26
156222,156248,156250,2,26
156222,156249,156251,2,27
156222,156248,156251,3,26
156221,156247,156250,3,26
156221,156247,156250,3,26
156221,156247,156250,3,26
156222,156249,156251,2,27
156221,156247,156251,4,26
156222,156249,156251,2,27
156222,156248,156251,3,26
156222,156249,156251,2,27
156222,156249,156251,2,27
156222,156249,156252,3,27
156222,156248,156251,3,26
156222,156248,156251,3,26
156222,156248,156251,3,26
156222,156249,156251,2,27
156222,156249,156252,3,27
156222,156249,156251,2,27
156222,156248,156251,3,26
156222,156248,156251,3,26
156222,156249,156252,3,27
156222,156249,156251,2,27
156222,156249,156252,3,27
156222,156250,156252,2,28
156222,156248,156251,3,26
156222,156249,156252,3,27
156222,156249,156252,3,27
156222,156248,156252,4,26
156222,156249,156252,3,27
156222,156250,156252,2,28
156222,156248,156252,4,26
156222,156248,156252,4,26
156222,156248,156252,4,26
156222,156249,156252,3,27
156222,156250,156252,2,28
156222,156250,156253,3,28
156222,156250,156252,2,28
156222,156250,156253,3,28
156222,156250,156253,3,28
156222,156249,156253,4,27
156222,156250,156253,3,28
156222,156250,156252,2,28
156222,156249,156253,4,27
156222,156250,156253,3,28
156222,156250,156253,3,28
156222,156250,156253,3,28
156222,156251,156253,2,29
156222,156251,156253,2,29
156222,156251,156253,2,29
156222,156250,156254,4,28
156222,156250,156253,3,28
156222,156250,156254,4,28
156222,156250,156254,4,28
156222,156251,156254,3,29
156222,156251,156254,3,29
156222,156251,156253,2,29
156222,156251,156253,2,29
156222,156251,156254,3,29
156222,156251,156254,3,29
156222,156250,156254,4,28
156222,156251,156254,3,29
156222,156251,156254,3,29
156222,156250,156254,4,28
156222,156252,156254,2,30
156222,156251,156254,3,29
156222,156251,156254,3,29
156222,156252,156254,2,30
156222,156251,156255,4,29
156222,156253,156255,2,31
156222,156251,156254,3,29
156222,156251,156255,4,29
156222,156251,156255,4,29
156222,156251,156255,4,29
156222,156251,156255,4,29
156222,156253,156255,2,31
156222,156253,156255,2,31
156222,156253,156255,2,31
156222,156253,156255,2,31
156222,156253,156255,2,31
156222,156253,156255,2,31
156222,156253,156255,2,31
156222,156252,156255,3,30
156222,156252,156256,4,30
156222,156252,156255,3,30
156222,156252,156255,3,30
156222,156252,156256,4,30
156222,156252,156255,3,30
156222,156252,156255,3,30
156222,156253,156255,2,31
156222,156253,156256,3,31
156222,156253,156256,3,31
156222,156252,156255,3,30
156222,156252,156256,4,30
156222,156252,156256,4,30
156222,156252,156256,4,30
156222,156253,156256,3,31
156222,156253,156256,3,31
156222,156253,156255,2,31
156222,156252,156256,4,30
156222,156252,156256,4,30
156222,156251,156256,5,29
156222,156252,156256,4,30
156222,156253,156256,3,31
156222,156254,156256,2,32
156222,156254,156256,2,32
156222,156253,156256,3,31
156222,156253,156256,3,31
156222,156254,156256,2,32
156222,156254,156257,3,32
156222,156254,156257,3,32
156222,156254,156256,2,32
156222,156254,156256,2,32
156222,156254,156257,3,32
156222,156254,156256,2,32
156222,156254,156256,2,32
156222,156254,156256,2,32
156222,156254,156257,3,32
156222,156254,156257,3,32
156222,156252,156256,4,30
156222,156254,156257,3,32
156222,156254,156257,3,32
155410,155423,156267,844,13
155406,155413,156275,862,7
156286,156287,156289,2,1
156286,156287,156290,3,1
156286,156287,156290,3,1
156286,156287,156290,3,1
156286,156287,156289,2,1
156286,156287,156289,2,1
156286,156287,156289,2,1
156286,156287,156289,2,1
156286,156287,156289,2,1
156286,156287,156290,3,1
156286,156287,156290,3,1
156286,156287,156290,3,1
156286,156287,156289,2,1
156286,156287,156290,3,1
156286,156287,156289,2,1
156286,156287,156289,2,1
156286,156287,156290,3,1
156286,156287,156289,2,1
156286,156287,156290,3,1
156286,156287,156290,3,1
156286,156287,156290,3,1
156286,156287,156291,4,1
156286,156287,156290,3,1
156286,156287,156291,4,1
156286,156287,156291,4,1
156286,156287,156291,4,1
156286,156287,156291,4,1
156286,156287,156291,4,1
156286,156287,156290,3,1
156286,156287,156291,4,1
156286,156287,156290,3,1
156286,156287,156290,3,1
156286,156287,156291,4,1
156286,156287,156291,4,1
156286,156287,156290,3,1
156286,156287,156290,3,1
156286,156287,156290,3,1
156286,156287,156291,4,1
156286,156287,156291,4,1
156286,156287,156290,3,1
156286,156287,156291,4,1
156286,156287,156291,4,1
156286,156287,156291,4,1
156286,156287,156291,4,1
156286,156287,156290,3,1
156286,156287,156291,4,1
156286,156287,156291,4,1
156286,156287,156291,4,1
156286,156287,156292,5,1
156286,156287,156292,5,1
156286,156287,156291,4,1
156286,156287,156291,4,1
156286,156287,156292,5,1
156286,156287,156291,4,1
156286,156287,156291,4,1
156286,156287,156291,4,1
156286,156287,156291,4,1
156286,156287,156292,5,1
156286,156287,156291,4,1
156286,156287,156291,4,1
156286,156287,156291,4,1
156286,156287,156292,5,1
156286,156287,156292,5,1
156286,156287,156291,4,1
156286,156287,156291,4,1
156286,156287,156291,4,1
156286,156290,156293,3,4
156286,156290,156293,3,4
156286,156290,156293,3,4
156286,156290,156293,3,4
156286,156290,156293,3,4
156286,156290,156293,3,4
156286,156290,156293,3,4
156286,156291,156294,3,5
156286,156291,156294,3,5
156286,156291,156294,3,5
156286,156291,156294,3,5
156286,156290,156294,4,4
156286,156291,156294,3,5
156286,156291,156294,3,5
156286,156290,156294,4,4
156286,156290,156294,4,4
156286,156290,156294,4,4
156286,156290,156294,4,4
156286,156290,156294,4,4
156286,156291,156294,3,5
156286,156291,156294,3,5
156286,156290,156294,4,4
156286,156290,156294,4,4
156286,156290,156294,4,4
156286,156291,156294,3,5
156286,156291,156293,2,5
156286,156290,156294,4,4
156286,156291,156295,4,5
156286,156292,156294,2,6
156286,156290,156294,4,4
156286,156291,156294,3,5
156286,156291,156294,3,5
156286,156290,156294,4,4
156286,156291,156294,3,5
156286,156291,156294,3,5
156286,156290,156294,4,4
156286,156291,156295,4,5
156286,156291,156294,3,5
156286,156291,156294,3,5
156286,156291,156294,3,5
156286,156291,156295,4,5
156286,156292,156295,3,6
156286,156292,156295,3,6
156286,156291,156295,4,5
156287,156292,156296,4,5
156286,156291,156295,4,5
156286,156292,156295,3,6
156286,156292,156295,3,6
156286,156291,156295,4,5
156286,156292,156295,3,6
156286,156291,156295,4,5
156286,156291,156295,4,5
156287,156294,156295,1,7
156286,156291,156295,4,5
156286,156291,156295,4,5
156287,156294,156295,1,7
156287,156294,156295,1,7
156287,156295,156296,1,8
156287,156293,156296,3,6
156287,156295,156296,1,8
156286,156292,156296,4,6
156287,156292,156296,4,5
156287,156292,156296,4,5
156287,156292,156296,4,5
156287,156292,156296,4,5
156287,156292,156296,4,5
156287,156292,156296,4,5
156287,156295,156297,2,8
156287,156292,156296,4,5
156287,156294,156296,2,7
156287,156292,156296,4,5
156287,156292,156296,4,5
156287,156292,156296,4,5
156287,156292,156296,4,5
156287,156293,156297,4,6
156287,156294,156297,3,7
156287,156295,156297,2,8
156287,156295,156297,2,8
156287,156294,156297,3,7
156287,156295,156297,2,8
156287,156295,156297,2,8
156287,156295,156298,3,8
156287,156295,156298,3,8
156287,156295,156297,2,8
156287,156295,156297,2,8
156287,156294,156298,4,7
156287,156294,156298,4,7
156287,156294,156298,4,7
156287,156295,156299,4,8
156287,156295,156298,3,8
156287,156295,156298,3,8
156287,156295,156298,3,8
156287,156295,156299,4,8
156287,156295,156298,3,8
156287,156295,156298,3,8
156287,156295,156299,4,8
156287,156295,156298,3,8
156287,156296,156298,2,9
156287,156295,156298,3,8
156287,156295,156298,3,8
156287,156295,156298,3,8
156287,156295,156298,3,8
156287,156296,156299,3,9
156287,156295,156298,3,8
156287,156295,156298,3,8
156287,156296,156298,2,9
156287,156296,156299,3,9
156287,156296,156298,2,9
156287,156295,156299,4,8
156287,156296,156299,3,9
156287,156295,156299,4,8
156287,156296,156299,3,9
156287,156296,156299,3,9
156287,156297,156300,3,10
156287,156295,156299,4,8
156287,156296,156299,3,9
156287,156296,156299,3,9
156287,156297,156299,2,10
156287,156297,156299,2,10
156287,156295,156299,4,8
156287,156297,156300,3,10
156287,156297,156299,2,10
156287,156296,156300,4,9
156287,156296,156299,3,9
156287,156296,156299,3,9
156287,156297,156300,3,10
156287,156297,156300,3,10
156287,156297,156300,3,10
156287,156296,156300,4,9
156287,156297,156300,3,10
156287,156298,156300,2,11
156287,156296,156300,4,9
156287,156297,156300,3,10
156287,156297,156300,3,10
156287,156298,156301,3,11
156287,156299,156300,1,12
156287,156297,156300,3,10
156287,156297,156300,3,10
156287,156296,156301,5,9
156287,156297,156301,4,10
156287,156298,156301,3,11
156287,156299,156301,2,12
156287,156299,156301,2,12
156287,156297,156300,3,10
156287,156297,156300,3,10
156287,156299,156301,2,12
156287,156297,156301,4,10
156287,156297,156301,4,10
156287,156298,156300,2,11
156287,156298,156301,3,11
156287,156297,156301,4,10
156287,156298,156301,3,11
156287,156299,156301,2,12
156287,156299,156301,2,12
156287,156299,156301,2,12
156287,156299,156301,2,12
156287,156299,156301,2,12
156287,156298,156302,4,11
156287,156299,156301,2,12
156287,156299,156302,3,12
156287,156299,156301,2,12
156287,156299,156301,2,12
156287,156299,156301,2,12
156287,156298,156302,4,11
156287,156299,156301,2,12
156287,156299,156301,2,12
156287,156299,156302,3,12
156287,156299,156301,2,12
156287,156299,156302,3,12
156287,156299,156301,2,12
156287,156299,156301,2,12
156287,156298,156302,4,11
156287,156299,156302,3,12
156287,156300,156303,3,13
156287,156300,156303,3,13
156287,156301,156303,2,14
156287,156299,156302,3,12
156287,156300,156303,3,13
156287,156300,156303,3,13
156287,156301,156303,2,14
156287,156301,156303,2,14
156287,156300,156303,3,13
156287,156301,156303,2,14
156287,156301,156303,2,14
156287,156301,156303,2,14
156287,156300,156303,3,13
156287,156300,156303,3,13
156287,156300,156303,3,13
156287,156302,156304,2,15
156287,156301,156303,2,14
156287,156301,156304,3,14
156287,156302,156304,2,15
156287,156300,156304,4,13
156287,156300,156303,3,13
156287,156301,156304,3,14
156287,156300,156303,3,13
156287,156300,156303,3,13
156287,156301,156303,2,14
156287,156300,156304,4,13
156287,156300,156304,4,13
156287,156300,156304,4,13
156287,156301,156303,2,14
156287,156301,156304,3,14
156287,156301,156303,2,14
156287,156300,156304,4,13
156287,156301,156304,3,14
156287,156301,156304,3,14
156287,156301,156303,2,14
156287,156300,156303,3,13
156287,156301,156304,3,14
156287,156301,156304,3,14
156287,156301,156304,3,14
156287,156301,156304,3,14
156287,156301,156304,3,14
156287,156301,156305,4,14
156287,156301,156304,3,14
156287,156302,156305,3,15
156287,156302,156304,2,15
156287,156301,156305,4,14
156287,156302,156305,3,15
156287,156302,156305,3,15
156287,156302,156304,2,15
156287,156301,156304,3,14
156287,156302,156305,3,15
156287,156300,156304,4,13
156287,156302,156304,2,15
156287,156302,156305,3,15
156287,156302,156305,3,15
156287,156302,156305,3,15
156287,156302,156305,3,15
156287,156302,156305,3,15
156287,156301,156305,4,14
156287,156302,156305,3,15
156287,156302,156305,3,15
156287,156301,156305,4,14
156287,156302,156305,3,15
156287,156303,156306,3,16
156287,156302,156306,4,15
156287,156303,156306,3,16
156287,156302,156306,4,15
156287,156303,156306,3,16
156287,156303,156306,3,16
156287,156302,156306,4,15
156287,156303,156306,3,16
156287,156304,156307,3,17
156287,156303,156307,4,16
156287,156303,156307,4,16
156287,156303,156306,3,16
156287,156303,156307,4,16
156287,156304,156307,3,17
156287,156303,156307,4,16
156287,156304,156307,3,17
156287,156304,156307,3,17
156287,156303,156307,4,16
156287,156304,156307,3,17
156287,156304,156307,3,17
156287,156304,156307,3,17
156287,156303,156307,4,16
156287,156303,156307,4,16
156287,156303,156307,4,16
156287,156305,156307,2,18
156287,156304,156307,3,17
156287,156305,156307,2,18
156287,156305,156307,2,18
156287,156305,156307,2,18
156287,156305,156307,2,18
156287,156305,156307,2,18
156287,156305,156308,3,18
156287,156304,156308,4,17
156287,156304,156307,3,17
156287,156304,156307,3,17
156287,156304,156307,3,17
156287,156304,156308,4,17
156287,156304,156308,4,17
156287,156305,156308,3,18
156287,156305,156308,3,18
156287,156305,156308,3,18
156287,156304,156307,3,17
156287,156304,156308,4,17
156287,156305,156308,3,18
156287,156304,156308,4,17
156287,156304,156308,4,17
156287,156303,156307,4,16
156287,156304,156308,4,17
156287,156305,156308,3,18
156287,156305,156308,3,18
156287,156304,156308,4,17
156287,156304,156308,4,17
156287,156305,156308,3,18
156287,156305,156308,3,18
156287,156305,156308,3,18
156287,156306,156308,2,19
156287,156306,156308,2,19
156287,156305,156308,3,18
156287,156306,156308,2,19
156287,156308,156309,1,21
156287,156305,156308,3,18
156287,156306,156309,3,19
156287,156305,156309,4,18
156287,156305,156309,4,18
156287,156306,156309,3,19
156287,156306,156309,3,19
156287,156307,156310,3,20
156287,156306,156309,3,19
156287,156307,156310,3,20
156287,156307,156309,2,20
156287,156308,156310,2,21
156287,156308,156309,1,21
156287,156308,156309,1,21
156287,156307,156310,3,20
156287,156308,156309,1,21
156287,156308,156309,1,21
156287,156308,156309,1,21
156287,156307,156310,3,20
156287,156307,156310,3,20
156287,156306,156310,4,19
156287,156307,156310,3,20
156287,156306,156310,4,19
156287,156308,156310,2,21
156287,156308,156310,2,21
156287,156308,156310,2,21
156287,156306,156310,4,19
156287,156307,156310,3,20
156287,156307,156310,3,20
156287,156307,156311,4,20
156287,156308,156310,2,21
156287,156308,156311,3,21
156287,156308,156311,3,21
156287,156309,156311,2,22
156287,156309,156311,2,22
156287,156307,156312,5,20
156287,156307,156311,4,20
156287,156309,156311,2,22
156287,156309,156312,3,22
156287,156307,156311,4,20
156287,156307,156311,4,20
156287,156308,156311,3,21
156287,156309,156311,2,22
156287,156308,156311,3,21
156287,156308,156311,3,21
156287,156309,156312,3,22
156287,156308,156311,3,21
156287,156309,156312,3,22
156287,156309,156311,2,22
156287,156309,156312,3,22
156287,156308,156311,3,21
156287,156309,156312,3,22
156287,156309,156312,3,22
156287,156308,156312,4,21
156287,156308,156312,4,21
156287,156308,156312,4,21
156287,156309,156312,3,22
156287,156309,156312,3,22
156287,156309,156312,3,22
156287,156309,156312,3,22
156287,156309,156312,3,22
156287,156309,156312,3,22
156287,156309,156313,4,22
156287,156309,156312,3,22
156287,156310,156313,3,23
156287,156309,156312,3,22
156287,156310,156313,3,23
156287,156309,156312,3,22
156287,156310,156312,2,23
156287,156310,156312,2,23
156287,156311,156313,2,24
156287,156309,156312,3,22
156287,156309,156312,3,22
156287,156310,156313,3,23
156287,156310,156313,3,23
156287,156310,156313,3,23
156287,156310,156313,3,23
156287,156310,156313,3,23
156287,156308,156313,5,21
156287,156311,156313,2,24
156287,156311,156313,2,24
156287,156311,156314,3,24
156287,156311,156313,2,24
156287,156312,156314,2,25
156287,156311,156314,3,24
156287,156311,156313,2,24
156287,156310,156313,3,23
156287,156310,156313,3,23
156287,156310,156314,4,23
156287,156310,156314,4,23
156287,156310,156314,4,23
156287,156310,156314,4,23
156287,156310,156314,4,23
156287,156311,156314,3,24
156287,156311,156314,3,24
156287,156312,156314,2,25
156287,156312,156314,2,25
156287,156312,156314,2,25
156287,156312,156314,2,25
156287,156312,156314,2,25
156287,156312,156314,2,25
156287,156312,156314,2,25
156287,156312,156314,2,25
156287,156312,156314,2,25
156287,156312,156314,2,25
156287,156312,156314,2,25
156287,156311,156314,3,24
156287,156312,156314,2,25
156287,156312,156315,3,25
156287,156312,156315,3,25
156287,156312,156314,2,25
156287,156312,156314,2,25
156287,156312,156315,3,25
156287,156311,156315,4,24
156287,156311,156314,3,24
156287,156312,156315,3,25
156287,156312,156315,3,25
156287,156312,156315,3,25
156287,156312,156315,3,25
155477,155483,156349,866,6
156350,156351,156352,1,1
156350,156351,156353,2,1
156350,156351,156354,3,1
156350,156351,156354,3,1
156350,156351,156354,3,1
156350,156351,156353,2,1
156350,156351,156354,3,1
156350,156351,156355,4,1
156350,156351,156355,4,1
156350,156351,156355,4,1
156350,156351,156354,3,1
156350,156351,156355,4,1
156350,156351,156355,4,1
156350,156351,156354,3,1
156350,156351,156355,4,1
156350,156351,156354,3,1
156350,156351,156354,3,1
156350,156351,156354,3,1
156350,156351,156355,4,1
156350,156351,156354,3,1
156350,156351,156354,3,1
156350,156351,156354,3,1
156350,156351,156354,3,1
156350,156351,156355,4,1
156350,156351,156355,4,1
156350,156351,156354,3,1
156350,156351,156354,3,1
156350,156351,156355,4,1
156350,156351,156354,3,1
156350,156351,156354,3,1
156350,156351,156355,4,1
156350,156351,156355,4,1
156350,156351,156354,3,1
156350,156351,156355,4,1
156350,156351,156355,4,1
156350,156351,156354,3,1
156350,156351,156355,4,1
156350,156351,156355,4,1
156350,156351,156356,5,1
156350,156351,156355,4,1
156350,156351,156355,4,1
156350,156351,156355,4,1
156350,156351,156355,4,1
156350,156351,156355,4,1
156350,156351,156355,4,1
156350,156351,156356,5,1
156350,156351,156355,4,1
156350,156351,156355,4,1
156350,156351,156355,4,1
156350,156351,156355,4,1
156350,156351,156356,5,1
156350,156351,156356,5,1
156350,156351,156355,4,1
156350,156351,156355,4,1
156350,156351,156355,4,1
156350,156351,156355,4,1
156350,156351,156355,4,1
156350,156351,156355,4,1
156350,156351,156355,4,1
156350,156351,156356,5,1
156350,156351,156355,4,1
156350,156351,156355,4,1
156350,156351,156355,4,1
156350,156351,156356,5,1
156350,156351,156355,4,1
156350,156351,156355,4,1
156350,156351,156356,5,1
156350,156355,156357,2,5
156350,156355,156357,2,5
156350,156353,156357,4,3
156350,156354,156356,2,4
156350,156354,156356,2,4
156350,156354,156357,3,4
156350,156355,156357,2,5
156350,156353,156357,4,3
156350,156355,156358,3,5
156350,156355,156357,2,5
156350,156355,156358,3,5
156350,156355,156357,2,5
156350,156355,156357,2,5
156350,156355,156358,3,5
156350,156355,156358,3,5
156350,156355,156358,3,5
156350,156355,156358,3,5
156350,156355,156358,3,5
156350,156354,156357,3,4
156350,156355,156358,3,5
156350,156355,156358,3,5
156350,156355,156358,3,5
156350,156355,156358,3,5
156350,156355,156358,3,5
156350,156355,156358,3,5
156350,156355,156358,3,5
156350,156354,156357,3,4
156350,156355,156358,3,5
156350,156355,156358,3,5
156350,156356,156359,3,6
156350,156356,156359,3,6
156350,156356,156359,3,6
156350,156355,156358,3,5
156350,156356,156359,3,6
156350,156355,156358,3,5
156350,156356,156359,3,6
156350,156355,156359,4,5
156350,156356,156359,3,6
156350,156356,156359,3,6
156350,156356,156359,3,6
156350,156356,156359,3,6
156350,156356,156359,3,6
156350,156356,156358,2,6
156350,156355,156359,4,5
156350,156355,156359,4,5
156350,156355,156359,4,5
156350,156356,156359,3,6
156350,156356,156359,3,6
156350,156356,156359,3,6
156350,156356,156359,3,6
156350,156357,156360,3,7
156350,156356,156359,3,6
156350,156358,156360,2,8
156350,156355,156359,4,5
156350,156357,156360,3,7
156350,156357,156360,3,7
156350,156358,156360,2,8
156350,156356,156360,4,6
156350,156356,156360,4,6
156350,156356,156360,4,6
156350,156356,156360,4,6
156350,156358,156360,2,8
156350,156356,156360,4,6
156350,156356,156360,4,6
156350,156356,156360,4,6
156350,156356,156360,4,6
156350,156357,156360,3,7
156350,156358,156360,2,8
156350,156356,156359,3,6
156350,156356,156359,3,6
156350,156357,156360,3,7
156350,156358,156360,2,8
156350,156356,156360,4,6
156350,156356,156359,3,6
156350,156356,156360,4,6
156350,156358,156360,2,8
156350,156358,156360,2,8
156350,156356,156360,4,6
156350,156356,156360,4,6
156350,156358,156360,2,8
156350,156357,156360,3,7
156350,156358,156361,3,8
156350,156357,156360,3,7
156350,156358,156361,3,8
156350,156359,156361,2,9
156350,156359,156361,2,9
156350,156357,156361,4,7
156350,156358,156361,3,8
156350,156358,156361,3,8
156350,156358,156361,3,8
156350,156358,156361,3,8
156350,156358,156361,3,8
156350,156359,156362,3,9
156350,156358,156362,4,8
156350,156359,156362,3,9
156350,156359,156361,2,9
156350,156359,156362,3,9
156350,156359,156362,3,9
156350,156359,156362,3,9
156350,156359,156362,3,9
156350,156359,156362,3,9
156350,156359,156362,3,9
156350,156358,156362,4,8
156350,156358,156362,4,8
156350,156358,156362,4,8
156350,156359,156363,4,9
156350,156359,156363,4,9
156350,156359,156362,3,9
156350,156360,156363,3,10
156350,156360,156363,3,10
156350,156360,156363,3,10
156350,156360,156363,3,10
156350,156361,156363,2,11
156350,156359,156363,4,9
156350,156359,156363,4,9
156350,156361,156364,3,11
156350,156361,156363,2,11
156350,156361,156363,2,11
156350,156359,156363,4,9
156350,156358,156363,5,8
156350,156359,156363,4,9
156350,156361,156363,2,11
156350,156361,156363,2,11
156350,156362,156364,2,12
156350,156360,156364,4,10
156350,156361,156364,3,11
156350,156362,156364,2,12
155465,155472,156364,892,7
156350,156360,156364,4,10
156350,156360,156364,4,10
156350,156360,156363,3,10
156350,156360,156364,4,10
156350,156360,156364,4,10
156350,156361,156364,3,11
156350,156361,156364,3,11
156350,156361,156364,3,11
156350,156360,156364,4,10
156350,156360,156364,4,10
156350,156361,156364,3,11
156350,156359,156364,5,9
156350,156362,156364,2,12
156350,156360,156364,4,10
156350,156360,156364,4,10
156350,156362,156364,2,12
156350,156361,156364,3,11
156350,156361,156364,3,11
156350,156361,156364,3,11
156350,156361,156364,3,11
156350,156361,156364,3,11
156350,156361,156364,3,11
156350,156361,156364,3,11
156350,156361,156364,3,11
156350,156361,156364,3,11
156350,156361,156364,3,11
156350,156361,156364,3,11
156350,156361,156364,3,11
156350,156361,156364,3,11
156350,156362,156364,2,12
156350,156362,156364,2,12
155453,155460,156365,905,7
156350,156362,156365,3,12
156350,156362,156365,3,12
156350,156362,156365,3,12
156350,156362,156365,3,12
156350,156362,156365,3,12
156350,156363,156365,2,13
156350,156363,156366,3,13
156350,156363,156366,3,13
156350,156361,156365,4,11
156350,156363,156366,3,13
156350,156363,156366,3,13
156350,156363,156365,2,13
156350,156363,156365,2,13
156350,156363,156366,3,13
156350,156363,156366,3,13
156351,156363,156366,3,12
156351,156363,156366,3,12
156351,156365,156366,1,14
156351,156364,156366,2,13
156351,156364,156367,3,13
156351,156365,156366,1,14
156351,156365,156366,1,14
156351,156365,156366,1,14
156351,156365,156367,2,14
156351,156364,156367,3,13
156351,156364,156367,3,13
156351,156364,156367,3,13
156351,156365,156366,1,14
156351,156365,156366,1,14
156351,156365,156368,3,14
156351,156365,156367,2,14
156351,156365,156367,2,14
156351,156365,156367,2,14
156351,156364,156367,3,13
156351,156365,156368,3,14
156351,156365,156367,2,14
156351,156364,156368,4,13
156351,156364,156367,3,13
156351,156365,156367,2,14
156351,156365,156368,3,14
156351,156365,156367,2,14
156351,156364,156368,4,13
156351,156364,156367,3,13
156351,156365,156368,3,14
156351,156364,156367,3,13
156351,156365,156368,3,14
156351,156364,156368,4,13
156351,156364,156367,3,13
156351,156364,156367,3,13
156351,156365,156368,3,14
156351,156364,156368,4,13
156351,156364,156367,3,13
156351,156366,156368,2,15
156351,156366,156368,2,15
156351,156364,156368,4,13
156351,156364,156368,4,13
156351,156364,156368,4,13
156351,156365,156369,4,14
156351,156366,156368,2,15
156351,156365,156368,3,14
156351,156365,156368,3,14
156351,156365,156368,3,14
156351,156366,156369,3,15
156351,156365,156368,3,14
156351,156365,156368,3,14
156351,156366,156369,3,15
156351,156365,156369,4,14
156351,156365,156369,4,14
156351,156365,156368,3,14
156351,156365,156369,4,14
156351,156365,156368,3,14
156351,156366,156368,2,15
156351,156365,156369,4,14
156351,156366,156369,3,15
156351,156367,156370,3,16
156351,156366,156369,3,15
156351,156366,156369,3,15
156351,156366,156370,4,15
156351,156367,156370,3,16
156351,156367,156370,3,16
156351,156366,156370,4,15
156351,156366,156369,3,15
156351,156365,156369,4,14
156351,156368,156370,2,17
156351,156366,156370,4,15
156351,156367,156370,3,16
156351,156366,156370,4,15
156351,156366,156370,4,15
156351,156368,156370,2,17
156351,156368,156370,2,17
156351,156368,156371,3,17
156351,156369,156370,1,18
156351,156369,156371,2,18
156351,156368,156370,2,17
156351,156369,156371,2,18
156351,156367,156370,3,16
156351,156367,156370,3,16
156351,156367,156370,3,16
156351,156368,156371,3,17
156351,156368,156371,3,17
156351,156367,156370,3,16
156351,156367,156370,3,16
156351,156368,156371,3,17
156351,156368,156371,3,17
156351,156366,156370,4,15
156351,156367,156370,3,16
156351,156368,156371,3,17
156351,156368,156371,3,17
156351,156368,156371,3,17
156351,156367,156370,3,16
156351,156367,156370,3,16
156351,156368,156371,3,17
156351,156367,156370,3,16
156351,156367,156370,3,16
156351,156368,156371,3,17
156351,156368,156371,3,17
156351,156368,156371,3,17
156351,156368,156371,3,17
156351,156369,156371,2,18
156351,156369,156371,2,18
156351,156369,156371,2,18
156351,156368,156371,3,17
156351,156369,156372,3,18
156351,156369,156372,3,18
156351,156368,156371,3,17
156351,156368,156372,4,17
156351,156369,156371,2,18
156351,156369,156372,3,18
156351,156368,156372,4,17
156351,156368,156371,3,17
156351,156368,156371,3,17
156351,156368,156371,3,17
156351,156369,156371,2,18
156351,156368,156371,3,17
156351,156369,156372,3,18
156408,156409,156411,2,1
156408,156409,156410,1,1
156408,156409,156411,2,1
155546,155553,156412,859,7
156408,156409,156412,3,1
156408,156409,156411,2,1
156408,156409,156411,2,1
156408,156409,156411,2,1
156408,156409,156412,3,1
156408,156409,156412,3,1
156408,156409,156412,3,1
156408,156409,156412,3,1
156408,156409,156412,3,1
156408,156409,156412,3,1
156408,156409,156412,3,1
156408,156409,156413,4,1
156408,156409,156413,4,1
156408,156409,156413,4,1
156408,156409,156413,4,1
156408,156409,156413,4,1
156408,156409,156412,3,1
156408,156409,156413,4,1
156408,156409,156413,4,1
156408,156409,156413,4,1
156408,156409,156413,4,1
156408,156409,156412,3,1
156408,156409,156412,3,1
156408,156409,156413,4,1
156408,156409,156413,4,1
156408,156409,156413,4,1
156408,156409,156413,4,1
156408,156409,156413,4,1
156408,156409,156413,4,1
156408,156409,156412,3,1
156408,156409,156412,3,1
156408,156409,156413,4,1
156408,156409,156413,4,1
156408,156409,156412,3,1
156408,156409,156412,3,1
156408,156409,156412,3,1
156408,156409,156413,4,1
156408,156411,156412,1,3
156408,156409,156413,4,1
156408,156409,156412,3,1
156408,156409,156413,4,1
156408,156409,156412,3,1
156408,156409,156413,4,1
156408,156409,156413,4,1
156408,156411,156413,2,3
156408,156409,156413,4,1
156408,156409,156413,4,1
156408,156409,156414,5,1
156408,156409,156414,5,1
156408,156409,156413,4,1
156408,156409,156413,4,1
156408,156409,156413,4,1
156408,156411,156413,2,3
156408,156409,156414,5,1
156408,156409,156414,5,1
156408,156412,156414,2,4
156408,156409,156413,4,1
156408,156409,156414,5,1
156408,156409,156413,4,1
156408,156409,156413,4,1
156408,156409,156413,4,1
156408,156409,156413,4,1
156408,156409,156414,5,1
156408,156409,156413,4,1
156408,156412,156414,2,4
156408,156409,156414,5,1
156408,156409,156414,5,1
156408,156409,156413,4,1
156408,156409,156413,4,1
156408,156409,156414,5,1
156408,156409,156414,5,1
156408,156413,156415,2,5
156408,156413,156415,2,5
156408,156412,156415,3,4
156408,156412,156415,3,4
156408,156412,156415,3,4
156408,156412,156415,3,4
156408,156413,156416,3,5
156408,156413,156416,3,5
156408,156413,156416,3,5
156408,156413,156416,3,5
156408,156413,156416,3,5
156408,156413,156416,3,5
156408,156413,156416,3,5
156409,156414,156415,1,5
156408,156412,156415,3,4
156408,156413,156416,3,5
156408,156412,156416,4,4
156408,156413,156416,3,5
156408,156413,156416,3,5
156408,156413,156416,3,5
156408,156413,156416,3,5
156408,156413,156416,3,5
156408,156413,156416,3,5
156408,156413,156416,3,5
156408,156413,156416,3,5
156408,156413,156416,3,5
156409,156414,156416,2,5
156408,156413,156416,3,5
156408,156413,156416,3,5
156408,156413,156416,3,5
156408,156413,156416,3,5
156408,156413,156416,3,5
156408,156414,156416,2,6
156409,156415,156417,2,6
156408,156413,156416,3,5
156408,156413,156416,3,5
156408,156414,156416,2,6
156409,156414,156417,3,5
156409,156414,156417,3,5
156408,156413,156416,3,5
156409,156414,156417,3,5
156408,156413,156417,4,5
156408,156413,156417,4,5
156408,156413,156417,4,5
156408,156413,156416,3,5
156408,156413,156417,4,5
156408,156413,156417,4,5
156409,156414,156417,3,5
156408,156413,156417,4,5
156409,156414,156417,3,5
156409,156414,156417,3,5
156409,156414,156417,3,5
156408,156413,156417,4,5
156408,156413,156417,4,5
156409,156414,156417,3,5
156408,156413,156417,4,5
156408,156413,156417,4,5
156409,156415,156417,2,6
156409,156414,156418,4,5
156409,156414,156417,3,5
156409,156414,156417,3,5
156409,156414,156418,4,5
156409,156414,156418,4,5
156409,156416,156418,2,7
156409,156416,156418,2,7
156409,156416,156417,1,7
156409,156416,156418,2,7
156409,156416,156418,2,7
156409,156416,156417,1,7
156409,156414,156418,4,5
156409,156414,156419,5,5
156409,156415,156419,4,6
156409,156416,156418,2,7
156409,156414,156418,4,5
156409,156416,156418,2,7
156409,156414,156418,4,5
156409,156414,156418,4,5
156409,156414,156418,4,5
156409,156416,156418,2,7
156409,156414,156418,4,5
156409,156415,156418,3,6
156409,156416,156419,3,7
156409,156416,156419,3,7
156409,156417,156419,2,8
156409,156417,156419,2,8
156409,156414,156419,5,5
156409,156417,156419,2,8
156409,156417,156420,3,8
156409,156417,156420,3,8
156409,156417,156419,2,8
156409,156414,156419,5,5
156409,156417,156419,2,8
156409,156417,156420,3,8
156409,156417,156420,3,8
156409,156417,156420,3,8
156409,156417,156420,3,8
156409,156416,156420,4,7
156409,156416,156420,4,7
156409,156417,156420,3,8
156409,156417,156421,4,8
156409,156417,156420,3,8
156409,156419,156421,2,10
156409,156417,156420,3,8
156409,156417,156420,3,8
156409,156417,156420,3,8
156409,156417,156420,3,8
156409,156418,156421,3,9
156409,156418,156421,3,9
156409,156417,156421,4,8
156409,156417,156421,4,8
156409,156417,156422,5,8
156409,156418,156421,3,9
156409,156418,156421,3,9
156409,156417,156421,4,8
156409,156417,156421,4,8
156409,156418,156421,3,9
156409,156418,156421,3,9
156409,156417,156421,4,8
156409,156417,156421,4,8
156409,156417,156421,4,8
156409,156419,156422,3,10
156409,156419,156421,2,10
156409,156419,156421,2,10
156409,156419,156421,2,10
156409,156417,156421,4,8
156409,156418,156421,3,9
156409,156418,156421,3,9
156409,156418,156421,3,9
156409,156418,156421,3,9
156409,156418,156421,3,9
156409,156418,156421,3,9
156409,156418,156421,3,9
156409,156419,156422,3,10
156409,156420,156421,1,11
156409,156420,156422,2,11
156409,156420,156422,2,11
156409,156418,156422,4,9
156409,156418,156421,3,9
156409,156419,156422,3,10
156409,156419,156422,3,10
156409,156419,156422,3,10
156409,156419,156421,2,10
156409,156418,156422,4,9
156409,156420,156422,2,11
156409,156417,156422,5,8
156409,156419,156422,3,10
156409,156419,156422,3,10
156409,156419,156422,3,10
156409,156420,156423,3,11
156409,156419,156422,3,10
156409,156419,156422,3,10
156409,156419,156422,3,10
156409,156419,156422,3,10
156409,156419,156422,3,10
156409,156420,156422,2,11
156409,156420,156422,2,11
156409,156418,156422,4,9
156409,156419,156422,3,10
156409,156420,156422,2,11
156409,156420,156423,3,11
156409,156420,156423,3,11
156409,156420,156423,3,11
156409,156420,156423,3,11
156409,156421,156423,2,12
156409,156420,156423,3,11
156409,156420,156423,3,11
156459,156459,156461,2,0
156459,156459,156461,2,0
156459,156459,156461,2,0
156459,156459,156461,2,0
156459,156460,156462,2,1
156459,156459,156463,4,0
156459,156460,156463,3,1
156459,156459,156462,3,0
156459,156459,156462,3,0
156459,156460,156462,2,1
156459,156459,156462,3,0
156459,156460,156462,2,1
156459,156460,156463,3,1
156459,156460,156462,2,1
156459,156459,156463,4,0
156459,156459,156462,3,0
156459,156460,156463,3,1
156459,156459,156463,4,0
156459,156459,156463,4,0
156459,156459,156463,4,0
156459,156460,156463,3,1
156459,156460,156463,3,1
156459,156459,156463,4,0
156459,156459,156463,4,0
156459,156460,156463,3,1
156459,156460,156463,3,1
156459,156459,156463,4,0
156459,156459,156463,4,0
156459,156460,156463,3,1
156459,156459,156463,4,0
156459,156459,156463,4,0
156459,156459,156464,5,0
156459,156460,156463,3,1
156459,156459,156464,5,0
156459,156459,156463,4,0
156459,156459,156463,4,0
156459,156460,156463,3,1
156459,156459,156463,4,0
156459,156459,156463,4,0
156459,156460,156464,4,1
156459,156459,156463,4,0
156459,156459,156464,5,0
156459,156460,156463,3,1
156459,156459,156463,4,0
156459,156459,156463,4,0
156459,156460,156463,3,1
156459,156459,156464,5,0
156459,156460,156464,4,1
156459,156460,156464,4,1
156459,156459,156464,5,0
156459,156460,156463,3,1
156459,156460,156464,4,1
156459,156460,156464,4,1
156459,156460,156463,3,1
156459,156460,156465,5,1
156459,156460,156464,4,1
156459,156463,156465,2,4
156459,156459,156464,5,0
156459,156460,156464,4,1
156459,156460,156465,5,1
156459,156463,156464,1,4
156459,156460,156465,5,1
156459,156460,156464,4,1
156459,156460,156464,4,1
156459,156459,156464,5,0
156459,156460,156464,4,1
156459,156460,156464,4,1
156459,156460,156464,4,1
156459,156462,156465,3,3
156459,156460,156464,4,1
156459,156459,156464,5,0
156459,156460,156465,5,1
156459,156460,156464,4,1
156459,156462,156465,3,3
156459,156462,156465,3,3
156459,156462,156465,3,3
156459,156463,156465,2,4
156459,156463,156466,3,4
156459,156463,156466,3,4
156459,156463,156465,2,4
156459,156463,156466,3,4
156459,156462,156466,4,3
156459,156463,156466,3,4
156459,156463,156466,3,4
156459,156464,156467,3,5
156459,156464,156466,2,5
156459,156464,156467,3,5
156459,156464,156466,2,5
156459,156464,156467,3,5
156459,156464,156467,3,5
156459,156464,156467,3,5
156459,156464,156467,3,5
156459,156464,156467,3,5
156459,156463,156466,3,4
156459,156464,156466,2,5
156459,156464,156466,2,5
156459,156464,156466,2,5
156459,156464,156467,3,5
156459,156464,156467,3,5
156459,156463,156466,3,4
156459,156464,156467,3,5
156459,156464,156466,2,5
156459,156464,156466,2,5
156459,156463,156467,4,4
156459,156464,156467,3,5
156459,156464,156467,3,5
156459,156464,156466,2,5
156459,156464,156467,3,5
156459,156464,156467,3,5
156459,156464,156468,4,5
156459,156464,156467,3,5
156459,156464,156468,4,5
156459,156464,156468,4,5
156459,156464,156467,3,5
156459,156464,156467,3,5
156459,156464,156467,3,5
156459,156464,156467,3,5
156459,156464,156467,3,5
156459,156464,156467,3,5
156459,156464,156468,4,5
155679,155687,156488,801,8
155629,155636,156490,854,7
156509,156510,156512,2,1
156509,156510,156512,2,1
156509,156510,156512,2,1
156509,156510,156513,3,1
156509,156510,156513,3,1
156509,156510,156512,2,1
156509,156510,156513,3,1
156509,156510,156513,3,1
156509,156510,156513,3,1
156509,156510,156513,3,1
156509,156510,156513,3,1
156509,156510,156512,2,1
156509,156510,156513,3,1
156509,156510,156513,3,1
156509,156510,156513,3,1
156509,156510,156514,4,1
156509,156510,156514,4,1
156509,156510,156514,4,1
156509,156510,156514,4,1
156509,156510,156513,3,1
156509,156510,156514,4,1
156509,156510,156513,3,1
156509,156510,156513,3,1
156509,156510,156513,3,1
156509,156510,156514,4,1
156509,156510,156513,3,1
156509,156510,156514,4,1
156509,156510,156514,4,1
156509,156510,156514,4,1
156509,156510,156514,4,1
156509,156510,156514,4,1
156509,156510,156513,3,1
156509,156510,156514,4,1
156509,156510,156514,4,1
156509,156510,156514,4,1
156509,156510,156514,4,1
156509,156510,156514,4,1
156509,156510,156514,4,1
156509,156510,156513,3,1
156509,156510,156513,3,1
156509,156510,156513,3,1
156509,156510,156514,4,1
156509,156510,156513,3,1
156509,156510,156513,3,1
156509,156510,156514,4,1
156509,156510,156514,4,1
156509,156510,156513,3,1
156509,156510,156514,4,1
156509,156510,156515,5,1
156509,156510,156514,4,1
156509,156510,156514,4,1
156509,156510,156515,5,1
156509,156510,156514,4,1
156509,156510,156514,4,1
156509,156510,156515,5,1
156509,156510,156514,4,1
156509,156510,156514,4,1
156509,156510,156514,4,1
156509,156510,156515,5,1
156509,156512,156515,3,3
156509,156510,156514,4,1
156509,156510,156514,4,1
156509,156512,156514,2,3
156509,156510,156514,4,1
156509,156510,156514,4,1
156509,156510,156515,5,1
156509,156510,156515,5,1
156509,156510,156514,4,1
156509,156510,156515,5,1
156509,156510,156514,4,1
156509,156510,156514,4,1
156509,156510,156514,4,1
156509,156513,156515,2,4
156509,156510,156514,4,1
156509,156510,156514,4,1
156509,156512,156514,2,3
156509,156513,156515,2,4
156509,156513,156516,3,4
156509,156513,156516,3,4
156509,156514,156516,2,5
156509,156513,156516,3,4
156509,156513,156516,3,4
156509,156514,156516,2,5
156509,156513,156515,2,4
156509,156513,156516,3,4
156509,156514,156517,3,5
156509,156514,156516,2,5
156509,156513,156516,3,4
156509,156514,156517,3,5
156509,156514,156517,3,5
156509,156514,156516,2,5
156509,156514,156516,2,5
156509,156514,156517,3,5
156509,156513,156516,3,4
156509,156514,156516,2,5
156509,156514,156517,3,5
156509,156514,156517,3,5
156509,156514,156517,3,5
156509,156514,156517,3,5
156509,156514,156517,3,5
156509,156514,156517,3,5
156509,156514,156517,3,5
156509,156514,156517,3,5
156509,156514,156517,3,5
156509,156514,156517,3,5
156509,156514,156517,3,5
156509,156514,156517,3,5
156509,156514,156516,2,5
156509,156514,156517,3,5
156509,156514,156517,3,5
156509,156514,156517,3,5
156509,156515,156517,2,6
156509,156514,156517,3,5
156509,156514,156518,4,5
156509,156514,156518,4,5
156509,156514,156518,4,5
156509,156515,156518,3,6
156509,156515,156518,3,6
156509,156515,156518,3,6
156509,156514,156518,4,5
156509,156514,156518,4,5
156509,156514,156518,4,5
156509,156514,156518,4,5
156509,156515,156518,3,6
156509,156514,156518,4,5
156509,156515,156518,3,6
156509,156515,156518,3,6
156509,156515,156518,3,6
156509,156515,156518,3,6
156509,156515,156518,3,6
156509,156515,156519,4,6
156509,156515,156518,3,6
156509,156515,156519,4,6
156509,156515,156518,3,6
156509,156515,156519,4,6
156509,156515,156519,4,6
156509,156517,156519,2,8
156509,156515,156519,4,6
156509,156515,156519,4,6
156509,156515,156519,4,6
156509,156515,156519,4,6
156509,156515,156519,4,6
156509,156515,156519,4,6
156509,156515,156519,4,6
156509,156515,156519,4,6
156509,156516,156520,4,7
156509,156516,156520,4,7
156509,156517,156520,3,8
156509,156517,156520,3,8
156509,156516,156520,4,7
156509,156515,156520,5,6
156509,156515,156519,4,6
156509,156517,156520,3,8
156509,156516,156520,4,7
156509,156515,156520,5,6
156509,156517,156519,2,8
156509,156517,156519,2,8
156509,156516,156520,4,7
156509,156517,156520,3,8
156509,156518,156520,2,9
156509,156516,156520,4,7
156509,156517,156520,3,8
156509,156517,156520,3,8
156509,156515,156520,5,6
156509,156516,156520,4,7
156509,156517,156520,3,8
156509,156516,156520,4,7
156509,156518,156520,2,9
156509,156518,156521,3,9
156509,156518,156521,3,9
156509,156516,156520,4,7
156509,156518,156520,2,9
156509,156518,156521,3,9
156509,156518,156521,3,9
156509,156518,156521,3,9
156509,156517,156521,4,8
156509,156517,156521,4,8
156509,156517,156521,4,8
156509,156518,156521,3,9
156509,156517,156521,4,8
156509,156518,156521,3,9
156509,156518,156521,3,9
156509,156518,156521,3,9
156509,156518,156521,3,9
156509,156518,156521,3,9
156509,156517,156521,4,8
156509,156518,156521,3,9
156509,156518,156521,3,9
156509,156517,156521,4,8
156509,156520,156522,2,11
156509,156517,156521,4,8
156509,156517,156521,4,8
156509,156518,156521,3,9
156509,156518,156521,3,9
156509,156520,156522,2,11
156509,156518,156521,3,9
156509,156519,156522,3,10
156509,156520,156522,2,11
156509,156519,156522,3,10
156509,156518,156522,4,9
156509,156519,156522,3,10
156509,156519,156522,3,10
156509,156520,156523,3,11
156509,156520,156522,2,11
156509,156520,156522,2,11
156509,156519,156522,3,10
156509,156519,156522,3,10
156509,156519,156522,3,10
156509,156519,156522,3,10
156509,156518,156522,4,9
156509,156519,156522,3,10
156509,156520,156522,2,11
156509,156519,156522,3,10
156509,156519,156522,3,10
156509,156519,156522,3,10
156509,156518,156522,4,9
156509,156520,156522,2,11
156509,156521,156523,2,12
156509,156520,156522,2,11
156509,156520,156523,3,11
156509,156520,156523,3,11
156509,156520,156523,3,11
156509,156520,156523,3,11
156509,156520,156523,3,11
156509,156521,156523,2,12
156509,156521,156524,3,12
156509,156521,156523,2,12
156520,156522,156523,1,2
156509,156520,156523,3,11
156509,156521,156523,2,12
156509,156521,156523,2,12
156509,156521,156524,3,12
156509,156521,156523,2,12
156509,156521,156524,3,12
156509,156521,156523,2,12
156509,156521,156523,2,12
156509,156521,156523,2,12
156509,156520,156524,4,11
156509,156520,156524,4,11
156520,156523,156525,2,3
156509,156521,156524,3,12
156509,156521,156524,3,12
156520,156522,156524,2,2
156520,156523,156524,1,3
156520,156523,156525,2,3
156520,156522,156524,2,2
156520,156522,156524,2,2
156520,156522,156524,2,2
156520,156522,156525,3,2
156520,156523,156525,2,3
156520,156521,156524,3,1
156520,156521,156524,3,1
156520,156521,156525,4,1
156520,156521,156524,3,1
156520,156521,156524,3,1
156520,156522,156525,3,2
156520,156523,156525,2,3
156520,156521,156525,4,1
156520,156521,156525,4,1
156520,156523,156525,2,3
156520,156521,156526,5,1
156520,156522,156525,3,2
156520,156522,156525,3,2
156520,156522,156525,3,2
156520,156522,156525,3,2
156520,156522,156525,3,2
156520,156522,156525,3,2
156520,156522,156526,4,2
156520,156522,156526,4,2
156520,156522,156525,3,2
156520,156522,156525,3,2
156520,156523,156525,2,3
156520,156523,156526,3,3
156520,156522,156525,3,2
156520,156522,156526,4,2
156520,156522,156525,3,2
156520,156523,156525,2,3
156520,156523,156526,3,3
156520,156523,156525,2,3
156520,156523,156525,2,3
156520,156522,156525,3,2
156520,156522,156525,3,2
156520,156523,156526,3,3
156520,156523,156526,3,3
156520,156523,156527,4,3
156520,156523,156526,3,3
156520,156523,156527,4,3
156520,156524,156526,2,4
156520,156523,156526,3,3
156520,156524,156526,2,4
156520,156523,156526,3,3
156520,156523,156526,3,3
156520,156523,156526,3,3
156520,156524,156527,3,4
156520,156524,156526,2,4
156520,156524,156526,2,4
156520,156524,156527,3,4
156520,156523,156526,3,3
156520,156524,156527,3,4
156520,156523,156527,4,3
156520,156525,156527,2,5
156520,156526,156528,2,6
156520,156525,156527,2,5
156520,156526,156527,1,6
156520,156526,156527,1,6
156520,156526,156527,1,6
156520,156526,156527,1,6
156520,156523,156527,4,3
156520,156524,156527,3,4
156520,156524,156527,3,4
156520,156524,156528,4,4
156520,156524,156527,3,4
156520,156524,156527,3,4
156520,156525,156527,2,5
156520,156524,156527,3,4
156520,156525,156528,3,5
156520,156525,156527,2,5
156520,156525,156527,2,5
156520,156525,156528,3,5
156520,156526,156528,2,6
156520,156524,156527,3,4
156520,156524,156527,3,4
156520,156525,156528,3,5
156520,156525,156527,2,5
156520,156525,156528,3,5
156520,156526,156528,2,6
156520,156526,156528,2,6
156520,156527,156529,2,7
156520,156527,156529,2,7
156520,156526,156528,2,6
156520,156525,156528,3,5
156520,156526,156529,3,6
156520,156526,156528,2,6
156520,156525,156528,3,5
156520,156525,156529,4,5
156520,156525,156528,3,5
156520,156525,156528,3,5
156520,156526,156529,3,6
156520,156526,156529,3,6
156520,156525,156528,3,5
156520,156525,156529,4,5
156520,156526,156528,2,6
156520,156526,156528,2,6
156520,156526,156528,2,6
156520,156526,156529,3,6
156520,156526,156529,3,6
156520,156525,156528,3,5
156520,156525,156529,4,5
156520,156525,156528,3,5
156520,156526,156529,3,6
156520,156526,156529,3,6
156520,156526,156529,3,6
156520,156527,156529,2,7
156520,156527,156530,3,7
156520,156527,156530,3,7
156520,156527,156529,2,7
156520,156526,156529,3,6
156520,156526,156529,3,6
156520,156526,156529,3,6
156520,156526,156529,3,6
155747,155754,156622,868,7
156624,156625,156627,2,1
156624,156625,156627,2,1
156624,156625,156628,3,1
156624,156625,156628,3,1
156624,156625,156627,2,1
156624,156625,156629,4,1
156624,156625,156628,3,1
156624,156625,156629,4,1
156624,156625,156628,3,1
156624,156625,156628,3,1
156624,156625,156628,3,1
156624,156625,156629,4,1
156624,156625,156628,3,1
156624,156625,156628,3,1
156624,156625,156628,3,1
156624,156625,156629,4,1
156624,156625,156628,3,1
156624,156625,156628,3,1
156624,156625,156628,3,1
156624,156625,156628,3,1
156624,156625,156629,4,1
156624,156625,156629,4,1
156624,156625,156629,4,1
156624,156625,156629,4,1
156624,156625,156628,3,1
156624,156625,156629,4,1
156624,156625,156628,3,1
156624,156625,156628,3,1
156624,156625,156628,3,1
156624,156625,156629,4,1
156624,156625,156628,3,1
156624,156625,156628,3,1
156624,156625,156628,3,1
156624,156625,156628,3,1
156624,156625,156628,3,1
156624,156625,156628,3,1
156624,156625,156628,3,1
156624,156625,156629,4,1
156624,156625,156629,4,1
156624,156625,156629,4,1
156624,156625,156629,4,1
156624,156625,156629,4,1
156624,156625,156629,4,1
156624,156625,156629,4,1
156624,156625,156629,4,1
156624,156625,156630,5,1
156624,156625,156629,4,1
156624,156625,156629,4,1
156624,156625,156629,4,1
156624,156625,156629,4,1
156624,156625,156630,5,1
156624,156625,156629,4,1
156624,156625,156630,5,1
156624,156625,156629,4,1
156624,156625,156630,5,1
156624,156625,156629,4,1
156624,156625,156629,4,1
156624,156625,156629,4,1
156624,156625,156629,4,1
156624,156625,156629,4,1
156624,156625,156629,4,1
156624,156625,156630,5,1
156624,156625,156630,5,1
156624,156625,156629,4,1
156624,156625,156629,4,1
156624,156625,156629,4,1
156624,156625,156629,4,1
156624,156625,156630,5,1
156624,156625,156629,4,1
156624,156625,156629,4,1
156624,156628,156631,3,4
156624,156628,156631,3,4
156624,156628,156631,3,4
156624,156628,156631,3,4
156624,156625,156630,5,1
156624,156628,156631,3,4
156624,156625,156630,5,1
156624,156625,156631,6,1
156624,156629,156632,3,5
156624,156629,156632,3,5
156624,156629,156632,3,5
156624,156629,156632,3,5
156624,156629,156632,3,5
156624,156629,156632,3,5
156624,156629,156632,3,5
156624,156629,156632,3,5
156624,156629,156632,3,5
156624,156630,156632,2,6
156624,156629,156632,3,5
156624,156629,156632,3,5
156624,156629,156632,3,5
156624,156629,156632,3,5
156624,156629,156633,4,5
156624,156629,156632,3,5
156624,156629,156632,3,5
156624,156630,156633,3,6
156624,156629,156632,3,5
156624,156629,156633,4,5
156624,156630,156633,3,6
156624,156629,156632,3,5
156624,156629,156632,3,5
156624,156629,156632,3,5
156624,156629,156633,4,5
156624,156630,156633,3,6
156624,156630,156633,3,6
156624,156629,156632,3,5
156624,156629,156633,4,5
156624,156630,156633,3,6
156624,156629,156632,3,5
156624,156630,156633,3,6
156624,156629,156632,3,5
156624,156629,156633,4,5
156624,156629,156633,4,5
156624,156629,156632,3,5
156624,156629,156632,3,5
156624,156630,156633,3,6
156624,156629,156633,4,5
156624,156629,156633,4,5
156624,156630,156633,3,6
156624,156630,156633,3,6
155794,155801,156689,888,7
156690,156691,156693,2,1
156690,156691,156694,3,1
156690,156691,156693,2,1
156690,156691,156694,3,1
156690,156691,156694,3,1
156690,156691,156694,3,1
156690,156691,156694,3,1
156690,156691,156695,4,1
156690,156691,156694,3,1
156690,156691,156695,4,1
156690,156691,156695,4,1
156690,156691,156694,3,1
156690,156691,156694,3,1
156690,156691,156695,4,1
156690,156691,156694,3,1
156690,156691,156695,4,1
156690,156691,156695,4,1
156690,156691,156694,3,1
156690,156691,156695,4,1
156690,156691,156695,4,1
156690,156691,156695,4,1
156690,156691,156695,4,1
156690,156691,156695,4,1
156690,156691,156695,4,1
156690,156691,156695,4,1
156690,156691,156695,4,1
156690,156691,156695,4,1
156690,156691,156695,4,1
156690,156691,156695,4,1
156690,156691,156694,3,1
156690,156691,156695,4,1
156690,156691,156695,4,1
156690,156691,156695,4,1
156690,156691,156695,4,1
156690,156691,156695,4,1
156690,156691,156695,4,1
156690,156691,156695,4,1
156690,156691,156696,5,1
156690,156691,156695,4,1
156690,156691,156695,4,1
156690,156691,156696,5,1
156690,156691,156695,4,1
156690,156693,156695,2,3
156690,156691,156696,5,1
156690,156691,156696,5,1
156690,156691,156695,4,1
156690,156691,156696,5,1
156690,156691,156695,4,1
156690,156691,156695,4,1
156690,156691,156695,4,1
156690,156691,156695,4,1
156690,156691,156696,5,1
156690,156691,156696,5,1
156690,156691,156695,4,1
156690,156691,156695,4,1
156690,156691,156696,5,1
156690,156691,156695,4,1
156690,156691,156695,4,1
156690,156691,156696,5,1
156690,156691,156695,4,1
156690,156691,156695,4,1
156690,156691,156695,4,1
156690,156691,156696,5,1
156690,156691,156696,5,1
156690,156691,156696,5,1
156690,156691,156696,5,1
156690,156691,156696,5,1
156690,156691,156696,5,1
156690,156691,156696,5,1
156690,156691,156696,5,1
156690,156694,156697,3,4
156690,156691,156697,6,1
156690,156694,156697,3,4
156690,156691,156696,5,1
156690,156694,156697,3,4
156690,156691,156696,5,1
156690,156694,156697,3,4
156690,156691,156697,6,1
156690,156691,156696,5,1
156690,156695,156698,3,5
156690,156695,156698,3,5
156690,156695,156698,3,5
156690,156695,156698,3,5
156690,156695,156698,3,5
156690,156695,156698,3,5
156690,156694,156698,4,4
156690,156694,156698,4,4
156690,156695,156698,3,5
156690,156695,156698,3,5
156690,156695,156698,3,5
156690,156695,156699,4,5
156690,156696,156699,3,6
156690,156695,156698,3,5
156690,156695,156699,4,5
156690,156695,156699,4,5
156690,156695,156699,4,5
156690,156695,156698,3,5
156690,156695,156699,4,5
156690,156695,156699,4,5
156690,156695,156698,3,5
156690,156696,156699,3,6
156690,156695,156699,4,5
156690,156695,156698,3,5
156690,156696,156699,3,6
156690,156695,156699,4,5
156690,156695,156699,4,5
156690,156696,156699,3,6
156690,156696,156699,3,6
156690,156695,156699,4,5
156690,156695,156699,4,5
156690,156696,156699,3,6
156690,156695,156698,3,5
156690,156696,156699,3,6
156690,156696,156699,3,6
156690,156696,156699,3,6
156690,156696,156699,3,6
156690,156696,156699,3,6
156690,156696,156700,4,6
156690,156696,156700,4,6
156690,156696,156700,4,6
155886,155893,156757,864,7
156758,156758,156760,2,0
156758,156758,156761,3,0
156758,156758,156760,2,0
156758,156758,156761,3,0
156758,156758,156761,3,0
156758,156758,156761,3,0
156758,156758,156761,3,0
156758,156758,156762,4,0
156758,156758,156762,4,0
156758,156758,156762,4,0
156758,156758,156762,4,0
156758,156758,156762,4,0
156758,156758,156762,4,0
156758,156758,156762,4,0
156758,156758,156762,4,0
156758,156758,156762,4,0
156758,156758,156762,4,0
156758,156758,156762,4,0
156758,156758,156762,4,0
156758,156758,156762,4,0
156758,156758,156762,4,0
156758,156758,156762,4,0
156758,156758,156762,4,0
156758,156758,156762,4,0
156758,156758,156762,4,0
156758,156758,156762,4,0
156758,156758,156762,4,0
156758,156758,156762,4,0
156758,156758,156762,4,0
156758,156758,156762,4,0
156758,156758,156762,4,0
156758,156758,156763,5,0
156758,156759,156762,3,1
156758,156758,156762,4,0
156758,156758,156763,5,0
156758,156758,156763,5,0
156758,156758,156762,4,0
156758,156758,156763,5,0
156758,156758,156763,5,0
156758,156758,156762,4,0
156758,156758,156763,5,0
156758,156758,156763,5,0
156758,156758,156763,5,0
156758,156758,156763,5,0
156758,156758,156763,5,0
156758,156758,156763,5,0
156758,156758,156763,5,0
156758,156758,156764,6,0
156758,156758,156763,5,0
156758,156758,156763,5,0
156758,156758,156763,5,0
156758,156758,156763,5,0
156758,156758,156763,5,0
156758,156758,156763,5,0
156758,156758,156763,5,0
156758,156758,156763,5,0
156758,156758,156763,5,0
156758,156758,156763,5,0
156758,156758,156763,5,0
156758,156758,156763,5,0
156758,156758,156764,6,0
156758,156758,156764,6,0
156758,156758,156763,5,0
156758,156759,156764,5,1
156758,156758,156763,5,0
156758,156758,156763,5,0
156758,156758,156764,6,0
156758,156758,156763,5,0
156758,156758,156764,6,0
156758,156758,156764,6,0
156758,156758,156764,6,0
156758,156758,156764,6,0
156758,156758,156764,6,0
156758,156759,156764,5,1
156758,156758,156764,6,0
156758,156762,156765,3,4
156758,156760,156765,5,2
156758,156761,156765,4,3
156758,156763,156765,2,5
156758,156763,156766,3,5
156758,156762,156765,3,4
156758,156762,156765,3,4
156758,156763,156766,3,5
156758,156762,156766,4,4
156758,156762,156766,4,4
156758,156762,156766,4,4
156758,156763,156766,3,5
156758,156761,156766,5,3
156758,156763,156766,3,5
156758,156763,156767,4,5
156758,156763,156766,3,5
156758,156763,156766,3,5
156758,156763,156766,3,5
156758,156762,156766,4,4
156758,156762,156766,4,4
156758,156762,156766,4,4
156758,156762,156766,4,4
156758,156762,156766,4,4
156758,156764,156766,2,6
156758,156763,156766,3,5
156758,156763,156766,3,5
156758,156761,156766,5,3
156758,156763,156766,3,5
156758,156763,156766,3,5
156758,156763,156766,3,5
156758,156763,156766,3,5
156758,156763,156766,3,5
156758,156763,156766,3,5
156758,156763,156766,3,5
156758,156763,156767,4,5
156758,156763,156767,4,5
156758,156764,156767,3,6
156758,156762,156767,5,4
156758,156764,156767,3,6
156758,156764,156767,3,6
156758,156764,156767,3,6
156758,156764,156767,3,6
156758,156764,156767,3,6
156758,156764,156767,3,6
156758,156763,156767,4,5
155890,155905,156783,878,15
155986,156011,156794,783,25
156797,156797,156799,2,0
156797,156797,156800,3,0
156797,156797,156799,2,0
156797,156797,156800,3,0
156797,156797,156799,2,0
156797,156797,156800,3,0
156797,156797,156800,3,0
156797,156797,156800,3,0
156797,156797,156801,4,0
156797,156797,156801,4,0
156797,156797,156801,4,0
156797,156797,156801,4,0
156797,156797,156800,3,0
156797,156797,156801,4,0
156797,156797,156801,4,0
156797,156797,156801,4,0
156797,156797,156801,4,0
156797,156797,156801,4,0
156797,156797,156801,4,0
156797,156797,156801,4,0
156797,156797,156801,4,0
156797,156797,156801,4,0
156797,156797,156801,4,0
156797,156797,156801,4,0
156797,156797,156802,5,0
156797,156797,156801,4,0
156797,156797,156802,5,0
156797,156797,156801,4,0
156797,156797,156802,5,0
156797,156797,156802,5,0
156797,156797,156801,4,0
156797,156798,156802,4,1
156797,156797,156801,4,0
156797,156797,156801,4,0
156797,156797,156801,4,0
156797,156797,156802,5,0
156797,156797,156802,5,0
156797,156797,156802,5,0
156797,156797,156801,4,0
156797,156797,156801,4,0
156797,156797,156802,5,0
156797,156797,156802,5,0
156797,156797,156802,5,0
156797,156797,156801,4,0
156797,156797,156801,4,0
156797,156797,156802,5,0
156797,156797,156802,5,0
156797,156797,156802,5,0
156797,156797,156802,5,0
156797,156797,156801,4,0
156797,156797,156802,5,0
156797,156797,156802,5,0
156797,156797,156802,5,0
156797,156797,156802,5,0
156797,156797,156802,5,0
156797,156797,156802,5,0
156797,156798,156802,4,1
156797,156797,156802,5,0
156797,156797,156802,5,0
156797,156797,156802,5,0
156797,156797,156802,5,0
156797,156798,156802,4,1
156797,156797,156803,6,0
156797,156798,156802,4,1
156797,156797,156802,5,0
156797,156798,156803,5,1
156797,156797,156802,5,0
156797,156797,156802,5,0
156797,156797,156803,6,0
156797,156797,156803,6,0
156797,156800,156804,4,3
156797,156797,156803,6,0
156797,156797,156803,6,0
156797,156797,156803,6,0
156797,156797,156803,6,0
156797,156800,156803,3,3
156797,156800,156803,3,3
156797,156800,156803,3,3
156797,156797,156803,6,0
156797,156797,156803,6,0
156797,156800,156804,4,3
156797,156797,156803,6,0
156797,156800,156804,4,3
156797,156799,156804,5,2
156797,156800,156804,4,3
156797,156801,156805,4,4
156797,156802,156805,3,5
156797,156801,156804,3,4
156797,156802,156805,3,5
156797,156801,156804,3,4
156797,156802,156805,3,5
156797,156801,156805,4,4
156797,156802,156805,3,5
156797,156801,156805,4,4
156797,156802,156804,2,5
156797,156801,156805,4,4
156797,156801,156805,4,4
156797,156802,156805,3,5
156797,156802,156805,3,5
156797,156801,156805,4,4
156797,156801,156805,4,4
156797,156803,156806,3,6
156797,156804,156806,2,7
156797,156801,156805,4,4
156797,156801,156805,4,4
156797,156802,156805,3,5
156797,156802,156805,3,5
156797,156804,156805,1,7
156797,156804,156806,2,7
156797,156804,156805,1,7
156797,156802,156806,4,5
156797,156802,156805,3,5
156797,156802,156805,3,5
156797,156802,156805,3,5
156797,156802,156805,3,5
156797,156803,156805,2,6
156797,156802,156805,3,5
156797,156802,156805,3,5
156797,156802,156805,3,5
156797,156802,156805,3,5
156797,156802,156805,3,5
156797,156802,156805,3,5
156797,156802,156805,3,5
156797,156803,156806,3,6
156797,156803,156805,2,6
156797,156802,156805,3,5
156797,156802,156805,3,5
156797,156802,156806,4,5
156797,156803,156806,3,6
156797,156803,156806,3,6
156797,156803,156806,3,6
156797,156804,156806,2,7
156797,156803,156807,4,6
156797,156804,156807,3,7
156797,156804,156807,3,7
156797,156804,156806,2,7
156797,156803,156807,4,6
156797,156804,156807,3,7
156797,156803,156807,4,6
156797,156803,156806,3,6
156797,156804,156807,3,7
156797,156803,156806,3,6
156797,156803,156807,4,6
156797,156804,156808,4,7
156797,156806,156808,2,9
156797,156806,156808,2,9
156797,156806,156807,1,9
156797,156806,156808,2,9
156797,156806,156807,1,9
156797,156803,156807,4,6
156797,156803,156807,4,6
156797,156803,156808,5,6
156797,156804,156807,3,7
156797,156803,156807,4,6
156797,156803,156808,5,6
156797,156803,156808,5,6
156797,156805,156808,3,8
156797,156803,156807,4,6
156797,156803,156808,5,6
156797,156803,156808,5,6
156797,156804,156807,3,7
156797,156804,156808,4,7
156797,156806,156808,2,9
156797,156804,156808,4,7
156797,156804,156808,4,7
156797,156806,156808,2,9
156797,156806,156808,2,9
156797,156805,156808,3,8
156797,156805,156809,4,8
156797,156805,156809,4,8
156797,156806,156809,3,9
156797,156806,156809,3,9
156797,156803,156809,6,6
156797,156805,156809,4,8
156797,156806,156809,3,9
156797,156806,156809,3,9
156797,156806,156809,3,9
156797,156804,156808,4,7
156797,156806,156809,3,9
156797,156806,156809,3,9
156797,156806,156809,3,9
156797,156806,156809,3,9
156797,156805,156809,4,8
156797,156806,156808,2,9
156797,156807,156809,2,10
156797,156808,156810,2,11
156797,156806,156810,4,9
156797,156805,156809,4,8
156797,156805,156809,4,8
156797,156806,156809,3,9
156797,156807,156810,3,10
156797,156806,156810,4,9
156797,156806,156809,3,9
156797,156805,156810,5,8
156797,156806,156810,4,9
156797,156805,156810,5,8
156797,156806,156810,4,9
156797,156806,156809,3,9
156797,156806,156810,4,9
156797,156805,156809,4,8
156797,156805,156810,5,8
156797,156807,156810,3,10
156797,156807,156810,3,10
156797,156808,156810,2,11
156797,156808,156811,3,11
156797,156808,156811,3,11
156797,156807,156810,3,10
156797,156807,156811,4,10
156797,156808,156811,3,11
156797,156807,156810,3,10
156797,156807,156810,3,10
156797,156808,156811,3,11
156797,156806,156811,5,9
156797,156806,156811,5,9
156797,156806,156811,5,9
156797,156806,156811,5,9
156797,156807,156810,3,10
156797,156808,156811,3,11
156797,156808,156811,3,11
156797,156808,156811,3,11
156797,156808,156811,3,11
156797,156806,156810,4,9
156797,156807,156811,4,10
156797,156807,156810,3,10
156797,156807,156811,4,10
156797,156807,156811,4,10
156797,156808,156811,3,11
156797,156807,156811,4,10
156797,156807,156811,4,10
156797,156808,156811,3,11
156797,156808,156811,3,11
156797,156808,156811,3,11
156797,156807,156811,4,10
156797,156806,156811,5,9
156797,156808,156811,3,11
156797,156808,156811,3,11
156797,156808,156811,3,11
156797,156808,156811,3,11
156797,156808,156812,4,11
156797,156808,156812,4,11
155991,156021,156823,802,30
155981,156000,156827,827,19
156838,156839,156841,2,1
156838,156839,156841,2,1
156838,156839,156841,2,1
156838,156839,156841,2,1
156838,156839,156842,3,1
156838,156839,156842,3,1
156838,156839,156842,3,1
156838,156839,156842,3,1
156838,156839,156843,4,1
156838,156839,156842,3,1
156838,156839,156843,4,1
156838,156839,156842,3,1
156838,156839,156843,4,1
156838,156839,156843,4,1
156838,156839,156843,4,1
156838,156839,156842,3,1
156838,156839,156843,4,1
156838,156839,156843,4,1
156838,156839,156843,4,1
156838,156839,156842,3,1
156838,156839,156843,4,1
156838,156839,156843,4,1
156838,156839,156842,3,1
156838,156839,156843,4,1
156838,156839,156843,4,1
156838,156839,156843,4,1
156838,156839,156842,3,1
156838,156839,156843,4,1
156838,156841,156843,2,3
156838,156839,156843,4,1
156838,156839,156843,4,1
156838,156839,156844,5,1
156838,156839,156843,4,1
156838,156839,156843,4,1
156838,156839,156843,4,1
156838,156839,156844,5,1
156838,156839,156843,4,1
156838,156839,156843,4,1
156838,156839,156843,4,1
156838,156839,156843,4,1
156838,156839,156844,5,1
156838,156839,156843,4,1
156838,156839,156844,5,1
156838,156839,156844,5,1
156838,156839,156844,5,1
156838,156839,156843,4,1
156838,156839,156843,4,1
156838,156839,156843,4,1
156838,156839,156843,4,1
156838,156839,156844,5,1
156838,156839,156844,5,1
156838,156839,156844,5,1
156838,156839,156844,5,1
156838,156839,156844,5,1
156838,156839,156844,5,1
156838,156839,156843,4,1
156838,156839,156843,4,1
156838,156839,156844,5,1
156838,156839,156844,5,1
156838,156839,156844,5,1
156838,156839,156844,5,1
156838,156839,156844,5,1
156838,156839,156844,5,1
156838,156839,156844,5,1
156838,156839,156844,5,1
156838,156839,156844,5,1
156838,156839,156844,5,1
156838,156839,156844,5,1
156838,156839,156845,6,1
156838,156839,156844,5,1
156838,156839,156844,5,1
156838,156841,156844,3,3
156838,156839,156844,5,1
156838,156839,156844,5,1
156838,156839,156844,5,1
156838,156842,156844,2,4
156838,156839,156844,5,1
156838,156839,156844,5,1
156838,156839,156845,6,1
156838,156839,156845,6,1
156838,156842,156845,3,4
156838,156841,156845,4,3
156838,156842,156846,4,4
156838,156839,156845,6,1
156838,156842,156846,4,4
156838,156843,156846,3,5
156838,156839,156846,7,1
156838,156844,156846,2,6
156838,156843,156846,3,5
156838,156843,156846,3,5
156838,156844,156847,3,6
156838,156843,156846,3,5
156838,156843,156846,3,5
156838,156843,156847,4,5
156838,156844,156847,3,6
156838,156844,156847,3,6
156838,156843,156847,4,5
156838,156843,156846,3,5
156838,156844,156847,3,6
156838,156844,156847,3,6
156838,156844,156847,3,6
156838,156843,156847,4,5
156838,156844,156847,3,6
156838,156844,156847,3,6
156838,156843,156847,4,5
156838,156843,156847,4,5
156838,156844,156847,3,6
156838,156844,156848,4,6
156838,156844,156847,3,6
156838,156844,156847,3,6
156838,156844,156847,3,6
156838,156844,156847,3,6
156838,156844,156847,3,6
156838,156843,156847,4,5
156838,156843,156847,4,5
156838,156844,156847,3,6
156838,156844,156847,3,6
156838,156844,156847,3,6
156838,156843,156848,5,5
156838,156842,156848,6,4
156848,156849,156851,2,1
156848,156849,156851,2,1
156848,156849,156851,2,1
156848,156849,156851,2,1
156848,156849,156851,2,1
156848,156849,156851,2,1
156848,156849,156851,2,1
156848,156849,156851,2,1
156848,156849,156852,3,1
156848,156849,156851,2,1
156848,156849,156851,2,1
156848,156849,156852,3,1
156848,156849,156852,3,1
156848,156849,156852,3,1
156848,156849,156852,3,1
156848,156849,156853,4,1
156848,156849,156853,4,1
156848,156849,156852,3,1
156848,156849,156852,3,1
156848,156849,156852,3,1
156848,156849,156853,4,1
156848,156850,156852,2,2
156848,156849,156852,3,1
156848,156849,156852,3,1
156848,156849,156852,3,1
156848,156849,156853,4,1
156848,156849,156852,3,1
156848,156849,156852,3,1
156848,156849,156853,4,1
156848,156849,156853,4,1
156848,156849,156853,4,1
156848,156849,156853,4,1
156848,156849,156853,4,1
156848,156849,156853,4,1
156848,156849,156853,4,1
156848,156849,156853,4,1
156848,156849,156853,4,1
156848,156849,156854,5,1
156848,156849,156854,5,1
156848,156850,156853,3,2
156848,156852,156854,2,4
156848,156849,156853,4,1
156848,156850,156853,3,2
156848,156849,156854,5,1
156848,156849,156853,4,1
156848,156849,156853,4,1
156848,156850,156853,3,2
156848,156852,156854,2,4
156848,156852,156853,1,4
156848,156849,156853,4,1
156848,156850,156853,3,2
156848,156849,156854,5,1
156848,156850,156854,4,2
156848,156849,156854,5,1
156848,156849,156854,5,1
156848,156849,156854,5,1
156848,156849,156853,4,1
156848,156849,156853,4,1
156848,156849,156854,5,1
156848,156849,156854,5,1
156848,156849,156854,5,1
156848,156849,156854,5,1
156848,156849,156854,5,1
156848,156849,156854,5,1
156848,156849,156854,5,1
156848,156849,156854,5,1
156848,156849,156854,5,1
156848,156849,156854,5,1
156848,156849,156854,5,1
156848,156849,156854,5,1
156848,156849,156854,5,1
156848,156850,156854,4,2
156848,156852,156854,2,4
156848,156852,156854,2,4
156848,156849,156854,5,1
156848,156849,156854,5,1
156848,156849,156855,6,1
156848,156849,156854,5,1
156848,156849,156855,6,1
156848,156850,156854,4,2
156848,156849,156855,6,1
156848,156851,156854,3,3
156848,156849,156855,6,1
156848,156849,156854,5,1
156848,156852,156855,3,4
156848,156849,156854,5,1
156848,156852,156855,3,4
156848,156853,156855,2,5
156848,156853,156855,2,5
156848,156852,156855,3,4
156848,156852,156856,4,4
156848,156852,156856,4,4
156848,156852,156856,4,4
156848,156852,156855,3,4
156848,156852,156856,4,4
156848,156853,156856,3,5
156848,156852,156856,4,4
156848,156853,156856,3,5
156848,156853,156856,3,5
156848,156853,156856,3,5
156848,156854,156857,3,6
156848,156854,156856,2,6
156848,156854,156856,2,6
156848,156853,156856,3,5
156848,156853,156857,4,5
156848,156853,156857,4,5
156848,156853,156856,3,5
156848,156853,156856,3,5
156848,156853,156856,3,5
156848,156853,156856,3,5
156848,156853,156856,3,5
156848,156854,156857,3,6
156848,156854,156856,2,6
156848,156853,156856,3,5
156848,156853,156856,3,5
156848,156853,156857,4,5
156848,156853,156856,3,5
156848,156853,156857,4,5
156848,156853,156857,4,5
156848,156854,156857,3,6
155933,155940,156871,931,7
156880,156880,156882,2,0
156880,156880,156882,2,0
156880,156880,156882,2,0
156880,156880,156882,2,0
156880,156880,156883,3,0
156880,156880,156883,3,0
156880,156880,156883,3,0
156880,156880,156884,4,0
156880,156880,156884,4,0
156880,156880,156883,3,0
156880,156880,156884,4,0
156880,156880,156884,4,0
156880,156880,156884,4,0
156880,156880,156884,4,0
156880,156880,156884,4,0
156880,156880,156884,4,0
156880,156880,156884,4,0
156880,156880,156884,4,0
156880,156880,156884,4,0
156880,156880,156884,4,0
156880,156880,156883,3,0
156880,156880,156884,4,0
156880,156880,156884,4,0
156880,156880,156884,4,0
156880,156880,156884,4,0
156880,156880,156885,5,0
156880,156880,156885,5,0
156880,156880,156885,5,0
156880,156880,156885,5,0
156880,156880,156885,5,0
156880,156880,156885,5,0
156880,156880,156885,5,0
156880,156880,156885,5,0
156880,156880,156884,4,0
156880,156880,156884,4,0
156880,156880,156885,5,0
156880,156880,156884,4,0
156880,156880,156885,5,0
156880,156880,156885,5,0
156880,156880,156885,5,0
156880,156880,156885,5,0
156880,156880,156885,5,0
156880,156880,156885,5,0
156880,156880,156885,5,0
156880,156880,156885,5,0
156880,156880,156885,5,0
156880,156880,156884,4,0
156880,156880,156885,5,0
156880,156880,156885,5,0
156880,156880,156885,5,0
156880,156880,156885,5,0
156880,156880,156885,5,0
156880,156880,156885,5,0
156880,156880,156884,4,0
156880,156880,156885,5,0
156880,156880,156884,4,0
156880,156882,156885,3,2
156880,156880,156885,5,0
156880,156880,156885,5,0
156880,156880,156885,5,0
156880,156880,156885,5,0
156880,156880,156885,5,0
156880,156880,156885,5,0
156880,156880,156884,4,0
156880,156880,156885,5,0
156880,156882,156885,3,2
156880,156880,156884,4,0
156880,156880,156885,5,0
156880,156880,156885,5,0
156880,156880,156885,5,0
156880,156880,156884,4,0
156880,156882,156885,3,2
156880,156880,156885,5,0
156880,156880,156886,6,0
156880,156880,156886,6,0
156880,156880,156886,6,0
156880,156880,156886,6,0
156880,156880,156886,6,0
156880,156880,156886,6,0
156880,156880,156886,6,0
156880,156880,156886,6,0
156880,156883,156886,3,3
156880,156880,156886,6,0
156880,156883,156886,3,3
156880,156880,156886,6,0
156880,156884,156887,3,4
156880,156884,156887,3,4
156880,156884,156887,3,4
156880,156883,156887,4,3
156880,156885,156888,3,5
156880,156884,156888,4,4
156880,156885,156888,3,5
156880,156884,156888,4,4
156880,156884,156888,4,4
156880,156885,156888,3,5
156880,156884,156888,4,4
156880,156885,156888,3,5
156880,156885,156888,3,5
156880,156884,156888,4,4
156880,156884,156888,4,4
156880,156884,156888,4,4
156880,156884,156888,4,4
156880,156884,156888,4,4
156880,156884,156888,4,4
156880,156884,156888,4,4
156880,156884,156888,4,4
156880,156884,156888,4,4
156880,156884,156888,4,4
156880,156885,156889,4,5
156880,156885,156889,4,5
156880,156885,156889,4,5
156880,156885,156889,4,5
156880,156885,156889,4,5
156880,156885,156889,4,5
156880,156885,156889,4,5
156880,156885,156889,4,5
156880,156885,156889,4,5
156880,156885,156889,4,5
156880,156884,156889,5,4
156880,156884,156889,5,4
165255,165255,166061,806,0
166064,166064,166067,3,0
166064,166064,166066,2,0
166064,166064,166067,3,0
166064,166064,166067,3,0
166064,166064,166068,4,0
166064,166064,166067,3,0
166064,166064,166067,3,0
166064,166064,166067,3,0
166064,166064,166067,3,0
166064,166064,166067,3,0
166064,166064,166068,4,0
166064,166064,166068,4,0
166064,166064,166068,4,0
166064,166064,166068,4,0
166064,166064,166068,4,0
166064,166064,166067,3,0
166064,166064,166067,3,0
166064,166064,166067,3,0
166064,166064,166068,4,0
166064,166064,166068,4,0
166064,166064,166067,3,0
166064,166064,166067,3,0
166064,166064,166068,4,0
166064,166064,166068,4,0
166064,166064,166068,4,0
166064,166064,166068,4,0
166064,166064,166067,3,0
166064,166064,166068,4,0
166064,166064,166068,4,0
166064,166064,166068,4,0
166064,166064,166068,4,0
166064,166064,166068,4,0
166064,166064,166068,4,0
166064,166064,166069,5,0
166064,166064,166068,4,0
166064,166064,166069,5,0
166064,166064,166068,4,0
166064,166064,166069,5,0
166064,166064,166069,5,0
166064,166064,166068,4,0
166064,166064,166068,4,0
166064,166068,166070,2,4
166064,166068,166070,2,4
166064,166068,166070,2,4
166064,166067,166070,3,3
166064,166067,166070,3,3
166064,166067,166070,3,3
166064,166068,166071,3,4
166064,166068,166071,3,4
166064,166068,166071,3,4
166064,166067,166070,3,3
166064,166068,166071,3,4
166064,166068,166071,3,4
166064,166069,166071,2,5
166064,166068,166071,3,4
166064,166068,166071,3,4
166064,166068,166071,3,4
166064,166068,166071,3,4
166064,166068,166071,3,4
166064,166068,166071,3,4
165259,165259,166072,813,0
166064,166068,166072,4,4
166064,166068,166071,3,4
166064,166068,166072,4,4
166064,166069,166072,3,5
166064,166069,166071,2,5
166064,166068,166072,4,4
166064,166068,166072,4,4
166064,166068,166072,4,4
166064,166069,166072,3,5
166064,166068,166072,4,4
166064,166068,166072,4,4
166064,166068,166072,4,4
166064,166068,166072,4,4
166064,166068,166072,4,4
166064,166069,166072,3,5
166064,166068,166072,4,4
166064,166068,166073,5,4
166064,166069,166073,4,5
166064,166068,166073,5,4
166064,166069,166073,4,5
166064,166069,166073,4,5
166064,166070,166073,3,6
166064,166070,166074,4,6
166064,166069,166073,4,5
166064,166071,166074,3,7
166064,166071,166074,3,7
166064,166070,166074,4,6
166064,166070,166074,4,6
166064,166072,166074,2,8
166064,166072,166075,3,8
166064,166072,166075,3,8
166064,166073,166075,2,9
166064,166073,166075,2,9
166064,166070,166074,4,6
166064,166072,166075,3,8
166064,166072,166075,3,8
166064,166072,166074,2,8
166064,166073,166075,2,9
166064,166073,166075,2,9
166064,166070,166074,4,6
166064,166072,166074,2,8
166064,166072,166074,2,8
166064,166072,166074,2,8
166064,166073,166075,2,9
166064,166071,166075,4,7
166064,166072,166075,3,8
166064,166072,166075,3,8
166064,166072,166075,3,8
166064,166073,166075,2,9
166064,166073,166075,2,9
166064,166072,166075,3,8
166064,166073,166075,2,9
166064,166073,166076,3,9
166064,166073,166075,2,9
166064,166073,166076,3,9
166064,166072,166076,4,8
166064,166072,166076,4,8
166064,166072,166076,4,8
166064,166073,166076,3,9
166064,166074,166076,2,10
166074,166074,166077,3,0
166074,166074,166077,3,0
166074,166074,166077,3,0
166074,166074,166077,3,0
166074,166074,166077,3,0
166074,166074,166078,4,0
166074,166074,166078,4,0
166074,166076,166078,2,2
166074,166076,166078,2,2
166074,166076,166079,3,2
166074,166076,166079,3,2
166074,166075,166078,3,1
166074,166075,166078,3,1
166074,166077,166079,2,3
166074,166076,166079,3,2
166074,166077,166079,2,3
166074,166077,166079,2,3
166074,166076,166080,4,2
166074,166076,166079,3,2
166074,166076,166080,4,2
166074,166076,166079,3,2
166074,166076,166079,3,2
166074,166078,166080,2,4
166074,166076,166079,3,2
166074,166076,166079,3,2
166074,166077,166079,2,3
166074,166075,166079,4,1
166074,166076,166080,4,2
166074,166076,166079,3,2
166074,166076,166080,4,2
166074,166076,166080,4,2
166074,166076,166079,3,2
166074,166076,166080,4,2
166074,166076,166080,4,2
166074,166076,166080,4,2
166074,166076,166080,4,2
166074,166079,166081,2,5
166074,166075,166080,5,1
166074,166076,166080,4,2
166074,166076,166080,4,2
166074,166079,166080,1,5
166074,166077,166080,3,3
166074,166078,166080,2,4
166074,166078,166080,2,4
166074,166076,166080,4,2
166074,166078,166081,3,4
166074,166076,166080,4,2
166074,166078,166081,3,4
166074,166079,166082,3,5
166074,166079,166082,3,5
166074,166079,166082,3,5
166074,166080,166082,2,6
166074,166080,166081,1,6
166074,166079,166081,2,5
166074,166079,166082,3,5
166074,166080,166082,2,6
166074,166080,166082,2,6
166074,166080,166082,2,6
166074,166080,166083,3,6
166074,166080,166082,2,6
166074,166079,166083,4,5
166074,166080,166082,2,6
166074,166080,166082,2,6
166074,166080,166082,2,6
166074,166079,166082,3,5
166074,166080,166082,2,6
166074,166080,166083,3,6
166074,166080,166083,3,6
166074,166080,166084,4,6
166074,166080,166084,4,6
166074,166080,166083,3,6
166074,166080,166083,3,6
166074,166081,166084,3,7
166074,166081,166084,3,7
166074,166081,166083,2,7
166074,166080,166083,3,6
166074,166080,166083,3,6
166074,166080,166083,3,6
166074,166080,166084,4,6
166074,166081,166084,3,7
166074,166080,166084,4,6
166074,166081,166084,3,7
166074,166081,166084,3,7
166074,166081,166084,3,7
166074,166081,166085,4,7
166074,166081,166084,3,7
166074,166081,166085,4,7
166074,166081,166085,4,7
166074,166082,166085,3,8
166074,166082,166085,3,8
165256,165256,166085,829,0
166074,166081,166085,4,7
166074,166084,166086,2,10
166074,166082,166085,3,8
166074,166082,166086,4,8
166074,166083,166086,3,9
166074,166082,166085,3,8
166074,166082,166086,4,8
166074,166082,166085,3,8
166074,166083,166086,3,9
166074,166082,166085,3,8
166074,166082,166086,4,8
166074,166083,166086,3,9
166074,166083,166086,3,9
166074,166083,166087,4,9
166074,166083,166087,4,9
166074,166083,166086,3,9
166074,166084,166087,3,10
166074,166084,166087,3,10
166074,166084,166087,3,10
166074,166083,166086,3,9
166074,166084,166087,3,10
166074,166084,166086,2,10
166074,166084,166087,3,10
166074,166084,166087,3,10
166074,166084,166087,3,10
166074,166084,166087,3,10
166074,166083,166086,3,9
166074,166083,166087,4,9
166074,166084,166087,3,10
166074,166084,166088,4,10
165335,165335,166094,759,0
165266,165266,166102,836,0
166103,166103,166106,3,0
166103,166103,166105,2,0
166103,166103,166105,2,0
166103,166103,166106,3,0
166103,166103,166106,3,0
166103,166103,166106,3,0
166103,166103,166106,3,0
166103,166103,166106,3,0
165261,165261,166107,846,0
166103,166103,166106,3,0
166103,166103,166107,4,0
166103,166103,166107,4,0
166103,166103,166106,3,0
166103,166103,166106,3,0
166103,166103,166106,3,0
166103,166103,166107,4,0
166103,166103,166106,3,0
166103,166103,166107,4,0
166103,166103,166107,4,0
166103,166103,166107,4,0
166103,166103,166106,3,0
166103,166103,166107,4,0
166103,166103,166106,3,0
166103,166103,166106,3,0
166103,166103,166107,4,0
166103,166103,166106,3,0
166103,166103,166106,3,0
166103,166103,166106,3,0
166103,166103,166107,4,0
166103,166103,166107,4,0
166103,166103,166107,4,0
166103,166103,166106,3,0
166103,166103,166106,3,0
166103,166103,166107,4,0
166103,166103,166107,4,0
166103,166103,166107,4,0
166103,166103,166108,5,0
166103,166103,166107,4,0
166103,166103,166107,4,0
166103,166103,166107,4,0
166103,166103,166107,4,0
166103,166103,166108,5,0
166103,166103,166107,4,0
166103,166103,166109,6,0
166103,166107,166109,2,4
166103,166107,166109,2,4
166103,166107,166109,2,4
166103,166107,166109,2,4
166103,166106,166109,3,3
166103,166106,166109,3,3
166103,166107,166109,2,4
166103,166107,166110,3,4
166103,166106,166110,4,3
166103,166106,166110,4,3
166103,166106,166110,4,3
166103,166107,166110,3,4
166103,166107,166110,3,4
166103,166107,166110,3,4
166103,166106,166110,4,3
166103,166107,166109,2,4
166103,166107,166110,3,4
166103,166107,166110,3,4
166103,166107,166110,3,4
166103,166106,166110,4,3
166103,166107,166110,3,4
166103,166107,166110,3,4
166103,166107,166110,3,4
166103,166107,166110,3,4
166103,166106,166110,4,3
166103,166107,166110,3,4
166103,166107,166110,3,4
166103,166107,166110,3,4
166103,166107,166111,4,4
166103,166107,166111,4,4
166103,166108,166111,3,5
166103,166108,166112,4,5
166103,166108,166111,3,5
166103,166108,166112,4,5
166103,166108,166111,3,5
166103,166107,166111,4,4
166103,166108,166111,3,5
166103,166107,166111,4,4
166103,166107,166111,4,4
166103,166108,166111,3,5
166103,166108,166112,4,5
166103,166108,166112,4,5
166103,166109,166112,3,6
166103,166109,166112,3,6
166103,166108,166112,4,5
166103,166109,166113,4,6
166103,166110,166113,3,7
166103,166110,166113,3,7
166103,166110,166113,3,7
166103,166110,166113,3,7
166103,166110,166113,3,7
166103,166109,166113,4,6
166103,166109,166113,4,6
166103,166111,166113,2,8
166103,166111,166114,3,8
166103,166111,166114,3,8
166103,166111,166114,3,8
166103,166109,166113,4,6
166103,166109,166113,4,6
166103,166111,166114,3,8
166103,166111,166114,3,8
166103,166111,166114,3,8
166103,166109,166113,4,6
166103,166111,166113,2,8
166103,166111,166114,3,8
166103,166110,166114,4,7
166103,166111,166114,3,8
166103,166110,166114,4,7
166103,166112,166115,3,9
166103,166111,166114,3,8
166103,166112,166115,3,9
166103,166112,166114,2,9
166103,166112,166115,3,9
166103,166112,166115,3,9
166103,166112,166114,2,9
166103,166112,166114,2,9
166103,166112,166115,3,9
166103,166111,166115,4,8
166103,166111,166114,3,8
166103,166112,166115,3,9
166103,166112,166115,3,9
166103,166112,166115,3,9
166103,166112,166115,3,9
166103,166114,166116,2,11
166103,166113,166116,3,10
166103,166114,166116,2,11
166103,166114,166116,2,11
166103,166114,166116,2,11
166103,166115,166117,2,12
166103,166112,166116,4,9
166103,166114,166117,3,11
166103,166113,166117,4,10
166103,166114,166116,2,11
166103,166113,166116,3,10
166103,166113,166116,3,10
166103,166113,166116,3,10
166103,166114,166117,3,11
166103,166113,166117,4,10
166103,166114,166117,3,11
166103,166114,166117,3,11
166103,166114,166116,2,11
166103,166114,166118,4,11
166103,166114,166117,3,11
166103,166114,166117,3,11
166103,166114,166117,3,11
166103,166114,166117,3,11
166103,166115,166118,3,12
166103,166116,166118,2,13
166103,166114,166117,3,11
166103,166114,166117,3,11
166103,166114,166117,3,11
166103,166115,166118,3,12
166103,166114,166117,3,11
166103,166114,166118,4,11
166103,166116,166118,2,13
166103,166115,166118,3,12
166103,166115,166118,3,12
166103,166115,166118,3,12
166103,166115,166118,3,12
166103,166115,166118,3,12
166103,166116,166119,3,13
166103,166116,166118,2,13
166103,166115,166118,3,12
166103,166115,166119,4,12
166103,166115,166119,4,12
166103,166114,166118,4,11
166103,166115,166119,4,12
166103,166115,166118,3,12
166103,166117,166119,2,14
166103,166117,166119,2,14
166103,166118,166120,2,15
166103,166118,166119,1,15
166103,166118,166120,2,15
166103,166118,166119,1,15
166103,166118,166120,2,15
166103,166117,166120,3,14
166103,166117,166120,3,14
166103,166117,166120,3,14
166103,166118,166119,1,15
166103,166117,166120,3,14
166103,166117,166120,3,14
166103,166117,166120,3,14
166103,166117,166120,3,14
166103,166117,166120,3,14
166103,166117,166120,3,14
166103,166117,166121,4,14
166103,166118,166120,2,15
166103,166118,166121,3,15
166103,166118,166121,3,15
166103,166117,166120,3,14
166103,166117,166121,4,14
166103,166117,166120,3,14
166103,166118,166121,3,15
166103,166118,166121,3,15
166103,166117,166121,4,14
166103,166117,166121,4,14
166103,166118,166121,3,15
166103,166119,166121,2,16
166103,166119,166121,2,16
166103,166119,166122,3,16
166103,166118,166122,4,15
166103,166119,166122,3,16
166103,166120,166122,2,17
166103,166118,166122,4,15
166103,166118,166122,4,15
166103,166119,166122,3,16
166103,166119,166122,3,16
166103,166119,166122,3,16
166103,166119,166122,3,16
166103,166119,166122,3,16
166103,166119,166123,4,16
166103,166119,166122,3,16
166103,166119,166122,3,16
166103,166120,166123,3,17
166103,166120,166123,3,17
166103,166120,166123,3,17
166103,166120,166123,3,17
166103,166120,166122,2,17
166103,166121,166123,2,18
166103,166120,166123,3,17
166103,166120,166123,3,17
166103,166120,166123,3,17
166103,166120,166123,3,17
166103,166120,166123,3,17
166103,166120,166123,3,17
166103,166121,166123,2,18
166103,166120,166123,3,17
166103,166121,166124,3,18
166103,166121,166123,2,18
166103,166121,166124,3,18
166103,166121,166124,3,18
166103,166121,166124,3,18
166103,166122,166124,2,19
166103,166122,166124,2,19
166103,166122,166124,2,19
166103,166122,166124,2,19
166105,166122,166125,3,17
166105,166123,166125,2,18
166105,166123,166124,1,18
166105,166123,166125,2,18
166105,166123,166125,2,18
166103,166121,166125,4,18
166105,166122,166125,3,17
166105,166124,166126,2,19
166105,166124,166125,1,19
166105,166122,166126,4,17
166105,166124,166125,1,19
166105,166123,166126,3,18
166105,166124,166126,2,19
166105,166124,166126,2,19
166105,166123,166127,4,18
166105,166123,166126,3,18
166105,166123,166126,3,18
166105,166125,166126,1,20
166105,166125,166126,1,20
166105,166122,166127,5,17
166105,166122,166126,4,17
166105,166123,166126,3,18
166105,166122,166126,4,17
166105,166123,166126,3,18
166105,166125,166127,2,20
166105,166122,166127,5,17
166105,166124,166127,3,19
166105,166123,166127,4,18
166105,166123,166127,4,18
166105,166124,166127,3,19
166105,166124,166128,4,19
166105,166125,166127,2,20
166105,166123,166128,5,18
166105,166123,166127,4,18
166105,166124,166127,3,19
166105,166125,166128,3,20
166105,166123,166127,4,18
166105,166123,166127,4,18
166105,166123,166128,5,18
166105,166123,166127,4,18
165272,165273,166128,855,1
166105,166126,166128,2,21
166105,166126,166127,1,21
166105,166125,166128,3,20
166105,166126,166128,2,21
166105,166124,166128,4,19
166105,166124,166129,5,19
166105,166125,166129,4,20
166105,166125,166129,4,20
166105,166126,166129,3,21
166105,166125,166129,4,20
166105,166126,166129,3,21
166105,166126,166129,3,21
166105,166127,166130,3,22
166105,166127,166129,2,22
166105,166126,166129,3,21
166105,166127,166129,2,22
166105,166127,166130,3,22
166105,166126,166129,3,21
166105,166126,166129,3,21
166105,166125,166130,5,20
166105,166125,166130,5,20
166105,166127,166131,4,22
166105,166127,166131,4,22
166105,166128,166131,3,23
166105,166127,166131,4,22
166105,166127,166131,4,22
166105,166127,166131,4,22
166105,166127,166130,3,22
166105,166128,166131,3,23
166105,166125,166130,5,20
166105,166128,166131,3,23
166105,166128,166132,4,23
166105,166127,166131,4,22
166105,166128,166132,4,23
166105,166128,166132,4,23
166105,166128,166131,3,23
166105,166128,166131,3,23
166105,166128,166131,3,23
166105,166128,166131,3,23
166105,166128,166132,4,23
166105,166128,166132,4,23
166105,166128,166132,4,23
166105,166129,166132,3,24
166105,166129,166132,3,24
166105,166130,166133,3,25
166105,166128,166133,5,23
166105,166128,166132,4,23
166105,166129,166132,3,24
166105,166130,166133,3,25
166105,166130,166133,3,25
166105,166128,166132,4,23
166105,166128,166132,4,23
166105,166129,166132,3,24
166105,166129,166132,3,24
166105,166130,166133,3,25
166105,166130,166133,3,25
166105,166128,166133,5,23
166105,166129,166133,4,24
166105,166130,166133,3,25
166105,166130,166133,3,25
166105,166130,166133,3,25
166105,166130,166133,3,25
166105,166130,166134,4,25
166105,166131,166134,3,26
166105,166130,166134,4,25
166105,166131,166134,3,26
166105,166130,166134,4,25
166105,166130,166135,5,25
166105,166131,166135,4,26
166105,166131,166135,4,26
166105,166132,166135,3,27
166105,166132,166135,3,27
166105,166131,166135,4,26
166105,166132,166135,3,27
166105,166132,166135,3,27
166105,166131,166135,4,26
166105,166131,166135,4,26
166105,166131,166135,4,26
166122,166132,166135,3,10
166122,166132,166135,3,10
166122,166133,166135,2,11
166122,166133,166135,2,11
166105,166132,166135,3,27
166105,166132,166135,3,27
166122,166133,166136,3,11
166122,166133,166136,3,11
166105,166131,166135,4,26
166122,166133,166136,3,11
166122,166133,166136,3,11
166122,166133,166136,3,11
166122,166133,166136,3,11
166122,166133,166136,3,11
166122,166133,166136,3,11
166122,166132,166136,4,10
166122,166133,166136,3,11
166122,166134,166136,2,12
166122,166133,166137,4,11
166122,166133,166137,4,11
166122,166133,166137,4,11
166122,166133,166137,4,11
166122,166133,166137,4,11
166122,166135,166137,2,13
166122,166135,166137,2,13
166122,166136,166138,2,14
166122,166134,166137,3,12
166122,166134,166137,3,12
166122,166135,166137,2,13
166122,166134,166137,3,12
166122,166135,166138,3,13
166122,166135,166138,3,13
166122,166135,166138,3,13
166122,166136,166138,2,14
166122,166136,166138,2,14
166122,166136,166138,2,14
166122,166136,166139,3,14
166122,166136,166139,3,14
166122,166135,166138,3,13
166122,166136,166139,3,14
166122,166136,166139,3,14
166122,166134,166138,4,12
166122,166136,166139,3,14
166122,166136,166139,3,14
166122,166136,166139,3,14
166122,166136,166139,3,14
166122,166135,166139,4,13
166122,166135,166139,4,13
166122,166136,166139,3,14
166122,166134,166139,5,12
166122,166137,166139,2,15
166122,166137,166139,2,15
166122,166137,166139,2,15
166122,166137,166140,3,15
166122,166137,166139,2,15
166122,166136,166139,3,14
166122,166137,166139,2,15
166122,166138,166139,1,16
166122,166138,166139,1,16
166122,166138,166140,2,16
166122,166138,166140,2,16
166122,166139,166140,1,17
166122,166135,166140,5,13
166122,166138,166140,2,16
166122,166139,166140,1,17
166122,166139,166140,1,17
166122,166140,166141,1,18
166122,166137,166140,3,15
166122,166138,166140,2,16
166122,166138,166140,2,16
166122,166138,166140,2,16
166122,166138,166141,3,16
166122,166138,166140,2,16
166122,166139,166141,2,17
166122,166139,166141,2,17
166122,166136,166140,4,14
166122,166137,166140,3,15
166122,166137,166140,3,15
166122,166138,166141,3,16
166122,166138,166141,3,16
166122,166139,166141,2,17
166122,166138,166141,3,16
166122,166139,166142,3,17
166122,166139,166141,2,17
166122,166139,166142,3,17
166122,166139,166141,2,17
166122,166139,166142,3,17
166122,166140,166143,3,18
166122,166140,166143,3,18
166122,166139,166142,3,17
166122,166139,166142,3,17
166122,166140,166143,3,18
166122,166139,166142,3,17
166122,166139,166143,4,17
166122,166140,166143,3,18
166122,166140,166143,3,18
166122,166140,166143,3,18
166122,166140,166143,3,18
166122,166140,166143,3,18
166122,166141,166144,3,19
166122,166141,166144,3,19
166122,166141,166144,3,19
166122,166141,166143,2,19
166122,166140,166143,3,18
166122,166141,166144,3,19
166122,166141,166144,3,19
166122,166141,166144,3,19
166122,166141,166144,3,19
166122,166140,166143,3,18
166122,166140,166144,4,18
166122,166140,166143,3,18
166122,166141,166144,3,19
166122,166141,166143,2,19
166122,166141,166143,2,19
166122,166141,166144,3,19
166122,166140,166144,4,18
166122,166140,166143,3,18
166122,166140,166143,3,18
166122,166141,166144,3,19
166122,166141,166144,3,19
166122,166141,166144,3,19
166122,166141,166144,3,19
166122,166141,166144,3,19
165254,165254,166151,897,0
165257,165257,166151,894,0
165277,165280,166154,874,3
165253,165253,166158,905,0
165260,165260,166166,906,0
165258,165258,166166,908,0
166170,166170,166173,3,0
166170,166170,166173,3,0
166170,166170,166173,3,0
166170,166170,166173,3,0
166170,166170,166173,3,0
166170,166170,166173,3,0
166170,166170,166173,3,0
166170,166170,166173,3,0
166170,166170,166173,3,0
166170,166170,166173,3,0
166170,166170,166173,3,0
166170,166170,166173,3,0
166170,166170,166173,3,0
166170,166170,166173,3,0
166170,166170,166174,4,0
166170,166170,166174,4,0
166170,166170,166174,4,0
166170,166170,166173,3,0
166170,166170,166173,3,0
166170,166170,166174,4,0
166170,166170,166174,4,0
166170,166170,166173,3,0
166170,166170,166173,3,0
166170,166170,166173,3,0
166170,166170,166174,4,0
166170,166170,166174,4,0
166170,166170,166174,4,0
166170,166170,166174,4,0
166170,166170,166174,4,0
166170,166170,166174,4,0
166170,166170,166174,4,0
166170,166170,166174,4,0
166170,166170,166174,4,0
166170,166170,166174,4,0
166170,166170,166174,4,0
166170,166170,166174,4,0
166170,166170,166175,5,0
166170,166170,166175,5,0
166170,166170,166175,5,0
166170,166170,166175,5,0
166170,166170,166175,5,0
166170,166170,166174,4,0
165285,165285,166175,890,0
166170,166173,166176,3,3
166170,166174,166176,2,4
166170,166173,166176,3,3
166170,166174,166176,2,4
166170,166173,166177,4,3
166170,166173,166177,4,3
166170,166174,166177,3,4
166170,166174,166177,3,4
166170,166174,166177,3,4
166170,166173,166177,4,3
166170,166173,166177,4,3
166170,166174,166177,3,4
166170,166174,166177,3,4
166170,166174,166177,3,4
166170,166174,166177,3,4
166170,166174,166177,3,4
166170,166173,166177,4,3
166170,166173,166177,4,3
166170,166173,166177,4,3
166170,166174,166177,3,4
166170,166174,166177,3,4
166170,166173,166177,4,3
166170,166174,166177,3,4
166170,166175,166178,3,5
166170,166174,166178,4,4
166170,166173,166178,5,3
166170,166174,166178,4,4
166170,166174,166178,4,4
166170,166174,166178,4,4
166170,166174,166178,4,4
166170,166175,166178,3,5
166170,166173,166178,5,3
166170,166175,166178,3,5
166170,166175,166178,3,5
166170,166173,166178,5,3
166170,166175,166178,3,5
166170,166173,166178,5,3
166170,166174,166178,4,4
166170,166174,166178,4,4
166170,166175,166178,3,5
166170,166176,166178,2,6
165289,165290,166179,889,1
166170,166175,166178,3,5
166170,166177,166179,2,7
166170,166176,166179,3,6
166170,166177,166179,2,7
166170,166177,166179,2,7
165307,165308,166180,872,1
166170,166176,166180,4,6
166170,166177,166180,3,7
165263,165263,166180,917,0
166170,166177,166180,3,7
166170,166177,166180,3,7
166170,166178,166180,2,8
166170,166178,166181,3,8
166170,166178,166180,2,8
166170,166178,166181,3,8
166170,166178,166180,2,8
166170,166178,166180,2,8
166170,166178,166180,2,8
166170,166178,166180,2,8
166170,166178,166180,2,8
166170,166178,166181,3,8
166170,166178,166180,2,8
166170,166178,166181,3,8
166170,166177,166181,4,7
166170,166179,166181,2,9
166170,166179,166181,2,9
166170,166179,166181,2,9
166170,166179,166181,2,9
166170,166178,166181,3,8
166170,166178,166181,3,8
166170,166179,166181,2,9
166170,166179,166182,3,9
166170,166178,166181,3,8
166170,166179,166182,3,9
166170,166179,166182,3,9
166170,166179,166182,3,9
166170,166178,166181,3,8
166170,166179,166182,3,9
166170,166180,166182,2,10
166170,166179,166182,3,9
166170,166179,166182,3,9
166170,166181,166183,2,11
166170,166179,166182,3,9
166170,166179,166183,4,9
166170,166180,166182,2,10
166170,166179,166182,3,9
166170,166179,166182,3,9
166170,166180,166182,2,10
166170,166179,166182,3,9
166170,166179,166182,3,9
166170,166180,166182,2,10
166170,166179,166183,4,9
166170,166181,166183,2,11
166170,166181,166184,3,11
166170,166182,166184,2,12
166170,166182,166183,1,12
166170,166181,166184,3,11
166170,166181,166183,2,11
166170,166182,166184,2,12
166170,166181,166183,2,11
166170,166181,166183,2,11
166170,166181,166184,3,11
166170,166181,166184,3,11
166170,166181,166184,3,11
166170,166182,166185,3,12
166170,166181,166184,3,11
166170,166183,166184,1,13
166170,166183,166184,1,13
166170,166182,166184,2,12
166170,166183,166185,2,13
166170,166183,166184,1,13
166170,166183,166185,2,13
166170,166180,166184,4,10
166170,166181,166184,3,11
166170,166181,166185,4,11
166170,166181,166184,3,11
166170,166181,166185,4,11
166170,166180,166185,5,10
166170,166180,166185,5,10
166170,166182,166186,4,12
166170,166182,166185,3,12
166170,166182,166186,4,12
166170,166183,166185,2,13
166170,166182,166186,4,12
166170,166182,166186,4,12
166170,166182,166185,3,12
166170,166182,166186,4,12
166170,166183,166186,3,13
166170,166183,166186,3,13
166170,166182,166185,3,12
166170,166183,166186,3,13
166170,166182,166186,4,12
166170,166184,166186,2,14
166170,166184,166186,2,14
166170,166183,166186,3,13
166170,166182,166186,4,12
166170,166183,166186,3,13
166170,166184,166186,2,14
166170,166184,166186,2,14
166170,166184,166187,3,14
166170,166184,166187,3,14
166170,166183,166187,4,13
166170,166183,166187,4,13
166170,166183,166186,3,13
166170,166184,166187,3,14
166170,166185,166188,3,15
166170,166184,166187,3,14
166170,166184,166187,3,14
166170,166185,166188,3,15
166170,166185,166188,3,15
166170,166185,166188,3,15
166170,166184,166188,4,14
166170,166185,166188,3,15
166170,166185,166188,3,15
166170,166185,166188,3,15
166170,166185,166188,3,15
166170,166186,166188,2,16
166170,166185,166189,4,15
166170,166185,166189,4,15
166170,166185,166189,4,15
166170,166185,166189,4,15
166170,166185,166188,3,15
166170,166185,166189,4,15
166170,166186,166189,3,16
166170,166185,166188,3,15
166170,166185,166188,3,15
166170,166185,166189,4,15
166170,166185,166189,4,15
166170,166186,166189,3,16
166170,166186,166189,3,16
166170,166186,166189,3,16
166170,166186,166189,3,16
166170,166185,166189,4,15
166170,166185,166189,4,15
166170,166186,166189,3,16
166170,166186,166189,3,16
166170,166186,166189,3,16
166170,166186,166189,3,16
166170,166187,166190,3,17
166170,166188,166189,1,18
166170,166186,166189,3,16
166170,166187,166190,3,17
166170,166187,166190,3,17
166170,166187,166189,2,17
166170,166185,166189,4,15
166170,166185,166189,4,15
166170,166186,166189,3,16
166170,166186,166190,4,16
166170,166187,166190,3,17
166170,166187,166189,2,17
166170,166186,166190,4,16
166170,166186,166190,4,16
166170,166186,166190,4,16
166170,166186,166190,4,16
166170,166187,166190,3,17
166170,166187,166190,3,17
166170,166187,166190,3,17
166170,166187,166190,3,17
166170,166188,166191,3,18
166170,166188,166191,3,18
166170,166188,166191,3,18
166170,166188,166191,3,18
166170,166188,166191,3,18
166170,166188,166192,4,18
166170,166188,166192,4,18
166170,166189,166192,3,19
166170,166189,166191,2,19
166170,166190,166192,2,20
166170,166190,166192,2,20
166170,166188,166192,4,18
166170,166190,166192,2,20
166170,166190,166192,2,20
166170,166190,166192,2,20
166170,166190,166192,2,20
166170,166190,166192,2,20
166170,166191,166192,1,21
166170,166189,166193,4,19
166170,166189,166193,4,19
166170,166190,166193,3,20
166170,166190,166192,2,20
166170,166189,166193,4,19
166170,166189,166193,4,19
166170,166189,166193,4,19
166170,166190,166193,3,20
166170,166189,166193,4,19
166170,166191,166193,2,21
166170,166191,166193,2,21
166170,166191,166193,2,21
166170,166190,166193,3,20
166170,166190,166194,4,20
166170,166191,166193,2,21
166170,166191,166193,2,21
166170,166191,166194,3,21
166170,166191,166193,2,21
166170,166190,166193,3,20
166170,166190,166193,3,20
166170,166190,166194,4,20
166170,166191,166193,2,21
166170,166192,166193,1,22
166170,166190,166193,3,20
166170,166190,166194,4,20
166170,166190,166194,4,20
166170,166191,166193,2,21
166170,166190,166194,4,20
166170,166189,166194,5,19
166170,166190,166194,4,20
166170,166191,166194,3,21
166170,166189,166194,5,19
166170,166191,166194,3,21
166170,166191,166194,3,21
166170,166193,166195,2,23
166170,166190,166194,4,20
166170,166190,166194,4,20
166170,166193,166195,2,23
166170,166193,166195,2,23
166170,166192,166195,3,22
166170,166193,166195,2,23
166170,166194,166195,1,24
166170,166191,166195,4,21
166170,166191,166195,4,21
166170,166193,166195,2,23
166170,166194,166195,1,24
166170,166194,166195,1,24
166170,166192,166195,3,22
166170,166193,166195,2,23
166170,166194,166195,1,24
166170,166192,166195,3,22
166170,166192,166195,3,22
166170,166192,166195,3,22
166170,166193,166195,2,23
166170,166193,166195,2,23
166170,166194,166196,2,24
166170,166194,166196,2,24
166170,166194,166196,2,24
166170,166194,166197,3,24
166170,166194,166196,2,24
166170,166194,166197,3,24
166170,166194,166196,2,24
166170,166194,166197,3,24
166170,166194,166196,2,24
166170,166193,166196,3,23
166170,166193,166196,3,23
166170,166194,166197,3,24
166170,166194,166197,3,24
166170,166195,166197,2,25
166170,166195,166198,3,25
165281,165281,166198,917,0
166170,166194,166197,3,24
166170,166194,166197,3,24
166170,166194,166197,3,24
166170,166195,166197,2,25
166170,166194,166197,3,24
166170,166194,166197,3,24
166170,166194,166198,4,24
166170,166195,166198,3,25
166170,166195,166198,3,25
166170,166194,166198,4,24
166170,166194,166197,3,24
166170,166194,166197,3,24
166170,166194,166198,4,24
166170,166195,166198,3,25
166170,166195,166198,3,25
166170,166194,166197,3,24
166170,166195,166198,3,25
166170,166195,166198,3,25
166170,166195,166198,3,25
166170,166195,166198,3,25
166170,166195,166198,3,25
166170,166196,166199,3,26
166170,166196,166198,2,26
166170,166196,166198,2,26
166170,166196,166198,2,26
166170,166196,166198,2,26
166170,166196,166198,2,26
166170,166196,166198,2,26
166170,166196,166198,2,26
166170,166196,166198,2,26
166170,166195,166198,3,25
166170,166196,166199,3,26
166170,166196,166199,3,26
166170,166197,166199,2,27
166170,166197,166198,1,27
166170,166197,166199,2,27
166170,166194,166198,4,24
166170,166196,166199,3,26
166170,166196,166199,3,26
166170,166196,166198,2,26
166170,166198,166200,2,28
166170,166198,166199,1,28
166170,166198,166199,1,28
166170,166198,166200,2,28
166170,166198,166200,2,28
166170,166198,166200,2,28
166170,166198,166201,3,28
166170,166198,166201,3,28
166170,166197,166200,3,27
166170,166198,166201,3,28
166170,166197,166200,3,27
166170,166197,166201,4,27
166170,166198,166201,3,28
166170,166198,166201,3,28
166170,166197,166201,4,27
166170,166197,166201,4,27
166170,166199,166201,2,29
166170,166197,166201,4,27
166170,166198,166200,2,28
166170,166198,166201,3,28
166170,166197,166200,3,27
166170,166197,166200,3,27
166170,166198,166201,3,28
166170,166198,166201,3,28
165302,165302,166201,899,0
165313,165313,166201,888,0
166170,166199,166202,3,29
166170,166199,166202,3,29
166170,166199,166202,3,29
166170,166199,166201,2,29
166170,166200,166202,2,30
166170,166198,166201,3,28
166170,166198,166201,3,28
166170,166198,166202,4,28
166170,166199,166202,3,29
166170,166197,166201,4,27
166170,166198,166201,3,28
166170,166198,166202,4,28
166170,166199,166202,3,29
166170,166197,166202,5,27
166170,166198,166202,4,28
166170,166198,166202,4,28
166170,166198,166202,4,28
166170,166199,166202,3,29
166170,166199,166202,3,29
166170,166199,166203,4,29
166170,166199,166203,4,29
166170,166199,166203,4,29
166170,166199,166203,4,29
166170,166199,166202,3,29
166170,166201,166203,2,31
166170,166199,166203,4,29
166170,166199,166202,3,29
166170,166200,166203,3,30
166170,166201,166203,2,31
165267,165267,166203,936,0
166170,166199,166203,4,29
166170,166199,166202,3,29
166170,166199,166203,4,29
166170,166200,166204,4,30
166170,166200,166203,3,30
166170,166199,166203,4,29
166170,166201,166204,3,31
166170,166202,166204,2,32
166170,166201,166203,2,31
166170,166201,166204,3,31
166170,166200,166203,3,30
166170,166201,166204,3,31
166170,166201,166204,3,31
166170,166201,166204,3,31
166170,166201,166204,3,31
166170,166201,166204,3,31
166170,166202,166205,3,32
166170,166201,166204,3,31
166170,166202,166204,2,32
166170,166202,166205,3,32
166170,166203,166205,2,33
166170,166200,166204,4,30
166170,166202,166204,2,32
166170,166203,166205,2,33
166170,166201,166204,3,31
166170,166202,166204,2,32
166170,166202,166204,2,32
166170,166203,166205,2,33
166170,166201,166205,4,31
166170,166201,166205,4,31
166170,166202,166205,3,32
166170,166202,166205,3,32
166170,166202,166205,3,32
166170,166204,166205,1,34
166170,166201,166205,4,31
166170,166202,166205,3,32
166170,166202,166205,3,32
166170,166202,166205,3,32
166170,166202,166205,3,32
166170,166202,166205,3,32
166170,166203,166205,2,33
166170,166203,166205,2,33
166170,166203,166205,2,33
166170,166203,166205,2,33
166170,166203,166205,2,33
166170,166202,166205,3,32
166170,166204,166206,2,34
166170,166203,166206,3,33
166170,166203,166205,2,33
166170,166203,166205,2,33
166170,166203,166206,3,33
166170,166203,166206,3,33
166170,166203,166206,3,33
166170,166203,166206,3,33
166170,166204,166206,2,34
166170,166202,166206,4,32
166170,166204,166206,2,34
166170,166204,166206,2,34
166171,166204,166207,3,33
166170,166203,166206,3,33
166170,166203,166206,3,33
166171,166204,166207,3,33
166171,166205,166207,2,34
166171,166204,166207,3,33
166171,166204,166207,3,33
166171,166204,166207,3,33
166171,166204,166207,3,33
166171,166205,166208,3,34
166171,166205,166207,2,34
166171,166205,166208,3,34
166171,166205,166207,2,34
166171,166205,166208,3,34
166171,166205,166207,2,34
165294,165294,166207,913,0
166171,166205,166207,2,34
166171,166205,166207,2,34
166171,166205,166207,2,34
166171,166204,166207,3,33
166171,166205,166207,2,34
166171,166205,166207,2,34
166171,166205,166208,3,34
166171,166204,166208,4,33
166171,166205,166208,3,34
166171,166204,166208,4,33
166171,166204,166208,4,33
166171,166205,166208,3,34
166171,166206,166208,2,35
166171,166206,166209,3,35
166171,166206,166209,3,35
166171,166205,166208,3,34
166171,166206,166209,3,35
166171,166206,166209,3,35
166171,166205,166208,3,34
166171,166205,166209,4,34
166171,166206,166209,3,35
166171,166206,166209,3,35
166171,166206,166209,3,35
166171,166208,166210,2,37
166171,166207,166210,3,36
166171,166206,166209,3,35
166171,166206,166210,4,35
166171,166206,166209,3,35
166171,166206,166210,4,35
166171,166207,166210,3,36
166171,166206,166209,3,35
166171,166207,166210,3,36
166171,166206,166210,4,35
166171,166206,166209,3,35
166171,166206,166210,4,35
166171,166206,166210,4,35
166171,166206,166210,4,35
166171,166206,166210,4,35
166171,166208,166210,2,37
166171,166208,166210,2,37
166171,166209,166210,1,38
166171,166207,166210,3,36
166171,166207,166211,4,36
166171,166207,166210,3,36
166171,166207,166211,4,36
166171,166208,166211,3,37
166171,166207,166211,4,36
166171,166208,166211,3,37
166171,166208,166211,3,37
166171,166209,166211,2,38
166171,166207,166211,4,36
166171,166207,166210,3,36
166171,166206,166210,4,35
166171,166206,166210,4,35
166171,166207,166210,3,36
166171,166209,166211,2,38
166171,166207,166211,4,36
166171,166209,166212,3,38
166171,166208,166211,3,37
166171,166208,166212,4,37
166171,166209,166211,2,38
166171,166208,166211,3,37
166171,166209,166211,2,38
166171,166209,166211,2,38
166171,166208,166212,4,37
166171,166209,166211,2,38
166171,166209,166212,3,38
166171,166209,166211,2,38
166171,166209,166212,3,38
166171,166208,166211,3,37
166171,166208,166212,4,37
166171,166208,166212,4,37
166171,166209,166212,3,38
166171,166210,166212,2,39
166171,166208,166212,4,37
166171,166208,166211,3,37
166171,166210,166212,2,39
166171,166210,166212,2,39
166171,166210,166212,2,39
166171,166210,166213,3,39
166171,166211,166213,2,40
166171,166211,166213,2,40
166171,166211,166213,2,40
166171,166209,166212,3,38
166171,166209,166212,3,38
166171,166210,166213,3,39
166171,166208,166212,4,37
166171,166208,166212,4,37
166171,166210,166213,3,39
166171,166210,166213,3,39
166171,166210,166212,2,39
166171,166210,166213,3,39
166171,166210,166213,3,39
166171,166208,166213,5,37
166171,166210,166213,3,39
166171,166211,166213,2,40
166171,166211,166214,3,40
166171,166211,166213,2,40
166171,166211,166213,2,40
166182,166212,166214,2,30
166182,166212,166214,2,30
166171,166211,166214,3,40
166171,166211,166214,3,40
166171,166211,166213,2,40
166171,166210,166213,3,39
166171,166211,166213,2,40
166171,166211,166214,3,40
166171,166211,166214,3,40
166182,166211,166214,3,29
166182,166212,166215,3,30
166182,166211,166214,3,29
166182,166211,166214,3,29
166182,166211,166214,3,29
166182,166211,166214,3,29
166182,166212,166214,2,30
166182,166212,166214,2,30
166182,166212,166214,2,30
166182,166212,166215,3,30
166182,166212,166215,3,30
166182,166212,166215,3,30
166171,166211,166214,3,40
166182,166212,166215,3,30
166182,166212,166215,3,30
166182,166212,166215,3,30
166182,166211,166215,4,29
166182,166212,166215,3,30
166182,166212,166215,3,30
166182,166212,166215,3,30
166182,166212,166215,3,30
166182,166212,166216,4,30
166182,166212,166215,3,30
166182,166213,166216,3,31
166182,166212,166215,3,30
166182,166213,166216,3,31
166182,166214,166216,2,32
166182,166214,166216,2,32
166182,166214,166216,2,32
166182,166214,166216,2,32
166182,166212,166216,4,30
166182,166214,166216,2,32
166182,166212,166216,4,30
166182,166213,166217,4,31
166182,166213,166217,4,31
166182,166213,166216,3,31
166182,166213,166216,3,31
166182,166213,166216,3,31
166182,166213,166217,4,31
166182,166214,166217,3,32
166182,166213,166216,3,31
166182,166213,166216,3,31
166182,166213,166216,3,31
166182,166214,166217,3,32
166182,166214,166217,3,32
166182,166213,166217,4,31
166182,166213,166217,4,31
166182,166213,166217,4,31
166182,166214,166217,3,32
166182,166214,166217,3,32
166182,166214,166217,3,32
166182,166215,166217,2,33
166182,166215,166218,3,33
166182,166215,166217,2,33
166182,166215,166218,3,33
166182,166215,166218,3,33
166182,166216,166218,2,34
166182,166216,166217,1,34
166182,166216,166218,2,34
166182,166214,166218,4,32
166182,166214,166218,4,32
166182,166214,166218,4,32
166182,166215,166218,3,33
166182,166215,166218,3,33
166182,166213,166218,5,31
166182,166214,166218,4,32
166182,166214,166218,4,32
166182,166215,166218,3,33
166182,166215,166218,3,33
166182,166216,166218,2,34
166182,166215,166218,3,33
166182,166215,166218,3,33
166182,166216,166218,2,34
166182,166215,166218,3,33
166182,166215,166219,4,33
166182,166215,166218,3,33
166182,166216,166219,3,34
166182,166215,166218,3,33
166182,166216,166219,3,34
166182,166216,166219,3,34
166182,166217,166220,3,35
166182,166217,166219,2,35
166182,166217,166220,3,35
166182,166217,166219,2,35
166182,166216,166220,4,34
166182,166217,166220,3,35
166182,166217,166220,3,35
166182,166217,166220,3,35
166182,166217,166220,3,35
166182,166216,166220,4,34
166182,166216,166220,4,34
166182,166217,166219,2,35
166182,166217,166220,3,35
166182,166218,166220,2,36
166182,166217,166220,3,35
166182,166217,166220,3,35
166182,166216,166220,4,34
166182,166216,166220,4,34
166182,166218,166220,2,36
166182,166218,166220,2,36
166182,166218,166220,2,36
166182,166218,166220,2,36
166182,166218,166221,3,36
166182,166218,166220,2,36
166182,166218,166220,2,36
166182,166217,166221,4,35
166182,166217,166221,4,35
166182,166218,166221,3,36
166182,166218,166221,3,36
166182,166218,166221,3,36
166182,166218,166220,2,36
166182,166218,166220,2,36
166182,166218,166220,2,36
166182,166218,166221,3,36
166182,166218,166221,3,36
166182,166218,166220,2,36
166182,166217,166220,3,35
166182,166217,166220,3,35
166182,166217,166221,4,35
166182,166218,166221,3,36
166182,166218,166221,3,36
166182,166219,166221,2,37
166182,166219,166222,3,37
166182,166219,166222,3,37
166182,166219,166222,3,37
166182,166219,166222,3,37
166182,166221,166222,1,39
166182,166221,166222,1,39
166182,166221,166222,1,39
166182,166219,166222,3,37
166182,166221,166222,1,39
166182,166221,166222,1,39
166182,166221,166223,2,39
166182,166219,166223,4,37
166182,166219,166222,3,37
166182,166219,166222,3,37
166182,166219,166223,4,37
166182,166220,166222,2,38
166182,166219,166223,4,37
166182,166219,166222,3,37
166182,166220,166223,3,38
166182,166220,166223,3,38
166182,166220,166223,3,38
166182,166220,166223,3,38
166182,166220,166223,3,38
166182,166220,166223,3,38
166182,166221,166223,2,39
166182,166221,166223,2,39
166182,166221,166223,2,39
166182,166221,166223,2,39
166182,166221,166224,3,39
166182,166223,166224,1,41
166182,166221,166224,3,39
166182,166221,166224,3,39
166182,166221,166224,3,39
166182,166221,166224,3,39
166182,166220,166224,4,38
166182,166220,166224,4,38
166182,166220,166223,3,38
166182,166220,166223,3,38
166182,166221,166224,3,39
166182,166220,166223,3,38
166182,166221,166224,3,39
166182,166221,166224,3,39
166182,166221,166224,3,39
166182,166219,166223,4,37
166182,166220,166224,4,38
166182,166220,166224,4,38
166182,166221,166224,3,39
166182,166222,166224,2,40
166182,166219,166224,5,37
166182,166223,166224,1,41
166182,166220,166224,4,38
166182,166222,166224,2,40
166182,166222,166225,3,40
166182,166223,166224,1,41
166182,166221,166224,3,39
166182,166221,166224,3,39
166182,166222,166225,3,40
166182,166222,166225,3,40
166182,166222,166224,2,40
166182,166223,166225,2,41
166182,166221,166224,3,39
166182,166222,166224,2,40
166182,166223,166225,2,41
166182,166222,166225,3,40
166182,166223,166225,2,41
166182,166223,166225,2,41
166182,166222,166225,3,40
166182,166220,166225,5,38
166182,166221,166225,4,39
166182,166221,166225,4,39
166182,166224,166226,2,42
166182,166222,166225,3,40
166182,166222,166226,4,40
166182,166223,166226,3,41
166182,166223,166226,3,41
166182,166222,166226,4,40
166182,166223,166227,4,41
166182,166223,166227,4,41
166182,166224,166227,3,42
166182,166224,166226,2,42
166182,166224,166226,2,42
166182,166224,166226,2,42
166182,166224,166227,3,42
166182,166224,166227,3,42
166182,166224,166227,3,42
166182,166224,166227,3,42
166182,166224,166227,3,42
166182,166224,166227,3,42
166182,166224,166228,4,42
166182,166225,166227,2,43
166182,166225,166227,2,43
166182,166225,166227,2,43
166182,166225,166227,2,43
166182,166225,166227,2,43
166182,166225,166227,2,43
166182,166225,166227,2,43
166182,166225,166227,2,43
166182,166225,166227,2,43
166182,166224,166227,3,42
166182,166224,166228,4,42
166182,166225,166227,2,43
166182,166224,166227,3,42
166182,166224,166227,3,42
166182,166225,166228,3,43
166182,166225,166227,2,43
166182,166225,166228,3,43
166182,166225,166228,3,43
166182,166225,166228,3,43
166182,166224,166227,3,42
166182,166224,166228,4,42
166182,166224,166228,4,42
166182,166225,166228,3,43
166182,166224,166228,4,42
166182,166224,166228,4,42
166182,166224,166228,4,42
166182,166224,166228,4,42
166183,166225,166228,3,42
166183,166225,166228,3,42
166182,166224,166228,4,42
166183,166226,166228,2,43
166183,166226,166228,2,43
166183,166227,166228,1,44
166183,166227,166228,1,44
166183,166227,166228,1,44
166183,166227,166229,2,44
166183,166225,166229,4,42
166183,166226,166229,3,43
166183,166227,166230,3,44
166183,166226,166229,3,43
166183,166226,166229,3,43
166183,166226,166229,3,43
166183,166227,166229,2,44
166183,166226,166229,3,43
166183,166226,166229,3,43
166183,166227,166229,2,44
166183,166226,166229,3,43
166183,166227,166230,3,44
166183,166227,166230,3,44
166183,166227,166230,3,44
166183,166227,166230,3,44
166183,166227,166230,3,44
166183,166228,166230,2,45
166183,166228,166230,2,45
166183,166228,166231,3,45
166183,166228,166231,3,45
166183,166228,166231,3,45
166183,166228,166231,3,45
166183,166228,166231,3,45
166183,166228,166231,3,45
166183,166229,166232,3,46
166183,166228,166232,4,45
166183,166228,166231,3,45
166183,166228,166231,3,45
166183,166228,166231,3,45
166183,166228,166231,3,45
166183,166228,166231,3,45
166183,166228,166231,3,45
166183,166228,166231,3,45
166183,166228,166232,4,45
166183,166228,166232,4,45
166183,166228,166231,3,45
166183,166228,166232,4,45
166183,166228,166232,4,45
166183,166228,166232,4,45
166183,166228,166232,4,45
166183,166228,166232,4,45
166183,166228,166232,4,45
166183,166229,166232,3,46
166183,166229,166232,3,46
166183,166229,166232,3,46
166183,166229,166232,3,46
166183,166229,166232,3,46
166183,166230,166232,2,47
166183,166230,166232,2,47
166183,166230,166232,2,47
166183,166229,166232,3,46
166183,166230,166233,3,47
166183,166229,166232,3,46
166183,166229,166232,3,46
166183,166229,166233,4,46
166183,166228,166232,4,45
166183,166228,166232,4,45
166183,166229,166233,4,46
166183,166229,166233,4,46
166183,166230,166233,3,47
166183,166228,166232,4,45
166183,166229,166233,4,46
166183,166230,166233,3,47
166183,166230,166233,3,47
166183,166231,166234,3,48
166183,166231,166234,3,48
166183,166231,166233,2,48
166183,166230,166233,3,47
166183,166230,166233,3,47
166183,166230,166234,4,47
166183,166230,166233,3,47
166183,166232,166234,2,49
166183,166232,166234,2,49
166183,166230,166233,3,47
166183,166231,166234,3,48
166183,166232,166234,2,49
166183,166232,166234,2,49
166183,166231,166235,4,48
166183,166232,166235,3,49
166183,166232,166234,2,49
166183,166232,166234,2,49
166183,166231,166235,4,48
166183,166231,166235,4,48
166183,166232,166234,2,49
166183,166232,166235,3,49
166183,166231,166235,4,48
166183,166232,166234,2,49
166183,166232,166235,3,49
166183,166234,166235,1,51
166183,166231,166234,3,48
166183,166232,166234,2,49
166183,166232,166235,3,49
166183,166233,166235,2,50
166183,166231,166235,4,48
166183,166231,166235,4,48
166183,166233,166235,2,50
166183,166233,166235,2,50
166183,166233,166235,2,50
166183,166233,166236,3,50
166183,166233,166235,2,50
166183,166232,166235,3,49
166183,166233,166236,3,50
166183,166233,166236,3,50
166183,166233,166235,2,50
166183,166233,166236,3,50
166183,166233,166235,2,50
166183,166233,166235,2,50
166183,166233,166235,2,50
166183,166233,166236,3,50
166183,166233,166235,2,50
166183,166233,166235,2,50
166183,166233,166236,3,50
166183,166234,166236,2,51
166183,166233,166236,3,50
166183,166233,166236,3,50
166183,166233,166236,3,50
166183,166233,166236,3,50
166183,166234,166236,2,51
166183,166233,166236,3,50
166183,166235,166236,1,52
166183,166235,166236,1,52
166183,166233,166236,3,50
166183,166234,166236,2,51
166183,166234,166237,3,51
166183,166235,166237,2,52
166183,166234,166237,3,51
166183,166234,166238,4,51
166183,166234,166237,3,51
166183,166235,166237,2,52
166183,166234,166237,3,51
166183,166234,166237,3,51
166183,166234,166238,4,51
166183,166234,166238,4,51
166183,166235,166237,2,52
166183,166235,166238,3,52
166183,166234,166237,3,51
166183,166235,166238,3,52
166183,166235,166238,3,52
166183,166235,166238,3,52
166183,166235,166239,4,52
166183,166235,166239,4,52
166183,166235,166238,3,52
166183,166236,166239,3,53
166183,166235,166239,4,52
166183,166236,166239,3,53
166183,166236,166238,2,53
166183,166236,166239,3,53
166183,166235,166239,4,52
166183,166235,166239,4,52
166183,166235,166239,4,52
166183,166235,166238,3,52
166183,166236,166239,3,53
166183,166235,166239,4,52
166183,166235,166239,4,52
166183,166236,166239,3,53
166183,166236,166239,3,53
166183,166236,166239,3,53
166183,166237,166239,2,54
166183,166237,166239,2,54
166183,166237,166239,2,54
166183,166236,166240,4,53
166183,166236,166240,4,53
166183,166237,166239,2,54
166183,166237,166239,2,54
166183,166236,166239,3,53
166183,166236,166240,4,53
166183,166236,166240,4,53
166183,166236,166240,4,53
166183,166236,166240,4,53
166183,166236,166240,4,53
166183,166235,166240,5,52
166183,166236,166239,3,53
166183,166236,166240,4,53
166183,166236,166240,4,53
166183,166236,166240,4,53
166183,166236,166240,4,53
166183,166236,166240,4,53
166183,166236,166241,5,53
166183,166236,166240,4,53
166183,166236,166240,4,53
166183,166238,166241,3,55
166183,166238,166241,3,55
166183,166238,166241,3,55
166183,166238,166241,3,55
166183,166239,166241,2,56
166183,166238,166241,3,55
166183,166238,166241,3,55
166183,166238,166241,3,55
166183,166239,166242,3,56
166183,166237,166241,4,54
166183,166237,166241,4,54
166183,166238,166241,3,55
166183,166240,166241,1,57
166183,166240,166241,1,57
166183,166238,166241,3,55
166183,166238,166241,3,55
166183,166239,166242,3,56
166183,166239,166242,3,56
166183,166239,166242,3,56
166183,166239,166242,3,56
166183,166239,166242,3,56
166183,166239,166242,3,56
166183,166239,166242,3,56
166183,166238,166242,4,55
166183,166240,166242,2,57
166183,166238,166242,4,55
166183,166240,166242,2,57
166183,166240,166242,2,57
166183,166240,166243,3,57
166183,166240,166242,2,57
166183,166240,166242,2,57
166183,166240,166242,2,57
166183,166239,166243,4,56
166183,166239,166243,4,56
166183,166240,166243,3,57
166183,166240,166243,3,57
166183,166240,166243,3,57
166183,166240,166243,3,57
166183,166240,166243,3,57
166183,166240,166242,2,57
166183,166239,166243,4,56
166183,166240,166243,3,57
166183,166240,166243,3,57
166183,166240,166243,3,57
166183,166240,166243,3,57
166183,166240,166243,3,57
166183,166240,166243,3,57
166183,166241,166243,2,58
166183,166242,166243,1,59
166183,166241,166243,2,58
166183,166241,166244,3,58
166183,166241,166243,2,58
166183,166241,166243,2,58
166183,166241,166244,3,58
166183,166241,166243,2,58
166183,166242,166244,2,59
166183,166242,166243,1,59
166183,166242,166243,1,59
166183,166240,166243,3,57
166183,166240,166243,3,57
166183,166241,166244,3,58
166183,166242,166244,2,59
166183,166241,166244,3,58
166183,166242,166244,2,59
166183,166242,166244,2,59
166183,166242,166244,2,59
166183,166242,166245,3,59
166183,166242,166244,2,59
166183,166242,166244,2,59
166183,166241,166244,3,58
166183,166242,166244,2,59
166183,166243,166245,2,60
166183,166243,166245,2,60
166183,166241,166244,3,58
166183,166242,166245,3,59
166183,166241,166245,4,58
166183,166243,166245,2,60
166183,166242,166246,4,59
166183,166243,166245,2,60
166183,166243,166246,3,60
166183,166244,166246,2,61
166183,166242,166245,3,59
166183,166243,166246,3,60
166183,166243,166246,3,60
166183,166243,166245,2,60
166183,166243,166246,3,60
166183,166243,166246,3,60
166183,166243,166246,3,60
166183,166243,166246,3,60
166183,166243,166246,3,60
166183,166244,166246,2,61
166183,166243,166246,3,60
166183,166243,166246,3,60
166183,166243,166247,4,60
166183,166244,166247,3,61
166183,166244,166247,3,61
166183,166244,166246,2,61
166183,166243,166247,4,60
166183,166243,166247,4,60
166183,166243,166247,4,60
166183,166244,166247,3,61
166183,166244,166247,3,61
166183,166243,166247,4,60
166183,166244,166247,3,61
166183,166244,166247,3,61
166183,166243,166247,4,60
166183,166244,166247,3,61
166183,166244,166247,3,61
166183,166244,166247,3,61
166183,166244,166247,3,61
166183,166244,166247,3,61
166183,166244,166248,4,61
166183,166243,166247,4,60
166183,166244,166248,4,61
166183,166244,166247,3,61
166183,166245,166248,3,62
166183,166244,166247,3,61
166183,166244,166247,3,61
166183,166244,166248,4,61
166183,166244,166248,4,61
166183,166244,166248,4,61
166183,166245,166247,2,62
166183,166245,166247,2,62
166183,166244,166247,3,61
166183,166245,166248,3,62
166183,166244,166248,4,61
166183,166245,166248,3,62
166183,166246,166248,2,63
166183,166245,166248,3,62
166183,166245,166249,4,62
166183,166246,166249,3,63
166183,166245,166248,3,62
166183,166246,166249,3,63
166183,166246,166249,3,63
166183,166246,166249,3,63
166183,166245,166249,4,62
166183,166246,166249,3,63
166183,166245,166249,4,62
166183,166247,166249,2,64
166183,166244,166249,5,61
166183,166246,166249,3,63
166183,166246,166249,3,63
166183,166246,166249,3,63
166183,166246,166249,3,63
166183,166247,166250,3,64
166183,166247,166250,3,64
166183,166247,166250,3,64
166183,166248,166250,2,65
166183,166246,166249,3,63
166183,166248,166250,2,65
166183,166246,166250,4,63
166183,166247,166250,3,64
166183,166247,166250,3,64
166183,166246,166249,3,63
166183,166246,166249,3,63
166183,166247,166250,3,64
166183,166248,166250,2,65
166183,166248,166250,2,65
166183,166248,166250,2,65
166183,166248,166250,2,65
166183,166248,166250,2,65
166183,166248,166250,2,65
166183,166248,166250,2,65
166183,166248,166250,2,65
166183,166248,166251,3,65
166193,166248,166251,3,55
166193,166248,166251,3,55
166183,166247,166250,3,64
166193,166248,166251,3,55
166193,166248,166251,3,55
166193,166248,166251,3,55
166183,166247,166251,4,64
166183,166247,166251,4,64
166183,166247,166251,4,64
166183,166247,166251,4,64
166193,166249,166251,2,56
166183,166248,166251,3,65
166193,166249,166252,3,56
166193,166248,166252,4,55
166193,166250,166252,2,57
166193,166248,166252,4,55
166193,166248,166252,4,55
166193,166248,166252,4,55
166193,166248,166252,4,55
166193,166250,166253,3,57
166193,166251,166252,1,58
166193,166251,166252,1,58
166193,166249,166252,3,56
166193,166249,166252,3,56
166193,166250,166252,2,57
166193,166250,166253,3,57
166193,166249,166252,3,56
166193,166250,166253,3,57
166193,166250,166253,3,57
166193,166249,166253,4,56
166193,166250,166253,3,57
166193,166250,166253,3,57
166193,166249,166253,4,56
166193,166249,166253,4,56
166193,166250,166254,4,57
166193,166252,166253,1,59
166193,166249,166253,4,56
166193,166251,166253,2,58
166193,166252,166253,1,59
166193,166251,166253,2,58
166193,166250,166253,3,57
166193,166250,166253,3,57
166193,166250,166253,3,57
166193,166250,166253,3,57
166193,166250,166253,3,57
166193,166250,166253,3,57
166193,166250,166253,3,57
166193,166250,166254,4,57
166193,166251,166254,3,58
166193,166251,166254,3,58
166193,166251,166254,3,58
166193,166250,166254,4,57
166193,166252,166254,2,59
166193,166250,166255,5,57
166193,166250,166254,4,57
166193,166251,166254,3,58
166193,166252,166254,2,59
166193,166253,166254,1,60
166193,166252,166254,2,59
166193,166253,166254,1,60
166193,166253,166255,2,60
166193,166251,166254,3,58
166193,166251,166254,3,58
166193,166250,166255,5,57
166193,166251,166255,4,58
166193,166251,166254,3,58
166193,166251,166255,4,58
166193,166252,166256,4,59
166193,166253,166255,2,60
166193,166253,166256,3,60
166193,166253,166255,2,60
166193,166253,166255,2,60
166193,166251,166255,4,58
166193,166253,166255,2,60
166193,166252,166255,3,59
166193,166252,166255,3,59
166193,166253,166255,2,60
166193,166253,166255,2,60
166193,166254,166256,2,61
166193,166251,166255,4,58
166193,166252,166256,4,59
166193,166253,166256,3,60
166193,166253,166256,3,60
166193,166253,166256,3,60
166193,166254,166256,2,61
166193,166254,166256,2,61
166193,166253,166257,4,60
166193,166253,166257,4,60
166193,166253,166257,4,60
166193,166254,166257,3,61
166193,166254,166257,3,61
166193,166254,166257,3,61
166193,166253,166257,4,60
166193,166255,166257,2,62
166193,166254,166257,3,61
166193,166253,166257,4,60
166193,166254,166257,3,61
166193,166254,166257,3,61
166193,166255,166257,2,62
166193,166254,166257,3,61
166193,166254,166257,3,61
166193,166254,166257,3,61
166193,166255,166258,3,62
166193,166255,166258,3,62
166193,166255,166257,2,62
166193,166255,166257,2,62
166193,166254,166257,3,61
166193,166255,166258,3,62
166193,166255,166258,3,62
166193,166255,166257,2,62
166193,166255,166257,2,62
166193,166254,166258,4,61
166193,166255,166258,3,62
166193,166254,166258,4,61
166193,166254,166257,3,61
166193,166254,166257,3,61
166193,166255,166258,3,62
166193,166255,166258,3,62
166193,166255,166258,3,62
165310,165310,166258,948,0
166193,166255,166258,3,62
166193,166256,166258,2,63
166193,166256,166258,2,63
166193,166256,166259,3,63
166193,166255,166258,3,62
165264,165264,166258,994,0
166193,166255,166259,4,62
166193,166256,166259,3,63
165319,165320,166261,941,1
166294,166295,166297,2,1
166294,166295,166298,3,1
166294,166295,166298,3,1
166294,166295,166297,2,1
166294,166295,166298,3,1
166294,166295,166297,2,1
166294,166295,166297,2,1
166294,166295,166297,2,1
166294,166295,166297,2,1
166294,166295,166298,3,1
166294,166295,166298,3,1
166294,166295,166298,3,1
166294,166295,166299,4,1
166294,166295,166299,4,1
166294,166295,166298,3,1
166294,166295,166298,3,1
166294,166295,166298,3,1
166294,166295,166299,4,1
166294,166295,166298,3,1
166294,166295,166298,3,1
166294,166295,166299,4,1
166294,166295,166298,3,1
166294,166295,166298,3,1
166294,166295,166298,3,1
166294,166295,166298,3,1
166294,166295,166298,3,1
166294,166295,166298,3,1
166294,166295,166299,4,1
166294,166295,166299,4,1
166294,166295,166298,3,1
166294,166295,166298,3,1
166294,166295,166298,3,1
166294,166295,166298,3,1
166294,166295,166299,4,1
166294,166295,166298,3,1
166294,166295,166298,3,1
166294,166295,166298,3,1
166294,166295,166298,3,1
166294,166295,166298,3,1
166294,166295,166299,4,1
166294,166295,166298,3,1
166294,166295,166299,4,1
166294,166295,166299,4,1
166294,166295,166298,3,1
166294,166295,166299,4,1
166294,166295,166298,3,1
166294,166295,166298,3,1
166294,166295,166299,4,1
166294,166295,166299,4,1
166294,166295,166299,4,1
166294,166295,166300,5,1
166294,166295,166299,4,1
166294,166295,166299,4,1
166294,166295,166299,4,1
166294,166295,166300,5,1
166294,166295,166299,4,1
166294,166295,166299,4,1
166294,166299,166301,2,5
166294,166299,166300,1,5
166294,166299,166300,1,5
166294,166299,166300,1,5
166294,166299,166300,1,5
166294,166298,166301,3,4
166294,166298,166301,3,4
166294,166298,166301,3,4
166294,166299,166301,2,5
166294,166299,166302,3,5
166294,166298,166302,4,4
166294,166299,166302,3,5
166294,166299,166301,2,5
166294,166299,166301,2,5
166294,166299,166302,3,5
166294,166298,166301,3,4
166294,166298,166301,3,4
166294,166299,166302,3,5
166294,166299,166302,3,5
166294,166299,166302,3,5
166294,166299,166302,3,5
166294,166298,166301,3,4
166294,166298,166302,4,4
166294,166298,166302,4,4
166294,166299,166302,3,5
166294,166298,166302,4,4
166294,166299,166303,4,5
166294,166299,166302,3,5
166294,166300,166303,3,6
166294,166300,166303,3,6
166294,166300,166303,3,6
166294,166299,166302,3,5
166294,166299,166302,3,5
166294,166299,166303,4,5
166294,166299,166303,4,5
166294,166299,166303,4,5
166294,166300,166303,3,6
166294,166299,166303,4,5
166294,166299,166302,3,5
166294,166299,166303,4,5
166294,166299,166302,3,5
166294,166299,166302,3,5
166294,166299,166302,3,5
166294,166299,166302,3,5
166294,166300,166303,3,6
166294,166300,166303,3,6
166294,166299,166303,4,5
166294,166299,166302,3,5
166294,166299,166303,4,5
166294,166299,166303,4,5
166294,166299,166302,3,5
166294,166300,166302,2,6
166294,166300,166302,2,6
166294,166300,166303,3,6
166294,166301,166304,3,7
166294,166301,166303,2,7
166294,166301,166303,2,7
166294,166300,166303,3,6
166295,166302,166304,2,7
166295,166301,166304,3,6
166295,166302,166304,2,7
166295,166302,166304,2,7
166295,166302,166305,3,7
166295,166303,166305,2,8
166295,166302,166305,3,7
166295,166303,166304,1,8
166295,166303,166305,2,8
166295,166302,166305,3,7
166295,166302,166304,2,7
166295,166302,166305,3,7
166295,166302,166305,3,7
166295,166301,166305,4,6
166295,166302,166306,4,7
166295,166302,166306,4,7
166295,166303,166306,3,8
166295,166303,166306,3,8
166295,166302,166306,4,7
166295,166302,166306,4,7
166295,166302,166306,4,7
166295,166302,166306,4,7
166295,166302,166306,4,7
166295,166303,166306,3,8
166295,166303,166306,3,8
166295,166303,166306,3,8
166295,166303,166306,3,8
166295,166303,166306,3,8
166295,166303,166306,3,8
166295,166303,166306,3,8
166295,166303,166306,3,8
166295,166303,166306,3,8
166295,166303,166307,4,8
166295,166303,166306,3,8
166295,166302,166306,4,7
166295,166304,166307,3,9
166295,166304,166307,3,9
166295,166303,166307,4,8
166295,166303,166307,4,8
166295,166303,166307,4,8
166295,166303,166307,4,8
166295,166304,166307,3,9
166295,166303,166308,5,8
166295,166303,166307,4,8
166295,166303,166307,4,8
166295,166305,166308,3,10
166295,166303,166307,4,8
166295,166303,166307,4,8
166295,166303,166307,4,8
166295,166305,166308,3,10
166295,166303,166307,4,8
166295,166303,166307,4,8
166295,166305,166308,3,10
166295,166304,166308,4,9
166295,166304,166308,4,9
166295,166303,166308,5,8
166295,166306,166308,2,11
166295,166303,166308,5,8
166295,166303,166308,5,8
166295,166305,166309,4,10
166295,166305,166309,4,10
166295,166305,166309,4,10
166295,166305,166309,4,10
166295,166305,166308,3,10
166295,166305,166309,4,10
166295,166306,166309,3,11
166295,166307,166309,2,12
166295,166306,166309,3,11
166295,166306,166309,3,11
166295,166306,166309,3,11
166295,166306,166309,3,11
166295,166307,166309,2,12
166295,166306,166309,3,11
166295,166306,166309,3,11
166295,166306,166309,3,11
166295,166307,166310,3,12
166295,166307,166309,2,12
166295,166307,166310,3,12
166295,166307,166310,3,12
166295,166306,166309,3,11
166295,166307,166310,3,12
166295,166307,166309,2,12
166295,166307,166309,2,12
166295,166308,166310,2,13
166295,166307,166310,3,12
166295,166307,166310,3,12
166295,166308,166310,2,13
166295,166306,166310,4,11
166295,166308,166310,2,13
166295,166308,166310,2,13
166295,166308,166310,2,13
166295,166306,166310,4,11
166295,166307,166310,3,12
166295,166308,166310,2,13
166295,166308,166310,2,13
166295,166307,166310,3,12
166295,166308,166310,2,13
166295,166308,166310,2,13
166295,166307,166310,3,12
166295,166308,166310,2,13
166295,166308,166311,3,13
166295,166308,166310,2,13
166295,166308,166311,3,13
166295,166308,166311,3,13
166295,166307,166310,3,12
166295,166308,166310,2,13
166295,166308,166310,2,13
166295,166308,166310,2,13
166295,166309,166312,3,14
166295,166309,166311,2,14
166295,166308,166311,3,13
166295,166309,166312,3,14
166295,166307,166311,4,12
166295,166309,166311,2,14
166295,166309,166312,3,14
166295,166309,166312,3,14
166295,166309,166312,3,14
166295,166310,166312,2,15
166295,166310,166312,2,15
166295,166309,166312,3,14
166295,166309,166312,3,14
166295,166310,166312,2,15
166295,166310,166313,3,15
166295,166310,166313,3,15
166295,166311,166313,2,16
166295,166310,166313,3,15
166295,166310,166313,3,15
166295,166310,166313,3,15
166295,166310,166313,3,15
166295,166310,166312,2,15
166295,166310,166312,2,15
166295,166310,166313,3,15
166295,166310,166312,2,15
166295,166310,166313,3,15
166295,166310,166313,3,15
166295,166311,166313,2,16
166295,166310,166313,3,15
166295,166309,166313,4,14
166295,166309,166313,4,14
166295,166309,166313,4,14
166295,166310,166313,3,15
166295,166310,166313,3,15
166295,166311,166313,2,16
166295,166311,166313,2,16
166295,166311,166314,3,16
166295,166310,166313,3,15
166295,166311,166314,3,16
166295,166310,166313,3,15
166295,166312,166314,2,17
165299,165300,166314,1014,1
166295,166311,166315,4,16
166295,166311,166314,3,16
166295,166311,166315,4,16
166295,166311,166315,4,16
166295,166311,166314,3,16
166295,166311,166315,4,16
166295,166311,166314,3,16
166295,166311,166315,4,16
166295,166311,166315,4,16
166295,166311,166315,4,16
166295,166311,166315,4,16
166295,166312,166314,2,17
166295,166311,166315,4,16
166295,166311,166315,4,16
166295,166311,166315,4,16
166295,166312,166315,3,17
166295,166312,166315,3,17
166295,166313,166315,2,18
166295,166313,166315,2,18
166295,166313,166316,3,18
166294,166295,166300,5,1
166295,166311,166315,4,16
166295,166313,166316,3,18
166295,166312,166316,4,17
166295,166312,166316,4,17
166295,166313,166316,3,18
166295,166313,166315,2,18
166295,166313,166316,3,18
166295,166314,166316,2,19
166295,166312,166316,4,17
166295,166313,166316,3,18
166295,166313,166317,4,18
166295,166312,166316,4,17
166295,166313,166316,3,18
166295,166313,166316,3,18
166295,166313,166316,3,18
166295,166313,166316,3,18
166295,166313,166316,3,18
166295,166313,166317,4,18
166295,166313,166317,4,18
166295,166313,166316,3,18
166295,166313,166316,3,18
166295,166313,166316,3,18
166295,166314,166317,3,19
166295,166314,166317,3,19
166295,166315,166318,3,20
166295,166314,166317,3,19
166295,166316,166317,1,21
166295,166313,166317,4,18
166295,166314,166317,3,19
166295,166314,166317,3,19
166295,166315,166318,3,20
166295,166316,166317,1,21
166294,166316,166317,1,22
166295,166315,166318,3,20
166295,166314,166317,3,19
166295,166314,166318,4,19
166295,166314,166318,4,19
166295,166314,166318,4,19
166295,166314,166318,4,19
166295,166315,166318,3,20
166295,166315,166318,3,20
166295,166316,166318,2,21
166295,166316,166318,2,21
166295,166314,166318,4,19
166295,166315,166318,3,20
166295,166315,166318,3,20
166295,166315,166318,3,20
166295,166315,166318,3,20
166295,166315,166318,3,20
166294,166316,166318,2,22
166295,166316,166318,2,21
166295,166315,166318,3,20
166295,166315,166318,3,20
166295,166316,166319,3,21
166295,166315,166318,3,20
166295,166315,166319,4,20
166295,166315,166318,3,20
166295,166316,166319,3,21
166295,166318,166319,1,23
166295,166315,166318,3,20
166295,166317,166320,3,22
166295,166315,166319,4,20
166295,166317,166319,2,22
166295,166317,166319,2,22
166295,166315,166319,4,20
166295,166317,166319,2,22
166295,166317,166319,2,22
166295,166317,166320,3,22
166295,166317,166320,3,22
166295,166318,166320,2,23
166295,166318,166320,2,23
166295,166318,166320,2,23
166295,166317,166320,3,22
166295,166317,166319,2,22
166295,166317,166319,2,22
166295,166317,166320,3,22
166295,166317,166320,3,22
166295,166317,166319,2,22
166295,166318,166319,1,23
166295,166317,166320,3,22
166295,166317,166320,3,22
166295,166318,166320,2,23
166295,166318,166319,1,23
166295,166318,166320,2,23
166295,166318,166320,2,23
166295,166318,166320,2,23
166295,166318,166320,2,23
166295,166317,166320,3,22
166295,166318,166320,2,23
166295,166318,166320,2,23
166295,166317,166320,3,22
166295,166318,166320,2,23
166295,166317,166320,3,22
166295,166317,166321,4,22
166295,166317,166321,4,22
166295,166318,166321,3,23
166295,166319,166322,3,24
166295,166318,166322,4,23
166295,166318,166321,3,23
166295,166319,166322,3,24
166295,166319,166322,3,24
166295,166318,166321,3,23
166295,166319,166322,3,24
166295,166319,166323,4,24
166295,166319,166322,3,24
166295,166319,166322,3,24
166295,166319,166322,3,24
166295,166320,166323,3,25
166295,166320,166323,3,25
166295,166319,166322,3,24
166295,166319,166323,4,24
166295,166320,166323,3,25
166295,166319,166323,4,24
166295,166319,166323,4,24
166295,166319,166323,4,24
166295,166320,166323,3,25
166295,166319,166322,3,24
166295,166319,166323,4,24
166295,166319,166322,3,24
166295,166319,166323,4,24
166295,166319,166323,4,24
166295,166319,166323,4,24
166295,166321,166323,2,26
166295,166321,166323,2,26
166295,166322,166323,1,27
166295,166320,166324,4,25
166295,166321,166323,2,26
166295,166321,166323,2,26
166295,166321,166323,2,26
166295,166321,166324,3,26
166295,166319,166323,4,24
166295,166320,166323,3,25
166295,166320,166324,4,25
166295,166321,166324,3,26
166295,166320,166323,3,25
166295,166320,166324,4,25
166295,166320,166323,3,25
166295,166320,166324,4,25
166295,166320,166324,4,25
166295,166320,166323,3,25
166295,166320,166324,4,25
166295,166322,166324,2,27
166295,166320,166324,4,25
166295,166320,166323,3,25
166295,166320,166323,3,25
166295,166320,166324,4,25
166295,166320,166324,4,25
166295,166321,166324,3,26
166295,166321,166324,3,26
166295,166321,166323,2,26
166295,166321,166324,3,26
166295,166321,166324,3,26
166295,166321,166324,3,26
166295,166322,166324,2,27
166295,166320,166325,5,25
166295,166322,166325,3,27
166295,166321,166324,3,26
166295,166322,166324,2,27
166295,166320,166324,4,25
166295,166322,166325,3,27
166295,166323,166325,2,28
166295,166323,166325,2,28
166295,166323,166325,2,28
166295,166325,166326,1,30
166295,166323,166326,3,28
166295,166323,166326,3,28
166295,166323,166326,3,28
166295,166323,166325,2,28
166295,166324,166326,2,29
166295,166324,166326,2,29
166295,166324,166326,2,29
166295,166323,166326,3,28
166295,166322,166325,3,27
166295,166323,166326,3,28
166295,166322,166326,4,27
166295,166323,166325,2,28
166295,166323,166326,3,28
166295,166323,166326,3,28
166295,166323,166326,3,28
166295,166323,166326,3,28
166295,166323,166326,3,28
166295,166325,166326,1,30
166295,166324,166326,2,29
166295,166324,166327,3,29
166295,166324,166327,3,29
166295,166324,166327,3,29
166295,166325,166326,1,30
166295,166324,166327,3,29
166295,166324,166326,2,29
166295,166324,166326,2,29
166295,166324,166326,2,29
166295,166324,166327,3,29
166295,166324,166327,3,29
166295,166324,166327,3,29
166295,166324,166327,3,29
166295,166323,166326,3,28
166295,166324,166327,3,29
166295,166323,166327,4,28
166295,166324,166327,3,29
166295,166324,166327,3,29
166295,166325,166327,2,30
166295,166324,166327,3,29
166295,166325,166327,2,30
166295,166323,166327,4,28
166295,166324,166327,3,29
166295,166325,166328,3,30
166295,166325,166328,3,30
165287,165295,166328,1033,8
166295,166325,166328,3,30
166295,166326,166328,2,31
166295,166326,166328,2,31
166295,166325,166328,3,30
166295,166324,166327,3,29
166295,166324,166328,4,29
166295,166324,166328,4,29
166295,166324,166328,4,29
166295,166324,166328,4,29
166295,166325,166328,3,30
166295,166326,166328,2,31
166295,166324,166328,4,29
166295,166324,166328,4,29
166295,166326,166328,2,31
166295,166326,166328,2,31
166295,166325,166328,3,30
166295,166326,166328,2,31
166295,166326,166329,3,31
166295,166327,166329,2,32
166295,166326,166329,3,31
166295,166326,166329,3,31
166295,166326,166329,3,31
166295,166324,166329,5,29
166295,166325,166329,4,30
166295,166327,166329,2,32
166295,166327,166329,2,32
166295,166328,166330,2,33
166295,166326,166329,3,31
166295,166327,166330,3,32
166295,166326,166330,4,31
166295,166326,166330,4,31
166295,166326,166330,4,31
166295,166327,166330,3,32
166295,166326,166330,4,31
166295,166327,166330,3,32
166295,166327,166330,3,32
166295,166328,166330,2,33
166295,166327,166331,4,32
166295,166327,166330,3,32
166295,166327,166330,3,32
166295,166327,166330,3,32
166295,166327,166331,4,32
166295,166327,166331,4,32
166295,166327,166331,4,32
166295,166327,166331,4,32
166295,166328,166330,2,33
166295,166327,166330,3,32
166295,166327,166331,4,32
165329,165330,166331,1001,1
166295,166327,166330,3,32
166295,166328,166331,3,33
166295,166328,166331,3,33
166295,166328,166331,3,33
166295,166327,166331,4,32
166295,166327,166331,4,32
166295,166327,166332,5,32
166295,166327,166331,4,32
166295,166327,166331,4,32
166295,166329,166331,2,34
166295,166329,166332,3,34
166295,166327,166331,4,32
166295,166329,166332,3,34
166295,166327,166331,4,32
166295,166330,166332,2,35
166295,166329,166332,3,34
166295,166329,166332,3,34
166295,166327,166332,5,32
166295,166328,166332,4,33
166295,166329,166332,3,34
166295,166328,166332,4,33
166295,166328,166332,4,33
166295,166329,166332,3,34
166295,166329,166332,3,34
166295,166328,166332,4,33
166295,166328,166332,4,33
166295,166329,166332,3,34
166295,166327,166332,5,32
166295,166329,166332,3,34
166295,166329,166332,3,34
166295,166329,166332,3,34
166295,166329,166332,3,34
166295,166330,166333,3,35
166295,166330,166333,3,35
166295,166329,166332,3,34
166295,166330,166332,2,35
166295,166331,166333,2,36
166295,166331,166333,2,36
166295,166331,166333,2,36
166295,166330,166333,3,35
166295,166330,166333,3,35
166295,166330,166333,3,35
166295,166329,166333,4,34
166295,166331,166333,2,36
166295,166331,166334,3,36
166295,166331,166333,2,36
166295,166330,166333,3,35
166295,166330,166333,3,35
166295,166330,166333,3,35
166295,166331,166333,2,36
166295,166331,166333,2,36
166295,166331,166334,3,36
166295,166331,166334,3,36
166295,166331,166334,3,36
166295,166331,166334,3,36
166295,166331,166333,2,36
166296,166333,166334,1,37
166296,166332,166335,3,36
166296,166333,166334,1,37
166296,166333,166334,1,37
166296,166333,166334,1,37
166295,166331,166334,3,36
166296,166333,166334,1,37
166295,166331,166334,3,36
166296,166332,166334,2,36
166296,166332,166334,2,36
166296,166332,166334,2,36
166296,166332,166335,3,36
166296,166331,166335,4,35
166296,166331,166335,4,35
166296,166333,166335,2,37
166296,166331,166335,4,35
166296,166331,166335,4,35
166296,166331,166335,4,35
166296,166331,166335,4,35
166296,166331,166335,4,35
166296,166333,166335,2,37
166296,166332,166335,3,36
166296,166333,166335,2,37
166296,166332,166336,4,36
166296,166332,166335,3,36
166296,166333,166336,3,37
166296,166333,166335,2,37
166296,166333,166335,2,37
166296,166333,166336,3,37
166296,166332,166335,3,36
166296,166333,166336,3,37
166296,166333,166336,3,37
166296,166332,166336,4,36
166296,166333,166336,3,37
166296,166332,166336,4,36
166296,166333,166336,3,37
166296,166333,166337,4,37
166296,166333,166337,4,37
166296,166333,166337,4,37
166296,166333,166336,3,37
166296,166333,166337,4,37
166296,166333,166336,3,37
166296,166333,166336,3,37
166296,166334,166337,3,38
166296,166333,166337,4,37
166296,166333,166337,4,37
166296,166333,166337,4,37
166296,166333,166337,4,37
166296,166334,166338,4,38
166296,166334,166338,4,38
166296,166334,166338,4,38
166296,166334,166337,3,38
166296,166334,166337,3,38
166296,166334,166338,4,38
166296,166335,166338,3,39
166296,166334,166338,4,38
166296,166334,166338,4,38
166296,166335,166338,3,39
166296,166335,166338,3,39
166296,166335,166338,3,39
166296,166335,166338,3,39
166296,166335,166338,3,39
166296,166335,166338,3,39
166296,166334,166338,4,38
166296,166335,166338,3,39
166296,166335,166338,3,39
166296,166335,166338,3,39
166296,166335,166338,3,39
166296,166335,166338,3,39
166296,166335,166338,3,39
166296,166336,166338,2,40
166296,166335,166338,3,39
166296,166336,166339,3,40
166296,166336,166339,3,40
166296,166335,166338,3,39
166296,166335,166338,3,39
166296,166335,166339,4,39
166296,166336,166339,3,40
166296,166336,166339,3,40
166296,166336,166339,3,40
166296,166334,166339,5,38
166296,166334,166339,5,38
166296,166334,166338,4,38
166296,166334,166339,5,38
166296,166337,166340,3,41
166296,166336,166339,3,40
166296,166336,166339,3,40
166296,166336,166339,3,40
166296,166337,166340,3,41
166296,166337,166340,3,41
166296,166337,166340,3,41
166296,166336,166339,3,40
166296,166336,166340,4,40
166296,166337,166339,2,41
166296,166336,166339,3,40
166296,166337,166340,3,41
166296,166337,166340,3,41
166296,166336,166340,4,40
166296,166336,166340,4,40
166296,166339,166340,1,43
166296,166335,166340,5,39
166296,166336,166340,4,40
166296,166337,166341,4,41
166296,166337,166341,4,41
166296,166338,166341,3,42
166296,166338,166341,3,42
166296,166337,166341,4,41
166296,166338,166341,3,42
166296,166338,166341,3,42
166296,166338,166341,3,42
166296,166336,166340,4,40
166296,166337,166341,4,41
166296,166337,166341,4,41
166296,166338,166341,3,42
166296,166338,166341,3,42
166296,166339,166341,2,43
166296,166338,166341,3,42
166296,166339,166341,2,43
166296,166338,166341,3,42
166296,166337,166341,4,41
166296,166338,166342,4,42
166296,166339,166342,3,43
166342,166342,166344,2,0
166342,166342,166344,2,0
166342,166342,166344,2,0
166342,166342,166345,3,0
166342,166342,166345,3,0
166342,166342,166345,3,0
166342,166342,166345,3,0
166342,166342,166345,3,0
166342,166342,166345,3,0
166342,166342,166345,3,0
166342,166342,166345,3,0
166342,166342,166345,3,0
166342,166342,166345,3,0
166342,166342,166345,3,0
166342,166342,166345,3,0
166342,166342,166346,4,0
166342,166342,166346,4,0
166342,166342,166346,4,0
166342,166342,166346,4,0
166342,166342,166346,4,0
166342,166342,166345,3,0
166342,166342,166346,4,0
166342,166342,166346,4,0
166342,166342,166346,4,0
166342,166342,166346,4,0
166342,166342,166346,4,0
166342,166342,166346,4,0
166342,166342,166346,4,0
166342,166342,166347,5,0
166342,166342,166346,4,0
166342,166342,166346,4,0
166342,166342,166346,4,0
166342,166342,166346,4,0
166342,166342,166346,4,0
166342,166342,166346,4,0
166342,166342,166346,4,0
166342,166342,166346,4,0
166342,166342,166346,4,0
166342,166342,166346,4,0
166342,166342,166346,4,0
166342,166342,166346,4,0
166342,166342,166346,4,0
166342,166342,166346,4,0
166342,166343,166346,3,1
166342,166342,166346,4,0
166342,166342,166346,4,0
166342,166342,166346,4,0
166342,166343,166346,3,1
166342,166342,166347,5,0
166342,166342,166347,5,0
166342,166344,166348,4,2
166342,166346,166347,1,4
166342,166342,166347,5,0
166342,166342,166347,5,0
166342,166342,166347,5,0
166342,166342,166347,5,0
166342,166345,166347,2,3
166342,166344,166347,3,2
166342,166346,166347,1,4
166342,166346,166347,1,4
166342,166342,166347,5,0
166342,166342,166347,5,0
166342,166346,166347,1,4
166342,166342,166347,5,0
166342,166342,166347,5,0
166342,166342,166348,6,0
166342,166346,166348,2,4
166342,166343,166347,4,1
166342,166346,166347,1,4
165297,165297,166348,1051,0
166342,166345,166348,3,3
166342,166345,166348,3,3
166342,166344,166348,4,2
166342,166346,166348,2,4
166342,166346,166349,3,4
166342,166345,166349,4,3
166342,166347,166349,2,5
166342,166347,166349,2,5
166342,166347,166350,3,5
166342,166347,166349,2,5
166342,166347,166349,2,5
166342,166347,166349,2,5
166342,166347,166350,3,5
166342,166347,166349,2,5
166342,166347,166350,3,5
166342,166347,166349,2,5
166342,166347,166350,3,5
166342,166348,166350,2,6
166342,166346,166349,3,4
166342,166347,166350,3,5
166342,166347,166349,2,5
166342,166347,166349,2,5
166342,166347,166350,3,5
166342,166347,166350,3,5
166342,166347,166350,3,5
166342,166347,166350,3,5
166342,166347,166349,2,5
166342,166347,166349,2,5
166342,166347,166349,2,5
166342,166347,166349,2,5
166342,166347,166350,3,5
166342,166348,166351,3,6
166342,166348,166350,2,6
166342,166348,166350,2,6
166342,166348,166351,3,6
166342,166346,166350,4,4
166342,166347,166350,3,5
166342,166347,166350,3,5
166342,166348,166350,2,6
166342,166348,166350,2,6
166342,166348,166350,2,6
166342,166348,166350,2,6
166342,166348,166351,3,6
166342,166348,166350,2,6
166342,166348,166350,2,6
166342,166347,166350,3,5
166342,166347,166350,3,5
166342,166348,166351,3,6
166342,166347,166350,3,5
166342,166347,166350,3,5
166342,166348,166351,3,6
166342,166347,166350,3,5
166342,166348,166351,3,6
166342,166347,166350,3,5
166342,166348,166351,3,6
166342,166348,166351,3,6
166342,166350,166352,2,8
166342,166350,166351,1,8
166342,166350,166351,1,8
166342,166350,166351,1,8
166342,166350,166352,2,8
166342,166348,166351,3,6
166342,166349,166352,3,7
166342,166348,166352,4,6
166342,166348,166351,3,6
166342,166348,166352,4,6
166342,166350,166353,3,8
166342,166349,166352,3,7
166342,166349,166352,3,7
166342,166350,166352,2,8
166342,166349,166352,3,7
166342,166349,166352,3,7
166342,166351,166353,2,9
166342,166349,166353,4,7
166342,166350,166353,3,8
166342,166351,166354,3,9
166342,166350,166354,4,8
166342,166350,166354,4,8
166342,166351,166354,3,9
166342,166350,166353,3,8
166342,166350,166354,4,8
166342,166350,166353,3,8
166342,166350,166354,4,8
166342,166350,166354,4,8
166342,166350,166353,3,8
166342,166350,166354,4,8
166342,166350,166354,4,8
166342,166350,166354,4,8
166342,166351,166354,3,9
166342,166350,166354,4,8
166342,166351,166354,3,9
166342,166351,166354,3,9
166342,166350,166354,4,8
166342,166350,166354,4,8
166342,166351,166354,3,9
166342,166351,166354,3,9
166342,166351,166354,3,9
166342,166351,166354,3,9
166342,166351,166355,4,9
165271,165275,166355,1080,4
166342,166351,166355,4,9
166342,166351,166355,4,9
166342,166351,166355,4,9
166342,166352,166354,2,10
166342,166352,166354,2,10
166342,166351,166355,4,9
166342,166351,166354,3,9
166342,166351,166354,3,9
166342,166352,166355,3,10
166342,166351,166354,3,9
166342,166351,166354,3,9
166342,166352,166354,2,10
166342,166350,166355,5,8
166342,166351,166354,3,9
166342,166351,166355,4,9
166342,166351,166354,3,9
166342,166351,166355,4,9
166342,166350,166355,5,8
166342,166351,166355,4,9
166342,166352,166355,3,10
166342,166352,166355,3,10
166342,166350,166354,4,8
166342,166350,166355,5,8
166342,166351,166355,4,9
166342,166352,166355,3,10
166342,166353,166356,3,11
166342,166353,166356,3,11
166342,166352,166356,4,10
166342,166352,166355,3,10
166342,166354,166356,2,12
166342,166354,166356,2,12
166342,166354,166356,2,12
166342,166353,166356,3,11
166342,166354,166356,2,12
166342,166354,166356,2,12
165292,165295,166356,1061,3
166342,166354,166357,3,12
166342,166354,166357,3,12
166342,166353,166357,4,11
165269,165273,166357,1084,4
165283,165284,166357,1073,1
166342,166354,166357,3,12
166342,166352,166356,4,10
166342,166353,166357,4,11
166342,166354,166357,3,12
166342,166353,166357,4,11
166342,166354,166357,3,12
166342,166354,166357,3,12
166342,166354,166357,3,12
166342,166354,166357,3,12
166342,166354,166357,3,12
166342,166354,166357,3,12
166343,166356,166357,1,13
166342,166353,166357,4,11
166342,166354,166357,3,12
166342,166354,166357,3,12
166342,166354,166357,3,12
166342,166355,166358,3,13
166342,166355,166358,3,13
166342,166355,166357,2,13
166342,166355,166357,2,13
166342,166355,166358,3,13
166342,166355,166358,3,13
166342,166355,166358,3,13
166343,166356,166358,2,13
166342,166354,166357,3,12
166342,166355,166358,3,13
166342,166355,166358,3,13
166342,166355,166358,3,13
166342,166354,166357,3,12
166342,166354,166357,3,12
166342,166355,166358,3,13
166342,166355,166357,2,13
166343,166355,166358,3,12
166343,166355,166358,3,12
166343,166356,166358,2,13
166342,166355,166358,3,13
166343,166355,166358,3,12
166343,166356,166358,2,13
166343,166356,166358,2,13
166343,166356,166358,2,13
166343,166356,166358,2,13
166342,166354,166358,4,12
166343,166355,166358,3,12
166343,166357,166358,1,14
166342,166355,166359,4,13
166342,166355,166358,3,13
166343,166355,166359,4,12
166343,166355,166359,4,12
166343,166355,166359,4,12
166343,166355,166359,4,12
166343,166355,166359,4,12
166343,166355,166359,4,12
166343,166355,166359,4,12
166343,166355,166359,4,12
166343,166357,166359,2,14
166343,166355,166359,4,12
166343,166355,166359,4,12
166343,166355,166359,4,12
166343,166357,166359,2,14
165325,165330,166360,1030,5
166343,166357,166359,2,14
166343,166357,166360,3,14
165279,165279,166360,1081,0
166343,166357,166360,3,14
166343,166359,166361,2,16
166343,166357,166361,4,14
166343,166357,166361,4,14
165275,165275,166361,1086,0
166343,166357,166361,4,14
166343,166357,166361,4,14
166343,166357,166361,4,14
166343,166358,166361,3,15
166343,166358,166361,3,15
166343,166358,166361,3,15
166343,166357,166361,4,14
166343,166357,166361,4,14
166343,166357,166361,4,14
166343,166357,166361,4,14
166343,166357,166361,4,14
166343,166359,166361,2,16
166343,166357,166361,4,14
166343,166357,166361,4,14
166343,166358,166361,3,15
166343,166358,166361,3,15
166343,166358,166361,3,15
166343,166359,166362,3,16
166343,166358,166361,3,15
166343,166358,166362,4,15
166343,166359,166361,2,16
166343,166358,166362,4,15
166343,166358,166361,3,15
166343,166358,166362,4,15
166343,166358,166361,3,15
166343,166358,166362,4,15
166343,166358,166362,4,15
166343,166358,166362,4,15
166343,166358,166362,4,15
166343,166358,166361,3,15
166343,166358,166362,4,15
166343,166358,166362,4,15
166343,166359,166362,3,16
166343,166358,166362,4,15
166343,166359,166362,3,16
166343,166359,166362,3,16
166343,166359,166362,3,16
166343,166359,166362,3,16
166343,166359,166362,3,16
166343,166358,166362,4,15
166343,166359,166362,3,16
166343,166360,166362,2,17
166343,166360,166362,2,17
166343,166360,166363,3,17
166343,166360,166362,2,17
166343,166360,166362,2,17
166343,166360,166363,3,17
166343,166360,166362,2,17
166343,166360,166363,3,17
166343,166358,166362,4,15
166343,166358,166362,4,15
166343,166358,166362,4,15
166343,166360,166363,3,17
166343,166360,166363,3,17
166343,166362,166363,1,19
166343,166359,166363,4,16
166343,166360,166363,3,17
166343,166360,166363,3,17
166343,166359,166363,4,16
166343,166360,166363,3,17
166343,166360,166363,3,17
166343,166360,166363,3,17
166343,166362,166364,2,19
166343,166362,166364,2,19
166343,166360,166364,4,17
166343,166362,166364,2,19
166343,166360,166364,4,17
166343,166360,166364,4,17
166343,166361,166364,3,18
166343,166361,166364,3,18
166343,166362,166364,2,19
166343,166362,166364,2,19
166343,166362,166364,2,19
166343,166362,166364,2,19
166343,166362,166364,2,19
166343,166362,166364,2,19
166343,166362,166364,2,19
166343,166362,166364,2,19
166343,166362,166364,2,19
166343,166362,166364,2,19
166343,166362,166364,2,19
166343,166361,166365,4,18
166343,166362,166365,3,19
166343,166362,166364,2,19
166343,166362,166365,3,19
166343,166362,166365,3,19
166343,166361,166365,4,18
166343,166362,166365,3,19
166343,166362,166365,3,19
166343,166362,166365,3,19
166343,166363,166365,2,20
166343,166364,166366,2,21
166343,166361,166365,4,18
166343,166361,166365,4,18
166343,166362,166365,3,19
166343,166363,166366,3,20
166343,166363,166366,3,20
166343,166364,166365,1,21
166343,166363,166366,3,20
166343,166364,166365,1,21
166343,166363,166366,3,20
166343,166364,166366,2,21
166343,166363,166366,3,20
166343,166363,166366,3,20
166343,166363,166366,3,20
166343,166363,166366,3,20
166343,166363,166366,3,20
166343,166363,166366,3,20
166343,166363,166366,3,20
166343,166362,166366,4,19
166343,166362,166366,4,19
166343,166362,166366,4,19
166343,166362,166366,4,19
166343,166362,166366,4,19
166343,166362,166366,4,19
166343,166364,166366,2,21
166343,166364,166366,2,21
166343,166363,166366,3,20
166343,166364,166366,2,21
166343,166363,166366,3,20
166343,166364,166366,2,21
166343,166364,166367,3,21
166343,166363,166366,3,20
166343,166364,166366,2,21
166343,166364,166366,2,21
166343,166363,166367,4,20
166343,166363,166367,4,20
166343,166364,166366,2,21
166343,166363,166366,3,20
166343,166363,166367,4,20
166343,166363,166366,3,20
166343,166363,166366,3,20
166343,166363,166367,4,20
166343,166366,166368,2,23
166343,166366,166368,2,23
166343,166365,166368,3,22
166343,166365,166368,3,22
166343,166364,166367,3,21
166343,166365,166368,3,22
166343,166365,166369,4,22
166343,166364,166368,4,21
166343,166365,166368,3,22
166343,166365,166368,3,22
166343,166365,166368,3,22
166343,166366,166368,2,23
166343,166366,166368,2,23
166343,166365,166368,3,22
166343,166365,166368,3,22
166343,166365,166368,3,22
166343,166365,166368,3,22
166343,166365,166368,3,22
166343,166365,166368,3,22
166343,166365,166368,3,22
166343,166365,166368,3,22
166343,166366,166369,3,23
166343,166366,166369,3,23
166343,166366,166369,3,23
166343,166365,166368,3,22
166343,166365,166368,3,22
166343,166366,166369,3,23
166343,166366,166369,3,23
166343,166365,166369,4,22
166343,166366,166369,3,23
166343,166367,166369,2,24
166343,166365,166368,3,22
166343,166366,166369,3,23
166343,166366,166369,3,23
166343,166366,166369,3,23
166343,166365,166369,4,22
166343,166366,166369,3,23
166343,166366,166369,3,23
166343,166366,166369,3,23
166343,166365,166369,4,22
166343,166365,166369,4,22
166343,166367,166369,2,24
166343,166367,166369,2,24
166343,166367,166369,2,24
166343,166367,166369,2,24
166343,166367,166369,2,24
166343,166366,166369,3,23
166343,166367,166370,3,24
166343,166367,166370,3,24
166343,166368,166370,2,25
166343,166366,166369,3,23
166343,166366,166370,4,23
166343,166367,166370,3,24
166343,166366,166370,4,23
166343,166367,166369,2,24
166343,166367,166369,2,24
166343,166368,166370,2,25
166343,166367,166369,2,24
166343,166367,166370,3,24
166343,166367,166370,3,24
166343,166367,166370,3,24
166343,166367,166370,3,24
166343,166367,166370,3,24
166343,166367,166370,3,24
166343,166367,166370,3,24
166343,166367,166370,3,24
166343,166367,166371,4,24
166343,166368,166370,2,25
166343,166367,166371,4,24
166343,166369,166371,2,26
166343,166367,166370,3,24
166343,166369,166371,2,26
166343,166369,166371,2,26
166343,166369,166371,2,26
166343,166368,166371,3,25
166343,166369,166371,2,26
166343,166369,166371,2,26
166343,166367,166371,4,24
166343,166368,166371,3,25
166343,166368,166371,3,25
166343,166369,166371,2,26
166343,166369,166371,2,26
166343,166370,166372,2,27
166343,166370,166372,2,27
166343,166369,166372,3,26
166343,166369,166372,3,26
166343,166369,166373,4,26
166343,166371,166373,2,28
166343,166371,166372,1,28
166343,166370,166372,2,27
166343,166369,166372,3,26
166343,166369,166372,3,26
166343,166369,166373,4,26
166343,166369,166372,3,26
166343,166370,166372,2,27
166343,166369,166373,4,26
166343,166369,166373,4,26
166343,166369,166373,4,26
166343,166369,166373,4,26
166343,166370,166373,3,27
166343,166371,166373,2,28
165316,165316,166374,1058,0
166343,166370,166374,4,27
166343,166370,166373,3,27
166343,166369,166373,4,26
166343,166370,166374,4,27
166343,166370,166374,4,27
166343,166371,166374,3,28
166343,166369,166374,5,26
166343,166369,166373,4,26
166343,166369,166373,4,26
166343,166369,166373,4,26
166343,166370,166374,4,27
166343,166371,166374,3,28
166343,166371,166374,3,28
166343,166369,166374,5,26
166343,166369,166373,4,26
166343,166370,166374,4,27
166343,166369,166374,5,26
166343,166370,166374,4,27
166343,166371,166374,3,28
166343,166370,166374,4,27
166343,166370,166374,4,27
166343,166370,166375,5,27
166343,166370,166374,4,27
166343,166371,166374,3,28
166343,166369,166374,5,26
166343,166370,166374,4,27
166343,166370,166375,5,27
166343,166371,166375,4,28
166343,166369,166374,5,26
166343,166370,166375,5,27
166343,166370,166375,5,27
166343,166370,166374,4,27
166343,166370,166375,5,27
166343,166370,166375,5,27
166343,166371,166375,4,28
166343,166372,166375,3,29
166343,166372,166376,4,29
166343,166372,166375,3,29
166343,166372,166375,3,29
166343,166372,166376,4,29
166343,166373,166375,2,30
166343,166372,166375,3,29
166343,166372,166376,4,29
166343,166372,166376,4,29
166343,166373,166376,3,30
166343,166370,166376,6,27
166343,166370,166376,6,27
166343,166372,166376,4,29
166343,166372,166376,4,29
166343,166372,166377,5,29
166343,166372,166376,4,29
166343,166373,166376,3,30
166343,166373,166377,4,30
165322,165322,166376,1054,0
166343,166373,166376,3,30
166343,166372,166376,4,29
166343,166373,166376,3,30
166343,166373,166377,4,30
166343,166374,166377,3,31
166343,166373,166377,4,30
166343,166373,166377,4,30
166343,166373,166377,4,30
166343,166373,166377,4,30
166343,166374,166377,3,31
166343,166374,166377,3,31
166343,166374,166378,4,31
166343,166375,166378,3,32
166343,166374,166377,3,31
166343,166374,166377,3,31
166343,166374,166377,3,31
166343,166374,166377,3,31
166343,166374,166378,4,31
166343,166374,166377,3,31
166343,166374,166377,3,31
166343,166373,166378,5,30
166343,166373,166377,4,30
166343,166374,166377,3,31
166343,166374,166378,4,31
166343,166374,166378,4,31
166343,166374,166378,4,31
166343,166374,166378,4,31
166343,166374,166378,4,31
166343,166374,166378,4,31
166343,166374,166378,4,31
166343,166374,166378,4,31
166343,166375,166379,4,32
166343,166375,166378,3,32
166343,166375,166378,3,32
166343,166375,166378,3,32
166343,166375,166378,3,32
166343,166375,166378,3,32
166343,166374,166379,5,31
165305,165305,166382,1077,0
166381,166382,166383,1,1
166381,166382,166383,1,1
166381,166382,166383,1,1
166381,166382,166383,1,1
166381,166382,166383,1,1
166381,166382,166384,2,1
166381,166382,166384,2,1
166381,166382,166385,3,1
166381,166382,166385,3,1
166381,166382,166384,2,1
166381,166382,166384,2,1
166381,166382,166384,2,1
166381,166382,166384,2,1
166381,166382,166384,2,1
166381,166382,166384,2,1
166381,166382,166384,2,1
166381,166382,166385,3,1
166381,166382,166385,3,1
166381,166382,166385,3,1
166381,166382,166385,3,1
166381,166382,166386,4,1
166381,166382,166385,3,1
166381,166382,166386,4,1
166381,166382,166385,3,1
166381,166382,166386,4,1
166381,166382,166385,3,1
166381,166382,166385,3,1
166381,166382,166385,3,1
166381,166382,166385,3,1
166381,166382,166385,3,1
166381,166382,166386,4,1
166381,166382,166385,3,1
166381,166382,166385,3,1
166381,166382,166385,3,1
166381,166382,166385,3,1
166381,166382,166385,3,1
166381,166382,166386,4,1
166381,166382,166386,4,1
166381,166382,166385,3,1
166381,166382,166386,4,1
166381,166382,166385,3,1
166381,166382,166386,4,1
166381,166382,166386,4,1
166381,166382,166385,3,1
166381,166382,166385,3,1
166381,166382,166386,4,1
166381,166383,166385,2,2
166381,166384,166385,1,3
166381,166382,166386,4,1
166381,166382,166386,4,1
166381,166382,166385,3,1
166381,166382,166385,3,1
166381,166382,166386,4,1
166381,166382,166386,4,1
166381,166382,166386,4,1
166381,166382,166386,4,1
166381,166382,166386,4,1
166381,166382,166386,4,1
166381,166384,166386,2,3
166381,166382,166386,4,1
166381,166382,166386,4,1
166381,166385,166386,1,4
166381,166382,166386,4,1
166381,166385,166386,1,4
166381,166384,166387,3,3
166381,166382,166386,4,1
166381,166382,166386,4,1
166381,166382,166387,5,1
166381,166382,166386,4,1
166381,166385,166387,2,4
166381,166384,166387,3,3
166381,166385,166387,2,4
166381,166384,166387,3,3
166381,166386,166388,2,5
166381,166382,166387,5,1
166381,166385,166387,2,4
166381,166385,166387,2,4
166381,166385,166388,3,4
166381,166385,166387,2,4
166381,166385,166387,2,4
166381,166385,166388,3,4
166381,166386,166388,2,5
166381,166386,166388,2,5
166381,166386,166389,3,5
166381,166386,166388,2,5
166381,166386,166388,2,5
166381,166386,166388,2,5
166381,166386,166388,2,5
166381,166386,166388,2,5
166381,166386,166389,3,5
166381,166386,166389,3,5
166381,166385,166388,3,4
166381,166386,166388,2,5
166381,166386,166389,3,5
166381,166385,166388,3,4
166381,166386,166388,2,5
166381,166386,166388,2,5
166381,166386,166388,2,5
166381,166386,166388,2,5
166381,166387,166388,1,6
166381,166387,166389,2,6
166381,166386,166388,2,5
166381,166386,166389,3,5
166381,166386,166388,2,5
166381,166386,166388,2,5
166381,166386,166389,3,5
166381,166386,166388,2,5
166381,166386,166389,3,5
166381,166386,166389,3,5
166381,166386,166389,3,5
166381,166386,166389,3,5
166381,166386,166389,3,5
166381,166386,166389,3,5
166381,166386,166389,3,5
166381,166387,166389,2,6
166381,166386,166389,3,5
166381,166386,166389,3,5
166381,166386,166389,3,5
166381,166387,166390,3,6
166381,166387,166390,3,6
166381,166387,166390,3,6
166381,166387,166390,3,6
166381,166388,166390,2,7
166381,166388,166390,2,7
166381,166386,166389,3,5
166381,166386,166390,4,5
166381,166386,166389,3,5
166381,166387,166390,3,6
166381,166387,166390,3,6
166381,166387,166390,3,6
166381,166387,166390,3,6
166381,166387,166390,3,6
166381,166387,166390,3,6
166381,166387,166390,3,6
166381,166388,166391,3,7
166381,166388,166391,3,7
166381,166388,166390,2,7
166381,166387,166390,3,6
166381,166388,166391,3,7
166381,166389,166391,2,8
166381,166388,166391,3,7
166381,166388,166391,3,7
166381,166388,166391,3,7
166381,166389,166391,2,8
166381,166389,166392,3,8
166381,166387,166391,4,6
166381,166389,166392,3,8
166381,166390,166392,2,9
166381,166390,166391,1,9
166381,166390,166391,1,9
166381,166387,166391,4,6
166381,166388,166391,3,7
166381,166388,166391,3,7
166381,166388,166391,3,7
166381,166389,166392,3,8
166381,166389,166392,3,8
166381,166389,166392,3,8
166381,166389,166392,3,8
166381,166390,166392,2,9
166381,166390,166392,2,9
166381,166390,166392,2,9
166381,166390,166392,2,9
166381,166389,166392,3,8
166381,166390,166393,3,9
166381,166389,166393,4,8
166381,166389,166392,3,8
166381,166389,166393,4,8
166381,166390,166393,3,9
166381,166389,166393,4,8
166381,166390,166393,3,9
166381,166389,166392,3,8
166381,166389,166393,4,8
166381,166389,166393,4,8
166381,166390,166393,3,9
166381,166390,166393,3,9
166381,166391,166393,2,10
166381,166389,166392,3,8
166381,166389,166393,4,8
166381,166389,166393,4,8
166381,166389,166393,4,8
166381,166389,166393,4,8
166381,166389,166393,4,8
166381,166389,166393,4,8
166381,166389,166393,4,8
166381,166389,166393,4,8
166381,166389,166393,4,8
166381,166389,166393,4,8
166381,166389,166393,4,8
166381,166390,166393,3,9
166381,166391,166393,2,10
166381,166391,166393,2,10
166381,166391,166393,2,10
166381,166392,166394,2,11
166381,166391,166394,3,10
166381,166391,166394,3,10
166381,166390,166393,3,9
166381,166391,166394,3,10
166381,166390,166394,4,9
166381,166391,166394,3,10
166381,166392,166394,2,11
166381,166390,166394,4,9
166381,166390,166394,4,9
166343,166372,166376,4,29
166343,166372,166376,4,29
166343,166372,166376,4,29
166343,166374,166377,3,31
166381,166392,166394,2,11
166381,166392,166394,2,11
166381,166393,166394,1,12
166381,166393,166395,2,12
166381,166393,166394,1,12
166381,166391,166394,3,10
166381,166391,166395,4,10
166381,166391,166395,4,10
166381,166393,166395,2,12
166381,166393,166395,2,12
166381,166392,166395,3,11
166381,166392,166395,3,11
166381,166392,166395,3,11
166381,166392,166395,3,11
166381,166391,166395,4,10
166381,166392,166395,3,11
166381,166392,166394,2,11
166381,166392,166395,3,11
166381,166390,166395,5,9
166381,166392,166395,3,11
166381,166392,166395,3,11
166381,166392,166395,3,11
166381,166391,166395,4,10
166381,166392,166395,3,11
165332,165342,166395,1053,10
166381,166393,166395,2,12
166381,166392,166395,3,11
166381,166394,166396,2,13
166381,166392,166396,4,11
166381,166393,166395,2,12
166381,166394,166396,2,13
166381,166393,166396,3,12
166381,166393,166396,3,12
166381,166394,166396,2,13
166381,166393,166396,3,12
166381,166393,166395,2,12
166381,166394,166396,2,13
166381,166393,166396,3,12
166381,166393,166396,3,12
166381,166393,166396,3,12
166381,166393,166396,3,12
166381,166395,166396,1,14
166381,166393,166397,4,12
166381,166394,166396,2,13
166381,166394,166397,3,13
166381,166394,166396,2,13
166381,166394,166396,2,13
166381,166395,166397,2,14
166381,166395,166397,2,14
166381,166395,166397,2,14
166381,166395,166397,2,14
166381,166393,166397,4,12
166381,166393,166397,4,12
166381,166393,166397,4,12
166381,166393,166397,4,12
166381,166393,166397,4,12
166381,166393,166397,4,12
166381,166393,166397,4,12
166381,166393,166397,4,12
166381,166394,166397,3,13
166381,166394,166397,3,13
166381,166395,166397,2,14
166381,166395,166397,2,14
166381,166394,166397,3,13
166381,166395,166397,2,14
166381,166395,166397,2,14
166381,166395,166398,3,14
166381,166395,166398,3,14
166381,166395,166398,3,14
166381,166395,166398,3,14
166381,166395,166398,3,14
166381,166393,166398,5,12
166381,166393,166398,5,12
166381,166395,166398,3,14
166381,166395,166399,4,14
166381,166395,166398,3,14
166381,166395,166398,3,14
166381,166395,166399,4,14
166381,166395,166398,3,14
166381,166396,166399,3,15
166381,166396,166399,3,15
166381,166394,166398,4,13
166381,166396,166399,3,15
166381,166395,166398,3,14
166381,166395,166398,3,14
166381,166395,166399,4,14
166381,166395,166399,4,14
166381,166395,166399,4,14
166381,166395,166400,5,14
166381,166395,166399,4,14
166381,166397,166399,2,16
166381,166396,166399,3,15
166381,166397,166400,3,16
166381,166397,166399,2,16
166381,166395,166399,4,14
166381,166396,166399,3,15
166381,166397,166400,3,16
166381,166397,166399,2,16
166381,166397,166400,3,16
166381,166398,166400,2,17
166381,166398,166400,2,17
166381,166395,166399,4,14
166381,166396,166399,3,15
166381,166397,166400,3,16
166381,166395,166400,5,14
166381,166396,166400,4,15
166381,166396,166400,4,15
166381,166397,166400,3,16
166381,166398,166400,2,17
166381,166396,166400,4,15
166381,166396,166400,4,15
166381,166396,166400,4,15
166381,166398,166401,3,17
166381,166399,166400,1,18
166381,166397,166400,3,16
166381,166398,166400,2,17
166381,166398,166400,2,17
166381,166397,166400,3,16
166381,166397,166400,3,16
166381,166397,166400,3,16
166381,166395,166400,5,14
166381,166395,166400,5,14
166381,166397,166400,3,16
166381,166397,166400,3,16
166381,166398,166400,2,17
166381,166398,166400,2,17
166381,166398,166400,2,17
166381,166398,166400,2,17
166381,166399,166401,2,18
166381,166398,166401,3,17
166381,166398,166400,2,17
166381,166398,166400,2,17
166381,166398,166400,2,17
166381,166397,166400,3,16
166381,166398,166401,3,17
166381,166397,166401,4,16
166381,166399,166401,2,18
166381,166398,166401,3,17
166381,166398,166401,3,17
166381,166399,166401,2,18
166381,166397,166401,4,16
166381,166398,166401,3,17
166381,166399,166401,2,18
166381,166399,166401,2,18
166381,166399,166401,2,18
166381,166399,166401,2,18
166381,166399,166402,3,18
166381,166399,166402,3,18
166381,166399,166402,3,18
166381,166399,166402,3,18
166381,166399,166401,2,18
166381,166399,166402,3,18
166382,166400,166402,2,18
166381,166398,166401,3,17
166381,166399,166402,3,18
166381,166399,166402,3,18
166382,166400,166402,2,18
166382,166401,166402,1,19
166382,166401,166402,1,19
166382,166401,166402,1,19
166382,166401,166402,1,19
166382,166401,166402,1,19
166381,166399,166402,3,18
166382,166401,166402,1,19
166382,166401,166402,1,19
166381,166400,166402,2,19
166382,166400,166402,2,18
166382,166400,166403,3,18
166381,166400,166402,2,19
166382,166400,166403,3,18
166382,166400,166403,3,18
166382,166400,166403,3,18
166382,166400,166403,3,18
166382,166400,166403,3,18
166382,166400,166403,3,18
166382,166400,166402,2,18
166382,166400,166402,2,18
166382,166400,166402,2,18
166382,166402,166404,2,20
166381,166400,166403,3,19
166382,166401,166403,2,19
166382,166401,166404,3,19
166382,166400,166403,3,18
166382,166400,166403,3,18
166382,166401,166404,3,19
166382,166400,166404,4,18
166382,166402,166404,2,20
166382,166401,166405,4,19
166382,166401,166404,3,19
166382,166401,166404,3,19
166382,166401,166405,4,19
166382,166401,166404,3,19
166382,166401,166404,3,19
166382,166402,166405,3,20
166382,166401,166405,4,19
166382,166401,166405,4,19
166382,166401,166404,3,19
166382,166401,166405,4,19
166382,166401,166405,4,19
166382,166401,166405,4,19
166382,166401,166404,3,19
166382,166401,166405,4,19
166382,166401,166404,3,19
166382,166402,166404,2,20
166382,166402,166405,3,20
166382,166401,166405,4,19
166382,166401,166405,4,19
166382,166401,166405,4,19
166382,166402,166405,3,20
166382,166401,166405,4,19
166382,166402,166405,3,20
166382,166402,166405,3,20
166382,166401,166405,4,19
166382,166402,166405,3,20
166382,166402,166405,3,20
166382,166402,166405,3,20
166382,166402,166405,3,20
166382,166403,166406,3,21
166382,166403,166406,3,21
166382,166403,166406,3,21
166382,166403,166406,3,21
166382,166402,166405,3,20
166382,166403,166406,3,21
166382,166403,166406,3,21
166382,166401,166406,5,19
166382,166403,166406,3,21
166382,166402,166406,4,20
166382,166402,166406,4,20
166382,166402,166405,3,20
166382,166402,166405,3,20
166382,166403,166406,3,21
166382,166402,166406,4,20
166382,166402,166405,3,20
166382,166403,166406,3,21
166382,166402,166406,4,20
166382,166402,166405,3,20
166382,166402,166406,4,20
166382,166403,166406,3,21
166382,166403,166406,3,21
166382,166403,166406,3,21
166382,166403,166406,3,21
166382,166403,166406,3,21
166382,166403,166406,3,21
166382,166403,166406,3,21
166382,166403,166406,3,21
166382,166404,166407,3,22
166382,166403,166407,4,21
166382,166403,166406,3,21
166382,166404,166407,3,22
166382,166404,166407,3,22
166382,166403,166407,4,21
166382,166404,166407,3,22
166382,166403,166407,4,21
166382,166404,166407,3,22
166382,166405,166407,2,23
166382,166405,166408,3,23
166382,166405,166408,3,23
166382,166405,166407,2,23
166382,166405,166407,2,23
166382,166405,166407,2,23
166382,166405,166408,3,23
166382,166405,166407,2,23
166382,166405,166408,3,23
166382,166404,166408,4,22
166382,166405,166408,3,23
166382,166405,166407,2,23
166382,166405,166408,3,23
166382,166404,166408,4,22
166382,166405,166407,2,23
166382,166405,166407,2,23
166382,166405,166408,3,23
166382,166406,166408,2,24
166382,166406,166408,2,24
166382,166405,166407,2,23
166382,166405,166408,3,23
166382,166405,166408,3,23
166382,166406,166408,2,24
166382,166404,166408,4,22
166382,166405,166408,3,23
166382,166405,166408,3,23
166382,166405,166408,3,23
166382,166405,166408,3,23
166382,166405,166408,3,23
166382,166407,166409,2,25
166382,166407,166409,2,25
166382,166405,166409,4,23
166382,166406,166409,3,24
166382,166406,166408,2,24
166382,166406,166409,3,24
166382,166406,166409,3,24
166382,166406,166409,3,24
166382,166405,166408,3,23
166382,166406,166409,3,24
166382,166406,166409,3,24
166382,166407,166409,2,25
166382,166405,166409,4,23
166382,166405,166409,4,23
166382,166405,166409,4,23
166382,166405,166409,4,23
166382,166406,166409,3,24
166382,166405,166409,4,23
166382,166407,166409,2,25
166382,166406,166409,3,24
166382,166407,166410,3,25
166382,166407,166409,2,25
166382,166407,166409,2,25
166382,166406,166410,4,24
166382,166406,166409,3,24
166382,166406,166409,3,24
166382,166407,166409,2,25
166382,166406,166410,4,24
166382,166407,166410,3,25
166382,166407,166409,2,25
166382,166407,166410,3,25
166382,166408,166410,2,26
166382,166407,166410,3,25
166382,166407,166410,3,25
166382,166407,166410,3,25
166382,166407,166410,3,25
166382,166408,166410,2,26
166382,166407,166410,3,25
166382,166407,166410,3,25
166382,166408,166411,3,26
166382,166408,166411,3,26
166382,166408,166411,3,26
166382,166407,166411,4,25
166382,166406,166411,5,24
166382,166408,166411,3,26
166382,166408,166411,3,26
166382,166409,166412,3,27
166382,166409,166411,2,27
166382,166409,166411,2,27
166382,166409,166411,2,27
166382,166409,166411,2,27
166382,166408,166412,4,26
166382,166408,166412,4,26
166382,166408,166412,4,26
166382,166409,166412,3,27
166382,166408,166412,4,26
166382,166408,166412,4,26
166382,166408,166412,4,26
166382,166408,166412,4,26
166382,166409,166412,3,27
166382,166410,166412,2,28
166382,166408,166412,4,26
166382,166408,166412,4,26
166382,166409,166412,3,27
166382,166408,166412,4,26
166382,166408,166412,4,26
166382,166408,166412,4,26
166382,166408,166412,4,26
166382,166408,166412,4,26
166382,166408,166412,4,26
166382,166408,166412,4,26
166382,166409,166412,3,27
166382,166409,166412,3,27
166382,166409,166412,3,27
166382,166408,166412,4,26
166382,166408,166412,4,26
166382,166409,166411,2,27
166382,166409,166413,4,27
166382,166410,166412,2,28
166382,166409,166412,3,27
166382,166410,166413,3,28
166382,166410,166413,3,28
166382,166409,166413,4,27
166382,166410,166413,3,28
166382,166410,166412,2,28
166382,166409,166412,3,27
166382,166409,166413,4,27
166382,166410,166413,3,28
166382,166409,166413,4,27
166382,166408,166413,5,26
166382,166410,166413,3,28
166382,166410,166413,3,28
166382,166410,166413,3,28
166382,166410,166413,3,28
166382,166410,166413,3,28
166382,166411,166414,3,29
166382,166411,166414,3,29
166382,166410,166413,3,28
166382,166410,166413,3,28
166382,166411,166414,3,29
166382,166411,166413,2,29
166382,166411,166414,3,29
166382,166410,166414,4,28
166382,166411,166414,3,29
166382,166411,166413,2,29
166382,166410,166413,3,28
166382,166410,166414,4,28
166382,166410,166413,3,28
166382,166411,166413,2,29
166382,166411,166413,2,29
166382,166411,166414,3,29
166382,166411,166414,3,29
166382,166413,166414,1,31
166382,166413,166414,1,31
166382,166412,166414,2,30
166382,166413,166414,1,31
166382,166413,166414,1,31
166382,166413,166414,1,31
166382,166412,166414,2,30
166382,166412,166414,2,30
166382,166412,166415,3,30
166382,166411,166415,4,29
166382,166413,166415,2,31
166382,166413,166416,3,31
166382,166412,166415,3,30
166382,166412,166416,4,30
166382,166412,166416,4,30
166382,166413,166416,3,31
166382,166412,166416,4,30
166382,166412,166416,4,30
166382,166412,166416,4,30
166382,166412,166416,4,30
166382,166412,166416,4,30
166382,166412,166416,4,30
166382,166412,166416,4,30
166382,166414,166417,3,32
166382,166413,166417,4,31
166382,166412,166416,4,30
166382,166414,166417,3,32
166382,166414,166417,3,32
166382,166412,166416,4,30
166382,166413,166416,3,31
166382,166413,166416,3,31
166382,166414,166417,3,32
166382,166412,166416,4,30
166382,166412,166417,5,30
166382,166412,166417,5,30
166382,166412,166417,5,30
166382,166413,166417,4,31
166382,166412,166417,5,30
166382,166412,166417,5,30
166382,166413,166417,4,31
166382,166414,166417,3,32
166382,166413,166417,4,31
166382,166413,166417,4,31
166382,166413,166417,4,31
166382,166414,166417,3,32
166382,166413,166417,4,31
166382,166413,166417,4,31
166382,166413,166418,5,31
166382,166414,166417,3,32
166382,166414,166417,3,32
166382,166414,166417,3,32
166382,166414,166417,3,32
166382,166414,166417,3,32
166382,166414,166418,4,32
166382,166413,166418,5,31
166382,166414,166418,4,32
166382,166413,166418,5,31
166382,166414,166418,4,32
166382,166414,166418,4,32
166382,166414,166418,4,32
166382,166415,166418,3,33
166382,166415,166418,3,33
166382,166415,166418,3,33
166382,166414,166418,4,32
166382,166415,166418,3,33
166382,166415,166418,3,33
166382,166415,166419,4,33
166382,166415,166419,4,33
166382,166416,166419,3,34
166382,166414,166419,5,32
166382,166414,166418,4,32
166382,166415,166419,4,33
166382,166415,166419,4,33
166382,166414,166419,5,32
166382,166414,166419,5,32
166382,166414,166419,5,32
166382,166414,166419,5,32
166382,166414,166419,5,32
166382,166417,166420,3,35
166382,166416,166419,3,34
166382,166414,166419,5,32
166382,166417,166420,3,35
166382,166416,166420,4,34
166382,166416,166420,4,34
166382,166414,166419,5,32
166382,166416,166420,4,34
166382,166417,166420,3,35
166382,166417,166420,3,35
166382,166416,166421,5,34
166382,166417,166420,3,35
166382,166418,166421,3,36
166382,166418,166421,3,36
166382,166416,166421,5,34
166382,166417,166421,4,35
166382,166417,166421,4,35
166382,166418,166421,3,36
166382,166417,166421,4,35
166382,166417,166420,3,35
166382,166417,166421,4,35
166382,166417,166421,4,35
166382,166418,166421,3,36
166382,166417,166421,4,35
166382,166417,166421,4,35
166382,166418,166421,3,36
166382,166418,166421,3,36
166382,166418,166421,3,36
166382,166418,166421,3,36
166382,166417,166421,4,35
166382,166418,166421,3,36
166382,166417,166421,4,35
166382,166417,166421,4,35
166382,166417,166421,4,35
166382,166418,166421,3,36
166382,166418,166422,4,36
166382,166418,166422,4,36
166382,166418,166421,3,36
166382,166418,166421,3,36
166382,166418,166421,3,36
166382,166417,166422,5,35
166382,166418,166422,4,36
166382,166418,166422,4,36
166382,166418,166422,4,36
166382,166418,166421,3,36
166382,166418,166422,4,36
166450,166450,166452,2,0
166450,166450,166452,2,0
166450,166450,166452,2,0
166450,166450,166452,2,0
166450,166450,166453,3,0
166450,166450,166452,2,0
166450,166450,166452,2,0
166450,166450,166452,2,0
166450,166450,166452,2,0
166450,166450,166452,2,0
166450,166450,166452,2,0
166450,166450,166453,3,0
166450,166450,166453,3,0
166450,166450,166453,3,0
166450,166450,166452,2,0
166450,166450,166453,3,0
166450,166450,166453,3,0
166450,166450,166454,4,0
166450,166450,166453,3,0
166450,166450,166454,4,0
166450,166450,166453,3,0
166450,166450,166453,3,0
166450,166450,166454,4,0
166450,166450,166454,4,0
166450,166450,166454,4,0
166450,166450,166454,4,0
166450,166450,166454,4,0
166450,166450,166454,4,0
166450,166450,166454,4,0
166450,166450,166454,4,0
166450,166450,166454,4,0
166450,166450,166454,4,0
166450,166450,166454,4,0
166450,166450,166454,4,0
166450,166450,166454,4,0
166450,166450,166454,4,0
166450,166450,166454,4,0
166450,166450,166454,4,0
166450,166450,166454,4,0
166450,166450,166453,3,0
166450,166450,166453,3,0
166450,166450,166454,4,0
166450,166450,166454,4,0
166450,166450,166454,4,0
166450,166450,166454,4,0
166450,166450,166454,4,0
166450,166450,166454,4,0
166450,166450,166454,4,0
166450,166450,166454,4,0
166450,166450,166454,4,0
166450,166450,166454,4,0
166450,166450,166454,4,0
166450,166450,166454,4,0
166450,166450,166454,4,0
166450,166450,166454,4,0
166450,166450,166454,4,0
166450,166450,166454,4,0
166450,166450,166454,4,0
166450,166450,166455,5,0
166450,166450,166455,5,0
166450,166450,166455,5,0
166450,166450,166455,5,0
166450,166450,166455,5,0
166450,166450,166455,5,0
166450,166453,166455,2,3
166450,166450,166455,5,0
166450,166453,166455,2,3
166450,166453,166455,2,3
166450,166450,166455,5,0
166450,166450,166455,5,0
166450,166450,166455,5,0
166450,166450,166455,5,0
166450,166450,166455,5,0
166450,166453,166457,4,3
166450,166453,166456,3,3
166450,166452,166456,4,2
166450,166453,166456,3,3
166450,166455,166456,1,5
166450,166455,166457,2,5
166450,166453,166456,3,3
166450,166452,166456,4,2
166450,166452,166456,4,2
166450,166453,166457,4,3
166450,166454,166457,3,4
166450,166454,166457,3,4
166450,166454,166457,3,4
166450,166454,166457,3,4
166450,166454,166457,3,4
166450,166452,166457,5,2
166450,166453,166457,4,3
166450,166455,166457,2,5
166450,166455,166457,2,5
166450,166454,166457,3,4
166450,166454,166457,3,4
166450,166454,166458,4,4
166450,166454,166457,3,4
166450,166455,166457,2,5
166450,166455,166457,2,5
166450,166455,166457,2,5
166450,166455,166457,2,5
166450,166453,166457,4,3
166450,166453,166457,4,3
166450,166455,166457,2,5
166450,166455,166457,2,5
166450,166455,166458,3,5
166450,166453,166457,4,3
166450,166455,166457,2,5
166450,166455,166457,2,5
166450,166455,166458,3,5
166450,166455,166457,2,5
166450,166455,166458,3,5
166450,166455,166457,2,5
166450,166455,166457,2,5
166450,166455,166457,2,5
166450,166455,166457,2,5
166450,166455,166458,3,5
166450,166454,166458,4,4
166450,166455,166458,3,5
166450,166455,166459,4,5
166450,166455,166458,3,5
166450,166456,166458,2,6
166450,166455,166458,3,5
166450,166456,166459,3,6
166450,166456,166459,3,6
166450,166456,166459,3,6
166450,166455,166458,3,5
166450,166455,166458,3,5
166450,166455,166459,4,5
166450,166456,166459,3,6
166450,166455,166458,3,5
166450,166455,166458,3,5
166450,166456,166458,2,6
166450,166457,166459,2,7
166450,166455,166458,3,5
166450,166455,166458,3,5
166450,166456,166459,3,6
166450,166456,166458,2,6
166450,166456,166459,3,6
166450,166455,166459,4,5
166450,166458,166459,1,8
166450,166456,166459,3,6
166450,166456,166459,3,6
166450,166456,166460,4,6
166450,166456,166460,4,6
166450,166457,166459,2,7
166450,166457,166459,2,7
166450,166457,166460,3,7
166450,166458,166460,2,8
166450,166455,166460,5,5
166450,166458,166460,2,8
166450,166457,166460,3,7
166450,166457,166460,3,7
166450,166459,166461,2,9
166450,166458,166460,2,8
166450,166458,166460,2,8
166450,166458,166460,2,8
166450,166458,166461,3,8
166450,166457,166460,3,7
166450,166457,166460,3,7
166450,166457,166461,4,7
166450,166458,166461,3,8
166450,166457,166461,4,7
166450,166458,166461,3,8
166450,166458,166461,3,8
166450,166458,166460,2,8
166450,166458,166460,2,8
166450,166458,166461,3,8
166450,166458,166461,3,8
166450,166458,166461,3,8
166450,166458,166461,3,8
166450,166458,166461,3,8
166450,166458,166461,3,8
166450,166458,166461,3,8
166450,166458,166461,3,8
166450,166458,166461,3,8
166450,166458,166461,3,8
166450,166458,166462,4,8
166450,166459,166462,3,9
166450,166459,166461,2,9
166450,166458,166461,3,8
166450,166458,166462,4,8
166450,166458,166462,4,8
166450,166459,166462,3,9
166450,166459,166462,3,9
166450,166458,166462,4,8
166450,166460,166462,2,10
166450,166458,166461,3,8
166450,166458,166462,4,8
166450,166459,166462,3,9
166450,166460,166463,3,10
166450,166461,166463,2,11
166450,166461,166463,2,11
166450,166458,166462,4,8
166450,166459,166462,3,9
166450,166459,166463,4,9
166450,166458,166462,4,8
166450,166458,166462,4,8
166450,166459,166463,4,9
166450,166459,166463,4,9
166450,166459,166462,3,9
166450,166459,166463,4,9
166450,166460,166463,3,10
166450,166460,166463,3,10
166450,166460,166463,3,10
166450,166459,166463,4,9
166450,166460,166463,3,10
166450,166459,166462,3,9
166450,166460,166463,3,10
166450,166461,166463,2,11
166450,166461,166463,2,11
166450,166458,166462,4,8
166450,166459,166462,3,9
166450,166459,166463,4,9
166450,166459,166463,4,9
166450,166459,166463,4,9
166450,166459,166463,4,9
166450,166459,166463,4,9
166450,166459,166463,4,9
166450,166459,166463,4,9
166450,166460,166463,3,10
166450,166461,166463,2,11
166450,166461,166463,2,11
166450,166461,166463,2,11
166450,166460,166463,3,10
166450,166460,166463,3,10
166450,166461,166463,2,11
166450,166461,166463,2,11
166450,166461,166464,3,11
166450,166461,166464,3,11
166450,166461,166464,3,11
166450,166461,166464,3,11
166450,166461,166464,3,11
166450,166461,166464,3,11
166450,166461,166464,3,11
166450,166461,166464,3,11
166450,166461,166464,3,11
166450,166462,166464,2,12
166450,166462,166464,2,12
166450,166462,166464,2,12
166450,166463,166464,1,13
166450,166463,166464,1,13
166450,166463,166464,1,13
166450,166462,166465,3,12
166450,166463,166464,1,13
166450,166463,166465,2,13
166450,166462,166465,3,12
166450,166462,166465,3,12
166450,166462,166464,2,12
166450,166462,166465,3,12
166450,166462,166466,4,12
166450,166462,166466,4,12
166450,166462,166466,4,12
166450,166462,166466,4,12
166450,166462,166465,3,12
166450,166462,166466,4,12
166450,166462,166466,4,12
166450,166462,166466,4,12
166450,166462,166466,4,12
166450,166463,166466,3,13
166450,166462,166466,4,12
166450,166463,166466,3,13
166450,166462,166466,4,12
166450,166462,166466,4,12
166450,166463,166466,3,13
166450,166462,166465,3,12
166450,166462,166466,4,12
166450,166463,166466,3,13
166450,166463,166466,3,13
166450,166463,166466,3,13
166450,166463,166466,3,13
166450,166462,166467,5,12
166450,166463,166467,4,13
166450,166463,166467,4,13
166450,166463,166467,4,13
166450,166463,166467,4,13
166450,166463,166467,4,13
166450,166463,166467,4,13
166450,166463,166467,4,13
166450,166463,166467,4,13
166450,166463,166467,4,13
166450,166464,166468,4,14
166450,166464,166467,3,14
166450,166464,166467,3,14
166450,166464,166467,3,14
166450,166465,166468,3,15
166450,166464,166468,4,14
166450,166464,166468,4,14
166450,166463,166468,5,13
166450,166463,166468,5,13
166450,166464,166468,4,14
166450,166463,166468,5,13
166450,166463,166468,5,13
166450,166463,166468,5,13
166450,166463,166468,5,13
166450,166464,166468,4,14
166450,166464,166468,4,14
166450,166463,166468,5,13
166450,166463,166468,5,13
166450,166465,166469,4,15
166450,166463,166468,5,13
166450,166465,166469,4,15
166450,166465,166469,4,15
166450,166465,166468,3,15
166450,166465,166468,3,15
166450,166466,166469,3,16
166450,166464,166469,5,14
166450,166464,166469,5,14
166450,166464,166468,4,14
166450,166465,166468,3,15
166450,166464,166468,4,14
166450,166465,166469,4,15
166450,166466,166469,3,16
166450,166464,166469,5,14
166450,166466,166469,3,16
166450,166464,166469,5,14
166450,166464,166469,5,14
166450,166465,166469,4,15
166450,166465,166469,4,15
166450,166465,166469,4,15
166450,166465,166470,5,15
166450,166466,166469,3,16
166450,166466,166470,4,16
166450,166466,166469,3,16
166450,166466,166470,4,16
166450,166466,166470,4,16
166450,166466,166470,4,16
166450,166466,166470,4,16
166450,166466,166470,4,16
166450,166466,166470,4,16
166450,166467,166470,3,17
166450,166466,166470,4,16
166450,166466,166470,4,16
166450,166468,166470,2,18
166450,166467,166470,3,17
166450,166468,166470,2,18
166450,166468,166470,2,18
166450,166465,166470,5,15
166450,166467,166470,3,17
166450,166467,166470,3,17
166450,166467,166470,3,17
166450,166467,166470,3,17
166450,166468,166470,2,18
166450,166468,166471,3,18
166450,166468,166471,3,18
166450,166468,166471,3,18
166450,166468,166471,3,18
166450,166467,166471,4,17
166450,166466,166471,5,16
166450,166468,166471,3,18
166450,166468,166471,3,18
166450,166466,166471,5,16
166450,166467,166471,4,17
166450,166467,166471,4,17
166450,166468,166471,3,18
166450,166468,166471,3,18
166450,166468,166471,3,18
166450,166467,166471,4,17
166450,166467,166471,4,17
166450,166468,166471,3,18
166450,166467,166471,4,17
166507,166507,166509,2,0
166507,166507,166510,3,0
166507,166507,166510,3,0
166507,166507,166510,3,0
166507,166507,166510,3,0
166507,166507,166510,3,0
166507,166507,166509,2,0
166507,166507,166510,3,0
166507,166507,166510,3,0
166507,166507,166510,3,0
166507,166507,166511,4,0
166507,166507,166511,4,0
166507,166507,166511,4,0
166507,166507,166511,4,0
166507,166507,166511,4,0
166507,166507,166511,4,0
166507,166507,166510,3,0
166507,166507,166511,4,0
166507,166507,166511,4,0
166507,166507,166511,4,0
166507,166507,166511,4,0
166507,166507,166511,4,0
166507,166507,166511,4,0
166507,166507,166510,3,0
166507,166507,166511,4,0
166507,166507,166511,4,0
166507,166507,166510,3,0
166507,166507,166511,4,0
166507,166507,166511,4,0
166507,166507,166511,4,0
166507,166507,166511,4,0
166507,166507,166511,4,0
166507,166507,166511,4,0
166507,166507,166511,4,0
166507,166507,166511,4,0
166507,166507,166511,4,0
166507,166507,166511,4,0
166507,166507,166511,4,0
166507,166507,166511,4,0
166507,166507,166511,4,0
166507,166507,166511,4,0
166507,166507,166511,4,0
166507,166507,166511,4,0
166507,166507,166511,4,0
166507,166508,166511,3,1
166507,166507,166511,4,0
166507,166507,166511,4,0
166507,166507,166511,4,0
166507,166507,166511,4,0
166507,166507,166512,5,0
166507,166507,166511,4,0
166507,166507,166512,5,0
166507,166507,166512,5,0
166507,166507,166512,5,0
166507,166507,166512,5,0
166507,166507,166512,5,0
166507,166507,166512,5,0
166507,166507,166512,5,0
166507,166507,166512,5,0
166507,166507,166512,5,0
166507,166507,166512,5,0
166507,166507,166512,5,0
166507,166507,166512,5,0
166507,166511,166513,2,4
166507,166510,166513,3,3
166507,166509,166513,4,2
166507,166510,166514,4,3
166507,166510,166513,3,3
166507,166510,166514,4,3
166507,166511,166514,3,4
166507,166511,166514,3,4
166507,166511,166514,3,4
166507,166513,166514,1,6
166507,166510,166514,4,3
166507,166510,166514,4,3
166507,166512,166514,2,5
166507,166512,166514,2,5
166507,166512,166514,2,5
166507,166510,166514,4,3
166507,166512,166514,2,5
166507,166512,166514,2,5
166507,166512,166514,2,5
166507,166512,166514,2,5
166507,166510,166514,4,3
166507,166512,166514,2,5
166507,166512,166515,3,5
166507,166510,166514,4,3
166507,166512,166514,2,5
166507,166512,166514,2,5
166507,166512,166515,3,5
166507,166512,166515,3,5
166507,166512,166515,3,5
166507,166512,166514,2,5
166507,166512,166515,3,5
166507,166512,166515,3,5
166507,166512,166514,2,5
166507,166512,166514,2,5
166507,166512,166514,2,5
166507,166512,166515,3,5
166507,166512,166514,2,5
166507,166512,166514,2,5
166507,166512,166514,2,5
166507,166512,166515,3,5
166507,166511,166515,4,4
166507,166513,166515,2,6
166507,166513,166516,3,6
166507,166513,166515,2,6
166507,166511,166516,5,4
166507,166511,166515,4,4
166507,166511,166515,4,4
166507,166512,166515,3,5
166507,166512,166515,3,5
166507,166512,166515,3,5
166507,166511,166516,5,4
166507,166513,166517,4,6
166507,166515,166517,2,8
166507,166515,166516,1,8
166507,166515,166516,1,8
166507,166515,166516,1,8
166507,166515,166516,1,8
166507,166513,166516,3,6
166507,166513,166517,4,6
166507,166513,166517,4,6
166507,166515,166517,2,8
166507,166513,166517,4,6
166507,166515,166517,2,8
166507,166513,166517,4,6
166507,166513,166517,4,6
166507,166515,166517,2,8
166507,166516,166518,2,9
166507,166515,166517,2,8
166507,166515,166517,2,8
166507,166516,166517,1,9
166507,166513,166517,4,6
166507,166513,166517,4,6
166507,166515,166517,2,8
166507,166515,166517,2,8
166507,166513,166517,4,6
166507,166514,166518,4,7
166507,166513,166517,4,6
166507,166513,166517,4,6
166507,166515,166517,2,8
166507,166515,166518,3,8
166507,166515,166518,3,8
166507,166515,166518,3,8
166507,166516,166518,2,9
166507,166515,166518,3,8
166507,166516,166518,2,9
166507,166516,166519,3,9
166507,166514,166518,4,7
166507,166515,166519,4,8
166507,166514,166518,4,7
166507,166514,166518,4,7
166507,166514,166519,5,7
166507,166514,166519,5,7
166507,166515,166518,3,8
166507,166516,166519,3,9
166507,166515,166518,3,8
166507,166515,166518,3,8
166507,166515,166519,4,8
166507,166516,166519,3,9
166507,166516,166519,3,9
166507,166516,166519,3,9
166507,166515,166519,4,8
166507,166515,166519,4,8
166507,166515,166519,4,8
166507,166515,166519,4,8
166507,166515,166520,5,8
166507,166515,166520,5,8
166507,166515,166519,4,8
166507,166515,166520,5,8
166507,166516,166520,4,9
166507,166515,166519,4,8
166507,166515,166519,4,8
166507,166517,166520,3,10
166507,166515,166520,5,8
166507,166515,166520,5,8
166507,166517,166521,4,10
166507,166518,166521,3,11
166507,166517,166521,4,10
166507,166517,166520,3,10
166507,166517,166520,3,10
166507,166517,166521,4,10
166507,166517,166522,5,10
166507,166517,166522,5,10
166507,166517,166522,5,10
166507,166517,166522,5,10
166507,166517,166522,5,10
166507,166518,166522,4,11
166507,166519,166522,3,12
166507,166517,166521,4,10
166507,166518,166521,3,11
166507,166518,166521,3,11
166507,166518,166522,4,11
166507,166518,166521,3,11
166507,166517,166521,4,10
166507,166517,166521,4,10
166507,166518,166522,4,11
166507,166519,166522,3,12
166507,166517,166521,4,10
166507,166518,166522,4,11
166507,166518,166522,4,11
166507,166518,166521,3,11
166507,166518,166522,4,11
166507,166518,166522,4,11
166507,166518,166522,4,11
166507,166519,166522,3,12
166507,166518,166523,5,11
166507,166518,166522,4,11
166507,166518,166522,4,11
166507,166518,166522,4,11
166507,166519,166523,4,12
166507,166519,166523,4,12
166507,166519,166522,3,12
166507,166519,166523,4,12
166507,166520,166523,3,13
166507,166519,166523,4,12
166507,166520,166523,3,13
166507,166520,166524,4,13
166507,166518,166523,5,11
166507,166520,166524,4,13
166507,166520,166523,3,13
166507,166520,166523,3,13
166507,166520,166523,3,13
166507,166520,166524,4,13
166507,166520,166523,3,13
166507,166520,166523,3,13
166507,166519,166523,4,12
166507,166519,166523,4,12
166507,166520,166524,4,13
166507,166519,166523,4,12
166507,166519,166523,4,12
166507,166519,166523,4,12
166523,166523,166525,2,0
166523,166523,166525,2,0
166523,166523,166525,2,0
166507,166520,166524,4,13
166523,166523,166525,2,0
166523,166523,166525,2,0
166523,166523,166525,2,0
166523,166523,166525,2,0
166523,166523,166526,3,0
166523,166523,166525,2,0
166523,166523,166525,2,0
166523,166523,166526,3,0
166523,166523,166526,3,0
166523,166523,166526,3,0
166523,166523,166526,3,0
166523,166523,166526,3,0
166523,166523,166527,4,0
166523,166523,166526,3,0
166523,166523,166527,4,0
166523,166523,166527,4,0
166523,166523,166527,4,0
166523,166523,166527,4,0
166523,166523,166526,3,0
166523,166523,166527,4,0
166523,166523,166527,4,0
166523,166523,166527,4,0
166523,166523,166527,4,0
166523,166524,166527,3,1
166523,166523,166527,4,0
166523,166523,166527,4,0
166523,166523,166526,3,0
166523,166523,166527,4,0
166523,166523,166527,4,0
166523,166523,166526,3,0
166523,166523,166527,4,0
166523,166523,166526,3,0
166523,166523,166526,3,0
166523,166523,166526,3,0
166523,166523,166526,3,0
166523,166523,166526,3,0
166523,166523,166526,3,0
166523,166524,166527,3,1
166523,166523,166526,3,0
166523,166523,166527,4,0
166523,166524,166527,3,1
166507,166524,166527,3,17
166507,166524,166527,3,17
166507,166524,166527,3,17
166507,166524,166527,3,17
166523,166524,166528,4,1
166523,166524,166528,4,1
166523,166524,166527,3,1
166523,166524,166528,4,1
166523,166524,166527,3,1
166523,166523,166527,4,0
166523,166523,166527,4,0
166523,166523,166528,5,0
166523,166524,166528,4,1
166523,166524,166528,4,1
166523,166524,166528,4,1
166523,166524,166528,4,1
166523,166524,166527,3,1
166523,166524,166528,4,1
166523,166524,166527,3,1
166523,166525,166528,3,2
166523,166524,166528,4,1
166507,166524,166528,4,17
166507,166524,166528,4,17
166523,166525,166528,3,2
166523,166526,166529,3,3
166523,166524,166528,4,1
166523,166525,166529,4,2
166523,166525,166529,4,2
166523,166526,166529,3,3
166523,166526,166529,3,3
166523,166526,166529,3,3
166523,166525,166529,4,2
166523,166526,166529,3,3
166523,166526,166529,3,3
166523,166526,166528,2,3
166523,166526,166529,3,3
166523,166525,166529,4,2
166523,166527,166530,3,4
166523,166527,166530,3,4
166523,166527,166530,3,4
166523,166527,166530,3,4
166523,166528,166530,2,5
166523,166527,166529,2,4
166523,166528,166530,2,5
166523,166526,166530,4,3
166523,166527,166530,3,4
166523,166527,166530,3,4
166523,166527,166530,3,4
166523,166527,166530,3,4
166523,166528,166530,2,5
166523,166527,166530,3,4
166523,166527,166530,3,4
166523,166527,166530,3,4
166523,166527,166530,3,4
166523,166528,166530,2,5
166523,166527,166530,3,4
166523,166527,166530,3,4
166523,166528,166530,2,5
166523,166527,166530,3,4
166523,166527,166530,3,4
166523,166527,166530,3,4
166523,166527,166530,3,4
166523,166527,166530,3,4
166523,166527,166530,3,4
166523,166528,166530,2,5
166523,166528,166530,2,5
166523,166527,166530,3,4
166523,166528,166531,3,5
166523,166528,166531,3,5
166523,166528,166531,3,5
166523,166527,166531,4,4
166523,166527,166531,4,4
166523,166527,166530,3,4
166523,166528,166531,3,5
166523,166527,166530,3,4
166523,166527,166531,4,4
166523,166527,166531,4,4
166523,166528,166530,2,5
166523,166527,166530,3,4
166523,166527,166531,4,4
166523,166527,166531,4,4
166523,166527,166530,3,4
166067,166074,166896,822,7
166899,166899,166901,2,0
166899,166899,166901,2,0
166899,166899,166901,2,0
166899,166899,166902,3,0
166899,166899,166901,2,0
166899,166899,166902,3,0
166899,166899,166902,3,0
166899,166899,166901,2,0
166899,166899,166903,4,0
166899,166899,166903,4,0
166899,166899,166903,4,0
166899,166899,166903,4,0
166899,166899,166903,4,0
166899,166899,166903,4,0
166899,166899,166903,4,0
166899,166899,166902,3,0
166899,166899,166903,4,0
166899,166899,166903,4,0
166899,166899,166903,4,0
166899,166899,166904,5,0
166899,166899,166904,5,0
166899,166899,166903,4,0
166899,166899,166903,4,0
166899,166899,166904,5,0
166899,166899,166904,5,0
166899,166899,166904,5,0
166899,166899,166903,4,0
166899,166899,166904,5,0
166899,166899,166903,4,0
166899,166899,166903,4,0
166899,166899,166904,5,0
166899,166899,166904,5,0
166899,166899,166904,5,0
166899,166899,166904,5,0
166899,166899,166904,5,0
166899,166899,166904,5,0
166899,166899,166904,5,0
166077,166085,166905,820,8
166899,166899,166904,5,0
166899,166901,166905,4,2
166899,166903,166905,2,4
166899,166903,166905,2,4
166899,166899,166904,5,0
166899,166899,166904,5,0
166899,166902,166905,3,3
166899,166899,166904,5,0
166899,166901,166905,4,2
166899,166902,166905,3,3
166899,166901,166905,4,2
166899,166903,166906,3,4
166899,166903,166906,3,4
166899,166902,166906,4,3
166899,166902,166906,4,3
166899,166903,166906,3,4
166899,166903,166906,3,4
166899,166903,166906,3,4
166899,166904,166906,2,5
166899,166902,166907,5,3
166899,166904,166906,2,5
166899,166903,166907,4,4
166899,166903,166907,4,4
166899,166904,166907,3,5
166899,166904,166907,3,5
166899,166904,166907,3,5
166899,166904,166908,4,5
166899,166905,166907,2,6
166899,166904,166908,4,5
166899,166904,166908,4,5
166899,166904,166908,4,5
166899,166904,166908,4,5
166899,166904,166908,4,5
166899,166904,166908,4,5
166899,166904,166908,4,5
166899,166904,166908,4,5
166899,166904,166908,4,5
166899,166904,166908,4,5
166899,166904,166909,5,5
166899,166904,166910,6,5
166899,166906,166910,4,7
166899,166906,166909,3,7
166899,166906,166909,3,7
166899,166906,166909,3,7
166899,166906,166910,4,7
166899,166906,166909,3,7
166899,166907,166909,2,8
166899,166904,166909,5,5
166899,166906,166909,3,7
166899,166906,166909,3,7
166899,166907,166910,3,8
166899,166906,166909,3,7
166899,166907,166910,3,8
166899,166906,166910,4,7
166899,166907,166910,3,8
166899,166908,166910,2,9
166899,166907,166910,3,8
166899,166908,166910,2,9
166899,166905,166910,5,6
166899,166906,166910,4,7
166899,166908,166910,2,9
166899,166906,166910,4,7
166899,166907,166910,3,8
166899,166907,166910,3,8
166899,166909,166911,2,10
166899,166907,166911,4,8
166899,166907,166911,4,8
166899,166908,166911,3,9
166899,166908,166911,3,9
166899,166909,166912,3,10
166899,166909,166912,3,10
166899,166909,166911,2,10
166899,166909,166912,3,10
166899,166909,166911,2,10
166899,166909,166912,3,10
166899,166908,166911,3,9
166899,166908,166911,3,9
166899,166908,166912,4,9
166899,166909,166911,2,10
166899,166909,166911,2,10
166899,166909,166912,3,10
166906,166910,166913,3,4
166906,166910,166913,3,4
166899,166910,166913,3,11
166906,166911,166914,3,5
166906,166911,166913,2,5
166899,166910,166913,3,11
166906,166910,166913,3,4
166906,166910,166913,3,4
166906,166910,166914,4,4
166906,166910,166914,4,4
166906,166910,166914,4,4
166906,166911,166914,3,5
166906,166910,166913,3,4
166906,166911,166914,3,5
166906,166911,166914,3,5
166906,166911,166914,3,5
166906,166910,166914,4,4
166906,166911,166913,2,5
166906,166910,166913,3,4
166906,166911,166914,3,5
166906,166911,166914,3,5
166906,166910,166914,4,4
166906,166911,166914,3,5
166906,166914,166915,1,8
166906,166914,166915,1,8
166906,166911,166914,3,5
166906,166912,166915,3,6
166906,166912,166915,3,6
166906,166914,166915,1,8
166906,166911,166915,4,5
166906,166912,166915,3,6
166906,166912,166914,2,6
166906,166911,166915,4,5
166906,166911,166915,4,5
166906,166912,166916,4,6
166906,166912,166915,3,6
166906,166912,166916,4,6
166906,166913,166916,3,7
166906,166912,166916,4,6
166906,166912,166916,4,6
166906,166912,166916,4,6
166906,166913,166916,3,7
166906,166913,166916,3,7
166906,166912,166916,4,6
166906,166912,166916,4,6
166906,166914,166916,2,8
166906,166914,166916,2,8
166906,166912,166917,5,6
166906,166914,166917,3,8
166906,166914,166917,3,8
166906,166914,166918,4,8
166906,166915,166918,3,9
166906,166915,166918,3,9
166906,166915,166917,2,9
166906,166914,166918,4,8
166906,166916,166918,2,10
166906,166917,166918,1,11
166906,166917,166918,1,11
166906,166914,166918,4,8
166906,166914,166918,4,8
166906,166914,166917,3,8
166906,166915,166918,3,9
166906,166915,166917,2,9
166906,166914,166918,4,8
166906,166914,166917,3,8
166906,166914,166918,4,8
166906,166914,166917,3,8
166906,166915,166917,2,9
166906,166915,166918,3,9
166906,166914,166917,3,8
166906,166914,166918,4,8
166906,166915,166918,3,9
166906,166916,166918,2,10
166906,166916,166918,2,10
166906,166916,166918,2,10
166906,166918,166919,1,12
166906,166918,166919,1,12
166906,166916,166918,2,10
166906,166914,166918,4,8
166906,166915,166919,4,9
166906,166918,166919,1,12
166906,166915,166919,4,9
166906,166915,166919,4,9
166906,166916,166919,3,10
166906,166916,166919,3,10
166906,166918,166919,1,12
166906,166918,166919,1,12
166906,166915,166919,4,9
166906,166917,166920,3,11
166906,166916,166919,3,10
166906,166916,166920,4,10
166906,166917,166920,3,11
166906,166916,166920,4,10
166906,166918,166921,3,12
166906,166917,166921,4,11
166906,166918,166921,3,12
166906,166918,166921,3,12
166906,166918,166921,3,12
166906,166918,166921,3,12
166906,166918,166921,3,12
166906,166918,166921,3,12
166906,166918,166921,3,12
166906,166919,166921,2,13
166906,166918,166921,3,12
166906,166917,166921,4,11
166906,166917,166921,4,11
166906,166918,166921,3,12
166906,166918,166921,3,12
166906,166919,166922,3,13
166906,166919,166922,3,13
166906,166919,166921,2,13
166906,166918,166922,4,12
166906,166919,166922,3,13
166906,166919,166922,3,13
166906,166918,166922,4,12
166906,166918,166922,4,12
166906,166919,166922,3,13
166906,166918,166922,4,12
166906,166919,166922,3,13
166906,166919,166922,3,13
166906,166919,166922,3,13
166906,166919,166923,4,13
166105,166132,166985,853,27
166987,166987,166989,2,0
166987,166987,166990,3,0
166987,166987,166990,3,0
166987,166987,166990,3,0
166987,166987,166989,2,0
166987,166987,166990,3,0
166987,166987,166990,3,0
166987,166987,166990,3,0
166987,166987,166991,4,0
166987,166987,166991,4,0
166987,166987,166990,3,0
166987,166987,166990,3,0
166987,166987,166991,4,0
166987,166987,166991,4,0
166987,166987,166991,4,0
166987,166987,166991,4,0
166987,166987,166990,3,0
166987,166987,166991,4,0
166987,166987,166990,3,0
166987,166987,166991,4,0
166987,166987,166991,4,0
166987,166987,166991,4,0
166987,166987,166990,3,0
166987,166987,166991,4,0
166987,166987,166990,3,0
166987,166987,166990,3,0
166987,166987,166991,4,0
166987,166987,166990,3,0
166987,166987,166990,3,0
166987,166987,166991,4,0
166987,166987,166991,4,0
166987,166987,166991,4,0
166987,166987,166991,4,0
166987,166987,166992,5,0
166987,166987,166992,5,0
166987,166987,166991,4,0
166987,166987,166991,4,0
166987,166987,166992,5,0
166987,166987,166991,4,0
166987,166987,166991,4,0
166987,166987,166991,4,0
166987,166991,166993,2,4
166987,166991,166994,3,4
166987,166991,166994,3,4
166987,166990,166993,3,3
166987,166991,166993,2,4
166987,166990,166994,4,3
166987,166991,166994,3,4
166987,166991,166993,2,4
166987,166990,166994,4,3
166987,166991,166994,3,4
166987,166991,166994,3,4
166987,166990,166994,4,3
166987,166990,166994,4,3
166987,166991,166994,3,4
166987,166990,166994,4,3
166987,166990,166994,4,3
166987,166991,166994,3,4
166987,166992,166994,2,5
166987,166992,166995,3,5
166987,166991,166994,3,4
166987,166992,166994,2,5
166987,166991,166995,4,4
166987,166991,166995,4,4
166987,166990,166994,4,3
166987,166991,166994,3,4
166987,166991,166995,4,4
166987,166991,166995,4,4
166987,166991,166995,4,4
166987,166991,166995,4,4
166987,166991,166995,4,4
166987,166991,166995,4,4
166987,166991,166995,4,4
166987,166992,166995,3,5
166987,166991,166995,4,4
166987,166991,166994,3,4
166987,166991,166996,5,4
166987,166991,166995,4,4
166987,166993,166996,3,6
166987,166992,166996,4,5
166987,166992,166996,4,5
166987,166992,166996,4,5
166987,166992,166996,4,5
166987,166994,166997,3,7
166987,166994,166997,3,7
166987,166994,166997,3,7
166987,166994,166997,3,7
166987,166994,166997,3,7
166987,166994,166997,3,7
166987,166994,166998,4,7
166987,166995,166997,2,8
166987,166995,166998,3,8
166987,166994,166998,4,7
166987,166994,166998,4,7
166987,166994,166998,4,7
166987,166995,166998,3,8
166987,166994,166998,4,7
166987,166995,166998,3,8
166987,166995,166998,3,8
166987,166997,166998,1,10
166987,166994,166998,4,7
166987,166994,166998,4,7
166987,166996,166998,2,9
166987,166996,166999,3,9
166987,166996,166998,2,9
166987,166996,166998,2,9
166124,166142,166998,856,18
166987,166996,166998,2,9
166987,166994,166998,4,7
166987,166996,166998,2,9
166987,166996,166998,2,9
166987,166996,166998,2,9
166987,166996,166998,2,9
166987,166994,166998,4,7
166987,166996,166998,2,9
166987,166996,166998,2,9
166987,166995,166998,3,8
166987,166995,166999,4,8
166987,166997,166999,2,10
166987,166996,166999,3,9
166987,166996,166999,3,9
167026,167026,167029,3,0
167026,167026,167029,3,0
167026,167026,167028,2,0
167026,167026,167029,3,0
167026,167026,167029,3,0
167026,167026,167028,2,0
167026,167026,167029,3,0
167026,167026,167030,4,0
167026,167026,167030,4,0
167026,167026,167030,4,0
167026,167026,167030,4,0
167026,167026,167029,3,0
167026,167026,167030,4,0
167026,167026,167029,3,0
167026,167026,167030,4,0
167026,167026,167030,4,0
167026,167026,167029,3,0
167026,167026,167029,3,0
167026,167026,167030,4,0
167026,167026,167030,4,0
167026,167026,167030,4,0
167026,167026,167029,3,0
167026,167026,167030,4,0
167026,167026,167029,3,0
167026,167026,167030,4,0
167026,167026,167030,4,0
167026,167026,167029,3,0
167026,167026,167030,4,0
167026,167026,167030,4,0
167026,167026,167029,3,0
167026,167026,167030,4,0
167026,167026,167030,4,0
167026,167026,167031,5,0
167026,167026,167031,5,0
167026,167026,167030,4,0
167026,167026,167031,5,0
167026,167026,167031,5,0
167026,167026,167030,4,0
167026,167026,167031,5,0
167026,167026,167031,5,0
167026,167026,167031,5,0
167026,167029,167032,3,3
167026,167029,167032,3,3
167026,167030,167032,2,4
167026,167030,167032,2,4
167026,167030,167032,2,4
167026,167030,167033,3,4
167026,167030,167032,2,4
167026,167031,167033,2,5
167026,167030,167032,2,4
167026,167030,167033,3,4
167026,167029,167032,3,3
167026,167030,167033,3,4
167026,167030,167033,3,4
167026,167029,167033,4,3
167026,167029,167033,4,3
167026,167030,167033,3,4
167026,167030,167033,3,4
167026,167030,167033,3,4
167026,167030,167033,3,4
167026,167029,167033,4,3
167026,167030,167033,3,4
167026,167030,167033,3,4
167026,167030,167034,4,4
167026,167031,167034,3,5
167026,167030,167034,4,4
167026,167031,167034,3,5
167026,167030,167034,4,4
167026,167031,167033,2,5
167026,167030,167034,4,4
167026,167030,167034,4,4
167026,167031,167034,3,5
167026,167031,167034,3,5
167026,167030,167034,4,4
167026,167031,167034,3,5
167026,167031,167034,3,5
167026,167030,167034,4,4
167026,167030,167035,5,4
167026,167030,167035,5,4
167026,167032,167036,4,6
167026,167032,167035,3,6
167026,167030,167035,5,4
167026,167032,167035,3,6
167026,167032,167036,4,6
167026,167032,167035,3,6
167026,167033,167036,3,7
167026,167032,167036,4,6
167026,167032,167036,4,6
167026,167033,167036,3,7
167026,167034,167036,2,8
167026,167034,167036,2,8
167026,167034,167036,2,8
167026,167034,167036,2,8
167026,167034,167037,3,8
167026,167034,167037,3,8
167026,167034,167037,3,8
167026,167033,167036,3,7
167026,167033,167037,4,7
167026,167034,167037,3,8
167026,167034,167037,3,8
167026,167035,167037,2,9
167026,167035,167037,2,9
167026,167034,167037,3,8
167026,167034,167037,3,8
167026,167035,167037,2,9
167026,167034,167037,3,8
167026,167035,167037,2,9
167026,167035,167037,2,9
167026,167035,167037,2,9
167026,167034,167037,3,8
167026,167035,167037,2,9
167026,167034,167038,4,8
167026,167034,167037,3,8
167026,167034,167038,4,8
167026,167034,167038,4,8
167026,167035,167038,3,9
167026,167036,167038,2,10
167026,167036,167038,2,10
167026,167035,167038,3,9
167026,167035,167038,3,9
166184,166248,167070,822,64
167073,167073,167076,3,0
167073,167073,167075,2,0
167073,167073,167076,3,0
167073,167073,167076,3,0
167073,167073,167077,4,0
167073,167073,167077,4,0
167073,167073,167077,4,0
167073,167073,167077,4,0
167073,167073,167076,3,0
167073,167073,167076,3,0
167073,167073,167077,4,0
167073,167073,167077,4,0
167073,167073,167077,4,0
167073,167073,167077,4,0
167073,167073,167077,4,0
167073,167073,167076,3,0
167073,167073,167077,4,0
167073,167073,167077,4,0
167073,167073,167076,3,0
167073,167073,167077,4,0
167073,167073,167076,3,0
167073,167073,167077,4,0
167073,167073,167076,3,0
167073,167073,167077,4,0
167073,167073,167076,3,0
167073,167073,167077,4,0
167073,167073,167077,4,0
167073,167073,167077,4,0
167073,167073,167077,4,0
167073,167076,167078,2,3
167073,167073,167077,4,0
167073,167073,167077,4,0
167073,167073,167078,5,0
167073,167073,167078,5,0
167073,167073,167077,4,0
167073,167073,167077,4,0
167073,167073,167077,4,0
167073,167073,167078,5,0
167073,167073,167078,5,0
167073,167073,167078,5,0
167073,167076,167078,2,3
167073,167073,167078,5,0
167073,167073,167079,6,0
167073,167077,167079,2,4
167073,167076,167079,3,3
167073,167077,167079,2,4
167073,167077,167079,2,4
167073,167077,167079,2,4
167073,167077,167080,3,4
167073,167077,167080,3,4
167073,167077,167080,3,4
167073,167076,167080,4,3
167073,167077,167080,3,4
167073,167077,167080,3,4
166172,166211,167081,870,39
167073,167077,167081,4,4
167073,167078,167080,2,5
167073,167077,167081,4,4
167073,167079,167081,2,6
167073,167077,167081,4,4
167073,167077,167081,4,4
167073,167078,167081,3,5
167073,167078,167081,3,5
167073,167077,167080,3,4
167073,167078,167081,3,5
167073,167077,167081,4,4
167073,167078,167081,3,5
167073,167077,167081,4,4
167073,167077,167081,4,4
167073,167077,167081,4,4
167073,167077,167081,4,4
167073,167078,167081,3,5
167073,167077,167082,5,4
167073,167077,167082,5,4
167073,167077,167082,5,4
167073,167079,167081,2,6
167073,167079,167082,3,6
167073,167077,167082,5,4
167073,167077,167082,5,4
167073,167077,167081,4,4
167073,167078,167082,4,5
167073,167079,167082,3,6
167073,167079,167082,3,6
167073,167078,167082,4,5
167073,167078,167082,4,5
167073,167079,167082,3,6
167073,167078,167082,4,5
167073,167079,167082,3,6
167073,167079,167082,3,6
167073,167080,167083,3,7
167073,167081,167084,3,8
167073,167080,167084,4,7
167073,167080,167083,3,7
167073,167081,167083,2,8
167073,167081,167083,2,8
167073,167080,167084,4,7
167073,167081,167084,3,8
167073,167082,167084,2,9
167073,167081,167084,3,8
167073,167081,167084,3,8
167073,167081,167084,3,8
167073,167082,167085,3,9
167073,167080,167084,4,7
167073,167082,167084,2,9
167073,167082,167084,2,9
167073,167082,167085,3,9
167073,167082,167085,3,9
167073,167082,167085,3,9
167073,167082,167084,2,9
167073,167082,167084,2,9
167073,167081,167085,4,8
167073,167082,167085,3,9
167073,167082,167085,3,9
167073,167082,167085,3,9
167073,167082,167085,3,9
167073,167081,167085,4,8
167073,167081,167085,4,8
167073,167083,167085,2,10
167073,167083,167085,2,10
167083,167083,167086,3,0
167083,167083,167086,3,0
167083,167083,167086,3,0
167073,167082,167086,4,9
167073,167082,167086,4,9
167083,167083,167086,3,0
167083,167083,167086,3,0
167083,167083,167086,3,0
167083,167084,167087,3,1
167083,167083,167086,3,0
167083,167083,167087,4,0
167083,167084,167087,3,1
167083,167084,167087,3,1
167083,167084,167087,3,1
167083,167085,167087,2,2
167083,167084,167087,3,1
167083,167085,167087,2,2
167083,167085,167087,2,2
167083,167084,167087,3,1
167083,167084,167087,3,1
167083,167083,167087,4,0
167083,167085,167088,3,2
167083,167084,167088,4,1
167083,167085,167088,3,2
167083,167086,167089,3,3
167083,167085,167089,4,2
167083,167085,167089,4,2
167083,167085,167089,4,2
167083,167086,167089,3,3
167083,167085,167089,4,2
167083,167086,167089,3,3
167083,167085,167089,4,2
167083,167086,167089,3,3
167083,167085,167089,4,2
167083,167085,167088,3,2
167083,167086,167090,4,3
167083,167086,167090,4,3
167083,167087,167089,2,4
167083,167086,167089,3,3
167083,167086,167089,3,3
167083,167088,167090,2,5
167083,167088,167090,2,5
167083,167088,167090,2,5
167083,167085,167090,5,2
167083,167088,167090,2,5
167083,167085,167090,5,2
167083,167086,167090,4,3
167083,167085,167090,5,2
167083,167086,167090,4,3
167083,167087,167090,3,4
167083,167089,167091,2,6
167083,167089,167091,2,6
167083,167089,167091,2,6
167083,167087,167091,4,4
167083,167087,167091,4,4
167083,167087,167091,4,4
167083,167087,167091,4,4
167083,167087,167091,4,4
167083,167088,167091,3,5
167083,167087,167091,4,4
167083,167087,167091,4,4
167083,167088,167091,3,5
167083,167087,167092,5,4
167083,167088,167091,3,5
167083,167088,167091,3,5
167083,167089,167092,3,6
167083,167089,167092,3,6
167083,167087,167092,5,4
167083,167088,167092,4,5
167083,167088,167092,4,5
167083,167090,167092,2,7
167083,167090,167093,3,7
166195,166256,167092,836,61
167083,167090,167093,3,7
167083,167090,167093,3,7
167083,167090,167093,3,7
167083,167089,167093,4,6
167083,167090,167093,3,7
167083,167090,167093,3,7
167083,167089,167093,4,6
167083,167091,167094,3,8
167083,167089,167093,4,6
167083,167091,167093,2,8
167083,167091,167093,2,8
167083,167089,167093,4,6
167083,167090,167094,4,7
167083,167090,167094,4,7
167083,167090,167093,3,7
167083,167092,167094,2,9
167083,167090,167094,4,7
167083,167092,167094,2,9
167083,167092,167094,2,9
167083,167092,167094,2,9
167083,167089,167094,5,6
167083,167092,167095,3,9
167083,167092,167094,2,9
167083,167092,167094,2,9
167083,167092,167094,2,9
167083,167092,167095,3,9
167083,167092,167095,3,9
167083,167091,167094,3,8
167083,167091,167094,3,8
167083,167092,167094,2,9
167083,167093,167095,2,10
167083,167092,167095,3,9
167083,167092,167095,3,9
167083,167092,167095,3,9
167083,167092,167095,3,9
167083,167093,167095,2,10
167083,167092,167095,3,9
167083,167093,167096,3,10
167083,167093,167096,3,10
167083,167093,167096,3,10
167083,167093,167096,3,10
167083,167094,167097,3,11
167083,167093,167096,3,10
167083,167094,167096,2,11
167083,167094,167096,2,11
167083,167094,167096,2,11
167083,167094,167096,2,11
167083,167093,167097,4,10
167083,167093,167096,3,10
167083,167093,167096,3,10
167116,167116,167118,2,0
167116,167116,167119,3,0
167116,167116,167119,3,0
167116,167116,167119,3,0
167116,167116,167119,3,0
167116,167116,167119,3,0
167116,167116,167119,3,0
167116,167116,167119,3,0
167116,167117,167119,2,1
167116,167116,167120,4,0
167116,167116,167120,4,0
167116,167116,167120,4,0
167116,167116,167120,4,0
167116,167116,167120,4,0
167116,167116,167119,3,0
167116,167116,167120,4,0
167116,167116,167119,3,0
167116,167116,167119,3,0
167116,167116,167120,4,0
167116,167116,167120,4,0
167116,167116,167119,3,0
167116,167116,167120,4,0
167116,167116,167120,4,0
167116,167116,167119,3,0
167116,167116,167120,4,0
167116,167116,167120,4,0
167116,167116,167120,4,0
167116,167116,167119,3,0
167116,167116,167120,4,0
167116,167116,167120,4,0
167116,167116,167121,5,0
167116,167119,167121,2,3
167116,167116,167121,5,0
167116,167117,167120,3,1
167116,167117,167120,3,1
167116,167117,167121,4,1
167116,167117,167120,3,1
167116,167116,167121,5,0
167116,167116,167121,5,0
167116,167116,167121,5,0
167116,167116,167120,4,0
167116,167116,167121,5,0
167116,167120,167122,2,4
167116,167119,167122,3,3
167116,167119,167121,2,3
167116,167120,167122,2,4
167116,167121,167123,2,5
167116,167120,167123,3,4
167116,167120,167123,3,4
167116,167119,167123,4,3
167116,167120,167123,3,4
167116,167120,167123,3,4
167116,167120,167123,3,4
167116,167120,167123,3,4
167116,167120,167123,3,4
167116,167119,167123,4,3
167116,167119,167123,4,3
167116,167119,167123,4,3
167116,167120,167123,3,4
167116,167121,167123,2,5
167116,167120,167124,4,4
167116,167121,167123,2,5
167116,167120,167124,4,4
167116,167121,167124,3,5
167116,167121,167124,3,5
167116,167120,167124,4,4
167116,167120,167124,4,4
167116,167121,167124,3,5
167116,167120,167124,4,4
167116,167120,167124,4,4
167116,167120,167124,4,4
167116,167119,167124,5,3
167116,167120,167124,4,4
167116,167120,167124,4,4
167116,167120,167124,4,4
167116,167120,167124,4,4
167116,167120,167124,4,4
167116,167121,167125,4,5
167116,167121,167125,4,5
167116,167121,167125,4,5
167116,167121,167125,4,5
167116,167121,167125,4,5
167116,167123,167125,2,7
167116,167121,167125,4,5
167116,167123,167126,3,7
167116,167123,167125,2,7
167116,167122,167126,4,6
167116,167124,167126,2,8
167116,167124,167126,2,8
167116,167124,167126,2,8
167116,167124,167126,2,8
167116,167124,167126,2,8
167116,167124,167127,3,8
167116,167123,167127,4,7
167116,167125,167127,2,9
167116,167125,167127,2,9
167116,167124,167127,3,8
167116,167124,167127,3,8
167116,167125,167128,3,9
167116,167125,167128,3,9
167116,167124,167127,3,8
167116,167125,167127,2,9
167116,167125,167128,3,9
167116,167125,167128,3,9
167116,167125,167127,2,9
167116,167124,167127,3,8
167116,167125,167127,2,9
167116,167125,167127,2,9
167116,167125,167128,3,9
167116,167123,167127,4,7
167116,167124,167127,3,8
167116,167124,167128,4,8
167116,167123,167128,5,7
167116,167125,167128,3,9
167116,167125,167128,3,9
167116,167125,167128,3,9
167116,167125,167128,3,9
167116,167125,167128,3,9
167116,167125,167128,3,9
167116,167124,167128,4,8
166297,166339,167149,810,42
167158,167158,167160,2,0
167158,167158,167160,2,0
167158,167158,167160,2,0
167158,167158,167160,2,0
167158,167159,167161,2,1
167158,167158,167161,3,0
167158,167158,167161,3,0
167158,167158,167161,3,0
167158,167158,167161,3,0
167158,167158,167161,3,0
167158,167158,167162,4,0
167158,167158,167162,4,0
167158,167158,167162,4,0
167158,167158,167162,4,0
167158,167158,167162,4,0
167158,167158,167162,4,0
167158,167158,167162,4,0
167158,167159,167162,3,1
167158,167159,167162,3,1
167158,167158,167162,4,0
167158,167158,167162,4,0
167158,167158,167161,3,0
167158,167158,167161,3,0
167158,167158,167162,4,0
167158,167158,167162,4,0
167158,167158,167162,4,0
167158,167158,167162,4,0
167158,167158,167162,4,0
167158,167158,167162,4,0
167158,167160,167162,2,2
167158,167158,167162,4,0
167158,167158,167161,3,0
167158,167158,167162,4,0
167158,167158,167162,4,0
167158,167158,167162,4,0
167158,167158,167163,5,0
167158,167158,167163,5,0
167158,167158,167163,5,0
167158,167158,167163,5,0
167158,167158,167163,5,0
167158,167160,167163,3,2
167158,167160,167163,3,2
167158,167162,167164,2,4
167158,167159,167163,4,1
167158,167159,167163,4,1
167158,167162,167164,2,4
167158,167163,167164,1,5
167158,167161,167164,3,3
167158,167161,167164,3,3
167158,167162,167164,2,4
167158,167163,167165,2,5
167158,167163,167165,2,5
167158,167163,167165,2,5
167158,167163,167164,1,5
167158,167161,167165,4,3
167158,167162,167165,3,4
167158,167161,167165,4,3
167158,167161,167165,4,3
167158,167163,167165,2,5
167158,167163,167165,2,5
167158,167163,167165,2,5
167158,167163,167165,2,5
167158,167163,167165,2,5
167158,167163,167165,2,5
167158,167163,167166,3,5
167158,167163,167165,2,5
167158,167162,167166,4,4
167158,167162,167166,4,4
167158,167162,167166,4,4
167158,167162,167166,4,4
167158,167162,167166,4,4
167158,167163,167166,3,5
167158,167163,167166,3,5
167158,167164,167166,2,6
167158,167163,167167,4,5
167158,167164,167167,3,6
167158,167164,167167,3,6
167158,167163,167166,3,5
167158,167164,167167,3,6
167158,167163,167167,4,5
167158,167164,167168,4,6
167158,167164,167167,3,6
167158,167163,167167,4,5
167158,167165,167168,3,7
167158,167164,167168,4,6
167158,167165,167168,3,7
167158,167165,167167,2,7
167158,167165,167168,3,7
167158,167164,167167,3,6
167158,167165,167168,3,7
167158,167164,167167,3,6
167158,167164,167167,3,6
167158,167166,167168,2,8
167158,167166,167168,2,8
167158,167165,167168,3,7
167158,167166,167168,2,8
167158,167166,167169,3,8
167158,167166,167168,2,8
167158,167166,167169,3,8
167158,167165,167168,3,7
167158,167165,167168,3,7
167158,167166,167169,3,8
167158,167166,167169,3,8
167158,167166,167169,3,8
167158,167166,167169,3,8
167158,167167,167169,2,9
167158,167167,167169,2,9
167158,167166,167169,3,8
167158,167167,167170,3,9
167158,167166,167170,4,8
167158,167166,167169,3,8
167158,167167,167170,3,9
167158,167167,167170,3,9
167158,167167,167170,3,9
167158,167167,167169,2,9
167158,167167,167170,3,9
167158,167167,167169,2,9
167158,167167,167170,3,9
167158,167167,167170,3,9
167158,167166,167170,4,8
166383,166418,167183,765,35
167196,167197,167198,1,1
167196,167197,167199,2,1
167196,167197,167200,3,1
167196,167197,167199,2,1
167196,167197,167199,2,1
166344,166375,167199,824,31
167196,167197,167199,2,1
167196,167197,167199,2,1
167196,167197,167199,2,1
167196,167197,167199,2,1
167196,167197,167200,3,1
167196,167197,167200,3,1
167196,167197,167200,3,1
167196,167197,167201,4,1
167196,167197,167200,3,1
167196,167197,167200,3,1
167196,167197,167200,3,1
167196,167197,167200,3,1
167196,167197,167201,4,1
167196,167197,167200,3,1
167196,167197,167200,3,1
167196,167197,167200,3,1
167196,167197,167200,3,1
167196,167197,167200,3,1
167196,167197,167200,3,1
167196,167197,167200,3,1
167196,167197,167200,3,1
167196,167197,167201,4,1
167196,167197,167200,3,1
167196,167197,167200,3,1
167196,167197,167200,3,1
167196,167197,167201,4,1
167196,167197,167201,4,1
167196,167197,167201,4,1
167196,167197,167200,3,1
167196,167197,167200,3,1
167196,167197,167200,3,1
167196,167197,167202,5,1
167196,167197,167201,4,1
167196,167197,167201,4,1
167196,167197,167201,4,1
167196,167197,167201,4,1
167196,167200,167203,3,4
167196,167199,167202,3,3
167196,167200,167202,2,4
167196,167200,167202,2,4
167196,167201,167203,2,5
167196,167200,167203,3,4
167196,167200,167203,3,4
167196,167201,167203,2,5
167196,167201,167203,2,5
167196,167200,167203,3,4
167196,167200,167202,2,4
167196,167201,167203,2,5
167196,167201,167203,2,5
167196,167200,167203,3,4
167196,167201,167203,2,5
167196,167200,167203,3,4
167196,167201,167203,2,5
167196,167201,167203,2,5
167196,167201,167203,2,5
167196,167201,167203,2,5
167196,167201,167203,2,5
167196,167201,167203,2,5
167196,167201,167203,2,5
167196,167201,167203,2,5
167196,167201,167204,3,5
167196,167201,167204,3,5
167196,167201,167204,3,5
167196,167201,167204,3,5
167196,167201,167204,3,5
167196,167201,167204,3,5
167196,167201,167204,3,5
167196,167202,167205,3,6
167196,167201,167204,3,5
167196,167201,167204,3,5
167196,167201,167204,3,5
167196,167202,167205,3,6
167196,167202,167205,3,6
167196,167201,167204,3,5
167196,167201,167204,3,5
167196,167202,167205,3,6
167196,167201,167205,4,5
167196,167203,167206,3,7
167196,167202,167206,4,6
167196,167203,167206,3,7
167196,167203,167206,3,7
167196,167203,167206,3,7
167196,167203,167205,2,7
167196,167203,167206,3,7
167196,167203,167206,3,7
167196,167204,167206,2,8
167196,167203,167206,3,7
167196,167204,167207,3,8
167196,167204,167206,2,8
167196,167203,167207,4,7
167196,167203,167206,3,7
167196,167203,167206,3,7
167196,167203,167206,3,7
167196,167204,167207,3,8
167196,167204,167207,3,8
167196,167203,167207,4,7
167196,167203,167207,4,7
167196,167204,167207,3,8
167196,167203,167206,3,7
167196,167204,167207,3,8
167196,167205,167207,2,9
167196,167205,167207,2,9
167196,167205,167208,3,9
167196,167205,167208,3,9
167196,167205,167208,3,9
167196,167204,167207,3,8
167196,167205,167208,3,9
167196,167205,167208,3,9
167196,167205,167207,2,9
167196,167205,167208,3,9
167196,167205,167208,3,9
167196,167205,167208,3,9
167196,167205,167207,2,9
167196,167205,167208,3,9
167200,167205,167208,3,5
167196,167204,167207,3,8
167200,167206,167209,3,6
167200,167206,167209,3,6
167200,167207,167209,2,7
167200,167207,167209,2,7
167200,167206,167209,3,6
167200,167207,167209,2,7
167200,167207,167209,2,7
167200,167205,167209,4,5
167200,167207,167209,2,7
167200,167207,167210,3,7
167200,167206,167209,3,6
167200,167207,167210,3,7
167200,167206,167210,4,6
167200,167206,167209,3,6
167200,167206,167210,4,6
167200,167207,167210,3,7
167200,167206,167210,4,6
167200,167207,167210,3,7
167200,167207,167211,4,7
167200,167208,167211,3,8
167200,167207,167211,4,7
167200,167208,167210,2,8
167200,167208,167211,3,8
167200,167207,167211,4,7
167200,167207,167211,4,7
167200,167207,167211,4,7
167200,167206,167211,5,6
167200,167207,167211,4,7
167200,167210,167211,1,10
167200,167208,167212,4,8
167200,167208,167211,3,8
167200,167208,167211,3,8
167200,167208,167212,4,8
167200,167208,167211,3,8
167200,167208,167211,3,8
167200,167208,167212,4,8
167200,167208,167212,4,8
167200,167209,167212,3,9
167200,167208,167212,4,8
167200,167208,167211,3,8
167200,167209,167212,3,9
167200,167209,167213,4,9
167200,167209,167213,4,9
167200,167211,167213,2,11
167200,167208,167213,5,8
167200,167208,167212,4,8
167200,167209,167212,3,9
167200,167210,167212,2,10
167200,167210,167213,3,10
167200,167208,167212,4,8
167200,167211,167213,2,11
167200,167210,167213,3,10
167200,167210,167213,3,10
167200,167212,167213,1,12
167200,167209,167213,4,9
167200,167212,167214,2,12
167200,167212,167213,1,12
167200,167212,167213,1,12
167200,167212,167213,1,12
167200,167212,167213,1,12
167200,167210,167214,4,10
167200,167211,167214,3,11
167200,167211,167214,3,11
167200,167212,167214,2,12
167200,167212,167214,2,12
167200,167211,167214,3,11
167200,167211,167214,3,11
167200,167211,167214,3,11
167200,167211,167214,3,11
167200,167211,167214,3,11
167200,167211,167214,3,11
167200,167211,167214,3,11
167200,167211,167214,3,11
167200,167211,167214,3,11
167200,167212,167214,2,12
167200,167211,167215,4,11
167200,167212,167215,3,12
167200,167212,167215,3,12
167200,167212,167215,3,12
167200,167213,167216,3,13
167200,167213,167216,3,13
167200,167213,167216,3,13
167200,167213,167215,2,13
167200,167213,167216,3,13
167200,167212,167216,4,12
167200,167212,167216,4,12
167200,167213,167216,3,13
167200,167212,167216,4,12
167200,167213,167216,3,13
167200,167214,167217,3,14
167200,167214,167216,2,14
167200,167213,167217,4,13
167200,167214,167217,3,14
167200,167214,167216,2,14
167200,167214,167216,2,14
167200,167213,167216,3,13
167200,167214,167217,3,14
167200,167213,167216,3,13
167200,167214,167217,3,14
167200,167214,167217,3,14
167200,167214,167217,3,14
167200,167214,167217,3,14
167200,167214,167217,3,14
167200,167215,167217,2,15
167200,167215,167217,2,15
167200,167215,167217,2,15
167200,167215,167217,2,15
167200,167214,167217,3,14
167200,167215,167217,2,15
167200,167214,167217,3,14
167200,167215,167217,2,15
167200,167215,167217,2,15
167200,167214,167218,4,14
167200,167215,167217,2,15
167200,167215,167217,2,15
167200,167216,167218,2,16
167200,167216,167218,2,16
167200,167216,167218,2,16
167200,167215,167218,3,15
166451,166468,167243,775,17
167253,167253,167256,3,0
167253,167253,167256,3,0
167253,167253,167256,3,0
167253,167253,167255,2,0
167253,167253,167256,3,0
167253,167253,167256,3,0
167253,167253,167257,4,0
167253,167253,167257,4,0
167253,167253,167256,3,0
167253,167253,167256,3,0
167253,167253,167256,3,0
167253,167253,167257,4,0
167253,167253,167257,4,0
167253,167253,167257,4,0
167253,167253,167257,4,0
167253,167253,167257,4,0
167253,167253,167257,4,0
167253,167253,167257,4,0
167253,167253,167256,3,0
167253,167253,167257,4,0
167253,167253,167257,4,0
167253,167253,167256,3,0
167253,167253,167257,4,0
167253,167253,167256,3,0
167253,167253,167256,3,0
167253,167253,167258,5,0
167253,167253,167257,4,0
167253,167253,167258,5,0
167253,167253,167258,5,0
167253,167253,167258,5,0
167253,167253,167257,4,0
167253,167253,167257,4,0
167253,167253,167258,5,0
167253,167253,167258,5,0
167253,167253,167257,4,0
167253,167253,167258,5,0
167253,167253,167257,4,0
167253,167253,167257,4,0
167253,167253,167257,4,0
167253,167256,167258,2,3
167253,167256,167259,3,3
167253,167256,167259,3,3
167253,167256,167258,2,3
167253,167257,167259,2,4
167253,167256,167259,3,3
167253,167256,167260,4,3
167253,167257,167259,2,4
167253,167258,167260,2,5
167253,167257,167260,3,4
167253,167258,167260,2,5
167253,167258,167260,2,5
167253,167258,167260,2,5
167253,167258,167260,2,5
167253,167257,167260,3,4
167253,167258,167260,2,5
167253,167258,167260,2,5
167253,167257,167260,3,4
167253,167257,167260,3,4
167253,167257,167260,3,4
167253,167257,167261,4,4
167253,167257,167261,4,4
167253,167257,167261,4,4
167253,167258,167261,3,5
167253,167258,167260,2,5
167253,167257,167261,4,4
167253,167257,167261,4,4
167253,167257,167260,3,4
167253,167257,167261,4,4
167253,167258,167261,3,5
167253,167257,167260,3,4
167253,167258,167261,3,5
167253,167258,167262,4,5
167253,167258,167261,3,5
167253,167259,167262,3,6
167253,167257,167261,4,4
167253,167259,167262,3,6
167253,167258,167262,4,5
167253,167258,167262,4,5
167253,167259,167262,3,6
167253,167260,167263,3,7
167253,167259,167262,3,6
167253,167260,167263,3,7
167253,167260,167263,3,7
167253,167260,167263,3,7
167253,167260,167263,3,7
167253,167260,167263,3,7
167253,167260,167263,3,7
167253,167260,167263,3,7
167253,167260,167263,3,7
167253,167260,167263,3,7
167253,167260,167264,4,7
167253,167260,167264,4,7
167253,167261,167264,3,8
167253,167261,167264,3,8
167253,167261,167264,3,8
167253,167261,167264,3,8
167253,167261,167264,3,8
167253,167261,167264,3,8
167253,167261,167264,3,8
167253,167260,167264,4,7
167253,167260,167264,4,7
167253,167261,167264,3,8
167253,167261,167265,4,8
167253,167260,167264,4,7
167253,167261,167264,3,8
167253,167261,167264,3,8
167253,167262,167265,3,9
167253,167261,167265,4,8
167253,167262,167265,3,9
167253,167262,167265,3,9
167253,167262,167265,3,9
167253,167262,167265,3,9
167253,167263,167265,2,10
167253,167263,167265,2,10
167253,167263,167265,2,10
167253,167253,167257,4,0
167253,167253,167257,4,0
167253,167272,167275,3,19
167253,167272,167276,4,19
167253,167272,167276,4,19
166524,166528,167314,786,4
166508,166520,167318,798,12
167316,167317,167319,2,1
167316,167317,167319,2,1
167316,167317,167319,2,1
167316,167317,167319,2,1
167316,167317,167320,3,1
167316,167317,167320,3,1
167316,167317,167320,3,1
167316,167317,167320,3,1
167316,167317,167321,4,1
167316,167317,167320,3,1
167316,167317,167320,3,1
167316,167317,167321,4,1
167316,167317,167320,3,1
167316,167317,167320,3,1
167316,167317,167320,3,1
167316,167317,167320,3,1
167316,167317,167320,3,1
167316,167317,167321,4,1
167316,167317,167320,3,1
167316,167317,167321,4,1
167316,167317,167320,3,1
167316,167317,167320,3,1
167316,167317,167320,3,1
167316,167317,167321,4,1
167316,167317,167321,4,1
167316,167317,167321,4,1
167316,167317,167321,4,1
167316,167317,167321,4,1
167316,167317,167321,4,1
167316,167317,167321,4,1
167316,167317,167321,4,1
167316,167317,167321,4,1
167316,167317,167321,4,1
167316,167317,167321,4,1
167316,167317,167321,4,1
167316,167317,167321,4,1
167316,167317,167321,4,1
167316,167317,167321,4,1
167316,167317,167321,4,1
167316,167317,167321,4,1
167316,167317,167321,4,1
167316,167319,167322,3,3
167316,167320,167322,2,4
167316,167320,167323,3,4
167316,167320,167323,3,4
167316,167322,167324,2,6
167316,167322,167324,2,6
167316,167321,167323,2,5
167316,167321,167323,2,5
167316,167322,167324,2,6
167316,167321,167324,3,5
167316,167321,167323,2,5
167316,167321,167324,3,5
167316,167322,167324,2,6
167316,167322,167323,1,6
167316,167322,167324,2,6
167316,167321,167324,3,5
167316,167321,167324,3,5
167316,167320,167323,3,4
167316,167321,167324,3,5
167316,167321,167323,2,5
167316,167321,167324,3,5
167316,167321,167323,2,5
167316,167321,167324,3,5
167316,167321,167324,3,5
167316,167321,167325,4,5
167316,167322,167325,3,6
167316,167321,167324,3,5
167316,167322,167324,2,6
167316,167321,167325,4,5
167316,167321,167324,3,5
167316,167321,167325,4,5
167316,167321,167324,3,5
167316,167321,167324,3,5
167316,167322,167325,3,6
167316,167322,167325,3,6
167316,167321,167324,3,5
167316,167322,167325,3,6
167316,167322,167324,2,6
167316,167322,167325,3,6
167316,167321,167325,4,5
167316,167322,167325,3,6
167316,167322,167325,3,6
167316,167324,167327,3,8
167316,167322,167326,4,6
167316,167323,167326,3,7
167316,167324,167327,3,8
167316,167324,167327,3,8
167316,167324,167327,3,8
167316,167322,167326,4,6
167316,167324,167327,3,8
167316,167324,167327,3,8
167316,167324,167327,3,8
167316,167324,167327,3,8
167316,167323,167326,3,7
167316,167324,167327,3,8
167316,167325,167327,2,9
167316,167324,167327,3,8
167316,167324,167327,3,8
167316,167325,167328,3,9
167316,167325,167328,3,9
167316,167324,167327,3,8
167316,167325,167328,3,9
167316,167325,167328,3,9
167316,167324,167327,3,8
167316,167324,167327,3,8
167316,167324,167328,4,8
167316,167325,167328,3,9
167316,167324,167327,3,8
167316,167324,167327,3,8
167316,167325,167328,3,9
167316,167325,167328,3,9
167316,167325,167328,3,9
167316,167325,167327,2,9
167316,167325,167328,3,9
167316,167325,167327,2,9
167316,167324,167327,3,8
167316,167324,167327,3,8
167316,167325,167328,3,9
167316,167324,167328,4,8
167320,167326,167329,3,6
167320,167326,167329,3,6
167320,167326,167329,3,6
167320,167326,167330,4,6
167320,167327,167330,3,7
167320,167327,167330,3,7
167320,167327,167330,3,7
167320,167327,167330,3,7
167320,167327,167330,3,7
167320,167328,167330,2,8
167320,167327,167330,3,7
167320,167328,167330,2,8
167320,167327,167331,4,7
167320,167327,167331,4,7
167320,167327,167330,3,7
167320,167328,167331,3,8
167320,167327,167331,4,7
167320,167328,167331,3,8
167320,167327,167331,4,7
167320,167327,167331,4,7
167320,167328,167331,3,8
167320,167327,167331,4,7
167320,167327,167331,4,7
167320,167328,167331,3,8
167320,167328,167331,3,8
167320,167328,167331,3,8
167320,167328,167332,4,8
167320,167328,167332,4,8
167320,167328,167332,4,8
167320,167328,167332,4,8
167320,167328,167332,4,8
167320,167328,167332,4,8
167320,167328,167332,4,8
167320,167328,167332,4,8
167320,167328,167331,3,8
167320,167328,167332,4,8
167320,167328,167332,4,8
167320,167328,167332,4,8
167320,167328,167332,4,8
167320,167330,167332,2,10
167320,167331,167332,1,11
167320,167330,167332,2,10
167320,167328,167333,5,8
167320,167329,167333,4,9
167320,167330,167333,3,10
167320,167330,167333,3,10
167320,167329,167333,4,9
167320,167329,167333,4,9
167320,167331,167333,2,11
167320,167331,167333,2,11
167320,167330,167333,3,10
167320,167331,167334,3,11
167320,167331,167334,3,11
167320,167333,167334,1,13
167320,167333,167334,1,13
167320,167333,167334,1,13
167320,167331,167334,3,11
167320,167333,167334,1,13
167320,167331,167334,3,11
167320,167332,167334,2,12
167320,167332,167334,2,12
167320,167331,167334,3,11
167320,167332,167334,2,12
167320,167331,167335,4,11
167320,167332,167335,3,12
167320,167331,167335,4,11
167320,167333,167335,2,13
167320,167333,167335,2,13
167320,167333,167335,2,13
167320,167331,167335,4,11
167320,167333,167335,2,13
167320,167333,167335,2,13
167320,167332,167335,3,12
167320,167333,167336,3,13
167320,167332,167335,3,12
167320,167332,167335,3,12
167320,167333,167335,2,13
167320,167332,167336,4,12
167320,167333,167336,3,13
167320,167333,167336,3,13
167320,167332,167336,4,12
167320,167333,167336,3,13
167320,167333,167336,3,13
167320,167334,167337,3,14
167320,167334,167336,2,14
167320,167332,167336,4,12
167320,167334,167337,3,14
167320,167334,167337,3,14
167320,167334,167337,3,14
167320,167335,167337,2,15
167320,167335,167337,2,15
167320,167335,167338,3,15
167320,167334,167337,3,14
167320,167334,167338,4,14
167320,167335,167338,3,15
167320,167334,167337,3,14
167320,167335,167337,2,15
167320,167336,167338,2,16
167320,167336,167338,2,16
167320,167336,167338,2,16
167320,167336,167339,3,16
167320,167335,167338,3,15
167320,167335,167338,3,15
167320,167335,167338,3,15
167320,167335,167338,3,15
167320,167336,167339,3,16
167320,167336,167339,3,16
167320,167336,167338,2,16
167320,167335,167338,3,15
167320,167335,167338,3,15
167320,167336,167338,2,16
167320,167336,167338,2,16
167320,167335,167338,3,15
167320,167336,167338,2,16
167320,167336,167339,3,16
167320,167336,167339,3,16
167320,167337,167339,2,17
167320,167337,167339,2,17
167320,167336,167339,3,16
167320,167336,167339,3,16
166568,166568,167443,875,0
167446,167446,167448,2,0
167446,167446,167448,2,0
167446,167446,167449,3,0
167446,167446,167449,3,0
167446,167446,167449,3,0
167446,167446,167449,3,0
167446,167446,167449,3,0
167446,167446,167449,3,0
167446,167446,167449,3,0
167446,167446,167449,3,0
167446,167446,167449,3,0
167446,167446,167449,3,0
167446,167446,167450,4,0
167446,167446,167450,4,0
167446,167446,167450,4,0
167446,167446,167450,4,0
167446,167446,167450,4,0
167446,167446,167450,4,0
167446,167446,167450,4,0
167446,167446,167450,4,0
167446,167446,167450,4,0
167446,167446,167450,4,0
167446,167446,167449,3,0
167446,167446,167450,4,0
167446,167446,167450,4,0
167446,167446,167449,3,0
167446,167446,167450,4,0
167446,167446,167449,3,0
167446,167446,167451,5,0
167446,167446,167451,5,0
167446,167446,167450,4,0
167446,167446,167450,4,0
167446,167446,167451,5,0
167446,167446,167451,5,0
167446,167448,167451,3,2
167446,167446,167450,4,0
167446,167446,167451,5,0
167446,167446,167451,5,0
167446,167446,167451,5,0
167446,167446,167451,5,0
167446,167446,167451,5,0
167446,167448,167451,3,2
167446,167446,167452,6,0
167446,167449,167452,3,3
167446,167449,167452,3,3
167446,167449,167452,3,3
167446,167449,167452,3,3
167446,167449,167452,3,3
167446,167449,167452,3,3
167446,167451,167453,2,5
167446,167450,167453,3,4
167446,167450,167453,3,4
167446,167451,167453,2,5
167446,167451,167453,2,5
167446,167451,167453,2,5
167446,167449,167453,4,3
167446,167449,167453,4,3
167446,167451,167453,2,5
167446,167452,167453,1,6
167446,167450,167453,3,4
167446,167452,167453,1,6
167446,167452,167453,1,6
167446,167449,167453,4,3
167446,167451,167453,2,5
167446,167449,167453,4,3
167446,167451,167453,2,5
167446,167451,167454,3,5
167446,167451,167453,2,5
167446,167451,167453,2,5
167446,167451,167453,2,5
167446,167451,167453,2,5
167446,167450,167454,4,4
167446,167450,167454,4,4
167446,167450,167454,4,4
167446,167450,167454,4,4
167446,167451,167454,3,5
167446,167452,167455,3,6
167446,167452,167454,2,6
167446,167452,167455,3,6
167446,167452,167455,3,6
167446,167452,167455,3,6
167446,167453,167455,2,7
167446,167452,167455,3,6
167446,167452,167455,3,6
167446,167453,167456,3,7
167446,167453,167455,2,7
167446,167453,167455,2,7
167446,167453,167456,3,7
167446,167452,167455,3,6
167446,167454,167456,2,8
167446,167454,167456,2,8
167446,167454,167456,2,8
167446,167454,167456,2,8
167446,167454,167456,2,8
167446,167454,167457,3,8
167446,167454,167456,2,8
167446,167454,167456,2,8
167446,167454,167456,2,8
167446,167453,167456,3,7
167446,167454,167456,2,8
167446,167454,167456,2,8
167446,167454,167456,2,8
167446,167455,167457,2,9
167446,167453,167456,3,7
167446,167454,167456,2,8
167446,167454,167457,3,8
167446,167454,167457,3,8
167446,167454,167457,3,8
167446,167454,167457,3,8
167446,167454,167457,3,8
167446,167455,167457,2,9
167446,167455,167457,2,9
167446,167455,167458,3,9
167446,167455,167457,2,9
167446,167455,167457,2,9
167446,167455,167457,2,9
167446,167454,167457,3,8
167446,167454,167457,3,8
167446,167455,167457,2,9
167446,167454,167457,3,8
166599,166599,167465,866,0
166589,166589,167467,878,0
166595,166595,167483,888,0
166577,166577,167485,908,0
167485,167485,167488,3,0
167485,167485,167488,3,0
167485,167485,167488,3,0
167485,167485,167488,3,0
167485,167485,167487,2,0
167485,167485,167487,2,0
167485,167485,167488,3,0
167485,167485,167487,2,0
167485,167485,167488,3,0
167485,167485,167489,4,0
167485,167485,167489,4,0
167485,167485,167489,4,0
167485,167485,167488,3,0
167485,167485,167489,4,0
167485,167485,167489,4,0
167485,167485,167489,4,0
167485,167485,167489,4,0
167485,167485,167489,4,0
167485,167485,167489,4,0
167485,167485,167488,3,0
167485,167485,167489,4,0
167485,167485,167488,3,0
167485,167485,167488,3,0
167485,167485,167489,4,0
167485,167485,167489,4,0
167485,167485,167488,3,0
167485,167485,167489,4,0
167485,167485,167489,4,0
167485,167485,167489,4,0
167485,167485,167488,3,0
167485,167485,167489,4,0
167485,167486,167489,3,1
167485,167486,167489,3,1
167485,167485,167490,5,0
167485,167486,167490,4,1
167485,167485,167490,5,0
167485,167485,167490,5,0
167485,167485,167489,4,0
167485,167485,167490,5,0
167485,167485,167490,5,0
167485,167485,167490,5,0
167485,167485,167489,4,0
167485,167485,167490,5,0
167485,167485,167489,4,0
167485,167488,167491,3,3
167485,167488,167491,3,3
167485,167488,167491,3,3
167485,167488,167491,3,3
167485,167488,167491,3,3
167485,167488,167491,3,3
167485,167489,167492,3,4
167485,167488,167492,4,3
167485,167489,167492,3,4
167485,167489,167492,3,4
167485,167489,167492,3,4
167485,167489,167492,3,4
167485,167488,167492,4,3
167485,167489,167492,3,4
167485,167489,167492,3,4
167485,167488,167492,4,3
167485,167491,167492,1,6
167485,167491,167492,1,6
167485,167489,167492,3,4
167485,167489,167492,3,4
167485,167491,167492,1,6
167485,167489,167493,4,4
167485,167489,167493,4,4
167485,167490,167493,3,5
167485,167489,167493,4,4
167485,167489,167493,4,4
167485,167489,167493,4,4
167485,167489,167493,4,4
167485,167490,167493,3,5
167485,167490,167493,3,5
167485,167489,167493,4,4
167485,167489,167493,4,4
167485,167489,167493,4,4
167485,167489,167493,4,4
167485,167491,167494,3,6
167485,167489,167493,4,4
167485,167490,167494,4,5
167485,167490,167493,3,5
167485,167490,167494,4,5
167485,167490,167494,4,5
167485,167490,167494,4,5
167485,167491,167494,3,6
167485,167493,167494,1,8
167485,167493,167494,1,8
167485,167491,167494,3,6
167485,167492,167494,2,7
167485,167492,167495,3,7
167485,167492,167495,3,7
167485,167489,167494,5,4
167485,167489,167494,5,4
167485,167492,167495,3,7
167485,167492,167495,3,7
167485,167493,167495,2,8
167485,167493,167495,2,8
167485,167493,167495,2,8
167485,167492,167495,3,7
167485,167493,167495,2,8
167485,167493,167495,2,8
167485,167493,167495,2,8
167485,167493,167495,2,8
167485,167493,167495,2,8
167485,167493,167495,2,8
167485,167493,167495,2,8
167485,167493,167495,2,8
167485,167494,167495,1,9
167485,167493,167495,2,8
167485,167492,167496,4,7
167485,167493,167496,3,8
167485,167494,167497,3,9
167485,167493,167496,3,8
167485,167494,167496,2,9
167485,167494,167496,2,9
167485,167494,167496,2,9
167485,167494,167496,2,9
167485,167494,167496,2,9
167485,167494,167496,2,9
167485,167494,167496,2,9
167485,167494,167496,2,9
167485,167495,167497,2,10
167485,167495,167497,2,10
167485,167495,167496,1,10
167485,167495,167496,1,10
167485,167495,167497,2,10
167485,167494,167497,3,9
167485,167494,167497,3,9
166624,166624,167497,873,0
167485,167495,167497,2,10
167485,167495,167498,3,10
167485,167496,167497,1,11
167485,167494,167498,4,9
167485,167494,167497,3,9
167485,167494,167498,4,9
167485,167494,167498,4,9
167485,167495,167498,3,10
167485,167495,167499,4,10
167485,167495,167499,4,10
167485,167495,167498,3,10
167485,167496,167499,3,11
167485,167496,167499,3,11
167485,167495,167498,3,10
167485,167495,167499,4,10
167485,167495,167499,4,10
167485,167496,167499,3,11
167485,167497,167499,2,12
167485,167495,167498,3,10
167485,167496,167499,3,11
167485,167496,167500,4,11
167485,167496,167499,3,11
167485,167496,167500,4,11
167485,167497,167499,2,12
167485,167497,167499,2,12
167485,167496,167500,4,11
167485,167497,167499,2,12
167485,167496,167499,3,11
167485,167497,167500,3,12
167485,167497,167500,3,12
167485,167496,167499,3,11
167485,167497,167500,3,12
167485,167496,167500,4,11
167485,167497,167500,3,12
167485,167497,167500,3,12
167485,167498,167501,3,13
167485,167497,167500,3,12
167485,167497,167500,3,12
167485,167497,167501,4,12
167485,167498,167501,3,13
167485,167497,167500,3,12
167485,167497,167501,4,12
167485,167497,167500,3,12
167485,167497,167501,4,12
167485,167498,167501,3,13
167485,167498,167501,3,13
167485,167499,167502,3,14
167485,167497,167501,4,12
167485,167497,167501,4,12
167485,167498,167502,4,13
166608,166608,167502,894,0
167485,167498,167502,4,13
167485,167498,167502,4,13
167485,167498,167502,4,13
167485,167499,167502,3,14
167485,167499,167503,4,14
167485,167499,167502,3,14
167485,167499,167503,4,14
167485,167499,167503,4,14
167485,167499,167502,3,14
167485,167499,167503,4,14
167485,167499,167502,3,14
167485,167500,167503,3,15
167485,167500,167503,3,15
167485,167500,167503,3,15
167485,167499,167503,4,14
167485,167501,167503,2,16
167485,167500,167503,3,15
167485,167501,167503,2,16
167485,167501,167503,2,16
167485,167500,167504,4,15
167485,167500,167503,3,15
167485,167501,167503,2,16
167485,167501,167504,3,16
167485,167499,167503,4,14
167485,167500,167504,4,15
167485,167500,167504,4,15
167485,167500,167504,4,15
167485,167500,167504,4,15
167485,167501,167503,2,16
167485,167500,167504,4,15
167485,167501,167503,2,16
167485,167499,167504,5,14
167485,167500,167504,4,15
167485,167501,167504,3,16
167485,167501,167504,3,16
167485,167500,167504,4,15
167485,167501,167503,2,16
167485,167501,167504,3,16
167485,167502,167504,2,17
167485,167503,167504,1,18
167485,167501,167504,3,16
167485,167502,167504,2,17
167485,167503,167504,1,18
167485,167502,167505,3,17
167485,167503,167505,2,18
167485,167502,167505,3,17
167485,167502,167505,3,17
167485,167503,167505,2,18
167485,167502,167505,3,17
167485,167502,167505,3,17
167485,167502,167505,3,17
167485,167504,167505,1,19
167485,167503,167505,2,18
167485,167503,167506,3,18
167485,167503,167506,3,18
167485,167503,167506,3,18
167485,167503,167506,3,18
167485,167503,167506,3,18
167485,167503,167506,3,18
167485,167504,167506,2,19
167485,167503,167506,3,18
167485,167503,167506,3,18
167485,167504,167506,2,19
167485,167504,167506,2,19
167485,167505,167506,1,20
167485,167503,167506,3,18
167485,167504,167506,2,19
167485,167504,167506,2,19
167485,167504,167507,3,19
167485,167504,167507,3,19
167485,167503,167506,3,18
167485,167504,167507,3,19
167485,167504,167507,3,19
167485,167504,167507,3,19
167485,167505,167507,2,20
167485,167504,167507,3,19
167485,167504,167507,3,19
167485,167504,167507,3,19
167485,167504,167508,4,19
167485,167505,167508,3,20
167485,167504,167507,3,19
167485,167504,167507,3,19
167485,167504,167508,4,19
167485,167504,167508,4,19
167485,167504,167508,4,19
167485,167504,167508,4,19
167485,167504,167508,4,19
167485,167507,167508,1,22
167485,167507,167508,1,22
167485,167505,167509,4,20
167485,167505,167508,3,20
167485,167505,167508,3,20
167485,167505,167509,4,20
167485,167506,167509,3,21
167485,167506,167509,3,21
167485,167507,167509,2,22
167485,167506,167509,3,21
167485,167506,167509,3,21
167485,167506,167509,3,21
167485,167506,167510,4,21
167485,167506,167509,3,21
167485,167506,167509,3,21
167485,167506,167510,4,21
167485,167506,167510,4,21
167485,167507,167510,3,22
167485,167506,167510,4,21
167485,167506,167510,4,21
167485,167507,167510,3,22
167485,167506,167510,4,21
167485,167507,167510,3,22
167485,167507,167511,4,22
167485,167507,167510,3,22
167485,167507,167510,3,22
167485,167507,167510,3,22
167485,167507,167511,4,22
167485,167508,167511,3,23
167485,167508,167511,3,23
167485,167509,167511,2,24
167485,167509,167511,2,24
167485,167509,167511,2,24
167485,167509,167511,2,24
167485,167508,167511,3,23
167485,167508,167511,3,23
167485,167507,167511,4,22
167485,167507,167511,4,22
167485,167508,167511,3,23
167485,167509,167512,3,24
167485,167508,167512,4,23
167485,167508,167512,4,23
167485,167508,167512,4,23
167485,167508,167512,4,23
167485,167510,167512,2,25
167485,167509,167512,3,24
166613,166613,167512,899,0
167485,167510,167513,3,25
167485,167509,167512,3,24
167485,167510,167513,3,25
167485,167510,167512,2,25
167485,167509,167512,3,24
167485,167510,167513,3,25
167485,167510,167513,3,25
167485,167510,167512,2,25
167485,167510,167513,3,25
167485,167511,167513,2,26
167485,167511,167513,2,26
167485,167509,167512,3,24
167485,167509,167512,3,24
167485,167508,167513,5,23
167485,167509,167513,4,24
167485,167511,167513,2,26
167485,167511,167513,2,26
167485,167511,167513,2,26
167485,167512,167513,1,27
167485,167509,167513,4,24
167485,167511,167514,3,26
167485,167512,167514,2,27
167485,167511,167514,3,26
167485,167511,167514,3,26
167485,167510,167513,3,25
167485,167511,167513,2,26
167485,167511,167514,3,26
167485,167512,167514,2,27
167485,167511,167513,2,26
167485,167511,167513,2,26
167485,167511,167514,3,26
167485,167512,167515,3,27
167485,167512,167515,3,27
167485,167512,167514,2,27
167485,167512,167515,3,27
167485,167512,167514,2,27
167485,167512,167514,2,27
167485,167512,167514,2,27
167485,167512,167515,3,27
167485,167512,167515,3,27
167485,167512,167515,3,27
167485,167512,167515,3,27
167485,167512,167515,3,27
167485,167513,167515,2,28
167485,167513,167515,2,28
167485,167513,167515,2,28
167485,167513,167515,2,28
167485,167513,167515,2,28
167488,167513,167516,3,25
167488,167514,167516,2,26
167488,167513,167516,3,25
167488,167514,167516,2,26
167488,167514,167516,2,26
167488,167514,167515,1,26
167488,167513,167516,3,25
167488,167513,167516,3,25
167488,167513,167516,3,25
167488,167514,167516,2,26
167488,167514,167516,2,26
167488,167514,167517,3,26
167488,167515,167517,2,27
167488,167514,167516,2,26
167488,167514,167517,3,26
167488,167515,167517,2,27
167488,167515,167517,2,27
167488,167513,167516,3,25
167488,167515,167516,1,27
167488,167513,167516,3,25
167488,167513,167517,4,25
167488,167514,167516,2,26
167488,167513,167517,4,25
167488,167513,167517,4,25
167488,167515,167517,2,27
167488,167513,167516,3,25
167488,167514,167517,3,26
167488,167514,167517,3,26
167488,167514,167517,3,26
167488,167516,167518,2,28
167488,167516,167518,2,28
167488,167514,167518,4,26
167488,167514,167518,4,26
167488,167515,167518,3,27
167488,167515,167519,4,27
167488,167515,167518,3,27
167488,167514,167518,4,26
167488,167516,167519,3,28
167488,167514,167518,4,26
167488,167516,167519,3,28
167488,167515,167519,4,27
167488,167517,167519,2,29
167488,167516,167519,3,28
167488,167516,167519,3,28
167488,167515,167519,4,27
167488,167516,167519,3,28
167488,167516,167519,3,28
167488,167517,167519,2,29
167488,167516,167519,3,28
167488,167516,167520,4,28
167488,167516,167519,3,28
167488,167518,167519,1,30
167488,167516,167519,3,28
167488,167516,167519,3,28
167488,167517,167520,3,29
167488,167518,167520,2,30
167488,167518,167520,2,30
167488,167516,167520,4,28
167488,167516,167520,4,28
167488,167517,167520,3,29
167488,167517,167519,2,29
167488,167517,167520,3,29
167488,167517,167520,3,29
167488,167517,167520,3,29
167488,167516,167520,4,28
167488,167517,167520,3,29
167488,167517,167520,3,29
167488,167516,167520,4,28
167488,167517,167520,3,29
167488,167517,167521,4,29
167488,167517,167520,3,29
167488,167517,167520,3,29
167488,167517,167521,4,29
167488,167518,167521,3,30
167488,167517,167521,4,29
167488,167518,167521,3,30
167488,167517,167521,4,29
167488,167518,167521,3,30
167488,167518,167521,3,30
167488,167519,167522,3,31
167488,167520,167522,2,32
167488,167520,167523,3,32
167488,167520,167522,2,32
167488,167520,167522,2,32
167488,167520,167522,2,32
167488,167521,167522,1,33
167488,167521,167523,2,33
167488,167520,167522,2,32
167488,167520,167523,3,32
167488,167520,167523,3,32
167488,167520,167523,3,32
167488,167520,167523,3,32
167488,167519,167522,3,31
167488,167519,167522,3,31
167488,167519,167522,3,31
167488,167520,167523,3,32
167488,167519,167522,3,31
167488,167520,167523,3,32
167488,167520,167523,3,32
167488,167520,167523,3,32
167488,167520,167522,2,32
167488,167519,167523,4,31
167488,167520,167523,3,32
167488,167520,167523,3,32
167488,167520,167523,3,32
167488,167519,167522,3,31
167488,167520,167522,2,32
167488,167521,167523,2,33
167488,167519,167523,4,31
167488,167520,167523,3,32
167488,167521,167523,2,33
167488,167521,167523,2,33
167488,167521,167524,3,33
167488,167521,167524,3,33
167488,167521,167524,3,33
167488,167521,167523,2,33
167488,167521,167524,3,33
167488,167521,167524,3,33
167488,167522,167524,2,34
167488,167521,167524,3,33
166621,166622,167538,916,1
166601,166601,167552,951,0
167550,167551,167552,1,1
167550,167551,167552,1,1
167550,167550,167553,3,0
167550,167551,167553,2,1
167550,167551,167553,2,1
167550,167551,167553,2,1
167550,167551,167553,2,1
167550,167551,167553,2,1
167550,167551,167553,2,1
167550,167551,167553,2,1
167550,167550,167553,3,0
167550,167551,167553,2,1
167550,167551,167553,2,1
167550,167551,167553,2,1
167550,167550,167554,4,0
167550,167551,167553,2,1
167550,167551,167553,2,1
167550,167550,167554,4,0
167550,167551,167554,3,1
167550,167551,167554,3,1
167550,167550,167554,4,0
167550,167551,167554,3,1
167550,167550,167554,4,0
167550,167551,167554,3,1
167550,167550,167554,4,0
167550,167551,167554,3,1
167550,167550,167554,4,0
167550,167551,167554,3,1
167550,167551,167554,3,1
167550,167551,167554,3,1
167550,167551,167554,3,1
167550,167551,167554,3,1
167550,167551,167554,3,1
167550,167551,167555,4,1
167550,167550,167554,4,0
167550,167550,167555,5,0
167550,167551,167555,4,1
167550,167551,167555,4,1
167550,167551,167555,4,1
167550,167551,167555,4,1
167550,167551,167555,4,1
167550,167553,167556,3,3
167550,167554,167556,2,4
167550,167554,167556,2,4
167550,167554,167556,2,4
167550,167553,167556,3,3
167550,167554,167556,2,4
167550,167553,167556,3,3
167550,167554,167556,2,4
167550,167554,167556,2,4
167550,167554,167557,3,4
167550,167555,167557,2,5
167550,167554,167557,3,4
167550,167555,167557,2,5
167550,167556,167558,2,6
167550,167554,167557,3,4
167550,167554,167557,3,4
167550,167554,167557,3,4
167550,167554,167557,3,4
167550,167555,167557,2,5
167550,167555,167557,2,5
167550,167555,167557,2,5
167550,167555,167558,3,5
167550,167556,167558,2,6
167550,167555,167558,3,5
167550,167555,167558,3,5
167550,167556,167558,2,6
167550,167555,167558,3,5
167550,167555,167558,3,5
167550,167555,167558,3,5
167550,167555,167559,4,5
167550,167556,167559,3,6
167550,167554,167558,4,4
167550,167555,167558,3,5
167550,167555,167559,4,5
167550,167556,167559,3,6
167550,167556,167559,3,6
167550,167557,167560,3,7
167550,167556,167559,3,6
167550,167557,167560,3,7
167550,167558,167561,3,8
167550,167558,167560,2,8
167550,167557,167560,3,7
167550,167557,167560,3,7
167550,167558,167560,2,8
167550,167558,167560,2,8
167550,167558,167560,2,8
167550,167558,167561,3,8
167550,167558,167561,3,8
167550,167557,167561,4,7
167550,167558,167561,3,8
167550,167559,167561,2,9
167550,167558,167561,3,8
167550,167558,167561,3,8
167550,167558,167561,3,8
167550,167559,167562,3,9
167550,167559,167562,3,9
167550,167559,167561,2,9
167550,167557,167561,4,7
167550,167558,167561,3,8
167550,167559,167561,2,9
167550,167558,167561,3,8
167550,167559,167562,3,9
167550,167559,167562,3,9
167550,167559,167562,3,9
167550,167559,167561,2,9
167550,167562,167563,1,12
167550,167562,167563,1,12
167550,167562,167563,1,12
167550,167560,167563,3,10
167550,167560,167563,3,10
167550,167560,167563,3,10
167550,167560,167563,3,10
167550,167560,167563,3,10
167550,167560,167563,3,10
167550,167560,167563,3,10
167550,167562,167564,2,12
167550,167562,167564,2,12
167550,167562,167563,1,12
167550,167562,167563,1,12
167550,167561,167564,3,11
167550,167561,167564,3,11
167550,167562,167563,1,12
167550,167562,167564,2,12
167550,167560,167563,3,10
167550,167561,167564,3,11
167550,167561,167564,3,11
167550,167561,167564,3,11
167550,167561,167564,3,11
167550,167562,167564,2,12
167550,167560,167563,3,10
167550,167561,167564,3,11
167550,167561,167564,3,11
166630,166630,167565,935,0
167550,167562,167564,2,12
167550,167561,167565,4,11
167550,167561,167564,3,11
167550,167562,167564,2,12
167550,167561,167565,4,11
167550,167562,167565,3,12
167550,167562,167565,3,12
167550,167563,167566,3,13
167550,167563,167566,3,13
167550,167562,167566,4,12
167550,167563,167567,4,13
167550,167563,167567,4,13
167550,167564,167567,3,14
167550,167564,167568,4,14
167550,167564,167567,3,14
167550,167564,167568,4,14
167550,167564,167567,3,14
167550,167564,167568,4,14
167550,167564,167568,4,14
167550,167564,167568,4,14
167550,167564,167567,3,14
167550,167564,167568,4,14
167550,167565,167568,3,15
167550,167564,167568,4,14
167550,167564,167568,4,14
167550,167564,167568,4,14
167550,167565,167568,3,15
167550,167565,167568,3,15
167550,167565,167568,3,15
167550,167564,167568,4,14
167550,167564,167568,4,14
167550,167564,167568,4,14
167550,167565,167567,2,15
167550,167564,167568,4,14
167550,167564,167568,4,14
167550,167564,167568,4,14
167550,167564,167568,4,14
167550,167564,167569,5,14
167550,167565,167569,4,15
167550,167564,167568,4,14
167550,167564,167568,4,14
167550,167565,167569,4,15
167550,167566,167570,4,16
167550,167565,167570,5,15
167550,167566,167570,4,16
167550,167551,167555,4,1
167550,167551,167555,4,1
167550,167551,167554,3,1
167550,167568,167570,2,18
167550,167568,167570,2,18
167550,167568,167571,3,18
167550,167568,167571,3,18
167550,167567,167571,4,17
167550,167568,167571,3,18
167550,167566,167570,4,16
167550,167567,167571,4,17
167550,167568,167571,3,18
167550,167569,167572,3,19
167550,167568,167571,3,18
167550,167568,167571,3,18
167550,167569,167571,2,19
167550,167569,167572,3,19
167550,167569,167571,2,19
167550,167568,167571,3,18
167550,167568,167572,4,18
167550,167569,167572,3,19
167550,167568,167571,3,18
167550,167569,167572,3,19
167550,167568,167572,4,18
167550,167569,167572,3,19
167550,167568,167572,4,18
167550,167569,167572,3,19
167550,167569,167572,3,19
167550,167569,167572,3,19
167550,167571,167573,2,21
167550,167571,167573,2,21
167550,167570,167572,2,20
167550,167570,167572,2,20
167550,167570,167573,3,20
167550,167570,167573,3,20
167550,167572,167574,2,22
167550,167572,167574,2,22
167550,167572,167573,1,22
167550,167572,167574,2,22
167550,167571,167573,2,21
167550,167571,167574,3,21
167550,167571,167573,2,21
167550,167571,167573,2,21
167550,167570,167573,3,20
167550,167571,167574,3,21
167550,167571,167574,3,21
167550,167571,167574,3,21
167550,167571,167574,3,21
167550,167571,167574,3,21
167550,167571,167574,3,21
167551,167572,167574,2,21
167550,167572,167574,2,22
167550,167572,167574,2,22
167551,167572,167574,2,21
167551,167572,167574,2,21
167550,167570,167573,3,20
167550,167570,167574,4,20
167550,167570,167573,3,20
167550,167571,167575,4,21
167551,167573,167575,2,22
167551,167574,167575,1,23
167551,167574,167575,1,23
167551,167573,167576,3,22
167551,167574,167575,1,23
167551,167574,167575,1,23
167551,167572,167575,3,21
167551,167574,167576,2,23
167551,167574,167576,2,23
167551,167574,167575,1,23
167551,167574,167575,1,23
167551,167572,167576,4,21
167551,167572,167576,4,21
167551,167575,167577,2,24
167551,167573,167576,3,22
167551,167573,167576,3,22
167551,167574,167576,2,23
167551,167574,167576,2,23
167551,167573,167576,3,22
167551,167573,167576,3,22
167551,167575,167576,1,24
167551,167573,167576,3,22
167551,167573,167576,3,22
167551,167573,167577,4,22
167551,167575,167577,2,24
167551,167575,167577,2,24
167551,167574,167577,3,23
167551,167575,167578,3,24
167551,167574,167578,4,23
167551,167574,167578,4,23
167551,167574,167578,4,23
167551,167575,167578,3,24
167551,167574,167578,4,23
167551,167576,167578,2,25
167551,167576,167579,3,25
167551,167576,167579,3,25
167551,167574,167578,4,23
167551,167576,167579,3,25
167551,167576,167578,2,25
167551,167576,167579,3,25
167551,167577,167580,3,26
167551,167576,167580,4,25
167551,167576,167579,3,25
167550,167554,167557,3,4
167550,167555,167559,4,5
167550,167555,167558,3,5
167550,167555,167558,3,5
167551,167576,167579,3,25
167551,167576,167579,3,25
167551,167576,167579,3,25
167551,167576,167579,3,25
167551,167577,167579,2,26
167551,167576,167580,4,25
167551,167577,167580,3,26
167551,167576,167580,4,25
167551,167577,167580,3,26
167551,167577,167580,3,26
167551,167576,167580,4,25
167551,167577,167580,3,26
167551,167578,167580,2,27
167551,167576,167581,5,25
167551,167576,167580,4,25
167551,167577,167580,3,26
167551,167577,167580,3,26
167551,167577,167580,3,26
167551,167577,167580,3,26
167551,167578,167581,3,27
167551,167577,167581,4,26
167551,167578,167581,3,27
167551,167578,167581,3,27
167551,167579,167581,2,28
167551,167579,167581,2,28
167551,167578,167581,3,27
167551,167578,167581,3,27
167551,167578,167581,3,27
167551,167579,167581,2,28
167551,167579,167581,2,28
167551,167579,167581,2,28
167551,167579,167582,3,28
167551,167577,167581,4,26
167551,167578,167581,3,27
167551,167577,167581,4,26
167551,167580,167582,2,29
167551,167580,167582,2,29
167551,167580,167582,2,29
167551,167579,167582,3,28
167551,167580,167582,2,29
167551,167580,167582,2,29
167551,167580,167583,3,29
167551,167580,167583,3,29
167551,167580,167582,2,29
167551,167579,167583,4,28
167551,167580,167582,2,29
167551,167580,167583,3,29
167551,167580,167583,3,29
167551,167580,167583,3,29
167551,167580,167583,3,29
167551,167581,167583,2,30
167551,167582,167584,2,31
167551,167581,167584,3,30
167551,167581,167583,2,30
167551,167582,167584,2,31
167551,167580,167583,3,29
167551,167582,167584,2,31
167550,167580,167583,3,30
167550,167580,167583,3,30
167551,167580,167583,3,29
167551,167580,167583,3,29
167551,167580,167583,3,29
167551,167581,167583,2,30
167551,167581,167584,3,30
167551,167581,167584,3,30
167551,167581,167584,3,30
167551,167580,167583,3,29
167551,167581,167584,3,30
167551,167581,167584,3,30
167551,167581,167584,3,30
167551,167581,167584,3,30
167551,167581,167584,3,30
167551,167582,167584,2,31
167551,167582,167584,2,31
167551,167581,167584,3,30
167551,167581,167584,3,30
167560,167582,167585,3,22
167560,167582,167585,3,22
167560,167582,167585,3,22
167560,167582,167585,3,22
167560,167582,167585,3,22
167560,167582,167585,3,22
167560,167584,167585,1,24
167560,167584,167585,1,24
167560,167584,167585,1,24
167560,167584,167585,1,24
167560,167584,167585,1,24
167560,167584,167586,2,24
167560,167583,167586,3,23
167560,167582,167585,3,22
167560,167582,167586,4,22
167560,167583,167587,4,23
167560,167584,167586,2,24
167560,167583,167586,3,23
167560,167584,167586,2,24
167560,167583,167586,3,23
167560,167583,167586,3,23
167560,167583,167587,4,23
167560,167583,167586,3,23
167560,167584,167587,3,24
167560,167584,167587,3,24
167560,167584,167587,3,24
167560,167584,167588,4,24
167560,167584,167588,4,24
167560,167584,167588,4,24
167560,167584,167587,3,24
167560,167584,167588,4,24
167560,167584,167588,4,24
167560,167584,167588,4,24
167560,167584,167588,4,24
167560,167583,167588,5,23
167560,167584,167588,4,24
167560,167585,167588,3,25
167560,167586,167588,2,26
167560,167585,167588,3,25
167560,167585,167588,3,25
167560,167585,167589,4,25
167560,167585,167589,4,25
167560,167585,167588,3,25
167560,167587,167589,2,27
167560,167584,167589,5,24
167560,167586,167589,3,26
167560,167586,167589,3,26
167560,167586,167590,4,26
167560,167585,167589,4,25
167560,167586,167589,3,26
167560,167586,167589,3,26
167560,167585,167589,4,25
167560,167586,167589,3,26
167560,167585,167589,4,25
167560,167586,167590,4,26
167560,167586,167589,3,26
167560,167587,167590,3,27
167560,167586,167590,4,26
167560,167586,167589,3,26
167560,167587,167590,3,27
167560,167586,167590,4,26
167560,167586,167590,4,26
167560,167587,167590,3,27
167560,167587,167590,3,27
167560,167587,167590,3,27
167560,167588,167591,3,28
167560,167587,167591,4,27
167560,167587,167591,4,27
167560,167587,167591,4,27
167560,167588,167591,3,28
167560,167588,167591,3,28
166587,166587,167591,1004,0
167560,167587,167591,4,27
167560,167589,167592,3,29
167560,167589,167591,2,29
167560,167588,167591,3,28
167560,167589,167592,3,29
167560,167589,167592,3,29
167560,167589,167592,3,29
167560,167589,167591,2,29
167560,167588,167592,4,28
167560,167588,167592,4,28
167560,167588,167591,3,28
167560,167588,167592,4,28
167560,167588,167591,3,28
167560,167588,167592,4,28
167560,167589,167592,3,29
167560,167590,167592,2,30
167560,167590,167593,3,30
167560,167589,167592,3,29
167560,167590,167592,2,30
167560,167590,167592,2,30
167560,167590,167592,2,30
167560,167590,167593,3,30
167560,167590,167592,2,30
167560,167590,167592,2,30
167560,167590,167592,2,30
167560,167590,167592,2,30
167560,167590,167593,3,30
167560,167590,167592,2,30
167560,167590,167593,3,30
167560,167590,167593,3,30
167560,167589,167593,4,29
167560,167589,167592,3,29
167560,167590,167593,3,30
167560,167590,167593,3,30
167560,167590,167593,3,30
167560,167590,167593,3,30
167560,167592,167594,2,32
167560,167590,167593,3,30
167560,167591,167594,3,31
167560,167591,167593,2,31
167560,167590,167593,3,30
167560,167591,167594,3,31
167560,167591,167594,3,31
167560,167591,167594,3,31
167560,167590,167594,4,30
167560,167592,167594,2,32
167560,167591,167594,3,31
167560,167592,167594,2,32
167560,167592,167594,2,32
167561,167593,167595,2,32
167561,167593,167595,2,32
167561,167592,167595,3,31
167561,167592,167595,3,31
167561,167593,167594,1,32
167561,167592,167595,3,31
167561,167593,167595,2,32
167561,167593,167595,2,32
167561,167592,167595,3,31
167561,167592,167595,3,31
167561,167592,167595,3,31
167561,167593,167595,2,32
167561,167593,167596,3,32
167561,167592,167595,3,31
167561,167593,167596,3,32
167561,167593,167596,3,32
167561,167592,167595,3,31
167561,167594,167596,2,33
167561,167594,167596,2,33
167561,167593,167596,3,32
167561,167593,167595,2,32
167561,167594,167596,2,33
167561,167593,167596,3,32
167561,167593,167596,3,32
167561,167593,167597,4,32
167561,167592,167596,4,31
167561,167592,167596,4,31
167561,167592,167596,4,31
167561,167593,167596,3,32
167561,167594,167596,2,33
167561,167593,167597,4,32
167561,167593,167597,4,32
167561,167593,167596,3,32
167561,167593,167597,4,32
167561,167594,167597,3,33
167561,167594,167597,3,33
167561,167594,167597,3,33
167561,167595,167597,2,34
167561,167595,167597,2,34
167561,167596,167597,1,35
167561,167594,167597,3,33
167561,167594,167597,3,33
167561,167595,167597,2,34
167561,167595,167597,2,34
167561,167595,167598,3,34
167561,167595,167598,3,34
167561,167595,167598,3,34
167561,167595,167598,3,34
167561,167597,167599,2,36
167561,167597,167598,1,36
167561,167596,167599,3,35
167561,167597,167599,2,36
167561,167597,167599,2,36
167561,167596,167599,3,35
167561,167595,167599,4,34
167561,167595,167599,4,34
167561,167595,167599,4,34
167561,167595,167598,3,34
167561,167596,167599,3,35
167561,167595,167599,4,34
167561,167595,167599,4,34
167561,167596,167599,3,35
167561,167597,167600,3,36
167561,167596,167600,4,35
167561,167596,167600,4,35
167561,167596,167599,3,35
167561,167597,167599,2,36
167561,167597,167600,3,36
167561,167597,167600,3,36
167561,167595,167599,4,34
167561,167596,167600,4,35
167561,167596,167600,4,35
167561,167596,167600,4,35
167561,167596,167600,4,35
167561,167597,167600,3,36
167561,167598,167600,2,37
167561,167598,167601,3,37
167561,167596,167600,4,35
167561,167598,167600,2,37
167561,167598,167601,3,37
167561,167599,167600,1,38
167561,167597,167600,3,36
167561,167598,167601,3,37
167561,167598,167601,3,37
167561,167597,167600,3,36
167561,167596,167600,4,35
167561,167597,167601,4,36
167561,167598,167601,3,37
166627,166627,167601,974,0
167561,167597,167601,4,36
167561,167598,167601,3,37
167561,167598,167601,3,37
167561,167599,167601,2,38
167561,167599,167601,2,38
167561,167599,167601,2,38
167561,167598,167601,3,37
167561,167599,167602,3,38
167561,167599,167602,3,38
167561,167599,167601,2,38
167561,167598,167601,3,37
167561,167599,167602,3,38
167561,167600,167602,2,39
167561,167599,167602,3,38
167561,167599,167602,3,38
167561,167600,167602,2,39
167561,167599,167603,4,38
167561,167600,167602,2,39
167561,167600,167602,2,39
167561,167599,167602,3,38
167561,167600,167602,2,39
167561,167600,167603,3,39
167561,167600,167602,2,39
167561,167599,167603,4,38
167561,167600,167603,3,39
167561,167600,167602,2,39
167561,167600,167603,3,39
167561,167601,167603,2,40
167571,167601,167604,3,30
167571,167601,167604,3,30
167571,167602,167603,1,31
167561,167600,167603,3,39
167561,167600,167604,4,39
167571,167601,167604,3,30
167571,167602,167604,2,31
167571,167602,167604,2,31
167561,167600,167604,4,39
167561,167600,167604,4,39
167571,167602,167604,2,31
167571,167602,167604,2,31
167571,167601,167604,3,30
167571,167602,167605,3,31
167571,167602,167604,2,31
167571,167601,167604,3,30
167571,167601,167605,4,30
167571,167601,167605,4,30
167571,167601,167605,4,30
167571,167602,167604,2,31
167571,167601,167605,4,30
167571,167601,167605,4,30
167571,167603,167605,2,32
167571,167603,167605,2,32
167571,167602,167605,3,31
167571,167602,167605,3,31
167571,167602,167605,3,31
167571,167602,167606,4,31
167571,167601,167605,4,30
167571,167602,167605,3,31
167571,167604,167606,2,33
167571,167602,167606,4,31
167571,167603,167606,3,32
167571,167602,167606,4,31
167571,167602,167606,4,31
167571,167603,167606,3,32
167571,167603,167606,3,32
167571,167602,167606,4,31
167571,167602,167606,4,31
167571,167603,167606,3,32
167571,167604,167607,3,33
167571,167603,167606,3,32
167571,167604,167607,3,33
167571,167603,167607,4,32
166585,166585,167606,1021,0
167571,167604,167606,2,33
167571,167604,167606,2,33
167571,167604,167607,3,33
167571,167604,167607,3,33
167571,167604,167607,3,33
167571,167604,167607,3,33
167571,167603,167607,4,32
167571,167604,167607,3,33
167571,167604,167608,4,33
167571,167604,167608,4,33
167571,167604,167608,4,33
167571,167604,167608,4,33
167571,167604,167608,4,33
167571,167605,167608,3,34
167571,167605,167608,3,34
167571,167606,167609,3,35
167571,167605,167608,3,34
167571,167605,167608,3,34
167571,167606,167609,3,35
167571,167604,167608,4,33
167571,167605,167609,4,34
167571,167606,167608,2,35
167571,167606,167609,3,35
167571,167605,167609,4,34
167571,167606,167609,3,35
167571,167606,167608,2,35
167571,167606,167609,3,35
167571,167607,167609,2,36
167571,167607,167609,2,36
167571,167607,167609,2,36
167571,167606,167609,3,35
167571,167606,167609,3,35
167571,167607,167610,3,36
167571,167605,167610,5,34
167571,167606,167609,3,35
167571,167607,167609,2,36
167571,167607,167610,3,36
167571,167606,167609,3,35
167571,167606,167609,3,35
167571,167607,167610,3,36
167571,167607,167610,3,36
167571,167605,167609,4,34
167571,167606,167611,5,35
167571,167607,167610,3,36
167571,167607,167611,4,36
167571,167607,167610,3,36
167571,167607,167610,3,36
167571,167609,167611,2,38
167571,167607,167610,3,36
167571,167607,167610,3,36
167571,167607,167610,3,36
167571,167608,167611,3,37
167571,167607,167611,4,36
167571,167610,167612,2,39
167571,167609,167611,2,38
167571,167608,167611,3,37
167571,167608,167612,4,37
167571,167608,167611,3,37
167571,167609,167611,2,38
167571,167609,167611,2,38
167571,167609,167612,3,38
167571,167608,167612,4,37
167571,167609,167612,3,38
167571,167609,167612,3,38
167571,167609,167612,3,38
167571,167609,167612,3,38
167571,167609,167612,3,38
167571,167608,167612,4,37
167571,167609,167612,3,38
167571,167609,167612,3,38
167571,167608,167612,4,37
167571,167608,167612,4,37
167571,167610,167612,2,39
167571,167610,167612,2,39
167571,167610,167612,2,39
167571,167610,167612,2,39
167571,167610,167612,2,39
167571,167610,167612,2,39
167571,167609,167613,4,38
167571,167609,167612,3,38
166636,166637,167640,1003,1
166639,166640,167640,1000,1
167647,167647,167649,2,0
167647,167647,167648,1,0
167647,167647,167649,2,0
167647,167647,167649,2,0
166646,166651,167648,997,5
167647,167647,167649,2,0
167647,167647,167650,3,0
167647,167647,167649,2,0
167647,167647,167650,3,0
167647,167647,167650,3,0
167647,167647,167650,3,0
167647,167647,167650,3,0
167647,167647,167650,3,0
167647,167647,167651,4,0
167647,167647,167650,3,0
167647,167647,167650,3,0
167647,167647,167651,4,0
167647,167647,167650,3,0
167647,167647,167650,3,0
167647,167647,167651,4,0
167647,167647,167651,4,0
167647,167647,167651,4,0
167647,167647,167651,4,0
167647,167647,167651,4,0
167647,167647,167651,4,0
167647,167647,167651,4,0
167647,167647,167651,4,0
167647,167649,167651,2,2
167647,167647,167650,3,0
167647,167647,167651,4,0
167647,167647,167651,4,0
167647,167647,167651,4,0
167647,167647,167650,3,0
167647,167647,167650,3,0
167647,167647,167651,4,0
167647,167647,167651,4,0
167647,167647,167652,5,0
167647,167647,167651,4,0
167647,167647,167651,4,0
167647,167649,167652,3,2
167647,167649,167652,3,2
167647,167647,167651,4,0
167647,167647,167652,5,0
167647,167647,167651,4,0
167647,167647,167651,4,0
167647,167647,167651,4,0
167647,167649,167652,3,2
166633,166633,167651,1018,0
167647,167649,167651,2,2
167647,167647,167652,5,0
167647,167649,167653,4,2
167647,167650,167653,3,3
167647,167650,167653,3,3
167647,167650,167653,3,3
167647,167651,167653,2,4
167647,167647,167653,6,0
167647,167651,167654,3,4
167647,167651,167654,3,4
167647,167650,167654,4,3
167647,167651,167654,3,4
167647,167650,167654,4,3
167647,167651,167654,3,4
167647,167650,167654,4,3
167647,167651,167654,3,4
167647,167651,167655,4,4
167647,167651,167654,3,4
167647,167651,167654,3,4
167647,167651,167655,4,4
167647,167650,167654,4,3
167647,167651,167655,4,4
167647,167651,167655,4,4
167647,167651,167655,4,4
167647,167651,167655,4,4
167647,167651,167655,4,4
167647,167652,167655,3,5
167647,167652,167655,3,5
167647,167651,167655,4,4
167647,167651,167655,4,4
167647,167652,167655,3,5
167647,167651,167655,4,4
167647,167653,167655,2,6
167647,167651,167655,4,4
167647,167651,167655,4,4
167647,167653,167655,2,6
167647,167653,167655,2,6
167647,167651,167655,4,4
167647,167651,167655,4,4
167647,167651,167655,4,4
167647,167653,167655,2,6
167647,167653,167655,2,6
167647,167653,167655,2,6
167647,167652,167655,3,5
167647,167653,167656,3,6
166606,166606,167656,1050,0
167647,167653,167656,3,6
167647,167653,167656,3,6
167647,167651,167656,5,4
167647,167654,167656,2,7
167647,167655,167656,1,8
167647,167654,167656,2,7
167647,167655,167657,2,8
167647,167655,167656,1,8
167647,167654,167656,2,7
167647,167655,167657,2,8
167647,167653,167656,3,6
167647,167653,167656,3,6
167647,167654,167657,3,7
167647,167653,167656,3,6
167647,167654,167656,2,7
167647,167654,167657,3,7
167647,167654,167657,3,7
167647,167655,167657,2,8
167647,167655,167657,2,8
167647,167655,167657,2,8
167647,167655,167657,2,8
167647,167655,167658,3,8
167647,167655,167658,3,8
167647,167655,167658,3,8
167648,167656,167658,2,8
167647,167655,167658,3,8
167647,167655,167658,3,8
167648,167656,167659,3,8
167648,167656,167659,3,8
167647,167655,167658,3,8
167648,167656,167659,3,8
167648,167656,167658,2,8
167648,167657,167659,2,9
167648,167657,167658,1,9
167647,167650,167659,9,3
167648,167656,167659,3,8
167648,167657,167659,2,9
167648,167656,167659,3,8
167648,167656,167659,3,8
167648,167656,167659,3,8
167648,167658,167660,2,10
167648,167656,167659,3,8
167648,167657,167659,2,9
167648,167657,167660,3,9
167648,167656,167659,3,8
167648,167656,167659,3,8
167648,167656,167659,3,8
167648,167656,167659,3,8
167648,167656,167659,3,8
167648,167656,167659,3,8
167648,167657,167660,3,9
166643,166644,167659,1015,1
167648,167656,167659,3,8
167648,167656,167659,3,8
167648,167657,167659,2,9
167648,167656,167659,3,8
167648,167656,167660,4,8
167648,167656,167660,4,8
167648,167658,167660,2,10
167648,167656,167660,4,8
167648,167659,167660,1,11
167648,167657,167660,3,9
167648,167657,167661,4,9
167648,167657,167661,4,9
167648,167657,167661,4,9
167648,167657,167661,4,9
167648,167658,167661,3,10
167648,167658,167660,2,10
167648,167657,167661,4,9
167648,167657,167661,4,9
167648,167658,167661,3,10
167648,167658,167660,2,10
167648,167659,167661,2,11
167648,167659,167662,3,11
167648,167659,167662,3,11
167648,167659,167662,3,11
167647,167650,167661,11,3
167648,167659,167662,3,11
167648,167659,167662,3,11
167648,167659,167662,3,11
167648,167659,167662,3,11
167648,167661,167663,2,13
167648,167659,167662,3,11
167648,167660,167663,3,12
167648,167660,167663,3,12
167648,167660,167662,2,12
167648,167660,167662,2,12
167648,167660,167662,2,12
167648,167660,167662,2,12
167648,167660,167662,2,12
167648,167659,167662,3,11
167648,167659,167662,3,11
167648,167660,167662,2,12
167648,167660,167663,3,12
167648,167660,167663,3,12
167648,167660,167663,3,12
167648,167660,167664,4,12
167648,167661,167663,2,13
167648,167661,167664,3,13
167648,167661,167664,3,13
167648,167660,167663,3,12
167648,167660,167664,4,12
167648,167660,167663,3,12
167648,167661,167663,2,13
167648,167661,167664,3,13
167648,167660,167663,3,12
167648,167660,167663,3,12
167648,167661,167663,2,13
167648,167660,167663,3,12
167648,167661,167663,2,13
167648,167661,167664,3,13
167648,167660,167663,3,12
167648,167660,167663,3,12
167648,167660,167664,4,12
167648,167661,167663,2,13
167648,167661,167664,3,13
167648,167661,167664,3,13
167648,167661,167664,3,13
166619,166619,167664,1045,0
167648,167661,167664,3,13
167648,167658,167664,6,10
167648,167662,167664,2,14
167648,167660,167664,4,12
167648,167660,167665,5,12
167648,167662,167665,3,14
167648,167661,167664,3,13
167648,167662,167665,3,14
167648,167662,167665,3,14
167648,167663,167665,2,15
167648,167663,167665,2,15
167648,167663,167665,2,15
167648,167663,167666,3,15
167648,167663,167665,2,15
167648,167663,167665,2,15
167648,167663,167666,3,15
167648,167663,167666,3,15
167648,167663,167665,2,15
167648,167663,167665,2,15
167648,167663,167665,2,15
167648,167663,167665,2,15
167648,167663,167666,3,15
167648,167663,167666,3,15
167648,167663,167666,3,15
167648,167663,167666,3,15
166611,166611,167666,1055,0
167648,167664,167666,2,16
167648,167664,167666,2,16
167648,167664,167666,2,16
167648,167665,167666,1,17
167648,167665,167666,1,17
167648,167664,167666,2,16
167648,167665,167666,1,17
167648,167665,167666,1,17
167648,167665,167667,2,17
167648,167664,167667,3,16
167648,167664,167667,3,16
167648,167664,167667,3,16
167648,167663,167666,3,15
167648,167664,167667,3,16
167648,167664,167667,3,16
167648,167664,167668,4,16
167648,167664,167668,4,16
167648,167664,167667,3,16
167648,167664,167668,4,16
167648,167664,167668,4,16
167648,167664,167667,3,16
167648,167664,167667,3,16
167648,167664,167668,4,16
167648,167664,167667,3,16
167648,167664,167668,4,16
167648,167664,167668,4,16
167648,167665,167668,3,17
167648,167664,167668,4,16
167648,167664,167668,4,16
167648,167666,167669,3,18
167648,167664,167668,4,16
167648,167665,167669,4,17
167648,167666,167669,3,18
167648,167665,167669,4,17
167648,167665,167670,5,17
167648,167665,167669,4,17
167648,167665,167669,4,17
167648,167667,167669,2,19
167648,167664,167669,5,16
167648,167666,167669,3,18
167648,167666,167669,3,18
167648,167666,167670,4,18
167648,167666,167669,3,18
167648,167666,167670,4,18
167648,167666,167670,4,18
167648,167666,167670,4,18
167648,167666,167670,4,18
167648,167665,167670,5,17
167648,167667,167670,3,19
167648,167667,167671,4,19
166593,166593,167670,1077,0
166597,166597,167671,1074,0
167648,167666,167670,4,18
167648,167667,167671,4,19
167648,167666,167671,5,18
167648,167667,167671,4,19
167648,167667,167672,5,19
167648,167668,167671,3,20
167648,167667,167671,4,19
167648,167669,167671,2,21
167648,167669,167671,2,21
167648,167668,167671,3,20
167648,167667,167672,5,19
167648,167667,167671,4,19
167648,167667,167671,4,19
167648,167667,167672,5,19
167648,167667,167671,4,19
167648,167667,167671,4,19
167648,167668,167672,4,20
167648,167667,167672,5,19
167648,167668,167672,4,20
167648,167668,167672,4,20
167648,167668,167672,4,20
167648,167667,167672,5,19
167648,167668,167672,4,20
167648,167668,167672,4,20
167648,167670,167672,2,22
167648,167666,167672,6,18
167648,167668,167673,5,20
167648,167668,167672,4,20
167648,167668,167672,4,20
167648,167670,167673,3,22
167648,167669,167673,4,21
167648,167668,167673,5,20
167648,167670,167673,3,22
167648,167670,167673,3,22
167648,167670,167673,3,22
167648,167670,167673,3,22
167648,167670,167673,3,22
167648,167670,167673,3,22
167648,167670,167674,4,22
167648,167670,167674,4,22
167648,167670,167674,4,22
167648,167668,167674,6,20
167648,167668,167674,6,20
167648,167670,167674,4,22
167648,167671,167675,4,23
167648,167671,167675,4,23
167648,167672,167674,2,24
167648,167671,167674,3,23
167648,167671,167675,4,23
167648,167671,167675,4,23
167648,167672,167675,3,24
167648,167672,167675,3,24
166591,166592,167674,1082,1
167648,167671,167675,4,23
167648,167671,167675,4,23
167648,167671,167675,4,23
167648,167671,167675,4,23
167648,167672,167675,3,24
167648,167672,167675,3,24
167648,167672,167675,3,24
167648,167672,167676,4,24
167648,167672,167675,3,24
167648,167671,167675,4,23
167648,167673,167675,2,25
167648,167671,167675,4,23
167648,167672,167676,4,24
167648,167672,167675,3,24
167664,167674,167676,2,10
167648,167672,167675,3,24
167664,167674,167676,2,10
167648,167670,167676,6,22
166616,166616,167676,1060,0
167648,167672,167675,3,24
167648,167672,167675,3,24
167648,167672,167675,3,24
167664,167673,167676,3,9
167648,167672,167676,4,24
167648,167672,167676,4,24
167664,167673,167676,3,9
167664,167673,167676,3,9
167664,167673,167676,3,9
167648,167672,167676,4,24
167664,167674,167676,2,10
167648,167672,167676,4,24
167664,167673,167676,3,9
167664,167673,167676,3,9
167664,167675,167676,1,11
167664,167674,167676,2,10
167664,167673,167676,3,9
167664,167674,167677,3,10
167664,167675,167676,1,11
167664,167674,167677,3,10
167664,167675,167678,3,11
167664,167674,167677,3,10
167664,167674,167677,3,10
167664,167674,167678,4,10
167664,167675,167678,3,11
167648,167663,167678,15,15
167664,167675,167678,3,11
167664,167675,167678,3,11
167664,167675,167678,3,11
167664,167675,167678,3,11
166603,166604,167678,1074,1
167664,167675,167678,3,11
167664,167675,167678,3,11
167664,167675,167678,3,11
167664,167675,167678,3,11
167664,167675,167678,3,11
167664,167676,167678,2,12
167664,167675,167678,3,11
167664,167676,167678,2,12
167664,167674,167678,4,10
167664,167675,167678,3,11
167664,167675,167678,3,11
167664,167675,167678,3,11
167664,167676,167679,3,12
167664,167676,167679,3,12
167664,167675,167679,4,11
167664,167676,167679,3,12
167664,167676,167679,3,12
167664,167676,167679,3,12
167664,167676,167679,3,12
167664,167677,167680,3,13
167664,167676,167679,3,12
167664,167676,167679,3,12
167664,167677,167680,3,13
167664,167677,167680,3,13
167664,167676,167679,3,12
167664,167676,167680,4,12
167664,167676,167679,3,12
167664,167676,167680,4,12
167664,167676,167680,4,12
167664,167677,167680,3,13
167664,167677,167680,3,13
167664,167677,167680,3,13
167664,167677,167680,3,13
167664,167677,167680,3,13
167664,167677,167680,3,13
167664,167676,167680,4,12
167664,167677,167680,3,13
167664,167677,167680,3,13
167664,167677,167680,3,13
167664,167678,167680,2,14
167664,167676,167680,4,12
167664,167677,167681,4,13
167664,167677,167681,4,13
167664,167677,167681,4,13
167664,167679,167682,3,15
167664,167679,167682,3,15
167664,167679,167681,2,15
167664,167679,167681,2,15
167664,167679,167682,3,15
167664,167679,167681,2,15
167664,167679,167681,2,15
167664,167679,167681,2,15
167664,167679,167681,2,15
167664,167679,167681,2,15
167664,167679,167681,2,15
167664,167679,167681,2,15
167664,167679,167681,2,15
167664,167678,167681,3,14
167664,167678,167682,4,14
167664,167678,167682,4,14
167664,167678,167682,4,14
167664,167678,167681,3,14
167664,167680,167682,2,16
167664,167677,167681,4,13
167664,167680,167682,2,16
167664,167680,167682,2,16
167664,167680,167682,2,16
167664,167681,167683,2,17
167664,167679,167682,3,15
167664,167679,167682,3,15
167664,167680,167682,2,16
167664,167680,167682,2,16
167664,167679,167682,3,15
167664,167680,167683,3,16
167664,167679,167682,3,15
167664,167680,167682,2,16
167664,167680,167682,2,16
167664,167680,167683,3,16
167664,167680,167683,3,16
167664,167680,167683,3,16
167664,167680,167683,3,16
167664,167680,167682,2,16
167664,167681,167683,2,17
167664,167680,167683,3,16
167664,167680,167683,3,16
167664,167681,167684,3,17
167664,167681,167683,2,17
167664,167681,167684,3,17
167664,167681,167683,2,17
167664,167681,167683,2,17
167664,167681,167683,2,17
167664,167681,167683,2,17
167664,167680,167684,4,16
167664,167681,167683,2,17
167664,167681,167683,2,17
167665,167681,167684,3,16
167665,167681,167684,3,16
167665,167681,167685,4,16
167648,167672,167684,12,24
167664,167678,167684,6,14
167665,167682,167685,3,17
167665,167682,167685,3,17
167665,167682,167685,3,17
167665,167682,167685,3,17
167665,167682,167685,3,17
167665,167683,167685,2,18
167665,167682,167684,2,17
167665,167682,167685,3,17
167665,167682,167685,3,17
167665,167683,167685,2,18
167665,167683,167685,2,18
167665,167682,167685,3,17
167665,167681,167685,4,16
167665,167682,167685,3,17
167665,167682,167685,3,17
167665,167682,167686,4,17
167665,167682,167685,3,17
167665,167682,167685,3,17
167665,167682,167685,3,17
167665,167683,167686,3,18
167665,167682,167685,3,17
167665,167682,167686,4,17
167665,167682,167685,3,17
167665,167683,167685,2,18
167665,167682,167685,3,17
167665,167683,167686,3,18
167665,167683,167686,3,18
167665,167682,167686,4,17
167665,167683,167686,3,18
167665,167683,167686,3,18
167665,167682,167686,4,17
167665,167684,167687,3,19
167665,167683,167686,3,18
167665,167683,167687,4,18
167665,167683,167686,3,18
167665,167684,167687,3,19
167665,167684,167686,2,19
167665,167683,167686,3,18
167665,167684,167687,3,19
167665,167683,167687,4,18
167665,167683,167687,4,18
167665,167684,167687,3,19
167665,167684,167688,4,19
167665,167685,167688,3,20
167665,167685,167687,2,20
167665,167684,167687,3,19
167665,167685,167688,3,20
167665,167683,167687,4,18
167665,167684,167687,3,19
167665,167684,167688,4,19
167665,167684,167687,3,19
167665,167684,167688,4,19
167665,167684,167687,3,19
167665,167685,167688,3,20
167665,167685,167688,3,20
167665,167685,167688,3,20
167665,167685,167688,3,20
167665,167685,167688,3,20
167665,167685,167688,3,20
167665,167685,167688,3,20
167665,167683,167688,5,18
167665,167684,167688,4,19
167665,167686,167689,3,21
167665,167686,167689,3,21
167665,167685,167688,3,20
167665,167685,167689,4,20
167665,167685,167689,4,20
167665,167685,167689,4,20
167665,167687,167689,2,22
167665,167685,167689,4,20
167665,167686,167689,3,21
167665,167686,167689,3,21
167665,167685,167689,4,20
167665,167685,167689,4,20
167665,167686,167689,3,21
167665,167686,167689,3,21
167665,167686,167689,3,21
167665,167686,167689,3,21
167665,167686,167690,4,21
167665,167687,167690,3,22
167665,167686,167689,3,21
167665,167687,167690,3,22
167665,167687,167690,3,22
167665,167687,167689,2,22
167665,167687,167689,2,22
167665,167688,167690,2,23
167665,167686,167689,3,21
167665,167686,167690,4,21
167665,167688,167690,2,23
167665,167686,167690,4,21
167665,167686,167690,4,21
167665,167686,167690,4,21
167665,167687,167690,3,22
167665,167687,167690,3,22
167665,167688,167691,3,23
167665,167687,167691,4,22
167665,167687,167691,4,22
167665,167688,167691,3,23
167665,167688,167690,2,23
167665,167687,167690,3,22
167665,167688,167691,3,23
167665,167688,167691,3,23
167665,167688,167691,3,23
167665,167688,167690,2,23
167665,167688,167691,3,23
167665,167687,167691,4,22
167665,167688,167691,3,23
167665,167690,167692,2,25
167665,167687,167691,4,22
167665,167687,167691,4,22
167665,167688,167691,3,23
167665,167688,167691,3,23
167665,167688,167691,3,23
167665,167688,167691,3,23
167665,167687,167691,4,22
167665,167689,167692,3,24
167665,167690,167692,2,25
167665,167690,167692,2,25
167665,167689,167692,3,24
167665,167690,167692,2,25
167665,167688,167691,3,23
167665,167688,167691,3,23
167665,167688,167692,4,23
167665,167690,167692,2,25
167665,167689,167693,4,24
167665,167691,167692,1,26
167665,167691,167692,1,26
167665,167691,167692,1,26
167665,167691,167692,1,26
167665,167689,167693,4,24
167665,167691,167692,1,26
167665,167691,167692,1,26
167665,167689,167692,3,24
167665,167689,167692,3,24
167665,167690,167692,2,25
167665,167690,167692,2,25
167665,167690,167693,3,25
167665,167689,167693,4,24
167665,167690,167694,4,25
167665,167689,167693,4,24
167665,167691,167694,3,26
167665,167691,167694,3,26
167665,167690,167693,3,25
167665,167690,167693,3,25
167665,167691,167694,3,26
167665,167691,167693,2,26
167665,167691,167694,3,26
167665,167691,167694,3,26
167665,167691,167694,3,26
167665,167692,167695,3,27
167665,167691,167695,4,26
167665,167691,167694,3,26
167665,167692,167694,2,27
167665,167691,167694,3,26
167665,167691,167694,3,26
167665,167691,167694,3,26
167665,167692,167695,3,27
167665,167690,167695,5,25
167665,167690,167694,4,25
167665,167691,167694,3,26
167665,167691,167695,4,26
167665,167692,167695,3,27
167665,167692,167695,3,27
167665,167691,167695,4,26
167665,167691,167695,4,26
167665,167691,167695,4,26
167665,167691,167695,4,26
167665,167692,167695,3,27
167665,167693,167696,3,28
167665,167693,167696,3,28
167665,167693,167696,3,28
167665,167693,167696,3,28
167665,167692,167695,3,27
167665,167693,167696,3,28
167665,167694,167696,2,29
167665,167692,167696,4,27
167665,167692,167696,4,27
167665,167693,167695,2,28
167665,167691,167695,4,26
167665,167692,167696,4,27
167665,167693,167696,3,28
167665,167692,167696,4,27
167665,167692,167696,4,27
167665,167692,167696,4,27
167665,167692,167696,4,27
167665,167693,167696,3,28
167665,167692,167696,4,27
167665,167693,167696,3,28
167665,167692,167696,4,27
167665,167693,167696,3,28
167665,167693,167696,3,28
167665,167693,167697,4,28
167665,167694,167696,2,29
167665,167693,167696,3,28
167665,167694,167696,2,29
167665,167692,167696,4,27
167665,167694,167696,2,29
167665,167691,167697,6,26
167665,167694,167697,3,29
167665,167694,167697,3,29
167665,167696,167697,1,31
167665,167693,167697,4,28
167665,167694,167697,3,29
167665,167694,167698,4,29
167665,167694,167697,3,29
167665,167695,167698,3,30
167665,167695,167698,3,30
167665,167695,167698,3,30
167665,167695,167698,3,30
167665,167695,167697,2,30
167665,167695,167697,2,30
167665,167695,167698,3,30
167665,167695,167698,3,30
167665,167694,167698,4,29
167665,167695,167698,3,30
167665,167696,167698,2,31
167665,167696,167698,2,31
167665,167696,167698,2,31
167665,167695,167698,3,30
167665,167695,167698,3,30
167665,167695,167698,3,30
167665,167697,167698,1,32
167665,167697,167698,1,32
167665,167694,167698,4,29
167665,167696,167698,2,31
167665,167696,167698,2,31
167665,167696,167698,2,31
167665,167695,167699,4,30
167665,167696,167698,2,31
167665,167696,167699,3,31
167665,167696,167699,3,31
167665,167696,167699,3,31
167665,167695,167698,3,30
167665,167696,167698,2,31
167665,167696,167699,3,31
167665,167696,167699,3,31
167665,167698,167699,1,33
167665,167698,167699,1,33
167665,167696,167699,3,31
167665,167698,167700,2,33
167665,167698,167700,2,33
167665,167698,167699,1,33
167665,167698,167700,2,33
167665,167697,167701,4,32
167665,167697,167701,4,32
167665,167697,167700,3,32
167665,167698,167701,3,33
167665,167697,167701,4,32
167665,167698,167702,4,33
167665,167699,167702,3,34
167665,167699,167701,2,34
167665,167697,167701,4,32
167665,167697,167701,4,32
167665,167697,167702,5,32
167665,167697,167701,4,32
167665,167697,167702,5,32
167665,167697,167701,4,32
167665,167697,167701,4,32
167665,167697,167702,5,32
167665,167697,167702,5,32
167665,167697,167701,4,32
167665,167698,167702,4,33
167665,167699,167703,4,34
167665,167698,167703,5,33
167665,167699,167702,3,34
167665,167699,167702,3,34
167665,167699,167703,4,34
167665,167699,167702,3,34
167665,167699,167702,3,34
167665,167697,167703,6,32
167665,167697,167702,5,32
167665,167699,167703,4,34
167665,167699,167703,4,34
167665,167699,167702,3,34
167665,167698,167703,5,33
167665,167698,167703,5,33
167665,167697,167703,6,32
167665,167698,167702,4,33
167665,167698,167703,5,33
167665,167698,167703,5,33
167665,167698,167703,5,33
167665,167699,167703,4,34
167665,167699,167703,4,34
167665,167699,167703,4,34
167665,167699,167703,4,34
167665,167699,167703,4,34
167665,167699,167704,5,34
167665,167699,167704,5,34
167665,167700,167704,4,35
167665,167699,167704,5,34
167665,167699,167703,4,34
167665,167699,167703,4,34
167665,167699,167704,5,34
167665,167701,167704,3,36
167665,167700,167705,5,35
167665,167699,167704,5,34
167665,167700,167704,4,35
167665,167700,167704,4,35
167665,167700,167705,5,35
167665,167700,167705,5,35
167665,167700,167704,4,35
167665,167701,167705,4,36
167665,167702,167705,3,37
167665,167702,167706,4,37
167665,167702,167706,4,37
167665,167703,167706,3,38
167665,167702,167705,3,37
167665,167702,167706,4,37
167665,167702,167706,4,37
167665,167701,167706,5,36
167665,167702,167706,4,37
167665,167702,167706,4,37
167665,167702,167706,4,37
167665,167702,167706,4,37
167665,167702,167706,4,37
167665,167701,167706,5,36
167665,167701,167706,5,36
167665,167702,167707,5,37
167665,167703,167706,3,38
167665,167702,167706,4,37
167665,167703,167707,4,38
167665,167703,167707,4,38
167665,167703,167707,4,38
167665,167703,167707,4,38
167665,167704,167707,3,39
167665,167703,167707,4,38
167665,167704,167707,3,39
167665,167703,167707,4,38
167665,167702,167707,5,37
167665,167703,167707,4,38
167665,167704,167707,3,39
167665,167703,167707,4,38
167665,167703,167707,4,38
167665,167703,167707,4,38
167665,167703,167707,4,38
167665,167703,167707,4,38
167665,167704,167707,3,39
167665,167705,167708,3,40
167665,167703,167708,5,38
167665,167704,167708,4,39
167665,167703,167708,5,38
167665,167704,167707,3,39
167665,167704,167708,4,39
167665,167704,167707,3,39
167665,167704,167707,3,39
167665,167705,167708,3,40
167665,167703,167708,5,38
167665,167705,167708,3,40
167665,167704,167708,4,39
167665,167703,167708,5,38
167665,167704,167708,4,39
167665,167703,167708,5,38
167665,167703,167708,5,38
167665,167705,167709,4,40
167665,167705,167708,3,40
167665,167705,167709,4,40
167665,167707,167708,1,42
167665,167705,167709,4,40
167665,167707,167709,2,42
167665,167707,167709,2,42
167665,167707,167708,1,42
167665,167707,167709,2,42
167665,167705,167709,4,40
167665,167708,167709,1,43
167665,167708,167709,1,43
167665,167708,167710,2,43
167665,167708,167710,2,43
167665,167706,167710,4,41
167665,167706,167710,4,41
167665,167707,167710,3,42
167665,167708,167710,2,43
167665,167706,167710,4,41
167665,167707,167710,3,42
167665,167706,167710,4,41
167665,167706,167710,4,41
167665,167706,167710,4,41
167665,167705,167710,5,40
167665,167708,167710,2,43
167665,167708,167710,2,43
167665,167708,167710,2,43
167665,167709,167711,2,44
167665,167709,167711,2,44
167665,167706,167711,5,41
167665,167706,167711,5,41
167665,167708,167711,3,43
167665,167706,167710,4,41
167665,167706,167711,5,41
167665,167708,167711,3,43
167665,167706,167711,5,41
167665,167708,167711,3,43
167665,167709,167711,2,44
167665,167706,167711,5,41
167665,167707,167711,4,42
167665,167708,167711,3,43
167665,167708,167711,3,43
167665,167707,167711,4,42
167665,167709,167712,3,44
167665,167709,167712,3,44
167665,167709,167711,2,44
167665,167707,167712,5,42
167665,167709,167712,3,44
167665,167709,167712,3,44
167665,167709,167712,3,44
167665,167709,167712,3,44
167665,167709,167712,3,44
167665,167706,167712,6,41
167665,167708,167712,4,43
167665,167707,167712,5,42
167665,167709,167713,4,44
167665,167708,167712,4,43
167665,167709,167712,3,44
167665,167709,167712,3,44
167665,167707,167712,5,42
167665,167709,167713,4,44
167665,167708,167713,5,43
167665,167708,167713,5,43
167665,167709,167713,4,44
167665,167709,167713,4,44
167665,167710,167714,4,45
167665,167710,167714,4,45
167665,167711,167714,3,46
167665,167711,167714,3,46
167665,167711,167714,3,46
167665,167708,167714,6,43
167665,167712,167714,2,47
167665,167711,167715,4,46
167665,167711,167714,3,46
167665,167710,167715,5,45
167665,167711,167714,3,46
167665,167710,167715,5,45
167665,167710,167715,5,45
167665,167710,167715,5,45
167665,167710,167715,5,45
167665,167712,167715,3,47
167665,167710,167715,5,45
167665,167710,167715,5,45
167665,167712,167715,3,47
167665,167712,167715,3,47
167665,167712,167715,3,47
167665,167712,167715,3,47
167665,167712,167715,3,47
167665,167711,167715,4,46
167665,167712,167715,3,47
167665,167712,167715,3,47
167665,167711,167716,5,46
167665,167711,167715,4,46
167665,167710,167715,5,45
167665,167711,167716,5,46
167665,167710,167716,6,45
167665,167714,167717,3,49
167665,167712,167716,4,47
167665,167713,167716,3,48
167665,167714,167717,3,49
167665,167713,167716,3,48
167665,167712,167716,4,47
167665,167712,167716,4,47
167665,167713,167716,3,48
167665,167713,167717,4,48
167665,167713,167716,3,48
167665,167712,167717,5,47
167665,167712,167716,4,47
167665,167713,167716,3,48
167665,167713,167717,4,48
167665,167713,167716,3,48
167665,167713,167717,4,48
167665,167713,167717,4,48
167665,167713,167717,4,48
167665,167712,167717,5,47
167665,167714,167717,3,49
167675,167715,167718,3,40
167665,167713,167717,4,48
167675,167715,167717,2,40
167665,167713,167717,4,48
167665,167714,167717,3,49
167665,167714,167717,3,49
167675,167716,167717,1,41
167665,167714,167717,3,49
167665,167714,167717,3,49
167675,167716,167717,1,41
167675,167715,167718,3,40
167675,167715,167718,3,40
167675,167716,167717,1,41
167675,167716,167717,1,41
167675,167716,167717,1,41
167675,167716,167718,2,41
167665,167714,167718,4,49
167665,167713,167718,5,48
167675,167715,167718,3,40
167675,167715,167718,3,40
167675,167716,167719,3,41
167675,167717,167719,2,42
167675,167717,167719,2,42
167675,167716,167719,3,41
167675,167716,167718,2,41
167675,167716,167719,3,41
167675,167715,167718,3,40
167675,167715,167718,3,40
167675,167716,167720,4,41
167675,167716,167720,4,41
167675,167716,167720,4,41
167675,167716,167720,4,41
167675,167717,167719,2,42
167675,167716,167719,3,41
167675,167716,167720,4,41
167675,167716,167719,3,41
167675,167717,167720,3,42
167675,167717,167720,3,42
167675,167717,167720,3,42
167675,167717,167720,3,42
167675,167716,167719,3,41
167675,167716,167719,3,41
167675,167717,167720,3,42
167675,167718,167720,2,43
167675,167717,167720,3,42
167675,167717,167720,3,42
167675,167717,167720,3,42
167675,167718,167721,3,43
167675,167718,167721,3,43
167675,167717,167720,3,42
167675,167717,167721,4,42
167675,167717,167720,3,42
167675,167717,167720,3,42
167675,167717,167721,4,42
167675,167717,167721,4,42
167675,167717,167721,4,42
167675,167718,167721,3,43
167675,167718,167721,3,43
167675,167718,167722,4,43
167675,167718,167721,3,43
167675,167719,167722,3,44
167675,167719,167722,3,44
167675,167719,167722,3,44
167675,167718,167722,4,43
167675,167718,167722,4,43
167675,167718,167721,3,43
167675,167718,167721,3,43
167675,167718,167722,4,43
167675,167718,167722,4,43
167675,167718,167721,3,43
167675,167718,167722,4,43
167675,167718,167722,4,43
167675,167720,167722,2,45
167675,167718,167721,3,43
167675,167718,167722,4,43
167675,167719,167722,3,44
167675,167719,167723,4,44
167675,167718,167723,5,43
167675,167720,167723,3,45
167675,167720,167723,3,45
167675,167720,167723,3,45
167675,167718,167722,4,43
167675,167719,167722,3,44
167675,167720,167723,3,45
167675,167719,167722,3,44
167675,167720,167722,2,45
167675,167720,167723,3,45
167675,167719,167723,4,44
167675,167719,167723,4,44
167675,167720,167723,3,45
167675,167721,167723,2,46
167675,167721,167723,2,46
167675,167721,167723,2,46
167675,167719,167723,4,44
167675,167720,167723,3,45
167675,167722,167724,2,47
167675,167722,167724,2,47
167675,167720,167723,3,45
167675,167720,167724,4,45
167675,167721,167724,3,46
167675,167722,167724,2,47
167675,167722,167724,2,47
167675,167721,167724,3,46
167675,167721,167724,3,46
167675,167721,167723,2,46
167675,167721,167723,2,46
167675,167722,167724,2,47
167675,167721,167724,3,46
167675,167719,167724,5,44
167675,167722,167724,2,47
167675,167722,167725,3,47
167675,167722,167724,2,47
167676,167724,167725,1,48
167675,167720,167724,4,45
167675,167722,167724,2,47
167676,167724,167725,1,48
167675,167722,167725,3,47
167675,167721,167724,3,46
167675,167721,167724,3,46
167675,167721,167725,4,46
167675,167722,167725,3,47
167676,167723,167725,2,47
167675,167721,167725,4,46
167675,167722,167725,3,47
167675,167722,167725,3,47
167675,167722,167725,3,47
167675,167722,167725,3,47
167675,167722,167725,3,47
167675,167722,167725,3,47
167676,167722,167725,3,46
167675,167722,167725,3,47
167676,167724,167726,2,48
167676,167724,167725,1,48
167675,167720,167726,6,45
167676,167723,167726,3,47
167676,167724,167726,2,48
167676,167724,167726,2,48
167676,167724,167726,2,48
167676,167723,167726,3,47
167676,167723,167726,3,47
167676,167724,167726,2,48
167676,167724,167726,2,48
167676,167723,167726,3,47
167676,167722,167726,4,46
167676,167723,167726,3,47
167676,167724,167727,3,48
167676,167723,167726,3,47
167676,167723,167726,3,47
167676,167724,167726,2,48
167676,167723,167727,4,47
167676,167723,167726,3,47
167676,167723,167727,4,47
167676,167723,167726,3,47
167676,167724,167727,3,48
167676,167724,167727,3,48
167676,167723,167727,4,47
167676,167724,167727,3,48
167676,167724,167727,3,48
167676,167724,167728,4,48
167676,167726,167728,2,50
167676,167724,167728,4,48
167676,167724,167728,4,48
167676,167724,167729,5,48
167676,167726,167728,2,50
167676,167726,167728,2,50
167676,167724,167728,4,48
167676,167725,167728,3,49
167676,167725,167728,3,49
167676,167725,167729,4,49
167676,167725,167729,4,49
167676,167725,167728,3,49
167676,167725,167729,4,49
167676,167726,167729,3,50
167676,167726,167728,2,50
167676,167726,167728,2,50
167676,167726,167729,3,50
167676,167724,167729,5,48
167676,167726,167729,3,50
167676,167726,167729,3,50
167676,167725,167729,4,49
167676,167726,167729,3,50
167676,167726,167729,3,50
167676,167726,167729,3,50
167676,167726,167729,3,50
167676,167726,167729,3,50
167676,167726,167730,4,50
167676,167726,167729,3,50
167676,167726,167730,4,50
167676,167727,167729,2,51
167676,167726,167730,4,50
167676,167726,167729,3,50
167676,167726,167729,3,50
167676,167726,167729,3,50
167676,167725,167729,4,49
167676,167727,167730,3,51
167676,167725,167729,4,49
167676,167727,167730,3,51
167676,167727,167730,3,51
167676,167726,167730,4,50
167676,167726,167730,4,50
167676,167727,167730,3,51
167676,167727,167730,3,51
167676,167728,167730,2,52
167676,167728,167731,3,52
167676,167726,167730,4,50
167676,167728,167730,2,52
167676,167728,167730,2,52
167676,167727,167730,3,51
167676,167727,167730,3,51
167676,167727,167731,4,51
167676,167727,167731,4,51
167676,167727,167731,4,51
167676,167727,167731,4,51
167676,167728,167731,3,52
167676,167728,167731,3,52
167676,167729,167732,3,53
167676,167729,167732,3,53
167676,167730,167732,2,54
167676,167728,167731,3,52
167676,167729,167732,3,53
167676,167729,167732,3,53
167676,167729,167731,2,53
167676,167729,167731,2,53
167676,167729,167732,3,53
167676,167728,167732,4,52
167676,167729,167732,3,53
167676,167730,167732,2,54
167676,167730,167732,2,54
167676,167730,167733,3,54
167676,167729,167733,4,53
167676,167730,167733,3,54
167676,167729,167732,3,53
167676,167730,167732,2,54
167676,167730,167733,3,54
167676,167730,167733,3,54
167676,167730,167732,2,54
167676,167730,167732,2,54
167676,167730,167733,3,54
167676,167730,167733,3,54
167676,167730,167732,2,54
167676,167730,167732,2,54
167676,167729,167732,3,53
167676,167730,167732,2,54
167676,167730,167732,2,54
167676,167729,167732,3,53
167676,167729,167733,4,53
167676,167729,167733,4,53
167676,167729,167733,4,53
167676,167732,167733,1,56
167676,167732,167733,1,56
167676,167731,167734,3,55
167676,167731,167734,3,55
167676,167731,167734,3,55
167676,167732,167733,1,56
167676,167732,167733,1,56
167676,167732,167733,1,56
167676,167730,167733,3,54
167676,167730,167734,4,54
167676,167730,167734,4,54
167676,167732,167734,2,56
167676,167730,167733,3,54
167676,167730,167734,4,54
167676,167730,167734,4,54
167676,167731,167734,3,55
167676,167731,167734,3,55
167676,167733,167735,2,57
167676,167733,167735,2,57
167676,167731,167735,4,55
167676,167731,167734,3,55
167676,167731,167735,4,55
167676,167731,167735,4,55
167676,167732,167734,2,56
167676,167731,167735,4,55
167676,167730,167735,5,54
167676,167731,167734,3,55
167676,167732,167735,3,56
167676,167733,167736,3,57
167676,167733,167736,3,57
167676,167731,167736,5,55
167676,167733,167736,3,57
167676,167733,167735,2,57
167676,167733,167735,2,57
167676,167733,167736,3,57
167676,167732,167736,4,56
167676,167732,167736,4,56
167676,167732,167736,4,56
167676,167732,167736,4,56
167676,167733,167736,3,57
167676,167733,167736,3,57
167676,167733,167737,4,57
167676,167733,167736,3,57
167676,167735,167737,2,59
167676,167734,167737,3,58
167676,167734,167737,3,58
167676,167735,167737,2,59
167676,167733,167737,4,57
167676,167732,167737,5,56
167676,167733,167737,4,57
167676,167734,167737,3,58
167676,167734,167738,4,58
167676,167734,167737,3,58
167676,167735,167737,2,59
167676,167733,167738,5,57
167676,167733,167737,4,57
167676,167733,167738,5,57
167676,167734,167737,3,58
167676,167734,167738,4,58
167676,167733,167737,4,57
167676,167734,167738,4,58
167676,167734,167738,4,58
167676,167734,167738,4,58
167676,167735,167738,3,59
167676,167735,167738,3,59
167676,167733,167737,4,57
167676,167733,167738,5,57
167676,167733,167738,5,57
167676,167735,167737,2,59
167676,167733,167738,5,57
167676,167733,167738,5,57
167676,167733,167738,5,57
167676,167734,167738,4,58
167676,167736,167739,3,60
167676,167735,167739,4,59
167676,167735,167738,3,59
167676,167734,167738,4,58
167676,167734,167739,5,58
167676,167736,167739,3,60
167676,167734,167738,4,58
167676,167736,167739,3,60
167676,167736,167739,3,60
167676,167736,167739,3,60
167676,167737,167740,3,61
167676,167737,167739,2,61
167676,167736,167739,3,60
167676,167736,167739,3,60
167676,167737,167740,3,61
167676,167737,167740,3,61
167676,167736,167740,4,60
167676,167737,167740,3,61
167676,167737,167740,3,61
167676,167735,167740,5,59
167676,167736,167739,3,60
167676,167736,167740,4,60
167676,167735,167739,4,59
167676,167735,167740,5,59
167676,167736,167740,4,60
167676,167737,167740,3,61
167676,167738,167741,3,62
167676,167738,167740,2,62
167676,167738,167741,3,62
167676,167736,167740,4,60
167676,167737,167741,4,61
167676,167737,167741,4,61
167676,167737,167741,4,61
167676,167737,167740,3,61
167676,167738,167741,3,62
167676,167738,167741,3,62
167676,167738,167741,3,62
167676,167738,167741,3,62
167676,167738,167741,3,62
167676,167738,167741,3,62
167676,167738,167741,3,62
167676,167738,167741,3,62
167676,167738,167741,3,62
167676,167738,167742,4,62
167676,167738,167742,4,62
167676,167738,167741,3,62
167676,167738,167742,4,62
166902,166910,167754,844,8
167776,167776,167778,2,0
167776,167776,167779,3,0
167776,167777,167779,2,1
167776,167777,167779,2,1
167776,167776,167779,3,0
167776,167776,167779,3,0
167776,167776,167779,3,0
167776,167776,167779,3,0
167776,167776,167779,3,0
167776,167776,167779,3,0
167776,167776,167779,3,0
167776,167776,167780,4,0
167776,167776,167780,4,0
167776,167776,167779,3,0
167776,167776,167780,4,0
167776,167776,167780,4,0
167776,167776,167780,4,0
167776,167777,167780,3,1
167776,167776,167780,4,0
167776,167776,167780,4,0
167776,167776,167780,4,0
167776,167776,167780,4,0
167776,167776,167780,4,0
167776,167777,167780,3,1
167776,167777,167780,3,1
167776,167776,167780,4,0
167776,167776,167780,4,0
167776,167776,167780,4,0
167776,167776,167780,4,0
167776,167776,167780,4,0
167776,167776,167780,4,0
167776,167776,167780,4,0
167776,167776,167781,5,0
167776,167776,167780,4,0
167776,167776,167780,4,0
167776,167776,167780,4,0
167776,167776,167780,4,0
167776,167776,167781,5,0
167776,167776,167780,4,0
167776,167776,167780,4,0
167776,167776,167780,4,0
167776,167776,167780,4,0
167776,167776,167781,5,0
167776,167776,167781,5,0
167776,167776,167781,5,0
167776,167776,167781,5,0
167776,167776,167781,5,0
167776,167776,167781,5,0
167776,167776,167781,5,0
167776,167776,167781,5,0
167776,167780,167782,2,4
167776,167780,167782,2,4
167776,167780,167783,3,4
167776,167781,167783,2,5
167776,167781,167783,2,5
167776,167779,167783,4,3
167776,167781,167783,2,5
167776,167781,167783,2,5
167776,167780,167783,3,4
167776,167780,167783,3,4
167776,167780,167783,3,4
167776,167781,167784,3,5
167776,167780,167783,3,4
167776,167779,167783,4,3
167776,167780,167783,3,4
167776,167781,167784,3,5
167776,167781,167783,2,5
167776,167781,167784,3,5
167776,167782,167783,1,6
167776,167781,167783,2,5
167776,167781,167784,3,5
167776,167781,167783,2,5
167776,167781,167784,3,5
167776,167781,167783,2,5
167776,167781,167784,3,5
167776,167781,167783,2,5
167776,167781,167783,2,5
167776,167782,167784,2,6
167776,167781,167784,3,5
167776,167783,167784,1,7
167776,167781,167784,3,5
167776,167781,167784,3,5
167776,167781,167784,3,5
167776,167781,167784,3,5
167776,167781,167784,3,5
167776,167781,167785,4,5
167776,167781,167784,3,5
167776,167782,167784,2,6
167776,167782,167785,3,6
167776,167783,167785,2,7
167776,167781,167784,3,5
167776,167781,167785,4,5
167776,167782,167784,2,6
167776,167780,167784,4,4
167776,167781,167784,3,5
167776,167781,167784,3,5
167776,167781,167784,3,5
167776,167782,167784,2,6
167776,167783,167785,2,7
167776,167783,167785,2,7
167776,167781,167784,3,5
167776,167783,167785,2,7
167776,167782,167785,3,6
167776,167781,167785,4,5
166909,166919,167785,866,10
167776,167782,167786,4,6
167776,167784,167786,2,8
167776,167784,167786,2,8
167776,167784,167786,2,8
167776,167784,167786,2,8
167776,167784,167786,2,8
167776,167785,167786,1,9
167776,167785,167787,2,9
167776,167785,167787,2,9
167776,167784,167787,3,8
167776,167785,167786,1,9
167776,167785,167786,1,9
167776,167784,167786,2,8
167776,167784,167787,3,8
167776,167784,167787,3,8
167776,167785,167787,2,9
167776,167784,167787,3,8
167776,167785,167786,1,9
167776,167785,167787,2,9
167776,167784,167787,3,8
167776,167784,167787,3,8
167776,167784,167787,3,8
167776,167784,167787,3,8
167776,167784,167787,3,8
167776,167785,167787,2,9
167776,167784,167787,3,8
167776,167785,167787,2,9
167776,167785,167787,2,9
167776,167784,167787,3,8
167776,167784,167787,3,8
167776,167784,167787,3,8
167776,167785,167788,3,9
167776,167784,167787,3,8
167776,167785,167788,3,9
167776,167785,167787,2,9
167776,167784,167788,4,8
167776,167784,167787,3,8
167776,167784,167787,3,8
167776,167785,167789,4,9
167776,167785,167788,3,9
167776,167785,167789,4,9
167776,167785,167789,4,9
167776,167785,167788,3,9
167776,167785,167789,4,9
167776,167785,167789,4,9
167776,167786,167789,3,10
167776,167788,167790,2,12
167776,167787,167790,3,11
167776,167786,167789,3,10
167776,167787,167790,3,11
167776,167787,167790,3,11
167776,167788,167790,2,12
167776,167785,167790,5,9
167776,167787,167790,3,11
167776,167785,167789,4,9
167776,167785,167789,4,9
167776,167786,167789,3,10
167776,167787,167790,3,11
167776,167786,167790,4,10
167776,167787,167790,3,11
167776,167787,167790,3,11
167776,167787,167790,3,11
167776,167788,167790,2,12
167776,167787,167791,4,11
167776,167787,167791,4,11
167776,167787,167791,4,11
167776,167787,167791,4,11
167776,167787,167790,3,11
167776,167787,167790,3,11
167776,167788,167791,3,12
167776,167787,167791,4,11
167776,167787,167791,4,11
167776,167787,167790,3,11
167776,167787,167790,3,11
167776,167787,167790,3,11
167776,167788,167791,3,12
167776,167787,167791,4,11
167776,167788,167791,3,12
167776,167788,167791,3,12
167776,167787,167791,4,11
167776,167787,167792,5,11
167776,167789,167792,3,13
167776,167788,167791,3,12
167776,167788,167792,4,12
167776,167788,167792,4,12
167776,167787,167792,5,11
167776,167790,167792,2,14
167776,167788,167792,4,12
167776,167788,167792,4,12
167776,167787,167791,4,11
167776,167788,167792,4,12
167776,167789,167792,3,13
167776,167790,167793,3,14
167776,167789,167793,4,13
167776,167790,167792,2,14
167776,167790,167793,3,14
167776,167789,167792,3,13
167776,167790,167793,3,14
167776,167789,167792,3,13
167776,167790,167793,3,14
167776,167790,167793,3,14
167776,167790,167793,3,14
167776,167790,167793,3,14
167776,167789,167793,4,13
167776,167790,167793,3,14
167776,167790,167793,3,14
167776,167791,167794,3,15
167776,167790,167793,3,14
167776,167791,167794,3,15
167776,167791,167794,3,15
167776,167791,167794,3,15
167776,167790,167794,4,14
167776,167790,167794,4,14
167776,167790,167794,4,14
167776,167791,167794,3,15
167776,167791,167794,3,15
167776,167791,167794,3,15
167776,167791,167794,3,15
167776,167791,167794,3,15
167776,167791,167794,3,15
167776,167789,167794,5,13
167776,167791,167794,3,15
167776,167792,167794,2,16
167776,167792,167794,2,16
167776,167791,167794,3,15
167776,167791,167795,4,15
167776,167791,167795,4,15
167776,167791,167794,3,15
167776,167794,167795,1,18
167776,167794,167795,1,18
167776,167794,167795,1,18
167776,167791,167795,4,15
167776,167794,167795,1,18
167776,167794,167795,1,18
167776,167794,167795,1,18
167776,167794,167795,1,18
167776,167792,167796,4,16
167776,167792,167796,4,16
167776,167792,167796,4,16
167776,167795,167797,2,19
167776,167795,167797,2,19
167776,167795,167796,1,19
167776,167793,167796,3,17
167776,167790,167796,6,14
167776,167792,167796,4,16
167776,167795,167797,2,19
167776,167792,167797,5,16
167776,167793,167797,4,17
167776,167794,167797,3,18
167776,167795,167797,2,19
167776,167793,167798,5,17
167776,167795,167797,2,19
167776,167792,167797,5,16
167776,167792,167797,5,16
167776,167793,167797,4,17
167776,167793,167797,4,17
167776,167796,167798,2,20
167776,167793,167798,5,17
167776,167795,167797,2,19
167776,167793,167797,4,17
167776,167794,167798,4,18
167776,167795,167798,3,19
167776,167795,167798,3,19
167776,167795,167798,3,19
167776,167792,167798,6,16
167776,167795,167798,3,19
167776,167796,167798,2,20
167776,167796,167799,3,20
167776,167796,167799,3,20
167776,167794,167798,4,18
167776,167794,167799,5,18
167776,167794,167799,5,18
167776,167795,167799,4,19
167776,167795,167799,4,19
167776,167793,167799,6,17
167776,167793,167799,6,17
167776,167797,167800,3,21
167776,167793,167799,6,17
167776,167793,167799,6,17
167776,167795,167799,4,19
167776,167797,167800,3,21
167776,167796,167800,4,20
167776,167795,167799,4,19
167776,167795,167800,5,19
167776,167795,167799,4,19
167776,167796,167799,3,20
167776,167794,167800,6,18
167776,167794,167800,6,18
167776,167795,167800,5,19
167776,167795,167800,5,19
167776,167796,167800,4,20
167776,167796,167800,4,20
167776,167796,167800,4,20
167776,167797,167801,4,21
167776,167797,167800,3,21
167776,167795,167801,6,19
167776,167798,167801,3,22
167776,167795,167801,6,19
167776,167798,167801,3,22
167776,167799,167801,2,23
167776,167798,167802,4,22
167776,167797,167801,4,21
167776,167797,167801,4,21
167776,167798,167802,4,22
167776,167797,167802,5,21
167776,167797,167801,4,21
167776,167798,167802,4,22
167776,167798,167802,4,22
167776,167798,167803,5,22
167776,167798,167802,4,22
167776,167798,167802,4,22
167776,167799,167802,3,23
167776,167798,167802,4,22
167776,167799,167802,3,23
167776,167798,167802,4,22
167776,167798,167802,4,22
167776,167799,167803,4,23
167776,167798,167803,5,22
167776,167798,167803,5,22
167776,167798,167803,5,22
167776,167799,167803,4,23
167776,167799,167803,4,23
167776,167797,167803,6,21
167776,167799,167803,4,23
167776,167798,167803,5,22
167776,167799,167802,3,23
167776,167800,167803,3,24
167776,167800,167803,3,24
167776,167800,167803,3,24
167776,167800,167803,3,24
167776,167799,167803,4,23
167776,167800,167804,4,24
167776,167800,167804,4,24
167776,167800,167804,4,24
167776,167800,167804,4,24
167776,167799,167804,5,23
167776,167801,167804,3,25
167776,167801,167804,3,25
167776,167800,167804,4,24
167776,167800,167804,4,24
167776,167801,167804,3,25
167776,167800,167804,4,24
167776,167800,167804,4,24
167776,167801,167804,3,25
167776,167801,167804,3,25
167776,167801,167804,3,25
167776,167801,167804,3,25
167776,167800,167804,4,24
167776,167800,167804,4,24
167776,167800,167804,4,24
167776,167800,167805,5,24
167776,167801,167805,4,25
167776,167801,167805,4,25
167776,167801,167805,4,25
167776,167802,167805,3,26
167776,167802,167805,3,26
167826,167826,167828,2,0
167826,167826,167828,2,0
167826,167826,167829,3,0
167826,167826,167829,3,0
167826,167826,167829,3,0
167826,167826,167829,3,0
167826,167826,167829,3,0
167826,167826,167829,3,0
167826,167826,167828,2,0
167826,167826,167829,3,0
167826,167826,167829,3,0
167826,167826,167829,3,0
167826,167826,167829,3,0
167826,167826,167830,4,0
167826,167826,167830,4,0
167826,167826,167830,4,0
167826,167826,167830,4,0
167826,167826,167830,4,0
167826,167826,167830,4,0
167826,167826,167830,4,0
167826,167826,167830,4,0
167826,167826,167830,4,0
167826,167826,167831,5,0
167826,167826,167830,4,0
167826,167826,167830,4,0
167826,167826,167830,4,0
167826,167826,167830,4,0
167826,167826,167830,4,0
167826,167826,167830,4,0
167826,167826,167830,4,0
167826,167826,167831,5,0
167826,167826,167830,4,0
167826,167827,167830,3,1
167826,167826,167830,4,0
167826,167826,167830,4,0
167826,167826,167831,5,0
167826,167826,167830,4,0
167826,167826,167830,4,0
167826,167826,167831,5,0
167826,167826,167831,5,0
167826,167826,167831,5,0
167826,167826,167831,5,0
167826,167826,167831,5,0
167826,167826,167831,5,0
167826,167826,167831,5,0
167826,167826,167831,5,0
167826,167826,167831,5,0
167826,167826,167831,5,0
167826,167826,167831,5,0
167826,167826,167831,5,0
167826,167826,167831,5,0
167826,167826,167831,5,0
167826,167826,167831,5,0
167826,167826,167832,6,0
167826,167826,167832,6,0
167826,167828,167832,4,2
167826,167826,167832,6,0
167826,167831,167833,2,5
167826,167830,167833,3,4
167826,167829,167833,4,3
167826,167829,167833,4,3
167826,167832,167833,1,6
167826,167832,167833,1,6
167826,167830,167833,3,4
167826,167829,167833,4,3
167826,167830,167833,3,4
167826,167830,167833,3,4
167826,167831,167834,3,5
167826,167831,167833,2,5
167826,167830,167833,3,4
167826,167830,167833,3,4
167826,167830,167834,4,4
167826,167831,167833,2,5
167826,167831,167833,2,5
167826,167832,167834,2,6
167826,167830,167834,4,4
167826,167830,167834,4,4
167826,167832,167834,2,6
167826,167831,167834,3,5
167826,167831,167834,3,5
167826,167831,167834,3,5
167826,167831,167834,3,5
167826,167832,167834,2,6
167826,167831,167834,3,5
167826,167831,167834,3,5
167826,167831,167834,3,5
167826,167831,167834,3,5
167826,167832,167834,2,6
167826,167830,167834,4,4
167826,167831,167834,3,5
167826,167832,167834,2,6
167826,167830,167834,4,4
167826,167831,167834,3,5
167826,167831,167834,3,5
167826,167831,167834,3,5
167826,167832,167834,2,6
167826,167832,167835,3,6
167826,167831,167834,3,5
167826,167831,167834,3,5
167826,167831,167834,3,5
167826,167832,167834,2,6
167826,167831,167834,3,5
167826,167831,167834,3,5
167826,167832,167834,2,6
167826,167832,167834,2,6
167826,167832,167834,2,6
167826,167832,167834,2,6
167826,167832,167834,2,6
167826,167832,167834,2,6
167826,167834,167836,2,8
167826,167833,167835,2,7
167826,167832,167836,4,6
167826,167833,167835,2,7
167826,167832,167835,3,6
167826,167833,167835,2,7
167826,167833,167836,3,7
167826,167834,167836,2,8
167826,167834,167836,2,8
167826,167834,167836,2,8
167826,167834,167837,3,8
167826,167835,167836,1,9
167826,167835,167836,1,9
167826,167835,167837,2,9
167826,167835,167837,2,9
167826,167835,167837,2,9
167826,167835,167837,2,9
167826,167835,167836,1,9
167826,167835,167837,2,9
167826,167835,167837,2,9
167826,167835,167837,2,9
167826,167834,167837,3,8
167826,167835,167837,2,9
167826,167835,167838,3,9
167826,167835,167837,2,9
167826,167835,167838,3,9
167826,167836,167838,2,10
167826,167835,167837,2,9
167826,167836,167838,2,10
167826,167837,167839,2,11
167826,167837,167839,2,11
167826,167834,167839,5,8
167826,167835,167839,4,9
167826,167835,167839,4,9
167826,167835,167839,4,9
167826,167834,167838,4,8
167826,167834,167839,5,8
167826,167834,167839,5,8
167826,167834,167839,5,8
167826,167834,167839,5,8
167826,167836,167838,2,10
167826,167835,167839,4,9
167826,167836,167838,2,10
167826,167835,167840,5,9
166990,166997,167839,842,7
167826,167835,167840,5,9
167826,167835,167839,4,9
167826,167835,167839,4,9
167826,167837,167840,3,11
167826,167835,167839,4,9
167826,167837,167840,3,11
167826,167834,167839,5,8
167826,167835,167839,4,9
167826,167834,167839,5,8
167826,167837,167840,3,11
167826,167834,167839,5,8
167826,167835,167839,4,9
167826,167837,167839,2,11
167826,167835,167840,5,9
167826,167835,167840,5,9
167826,167835,167840,5,9
167826,167835,167840,5,9
167826,167836,167840,4,10
167826,167837,167840,3,11
167826,167835,167841,6,9
167826,167836,167840,4,10
167826,167837,167841,4,11
167826,167835,167841,6,9
167826,167837,167841,4,11
167826,167838,167842,4,12
167826,167838,167841,3,12
167826,167838,167842,4,12
167826,167839,167842,3,13
167826,167837,167841,4,11
167826,167837,167842,5,11
167826,167838,167843,5,12
167826,167838,167843,5,12
167826,167838,167843,5,12
167826,167839,167843,4,13
167826,167839,167843,4,13
167826,167839,167842,3,13
167826,167839,167842,3,13
167826,167839,167842,3,13
167826,167839,167843,4,13
167826,167838,167843,5,12
167826,167838,167843,5,12
167826,167839,167843,4,13
167826,167838,167843,5,12
167826,167838,167843,5,12
167826,167839,167843,4,13
167826,167840,167843,3,14
167826,167840,167843,3,14
167826,167840,167844,4,14
167826,167840,167843,3,14
167826,167840,167844,4,14
167826,167840,167843,3,14
167826,167841,167844,3,15
167826,167839,167843,4,13
167826,167839,167843,4,13
167826,167840,167844,4,14
167826,167839,167844,5,13
167826,167839,167844,5,13
167826,167840,167844,4,14
167826,167839,167844,5,13
167826,167840,167844,4,14
167826,167840,167844,4,14
167826,167841,167844,3,15
167826,167841,167844,3,15
167826,167840,167844,4,14
167826,167841,167845,4,15
167826,167840,167845,5,14
167826,167841,167844,3,15
167826,167840,167845,5,14
167826,167840,167844,4,14
167826,167841,167845,4,15
167826,167840,167844,4,14
167826,167841,167845,4,15
167826,167842,167845,3,16
167826,167842,167845,3,16
167826,167840,167845,5,14
167826,167842,167845,3,16
167826,167841,167845,4,15
167826,167842,167845,3,16
167826,167842,167845,3,16
167826,167842,167845,3,16
167826,167842,167845,3,16
167826,167842,167846,4,16
167029,167036,167853,817,7
167826,167834,167838,4,8
167826,167835,167838,3,9
167826,167835,167839,4,9
167826,167836,167838,2,10
167826,167859,167862,3,33
167869,167870,167871,1,1
167869,167870,167872,2,1
167869,167870,167871,1,1
167869,167870,167871,1,1
167869,167870,167872,2,1
167869,167870,167872,2,1
167869,167870,167872,2,1
167869,167870,167872,2,1
167869,167870,167873,3,1
167869,167870,167872,2,1
167869,167870,167872,2,1
167869,167870,167872,2,1
167869,167870,167873,3,1
167869,167870,167874,4,1
167869,167870,167874,4,1
167869,167870,167873,3,1
167869,167870,167873,3,1
167869,167870,167873,3,1
167869,167870,167873,3,1
167869,167870,167873,3,1
167869,167870,167874,4,1
167869,167870,167873,3,1
167869,167870,167874,4,1
167869,167870,167873,3,1
167869,167870,167873,3,1
167869,167870,167874,4,1
167869,167870,167873,3,1
167869,167870,167874,4,1
167869,167870,167873,3,1
167869,167870,167873,3,1
167869,167870,167874,4,1
167869,167870,167874,4,1
167869,167870,167874,4,1
167869,167870,167873,3,1
167869,167870,167873,3,1
167869,167870,167873,3,1
167869,167870,167874,4,1
167869,167870,167873,3,1
167869,167870,167874,4,1
167869,167870,167874,4,1
167869,167870,167874,4,1
167869,167870,167874,4,1
167869,167870,167874,4,1
167869,167870,167875,5,1
167869,167870,167874,4,1
167869,167870,167875,5,1
167869,167870,167874,4,1
167869,167872,167875,3,3
167869,167870,167874,4,1
167869,167870,167875,5,1
167869,167870,167875,5,1
167869,167870,167874,4,1
167869,167870,167874,4,1
167869,167870,167874,4,1
167869,167870,167874,4,1
167869,167872,167875,3,3
167869,167870,167874,4,1
167869,167870,167874,4,1
167869,167870,167874,4,1
167869,167872,167875,3,3
167869,167873,167876,3,4
167869,167874,167876,2,5
167869,167872,167876,4,3
167869,167872,167875,3,3
167869,167874,167877,3,5
167869,167873,167877,4,4
167869,167874,167877,3,5
167869,167872,167876,4,3
167869,167874,167876,2,5
167869,167874,167877,3,5
167869,167874,167877,3,5
167869,167872,167876,4,3
167869,167874,167877,3,5
167869,167874,167877,3,5
167869,167874,167877,3,5
167869,167873,167876,3,4
167869,167875,167877,2,6
167869,167874,167877,3,5
167869,167874,167877,3,5
167869,167873,167876,3,4
167869,167874,167877,3,5
167869,167874,167876,2,5
167869,167874,167876,2,5
167869,167874,167877,3,5
167869,167874,167877,3,5
167869,167874,167877,3,5
167869,167874,167877,3,5
167869,167873,167877,4,4
167869,167874,167877,3,5
167869,167874,167878,4,5
167869,167874,167878,4,5
167869,167875,167878,3,6
167869,167874,167877,3,5
167869,167875,167878,3,6
167869,167875,167878,3,6
167869,167875,167878,3,6
167869,167875,167877,2,6
167869,167874,167877,3,5
167869,167875,167878,3,6
167869,167875,167878,3,6
167869,167875,167878,3,6
167869,167875,167878,3,6
167869,167874,167878,4,5
167869,167875,167878,3,6
167869,167875,167878,3,6
167869,167875,167878,3,6
167869,167876,167878,2,7
167869,167875,167878,3,6
167869,167876,167878,2,7
167869,167876,167878,2,7
167869,167874,167878,4,5
167869,167874,167878,4,5
167869,167875,167878,3,6
167869,167875,167878,3,6
167869,167875,167878,3,6
167869,167875,167878,3,6
167869,167875,167877,2,6
167869,167875,167877,2,6
167869,167875,167878,3,6
167869,167875,167878,3,6
167870,167876,167879,3,6
167870,167877,167880,3,7
167870,167877,167880,3,7
167870,167877,167880,3,7
167870,167877,167879,2,7
167870,167877,167880,3,7
167870,167877,167880,3,7
167870,167877,167880,3,7
167870,167877,167880,3,7
167870,167877,167880,3,7
167870,167877,167880,3,7
167870,167877,167880,3,7
167870,167877,167880,3,7
167870,167877,167880,3,7
167870,167877,167881,4,7
167870,167877,167881,4,7
167870,167877,167881,4,7
167870,167878,167881,3,8
167870,167878,167881,3,8
167870,167877,167881,4,7
167870,167878,167881,3,8
167870,167878,167881,3,8
167870,167877,167881,4,7
167870,167879,167881,2,9
167870,167878,167881,3,8
167870,167877,167881,4,7
167870,167879,167881,2,9
167870,167879,167881,2,9
167870,167878,167882,4,8
167870,167879,167882,3,9
167870,167878,167882,4,8
167870,167878,167882,4,8
167870,167878,167882,4,8
167870,167879,167882,3,9
167870,167878,167882,4,8
167870,167878,167882,4,8
167870,167879,167882,3,9
167870,167879,167882,3,9
167870,167879,167882,3,9
167870,167879,167882,3,9
167870,167877,167882,5,7
167870,167877,167882,5,7
167870,167879,167882,3,9
167870,167879,167882,3,9
167870,167879,167882,3,9
167870,167879,167882,3,9
167870,167880,167883,3,10
167870,167879,167882,3,9
167870,167878,167882,4,8
167870,167878,167883,5,8
167870,167879,167883,4,9
167870,167880,167883,3,10
167870,167880,167883,3,10
167870,167880,167883,3,10
167870,167882,167884,2,12
167870,167878,167883,5,8
167870,167878,167883,5,8
167870,167882,167884,2,12
167870,167881,167883,2,11
167870,167881,167884,3,11
167870,167881,167884,3,11
167870,167880,167883,3,10
167870,167880,167884,4,10
167870,167880,167883,3,10
167870,167881,167883,2,11
167870,167881,167883,2,11
167870,167882,167884,2,12
167870,167882,167884,2,12
167870,167878,167884,6,8
167870,167881,167884,3,11
167870,167881,167884,3,11
167870,167881,167885,4,11
167870,167883,167885,2,13
167870,167883,167886,3,13
167870,167882,167885,3,12
167870,167883,167885,2,13
167870,167882,167885,3,12
167870,167882,167885,3,12
167870,167883,167885,2,13
167870,167881,167885,4,11
167870,167882,167885,3,12
167870,167883,167885,2,13
167870,167883,167886,3,13
167870,167883,167885,2,13
167870,167882,167885,3,12
167870,167882,167885,3,12
167870,167882,167885,3,12
167870,167883,167886,3,13
167870,167883,167885,2,13
167870,167883,167886,3,13
167870,167884,167886,2,14
167870,167882,167886,4,12
167870,167882,167886,4,12
167870,167883,167886,3,13
167870,167883,167886,3,13
167870,167884,167887,3,14
167870,167884,167887,3,14
167870,167883,167886,3,13
167870,167883,167886,3,13
167870,167884,167886,2,14
167870,167884,167886,2,14
167870,167884,167886,2,14
167870,167883,167886,3,13
167870,167884,167886,2,14
167870,167884,167886,2,14
167870,167884,167886,2,14
167870,167883,167887,4,13
167870,167883,167886,3,13
167870,167884,167886,2,14
167870,167883,167886,3,13
167870,167883,167887,4,13
167870,167883,167886,3,13
167870,167883,167886,3,13
167870,167884,167887,3,14
167870,167883,167887,4,13
167886,167887,167889,2,1
167886,167888,167889,1,2
167886,167888,167889,1,2
167886,167888,167889,1,2
167886,167888,167889,1,2
167886,167888,167890,2,2
167886,167886,167889,3,0
167886,167888,167890,2,2
167886,167886,167889,3,0
167886,167887,167889,2,1
167886,167888,167890,2,2
167886,167888,167890,2,2
167886,167887,167890,3,1
167886,167886,167890,4,0
167886,167888,167890,2,2
167886,167886,167890,4,0
167886,167886,167890,4,0
167886,167886,167891,5,0
167886,167887,167890,3,1
167886,167886,167890,4,0
167886,167886,167890,4,0
167886,167886,167891,5,0
167886,167886,167891,5,0
167886,167886,167890,4,0
167886,167888,167890,2,2
167886,167888,167890,2,2
167886,167888,167890,2,2
167886,167887,167891,4,1
167886,167889,167891,2,3
167886,167886,167891,5,0
167886,167887,167891,4,1
167886,167888,167891,3,2
167886,167887,167892,5,1
167886,167887,167891,4,1
167886,167886,167891,5,0
167886,167886,167891,5,0
167886,167886,167891,5,0
167886,167886,167891,5,0
167886,167886,167891,5,0
167886,167886,167891,5,0
167886,167890,167892,2,4
167886,167886,167891,5,0
167886,167888,167891,3,2
167886,167886,167891,5,0
167886,167886,167891,5,0
167886,167887,167892,5,1
167886,167886,167892,6,0
167886,167887,167892,5,1
167886,167890,167892,2,4
167886,167888,167892,4,2
167886,167890,167892,2,4
167886,167890,167893,3,4
167886,167888,167893,5,2
167886,167886,167892,6,0
167886,167888,167892,4,2
167886,167890,167892,2,4
167886,167890,167892,2,4
167886,167888,167892,4,2
167886,167890,167892,2,4
167886,167890,167893,3,4
167886,167891,167894,3,5
167886,167890,167893,3,4
167886,167890,167894,4,4
167886,167891,167894,3,5
167886,167891,167894,3,5
167886,167891,167894,3,5
167886,167890,167894,4,4
167886,167891,167894,3,5
167886,167891,167895,4,5
167886,167891,167895,4,5
167886,167891,167895,4,5
167886,167891,167895,4,5
167886,167892,167895,3,6
167886,167891,167895,4,5
167886,167891,167895,4,5
167886,167892,167895,3,6
167886,167892,167895,3,6
167886,167891,167895,4,5
167886,167891,167895,4,5
167886,167892,167895,3,6
167886,167892,167896,4,6
167886,167892,167896,4,6
167886,167892,167895,3,6
167886,167892,167895,3,6
167886,167892,167895,3,6
167886,167892,167896,4,6
167886,167891,167896,5,5
167886,167892,167896,4,6
167886,167892,167896,4,6
167886,167891,167895,4,5
167886,167892,167896,4,6
167886,167892,167896,4,6
167886,167893,167896,3,7
167886,167892,167896,4,6
167886,167892,167896,4,6
167886,167893,167896,3,7
167886,167892,167896,4,6
167886,167893,167896,3,7
167886,167893,167896,3,7
167886,167893,167896,3,7
167886,167893,167896,3,7
167886,167893,167896,3,7
167886,167893,167896,3,7
167886,167893,167896,3,7
167886,167893,167896,3,7
167886,167892,167896,4,6
167886,167893,167896,3,7
167886,167893,167896,3,7
167886,167893,167897,4,7
167886,167893,167897,4,7
167886,167894,167897,3,8
167886,167894,167897,3,8
167886,167893,167897,4,7
167886,167895,167898,3,9
167886,167895,167898,3,9
167886,167895,167898,3,9
167886,167895,167898,3,9
167896,167897,167898,1,1
167896,167897,167898,1,1
167886,167894,167898,4,8
167896,167897,167899,2,1
167896,167897,167899,2,1
167896,167897,167899,2,1
167896,167897,167899,2,1
167896,167897,167899,2,1
167896,167897,167899,2,1
167886,167895,167899,4,9
167896,167897,167899,2,1
167886,167895,167899,4,9
167896,167897,167899,2,1
167896,167897,167899,2,1
167896,167897,167899,2,1
167896,167897,167899,2,1
167896,167897,167900,3,1
167896,167897,167900,3,1
167896,167897,167900,3,1
167896,167897,167900,3,1
167896,167897,167900,3,1
167896,167897,167900,3,1
167896,167897,167901,4,1
167896,167897,167900,3,1
167896,167897,167901,4,1
167896,167897,167901,4,1
167896,167897,167900,3,1
167896,167897,167901,4,1
167896,167897,167900,3,1
167896,167897,167901,4,1
167896,167897,167900,3,1
167896,167897,167901,4,1
167870,167877,167880,3,7
167870,167877,167880,3,7
167870,167878,167881,3,8
167870,167878,167881,3,8
167896,167897,167900,3,1
167896,167897,167900,3,1
167896,167897,167901,4,1
167896,167897,167900,3,1
167896,167897,167901,4,1
167896,167900,167901,1,4
167896,167900,167902,2,4
167896,167900,167902,2,4
167896,167897,167901,4,1
167896,167898,167901,3,2
167896,167897,167901,4,1
167896,167897,167902,5,1
167896,167898,167901,3,2
167896,167898,167902,4,2
167896,167898,167901,3,2
167896,167897,167902,5,1
167896,167900,167903,3,4
167896,167899,167902,3,3
167896,167899,167903,4,3
167896,167899,167903,4,3
167896,167900,167902,2,4
167896,167899,167902,3,3
167896,167899,167903,4,3
167896,167898,167902,4,2
167896,167899,167903,4,3
167896,167900,167903,3,4
167896,167899,167903,4,3
167896,167900,167902,2,4
167896,167901,167904,3,5
167896,167900,167903,3,4
167896,167900,167903,3,4
167896,167900,167903,3,4
167896,167901,167903,2,5
167896,167901,167903,2,5
167896,167901,167904,3,5
167896,167901,167904,3,5
167896,167901,167903,2,5
167870,167901,167904,3,31
167896,167900,167903,3,4
167896,167900,167903,3,4
167896,167901,167903,2,5
167896,167900,167903,3,4
167896,167901,167904,3,5
167896,167901,167904,3,5
167896,167901,167904,3,5
167896,167901,167904,3,5
167896,167901,167904,3,5
167896,167901,167905,4,5
167896,167901,167904,3,5
167896,167901,167904,3,5
167896,167902,167905,3,6
167896,167902,167905,3,6
167896,167902,167905,3,6
167896,167901,167904,3,5
167896,167901,167905,4,5
167896,167901,167904,3,5
167896,167901,167905,4,5
167896,167901,167905,4,5
167896,167901,167905,4,5
167896,167901,167904,3,5
167896,167902,167904,2,6
167896,167901,167904,3,5
167896,167901,167905,4,5
167896,167902,167905,3,6
167896,167902,167905,3,6
167896,167903,167905,2,7
167896,167903,167905,2,7
167896,167902,167905,3,6
167896,167902,167905,3,6
167896,167903,167906,3,7
167896,167903,167906,3,7
167896,167902,167905,3,6
167896,167903,167906,3,7
167896,167903,167906,3,7
167896,167902,167906,4,6
167896,167903,167906,3,7
167896,167904,167907,3,8
167896,167903,167906,3,7
167896,167903,167906,3,7
167896,167903,167907,4,7
167896,167904,167907,3,8
167896,167904,167906,2,8
167896,167904,167907,3,8
167896,167904,167907,3,8
167896,167904,167907,3,8
167896,167904,167906,2,8
167896,167903,167906,3,7
167896,167904,167906,2,8
167896,167904,167906,2,8
167896,167902,167906,4,6
167896,167903,167906,3,7
167896,167903,167906,3,7
167076,167083,167912,829,7
167933,167933,167936,3,0
167933,167933,167936,3,0
167933,167933,167936,3,0
167933,167933,167936,3,0
167933,167933,167935,2,0
167933,167933,167936,3,0
167933,167933,167936,3,0
167933,167933,167936,3,0
167933,167933,167937,4,0
167933,167933,167937,4,0
167933,167933,167937,4,0
167933,167933,167937,4,0
167933,167933,167937,4,0
167933,167933,167936,3,0
167933,167933,167937,4,0
167933,167933,167937,4,0
167933,167933,167937,4,0
167933,167933,167937,4,0
167933,167933,167936,3,0
167933,167933,167937,4,0
167933,167933,167937,4,0
167933,167933,167936,3,0
167933,167933,167936,3,0
167933,167933,167937,4,0
167933,167933,167937,4,0
167933,167933,167937,4,0
167933,167933,167937,4,0
167933,167933,167937,4,0
167933,167933,167937,4,0
167933,167933,167937,4,0
167933,167933,167937,4,0
167933,167933,167937,4,0
167933,167933,167937,4,0
167933,167933,167937,4,0
167933,167933,167938,5,0
167933,167933,167938,5,0
167933,167933,167937,4,0
167933,167933,167938,5,0
167933,167933,167938,5,0
167933,167933,167938,5,0
167933,167933,167938,5,0
167933,167933,167937,4,0
167933,167933,167938,5,0
167933,167936,167938,2,3
167933,167933,167938,5,0
167933,167933,167938,5,0
167933,167933,167938,5,0
167933,167933,167938,5,0
167933,167933,167938,5,0
167933,167933,167938,5,0
167933,167933,167938,5,0
167933,167936,167938,2,3
167933,167933,167938,5,0
167933,167933,167938,5,0
167933,167933,167939,6,0
167933,167936,167939,3,3
167933,167936,167939,3,3
167933,167936,167940,4,3
167933,167936,167940,4,3
167933,167937,167940,3,4
167933,167937,167940,3,4
167933,167937,167940,3,4
167933,167937,167940,3,4
167933,167937,167940,3,4
167933,167937,167940,3,4
167933,167937,167940,3,4
167933,167937,167940,3,4
167933,167937,167940,3,4
167933,167936,167940,4,3
167933,167937,167940,3,4
167933,167936,167940,4,3
167933,167938,167940,2,5
167933,167938,167940,2,5
167933,167938,167940,2,5
167933,167938,167940,2,5
167933,167937,167941,4,4
167933,167937,167941,4,4
167933,167937,167940,3,4
167933,167938,167941,3,5
167933,167937,167941,4,4
167933,167937,167941,4,4
167933,167937,167941,4,4
167933,167937,167941,4,4
167933,167938,167941,3,5
167933,167939,167941,2,6
167933,167939,167942,3,6
167933,167939,167941,2,6
167933,167939,167942,3,6
167933,167939,167941,2,6
167933,167937,167941,4,4
167933,167938,167941,3,5
167933,167939,167941,2,6
167933,167939,167942,3,6
167933,167939,167941,2,6
167933,167939,167941,2,6
167933,167937,167941,4,4
167933,167937,167941,4,4
167933,167937,167941,4,4
167933,167939,167942,3,6
167933,167939,167942,3,6
167933,167938,167942,4,5
167933,167938,167942,4,5
167933,167938,167942,4,5
167933,167940,167942,2,7
167933,167939,167942,3,6
167933,167939,167942,3,6
167933,167940,167942,2,7
167933,167939,167942,3,6
167933,167939,167943,4,6
167933,167938,167943,5,5
167933,167940,167943,3,7
167933,167940,167943,3,7
167933,167941,167944,3,8
167933,167941,167943,2,8
167933,167941,167943,2,8
167933,167940,167943,3,7
167933,167941,167943,2,8
167933,167941,167943,2,8
167933,167943,167946,3,10
167933,167943,167947,4,10
167086,167094,167949,855,8
167951,167951,167954,3,0
167951,167951,167954,3,0
167951,167951,167954,3,0
167951,167951,167954,3,0
167951,167951,167954,3,0
167951,167951,167954,3,0
167951,167951,167955,4,0
167951,167951,167955,4,0
167951,167951,167955,4,0
167951,167951,167955,4,0
167951,167951,167955,4,0
167951,167951,167955,4,0
167951,167951,167954,3,0
167951,167951,167955,4,0
167951,167951,167955,4,0
167951,167951,167955,4,0
167951,167951,167955,4,0
167951,167951,167955,4,0
167951,167951,167955,4,0
167951,167951,167955,4,0
167951,167951,167955,4,0
167951,167951,167955,4,0
167951,167951,167955,4,0
167951,167951,167955,4,0
167951,167951,167955,4,0
167951,167951,167955,4,0
167951,167951,167955,4,0
167951,167951,167955,4,0
167951,167951,167956,5,0
167951,167951,167955,4,0
167951,167951,167956,5,0
167951,167951,167955,4,0
167951,167951,167955,4,0
167951,167951,167956,5,0
167951,167951,167956,5,0
167951,167951,167955,4,0
167951,167951,167955,4,0
167951,167951,167956,5,0
167951,167951,167956,5,0
167951,167951,167955,4,0
167951,167951,167955,4,0
167951,167951,167956,5,0
167951,167951,167956,5,0
167951,167951,167956,5,0
167951,167951,167956,5,0
167951,167951,167956,5,0
167951,167951,167955,4,0
167951,167954,167956,2,3
167951,167951,167956,5,0
167951,167951,167956,5,0
167951,167951,167956,5,0
167951,167954,167956,2,3
167951,167954,167957,3,3
167951,167955,167957,2,4
167951,167954,167957,3,3
167951,167954,167957,3,3
167951,167955,167958,3,4
167951,167955,167958,3,4
167951,167955,167958,3,4
167951,167955,167958,3,4
167951,167955,167958,3,4
167951,167955,167959,4,4
167951,167955,167959,4,4
167951,167955,167959,4,4
167951,167955,167959,4,4
167951,167954,167959,5,3
167951,167955,167959,4,4
167951,167955,167959,4,4
167951,167955,167959,4,4
167951,167956,167959,3,5
167951,167956,167959,3,5
167951,167955,167959,4,4
167951,167955,167959,4,4
167951,167957,167959,2,6
167951,167957,167959,2,6
167951,167955,167960,5,4
167951,167955,167959,4,4
167951,167957,167959,2,6
167951,167957,167959,2,6
167951,167955,167959,4,4
167951,167955,167959,4,4
167951,167957,167959,2,6
167951,167957,167960,3,6
167951,167955,167959,4,4
167951,167955,167959,4,4
167951,167957,167959,2,6
167951,167957,167960,3,6
167951,167957,167959,2,6
167951,167957,167960,3,6
167951,167956,167960,4,5
167951,167957,167960,3,6
167951,167957,167960,3,6
167951,167957,167960,3,6
167951,167957,167960,3,6
167951,167957,167960,3,6
167951,167957,167960,3,6
167951,167957,167960,3,6
167951,167957,167960,3,6
167951,167955,167960,5,4
167951,167957,167960,3,6
167951,167957,167960,3,6
167951,167957,167960,3,6
167951,167958,167960,2,7
167951,167958,167961,3,7
167951,167958,167961,3,7
167951,167959,167961,2,8
167951,167959,167961,2,8
167951,167959,167961,2,8
167951,167959,167961,2,8
167951,167959,167962,3,8
167951,167958,167961,3,7
167951,167959,167961,2,8
167951,167959,167961,2,8
167951,167959,167961,2,8
167951,167959,167961,2,8
167951,167959,167962,3,8
167951,167964,167967,3,13
167951,167964,167968,4,13
167951,167964,167968,4,13
167951,167964,167969,5,13
167119,167126,167971,845,7
167977,167977,167980,3,0
167977,167977,167980,3,0
167977,167977,167980,3,0
167977,167977,167980,3,0
167977,167977,167980,3,0
167977,167977,167980,3,0
167977,167977,167980,3,0
167977,167977,167980,3,0
167977,167977,167980,3,0
167977,167978,167981,3,1
167977,167978,167981,3,1
167977,167978,167981,3,1
167977,167977,167980,3,0
167977,167977,167981,4,0
167977,167977,167981,4,0
167977,167977,167980,3,0
167977,167977,167981,4,0
167977,167977,167981,4,0
167977,167977,167980,3,0
167977,167977,167980,3,0
167977,167977,167981,4,0
167977,167977,167980,3,0
167977,167977,167981,4,0
167977,167977,167981,4,0
167977,167977,167981,4,0
167977,167977,167980,3,0
167977,167977,167981,4,0
167977,167977,167981,4,0
167977,167977,167981,4,0
167977,167977,167981,4,0
167977,167977,167981,4,0
167977,167977,167981,4,0
167977,167977,167981,4,0
167977,167977,167980,3,0
167977,167977,167981,4,0
167977,167977,167981,4,0
167977,167977,167981,4,0
167977,167977,167980,3,0
167977,167977,167981,4,0
167977,167977,167982,5,0
167977,167977,167982,5,0
167977,167977,167982,5,0
167977,167977,167981,4,0
167977,167980,167982,2,3
167977,167977,167982,5,0
167977,167977,167981,4,0
167977,167977,167981,4,0
167977,167977,167982,5,0
167977,167980,167982,2,3
167977,167977,167982,5,0
167977,167977,167982,5,0
167977,167977,167982,5,0
167977,167980,167982,2,3
167977,167980,167983,3,3
167977,167981,167983,2,4
167977,167981,167983,2,4
167977,167980,167983,3,3
167977,167980,167984,4,3
167977,167981,167984,3,4
167977,167981,167984,3,4
167977,167981,167984,3,4
167977,167981,167983,2,4
167977,167981,167984,3,4
167977,167981,167984,3,4
167977,167980,167984,4,3
167977,167980,167984,4,3
167977,167981,167984,3,4
167977,167981,167984,3,4
167977,167981,167984,3,4
167977,167981,167984,3,4
167977,167981,167984,3,4
167977,167982,167985,3,5
167977,167981,167985,4,4
167977,167981,167984,3,4
167977,167981,167985,4,4
167977,167982,167985,3,5
167977,167982,167985,3,5
167977,167980,167985,5,3
167977,167981,167985,4,4
167977,167981,167985,4,4
167977,167981,167985,4,4
167977,167983,167986,3,6
167977,167983,167985,2,6
167977,167983,167985,2,6
167977,167981,167985,4,4
167977,167981,167985,4,4
167977,167981,167985,4,4
167977,167981,167985,4,4
167977,167981,167985,4,4
167977,167982,167985,3,5
167977,167983,167985,2,6
167977,167981,167985,4,4
167977,167983,167985,2,6
167977,167982,167985,3,5
167977,167981,167986,5,4
167977,167983,167986,3,6
167977,167981,167986,5,4
167977,167984,167986,2,7
167977,167983,167986,3,6
167977,167983,167986,3,6
167977,167983,167986,3,6
167977,167984,167986,2,7
167977,167983,167986,3,6
167977,167983,167987,4,6
167977,167984,167987,3,7
167977,167984,167987,3,7
167977,167984,167987,3,7
167977,167984,167987,3,7
167977,167985,167987,2,8
167977,167985,167987,2,8
167977,167985,167987,2,8
167977,167985,167987,2,8
167977,167982,167988,6,5
167977,167993,167996,3,16
167977,167993,167996,3,16
167977,167978,167982,4,1
167977,167998,168002,4,21
167977,167998,168002,4,21
167977,167998,168002,4,21
167977,167993,168016,23,16
167161,167168,168041,873,7
168043,168043,168046,3,0
168043,168043,168046,3,0
168043,168043,168046,3,0
168043,168043,168046,3,0
168043,168043,168046,3,0
168043,168043,168046,3,0
168043,168043,168046,3,0
168043,168043,168046,3,0
168043,168043,168046,3,0
168043,168043,168046,3,0
168043,168043,168047,4,0
168043,168043,168047,4,0
168043,168043,168047,4,0
168043,168043,168047,4,0
168043,168043,168047,4,0
168043,168043,168047,4,0
168043,168043,168047,4,0
168043,168043,168047,4,0
168043,168043,168047,4,0
168043,168043,168047,4,0
168043,168043,168047,4,0
168043,168043,168047,4,0
168043,168043,168047,4,0
168043,168043,168047,4,0
168043,168043,168047,4,0
168043,168043,168047,4,0
168043,168043,168047,4,0
168043,168043,168047,4,0
168043,168043,168047,4,0
168043,168043,168047,4,0
168043,168043,168047,4,0
168043,168043,168048,5,0
168043,168046,168048,2,3
168043,168043,168048,5,0
168043,168043,168048,5,0
168043,168043,168048,5,0
168043,168043,168048,5,0
168043,168043,168049,6,0
168043,168043,168048,5,0
168043,168044,168048,4,1
168043,168046,168049,3,3
168043,168047,168049,2,4
168043,168047,168049,2,4
168043,168047,168049,2,4
168043,168044,168050,6,1
168043,168044,168050,6,1
168043,168048,168050,2,5
168043,168047,168050,3,4
168043,168048,168050,2,5
168043,168048,168050,2,5
168043,168048,168050,2,5
168043,168047,168050,3,4
168043,168047,168051,4,4
168043,168047,168050,3,4
168043,168048,168051,3,5
168043,168048,168050,2,5
168043,168047,168051,4,4
168043,168049,168051,2,6
168043,168048,168051,3,5
168043,168047,168051,4,4
168043,168048,168051,3,5
168043,168049,168051,2,6
168043,168048,168051,3,5
168043,168049,168051,2,6
168043,168048,168051,3,5
168043,168048,168052,4,5
168043,168048,168051,3,5
168043,168048,168051,3,5
168043,168048,168051,3,5
168043,168048,168051,3,5
168043,168049,168052,3,6
168043,168049,168052,3,6
168043,168049,168051,2,6
168043,168049,168052,3,6
168043,168048,168051,3,5
168043,168050,168052,2,7
168043,168048,168052,4,5
168043,168048,168052,4,5
168043,168047,168052,5,4
168043,168048,168052,4,5
168043,168050,168052,2,7
168043,168050,168052,2,7
168043,168049,168053,4,6
168043,168050,168053,3,7
168043,168051,168053,2,8
168043,168049,168053,4,6
168043,168051,168054,3,8
168043,168051,168054,3,8
168043,168051,168054,3,8
168043,168051,168054,3,8
168043,168050,168054,4,7
168043,168051,168054,3,8
168043,168052,168054,2,9
168043,168052,168054,2,9
168043,168051,168054,3,8
168043,168051,168054,3,8
168043,168051,168054,3,8
168043,168051,168054,3,8
168043,168052,168054,2,9
168043,168052,168055,3,9
168043,168052,168055,3,9
168043,168052,168054,2,9
168043,168052,168055,3,9
168043,168051,168054,3,8
168043,168052,168054,2,9
168043,168051,168054,3,8
168043,168052,168055,3,9
168043,168052,168055,3,9
168043,168052,168055,3,9
168043,168052,168055,3,9
168043,168052,168054,2,9
168043,168050,168055,5,7
168043,168052,168055,3,9
168043,168053,168055,2,10
168043,168053,168055,2,10
168043,168053,168055,2,10
168043,168052,168055,3,9
168043,168052,168055,3,9
168043,168053,168056,3,10
168043,168052,168055,3,9
167199,167205,168064,859,6
167203,167216,168067,851,13
168088,168088,168090,2,0
168088,168088,168090,2,0
168088,168088,168091,3,0
168088,168088,168090,2,0
168088,168088,168090,2,0
168088,168088,168091,3,0
168088,168088,168091,3,0
168088,168088,168090,2,0
168088,168088,168091,3,0
168088,168088,168091,3,0
168088,168088,168091,3,0
168088,168088,168091,3,0
168088,168088,168092,4,0
168088,168088,168092,4,0
168088,168089,168092,3,1
168088,168088,168092,4,0
168088,168088,168092,4,0
168088,168088,168092,4,0
168088,168088,168092,4,0
168088,168088,168092,4,0
168088,168088,168091,3,0
168088,168088,168091,3,0
168088,168088,168092,4,0
168088,168088,168092,4,0
168088,168088,168092,4,0
168088,168088,168092,4,0
168088,168088,168092,4,0
168088,168088,168092,4,0
168088,168088,168092,4,0
168088,168088,168092,4,0
168088,168088,168092,4,0
168088,168088,168092,4,0
168088,168088,168092,4,0
168088,168089,168092,3,1
168088,168088,168092,4,0
168088,168088,168092,4,0
168088,168088,168093,5,0
168088,168088,168093,5,0
168088,168088,168093,5,0
168088,168088,168093,5,0
168088,168088,168092,4,0
168088,168088,168092,4,0
168088,168090,168093,3,2
168088,168091,168094,3,3
168088,168091,168094,3,3
168088,168090,168094,4,2
168088,168091,168094,3,3
168088,168092,168094,2,4
168088,168091,168094,3,3
168088,168092,168094,2,4
168088,168092,168094,2,4
168088,168092,168094,2,4
168088,168091,168095,4,3
168088,168091,168095,4,3
168088,168091,168094,3,3
168088,168092,168095,3,4
168088,168092,168095,3,4
168088,168092,168095,3,4
168088,168092,168095,3,4
168088,168093,168095,2,5
168088,168091,168095,4,3
168088,168092,168095,3,4
168088,168092,168095,3,4
168088,168092,168095,3,4
168088,168093,168095,2,5
168088,168092,168095,3,4
168088,168092,168096,4,4
168088,168092,168095,3,4
168088,168093,168096,3,5
168088,168092,168096,4,4
168088,168092,168096,4,4
168088,168093,168096,3,5
168088,168092,168095,3,4
168088,168092,168096,4,4
168088,168092,168096,4,4
168088,168092,168096,4,4
168088,168092,168096,4,4
168088,168093,168096,3,5
168088,168093,168097,4,5
168088,168093,168096,3,5
168088,168094,168097,3,6
168088,168094,168097,3,6
168088,168093,168097,4,5
168088,168093,168097,4,5
168088,168093,168097,4,5
168088,168094,168097,3,6
168088,168093,168097,4,5
168088,168095,168098,3,7
168088,168095,168098,3,7
168088,168095,168098,3,7
168088,168095,168098,3,7
168088,168095,168098,3,7
168088,168095,168098,3,7
168088,168096,168098,2,8
168088,168096,168099,3,8
168088,168095,168098,3,7
168088,168095,168098,3,7
168088,168095,168098,3,7
168088,168095,168098,3,7
168088,168096,168098,2,8
168088,168096,168099,3,8
168088,168096,168099,3,8
168088,168096,168099,3,8
168088,168096,168099,3,8
168088,168096,168099,3,8
168088,168097,168099,2,9
168088,168097,168099,2,9
168088,168096,168099,3,8
168088,168096,168099,3,8
168088,168097,168099,2,9
168088,168096,168099,3,8
168088,168097,168099,2,9
168088,168096,168099,3,8
168088,168097,168099,2,9
168088,168096,168099,3,8
168088,168096,168099,3,8
168088,168096,168100,4,8
168088,168096,168100,4,8
168088,168096,168099,3,8
168092,168097,168100,3,5
168092,168098,168101,3,6
168092,168098,168101,3,6
168092,168097,168101,4,5
168092,168098,168101,3,6
168092,168099,168101,2,7
168092,168099,168100,1,7
168088,168096,168100,4,8
168092,168099,168101,2,7
168092,168099,168101,2,7
168092,168099,168102,3,7
168092,168100,168101,1,8
168092,168100,168101,1,8
168092,168098,168101,3,6
168092,168098,168101,3,6
168092,168100,168102,2,8
168092,168100,168102,2,8
168092,168098,168101,3,6
168092,168099,168102,3,7
168092,168098,168101,3,6
168092,168098,168101,3,6
168092,168098,168102,4,6
168092,168099,168102,3,7
168092,168100,168102,2,8
168092,168098,168102,4,6
168092,168099,168103,4,7
168092,168100,168103,3,8
168092,168100,168103,3,8
168092,168099,168103,4,7
168092,168099,168102,3,7
168092,168099,168103,4,7
168092,168100,168102,2,8
168092,168100,168103,3,8
168092,168100,168103,3,8
168092,168100,168103,3,8
168092,168102,168103,1,10
168092,168100,168103,3,8
168092,168100,168104,4,8
168092,168100,168104,4,8
168092,168101,168104,3,9
168092,168100,168103,3,8
168092,168101,168104,3,9
168092,168101,168104,3,9
168092,168102,168105,3,10
168092,168102,168105,3,10
168092,168100,168104,4,8
168092,168101,168104,3,9
168092,168101,168105,4,9
168092,168101,168104,3,9
168092,168101,168105,4,9
168092,168102,168105,3,10
168092,168103,168105,2,11
168092,168100,168105,5,8
168092,168101,168105,4,9
168092,168104,168105,1,12
168092,168102,168105,3,10
168092,168104,168105,1,12
168092,168102,168105,3,10
168092,168103,168105,2,11
168092,168103,168105,2,11
168092,168104,168105,1,12
168092,168101,168105,4,9
168092,168103,168106,3,11
168092,168103,168106,3,11
168092,168102,168106,4,10
168092,168102,168105,3,10
168092,168102,168105,3,10
168092,168102,168105,3,10
168092,168102,168106,4,10
168092,168103,168106,3,11
168092,168103,168105,2,11
168092,168103,168105,2,11
168092,168103,168106,3,11
168092,168102,168105,3,10
168092,168102,168106,4,10
168092,168103,168107,4,11
168092,168103,168107,4,11
168092,168104,168107,3,12
168092,168104,168107,3,12
168092,168105,168108,3,13
168092,168105,168107,2,13
168092,168105,168108,3,13
168092,168103,168108,5,11
168092,168105,168108,3,13
168092,168105,168108,3,13
168092,168104,168108,4,12
168092,168105,168108,3,13
168092,168105,168108,3,13
168092,168105,168108,3,13
168092,168106,168108,2,14
168092,168105,168108,3,13
168092,168106,168109,3,14
168092,168106,168109,3,14
168092,168106,168109,3,14
168092,168106,168109,3,14
168092,168106,168109,3,14
168092,168104,168108,4,12
168092,168106,168109,3,14
168092,168106,168109,3,14
168092,168106,168109,3,14
168092,168106,168109,3,14
168092,168106,168109,3,14
168092,168106,168109,3,14
168092,168106,168109,3,14
168092,168105,168109,4,13
168092,168105,168109,4,13
168092,168106,168109,3,14
168092,168106,168109,3,14
168092,168106,168109,3,14
168092,168106,168109,3,14
168092,168106,168109,3,14
168092,168106,168110,4,14
168092,168106,168109,3,14
168092,168107,168110,3,15
168092,168108,168110,2,16
168092,168106,168110,4,14
168092,168106,168110,4,14
168092,168107,168110,3,15
168092,168108,168110,2,16
168092,168108,168110,2,16
168092,168108,168110,2,16
167256,167263,168141,878,7
168145,168146,168147,1,1
168145,168146,168148,2,1
168145,168146,168148,2,1
168145,168146,168148,2,1
168145,168146,168148,2,1
168145,168146,168148,2,1
168145,168146,168149,3,1
168145,168146,168149,3,1
168145,168146,168150,4,1
168145,168146,168149,3,1
168145,168146,168149,3,1
168145,168146,168149,3,1
168145,168146,168149,3,1
168145,168146,168150,4,1
168145,168146,168149,3,1
168145,168146,168150,4,1
168145,168146,168149,3,1
168145,168146,168149,3,1
168145,168146,168149,3,1
168145,168146,168149,3,1
168145,168146,168150,4,1
168145,168146,168149,3,1
168145,168146,168149,3,1
168145,168146,168149,3,1
168145,168146,168150,4,1
168145,168146,168150,4,1
168145,168146,168150,4,1
168145,168146,168150,4,1
168145,168146,168150,4,1
168145,168146,168150,4,1
168145,168146,168150,4,1
168145,168146,168150,4,1
168145,168146,168150,4,1
168145,168146,168150,4,1
168145,168146,168150,4,1
168145,168146,168150,4,1
168145,168146,168150,4,1
168145,168146,168150,4,1
168145,168146,168150,4,1
168145,168146,168151,5,1
168145,168149,168151,2,4
168145,168149,168152,3,4
168145,168150,168152,2,5
168145,168149,168152,3,4
168145,168150,168153,3,5
168145,168151,168153,2,6
168145,168148,168152,4,3
168145,168151,168153,2,6
168145,168149,168152,3,4
168145,168149,168152,3,4
168145,168150,168152,2,5
168145,168150,168152,2,5
168145,168151,168153,2,6
168145,168151,168153,2,6
168145,168151,168153,2,6
168145,168151,168153,2,6
168145,168150,168153,3,5
168145,168150,168153,3,5
168145,168150,168153,3,5
168145,168150,168153,3,5
168145,168150,168154,4,5
168145,168151,168153,2,6
168145,168150,168153,3,5
168145,168150,168153,3,5
168145,168151,168153,2,6
168145,168150,168154,4,5
168145,168150,168153,3,5
168145,168150,168153,3,5
168145,168150,168153,3,5
168145,168151,168153,2,6
168145,168151,168153,2,6
168145,168150,168153,3,5
168145,168150,168154,4,5
168145,168150,168153,3,5
168145,168151,168153,2,6
168145,168151,168155,4,6
168145,168151,168154,3,6
168145,168153,168155,2,8
168145,168151,168155,4,6
168145,168153,168156,3,8
168145,168151,168155,4,6
168145,168153,168155,2,8
168145,168153,168155,2,8
168145,168153,168155,2,8
168145,168153,168155,2,8
168145,168153,168156,3,8
168145,168152,168155,3,7
168145,168153,168156,3,8
168145,168153,168156,3,8
168145,168153,168156,3,8
168145,168153,168156,3,8
168145,168152,168156,4,7
168145,168153,168155,2,8
168145,168154,168156,2,9
168145,168154,168156,2,9
168145,168154,168157,3,9
168145,168154,168156,2,9
168145,168154,168157,3,9
168145,168154,168157,3,9
168145,168154,168157,3,9
168145,168154,168156,2,9
168145,168154,168157,3,9
168145,168154,168157,3,9
168145,168154,168157,3,9
168145,168154,168157,3,9
168145,168154,168157,3,9
168145,168154,168157,3,9
168145,168154,168157,3,9
168145,168154,168157,3,9
168145,168154,168157,3,9
168145,168154,168158,4,9
168145,168154,168157,3,9
168145,168154,168157,3,9
168145,168154,168157,3,9
168145,168155,168157,2,10
168145,168155,168158,3,10
168145,168155,168158,3,10
168145,168156,168158,2,11
168145,168146,168161,15,1
167319,167325,168173,848,6
168145,168152,168166,14,7
168175,168176,168178,2,1
168175,168175,168178,3,0
168175,168175,168179,4,0
168175,168175,168178,3,0
168175,168175,168179,4,0
168175,168175,168179,4,0
168175,168175,168179,4,0
168175,168175,168179,4,0
168175,168175,168179,4,0
168175,168175,168179,4,0
168175,168175,168179,4,0
168175,168175,168179,4,0
168175,168175,168179,4,0
168175,168175,168179,4,0
168175,168175,168179,4,0
168175,168175,168179,4,0
168175,168175,168179,4,0
168175,168175,168179,4,0
168175,168175,168179,4,0
168175,168175,168179,4,0
168175,168175,168179,4,0
168175,168175,168179,4,0
168175,168175,168179,4,0
168175,168175,168180,5,0
168175,168175,168179,4,0
168175,168175,168180,5,0
168175,168175,168180,5,0
168175,168175,168180,5,0
168175,168175,168180,5,0
168175,168175,168180,5,0
168175,168175,168180,5,0
168175,168175,168180,5,0
168175,168175,168180,5,0
168175,168175,168180,5,0
168175,168175,168180,5,0
168175,168175,168180,5,0
168175,168175,168180,5,0
168175,168175,168180,5,0
168175,168178,168182,4,3
168175,168175,168179,4,0
168175,168175,168180,5,0
168175,168179,168182,3,4
168175,168179,168182,3,4
168175,168179,168182,3,4
168175,168179,168182,3,4
168175,168180,168182,2,5
168175,168180,168182,2,5
168175,168180,168182,2,5
168175,168181,168182,1,6
168175,168181,168183,2,6
168175,168180,168183,3,5
168175,168181,168182,1,6
168175,168181,168183,2,6
168175,168181,168182,1,6
168175,168178,168183,5,3
168175,168180,168183,3,5
168175,168180,168183,3,5
168175,168181,168184,3,6
168175,168180,168183,3,5
168175,168180,168183,3,5
168175,168180,168183,3,5
168175,168180,168183,3,5
168175,168181,168183,2,6
168175,168181,168183,2,6
168175,168180,168183,3,5
168175,168181,168183,2,6
168175,168180,168183,3,5
168175,168180,168183,3,5
168175,168180,168183,3,5
168175,168180,168183,3,5
168175,168181,168183,2,6
168175,168180,168183,3,5
168175,168180,168183,3,5
168175,168180,168184,4,5
168175,168180,168184,4,5
168175,168176,168183,7,1
168175,168181,168184,3,6
168175,168181,168184,3,6
168175,168181,168184,3,6
168175,168183,168185,2,8
168175,168183,168185,2,8
168175,168183,168186,3,8
168175,168183,168185,2,8
168175,168183,168186,3,8
168175,168182,168186,4,7
168175,168183,168186,3,8
168175,168183,168186,3,8
168175,168183,168185,2,8
168175,168183,168185,2,8
168175,168183,168186,3,8
168175,168183,168186,3,8
168175,168184,168186,2,9
168175,168184,168186,2,9
168175,168183,168186,3,8
168175,168184,168186,2,9
168175,168184,168187,3,9
168175,168184,168187,3,9
168175,168184,168187,3,9
168175,168184,168186,2,9
168175,168183,168186,3,8
168175,168184,168187,3,9
168175,168184,168187,3,9
168175,168184,168186,2,9
168175,168182,168186,4,7
168175,168183,168187,4,8
168175,168184,168187,3,9
168175,168184,168187,3,9
168175,168185,168187,2,10
168175,168185,168187,2,10
168175,168185,168187,2,10
168175,168184,168187,3,9
168175,168184,168187,3,9
168175,168184,168188,4,9
168175,168184,168187,3,9
168175,168184,168187,3,9
168175,168184,168187,3,9
168175,168184,168187,3,9
168175,168184,168187,3,9
168175,168182,168189,7,7
168175,168185,168193,8,10
167323,167337,168194,857,14
168221,168222,168225,3,1
168221,168222,168224,2,1
168221,168222,168225,3,1
168221,168222,168225,3,1
168221,168222,168225,3,1
168221,168222,168225,3,1
168221,168222,168225,3,1
168221,168222,168226,4,1
168221,168222,168226,4,1
168221,168222,168226,4,1
168221,168222,168225,3,1
168221,168222,168225,3,1
168221,168222,168225,3,1
168221,168222,168225,3,1
168221,168222,168225,3,1
168221,168222,168226,4,1
168221,168222,168225,3,1
168221,168222,168225,3,1
168221,168222,168226,4,1
168221,168222,168226,4,1
168221,168222,168225,3,1
168221,168222,168225,3,1
168221,168222,168226,4,1
168221,168222,168226,4,1
168221,168222,168226,4,1
168221,168222,168226,4,1
168221,168222,168226,4,1
168221,168222,168226,4,1
168221,168222,168226,4,1
168221,168222,168226,4,1
168221,168222,168226,4,1
168221,168222,168226,4,1
168221,168222,168226,4,1
168221,168222,168226,4,1
168221,168222,168226,4,1
168221,168222,168226,4,1
168221,168222,168227,5,1
168221,168222,168226,4,1
168221,168222,168226,4,1
168221,168222,168226,4,1
168221,168226,168229,3,5
168221,168226,168229,3,5
168221,168226,168228,2,5
168221,168226,168229,3,5
168221,168227,168229,2,6
168221,168227,168228,1,6
168221,168226,168229,3,5
168221,168227,168229,2,6
168221,168227,168229,2,6
168221,168227,168229,2,6
168221,168225,168229,4,4
168221,168226,168229,3,5
168221,168225,168228,3,4
168221,168227,168229,2,6
168221,168226,168229,3,5
168221,168227,168229,2,6
168221,168226,168230,4,5
168221,168226,168229,3,5
168221,168226,168229,3,5
168221,168226,168229,3,5
168221,168227,168229,2,6
168221,168227,168229,2,6
168221,168225,168229,4,4
168221,168226,168229,3,5
168221,168227,168229,2,6
168221,168226,168229,3,5
168221,168226,168230,4,5
168221,168226,168230,4,5
168221,168226,168229,3,5
168221,168226,168230,4,5
168221,168226,168229,3,5
168221,168227,168230,3,6
168221,168227,168230,3,6
168221,168226,168230,4,5
168221,168227,168230,3,6
168221,168227,168230,3,6
168221,168229,168232,3,8
168221,168229,168232,3,8
168221,168229,168232,3,8
168221,168229,168232,3,8
168221,168229,168232,3,8
168221,168229,168232,3,8
168221,168229,168232,3,8
168221,168230,168233,3,9
168221,168230,168232,2,9
168221,168229,168232,3,8
168221,168229,168232,3,8
168221,168229,168232,3,8
168221,168229,168233,4,8
168221,168230,168233,3,9
168221,168230,168233,3,9
168221,168230,168233,3,9
168221,168230,168233,3,9
168221,168230,168233,3,9
168221,168229,168233,4,8
168221,168230,168233,3,9
168221,168229,168232,3,8
168221,168230,168233,3,9
168221,168230,168233,3,9
168221,168230,168233,3,9
168221,168230,168233,3,9
168221,168230,168233,3,9
168221,168231,168234,3,10
168221,168230,168234,4,9
168221,168232,168234,2,11
168221,168230,168233,3,9
168221,168231,168234,3,10
168221,168230,168234,4,9
168221,168230,168233,3,9
168221,168230,168233,3,9
168221,168230,168234,4,9
168221,168231,168234,3,10
168221,168231,168234,3,10
168221,168232,168234,2,11
168221,168232,168235,3,11
168221,168222,168227,5,1
168221,168244,168246,2,23
168221,168244,168248,4,23
168221,168244,168247,3,23
168221,168244,168248,4,23
167449,167455,168327,872,6
168330,168330,168333,3,0
168330,168330,168333,3,0
168330,168330,168333,3,0
168330,168330,168332,2,0
168330,168330,168333,3,0
168330,168330,168332,2,0
168330,168330,168333,3,0
168330,168330,168334,4,0
168330,168330,168333,3,0
168330,168330,168334,4,0
168330,168330,168333,3,0
168330,168330,168334,4,0
168330,168330,168334,4,0
168330,168330,168333,3,0
168330,168330,168333,3,0
168330,168330,168334,4,0
168330,168330,168334,4,0
168330,168330,168334,4,0
168330,168330,168334,4,0
168330,168330,168334,4,0
168330,168330,168333,3,0
168330,168330,168333,3,0
168330,168330,168334,4,0
168330,168330,168333,3,0
168330,168330,168333,3,0
168330,168330,168333,3,0
168330,168330,168334,4,0
168330,168330,168334,4,0
168330,168330,168334,4,0
168330,168330,168334,4,0
168330,168330,168335,5,0
168330,168330,168335,5,0
168330,168330,168335,5,0
168330,168330,168334,4,0
168330,168330,168334,4,0
168330,168330,168335,5,0
168330,168330,168334,4,0
168330,168330,168334,4,0
168330,168330,168334,4,0
168330,168330,168334,4,0
168330,168333,168336,3,3
168330,168333,168336,3,3
168330,168330,168335,5,0
168330,168334,168337,3,4
168330,168334,168336,2,4
168330,168334,168336,2,4
168330,168333,168336,3,3
168330,168334,168336,2,4
168330,168334,168337,3,4
168330,168335,168337,2,5
168330,168335,168337,2,5
168330,168333,168337,4,3
168330,168334,168337,3,4
168330,168335,168336,1,5
168330,168334,168337,3,4
168330,168335,168337,2,5
168330,168335,168337,2,5
168330,168333,168337,4,3
168330,168335,168337,2,5
168330,168333,168336,3,3
168330,168334,168336,2,4
168330,168334,168337,3,4
168330,168334,168337,3,4
168330,168334,168338,4,4
168330,168335,168337,2,5
168330,168334,168338,4,4
168330,168334,168337,3,4
168330,168334,168337,3,4
168330,168334,168338,4,4
168330,168334,168337,3,4
168330,168335,168338,3,5
168330,168334,168337,3,4
168330,168334,168337,3,4
168330,168335,168338,3,5
168330,168335,168338,3,5
168330,168334,168337,3,4
168330,168334,168337,3,4
168330,168335,168338,3,5
168330,168335,168339,4,5
168330,168335,168338,3,5
168330,168336,168339,3,6
168330,168335,168338,3,5
168330,168337,168340,3,7
168330,168337,168340,3,7
168330,168337,168340,3,7
168330,168337,168340,3,7
168330,168337,168340,3,7
168330,168337,168340,3,7
168330,168337,168340,3,7
168330,168336,168340,4,6
168330,168337,168340,3,7
168330,168336,168340,4,6
168330,168337,168340,3,7
168330,168337,168340,3,7
168330,168337,168340,3,7
168330,168337,168340,3,7
168330,168337,168340,3,7
168330,168337,168341,4,7
168330,168337,168340,3,7
168330,168337,168340,3,7
168330,168338,168341,3,8
168330,168337,168340,3,7
168330,168337,168341,4,7
168330,168338,168341,3,8
168330,168338,168341,3,8
168330,168338,168341,3,8
168330,168338,168341,3,8
168330,168337,168341,4,7
168330,168338,168341,3,8
168330,168337,168341,4,7
168330,168338,168341,3,8
168330,168338,168341,3,8
168330,168339,168342,3,9
168330,168338,168342,4,8
168330,168339,168342,3,9
168330,168338,168342,4,8
168330,168338,168341,3,8
168330,168338,168341,3,8
168330,168338,168342,4,8
168330,168338,168342,4,8
167553,167582,168376,794,29
168378,168378,168381,3,0
168378,168378,168381,3,0
168378,168378,168381,3,0
168378,168378,168381,3,0
168378,168378,168381,3,0
168378,168378,168382,4,0
168378,168378,168382,4,0
168378,168378,168381,3,0
168378,168379,168382,3,1
168378,168379,168381,2,1
168378,168379,168382,3,1
168378,168378,168382,4,0
168378,168378,168382,4,0
168378,168378,168382,4,0
168378,168378,168382,4,0
168378,168378,168381,3,0
168378,168378,168382,4,0
168378,168378,168382,4,0
168378,168378,168382,4,0
168378,168378,168382,4,0
168378,168378,168381,3,0
168378,168378,168382,4,0
168378,168378,168382,4,0
168378,168378,168382,4,0
168378,168378,168382,4,0
168378,168378,168382,4,0
168378,168378,168382,4,0
168378,168378,168382,4,0
168378,168378,168382,4,0
168378,168378,168382,4,0
168378,168378,168382,4,0
168378,168378,168383,5,0
168378,168378,168383,5,0
168378,168378,168383,5,0
168378,168378,168383,5,0
168378,168378,168383,5,0
168378,168378,168383,5,0
168378,168378,168383,5,0
168378,168378,168383,5,0
168378,168378,168383,5,0
168378,168382,168385,3,4
168378,168382,168385,3,4
168378,168382,168384,2,4
168378,168381,168385,4,3
168378,168383,168385,2,5
168378,168381,168385,4,3
168378,168381,168385,4,3
168378,168383,168385,2,5
168378,168383,168385,2,5
168378,168381,168386,5,3
168378,168383,168385,2,5
168378,168383,168386,3,5
168378,168383,168385,2,5
168378,168381,168386,5,3
168378,168383,168386,3,5
168378,168383,168386,3,5
168378,168384,168387,3,6
168378,168383,168386,3,5
168378,168383,168386,3,5
168378,168383,168386,3,5
168378,168383,168387,4,5
168378,168383,168386,3,5
168378,168383,168386,3,5
168378,168383,168386,3,5
168378,168383,168386,3,5
168378,168383,168386,3,5
168378,168383,168386,3,5
168378,168383,168386,3,5
168378,168383,168386,3,5
168378,168383,168386,3,5
168378,168383,168387,4,5
168378,168384,168387,3,6
168378,168384,168387,3,6
168378,168384,168387,3,6
168378,168384,168387,3,6
168378,168386,168388,2,8
168378,168384,168388,4,6
168378,168383,168388,5,5
168378,168386,168388,2,8
168378,168386,168388,2,8
168378,168386,168388,2,8
168378,168386,168388,2,8
168378,168386,168389,3,8
168378,168386,168389,3,8
168378,168386,168388,2,8
168378,168386,168388,2,8
168378,168387,168389,2,9
168378,168387,168389,2,9
168378,168386,168389,3,8
168378,168387,168389,2,9
168378,168387,168389,2,9
168378,168386,168389,3,8
168378,168387,168389,2,9
168378,168388,168390,2,10
168378,168386,168389,3,8
168378,168386,168389,3,8
168378,168387,168390,3,9
168378,168387,168390,3,9
168378,168387,168390,3,9
168378,168387,168389,2,9
168378,168387,168389,2,9
168378,168387,168389,2,9
167498,167522,168391,869,24
168378,168387,168390,3,9
168378,168387,168390,3,9
168378,168387,168390,3,9
168378,168387,168391,4,9
168378,168387,168390,3,9
168378,168388,168390,2,10
168378,168388,168390,2,10
168378,168387,168390,3,9
168378,168388,168391,3,10
168378,168388,168391,3,10
168378,168388,168390,2,10
168378,168389,168391,2,11
168378,168388,168391,3,10
168378,168388,168392,4,10
168391,168391,168394,3,0
168391,168391,168394,3,0
168391,168391,168394,3,0
168391,168391,168394,3,0
168391,168391,168394,3,0
168391,168391,168394,3,0
168391,168391,168395,4,0
168391,168391,168395,4,0
168391,168391,168395,4,0
168391,168391,168395,4,0
168391,168391,168395,4,0
168391,168391,168395,4,0
168391,168391,168395,4,0
168391,168391,168395,4,0
168391,168391,168395,4,0
168391,168391,168395,4,0
168391,168391,168395,4,0
168391,168391,168395,4,0
168391,168391,168395,4,0
168391,168391,168395,4,0
168391,168391,168395,4,0
168391,168391,168395,4,0
168391,168392,168395,3,1
168391,168391,168395,4,0
168391,168391,168395,4,0
168391,168391,168395,4,0
168391,168391,168395,4,0
168391,168391,168395,4,0
168391,168391,168395,4,0
168391,168391,168395,4,0
168391,168391,168396,5,0
168391,168391,168395,4,0
168391,168392,168396,4,1
168391,168391,168396,5,0
168391,168391,168396,5,0
168391,168391,168396,5,0
168391,168391,168396,5,0
168391,168394,168397,3,3
168378,168379,168383,4,1
168391,168394,168398,4,3
168391,168395,168398,3,4
168391,168394,168398,4,3
168391,168396,168398,2,5
168391,168396,168398,2,5
168391,168394,168398,4,3
168391,168396,168398,2,5
168391,168396,168398,2,5
168391,168395,168398,3,4
168391,168395,168399,4,4
168391,168396,168399,3,5
168391,168396,168399,3,5
168391,168397,168399,2,6
168391,168396,168399,3,5
168391,168396,168399,3,5
168391,168395,168399,4,4
168391,168396,168399,3,5
168391,168396,168399,3,5
168391,168396,168399,3,5
168391,168396,168399,3,5
168391,168396,168399,3,5
168391,168396,168399,3,5
168391,168396,168399,3,5
168391,168396,168399,3,5
168391,168396,168399,3,5
168391,168396,168399,3,5
168391,168396,168399,3,5
168391,168396,168400,4,5
168391,168396,168400,4,5
168391,168397,168400,3,6
168391,168396,168400,4,5
168391,168396,168400,4,5
168378,168398,168400,2,20
168378,168398,168401,3,20
168378,168398,168400,2,20
168391,168397,168400,3,6
168391,168397,168400,3,6
168391,168397,168401,4,6
168391,168397,168401,4,6
168391,168398,168401,3,7
168391,168399,168402,3,8
168391,168399,168401,2,8
168391,168398,168401,3,7
168391,168399,168401,2,8
168391,168399,168401,2,8
168391,168399,168401,2,8
168391,168399,168402,3,8
168391,168401,168403,2,10
168391,168399,168402,3,8
168391,168399,168403,4,8
168391,168400,168402,2,9
168391,168400,168402,2,9
168391,168400,168402,2,9
168391,168400,168402,2,9
168391,168401,168403,2,10
168391,168401,168403,2,10
168391,168401,168403,2,10
168391,168399,168402,3,8
168391,168400,168403,3,9
168391,168400,168403,3,9
168391,168400,168403,3,9
168391,168400,168403,3,9
168391,168400,168402,2,9
168391,168400,168403,3,9
168391,168400,168403,3,9
168391,168400,168403,3,9
168391,168400,168402,2,9
168391,168400,168403,3,9
168391,168399,168403,4,8
168391,168400,168403,3,9
168391,168401,168403,2,10
168391,168401,168403,2,10
168391,168401,168403,2,10
168391,168401,168403,2,10
168391,168400,168403,3,9
168391,168400,168403,3,9
168391,168401,168404,3,10
168391,168401,168404,3,10
168391,168402,168404,2,11
168391,168402,168404,2,11
168391,168402,168404,2,11
168391,168402,168404,2,11
168391,168402,168404,2,11
168391,168400,168405,5,9
168391,168402,168405,3,11
167487,167513,168410,897,26
167491,167522,168423,901,31
167495,167522,168426,904,27
168425,168425,168427,2,0
168425,168425,168427,2,0
168425,168425,168428,3,0
168425,168425,168428,3,0
168425,168425,168428,3,0
168425,168425,168428,3,0
168425,168425,168428,3,0
168425,168425,168428,3,0
168425,168425,168428,3,0
168425,168425,168428,3,0
168425,168425,168429,4,0
168425,168425,168429,4,0
168425,168426,168429,3,1
168425,168425,168429,4,0
168425,168425,168428,3,0
168425,168425,168429,4,0
168425,168425,168429,4,0
168425,168425,168429,4,0
168425,168425,168429,4,0
168425,168425,168429,4,0
168425,168425,168429,4,0
168425,168425,168429,4,0
168425,168426,168429,3,1
168425,168425,168429,4,0
168425,168425,168429,4,0
168425,168425,168428,3,0
168425,168425,168429,4,0
168425,168425,168429,4,0
168425,168425,168429,4,0
168425,168425,168429,4,0
168425,168425,168429,4,0
168425,168425,168429,4,0
168425,168425,168429,4,0
168425,168425,168429,4,0
168425,168425,168430,5,0
168425,168427,168430,3,2
168425,168425,168430,5,0
168425,168425,168429,4,0
168425,168425,168430,5,0
168425,168425,168430,5,0
168425,168425,168430,5,0
168425,168425,168430,5,0
168425,168425,168430,5,0
168425,168428,168431,3,3
168425,168428,168431,3,3
168425,168428,168431,3,3
168425,168428,168431,3,3
168425,168429,168431,2,4
168425,168430,168431,1,5
168425,168430,168431,1,5
168425,168427,168431,4,2
168425,168428,168431,3,3
168425,168428,168431,3,3
168425,168430,168431,1,5
168425,168430,168431,1,5
168425,168428,168432,4,3
168425,168429,168432,3,4
168425,168429,168432,3,4
168425,168430,168432,2,5
168425,168430,168432,2,5
168425,168430,168433,3,5
168425,168430,168432,2,5
168425,168430,168432,2,5
168425,168430,168432,2,5
168425,168430,168432,2,5
168425,168430,168433,3,5
168425,168430,168432,2,5
168425,168430,168432,2,5
168425,168429,168432,3,4
168425,168429,168433,4,4
168425,168429,168433,4,4
168425,168431,168433,2,6
168425,168430,168433,3,5
168425,168430,168433,3,5
168425,168430,168433,3,5
168425,168429,168433,4,4
168425,168430,168433,3,5
168425,168431,168434,3,6
168425,168432,168435,3,7
168425,168433,168435,2,8
168425,168431,168434,3,6
168425,168432,168435,3,7
168425,168432,168435,3,7
168425,168432,168434,2,7
168425,168432,168435,3,7
168425,168431,168434,3,6
168425,168431,168434,3,6
168425,168431,168434,3,6
168425,168431,168435,4,6
168425,168430,168435,5,5
168425,168433,168435,2,8
168425,168433,168435,2,8
168425,168433,168435,2,8
168425,168432,168435,3,7
168425,168432,168435,3,7
168425,168432,168435,3,7
168425,168432,168435,3,7
168425,168433,168435,2,8
168425,168433,168435,2,8
168425,168432,168435,3,7
168425,168433,168435,2,8
168425,168433,168436,3,8
168425,168432,168435,3,7
168425,168432,168435,3,7
168425,168433,168435,2,8
168425,168433,168436,3,8
168425,168434,168437,3,9
168425,168434,168437,3,9
168425,168434,168436,2,9
168425,168434,168436,2,9
168425,168433,168437,4,8
168425,168433,168436,3,8
168425,168434,168437,3,9
168425,168433,168436,3,8
168425,168434,168436,2,9
168425,168434,168436,2,9
168425,168433,168436,3,8
168425,168433,168437,4,8
168440,168440,168442,2,0
168440,168440,168442,2,0
168440,168440,168442,2,0
168440,168440,168443,3,0
168440,168440,168443,3,0
168440,168440,168443,3,0
168440,168440,168443,3,0
168440,168440,168443,3,0
168440,168440,168443,3,0
168440,168440,168442,2,0
168440,168440,168443,3,0
168440,168440,168443,3,0
168440,168440,168444,4,0
168440,168440,168444,4,0
168440,168440,168444,4,0
168440,168440,168444,4,0
168440,168440,168443,3,0
168440,168440,168444,4,0
168440,168440,168444,4,0
168440,168440,168444,4,0
168440,168440,168444,4,0
168440,168440,168444,4,0
168440,168440,168444,4,0
168440,168440,168444,4,0
168440,168440,168443,3,0
168440,168440,168444,4,0
168440,168440,168444,4,0
168440,168440,168444,4,0
168440,168440,168444,4,0
168440,168440,168444,4,0
168440,168440,168444,4,0
168440,168440,168445,5,0
168440,168440,168445,5,0
168440,168440,168444,4,0
168440,168440,168444,4,0
168440,168440,168444,4,0
168440,168442,168445,3,2
168440,168440,168445,5,0
168440,168444,168446,2,4
168440,168444,168446,2,4
168440,168443,168445,2,3
168440,168444,168446,2,4
168440,168443,168446,3,3
168440,168443,168446,3,3
168440,168444,168446,2,4
168440,168443,168446,3,3
168440,168443,168446,3,3
168440,168443,168447,4,3
168440,168444,168447,3,4
168440,168444,168447,3,4
168440,168444,168447,3,4
168440,168445,168447,2,5
168440,168442,168446,4,2
168440,168444,168447,3,4
168440,168445,168447,2,5
168440,168443,168447,4,3
168440,168444,168447,3,4
168440,168445,168447,2,5
168440,168444,168447,3,4
168440,168445,168447,2,5
168440,168445,168447,2,5
168440,168445,168448,3,5
168425,168426,168430,4,1
168440,168444,168448,4,4
168440,168444,168448,4,4
168440,168444,168448,4,4
168440,168445,168448,3,5
168440,168444,168448,4,4
168440,168444,168448,4,4
168440,168444,168448,4,4
168440,168444,168448,4,4
168440,168444,168448,4,4
168440,168445,168448,3,5
168440,168445,168448,3,5
168440,168446,168450,4,6
168440,168448,168450,2,8
168440,168447,168449,2,7
168440,168446,168449,3,6
168440,168446,168450,4,6
168440,168446,168450,4,6
168440,168446,168450,4,6
168440,168446,168450,4,6
168440,168447,168450,3,7
168440,168446,168450,4,6
168440,168448,168451,3,8
168440,168448,168450,2,8
168440,168448,168451,3,8
168440,168449,168450,1,9
168440,168449,168451,2,9
168440,168447,168450,3,7
168440,168448,168450,2,8
168440,168448,168450,2,8
168440,168448,168450,2,8
168440,168448,168451,3,8
168440,168448,168450,2,8
168440,168449,168450,1,9
168440,168448,168451,3,8
168440,168447,168451,4,7
168440,168448,168451,3,8
168440,168448,168451,3,8
168440,168448,168452,4,8
168440,168448,168451,3,8
168440,168448,168451,3,8
168440,168449,168451,2,9
168440,168448,168451,3,8
168440,168449,168451,2,9
168440,168449,168451,2,9
168440,168449,168451,2,9
168440,168449,168452,3,9
168440,168449,168451,2,9
168440,168450,168452,2,10
168425,168448,168452,4,23
168440,168449,168452,3,9
168440,168450,168452,2,10
168440,168450,168452,2,10
168444,168452,168453,1,8
168440,168450,168453,3,10
168440,168450,168453,3,10
168440,168450,168453,3,10
168444,168451,168453,2,7
168444,168451,168453,2,7
168444,168451,168453,2,7
168444,168451,168454,3,7
168444,168451,168454,3,7
168444,168451,168454,3,7
168444,168451,168453,2,7
168444,168452,168454,2,8
168444,168451,168454,3,7
168444,168451,168453,2,7
168444,168451,168454,3,7
168444,168451,168454,3,7
168444,168451,168454,3,7
168444,168452,168454,2,8
168444,168452,168455,3,8
168444,168453,168455,2,9
168444,168451,168454,3,7
168444,168451,168455,4,7
168444,168452,168454,2,8
168444,168451,168454,3,7
168444,168452,168455,3,8
168444,168452,168455,3,8
168444,168452,168455,3,8
168444,168453,168454,1,9
168444,168453,168454,1,9
168444,168453,168454,1,9
168444,168454,168455,1,10
168444,168454,168455,1,10
168444,168451,168455,4,7
168444,168454,168455,1,10
168444,168455,168456,1,11
168444,168451,168455,4,7
168444,168452,168456,4,8
168444,168452,168456,4,8
168444,168451,168456,5,7
168444,168452,168455,3,8
168444,168454,168456,2,10
168444,168454,168456,2,10
168444,168452,168456,4,8
168444,168454,168457,3,10
168444,168454,168457,3,10
168444,168454,168457,3,10
168444,168455,168457,2,11
168444,168454,168457,3,10
168444,168454,168457,3,10
168444,168452,168457,5,8
168444,168454,168457,3,10
168444,168454,168457,3,10
168444,168455,168457,2,11
168444,168454,168457,3,10
168444,168455,168458,3,11
168444,168454,168457,3,10
168444,168455,168458,3,11
168444,168455,168458,3,11
168444,168455,168458,3,11
168444,168455,168458,3,11
168444,168457,168458,1,13
168444,168454,168458,4,10
168444,168455,168458,3,11
168444,168455,168458,3,11
168444,168457,168458,1,13
168444,168456,168458,2,12
168444,168455,168459,4,11
168444,168455,168459,4,11
168444,168455,168458,3,11
168444,168456,168459,3,12
168444,168456,168459,3,12
168444,168456,168458,2,12
168444,168458,168459,1,14
168444,168456,168458,2,12
168444,168455,168459,4,11
168444,168455,168459,4,11
168444,168455,168459,4,11
168444,168456,168459,3,12
168444,168456,168459,3,12
168444,168456,168459,3,12
168444,168456,168459,3,12
168444,168457,168460,3,13
168444,168458,168459,1,14
168444,168455,168459,4,11
168444,168459,168460,1,15
168444,168458,168460,2,14
168444,168457,168460,3,13
168444,168457,168461,4,13
168444,168457,168460,3,13
168444,168459,168461,2,15
168444,168457,168461,4,13
168444,168458,168461,3,14
168444,168459,168461,2,15
168444,168459,168461,2,15
168444,168458,168461,3,14
168444,168458,168461,3,14
168444,168458,168461,3,14
168444,168458,168461,3,14
168444,168458,168461,3,14
168444,168458,168461,3,14
168444,168458,168461,3,14
168444,168458,168461,3,14
168444,168458,168461,3,14
168444,168458,168461,3,14
168444,168460,168462,2,16
168440,168440,168444,4,0
168440,168440,168443,3,0
168440,168440,168444,4,0
168444,168459,168462,3,15
168444,168459,168462,3,15
168444,168459,168462,3,15
168444,168459,168462,3,15
168444,168459,168462,3,15
168444,168458,168462,4,14
168444,168460,168462,2,16
168444,168458,168462,4,14
168444,168460,168462,2,16
168444,168460,168462,2,16
168444,168460,168462,2,16
168444,168460,168463,3,16
168444,168459,168463,4,15
168444,168461,168463,2,17
168444,168460,168464,4,16
168440,168462,168465,3,22
167563,167601,168497,896,38
168506,168506,168508,2,0
168506,168507,168509,2,1
168506,168506,168509,3,0
168506,168506,168509,3,0
168506,168506,168509,3,0
168506,168506,168509,3,0
168506,168506,168509,3,0
168506,168506,168509,3,0
168506,168506,168509,3,0
168506,168507,168509,2,1
168506,168506,168510,4,0
168506,168507,168509,2,1
168506,168506,168510,4,0
168506,168506,168510,4,0
168506,168506,168510,4,0
168506,168507,168510,3,1
168506,168506,168510,4,0
168506,168507,168510,3,1
168506,168507,168510,3,1
168506,168507,168510,3,1
168506,168506,168510,4,0
168506,168507,168510,3,1
168506,168507,168510,3,1
168506,168507,168511,4,1
168506,168506,168510,4,0
168506,168506,168510,4,0
168506,168506,168511,5,0
168506,168507,168510,3,1
168506,168506,168511,5,0
168506,168506,168511,5,0
168506,168506,168510,4,0
168506,168507,168511,4,1
168506,168506,168511,5,0
168506,168506,168511,5,0
168506,168509,168512,3,3
168506,168510,168512,2,4
168506,168510,168512,2,4
168506,168510,168512,2,4
168506,168510,168513,3,4
168506,168510,168513,3,4
168506,168510,168513,3,4
168506,168510,168514,4,4
168506,168510,168513,3,4
168506,168510,168513,3,4
168506,168511,168514,3,5
168506,168511,168514,3,5
168506,168511,168514,3,5
168506,168511,168514,3,5
168506,168511,168514,3,5
168506,168511,168514,3,5
168506,168511,168514,3,5
168506,168511,168514,3,5
168506,168510,168514,4,4
168506,168511,168514,3,5
168506,168511,168515,4,5
168506,168511,168514,3,5
168506,168511,168515,4,5
168506,168512,168515,3,6
168506,168511,168514,3,5
168506,168511,168514,3,5
168506,168512,168514,2,6
168506,168510,168514,4,4
168506,168511,168514,3,5
168506,168511,168515,4,5
168506,168511,168514,3,5
168506,168511,168515,4,5
168506,168512,168515,3,6
168506,168513,168516,3,7
168506,168513,168515,2,7
168506,168514,168516,2,8
168506,168512,168516,4,6
168506,168513,168516,3,7
168506,168513,168515,2,7
168506,168514,168516,2,8
168506,168514,168516,2,8
168506,168513,168516,3,7
168506,168514,168516,2,8
168506,168513,168516,3,7
168506,168513,168516,3,7
168506,168514,168517,3,8
168506,168514,168517,3,8
168506,168515,168517,2,9
168506,168515,168517,2,9
168506,168515,168517,2,9
168506,168516,168517,1,10
168506,168516,168517,1,10
168506,168515,168517,2,9
168506,168515,168518,3,9
168506,168515,168518,3,9
168506,168515,168518,3,9
168506,168516,168518,2,10
168506,168514,168517,3,8
168506,168515,168518,3,9
168506,168515,168518,3,9
168506,168515,168518,3,9
168506,168515,168518,3,9
168506,168515,168518,3,9
168506,168515,168517,2,9
168506,168516,168518,2,10
168506,168516,168518,2,10
168506,168516,168518,2,10
168506,168515,168519,4,9
168506,168515,168518,3,9
168506,168515,168519,4,9
168506,168516,168518,2,10
168506,168516,168519,3,10
168506,168515,168518,3,9
168506,168516,168519,3,10
168506,168516,168518,2,10
168506,168515,168518,3,9
168506,168516,168519,3,10
168506,168516,168519,3,10
168506,168516,168519,3,10
168506,168517,168520,3,11
168506,168517,168520,3,11
168506,168517,168519,2,11
168506,168517,168519,2,11
168506,168516,168520,4,10
168506,168516,168519,3,10
168506,168516,168520,4,10
167573,167610,168556,946,37
168558,168558,168560,2,0
168558,168558,168560,2,0
168558,168558,168560,2,0
168558,168558,168560,2,0
168558,168558,168560,2,0
168558,168558,168561,3,0
168558,168558,168561,3,0
168558,168558,168561,3,0
168558,168558,168561,3,0
168558,168558,168561,3,0
168558,168558,168561,3,0
168558,168558,168560,2,0
168558,168558,168562,4,0
168558,168558,168561,3,0
168558,168558,168562,4,0
168558,168558,168562,4,0
168558,168558,168562,4,0
168558,168558,168562,4,0
168558,168558,168561,3,0
168558,168558,168562,4,0
168558,168558,168562,4,0
168558,168558,168562,4,0
168558,168558,168562,4,0
168558,168558,168562,4,0
168558,168558,168562,4,0
168558,168558,168562,4,0
168558,168558,168561,3,0
168558,168558,168562,4,0
168558,168558,168562,4,0
168558,168558,168562,4,0
168558,168558,168563,5,0
168558,168558,168563,5,0
168558,168558,168563,5,0
168558,168558,168563,5,0
168558,168558,168563,5,0
168558,168561,168564,3,3
168558,168560,168564,4,2
168558,168561,168564,3,3
168558,168561,168564,3,3
168558,168560,168564,4,2
168558,168561,168564,3,3
168558,168561,168565,4,3
168558,168560,168565,5,2
168558,168562,168565,3,4
168558,168560,168565,5,2
168558,168561,168565,4,3
168558,168562,168565,3,4
168558,168561,168565,4,3
168558,168562,168566,4,4
168558,168563,168566,3,5
168558,168561,168566,5,3
168558,168562,168566,4,4
168558,168562,168566,4,4
168558,168562,168566,4,4
168558,168562,168566,4,4
168558,168562,168566,4,4
168558,168562,168566,4,4
168558,168562,168566,4,4
168558,168562,168566,4,4
168558,168562,168566,4,4
168558,168562,168566,4,4
168558,168564,168566,2,6
168558,168562,168566,4,4
168558,168563,168566,3,5
168558,168563,168567,4,5
168558,168564,168567,3,6
168558,168562,168567,5,4
168558,168565,168567,2,7
168558,168562,168567,5,4
168558,168564,168567,3,6
168558,168564,168568,4,6
168558,168564,168567,3,6
168558,168565,168568,3,7
168558,168566,168568,2,8
168558,168565,168568,3,7
168558,168565,168568,3,7
168558,168566,168568,2,8
168558,168566,168568,2,8
168558,168566,168568,2,8
168558,168565,168568,3,7
168558,168565,168568,3,7
168558,168566,168568,2,8
168558,168565,168568,3,7
168558,168566,168569,3,8
168558,168566,168569,3,8
168558,168566,168569,3,8
168558,168566,168569,3,8
168558,168566,168569,3,8
168558,168567,168570,3,9
168558,168568,168569,1,10
168558,168567,168569,2,9
168558,168568,168570,2,10
168558,168568,168569,1,10
168558,168567,168569,2,9
168558,168567,168570,3,9
168558,168567,168569,2,9
168558,168567,168569,2,9
168558,168567,168570,3,9
168558,168567,168569,2,9
168558,168568,168570,2,10
168558,168567,168570,3,9
168558,168567,168570,3,9
168558,168568,168570,2,10
168558,168568,168570,2,10
168558,168568,168570,2,10
168558,168567,168570,3,9
168558,168568,168570,2,10
168558,168568,168571,3,10
168558,168569,168571,2,11
168558,168569,168571,2,11
168558,168569,168571,2,11
168558,168569,168571,2,11
168558,168569,168571,2,11
168558,168569,168571,2,11
167577,167610,168574,964,33
167650,167673,168575,902,23
168576,168576,168578,2,0
168576,168576,168578,2,0
168576,168576,168578,2,0
168576,168576,168578,2,0
168558,168576,168578,2,18
168576,168576,168579,3,0
168576,168576,168579,3,0
168576,168576,168579,3,0
168576,168576,168579,3,0
168576,168576,168579,3,0
168576,168576,168579,3,0
168558,168576,168579,3,18
168558,168576,168579,3,18
168558,168576,168579,3,18
168558,168576,168579,3,18
168558,168576,168579,3,18
168576,168576,168580,4,0
168576,168576,168579,3,0
168576,168576,168580,4,0
168576,168576,168580,4,0
168576,168576,168580,4,0
168576,168576,168580,4,0
168576,168576,168580,4,0
168576,168576,168580,4,0
168576,168576,168580,4,0
168576,168576,168580,4,0
168576,168576,168580,4,0
168576,168576,168580,4,0
168576,168576,168580,4,0
168576,168576,168580,4,0
168576,168576,168580,4,0
168576,168576,168581,5,0
168576,168576,168580,4,0
168576,168576,168580,4,0
168576,168576,168580,4,0
168576,168576,168580,4,0
168576,168576,168580,4,0
168576,168576,168581,5,0
168576,168576,168581,5,0
168576,168576,168580,4,0
168576,168576,168581,5,0
168576,168578,168581,3,2
168576,168576,168582,6,0
168576,168578,168582,4,2
168576,168579,168582,3,3
168576,168578,168582,4,2
168576,168579,168582,3,3
168576,168579,168582,3,3
168576,168578,168582,4,2
168576,168578,168583,5,2
168576,168579,168583,4,3
168576,168579,168583,4,3
168576,168580,168583,3,4
168576,168580,168583,3,4
168576,168580,168583,3,4
168576,168580,168584,4,4
168576,168580,168584,4,4
168576,168579,168584,5,3
168576,168580,168584,4,4
168576,168580,168584,4,4
168576,168580,168584,4,4
168576,168581,168584,3,5
168576,168580,168584,4,4
168576,168580,168584,4,4
168576,168580,168584,4,4
168576,168580,168584,4,4
168576,168580,168584,4,4
168576,168581,168584,3,5
168576,168581,168584,3,5
168576,168581,168584,3,5
168576,168580,168584,4,4
168576,168580,168584,4,4
168576,168581,168585,4,5
168576,168582,168585,3,6
168576,168581,168585,4,5
168576,168581,168585,4,5
168576,168580,168585,5,4
168576,168582,168585,3,6
168576,168582,168585,3,6
168576,168582,168585,3,6
168576,168582,168586,4,6
168576,168582,168585,3,6
168576,168583,168586,3,7
168576,168582,168585,3,6
168576,168583,168586,3,7
168576,168582,168586,4,6
168576,168584,168586,2,8
168576,168582,168586,4,6
168576,168581,168586,5,5
168576,168581,168586,5,5
168576,168584,168586,2,8
168576,168583,168586,3,7
168576,168584,168586,2,8
168576,168583,168586,3,7
168576,168584,168586,2,8
168576,168584,168587,3,8
168576,168584,168586,2,8
168576,168584,168586,2,8
168576,168585,168587,2,9
168576,168584,168587,3,8
168576,168585,168587,2,9
168576,168586,168588,2,10
168576,168585,168587,2,9
168576,168585,168587,2,9
168576,168585,168587,2,9
168576,168585,168587,2,9
168576,168585,168587,2,9
168576,168585,168587,2,9
168576,168585,168587,2,9
168576,168585,168587,2,9
168576,168585,168588,3,9
168576,168585,168587,2,9
168576,168585,168587,2,9
168576,168585,168588,3,9
168576,168586,168588,2,10
168576,168586,168588,2,10
168576,168585,168588,3,9
168576,168586,168589,3,10
168576,168586,168589,3,10
168576,168586,168589,3,10
168576,168586,168589,3,10
168576,168586,168588,2,10
168576,168586,168588,2,10
168576,168585,168588,3,9
168576,168586,168588,2,10
168576,168586,168589,3,10
167667,167715,168598,883,48
168604,168605,168606,1,1
168604,168605,168606,1,1
168604,168605,168606,1,1
168604,168605,168606,1,1
168604,168605,168606,1,1
168604,168605,168607,2,1
168604,168605,168607,2,1
167678,167738,168607,869,60
168604,168605,168608,3,1
168604,168605,168608,3,1
168604,168605,168608,3,1
168604,168605,168608,3,1
168604,168605,168608,3,1
168604,168605,168609,4,1
168604,168605,168608,3,1
168604,168605,168608,3,1
168604,168605,168609,4,1
168604,168605,168608,3,1
168604,168605,168608,3,1
168604,168605,168608,3,1
168604,168605,168608,3,1
168604,168605,168609,4,1
168604,168607,168609,2,3
168604,168605,168608,3,1
168604,168605,168608,3,1
168604,168605,168609,4,1
168604,168605,168608,3,1
168604,168605,168608,3,1
168604,168607,168608,1,3
168604,168605,168609,4,1
168604,168605,168609,4,1
168604,168605,168609,4,1
168604,168607,168609,2,3
168604,168605,168609,4,1
168604,168607,168609,2,3
168604,168605,168609,4,1
168604,168605,168609,4,1
168604,168607,168609,2,3
168604,168605,168609,4,1
168604,168605,168609,4,1
168604,168605,168609,4,1
168604,168605,168609,4,1
168604,168608,168611,3,4
168604,168609,168612,3,5
168604,168609,168612,3,5
168604,168608,168611,3,4
168604,168608,168612,4,4
168604,168609,168612,3,5
168604,168609,168612,3,5
168604,168608,168613,5,4
168604,168609,168612,3,5
168604,168609,168613,4,5
168604,168609,168612,3,5
168604,168609,168613,4,5
168604,168609,168612,3,5
168604,168609,168613,4,5
168604,168609,168612,3,5
168604,168610,168613,3,6
168604,168609,168612,3,5
168604,168609,168612,3,5
168604,168609,168612,3,5
168604,168609,168613,4,5
168604,168609,168612,3,5
168604,168609,168612,3,5
168604,168609,168613,4,5
168604,168609,168612,3,5
168604,168609,168613,4,5
168604,168610,168613,3,6
168604,168610,168613,3,6
168604,168610,168614,4,6
168604,168610,168613,3,6
168604,168610,168614,4,6
168604,168610,168613,3,6
168604,168610,168614,4,6
168604,168610,168613,3,6
168604,168610,168613,3,6
168604,168610,168613,3,6
168604,168612,168614,2,8
168604,168610,168614,4,6
168604,168610,168614,4,6
168604,168612,168615,3,8
168604,168611,168614,3,7
168604,168613,168615,2,9
168604,168613,168615,2,9
168604,168612,168615,3,8
168604,168612,168615,3,8
168604,168613,168615,2,9
168604,168613,168615,2,9
168604,168613,168615,2,9
168604,168613,168615,2,9
168604,168612,168615,3,8
168604,168613,168615,2,9
168604,168613,168616,3,9
168604,168613,168615,2,9
168604,168613,168615,2,9
168604,168613,168615,2,9
168604,168613,168616,3,9
168604,168613,168616,3,9
168604,168613,168616,3,9
168604,168613,168616,3,9
168604,168613,168615,2,9
168604,168613,168615,2,9
168604,168613,168615,2,9
168604,168614,168617,3,10
168604,168614,168616,2,10
168604,168613,168616,3,9
168604,168613,168617,4,9
168604,168613,168616,3,9
168604,168614,168617,3,10
168604,168614,168617,3,10
168604,168614,168617,3,10
168604,168614,168616,2,10
168604,168614,168617,3,10
168604,168614,168617,3,10
168604,168614,168617,3,10
168604,168623,168625,2,19
168624,168625,168626,1,1
168624,168624,168626,2,0
168624,168624,168626,2,0
168624,168624,168626,2,0
168624,168625,168626,1,1
168604,168623,168627,4,19
168604,168623,168627,4,19
168604,168623,168627,4,19
168624,168624,168626,2,0
168624,168624,168627,3,0
168624,168624,168627,3,0
168624,168624,168627,3,0
168604,168623,168628,5,19
168604,168623,168627,4,19
168624,168624,168628,4,0
168624,168624,168628,4,0
168624,168624,168628,4,0
168624,168624,168628,4,0
168624,168624,168629,5,0
168624,168624,168628,4,0
168624,168624,168628,4,0
168624,168624,168628,4,0
168624,168624,168629,5,0
168624,168624,168628,4,0
168624,168624,168628,4,0
168624,168624,168629,5,0
168624,168625,168628,3,1
168624,168625,168628,3,1
168624,168625,168628,3,1
168624,168625,168628,3,1
168624,168625,168628,3,1
168624,168626,168629,3,2
168624,168627,168629,2,3
168624,168624,168629,5,0
168624,168624,168629,5,0
168624,168624,168629,5,0
168624,168624,168629,5,0
168624,168628,168629,1,4
168624,168627,168630,3,3
168624,168625,168629,4,1
168624,168627,168630,3,3
168624,168624,168629,5,0
168624,168627,168630,3,3
168624,168627,168630,3,3
168624,168627,168630,3,3
168624,168628,168630,2,4
168624,168627,168630,3,3
168624,168627,168630,3,3
168624,168629,168631,2,5
168624,168629,168632,3,5
168624,168629,168632,3,5
168624,168629,168632,3,5
168624,168629,168632,3,5
168624,168628,168631,3,4
168624,168628,168632,4,4
168624,168628,168632,4,4
168624,168629,168632,3,5
168624,168629,168632,3,5
168624,168629,168632,3,5
168624,168629,168632,3,5
168624,168629,168632,3,5
168624,168629,168632,3,5
168624,168629,168633,4,5
168624,168629,168633,4,5
168624,168630,168633,3,6
168624,168629,168632,3,5
168624,168629,168632,3,5
168624,168629,168632,3,5
168624,168629,168633,4,5
168624,168630,168633,3,6
168624,168629,168633,4,5
168624,168630,168633,3,6
168624,168630,168633,3,6
168624,168630,168633,3,6
168624,168630,168633,3,6
168624,168631,168633,2,7
168624,168630,168633,3,6
168624,168632,168634,2,8
168624,168629,168633,4,5
168624,168630,168633,3,6
168624,168631,168634,3,7
168624,168632,168634,2,8
168624,168630,168634,4,6
168624,168631,168634,3,7
168624,168631,168634,3,7
168624,168630,168634,4,6
168624,168631,168634,3,7
168624,168632,168635,3,8
168624,168633,168635,2,9
168624,168632,168635,3,8
168624,168632,168634,2,8
168624,168633,168635,2,9
168624,168633,168635,2,9
168624,168633,168635,2,9
168624,168633,168635,2,9
168624,168634,168636,2,10
168624,168634,168636,2,10
168624,168632,168635,3,8
168624,168633,168635,2,9
168624,168633,168635,2,9
168624,168633,168636,3,9
168624,168633,168636,3,9
168624,168633,168635,2,9
168624,168633,168636,3,9
168624,168633,168635,2,9
168624,168634,168637,3,10
168624,168634,168636,2,10
168624,168633,168636,3,9
168624,168634,168636,2,10
168624,168634,168636,2,10
168624,168634,168637,3,10
168624,168634,168637,3,10
168624,168633,168636,3,9
168624,168634,168637,3,10
168624,168634,168637,3,10
168624,168634,168637,3,10
168624,168634,168637,3,10
168624,168634,168637,3,10
168628,168635,168638,3,7
168628,168635,168638,3,7
168628,168636,168638,2,8
168624,168634,168637,3,10
168628,168636,168637,1,8
168628,168636,168638,2,8
168624,168635,168638,3,11
168628,168637,168638,1,9
168628,168635,168638,3,7
168628,168637,168639,2,9
168628,168635,168638,3,7
168628,168635,168638,3,7
168628,168635,168638,3,7
168628,168635,168638,3,7
168628,168635,168638,3,7
168628,168635,168638,3,7
168628,168636,168638,2,8
168628,168636,168639,3,8
168628,168636,168640,4,8
168628,168636,168639,3,8
168628,168637,168639,2,9
168628,168636,168640,4,8
168628,168637,168640,3,9
168628,168636,168639,3,8
168628,168636,168640,4,8
168628,168636,168640,4,8
168628,168637,168640,3,9
168628,168637,168640,3,9
168628,168637,168641,4,9
168628,168636,168641,5,8
168628,168637,168641,4,9
168628,168637,168640,3,9
168628,168637,168640,3,9
168628,168637,168641,4,9
168628,168637,168641,4,9
168628,168639,168641,2,11
168628,168639,168642,3,11
168628,168639,168641,2,11
168628,168639,168642,3,11
168628,168638,168642,4,10
168628,168637,168641,4,9
168628,168638,168641,3,10
168628,168638,168642,4,10
168628,168638,168642,4,10
168628,168639,168642,3,11
168628,168639,168642,3,11
168628,168640,168643,3,12
168628,168639,168642,3,11
168624,168625,168629,4,1
168624,168625,168628,3,1
168624,168625,168627,2,1
168624,168625,168628,3,1
168628,168640,168643,3,12
168628,168638,168643,5,10
168628,168639,168643,4,11
168628,168639,168643,4,11
168628,168639,168642,3,11
168628,168638,168643,5,10
168628,168640,168643,3,12
168628,168639,168643,4,11
168628,168640,168644,4,12
168628,168640,168643,3,12
168628,168640,168644,4,12
168628,168640,168644,4,12
168628,168640,168643,3,12
168628,168640,168643,3,12
168628,168641,168644,3,13
168628,168640,168644,4,12
168628,168641,168644,3,13
168628,168642,168645,3,14
168628,168641,168645,4,13
168628,168642,168645,3,14
168628,168642,168645,3,14
168628,168641,168645,4,13
168628,168641,168645,4,13
168628,168642,168645,3,14
168628,168641,168646,5,13
168628,168641,168645,4,13
168628,168643,168646,3,15
168628,168643,168645,2,15
168628,168643,168646,3,15
168628,168641,168646,5,13
168628,168642,168646,4,14
168628,168643,168646,3,15
168628,168644,168646,2,16
168628,168644,168646,2,16
168628,168643,168646,3,15
168624,168643,168646,3,19
168628,168643,168646,3,15
168628,168643,168646,3,15
168628,168642,168646,4,14
168628,168643,168646,3,15
168628,168643,168646,3,15
168628,168643,168646,3,15
168628,168642,168646,4,14
168628,168644,168646,2,16
168628,168644,168646,2,16
168628,168644,168646,2,16
168628,168644,168646,2,16
168628,168643,168646,3,15
168628,168644,168646,2,16
168628,168644,168646,2,16
168628,168644,168647,3,16
168628,168643,168647,4,15
168628,168643,168646,3,15
168628,168643,168647,4,15
168628,168644,168647,3,16
168628,168645,168647,2,17
168628,168645,168647,2,17
168628,168645,168647,2,17
168628,168645,168648,3,17
168628,168645,168648,3,17
168628,168646,168648,2,18
168628,168646,168648,2,18
168628,168646,168648,2,18
168628,168646,168649,3,18
168628,168646,168648,2,18
168628,168646,168648,2,18
168628,168646,168649,3,18
168628,168646,168649,3,18
168628,168646,168649,3,18
168628,168646,168649,3,18
168628,168645,168649,4,17
168628,168645,168649,4,17
168628,168646,168649,3,18
168628,168646,168649,3,18
168628,168646,168650,4,18
167778,167802,168682,880,24
168690,168690,168692,2,0
168690,168690,168692,2,0
168690,168690,168691,1,0
168690,168690,168692,2,0
168690,168690,168692,2,0
168690,168690,168692,2,0
168690,168690,168693,3,0
168690,168690,168692,2,0
168690,168690,168692,2,0
168690,168690,168693,3,0
168690,168690,168692,2,0
168690,168690,168693,3,0
168690,168690,168694,4,0
168690,168690,168693,3,0
168690,168690,168694,4,0
168690,168690,168694,4,0
168690,168690,168694,4,0
168690,168690,168693,3,0
168690,168690,168694,4,0
168690,168690,168694,4,0
168690,168690,168694,4,0
168690,168690,168694,4,0
168690,168690,168693,3,0
168690,168690,168694,4,0
168690,168690,168694,4,0
168690,168690,168694,4,0
168690,168690,168694,4,0
168690,168690,168694,4,0
168690,168690,168694,4,0
168690,168690,168694,4,0
168690,168690,168694,4,0
168690,168690,168694,4,0
168690,168690,168694,4,0
168690,168690,168695,5,0
168690,168690,168694,4,0
168690,168690,168695,5,0
168690,168690,168695,5,0
168690,168690,168694,4,0
168690,168692,168695,3,2
168690,168692,168695,3,2
168690,168693,168696,3,3
168690,168692,168695,3,2
168690,168693,168697,4,3
168690,168693,168697,4,3
168690,168693,168697,4,3
168690,168693,168696,3,3
168690,168693,168696,3,3
168690,168694,168697,3,4
168690,168693,168697,4,3
168690,168693,168697,4,3
168690,168694,168697,3,4
168690,168694,168697,3,4
168690,168694,168697,3,4
168690,168694,168697,3,4
168690,168693,168697,4,3
168690,168694,168697,3,4
168690,168694,168697,3,4
168690,168694,168697,3,4
168690,168695,168698,3,5
168690,168694,168698,4,4
168690,168694,168697,3,4
168690,168694,168698,4,4
168690,168694,168697,3,4
168690,168694,168698,4,4
168690,168695,168698,3,5
168690,168694,168698,4,4
168690,168694,168698,4,4
168690,168695,168699,4,5
168690,168695,168699,4,5
168690,168695,168699,4,5
168690,168695,168699,4,5
168690,168695,168699,4,5
168690,168695,168699,4,5
168690,168695,168699,4,5
168690,168694,168699,5,4
168690,168695,168699,4,5
168690,168696,168699,3,6
168690,168696,168699,3,6
168690,168695,168699,4,5
168690,168697,168700,3,7
168690,168698,168699,1,8
168690,168698,168700,2,8
168690,168697,168700,3,7
168690,168697,168700,3,7
168690,168697,168700,3,7
168690,168697,168700,3,7
168690,168698,168700,2,8
168690,168696,168700,4,6
168690,168697,168701,4,7
168690,168697,168701,4,7
168690,168697,168701,4,7
168690,168698,168701,3,8
168690,168698,168701,3,8
168690,168698,168701,3,8
168690,168698,168701,3,8
168690,168698,168701,3,8
168690,168698,168701,3,8
168690,168697,168701,4,7
168690,168697,168701,4,7
168690,168699,168701,2,9
168690,168699,168701,2,9
168690,168699,168701,2,9
168690,168699,168701,2,9
168690,168697,168702,5,7
168690,168699,168702,3,9
168690,168699,168702,3,9
168690,168700,168702,2,10
168690,168697,168702,5,7
168690,168698,168702,4,8
168690,168700,168702,2,10
168690,168700,168702,2,10
168690,168700,168702,2,10
168690,168700,168702,2,10
168690,168700,168702,2,10
168690,168700,168702,2,10
168690,168700,168702,2,10
168690,168700,168702,2,10
168690,168706,168708,2,16
167898,167904,168709,805,6
168690,168706,168710,4,16
168690,168706,168710,4,16
168710,168711,168712,1,1
168710,168711,168712,1,1
168710,168711,168713,2,1
168710,168711,168712,1,1
168710,168711,168713,2,1
168710,168711,168713,2,1
168710,168711,168713,2,1
168710,168711,168713,2,1
168710,168711,168713,2,1
168710,168711,168713,2,1
168710,168711,168713,2,1
168710,168711,168713,2,1
168710,168711,168714,3,1
168710,168711,168713,2,1
168710,168711,168713,2,1
168710,168711,168714,3,1
168710,168711,168714,3,1
168710,168711,168714,3,1
168710,168711,168714,3,1
168710,168711,168714,3,1
168710,168711,168714,3,1
168710,168711,168714,3,1
168710,168711,168714,3,1
168710,168711,168714,3,1
168710,168711,168714,3,1
168710,168711,168715,4,1
168710,168711,168714,3,1
168710,168711,168714,3,1
168710,168711,168714,3,1
168710,168711,168714,3,1
168710,168711,168714,3,1
168710,168711,168715,4,1
168710,168711,168715,4,1
168710,168711,168716,5,1
168710,168711,168715,4,1
168710,168711,168715,4,1
168710,168711,168715,4,1
168710,168711,168715,4,1
168710,168711,168715,4,1
168710,168711,168715,4,1
168710,168711,168715,4,1
168710,168713,168717,4,3
168710,168715,168717,2,5
168710,168713,168716,3,3
168710,168713,168716,3,3
168710,168713,168716,3,3
168710,168715,168717,2,5
168710,168715,168717,2,5
168710,168715,168717,2,5
168710,168715,168717,2,5
168710,168714,168717,3,4
168710,168714,168717,3,4
168710,168714,168718,4,4
168710,168714,168718,4,4
168710,168714,168717,3,4
168710,168714,168717,3,4
168710,168714,168717,3,4
168710,168714,168717,3,4
168710,168715,168718,3,5
168710,168715,168718,3,5
168710,168715,168719,4,5
168710,168716,168718,2,6
168710,168714,168718,4,4
168710,168715,168718,3,5
168710,168716,168718,2,6
168710,168714,168718,4,4
168710,168714,168718,4,4
168710,168715,168718,3,5
168710,168715,168719,4,5
168710,168715,168719,4,5
168710,168715,168719,4,5
168710,168715,168719,4,5
168710,168715,168718,3,5
168710,168715,168718,3,5
168710,168716,168718,2,6
168710,168716,168719,3,6
168710,168716,168719,3,6
168710,168716,168720,4,6
168710,168716,168719,3,6
168710,168715,168719,4,5
168710,168715,168719,4,5
168710,168716,168720,4,6
168710,168717,168720,3,7
167828,167843,168721,878,15
168710,168717,168720,3,7
168710,168719,168721,2,9
168710,168717,168720,3,7
168710,168717,168720,3,7
168710,168717,168720,3,7
168710,168718,168721,3,8
168710,168718,168721,3,8
168710,168719,168721,2,9
168710,168719,168722,3,9
168710,168719,168722,3,9
168710,168719,168722,3,9
168710,168718,168722,4,8
168710,168719,168722,3,9
168710,168719,168722,3,9
168710,168718,168721,3,8
168710,168718,168721,3,8
168710,168719,168722,3,9
168710,168719,168721,2,9
168710,168720,168722,2,10
168710,168720,168722,2,10
168710,168718,168722,4,8
168710,168718,168721,3,8
168710,168719,168722,3,9
168710,168718,168721,3,8
168710,168719,168721,2,9
168710,168719,168722,3,9
168710,168718,168721,3,8
168710,168718,168721,3,8
168710,168719,168722,3,9
168710,168719,168721,2,9
168710,168719,168722,3,9
168710,168719,168722,3,9
168710,168720,168722,2,10
168710,168720,168722,2,10
168710,168718,168722,4,8
168710,168719,168723,4,9
168710,168718,168722,4,8
168737,168737,168739,2,0
168737,168737,168739,2,0
168737,168737,168739,2,0
168737,168737,168739,2,0
168737,168737,168739,2,0
168737,168737,168740,3,0
168737,168737,168740,3,0
168737,168737,168740,3,0
168737,168737,168740,3,0
168737,168737,168739,2,0
168737,168737,168740,3,0
168737,168737,168739,2,0
168737,168737,168740,3,0
168737,168737,168739,2,0
168737,168737,168740,3,0
168737,168737,168739,2,0
168737,168737,168741,4,0
168737,168737,168740,3,0
168737,168737,168741,4,0
168737,168737,168741,4,0
168737,168737,168740,3,0
168737,168737,168741,4,0
168737,168737,168741,4,0
168737,168737,168740,3,0
168737,168737,168741,4,0
168737,168737,168741,4,0
168737,168737,168740,3,0
168737,168737,168741,4,0
168737,168737,168741,4,0
168737,168737,168741,4,0
168737,168737,168741,4,0
168737,168737,168741,4,0
168737,168737,168741,4,0
168737,168737,168741,4,0
168737,168737,168741,4,0
168737,168739,168742,3,2
168737,168737,168742,5,0
168737,168737,168741,4,0
168737,168739,168742,3,2
168737,168740,168743,3,3
168737,168740,168742,2,3
168737,168740,168743,3,3
168737,168740,168743,3,3
168737,168740,168744,4,3
168737,168740,168744,4,3
168737,168740,168744,4,3
168737,168740,168743,3,3
168737,168740,168744,4,3
168737,168740,168744,4,3
168737,168740,168743,3,3
168737,168741,168744,3,4
168737,168740,168743,3,3
168737,168741,168744,3,4
168737,168740,168743,3,3
168737,168741,168744,3,4
168737,168741,168744,3,4
168737,168741,168744,3,4
168737,168741,168745,4,4
168737,168741,168745,4,4
168737,168741,168745,4,4
168737,168741,168744,3,4
168737,168741,168745,4,4
168737,168741,168745,4,4
168737,168741,168745,4,4
168737,168741,168745,4,4
168737,168741,168745,4,4
168737,168742,168746,4,5
168737,168741,168746,5,4
168737,168744,168746,2,7
168737,168741,168746,5,4
168737,168742,168746,4,5
168737,168743,168746,3,6
168737,168742,168746,4,5
168737,168742,168746,4,5
168737,168743,168746,3,6
168737,168744,168746,2,7
168737,168744,168746,2,7
168737,168744,168746,2,7
168737,168742,168746,4,5
168737,168742,168746,4,5
168737,168742,168746,4,5
168737,168744,168747,3,7
168737,168744,168747,3,7
168737,168744,168747,3,7
168737,168743,168747,4,6
168737,168746,168748,2,9
168737,168743,168747,4,6
168737,168744,168747,3,7
168737,168746,168748,2,9
168737,168744,168747,3,7
168737,168744,168747,3,7
168737,168744,168748,4,7
168737,168744,168748,4,7
168737,168745,168748,3,8
168737,168744,168748,4,7
168737,168745,168748,3,8
168737,168745,168748,3,8
168737,168745,168748,3,8
168737,168744,168748,4,7
168737,168745,168748,3,8
168737,168746,168749,3,9
168737,168746,168749,3,9
168737,168746,168749,3,9
168737,168746,168749,3,9
168737,168745,168749,4,8
168737,168746,168749,3,9
168737,168747,168749,2,10
168737,168747,168750,3,10
168737,168747,168749,2,10
168737,168747,168749,2,10
168737,168747,168749,2,10
168737,168746,168750,4,9
168737,168746,168749,3,9
168737,168746,168749,3,9
168737,168746,168750,4,9
168737,168737,168740,3,0
168737,168737,168741,4,0
168737,168737,168740,3,0
168737,168737,168741,4,0
168737,168757,168760,3,20
167935,167941,168764,823,6
168784,168784,168786,2,0
168784,168784,168786,2,0
168784,168784,168786,2,0
168784,168784,168786,2,0
168784,168784,168786,2,0
168784,168784,168786,2,0
168784,168784,168786,2,0
168784,168784,168787,3,0
168784,168784,168787,3,0
168784,168784,168786,2,0
168784,168785,168787,2,1
168784,168785,168786,1,1
168784,168784,168787,3,0
168784,168784,168787,3,0
168784,168784,168787,3,0
168784,168784,168787,3,0
168784,168784,168787,3,0
168784,168784,168787,3,0
168784,168784,168787,3,0
168784,168784,168787,3,0
168784,168784,168788,4,0
168784,168784,168788,4,0
168784,168784,168788,4,0
168784,168784,168787,3,0
168784,168785,168788,3,1
168784,168785,168788,3,1
168784,168785,168788,3,1
168784,168784,168788,4,0
168784,168784,168788,4,0
168784,168784,168788,4,0
168784,168784,168788,4,0
168784,168784,168788,4,0
168784,168784,168787,3,0
168784,168784,168788,4,0
168784,168784,168788,4,0
168784,168784,168788,4,0
168784,168784,168788,4,0
168784,168784,168788,4,0
168784,168784,168789,5,0
168784,168784,168789,5,0
168784,168784,168789,5,0
168784,168786,168789,3,2
168784,168787,168790,3,3
168784,168786,168790,4,2
168784,168787,168790,3,3
168784,168788,168790,2,4
168784,168787,168790,3,3
168784,168786,168790,4,2
168784,168786,168790,4,2
168784,168787,168790,3,3
168784,168786,168790,4,2
168784,168787,168790,3,3
168784,168788,168791,3,4
168784,168787,168791,4,3
168784,168787,168791,4,3
168784,168787,168791,4,3
168784,168788,168791,3,4
168784,168788,168790,2,4
168784,168787,168791,4,3
168784,168788,168791,3,4
168784,168787,168791,4,3
168784,168787,168791,4,3
168784,168787,168791,4,3
168784,168788,168791,3,4
168784,168787,168791,4,3
168784,168787,168791,4,3
168784,168788,168791,3,4
168784,168788,168791,3,4
168784,168788,168791,3,4
168784,168789,168791,2,5
168784,168788,168792,4,4
168784,168788,168792,4,4
168784,168788,168793,5,4
168784,168789,168792,3,5
168784,168788,168792,4,4
168784,168788,168792,4,4
168784,168788,168792,4,4
168784,168789,168792,3,5
168784,168788,168792,4,4
168784,168790,168793,3,6
168784,168790,168793,3,6
168784,168791,168793,2,7
168784,168790,168793,3,6
168784,168790,168793,3,6
168784,168790,168793,3,6
168784,168792,168794,2,8
168784,168792,168794,2,8
168784,168791,168793,2,7
168784,168790,168793,3,6
168784,168791,168794,3,7
168784,168790,168793,3,6
168784,168790,168793,3,6
168784,168791,168794,3,7
168784,168791,168794,3,7
168784,168790,168794,4,6
168784,168792,168794,2,8
168784,168793,168795,2,9
168784,168792,168794,2,8
168784,168792,168794,2,8
168784,168791,168794,3,7
168784,168792,168794,2,8
168784,168792,168794,2,8
168784,168792,168794,2,8
168784,168793,168795,2,9
168784,168791,168794,3,7
168784,168792,168794,2,8
168784,168793,168795,2,9
168784,168793,168795,2,9
168784,168793,168795,2,9
168784,168793,168794,1,9
168784,168792,168794,2,8
168784,168792,168795,3,8
168784,168792,168794,2,8
168784,168793,168795,2,9
168784,168792,168795,3,8
168784,168793,168795,2,9
168784,168793,168795,2,9
168784,168792,168795,3,8
168784,168792,168795,3,8
168784,168792,168796,4,8
167871,167884,168803,919,13
167888,167895,168805,910,7
168826,168826,168829,3,0
168826,168826,168829,3,0
168826,168826,168829,3,0
168826,168826,168829,3,0
168826,168826,168829,3,0
168826,168826,168829,3,0
168826,168826,168828,2,0
168826,168826,168829,3,0
168826,168826,168828,2,0
168826,168826,168828,2,0
168826,168826,168828,2,0
168826,168826,168829,3,0
168826,168826,168829,3,0
168826,168827,168829,2,1
168826,168826,168829,3,0
168826,168826,168830,4,0
168826,168826,168829,3,0
168826,168826,168830,4,0
168826,168826,168830,4,0
168826,168826,168829,3,0
168826,168826,168830,4,0
168826,168826,168829,3,0
168826,168826,168830,4,0
168826,168826,168830,4,0
168826,168827,168830,3,1
168826,168827,168830,3,1
168826,168827,168830,3,1
168826,168827,168830,3,1
168826,168826,168830,4,0
168826,168826,168829,3,0
168826,168826,168830,4,0
168826,168826,168830,4,0
168826,168826,168830,4,0
168826,168826,168830,4,0
168826,168826,168830,4,0
168826,168826,168831,5,0
168826,168826,168830,4,0
168826,168826,168830,4,0
168826,168826,168830,4,0
168826,168826,168831,5,0
168826,168829,168832,3,3
168826,168829,168832,3,3
168826,168829,168832,3,3
168826,168829,168833,4,3
168826,168829,168832,3,3
168826,168829,168833,4,3
168826,168830,168833,3,4
168826,168830,168833,3,4
168826,168829,168833,4,3
168826,168829,168833,4,3
168826,168830,168833,3,4
168826,168829,168832,3,3
168826,168829,168833,4,3
168826,168830,168833,3,4
168826,168829,168833,4,3
168826,168830,168833,3,4
168826,168830,168833,3,4
168826,168830,168833,3,4
168826,168830,168833,3,4
168826,168829,168833,4,3
168826,168830,168833,3,4
168826,168831,168834,3,5
168826,168830,168834,4,4
168826,168830,168834,4,4
168826,168830,168834,4,4
168826,168830,168834,4,4
168826,168829,168833,4,3
168826,168830,168834,4,4
168826,168831,168834,3,5
168826,168830,168834,4,4
168826,168830,168835,5,4
168826,168831,168835,4,5
168826,168831,168835,4,5
168826,168832,168835,3,6
168826,168834,168836,2,8
168826,168831,168835,4,5
168826,168831,168835,4,5
168826,168833,168835,2,7
168826,168833,168836,3,7
168826,168833,168837,4,7
168826,168833,168836,3,7
168826,168833,168837,4,7
168826,168834,168837,3,8
168826,168834,168837,3,8
168826,168834,168836,2,8
168826,168834,168836,2,8
168826,168834,168837,3,8
168826,168833,168837,4,7
168826,168834,168837,3,8
168826,168834,168837,3,8
168826,168834,168837,3,8
168826,168833,168837,4,7
168826,168834,168837,3,8
168826,168835,168837,2,9
168826,168835,168837,2,9
168826,168835,168837,2,9
168826,168833,168837,4,7
168826,168835,168838,3,9
168826,168833,168837,4,7
168826,168835,168837,2,9
168826,168835,168837,2,9
168826,168836,168838,2,10
168826,168834,168837,3,8
168826,168833,168838,5,7
168826,168835,168838,3,9
168826,168836,168838,2,10
168826,168833,168838,5,7
168826,168836,168838,2,10
168826,168836,168838,2,10
168826,168836,168838,2,10
168826,168836,168839,3,10
168826,168836,168838,2,10
168826,168836,168838,2,10
168830,168837,168839,2,7
168830,168838,168840,2,8
168830,168837,168840,3,7
168830,168838,168839,1,8
168830,168838,168840,2,8
168830,168838,168839,1,8
168830,168837,168840,3,7
168830,168838,168839,1,8
168830,168838,168839,1,8
168830,168837,168840,3,7
168830,168839,168840,1,9
168830,168838,168840,2,8
168830,168838,168840,2,8
168830,168839,168841,2,9
168830,168837,168840,3,7
168830,168837,168840,3,7
168830,168837,168840,3,7
168830,168838,168840,2,8
168830,168839,168840,1,9
168830,168837,168840,3,7
168830,168839,168841,2,9
168830,168837,168840,3,7
168830,168837,168840,3,7
168830,168837,168840,3,7
168830,168837,168841,4,7
168830,168840,168841,1,10
168830,168837,168841,4,7
168830,168837,168841,4,7
168830,168839,168841,2,9
168830,168839,168841,2,9
168830,168839,168841,2,9
168830,168839,168842,3,9
168830,168840,168842,2,10
168830,168839,168842,3,9
168830,168840,168843,3,10
168830,168839,168843,4,9
168830,168839,168843,4,9
168830,168840,168843,3,10
168830,168840,168843,3,10
168830,168840,168843,3,10
168830,168840,168844,4,10
168830,168840,168843,3,10
168830,168842,168844,2,12
168830,168840,168844,4,10
168830,168840,168844,4,10
168830,168841,168844,3,11
168830,168842,168844,2,12
168830,168841,168845,4,11
168830,168841,168844,3,11
168830,168841,168845,4,11
168830,168841,168844,3,11
168830,168841,168845,4,11
168830,168841,168844,3,11
168830,168841,168844,3,11
168830,168841,168844,3,11
168830,168843,168845,2,13
168830,168841,168845,4,11
168830,168841,168845,4,11
168830,168841,168845,4,11
168830,168841,168845,4,11
168830,168841,168845,4,11
168830,168842,168845,3,12
168830,168842,168845,3,12
168830,168842,168845,3,12
168830,168842,168845,3,12
168830,168842,168845,3,12
168830,168843,168846,3,13
168830,168843,168846,3,13
168830,168843,168846,3,13
168830,168843,168846,3,13
168830,168843,168846,3,13
168830,168845,168847,2,15
168830,168844,168847,3,14
168830,168844,168847,3,14
168826,168827,168831,4,1
168826,168827,168830,3,1
168826,168829,168832,3,3
168830,168843,168847,4,13
168830,168844,168846,2,14
168830,168844,168847,3,14
168830,168843,168846,3,13
168830,168845,168848,3,15
168830,168845,168847,2,15
168830,168845,168848,3,15
168830,168845,168848,3,15
168830,168845,168848,3,15
168830,168844,168848,4,14
168830,168844,168848,4,14
168830,168845,168848,3,15
168830,168845,168848,3,15
168830,168845,168848,3,15
168830,168845,168848,3,15
168830,168845,168848,3,15
168830,168845,168848,3,15
168830,168845,168849,4,15
168830,168845,168848,3,15
168830,168845,168849,4,15
168830,168845,168848,3,15
168830,168845,168848,3,15
168830,168845,168849,4,15
168830,168846,168849,3,16
168830,168846,168849,3,16
168830,168846,168849,3,16
168830,168846,168850,4,16
168830,168847,168850,3,17
168830,168847,168850,3,17
168826,168847,168849,2,21
168826,168847,168850,3,21
168826,168847,168850,3,21
168830,168847,168850,3,17
168830,168847,168850,3,17
168830,168846,168850,4,16
168830,168847,168850,3,17
168830,168848,168850,2,18
168830,168846,168850,4,16
168830,168847,168850,3,17
168830,168847,168850,3,17
168830,168848,168850,2,18
168830,168847,168850,3,17
168830,168847,168850,3,17
168830,168848,168851,3,18
168830,168848,168851,3,18
168830,168848,168851,3,18
168826,168847,168851,4,21
168830,168847,168851,4,17
168830,168847,168850,3,17
168830,168847,168851,4,17
167979,167985,168853,868,6
168872,168872,168874,2,0
168872,168872,168874,2,0
168872,168872,168874,2,0
168872,168872,168874,2,0
168872,168872,168874,2,0
168872,168872,168875,3,0
168872,168872,168875,3,0
168872,168872,168875,3,0
168872,168872,168875,3,0
168872,168872,168874,2,0
168872,168872,168875,3,0
168872,168872,168875,3,0
168872,168872,168874,2,0
168872,168872,168874,2,0
168872,168872,168875,3,0
168872,168872,168874,2,0
168872,168872,168875,3,0
168872,168872,168875,3,0
168872,168872,168875,3,0
168872,168872,168876,4,0
168872,168872,168875,3,0
168872,168872,168876,4,0
168872,168872,168875,3,0
168872,168872,168876,4,0
168872,168872,168876,4,0
168872,168872,168875,3,0
168872,168872,168876,4,0
168872,168872,168875,3,0
168872,168872,168876,4,0
168872,168872,168876,4,0
168872,168872,168876,4,0
168872,168872,168876,4,0
168872,168873,168876,3,1
168872,168872,168877,5,0
168872,168872,168876,4,0
168872,168872,168877,5,0
168872,168872,168876,4,0
168872,168872,168876,4,0
168872,168872,168877,5,0
168872,168872,168877,5,0
168872,168874,168877,3,2
168872,168875,168878,3,3
168872,168875,168878,3,3
168872,168875,168878,3,3
168872,168874,168878,4,2
168872,168875,168879,4,3
168872,168875,168878,3,3
168872,168875,168878,3,3
168872,168875,168879,4,3
168872,168875,168879,4,3
168872,168875,168878,3,3
168872,168875,168878,3,3
168872,168876,168879,3,4
168872,168875,168879,4,3
168872,168875,168878,3,3
168872,168875,168878,3,3
168872,168877,168880,3,5
168872,168876,168880,4,4
168872,168876,168880,4,4
168872,168876,168880,4,4
168872,168877,168879,2,5
168872,168877,168880,3,5
168872,168876,168880,4,4
168872,168876,168880,4,4
168872,168875,168880,5,3
168872,168876,168880,4,4
168872,168876,168880,4,4
168872,168876,168879,3,4
168872,168876,168880,4,4
168872,168877,168880,3,5
168872,168877,168880,3,5
168872,168876,168880,4,4
168872,168876,168880,4,4
168872,168877,168879,2,5
168872,168878,168881,3,6
168872,168878,168881,3,6
168872,168876,168880,4,4
168872,168876,168881,5,4
168872,168876,168881,5,4
168872,168879,168881,2,7
168872,168879,168881,2,7
168872,168876,168880,4,4
168872,168877,168880,3,5
168872,168877,168881,4,5
168872,168879,168881,2,7
168872,168879,168882,3,7
168872,168879,168882,3,7
168872,168878,168882,4,6
168872,168879,168882,3,7
168872,168879,168882,3,7
168872,168879,168882,3,7
168872,168878,168882,4,6
168872,168879,168882,3,7
168872,168880,168883,3,8
168872,168880,168882,2,8
168872,168880,168883,3,8
168872,168880,168882,2,8
168872,168879,168883,4,7
168872,168879,168883,4,7
168872,168881,168883,2,9
168872,168880,168883,3,8
168872,168880,168883,3,8
168872,168880,168883,3,8
168872,168880,168883,3,8
168872,168880,168883,3,8
168872,168880,168883,3,8
168872,168880,168883,3,8
168872,168880,168883,3,8
168872,168880,168883,3,8
168872,168880,168883,3,8
168872,168880,168883,3,8
168872,168880,168883,3,8
168872,168880,168883,3,8
168872,168881,168883,2,9
168872,168881,168883,2,9
168872,168880,168884,4,8
168872,168881,168884,3,9
168872,168881,168884,3,9
168872,168873,168876,3,1
168872,168896,168898,2,24
167944,167944,168901,957,0
168046,168053,168908,855,7
168012,168012,168910,898,0
168018,168018,168918,900,0
168919,168919,168920,1,0
168919,168919,168920,1,0
168919,168919,168921,2,0
168919,168919,168921,2,0
168919,168919,168921,2,0
168919,168919,168921,2,0
168919,168919,168922,3,0
168919,168919,168921,2,0
168919,168919,168921,2,0
168919,168919,168921,2,0
168919,168919,168921,2,0
168919,168919,168922,3,0
168919,168919,168921,2,0
168919,168919,168922,3,0
168919,168919,168922,3,0
168919,168919,168922,3,0
168919,168919,168922,3,0
168919,168919,168922,3,0
168919,168919,168923,4,0
168919,168919,168922,3,0
168919,168919,168922,3,0
168919,168919,168922,3,0
168919,168919,168922,3,0
168919,168919,168923,4,0
168919,168919,168922,3,0
168919,168919,168922,3,0
168919,168919,168922,3,0
168919,168919,168922,3,0
168919,168919,168922,3,0
168919,168919,168922,3,0
168919,168921,168924,3,2
168919,168919,168923,4,0
168919,168919,168923,4,0
168919,168919,168924,5,0
168919,168919,168923,4,0
168919,168919,168924,5,0
168919,168919,168924,5,0
168919,168921,168923,2,2
168919,168919,168923,4,0
168919,168921,168924,3,2
168919,168919,168923,4,0
168919,168919,168923,4,0
168919,168919,168924,5,0
168919,168919,168924,5,0
168919,168921,168925,4,2
168919,168922,168924,2,3
168919,168922,168925,3,3
168919,168922,168925,3,3
168919,168922,168925,3,3
168919,168921,168925,4,2
168919,168922,168925,3,3
168919,168923,168925,2,4
168919,168923,168925,2,4
168919,168923,168926,3,4
168091,168097,168926,829,6
168919,168921,168925,4,2
168919,168923,168926,3,4
168919,168922,168926,4,3
168919,168923,168926,3,4
168919,168923,168926,3,4
168919,168924,168926,2,5
168919,168923,168926,3,4
168919,168923,168926,3,4
168919,168923,168926,3,4
168919,168923,168926,3,4
168919,168924,168926,2,5
168919,168924,168927,3,5
168919,168923,168926,3,4
168919,168923,168927,4,4
168919,168924,168926,2,5
168919,168923,168926,3,4
168919,168923,168927,4,4
168919,168923,168927,4,4
168919,168923,168927,4,4
168919,168924,168927,3,5
168919,168924,168927,3,5
168919,168924,168927,3,5
168919,168924,168927,3,5
168919,168923,168926,3,4
168919,168924,168927,3,5
168919,168924,168927,3,5
168919,168924,168926,2,5
168919,168924,168927,3,5
168919,168925,168927,2,6
167953,167960,168927,967,7
168919,168925,168927,2,6
168919,168926,168928,2,7
168919,168925,168928,3,6
168919,168924,168928,4,5
168919,168925,168927,2,6
168919,168924,168927,3,5
168919,168925,168928,3,6
168919,168925,168927,2,6
168919,168926,168928,2,7
168919,168926,168929,3,7
168919,168927,168929,2,8
168919,168926,168929,3,7
168919,168926,168929,3,7
168919,168926,168929,3,7
168919,168926,168928,2,7
168919,168925,168929,4,6
168919,168926,168929,3,7
168919,168926,168929,3,7
168919,168927,168929,2,8
168919,168927,168929,2,8
168919,168927,168929,2,8
168919,168926,168929,3,7
168919,168926,168929,3,7
168919,168926,168929,3,7
168919,168927,168930,3,8
168919,168927,168930,3,8
168919,168927,168930,3,8
168919,168927,168930,3,8
168919,168926,168930,4,7
168919,168927,168930,3,8
168919,168927,168930,3,8
168919,168927,168930,3,8
168919,168927,168930,3,8
168919,168927,168931,4,8
168919,168929,168931,2,10
168919,168929,168931,2,10
168919,168929,168931,2,10
168919,168927,168931,4,8
168919,168927,168931,4,8
168919,168929,168931,2,10
168919,168929,168931,2,10
168919,168927,168932,5,8
168919,168927,168931,4,8
168919,168927,168931,4,8
168919,168928,168932,4,9
168919,168928,168932,4,9
168919,168928,168932,4,9
168919,168929,168932,3,10
168919,168928,168932,4,9
168919,168928,168932,4,9
168919,168927,168932,5,8
168919,168928,168932,4,9
168919,168928,168932,4,9
168919,168929,168932,3,10
168919,168927,168932,5,8
168919,168928,168932,4,9
168919,168929,168933,4,10
168919,168931,168934,3,12
168919,168931,168933,2,12
168919,168931,168933,2,12
168919,168928,168933,5,9
168919,168930,168933,3,11
168919,168929,168933,4,10
168919,168930,168933,3,11
168919,168930,168934,4,11
168919,168931,168934,3,12
168919,168929,168934,5,10
168919,168930,168934,4,11
168919,168930,168934,4,11
168919,168930,168935,5,11
168919,168932,168934,2,13
168919,168929,168934,5,10
168919,168930,168934,4,11
168919,168930,168934,4,11
168919,168930,168934,4,11
168919,168932,168935,3,13
168919,168932,168935,3,13
168919,168932,168935,3,13
168919,168932,168936,4,13
168919,168930,168935,5,11
168919,168932,168936,4,13
168919,168932,168936,4,13
168919,168932,168937,5,13
168919,168932,168936,4,13
168919,168933,168936,3,14
168919,168933,168937,4,14
168919,168933,168936,3,14
168919,168932,168936,4,13
168919,168932,168936,4,13
168919,168932,168936,4,13
168919,168933,168937,4,14
168919,168933,168936,3,14
168919,168933,168936,3,14
168919,168932,168936,4,13
168919,168932,168936,4,13
168919,168932,168937,5,13
168919,168934,168937,3,15
168919,168935,168938,3,16
168919,168935,168937,2,16
168919,168933,168938,5,14
168919,168934,168938,4,15
168919,168934,168938,4,15
168919,168935,168938,3,16
168919,168933,168938,5,14
168919,168934,168939,5,15
168919,168935,168938,3,16
168919,168935,168939,4,16
168919,168935,168939,4,16
168919,168934,168939,5,15
168919,168934,168939,5,15
168919,168934,168938,4,15
168919,168935,168938,3,16
168919,168935,168938,3,16
168919,168934,168938,4,15
168919,168934,168939,5,15
168919,168934,168939,5,15
168919,168934,168939,5,15
168919,168935,168939,4,16
168919,168937,168940,3,18
168919,168936,168940,4,17
168919,168936,168939,3,17
168919,168936,168939,3,17
168919,168936,168940,4,17
168919,168937,168940,3,18
168919,168937,168941,4,18
168919,168919,168923,4,0
168919,168919,168923,4,0
168919,168919,168923,4,0
168919,168937,168941,4,18
168919,168937,168941,4,18
168919,168936,168940,4,17
168919,168937,168940,3,18
168919,168937,168941,4,18
168919,168937,168941,4,18
168919,168937,168941,4,18
168919,168937,168942,5,18
168919,168937,168941,4,18
168919,168937,168941,4,18
168919,168937,168941,4,18
168919,168938,168942,4,19
168919,168939,168942,3,20
168919,168939,168942,3,20
168919,168939,168942,3,20
168919,168937,168941,4,18
168919,168937,168941,4,18
168919,168938,168942,4,19
168919,168938,168942,4,19
168919,168939,168942,3,20
168919,168939,168942,3,20
168919,168938,168942,4,19
168919,168938,168942,4,19
168919,168939,168942,3,20
168919,168939,168942,3,20
168919,168939,168942,3,20
168919,168939,168942,3,20
168919,168939,168943,4,20
168919,168939,168943,4,20
168919,168938,168942,4,19
168919,168942,168943,1,23
168919,168942,168943,1,23
168919,168942,168944,2,23
168919,168942,168944,2,23
168919,168941,168944,3,22
168919,168942,168944,2,23
168919,168942,168944,2,23
168919,168942,168944,2,23
168919,168942,168944,2,23
168919,168939,168944,5,20
168919,168939,168944,5,20
168919,168940,168944,4,21
168919,168941,168943,2,22
168919,168942,168944,2,23
168919,168940,168945,5,21
168919,168943,168945,2,24
168919,168943,168945,2,24
168919,168941,168945,4,22
168919,168940,168945,5,21
168919,168940,168945,5,21
168919,168941,168945,4,22
168919,168941,168945,4,22
168919,168942,168944,2,23
168919,168939,168945,6,20
167998,167998,168945,947,0
168919,168942,168945,3,23
168919,168944,168946,2,25
168919,168940,168945,5,21
168919,168941,168946,5,22
168919,168943,168945,2,24
168919,168941,168945,4,22
168919,168941,168946,5,22
168919,168941,168946,5,22
168919,168940,168945,5,21
168919,168942,168946,4,23
168919,168941,168946,5,22
168919,168942,168946,4,23
168919,168944,168946,2,25
168919,168942,168946,4,23
168919,168942,168946,4,23
168919,168942,168945,3,23
168919,168942,168946,4,23
168919,168944,168947,3,25
168919,168940,168946,6,21
168919,168943,168946,3,24
168919,168941,168946,5,22
168919,168944,168946,2,25
168919,168944,168946,2,25
168919,168944,168947,3,25
168919,168942,168947,5,23
168919,168944,168947,3,25
168919,168945,168948,3,26
168919,168945,168947,2,26
168919,168945,168947,2,26
168919,168944,168947,3,25
168919,168945,168948,3,26
168919,168945,168948,3,26
168919,168944,168948,4,25
168919,168943,168948,5,24
168919,168945,168949,4,26
168919,168945,168948,3,26
168919,168946,168949,3,27
168919,168946,168949,3,27
168919,168946,168949,3,27
168919,168946,168949,3,27
168919,168943,168949,6,24
168919,168943,168950,7,24
168919,168945,168949,4,26
168919,168946,168949,3,27
168919,168945,168949,4,26
168919,168946,168950,4,27
168919,168946,168950,4,27
168919,168946,168950,4,27
168919,168945,168950,5,26
168919,168946,168950,4,27
168919,168945,168950,5,26
168919,168946,168950,4,27
168001,168001,168950,949,0
168919,168946,168951,5,27
168919,168945,168950,5,26
168919,168945,168950,5,26
168919,168947,168950,3,28
168919,168945,168950,5,26
168919,168947,168950,3,28
168919,168947,168950,3,28
168919,168946,168950,4,27
168919,168948,168951,3,29
168919,168947,168951,4,28
168919,168946,168950,4,27
168919,168946,168950,4,27
168919,168947,168951,4,28
168919,168947,168951,4,28
168919,168947,168951,4,28
168919,168948,168951,3,29
168919,168947,168951,4,28
168919,168948,168951,3,29
168919,168948,168951,3,29
168919,168947,168951,4,28
168919,168947,168951,4,28
168919,168948,168951,3,29
168919,168948,168951,3,29
168919,168948,168952,4,29
168919,168948,168951,3,29
168919,168946,168952,6,27
168919,168949,168952,3,30
168919,168950,168953,3,31
168919,168950,168952,2,31
168919,168949,168952,3,30
168919,168949,168953,4,30
168919,168949,168953,4,30
168919,168949,168953,4,30
168919,168950,168953,3,31
168920,168950,168953,3,30
168919,168949,168953,4,30
168919,168950,168953,3,31
168919,168950,168953,3,31
168919,168950,168954,4,31
168920,168951,168954,3,31
168920,168951,168954,3,31
168919,168950,168953,3,31
168920,168951,168954,3,31
168919,168950,168954,4,31
168095,168108,168954,846,13
168919,168950,168953,3,31
168919,168950,168954,4,31
168920,168951,168954,3,31
168920,168951,168954,3,31
168920,168950,168954,4,30
168920,168951,168954,3,31
168920,168951,168954,3,31
168920,168951,168954,3,31
168003,168003,168955,952,0
168920,168951,168954,3,31
168920,168951,168954,3,31
168920,168951,168954,3,31
168920,168951,168954,3,31
168920,168952,168955,3,32
168920,168951,168954,3,31
168920,168952,168955,3,32
168920,168952,168954,2,32
168920,168951,168954,3,31
168920,168951,168954,3,31
168920,168952,168955,3,32
168920,168951,168955,4,31
168920,168951,168955,4,31
168919,168950,168954,4,31
168920,168951,168955,4,31
168030,168030,168955,925,0
168920,168953,168955,2,33
168920,168953,168956,3,33
168920,168953,168955,2,33
168920,168952,168956,4,32
168920,168953,168955,2,33
168920,168954,168956,2,34
168920,168954,168956,2,34
168920,168952,168956,4,32
168920,168952,168956,4,32
168920,168953,168956,3,33
168920,168952,168956,4,32
168920,168953,168956,3,33
168920,168952,168956,4,32
168920,168953,168956,3,33
168920,168954,168956,2,34
168920,168954,168957,3,34
168920,168954,168957,3,34
168920,168955,168957,2,35
168920,168952,168957,5,32
168920,168952,168956,4,32
168920,168953,168957,4,33
168920,168953,168957,4,33
168920,168954,168956,2,34
168920,168954,168957,3,34
168920,168954,168957,3,34
168920,168954,168957,3,34
168920,168954,168957,3,34
168920,168954,168957,3,34
168920,168955,168958,3,35
168920,168955,168957,2,35
168920,168954,168958,4,34
168920,168955,168958,3,35
168920,168954,168957,3,34
168920,168955,168958,3,35
168920,168955,168958,3,35
168920,168955,168958,3,35
168920,168955,168958,3,35
168920,168954,168958,4,34
168920,168955,168958,3,35
168920,168955,168958,3,35
168920,168955,168958,3,35
168920,168955,168958,3,35
168920,168955,168959,4,35
168920,168955,168959,4,35
168920,168956,168958,2,36
168920,168956,168959,3,36
168920,168956,168959,3,36
168920,168955,168958,3,35
168920,168956,168959,3,36
168920,168956,168958,2,36
168920,168956,168959,3,36
168920,168955,168959,4,35
168920,168956,168958,2,36
168920,168955,168959,4,35
168920,168956,168959,3,36
168920,168955,168959,4,35
168920,168956,168959,3,36
168920,168957,168959,2,37
168920,168958,168960,2,38
168920,168955,168960,5,35
168920,168956,168960,4,36
168920,168957,168960,3,37
168920,168955,168960,5,35
168920,168956,168960,4,36
168920,168957,168960,3,37
168920,168957,168960,3,37
168920,168956,168960,4,36
168920,168956,168960,4,36
168920,168957,168960,3,37
168920,168957,168960,3,37
168920,168957,168960,3,37
168920,168958,168960,2,38
168920,168958,168960,2,38
168920,168958,168960,2,38
168920,168957,168960,3,37
168920,168958,168960,2,38
168920,168958,168960,2,38
168920,168958,168960,2,38
168920,168958,168960,2,38
168920,168958,168961,3,38
168920,168957,168961,4,37
168920,168957,168961,4,37
168920,168957,168961,4,37
168920,168958,168961,3,38
168920,168958,168961,3,38
168920,168959,168961,2,39
168920,168959,168961,2,39
168920,168958,168961,3,38
168920,168959,168961,2,39
168920,168959,168961,2,39
168920,168959,168961,2,39
168920,168959,168961,2,39
168920,168959,168961,2,39
168920,168959,168962,3,39
168920,168958,168961,3,38
168920,168958,168962,4,38
168927,168959,168962,3,32
168927,168959,168962,3,32
168927,168961,168962,1,34
168927,168959,168962,3,32
168927,168959,168962,3,32
168927,168959,168963,4,32
168927,168960,168962,2,33
168927,168961,168962,1,34
168927,168959,168963,4,32
168927,168959,168963,4,32
168927,168961,168963,2,34
168927,168960,168963,3,33
168927,168962,168963,1,35
168927,168962,168964,2,35
168927,168962,168964,2,35
168927,168959,168963,4,32
168927,168961,168963,2,34
168927,168961,168964,3,34
168927,168961,168963,2,34
168927,168961,168963,2,34
168927,168960,168963,3,33
168927,168961,168964,3,34
168927,168960,168963,3,33
168927,168961,168963,2,34
168927,168961,168963,2,34
168927,168961,168963,2,34
168927,168960,168963,3,33
168927,168961,168964,3,34
168927,168962,168964,2,35
168927,168960,168964,4,33
168927,168960,168964,4,33
168927,168961,168963,2,34
168927,168962,168964,2,35
168927,168961,168964,3,34
168927,168961,168964,3,34
168927,168962,168964,2,35
168927,168963,168964,1,36
168927,168963,168965,2,36
168927,168961,168964,3,34
168927,168961,168965,4,34
168927,168961,168965,4,34
168927,168962,168965,3,35
168927,168962,168964,2,35
168927,168962,168964,2,35
168927,168962,168965,3,35
168927,168962,168965,3,35
168927,168963,168966,3,36
168927,168963,168966,3,36
168927,168963,168966,3,36
168927,168962,168965,3,35
168927,168962,168965,3,35
168927,168962,168965,3,35
168927,168963,168966,3,36
168927,168963,168966,3,36
168927,168963,168967,4,36
168927,168963,168966,3,36
168927,168964,168967,3,37
168927,168964,168967,3,37
168927,168962,168967,5,35
168927,168964,168967,3,37
168927,168964,168966,2,37
168927,168964,168966,2,37
168927,168964,168967,3,37
168927,168964,168967,3,37
168927,168964,168967,3,37
168927,168964,168967,3,37
168927,168964,168967,3,37
168927,168964,168967,3,37
168927,168964,168967,3,37
168927,168964,168967,3,37
168927,168965,168968,3,38
168927,168965,168967,2,38
168927,168965,168968,3,38
168927,168964,168967,3,37
168927,168964,168968,4,37
168927,168964,168968,4,37
168927,168964,168967,3,37
168927,168965,168967,2,38
168927,168965,168968,3,38
168927,168964,168967,3,37
168927,168964,168967,3,37
168927,168964,168968,4,37
168927,168964,168968,4,37
168927,168965,168967,2,38
168927,168964,168968,4,37
168927,168964,168967,3,37
168927,168965,168968,3,38
168927,168965,168968,3,38
168927,168965,168968,3,38
168927,168964,168968,4,37
168927,168966,168969,3,39
168927,168966,168969,3,39
168927,168966,168969,3,39
168927,168966,168969,3,39
168927,168964,168968,4,37
168927,168966,168969,3,39
168927,168966,168968,2,39
168927,168966,168968,2,39
168927,168965,168968,3,38
168927,168965,168968,3,38
168927,168965,168968,3,38
168927,168966,168969,3,39
168927,168967,168970,3,40
168927,168968,168970,2,41
168927,168967,168970,3,40
168927,168967,168970,3,40
168927,168967,168970,3,40
168927,168967,168969,2,40
168927,168967,168970,3,40
168930,168968,168970,2,38
168927,168967,168970,3,40
168927,168967,168970,3,40
168927,168967,168970,3,40
168927,168967,168970,3,40
168927,168968,168970,2,41
168927,168968,168971,3,41
168927,168968,168970,2,41
168930,168969,168971,2,39
168930,168969,168970,1,39
168930,168969,168970,1,39
168930,168968,168971,3,38
168930,168968,168971,3,38
168930,168969,168971,2,39
168930,168968,168971,3,38
168930,168968,168971,3,38
168930,168969,168971,2,39
168930,168969,168971,2,39
168927,168967,168971,4,40
168930,168969,168971,2,39
168927,168967,168970,3,40
168930,168969,168971,2,39
168930,168969,168970,1,39
168927,168967,168970,3,40
168927,168967,168971,4,40
168930,168968,168972,4,38
168930,168968,168971,3,38
168930,168968,168971,3,38
168930,168968,168972,4,38
168930,168968,168972,4,38
168930,168968,168972,4,38
168930,168968,168971,3,38
168930,168968,168972,4,38
168930,168968,168972,4,38
168930,168968,168971,3,38
168930,168968,168971,3,38
168930,168969,168972,3,39
168930,168968,168971,3,38
168930,168969,168972,3,39
168930,168970,168972,2,40
168930,168968,168972,4,38
168930,168970,168972,2,40
168930,168969,168972,3,39
168930,168970,168973,3,40
168930,168970,168973,3,40
168930,168971,168973,2,41
168930,168970,168973,3,40
168930,168970,168974,4,40
168930,168971,168974,3,41
168930,168970,168974,4,40
168930,168971,168974,3,41
168930,168971,168973,2,41
168930,168971,168974,3,41
168930,168971,168974,3,41
168930,168971,168974,3,41
168930,168970,168974,4,40
168930,168971,168974,3,41
168930,168971,168974,3,41
168930,168971,168974,3,41
168930,168971,168975,4,41
168930,168971,168974,3,41
168930,168971,168975,4,41
168930,168971,168975,4,41
168930,168971,168975,4,41
168930,168971,168975,4,41
168930,168972,168975,3,42
168930,168972,168975,3,42
168930,168972,168975,3,42
168930,168972,168975,3,42
168930,168972,168975,3,42
168930,168972,168975,3,42
168930,168971,168975,4,41
168930,168971,168975,4,41
168930,168973,168975,2,43
168930,168973,168975,2,43
168930,168971,168975,4,41
168930,168971,168975,4,41
168930,168973,168975,2,43
168930,168973,168975,2,43
168930,168971,168975,4,41
168930,168972,168976,4,42
168930,168972,168976,4,42
168930,168972,168976,4,42
168930,168971,168976,5,41
168930,168972,168976,4,42
168930,168972,168976,4,42
168930,168972,168976,4,42
168930,168972,168976,4,42
168930,168973,168976,3,43
168930,168975,168976,1,45
168930,168974,168977,3,44
168930,168974,168976,2,44
168930,168975,168976,1,45
168930,168974,168976,2,44
168930,168974,168977,3,44
168930,168974,168977,3,44
168930,168975,168977,2,45
168930,168972,168977,5,42
168930,168972,168977,5,42
168930,168974,168977,3,44
168930,168974,168977,3,44
168930,168975,168977,2,45
168930,168975,168977,2,45
168930,168975,168978,3,45
168930,168975,168978,3,45
168930,168975,168978,3,45
168930,168975,168978,3,45
168930,168976,168978,2,46
168930,168974,168978,4,44
168930,168974,168978,4,44
168930,168977,168978,1,47
168930,168975,168978,3,45
168930,168974,168978,4,44
168930,168976,168978,2,46
168930,168976,168978,2,46
168930,168976,168978,2,46
168930,168976,168978,2,46
168930,168975,168979,4,45
168930,168976,168979,3,46
168930,168976,168979,3,46
168930,168977,168979,2,47
168930,168975,168979,4,45
168930,168976,168979,3,46
168930,168976,168979,3,46
168930,168976,168979,3,46
168930,168976,168979,3,46
168930,168976,168979,3,46
168930,168976,168979,3,46
168930,168976,168979,3,46
168930,168976,168979,3,46
168930,168976,168979,3,46
169014,169015,169017,2,1
169014,169014,169017,3,0
169014,169014,169017,3,0
169014,169015,169017,2,1
169014,169014,169017,3,0
169014,169014,169017,3,0
169014,169014,169018,4,0
169014,169014,169017,3,0
169014,169015,169017,2,1
169014,169015,169017,2,1
169014,169015,169017,2,1
169014,169014,169018,4,0
169014,169015,169017,2,1
169014,169015,169018,3,1
169014,169014,169018,4,0
169014,169014,169018,4,0
169014,169014,169018,4,0
169014,169014,169018,4,0
169014,169014,169018,4,0
169014,169015,169018,3,1
169014,169015,169018,3,1
169014,169014,169018,4,0
169014,169015,169018,3,1
169014,169014,169018,4,0
169014,169015,169018,3,1
169014,169015,169018,3,1
169014,169014,169018,4,0
169014,169015,169018,3,1
169014,169015,169018,3,1
169014,169015,169018,3,1
169014,169015,169018,3,1
169014,169015,169018,3,1
169014,169014,169018,4,0
169014,169014,169018,4,0
169014,169014,169018,4,0
169014,169015,169019,4,1
169014,169015,169019,4,1
169014,169015,169019,4,1
169014,169014,169019,5,0
169014,169015,169019,4,1
169014,169014,169019,5,0
169014,169015,169019,4,1
169014,169015,169019,4,1
169014,169015,169019,4,1
169014,169018,169021,3,4
169014,169018,169020,2,4
169014,169018,169021,3,4
169014,169019,169021,2,5
169014,169018,169021,3,4
169014,169018,169021,3,4
169014,169018,169022,4,4
169014,169018,169022,4,4
169014,169019,169021,2,5
169014,169018,169021,3,4
169014,169019,169022,3,5
169014,169019,169021,2,5
169014,169018,169021,3,4
169014,169019,169022,3,5
169014,169018,169021,3,4
169014,169019,169021,2,5
169014,169018,169021,3,4
169014,169018,169022,4,4
169014,169018,169021,3,4
169014,169019,169022,3,5
169014,169019,169022,3,5
169014,169020,169022,2,6
169014,169020,169022,2,6
169014,169019,169022,3,5
169014,169019,169022,3,5
169014,169020,169022,2,6
169014,169019,169023,4,5
169014,169020,169022,2,6
169014,169020,169022,2,6
168148,168156,169023,867,8
169014,169019,169023,4,5
169014,169019,169022,3,5
169014,169019,169023,4,5
169014,169019,169023,4,5
169014,169020,169023,3,6
169014,169019,169023,4,5
169014,169021,169022,1,7
169014,169019,169023,4,5
169014,169020,169023,3,6
169014,169022,169023,1,8
169014,169021,169024,3,7
169014,169021,169023,2,7
169014,169015,169025,10,1
169014,169021,169025,4,7
169014,169021,169024,3,7
169014,169021,169024,3,7
169014,169022,169024,2,8
169014,169022,169024,2,8
169014,169022,169025,3,8
169014,169022,169025,3,8
169014,169022,169025,3,8
169014,169022,169024,2,8
169014,169022,169025,3,8
169014,169022,169024,2,8
169014,169022,169025,3,8
169014,169022,169025,3,8
169014,169023,169026,3,9
169014,169023,169026,3,9
169014,169023,169025,2,9
169014,169022,169025,3,8
169014,169023,169025,2,9
169014,169023,169025,2,9
169014,169022,169025,3,8
169014,169022,169026,4,8
169014,169023,169026,3,9
169014,169023,169025,2,9
169014,169023,169025,2,9
169014,169023,169025,2,9
169014,169023,169025,2,9
169014,169023,169025,2,9
169014,169023,169026,3,9
169014,169023,169027,4,9
169014,169023,169027,4,9
169014,169023,169026,3,9
169014,169023,169027,4,9
169014,169025,169027,2,11
169014,169025,169026,1,11
169014,169025,169027,2,11
169014,169023,169026,3,9
169014,169023,169027,4,9
169014,169023,169027,4,9
169014,169025,169027,2,11
169014,169025,169027,2,11
169014,169026,169028,2,12
169014,169023,169028,5,9
169014,169025,169028,3,11
169014,169026,169028,2,12
169014,169024,169028,4,10
169014,169024,169028,4,10
169014,169025,169029,4,11
169014,169024,169028,4,10
169014,169025,169029,4,11
169014,169026,169029,3,12
169014,169025,169029,4,11
169014,169025,169029,4,11
169014,169026,169028,2,12
169014,169025,169029,4,11
169014,169025,169029,4,11
169014,169026,169029,3,12
169014,169025,169029,4,11
169014,169026,169029,3,12
169014,169026,169029,3,12
169014,169025,169029,4,11
169014,169026,169029,3,12
169014,169026,169030,4,12
169014,169027,169030,3,13
169014,169026,169030,4,12
169014,169026,169030,4,12
169014,169027,169030,3,13
169014,169026,169030,4,12
169014,169026,169030,4,12
169014,169026,169030,4,12
169014,169026,169030,4,12
169014,169027,169030,3,13
169014,169027,169031,4,13
169014,169027,169031,4,13
169014,169027,169031,4,13
169014,169027,169031,4,13
169014,169027,169031,4,13
169014,169027,169032,5,13
169014,169027,169031,4,13
169014,169029,169032,3,15
169014,169029,169032,3,15
169014,169030,169033,3,16
169014,169027,169032,5,13
169014,169031,169032,1,17
169014,169028,169032,4,14
169014,169030,169032,2,16
169014,169030,169032,2,16
169014,169031,169033,2,17
169014,169027,169032,5,13
169014,169029,169032,3,15
169014,169030,169033,3,16
169014,169029,169033,4,15
169014,169029,169033,4,15
169014,169030,169033,3,16
169014,169028,169032,4,14
169014,169028,169033,5,14
169014,169029,169033,4,15
169014,169029,169033,4,15
169014,169031,169033,2,17
169014,169031,169033,2,17
169014,169030,169033,3,16
169014,169031,169033,2,17
169014,169031,169033,2,17
169014,169030,169033,3,16
169014,169030,169033,3,16
169014,169028,169033,5,14
169014,169029,169034,5,15
169014,169031,169034,3,17
169014,169031,169035,4,17
169014,169031,169034,3,17
169014,169030,169033,3,16
169014,169031,169034,3,17
169014,169017,169019,2,3
169014,169031,169035,4,17
169014,169032,169035,3,18
169014,169032,169035,3,18
169014,169033,169036,3,19
169014,169031,169035,4,17
169014,169033,169036,3,19
169014,169032,169035,3,18
169014,169032,169036,4,18
169014,169032,169036,4,18
169014,169033,169036,3,19
169014,169033,169035,2,19
169014,169032,169035,3,18
169014,169033,169036,3,19
169014,169033,169036,3,19
169014,169032,169036,4,18
169014,169034,169036,2,20
169014,169034,169037,3,20
169014,169034,169037,3,20
169014,169033,169036,3,19
169014,169033,169036,3,19
169014,169034,169037,3,20
169014,169033,169036,3,19
169014,169033,169036,3,19
169014,169034,169037,3,20
169014,169034,169036,2,20
169014,169034,169036,2,20
169014,169033,169036,3,19
169014,169034,169036,2,20
169014,169034,169036,2,20
169014,169033,169037,4,19
169014,169033,169037,4,19
169014,169034,169037,3,20
169014,169034,169037,3,20
169014,169035,169037,2,21
169014,169035,169037,2,21
169014,169035,169037,2,21
169014,169035,169038,3,21
169014,169035,169038,3,21
169015,169036,169039,3,21
169015,169037,169039,2,22
169015,169037,169039,2,22
169015,169037,169039,2,22
169015,169037,169039,2,22
169014,169035,169039,4,21
169014,169035,169039,4,21
169014,169035,169039,4,21
169015,169038,169039,1,23
169015,169037,169040,3,22
169015,169037,169040,3,22
169015,169037,169039,2,22
169015,169037,169040,3,22
169015,169037,169040,3,22
169015,169037,169040,3,22
169015,169038,169040,2,23
169014,169035,169039,4,21
169015,169035,169040,5,20
169015,169037,169040,3,22
169015,169036,169040,4,21
169015,169035,169040,5,20
169015,169035,169040,5,20
169015,169038,169040,2,23
169015,169038,169040,2,23
169015,169036,169040,4,21
169015,169037,169040,3,22
169015,169036,169040,4,21
169015,169036,169040,4,21
169015,169036,169040,4,21
169015,169037,169041,4,22
169015,169038,169040,2,23
169015,169036,169040,4,21
169015,169036,169041,5,21
169015,169037,169040,3,22
169015,169037,169040,3,22
169015,169036,169041,5,21
169015,169036,169041,5,21
169015,169037,169041,4,22
169015,169036,169040,4,21
169015,169035,169041,6,20
169015,169040,169041,1,25
169015,169040,169041,1,25
169015,169040,169041,1,25
169015,169037,169041,4,22
169015,169037,169041,4,22
169015,169040,169042,2,25
169015,169040,169042,2,25
169015,169038,169041,3,23
169015,169036,169041,5,21
169015,169037,169041,4,22
169015,169036,169042,6,21
169015,169040,169042,2,25
169015,169040,169043,3,25
169015,169040,169043,3,25
169015,169040,169043,3,25
169015,169040,169043,3,25
169015,169039,169043,4,24
169015,169040,169043,3,25
169015,169040,169043,3,25
169015,169041,169044,3,26
169015,169040,169043,3,25
169015,169040,169044,4,25
169015,169039,169044,5,24
169015,169039,169044,5,24
169015,169039,169044,5,24
169015,169039,169044,5,24
169015,169042,169045,3,27
169015,169041,169045,4,26
169015,169041,169044,3,26
169015,169041,169045,4,26
169015,169041,169045,4,26
169015,169042,169045,3,27
169015,169041,169045,4,26
169015,169040,169045,5,25
169015,169042,169046,4,27
169015,169041,169045,4,26
169015,169041,169045,4,26
169015,169042,169045,3,27
169015,169041,169045,4,26
169015,169041,169045,4,26
169015,169041,169046,5,26
169015,169041,169045,4,26
169015,169042,169046,4,27
169015,169041,169045,4,26
169015,169042,169046,4,27
169015,169042,169046,4,27
169015,169042,169045,3,27
169015,169041,169046,5,26
169015,169041,169046,5,26
169015,169041,169046,5,26
169015,169042,169046,4,27
169015,169041,169046,5,26
169015,169042,169046,4,27
169015,169042,169046,4,27
169015,169041,169046,5,26
169015,169043,169046,3,28
169015,169041,169046,5,26
169015,169042,169046,4,27
169015,169043,169047,4,28
169015,169043,169047,4,28
169015,169043,169047,4,28
169015,169043,169047,4,28
169015,169043,169047,4,28
169015,169043,169047,4,28
169015,169043,169047,4,28
169015,169045,169049,4,30
168006,168006,169048,1042,0
169015,169044,169049,5,29
169015,169044,169048,4,29
169015,169045,169048,3,30
169015,169046,169049,3,31
169015,169046,169049,3,31
169015,169046,169049,3,31
169015,169046,169049,3,31
169015,169044,169048,4,29
169015,169045,169049,4,30
169015,169047,169049,2,32
169015,169045,169049,4,30
169015,169045,169049,4,30
169015,169046,169049,3,31
169015,169045,169049,4,30
169015,169046,169049,3,31
169015,169048,169049,1,33
169015,169047,169049,2,32
169015,169048,169049,1,33
169015,169048,169049,1,33
169015,169048,169049,1,33
169015,169046,169050,4,31
169015,169046,169049,3,31
169015,169047,169049,2,32
169015,169045,169049,4,30
169015,169046,169049,3,31
169015,169046,169050,4,31
169015,169047,169050,3,32
169015,169046,169049,3,31
169015,169046,169050,4,31
169015,169046,169050,4,31
169015,169045,169050,5,30
169015,169046,169049,3,31
169015,169046,169050,4,31
169015,169046,169050,4,31
169015,169047,169050,3,32
169015,169047,169050,3,32
169015,169047,169050,3,32
169015,169047,169050,3,32
169015,169047,169050,3,32
169015,169048,169050,2,33
169015,169049,169051,2,34
169015,169049,169051,2,34
169015,169046,169050,4,31
169015,169047,169050,3,32
169015,169047,169051,4,32
169015,169049,169051,2,34
169015,169049,169051,2,34
169015,169049,169051,2,34
169015,169047,169051,4,32
169015,169047,169051,4,32
169015,169049,169051,2,34
169015,169049,169051,2,34
169015,169049,169052,3,34
169015,169049,169052,3,34
169015,169050,169052,2,35
169015,169050,169053,3,35
169015,169050,169053,3,35
169015,169050,169053,3,35
169015,169051,169053,2,36
169015,169051,169053,2,36
169015,169051,169053,2,36
169015,169049,169053,4,34
169015,169050,169053,3,35
169015,169050,169053,3,35
169015,169050,169053,3,35
169015,169050,169053,3,35
169015,169050,169054,4,35
169015,169050,169053,3,35
169015,169050,169053,3,35
169015,169050,169053,3,35
169015,169051,169054,3,36
169015,169051,169054,3,36
169015,169050,169054,4,35
169015,169050,169054,4,35
169015,169051,169054,3,36
169015,169051,169054,3,36
169015,169050,169054,4,35
169015,169051,169053,2,36
169015,169050,169054,4,35
169015,169050,169054,4,35
169015,169050,169054,4,35
169015,169051,169053,2,36
169015,169050,169054,4,35
169015,169050,169054,4,35
169015,169051,169054,3,36
169015,169050,169054,4,35
169015,169050,169054,4,35
169015,169050,169054,4,35
169015,169051,169054,3,36
169015,169049,169054,5,34
169015,169051,169054,3,36
169015,169051,169054,3,36
169015,169052,169054,2,37
169015,169051,169054,3,36
169015,169051,169054,3,36
169015,169052,169055,3,37
169015,169052,169055,3,37
169015,169052,169055,3,37
169015,169052,169055,3,37
169015,169053,169055,2,38
169015,169053,169056,3,38
169015,169053,169055,2,38
169015,169051,169055,4,36
169015,169053,169055,2,38
169015,169053,169055,2,38
169015,169053,169056,3,38
169015,169053,169056,3,38
169015,169054,169056,2,39
169015,169053,169056,3,38
169015,169054,169057,3,39
169015,169054,169056,2,39
168009,168009,169057,1048,0
168015,168015,169056,1041,0
169015,169054,169057,3,39
169015,169054,169056,2,39
169015,169054,169057,3,39
169015,169054,169057,3,39
169015,169054,169057,3,39
169015,169054,169057,3,39
169015,169054,169057,3,39
169015,169054,169057,3,39
169015,169054,169057,3,39
169015,169054,169058,4,39
169015,169054,169058,4,39
169015,169055,169057,2,40
169015,169055,169057,2,40
169015,169055,169057,2,40
169015,169055,169057,2,40
169015,169054,169057,3,39
169015,169055,169057,2,40
169015,169055,169057,2,40
169015,169054,169058,4,39
169015,169054,169058,4,39
169015,169054,169057,3,39
169015,169054,169057,3,39
169015,169054,169057,3,39
169015,169054,169058,4,39
169015,169054,169058,4,39
169015,169055,169058,3,40
169015,169055,169058,3,40
169032,169055,169058,3,23
169032,169057,169059,2,25
169032,169057,169059,2,25
169032,169055,169059,4,23
169032,169057,169059,2,25
169032,169057,169059,2,25
169032,169056,169059,3,24
169032,169055,169059,4,23
169032,169056,169059,3,24
169032,169056,169059,3,24
169032,169056,169059,3,24
169032,169058,169059,1,26
169032,169058,169060,2,26
169032,169058,169059,1,26
169032,169058,169060,2,26
169032,169057,169060,3,25
169032,169057,169059,2,25
169032,169056,169060,4,24
169032,169056,169060,4,24
169032,169057,169060,3,25
169032,169056,169060,4,24
169032,169056,169060,4,24
169032,169057,169060,3,25
169032,169056,169060,4,24
169032,169057,169060,3,25
169032,169058,169061,3,26
169032,169058,169061,3,26
169032,169057,169060,3,25
169032,169057,169061,4,25
169032,169057,169061,4,25
169032,169058,169060,2,26
169032,169057,169061,4,25
169032,169058,169061,3,26
169032,169057,169061,4,25
169032,169058,169061,3,26
169032,169058,169062,4,26
169032,169059,169061,2,27
169032,169059,169061,2,27
169032,169058,169061,3,26
169032,169057,169061,4,25
169032,169057,169061,4,25
169032,169058,169062,4,26
169032,169057,169062,5,25
169032,169058,169062,4,26
169032,169060,169062,2,28
169032,169058,169062,4,26
169032,169058,169062,4,26
169032,169059,169062,3,27
169032,169059,169062,3,27
169032,169061,169063,2,29
169032,169059,169063,4,27
169032,169059,169063,4,27
169032,169059,169064,5,27
169032,169059,169064,5,27
169032,169061,169063,2,29
169032,169060,169064,4,28
169032,169061,169063,2,29
169032,169061,169064,3,29
169032,169061,169064,3,29
169032,169061,169063,2,29
169032,169061,169063,2,29
169032,169060,169063,3,28
169032,169060,169064,4,28
169032,169061,169063,2,29
169032,169061,169063,2,29
169032,169060,169064,4,28
169032,169061,169063,2,29
169032,169061,169064,3,29
169032,169059,169064,5,27
169032,169059,169063,4,27
169032,169060,169063,3,28
169032,169061,169064,3,29
169032,169059,169064,5,27
169032,169061,169064,3,29
169032,169061,169064,3,29
169032,169060,169064,4,28
169032,169061,169064,3,29
169032,169062,169065,3,30
169032,169062,169064,2,30
169032,169062,169064,2,30
169032,169062,169065,3,30
169032,169060,169065,5,28
169032,169060,169065,5,28
168178,168185,169064,879,7
169032,169062,169065,3,30
169032,169062,169065,3,30
169032,169064,169065,1,32
169032,169063,169066,3,31
169032,169063,169066,3,31
169032,169063,169066,3,31
169032,169062,169065,3,30
169032,169063,169066,3,31
169032,169060,169065,5,28
169032,169063,169066,3,31
169032,169064,169066,2,32
169032,169064,169066,2,32
169032,169064,169066,2,32
169032,169062,169066,4,30
169032,169062,169066,4,30
169032,169062,169066,4,30
169032,169063,169066,3,31
169032,169064,169066,2,32
169032,169064,169066,2,32
169032,169064,169066,2,32
169032,169063,169066,3,31
169032,169064,169066,2,32
169032,169064,169066,2,32
169032,169064,169066,2,32
169032,169063,169067,4,31
169032,169063,169066,3,31
169032,169064,169066,2,32
169032,169064,169067,3,32
169032,169064,169066,2,32
169032,169064,169067,3,32
169032,169064,169067,3,32
169032,169064,169066,2,32
169032,169064,169066,2,32
169032,169064,169066,2,32
169033,169066,169067,1,33
169032,169064,169067,3,32
169033,169065,169068,3,32
169032,169064,169067,3,32
169032,169064,169067,3,32
169033,169066,169068,2,33
169033,169066,169068,2,33
169033,169066,169067,1,33
169033,169066,169068,2,33
169033,169066,169068,2,33
169033,169067,169069,2,34
169033,169065,169068,3,32
169033,169065,169068,3,32
169033,169065,169068,3,32
169033,169065,169069,4,32
169033,169065,169068,3,32
169033,169065,169069,4,32
169033,169065,169068,3,32
169033,169065,169068,3,32
169033,169065,169069,4,32
169033,169065,169069,4,32
169033,169066,169069,3,33
169033,169066,169069,3,33
169033,169065,169069,4,32
169033,169067,169070,3,34
169033,169067,169069,2,34
169033,169067,169069,2,34
169033,169066,169069,3,33
169033,169067,169069,2,34
169033,169066,169069,3,33
169033,169066,169069,3,33
169033,169067,169069,2,34
169033,169066,169070,4,33
169033,169066,169070,4,33
169033,169066,169070,4,33
169033,169067,169070,3,34
169033,169067,169070,3,34
169033,169067,169070,3,34
169033,169067,169070,3,34
169033,169066,169070,4,33
169033,169067,169070,3,34
169033,169067,169070,3,34
169033,169067,169070,3,34
169033,169067,169071,4,34
169033,169067,169071,4,34
169033,169067,169071,4,34
169033,169067,169070,3,34
169033,169067,169071,4,34
169033,169068,169071,3,35
169033,169067,169071,4,34
169033,169068,169071,3,35
169033,169070,169071,1,37
169033,169070,169071,1,37
169033,169070,169071,1,37
169033,169069,169072,3,36
169033,169070,169072,2,37
169033,169070,169072,2,37
169033,169068,169071,3,35
169033,169069,169072,3,36
169033,169067,169072,5,34
169033,169069,169072,3,36
169033,169068,169072,4,35
169033,169069,169072,3,36
169033,169068,169071,3,35
169033,169068,169072,4,35
169033,169068,169072,4,35
169033,169068,169072,4,35
169033,169068,169072,4,35
169033,169070,169072,2,37
169033,169070,169072,2,37
169033,169071,169073,2,38
169033,169069,169072,3,36
169033,169070,169073,3,37
169033,169070,169073,3,37
169033,169070,169073,3,37
169033,169069,169073,4,36
169033,169069,169072,3,36
169033,169069,169073,4,36
169033,169070,169073,3,37
169033,169070,169073,3,37
169033,169069,169073,4,36
169033,169069,169073,4,36
169033,169069,169073,4,36
169033,169069,169072,3,36
169033,169070,169073,3,37
169033,169069,169072,3,36
169033,169070,169073,3,37
169033,169070,169073,3,37
169033,169071,169073,2,38
169033,169072,169074,2,39
169033,169071,169073,2,38
169033,169070,169074,4,37
169033,169070,169074,4,37
169033,169071,169074,3,38
169033,169071,169074,3,38
169033,169072,169075,3,39
169033,169072,169075,3,39
169033,169072,169075,3,39
169033,169072,169074,2,39
169033,169072,169075,3,39
169033,169072,169075,3,39
169033,169072,169075,3,39
169033,169071,169075,4,38
169033,169072,169075,3,39
169033,169071,169074,3,38
169033,169072,169075,3,39
169033,169072,169075,3,39
169033,169071,169075,4,38
169033,169073,169075,2,40
169033,169073,169075,2,40
169033,169073,169075,2,40
169033,169073,169075,2,40
169033,169072,169075,3,39
169033,169073,169075,2,40
169033,169073,169075,2,40
169033,169073,169075,2,40
169033,169073,169076,3,40
169033,169073,169076,3,40
169033,169073,169075,2,40
169033,169072,169076,4,39
169033,169072,169076,4,39
169033,169073,169076,3,40
169033,169072,169084,12,39
168033,168033,169094,1061,0
168039,168039,169110,1071,0
169110,169111,169113,2,1
169110,169111,169113,2,1
169110,169111,169113,2,1
169110,169111,169113,2,1
169110,169111,169113,2,1
169110,169111,169113,2,1
169110,169111,169113,2,1
168036,168036,169113,1077,0
169110,169111,169114,3,1
169110,169111,169114,3,1
169110,169111,169114,3,1
169110,169111,169115,4,1
169110,169111,169114,3,1
169110,169111,169114,3,1
169110,169111,169114,3,1
169110,169111,169114,3,1
169110,169111,169114,3,1
169110,169111,169114,3,1
169110,169111,169115,4,1
169110,169111,169114,3,1
169110,169111,169114,3,1
169110,169111,169115,4,1
169110,169111,169115,4,1
169110,169111,169115,4,1
169110,169111,169115,4,1
169110,169111,169115,4,1
169110,169111,169115,4,1
169110,169111,169116,5,1
169110,169111,169115,4,1
169110,169111,169115,4,1
169110,169111,169116,5,1
169110,169111,169115,4,1
169110,169111,169116,5,1
169110,169111,169115,4,1
169110,169111,169115,4,1
169110,169111,169115,4,1
169110,169111,169115,4,1
169110,169111,169115,4,1
169110,169111,169115,4,1
169110,169111,169115,4,1
169110,169111,169115,4,1
169110,169111,169115,4,1
169110,169111,169116,5,1
169110,169111,169116,5,1
169110,169111,169115,4,1
169110,169113,169117,4,3
169110,169111,169117,6,1
169110,169111,169116,5,1
169110,169111,169116,5,1
169110,169113,169117,4,3
169110,169113,169117,4,3
169110,169114,169117,3,4
169110,169114,169118,4,4
169110,169115,169118,3,5
169110,169115,169118,3,5
169110,169115,169118,3,5
169110,169115,169119,4,5
169110,169116,169119,3,6
169110,169116,169119,3,6
169110,169116,169118,2,6
169110,169116,169119,3,6
169110,169114,169119,5,4
169110,169115,169119,4,5
169110,169116,169119,3,6
169110,169115,169118,3,5
169110,169115,169119,4,5
169110,169114,169118,4,4
169110,169115,169118,3,5
169110,169115,169119,4,5
169110,169115,169118,3,5
169110,169114,169118,4,4
169110,169115,169119,4,5
169110,169115,169120,5,5
169110,169116,169119,3,6
169110,169115,169119,4,5
169110,169116,169119,3,6
169110,169116,169119,3,6
169110,169116,169120,4,6
169110,169117,169120,3,7
169110,169115,169119,4,5
169110,169116,169120,4,6
169110,169116,169120,4,6
169110,169116,169119,3,6
169110,169116,169119,3,6
169110,169116,169120,4,6
169110,169116,169120,4,6
169110,169116,169120,4,6
169110,169117,169120,3,7
169110,169116,169120,4,6
169110,169116,169119,3,6
169110,169116,169120,4,6
169110,169116,169119,3,6
169110,169116,169120,4,6
169110,169117,169121,4,7
169110,169116,169121,5,6
169110,169118,169121,3,8
169110,169116,169120,4,6
169110,169117,169121,4,7
169110,169117,169121,4,7
169110,169118,169121,3,8
169110,169119,169122,3,9
169110,169119,169122,3,9
169110,169119,169122,3,9
169110,169118,169121,3,8
169110,169118,169121,3,8
169110,169118,169122,4,8
169110,169119,169122,3,9
169110,169119,169122,3,9
169110,169119,169122,3,9
169110,169119,169122,3,9
169110,169119,169122,3,9
169110,169118,169122,4,8
169111,169120,169122,2,9
169111,169120,169122,2,9
169110,169119,169122,3,9
169110,169119,169123,4,9
169111,169121,169122,1,10
169111,169121,169123,2,10
169111,169121,169123,2,10
169110,169119,169123,4,9
169110,169119,169123,4,9
169110,169119,169123,4,9
169110,169119,169123,4,9
169111,169120,169123,3,9
169111,169122,169124,2,11
169111,169120,169125,5,9
169111,169122,169124,2,11
169111,169121,169124,3,10
169111,169123,169124,1,12
169111,169119,169124,5,8
169111,169122,169124,2,11
169111,169123,169125,2,12
169111,169123,169124,1,12
169111,169120,169124,4,9
169111,169120,169125,5,9
169111,169122,169125,3,11
169111,169120,169125,5,9
169111,169120,169125,5,9
169111,169120,169125,5,9
169111,169120,169125,5,9
169111,169120,169125,5,9
169111,169120,169125,5,9
169111,169120,169125,5,9
169111,169123,169125,2,12
169111,169120,169125,5,9
169111,169120,169125,5,9
169111,169121,169125,4,10
169111,169120,169125,5,9
169111,169123,169125,2,12
169111,169123,169126,3,12
169111,169120,169125,5,9
169111,169121,169125,4,10
169111,169123,169125,2,12
169111,169120,169125,5,9
169111,169120,169126,6,9
169111,169120,169126,6,9
169111,169120,169126,6,9
169111,169123,169126,3,12
169111,169123,169126,3,12
169111,169124,169126,2,13
169111,169120,169126,6,9
169111,169123,169126,3,12
169111,169122,169126,4,11
169111,169122,169127,5,11
169111,169123,169127,4,12
169111,169123,169127,4,12
169111,169123,169127,4,12
169111,169125,169127,2,14
169111,169124,169127,3,13
169111,169125,169128,3,14
169111,169124,169127,3,13
169111,169123,169128,5,12
169111,169123,169128,5,12
169111,169123,169128,5,12
168042,168043,169128,1085,1
169111,169125,169128,3,14
169111,169125,169128,3,14
169111,169125,169128,3,14
169111,169126,169128,2,15
169111,169125,169128,3,14
169111,169125,169128,3,14
169111,169126,169129,3,15
168224,168232,169129,897,8
169111,169125,169129,4,14
169111,169126,169129,3,15
169111,169125,169129,4,14
169111,169126,169130,4,15
169111,169126,169130,4,15
169111,169126,169129,3,15
169111,169127,169130,3,16
169111,169125,169129,4,14
169111,169126,169130,4,15
169111,169126,169129,3,15
169111,169125,169130,5,14
169111,169125,169130,5,14
169111,169126,169130,4,15
169111,169126,169129,3,15
169111,169126,169130,4,15
169111,169126,169130,4,15
169111,169126,169131,5,15
169111,169127,169130,3,16
169111,169126,169131,5,15
169111,169126,169131,5,15
169111,169126,169130,4,15
169111,169127,169130,3,16
169110,169129,169130,1,19
169111,169126,169131,5,15
169111,169127,169132,5,16
169111,169127,169131,4,16
169111,169127,169131,4,16
169111,169126,169131,5,15
169111,169128,169131,3,17
169111,169126,169131,5,15
169111,169128,169131,3,17
169111,169128,169131,3,17
169111,169128,169131,3,17
169111,169129,169132,3,18
169111,169129,169132,3,18
169111,169126,169131,5,15
169111,169127,169131,4,16
169111,169127,169131,4,16
169111,169128,169132,4,17
169111,169128,169132,4,17
169111,169128,169132,4,17
169111,169129,169132,3,18
169111,169129,169132,3,18
169111,169128,169132,4,17
169111,169128,169132,4,17
169111,169129,169132,3,18
169111,169130,169133,3,19
169111,169130,169133,3,19
169111,169130,169133,3,19
169111,169130,169133,3,19
169111,169129,169133,4,18
169111,169128,169133,5,17
169111,169131,169134,3,20
169111,169131,169134,3,20
169111,169132,169134,2,21
169111,169132,169133,1,21
169111,169132,169134,2,21
169111,169129,169133,4,18
169111,169130,169134,4,19
169111,169129,169133,4,18
169111,169130,169134,4,19
169111,169130,169134,4,19
169111,169130,169133,3,19
169110,169129,169133,4,19
169110,169129,169133,4,19
169111,169129,169133,4,18
169111,169131,169134,3,20
169111,169130,169133,3,19
169111,169129,169133,4,18
169111,169130,169134,4,19
169111,169131,169134,3,20
169111,169131,169134,3,20
169111,169130,169134,4,19
169111,169130,169134,4,19
169111,169130,169134,4,19
169111,169131,169134,3,20
169111,169131,169134,3,20
169111,169131,169134,3,20
169111,169132,169134,2,21
169111,169132,169134,2,21
169111,169131,169134,3,20
169111,169132,169135,3,21
169111,169132,169135,3,21
169111,169132,169135,3,21
169111,169132,169136,4,21
169111,169132,169136,4,21
169111,169133,169136,3,22
169111,169133,169136,3,22
169111,169132,169136,4,21
169111,169132,169136,4,21
169111,169132,169136,4,21
169111,169133,169136,3,22
169111,169133,169136,3,22
169111,169132,169135,3,21
169111,169133,169136,3,22
169111,169132,169136,4,21
169111,169134,169136,2,23
169111,169133,169136,3,22
169111,169133,169137,4,22
169111,169133,169137,4,22
169111,169134,169136,2,23
169111,169134,169137,3,23
169111,169134,169136,2,23
169111,169134,169137,3,23
169111,169133,169136,3,22
169111,169133,169137,4,22
169111,169133,169137,4,22
169111,169134,169137,3,23
169111,169132,169136,4,21
169111,169134,169137,3,23
169111,169134,169137,3,23
169111,169134,169138,4,23
169111,169134,169137,3,23
169111,169134,169138,4,23
169111,169134,169137,3,23
169111,169134,169138,4,23
169111,169134,169137,3,23
169111,169135,169138,3,24
169111,169135,169138,3,24
169111,169135,169138,3,24
169111,169134,169138,4,23
169111,169134,169138,4,23
169111,169134,169138,4,23
169111,169134,169138,4,23
169111,169134,169138,4,23
169111,169134,169138,4,23
169111,169134,169138,4,23
169111,169135,169137,2,24
169111,169135,169138,3,24
169111,169135,169139,4,24
169111,169135,169138,3,24
169111,169135,169139,4,24
169111,169136,169139,3,25
169111,169135,169138,3,24
169111,169135,169139,4,24
169111,169135,169139,4,24
169111,169134,169138,4,23
169111,169136,169139,3,25
169111,169136,169139,3,25
169111,169136,169139,3,25
169111,169136,169139,3,25
169111,169135,169139,4,24
169111,169137,169139,2,26
169111,169136,169140,4,25
169111,169136,169140,4,25
169111,169136,169139,3,25
169111,169137,169140,3,26
169111,169138,169140,2,27
169111,169136,169140,4,25
169111,169137,169140,3,26
169111,169136,169140,4,25
169111,169137,169140,3,26
169111,169137,169140,3,26
169111,169137,169140,3,26
169111,169136,169140,4,25
169111,169137,169140,3,26
169111,169137,169140,3,26
169111,169137,169141,4,26
169111,169137,169140,3,26
169111,169137,169140,3,26
169111,169138,169141,3,27
169111,169138,169141,3,27
169111,169138,169141,3,27
169111,169138,169141,3,27
169111,169138,169141,3,27
169111,169138,169141,3,27
169111,169138,169141,3,27
169111,169138,169141,3,27
169111,169137,169141,4,26
169111,169138,169141,3,27
169111,169138,169141,3,27
169111,169137,169141,4,26
169111,169138,169141,3,27
169111,169138,169141,3,27
169111,169138,169141,3,27
169111,169137,169141,4,26
169111,169138,169141,3,27
169111,169139,169141,2,28
169111,169139,169141,2,28
169111,169139,169142,3,28
169111,169139,169142,3,28
169111,169138,169141,3,27
169111,169138,169142,4,27
169111,169138,169141,3,27
169111,169140,169143,3,29
169111,169140,169143,3,29
169111,169138,169142,4,27
169111,169141,169142,1,30
169111,169141,169143,2,30
169111,169141,169142,1,30
169111,169141,169142,1,30
169111,169141,169142,1,30
169111,169141,169143,2,30
169111,169139,169143,4,28
169111,169139,169143,4,28
169111,169139,169142,3,28
169111,169139,169143,4,28
169111,169139,169143,4,28
169111,169140,169143,3,29
169111,169140,169143,3,29
169111,169141,169144,3,30
169111,169141,169144,3,30
169111,169141,169144,3,30
169111,169140,169143,3,29
169111,169141,169144,3,30
169111,169140,169143,3,29
169111,169141,169143,2,30
169111,169141,169143,2,30
169111,169140,169143,3,29
169111,169140,169144,4,29
169111,169140,169144,4,29
169111,169141,169144,3,30
169111,169141,169144,3,30
169111,169140,169144,4,29
169111,169140,169144,4,29
169111,169142,169145,3,31
169111,169142,169145,3,31
169111,169142,169145,3,31
169111,169141,169144,3,30
169111,169142,169145,3,31
169111,169142,169144,2,31
169111,169141,169145,4,30
169111,169141,169145,4,30
169111,169142,169146,4,31
169111,169141,169145,4,30
169111,169141,169145,4,30
169111,169142,169145,3,31
169111,169142,169145,3,31
169111,169142,169145,3,31
169111,169143,169146,3,32
169111,169143,169146,3,32
169111,169142,169145,3,31
169111,169143,169145,2,32
169111,169143,169146,3,32
169111,169144,169146,2,33
169111,169144,169146,2,33
169111,169144,169146,2,33
169111,169144,169146,2,33
169111,169142,169145,3,31
169111,169142,169145,3,31
169111,169143,169146,3,32
169111,169144,169146,2,33
169111,169142,169145,3,31
169111,169142,169146,4,31
169111,169143,169145,2,32
169111,169141,169146,5,30
169111,169142,169146,4,31
169111,169144,169146,2,33
169111,169142,169146,4,31
169111,169144,169146,2,33
169111,169144,169146,2,33
169111,169144,169146,2,33
169111,169143,169146,3,32
169111,169144,169147,3,33
169111,169143,169146,3,32
169111,169143,169146,3,32
169111,169144,169146,2,33
169111,169144,169147,3,33
169111,169145,169147,2,34
169111,169144,169148,4,33
169111,169145,169147,2,34
169111,169146,169148,2,35
169111,169145,169147,2,34
169111,169145,169147,2,34
169111,169145,169147,2,34
169111,169145,169147,2,34
169111,169145,169148,3,34
169111,169144,169148,4,33
169111,169144,169147,3,33
169111,169145,169148,3,34
169111,169146,169149,3,35
169111,169146,169149,3,35
169111,169144,169148,4,33
169111,169145,169148,3,34
169111,169146,169148,2,35
169111,169146,169148,2,35
169111,169146,169148,2,35
169111,169146,169149,3,35
169111,169146,169149,3,35
169111,169146,169149,3,35
169111,169145,169148,3,34
169111,169145,169148,3,34
169111,169146,169149,3,35
169111,169146,169148,2,35
169111,169146,169149,3,35
169111,169146,169149,3,35
169111,169145,169148,3,34
169111,169146,169149,3,35
169111,169146,169149,3,35
169111,169146,169149,3,35
169111,169146,169148,2,35
169111,169146,169149,3,35
169111,169147,169149,2,36
169111,169147,169149,2,36
169111,169146,169149,3,35
169111,169146,169150,4,35
169111,169146,169149,3,35
169111,169146,169149,3,35
169111,169146,169150,4,35
169111,169146,169149,3,35
169127,169148,169149,1,21
169127,169149,169150,1,22
169127,169149,169150,1,22
169127,169149,169150,1,22
169127,169147,169151,4,20
169127,169149,169151,2,22
169127,169147,169151,4,20
169127,169147,169151,4,20
169127,169148,169150,2,21
169127,169147,169151,4,20
169127,169147,169150,3,20
169127,169147,169151,4,20
169127,169147,169150,3,20
169127,169147,169151,4,20
169127,169148,169152,4,21
169127,169148,169152,4,21
169127,169148,169151,3,21
169127,169148,169151,3,21
169127,169147,169151,4,20
169127,169148,169152,4,21
169127,169149,169151,2,22
169127,169147,169151,4,20
169127,169148,169151,3,21
169127,169149,169151,2,22
169127,169149,169152,3,22
169127,169149,169153,4,22
169127,169149,169152,3,22
169127,169148,169153,5,21
169127,169149,169153,4,22
169127,169149,169153,4,22
169127,169149,169153,4,22
169127,169149,169153,4,22
169127,169148,169152,4,21
169127,169149,169153,4,22
169127,169149,169153,4,22
169127,169149,169152,3,22
169127,169149,169152,3,22
169127,169149,169153,4,22
169127,169149,169153,4,22
169127,169149,169153,4,22
169127,169150,169153,3,23
169127,169150,169153,3,23
169127,169149,169154,5,22
169127,169148,169153,5,21
169127,169150,169154,4,23
169127,169150,169154,4,23
169127,169149,169154,5,22
169127,169152,169155,3,25
169127,169151,169155,4,24
169127,169152,169155,3,25
169127,169151,169155,4,24
169127,169150,169155,5,23
169127,169152,169155,3,25
169127,169152,169155,3,25
169127,169150,169154,4,23
169127,169151,169155,4,24
169127,169150,169154,4,23
169127,169151,169155,4,24
169127,169152,169155,3,25
169127,169149,169155,6,22
169127,169150,169155,5,23
169127,169150,169155,5,23
169127,169151,169155,4,24
169127,169151,169155,4,24
169127,169151,169155,4,24
169127,169151,169155,4,24
169127,169151,169155,4,24
169127,169151,169155,4,24
169127,169152,169156,4,25
169127,169152,169156,4,25
169127,169153,169156,3,26
169127,169153,169156,3,26
169127,169151,169155,4,24
169127,169153,169156,3,26
169127,169153,169156,3,26
169127,169151,169156,5,24
169127,169152,169156,4,25
169127,169152,169157,5,25
169127,169153,169157,4,26
169127,169153,169156,3,26
169127,169151,169156,5,24
169127,169153,169157,4,26
169127,169153,169157,4,26
169127,169153,169157,4,26
169127,169153,169157,4,26
169127,169153,169157,4,26
169127,169153,169157,4,26
169127,169153,169158,5,26
169127,169152,169157,5,25
169127,169154,169158,4,27
169127,169154,169157,3,27
169127,169153,169157,4,26
169127,169152,169157,5,25
169127,169154,169158,4,27
169127,169153,169158,5,26
169127,169155,169158,3,28
169127,169154,169158,4,27
169127,169154,169158,4,27
169127,169154,169158,4,27
169127,169154,169158,4,27
169127,169156,169159,3,29
169127,169156,169158,2,29
169127,169156,169158,2,29
169127,169156,169159,3,29
169127,169155,169159,4,28
169127,169155,169159,4,28
169127,169156,169159,3,29
169127,169156,169159,3,29
169127,169155,169159,4,28
169127,169155,169158,3,28
169127,169157,169159,2,30
169127,169157,169159,2,30
169127,169155,169159,4,28
169127,169155,169159,4,28
169127,169156,169159,3,29
169127,169156,169159,3,29
169127,169155,169159,4,28
169127,169155,169159,4,28
169127,169158,169159,1,31
169127,169155,169159,4,28
169127,169156,169159,3,29
169127,169156,169159,3,29
169127,169158,169160,2,31
169127,169158,169159,1,31
169127,169157,169159,2,30
169127,169157,169160,3,30
169127,169158,169159,1,31
169127,169156,169159,3,29
169127,169156,169159,3,29
169127,169156,169159,3,29
169127,169155,169159,4,28
169127,169155,169160,5,28
169127,169156,169160,4,29
169127,169158,169160,2,31
169127,169157,169160,3,30
169127,169157,169161,4,30
169127,169158,169160,2,31
169127,169158,169161,3,31
169127,169158,169161,3,31
169127,169157,169161,4,30
169127,169157,169161,4,30
169127,169157,169161,4,30
169127,169159,169162,3,32
169127,169159,169162,3,32
169127,169160,169161,1,33
169127,169159,169161,2,32
169127,169159,169161,2,32
169127,169159,169161,2,32
169127,169158,169162,4,31
169127,169158,169162,4,31
169127,169158,169162,4,31
169127,169158,169162,4,31
169127,169160,169163,3,33
169127,169158,169162,4,31
169127,169160,169162,2,33
169127,169160,169162,2,33
169127,169159,169162,3,32
169127,169159,169162,3,32
169127,169159,169163,4,32
169127,169160,169162,2,33
169127,169160,169162,2,33
169127,169159,169162,3,32
169127,169160,169163,3,33
169127,169160,169162,2,33
169127,169160,169162,2,33
169127,169159,169163,4,32
169127,169159,169162,3,32
169127,169160,169163,3,33
169127,169159,169163,4,32
169127,169159,169163,4,32
169127,169161,169163,2,34
169127,169160,169163,3,33
169127,169160,169163,3,33
169127,169160,169163,3,33
169127,169160,169163,3,33
169127,169160,169163,3,33
169127,169160,169164,4,33
169127,169160,169163,3,33
169127,169160,169163,3,33
169127,169160,169164,4,33
169127,169160,169163,3,33
169127,169160,169163,3,33
169127,169161,169164,3,34
169127,169160,169164,4,33
169127,169160,169164,4,33
169127,169161,169164,3,34
169127,169162,169164,2,35
169127,169162,169164,2,35
169127,169161,169164,3,34
169127,169161,169164,3,34
169127,169162,169164,2,35
169127,169162,169165,3,35
169127,169162,169165,3,35
169127,169161,169165,4,34
169127,169161,169165,4,34
169127,169162,169165,3,35
169127,169161,169165,4,34
169127,169163,169165,2,36
169127,169162,169165,3,35
169127,169163,169165,2,36
169127,169163,169165,2,36
169127,169164,169166,2,37
169127,169163,169166,3,36
169127,169163,169166,3,36
169127,169163,169166,3,36
169127,169163,169166,3,36
169127,169163,169166,3,36
169127,169161,169165,4,34
169127,169162,169165,3,35
169127,169162,169165,3,35
169127,169163,169166,3,36
169127,169162,169166,4,35
169127,169163,169166,3,36
169127,169163,169166,3,36
169127,169163,169166,3,36
169127,169164,169167,3,37
169127,169164,169167,3,37
169127,169164,169166,2,37
169127,169164,169166,2,37
169127,169164,169166,2,37
169127,169165,169167,2,38
169127,169163,169166,3,36
169127,169164,169167,3,37
169127,169164,169166,2,37
169127,169163,169167,4,36
169127,169163,169166,3,36
169127,169165,169167,2,38
169127,169163,169167,4,36
169127,169163,169167,4,36
169127,169164,169167,3,37
169127,169163,169166,3,36
169127,169164,169167,3,37
169127,169164,169167,3,37
169127,169164,169167,3,37
169127,169164,169167,3,37
169127,169164,169167,3,37
169127,169165,169167,2,38
169127,169165,169167,2,38
169127,169165,169168,3,38
169127,169165,169167,2,38
169202,169203,169206,3,1
169202,169203,169205,2,1
169202,169203,169206,3,1
169202,169203,169206,3,1
169202,169203,169206,3,1
169202,169203,169206,3,1
169202,169203,169206,3,1
169202,169203,169206,3,1
169202,169203,169207,4,1
169202,169203,169206,3,1
169202,169203,169207,4,1
169202,169203,169206,3,1
169202,169203,169207,4,1
169202,169203,169206,3,1
169202,169203,169207,4,1
169202,169203,169207,4,1
169202,169203,169206,3,1
169202,169203,169206,3,1
169202,169203,169206,3,1
169202,169203,169206,3,1
169202,169203,169207,4,1
169202,169203,169206,3,1
169202,169203,169206,3,1
169202,169203,169206,3,1
169202,169203,169206,3,1
169202,169203,169206,3,1
169202,169203,169206,3,1
169202,169203,169206,3,1
169202,169203,169206,3,1
169202,169203,169206,3,1
169202,169203,169206,3,1
169202,169203,169206,3,1
169202,169203,169206,3,1
169202,169203,169207,4,1
169202,169203,169206,3,1
169202,169203,169207,4,1
169202,169203,169207,4,1
169202,169203,169207,4,1
169202,169203,169207,4,1
169202,169203,169207,4,1
169202,169203,169207,4,1
169202,169203,169207,4,1
169202,169203,169207,4,1
169202,169203,169207,4,1
169202,169203,169207,4,1
169202,169203,169207,4,1
169202,169203,169207,4,1
169202,169203,169207,4,1
169202,169203,169207,4,1
169202,169203,169207,4,1
169202,169203,169208,5,1
169202,169206,169209,3,4
169202,169206,169209,3,4
169202,169206,169209,3,4
169202,169207,169210,3,5
169202,169207,169210,3,5
169202,169207,169210,3,5
169202,169207,169210,3,5
169202,169207,169210,3,5
169202,169207,169210,3,5
169202,169207,169210,3,5
169202,169207,169209,2,5
169202,169207,169210,3,5
169202,169207,169210,3,5
169202,169207,169210,3,5
169202,169207,169210,3,5
169202,169207,169210,3,5
169202,169208,169211,3,6
169202,169207,169210,3,5
169202,169207,169210,3,5
169202,169208,169211,3,6
169202,169208,169211,3,6
169202,169207,169210,3,5
169202,169207,169211,4,5
169202,169207,169211,4,5
169202,169207,169210,3,5
169202,169207,169210,3,5
169202,169207,169211,4,5
169202,169207,169211,4,5
169202,169207,169211,4,5
169202,169208,169211,3,6
169202,169207,169210,3,5
169202,169207,169211,4,5
169202,169207,169210,3,5
169202,169207,169211,4,5
169202,169207,169211,4,5
169202,169208,169211,3,6
169202,169207,169211,4,5
169202,169207,169210,3,5
169202,169207,169210,3,5
169202,169207,169211,4,5
169202,169208,169211,3,6
169202,169208,169211,3,6
169202,169208,169212,4,6
169202,169208,169211,3,6
169202,169208,169212,4,6
169202,169208,169212,4,6
169202,169207,169211,4,5
169202,169208,169212,4,6
169202,169208,169212,4,6
169202,169208,169212,4,6
169202,169210,169212,2,8
169202,169208,169212,4,6
169202,169209,169212,3,7
169202,169210,169212,2,8
169202,169210,169212,2,8
169202,169210,169213,3,8
169202,169209,169212,3,7
169202,169210,169213,3,8
169202,169210,169213,3,8
169202,169210,169212,2,8
169203,169211,169213,2,8
169203,169211,169213,2,8
169202,169209,169213,4,7
169202,169210,169213,3,8
169202,169210,169212,2,8
169202,169211,169214,3,9
169202,169211,169214,3,9
169203,169211,169214,3,8
169202,169210,169213,3,8
169202,169211,169213,2,9
169202,169211,169213,2,9
169203,169211,169214,3,8
169203,169211,169214,3,8
169203,169212,169214,2,9
169203,169211,169215,4,8
169202,169211,169214,3,9
169203,169211,169214,3,8
169203,169212,169214,2,9
169203,169211,169214,3,8
169203,169212,169215,3,9
169203,169211,169214,3,8
169203,169212,169215,3,9
169203,169212,169215,3,9
169203,169211,169215,4,8
169203,169211,169215,4,8
169203,169211,169215,4,8
169203,169211,169215,4,8
169203,169211,169214,3,8
169203,169211,169215,4,8
169203,169211,169215,4,8
169203,169211,169215,4,8
169203,169212,169215,3,9
169203,169211,169215,4,8
169203,169211,169215,4,8
169203,169211,169215,4,8
169203,169212,169215,3,9
169203,169211,169215,4,8
169203,169211,169215,4,8
169203,169211,169215,4,8
169203,169212,169216,4,9
169203,169212,169216,4,9
169203,169212,169216,4,9
169203,169212,169216,4,9
169203,169212,169216,4,9
169203,169214,169217,3,11
169203,169214,169217,3,11
169203,169214,169217,3,11
169203,169213,169217,4,10
169203,169212,169217,5,9
169203,169213,169217,4,10
169203,169213,169217,4,10
169203,169213,169217,4,10
169203,169214,169217,3,11
169203,169214,169217,3,11
169203,169214,169217,3,11
169203,169216,169217,1,13
169203,169216,169217,1,13
169203,169216,169217,1,13
169203,169216,169217,1,13
169203,169216,169217,1,13
169203,169214,169217,3,11
169203,169214,169217,3,11
169203,169214,169217,3,11
169203,169214,169217,3,11
169203,169214,169218,4,11
169203,169215,169218,3,12
169203,169213,169218,5,10
169203,169214,169218,4,11
169203,169215,169218,3,12
169203,169215,169219,4,12
169203,169216,169218,2,13
169203,169214,169218,4,11
169203,169216,169218,2,13
169203,169216,169218,2,13
169203,169216,169219,3,13
169203,169216,169218,2,13
169203,169215,169219,4,12
169203,169214,169219,5,11
169203,169215,169218,3,12
169203,169217,169219,2,14
169203,169215,169219,4,12
169203,169216,169218,2,13
169203,169215,169219,4,12
169203,169215,169219,4,12
169203,169215,169219,4,12
169203,169215,169219,4,12
169203,169215,169219,4,12
169203,169215,169219,4,12
169203,169217,169219,2,14
169203,169217,169220,3,14
169203,169215,169219,4,12
169203,169216,169219,3,13
169203,169216,169219,3,13
169203,169216,169219,3,13
169203,169217,169219,2,14
169203,169217,169219,2,14
169203,169217,169220,3,14
169203,169217,169220,3,14
169203,169217,169220,3,14
169203,169217,169220,3,14
169203,169218,169221,3,15
169203,169218,169220,2,15
169203,169218,169220,2,15
169203,169218,169221,3,15
169203,169218,169221,3,15
169203,169218,169220,2,15
169203,169218,169220,2,15
169203,169218,169221,3,15
169203,169218,169220,2,15
169203,169218,169221,3,15
169203,169218,169221,3,15
169203,169218,169221,3,15
169203,169217,169221,4,14
169203,169218,169222,4,15
169203,169218,169221,3,15
169203,169219,169221,2,16
169203,169219,169222,3,16
169203,169219,169221,2,16
169203,169218,169221,3,15
169203,169218,169221,3,15
169203,169219,169221,2,16
169203,169219,169222,3,16
169203,169218,169221,3,15
169203,169219,169221,2,16
169219,169220,169222,2,1
169203,169219,169222,3,16
169219,169220,169222,2,1
169203,169219,169222,3,16
169219,169221,169222,1,2
169219,169220,169222,2,1
169219,169220,169223,3,1
169203,169219,169222,3,16
169203,169219,169222,3,16
169219,169220,169223,3,1
169219,169220,169222,2,1
169203,169219,169222,3,16
169219,169220,169222,2,1
169219,169220,169223,3,1
169219,169220,169223,3,1
169219,169219,169223,4,0
169219,169220,169223,3,1
169219,169220,169224,4,1
169219,169221,169223,2,2
169219,169221,169223,2,2
169219,169220,169224,4,1
169219,169220,169223,3,1
169219,169220,169223,3,1
169219,169220,169224,4,1
169219,169220,169223,3,1
169219,169221,169224,3,2
169219,169222,169224,2,3
169219,169222,169224,2,3
169219,169220,169224,4,1
169219,169222,169224,2,3
169219,169222,169225,3,3
169219,169221,169224,3,2
169219,169221,169225,4,2
169219,169221,169224,3,2
169219,169221,169225,4,2
169219,169222,169225,3,3
169219,169222,169224,2,3
169219,169221,169224,3,2
169219,169222,169225,3,3
169219,169221,169225,4,2
169219,169221,169224,3,2
169219,169221,169225,4,2
169219,169223,169225,2,4
169219,169223,169225,2,4
169219,169223,169225,2,4
169219,169223,169225,2,4
169219,169222,169226,4,3
169219,169222,169225,3,3
169219,169222,169225,3,3
169219,169222,169225,3,3
169219,169223,169226,3,4
169219,169222,169225,3,3
169219,169221,169225,4,2
169219,169222,169226,4,3
169219,169222,169226,4,3
169219,169223,169226,3,4
169219,169222,169226,4,3
169219,169223,169226,3,4
169219,169223,169226,3,4
169219,169224,169227,3,5
169219,169223,169226,3,4
169219,169223,169227,4,4
169219,169223,169227,4,4
169219,169223,169226,3,4
169219,169223,169226,3,4
169219,169224,169227,3,5
169219,169224,169227,3,5
169219,169224,169228,4,5
169219,169224,169227,3,5
169219,169224,169227,3,5
169219,169223,169227,4,4
169219,169224,169227,3,5
169219,169225,169227,2,6
169219,169225,169228,3,6
169219,169224,169227,3,5
169219,169224,169228,4,5
169219,169225,169228,3,6
169219,169224,169228,4,5
169219,169225,169228,3,6
169219,169225,169228,3,6
169219,169225,169228,3,6
169219,169225,169228,3,6
169219,169225,169227,2,6
169219,169225,169228,3,6
169219,169225,169228,3,6
169219,169226,169228,2,7
169219,169226,169228,2,7
169219,169226,169229,3,7
169219,169226,169228,2,7
169219,169224,169228,4,5
169219,169225,169229,4,6
169219,169226,169229,3,7
169219,169225,169228,3,6
169219,169226,169229,3,7
169219,169226,169229,3,7
169219,169225,169229,4,6
169219,169225,169229,4,6
169219,169225,169229,4,6
169219,169226,169229,3,7
169219,169226,169229,3,7
169219,169226,169229,3,7
169219,169226,169229,3,7
169219,169226,169229,3,7
169219,169226,169229,3,7
169219,169226,169229,3,7
169219,169226,169230,4,7
169219,169227,169229,2,8
168381,168389,169230,841,8
169219,169227,169230,3,8
169219,169227,169230,3,8
169219,169226,169229,3,7
169219,169226,169230,4,7
169219,169226,169230,4,7
169219,169227,169230,3,8
169219,169228,169230,2,9
169219,169228,169230,2,9
169219,169228,169230,2,9
169219,169228,169230,2,9
169219,169228,169231,3,9
169219,169228,169231,3,9
169219,169228,169230,2,9
169219,169228,169231,3,9
169219,169227,169230,3,8
169219,169228,169230,2,9
169219,169227,169230,3,8
169219,169228,169231,3,9
168333,168339,169234,895,6
169257,169257,169260,3,0
169257,169257,169260,3,0
169257,169257,169260,3,0
169257,169257,169260,3,0
169257,169257,169260,3,0
169257,169257,169260,3,0
169257,169257,169261,4,0
169257,169257,169261,4,0
169257,169257,169260,3,0
169257,169257,169261,4,0
169257,169257,169261,4,0
169257,169257,169260,3,0
169257,169257,169260,3,0
169257,169257,169261,4,0
169257,169257,169261,4,0
169257,169257,169261,4,0
169257,169257,169261,4,0
169257,169257,169261,4,0
169257,169257,169261,4,0
169257,169257,169261,4,0
169257,169257,169261,4,0
169257,169257,169261,4,0
169257,169257,169261,4,0
169257,169257,169261,4,0
169257,169257,169261,4,0
169257,169257,169261,4,0
169257,169257,169261,4,0
169257,169257,169261,4,0
169257,169257,169261,4,0
169257,169257,169261,4,0
169257,169257,169261,4,0
169257,169257,169261,4,0
169257,169257,169261,4,0
169257,169257,169261,4,0
169257,169258,169261,3,1
169257,169258,169261,3,1
169257,169257,169262,5,0
169257,169257,169262,5,0
169257,169257,169261,4,0
169257,169257,169261,4,0
169257,169257,169262,5,0
169257,169257,169261,4,0
169257,169257,169262,5,0
169257,169257,169261,4,0
169257,169257,169261,4,0
169257,169258,169262,4,1
169257,169261,169263,2,4
169257,169261,169263,2,4
169257,169261,169263,2,4
169257,169261,169263,2,4
169257,169261,169263,2,4
169257,169260,169263,3,3
169257,169258,169263,5,1
169257,169258,169263,5,1
169257,169261,169264,3,4
169257,169260,169264,4,3
169257,169261,169264,3,4
169257,169261,169264,3,4
169257,169260,169264,4,3
169257,169260,169264,4,3
169257,169261,169263,2,4
169257,169261,169264,3,4
169257,169261,169264,3,4
169257,169260,169264,4,3
169257,169261,169264,3,4
169257,169261,169264,3,4
169257,169261,169264,3,4
169257,169262,169264,2,5
169257,169261,169265,4,4
169257,169261,169264,3,4
169257,169261,169265,4,4
169257,169261,169264,3,4
169257,169261,169265,4,4
169257,169262,169265,3,5
169257,169261,169265,4,4
169257,169261,169265,4,4
169257,169262,169265,3,5
169257,169261,169265,4,4
169257,169261,169265,4,4
169257,169262,169265,3,5
169257,169261,169265,4,4
169257,169261,169265,4,4
169257,169262,169265,3,5
169257,169262,169265,3,5
169257,169262,169265,3,5
169257,169262,169265,3,5
169257,169261,169265,4,4
169257,169261,169265,4,4
169257,169261,169265,4,4
169257,169262,169265,3,5
169257,169263,169265,2,6
169257,169262,169265,3,5
169257,169263,169266,3,6
169257,169262,169266,4,5
169257,169263,169266,3,6
169257,169264,169266,2,7
169257,169264,169266,2,7
169257,169264,169267,3,7
169257,169261,169266,5,4
169257,169264,169266,2,7
169257,169264,169267,3,7
169257,169264,169267,3,7
169257,169264,169267,3,7
169257,169265,169268,3,8
169257,169264,169268,4,7
169257,169264,169267,3,7
169257,169264,169267,3,7
169257,169264,169267,3,7
169257,169265,169267,2,8
169257,169265,169267,2,8
169257,169265,169267,2,8
169257,169265,169267,2,8
169257,169265,169267,2,8
169257,169265,169267,2,8
169257,169264,169267,3,7
169257,169264,169267,3,7
169257,169265,169268,3,8
169267,169267,169270,3,0
169267,169267,169270,3,0
169267,169267,169270,3,0
169267,169267,169270,3,0
169267,169267,169270,3,0
169267,169267,169270,3,0
169267,169267,169270,3,0
169267,169267,169271,4,0
169267,169267,169270,3,0
169267,169268,169271,3,1
169267,169267,169271,4,0
169267,169267,169271,4,0
169267,169267,169271,4,0
169267,169267,169271,4,0
169267,169267,169271,4,0
169267,169267,169271,4,0
169267,169267,169271,4,0
169267,169267,169271,4,0
169267,169267,169271,4,0
169267,169268,169270,2,1
169267,169267,169270,3,0
169267,169267,169271,4,0
169267,169267,169271,4,0
169267,169268,169271,3,1
169267,169267,169271,4,0
169267,169267,169271,4,0
169267,169267,169271,4,0
169267,169267,169271,4,0
169267,169267,169271,4,0
169267,169267,169271,4,0
169267,169267,169272,5,0
169267,169268,169272,4,1
169267,169268,169272,4,1
169267,169268,169272,4,1
169267,169268,169272,4,1
169267,169267,169272,5,0
169267,169267,169271,4,0
169267,169268,169271,3,1
169267,169268,169272,4,1
169267,169267,169272,5,0
169267,169267,169272,5,0
169267,169268,169272,4,1
169267,169268,169272,4,1
169267,169269,169272,3,2
169267,169269,169272,3,2
169267,169270,169273,3,3
169267,169270,169273,3,3
169267,169270,169273,3,3
169267,169268,169273,5,1
169267,169271,169273,2,4
169267,169272,169273,1,5
169267,169268,169273,5,1
169267,169270,169273,3,3
169267,169272,169274,2,5
169267,169272,169273,1,5
169267,169272,169273,1,5
169267,169272,169274,2,5
169267,169272,169274,2,5
169267,169271,169274,3,4
169267,169271,169274,3,4
169267,169271,169274,3,4
169267,169271,169274,3,4
169267,169271,169275,4,4
169267,169270,169274,4,3
169267,169271,169274,3,4
169267,169271,169274,3,4
169267,169271,169275,4,4
169267,169271,169275,4,4
169267,169272,169275,3,5
169267,169272,169275,3,5
169267,169271,169275,4,4
169267,169272,169275,3,5
169267,169272,169275,3,5
169267,169271,169275,4,4
169267,169271,169275,4,4
169267,169271,169275,4,4
169267,169271,169275,4,4
169267,169273,169275,2,6
169267,169271,169275,4,4
169267,169271,169275,4,4
169267,169273,169276,3,6
169267,169271,169275,4,4
169267,169271,169275,4,4
169267,169273,169275,2,6
169267,169271,169275,4,4
169267,169273,169275,2,6
169267,169273,169275,2,6
169267,169273,169275,2,6
169267,169273,169276,3,6
169267,169273,169276,3,6
169267,169273,169276,3,6
169267,169274,169276,2,7
169267,169274,169276,2,7
169267,169274,169277,3,7
169267,169274,169276,2,7
169267,169274,169276,2,7
169267,169273,169276,3,6
169267,169273,169276,3,6
169267,169274,169277,3,7
169267,169274,169277,3,7
169267,169274,169277,3,7
169267,169275,169277,2,8
169267,169275,169278,3,8
169267,169275,169277,2,8
169267,169275,169277,2,8
169267,169274,169277,3,7
169267,169275,169277,2,8
169267,169275,169277,2,8
169267,169274,169278,4,7
169267,169274,169278,4,7
169267,169275,169278,3,8
169267,169276,169278,2,9
169267,169276,169278,2,9
169267,169275,169278,3,8
169267,169276,169278,2,9
169267,169276,169278,2,9
169267,169276,169278,2,9
169267,169275,169278,3,8
169267,169274,169278,4,7
169267,169276,169279,3,9
169257,169278,169280,2,21
169257,169278,169281,3,21
169257,169278,169282,4,21
168394,168402,169301,899,8
168428,168435,169309,874,7
169310,169311,169312,1,1
169310,169311,169313,2,1
169310,169311,169313,2,1
169310,169311,169313,2,1
169310,169311,169314,3,1
169310,169311,169313,2,1
169310,169311,169314,3,1
169310,169311,169313,2,1
169310,169311,169313,2,1
169310,169311,169314,3,1
169310,169311,169314,3,1
169310,169311,169315,4,1
169310,169311,169315,4,1
169310,169311,169314,3,1
169310,169311,169314,3,1
169310,169311,169315,4,1
169310,169311,169315,4,1
169310,169311,169315,4,1
169310,169311,169314,3,1
169310,169311,169314,3,1
169310,169311,169314,3,1
169310,169311,169315,4,1
169310,169311,169314,3,1
169310,169311,169314,3,1
169310,169311,169315,4,1
169310,169311,169314,3,1
169310,169311,169315,4,1
169310,169311,169315,4,1
169310,169311,169314,3,1
169310,169311,169315,4,1
169310,169311,169315,4,1
169310,169311,169314,3,1
169310,169311,169315,4,1
169310,169311,169315,4,1
169310,169311,169316,5,1
169310,169311,169315,4,1
169310,169311,169316,5,1
169310,169311,169315,4,1
169310,169311,169315,4,1
169310,169311,169315,4,1
169310,169311,169315,4,1
169310,169311,169316,5,1
169310,169311,169315,4,1
169310,169311,169316,5,1
169310,169311,169315,4,1
169310,169311,169315,4,1
169310,169314,169317,3,4
169310,169314,169317,3,4
169310,169315,169317,2,5
169310,169315,169317,2,5
169310,169315,169317,2,5
169310,169315,169316,1,5
169310,169314,169317,3,4
169310,169315,169316,1,5
169310,169313,169317,4,3
169310,169315,169317,2,5
169310,169315,169316,1,5
169310,169315,169317,2,5
168443,168450,169318,868,7
169310,169314,169317,3,4
169310,169314,169317,3,4
169310,169314,169318,4,4
169310,169315,169318,3,5
169310,169314,169317,3,4
169310,169315,169318,3,5
169310,169315,169318,3,5
169310,169315,169317,2,5
169310,169315,169318,3,5
169310,169314,169317,3,4
169310,169315,169318,3,5
169310,169315,169318,3,5
169310,169315,169318,3,5
169310,169315,169318,3,5
169310,169316,169318,2,6
169310,169316,169318,2,6
169310,169316,169319,3,6
169310,169316,169319,3,6
169310,169316,169319,3,6
169310,169316,169319,3,6
169310,169316,169320,4,6
169310,169316,169319,3,6
169310,169316,169319,3,6
169310,169317,169320,3,7
169310,169317,169320,3,7
169310,169316,169319,3,6
169310,169317,169319,2,7
169310,169317,169320,3,7
169310,169317,169319,2,7
169310,169317,169320,3,7
169310,169317,169320,3,7
169310,169317,169320,3,7
169310,169317,169320,3,7
169310,169318,169321,3,8
169310,169318,169321,3,8
169310,169318,169321,3,8
169310,169318,169321,3,8
169310,169318,169321,3,8
169310,169317,169320,3,7
169310,169317,169320,3,7
169310,169317,169321,4,7
169310,169318,169321,3,8
169310,169317,169321,4,7
169310,169318,169321,3,8
169310,169318,169321,3,8
169310,169318,169321,3,8
169310,169318,169321,3,8
169310,169318,169321,3,8
169310,169317,169321,4,7
169310,169317,169320,3,7
169310,169318,169321,3,8
169310,169318,169321,3,8
169310,169317,169322,5,7
169310,169317,169321,4,7
169321,169321,169323,2,0
169321,169321,169324,3,0
169321,169321,169324,3,0
169321,169321,169324,3,0
169321,169321,169323,2,0
169321,169321,169324,3,0
169321,169321,169325,4,0
169321,169321,169325,4,0
169321,169321,169325,4,0
169321,169321,169324,3,0
169321,169321,169325,4,0
169321,169321,169325,4,0
169321,169321,169325,4,0
169321,169321,169325,4,0
169321,169321,169325,4,0
169321,169321,169325,4,0
169321,169321,169325,4,0
169321,169321,169325,4,0
169321,169321,169324,3,0
169321,169321,169325,4,0
169321,169321,169325,4,0
169321,169321,169325,4,0
169321,169321,169325,4,0
169321,169321,169325,4,0
169321,169321,169325,4,0
169321,169321,169325,4,0
169321,169321,169325,4,0
169321,169321,169325,4,0
169321,169321,169325,4,0
169321,169321,169326,5,0
169321,169321,169326,5,0
169321,169321,169326,5,0
169321,169321,169326,5,0
169321,169321,169326,5,0
169321,169321,169326,5,0
169310,169325,169326,1,15
169321,169323,169326,3,2
169321,169323,169326,3,2
169321,169321,169326,5,0
169321,169324,169327,3,3
169310,169325,169327,2,15
169321,169324,169327,3,3
169321,169324,169327,3,3
169321,169323,169327,4,2
169321,169323,169327,4,2
169321,169323,169328,5,2
169321,169323,169327,4,2
169321,169325,169328,3,4
169321,169325,169328,3,4
169321,169327,169328,1,6
169321,169327,169328,1,6
169321,169327,169328,1,6
169321,169327,169328,1,6
169321,169327,169328,1,6
169321,169326,169328,2,5
169321,169326,169328,2,5
169321,169326,169328,2,5
169321,169324,169328,4,3
169321,169325,169329,4,4
169321,169325,169329,4,4
169321,169325,169329,4,4
169321,169325,169329,4,4
169321,169325,169329,4,4
169321,169326,169329,3,5
169321,169325,169329,4,4
169321,169325,169329,4,4
169321,169325,169329,4,4
169310,169325,169329,4,15
169321,169325,169329,4,4
169321,169327,169329,2,6
169321,169326,169329,3,5
169321,169326,169329,3,5
169321,169326,169329,3,5
169321,169324,169329,5,3
169321,169326,169330,4,5
169321,169326,169329,3,5
169321,169325,169329,4,4
169321,169327,169329,2,6
169321,169325,169330,5,4
169321,169328,169331,3,7
169321,169328,169331,3,7
169321,169326,169330,4,5
169321,169328,169331,3,7
169321,169329,169331,2,8
169321,169328,169331,3,7
169321,169329,169331,2,8
169321,169329,169331,2,8
169321,169329,169331,2,8
169321,169328,169331,3,7
169321,169329,169332,3,8
169321,169329,169332,3,8
169321,169329,169332,3,8
169321,169328,169331,3,7
169321,169329,169332,3,8
169321,169329,169332,3,8
169321,169329,169332,3,8
169321,169329,169332,3,8
169321,169330,169332,2,9
169321,169330,169332,2,9
169321,169330,169333,3,9
169321,169329,169332,3,8
169321,169330,169332,2,9
169321,169330,169332,2,9
169321,169330,169333,3,9
169321,169329,169333,4,8
169321,169330,169332,2,9
169321,169330,169333,3,9
169321,169330,169333,3,9
169321,169329,169332,3,8
169321,169330,169333,3,9
169321,169330,169332,2,9
169321,169329,169332,3,8
169321,169330,169333,3,9
169321,169330,169332,2,9
169321,169330,169333,3,9
169321,169329,169332,3,8
169321,169330,169333,3,9
169321,169330,169333,3,9
169321,169330,169333,3,9
169321,169330,169333,3,9
169321,169330,169333,3,9
169321,169330,169333,3,9
169321,169331,169333,2,10
169324,169331,169334,3,7
169324,169331,169334,3,7
169324,169332,169335,3,8
169310,169314,169316,2,4
169310,169315,169317,2,5
169324,169332,169334,2,8
169324,169332,169335,3,8
169324,169331,169334,3,7
169324,169332,169334,2,8
169324,169332,169335,3,8
169324,169332,169335,3,8
169324,169332,169335,3,8
169324,169333,169335,2,9
169324,169334,169336,2,10
169324,169332,169335,3,8
169324,169332,169335,3,8
169324,169333,169336,3,9
169324,169332,169335,3,8
169324,169332,169335,3,8
169324,169332,169335,3,8
169324,169333,169336,3,9
169324,169333,169336,3,9
169324,169333,169336,3,9
169324,169333,169336,3,9
169324,169333,169336,3,9
169324,169333,169335,2,9
169324,169334,169337,3,10
169324,169333,169336,3,9
169324,169333,169336,3,9
169324,169333,169336,3,9
169324,169333,169337,4,9
169324,169333,169337,4,9
169324,169333,169336,3,9
169324,169333,169337,4,9
169324,169333,169337,4,9
169324,169334,169337,3,10
169324,169332,169337,5,8
169324,169332,169336,4,8
169324,169334,169336,2,10
169324,169334,169337,3,10
169324,169333,169337,4,9
169310,169335,169338,3,25
169324,169334,169338,4,10
169324,169333,169337,4,9
169324,169334,169337,3,10
169324,169335,169338,3,11
169324,169335,169338,3,11
169324,169334,169338,4,10
169324,169334,169338,4,10
169324,169336,169339,3,12
169324,169336,169339,3,12
169310,169335,169338,3,25
169310,169335,169338,3,25
169324,169335,169338,3,11
169324,169335,169338,3,11
169324,169334,169338,4,10
169324,169335,169339,4,11
169324,169336,169339,3,12
169324,169336,169339,3,12
169324,169336,169339,3,12
169324,169336,169339,3,12
169324,169336,169339,3,12
169324,169335,169339,4,11
169324,169336,169339,3,12
169324,169337,169339,2,13
169324,169337,169339,2,13
169324,169336,169339,3,12
169324,169336,169339,3,12
169324,169336,169340,4,12
169324,169336,169340,4,12
169324,169336,169339,3,12
169324,169335,169339,4,11
169324,169338,169340,2,14
169324,169336,169339,3,12
169324,169337,169340,3,13
169324,169337,169340,3,13
169324,169337,169340,3,13
169324,169338,169341,3,14
169324,169338,169340,2,14
169324,169337,169341,4,13
169324,169337,169341,4,13
169324,169338,169341,3,14
169324,169338,169341,3,14
169324,169339,169341,2,15
169324,169338,169341,3,14
169324,169336,169340,4,12
169324,169337,169340,3,13
169324,169338,169341,3,14
169324,169339,169341,2,15
169324,169337,169341,4,13
169324,169337,169341,4,13
169324,169338,169341,3,14
169324,169338,169341,3,14
169324,169339,169341,2,15
169324,169339,169341,2,15
169324,169338,169341,3,14
169324,169338,169341,3,14
169324,169338,169341,3,14
169324,169340,169342,2,16
169324,169339,169342,3,15
169324,169339,169342,3,15
169324,169339,169342,3,15
169324,169339,169342,3,15
169324,169339,169342,3,15
169324,169339,169342,3,15
169324,169339,169342,3,15
169324,169339,169342,3,15
169324,169338,169341,3,14
169324,169339,169342,3,15
169324,169339,169342,3,15
169324,169339,169341,2,15
169324,169340,169343,3,16
169324,169340,169343,3,16
169324,169339,169342,3,15
169324,169340,169342,2,16
169324,169339,169342,3,15
169324,169339,169343,4,15
169324,169339,169343,4,15
169324,169339,169342,3,15
169324,169339,169343,4,15
169324,169340,169342,2,16
169324,169340,169343,3,16
169324,169340,169343,3,16
169324,169341,169343,2,17
169324,169340,169344,4,16
168446,168461,169351,890,15
169367,169367,169370,3,0
169367,169367,169369,2,0
169367,169367,169370,3,0
169367,169367,169371,4,0
169367,169367,169371,4,0
169367,169367,169371,4,0
169367,169367,169371,4,0
169367,169367,169371,4,0
169367,169368,169371,3,1
169367,169368,169371,3,1
169367,169368,169371,3,1
169367,169367,169371,4,0
169367,169367,169370,3,0
169367,169367,169371,4,0
169367,169367,169371,4,0
169367,169367,169371,4,0
169367,169367,169370,3,0
169367,169367,169370,3,0
169367,169367,169370,3,0
169367,169367,169371,4,0
169367,169367,169370,3,0
169367,169367,169371,4,0
169367,169367,169371,4,0
169367,169367,169371,4,0
169367,169367,169371,4,0
169367,169369,169372,3,2
169367,169367,169372,5,0
169367,169367,169371,4,0
169367,169367,169372,5,0
169367,169367,169371,4,0
169367,169367,169372,5,0
169367,169367,169372,5,0
169367,169367,169372,5,0
169367,169367,169372,5,0
169367,169369,169372,3,2
169367,169369,169372,3,2
169367,169371,169373,2,4
169367,169371,169374,3,4
169367,169371,169374,3,4
169367,169371,169374,3,4
169367,169370,169373,3,3
169367,169370,169374,4,3
169367,169371,169374,3,4
169367,169372,169374,2,5
169367,169370,169374,4,3
169367,169371,169374,3,4
169367,169371,169375,4,4
169367,169371,169375,4,4
169367,169371,169375,4,4
169367,169371,169375,4,4
169367,169371,169375,4,4
169367,169371,169375,4,4
169367,169372,169375,3,5
169367,169371,169375,4,4
169367,169371,169375,4,4
169367,169371,169375,4,4
169367,169371,169375,4,4
169367,169371,169375,4,4
169367,169373,169376,3,6
169367,169372,169376,4,5
169367,169372,169376,4,5
169367,169372,169376,4,5
169367,169373,169376,3,6
169367,169372,169376,4,5
169367,169371,169376,5,4
169367,169373,169376,3,6
169367,169375,169377,2,8
169367,169375,169377,2,8
169367,169375,169378,3,8
169367,169375,169377,2,8
169367,169375,169377,2,8
169367,169375,169377,2,8
169367,169375,169378,3,8
169367,169375,169377,2,8
169367,169374,169378,4,7
169367,169374,169378,4,7
169367,169374,169377,3,7
169367,169375,169378,3,8
169367,169375,169378,3,8
169367,169376,169378,2,9
169367,169377,169378,1,10
169367,169376,169378,2,9
169367,169376,169378,2,9
169367,169376,169378,2,9
169367,169376,169378,2,9
169367,169377,169378,1,10
169367,169376,169378,2,9
169367,169377,169379,2,10
169367,169376,169379,3,9
169367,169376,169378,2,9
169367,169376,169378,2,9
169367,169377,169379,2,10
169367,169376,169380,4,9
169367,169376,169379,3,9
169367,169377,169379,2,10
169367,169376,169379,3,9
169367,169376,169379,3,9
169367,169377,169379,2,10
169367,169377,169379,2,10
169367,169377,169380,3,10
169367,169378,169380,2,11
169367,169378,169380,2,11
169367,169378,169380,2,11
169367,169378,169381,3,11
169367,169378,169381,3,11
169367,169378,169381,3,11
169367,169378,169381,3,11
169367,169378,169381,3,11
169367,169378,169382,4,11
169367,169378,169381,3,11
169367,169378,169382,4,11
169367,169378,169381,3,11
169367,169378,169381,3,11
169367,169378,169382,4,11
169367,169380,169382,2,13
169367,169368,169371,3,1
169367,169368,169371,3,1
169367,169390,169393,3,23
169367,169390,169393,3,23
169367,169390,169394,4,23
168509,168517,169397,880,8
169415,169416,169418,2,1
169415,169416,169418,2,1
169415,169416,169418,2,1
169415,169416,169418,2,1
169415,169416,169418,2,1
169415,169416,169418,2,1
169415,169416,169418,2,1
169415,169416,169418,2,1
169415,169416,169418,2,1
169415,169416,169418,2,1
169415,169416,169419,3,1
169415,169416,169419,3,1
169415,169416,169420,4,1
169415,169416,169419,3,1
169415,169416,169419,3,1
169415,169416,169420,4,1
169415,169416,169419,3,1
169415,169416,169419,3,1
169415,169416,169419,3,1
169415,169416,169419,3,1
169415,169416,169419,3,1
169415,169416,169419,3,1
169415,169416,169419,3,1
169415,169416,169419,3,1
169415,169416,169419,3,1
169415,169416,169419,3,1
169415,169416,169419,3,1
169415,169416,169419,3,1
169415,169416,169419,3,1
169415,169416,169419,3,1
169415,169416,169419,3,1
169415,169416,169419,3,1
169415,169416,169420,4,1
169415,169416,169419,3,1
169415,169416,169419,3,1
169415,169416,169420,4,1
169415,169416,169420,4,1
169415,169416,169420,4,1
169415,169416,169420,4,1
169415,169416,169420,4,1
169415,169416,169420,4,1
169415,169419,169421,2,4
169415,169416,169420,4,1
169415,169419,169421,2,4
169415,169418,169422,4,3
169415,169419,169422,3,4
169415,169419,169421,2,4
169415,169419,169422,3,4
169415,169419,169422,3,4
169415,169420,169422,2,5
169415,169419,169422,3,4
169415,169420,169423,3,5
169415,169419,169423,4,4
169415,169420,169423,3,5
169415,169421,169423,2,6
169415,169419,169422,3,4
169415,169419,169422,3,4
169415,169420,169422,2,5
169415,169420,169423,3,5
169415,169420,169422,2,5
169415,169420,169423,3,5
169415,169420,169423,3,5
169415,169420,169424,4,5
169415,169420,169424,4,5
169415,169420,169424,4,5
169415,169420,169424,4,5
169415,169420,169423,3,5
169415,169420,169423,3,5
169415,169421,169423,2,6
169415,169420,169424,4,5
169415,169420,169423,3,5
169415,169420,169423,3,5
169415,169420,169424,4,5
169415,169421,169423,2,6
169415,169420,169424,4,5
169415,169420,169424,4,5
169415,169422,169424,2,7
169415,169420,169424,4,5
169415,169420,169424,4,5
169415,169423,169425,2,8
169415,169421,169424,3,6
169415,169422,169424,2,7
169415,169422,169424,2,7
169415,169420,169425,5,5
169415,169422,169424,2,7
169415,169420,169424,4,5
169415,169423,169425,2,8
169415,169422,169425,3,7
169415,169423,169426,3,8
169415,169424,169426,2,9
169415,169423,169426,3,8
169415,169424,169426,2,9
169415,169423,169426,3,8
169415,169423,169426,3,8
169415,169424,169426,2,9
169415,169424,169426,2,9
169415,169423,169426,3,8
169415,169423,169426,3,8
169415,169424,169426,2,9
169415,169423,169426,3,8
169415,169423,169426,3,8
169415,169423,169426,3,8
169415,169424,169426,2,9
169415,169424,169427,3,9
169415,169424,169426,2,9
169415,169424,169427,3,9
169415,169423,169426,3,8
169415,169423,169426,3,8
169415,169424,169426,2,9
169415,169424,169426,2,9
169415,169423,169426,3,8
169415,169424,169427,3,9
169415,169424,169427,3,9
169415,169423,169427,4,8
169415,169424,169426,2,9
169415,169423,169427,4,8
169415,169424,169427,3,9
169415,169424,169427,3,9
169415,169425,169428,3,10
169415,169425,169427,2,10
168562,168569,169462,893,7
169464,169464,169466,2,0
169464,169464,169466,2,0
169464,169465,169467,2,1
169464,169465,169467,2,1
169464,169465,169467,2,1
169464,169464,169467,3,0
169464,169465,169467,2,1
169464,169464,169467,3,0
169464,169464,169468,4,0
169464,169464,169468,4,0
169464,169464,169468,4,0
169464,169464,169468,4,0
169464,169465,169468,3,1
169464,169465,169468,3,1
169464,169465,169469,4,1
169464,169465,169468,3,1
169464,169465,169468,3,1
169464,169465,169468,3,1
169464,169464,169468,4,0
169464,169464,169468,4,0
169464,169465,169468,3,1
169464,169465,169469,4,1
169464,169464,169468,4,0
169464,169464,169468,4,0
169464,169464,169468,4,0
169464,169465,169468,3,1
169464,169465,169469,4,1
169464,169464,169469,5,0
169464,169464,169469,5,0
169464,169465,169469,4,1
169464,169464,169469,5,0
169464,169467,169469,2,3
169464,169465,169469,4,1
169464,169464,169469,5,0
169464,169464,169470,6,0
169464,169467,169470,3,3
169464,169468,169470,2,4
169464,169468,169470,2,4
169464,169469,169471,2,5
169464,169468,169471,3,4
169464,169468,169472,4,4
169464,169468,169471,3,4
169464,169469,169472,3,5
169464,169469,169472,3,5
169464,169469,169472,3,5
169464,169470,169472,2,6
169464,169470,169472,2,6
169464,169469,169472,3,5
169464,169469,169472,3,5
169464,169469,169472,3,5
169464,169470,169472,2,6
169464,169470,169473,3,6
169464,169469,169472,3,5
169464,169469,169472,3,5
169464,169469,169472,3,5
169464,169469,169473,4,5
169464,169470,169472,2,6
169464,169469,169472,3,5
169464,169469,169472,3,5
169464,169470,169473,3,6
169464,169469,169472,3,5
169464,169471,169473,2,7
169464,169469,169473,4,5
169464,169469,169473,4,5
169464,169469,169473,4,5
169464,169470,169474,4,6
169464,169469,169473,4,5
169464,169472,169474,2,8
169464,169470,169474,4,6
169464,169470,169473,3,6
169464,169471,169473,2,7
169464,169471,169474,3,7
169464,169472,169474,2,8
169464,169472,169474,2,8
169464,169472,169474,2,8
169464,169472,169475,3,8
169464,169472,169475,3,8
169464,169473,169475,2,9
169464,169473,169475,2,9
169464,169472,169475,3,8
169464,169473,169476,3,9
169464,169473,169475,2,9
169464,169474,169476,2,10
169464,169473,169476,3,9
169464,169473,169475,2,9
169464,169474,169476,2,10
169464,169473,169476,3,9
169464,169473,169476,3,9
169464,169474,169476,2,10
169464,169473,169476,3,9
169464,169473,169476,3,9
169464,169474,169476,2,10
169464,169473,169476,3,9
169464,169473,169476,3,9
169464,169473,169476,3,9
169464,169474,169476,2,10
169464,169474,169477,3,10
169464,169474,169476,2,10
169464,169473,169476,3,9
169464,169473,169476,3,9
169464,169473,169476,3,9
169464,169473,169476,3,9
169464,169474,169477,3,10
169464,169474,169476,2,10
169464,169474,169476,2,10
169464,169475,169478,3,11
169464,169475,169478,3,11
169464,169475,169478,3,11
169464,169475,169478,3,11
169464,169476,169478,2,12
169464,169476,169478,2,12
169464,169476,169478,2,12
169464,169465,169469,4,1
169464,169465,169469,4,1
169464,169465,169468,3,1
168579,168586,169485,899,7
169464,169484,169485,1,20
168607,168615,169486,871,8
169464,169484,169486,2,20
169464,169484,169486,2,20
169464,169484,169486,2,20
169464,169485,169488,3,21
169488,169488,169490,2,0
169488,169488,169490,2,0
169488,169488,169490,2,0
169488,169488,169490,2,0
169488,169488,169490,2,0
169488,169488,169491,3,0
169488,169488,169490,2,0
169488,169488,169491,3,0
169488,169488,169491,3,0
169488,169488,169490,2,0
169488,169488,169491,3,0
169488,169488,169491,3,0
169488,169488,169491,3,0
169488,169488,169492,4,0
169488,169488,169492,4,0
169488,169488,169492,4,0
169488,169488,169492,4,0
169488,169488,169492,4,0
169488,169488,169492,4,0
169488,169488,169492,4,0
169488,169488,169492,4,0
169488,169488,169492,4,0
169488,169488,169491,3,0
169488,169488,169491,3,0
169488,169488,169491,3,0
169488,169488,169491,3,0
169488,169488,169492,4,0
169488,169488,169492,4,0
169488,169488,169491,3,0
169488,169488,169491,3,0
169488,169488,169492,4,0
169488,169488,169492,4,0
169488,169488,169492,4,0
169488,169490,169493,3,2
169488,169488,169493,5,0
169488,169488,169492,4,0
169488,169488,169492,4,0
169488,169488,169493,5,0
169488,169491,169493,2,3
169488,169488,169492,4,0
169488,169488,169492,4,0
169488,169488,169492,4,0
169488,169488,169492,4,0
169488,169488,169492,4,0
169488,169491,169494,3,3
169488,169490,169493,3,2
169488,169490,169494,4,2
169488,169491,169494,3,3
169488,169491,169495,4,3
169488,169492,169495,3,4
169488,169491,169495,4,3
169488,169491,169495,4,3
169488,169492,169495,3,4
169488,169491,169495,4,3
169488,169492,169495,3,4
169488,169492,169495,3,4
169488,169492,169495,3,4
169488,169492,169495,3,4
169488,169492,169495,3,4
169488,169492,169495,3,4
169488,169492,169495,3,4
169488,169492,169496,4,4
169488,169493,169496,3,5
169488,169492,169496,4,4
169488,169493,169496,3,5
169488,169493,169496,3,5
169488,169491,169496,5,3
169488,169492,169495,3,4
169488,169492,169496,4,4
169488,169492,169496,4,4
169488,169491,169496,5,3
169488,169493,169496,3,5
169488,169492,169496,4,4
169488,169493,169496,3,5
169488,169493,169496,3,5
169488,169492,169496,4,4
169488,169492,169496,4,4
169488,169493,169496,3,5
169488,169493,169497,4,5
169488,169493,169497,4,5
169488,169493,169497,4,5
169488,169493,169497,4,5
169488,169493,169497,4,5
169488,169492,169496,4,4
169488,169492,169497,5,4
169488,169494,169497,3,6
169488,169493,169497,4,5
169488,169494,169497,3,6
169488,169494,169497,3,6
169488,169494,169497,3,6
169488,169495,169498,3,7
169488,169496,169498,2,8
169488,169495,169498,3,7
169488,169496,169498,2,8
169488,169495,169498,3,7
169488,169495,169498,3,7
169488,169496,169498,2,8
169488,169497,169498,1,9
169488,169496,169499,3,8
169488,169495,169498,3,7
169488,169496,169498,2,8
169488,169495,169498,3,7
169488,169495,169498,3,7
169488,169496,169499,3,8
169488,169496,169499,3,8
169488,169496,169499,3,8
169488,169496,169499,3,8
169488,169496,169499,3,8
169488,169495,169499,4,7
169488,169495,169499,4,7
169488,169496,169499,3,8
169488,169495,169499,4,7
169488,169497,169499,2,9
169488,169497,169499,2,9
169488,169497,169499,2,9
169488,169497,169499,2,9
169488,169497,169499,2,9
169488,169497,169499,2,9
169488,169497,169500,3,9
169488,169496,169500,4,8
169512,169513,169514,1,1
169512,169513,169514,1,1
169512,169513,169514,1,1
169512,169513,169515,2,1
169512,169513,169515,2,1
169512,169513,169516,3,1
169512,169513,169516,3,1
169512,169513,169515,2,1
169512,169513,169515,2,1
169512,169513,169515,2,1
169512,169513,169515,2,1
169512,169513,169516,3,1
169512,169513,169516,3,1
169512,169513,169517,4,1
169512,169513,169516,3,1
169512,169513,169516,3,1
169512,169513,169516,3,1
169512,169513,169516,3,1
169512,169513,169516,3,1
169512,169513,169516,3,1
169512,169513,169516,3,1
169512,169513,169516,3,1
169512,169513,169516,3,1
169512,169513,169517,4,1
169512,169513,169516,3,1
169512,169513,169516,3,1
169512,169513,169516,3,1
169512,169513,169516,3,1
169512,169513,169516,3,1
169512,169513,169516,3,1
169512,169513,169516,3,1
169512,169513,169516,3,1
169512,169513,169516,3,1
169512,169513,169516,3,1
169512,169513,169517,4,1
169512,169513,169516,3,1
169512,169513,169518,5,1
169512,169515,169517,2,3
169512,169513,169517,4,1
169512,169515,169518,3,3
169512,169515,169518,3,3
169512,169513,169517,4,1
169512,169513,169518,5,1
169512,169515,169518,3,3
169512,169515,169518,3,3
169512,169516,169519,3,4
169512,169516,169519,3,4
169512,169517,169520,3,5
169512,169517,169520,3,5
169512,169517,169519,2,5
169512,169516,169520,4,4
169512,169516,169519,3,4
169512,169517,169519,2,5
169512,169517,169520,3,5
169512,169516,169519,3,4
169512,169517,169520,3,5
169512,169517,169520,3,5
169512,169517,169521,4,5
169512,169517,169520,3,5
169512,169517,169520,3,5
169512,169517,169521,4,5
169512,169517,169521,4,5
169512,169516,169520,4,4
169512,169517,169520,3,5
169512,169517,169521,4,5
169512,169517,169520,3,5
169512,169517,169521,4,5
169512,169517,169520,3,5
169512,169517,169520,3,5
169512,169517,169520,3,5
169512,169518,169521,3,6
169512,169518,169522,4,6
169512,169518,169521,3,6
169512,169517,169521,4,5
169512,169518,169521,3,6
169512,169520,169522,2,8
169512,169517,169521,4,5
169512,169518,169522,4,6
169512,169520,169522,2,8
169512,169518,169521,3,6
169512,169519,169522,3,7
169512,169520,169523,3,8
169512,169520,169523,3,8
169512,169521,169523,2,9
169512,169520,169523,3,8
169512,169519,169522,3,7
169512,169519,169522,3,7
169512,169520,169523,3,8
169512,169520,169523,3,8
169512,169521,169523,2,9
169512,169521,169523,2,9
169512,169520,169523,3,8
169512,169520,169522,2,8
169512,169521,169523,2,9
169512,169521,169523,2,9
169512,169522,169524,2,10
169512,169520,169523,3,8
169512,169520,169523,3,8
169512,169521,169524,3,9
169512,169521,169524,3,9
169512,169521,169524,3,9
169512,169521,169524,3,9
169512,169521,169524,3,9
169512,169521,169524,3,9
169512,169521,169523,2,9
169512,169521,169524,3,9
169512,169522,169525,3,10
169512,169521,169524,3,9
169512,169522,169525,3,10
169512,169522,169524,2,10
169512,169522,169524,2,10
169512,169522,169525,3,10
169512,169522,169525,3,10
169512,169522,169524,2,10
169512,169522,169525,3,10
169512,169517,169526,9,5
168631,168646,169533,887,15
169512,169513,169517,4,1
169512,169516,169520,4,4
169512,169516,169519,3,4
169534,169534,169536,2,0
169534,169534,169536,2,0
169534,169534,169536,2,0
169512,169534,169537,3,22
169534,169534,169537,3,0
169534,169534,169537,3,0
169534,169534,169536,2,0
169534,169534,169536,2,0
169534,169534,169537,3,0
169534,169534,169537,3,0
169534,169534,169537,3,0
169534,169534,169538,4,0
169534,169534,169538,4,0
169534,169534,169538,4,0
169534,169534,169538,4,0
169534,169534,169538,4,0
169534,169534,169538,4,0
169534,169534,169538,4,0
169534,169534,169538,4,0
169534,169534,169538,4,0
169534,169534,169537,3,0
169534,169534,169538,4,0
169534,169534,169538,4,0
169534,169534,169538,4,0
169534,169534,169538,4,0
169534,169534,169538,4,0
169534,169534,169538,4,0
169534,169534,169538,4,0
169534,169534,169538,4,0
169534,169534,169538,4,0
169534,169534,169539,5,0
169534,169535,169539,4,1
169534,169536,169539,3,2
169534,169534,169539,5,0
169534,169534,169539,5,0
169534,169534,169539,5,0
169534,169534,169539,5,0
169534,169534,169539,5,0
169534,169537,169539,2,3
169534,169534,169539,5,0
169534,169534,169539,5,0
169534,169534,169539,5,0
169534,169534,169540,6,0
169534,169536,169540,4,2
169534,169537,169540,3,3
169534,169537,169540,3,3
169534,169536,169540,4,2
169534,169537,169541,4,3
169534,169537,169541,4,3
169534,169538,169541,3,4
169534,169537,169541,4,3
169534,169539,169541,2,5
169534,169537,169541,4,3
169534,169539,169542,3,5
169534,169539,169542,3,5
169534,169539,169541,2,5
169534,169537,169541,4,3
169534,169539,169542,3,5
169534,169539,169542,3,5
169534,169540,169542,2,6
169534,169538,169543,5,4
169534,169538,169542,4,4
169534,169539,169542,3,5
169534,169539,169542,3,5
169534,169539,169542,3,5
169534,169539,169542,3,5
169534,169539,169542,3,5
169534,169539,169542,3,5
169534,169539,169543,4,5
169534,169539,169543,4,5
169534,169539,169543,4,5
169534,169540,169543,3,6
169534,169540,169543,3,6
169534,169540,169543,3,6
169534,169541,169544,3,7
169534,169539,169543,4,5
169534,169539,169543,4,5
169534,169540,169543,3,6
169534,169540,169543,3,6
169534,169541,169544,3,7
169534,169540,169543,3,6
169534,169539,169543,4,5
169534,169541,169543,2,7
169534,169540,169543,3,6
169534,169541,169544,3,7
169534,169539,169543,4,5
169534,169540,169543,3,6
169534,169541,169543,2,7
169534,169542,169543,1,8
169534,169542,169544,2,8
169534,169541,169544,3,7
169534,169542,169544,2,8
169534,169542,169544,2,8
169534,169542,169544,2,8
169534,169542,169544,2,8
169534,169542,169544,2,8
169534,169542,169544,2,8
169534,169542,169545,3,8
169534,169542,169544,2,8
169534,169542,169545,3,8
169534,169543,169545,2,9
169534,169543,169545,2,9
169534,169543,169546,3,9
169534,169543,169545,2,9
169534,169543,169546,3,9
169534,169543,169545,2,9
169534,169543,169546,3,9
169534,169543,169546,3,9
169534,169544,169547,3,10
169534,169544,169547,3,10
169534,169544,169546,2,10
169534,169544,169546,2,10
169534,169544,169546,2,10
169534,169543,169546,3,9
169534,169543,169546,3,9
169534,169544,169547,3,10
169534,169543,169546,3,9
169534,169544,169547,3,10
169534,169544,169547,3,10
169534,169544,169547,3,10
169534,169544,169547,3,10
168627,168635,169550,915,8
169558,169559,169561,2,1
169558,169559,169560,1,1
169558,169559,169561,2,1
169558,169559,169560,1,1
169558,169559,169560,1,1
169558,169559,169561,2,1
169558,169559,169561,2,1
169558,169559,169561,2,1
169558,169559,169561,2,1
169558,169559,169561,2,1
169558,169559,169561,2,1
169558,169559,169562,3,1
169558,169559,169562,3,1
169558,169559,169562,3,1
169558,169559,169562,3,1
169558,169559,169562,3,1
169558,169559,169562,3,1
169558,169559,169562,3,1
169558,169559,169562,3,1
169558,169559,169562,3,1
169558,169559,169562,3,1
169558,169559,169562,3,1
169558,169559,169562,3,1
169558,169559,169563,4,1
169558,169559,169562,3,1
169558,169559,169563,4,1
169558,169559,169562,3,1
169558,169559,169562,3,1
169558,169559,169562,3,1
169558,169559,169563,4,1
169558,169561,169563,2,3
169558,169559,169563,4,1
169558,169562,169564,2,4
169558,169559,169563,4,1
169558,169559,169563,4,1
169558,169561,169564,3,3
169558,169561,169564,3,3
169558,169559,169563,4,1
169558,169559,169563,4,1
169558,169559,169563,4,1
169558,169559,169563,4,1
169558,169561,169563,2,3
169558,169559,169563,4,1
169558,169559,169563,4,1
169558,169559,169563,4,1
169558,169559,169563,4,1
169558,169561,169564,3,3
169558,169563,169565,2,5
169558,169562,169566,4,4
169558,169563,169566,3,5
169558,169563,169566,3,5
169558,169563,169566,3,5
169558,169563,169566,3,5
169558,169562,169565,3,4
169558,169562,169566,4,4
169558,169562,169566,4,4
169558,169563,169566,3,5
169558,169562,169566,4,4
169558,169563,169566,3,5
169558,169563,169566,3,5
169558,169564,169567,3,6
169558,169562,169566,4,4
169558,169563,169566,3,5
169558,169563,169566,3,5
169558,169563,169566,3,5
169558,169562,169566,4,4
169558,169563,169566,3,5
169558,169563,169567,4,5
169558,169564,169567,3,6
169558,169563,169566,3,5
169558,169563,169566,3,5
169558,169564,169567,3,6
169558,169564,169567,3,6
169558,169564,169567,3,6
169558,169566,169568,2,8
169558,169564,169567,3,6
169558,169564,169568,4,6
169558,169566,169568,2,8
169558,169563,169567,4,5
169558,169564,169567,3,6
169558,169564,169567,3,6
169558,169565,169568,3,7
169558,169565,169568,3,7
169558,169564,169568,4,6
169558,169564,169567,3,6
169558,169564,169567,3,6
169558,169564,169568,4,6
169558,169566,169568,2,8
169558,169567,169568,1,9
169558,169565,169568,3,7
169558,169565,169568,3,7
169558,169566,169569,3,8
169558,169566,169569,3,8
169558,169566,169569,3,8
169558,169564,169568,4,6
169558,169567,169569,2,9
169558,169567,169569,2,9
169558,169567,169569,2,9
169558,169567,169570,3,9
169558,169567,169569,2,9
169558,169567,169570,3,9
169558,169567,169569,2,9
169558,169566,169569,3,8
169558,169567,169570,3,9
169558,169567,169570,3,9
169558,169567,169569,2,9
169558,169566,169569,3,8
169558,169567,169569,2,9
169558,169567,169570,3,9
169558,169568,169571,3,10
169558,169568,169570,2,10
169558,169568,169570,2,10
169558,169568,169570,2,10
169558,169567,169570,3,9
169558,169568,169571,3,10
169558,169568,169571,3,10
169558,169568,169571,3,10
169558,169567,169571,4,9
169558,169568,169571,3,10
169558,169564,169571,7,6
168693,168700,169585,885,7
168740,168747,169601,854,7
169606,169606,169608,2,0
169606,169606,169608,2,0
169606,169606,169608,2,0
169606,169606,169608,2,0
169606,169606,169608,2,0
169606,169606,169608,2,0
169606,169606,169608,2,0
169606,169606,169609,3,0
169606,169606,169608,2,0
169606,169606,169610,4,0
169606,169606,169610,4,0
169606,169606,169609,3,0
169606,169606,169610,4,0
169606,169606,169610,4,0
169606,169606,169610,4,0
169606,169606,169609,3,0
169606,169606,169610,4,0
169606,169606,169609,3,0
169606,169606,169610,4,0
169606,169606,169610,4,0
169606,169606,169609,3,0
169606,169606,169610,4,0
169606,169606,169610,4,0
169606,169606,169609,3,0
169606,169606,169610,4,0
169606,169606,169610,4,0
169606,169606,169610,4,0
169606,169608,169610,2,2
169606,169608,169610,2,2
169606,169606,169611,5,0
169606,169606,169610,4,0
169606,169606,169610,4,0
169606,169606,169610,4,0
169606,169606,169610,4,0
169606,169608,169611,3,2
169606,169606,169610,4,0
169606,169606,169610,4,0
169606,169606,169610,4,0
169606,169606,169610,4,0
169606,169606,169610,4,0
169606,169606,169610,4,0
169606,169606,169610,4,0
169606,169608,169611,3,2
169606,169606,169610,4,0
169606,169606,169610,4,0
169606,169606,169610,4,0
169606,169608,169611,3,2
169606,169608,169611,3,2
169606,169609,169613,4,3
169606,169610,169613,3,4
168713,168720,169613,893,7
169606,169610,169613,3,4
169606,169610,169613,3,4
169606,169610,169613,3,4
169606,169610,169613,3,4
169606,169609,169613,4,3
169606,169611,169614,3,5
169606,169610,169614,4,4
169606,169610,169614,4,4
169606,169610,169614,4,4
169606,169611,169614,3,5
169606,169610,169613,3,4
169606,169611,169614,3,5
169606,169611,169614,3,5
169606,169610,169613,3,4
169606,169610,169614,4,4
169606,169610,169613,3,4
169606,169611,169614,3,5
169606,169611,169614,3,5
169606,169611,169615,4,5
169606,169611,169614,3,5
169606,169610,169614,4,4
169606,169610,169614,4,4
169606,169610,169614,4,4
169606,169611,169615,4,5
169606,169611,169615,4,5
169606,169611,169615,4,5
169606,169611,169615,4,5
169606,169611,169615,4,5
169606,169610,169615,5,4
169606,169611,169615,4,5
169606,169611,169615,4,5
169606,169611,169614,3,5
169606,169613,169615,2,7
169606,169611,169615,4,5
169606,169611,169615,4,5
169606,169614,169616,2,8
169606,169614,169616,2,8
169606,169614,169616,2,8
169606,169613,169616,3,7
169606,169612,169615,3,6
169606,169613,169616,3,7
169606,169613,169616,3,7
169606,169613,169616,3,7
169606,169613,169615,2,7
169606,169614,169616,2,8
169606,169614,169617,3,8
169606,169614,169617,3,8
169606,169614,169617,3,8
169606,169614,169617,3,8
169606,169614,169617,3,8
169606,169615,169618,3,9
169606,169615,169618,3,9
169606,169615,169618,3,9
169606,169615,169618,3,9
169606,169614,169618,4,8
169606,169614,169618,4,8
169606,169615,169618,3,9
169606,169615,169618,3,9
169606,169615,169618,3,9
169606,169615,169618,3,9
169606,169614,169618,4,8
169606,169614,169618,4,8
169606,169615,169618,3,9
169606,169614,169618,4,8
169606,169617,169618,1,11
169606,169615,169618,3,9
169606,169617,169618,1,11
169606,169615,169618,3,9
169606,169615,169618,3,9
169606,169616,169619,3,10
169606,169617,169619,2,11
169606,169617,169619,2,11
169606,169616,169619,3,10
169606,169617,169619,2,11
169606,169615,169619,4,9
169606,169615,169619,4,9
169606,169615,169619,4,9
169606,169615,169619,4,9
169606,169615,169619,4,9
169606,169616,169619,3,10
169606,169616,169619,3,10
169606,169616,169620,4,10
169606,169615,169619,4,9
169606,169616,169619,3,10
169606,169618,169619,1,12
169606,169616,169620,4,10
169606,169617,169620,3,11
169606,169618,169620,2,12
169606,169616,169620,4,10
169606,169616,169620,4,10
169606,169619,169621,2,13
169606,169619,169621,2,13
169606,169618,169621,3,12
169606,169619,169621,2,13
169606,169619,169621,2,13
169606,169619,169621,2,13
169606,169619,169621,2,13
169606,169619,169621,2,13
169606,169619,169621,2,13
169606,169619,169621,2,13
169606,169618,169623,5,12
169606,169619,169622,3,13
169606,169619,169622,3,13
169606,169620,169622,2,14
169606,169619,169622,3,13
169606,169619,169622,3,13
169606,169619,169622,3,13
169606,169619,169622,3,13
169606,169619,169622,3,13
169606,169619,169623,4,13
169606,169620,169623,3,14
169606,169620,169623,3,14
169606,169620,169624,4,14
169606,169620,169623,3,14
169606,169620,169623,3,14
169606,169620,169623,3,14
169606,169620,169623,3,14
169606,169620,169623,3,14
169606,169620,169623,3,14
169606,169620,169623,3,14
169606,169621,169624,3,15
169606,169620,169624,4,14
169606,169621,169625,4,15
169606,169622,169624,2,16
169606,169620,169624,4,14
169606,169620,169624,4,14
169606,169621,169624,3,15
169606,169621,169624,3,15
169606,169621,169625,4,15
169606,169622,169624,2,16
169606,169622,169625,3,16
169606,169622,169625,3,16
169606,169623,169626,3,17
169606,169623,169626,3,17
169606,169622,169625,3,16
169606,169623,169626,3,17
169606,169621,169625,4,15
169606,169622,169625,3,16
169606,169621,169625,4,15
169606,169622,169625,3,16
169606,169623,169626,3,17
169606,169623,169626,3,17
169606,169624,169627,3,18
169606,169625,169627,2,19
169606,169625,169627,2,19
169606,169624,169627,3,18
169606,169623,169626,3,17
169606,169623,169626,3,17
169606,169623,169626,3,17
169606,169624,169627,3,18
169606,169624,169627,3,18
169606,169623,169626,3,17
169606,169622,169626,4,16
169606,169624,169627,3,18
169606,169624,169627,3,18
169606,169608,169611,3,2
169606,169610,169613,3,4
169606,169624,169628,4,18
169606,169624,169628,4,18
169606,169625,169627,2,19
169606,169625,169627,2,19
169606,169625,169628,3,19
169606,169624,169627,3,18
169606,169625,169628,3,19
169606,169624,169627,3,18
169606,169624,169627,3,18
169606,169624,169627,3,18
169606,169624,169628,4,18
169606,169625,169627,2,19
169606,169625,169628,3,19
169606,169625,169628,3,19
169606,169626,169629,3,20
169606,169626,169629,3,20
169606,169626,169629,3,20
169606,169626,169629,3,20
169606,169625,169628,3,19
169606,169626,169629,3,20
169606,169626,169629,3,20
169606,169627,169630,3,21
169606,169627,169630,3,21
169606,169627,169629,2,21
169606,169626,169629,3,20
169606,169626,169629,3,20
169606,169627,169629,2,21
169616,169628,169629,1,12
169616,169628,169629,1,12
169606,169627,169630,3,21
169606,169627,169629,2,21
169616,169628,169630,2,12
169616,169628,169630,2,12
169616,169628,169630,2,12
169606,169628,169631,3,22
169616,169628,169631,3,12
169616,169629,169630,1,13
169606,169627,169630,3,21
169616,169627,169631,4,11
169616,169627,169631,4,11
169616,169629,169630,1,13
169616,169628,169631,3,12
169616,169628,169631,3,12
169616,169629,169631,2,13
169616,169627,169631,4,11
169616,169627,169630,3,11
169616,169627,169630,3,11
169616,169628,169631,3,12
169616,169629,169631,2,13
169616,169627,169631,4,11
169606,169628,169631,3,22
169606,169628,169631,3,22
169616,169628,169631,3,12
169616,169628,169631,3,12
169616,169628,169631,3,12
169616,169628,169631,3,12
169616,169628,169632,4,12
169616,169628,169631,3,12
169616,169629,169632,3,13
169616,169628,169632,4,12
169616,169631,169633,2,15
169616,169631,169633,2,15
169616,169630,169632,2,14
169616,169630,169633,3,14
169616,169630,169633,3,14
169616,169629,169633,4,13
169616,169630,169633,3,14
169616,169630,169633,3,14
169616,169629,169633,4,13
169616,169631,169633,2,15
169616,169630,169634,4,14
169616,169630,169634,4,14
169616,169630,169634,4,14
169616,169631,169634,3,15
169616,169630,169633,3,14
169616,169630,169633,3,14
169616,169630,169634,4,14
169616,169630,169634,4,14
169616,169632,169635,3,16
169616,169632,169635,3,16
169616,169631,169635,4,15
169616,169631,169635,4,15
169616,169631,169635,4,15
169616,169632,169635,3,16
169616,169631,169635,4,15
169616,169631,169634,3,15
169616,169631,169635,4,15
169616,169631,169635,4,15
169616,169631,169635,4,15
169616,169631,169635,4,15
169616,169632,169635,3,16
169616,169630,169635,5,14
169616,169631,169635,4,15
169616,169631,169635,4,15
169616,169632,169635,3,16
169616,169632,169635,3,16
169616,169632,169636,4,16
169616,169632,169636,4,16
169616,169632,169636,4,16
169616,169632,169636,4,16
169616,169633,169636,3,17
169616,169633,169636,3,17
169616,169632,169636,4,16
169616,169633,169637,4,17
169616,169633,169636,3,17
169616,169633,169637,4,17
169616,169634,169637,3,18
169616,169634,169637,3,18
169616,169635,169637,2,19
169616,169634,169637,3,18
169616,169633,169637,4,17
169616,169634,169637,3,18
169616,169633,169637,4,17
169616,169635,169638,3,19
169616,169635,169638,3,19
169616,169634,169638,4,18
169616,169633,169637,4,17
169616,169634,169638,4,18
169616,169634,169638,4,18
169616,169634,169638,4,18
169616,169635,169637,2,19
169616,169634,169637,3,18
169616,169634,169638,4,18
169616,169635,169637,2,19
169616,169635,169638,3,19
169616,169635,169638,3,19
169616,169636,169638,2,20
169616,169636,169639,3,20
169616,169636,169638,2,20
169616,169636,169638,2,20
169616,169636,169638,2,20
169616,169636,169638,2,20
169616,169636,169639,3,20
169616,169636,169639,3,20
169616,169635,169639,4,19
169616,169635,169639,4,19
169616,169635,169639,4,19
169616,169637,169639,2,21
169616,169637,169639,2,21
169616,169637,169640,3,21
169616,169637,169640,3,21
169616,169636,169639,3,20
169616,169636,169640,4,20
169616,169636,169640,4,20
169616,169637,169640,3,21
169616,169637,169640,3,21
169616,169637,169640,3,21
169616,169637,169640,3,21
169616,169635,169640,5,19
169616,169636,169640,4,20
169616,169638,169640,2,22
169616,169638,169640,2,22
169616,169638,169640,2,22
168787,168793,169643,850,6
169675,169676,169677,1,1
169675,169675,169677,2,0
169675,169675,169678,3,0
169675,169675,169678,3,0
169675,169675,169678,3,0
169675,169675,169678,3,0
169675,169675,169678,3,0
169675,169675,169678,3,0
169675,169675,169678,3,0
169675,169675,169678,3,0
169675,169676,169678,2,1
169675,169676,169679,3,1
169675,169675,169679,4,0
169675,169675,169679,4,0
169675,169675,169679,4,0
169675,169676,169679,3,1
169675,169675,169679,4,0
169675,169675,169679,4,0
169675,169675,169679,4,0
169675,169675,169679,4,0
169675,169675,169679,4,0
169675,169676,169679,3,1
169675,169676,169679,3,1
169675,169676,169679,3,1
169675,169678,169679,1,3
169675,169675,169679,4,0
169675,169675,169679,4,0
169675,169675,169679,4,0
169675,169675,169679,4,0
169675,169675,169679,4,0
169675,169675,169680,5,0
169675,169676,169680,4,1
169675,169676,169680,4,1
168829,168836,169680,844,7
169675,169675,169681,6,0
169675,169675,169680,5,0
169675,169675,169680,5,0
169675,169675,169680,5,0
169675,169676,169680,4,1
169675,169678,169680,2,3
169675,169679,169681,2,4
169675,169679,169681,2,4
169675,169679,169681,2,4
169675,169676,169681,5,1
169675,169679,169682,3,4
169675,169680,169682,2,5
169675,169680,169682,2,5
169675,169680,169682,2,5
169675,169680,169683,3,5
169675,169679,169682,3,4
169675,169679,169683,4,4
169675,169679,169683,4,4
169675,169680,169683,3,5
169675,169680,169683,3,5
169675,169681,169684,3,6
169675,169680,169683,3,5
169675,169680,169683,3,5
169675,169680,169683,3,5
169675,169681,169683,2,6
169675,169679,169683,4,4
169675,169680,169684,4,5
169675,169680,169683,3,5
169675,169681,169683,2,6
169675,169680,169683,3,5
169675,169680,169683,3,5
169675,169681,169684,3,6
169675,169680,169683,3,5
169675,169680,169683,3,5
169675,169680,169683,3,5
169675,169681,169684,3,6
169675,169679,169683,4,4
169675,169680,169684,4,5
169675,169682,169684,2,7
169675,169681,169685,4,6
169675,169682,169684,2,7
169675,169680,169684,4,5
169675,169681,169684,3,6
169675,169681,169684,3,6
169675,169680,169684,4,5
169675,169681,169684,3,6
169675,169681,169685,4,6
169675,169682,169685,3,7
169675,169682,169685,3,7
169675,169684,169686,2,9
169675,169683,169686,3,8
169675,169683,169685,2,8
169675,169683,169685,2,8
169675,169683,169686,3,8
169675,169683,169686,3,8
169675,169683,169686,3,8
169675,169683,169685,2,8
169675,169683,169686,3,8
169675,169683,169686,3,8
169675,169684,169687,3,9
169675,169684,169687,3,9
169675,169684,169686,2,9
169675,169684,169687,3,9
169675,169684,169687,3,9
169675,169684,169687,3,9
169675,169684,169686,2,9
169675,169684,169687,3,9
169675,169684,169687,3,9
169675,169684,169687,3,9
169675,169684,169687,3,9
169675,169684,169687,3,9
169675,169685,169688,3,10
169675,169684,169687,3,9
169675,169685,169688,3,10
169675,169685,169687,2,10
169675,169684,169688,4,9
169675,169684,169687,3,9
169675,169684,169687,3,9
169675,169684,169687,3,9
169675,169685,169687,2,10
169675,169685,169688,3,10
169675,169685,169688,3,10
169675,169685,169689,4,10
169675,169684,169688,4,9
169686,169686,169689,3,0
169686,169687,169689,2,1
169686,169687,169689,2,1
169686,169687,169690,3,1
169686,169687,169689,2,1
169686,169686,169690,4,0
169686,169686,169690,4,0
169686,169686,169690,4,0
169686,169686,169690,4,0
169686,169686,169689,3,0
169686,169686,169689,3,0
169686,169686,169689,3,0
169686,169686,169690,4,0
169686,169686,169690,4,0
169686,169687,169689,2,1
169686,169686,169689,3,0
169686,169687,169690,3,1
169686,169687,169690,3,1
169686,169687,169689,2,1
169686,169686,169690,4,0
169686,169687,169690,3,1
169686,169686,169690,4,0
169686,169687,169690,3,1
169686,169687,169690,3,1
169686,169688,169691,3,2
169686,169688,169691,3,2
169686,169688,169691,3,2
169686,169688,169691,3,2
169686,169688,169692,4,2
169686,169688,169692,4,2
169686,169688,169692,4,2
169686,169689,169692,3,3
169686,169689,169692,3,3
169686,169688,169692,4,2
169686,169688,169692,4,2
169686,169688,169692,4,2
169686,169689,169692,3,3
169686,169688,169692,4,2
169686,169688,169692,4,2
168832,168848,169693,845,16
169686,169689,169692,3,3
169686,169690,169693,3,4
169686,169690,169693,3,4
169686,169690,169692,2,4
169686,169690,169693,3,4
169686,169690,169693,3,4
169686,169690,169693,3,4
169686,169690,169693,3,4
169686,169691,169694,3,5
169686,169691,169693,2,5
169686,169690,169693,3,4
169686,169690,169693,3,4
169686,169691,169693,2,5
169675,169692,169694,2,17
169686,169690,169693,3,4
169686,169689,169694,5,3
169686,169690,169694,4,4
169686,169690,169694,4,4
169686,169690,169694,4,4
169686,169690,169694,4,4
169686,169690,169694,4,4
169686,169690,169694,4,4
169686,169690,169694,4,4
169686,169690,169694,4,4
169686,169691,169694,3,5
169686,169692,169695,3,6
169675,169692,169695,3,17
169686,169690,169695,5,4
169686,169690,169695,5,4
169686,169691,169695,4,5
169686,169693,169695,2,7
169686,169693,169695,2,7
169686,169694,169696,2,8
169686,169693,169695,2,7
169686,169693,169696,3,7
169686,169692,169696,4,6
169686,169692,169695,3,6
169686,169693,169696,3,7
169675,169692,169696,4,17
169686,169693,169696,3,7
169686,169692,169697,5,6
169686,169693,169696,3,7
169686,169693,169696,3,7
169686,169694,169696,2,8
169686,169693,169697,4,7
169686,169693,169697,4,7
169686,169694,169697,3,8
169686,169694,169697,3,8
169686,169694,169697,3,8
169686,169694,169697,3,8
169686,169693,169697,4,7
169686,169692,169697,5,6
169686,169694,169697,3,8
169686,169692,169697,5,6
169686,169695,169698,3,9
169686,169695,169697,2,9
169686,169695,169697,2,9
169686,169695,169697,2,9
169686,169695,169698,3,9
169686,169695,169697,2,9
169686,169695,169697,2,9
169686,169694,169697,3,8
169686,169695,169697,2,9
169686,169694,169698,4,8
169686,169694,169698,4,8
169686,169696,169699,3,10
169686,169696,169699,3,10
169686,169697,169699,2,11
169686,169695,169698,3,9
169686,169695,169698,3,9
169686,169697,169699,2,11
169686,169696,169699,3,10
169686,169696,169698,2,10
169686,169695,169699,4,9
169686,169696,169699,3,10
169686,169696,169699,3,10
169686,169696,169699,3,10
169686,169696,169699,3,10
169686,169695,169699,4,9
169686,169696,169699,3,10
169686,169697,169699,2,11
169693,169698,169699,1,5
169686,169696,169699,3,10
169686,169696,169699,3,10
169686,169696,169699,3,10
169693,169697,169700,3,4
169693,169698,169700,2,5
169693,169697,169700,3,4
169693,169697,169700,3,4
169693,169697,169701,4,4
169693,169699,169700,1,6
169693,169698,169700,2,5
169693,169698,169700,2,5
169693,169698,169701,3,5
169693,169699,169700,1,6
169693,169699,169701,2,6
169693,169699,169700,1,6
169693,169698,169700,2,5
169693,169698,169701,3,5
169693,169698,169700,2,5
169693,169698,169700,2,5
169693,169697,169701,4,4
169693,169697,169701,4,4
169693,169697,169701,4,4
169693,169697,169701,4,4
169693,169698,169701,3,5
169693,169698,169702,4,5
169693,169698,169701,3,5
169693,169698,169701,3,5
169693,169699,169702,3,6
169693,169699,169702,3,6
169693,169699,169701,2,6
169693,169699,169703,4,6
169693,169700,169703,3,7
169693,169699,169703,4,6
169693,169700,169703,3,7
169693,169699,169702,3,6
169693,169699,169703,4,6
169693,169701,169703,2,8
169693,169700,169703,3,7
169693,169700,169704,4,7
169693,169701,169704,3,8
169693,169701,169704,3,8
169693,169702,169704,2,9
169693,169701,169704,3,8
169693,169701,169703,2,8
169693,169700,169703,3,7
169693,169700,169704,4,7
169693,169700,169703,3,7
169693,169701,169704,3,8
169693,169700,169703,3,7
169693,169700,169704,4,7
169693,169700,169703,3,7
169693,169701,169704,3,8
169693,169700,169704,4,7
169693,169702,169704,2,9
169693,169700,169704,4,7
169693,169700,169704,4,7
169693,169701,169704,3,8
169693,169702,169704,2,9
169693,169702,169704,2,9
169693,169701,169704,3,8
169693,169702,169704,2,9
169693,169702,169704,2,9
169693,169701,169705,4,8
169693,169701,169705,4,8
169693,169701,169705,4,8
169693,169701,169705,4,8
169693,169701,169704,3,8
169693,169702,169704,2,9
169693,169702,169705,3,9
169693,169703,169706,3,10
169693,169703,169706,3,10
169693,169702,169705,3,9
169693,169702,169705,3,9
169693,169703,169706,3,10
169693,169704,169706,2,11
169693,169703,169706,3,10
169693,169703,169706,3,10
169693,169704,169707,3,11
169693,169704,169706,2,11
169693,169704,169707,3,11
169693,169704,169707,3,11
169693,169704,169707,3,11
169693,169704,169707,3,11
169693,169704,169707,3,11
169693,169704,169707,3,11
169693,169704,169707,3,11
169693,169705,169707,2,12
169693,169705,169707,2,12
169693,169705,169707,2,12
169693,169704,169707,3,11
169693,169705,169708,3,12
169693,169704,169707,3,11
169693,169705,169708,3,12
169693,169704,169707,3,11
169693,169705,169708,3,12
169693,169704,169708,4,11
169693,169704,169708,4,11
169693,169705,169708,3,12
169693,169705,169708,3,12
169693,169705,169708,3,12
169693,169705,169709,4,12
169693,169705,169708,3,12
169693,169705,169709,4,12
169693,169705,169708,3,12
169693,169705,169708,3,12
169693,169707,169709,2,14
169693,169705,169708,3,12
169693,169705,169708,3,12
169693,169707,169709,2,14
169693,169705,169709,4,12
169693,169706,169709,3,13
169693,169706,169709,3,13
169693,169705,169709,4,12
169693,169706,169709,3,13
169693,169706,169709,3,13
169693,169706,169709,3,13
169693,169707,169709,2,14
169693,169707,169710,3,14
169693,169707,169709,2,14
169693,169707,169710,3,14
169693,169707,169709,2,14
169693,169706,169709,3,13
168874,168882,169752,870,8
169755,169755,169757,2,0
169755,169755,169757,2,0
169755,169755,169757,2,0
169755,169755,169758,3,0
169755,169755,169758,3,0
169755,169755,169757,2,0
169755,169755,169757,2,0
169755,169755,169757,2,0
169755,169755,169758,3,0
169755,169755,169757,2,0
169755,169755,169758,3,0
169755,169755,169759,4,0
169755,169755,169758,3,0
169755,169755,169759,4,0
169755,169755,169759,4,0
169755,169755,169759,4,0
169755,169755,169758,3,0
169755,169755,169758,3,0
169755,169755,169758,3,0
169755,169755,169759,4,0
169755,169755,169759,4,0
169755,169755,169758,3,0
169755,169755,169758,3,0
169755,169755,169759,4,0
169755,169755,169758,3,0
169755,169755,169759,4,0
169755,169755,169758,3,0
169755,169755,169759,4,0
169755,169755,169759,4,0
169755,169755,169760,5,0
169755,169755,169759,4,0
169755,169755,169760,5,0
169755,169755,169759,4,0
169755,169755,169759,4,0
169755,169755,169759,4,0
169755,169755,169759,4,0
169755,169755,169760,5,0
169755,169756,169760,4,1
169755,169756,169760,4,1
169755,169758,169761,3,3
169755,169758,169761,3,3
169755,169758,169762,4,3
169755,169758,169762,4,3
169755,169758,169761,3,3
169755,169758,169762,4,3
169755,169759,169762,3,4
169755,169758,169762,4,3
169755,169759,169762,3,4
169755,169759,169761,2,4
169755,169757,169761,4,2
169755,169759,169762,3,4
169755,169759,169762,3,4
169755,169759,169762,3,4
169755,169759,169761,2,4
169755,169758,169762,4,3
169755,169759,169762,3,4
169755,169758,169762,4,3
169755,169759,169763,4,4
169755,169756,169762,6,1
169755,169756,169763,7,1
169755,169759,169763,4,4
169755,169759,169763,4,4
169755,169759,169763,4,4
169755,169759,169762,3,4
169755,169760,169763,3,5
169755,169759,169763,4,4
169755,169759,169763,4,4
169755,169760,169763,3,5
169755,169760,169763,3,5
169755,169759,169763,4,4
169755,169760,169763,3,5
169755,169759,169763,4,4
169755,169760,169763,3,5
169755,169761,169764,3,6
169755,169760,169764,4,5
169755,169762,169764,2,7
169755,169759,169764,5,4
169755,169760,169763,3,5
169755,169761,169765,4,6
169755,169762,169765,3,7
169755,169760,169764,4,5
169755,169760,169765,5,5
169755,169761,169765,4,6
169755,169762,169765,3,7
169755,169762,169765,3,7
169755,169762,169765,3,7
169755,169762,169765,3,7
169755,169762,169765,3,7
169755,169762,169765,3,7
169755,169762,169765,3,7
169755,169762,169765,3,7
169755,169762,169766,4,7
169755,169763,169766,3,8
169755,169763,169766,3,8
169755,169763,169766,3,8
169755,169763,169766,3,8
169755,169762,169766,4,7
169755,169763,169766,3,8
169755,169762,169766,4,7
169755,169763,169766,3,8
169755,169762,169766,4,7
169755,169764,169766,2,9
169755,169763,169766,3,8
169755,169763,169766,3,8
169755,169762,169766,4,7
169755,169764,169766,2,9
169755,169762,169766,4,7
169755,169763,169766,3,8
169755,169764,169766,2,9
169755,169763,169767,4,8
169755,169764,169767,3,9
169755,169761,169767,6,6
169755,169764,169767,3,9
169755,169764,169767,3,9
169755,169763,169767,4,8
169755,169763,169767,4,8
169755,169763,169767,4,8
169755,169763,169767,4,8
169755,169763,169768,5,8
169755,169765,169768,3,10
168925,168959,169807,848,34
169810,169811,169813,2,1
169810,169811,169812,1,1
169810,169811,169813,2,1
169810,169811,169813,2,1
169810,169811,169813,2,1
169810,169811,169814,3,1
169810,169811,169813,2,1
169810,169811,169813,2,1
169810,169811,169813,2,1
169810,169811,169813,2,1
169810,169811,169813,2,1
169810,169811,169813,2,1
169810,169811,169814,3,1
169810,169811,169813,2,1
169810,169811,169813,2,1
169810,169811,169814,3,1
169810,169811,169814,3,1
169810,169811,169813,2,1
169810,169811,169814,3,1
169810,169811,169814,3,1
169810,169811,169814,3,1
169810,169811,169814,3,1
169810,169811,169814,3,1
169810,169811,169814,3,1
169810,169811,169815,4,1
169810,169811,169814,3,1
169810,169811,169814,3,1
169810,169811,169814,3,1
169810,169811,169814,3,1
169810,169811,169815,4,1
169810,169811,169814,3,1
169810,169811,169814,3,1
169810,169811,169815,4,1
169810,169811,169814,3,1
169810,169811,169815,4,1
169810,169811,169814,3,1
169810,169811,169814,3,1
169810,169811,169814,3,1
169810,169811,169815,4,1
169810,169811,169815,4,1
169810,169814,169816,2,4
169810,169811,169815,4,1
169810,169814,169816,2,4
169810,169814,169817,3,4
169810,169813,169817,4,3
169810,169814,169816,2,4
169810,169814,169816,2,4
169810,169814,169817,3,4
169810,169815,169817,2,5
169810,169814,169818,4,4
169810,169813,169817,4,3
169810,169814,169818,4,4
169810,169814,169818,4,4
169810,169814,169818,4,4
169810,169814,169818,4,4
169810,169814,169818,4,4
169810,169815,169817,2,5
169810,169815,169817,2,5
169810,169814,169817,3,4
169810,169815,169818,3,5
169810,169815,169817,2,5
169810,169815,169818,3,5
169810,169816,169818,2,6
169810,169814,169818,4,4
169810,169814,169818,4,4
169810,169815,169819,4,5
169810,169814,169819,5,4
169810,169815,169819,4,5
169810,169815,169818,3,5
169810,169815,169818,3,5
169810,169815,169818,3,5
169810,169815,169818,3,5
169810,169815,169818,3,5
169810,169815,169818,3,5
169810,169815,169819,4,5
169810,169815,169818,3,5
169810,169815,169818,3,5
169810,169816,169819,3,6
169810,169817,169819,2,7
169810,169815,169819,4,5
169810,169816,169819,3,6
169810,169815,169819,4,5
169810,169818,169820,2,8
169810,169818,169820,2,8
169810,169815,169820,5,5
169810,169816,169820,4,6
169810,169817,169820,3,7
169810,169817,169819,2,7
169810,169817,169820,3,7
169810,169818,169821,3,8
169810,169818,169821,3,8
169810,169818,169821,3,8
169810,169818,169820,2,8
169810,169818,169820,2,8
169810,169818,169820,2,8
169810,169818,169821,3,8
169810,169818,169821,3,8
169810,169818,169821,3,8
169810,169819,169821,2,9
169810,169817,169821,4,7
169810,169819,169821,2,9
169810,169819,169821,2,9
169810,169818,169821,3,8
169810,169818,169822,4,8
169810,169818,169821,3,8
169810,169819,169822,3,9
169810,169819,169821,2,9
169810,169819,169821,2,9
169810,169819,169822,3,9
169810,169819,169821,2,9
169810,169819,169821,2,9
169810,169819,169822,3,9
169810,169819,169822,3,9
169810,169819,169822,3,9
169810,169820,169823,3,10
169810,169819,169822,3,9
169810,169819,169823,4,9
169810,169819,169822,3,9
169810,169819,169822,3,9
169810,169819,169822,3,9
168921,168959,169840,881,38
168940,168977,169840,863,37
168929,168968,169845,877,39
169851,169851,169853,2,0
169851,169851,169853,2,0
169851,169851,169854,3,0
169851,169851,169854,3,0
169851,169851,169854,3,0
169851,169851,169854,3,0
169851,169851,169854,3,0
169851,169851,169854,3,0
169851,169851,169854,3,0
169851,169851,169854,3,0
169851,169851,169854,3,0
169851,169852,169854,2,1
169851,169851,169854,3,0
169851,169851,169854,3,0
169851,169851,169855,4,0
169851,169851,169855,4,0
169851,169851,169855,4,0
169851,169851,169855,4,0
169851,169851,169855,4,0
169851,169851,169855,4,0
169851,169851,169855,4,0
169851,169851,169855,4,0
169851,169851,169855,4,0
169851,169851,169855,4,0
169851,169852,169855,3,1
169851,169852,169855,3,1
169851,169852,169855,3,1
169851,169851,169855,4,0
169851,169851,169855,4,0
169851,169851,169855,4,0
169851,169851,169855,4,0
169851,169851,169855,4,0
169851,169851,169855,4,0
169851,169851,169855,4,0
169851,169851,169855,4,0
169851,169851,169855,4,0
169851,169851,169856,5,0
169851,169851,169855,4,0
169851,169851,169856,5,0
169851,169851,169856,5,0
169851,169851,169856,5,0
169851,169852,169856,4,1
169851,169851,169856,5,0
169851,169855,169857,2,4
169851,169854,169857,3,3
169851,169853,169857,4,2
169851,169855,169857,2,4
169851,169854,169857,3,3
169851,169855,169857,2,4
169851,169853,169857,4,2
169851,169854,169858,4,3
169851,169854,169858,4,3
169851,169854,169858,4,3
169851,169856,169858,2,5
169851,169856,169858,2,5
169851,169855,169858,3,4
169851,169856,169858,2,5
169851,169856,169859,3,5
169851,169856,169858,2,5
169851,169856,169858,2,5
169851,169854,169859,5,3
169851,169856,169859,3,5
169851,169856,169858,2,5
169851,169855,169858,3,4
169851,169856,169858,2,5
169851,169856,169858,2,5
169851,169856,169859,3,5
169851,169856,169859,3,5
169851,169855,169859,4,4
169851,169855,169859,4,4
169851,169856,169859,3,5
169851,169856,169859,3,5
169851,169856,169859,3,5
169851,169854,169859,5,3
169851,169856,169859,3,5
169851,169856,169860,4,5
169851,169856,169859,3,5
169851,169857,169860,3,6
169851,169857,169860,3,6
169851,169856,169859,3,5
169851,169856,169859,3,5
169851,169856,169859,3,5
169851,169857,169859,2,6
169851,169857,169860,3,6
169851,169859,169861,2,8
169851,169856,169860,4,5
169851,169857,169860,3,6
169851,169858,169861,3,7
169851,169858,169860,2,7
169851,169859,169861,2,8
169851,169859,169861,2,8
169851,169858,169861,3,7
169851,169858,169861,3,7
169851,169859,169862,3,8
169851,169859,169861,2,8
169851,169859,169861,2,8
169851,169859,169861,2,8
169851,169860,169862,2,9
169851,169858,169862,4,7
169851,169858,169861,3,7
169851,169859,169861,2,8
169851,169860,169862,2,9
169851,169860,169862,2,9
169851,169859,169862,3,8
169851,169859,169861,2,8
169851,169859,169862,3,8
169851,169859,169861,2,8
169851,169859,169861,2,8
169851,169859,169862,3,8
169851,169860,169862,2,9
169851,169860,169862,2,9
169851,169860,169863,3,9
169851,169860,169862,2,9
169851,169860,169862,2,9
169851,169858,169862,4,7
169851,169859,169862,3,8
169851,169859,169862,3,8
169851,169860,169863,3,9
169851,169859,169862,3,8
169851,169860,169863,3,9
169851,169862,169863,1,11
169851,169862,169864,2,11
169851,169860,169863,3,9
169851,169862,169864,2,11
169851,169862,169864,2,11
169851,169860,169864,4,9
169851,169860,169864,4,9
169851,169860,169864,4,9
169851,169860,169864,4,9
169851,169861,169864,3,10
169851,169862,169864,2,11
169851,169862,169864,2,11
169851,169862,169864,2,11
169851,169861,169864,3,10
169851,169861,169865,4,10
169851,169861,169865,4,10
169851,169862,169864,2,11
169851,169862,169864,2,11
169851,169862,169864,2,11
169851,169861,169865,4,10
169851,169862,169865,3,11
169851,169862,169865,3,11
169851,169861,169865,4,10
169851,169863,169865,2,12
169851,169860,169864,4,9
169851,169862,169866,4,11
169851,169862,169865,3,11
169851,169862,169866,4,11
169851,169862,169866,4,11
169851,169863,169865,2,12
169851,169863,169866,3,12
169851,169862,169865,3,11
169851,169863,169865,2,12
169851,169863,169865,2,12
169851,169863,169866,3,12
169851,169862,169867,5,11
169851,169862,169866,4,11
169851,169862,169867,5,11
169851,169863,169867,4,12
169851,169863,169867,4,12
169851,169863,169867,4,12
169851,169864,169868,4,13
169851,169864,169868,4,13
169851,169864,169868,4,13
169851,169864,169868,4,13
169851,169863,169867,4,12
169851,169865,169868,3,14
169851,169864,169868,4,13
169851,169864,169867,3,13
169851,169864,169868,4,13
169851,169865,169868,3,14
169851,169866,169868,2,15
169851,169864,169867,3,13
169851,169864,169868,4,13
169851,169866,169868,2,15
169851,169865,169868,3,14
169851,169865,169868,3,14
169851,169865,169868,3,14
169851,169865,169869,4,14
169851,169865,169869,4,14
169851,169866,169869,3,15
169851,169865,169869,4,14
169851,169865,169869,4,14
169851,169866,169869,3,15
169851,169866,169869,3,15
169851,169864,169869,5,13
169851,169864,169869,5,13
169851,169865,169869,4,14
169851,169865,169868,3,14
169851,169865,169869,4,14
169851,169865,169869,4,14
169851,169866,169869,3,15
169851,169865,169869,4,14
169851,169867,169870,3,16
169851,169865,169869,4,14
169851,169866,169870,4,15
169851,169866,169870,4,15
169851,169866,169870,4,15
169851,169867,169870,3,16
169851,169868,169871,3,17
169851,169867,169871,4,16
169851,169867,169871,4,16
169851,169868,169871,3,17
169851,169868,169871,3,17
169851,169868,169871,3,17
169851,169867,169871,4,16
169851,169868,169871,3,17
169851,169868,169871,3,17
169851,169869,169872,3,18
169851,169868,169872,4,17
169851,169868,169871,3,17
169851,169868,169872,4,17
169851,169868,169872,4,17
169851,169869,169872,3,18
169851,169869,169872,3,18
169851,169869,169872,3,18
169851,169869,169872,3,18
169851,169869,169872,3,18
169851,169868,169872,4,17
169851,169868,169872,4,17
169851,169868,169872,4,17
169851,169869,169872,3,18
169851,169869,169872,3,18
169851,169869,169872,3,18
169851,169868,169872,4,17
169851,169869,169872,3,18
169851,169868,169872,4,17
169851,169868,169872,4,17
169851,169870,169872,2,19
169851,169870,169872,2,19
169851,169869,169872,3,18
169851,169869,169872,3,18
169851,169870,169873,3,19
169851,169870,169872,2,19
169851,169869,169873,4,18
169851,169869,169872,3,18
169851,169870,169873,3,19
169851,169870,169873,3,19
169851,169870,169873,3,19
169855,169870,169874,4,15
169851,169870,169873,3,19
169855,169872,169873,1,17
169855,169872,169874,2,17
169855,169872,169875,3,17
169855,169872,169874,2,17
169855,169872,169874,2,17
169855,169872,169874,2,17
169855,169871,169874,3,16
169855,169872,169875,3,17
169855,169872,169875,3,17
169855,169873,169875,2,18
169855,169872,169875,3,17
169855,169872,169875,3,17
169855,169872,169875,3,17
169855,169872,169875,3,17
169855,169872,169875,3,17
169855,169874,169875,1,19
169855,169872,169875,3,17
169855,169873,169876,3,18
169855,169873,169875,2,18
169855,169873,169875,2,18
169855,169872,169875,3,17
169855,169873,169875,2,18
169855,169873,169875,2,18
169855,169873,169875,2,18
169855,169872,169876,4,17
169855,169873,169876,3,18
169855,169873,169876,3,18
169855,169873,169876,3,18
169855,169874,169876,2,19
169855,169873,169876,3,18
169855,169874,169876,2,19
169855,169873,169876,3,18
169855,169873,169876,3,18
169855,169874,169877,3,19
169855,169873,169876,3,18
169855,169873,169876,3,18
169855,169873,169877,4,18
169855,169874,169877,3,19
169855,169873,169877,4,18
169855,169875,169878,3,20
169855,169873,169877,4,18
169855,169873,169877,4,18
169855,169875,169878,3,20
169855,169873,169878,5,18
169855,169875,169878,3,20
169855,169876,169878,2,21
169855,169875,169878,3,20
169855,169875,169879,4,20
169855,169875,169879,4,20
169855,169875,169879,4,20
169855,169874,169878,4,19
169855,169875,169879,4,20
169855,169875,169879,4,20
169855,169876,169880,4,21
169855,169876,169880,4,21
169855,169876,169879,3,21
169855,169876,169879,3,21
169855,169877,169879,2,22
169855,169876,169879,3,21
169855,169876,169880,4,21
169855,169877,169880,3,22
169855,169877,169879,2,22
169855,169875,169879,4,20
169855,169876,169880,4,21
169855,169876,169879,3,21
169855,169877,169879,2,22
169855,169876,169880,4,21
169855,169876,169880,4,21
169855,169877,169879,2,22
169855,169877,169879,2,22
169855,169876,169880,4,21
169855,169877,169879,2,22
169855,169877,169879,2,22
169855,169877,169880,3,22
169855,169877,169880,3,22
169855,169876,169880,4,21
169855,169878,169880,2,23
169855,169877,169881,4,22
169855,169877,169881,4,22
169855,169878,169881,3,23
169855,169880,169882,2,25
169855,169877,169881,4,22
169855,169878,169881,3,23
169855,169878,169882,4,23
169855,169878,169881,3,23
169855,169879,169881,2,24
169855,169880,169882,2,25
169855,169879,169882,3,24
169855,169880,169882,2,25
169855,169880,169882,2,25
169855,169878,169882,4,23
169855,169880,169882,2,25
169855,169881,169882,1,26
169855,169879,169882,3,24
169855,169879,169882,3,24
169855,169879,169882,3,24
169855,169881,169882,1,26
169855,169880,169882,2,25
169855,169880,169883,3,25
169855,169880,169883,3,25
169855,169880,169883,3,25
169855,169880,169882,2,25
169855,169880,169883,3,25
169855,169880,169882,2,25
169855,169879,169883,4,24
169855,169879,169882,3,24
169855,169879,169883,4,24
169855,169880,169883,3,25
169855,169880,169883,3,25
169855,169881,169883,2,26
169855,169881,169883,2,26
169855,169880,169883,3,25
169855,169880,169883,3,25
169855,169880,169883,3,25
169855,169880,169884,4,25
169855,169880,169884,4,25
169855,169880,169883,3,25
169855,169880,169883,3,25
169855,169880,169883,3,25
168937,168977,169888,911,40
169035,169073,169918,845,38
168933,168977,169919,942,44
169918,169918,169920,2,0
169918,169918,169920,2,0
169918,169918,169921,3,0
169918,169918,169921,3,0
169918,169918,169921,3,0
169918,169918,169921,3,0
169918,169918,169921,3,0
169918,169918,169920,2,0
169918,169918,169921,3,0
169918,169919,169922,3,1
169918,169919,169922,3,1
169918,169918,169922,4,0
169918,169918,169921,3,0
169918,169918,169921,3,0
169918,169918,169921,3,0
169918,169918,169921,3,0
169918,169918,169921,3,0
169918,169918,169922,4,0
169918,169918,169921,3,0
169918,169918,169921,3,0
169918,169918,169922,4,0
169918,169918,169922,4,0
169918,169918,169921,3,0
169918,169918,169922,4,0
169918,169918,169922,4,0
169918,169918,169922,4,0
169918,169918,169921,3,0
169918,169918,169921,3,0
169918,169918,169922,4,0
169918,169918,169923,5,0
169918,169918,169922,4,0
169918,169918,169922,4,0
169918,169918,169922,4,0
169918,169920,169923,3,2
169918,169918,169922,4,0
169918,169918,169922,4,0
169918,169918,169922,4,0
169918,169918,169923,5,0
169918,169919,169923,4,1
169918,169920,169923,3,2
169918,169921,169924,3,3
169918,169920,169924,4,2
169918,169921,169924,3,3
169918,169921,169924,3,3
169918,169921,169924,3,3
169918,169921,169925,4,3
169918,169921,169925,4,3
169918,169921,169925,4,3
169918,169922,169925,3,4
169918,169922,169925,3,4
169918,169922,169925,3,4
169918,169923,169925,2,5
169918,169922,169926,4,4
169918,169923,169926,3,5
169918,169923,169925,2,5
169918,169922,169926,4,4
169918,169922,169926,4,4
169918,169922,169925,3,4
169918,169922,169926,4,4
169918,169923,169926,3,5
169918,169922,169926,4,4
169918,169922,169926,4,4
169918,169922,169925,3,4
169918,169923,169926,3,5
169918,169923,169925,2,5
169918,169922,169926,4,4
169918,169923,169926,3,5
169918,169922,169926,4,4
169918,169922,169926,4,4
169918,169922,169926,4,4
169918,169923,169926,3,5
169918,169923,169927,4,5
169918,169922,169927,5,4
169918,169922,169926,4,4
169918,169924,169927,3,6
169918,169923,169927,4,5
169918,169923,169927,4,5
169918,169923,169927,4,5
169918,169924,169927,3,6
169918,169924,169928,4,6
169918,169925,169928,3,7
169918,169926,169928,2,8
169918,169925,169928,3,7
169918,169925,169928,3,7
169918,169925,169928,3,7
169918,169925,169928,3,7
169918,169926,169929,3,8
169918,169926,169929,3,8
169918,169927,169929,2,9
169918,169926,169929,3,8
169918,169926,169929,3,8
169918,169927,169929,2,9
169918,169925,169928,3,7
169918,169925,169929,4,7
169918,169926,169929,3,8
169918,169926,169929,3,8
169918,169926,169929,3,8
169918,169926,169929,3,8
169918,169926,169929,3,8
169918,169926,169929,3,8
169918,169925,169929,4,7
169918,169926,169929,3,8
169918,169926,169929,3,8
169918,169928,169930,2,10
169918,169926,169929,3,8
169918,169928,169930,2,10
169918,169926,169929,3,8
169918,169926,169929,3,8
169918,169927,169929,2,9
169918,169926,169929,3,8
169918,169926,169929,3,8
169918,169926,169930,4,8
169918,169928,169930,2,10
169918,169926,169930,4,8
169929,169929,169932,3,0
169929,169929,169932,3,0
169929,169929,169932,3,0
169929,169929,169932,3,0
169929,169929,169932,3,0
169929,169929,169932,3,0
169929,169929,169932,3,0
169929,169929,169932,3,0
169929,169929,169932,3,0
169929,169929,169933,4,0
169929,169929,169932,3,0
169929,169930,169932,2,1
169929,169929,169932,3,0
169929,169929,169932,3,0
169929,169929,169932,3,0
169929,169929,169933,4,0
169929,169929,169932,3,0
169929,169929,169932,3,0
169929,169929,169933,4,0
169929,169929,169933,4,0
169929,169929,169933,4,0
169929,169929,169933,4,0
169929,169929,169933,4,0
169929,169930,169933,3,1
169929,169930,169933,3,1
169929,169930,169933,3,1
169929,169930,169933,3,1
169929,169931,169933,2,2
169929,169930,169934,4,1
169929,169930,169933,3,1
169929,169930,169933,3,1
169929,169932,169934,2,3
169929,169932,169934,2,3
169929,169930,169934,4,1
169929,169932,169934,2,3
169929,169932,169934,2,3
169929,169930,169934,4,1
169929,169931,169934,3,2
169929,169931,169934,3,2
169929,169930,169934,4,1
169929,169932,169935,3,3
169929,169933,169936,3,4
169929,169933,169936,3,4
169929,169933,169936,3,4
169929,169933,169936,3,4
169929,169933,169936,3,4
169929,169933,169936,3,4
169929,169934,169937,3,5
169929,169933,169937,4,4
169929,169935,169937,2,6
169929,169933,169936,3,4
169929,169933,169936,3,4
169929,169933,169936,3,4
169929,169933,169936,3,4
169929,169933,169937,4,4
169929,169932,169937,5,3
169929,169934,169937,3,5
169929,169934,169937,3,5
169929,169935,169938,3,6
169929,169936,169937,1,7
169929,169934,169937,3,5
169929,169935,169937,2,6
169929,169936,169938,2,7
169929,169934,169937,3,5
169929,169934,169937,3,5
169929,169934,169937,3,5
169929,169934,169937,3,5
169929,169934,169938,4,5
169929,169934,169938,4,5
169929,169934,169938,4,5
169929,169935,169937,2,6
169929,169934,169937,3,5
169929,169935,169938,3,6
169929,169934,169938,4,5
169929,169934,169938,4,5
169929,169935,169939,4,6
169929,169935,169938,3,6
169929,169934,169938,4,5
169929,169936,169938,2,7
169929,169936,169938,2,7
169929,169938,169940,2,9
169929,169938,169940,2,9
169929,169938,169940,2,9
169929,169938,169940,2,9
169929,169937,169940,3,8
169929,169937,169940,3,8
169929,169936,169939,3,7
169929,169937,169940,3,8
169918,169919,169923,4,1
169918,169938,169940,2,20
169929,169938,169941,3,9
169929,169937,169940,3,8
169929,169937,169940,3,8
169929,169937,169941,4,8
169929,169938,169940,2,9
169929,169939,169941,2,10
169929,169937,169940,3,8
169929,169937,169940,3,8
169929,169938,169940,2,9
169929,169938,169941,3,9
169929,169938,169941,3,9
169929,169938,169940,2,9
169929,169938,169940,2,9
169929,169937,169940,3,8
169929,169937,169941,4,8
169929,169938,169941,3,9
169929,169938,169941,3,9
169929,169938,169941,3,9
169929,169938,169941,3,9
169929,169939,169941,2,10
169929,169940,169942,2,11
169918,169938,169941,3,20
169918,169938,169941,3,20
169929,169939,169942,3,10
169929,169940,169942,2,11
169929,169938,169942,4,9
169929,169939,169941,2,10
169929,169938,169941,3,9
169929,169938,169942,4,9
169929,169938,169941,3,9
169929,169938,169941,3,9
169929,169941,169942,1,12
169929,169940,169942,2,11
169929,169939,169942,3,10
169929,169940,169942,2,11
169929,169941,169943,2,12
169929,169941,169942,1,12
169929,169941,169943,2,12
169929,169942,169943,1,13
169929,169942,169944,2,13
169929,169940,169944,4,11
169929,169940,169944,4,11
169918,169940,169944,4,22
169929,169940,169944,4,11
169929,169941,169945,4,12
169929,169941,169945,4,12
169929,169942,169945,3,13
169929,169941,169944,3,12
169929,169941,169945,4,12
169929,169941,169945,4,12
169929,169941,169944,3,12
169929,169941,169945,4,12
169929,169941,169945,4,12
169929,169941,169945,4,12
169929,169941,169945,4,12
169929,169941,169945,4,12
169929,169942,169945,3,13
169918,169940,169944,4,22
169929,169940,169944,4,11
169929,169940,169945,5,11
169929,169942,169944,2,13
169929,169941,169945,4,12
169929,169942,169945,3,13
169929,169942,169945,3,13
169929,169942,169946,4,13
169929,169943,169945,2,14
169929,169942,169946,4,13
169929,169942,169946,4,13
169929,169941,169945,4,12
169929,169942,169946,4,13
169929,169942,169946,4,13
169929,169943,169946,3,14
169929,169943,169947,4,14
169929,169942,169947,5,13
169929,169941,169947,6,12
169929,169941,169947,6,12
169929,169943,169947,4,14
169929,169943,169947,4,14
169929,169944,169947,3,15
169929,169942,169948,6,13
169929,169944,169948,4,15
169929,169944,169948,4,15
169929,169944,169948,4,15
169929,169945,169949,4,16
169929,169946,169949,3,17
169929,169945,169949,4,16
169929,169945,169949,4,16
169929,169944,169949,5,15
169929,169945,169949,4,16
169929,169945,169949,4,16
169929,169945,169949,4,16
169929,169945,169949,4,16
169929,169944,169949,5,15
169929,169945,169949,4,16
169929,169945,169949,4,16
169929,169944,169949,5,15
169929,169945,169949,4,16
169929,169946,169949,3,17
169929,169946,169949,3,17
169929,169946,169949,3,17
169929,169945,169949,4,16
169929,169946,169949,3,17
169929,169946,169950,4,17
169929,169947,169950,3,18
169929,169945,169950,5,16
169929,169945,169950,5,16
169929,169946,169950,4,17
169929,169946,169950,4,17
169929,169946,169950,4,17
169929,169948,169950,2,19
169929,169946,169950,4,17
169929,169948,169950,2,19
169929,169948,169950,2,19
169929,169947,169950,3,18
169929,169945,169950,5,16
169929,169948,169951,3,19
169929,169946,169951,5,17
169929,169948,169951,3,19
169929,169947,169951,4,18
169929,169949,169952,3,20
169929,169949,169952,3,20
169929,169949,169952,3,20
169929,169947,169952,5,18
169929,169947,169952,5,18
169929,169948,169952,4,19
169929,169949,169952,3,20
169929,169950,169953,3,21
169929,169950,169952,2,21
169929,169949,169953,4,20
169929,169950,169953,3,21
169929,169950,169952,2,21
169929,169949,169953,4,20
169929,169949,169953,4,20
169929,169949,169953,4,20
169929,169949,169953,4,20
169929,169949,169953,4,20
169929,169950,169953,3,21
169929,169950,169953,3,21
169929,169950,169953,3,21
169929,169950,169953,3,21
169929,169951,169953,2,22
169929,169951,169954,3,22
169929,169951,169954,3,22
169929,169950,169953,3,21
169929,169950,169954,4,21
169929,169951,169954,3,22
169929,169950,169953,3,21
169929,169950,169954,4,21
169929,169950,169954,4,21
169929,169950,169954,4,21
169929,169949,169953,4,20
169929,169951,169954,3,22
169929,169950,169954,4,21
169929,169951,169954,3,22
169929,169951,169954,3,22
169929,169951,169954,3,22
169017,169055,169964,909,38
169988,169989,169990,1,1
169988,169989,169990,1,1
169988,169989,169990,1,1
169988,169989,169990,1,1
169988,169989,169991,2,1
169988,169989,169991,2,1
169988,169989,169991,2,1
169988,169989,169991,2,1
169988,169989,169991,2,1
169988,169989,169992,3,1
169988,169989,169992,3,1
169988,169989,169992,3,1
169988,169989,169992,3,1
169988,169989,169992,3,1
169988,169989,169993,4,1
169988,169989,169992,3,1
169988,169989,169992,3,1
169988,169989,169992,3,1
169988,169989,169992,3,1
169988,169989,169992,3,1
169988,169989,169993,4,1
169988,169989,169992,3,1
169988,169989,169992,3,1
169988,169989,169992,3,1
169988,169989,169993,4,1
169988,169989,169992,3,1
169988,169989,169992,3,1
169988,169989,169993,4,1
169988,169989,169992,3,1
169988,169989,169992,3,1
169988,169989,169994,5,1
169988,169989,169993,4,1
169988,169989,169993,4,1
169988,169989,169993,4,1
169988,169989,169993,4,1
169988,169989,169993,4,1
169988,169989,169993,4,1
169988,169989,169993,4,1
169988,169989,169994,5,1
169988,169989,169993,4,1
169988,169991,169995,4,3
169988,169991,169995,4,3
169988,169993,169996,3,5
169988,169994,169996,2,6
169988,169991,169996,5,3
169988,169991,169995,4,3
169988,169992,169996,4,4
169988,169992,169996,4,4
169988,169993,169996,3,5
169988,169992,169997,5,4
169988,169994,169996,2,6
169988,169994,169996,2,6
169988,169993,169996,3,5
169988,169993,169997,4,5
169988,169993,169997,4,5
169988,169994,169996,2,6
169988,169993,169996,3,5
169988,169993,169996,3,5
169988,169993,169996,3,5
169988,169992,169996,4,4
169988,169993,169996,3,5
169988,169993,169996,3,5
169988,169993,169997,4,5
169988,169993,169996,3,5
169988,169993,169996,3,5
169988,169993,169996,3,5
169988,169993,169996,3,5
169988,169992,169997,5,4
169988,169993,169997,4,5
169988,169994,169998,4,6
169988,169994,169997,3,6
169988,169993,169997,4,5
169988,169993,169998,5,5
169988,169994,169998,4,6
169988,169994,169998,4,6
169988,169994,169997,3,6
169988,169993,169998,5,5
169988,169995,169999,4,7
169988,169994,169998,4,6
169988,169996,169999,3,8
169988,169995,169999,4,7
169988,169997,169999,2,9
169988,169996,169999,3,8
169988,169996,169999,3,8
169988,169996,169999,3,8
169988,169996,169999,3,8
169988,169997,170000,3,9
169988,169997,170000,3,9
169988,169996,169999,3,8
169988,169997,170000,3,9
169988,169998,170000,2,10
169988,169997,170000,3,9
169988,169997,170000,3,9
169988,169997,170000,3,9
169988,169997,170001,4,9
169988,169997,170000,3,9
169988,169997,170001,4,9
169988,169997,170000,3,9
169988,169997,170000,3,9
169988,169997,170001,4,9
169988,169997,170000,3,9
169988,169997,170000,3,9
169988,169997,170001,4,9
169988,169997,170000,3,9
169988,169997,170001,4,9
169988,169998,170001,3,10
169988,169997,170001,4,9
169988,169998,170001,3,10
169988,169998,170001,3,10
169988,169998,170001,3,10
169988,169998,170001,3,10
169988,169997,170001,4,9
169988,169999,170001,2,11
169988,169998,170001,3,10
169988,169998,170001,3,10
169988,169999,170002,3,11
169988,169999,170003,4,11
169988,169989,169993,4,1
169988,170011,170015,4,23
169988,170011,170016,5,23
169129,169165,170038,873,36
170041,170041,170043,2,0
170041,170041,170042,1,0
170041,170041,170043,2,0
170041,170041,170043,2,0
170041,170041,170044,3,0
170041,170041,170044,3,0
170041,170041,170044,3,0
170041,170041,170044,3,0
170041,170041,170044,3,0
170041,170042,170044,2,1
170041,170041,170045,4,0
170041,170041,170045,4,0
170041,170041,170044,3,0
170041,170041,170046,5,0
170041,170041,170046,5,0
170041,170043,170045,2,2
170041,170041,170045,4,0
170041,170041,170046,5,0
170041,170041,170045,4,0
170041,170041,170046,5,0
170041,170041,170045,4,0
170041,170041,170046,5,0
170041,170041,170046,5,0
170041,170041,170045,4,0
170041,170041,170046,5,0
170041,170041,170045,4,0
170041,170041,170045,4,0
170041,170041,170045,4,0
170041,170041,170046,5,0
170041,170044,170046,2,3
170041,170041,170045,4,0
170041,170041,170046,5,0
170041,170041,170046,5,0
170041,170041,170046,5,0
170041,170043,170046,3,2
170041,170041,170046,5,0
170041,170041,170047,6,0
170041,170041,170047,6,0
170041,170045,170047,2,4
170041,170041,170046,5,0
170041,170044,170047,3,3
170041,170041,170047,6,0
170041,170041,170046,5,0
170041,170041,170047,6,0
170041,170042,170047,5,1
170041,170042,170047,5,1
170041,170045,170047,2,4
170041,170044,170048,4,3
170041,170044,170047,3,3
170041,170045,170047,2,4
170041,170044,170048,4,3
170041,170044,170049,5,3
170041,170045,170049,4,4
170041,170046,170050,4,5
170041,170046,170050,4,5
170041,170046,170050,4,5
170041,170046,170050,4,5
170041,170047,170050,3,6
170041,170044,170049,5,3
169113,169147,170050,903,34
170041,170047,170050,3,6
170041,170046,170050,4,5
170041,170046,170049,3,5
170041,170047,170050,3,6
170041,170047,170050,3,6
170041,170047,170051,4,6
170041,170047,170050,3,6
170041,170047,170051,4,6
170041,170046,170051,5,5
170041,170046,170051,5,5
170041,170046,170051,5,5
170041,170046,170051,5,5
170041,170046,170051,5,5
170041,170046,170051,5,5
170041,170046,170051,5,5
170041,170046,170051,5,5
170041,170047,170051,4,6
170041,170046,170051,5,5
170041,170046,170051,5,5
170041,170046,170050,4,5
170041,170046,170051,5,5
170041,170046,170051,5,5
170041,170048,170051,3,7
170041,170048,170051,3,7
170041,170047,170052,5,6
170041,170046,170052,6,5
170041,170048,170052,4,7
170041,170046,170052,6,5
170041,170046,170052,6,5
170041,170048,170052,4,7
170041,170048,170052,4,7
170041,170048,170053,5,7
170041,170049,170053,4,8
170041,170050,170053,3,9
170041,170049,170053,4,8
170041,170049,170053,4,8
170041,170051,170054,3,10
170041,170051,170054,3,10
170041,170050,170054,4,9
170041,170050,170054,4,9
170041,170050,170054,4,9
170041,170052,170054,2,11
170041,170051,170055,4,10
170041,170051,170054,3,10
170041,170051,170054,3,10
170041,170051,170054,3,10
170041,170051,170055,4,10
170041,170051,170055,4,10
170041,170051,170055,4,10
170041,170051,170055,4,10
170041,170051,170055,4,10
170041,170051,170055,4,10
170041,170050,170055,5,9
170051,170052,170056,4,1
170051,170052,170055,3,1
170041,170051,170055,4,10
170041,170051,170055,4,10
170041,170050,170055,5,9
170041,170050,170055,5,9
170041,170050,170055,5,9
170041,170051,170055,4,10
170041,170051,170056,5,10
170051,170052,170056,4,1
170051,170055,170056,1,4
170051,170052,170056,4,1
170051,170052,170056,4,1
170051,170055,170056,1,4
170051,170055,170056,1,4
170051,170055,170057,2,4
170051,170052,170057,5,1
170041,170051,170057,6,10
170051,170053,170057,4,2
170051,170054,170058,4,3
170051,170053,170057,4,2
170051,170053,170057,4,2
170051,170055,170057,2,4
170051,170053,170058,5,2
170051,170053,170058,5,2
170051,170055,170057,2,4
170051,170055,170059,4,4
170051,170054,170058,4,3
170051,170054,170058,4,3
170051,170055,170059,4,4
170051,170055,170059,4,4
170051,170056,170059,3,5
170051,170054,170059,5,3
170051,170055,170059,4,4
170051,170054,170059,5,3
170051,170056,170060,4,5
170051,170056,170059,3,5
170051,170056,170060,4,5
170051,170057,170060,3,6
170051,170056,170059,3,5
170051,170055,170060,5,4
170051,170055,170060,5,4
170051,170055,170060,5,4
170051,170056,170060,4,5
170051,170056,170060,4,5
170051,170057,170061,4,6
170051,170057,170061,4,6
170051,170055,170060,5,4
170051,170055,170061,6,4
170051,170056,170060,4,5
170051,170056,170060,4,5
170051,170058,170061,3,7
170051,170056,170062,6,5
170051,170056,170061,5,5
170051,170057,170061,4,6
170051,170058,170062,4,7
170051,170058,170061,3,7
170051,170057,170062,5,6
170051,170057,170062,5,6
170051,170057,170062,5,6
170051,170059,170063,4,8
170051,170058,170063,5,7
170051,170059,170062,3,8
170051,170057,170063,6,6
170051,170057,170062,5,6
170051,170058,170063,5,7
170051,170058,170063,5,7
170051,170059,170063,4,8
170051,170060,170063,3,9
170051,170060,170064,4,9
170051,170058,170063,5,7
170051,170060,170064,4,9
170051,170061,170064,3,10
170051,170060,170064,4,9
170051,170060,170064,4,9
170051,170060,170064,4,9
170051,170061,170064,3,10
170051,170058,170063,5,7
170051,170060,170064,4,9
170051,170059,170063,4,8
170051,170061,170065,4,10
170051,170060,170064,4,9
170051,170061,170064,3,10
170051,170060,170064,4,9
170051,170061,170064,3,10
170051,170061,170065,4,10
170051,170060,170064,4,9
170051,170061,170064,3,10
170051,170061,170064,3,10
170051,170062,170065,3,11
170051,170062,170064,2,11
170051,170061,170065,4,10
170051,170061,170065,4,10
170051,170062,170065,3,11
170051,170061,170065,4,10
170051,170062,170066,4,11
170051,170062,170066,4,11
170051,170063,170066,3,12
170051,170062,170067,5,11
170051,170063,170067,4,12
170051,170063,170067,4,12
170051,170063,170067,4,12
170051,170064,170067,3,13
170051,170064,170067,3,13
170051,170062,170066,4,11
170051,170063,170066,3,12
170051,170063,170067,4,12
170051,170063,170067,4,12
170051,170063,170067,4,12
170051,170063,170067,4,12
170051,170064,170067,3,13
170051,170064,170068,4,13
170051,170064,170068,4,13
170051,170064,170067,3,13
170051,170064,170068,4,13
170051,170064,170068,4,13
170051,170064,170068,4,13
170051,170064,170068,4,13
170051,170064,170068,4,13
170051,170064,170067,3,13
170051,170065,170068,3,14
170051,170064,170068,4,13
170051,170065,170068,3,14
170051,170065,170069,4,14
170051,170065,170068,3,14
170051,170065,170069,4,14
170051,170065,170069,4,14
170051,170065,170069,4,14
169205,169219,170082,863,14
170088,170088,170090,2,0
170088,170088,170091,3,0
170088,170088,170091,3,0
170088,170088,170091,3,0
170088,170088,170091,3,0
170088,170088,170091,3,0
170088,170088,170091,3,0
170088,170088,170091,3,0
170088,170088,170092,4,0
170088,170088,170092,4,0
170088,170088,170092,4,0
170088,170089,170092,3,1
170088,170089,170092,3,1
170088,170088,170092,4,0
170088,170088,170092,4,0
170088,170088,170092,4,0
170088,170088,170092,4,0
170088,170088,170092,4,0
170088,170088,170092,4,0
170088,170088,170093,5,0
170088,170088,170093,5,0
170088,170089,170092,3,1
170088,170089,170093,4,1
170088,170088,170093,5,0
170088,170088,170093,5,0
170088,170088,170093,5,0
170088,170088,170093,5,0
170088,170091,170093,2,3
170088,170088,170093,5,0
170088,170088,170093,5,0
170088,170088,170093,5,0
170088,170090,170093,3,2
170088,170088,170094,6,0
170088,170092,170094,2,4
170088,170088,170094,6,0
170088,170088,170094,6,0
170088,170092,170094,2,4
170088,170088,170094,6,0
170088,170092,170094,2,4
170088,170091,170094,3,3
170088,170092,170094,2,4
170088,170088,170094,6,0
170088,170091,170094,3,3
170088,170088,170094,6,0
170088,170088,170094,6,0
170088,170088,170094,6,0
170088,170088,170094,6,0
170088,170088,170094,6,0
170088,170089,170095,6,1
170088,170092,170095,3,4
170088,170093,170095,2,5
170088,170092,170095,3,4
170088,170091,170096,5,3
170088,170093,170096,3,5
170088,170091,170096,5,3
170088,170093,170097,4,5
170088,170093,170096,3,5
170088,170094,170097,3,6
170088,170094,170098,4,6
170088,170094,170098,4,6
170088,170094,170097,3,6
170088,170091,170097,6,3
170088,170095,170098,3,7
170088,170093,170097,4,5
170088,170093,170097,4,5
170088,170094,170098,4,6
170088,170094,170098,4,6
170088,170094,170098,4,6
170088,170094,170098,4,6
170088,170093,170098,5,5
170088,170095,170098,3,7
170088,170095,170098,3,7
170088,170094,170098,4,6
170088,170095,170098,3,7
170088,170094,170098,4,6
170088,170094,170098,4,6
170088,170095,170098,3,7
170088,170094,170098,4,6
170088,170095,170098,3,7
170088,170095,170098,3,7
170088,170094,170098,4,6
170088,170094,170098,4,6
170088,170094,170099,5,6
170088,170094,170098,4,6
170088,170095,170098,3,7
170088,170095,170098,3,7
170088,170096,170099,3,8
170088,170096,170099,3,8
170088,170095,170100,5,7
170088,170096,170100,4,8
170088,170094,170099,5,6
170088,170095,170099,4,7
170088,170098,170100,2,10
170088,170097,170100,3,9
170088,170096,170100,4,8
170088,170097,170101,4,9
170088,170097,170100,3,9
170088,170098,170101,3,10
170088,170097,170100,3,9
170088,170099,170102,3,11
170088,170098,170102,4,10
170088,170098,170101,3,10
170088,170098,170101,3,10
170088,170098,170101,3,10
170088,170098,170101,3,10
170088,170098,170101,3,10
170088,170097,170101,4,9
170088,170099,170102,3,11
170088,170099,170102,3,11
170088,170099,170102,3,11
170088,170099,170103,4,11
170088,170099,170102,3,11
170088,170099,170102,3,11
170088,170099,170102,3,11
170088,170099,170102,3,11
170088,170099,170102,3,11
170088,170099,170102,3,11
170088,170099,170102,3,11
170088,170099,170103,4,11
170088,170099,170103,4,11
169222,169228,170106,878,6
170135,170135,170137,2,0
170135,170135,170138,3,0
170135,170135,170138,3,0
170135,170135,170138,3,0
170135,170135,170138,3,0
170135,170135,170137,2,0
170135,170135,170139,4,0
170135,170135,170139,4,0
170135,170135,170139,4,0
170135,170135,170139,4,0
170135,170135,170138,3,0
170135,170135,170139,4,0
170135,170135,170138,3,0
170135,170135,170140,5,0
170135,170135,170139,4,0
170135,170135,170140,5,0
170135,170135,170140,5,0
170135,170135,170140,5,0
170135,170135,170140,5,0
170135,170135,170140,5,0
170135,170135,170140,5,0
170135,170135,170140,5,0
170135,170135,170140,5,0
170135,170135,170140,5,0
170135,170135,170140,5,0
170135,170138,170140,2,3
170135,170135,170140,5,0
170135,170135,170139,4,0
170135,170135,170140,5,0
170135,170135,170140,5,0
170135,170135,170140,5,0
170135,170135,170140,5,0
170135,170139,170141,2,4
170135,170139,170141,2,4
170135,170139,170141,2,4
170135,170135,170141,6,0
170135,170135,170140,5,0
170135,170135,170141,6,0
170135,170135,170141,6,0
170135,170139,170141,2,4
170135,170135,170141,6,0
170135,170138,170141,3,3
170135,170139,170141,2,4
170135,170139,170142,3,4
170135,170135,170141,6,0
170135,170139,170142,3,4
170135,170135,170142,7,0
170135,170135,170142,7,0
170135,170135,170142,7,0
170135,170138,170142,4,3
170135,170140,170143,3,5
170135,170138,170143,5,3
170135,170138,170143,5,3
170135,170140,170144,4,5
170135,170140,170144,4,5
170135,170140,170144,4,5
170135,170138,170144,6,3
170135,170140,170144,4,5
170135,170140,170144,4,5
170135,170140,170144,4,5
170135,170142,170145,3,7
170135,170141,170145,4,6
170135,170140,170145,5,5
170135,170140,170145,5,5
170135,170141,170145,4,6
170135,170140,170145,5,5
170135,170141,170145,4,6
170135,170141,170145,4,6
170135,170142,170146,4,7
170135,170140,170145,5,5
170135,170142,170146,4,7
170135,170140,170145,5,5
170135,170140,170146,6,5
170135,170142,170146,4,7
170135,170142,170146,4,7
170135,170141,170145,4,6
170135,170142,170146,4,7
170135,170140,170146,6,5
170135,170143,170146,3,8
170135,170142,170146,4,7
170135,170142,170146,4,7
170135,170142,170146,4,7
170135,170143,170146,3,8
170135,170143,170147,4,8
170135,170140,170147,7,5
170135,170143,170147,4,8
170135,170145,170148,3,10
170135,170145,170147,2,10
170135,170144,170147,3,9
170135,170144,170147,3,9
170135,170142,170147,5,7
170135,170144,170148,4,9
170135,170145,170148,3,10
170135,170145,170148,3,10
170135,170145,170148,3,10
170135,170145,170149,4,10
170135,170144,170149,5,9
170135,170144,170149,5,9
170135,170146,170149,3,11
170135,170146,170150,4,11
170135,170146,170149,3,11
170135,170146,170150,4,11
170135,170146,170149,3,11
170135,170146,170149,3,11
170135,170146,170150,4,11
170135,170146,170150,4,11
170135,170145,170150,5,10
170135,170147,170150,3,12
169259,169265,170150,885,6
170135,170146,170150,4,11
170135,170146,170150,4,11
170135,170146,170150,4,11
170135,170147,170150,3,12
170135,170147,170150,3,12
170135,170145,170151,6,10
170135,170147,170151,4,12
170153,170153,170155,2,0
170153,170153,170155,2,0
170153,170153,170156,3,0
169279,169279,170156,877,0
170153,170153,170156,3,0
170153,170153,170157,4,0
170153,170153,170156,3,0
170153,170153,170157,4,0
170153,170153,170156,3,0
170153,170153,170156,3,0
170153,170153,170156,3,0
170153,170153,170156,3,0
170153,170153,170156,3,0
170153,170153,170156,3,0
170153,170153,170157,4,0
170153,170153,170156,3,0
170153,170153,170156,3,0
170153,170153,170156,3,0
170153,170153,170157,4,0
170153,170153,170156,3,0
170153,170153,170157,4,0
170153,170153,170156,3,0
170153,170153,170157,4,0
170153,170153,170157,4,0
170153,170153,170157,4,0
170153,170153,170157,4,0
170153,170153,170157,4,0
170153,170153,170157,4,0
170153,170153,170157,4,0
170153,170153,170157,4,0
170153,170153,170157,4,0
170153,170153,170158,5,0
170153,170153,170157,4,0
170153,170153,170157,4,0
170153,170153,170157,4,0
169269,169276,170157,881,7
170153,170153,170158,5,0
170153,170153,170157,4,0
170135,170135,170141,6,0
170153,170157,170160,3,4
170153,170157,170160,3,4
170153,170156,170160,4,3
170153,170156,170159,3,3
170153,170156,170160,4,3
170153,170157,170161,4,4
170153,170157,170160,3,4
170153,170157,170161,4,4
170153,170157,170160,3,4
170153,170157,170161,4,4
170153,170158,170160,2,5
170153,170157,170161,4,4
170153,170157,170160,3,4
170153,170157,170161,4,4
170153,170157,170161,4,4
170153,170157,170161,4,4
170153,170158,170161,3,5
170153,170157,170160,3,4
170153,170157,170160,3,4
170153,170157,170161,4,4
170153,170157,170161,4,4
170153,170157,170161,4,4
170153,170157,170160,3,4
170153,170157,170162,5,4
170153,170157,170161,4,4
170153,170158,170161,3,5
170153,170158,170161,3,5
170153,170157,170161,4,4
170153,170158,170162,4,5
170153,170158,170161,3,5
170153,170158,170162,4,5
170153,170158,170161,3,5
170153,170158,170161,3,5
170153,170158,170162,4,5
170153,170158,170162,4,5
170153,170158,170162,4,5
170153,170159,170162,3,6
170153,170160,170163,3,7
170153,170160,170163,3,7
170153,170158,170163,5,5
170153,170158,170162,4,5
170135,170159,170163,4,24
169282,169282,170163,881,0
170153,170161,170163,2,8
170153,170161,170164,3,8
170153,170161,170164,3,8
170153,170161,170164,3,8
170153,170161,170163,2,8
170153,170160,170163,3,7
170153,170160,170164,4,7
170153,170161,170164,3,8
170153,170161,170164,3,8
170153,170161,170164,3,8
170153,170161,170163,2,8
170153,170161,170164,3,8
170153,170161,170164,3,8
170135,170159,170164,5,24
170135,170159,170164,5,24
170135,170159,170164,5,24
170153,170162,170164,2,9
170153,170161,170165,4,8
170153,170161,170164,3,8
170153,170161,170164,3,8
170153,170162,170165,3,9
170153,170161,170165,4,8
170153,170161,170164,3,8
170153,170162,170165,3,9
170153,170162,170165,3,9
170153,170161,170164,3,8
170153,170162,170165,3,9
170153,170162,170165,3,9
170153,170161,170165,4,8
170153,170161,170165,4,8
170153,170162,170165,3,9
170153,170162,170166,4,9
170153,170162,170165,3,9
170153,170162,170166,4,9
170153,170162,170166,4,9
170153,170163,170165,2,10
170153,170162,170165,3,9
170153,170162,170165,3,9
170153,170163,170165,2,10
170153,170163,170166,3,10
170153,170163,170166,3,10
170153,170163,170166,3,10
170160,170165,170166,1,5
170153,170162,170166,4,9
170160,170165,170167,2,5
170160,170165,170167,2,5
170153,170164,170167,3,11
170153,170164,170167,3,11
170153,170164,170167,3,11
170160,170165,170167,2,5
170160,170165,170167,2,5
170160,170165,170167,2,5
170160,170164,170167,3,4
170160,170165,170167,2,5
170160,170164,170168,4,4
170160,170164,170168,4,4
170160,170165,170167,2,5
170160,170164,170168,4,4
170160,170165,170168,3,5
170160,170164,170168,4,4
170160,170164,170168,4,4
170160,170164,170168,4,4
170160,170164,170168,4,4
170160,170164,170168,4,4
170160,170165,170168,3,5
170160,170164,170168,4,4
170160,170165,170168,3,5
170160,170165,170168,3,5
170160,170166,170168,2,6
170160,170165,170169,4,5
170160,170166,170169,3,6
170160,170166,170169,3,6
170160,170166,170169,3,6
170160,170166,170170,4,6
170160,170167,170170,3,7
170160,170166,170170,4,6
170160,170166,170170,4,6
170160,170166,170170,4,6
170160,170167,170170,3,7
170160,170167,170169,2,7
170160,170166,170170,4,6
170160,170166,170170,4,6
170160,170167,170170,3,7
170160,170166,170169,3,6
170160,170167,170170,3,7
170160,170168,170170,2,8
170160,170167,170170,3,7
170160,170167,170170,3,7
170160,170168,170170,2,8
170160,170166,170170,4,6
170160,170167,170170,3,7
170160,170168,170170,2,8
170160,170167,170170,3,7
170160,170168,170170,2,8
170160,170167,170170,3,7
170160,170168,170171,3,8
170160,170166,170171,5,6
170160,170168,170171,3,8
170160,170169,170171,2,9
170160,170169,170171,2,9
170160,170169,170171,2,9
170160,170168,170171,3,8
170160,170169,170171,2,9
170160,170169,170172,3,9
170160,170169,170172,3,9
170160,170169,170172,3,9
170160,170168,170171,3,8
170160,170169,170172,3,9
170160,170168,170172,4,8
170160,170169,170172,3,9
170160,170168,170172,4,8
170160,170169,170172,3,9
170160,170170,170173,3,10
170160,170170,170173,3,10
170160,170170,170173,3,10
170160,170170,170173,3,10
170160,170171,170173,2,11
170160,170171,170174,3,11
170160,170172,170174,2,12
170160,170170,170173,3,10
170160,170171,170174,3,11
170160,170170,170173,3,10
170160,170170,170173,3,10
170160,170171,170174,3,11
170160,170170,170174,4,10
170160,170170,170174,4,10
170160,170171,170174,3,11
170160,170170,170174,4,10
170160,170170,170174,4,10
170160,170171,170174,3,11
170160,170170,170174,4,10
170160,170171,170175,4,11
170160,170171,170174,3,11
170160,170172,170175,3,12
170160,170172,170175,3,12
170160,170172,170175,3,12
170160,170172,170175,3,12
170160,170171,170174,3,11
170160,170171,170174,3,11
170160,170171,170174,3,11
170160,170172,170174,2,12
170160,170172,170175,3,12
170160,170172,170175,3,12
170160,170173,170174,1,13
170160,170171,170174,3,11
170160,170171,170174,3,11
170160,170171,170174,3,11
170160,170172,170175,3,12
170160,170172,170174,2,12
170160,170171,170175,4,11
170160,170172,170175,3,12
170160,170173,170175,2,13
170160,170173,170175,2,13
170160,170173,170175,2,13
170160,170172,170176,4,12
170160,170174,170176,2,14
170160,170174,170176,2,14
170160,170174,170177,3,14
170160,170174,170176,2,14
170160,170174,170177,3,14
170160,170174,170176,2,14
170163,170175,170177,2,12
170163,170175,170177,2,12
170160,170173,170176,3,13
170160,170174,170176,2,14
170163,170175,170176,1,12
170160,170174,170176,2,14
170163,170174,170177,3,11
170163,170174,170177,3,11
170163,170174,170177,3,11
170163,170175,170177,2,12
170160,170174,170177,3,14
170163,170175,170178,3,12
170163,170175,170178,3,12
170160,170174,170177,3,14
170163,170175,170177,2,12
170163,170175,170177,2,12
170163,170175,170178,3,12
170163,170175,170177,2,12
170163,170175,170177,2,12
170163,170175,170178,3,12
170163,170175,170178,3,12
170163,170175,170178,3,12
170163,170176,170179,3,13
170163,170175,170179,4,12
170163,170175,170178,3,12
170163,170175,170178,3,12
170163,170175,170178,3,12
170163,170175,170178,3,12
170163,170175,170179,4,12
170163,170175,170179,4,12
170163,170178,170180,2,15
170163,170178,170179,1,15
170163,170176,170179,3,13
170163,170176,170179,3,13
170163,170175,170179,4,12
170163,170176,170179,3,13
170163,170176,170180,4,13
170163,170177,170180,3,14
170163,170176,170179,3,13
170163,170178,170180,2,15
170163,170176,170180,4,13
170163,170177,170180,3,14
170163,170178,170181,3,15
170163,170178,170181,3,15
170163,170177,170180,3,14
170163,170177,170180,3,14
170163,170177,170181,4,14
170163,170177,170181,4,14
170163,170177,170181,4,14
170163,170176,170180,4,13
170163,170177,170181,4,14
170163,170177,170181,4,14
170163,170178,170181,3,15
170163,170177,170181,4,14
170163,170178,170181,3,15
170163,170178,170181,3,15
170163,170179,170182,3,16
170163,170178,170181,3,15
170163,170178,170181,3,15
170163,170179,170182,3,16
170163,170178,170181,3,15
170163,170178,170181,3,15
170163,170179,170182,3,16
170163,170178,170181,3,15
170163,170179,170182,3,16
170163,170179,170182,3,16
170163,170179,170182,3,16
170163,170179,170182,3,16
170163,170180,170183,3,17
170163,170179,170182,3,16
170163,170179,170183,4,16
170163,170179,170183,4,16
170163,170180,170183,3,17
170163,170179,170182,3,16
170163,170180,170183,3,17
170163,170180,170183,3,17
170163,170180,170184,4,17
170163,170180,170184,4,17
170163,170181,170184,3,18
170163,170181,170184,3,18
170163,170180,170184,4,17
170163,170181,170184,3,18
170163,170180,170184,4,17
170163,170180,170184,4,17
170163,170181,170184,3,18
170163,170181,170184,3,18
170163,170181,170184,3,18
170163,170181,170184,3,18
170163,170181,170184,3,18
170163,170181,170184,3,18
170163,170182,170184,2,19
170163,170181,170184,3,18
170163,170182,170184,2,19
170163,170182,170184,2,19
170163,170182,170185,3,19
170163,170181,170185,4,18
170163,170182,170185,3,19
170163,170182,170185,3,19
170163,170181,170185,4,18
170163,170181,170185,4,18
170163,170181,170185,4,18
170163,170182,170185,3,19
170163,170182,170185,3,19
170163,170183,170186,3,20
170163,170183,170186,3,20
170163,170182,170185,3,19
170163,170183,170186,3,20
170163,170182,170186,4,19
170163,170184,170186,2,21
170163,170184,170186,2,21
170163,170184,170186,2,21
170163,170184,170187,3,21
170163,170184,170187,3,21
170163,170183,170186,3,20
170163,170184,170186,2,21
170163,170184,170187,3,21
170163,170184,170187,3,21
170163,170184,170187,3,21
170163,170185,170187,2,22
170163,170184,170187,3,21
170163,170181,170185,4,18
170163,170182,170186,4,19
170163,170183,170186,3,20
169323,169331,170206,875,8
170163,170205,170208,3,42
170163,170205,170207,2,42
170210,170210,170213,3,0
170210,170210,170213,3,0
170210,170210,170213,3,0
170210,170211,170213,2,1
170210,170210,170213,3,0
170210,170210,170213,3,0
170210,170210,170213,3,0
169313,169318,170213,895,5
170210,170210,170213,3,0
170210,170210,170214,4,0
170210,170210,170213,3,0
170210,170210,170214,4,0
170210,170210,170214,4,0
170210,170210,170214,4,0
170210,170210,170214,4,0
170210,170210,170214,4,0
170210,170210,170214,4,0
170210,170210,170214,4,0
170210,170210,170214,4,0
170210,170210,170214,4,0
170210,170210,170214,4,0
170210,170211,170214,3,1
170210,170211,170214,3,1
170210,170210,170214,4,0
170210,170210,170214,4,0
170210,170210,170214,4,0
170210,170210,170214,4,0
170210,170210,170214,4,0
170210,170210,170213,3,0
170210,170210,170215,5,0
170210,170210,170214,4,0
170210,170210,170215,5,0
170210,170210,170215,5,0
170210,170210,170215,5,0
170210,170214,170215,1,4
170210,170211,170215,4,1
170210,170211,170215,4,1
170210,170213,170215,2,3
170210,170213,170215,2,3
170210,170213,170215,2,3
170210,170213,170216,3,3
170210,170213,170216,3,3
170210,170214,170217,3,4
170210,170214,170217,3,4
170210,170214,170217,3,4
170210,170210,170217,7,0
170210,170210,170217,7,0
170210,170214,170217,3,4
170210,170214,170218,4,4
170210,170214,170218,4,4
170210,170214,170218,4,4
170210,170214,170218,4,4
170210,170214,170218,4,4
170210,170214,170218,4,4
170210,170216,170218,2,6
170210,170216,170218,2,6
170210,170215,170218,3,5
170210,170215,170218,3,5
170210,170215,170219,4,5
170210,170215,170218,3,5
170210,170215,170218,3,5
170210,170215,170219,4,5
170210,170215,170218,3,5
170210,170210,170218,8,0
170210,170215,170219,4,5
170210,170214,170219,5,4
170210,170214,170219,5,4
170210,170216,170219,3,6
170210,170215,170219,4,5
170210,170215,170219,4,5
170210,170216,170219,3,6
170210,170215,170219,4,5
170210,170216,170219,3,6
170210,170216,170219,3,6
170210,170215,170219,4,5
170210,170216,170219,3,6
170210,170216,170219,3,6
170210,170216,170219,3,6
170210,170218,170220,2,8
170210,170217,170220,3,7
170210,170217,170220,3,7
170210,170219,170221,2,9
170210,170218,170220,2,8
170210,170219,170221,2,9
170210,170218,170221,3,8
170210,170218,170221,3,8
170210,170219,170221,2,9
170210,170219,170221,2,9
170210,170219,170221,2,9
170210,170219,170222,3,9
170210,170219,170222,3,9
170210,170219,170221,2,9
170210,170218,170222,4,8
170210,170219,170221,2,9
170210,170219,170221,2,9
170210,170218,170221,3,8
170210,170219,170222,3,9
170210,170219,170222,3,9
170210,170219,170223,4,9
170210,170219,170222,3,9
170210,170220,170222,2,10
170210,170219,170222,3,9
170210,170220,170223,3,10
170210,170220,170222,2,10
170210,170220,170223,3,10
170210,170219,170222,3,9
170210,170220,170222,2,10
170210,170220,170223,3,10
170210,170220,170222,2,10
170210,170220,170223,3,10
170210,170220,170222,2,10
170210,170220,170223,3,10
170210,170220,170222,2,10
170210,170220,170222,2,10
170210,170220,170223,3,10
170210,170220,170222,2,10
169330,169341,170224,883,11
170210,170221,170223,2,11
170210,170221,170224,3,11
170210,170221,170224,3,11
170210,170222,170225,3,12
170210,170223,170224,1,13
170210,170223,170224,1,13
170210,170223,170225,2,13
170210,170222,170225,3,12
170210,170222,170225,3,12
170210,170221,170224,3,11
170210,170223,170225,2,13
170210,170223,170225,2,13
170210,170223,170225,2,13
170210,170222,170225,3,12
170210,170223,170225,2,13
170210,170223,170226,3,13
170210,170222,170225,3,12
170210,170222,170225,3,12
170210,170222,170225,3,12
170210,170222,170226,4,12
170210,170223,170226,3,13
170210,170222,170225,3,12
170210,170223,170226,3,13
170210,170223,170225,2,13
170210,170221,170225,4,11
170210,170222,170225,3,12
170210,170222,170225,3,12
170210,170222,170225,3,12
170210,170223,170225,2,13
170210,170223,170227,4,13
169333,169341,170226,885,8
170210,170223,170226,3,13
170210,170225,170227,2,15
170210,170225,170226,1,15
170210,170225,170226,1,15
170210,170222,170226,4,12
170210,170225,170227,2,15
170210,170223,170226,3,13
170210,170224,170228,4,14
170210,170224,170228,4,14
170210,170225,170228,3,15
170210,170225,170229,4,15
170210,170225,170228,3,15
170210,170226,170229,3,16
170210,170225,170228,3,15
170210,170225,170229,4,15
170210,170226,170229,3,16
170210,170225,170229,4,15
170210,170225,170228,3,15
170210,170226,170229,3,16
170210,170226,170229,3,16
170210,170225,170228,3,15
170210,170226,170229,3,16
170210,170226,170229,3,16
170210,170226,170229,3,16
170210,170227,170230,3,17
170210,170226,170230,4,16
170210,170226,170230,4,16
170210,170227,170230,3,17
170210,170227,170230,3,17
170210,170225,170229,4,15
170210,170226,170230,4,16
170210,170226,170230,4,16
170210,170226,170230,4,16
170210,170227,170230,3,17
170210,170226,170230,4,16
170210,170226,170230,4,16
170210,170227,170230,3,17
170210,170227,170230,3,17
170210,170227,170230,3,17
170210,170227,170231,4,17
170210,170227,170231,4,17
170210,170228,170231,3,18
170210,170226,170231,5,16
170210,170228,170231,3,18
170210,170210,170213,3,0
170210,170210,170214,4,0
170210,170210,170214,4,0
170210,170210,170215,5,0
170210,170229,170231,2,19
170210,170229,170231,2,19
170210,170229,170232,3,19
170210,170229,170232,3,19
170210,170229,170232,3,19
170210,170229,170231,2,19
170210,170228,170232,4,18
170210,170229,170232,3,19
170210,170229,170232,3,19
170210,170229,170232,3,19
170210,170229,170231,2,19
170210,170229,170232,3,19
170210,170229,170232,3,19
170210,170229,170232,3,19
170210,170230,170232,2,20
170210,170230,170233,3,20
170210,170230,170233,3,20
170210,170230,170233,3,20
170210,170230,170233,3,20
170210,170231,170233,2,21
170210,170230,170233,3,20
170210,170231,170233,2,21
170210,170231,170233,2,21
170210,170230,170233,3,20
170210,170230,170233,3,20
170210,170231,170233,2,21
170210,170230,170234,4,20
170210,170231,170234,3,21
169327,169341,170234,893,14
170210,170231,170234,3,21
170210,170230,170234,4,20
170210,170231,170234,3,21
170210,170232,170234,2,22
170210,170231,170234,3,21
170210,170231,170234,3,21
170210,170232,170235,3,22
170210,170232,170235,3,22
170210,170232,170234,2,22
170210,170232,170234,2,22
170210,170231,170234,3,21
170210,170232,170235,3,22
170210,170232,170234,2,22
170221,170232,170235,3,11
170221,170232,170235,3,11
170221,170233,170236,3,12
170221,170232,170235,3,11
170221,170234,170236,2,13
170210,170232,170235,3,22
170221,170232,170236,4,11
170221,170233,170236,3,12
170221,170232,170236,4,11
170221,170232,170236,4,11
170221,170234,170237,3,13
170221,170234,170236,2,13
170221,170233,170237,4,12
170221,170233,170236,3,12
170221,170233,170236,3,12
170221,170234,170236,2,13
170221,170235,170237,2,14
170221,170235,170237,2,14
170221,170234,170237,3,13
170221,170233,170237,4,12
170221,170233,170237,4,12
170221,170235,170237,2,14
170221,170235,170237,2,14
170221,170235,170237,2,14
170221,170234,170237,3,13
170221,170234,170237,3,13
170221,170234,170237,3,13
170221,170235,170237,2,14
170221,170235,170237,2,14
170221,170235,170238,3,14
170221,170235,170238,3,14
170221,170234,170237,3,13
170221,170234,170238,4,13
170221,170237,170238,1,16
170221,170237,170238,1,16
170221,170237,170239,2,16
170221,170237,170239,2,16
170221,170235,170239,4,14
170221,170235,170238,3,14
170221,170235,170239,4,14
170221,170235,170239,4,14
170221,170235,170239,4,14
170221,170235,170239,4,14
170221,170235,170239,4,14
170221,170236,170239,3,15
170221,170236,170239,3,15
170221,170237,170239,2,16
170221,170235,170239,4,14
170221,170235,170239,4,14
170221,170237,170239,2,16
170221,170237,170240,3,16
170221,170236,170239,3,15
170221,170237,170240,3,16
170221,170238,170241,3,17
170221,170236,170240,4,15
170221,170238,170241,3,17
170210,170222,170226,4,12
170221,170236,170240,4,15
170221,170237,170240,3,16
170221,170237,170240,3,16
170221,170237,170241,4,16
170221,170237,170241,4,16
170221,170238,170241,3,17
170221,170238,170241,3,17
170221,170238,170241,3,17
170221,170239,170241,2,18
170221,170238,170241,3,17
170221,170239,170242,3,18
170221,170238,170242,4,17
170221,170239,170242,3,18
170221,170238,170242,4,17
170221,170238,170242,4,17
170221,170239,170242,3,18
170221,170238,170242,4,17
170221,170238,170242,4,17
170221,170239,170242,3,18
170221,170238,170242,4,17
170221,170240,170242,2,19
170221,170240,170242,2,19
170221,170240,170242,2,19
170221,170238,170243,5,17
170221,170239,170243,4,18
170221,170240,170242,2,19
170221,170239,170243,4,18
170221,170239,170243,4,18
170221,170240,170242,2,19
170210,170241,170243,2,31
170221,170239,170243,4,18
170221,170240,170243,3,19
170221,170240,170243,3,19
170221,170240,170243,3,19
170221,170238,170243,5,17
170221,170240,170243,3,19
170221,170240,170243,3,19
170221,170241,170243,2,20
170210,170241,170244,3,31
170221,170241,170244,3,20
170221,170241,170244,3,20
170221,170241,170244,3,20
170221,170241,170244,3,20
170221,170241,170244,3,20
170221,170240,170244,4,19
170221,170241,170244,3,20
170221,170241,170244,3,20
170221,170242,170244,2,21
170221,170242,170244,2,21
170221,170242,170245,3,21
170221,170243,170245,2,22
170221,170241,170245,4,20
170221,170242,170245,3,21
170210,170241,170245,4,31
170210,170241,170245,4,31
170221,170242,170245,3,21
170221,170242,170245,3,21
170221,170242,170245,3,21
170221,170242,170245,3,21
170221,170242,170245,3,21
170221,170242,170245,3,21
170221,170243,170245,2,22
170221,170242,170245,3,21
170221,170243,170246,3,22
170221,170243,170245,2,22
170221,170243,170245,2,22
170221,170243,170246,3,22
170233,170243,170246,3,10
170233,170243,170246,3,10
170221,170242,170246,4,21
170233,170243,170246,3,10
170221,170242,170246,4,21
170233,170243,170246,3,10
170233,170245,170246,1,12
170233,170245,170247,2,12
170233,170245,170247,2,12
170233,170243,170247,4,10
170233,170245,170246,1,12
170233,170245,170247,2,12
170233,170243,170247,4,10
170233,170245,170246,1,12
170233,170243,170247,4,10
170233,170245,170247,2,12
170233,170243,170246,3,10
170233,170246,170247,1,13
170233,170246,170247,1,13
170233,170243,170247,4,10
169421,169425,170247,822,4
170233,170244,170248,4,11
170233,170244,170247,3,11
170233,170244,170247,3,11
170233,170243,170248,5,10
170233,170244,170248,4,11
170233,170244,170248,4,11
170233,170244,170248,4,11
170233,170244,170248,4,11
170233,170244,170248,4,11
170233,170245,170248,3,12
170233,170245,170247,2,12
170233,170244,170249,5,11
170233,170244,170248,4,11
170233,170246,170248,2,13
170233,170246,170249,3,13
170233,170244,170248,4,11
170233,170245,170248,3,12
170233,170245,170249,4,12
170233,170245,170248,3,12
170233,170246,170249,3,13
170233,170246,170249,3,13
170233,170247,170250,3,14
170233,170247,170250,3,14
170233,170246,170249,3,13
170233,170247,170250,3,14
170233,170246,170249,3,13
170233,170246,170249,3,13
170233,170247,170250,3,14
170233,170247,170250,3,14
170233,170246,170250,4,13
170233,170246,170250,4,13
170233,170249,170250,1,16
170233,170248,170250,2,15
170233,170247,170250,3,14
170233,170249,170250,1,16
170233,170249,170250,1,16
170233,170249,170250,1,16
170233,170248,170251,3,15
170233,170248,170251,3,15
170233,170249,170251,2,16
170233,170247,170251,4,14
170233,170247,170251,4,14
170233,170247,170251,4,14
170233,170247,170251,4,14
170233,170248,170251,3,15
170233,170246,170251,5,13
170233,170247,170251,4,14
170233,170248,170251,3,15
170233,170249,170251,2,16
170233,170246,170251,5,13
170233,170248,170251,3,15
170233,170249,170251,2,16
170233,170248,170251,3,15
170233,170248,170252,4,15
170233,170248,170252,4,15
170233,170248,170252,4,15
170233,170248,170252,4,15
170233,170249,170252,3,16
170233,170250,170252,2,17
170233,170249,170252,3,16
170233,170249,170252,3,16
170233,170250,170252,2,17
170233,170248,170252,4,15
170233,170250,170252,2,17
170233,170250,170252,2,17
170233,170250,170253,3,17
170233,170250,170253,3,17
170233,170250,170253,3,17
170233,170249,170253,4,16
170233,170251,170254,3,18
170233,170250,170253,3,17
170233,170251,170253,2,18
170233,170250,170253,3,17
170233,170251,170253,2,18
169336,169341,170253,912,5
170233,170251,170254,3,18
170233,170250,170254,4,17
170233,170251,170254,3,18
170233,170251,170254,3,18
170233,170251,170254,3,18
170233,170250,170254,4,17
170233,170251,170254,3,18
170233,170251,170254,3,18
170233,170252,170254,2,19
170233,170249,170254,5,16
170233,170251,170254,3,18
170233,170251,170254,3,18
170233,170252,170254,2,19
170233,170252,170255,3,19
170233,170252,170255,3,19
170233,170252,170254,2,19
170233,170252,170255,3,19
170233,170252,170254,2,19
170233,170251,170254,3,18
170233,170251,170255,4,18
170233,170252,170254,2,19
170233,170252,170255,3,19
170233,170253,170255,2,20
170233,170253,170255,2,20
170233,170252,170255,3,19
170233,170252,170255,3,19
170233,170252,170255,3,19
170233,170252,170255,3,19
170236,170253,170256,3,17
170236,170253,170256,3,17
170236,170253,170256,3,17
170236,170254,170256,2,18
170236,170253,170256,3,17
170236,170254,170256,2,18
170236,170254,170256,2,18
170236,170253,170256,3,17
170236,170255,170256,1,19
170236,170253,170256,3,17
170236,170255,170257,2,19
170236,170255,170257,2,19
170236,170253,170256,3,17
170236,170253,170257,4,17
170236,170253,170256,3,17
170236,170255,170257,2,19
170236,170255,170257,2,19
170236,170255,170257,2,19
170236,170255,170257,2,19
170236,170254,170257,3,18
170236,170254,170257,3,18
170236,170253,170257,4,17
170236,170254,170257,3,18
170236,170254,170258,4,18
170236,170255,170258,3,19
170236,170255,170257,2,19
170236,170254,170257,3,18
170236,170254,170258,4,18
170236,170254,170257,3,18
170236,170254,170257,3,18
170236,170254,170257,3,18
170236,170255,170257,2,19
170236,170255,170258,3,19
170236,170254,170258,4,18
170236,170254,170258,4,18
170236,170254,170258,4,18
170236,170255,170259,4,19
170236,170257,170258,1,21
170236,170257,170258,1,21
170236,170256,170258,2,20
170236,170254,170258,4,18
170236,170255,170259,4,19
170236,170256,170259,3,20
170236,170256,170258,2,20
170236,170257,170260,3,21
170236,170257,170259,2,21
170236,170256,170259,3,20
170236,170256,170260,4,20
170236,170256,170259,3,20
170236,170256,170259,3,20
170236,170256,170260,4,20
170236,170258,170260,2,22
170236,170258,170260,2,22
170236,170257,170260,3,21
170236,170257,170260,3,21
170236,170258,170260,2,22
170236,170257,170261,4,21
170236,170257,170260,3,21
170236,170258,170261,3,22
170236,170258,170261,3,22
170236,170257,170260,3,21
170236,170258,170260,2,22
170236,170259,170261,2,23
170236,170257,170260,3,21
170236,170257,170260,3,21
170236,170257,170261,4,21
170236,170257,170260,3,21
170236,170258,170261,3,22
170236,170257,170261,4,21
170236,170257,170260,3,21
170236,170258,170261,3,22
170236,170258,170260,2,22
170236,170257,170260,3,21
170236,170258,170261,3,22
170236,170258,170260,2,22
170236,170257,170260,3,21
170236,170257,170261,4,21
170236,170259,170262,3,23
170236,170259,170261,2,23
170236,170259,170261,2,23
170236,170258,170261,3,22
170236,170259,170262,3,23
170236,170259,170261,2,23
170236,170258,170262,4,22
170236,170259,170262,3,23
170236,170259,170262,3,23
170236,170259,170262,3,23
170236,170259,170262,3,23
170236,170260,170262,2,24
170236,170260,170262,2,24
170236,170261,170263,2,25
170236,170259,170262,3,23
170236,170260,170263,3,24
170236,170260,170263,3,24
170236,170260,170263,3,24
170236,170260,170263,3,24
170236,170260,170263,3,24
170236,170260,170263,3,24
170236,170260,170263,3,24
170236,170261,170263,2,25
170236,170261,170263,2,25
170236,170261,170264,3,25
170236,170260,170264,4,24
170236,170261,170264,3,25
170236,170261,170264,3,25
170236,170261,170264,3,25
170236,170261,170264,3,25
170236,170261,170264,3,25
170236,170261,170264,3,25
170236,170261,170264,3,25
170236,170261,170264,3,25
170236,170260,170263,3,24
170236,170261,170264,3,25
170236,170261,170264,3,25
170236,170261,170264,3,25
170236,170260,170264,4,24
170236,170261,170264,3,25
170236,170261,170265,4,25
170236,170261,170264,3,25
170236,170261,170265,4,25
169380,169380,170270,890,0
169370,169380,170274,894,10
169391,169391,170296,905,0
169394,169394,170295,901,0
170300,170300,170302,2,0
170300,170300,170302,2,0
170300,170300,170302,2,0
170300,170300,170302,2,0
170300,170300,170303,3,0
170300,170300,170303,3,0
170300,170300,170302,2,0
170300,170300,170303,3,0
170300,170300,170302,2,0
170300,170300,170303,3,0
170300,170300,170303,3,0
170300,170300,170303,3,0
170300,170300,170303,3,0
170300,170300,170304,4,0
170300,170300,170304,4,0
170300,170300,170304,4,0
170300,170300,170304,4,0
170300,170300,170303,3,0
170300,170300,170303,3,0
170300,170300,170303,3,0
170300,170300,170304,4,0
170300,170300,170303,3,0
170300,170300,170303,3,0
170300,170300,170304,4,0
170300,170300,170303,3,0
170300,170300,170303,3,0
170300,170300,170304,4,0
170300,170300,170304,4,0
170300,170300,170303,3,0
170300,170300,170304,4,0
170300,170300,170304,4,0
170300,170300,170304,4,0
170300,170300,170304,4,0
170300,170300,170303,3,0
170300,170300,170304,4,0
170300,170300,170305,5,0
170300,170300,170305,5,0
170300,170300,170305,5,0
170300,170300,170304,4,0
170300,170300,170304,4,0
170300,170300,170304,4,0
170300,170300,170304,4,0
170300,170300,170305,5,0
170300,170300,170305,5,0
170300,170303,170306,3,3
170300,170302,170305,3,2
170300,170302,170306,4,2
170300,170303,170306,3,3
170300,170304,170306,2,4
170300,170304,170306,2,4
170300,170304,170306,2,4
170300,170302,170306,4,2
170300,170303,170306,3,3
170300,170304,170306,2,4
170300,170303,170306,3,3
170300,170304,170306,2,4
170300,170304,170306,2,4
170300,170303,170307,4,3
170300,170304,170306,2,4
170300,170303,170307,4,3
170300,170303,170306,3,3
170300,170304,170307,3,4
170300,170305,170308,3,5
170300,170305,170308,3,5
170300,170304,170307,3,4
170300,170304,170307,3,4
170300,170304,170308,4,4
170300,170304,170307,3,4
170300,170304,170308,4,4
170300,170304,170307,3,4
170300,170305,170307,2,5
170300,170304,170307,3,4
170300,170304,170308,4,4
170300,170304,170307,3,4
170300,170304,170307,3,4
170300,170304,170308,4,4
170300,170304,170308,4,4
170300,170304,170307,3,4
170300,170304,170308,4,4
170300,170305,170308,3,5
170300,170305,170307,2,5
170300,170305,170308,3,5
170300,170306,170308,2,6
170300,170306,170308,2,6
170300,170304,170308,4,4
170300,170304,170308,4,4
170300,170305,170307,2,5
170300,170305,170308,3,5
170300,170305,170309,4,5
170300,170306,170309,3,6
170300,170306,170309,3,6
170300,170306,170309,3,6
170300,170306,170309,3,6
170300,170306,170309,3,6
170300,170306,170309,3,6
170300,170306,170309,3,6
170300,170306,170309,3,6
170300,170306,170309,3,6
170300,170307,170310,3,7
170300,170306,170310,4,6
170300,170307,170310,3,7
170300,170306,170310,4,6
170300,170307,170310,3,7
170300,170307,170310,3,7
170300,170307,170311,4,7
170300,170308,170310,2,8
170300,170308,170310,2,8
170300,170308,170310,2,8
170300,170308,170311,3,8
170300,170308,170310,2,8
170300,170308,170311,3,8
170300,170308,170311,3,8
170300,170308,170311,3,8
170300,170308,170311,3,8
170300,170308,170311,3,8
170300,170308,170311,3,8
170300,170308,170311,3,8
170300,170308,170311,3,8
170300,170308,170311,3,8
170300,170309,170311,2,9
170300,170309,170311,2,9
170300,170309,170311,2,9
170300,170309,170311,2,9
170300,170309,170311,2,9
170300,170310,170311,1,10
170300,170310,170311,1,10
170300,170308,170312,4,8
170300,170308,170312,4,8
170300,170308,170312,4,8
170300,170308,170312,4,8
170300,170308,170312,4,8
170300,170308,170312,4,8
170300,170308,170312,4,8
170300,170309,170312,3,9
170300,170311,170313,2,11
170300,170309,170312,3,9
170300,170310,170312,2,10
170300,170310,170313,3,10
170300,170310,170313,3,10
170300,170310,170313,3,10
170300,170310,170313,3,10
170300,170310,170313,3,10
170300,170310,170313,3,10
170300,170310,170314,4,10
170300,170311,170313,2,11
170300,170311,170314,3,11
170300,170311,170314,3,11
170300,170311,170314,3,11
170300,170311,170314,3,11
170300,170311,170314,3,11
170300,170310,170314,4,10
170300,170310,170314,4,10
170300,170311,170314,3,11
170300,170311,170314,3,11
170300,170311,170314,3,11
170300,170311,170315,4,11
170300,170311,170315,4,11
170300,170311,170315,4,11
170300,170311,170315,4,11
170300,170311,170315,4,11
170300,170312,170315,3,12
170300,170312,170315,3,12
170300,170312,170315,3,12
170300,170313,170316,3,13
170300,170314,170316,2,14
170300,170312,170315,3,12
170300,170312,170315,3,12
170300,170312,170315,3,12
170300,170312,170316,4,12
170300,170312,170315,3,12
170300,170314,170315,1,14
170300,170314,170316,2,14
170300,170314,170316,2,14
170300,170311,170316,5,11
170300,170313,170316,3,13
170300,170314,170316,2,14
170300,170315,170316,1,15
170300,170314,170316,2,14
170300,170312,170316,4,12
170300,170312,170316,4,12
170300,170314,170316,2,14
170300,170313,170316,3,13
170300,170313,170316,3,13
170300,170314,170316,2,14
170300,170313,170316,3,13
170300,170313,170316,3,13
170300,170313,170316,3,13
170300,170314,170317,3,14
170300,170312,170316,4,12
170300,170313,170316,3,13
170300,170313,170317,4,13
170300,170315,170317,2,15
170300,170316,170317,1,16
170300,170314,170317,3,14
170300,170314,170317,3,14
170300,170314,170318,4,14
170300,170315,170317,2,15
170300,170316,170318,2,16
170300,170316,170318,2,16
170300,170316,170318,2,16
170300,170316,170318,2,16
170300,170315,170318,3,15
170300,170315,170318,3,15
170300,170316,170318,2,16
170300,170316,170318,2,16
170300,170316,170319,3,16
170300,170316,170319,3,16
170300,170316,170319,3,16
170300,170316,170318,2,16
170300,170316,170318,2,16
170300,170316,170319,3,16
170300,170316,170319,3,16
170300,170317,170319,2,17
170300,170316,170319,3,16
170300,170317,170320,3,17
170300,170317,170319,2,17
170300,170317,170319,2,17
170300,170317,170319,2,17
170300,170315,170319,4,15
170300,170317,170320,3,17
170300,170316,170319,3,16
170300,170317,170319,2,17
170300,170317,170320,3,17
170300,170316,170319,3,16
170300,170317,170319,2,17
170300,170317,170319,2,17
170300,170316,170320,4,16
170300,170317,170320,3,17
170300,170317,170320,3,17
170300,170317,170320,3,17
170300,170317,170320,3,17
170300,170317,170320,3,17
170300,170318,170321,3,18
170300,170317,170320,3,17
170300,170317,170320,3,17
170300,170317,170320,3,17
170300,170318,170321,3,18
170300,170318,170321,3,18
170300,170318,170321,3,18
170300,170319,170321,2,19
170300,170319,170321,2,19
170300,170319,170321,2,19
170300,170319,170322,3,19
170300,170319,170322,3,19
170300,170318,170321,3,18
170300,170319,170322,3,19
170300,170318,170321,3,18
170300,170319,170322,3,19
170300,170319,170322,3,19
170300,170320,170322,2,20
170300,170321,170322,1,21
170300,170321,170323,2,21
169418,169425,170322,897,7
170300,170320,170322,2,20
170300,170319,170322,3,19
170300,170319,170322,3,19
170300,170319,170323,4,19
170300,170320,170323,3,20
170300,170320,170323,3,20
170300,170319,170322,3,19
170300,170319,170323,4,19
170300,170319,170323,4,19
170300,170321,170324,3,21
170300,170321,170324,3,21
170300,170320,170323,3,20
170300,170320,170323,3,20
170300,170320,170324,4,20
170300,170320,170323,3,20
170300,170321,170324,3,21
170300,170320,170324,4,20
170300,170320,170324,4,20
170300,170321,170324,3,21
170300,170321,170324,3,21
170300,170321,170324,3,21
170300,170321,170325,4,21
170300,170321,170324,3,21
170300,170320,170324,4,20
170300,170321,170325,4,21
170300,170321,170325,4,21
170300,170320,170324,4,20
170300,170320,170324,4,20
170300,170320,170324,4,20
170300,170321,170325,4,21
170300,170321,170325,4,21
170300,170320,170324,4,20
170300,170321,170325,4,21
170300,170321,170324,3,21
170300,170321,170325,4,21
170300,170321,170325,4,21
170300,170321,170326,5,21
170300,170323,170325,2,23
170300,170323,170325,2,23
170300,170322,170326,4,22
170300,170323,170326,3,23
170300,170324,170325,1,24
170300,170322,170326,4,22
170300,170323,170326,3,23
170300,170322,170326,4,22
170300,170324,170326,2,24
170300,170323,170326,3,23
170300,170323,170325,2,23
170300,170324,170326,2,24
170300,170324,170326,2,24
170300,170324,170325,1,24
170300,170321,170326,5,21
170300,170322,170326,4,22
170300,170322,170326,4,22
170300,170323,170325,2,23
170300,170323,170326,3,23
170300,170324,170326,2,24
170300,170324,170326,2,24
170300,170325,170326,1,25
170300,170323,170326,3,23
170300,170323,170326,3,23
170300,170323,170326,3,23
170300,170324,170327,3,24
170300,170325,170327,2,25
170300,170322,170326,4,22
170300,170325,170328,3,25
170300,170324,170327,3,24
170300,170325,170327,2,25
170300,170324,170327,3,24
170300,170325,170327,2,25
170300,170325,170328,3,25
170300,170325,170327,2,25
170300,170325,170328,3,25
170300,170325,170328,3,25
170300,170325,170328,3,25
170300,170325,170328,3,25
170300,170325,170328,3,25
170300,170326,170329,3,26
170300,170326,170328,2,26
170300,170325,170328,3,25
170300,170325,170329,4,25
170300,170326,170328,2,26
170300,170325,170329,4,25
170300,170325,170329,4,25
170300,170326,170329,3,26
170300,170326,170329,3,26
170300,170326,170329,3,26
170300,170326,170329,3,26
170300,170326,170329,3,26
170300,170326,170329,3,26
170300,170326,170329,3,26
170300,170325,170329,4,25
170300,170326,170329,3,26
170300,170325,170329,4,25
170300,170325,170329,4,25
170300,170327,170329,2,27
170300,170327,170329,2,27
170300,170327,170329,2,27
170300,170327,170329,2,27
170300,170327,170329,2,27
170300,170327,170329,2,27
170300,170327,170330,3,27
170300,170326,170329,3,26
170300,170327,170329,2,27
170300,170327,170329,2,27
170300,170327,170329,2,27
170300,170326,170329,3,26
170300,170326,170330,4,26
170300,170326,170330,4,26
170300,170326,170330,4,26
170300,170328,170331,3,28
170300,170328,170331,3,28
170300,170327,170331,4,27
170300,170327,170330,3,27
170300,170327,170330,3,27
170300,170329,170331,2,29
170300,170328,170331,3,28
170300,170328,170331,3,28
170300,170327,170331,4,27
170300,170329,170332,3,29
170300,170328,170332,4,28
170300,170328,170332,4,28
170300,170329,170332,3,29
170300,170328,170331,3,28
170300,170329,170332,3,29
170300,170329,170331,2,29
170300,170328,170331,3,28
170300,170328,170331,3,28
170300,170329,170332,3,29
170300,170328,170332,4,28
170300,170330,170332,2,30
170300,170330,170332,2,30
170300,170328,170332,4,28
170300,170330,170333,3,30
170300,170330,170333,3,30
170300,170329,170332,3,29
170300,170329,170332,3,29
170300,170329,170333,4,29
170300,170329,170333,4,29
170300,170330,170333,3,30
170300,170330,170334,4,30
170300,170330,170333,3,30
170300,170330,170333,3,30
170300,170331,170333,2,31
170300,170330,170333,3,30
170300,170330,170333,3,30
170300,170330,170333,3,30
170300,170330,170333,3,30
170300,170330,170333,3,30
170300,170330,170333,3,30
170300,170330,170333,3,30
170300,170330,170334,4,30
170300,170330,170334,4,30
170300,170330,170333,3,30
170300,170330,170334,4,30
170300,170330,170334,4,30
170300,170330,170334,4,30
170300,170330,170334,4,30
170300,170331,170334,3,31
170300,170330,170334,4,30
170300,170331,170334,3,31
170300,170331,170335,4,31
170300,170331,170334,3,31
170300,170331,170335,4,31
170300,170332,170335,3,32
170300,170331,170335,4,31
170300,170332,170335,3,32
170300,170332,170335,3,32
170300,170332,170335,3,32
170300,170332,170335,3,32
170300,170332,170335,3,32
170300,170333,170335,2,33
170300,170333,170335,2,33
170300,170332,170335,3,32
170300,170332,170335,3,32
170300,170333,170336,3,33
170300,170332,170336,4,32
170300,170332,170336,4,32
170300,170333,170336,3,33
170300,170332,170336,4,32
170300,170333,170335,2,33
170300,170334,170337,3,34
170300,170334,170337,3,34
170300,170333,170336,3,33
170300,170333,170336,3,33
170300,170333,170336,3,33
170300,170334,170336,2,34
170300,170334,170336,2,34
170300,170334,170337,3,34
170300,170334,170336,2,34
170300,170334,170336,2,34
170300,170334,170336,2,34
170300,170334,170337,3,34
170300,170332,170336,4,32
170300,170334,170337,3,34
170300,170335,170337,2,35
170300,170332,170336,4,32
170300,170334,170337,3,34
170300,170334,170337,3,34
170300,170334,170337,3,34
170300,170333,170336,3,33
170300,170334,170337,3,34
170300,170334,170337,3,34
170300,170334,170337,3,34
170300,170334,170337,3,34
170300,170334,170337,3,34
170300,170334,170337,3,34
170300,170335,170337,2,35
170300,170335,170337,2,35
170300,170335,170338,3,35
170300,170335,170338,3,35
170300,170334,170337,3,34
170300,170335,170338,3,35
170300,170335,170338,3,35
170300,170335,170337,2,35
170300,170336,170338,2,36
170300,170334,170338,4,34
170300,170336,170338,2,36
170300,170336,170338,2,36
170300,170336,170338,2,36
170300,170335,170339,4,35
170300,170336,170338,2,36
170300,170336,170338,2,36
170300,170336,170339,3,36
170300,170336,170339,3,36
170310,170336,170339,3,26
170300,170336,170339,3,36
170300,170336,170339,3,36
170300,170335,170339,4,35
170310,170338,170339,1,28
170310,170337,170340,3,27
170310,170337,170340,3,27
170310,170338,170339,1,28
170310,170338,170339,1,28
170310,170337,170340,3,27
170310,170337,170339,2,27
170310,170337,170340,3,27
170310,170337,170340,3,27
170310,170338,170340,2,28
170310,170337,170340,3,27
170310,170337,170340,3,27
170310,170338,170340,2,28
170310,170337,170340,3,27
170310,170337,170341,4,27
170310,170337,170340,3,27
170310,170337,170341,4,27
170310,170337,170340,3,27
170310,170338,170340,2,28
170310,170337,170341,4,27
170310,170337,170341,4,27
170310,170339,170341,2,29
170310,170339,170341,2,29
170310,170339,170341,2,29
170310,170339,170341,2,29
170310,170337,170341,4,27
170310,170337,170342,5,27
170310,170337,170341,4,27
170310,170339,170341,2,29
170310,170339,170341,2,29
170310,170339,170342,3,29
170310,170339,170342,3,29
170310,170337,170342,5,27
170310,170339,170342,3,29
170310,170339,170342,3,29
170310,170338,170342,4,28
170310,170339,170342,3,29
170310,170340,170343,3,30
170310,170339,170342,3,29
170310,170339,170343,4,29
170310,170340,170343,3,30
170310,170339,170343,4,29
170310,170339,170342,3,29
170310,170340,170343,3,30
170310,170338,170342,4,28
170310,170339,170343,4,29
170310,170340,170343,3,30
170310,170340,170343,3,30
170310,170340,170343,3,30
170310,170340,170344,4,30
170310,170341,170344,3,31
170310,170342,170343,1,32
170310,170342,170343,1,32
170310,170342,170343,1,32
170310,170342,170344,2,32
170310,170342,170343,1,32
170310,170342,170343,1,32
170310,170340,170344,4,30
170310,170341,170344,3,31
170310,170340,170343,3,30
170310,170340,170343,3,30
170310,170340,170343,3,30
170310,170340,170344,4,30
170310,170340,170344,4,30
170310,170340,170343,3,30
170310,170340,170343,3,30
170310,170341,170344,3,31
170310,170341,170344,3,31
170310,170341,170344,3,31
170310,170339,170344,5,29
170310,170342,170344,2,32
170310,170342,170345,3,32
170310,170342,170344,2,32
170310,170342,170344,2,32
170310,170341,170345,4,31
170310,170343,170345,2,33
170310,170342,170345,3,32
170310,170343,170345,2,33
170310,170341,170345,4,31
170310,170341,170345,4,31
170310,170343,170345,2,33
170310,170342,170345,3,32
170310,170343,170345,2,33
170310,170343,170345,2,33
170310,170344,170346,2,34
170310,170343,170345,2,33
170310,170343,170345,2,33
170310,170342,170345,3,32
170310,170343,170346,3,33
170310,170343,170345,2,33
170310,170343,170346,3,33
170310,170343,170346,3,33
170310,170343,170346,3,33
170310,170343,170346,3,33
170310,170343,170346,3,33
170310,170343,170346,3,33
170310,170344,170347,3,34
170310,170344,170347,3,34
170310,170344,170347,3,34
170310,170344,170347,3,34
170310,170344,170347,3,34
170310,170344,170347,3,34
170310,170344,170347,3,34
170310,170344,170347,3,34
170310,170344,170347,3,34
170310,170344,170347,3,34
170310,170344,170347,3,34
170310,170344,170347,3,34
170310,170344,170347,3,34
170310,170344,170347,3,34
170310,170344,170347,3,34
170310,170344,170347,3,34
170310,170344,170347,3,34
170310,170344,170347,3,34
170310,170345,170347,2,35
170310,170345,170347,2,35
170310,170344,170348,4,34
170310,170344,170347,3,34
170310,170344,170347,3,34
170311,170345,170348,3,34
170311,170345,170348,3,34
170311,170345,170348,3,34
170311,170345,170348,3,34
170311,170345,170348,3,34
170311,170345,170348,3,34
170311,170346,170349,3,35
170311,170346,170349,3,35
170311,170346,170349,3,35
170311,170345,170348,3,34
170311,170346,170349,3,35
170311,170346,170349,3,35
170311,170345,170349,4,34
170311,170346,170349,3,35
170311,170346,170349,3,35
170311,170346,170349,3,35
170311,170346,170349,3,35
170311,170347,170350,3,36
170311,170347,170350,3,36
170311,170347,170349,2,36
170311,170346,170350,4,35
170311,170346,170350,4,35
170311,170346,170350,4,35
170311,170347,170350,3,36
170311,170347,170350,3,36
170311,170345,170350,5,34
170311,170346,170350,4,35
170311,170348,170350,2,37
170311,170347,170351,4,36
170311,170347,170350,3,36
170311,170347,170351,4,36
170311,170347,170350,3,36
170311,170347,170350,3,36
170311,170346,170351,5,35
170311,170347,170351,4,36
170311,170348,170351,3,37
170311,170346,170351,5,35
170311,170348,170351,3,37
170311,170348,170351,3,37
170311,170348,170351,3,37
170311,170348,170351,3,37
170311,170348,170351,3,37
170311,170348,170351,3,37
170311,170348,170352,4,37
170311,170348,170351,3,37
170311,170347,170351,4,36
170311,170348,170351,3,37
170311,170348,170352,4,37
170311,170348,170352,4,37
170311,170348,170352,4,37
170311,170348,170352,4,37
170311,170348,170352,4,37
170311,170349,170352,3,38
170311,170348,170352,4,37
170311,170351,170352,1,40
170311,170351,170352,1,40
170311,170350,170352,2,39
170311,170351,170352,1,40
170311,170349,170352,3,38
170311,170349,170353,4,38
170311,170349,170352,3,38
170311,170349,170353,4,38
170311,170351,170353,2,40
170311,170351,170353,2,40
170311,170350,170353,3,39
170311,170350,170353,3,39
170311,170349,170353,4,38
170311,170350,170353,3,39
170311,170349,170353,4,38
170311,170351,170353,2,40
170311,170350,170353,3,39
170311,170350,170353,3,39
170311,170350,170353,3,39
170311,170351,170354,3,40
170311,170350,170354,4,39
170311,170350,170355,5,39
170311,170351,170354,3,40
170311,170352,170355,3,41
170311,170350,170354,4,39
170311,170351,170354,3,40
170311,170351,170354,3,40
170311,170352,170355,3,41
170311,170352,170355,3,41
170311,170352,170354,2,41
170311,170352,170355,3,41
170311,170352,170355,3,41
170311,170352,170355,3,41
170311,170352,170355,3,41
170311,170352,170355,3,41
170311,170351,170355,4,40
170311,170353,170355,2,42
170311,170353,170355,2,42
170311,170352,170355,3,41
170311,170353,170355,2,42
170311,170352,170355,3,41
170311,170352,170355,3,41
170311,170353,170356,3,42
170311,170353,170355,2,42
170311,170352,170355,3,41
170311,170353,170356,3,42
170311,170353,170356,3,42
170311,170352,170355,3,41
170311,170353,170356,3,42
170311,170353,170355,2,42
170311,170353,170356,3,42
170311,170353,170356,3,42
170311,170353,170356,3,42
170311,170353,170356,3,42
170311,170353,170356,3,42
170311,170354,170356,2,43
170311,170354,170356,2,43
170311,170353,170356,3,42
170311,170353,170356,3,42
170311,170354,170356,2,43
170311,170354,170356,2,43
170311,170353,170356,3,42
170311,170353,170356,3,42
170321,170355,170357,2,34
170321,170355,170356,1,34
170311,170353,170356,3,42
170321,170355,170357,2,34
170311,170354,170357,3,43
170311,170354,170357,3,43
170321,170355,170357,2,34
170321,170355,170358,3,34
170321,170355,170357,2,34
170321,170355,170358,3,34
170321,170355,170358,3,34
170321,170356,170358,2,35
170321,170354,170358,4,33
170321,170355,170358,3,34
170321,170355,170358,3,34
170321,170355,170358,3,34
170321,170356,170358,2,35
170321,170355,170358,3,34
170321,170356,170358,2,35
170321,170356,170358,2,35
170321,170355,170358,3,34
170321,170355,170358,3,34
170321,170355,170358,3,34
170321,170356,170359,3,35
170321,170356,170359,3,35
170321,170356,170359,3,35
170321,170357,170359,2,36
170321,170357,170359,2,36
170321,170356,170359,3,35
170321,170356,170359,3,35
170321,170357,170360,3,36
170321,170356,170360,4,35
170321,170356,170360,4,35
170321,170356,170360,4,35
170321,170357,170360,3,36
170321,170357,170360,3,36
170321,170356,170360,4,35
170321,170356,170360,4,35
170321,170356,170360,4,35
170321,170357,170361,4,36
170321,170357,170360,3,36
170321,170357,170360,3,36
170321,170357,170360,3,36
170321,170357,170360,3,36
170321,170357,170360,3,36
170321,170357,170360,3,36
170321,170357,170360,3,36
170321,170357,170361,4,36
170321,170357,170361,4,36
170321,170357,170361,4,36
170321,170357,170361,4,36
170321,170356,170361,5,35
170321,170359,170362,3,38
170321,170359,170362,3,38
170321,170358,170362,4,37
170321,170358,170362,4,37
170321,170358,170362,4,37
170321,170358,170362,4,37
170321,170358,170362,4,37
170321,170359,170362,3,38
170321,170359,170362,3,38
170321,170359,170362,3,38
170321,170359,170362,3,38
170321,170359,170362,3,38
170321,170360,170362,2,39
170321,170360,170362,2,39
170321,170360,170361,1,39
170321,170358,170361,3,37
170321,170359,170362,3,38
170321,170359,170362,3,38
170321,170359,170361,2,38
170321,170357,170361,4,36
170321,170360,170362,2,39
170321,170360,170362,2,39
170321,170360,170362,2,39
170321,170360,170362,2,39
170321,170359,170362,3,38
170321,170359,170363,4,38
170321,170359,170363,4,38
170321,170360,170363,3,39
170321,170360,170363,3,39
170321,170362,170364,2,41
170321,170361,170363,2,40
170321,170361,170363,2,40
170321,170361,170364,3,40
170321,170361,170363,2,40
170321,170361,170364,3,40
170321,170359,170363,4,38
170321,170361,170364,3,40
170321,170361,170364,3,40
170321,170361,170364,3,40
170321,170360,170364,4,39
170321,170361,170364,3,40
170321,170361,170364,3,40
170321,170361,170364,3,40
170321,170362,170365,3,41
170321,170363,170365,2,42
170321,170361,170364,3,40
170321,170362,170365,3,41
170321,170362,170365,3,41
170321,170361,170364,3,40
170321,170362,170365,3,41
170321,170362,170365,3,41
170321,170362,170365,3,41
170321,170362,170365,3,41
170321,170362,170365,3,41
170321,170362,170365,3,41
170321,170362,170365,3,41
170321,170362,170365,3,41
170321,170362,170365,3,41
170321,170361,170365,4,40
170321,170361,170365,4,40
170321,170362,170365,3,41
170321,170362,170365,3,41
170321,170362,170365,3,41
170321,170362,170365,3,41
170321,170362,170365,3,41
170321,170362,170365,3,41
170321,170362,170365,3,41
170321,170362,170365,3,41
170321,170362,170365,3,41
170321,170362,170365,3,41
170321,170362,170365,3,41
169467,169476,170380,904,9
169515,169522,170388,866,7
170392,170392,170395,3,0
170392,170392,170395,3,0
170392,170392,170396,4,0
170392,170392,170396,4,0
170392,170392,170396,4,0
170392,170392,170396,4,0
170392,170392,170396,4,0
170392,170392,170396,4,0
170392,170392,170396,4,0
170392,170392,170396,4,0
170392,170392,170396,4,0
170392,170392,170396,4,0
170392,170392,170396,4,0
170392,170392,170396,4,0
170392,170392,170396,4,0
170392,170392,170396,4,0
170392,170392,170396,4,0
170392,170392,170396,4,0
170392,170392,170396,4,0
170392,170392,170395,3,0
170392,170392,170396,4,0
170392,170392,170396,4,0
170392,170392,170396,4,0
170392,170392,170395,3,0
170392,170392,170396,4,0
170392,170392,170396,4,0
170392,170392,170396,4,0
170392,170392,170396,4,0
170392,170392,170396,4,0
170392,170392,170396,4,0
170392,170392,170396,4,0
170392,170392,170396,4,0
170392,170392,170396,4,0
170392,170392,170396,4,0
170392,170392,170396,4,0
170392,170392,170397,5,0
170392,170392,170396,4,0
170392,170392,170397,5,0
170392,170392,170397,5,0
170392,170392,170397,5,0
170392,170392,170397,5,0
170392,170392,170397,5,0
170392,170392,170397,5,0
170392,170392,170397,5,0
170392,170392,170397,5,0
170392,170392,170397,5,0
170392,170392,170397,5,0
170392,170392,170397,5,0
170392,170396,170399,3,4
170392,170395,170399,4,3
170392,170397,170400,3,5
170392,170397,170400,3,5
170392,170395,170399,4,3
170392,170397,170400,3,5
170392,170396,170400,4,4
170392,170397,170400,3,5
170392,170397,170400,3,5
170392,170397,170400,3,5
170392,170397,170400,3,5
170392,170397,170400,3,5
170392,170397,170400,3,5
170392,170398,170400,2,6
170392,170398,170400,2,6
170392,170397,170400,3,5
170392,170397,170400,3,5
170392,170397,170400,3,5
170392,170397,170400,3,5
170392,170398,170400,2,6
170392,170397,170400,3,5
170392,170397,170401,4,5
170392,170397,170400,3,5
170392,170398,170400,2,6
170392,170397,170400,3,5
170392,170397,170400,3,5
170392,170397,170400,3,5
170392,170398,170400,2,6
170392,170397,170400,3,5
170392,170397,170400,3,5
170392,170397,170400,3,5
170392,170398,170400,2,6
170392,170397,170400,3,5
170392,170397,170401,4,5
170392,170397,170400,3,5
170392,170398,170400,2,6
170392,170398,170400,2,6
170392,170398,170401,3,6
170392,170397,170401,4,5
170392,170397,170401,4,5
170392,170398,170401,3,6
170392,170397,170401,4,5
170392,170397,170401,4,5
170392,170397,170401,4,5
170392,170397,170401,4,5
170392,170397,170401,4,5
170392,170398,170401,3,6
170392,170397,170401,4,5
170392,170400,170402,2,8
170392,170400,170403,3,8
170392,170401,170403,2,9
170392,170402,170403,1,10
170392,170401,170403,2,9
170392,170401,170403,2,9
170392,170402,170403,1,10
170392,170401,170403,2,9
170392,170401,170403,2,9
170392,170401,170403,2,9
170392,170401,170404,3,9
170392,170401,170403,2,9
170392,170401,170404,3,9
170392,170401,170403,2,9
170392,170401,170404,3,9
170392,170402,170403,1,10
170392,170401,170403,2,9
170392,170401,170404,3,9
170392,170401,170404,3,9
170392,170400,170403,3,8
170392,170400,170403,3,8
170392,170401,170404,3,9
170392,170401,170404,3,9
170392,170401,170404,3,9
170392,170400,170403,3,8
170392,170400,170403,3,8
170392,170401,170404,3,9
170392,170401,170404,3,9
170392,170401,170404,3,9
170392,170401,170404,3,9
170392,170401,170404,3,9
170392,170402,170403,1,10
170392,170403,170404,1,11
170392,170401,170404,3,9
170392,170401,170404,3,9
170392,170401,170404,3,9
170392,170401,170404,3,9
170392,170401,170404,3,9
170392,170401,170404,3,9
170392,170403,170405,2,11
170392,170401,170404,3,9
170392,170401,170404,3,9
170392,170401,170404,3,9
170392,170401,170405,4,9
170392,170401,170404,3,9
170392,170401,170405,4,9
170392,170401,170405,4,9
170392,170404,170406,2,12
170392,170404,170407,3,12
170392,170404,170407,3,12
170392,170404,170407,3,12
170392,170404,170407,3,12
170392,170404,170406,2,12
170392,170404,170406,2,12
170392,170404,170407,3,12
170392,170404,170407,3,12
170392,170404,170406,2,12
170392,170404,170407,3,12
170392,170404,170407,3,12
170392,170404,170407,3,12
170392,170404,170407,3,12
170392,170404,170407,3,12
170392,170404,170407,3,12
170392,170404,170407,3,12
170392,170404,170408,4,12
170392,170404,170407,3,12
170392,170405,170408,3,13
170392,170405,170408,3,13
170392,170404,170407,3,12
170392,170404,170408,4,12
170392,170404,170408,4,12
170392,170404,170408,4,12
170392,170405,170407,2,13
170392,170405,170408,3,13
170392,170404,170407,3,12
170392,170405,170408,3,13
170392,170405,170407,2,13
170392,170404,170408,4,12
170392,170404,170408,4,12
170392,170404,170408,4,12
170392,170405,170407,2,13
170392,170404,170407,3,12
170392,170404,170407,3,12
170392,170404,170408,4,12
170392,170405,170407,2,13
170392,170405,170407,2,13
170392,170406,170408,2,14
170392,170405,170408,3,13
169491,169497,170408,911,6
170392,170405,170408,3,13
170392,170407,170409,2,15
170392,170405,170408,3,13
170392,170405,170408,3,13
170392,170406,170408,2,14
170392,170407,170409,2,15
170392,170407,170409,2,15
170392,170407,170410,3,15
170392,170407,170409,2,15
170392,170407,170410,3,15
170392,170407,170410,3,15
170392,170407,170410,3,15
170392,170407,170410,3,15
170392,170408,170410,2,16
170392,170408,170410,2,16
170392,170407,170410,3,15
170392,170407,170410,3,15
170392,170408,170410,2,16
170392,170408,170410,2,16
170392,170408,170410,2,16
170392,170407,170411,4,15
170392,170408,170411,3,16
170392,170407,170410,3,15
170392,170408,170411,3,16
170392,170408,170411,3,16
170392,170408,170411,3,16
170392,170408,170411,3,16
170392,170407,170410,3,15
170392,170408,170411,3,16
170392,170407,170410,3,15
170392,170408,170411,3,16
170392,170408,170411,3,16
170392,170408,170411,3,16
170392,170408,170411,3,16
170392,170408,170411,3,16
170392,170408,170410,2,16
170392,170408,170411,3,16
170392,170408,170411,3,16
170392,170408,170411,3,16
170392,170408,170411,3,16
170392,170408,170410,2,16
170392,170408,170411,3,16
170392,170409,170411,2,17
170392,170409,170411,2,17
170392,170409,170411,2,17
170392,170409,170412,3,17
170392,170409,170412,3,17
170392,170408,170412,4,16
170392,170408,170412,4,16
170392,170409,170412,3,17
170392,170409,170412,3,17
170392,170410,170412,2,18
170392,170410,170412,2,18
169561,169568,170417,849,7
169537,169544,170418,874,7
170392,170419,170420,1,27
170392,170419,170420,1,27
170392,170419,170420,1,27
170438,170438,170441,3,0
170438,170438,170441,3,0
170438,170438,170441,3,0
170438,170438,170441,3,0
170438,170438,170441,3,0
170438,170439,170441,2,1
170438,170439,170441,2,1
170438,170439,170441,2,1
170438,170439,170442,3,1
170438,170439,170441,2,1
170438,170439,170442,3,1
170438,170439,170442,3,1
170438,170438,170442,4,0
170438,170439,170442,3,1
170438,170439,170442,3,1
170438,170439,170442,3,1
170438,170439,170442,3,1
170438,170439,170442,3,1
170438,170438,170442,4,0
170438,170439,170442,3,1
170438,170438,170442,4,0
170438,170438,170442,4,0
170438,170438,170442,4,0
170438,170439,170442,3,1
170438,170439,170443,4,1
170438,170438,170442,4,0
170438,170438,170442,4,0
170438,170439,170442,3,1
170438,170439,170442,3,1
170438,170438,170442,4,0
170438,170438,170443,5,0
170438,170439,170442,3,1
170438,170439,170442,3,1
170438,170438,170442,4,0
170438,170438,170442,4,0
170438,170439,170442,3,1
170438,170439,170442,3,1
170438,170438,170442,4,0
170438,170438,170442,4,0
170438,170439,170442,3,1
170438,170439,170442,3,1
170438,170439,170442,3,1
170438,170438,170443,5,0
170438,170438,170443,5,0
170438,170438,170443,5,0
170438,170438,170443,5,0
170438,170439,170443,4,1
170438,170439,170443,4,1
170438,170439,170443,4,1
170438,170439,170443,4,1
170438,170442,170444,2,4
170438,170442,170444,2,4
170438,170443,170445,2,5
170438,170442,170444,2,4
170438,170443,170446,3,5
170438,170443,170445,2,5
170438,170442,170445,3,4
170438,170443,170445,2,5
170438,170443,170445,2,5
170438,170443,170445,2,5
170438,170442,170445,3,4
170438,170442,170445,3,4
170438,170443,170445,2,5
170438,170442,170445,3,4
170438,170443,170445,2,5
170438,170443,170446,3,5
170438,170443,170445,2,5
170438,170442,170445,3,4
170438,170443,170445,2,5
170438,170443,170445,2,5
170438,170442,170445,3,4
170438,170443,170446,3,5
170438,170443,170446,3,5
170438,170443,170446,3,5
170438,170443,170446,3,5
170438,170442,170445,3,4
170438,170443,170445,2,5
170438,170443,170445,2,5
170438,170443,170446,3,5
170438,170443,170447,4,5
170438,170443,170446,3,5
170438,170444,170447,3,6
170438,170444,170446,2,6
170438,170444,170446,2,6
170438,170443,170447,4,5
170438,170443,170446,3,5
170438,170443,170446,3,5
170438,170443,170446,3,5
170438,170444,170447,3,6
170438,170444,170447,3,6
170438,170445,170447,2,7
170438,170443,170446,3,5
170438,170443,170446,3,5
170438,170443,170446,3,5
170438,170443,170446,3,5
170438,170444,170447,3,6
170438,170444,170447,3,6
170438,170446,170448,2,8
170438,170446,170448,2,8
170438,170444,170447,3,6
170438,170445,170447,2,7
170438,170446,170448,2,8
170438,170446,170448,2,8
170438,170446,170448,2,8
170438,170445,170448,3,7
170438,170446,170448,2,8
170438,170446,170448,2,8
170438,170446,170448,2,8
170438,170446,170448,2,8
170438,170445,170448,3,7
170438,170447,170448,1,9
170438,170446,170448,2,8
170438,170446,170449,3,8
170438,170446,170448,2,8
170438,170447,170448,1,9
170438,170447,170448,1,9
170438,170446,170448,2,8
170438,170446,170449,3,8
170438,170446,170449,3,8
170438,170447,170448,1,9
170438,170447,170449,2,9
170438,170446,170449,3,8
170438,170446,170449,3,8
170438,170447,170449,2,9
170438,170447,170448,1,9
170438,170447,170450,3,9
170438,170447,170450,3,9
170438,170446,170449,3,8
170438,170447,170449,2,9
170438,170446,170449,3,8
170438,170446,170449,3,8
170438,170446,170449,3,8
170438,170448,170449,1,10
170438,170446,170449,3,8
170438,170446,170450,4,8
170438,170447,170450,3,9
170438,170447,170450,3,9
170438,170447,170450,3,9
170438,170447,170450,3,9
170438,170447,170450,3,9
170438,170449,170451,2,11
170438,170448,170451,3,10
170438,170448,170451,3,10
170438,170448,170450,2,10
170438,170448,170451,3,10
170438,170447,170451,4,9
170438,170449,170452,3,11
170438,170449,170452,3,11
170438,170449,170451,2,11
170438,170449,170452,3,11
170438,170449,170452,3,11
170438,170449,170452,3,11
170438,170449,170452,3,11
170438,170449,170451,2,11
170438,170449,170452,3,11
170438,170449,170452,3,11
170438,170448,170452,4,10
170438,170449,170452,3,11
170438,170449,170453,4,11
170438,170449,170453,4,11
170438,170450,170453,3,12
170438,170450,170453,3,12
170438,170450,170453,3,12
170438,170450,170452,2,12
170438,170449,170452,3,11
170438,170449,170452,3,11
170438,170449,170453,4,11
170438,170449,170453,4,11
170438,170449,170453,4,11
170438,170449,170453,4,11
170438,170449,170453,4,11
170438,170449,170453,4,11
170438,170450,170453,3,12
170438,170451,170454,3,13
170438,170451,170453,2,13
170438,170451,170453,2,13
170438,170451,170454,3,13
170438,170450,170453,3,12
170438,170450,170453,3,12
170438,170451,170454,3,13
170438,170451,170454,3,13
170438,170449,170454,5,11
170438,170450,170454,4,12
170438,170450,170453,3,12
170438,170449,170454,5,11
170438,170450,170454,4,12
170438,170452,170455,3,14
170438,170452,170455,3,14
170438,170452,170455,3,14
170438,170452,170455,3,14
170438,170452,170455,3,14
170438,170451,170455,4,13
170438,170451,170455,4,13
170438,170452,170455,3,14
170438,170453,170455,2,15
170438,170451,170455,4,13
170438,170451,170455,4,13
170438,170452,170455,3,14
170438,170452,170455,3,14
170438,170454,170456,2,16
170438,170454,170456,2,16
170438,170452,170455,3,14
170438,170452,170456,4,14
170438,170454,170456,2,16
170438,170454,170456,2,16
170438,170452,170456,4,14
170438,170453,170456,3,15
170438,170452,170456,4,14
170438,170453,170456,3,15
170438,170453,170456,3,15
170438,170453,170456,3,15
170438,170453,170456,3,15
170438,170453,170456,3,15
170438,170453,170456,3,15
170438,170453,170456,3,15
170438,170454,170456,2,16
170438,170454,170456,2,16
170438,170454,170456,2,16
170438,170454,170456,2,16
170438,170455,170457,2,17
170438,170454,170456,2,16
170438,170453,170456,3,15
170438,170454,170457,3,16
170438,170454,170457,3,16
170438,170454,170457,3,16
170438,170454,170457,3,16
170438,170454,170457,3,16
170438,170453,170456,3,15
170438,170453,170457,4,15
170438,170454,170457,3,16
170438,170455,170457,2,17
170438,170455,170458,3,17
170438,170454,170457,3,16
170438,170455,170458,3,17
170438,170455,170458,3,17
170458,170458,170460,2,0
170458,170458,170459,1,0
170458,170458,170460,2,0
170458,170458,170460,2,0
170458,170458,170459,1,0
170458,170458,170460,2,0
170458,170458,170460,2,0
170458,170458,170461,3,0
170458,170458,170461,3,0
170458,170458,170461,3,0
170458,170458,170461,3,0
170458,170458,170461,3,0
170458,170458,170461,3,0
170458,170458,170461,3,0
170458,170458,170461,3,0
170458,170458,170461,3,0
170458,170458,170461,3,0
170458,170458,170462,4,0
170458,170458,170462,4,0
170458,170458,170461,3,0
170458,170458,170461,3,0
170458,170459,170462,3,1
170458,170458,170462,4,0
170458,170458,170461,3,0
170458,170458,170462,4,0
170458,170458,170462,4,0
170458,170458,170462,4,0
170458,170458,170462,4,0
170458,170458,170461,3,0
170458,170458,170462,4,0
170458,170458,170461,3,0
170458,170458,170462,4,0
170458,170458,170461,3,0
170458,170458,170461,3,0
170458,170458,170461,3,0
170458,170458,170462,4,0
170458,170458,170462,4,0
170458,170459,170462,3,1
170458,170458,170463,5,0
170458,170458,170462,4,0
170458,170458,170462,4,0
170458,170458,170462,4,0
170458,170461,170463,2,3
170458,170458,170463,5,0
170458,170458,170462,4,0
170458,170460,170462,2,2
170458,170460,170463,3,2
170458,170460,170463,3,2
170458,170460,170464,4,2
170458,170461,170463,2,3
170458,170460,170464,4,2
170458,170460,170463,3,2
170458,170460,170463,3,2
170458,170461,170464,3,3
170458,170462,170464,2,4
170458,170462,170464,2,4
170458,170462,170464,2,4
170458,170461,170465,4,3
170458,170462,170465,3,4
170458,170461,170464,3,3
170458,170462,170464,2,4
170458,170462,170465,3,4
170458,170462,170465,3,4
170458,170462,170465,3,4
170458,170462,170465,3,4
170458,170462,170465,3,4
170458,170462,170464,2,4
170438,170443,170447,4,5
170438,170443,170447,4,5
170438,170443,170446,3,5
170458,170462,170465,3,4
170458,170462,170465,3,4
170458,170462,170465,3,4
170458,170462,170466,4,4
170458,170462,170466,4,4
170458,170463,170466,3,5
170458,170462,170465,3,4
170458,170462,170465,3,4
170458,170463,170466,3,5
170458,170463,170466,3,5
170458,170462,170466,4,4
170458,170463,170465,2,5
170458,170462,170466,4,4
170458,170463,170465,2,5
170458,170463,170466,3,5
170458,170462,170466,4,4
170458,170464,170467,3,6
170458,170462,170467,5,4
170458,170463,170466,3,5
170458,170465,170467,2,7
170458,170463,170466,3,5
170458,170464,170466,2,6
170458,170465,170467,2,7
170458,170462,170467,5,4
170458,170465,170467,2,7
170458,170465,170467,2,7
170458,170463,170466,3,5
170458,170463,170467,4,5
170458,170464,170467,3,6
170458,170464,170467,3,6
170458,170463,170466,3,5
170458,170465,170467,2,7
170458,170465,170467,2,7
170438,170466,170468,2,28
170438,170466,170468,2,28
170458,170464,170467,3,6
170458,170464,170468,4,6
170458,170464,170467,3,6
170458,170465,170468,3,7
170458,170464,170467,3,6
170458,170465,170468,3,7
170458,170464,170467,3,6
170458,170464,170468,4,6
170458,170465,170468,3,7
170458,170464,170467,3,6
170458,170465,170467,2,7
170458,170466,170469,3,8
170458,170466,170468,2,8
170458,170466,170468,2,8
170458,170466,170469,3,8
170458,170466,170469,3,8
170458,170466,170469,3,8
170458,170466,170469,3,8
170458,170466,170468,2,8
170458,170466,170470,4,8
170493,170493,170495,2,0
170493,170493,170495,2,0
170493,170493,170495,2,0
170493,170493,170495,2,0
170493,170493,170496,3,0
170493,170493,170495,2,0
170493,170493,170495,2,0
170493,170493,170495,2,0
170493,170493,170496,3,0
170493,170493,170496,3,0
170493,170493,170496,3,0
170493,170493,170495,2,0
170493,170493,170496,3,0
170493,170493,170496,3,0
170493,170493,170496,3,0
170493,170493,170496,3,0
170493,170493,170496,3,0
170493,170493,170496,3,0
170493,170493,170496,3,0
170493,170493,170497,4,0
170493,170493,170496,3,0
170493,170493,170497,4,0
170493,170493,170496,3,0
170493,170493,170496,3,0
170493,170493,170497,4,0
170493,170493,170497,4,0
170493,170493,170496,3,0
170493,170493,170497,4,0
170493,170493,170497,4,0
170493,170493,170497,4,0
170493,170493,170497,4,0
170493,170493,170497,4,0
170493,170493,170497,4,0
170493,170493,170496,3,0
170493,170493,170497,4,0
170493,170493,170497,4,0
170493,170493,170496,3,0
170493,170493,170497,4,0
170493,170493,170496,3,0
170493,170493,170497,4,0
170493,170493,170498,5,0
170493,170493,170497,4,0
170493,170493,170498,5,0
170493,170493,170497,4,0
170493,170493,170498,5,0
170493,170493,170497,4,0
170493,170495,170498,3,2
170493,170496,170499,3,3
170493,170493,170498,5,0
170493,170495,170498,3,2
170493,170496,170498,2,3
170493,170496,170499,3,3
170493,170493,170498,5,0
170493,170496,170498,2,3
170493,170496,170499,3,3
170493,170497,170500,3,4
170493,170496,170500,4,3
170493,170495,170500,5,2
170493,170497,170500,3,4
170493,170497,170500,3,4
170493,170496,170499,3,3
170493,170496,170499,3,3
170493,170496,170499,3,3
170493,170496,170499,3,3
170493,170497,170500,3,4
170493,170496,170499,3,3
170493,170497,170500,3,4
170493,170497,170500,3,4
170493,170497,170500,3,4
170493,170497,170500,3,4
170493,170497,170500,3,4
170493,170498,170500,2,5
170493,170497,170501,4,4
170493,170497,170501,4,4
170493,170497,170500,3,4
170493,170497,170501,4,4
170493,170497,170501,4,4
170493,170498,170501,3,5
170493,170497,170500,3,4
170493,170497,170501,4,4
170493,170498,170500,2,5
170493,170497,170501,4,4
170493,170498,170501,3,5
170493,170498,170501,3,5
170493,170499,170501,2,6
170493,170497,170500,3,4
170493,170499,170501,2,6
170493,170498,170501,3,5
170493,170497,170501,4,4
170493,170498,170501,3,5
170493,170498,170502,4,5
170493,170497,170502,5,4
170493,170499,170502,3,6
170493,170497,170501,4,4
170493,170497,170502,5,4
170493,170497,170502,5,4
170493,170499,170502,3,6
170493,170496,170502,6,3
170493,170499,170502,3,6
170493,170499,170502,3,6
170493,170500,170503,3,7
170493,170500,170503,3,7
170493,170497,170502,5,4
170493,170500,170502,2,7
170493,170500,170503,3,7
170493,170500,170503,3,7
170493,170500,170502,2,7
170493,170500,170503,3,7
170493,170500,170503,3,7
170493,170500,170503,3,7
170493,170500,170503,3,7
170493,170499,170503,4,6
170493,170501,170503,2,8
170493,170501,170503,2,8
170493,170501,170503,2,8
170493,170501,170503,2,8
170493,170500,170503,3,7
170493,170500,170503,3,7
170493,170500,170503,3,7
170493,170500,170504,4,7
169608,169627,170512,885,19
169619,169638,170512,874,19
170533,170533,170535,2,0
170533,170533,170535,2,0
170533,170534,170535,1,1
170533,170533,170535,2,0
170533,170533,170535,2,0
170533,170533,170535,2,0
170533,170533,170535,2,0
170533,170533,170535,2,0
170533,170533,170535,2,0
170533,170533,170536,3,0
170533,170533,170536,3,0
170533,170533,170536,3,0
170533,170533,170536,3,0
170533,170533,170536,3,0
170533,170533,170537,4,0
170533,170534,170537,3,1
170533,170534,170537,3,1
170533,170533,170537,4,0
170533,170533,170536,3,0
170533,170533,170537,4,0
170533,170533,170537,4,0
170533,170533,170537,4,0
170533,170533,170537,4,0
170533,170533,170537,4,0
170533,170533,170537,4,0
170533,170533,170537,4,0
170533,170533,170537,4,0
170533,170533,170537,4,0
170533,170533,170537,4,0
170533,170533,170537,4,0
170533,170533,170537,4,0
170533,170533,170536,3,0
170533,170533,170537,4,0
170533,170533,170537,4,0
170533,170533,170537,4,0
170533,170533,170537,4,0
170533,170533,170537,4,0
170533,170533,170537,4,0
170533,170533,170537,4,0
170533,170534,170537,3,1
170533,170533,170538,5,0
170533,170533,170537,4,0
170533,170533,170538,5,0
170533,170533,170537,4,0
170533,170533,170538,5,0
170533,170535,170538,3,2
170533,170536,170538,2,3
170533,170533,170538,5,0
170533,170535,170538,3,2
170533,170533,170538,5,0
170533,170533,170537,4,0
170533,170535,170539,4,2
170533,170535,170539,4,2
170533,170535,170539,4,2
170533,170536,170539,3,3
170533,170535,170539,4,2
170533,170536,170539,3,3
170533,170535,170539,4,2
170533,170535,170539,4,2
170533,170536,170539,3,3
170533,170536,170539,3,3
170533,170536,170540,4,3
170533,170537,170540,3,4
170533,170537,170540,3,4
170533,170539,170541,2,6
170533,170539,170540,1,6
170533,170537,170540,3,4
170533,170537,170540,3,4
170533,170537,170540,3,4
170533,170539,170540,1,6
170533,170537,170540,3,4
170533,170539,170540,1,6
170533,170537,170541,4,4
170533,170537,170541,4,4
170533,170537,170541,4,4
170533,170538,170541,3,5
170533,170537,170541,4,4
170533,170537,170541,4,4
170533,170538,170541,3,5
170533,170538,170541,3,5
170533,170537,170541,4,4
170533,170539,170541,2,6
170533,170537,170541,4,4
170533,170537,170541,4,4
170533,170538,170541,3,5
170533,170537,170541,4,4
170533,170539,170541,2,6
170533,170537,170541,4,4
170533,170538,170541,3,5
170533,170537,170541,4,4
170533,170538,170541,3,5
170533,170538,170541,3,5
170533,170537,170541,4,4
170533,170537,170541,4,4
170533,170538,170541,3,5
170533,170537,170542,5,4
170533,170539,170542,3,6
170533,170539,170542,3,6
170533,170540,170543,3,7
170533,170537,170542,5,4
170533,170539,170542,3,6
170533,170540,170542,2,7
170533,170539,170542,3,6
170533,170539,170542,3,6
170533,170540,170542,2,7
170533,170540,170543,3,7
170533,170539,170542,3,6
170533,170540,170543,3,7
170533,170541,170543,2,8
170533,170540,170543,3,7
170533,170541,170543,2,8
170533,170541,170543,2,8
170533,170541,170543,2,8
170533,170541,170543,2,8
170533,170541,170544,3,8
170533,170541,170543,2,8
170533,170541,170543,2,8
170533,170541,170544,3,8
170533,170542,170543,1,9
170533,170542,170543,1,9
170533,170542,170543,1,9
170533,170542,170543,1,9
170533,170542,170543,1,9
170533,170543,170544,1,10
170533,170543,170544,1,10
170533,170543,170544,1,10
170533,170542,170544,2,9
170533,170542,170545,3,9
170533,170542,170544,2,9
170533,170542,170545,3,9
170533,170541,170544,3,8
170533,170542,170544,2,9
170533,170543,170545,2,10
170533,170541,170544,3,8
170533,170542,170545,3,9
170533,170542,170545,3,9
170533,170542,170545,3,9
170533,170543,170546,3,10
170533,170542,170545,3,9
170533,170542,170545,3,9
170533,170542,170545,3,9
170533,170542,170546,4,9
170533,170542,170545,3,9
170533,170542,170545,3,9
170533,170543,170545,2,10
170533,170542,170545,3,9
170533,170542,170545,3,9
170533,170544,170546,2,11
170533,170544,170546,2,11
170533,170543,170545,2,10
170533,170543,170546,3,10
170533,170543,170546,3,10
170533,170542,170546,4,9
170533,170543,170546,3,10
170533,170543,170547,4,10
170533,170543,170546,3,10
170533,170544,170547,3,11
170533,170544,170546,2,11
170533,170544,170546,2,11
170533,170544,170547,3,11
170533,170544,170547,3,11
170533,170543,170546,3,10
170533,170544,170547,3,11
170533,170544,170547,3,11
170533,170545,170548,3,12
170533,170543,170547,4,10
170533,170544,170547,3,11
170533,170544,170547,3,11
170533,170544,170547,3,11
170533,170545,170548,3,12
170533,170545,170548,3,12
170533,170544,170548,4,11
170533,170545,170548,3,12
170533,170545,170548,3,12
170533,170545,170548,3,12
170533,170545,170548,3,12
170533,170546,170549,3,13
170533,170546,170548,2,13
170533,170545,170548,3,12
170533,170545,170549,4,12
170533,170546,170549,3,13
170533,170544,170549,5,11
170533,170545,170549,4,12
170533,170546,170548,2,13
170533,170546,170549,3,13
170533,170546,170549,3,13
170533,170545,170548,3,12
170533,170546,170548,2,13
170533,170546,170549,3,13
170533,170546,170549,3,13
170533,170546,170549,3,13
170533,170546,170549,3,13
170533,170546,170549,3,13
170533,170546,170549,3,13
170533,170546,170550,4,13
170533,170546,170549,3,13
170533,170548,170550,2,15
170533,170546,170550,4,13
170533,170546,170549,3,13
170533,170547,170550,3,14
170533,170547,170550,3,14
170533,170547,170550,3,14
170533,170547,170550,3,14
170533,170547,170550,3,14
170533,170547,170550,3,14
170533,170548,170550,2,15
170533,170548,170550,2,15
170533,170547,170550,3,14
170533,170547,170550,3,14
170533,170548,170550,2,15
170533,170547,170551,4,14
170533,170547,170550,3,14
170533,170547,170551,4,14
170533,170547,170550,3,14
170533,170547,170551,4,14
170533,170548,170551,3,15
170533,170548,170551,3,15
170533,170548,170550,2,15
170533,170548,170551,3,15
170533,170549,170551,2,16
170533,170549,170551,2,16
170533,170549,170551,2,16
170533,170549,170551,2,16
170533,170548,170551,3,15
170533,170549,170552,3,16
170533,170549,170551,2,16
170533,170549,170552,3,16
170533,170549,170552,3,16
170533,170549,170552,3,16
170533,170549,170552,3,16
170533,170549,170552,3,16
170533,170549,170552,3,16
170533,170549,170552,3,16
170533,170549,170552,3,16
170533,170549,170552,3,16
170533,170549,170552,3,16
170533,170549,170552,3,16
170533,170549,170552,3,16
170533,170533,170542,9,0
170533,170557,170561,4,24
169612,169627,170564,937,15
169678,169685,170568,883,7
170578,170578,170580,2,0
170578,170578,170580,2,0
170578,170578,170580,2,0
170578,170578,170580,2,0
170578,170578,170580,2,0
170578,170578,170581,3,0
170578,170578,170580,2,0
170578,170578,170580,2,0
170578,170578,170581,3,0
170578,170578,170581,3,0
170578,170578,170581,3,0
170578,170578,170582,4,0
170578,170578,170582,4,0
170578,170578,170582,4,0
170578,170578,170582,4,0
170578,170578,170582,4,0
169689,169697,170581,884,8
170578,170578,170582,4,0
170578,170578,170582,4,0
170578,170578,170582,4,0
170578,170578,170582,4,0
170578,170578,170582,4,0
170578,170578,170582,4,0
170578,170578,170581,3,0
170578,170578,170582,4,0
170578,170578,170582,4,0
170578,170578,170582,4,0
170578,170578,170582,4,0
170578,170578,170582,4,0
170578,170578,170582,4,0
170578,170578,170582,4,0
170578,170578,170582,4,0
170578,170580,170583,3,2
170578,170578,170583,5,0
170578,170578,170583,5,0
170578,170578,170582,4,0
170578,170578,170583,5,0
170578,170578,170583,5,0
170578,170578,170583,5,0
170578,170578,170583,5,0
170578,170580,170583,3,2
170578,170581,170585,4,3
170578,170580,170584,4,2
170578,170580,170584,4,2
170578,170580,170584,4,2
170578,170581,170585,4,3
170578,170581,170585,4,3
170578,170582,170585,3,4
170578,170582,170585,3,4
170578,170581,170585,4,3
170578,170583,170585,2,5
170578,170583,170585,2,5
170578,170583,170586,3,5
170578,170578,170582,4,0
170578,170582,170586,4,4
170578,170582,170586,4,4
170578,170583,170586,3,5
170578,170583,170586,3,5
170578,170582,170586,4,4
170578,170584,170586,2,6
170578,170583,170586,3,5
170578,170583,170586,3,5
170578,170583,170586,3,5
170578,170583,170586,3,5
170578,170582,170586,4,4
170578,170583,170586,3,5
170578,170584,170587,3,6
170578,170584,170587,3,6
170578,170578,170584,6,0
170578,170582,170587,5,4
170578,170583,170587,4,5
170578,170584,170587,3,6
170578,170584,170587,3,6
170578,170584,170587,3,6
170578,170583,170587,4,5
170578,170586,170587,1,8
170578,170584,170587,3,6
170578,170585,170587,2,7
170578,170586,170588,2,8
170578,170584,170587,3,6
170578,170585,170588,3,7
170578,170587,170588,1,9
170578,170585,170588,3,7
170578,170586,170588,2,8
170578,170585,170588,3,7
170578,170586,170588,2,8
170578,170587,170589,2,9
170578,170587,170589,2,9
170578,170587,170589,2,9
170578,170586,170589,3,8
170578,170586,170589,3,8
170578,170587,170590,3,9
170578,170587,170590,3,9
170578,170587,170590,3,9
170578,170586,170589,3,8
170578,170587,170589,2,9
170578,170587,170590,3,9
170578,170587,170589,2,9
170578,170587,170590,3,9
170578,170588,170590,2,10
170578,170588,170590,2,10
170578,170587,170590,3,9
170578,170588,170590,2,10
170578,170588,170590,2,10
170578,170587,170590,3,9
170578,170588,170590,2,10
170578,170587,170590,3,9
170578,170587,170590,3,9
170578,170587,170590,3,9
170578,170588,170590,2,10
170589,170591,170592,1,2
170589,170589,170592,3,0
170589,170589,170591,2,0
170589,170589,170591,2,0
170589,170590,170592,2,1
170589,170589,170592,3,0
170589,170590,170591,1,1
170589,170590,170591,1,1
170589,170590,170591,1,1
170589,170589,170592,3,0
170589,170589,170592,3,0
170589,170590,170593,3,1
170589,170589,170592,3,0
170589,170589,170592,3,0
170589,170590,170592,2,1
170589,170591,170592,1,2
170589,170589,170593,4,0
170589,170590,170593,3,1
170589,170590,170592,2,1
170589,170589,170592,3,0
170589,170590,170593,3,1
170589,170591,170594,3,2
170589,170590,170593,3,1
170589,170590,170593,3,1
170589,170590,170594,4,1
170589,170591,170593,2,2
170589,170590,170593,3,1
170589,170591,170594,3,2
170589,170592,170594,2,3
170589,170592,170594,2,3
170589,170593,170595,2,4
170589,170593,170595,2,4
170589,170592,170595,3,3
170589,170592,170595,3,3
170589,170591,170594,3,2
170589,170592,170594,2,3
170589,170592,170595,3,3
170589,170591,170595,4,2
170589,170591,170595,4,2
170589,170592,170595,3,3
170589,170592,170594,2,3
170578,170592,170595,3,14
170578,170592,170595,3,14
170589,170593,170595,2,4
170589,170593,170596,3,4
170589,170592,170595,3,3
170589,170591,170595,4,2
170578,170592,170596,4,14
170578,170592,170596,4,14
170589,170593,170596,3,4
170589,170593,170596,3,4
170589,170593,170597,4,4
170589,170593,170597,4,4
170589,170593,170596,3,4
170589,170594,170597,3,5
170589,170593,170596,3,4
170589,170594,170597,3,5
170589,170593,170597,4,4
170589,170594,170597,3,5
170589,170595,170598,3,6
170589,170595,170598,3,6
170589,170594,170598,4,5
170589,170594,170598,4,5
170589,170594,170597,3,5
170589,170595,170597,2,6
170589,170595,170598,3,6
170589,170594,170597,3,5
170589,170594,170598,4,5
170589,170594,170598,4,5
170589,170596,170599,3,7
170589,170596,170599,3,7
170589,170595,170598,3,6
170589,170595,170598,3,6
170589,170595,170598,3,6
170589,170595,170599,4,6
170589,170594,170599,5,5
170589,170595,170599,4,6
170589,170595,170599,4,6
170589,170596,170599,3,7
170589,170595,170599,4,6
170589,170595,170599,4,6
170589,170597,170600,3,8
170589,170597,170600,3,8
170589,170597,170600,3,8
170589,170595,170599,4,6
170589,170596,170599,3,7
170589,170598,170600,2,9
170589,170597,170600,3,8
170589,170598,170601,3,9
170589,170598,170601,3,9
170589,170597,170600,3,8
170589,170598,170601,3,9
170589,170598,170601,3,9
170589,170597,170600,3,8
170589,170598,170601,3,9
170589,170598,170601,3,9
170589,170597,170601,4,8
170589,170597,170600,3,8
170589,170597,170600,3,8
170589,170598,170601,3,9
170589,170597,170601,4,8
170589,170597,170601,4,8
170589,170598,170602,4,9
170589,170597,170601,4,8
170589,170599,170602,3,10
170589,170599,170602,3,10
170589,170598,170601,3,9
170589,170599,170602,3,10
170589,170599,170602,3,10
170589,170599,170602,3,10
170589,170599,170602,3,10
170589,170599,170602,3,10
170589,170599,170602,3,10
170589,170600,170602,2,11
170589,170600,170603,3,11
170589,170600,170602,2,11
170589,170600,170603,3,11
170589,170600,170603,3,11
170589,170600,170603,3,11
170589,170600,170602,2,11
170589,170600,170603,3,11
170578,170581,170585,4,3
170578,170582,170585,3,4
170578,170583,170585,2,5
170578,170583,170585,2,5
170578,170583,170585,2,5
170592,170601,170604,3,9
170592,170601,170604,3,9
170589,170600,170604,4,11
170592,170601,170604,3,9
170592,170601,170604,3,9
170592,170602,170604,2,10
170592,170602,170604,2,10
170592,170602,170604,2,10
170592,170602,170604,2,10
170592,170602,170605,3,10
170592,170602,170604,2,10
170592,170603,170604,1,11
170592,170601,170604,3,9
170592,170602,170604,2,10
170592,170601,170605,4,9
170592,170601,170604,3,9
170592,170602,170605,3,10
170592,170601,170605,4,9
170592,170601,170605,4,9
170592,170602,170605,3,10
170592,170601,170605,4,9
170592,170601,170605,4,9
170592,170601,170605,4,9
170592,170602,170605,3,10
170592,170601,170605,4,9
170592,170601,170605,4,9
170592,170603,170605,2,11
170592,170603,170606,3,11
170592,170604,170606,2,12
170592,170604,170607,3,12
170592,170605,170606,1,13
170592,170605,170606,1,13
170592,170604,170606,2,12
170592,170605,170606,1,13
170592,170605,170606,1,13
170592,170604,170606,2,12
170578,170604,170607,3,26
170592,170604,170607,3,12
170592,170604,170607,3,12
170592,170604,170607,3,12
170592,170604,170606,2,12
170592,170603,170607,4,11
170592,170603,170607,4,11
170592,170604,170607,3,12
170592,170603,170608,5,11
170592,170605,170608,3,13
170592,170603,170607,4,11
170592,170605,170608,3,13
170592,170605,170607,2,13
170592,170604,170607,3,12
170592,170605,170608,3,13
170592,170605,170608,3,13
170592,170605,170608,3,13
170592,170605,170608,3,13
170578,170578,170597,19,0
170592,170605,170608,3,13
170592,170606,170609,3,14
170592,170605,170608,3,13
170592,170605,170609,4,13
170592,170605,170609,4,13
170592,170604,170609,5,12
170592,170605,170609,4,13
170592,170605,170609,4,13
170592,170605,170609,4,13
170592,170606,170609,3,14
170592,170607,170609,2,15
170592,170607,170610,3,15
170592,170607,170610,3,15
170592,170607,170610,3,15
170592,170606,170610,4,14
170592,170607,170610,3,15
170592,170606,170610,4,14
170592,170607,170611,4,15
170592,170607,170610,3,15
170592,170607,170610,3,15
170592,170608,170611,3,16
170592,170608,170611,3,16
170592,170608,170610,2,16
170592,170607,170610,3,15
170592,170607,170610,3,15
170592,170607,170610,3,15
170592,170607,170610,3,15
170592,170608,170611,3,16
170592,170608,170611,3,16
170592,170608,170611,3,16
170592,170607,170611,4,15
170592,170609,170611,2,17
170592,170609,170611,2,17
170592,170606,170611,5,14
170592,170606,170611,5,14
170592,170607,170611,4,15
170592,170609,170612,3,17
170592,170610,170612,2,18
170592,170608,170611,3,16
170592,170609,170612,3,17
170592,170609,170612,3,17
170592,170609,170612,3,17
170592,170609,170612,3,17
170592,170610,170612,2,18
170592,170610,170612,2,18
170589,170609,170612,3,20
170592,170609,170612,3,17
170592,170610,170613,3,18
170592,170610,170613,3,18
170592,170609,170613,4,17
170592,170611,170613,2,19
170592,170607,170614,7,15
170592,170607,170610,3,15
170589,170609,170613,4,20
170592,170611,170613,2,19
170592,170611,170613,2,19
170592,170611,170613,2,19
170592,170611,170614,3,19
170592,170611,170614,3,19
170592,170611,170613,2,19
170592,170610,170613,3,18
170592,170610,170613,3,18
170592,170611,170614,3,19
170592,170611,170613,2,19
170592,170611,170614,3,19
170592,170611,170614,3,19
170592,170611,170615,4,19
170592,170610,170612,2,18
170592,170605,170628,23,13
170592,170608,170628,20,16
169696,169707,170647,940,11
170650,170650,170653,3,0
170650,170650,170653,3,0
170650,170650,170654,4,0
170650,170650,170654,4,0
170650,170650,170654,4,0
170650,170650,170654,4,0
170650,170650,170654,4,0
170650,170651,170654,3,1
170650,170651,170654,3,1
170650,170650,170653,3,0
170650,170650,170654,4,0
170650,170650,170654,4,0
170650,170650,170654,4,0
170650,170650,170654,4,0
170650,170650,170654,4,0
170650,170650,170654,4,0
170650,170650,170654,4,0
170650,170650,170654,4,0
170650,170650,170655,5,0
170650,170650,170654,4,0
169757,169765,170655,890,8
170650,170650,170654,4,0
170650,170650,170654,4,0
170650,170650,170655,5,0
170650,170650,170655,5,0
170650,170650,170654,4,0
170650,170651,170655,4,1
170650,170651,170655,4,1
170650,170650,170654,4,0
170650,170653,170655,2,3
170650,170652,170655,3,2
170650,170652,170655,3,2
170650,170653,170656,3,3
170650,170652,170656,4,2
170650,170652,170656,4,2
170650,170654,170657,3,4
170650,170654,170657,3,4
170650,170654,170657,3,4
170650,170654,170657,3,4
170650,170654,170658,4,4
170650,170654,170658,4,4
170650,170655,170658,3,5
170650,170654,170658,4,4
170650,170655,170658,3,5
170650,170654,170658,4,4
170650,170654,170658,4,4
170650,170655,170658,3,5
170650,170654,170659,5,4
170650,170655,170659,4,5
170650,170655,170659,4,5
170650,170654,170659,5,4
170650,170655,170659,4,5
170650,170655,170659,4,5
170650,170654,170659,5,4
170650,170654,170659,5,4
170650,170654,170659,5,4
170650,170654,170659,5,4
170650,170656,170659,3,6
170650,170655,170659,4,5
170650,170655,170659,4,5
170650,170656,170660,4,6
170650,170657,170660,3,7
170650,170657,170660,3,7
170650,170655,170660,5,5
170650,170656,170660,4,6
170650,170656,170660,4,6
170650,170658,170660,2,8
170650,170657,170660,3,7
170650,170657,170661,4,7
170650,170657,170661,4,7
170650,170658,170661,3,8
170650,170659,170661,2,9
170650,170657,170661,4,7
170650,170657,170661,4,7
170650,170659,170661,2,9
170650,170659,170662,3,9
170650,170659,170662,3,9
170650,170658,170661,3,8
170650,170659,170662,3,9
170650,170659,170661,2,9
170650,170658,170661,3,8
170650,170660,170662,2,10
170650,170659,170663,4,9
170650,170659,170662,3,9
170650,170659,170662,3,9
170650,170660,170662,2,10
170650,170660,170663,3,10
170650,170660,170663,3,10
170650,170660,170663,3,10
170650,170660,170662,2,10
170650,170660,170663,3,10
170650,170660,170663,3,10
170650,170660,170662,2,10
170650,170660,170662,2,10
170650,170660,170663,3,10
170650,170660,170663,3,10
170650,170660,170663,3,10
170650,170661,170664,3,11
170650,170661,170663,2,11
170650,170661,170663,2,11
170650,170660,170663,3,10
170650,170660,170663,3,10
170650,170661,170664,3,11
170650,170662,170664,2,12
170650,170662,170664,2,12
170650,170662,170664,2,12
170650,170662,170664,2,12
170650,170662,170664,2,12
170650,170661,170664,3,11
170650,170662,170664,2,12
170650,170662,170664,2,12
170650,170662,170664,2,12
170657,170662,170665,3,5
170650,170661,170665,4,11
170650,170661,170665,4,11
170657,170663,170665,2,6
170650,170662,170665,3,12
170657,170663,170666,3,6
170657,170663,170665,2,6
170657,170663,170666,3,6
170657,170663,170666,3,6
170657,170663,170666,3,6
170657,170664,170666,2,7
170657,170663,170666,3,6
170657,170664,170666,2,7
170657,170664,170666,2,7
170657,170665,170667,2,8
170657,170664,170666,2,7
170657,170664,170666,2,7
170657,170663,170666,3,6
170657,170664,170667,3,7
170657,170663,170666,3,6
170657,170663,170667,4,6
170657,170663,170667,4,6
170657,170664,170667,3,7
170657,170665,170667,2,8
170657,170663,170668,5,6
170657,170663,170667,4,6
170657,170664,170667,3,7
170657,170665,170668,3,8
170650,170650,170655,5,0
170657,170665,170668,3,8
170657,170665,170668,3,8
170657,170665,170669,4,8
170657,170665,170669,4,8
170657,170667,170669,2,10
170657,170665,170669,4,8
170657,170665,170669,4,8
170657,170665,170669,4,8
170657,170666,170669,3,9
170657,170666,170669,3,9
170657,170666,170669,3,9
170657,170666,170669,3,9
170657,170667,170670,3,10
170657,170666,170669,3,9
170657,170667,170669,2,10
170657,170667,170669,2,10
170657,170666,170669,3,9
170657,170667,170670,3,10
170657,170667,170670,3,10
170657,170666,170670,4,9
170657,170665,170669,4,8
170657,170667,170670,3,10
170657,170666,170670,4,9
170657,170668,170670,2,11
170657,170666,170670,4,9
170657,170667,170671,4,10
170657,170667,170670,3,10
170650,170668,170671,3,18
170650,170668,170671,3,18
170657,170667,170671,4,10
170657,170668,170671,3,11
170657,170667,170671,4,10
170657,170667,170671,4,10
170657,170668,170671,3,11
170650,170669,170671,2,19
170657,170669,170671,2,12
170657,170668,170671,3,11
170657,170667,170671,4,10
170657,170669,170672,3,12
170657,170669,170672,3,12
170657,170669,170672,3,12
170657,170669,170672,3,12
170650,170668,170672,4,18
170650,170668,170672,4,18
170657,170669,170672,3,12
170657,170669,170672,3,12
170657,170670,170673,3,13
170657,170670,170673,3,13
170657,170670,170673,3,13
170657,170670,170673,3,13
170657,170669,170672,3,12
170657,170669,170672,3,12
170657,170668,170672,4,11
170657,170669,170673,4,12
170657,170670,170673,3,13
170657,170670,170673,3,13
170657,170670,170674,4,13
170657,170670,170673,3,13
170657,170670,170674,4,13
170657,170670,170673,3,13
170657,170671,170674,3,14
170657,170670,170673,3,13
170657,170671,170674,3,14
170657,170670,170673,3,13
170657,170671,170674,3,14
170657,170670,170674,4,13
170657,170670,170674,4,13
170657,170671,170674,3,14
170657,170670,170674,4,13
170657,170671,170674,3,14
170657,170672,170674,2,15
170657,170672,170675,3,15
170657,170671,170674,3,14
170657,170672,170674,2,15
170657,170672,170675,3,15
170657,170672,170675,3,15
170657,170671,170674,3,14
170657,170672,170675,3,15
170657,170672,170674,2,15
170657,170671,170675,4,14
170657,170672,170675,3,15
170657,170671,170675,4,14
170657,170671,170675,4,14
170657,170672,170675,3,15
170657,170673,170675,2,16
170657,170673,170676,3,16
170657,170673,170676,3,16
170657,170673,170676,3,16
170657,170673,170676,3,16
170657,170672,170676,4,15
170657,170672,170675,3,15
170657,170672,170676,4,15
170657,170673,170676,3,16
170657,170673,170676,3,16
170657,170674,170676,2,17
170657,170674,170676,2,17
170657,170674,170676,2,17
170657,170674,170677,3,17
170657,170673,170676,3,16
170657,170673,170676,3,16
169813,169820,170693,873,7
170699,170699,170702,3,0
170699,170699,170702,3,0
170699,170699,170703,4,0
170699,170699,170703,4,0
170699,170699,170702,3,0
170699,170699,170703,4,0
170699,170699,170702,3,0
170699,170699,170702,3,0
170699,170699,170702,3,0
170699,170699,170702,3,0
170699,170699,170702,3,0
170699,170699,170702,3,0
170699,170699,170703,4,0
170699,170699,170703,4,0
170699,170699,170703,4,0
170699,170699,170703,4,0
170699,170699,170702,3,0
170699,170699,170703,4,0
170699,170699,170702,3,0
170699,170699,170703,4,0
170699,170699,170702,3,0
170699,170699,170703,4,0
170699,170699,170702,3,0
170699,170699,170702,3,0
170699,170699,170703,4,0
170699,170699,170703,4,0
170699,170699,170702,3,0
170699,170699,170702,3,0
170699,170699,170703,4,0
170699,170699,170702,3,0
170699,170699,170703,4,0
170699,170699,170704,5,0
170699,170699,170703,4,0
170699,170699,170704,5,0
170699,170699,170704,5,0
170699,170699,170703,4,0
170699,170699,170703,4,0
170699,170699,170704,5,0
170699,170699,170703,4,0
170699,170699,170703,4,0
170699,170703,170705,2,4
170699,170702,170705,3,3
170699,170703,170706,3,4
170699,170703,170706,3,4
170699,170703,170706,3,4
170699,170703,170706,3,4
170699,170703,170706,3,4
170699,170703,170706,3,4
170699,170703,170706,3,4
170699,170703,170706,3,4
170699,170703,170706,3,4
170699,170703,170706,3,4
170699,170702,170705,3,3
170699,170703,170706,3,4
170699,170703,170707,4,4
170699,170703,170707,4,4
170699,170704,170707,3,5
170699,170703,170706,3,4
170699,170704,170707,3,5
170699,170703,170707,4,4
170699,170703,170706,3,4
170699,170703,170707,4,4
170699,170703,170707,4,4
170699,170703,170707,4,4
170699,170703,170707,4,4
170699,170703,170707,4,4
170699,170704,170707,3,5
170699,170704,170707,3,5
170699,170704,170707,3,5
170699,170703,170707,4,4
170699,170703,170708,5,4
170699,170703,170708,5,4
170699,170703,170707,4,4
170699,170704,170707,3,5
170699,170703,170707,4,4
170699,170704,170708,4,5
170699,170703,170708,5,4
170699,170704,170708,4,5
170699,170704,170708,4,5
170699,170706,170709,3,7
170699,170706,170709,3,7
170699,170706,170709,3,7
170699,170705,170709,4,6
170699,170706,170709,3,7
170699,170705,170709,4,6
170699,170707,170710,3,8
170699,170706,170710,4,7
170699,170706,170710,4,7
170699,170707,170710,3,8
170699,170707,170710,3,8
170699,170707,170710,3,8
170699,170707,170710,3,8
170699,170707,170710,3,8
170699,170707,170710,3,8
170699,170707,170710,3,8
170699,170708,170710,2,9
170699,170706,170710,4,7
170699,170706,170710,4,7
170699,170706,170710,4,7
170699,170707,170710,3,8
170699,170706,170710,4,7
170699,170708,170710,2,9
170699,170708,170710,2,9
170699,170708,170710,2,9
170699,170708,170710,2,9
170699,170708,170711,3,9
170699,170708,170711,3,9
170699,170708,170711,3,9
170699,170708,170711,3,9
170699,170708,170711,3,9
170699,170708,170711,3,9
170699,170707,170710,3,8
170699,170707,170711,4,8
170699,170707,170711,4,8
170699,170708,170711,3,9
170699,170707,170711,4,8
170699,170708,170711,3,9
170699,170699,170711,12,0
170699,170703,170713,10,4
170699,170731,170735,4,32
169854,169870,170762,892,16
170766,170766,170769,3,0
170766,170766,170769,3,0
170766,170766,170768,2,0
170766,170766,170769,3,0
170766,170766,170769,3,0
170766,170766,170769,3,0
170766,170766,170769,3,0
170766,170766,170769,3,0
170766,170766,170769,3,0
170766,170766,170769,3,0
170766,170766,170770,4,0
170766,170766,170769,3,0
170766,170766,170770,4,0
170766,170766,170770,4,0
170766,170766,170769,3,0
170766,170766,170769,3,0
170766,170766,170769,3,0
170766,170766,170770,4,0
170766,170766,170769,3,0
170766,170766,170770,4,0
170766,170766,170769,3,0
170766,170766,170769,3,0
170766,170766,170770,4,0
170766,170766,170769,3,0
170766,170766,170770,4,0
170766,170766,170769,3,0
170766,170766,170769,3,0
170766,170766,170769,3,0
170766,170766,170770,4,0
170766,170766,170770,4,0
170766,170766,170770,4,0
170766,170766,170769,3,0
170766,170766,170770,4,0
170766,170766,170770,4,0
170766,170766,170770,4,0
170766,170766,170770,4,0
170766,170766,170771,5,0
170766,170766,170770,4,0
170766,170766,170770,4,0
170766,170766,170770,4,0
170766,170766,170771,5,0
170766,170770,170772,2,4
170766,170770,170772,2,4
170766,170769,170772,3,3
170766,170769,170772,3,3
170766,170769,170772,3,3
170766,170769,170772,3,3
170766,170770,170773,3,4
170766,170770,170773,3,4
170766,170770,170772,2,4
170766,170770,170772,2,4
170766,170770,170773,3,4
170766,170770,170773,3,4
170766,170770,170773,3,4
170766,170769,170773,4,3
170766,170769,170773,4,3
170766,170770,170773,3,4
170766,170770,170774,4,4
170766,170770,170773,3,4
170766,170770,170773,3,4
170766,170771,170774,3,5
170766,170770,170774,4,4
170766,170770,170773,3,4
170766,170770,170773,3,4
170766,170770,170773,3,4
170766,170770,170774,4,4
170766,170771,170774,3,5
170766,170770,170773,3,4
170766,170770,170773,3,4
170766,170770,170773,3,4
170766,170770,170774,4,4
170766,170770,170773,3,4
170766,170770,170774,4,4
170766,170770,170773,3,4
170766,170770,170774,4,4
170766,170770,170774,4,4
170766,170770,170775,5,4
170766,170771,170774,3,5
170766,170771,170775,4,5
170766,170772,170775,3,6
170766,170772,170775,3,6
170766,170771,170775,4,5
170766,170772,170775,3,6
170766,170772,170775,3,6
170766,170772,170775,3,6
170766,170774,170775,1,8
170766,170774,170775,1,8
170766,170770,170775,5,4
170766,170774,170776,2,8
170766,170773,170776,3,7
170766,170773,170776,3,7
170766,170773,170776,3,7
170766,170773,170776,3,7
170766,170774,170776,2,8
170766,170774,170777,3,8
170766,170774,170777,3,8
170766,170775,170777,2,9
170766,170774,170777,3,8
170766,170774,170776,2,8
170766,170774,170776,2,8
170766,170774,170777,3,8
170766,170775,170777,2,9
170766,170775,170777,2,9
170766,170773,170777,4,7
170766,170773,170777,4,7
170766,170774,170777,3,8
170766,170773,170777,4,7
170766,170774,170777,3,8
170766,170774,170777,3,8
170766,170774,170777,3,8
170766,170773,170777,4,7
170766,170773,170777,4,7
170766,170774,170777,3,8
170766,170774,170777,3,8
170766,170775,170777,2,9
170766,170774,170777,3,8
170766,170774,170778,4,8
169858,169882,170778,896,24
170766,170774,170777,3,8
170766,170774,170778,4,8
170766,170774,170777,3,8
169861,169882,170781,899,21
170807,170808,170810,2,1
170807,170808,170810,2,1
170807,170808,170810,2,1
170807,170808,170811,3,1
170807,170808,170810,2,1
170807,170808,170810,2,1
170807,170808,170810,2,1
170807,170808,170810,2,1
170807,170808,170810,2,1
170807,170808,170811,3,1
170807,170808,170811,3,1
170807,170808,170811,3,1
170807,170808,170811,3,1
170807,170808,170811,3,1
170807,170808,170811,3,1
170807,170808,170811,3,1
170807,170808,170811,3,1
170807,170808,170811,3,1
170807,170808,170811,3,1
170807,170808,170811,3,1
170807,170808,170811,3,1
170807,170808,170812,4,1
170807,170808,170811,3,1
170807,170808,170811,3,1
170807,170808,170811,3,1
170807,170808,170811,3,1
170807,170808,170811,3,1
170807,170808,170811,3,1
170807,170808,170811,3,1
170807,170808,170811,3,1
170807,170808,170811,3,1
170807,170808,170811,3,1
170807,170808,170811,3,1
170807,170808,170811,3,1
170807,170808,170812,4,1
170807,170808,170812,4,1
170807,170808,170812,4,1
170807,170808,170812,4,1
170807,170808,170812,4,1
170807,170808,170812,4,1
170807,170808,170812,4,1
170807,170808,170812,4,1
170807,170811,170814,3,4
170807,170811,170814,3,4
169921,169928,170814,886,7
170807,170812,170814,2,5
170807,170811,170815,4,4
170807,170812,170815,3,5
170807,170812,170815,3,5
170807,170812,170815,3,5
170807,170811,170815,4,4
170807,170812,170814,2,5
170807,170812,170814,2,5
170807,170811,170815,4,4
170807,170811,170815,4,4
170807,170812,170815,3,5
170807,170812,170815,3,5
170807,170812,170814,2,5
170807,170812,170814,2,5
170807,170812,170815,3,5
170807,170811,170814,3,4
170807,170812,170815,3,5
170807,170812,170815,3,5
170807,170812,170815,3,5
170807,170813,170815,2,6
170807,170811,170816,5,4
170807,170811,170815,4,4
170807,170812,170815,3,5
170807,170812,170816,4,5
170807,170812,170816,4,5
170807,170812,170816,4,5
170807,170812,170816,4,5
170807,170813,170815,2,6
170807,170812,170816,4,5
170807,170813,170816,3,6
170807,170812,170815,3,5
170807,170812,170816,4,5
170807,170813,170816,3,6
170807,170812,170816,4,5
170807,170812,170815,3,5
170807,170812,170816,4,5
170807,170813,170816,3,6
170807,170815,170817,2,8
170807,170813,170817,4,6
170807,170813,170816,3,6
170807,170813,170816,3,6
170807,170814,170817,3,7
170807,170814,170817,3,7
170807,170815,170818,3,8
170807,170815,170818,3,8
170807,170815,170818,3,8
170807,170815,170818,3,8
170807,170815,170817,2,8
170807,170816,170818,2,9
170807,170816,170818,2,9
170807,170815,170818,3,8
170807,170815,170817,2,8
170807,170815,170817,2,8
170807,170815,170818,3,8
170807,170816,170818,2,9
170807,170814,170817,3,7
170807,170815,170818,3,8
170807,170816,170819,3,9
170807,170816,170819,3,9
170807,170816,170819,3,9
170807,170816,170819,3,9
170807,170816,170819,3,9
170807,170816,170818,2,9
170807,170816,170818,2,9
170807,170815,170819,4,8
170807,170816,170819,3,9
170807,170816,170819,3,9
170807,170815,170818,3,8
170807,170815,170818,3,8
170807,170815,170818,3,8
170807,170816,170819,3,9
170807,170816,170819,3,9
170807,170816,170819,3,9
170807,170816,170820,4,9
170811,170817,170820,3,6
170811,170817,170820,3,6
170811,170816,170820,4,5
170811,170817,170820,3,6
170811,170816,170820,4,5
170807,170816,170820,4,9
170811,170817,170820,3,6
170811,170818,170821,3,7
170811,170818,170821,3,7
170811,170817,170820,3,6
170811,170818,170821,3,7
170811,170818,170821,3,7
170811,170818,170821,3,7
170811,170817,170821,4,6
170811,170818,170821,3,7
170811,170818,170821,3,7
170811,170817,170821,4,6
170811,170818,170821,3,7
170811,170818,170821,3,7
170811,170818,170821,3,7
170811,170818,170821,3,7
170811,170819,170821,2,8
170811,170818,170821,3,7
170811,170818,170821,3,7
170811,170820,170822,2,9
170811,170819,170822,3,8
170811,170819,170822,3,8
170811,170818,170822,4,7
170811,170818,170822,4,7
170811,170819,170822,3,8
170811,170819,170822,3,8
170811,170820,170823,3,9
170811,170819,170823,4,8
170811,170819,170822,3,8
170811,170820,170822,2,9
170811,170820,170822,2,9
170811,170819,170823,4,8
170811,170819,170823,4,8
170811,170819,170822,3,8
170811,170821,170823,2,10
170811,170820,170823,3,9
170811,170819,170823,4,8
170811,170819,170823,4,8
170811,170819,170823,4,8
170811,170820,170824,4,9
170811,170820,170824,4,9
170811,170820,170824,4,9
170811,170822,170824,2,11
170811,170821,170824,3,10
170811,170821,170824,3,10
170811,170822,170824,2,11
170811,170822,170824,2,11
170811,170822,170825,3,11
170811,170822,170825,3,11
170811,170822,170825,3,11
170811,170821,170825,4,10
170811,170823,170825,2,12
170811,170823,170825,2,12
170811,170821,170825,4,10
170811,170823,170825,2,12
170811,170821,170825,4,10
170811,170821,170825,4,10
170811,170821,170825,4,10
170811,170822,170825,3,11
170811,170823,170825,2,12
170811,170822,170825,3,11
170811,170822,170825,3,11
170811,170822,170825,3,11
170811,170821,170825,4,10
170811,170822,170825,3,11
170811,170822,170826,4,11
170811,170822,170826,4,11
170811,170822,170826,4,11
170811,170823,170825,2,12
170811,170823,170826,3,12
170811,170822,170826,4,11
170811,170823,170826,3,12
170811,170823,170826,3,12
170811,170823,170826,3,12
170811,170823,170826,3,12
170811,170823,170826,3,12
170811,170825,170827,2,14
170811,170824,170827,3,13
170811,170825,170827,2,14
170811,170824,170827,3,13
170811,170824,170827,3,13
170811,170825,170827,2,14
170811,170825,170828,3,14
170811,170824,170828,4,13
170811,170824,170827,3,13
170811,170825,170828,3,14
170811,170825,170828,3,14
170811,170826,170828,2,15
170811,170827,170828,1,16
170811,170827,170828,1,16
170811,170825,170828,3,14
170811,170827,170829,2,16
170811,170826,170828,2,15
170811,170825,170828,3,14
170811,170825,170828,3,14
170811,170826,170828,2,15
170811,170826,170828,2,15
170811,170825,170828,3,14
170811,170825,170829,4,14
170811,170825,170828,3,14
170811,170826,170829,3,15
170811,170826,170828,2,15
170811,170825,170828,3,14
170811,170826,170828,2,15
170811,170826,170829,3,15
170811,170826,170828,2,15
170811,170827,170829,2,16
170811,170826,170829,3,15
170811,170827,170829,2,16
170811,170826,170829,3,15
170811,170826,170829,3,15
170811,170827,170829,2,16
170811,170827,170829,2,16
170811,170826,170829,3,15
170811,170826,170829,3,15
170811,170826,170830,4,15
170815,170828,170831,3,13
170815,170828,170831,3,13
170815,170827,170830,3,12
170815,170827,170831,4,12
170815,170829,170831,2,14
170815,170829,170831,2,14
170815,170829,170831,2,14
170815,170828,170831,3,13
170815,170829,170831,2,14
170815,170829,170831,2,14
170815,170830,170832,2,15
170815,170830,170832,2,15
170815,170829,170831,2,14
170815,170829,170831,2,14
170815,170829,170832,3,14
170815,170828,170831,3,13
170815,170828,170831,3,13
170815,170828,170831,3,13
170815,170829,170832,3,14
170815,170828,170831,3,13
170815,170829,170832,3,14
170815,170830,170831,1,15
170815,170830,170832,2,15
170815,170829,170832,3,14
170815,170828,170832,4,13
170815,170829,170832,3,14
170815,170828,170832,4,13
170815,170830,170832,2,15
170815,170830,170833,3,15
170815,170830,170832,2,15
170815,170829,170832,3,14
170815,170829,170832,3,14
170815,170829,170833,4,14
170815,170830,170832,2,15
170815,170828,170832,4,13
170815,170829,170832,3,14
170815,170829,170832,3,14
170815,170829,170833,4,14
170815,170830,170833,3,15
170815,170829,170833,4,14
170815,170829,170833,4,14
170815,170831,170834,3,16
170815,170832,170835,3,17
170815,170832,170834,2,17
170815,170832,170835,3,17
170815,170832,170835,3,17
170815,170832,170834,2,17
170815,170832,170835,3,17
170815,170832,170835,3,17
170815,170831,170834,3,16
170815,170832,170835,3,17
170815,170832,170835,3,17
170815,170831,170835,4,16
170815,170833,170835,2,18
170815,170832,170835,3,17
170815,170832,170835,3,17
170815,170832,170835,3,17
170815,170832,170835,3,17
170815,170832,170835,3,17
170815,170832,170835,3,17
170815,170833,170836,3,18
170815,170833,170836,3,18
170815,170832,170836,4,17
170815,170832,170836,4,17
170815,170832,170836,4,17
170815,170832,170835,3,17
170815,170833,170836,3,18
170815,170833,170836,3,18
170815,170833,170836,3,18
170815,170831,170836,5,16
170815,170832,170836,4,17
170815,170833,170836,3,18
170815,170833,170836,3,18
170815,170833,170837,4,18
170815,170834,170836,2,19
170815,170832,170836,4,17
170815,170833,170837,4,18
170815,170832,170837,5,17
170815,170833,170837,4,18
170815,170832,170837,5,17
170815,170834,170837,3,19
170815,170835,170838,3,20
170815,170835,170838,3,20
170815,170835,170838,3,20
170815,170834,170837,3,19
170815,170836,170838,2,21
170815,170835,170838,3,20
170815,170835,170838,3,20
170815,170836,170838,2,21
170815,170836,170838,2,21
170815,170837,170839,2,22
170815,170835,170838,3,20
170815,170836,170838,2,21
170815,170836,170838,2,21
170815,170836,170839,3,21
170815,170836,170839,3,21
170815,170837,170839,2,22
170815,170835,170839,4,20
170815,170835,170838,3,20
170815,170837,170839,2,22
170815,170835,170839,4,20
170815,170836,170839,3,21
170815,170836,170839,3,21
170815,170837,170839,2,22
170815,170835,170838,3,20
170815,170836,170839,3,21
170815,170836,170839,3,21
170815,170835,170838,3,20
170815,170835,170839,4,20
170815,170836,170839,3,21
170815,170835,170838,3,20
170815,170836,170839,3,21
170815,170836,170839,3,21
170815,170836,170839,3,21
170815,170836,170839,3,21
170815,170836,170839,3,21
170815,170837,170839,2,22
170815,170836,170840,4,21
170815,170836,170840,4,21
170815,170837,170840,3,22
169935,169951,170850,899,16
169931,169951,170853,902,20
170044,170052,170862,810,8
170875,170875,170877,2,0
170875,170875,170877,2,0
170875,170875,170877,2,0
170875,170875,170878,3,0
170875,170875,170877,2,0
170875,170875,170877,2,0
170875,170875,170878,3,0
170875,170875,170878,3,0
170875,170875,170877,2,0
170875,170875,170878,3,0
170875,170875,170878,3,0
170875,170875,170879,4,0
170875,170875,170878,3,0
170875,170875,170879,4,0
170875,170875,170879,4,0
170875,170875,170878,3,0
170875,170875,170879,4,0
170875,170875,170879,4,0
170875,170875,170878,3,0
170875,170875,170879,4,0
170875,170875,170878,3,0
170875,170875,170878,3,0
170875,170875,170878,3,0
170875,170875,170879,4,0
170875,170875,170879,4,0
170875,170875,170879,4,0
170875,170875,170878,3,0
170875,170875,170878,3,0
170875,170875,170878,3,0
170875,170875,170878,3,0
170875,170875,170879,4,0
170875,170875,170878,3,0
170875,170875,170879,4,0
170875,170875,170879,4,0
170875,170875,170879,4,0
170875,170875,170880,5,0
170875,170875,170880,5,0
170875,170875,170879,4,0
170875,170875,170879,4,0
170875,170875,170880,5,0
170875,170878,170881,3,3
170875,170878,170881,3,3
170875,170878,170882,4,3
170875,170878,170882,4,3
170875,170878,170882,4,3
170875,170878,170881,3,3
170875,170879,170882,3,4
170875,170879,170882,3,4
170875,170879,170882,3,4
170875,170880,170882,2,5
170875,170878,170882,4,3
170875,170879,170882,3,4
170875,170879,170882,3,4
170875,170879,170882,3,4
170875,170878,170882,4,3
170875,170879,170882,3,4
170875,170878,170882,4,3
170875,170879,170882,3,4
170875,170875,170882,7,0
170875,170879,170883,4,4
170875,170879,170882,3,4
170875,170879,170883,4,4
170875,170879,170883,4,4
170875,170879,170883,4,4
170875,170879,170883,4,4
170875,170879,170883,4,4
170875,170879,170883,4,4
170875,170879,170883,4,4
170875,170879,170883,4,4
170875,170880,170882,2,5
170875,170879,170882,3,4
170875,170879,170883,4,4
170875,170881,170883,2,6
170875,170881,170883,2,6
170875,170879,170883,4,4
170875,170879,170884,5,4
170875,170880,170883,3,5
170875,170880,170884,4,5
170875,170879,170884,5,4
170875,170881,170885,4,6
170875,170883,170885,2,8
170875,170881,170885,4,6
170875,170882,170885,3,7
170875,170881,170885,4,6
170875,170882,170885,3,7
170875,170882,170885,3,7
170875,170882,170885,3,7
170875,170882,170885,3,7
170875,170883,170885,2,8
170875,170883,170885,2,8
170875,170884,170886,2,9
170875,170883,170886,3,8
170875,170883,170886,3,8
170875,170883,170885,2,8
170875,170882,170886,4,7
170875,170883,170886,3,8
170875,170884,170886,2,9
170875,170882,170886,4,7
170875,170882,170886,4,7
170875,170882,170886,4,7
170875,170882,170886,4,7
170875,170883,170886,3,8
170875,170883,170886,3,8
170875,170882,170886,4,7
170875,170882,170886,4,7
170875,170884,170886,2,9
170875,170884,170886,2,9
170875,170883,170886,3,8
170875,170883,170886,3,8
170875,170883,170886,3,8
170875,170884,170886,2,9
170875,170884,170886,2,9
170875,170875,170887,12,0
170875,170883,170887,4,8
170875,170883,170887,4,8
170875,170883,170887,4,8
170875,170883,170886,3,8
170875,170883,170887,4,8
170875,170886,170888,2,11
170875,170886,170888,2,11
170875,170886,170888,2,11
170875,170886,170888,2,11
170875,170885,170889,4,10
170875,170885,170889,4,10
170875,170885,170889,4,10
170875,170885,170889,4,10
170875,170887,170889,2,12
170875,170887,170889,2,12
170875,170886,170890,4,11
170875,170886,170889,3,11
170875,170886,170889,3,11
170875,170887,170889,2,12
170875,170886,170889,3,11
170875,170885,170889,4,10
170875,170886,170889,3,11
170875,170886,170890,4,11
170875,170885,170889,4,10
170875,170887,170890,3,12
170875,170885,170890,5,10
170875,170886,170890,4,11
170875,170886,170889,3,11
170875,170886,170890,4,11
170875,170886,170890,4,11
170875,170887,170890,3,12
170875,170888,170890,2,13
170875,170886,170890,4,11
170875,170886,170890,4,11
170875,170887,170890,3,12
170875,170886,170890,4,11
170875,170887,170890,3,12
170875,170887,170891,4,12
170875,170887,170891,4,12
170875,170886,170891,5,11
170875,170886,170891,5,11
170875,170888,170892,4,13
170875,170888,170891,3,13
170875,170888,170891,3,13
170875,170887,170891,4,12
170875,170887,170891,4,12
170875,170887,170891,4,12
170875,170889,170892,3,14
170875,170889,170892,3,14
170875,170889,170892,3,14
170875,170890,170892,2,15
170875,170889,170893,4,14
170875,170875,170878,3,0
170875,170890,170893,3,15
170875,170890,170893,3,15
170875,170890,170893,3,15
170875,170890,170894,4,15
170875,170890,170893,3,15
170875,170890,170893,3,15
170875,170891,170893,2,16
170875,170890,170894,4,15
170875,170890,170894,4,15
170875,170890,170894,4,15
170875,170890,170894,4,15
170875,170890,170894,4,15
170875,170891,170895,4,16
170875,170890,170894,4,15
170875,170891,170894,3,16
170875,170890,170894,4,15
170875,170890,170894,4,15
170875,170890,170895,5,15
170875,170890,170894,4,15
170875,170891,170894,3,16
170875,170890,170894,4,15
170875,170890,170894,4,15
170875,170891,170895,4,16
170875,170891,170894,3,16
170875,170891,170895,4,16
170875,170892,170895,3,17
170875,170892,170895,3,17
170875,170890,170895,5,15
170875,170891,170895,4,16
170875,170894,170895,1,19
170875,170892,170895,3,17
170875,170892,170895,3,17
170875,170893,170895,2,18
170875,170892,170895,3,17
170875,170891,170896,5,16
170875,170892,170895,3,17
170875,170892,170895,3,17
170875,170892,170896,4,17
170875,170892,170896,4,17
169991,169999,170896,897,8
170875,170893,170896,3,18
170875,170894,170896,2,19
170875,170893,170896,3,18
170875,170893,170896,3,18
170875,170894,170896,2,19
170875,170893,170896,3,18
170875,170894,170897,3,19
170875,170894,170897,3,19
170875,170894,170897,3,19
170875,170893,170897,4,18
170875,170895,170898,3,20
170875,170894,170897,3,19
170875,170895,170898,3,20
170875,170895,170898,3,20
170875,170895,170898,3,20
170875,170895,170898,3,20
170875,170895,170898,3,20
170875,170894,170898,4,19
170875,170895,170898,3,20
170875,170895,170898,3,20
170875,170894,170898,4,19
170875,170895,170898,3,20
170875,170896,170898,2,21
170875,170895,170898,3,20
170875,170895,170899,4,20
170875,170895,170899,4,20
170885,170896,170899,3,11
170875,170895,170899,4,20
170885,170896,170899,3,11
170875,170895,170898,3,20
170875,170895,170899,4,20
170875,170895,170899,4,20
170875,170895,170899,4,20
170875,170895,170899,4,20
170875,170895,170899,4,20
170875,170895,170899,4,20
170875,170896,170899,3,21
170885,170897,170900,3,12
170885,170897,170900,3,12
170885,170896,170899,3,11
170885,170896,170899,3,11
170885,170896,170900,4,11
170885,170897,170900,3,12
170885,170898,170900,2,13
170885,170896,170900,4,11
170885,170897,170899,2,12
170885,170897,170899,2,12
170885,170898,170900,2,13
170885,170896,170900,4,11
170885,170897,170900,3,12
170885,170898,170900,2,13
170885,170897,170900,3,12
170885,170897,170900,3,12
170885,170898,170900,2,13
170885,170898,170901,3,13
170885,170899,170901,2,14
170885,170898,170901,3,13
170885,170899,170901,2,14
170885,170897,170900,3,12
170885,170898,170901,3,13
170885,170899,170901,2,14
170885,170898,170901,3,13
170885,170898,170901,3,13
170885,170898,170901,3,13
170885,170899,170901,2,14
170885,170898,170901,3,13
170885,170897,170901,4,12
170885,170899,170901,2,14
170885,170898,170901,3,13
170885,170899,170902,3,14
170885,170899,170902,3,14
170885,170899,170903,4,14
170885,170899,170902,3,14
170885,170900,170903,3,15
170885,170899,170903,4,14
170885,170900,170903,3,15
170885,170899,170904,5,14
170885,170899,170903,4,14
170885,170900,170904,4,15
170885,170900,170904,4,15
170885,170900,170904,4,15
170885,170900,170904,4,15
170885,170900,170904,4,15
170885,170901,170904,3,16
170885,170900,170904,4,15
170885,170900,170904,4,15
170885,170901,170903,2,16
170885,170901,170904,3,16
170885,170900,170904,4,15
170885,170900,170904,4,15
170885,170900,170904,4,15
170885,170901,170904,3,16
170885,170901,170904,3,16
170885,170902,170904,2,17
170885,170902,170904,2,17
170885,170901,170904,3,16
170885,170901,170904,3,16
170885,170902,170904,2,17
170885,170900,170905,5,15
170885,170902,170904,2,17
170885,170901,170905,4,16
170885,170901,170904,3,16
170885,170901,170905,4,16
170885,170902,170905,3,17
170885,170901,170905,4,16
170885,170900,170904,4,15
170885,170900,170905,5,15
170885,170902,170905,3,17
170885,170901,170905,4,16
170885,170901,170905,4,16
170885,170902,170905,3,17
170885,170902,170905,3,17
170885,170903,170905,2,18
170885,170903,170905,2,18
170885,170904,170906,2,19
170885,170904,170907,3,19
170885,170905,170907,2,20
170885,170903,170907,4,18
170885,170903,170907,4,18
170885,170904,170907,3,19
170885,170904,170907,3,19
170885,170904,170907,3,19
170885,170904,170907,3,19
170885,170905,170907,2,20
170885,170905,170907,2,20
170885,170905,170907,2,20
170885,170905,170907,2,20
170885,170905,170908,3,20
170885,170905,170908,3,20
170885,170905,170907,2,20
170885,170906,170908,2,21
170885,170904,170907,3,19
170885,170904,170907,3,19
170885,170904,170907,3,19
170885,170904,170908,4,19
170885,170904,170908,4,19
170885,170906,170909,3,21
170885,170906,170908,2,21
170885,170906,170908,2,21
170885,170906,170908,2,21
170885,170905,170909,4,20
170885,170906,170908,2,21
170885,170905,170908,3,20
170885,170905,170908,3,20
170885,170905,170908,3,20
170885,170905,170908,3,20
170885,170905,170908,3,20
170885,170906,170908,2,21
170885,170904,170908,4,19
170885,170905,170908,3,20
170885,170906,170909,3,21
170885,170906,170908,2,21
170885,170906,170909,3,21
170885,170906,170909,3,21
170885,170905,170910,5,20
170091,170099,170909,810,8
170054,170065,170938,873,11
170944,170944,170946,2,0
170944,170944,170947,3,0
170944,170944,170947,3,0
170944,170944,170947,3,0
170944,170944,170947,3,0
170944,170944,170946,2,0
170944,170944,170947,3,0
170944,170944,170947,3,0
170944,170944,170947,3,0
170944,170944,170948,4,0
170944,170944,170948,4,0
170944,170944,170948,4,0
170944,170944,170947,3,0
170944,170944,170948,4,0
170944,170944,170948,4,0
170944,170944,170948,4,0
170944,170944,170947,3,0
170944,170944,170948,4,0
170944,170944,170948,4,0
170944,170944,170948,4,0
170944,170944,170949,5,0
170944,170944,170949,5,0
170944,170944,170949,5,0
170944,170944,170949,5,0
170944,170944,170948,4,0
170944,170944,170949,5,0
170944,170944,170948,4,0
170944,170944,170949,5,0
170944,170944,170949,5,0
170944,170944,170949,5,0
170944,170946,170951,5,2
170944,170947,170951,4,3
170944,170947,170951,4,3
170944,170947,170951,4,3
170944,170948,170952,4,4
170944,170947,170952,5,3
170944,170948,170952,4,4
170944,170949,170952,3,5
170944,170949,170952,3,5
170944,170947,170952,5,3
170944,170948,170952,4,4
170944,170948,170952,4,4
170944,170948,170952,4,4
170944,170947,170952,5,3
170944,170948,170953,5,4
170944,170948,170953,5,4
170944,170949,170953,4,5
170944,170947,170953,6,3
170944,170949,170953,4,5
170944,170948,170953,5,4
170944,170948,170953,5,4
170944,170948,170953,5,4
170944,170948,170953,5,4
170944,170948,170953,5,4
170944,170950,170953,3,6
170944,170950,170953,3,6
170944,170950,170954,4,6
170944,170950,170953,3,6
170944,170950,170953,3,6
170944,170952,170954,2,8
170944,170950,170954,4,6
170944,170952,170954,2,8
170944,170952,170954,2,8
170944,170952,170955,3,8
170944,170951,170956,5,7
170944,170953,170956,3,9
170944,170953,170955,2,9
170944,170953,170955,2,9
170944,170953,170955,2,9
170944,170953,170956,3,9
170944,170953,170956,3,9
170944,170952,170956,4,8
170944,170953,170956,3,9
170944,170953,170956,3,9
170944,170954,170956,2,10
170944,170953,170957,4,9
170944,170953,170956,3,9
170944,170954,170957,3,10
170944,170953,170957,4,9
170944,170954,170957,3,10
170944,170954,170957,3,10
170944,170954,170957,3,10
170944,170954,170957,3,10
170944,170954,170957,3,10
170944,170954,170957,3,10
170944,170955,170957,2,11
170944,170955,170958,3,11
170944,170954,170957,3,10
170944,170954,170958,4,10
170944,170955,170958,3,11
170944,170956,170958,2,12
170944,170956,170958,2,12
170944,170954,170958,4,10
170944,170955,170958,3,11
170944,170954,170958,4,10
170944,170956,170958,2,12
170944,170955,170959,4,11
170944,170955,170959,4,11
170944,170956,170959,3,12
170944,170957,170959,2,13
170944,170957,170960,3,13
170944,170957,170959,2,13
170944,170956,170960,4,12
170944,170957,170960,3,13
170944,170956,170959,3,12
170944,170957,170959,2,13
170944,170955,170960,5,11
170944,170957,170960,3,13
170944,170957,170960,3,13
170944,170957,170961,4,13
170944,170958,170961,3,14
170944,170960,170961,1,16
170944,170958,170962,4,14
170944,170958,170962,4,14
170944,170958,170961,3,14
170944,170958,170962,4,14
170944,170958,170961,3,14
170944,170960,170961,1,16
170944,170960,170962,2,16
170944,170958,170961,3,14
170944,170958,170962,4,14
170944,170958,170961,3,14
170944,170959,170963,4,15
170944,170958,170963,5,14
170944,170958,170963,5,14
170944,170959,170963,4,15
170944,170958,170962,4,14
170944,170960,170963,3,16
170944,170960,170963,3,16
170944,170960,170963,3,16
170944,170959,170963,4,15
170944,170959,170963,4,15
170944,170959,170964,5,15
170944,170959,170964,5,15
170944,170960,170963,3,16
170944,170958,170964,6,14
170944,170960,170964,4,16
170944,170959,170964,5,15
170944,170959,170964,5,15
170944,170960,170964,4,16
170944,170962,170965,3,18
170944,170962,170965,3,18
170944,170962,170965,3,18
170944,170962,170965,3,18
170944,170962,170965,3,18
170944,170963,170965,2,19
170944,170961,170965,4,17
170944,170964,170965,1,20
170944,170961,170966,5,17
170944,170962,170965,3,18
170944,170962,170966,4,18
170944,170962,170966,4,18
170944,170963,170966,3,19
170944,170963,170965,2,19
170944,170962,170966,4,18
170944,170961,170967,6,17
170944,170962,170966,4,18
170944,170964,170967,3,20
170944,170962,170967,5,18
170944,170964,170967,3,20
170944,170963,170967,4,19
170944,170961,170966,5,17
170944,170963,170968,5,19
170944,170964,170968,4,20
170944,170963,170968,5,19
170944,170963,170968,5,19
170944,170964,170968,4,20
170944,170964,170968,4,20
170944,170964,170968,4,20
170944,170967,170968,1,23
170944,170964,170969,5,20
170944,170965,170969,4,21
170944,170964,170969,5,20
170944,170964,170968,4,20
170944,170965,170969,4,21
170944,170965,170969,4,21
170944,170965,170968,3,21
170944,170964,170969,5,20
170944,170965,170969,4,21
170944,170964,170969,5,20
170944,170967,170970,3,23
170944,170966,170970,4,22
170944,170966,170969,3,22
170944,170967,170970,3,23
170944,170967,170970,3,23
170944,170964,170969,5,20
170944,170966,170970,4,22
170944,170964,170970,6,20
170944,170966,170970,4,22
170944,170967,170970,3,23
170944,170965,170970,5,21
170944,170966,170970,4,22
170944,170966,170969,3,22
170944,170966,170970,4,22
170944,170967,170970,3,23
170944,170967,170971,4,23
170944,170967,170971,4,23
170944,170967,170970,3,23
170944,170964,170970,6,20
170944,170968,170971,3,24
170944,170967,170971,4,23
170944,170966,170970,4,22
170944,170967,170971,4,23
170944,170967,170971,4,23
170944,170968,170971,3,24
170944,170967,170971,4,23
170944,170968,170972,4,24
170944,170968,170972,4,24
170944,170968,170972,4,24
170944,170968,170972,4,24
170944,170969,170972,3,25
170944,170969,170972,3,25
170944,170969,170973,4,25
170944,170970,170973,3,26
170944,170970,170973,3,26
170944,170969,170973,4,25
170944,170969,170973,4,25
170944,170969,170973,4,25
170944,170969,170973,4,25
170944,170969,170973,4,25
170944,170969,170973,4,25
170944,170969,170973,4,25
170944,170969,170973,4,25
170944,170970,170973,3,26
170944,170970,170973,3,26
170944,170971,170973,2,27
170944,170970,170973,3,26
170944,170971,170974,3,27
170944,170970,170974,4,26
170944,170970,170974,4,26
170944,170970,170974,4,26
170944,170969,170974,5,25
170944,170970,170974,4,26
170944,170971,170974,3,27
170944,170970,170974,4,26
170944,170971,170974,3,27
170944,170971,170974,3,27
170944,170971,170974,3,27
170944,170971,170974,3,27
170955,170972,170976,4,17
170955,170974,170975,1,19
170955,170974,170975,1,19
170955,170974,170975,1,19
170955,170974,170975,1,19
170944,170971,170975,4,27
170955,170972,170975,3,17
170955,170971,170976,5,16
170955,170971,170976,5,16
170955,170972,170976,4,17
170955,170974,170976,2,19
170955,170972,170976,4,17
170955,170972,170976,4,17
170955,170974,170976,2,19
170955,170973,170977,4,18
170955,170974,170976,2,19
170955,170974,170977,3,19
170955,170971,170977,6,16
170955,170972,170977,5,17
170955,170974,170977,3,19
170955,170973,170978,5,18
170955,170974,170977,3,19
170955,170973,170977,4,18
170955,170973,170977,4,18
170955,170973,170977,4,18
170955,170974,170978,4,19
170955,170975,170978,3,20
170955,170973,170977,4,18
170955,170973,170978,5,18
170955,170973,170978,5,18
170955,170975,170978,3,20
170955,170975,170978,3,20
170955,170973,170978,5,18
170955,170975,170978,3,20
170955,170975,170979,4,20
170955,170976,170979,3,21
170955,170975,170978,3,20
170955,170975,170978,3,20
170955,170974,170978,4,19
170955,170975,170979,4,20
170955,170973,170979,6,18
170955,170974,170979,5,19
170955,170975,170979,4,20
170955,170976,170980,4,21
170955,170976,170979,3,21
170955,170976,170979,3,21
170955,170976,170980,4,21
170955,170976,170980,4,21
170955,170977,170981,4,22
170955,170977,170980,3,22
170955,170977,170980,3,22
170955,170976,170980,4,21
170955,170977,170980,3,22
170955,170977,170981,4,22
170955,170977,170981,4,22
170955,170977,170981,4,22
170955,170977,170981,4,22
170955,170979,170982,3,24
170955,170978,170981,3,23
170955,170978,170981,3,23
170955,170978,170981,3,23
170955,170978,170981,3,23
170955,170977,170982,5,22
170955,170978,170981,3,23
170955,170978,170981,3,23
170955,170978,170982,4,23
170955,170979,170982,3,24
170955,170979,170982,3,24
170955,170977,170981,4,22
170955,170978,170982,4,23
170955,170979,170982,3,24
170955,170979,170981,2,24
170955,170977,170982,5,22
170955,170980,170982,2,25
170955,170979,170982,3,24
170955,170979,170982,3,24
170955,170979,170983,4,24
170955,170978,170982,4,23
170955,170980,170983,3,25
170955,170980,170983,3,25
170955,170979,170982,3,24
170955,170978,170983,5,23
170955,170980,170983,3,25
170955,170981,170984,3,26
170955,170981,170983,2,26
170955,170979,170983,4,24
170955,170981,170983,2,26
170955,170979,170983,4,24
170955,170980,170983,3,25
170955,170980,170984,4,25
170955,170979,170983,4,24
170955,170980,170984,4,25
170955,170980,170984,4,25
170955,170982,170985,3,27
170955,170981,170985,4,26
170955,170982,170985,3,27
170955,170981,170985,4,26
170955,170982,170985,3,27
170955,170981,170985,4,26
170955,170981,170985,4,26
170955,170982,170986,4,27
170955,170983,170986,3,28
170955,170982,170985,3,27
170955,170983,170986,3,28
170955,170982,170986,4,27
170955,170982,170985,3,27
170955,170982,170986,4,27
170955,170982,170985,3,27
170955,170982,170986,4,27
170955,170983,170986,3,28
170955,170983,170986,3,28
170955,170981,170985,4,26
170955,170982,170986,4,27
170955,170982,170986,4,27
170955,170982,170986,4,27
170955,170981,170986,5,26
170955,170983,170986,3,28
170955,170983,170986,3,28
170955,170983,170986,3,28
170955,170982,170986,4,27
170955,170982,170986,4,27
170163,170174,171040,866,11
170138,170147,171042,895,9
170156,170164,171045,881,8
171042,171042,171044,2,0
171042,171042,171045,3,0
171042,171042,171045,3,0
171042,171042,171045,3,0
171042,171042,171045,3,0
171042,171042,171046,4,0
171042,171042,171046,4,0
171042,171042,171045,3,0
171042,171042,171045,3,0
171042,171042,171046,4,0
171042,171042,171045,3,0
171042,171042,171046,4,0
171042,171042,171045,3,0
171042,171042,171045,3,0
171042,171042,171045,3,0
171042,171042,171046,4,0
171042,171042,171046,4,0
171042,171042,171046,4,0
171042,171042,171045,3,0
171042,171042,171046,4,0
171042,171042,171045,3,0
171042,171043,171046,3,1
171042,171042,171046,4,0
171042,171042,171045,3,0
171042,171042,171045,3,0
171042,171043,171045,2,1
171042,171043,171046,3,1
171042,171042,171046,4,0
171042,171042,171046,4,0
171042,171042,171046,4,0
171042,171042,171047,5,0
171042,171042,171046,4,0
171042,171042,171046,4,0
171042,171042,171046,4,0
171042,171042,171046,4,0
171042,171042,171046,4,0
171042,171042,171046,4,0
171042,171042,171046,4,0
171042,171042,171046,4,0
171042,171043,171046,3,1
171042,171043,171047,4,1
171042,171043,171047,4,1
171042,171045,171048,3,3
171042,171046,171049,3,4
171042,171046,171049,3,4
171042,171046,171049,3,4
171042,171046,171049,3,4
171042,171046,171049,3,4
171042,171045,171049,4,3
171042,171045,171048,3,3
171042,171045,171048,3,3
171042,171045,171048,3,3
171042,171046,171049,3,4
171042,171046,171049,3,4
171042,171046,171049,3,4
171042,171046,171049,3,4
171042,171046,171049,3,4
171042,171046,171050,4,4
171042,171046,171049,3,4
171042,171047,171049,2,5
171042,171046,171050,4,4
171042,171046,171049,3,4
171042,171046,171049,3,4
171042,171046,171049,3,4
171042,171046,171049,3,4
171042,171046,171049,3,4
171042,171046,171049,3,4
171042,171046,171049,3,4
171042,171047,171050,3,5
171042,171047,171050,3,5
171042,171046,171050,4,4
171042,171046,171049,3,4
171042,171046,171049,3,4
171042,171047,171050,3,5
171042,171047,171050,3,5
171042,171047,171050,3,5
171042,171047,171050,3,5
171042,171047,171050,3,5
171042,171047,171050,3,5
171042,171047,171051,4,5
171042,171047,171050,3,5
171042,171047,171050,3,5
171042,171047,171050,3,5
171042,171048,171051,3,6
171042,171047,171050,3,5
171042,171047,171051,4,5
171042,171049,171052,3,7
171042,171050,171052,2,8
171042,171049,171052,3,7
171042,171049,171052,3,7
171042,171049,171052,3,7
171042,171049,171052,3,7
171042,171049,171051,2,7
171042,171049,171051,2,7
171042,171049,171052,3,7
171042,171050,171052,2,8
171042,171050,171052,2,8
171042,171050,171053,3,8
171042,171050,171053,3,8
171042,171050,171053,3,8
171042,171050,171052,2,8
171042,171050,171053,3,8
171042,171050,171052,2,8
171042,171049,171053,4,7
171042,171050,171053,3,8
171042,171049,171053,4,7
171042,171050,171053,3,8
171042,171050,171053,3,8
171042,171050,171053,3,8
171042,171049,171053,4,7
171042,171050,171053,3,8
171042,171050,171053,3,8
171042,171050,171053,3,8
171042,171050,171053,3,8
171042,171051,171053,2,9
171042,171050,171054,4,8
171042,171050,171054,4,8
171042,171050,171054,4,8
171042,171050,171054,4,8
171042,171049,171054,5,7
171045,171053,171055,2,8
171045,171053,171055,2,8
171045,171051,171056,5,6
171045,171051,171055,4,6
171045,171053,171056,3,8
171045,171052,171056,4,7
171045,171052,171056,4,7
171045,171052,171056,4,7
171045,171054,171056,2,9
171045,171054,171056,2,9
171045,171053,171056,3,8
171045,171053,171056,3,8
171045,171051,171056,5,6
171045,171051,171056,5,6
171045,171051,171056,5,6
171045,171053,171056,3,8
171045,171054,171056,2,9
171045,171051,171056,5,6
171045,171054,171056,2,9
171045,171054,171056,2,9
171045,171053,171057,4,8
171045,171054,171057,3,9
171045,171054,171057,3,9
171045,171053,171057,4,8
171045,171053,171057,4,8
171045,171052,171057,5,7
171045,171052,171057,5,7
171045,171052,171057,5,7
171045,171053,171057,4,8
171045,171054,171057,3,9
171045,171052,171057,5,7
171045,171053,171057,4,8
171045,171054,171057,3,9
171045,171051,171057,6,6
171045,171054,171057,3,9
171045,171054,171057,3,9
171045,171055,171058,3,10
171045,171052,171058,6,7
171045,171057,171058,1,12
171045,171057,171058,1,12
171045,171057,171058,1,12
171045,171055,171058,3,10
171045,171057,171058,1,12
171045,171057,171059,2,12
171045,171052,171058,6,7
171045,171054,171058,4,9
171045,171057,171058,1,12
171045,171054,171058,4,9
171045,171054,171059,5,9
171045,171055,171059,4,10
171045,171057,171060,3,12
171045,171057,171060,3,12
171045,171056,171060,4,11
171045,171057,171061,4,12
171045,171057,171061,4,12
171045,171058,171060,2,13
171045,171058,171061,3,13
171045,171057,171060,3,12
171045,171057,171061,4,12
171045,171057,171061,4,12
171045,171056,171061,5,11
171045,171056,171061,5,11
171045,171057,171061,4,12
171045,171058,171062,4,13
171045,171059,171061,2,14
171045,171059,171061,2,14
171045,171057,171061,4,12
171045,171058,171062,4,13
171045,171057,171061,4,12
171045,171057,171061,4,12
171045,171057,171061,4,12
171045,171058,171061,3,13
171045,171056,171062,6,11
171045,171058,171062,4,13
171045,171058,171062,4,13
171045,171059,171063,4,14
171045,171058,171062,4,13
171045,171058,171063,5,13
171045,171059,171062,3,14
171045,171059,171062,3,14
171045,171059,171063,4,14
171045,171059,171063,4,14
171045,171058,171063,5,13
171045,171060,171063,3,15
171045,171059,171063,4,14
171045,171059,171063,4,14
171045,171058,171063,5,13
171045,171059,171063,4,14
171045,171059,171064,5,14
171045,171059,171063,4,14
171045,171058,171063,5,13
171045,171059,171063,4,14
171045,171060,171064,4,15
171045,171060,171063,3,15
171045,171061,171064,3,16
171045,171061,171064,3,16
171045,171061,171065,4,16
171045,171061,171065,4,16
171045,171061,171065,4,16
171045,171062,171065,3,17
171045,171062,171065,3,17
171045,171062,171065,3,17
171045,171063,171066,3,18
171045,171061,171065,4,16
171045,171061,171065,4,16
171045,171062,171066,4,17
171045,171062,171066,4,17
171045,171062,171066,4,17
171045,171061,171066,5,16
171045,171062,171066,4,17
171045,171062,171066,4,17
171045,171062,171066,4,17
171045,171062,171066,4,17
171045,171063,171067,4,18
171045,171063,171067,4,18
171045,171063,171066,3,18
171045,171063,171066,3,18
171045,171063,171066,3,18
171045,171062,171066,4,17
171045,171062,171066,4,17
171049,171063,171067,4,14
171049,171064,171068,4,15
171049,171063,171068,5,14
171049,171064,171068,4,15
171049,171064,171069,5,15
171049,171066,171069,3,17
171049,171064,171069,5,15
171049,171064,171069,5,15
171049,171064,171068,4,15
171049,171064,171068,4,15
171049,171063,171069,6,14
171049,171064,171069,5,15
171049,171065,171068,3,16
171049,171065,171069,4,16
171049,171065,171069,4,16
171049,171065,171069,4,16
171049,171066,171069,3,17
171049,171066,171069,3,17
171049,171067,171070,3,18
171049,171065,171069,4,16
171049,171066,171069,3,17
171049,171064,171070,6,15
171049,171067,171069,2,18
171049,171067,171069,2,18
171049,171066,171069,3,17
171049,171064,171070,6,15
171049,171067,171069,2,18
171049,171064,171069,5,15
171049,171067,171070,3,18
171049,171064,171069,5,15
171049,171066,171070,4,17
171049,171066,171070,4,17
171049,171067,171071,4,18
171049,171067,171070,3,18
171049,171069,171071,2,20
171049,171069,171071,2,20
171049,171069,171071,2,20
171049,171067,171071,4,18
171049,171069,171071,2,20
171049,171066,171071,5,17
171049,171066,171071,5,17
171049,171068,171071,3,19
171049,171069,171071,2,20
171049,171069,171071,2,20
171049,171069,171071,2,20
171049,171066,171071,5,17
171049,171067,171071,4,18
171049,171067,171071,4,18
171049,171067,171071,4,18
171049,171069,171072,3,20
171049,171068,171071,3,19
171049,171069,171072,3,20
171049,171069,171073,4,20
171049,171069,171073,4,20
171049,171070,171074,4,21
171049,171070,171074,4,21
171049,171069,171073,4,20
171049,171070,171074,4,21
171049,171071,171074,3,22
171049,171071,171074,3,22
171049,171071,171074,3,22
171049,171071,171074,3,22
171049,171070,171074,4,21
171049,171070,171074,4,21
171049,171070,171075,5,21
171049,171070,171074,4,21
171049,171070,171074,4,21
171049,171069,171074,5,20
171049,171070,171075,5,21
171049,171070,171074,4,21
171049,171070,171074,4,21
171049,171070,171075,5,21
171049,171070,171075,5,21
171049,171071,171075,4,22
171049,171071,171075,4,22
171049,171071,171075,4,22
171049,171071,171075,4,22
171049,171071,171075,4,22
171049,171070,171075,5,21
171049,171070,171075,5,21
171049,171070,171075,5,21
171049,171071,171075,4,22
171049,171071,171075,4,22
171049,171071,171076,5,22
171049,171070,171076,6,21
171049,171072,171076,4,23
171049,171071,171076,5,22
171049,171073,171076,3,24
171049,171072,171076,4,23
171049,171072,171076,4,23
171049,171072,171076,4,23
171049,171072,171076,4,23
171049,171073,171077,4,24
171049,171072,171076,4,23
171049,171074,171077,3,25
171049,171074,171078,4,25
171049,171074,171078,4,25
171049,171074,171078,4,25
171049,171074,171078,4,25
171049,171074,171078,4,25
171049,171074,171078,4,25
171049,171074,171078,4,25
171049,171075,171079,4,26
171049,171074,171078,4,25
171049,171074,171078,4,25
171049,171075,171079,4,26
171049,171075,171079,4,26
171049,171075,171078,3,26
171049,171075,171079,4,26
171049,171075,171079,4,26
171049,171075,171079,4,26
171049,171076,171079,3,27
171049,171076,171079,3,27
171049,171076,171079,3,27
171049,171076,171079,3,27
171049,171076,171079,3,27
171049,171076,171079,3,27
171049,171075,171079,4,26
171049,171075,171080,5,26
171049,171075,171079,4,26
170166,170185,171089,904,19
171100,171101,171104,3,1
171100,171101,171103,2,1
171100,171101,171103,2,1
171100,171101,171104,3,1
171100,171101,171103,2,1
171100,171101,171103,2,1
171100,171101,171103,2,1
171100,171101,171103,2,1
171100,171101,171103,2,1
171100,171101,171105,4,1
171100,171101,171104,3,1
171100,171101,171104,3,1
171100,171101,171104,3,1
171100,171101,171104,3,1
171100,171101,171104,3,1
171100,171101,171105,4,1
171100,171101,171104,3,1
171100,171101,171104,3,1
171100,171101,171104,3,1
171100,171101,171104,3,1
171100,171101,171104,3,1
171100,171101,171104,3,1
171100,171101,171105,4,1
171100,171101,171104,3,1
171100,171101,171104,3,1
171100,171101,171104,3,1
171100,171101,171104,3,1
171100,171101,171104,3,1
171100,171101,171105,4,1
171100,171101,171105,4,1
171100,171101,171105,4,1
171100,171101,171105,4,1
171100,171104,171106,2,4
171100,171101,171105,4,1
171100,171101,171105,4,1
171100,171104,171106,2,4
171100,171101,171105,4,1
171100,171104,171106,2,4
171100,171104,171107,3,4
171100,171105,171107,2,5
171100,171104,171107,3,4
171100,171104,171107,3,4
171100,171105,171108,3,5
171100,171105,171107,2,5
171100,171105,171108,3,5
171100,171104,171108,4,4
171100,171105,171109,4,5
171100,171105,171108,3,5
171100,171105,171108,3,5
171100,171105,171108,3,5
171100,171105,171108,3,5
171100,171105,171108,3,5
171100,171105,171108,3,5
171100,171104,171108,4,4
171100,171105,171108,3,5
171100,171105,171108,3,5
171100,171105,171108,3,5
171100,171105,171108,3,5
171100,171105,171108,3,5
171100,171105,171108,3,5
171100,171105,171108,3,5
171100,171105,171109,4,5
171100,171106,171109,3,6
171100,171106,171109,3,6
171100,171106,171109,3,6
171100,171106,171109,3,6
171100,171106,171109,3,6
171100,171106,171110,4,6
171100,171106,171109,3,6
171100,171107,171110,3,7
171100,171106,171109,3,6
171100,171106,171109,3,6
170224,170243,171110,867,19
171100,171108,171111,3,8
171100,171107,171110,3,7
171100,171108,171111,3,8
171100,171108,171111,3,8
171100,171108,171111,3,8
171100,171108,171110,2,8
171100,171109,171112,3,9
171100,171109,171112,3,9
171100,171108,171111,3,8
171100,171109,171112,3,9
171100,171109,171112,3,9
171100,171109,171112,3,9
171100,171109,171112,3,9
171100,171109,171111,2,9
171100,171109,171111,2,9
171100,171109,171112,3,9
171100,171109,171111,2,9
171100,171109,171111,2,9
171100,171110,171112,2,10
171100,171110,171113,3,10
171100,171109,171112,3,9
171100,171109,171112,3,9
171100,171109,171112,3,9
171100,171109,171113,4,9
171100,171109,171113,4,9
171100,171109,171112,3,9
171100,171110,171113,3,10
171100,171110,171113,3,10
171100,171110,171113,3,10
171100,171110,171113,3,10
171100,171111,171114,3,11
171100,171111,171114,3,11
171100,171111,171114,3,11
171100,171111,171114,3,11
171100,171111,171114,3,11
171100,171111,171114,3,11
171100,171111,171113,2,11
171100,171110,171114,4,10
171100,171110,171114,4,10
171100,171110,171114,4,10
171114,171115,171116,1,1
171114,171115,171117,2,1
171114,171115,171117,2,1
171114,171115,171117,2,1
171114,171115,171117,2,1
171114,171115,171117,2,1
171114,171115,171118,3,1
171114,171115,171118,3,1
171114,171115,171118,3,1
171114,171115,171118,3,1
171114,171115,171118,3,1
171114,171115,171118,3,1
171114,171115,171118,3,1
171114,171115,171118,3,1
171114,171115,171118,3,1
171114,171115,171119,4,1
171114,171115,171118,3,1
171114,171115,171118,3,1
171114,171115,171118,3,1
171114,171115,171118,3,1
171114,171115,171118,3,1
171114,171115,171118,3,1
171114,171115,171118,3,1
171114,171115,171118,3,1
171114,171115,171118,3,1
171114,171115,171118,3,1
171114,171115,171118,3,1
171100,171101,171105,4,1
171100,171101,171105,4,1
171100,171101,171104,3,1
171114,171115,171119,4,1
171114,171115,171119,4,1
171114,171115,171119,4,1
171114,171115,171119,4,1
171114,171115,171119,4,1
171114,171118,171120,2,4
171114,171118,171121,3,4
171114,171118,171120,2,4
171114,171118,171120,2,4
171114,171117,171120,3,3
171114,171118,171120,2,4
171114,171119,171121,2,5
171114,171119,171121,2,5
171114,171119,171121,2,5
171114,171119,171121,2,5
171114,171119,171122,3,5
171114,171119,171122,3,5
171114,171119,171122,3,5
171114,171118,171121,3,4
171114,171119,171122,3,5
171114,171119,171122,3,5
171114,171119,171122,3,5
171114,171119,171122,3,5
171114,171119,171122,3,5
171114,171119,171122,3,5
171114,171119,171122,3,5
171114,171119,171122,3,5
171114,171119,171123,4,5
171114,171119,171123,4,5
171114,171119,171122,3,5
171114,171119,171122,3,5
171114,171119,171122,3,5
171100,171120,171123,3,20
171114,171120,171124,4,6
171114,171120,171123,3,6
171114,171120,171124,4,6
171114,171120,171124,4,6
171114,171120,171123,3,6
171114,171120,171124,4,6
171114,171120,171124,4,6
171114,171121,171124,3,7
171114,171121,171123,2,7
171114,171121,171124,3,7
171114,171121,171125,4,7
171114,171121,171125,4,7
171114,171122,171125,3,8
171114,171122,171125,3,8
171114,171120,171124,4,6
171114,171121,171125,4,7
171114,171121,171125,4,7
171114,171122,171125,3,8
171114,171122,171125,3,8
171114,171123,171126,3,9
171114,171122,171125,3,8
171114,171122,171126,4,8
171114,171123,171126,3,9
171114,171122,171125,3,8
171114,171123,171126,3,9
171114,171123,171126,3,9
171114,171124,171126,2,10
171114,171123,171126,3,9
171114,171123,171126,3,9
171114,171123,171126,3,9
171114,171124,171126,2,10
171114,171124,171126,2,10
171114,171124,171126,2,10
171114,171123,171126,3,9
171114,171123,171126,3,9
171114,171123,171126,3,9
171114,171124,171126,2,10
171114,171124,171126,2,10
171114,171123,171126,3,9
171114,171124,171127,3,10
170239,170261,171126,865,22
171114,171123,171126,3,9
171114,171124,171127,3,10
171114,171123,171126,3,9
171114,171124,171127,3,10
171114,171124,171127,3,10
171114,171125,171127,2,11
171114,171125,171127,2,11
171114,171125,171128,3,11
171114,171125,171128,3,11
171114,171125,171128,3,11
171114,171125,171128,3,11
171114,171125,171128,3,11
171114,171125,171128,3,11
171114,171125,171128,3,11
171114,171126,171128,2,12
171114,171126,171128,2,12
171114,171126,171128,2,12
171114,171126,171129,3,12
171114,171126,171129,3,12
171114,171126,171128,2,12
171128,171128,171131,3,0
171128,171128,171131,3,0
171128,171129,171131,2,1
171128,171128,171132,4,0
171128,171128,171132,4,0
171128,171128,171132,4,0
171128,171128,171132,4,0
171128,171128,171132,4,0
171128,171128,171132,4,0
171128,171128,171132,4,0
171128,171128,171132,4,0
171128,171128,171132,4,0
171128,171128,171132,4,0
171128,171129,171132,3,1
171128,171128,171132,4,0
171128,171128,171132,4,0
171128,171128,171132,4,0
171128,171129,171132,3,1
171128,171128,171132,4,0
171128,171128,171131,3,0
171128,171128,171132,4,0
171128,171128,171133,5,0
171128,171128,171132,4,0
171128,171128,171132,4,0
171128,171130,171132,2,2
171128,171130,171132,2,2
171128,171128,171133,5,0
171100,171110,171113,3,10
171100,171110,171113,3,10
171100,171110,171113,3,10
171100,171110,171113,3,10
171128,171128,171132,4,0
171128,171128,171133,5,0
171128,171128,171133,5,0
171128,171128,171133,5,0
171128,171128,171133,5,0
171128,171128,171133,5,0
171128,171129,171133,4,1
171128,171128,171133,5,0
171128,171131,171133,2,3
171128,171128,171133,5,0
171128,171132,171134,2,4
171128,171133,171134,1,5
171128,171133,171135,2,5
171128,171133,171135,2,5
171128,171133,171136,3,5
171128,171133,171135,2,5
171128,171133,171136,3,5
171128,171132,171135,3,4
171128,171133,171135,2,5
171128,171133,171135,2,5
171128,171133,171136,3,5
171114,171133,171135,2,19
171128,171132,171136,4,4
171128,171132,171136,4,4
171128,171132,171136,4,4
171128,171133,171136,3,5
171128,171132,171136,4,4
171128,171134,171136,2,6
171128,171134,171136,2,6
171128,171133,171137,4,5
171128,171133,171136,3,5
171128,171133,171136,3,5
171128,171134,171136,2,6
171128,171133,171136,3,5
171128,171133,171136,3,5
171128,171134,171137,3,6
171128,171133,171136,3,5
171128,171133,171136,3,5
171128,171133,171137,4,5
171128,171133,171137,4,5
171128,171132,171137,5,4
171128,171133,171137,4,5
171128,171133,171137,4,5
171128,171134,171137,3,6
171128,171134,171138,4,6
171128,171134,171137,3,6
171128,171133,171138,5,5
171128,171133,171137,4,5
171128,171134,171138,4,6
171128,171136,171138,2,8
171128,171136,171139,3,8
171128,171136,171139,3,8
171128,171136,171139,3,8
171128,171136,171138,2,8
171128,171135,171138,3,7
171128,171136,171139,3,8
171128,171135,171138,3,7
171128,171136,171138,2,8
171128,171136,171138,2,8
171128,171136,171138,2,8
170213,170232,171139,907,19
171128,171137,171139,2,9
171128,171137,171139,2,9
171128,171137,171139,2,9
171128,171137,171140,3,9
171128,171137,171139,2,9
171128,171137,171139,2,9
171128,171137,171140,3,9
171128,171137,171140,3,9
171128,171136,171139,3,8
171128,171137,171140,3,9
171128,171137,171140,3,9
171128,171137,171140,3,9
171128,171137,171140,3,9
171128,171138,171140,2,10
171128,171138,171140,2,10
171128,171137,171140,3,9
171128,171138,171140,2,10
171128,171137,171140,3,9
171128,171137,171140,3,9
171128,171138,171140,2,10
171128,171137,171140,3,9
171128,171138,171141,3,10
171128,171138,171141,3,10
171128,171138,171141,3,10
171128,171137,171141,4,9
171128,171137,171141,4,9
171128,171139,171141,2,11
171128,171139,171141,2,11
171128,171139,171141,2,11
171128,171139,171141,2,11
171128,171137,171141,4,9
171128,171139,171141,2,11
171128,171132,171142,10,4
171128,171132,171144,12,4
170235,170253,171150,897,18
171175,171175,171178,3,0
171175,171175,171178,3,0
171175,171175,171177,2,0
171175,171175,171178,3,0
171175,171175,171179,4,0
171175,171175,171178,3,0
171175,171175,171178,3,0
171175,171175,171179,4,0
171175,171175,171179,4,0
171175,171175,171179,4,0
171175,171175,171179,4,0
171175,171175,171179,4,0
171175,171175,171179,4,0
171175,171175,171179,4,0
171175,171175,171179,4,0
171175,171175,171179,4,0
171175,171175,171179,4,0
171175,171175,171179,4,0
171175,171175,171179,4,0
171175,171175,171179,4,0
171175,171175,171179,4,0
171175,171175,171179,4,0
171175,171175,171179,4,0
171175,171175,171179,4,0
171175,171175,171179,4,0
171175,171175,171179,4,0
171175,171175,171179,4,0
171175,171175,171180,5,0
171175,171175,171180,5,0
171175,171175,171180,5,0
171175,171175,171180,5,0
171175,171175,171180,5,0
171175,171175,171180,5,0
171175,171178,171180,2,3
171175,171178,171180,2,3
171175,171179,171181,2,4
171175,171179,171182,3,4
171175,171179,171182,3,4
171175,171179,171182,3,4
171175,171180,171182,2,5
171175,171180,171183,3,5
171175,171178,171182,4,3
171175,171180,171182,2,5
171175,171180,171183,3,5
171175,171180,171182,2,5
171175,171180,171183,3,5
171175,171179,171183,4,4
171175,171179,171183,4,4
171175,171180,171183,3,5
171175,171180,171183,3,5
171175,171180,171183,3,5
171175,171180,171183,3,5
171175,171180,171183,3,5
171175,171178,171183,5,3
171175,171180,171183,3,5
171175,171180,171183,3,5
171175,171180,171183,3,5
171175,171180,171183,3,5
171175,171181,171183,2,6
171175,171180,171183,3,5
171175,171181,171184,3,6
171175,171180,171183,3,5
171175,171181,171184,3,6
171175,171181,171184,3,6
171175,171180,171184,4,5
171175,171181,171184,3,6
171175,171181,171184,3,6
171175,171181,171184,3,6
171175,171181,171184,3,6
171175,171183,171185,2,8
171175,171183,171186,3,8
171175,171183,171186,3,8
171175,171183,171186,3,8
171175,171183,171185,2,8
171175,171183,171185,2,8
171175,171183,171186,3,8
171175,171184,171186,2,9
171175,171184,171187,3,9
171175,171184,171187,3,9
171175,171184,171187,3,9
171175,171184,171187,3,9
171175,171184,171186,2,9
171175,171184,171186,2,9
171175,171184,171187,3,9
171175,171184,171186,2,9
171175,171183,171186,3,8
171175,171183,171186,3,8
171175,171184,171187,3,9
171175,171184,171186,2,9
171175,171184,171186,2,9
171175,171183,171187,4,8
171175,171184,171187,3,9
171175,171184,171187,3,9
171175,171185,171187,2,10
171175,171184,171187,3,9
171175,171185,171187,2,10
171175,171185,171187,2,10
171175,171185,171188,3,10
171175,171184,171187,3,9
171175,171185,171188,3,10
171175,171186,171188,2,11
171175,171186,171189,3,11
171175,171186,171188,2,11
171175,171184,171188,4,9
171175,171186,171188,2,11
171175,171186,171188,2,11
171175,171186,171188,2,11
171175,171186,171189,3,11
171175,171186,171188,2,11
171175,171186,171189,3,11
171175,171187,171189,2,12
171175,171187,171189,2,12
171186,171187,171190,3,1
171175,171187,171190,3,12
171175,171186,171189,3,11
171175,171186,171189,3,11
171186,171187,171190,3,1
171186,171187,171190,3,1
171186,171187,171190,3,1
171186,171187,171190,3,1
171186,171188,171191,3,2
171186,171187,171190,3,1
171186,171187,171190,3,1
171186,171187,171191,4,1
171186,171188,171191,3,2
171186,171187,171191,4,1
171186,171187,171191,4,1
171186,171188,171190,2,2
171186,171188,171191,3,2
171186,171188,171191,3,2
171186,171189,171191,2,3
171186,171189,171191,2,3
171186,171189,171192,3,3
171186,171189,171192,3,3
171186,171188,171192,4,2
171186,171190,171192,2,4
171186,171187,171192,5,1
171186,171188,171191,3,2
171186,171188,171193,5,2
171186,171190,171192,2,4
171186,171189,171192,3,3
171186,171190,171192,2,4
171186,171190,171192,2,4
171186,171189,171192,3,3
171186,171190,171192,2,4
171186,171190,171193,3,4
171186,171188,171193,5,2
171186,171189,171192,3,3
171186,171189,171193,4,3
171186,171190,171192,2,4
171186,171191,171193,2,5
171186,171189,171193,4,3
171186,171191,171193,2,5
171186,171191,171193,2,5
171186,171190,171193,3,4
171186,171192,171193,1,6
171186,171192,171194,2,6
171186,171190,171194,4,4
171186,171190,171194,4,4
171186,171189,171193,4,3
171186,171192,171194,2,6
171186,171191,171195,4,5
171186,171192,171195,3,6
171186,171191,171195,4,5
171186,171192,171195,3,6
171186,171192,171195,3,6
171186,171191,171195,4,5
171186,171192,171195,3,6
171186,171193,171196,3,7
171186,171193,171196,3,7
171186,171192,171196,4,6
171186,171191,171195,4,5
171186,171193,171195,2,7
171186,171191,171196,5,5
171186,171191,171196,5,5
171186,171191,171196,5,5
171186,171193,171197,4,7
171186,171194,171197,3,8
171186,171193,171197,4,7
171186,171193,171197,4,7
171186,171193,171197,4,7
171186,171193,171197,4,7
171186,171194,171197,3,8
171186,171192,171197,5,6
171186,171193,171197,4,7
171186,171194,171197,3,8
171186,171193,171197,4,7
171186,171193,171197,4,7
171186,171194,171197,3,8
171186,171194,171198,4,8
171186,171193,171197,4,7
171175,171195,171197,2,20
171186,171195,171198,3,9
171186,171195,171198,3,9
171186,171195,171198,3,9
171186,171193,171198,5,7
171186,171193,171198,5,7
171186,171195,171198,3,9
171186,171195,171198,3,9
170302,170336,171198,862,34
171186,171193,171198,5,7
171186,171193,171198,5,7
171186,171194,171198,4,8
171186,171195,171198,3,9
171186,171195,171198,3,9
171175,171195,171199,4,20
171186,171196,171198,2,10
171186,171196,171199,3,10
171186,171197,171199,2,11
171186,171196,171199,3,10
171186,171196,171199,3,10
171186,171195,171199,4,9
171186,171197,171199,2,11
171186,171197,171200,3,11
171186,171197,171200,3,11
171186,171197,171200,3,11
171175,171195,171200,5,20
171175,171195,171200,5,20
171175,171195,171199,4,20
171186,171196,171199,3,10
171186,171197,171200,3,11
171186,171196,171200,4,10
171186,171196,171200,4,10
171186,171198,171200,2,12
171186,171198,171200,2,12
171186,171198,171200,2,12
171186,171198,171200,2,12
171186,171198,171200,2,12
171186,171197,171201,4,11
171186,171199,171201,2,13
171186,171199,171201,2,13
171186,171199,171201,2,13
171186,171198,171201,3,12
171186,171198,171200,2,12
171186,171198,171200,2,12
171186,171197,171200,3,11
171186,171199,171201,2,13
171186,171198,171201,3,12
171186,171198,171201,3,12
171186,171198,171201,3,12
171186,171198,171201,3,12
171200,171201,171202,1,1
171200,171201,171202,1,1
171200,171201,171203,2,1
171200,171201,171203,2,1
171200,171201,171203,2,1
171200,171201,171203,2,1
171200,171201,171203,2,1
171200,171201,171203,2,1
171200,171201,171203,2,1
171200,171201,171203,2,1
171200,171200,171203,3,0
171200,171200,171204,4,0
171200,171200,171204,4,0
171200,171200,171204,4,0
171200,171200,171204,4,0
171200,171201,171204,3,1
171200,171200,171204,4,0
171200,171200,171203,3,0
171200,171200,171204,4,0
171200,171201,171203,2,1
171200,171200,171204,4,0
171200,171200,171204,4,0
171200,171200,171204,4,0
171200,171200,171204,4,0
171200,171200,171204,4,0
171200,171200,171204,4,0
171200,171201,171204,3,1
171200,171200,171204,4,0
171200,171200,171203,3,0
171200,171200,171204,4,0
171200,171200,171205,5,0
171200,171201,171205,4,1
171200,171201,171204,3,1
171200,171201,171204,3,1
171200,171200,171205,5,0
171200,171201,171205,4,1
171200,171200,171205,5,0
171200,171203,171205,2,3
171200,171200,171205,5,0
171200,171203,171206,3,3
171200,171204,171205,1,4
171200,171204,171205,1,4
171200,171202,171205,3,2
171200,171201,171206,5,1
171200,171202,171206,4,2
171200,171204,171206,2,4
171200,171204,171207,3,4
171200,171204,171207,3,4
171200,171203,171207,4,3
171200,171205,171208,3,5
171200,171206,171207,1,6
171200,171203,171207,4,3
171200,171205,171207,2,5
171200,171205,171207,2,5
171200,171206,171207,1,6
171200,171203,171207,4,3
171200,171203,171207,4,3
171200,171205,171208,3,5
171200,171204,171208,4,4
171200,171204,171208,4,4
171200,171205,171208,3,5
171200,171205,171208,3,5
171200,171204,171208,4,4
171200,171204,171208,4,4
171200,171203,171208,5,3
171200,171205,171208,3,5
171200,171205,171208,3,5
171200,171205,171208,3,5
171200,171205,171208,3,5
171200,171205,171208,3,5
171200,171205,171208,3,5
171200,171205,171208,3,5
171200,171205,171208,3,5
171200,171206,171208,2,6
171200,171205,171208,3,5
171200,171206,171209,3,6
171200,171206,171209,3,6
171200,171205,171209,4,5
171200,171204,171209,5,4
171200,171204,171209,5,4
171200,171207,171209,2,7
171200,171206,171209,3,6
171200,171206,171209,3,6
171200,171207,171209,2,7
171200,171206,171209,3,6
171200,171206,171209,3,6
171200,171207,171210,3,7
171200,171207,171210,3,7
171200,171207,171210,3,7
171200,171208,171210,2,8
171200,171208,171210,2,8
171200,171208,171210,2,8
171200,171208,171210,2,8
171200,171208,171211,3,8
171200,171209,171211,2,9
171200,171209,171212,3,9
171200,171209,171212,3,9
171200,171210,171212,2,10
171200,171209,171212,3,9
171200,171209,171211,2,9
171200,171209,171211,2,9
171200,171209,171211,2,9
171200,171208,171211,3,8
171200,171209,171212,3,9
171200,171208,171211,3,8
171200,171209,171211,2,9
171200,171209,171212,3,9
171200,171208,171211,3,8
171200,171208,171212,4,8
171200,171208,171211,3,8
171200,171209,171212,3,9
171200,171209,171212,3,9
171200,171209,171212,3,9
171200,171209,171212,3,9
171200,171209,171212,3,9
171200,171209,171212,3,9
171200,171209,171212,3,9
171200,171209,171212,3,9
171200,171209,171212,3,9
171200,171210,171213,3,10
170313,170354,171214,860,41
170323,170363,171243,880,40
171247,171247,171249,2,0
171247,171248,171249,1,1
171247,171248,171249,1,1
171247,171248,171249,1,1
171247,171248,171249,1,1
171247,171248,171250,2,1
171247,171248,171250,2,1
171247,171247,171250,3,0
171247,171247,171250,3,0
171247,171247,171250,3,0
171247,171248,171250,2,1
171247,171248,171250,2,1
171247,171247,171251,4,0
171247,171248,171250,2,1
171247,171248,171250,2,1
171247,171248,171251,3,1
171247,171248,171251,3,1
171247,171248,171251,3,1
171247,171247,171251,4,0
171247,171247,171252,5,0
171247,171247,171251,4,0
171247,171248,171251,3,1
171247,171247,171252,5,0
171247,171248,171252,4,1
171247,171248,171251,3,1
171247,171247,171251,4,0
171247,171247,171251,4,0
171247,171248,171251,3,1
171247,171248,171251,3,1
171247,171247,171251,4,0
171247,171247,171251,4,0
171247,171248,171252,4,1
171247,171248,171252,4,1
171247,171248,171252,4,1
171247,171247,171252,5,0
171247,171248,171252,4,1
171247,171251,171252,1,4
171247,171247,171252,5,0
171247,171250,171252,2,3
171247,171251,171252,1,4
171247,171250,171252,2,3
171247,171248,171252,4,1
171247,171248,171252,4,1
171247,171250,171253,3,3
171247,171251,171253,2,4
171247,171251,171254,3,4
171247,171251,171253,2,4
171247,171250,171254,4,3
171247,171250,171253,3,3
171247,171251,171254,3,4
171247,171253,171254,1,6
171247,171253,171254,1,6
171247,171252,171255,3,5
171247,171253,171254,1,6
171247,171253,171255,2,6
171247,171252,171254,2,5
171247,171252,171254,2,5
171247,171252,171255,3,5
171247,171252,171254,2,5
171247,171252,171255,3,5
171247,171251,171254,3,4
171247,171252,171255,3,5
171247,171251,171254,3,4
171247,171251,171254,3,4
171247,171252,171255,3,5
171247,171252,171255,3,5
171247,171253,171255,2,6
171247,171254,171255,1,7
171247,171252,171256,4,5
171247,171252,171256,4,5
171247,171253,171255,2,6
171247,171252,171256,4,5
171247,171252,171255,3,5
171247,171253,171256,3,6
171247,171253,171256,3,6
171247,171254,171256,2,7
171247,171253,171256,3,6
171247,171252,171255,3,5
171247,171253,171256,3,6
171247,171254,171256,2,7
171247,171254,171256,2,7
171247,171252,171256,4,5
171247,171253,171256,3,6
171247,171253,171256,3,6
171247,171252,171256,4,5
171247,171254,171256,2,7
171247,171254,171256,2,7
171247,171254,171256,2,7
171247,171255,171257,2,8
171247,171255,171257,2,8
171247,171255,171258,3,8
171247,171255,171258,3,8
171247,171255,171258,3,8
171247,171255,171258,3,8
171247,171255,171258,3,8
171247,171255,171257,2,8
171247,171255,171258,3,8
171247,171255,171257,2,8
171247,171255,171258,3,8
171247,171256,171258,2,9
171247,171256,171258,2,9
171247,171255,171258,3,8
171247,171256,171258,2,9
171247,171256,171258,2,9
171247,171255,171258,3,8
171247,171255,171258,3,8
171247,171256,171259,3,9
171247,171256,171258,2,9
171247,171256,171259,3,9
171247,171256,171259,3,9
171247,171256,171259,3,9
171247,171256,171259,3,9
171247,171255,171259,4,8
171247,171256,171259,3,9
171247,171256,171259,3,9
171247,171256,171259,3,9
171259,171259,171260,1,0
171259,171259,171261,2,0
171259,171259,171260,1,0
171259,171259,171261,2,0
171259,171260,171261,1,1
171259,171259,171262,3,0
171259,171260,171262,2,1
171259,171259,171261,2,0
171259,171259,171262,3,0
171259,171259,171261,2,0
171259,171260,171261,1,1
171259,171259,171261,2,0
171259,171259,171262,3,0
171259,171260,171262,2,1
171259,171259,171262,3,0
171259,171259,171262,3,0
171259,171260,171263,3,1
171259,171260,171262,2,1
171259,171260,171262,2,1
171259,171259,171262,3,0
171259,171259,171262,3,0
171259,171259,171262,3,0
171259,171259,171262,3,0
171259,171259,171263,4,0
171259,171259,171262,3,0
171259,171259,171262,3,0
171259,171259,171262,3,0
171259,171259,171262,3,0
171259,171259,171262,3,0
171259,171259,171262,3,0
171259,171259,171262,3,0
171259,171259,171262,3,0
171259,171259,171263,4,0
171259,171259,171262,3,0
171259,171259,171263,4,0
171259,171259,171263,4,0
171259,171261,171263,2,2
171259,171259,171263,4,0
171259,171261,171264,3,2
171259,171261,171264,3,2
171259,171262,171264,2,3
171259,171262,171265,3,3
171259,171262,171265,3,3
171259,171261,171265,4,2
171259,171262,171265,3,3
171259,171262,171265,3,3
171259,171263,171266,3,4
171259,171262,171265,3,3
171259,171263,171266,3,4
171259,171263,171266,3,4
171259,171263,171266,3,4
171259,171262,171266,4,3
171259,171262,171266,4,3
171259,171263,171266,3,4
171259,171263,171266,3,4
171259,171264,171266,2,5
171259,171264,171266,2,5
171247,171248,171250,2,1
171247,171248,171252,4,1
171247,171248,171252,4,1
171259,171263,171266,3,4
171259,171263,171266,3,4
171259,171263,171266,3,4
171259,171263,171266,3,4
171259,171263,171266,3,4
171259,171263,171266,3,4
171259,171263,171267,4,4
171259,171263,171267,4,4
171259,171265,171266,1,6
171259,171264,171267,3,5
171259,171265,171267,2,6
171259,171263,171267,4,4
171259,171264,171266,2,5
171259,171263,171266,3,4
171259,171263,171267,4,4
171259,171263,171266,3,4
171259,171263,171266,3,4
171259,171263,171267,4,4
171259,171263,171267,4,4
171259,171264,171268,4,5
171259,171263,171267,4,4
171259,171265,171267,2,6
171259,171265,171268,3,6
171259,171266,171268,2,7
171259,171265,171269,4,6
171259,171266,171268,2,7
171259,171266,171269,3,7
171259,171266,171269,3,7
171259,171265,171269,4,6
171259,171266,171269,3,7
171259,171266,171268,2,7
171259,171266,171269,3,7
171259,171267,171269,2,8
171259,171265,171269,4,6
171259,171267,171269,2,8
171259,171267,171269,2,8
171259,171267,171269,2,8
171259,171267,171269,2,8
171259,171266,171269,3,7
171259,171267,171269,2,8
171259,171267,171269,2,8
171259,171266,171270,4,7
171259,171267,171269,2,8
171259,171267,171270,3,8
171259,171267,171270,3,8
171259,171267,171270,3,8
171259,171267,171270,3,8
171259,171267,171270,3,8
171259,171267,171270,3,8
171259,171266,171269,3,7
171259,171267,171270,3,8
171259,171267,171270,3,8
171259,171266,171270,4,7
171259,171267,171270,3,8
171247,171267,171270,3,20
171259,171267,171270,3,8
171259,171267,171270,3,8
171259,171268,171271,3,9
171259,171267,171270,3,8
171259,171267,171270,3,8
171259,171268,171271,3,9
171259,171267,171270,3,8
171259,171268,171271,3,9
171259,171268,171271,3,9
170394,170410,171286,876,16
171294,171294,171297,3,0
171294,171294,171296,2,0
171294,171294,171296,2,0
171294,171294,171297,3,0
171294,171294,171297,3,0
171294,171294,171297,3,0
171294,171294,171297,3,0
171294,171294,171297,3,0
171294,171294,171297,3,0
171294,171294,171297,3,0
171294,171294,171297,3,0
171294,171294,171297,3,0
171294,171294,171298,4,0
171294,171294,171298,4,0
171294,171294,171297,3,0
171294,171294,171298,4,0
171294,171294,171297,3,0
171294,171294,171298,4,0
171294,171294,171298,4,0
171294,171294,171298,4,0
171294,171294,171297,3,0
171294,171294,171298,4,0
171294,171294,171297,3,0
171294,171294,171298,4,0
171294,171294,171297,3,0
171294,171294,171297,3,0
171294,171294,171298,4,0
171294,171294,171297,3,0
171294,171294,171298,4,0
171294,171294,171298,4,0
171294,171294,171298,4,0
171294,171294,171298,4,0
171294,171294,171297,3,0
171294,171294,171298,4,0
171294,171294,171298,4,0
171294,171294,171298,4,0
171294,171294,171298,4,0
171294,171294,171298,4,0
171294,171294,171298,4,0
171294,171294,171299,5,0
171294,171294,171298,4,0
171294,171297,171300,3,3
171294,171297,171300,3,3
171294,171298,171300,2,4
171294,171298,171300,2,4
171294,171297,171300,3,3
171294,171297,171300,3,3
171294,171297,171300,3,3
171294,171299,171301,2,5
171294,171298,171301,3,4
171294,171299,171301,2,5
171294,171299,171301,2,5
171294,171297,171301,4,3
171294,171297,171301,4,3
171294,171297,171301,4,3
171294,171297,171301,4,3
171294,171297,171301,4,3
171294,171298,171301,3,4
171294,171299,171301,2,5
171294,171298,171302,4,4
171294,171298,171302,4,4
171294,171298,171302,4,4
171294,171298,171302,4,4
171294,171298,171302,4,4
171294,171298,171302,4,4
171294,171298,171302,4,4
171294,171298,171301,3,4
171294,171298,171302,4,4
171294,171298,171302,4,4
171294,171298,171302,4,4
171294,171298,171302,4,4
171294,171298,171301,3,4
171294,171299,171302,3,5
171294,171298,171302,4,4
171294,171298,171302,4,4
171294,171298,171301,3,4
171294,171297,171302,5,3
171294,171298,171302,4,4
171294,171298,171302,4,4
171294,171299,171302,3,5
171294,171298,171303,5,4
171294,171300,171303,3,6
171294,171300,171303,3,6
171294,171301,171303,2,7
171294,171299,171303,4,5
171294,171300,171303,3,6
171294,171300,171303,3,6
171294,171302,171303,1,8
171294,171301,171304,3,7
171294,171300,171304,4,6
171294,171301,171303,2,7
171294,171301,171304,3,7
171294,171301,171304,3,7
171294,171301,171304,3,7
171294,171301,171304,3,7
171294,171300,171304,4,6
171294,171302,171305,3,8
171294,171301,171304,3,7
171294,171303,171304,1,9
171294,171302,171305,3,8
171294,171302,171305,3,8
171294,171302,171305,3,8
171294,171302,171305,3,8
171294,171302,171305,3,8
171294,171302,171305,3,8
171294,171302,171305,3,8
171294,171303,171305,2,9
171294,171301,171305,4,7
171294,171303,171305,2,9
171294,171303,171305,2,9
171294,171303,171305,2,9
171294,171303,171305,2,9
171294,171303,171305,2,9
171294,171303,171305,2,9
171294,171303,171305,2,9
171294,171302,171306,4,8
171294,171302,171305,3,8
171294,171302,171305,3,8
171294,171302,171306,4,8
171294,171303,171306,3,9
170441,170455,171317,862,14
171337,171338,171340,2,1
171337,171338,171340,2,1
171337,171338,171340,2,1
171337,171338,171341,3,1
171337,171338,171340,2,1
171337,171338,171340,2,1
171337,171338,171341,3,1
171337,171338,171340,2,1
171337,171338,171341,3,1
171337,171338,171341,3,1
171337,171338,171340,2,1
171337,171338,171341,3,1
171337,171338,171341,3,1
171337,171338,171341,3,1
171337,171338,171341,3,1
171337,171338,171341,3,1
171337,171338,171341,3,1
171337,171338,171341,3,1
171337,171338,171341,3,1
171337,171338,171341,3,1
171337,171338,171342,4,1
171337,171338,171341,3,1
171337,171338,171341,3,1
171337,171338,171341,3,1
171337,171338,171341,3,1
171337,171338,171341,3,1
171337,171338,171341,3,1
171337,171338,171341,3,1
171337,171338,171341,3,1
171337,171338,171341,3,1
171337,171338,171342,4,1
171337,171338,171341,3,1
171337,171338,171342,4,1
171337,171338,171342,4,1
171337,171338,171342,4,1
171337,171338,171343,5,1
171337,171338,171342,4,1
171337,171341,171344,3,4
171337,171342,171345,3,5
171337,171343,171344,1,6
171337,171341,171344,3,4
171337,171343,171344,1,6
171337,171343,171344,1,6
171337,171341,171344,3,4
171337,171342,171345,3,5
171337,171343,171344,1,6
171337,171341,171345,4,4
171337,171341,171345,4,4
171337,171342,171344,2,5
171337,171342,171344,2,5
171337,171341,171345,4,4
171337,171341,171344,3,4
171337,171342,171345,3,5
171337,171343,171344,1,6
171337,171341,171345,4,4
171337,171342,171346,4,5
171337,171342,171345,3,5
171337,171342,171345,3,5
171337,171342,171346,4,5
171337,171342,171346,4,5
171337,171342,171345,3,5
171337,171341,171345,4,4
171337,171342,171345,3,5
171337,171342,171346,4,5
171337,171342,171345,3,5
171337,171342,171346,4,5
171337,171342,171346,4,5
171337,171342,171346,4,5
171337,171342,171345,3,5
171337,171342,171346,4,5
171337,171341,171345,4,4
171337,171342,171346,4,5
171337,171342,171346,4,5
171337,171345,171347,2,8
171337,171345,171348,3,8
171337,171345,171348,3,8
171337,171345,171348,3,8
171337,171345,171348,3,8
171337,171345,171348,3,8
171337,171345,171348,3,8
171337,171345,171348,3,8
171337,171345,171347,2,8
171337,171345,171348,3,8
171337,171345,171347,2,8
171337,171346,171349,3,9
171337,171346,171349,3,9
171337,171346,171348,2,9
171337,171345,171349,4,8
171337,171346,171348,2,9
171337,171346,171349,3,9
171337,171345,171349,4,8
171337,171345,171348,3,8
171337,171346,171349,3,9
171337,171345,171348,3,8
171337,171346,171349,3,9
171337,171346,171349,3,9
171337,171346,171349,3,9
171337,171346,171349,3,9
171337,171346,171348,2,9
171337,171345,171348,3,8
171337,171345,171348,3,8
171337,171346,171349,3,9
171337,171347,171350,3,10
171337,171346,171349,3,9
171337,171346,171350,4,9
171337,171346,171350,4,9
171337,171346,171350,4,9
171337,171346,171349,3,9
171337,171348,171350,2,11
171337,171347,171350,3,10
171337,171348,171350,2,11
171337,171348,171350,2,11
171337,171348,171350,2,11
171337,171348,171350,2,11
171337,171348,171351,3,11
171337,171338,171341,3,1
171337,171338,171341,3,1
171337,171338,171341,3,1
171337,171338,171342,4,1
171337,171358,171361,3,21
170460,170466,171364,898,6
171385,171385,171388,3,0
171385,171385,171387,2,0
171385,171385,171388,3,0
171385,171385,171388,3,0
171385,171385,171388,3,0
171385,171385,171388,3,0
171385,171385,171388,3,0
171385,171385,171388,3,0
171385,171385,171389,4,0
171385,171385,171389,4,0
171385,171385,171388,3,0
171385,171385,171388,3,0
171385,171386,171388,2,1
171385,171386,171388,2,1
171385,171386,171388,2,1
171385,171386,171389,3,1
171385,171385,171388,3,0
171385,171385,171389,4,0
171385,171385,171389,4,0
171385,171385,171389,4,0
171385,171385,171389,4,0
171385,171385,171389,4,0
171385,171385,171388,3,0
171385,171385,171389,4,0
171385,171385,171388,3,0
171385,171385,171389,4,0
171385,171385,171388,3,0
171385,171385,171388,3,0
171385,171385,171388,3,0
171385,171385,171389,4,0
171385,171385,171389,4,0
171385,171385,171389,4,0
171385,171385,171389,4,0
171385,171385,171389,4,0
171385,171385,171389,4,0
171385,171385,171389,4,0
171385,171385,171389,4,0
171385,171385,171390,5,0
171385,171385,171389,4,0
171385,171385,171390,5,0
171385,171385,171390,5,0
171385,171388,171391,3,3
171385,171389,171391,2,4
171385,171388,171391,3,3
171385,171388,171391,3,3
171385,171390,171392,2,5
171385,171390,171391,1,5
171385,171390,171392,2,5
171385,171390,171392,2,5
171385,171388,171391,3,3
171385,171390,171392,2,5
171385,171388,171392,4,3
171385,171388,171392,4,3
171385,171388,171392,4,3
171385,171389,171392,3,4
171385,171389,171392,3,4
171385,171389,171392,3,4
171385,171389,171392,3,4
171385,171388,171392,4,3
171385,171389,171392,3,4
171385,171389,171393,4,4
171385,171389,171393,4,4
171385,171389,171393,4,4
171385,171389,171392,3,4
171385,171389,171393,4,4
171385,171389,171393,4,4
171385,171389,171393,4,4
171385,171389,171393,4,4
171385,171389,171392,3,4
171385,171389,171393,4,4
171385,171389,171393,4,4
171385,171389,171393,4,4
171385,171390,171393,3,5
171385,171389,171393,4,4
171385,171389,171393,4,4
171385,171390,171393,3,5
171385,171389,171394,5,4
171385,171389,171393,4,4
171385,171392,171394,2,7
171385,171389,171394,5,4
171385,171389,171393,4,4
171385,171390,171394,4,5
171385,171392,171395,3,7
171385,171392,171395,3,7
171385,171392,171395,3,7
171385,171389,171394,5,4
171385,171392,171395,3,7
171385,171392,171395,3,7
171385,171391,171395,4,6
171385,171391,171395,4,6
171385,171391,171395,4,6
171385,171392,171395,3,7
171385,171393,171396,3,8
171385,171391,171395,4,6
171385,171394,171396,2,9
171385,171393,171395,2,8
171385,171393,171395,2,8
171385,171393,171395,2,8
171385,171393,171396,3,8
171385,171393,171396,3,8
171385,171393,171396,3,8
171385,171393,171396,3,8
171385,171393,171396,3,8
171385,171394,171396,2,9
171385,171392,171396,4,7
171385,171394,171396,2,9
171385,171394,171396,2,9
171385,171394,171396,2,9
171385,171392,171396,4,7
171385,171394,171396,2,9
171385,171392,171396,4,7
171385,171393,171396,3,8
171385,171394,171396,2,9
171385,171393,171397,4,8
171385,171394,171397,3,9
171385,171394,171397,3,9
171385,171393,171397,4,8
171385,171393,171397,4,8
171385,171394,171397,3,9
171385,171394,171397,3,9
170545,170549,171439,890,4
171441,171441,171444,3,0
171441,171441,171443,2,0
171441,171441,171443,2,0
171441,171441,171444,3,0
171441,171441,171444,3,0
171441,171441,171445,4,0
171441,171441,171444,3,0
171441,171441,171445,4,0
171441,171441,171445,4,0
171441,171441,171444,3,0
171441,171441,171445,4,0
171441,171441,171445,4,0
171441,171441,171445,4,0
171441,171441,171444,3,0
171441,171441,171445,4,0
171441,171441,171445,4,0
171441,171441,171445,4,0
171441,171441,171444,3,0
171441,171441,171444,3,0
171441,171441,171444,3,0
171441,171441,171445,4,0
171441,171441,171444,3,0
171441,171441,171444,3,0
171441,171441,171445,4,0
171441,171441,171445,4,0
171441,171441,171445,4,0
171441,171441,171444,3,0
170535,170549,171445,896,14
171441,171441,171445,4,0
171441,171441,171446,5,0
171441,171441,171445,4,0
171441,171441,171445,4,0
171441,171441,171445,4,0
171441,171441,171445,4,0
171441,171441,171445,4,0
171441,171441,171445,4,0
171441,171441,171445,4,0
171441,171445,171448,3,4
171441,171444,171448,4,3
171441,171444,171448,4,3
171441,171444,171447,3,3
171441,171444,171447,3,3
171441,171446,171449,3,5
171441,171446,171449,3,5
171441,171446,171449,3,5
171441,171445,171449,4,4
171441,171445,171448,3,4
171441,171445,171449,4,4
171441,171445,171449,4,4
171441,171446,171449,3,5
171441,171445,171449,4,4
171441,171445,171449,4,4
171441,171445,171448,3,4
171441,171445,171448,3,4
171441,171445,171449,4,4
171441,171445,171449,4,4
171441,171445,171448,3,4
171441,171445,171449,4,4
171441,171445,171448,3,4
171441,171445,171449,4,4
171441,171445,171449,4,4
171441,171445,171449,4,4
171441,171445,171450,5,4
171441,171446,171449,3,5
171441,171446,171450,4,5
171441,171445,171450,5,4
171441,171445,171449,4,4
171441,171446,171450,4,5
171441,171446,171449,3,5
171441,171445,171450,5,4
171441,171445,171450,5,4
171441,171446,171449,3,5
171441,171445,171450,5,4
171441,171446,171450,4,5
171441,171449,171451,2,8
171441,171448,171451,3,7
171441,171448,171452,4,7
170552,170552,171451,899,0
171441,171448,171452,4,7
171441,171449,171452,3,8
171441,171449,171452,3,8
171441,171449,171452,3,8
171441,171449,171452,3,8
171441,171449,171452,3,8
171441,171449,171452,3,8
171441,171449,171452,3,8
171441,171449,171452,3,8
171441,171448,171451,3,7
171441,171448,171451,3,7
171441,171449,171452,3,8
171441,171449,171452,3,8
170495,170501,171453,952,6
171441,171449,171452,3,8
171441,171449,171452,3,8
171441,171449,171452,3,8
171441,171449,171453,4,8
171441,171450,171453,3,9
171441,171450,171453,3,9
171441,171449,171452,3,8
171441,171450,171453,3,9
171441,171449,171452,3,8
171441,171450,171453,3,9
171441,171450,171453,3,9
171441,171450,171453,3,9
171441,171449,171453,4,8
171441,171449,171453,4,8
171441,171449,171453,4,8
171441,171450,171453,3,9
171441,171450,171454,4,9
171441,171450,171453,3,9
171441,171450,171453,3,9
171441,171451,171454,3,10
171441,171451,171454,3,10
171441,171451,171454,3,10
171441,171451,171453,2,10
171441,171450,171454,4,9
171441,171450,171454,4,9
171441,171451,171454,3,10
171441,171452,171455,3,11
171441,171452,171455,3,11
171441,171452,171455,3,11
171441,171452,171455,3,11
171448,171452,171456,4,4
171448,171453,171456,3,5
171441,171451,171455,4,10
171448,171454,171456,2,6
171448,171453,171456,3,5
171448,171453,171456,3,5
171448,171453,171456,3,5
171448,171452,171456,4,4
171448,171453,171456,3,5
171448,171453,171456,3,5
171448,171454,171456,2,6
171448,171454,171456,2,6
171448,171453,171456,3,5
171448,171454,171456,2,6
171448,171453,171456,3,5
171448,171453,171457,4,5
171448,171453,171456,3,5
171448,171453,171456,3,5
171448,171453,171456,3,5
171448,171454,171456,2,6
171448,171454,171456,2,6
171448,171454,171457,3,6
171448,171454,171457,3,6
171448,171453,171456,3,5
171448,171453,171457,4,5
171448,171454,171457,3,6
171448,171453,171457,4,5
171448,171453,171457,4,5
171448,171453,171457,4,5
171448,171454,171457,3,6
171448,171454,171457,3,6
171448,171454,171458,4,6
171448,171454,171458,4,6
171448,171454,171458,4,6
171448,171454,171457,3,6
171448,171455,171458,3,7
171448,171454,171457,3,6
171448,171455,171458,3,7
171448,171455,171458,3,7
171448,171455,171459,4,7
171448,171455,171459,4,7
171448,171455,171459,4,7
171448,171456,171459,3,8
171448,171456,171460,4,8
171448,171456,171459,3,8
171448,171457,171460,3,9
171448,171458,171460,2,10
171448,171458,171460,2,10
171448,171456,171460,4,8
171448,171458,171460,2,10
171448,171456,171460,4,8
171448,171456,171459,3,8
171448,171457,171460,3,9
171448,171457,171460,3,9
171448,171457,171460,3,9
171448,171457,171460,3,9
171448,171458,171460,2,10
171448,171457,171460,3,9
171448,171457,171461,4,9
171448,171457,171461,4,9
171448,171457,171460,3,9
171448,171457,171461,4,9
171448,171457,171460,3,9
171448,171458,171461,3,10
171448,171457,171460,3,9
171448,171457,171461,4,9
171448,171457,171460,3,9
171448,171458,171461,3,10
171448,171457,171460,3,9
171448,171458,171461,3,10
171448,171458,171460,2,10
171448,171457,171461,4,9
171448,171457,171460,3,9
171448,171458,171462,4,10
171448,171458,171461,3,10
171448,171458,171462,4,10
171448,171458,171461,3,10
171448,171457,171461,4,9
171448,171459,171462,3,11
171448,171457,171461,4,9
171448,171459,171462,3,11
171448,171457,171462,5,9
171448,171459,171462,3,11
171448,171460,171462,2,12
171448,171460,171463,3,12
171448,171460,171463,3,12
171448,171460,171463,3,12
171448,171460,171463,3,12
171448,171460,171463,3,12
171448,171460,171463,3,12
171448,171460,171463,3,12
171448,171460,171463,3,12
171448,171461,171464,3,13
171448,171460,171463,3,12
171448,171461,171464,3,13
171448,171461,171463,2,13
171448,171461,171463,2,13
171448,171461,171464,3,13
171448,171461,171464,3,13
171448,171461,171464,3,13
171448,171461,171464,3,13
171448,171461,171464,3,13
171448,171461,171464,3,13
171448,171461,171464,3,13
171448,171461,171464,3,13
171448,171461,171464,3,13
171448,171460,171464,4,12
171448,171460,171464,4,12
171448,171460,171464,4,12
171448,171461,171464,3,13
171448,171461,171464,3,13
171448,171462,171464,2,14
171448,171462,171464,2,14
171448,171461,171465,4,13
171448,171461,171464,3,13
171448,171461,171464,3,13
171448,171461,171464,3,13
171448,171462,171465,3,14
171448,171461,171465,4,13
171455,171462,171465,3,7
171455,171462,171465,3,7
171448,171462,171465,3,14
171455,171464,171466,2,9
171455,171463,171465,2,8
171455,171463,171465,2,8
171455,171464,171466,2,9
171448,171462,171465,3,14
171455,171464,171465,1,9
171455,171464,171466,2,9
170591,170600,171465,865,9
171455,171463,171466,3,8
171455,171463,171466,3,8
171455,171462,171466,4,7
171455,171462,171466,4,7
171455,171464,171467,3,9
171455,171463,171467,4,8
171455,171464,171467,3,9
171455,171463,171466,3,8
171455,171463,171467,4,8
171455,171463,171467,4,8
171455,171463,171466,3,8
171455,171464,171467,3,9
171455,171464,171467,3,9
171455,171464,171467,3,9
171455,171465,171467,2,10
171455,171465,171468,3,10
171455,171464,171467,3,9
171455,171464,171467,3,9
171455,171464,171468,4,9
171455,171465,171468,3,10
171455,171464,171468,4,9
171455,171464,171468,4,9
171455,171464,171468,4,9
171455,171464,171468,4,9
171455,171464,171468,4,9
171455,171464,171468,4,9
171455,171465,171468,3,10
171455,171466,171469,3,11
171455,171465,171469,4,10
171455,171465,171469,4,10
171455,171465,171469,4,10
171455,171465,171469,4,10
171455,171465,171469,4,10
171455,171466,171469,3,11
171455,171466,171469,3,11
171455,171466,171469,3,11
171455,171466,171470,4,11
171455,171466,171470,4,11
171455,171466,171470,4,11
171455,171466,171469,3,11
171455,171466,171470,4,11
171455,171466,171470,4,11
170581,170588,171470,882,7
171455,171467,171470,3,12
171455,171466,171470,4,11
171455,171466,171470,4,11
171455,171466,171470,4,11
171455,171469,171470,1,14
171455,171469,171470,1,14
171455,171469,171470,1,14
171455,171469,171470,1,14
171455,171467,171470,3,12
171455,171468,171471,3,13
171455,171468,171471,3,13
171455,171469,171471,2,14
171455,171469,171471,2,14
170549,170550,171471,921,1
171455,171465,171471,6,10
171455,171467,171471,4,12
171455,171467,171471,4,12
171455,171467,171471,4,12
171455,171468,171471,3,13
171455,171467,171471,4,12
171455,171467,171471,4,12
171455,171467,171472,5,12
171455,171467,171471,4,12
171455,171467,171471,4,12
171455,171469,171472,3,14
171455,171469,171471,2,14
171455,171468,171471,3,13
171455,171469,171472,3,14
171455,171469,171472,3,14
171455,171468,171472,4,13
171455,171468,171472,4,13
171455,171470,171472,2,15
171455,171467,171472,5,12
171455,171470,171473,3,15
171455,171470,171473,3,15
171455,171470,171473,3,15
171455,171470,171472,2,15
171455,171470,171472,2,15
171455,171470,171473,3,15
171455,171469,171473,4,14
171455,171469,171473,4,14
171455,171471,171474,3,16
171455,171470,171473,3,15
171455,171471,171474,3,16
171455,171471,171473,2,16
171455,171471,171473,2,16
171455,171470,171473,3,15
171455,171471,171474,3,16
171455,171471,171474,3,16
171455,171471,171474,3,16
171455,171470,171474,4,15
171455,171471,171474,3,16
171455,171471,171473,2,16
171455,171471,171474,3,16
171455,171471,171474,3,16
171455,171472,171474,2,17
171455,171472,171474,2,17
171455,171472,171474,2,17
171455,171471,171474,3,16
171455,171472,171474,2,17
171455,171472,171474,2,17
171455,171471,171474,3,16
171455,171472,171474,2,17
171455,171472,171474,2,17
171455,171471,171474,3,16
171455,171471,171474,3,16
171455,171472,171474,2,17
171455,171472,171474,2,17
171455,171472,171474,2,17
171455,171471,171474,3,16
171455,171472,171474,2,17
171455,171472,171475,3,17
171455,171473,171476,3,18
171455,171473,171476,3,18
171455,171474,171476,2,19
171455,171474,171476,2,19
171455,171473,171476,3,18
171455,171473,171476,3,18
171455,171474,171476,2,19
171455,171474,171476,2,19
171455,171473,171476,3,18
171455,171473,171476,3,18
171455,171474,171476,2,19
171455,171473,171476,3,18
171455,171473,171476,3,18
171455,171474,171476,2,19
171455,171474,171476,2,19
171455,171473,171477,4,18
171455,171473,171477,4,18
171455,171473,171477,4,18
171455,171474,171477,3,19
171455,171474,171477,3,19
171455,171474,171478,4,19
171455,171475,171478,3,20
171455,171475,171478,3,20
171455,171475,171478,3,20
171455,171475,171477,2,20
171455,171474,171477,3,19
171455,171475,171478,3,20
171455,171474,171478,4,19
171455,171474,171478,4,19
171455,171474,171477,3,19
171455,171475,171478,3,20
171455,171475,171477,2,20
171455,171475,171478,3,20
171455,171475,171478,3,20
171455,171475,171477,2,20
171455,171473,171477,4,18
171455,171475,171479,4,20
171455,171475,171478,3,20
171455,171475,171478,3,20
171455,171475,171478,3,20
171455,171475,171478,3,20
171455,171475,171478,3,20
171455,171475,171478,3,20
171455,171475,171478,3,20
171455,171476,171479,3,21
171455,171476,171479,3,21
171455,171476,171479,3,21
171455,171478,171480,2,23
171455,171478,171480,2,23
171455,171476,171480,4,21
171455,171478,171479,1,23
171455,171476,171479,3,21
171455,171477,171480,3,22
171455,171476,171479,3,21
171455,171477,171480,3,22
171455,171477,171479,2,22
171455,171478,171480,2,23
171455,171476,171480,4,21
171455,171477,171480,3,22
171455,171476,171480,4,21
171455,171476,171480,4,21
171455,171477,171480,3,22
171455,171477,171480,3,22
171455,171478,171480,2,23
171455,171478,171481,3,23
171455,171478,171481,3,23
171455,171477,171480,3,22
171455,171478,171481,3,23
171455,171478,171480,2,23
171455,171477,171480,3,22
171455,171478,171481,3,23
171455,171477,171480,3,22
171455,171478,171480,2,23
171455,171479,171481,2,24
171455,171478,171480,2,23
171455,171477,171481,4,22
171455,171477,171481,4,22
171455,171478,171482,4,23
171455,171479,171481,2,24
171455,171478,171481,3,23
171455,171478,171481,3,23
171455,171479,171481,2,24
171455,171479,171482,3,24
171455,171479,171481,2,24
171455,171479,171481,2,24
171455,171478,171482,4,23
171455,171480,171482,2,25
171455,171480,171482,2,25
171455,171479,171482,3,24
171455,171480,171482,2,25
170605,170612,171482,870,7
171455,171477,171482,5,22
171455,171480,171482,2,25
171455,171479,171482,3,24
171455,171480,171482,2,25
171455,171480,171483,3,25
171455,171479,171482,3,24
171455,171480,171483,3,25
171455,171480,171483,3,25
171455,171480,171483,3,25
171455,171480,171483,3,25
171455,171480,171483,3,25
171455,171480,171483,3,25
171455,171480,171483,3,25
171455,171480,171483,3,25
171455,171479,171482,3,24
171455,171481,171483,2,26
171455,171481,171484,3,26
171455,171481,171484,3,26
171455,171481,171484,3,26
171455,171481,171484,3,26
171455,171481,171484,3,26
171455,171481,171484,3,26
171455,171480,171483,3,25
171455,171481,171484,3,26
171455,171481,171484,3,26
171455,171481,171484,3,26
171455,171481,171484,3,26
171455,171481,171484,3,26
171455,171481,171484,3,26
170598,170611,171491,880,13
170594,170611,171492,881,17
170601,170611,171507,896,10
170558,170558,171508,950,0
171510,171510,171513,3,0
171510,171510,171513,3,0
171510,171510,171513,3,0
171510,171510,171513,3,0
171510,171510,171513,3,0
171510,171510,171513,3,0
171510,171510,171513,3,0
171510,171510,171513,3,0
171510,171510,171513,3,0
171510,171510,171514,4,0
171510,171510,171514,4,0
171510,171511,171513,2,1
171510,171511,171514,3,1
171510,171511,171514,3,1
171510,171511,171514,3,1
171510,171510,171514,4,0
171510,171510,171514,4,0
171510,171510,171514,4,0
171510,171510,171514,4,0
171510,171510,171514,4,0
171510,171510,171514,4,0
171510,171510,171514,4,0
171510,171510,171514,4,0
171510,171510,171514,4,0
171510,171510,171514,4,0
171510,171510,171514,4,0
171510,171510,171514,4,0
171510,171510,171514,4,0
171510,171510,171514,4,0
171510,171510,171514,4,0
171510,171510,171514,4,0
171510,171510,171514,4,0
171510,171510,171514,4,0
171510,171510,171514,4,0
171510,171510,171514,4,0
171510,171510,171515,5,0
171510,171510,171514,4,0
171510,171510,171515,5,0
171510,171510,171515,5,0
171510,171511,171515,4,1
171510,171510,171515,5,0
171510,171510,171515,5,0
171510,171510,171515,5,0
171510,171510,171515,5,0
171510,171510,171515,5,0
171510,171510,171515,5,0
170555,170555,171515,960,0
171510,171514,171517,3,4
171510,171514,171517,3,4
171510,171515,171518,3,5
171510,171515,171517,2,5
171510,171515,171517,2,5
171510,171514,171517,3,4
171510,171514,171517,3,4
171510,171515,171517,2,5
171510,171515,171518,3,5
171510,171514,171517,3,4
171510,171515,171517,2,5
171510,171515,171517,2,5
171510,171514,171517,3,4
171510,171515,171517,2,5
171510,171515,171517,2,5
171510,171515,171517,2,5
171510,171514,171517,3,4
171510,171514,171517,3,4
171510,171515,171518,3,5
171510,171515,171517,2,5
171510,171514,171518,4,4
171510,171514,171518,4,4
171510,171514,171518,4,4
171510,171515,171518,3,5
171510,171515,171518,3,5
171510,171515,171519,4,5
171510,171515,171518,3,5
171510,171516,171518,2,6
171510,171515,171518,3,5
171510,171515,171518,3,5
171510,171516,171518,2,6
171510,171516,171518,2,6
171510,171516,171518,2,6
171510,171515,171518,3,5
171510,171515,171519,4,5
171510,171515,171518,3,5
171510,171516,171519,3,6
171510,171516,171519,3,6
171510,171516,171519,3,6
171510,171516,171518,2,6
171510,171514,171518,4,4
171510,171516,171518,2,6
171510,171515,171518,3,5
171510,171515,171519,4,5
171510,171515,171518,3,5
171510,171515,171518,3,5
171510,171516,171518,2,6
171510,171515,171518,3,5
171510,171515,171518,3,5
171510,171515,171519,4,5
171510,171517,171519,2,7
171510,171518,171520,2,8
171510,171518,171520,2,8
171510,171517,171519,2,7
171510,171518,171521,3,8
171510,171518,171520,2,8
171510,171518,171520,2,8
171510,171518,171520,2,8
171510,171518,171521,3,8
171510,171518,171521,3,8
171510,171518,171521,3,8
171510,171518,171520,2,8
171510,171518,171520,2,8
171510,171519,171521,2,9
171510,171519,171520,1,9
171510,171519,171520,1,9
171510,171519,171521,2,9
171510,171518,171521,3,8
171510,171518,171521,3,8
171510,171518,171520,2,8
171510,171519,171520,1,9
171510,171519,171520,1,9
171510,171518,171520,2,8
171510,171518,171520,2,8
171510,171519,171522,3,9
171510,171518,171521,3,8
171510,171519,171522,3,9
171510,171520,171521,1,10
171510,171519,171522,3,9
171510,171519,171522,3,9
171510,171518,171521,3,8
171510,171520,171522,2,10
171510,171519,171522,3,9
171510,171518,171521,3,8
171510,171518,171521,3,8
171510,171519,171522,3,9
171510,171519,171521,2,9
171510,171518,171521,3,8
171510,171519,171522,3,9
171510,171519,171522,3,9
171510,171519,171522,3,9
171510,171519,171522,3,9
171510,171519,171522,3,9
171510,171519,171522,3,9
171510,171519,171522,3,9
171510,171519,171522,3,9
171510,171519,171523,4,9
171510,171521,171523,2,11
171510,171519,171523,4,9
171510,171519,171523,4,9
171510,171519,171522,3,9
171510,171521,171523,2,11
171510,171521,171523,2,11
171510,171519,171522,3,9
171510,171520,171523,3,10
171510,171521,171524,3,11
171510,171521,171524,3,11
171510,171521,171524,3,11
171510,171521,171524,3,11
171510,171521,171523,2,11
171510,171520,171524,4,10
171510,171520,171524,4,10
171510,171521,171524,3,11
171510,171521,171524,3,11
171510,171521,171524,3,11
171510,171521,171524,3,11
171510,171523,171525,2,13
171510,171521,171525,4,11
171510,171521,171525,4,11
171510,171522,171525,3,12
171510,171521,171525,4,11
171510,171521,171524,3,11
171510,171522,171525,3,12
171510,171522,171525,3,12
171510,171521,171525,4,11
171510,171521,171524,3,11
171510,171521,171525,4,11
171510,171522,171526,4,12
171510,171523,171526,3,13
171510,171523,171526,3,13
171510,171523,171525,2,13
171510,171522,171525,3,12
171510,171523,171525,2,13
171510,171523,171525,2,13
171510,171522,171525,3,12
171510,171522,171526,4,12
171510,171523,171525,2,13
171510,171521,171525,4,11
171510,171522,171526,4,12
171510,171523,171526,3,13
171510,171522,171525,3,12
171510,171523,171526,3,13
171510,171523,171526,3,13
171510,171522,171526,4,12
170653,170662,171526,864,9
171510,171522,171526,4,12
171510,171523,171526,3,13
171510,171522,171526,4,12
171510,171523,171526,3,13
171510,171522,171526,4,12
171510,171522,171525,3,12
171510,171523,171526,3,13
171510,171523,171526,3,13
171510,171523,171527,4,13
171510,171523,171527,4,13
171510,171523,171527,4,13
171510,171524,171527,3,14
171510,171524,171527,3,14
171510,171524,171527,3,14
171510,171524,171527,3,14
171510,171524,171527,3,14
171510,171524,171527,3,14
171510,171524,171527,3,14
171510,171524,171528,4,14
171510,171524,171527,3,14
171510,171524,171528,4,14
171510,171526,171528,2,16
171510,171526,171528,2,16
171510,171526,171528,2,16
171510,171526,171528,2,16
171510,171526,171528,2,16
171510,171524,171528,4,14
171510,171525,171528,3,15
171510,171525,171528,3,15
171510,171525,171528,3,15
171510,171525,171528,3,15
171510,171525,171528,3,15
171510,171525,171528,3,15
171510,171525,171528,3,15
171510,171526,171528,2,16
171510,171526,171529,3,16
171510,171526,171529,3,16
171510,171526,171529,3,16
171510,171526,171529,3,16
171510,171526,171529,3,16
171510,171525,171529,4,15
171510,171526,171529,3,16
171510,171527,171529,2,17
171510,171526,171529,3,16
171510,171526,171530,4,16
171510,171526,171529,3,16
171510,171527,171529,2,17
171510,171527,171529,2,17
171510,171527,171529,2,17
171510,171527,171529,2,17
171510,171526,171529,3,16
171510,171526,171529,3,16
171510,171528,171529,1,18
171510,171528,171529,1,18
171510,171528,171530,2,18
171510,171528,171530,2,18
171510,171528,171530,2,18
171510,171528,171529,1,18
171510,171528,171530,2,18
171510,171528,171530,2,18
171510,171528,171530,2,18
171510,171527,171530,3,17
171510,171526,171530,4,16
171510,171529,171530,1,19
171510,171528,171530,2,18
171510,171529,171530,1,19
171510,171527,171530,3,17
171510,171528,171530,2,18
171510,171527,171531,4,17
171510,171527,171530,3,17
171510,171528,171530,2,18
171510,171527,171531,4,17
171510,171527,171530,3,17
171510,171529,171531,2,19
171510,171529,171531,2,19
171510,171530,171532,2,20
171510,171528,171531,3,18
171510,171528,171531,3,18
171510,171528,171531,3,18
171510,171528,171531,3,18
171510,171528,171531,3,18
171510,171528,171531,3,18
171510,171528,171531,3,18
171510,171529,171532,3,19
171510,171529,171531,2,19
171510,171529,171532,3,19
171510,171529,171532,3,19
171510,171528,171532,4,18
171510,171529,171532,3,19
171510,171529,171532,3,19
171510,171530,171532,2,20
171510,171530,171532,2,20
171510,171529,171533,4,19
171510,171531,171533,2,21
171510,171530,171533,3,20
171510,171530,171532,2,20
171510,171530,171533,3,20
171510,171530,171533,3,20
171510,171529,171533,4,19
171510,171530,171533,3,20
171510,171531,171534,3,21
171510,171530,171533,3,20
171510,171530,171534,4,20
171510,171531,171533,2,21
171510,171530,171533,3,20
171510,171531,171534,3,21
171510,171530,171533,3,20
171510,171530,171533,3,20
171510,171530,171533,3,20
171510,171530,171533,3,20
171510,171531,171534,3,21
171510,171531,171533,2,21
171510,171530,171533,3,20
171510,171530,171533,3,20
171510,171530,171533,3,20
171510,171530,171534,4,20
171510,171530,171534,4,20
171510,171530,171534,4,20
171510,171531,171534,3,21
171510,171532,171534,2,22
171510,171531,171534,3,21
171510,171531,171534,3,21
171510,171532,171534,2,22
171510,171532,171534,2,22
171510,171532,171534,2,22
171510,171531,171535,4,21
171510,171531,171534,3,21
171510,171532,171535,3,22
171510,171531,171534,3,21
171510,171532,171535,3,22
171510,171534,171535,1,24
171510,171532,171535,3,22
171510,171533,171535,2,23
171510,171533,171535,2,23
171510,171532,171535,3,22
171510,171532,171535,3,22
171510,171532,171535,3,22
171510,171532,171536,4,22
171510,171533,171536,3,23
171510,171532,171535,3,22
171510,171533,171535,2,23
171510,171533,171536,3,23
171510,171533,171536,3,23
171510,171532,171536,4,22
171510,171532,171536,4,22
171510,171534,171536,2,24
171510,171534,171536,2,24
171510,171535,171536,1,25
171510,171533,171537,4,23
171510,171533,171536,3,23
171510,171533,171536,3,23
171510,171534,171536,2,24
171510,171534,171537,3,24
171510,171534,171536,2,24
171510,171534,171536,2,24
171510,171534,171537,3,24
171510,171534,171536,2,24
171510,171534,171537,3,24
171510,171534,171536,2,24
171510,171534,171537,3,24
171510,171534,171537,3,24
171510,171534,171537,3,24
171510,171534,171536,2,24
171510,171535,171537,2,25
171510,171535,171537,2,25
171510,171535,171537,2,25
171510,171535,171537,2,25
171510,171534,171537,3,24
171511,171535,171538,3,24
171510,171534,171537,3,24
171510,171534,171537,3,24
171511,171535,171537,2,24
171511,171535,171538,3,24
171511,171536,171537,1,25
171511,171536,171538,2,25
171511,171535,171538,3,24
171511,171536,171538,2,25
171511,171536,171538,2,25
171511,171537,171538,1,26
171511,171537,171538,1,26
171511,171537,171538,1,26
171511,171537,171538,1,26
171511,171537,171539,2,26
171511,171536,171539,3,25
171511,171535,171538,3,24
171511,171535,171538,3,24
171511,171535,171539,4,24
171511,171535,171539,4,24
171511,171536,171538,2,25
171511,171535,171539,4,24
171511,171535,171539,4,24
171511,171535,171539,4,24
171511,171536,171539,3,25
171511,171537,171539,2,26
171511,171537,171539,2,26
171511,171536,171539,3,25
171511,171536,171539,3,25
171511,171536,171540,4,25
171511,171537,171540,3,26
171511,171537,171540,3,26
171511,171537,171540,3,26
171511,171536,171540,4,25
171511,171536,171540,4,25
171511,171536,171540,4,25
171511,171537,171540,3,26
171511,171537,171540,3,26
171511,171537,171540,3,26
171511,171537,171540,3,26
171511,171537,171540,3,26
171511,171538,171540,2,27
171511,171538,171540,2,27
171511,171538,171541,3,27
171511,171538,171541,3,27
171511,171537,171541,4,26
171511,171538,171541,3,27
171511,171537,171540,3,26
171511,171537,171540,3,26
171511,171538,171541,3,27
171511,171537,171541,4,26
171511,171539,171542,3,28
171511,171539,171542,3,28
171511,171538,171542,4,27
171511,171538,171541,3,27
171511,171537,171541,4,26
171511,171538,171541,3,27
171511,171538,171541,3,27
171511,171539,171542,3,28
171511,171539,171542,3,28
171511,171539,171542,3,28
171511,171538,171542,4,27
171511,171538,171542,4,27
171511,171538,171542,4,27
171511,171539,171542,3,28
171511,171539,171542,3,28
171511,171539,171543,4,28
171511,171539,171542,3,28
171511,171540,171543,3,29
171511,171540,171543,3,29
171511,171540,171543,3,29
171511,171539,171543,4,28
171511,171540,171543,3,29
171511,171541,171543,2,30
171511,171539,171543,4,28
171511,171540,171543,3,29
171511,171541,171543,2,30
171511,171540,171543,3,29
171511,171540,171543,3,29
171511,171540,171543,3,29
171511,171540,171543,3,29
171511,171538,171543,5,27
171511,171540,171543,3,29
171511,171541,171543,2,30
171511,171538,171543,5,27
171511,171539,171543,4,28
171511,171539,171543,4,28
171511,171541,171543,2,30
171511,171541,171543,2,30
171511,171541,171544,3,30
171511,171541,171544,3,30
171511,171541,171544,3,30
171511,171540,171543,3,29
171511,171542,171544,2,31
171511,171541,171544,3,30
171511,171541,171544,3,30
171511,171539,171544,5,28
171511,171541,171544,3,30
171511,171540,171544,4,29
171511,171540,171544,4,29
171511,171542,171544,2,31
171511,171542,171545,3,31
171511,171542,171544,2,31
171511,171541,171545,4,30
171511,171541,171545,4,30
171511,171542,171545,3,31
171511,171542,171545,3,31
171511,171542,171545,3,31
171511,171542,171545,3,31
171511,171542,171545,3,31
171511,171542,171545,3,31
171511,171542,171545,3,31
171511,171543,171545,2,32
171511,171543,171545,2,32
171511,171543,171545,2,32
171511,171543,171545,2,32
171511,171543,171545,2,32
171511,171543,171545,2,32
171511,171543,171545,2,32
171511,171543,171545,2,32
171511,171543,171545,2,32
171511,171544,171545,1,33
171511,171544,171546,2,33
171511,171543,171545,2,32
171511,171544,171545,1,33
171511,171544,171545,1,33
171511,171543,171546,3,32
171511,171543,171546,3,32
171511,171544,171546,2,33
171511,171544,171546,2,33
171511,171544,171546,2,33
171511,171544,171547,3,33
171511,171544,171547,3,33
171511,171544,171547,3,33
171511,171544,171546,2,33
171511,171543,171547,4,32
171511,171544,171547,3,33
171511,171544,171547,3,33
171511,171544,171547,3,33
171511,171544,171547,3,33
171511,171544,171547,3,33
171511,171544,171547,3,33
171511,171544,171548,4,33
171511,171544,171548,4,33
171511,171544,171548,4,33
171511,171546,171548,2,35
171511,171544,171547,3,33
171511,171546,171548,2,35
171511,171544,171547,3,33
171511,171546,171548,2,35
171511,171546,171548,2,35
171511,171545,171549,4,34
171511,171544,171548,4,33
171511,171545,171548,3,34
171511,171545,171548,3,34
171511,171546,171549,3,35
171511,171545,171548,3,34
171511,171544,171548,4,33
171511,171545,171548,3,34
171511,171545,171549,4,34
171511,171545,171549,4,34
171511,171545,171549,4,34
171511,171546,171548,2,35
171511,171545,171549,4,34
171511,171545,171549,4,34
171511,171546,171549,3,35
171511,171545,171549,4,34
171511,171547,171549,2,36
171511,171547,171550,3,36
171511,171547,171549,2,36
171511,171547,171549,2,36
171511,171546,171549,3,35
171511,171546,171550,4,35
171511,171546,171549,3,35
171511,171547,171550,3,36
171511,171547,171550,3,36
171511,171546,171549,3,35
171511,171546,171550,4,35
171511,171546,171549,3,35
171511,171546,171550,4,35
171511,171547,171550,3,36
171511,171548,171550,2,37
171511,171546,171550,4,35
171511,171547,171551,4,36
171511,171548,171551,3,37
171511,171548,171550,2,37
171511,171548,171551,3,37
171511,171548,171551,3,37
171511,171547,171550,3,36
171511,171548,171551,3,37
171511,171548,171551,3,37
171511,171547,171551,4,36
171511,171548,171551,3,37
171511,171549,171551,2,38
171511,171548,171551,3,37
171511,171549,171552,3,38
171511,171548,171551,3,37
171511,171548,171551,3,37
171511,171548,171551,3,37
171511,171548,171552,4,37
171511,171550,171552,2,39
171511,171548,171552,4,37
171511,171548,171552,4,37
171511,171549,171552,3,38
171511,171549,171552,3,38
171511,171547,171551,4,36
171511,171548,171551,3,37
171511,171549,171552,3,38
171511,171550,171552,2,39
171511,171550,171552,2,39
171511,171550,171552,2,39
171511,171550,171552,2,39
171511,171549,171552,3,38
171511,171549,171553,4,38
171511,171549,171553,4,38
171511,171550,171553,3,39
171511,171550,171552,2,39
171511,171549,171553,4,38
171511,171550,171552,2,39
171511,171549,171552,3,38
171511,171550,171553,3,39
171511,171549,171553,4,38
171511,171549,171553,4,38
171511,171549,171553,4,38
171511,171549,171553,4,38
171511,171550,171553,3,39
171511,171550,171553,3,39
171511,171551,171554,3,40
171511,171551,171553,2,40
171511,171550,171553,3,39
171511,171551,171553,2,40
171511,171551,171554,3,40
171511,171551,171553,2,40
171511,171551,171553,2,40
171511,171551,171554,3,40
171511,171551,171554,3,40
171511,171551,171554,3,40
171511,171551,171554,3,40
171511,171551,171554,3,40
171511,171549,171554,5,38
171511,171550,171554,4,39
171511,171550,171554,4,39
171522,171552,171554,2,30
171522,171552,171555,3,30
171522,171552,171555,3,30
171522,171552,171555,3,30
171522,171553,171555,2,31
171522,171552,171555,3,30
171522,171553,171555,2,31
171522,171553,171554,1,31
171522,171553,171554,1,31
171522,171553,171554,1,31
171522,171552,171555,3,30
171522,171552,171555,3,30
171522,171553,171555,2,31
171522,171552,171555,3,30
171522,171552,171555,3,30
171522,171553,171555,2,31
171522,171553,171556,3,31
171522,171553,171555,2,31
171522,171552,171556,4,30
171522,171552,171556,4,30
171522,171552,171556,4,30
171522,171552,171556,4,30
171522,171552,171556,4,30
171522,171553,171556,3,31
171522,171552,171556,4,30
171522,171553,171556,3,31
171522,171554,171557,3,32
171522,171553,171556,3,31
171522,171554,171557,3,32
171522,171554,171557,3,32
171522,171554,171557,3,32
171522,171554,171557,3,32
171522,171553,171557,4,31
171522,171553,171557,4,31
171522,171553,171557,4,31
171522,171553,171557,4,31
171522,171554,171557,3,32
171522,171553,171557,4,31
171522,171554,171557,3,32
171522,171553,171557,4,31
171522,171554,171557,3,32
171522,171554,171557,3,32
171522,171556,171558,2,34
171522,171555,171558,3,33
171522,171556,171558,2,34
171522,171554,171558,4,32
171522,171554,171557,3,32
171522,171555,171558,3,33
171522,171556,171558,2,34
171522,171556,171558,2,34
171522,171556,171559,3,34
171522,171555,171558,3,33
171522,171554,171558,4,32
171522,171554,171558,4,32
171522,171555,171558,3,33
171522,171554,171558,4,32
171522,171555,171559,4,33
171522,171555,171559,4,33
171522,171556,171558,2,34
171522,171555,171559,4,33
171522,171555,171559,4,33
171522,171555,171558,3,33
171522,171555,171559,4,33
171522,171555,171558,3,33
171522,171555,171559,4,33
171522,171555,171559,4,33
171522,171555,171559,4,33
171522,171556,171559,3,34
171522,171555,171559,4,33
171522,171555,171559,4,33
171522,171557,171559,2,35
171522,171557,171559,2,35
171522,171558,171559,1,36
171522,171558,171559,1,36
171522,171556,171559,3,34
171522,171556,171560,4,34
171522,171557,171559,2,35
171522,171557,171559,2,35
171522,171557,171560,3,35
171522,171557,171559,2,35
171522,171558,171560,2,36
171522,171558,171560,2,36
171522,171558,171560,2,36
171522,171559,171560,1,37
171522,171557,171560,3,35
171522,171558,171560,2,36
171522,171558,171560,2,36
171522,171559,171560,1,37
171522,171559,171561,2,37
171522,171558,171560,2,36
171522,171559,171560,1,37
171522,171559,171560,1,37
171522,171557,171560,3,35
171522,171558,171561,3,36
171522,171558,171561,3,36
171522,171558,171561,3,36
171522,171557,171561,4,35
171522,171557,171561,4,35
171522,171558,171561,3,36
171522,171558,171561,3,36
171522,171558,171561,3,36
171522,171558,171561,3,36
171522,171559,171562,3,37
171522,171559,171562,3,37
171522,171559,171561,2,37
171522,171559,171561,2,37
171522,171558,171561,3,36
171522,171559,171562,3,37
171522,171559,171562,3,37
171522,171559,171562,3,37
171522,171559,171562,3,37
171522,171559,171562,3,37
171522,171559,171562,3,37
171522,171560,171562,2,38
171522,171559,171562,3,37
171522,171559,171562,3,37
171522,171560,171562,2,38
171522,171560,171562,2,38
171522,171560,171563,3,38
171522,171560,171563,3,38
171522,171560,171563,3,38
171522,171561,171562,1,39
171522,171561,171562,1,39
171522,171561,171562,1,39
171522,171560,171563,3,38
171522,171561,171563,2,39
171522,171561,171563,2,39
171522,171561,171563,2,39
171522,171561,171563,2,39
171522,171559,171563,4,37
171522,171562,171563,1,40
171522,171562,171563,1,40
171522,171560,171563,3,38
171522,171560,171563,3,38
171522,171561,171563,2,39
171522,171560,171563,3,38
171522,171561,171564,3,39
171522,171561,171563,2,39
171522,171560,171564,4,38
171522,171560,171564,4,38
171522,171560,171564,4,38
171522,171562,171564,2,40
171522,171561,171564,3,39
171522,171562,171564,2,40
171522,171562,171564,2,40
171522,171562,171564,2,40
171522,171561,171564,3,39
171522,171561,171564,3,39
171522,171560,171564,4,38
171522,171561,171564,3,39
171522,171561,171564,3,39
171522,171562,171565,3,40
171522,171563,171565,2,41
171522,171563,171566,3,41
171522,171562,171565,3,40
171522,171563,171565,2,41
171522,171563,171565,2,41
171522,171562,171566,4,40
171522,171561,171566,5,39
171522,171562,171566,4,40
171522,171562,171565,3,40
171522,171562,171565,3,40
171522,171563,171566,3,41
171522,171563,171566,3,41
171522,171563,171566,3,41
171522,171563,171566,3,41
171522,171563,171566,3,41
171522,171564,171566,2,42
171522,171564,171566,2,42
171522,171563,171567,4,41
171522,171563,171566,3,41
171522,171565,171567,2,43
171522,171564,171567,3,42
171522,171564,171567,3,42
171522,171563,171567,4,41
171522,171563,171566,3,41
171522,171563,171566,3,41
170660,170674,171566,892,14
171522,171563,171567,4,41
171522,171564,171567,3,42
171522,171564,171567,3,42
171522,171564,171567,3,42
171522,171564,171568,4,42
171522,171565,171567,2,43
171522,171563,171567,4,41
171522,171565,171567,2,43
171522,171565,171567,2,43
171522,171564,171567,3,42
171522,171565,171567,2,43
171522,171565,171568,3,43
171522,171564,171568,4,42
171522,171564,171568,4,42
171522,171564,171567,3,42
171522,171565,171568,3,43
171522,171564,171567,3,42
171522,171565,171567,2,43
171522,171563,171567,4,41
171522,171565,171568,3,43
171522,171565,171568,3,43
171522,171566,171568,2,44
171522,171567,171569,2,45
171522,171566,171569,3,44
171522,171566,171569,3,44
171522,171567,171569,2,45
171522,171565,171569,4,43
171522,171565,171568,3,43
171522,171566,171569,3,44
171522,171566,171569,3,44
171522,171566,171569,3,44
171522,171566,171569,3,44
171522,171566,171569,3,44
171522,171565,171569,4,43
171522,171566,171569,3,44
171522,171566,171569,3,44
171522,171567,171569,2,45
171522,171567,171569,2,45
171522,171567,171570,3,45
171522,171566,171569,3,44
171522,171566,171569,3,44
171522,171567,171569,2,45
171522,171567,171570,3,45
171522,171567,171569,2,45
171522,171567,171570,3,45
171522,171567,171570,3,45
171522,171567,171569,2,45
171522,171567,171569,2,45
171522,171566,171569,3,44
171522,171567,171570,3,45
171522,171567,171570,3,45
171522,171568,171570,2,46
171522,171568,171570,2,46
171522,171567,171570,3,45
171522,171568,171571,3,46
171522,171568,171570,2,46
171522,171568,171570,2,46
171522,171568,171570,2,46
171522,171568,171571,3,46
171522,171568,171570,2,46
171522,171568,171570,2,46
171522,171568,171571,3,46
171522,171568,171571,3,46
171598,171599,171600,1,1
171598,171598,171600,2,0
171598,171598,171600,2,0
171598,171598,171600,2,0
171598,171598,171600,2,0
171598,171598,171600,2,0
171598,171598,171601,3,0
171598,171599,171601,2,1
171598,171598,171601,3,0
171598,171598,171601,3,0
171598,171598,171600,2,0
171598,171598,171601,3,0
171598,171598,171601,3,0
171598,171598,171601,3,0
171598,171598,171601,3,0
171598,171598,171601,3,0
171598,171598,171601,3,0
171598,171598,171601,3,0
171598,171598,171602,4,0
171598,171598,171602,4,0
171598,171599,171602,3,1
171598,171598,171602,4,0
171598,171598,171602,4,0
171598,171598,171602,4,0
171598,171598,171602,4,0
171598,171599,171602,3,1
171598,171598,171602,4,0
171598,171598,171602,4,0
171598,171598,171602,4,0
171598,171598,171601,3,0
171598,171598,171602,4,0
171598,171598,171602,4,0
171598,171598,171602,4,0
171598,171598,171601,3,0
171598,171598,171602,4,0
171598,171598,171602,4,0
171598,171598,171602,4,0
171598,171598,171602,4,0
171598,171598,171602,4,0
171598,171598,171602,4,0
171598,171598,171602,4,0
171598,171598,171602,4,0
171598,171599,171603,4,1
171598,171598,171602,4,0
171598,171599,171603,4,1
171598,171599,171603,4,1
171598,171598,171603,5,0
171598,171598,171602,4,0
171598,171600,171603,3,2
171598,171598,171602,4,0
171598,171598,171602,4,0
171598,171601,171603,2,3
171598,171600,171603,3,2
171598,171600,171604,4,2
171598,171600,171604,4,2
171598,171601,171604,3,3
171598,171601,171604,3,3
171598,171601,171604,3,3
171598,171601,171604,3,3
171598,171601,171604,3,3
171598,171600,171604,4,2
171598,171600,171604,4,2
171598,171601,171604,3,3
171598,171601,171604,3,3
171598,171602,171604,2,4
171598,171602,171605,3,4
171598,171602,171605,3,4
171598,171601,171605,4,3
171598,171602,171605,3,4
171598,171602,171605,3,4
171598,171602,171605,3,4
171598,171601,171605,4,3
171598,171602,171605,3,4
171598,171602,171605,3,4
171598,171603,171605,2,5
171598,171603,171605,2,5
171598,171601,171605,4,3
171598,171603,171606,3,5
171598,171604,171606,2,6
171598,171603,171606,3,5
171598,171603,171606,3,5
171598,171602,171606,4,4
171598,171602,171606,4,4
171598,171604,171606,2,6
171598,171602,171606,4,4
171598,171602,171606,4,4
171598,171603,171606,3,5
171598,171605,171606,1,7
171598,171602,171606,4,4
171598,171602,171606,4,4
171598,171604,171606,2,6
171598,171602,171606,4,4
171598,171602,171606,4,4
171598,171602,171606,4,4
171598,171605,171606,1,7
171598,171603,171607,4,5
171598,171603,171606,3,5
171598,171603,171606,3,5
171598,171601,171606,5,3
171598,171604,171607,3,6
171598,171604,171606,2,6
171598,171603,171606,3,5
171598,171603,171606,3,5
171598,171604,171606,2,6
171598,171603,171607,4,5
171598,171604,171607,3,6
171598,171605,171607,2,7
171598,171605,171607,2,7
171598,171605,171607,2,7
171598,171605,171607,2,7
171598,171605,171607,2,7
171598,171606,171608,2,8
171598,171605,171608,3,7
171598,171606,171608,2,8
171598,171606,171608,2,8
171598,171606,171608,2,8
171598,171606,171608,2,8
171598,171606,171608,2,8
171598,171606,171608,2,8
171598,171606,171608,2,8
171598,171606,171608,2,8
171598,171606,171608,2,8
171598,171607,171608,1,9
171598,171607,171608,1,9
171598,171607,171608,1,9
171598,171607,171608,1,9
171598,171606,171609,3,8
171598,171606,171609,3,8
171598,171607,171609,2,9
171598,171607,171610,3,9
171598,171607,171610,3,9
171598,171607,171609,2,9
171598,171607,171609,2,9
171598,171606,171609,3,8
171598,171607,171609,2,9
171598,171607,171610,3,9
171598,171607,171610,3,9
171598,171609,171611,2,11
171598,171609,171611,2,11
171598,171609,171611,2,11
171598,171607,171610,3,9
171598,171608,171610,2,10
171598,171607,171611,4,9
171598,171607,171610,3,9
171598,171607,171611,4,9
171598,171607,171610,3,9
171598,171607,171610,3,9
171598,171607,171610,3,9
171598,171607,171611,4,9
171598,171607,171610,3,9
171598,171607,171610,3,9
171598,171607,171611,4,9
171598,171607,171610,3,9
171598,171609,171611,2,11
171598,171609,171611,2,11
171598,171609,171611,2,11
171598,171609,171612,3,11
171598,171609,171611,2,11
171598,171608,171612,4,10
171598,171608,171611,3,10
171598,171608,171611,3,10
171598,171608,171612,4,10
171598,171608,171612,4,10
171598,171608,171611,3,10
171598,171609,171612,3,11
171598,171610,171612,2,12
171598,171609,171612,3,11
171598,171609,171613,4,11
171598,171609,171613,4,11
171598,171609,171612,3,11
171598,171609,171612,3,11
171598,171610,171613,3,12
171598,171610,171612,2,12
171598,171609,171612,3,11
171598,171610,171612,2,12
171598,171609,171612,3,11
171598,171610,171613,3,12
171598,171610,171613,3,12
171598,171611,171614,3,13
171598,171611,171613,2,13
171598,171611,171614,3,13
171598,171611,171614,3,13
171598,171609,171613,4,11
171598,171610,171613,3,12
171598,171611,171614,3,13
171598,171610,171614,4,12
171598,171611,171614,3,13
171598,171611,171614,3,13
171598,171611,171614,3,13
171598,171611,171614,3,13
171598,171611,171614,3,13
171598,171612,171615,3,14
171598,171611,171615,4,13
171598,171611,171615,4,13
171598,171611,171614,3,13
171598,171612,171615,3,14
171598,171613,171615,2,15
171598,171613,171615,2,15
171598,171611,171614,3,13
171598,171612,171615,3,14
171598,171611,171614,3,13
171598,171612,171615,3,14
171598,171613,171615,2,15
171598,171611,171614,3,13
171598,171612,171615,3,14
171598,171612,171615,3,14
171598,171613,171615,2,15
171598,171612,171615,3,14
171598,171612,171616,4,14
171598,171613,171616,3,15
171598,171612,171615,3,14
171598,171612,171615,3,14
171598,171613,171615,2,15
171598,171612,171615,3,14
171598,171611,171615,4,13
171598,171612,171616,4,14
171598,171613,171616,3,15
171598,171613,171616,3,15
171598,171614,171617,3,16
171598,171614,171617,3,16
171598,171614,171617,3,16
171598,171613,171616,3,15
171598,171613,171616,3,15
171598,171614,171617,3,16
171598,171614,171617,3,16
171598,171613,171616,3,15
171598,171614,171617,3,16
171598,171614,171616,2,16
171598,171614,171616,2,16
171598,171614,171617,3,16
171598,171614,171617,3,16
171598,171615,171617,2,17
171598,171614,171617,3,16
171616,171616,171618,2,0
171616,171616,171618,2,0
171598,171613,171617,4,15
171598,171615,171617,2,17
171616,171616,171617,1,0
171616,171617,171618,1,1
171616,171617,171619,2,1
171616,171617,171618,1,1
171616,171616,171619,3,0
171616,171616,171619,3,0
171616,171616,171619,3,0
171616,171616,171618,2,0
171616,171616,171618,2,0
171616,171616,171620,4,0
171616,171616,171620,4,0
171616,171616,171619,3,0
171616,171616,171620,4,0
171616,171616,171620,4,0
171616,171616,171620,4,0
171616,171617,171620,3,1
171616,171616,171620,4,0
171616,171616,171619,3,0
171616,171616,171620,4,0
171616,171616,171619,3,0
171616,171618,171620,2,2
171616,171616,171619,3,0
171616,171616,171620,4,0
171616,171616,171619,3,0
171616,171616,171620,4,0
171616,171617,171620,3,1
171616,171617,171621,4,1
171616,171616,171620,4,0
171616,171617,171621,4,1
171616,171617,171621,4,1
171616,171617,171621,4,1
171616,171616,171620,4,0
171616,171617,171620,3,1
171616,171618,171621,3,2
171616,171617,171620,3,1
171616,171618,171620,2,2
171616,171618,171621,3,2
171616,171617,171620,3,1
171616,171617,171621,4,1
171616,171618,171621,3,2
171616,171617,171620,3,1
171616,171618,171620,2,2
171616,171618,171621,3,2
171616,171618,171622,4,2
171616,171619,171622,3,3
171616,171617,171622,5,1
171616,171619,171622,3,3
171616,171619,171622,3,3
171616,171619,171622,3,3
171616,171620,171623,3,4
171616,171620,171623,3,4
171616,171619,171623,4,3
171616,171619,171623,4,3
171616,171619,171623,4,3
171616,171620,171623,3,4
171616,171620,171623,3,4
171616,171619,171622,3,3
171616,171620,171623,3,4
171616,171620,171623,3,4
171616,171620,171623,3,4
171616,171620,171624,4,4
171616,171621,171624,3,5
171616,171620,171624,4,4
171616,171621,171624,3,5
171616,171620,171623,3,4
171616,171620,171624,4,4
171616,171621,171624,3,5
171616,171621,171624,3,5
171616,171620,171624,4,4
171616,171621,171624,3,5
171616,171621,171624,3,5
171616,171621,171624,3,5
171616,171620,171625,5,4
171616,171621,171624,3,5
171616,171622,171624,2,6
171616,171621,171624,3,5
171616,171621,171625,4,5
171616,171620,171624,4,4
171616,171622,171625,3,6
171616,171620,171624,4,4
171616,171621,171625,4,5
171598,171604,171607,3,6
171598,171605,171607,2,7
171598,171607,171609,2,9
171616,171621,171625,4,5
171616,171622,171625,3,6
171616,171623,171625,2,7
171616,171623,171625,2,7
171616,171621,171625,4,5
171616,171621,171625,4,5
171616,171622,171625,3,6
171616,171621,171625,4,5
171616,171621,171624,3,5
171616,171621,171625,4,5
171616,171621,171625,4,5
171616,171623,171626,3,7
171616,171623,171626,3,7
171616,171623,171626,3,7
171616,171623,171626,3,7
171616,171623,171626,3,7
171616,171622,171626,4,6
171616,171623,171626,3,7
171616,171624,171626,2,8
171616,171622,171626,4,6
171616,171622,171626,4,6
171616,171624,171626,2,8
171616,171624,171627,3,8
171616,171624,171627,3,8
171616,171624,171627,3,8
171616,171624,171627,3,8
171616,171624,171627,3,8
171616,171624,171627,3,8
171616,171625,171627,2,9
171616,171625,171627,2,9
171616,171625,171627,2,9
171616,171625,171627,2,9
171616,171624,171627,3,8
171616,171624,171627,3,8
171616,171625,171628,3,9
171616,171625,171628,3,9
171616,171624,171627,3,8
171598,171625,171628,3,27
171598,171625,171628,3,27
170702,170709,171644,935,7
170769,170775,171646,871,6
171663,171663,171665,2,0
171663,171663,171665,2,0
171663,171663,171666,3,0
171663,171663,171665,2,0
171663,171663,171666,3,0
171663,171663,171665,2,0
171663,171663,171665,2,0
171663,171663,171666,3,0
171663,171663,171666,3,0
171663,171663,171666,3,0
171663,171663,171667,4,0
171663,171663,171666,3,0
171663,171663,171667,4,0
171663,171663,171667,4,0
171663,171663,171667,4,0
171663,171663,171666,3,0
171663,171663,171666,3,0
171663,171663,171666,3,0
171663,171663,171666,3,0
171663,171663,171666,3,0
171663,171663,171667,4,0
171663,171663,171667,4,0
171663,171663,171667,4,0
171663,171663,171666,3,0
171663,171663,171666,3,0
171663,171663,171667,4,0
171663,171663,171667,4,0
171663,171663,171667,4,0
171663,171663,171666,3,0
171663,171663,171667,4,0
171663,171663,171667,4,0
171663,171663,171666,3,0
171663,171663,171667,4,0
171663,171663,171666,3,0
171663,171663,171666,3,0
171663,171663,171667,4,0
171663,171663,171667,4,0
171663,171663,171667,4,0
171663,171663,171667,4,0
171663,171663,171667,4,0
171663,171663,171667,4,0
171663,171663,171668,5,0
171663,171663,171667,4,0
171663,171663,171667,4,0
171663,171663,171667,4,0
171663,171663,171667,4,0
171663,171666,171669,3,3
171663,171666,171669,3,3
171663,171666,171669,3,3
171663,171666,171669,3,3
171663,171666,171669,3,3
171663,171666,171669,3,3
171663,171666,171669,3,3
171663,171666,171668,2,3
171663,171667,171669,2,4
171663,171667,171670,3,4
171663,171667,171670,3,4
171663,171666,171670,4,3
171663,171666,171670,4,3
171663,171667,171670,3,4
171663,171667,171670,3,4
171663,171667,171670,3,4
171663,171667,171670,3,4
171663,171667,171671,4,4
171663,171667,171671,4,4
171663,171668,171671,3,5
171663,171667,171671,4,4
171663,171667,171671,4,4
171663,171667,171671,4,4
171663,171667,171671,4,4
171663,171668,171671,3,5
171663,171668,171670,2,5
171663,171667,171671,4,4
171663,171667,171671,4,4
171663,171667,171671,4,4
171663,171667,171671,4,4
171663,171667,171670,3,4
171663,171667,171670,3,4
171663,171667,171670,3,4
171663,171669,171671,2,6
171663,171667,171671,4,4
171663,171668,171671,3,5
171663,171667,171671,4,4
171663,171667,171670,3,4
171663,171667,171671,4,4
171663,171669,171671,2,6
171663,171667,171672,5,4
171663,171667,171672,5,4
171663,171667,171671,4,4
171663,171668,171672,4,5
171663,171669,171672,3,6
171663,171669,171672,3,6
171663,171669,171672,3,6
171663,171670,171672,2,7
171663,171668,171672,4,5
171663,171668,171672,4,5
171663,171670,171673,3,7
171663,171669,171673,4,6
171663,171670,171673,3,7
171663,171671,171673,2,8
171663,171669,171673,4,6
171663,171669,171673,4,6
171663,171670,171673,3,7
171663,171670,171673,3,7
171663,171670,171673,3,7
171663,171670,171673,3,7
171663,171670,171673,3,7
171663,171671,171674,3,8
171663,171671,171674,3,8
171663,171671,171673,2,8
171663,171670,171673,3,7
171663,171671,171674,3,8
171663,171671,171674,3,8
171663,171671,171674,3,8
171663,171671,171674,3,8
171663,171671,171674,3,8
171663,171671,171674,3,8
171663,171671,171674,3,8
171663,171672,171675,3,9
171663,171672,171675,3,9
171663,171671,171675,4,8
171663,171671,171675,4,8
171663,171671,171675,4,8
171663,171671,171675,4,8
171663,171671,171675,4,8
171663,171673,171675,2,10
171663,171671,171675,4,8
171663,171673,171675,2,10
171663,171671,171675,4,8
171663,171671,171675,4,8
171663,171674,171675,1,11
171663,171674,171675,1,11
171663,171671,171675,4,8
171663,171671,171675,4,8
171663,171674,171675,1,11
171663,171671,171675,4,8
171663,171671,171675,4,8
171663,171673,171675,2,10
171663,171673,171675,2,10
171663,171672,171676,4,9
171663,171673,171676,3,10
171663,171673,171676,3,10
171663,171672,171676,4,9
171663,171673,171676,3,10
171663,171673,171676,3,10
171663,171674,171676,2,11
171663,171674,171676,2,11
171663,171674,171676,2,11
171663,171673,171677,4,10
171663,171674,171677,3,11
171663,171673,171677,4,10
171663,171674,171677,3,11
171663,171674,171677,3,11
171663,171675,171677,2,12
171663,171675,171678,3,12
171663,171674,171677,3,11
171663,171676,171677,1,13
171663,171676,171678,2,13
171663,171674,171678,4,11
171663,171674,171678,4,11
171663,171674,171678,4,11
171663,171675,171679,4,12
171663,171676,171678,2,13
171663,171675,171678,3,12
171663,171675,171678,3,12
171663,171676,171678,2,13
171663,171676,171678,2,13
171663,171676,171678,2,13
171663,171676,171679,3,13
171663,171676,171678,2,13
171663,171675,171679,4,12
171663,171676,171679,3,13
171663,171675,171679,4,12
171663,171675,171679,4,12
171663,171677,171679,2,14
171663,171677,171680,3,14
171663,171675,171679,4,12
171663,171676,171679,3,13
171663,171676,171680,4,13
171663,171676,171679,3,13
171663,171676,171680,4,13
171663,171676,171679,3,13
171663,171676,171679,3,13
171663,171677,171679,2,14
171663,171676,171680,4,13
171663,171676,171679,3,13
171663,171676,171680,4,13
171663,171676,171679,3,13
171663,171677,171680,3,14
171663,171677,171680,3,14
171663,171678,171680,2,15
171663,171677,171680,3,14
171663,171678,171681,3,15
171663,171677,171680,3,14
171663,171676,171680,4,13
171663,171677,171680,3,14
171663,171677,171680,3,14
171663,171678,171681,3,15
171663,171678,171681,3,15
171663,171677,171680,3,14
171663,171677,171680,3,14
171663,171678,171681,3,15
171663,171679,171681,2,16
171663,171678,171681,3,15
171663,171678,171681,3,15
171663,171679,171681,2,16
171663,171679,171682,3,16
171663,171678,171681,3,15
171663,171679,171682,3,16
171663,171680,171682,2,17
171663,171679,171682,3,16
171663,171680,171682,2,17
171663,171679,171681,2,16
171663,171679,171682,3,16
171663,171679,171682,3,16
171663,171678,171682,4,15
171663,171679,171682,3,16
171663,171680,171683,3,17
171663,171681,171682,1,18
171663,171681,171682,1,18
171663,171680,171683,3,17
171663,171680,171683,3,17
171663,171680,171683,3,17
171663,171679,171683,4,16
171663,171680,171682,2,17
171663,171680,171682,2,17
171663,171679,171682,3,16
171663,171680,171682,2,17
171663,171680,171683,3,17
171663,171680,171683,3,17
171663,171680,171683,3,17
171663,171680,171683,3,17
171663,171680,171683,3,17
171663,171680,171683,3,17
171663,171680,171683,3,17
171663,171680,171683,3,17
171663,171680,171683,3,17
171673,171681,171684,3,8
171673,171681,171684,3,8
171673,171681,171683,2,8
171673,171681,171684,3,8
171673,171681,171684,3,8
171673,171681,171684,3,8
170810,170816,171685,869,6
171673,171682,171685,3,9
171673,171682,171685,3,9
171673,171682,171685,3,9
171673,171682,171685,3,9
171673,171683,171685,2,10
171673,171683,171685,2,10
171673,171682,171685,3,9
171673,171681,171685,4,8
171673,171681,171685,4,8
171673,171681,171684,3,8
171673,171681,171685,4,8
171663,171663,171667,4,0
171673,171682,171685,3,9
171673,171682,171685,3,9
171673,171682,171685,3,9
171673,171682,171685,3,9
171673,171683,171686,3,10
171673,171683,171685,2,10
171673,171682,171686,4,9
171673,171682,171686,4,9
171673,171682,171685,3,9
171673,171683,171685,2,10
171673,171683,171686,3,10
171673,171682,171685,3,9
171673,171682,171685,3,9
171673,171683,171686,3,10
171673,171682,171686,4,9
171673,171683,171686,3,10
171673,171683,171686,3,10
171673,171683,171686,3,10
171673,171684,171686,2,11
171673,171684,171686,2,11
171673,171683,171687,4,10
171673,171684,171687,3,11
171673,171683,171687,4,10
171673,171683,171687,4,10
171673,171684,171686,2,11
171673,171683,171687,4,10
171673,171683,171687,4,10
171673,171684,171687,3,11
171673,171683,171687,4,10
171673,171684,171687,3,11
171673,171685,171687,2,12
171673,171682,171686,4,9
171673,171683,171687,4,10
171673,171685,171688,3,12
171673,171683,171687,4,10
171673,171684,171687,3,11
171673,171686,171688,2,13
171673,171684,171688,4,11
171673,171685,171688,3,12
171673,171685,171688,3,12
171663,171685,171688,3,22
171673,171685,171689,4,12
171673,171685,171688,3,12
171673,171685,171688,3,12
171673,171685,171688,3,12
171673,171686,171688,2,13
171673,171685,171688,3,12
171673,171685,171689,4,12
171673,171686,171689,3,13
171673,171685,171689,4,12
171663,171685,171689,4,22
171673,171685,171689,4,12
171673,171686,171689,3,13
171673,171685,171690,5,12
171673,171686,171689,3,13
171673,171686,171689,3,13
171673,171686,171690,4,13
171673,171686,171689,3,13
171673,171687,171690,3,14
171673,171687,171690,3,14
171673,171687,171690,3,14
171673,171687,171690,3,14
171673,171686,171690,4,13
171673,171686,171690,4,13
171673,171686,171690,4,13
171673,171688,171690,2,15
171673,171686,171690,4,13
171673,171686,171690,4,13
171673,171686,171690,4,13
171673,171688,171690,2,15
171673,171688,171690,2,15
171673,171688,171691,3,15
171673,171688,171690,2,15
171673,171688,171691,3,15
171673,171688,171690,2,15
171673,171688,171690,2,15
171673,171687,171690,3,14
171673,171687,171690,3,14
171673,171687,171690,3,14
171673,171688,171691,3,15
171673,171687,171691,4,14
171673,171688,171691,3,15
171673,171688,171691,3,15
171673,171689,171691,2,16
171673,171688,171691,3,15
171673,171688,171691,3,15
171673,171688,171691,3,15
171673,171688,171691,3,15
171673,171688,171691,3,15
171673,171688,171691,3,15
171673,171688,171691,3,15
171673,171689,171692,3,16
171673,171689,171691,2,16
171673,171690,171691,1,17
171673,171689,171691,2,16
171673,171689,171692,3,16
171673,171689,171692,3,16
171673,171689,171692,3,16
171673,171689,171692,3,16
171673,171689,171692,3,16
171673,171690,171692,2,17
171673,171690,171692,2,17
171673,171690,171692,2,17
171673,171689,171692,3,16
171673,171690,171693,3,17
171717,171717,171719,2,0
171717,171717,171720,3,0
171717,171717,171720,3,0
171717,171717,171720,3,0
171717,171717,171720,3,0
170818,170837,171719,882,19
171717,171717,171720,3,0
171717,171717,171720,3,0
171717,171717,171719,2,0
171717,171718,171721,3,1
171717,171717,171720,3,0
171717,171717,171721,4,0
171717,171717,171720,3,0
171717,171717,171721,4,0
171717,171717,171721,4,0
171717,171717,171721,4,0
171717,171717,171721,4,0
171717,171717,171721,4,0
171717,171717,171721,4,0
171717,171717,171720,3,0
171717,171717,171720,3,0
171717,171717,171721,4,0
171717,171717,171721,4,0
171717,171717,171721,4,0
171717,171717,171721,4,0
171717,171717,171721,4,0
171717,171717,171721,4,0
171717,171717,171721,4,0
171717,171717,171720,3,0
171717,171717,171721,4,0
171717,171717,171721,4,0
171717,171717,171721,4,0
171717,171717,171721,4,0
171717,171717,171722,5,0
171717,171717,171722,5,0
171717,171717,171721,4,0
171717,171717,171721,4,0
171717,171717,171721,4,0
171717,171717,171722,5,0
171717,171717,171721,4,0
171717,171717,171722,5,0
171717,171717,171721,4,0
171717,171717,171721,4,0
171717,171717,171721,4,0
171717,171717,171721,4,0
171717,171717,171722,5,0
171717,171717,171722,5,0
171717,171721,171723,2,4
171717,171720,171723,3,3
171717,171719,171723,4,2
171717,171721,171723,2,4
171717,171720,171723,3,3
171717,171721,171723,2,4
171717,171720,171723,3,3
171717,171718,171724,6,1
171717,171721,171723,2,4
171717,171720,171724,4,3
171717,171721,171724,3,4
171717,171721,171724,3,4
171717,171721,171724,3,4
171717,171721,171724,3,4
171717,171721,171724,3,4
171717,171720,171723,3,3
171717,171720,171724,4,3
171717,171720,171724,4,3
171717,171720,171724,4,3
171717,171721,171724,3,4
171717,171721,171724,3,4
171717,171721,171724,3,4
171717,171722,171725,3,5
171717,171722,171725,3,5
171717,171722,171725,3,5
171717,171721,171725,4,4
171717,171721,171725,4,4
171717,171724,171726,2,7
171717,171721,171725,4,4
171717,171721,171725,4,4
171717,171721,171725,4,4
171717,171721,171725,4,4
171717,171721,171725,4,4
171717,171723,171725,2,6
171717,171721,171725,4,4
171717,171721,171725,4,4
171717,171723,171725,2,6
171717,171723,171725,2,6
171717,171721,171725,4,4
171717,171721,171725,4,4
171717,171723,171726,3,6
171717,171723,171726,3,6
171717,171722,171726,4,5
171717,171722,171726,4,5
171717,171722,171726,4,5
171717,171724,171726,2,7
171717,171723,171726,3,6
171717,171725,171726,1,8
171717,171723,171726,3,6
171717,171721,171726,5,4
171717,171723,171726,3,6
171717,171723,171727,4,6
171717,171724,171726,2,7
171717,171724,171726,2,7
171717,171724,171727,3,7
171717,171725,171727,2,8
171717,171725,171727,2,8
171717,171725,171727,2,8
171717,171725,171727,2,8
171717,171725,171727,2,8
171717,171725,171727,2,8
171717,171725,171727,2,8
171717,171725,171727,2,8
171717,171722,171727,5,5
171717,171725,171727,2,8
171717,171725,171727,2,8
171717,171725,171727,2,8
171717,171725,171728,3,8
171717,171724,171728,4,7
171717,171725,171728,3,8
171717,171725,171728,3,8
171717,171725,171728,3,8
171717,171725,171729,4,8
171727,171728,171730,2,1
171727,171728,171730,2,1
171727,171728,171731,3,1
171727,171728,171730,2,1
171727,171728,171730,2,1
171727,171728,171731,3,1
171727,171728,171730,2,1
171727,171728,171731,3,1
171727,171728,171730,2,1
171727,171728,171731,3,1
171727,171728,171730,2,1
171727,171728,171732,4,1
171727,171728,171731,3,1
171727,171729,171731,2,2
171727,171728,171731,3,1
171727,171729,171731,2,2
171727,171729,171732,3,2
171727,171728,171731,3,1
171727,171728,171732,4,1
171727,171728,171731,3,1
171727,171728,171731,3,1
171727,171728,171731,3,1
171727,171728,171731,3,1
171727,171728,171731,3,1
171727,171728,171731,3,1
171727,171728,171731,3,1
171727,171728,171731,3,1
171727,171728,171731,3,1
171727,171728,171731,3,1
171727,171728,171732,4,1
171727,171729,171732,3,2
171727,171728,171731,3,1
171727,171728,171732,4,1
171727,171728,171731,3,1
171727,171728,171731,3,1
171727,171728,171731,3,1
171727,171728,171731,3,1
171717,171718,171732,14,1
171727,171728,171732,4,1
171727,171728,171732,4,1
171727,171728,171732,4,1
171727,171728,171732,4,1
171727,171728,171732,4,1
171727,171728,171732,4,1
171727,171728,171732,4,1
171727,171731,171733,2,4
171727,171729,171733,4,2
171727,171728,171732,4,1
171727,171731,171733,2,4
171727,171731,171734,3,4
171727,171731,171734,3,4
171727,171731,171733,2,4
171727,171731,171734,3,4
171727,171732,171734,2,5
171727,171732,171734,2,5
171727,171730,171735,5,3
171727,171731,171734,3,4
171727,171732,171735,3,5
171727,171732,171735,3,5
171727,171731,171735,4,4
171727,171731,171734,3,4
171727,171732,171735,3,5
171727,171732,171735,3,5
171727,171732,171734,2,5
171727,171732,171734,2,5
171727,171731,171734,3,4
171727,171731,171734,3,4
171727,171732,171735,3,5
171727,171732,171734,2,5
171727,171732,171735,3,5
171727,171732,171735,3,5
171727,171732,171735,3,5
171727,171732,171735,3,5
171727,171732,171735,3,5
171727,171732,171735,3,5
171727,171732,171735,3,5
171727,171732,171735,3,5
171727,171732,171735,3,5
171727,171732,171735,3,5
171727,171733,171736,3,6
171727,171732,171735,3,5
171727,171733,171735,2,6
171727,171732,171735,3,5
171727,171732,171736,4,5
171727,171732,171735,3,5
171727,171732,171735,3,5
171727,171733,171736,3,6
171727,171732,171735,3,5
171727,171733,171735,2,6
171727,171733,171736,3,6
171727,171733,171737,4,6
171727,171734,171736,2,7
171727,171733,171736,3,6
171727,171733,171736,3,6
171727,171734,171737,3,7
171727,171734,171736,2,7
171727,171734,171737,3,7
171727,171733,171736,3,6
171727,171733,171736,3,6
171727,171733,171737,4,6
171727,171735,171737,2,8
171727,171735,171737,2,8
171727,171735,171737,2,8
170891,170906,171737,831,15
171727,171735,171737,2,8
171727,171735,171737,2,8
171727,171735,171737,2,8
171727,171735,171737,2,8
171727,171735,171738,3,8
171727,171735,171738,3,8
171727,171735,171738,3,8
171727,171735,171737,2,8
171727,171735,171738,3,8
171727,171735,171737,2,8
171727,171735,171737,2,8
171727,171735,171737,2,8
171727,171734,171738,4,7
171727,171735,171738,3,8
171727,171735,171738,3,8
171727,171735,171738,3,8
171727,171735,171738,3,8
171738,171738,171741,3,0
171738,171738,171741,3,0
171738,171738,171741,3,0
171738,171738,171741,3,0
171738,171738,171741,3,0
171727,171735,171740,5,8
171738,171738,171741,3,0
171738,171738,171741,3,0
171738,171738,171742,4,0
171738,171738,171742,4,0
171738,171738,171742,4,0
171738,171738,171742,4,0
171738,171738,171742,4,0
171738,171738,171742,4,0
171738,171738,171742,4,0
171738,171738,171742,4,0
171738,171738,171742,4,0
171738,171738,171742,4,0
171738,171738,171742,4,0
171738,171738,171743,5,0
171738,171738,171742,4,0
171738,171738,171742,4,0
171738,171738,171742,4,0
171738,171738,171742,4,0
171738,171738,171742,4,0
171738,171738,171742,4,0
171738,171738,171742,4,0
171738,171738,171743,5,0
171738,171738,171742,4,0
171738,171738,171742,4,0
171738,171738,171743,5,0
171738,171738,171743,5,0
171738,171738,171744,6,0
171738,171738,171743,5,0
171738,171738,171743,5,0
171738,171739,171743,4,1
171738,171738,171743,5,0
171738,171738,171743,5,0
171738,171738,171743,5,0
171738,171738,171743,5,0
171738,171738,171744,6,0
171738,171740,171743,3,2
171738,171739,171744,5,1
171738,171739,171744,5,1
171738,171738,171744,6,0
171738,171742,171744,2,4
171738,171738,171744,6,0
171738,171740,171745,5,2
171738,171742,171745,3,4
171738,171743,171746,3,5
171738,171742,171745,3,4
171738,171738,171745,7,0
171738,171742,171745,3,4
171738,171742,171745,3,4
171738,171742,171745,3,4
171738,171743,171746,3,5
171738,171743,171746,3,5
171738,171743,171745,2,5
171738,171743,171746,3,5
171738,171743,171746,3,5
171738,171742,171746,4,4
171738,171742,171746,4,4
171738,171744,171746,2,6
171738,171743,171746,3,5
171738,171743,171746,3,5
171738,171743,171746,3,5
171738,171743,171746,3,5
171738,171743,171747,4,5
171738,171742,171746,4,4
171738,171743,171746,3,5
171738,171743,171747,4,5
171738,171744,171747,3,6
171738,171743,171746,3,5
171738,171743,171747,4,5
171738,171744,171747,3,6
171738,171742,171747,5,4
171738,171743,171746,3,5
171738,171744,171747,3,6
171738,171743,171747,4,5
171738,171744,171747,3,6
171738,171744,171746,2,6
171738,171743,171746,3,5
171738,171744,171747,3,6
171738,171744,171747,3,6
171738,171743,171747,4,5
171738,171743,171748,5,5
171738,171744,171747,3,6
171738,171745,171747,2,7
171738,171745,171747,2,7
171738,171743,171747,4,5
171738,171744,171747,3,6
171738,171744,171747,3,6
171738,171745,171748,3,7
171738,171745,171747,2,7
171738,171745,171747,2,7
171738,171746,171748,2,8
171738,171746,171749,3,8
171738,171746,171748,2,8
171738,171747,171749,2,9
171738,171746,171749,3,8
171738,171746,171749,3,8
171738,171746,171748,2,8
171738,171746,171749,3,8
171738,171746,171748,2,8
171738,171747,171749,2,9
171738,171747,171749,2,9
171738,171746,171749,3,8
171738,171747,171749,2,9
171738,171747,171749,2,9
171738,171747,171749,2,9
171738,171747,171750,3,9
171738,171747,171750,3,9
171738,171747,171749,2,9
171738,171746,171749,3,8
171738,171747,171750,3,9
171738,171747,171749,2,9
171738,171747,171750,3,9
171738,171747,171749,2,9
171738,171747,171749,2,9
171738,171746,171750,4,8
171738,171747,171750,3,9
170814,170827,171761,934,13
170877,170896,171781,885,19
171785,171786,171788,2,1
171785,171785,171788,3,0
171785,171785,171788,3,0
171785,171785,171788,3,0
171785,171785,171788,3,0
171785,171785,171788,3,0
171785,171785,171788,3,0
171785,171785,171789,4,0
171785,171785,171789,4,0
171785,171785,171789,4,0
171785,171785,171789,4,0
171785,171785,171789,4,0
171785,171785,171789,4,0
171785,171785,171789,4,0
171785,171785,171789,4,0
171785,171785,171789,4,0
171785,171785,171789,4,0
171785,171785,171789,4,0
171785,171785,171789,4,0
171785,171785,171789,4,0
171785,171785,171789,4,0
171785,171785,171789,4,0
171785,171785,171789,4,0
171785,171785,171789,4,0
171785,171785,171789,4,0
171785,171785,171789,4,0
171785,171785,171789,4,0
171785,171785,171789,4,0
171785,171785,171789,4,0
171785,171785,171790,5,0
171785,171785,171789,4,0
171785,171785,171789,4,0
171785,171785,171790,5,0
171785,171785,171790,5,0
171785,171785,171790,5,0
171785,171785,171790,5,0
171785,171785,171790,5,0
171785,171785,171790,5,0
171785,171785,171790,5,0
171785,171785,171790,5,0
171785,171785,171790,5,0
171785,171785,171790,5,0
171785,171790,171792,2,5
171785,171790,171792,2,5
171785,171789,171792,3,4
171785,171789,171792,3,4
171785,171789,171791,2,4
171785,171789,171792,3,4
171785,171789,171791,2,4
171785,171789,171791,2,4
171785,171790,171792,2,5
171785,171790,171792,2,5
171785,171790,171793,3,5
171785,171790,171793,3,5
171785,171790,171792,2,5
171785,171790,171792,2,5
171785,171790,171792,2,5
171785,171790,171793,3,5
171785,171790,171792,2,5
171785,171789,171793,4,4
171785,171789,171793,4,4
171785,171790,171793,3,5
171785,171790,171793,3,5
171785,171790,171793,3,5
171785,171790,171793,3,5
171785,171790,171793,3,5
171785,171790,171793,3,5
171785,171790,171793,3,5
171785,171790,171793,3,5
171785,171790,171793,3,5
171785,171790,171793,3,5
171785,171791,171794,3,6
171785,171791,171794,3,6
171785,171790,171794,4,5
171785,171791,171794,3,6
171785,171791,171794,3,6
171785,171790,171794,4,5
171785,171791,171794,3,6
171785,171791,171794,3,6
171785,171791,171794,3,6
171785,171791,171794,3,6
171785,171791,171795,4,6
171785,171792,171795,3,7
171785,171792,171794,2,7
171785,171791,171795,4,6
171785,171792,171794,2,7
171785,171792,171794,2,7
171785,171792,171794,2,7
171785,171792,171795,3,7
171785,171792,171796,4,7
171785,171792,171795,3,7
171785,171793,171795,2,8
171785,171793,171796,3,8
171785,171794,171796,2,9
171785,171794,171796,2,9
171785,171793,171796,3,8
171785,171794,171796,2,9
171785,171793,171795,2,8
171785,171793,171796,3,8
171785,171794,171796,2,9
171785,171794,171796,2,9
170888,170906,171797,891,18
171785,171794,171796,2,9
171785,171794,171796,2,9
171785,171794,171796,2,9
171785,171794,171796,2,9
171785,171793,171796,3,8
171785,171794,171796,2,9
171785,171794,171796,2,9
171785,171793,171796,3,8
171785,171794,171796,2,9
171785,171793,171796,3,8
171785,171793,171796,3,8
171785,171795,171797,2,10
171796,171796,171798,2,0
171796,171796,171799,3,0
171796,171796,171798,2,0
171796,171796,171799,3,0
171796,171796,171799,3,0
171796,171796,171798,2,0
171796,171796,171799,3,0
171796,171796,171799,3,0
171796,171796,171799,3,0
171796,171796,171799,3,0
171796,171797,171799,2,1
171785,171795,171799,4,10
171796,171796,171799,3,0
171796,171797,171799,2,1
171796,171796,171800,4,0
171796,171796,171799,3,0
171796,171796,171800,4,0
171796,171796,171799,3,0
171796,171796,171799,3,0
171796,171796,171800,4,0
171796,171796,171800,4,0
171796,171797,171800,3,1
171796,171797,171799,2,1
171796,171796,171799,3,0
171796,171796,171800,4,0
171796,171796,171800,4,0
171796,171796,171800,4,0
171796,171796,171799,3,0
171796,171796,171799,3,0
171796,171796,171800,4,0
171796,171797,171799,2,1
171796,171796,171800,4,0
171796,171796,171800,4,0
171796,171796,171800,4,0
171796,171797,171799,2,1
171785,171797,171801,4,12
171785,171797,171801,4,12
171796,171797,171800,3,1
171796,171797,171801,4,1
171796,171797,171801,4,1
171796,171798,171801,3,2
171796,171797,171801,4,1
171796,171796,171800,4,0
171796,171797,171801,4,1
171796,171797,171801,4,1
171796,171799,171802,3,3
171796,171799,171802,3,3
171796,171799,171802,3,3
171796,171800,171803,3,4
171796,171799,171803,4,3
171796,171799,171803,4,3
171796,171799,171803,4,3
171796,171799,171803,4,3
171796,171800,171803,3,4
171796,171800,171803,3,4
171796,171799,171803,4,3
171796,171800,171803,3,4
171796,171800,171803,3,4
171796,171800,171803,3,4
171796,171800,171803,3,4
171796,171799,171803,4,3
171796,171799,171803,4,3
171796,171799,171803,4,3
171796,171799,171803,4,3
171796,171799,171803,4,3
171796,171799,171803,4,3
171796,171800,171803,3,4
171796,171800,171803,3,4
171796,171800,171803,3,4
171796,171800,171803,3,4
171796,171800,171803,3,4
171796,171800,171803,3,4
171796,171801,171804,3,5
171796,171801,171803,2,5
171796,171800,171804,4,4
171796,171800,171804,4,4
171796,171801,171804,3,5
171796,171801,171804,3,5
171796,171801,171804,3,5
171796,171800,171804,4,4
171796,171800,171804,4,4
171796,171800,171804,4,4
171796,171800,171804,4,4
171785,171786,171789,3,1
171785,171786,171789,3,1
171785,171786,171789,3,1
171796,171801,171805,4,5
171796,171800,171805,5,4
171796,171801,171805,4,5
171796,171801,171805,4,5
171796,171800,171805,5,4
171796,171801,171805,4,5
171796,171802,171805,3,6
171796,171803,171805,2,7
171796,171803,171806,3,7
171796,171804,171806,2,8
171796,171804,171806,2,8
171796,171804,171806,2,8
171796,171803,171806,3,7
171796,171803,171806,3,7
171796,171803,171806,3,7
171796,171803,171806,3,7
171796,171803,171806,3,7
171796,171804,171806,2,8
171796,171804,171806,2,8
171796,171804,171806,2,8
171796,171804,171806,2,8
171796,171804,171806,2,8
171796,171804,171806,2,8
171796,171804,171806,2,8
171796,171804,171806,2,8
171796,171804,171806,2,8
171796,171804,171807,3,8
171796,171803,171806,3,7
171796,171804,171806,2,8
171796,171804,171807,3,8
171796,171804,171807,3,8
171796,171802,171806,4,6
171796,171804,171807,3,8
171796,171804,171806,2,8
171796,171803,171807,4,7
171796,171804,171807,3,8
171796,171803,171807,4,7
171796,171804,171807,3,8
171796,171804,171807,3,8
171799,171805,171807,2,6
171796,171804,171807,3,8
171799,171805,171808,3,6
171799,171805,171807,2,6
171799,171806,171809,3,7
171799,171805,171808,3,6
171799,171806,171809,3,7
171799,171806,171808,2,7
171799,171807,171809,2,8
171799,171807,171809,2,8
171799,171807,171809,2,8
171785,171805,171809,4,20
171799,171805,171809,4,6
171799,171805,171809,4,6
171799,171805,171809,4,6
171799,171806,171809,3,7
171799,171807,171809,2,8
171799,171807,171809,2,8
171799,171807,171809,2,8
171799,171807,171809,2,8
171799,171807,171810,3,8
171799,171806,171810,4,7
171799,171806,171809,3,7
171799,171806,171809,3,7
171799,171807,171809,2,8
171799,171807,171810,3,8
171799,171807,171809,2,8
171799,171806,171809,3,7
171799,171807,171810,3,8
171799,171808,171810,2,9
171799,171807,171810,3,8
171799,171807,171810,3,8
171799,171807,171810,3,8
171799,171807,171810,3,8
171799,171807,171810,3,8
171799,171807,171811,4,8
171799,171807,171811,4,8
171799,171807,171810,3,8
171799,171807,171810,3,8
171799,171807,171811,4,8
171799,171807,171810,3,8
171799,171807,171810,3,8
171799,171808,171811,3,9
171799,171808,171811,3,9
171799,171807,171811,4,8
171799,171808,171811,3,9
171799,171808,171812,4,9
171799,171808,171812,4,9
171799,171807,171811,4,8
171799,171808,171811,3,9
171799,171810,171812,2,11
171799,171810,171812,2,11
171799,171810,171812,2,11
171799,171809,171812,3,10
171799,171810,171813,3,11
171799,171808,171812,4,9
171799,171810,171813,3,11
171799,171808,171812,4,9
171799,171809,171812,3,10
171799,171810,171813,3,11
171799,171809,171812,3,10
171799,171810,171813,3,11
171799,171809,171812,3,10
171799,171810,171813,3,11
171799,171809,171813,4,10
171799,171809,171813,4,10
171799,171809,171813,4,10
171799,171811,171813,2,12
171799,171810,171813,3,11
171799,171810,171813,3,11
171799,171810,171813,3,11
171799,171810,171813,3,11
171799,171811,171813,2,12
171799,171810,171813,3,11
171799,171811,171813,2,12
171799,171811,171813,2,12
171799,171811,171813,2,12
171799,171811,171813,2,12
171799,171810,171814,4,11
171799,171810,171813,3,11
171799,171811,171814,3,12
171799,171811,171814,3,12
171799,171811,171814,3,12
171799,171811,171814,3,12
171799,171811,171814,3,12
171799,171810,171813,3,11
171799,171811,171814,3,12
171799,171810,171814,4,11
171799,171812,171814,2,13
171799,171812,171814,2,13
171799,171812,171815,3,13
171799,171811,171814,3,12
171799,171812,171815,3,13
171799,171812,171815,3,13
171799,171812,171815,3,13
171799,171812,171815,3,13
171799,171811,171814,3,12
171799,171814,171815,1,15
171799,171813,171816,3,14
171799,171813,171816,3,14
171799,171813,171816,3,14
171799,171814,171816,2,15
171799,171814,171816,2,15
171799,171813,171816,3,14
171799,171812,171815,3,13
171799,171813,171816,3,14
171799,171813,171816,3,14
171799,171813,171815,2,14
171799,171813,171816,3,14
171799,171813,171815,2,14
171799,171813,171815,2,14
171799,171813,171816,3,14
171799,171813,171816,3,14
171799,171813,171816,3,14
171799,171813,171816,3,14
171799,171814,171817,3,15
171799,171814,171816,2,15
171799,171814,171816,2,15
171799,171813,171816,3,14
171799,171814,171817,3,15
171799,171813,171817,4,14
171799,171813,171817,4,14
170947,170971,171825,854,24
171842,171842,171844,2,0
171842,171842,171844,2,0
171842,171842,171844,2,0
171842,171842,171844,2,0
171842,171842,171844,2,0
171842,171842,171844,2,0
171842,171842,171844,2,0
171842,171842,171844,2,0
171842,171842,171845,3,0
171842,171842,171844,2,0
171842,171842,171846,4,0
171842,171842,171846,4,0
171842,171842,171846,4,0
171842,171842,171846,4,0
171842,171842,171845,3,0
171842,171842,171845,3,0
171842,171842,171846,4,0
171842,171842,171846,4,0
171842,171842,171846,4,0
171842,171842,171846,4,0
171842,171842,171845,3,0
171842,171842,171846,4,0
171842,171842,171845,3,0
171842,171842,171845,3,0
171842,171842,171846,4,0
171842,171842,171845,3,0
171842,171842,171846,4,0
171842,171842,171846,4,0
171842,171842,171846,4,0
171842,171842,171847,5,0
171842,171842,171846,4,0
171842,171842,171846,4,0
171842,171842,171846,4,0
171842,171842,171846,4,0
171842,171842,171846,4,0
171842,171842,171846,4,0
171842,171842,171846,4,0
171842,171842,171846,4,0
171842,171842,171846,4,0
171842,171842,171846,4,0
171842,171842,171846,4,0
171842,171842,171846,4,0
171842,171842,171846,4,0
171842,171842,171846,4,0
171842,171844,171847,3,2
171842,171845,171847,2,3
171842,171845,171848,3,3
171842,171842,171847,5,0
171842,171842,171847,5,0
171842,171845,171848,3,3
171842,171845,171849,4,3
171842,171846,171849,3,4
171842,171846,171849,3,4
171842,171845,171849,4,3
171842,171845,171849,4,3
171842,171846,171849,3,4
171842,171845,171849,4,3
171842,171846,171849,3,4
171842,171845,171849,4,3
171842,171846,171850,4,4
171842,171846,171849,3,4
171842,171847,171849,2,5
171842,171847,171849,2,5
171842,171847,171850,3,5
171842,171846,171850,4,4
171842,171847,171850,3,5
171842,171847,171850,3,5
171842,171846,171849,3,4
171842,171846,171850,4,4
171842,171847,171850,3,5
171842,171847,171850,3,5
171842,171846,171850,4,4
171842,171846,171850,4,4
171842,171846,171850,4,4
171842,171847,171851,4,5
171842,171846,171850,4,4
171842,171847,171851,4,5
171842,171848,171851,3,6
171842,171846,171850,4,4
171842,171846,171851,5,4
171842,171846,171850,4,4
171842,171847,171851,4,5
171842,171847,171851,4,5
171842,171847,171851,4,5
171842,171847,171851,4,5
171842,171848,171851,3,6
171842,171847,171851,4,5
171842,171847,171851,4,5
171842,171847,171851,4,5
171842,171847,171851,4,5
171842,171849,171852,3,7
171842,171849,171852,3,7
171842,171847,171851,4,5
171842,171847,171851,4,5
171842,171848,171852,4,6
171842,171848,171852,4,6
171842,171849,171852,3,7
171842,171850,171853,3,8
171842,171850,171853,3,8
171842,171849,171853,4,7
171842,171849,171853,4,7
171842,171849,171853,4,7
171842,171849,171853,4,7
171842,171850,171853,3,8
171842,171850,171853,3,8
171842,171850,171853,3,8
171842,171849,171853,4,7
171842,171850,171853,3,8
171842,171850,171853,3,8
171842,171849,171852,3,7
171842,171850,171854,4,8
171842,171850,171853,3,8
171842,171850,171854,4,8
171842,171850,171854,4,8
171842,171851,171854,3,9
171842,171850,171854,4,8
171842,171849,171853,4,7
171842,171850,171854,4,8
171842,171851,171855,4,9
170958,170983,171865,882,25
171842,171865,171868,3,23
171867,171867,171870,3,0
171867,171867,171870,3,0
171867,171868,171870,2,1
171867,171867,171870,3,0
171867,171867,171870,3,0
171867,171867,171870,3,0
171867,171867,171869,2,0
171867,171867,171869,2,0
171867,171867,171870,3,0
171867,171867,171871,4,0
171867,171867,171871,4,0
171867,171867,171871,4,0
171867,171868,171871,3,1
171867,171867,171871,4,0
171867,171867,171871,4,0
171867,171867,171871,4,0
171867,171867,171871,4,0
171867,171867,171871,4,0
171867,171867,171871,4,0
171867,171867,171871,4,0
171867,171867,171871,4,0
171867,171867,171871,4,0
171867,171867,171871,4,0
171867,171867,171872,5,0
171867,171867,171871,4,0
171867,171867,171872,5,0
171867,171867,171872,5,0
171867,171867,171872,5,0
171867,171868,171872,4,1
171867,171867,171872,5,0
171867,171867,171871,4,0
171867,171867,171872,5,0
171867,171867,171872,5,0
171867,171867,171872,5,0
171867,171867,171872,5,0
171867,171867,171872,5,0
171867,171867,171872,5,0
171867,171867,171872,5,0
171867,171867,171872,5,0
171867,171867,171872,5,0
171867,171870,171872,2,3
171867,171867,171873,6,0
171867,171867,171873,6,0
171867,171867,171873,6,0
171867,171870,171873,3,3
171867,171869,171874,5,2
171867,171870,171874,4,3
171867,171871,171874,3,4
171867,171870,171874,4,3
171867,171870,171874,4,3
171867,171870,171875,5,3
171867,171871,171875,4,4
171867,171871,171875,4,4
171867,171872,171875,3,5
171867,171871,171875,4,4
171867,171870,171875,5,3
171867,171871,171875,4,4
171867,171871,171875,4,4
171867,171870,171875,5,3
171867,171871,171875,4,4
171867,171871,171875,4,4
171867,171871,171875,4,4
171867,171871,171875,4,4
171867,171873,171876,3,6
171867,171871,171876,5,4
171867,171871,171876,5,4
171867,171872,171876,4,5
171867,171873,171876,3,6
171867,171873,171876,3,6
171867,171873,171876,3,6
171867,171874,171877,3,7
171867,171871,171876,5,4
171867,171873,171877,4,6
171867,171873,171876,3,6
171867,171873,171876,3,6
171867,171873,171877,4,6
171867,171873,171876,3,6
171867,171873,171876,3,6
171867,171873,171876,3,6
171867,171873,171876,3,6
171867,171873,171876,3,6
171867,171874,171877,3,7
171867,171873,171877,4,6
171867,171873,171877,4,6
171867,171873,171878,5,6
171867,171875,171877,2,8
171867,171875,171878,3,8
171867,171873,171877,4,6
171867,171874,171877,3,7
171867,171874,171877,3,7
171867,171874,171877,3,7
171867,171875,171878,3,8
171867,171874,171878,4,7
171867,171876,171878,2,9
171867,171875,171878,3,8
171867,171875,171879,4,8
171867,171875,171879,4,8
171867,171876,171880,4,9
171867,171876,171879,3,9
171867,171876,171880,4,9
171867,171876,171880,4,9
171867,171876,171880,4,9
171867,171876,171879,3,9
171867,171876,171879,3,9
171867,171877,171880,3,10
171867,171876,171879,3,9
171867,171876,171879,3,9
171867,171877,171880,3,10
171867,171877,171880,3,10
171867,171877,171880,3,10
171867,171877,171880,3,10
171867,171875,171879,4,8
171867,171876,171880,4,9
171867,171877,171880,3,10
171867,171877,171880,3,10
171867,171877,171880,3,10
171867,171876,171880,4,9
171867,171877,171880,3,10
171867,171877,171880,3,10
171867,171876,171881,5,9
170961,170983,171889,906,22
171048,171063,171894,831,15
171915,171916,171918,2,1
171915,171916,171918,2,1
171915,171916,171918,2,1
171915,171916,171918,2,1
171915,171916,171918,2,1
171915,171916,171918,2,1
171915,171916,171919,3,1
171915,171916,171919,3,1
171915,171916,171919,3,1
171915,171916,171920,4,1
171915,171916,171919,3,1
171915,171916,171919,3,1
171915,171916,171920,4,1
171915,171916,171920,4,1
171915,171916,171919,3,1
171915,171916,171920,4,1
171915,171916,171920,4,1
171915,171916,171920,4,1
171915,171916,171920,4,1
171915,171916,171921,5,1
171915,171916,171920,4,1
171915,171916,171920,4,1
171915,171916,171920,4,1
171915,171916,171920,4,1
171915,171916,171920,4,1
171915,171916,171920,4,1
171915,171916,171920,4,1
171915,171916,171920,4,1
171915,171916,171920,4,1
171915,171916,171920,4,1
171915,171916,171921,5,1
171915,171916,171921,5,1
171915,171919,171921,2,4
171915,171916,171921,5,1
171915,171919,171921,2,4
171915,171919,171921,2,4
171915,171916,171921,5,1
171915,171916,171922,6,1
171915,171919,171923,4,4
171915,171919,171922,3,4
171915,171919,171922,3,4
171915,171919,171922,3,4
171915,171919,171923,4,4
171915,171919,171923,4,4
171915,171921,171924,3,6
171915,171919,171923,4,4
171915,171919,171923,4,4
171915,171920,171923,3,5
171915,171920,171923,3,5
171915,171920,171924,4,5
171915,171920,171923,3,5
171915,171920,171923,3,5
171915,171920,171924,4,5
171915,171921,171924,3,6
171915,171921,171924,3,6
171915,171922,171925,3,7
171915,171921,171925,4,6
171915,171922,171925,3,7
171915,171921,171924,3,6
171915,171921,171924,3,6
171915,171921,171924,3,6
171915,171921,171924,3,6
171915,171921,171924,3,6
171915,171921,171924,3,6
171915,171921,171924,3,6
171915,171922,171925,3,7
171915,171920,171924,4,5
171915,171920,171925,5,5
171915,171921,171925,4,6
171915,171921,171925,4,6
171915,171921,171924,3,6
171915,171922,171925,3,7
171915,171922,171925,3,7
171915,171921,171926,5,6
171915,171922,171925,3,7
171915,171921,171925,4,6
171915,171924,171927,3,9
171915,171923,171926,3,8
171915,171923,171927,4,8
171915,171923,171927,4,8
171915,171923,171926,3,8
171915,171924,171927,3,9
171915,171924,171926,2,9
171915,171923,171926,3,8
171915,171923,171926,3,8
171915,171924,171927,3,9
171915,171924,171927,3,9
171915,171924,171927,3,9
171915,171924,171927,3,9
171915,171925,171928,3,10
171915,171924,171928,4,9
171915,171924,171928,4,9
171915,171925,171928,3,10
171915,171925,171928,3,10
171915,171926,171928,2,11
171915,171925,171928,3,10
171915,171925,171928,3,10
171915,171925,171928,3,10
171915,171925,171929,4,10
171915,171925,171929,4,10
171915,171925,171928,3,10
171915,171925,171929,4,10
171915,171925,171929,4,10
171915,171925,171929,4,10
171915,171925,171928,3,10
171915,171925,171929,4,10
171915,171925,171929,4,10
171915,171926,171929,3,11
171915,171925,171928,3,10
171915,171925,171929,4,10
171915,171925,171928,3,10
171915,171925,171928,3,10
171915,171925,171929,4,10
171915,171926,171930,4,11
171915,171926,171930,4,11
171051,171076,171931,855,25
171915,171929,171931,2,14
171915,171929,171931,2,14
171915,171927,171931,4,12
171044,171051,171932,881,7
171915,171927,171932,5,12
171915,171929,171932,3,14
171915,171929,171931,2,14
171915,171927,171932,5,12
171915,171927,171932,5,12
171915,171928,171932,4,13
171915,171927,171932,5,12
171915,171928,171932,4,13
171915,171929,171932,3,14
171915,171927,171931,4,12
171915,171928,171933,5,13
171915,171929,171932,3,14
171915,171927,171932,5,12
171915,171929,171932,3,14
171915,171928,171933,5,13
171915,171927,171932,5,12
171915,171929,171933,4,14
171915,171929,171933,4,14
171915,171928,171933,5,13
171915,171928,171933,5,13
171915,171929,171933,4,14
171915,171929,171933,4,14
171915,171929,171933,4,14
171915,171927,171933,6,12
171915,171928,171933,5,13
171915,171929,171933,4,14
171915,171930,171934,4,15
171117,171126,171934,808,9
171915,171929,171934,5,14
171915,171930,171933,3,15
171915,171929,171933,4,14
171915,171930,171934,4,15
171915,171928,171934,6,13
171915,171928,171934,6,13
171915,171932,171934,2,17
171915,171933,171934,1,18
171915,171933,171934,1,18
171915,171929,171934,5,14
171915,171933,171934,1,18
171915,171929,171934,5,14
171915,171929,171935,6,14
171915,171931,171935,4,16
171915,171933,171935,2,18
171915,171932,171935,3,17
171915,171932,171934,2,17
171915,171931,171935,4,16
171915,171932,171936,4,17
171915,171934,171936,2,19
171915,171932,171936,4,17
171915,171933,171936,3,18
171915,171932,171936,4,17
171915,171931,171936,5,16
171915,171932,171937,5,17
171915,171932,171937,5,17
171915,171934,171938,4,19
171915,171934,171937,3,19
171915,171935,171937,2,20
171915,171934,171937,3,19
171915,171934,171937,3,19
171915,171934,171937,3,19
171915,171934,171937,3,19
171915,171934,171937,3,19
171915,171934,171937,3,19
171915,171934,171937,3,19
171915,171935,171937,2,20
171915,171935,171937,2,20
171915,171935,171937,2,20
171915,171934,171937,3,19
171915,171934,171938,4,19
171915,171934,171937,3,19
171915,171932,171937,5,17
171915,171933,171938,5,18
171915,171933,171938,5,18
171915,171933,171938,5,18
171915,171935,171938,3,20
171915,171935,171939,4,20
171915,171935,171938,3,20
171915,171935,171939,4,20
171915,171934,171938,4,19
171915,171934,171939,5,19
171915,171935,171939,4,20
171915,171934,171939,5,19
171915,171934,171939,5,19
171915,171935,171939,4,20
171915,171935,171939,4,20
171915,171934,171938,4,19
171915,171934,171938,4,19
171915,171934,171938,4,19
171915,171934,171938,4,19
171915,171934,171939,5,19
171915,171936,171939,3,21
171915,171936,171940,4,21
171915,171936,171939,3,21
171915,171935,171939,4,20
171915,171935,171940,5,20
171915,171938,171940,2,23
171915,171938,171941,3,23
171915,171937,171941,4,22
171915,171938,171941,3,23
171915,171936,171940,4,21
171915,171936,171941,5,21
171915,171937,171941,4,22
171915,171937,171941,4,22
171915,171938,171941,3,23
171915,171937,171941,4,22
171915,171938,171941,3,23
171915,171939,171942,3,24
171915,171938,171942,4,23
171915,171938,171942,4,23
171915,171938,171941,3,23
171915,171938,171942,4,23
171915,171939,171942,3,24
171915,171938,171942,4,23
171915,171938,171942,4,23
171915,171938,171941,3,23
171915,171938,171942,4,23
171915,171938,171942,4,23
171915,171938,171942,4,23
171915,171938,171942,4,23
171915,171938,171942,4,23
171915,171938,171942,4,23
171915,171938,171942,4,23
171933,171939,171943,4,6
171933,171939,171943,4,6
171933,171939,171943,4,6
171933,171939,171943,4,6
171933,171940,171943,3,7
171933,171940,171943,3,7
171915,171938,171943,5,23
171933,171939,171944,5,6
171933,171939,171944,5,6
171933,171939,171944,5,6
171933,171939,171944,5,6
171933,171939,171944,5,6
171933,171942,171945,3,9
171933,171942,171945,3,9
171933,171940,171944,4,7
171933,171940,171945,5,7
171933,171942,171945,3,9
171933,171942,171945,3,9
171933,171942,171944,2,9
171933,171942,171945,3,9
171933,171942,171944,2,9
171933,171941,171945,4,8
171933,171942,171945,3,9
171933,171941,171946,5,8
171933,171941,171945,4,8
171933,171942,171945,3,9
171933,171941,171946,5,8
171933,171941,171946,5,8
171933,171942,171946,4,9
171933,171945,171946,1,12
171933,171945,171946,1,12
171933,171941,171947,6,8
171933,171943,171947,4,10
171933,171941,171946,5,8
171933,171942,171946,4,9
171933,171941,171947,6,8
171933,171944,171946,2,11
171933,171942,171947,5,9
171933,171943,171947,4,10
171933,171944,171947,3,11
171933,171944,171947,3,11
171933,171944,171947,3,11
171933,171945,171948,3,12
171933,171942,171947,5,9
171933,171943,171947,4,10
171933,171942,171947,5,9
171933,171942,171948,6,9
171933,171943,171947,4,10
171933,171943,171947,4,10
171933,171942,171948,6,9
171933,171945,171948,3,12
171933,171943,171948,5,10
171933,171943,171948,5,10
171933,171944,171948,4,11
171933,171943,171948,5,10
171933,171943,171948,5,10
171933,171946,171948,2,13
171933,171945,171948,3,12
171933,171945,171949,4,12
171933,171945,171948,3,12
171933,171945,171949,4,12
171933,171945,171949,4,12
171933,171944,171949,5,11
171933,171946,171949,3,13
171933,171945,171950,5,12
171933,171946,171950,4,13
171933,171947,171950,3,14
171933,171947,171950,3,14
171933,171947,171950,3,14
171933,171948,171950,2,15
171933,171947,171951,4,14
171933,171947,171951,4,14
171933,171947,171951,4,14
171933,171945,171950,5,12
171933,171946,171951,5,13
171933,171946,171950,4,13
171933,171946,171951,5,13
171933,171947,171950,3,14
171933,171948,171951,3,15
171933,171948,171952,4,15
171933,171947,171952,5,14
171933,171947,171951,4,14
171933,171947,171951,4,14
171933,171948,171951,3,15
171933,171948,171951,3,15
171933,171948,171952,4,15
171933,171948,171952,4,15
171933,171948,171952,4,15
171933,171948,171952,4,15
171933,171948,171952,4,15
171933,171948,171952,4,15
171933,171948,171952,4,15
171933,171948,171952,4,15
171933,171949,171953,4,16
171933,171948,171953,5,15
171933,171949,171952,3,16
171933,171948,171952,4,15
171933,171949,171953,4,16
171933,171949,171952,3,16
171933,171949,171953,4,16
171933,171949,171953,4,16
171933,171948,171952,4,15
171933,171949,171953,4,16
171933,171949,171953,4,16
171933,171949,171953,4,16
171933,171951,171954,3,18
171933,171949,171953,4,16
171933,171950,171953,3,17
171933,171950,171954,4,17
171933,171951,171954,3,18
171933,171951,171954,3,18
171933,171951,171955,4,18
171933,171951,171954,3,18
171933,171951,171955,4,18
171933,171951,171955,4,18
171933,171951,171955,4,18
171933,171951,171955,4,18
171933,171951,171955,4,18
171933,171952,171955,3,19
171937,171953,171955,2,16
171937,171953,171955,2,16
171933,171951,171955,4,18
171937,171952,171956,4,15
171937,171952,171956,4,15
171937,171952,171956,4,15
171937,171952,171956,4,15
171933,171951,171955,4,18
171937,171953,171956,3,16
171937,171952,171956,4,15
171937,171953,171956,3,16
171937,171953,171956,3,16
171937,171953,171957,4,16
171937,171952,171956,4,15
171937,171953,171956,3,16
171937,171952,171956,4,15
171937,171954,171957,3,17
171937,171953,171957,4,16
171937,171952,171957,5,15
171937,171952,171957,5,15
171937,171953,171957,4,16
171937,171954,171957,3,17
171937,171955,171957,2,18
171937,171954,171957,3,17
171937,171952,171958,6,15
171937,171954,171958,4,17
171937,171954,171957,3,17
171937,171955,171958,3,18
171937,171953,171958,5,16
171937,171955,171957,2,18
171937,171955,171958,3,18
171937,171953,171958,5,16
171937,171954,171958,4,17
171937,171957,171958,1,20
171937,171955,171958,3,18
171937,171957,171958,1,20
171937,171954,171958,4,17
171937,171957,171958,1,20
171937,171957,171958,1,20
171937,171957,171959,2,20
171937,171957,171959,2,20
171937,171957,171959,2,20
171937,171956,171959,3,19
171937,171956,171959,3,19
171937,171956,171959,3,19
171937,171956,171959,3,19
171937,171953,171959,6,16
171937,171957,171960,3,20
171937,171956,171960,4,19
171937,171956,171960,4,19
171937,171956,171960,4,19
171937,171957,171960,3,20
171937,171956,171959,3,19
171937,171955,171959,4,18
171937,171956,171960,4,19
171937,171956,171960,4,19
171937,171957,171961,4,20
171937,171956,171961,5,19
171937,171956,171961,5,19
171937,171956,171960,4,19
171937,171957,171961,4,20
171937,171958,171961,3,21
171937,171958,171961,3,21
171937,171958,171961,3,21
171937,171958,171962,4,21
171937,171959,171961,2,22
171937,171959,171962,3,22
171937,171958,171962,4,21
171937,171959,171962,3,22
171937,171959,171961,2,22
171937,171959,171962,3,22
171937,171957,171961,4,20
171937,171957,171962,5,20
171937,171958,171962,4,21
171937,171960,171963,3,23
171937,171958,171962,4,21
171937,171958,171963,5,21
171937,171958,171963,5,21
171937,171957,171962,5,20
171937,171959,171963,4,22
171937,171959,171963,4,22
171937,171959,171963,4,22
171937,171960,171964,4,23
171937,171960,171964,4,23
171937,171960,171963,3,23
171937,171959,171963,4,22
171937,171959,171964,5,22
171937,171960,171963,3,23
171937,171960,171964,4,23
171937,171960,171963,3,23
171937,171960,171964,4,23
171937,171961,171964,3,24
171937,171960,171964,4,23
171937,171960,171963,3,23
171937,171961,171964,3,24
171937,171962,171965,3,25
171937,171960,171964,4,23
171937,171960,171964,4,23
171937,171961,171964,3,24
171937,171962,171965,3,25
171937,171960,171965,5,23
171937,171962,171965,3,25
171937,171962,171965,3,25
171937,171961,171965,4,24
171937,171961,171965,4,24
171937,171961,171965,4,24
171937,171962,171965,3,25
171937,171962,171966,4,25
171937,171962,171966,4,25
171937,171963,171966,3,26
171937,171962,171966,4,25
171937,171962,171965,3,25
171937,171962,171965,3,25
171937,171962,171965,3,25
171937,171962,171965,3,25
171937,171961,171966,5,24
171937,171962,171966,4,25
171937,171963,171967,4,26
171937,171964,171967,3,27
171937,171964,171967,3,27
171937,171964,171967,3,27
171937,171964,171967,3,27
171937,171964,171967,3,27
171937,171965,171967,2,28
171937,171963,171967,4,26
171937,171963,171967,4,26
171937,171965,171967,2,28
171937,171964,171967,3,27
171937,171965,171968,3,28
171937,171965,171968,3,28
171937,171964,171967,3,27
171937,171965,171968,3,28
171937,171964,171968,4,27
171937,171965,171968,3,28
171937,171964,171968,4,27
171937,171965,171968,3,28
171937,171964,171968,4,27
171937,171965,171968,3,28
171937,171966,171968,2,29
171937,171966,171968,2,29
171937,171966,171968,2,29
171937,171965,171968,3,28
171937,171965,171969,4,28
171937,171966,171968,2,29
171937,171965,171969,4,28
171937,171966,171969,3,29
171937,171966,171969,3,29
171937,171966,171969,3,29
171937,171966,171969,3,29
171937,171967,171970,3,30
171937,171968,171970,2,31
171937,171965,171969,4,28
171937,171966,171970,4,29
171937,171966,171969,3,29
171937,171967,171970,3,30
171937,171966,171970,4,29
171937,171966,171970,4,29
171937,171966,171970,4,29
171937,171966,171970,4,29
171937,171966,171970,4,29
171937,171968,171970,2,31
171937,171968,171970,2,31
171937,171968,171970,2,31
171937,171967,171970,3,30
171937,171967,171971,4,30
171937,171967,171970,3,30
171937,171967,171971,4,30
171937,171968,171971,3,31
171937,171967,171971,4,30
171937,171968,171972,4,31
171937,171968,171971,3,31
171937,171967,171971,4,30
171937,171968,171971,3,31
171937,171969,171972,3,32
171937,171968,171972,4,31
171937,171968,171971,3,31
171937,171969,171971,2,32
171937,171968,171972,4,31
171937,171969,171972,3,32
171937,171970,171972,2,33
171937,171969,171972,3,32
171937,171969,171972,3,32
171937,171970,171973,3,33
171937,171970,171973,3,33
171937,171969,171972,3,32
171937,171968,171972,4,31
171937,171968,171972,4,31
171937,171970,171973,3,33
171937,171971,171973,2,34
171937,171969,171973,4,32
171937,171970,171973,3,33
171937,171970,171974,4,33
171937,171971,171974,3,34
171937,171970,171973,3,33
171937,171970,171973,3,33
171937,171971,171974,3,34
171937,171971,171974,3,34
171937,171970,171973,3,33
171937,171970,171973,3,33
171937,171970,171974,4,33
171937,171970,171973,3,33
171937,171970,171974,4,33
171937,171970,171974,4,33
171937,171970,171974,4,33
171131,171139,171974,835,8
171937,171971,171974,3,34
171937,171971,171974,3,34
171937,171972,171974,2,35
171937,171972,171974,2,35
171937,171972,171974,2,35
171937,171971,171974,3,34
171937,171972,171975,3,35
171937,171971,171975,4,34
171937,171972,171975,3,35
171937,171971,171975,4,34
171937,171971,171975,4,34
171937,171972,171975,3,35
171937,171972,171975,3,35
171937,171973,171975,2,36
171937,171973,171975,2,36
171937,171973,171975,2,36
171937,171973,171976,3,36
171937,171973,171976,3,36
171937,171973,171975,2,36
171937,171972,171976,4,35
171937,171972,171975,3,35
171937,171973,171976,3,36
171937,171973,171975,2,36
171937,171974,171977,3,37
171937,171974,171976,2,37
171937,171973,171976,3,36
171937,171974,171976,2,37
171937,171974,171976,2,37
171937,171974,171976,2,37
171937,171974,171977,3,37
171937,171974,171977,3,37
171937,171974,171977,3,37
171937,171975,171978,3,38
171937,171975,171977,2,38
171937,171975,171978,3,38
171937,171973,171977,4,36
171989,171989,171992,3,0
171989,171989,171992,3,0
171989,171989,171992,3,0
171989,171989,171992,3,0
171989,171989,171993,4,0
171989,171989,171993,4,0
171989,171989,171993,4,0
171989,171989,171992,3,0
171989,171989,171993,4,0
171989,171989,171993,4,0
171989,171989,171993,4,0
171989,171989,171993,4,0
171989,171989,171992,3,0
171989,171989,171993,4,0
171989,171989,171993,4,0
171989,171989,171992,3,0
171989,171989,171993,4,0
171989,171989,171993,4,0
171989,171989,171993,4,0
171989,171989,171993,4,0
171989,171989,171993,4,0
171989,171989,171992,3,0
171989,171989,171993,4,0
171989,171989,171993,4,0
171989,171989,171993,4,0
171989,171989,171992,3,0
171989,171989,171993,4,0
171989,171989,171993,4,0
171989,171991,171994,3,2
171989,171989,171993,4,0
171989,171989,171994,5,0
171989,171989,171994,5,0
171989,171989,171994,5,0
171989,171989,171994,5,0
171989,171991,171994,3,2
171989,171991,171994,3,2
171989,171991,171995,4,2
171989,171993,171995,2,4
171989,171992,171995,3,3
171989,171992,171996,4,3
171989,171993,171996,3,4
171989,171993,171996,3,4
171989,171993,171995,2,4
171989,171993,171996,3,4
171989,171993,171996,3,4
171989,171993,171996,3,4
171989,171993,171996,3,4
171989,171992,171996,4,3
171989,171993,171996,3,4
171989,171993,171996,3,4
171989,171993,171996,3,4
171989,171992,171996,4,3
171989,171994,171997,3,5
171989,171993,171997,4,4
171989,171993,171997,4,4
171989,171993,171998,5,4
171989,171993,171997,4,4
171989,171993,171997,4,4
171989,171993,171997,4,4
171989,171993,171997,4,4
171989,171994,171998,4,5
171989,171993,171997,4,4
171989,171993,171997,4,4
171989,171993,171997,4,4
171989,171993,171997,4,4
171989,171994,171998,4,5
171989,171993,171998,5,4
171989,171995,171998,3,6
171989,171994,171998,4,5
171989,171995,171998,3,6
171989,171996,171999,3,7
171989,171995,171998,3,6
171989,171995,171998,3,6
171989,171996,171999,3,7
171989,171996,171999,3,7
171989,171996,171999,3,7
171989,171995,171999,4,6
171989,171995,171999,4,6
171989,171995,171999,4,6
171989,171997,171999,2,8
171989,171997,171999,2,8
171989,171997,171999,2,8
171989,171997,172000,3,8
171989,171997,172000,3,8
171989,171998,172000,2,9
171989,171997,172000,3,8
171989,171997,172000,3,8
171989,171999,172000,1,10
171989,171997,172000,3,8
171989,171997,172000,3,8
171989,171998,172000,2,9
171989,171998,172000,2,9
171989,171998,172000,2,9
171989,171997,172000,3,8
171989,171998,172000,2,9
171989,171998,172001,3,9
171989,171998,172000,2,9
171989,171998,172000,2,9
171989,171998,172000,2,9
171989,171999,172001,2,10
171937,171998,172001,3,61
171937,171998,172000,2,61
171989,171998,172001,3,9
171989,171998,172001,3,9
171989,171997,172001,4,8
171989,171999,172001,2,10
171989,171998,172002,4,9
171989,171998,172001,3,9
171989,171999,172001,2,10
171989,171999,172002,3,10
171989,171998,172001,3,9
171989,171999,172001,2,10
171989,171999,172001,2,10
171989,171999,172002,3,10
171989,172000,172002,2,11
171989,172000,172002,2,11
171989,172000,172002,2,11
171989,172000,172002,2,11
171989,172000,172002,2,11
171989,171999,172002,3,10
171989,171999,172002,3,10
171989,172000,172003,3,11
171103,171112,172007,895,9
172036,172036,172039,3,0
172036,172036,172038,2,0
172036,172036,172038,2,0
172036,172036,172038,2,0
172036,172036,172039,3,0
172036,172036,172038,2,0
172036,172036,172039,3,0
172036,172036,172039,3,0
172036,172036,172038,2,0
172036,172036,172039,3,0
172036,172036,172039,3,0
172036,172036,172040,4,0
172036,172036,172039,3,0
172036,172036,172040,4,0
172036,172036,172040,4,0
172036,172036,172040,4,0
172036,172036,172040,4,0
172036,172036,172039,3,0
172036,172036,172040,4,0
172036,172036,172040,4,0
172036,172036,172040,4,0
172036,172036,172040,4,0
172036,172036,172040,4,0
172036,172036,172040,4,0
172036,172036,172040,4,0
172036,172036,172039,3,0
172036,172036,172040,4,0
172036,172036,172040,4,0
172036,172036,172040,4,0
172036,172036,172040,4,0
172036,172036,172040,4,0
172036,172036,172040,4,0
172036,172036,172041,5,0
172036,172036,172041,5,0
172036,172036,172041,5,0
172036,172036,172041,5,0
172036,172036,172041,5,0
172036,172036,172041,5,0
172036,172036,172041,5,0
172036,172039,172042,3,3
172036,172036,172042,6,0
172036,172039,172042,3,3
172036,172039,172042,3,3
172036,172039,172042,3,3
172036,172039,172043,4,3
172036,172039,172043,4,3
172036,172040,172043,3,4
172036,172040,172043,3,4
172036,172040,172043,3,4
172036,172040,172043,3,4
172036,172039,172043,4,3
172036,172039,172043,4,3
172036,172041,172043,2,5
172036,172039,172043,4,3
172036,172041,172043,2,5
172036,172041,172043,2,5
172036,172041,172043,2,5
172036,172041,172043,2,5
172036,172040,172044,4,4
172036,172041,172043,2,5
172036,172040,172044,4,4
172036,172040,172044,4,4
172036,172040,172044,4,4
172036,172041,172043,2,5
172036,172041,172044,3,5
172036,172040,172043,3,4
172036,172041,172044,3,5
172036,172042,172045,3,6
172036,172042,172044,2,6
172036,172042,172045,3,6
172036,172043,172046,3,7
172036,172042,172045,3,6
172036,172042,172046,4,6
172036,172042,172046,4,6
172036,172044,172046,2,8
172036,172044,172047,3,8
172036,172044,172046,2,8
172036,172044,172046,2,8
172036,172044,172047,3,8
172036,172044,172047,3,8
172036,172044,172047,3,8
172036,172044,172046,2,8
172036,172044,172046,2,8
172036,172044,172047,3,8
172036,172045,172047,2,9
172036,172045,172047,2,9
172036,172045,172047,2,9
172036,172044,172047,3,8
172036,172044,172047,3,8
172036,172045,172048,3,9
172036,172044,172047,3,8
172036,172045,172047,2,9
172036,172044,172047,3,8
172036,172044,172047,3,8
172036,172045,172048,3,9
172036,172045,172048,3,9
172036,172044,172048,4,8
172036,172044,172048,4,8
172036,172044,172048,4,8
172036,172044,172048,4,8
172036,172046,172048,2,10
172036,172047,172049,2,11
172036,172047,172049,2,11
172036,172047,172049,2,11
172036,172047,172049,2,11
172036,172047,172049,2,11
172036,172047,172049,2,11
172036,172047,172050,3,11
172036,172046,172049,3,10
172036,172036,172041,5,0
172036,172039,172043,4,3
172036,172039,172043,4,3
172036,172059,172061,2,23
172036,172059,172062,3,23
172036,172059,172062,3,23
172036,172040,172044,4,4
172036,172040,172044,4,4
172036,172042,172045,3,6
171250,171256,172063,807,6
172036,172063,172065,2,27
172036,172063,172066,3,27
172065,172065,172067,2,0
172065,172065,172067,2,0
172065,172065,172067,2,0
172065,172065,172068,3,0
172065,172065,172068,3,0
172065,172065,172067,2,0
172065,172065,172067,2,0
172065,172065,172067,2,0
172065,172065,172067,2,0
172065,172065,172068,3,0
172065,172065,172068,3,0
172065,172065,172068,3,0
172065,172065,172068,3,0
172065,172065,172068,3,0
172065,172065,172068,3,0
172065,172065,172068,3,0
172065,172065,172068,3,0
172065,172065,172069,4,0
172065,172065,172068,3,0
172065,172065,172068,3,0
172065,172065,172068,3,0
172065,172065,172069,4,0
172065,172065,172068,3,0
172065,172065,172068,3,0
172065,172065,172068,3,0
172065,172065,172069,4,0
172065,172065,172068,3,0
172065,172065,172068,3,0
172065,172065,172069,4,0
172065,172065,172069,4,0
172065,172065,172069,4,0
172065,172065,172069,4,0
172065,172065,172069,4,0
172065,172065,172069,4,0
172065,172065,172069,4,0
172065,172065,172070,5,0
172065,172065,172069,4,0
172065,172066,172069,3,1
172065,172068,172069,1,3
172065,172065,172070,5,0
172065,172065,172070,5,0
172065,172068,172070,2,3
172065,172069,172070,1,4
172065,172069,172070,1,4
172065,172068,172071,3,3
172065,172069,172070,1,4
172065,172068,172071,3,3
172065,172067,172070,3,2
172065,172068,172071,3,3
172065,172068,172071,3,3
172065,172068,172071,3,3
172065,172068,172071,3,3
172065,172069,172072,3,4
172065,172068,172071,3,3
172065,172069,172072,3,4
172065,172069,172072,3,4
172065,172069,172072,3,4
172065,172069,172071,2,4
172065,172070,172072,2,5
172065,172069,172072,3,4
172065,172069,172072,3,4
172065,172069,172072,3,4
172065,172069,172072,3,4
172065,172070,172073,3,5
172065,172069,172073,4,4
172065,172070,172073,3,5
172065,172070,172073,3,5
172065,172069,172073,4,4
172065,172069,172072,3,4
172065,172069,172072,3,4
172065,172070,172073,3,5
172065,172069,172072,3,4
172065,172069,172073,4,4
172065,172070,172073,3,5
172065,172069,172073,4,4
172065,172069,172073,4,4
172065,172071,172074,3,6
172065,172070,172074,4,5
172065,172071,172073,2,6
172065,172069,172074,5,4
172065,172071,172074,3,6
172065,172072,172074,2,7
172065,172070,172073,3,5
172065,172071,172073,2,6
172065,172070,172073,3,5
172065,172071,172073,2,6
172065,172070,172073,3,5
172065,172070,172074,4,5
172065,172070,172073,3,5
172065,172072,172074,2,7
172065,172072,172074,2,7
172065,172072,172075,3,7
172065,172071,172074,3,6
172065,172072,172075,3,7
172065,172073,172075,2,8
172065,172073,172076,3,8
172065,172073,172076,3,8
172065,172073,172076,3,8
172065,172073,172076,3,8
172065,172073,172076,3,8
172065,172073,172075,2,8
172065,172072,172076,4,7
172065,172073,172075,2,8
172065,172073,172076,3,8
172065,172073,172075,2,8
172065,172073,172075,2,8
172065,172072,172075,3,7
172065,172073,172076,3,8
172065,172073,172076,3,8
172065,172072,172075,3,7
172065,172073,172076,3,8
172065,172073,172076,3,8
172065,172072,172075,3,7
172065,172072,172075,3,7
172065,172073,172076,3,8
172065,172073,172076,3,8
172065,172074,172077,3,9
172065,172074,172076,2,9
172065,172074,172077,3,9
172065,172073,172076,3,8
171178,171187,172078,891,9
171203,171210,172084,874,7
172084,172084,172087,3,0
172084,172084,172087,3,0
172084,172084,172087,3,0
172084,172084,172088,4,0
172084,172084,172087,3,0
172084,172084,172088,4,0
172084,172084,172088,4,0
172084,172084,172088,4,0
172084,172084,172088,4,0
171189,171199,172088,889,10
172084,172084,172088,4,0
172084,172084,172088,4,0
172084,172084,172088,4,0
172084,172084,172088,4,0
172084,172084,172088,4,0
172084,172084,172088,4,0
172084,172084,172088,4,0
172084,172084,172088,4,0
172084,172084,172088,4,0
172084,172084,172087,3,0
172084,172084,172088,4,0
172084,172084,172088,4,0
172084,172084,172088,4,0
172084,172084,172088,4,0
172084,172084,172088,4,0
172084,172084,172089,5,0
172084,172084,172088,4,0
172084,172084,172089,5,0
172084,172084,172089,5,0
172084,172084,172089,5,0
172084,172084,172089,5,0
172084,172084,172088,4,0
172084,172084,172088,4,0
172084,172084,172089,5,0
172084,172084,172089,5,0
172084,172084,172089,5,0
172084,172084,172089,5,0
172084,172084,172089,5,0
172084,172084,172090,6,0
172084,172088,172090,2,4
172084,172088,172090,2,4
172084,172087,172090,3,3
172084,172088,172090,2,4
172084,172087,172091,4,3
172084,172088,172091,3,4
172084,172088,172091,3,4
172084,172087,172091,4,3
172084,172088,172091,3,4
172084,172088,172091,3,4
172084,172089,172092,3,5
172084,172089,172092,3,5
172084,172088,172092,4,4
172084,172088,172092,4,4
172084,172088,172092,4,4
172084,172088,172092,4,4
172084,172088,172092,4,4
172084,172088,172092,4,4
172084,172088,172092,4,4
172084,172090,172092,2,6
172084,172090,172092,2,6
172084,172088,172092,4,4
172084,172088,172092,4,4
172084,172088,172092,4,4
172084,172089,172092,3,5
172084,172089,172092,3,5
172084,172089,172093,4,5
172084,172089,172093,4,5
172084,172089,172093,4,5
172084,172089,172093,4,5
172084,172089,172093,4,5
172084,172089,172093,4,5
172084,172089,172093,4,5
172084,172088,172093,5,4
172084,172090,172093,3,6
172084,172090,172093,3,6
172084,172090,172093,3,6
172084,172088,172093,5,4
172084,172091,172094,3,7
172084,172091,172094,3,7
172084,172092,172094,2,8
172084,172091,172094,3,7
172084,172091,172094,3,7
172084,172091,172094,3,7
172084,172092,172094,2,8
172084,172092,172094,2,8
172084,172093,172095,2,9
172084,172093,172095,2,9
172084,172091,172095,4,7
172084,172093,172095,2,9
172084,172092,172095,3,8
172084,172093,172095,2,9
172084,172092,172095,3,8
172084,172093,172096,3,9
172084,172093,172096,3,9
172084,172094,172096,2,10
172084,172093,172096,3,9
172084,172093,172096,3,9
172084,172093,172095,2,9
172084,172093,172095,2,9
172084,172094,172096,2,10
172084,172093,172095,2,9
172084,172093,172095,2,9
172084,172092,172096,4,8
172084,172094,172096,2,10
172084,172094,172097,3,10
172084,172094,172096,2,10
172084,172094,172096,2,10
172084,172093,172096,3,9
172084,172094,172096,2,10
172084,172094,172097,3,10
172084,172093,172096,3,9
172084,172093,172096,3,9
172084,172093,172096,3,9
172084,172094,172096,2,10
172084,172094,172096,2,10
172084,172094,172097,3,10
172084,172094,172097,3,10
172084,172104,172107,3,20
172084,172104,172107,3,20
172084,172104,172107,3,20
172084,172104,172108,4,20
172112,172112,172115,3,0
172112,172112,172114,2,0
172112,172112,172115,3,0
172112,172112,172115,3,0
172112,172112,172115,3,0
172112,172112,172115,3,0
172112,172112,172115,3,0
172112,172112,172116,4,0
172112,172112,172115,3,0
172112,172112,172115,3,0
172112,172112,172115,3,0
172112,172112,172116,4,0
172112,172112,172115,3,0
172112,172112,172115,3,0
172112,172112,172115,3,0
172112,172112,172116,4,0
172112,172112,172115,3,0
172112,172112,172115,3,0
172112,172112,172116,4,0
172112,172112,172115,3,0
172112,172112,172116,4,0
172112,172112,172116,4,0
172112,172112,172115,3,0
172112,172112,172116,4,0
172112,172112,172115,3,0
172112,172112,172116,4,0
172112,172112,172116,4,0
172112,172112,172115,3,0
172112,172112,172115,3,0
172112,172112,172115,3,0
172112,172112,172116,4,0
172112,172112,172116,4,0
172112,172112,172116,4,0
172112,172112,172116,4,0
172112,172112,172116,4,0
172112,172112,172116,4,0
172112,172112,172116,4,0
172112,172112,172116,4,0
172112,172112,172116,4,0
172112,172112,172116,4,0
172112,172115,172117,2,3
172112,172112,172117,5,0
172112,172112,172116,4,0
172112,172116,172118,2,4
172112,172116,172117,1,4
172112,172115,172118,3,3
172112,172115,172118,3,3
172112,172115,172119,4,3
172112,172115,172118,3,3
172112,172115,172119,4,3
172112,172116,172119,3,4
172112,172115,172118,3,3
172112,172116,172119,3,4
172112,172116,172120,4,4
172112,172116,172120,4,4
172112,172116,172120,4,4
172112,172117,172120,3,5
172112,172117,172120,3,5
172112,172117,172120,3,5
172112,172117,172120,3,5
172112,172116,172119,3,4
172112,172116,172120,4,4
172112,172116,172120,4,4
172112,172116,172120,4,4
172112,172116,172120,4,4
172112,172116,172120,4,4
172112,172117,172119,2,5
172112,172117,172120,3,5
172112,172116,172120,4,4
172112,172116,172120,4,4
172112,172116,172120,4,4
172112,172116,172120,4,4
172112,172116,172120,4,4
172112,172117,172120,3,5
172112,172117,172120,3,5
172112,172117,172121,4,5
172112,172117,172121,4,5
172112,172116,172120,4,4
172112,172119,172121,2,7
172112,172117,172121,4,5
172112,172116,172120,4,4
172112,172118,172121,3,6
172112,172116,172121,5,4
172112,172118,172121,3,6
172112,172116,172120,4,4
172112,172118,172122,4,6
172112,172118,172122,4,6
172112,172119,172121,2,7
172112,172119,172122,3,7
172112,172119,172122,3,7
172112,172119,172122,3,7
172112,172120,172122,2,8
172112,172120,172123,3,8
172112,172120,172123,3,8
172112,172120,172123,3,8
172112,172120,172123,3,8
172112,172120,172123,3,8
172112,172120,172123,3,8
172112,172120,172123,3,8
172112,172120,172123,3,8
172112,172119,172123,4,7
172112,172120,172123,3,8
172112,172120,172123,3,8
172112,172120,172123,3,8
172112,172120,172123,3,8
172112,172120,172123,3,8
172112,172120,172123,3,8
172112,172120,172123,3,8
172112,172120,172123,3,8
172112,172121,172124,3,9
172112,172120,172124,4,8
172112,172121,172123,2,9
172112,172120,172124,4,8
172112,172121,172124,3,9
172112,172121,172123,2,9
172112,172120,172123,3,8
172112,172121,172123,2,9
171261,171268,172129,861,7
172112,172133,172135,2,21
172132,172132,172135,3,0
172132,172132,172135,3,0
172132,172132,172135,3,0
172132,172132,172135,3,0
172132,172132,172135,3,0
172132,172132,172134,2,0
172132,172132,172135,3,0
172132,172132,172134,2,0
172132,172132,172135,3,0
172112,172133,172135,2,21
172112,172133,172135,2,21
172132,172133,172136,3,1
172132,172133,172136,3,1
172132,172132,172136,4,0
172132,172132,172136,4,0
172132,172132,172136,4,0
172132,172132,172135,3,0
172132,172132,172136,4,0
172132,172132,172136,4,0
172132,172132,172136,4,0
172132,172132,172135,3,0
172132,172132,172136,4,0
172132,172132,172136,4,0
172132,172132,172136,4,0
172132,172132,172136,4,0
172132,172132,172135,3,0
172132,172132,172136,4,0
172132,172132,172136,4,0
172132,172132,172135,3,0
172132,172132,172136,4,0
172132,172132,172135,3,0
172132,172132,172135,3,0
172132,172132,172135,3,0
172132,172132,172135,3,0
172132,172132,172136,4,0
172132,172132,172136,4,0
172132,172132,172136,4,0
172132,172132,172136,4,0
172132,172132,172137,5,0
172132,172132,172137,5,0
172132,172132,172137,5,0
172132,172135,172137,2,3
172132,172135,172138,3,3
172132,172136,172137,1,4
172132,172136,172137,1,4
172132,172135,172138,3,3
172132,172135,172138,3,3
172132,172135,172138,3,3
172132,172135,172138,3,3
172132,172136,172138,2,4
172132,172135,172138,3,3
172132,172135,172139,4,3
172132,172136,172139,3,4
172132,172135,172139,4,3
172132,172136,172139,3,4
172132,172136,172139,3,4
172132,172135,172140,5,3
172132,172136,172140,4,4
172132,172136,172140,4,4
172132,172136,172140,4,4
172132,172136,172140,4,4
172132,172136,172140,4,4
172132,172137,172140,3,5
172132,172136,172140,4,4
172132,172136,172140,4,4
172132,172136,172140,4,4
172132,172138,172140,2,6
172132,172136,172140,4,4
172132,172136,172140,4,4
172132,172136,172140,4,4
172132,172136,172140,4,4
172132,172137,172140,3,5
172132,172139,172141,2,7
172132,172136,172140,4,4
172132,172136,172140,4,4
172132,172136,172140,4,4
172132,172136,172140,4,4
172132,172139,172141,2,7
172132,172136,172141,5,4
172132,172136,172141,5,4
172132,172136,172141,5,4
172132,172138,172141,3,6
172132,172137,172141,4,5
172132,172136,172141,5,4
172132,172138,172141,3,6
172132,172138,172141,3,6
172132,172138,172141,3,6
172132,172138,172141,3,6
172132,172138,172141,3,6
172132,172139,172142,3,7
172132,172139,172142,3,7
172132,172138,172142,4,6
172132,172138,172142,4,6
172132,172139,172142,3,7
172132,172141,172143,2,9
172132,172139,172143,4,7
172132,172141,172143,2,9
172132,172141,172143,2,9
172132,172141,172143,2,9
172132,172141,172143,2,9
172132,172141,172143,2,9
172132,172141,172143,2,9
172132,172141,172143,2,9
172132,172141,172143,2,9
172132,172141,172143,2,9
172132,172141,172144,3,9
172132,172140,172143,3,8
172132,172141,172143,2,9
172132,172141,172143,2,9
172132,172141,172143,2,9
172132,172141,172143,2,9
172132,172141,172144,3,9
172132,172141,172144,3,9
172132,172141,172144,3,9
172132,172141,172144,3,9
172132,172142,172144,2,10
172132,172142,172144,2,10
172132,172141,172144,3,9
172132,172141,172144,3,9
172136,172142,172145,3,6
172136,172142,172145,3,6
172136,172142,172144,2,6
172136,172142,172144,2,6
172136,172142,172144,2,6
172132,172140,172145,5,8
172136,172143,172145,2,7
172136,172143,172145,2,7
172136,172143,172145,2,7
172136,172144,172145,1,8
172136,172144,172145,1,8
172136,172142,172145,3,6
172136,172142,172146,4,6
172136,172142,172146,4,6
172136,172143,172147,4,7
172136,172143,172146,3,7
172136,172143,172146,3,7
172136,172145,172146,1,9
172136,172144,172147,3,8
172136,172145,172147,2,9
172136,172144,172146,2,8
172136,172144,172146,2,8
172136,172144,172147,3,8
172136,172144,172147,3,8
172136,172144,172146,2,8
172136,172144,172146,2,8
172136,172144,172147,3,8
172136,172145,172147,2,9
172136,172145,172147,2,9
172136,172144,172147,3,8
172136,172145,172147,2,9
172136,172145,172148,3,9
172136,172145,172148,3,9
172136,172145,172148,3,9
172136,172144,172148,4,8
172136,172144,172147,3,8
172136,172144,172148,4,8
172136,172146,172148,2,10
172136,172146,172148,2,10
172136,172146,172148,2,10
172136,172145,172148,3,9
172136,172145,172148,3,9
172136,172145,172148,3,9
172136,172144,172148,4,8
172136,172144,172148,4,8
172136,172144,172148,4,8
172136,172145,172148,3,9
172136,172146,172148,2,10
172136,172146,172149,3,10
172136,172146,172149,3,10
171297,171303,172149,846,6
172136,172146,172149,3,10
172136,172147,172150,3,11
172136,172146,172149,3,10
172136,172146,172150,4,10
172136,172147,172150,3,11
172136,172148,172150,2,12
172136,172148,172150,2,12
172136,172147,172150,3,11
172136,172147,172150,3,11
172136,172147,172150,3,11
172136,172147,172150,3,11
172136,172147,172151,4,11
172136,172148,172150,2,12
172136,172148,172150,2,12
172136,172147,172151,4,11
172136,172147,172151,4,11
172136,172148,172150,2,12
172136,172148,172151,3,12
172136,172148,172151,3,12
172136,172148,172151,3,12
172136,172147,172151,4,11
172136,172148,172150,2,12
172136,172147,172151,4,11
172136,172148,172152,4,12
172136,172148,172152,4,12
172136,172147,172152,5,11
172136,172147,172151,4,11
172136,172148,172151,3,12
172136,172149,172151,2,13
172136,172149,172152,3,13
172136,172149,172152,3,13
172136,172149,172152,3,13
172136,172149,172152,3,13
172136,172149,172152,3,13
172136,172148,172152,4,12
172136,172150,172152,2,14
172136,172150,172152,2,14
172136,172149,172152,3,13
172136,172149,172152,3,13
172136,172150,172152,2,14
172136,172150,172153,3,14
172136,172150,172153,3,14
172136,172150,172153,3,14
172136,172150,172152,2,14
172136,172150,172153,3,14
172136,172151,172153,2,15
172136,172151,172153,2,15
172136,172152,172154,2,16
172136,172151,172154,3,15
172136,172151,172154,3,15
172136,172151,172154,3,15
172136,172151,172154,3,15
172136,172151,172154,3,15
172136,172151,172154,3,15
172136,172150,172154,4,14
172136,172151,172154,3,15
172136,172150,172154,4,14
172136,172151,172154,3,15
172136,172151,172154,3,15
172136,172152,172154,2,16
172136,172152,172154,2,16
172136,172152,172154,2,16
172136,172151,172154,3,15
172136,172151,172155,4,15
172136,172151,172154,3,15
172136,172152,172155,3,16
172136,172152,172154,2,16
172136,172152,172154,2,16
172136,172152,172155,3,16
172136,172152,172155,3,16
172136,172151,172155,4,15
172132,172155,172156,1,23
172132,172155,172156,1,23
171340,171348,172164,816,8
172188,172189,172191,2,1
172188,172189,172191,2,1
172188,172189,172191,2,1
172188,172189,172192,3,1
172188,172189,172191,2,1
172188,172189,172191,2,1
172188,172189,172191,2,1
172188,172189,172191,2,1
172188,172189,172192,3,1
172188,172189,172191,2,1
172188,172189,172193,4,1
172188,172189,172192,3,1
172188,172189,172192,3,1
172188,172189,172192,3,1
172188,172189,172192,3,1
172188,172189,172192,3,1
172188,172189,172193,4,1
172188,172189,172192,3,1
172188,172189,172193,4,1
172188,172189,172193,4,1
172188,172189,172192,3,1
172188,172189,172192,3,1
172188,172189,172192,3,1
172188,172189,172192,3,1
172188,172189,172192,3,1
172188,172189,172193,4,1
172188,172189,172192,3,1
172188,172189,172193,4,1
172188,172189,172193,4,1
172188,172189,172193,4,1
172188,172189,172194,5,1
172188,172189,172193,4,1
172188,172189,172193,4,1
172188,172192,172194,2,4
172188,172192,172195,3,4
172188,172191,172194,3,3
172188,172192,172194,2,4
172188,172192,172195,3,4
172188,172192,172194,2,4
172188,172193,172196,3,5
172188,172192,172195,3,4
172188,172193,172196,3,5
172188,172192,172195,3,4
172188,172192,172195,3,4
172188,172194,172196,2,6
172188,172193,172196,3,5
172188,172193,172196,3,5
172188,172193,172196,3,5
172188,172193,172196,3,5
172188,172193,172196,3,5
172188,172194,172197,3,6
172188,172195,172196,1,7
172188,172194,172197,3,6
172188,172193,172196,3,5
172188,172193,172196,3,5
172188,172193,172197,4,5
172188,172193,172197,4,5
172188,172193,172197,4,5
172188,172194,172196,2,6
172188,172194,172197,3,6
172188,172195,172197,2,7
172188,172193,172196,3,5
172188,172193,172196,3,5
172188,172194,172197,3,6
172188,172195,172197,2,7
172188,172195,172198,3,7
172188,172193,172197,4,5
172188,172195,172197,2,7
172188,172193,172197,4,5
172188,172193,172197,4,5
172188,172196,172198,2,8
172188,172196,172199,3,8
172188,172196,172199,3,8
172188,172196,172198,2,8
172188,172195,172198,3,7
172188,172196,172199,3,8
172188,172197,172199,2,9
172188,172197,172199,2,9
172188,172197,172199,2,9
172188,172197,172199,2,9
172188,172197,172199,2,9
172188,172197,172199,2,9
172188,172197,172199,2,9
172188,172197,172199,2,9
172188,172196,172199,3,8
172188,172197,172200,3,9
172188,172197,172200,3,9
172188,172198,172200,2,10
172188,172198,172200,2,10
172188,172197,172199,2,9
172188,172197,172200,3,9
172188,172197,172200,3,9
172188,172197,172200,3,9
172188,172197,172200,3,9
172188,172198,172201,3,10
172188,172198,172201,3,10
172188,172198,172201,3,10
172188,172198,172201,3,10
172188,172197,172200,3,9
172188,172197,172201,4,9
172188,172197,172200,3,9
172188,172198,172201,3,10
172188,172198,172201,3,10
172188,172198,172201,3,10
172188,172198,172201,3,10
172188,172199,172201,2,11
172188,172199,172201,2,11
172188,172199,172202,3,11
172188,172199,172201,2,11
172200,172200,172202,2,0
172188,172199,172202,3,11
172188,172199,172202,3,11
172188,172199,172202,3,11
172200,172200,172201,1,0
172188,172200,172202,2,12
172200,172200,172203,3,0
172200,172200,172203,3,0
172200,172200,172203,3,0
172200,172201,172203,2,1
172200,172201,172203,2,1
172200,172200,172204,4,0
172200,172200,172203,3,0
172200,172201,172203,2,1
172200,172200,172203,3,0
172200,172201,172204,3,1
172200,172200,172204,4,0
172200,172200,172204,4,0
172200,172201,172204,3,1
172200,172200,172204,4,0
172200,172200,172204,4,0
172200,172200,172204,4,0
172200,172201,172204,3,1
172200,172201,172204,3,1
172200,172201,172204,3,1
172200,172201,172204,3,1
172200,172202,172204,2,2
172200,172201,172205,4,1
172200,172201,172205,4,1
172200,172201,172205,4,1
172200,172201,172204,3,1
172200,172202,172205,3,2
172200,172202,172205,3,2
172200,172202,172205,3,2
172200,172203,172205,2,3
172200,172203,172205,2,3
172200,172203,172206,3,3
172200,172202,172206,4,2
172200,172202,172206,4,2
172200,172202,172206,4,2
172200,172202,172206,4,2
172200,172203,172206,3,3
172200,172202,172206,4,2
172200,172204,172206,2,4
172188,172189,172192,3,1
172188,172189,172193,4,1
172188,172189,172192,3,1
172188,172189,172193,4,1
172188,172189,172192,3,1
172188,172189,172192,3,1
172200,172204,172207,3,4
172200,172204,172207,3,4
172200,172204,172207,3,4
172200,172204,172207,3,4
172200,172204,172207,3,4
172200,172204,172207,3,4
172200,172205,172207,2,5
172200,172204,172207,3,4
172200,172204,172207,3,4
172200,172204,172208,4,4
172200,172204,172208,4,4
172200,172204,172208,4,4
172200,172204,172208,4,4
172200,172204,172208,4,4
172200,172204,172208,4,4
172200,172205,172208,3,5
172200,172206,172209,3,6
172200,172205,172209,4,5
172188,172207,172209,2,19
172200,172207,172209,2,7
172200,172207,172209,2,7
172200,172207,172209,2,7
172200,172207,172209,2,7
172200,172207,172209,2,7
172200,172205,172208,3,5
172200,172205,172208,3,5
172200,172205,172209,4,5
172200,172206,172209,3,6
172200,172206,172209,3,6
172200,172207,172209,2,7
172200,172206,172209,3,6
172200,172206,172209,3,6
172200,172206,172209,3,6
172200,172207,172209,2,7
172200,172206,172209,3,6
172200,172207,172209,2,7
172200,172206,172210,4,6
172200,172206,172210,4,6
172200,172208,172210,2,8
172200,172207,172210,3,7
172200,172207,172210,3,7
172200,172208,172210,2,8
172200,172208,172211,3,8
172200,172206,172210,4,6
172200,172207,172210,3,7
172200,172207,172211,4,7
172200,172207,172210,3,7
172200,172208,172211,3,8
172200,172208,172211,3,8
172200,172208,172211,3,8
172200,172208,172211,3,8
172200,172208,172211,3,8
172200,172208,172211,3,8
172200,172209,172211,2,9
172200,172208,172211,3,8
172200,172209,172212,3,9
172200,172209,172212,3,9
172200,172209,172211,2,9
172200,172209,172212,3,9
172200,172209,172212,3,9
172200,172209,172212,3,9
172200,172209,172212,3,9
172200,172209,172212,3,9
172200,172209,172212,3,9
172200,172209,172212,3,9
172200,172209,172212,3,9
172200,172210,172212,2,10
172200,172209,172212,3,9
172200,172210,172212,2,10
172200,172210,172212,2,10
172200,172210,172213,3,10
172200,172210,172213,3,10
172200,172210,172212,2,10
172200,172210,172212,2,10
172200,172210,172213,3,10
172200,172210,172214,4,10
172200,172210,172213,3,10
172200,172211,172213,2,11
172200,172211,172213,2,11
172200,172211,172214,3,11
172200,172211,172213,2,11
171388,171395,172271,876,7
172272,172272,172274,2,0
172272,172272,172275,3,0
172272,172272,172275,3,0
172272,172272,172274,2,0
172272,172272,172275,3,0
172272,172272,172274,2,0
172272,172272,172275,3,0
172272,172272,172275,3,0
172272,172272,172275,3,0
172272,172272,172275,3,0
172272,172272,172275,3,0
172272,172272,172275,3,0
172272,172272,172275,3,0
172272,172272,172275,3,0
172272,172272,172275,3,0
172272,172272,172275,3,0
172272,172272,172275,3,0
172272,172272,172276,4,0
172272,172272,172275,3,0
172272,172272,172276,4,0
172272,172272,172275,3,0
172272,172272,172276,4,0
172272,172272,172275,3,0
172272,172272,172276,4,0
172272,172272,172275,3,0
172272,172272,172275,3,0
172272,172272,172276,4,0
172272,172272,172276,4,0
172272,172272,172275,3,0
172272,172272,172275,3,0
172272,172272,172275,3,0
172272,172272,172275,3,0
172272,172272,172275,3,0
172272,172272,172276,4,0
172272,172272,172276,4,0
172272,172272,172276,4,0
172272,172272,172276,4,0
172272,172272,172276,4,0
172272,172272,172277,5,0
172272,172272,172276,4,0
172272,172272,172276,4,0
172272,172275,172278,3,3
172272,172274,172277,3,2
172272,172275,172278,3,3
172272,172275,172278,3,3
172272,172276,172278,2,4
172272,172277,172278,1,5
172272,172276,172278,2,4
172272,172276,172279,3,4
172272,172277,172278,1,5
172272,172275,172278,3,3
172272,172276,172279,3,4
172272,172275,172279,4,3
172272,172277,172279,2,5
172272,172275,172279,4,3
172272,172276,172279,3,4
172272,172276,172279,3,4
172272,172276,172280,4,4
172272,172276,172279,3,4
172272,172276,172280,4,4
172272,172276,172279,3,4
172272,172276,172279,3,4
172272,172276,172279,3,4
172272,172275,172279,4,3
172272,172276,172280,4,4
172272,172276,172279,3,4
172272,172275,172279,4,3
172272,172276,172280,4,4
172272,172276,172280,4,4
172272,172277,172279,2,5
172272,172276,172280,4,4
172272,172276,172280,4,4
172272,172276,172280,4,4
172272,172276,172279,3,4
172272,172276,172280,4,4
172272,172276,172280,4,4
172272,172276,172280,4,4
172272,172276,172280,4,4
172272,172278,172281,3,6
172272,172276,172281,5,4
172272,172277,172280,3,5
172272,172276,172280,4,4
172272,172277,172281,4,5
172272,172279,172281,2,7
172272,172279,172282,3,7
172272,172279,172281,2,7
172272,172279,172281,2,7
172272,172279,172281,2,7
172272,172279,172281,2,7
172272,172278,172282,4,6
172272,172278,172281,3,6
172272,172279,172282,3,7
172272,172278,172282,4,6
172272,172278,172281,3,6
172272,172279,172282,3,7
172272,172280,172283,3,8
172272,172279,172283,4,7
172272,172279,172282,3,7
172272,172280,172283,3,8
172272,172280,172283,3,8
172272,172279,172283,4,7
172272,172280,172283,3,8
172272,172280,172283,3,8
172272,172280,172283,3,8
172272,172280,172283,3,8
172272,172280,172283,3,8
172272,172280,172283,3,8
172272,172280,172283,3,8
172272,172280,172284,4,8
172272,172280,172283,3,8
172272,172280,172283,3,8
172272,172280,172284,4,8
172272,172281,172283,2,9
172272,172280,172283,3,8
172272,172281,172284,3,9
172272,172281,172284,3,9
172272,172281,172284,3,9
172272,172280,172283,3,8
172272,172281,172284,3,9
172272,172280,172283,3,8
171444,171452,172328,876,8
172331,172332,172334,2,1
172331,172332,172335,3,1
172331,172332,172335,3,1
172331,172332,172336,4,1
172331,172332,172335,3,1
172331,172332,172335,3,1
172331,172332,172336,4,1
172331,172332,172336,4,1
172331,172332,172335,3,1
172331,172332,172335,3,1
172331,172332,172336,4,1
172331,172332,172335,3,1
172331,172332,172336,4,1
172331,172332,172335,3,1
172331,172332,172336,4,1
172331,172332,172336,4,1
172331,172332,172336,4,1
172331,172332,172335,3,1
172331,172332,172336,4,1
172331,172332,172335,3,1
172331,172332,172335,3,1
172331,172332,172335,3,1
172331,172332,172335,3,1
172331,172332,172336,4,1
172331,172332,172336,4,1
172331,172332,172335,3,1
172331,172332,172335,3,1
172331,172332,172335,3,1
172331,172332,172336,4,1
172331,172332,172336,4,1
172331,172332,172336,4,1
172331,172332,172336,4,1
172331,172332,172336,4,1
172331,172332,172336,4,1
172331,172332,172336,4,1
172331,172332,172336,4,1
172331,172332,172336,4,1
172331,172335,172338,3,4
172331,172335,172337,2,4
172331,172336,172338,2,5
172331,172337,172339,2,6
172331,172336,172339,3,5
172331,172336,172340,4,5
172331,172336,172340,4,5
172331,172336,172340,4,5
172331,172336,172340,4,5
172331,172337,172340,3,6
172331,172336,172340,4,5
172331,172337,172339,2,6
172331,172336,172340,4,5
172331,172336,172339,3,5
172331,172337,172339,2,6
172331,172337,172339,2,6
172331,172336,172340,4,5
172331,172336,172339,3,5
172331,172336,172339,3,5
172331,172336,172340,4,5
172331,172336,172339,3,5
172331,172336,172339,3,5
172331,172336,172340,4,5
172331,172336,172340,4,5
172331,172337,172340,3,6
172331,172337,172341,4,6
172331,172337,172341,4,6
172331,172336,172340,4,5
172331,172336,172340,4,5
172331,172338,172340,2,7
172331,172336,172340,4,5
172331,172337,172340,3,6
172331,172336,172340,4,5
172331,172336,172340,4,5
172331,172336,172340,4,5
172331,172336,172340,4,5
172331,172338,172340,2,7
172331,172336,172341,5,5
172331,172336,172340,4,5
172331,172339,172341,2,8
172331,172339,172342,3,8
172331,172339,172342,3,8
172331,172340,172343,3,9
172331,172340,172342,2,9
172331,172340,172343,3,9
172331,172339,172343,4,8
172331,172340,172343,3,9
172331,172339,172343,4,8
172331,172339,172343,4,8
172331,172339,172343,4,8
172331,172340,172344,4,9
172331,172340,172344,4,9
172331,172340,172343,3,9
172331,172341,172344,3,10
172331,172341,172344,3,10
172331,172340,172343,3,9
172331,172340,172343,3,9
172331,172341,172344,3,10
172331,172340,172344,4,9
172331,172340,172343,3,9
172331,172340,172344,4,9
172331,172340,172344,4,9
172331,172341,172344,3,10
172331,172340,172344,4,9
172331,172340,172343,3,9
172331,172340,172343,3,9
172331,172341,172344,3,10
172331,172341,172344,3,10
172331,172340,172343,3,9
172331,172340,172343,3,9
172331,172340,172343,3,9
172331,172341,172343,2,10
172331,172341,172344,3,10
172331,172342,172344,2,11
172331,172341,172344,3,10
172331,172341,172344,3,10
172331,172342,172344,2,11
172331,172341,172344,3,10
172331,172341,172344,3,10
172331,172341,172344,3,10
172331,172341,172344,3,10
172331,172341,172344,3,10
172331,172343,172345,2,12
171450,171462,172348,886,12
171457,171481,172353,872,24
172375,172376,172379,3,1
172375,172376,172379,3,1
172375,172376,172378,2,1
172375,172376,172379,3,1
172375,172376,172379,3,1
172375,172376,172378,2,1
172375,172376,172379,3,1
172375,172376,172378,2,1
172375,172376,172378,2,1
172375,172376,172379,3,1
172375,172376,172379,3,1
172375,172376,172379,3,1
172375,172376,172379,3,1
172375,172376,172379,3,1
172375,172376,172379,3,1
172375,172376,172379,3,1
172375,172376,172379,3,1
172375,172376,172379,3,1
172375,172376,172380,4,1
172375,172376,172379,3,1
172375,172376,172380,4,1
172375,172376,172380,4,1
172375,172376,172379,3,1
172375,172376,172380,4,1
172375,172376,172379,3,1
172375,172376,172379,3,1
172375,172376,172379,3,1
172375,172376,172379,3,1
172375,172376,172379,3,1
172375,172376,172380,4,1
172375,172376,172380,4,1
172375,172376,172381,5,1
172375,172376,172380,4,1
172375,172376,172380,4,1
172375,172376,172380,4,1
172375,172376,172380,4,1
172375,172376,172381,5,1
172375,172376,172380,4,1
172375,172376,172380,4,1
172375,172376,172380,4,1
172375,172376,172380,4,1
172375,172376,172380,4,1
172375,172381,172382,1,6
172375,172380,172383,3,5
172375,172381,172383,2,6
172375,172379,172382,3,4
172375,172379,172382,3,4
172375,172379,172382,3,4
172375,172379,172382,3,4
172375,172380,172383,3,5
172375,172381,172383,2,6
172375,172379,172382,3,4
172375,172379,172382,3,4
172375,172379,172382,3,4
172375,172380,172383,3,5
172375,172379,172383,4,4
172375,172379,172382,3,4
172375,172380,172383,3,5
172375,172380,172383,3,5
172375,172381,172384,3,6
172375,172380,172384,4,5
172375,172380,172383,3,5
172375,172380,172383,3,5
172375,172380,172384,4,5
172375,172380,172383,3,5
172375,172380,172384,4,5
172375,172381,172384,3,6
172375,172380,172383,3,5
172375,172380,172383,3,5
172375,172381,172383,2,6
172375,172380,172384,4,5
172375,172381,172383,2,6
172375,172380,172383,3,5
172375,172381,172384,3,6
172375,172381,172384,3,6
172375,172380,172383,3,5
172375,172380,172383,3,5
172375,172380,172383,3,5
172375,172381,172384,3,6
172375,172380,172384,4,5
172375,172380,172384,4,5
172375,172380,172384,4,5
172375,172381,172384,3,6
172375,172381,172384,3,6
172375,172383,172386,3,8
172375,172383,172386,3,8
172375,172383,172385,2,8
172375,172383,172385,2,8
172375,172383,172386,3,8
172375,172383,172386,3,8
172375,172383,172386,3,8
172375,172383,172385,2,8
172375,172383,172386,3,8
172375,172383,172386,3,8
172375,172384,172386,2,9
172375,172384,172387,3,9
172375,172384,172387,3,9
172375,172383,172386,3,8
172375,172384,172387,3,9
172375,172383,172387,4,8
172375,172383,172387,4,8
172375,172384,172387,3,9
172375,172384,172387,3,9
172375,172384,172387,3,9
172375,172384,172386,2,9
172375,172383,172386,3,8
172375,172384,172387,3,9
172375,172384,172387,3,9
172375,172383,172386,3,8
172375,172384,172387,3,9
172375,172384,172387,3,9
172375,172384,172387,3,9
172375,172384,172387,3,9
172375,172384,172388,4,9
172375,172384,172387,3,9
172379,172385,172388,3,6
172379,172385,172388,3,6
172375,172384,172387,3,9
172375,172384,172387,3,9
172375,172384,172387,3,9
172375,172384,172387,3,9
172375,172384,172387,3,9
172379,172385,172388,3,6
172379,172385,172388,3,6
172379,172385,172388,3,6
172379,172386,172389,3,7
172379,172386,172389,3,7
172379,172386,172389,3,7
172379,172386,172389,3,7
172379,172386,172389,3,7
172379,172386,172389,3,7
172379,172386,172390,4,7
172379,172387,172390,3,8
172379,172386,172390,4,7
172379,172387,172389,2,8
172379,172386,172389,3,7
172379,172387,172390,3,8
172379,172386,172389,3,7
172379,172387,172389,2,8
172379,172387,172390,3,8
172379,172387,172390,3,8
172379,172387,172390,3,8
172379,172387,172390,3,8
172379,172387,172391,4,8
172379,172387,172390,3,8
172379,172387,172391,4,8
172379,172388,172391,3,9
172379,172387,172391,4,8
172379,172388,172391,3,9
172379,172387,172391,4,8
172379,172387,172391,4,8
172379,172387,172391,4,8
172379,172387,172391,4,8
172379,172387,172391,4,8
172379,172388,172391,3,9
172379,172388,172392,4,9
172379,172388,172392,4,9
172379,172387,172391,4,8
172379,172388,172392,4,9
172379,172388,172392,4,9
172379,172389,172392,3,10
172379,172388,172392,4,9
172379,172388,172392,4,9
172379,172388,172392,4,9
172379,172389,172393,4,10
172379,172389,172393,4,10
172379,172388,172392,4,9
172379,172390,172393,3,11
172379,172389,172393,4,10
172379,172389,172393,4,10
172379,172389,172394,5,10
172379,172391,172393,2,12
172379,172391,172394,3,12
172379,172390,172394,4,11
172379,172390,172394,4,11
172379,172391,172394,3,12
172379,172390,172394,4,11
172379,172390,172394,4,11
172379,172390,172394,4,11
172379,172390,172394,4,11
172379,172391,172394,3,12
172379,172389,172393,4,10
172379,172392,172394,2,13
172379,172390,172394,4,11
172379,172389,172394,5,10
172379,172391,172394,3,12
172379,172391,172394,3,12
172379,172391,172394,3,12
172379,172391,172395,4,12
172379,172392,172394,2,13
172379,172392,172395,3,13
172379,172392,172395,3,13
172379,172392,172395,3,13
172379,172390,172394,4,11
172379,172391,172395,4,12
172379,172392,172395,3,13
172379,172392,172395,3,13
172379,172391,172395,4,12
172379,172392,172395,3,13
172379,172392,172395,3,13
172379,172393,172395,2,14
172379,172393,172395,2,14
172379,172391,172395,4,12
172379,172393,172396,3,14
172379,172391,172396,5,12
172379,172393,172396,3,14
172379,172393,172396,3,14
172379,172393,172396,3,14
172379,172394,172396,2,15
172379,172394,172397,3,15
172379,172394,172397,3,15
172379,172394,172397,3,15
172379,172394,172397,3,15
172379,172394,172397,3,15
172379,172394,172397,3,15
172379,172393,172397,4,14
172379,172394,172397,3,15
172379,172394,172397,3,15
172379,172394,172397,3,15
172379,172396,172397,1,17
172379,172394,172397,3,15
172379,172394,172397,3,15
172379,172395,172398,3,16
172379,172395,172397,2,16
172379,172395,172397,2,16
172379,172394,172398,4,15
172379,172394,172397,3,15
172379,172395,172398,3,16
172379,172394,172398,4,15
172379,172396,172398,2,17
172379,172395,172398,3,16
172379,172395,172398,3,16
172379,172394,172398,4,15
172379,172396,172398,2,17
172379,172396,172398,2,17
172379,172396,172398,2,17
172379,172396,172398,2,17
172379,172395,172398,3,16
172379,172395,172398,3,16
172379,172396,172398,2,17
171524,171568,172452,884,44
172453,172454,172456,2,1
172453,172454,172456,2,1
172453,172454,172456,2,1
172453,172454,172457,3,1
172453,172454,172457,3,1
172453,172454,172457,3,1
172453,172454,172457,3,1
172453,172454,172456,2,1
172453,172454,172456,2,1
172453,172454,172457,3,1
172453,172454,172457,3,1
172453,172454,172458,4,1
172453,172454,172458,4,1
172453,172454,172457,3,1
172453,172454,172457,3,1
172453,172454,172458,4,1
172453,172454,172457,3,1
172453,172454,172458,4,1
172453,172454,172457,3,1
172453,172454,172457,3,1
172453,172454,172457,3,1
172453,172454,172457,3,1
172453,172454,172457,3,1
172453,172454,172457,3,1
172453,172454,172458,4,1
172453,172454,172457,3,1
172453,172454,172457,3,1
172453,172454,172458,4,1
172453,172454,172458,4,1
172453,172454,172458,4,1
172453,172454,172458,4,1
172453,172454,172458,4,1
172453,172454,172458,4,1
172453,172454,172458,4,1
172453,172454,172458,4,1
172453,172454,172458,4,1
172453,172454,172458,4,1
172453,172454,172458,4,1
172453,172454,172458,4,1
172453,172454,172458,4,1
172453,172454,172458,4,1
172453,172457,172460,3,4
172453,172458,172460,2,5
172453,172457,172459,2,4
172453,172457,172460,3,4
172453,172457,172460,3,4
172453,172457,172460,3,4
172453,172458,172461,3,5
172453,172458,172461,3,5
172453,172457,172461,4,4
172453,172458,172461,3,5
172453,172457,172460,3,4
172453,172457,172461,4,4
172453,172458,172460,2,5
172453,172458,172461,3,5
172453,172458,172461,3,5
172453,172459,172461,2,6
172453,172458,172461,3,5
172453,172458,172461,3,5
172453,172459,172461,2,6
172453,172458,172461,3,5
172453,172458,172461,3,5
172453,172458,172461,3,5
172453,172458,172461,3,5
172453,172458,172461,3,5
172453,172457,172461,4,4
172453,172458,172461,3,5
172453,172458,172461,3,5
172453,172458,172461,3,5
172453,172458,172462,4,5
172453,172458,172461,3,5
172453,172458,172461,3,5
172453,172458,172462,4,5
172453,172459,172462,3,6
172453,172459,172462,3,6
172453,172460,172463,3,7
172453,172459,172462,3,6
172453,172459,172463,4,6
172453,172459,172462,3,6
172453,172459,172463,4,6
172453,172459,172463,4,6
172453,172459,172463,4,6
172453,172459,172463,4,6
172453,172461,172463,2,8
172453,172461,172463,2,8
172453,172461,172463,2,8
172453,172461,172464,3,8
172453,172462,172464,2,9
172453,172462,172464,2,9
172453,172460,172463,3,7
172453,172462,172464,2,9
172453,172460,172463,3,7
172453,172461,172464,3,8
172453,172461,172464,3,8
172453,172461,172464,3,8
172453,172461,172464,3,8
172453,172461,172463,2,8
172453,172461,172464,3,8
172453,172462,172465,3,9
172453,172462,172464,2,9
172453,172461,172464,3,8
172453,172462,172464,2,9
172453,172462,172465,3,9
172453,172462,172464,2,9
172453,172462,172465,3,9
172453,172462,172465,3,9
172453,172462,172465,3,9
172453,172462,172465,3,9
172453,172462,172465,3,9
172453,172462,172465,3,9
172453,172462,172465,3,9
172453,172462,172465,3,9
172453,172463,172465,2,10
172453,172463,172466,3,10
172453,172462,172465,3,9
172453,172462,172465,3,9
172453,172463,172466,3,10
172453,172462,172465,3,9
172453,172463,172466,3,10
172453,172463,172466,3,10
171513,171551,172492,941,38
172497,172498,172500,2,1
172497,172498,172500,2,1
172497,172498,172501,3,1
172497,172498,172500,2,1
172497,172498,172500,2,1
172497,172498,172501,3,1
172497,172498,172502,4,1
172497,172498,172501,3,1
172497,172498,172501,3,1
172497,172498,172501,3,1
172497,172498,172501,3,1
172497,172498,172501,3,1
172497,172498,172501,3,1
172497,172498,172502,4,1
172497,172498,172501,3,1
172497,172498,172501,3,1
172497,172498,172501,3,1
172497,172498,172501,3,1
172497,172498,172501,3,1
172497,172498,172501,3,1
172497,172498,172501,3,1
172497,172498,172501,3,1
172497,172498,172501,3,1
172497,172498,172501,3,1
172497,172498,172501,3,1
172497,172498,172501,3,1
172497,172498,172501,3,1
172497,172498,172502,4,1
172497,172498,172501,3,1
172497,172498,172501,3,1
172497,172498,172501,3,1
172497,172498,172502,4,1
172497,172498,172502,4,1
172497,172498,172502,4,1
172497,172498,172502,4,1
172497,172498,172502,4,1
172497,172498,172502,4,1
172497,172498,172503,5,1
172497,172498,172502,4,1
172497,172498,172502,4,1
172497,172498,172502,4,1
172497,172500,172503,3,3
172497,172501,172504,3,4
172497,172501,172504,3,4
172497,172502,172504,2,5
171618,171625,172504,879,7
172497,172502,172505,3,5
172497,172501,172505,4,4
172497,172502,172505,3,5
172497,172502,172505,3,5
172497,172502,172504,2,5
172497,172501,172504,3,4
172497,172502,172505,3,5
172497,172502,172505,3,5
172497,172502,172505,3,5
172497,172502,172506,4,5
172497,172502,172506,4,5
172497,172502,172506,4,5
172497,172502,172505,3,5
172497,172502,172505,3,5
172497,172502,172505,3,5
172497,172502,172505,3,5
172497,172502,172506,4,5
172497,172502,172505,3,5
172497,172502,172505,3,5
172497,172503,172506,3,6
172497,172502,172506,4,5
172497,172502,172505,3,5
172497,172502,172506,4,5
172497,172502,172506,4,5
172497,172503,172506,3,6
172497,172503,172506,3,6
172497,172503,172507,4,6
172497,172503,172506,3,6
172497,172502,172506,4,5
172497,172503,172507,4,6
172497,172503,172507,4,6
172497,172503,172506,3,6
172497,172504,172506,2,7
172497,172502,172506,4,5
172497,172503,172506,3,6
172497,172502,172506,4,5
172497,172504,172507,3,7
172497,172505,172507,2,8
172497,172502,172506,4,5
172497,172505,172507,2,8
172497,172505,172508,3,8
172497,172505,172507,2,8
172497,172503,172507,4,6
172497,172505,172507,2,8
172497,172505,172508,3,8
172497,172505,172508,3,8
172497,172506,172508,2,9
172497,172506,172508,2,9
172497,172505,172509,4,8
172497,172506,172508,2,9
172497,172506,172508,2,9
172497,172506,172509,3,9
172497,172506,172509,3,9
172497,172506,172509,3,9
172497,172505,172508,3,8
172497,172506,172508,2,9
172497,172506,172508,2,9
172497,172507,172509,2,10
172497,172506,172509,3,9
172497,172507,172509,2,10
172497,172506,172508,2,9
172497,172506,172509,3,9
172497,172507,172510,3,10
172497,172506,172510,4,9
172497,172506,172509,3,9
172497,172506,172509,3,9
172497,172506,172509,3,9
172497,172507,172510,3,10
172497,172507,172510,3,10
172497,172507,172510,3,10
172497,172507,172510,3,10
172497,172507,172510,3,10
172497,172507,172509,2,10
172497,172507,172510,3,10
172508,172508,172511,3,0
172508,172508,172511,3,0
172508,172509,172511,2,1
172497,172507,172510,3,10
172508,172508,172511,3,0
172508,172509,172511,2,1
172508,172509,172511,2,1
172508,172509,172511,2,1
172508,172509,172511,2,1
172508,172509,172511,2,1
172508,172508,172511,3,0
172508,172508,172511,3,0
172508,172508,172511,3,0
172508,172509,172512,3,1
172508,172508,172511,3,0
172508,172509,172511,2,1
172508,172508,172512,4,0
172508,172509,172512,3,1
172508,172509,172511,2,1
172508,172508,172512,4,0
172508,172508,172512,4,0
172508,172508,172512,4,0
172508,172509,172512,3,1
172508,172509,172513,4,1
172508,172509,172512,3,1
172508,172509,172512,3,1
172508,172509,172512,3,1
172508,172510,172513,3,2
172508,172510,172513,3,2
172508,172509,172513,4,1
172508,172510,172513,3,2
172508,172509,172513,4,1
172508,172510,172514,4,2
172508,172511,172514,3,3
172508,172510,172514,4,2
172508,172510,172514,4,2
172508,172511,172513,2,3
172508,172510,172514,4,2
172508,172510,172514,4,2
172508,172510,172514,4,2
172508,172511,172514,3,3
172508,172511,172514,3,3
172508,172511,172514,3,3
172508,172511,172514,3,3
172508,172511,172514,3,3
172508,172511,172515,4,3
172508,172510,172514,4,2
172508,172511,172514,3,3
172508,172512,172515,3,4
172508,172512,172515,3,4
172508,172511,172515,4,3
172508,172511,172515,4,3
172508,172512,172515,3,4
172508,172512,172515,3,4
172508,172512,172515,3,4
172508,172513,172515,2,5
172508,172510,172515,5,2
172508,172512,172516,4,4
172508,172512,172516,4,4
172508,172512,172515,3,4
172508,172513,172516,3,5
172508,172513,172515,2,5
172508,172512,172516,4,4
172508,172512,172516,4,4
172508,172513,172516,3,5
172508,172512,172516,4,4
172508,172513,172516,3,5
172508,172514,172517,3,6
172508,172512,172516,4,4
172508,172514,172517,3,6
172508,172514,172517,3,6
172508,172514,172516,2,6
172508,172514,172517,3,6
172508,172514,172517,3,6
172508,172514,172517,3,6
172508,172514,172517,3,6
172508,172514,172517,3,6
172508,172514,172517,3,6
172508,172513,172517,4,5
172508,172515,172518,3,7
172508,172513,172517,4,5
172508,172515,172517,2,7
172508,172513,172517,4,5
172508,172515,172518,3,7
172508,172514,172518,4,6
172508,172514,172518,4,6
172508,172515,172518,3,7
172508,172513,172518,5,5
172508,172515,172518,3,7
172508,172516,172518,2,8
172508,172514,172518,4,6
172508,172515,172518,3,7
172508,172516,172518,2,8
172508,172516,172518,2,8
172508,172516,172518,2,8
172508,172516,172518,2,8
172508,172517,172518,1,9
172508,172517,172519,2,9
172508,172517,172518,1,9
172508,172517,172518,1,9
172508,172516,172519,3,8
172508,172516,172519,3,8
172508,172516,172519,3,8
172508,172516,172519,3,8
172508,172515,172519,4,7
172508,172516,172519,3,8
172508,172516,172519,3,8
172508,172518,172520,2,10
172508,172516,172519,3,8
172508,172517,172520,3,9
172508,172517,172520,3,9
172508,172517,172520,3,9
172508,172517,172520,3,9
172508,172517,172520,3,9
172508,172516,172520,4,8
172508,172517,172520,3,9
172508,172517,172520,3,9
172508,172517,172520,3,9
172508,172518,172521,3,10
172508,172517,172521,4,9
172508,172517,172521,4,9
171600,171615,172522,907,15
172543,172543,172545,2,0
172543,172543,172546,3,0
172543,172543,172545,2,0
172543,172543,172546,3,0
172543,172543,172546,3,0
172543,172543,172546,3,0
172543,172543,172546,3,0
172543,172543,172546,3,0
172543,172543,172546,3,0
172543,172543,172547,4,0
172543,172543,172547,4,0
172543,172543,172546,3,0
172543,172543,172547,4,0
172543,172543,172547,4,0
172543,172543,172547,4,0
172543,172543,172547,4,0
172543,172543,172546,3,0
172543,172543,172546,3,0
172543,172543,172547,4,0
172543,172543,172547,4,0
172543,172543,172546,3,0
172543,172543,172546,3,0
172543,172543,172547,4,0
172543,172543,172546,3,0
172543,172543,172546,3,0
172543,172543,172547,4,0
172543,172543,172547,4,0
172543,172543,172547,4,0
172543,172543,172547,4,0
172543,172543,172547,4,0
172543,172543,172547,4,0
172543,172543,172547,4,0
172543,172543,172548,5,0
172543,172543,172547,4,0
172543,172543,172547,4,0
172543,172543,172547,4,0
172543,172543,172547,4,0
172543,172543,172547,4,0
172543,172543,172548,5,0
172543,172543,172547,4,0
172543,172543,172548,5,0
172543,172546,172549,3,3
172543,172546,172548,2,3
172543,172546,172549,3,3
172543,172545,172548,3,2
172543,172546,172549,3,3
172543,172548,172550,2,5
172543,172548,172550,2,5
172543,172547,172550,3,4
172543,172547,172550,3,4
172543,172547,172550,3,4
172543,172546,172549,3,3
172543,172547,172550,3,4
172543,172547,172550,3,4
172543,172546,172550,4,3
172543,172547,172550,3,4
172543,172547,172550,3,4
172543,172547,172550,3,4
172543,172548,172551,3,5
172543,172547,172550,3,4
172543,172547,172550,3,4
172543,172548,172551,3,5
172543,172547,172551,4,4
172543,172547,172551,4,4
172543,172547,172551,4,4
172543,172547,172551,4,4
172543,172548,172551,3,5
172543,172547,172551,4,4
172543,172547,172551,4,4
172543,172548,172551,3,5
172543,172546,172551,5,3
172543,172547,172551,4,4
172543,172547,172551,4,4
172543,172548,172551,3,5
172543,172548,172551,3,5
172543,172548,172552,4,5
172543,172547,172551,4,4
172543,172548,172552,4,5
172543,172549,172552,3,6
172543,172549,172552,3,6
172543,172548,172552,4,5
172543,172549,172552,3,6
172543,172547,172551,4,4
172543,172549,172552,3,6
172543,172549,172553,4,6
172543,172550,172553,3,7
172543,172548,172552,4,5
172543,172551,172553,2,8
172543,172550,172553,3,7
172543,172551,172553,2,8
172543,172551,172553,2,8
172543,172551,172553,2,8
172543,172551,172553,2,8
172543,172550,172553,3,7
172543,172550,172553,3,7
172543,172550,172553,3,7
172543,172550,172553,3,7
172543,172550,172553,3,7
172543,172550,172553,3,7
172543,172550,172553,3,7
172543,172550,172553,3,7
172543,172550,172553,3,7
172543,172550,172553,3,7
172543,172551,172554,3,8
172543,172551,172554,3,8
172543,172552,172554,2,9
172543,172551,172554,3,8
172543,172551,172554,3,8
172543,172551,172554,3,8
172543,172551,172554,3,8
172543,172552,172554,2,9
172543,172552,172554,2,9
172543,172552,172555,3,9
172543,172551,172555,4,8
172543,172551,172555,4,8
172543,172552,172555,3,9
172543,172551,172555,4,8
172543,172552,172555,3,9
172543,172552,172555,3,9
172543,172549,172558,9,6
171665,171681,172569,888,16
171730,171736,172571,835,6
171788,171794,172585,791,6
171676,171690,172586,896,14
172588,172588,172590,2,0
172588,172588,172590,2,0
172588,172588,172590,2,0
172588,172588,172591,3,0
172588,172588,172591,3,0
172588,172588,172590,2,0
172588,172588,172591,3,0
172588,172588,172591,3,0
172588,172588,172591,3,0
172588,172588,172591,3,0
172588,172588,172591,3,0
172588,172588,172591,3,0
172588,172588,172592,4,0
172588,172588,172592,4,0
172588,172588,172592,4,0
172588,172588,172592,4,0
172588,172588,172592,4,0
172588,172588,172592,4,0
172588,172588,172592,4,0
172588,172588,172592,4,0
172588,172588,172592,4,0
172588,172588,172592,4,0
172588,172588,172592,4,0
172588,172588,172592,4,0
172588,172588,172592,4,0
172588,172588,172592,4,0
172588,172588,172592,4,0
172588,172588,172592,4,0
172588,172588,172592,4,0
172588,172588,172592,4,0
172588,172588,172592,4,0
172588,172590,172592,2,2
172588,172588,172592,4,0
172588,172588,172592,4,0
172588,172588,172592,4,0
172588,172588,172592,4,0
172588,172588,172593,5,0
172588,172590,172593,3,2
172588,172588,172593,5,0
172588,172588,172593,5,0
172588,172588,172593,5,0
172588,172588,172593,5,0
172588,172588,172593,5,0
172588,172591,172593,2,3
172588,172592,172594,2,4
172588,172592,172594,2,4
172588,172592,172595,3,4
172588,172593,172595,2,5
172588,172591,172595,4,3
172588,172593,172596,3,5
172588,172592,172595,3,4
172588,172593,172595,2,5
172588,172592,172595,3,4
172588,172592,172595,3,4
172588,172592,172595,3,4
172588,172593,172595,2,5
172588,172592,172595,3,4
172588,172593,172595,2,5
172588,172592,172595,3,4
172588,172593,172595,2,5
172588,172593,172595,2,5
172588,172593,172595,2,5
172588,172593,172595,2,5
172588,172593,172596,3,5
172588,172593,172596,3,5
172588,172592,172596,4,4
172588,172592,172596,4,4
172588,172593,172596,3,5
172588,172594,172596,2,6
172588,172593,172596,3,5
172588,172593,172596,3,5
172588,172594,172596,2,6
172588,172593,172596,3,5
172588,172593,172596,3,5
172588,172593,172596,3,5
172588,172593,172596,3,5
172588,172593,172596,3,5
172588,172593,172596,3,5
172588,172594,172596,2,6
172588,172594,172597,3,6
172588,172593,172596,3,5
172588,172594,172597,3,6
172588,172594,172596,2,6
172588,172594,172596,2,6
172588,172594,172597,3,6
172588,172595,172597,2,7
172588,172595,172597,2,7
172588,172595,172597,2,7
172588,172596,172597,1,8
172588,172596,172598,2,8
172588,172596,172598,2,8
172588,172596,172599,3,8
172588,172596,172599,3,8
172588,172596,172598,2,8
172588,172596,172599,3,8
172588,172596,172598,2,8
172588,172597,172599,2,9
172588,172596,172599,3,8
172588,172596,172598,2,8
172588,172596,172599,3,8
172588,172596,172599,3,8
172588,172596,172598,2,8
172588,172597,172599,2,9
172588,172597,172599,2,9
172588,172597,172599,2,9
172588,172596,172599,3,8
172588,172597,172599,2,9
172588,172597,172600,3,9
172588,172597,172599,2,9
172588,172597,172600,3,9
172588,172597,172600,3,9
172588,172597,172600,3,9
172588,172597,172600,3,9
172588,172596,172599,3,8
172588,172597,172600,3,9
172588,172597,172600,3,9
172588,172596,172599,3,8
172588,172597,172599,2,9
172588,172597,172600,3,9
172588,172597,172600,3,9
172588,172597,172600,3,9
172588,172597,172600,3,9
172588,172597,172600,3,9
172588,172598,172601,3,10
172588,172599,172601,2,11
172588,172599,172600,1,11
172588,172597,172600,3,9
172588,172599,172600,1,11
172588,172597,172600,3,9
172588,172599,172601,2,11
172588,172599,172601,2,11
172588,172600,172601,1,12
172588,172598,172601,3,10
172588,172599,172602,3,11
172588,172599,172602,3,11
172588,172599,172601,2,11
172588,172599,172602,3,11
172588,172599,172602,3,11
172588,172598,172602,4,10
172588,172598,172601,3,10
172588,172598,172601,3,10
172588,172598,172602,4,10
172588,172598,172602,4,10
172588,172600,172602,2,12
172588,172599,172602,3,11
172588,172600,172603,3,12
172588,172600,172603,3,12
172588,172600,172603,3,12
172588,172600,172603,3,12
172588,172600,172603,3,12
172588,172600,172603,3,12
172588,172600,172603,3,12
172588,172600,172603,3,12
172588,172601,172603,2,13
172588,172601,172603,2,13
172588,172601,172603,2,13
172588,172600,172604,4,12
172588,172600,172604,4,12
172588,172600,172604,4,12
172588,172600,172604,4,12
172588,172600,172604,4,12
172588,172601,172604,3,13
172588,172600,172604,4,12
172588,172601,172604,3,13
172588,172601,172604,3,13
172588,172601,172604,3,13
172588,172601,172604,3,13
172588,172601,172604,3,13
172588,172602,172605,3,14
172588,172600,172605,5,12
172588,172601,172605,4,13
172588,172601,172605,4,13
172588,172601,172605,4,13
172588,172602,172605,3,14
172588,172603,172606,3,15
172588,172602,172605,3,14
171686,171690,172606,916,4
172588,172602,172606,4,14
172588,172602,172606,4,14
172588,172602,172606,4,14
172588,172602,172605,3,14
172588,172602,172606,4,14
172588,172603,172607,4,15
172588,172602,172606,4,14
172588,172603,172606,3,15
172588,172603,172606,3,15
172588,172602,172606,4,14
172588,172602,172606,4,14
172588,172602,172606,4,14
172588,172603,172606,3,15
172588,172604,172607,3,16
172588,172604,172607,3,16
172588,172603,172606,3,15
172588,172604,172607,3,16
172588,172604,172607,3,16
172588,172603,172607,4,15
172588,172604,172607,3,16
172588,172604,172607,3,16
172588,172604,172607,3,16
172588,172603,172607,4,15
172588,172604,172607,3,16
172588,172604,172607,3,16
172588,172603,172607,4,15
172588,172605,172608,3,17
172588,172605,172608,3,17
172588,172605,172607,2,17
172588,172604,172607,3,16
172588,172604,172607,3,16
172588,172605,172608,3,17
172588,172604,172608,4,16
172588,172607,172609,2,19
172588,172606,172608,2,18
172588,172606,172609,3,18
172588,172606,172608,2,18
172588,172606,172609,3,18
172588,172605,172608,3,17
172588,172607,172609,2,19
172588,172606,172609,3,18
172588,172606,172609,3,18
172588,172607,172609,2,19
172588,172605,172609,4,17
172588,172606,172609,3,18
172588,172605,172609,4,17
172588,172607,172609,2,19
172588,172607,172609,2,19
172588,172607,172609,2,19
172588,172607,172610,3,19
172588,172607,172610,3,19
172588,172607,172610,3,19
172588,172607,172609,2,19
172588,172607,172610,3,19
172588,172607,172610,3,19
172588,172607,172610,3,19
172588,172607,172610,3,19
172588,172607,172610,3,19
172588,172607,172610,3,19
172588,172608,172610,2,20
172589,172608,172610,2,19
172589,172610,172611,1,21
172588,172607,172610,3,19
172589,172608,172611,3,19
172589,172608,172610,2,19
172588,172608,172611,3,20
172589,172610,172611,1,21
172589,172610,172611,1,21
172589,172608,172611,3,19
172589,172608,172611,3,19
172589,172610,172611,1,21
172589,172608,172611,3,19
172589,172608,172611,3,19
172589,172609,172612,3,20
172589,172608,172611,3,19
172589,172608,172612,4,19
172589,172608,172611,3,19
172589,172610,172612,2,21
172589,172608,172612,4,19
172589,172609,172612,3,20
172589,172608,172611,3,19
172589,172609,172612,3,20
172589,172608,172612,4,19
172589,172609,172612,3,20
172588,172608,172612,4,20
172588,172608,172612,4,20
172589,172610,172612,2,21
172589,172610,172613,3,21
172589,172609,172612,3,20
172589,172610,172613,3,21
172589,172609,172612,3,20
172589,172609,172612,3,20
172589,172610,172613,3,21
172589,172610,172612,2,21
172589,172611,172613,2,22
172589,172611,172613,2,22
172589,172610,172612,2,21
172589,172610,172613,3,21
172589,172611,172613,2,22
172589,172609,172613,4,20
172589,172612,172614,2,23
172589,172610,172613,3,21
172589,172611,172614,3,22
172589,172610,172613,3,21
172589,172610,172614,4,21
172589,172610,172613,3,21
172589,172610,172614,4,21
172589,172611,172615,4,22
172589,172611,172615,4,22
172589,172612,172614,2,23
172589,172612,172614,2,23
172589,172610,172614,4,21
172589,172612,172615,3,23
172589,172612,172615,3,23
172589,172612,172615,3,23
172589,172612,172614,2,23
172589,172612,172615,3,23
172589,172612,172615,3,23
172589,172612,172615,3,23
172589,172611,172615,4,22
172589,172613,172616,3,24
172589,172612,172616,4,23
172589,172612,172615,3,23
172589,172612,172616,4,23
172589,172613,172616,3,24
172589,172613,172616,3,24
172589,172612,172615,3,23
172589,172612,172616,4,23
172589,172613,172616,3,24
172589,172613,172616,3,24
172589,172612,172616,4,23
172589,172613,172616,3,24
172589,172613,172616,3,24
172589,172614,172616,2,25
172589,172613,172616,3,24
172589,172613,172616,3,24
172589,172614,172617,3,25
172589,172613,172616,3,24
172589,172613,172616,3,24
172589,172613,172617,4,24
172589,172613,172617,4,24
172589,172613,172617,4,24
172589,172614,172617,3,25
172589,172613,172617,4,24
172589,172613,172617,4,24
172589,172614,172617,3,25
172589,172614,172617,3,25
172589,172612,172616,4,23
172589,172614,172617,3,25
172589,172613,172617,4,24
172589,172615,172617,2,26
172589,172615,172617,2,26
172589,172615,172618,3,26
172589,172615,172618,3,26
172589,172614,172617,3,25
172589,172615,172618,3,26
172589,172615,172618,3,26
172589,172616,172618,2,27
172589,172615,172618,3,26
172589,172615,172618,3,26
172589,172615,172618,3,26
172589,172615,172618,3,26
172589,172615,172618,3,26
172589,172616,172618,2,27
172589,172616,172619,3,27
172589,172615,172618,3,26
172589,172616,172618,2,27
172589,172616,172619,3,27
172589,172616,172618,2,27
172589,172615,172618,3,26
172589,172616,172619,3,27
172589,172616,172619,3,27
172589,172616,172619,3,27
172589,172616,172619,3,27
172589,172616,172619,3,27
172589,172616,172619,3,27
172589,172617,172619,2,28
172589,172617,172620,3,28
172589,172617,172620,3,28
172589,172617,172619,2,28
172589,172617,172619,2,28
172589,172617,172619,2,28
172592,172618,172620,2,26
172589,172617,172620,3,28
172592,172618,172620,2,26
172592,172617,172620,3,25
172592,172617,172620,3,25
172592,172617,172620,3,25
172592,172617,172620,3,25
172592,172617,172620,3,25
172592,172617,172621,4,25
172592,172619,172620,1,27
172592,172619,172620,1,27
172589,172617,172620,3,28
172592,172619,172620,1,27
172592,172619,172620,1,27
171719,171726,172621,895,7
172592,172618,172621,3,26
172592,172618,172620,2,26
172592,172619,172621,2,27
172592,172618,172621,3,26
172592,172618,172621,3,26
172592,172619,172621,2,27
172592,172617,172620,3,25
172592,172619,172621,2,27
172592,172617,172621,4,25
172592,172619,172621,2,27
172592,172619,172621,2,27
172592,172617,172621,4,25
172592,172617,172621,4,25
172592,172618,172621,3,26
172592,172618,172622,4,26
172592,172619,172622,3,27
172592,172618,172622,4,26
172592,172620,172622,2,28
172592,172618,172622,4,26
172592,172620,172622,2,28
172592,172620,172622,2,28
172592,172620,172623,3,28
172592,172620,172622,2,28
172592,172620,172622,2,28
172592,172620,172623,3,28
172592,172620,172622,2,28
172592,172620,172623,3,28
172592,172620,172623,3,28
172592,172620,172623,3,28
172592,172620,172623,3,28
172592,172619,172623,4,27
172592,172620,172623,3,28
172592,172621,172623,2,29
172592,172619,172624,5,27
172592,172621,172623,2,29
172592,172620,172624,4,28
172592,172621,172624,3,29
172592,172621,172624,3,29
172592,172621,172624,3,29
172592,172621,172624,3,29
172592,172622,172625,3,30
172592,172622,172624,2,30
172592,172622,172624,2,30
172592,172621,172624,3,29
172592,172622,172624,2,30
172592,172622,172624,2,30
172592,172621,172624,3,29
172592,172621,172624,3,29
172592,172621,172624,3,29
172592,172622,172624,2,30
172592,172622,172625,3,30
172592,172623,172625,2,31
172592,172621,172624,3,29
172592,172621,172624,3,29
172592,172621,172625,4,29
172592,172621,172625,4,29
172592,172622,172625,3,30
172592,172622,172625,3,30
172592,172622,172625,3,30
172592,172623,172625,2,31
172592,172622,172625,3,30
172592,172623,172625,2,31
172592,172623,172626,3,31
172592,172623,172626,3,31
172592,172623,172626,3,31
172592,172623,172626,3,31
172592,172623,172627,4,31
172592,172623,172626,3,31
172592,172623,172626,3,31
172592,172624,172626,2,32
172592,172624,172627,3,32
172592,172625,172627,2,33
172592,172622,172626,4,30
172592,172624,172627,3,32
172592,172624,172626,2,32
172592,172623,172626,3,31
172592,172623,172626,3,31
172592,172624,172627,3,32
172592,172625,172626,1,33
172592,172625,172627,2,33
172592,172625,172627,2,33
172592,172623,172626,3,31
172592,172624,172627,3,32
172592,172623,172627,4,31
172592,172625,172628,3,33
172592,172623,172627,4,31
172592,172625,172628,3,33
172592,172625,172628,3,33
172592,172625,172628,3,33
172592,172625,172627,2,33
172592,172624,172627,3,32
172592,172625,172628,3,33
172592,172624,172628,4,32
172592,172625,172628,3,33
172592,172624,172628,4,32
172592,172624,172628,4,32
172592,172625,172628,3,33
172592,172625,172628,3,33
172592,172625,172628,3,33
172592,172626,172628,2,34
172592,172626,172628,2,34
172592,172625,172628,3,33
172592,172626,172628,2,34
172592,172626,172628,2,34
172592,172626,172628,2,34
172592,172625,172628,3,33
172592,172626,172629,3,34
172592,172626,172629,3,34
172608,172627,172630,3,19
172608,172627,172630,3,19
172608,172628,172629,1,20
172608,172628,172629,1,20
172608,172627,172630,3,19
172608,172628,172630,2,20
172608,172628,172629,1,20
172608,172627,172630,3,19
172608,172628,172630,2,20
172608,172628,172630,2,20
172608,172627,172630,3,19
172608,172627,172629,2,19
172608,172628,172630,2,20
172608,172628,172630,2,20
172608,172627,172630,3,19
172608,172629,172630,1,21
172608,172629,172630,1,21
172608,172628,172631,3,20
172608,172627,172630,3,19
172608,172627,172630,3,19
172608,172627,172631,4,19
172608,172628,172630,2,20
172608,172627,172630,3,19
172608,172627,172630,3,19
172608,172627,172630,3,19
172608,172627,172631,4,19
172608,172627,172630,3,19
172608,172627,172631,4,19
172608,172628,172631,3,20
172608,172629,172631,2,21
172608,172629,172631,2,21
172608,172629,172631,2,21
172608,172629,172632,3,21
172608,172627,172632,5,19
172608,172629,172632,3,21
172608,172629,172632,3,21
172608,172628,172632,4,20
172608,172629,172632,3,21
172608,172629,172632,3,21
172608,172629,172632,3,21
172608,172630,172632,2,22
172608,172629,172632,3,21
172608,172630,172632,2,22
172608,172630,172633,3,22
172608,172630,172633,3,22
172608,172630,172633,3,22
172608,172629,172633,4,21
172608,172630,172633,3,22
172608,172630,172633,3,22
172608,172630,172632,2,22
172608,172631,172634,3,23
172608,172630,172634,4,22
172608,172630,172634,4,22
172608,172631,172634,3,23
172608,172631,172634,3,23
172608,172630,172633,3,22
172608,172631,172634,3,23
172608,172630,172634,4,22
172608,172630,172633,3,22
172608,172631,172634,3,23
172608,172632,172634,2,24
172608,172630,172634,4,22
172608,172631,172634,3,23
172608,172630,172634,4,22
172608,172632,172634,2,24
172608,172633,172634,1,25
172608,172632,172634,2,24
172608,172631,172635,4,23
172608,172631,172635,4,23
172608,172632,172634,2,24
172608,172631,172634,3,23
172608,172631,172634,3,23
172608,172632,172635,3,24
172608,172631,172635,4,23
172608,172633,172635,2,25
172608,172632,172635,3,24
172608,172632,172636,4,24
172608,172633,172636,3,25
172608,172633,172636,3,25
172608,172633,172636,3,25
172608,172632,172636,4,24
172608,172633,172636,3,25
172608,172634,172636,2,26
172608,172632,172636,4,24
172608,172631,172636,5,23
172608,172633,172636,3,25
172608,172634,172636,2,26
172608,172634,172636,2,26
172608,172634,172636,2,26
172608,172634,172636,2,26
172608,172633,172636,3,25
172608,172633,172636,3,25
172608,172634,172637,3,26
172608,172633,172637,4,25
172608,172634,172637,3,26
172608,172634,172637,3,26
172608,172634,172637,3,26
172608,172634,172637,3,26
172608,172635,172637,2,27
172608,172635,172637,2,27
172608,172635,172637,2,27
172608,172635,172638,3,27
172608,172636,172638,2,28
172608,172634,172637,3,26
172608,172635,172637,2,27
172608,172634,172637,3,26
172608,172634,172638,4,26
172608,172634,172638,4,26
172608,172635,172638,3,27
172608,172635,172638,3,27
172608,172634,172638,4,26
172608,172635,172638,3,27
172608,172636,172638,2,28
172608,172636,172638,2,28
172608,172635,172638,3,27
172608,172635,172638,3,27
172608,172636,172639,3,28
172608,172636,172638,2,28
172608,172635,172638,3,27
172608,172635,172639,4,27
171740,171747,172642,895,7
172664,172664,172666,2,0
172664,172664,172666,2,0
172664,172664,172666,2,0
172664,172664,172666,2,0
172664,172664,172666,2,0
172664,172664,172666,2,0
172664,172664,172666,2,0
172664,172664,172667,3,0
172664,172664,172666,2,0
172664,172665,172666,1,1
172664,172664,172667,3,0
172664,172664,172668,4,0
172664,172664,172667,3,0
172664,172664,172667,3,0
172664,172664,172667,3,0
172664,172664,172667,3,0
172664,172665,172668,3,1
172664,172664,172667,3,0
172664,172664,172667,3,0
172664,172664,172668,4,0
172664,172664,172667,3,0
172664,172664,172667,3,0
172664,172664,172667,3,0
172664,172664,172667,3,0
172664,172664,172667,3,0
172664,172664,172667,3,0
172664,172664,172667,3,0
172664,172664,172668,4,0
172664,172664,172667,3,0
172664,172664,172668,4,0
172664,172664,172668,4,0
172664,172666,172668,2,2
172664,172664,172668,4,0
172664,172664,172668,4,0
172664,172665,172668,3,1
172664,172664,172668,4,0
172664,172666,172668,2,2
172664,172666,172669,3,2
172664,172665,172669,4,1
172664,172666,172669,3,2
172664,172667,172670,3,3
172664,172667,172670,3,3
172664,172668,172670,2,4
172664,172668,172670,2,4
172664,172668,172670,2,4
172664,172667,172670,3,3
172664,172668,172671,3,4
172664,172669,172671,2,5
172664,172667,172671,4,3
172664,172668,172671,3,4
172664,172668,172671,3,4
172664,172669,172671,2,5
172664,172668,172671,3,4
172664,172668,172671,3,4
172664,172668,172671,3,4
172664,172668,172671,3,4
172664,172668,172672,4,4
172664,172668,172671,3,4
172664,172669,172672,3,5
172664,172669,172672,3,5
172664,172664,172672,8,0
172664,172669,172672,3,5
172664,172667,172671,4,3
172664,172668,172672,4,4
172664,172668,172672,4,4
172664,172668,172672,4,4
172664,172668,172672,4,4
172664,172668,172671,3,4
172664,172668,172671,3,4
172664,172668,172671,3,4
172664,172669,172672,3,5
172664,172668,172672,4,4
172664,172669,172672,3,5
172664,172670,172673,3,6
172664,172670,172673,3,6
172664,172671,172673,2,7
172664,172670,172673,3,6
172664,172671,172674,3,7
172664,172671,172674,3,7
172664,172670,172674,4,6
172664,172671,172674,3,7
172664,172671,172674,3,7
172664,172671,172674,3,7
172664,172671,172674,3,7
172664,172671,172674,3,7
172664,172671,172674,3,7
172664,172671,172674,3,7
172664,172671,172674,3,7
172664,172671,172674,3,7
172664,172672,172675,3,8
172664,172672,172675,3,8
172664,172672,172674,2,8
172664,172672,172674,2,8
172664,172672,172675,3,8
172664,172672,172675,3,8
172664,172673,172675,2,9
172664,172671,172675,4,7
172664,172672,172675,3,8
172664,172672,172675,3,8
172664,172672,172675,3,8
172664,172673,172675,2,9
172664,172672,172675,3,8
172664,172672,172675,3,8
172664,172672,172675,3,8
172664,172672,172676,4,8
172664,172673,172676,3,9
172664,172673,172676,3,9
172664,172673,172676,3,9
172664,172673,172676,3,9
172664,172672,172676,4,8
172664,172673,172676,3,9
172664,172673,172676,3,9
172664,172673,172677,4,9
172664,172673,172677,4,9
172664,172673,172677,4,9
172664,172674,172677,3,10
172682,172682,172683,1,0
172682,172682,172684,2,0
172682,172682,172684,2,0
172682,172682,172685,3,0
172682,172682,172684,2,0
172682,172682,172684,2,0
171798,171804,172684,880,6
172682,172682,172684,2,0
172682,172682,172684,2,0
172682,172682,172685,3,0
172682,172682,172684,2,0
172682,172682,172685,3,0
172664,172667,172674,7,3
172664,172669,172673,4,5
172682,172682,172685,3,0
172682,172682,172686,4,0
172682,172682,172685,3,0
172682,172682,172686,4,0
172682,172682,172686,4,0
172682,172682,172685,3,0
172682,172682,172685,3,0
172682,172682,172686,4,0
172682,172682,172686,4,0
172682,172682,172685,3,0
172682,172682,172685,3,0
172682,172682,172685,3,0
172682,172682,172686,4,0
172682,172682,172685,3,0
172682,172682,172685,3,0
172682,172682,172685,3,0
172682,172682,172685,3,0
172682,172682,172685,3,0
172682,172682,172685,3,0
172682,172682,172686,4,0
172682,172682,172686,4,0
171870,171877,172686,809,7
172682,172682,172686,4,0
172682,172682,172686,4,0
172682,172682,172686,4,0
172682,172685,172687,2,3
172682,172685,172687,2,3
172682,172685,172688,3,3
172682,172685,172687,2,3
172682,172685,172688,3,3
172682,172685,172687,2,3
172682,172684,172688,4,2
172682,172684,172688,4,2
172682,172684,172687,3,2
172682,172685,172687,2,3
172664,172686,172689,3,22
172664,172686,172689,3,22
172682,172685,172688,3,3
172682,172686,172689,3,4
172682,172686,172689,3,4
172682,172686,172689,3,4
172682,172685,172688,3,3
172682,172686,172689,3,4
172682,172686,172689,3,4
172682,172686,172689,3,4
172682,172686,172689,3,4
172682,172687,172690,3,5
172682,172686,172689,3,4
172682,172686,172689,3,4
172682,172687,172690,3,5
172682,172686,172689,3,4
172682,172686,172690,4,4
172682,172686,172689,3,4
172682,172686,172690,4,4
172682,172687,172690,3,5
172682,172686,172690,4,4
172682,172686,172690,4,4
172682,172686,172690,4,4
172682,172686,172690,4,4
172682,172686,172689,3,4
172682,172686,172689,3,4
172682,172688,172691,3,6
172682,172687,172691,4,5
172682,172688,172691,3,6
172682,172688,172691,3,6
172682,172686,172690,4,4
172682,172686,172691,5,4
172682,172687,172691,4,5
172682,172687,172690,3,5
172682,172686,172691,5,4
172682,172688,172691,3,6
172682,172686,172691,5,4
172682,172689,172691,2,7
172682,172689,172692,3,7
172682,172689,172692,3,7
172682,172688,172692,4,6
172682,172689,172692,3,7
172682,172689,172692,3,7
172682,172689,172692,3,7
172682,172689,172691,2,7
172682,172689,172692,3,7
172682,172688,172692,4,6
172682,172688,172692,4,6
172682,172690,172692,2,8
172682,172688,172692,4,6
172682,172689,172692,3,7
172682,172689,172693,4,7
172682,172690,172693,3,8
172682,172689,172692,3,7
172682,172690,172693,3,8
172682,172690,172693,3,8
172682,172690,172692,2,8
172682,172690,172692,2,8
172682,172690,172693,3,8
172682,172690,172693,3,8
172682,172691,172694,3,9
172682,172691,172694,3,9
172682,172690,172693,3,8
172682,172690,172693,3,8
172682,172690,172693,3,8
172682,172690,172693,3,8
172682,172690,172693,3,8
172682,172691,172694,3,9
172682,172690,172693,3,8
172682,172690,172693,3,8
172682,172691,172693,2,9
172682,172691,172694,3,9
172682,172691,172694,3,9
172682,172691,172695,4,9
172682,172691,172694,3,9
172693,172693,172695,2,0
172693,172693,172696,3,0
172693,172694,172696,2,1
172693,172694,172696,2,1
172693,172694,172696,2,1
172693,172693,172696,3,0
172693,172693,172696,3,0
172693,172694,172696,2,1
172693,172693,172697,4,0
172693,172693,172696,3,0
172693,172693,172697,4,0
172693,172693,172697,4,0
172693,172693,172696,3,0
172693,172693,172697,4,0
172693,172694,172696,2,1
172693,172693,172697,4,0
172693,172693,172696,3,0
172693,172694,172697,3,1
172693,172694,172697,3,1
172693,172693,172697,4,0
172693,172693,172696,3,0
172693,172694,172697,3,1
172693,172694,172696,2,1
172693,172693,172697,4,0
172693,172693,172697,4,0
172693,172694,172697,3,1
172693,172694,172697,3,1
172682,172695,172698,3,13
172693,172693,172697,4,0
171808,171814,172698,884,6
172693,172693,172697,4,0
172693,172693,172698,5,0
172693,172693,172697,4,0
172693,172694,172697,3,1
172693,172695,172698,3,2
172693,172693,172697,4,0
172693,172693,172697,4,0
172693,172694,172697,3,1
172693,172696,172698,2,3
172693,172696,172698,2,3
172693,172696,172698,2,3
172693,172693,172697,4,0
172693,172696,172698,2,3
172682,172695,172698,3,13
172693,172695,172698,3,2
172693,172695,172698,3,2
172693,172696,172699,3,3
172693,172696,172698,2,3
172693,172694,172698,4,1
172693,172697,172700,3,4
172693,172696,172699,3,3
172693,172697,172700,3,4
172693,172695,172700,5,2
172693,172697,172700,3,4
172693,172697,172701,4,4
172693,172697,172700,3,4
172693,172697,172700,3,4
172693,172697,172701,4,4
172693,172697,172700,3,4
172693,172698,172701,3,5
172693,172697,172701,4,4
172693,172697,172701,4,4
172693,172697,172700,3,4
172693,172697,172700,3,4
172693,172697,172701,4,4
172693,172697,172701,4,4
172693,172697,172701,4,4
172693,172698,172701,3,5
172693,172697,172701,4,4
172693,172698,172701,3,5
172693,172698,172701,3,5
172693,172698,172701,3,5
172693,172698,172702,4,5
172693,172699,172702,3,6
172693,172698,172701,3,5
172693,172698,172702,4,5
172693,172698,172702,4,5
172693,172698,172702,4,5
172693,172698,172702,4,5
172693,172698,172702,4,5
172693,172698,172702,4,5
172693,172698,172702,4,5
172693,172698,172702,4,5
172693,172698,172702,4,5
172693,172698,172701,3,5
172693,172698,172702,4,5
172693,172699,172702,3,6
172693,172700,172703,3,7
172693,172699,172702,3,6
172693,172699,172702,3,6
172693,172698,172702,4,5
172693,172699,172702,3,6
172693,172699,172703,4,6
172693,172701,172703,2,8
172693,172700,172703,3,7
172693,172701,172704,3,8
172693,172701,172704,3,8
172693,172701,172704,3,8
172693,172700,172704,4,7
172693,172702,172704,2,9
172693,172701,172704,3,8
172693,172701,172704,3,8
172693,172701,172704,3,8
172693,172701,172704,3,8
172693,172701,172704,3,8
172693,172701,172704,3,8
172693,172702,172704,2,9
172693,172702,172704,2,9
172693,172702,172705,3,9
172693,172702,172704,2,9
172693,172702,172704,2,9
172693,172702,172705,3,9
172693,172702,172705,3,9
172693,172702,172705,3,9
172693,172701,172705,4,8
172693,172701,172705,4,8
172693,172701,172705,4,8
172693,172702,172705,3,9
172693,172702,172705,3,9
172693,172701,172705,4,8
172693,172702,172705,3,9
172693,172702,172705,3,9
172693,172702,172706,4,9
172693,172701,172705,4,8
172693,172701,172705,4,8
172693,172703,172706,3,10
172693,172703,172706,3,10
172693,172702,172705,3,9
172693,172702,172706,4,9
172693,172704,172706,2,11
172693,172705,172707,2,12
172693,172703,172706,3,10
172693,172705,172707,2,12
172693,172703,172707,4,10
172693,172703,172707,4,10
172693,172704,172707,3,11
172693,172703,172707,4,10
172693,172703,172707,4,10
172693,172704,172707,3,11
172693,172705,172707,2,12
172693,172705,172707,2,12
172693,172705,172707,2,12
172693,172705,172708,3,12
172693,172704,172707,3,11
172693,172706,172708,2,13
172693,172705,172707,2,12
172693,172705,172708,3,12
172693,172705,172707,2,12
172693,172704,172707,3,11
172693,172704,172707,3,11
172693,172706,172709,3,13
172693,172706,172708,2,13
172693,172706,172709,3,13
172693,172706,172708,2,13
172693,172706,172708,2,13
172693,172706,172708,2,13
172693,172705,172708,3,12
172693,172705,172708,3,12
172693,172705,172709,4,12
172693,172706,172709,3,13
172693,172706,172709,3,13
172693,172706,172709,3,13
172693,172707,172709,2,14
172693,172707,172709,2,14
172693,172706,172709,3,13
172693,172707,172710,3,14
172693,172707,172709,2,14
172693,172706,172709,3,13
172693,172705,172709,4,12
172693,172705,172709,4,12
172693,172706,172710,4,13
172693,172705,172709,4,12
172693,172705,172710,5,12
172693,172705,172710,5,12
172693,172708,172710,2,15
172693,172707,172711,4,14
172693,172708,172710,2,15
172693,172708,172710,2,15
172693,172708,172710,2,15
172693,172709,172711,2,16
172693,172706,172710,4,13
172693,172708,172710,2,15
172693,172708,172711,3,15
172693,172708,172710,2,15
172693,172707,172711,4,14
172693,172707,172711,4,14
172693,172707,172711,4,14
172693,172708,172711,3,15
172693,172707,172711,4,14
172693,172707,172711,4,14
172693,172708,172711,3,15
172693,172708,172711,3,15
172693,172708,172711,3,15
172693,172708,172711,3,15
172693,172709,172711,2,16
172693,172709,172711,2,16
172693,172709,172711,2,16
172693,172709,172712,3,16
172693,172709,172712,3,16
172693,172709,172712,3,16
172693,172710,172712,2,17
172693,172710,172712,2,17
172693,172710,172712,2,17
172693,172710,172713,3,17
172693,172710,172712,2,17
172693,172710,172712,2,17
172693,172709,172712,3,16
172693,172709,172712,3,16
172693,172710,172713,3,17
172693,172710,172713,3,17
172693,172710,172713,3,17
172693,172710,172713,3,17
172693,172710,172713,3,17
172693,172710,172713,3,17
172693,172711,172713,2,18
172693,172711,172714,3,18
172693,172711,172714,3,18
172693,172712,172714,2,19
172693,172710,172713,3,17
172693,172711,172714,3,18
172693,172711,172713,2,18
172693,172711,172713,2,18
172693,172711,172713,2,18
172693,172711,172713,2,18
172693,172711,172713,2,18
172693,172712,172714,2,19
172693,172712,172714,2,19
172693,172710,172713,3,17
172693,172711,172714,3,18
172693,172711,172714,3,18
172693,172711,172714,3,18
172693,172710,172714,4,17
172693,172711,172714,3,18
172693,172712,172715,3,19
172693,172712,172715,3,19
172693,172712,172714,2,19
172693,172712,172715,3,19
172693,172712,172714,2,19
172693,172712,172714,2,19
172693,172711,172715,4,18
172693,172712,172715,3,19
172693,172712,172715,3,19
172693,172712,172715,3,19
171805,171814,172722,908,9
171856,171856,172729,873,0
171802,171814,172730,916,12
172740,172740,172742,2,0
172740,172740,172743,3,0
171866,171866,172743,877,0
172740,172740,172743,3,0
172740,172740,172743,3,0
172740,172740,172743,3,0
172740,172740,172743,3,0
172740,172740,172743,3,0
172740,172740,172743,3,0
172740,172740,172744,4,0
172740,172740,172744,4,0
172740,172740,172744,4,0
172740,172740,172744,4,0
172740,172740,172744,4,0
172740,172740,172744,4,0
172740,172740,172743,3,0
172740,172740,172744,4,0
172740,172740,172744,4,0
172740,172740,172744,4,0
172740,172740,172744,4,0
172740,172740,172744,4,0
172740,172740,172744,4,0
172740,172740,172744,4,0
172740,172740,172744,4,0
172740,172742,172744,2,2
172740,172740,172744,4,0
172740,172740,172744,4,0
172740,172740,172744,4,0
172740,172740,172745,5,0
172740,172740,172745,5,0
172740,172740,172745,5,0
172740,172740,172745,5,0
172740,172740,172745,5,0
172740,172740,172745,5,0
172740,172740,172745,5,0
172740,172740,172745,5,0
172740,172740,172745,5,0
172740,172740,172745,5,0
172740,172740,172745,5,0
172740,172740,172745,5,0
172740,172740,172745,5,0
172740,172743,172746,3,3
172740,172743,172747,4,3
172740,172745,172747,2,5
172740,172744,172747,3,4
172740,172744,172746,2,4
172740,172745,172748,3,5
172740,172744,172747,3,4
172740,172745,172748,3,5
172740,172744,172747,3,4
172740,172745,172747,2,5
172740,172744,172747,3,4
172740,172746,172748,2,6
172740,172745,172748,3,5
172740,172745,172748,3,5
172740,172745,172748,3,5
172740,172745,172748,3,5
172740,172746,172749,3,6
172740,172746,172749,3,6
172740,172746,172749,3,6
172740,172746,172748,2,6
172740,172744,172748,4,4
172740,172745,172748,3,5
172740,172745,172748,3,5
172740,172745,172748,3,5
172740,172746,172749,3,6
172740,172745,172748,3,5
172740,172745,172748,3,5
172740,172746,172749,3,6
172740,172745,172749,4,5
172740,172745,172748,3,5
172740,172745,172748,3,5
172740,172745,172748,3,5
172740,172746,172749,3,6
172740,172747,172749,2,7
172740,172746,172749,3,6
172740,172746,172749,3,6
172740,172746,172749,3,6
172740,172746,172749,3,6
172740,172747,172749,2,7
172740,172746,172749,3,6
172740,172745,172749,4,5
172740,172747,172750,3,7
172740,172745,172749,4,5
172740,172748,172750,2,8
172740,172748,172750,2,8
172740,172748,172750,2,8
172740,172747,172751,4,7
172740,172748,172751,3,8
172740,172747,172750,3,7
172740,172749,172752,3,9
172740,172749,172751,2,9
172740,172749,172752,3,9
172740,172749,172751,2,9
172740,172749,172751,2,9
172740,172749,172751,2,9
172740,172748,172751,3,8
172740,172749,172752,3,9
172740,172749,172752,3,9
172740,172749,172751,2,9
172740,172749,172752,3,9
172740,172749,172751,2,9
172740,172748,172751,3,8
172740,172749,172752,3,9
172740,172749,172752,3,9
172740,172749,172752,3,9
172740,172750,172752,2,10
172740,172749,172752,3,9
172740,172749,172752,3,9
172740,172749,172752,3,9
172740,172749,172752,3,9
172740,172749,172752,3,9
172740,172749,172752,3,9
172740,172749,172752,3,9
172740,172750,172752,2,10
172740,172749,172752,3,9
172740,172749,172752,3,9
172740,172749,172753,4,9
172740,172749,172753,4,9
172740,172749,172753,4,9
172740,172750,172753,3,10
172740,172749,172752,3,9
172740,172749,172752,3,9
172740,172750,172753,3,10
172740,172750,172753,3,10
172740,172750,172753,3,10
172740,172750,172754,4,10
172740,172752,172754,2,12
172740,172750,172753,3,10
172740,172750,172753,3,10
172740,172751,172754,3,11
172740,172750,172753,3,10
172740,172753,172755,2,13
172740,172753,172755,2,13
172740,172751,172755,4,11
172740,172752,172754,2,12
172740,172752,172754,2,12
172740,172753,172754,1,13
172740,172751,172754,3,11
172740,172752,172754,2,12
172740,172752,172754,2,12
172740,172751,172755,4,11
172740,172752,172755,3,12
172740,172753,172755,2,13
172740,172751,172754,3,11
172740,172752,172754,2,12
172740,172752,172755,3,12
172740,172751,172754,3,11
172740,172753,172756,3,13
172740,172753,172756,3,13
172740,172753,172755,2,13
172740,172752,172755,3,12
172740,172752,172756,4,12
172740,172752,172756,4,12
172740,172752,172755,3,12
172740,172753,172755,2,13
172740,172753,172756,3,13
172740,172752,172756,4,12
172740,172754,172756,2,14
172740,172753,172756,3,13
172740,172753,172756,3,13
172740,172752,172755,3,12
172740,172753,172756,3,13
172740,172755,172757,2,15
172740,172755,172757,2,15
172740,172754,172756,2,14
172740,172754,172757,3,14
172740,172753,172757,4,13
172740,172752,172756,4,12
172740,172753,172757,4,13
172740,172753,172757,4,13
172740,172753,172757,4,13
172740,172753,172757,4,13
172740,172754,172757,3,14
172740,172754,172757,3,14
172740,172753,172758,5,13
172740,172755,172757,2,15
172740,172755,172757,2,15
172740,172755,172758,3,15
172740,172754,172758,4,14
172740,172755,172758,3,15
172740,172753,172758,5,13
172740,172754,172758,4,14
172740,172754,172757,3,14
172740,172755,172758,3,15
172740,172755,172758,3,15
172740,172755,172759,4,15
172740,172756,172759,3,16
172740,172756,172759,3,16
172740,172756,172759,3,16
172740,172756,172759,3,16
172740,172755,172759,4,15
172740,172755,172759,4,15
172740,172755,172759,4,15
172740,172755,172759,4,15
172740,172755,172759,4,15
172740,172755,172759,4,15
172740,172756,172759,3,16
172740,172755,172759,4,15
172740,172756,172759,3,16
172740,172756,172760,4,16
172740,172756,172759,3,16
172740,172756,172759,3,16
172740,172756,172760,4,16
172740,172756,172759,3,16
172740,172756,172759,3,16
172740,172756,172760,4,16
172740,172756,172759,3,16
172740,172757,172760,3,17
172740,172757,172760,3,17
172740,172757,172760,3,17
172740,172756,172760,4,16
172740,172758,172760,2,18
172740,172757,172761,4,17
172740,172758,172761,3,18
172740,172759,172761,2,19
172740,172757,172761,4,17
172740,172757,172761,4,17
172740,172757,172761,4,17
172740,172758,172761,3,18
172740,172758,172761,3,18
172740,172758,172761,3,18
172740,172757,172761,4,17
172740,172757,172761,4,17
172740,172757,172761,4,17
172740,172758,172762,4,18
172740,172758,172762,4,18
172740,172759,172761,2,19
172740,172758,172761,3,18
172740,172759,172762,3,19
172740,172759,172762,3,19
172740,172759,172762,3,19
172740,172758,172762,4,18
172740,172759,172762,3,19
172740,172758,172762,4,18
172740,172758,172762,4,18
172740,172758,172762,4,18
172740,172759,172762,3,19
172740,172760,172762,2,20
172740,172759,172762,3,19
172740,172760,172762,2,20
172740,172760,172763,3,20
172740,172760,172763,3,20
172740,172760,172763,3,20
172740,172760,172763,3,20
172740,172760,172763,3,20
172740,172761,172764,3,21
172740,172760,172763,3,20
172740,172760,172763,3,20
172740,172760,172763,3,20
172740,172760,172764,4,20
172740,172761,172764,3,21
172740,172760,172763,3,20
172740,172760,172764,4,20
172740,172762,172764,2,22
172740,172763,172764,1,23
172740,172763,172764,1,23
172740,172763,172764,1,23
172740,172760,172764,4,20
172740,172760,172764,4,20
172740,172762,172764,2,22
172740,172763,172765,2,23
172740,172760,172764,4,20
172740,172761,172764,3,21
172740,172762,172764,2,22
172740,172762,172764,2,22
172740,172761,172764,3,21
172740,172762,172764,2,22
172740,172762,172764,2,22
172740,172761,172764,3,21
172740,172761,172765,4,21
172740,172762,172765,3,22
172740,172762,172765,3,22
172740,172762,172765,3,22
172740,172763,172765,2,23
172740,172763,172765,2,23
172740,172763,172765,2,23
172740,172761,172765,4,21
172740,172762,172765,3,22
172740,172763,172766,3,23
172740,172765,172766,1,25
172740,172763,172766,3,23
172740,172764,172766,2,24
172740,172763,172766,3,23
172740,172763,172766,3,23
172740,172763,172766,3,23
172740,172764,172766,2,24
172740,172764,172767,3,24
172740,172762,172766,4,22
172740,172763,172766,3,23
172740,172764,172767,3,24
172740,172762,172767,5,22
172740,172762,172767,5,22
172740,172765,172768,3,25
172740,172765,172767,2,25
172740,172765,172767,2,25
172740,172765,172768,3,25
172740,172765,172767,2,25
172740,172766,172768,2,26
172740,172764,172767,3,24
172740,172764,172768,4,24
172740,172765,172768,3,25
172740,172765,172768,3,25
172740,172765,172768,3,25
172740,172764,172767,3,24
172740,172764,172768,4,24
172740,172764,172767,3,24
172740,172764,172768,4,24
172740,172765,172768,3,25
172740,172765,172768,3,25
172740,172766,172768,2,26
172740,172765,172768,3,25
172740,172765,172768,3,25
172740,172765,172768,3,25
172740,172765,172768,3,25
172740,172765,172768,3,25
172740,172766,172768,2,26
172740,172766,172768,2,26
172740,172766,172769,3,26
172740,172765,172768,3,25
172740,172766,172769,3,26
172740,172766,172768,2,26
172740,172764,172768,4,24
172740,172765,172769,4,25
172740,172765,172769,4,25
172740,172767,172770,3,27
172740,172767,172769,2,27
172740,172767,172770,3,27
172740,172767,172770,3,27
172740,172767,172770,3,27
172740,172767,172770,3,27
172740,172767,172770,3,27
172740,172767,172770,3,27
172740,172767,172770,3,27
172740,172768,172770,2,28
172740,172768,172770,2,28
172740,172768,172770,2,28
172740,172768,172770,2,28
172740,172769,172771,2,29
172740,172769,172771,2,29
172740,172767,172770,3,27
172740,172767,172770,3,27
172740,172768,172770,2,28
172740,172768,172770,2,28
172740,172769,172771,2,29
172740,172769,172771,2,29
172740,172768,172770,2,28
172740,172768,172771,3,28
172740,172768,172770,2,28
172740,172768,172771,3,28
172740,172768,172771,3,28
172740,172768,172770,2,28
172740,172767,172770,3,27
172740,172768,172770,2,28
172740,172769,172771,2,29
172740,172769,172772,3,29
172752,172769,172772,3,17
172740,172768,172772,4,28
172740,172768,172771,3,28
172740,172768,172771,3,28
172740,172769,172772,3,29
172740,172769,172772,3,29
172752,172770,172772,2,18
172752,172769,172772,3,17
172752,172771,172773,2,19
172752,172769,172773,4,17
172752,172769,172772,3,17
172752,172770,172773,3,18
172752,172769,172772,3,17
172752,172769,172772,3,17
172752,172769,172772,3,17
172752,172771,172773,2,19
172752,172771,172773,2,19
172752,172771,172773,2,19
172752,172771,172773,2,19
172752,172769,172773,4,17
172752,172771,172773,2,19
172752,172771,172774,3,19
172752,172770,172773,3,18
172752,172770,172773,3,18
172752,172771,172774,3,19
172752,172770,172773,3,18
172752,172771,172774,3,19
172752,172770,172774,4,18
172752,172770,172773,3,18
172752,172770,172773,3,18
172752,172771,172774,3,19
172752,172770,172774,4,18
172752,172771,172774,3,19
172752,172771,172774,3,19
172752,172771,172774,3,19
172752,172771,172774,3,19
172752,172771,172775,4,19
172752,172771,172775,4,19
172752,172771,172774,3,19
171844,171851,172775,924,7
172752,172771,172775,4,19
172752,172771,172774,3,19
172752,172770,172774,4,18
172752,172772,172775,3,20
172752,172773,172775,2,21
172752,172773,172775,2,21
172752,172773,172775,2,21
172752,172774,172776,2,22
172752,172771,172776,5,19
172752,172772,172775,3,20
172752,172773,172776,3,21
172752,172773,172776,3,21
172752,172773,172776,3,21
172752,172773,172776,3,21
172752,172772,172775,3,20
172752,172773,172776,3,21
172752,172772,172776,4,20
172752,172773,172776,3,21
172752,172773,172776,3,21
172752,172772,172776,4,20
172752,172774,172777,3,22
172752,172773,172776,3,21
172752,172773,172777,4,21
172752,172773,172777,4,21
172752,172773,172776,3,21
172752,172772,172776,4,20
172752,172773,172777,4,21
172752,172774,172777,3,22
172752,172773,172777,4,21
172752,172773,172777,4,21
172752,172775,172777,2,23
172752,172775,172777,2,23
172752,172774,172778,4,22
172752,172774,172778,4,22
172752,172775,172777,2,23
172752,172775,172778,3,23
172752,172774,172778,4,22
172752,172774,172778,4,22
172752,172775,172778,3,23
172752,172774,172778,4,22
172752,172774,172778,4,22
172752,172774,172777,3,22
172752,172775,172778,3,23
172752,172775,172778,3,23
172752,172774,172778,4,22
172752,172774,172778,4,22
172752,172775,172779,4,23
172752,172776,172779,3,24
172752,172776,172779,3,24
172752,172775,172779,4,23
172752,172775,172778,3,23
172752,172776,172779,3,24
172752,172775,172778,3,23
172752,172775,172778,3,23
172752,172776,172779,3,24
172752,172776,172779,3,24
172752,172776,172779,3,24
172752,172776,172779,3,24
172752,172776,172779,3,24
172752,172777,172779,2,25
172752,172777,172780,3,25
171925,171939,172780,841,14
172752,172777,172780,3,25
172752,172777,172780,3,25
172752,172777,172780,3,25
172752,172776,172780,4,24
172752,172777,172780,3,25
172752,172777,172780,3,25
172752,172778,172780,2,26
172752,172777,172780,3,25
172752,172777,172780,3,25
171992,172000,172780,780,8
172752,172776,172780,4,24
172752,172776,172780,4,24
172752,172777,172780,3,25
172752,172777,172780,3,25
172752,172777,172780,3,25
172752,172778,172780,2,26
172752,172778,172781,3,26
172752,172777,172780,3,25
172752,172778,172781,3,26
172752,172778,172780,2,26
172752,172777,172780,3,25
172752,172778,172781,3,26
172752,172778,172781,3,26
172752,172778,172780,2,26
172752,172778,172780,2,26
172752,172778,172781,3,26
172752,172779,172781,2,27
172752,172778,172781,3,26
172752,172778,172782,4,26
172752,172779,172781,2,27
172752,172779,172781,2,27
172752,172779,172782,3,27
172752,172779,172782,3,27
172752,172779,172782,3,27
172752,172779,172782,3,27
172752,172779,172782,3,27
172752,172779,172782,3,27
172752,172780,172782,2,28
172752,172779,172782,3,27
172752,172780,172783,3,28
172752,172779,172782,3,27
172752,172780,172783,3,28
172752,172780,172783,3,28
172752,172780,172783,3,28
172752,172779,172783,4,27
172752,172779,172783,4,27
172752,172779,172783,4,27
172752,172779,172783,4,27
172752,172780,172783,3,28
172752,172779,172783,4,27
172752,172780,172783,3,28
172752,172779,172783,4,27
172752,172782,172783,1,30
172752,172780,172784,4,28
172752,172781,172784,3,29
172752,172781,172783,2,29
172752,172781,172783,2,29
172752,172781,172784,3,29
172752,172781,172784,3,29
172752,172781,172784,3,29
172752,172781,172784,3,29
172752,172781,172784,3,29
172752,172781,172784,3,29
172752,172781,172784,3,29
172752,172781,172784,3,29
172752,172781,172784,3,29
172752,172780,172784,4,28
172752,172781,172784,3,29
172752,172782,172784,2,30
172752,172781,172784,3,29
172752,172781,172784,3,29
172752,172782,172784,2,30
172752,172781,172784,3,29
172752,172781,172785,4,29
172752,172781,172784,3,29
172752,172781,172785,4,29
172752,172782,172785,3,30
172752,172782,172785,3,30
172752,172783,172786,3,31
172752,172782,172785,3,30
172752,172782,172785,3,30
172752,172783,172786,3,31
172752,172783,172786,3,31
172752,172782,172786,4,30
172752,172783,172785,2,31
172752,172783,172786,3,31
172752,172783,172786,3,31
172752,172783,172786,3,31
172752,172784,172786,2,32
172752,172784,172786,2,32
172752,172784,172786,2,32
172752,172784,172786,2,32
172752,172784,172786,2,32
172752,172784,172786,2,32
172752,172782,172786,4,30
172752,172784,172786,2,32
172752,172784,172786,2,32
172752,172783,172786,3,31
172752,172784,172786,2,32
172752,172783,172786,3,31
172752,172784,172786,2,32
172752,172784,172787,3,32
172752,172784,172787,3,32
172752,172783,172787,4,31
172752,172784,172787,3,32
172752,172784,172787,3,32
172752,172784,172787,3,32
172752,172784,172787,3,32
172752,172784,172787,3,32
172752,172784,172787,3,32
172752,172785,172787,2,33
172752,172785,172787,2,33
172752,172785,172787,2,33
172752,172784,172788,4,32
172752,172785,172787,2,33
172752,172785,172787,2,33
172752,172785,172788,3,33
172752,172785,172788,3,33
172752,172785,172788,3,33
172752,172785,172787,2,33
172752,172786,172788,2,34
172752,172785,172788,3,33
172752,172785,172788,3,33
172752,172785,172788,3,33
172752,172785,172788,3,33
172752,172785,172788,3,33
172752,172786,172789,3,34
172752,172787,172789,2,35
172752,172786,172788,2,34
172752,172787,172789,2,35
172752,172787,172789,2,35
171891,171891,172788,897,0
172752,172786,172788,2,34
172752,172786,172788,2,34
172752,172786,172788,2,34
172752,172786,172789,3,34
172752,172787,172789,2,35
172752,172787,172789,2,35
172752,172787,172790,3,35
172752,172787,172789,2,35
172752,172787,172789,2,35
172752,172787,172789,2,35
172752,172787,172789,2,35
172752,172787,172789,2,35
172752,172786,172789,3,34
172752,172786,172789,3,34
172752,172787,172790,3,35
172816,172817,172818,1,1
172816,172817,172819,2,1
171928,171939,172818,879,11
172816,172817,172819,2,1
172816,172817,172819,2,1
172816,172817,172819,2,1
172816,172817,172820,3,1
172816,172817,172819,2,1
172816,172817,172819,2,1
172816,172817,172819,2,1
172816,172817,172819,2,1
172816,172817,172820,3,1
172816,172817,172820,3,1
172816,172817,172821,4,1
172816,172817,172820,3,1
172816,172817,172821,4,1
172816,172817,172820,3,1
172816,172817,172821,4,1
172816,172817,172820,3,1
172816,172817,172821,4,1
172816,172817,172821,4,1
172816,172817,172820,3,1
172816,172817,172820,3,1
172816,172817,172821,4,1
172816,172817,172821,4,1
172816,172817,172821,4,1
172816,172817,172821,4,1
172816,172817,172820,3,1
172816,172817,172820,3,1
172816,172817,172820,3,1
172816,172817,172820,3,1
172816,172817,172820,3,1
172816,172817,172820,3,1
172816,172817,172821,4,1
172816,172817,172821,4,1
172816,172817,172821,4,1
172816,172817,172821,4,1
172816,172817,172821,4,1
172816,172817,172821,4,1
172816,172817,172822,5,1
172816,172817,172821,4,1
172816,172819,172822,3,3
172816,172817,172821,4,1
172816,172817,172821,4,1
172816,172817,172821,4,1
172816,172820,172822,2,4
172816,172817,172821,4,1
172816,172819,172822,3,3
172816,172820,172822,2,4
172816,172821,172823,2,5
172816,172819,172822,3,3
172816,172820,172823,3,4
172816,172819,172822,3,3
172816,172820,172822,2,4
172816,172820,172823,3,4
172816,172820,172823,3,4
172816,172821,172824,3,5
172816,172820,172823,3,4
172816,172821,172824,3,5
172816,172821,172824,3,5
172816,172821,172824,3,5
172816,172821,172824,3,5
172816,172820,172823,3,4
172816,172821,172823,2,5
172816,172821,172824,3,5
172816,172821,172824,3,5
172816,172821,172824,3,5
172816,172822,172824,2,6
172816,172820,172824,4,4
172816,172821,172824,3,5
172816,172821,172824,3,5
172816,172822,172825,3,6
172816,172821,172824,3,5
172816,172821,172824,3,5
172816,172821,172825,4,5
172816,172821,172825,4,5
172816,172822,172825,3,6
172816,172822,172825,3,6
172816,172822,172825,3,6
172816,172822,172825,3,6
172816,172821,172824,3,5
172816,172821,172824,3,5
172816,172821,172824,3,5
172816,172822,172825,3,6
172816,172822,172825,3,6
172816,172824,172826,2,8
172816,172821,172825,4,5
172816,172824,172826,2,8
172816,172821,172825,4,5
172816,172822,172825,3,6
172816,172823,172826,3,7
172816,172822,172826,4,6
172816,172822,172826,4,6
172816,172823,172826,3,7
172816,172823,172826,3,7
172816,172823,172826,3,7
172816,172824,172826,2,8
172816,172822,172826,4,6
172816,172823,172826,3,7
172816,172823,172825,2,7
172816,172822,172826,4,6
172816,172823,172826,3,7
172816,172823,172826,3,7
172816,172825,172827,2,9
172816,172825,172827,2,9
172816,172824,172826,2,8
172816,172824,172826,2,8
172816,172824,172827,3,8
172816,172824,172827,3,8
172816,172824,172827,3,8
172816,172824,172826,2,8
172816,172824,172827,3,8
172816,172824,172827,3,8
172816,172825,172827,2,9
172816,172825,172827,2,9
172816,172824,172828,4,8
172816,172825,172827,2,9
172817,172826,172828,2,9
172817,172826,172828,2,9
172817,172826,172828,2,9
172817,172827,172829,2,10
172817,172825,172829,4,8
172817,172825,172829,4,8
172817,172826,172828,2,9
172817,172825,172829,4,8
172817,172825,172829,4,8
172817,172825,172829,4,8
172817,172825,172829,4,8
172817,172825,172829,4,8
172817,172826,172829,3,9
172817,172825,172829,4,8
172817,172825,172829,4,8
172817,172826,172830,4,9
172817,172826,172830,4,9
172817,172826,172829,3,9
172817,172825,172829,4,8
172817,172826,172830,4,9
172817,172826,172830,4,9
172817,172827,172830,3,10
172817,172825,172830,5,8
172817,172826,172830,4,9
172817,172826,172830,4,9
172817,172826,172830,4,9
172817,172829,172830,1,12
172816,172828,172831,3,12
172816,172828,172830,2,12
172817,172826,172830,4,9
172817,172826,172831,5,9
172817,172826,172831,5,9
172817,172827,172831,4,10
172817,172826,172831,5,9
172817,172826,172831,5,9
172817,172827,172831,4,10
172817,172826,172831,5,9
172817,172827,172831,4,10
172817,172827,172831,4,10
172817,172827,172831,4,10
172817,172829,172831,2,12
172817,172828,172831,3,11
172816,172828,172831,3,12
172816,172828,172831,3,12
172817,172828,172832,4,11
172817,172829,172831,2,12
172817,172827,172831,4,10
172817,172827,172832,5,10
172817,172830,172833,3,13
172817,172830,172833,3,13
172817,172827,172832,5,10
172817,172827,172832,5,10
172817,172830,172833,3,13
172817,172828,172833,5,11
172817,172829,172833,4,12
172817,172830,172833,3,13
172817,172829,172833,4,12
172817,172829,172833,4,12
172817,172829,172833,4,12
172817,172828,172833,5,11
172817,172829,172833,4,12
172817,172829,172833,4,12
172817,172829,172833,4,12
172817,172828,172833,5,11
172817,172830,172834,4,13
172817,172830,172834,4,13
172003,172003,172834,831,0
172817,172831,172834,3,14
172817,172831,172835,4,14
172817,172831,172834,3,14
172817,172831,172834,3,14
172817,172831,172834,3,14
172817,172831,172834,3,14
172817,172831,172834,3,14
172817,172830,172834,4,13
172817,172830,172834,4,13
172817,172830,172834,4,13
172817,172831,172835,4,14
172817,172831,172835,4,14
172817,172830,172834,4,13
172817,172832,172835,3,15
172817,172832,172835,3,15
172817,172831,172835,4,14
172817,172831,172835,4,14
172817,172831,172835,4,14
172817,172831,172836,5,14
172817,172830,172835,5,13
172817,172832,172835,3,15
172817,172833,172835,2,16
172817,172832,172836,4,15
172817,172832,172836,4,15
172817,172832,172836,4,15
172817,172832,172836,4,15
172817,172833,172836,3,16
172817,172831,172836,5,14
172817,172834,172836,2,17
172817,172834,172837,3,17
172817,172833,172836,3,16
172817,172834,172837,3,17
172817,172832,172836,4,15
172817,172833,172836,3,16
172817,172833,172836,3,16
172817,172831,172836,5,14
172817,172832,172836,4,15
172817,172833,172836,3,16
172817,172833,172836,3,16
172817,172833,172837,4,16
172817,172833,172837,4,16
172817,172833,172837,4,16
172817,172834,172837,3,17
172817,172835,172838,3,18
172817,172834,172837,3,17
172817,172834,172837,3,17
172817,172835,172838,3,18
172817,172835,172838,3,18
172817,172835,172837,2,18
172817,172834,172837,3,17
172817,172835,172838,3,18
172817,172834,172838,4,17
172817,172836,172838,2,19
172817,172835,172838,3,18
172817,172836,172838,2,19
172817,172835,172839,4,18
172817,172835,172838,3,18
172817,172835,172839,4,18
172817,172836,172838,2,19
172817,172835,172839,4,18
172817,172836,172839,3,19
172817,172835,172839,4,18
172817,172835,172839,4,18
172817,172837,172839,2,20
172817,172835,172839,4,18
172817,172836,172840,4,19
172817,172835,172839,4,18
172817,172837,172840,3,20
172817,172837,172840,3,20
172817,172836,172840,4,19
172817,172837,172840,3,20
172817,172835,172839,4,18
172817,172835,172840,5,18
172817,172835,172840,5,18
172817,172835,172840,5,18
172817,172837,172840,3,20
172817,172837,172841,4,20
172817,172838,172840,2,21
172817,172838,172840,2,21
172817,172838,172840,2,21
172817,172836,172840,4,19
172817,172838,172840,2,21
172817,172836,172841,5,19
172817,172837,172841,4,20
172817,172838,172841,3,21
172817,172838,172840,2,21
172817,172838,172841,3,21
172817,172837,172840,3,20
172817,172839,172841,2,22
172817,172839,172840,1,22
172817,172839,172840,1,22
172817,172837,172841,4,20
172817,172837,172840,3,20
172817,172839,172841,2,22
172817,172839,172841,2,22
172817,172836,172841,5,19
172817,172836,172841,5,19
172817,172839,172841,2,22
172817,172836,172841,5,19
172817,172838,172841,3,21
172817,172839,172841,2,22
172817,172838,172842,4,21
172817,172838,172841,3,21
172817,172839,172841,2,22
172817,172838,172842,4,21
172817,172838,172842,4,21
172817,172838,172842,4,21
172817,172837,172843,6,20
172817,172838,172842,4,21
172817,172838,172843,5,21
172817,172837,172842,5,20
172817,172839,172843,4,22
172817,172837,172843,6,20
172817,172841,172843,2,24
172817,172838,172842,4,21
172817,172839,172843,4,22
172817,172840,172843,3,23
172817,172841,172843,2,24
172817,172841,172844,3,24
172817,172841,172844,3,24
172817,172841,172844,3,24
172817,172840,172844,4,23
172817,172840,172844,4,23
172817,172841,172844,3,24
172817,172841,172844,3,24
172817,172841,172844,3,24
172817,172841,172844,3,24
172817,172841,172845,4,24
172817,172841,172845,4,24
172817,172841,172845,4,24
172817,172841,172844,3,24
172817,172840,172844,4,23
172817,172841,172845,4,24
172817,172841,172845,4,24
172817,172841,172845,4,24
172817,172840,172845,5,23
172817,172840,172844,4,23
172817,172840,172845,5,23
172817,172841,172845,4,24
172817,172842,172845,3,25
172817,172842,172846,4,25
172817,172841,172845,4,24
172817,172841,172845,4,24
172817,172841,172845,4,24
172817,172841,172845,4,24
172817,172842,172846,4,25
172817,172842,172846,4,25
172817,172843,172846,3,26
172817,172842,172846,4,25
172817,172843,172846,3,26
172817,172841,172846,5,24
172817,172841,172846,5,24
172817,172841,172846,5,24
172817,172842,172846,4,25
172817,172841,172846,5,24
172817,172841,172846,5,24
171918,171939,172846,907,21
171921,171939,172846,907,18
172817,172842,172846,4,25
172817,172844,172846,2,27
172817,172842,172847,5,25
172817,172842,172847,5,25
172817,172843,172847,4,26
172817,172843,172847,4,26
172817,172844,172847,3,27
172817,172843,172847,4,26
172817,172843,172846,3,26
172817,172843,172847,4,26
172817,172844,172847,3,27
172817,172845,172847,2,28
172817,172844,172847,3,27
172817,172844,172847,3,27
172817,172845,172848,3,28
172835,172845,172848,3,10
172817,172844,172848,4,27
172817,172844,172848,4,27
172835,172845,172848,3,10
172835,172845,172848,3,10
172835,172846,172849,3,11
172835,172846,172849,3,11
172817,172845,172848,3,28
172817,172845,172848,3,28
172817,172845,172848,3,28
172817,172845,172848,3,28
172835,172846,172849,3,11
172835,172846,172849,3,11
172835,172846,172849,3,11
172835,172845,172849,4,10
172835,172846,172849,3,11
172835,172846,172849,3,11
172835,172846,172848,2,11
172835,172845,172849,4,10
172835,172845,172849,4,10
172835,172846,172849,3,11
172835,172845,172849,4,10
172835,172846,172849,3,11
172835,172846,172849,3,11
172835,172846,172849,3,11
172835,172847,172850,3,12
172835,172846,172849,3,11
172835,172847,172849,2,12
172817,172845,172849,4,28
172835,172846,172849,3,11
172835,172847,172849,2,12
172835,172847,172849,2,12
172835,172847,172850,3,12
172835,172847,172850,3,12
172835,172847,172850,3,12
172835,172847,172851,4,12
172835,172848,172850,2,13
172835,172847,172850,3,12
172835,172848,172850,2,13
172835,172847,172851,4,12
172835,172848,172850,2,13
172835,172847,172851,4,12
172835,172848,172851,3,13
172835,172847,172851,4,12
172835,172847,172851,4,12
172835,172847,172851,4,12
172835,172847,172851,4,12
172835,172847,172851,4,12
172835,172849,172852,3,14
172835,172848,172851,3,13
172835,172848,172852,4,13
172835,172847,172852,5,12
172835,172848,172852,4,13
172835,172849,172852,3,14
172835,172847,172852,5,12
172835,172849,172853,4,14
172835,172850,172852,2,15
172835,172850,172852,2,15
172835,172850,172852,2,15
172835,172850,172853,3,15
172835,172850,172852,2,15
172835,172849,172852,3,14
172835,172849,172853,4,14
172835,172850,172853,3,15
172835,172850,172853,3,15
172835,172849,172852,3,14
172835,172849,172852,3,14
172835,172850,172853,3,15
172835,172850,172853,3,15
172835,172849,172852,3,14
172835,172849,172852,3,14
172835,172850,172852,2,15
172835,172850,172853,3,15
172835,172849,172853,4,14
172835,172849,172853,4,14
172835,172850,172853,3,15
172835,172849,172853,4,14
172835,172850,172853,3,15
172835,172851,172854,3,16
172835,172849,172853,4,14
172835,172851,172853,2,16
172835,172851,172854,3,16
172835,172851,172854,3,16
172835,172850,172854,4,15
172835,172851,172854,3,16
172835,172851,172854,3,16
172835,172851,172853,2,16
172835,172850,172853,3,15
172835,172849,172854,5,14
172835,172849,172853,4,14
172835,172850,172854,4,15
172835,172852,172855,3,17
172835,172852,172854,2,17
172835,172852,172854,2,17
172835,172852,172854,2,17
172835,172851,172854,3,16
172835,172852,172855,3,17
172835,172851,172854,3,16
172835,172851,172855,4,16
172835,172853,172855,2,18
172835,172853,172855,2,18
172835,172853,172855,2,18
172835,172853,172855,2,18
172835,172853,172855,2,18
172835,172853,172855,2,18
172835,172853,172855,2,18
172835,172853,172856,3,18
172835,172852,172855,3,17
172835,172853,172855,2,18
172835,172853,172855,2,18
172835,172853,172855,2,18
172835,172853,172855,2,18
172835,172853,172856,3,18
172835,172853,172855,2,18
172835,172853,172856,3,18
172835,172853,172856,3,18
172835,172853,172856,3,18
172835,172853,172856,3,18
172835,172853,172856,3,18
172835,172853,172855,2,18
172835,172852,172856,4,17
172835,172852,172856,4,17
172835,172853,172856,3,18
172835,172853,172856,3,18
172835,172853,172856,3,18
172835,172853,172856,3,18
172835,172853,172856,3,18
172835,172854,172858,4,19
172835,172856,172858,2,21
172835,172854,172858,4,19
172835,172854,172858,4,19
172835,172856,172858,2,21
172835,172856,172858,2,21
172835,172856,172858,2,21
172835,172854,172858,4,19
172835,172854,172858,4,19
172835,172854,172858,4,19
172835,172854,172858,4,19
172835,172854,172858,4,19
172835,172854,172858,4,19
172835,172855,172858,3,20
172835,172856,172858,2,21
172835,172855,172858,3,20
172835,172854,172858,4,19
172835,172854,172858,4,19
172835,172856,172859,3,21
172835,172854,172858,4,19
172835,172854,172858,4,19
172835,172856,172859,3,21
172835,172856,172859,3,21
172835,172855,172859,4,20
172835,172855,172859,4,20
172835,172855,172859,4,20
172835,172856,172860,4,21
172835,172855,172859,4,20
172835,172855,172859,4,20
172835,172855,172860,5,20
172835,172856,172859,3,21
172835,172857,172860,3,22
172835,172857,172859,2,22
172835,172855,172860,5,20
172835,172855,172860,5,20
172835,172856,172860,4,21
172835,172856,172860,4,21
172835,172855,172860,5,20
172835,172856,172860,4,21
172835,172856,172861,5,21
172835,172856,172860,4,21
172835,172856,172860,4,21
172835,172856,172861,5,21
172835,172856,172861,5,21
172835,172857,172861,4,22
172835,172856,172861,5,21
172835,172856,172861,5,21
172835,172857,172861,4,22
172835,172857,172861,4,22
172835,172857,172861,4,22
172835,172858,172861,3,23
172835,172858,172861,3,23
172835,172859,172862,3,24
171936,171952,172862,910,16
172835,172858,172861,3,23
172835,172858,172862,4,23
172835,172858,172862,4,23
172835,172858,172862,4,23
172835,172858,172862,4,23
172835,172858,172862,4,23
172835,172856,172862,6,21
172835,172858,172862,4,23
172835,172858,172863,5,23
172835,172858,172862,4,23
172835,172858,172862,4,23
172835,172859,172862,3,24
172835,172859,172862,3,24
172835,172859,172862,3,24
172835,172859,172862,3,24
172835,172859,172863,4,24
172835,172858,172862,4,23
172835,172860,172863,3,25
172835,172860,172863,3,25
172835,172860,172863,3,25
172835,172860,172864,4,25
172835,172859,172863,4,24
172835,172861,172864,3,26
172835,172860,172863,3,25
172835,172860,172863,3,25
172835,172859,172863,4,24
172835,172859,172864,5,24
172835,172861,172864,3,26
172835,172861,172864,3,26
172835,172861,172863,2,26
172835,172860,172864,4,25
172835,172860,172864,4,25
172835,172860,172864,4,25
172835,172860,172864,4,25
172835,172860,172864,4,25
172835,172860,172865,5,25
172835,172861,172864,3,26
172835,172861,172864,3,26
172835,172861,172864,3,26
172835,172862,172865,3,27
172835,172861,172865,4,26
172835,172861,172865,4,26
172835,172861,172865,4,26
172835,172863,172865,2,28
172835,172862,172865,3,27
172835,172863,172865,2,28
172835,172862,172866,4,27
172835,172863,172866,3,28
172835,172863,172866,3,28
172835,172861,172865,4,26
172835,172863,172866,3,28
172835,172863,172866,3,28
172835,172862,172865,3,27
172835,172862,172865,3,27
172835,172862,172866,4,27
172835,172862,172866,4,27
172835,172864,172866,2,29
172835,172862,172866,4,27
172835,172862,172866,4,27
172835,172863,172866,3,28
172835,172863,172866,3,28
172835,172864,172866,2,29
172835,172863,172866,3,28
172835,172863,172867,4,28
172835,172862,172866,4,27
172835,172862,172866,4,27
172835,172864,172867,3,29
172835,172865,172867,2,30
172835,172863,172867,4,28
172835,172865,172866,1,30
172835,172863,172866,3,28
172835,172864,172866,2,29
172835,172862,172867,5,27
172835,172863,172867,4,28
172835,172864,172867,3,29
172835,172862,172866,4,27
172835,172863,172867,4,28
172835,172863,172867,4,28
172835,172864,172867,3,29
172835,172865,172867,2,30
172835,172863,172867,4,28
172835,172865,172867,2,30
172835,172865,172867,2,30
172835,172864,172867,3,29
172835,172864,172867,3,29
172835,172864,172867,3,29
172835,172865,172868,3,30
172835,172864,172867,3,29
172835,172866,172868,2,31
172835,172866,172868,2,31
172835,172866,172868,2,31
172835,172864,172868,4,29
172835,172864,172868,4,29
172835,172864,172868,4,29
172835,172867,172868,1,32
172835,172866,172869,3,31
172835,172865,172869,4,30
172835,172866,172869,3,31
172835,172867,172869,2,32
172835,172867,172869,2,32
172835,172866,172869,3,31
172835,172866,172869,3,31
172835,172866,172870,4,31
172835,172866,172869,3,31
172835,172867,172870,3,32
172835,172867,172869,2,32
172835,172866,172870,4,31
172835,172866,172869,3,31
172835,172867,172870,3,32
172835,172866,172869,3,31
172835,172866,172870,4,31
172835,172866,172870,4,31
172835,172866,172870,4,31
172835,172867,172870,3,32
172835,172867,172870,3,32
172835,172867,172870,3,32
172835,172868,172870,2,33
172835,172868,172870,2,33
172835,172868,172870,2,33
172835,172867,172870,3,32
172835,172867,172870,3,32
172835,172867,172870,3,32
172835,172868,172870,2,33
172835,172868,172871,3,33
172835,172868,172871,3,33
172835,172866,172870,4,31
172835,172867,172870,3,32
172835,172868,172870,2,33
172835,172868,172871,3,33
171939,171975,172870,895,36
172835,172867,172870,3,32
172835,172867,172870,3,32
172835,172866,172870,4,31
172835,172868,172870,2,33
172835,172868,172870,2,33
172835,172867,172870,3,32
172835,172868,172871,3,33
172835,172868,172871,3,33
172835,172867,172872,5,32
172835,172868,172871,3,33
172835,172869,172871,2,34
172835,172869,172872,3,34
172835,172869,172871,2,34
172835,172867,172871,4,32
172835,172868,172871,3,33
172835,172868,172872,4,33
172835,172870,172872,2,35
172835,172869,172872,3,34
172835,172870,172872,2,35
172835,172869,172872,3,34
172835,172870,172872,2,35
172835,172870,172872,2,35
172835,172871,172873,2,36
172835,172871,172873,2,36
172835,172870,172873,3,35
172835,172870,172872,2,35
172835,172869,172873,4,34
172835,172870,172872,2,35
172835,172870,172873,3,35
172835,172870,172873,3,35
172835,172870,172873,3,35
172835,172870,172873,3,35
172835,172869,172873,4,34
172835,172870,172872,2,35
172835,172870,172873,3,35
172835,172870,172873,3,35
172835,172871,172874,3,36
172835,172871,172873,2,36
172835,172871,172873,2,36
172835,172871,172874,3,36
172835,172871,172873,2,36
172835,172871,172873,2,36
172835,172870,172873,3,35
172835,172871,172873,2,36
172835,172871,172874,3,36
172835,172871,172874,3,36
172835,172870,172874,4,35
172835,172871,172874,3,36
172835,172871,172874,3,36
172835,172871,172874,3,36
172835,172871,172874,3,36
172835,172871,172874,3,36
172835,172871,172874,3,36
172835,172870,172874,4,35
172835,172871,172874,3,36
172835,172871,172874,3,36
172835,172871,172875,4,36
172835,172871,172874,3,36
172910,172910,172912,2,0
172910,172910,172913,3,0
172910,172910,172913,3,0
172910,172911,172913,2,1
172910,172911,172913,2,1
172910,172910,172914,4,0
172910,172911,172913,2,1
172910,172910,172914,4,0
172910,172910,172914,4,0
172910,172911,172914,3,1
172910,172911,172915,4,1
172910,172910,172914,4,0
172910,172910,172914,4,0
172910,172911,172914,3,1
172910,172910,172915,5,0
172910,172911,172914,3,1
172910,172910,172915,5,0
172910,172910,172914,4,0
172910,172910,172914,4,0
172910,172911,172914,3,1
172910,172910,172915,5,0
172910,172910,172915,5,0
172910,172910,172915,5,0
172910,172910,172915,5,0
172910,172910,172915,5,0
172910,172911,172915,4,1
172910,172911,172915,4,1
172910,172911,172915,4,1
172910,172910,172915,5,0
172910,172910,172915,5,0
172910,172910,172915,5,0
172910,172910,172915,5,0
172910,172910,172916,6,0
172910,172910,172915,5,0
172910,172910,172915,5,0
172910,172911,172915,4,1
172910,172911,172915,4,1
172910,172910,172915,5,0
172910,172910,172915,5,0
172910,172910,172915,5,0
172910,172911,172915,4,1
172910,172910,172915,5,0
172910,172910,172915,5,0
172910,172910,172915,5,0
172910,172910,172915,5,0
172910,172911,172915,4,1
172910,172910,172915,5,0
172910,172910,172915,5,0
172910,172910,172915,5,0
172910,172910,172915,5,0
172910,172911,172915,4,1
172910,172913,172916,3,3
172910,172911,172916,5,1
172910,172914,172916,2,4
172910,172915,172917,2,5
172910,172915,172918,3,5
172910,172915,172918,3,5
172910,172914,172917,3,4
172910,172915,172918,3,5
172910,172915,172918,3,5
172910,172914,172917,3,4
172910,172915,172917,2,5
172910,172914,172918,4,4
172910,172914,172918,4,4
172910,172915,172919,4,5
172910,172916,172918,2,6
172910,172916,172918,2,6
172910,172916,172918,2,6
172910,172915,172918,3,5
172910,172915,172918,3,5
172910,172915,172919,4,5
172910,172916,172919,3,6
172910,172916,172918,2,6
172910,172916,172918,2,6
172910,172915,172918,3,5
172910,172916,172918,2,6
172910,172916,172919,3,6
172910,172916,172919,3,6
172910,172915,172919,4,5
172910,172916,172919,3,6
172910,172916,172919,3,6
172910,172916,172919,3,6
172910,172915,172918,3,5
172910,172916,172919,3,6
172910,172915,172919,4,5
172910,172915,172919,4,5
172910,172916,172919,3,6
172910,172915,172919,4,5
172910,172915,172919,4,5
172910,172916,172919,3,6
172910,172916,172919,3,6
172910,172916,172919,3,6
172910,172916,172920,4,6
172910,172916,172920,4,6
172910,172916,172920,4,6
172910,172916,172919,3,6
172910,172916,172919,3,6
172910,172917,172920,3,7
172910,172916,172920,4,6
172910,172916,172920,4,6
172910,172917,172920,3,7
172910,172916,172919,3,6
172910,172917,172920,3,7
172910,172916,172920,4,6
172910,172916,172920,4,6
172910,172916,172920,4,6
172910,172918,172920,2,8
172910,172919,172921,2,9
172910,172918,172921,3,8
172910,172918,172921,3,8
172910,172918,172921,3,8
172910,172918,172921,3,8
172910,172918,172920,2,8
172910,172918,172920,2,8
172910,172919,172921,2,9
172910,172919,172921,2,9
172910,172919,172921,2,9
172910,172920,172921,1,10
172910,172920,172922,2,10
172910,172920,172922,2,10
172910,172919,172921,2,9
172910,172920,172922,2,10
172910,172918,172921,3,8
172910,172919,172922,3,9
172910,172919,172922,3,9
172910,172919,172922,3,9
172910,172919,172923,4,9
172910,172919,172922,3,9
172910,172919,172922,3,9
172910,172920,172922,2,10
172910,172920,172923,3,10
172910,172920,172923,3,10
172910,172919,172924,5,9
172910,172919,172923,4,9
172910,172922,172924,2,12
172910,172920,172923,3,10
172910,172920,172924,4,10
172910,172920,172924,4,10
172910,172919,172923,4,9
172910,172919,172924,5,9
172910,172919,172924,5,9
172910,172919,172924,5,9
172910,172919,172924,5,9
172910,172919,172924,5,9
172910,172919,172924,5,9
172910,172920,172924,4,10
172910,172920,172924,4,10
172910,172919,172924,5,9
172910,172920,172924,4,10
172910,172920,172924,4,10
172910,172920,172924,4,10
172910,172920,172924,4,10
172910,172921,172925,4,11
172910,172922,172925,3,12
172910,172921,172925,4,11
172910,172919,172924,5,9
172910,172922,172924,2,12
172910,172921,172925,4,11
172910,172922,172925,3,12
172910,172922,172924,2,12
172910,172920,172925,5,10
172910,172921,172925,4,11
172910,172920,172925,5,10
172910,172920,172925,5,10
172910,172921,172925,4,11
172910,172922,172926,4,12
172910,172922,172926,4,12
172910,172922,172926,4,12
172910,172921,172926,5,11
172910,172921,172926,5,11
172910,172921,172926,5,11
172910,172922,172926,4,12
172910,172921,172926,5,11
172910,172922,172925,3,12
172910,172921,172926,5,11
172910,172924,172926,2,14
172910,172924,172927,3,14
172910,172921,172926,5,11
172910,172922,172926,4,12
172910,172924,172927,3,14
172910,172923,172927,4,13
172910,172923,172927,4,13
172910,172924,172927,3,14
172910,172924,172927,3,14
172910,172924,172927,3,14
172910,172924,172927,3,14
172910,172923,172927,4,13
172910,172924,172927,3,14
172039,172047,172927,880,8
172910,172923,172927,4,13
172910,172925,172927,2,15
172910,172925,172927,2,15
172910,172924,172928,4,14
172910,172924,172928,4,14
172910,172925,172928,3,15
172910,172924,172928,4,14
172910,172924,172928,4,14
172910,172924,172928,4,14
172910,172923,172928,5,13
172910,172924,172928,4,14
172910,172924,172928,4,14
172910,172924,172928,4,14
172910,172924,172928,4,14
172910,172924,172928,4,14
172910,172925,172928,3,15
172910,172926,172929,3,16
172910,172926,172929,3,16
172910,172925,172929,4,15
172910,172927,172930,3,17
172910,172925,172930,5,15
172910,172925,172929,4,15
172910,172927,172930,3,17
172910,172927,172930,3,17
172910,172926,172930,4,16
172910,172925,172930,5,15
172910,172925,172930,5,15
172910,172926,172930,4,16
172910,172928,172930,2,18
172910,172925,172930,5,15
172910,172925,172930,5,15
172910,172925,172930,5,15
172910,172926,172930,4,16
172910,172925,172930,5,15
172910,172927,172930,3,17
172910,172928,172930,2,18
172910,172926,172931,5,16
172910,172927,172930,3,17
172910,172925,172930,5,15
172910,172927,172930,3,17
172910,172927,172930,3,17
172910,172926,172930,4,16
172910,172926,172930,4,16
172910,172927,172930,3,17
172910,172927,172930,3,17
172910,172927,172931,4,17
172910,172928,172931,3,18
172910,172928,172931,3,18
172910,172928,172931,3,18
172910,172928,172931,3,18
172910,172928,172931,3,18
172928,172929,172932,3,1
172928,172929,172931,2,1
172928,172929,172931,2,1
172928,172928,172932,4,0
172928,172928,172931,3,0
172928,172928,172931,3,0
172928,172929,172931,2,1
172928,172929,172932,3,1
172928,172929,172932,3,1
172928,172929,172932,3,1
172928,172929,172932,3,1
172928,172931,172932,1,3
172928,172931,172932,1,3
172910,172927,172932,5,17
172928,172929,172933,4,1
172928,172931,172932,1,3
172928,172929,172932,3,1
172928,172930,172932,2,2
172928,172929,172933,4,1
172928,172931,172934,3,3
172928,172929,172933,4,1
172928,172929,172933,4,1
172928,172931,172933,2,3
172928,172931,172933,2,3
172928,172930,172933,3,2
172928,172930,172933,3,2
172928,172929,172933,4,1
172928,172930,172934,4,2
172928,172930,172933,3,2
172928,172929,172934,5,1
172928,172930,172934,4,2
172928,172932,172935,3,4
172928,172932,172934,2,4
172928,172931,172934,3,3
172928,172932,172934,2,4
172928,172930,172934,4,2
172928,172932,172934,2,4
172928,172931,172935,4,3
172928,172931,172935,4,3
172928,172931,172934,3,3
172928,172931,172935,4,3
172928,172931,172935,4,3
172928,172931,172935,4,3
172928,172931,172935,4,3
172928,172932,172935,3,4
172928,172931,172935,4,3
172928,172931,172935,4,3
172928,172932,172935,3,4
172928,172932,172935,3,4
172928,172931,172936,5,3
172928,172933,172936,3,5
172928,172932,172936,4,4
172928,172932,172935,3,4
172928,172932,172936,4,4
172928,172933,172936,3,5
172928,172931,172935,4,3
172928,172931,172935,4,3
172928,172931,172936,5,3
172928,172933,172936,3,5
172928,172933,172936,3,5
172928,172933,172936,3,5
172928,172933,172936,3,5
172928,172933,172937,4,5
172928,172933,172937,4,5
172928,172933,172936,3,5
172928,172932,172936,4,4
172928,172932,172936,4,4
172928,172932,172936,4,4
172928,172933,172937,4,5
172928,172933,172937,4,5
172928,172933,172938,5,5
172928,172934,172937,3,6
172928,172934,172938,4,6
172928,172934,172938,4,6
172928,172934,172938,4,6
172928,172934,172938,4,6
172928,172934,172937,3,6
172928,172934,172937,3,6
172928,172934,172937,3,6
172928,172935,172938,3,7
172928,172935,172938,3,7
172928,172934,172937,3,6
172928,172935,172938,3,7
172928,172935,172938,3,7
172928,172934,172938,4,6
172928,172936,172939,3,8
172928,172935,172939,4,7
172928,172935,172938,3,7
172928,172935,172939,4,7
172928,172935,172938,3,7
172928,172935,172938,3,7
172928,172936,172939,3,8
172928,172934,172938,4,6
172928,172936,172938,2,8
172928,172935,172938,3,7
172928,172935,172939,4,7
172928,172937,172940,3,9
172928,172935,172939,4,7
172928,172935,172939,4,7
172928,172936,172939,3,8
172928,172936,172940,4,8
172928,172936,172939,3,8
172928,172937,172940,3,9
172928,172935,172940,5,7
172928,172937,172940,3,9
172928,172937,172940,3,9
172928,172937,172940,3,9
172928,172937,172940,3,9
172928,172937,172940,3,9
172928,172936,172940,4,8
172928,172937,172940,3,9
172928,172936,172939,3,8
172928,172936,172940,4,8
172928,172936,172939,3,8
172928,172936,172940,4,8
172928,172936,172940,4,8
172928,172936,172940,4,8
172928,172936,172939,3,8
172928,172937,172940,3,9
172928,172938,172941,3,10
172928,172938,172941,3,10
172928,172937,172941,4,9
172928,172937,172940,3,9
172087,172094,172940,846,7
172928,172938,172942,4,10
172928,172938,172941,3,10
172928,172938,172942,4,10
172928,172938,172942,4,10
172928,172938,172942,4,10
172928,172938,172942,4,10
172928,172938,172942,4,10
172928,172939,172942,3,11
172928,172938,172942,4,10
172928,172938,172941,3,10
172928,172939,172942,3,11
172928,172938,172942,4,10
172928,172938,172942,4,10
172928,172938,172942,4,10
172928,172938,172942,4,10
172928,172938,172942,4,10
172928,172939,172943,4,11
172928,172939,172942,3,11
172928,172940,172943,3,12
172928,172939,172943,4,11
172928,172940,172943,3,12
172928,172939,172943,4,11
172928,172939,172943,4,11
172928,172939,172943,4,11
172928,172939,172943,4,11
172067,172074,172942,868,7
172928,172939,172943,4,11
172928,172939,172943,4,11
172928,172941,172944,3,13
172928,172941,172943,2,13
172928,172940,172943,3,12
172928,172940,172944,4,12
172928,172940,172944,4,12
172928,172940,172944,4,12
172928,172940,172944,4,12
172928,172940,172944,4,12
172928,172940,172944,4,12
172928,172940,172944,4,12
172928,172940,172944,4,12
172928,172940,172944,4,12
172928,172940,172944,4,12
172928,172940,172944,4,12
172928,172940,172944,4,12
172928,172940,172944,4,12
172928,172941,172944,3,13
172928,172941,172945,4,13
172928,172940,172945,5,12
172928,172942,172945,3,14
172928,172942,172945,3,14
172928,172941,172945,4,13
172928,172941,172945,4,13
172928,172942,172945,3,14
172928,172940,172945,5,12
172928,172941,172945,4,13
172928,172941,172945,4,13
172928,172941,172945,4,13
172928,172942,172945,3,14
172928,172942,172945,3,14
172928,172940,172945,5,12
172928,172942,172945,3,14
172928,172942,172945,3,14
172928,172942,172946,4,14
172928,172942,172945,3,14
172928,172943,172946,3,15
172928,172942,172946,4,14
172928,172942,172946,4,14
172928,172942,172946,4,14
172928,172942,172946,4,14
172928,172944,172946,2,16
172928,172942,172946,4,14
172928,172944,172946,2,16
172928,172944,172946,2,16
172928,172943,172946,3,15
172928,172943,172946,3,15
172928,172943,172947,4,15
172928,172943,172947,4,15
172928,172944,172947,3,16
172928,172944,172947,3,16
172928,172944,172947,3,16
172928,172944,172947,3,16
172928,172946,172948,2,18
172928,172945,172948,3,17
172928,172945,172948,3,17
172928,172944,172947,3,16
172928,172944,172947,3,16
172928,172946,172947,1,18
172928,172944,172947,3,16
172928,172944,172947,3,16
172928,172945,172947,2,17
172928,172946,172948,2,18
172928,172944,172947,3,16
172928,172944,172947,3,16
172928,172945,172948,3,17
172928,172944,172947,3,16
172928,172943,172948,5,15
172928,172944,172948,4,16
172928,172944,172948,4,16
172928,172946,172948,2,18
172928,172945,172948,3,17
172928,172946,172948,2,18
172928,172945,172948,3,17
172928,172946,172948,2,18
172928,172945,172948,3,17
172928,172946,172948,2,18
172928,172945,172948,3,17
172928,172945,172948,3,17
172928,172946,172948,2,18
172928,172946,172948,2,18
172928,172945,172948,3,17
172928,172946,172949,3,18
172928,172946,172949,3,18
172928,172947,172949,2,19
172928,172946,172949,3,18
172928,172946,172949,3,18
172928,172946,172949,3,18
172928,172947,172949,2,19
172928,172946,172949,3,18
172928,172946,172949,3,18
172928,172946,172949,3,18
172139,172152,172964,812,13
172985,172986,172988,2,1
172985,172986,172988,2,1
172985,172986,172988,2,1
172985,172986,172988,2,1
172985,172986,172988,2,1
172985,172986,172988,2,1
172985,172986,172988,2,1
172985,172986,172988,2,1
172985,172986,172988,2,1
172985,172986,172989,3,1
172985,172986,172989,3,1
172985,172986,172990,4,1
172985,172988,172990,2,3
172985,172986,172990,4,1
172985,172986,172989,3,1
172985,172986,172989,3,1
172985,172986,172989,3,1
172985,172986,172989,3,1
172985,172986,172989,3,1
172985,172986,172989,3,1
172985,172986,172990,4,1
172985,172986,172990,4,1
172985,172986,172990,4,1
172985,172986,172991,5,1
172985,172986,172991,5,1
172985,172986,172990,4,1
172985,172986,172990,4,1
172985,172986,172991,5,1
172985,172989,172991,2,4
172985,172986,172991,5,1
172985,172986,172990,4,1
172985,172986,172990,4,1
172985,172986,172990,4,1
172985,172986,172990,4,1
172985,172986,172990,4,1
172985,172986,172990,4,1
172985,172986,172990,4,1
172985,172986,172990,4,1
172985,172986,172990,4,1
172985,172986,172990,4,1
172985,172986,172991,5,1
172985,172986,172990,4,1
172985,172986,172991,5,1
172985,172986,172991,5,1
172985,172986,172991,5,1
172985,172986,172991,5,1
172985,172986,172991,5,1
172985,172986,172991,5,1
172985,172986,172991,5,1
172985,172986,172991,5,1
172985,172986,172991,5,1
172985,172989,172992,3,4
172985,172986,172991,5,1
172985,172986,172991,5,1
172985,172986,172991,5,1
172985,172986,172992,6,1
172985,172989,172992,3,4
172985,172990,172993,3,5
172985,172989,172992,3,4
172985,172990,172993,3,5
172985,172989,172993,4,4
172985,172989,172993,4,4
172985,172990,172993,3,5
172985,172990,172994,4,5
172985,172989,172993,4,4
172985,172991,172993,2,6
172985,172990,172994,4,5
172985,172990,172994,4,5
172985,172991,172994,3,6
172985,172991,172994,3,6
172985,172990,172994,4,5
172985,172990,172994,4,5
172985,172989,172994,5,4
172985,172990,172993,3,5
172985,172990,172993,3,5
172985,172992,172995,3,7
172985,172989,172994,5,4
172985,172991,172995,4,6
172985,172991,172995,4,6
172985,172990,172995,5,5
172985,172991,172994,3,6
172985,172991,172995,4,6
172985,172991,172994,3,6
172985,172991,172995,4,6
172985,172991,172995,4,6
172985,172992,172996,4,7
172985,172992,172995,3,7
172985,172993,172996,3,8
172985,172992,172995,3,7
172985,172992,172995,3,7
172985,172991,172995,4,6
172985,172992,172995,3,7
172985,172991,172996,5,6
172985,172991,172996,5,6
172985,172992,172995,3,7
172985,172992,172996,4,7
172985,172991,172995,4,6
172985,172991,172995,4,6
172985,172992,172995,3,7
172985,172992,172996,4,7
172985,172992,172996,4,7
172985,172991,172996,5,6
172985,172992,172996,4,7
172985,172992,172996,4,7
172985,172992,172996,4,7
172985,172994,172997,3,9
172985,172992,172996,4,7
172985,172994,172997,3,9
172985,172993,172996,3,8
172985,172993,172996,3,8
172985,172993,172996,3,8
172985,172994,172997,3,9
172985,172991,172996,5,6
172985,172994,172997,3,9
172985,172993,172997,4,8
172985,172994,172997,3,9
172985,172994,172997,3,9
172985,172994,172997,3,9
172985,172994,172998,4,9
172985,172995,172998,3,10
172985,172994,172997,3,9
172985,172994,172998,4,9
172985,172995,172998,3,10
172985,172995,172998,3,10
172985,172994,172997,3,9
172985,172994,172998,4,9
172985,172995,172998,3,10
172985,172996,172998,2,11
172985,172994,172998,4,9
172985,172995,172998,3,10
172985,172995,172999,4,10
172985,172995,172999,4,10
172985,172996,172999,3,11
172985,172995,172999,4,10
172985,172996,172999,3,11
172985,172996,172999,3,11
172985,172996,172999,3,11
172985,172996,172999,3,11
172985,172998,172999,1,13
172985,172995,172999,4,10
172985,172995,172999,4,10
172985,172996,172999,3,11
172985,172998,172999,1,13
172985,172996,173000,4,11
172985,172996,172999,3,11
172985,172996,172999,3,11
172985,172998,173000,2,13
172985,172996,173000,4,11
172985,172996,173000,4,11
172985,172996,172999,3,11
172985,172996,173000,4,11
172985,172996,173000,4,11
172985,172996,173001,5,11
172985,172998,173000,2,13
172985,172998,173000,2,13
172985,172996,173000,4,11
172985,172998,173000,2,13
172985,172996,173000,4,11
172985,172996,173000,4,11
172985,172997,173001,4,12
172985,172998,173001,3,13
172985,172997,173000,3,12
172985,172997,173000,3,12
172985,172997,173001,4,12
172985,172998,173002,4,13
172985,172999,173001,2,14
172985,172998,173001,3,13
172985,172998,173001,3,13
172985,172999,173001,2,14
172985,172996,173001,5,11
172985,172998,173002,4,13
172985,172998,173002,4,13
172985,172998,173002,4,13
172985,173000,173002,2,15
172985,173000,173003,3,15
172985,172997,173002,5,12
172985,172999,173002,3,14
172985,172999,173002,3,14
172985,172999,173002,3,14
172985,173000,173003,3,15
172985,172999,173003,4,14
172985,172999,173003,4,14
172985,172999,173002,3,14
172985,172999,173003,4,14
172985,173000,173003,3,15
172985,172998,173003,5,13
172985,173000,173003,3,15
172985,173000,173003,3,15
172985,173001,173003,2,16
172985,173000,173003,3,15
172985,173000,173003,3,15
172985,173002,173004,2,17
172985,173000,173003,3,15
172985,173000,173004,4,15
172985,173000,173004,4,15
172985,173001,173003,2,16
172985,173000,173003,3,15
172985,173000,173003,3,15
172985,173000,173004,4,15
172985,173000,173003,3,15
172985,173000,173004,4,15
172985,173000,173004,4,15
172985,173001,173004,3,16
172985,172986,172991,5,1
172985,173002,173005,3,17
172985,173001,173004,3,16
172985,173001,173004,3,16
172985,173001,173004,3,16
172985,173001,173004,3,16
172985,173001,173004,3,16
172985,173002,173004,2,17
172985,173001,173004,3,16
172985,173001,173004,3,16
172985,173002,173004,2,17
172985,173002,173004,2,17
172985,173002,173005,3,17
172985,173001,173005,4,16
172985,173001,173004,3,16
172985,173002,173005,3,17
172985,173001,173005,4,16
172985,173002,173005,3,17
172985,173003,173005,2,18
172985,173003,173005,2,18
172985,173003,173005,2,18
172985,173003,173005,2,18
172985,173003,173006,3,18
172985,173003,173005,2,18
172985,173002,173005,3,17
172985,173003,173005,2,18
172985,173003,173006,3,18
172985,173003,173006,3,18
172985,173004,173006,2,19
172985,173004,173006,2,19
172985,173004,173006,2,19
172985,173003,173006,3,18
172986,173004,173007,3,18
172986,173004,173007,3,18
172985,173003,173006,3,18
172986,173004,173007,3,18
172986,173004,173007,3,18
172986,173004,173007,3,18
172986,173005,173007,2,19
172986,173006,173008,2,20
172986,173006,173008,2,20
172985,173005,173008,3,20
172986,173005,173007,2,19
172986,173004,173007,3,18
172986,173004,173007,3,18
172986,173004,173007,3,18
172986,173004,173008,4,18
172986,173004,173007,3,18
172986,173005,173008,3,19
172986,173004,173007,3,18
172986,173005,173008,3,19
172986,173006,173008,2,20
172986,173006,173008,2,20
172986,173006,173008,2,20
172986,173004,173007,3,18
172986,173004,173008,4,18
172986,173004,173007,3,18
172986,173005,173008,3,19
172986,173005,173008,3,19
172986,173006,173008,2,20
172986,173005,173008,3,19
172986,173005,173008,3,19
172986,173005,173008,3,19
172986,173006,173008,2,20
172986,173005,173008,3,19
172986,173005,173008,3,19
172985,173005,173009,4,20
172985,173005,173008,3,20
172986,173005,173009,4,19
172986,173005,173009,4,19
172986,173007,173009,2,21
172986,173007,173008,1,21
172986,173005,173009,4,19
172986,173005,173008,3,19
172986,173006,173009,3,20
172986,173006,173009,3,20
172986,173005,173008,3,19
172986,173006,173009,3,20
172986,173006,173009,3,20
172986,173007,173009,2,21
172986,173007,173009,2,21
172986,173005,173009,4,19
172986,173007,173010,3,21
172985,173005,173010,5,20
172986,173005,173009,4,19
172986,173007,173009,2,21
172986,173007,173010,3,21
172986,173007,173010,3,21
172986,173007,173010,3,21
172986,173007,173010,3,21
172986,173007,173010,3,21
172986,173008,173011,3,22
172986,173008,173011,3,22
172986,173008,173011,3,22
172986,173008,173011,3,22
172986,173008,173011,3,22
172986,173008,173011,3,22
172986,173008,173011,3,22
172986,173008,173011,3,22
172986,173008,173012,4,22
172986,173009,173011,2,23
172986,173008,173011,3,22
172986,173008,173011,3,22
172986,173009,173012,3,23
172986,173008,173011,3,22
172986,173009,173012,3,23
172986,173008,173012,4,22
172986,173008,173011,3,22
172986,173008,173012,4,22
172986,173008,173012,4,22
172986,173009,173011,2,23
172986,173009,173012,3,23
172986,173009,173012,3,23
172986,173009,173012,3,23
172986,173009,173012,3,23
172986,173009,173012,3,23
172986,173008,173012,4,22
172986,173008,173011,3,22
172986,173008,173011,3,22
172986,173009,173012,3,23
172986,173009,173012,3,23
172986,173008,173012,4,22
172986,173009,173012,3,23
172986,173009,173012,3,23
172986,173009,173012,3,23
172986,173009,173012,3,23
172986,173008,173012,4,22
172986,173008,173012,4,22
172986,173008,173012,4,22
172986,173008,173012,4,22
172986,173010,173013,3,24
172986,173009,173013,4,23
172986,173010,173012,2,24
172986,173009,173012,3,23
172986,173011,173013,2,25
172986,173009,173012,3,23
172986,173010,173013,3,24
172986,173010,173013,3,24
172986,173009,173012,3,23
172986,173011,173013,2,25
172986,173008,173012,4,22
172986,173010,173013,3,24
172986,173011,173014,3,25
172986,173011,173013,2,25
172986,173011,173013,2,25
172986,173011,173013,2,25
172986,173011,173014,3,25
172986,173011,173014,3,25
172986,173011,173013,2,25
172986,173011,173014,3,25
172986,173011,173014,3,25
172986,173011,173014,3,25
172986,173011,173014,3,25
172986,173012,173014,2,26
172986,173012,173014,2,26
172986,173012,173015,3,26
172986,173012,173014,2,26
172115,172121,173015,894,6
172996,173012,173015,3,16
172996,173012,173015,3,16
172996,173012,173015,3,16
172996,173012,173015,3,16
172996,173012,173015,3,16
172996,173013,173015,2,17
172996,173013,173016,3,17
172996,173012,173015,3,16
172996,173012,173016,4,16
172996,173012,173015,3,16
172996,173012,173016,4,16
172996,173012,173016,4,16
172996,173012,173016,4,16
172996,173012,173016,4,16
172996,173012,173016,4,16
172996,173012,173016,4,16
172996,173012,173016,4,16
172996,173012,173016,4,16
172996,173012,173016,4,16
172996,173012,173016,4,16
172996,173012,173016,4,16
172996,173013,173016,3,17
172996,173012,173016,4,16
172996,173012,173016,4,16
172996,173012,173016,4,16
172996,173014,173017,3,18
172996,173014,173016,2,18
172996,173013,173017,4,17
172996,173013,173017,4,17
172996,173013,173016,3,17
172996,173012,173016,4,16
172996,173013,173016,3,17
172996,173013,173016,3,17
172996,173014,173017,3,18
172996,173013,173017,4,17
172996,173015,173017,2,19
172996,173014,173017,3,18
172996,173014,173017,3,18
172996,173015,173017,2,19
172996,173015,173017,2,19
172996,173012,173017,5,16
172996,173014,173017,3,18
172996,173012,173017,5,16
172996,173014,173017,3,18
172996,173015,173018,3,19
172996,173015,173017,2,19
172996,173014,173018,4,18
172996,173014,173018,4,18
172996,173014,173017,3,18
172996,173015,173017,2,19
172996,173015,173018,3,19
172996,173015,173018,3,19
172996,173016,173019,3,20
172996,173014,173019,5,18
172996,173016,173019,3,20
172996,173016,173019,3,20
172996,173016,173020,4,20
172996,173017,173019,2,21
172996,173016,173019,3,20
172996,173016,173019,3,20
172996,173016,173020,4,20
172996,173016,173019,3,20
172996,173017,173020,3,21
172996,173017,173020,3,21
172996,173017,173019,2,21
172996,173016,173019,3,20
172996,173017,173020,3,21
172996,173016,173019,3,20
172996,173016,173020,4,20
172996,173018,173020,2,22
172996,173017,173020,3,21
172996,173017,173021,4,21
172996,173017,173021,4,21
172996,173018,173020,2,22
172996,173018,173021,3,22
172996,173017,173021,4,21
172996,173017,173021,4,21
172996,173017,173020,3,21
172996,173017,173020,3,21
172996,173017,173020,3,21
172996,173017,173021,4,21
172996,173017,173021,4,21
172996,173018,173021,3,22
172996,173018,173021,3,22
172996,173018,173021,3,22
172996,173018,173021,3,22
172996,173017,173021,4,21
172996,173017,173020,3,21
172996,173018,173021,3,22
172996,173018,173021,3,22
172996,173017,173021,4,21
172996,173017,173021,4,21
172996,173017,173021,4,21
172996,173017,173021,4,21
172996,173017,173021,4,21
172996,173018,173021,3,22
172996,173017,173021,4,21
172996,173018,173021,3,22
172996,173018,173021,3,22
172996,173019,173021,2,23
172996,173018,173021,3,22
172996,173018,173021,3,22
172996,173018,173021,3,22
172996,173017,173021,4,21
172996,173018,173021,3,22
172996,173018,173021,3,22
172996,173019,173022,3,23
172996,173019,173022,3,23
172996,173019,173022,3,23
172996,173019,173022,3,23
172996,173020,173022,2,24
172996,173020,173022,2,24
172996,173020,173023,3,24
172996,173020,173023,3,24
172996,173020,173023,3,24
172996,173020,173023,3,24
172996,173020,173022,2,24
172996,173020,173022,2,24
172996,173020,173024,4,24
172996,173020,173023,3,24
172202,172211,173027,816,9
173059,173059,173061,2,0
173059,173059,173061,2,0
173059,173059,173061,2,0
173059,173059,173062,3,0
173059,173059,173061,2,0
173059,173059,173062,3,0
173059,173059,173061,2,0
173059,173059,173062,3,0
173059,173059,173062,3,0
173059,173059,173062,3,0
173059,173059,173062,3,0
173059,173059,173062,3,0
173059,173059,173063,4,0
173059,173059,173063,4,0
173059,173059,173062,3,0
173059,173059,173063,4,0
173059,173059,173062,3,0
173059,173059,173062,3,0
173059,173059,173062,3,0
173059,173059,173062,3,0
173059,173059,173063,4,0
173059,173059,173062,3,0
173059,173059,173063,4,0
173059,173059,173062,3,0
173059,173059,173063,4,0
173059,173059,173062,3,0
173059,173059,173062,3,0
173059,173059,173063,4,0
173059,173059,173062,3,0
173059,173059,173062,3,0
173059,173059,173063,4,0
173059,173059,173062,3,0
173059,173059,173062,3,0
173059,173059,173062,3,0
173059,173059,173063,4,0
173059,173059,173062,3,0
173059,173059,173063,4,0
173059,173059,173063,4,0
173059,173059,173063,4,0
173059,173059,173063,4,0
173059,173059,173063,4,0
173059,173059,173064,5,0
173059,173059,173063,4,0
173059,173059,173064,5,0
173059,173059,173063,4,0
173059,173061,173063,2,2
173059,173059,173063,4,0
173059,173059,173063,4,0
173059,173061,173063,2,2
173059,173059,173064,5,0
173059,173061,173065,4,2
173059,173062,173065,3,3
173059,173062,173065,3,3
173059,173062,173066,4,3
173059,173062,173066,4,3
173059,173062,173065,3,3
173059,173063,173066,3,4
173059,173062,173065,3,3
173059,173062,173065,3,3
173059,173062,173066,4,3
173059,173063,173066,3,4
173059,173063,173066,3,4
173059,173063,173066,3,4
173059,173063,173066,3,4
173059,173063,173066,3,4
173059,173063,173067,4,4
173059,173063,173067,4,4
173059,173063,173066,3,4
173059,173063,173067,4,4
173059,173063,173067,4,4
173059,173063,173066,3,4
173059,173063,173067,4,4
173059,173063,173067,4,4
173059,173063,173067,4,4
173059,173063,173066,3,4
173059,173063,173067,4,4
173059,173063,173067,4,4
173059,173063,173067,4,4
173059,173063,173066,3,4
173059,173063,173066,3,4
173059,173064,173067,3,5
173059,173063,173067,4,4
173059,173063,173067,4,4
173059,173064,173067,3,5
173059,173063,173067,4,4
173059,173063,173067,4,4
173059,173063,173067,4,4
173059,173064,173067,3,5
173059,173064,173067,3,5
173059,173064,173067,3,5
173059,173064,173067,3,5
173059,173063,173067,4,4
173059,173063,173068,5,4
173059,173064,173067,3,5
173059,173064,173068,4,5
173059,173065,173067,2,6
173059,173064,173067,3,5
173059,173064,173068,4,5
173059,173065,173068,3,6
173059,173065,173068,3,6
173059,173065,173068,3,6
173059,173066,173069,3,7
173059,173067,173069,2,8
173059,173067,173069,2,8
173059,173067,173069,2,8
173059,173067,173069,2,8
173059,173066,173069,3,7
173059,173066,173069,3,7
173059,173066,173069,3,7
173059,173066,173069,3,7
173059,173066,173069,3,7
173059,173066,173069,3,7
173059,173067,173070,3,8
173059,173067,173070,3,8
173059,173067,173070,3,8
173059,173067,173070,3,8
173059,173067,173069,2,8
173059,173067,173070,3,8
173059,173066,173069,3,7
173059,173067,173070,3,8
173059,173067,173070,3,8
173059,173066,173070,4,7
173059,173067,173070,3,8
173059,173067,173070,3,8
173059,173067,173070,3,8
173059,173067,173070,3,8
173059,173067,173071,4,8
173059,173067,173070,3,8
173059,173067,173071,4,8
173059,173067,173071,4,8
173059,173067,173071,4,8
173059,173067,173070,3,8
173059,173067,173070,3,8
173059,173068,173071,3,9
173059,173067,173071,4,8
173059,173067,173071,4,8
173059,173068,173071,3,9
173059,173068,173071,3,9
173059,173067,173070,3,8
173059,173067,173071,4,8
173059,173067,173071,4,8
173059,173067,173071,4,8
173059,173067,173071,4,8
173059,173068,173071,3,9
173059,173068,173071,3,9
173059,173069,173071,2,10
173059,173067,173071,4,8
173059,173068,173072,4,9
173059,173068,173071,3,9
173059,173070,173072,2,11
173059,173069,173072,3,10
173059,173070,173072,2,11
173059,173069,173072,3,10
173059,173068,173072,4,9
173059,173070,173072,2,11
173059,173070,173072,2,11
173059,173070,173072,2,11
173059,173069,173072,3,10
173059,173070,173072,2,11
173059,173069,173072,3,10
173059,173070,173072,2,11
173059,173070,173073,3,11
173059,173070,173072,2,11
173059,173070,173072,2,11
173059,173070,173073,3,11
173059,173070,173073,3,11
173059,173070,173073,3,11
173059,173070,173073,3,11
173059,173071,173073,2,12
173059,173071,173073,2,12
173059,173072,173073,1,13
173059,173072,173074,2,13
173059,173069,173073,4,10
173059,173071,173073,2,12
173059,173071,173074,3,12
173059,173070,173073,3,11
173059,173070,173074,4,11
173059,173070,173074,4,11
173059,173070,173074,4,11
173059,173071,173074,3,12
173059,173072,173074,2,13
173059,173072,173075,3,13
173059,173072,173074,2,13
173059,173071,173074,3,12
173059,173071,173074,3,12
173059,173071,173074,3,12
173059,173072,173075,3,13
173059,173071,173075,4,12
173059,173072,173075,3,13
173059,173072,173075,3,13
173059,173071,173075,4,12
173059,173071,173075,4,12
173059,173072,173075,3,13
173059,173072,173075,3,13
173059,173073,173075,2,14
173059,173071,173075,4,12
173059,173072,173075,3,13
173059,173072,173075,3,13
173059,173072,173075,3,13
173059,173073,173075,2,14
173059,173071,173075,4,12
173059,173073,173076,3,14
173059,173073,173075,2,14
173059,173073,173076,3,14
173059,173073,173075,2,14
173059,173073,173075,2,14
173059,173073,173075,2,14
173059,173073,173075,2,14
173059,173073,173075,2,14
173059,173073,173075,2,14
173059,173073,173076,3,14
173059,173071,173076,5,12
173059,173071,173075,4,12
173059,173072,173076,4,13
173059,173074,173076,2,15
173059,173074,173077,3,15
173059,173074,173076,2,15
173059,173074,173076,2,15
173059,173075,173077,2,16
173059,173074,173076,2,15
173059,173074,173076,2,15
173059,173074,173076,2,15
173059,173074,173077,3,15
173059,173073,173076,3,14
173059,173073,173076,3,14
173059,173074,173077,3,15
173059,173074,173077,3,15
173059,173074,173077,3,15
173059,173075,173077,2,16
173059,173075,173077,2,16
172135,172142,173077,935,7
173059,173074,173077,3,15
173059,173074,173077,3,15
173059,173075,173077,2,16
173059,173075,173078,3,16
173059,173074,173077,3,15
173059,173075,173078,3,16
173059,173075,173078,3,16
173059,173075,173078,3,16
173059,173075,173078,3,16
173059,173077,173080,3,18
172191,172200,173085,885,9
173110,173110,173112,2,0
173110,173110,173112,2,0
173110,173110,173113,3,0
173110,173110,173112,2,0
173110,173110,173112,2,0
173110,173110,173113,3,0
173110,173110,173113,3,0
173110,173110,173113,3,0
173110,173110,173113,3,0
173110,173110,173112,2,0
173110,173111,173114,3,1
173110,173110,173114,4,0
173110,173110,173114,4,0
173110,173110,173114,4,0
173110,173112,173114,2,2
173110,173110,173114,4,0
173110,173110,173113,3,0
173110,173110,173114,4,0
173110,173110,173114,4,0
173110,173110,173114,4,0
173110,173110,173113,3,0
173110,173110,173114,4,0
173110,173110,173114,4,0
173110,173110,173114,4,0
173110,173110,173114,4,0
173110,173110,173114,4,0
173110,173110,173114,4,0
173110,173110,173113,3,0
173110,173110,173114,4,0
173110,173110,173114,4,0
173110,173110,173114,4,0
173110,173110,173114,4,0
173110,173110,173113,3,0
173110,173110,173114,4,0
173110,173110,173114,4,0
173110,173110,173114,4,0
173110,173110,173114,4,0
173110,173111,173113,2,1
173110,173110,173113,3,0
173110,173110,173113,3,0
173110,173110,173113,3,0
173110,173110,173114,4,0
173110,173110,173114,4,0
173110,173110,173114,4,0
173110,173110,173114,4,0
173110,173110,173114,4,0
173110,173110,173114,4,0
173110,173110,173115,5,0
173110,173110,173114,4,0
173110,173110,173114,4,0
173110,173110,173115,5,0
173110,173110,173114,4,0
173110,173112,173115,3,2
173110,173113,173115,2,3
173110,173113,173116,3,3
173110,173113,173116,3,3
173110,173114,173117,3,4
173110,173113,173117,4,3
173110,173113,173116,3,3
173110,173113,173117,4,3
173110,173114,173117,3,4
173110,173114,173117,3,4
173110,173114,173117,3,4
173110,173113,173117,4,3
173110,173113,173117,4,3
173110,173114,173117,3,4
173110,173114,173117,3,4
173110,173114,173117,3,4
173110,173114,173118,4,4
173110,173114,173118,4,4
173110,173114,173117,3,4
173110,173115,173118,3,5
173110,173114,173118,4,4
173110,173115,173118,3,5
173110,173114,173118,4,4
173110,173114,173118,4,4
173110,173114,173117,3,4
173110,173114,173118,4,4
173110,173114,173118,4,4
173110,173114,173118,4,4
173110,173115,173118,3,5
173110,173114,173118,4,4
173110,173114,173118,4,4
173110,173115,173118,3,5
173110,173115,173118,3,5
173110,173114,173118,4,4
173110,173114,173118,4,4
173110,173114,173118,4,4
173110,173116,173118,2,6
173110,173116,173118,2,6
173110,173116,173118,2,6
173110,173116,173118,2,6
173110,173116,173118,2,6
173110,173115,173119,4,5
173110,173115,173118,3,5
173110,173115,173118,3,5
173110,173115,173119,4,5
173110,173114,173119,5,4
173110,173114,173119,5,4
173110,173114,173119,5,4
173110,173114,173119,5,4
173110,173114,173119,5,4
173110,173114,173119,5,4
173110,173116,173119,3,6
173110,173114,173119,5,4
173110,173115,173119,4,5
173110,173117,173119,2,7
173110,173117,173120,3,7
173110,173117,173120,3,7
173110,173117,173120,3,7
173110,173118,173120,2,8
173110,173118,173120,2,8
173110,173118,173120,2,8
173110,173118,173120,2,8
173110,173118,173120,2,8
173110,173118,173120,2,8
173110,173118,173121,3,8
173110,173118,173120,2,8
173121,173121,173123,2,0
173121,173122,173123,1,1
173121,173121,173124,3,0
173121,173122,173123,1,1
173121,173122,173124,2,1
173121,173121,173124,3,0
173121,173121,173124,3,0
173121,173121,173124,3,0
173121,173121,173124,3,0
173121,173121,173124,3,0
173121,173122,173124,2,1
173121,173122,173124,2,1
173121,173122,173124,2,1
173121,173122,173124,2,1
173121,173122,173125,3,1
173121,173122,173124,2,1
173121,173121,173125,4,0
173121,173124,173125,1,3
173121,173121,173125,4,0
173121,173122,173125,3,1
173121,173122,173125,3,1
173121,173122,173125,3,1
173121,173121,173125,4,0
173121,173121,173125,4,0
173121,173122,173125,3,1
173121,173122,173125,3,1
173121,173122,173126,4,1
173121,173122,173125,3,1
173121,173121,173125,4,0
173121,173122,173125,3,1
173121,173124,173125,1,3
173121,173122,173126,4,1
173121,173124,173125,1,3
173121,173121,173125,4,0
173121,173121,173125,4,0
173121,173122,173125,3,1
173121,173122,173125,3,1
173121,173122,173125,3,1
173121,173122,173126,4,1
173121,173121,173126,5,0
173121,173122,173126,4,1
173121,173122,173126,4,1
173121,173121,173126,5,0
173121,173122,173126,4,1
173121,173121,173126,5,0
173121,173121,173126,5,0
173121,173122,173126,4,1
173121,173121,173126,5,0
173121,173122,173126,4,1
173121,173122,173126,4,1
173121,173124,173126,2,3
173121,173122,173127,5,1
173121,173122,173127,5,1
173121,173125,173127,2,4
173121,173125,173129,4,4
173121,173125,173128,3,4
173121,173126,173128,2,5
173121,173125,173128,3,4
173121,173126,173128,2,5
173121,173126,173129,3,5
173121,173126,173128,2,5
173121,173126,173128,2,5
173121,173125,173128,3,4
173121,173125,173128,3,4
173121,173125,173128,3,4
173121,173126,173129,3,5
173121,173125,173128,3,4
173121,173125,173128,3,4
173121,173126,173128,2,5
173121,173126,173129,3,5
173121,173125,173128,3,4
173121,173126,173128,2,5
173121,173126,173128,2,5
173121,173126,173128,2,5
173121,173126,173129,3,5
173121,173126,173129,3,5
173121,173126,173129,3,5
173121,173126,173129,3,5
173121,173126,173129,3,5
173121,173126,173129,3,5
173121,173125,173129,4,4
173121,173126,173130,4,5
173121,173126,173130,4,5
173121,173126,173129,3,5
173121,173127,173129,2,6
173121,173127,173129,2,6
173121,173127,173130,3,6
173121,173126,173130,4,5
173121,173127,173130,3,6
173121,173126,173129,3,5
173121,173127,173129,2,6
173121,173127,173130,3,6
173121,173127,173130,3,6
173121,173126,173129,3,5
173121,173127,173130,3,6
173121,173127,173130,3,6
173121,173127,173130,3,6
173121,173127,173129,2,6
173121,173125,173130,5,4
173121,173128,173130,2,7
173121,173127,173130,3,6
173121,173128,173130,2,7
173121,173129,173131,2,8
173121,173129,173131,2,8
173121,173129,173131,2,8
173121,173129,173131,2,8
173121,173129,173131,2,8
173121,173129,173131,2,8
173121,173129,173132,3,8
173121,173129,173132,3,8
173121,173129,173131,2,8
173121,173129,173131,2,8
173121,173129,173131,2,8
173121,173129,173131,2,8
173121,173129,173131,2,8
173121,173129,173132,3,8
173121,173129,173132,3,8
173121,173129,173132,3,8
173121,173128,173131,3,7
173110,173111,173123,12,1
173110,173111,173123,12,1
173121,173136,173139,3,15
172275,172281,173150,869,6
173157,173157,173159,2,0
173157,173157,173158,1,0
173157,173157,173160,3,0
173157,173157,173160,3,0
173157,173157,173160,3,0
173157,173157,173160,3,0
173157,173157,173160,3,0
173157,173157,173161,4,0
173157,173157,173160,3,0
173157,173157,173160,3,0
173157,173157,173161,4,0
173157,173157,173161,4,0
173157,173157,173160,3,0
173157,173157,173161,4,0
173157,173157,173161,4,0
173157,173157,173161,4,0
173157,173157,173160,3,0
173157,173157,173160,3,0
173157,173157,173161,4,0
173157,173157,173160,3,0
173157,173157,173161,4,0
173157,173157,173161,4,0
173157,173157,173160,3,0
173157,173157,173161,4,0
173157,173157,173160,3,0
173157,173157,173161,4,0
173157,173157,173160,3,0
173157,173159,173161,2,2
173157,173157,173161,4,0
173157,173157,173162,5,0
173157,173157,173161,4,0
173157,173157,173162,5,0
173157,173157,173161,4,0
173157,173157,173161,4,0
173157,173157,173161,4,0
173157,173157,173161,4,0
173157,173157,173161,4,0
173157,173157,173161,4,0
173157,173157,173162,5,0
173157,173157,173161,4,0
173157,173157,173162,5,0
173157,173157,173161,4,0
173157,173157,173162,5,0
173157,173157,173162,5,0
173157,173159,173163,4,2
173157,173159,173163,4,2
173157,173159,173162,3,2
173157,173159,173163,4,2
173157,173159,173163,4,2
173157,173161,173164,3,4
173157,173160,173164,4,3
173157,173160,173164,4,3
173157,173162,173164,2,5
173157,173161,173163,2,4
173157,173161,173164,3,4
173157,173161,173164,3,4
173157,173160,173164,4,3
173157,173161,173164,3,4
173157,173161,173164,3,4
173157,173161,173165,4,4
173157,173161,173165,4,4
173157,173162,173165,3,5
173157,173162,173165,3,5
173157,173162,173165,3,5
173157,173161,173164,3,4
173157,173161,173165,4,4
173157,173161,173165,4,4
173157,173162,173165,3,5
173157,173162,173165,3,5
173157,173161,173165,4,4
173157,173162,173165,3,5
173157,173162,173165,3,5
173157,173161,173165,4,4
173157,173161,173164,3,4
173157,173161,173165,4,4
173157,173161,173165,4,4
173157,173162,173165,3,5
173157,173161,173164,3,4
173157,173162,173165,3,5
173157,173161,173165,4,4
173157,173161,173165,4,4
173157,173162,173165,3,5
173157,173162,173166,4,5
173157,173162,173166,4,5
173157,173163,173166,3,6
173157,173162,173166,4,5
173157,173161,173166,5,4
173157,173163,173166,3,6
173157,173162,173166,4,5
173157,173162,173166,4,5
173157,173162,173166,4,5
173157,173162,173166,4,5
173157,173164,173167,3,7
173157,173164,173167,3,7
173157,173163,173167,4,6
173157,173164,173167,3,7
173157,173164,173167,3,7
173157,173164,173167,3,7
173157,173164,173167,3,7
173157,173164,173167,3,7
173157,173164,173167,3,7
173157,173164,173168,4,7
173157,173165,173168,3,8
173157,173165,173168,3,8
173157,173165,173168,3,8
173157,173165,173168,3,8
173157,173164,173168,4,7
173157,173165,173168,3,8
173157,173165,173168,3,8
173157,173165,173168,3,8
173157,173164,173168,4,7
173157,173164,173167,3,7
173157,173165,173168,3,8
173157,173165,173168,3,8
173157,173165,173168,3,8
173157,173165,173169,4,8
173157,173165,173168,3,8
173157,173165,173169,4,8
173157,173165,173168,3,8
173157,173165,173169,4,8
172334,172343,173246,903,9
172382,172396,173248,852,14
173249,173249,173250,1,0
173249,173249,173251,2,0
173249,173249,173251,2,0
173249,173249,173252,3,0
173249,173249,173252,3,0
173249,173249,173252,3,0
173249,173249,173251,2,0
173249,173249,173252,3,0
173249,173249,173252,3,0
173249,173249,173253,4,0
173249,173249,173253,4,0
173249,173249,173253,4,0
173249,173249,173252,3,0
173249,173249,173253,4,0
173249,173249,173252,3,0
173249,173249,173252,3,0
173249,173249,173252,3,0
173249,173249,173252,3,0
173249,173249,173253,4,0
173249,173249,173253,4,0
173249,173249,173252,3,0
173249,173249,173253,4,0
173249,173249,173252,3,0
173249,173249,173253,4,0
173249,173249,173253,4,0
173249,173249,173253,4,0
173249,173249,173252,3,0
173249,173249,173252,3,0
173249,173249,173253,4,0
173249,173249,173253,4,0
173249,173249,173253,4,0
173249,173249,173254,5,0
173249,173249,173254,5,0
173249,173249,173253,4,0
173249,173251,173253,2,2
173249,173249,173253,4,0
173249,173249,173253,4,0
173249,173251,173254,3,2
173249,173252,173255,3,3
173249,173252,173255,3,3
173249,173252,173256,4,3
173249,173252,173256,4,3
173249,173253,173256,3,4
173249,173254,173256,2,5
173249,173253,173256,3,4
173249,173253,173256,3,4
173249,173252,173255,3,3
173249,173254,173256,2,5
173249,173253,173257,4,4
173249,173253,173257,4,4
173249,173253,173256,3,4
173249,173254,173257,3,5
173249,173253,173257,4,4
173249,173253,173257,4,4
173249,173254,173256,2,5
173249,173253,173256,3,4
173249,173254,173257,3,5
173249,173254,173257,3,5
173249,173252,173256,4,3
173249,173253,173257,4,4
173249,173253,173257,4,4
173249,173253,173257,4,4
173249,173253,173257,4,4
173249,173253,173256,3,4
173249,173253,173257,4,4
173249,173254,173258,4,5
173249,173253,173257,4,4
173249,173254,173258,4,5
173249,173255,173257,2,6
173249,173253,173258,5,4
173249,173253,173258,5,4
173249,173254,173257,3,5
173249,173254,173259,5,5
173249,173254,173259,5,5
173249,173253,173258,5,4
173249,173256,173259,3,7
173249,173256,173259,3,7
173249,173256,173259,3,7
173249,173256,173259,3,7
173249,173256,173259,3,7
173249,173256,173259,3,7
173249,173257,173259,2,8
173249,173257,173259,2,8
173249,173256,173260,4,7
173249,173256,173259,3,7
173249,173256,173260,4,7
173249,173257,173260,3,8
173249,173257,173260,3,8
173249,173257,173260,3,8
173249,173257,173260,3,8
173249,173258,173261,3,9
173249,173258,173261,3,9
173249,173258,173260,2,9
173249,173258,173261,3,9
173249,173256,173260,4,7
173249,173257,173261,4,8
173249,173257,173261,4,8
173249,173257,173261,4,8
173249,173257,173261,4,8
173249,173257,173261,4,8
173249,173258,173261,3,9
173249,173258,173261,3,9
173249,173257,173261,4,8
173249,173257,173261,4,8
173249,173257,173261,4,8
173249,173258,173261,3,9
173249,173257,173261,4,8
173249,173257,173261,4,8
173249,173257,173261,4,8
173249,173259,173261,2,10
173249,173259,173262,3,10
173249,173259,173262,3,10
173249,173259,173262,3,10
173249,173259,173262,3,10
173249,173259,173262,3,10
173249,173261,173263,2,12
173249,173261,173263,2,12
173249,173260,173263,3,11
173249,173261,173263,2,12
173249,173260,173263,3,11
173249,173261,173263,2,12
173249,173261,173264,3,12
173249,173260,173264,4,11
173249,173260,173264,4,11
173249,173260,173264,4,11
173249,173261,173264,3,12
173249,173261,173264,3,12
173249,173262,173264,2,13
173249,173262,173264,2,13
173249,173262,173264,2,13
173249,173261,173264,3,12
173249,173261,173264,3,12
173249,173262,173265,3,13
173249,173261,173264,3,12
173249,173262,173265,3,13
173249,173261,173265,4,12
173249,173263,173265,2,14
173249,173261,173265,4,12
173249,173261,173265,4,12
173249,173261,173265,4,12
173249,173262,173265,3,13
173249,173262,173265,3,13
173249,173262,173266,4,13
173249,173262,173266,4,13
173249,173262,173265,3,13
173249,173262,173265,3,13
173249,173263,173266,3,14
173249,173262,173265,3,13
173249,173263,173266,3,14
173249,173261,173267,6,12
173249,173262,173266,4,13
173249,173262,173266,4,13
173249,173264,173267,3,15
173249,173264,173267,3,15
173249,173264,173267,3,15
173249,173264,173267,3,15
173249,173265,173267,2,16
173249,173264,173267,3,15
173249,173265,173267,2,16
173249,173265,173267,2,16
173249,173264,173267,3,15
173249,173265,173268,3,16
173249,173264,173268,4,15
173249,173264,173268,4,15
173249,173264,173268,4,15
173249,173266,173268,2,17
173249,173266,173268,2,17
173249,173266,173268,2,17
173249,173266,173268,2,17
173249,173265,173268,3,16
173249,173265,173268,3,16
173249,173265,173268,3,16
173249,173266,173268,2,17
173249,173265,173269,4,16
173249,173266,173269,3,17
173249,173266,173269,3,17
173249,173266,173269,3,17
173249,173266,173270,4,17
173249,173266,173269,3,17
173249,173268,173269,1,19
173249,173265,173269,4,16
173249,173266,173269,3,17
173249,173267,173270,3,18
173249,173268,173270,2,19
173249,173266,173269,3,17
173249,173268,173270,2,19
173249,173249,173253,4,0
173249,173249,173253,4,0
173249,173249,173253,4,0
173249,173249,173252,3,0
173249,173268,173270,2,19
173249,173266,173271,5,17
173249,173266,173270,4,17
173249,173268,173270,2,19
173249,173267,173271,4,18
173249,173268,173270,2,19
173249,173267,173270,3,18
173249,173268,173270,2,19
173249,173268,173271,3,19
173249,173268,173270,2,19
173249,173269,173271,2,20
173249,173269,173271,2,20
173249,173267,173271,4,18
173249,173269,173271,2,20
173249,173269,173271,2,20
173249,173269,173272,3,20
173249,173269,173271,2,20
173249,173267,173271,4,18
173249,173267,173271,4,18
173249,173269,173272,3,20
173249,173269,173272,3,20
173249,173269,173272,3,20
173249,173269,173272,3,20
173249,173270,173272,2,21
173249,173269,173272,3,20
173249,173270,173272,2,21
173249,173270,173273,3,21
173249,173270,173273,3,21
173249,173270,173272,2,21
173249,173270,173273,3,21
173249,173270,173273,3,21
173249,173270,173273,3,21
173249,173270,173273,3,21
173249,173271,173273,2,22
173249,173270,173273,3,21
173249,173270,173273,3,21
173249,173271,173274,3,22
173249,173271,173273,2,22
173249,173271,173273,2,22
173249,173271,173273,2,22
173249,173271,173274,3,22
173249,173271,173274,3,22
173249,173271,173274,3,22
173249,173271,173273,2,22
173249,173271,173273,2,22
173249,173270,173274,4,21
173249,173271,173274,3,22
173249,173271,173274,3,22
173249,173270,173274,4,21
173249,173271,173277,6,22
172378,172384,173336,952,6
173337,173338,173340,2,1
173337,173338,173340,2,1
173337,173338,173340,2,1
173337,173338,173340,2,1
173337,173338,173341,3,1
173337,173338,173341,3,1
173337,173338,173341,3,1
173337,173338,173341,3,1
173337,173338,173341,3,1
173337,173338,173341,3,1
173337,173338,173341,3,1
173337,173338,173341,3,1
173337,173338,173341,3,1
173337,173338,173341,3,1
173337,173338,173341,3,1
173337,173338,173342,4,1
173337,173338,173341,3,1
173337,173338,173341,3,1
173337,173338,173341,3,1
173337,173338,173342,4,1
173337,173338,173342,4,1
173337,173338,173341,3,1
173337,173338,173342,4,1
173337,173338,173341,3,1
173337,173338,173341,3,1
173337,173338,173342,4,1
173337,173338,173342,4,1
173337,173338,173342,4,1
173337,173338,173342,4,1
173337,173338,173342,4,1
173337,173338,173342,4,1
173337,173338,173342,4,1
173337,173338,173342,4,1
173337,173338,173342,4,1
173337,173338,173342,4,1
173337,173338,173342,4,1
173337,173338,173342,4,1
173337,173338,173342,4,1
173337,173338,173342,4,1
173337,173338,173342,4,1
173337,173338,173342,4,1
173337,173341,173343,2,4
173337,173341,173344,3,4
173337,173341,173344,3,4
173337,173342,173345,3,5
173337,173342,173345,3,5
173337,173343,173344,1,6
173337,173342,173345,3,5
173337,173342,173344,2,5
173337,173342,173345,3,5
173337,173341,173344,3,4
173337,173342,173345,3,5
173337,173342,173345,3,5
173337,173343,173345,2,6
173337,173343,173345,2,6
173337,173342,173345,3,5
173337,173342,173345,3,5
173337,173343,173346,3,6
173337,173342,173345,3,5
173337,173342,173346,4,5
173337,173343,173345,2,6
173337,173342,173346,4,5
173337,173343,173346,3,6
173337,173342,173346,4,5
173337,173342,173345,3,5
173337,173342,173345,3,5
173337,173342,173345,3,5
173337,173342,173346,4,5
173337,173342,173345,3,5
173337,173343,173345,2,6
173337,173343,173347,4,6
173337,173343,173346,3,6
173337,173343,173347,4,6
173337,173343,173346,3,6
173337,173343,173346,3,6
173337,173344,173347,3,7
173337,173342,173346,4,5
173337,173344,173347,3,7
173337,173342,173346,4,5
173337,173342,173346,4,5
173337,173343,173346,3,6
173337,173343,173348,5,6
173337,173343,173347,4,6
173337,173343,173347,4,6
173337,173345,173347,2,8
173337,173345,173348,3,8
173337,173345,173347,2,8
173337,173345,173348,3,8
173337,173345,173348,3,8
173337,173345,173348,3,8
173337,173345,173348,3,8
173337,173345,173349,4,8
173337,173346,173349,3,9
173337,173346,173348,2,9
173337,173345,173348,3,8
173337,173346,173348,2,9
173337,173346,173349,3,9
173337,173346,173349,3,9
173337,173346,173349,3,9
173337,173346,173349,3,9
173337,173346,173349,3,9
173337,173346,173349,3,9
173337,173346,173349,3,9
173337,173347,173349,2,10
173337,173346,173349,3,9
173337,173346,173350,4,9
173337,173347,173350,3,10
173337,173346,173350,4,9
173337,173347,173350,3,10
173337,173347,173350,3,10
173337,173346,173350,4,9
173337,173346,173349,3,9
173337,173346,173350,4,9
173337,173346,173350,4,9
173337,173346,173349,3,9
173337,173347,173350,3,10
173337,173347,173350,3,10
173337,173347,173350,3,10
173337,173347,173350,3,10
173337,173347,173350,3,10
172456,172463,173358,895,7
172500,172507,173383,876,7
173382,173382,173384,2,0
173382,173382,173385,3,0
173382,173382,173385,3,0
173382,173382,173385,3,0
173382,173382,173385,3,0
173382,173382,173385,3,0
173382,173382,173385,3,0
173382,173382,173385,3,0
173382,173382,173384,2,0
173382,173382,173386,4,0
173382,173382,173386,4,0
173382,173382,173386,4,0
173382,173382,173385,3,0
173382,173382,173386,4,0
173382,173382,173385,3,0
173382,173382,173385,3,0
173382,173382,173386,4,0
173382,173382,173386,4,0
173382,173382,173386,4,0
173382,173382,173386,4,0
173382,173382,173386,4,0
173382,173382,173385,3,0
173382,173382,173386,4,0
173382,173382,173386,4,0
173382,173382,173386,4,0
173382,173382,173386,4,0
173382,173382,173386,4,0
173382,173382,173386,4,0
173382,173382,173386,4,0
173382,173382,173386,4,0
173382,173382,173385,3,0
173382,173382,173386,4,0
173382,173382,173386,4,0
173382,173382,173386,4,0
173382,173382,173386,4,0
173382,173382,173387,5,0
173382,173382,173386,4,0
173382,173382,173386,4,0
173382,173382,173386,4,0
173382,173382,173387,5,0
173382,173385,173388,3,3
173382,173385,173388,3,3
173382,173384,173388,4,2
173382,173384,173388,4,2
173382,173385,173388,3,3
173382,173386,173389,3,4
173382,173385,173389,4,3
173382,173386,173388,2,4
173382,173386,173388,2,4
173382,173385,173389,4,3
173382,173386,173389,3,4
173382,173386,173389,3,4
173382,173387,173389,2,5
173382,173387,173389,2,5
173382,173385,173389,4,3
173382,173385,173389,4,3
173382,173387,173389,2,5
173382,173385,173390,5,3
173382,173386,173389,3,4
173382,173386,173390,4,4
173382,173386,173390,4,4
173382,173386,173390,4,4
173382,173386,173389,3,4
173382,173386,173390,4,4
173382,173386,173390,4,4
173382,173387,173390,3,5
173382,173386,173390,4,4
173382,173387,173390,3,5
173382,173386,173390,4,4
173382,173386,173390,4,4
173382,173386,173390,4,4
173382,173387,173390,3,5
173382,173386,173390,4,4
173382,173386,173390,4,4
173382,173388,173391,3,6
173382,173387,173391,4,5
173382,173388,173391,3,6
173382,173387,173391,4,5
173382,173388,173391,3,6
173382,173388,173391,3,6
173382,173390,173392,2,8
173382,173387,173392,5,5
173382,173389,173392,3,7
173382,173389,173392,3,7
173382,173390,173392,2,8
173382,173390,173392,2,8
173382,173390,173392,2,8
173382,173390,173392,2,8
173382,173389,173392,3,7
173382,173389,173393,4,7
173382,173390,173393,3,8
173382,173390,173393,3,8
173382,173390,173393,3,8
173382,173389,173393,4,7
173382,173391,173393,2,9
173382,173389,173393,4,7
173382,173390,173393,3,8
173382,173390,173393,3,8
173382,173389,173393,4,7
173382,173389,173393,4,7
173382,173391,173394,3,9
173382,173389,173393,4,7
173382,173391,173393,2,9
173382,173391,173393,2,9
173382,173391,173393,2,9
173382,173391,173394,3,9
173382,173391,173393,2,9
173382,173391,173393,2,9
173382,173390,173393,3,8
173382,173391,173393,2,9
173382,173390,173394,4,8
173382,173390,173394,4,8
173382,173391,173394,3,9
173382,173391,173394,3,9
173382,173391,173394,3,9
173385,173392,173395,3,7
173385,173393,173396,3,8
173385,173393,173395,2,8
173385,173392,173395,3,7
173385,173393,173395,2,8
173385,173394,173396,2,9
173385,173394,173397,3,9
173385,173394,173396,2,9
173385,173394,173396,2,9
173385,173394,173396,2,9
173385,173394,173396,2,9
173385,173394,173396,2,9
173385,173393,173396,3,8
173385,173394,173396,2,9
173385,173393,173396,3,8
173385,173394,173396,2,9
173385,173394,173396,2,9
173385,173393,173396,3,8
173385,173393,173396,3,8
173385,173393,173397,4,8
173385,173394,173397,3,9
173385,173395,173397,2,10
173385,173395,173398,3,10
173385,173396,173398,2,11
173385,173394,173398,4,9
173385,173394,173398,4,9
173385,173395,173397,2,10
173385,173394,173397,3,9
173385,173394,173397,3,9
173385,173394,173398,4,9
173385,173395,173397,2,10
173385,173396,173398,2,11
173385,173394,173398,4,9
173385,173395,173398,3,10
173385,173394,173398,4,9
173385,173396,173398,2,11
173385,173394,173398,4,9
173385,173395,173398,3,10
173385,173395,173398,3,10
173385,173396,173399,3,11
173385,173394,173398,4,9
173385,173398,173400,2,13
173385,173397,173400,3,12
173385,173397,173400,3,12
173385,173397,173400,3,12
173385,173397,173400,3,12
173385,173397,173401,4,12
173385,173397,173400,3,12
173385,173398,173400,2,13
173385,173397,173400,3,12
173385,173397,173401,4,12
173385,173397,173401,4,12
173385,173397,173400,3,12
173385,173397,173401,4,12
173385,173397,173401,4,12
173385,173398,173401,3,13
173385,173398,173401,3,13
173385,173397,173401,4,12
173385,173397,173401,4,12
173385,173398,173401,3,13
173385,173398,173401,3,13
173385,173398,173401,3,13
173385,173399,173401,2,14
173385,173397,173401,4,12
173385,173398,173402,4,13
173385,173398,173402,4,13
173385,173398,173401,3,13
173385,173398,173401,3,13
173385,173398,173402,4,13
173385,173399,173402,3,14
173385,173399,173402,3,14
173385,173399,173403,4,14
173385,173399,173402,3,14
173385,173399,173402,3,14
173385,173399,173403,4,14
173385,173399,173403,4,14
173385,173400,173402,2,15
173385,173399,173403,4,14
173382,173382,173387,5,0
173385,173400,173404,4,15
173385,173401,173404,3,16
173385,173401,173403,2,16
173385,173401,173403,2,16
173385,173401,173403,2,16
173385,173401,173403,2,16
173385,173400,173403,3,15
173385,173401,173404,3,16
173385,173401,173404,3,16
173385,173401,173404,3,16
173385,173402,173405,3,17
173385,173400,173404,4,15
173385,173402,173404,2,17
173385,173402,173404,2,17
173385,173402,173405,3,17
173385,173402,173405,3,17
173385,173402,173404,2,17
173385,173402,173405,3,17
173385,173401,173405,4,16
173385,173402,173405,3,17
173385,173402,173405,3,17
173385,173402,173405,3,17
173385,173402,173405,3,17
173385,173403,173405,2,18
173385,173403,173405,2,18
173385,173403,173406,3,18
173385,173402,173405,3,17
173385,173404,173406,2,19
173385,173402,173405,3,17
173385,173403,173406,3,18
173385,173403,173406,3,18
173385,173402,173406,4,17
173385,173403,173406,3,18
173382,173404,173407,3,22
173382,173404,173406,2,22
173385,173404,173406,2,19
173385,173404,173407,3,19
173385,173404,173407,3,19
173385,173403,173406,3,18
173385,173404,173407,3,19
173385,173404,173407,3,19
173385,173403,173407,4,18
173385,173401,173407,6,16
173385,173404,173407,3,19
173382,173404,173407,3,22
173382,173404,173408,4,22
172511,172518,173423,905,7
173429,173429,173432,3,0
173429,173430,173432,2,1
173429,173430,173433,3,1
173429,173430,173432,2,1
173429,173430,173433,3,1
173429,173430,173433,3,1
173429,173430,173433,3,1
173429,173430,173433,3,1
173429,173429,173433,4,0
173429,173430,173433,3,1
173429,173429,173433,4,0
173429,173429,173433,4,0
173429,173430,173433,3,1
173429,173430,173433,3,1
173429,173430,173433,3,1
173429,173430,173433,3,1
173429,173429,173433,4,0
173429,173430,173433,3,1
173429,173430,173433,3,1
173429,173429,173433,4,0
173429,173430,173433,3,1
173429,173430,173434,4,1
173429,173430,173433,3,1
173429,173429,173434,5,0
173429,173429,173434,5,0
173429,173429,173434,5,0
173429,173429,173435,6,0
173429,173430,173434,4,1
173429,173430,173434,4,1
173429,173429,173434,5,0
173429,173430,173434,4,1
173429,173429,173434,5,0
173429,173429,173434,5,0
173429,173430,173434,4,1
173429,173430,173434,4,1
173429,173429,173435,6,0
173429,173429,173434,5,0
173429,173430,173434,4,1
173429,173429,173435,6,0
173429,173429,173435,6,0
173429,173433,173435,2,4
173429,173433,173435,2,4
173429,173434,173436,2,5
173429,173433,173436,3,4
173429,173434,173436,2,5
173429,173433,173436,3,4
173429,173434,173436,2,5
173429,173434,173436,2,5
173429,173434,173437,3,5
173429,173434,173437,3,5
173429,173434,173437,3,5
173429,173434,173437,3,5
173429,173434,173438,4,5
173429,173435,173437,2,6
173429,173435,173437,2,6
173429,173434,173437,3,5
173429,173434,173437,3,5
173429,173435,173437,2,6
173429,173434,173437,3,5
173429,173434,173437,3,5
173429,173435,173438,3,6
173429,173435,173438,3,6
173429,173435,173438,3,6
173429,173434,173438,4,5
173429,173435,173438,3,6
173429,173436,173439,3,7
173429,173435,173438,3,6
173429,173435,173438,3,6
173429,173435,173438,3,6
173429,173435,173438,3,6
173429,173435,173439,4,6
173429,173435,173439,4,6
173429,173436,173439,3,7
173429,173436,173439,3,7
173429,173437,173439,2,8
173429,173434,173440,6,5
173429,173435,173439,4,6
173429,173437,173440,3,8
173429,173437,173439,2,8
173429,173437,173439,2,8
173429,173436,173439,3,7
173429,173437,173439,2,8
173429,173437,173440,3,8
173429,173437,173441,4,8
173429,173438,173441,3,9
173429,173438,173440,2,9
173429,173438,173440,2,9
173429,173439,173441,2,10
173429,173438,173440,2,9
173429,173439,173441,2,10
173429,173438,173440,2,9
173429,173437,173440,3,8
173429,173438,173440,2,9
173429,173438,173440,2,9
173429,173439,173442,3,10
173429,173439,173442,3,10
173429,173439,173442,3,10
173429,173438,173441,3,9
173429,173438,173441,3,9
173429,173438,173441,3,9
173429,173439,173441,2,10
173429,173439,173441,2,10
173429,173439,173442,3,10
173429,173439,173442,3,10
173429,173439,173441,2,10
173429,173439,173442,3,10
173429,173439,173441,2,10
173429,173439,173441,2,10
173429,173440,173442,2,11
173429,173440,173442,2,11
173429,173440,173443,3,11
173429,173440,173442,2,11
173429,173440,173443,3,11
173429,173440,173443,3,11
172546,172552,173446,894,6
173429,173434,173451,17,5
173429,173435,173451,16,6
173449,173449,173451,2,0
173449,173449,173452,3,0
173449,173449,173452,3,0
173449,173449,173452,3,0
173449,173449,173452,3,0
173429,173429,173451,22,0
173449,173449,173452,3,0
173449,173449,173452,3,0
173449,173449,173452,3,0
173449,173449,173453,4,0
173449,173449,173452,3,0
173449,173449,173453,4,0
173449,173449,173453,4,0
173449,173449,173453,4,0
173449,173449,173453,4,0
173449,173449,173453,4,0
173449,173449,173453,4,0
173449,173449,173453,4,0
173449,173449,173453,4,0
173449,173449,173453,4,0
173449,173449,173453,4,0
173449,173449,173453,4,0
173449,173450,173453,3,1
173449,173449,173454,5,0
173449,173449,173453,4,0
173449,173449,173453,4,0
173449,173449,173453,4,0
173449,173449,173453,4,0
173449,173449,173454,5,0
173449,173449,173454,5,0
173449,173449,173454,5,0
173449,173449,173454,5,0
173449,173449,173454,5,0
173449,173449,173454,5,0
173449,173449,173454,5,0
173449,173449,173454,5,0
173429,173451,173455,4,22
173429,173451,173454,3,22
173449,173452,173455,3,3
173449,173452,173456,4,3
173449,173452,173455,3,3
173449,173452,173455,3,3
173449,173453,173455,2,4
173449,173453,173455,2,4
173449,173453,173455,2,4
173429,173451,173455,4,22
173449,173453,173456,3,4
173449,173453,173456,3,4
173449,173454,173457,3,5
173449,173454,173457,3,5
173449,173454,173457,3,5
173449,173454,173456,2,5
173449,173454,173457,3,5
173449,173453,173456,3,4
173449,173453,173456,3,4
173449,173454,173457,3,5
173449,173454,173457,3,5
173449,173454,173457,3,5
173449,173454,173457,3,5
173449,173454,173458,4,5
173449,173454,173457,3,5
173449,173453,173457,4,4
173449,173454,173457,3,5
173449,173454,173457,3,5
173449,173454,173457,3,5
173449,173454,173457,3,5
173449,173455,173457,2,6
173449,173455,173457,2,6
173449,173455,173457,2,6
173449,173455,173458,3,6
173449,173454,173458,4,5
173449,173455,173458,3,6
173449,173454,173458,4,5
173449,173454,173458,4,5
173449,173455,173458,3,6
173449,173455,173458,3,6
173449,173456,173458,2,7
173449,173456,173458,2,7
173449,173455,173458,3,6
173449,173454,173458,4,5
173449,173456,173459,3,7
173449,173455,173458,3,6
173449,173456,173459,3,7
173449,173456,173459,3,7
173449,173457,173459,2,8
173449,173457,173460,3,8
173449,173456,173459,3,7
173449,173458,173460,2,9
173449,173458,173460,2,9
173449,173456,173460,4,7
173449,173458,173460,2,9
173449,173457,173461,4,8
173449,173459,173460,1,10
173449,173459,173460,1,10
173449,173457,173461,4,8
173449,173458,173460,2,9
173449,173458,173461,3,9
173449,173458,173460,2,9
173449,173458,173460,2,9
173449,173458,173460,2,9
173449,173456,173460,4,7
173449,173458,173460,2,9
173449,173457,173461,4,8
173449,173457,173460,3,8
173449,173458,173461,3,9
173449,173457,173460,3,8
173449,173457,173460,3,8
173449,173458,173461,3,9
173449,173458,173461,3,9
173449,173459,173462,3,10
173449,173457,173461,4,8
173449,173458,173461,3,9
173449,173458,173461,3,9
173449,173459,173462,3,10
173449,173459,173462,3,10
173449,173459,173462,3,10
173449,173459,173461,2,10
173449,173459,173462,3,10
173449,173459,173461,2,10
173449,173459,173461,2,10
173449,173459,173462,3,10
173449,173458,173461,3,9
173449,173459,173462,3,10
173449,173460,173463,3,11
172595,172626,173486,860,31
172591,172617,173497,880,26
173497,173497,173499,2,0
173497,173497,173500,3,0
173497,173497,173500,3,0
173497,173497,173500,3,0
173497,173498,173500,2,1
173497,173498,173500,2,1
173497,173497,173500,3,0
173497,173497,173500,3,0
173497,173497,173501,4,0
173497,173498,173501,3,1
173497,173498,173501,3,1
173497,173497,173501,4,0
173497,173497,173501,4,0
173497,173497,173501,4,0
173497,173497,173501,4,0
173497,173498,173502,4,1
173497,173497,173501,4,0
173497,173497,173501,4,0
173497,173498,173501,3,1
173497,173498,173501,3,1
173497,173497,173501,4,0
173497,173497,173501,4,0
173497,173497,173501,4,0
173497,173497,173502,5,0
173497,173498,173501,3,1
173497,173497,173502,5,0
173497,173497,173502,5,0
173497,173497,173502,5,0
173497,173497,173502,5,0
173497,173497,173502,5,0
173497,173497,173502,5,0
173497,173498,173502,4,1
173497,173497,173502,5,0
173497,173497,173502,5,0
173497,173497,173502,5,0
173497,173497,173502,5,0
173497,173500,173502,2,3
173497,173497,173502,5,0
173497,173498,173502,4,1
173497,173501,173503,2,4
173497,173501,173503,2,4
173497,173501,173503,2,4
173497,173500,173503,3,3
173497,173497,173503,6,0
173497,173497,173504,7,0
173497,173502,173504,2,5
173497,173502,173505,3,5
173497,173501,173504,3,4
173497,173501,173504,3,4
173497,173502,173504,2,5
173497,173501,173504,3,4
173497,173502,173505,3,5
173497,173503,173505,2,6
173497,173503,173506,3,6
173497,173503,173505,2,6
173497,173502,173505,3,5
173497,173502,173505,3,5
173497,173502,173506,4,5
173497,173502,173505,3,5
173497,173502,173505,3,5
173497,173503,173505,2,6
173497,173502,173506,4,5
173497,173503,173506,3,6
173497,173502,173506,4,5
173497,173503,173505,2,6
173497,173503,173506,3,6
173497,173498,173506,8,1
173497,173503,173506,3,6
173497,173502,173506,4,5
173497,173504,173507,3,7
173497,173502,173507,5,5
173497,173502,173506,4,5
173497,173502,173506,4,5
173497,173502,173506,4,5
173497,173503,173506,3,6
173497,173503,173506,3,6
173497,173503,173506,3,6
173497,173503,173507,4,6
173497,173502,173507,5,5
173497,173503,173506,3,6
173497,173504,173508,4,7
173497,173504,173507,3,7
173497,173506,173508,2,9
173497,173506,173508,2,9
173497,173504,173507,3,7
173497,173506,173508,2,9
173497,173506,173508,2,9
173497,173505,173508,3,8
173497,173506,173508,2,9
173497,173505,173509,4,8
173497,173506,173509,3,9
173497,173506,173508,2,9
173497,173506,173508,2,9
173497,173506,173508,2,9
173497,173507,173509,2,10
173497,173505,173508,3,8
173497,173506,173508,2,9
173497,173504,173508,4,7
173497,173505,173508,3,8
173497,173505,173508,3,8
173497,173506,173509,3,9
173497,173506,173509,3,9
173497,173506,173509,3,9
173497,173505,173508,3,8
173497,173505,173508,3,8
173497,173506,173508,2,9
173497,173507,173508,1,10
173497,173507,173510,3,10
173497,173505,173509,4,8
173497,173507,173509,2,10
173497,173507,173509,2,10
173497,173507,173510,3,10
173497,173507,173509,2,10
173497,173507,173509,2,10
173497,173507,173510,3,10
173497,173507,173509,2,10
173501,173507,173510,3,6
173497,173507,173510,3,10
173497,173498,173509,11,1
173497,173504,173510,6,7
173501,173508,173511,3,7
173501,173509,173510,1,8
173501,173509,173510,1,8
173497,173507,173510,3,10
173501,173509,173511,2,8
173501,173509,173511,2,8
173501,173508,173511,3,7
173501,173509,173511,2,8
173501,173509,173512,3,8
173501,173509,173511,2,8
173501,173508,173512,4,7
173501,173508,173512,4,7
173501,173508,173511,3,7
173501,173509,173511,2,8
173501,173509,173511,2,8
173501,173509,173511,2,8
173501,173509,173512,3,8
173501,173509,173512,3,8
173501,173508,173512,4,7
173501,173508,173511,3,7
173501,173509,173511,2,8
173501,173509,173512,3,8
173501,173509,173512,3,8
173501,173509,173512,3,8
173501,173509,173512,3,8
173501,173510,173513,3,9
173501,173509,173513,4,8
173501,173509,173513,4,8
173501,173510,173514,4,9
173501,173510,173514,4,9
173501,173510,173513,3,9
173501,173511,173514,3,10
173501,173511,173514,3,10
173501,173510,173514,4,9
173501,173510,173514,4,9
173501,173511,173514,3,10
173501,173511,173514,3,10
173501,173511,173514,3,10
173501,173510,173514,4,9
173501,173511,173514,3,10
173501,173510,173514,4,9
173501,173511,173514,3,10
172603,172627,173514,887,24
173501,173511,173514,3,10
173501,173510,173514,4,9
173501,173512,173515,3,11
173501,173511,173515,4,10
173501,173512,173515,3,11
173501,173512,173515,3,11
173501,173512,173515,3,11
173501,173510,173515,5,9
173501,173512,173516,4,11
173501,173510,173515,5,9
173501,173512,173515,3,11
173501,173512,173516,4,11
173501,173512,173515,3,11
173501,173513,173516,3,12
173501,173512,173516,4,11
173501,173512,173516,4,11
173501,173513,173516,3,12
173501,173513,173516,3,12
173501,173513,173516,3,12
173501,173513,173517,4,12
173501,173514,173516,2,13
173501,173513,173516,3,12
173501,173512,173516,4,11
173501,173512,173517,5,11
173501,173514,173517,3,13
173501,173514,173517,3,13
173501,173514,173517,3,13
173501,173514,173517,3,13
173501,173514,173517,3,13
173501,173512,173517,5,11
173501,173514,173517,3,13
173501,173514,173518,4,13
173501,173514,173517,3,13
173501,173513,173517,4,12
173501,173514,173518,4,13
173501,173514,173518,4,13
173501,173514,173518,4,13
173501,173516,173519,3,15
173501,173515,173518,3,14
173501,173515,173519,4,14
173501,173517,173519,2,16
173501,173515,173519,4,14
173501,173517,173519,2,16
173501,173516,173519,3,15
173501,173516,173519,3,15
173501,173517,173519,2,16
173501,173517,173519,2,16
173501,173514,173518,4,13
173501,173515,173519,4,14
173501,173515,173519,4,14
173501,173516,173519,3,15
173501,173517,173519,2,16
173501,173515,173519,4,14
173501,173518,173520,2,17
173501,173517,173519,2,16
173501,173517,173519,2,16
173501,173515,173519,4,14
173501,173516,173519,3,15
173501,173516,173519,3,15
173501,173516,173519,3,15
173501,173516,173520,4,15
173501,173517,173520,3,16
173501,173517,173520,3,16
173501,173516,173519,3,15
173501,173516,173520,4,15
173501,173516,173520,4,15
173501,173517,173520,3,16
173501,173518,173520,2,17
173501,173516,173520,4,15
173501,173517,173520,3,16
173501,173518,173520,2,17
173501,173518,173520,2,17
173501,173518,173520,2,17
173501,173518,173521,3,17
173501,173518,173521,3,17
173501,173519,173521,2,18
173501,173519,173521,2,18
172611,172636,173522,886,25
173501,173520,173523,3,19
172598,172627,173535,908,29
172684,172691,173536,845,7
173537,173538,173539,1,1
173537,173538,173539,1,1
173537,173538,173540,2,1
173537,173538,173540,2,1
173537,173538,173541,3,1
173537,173538,173540,2,1
173537,173538,173540,2,1
173537,173538,173540,2,1
173537,173538,173540,2,1
173537,173538,173540,2,1
173537,173538,173540,2,1
173537,173538,173541,3,1
173537,173538,173541,3,1
173537,173538,173541,3,1
173537,173538,173541,3,1
173537,173538,173541,3,1
173537,173538,173541,3,1
173537,173538,173541,3,1
173537,173538,173541,3,1
173537,173538,173541,3,1
173537,173538,173541,3,1
173537,173538,173541,3,1
173537,173538,173542,4,1
173537,173538,173541,3,1
173537,173538,173541,3,1
173537,173538,173541,3,1
173537,173538,173541,3,1
173537,173538,173541,3,1
173537,173538,173542,4,1
173537,173538,173542,4,1
173537,173538,173542,4,1
173537,173538,173543,5,1
173537,173538,173542,4,1
173537,173538,173542,4,1
173537,173538,173543,5,1
173537,173538,173542,4,1
173537,173538,173542,4,1
173537,173538,173542,4,1
173537,173538,173542,4,1
173537,173538,173542,4,1
173537,173538,173542,4,1
173537,173538,173542,4,1
173537,173540,173542,2,3
173537,173538,173542,4,1
173537,173541,173543,2,4
173537,173542,173545,3,5
173537,173542,173544,2,5
173537,173541,173545,4,4
173537,173542,173544,2,5
173537,173541,173545,4,4
173537,173541,173544,3,4
173537,173541,173544,3,4
173537,173541,173544,3,4
173537,173542,173545,3,5
173537,173542,173545,3,5
173537,173541,173546,5,4
173537,173542,173546,4,5
173537,173541,173545,4,4
173537,173542,173546,4,5
173537,173542,173546,4,5
173537,173543,173546,3,6
173537,173542,173546,4,5
173537,173543,173546,3,6
173537,173542,173546,4,5
173537,173543,173546,3,6
173537,173541,173545,4,4
173537,173543,173546,3,6
173537,173543,173545,2,6
173537,173543,173546,3,6
173537,173542,173545,3,5
173537,173543,173546,3,6
173537,173542,173545,3,5
173537,173542,173545,3,5
173537,173543,173546,3,6
173537,173543,173546,3,6
173537,173543,173547,4,6
173537,173543,173547,4,6
173537,173543,173546,3,6
173537,173543,173547,4,6
173537,173543,173546,3,6
173537,173543,173547,4,6
173537,173544,173547,3,7
173537,173545,173547,2,8
173537,173543,173547,4,6
173537,173546,173548,2,9
173537,173545,173548,3,8
173537,173545,173547,2,8
173537,173545,173547,2,8
173537,173545,173548,3,8
173537,173546,173548,2,9
173537,173545,173548,3,8
173537,173545,173548,3,8
173537,173546,173549,3,9
173537,173546,173549,3,9
173537,173546,173548,2,9
173537,173546,173549,3,9
173537,173545,173548,3,8
173537,173546,173549,3,9
173537,173546,173549,3,9
173537,173546,173548,2,9
173537,173546,173548,2,9
173537,173546,173549,3,9
173537,173546,173549,3,9
173537,173546,173549,3,9
173537,173545,173549,4,8
173537,173547,173549,2,10
173537,173546,173549,3,9
173537,173546,173549,3,9
173537,173547,173549,2,10
173537,173546,173549,3,9
173537,173546,173549,3,9
173537,173546,173550,4,9
173537,173546,173550,4,9
173537,173547,173550,3,10
172696,172713,173551,838,17
173537,173547,173551,4,10
173537,173547,173550,3,10
173537,173549,173551,2,12
173537,173547,173550,3,10
173537,173549,173551,2,12
173537,173547,173551,4,10
173537,173549,173551,2,12
173537,173549,173551,2,12
173537,173547,173551,4,10
173537,173549,173551,2,12
173537,173549,173552,3,12
173537,173548,173551,3,11
173537,173549,173552,3,12
173537,173549,173552,3,12
173537,173549,173552,3,12
173537,173548,173552,4,11
173537,173549,173552,3,12
173537,173548,173552,4,11
173537,173548,173552,4,11
173537,173548,173552,4,11
173537,173548,173552,4,11
173537,173549,173552,3,12
173537,173548,173552,4,11
173537,173549,173553,4,12
173537,173550,173553,3,13
173537,173549,173553,4,12
173537,173549,173552,3,12
173537,173550,173553,3,13
173537,173548,173552,4,11
173537,173549,173553,4,12
173537,173550,173553,3,13
173537,173550,173553,3,13
173537,173550,173553,3,13
173537,173550,173553,3,13
173537,173550,173554,4,13
173537,173551,173554,3,14
173537,173550,173554,4,13
173537,173551,173554,3,14
173537,173551,173554,3,14
173537,173551,173554,3,14
173537,173551,173554,3,14
173537,173551,173554,3,14
173537,173551,173554,3,14
173537,173551,173554,3,14
173537,173552,173555,3,15
173537,173552,173555,3,15
173537,173551,173555,4,14
173537,173551,173555,4,14
173537,173552,173555,3,15
173537,173552,173555,3,15
173537,173553,173556,3,16
173537,173552,173555,3,15
173537,173552,173555,3,15
173537,173553,173556,3,16
173537,173553,173555,2,16
173537,173551,173555,4,14
173537,173552,173556,4,15
173537,173553,173556,3,16
173537,173552,173556,4,15
173537,173552,173556,4,15
173537,173552,173556,4,15
173537,173552,173556,4,15
173537,173555,173556,1,18
173537,173553,173556,3,16
173537,173554,173556,2,17
173537,173555,173556,1,18
173537,173553,173557,4,16
173537,173553,173557,4,16
173537,173554,173556,2,17
173537,173552,173557,5,15
173537,173554,173557,3,17
173537,173553,173557,4,16
173537,173553,173557,4,16
173537,173553,173557,4,16
173537,173554,173557,3,17
173537,173555,173557,2,18
173537,173555,173557,2,18
173537,173555,173557,2,18
173537,173555,173557,2,18
173537,173555,173558,3,18
173537,173554,173558,4,17
173537,173554,173558,4,17
173537,173555,173559,4,18
173537,173556,173558,2,19
173537,173556,173558,2,19
173537,173556,173558,2,19
173537,173556,173558,2,19
173537,173556,173559,3,19
173537,173555,173558,3,18
173537,173556,173558,2,19
173537,173556,173559,3,19
173537,173556,173559,3,19
173537,173556,173559,3,19
173537,173557,173560,3,20
173537,173557,173560,3,20
173537,173557,173559,2,20
173537,173556,173559,3,19
173537,173556,173559,3,19
173537,173557,173559,2,20
173537,173557,173559,2,20
173537,173557,173559,2,20
173537,173557,173560,3,20
173537,173556,173560,4,19
173537,173557,173560,3,20
173537,173556,173560,4,19
173537,173557,173560,3,20
173537,173557,173560,3,20
173537,173555,173560,5,18
173537,173557,173560,3,20
173537,173559,173560,1,22
173537,173557,173560,3,20
173537,173557,173560,3,20
173537,173558,173560,2,21
173537,173558,173560,2,21
173537,173558,173561,3,21
173537,173558,173560,2,21
173537,173558,173561,3,21
173537,173558,173561,3,21
173537,173558,173561,3,21
173537,173558,173561,3,21
173538,173559,173562,3,21
173537,173538,173542,4,1
173537,173540,173543,3,3
173538,173560,173562,2,22
173538,173560,173562,2,22
173538,173561,173562,1,23
173538,173561,173562,1,23
173538,173561,173562,1,23
173538,173561,173562,1,23
173538,173559,173562,3,21
173538,173560,173563,3,22
173538,173560,173563,3,22
173538,173559,173563,4,21
173538,173560,173563,3,22
173538,173559,173562,3,21
173538,173559,173562,3,21
173538,173559,173562,3,21
173538,173559,173563,4,21
173538,173559,173562,3,21
173538,173560,173563,3,22
173538,173560,173563,3,22
173538,173559,173563,4,21
173538,173559,173563,4,21
173538,173561,173563,2,23
173538,173561,173563,2,23
173538,173560,173563,3,22
173538,173561,173564,3,23
173538,173561,173564,3,23
173538,173561,173564,3,23
173538,173559,173563,4,21
173538,173560,173564,4,22
173538,173560,173564,4,22
173538,173561,173564,3,23
173538,173560,173563,3,22
173538,173560,173564,4,22
173538,173563,173565,2,25
173538,173562,173564,2,24
173538,173562,173565,3,24
173538,173563,173565,2,25
173538,173561,173564,3,23
173537,173562,173565,3,25
173538,173561,173564,3,23
173538,173562,173565,3,24
173538,173563,173566,3,25
173538,173562,173565,3,24
173538,173563,173566,3,25
173538,173563,173565,2,25
173538,173563,173566,3,25
173537,173562,173565,3,25
173537,173562,173566,4,25
173538,173562,173565,3,24
173538,173562,173566,4,24
173538,173563,173566,3,25
173538,173564,173566,2,26
173538,173562,173565,3,24
173538,173563,173566,3,25
173538,173563,173566,3,25
173538,173563,173566,3,25
173538,173564,173566,2,26
173538,173564,173566,2,26
173538,173562,173566,4,24
173538,173563,173566,3,25
173538,173563,173566,3,25
173538,173563,173567,4,25
173537,173562,173567,5,25
173538,173563,173567,4,25
173538,173563,173567,4,25
173538,173563,173567,4,25
173538,173563,173566,3,25
173538,173564,173567,3,26
173538,173564,173568,4,26
173538,173564,173567,3,26
173538,173565,173568,3,27
173538,173564,173568,4,26
173538,173564,173567,3,26
173538,173564,173567,3,26
173538,173564,173567,3,26
173538,173565,173568,3,27
173538,173564,173568,4,26
173538,173565,173568,3,27
173538,173565,173568,3,27
173538,173564,173568,4,26
173538,173564,173568,4,26
173538,173565,173569,4,27
173538,173565,173568,3,27
173538,173566,173568,2,28
173538,173566,173569,3,28
173538,173565,173568,3,27
173538,173565,173568,3,27
173538,173566,173568,2,28
173538,173566,173569,3,28
173538,173566,173569,3,28
173538,173566,173569,3,28
173538,173567,173569,2,29
173538,173565,173568,3,27
173538,173566,173569,3,28
173538,173566,173569,3,28
173538,173567,173569,2,29
173538,173566,173569,3,28
173538,173567,173569,2,29
173538,173567,173569,2,29
173538,173567,173569,2,29
173538,173566,173569,3,28
173538,173566,173569,3,28
173538,173566,173569,3,28
173538,173567,173570,3,29
173538,173566,173570,4,28
173538,173567,173570,3,29
173538,173566,173570,4,28
173538,173567,173570,3,29
173538,173567,173570,3,29
173538,173567,173570,3,29
173538,173567,173570,3,29
173538,173568,173570,2,30
173538,173567,173570,3,29
173538,173568,173571,3,30
173538,173568,173570,2,30
173538,173568,173571,3,30
173538,173568,173571,3,30
173538,173568,173571,3,30
173538,173568,173571,3,30
173538,173567,173571,4,29
173538,173568,173571,3,30
173557,173570,173571,1,13
173557,173570,173571,1,13
173557,173570,173571,1,13
173557,173569,173571,2,12
173557,173569,173571,2,12
173557,173570,173572,2,13
173557,173570,173572,2,13
173538,173568,173572,4,30
173557,173570,173572,2,13
173538,173568,173571,3,30
173538,173568,173572,4,30
173557,173569,173572,3,12
173557,173569,173572,3,12
173557,173571,173572,1,14
173557,173568,173572,4,11
173557,173571,173573,2,14
173557,173571,173572,1,14
173557,173569,173572,3,12
173557,173569,173573,4,12
173557,173569,173572,3,12
173557,173569,173573,4,12
173557,173571,173573,2,14
173557,173569,173573,4,12
173557,173569,173573,4,12
173557,173569,173573,4,12
173557,173569,173573,4,12
173557,173569,173573,4,12
173557,173571,173573,2,14
173557,173570,173573,3,13
173557,173570,173574,4,13
173557,173570,173573,3,13
173557,173570,173573,3,13
173557,173571,173574,3,14
173557,173571,173573,2,14
173557,173571,173574,3,14
173557,173571,173574,3,14
173557,173572,173574,2,15
173557,173572,173574,2,15
173557,173571,173575,4,14
173557,173572,173575,3,15
173557,173572,173575,3,15
173557,173572,173575,3,15
173557,173572,173575,3,15
173557,173571,173575,4,14
173557,173571,173575,4,14
173557,173571,173575,4,14
173557,173572,173575,3,15
173557,173573,173575,2,16
173557,173573,173575,2,16
173557,173573,173576,3,16
173557,173573,173576,3,16
173557,173573,173576,3,16
173557,173573,173576,3,16
173557,173571,173576,5,14
173557,173572,173576,4,15
173557,173571,173576,5,14
173557,173571,173576,5,14
173557,173572,173576,4,15
173557,173572,173576,4,15
173557,173572,173576,4,15
173557,173573,173577,4,16
173557,173574,173576,2,17
173557,173574,173576,2,17
173557,173574,173576,2,17
173557,173575,173577,2,18
173557,173575,173576,1,18
173557,173574,173576,2,17
173557,173575,173576,1,18
172666,172674,173576,902,8
173557,173574,173576,2,17
173557,173574,173577,3,17
173557,173573,173576,3,16
173557,173573,173577,4,16
173557,173574,173577,3,17
173557,173573,173577,4,16
173557,173573,173577,4,16
173557,173574,173577,3,17
173557,173574,173577,3,17
173557,173575,173578,3,18
173557,173574,173578,4,17
173557,173574,173578,4,17
173557,173574,173577,3,17
173557,173574,173578,4,17
173557,173575,173578,3,18
173557,173575,173578,3,18
173557,173574,173578,4,17
173557,173575,173578,3,18
173557,173574,173578,4,17
173557,173576,173578,2,19
173557,173576,173579,3,19
173557,173576,173579,3,19
173557,173576,173579,3,19
173557,173576,173579,3,19
173557,173575,173578,3,18
173557,173577,173579,2,20
173557,173576,173579,3,19
173557,173576,173579,3,19
173557,173575,173579,4,18
173557,173575,173579,4,18
173557,173577,173579,2,20
173557,173577,173579,2,20
173557,173577,173580,3,20
172743,172769,173579,810,26
173557,173577,173580,3,20
173557,173577,173580,3,20
173557,173576,173579,3,19
173557,173577,173580,3,20
173557,173577,173580,3,20
173557,173576,173579,3,19
173557,173577,173580,3,20
173557,173577,173580,3,20
173557,173577,173579,2,20
173557,173577,173580,3,20
173557,173577,173580,3,20
173557,173577,173580,3,20
173557,173577,173580,3,20
173557,173577,173580,3,20
173557,173577,173580,3,20
173557,173577,173580,3,20
173557,173578,173580,2,21
173557,173577,173580,3,20
173557,173578,173581,3,21
173557,173577,173580,3,20
173557,173578,173581,3,21
173557,173578,173581,3,21
173557,173577,173581,4,20
173557,173578,173581,3,21
173557,173580,173581,1,23
173557,173580,173582,2,23
173557,173580,173581,1,23
173557,173580,173581,1,23
173557,173579,173582,3,22
173557,173579,173582,3,22
173557,173580,173582,2,23
173557,173580,173582,2,23
173557,173578,173582,4,21
173557,173579,173582,3,22
173557,173578,173582,4,21
173557,173578,173582,4,21
173557,173578,173582,4,21
173557,173579,173582,3,22
173557,173579,173582,3,22
173557,173580,173583,3,23
173557,173580,173582,2,23
173557,173581,173583,2,24
173557,173580,173582,2,23
173557,173579,173582,3,22
173557,173580,173583,3,23
173557,173579,173582,3,22
173557,173579,173583,4,22
173557,173579,173583,4,22
173557,173580,173583,3,23
173557,173579,173582,3,22
173557,173580,173583,3,23
173557,173581,173583,2,24
173557,173581,173583,2,24
173557,173581,173583,2,24
173557,173580,173583,3,23
173557,173580,173583,3,23
173557,173581,173583,2,24
173557,173581,173584,3,24
173557,173581,173584,3,24
173557,173580,173584,4,23
173557,173580,173583,3,23
173557,173580,173584,4,23
173557,173581,173584,3,24
173557,173581,173584,3,24
173557,173582,173584,2,25
173557,173582,173584,2,25
173557,173582,173584,2,25
173557,173581,173584,3,24
173557,173581,173585,4,24
173557,173581,173585,4,24
173557,173581,173585,4,24
173557,173582,173585,3,25
173557,173582,173585,3,25
173557,173582,173585,3,25
173557,173582,173585,3,25
173557,173583,173585,2,26
173557,173583,173586,3,26
173557,173582,173585,3,25
173557,173582,173585,3,25
173557,173583,173586,3,26
173557,173582,173586,4,25
173557,173583,173586,3,26
173557,173582,173586,4,25
173557,173582,173586,4,25
173557,173583,173586,3,26
173557,173583,173586,3,26
173557,173583,173586,3,26
173557,173583,173587,4,26
173557,173583,173586,3,26
173557,173583,173586,3,26
173557,173582,173586,4,25
173557,173583,173586,3,26
173557,173583,173587,4,26
173557,173583,173587,4,26
173557,173584,173587,3,27
173557,173582,173587,5,25
173557,173584,173587,3,27
173557,173583,173587,4,26
173557,173584,173588,4,27
173557,173585,173587,2,28
173557,173584,173588,4,27
173557,173584,173587,3,27
173557,173584,173587,3,27
173557,173584,173587,3,27
173557,173585,173588,3,28
173557,173583,173588,5,26
173557,173584,173588,4,27
173557,173584,173588,4,27
173557,173585,173588,3,28
173557,173584,173588,4,27
173557,173586,173588,2,29
173557,173586,173588,2,29
173557,173586,173588,2,29
173557,173587,173589,2,30
173557,173585,173588,3,28
173557,173586,173588,2,29
173557,173585,173588,3,28
173557,173585,173588,3,28
173557,173585,173588,3,28
173557,173585,173588,3,28
173557,173586,173588,2,29
173557,173586,173588,2,29
173557,173586,173589,3,29
173557,173586,173589,3,29
173557,173585,173588,3,28
173557,173587,173589,2,30
173557,173587,173589,2,30
173557,173587,173589,2,30
173557,173586,173589,3,29
173557,173587,173590,3,30
173557,173587,173590,3,30
173557,173587,173590,3,30
173557,173587,173589,2,30
173557,173587,173589,2,30
173557,173587,173590,3,30
173557,173587,173590,3,30
173557,173588,173590,2,31
173557,173588,173590,2,31
173557,173588,173590,2,31
173557,173587,173590,3,30
173557,173587,173591,4,30
173557,173588,173591,3,31
173617,173617,173618,1,0
173617,173617,173619,2,0
173617,173617,173619,2,0
173617,173617,173619,2,0
173617,173617,173619,2,0
173617,173617,173619,2,0
173617,173617,173619,2,0
173617,173617,173620,3,0
173617,173617,173621,4,0
173617,173617,173621,4,0
173617,173617,173620,3,0
173617,173617,173620,3,0
173617,173617,173621,4,0
173617,173617,173621,4,0
173617,173617,173621,4,0
173617,173617,173620,3,0
173617,173617,173621,4,0
173617,173617,173620,3,0
173617,173617,173621,4,0
173617,173617,173620,3,0
173617,173617,173621,4,0
173617,173617,173621,4,0
173617,173617,173621,4,0
173617,173617,173620,3,0
173617,173617,173621,4,0
173617,173617,173620,3,0
173617,173617,173621,4,0
173617,173617,173621,4,0
173617,173617,173620,3,0
173617,173617,173621,4,0
173617,173617,173621,4,0
173617,173617,173621,4,0
173617,173617,173621,4,0
173617,173617,173621,4,0
173617,173617,173622,5,0
173617,173617,173622,5,0
173617,173617,173622,5,0
173617,173617,173621,4,0
173617,173619,173622,3,2
173617,173617,173621,4,0
173617,173619,173622,3,2
173617,173617,173621,4,0
173617,173619,173622,3,2
173617,173617,173622,5,0
173617,173619,173622,3,2
173617,173617,173623,6,0
173617,173620,173623,3,3
173617,173617,173624,7,0
173617,173620,173624,4,3
173617,173620,173623,3,3
173617,173621,173624,3,4
173617,173621,173624,3,4
173617,173621,173624,3,4
173617,173620,173623,3,3
173617,173621,173624,3,4
173617,173621,173624,3,4
173617,173621,173624,3,4
173617,173621,173624,3,4
173617,173621,173623,2,4
173617,173621,173624,3,4
173617,173621,173624,3,4
173617,173621,173625,4,4
173617,173621,173624,3,4
173617,173622,173625,3,5
173617,173622,173624,2,5
173617,173621,173625,4,4
173617,173621,173624,3,4
173617,173621,173625,4,4
173617,173622,173625,3,5
173617,173621,173624,3,4
173617,173622,173624,2,5
173617,173621,173624,3,4
173617,173621,173625,4,4
173617,173621,173625,4,4
173617,173622,173625,3,5
173617,173621,173625,4,4
173617,173622,173625,3,5
173617,173621,173625,4,4
173617,173622,173625,3,5
173617,173622,173625,3,5
173617,173622,173626,4,5
173617,173624,173626,2,7
173617,173623,173626,3,6
173617,173622,173625,3,5
173617,173622,173626,4,5
173617,173621,173625,4,4
173617,173622,173626,4,5
173617,173622,173626,4,5
173617,173623,173626,3,6
173617,173624,173627,3,7
173617,173624,173627,3,7
173617,173624,173627,3,7
173617,173624,173627,3,7
173617,173624,173627,3,7
173617,173624,173627,3,7
173617,173624,173627,3,7
173617,173624,173627,3,7
173617,173624,173627,3,7
173617,173625,173627,2,8
173617,173624,173627,3,7
173617,173625,173628,3,8
173617,173625,173628,3,8
173617,173625,173628,3,8
173617,173624,173628,4,7
173617,173625,173628,3,8
173617,173625,173628,3,8
173617,173625,173628,3,8
173617,173625,173628,3,8
173617,173625,173628,3,8
173617,173625,173628,3,8
173617,173625,173628,3,8
173617,173625,173628,3,8
173617,173625,173628,3,8
173617,173625,173629,4,8
173617,173625,173628,3,8
173617,173624,173629,5,7
173617,173627,173630,3,10
173636,173636,173638,2,0
173636,173636,173639,3,0
173636,173636,173639,3,0
173636,173636,173639,3,0
173636,173636,173639,3,0
173636,173636,173638,2,0
173636,173636,173639,3,0
173636,173636,173638,2,0
173636,173636,173638,2,0
173636,173636,173639,3,0
173636,173636,173638,2,0
173636,173636,173638,2,0
173636,173636,173640,4,0
173636,173636,173640,4,0
173636,173636,173639,3,0
173636,173636,173639,3,0
173636,173636,173640,4,0
173636,173636,173639,3,0
173636,173636,173640,4,0
173636,173636,173639,3,0
173636,173636,173639,3,0
173636,173636,173639,3,0
173636,173636,173639,3,0
173636,173636,173640,4,0
173636,173636,173640,4,0
173636,173636,173639,3,0
173636,173636,173640,4,0
173636,173636,173639,3,0
173636,173636,173640,4,0
173636,173636,173639,3,0
173636,173636,173640,4,0
173636,173636,173640,4,0
173636,173636,173640,4,0
173636,173636,173640,4,0
173636,173636,173640,4,0
173636,173636,173641,5,0
173636,173636,173640,4,0
173636,173639,173641,2,3
173636,173639,173641,2,3
173636,173639,173641,2,3
173636,173636,173641,5,0
173636,173636,173640,4,0
173636,173639,173642,3,3
173636,173639,173642,3,3
173636,173639,173641,2,3
173636,173639,173642,3,3
173636,173636,173642,6,0
173636,173638,173642,4,2
173636,173640,173642,2,4
173636,173640,173643,3,4
173636,173639,173643,4,3
173636,173640,173642,2,4
173617,173621,173625,4,4
173617,173621,173624,3,4
173636,173640,173643,3,4
173636,173640,173643,3,4
173636,173639,173643,4,3
173636,173640,173643,3,4
173636,173639,173643,4,3
173636,173641,173644,3,5
173636,173640,173644,4,4
173636,173640,173644,4,4
173636,173639,173643,4,3
173636,173640,173644,4,4
173636,173640,173644,4,4
173636,173640,173644,4,4
173636,173640,173644,4,4
173636,173640,173643,3,4
173636,173640,173644,4,4
173636,173640,173644,4,4
173636,173640,173643,3,4
173636,173640,173644,4,4
173636,173641,173645,4,5
173636,173641,173645,4,5
173636,173641,173645,4,5
173636,173640,173644,4,4
173636,173641,173645,4,5
173636,173641,173645,4,5
173636,173641,173645,4,5
173636,173640,173645,5,4
173636,173641,173645,4,5
173636,173641,173645,4,5
173636,173642,173645,3,6
173636,173642,173645,3,6
173636,173643,173645,2,7
173636,173643,173646,3,7
173617,173643,173646,3,26
173636,173641,173646,5,5
173636,173641,173646,5,5
173636,173642,173646,4,6
173636,173643,173646,3,7
173636,173642,173646,4,6
173636,173643,173646,3,7
173636,173644,173647,3,8
173636,173643,173646,3,7
173636,173643,173646,3,7
173636,173643,173646,3,7
173636,173643,173647,4,7
173636,173644,173647,3,8
173636,173643,173647,4,7
173636,173644,173647,3,8
173636,173643,173647,4,7
173636,173643,173647,4,7
173636,173643,173647,4,7
173636,173644,173647,3,8
173636,173644,173647,3,8
173636,173644,173647,3,8
173636,173643,173647,4,7
173636,173645,173647,2,9
173636,173645,173647,2,9
173636,173645,173647,2,9
173636,173645,173647,2,9
173636,173645,173647,2,9
173636,173644,173647,3,8
173636,173645,173647,2,9
173636,173645,173648,3,9
173636,173645,173648,3,9
173636,173645,173648,3,9
173636,173646,173648,2,10
173636,173645,173648,3,9
173636,173645,173649,4,9
173636,173645,173649,4,9
173636,173645,173649,4,9
172755,172787,173658,871,32
173665,173665,173667,2,0
173665,173665,173667,2,0
173665,173665,173668,3,0
173665,173665,173668,3,0
173665,173665,173668,3,0
173665,173665,173667,2,0
173665,173665,173668,3,0
173665,173665,173669,4,0
173665,173665,173669,4,0
173665,173665,173668,3,0
173665,173666,173669,3,1
173665,173665,173668,3,0
173665,173665,173669,4,0
173665,173665,173669,4,0
173665,173665,173669,4,0
173665,173665,173669,4,0
173665,173665,173669,4,0
173665,173665,173669,4,0
173665,173665,173669,4,0
173665,173665,173669,4,0
173665,173665,173669,4,0
173665,173665,173669,4,0
173665,173665,173669,4,0
173665,173665,173669,4,0
173665,173665,173669,4,0
173665,173666,173670,4,1
173665,173666,173670,4,1
173665,173666,173670,4,1
173665,173665,173670,5,0
173665,173665,173669,4,0
173665,173665,173670,5,0
173665,173668,173670,2,3
173665,173665,173669,4,0
173665,173665,173670,5,0
173665,173665,173670,5,0
173665,173665,173670,5,0
173665,173667,173670,3,2
173665,173665,173671,6,0
173665,173665,173671,6,0
173665,173668,173671,3,3
173665,173668,173671,3,3
173665,173667,173671,4,2
173665,173668,173671,3,3
173665,173668,173671,3,3
173665,173669,173672,3,4
173665,173669,173673,4,4
173665,173670,173672,2,5
173665,173669,173672,3,4
173665,173670,173672,2,5
173665,173670,173673,3,5
173665,173669,173673,4,4
173665,173669,173673,4,4
173665,173669,173673,4,4
173665,173671,173674,3,6
173665,173670,173674,4,5
173665,173671,173673,2,6
173665,173671,173673,2,6
173665,173670,173673,3,5
173665,173670,173673,3,5
173665,173670,173673,3,5
173665,173670,173673,3,5
173665,173670,173673,3,5
173665,173670,173673,3,5
173665,173670,173674,4,5
173665,173671,173674,3,6
173665,173671,173674,3,6
173665,173671,173674,3,6
173665,173671,173674,3,6
173665,173672,173675,3,7
173665,173671,173674,3,6
173665,173672,173674,2,7
173665,173671,173674,3,6
173665,173671,173674,3,6
173665,173671,173675,4,6
173665,173671,173675,4,6
173665,173671,173675,4,6
173665,173671,173675,4,6
173665,173673,173675,2,8
173665,173672,173675,3,7
173665,173672,173675,3,7
173665,173673,173675,2,8
173665,173672,173675,3,7
173665,173673,173675,2,8
173665,173673,173675,2,8
173665,173672,173676,4,7
173665,173674,173676,2,9
173665,173674,173676,2,9
173665,173674,173676,2,9
173665,173673,173676,3,8
173665,173674,173677,3,9
173665,173674,173676,2,9
173665,173674,173676,2,9
173665,173674,173677,3,9
173665,173673,173677,4,8
173665,173674,173676,2,9
173665,173674,173677,3,9
173665,173675,173678,3,10
173665,173674,173677,3,9
173665,173675,173678,3,10
173665,173674,173677,3,9
173665,173675,173678,3,10
173665,173675,173677,2,10
173665,173675,173678,3,10
173665,173674,173677,3,9
173665,173674,173677,3,9
173665,173675,173677,2,10
173665,173675,173677,2,10
173665,173675,173678,3,10
173665,173675,173678,3,10
173665,173675,173679,4,10
173665,173676,173679,3,11
173665,173676,173679,3,11
173665,173676,173679,3,11
173665,173683,173687,4,18
173665,173683,173686,3,18
173665,173683,173686,3,18
173665,173683,173687,4,18
173665,173683,173687,4,18
173665,173675,173693,18,10
173665,173676,173695,19,11
172819,172845,173717,872,26
173717,173717,173719,2,0
173717,173717,173719,2,0
173717,173717,173720,3,0
173717,173717,173720,3,0
173717,173718,173720,2,1
173717,173717,173720,3,0
173717,173717,173720,3,0
173717,173717,173720,3,0
173717,173717,173720,3,0
173717,173717,173721,4,0
173717,173717,173721,4,0
173717,173717,173721,4,0
173717,173717,173721,4,0
173717,173717,173721,4,0
173717,173717,173721,4,0
173717,173717,173722,5,0
173717,173717,173721,4,0
173717,173717,173722,5,0
173717,173718,173722,4,1
173717,173718,173722,4,1
173717,173718,173722,4,1
173717,173717,173722,5,0
173717,173717,173722,5,0
173717,173717,173722,5,0
173717,173718,173722,4,1
173717,173717,173722,5,0
173717,173717,173722,5,0
173717,173717,173722,5,0
173717,173717,173722,5,0
173717,173717,173722,5,0
173717,173717,173722,5,0
173717,173717,173722,5,0
173717,173717,173722,5,0
173717,173717,173722,5,0
173717,173717,173722,5,0
173717,173717,173722,5,0
173717,173717,173722,5,0
173717,173718,173723,5,1
173717,173718,173723,5,1
173717,173718,173723,5,1
173717,173721,173723,2,4
173717,173717,173723,6,0
173717,173720,173723,3,3
173717,173720,173723,3,3
173717,173721,173724,3,4
173717,173721,173724,3,4
173717,173721,173724,3,4
173717,173722,173724,2,5
173717,173722,173724,2,5
173717,173721,173725,4,4
173717,173721,173724,3,4
173717,173721,173724,3,4
173717,173722,173725,3,5
173717,173723,173725,2,6
173717,173723,173725,2,6
173717,173722,173725,3,5
173717,173722,173725,3,5
173717,173723,173725,2,6
173717,173723,173725,2,6
173717,173722,173725,3,5
173717,173722,173725,3,5
173717,173722,173725,3,5
173717,173723,173727,4,6
173717,173723,173726,3,6
173717,173723,173726,3,6
173717,173723,173726,3,6
173717,173723,173726,3,6
173717,173723,173726,3,6
173717,173723,173726,3,6
173717,173723,173727,4,6
173717,173723,173726,3,6
173717,173723,173726,3,6
173717,173723,173726,3,6
173717,173723,173726,3,6
173717,173723,173726,3,6
173717,173724,173727,3,7
173717,173722,173727,5,5
173717,173723,173726,3,6
173717,173724,173727,3,7
173717,173723,173727,4,6
173717,173724,173728,4,7
173717,173725,173728,3,8
173717,173725,173728,3,8
173717,173725,173728,3,8
173717,173724,173727,3,7
173717,173724,173728,4,7
173717,173724,173727,3,7
173717,173725,173727,2,8
173717,173724,173727,3,7
173717,173725,173728,3,8
173717,173726,173729,3,9
173717,173727,173729,2,10
173717,173726,173729,3,9
173717,173725,173728,3,8
173717,173726,173728,2,9
173717,173724,173728,4,7
173717,173726,173729,3,9
173717,173726,173729,3,9
173717,173726,173729,3,9
173717,173726,173729,3,9
173717,173727,173729,2,10
173717,173727,173729,2,10
173717,173726,173729,3,9
173717,173725,173730,5,8
173717,173727,173730,3,10
173717,173727,173729,2,10
173717,173727,173729,2,10
173717,173727,173729,2,10
173717,173727,173729,2,10
173717,173727,173730,3,10
173717,173727,173730,3,10
173717,173726,173729,3,9
173717,173726,173730,4,9
173717,173727,173730,3,10
173717,173727,173729,2,10
173717,173727,173729,2,10
173717,173727,173730,3,10
173717,173727,173730,3,10
173717,173727,173730,3,10
173717,173727,173731,4,10
172930,172947,173758,811,17
173761,173761,173763,2,0
173761,173761,173763,2,0
173761,173761,173764,3,0
173761,173761,173763,2,0
173761,173761,173764,3,0
173761,173761,173763,2,0
173761,173761,173763,2,0
173761,173761,173763,2,0
173761,173761,173764,3,0
173761,173761,173764,3,0
173761,173761,173765,4,0
173761,173761,173765,4,0
173761,173761,173765,4,0
173761,173761,173764,3,0
173761,173761,173765,4,0
173761,173761,173765,4,0
173761,173761,173764,3,0
173761,173761,173765,4,0
173761,173761,173764,3,0
173761,173761,173764,3,0
173761,173761,173765,4,0
173761,173761,173765,4,0
173761,173761,173766,5,0
173761,173761,173766,5,0
173761,173761,173765,4,0
173761,173761,173765,4,0
173761,173761,173765,4,0
173761,173761,173765,4,0
173761,173761,173765,4,0
173761,173761,173765,4,0
173761,173761,173766,5,0
173761,173761,173765,4,0
173761,173761,173765,4,0
173761,173761,173765,4,0
173761,173761,173765,4,0
173761,173761,173766,5,0
173761,173761,173765,4,0
173761,173761,173766,5,0
173761,173761,173766,5,0
173761,173764,173767,3,3
173761,173764,173767,3,3
173761,173761,173766,5,0
173761,173764,173767,3,3
173761,173764,173767,3,3
173761,173761,173766,5,0
173761,173764,173766,2,3
173761,173764,173768,4,3
173761,173765,173768,3,4
173761,173764,173768,4,3
173761,173765,173768,3,4
173761,173765,173768,3,4
173761,173764,173767,3,3
173761,173764,173768,4,3
173761,173765,173769,4,4
173761,173765,173769,4,4
173761,173766,173769,3,5
173761,173766,173769,3,5
173761,173766,173769,3,5
173761,173765,173769,4,4
173761,173765,173769,4,4
173761,173765,173768,3,4
173761,173765,173768,3,4
173761,173766,173769,3,5
173761,173765,173769,4,4
173761,173765,173769,4,4
173761,173765,173769,4,4
173761,173766,173770,4,5
173761,173766,173769,3,5
173761,173766,173769,3,5
173761,173766,173770,4,5
173761,173766,173770,4,5
173761,173767,173770,3,6
173761,173767,173770,3,6
173761,173766,173770,4,5
173761,173766,173769,3,5
173761,173767,173769,2,6
173761,173766,173770,4,5
173761,173766,173770,4,5
173761,173766,173770,4,5
173761,173767,173770,3,6
173761,173767,173770,3,6
173761,173767,173770,3,6
173761,173766,173770,4,5
173761,173766,173770,4,5
173761,173767,173770,3,6
173761,173768,173770,2,7
173761,173768,173771,3,7
173761,173768,173771,3,7
173761,173768,173771,3,7
173761,173767,173770,3,6
173761,173769,173771,2,8
173761,173768,173771,3,7
173761,173768,173771,3,7
173761,173769,173772,3,8
173761,173769,173772,3,8
173761,173769,173772,3,8
173761,173769,173771,2,8
173761,173769,173772,3,8
173761,173768,173772,4,7
173761,173769,173772,3,8
173761,173769,173772,3,8
173761,173770,173773,3,9
173761,173770,173772,2,9
173761,173769,173772,3,8
173761,173769,173772,3,8
173761,173769,173773,4,8
173761,173770,173772,2,9
173761,173770,173772,2,9
173761,173770,173773,3,9
173761,173770,173773,3,9
173761,173769,173773,4,8
173761,173770,173773,3,9
173761,173769,173773,4,8
173761,173770,173773,3,9
173761,173770,173773,3,9
173761,173770,173773,3,9
173761,173770,173773,3,9
173761,173770,173774,4,9
173761,173765,173774,9,4
173761,173771,173776,5,10
172912,172928,173799,871,16
173806,173807,173808,1,1
173806,173807,173808,1,1
173806,173807,173809,2,1
173806,173807,173808,1,1
173806,173807,173809,2,1
173806,173807,173809,2,1
173806,173807,173809,2,1
173806,173807,173809,2,1
173806,173807,173809,2,1
173806,173807,173809,2,1
173806,173807,173809,2,1
173806,173807,173809,2,1
173806,173807,173810,3,1
173806,173807,173810,3,1
173806,173807,173810,3,1
173806,173807,173810,3,1
173806,173807,173810,3,1
173806,173807,173810,3,1
173806,173807,173810,3,1
173806,173807,173810,3,1
173806,173807,173810,3,1
173806,173807,173811,4,1
173806,173807,173810,3,1
173806,173807,173810,3,1
173806,173807,173811,4,1
173806,173807,173811,4,1
173806,173807,173810,3,1
173806,173807,173810,3,1
173806,173807,173811,4,1
173806,173807,173811,4,1
173806,173807,173811,4,1
173806,173807,173811,4,1
173806,173807,173812,5,1
173806,173807,173811,4,1
173806,173807,173811,4,1
173806,173809,173812,3,3
173806,173809,173812,3,3
173806,173807,173811,4,1
173806,173809,173811,2,3
173806,173809,173811,2,3
173806,173810,173813,3,4
173806,173809,173812,3,3
173806,173811,173813,2,5
173806,173810,173812,2,4
173806,173811,173814,3,5
173806,173810,173813,3,4
173806,173811,173814,3,5
173806,173811,173813,2,5
173806,173810,173813,3,4
173806,173811,173813,2,5
173806,173810,173813,3,4
173806,173811,173814,3,5
173806,173811,173815,4,5
173806,173811,173814,3,5
173806,173810,173814,4,4
173806,173811,173814,3,5
173806,173811,173815,4,5
173806,173811,173814,3,5
173806,173811,173815,4,5
173806,173812,173815,3,6
173806,173811,173815,4,5
173806,173811,173814,3,5
173806,173812,173816,4,6
173806,173812,173815,3,6
173806,173811,173815,4,5
173806,173812,173815,3,6
173806,173811,173816,5,5
173806,173812,173816,4,6
173806,173812,173816,4,6
173806,173813,173815,2,7
173806,173813,173816,3,7
173806,173813,173816,3,7
173806,173812,173815,3,6
173806,173812,173816,4,6
173806,173813,173816,3,7
173806,173812,173816,4,6
173806,173812,173815,3,6
173806,173814,173816,2,8
173806,173812,173816,4,6
173806,173812,173816,4,6
173806,173814,173817,3,8
173806,173814,173817,3,8
173806,173814,173817,3,8
173806,173815,173818,3,9
173806,173815,173818,3,9
173806,173816,173818,2,10
173806,173816,173818,2,10
173806,173814,173817,3,8
173806,173815,173818,3,9
173806,173814,173817,3,8
173806,173815,173818,3,9
173806,173815,173818,3,9
173806,173816,173818,2,10
173806,173814,173817,3,8
173806,173815,173818,3,9
173806,173815,173818,3,9
173806,173816,173818,2,10
173806,173816,173818,2,10
173806,173815,173818,3,9
173806,173816,173819,3,10
173806,173815,173818,3,9
173806,173816,173819,3,10
173806,173816,173819,3,10
173806,173816,173818,2,10
173806,173816,173818,2,10
173806,173815,173818,3,9
173806,173815,173818,3,9
173806,173816,173819,3,10
173806,173816,173819,3,10
173806,173816,173819,3,10
173806,173817,173819,2,11
173806,173817,173819,2,11
173806,173816,173819,3,10
173806,173816,173820,4,10
173806,173807,173810,3,1
173806,173807,173811,4,1
173806,173807,173811,4,1
173806,173807,173811,4,1
173806,173807,173811,4,1
172837,172871,173826,955,34
173806,173826,173829,3,20
173854,173854,173856,2,0
173854,173854,173856,2,0
173854,173854,173857,3,0
173854,173854,173857,3,0
173854,173854,173857,3,0
173854,173854,173857,3,0
173854,173854,173857,3,0
173854,173854,173857,3,0
173854,173854,173857,3,0
173854,173854,173857,3,0
173854,173854,173857,3,0
173854,173854,173857,3,0
173854,173854,173857,3,0
173854,173854,173858,4,0
173854,173854,173857,3,0
173854,173854,173857,3,0
173854,173854,173858,4,0
173854,173854,173857,3,0
173854,173854,173858,4,0
173854,173854,173858,4,0
173854,173854,173857,3,0
173854,173854,173858,4,0
173854,173854,173858,4,0
173854,173854,173858,4,0
173854,173854,173858,4,0
173854,173854,173858,4,0
173854,173854,173858,4,0
173854,173855,173859,4,1
173854,173855,173858,3,1
173854,173854,173858,4,0
173854,173854,173858,4,0
173854,173854,173859,5,0
173854,173854,173859,5,0
173854,173854,173858,4,0
173854,173854,173858,4,0
173854,173854,173858,4,0
173854,173854,173858,4,0
173854,173854,173859,5,0
173854,173854,173859,5,0
173854,173854,173859,5,0
173854,173857,173860,3,3
173854,173857,173860,3,3
173854,173857,173860,3,3
173854,173856,173860,4,2
173854,173858,173860,2,4
173854,173858,173860,2,4
173854,173857,173860,3,3
173854,173856,173860,4,2
173854,173857,173860,3,3
173854,173857,173860,3,3
173854,173857,173861,4,3
173854,173857,173860,3,3
173854,173858,173861,3,4
173854,173858,173861,3,4
173854,173857,173861,4,3
173854,173857,173861,4,3
173854,173858,173861,3,4
173854,173858,173862,4,4
173854,173857,173861,4,3
173854,173858,173861,3,4
173854,173858,173862,4,4
173854,173858,173862,4,4
173854,173859,173862,3,5
173854,173859,173863,4,5
173854,173859,173862,3,5
173854,173859,173862,3,5
173854,173859,173862,3,5
173854,173858,173862,4,4
173854,173858,173862,4,4
173854,173858,173862,4,4
173854,173859,173862,3,5
173854,173859,173863,4,5
173854,173859,173863,4,5
173854,173861,173864,3,7
173854,173861,173864,3,7
173854,173859,173863,4,5
173854,173861,173863,2,7
173854,173861,173863,2,7
173854,173860,173864,4,6
173854,173860,173863,3,6
173854,173860,173864,4,6
173854,173861,173863,2,7
173854,173861,173864,3,7
173854,173858,173864,6,4
173854,173861,173864,3,7
173854,173861,173864,3,7
173854,173861,173864,3,7
173854,173861,173864,3,7
173854,173861,173864,3,7
173854,173863,173865,2,9
173854,173862,173865,3,8
173854,173861,173864,3,7
173854,173863,173865,2,9
173854,173861,173865,4,7
173854,173863,173865,2,9
173854,173863,173866,3,9
173854,173863,173865,2,9
173854,173861,173865,4,7
173854,173863,173865,2,9
173854,173863,173865,2,9
173854,173863,173865,2,9
173854,173863,173865,2,9
173854,173862,173865,3,8
173854,173863,173865,2,9
173854,173863,173865,2,9
173854,173864,173866,2,10
173854,173862,173865,3,8
173854,173863,173866,3,9
173854,173863,173866,3,9
173854,173864,173866,2,10
173854,173864,173867,3,10
173854,173864,173867,3,10
172987,173012,173866,854,25
173854,173864,173866,2,10
173854,173864,173866,2,10
173854,173862,173867,5,8
173854,173864,173867,3,10
173854,173864,173867,3,10
173868,173868,173871,3,0
173868,173868,173871,3,0
173868,173868,173870,2,0
173868,173868,173870,2,0
173868,173868,173871,3,0
173868,173868,173871,3,0
173868,173868,173871,3,0
173868,173868,173871,3,0
173868,173868,173872,4,0
173868,173868,173871,3,0
173868,173868,173872,4,0
173868,173868,173872,4,0
173868,173868,173872,4,0
173868,173868,173872,4,0
173868,173868,173872,4,0
173868,173868,173872,4,0
173868,173868,173872,4,0
173868,173868,173871,3,0
173868,173868,173872,4,0
173868,173868,173871,3,0
173868,173868,173872,4,0
173868,173868,173872,4,0
173868,173868,173872,4,0
173868,173868,173873,5,0
173868,173868,173872,4,0
173868,173868,173872,4,0
173868,173868,173873,5,0
173868,173868,173872,4,0
173868,173868,173872,4,0
173868,173868,173873,5,0
173868,173868,173872,4,0
173868,173868,173872,4,0
173868,173868,173873,5,0
173868,173868,173872,4,0
173868,173868,173872,4,0
173868,173868,173873,5,0
173868,173868,173873,5,0
173868,173868,173873,5,0
173868,173872,173874,2,4
173868,173871,173874,3,3
173868,173872,173874,2,4
173868,173872,173874,2,4
173868,173872,173875,3,4
173868,173872,173875,3,4
173868,173872,173875,3,4
173868,173871,173874,3,3
173868,173871,173875,4,3
173868,173871,173875,4,3
173868,173871,173874,3,3
173868,173873,173876,3,5
173868,173872,173875,3,4
173868,173872,173876,4,4
173868,173873,173876,3,5
173868,173873,173876,3,5
173868,173872,173875,3,4
173868,173873,173875,2,5
173868,173873,173876,3,5
173868,173872,173876,4,4
173868,173872,173876,4,4
173868,173872,173876,4,4
173868,173873,173876,3,5
173868,173872,173876,4,4
173868,173872,173876,4,4
173868,173872,173875,3,4
173868,173873,173876,3,5
173868,173872,173876,4,4
173868,173872,173876,4,4
173868,173873,173876,3,5
173854,173855,173860,5,1
173868,173873,173876,3,5
173868,173873,173877,4,5
173868,173873,173876,3,5
173868,173873,173877,4,5
173868,173874,173877,3,6
173868,173873,173876,3,5
173868,173873,173877,4,5
173868,173874,173878,4,6
173868,173875,173878,3,7
173868,173874,173878,4,6
173868,173875,173877,2,7
173868,173874,173878,4,6
173868,173875,173878,3,7
173868,173875,173879,4,7
173868,173875,173879,4,7
173868,173875,173879,4,7
173868,173875,173878,3,7
173868,173876,173878,2,8
173868,173876,173879,3,8
173868,173876,173879,3,8
173868,173876,173879,3,8
173868,173876,173879,3,8
173868,173875,173879,4,7
173868,173876,173879,3,8
173868,173876,173879,3,8
173868,173876,173879,3,8
173868,173876,173879,3,8
173868,173875,173879,4,7
173868,173876,173879,3,8
173868,173876,173879,3,8
173868,173877,173880,3,9
173868,173877,173880,3,9
173868,173877,173880,3,9
173868,173877,173880,3,9
173868,173876,173880,4,8
173868,173876,173880,4,8
173868,173876,173880,4,8
173868,173878,173880,2,10
173868,173878,173880,2,10
173868,173876,173880,4,8
173868,173876,173880,4,8
173868,173876,173880,4,8
173868,173878,173880,2,10
173868,173876,173880,4,8
173868,173876,173880,4,8
173868,173878,173880,2,10
173854,173877,173881,4,23
173854,173877,173880,3,23
173868,173877,173880,3,9
173868,173877,173880,3,9
173868,173878,173881,3,10
173868,173879,173881,2,11
173868,173879,173881,2,11
173868,173878,173881,3,10
172998,173020,173882,862,22
173902,173902,173905,3,0
173902,173902,173905,3,0
173902,173902,173905,3,0
173902,173902,173905,3,0
173902,173902,173906,4,0
173902,173902,173906,4,0
173902,173902,173906,4,0
173902,173902,173906,4,0
173902,173902,173906,4,0
173902,173902,173906,4,0
173902,173902,173906,4,0
173902,173903,173906,3,1
173902,173902,173906,4,0
173902,173902,173906,4,0
173902,173902,173906,4,0
173902,173902,173906,4,0
173902,173902,173906,4,0
173902,173902,173906,4,0
173902,173902,173906,4,0
173902,173902,173906,4,0
173902,173902,173906,4,0
173902,173902,173907,5,0
173902,173902,173906,4,0
173902,173902,173906,4,0
173902,173902,173906,4,0
173902,173902,173907,5,0
173902,173903,173907,4,1
173902,173903,173907,4,1
173902,173902,173907,5,0
173902,173902,173907,5,0
173902,173902,173907,5,0
173902,173902,173907,5,0
173902,173902,173907,5,0
173902,173902,173907,5,0
173902,173902,173907,5,0
173902,173902,173907,5,0
173902,173902,173907,5,0
173902,173902,173907,5,0
173902,173902,173907,5,0
173902,173906,173907,1,4
173902,173903,173908,5,1
173902,173902,173908,6,0
173902,173907,173909,2,5
173902,173906,173908,2,4
173902,173906,173908,2,4
173902,173906,173909,3,4
173902,173906,173909,3,4
173902,173907,173909,2,5
173902,173907,173909,2,5
173902,173907,173909,2,5
173902,173907,173910,3,5
173902,173908,173910,2,6
173902,173907,173910,3,5
173902,173907,173909,2,5
173902,173907,173909,2,5
173902,173907,173909,2,5
173902,173907,173910,3,5
173902,173908,173910,2,6
173902,173907,173910,3,5
173902,173907,173910,3,5
173902,173907,173910,3,5
173902,173908,173910,2,6
173902,173907,173910,3,5
173902,173908,173910,2,6
173902,173908,173910,2,6
173902,173907,173910,3,5
173902,173907,173910,3,5
173902,173907,173910,3,5
173902,173908,173910,2,6
173902,173908,173910,2,6
173902,173907,173910,3,5
173902,173908,173911,3,6
173902,173908,173911,3,6
173902,173907,173910,3,5
173902,173908,173910,2,6
173902,173907,173911,4,5
173902,173908,173911,3,6
173902,173909,173911,2,7
173902,173909,173911,2,7
173902,173909,173911,2,7
173902,173907,173911,4,5
173902,173908,173912,4,6
173902,173909,173912,3,7
173902,173908,173911,3,6
173902,173908,173911,3,6
173902,173909,173912,3,7
173902,173910,173912,2,8
173902,173910,173912,2,8
173902,173910,173912,2,8
173902,173910,173912,2,8
173902,173909,173912,3,7
173902,173910,173912,2,8
173902,173910,173912,2,8
173902,173910,173912,2,8
173902,173910,173913,3,8
173902,173910,173913,3,8
173902,173911,173913,2,9
173902,173911,173913,2,9
173902,173911,173913,2,9
173902,173911,173913,2,9
173902,173912,173914,2,10
173902,173911,173913,2,9
173902,173911,173913,2,9
173902,173912,173914,2,10
173902,173910,173913,3,8
173902,173910,173913,3,8
173902,173911,173913,2,9
173902,173911,173914,3,9
173902,173911,173913,2,9
173902,173910,173913,3,8
173902,173911,173913,2,9
173902,173911,173913,2,9
173902,173911,173915,4,9
173902,173912,173914,2,10
173902,173912,173914,2,10
173902,173911,173914,3,9
173902,173911,173914,3,9
173902,173911,173914,3,9
173902,173911,173914,3,9
173902,173911,173915,4,9
173009,173020,173947,927,11
173071,173075,173948,873,4
173948,173948,173951,3,0
173948,173948,173951,3,0
173948,173949,173951,2,1
173948,173948,173951,3,0
173948,173948,173951,3,0
173948,173948,173952,4,0
173948,173948,173952,4,0
173948,173948,173951,3,0
173948,173948,173952,4,0
173948,173948,173951,3,0
173948,173948,173951,3,0
173948,173948,173952,4,0
173948,173948,173952,4,0
173948,173948,173952,4,0
173948,173948,173951,3,0
173948,173948,173952,4,0
173948,173948,173952,4,0
173948,173948,173951,3,0
173948,173948,173952,4,0
173948,173948,173952,4,0
173948,173948,173952,4,0
173948,173948,173952,4,0
173948,173948,173952,4,0
173948,173948,173952,4,0
173948,173948,173953,5,0
173948,173948,173953,5,0
173948,173948,173952,4,0
173948,173948,173953,5,0
173948,173948,173952,4,0
173948,173948,173952,4,0
173948,173948,173952,4,0
173948,173948,173952,4,0
173948,173949,173953,4,1
173948,173948,173953,5,0
173948,173948,173953,5,0
173948,173948,173953,5,0
173948,173948,173953,5,0
173948,173948,173953,5,0
173948,173951,173954,3,3
173948,173951,173954,3,3
173948,173951,173955,4,3
173948,173952,173955,3,4
173948,173952,173955,3,4
173948,173951,173954,3,3
173948,173952,173955,3,4
173948,173952,173956,4,4
173948,173953,173956,3,5
173948,173952,173956,4,4
173948,173953,173956,3,5
173948,173952,173956,4,4
173948,173952,173956,4,4
173948,173953,173956,3,5
173948,173952,173956,4,4
173948,173953,173956,3,5
173948,173953,173956,3,5
173948,173952,173956,4,4
173948,173952,173956,4,4
173948,173952,173956,4,4
173948,173952,173956,4,4
173948,173953,173956,3,5
173948,173952,173956,4,4
173948,173952,173956,4,4
173948,173953,173956,3,5
173948,173952,173956,4,4
173948,173952,173957,5,4
173948,173952,173956,4,4
173948,173952,173957,5,4
173948,173953,173957,4,5
173948,173953,173957,4,5
173948,173953,173957,4,5
173948,173953,173957,4,5
173948,173953,173957,4,5
173948,173954,173957,3,6
173948,173952,173957,5,4
173948,173954,173958,4,6
173948,173953,173958,5,5
173948,173954,173958,4,6
173948,173955,173958,3,7
173948,173955,173958,3,7
173948,173955,173958,3,7
173948,173956,173959,3,8
173948,173956,173959,3,8
173948,173956,173959,3,8
173948,173956,173959,3,8
173948,173956,173958,2,8
173948,173956,173959,3,8
173948,173955,173959,4,7
173948,173957,173959,2,9
173948,173957,173959,2,9
173948,173957,173959,2,9
173948,173957,173959,2,9
173948,173957,173959,2,9
173948,173957,173959,2,9
173948,173957,173959,2,9
173948,173957,173959,2,9
173948,173957,173959,2,9
173948,173956,173960,4,8
173948,173957,173960,3,9
173948,173956,173959,3,8
173948,173957,173960,3,9
173948,173957,173960,3,9
173948,173958,173960,2,10
173948,173959,173960,1,11
173948,173957,173960,3,9
173948,173958,173960,2,10
173948,173959,173961,2,11
173948,173957,173960,3,9
173948,173958,173961,3,10
173948,173958,173961,3,10
173948,173958,173960,2,10
173948,173958,173960,2,10
173948,173957,173960,3,9
173948,173957,173960,3,9
173948,173958,173961,3,10
173948,173958,173961,3,10
173952,173960,173963,3,8
173952,173960,173963,3,8
173952,173960,173962,2,8
173952,173961,173962,1,9
173952,173960,173962,2,8
173952,173960,173963,3,8
173952,173961,173963,2,9
173952,173961,173963,2,9
173952,173959,173963,4,7
173952,173959,173963,4,7
173952,173960,173964,4,8
173952,173960,173964,4,8
173952,173960,173963,3,8
173952,173960,173963,3,8
173952,173960,173963,3,8
173952,173959,173963,4,7
173952,173960,173964,4,8
173952,173961,173963,2,9
173952,173961,173964,3,9
173952,173960,173964,4,8
173952,173960,173964,4,8
173952,173960,173964,4,8
173952,173960,173964,4,8
173952,173960,173964,4,8
173952,173960,173964,4,8
173952,173959,173964,5,7
173952,173961,173965,4,9
173952,173961,173965,4,9
173952,173961,173966,5,9
173952,173961,173965,4,9
173952,173961,173965,4,9
173952,173961,173965,4,9
173952,173963,173966,3,11
173952,173963,173965,2,11
173952,173961,173966,5,9
173952,173961,173966,5,9
173952,173964,173966,2,12
173952,173963,173967,4,11
173952,173963,173966,3,11
173952,173964,173967,3,12
173952,173961,173966,5,9
173952,173962,173966,4,10
173952,173964,173966,2,12
173952,173963,173967,4,11
173952,173963,173967,4,11
173952,173964,173967,3,12
173952,173964,173968,4,12
173952,173964,173967,3,12
173952,173964,173968,4,12
173952,173963,173967,4,11
173952,173964,173968,4,12
173952,173964,173968,4,12
173952,173964,173968,4,12
173952,173964,173968,4,12
173952,173964,173968,4,12
173952,173964,173968,4,12
173952,173965,173968,3,13
173948,173949,173952,3,1
173948,173949,173952,3,1
173948,173949,173952,3,1
173948,173949,173952,3,1
173952,173965,173969,4,13
173952,173966,173968,2,14
173952,173963,173968,5,11
173952,173965,173969,4,13
173952,173966,173969,3,14
173952,173964,173969,5,12
173952,173964,173969,5,12
173952,173966,173970,4,14
173952,173966,173969,3,14
173952,173966,173969,3,14
173952,173966,173970,4,14
173952,173966,173970,4,14
173952,173966,173969,3,14
173952,173967,173970,3,15
173952,173967,173971,4,15
173952,173967,173971,4,15
173952,173967,173971,4,15
173952,173967,173971,4,15
173952,173967,173971,4,15
173952,173967,173971,4,15
173952,173967,173971,4,15
173952,173967,173971,4,15
173952,173967,173971,4,15
173952,173968,173971,3,16
173952,173967,173971,4,15
173952,173968,173971,3,16
173952,173969,173972,3,17
173952,173968,173971,3,16
173948,173969,173971,2,21
173952,173969,173972,3,17
173952,173969,173972,3,17
173952,173967,173972,5,15
173952,173969,173972,3,17
173952,173969,173972,3,17
173952,173968,173972,4,16
173952,173968,173972,4,16
173952,173968,173972,4,16
173952,173968,173972,4,16
173952,173969,173972,3,17
173952,173969,173972,3,17
173952,173969,173972,3,17
173952,173969,173972,3,17
173952,173968,173972,4,16
173952,173969,173973,4,17
173952,173969,173973,4,17
173952,173970,173973,3,18
173952,173969,173973,4,17
173952,173970,173973,3,18
173952,173970,173973,3,18
173952,173970,173973,3,18
173952,173971,173974,3,19
173952,173970,173973,3,18
173952,173970,173974,4,18
173952,173971,173974,3,19
173952,173970,173974,4,18
173952,173970,173974,4,18
173952,173971,173974,3,19
173952,173972,173974,2,20
173952,173972,173974,2,20
173952,173971,173974,3,19
173952,173971,173975,4,19
173952,173971,173975,4,19
173952,173971,173974,3,19
173952,173971,173974,3,19
173060,173075,173989,914,15
173996,173996,173998,2,0
173996,173996,173999,3,0
173996,173996,173999,3,0
173996,173996,173999,3,0
173996,173996,173999,3,0
173996,173996,173998,2,0
173996,173996,173999,3,0
173996,173996,174000,4,0
173996,173996,174000,4,0
173996,173996,173999,3,0
173996,173996,174000,4,0
173996,173996,173999,3,0
173996,173996,174000,4,0
173996,173996,174000,4,0
173996,173996,173999,3,0
173996,173996,174000,4,0
173996,173996,173999,3,0
173996,173996,174000,4,0
173996,173996,174000,4,0
173996,173996,174000,4,0
173996,173996,174000,4,0
173996,173996,174000,4,0
173996,173997,174000,3,1
173996,173996,174000,4,0
173996,173996,174001,5,0
173996,173996,174001,5,0
173996,173996,174000,4,0
173996,173996,174000,4,0
173996,173996,174001,5,0
173996,173996,174001,5,0
173996,173996,174001,5,0
173996,173996,174001,5,0
173996,173996,174001,5,0
173996,173996,174001,5,0
173996,173996,174000,4,0
173996,173996,174001,5,0
173996,173996,174001,5,0
173996,173996,174001,5,0
173996,173998,174001,3,2
173996,173996,174001,5,0
173996,173996,174001,5,0
173996,173996,174001,5,0
173996,173999,174002,3,3
173996,173999,174002,3,3
173996,174000,174003,3,4
173996,173999,174002,3,3
173996,174000,174002,2,4
173996,173999,174003,4,3
173996,174000,174003,3,4
173996,174000,174003,3,4
173996,174000,174004,4,4
173996,174001,174004,3,5
173996,174001,174004,3,5
173996,174000,174003,3,4
173996,174001,174004,3,5
173996,174000,174004,4,4
173996,174000,174004,4,4
173996,174001,174004,3,5
173996,174000,174004,4,4
173996,174001,174004,3,5
173996,173999,174004,5,3
173996,174000,174004,4,4
173996,174000,174004,4,4
173996,174000,174004,4,4
173996,174000,174005,5,4
173996,174000,174004,4,4
173996,174000,174004,4,4
173996,174002,174005,3,6
173996,174001,174005,4,5
173996,174001,174005,4,5
173996,174001,174005,4,5
173996,174001,174005,4,5
173996,174003,174005,2,7
173996,174001,174005,4,5
173996,174001,174005,4,5
173996,174001,174005,4,5
173996,174002,174005,3,6
173996,174000,174005,5,4
173996,174001,174005,4,5
173996,174000,174005,5,4
173996,174002,174006,4,6
173996,174002,174006,4,6
173996,174001,174006,5,5
173996,174002,174006,4,6
173996,174002,174006,4,6
173996,174004,174006,2,8
173996,174004,174006,2,8
173996,174004,174006,2,8
173996,174004,174007,3,8
173996,174004,174007,3,8
173996,174004,174007,3,8
173996,174004,174007,3,8
173996,174003,174007,4,7
173996,174005,174007,2,9
173996,174005,174007,2,9
173996,174004,174007,3,8
173996,174003,174007,4,7
173996,174005,174007,2,9
173996,174005,174008,3,9
173996,174005,174008,3,9
173996,174005,174007,2,9
173132,173132,174008,876,0
173996,174005,174008,3,9
173996,174005,174008,3,9
173996,174005,174008,3,9
173996,174006,174008,2,10
173996,174006,174008,2,10
173996,174006,174008,2,10
173996,174006,174008,2,10
173996,174005,174008,3,9
173996,174006,174008,2,10
173996,174006,174008,2,10
173996,174006,174009,3,10
173996,174006,174008,2,10
173996,174005,174008,3,9
173996,174004,174009,5,8
173996,174005,174009,4,9
173996,174005,174009,4,9
173996,174006,174009,3,10
173996,174006,174009,3,10
173996,174006,174009,3,10
174010,174010,174013,3,0
174010,174010,174013,3,0
174010,174010,174013,3,0
174010,174010,174013,3,0
174010,174011,174013,2,1
174010,174010,174013,3,0
174010,174010,174013,3,0
174010,174010,174014,4,0
174010,174010,174013,3,0
174010,174010,174013,3,0
174010,174010,174013,3,0
174010,174010,174014,4,0
174010,174010,174014,4,0
174010,174011,174013,2,1
174010,174010,174014,4,0
174010,174010,174013,3,0
174010,174010,174014,4,0
174010,174010,174014,4,0
174010,174010,174015,5,0
174010,174010,174015,5,0
174010,174010,174015,5,0
174010,174010,174014,4,0
174010,174010,174015,5,0
174010,174010,174015,5,0
174010,174010,174015,5,0
174010,174010,174015,5,0
174010,174010,174015,5,0
174010,174011,174015,4,1
174010,174011,174015,4,1
174010,174011,174015,4,1
174010,174010,174015,5,0
174010,174010,174015,5,0
174010,174010,174015,5,0
174010,174010,174016,6,0
174010,174010,174015,5,0
174010,174010,174015,5,0
174010,174010,174015,5,0
174010,174014,174016,2,4
174010,174010,174015,5,0
174010,174010,174015,5,0
174010,174014,174016,2,4
174010,174014,174016,2,4
174010,174010,174016,6,0
174010,174014,174016,2,4
174010,174014,174016,2,4
174010,174013,174017,4,3
174010,174013,174017,4,3
174010,174014,174017,3,4
174010,174014,174017,3,4
173126,173129,174018,889,3
174010,174015,174018,3,5
174010,174013,174017,4,3
174010,174013,174018,5,3
174010,174013,174018,5,3
174010,174013,174018,5,3
174010,174013,174018,5,3
174010,174016,174019,3,6
174010,174016,174019,3,6
174010,174015,174019,4,5
174010,174016,174019,3,6
174010,174016,174019,3,6
174010,174016,174019,3,6
174010,174016,174019,3,6
174010,174014,174019,5,4
174010,174017,174019,2,7
174010,174017,174019,2,7
174010,174017,174019,2,7
174010,174015,174019,4,5
174010,174015,174019,4,5
174010,174015,174019,4,5
174010,174017,174019,2,7
174010,174015,174019,4,5
174010,174014,174019,5,4
174010,174015,174020,5,5
174010,174016,174020,4,6
174010,174015,174020,5,5
174010,174015,174021,6,5
174010,174015,174020,5,5
174010,174015,174020,5,5
174010,174015,174020,5,5
174010,174018,174020,2,8
174010,174015,174020,5,5
174010,174017,174021,4,7
174010,174015,174020,5,5
174010,174015,174020,5,5
174010,174015,174020,5,5
174010,174017,174020,3,7
174010,174018,174021,3,8
174010,174018,174021,3,8
174010,174018,174022,4,8
174010,174019,174022,3,9
174010,174018,174022,4,8
174010,174017,174022,5,7
174010,174020,174023,3,10
174010,174019,174023,4,9
174010,174020,174023,3,10
174010,174018,174023,5,8
174010,174019,174023,4,9
174010,174019,174023,4,9
174010,174019,174023,4,9
174010,174018,174023,5,8
174010,174020,174023,3,10
174010,174020,174023,3,10
174010,174020,174023,3,10
174010,174020,174023,3,10
174010,174020,174023,3,10
174010,174020,174023,3,10
174010,174019,174023,4,9
174010,174020,174023,3,10
174010,174020,174023,3,10
174010,174020,174023,3,10
174010,174019,174023,4,9
174010,174020,174023,3,10
174010,174021,174024,3,11
174010,174021,174024,3,11
174010,174021,174024,3,11
174010,174021,174024,3,11
174010,174021,174024,3,11
174010,174020,174024,4,10
174010,174021,174024,3,11
173135,173135,174026,891,0
173112,173118,174027,909,6
174010,174027,174030,3,17
173129,173129,174042,913,0
174043,174043,174045,2,0
174043,174043,174044,1,0
174043,174043,174045,2,0
174043,174043,174045,2,0
174043,174043,174045,2,0
174043,174043,174046,3,0
174043,174043,174046,3,0
174043,174043,174045,2,0
174043,174043,174047,4,0
174043,174043,174047,4,0
174043,174043,174047,4,0
174043,174043,174046,3,0
174043,174043,174046,3,0
174043,174043,174047,4,0
174043,174043,174047,4,0
174043,174043,174047,4,0
174043,174043,174046,3,0
174043,174043,174047,4,0
174043,174043,174047,4,0
174043,174043,174047,4,0
174043,174043,174047,4,0
174043,174043,174047,4,0
174043,174043,174047,4,0
174043,174043,174047,4,0
174043,174043,174047,4,0
174043,174043,174048,5,0
174043,174043,174047,4,0
174043,174043,174047,4,0
174043,174043,174048,5,0
174043,174043,174048,5,0
174043,174045,174049,4,2
173123,173129,174049,920,6
174043,174043,174048,5,0
174043,174043,174048,5,0
174043,174046,174049,3,3
174043,174043,174048,5,0
174043,174046,174048,2,3
174043,174043,174048,5,0
174043,174043,174048,5,0
174043,174045,174049,4,2
174043,174043,174048,5,0
174043,174046,174048,2,3
174043,174046,174049,3,3
174043,174046,174050,4,3
174043,174047,174051,4,4
174043,174047,174051,4,4
174043,174048,174050,2,5
174043,174048,174051,3,5
174043,174046,174051,5,3
174043,174047,174051,4,4
174043,174048,174051,3,5
174043,174047,174051,4,4
174043,174047,174051,4,4
174043,174048,174051,3,5
174043,174047,174051,4,4
174043,174048,174051,3,5
174043,174048,174052,4,5
174043,174048,174052,4,5
174043,174049,174052,3,6
174043,174048,174051,3,5
174043,174048,174051,3,5
174043,174047,174051,4,4
174043,174049,174052,3,6
174043,174048,174052,4,5
174043,174048,174052,4,5
174043,174049,174052,3,6
174043,174049,174053,4,6
174043,174049,174052,3,6
174043,174049,174052,3,6
174043,174048,174052,4,5
174043,174049,174052,3,6
174043,174048,174052,4,5
174043,174043,174054,11,0
174043,174043,174053,10,0
174043,174047,174053,6,4
174043,174049,174053,4,6
174043,174049,174054,5,6
174043,174049,174053,4,6
174043,174051,174054,3,8
174043,174051,174054,3,8
174043,174050,174054,4,7
174043,174049,174053,4,6
174043,174049,174054,5,6
174043,174052,174055,3,9
174043,174050,174055,5,7
174043,174051,174054,3,8
174043,174051,174055,4,8
174043,174051,174055,4,8
174043,174052,174055,3,9
174043,174052,174055,3,9
174043,174051,174054,3,8
174043,174051,174055,4,8
174043,174051,174054,3,8
174043,174052,174056,4,9
174043,174053,174056,3,10
174043,174051,174055,4,8
174043,174052,174056,4,9
174043,174052,174055,3,9
174043,174052,174056,4,9
174043,174053,174056,3,10
174043,174053,174056,3,10
174043,174052,174056,4,9
174043,174052,174056,4,9
174043,174052,174056,4,9
174043,174052,174056,4,9
174043,174053,174057,4,10
174043,174052,174056,4,9
174043,174053,174056,3,10
174043,174054,174057,3,11
174043,174053,174057,4,10
174043,174054,174057,3,11
174043,174053,174057,4,10
174043,174054,174058,4,11
174043,174055,174058,3,12
174043,174057,174058,1,14
174043,174057,174059,2,14
174043,174057,174058,1,14
174043,174057,174059,2,14
174043,174054,174059,5,11
174043,174054,174058,4,11
174043,174054,174059,5,11
174043,174054,174059,5,11
174043,174054,174059,5,11
174043,174055,174059,4,12
174043,174055,174059,4,12
174043,174057,174059,2,14
174043,174054,174059,5,11
174043,174054,174059,5,11
174043,174055,174060,5,12
174043,174056,174060,4,13
174043,174057,174059,2,14
174043,174055,174060,5,12
174043,174055,174060,5,12
174043,174055,174060,5,12
174043,174055,174060,5,12
174043,174056,174060,4,13
174043,174056,174060,4,13
174043,174054,174060,6,11
174043,174056,174060,4,13
174043,174055,174060,5,12
174043,174055,174060,5,12
174043,174056,174060,4,13
174043,174056,174061,5,13
174043,174056,174061,5,13
174043,174056,174061,5,13
174043,174059,174062,3,16
174043,174059,174062,3,16
174043,174059,174062,3,16
174043,174057,174062,5,14
174043,174056,174062,6,13
174043,174056,174062,6,13
174043,174058,174062,4,15
174043,174060,174063,3,17
174043,174060,174063,3,17
174043,174060,174063,3,17
174043,174057,174062,5,14
174043,174059,174063,4,16
174043,174059,174064,5,16
174043,174060,174063,3,17
174043,174060,174063,3,17
174043,174059,174063,4,16
174043,174060,174063,3,17
174043,174060,174063,3,17
174043,174061,174064,3,18
174043,174059,174064,5,16
174043,174060,174064,4,17
174043,174060,174064,4,17
174043,174060,174064,4,17
174043,174060,174064,4,17
174043,174060,174064,4,17
174043,174060,174064,4,17
174043,174060,174064,4,17
174043,174061,174065,4,18
174043,174061,174064,3,18
174043,174059,174064,5,16
174043,174060,174065,5,17
174043,174060,174065,5,17
174043,174060,174065,5,17
174043,174062,174066,4,19
174043,174062,174065,3,19
174043,174061,174065,4,18
174043,174063,174065,2,20
174043,174043,174048,5,0
174043,174043,174047,4,0
174043,174043,174047,4,0
174043,174043,174048,5,0
174043,174043,174048,5,0
174043,174043,174047,4,0
174043,174062,174065,3,19
174043,174062,174066,4,19
174043,174061,174066,5,18
174043,174063,174066,3,20
174043,174064,174066,2,21
174043,174063,174066,3,20
174043,174064,174066,2,21
174043,174062,174066,4,19
174043,174064,174066,2,21
174043,174064,174066,2,21
174043,174063,174067,4,20
174043,174063,174067,4,20
174043,174062,174068,6,19
174043,174062,174067,5,19
174043,174065,174068,3,22
174043,174063,174067,4,20
174043,174065,174068,3,22
174043,174064,174067,3,21
174043,174064,174067,3,21
173209,173209,174068,859,0
174043,174065,174068,3,22
174043,174066,174068,2,23
174043,174066,174068,2,23
174043,174065,174068,3,22
174043,174065,174069,4,22
174043,174065,174069,4,22
174043,174065,174068,3,22
174043,174064,174068,4,21
174043,174064,174068,4,21
174043,174064,174068,4,21
174043,174065,174069,4,22
174043,174066,174069,3,23
174043,174066,174069,3,23
174043,174065,174069,4,22
174043,174066,174069,3,23
174043,174066,174069,3,23
174043,174067,174070,3,24
174043,174066,174069,3,23
174043,174066,174070,4,23
174043,174067,174070,3,24
174043,174065,174069,4,22
174043,174066,174070,4,23
174043,174066,174070,4,23
174043,174067,174069,2,24
174043,174066,174070,4,23
174043,174066,174070,4,23
174043,174066,174070,4,23
174043,174066,174070,4,23
174043,174066,174070,4,23
174043,174066,174070,4,23
174043,174067,174070,3,24
174043,174068,174070,2,25
174043,174067,174070,3,24
174043,174067,174070,3,24
174043,174067,174070,3,24
174043,174068,174070,2,25
174043,174067,174070,3,24
174043,174067,174070,3,24
174043,174067,174071,4,24
174043,174068,174071,3,25
174043,174068,174071,3,25
174043,174068,174071,3,25
174043,174069,174072,3,26
174043,174068,174071,3,25
174043,174068,174072,4,25
174043,174069,174072,3,26
174043,174069,174072,3,26
174043,174070,174072,2,27
174043,174068,174072,4,25
174043,174070,174072,2,27
174043,174070,174071,1,27
174043,174070,174072,2,27
174043,174069,174072,3,26
174043,174071,174073,2,28
174043,174069,174073,4,26
174043,174069,174072,3,26
174043,174069,174072,3,26
174043,174070,174072,2,27
174043,174070,174072,2,27
174043,174069,174073,4,26
174043,174069,174073,4,26
174043,174069,174073,4,26
174043,174069,174072,3,26
174043,174069,174073,4,26
174043,174070,174073,3,27
174043,174070,174072,2,27
173171,173172,174072,900,1
174043,174070,174073,3,27
174043,174070,174073,3,27
174043,174070,174073,3,27
174043,174069,174072,3,26
174043,174069,174073,4,26
174043,174070,174073,3,27
174043,174070,174073,3,27
174043,174070,174073,3,27
174043,174071,174073,2,28
174043,174070,174073,3,27
174043,174070,174074,4,27
173138,173138,174073,935,0
174043,174070,174073,3,27
174043,174070,174074,4,27
174043,174072,174075,3,29
174043,174072,174075,3,29
174043,174071,174075,4,28
174043,174072,174075,3,29
174043,174072,174075,3,29
174043,174072,174074,2,29
174043,174072,174075,3,29
174043,174073,174075,2,30
174043,174071,174075,4,28
174043,174072,174075,3,29
174043,174072,174075,3,29
174043,174072,174075,3,29
174043,174073,174075,2,30
174043,174073,174075,2,30
174043,174073,174076,3,30
174043,174073,174075,2,30
174043,174071,174075,4,28
174043,174073,174076,3,30
174043,174073,174076,3,30
174043,174072,174075,3,29
174043,174073,174075,2,30
174043,174073,174076,3,30
174043,174072,174075,3,29
174043,174072,174076,4,29
174043,174073,174076,3,30
174043,174073,174076,3,30
174043,174073,174076,3,30
174043,174074,174076,2,31
174043,174072,174076,4,29
174043,174074,174076,2,31
174043,174074,174077,3,31
174043,174072,174076,4,29
174043,174074,174077,3,31
174043,174073,174076,3,30
174043,174074,174077,3,31
174043,174075,174077,2,32
174043,174074,174077,3,31
174043,174073,174077,4,30
174043,174073,174077,4,30
174043,174073,174076,3,30
174043,174074,174077,3,31
174043,174074,174077,3,31
174043,174074,174077,3,31
174043,174071,174073,2,28
174043,174071,174074,3,28
174043,174075,174078,3,32
174043,174075,174078,3,32
174043,174076,174078,2,33
174043,174075,174077,2,32
174043,174076,174078,2,33
174043,174075,174078,3,32
174043,174076,174078,2,33
174043,174075,174078,3,32
174043,174074,174078,4,31
174043,174076,174078,2,33
174043,174075,174079,4,32
174043,174076,174079,3,33
174043,174076,174079,3,33
174043,174076,174078,2,33
174043,174076,174079,3,33
174043,174076,174079,3,33
174043,174075,174079,4,32
174043,174076,174079,3,33
174043,174075,174079,4,32
174043,174076,174079,3,33
174043,174076,174079,3,33
174043,174076,174079,3,33
174043,174076,174079,3,33
174043,174076,174080,4,33
174043,174076,174079,3,33
174060,174077,174080,3,17
174043,174075,174080,5,32
174043,174076,174080,4,33
174043,174076,174080,4,33
174043,174078,174080,2,35
174043,174078,174081,3,35
174060,174078,174080,2,18
174060,174077,174080,3,17
174060,174077,174080,3,17
174060,174077,174080,3,17
174060,174079,174081,2,19
174060,174079,174081,2,19
174060,174079,174080,1,19
174060,174077,174081,4,17
174060,174077,174081,4,17
174060,174079,174081,2,19
174060,174079,174081,2,19
173159,173166,174082,916,7
174060,174078,174081,3,18
174060,174078,174081,3,18
174060,174078,174081,3,18
174060,174078,174081,3,18
174060,174080,174082,2,20
174060,174077,174082,5,17
174060,174078,174082,4,18
174060,174077,174082,5,17
174060,174077,174082,5,17
174060,174078,174082,4,18
174060,174078,174082,4,18
174060,174077,174082,5,17
174060,174079,174083,4,19
174060,174079,174082,3,19
174060,174078,174082,4,18
174060,174079,174082,3,19
174060,174080,174082,2,20
174060,174079,174083,4,19
174060,174080,174083,3,20
174060,174078,174083,5,18
174060,174078,174082,4,18
174060,174078,174083,5,18
174060,174078,174083,5,18
174060,174080,174083,3,20
174060,174080,174083,3,20
174060,174080,174083,3,20
174060,174080,174083,3,20
174060,174081,174084,3,21
174060,174081,174084,3,21
174060,174081,174084,3,21
174060,174078,174084,6,18
174060,174080,174084,4,20
174060,174080,174085,5,20
174060,174080,174084,4,20
174060,174081,174085,4,21
174060,174081,174084,3,21
174060,174081,174084,3,21
174060,174082,174085,3,22
174060,174081,174085,4,21
174060,174081,174085,4,21
174060,174082,174085,3,22
174060,174082,174085,3,22
174060,174082,174085,3,22
174060,174081,174086,5,21
174060,174081,174085,4,21
174060,174082,174086,4,22
174060,174081,174085,4,21
174060,174081,174085,4,21
174060,174082,174086,4,22
174060,174082,174086,4,22
174060,174082,174086,4,22
174060,174082,174086,4,22
174060,174083,174086,3,23
174060,174081,174086,5,21
174060,174082,174086,4,22
174060,174082,174086,4,22
174060,174082,174086,4,22
174060,174082,174086,4,22
174060,174084,174086,2,24
174060,174084,174086,2,24
174060,174083,174086,3,23
174060,174083,174087,4,23
174060,174083,174087,4,23
174060,174083,174086,3,23
174060,174083,174086,3,23
174060,174083,174086,3,23
174060,174083,174086,3,23
174060,174084,174087,3,24
174060,174083,174087,4,23
174060,174083,174086,3,23
174060,174083,174088,5,23
174060,174084,174088,4,24
174060,174085,174088,3,25
174060,174085,174087,2,25
174060,174085,174088,3,25
174060,174084,174088,4,24
174060,174084,174088,4,24
174060,174085,174088,3,25
174060,174086,174088,2,26
174060,174084,174088,4,24
174060,174084,174088,4,24
174060,174084,174088,4,24
174060,174082,174089,7,22
174060,174085,174089,4,25
174060,174085,174089,4,25
174060,174085,174089,4,25
174060,174085,174089,4,25
174060,174085,174089,4,25
174060,174086,174089,3,26
174060,174086,174089,3,26
174060,174086,174089,3,26
174060,174087,174089,2,27
174060,174087,174090,3,27
174060,174087,174090,3,27
174060,174087,174089,2,27
174060,174087,174090,3,27
174060,174086,174090,4,26
174060,174085,174089,4,25
174060,174086,174089,3,26
174060,174086,174090,4,26
174060,174086,174089,3,26
174060,174086,174089,3,26
174060,174086,174090,4,26
174060,174086,174090,4,26
174060,174086,174090,4,26
174060,174087,174090,3,27
174060,174087,174090,3,27
174063,174087,174091,4,24
174063,174087,174091,4,24
174060,174086,174091,5,26
174063,174087,174091,4,24
174063,174087,174091,4,24
174063,174088,174091,3,25
174063,174090,174091,1,27
174063,174090,174091,1,27
174063,174090,174091,1,27
174063,174090,174091,1,27
174063,174087,174091,4,24
174063,174088,174092,4,25
174063,174088,174091,3,25
174063,174087,174092,5,24
174063,174087,174092,5,24
174063,174088,174092,4,25
174063,174090,174092,2,27
174063,174090,174092,2,27
174063,174090,174092,2,27
174063,174088,174093,5,25
174063,174089,174092,3,26
174063,174089,174093,4,26
174063,174088,174093,5,25
174063,174088,174092,4,25
174063,174087,174092,5,24
174063,174089,174093,4,26
174063,174088,174093,5,25
174063,174090,174093,3,27
174063,174090,174093,3,27
174063,174092,174093,1,29
174063,174090,174093,3,27
174063,174089,174094,5,26
174063,174092,174094,2,29
174063,174089,174094,5,26
174063,174090,174093,3,27
174063,174090,174094,4,27
174063,174090,174093,3,27
174063,174089,174094,5,26
174063,174089,174094,5,26
174063,174089,174094,5,26
174063,174089,174094,5,26
174063,174092,174094,2,29
174063,174091,174095,4,28
174063,174092,174094,2,29
174063,174092,174094,2,29
174063,174092,174094,2,29
174063,174091,174095,4,28
174063,174092,174095,3,29
174063,174090,174095,5,27
174063,174091,174095,4,28
174063,174091,174095,4,28
174063,174091,174095,4,28
174063,174091,174095,4,28
174063,174090,174095,5,27
174063,174091,174095,4,28
174063,174092,174095,3,29
174063,174093,174096,3,30
174063,174090,174096,6,27
174063,174092,174096,4,29
174063,174092,174096,4,29
174063,174093,174096,3,30
174063,174093,174097,4,30
174063,174094,174096,2,31
174063,174094,174096,2,31
174063,174094,174097,3,31
174063,174093,174097,4,30
174063,174094,174097,3,31
174063,174094,174096,2,31
174063,174093,174096,3,30
174063,174093,174097,4,30
174063,174093,174097,4,30
174063,174092,174097,5,29
174063,174093,174097,4,30
174063,174091,174097,6,28
174063,174093,174097,4,30
174063,174094,174097,3,31
174063,174094,174097,3,31
174063,174093,174097,4,30
174063,174094,174097,3,31
174063,174095,174098,3,32
174063,174094,174097,3,31
174063,174095,174098,3,32
174063,174094,174097,3,31
174063,174093,174097,4,30
174063,174094,174098,4,31
174063,174095,174098,3,32
174063,174094,174098,4,31
174063,174093,174098,5,30
174063,174095,174098,3,32
174063,174095,174098,3,32
174063,174095,174098,3,32
174063,174095,174099,4,32
174063,174095,174099,4,32
174063,174096,174099,3,33
174063,174095,174099,4,32
174063,174096,174099,3,33
174063,174096,174099,3,33
174063,174094,174100,6,31
174063,174095,174099,4,32
174063,174097,174100,3,34
174071,174099,174100,1,28
174063,174095,174099,4,32
174063,174096,174099,3,33
174063,174096,174099,3,33
174063,174097,174100,3,34
174063,174097,174100,3,34
174063,174097,174100,3,34
174063,174097,174100,3,34
174063,174097,174100,3,34
174063,174096,174100,4,33
174063,174096,174100,4,33
174063,174097,174100,3,34
174063,174098,174101,3,35
174063,174097,174100,3,34
174071,174099,174100,1,28
174071,174099,174100,1,28
174071,174099,174101,2,28
174063,174097,174100,3,34
174071,174098,174100,2,27
174071,174098,174101,3,27
174063,174097,174100,3,34
174071,174098,174101,3,27
174071,174099,174101,2,28
174063,174097,174101,4,34
174063,174097,174101,4,34
174063,174097,174101,4,34
174063,174097,174101,4,34
174063,174097,174101,4,34
174071,174098,174101,3,27
174071,174098,174101,3,27
174071,174098,174101,3,27
174071,174098,174101,3,27
174071,174098,174101,3,27
174071,174098,174102,4,27
174071,174098,174102,4,27
174063,174097,174101,4,34
174071,174099,174102,3,28
174071,174099,174102,3,28
174071,174099,174102,3,28
174071,174100,174103,3,29
174071,174101,174103,2,30
174071,174100,174103,3,29
174071,174100,174102,2,29
174071,174100,174103,3,29
174071,174099,174103,4,28
174071,174099,174103,4,28
174071,174100,174103,3,29
174071,174100,174103,3,29
174071,174102,174103,1,31
174071,174102,174103,1,31
174071,174099,174103,4,28
174071,174101,174104,3,30
174071,174101,174103,2,30
174071,174101,174103,2,30
174071,174100,174103,3,29
174071,174101,174103,2,30
174071,174102,174104,2,31
174071,174101,174104,3,30
174071,174101,174104,3,30
174071,174100,174103,3,29
174071,174100,174104,4,29
174071,174100,174103,3,29
174071,174101,174104,3,30
174071,174100,174104,4,29
174071,174100,174104,4,29
174071,174100,174104,4,29
174071,174101,174104,3,30
174071,174100,174104,4,29
174071,174101,174104,3,30
174071,174101,174104,3,30
174071,174102,174105,3,31
174071,174101,174104,3,30
174071,174101,174105,4,30
174071,174102,174105,3,31
174071,174101,174106,5,30
174071,174101,174105,4,30
174071,174102,174106,4,31
174071,174102,174106,4,31
174071,174102,174106,4,31
174071,174102,174106,4,31
174071,174103,174106,3,32
174071,174103,174107,4,32
174071,174103,174107,4,32
174071,174104,174107,3,33
174071,174104,174107,3,33
174071,174103,174107,4,32
174071,174102,174107,5,31
174071,174104,174107,3,33
174071,174104,174107,3,33
174071,174104,174107,3,33
174071,174104,174106,2,33
174071,174104,174107,3,33
174071,174103,174107,4,32
174071,174105,174108,3,34
174071,174103,174108,5,32
174071,174103,174107,4,32
174071,174105,174108,3,34
174071,174104,174107,3,33
174071,174104,174107,3,33
174071,174104,174107,3,33
174071,174104,174107,3,33
174071,174104,174107,3,33
174071,174104,174108,4,33
174071,174104,174108,4,33
174071,174104,174107,3,33
174071,174104,174108,4,33
174071,174103,174107,4,32
174071,174104,174108,4,33
174071,174104,174108,4,33
174071,174104,174108,4,33
174071,174105,174108,3,34
174071,174105,174108,3,34
174071,174106,174108,2,35
174071,174106,174108,2,35
174071,174105,174108,3,34
174071,174106,174108,2,35
174071,174106,174108,2,35
174071,174105,174108,3,34
174071,174108,174109,1,37
174071,174106,174109,3,35
174071,174107,174109,2,36
174071,174107,174109,2,36
174071,174106,174109,3,35
174071,174107,174110,3,36
174071,174108,174110,2,37
174071,174105,174110,5,34
174071,174107,174110,3,36
174071,174107,174110,3,36
174071,174107,174110,3,36
174071,174107,174110,3,36
174071,174107,174110,3,36
174071,174107,174110,3,36
174071,174107,174110,3,36
174071,174108,174110,2,37
174071,174108,174110,2,37
174071,174108,174110,2,37
174071,174107,174111,4,36
174071,174107,174110,3,36
174071,174107,174110,3,36
174071,174108,174111,3,37
173199,173199,174113,914,0
174071,174102,174115,13,31
173255,173271,174136,865,16
173202,173202,174138,936,0
174136,174136,174139,3,0
174136,174136,174138,2,0
174136,174136,174139,3,0
174136,174136,174139,3,0
174136,174136,174140,4,0
174136,174136,174140,4,0
174136,174136,174139,3,0
174136,174136,174140,4,0
174136,174136,174140,4,0
174136,174136,174140,4,0
174136,174136,174140,4,0
174136,174136,174139,3,0
174136,174136,174140,4,0
174136,174136,174140,4,0
174136,174136,174140,4,0
174136,174136,174140,4,0
174136,174136,174140,4,0
174136,174136,174140,4,0
174136,174136,174140,4,0
174136,174136,174139,3,0
174136,174136,174140,4,0
174136,174136,174140,4,0
174136,174137,174141,4,1
174136,174137,174140,3,1
174136,174137,174141,4,1
174136,174137,174141,4,1
174136,174137,174140,3,1
174136,174137,174140,3,1
174136,174136,174141,5,0
174136,174136,174140,4,0
174136,174136,174140,4,0
174136,174136,174140,4,0
174136,174136,174141,5,0
174136,174136,174141,5,0
174136,174136,174141,5,0
174136,174136,174141,5,0
174136,174137,174141,4,1
174136,174136,174141,5,0
174136,174136,174141,5,0
174136,174137,174142,5,1
174136,174136,174142,6,0
174136,174139,174142,3,3
174136,174138,174142,4,2
174136,174139,174142,3,3
174136,174136,174143,7,0
174136,174139,174143,4,3
174136,174140,174143,3,4
174136,174140,174143,3,4
174136,174140,174143,3,4
174136,174139,174143,4,3
174136,174140,174143,3,4
174136,174137,174141,4,1
174136,174140,174144,4,4
174136,174140,174144,4,4
174136,174140,174144,4,4
174136,174140,174144,4,4
174136,174140,174144,4,4
174136,174140,174144,4,4
173252,173271,174144,873,19
174136,174140,174144,4,4
174136,174140,174144,4,4
174136,174141,174144,3,5
174136,174141,174144,3,5
174136,174140,174144,4,4
174136,174140,174144,4,4
174136,174140,174144,4,4
174136,174140,174144,4,4
174136,174141,174145,4,5
174136,174141,174144,3,5
174136,174141,174144,3,5
174136,174141,174144,3,5
174136,174141,174145,4,5
174136,174140,174144,4,4
174136,174140,174145,5,4
174136,174143,174145,2,7
174136,174141,174145,4,5
174136,174141,174145,4,5
174136,174141,174145,4,5
174136,174141,174145,4,5
174136,174143,174146,3,7
174136,174142,174146,4,6
174136,174142,174146,4,6
174136,174143,174147,4,7
174136,174144,174146,2,8
174136,174144,174146,2,8
174136,174144,174146,2,8
174136,174143,174146,3,7
174136,174143,174146,3,7
174136,174144,174147,3,8
174136,174144,174148,4,8
174136,174143,174147,4,7
174136,174144,174147,3,8
174136,174145,174147,2,9
174136,174145,174147,2,9
174136,174145,174147,2,9
174136,174145,174147,2,9
174136,174145,174147,2,9
174136,174145,174147,2,9
174136,174144,174147,3,8
174136,174145,174148,3,9
174136,174145,174147,2,9
174136,174145,174147,2,9
174136,174144,174147,3,8
174136,174144,174148,4,8
174136,174144,174147,3,8
174136,174145,174148,3,9
174136,174144,174148,4,8
174136,174144,174148,4,8
174136,174146,174148,2,10
174136,174145,174149,4,9
174136,174143,174148,5,7
174136,174144,174148,4,8
174136,174146,174148,2,10
174136,174146,174149,3,10
174136,174146,174148,2,10
174136,174144,174149,5,8
174136,174144,174148,4,8
174136,174145,174149,4,9
174136,174145,174149,4,9
174136,174145,174149,4,9
174136,174146,174149,3,10
174136,174146,174149,3,10
174136,174146,174149,3,10
174136,174147,174150,3,11
174136,174147,174150,3,11
174136,174148,174150,2,12
174136,174148,174151,3,12
174136,174147,174151,4,11
174136,174147,174151,4,11
174136,174147,174150,3,11
174136,174147,174150,3,11
174136,174147,174150,3,11
174136,174148,174150,2,12
174136,174148,174151,3,12
174136,174148,174151,3,12
174136,174148,174151,3,12
174136,174147,174151,4,11
174136,174149,174151,2,13
174136,174148,174151,3,12
174136,174149,174151,2,13
174136,174148,174151,3,12
174136,174147,174151,4,11
174136,174148,174151,3,12
174136,174148,174151,3,12
174136,174148,174151,3,12
174136,174148,174151,3,12
174136,174148,174151,3,12
174136,174149,174152,3,13
174136,174148,174151,3,12
174136,174148,174151,3,12
174136,174149,174152,3,13
174136,174149,174152,3,13
174136,174149,174152,3,13
174136,174148,174152,4,12
174136,174149,174153,4,13
174136,174149,174152,3,13
174136,174150,174153,3,14
174136,174150,174152,2,14
174136,174148,174153,5,12
174136,174149,174153,4,13
174136,174150,174153,3,14
174136,174150,174153,3,14
174136,174149,174154,5,13
174136,174149,174153,4,13
174136,174151,174153,2,15
174136,174150,174153,3,14
174136,174150,174153,3,14
174136,174152,174154,2,16
174136,174150,174153,3,14
174136,174151,174154,3,15
174136,174150,174153,3,14
174136,174149,174153,4,13
174136,174151,174155,4,15
174136,174151,174155,4,15
174136,174151,174154,3,15
174136,174152,174154,2,16
174136,174152,174155,3,16
174136,174151,174155,4,15
174136,174151,174155,4,15
174136,174152,174155,3,16
174136,174152,174155,3,16
174136,174152,174156,4,16
174136,174152,174155,3,16
174136,174152,174155,3,16
174136,174153,174155,2,17
174136,174151,174156,5,15
174136,174151,174156,5,15
174136,174152,174156,4,16
174136,174152,174155,3,16
174136,174152,174156,4,16
174136,174152,174156,4,16
174136,174152,174156,4,16
174136,174152,174156,4,16
174136,174154,174156,2,18
174136,174154,174156,2,18
174136,174154,174156,2,18
174136,174154,174156,2,18
174136,174154,174157,3,18
174136,174153,174156,3,17
174136,174154,174157,3,18
174136,174153,174157,4,17
174136,174154,174157,3,18
174136,174153,174157,4,17
174136,174153,174156,3,17
174136,174154,174157,3,18
174136,174153,174156,3,17
174136,174153,174156,3,17
174136,174153,174156,3,17
174136,174154,174157,3,18
174136,174154,174157,3,18
174136,174154,174157,3,18
174136,174154,174157,3,18
174136,174154,174158,4,18
174136,174154,174158,4,18
174136,174154,174157,3,18
174136,174155,174157,2,19
174136,174154,174158,4,18
174136,174155,174158,3,19
174136,174155,174157,2,19
174136,174155,174158,3,19
174136,174155,174158,3,19
174136,174156,174158,2,20
174136,174155,174159,4,19
174136,174156,174159,3,20
174136,174155,174159,4,19
174136,174156,174159,3,20
174136,174156,174159,3,20
174136,174156,174159,3,20
174136,174156,174159,3,20
174136,174156,174159,3,20
174136,174156,174159,3,20
174136,174156,174159,3,20
174136,174156,174159,3,20
174156,174157,174159,2,1
174156,174156,174159,3,0
174136,174156,174159,3,20
174156,174157,174160,3,1
174156,174157,174160,3,1
174136,174156,174159,3,20
174136,174156,174160,4,20
174156,174157,174160,3,1
174136,174156,174159,3,20
174156,174157,174160,3,1
174156,174156,174160,4,0
174156,174156,174160,4,0
174156,174158,174160,2,2
174156,174158,174160,2,2
174156,174158,174161,3,2
174156,174157,174160,3,1
174156,174157,174161,4,1
174156,174157,174161,4,1
174156,174157,174161,4,1
174156,174157,174160,3,1
174156,174157,174161,4,1
174156,174157,174160,3,1
174156,174158,174161,3,2
174156,174158,174161,3,2
174156,174158,174161,3,2
174156,174158,174162,4,2
174156,174158,174161,3,2
174156,174159,174162,3,3
174156,174158,174162,4,2
174156,174158,174161,3,2
174156,174159,174161,2,3
174156,174158,174162,4,2
174156,174159,174162,3,3
174156,174159,174163,4,3
174156,174159,174163,4,3
174156,174158,174163,5,2
174156,174159,174163,4,3
174156,174159,174163,4,3
174156,174159,174163,4,3
174156,174159,174163,4,3
174156,174159,174163,4,3
174156,174160,174164,4,4
174136,174137,174157,20,1
174136,174137,174156,19,1
174136,174137,174157,20,1
174156,174160,174164,4,4
174156,174159,174164,5,3
174156,174161,174164,3,5
174156,174159,174164,5,3
174156,174159,174164,5,3
174156,174160,174164,4,4
174156,174160,174164,4,4
174156,174162,174164,2,6
174156,174162,174164,2,6
174156,174161,174164,3,5
174156,174161,174164,3,5
174156,174162,174164,2,6
174156,174160,174164,4,4
174156,174161,174164,3,5
174156,174161,174164,3,5
174156,174161,174164,3,5
174156,174160,174165,5,4
174156,174161,174165,4,5
174156,174160,174164,4,4
174156,174162,174165,3,6
174156,174162,174165,3,6
174156,174162,174165,3,6
174156,174162,174164,2,6
174156,174161,174165,4,5
174156,174162,174165,3,6
174156,174161,174165,4,5
174156,174161,174165,4,5
174156,174162,174165,3,6
174156,174161,174165,4,5
174156,174163,174166,3,7
174156,174162,174166,4,6
174156,174161,174165,4,5
174156,174162,174165,3,6
174156,174161,174166,5,5
174156,174164,174167,3,8
174156,174164,174166,2,8
174156,174164,174166,2,8
174156,174164,174167,3,8
174136,174164,174167,3,28
174156,174164,174167,3,8
174156,174163,174167,4,7
174156,174163,174167,4,7
174156,174165,174167,2,9
174156,174163,174167,4,7
174156,174164,174167,3,8
174156,174164,174167,3,8
174156,174165,174167,2,9
174156,174165,174168,3,9
174156,174165,174167,2,9
174156,174165,174167,2,9
174156,174165,174167,2,9
174156,174164,174167,3,8
174156,174165,174167,2,9
174156,174165,174168,3,9
174156,174165,174168,3,9
174156,174165,174167,2,9
174156,174164,174168,4,8
174156,174164,174167,3,8
174156,174165,174168,3,9
174156,174165,174168,3,9
174156,174165,174168,3,9
174156,174164,174168,4,8
174156,174164,174168,4,8
174156,174165,174168,3,9
174156,174164,174168,4,8
174156,174165,174168,3,9
174156,174165,174168,3,9
174156,174166,174169,3,10
174156,174166,174169,3,10
174156,174165,174168,3,9
174156,174164,174168,4,8
174156,174166,174169,3,10
174156,174165,174169,4,9
174156,174165,174168,3,9
174156,174166,174169,3,10
174156,174166,174169,3,10
174156,174165,174169,4,9
174156,174166,174169,3,10
174156,174166,174169,3,10
174156,174167,174170,3,11
174156,174167,174169,2,11
174156,174165,174169,4,9
174156,174168,174170,2,12
174156,174166,174169,3,10
174156,174167,174170,3,11
174156,174167,174170,3,11
174156,174167,174170,3,11
174156,174168,174171,3,12
174156,174168,174170,2,12
174156,174168,174171,3,12
174156,174167,174170,3,11
174156,174168,174171,3,12
174156,174168,174170,2,12
174156,174168,174171,3,12
174156,174168,174171,3,12
174156,174169,174171,2,13
174156,174167,174171,4,11
174156,174168,174171,3,12
174156,174167,174171,4,11
174156,174170,174171,1,14
174156,174167,174171,4,11
174156,174168,174171,3,12
174156,174168,174171,3,12
174156,174169,174171,2,13
174156,174168,174172,4,12
174156,174169,174172,3,13
174156,174168,174172,4,12
174156,174169,174172,3,13
174156,174168,174172,4,12
174156,174168,174172,4,12
174156,174169,174172,3,13
174156,174168,174172,4,12
174156,174169,174172,3,13
174156,174169,174172,3,13
174156,174168,174172,4,12
174156,174170,174172,2,14
174156,174170,174172,2,14
174156,174170,174172,2,14
174156,174169,174172,3,13
174156,174169,174172,3,13
174156,174171,174172,1,15
174156,174169,174172,3,13
174156,174170,174173,3,14
174156,174171,174173,2,15
174156,174171,174173,2,15
174156,174170,174173,3,14
174156,174171,174173,2,15
174156,174169,174173,4,13
174156,174170,174173,3,14
174156,174168,174173,5,12
174156,174171,174173,2,15
174156,174170,174173,3,14
174156,174171,174173,2,15
174156,174170,174173,3,14
174156,174170,174174,4,14
174156,174171,174174,3,15
174156,174170,174174,4,14
174156,174170,174174,4,14
174156,174172,174175,3,16
174156,174172,174175,3,16
174156,174172,174175,3,16
174156,174171,174175,4,15
174156,174171,174175,4,15
174156,174171,174174,3,15
174156,174171,174175,4,15
174156,174171,174175,4,15
174156,174171,174175,4,15
174156,174173,174176,3,17
174156,174172,174175,3,16
174156,174173,174176,3,17
174156,174171,174176,5,15
174156,174172,174175,3,16
174156,174171,174176,5,15
174156,174172,174176,4,16
174156,174172,174176,4,16
174156,174172,174176,4,16
174156,174172,174176,4,16
174156,174172,174176,4,16
174156,174172,174176,4,16
174156,174173,174176,3,17
174156,174173,174176,3,17
174156,174173,174176,3,17
174156,174173,174176,3,17
174156,174173,174176,3,17
174156,174174,174176,2,18
174156,174173,174176,3,17
174156,174173,174176,3,17
174156,174173,174176,3,17
174156,174173,174177,4,17
174156,174173,174176,3,17
174156,174173,174176,3,17
174156,174172,174177,5,16
174156,174173,174177,4,17
174156,174173,174177,4,17
174156,174174,174177,3,18
174156,174173,174177,4,17
174156,174174,174177,3,18
174156,174174,174178,4,18
174156,174175,174178,3,19
174156,174173,174177,4,17
174156,174173,174177,4,17
174156,174174,174178,4,18
174156,174174,174178,4,18
174156,174174,174178,4,18
174156,174176,174178,2,20
174156,174176,174178,2,20
174156,174174,174178,4,18
174156,174176,174179,3,20
174156,174176,174178,2,20
174156,174176,174178,2,20
174156,174175,174178,3,19
174156,174176,174178,2,20
174157,174177,174178,1,20
174156,174176,174178,2,20
174156,174176,174178,2,20
174157,174177,174178,1,20
174156,174175,174178,3,19
174156,174175,174178,3,19
174157,174177,174178,1,20
174156,174175,174179,4,19
174156,174176,174179,3,20
174157,174177,174178,1,20
174156,174177,174179,2,21
174156,174177,174179,2,21
174157,174178,174179,1,21
174156,174176,174179,3,20
174156,174177,174179,2,21
174157,174177,174180,3,20
174157,174177,174179,2,20
174157,174177,174180,3,20
174157,174177,174180,3,20
174157,174177,174180,3,20
174157,174177,174180,3,20
174157,174178,174180,2,21
174157,174177,174180,3,20
174157,174177,174180,3,20
174157,174177,174180,3,20
174157,174177,174180,3,20
174157,174178,174180,2,21
174156,174177,174180,3,21
174157,174178,174180,2,21
174157,174178,174180,2,21
174157,174178,174180,2,21
174157,174178,174180,2,21
174157,174177,174180,3,20
174157,174178,174181,3,21
174157,174178,174181,3,21
173340,173347,174182,835,7
174157,174179,174182,3,22
174157,174178,174182,4,21
174157,174179,174182,3,22
174157,174179,174181,2,22
174157,174179,174182,3,22
174157,174180,174182,2,23
174157,174179,174182,3,22
174157,174179,174182,3,22
174157,174179,174182,3,22
174157,174179,174183,4,22
174157,174179,174182,3,22
174157,174179,174183,4,22
174157,174179,174182,3,22
174157,174179,174182,3,22
174157,174178,174182,4,21
174157,174179,174183,4,22
174157,174179,174182,3,22
174157,174178,174182,4,21
174157,174179,174183,4,22
174157,174178,174183,5,21
174157,174178,174183,5,21
174157,174180,174183,3,23
174157,174180,174183,3,23
174157,174180,174184,4,23
174157,174180,174183,3,23
174157,174180,174184,4,23
174157,174181,174184,3,24
174157,174180,174183,3,23
174157,174180,174184,4,23
174157,174180,174183,3,23
174157,174181,174183,2,24
174157,174181,174183,2,24
174157,174180,174184,4,23
174157,174181,174184,3,24
174157,174181,174184,3,24
174157,174180,174184,4,23
174157,174181,174185,4,24
174157,174181,174184,3,24
174157,174181,174184,3,24
174157,174181,174184,3,24
174157,174181,174185,4,24
174157,174181,174184,3,24
174157,174182,174185,3,25
174157,174181,174184,3,24
174157,174182,174185,3,25
174157,174183,174185,2,26
174157,174183,174185,2,26
174157,174181,174185,4,24
174157,174183,174186,3,26
174157,174184,174185,1,27
174157,174181,174186,5,24
174157,174181,174185,4,24
174157,174183,174186,3,26
174157,174183,174186,3,26
174157,174182,174185,3,25
174157,174183,174185,2,26
174157,174183,174185,2,26
174157,174182,174185,3,25
174157,174183,174186,3,26
174157,174183,174185,2,26
174157,174183,174186,3,26
174157,174184,174186,2,27
174157,174184,174186,2,27
174157,174183,174186,3,26
174157,174184,174187,3,27
174157,174184,174186,2,27
174157,174182,174187,5,25
174157,174183,174186,3,26
174157,174184,174187,3,27
174157,174182,174186,4,25
174157,174183,174187,4,26
174157,174183,174186,3,26
174157,174183,174187,4,26
174157,174184,174187,3,27
174157,174184,174187,3,27
174157,174184,174187,3,27
174157,174184,174187,3,27
174157,174184,174188,4,27
174157,174184,174187,3,27
174157,174185,174188,3,28
174157,174184,174187,3,27
174157,174185,174188,3,28
174157,174184,174187,3,27
174157,174185,174188,3,28
174157,174184,174187,3,27
174157,174185,174187,2,28
174157,174185,174188,3,28
174157,174185,174188,3,28
174157,174185,174188,3,28
174157,174186,174188,2,29
174157,174186,174188,2,29
174157,174185,174188,3,28
174157,174185,174188,3,28
174157,174185,174188,3,28
174157,174185,174189,4,28
174157,174186,174189,3,29
173205,173226,174213,987,21
174215,174215,174218,3,0
174215,174215,174218,3,0
174215,174215,174218,3,0
174215,174215,174217,2,0
174215,174215,174218,3,0
174215,174215,174218,3,0
174215,174215,174217,2,0
174215,174215,174218,3,0
174215,174216,174218,2,1
174215,174216,174218,2,1
174215,174216,174219,3,1
174215,174216,174219,3,1
174215,174216,174219,3,1
174215,174215,174219,4,0
174215,174215,174218,3,0
174215,174215,174219,4,0
174215,174215,174218,3,0
174215,174215,174219,4,0
174215,174215,174219,4,0
174215,174215,174219,4,0
174215,174215,174219,4,0
174215,174215,174219,4,0
174215,174215,174218,3,0
174215,174215,174219,4,0
174215,174215,174219,4,0
174215,174215,174218,3,0
174215,174215,174219,4,0
174215,174215,174219,4,0
174215,174215,174219,4,0
174215,174215,174219,4,0
174215,174215,174219,4,0
174215,174215,174219,4,0
174215,174215,174219,4,0
174215,174215,174218,3,0
174215,174215,174219,4,0
174215,174215,174219,4,0
174215,174215,174218,3,0
174215,174216,174219,3,1
174215,174216,174219,3,1
174215,174216,174219,3,1
174215,174216,174219,3,1
174215,174215,174220,5,0
174215,174215,174220,5,0
174215,174215,174219,4,0
174215,174215,174219,4,0
174215,174215,174220,5,0
174215,174218,174220,2,3
174215,174218,174220,2,3
174215,174218,174220,2,3
174215,174215,174220,5,0
174215,174215,174220,5,0
174215,174218,174221,3,3
174215,174218,174220,2,3
174215,174218,174221,3,3
174215,174218,174221,3,3
174215,174218,174222,4,3
174215,174220,174223,3,5
174215,174219,174223,4,4
174215,174219,174223,4,4
174215,174219,174223,4,4
174215,174219,174223,4,4
174215,174219,174223,4,4
174215,174219,174223,4,4
174215,174220,174223,3,5
174215,174219,174223,4,4
174215,174219,174223,4,4
174215,174219,174222,3,4
174215,174219,174223,4,4
174215,174219,174223,4,4
174215,174220,174223,3,5
174215,174219,174223,4,4
174215,174219,174223,4,4
174215,174219,174223,4,4
174215,174219,174223,4,4
174215,174220,174223,3,5
174215,174219,174223,4,4
174215,174219,174223,4,4
174215,174219,174223,4,4
174215,174219,174223,4,4
174215,174219,174223,4,4
174215,174219,174223,4,4
174215,174220,174223,3,5
174215,174219,174223,4,4
174215,174219,174224,5,4
174215,174220,174223,3,5
174215,174220,174223,3,5
174215,174219,174223,4,4
174215,174219,174224,5,4
174215,174220,174224,4,5
174215,174219,174223,4,4
174215,174219,174224,5,4
174215,174221,174224,3,6
174215,174220,174224,4,5
174215,174220,174224,4,5
174215,174220,174224,4,5
174215,174219,174224,5,4
174215,174221,174224,3,6
174215,174220,174224,4,5
174215,174224,174225,1,9
174215,174224,174225,1,9
174215,174224,174225,1,9
174215,174220,174225,5,5
174215,174221,174225,4,6
174215,174221,174225,4,6
174215,174221,174225,4,6
174215,174223,174225,2,8
174215,174223,174226,3,8
174215,174224,174226,2,9
174215,174223,174226,3,8
174215,174223,174226,3,8
174215,174224,174226,2,9
174215,174223,174226,3,8
174215,174223,174226,3,8
174215,174223,174226,3,8
174215,174223,174226,3,8
173212,173226,174226,1000,14
174215,174223,174226,3,8
174215,174223,174226,3,8
174215,174224,174226,2,9
174215,174224,174226,2,9
174215,174224,174227,3,9
174215,174224,174226,2,9
174215,174224,174227,3,9
174215,174224,174227,3,9
174215,174224,174228,4,9
174215,174225,174227,2,10
174215,174223,174227,4,8
174215,174225,174227,2,10
174215,174225,174228,3,10
174215,174223,174227,4,8
174215,174224,174227,3,9
174215,174223,174227,4,8
174215,174225,174227,2,10
174215,174224,174227,3,9
174215,174224,174227,3,9
174215,174224,174227,3,9
174215,174224,174227,3,9
174215,174224,174227,3,9
174215,174224,174227,3,9
174215,174224,174227,3,9
174215,174224,174228,4,9
174215,174226,174228,2,11
174215,174225,174228,3,10
174215,174226,174228,2,11
174215,174225,174229,4,10
174215,174225,174229,4,10
174215,174225,174229,4,10
174215,174226,174229,3,11
174215,174226,174229,3,11
174215,174227,174229,2,12
174215,174227,174230,3,12
174215,174226,174229,3,11
174215,174226,174229,3,11
174215,174227,174229,2,12
174215,174227,174229,2,12
174215,174227,174230,3,12
174215,174226,174230,4,11
174215,174225,174229,4,10
174215,174226,174230,4,11
174215,174227,174230,3,12
174215,174228,174231,3,13
174215,174227,174230,3,12
174215,174228,174230,2,13
174215,174227,174230,3,12
174215,174227,174230,3,12
174215,174227,174230,3,12
174215,174228,174231,3,13
174215,174227,174231,4,12
174215,174227,174230,3,12
174215,174228,174230,2,13
174215,174228,174230,2,13
174215,174227,174230,3,12
174215,174227,174231,4,12
174215,174227,174231,4,12
174215,174228,174231,3,13
174215,174228,174231,3,13
174215,174228,174231,3,13
174215,174228,174231,3,13
174215,174228,174231,3,13
174215,174228,174231,3,13
174215,174228,174231,3,13
174215,174228,174232,4,13
174215,174228,174232,4,13
174215,174229,174232,3,14
174215,174229,174232,3,14
174215,174229,174232,3,14
174215,174230,174233,3,15
174215,174230,174232,2,15
174215,174230,174232,2,15
174215,174228,174232,4,13
174215,174229,174233,4,14
174215,174230,174233,3,15
174215,174229,174233,4,14
174215,174230,174233,3,15
174215,174228,174232,4,13
174215,174229,174233,4,14
174215,174228,174232,4,13
174215,174229,174233,4,14
174215,174230,174233,3,15
174215,174229,174233,4,14
174215,174230,174233,3,15
174215,174230,174233,3,15
174215,174231,174234,3,16
174215,174231,174234,3,16
174215,174230,174233,3,15
174215,174230,174233,3,15
174215,174230,174233,3,15
174215,174231,174234,3,16
174215,174231,174234,3,16
174215,174232,174234,2,17
174215,174231,174234,3,16
174215,174231,174234,3,16
174215,174232,174234,2,17
174215,174232,174234,2,17
174215,174231,174234,3,16
174215,174232,174234,2,17
174215,174231,174234,3,16
174215,174231,174234,3,16
174215,174232,174235,3,17
174215,174231,174234,3,16
174215,174231,174234,3,16
174215,174232,174235,3,17
174215,174233,174235,2,18
174215,174233,174235,2,18
174215,174232,174235,3,17
174215,174231,174235,4,16
174215,174233,174235,2,18
174215,174231,174235,4,16
174215,174231,174235,4,16
174215,174232,174235,3,17
174215,174231,174235,4,16
174215,174233,174236,3,18
174215,174233,174236,3,18
174215,174233,174236,3,18
174215,174233,174236,3,18
174215,174232,174235,3,17
174215,174233,174236,3,18
174215,174233,174236,3,18
174234,174235,174238,3,1
174234,174235,174237,2,1
174234,174235,174237,2,1
174234,174235,174237,2,1
174234,174235,174238,3,1
174234,174236,174238,2,2
174234,174235,174237,2,1
174234,174235,174238,3,1
174234,174235,174238,3,1
174234,174235,174238,3,1
174234,174235,174239,4,1
174234,174235,174238,3,1
174234,174235,174239,4,1
174234,174235,174238,3,1
174234,174235,174238,3,1
174234,174236,174239,3,2
174234,174235,174238,3,1
174234,174235,174238,3,1
174234,174235,174238,3,1
174234,174235,174238,3,1
174234,174236,174238,2,2
174234,174236,174238,2,2
174234,174235,174239,4,1
174234,174236,174238,2,2
174234,174235,174238,3,1
174234,174235,174238,3,1
174234,174235,174239,4,1
174234,174236,174239,3,2
174234,174236,174238,2,2
174234,174235,174238,3,1
174234,174235,174238,3,1
174234,174235,174238,3,1
174234,174236,174238,2,2
174234,174236,174238,2,2
174234,174235,174239,4,1
174234,174235,174238,3,1
174234,174236,174239,3,2
174234,174235,174239,4,1
174234,174236,174240,4,2
174234,174238,174240,2,4
174234,174235,174239,4,1
174234,174238,174239,1,4
174234,174236,174239,3,2
174234,174237,174240,3,3
174234,174238,174239,1,4
174234,174236,174239,3,2
174234,174236,174239,3,2
174234,174236,174239,3,2
174234,174238,174241,3,4
174234,174239,174241,2,5
174234,174239,174241,2,5
174234,174238,174242,4,4
174234,174238,174241,3,4
174234,174239,174242,3,5
174234,174238,174241,3,4
174234,174239,174242,3,5
174234,174238,174241,3,4
174234,174239,174242,3,5
174234,174239,174242,3,5
174234,174239,174242,3,5
174234,174239,174242,3,5
174234,174239,174242,3,5
174234,174239,174242,3,5
174234,174239,174242,3,5
174234,174239,174242,3,5
174234,174239,174242,3,5
174234,174239,174243,4,5
174234,174239,174243,4,5
174234,174240,174243,3,6
174234,174240,174242,2,6
174234,174239,174243,4,5
174234,174239,174242,3,5
174234,174239,174242,3,5
174234,174239,174242,3,5
174234,174240,174242,2,6
174234,174239,174243,4,5
174234,174239,174243,4,5
174234,174240,174243,3,6
174234,174239,174243,4,5
174234,174239,174242,3,5
174234,174240,174243,3,6
174234,174239,174242,3,5
174234,174239,174243,4,5
174234,174240,174243,3,6
174234,174239,174243,4,5
174234,174241,174244,3,7
174234,174241,174244,3,7
174234,174240,174243,3,6
174234,174240,174243,3,6
174234,174240,174243,3,6
174234,174239,174244,5,5
174234,174239,174243,4,5
174234,174239,174244,5,5
174234,174240,174243,3,6
174234,174240,174243,3,6
174234,174242,174245,3,8
174235,174244,174245,1,9
174234,174242,174245,3,8
174215,174219,174224,5,4
174234,174242,174245,3,8
174234,174242,174245,3,8
174234,174242,174245,3,8
174234,174243,174246,3,9
174235,174244,174245,1,9
174234,174242,174246,4,8
174234,174243,174246,3,9
174234,174243,174246,3,9
174234,174243,174245,2,9
174235,174244,174245,1,9
174234,174242,174245,3,8
174235,174244,174245,1,9
174235,174244,174246,2,9
174234,174243,174246,3,9
174234,174243,174246,3,9
174234,174243,174246,3,9
174234,174243,174246,3,9
174234,174243,174246,3,9
174234,174242,174245,3,8
174234,174243,174245,2,9
174234,174243,174246,3,9
174234,174243,174246,3,9
174234,174242,174246,4,8
174235,174243,174246,3,8
174235,174243,174246,3,8
174235,174245,174247,2,10
174234,174243,174246,3,9
174235,174243,174247,4,8
174235,174243,174247,4,8
174235,174243,174247,4,8
174234,174243,174246,3,9
174234,174243,174247,4,9
174234,174243,174246,3,9
174235,174243,174246,3,8
174235,174243,174247,4,8
174235,174243,174247,4,8
174235,174244,174247,3,9
174235,174244,174247,3,9
174235,174244,174248,4,9
174235,174245,174248,3,10
174235,174244,174247,3,9
174235,174244,174248,4,9
174235,174243,174248,5,8
174235,174246,174249,3,11
174235,174246,174249,3,11
174235,174246,174249,3,11
174215,174245,174248,3,30
174215,174245,174249,4,30
174235,174245,174249,4,10
174235,174246,174249,3,11
174235,174244,174248,4,9
174235,174246,174249,3,11
174235,174246,174249,3,11
174235,174246,174249,3,11
174235,174246,174250,4,11
174235,174246,174250,4,11
174235,174246,174250,4,11
174235,174246,174250,4,11
174235,174246,174250,4,11
174235,174245,174249,4,10
174235,174246,174250,4,11
174235,174246,174250,4,11
174235,174245,174250,5,10
174235,174245,174250,5,10
174235,174246,174250,4,11
174235,174246,174250,4,11
174235,174247,174250,3,12
174235,174246,174250,4,11
174235,174246,174250,4,11
174235,174247,174250,3,12
174235,174247,174250,3,12
174235,174245,174250,5,10
174235,174246,174250,4,11
174235,174246,174250,4,11
174235,174246,174250,4,11
174235,174246,174250,4,11
174235,174248,174250,2,13
174235,174248,174251,3,13
174235,174247,174251,4,12
174235,174247,174251,4,12
174235,174247,174251,4,12
174235,174248,174251,3,13
174235,174248,174251,3,13
174235,174248,174251,3,13
174235,174248,174251,3,13
174235,174247,174251,4,12
174235,174248,174251,3,13
174235,174250,174252,2,15
174235,174248,174252,4,13
174235,174250,174252,2,15
174235,174250,174252,2,15
174235,174249,174252,3,14
174235,174250,174252,2,15
174235,174248,174252,4,13
174235,174249,174253,4,14
174235,174250,174252,2,15
174235,174249,174252,3,14
174235,174250,174252,2,15
174235,174249,174253,4,14
174235,174249,174253,4,14
174235,174250,174253,3,15
174235,174249,174253,4,14
174235,174251,174253,2,16
174235,174249,174253,4,14
174235,174251,174253,2,16
174235,174249,174253,4,14
174235,174249,174253,4,14
174235,174251,174253,2,16
174235,174251,174253,2,16
174235,174251,174253,2,16
174235,174251,174253,2,16
174235,174251,174253,2,16
174235,174250,174254,4,15
174235,174250,174254,4,15
174235,174250,174254,4,15
174235,174249,174254,5,14
174235,174250,174254,4,15
174235,174251,174254,3,16
174235,174251,174254,3,16
174235,174251,174254,3,16
174235,174251,174254,3,16
174235,174251,174255,4,16
174235,174251,174255,4,16
174235,174252,174254,2,17
174235,174252,174255,3,17
174235,174252,174254,2,17
174235,174251,174255,4,16
174235,174251,174255,4,16
174235,174252,174255,3,17
174235,174251,174255,4,16
174235,174251,174255,4,16
174235,174252,174255,3,17
174235,174252,174255,3,17
174235,174253,174255,2,18
173385,173392,174255,863,7
174235,174253,174255,2,18
174235,174252,174255,3,17
174235,174252,174255,3,17
174235,174253,174255,2,18
174235,174252,174255,3,17
174235,174252,174255,3,17
174235,174252,174256,4,17
174235,174252,174256,4,17
174235,174253,174256,3,18
174235,174252,174256,4,17
174292,174292,174293,1,0
174292,174292,174294,2,0
174292,174292,174294,2,0
174292,174292,174294,2,0
174292,174292,174294,2,0
174292,174292,174295,3,0
174292,174292,174295,3,0
174292,174292,174295,3,0
174292,174292,174294,2,0
174292,174292,174295,3,0
174292,174292,174295,3,0
174292,174292,174296,4,0
174292,174292,174295,3,0
174292,174292,174296,4,0
174292,174292,174295,3,0
174292,174292,174296,4,0
174292,174292,174296,4,0
174292,174292,174296,4,0
174292,174292,174295,3,0
174292,174292,174295,3,0
174292,174292,174296,4,0
174292,174292,174296,4,0
174292,174292,174296,4,0
174292,174292,174295,3,0
174292,174292,174296,4,0
174292,174292,174296,4,0
174292,174292,174296,4,0
174292,174292,174296,4,0
174292,174292,174296,4,0
174292,174292,174295,3,0
174292,174292,174295,3,0
174292,174292,174296,4,0
174292,174294,174296,2,2
174292,174292,174295,3,0
174292,174292,174295,3,0
174292,174292,174295,3,0
174292,174292,174296,4,0
174292,174292,174296,4,0
174292,174294,174296,2,2
174292,174292,174296,4,0
174292,174292,174296,4,0
174292,174292,174296,4,0
174292,174292,174296,4,0
174292,174292,174296,4,0
174292,174294,174297,3,2
174292,174292,174297,5,0
174292,174292,174297,5,0
174292,174292,174297,5,0
174292,174292,174296,4,0
174292,174292,174296,4,0
174292,174294,174296,2,2
174292,174292,174297,5,0
174292,174295,174298,3,3
174292,174294,174297,3,2
174292,174295,174298,3,3
174292,174296,174299,3,4
174292,174295,174299,4,3
174292,174296,174299,3,4
174292,174295,174299,4,3
174292,174295,174299,4,3
174292,174296,174299,3,4
174292,174296,174299,3,4
174292,174295,174298,3,3
174292,174296,174299,3,4
174292,174296,174299,3,4
174292,174296,174298,2,4
174292,174297,174300,3,5
174292,174296,174299,3,4
174292,174296,174300,4,4
174292,174296,174299,3,4
174292,174296,174299,3,4
174292,174296,174300,4,4
174292,174296,174299,3,4
174292,174296,174299,3,4
174292,174296,174300,4,4
174292,174296,174300,4,4
174292,174296,174299,3,4
174292,174296,174300,4,4
174292,174297,174300,3,5
174292,174297,174300,3,5
174292,174296,174300,4,4
174292,174296,174300,4,4
174292,174297,174300,3,5
174292,174297,174300,3,5
174292,174296,174300,4,4
174292,174296,174300,4,4
174292,174297,174300,3,5
174292,174297,174300,3,5
174292,174296,174300,4,4
174292,174298,174301,3,6
174292,174298,174300,2,6
174292,174296,174300,4,4
174292,174297,174301,4,5
174292,174297,174301,4,5
174292,174298,174301,3,6
174292,174296,174300,4,4
174292,174296,174300,4,4
174292,174297,174300,3,5
174292,174296,174301,5,4
174292,174296,174300,4,4
174292,174297,174300,3,5
174292,174297,174301,4,5
174292,174299,174302,3,7
174292,174298,174302,4,6
174292,174299,174302,3,7
174292,174299,174302,3,7
174292,174299,174302,3,7
174292,174299,174302,3,7
174292,174299,174302,3,7
174292,174299,174302,3,7
174292,174299,174302,3,7
174292,174299,174303,4,7
174292,174299,174302,3,7
174292,174300,174303,3,8
174292,174299,174302,3,7
174292,174300,174303,3,8
174292,174300,174303,3,8
174292,174300,174303,3,8
174292,174300,174304,4,8
174292,174300,174303,3,8
174303,174303,174305,2,0
174303,174303,174306,3,0
174303,174303,174305,2,0
174303,174303,174305,2,0
174303,174303,174306,3,0
174303,174303,174306,3,0
174303,174303,174306,3,0
174303,174303,174307,4,0
174303,174303,174306,3,0
174303,174303,174307,4,0
174303,174303,174307,4,0
174303,174303,174307,4,0
174303,174303,174307,4,0
174303,174303,174307,4,0
174303,174303,174307,4,0
174303,174303,174307,4,0
174303,174303,174307,4,0
174303,174303,174307,4,0
174303,174303,174306,3,0
174303,174303,174307,4,0
174303,174303,174307,4,0
174303,174303,174307,4,0
174303,174304,174307,3,1
174303,174303,174307,4,0
174303,174303,174307,4,0
174303,174303,174307,4,0
174303,174303,174307,4,0
174303,174303,174307,4,0
174303,174303,174307,4,0
174303,174303,174307,4,0
174303,174303,174307,4,0
174303,174303,174307,4,0
174303,174303,174308,5,0
174303,174303,174308,5,0
174303,174303,174307,4,0
174303,174303,174308,5,0
174303,174303,174308,5,0
174303,174303,174307,4,0
174303,174303,174308,5,0
174303,174303,174308,5,0
174303,174303,174307,4,0
174303,174303,174307,4,0
174303,174303,174307,4,0
174303,174303,174308,5,0
174303,174303,174308,5,0
174303,174303,174307,4,0
174303,174304,174307,3,1
174303,174306,174309,3,3
174303,174306,174309,3,3
174303,174306,174309,3,3
174303,174305,174309,4,2
174303,174306,174309,3,3
174303,174306,174309,3,3
174303,174307,174310,3,4
174303,174307,174310,3,4
174303,174307,174310,3,4
174303,174307,174310,3,4
174303,174307,174310,3,4
174303,174307,174310,3,4
174303,174306,174310,4,3
174303,174308,174310,2,5
174303,174307,174310,3,4
174303,174308,174310,2,5
174303,174307,174310,3,4
174303,174307,174310,3,4
174303,174308,174311,3,5
173432,173440,174311,871,8
174303,174307,174311,4,4
174303,174308,174310,2,5
174303,174308,174311,3,5
174303,174307,174311,4,4
174303,174307,174311,4,4
174303,174307,174311,4,4
174303,174308,174311,3,5
174303,174308,174311,3,5
174303,174307,174311,4,4
174303,174307,174311,4,4
174303,174308,174311,3,5
174303,174308,174311,3,5
174303,174307,174311,4,4
174303,174308,174311,3,5
174303,174307,174311,4,4
174303,174308,174311,3,5
174303,174308,174311,3,5
174303,174307,174311,4,4
174303,174307,174312,5,4
174303,174308,174311,3,5
174303,174308,174311,3,5
174303,174307,174312,5,4
174303,174308,174312,4,5
174303,174308,174312,4,5
174303,174310,174312,2,7
174303,174308,174312,4,5
174303,174310,174312,2,7
174303,174310,174312,2,7
174303,174307,174312,5,4
174303,174310,174313,3,7
174303,174308,174312,4,5
174303,174310,174312,2,7
174303,174310,174312,2,7
174303,174310,174313,3,7
174303,174310,174313,3,7
174303,174310,174313,3,7
174303,174310,174313,3,7
174303,174310,174313,3,7
174303,174310,174313,3,7
174303,174312,174313,1,9
174303,174311,174313,2,8
174303,174311,174313,2,8
174303,174308,174313,5,5
174303,174311,174313,2,8
174303,174310,174314,4,7
174303,174311,174314,3,8
174303,174311,174314,3,8
174303,174311,174314,3,8
174303,174311,174314,3,8
174303,174311,174314,3,8
174303,174310,174314,4,7
174303,174311,174314,3,8
174303,174312,174314,2,9
174303,174311,174314,3,8
174315,174315,174318,3,0
174315,174315,174317,2,0
174315,174315,174317,2,0
174315,174315,174317,2,0
174315,174315,174317,2,0
174315,174315,174319,4,0
174315,174315,174319,4,0
174315,174315,174318,3,0
174315,174315,174318,3,0
174315,174315,174318,3,0
174315,174315,174318,3,0
174315,174315,174319,4,0
174315,174315,174318,3,0
174315,174315,174318,3,0
174315,174315,174319,4,0
174315,174315,174318,3,0
174315,174315,174319,4,0
174315,174315,174318,3,0
174315,174315,174318,3,0
174315,174315,174318,3,0
174315,174315,174318,3,0
174315,174315,174319,4,0
174315,174315,174318,3,0
174315,174315,174319,4,0
174315,174315,174319,4,0
174315,174315,174319,4,0
174315,174315,174319,4,0
174315,174315,174319,4,0
174315,174315,174319,4,0
174315,174315,174320,5,0
174315,174315,174320,5,0
174315,174315,174320,5,0
174315,174315,174319,4,0
174315,174315,174319,4,0
174315,174315,174319,4,0
174315,174315,174319,4,0
174315,174315,174319,4,0
174315,174315,174319,4,0
174315,174315,174319,4,0
174315,174315,174319,4,0
174315,174315,174320,5,0
174315,174315,174319,4,0
174315,174315,174320,5,0
174315,174315,174320,5,0
174315,174315,174320,5,0
174315,174315,174320,5,0
174315,174315,174320,5,0
174315,174319,174322,3,4
174315,174319,174321,2,4
174315,174319,174322,3,4
174315,174319,174322,3,4
174315,174318,174322,4,3
174315,174318,174322,4,3
174315,174318,174321,3,3
174315,174318,174322,4,3
174315,174318,174322,4,3
174315,174319,174322,3,4
174315,174319,174322,3,4
174315,174320,174323,3,5
174315,174320,174323,3,5
173388,173404,174322,918,16
174315,174319,174323,4,4
174315,174320,174323,3,5
174315,174319,174323,4,4
174315,174319,174323,4,4
174315,174319,174323,4,4
174315,174319,174323,4,4
174315,174319,174323,4,4
174315,174319,174323,4,4
174315,174319,174322,3,4
174315,174320,174324,4,5
174315,174319,174323,4,4
174315,174320,174323,3,5
174315,174320,174324,4,5
174315,174320,174324,4,5
174315,174320,174324,4,5
174315,174320,174324,4,5
174315,174320,174324,4,5
174315,174320,174323,3,5
174315,174321,174324,3,6
174315,174319,174323,4,4
174315,174319,174323,4,4
174315,174320,174324,4,5
174315,174320,174324,4,5
174315,174319,174324,5,4
174315,174320,174324,4,5
174315,174320,174324,4,5
174315,174320,174323,3,5
174315,174320,174324,4,5
174315,174320,174324,4,5
174315,174320,174325,5,5
174315,174320,174325,5,5
174315,174322,174325,3,7
174315,174322,174324,2,7
174315,174322,174325,3,7
174315,174322,174324,2,7
174315,174322,174325,3,7
174315,174322,174324,2,7
174315,174320,174325,5,5
174315,174322,174325,3,7
174315,174322,174325,3,7
174315,174322,174325,3,7
174315,174320,174325,5,5
174315,174323,174326,3,8
174315,174320,174325,5,5
174315,174323,174326,3,8
174315,174323,174326,3,8
174315,174322,174326,4,7
174315,174323,174326,3,8
174315,174323,174326,3,8
174315,174323,174326,3,8
174315,174323,174326,3,8
174315,174323,174326,3,8
174315,174322,174326,4,7
174315,174323,174326,3,8
174315,174324,174327,3,9
174315,174324,174327,3,9
174315,174323,174326,3,8
174315,174324,174327,3,9
174315,174323,174326,3,8
174315,174323,174327,4,8
173500,173507,174357,850,7
174362,174363,174365,2,1
174362,174363,174365,2,1
174362,174362,174364,2,0
174362,174362,174365,3,0
174362,174362,174364,2,0
174362,174362,174365,3,0
174362,174362,174365,3,0
174362,174362,174364,2,0
174362,174362,174366,4,0
174362,174362,174366,4,0
174362,174362,174366,4,0
174362,174362,174366,4,0
174362,174362,174366,4,0
174362,174362,174366,4,0
174362,174362,174366,4,0
174362,174362,174366,4,0
174362,174362,174366,4,0
174362,174362,174366,4,0
174362,174362,174366,4,0
174362,174362,174366,4,0
174362,174362,174366,4,0
174362,174362,174366,4,0
174362,174362,174366,4,0
174362,174362,174366,4,0
174362,174362,174366,4,0
174362,174362,174366,4,0
174362,174362,174365,3,0
174362,174362,174366,4,0
174362,174362,174366,4,0
174362,174362,174365,3,0
174362,174362,174366,4,0
174362,174363,174367,4,1
174362,174362,174367,5,0
174362,174362,174367,5,0
174362,174363,174367,4,1
174362,174363,174367,4,1
174362,174362,174366,4,0
174362,174362,174366,4,0
174362,174362,174366,4,0
174362,174362,174366,4,0
174362,174365,174367,2,3
174362,174362,174366,4,0
174362,174362,174367,5,0
174362,174362,174367,5,0
174362,174362,174367,5,0
174362,174362,174367,5,0
174362,174363,174367,4,1
174362,174363,174367,4,1
174362,174363,174367,4,1
174362,174365,174368,3,3
174362,174365,174368,3,3
174362,174365,174368,3,3
174362,174367,174369,2,5
174362,174365,174368,3,3
174362,174367,174369,2,5
174362,174367,174369,2,5
174362,174367,174369,2,5
174362,174367,174369,2,5
174362,174367,174369,2,5
174362,174365,174369,4,3
174362,174366,174370,4,4
174362,174366,174369,3,4
174362,174365,174369,4,3
174362,174366,174369,3,4
174362,174366,174369,3,4
174362,174366,174369,3,4
174362,174366,174370,4,4
174362,174366,174370,4,4
174362,174367,174370,3,5
174362,174365,174370,5,3
174362,174368,174370,2,6
174362,174368,174370,2,6
174362,174367,174370,3,5
174362,174367,174370,3,5
174362,174367,174370,3,5
174362,174367,174370,3,5
174362,174367,174370,3,5
174362,174367,174370,3,5
174362,174366,174370,4,4
174362,174368,174370,2,6
174362,174366,174370,4,4
174362,174366,174370,4,4
174362,174366,174370,4,4
174362,174366,174370,4,4
174362,174366,174370,4,4
174362,174368,174370,2,6
174362,174366,174370,4,4
174362,174368,174370,2,6
174362,174368,174371,3,6
174362,174368,174370,2,6
174362,174367,174371,4,5
174362,174367,174371,4,5
174362,174369,174371,2,7
174362,174366,174371,5,4
174362,174369,174371,2,7
174362,174369,174371,2,7
174362,174368,174372,4,6
174362,174368,174371,3,6
174362,174367,174371,4,5
174362,174368,174371,3,6
174362,174369,174372,3,7
174362,174369,174372,3,7
174362,174371,174372,1,9
174362,174369,174372,3,7
174362,174370,174373,3,8
174362,174370,174373,3,8
174362,174370,174373,3,8
174362,174370,174372,2,8
174362,174370,174372,2,8
174362,174370,174372,2,8
174362,174370,174372,2,8
174362,174370,174372,2,8
174362,174370,174373,3,8
174362,174370,174373,3,8
174362,174370,174373,3,8
174362,174369,174373,4,7
174362,174370,174373,3,8
174362,174371,174373,2,9
174362,174370,174373,3,8
174362,174371,174374,3,9
174362,174371,174374,3,9
174362,174371,174374,3,9
174362,174370,174374,4,8
174362,174371,174374,3,9
174362,174371,174375,4,9
174362,174371,174374,3,9
174362,174371,174374,3,9
174362,174372,174374,2,10
174362,174371,174374,3,9
174362,174371,174374,3,9
174362,174372,174375,3,10
174362,174371,174374,3,9
174362,174372,174375,3,10
174362,174371,174374,3,9
174362,174371,174374,3,9
174362,174371,174375,4,9
174362,174373,174375,2,11
174362,174371,174375,4,9
174362,174371,174374,3,9
174362,174371,174374,3,9
174362,174372,174374,2,10
174362,174372,174374,2,10
174362,174371,174375,4,9
174362,174372,174374,2,10
174362,174371,174375,4,9
174362,174373,174376,3,11
174362,174372,174376,4,10
174362,174374,174376,2,12
174362,174372,174375,3,10
174362,174373,174375,2,11
174362,174373,174375,2,11
174362,174373,174375,2,11
174362,174374,174376,2,12
174362,174373,174376,3,11
174362,174374,174376,2,12
174362,174373,174376,3,11
174362,174373,174376,3,11
174362,174373,174376,3,11
174362,174373,174376,3,11
174362,174373,174377,4,11
174362,174374,174377,3,12
174362,174373,174377,4,11
174362,174372,174377,5,10
174362,174372,174377,5,10
174362,174373,174377,4,11
174362,174374,174377,3,12
174362,174373,174377,4,11
174362,174374,174378,4,12
174362,174375,174378,3,13
174362,174375,174377,2,13
174362,174375,174378,3,13
174362,174375,174378,3,13
174362,174375,174378,3,13
174362,174375,174378,3,13
174362,174374,174378,4,12
174362,174374,174378,4,12
174362,174375,174378,3,13
174362,174375,174378,3,13
174362,174375,174379,4,13
174362,174375,174378,3,13
174362,174375,174378,3,13
174362,174375,174378,3,13
174362,174375,174378,3,13
174362,174376,174379,3,14
174362,174376,174379,3,14
174362,174375,174379,4,13
174362,174375,174378,3,13
174362,174375,174379,4,13
174362,174376,174379,3,14
174362,174375,174379,4,13
174362,174375,174379,4,13
174362,174375,174379,4,13
174362,174375,174378,3,13
174362,174375,174379,4,13
174362,174376,174379,3,14
174362,174375,174379,4,13
174362,174376,174379,3,14
174362,174376,174380,4,14
174362,174375,174379,4,13
174362,174376,174380,4,14
174362,174377,174381,4,15
174362,174377,174381,4,15
174362,174377,174381,4,15
174362,174377,174381,4,15
174362,174377,174380,3,15
174362,174377,174380,3,15
174362,174379,174381,2,17
174362,174378,174380,2,16
174362,174378,174380,2,16
174362,174377,174380,3,15
174362,174377,174380,3,15
174362,174377,174381,4,15
174362,174378,174381,3,16
174362,174378,174381,3,16
173452,173460,174381,921,8
174362,174378,174381,3,16
174362,174378,174381,3,16
174362,174379,174381,2,17
174362,174377,174380,3,15
174362,174378,174381,3,16
174362,174379,174381,2,17
174362,174378,174381,3,16
174362,174378,174381,3,16
174362,174378,174381,3,16
174362,174379,174381,2,17
174362,174379,174381,2,17
174362,174379,174381,2,17
174362,174379,174382,3,17
174362,174379,174382,3,17
174362,174379,174381,2,17
174362,174379,174381,2,17
174362,174379,174381,2,17
174362,174378,174381,3,16
174362,174379,174381,2,17
174362,174377,174382,5,15
174362,174377,174381,4,15
174362,174378,174381,3,16
174362,174379,174381,2,17
174362,174379,174382,3,17
174362,174379,174381,2,17
174362,174378,174382,4,16
174408,174408,174410,2,0
174408,174408,174410,2,0
174408,174408,174410,2,0
174408,174408,174410,2,0
174408,174408,174410,2,0
174408,174408,174410,2,0
174408,174408,174412,4,0
174408,174408,174411,3,0
174408,174408,174411,3,0
174408,174408,174412,4,0
174408,174408,174411,3,0
174408,174408,174411,3,0
174408,174408,174412,4,0
174408,174408,174411,3,0
174408,174408,174411,3,0
174408,174408,174411,3,0
174408,174408,174411,3,0
174408,174408,174412,4,0
174408,174408,174411,3,0
174408,174408,174412,4,0
174408,174408,174411,3,0
174408,174408,174412,4,0
174408,174408,174412,4,0
174408,174408,174412,4,0
174408,174408,174412,4,0
174408,174408,174411,3,0
174408,174408,174411,3,0
174408,174408,174411,3,0
174408,174408,174411,3,0
174408,174408,174411,3,0
174408,174408,174412,4,0
174408,174408,174413,5,0
174408,174408,174412,4,0
174408,174408,174412,4,0
174408,174408,174412,4,0
174408,174408,174412,4,0
174408,174408,174412,4,0
174408,174408,174412,4,0
174408,174408,174412,4,0
174408,174408,174412,4,0
174408,174408,174412,4,0
174408,174408,174413,5,0
174408,174408,174412,4,0
174408,174408,174412,4,0
174408,174408,174412,4,0
174408,174408,174413,5,0
174408,174408,174413,5,0
174408,174412,174414,2,4
174408,174410,174413,3,2
174408,174411,174414,3,3
174408,174411,174415,4,3
174408,174412,174415,3,4
174408,174411,174414,3,3
174408,174412,174415,3,4
174408,174412,174415,3,4
174408,174411,174415,4,3
174408,174411,174415,4,3
174408,174412,174415,3,4
174408,174412,174416,4,4
174408,174412,174416,4,4
174408,174412,174415,3,4
174408,174412,174416,4,4
174408,174413,174416,3,5
174408,174413,174416,3,5
174408,174413,174416,3,5
174408,174412,174416,4,4
174408,174412,174415,3,4
174408,174412,174416,4,4
174408,174412,174415,3,4
174408,174412,174416,4,4
174408,174412,174416,4,4
174408,174413,174416,3,5
174408,174412,174416,4,4
174408,174412,174416,4,4
174408,174412,174416,4,4
174408,174412,174416,4,4
174408,174413,174417,4,5
174408,174413,174417,4,5
174408,174413,174416,3,5
174408,174413,174416,3,5
174408,174413,174417,4,5
174408,174413,174416,3,5
174408,174413,174417,4,5
174408,174414,174417,3,6
174408,174414,174416,2,6
174408,174412,174416,4,4
174408,174413,174417,4,5
174408,174412,174416,4,4
174408,174413,174416,3,5
174408,174413,174417,4,5
174408,174413,174416,3,5
174408,174414,174417,3,6
174408,174412,174417,5,4
174408,174412,174416,4,4
174408,174413,174417,4,5
174408,174412,174417,5,4
174408,174413,174416,3,5
174408,174415,174418,3,7
174408,174415,174418,3,7
174408,174415,174418,3,7
174408,174415,174418,3,7
174408,174415,174417,2,7
174408,174415,174418,3,7
174408,174416,174418,2,8
174408,174415,174417,2,7
174408,174416,174418,2,8
174408,174416,174419,3,8
174408,174416,174419,3,8
174408,174416,174419,3,8
174408,174416,174419,3,8
174408,174415,174418,3,7
174408,174416,174419,3,8
174408,174416,174419,3,8
174408,174416,174419,3,8
174408,174416,174419,3,8
174408,174416,174419,3,8
174408,174416,174419,3,8
174408,174416,174419,3,8
174408,174416,174419,3,8
174408,174416,174420,4,8
173504,173519,174442,923,15
174447,174447,174450,3,0
174447,174447,174450,3,0
174447,174447,174450,3,0
174447,174447,174450,3,0
174447,174447,174450,3,0
174447,174447,174450,3,0
174447,174447,174450,3,0
174447,174448,174450,2,1
174447,174447,174450,3,0
174447,174447,174451,4,0
174447,174447,174450,3,0
174447,174447,174451,4,0
174447,174447,174451,4,0
174447,174447,174451,4,0
174447,174447,174451,4,0
174447,174447,174450,3,0
174447,174447,174451,4,0
174447,174447,174451,4,0
174447,174447,174451,4,0
174447,174447,174451,4,0
174447,174447,174451,4,0
174447,174447,174451,4,0
174447,174447,174451,4,0
174447,174447,174451,4,0
174447,174447,174451,4,0
174447,174447,174451,4,0
174447,174447,174450,3,0
174447,174447,174450,3,0
174447,174447,174451,4,0
174447,174447,174451,4,0
174447,174448,174451,3,1
174447,174448,174452,4,1
174447,174448,174451,3,1
174447,174448,174452,4,1
174447,174447,174452,5,0
174447,174447,174452,5,0
174447,174447,174451,4,0
174447,174447,174452,5,0
174447,174447,174451,4,0
174447,174447,174451,4,0
174447,174447,174452,5,0
174447,174447,174451,4,0
174447,174447,174452,5,0
174447,174447,174452,5,0
174447,174447,174452,5,0
174447,174450,174453,3,3
174447,174450,174453,3,3
174447,174447,174453,6,0
174447,174450,174454,4,3
174447,174451,174454,3,4
174447,174451,174454,3,4
174447,174451,174454,3,4
174447,174450,174454,4,3
174447,174452,174454,2,5
174447,174452,174454,2,5
174447,174451,174454,3,4
174447,174450,174454,4,3
174447,174450,174454,4,3
174447,174452,174455,3,5
174447,174452,174454,2,5
174447,174452,174454,2,5
174447,174452,174455,3,5
174447,174451,174455,4,4
174447,174451,174455,4,4
174447,174451,174455,4,4
174447,174450,174455,5,3
174447,174450,174455,5,3
174447,174452,174455,3,5
174447,174451,174455,4,4
174447,174452,174455,3,5
174447,174452,174455,3,5
174447,174452,174455,3,5
174447,174451,174455,4,4
174447,174452,174455,3,5
174447,174453,174455,2,6
174447,174452,174455,3,5
174447,174453,174456,3,6
174447,174451,174455,4,4
174447,174452,174456,4,5
174447,174453,174455,2,6
174447,174453,174456,3,6
174447,174453,174456,3,6
174447,174453,174456,3,6
174447,174453,174456,3,6
174447,174454,174457,3,7
173563,173588,174457,869,25
174447,174453,174456,3,6
174447,174453,174456,3,6
174447,174453,174456,3,6
174447,174455,174457,2,8
174447,174454,174457,3,7
174447,174455,174457,2,8
174447,174456,174457,1,9
174447,174452,174456,4,5
174447,174452,174456,4,5
174447,174452,174456,4,5
174447,174452,174455,3,5
174447,174455,174457,2,8
174447,174455,174457,2,8
174447,174455,174458,3,8
174447,174456,174458,2,9
174447,174455,174458,3,8
174447,174456,174458,2,9
174447,174456,174458,2,9
174447,174455,174457,2,8
174447,174456,174457,1,9
174447,174455,174458,3,8
174447,174455,174457,2,8
174447,174456,174458,2,9
174447,174456,174458,2,9
174447,174455,174457,2,8
174447,174456,174458,2,9
174447,174455,174457,2,8
174447,174455,174457,2,8
174447,174454,174458,4,7
174447,174456,174458,2,9
174447,174456,174459,3,9
174447,174456,174458,2,9
174457,174458,174459,1,1
174447,174456,174459,3,9
174447,174456,174459,3,9
174457,174458,174460,2,1
174447,174458,174460,2,11
174457,174458,174461,3,1
174457,174457,174461,4,0
174457,174457,174461,4,0
174457,174457,174461,4,0
174457,174458,174461,3,1
174457,174457,174460,3,0
174457,174457,174461,4,0
174457,174457,174461,4,0
174457,174458,174461,3,1
174457,174457,174461,4,0
174457,174457,174461,4,0
174457,174458,174461,3,1
174457,174457,174461,4,0
174457,174458,174461,3,1
174457,174457,174461,4,0
174457,174457,174461,4,0
174457,174457,174461,4,0
174457,174458,174461,3,1
174457,174458,174462,4,1
174457,174457,174462,5,0
174457,174458,174462,4,1
174457,174458,174461,3,1
174457,174458,174462,4,1
174457,174459,174463,4,2
174457,174460,174463,3,3
174457,174458,174461,3,1
174457,174458,174463,5,1
174457,174458,174462,4,1
174457,174458,174462,4,1
174457,174458,174462,4,1
174457,174458,174463,5,1
174457,174459,174463,4,2
174457,174458,174463,5,1
174457,174458,174463,5,1
174457,174458,174463,5,1
174457,174460,174463,3,3
174457,174458,174463,5,1
174457,174458,174463,5,1
174457,174459,174463,4,2
174457,174460,174463,3,3
174457,174461,174463,2,4
174457,174458,174464,6,1
174457,174461,174464,3,4
174457,174459,174464,5,2
174457,174463,174464,1,6
174457,174463,174465,2,6
174457,174461,174465,4,4
174457,174461,174465,4,4
174457,174461,174465,4,4
174457,174461,174465,4,4
174457,174461,174465,4,4
174457,174461,174465,4,4
174457,174461,174465,4,4
174457,174461,174465,4,4
174457,174461,174465,4,4
174457,174461,174465,4,4
174457,174461,174465,4,4
173619,173625,174465,840,6
174457,174463,174466,3,6
174457,174464,174466,2,7
174457,174464,174466,2,7
174457,174461,174466,5,4
174457,174461,174466,5,4
174457,174461,174466,5,4
174457,174462,174466,4,5
174457,174462,174466,4,5
174457,174464,174466,2,7
174457,174464,174466,2,7
174457,174462,174466,4,5
174457,174464,174466,2,7
174457,174464,174466,2,7
174457,174464,174466,2,7
174457,174462,174466,4,5
174457,174462,174466,4,5
174457,174463,174467,4,6
174457,174464,174467,3,7
174457,174464,174467,3,7
174457,174464,174467,3,7
174457,174464,174467,3,7
174457,174464,174467,3,7
174457,174465,174467,2,8
174457,174464,174467,3,7
174457,174464,174467,3,7
174457,174464,174467,3,7
174457,174464,174467,3,7
174457,174465,174468,3,8
174457,174464,174468,4,7
174457,174463,174468,5,6
174457,174464,174468,4,7
174457,174466,174468,2,9
174457,174465,174468,3,8
174457,174465,174468,3,8
174457,174466,174469,3,9
174457,174466,174469,3,9
174457,174465,174469,4,8
174457,174467,174469,2,10
174457,174467,174469,2,10
174457,174466,174469,3,9
174457,174466,174469,3,9
174457,174466,174469,3,9
174457,174466,174469,3,9
174457,174466,174469,3,9
174457,174466,174470,4,9
174457,174467,174469,2,10
174457,174467,174469,2,10
174457,174467,174469,2,10
174457,174467,174470,3,10
174457,174467,174470,3,10
174457,174466,174470,4,9
174457,174466,174470,4,9
174457,174467,174470,3,10
174457,174466,174470,4,9
174457,174467,174470,3,10
174457,174467,174470,3,10
174457,174467,174470,3,10
174457,174467,174470,3,10
174457,174467,174470,3,10
174457,174466,174470,4,9
174457,174467,174470,3,10
173540,173568,174475,907,28
173560,173588,174481,893,28
174493,174493,174496,3,0
174493,174493,174496,3,0
174493,174493,174496,3,0
174493,174493,174496,3,0
174493,174493,174496,3,0
174493,174493,174496,3,0
174493,174493,174496,3,0
174493,174493,174496,3,0
174493,174494,174496,2,1
174493,174494,174497,3,1
174493,174494,174497,3,1
174493,174494,174497,3,1
174493,174494,174497,3,1
174493,174493,174497,4,0
174493,174493,174497,4,0
174493,174493,174497,4,0
174493,174493,174497,4,0
174493,174493,174497,4,0
174493,174493,174497,4,0
174493,174493,174497,4,0
174493,174493,174497,4,0
174493,174493,174497,4,0
174493,174493,174497,4,0
174493,174494,174498,4,1
174493,174494,174498,4,1
174493,174493,174498,5,0
174493,174493,174498,5,0
174493,174493,174497,4,0
174493,174493,174498,5,0
174493,174493,174498,5,0
174493,174493,174498,5,0
174493,174493,174498,5,0
174493,174493,174498,5,0
174493,174493,174499,6,0
174493,174497,174499,2,4
174493,174493,174499,6,0
174493,174498,174499,1,5
174493,174497,174499,2,4
174493,174496,174500,4,3
174493,174498,174500,2,5
174493,174498,174500,2,5
174493,174498,174500,2,5
174493,174497,174500,3,4
174493,174497,174500,3,4
174493,174497,174500,3,4
174493,174498,174501,3,5
174493,174499,174501,2,6
174493,174498,174501,3,5
174493,174498,174501,3,5
174493,174498,174501,3,5
174493,174499,174501,2,6
174493,174499,174501,2,6
174493,174498,174501,3,5
174493,174498,174501,3,5
174493,174499,174501,2,6
174493,174498,174502,4,5
174493,174499,174501,2,6
174493,174498,174501,3,5
174493,174498,174501,3,5
174493,174499,174502,3,6
174493,174497,174501,4,4
174493,174497,174501,4,4
174493,174499,174502,3,6
174493,174499,174502,3,6
174493,174499,174502,3,6
174493,174499,174502,3,6
174493,174498,174502,4,5
174493,174500,174503,3,7
174493,174500,174503,3,7
174493,174501,174504,3,8
174493,174500,174504,4,7
174493,174501,174504,3,8
174493,174500,174504,4,7
174493,174500,174504,4,7
174493,174501,174503,2,8
174493,174502,174503,1,9
174493,174502,174504,2,9
174493,174502,174505,3,9
174493,174501,174504,3,8
174493,174501,174504,3,8
174493,174502,174504,2,9
174493,174502,174504,2,9
174493,174501,174504,3,8
174493,174501,174504,3,8
174493,174502,174505,3,9
174493,174502,174505,3,9
174493,174502,174504,2,9
174493,174502,174505,3,9
174493,174501,174504,3,8
174493,174503,174505,2,10
174493,174504,174505,1,11
174493,174502,174506,4,9
174493,174502,174505,3,9
174493,174503,174505,2,10
174493,174504,174506,2,11
174493,174502,174505,3,9
174493,174502,174505,3,9
174493,174503,174506,3,10
174493,174502,174505,3,9
174493,174502,174505,3,9
174493,174504,174506,2,11
174493,174504,174506,2,11
174493,174504,174506,2,11
174493,174503,174506,3,10
174493,174503,174506,3,10
174493,174504,174507,3,11
174493,174504,174507,3,11
174493,174504,174506,2,11
174493,174506,174508,2,13
174493,174505,174508,3,12
174493,174505,174508,3,12
174493,174506,174508,2,13
174493,174506,174508,2,13
174493,174504,174507,3,11
174493,174504,174507,3,11
174493,174505,174508,3,12
174493,174494,174508,14,1
174493,174505,174508,3,12
174493,174505,174508,3,12
174493,174506,174508,2,13
174493,174505,174509,4,12
174493,174505,174509,4,12
174493,174505,174508,3,12
174493,174506,174508,2,13
174493,174505,174509,4,12
174493,174506,174508,2,13
174493,174506,174509,3,13
174493,174506,174509,3,13
174493,174507,174509,2,14
174493,174506,174509,3,13
174493,174506,174510,4,13
174493,174507,174510,3,14
174493,174506,174510,4,13
174493,174506,174509,3,13
174493,174506,174509,3,13
174493,174494,174510,16,1
174493,174507,174511,4,14
174493,174507,174511,4,14
174493,174508,174511,3,15
174493,174508,174512,4,15
174493,174509,174512,3,16
174493,174507,174511,4,14
174493,174509,174512,3,16
174493,174509,174512,3,16
174493,174509,174512,3,16
174493,174509,174512,3,16
174493,174508,174512,4,15
174493,174507,174511,4,14
174493,174508,174512,4,15
174493,174508,174512,4,15
174493,174508,174512,4,15
174493,174508,174512,4,15
174493,174509,174513,4,16
174493,174510,174513,3,17
174493,174510,174513,3,17
174493,174510,174513,3,17
174493,174508,174512,4,15
174493,174509,174513,4,16
174493,174510,174513,3,17
174493,174509,174513,4,16
174493,174509,174513,4,16
174493,174510,174514,4,17
174493,174510,174514,4,17
174493,174510,174513,3,17
174493,174510,174513,3,17
174493,174510,174513,3,17
174493,174512,174514,2,19
174493,174494,174498,4,1
174493,174494,174499,5,1
174493,174494,174501,7,1
174493,174509,174513,4,16
174493,174512,174514,2,19
174493,174512,174513,1,19
174493,174512,174514,2,19
174493,174509,174514,5,16
174493,174510,174514,4,17
174493,174512,174514,2,19
174493,174512,174514,2,19
174493,174510,174514,4,17
174493,174511,174515,4,18
174493,174510,174514,4,17
174493,174510,174514,4,17
174493,174513,174515,2,20
174493,174511,174515,4,18
174493,174511,174515,4,18
174493,174512,174515,3,19
174493,174511,174515,4,18
174493,174512,174516,4,19
174493,174512,174516,4,19
174493,174512,174516,4,19
174493,174513,174515,2,20
174493,174513,174516,3,20
174493,174513,174516,3,20
174493,174513,174516,3,20
174493,174512,174516,4,19
174493,174513,174516,3,20
174493,174512,174516,4,19
174493,174512,174516,4,19
174493,174513,174516,3,20
174493,174514,174517,3,21
174493,174514,174517,3,21
174493,174514,174517,3,21
174493,174514,174517,3,21
174493,174513,174517,4,20
174493,174514,174517,3,21
174493,174514,174517,3,21
174493,174514,174517,3,21
174493,174514,174517,3,21
174493,174515,174517,2,22
174493,174514,174517,3,21
174493,174514,174517,3,21
174493,174514,174517,3,21
174493,174515,174518,3,22
174493,174515,174518,3,22
174493,174514,174518,4,21
174493,174515,174518,3,22
174493,174514,174517,3,21
174493,174514,174517,3,21
174493,174514,174518,4,21
174493,174514,174518,4,21
174493,174515,174518,3,22
174493,174515,174518,3,22
174493,174516,174518,2,23
174493,174516,174518,2,23
174493,174516,174519,3,23
174493,174516,174518,2,23
174493,174516,174519,3,23
174493,174515,174519,4,22
174493,174516,174519,3,23
174493,174516,174519,3,23
174493,174516,174519,3,23
174493,174514,174519,5,21
174493,174517,174519,2,24
174493,174517,174519,2,24
174493,174517,174519,2,24
174493,174516,174519,3,23
174506,174518,174520,2,12
174506,174518,174520,2,12
174506,174518,174520,2,12
174506,174518,174520,2,12
174506,174519,174520,1,13
174506,174518,174521,3,12
174506,174517,174521,4,11
174506,174517,174520,3,11
174506,174517,174521,4,11
174506,174517,174521,4,11
174506,174518,174521,3,12
174506,174518,174520,2,12
174506,174517,174521,4,11
174506,174517,174520,3,11
174506,174518,174521,3,12
174506,174517,174521,4,11
174506,174518,174521,3,12
174506,174518,174521,3,12
174506,174518,174521,3,12
174506,174518,174521,3,12
174506,174519,174521,2,13
174506,174519,174521,2,13
174506,174519,174521,2,13
174506,174518,174522,4,12
174506,174519,174522,3,13
174506,174519,174522,3,13
174506,174519,174522,3,13
174506,174519,174522,3,13
174506,174519,174523,4,13
174506,174519,174523,4,13
174506,174520,174523,3,14
174506,174521,174524,3,15
174506,174521,174523,2,15
174506,174520,174524,4,14
174506,174520,174524,4,14
174506,174521,174523,2,15
174506,174520,174523,3,14
174506,174521,174523,2,15
174506,174520,174524,4,14
174506,174520,174523,3,14
174506,174521,174524,3,15
174493,174502,174505,3,9
174506,174519,174524,5,13
174506,174519,174524,5,13
174506,174520,174524,4,14
174506,174520,174524,4,14
174506,174522,174524,2,16
174506,174522,174524,2,16
174506,174521,174524,3,15
174506,174520,174524,4,14
174506,174522,174525,3,16
174506,174522,174524,2,16
174506,174521,174524,3,15
174506,174522,174525,3,16
174506,174523,174524,1,17
174506,174523,174525,2,17
174506,174521,174525,4,15
174506,174523,174525,2,17
174506,174521,174525,4,15
174506,174521,174525,4,15
174506,174522,174525,3,16
174506,174522,174525,3,16
174506,174524,174526,2,18
174506,174522,174526,4,16
174506,174523,174526,3,17
174506,174522,174525,3,16
174506,174522,174525,3,16
174506,174522,174525,3,16
174506,174521,174525,4,15
174506,174524,174526,2,18
174506,174524,174526,2,18
174506,174523,174526,3,17
174506,174523,174527,4,17
174506,174524,174527,3,18
174506,174523,174527,4,17
174506,174524,174526,2,18
174506,174524,174526,2,18
174506,174524,174527,3,18
174493,174524,174527,3,31
174506,174524,174527,3,18
174506,174524,174527,3,18
174506,174524,174527,3,18
174506,174524,174527,3,18
174506,174525,174527,2,19
174506,174525,174528,3,19
174506,174525,174528,3,19
174506,174524,174528,4,18
174506,174524,174527,3,18
174506,174525,174528,3,19
174493,174524,174527,3,31
174493,174524,174528,4,31
174506,174524,174528,4,18
174506,174525,174528,3,19
174506,174525,174528,3,19
174506,174525,174528,3,19
174506,174525,174528,3,19
174506,174525,174528,3,19
174506,174525,174528,3,19
174506,174526,174529,3,20
174506,174525,174528,3,19
174506,174526,174528,2,20
174506,174526,174528,2,20
174506,174525,174529,4,19
174506,174525,174528,3,19
174506,174525,174529,4,19
174506,174527,174529,2,21
174506,174525,174528,3,19
174506,174527,174529,2,21
174506,174526,174529,3,20
174506,174526,174529,3,20
174506,174527,174530,3,21
174506,174526,174530,4,20
174506,174526,174529,3,20
174506,174526,174529,3,20
174506,174527,174529,2,21
174506,174527,174529,2,21
174506,174527,174530,3,21
174506,174527,174530,3,21
174506,174527,174530,3,21
174506,174525,174530,5,19
174506,174527,174530,3,21
174506,174527,174530,3,21
174506,174527,174530,3,21
174506,174527,174530,3,21
173639,173646,174549,903,7
174565,174566,174567,1,1
174565,174566,174568,2,1
174565,174566,174569,3,1
174565,174566,174568,2,1
174565,174566,174568,2,1
174565,174566,174569,3,1
174565,174566,174569,3,1
174565,174566,174569,3,1
174565,174566,174569,3,1
174565,174566,174569,3,1
174565,174566,174569,3,1
174565,174566,174570,4,1
174565,174566,174569,3,1
174565,174566,174569,3,1
174565,174566,174569,3,1
174565,174566,174569,3,1
174565,174566,174569,3,1
174565,174566,174569,3,1
174565,174566,174570,4,1
174565,174566,174569,3,1
174565,174566,174569,3,1
174565,174566,174570,4,1
174565,174566,174570,4,1
174565,174566,174570,4,1
174565,174566,174570,4,1
174565,174566,174570,4,1
174565,174566,174570,4,1
174565,174566,174570,4,1
174565,174566,174571,5,1
174565,174566,174570,4,1
174565,174566,174570,4,1
174565,174566,174570,4,1
174565,174566,174570,4,1
174565,174566,174570,4,1
174565,174566,174571,5,1
174565,174568,174571,3,3
174565,174569,174571,2,4
174565,174569,174572,3,4
174565,174569,174573,4,4
174565,174569,174572,3,4
174565,174570,174573,3,5
174565,174570,174573,3,5
174565,174571,174572,1,6
174565,174570,174573,3,5
174565,174570,174573,3,5
174565,174571,174573,2,6
174565,174570,174573,3,5
174565,174571,174573,2,6
173668,173676,174573,897,8
174565,174571,174574,3,6
174565,174570,174573,3,5
174565,174570,174573,3,5
174565,174570,174574,4,5
174565,174570,174574,4,5
174565,174570,174574,4,5
174565,174571,174573,2,6
174565,174570,174574,4,5
174565,174570,174574,4,5
174565,174570,174573,3,5
174565,174570,174574,4,5
174565,174571,174573,2,6
174565,174570,174574,4,5
174565,174570,174574,4,5
174565,174570,174574,4,5
174565,174571,174574,3,6
174565,174571,174574,3,6
174565,174573,174575,2,8
174565,174571,174574,3,6
174565,174571,174575,4,6
174565,174572,174575,3,7
174565,174573,174576,3,8
174565,174573,174575,2,8
173687,173687,174576,889,0
174565,174573,174575,2,8
174565,174566,174576,10,1
174565,174571,174575,4,6
174565,174573,174576,3,8
174565,174572,174576,4,7
174565,174573,174575,2,8
174565,174573,174576,3,8
174565,174572,174576,4,7
174565,174573,174576,3,8
174565,174573,174576,3,8
174565,174573,174576,3,8
174565,174574,174577,3,9
174565,174574,174577,3,9
174565,174573,174576,3,8
174565,174574,174576,2,9
174565,174574,174576,2,9
174565,174573,174577,4,8
174565,174574,174576,2,9
174565,174574,174577,3,9
174565,174574,174577,3,9
174565,174574,174577,3,9
174565,174574,174577,3,9
174565,174573,174576,3,8
174565,174575,174578,3,10
174565,174574,174578,4,9
174565,174574,174577,3,9
174565,174575,174578,3,10
174565,174575,174578,3,10
174565,174574,174578,4,9
174565,174576,174578,2,11
174565,174576,174579,3,11
174565,174576,174578,2,11
174565,174575,174578,3,10
174565,174575,174578,3,10
174565,174575,174578,3,10
174565,174576,174579,3,11
174565,174574,174578,4,9
174565,174575,174578,3,10
174565,174575,174578,3,10
174565,174575,174578,3,10
174565,174576,174579,3,11
174565,174576,174579,3,11
174565,174576,174579,3,11
174565,174576,174579,3,11
174578,174578,174581,3,0
174578,174578,174581,3,0
174578,174578,174580,2,0
174578,174578,174581,3,0
174578,174578,174581,3,0
174578,174578,174581,3,0
174578,174578,174581,3,0
174578,174578,174581,3,0
174578,174578,174582,4,0
174578,174578,174581,3,0
174578,174578,174581,3,0
174578,174578,174581,3,0
174578,174578,174581,3,0
174578,174579,174582,3,1
174578,174579,174581,2,1
174578,174578,174582,4,0
174578,174578,174581,3,0
174578,174578,174581,3,0
174578,174579,174582,3,1
174578,174579,174582,3,1
174578,174578,174582,4,0
174578,174578,174581,3,0
174578,174578,174581,3,0
174578,174578,174582,4,0
174578,174579,174581,2,1
174578,174580,174582,2,2
174578,174578,174581,3,0
174578,174579,174581,2,1
174578,174580,174582,2,2
174578,174580,174582,2,2
174578,174578,174581,3,0
174578,174579,174582,3,1
174578,174579,174582,3,1
174565,174580,174582,2,15
174578,174578,174582,4,0
174578,174579,174582,3,1
174578,174579,174582,3,1
174578,174581,174583,2,3
174578,174581,174584,3,3
174578,174579,174584,5,1
174578,174582,174585,3,4
174578,174582,174584,2,4
174578,174582,174585,3,4
174578,174582,174585,3,4
174578,174582,174584,2,4
174578,174582,174585,3,4
174578,174581,174584,3,3
174578,174581,174584,3,3
174578,174582,174584,2,4
174578,174582,174584,2,4
174578,174582,174585,3,4
174578,174582,174585,3,4
174578,174582,174585,3,4
174578,174581,174585,4,3
174578,174581,174585,4,3
174578,174581,174584,3,3
174578,174581,174585,4,3
174578,174582,174585,3,4
174578,174582,174585,3,4
174578,174582,174586,4,4
174578,174582,174585,3,4
174578,174582,174586,4,4
174578,174582,174586,4,4
174578,174582,174586,4,4
174578,174582,174585,3,4
174578,174582,174586,4,4
174578,174583,174586,3,5
174578,174582,174585,3,4
174578,174583,174586,3,5
174578,174582,174586,4,4
174565,174566,174576,10,1
174565,174566,174577,11,1
174578,174582,174586,4,4
174578,174584,174587,3,6
174578,174583,174587,4,5
174578,174582,174586,4,4
174578,174583,174586,3,5
174578,174584,174588,4,6
174578,174585,174588,3,7
174578,174585,174588,3,7
174578,174584,174588,4,6
174578,174585,174588,3,7
174578,174585,174588,3,7
174578,174585,174588,3,7
174578,174586,174588,2,8
174578,174585,174588,3,7
174578,174585,174588,3,7
174578,174585,174588,3,7
174578,174586,174588,2,8
174578,174586,174588,2,8
174578,174586,174588,2,8
174578,174585,174588,3,7
174578,174585,174589,4,7
174578,174585,174589,4,7
174578,174586,174588,2,8
174578,174585,174589,4,7
174578,174586,174589,3,8
174578,174586,174589,3,8
174578,174586,174589,3,8
174578,174585,174588,3,7
174578,174586,174589,3,8
174578,174586,174589,3,8
174578,174585,174589,4,7
174578,174585,174588,3,7
174578,174586,174589,3,8
174578,174585,174589,4,7
174578,174587,174589,2,9
174578,174586,174589,3,8
174578,174587,174589,2,9
174578,174587,174590,3,9
174578,174587,174590,3,9
174578,174587,174590,3,9
174578,174587,174590,3,9
174578,174587,174590,3,9
174565,174587,174591,4,22
174578,174587,174590,3,9
174565,174571,174591,20,6
174578,174588,174591,3,10
174578,174588,174591,3,10
174578,174588,174591,3,10
174578,174587,174591,4,9
174578,174588,174591,3,10
174578,174588,174591,3,10
174578,174588,174591,3,10
174581,174589,174592,3,8
174581,174590,174592,2,9
174581,174588,174592,4,7
174581,174590,174593,3,9
174581,174590,174592,2,9
174581,174588,174592,4,7
174581,174590,174592,2,9
174581,174590,174592,2,9
174581,174589,174592,3,8
174581,174589,174592,3,8
174581,174589,174592,3,8
174581,174590,174592,2,9
174581,174590,174593,3,9
174578,174583,174593,10,5
174581,174589,174593,4,8
174581,174589,174593,4,8
174581,174589,174593,4,8
174581,174589,174592,3,8
174581,174589,174593,4,8
174581,174589,174593,4,8
174581,174592,174593,1,11
174581,174592,174593,1,11
174581,174592,174593,1,11
174581,174590,174593,3,9
174581,174592,174594,2,11
174581,174590,174593,3,9
174581,174590,174593,3,9
174581,174590,174593,3,9
174581,174590,174594,4,9
174581,174590,174593,3,9
174581,174591,174594,3,10
174581,174591,174594,3,10
174581,174590,174594,4,9
174581,174590,174594,4,9
174581,174589,174594,5,8
174581,174592,174594,2,11
174581,174591,174594,3,10
174581,174592,174594,2,11
174581,174590,174595,5,9
174581,174593,174595,2,12
174581,174593,174596,3,12
174581,174593,174596,3,12
174581,174593,174596,3,12
174581,174592,174595,3,11
174581,174593,174595,2,12
174581,174593,174595,2,12
174581,174593,174596,3,12
174581,174593,174596,3,12
174581,174593,174596,3,12
174581,174592,174596,4,11
174581,174593,174596,3,12
174581,174594,174596,2,13
174581,174594,174596,2,13
174581,174594,174596,2,13
174581,174593,174596,3,12
174581,174593,174597,4,12
174581,174593,174596,3,12
174581,174593,174596,3,12
174581,174593,174596,3,12
174581,174593,174597,4,12
174581,174594,174597,3,13
174581,174594,174597,3,13
174581,174594,174597,3,13
174581,174594,174597,3,13
174581,174594,174597,3,13
174581,174594,174597,3,13
174581,174594,174597,3,13
174581,174594,174597,3,13
174581,174594,174598,4,13
174581,174594,174597,3,13
174581,174594,174597,3,13
174581,174594,174598,4,13
174581,174595,174598,3,14
174581,174595,174599,4,14
174581,174595,174598,3,14
174581,174596,174599,3,15
174581,174595,174599,4,14
174581,174596,174599,3,15
174581,174595,174599,4,14
174581,174596,174599,3,15
174581,174596,174598,2,15
174581,174596,174599,3,15
174581,174597,174599,2,16
174581,174597,174599,2,16
174581,174597,174599,2,16
174581,174596,174599,3,15
174581,174596,174599,3,15
174581,174596,174599,3,15
174581,174597,174600,3,16
174581,174596,174599,3,15
174581,174598,174600,2,17
174581,174596,174600,4,15
174581,174597,174600,3,16
174581,174597,174600,3,16
174581,174597,174600,3,16
174581,174597,174600,3,16
174581,174598,174601,3,17
174581,174598,174601,3,17
174581,174597,174600,3,16
174581,174597,174600,3,16
174581,174597,174600,3,16
174581,174598,174601,3,17
174581,174598,174601,3,17
174581,174598,174601,3,17
174581,174598,174600,2,17
174581,174598,174600,2,17
174581,174598,174601,3,17
174581,174598,174601,3,17
174581,174599,174601,2,18
174581,174599,174602,3,18
174581,174599,174602,3,18
174581,174599,174601,2,18
174581,174599,174601,2,18
174581,174599,174601,2,18
174581,174599,174602,3,18
174581,174598,174601,3,17
174581,174599,174601,2,18
174581,174599,174601,2,18
174581,174598,174602,4,17
173650,173650,174603,953,0
174581,174593,174604,11,12
174581,174591,174605,14,10
173763,173770,174633,863,7
174637,174637,174640,3,0
174637,174637,174640,3,0
174637,174638,174640,2,1
174637,174638,174640,2,1
174637,174637,174640,3,0
174637,174637,174640,3,0
174637,174637,174640,3,0
174637,174637,174640,3,0
174637,174637,174640,3,0
174637,174637,174640,3,0
174637,174638,174641,3,1
174637,174638,174641,3,1
174637,174637,174641,4,0
174637,174637,174641,4,0
174637,174637,174641,4,0
174637,174637,174641,4,0
174637,174637,174641,4,0
174637,174637,174641,4,0
174637,174637,174641,4,0
174637,174637,174641,4,0
174637,174637,174641,4,0
174637,174637,174641,4,0
174637,174637,174641,4,0
174637,174637,174641,4,0
174637,174637,174641,4,0
174637,174637,174641,4,0
174637,174638,174641,3,1
174637,174637,174641,4,0
174637,174637,174641,4,0
174637,174637,174641,4,0
174637,174637,174641,4,0
174637,174637,174642,5,0
174637,174637,174642,5,0
174637,174638,174642,4,1
174637,174637,174642,5,0
174637,174637,174642,5,0
174637,174637,174642,5,0
174637,174637,174642,5,0
174637,174637,174642,5,0
174637,174637,174642,5,0
174637,174637,174642,5,0
174637,174642,174643,1,5
174637,174642,174644,2,5
174637,174642,174643,1,5
174637,174641,174644,3,4
174637,174641,174644,3,4
174637,174641,174644,3,4
174637,174642,174644,2,5
174637,174641,174644,3,4
174637,174641,174644,3,4
174637,174642,174644,2,5
174637,174642,174644,2,5
174637,174641,174644,3,4
174637,174641,174644,3,4
174637,174642,174644,2,5
174637,174642,174644,2,5
174637,174641,174644,3,4
174637,174641,174644,3,4
174637,174642,174644,2,5
174637,174642,174644,2,5
174637,174642,174645,3,5
174637,174642,174645,3,5
174637,174642,174646,4,5
174637,174642,174646,4,5
174637,174642,174645,3,5
174637,174642,174646,4,5
174637,174641,174645,4,4
174637,174642,174645,3,5
174637,174642,174647,5,5
174637,174644,174646,2,7
174637,174642,174647,5,5
174637,174643,174647,4,6
174637,174643,174647,4,6
174637,174643,174646,3,6
174637,174643,174646,3,6
174637,174643,174647,4,6
174637,174643,174646,3,6
174637,174643,174646,3,6
174637,174643,174646,3,6
174637,174643,174646,3,6
174637,174645,174648,3,8
174637,174643,174647,4,6
174637,174645,174648,3,8
174637,174645,174648,3,8
174637,174645,174647,2,8
174637,174645,174648,3,8
174637,174645,174648,3,8
174637,174645,174647,2,8
174637,174644,174647,3,7
174637,174645,174648,3,8
174637,174644,174647,3,7
174637,174645,174648,3,8
174637,174645,174648,3,8
174637,174645,174647,2,8
174637,174645,174648,3,8
174637,174645,174648,3,8
174637,174646,174648,2,9
174637,174646,174648,2,9
174637,174645,174648,3,8
174637,174645,174648,3,8
174637,174645,174648,3,8
174637,174646,174649,3,9
174637,174646,174649,3,9
174637,174646,174648,2,9
174637,174646,174649,3,9
174637,174646,174649,3,9
174637,174647,174650,3,10
174637,174647,174650,3,10
174637,174647,174650,3,10
174637,174646,174649,3,9
174637,174647,174649,2,10
174637,174647,174649,2,10
174637,174647,174650,3,10
174637,174648,174650,2,11
174637,174647,174649,2,10
174637,174647,174650,3,10
174637,174648,174650,2,11
174637,174647,174649,2,10
174637,174647,174650,3,10
174637,174647,174650,3,10
174637,174648,174651,3,11
174637,174648,174650,2,11
174637,174647,174651,4,10
174637,174648,174650,2,11
174637,174648,174651,3,11
174637,174648,174652,4,11
174637,174648,174652,4,11
174637,174648,174652,4,11
174637,174648,174651,3,11
174637,174648,174651,3,11
174637,174648,174652,4,11
174637,174648,174652,4,11
174637,174648,174651,3,11
174637,174650,174652,2,13
174637,174650,174651,1,13
174637,174650,174651,1,13
174637,174648,174652,4,11
174637,174649,174652,3,12
174637,174650,174651,1,13
174637,174650,174652,2,13
174637,174650,174652,2,13
174637,174650,174652,2,13
174637,174649,174653,4,12
174637,174649,174653,4,12
174637,174649,174653,4,12
174637,174650,174653,3,13
174637,174649,174652,3,12
174637,174649,174653,4,12
174637,174649,174653,4,12
174637,174650,174654,4,13
174637,174649,174653,4,12
174637,174650,174654,4,13
174637,174650,174654,4,13
174637,174650,174654,4,13
174637,174649,174653,4,12
174637,174649,174654,5,12
174637,174650,174654,4,13
174637,174651,174654,3,14
174637,174652,174654,2,15
174637,174651,174655,4,14
174637,174651,174655,4,14
174637,174651,174654,3,14
174637,174652,174655,3,15
174637,174651,174655,4,14
174637,174650,174655,5,13
174637,174652,174656,4,15
174637,174652,174656,4,15
174637,174652,174656,4,15
174637,174652,174656,4,15
174637,174652,174656,4,15
174637,174653,174656,3,16
174637,174652,174656,4,15
174637,174652,174655,3,15
174637,174652,174656,4,15
174637,174652,174656,4,15
174637,174652,174656,4,15
174637,174652,174656,4,15
174637,174652,174656,4,15
174637,174652,174656,4,15
174637,174653,174656,3,16
174637,174652,174656,4,15
174637,174653,174657,4,16
174637,174652,174656,4,15
174637,174652,174656,4,15
174637,174654,174657,3,17
174637,174654,174657,3,17
174637,174653,174656,3,16
174637,174653,174657,4,16
174637,174654,174657,3,17
174637,174653,174658,5,16
174637,174654,174657,3,17
174637,174638,174642,4,1
174637,174654,174658,4,17
174637,174654,174658,4,17
174637,174654,174658,4,17
174637,174655,174658,3,18
174637,174655,174658,3,18
174637,174654,174658,4,17
174637,174654,174658,4,17
174637,174654,174658,4,17
174637,174655,174658,3,18
174637,174656,174659,3,19
174637,174655,174659,4,18
174637,174655,174659,4,18
174637,174656,174659,3,19
174637,174656,174659,3,19
174637,174656,174659,3,19
174637,174655,174659,4,18
174637,174656,174659,3,19
174637,174656,174659,3,19
174637,174656,174659,3,19
174637,174657,174659,2,20
174637,174657,174659,2,20
174637,174657,174660,3,20
174637,174658,174660,2,21
174637,174656,174659,3,19
174637,174657,174660,3,20
174637,174656,174660,4,19
174637,174657,174660,3,20
174637,174657,174660,3,20
174637,174656,174660,4,19
174637,174657,174660,3,20
174637,174656,174660,4,19
174637,174657,174660,3,20
174637,174656,174660,4,19
174637,174657,174660,3,20
174637,174658,174660,2,21
174637,174658,174660,2,21
174637,174658,174660,2,21
174637,174658,174661,3,21
174637,174658,174661,3,21
174637,174658,174661,3,21
174637,174658,174661,3,21
174637,174657,174660,3,20
174637,174658,174661,3,21
174637,174658,174661,3,21
174637,174658,174661,3,21
174637,174657,174661,4,20
174637,174659,174661,2,22
174637,174659,174661,2,22
173720,173728,174680,952,8
174686,174686,174688,2,0
174686,174686,174688,2,0
174686,174686,174689,3,0
174686,174686,174689,3,0
174686,174686,174688,2,0
174686,174686,174688,2,0
174686,174686,174689,3,0
174686,174686,174689,3,0
174686,174686,174688,2,0
174686,174686,174688,2,0
174686,174686,174690,4,0
174686,174686,174690,4,0
174686,174686,174689,3,0
174686,174686,174689,3,0
174686,174686,174690,4,0
174686,174686,174689,3,0
174686,174686,174690,4,0
174686,174686,174689,3,0
174686,174686,174690,4,0
174686,174686,174689,3,0
174686,174686,174689,3,0
174686,174686,174689,3,0
174686,174686,174690,4,0
174686,174686,174690,4,0
174686,174686,174689,3,0
174686,174686,174689,3,0
174686,174686,174690,4,0
174686,174686,174689,3,0
174686,174686,174690,4,0
174686,174686,174689,3,0
174686,174686,174690,4,0
174686,174686,174691,5,0
174686,174686,174690,4,0
174686,174686,174690,4,0
174686,174686,174691,5,0
174686,174686,174690,4,0
174686,174686,174691,5,0
174686,174686,174690,4,0
174686,174688,174691,3,2
174686,174686,174691,5,0
174686,174686,174689,3,0
174686,174686,174690,4,0
174686,174689,174692,3,3
174686,174688,174691,3,2
174686,174689,174691,2,3
174686,174689,174692,3,3
174686,174689,174691,2,3
174686,174689,174692,3,3
174686,174689,174692,3,3
174686,174690,174693,3,4
174686,174690,174692,2,4
174686,174690,174692,2,4
174686,174690,174693,3,4
174686,174689,174692,3,3
174686,174690,174693,3,4
174686,174690,174693,3,4
174686,174690,174693,3,4
174686,174690,174693,3,4
174686,174691,174694,3,5
174686,174691,174694,3,5
174686,174690,174694,4,4
174686,174690,174693,3,4
174686,174690,174694,4,4
174686,174691,174694,3,5
174686,174690,174693,3,4
174686,174690,174693,3,4
174686,174690,174694,4,4
174686,174690,174693,3,4
174686,174691,174694,3,5
174686,174690,174694,4,4
174686,174690,174694,4,4
174686,174691,174694,3,5
174686,174692,174695,3,6
174686,174692,174695,3,6
174686,174691,174694,3,5
174686,174691,174695,4,5
174686,174690,174695,5,4
174686,174692,174695,3,6
174686,174691,174694,3,5
174686,174690,174694,4,4
174686,174690,174695,5,4
174686,174692,174695,3,6
174686,174692,174695,3,6
174686,174692,174695,3,6
174686,174692,174695,3,6
174686,174691,174695,4,5
174686,174692,174695,3,6
174686,174692,174695,3,6
174686,174693,174695,2,7
174686,174693,174696,3,7
174686,174693,174696,3,7
174686,174692,174696,4,6
174686,174693,174696,3,7
174686,174693,174696,3,7
174686,174693,174695,2,7
174686,174692,174696,4,6
174686,174694,174697,3,8
174686,174694,174697,3,8
174686,174694,174696,2,8
174686,174694,174697,3,8
174686,174693,174697,4,7
174686,174694,174696,2,8
174686,174694,174697,3,8
174686,174694,174697,3,8
174686,174694,174697,3,8
174686,174694,174697,3,8
174686,174694,174697,3,8
174686,174694,174696,2,8
174686,174694,174697,3,8
174686,174695,174698,3,9
174686,174695,174698,3,9
174686,174695,174697,2,9
174686,174694,174698,4,8
174686,174695,174698,3,9
174686,174695,174697,2,9
174686,174695,174697,2,9
174686,174695,174698,3,9
174686,174694,174698,4,8
174686,174695,174698,3,9
174686,174695,174698,3,9
173809,173817,174699,882,8
174729,174730,174732,2,1
174729,174730,174731,1,1
174729,174730,174732,2,1
174729,174730,174732,2,1
174729,174730,174732,2,1
174729,174730,174732,2,1
174729,174730,174732,2,1
174729,174730,174732,2,1
174729,174730,174732,2,1
174729,174730,174732,2,1
174729,174730,174732,2,1
174729,174730,174732,2,1
174729,174730,174732,2,1
174729,174730,174733,3,1
174729,174730,174734,4,1
174729,174730,174734,4,1
174729,174730,174733,3,1
174729,174730,174733,3,1
174729,174730,174733,3,1
174729,174730,174733,3,1
174729,174730,174733,3,1
174729,174730,174734,4,1
174729,174730,174733,3,1
174729,174730,174733,3,1
174729,174730,174733,3,1
174729,174730,174734,4,1
174729,174730,174734,4,1
174729,174730,174733,3,1
174729,174730,174733,3,1
174729,174730,174733,3,1
174729,174730,174734,4,1
174729,174730,174734,4,1
174729,174730,174734,4,1
174729,174730,174733,3,1
174729,174730,174734,4,1
174729,174730,174734,4,1
174729,174730,174734,4,1
174729,174730,174735,5,1
174729,174730,174734,4,1
174729,174730,174734,4,1
174729,174730,174734,4,1
174729,174732,174735,3,3
174729,174732,174736,4,3
174729,174733,174736,3,4
174729,174732,174736,4,3
174729,174733,174736,3,4
174729,174734,174737,3,5
174729,174733,174736,3,4
174729,174733,174736,3,4
174729,174733,174736,3,4
174729,174734,174737,3,5
174729,174733,174737,4,4
174729,174733,174737,4,4
174729,174734,174737,3,5
174729,174733,174737,4,4
174729,174734,174737,3,5
174729,174734,174737,3,5
174729,174734,174737,3,5
174729,174734,174738,4,5
174729,174735,174738,3,6
174729,174734,174737,3,5
174729,174734,174738,4,5
174729,174733,174737,4,4
174729,174734,174737,3,5
174729,174734,174737,3,5
174729,174734,174737,3,5
174729,174734,174737,3,5
174729,174734,174738,4,5
174729,174734,174738,4,5
174729,174735,174738,3,6
174729,174734,174738,4,5
174729,174735,174739,4,6
174729,174735,174739,4,6
173857,173864,174739,875,7
174729,174734,174738,4,5
174729,174735,174739,4,6
174729,174737,174739,2,8
174729,174737,174740,3,8
174729,174735,174739,4,6
174729,174737,174740,3,8
174729,174735,174739,4,6
174729,174736,174740,4,7
174729,174737,174740,3,8
174729,174737,174740,3,8
174729,174736,174739,3,7
174729,174736,174740,4,7
174729,174737,174740,3,8
174729,174736,174740,4,7
174729,174737,174739,2,8
174729,174738,174741,3,9
174729,174737,174740,3,8
174729,174739,174741,2,10
174729,174737,174740,3,8
174729,174737,174740,3,8
174729,174737,174740,3,8
174729,174738,174741,3,9
174729,174738,174741,3,9
174729,174737,174740,3,8
174729,174738,174741,3,9
174729,174738,174741,3,9
174729,174738,174741,3,9
174729,174739,174741,2,10
174729,174738,174741,3,9
174729,174739,174742,3,10
174729,174737,174741,4,8
174729,174739,174741,2,10
174729,174739,174741,2,10
174729,174738,174742,4,9
174729,174738,174742,4,9
174729,174738,174742,4,9
174729,174738,174742,4,9
174729,174740,174743,3,11
174729,174740,174742,2,11
174729,174740,174743,3,11
174729,174740,174742,2,11
174729,174739,174742,3,10
174740,174740,174743,3,0
174740,174741,174743,2,1
174740,174741,174743,2,1
174740,174740,174744,4,0
174740,174740,174743,3,0
174740,174740,174744,4,0
174740,174741,174744,3,1
174740,174740,174744,4,0
174740,174740,174744,4,0
174740,174740,174744,4,0
174740,174740,174744,4,0
174740,174741,174744,3,1
174740,174741,174745,4,1
174740,174742,174745,3,2
174740,174741,174745,4,1
174740,174741,174745,4,1
174740,174742,174745,3,2
174740,174743,174745,2,3
174740,174743,174745,2,3
174740,174743,174744,1,3
174740,174740,174745,5,0
174740,174742,174745,3,2
174740,174742,174745,3,2
174740,174741,174745,4,1
174740,174743,174745,2,3
174740,174743,174745,2,3
174740,174743,174745,2,3
174740,174742,174746,4,2
174740,174742,174746,4,2
174740,174742,174746,4,2
174740,174743,174746,3,3
174740,174742,174745,3,2
174740,174742,174745,3,2
174740,174741,174745,4,1
174740,174742,174745,3,2
174740,174744,174746,2,4
174740,174741,174746,5,1
174740,174742,174746,4,2
174740,174744,174747,3,4
174740,174742,174747,5,2
174740,174744,174747,3,4
174740,174745,174748,3,5
174740,174743,174747,4,3
174740,174744,174748,4,4
174740,174744,174748,4,4
174740,174744,174748,4,4
174740,174745,174748,3,5
174740,174746,174748,2,6
174740,174746,174748,2,6
174740,174746,174749,3,6
174740,174745,174749,4,5
174740,174745,174749,4,5
174740,174745,174749,4,5
174740,174745,174749,4,5
174740,174745,174749,4,5
174740,174745,174748,3,5
174740,174746,174749,3,6
174740,174745,174749,4,5
174740,174745,174749,4,5
174740,174745,174749,4,5
174740,174745,174749,4,5
174740,174746,174749,3,6
174740,174744,174749,5,4
174740,174746,174750,4,6
174740,174746,174749,3,6
174740,174746,174750,4,6
174740,174746,174750,4,6
174740,174745,174749,4,5
174740,174745,174750,5,5
174740,174746,174750,4,6
174740,174746,174750,4,6
174740,174747,174750,3,7
174740,174746,174750,4,6
174740,174747,174750,3,7
174740,174749,174751,2,9
174740,174748,174751,3,8
174740,174748,174751,3,8
174740,174748,174751,3,8
174740,174748,174751,3,8
174740,174749,174751,2,9
174740,174749,174751,2,9
174740,174749,174751,2,9
174740,174748,174752,4,8
174740,174749,174752,3,9
174740,174749,174752,3,9
174740,174749,174752,3,9
174740,174751,174752,1,11
174740,174749,174752,3,9
174740,174749,174752,3,9
174740,174750,174752,2,10
174740,174749,174752,3,9
174740,174749,174752,3,9
174729,174732,174736,4,3
174740,174749,174752,3,9
174740,174749,174752,3,9
174740,174749,174753,4,9
174740,174750,174753,3,10
174740,174749,174753,4,9
174740,174749,174753,4,9
174740,174750,174753,3,10
174740,174749,174753,4,9
174740,174751,174753,2,11
174740,174750,174753,3,10
174740,174750,174753,3,10
174740,174751,174754,3,11
174740,174752,174754,2,12
174740,174750,174753,3,10
174740,174750,174753,3,10
174740,174751,174753,2,11
174740,174752,174754,2,12
174740,174752,174754,2,12
174740,174751,174754,3,11
174740,174750,174754,4,10
174740,174752,174754,2,12
174740,174752,174755,3,12
174740,174752,174755,3,12
174740,174752,174755,3,12
174740,174752,174755,3,12
174740,174752,174755,3,12
174740,174750,174754,4,10
174740,174752,174755,3,12
174729,174753,174757,4,24
174729,174753,174756,3,24
174729,174753,174757,4,24
174729,174753,174757,4,24
173871,173879,174760,881,8
173905,173912,174773,861,7
174782,174782,174784,2,0
174782,174782,174784,2,0
174782,174782,174785,3,0
174782,174782,174785,3,0
174782,174782,174784,2,0
174782,174782,174784,2,0
174782,174782,174785,3,0
174782,174782,174785,3,0
174782,174782,174785,3,0
174782,174782,174785,3,0
174782,174782,174786,4,0
174782,174782,174786,4,0
174782,174782,174786,4,0
174782,174782,174786,4,0
174782,174782,174786,4,0
174782,174782,174786,4,0
174782,174782,174786,4,0
174782,174782,174786,4,0
174782,174782,174785,3,0
174782,174782,174786,4,0
174782,174782,174786,4,0
174782,174782,174786,4,0
174782,174783,174787,4,1
174782,174782,174787,5,0
174782,174782,174786,4,0
174782,174782,174786,4,0
174782,174782,174786,4,0
174782,174782,174786,4,0
174782,174782,174787,5,0
174782,174782,174786,4,0
174782,174782,174787,5,0
174782,174782,174786,4,0
174782,174782,174786,4,0
174782,174782,174787,5,0
174782,174782,174787,5,0
174782,174782,174787,5,0
174782,174782,174786,4,0
174782,174782,174787,5,0
174782,174784,174787,3,2
174782,174782,174787,5,0
174782,174783,174787,4,1
174782,174782,174787,5,0
174782,174782,174788,6,0
174782,174785,174788,3,3
174782,174785,174788,3,3
174782,174784,174788,4,2
174782,174785,174788,3,3
174782,174786,174789,3,4
174782,174785,174789,4,3
174782,174785,174789,4,3
174782,174786,174789,3,4
174782,174786,174789,3,4
174782,174786,174790,4,4
174782,174786,174790,4,4
174782,174786,174789,3,4
174782,174787,174790,3,5
174782,174786,174790,4,4
174782,174786,174790,4,4
174782,174786,174790,4,4
174782,174786,174790,4,4
174782,174787,174790,3,5
174782,174786,174790,4,4
174782,174787,174790,3,5
174782,174786,174790,4,4
174782,174786,174790,4,4
174782,174786,174790,4,4
174782,174788,174791,3,6
174782,174787,174791,4,5
174782,174788,174791,3,6
174782,174787,174791,4,5
174782,174788,174791,3,6
174782,174787,174791,4,5
174782,174788,174791,3,6
174782,174787,174791,4,5
174782,174786,174790,4,4
174782,174787,174791,4,5
174782,174787,174791,4,5
174782,174787,174791,4,5
174782,174788,174791,3,6
174782,174787,174791,4,5
174782,174787,174791,4,5
174782,174787,174791,4,5
174782,174787,174791,4,5
174782,174787,174791,4,5
174782,174790,174792,2,8
174782,174787,174792,5,5
174782,174788,174792,4,6
174782,174787,174792,5,5
174782,174788,174792,4,6
174782,174790,174792,2,8
174782,174790,174792,2,8
174782,174790,174792,2,8
174782,174789,174792,3,7
174782,174791,174793,2,9
174782,174788,174792,4,6
174782,174789,174793,4,7
174782,174790,174793,3,8
174782,174790,174793,3,8
174782,174792,174793,1,10
174782,174791,174793,2,9
174782,174791,174793,2,9
174782,174791,174793,2,9
174782,174792,174794,2,10
174782,174791,174793,2,9
174782,174791,174794,3,9
174782,174790,174794,4,8
174782,174791,174794,3,9
174782,174791,174794,3,9
174782,174790,174794,4,8
174782,174791,174794,3,9
174782,174791,174794,3,9
174782,174792,174794,2,10
174782,174790,174794,4,8
174782,174790,174794,4,8
174782,174792,174794,2,10
174782,174792,174794,2,10
174782,174792,174794,2,10
174782,174791,174795,4,9
174782,174790,174795,5,8
174782,174790,174795,5,8
174794,174795,174796,1,1
174794,174795,174797,2,1
174794,174795,174797,2,1
174794,174795,174797,2,1
174794,174795,174798,3,1
174794,174795,174799,4,1
174794,174796,174798,2,2
174794,174795,174798,3,1
174794,174795,174798,3,1
174794,174795,174799,4,1
174794,174795,174798,3,1
174794,174795,174798,3,1
174794,174795,174798,3,1
174794,174795,174798,3,1
174794,174795,174798,3,1
174794,174795,174799,4,1
174794,174795,174799,4,1
174794,174795,174798,3,1
174794,174795,174798,3,1
174794,174795,174799,4,1
174794,174795,174799,4,1
174794,174795,174798,3,1
174794,174795,174799,4,1
174794,174795,174799,4,1
174794,174795,174799,4,1
174794,174796,174799,3,2
174794,174795,174799,4,1
174794,174795,174799,4,1
174794,174795,174799,4,1
174794,174795,174799,4,1
174794,174795,174799,4,1
174794,174795,174799,4,1
174794,174795,174800,5,1
174794,174795,174799,4,1
174794,174795,174799,4,1
174794,174795,174799,4,1
174794,174795,174800,5,1
174794,174796,174800,4,2
174794,174795,174800,5,1
174794,174795,174800,5,1
174794,174799,174801,2,5
174794,174795,174800,5,1
174794,174797,174800,3,3
174794,174798,174800,2,4
174794,174798,174800,2,4
174794,174799,174801,2,5
174794,174798,174802,4,4
174794,174799,174801,2,5
174794,174799,174801,2,5
174794,174800,174802,2,6
174794,174799,174802,3,5
174794,174799,174803,4,5
174794,174799,174802,3,5
174794,174800,174802,2,6
174794,174799,174803,4,5
174794,174800,174803,3,6
174794,174799,174803,4,5
174794,174799,174803,4,5
174794,174799,174803,4,5
174794,174799,174802,3,5
174794,174800,174803,3,6
174794,174799,174802,3,5
174794,174800,174803,3,6
174794,174800,174802,2,6
174794,174800,174803,3,6
174794,174799,174802,3,5
174794,174799,174803,4,5
174794,174800,174804,4,6
174794,174800,174803,3,6
174794,174799,174803,4,5
174794,174800,174804,4,6
174794,174801,174804,3,7
174794,174800,174803,3,6
174794,174799,174803,4,5
174794,174799,174803,4,5
174794,174801,174804,3,7
174794,174800,174803,3,6
174794,174800,174803,3,6
174794,174801,174803,2,7
174794,174801,174803,2,7
174794,174801,174804,3,7
174794,174802,174804,2,8
174794,174803,174805,2,9
174794,174803,174805,2,9
174794,174803,174804,1,9
174794,174800,174804,4,6
174794,174801,174804,3,7
174794,174802,174804,2,8
174794,174801,174805,4,7
174794,174801,174804,3,7
174794,174803,174805,2,9
174794,174802,174805,3,8
174794,174802,174806,4,8
174794,174801,174805,4,7
174794,174803,174805,2,9
174794,174802,174805,3,8
174794,174803,174806,3,9
174794,174803,174806,3,9
174794,174802,174805,3,8
174794,174803,174806,3,9
174794,174803,174806,3,9
174794,174803,174805,2,9
174794,174803,174805,2,9
174794,174803,174806,3,9
174794,174804,174806,2,10
174794,174804,174807,3,10
174794,174803,174807,4,9
174794,174803,174806,3,9
174794,174804,174807,3,10
174794,174804,174807,3,10
174794,174804,174807,3,10
174794,174804,174807,3,10
174794,174803,174806,3,9
174794,174804,174807,3,10
174794,174804,174807,3,10
174794,174804,174806,2,10
174794,174804,174807,3,10
174794,174804,174807,3,10
174794,174803,174807,4,9
174794,174804,174808,4,10
173951,173959,174844,885,8
174846,174847,174849,2,1
174846,174847,174850,3,1
174846,174847,174849,2,1
174846,174847,174850,3,1
174846,174847,174851,4,1
174846,174847,174850,3,1
174846,174847,174850,3,1
174846,174847,174850,3,1
174846,174847,174851,4,1
174846,174847,174850,3,1
174846,174847,174850,3,1
174846,174847,174850,3,1
174846,174847,174850,3,1
174846,174847,174850,3,1
174846,174847,174850,3,1
174846,174847,174850,3,1
174846,174847,174850,3,1
174846,174847,174850,3,1
174846,174847,174850,3,1
174846,174847,174850,3,1
174846,174847,174851,4,1
174846,174847,174850,3,1
174846,174847,174852,5,1
174846,174847,174851,4,1
174846,174847,174851,4,1
174846,174847,174851,4,1
174846,174847,174851,4,1
174846,174847,174851,4,1
174846,174847,174851,4,1
174846,174847,174851,4,1
174846,174850,174852,2,4
174846,174847,174851,4,1
174846,174847,174851,4,1
174846,174847,174851,4,1
173954,173972,174852,880,18
174846,174847,174851,4,1
174846,174847,174852,5,1
174846,174847,174851,4,1
174846,174851,174853,2,5
174846,174851,174853,2,5
174846,174851,174854,3,5
174846,174851,174854,3,5
174846,174851,174853,2,5
174846,174850,174853,3,4
174846,174850,174854,4,4
174846,174852,174854,2,6
174846,174852,174854,2,6
174846,174851,174854,3,5
174846,174851,174854,3,5
174846,174851,174854,3,5
174846,174851,174855,4,5
174846,174852,174854,2,6
174846,174852,174854,2,6
174846,174852,174855,3,6
174846,174851,174854,3,5
174846,174852,174854,2,6
174846,174851,174855,4,5
174846,174851,174855,4,5
174846,174851,174855,4,5
174846,174851,174855,4,5
174846,174851,174855,4,5
174846,174852,174854,2,6
174846,174852,174855,3,6
174846,174851,174855,4,5
174846,174852,174855,3,6
174846,174851,174856,5,5
174846,174851,174855,4,5
174846,174852,174855,3,6
174846,174852,174855,3,6
174846,174852,174855,3,6
174846,174851,174855,4,5
174846,174852,174855,3,6
174846,174852,174855,3,6
174846,174852,174856,4,6
174846,174854,174856,2,8
174846,174855,174857,2,9
174846,174855,174857,2,9
174846,174854,174856,2,8
174846,174855,174857,2,9
174846,174854,174857,3,8
174846,174855,174857,2,9
174846,174855,174857,2,9
174846,174852,174856,4,6
174846,174854,174858,4,8
174846,174854,174857,3,8
174846,174855,174858,3,9
174846,174855,174857,2,9
174846,174853,174857,4,7
174846,174855,174857,2,9
174846,174855,174857,2,9
174846,174856,174858,2,10
174846,174855,174858,3,9
174846,174856,174858,2,10
174846,174855,174858,3,9
174846,174855,174858,3,9
174846,174855,174859,4,9
174846,174855,174858,3,9
174846,174855,174859,4,9
174846,174855,174858,3,9
174846,174856,174858,2,10
174846,174857,174859,2,11
174846,174856,174859,3,10
174846,174856,174859,3,10
174846,174856,174859,3,10
174846,174855,174859,4,9
174846,174855,174859,4,9
174846,174856,174859,3,10
174846,174855,174859,4,9
174846,174857,174860,3,11
174846,174857,174859,2,11
174846,174857,174859,2,11
174846,174856,174860,4,10
174846,174856,174859,3,10
174846,174856,174859,3,10
174846,174856,174859,3,10
174846,174857,174860,3,11
174853,174857,174861,4,4
174853,174857,174861,4,4
174853,174858,174862,4,5
174853,174859,174862,3,6
174853,174858,174862,4,5
174853,174858,174861,3,5
174853,174858,174861,3,5
174853,174859,174861,2,6
174853,174858,174861,3,5
174853,174858,174862,4,5
174853,174858,174862,4,5
174853,174859,174862,3,6
174853,174859,174862,3,6
174853,174858,174862,4,5
174853,174857,174861,4,4
174853,174858,174862,4,5
174853,174858,174862,4,5
174853,174859,174862,3,6
174853,174859,174862,3,6
174853,174859,174862,3,6
174853,174859,174863,4,6
174853,174858,174862,4,5
174853,174859,174863,4,6
174853,174859,174863,4,6
174853,174859,174863,4,6
174853,174860,174863,3,7
174853,174859,174863,4,6
174853,174860,174863,3,7
174853,174860,174864,4,7
174853,174860,174863,3,7
174853,174861,174864,3,8
174853,174859,174864,5,6
174853,174859,174864,5,6
174853,174861,174864,3,8
174853,174862,174865,3,9
174853,174862,174865,3,9
174853,174862,174864,2,9
174853,174860,174864,4,7
174853,174861,174864,3,8
174853,174862,174864,2,9
174853,174860,174865,5,7
174853,174860,174865,5,7
174853,174862,174865,3,9
174853,174862,174866,4,9
174853,174862,174866,4,9
174853,174862,174866,4,9
174853,174862,174866,4,9
174853,174862,174865,3,9
174853,174864,174866,2,11
174853,174862,174866,4,9
174853,174862,174866,4,9
174853,174862,174866,4,9
174853,174864,174866,2,11
174853,174864,174866,2,11
174853,174865,174866,1,12
174846,174863,174866,3,17
174846,174863,174867,4,17
174846,174863,174866,3,17
174853,174863,174866,3,10
174853,174863,174867,4,10
174853,174862,174866,4,9
174853,174862,174866,4,9
174853,174863,174867,4,10
174853,174864,174867,3,11
174853,174863,174867,4,10
174853,174865,174867,2,12
174853,174864,174867,3,11
174853,174864,174867,3,11
174853,174864,174867,3,11
174853,174864,174867,3,11
174853,174864,174867,3,11
174853,174865,174867,2,12
174853,174865,174867,2,12
174846,174863,174867,4,17
174846,174863,174867,4,17
174853,174865,174868,3,12
174853,174865,174868,3,12
174853,174865,174868,3,12
174853,174865,174868,3,12
174853,174865,174868,3,12
174853,174866,174868,2,13
174853,174866,174868,2,13
174853,174867,174869,2,14
174853,174867,174869,2,14
174853,174867,174869,2,14
174853,174867,174869,2,14
174853,174867,174869,2,14
174853,174867,174869,2,14
174853,174867,174870,3,14
174853,174867,174870,3,14
174853,174867,174870,3,14
174853,174867,174870,3,14
174853,174866,174870,4,13
174853,174866,174870,4,13
174853,174867,174870,3,14
174853,174867,174870,3,14
174853,174865,174870,5,12
174853,174867,174870,3,14
174853,174868,174870,2,15
174853,174867,174870,3,14
174853,174868,174870,2,15
174853,174868,174870,2,15
174853,174867,174870,3,14
174853,174867,174870,3,14
174853,174868,174870,2,15
174853,174868,174870,2,15
174853,174868,174870,2,15
174853,174868,174870,2,15
174853,174867,174870,3,14
174853,174868,174870,2,15
174853,174867,174871,4,14
174853,174866,174870,4,13
174853,174868,174871,3,15
174853,174868,174871,3,15
174853,174869,174871,2,16
174853,174869,174871,2,16
174853,174868,174871,3,15
174853,174868,174871,3,15
174853,174869,174872,3,16
174853,174869,174872,3,16
174853,174868,174872,4,15
174853,174868,174872,4,15
174853,174869,174872,3,16
174853,174869,174871,2,16
174853,174868,174872,4,15
174013,174021,174873,852,8
173999,174006,174887,881,7
174894,174894,174897,3,0
174894,174894,174897,3,0
174894,174894,174897,3,0
174894,174894,174897,3,0
174894,174894,174897,3,0
174894,174894,174898,4,0
174894,174894,174898,4,0
174894,174894,174898,4,0
174894,174894,174898,4,0
174894,174894,174898,4,0
174894,174895,174898,3,1
174894,174895,174898,3,1
174894,174894,174898,4,0
174894,174894,174898,4,0
174894,174894,174898,4,0
174894,174894,174898,4,0
174894,174894,174898,4,0
174894,174894,174898,4,0
174894,174894,174898,4,0
174894,174894,174898,4,0
174894,174894,174898,4,0
174894,174894,174899,5,0
174894,174894,174899,5,0
174894,174894,174899,5,0
174894,174894,174899,5,0
174894,174894,174898,4,0
174894,174894,174899,5,0
174894,174895,174899,4,1
174894,174894,174899,5,0
174894,174894,174899,5,0
174894,174894,174899,5,0
174894,174894,174899,5,0
174894,174894,174899,5,0
174894,174894,174899,5,0
174894,174894,174899,5,0
174894,174895,174899,4,1
174894,174895,174899,4,1
174894,174894,174900,6,0
174894,174895,174900,5,1
174894,174897,174900,3,3
174894,174894,174900,6,0
174894,174897,174900,3,3
174894,174898,174901,3,4
174894,174897,174901,4,3
174894,174897,174901,4,3
174894,174899,174901,2,5
174894,174898,174902,4,4
174894,174899,174902,3,5
174894,174900,174902,2,6
174894,174900,174902,2,6
174894,174899,174902,3,5
174894,174899,174902,3,5
174894,174899,174902,3,5
174894,174899,174902,3,5
174894,174900,174902,2,6
174894,174900,174902,2,6
174894,174900,174902,2,6
174894,174900,174902,2,6
174894,174900,174902,2,6
174894,174899,174902,3,5
174894,174899,174902,3,5
174894,174899,174902,3,5
174894,174900,174903,3,6
174894,174899,174902,3,5
174894,174899,174902,3,5
174894,174899,174903,4,5
174894,174899,174902,3,5
174894,174900,174902,2,6
174894,174898,174903,5,4
174894,174900,174903,3,6
174894,174900,174903,3,6
174894,174899,174903,4,5
174894,174900,174903,3,6
174894,174900,174903,3,6
174894,174901,174903,2,7
174894,174900,174903,3,6
174894,174900,174903,3,6
174894,174901,174904,3,7
174894,174900,174903,3,6
174894,174901,174905,4,7
174894,174901,174904,3,7
174894,174901,174905,4,7
174894,174902,174905,3,8
174894,174903,174905,2,9
174894,174903,174906,3,9
174894,174903,174905,2,9
174894,174903,174905,2,9
174894,174903,174905,2,9
174894,174902,174905,3,8
174894,174903,174906,3,9
174894,174902,174905,3,8
174894,174902,174905,3,8
174894,174903,174905,2,9
174894,174903,174906,3,9
174894,174903,174906,3,9
174894,174904,174906,2,10
174894,174895,174905,10,1
174894,174903,174906,3,9
174894,174903,174906,3,9
174894,174903,174906,3,9
174894,174903,174906,3,9
174894,174903,174906,3,9
174894,174904,174907,3,10
174894,174904,174907,3,10
174894,174903,174907,4,9
174894,174903,174906,3,9
174894,174904,174907,3,10
174894,174903,174907,4,9
174894,174904,174906,2,10
174894,174904,174907,3,10
174894,174904,174906,2,10
174894,174903,174906,3,9
174894,174903,174906,3,9
174894,174903,174906,3,9
174894,174904,174907,3,10
174894,174904,174907,3,10
174894,174903,174907,4,9
174894,174904,174908,4,10
174908,174908,174910,2,0
174908,174908,174910,2,0
174908,174908,174910,2,0
174908,174908,174910,2,0
174908,174908,174910,2,0
174908,174908,174911,3,0
174908,174908,174911,3,0
174908,174908,174911,3,0
174908,174908,174911,3,0
174908,174908,174912,4,0
174908,174908,174911,3,0
174908,174908,174911,3,0
174908,174908,174912,4,0
174908,174908,174911,3,0
174908,174908,174912,4,0
174908,174908,174911,3,0
174908,174908,174911,3,0
174908,174908,174911,3,0
174908,174908,174912,4,0
174908,174908,174912,4,0
174908,174908,174912,4,0
174908,174908,174911,3,0
174908,174908,174913,5,0
174908,174908,174912,4,0
174908,174908,174912,4,0
174908,174908,174912,4,0
174908,174908,174912,4,0
174908,174908,174912,4,0
174908,174908,174912,4,0
174908,174908,174912,4,0
174908,174908,174913,5,0
174908,174908,174913,5,0
174908,174908,174912,4,0
174908,174908,174913,5,0
174908,174908,174912,4,0
174908,174908,174913,5,0
174908,174908,174913,5,0
174908,174908,174913,5,0
174908,174910,174914,4,2
174908,174910,174913,3,2
174908,174910,174914,4,2
174908,174911,174914,3,3
174908,174911,174914,3,3
174908,174912,174915,3,4
174908,174912,174915,3,4
174908,174911,174915,4,3
174908,174912,174915,3,4
174908,174912,174915,3,4
174908,174912,174915,3,4
174908,174912,174915,3,4
174908,174912,174916,4,4
174908,174912,174916,4,4
174908,174913,174916,3,5
174908,174912,174916,4,4
174908,174912,174916,4,4
174908,174913,174916,3,5
174908,174912,174916,4,4
174908,174913,174916,3,5
174908,174912,174916,4,4
174908,174912,174916,4,4
174908,174913,174916,3,5
174908,174913,174916,3,5
174908,174912,174916,4,4
174908,174913,174916,3,5
174908,174913,174916,3,5
174908,174913,174917,4,5
174908,174914,174917,3,6
174908,174912,174917,5,4
174908,174912,174916,4,4
174908,174913,174917,4,5
174908,174913,174917,4,5
174908,174913,174916,3,5
174908,174914,174917,3,6
174908,174913,174917,4,5
174908,174914,174918,4,6
174908,174914,174917,3,6
174908,174913,174917,4,5
174908,174914,174918,4,6
174908,174915,174919,4,7
174908,174914,174918,4,6
174908,174915,174919,4,7
174908,174916,174919,3,8
174908,174916,174919,3,8
174908,174916,174919,3,8
174908,174915,174919,4,7
174908,174916,174919,3,8
174908,174916,174919,3,8
174908,174915,174919,4,7
174908,174916,174919,3,8
174908,174916,174920,4,8
174908,174916,174920,4,8
174908,174916,174919,3,8
174908,174916,174919,3,8
174908,174916,174920,4,8
174908,174916,174919,3,8
174908,174916,174920,4,8
174908,174916,174920,4,8
174908,174915,174920,5,7
174908,174916,174920,4,8
174908,174916,174920,4,8
174908,174917,174920,3,9
174908,174917,174920,3,9
174908,174917,174921,4,9
174908,174918,174920,2,10
174908,174918,174921,3,10
174908,174917,174920,3,9
174908,174918,174920,2,10
174908,174919,174921,2,11
174908,174917,174921,4,9
174908,174917,174921,4,9
174908,174917,174921,4,9
174908,174917,174921,4,9
174908,174917,174921,4,9
174908,174917,174921,4,9
174908,174918,174921,3,10
174908,174918,174921,3,10
174908,174918,174922,4,10
174908,174919,174922,3,11
174908,174919,174923,4,11
174894,174895,174908,13,1
174894,174903,174906,3,9
174908,174928,174933,5,20
174045,174077,174965,888,32
174967,174967,174970,3,0
174967,174967,174969,2,0
174967,174967,174970,3,0
174967,174967,174969,2,0
174967,174967,174969,2,0
174967,174967,174970,3,0
174967,174967,174971,4,0
174967,174967,174970,3,0
174967,174967,174971,4,0
174967,174967,174970,3,0
174967,174967,174971,4,0
174967,174967,174971,4,0
174967,174967,174970,3,0
174967,174967,174971,4,0
174967,174967,174971,4,0
174967,174967,174972,5,0
174967,174967,174971,4,0
174967,174967,174971,4,0
174967,174967,174971,4,0
174967,174967,174971,4,0
174967,174967,174972,5,0
174967,174967,174971,4,0
174967,174967,174971,4,0
174967,174967,174971,4,0
174967,174967,174971,4,0
174967,174967,174972,5,0
174967,174967,174971,4,0
174967,174967,174971,4,0
174967,174967,174972,5,0
174967,174967,174971,4,0
174967,174967,174971,4,0
174967,174967,174972,5,0
174967,174967,174973,6,0
174967,174970,174973,3,3
174967,174967,174972,5,0
174967,174967,174973,6,0
174967,174971,174974,3,4
174967,174971,174973,2,4
174967,174971,174973,2,4
174967,174970,174973,3,3
174967,174970,174974,4,3
174967,174970,174975,5,3
174967,174971,174974,3,4
174967,174972,174975,3,5
174967,174970,174975,5,3
174967,174971,174975,4,4
174967,174971,174975,4,4
174967,174972,174975,3,5
174967,174971,174975,4,4
174967,174971,174976,5,4
174967,174972,174975,3,5
174967,174972,174976,4,5
174967,174972,174976,4,5
174967,174972,174976,4,5
174967,174972,174976,4,5
174967,174972,174976,4,5
174967,174972,174976,4,5
174967,174972,174976,4,5
174967,174972,174976,4,5
174967,174972,174976,4,5
174967,174971,174975,4,4
174967,174972,174975,3,5
174967,174972,174977,5,5
174967,174973,174977,4,6
174967,174972,174976,4,5
174967,174972,174976,4,5
174967,174974,174977,3,7
174967,174972,174977,5,5
174967,174973,174977,4,6
174967,174973,174977,4,6
174967,174974,174977,3,7
174967,174974,174977,3,7
174967,174974,174977,3,7
174967,174974,174978,4,7
174967,174974,174978,4,7
174967,174973,174978,5,6
174967,174975,174978,3,8
174967,174975,174979,4,8
174967,174976,174979,3,9
174967,174976,174979,3,9
174967,174976,174979,3,9
174967,174976,174979,3,9
174967,174975,174979,4,8
174967,174975,174979,4,8
174967,174975,174979,4,8
174967,174976,174979,3,9
174967,174976,174979,3,9
174967,174976,174980,4,9
174967,174975,174980,5,8
174967,174976,174980,4,9
174967,174976,174979,3,9
174967,174976,174980,4,9
174967,174977,174980,3,10
174967,174975,174980,5,8
174967,174976,174980,4,9
174967,174976,174980,4,9
174967,174977,174980,3,10
174967,174976,174980,4,9
174967,174978,174980,2,11
174967,174976,174980,4,9
174967,174978,174981,3,11
174967,174978,174981,3,11
174967,174978,174981,3,11
174967,174977,174980,3,10
174967,174977,174981,4,10
174967,174977,174981,4,10
174967,174978,174981,3,11
174967,174977,174981,4,10
174967,174977,174980,3,10
174967,174978,174981,3,11
174967,174978,174981,3,11
174967,174977,174981,4,10
174967,174977,174982,5,10
174967,174977,174982,5,10
174967,174979,174982,3,12
174967,174979,174982,3,12
174967,174979,174982,3,12
174066,174098,174988,890,32
174070,174098,174988,890,28
174967,174988,174991,3,21
174990,174990,174992,2,0
174967,174988,174992,4,21
174990,174990,174992,2,0
174990,174990,174992,2,0
174990,174990,174993,3,0
174967,174988,174993,5,21
174990,174990,174994,4,0
174990,174990,174994,4,0
174990,174990,174994,4,0
174990,174990,174994,4,0
174990,174990,174994,4,0
174990,174990,174994,4,0
174990,174990,174994,4,0
174990,174990,174994,4,0
174990,174990,174995,5,0
174990,174990,174995,5,0
174990,174990,174995,5,0
174990,174990,174995,5,0
174990,174990,174995,5,0
174990,174990,174995,5,0
174990,174990,174995,5,0
174990,174990,174995,5,0
174990,174990,174994,4,0
174990,174990,174994,4,0
174990,174990,174995,5,0
174062,174087,174995,908,25
174990,174990,174995,5,0
174990,174990,174995,5,0
174990,174990,174995,5,0
174990,174990,174995,5,0
174990,174990,174995,5,0
174990,174990,174995,5,0
174990,174990,174995,5,0
174990,174990,174995,5,0
174990,174990,174995,5,0
174990,174990,174995,5,0
174990,174990,174995,5,0
174990,174992,174995,3,2
174990,174990,174995,5,0
174990,174990,174996,6,0
174990,174990,174996,6,0
174990,174990,174996,6,0
174990,174990,174996,6,0
174990,174991,174996,5,1
174990,174993,174997,4,3
174990,174992,174997,5,2
174990,174993,174997,4,3
174990,174993,174997,4,3
174990,174995,174998,3,5
174990,174994,174998,4,4
174990,174993,174998,5,3
174990,174994,174998,4,4
174990,174994,174998,4,4
174990,174994,174998,4,4
174990,174994,174998,4,4
174990,174994,174999,5,4
174990,174995,174999,4,5
174990,174995,174999,4,5
174990,174995,174999,4,5
174990,174997,174999,2,7
174990,174997,174999,2,7
174990,174997,174999,2,7
174990,174994,174999,5,4
174990,174996,174999,3,6
174990,174997,174999,2,7
174990,174996,174999,3,6
174990,174997,175000,3,7
174990,174996,174999,3,6
174990,174996,175000,4,6
174990,174996,174999,3,6
174990,174996,174999,3,6
174990,174996,174999,3,6
174990,174996,175000,4,6
174990,174995,175000,5,5
174990,174995,175000,5,5
174990,174995,175000,5,5
174990,174996,175000,4,6
174990,174995,175000,5,5
174990,174995,175000,5,5
174990,174995,175000,5,5
174990,174996,175000,4,6
174990,174996,175000,4,6
174990,174996,175000,4,6
174990,174996,175000,4,6
174990,174996,175000,4,6
174990,174996,175001,5,6
174990,174995,175001,6,5
174990,174999,175001,2,9
174990,174998,175001,3,8
174990,174998,175001,3,8
174990,174998,175001,3,8
174990,174998,175001,3,8
174990,174999,175002,3,9
174990,174999,175001,2,9
174990,174997,175002,5,7
174990,175000,175002,2,10
174990,175000,175002,2,10
174990,175000,175003,3,10
174990,174999,175003,4,9
174990,174999,175002,3,9
174990,174999,175003,4,9
174990,175000,175003,3,10
174990,175000,175003,3,10
174990,175001,175004,3,11
174990,175001,175003,2,11
174990,175000,175003,3,10
174990,175001,175004,3,11
174990,175001,175004,3,11
174990,175000,175003,3,10
174990,175000,175004,4,10
174990,175000,175003,3,10
174990,175000,175004,4,10
174990,175000,175003,3,10
174990,175000,175003,3,10
174990,175000,175003,3,10
174990,175000,175003,3,10
174990,175001,175004,3,11
174990,175000,175004,4,10
174990,175001,175004,3,11
174990,175001,175004,3,11
174990,175001,175004,3,11
174990,175000,175004,4,10
174990,175000,175006,6,10
174073,174108,175014,906,35
175017,175017,175019,2,0
175017,175017,175019,2,0
175017,175017,175019,2,0
175017,175017,175020,3,0
175017,175017,175019,2,0
175017,175017,175020,3,0
175017,175017,175021,4,0
175017,175017,175020,3,0
175017,175017,175020,3,0
175017,175017,175021,4,0
175017,175017,175021,4,0
175017,175017,175021,4,0
175017,175017,175020,3,0
175017,175017,175021,4,0
175017,175017,175021,4,0
175017,175017,175021,4,0
175017,175017,175021,4,0
175017,175017,175021,4,0
175017,175017,175021,4,0
175017,175017,175022,5,0
175017,175017,175022,5,0
175017,175017,175022,5,0
175017,175017,175021,4,0
175017,175017,175022,5,0
175017,175017,175022,5,0
175017,175017,175022,5,0
175017,175017,175021,4,0
175017,175017,175022,5,0
175017,175017,175022,5,0
175017,175017,175022,5,0
175017,175017,175022,5,0
175017,175017,175021,4,0
175017,175017,175022,5,0
175017,175017,175021,4,0
175017,175017,175022,5,0
175017,175017,175022,5,0
175017,175017,175022,5,0
175017,175017,175022,5,0
175017,175017,175022,5,0
175017,175017,175022,5,0
175017,175019,175023,4,2
175017,175020,175023,3,3
175017,175017,175023,6,0
174139,174156,175024,868,17
175017,175021,175024,3,4
175017,175021,175024,3,4
175017,175020,175024,4,3
175017,175020,175024,4,3
175017,175021,175024,3,4
175017,175020,175025,5,3
175017,175021,175025,4,4
175017,175021,175025,4,4
175017,175021,175025,4,4
175017,175021,175025,4,4
175017,175021,175025,4,4
175017,175021,175025,4,4
175017,175020,175025,5,3
175017,175022,175026,4,5
175017,175022,175026,4,5
175017,175022,175026,4,5
175017,175022,175026,4,5
175017,175022,175026,4,5
175017,175023,175026,3,6
175017,175022,175025,3,5
175017,175022,175026,4,5
175017,175023,175026,3,6
175017,175022,175025,3,5
175017,175022,175026,4,5
175017,175023,175026,3,6
175017,175021,175025,4,4
175017,175022,175026,4,5
175017,175022,175026,4,5
175017,175023,175026,3,6
175017,175022,175027,5,5
175017,175022,175026,4,5
175017,175022,175027,5,5
175017,175024,175027,3,7
175017,175022,175026,4,5
175017,175022,175027,5,5
175017,175024,175027,3,7
175017,175022,175027,5,5
175017,175022,175027,5,5
175017,175023,175026,3,6
175017,175023,175027,4,6
175017,175024,175028,4,7
175017,175023,175027,4,6
175017,175024,175028,4,7
175017,175024,175028,4,7
175017,175022,175027,5,5
175017,175025,175029,4,8
175017,175025,175029,4,8
175017,175025,175029,4,8
175017,175026,175029,3,9
175017,175026,175029,3,9
175017,175026,175029,3,9
175017,175026,175029,3,9
175017,175025,175029,4,8
175017,175025,175029,4,8
175017,175025,175029,4,8
175017,175025,175029,4,8
175017,175026,175029,3,9
175017,175026,175029,3,9
175017,175026,175030,4,9
175017,175026,175029,3,9
175017,175027,175030,3,10
175017,175027,175030,3,10
175017,175026,175030,4,9
175017,175026,175030,4,9
175017,175026,175029,3,9
175017,175027,175030,3,10
175017,175027,175030,3,10
175017,175026,175029,3,9
175017,175027,175030,3,10
175017,175025,175030,5,8
175017,175026,175030,4,9
175017,175026,175030,4,9
175017,175026,175030,4,9
175017,175027,175030,3,10
175017,175029,175031,2,12
175017,175029,175031,2,12
175017,175029,175031,2,12
175017,175027,175031,4,10
175017,175027,175031,4,10
175017,175028,175031,3,11
175017,175027,175031,4,10
175017,175029,175032,3,12
175017,175028,175032,4,11
175017,175028,175032,4,11
175017,175029,175032,3,12
175017,175030,175032,2,13
175017,175028,175032,4,11
175017,175028,175032,4,11
175017,175030,175032,2,13
175017,175027,175032,5,10
175017,175027,175032,5,10
175017,175029,175032,3,12
175017,175027,175032,5,10
175017,175030,175033,3,13
175017,175030,175033,3,13
175017,175030,175033,3,13
175017,175030,175033,3,13
175017,175029,175033,4,12
175017,175029,175033,4,12
175017,175029,175033,4,12
175017,175029,175033,4,12
175017,175030,175033,3,13
175017,175030,175033,3,13
175017,175030,175033,3,13
175017,175031,175033,2,14
175017,175030,175034,4,13
175017,175031,175034,3,14
175017,175029,175034,5,12
175017,175033,175034,1,16
175017,175030,175034,4,13
175017,175033,175034,1,16
175017,175033,175034,1,16
175017,175031,175034,3,14
175017,175031,175034,3,14
175017,175031,175034,3,14
175017,175032,175035,3,15
175017,175030,175034,4,13
175017,175031,175035,4,14
175017,175031,175035,4,14
175017,175031,175036,5,14
175017,175033,175035,2,16
175017,175033,175035,2,16
175017,175031,175036,5,14
175017,175031,175035,4,14
175017,175032,175035,3,15
175017,175033,175035,2,16
175017,175033,175036,3,16
175017,175032,175036,4,15
175017,175032,175036,4,15
175017,175033,175037,4,16
175017,175033,175036,3,16
175017,175033,175037,4,16
175017,175032,175037,5,15
175017,175033,175037,4,16
175017,175032,175037,5,15
175017,175033,175037,4,16
175017,175034,175037,3,17
175017,175033,175037,4,16
175017,175035,175037,2,18
175017,175035,175037,2,18
175017,175034,175038,4,17
175017,175035,175037,2,18
175017,175035,175038,3,18
175017,175034,175037,3,17
175017,175034,175037,3,17
175017,175034,175037,3,17
175017,175035,175037,2,18
175017,175035,175037,2,18
175017,175035,175037,2,18
175017,175034,175037,3,17
175017,175034,175038,4,17
175017,175035,175038,3,18
175017,175033,175038,5,16
175017,175034,175038,4,17
175017,175034,175038,4,17
175017,175035,175039,4,18
175017,175035,175038,3,18
175017,175036,175039,3,19
175017,175036,175038,2,19
175017,175034,175038,4,17
175017,175036,175039,3,19
175017,175037,175039,2,20
175017,175037,175040,3,20
175017,175036,175039,3,19
175017,175036,175039,3,19
175017,175036,175040,4,19
175017,175037,175040,3,20
175017,175037,175040,3,20
175017,175017,175028,11,0
175017,175017,175038,21,0
175017,175038,175040,2,21
175017,175038,175040,2,21
175017,175037,175040,3,20
175017,175038,175041,3,21
175017,175037,175040,3,20
175017,175038,175041,3,21
175017,175038,175041,3,21
175017,175036,175040,4,19
175017,175037,175041,4,20
175017,175038,175041,3,21
175017,175038,175041,3,21
175017,175038,175041,3,21
175017,175039,175041,2,22
175017,175038,175041,3,21
175017,175038,175041,3,21
175017,175038,175041,3,21
175017,175038,175041,3,21
175017,175038,175041,3,21
175017,175038,175041,3,21
175017,175038,175041,3,21
175017,175038,175041,3,21
175017,175038,175041,3,21
175017,175038,175042,4,21
175040,175041,175044,3,1
175040,175042,175044,2,2
175040,175042,175043,1,2
175040,175042,175043,1,2
175040,175040,175044,4,0
175040,175042,175044,2,2
175040,175041,175043,2,1
175040,175040,175044,4,0
175040,175041,175044,3,1
175040,175040,175044,4,0
175040,175041,175044,3,1
175040,175041,175044,3,1
175040,175041,175044,3,1
175040,175042,175044,2,2
175017,175041,175044,3,24
175040,175040,175044,4,0
175040,175041,175044,3,1
175040,175040,175044,4,0
175040,175040,175044,4,0
175040,175040,175044,4,0
175040,175040,175044,4,0
175040,175040,175044,4,0
175040,175040,175044,4,0
175040,175041,175045,4,1
175040,175041,175045,4,1
175040,175041,175045,4,1
175040,175041,175045,4,1
175040,175041,175045,4,1
175040,175041,175046,5,1
175040,175041,175046,5,1
175040,175042,175045,3,2
175040,175040,175045,5,0
175040,175042,175046,4,2
175040,175042,175045,3,2
175040,175042,175045,3,2
175040,175040,175046,6,0
175040,175041,175046,5,1
175040,175042,175046,4,2
175040,175041,175047,6,1
175040,175045,175047,2,5
175040,175045,175047,2,5
175040,175045,175047,2,5
175040,175042,175047,5,2
175040,175044,175048,4,4
175040,175044,175048,4,4
175040,175044,175048,4,4
175040,175044,175048,4,4
175040,175044,175048,4,4
175040,175045,175048,3,5
175040,175045,175049,4,5
175040,175044,175048,4,4
175040,175044,175048,4,4
175040,175044,175048,4,4
175040,175045,175049,4,5
175040,175045,175049,4,5
175040,175044,175049,5,4
175040,175044,175048,4,4
175040,175045,175048,3,5
175040,175045,175049,4,5
175040,175046,175049,3,6
175040,175046,175049,3,6
175040,175044,175049,5,4
175040,175044,175049,5,4
175040,175047,175050,3,7
175040,175047,175049,2,7
175040,175046,175050,4,6
175040,175046,175050,4,6
175040,175046,175049,3,6
175040,175046,175049,3,6
175040,175045,175049,4,5
175040,175047,175050,3,7
175040,175046,175050,4,6
175040,175045,175050,5,5
175040,175045,175050,5,5
175040,175045,175050,5,5
175040,175046,175049,3,6
175040,175048,175050,2,8
175040,175045,175050,5,5
175040,175046,175051,5,6
175040,175048,175051,3,8
175040,175048,175051,3,8
175040,175048,175051,3,8
175040,175048,175051,3,8
175040,175048,175052,4,8
175040,175050,175052,2,10
175040,175048,175051,3,8
175040,175048,175051,3,8
175040,175049,175052,3,9
175040,175049,175052,3,9
175040,175049,175052,3,9
175040,175049,175052,3,9
175040,175050,175053,3,10
175040,175050,175053,3,10
175040,175049,175052,3,9
175040,175049,175053,4,9
175040,175050,175053,3,10
175040,175050,175053,3,10
175040,175050,175053,3,10
175040,175049,175053,4,9
175040,175049,175052,3,9
175040,175049,175053,4,9
175040,175049,175052,3,9
175040,175049,175053,4,9
175040,175049,175053,4,9
175040,175050,175053,3,10
175040,175049,175053,4,9
175040,175050,175053,3,10
175040,175049,175053,4,9
175040,175049,175053,4,9
175040,175050,175053,3,10
175040,175050,175053,3,10
175040,175050,175053,3,10
175040,175050,175054,4,10
175040,175051,175054,3,11
175040,175050,175054,4,10
175040,175050,175054,4,10
175043,175051,175054,3,8
175040,175051,175054,3,11
175040,175051,175054,3,11
175040,175051,175054,3,11
175043,175052,175055,3,9
175043,175052,175055,3,9
175043,175052,175055,3,9
175040,175051,175055,4,11
175043,175052,175055,3,9
175040,175050,175055,5,10
175043,175053,175055,2,10
175043,175052,175056,4,9
175043,175053,175056,3,10
175043,175053,175055,2,10
175043,175053,175056,3,10
175043,175052,175056,4,9
175043,175053,175056,3,10
175043,175053,175056,3,10
175043,175053,175056,3,10
175043,175055,175056,1,12
175017,175036,175040,4,19
175017,175036,175040,4,19
175017,175036,175039,3,19
175043,175054,175056,2,11
175043,175055,175056,1,12
175043,175053,175056,3,10
175043,175053,175056,3,10
175043,175054,175056,2,11
175043,175055,175057,2,12
175043,175053,175056,3,10
175043,175053,175057,4,10
175043,175054,175057,3,11
175043,175056,175057,1,13
175043,175056,175057,1,13
175043,175053,175057,4,10
175043,175055,175057,2,12
175043,175055,175057,2,12
175043,175055,175058,3,12
175043,175053,175058,5,10
175043,175053,175057,4,10
175043,175054,175057,3,11
175043,175054,175057,3,11
175043,175055,175058,3,12
175043,175054,175058,4,11
175043,175053,175058,5,10
175043,175053,175058,5,10
175043,175054,175058,4,11
175043,175056,175058,2,13
175043,175056,175058,2,13
175043,175054,175058,4,11
175043,175055,175059,4,12
175043,175056,175058,2,13
175043,175055,175058,3,12
175043,175055,175059,4,12
175043,175056,175059,3,13
175043,175056,175059,3,13
175043,175057,175059,2,14
175043,175057,175060,3,14
175043,175057,175060,3,14
175043,175057,175060,3,14
175043,175056,175060,4,13
175043,175056,175060,4,13
175043,175056,175060,4,13
175043,175056,175061,5,13
175043,175056,175061,5,13
175043,175057,175060,3,14
175043,175058,175060,2,15
175043,175058,175061,3,15
175043,175058,175060,2,15
175043,175058,175060,2,15
175043,175058,175061,3,15
175043,175057,175060,3,14
175043,175057,175060,3,14
175043,175058,175061,3,15
175043,175057,175061,4,14
175043,175058,175061,3,15
175043,175058,175060,2,15
175043,175057,175061,4,14
175043,175058,175061,3,15
175043,175058,175061,3,15
175043,175057,175061,4,14
175043,175057,175061,4,14
175043,175058,175061,3,15
175043,175058,175062,4,15
175043,175061,175063,2,18
175043,175060,175062,2,17
175043,175061,175062,1,18
175043,175061,175062,1,18
175043,175059,175062,3,16
175043,175060,175062,2,17
175043,175060,175062,2,17
175043,175059,175062,3,16
175043,175059,175062,3,16
175043,175059,175062,3,16
175043,175059,175062,3,16
175043,175058,175062,4,15
175043,175059,175062,3,16
175043,175059,175063,4,16
175043,175059,175063,4,16
175043,175061,175063,2,18
175043,175059,175063,4,16
175043,175060,175063,3,17
175043,175059,175063,4,16
175043,175061,175063,2,18
175043,175059,175063,4,16
175043,175061,175063,2,18
175043,175061,175064,3,18
175043,175061,175064,3,18
175043,175061,175063,2,18
175043,175061,175063,2,18
175043,175061,175063,2,18
175043,175061,175063,2,18
175043,175061,175064,3,18
175043,175059,175064,5,16
175043,175060,175064,4,17
175043,175062,175064,2,19
175043,175062,175064,2,19
175043,175061,175064,3,18
175043,175061,175065,4,18
175043,175062,175065,3,19
175043,175062,175065,3,19
175043,175061,175065,4,18
175043,175062,175065,3,19
175043,175062,175065,3,19
175043,175063,175065,2,20
175043,175063,175065,2,20
175043,175063,175065,2,20
175043,175061,175065,4,18
174159,174186,175093,907,27
175102,175102,175104,2,0
175102,175102,175105,3,0
175102,175102,175105,3,0
175102,175103,175105,2,1
175102,175102,175104,2,0
175102,175102,175105,3,0
175102,175102,175106,4,0
175102,175102,175105,3,0
175102,175102,175106,4,0
175102,175102,175105,3,0
175102,175102,175106,4,0
175102,175102,175106,4,0
175102,175102,175105,3,0
175102,175102,175106,4,0
175102,175102,175106,4,0
175102,175102,175106,4,0
175102,175102,175106,4,0
175102,175102,175106,4,0
175102,175102,175106,4,0
175102,175102,175106,4,0
175102,175102,175106,4,0
175102,175102,175106,4,0
175102,175102,175107,5,0
175102,175102,175107,5,0
175102,175102,175107,5,0
175102,175102,175107,5,0
175102,175103,175107,4,1
175102,175103,175107,4,1
175102,175102,175107,5,0
175102,175102,175107,5,0
175102,175102,175106,4,0
175102,175102,175107,5,0
175102,175102,175107,5,0
175102,175102,175107,5,0
175102,175102,175106,4,0
175102,175102,175106,4,0
175102,175102,175106,4,0
175102,175102,175106,4,0
175102,175104,175107,3,2
175102,175105,175109,4,3
175102,175105,175109,4,3
175102,175105,175109,4,3
175102,175105,175109,4,3
175102,175106,175109,3,4
175102,175106,175109,3,4
175102,175105,175110,5,3
175102,175106,175110,4,4
175102,175106,175110,4,4
175102,175107,175109,2,5
175102,175107,175110,3,5
175102,175106,175109,3,4
175102,175106,175110,4,4
175102,175106,175110,4,4
175102,175106,175109,3,4
175102,175106,175110,4,4
175102,175106,175110,4,4
175102,175106,175110,4,4
175102,175106,175110,4,4
175102,175107,175111,4,5
175102,175107,175110,3,5
175102,175106,175111,5,4
175102,175106,175111,5,4
175102,175107,175111,4,5
175102,175106,175111,5,4
175102,175107,175111,4,5
175102,175107,175111,4,5
175102,175107,175111,4,5
175102,175107,175111,4,5
175102,175107,175111,4,5
175102,175107,175111,4,5
175102,175107,175112,5,5
175102,175107,175111,4,5
175102,175107,175112,5,5
175102,175109,175112,3,7
175102,175109,175113,4,7
175102,175109,175113,4,7
175102,175110,175113,3,8
175102,175110,175113,3,8
175102,175110,175113,3,8
175102,175109,175112,3,7
175102,175109,175113,4,7
175102,175110,175113,3,8
175102,175110,175113,3,8
175102,175109,175113,4,7
175102,175110,175113,3,8
175102,175110,175113,3,8
175102,175112,175114,2,10
175102,175110,175113,3,8
174217,174233,175113,880,16
175102,175110,175114,4,8
175102,175111,175114,3,9
175102,175110,175114,4,8
175102,175110,175114,4,8
175102,175110,175114,4,8
175102,175110,175114,4,8
175102,175111,175114,3,9
175102,175111,175114,3,9
175102,175112,175114,2,10
175102,175112,175115,3,10
175102,175111,175114,3,9
175102,175111,175115,4,9
175102,175111,175115,4,9
175102,175111,175114,3,9
175102,175112,175115,3,10
175102,175111,175115,4,9
175102,175112,175115,3,10
175102,175113,175115,2,11
175102,175113,175116,3,11
175102,175114,175116,2,12
175102,175114,175116,2,12
175102,175113,175116,3,11
175102,175113,175116,3,11
175102,175112,175116,4,10
175102,175113,175116,3,11
175102,175117,175119,2,15
175117,175117,175119,2,0
175117,175117,175119,2,0
175117,175117,175120,3,0
175117,175117,175119,2,0
175102,175117,175120,3,15
175117,175117,175120,3,0
175117,175117,175120,3,0
175117,175117,175120,3,0
175117,175117,175120,3,0
175117,175117,175120,3,0
175117,175117,175120,3,0
175117,175117,175121,4,0
175117,175117,175120,3,0
175117,175117,175120,3,0
175117,175117,175120,3,0
175117,175117,175120,3,0
175117,175117,175121,4,0
175117,175117,175120,3,0
175117,175117,175121,4,0
175117,175117,175120,3,0
175117,175117,175121,4,0
175102,175117,175121,4,15
175117,175117,175121,4,0
175117,175117,175121,4,0
175117,175117,175121,4,0
175117,175117,175121,4,0
175117,175117,175121,4,0
175117,175117,175121,4,0
175117,175117,175121,4,0
175117,175117,175121,4,0
175117,175117,175122,5,0
175117,175117,175121,4,0
175117,175117,175121,4,0
175117,175117,175121,4,0
175117,175117,175122,5,0
175117,175117,175121,4,0
175117,175120,175124,4,3
175117,175119,175124,5,2
175117,175121,175124,3,4
175117,175121,175124,3,4
175117,175122,175125,3,5
175117,175121,175124,3,4
175117,175122,175125,3,5
175117,175122,175124,2,5
175117,175120,175124,4,3
175117,175121,175125,4,4
175117,175121,175124,3,4
175117,175121,175125,4,4
175117,175120,175124,4,3
175117,175122,175124,2,5
175117,175120,175124,4,3
175117,175122,175125,3,5
175117,175121,175125,4,4
175117,175121,175125,4,4
175117,175121,175124,3,4
175117,175121,175125,4,4
175117,175122,175125,3,5
175117,175120,175125,5,3
175117,175121,175125,4,4
175117,175121,175125,4,4
175117,175121,175125,4,4
175117,175122,175125,3,5
175117,175122,175126,4,5
175117,175121,175125,4,4
175117,175122,175125,3,5
175117,175122,175126,4,5
175117,175122,175126,4,5
175117,175121,175125,4,4
175117,175121,175125,4,4
175117,175121,175125,4,4
175102,175123,175125,2,21
175117,175122,175125,3,5
175117,175122,175126,4,5
175117,175122,175126,4,5
175102,175123,175126,3,21
175102,175123,175127,4,21
175117,175124,175127,3,7
175117,175125,175128,3,8
175117,175125,175128,3,8
175117,175125,175128,3,8
175117,175125,175127,2,8
175102,175123,175127,4,21
175117,175125,175128,3,8
175117,175126,175129,3,9
175117,175125,175129,4,8
175117,175126,175129,3,9
175117,175126,175128,2,9
175117,175125,175128,3,8
175117,175125,175129,4,8
175117,175125,175129,4,8
175117,175125,175129,4,8
175117,175125,175129,4,8
175117,175125,175129,4,8
175117,175126,175128,2,9
175117,175126,175128,2,9
175117,175125,175129,4,8
175117,175125,175129,4,8
175117,175126,175129,3,9
175117,175125,175129,4,8
175117,175126,175129,3,9
175117,175125,175129,4,8
175117,175126,175129,3,9
175117,175126,175129,3,9
175117,175126,175129,3,9
175117,175127,175130,3,10
175117,175125,175129,4,8
175117,175125,175129,4,8
175117,175125,175129,4,8
175117,175126,175129,3,9
175117,175126,175130,4,9
175117,175126,175130,4,9
175117,175125,175129,4,8
175117,175126,175129,3,9
175117,175126,175130,4,9
175117,175126,175130,4,9
175117,175127,175130,3,10
175117,175127,175130,3,10
175117,175127,175130,3,10
175117,175128,175131,3,11
175117,175128,175131,3,11
175117,175128,175131,3,11
175117,175128,175131,3,11
175117,175128,175131,3,11
175117,175129,175131,2,12
175117,175129,175132,3,12
175117,175129,175132,3,12
174237,174253,175139,886,16
175151,175152,175154,2,1
175151,175152,175154,2,1
175151,175152,175155,3,1
175151,175152,175155,3,1
175151,175152,175155,3,1
175151,175152,175155,3,1
175151,175152,175155,3,1
175151,175152,175155,3,1
175151,175152,175155,3,1
175151,175152,175155,3,1
175151,175152,175156,4,1
175151,175152,175155,3,1
175151,175152,175155,3,1
175151,175152,175155,3,1
175151,175152,175155,3,1
175151,175152,175155,3,1
175151,175152,175155,3,1
175151,175152,175155,3,1
175151,175152,175155,3,1
175151,175152,175155,3,1
175151,175152,175155,3,1
175151,175152,175156,4,1
175151,175152,175155,3,1
175151,175152,175156,4,1
175151,175152,175156,4,1
175151,175152,175156,4,1
175151,175152,175156,4,1
175151,175152,175156,4,1
175151,175152,175156,4,1
175151,175152,175156,4,1
175151,175152,175156,4,1
175151,175152,175156,4,1
175151,175152,175156,4,1
175151,175152,175156,4,1
175151,175152,175156,4,1
175151,175152,175156,4,1
175151,175152,175156,4,1
175151,175152,175156,4,1
175151,175152,175156,4,1
175151,175152,175156,4,1
175151,175155,175158,3,4
175151,175155,175158,3,4
175151,175156,175159,3,5
175151,175156,175158,2,5
175151,175156,175159,3,5
175151,175155,175159,4,4
175151,175155,175159,4,4
175151,175156,175159,3,5
175151,175156,175159,3,5
175151,175156,175159,3,5
175151,175156,175159,3,5
175151,175157,175159,2,6
175151,175156,175159,3,5
175151,175157,175159,2,6
175151,175156,175160,4,5
175151,175157,175159,2,6
175151,175157,175160,3,6
175151,175156,175159,3,5
175151,175155,175159,4,4
175151,175156,175160,4,5
175151,175156,175160,4,5
175151,175156,175160,4,5
175151,175157,175160,3,6
175151,175156,175160,4,5
175151,175156,175160,4,5
175151,175156,175160,4,5
175151,175157,175160,3,6
175151,175156,175160,4,5
175151,175156,175160,4,5
175151,175156,175160,4,5
175151,175157,175160,3,6
175151,175157,175161,4,6
175151,175157,175160,3,6
175151,175156,175160,4,5
175151,175156,175160,4,5
175151,175157,175161,4,6
175151,175157,175160,3,6
175151,175157,175162,5,6
175151,175157,175161,4,6
175151,175158,175161,3,7
175151,175159,175162,3,8
175151,175160,175162,2,9
175151,175160,175163,3,9
175151,175160,175162,2,9
175151,175159,175163,4,8
175151,175159,175162,3,8
175151,175160,175162,2,9
175151,175160,175162,2,9
175151,175160,175163,3,9
175151,175159,175162,3,8
175151,175159,175162,3,8
175151,175160,175163,3,9
175151,175159,175163,4,8
175151,175159,175163,4,8
175151,175160,175163,3,9
175151,175161,175164,3,10
175151,175161,175164,3,10
175151,175161,175164,3,10
175151,175160,175163,3,9
175151,175160,175163,3,9
175151,175160,175164,4,9
175151,175160,175163,3,9
175151,175160,175163,3,9
175151,175161,175164,3,10
175151,175160,175164,4,9
175151,175160,175163,3,9
175151,175161,175164,3,10
175151,175161,175164,3,10
175151,175160,175164,4,9
175151,175160,175164,4,9
175151,175161,175164,3,10
175151,175160,175164,4,9
175151,175161,175164,3,10
175151,175161,175164,3,10
175151,175161,175164,3,10
174294,174300,175165,865,6
175151,175161,175164,3,10
175151,175162,175165,3,11
175151,175162,175165,3,11
175167,175167,175170,3,0
175167,175167,175170,3,0
175167,175167,175170,3,0
175167,175167,175171,4,0
175167,175167,175171,4,0
175167,175167,175171,4,0
175167,175167,175170,3,0
175167,175167,175171,4,0
175167,175167,175171,4,0
175167,175167,175170,3,0
175167,175167,175170,3,0
175167,175167,175171,4,0
175167,175167,175170,3,0
175167,175167,175171,4,0
175151,175152,175164,12,1
175167,175167,175172,5,0
175167,175167,175171,4,0
175167,175167,175172,5,0
175167,175167,175172,5,0
175167,175167,175171,4,0
175167,175167,175171,4,0
175167,175167,175171,4,0
175167,175167,175171,4,0
175167,175167,175171,4,0
175167,175167,175172,5,0
175167,175167,175172,5,0
175167,175167,175172,5,0
175167,175167,175171,4,0
175167,175167,175171,4,0
175167,175167,175172,5,0
175167,175167,175171,4,0
175167,175167,175171,4,0
175167,175167,175171,4,0
175167,175167,175172,5,0
175167,175167,175173,6,0
175167,175167,175172,5,0
175167,175170,175173,3,3
175167,175167,175172,5,0
175167,175167,175172,5,0
175167,175167,175172,5,0
175167,175170,175174,4,3
175167,175171,175174,3,4
175167,175171,175174,3,4
175167,175170,175174,4,3
175167,175172,175175,3,5
175167,175171,175175,4,4
175167,175171,175174,3,4
175167,175172,175175,3,5
175167,175171,175174,3,4
175167,175171,175175,4,4
175167,175172,175175,3,5
175167,175171,175175,4,4
175151,175172,175176,4,21
175167,175172,175176,4,5
175167,175171,175176,5,4
175167,175172,175176,4,5
175167,175172,175176,4,5
175167,175172,175176,4,5
175167,175172,175176,4,5
175167,175171,175176,5,4
175167,175172,175176,4,5
175167,175172,175176,4,5
175167,175171,175176,5,4
175167,175172,175176,4,5
175167,175172,175176,4,5
175167,175172,175175,3,5
175167,175172,175176,4,5
175167,175173,175176,3,6
175167,175172,175176,4,5
175167,175173,175177,4,6
175167,175173,175177,4,6
175167,175172,175177,5,5
175167,175173,175177,4,6
175167,175172,175177,5,5
175167,175173,175177,4,6
175167,175172,175177,5,5
175167,175172,175177,5,5
175167,175172,175177,5,5
175167,175173,175177,4,6
175167,175175,175178,3,8
175167,175174,175178,4,7
175167,175174,175178,4,7
175167,175174,175178,4,7
175167,175174,175178,4,7
175167,175175,175179,4,8
175167,175176,175179,3,9
175167,175176,175179,3,9
175167,175175,175179,4,8
175167,175175,175179,4,8
175167,175176,175179,3,9
175167,175176,175179,3,9
175167,175176,175179,3,9
175167,175175,175179,4,8
175167,175177,175179,2,10
175167,175175,175179,4,8
175167,175175,175179,4,8
175167,175177,175180,3,10
175167,175176,175179,3,9
175167,175177,175180,3,10
175167,175176,175180,4,9
175167,175175,175179,4,8
175167,175176,175180,4,9
175167,175176,175180,4,9
175167,175176,175180,4,9
175167,175178,175180,2,11
175167,175178,175180,2,11
175167,175177,175180,3,10
175167,175177,175180,3,10
175167,175178,175180,2,11
175167,175178,175180,2,11
175167,175177,175180,3,10
175167,175176,175180,4,9
175167,175177,175181,4,10
175167,175177,175181,4,10
175167,175177,175181,4,10
175167,175177,175181,4,10
175167,175179,175181,2,12
175167,175179,175181,2,12
175167,175178,175181,3,11
175167,175178,175181,3,11
175167,175167,175172,5,0
175167,175187,175191,4,20
174318,174324,175210,886,6
174305,174312,175219,907,7
175217,175217,175220,3,0
175217,175217,175219,2,0
175217,175217,175220,3,0
175217,175217,175220,3,0
175217,175217,175220,3,0
175217,175217,175220,3,0
175217,175217,175220,3,0
175217,175217,175220,3,0
175217,175217,175219,2,0
175217,175217,175221,4,0
175217,175217,175221,4,0
175217,175217,175221,4,0
175217,175217,175221,4,0
175217,175217,175220,3,0
175217,175217,175221,4,0
175217,175217,175221,4,0
175217,175217,175221,4,0
175217,175217,175220,3,0
175217,175217,175221,4,0
175217,175217,175220,3,0
175217,175217,175221,4,0
175217,175217,175221,4,0
175217,175217,175220,3,0
175217,175217,175221,4,0
175217,175217,175221,4,0
175217,175217,175220,3,0
175217,175217,175221,4,0
175217,175217,175221,4,0
175217,175217,175221,4,0
175217,175217,175222,5,0
175217,175217,175222,5,0
175217,175217,175222,5,0
175217,175217,175222,5,0
175217,175217,175222,5,0
175217,175217,175222,5,0
175217,175217,175222,5,0
175217,175217,175222,5,0
175217,175222,175223,1,5
175217,175219,175223,4,2
175217,175220,175224,4,3
175217,175220,175224,4,3
175217,175221,175224,3,4
175217,175220,175224,4,3
175217,175222,175224,2,5
175217,175222,175225,3,5
175217,175220,175224,4,3
175217,175220,175224,4,3
175217,175220,175224,4,3
175217,175220,175224,4,3
175217,175222,175224,2,5
175217,175222,175225,3,5
175217,175220,175224,4,3
175217,175222,175224,2,5
175217,175222,175225,3,5
175217,175222,175225,3,5
175217,175222,175225,3,5
175217,175223,175225,2,6
175217,175222,175225,3,5
175217,175220,175225,5,3
175217,175222,175226,4,5
175217,175222,175225,3,5
175217,175222,175225,3,5
175217,175222,175225,3,5
175217,175222,175226,4,5
175217,175222,175226,4,5
175217,175222,175225,3,5
175217,175222,175226,4,5
175217,175222,175226,4,5
175217,175222,175226,4,5
175217,175223,175226,3,6
175217,175224,175227,3,7
175217,175222,175226,4,5
175217,175223,175226,3,6
175217,175223,175226,3,6
175217,175224,175227,3,7
175217,175223,175226,3,6
175217,175223,175226,3,6
175217,175224,175226,2,7
175217,175225,175228,3,8
175217,175225,175227,2,8
175217,175224,175228,4,7
175217,175225,175228,3,8
175217,175225,175228,3,8
175217,175225,175228,3,8
175217,175225,175228,3,8
175217,175225,175229,4,8
175217,175225,175228,3,8
175217,175225,175228,3,8
175217,175225,175228,3,8
175217,175226,175229,3,9
175217,175225,175228,3,8
175217,175224,175229,5,7
175217,175226,175229,3,9
175217,175226,175229,3,9
175217,175226,175229,3,9
175217,175226,175229,3,9
175217,175227,175230,3,10
175217,175226,175229,3,9
175217,175226,175229,3,9
175217,175226,175230,4,9
175217,175227,175229,2,10
175217,175226,175229,3,9
175217,175227,175230,3,10
175217,175227,175229,2,10
175217,175226,175229,3,9
175217,175227,175230,3,10
175217,175227,175229,2,10
175217,175227,175230,3,10
175217,175227,175230,3,10
175217,175226,175229,3,9
175217,175227,175230,3,10
175217,175227,175230,3,10
175217,175227,175230,3,10
175217,175227,175230,3,10
175217,175227,175230,3,10
175217,175227,175230,3,10
175221,175230,175232,2,9
175221,175230,175232,2,9
175221,175228,175232,4,7
175221,175230,175232,2,9
175221,175229,175232,3,8
175221,175230,175232,2,9
175221,175229,175232,3,8
175221,175229,175232,3,8
175221,175229,175233,4,8
175221,175229,175232,3,8
175221,175229,175232,3,8
175221,175229,175232,3,8
175221,175230,175233,3,9
175221,175230,175232,2,9
175221,175229,175233,4,8
175221,175229,175233,4,8
175221,175229,175232,3,8
175221,175230,175232,2,9
175221,175230,175233,3,9
175221,175231,175233,2,10
175221,175230,175234,4,9
175221,175230,175233,3,9
175221,175229,175233,4,8
175221,175230,175234,4,9
175221,175230,175233,3,9
175221,175230,175233,3,9
175221,175230,175233,3,9
175221,175230,175234,4,9
175221,175230,175234,4,9
175221,175230,175234,4,9
175221,175231,175234,3,10
175221,175231,175235,4,10
175221,175231,175235,4,10
175221,175230,175234,4,9
175221,175230,175234,4,9
175221,175231,175235,4,10
175221,175230,175235,5,9
175221,175232,175235,3,11
175221,175232,175235,3,11
175221,175232,175235,3,11
175221,175232,175235,3,11
175221,175232,175235,3,11
175221,175232,175235,3,11
175221,175233,175236,3,12
175221,175233,175236,3,12
175221,175232,175236,4,11
175221,175233,175236,3,12
175221,175233,175236,3,12
175221,175233,175235,2,12
175221,175233,175236,3,12
175221,175233,175236,3,12
175221,175233,175237,4,12
175221,175233,175237,4,12
175221,175233,175237,4,12
175221,175233,175237,4,12
175221,175233,175237,4,12
175221,175235,175238,3,14
175221,175234,175238,4,13
175221,175235,175238,3,14
175221,175235,175238,3,14
175221,175234,175238,4,13
175221,175234,175238,4,13
175221,175234,175238,4,13
175221,175235,175238,3,14
175221,175234,175238,4,13
175221,175235,175238,3,14
175221,175234,175238,4,13
175221,175234,175238,4,13
175221,175234,175238,4,13
175221,175234,175238,4,13
175221,175235,175239,4,14
175221,175234,175238,4,13
175221,175235,175239,4,14
175221,175236,175239,3,15
175221,175236,175239,3,15
175221,175235,175239,4,14
175221,175235,175239,4,14
175221,175234,175238,4,13
175221,175235,175239,4,14
175217,175236,175239,3,19
175217,175236,175239,3,19
175217,175236,175239,3,19
175221,175237,175239,2,16
175221,175235,175239,4,14
175221,175236,175240,4,15
175221,175236,175239,3,15
175217,175236,175240,4,19
175221,175236,175240,4,15
175221,175236,175240,4,15
175221,175237,175240,3,16
175221,175237,175240,3,16
175221,175237,175241,4,16
175221,175238,175241,3,17
175221,175237,175241,4,16
175221,175237,175241,4,16
175221,175238,175241,3,17
175221,175238,175241,3,17
175221,175238,175241,3,17
175221,175237,175241,4,16
175221,175238,175241,3,17
175221,175238,175241,3,17
175221,175240,175242,2,19
175221,175238,175241,3,17
175221,175239,175241,2,18
175221,175239,175242,3,18
175221,175238,175241,3,17
175221,175239,175242,3,18
175221,175239,175242,3,18
175221,175239,175242,3,18
175221,175239,175242,3,18
175221,175239,175242,3,18
175221,175238,175242,4,17
175221,175239,175242,3,18
175221,175238,175242,4,17
175221,175239,175242,3,18
175221,175240,175242,2,19
175221,175240,175242,2,19
175221,175240,175242,2,19
175221,175239,175242,3,18
175221,175239,175242,3,18
175221,175239,175243,4,18
175221,175239,175242,3,18
175221,175240,175243,3,19
175221,175240,175243,3,19
174450,174456,175268,812,6
174410,174416,175270,854,6
174422,174422,175275,853,0
174365,174379,175276,897,14
175279,175279,175281,2,0
175279,175279,175281,2,0
175279,175279,175281,2,0
175279,175279,175281,2,0
175279,175279,175282,3,0
175279,175279,175282,3,0
175279,175279,175282,3,0
175279,175279,175282,3,0
175279,175279,175282,3,0
175279,175279,175282,3,0
175279,175279,175282,3,0
175279,175279,175283,4,0
175279,175279,175282,3,0
175279,175279,175283,4,0
175279,175279,175283,4,0
175279,175279,175282,3,0
175279,175279,175283,4,0
175279,175279,175282,3,0
175279,175279,175283,4,0
175279,175279,175283,4,0
175279,175279,175282,3,0
175279,175279,175283,4,0
175279,175279,175282,3,0
175279,175279,175283,4,0
175279,175279,175282,3,0
175279,175279,175283,4,0
175279,175279,175283,4,0
175279,175279,175284,5,0
175279,175279,175284,5,0
175279,175281,175284,3,2
175279,175279,175284,5,0
175279,175279,175283,4,0
175279,175279,175283,4,0
175279,175279,175284,5,0
175279,175279,175283,4,0
175279,175279,175284,5,0
175279,175279,175284,5,0
175279,175279,175284,5,0
175279,175279,175283,4,0
175279,175279,175283,4,0
175279,175279,175283,4,0
175279,175279,175283,4,0
175279,175283,175285,2,4
175279,175282,175285,3,3
175279,175281,175284,3,2
175279,175282,175285,3,3
175279,175281,175285,4,2
175279,175283,175286,3,4
175279,175283,175286,3,4
175279,175283,175286,3,4
175279,175282,175286,4,3
175279,175283,175286,3,4
175279,175283,175286,3,4
174376,174380,175287,907,4
175279,175283,175287,4,4
175279,175283,175286,3,4
175279,175284,175287,3,5
175279,175283,175286,3,4
175279,175284,175287,3,5
175279,175283,175286,3,4
175279,175282,175286,4,3
175279,175283,175287,4,4
175279,175283,175287,4,4
175279,175283,175287,4,4
175279,175284,175287,3,5
175279,175283,175287,4,4
175279,175284,175287,3,5
175279,175284,175288,4,5
175279,175284,175288,4,5
175279,175284,175288,4,5
175279,175283,175287,4,4
175279,175284,175288,4,5
175279,175285,175288,3,6
175279,175283,175288,5,4
175279,175283,175288,5,4
175279,175283,175287,4,4
175279,175285,175287,2,6
175279,175284,175288,4,5
175279,175285,175287,2,6
175279,175285,175288,3,6
175279,175283,175288,5,4
175279,175284,175288,4,5
175279,175284,175288,4,5
175279,175284,175288,4,5
175279,175284,175288,4,5
175279,175284,175288,4,5
175279,175284,175289,5,5
175279,175284,175289,5,5
175279,175285,175289,4,6
175279,175287,175290,3,8
175279,175286,175289,3,7
175279,175286,175290,4,7
175279,175286,175290,4,7
175279,175287,175290,3,8
175279,175287,175290,3,8
175279,175287,175290,3,8
175279,175286,175290,4,7
175279,175287,175290,3,8
175279,175286,175290,4,7
175279,175287,175290,3,8
175279,175287,175290,3,8
175279,175288,175291,3,9
175279,175287,175290,3,8
175279,175288,175291,3,9
175279,175288,175290,2,9
175279,175288,175290,2,9
175279,175287,175290,3,8
175279,175287,175290,3,8
175279,175287,175290,3,8
175279,175287,175291,4,8
175279,175288,175291,3,9
175279,175288,175291,3,9
175279,175288,175291,3,9
175279,175287,175291,4,8
175279,175288,175291,3,9
175279,175288,175291,3,9
175279,175288,175291,3,9
175279,175288,175291,3,9
175279,175289,175292,3,10
175279,175289,175291,2,10
175279,175289,175292,3,10
175279,175290,175291,1,11
175279,175290,175291,1,11
175279,175290,175291,1,11
175279,175287,175292,5,8
175279,175290,175292,2,11
175279,175290,175292,2,11
175279,175290,175292,2,11
175279,175290,175292,2,11
175279,175291,175292,1,12
175279,175289,175292,3,10
175279,175289,175292,3,10
175279,175289,175292,3,10
175279,175289,175292,3,10
175279,175289,175293,4,10
175279,175289,175292,3,10
175279,175289,175292,3,10
175279,175289,175293,4,10
175279,175289,175293,4,10
175279,175289,175293,4,10
175279,175290,175293,3,11
175279,175290,175293,3,11
175279,175291,175293,2,12
175279,175291,175293,2,12
175279,175292,175294,2,13
175279,175291,175294,3,12
175279,175292,175295,3,13
175279,175292,175295,3,13
175279,175292,175295,3,13
175279,175291,175295,4,12
175279,175292,175295,3,13
175279,175292,175294,2,13
175279,175291,175295,4,12
175279,175292,175295,3,13
175279,175292,175295,3,13
175279,175291,175294,3,12
175279,175291,175295,4,12
175279,175291,175295,4,12
175279,175293,175295,2,14
175279,175292,175296,4,13
175279,175293,175295,2,14
175279,175292,175295,3,13
175279,175292,175295,3,13
175279,175293,175296,3,14
175279,175291,175295,4,12
175279,175291,175295,4,12
175279,175292,175295,3,13
175279,175293,175296,3,14
175279,175293,175296,3,14
175279,175293,175296,3,14
175279,175292,175295,3,13
175279,175291,175295,4,12
175279,175292,175296,4,13
175279,175291,175296,5,12
175279,175291,175296,5,12
175279,175293,175296,3,14
175279,175294,175296,2,15
175279,175291,175296,5,12
175279,175293,175296,3,14
175279,175293,175297,4,14
175279,175293,175296,3,14
175279,175293,175297,4,14
175279,175294,175297,3,15
175279,175293,175296,3,14
175279,175294,175297,3,15
175279,175294,175297,3,15
175279,175294,175297,3,15
175279,175293,175297,4,14
175279,175294,175297,3,15
175279,175296,175298,2,17
175279,175296,175298,2,17
175279,175296,175298,2,17
175279,175296,175298,2,17
175279,175296,175298,2,17
175279,175295,175298,3,16
175279,175295,175298,3,16
175279,175296,175298,2,17
175279,175295,175298,3,16
175279,175295,175298,3,16
175279,175295,175298,3,16
175279,175295,175299,4,16
175279,175295,175298,3,16
175279,175295,175299,4,16
175279,175295,175299,4,16
175279,175295,175299,4,16
175279,175296,175299,3,17
175279,175295,175299,4,16
175279,175295,175299,4,16
175279,175296,175300,4,17
175279,175297,175299,2,18
175279,175297,175299,2,18
175279,175296,175299,3,17
175279,175297,175300,3,18
175279,175297,175300,3,18
175279,175295,175300,5,16
175279,175295,175299,4,16
175279,175296,175300,4,17
175279,175296,175299,3,17
175279,175296,175300,4,17
175279,175296,175300,4,17
175279,175296,175300,4,17
175279,175296,175300,4,17
175279,175298,175301,3,19
175279,175300,175301,1,21
175279,175297,175301,4,18
175279,175297,175300,3,18
175279,175297,175300,3,18
175279,175297,175301,4,18
175279,175300,175301,1,21
175279,175297,175301,4,18
175279,175297,175300,3,18
175279,175298,175301,3,19
175279,175298,175300,2,19
175279,175298,175301,3,19
175279,175297,175301,4,18
175279,175298,175301,3,19
175279,175298,175301,3,19
175279,175298,175301,3,19
175279,175299,175301,2,20
175279,175298,175301,3,19
175279,175298,175301,3,19
175279,175300,175301,1,21
175279,175300,175301,1,21
175279,175300,175302,2,21
175279,175298,175301,3,19
175279,175298,175302,4,19
175279,175299,175302,3,20
175279,175299,175303,4,20
175279,175300,175303,3,21
175279,175299,175302,3,20
175279,175299,175303,4,20
175279,175299,175303,4,20
175279,175300,175303,3,21
175279,175299,175303,4,20
175279,175299,175302,3,20
175279,175299,175303,4,20
175279,175299,175303,4,20
175279,175299,175303,4,20
175279,175299,175303,4,20
175279,175299,175303,4,20
175279,175300,175303,3,21
175279,175300,175303,3,21
175279,175300,175303,3,21
175279,175301,175304,3,22
175279,175301,175304,3,22
175279,175301,175304,3,22
175279,175300,175304,4,21
175279,175300,175304,4,21
175279,175301,175304,3,22
175279,175301,175304,3,22
175279,175300,175305,5,21
175279,175302,175304,2,23
175279,175301,175304,3,22
175279,175301,175305,4,22
175279,175301,175304,3,22
175279,175302,175305,3,23
175279,175302,175305,3,23
175279,175301,175304,3,22
175279,175301,175304,3,22
175279,175301,175304,3,22
175279,175301,175305,4,22
175279,175301,175304,3,22
175279,175300,175305,5,21
175279,175302,175305,3,23
175279,175302,175306,4,23
175279,175302,175305,3,23
175279,175302,175306,4,23
175279,175302,175306,4,23
175279,175301,175305,4,22
175279,175302,175306,4,23
175279,175302,175306,4,23
175279,175303,175306,3,24
175279,175303,175306,3,24
175279,175304,175306,2,25
175279,175303,175306,3,24
175279,175304,175306,2,25
175279,175304,175306,2,25
175279,175304,175306,2,25
175279,175303,175306,3,24
175279,175303,175307,4,24
175279,175303,175307,4,24
175279,175303,175307,4,24
175279,175304,175307,3,25
175279,175303,175307,4,24
175279,175304,175307,3,25
175279,175304,175307,3,25
175279,175305,175307,2,26
175279,175304,175307,3,25
175279,175304,175307,3,25
175279,175304,175307,3,25
175279,175305,175308,3,26
175279,175305,175308,3,26
175279,175304,175308,4,25
175279,175304,175308,4,25
175279,175305,175308,3,26
175279,175305,175308,3,26
175279,175303,175308,5,24
175279,175305,175308,3,26
175279,175305,175309,4,26
175279,175305,175308,3,26
175279,175305,175308,3,26
175279,175305,175309,4,26
175279,175305,175309,4,26
175279,175305,175309,4,26
175279,175305,175309,4,26
175279,175306,175309,3,27
175279,175306,175309,3,27
175279,175305,175309,4,26
175279,175307,175310,3,28
175279,175306,175309,3,27
175279,175307,175310,3,28
175279,175306,175309,3,27
175279,175306,175310,4,27
175279,175306,175310,4,27
175279,175306,175309,3,27
175279,175306,175310,4,27
175279,175306,175310,4,27
175279,175305,175310,5,26
175279,175306,175310,4,27
175279,175308,175310,2,29
175279,175306,175310,4,27
175279,175308,175310,2,29
175279,175307,175310,3,28
175279,175307,175310,3,28
175279,175308,175311,3,29
175279,175308,175311,3,29
175283,175310,175311,1,27
175283,175310,175311,1,27
175279,175308,175311,3,29
175279,175308,175311,3,29
175279,175308,175311,3,29
175279,175308,175311,3,29
175279,175308,175311,3,29
175283,175310,175311,1,27
175279,175307,175311,4,28
175279,175307,175311,4,28
175279,175307,175311,4,28
175279,175307,175311,4,28
175279,175307,175311,4,28
175279,175308,175311,3,29
175279,175308,175311,3,29
175279,175308,175311,3,29
175279,175308,175311,3,29
175283,175309,175312,3,26
175283,175310,175311,1,27
175283,175309,175312,3,26
175283,175310,175312,2,27
175283,175309,175312,3,26
175279,175307,175312,5,28
175283,175309,175312,3,26
175283,175310,175312,2,27
175283,175309,175313,4,26
175283,175309,175313,4,26
175283,175309,175312,3,26
175283,175309,175313,4,26
175283,175309,175313,4,26
175283,175310,175313,3,27
175283,175309,175313,4,26
175283,175311,175314,3,28
175283,175311,175313,2,28
175283,175311,175313,2,28
175283,175311,175313,2,28
175283,175311,175314,3,28
175283,175311,175314,3,28
175283,175310,175314,4,27
175283,175312,175314,2,29
175283,175310,175314,4,27
175283,175311,175315,4,28
175283,175311,175314,3,28
175283,175312,175315,3,29
175283,175312,175315,3,29
175283,175312,175315,3,29
175283,175311,175315,4,28
175283,175311,175315,4,28
175283,175311,175315,4,28
175283,175311,175315,4,28
175283,175311,175315,4,28
175283,175312,175315,3,29
175283,175312,175315,3,29
175283,175312,175315,3,29
175283,175312,175315,3,29
175283,175311,175315,4,28
175283,175311,175315,4,28
175283,175311,175316,5,28
175283,175311,175315,4,28
175283,175311,175316,5,28
175283,175312,175316,4,29
175283,175312,175316,4,29
175283,175313,175316,3,30
175283,175312,175316,4,29
175283,175314,175316,2,31
175283,175313,175316,3,30
175283,175313,175316,3,30
175283,175314,175316,2,31
175283,175313,175317,4,30
175283,175313,175317,4,30
175283,175313,175317,4,30
175283,175313,175317,4,30
175283,175314,175317,3,31
175283,175314,175317,3,31
175283,175314,175318,4,31
175283,175314,175317,3,31
175283,175314,175318,4,31
175283,175313,175317,4,30
175283,175315,175318,3,32
175283,175313,175318,5,30
175283,175313,175317,4,30
175283,175315,175318,3,32
175283,175315,175318,3,32
175283,175314,175318,4,31
175283,175315,175318,3,32
175283,175316,175318,2,33
175283,175315,175318,3,32
175283,175315,175318,3,32
175283,175315,175318,3,32
175283,175316,175319,3,33
175283,175316,175318,2,33
175283,175316,175318,2,33
175283,175315,175319,4,32
175283,175316,175319,3,33
175283,175316,175319,3,33
175283,175316,175319,3,33
175283,175316,175319,3,33
175283,175315,175320,5,32
175283,175316,175319,3,33
175283,175316,175319,3,33
175283,175316,175319,3,33
175283,175317,175319,2,34
175283,175317,175320,3,34
175283,175317,175320,3,34
175283,175316,175319,3,33
175283,175316,175319,3,33
175283,175316,175319,3,33
175283,175316,175320,4,33
175283,175315,175319,4,32
175283,175317,175320,3,34
175283,175317,175320,3,34
175283,175317,175320,3,34
175283,175317,175320,3,34
175283,175317,175320,3,34
175283,175318,175320,2,35
175283,175318,175320,2,35
175283,175317,175320,3,34
175283,175318,175321,3,35
175283,175318,175321,3,35
175283,175318,175321,3,35
175283,175319,175321,2,36
175283,175319,175322,3,36
175283,175318,175321,3,35
175290,175320,175321,1,30
175290,175320,175321,1,30
175290,175320,175321,1,30
175283,175319,175322,3,36
175283,175319,175321,2,36
175283,175318,175322,4,35
175283,175318,175321,3,35
175283,175318,175321,3,35
175283,175318,175321,3,35
175283,175318,175321,3,35
175283,175319,175322,3,36
175283,175319,175322,3,36
175283,175319,175322,3,36
175290,175320,175321,1,30
175283,175319,175322,3,36
175290,175321,175322,1,31
175290,175320,175323,3,30
175290,175321,175323,2,31
175290,175320,175322,2,30
175283,175319,175323,4,36
175290,175320,175323,3,30
175290,175320,175323,3,30
175290,175320,175323,3,30
175290,175320,175323,3,30
175290,175320,175324,4,30
175290,175320,175323,3,30
175290,175321,175323,2,31
175290,175320,175323,3,30
175290,175320,175324,4,30
175290,175320,175323,3,30
175290,175321,175323,2,31
175290,175321,175324,3,31
175290,175321,175324,3,31
175290,175320,175324,4,30
175290,175321,175324,3,31
175290,175322,175325,3,32
175290,175322,175325,3,32
175290,175322,175325,3,32
175290,175322,175325,3,32
175290,175321,175325,4,31
175290,175322,175325,3,32
175290,175323,175326,3,33
175290,175323,175325,2,33
175290,175322,175325,3,32
175290,175322,175325,3,32
175290,175322,175326,4,32
175290,175322,175326,4,32
175290,175322,175326,4,32
175290,175321,175325,4,31
175290,175322,175326,4,32
175290,175323,175326,3,33
175290,175322,175325,3,32
175290,175322,175326,4,32
175290,175321,175326,5,31
175290,175322,175326,4,32
175290,175323,175326,3,33
175290,175324,175327,3,34
175290,175324,175326,2,34
175290,175324,175326,2,34
175290,175323,175326,3,33
175290,175324,175327,3,34
175290,175324,175327,3,34
175290,175324,175327,3,34
175290,175322,175326,4,32
175290,175324,175327,3,34
175290,175322,175326,4,32
175290,175322,175326,4,32
175290,175322,175326,4,32
175290,175323,175326,3,33
175290,175324,175327,3,34
175290,175324,175327,3,34
175290,175324,175327,3,34
175290,175325,175328,3,35
175290,175325,175328,3,35
175290,175326,175329,3,36
175290,175325,175328,3,35
175290,175326,175329,3,36
175290,175327,175329,2,37
175290,175327,175329,2,37
175290,175324,175328,4,34
175290,175326,175329,3,36
175290,175324,175328,4,34
175290,175325,175328,3,35
175290,175325,175329,4,35
175290,175325,175329,4,35
175290,175325,175329,4,35
175290,175326,175329,3,36
175290,175326,175329,3,36
175290,175327,175329,2,37
175290,175326,175329,3,36
175290,175327,175330,3,37
175290,175327,175329,2,37
175290,175327,175330,3,37
175290,175327,175330,3,37
175290,175326,175330,4,36
175290,175326,175330,4,36
175290,175327,175330,3,37
175290,175327,175330,3,37
175290,175327,175330,3,37
175290,175326,175330,4,36
175290,175326,175330,4,36
175290,175326,175330,4,36
175290,175326,175330,4,36
175290,175326,175330,4,36
175290,175327,175330,3,37
175290,175327,175330,3,37
175290,175327,175330,3,37
175290,175327,175331,4,37
175290,175327,175330,3,37
175290,175327,175331,4,37
175290,175328,175331,3,38
175290,175328,175331,3,38
175290,175328,175331,3,38
175290,175326,175331,5,36
175290,175328,175331,3,38
175290,175329,175331,2,39
175290,175329,175332,3,39
175290,175329,175332,3,39
175290,175329,175332,3,39
175290,175329,175332,3,39
175290,175329,175332,3,39
175290,175330,175333,3,40
175290,175330,175333,3,40
175290,175329,175332,3,39
175290,175330,175332,2,40
175290,175329,175333,4,39
175290,175329,175332,3,39
175290,175329,175332,3,39
175290,175329,175333,4,39
175290,175329,175333,4,39
175290,175329,175333,4,39
175290,175330,175333,3,40
174463,174468,175346,878,5
174460,174467,175366,899,7
175368,175368,175370,2,0
175368,175368,175370,2,0
175368,175368,175371,3,0
175368,175368,175371,3,0
175368,175368,175371,3,0
175368,175368,175371,3,0
175368,175368,175371,3,0
175368,175368,175372,4,0
175368,175369,175372,3,1
175368,175369,175371,2,1
175368,175369,175371,2,1
175368,175369,175372,3,1
175368,175368,175372,4,0
175368,175368,175372,4,0
175368,175368,175372,4,0
175368,175368,175372,4,0
175368,175368,175372,4,0
175368,175368,175372,4,0
175368,175368,175372,4,0
175368,175368,175372,4,0
175368,175368,175372,4,0
175368,175368,175372,4,0
175368,175368,175372,4,0
175368,175368,175373,5,0
175368,175368,175373,5,0
175368,175368,175373,5,0
175368,175368,175372,4,0
175368,175368,175373,5,0
175368,175369,175372,3,1
175368,175368,175372,4,0
175368,175368,175373,5,0
175368,175368,175373,5,0
175368,175368,175373,5,0
175368,175368,175373,5,0
175368,175368,175372,4,0
175368,175368,175373,5,0
175368,175368,175373,5,0
175368,175368,175373,5,0
175368,175368,175373,5,0
175368,175370,175374,4,2
175368,175372,175375,3,4
175368,175372,175375,3,4
175368,175372,175375,3,4
175368,175372,175375,3,4
175368,175371,175375,4,3
175368,175372,175375,3,4
175368,175371,175375,4,3
175368,175371,175376,5,3
175368,175372,175375,3,4
175368,175372,175375,3,4
175368,175371,175376,5,3
175368,175372,175375,3,4
175368,175372,175376,4,4
175368,175372,175377,5,4
175368,175371,175377,6,3
175368,175372,175376,4,4
175368,175371,175376,5,3
175368,175372,175376,4,4
175368,175373,175376,3,5
175368,175372,175376,4,4
175368,175372,175376,4,4
175368,175375,175376,1,7
175368,175373,175377,4,5
175368,175373,175377,4,5
175368,175373,175377,4,5
175368,175373,175377,4,5
175368,175373,175377,4,5
175368,175374,175377,3,6
175368,175372,175377,5,4
175368,175374,175377,3,6
175368,175374,175377,3,6
175368,175374,175377,3,6
175368,175373,175377,4,5
175368,175375,175377,2,7
175368,175374,175378,4,6
175368,175373,175377,4,5
175368,175375,175378,3,7
175368,175374,175378,4,6
175368,175374,175378,4,6
175368,175376,175378,2,8
175368,175376,175378,2,8
175368,175376,175379,3,8
175368,175376,175378,2,8
175368,175376,175378,2,8
175368,175376,175379,3,8
175368,175376,175379,3,8
175368,175376,175379,3,8
175368,175376,175379,3,8
175368,175377,175379,2,9
175368,175377,175379,2,9
175368,175377,175379,2,9
175368,175377,175379,2,9
175368,175377,175379,2,9
175368,175376,175379,3,8
175368,175376,175379,3,8
175368,175377,175379,2,9
175368,175377,175380,3,9
175368,175377,175379,2,9
175368,175376,175379,3,8
175368,175377,175379,2,9
175368,175378,175380,2,10
175368,175377,175380,3,9
175368,175377,175380,3,9
175368,175376,175381,5,8
175368,175376,175380,4,8
175368,175376,175381,5,8
175368,175378,175380,2,10
175368,175378,175381,3,10
175368,175378,175381,3,10
175368,175378,175381,3,10
175368,175378,175381,3,10
175368,175378,175380,2,10
175368,175378,175381,3,10
175368,175377,175381,4,9
175368,175378,175381,3,10
175368,175378,175381,3,10
175368,175379,175381,2,11
175368,175376,175382,6,8
175368,175378,175382,4,10
175368,175378,175382,4,10
175380,175380,175383,3,0
175380,175381,175383,2,1
175380,175382,175384,2,2
175380,175381,175384,3,1
175380,175382,175384,2,2
175380,175380,175384,4,0
175380,175382,175384,2,2
174456,174456,175384,928,0
175380,175380,175384,4,0
175380,175380,175384,4,0
175380,175381,175384,3,1
175380,175380,175384,4,0
175380,175380,175384,4,0
175380,175380,175384,4,0
175380,175380,175384,4,0
175380,175380,175384,4,0
175380,175383,175384,1,3
175380,175382,175384,2,2
175380,175382,175384,2,2
175380,175380,175385,5,0
175380,175380,175385,5,0
175380,175380,175385,5,0
175380,175381,175385,4,1
175380,175380,175385,5,0
175380,175380,175384,4,0
175380,175380,175384,4,0
175380,175380,175385,5,0
175380,175380,175385,5,0
175380,175380,175385,5,0
175380,175380,175385,5,0
175380,175381,175385,4,1
175380,175380,175385,5,0
175380,175380,175385,5,0
175380,175380,175385,5,0
175380,175380,175385,5,0
175380,175382,175385,3,2
175380,175381,175385,4,1
175380,175381,175385,4,1
175380,175381,175386,5,1
175380,175381,175385,4,1
175380,175381,175386,5,1
175380,175381,175386,5,1
175380,175381,175386,5,1
175380,175383,175386,3,3
175380,175384,175387,3,4
175380,175384,175387,3,4
175380,175384,175387,3,4
175380,175384,175388,4,4
175380,175384,175387,3,4
175380,175384,175387,3,4
175380,175385,175387,2,5
175380,175385,175387,2,5
175380,175385,175388,3,5
175380,175384,175388,4,4
175380,175384,175388,4,4
175380,175384,175388,4,4
175380,175384,175388,4,4
175380,175387,175388,1,7
175380,175384,175388,4,4
175380,175385,175389,4,5
175380,175385,175389,4,5
175380,175385,175389,4,5
175380,175385,175389,4,5
175380,175385,175389,4,5
175380,175385,175389,4,5
175380,175385,175389,4,5
175380,175385,175389,4,5
175380,175384,175389,5,4
175380,175384,175389,5,4
175380,175384,175389,5,4
175380,175386,175389,3,6
175380,175386,175389,3,6
175380,175386,175389,3,6
175380,175386,175389,3,6
175380,175384,175389,5,4
175380,175386,175389,3,6
175380,175387,175389,2,7
175380,175386,175389,3,6
175380,175386,175390,4,6
175380,175385,175390,5,5
175380,175386,175390,4,6
175380,175387,175390,3,7
175380,175389,175391,2,9
175380,175386,175390,4,6
175380,175386,175390,4,6
175380,175387,175390,3,7
175380,175387,175390,3,7
175380,175388,175391,3,8
175380,175389,175391,2,9
175380,175387,175391,4,7
175380,175388,175391,3,8
175380,175389,175391,2,9
175380,175387,175391,4,7
175380,175387,175391,4,7
175380,175389,175391,2,9
175380,175390,175391,1,10
175380,175389,175391,2,9
175380,175389,175391,2,9
175380,175387,175391,4,7
175380,175388,175391,3,8
175380,175388,175391,3,8
175380,175388,175392,4,8
175380,175388,175391,3,8
175380,175390,175392,2,10
175380,175390,175393,3,10
175380,175390,175392,2,10
175380,175390,175392,2,10
175380,175389,175392,3,9
175380,175389,175392,3,9
175380,175390,175393,3,10
175380,175390,175393,3,10
175380,175390,175392,2,10
175380,175390,175392,2,10
175380,175390,175392,2,10
175380,175390,175392,2,10
175380,175390,175392,2,10
175380,175390,175392,2,10
175380,175390,175393,3,10
175380,175390,175393,3,10
175380,175390,175393,3,10
175380,175390,175393,3,10
175392,175392,175395,3,0
175392,175392,175395,3,0
175392,175392,175395,3,0
175392,175392,175395,3,0
175392,175393,175395,2,1
175392,175392,175394,2,0
175392,175392,175395,3,0
175392,175393,175395,2,1
175392,175392,175394,2,0
175392,175392,175395,3,0
175392,175392,175395,3,0
175392,175392,175396,4,0
175392,175392,175395,3,0
175392,175394,175396,2,2
175392,175394,175395,1,2
175392,175392,175395,3,0
174496,174517,175395,878,21
175392,175393,175396,3,1
175392,175392,175395,3,0
175392,175394,175396,2,2
175392,175392,175396,4,0
175392,175393,175396,3,1
175392,175392,175397,5,0
175392,175392,175396,4,0
175392,175392,175396,4,0
175392,175393,175396,3,1
175392,175392,175396,4,0
175392,175393,175396,3,1
175392,175393,175397,4,1
175392,175393,175397,4,1
175392,175393,175397,4,1
175392,175393,175397,4,1
175392,175392,175397,5,0
175392,175392,175397,5,0
175392,175392,175396,4,0
175392,175392,175397,5,0
175392,175392,175396,4,0
175392,175393,175397,4,1
175392,175394,175396,2,2
175392,175392,175397,5,0
175392,175396,175398,2,4
175392,175393,175398,5,1
175392,175393,175398,5,1
175392,175393,175398,5,1
175392,175395,175398,3,3
175392,175395,175399,4,3
175392,175396,175398,2,4
175392,175396,175398,2,4
175392,175395,175399,4,3
175392,175395,175399,4,3
175392,175396,175398,2,4
175392,175395,175399,4,3
175392,175396,175399,3,4
175392,175395,175399,4,3
175392,175396,175398,2,4
175392,175395,175398,3,3
175392,175395,175399,4,3
175392,175396,175399,3,4
175392,175395,175399,4,3
175392,175396,175399,3,4
175392,175396,175400,4,4
175392,175396,175399,3,4
175392,175396,175399,3,4
175392,175397,175400,3,5
175392,175398,175399,1,6
175392,175396,175400,4,4
175392,175398,175400,2,6
175392,175397,175400,3,5
175392,175397,175400,3,5
175392,175398,175400,2,6
175392,175397,175401,4,5
175392,175397,175400,3,5
175392,175397,175401,4,5
175392,175396,175400,4,4
175392,175397,175401,4,5
175392,175397,175401,4,5
175392,175397,175401,4,5
175392,175397,175401,4,5
175392,175397,175401,4,5
175392,175397,175401,4,5
175392,175397,175401,4,5
175392,175397,175401,4,5
175392,175398,175401,3,6
175392,175397,175400,3,5
175392,175397,175401,4,5
175392,175398,175401,3,6
175392,175399,175402,3,7
175392,175399,175402,3,7
175392,175397,175401,4,5
175392,175399,175402,3,7
175392,175398,175402,4,6
175392,175399,175402,3,7
175392,175399,175402,3,7
175392,175399,175402,3,7
175392,175399,175403,4,7
175392,175400,175403,3,8
175392,175399,175403,4,7
175392,175400,175403,3,8
175392,175399,175403,4,7
175392,175399,175403,4,7
175392,175399,175403,4,7
175392,175399,175403,4,7
175392,175399,175403,4,7
175392,175399,175403,4,7
175392,175399,175403,4,7
175392,175400,175403,3,8
175392,175400,175403,3,8
175392,175401,175404,3,9
175392,175401,175404,3,9
175392,175401,175404,3,9
175392,175401,175404,3,9
175392,175401,175404,3,9
175392,175400,175403,3,8
175392,175400,175404,4,8
175392,175400,175404,4,8
175392,175401,175404,3,9
175392,175401,175404,3,9
175392,175401,175404,3,9
175392,175401,175404,3,9
175392,175401,175405,4,9
175392,175400,175404,4,8
174453,174456,175407,951,3
175440,175440,175441,1,0
175440,175440,175443,3,0
175440,175440,175442,2,0
175440,175440,175442,2,0
175440,175440,175442,2,0
175440,175440,175442,2,0
175440,175440,175442,2,0
175440,175440,175442,2,0
175440,175440,175443,3,0
175440,175440,175443,3,0
175440,175440,175444,4,0
175440,175440,175444,4,0
175440,175440,175444,4,0
175440,175440,175444,4,0
175440,175440,175444,4,0
175440,175440,175444,4,0
175440,175440,175443,3,0
175440,175440,175444,4,0
175440,175440,175443,3,0
175440,175440,175443,3,0
175440,175440,175444,4,0
175440,175440,175444,4,0
175440,175440,175444,4,0
175440,175440,175444,4,0
175440,175440,175444,4,0
175440,175440,175444,4,0
175440,175440,175444,4,0
175440,175440,175444,4,0
175440,175440,175445,5,0
175440,175440,175444,4,0
175440,175440,175444,4,0
175440,175440,175444,4,0
175440,175440,175444,4,0
175440,175440,175444,4,0
175440,175440,175445,5,0
175440,175440,175445,5,0
175440,175440,175444,4,0
175440,175440,175444,4,0
175440,175440,175445,5,0
175440,175440,175444,4,0
175440,175440,175445,5,0
175440,175440,175445,5,0
175440,175444,175446,2,4
175440,175440,175445,5,0
175440,175444,175446,2,4
175440,175442,175446,4,2
175440,175443,175446,3,3
175440,175443,175446,3,3
175440,175444,175447,3,4
175440,175444,175447,3,4
175440,175443,175447,4,3
175440,175443,175447,4,3
175440,175443,175447,4,3
175440,175444,175447,3,4
175440,175443,175447,4,3
175440,175444,175447,3,4
175440,175443,175446,3,3
175440,175444,175447,3,4
175440,175443,175447,4,3
175440,175444,175447,3,4
175440,175445,175447,2,5
175440,175445,175447,2,5
175440,175444,175447,3,4
175440,175444,175447,3,4
175440,175445,175448,3,5
175440,175445,175448,3,5
175440,175445,175448,3,5
175440,175445,175448,3,5
175440,175444,175447,3,4
175440,175445,175448,3,5
175440,175444,175447,3,4
175440,175445,175448,3,5
175440,175445,175448,3,5
175440,175443,175447,4,3
175440,175444,175448,4,4
175440,175444,175447,3,4
175440,175445,175448,3,5
175440,175444,175448,4,4
175440,175445,175449,4,5
175440,175445,175449,4,5
175440,175446,175449,3,6
175440,175444,175448,4,4
175440,175445,175449,4,5
175440,175445,175448,3,5
175440,175445,175449,4,5
175440,175445,175449,4,5
175440,175447,175450,3,7
175440,175447,175450,3,7
175440,175446,175450,4,6
175440,175446,175450,4,6
175440,175447,175450,3,7
175440,175447,175450,3,7
175440,175446,175450,4,6
175440,175446,175450,4,6
175440,175446,175450,4,6
175440,175447,175450,3,7
175440,175447,175450,3,7
175440,175448,175451,3,8
175440,175448,175451,3,8
175440,175447,175451,4,7
175440,175447,175450,3,7
175440,175447,175451,4,7
175440,175447,175451,4,7
175440,175448,175451,3,8
175440,175447,175451,4,7
175440,175447,175451,4,7
175440,175448,175451,3,8
175440,175447,175451,4,7
175440,175447,175451,4,7
175440,175448,175451,3,8
175440,175448,175451,3,8
175440,175448,175451,3,8
175440,175448,175451,3,8
175440,175448,175452,4,8
175440,175448,175451,3,8
175440,175448,175451,3,8
175440,175448,175451,3,8
175440,175448,175451,3,8
175440,175448,175453,5,8
175440,175448,175453,5,8
175452,175452,175454,2,0
175452,175452,175454,2,0
175452,175452,175455,3,0
175452,175452,175454,2,0
175452,175452,175455,3,0
175452,175452,175456,4,0
175452,175452,175455,3,0
175452,175452,175456,4,0
175452,175452,175455,3,0
175452,175452,175456,4,0
175452,175452,175455,3,0
175452,175452,175456,4,0
175452,175452,175455,3,0
175452,175452,175455,3,0
175452,175454,175455,1,2
175452,175452,175455,3,0
175452,175452,175456,4,0
175452,175452,175456,4,0
175452,175452,175456,4,0
175452,175452,175456,4,0
175452,175452,175456,4,0
175452,175452,175456,4,0
175452,175452,175456,4,0
175452,175452,175456,4,0
175452,175452,175456,4,0
175452,175452,175456,4,0
175452,175452,175456,4,0
175452,175454,175456,2,2
175452,175452,175457,5,0
175452,175452,175456,4,0
175452,175452,175457,5,0
175452,175452,175456,4,0
175452,175452,175456,4,0
175452,175452,175457,5,0
175452,175452,175456,4,0
175452,175452,175456,4,0
175452,175452,175456,4,0
175452,175452,175457,5,0
175452,175452,175457,5,0
175452,175452,175456,4,0
175452,175452,175458,6,0
175452,175455,175458,3,3
175452,175455,175457,2,3
175452,175455,175458,3,3
175452,175456,175458,2,4
175452,175456,175458,2,4
174568,174576,175458,882,8
175452,175455,175458,3,3
175452,175456,175459,3,4
175452,175452,175459,7,0
175452,175456,175460,4,4
175452,175456,175459,3,4
175452,175457,175460,3,5
175452,175456,175459,3,4
174520,174528,175459,931,8
175452,175456,175459,3,4
175452,175456,175460,4,4
175452,175456,175460,4,4
175452,175457,175460,3,5
175452,175457,175460,3,5
175452,175457,175460,3,5
175452,175457,175460,3,5
175452,175457,175460,3,5
175452,175457,175461,4,5
175452,175456,175460,4,4
175452,175456,175460,4,4
175452,175456,175460,4,4
175452,175457,175461,4,5
175452,175457,175461,4,5
175452,175457,175460,3,5
175452,175457,175461,4,5
175452,175457,175460,3,5
175452,175457,175460,3,5
175452,175457,175461,4,5
175452,175456,175460,4,4
175452,175456,175461,5,4
175452,175457,175460,3,5
175452,175457,175460,3,5
174580,174588,175460,872,8
175452,175457,175461,4,5
175452,175459,175462,3,7
175452,175457,175461,4,5
175452,175457,175462,5,5
175452,175457,175461,4,5
175452,175458,175461,3,6
175452,175458,175462,4,6
175452,175457,175461,4,5
175452,175457,175461,4,5
175452,175458,175461,3,6
175452,175458,175462,4,6
175452,175460,175462,2,8
175452,175459,175463,4,7
175452,175460,175463,3,8
175452,175460,175463,3,8
175452,175459,175463,4,7
175452,175460,175463,3,8
175452,175460,175463,3,8
175452,175460,175463,3,8
175452,175459,175462,3,7
175452,175459,175463,4,7
175452,175460,175463,3,8
175452,175460,175463,3,8
175452,175461,175463,2,9
175452,175461,175463,2,9
175452,175461,175464,3,9
175452,175460,175463,3,8
175452,175461,175464,3,9
175452,175461,175464,3,9
175452,175461,175464,3,9
175452,175461,175463,2,9
175452,175461,175464,3,9
175452,175460,175464,4,8
175452,175461,175464,3,9
175452,175461,175464,3,9
175452,175460,175463,3,8
175452,175461,175464,3,9
175452,175461,175464,3,9
175452,175461,175463,2,9
175452,175461,175463,2,9
175452,175461,175464,3,9
175452,175461,175464,3,9
174516,174528,175465,937,12
175452,175461,175464,3,9
175452,175461,175464,3,9
174513,174528,175470,942,15
175483,175483,175486,3,0
175483,175483,175486,3,0
175483,175483,175487,4,0
175483,175483,175487,4,0
175483,175484,175487,3,1
175483,175483,175487,4,0
175483,175483,175487,4,0
175483,175483,175487,4,0
175483,175483,175487,4,0
175483,175484,175487,3,1
175483,175483,175487,4,0
175483,175483,175487,4,0
175483,175483,175487,4,0
175483,175483,175487,4,0
175483,175483,175487,4,0
175483,175483,175487,4,0
175483,175483,175487,4,0
175483,175483,175487,4,0
175483,175483,175487,4,0
175483,175483,175487,4,0
175483,175483,175487,4,0
175483,175483,175487,4,0
175483,175483,175487,4,0
175483,175483,175488,5,0
175483,175483,175488,5,0
175483,175483,175488,5,0
175483,175483,175488,5,0
175483,175483,175488,5,0
175483,175483,175488,5,0
175483,175483,175488,5,0
175483,175483,175488,5,0
175483,175484,175488,4,1
175483,175484,175488,4,1
175483,175483,175488,5,0
175483,175483,175488,5,0
175483,175483,175488,5,0
175483,175483,175488,5,0
175483,175483,175488,5,0
175483,175483,175488,5,0
175483,175483,175488,5,0
175483,175483,175488,5,0
175483,175483,175488,5,0
175483,175483,175488,5,0
175483,175488,175490,2,5
175483,175483,175489,6,0
175483,175488,175489,1,5
175483,175487,175490,3,4
175483,175488,175489,1,5
175483,175488,175490,2,5
175483,175488,175490,2,5
175483,175489,175491,2,6
175483,175487,175491,4,4
175483,175488,175490,2,5
175483,175488,175490,2,5
175483,175488,175491,3,5
175483,175487,175491,4,4
175483,175489,175491,2,6
175483,175488,175491,3,5
175483,175489,175492,3,6
175483,175488,175491,3,5
175483,175488,175492,4,5
175483,175489,175491,2,6
175483,175488,175492,4,5
175483,175488,175492,4,5
175483,175488,175491,3,5
175483,175488,175491,3,5
175483,175488,175491,3,5
175483,175488,175491,3,5
175483,175488,175492,4,5
175483,175488,175492,4,5
175483,175488,175492,4,5
175483,175489,175492,3,6
175483,175488,175492,4,5
175483,175489,175492,3,6
175483,175489,175492,3,6
175483,175489,175493,4,6
175483,175489,175492,3,6
175483,175489,175492,3,6
175483,175489,175493,4,6
175483,175489,175492,3,6
175483,175489,175493,4,6
175483,175489,175492,3,6
175483,175489,175492,3,6
175483,175490,175493,3,7
175483,175491,175493,2,8
175483,175491,175494,3,8
175483,175489,175493,4,6
175483,175491,175493,2,8
175483,175489,175493,4,6
175483,175490,175493,3,7
175483,175489,175493,4,6
175483,175490,175493,3,7
175483,175491,175493,2,8
175483,175491,175493,2,8
175483,175490,175494,4,7
175483,175490,175493,3,7
175483,175491,175494,3,8
175483,175491,175493,2,8
175483,175492,175495,3,9
175483,175492,175494,2,9
175483,175492,175495,3,9
175483,175492,175494,2,9
175483,175492,175495,3,9
175483,175492,175495,3,9
175483,175493,175495,2,10
175483,175492,175495,3,9
175483,175492,175495,3,9
175483,175492,175495,3,9
175483,175492,175494,2,9
175483,175492,175495,3,9
175483,175493,175495,2,10
175483,175493,175495,2,10
175483,175493,175495,2,10
175483,175493,175496,3,10
175483,175493,175496,3,10
175483,175492,175496,4,9
175483,175492,175495,3,9
175483,175494,175496,2,11
175483,175493,175496,3,10
175483,175494,175496,2,11
175483,175494,175496,2,11
175483,175493,175496,3,10
175483,175493,175496,3,10
175483,175493,175497,4,10
175483,175493,175497,4,10
175483,175494,175497,3,11
175483,175493,175497,4,10
175483,175494,175497,3,11
175483,175493,175496,3,10
175483,175493,175496,3,10
175483,175494,175497,3,11
175483,175494,175496,2,11
175483,175494,175497,3,11
175483,175493,175496,3,10
175483,175494,175496,2,11
175483,175494,175497,3,11
175483,175494,175497,3,11
175483,175495,175498,3,12
175483,175494,175497,3,11
175483,175495,175498,3,12
175483,175493,175497,4,10
175483,175494,175497,3,11
175483,175495,175499,4,12
175483,175495,175498,3,12
175483,175494,175498,4,11
175483,175495,175498,3,12
175483,175495,175498,3,12
175483,175495,175498,3,12
175483,175495,175498,3,12
175483,175495,175498,3,12
175483,175495,175498,3,12
175483,175496,175499,3,13
175483,175496,175499,3,13
175483,175496,175499,3,13
175483,175496,175499,3,13
175483,175496,175499,3,13
175483,175495,175499,4,12
175483,175496,175500,4,13
175483,175496,175499,3,13
175483,175496,175500,4,13
175483,175496,175500,4,13
175483,175497,175500,3,14
175483,175497,175500,3,14
175483,175498,175500,2,15
175483,175497,175501,4,14
175483,175499,175500,1,16
175483,175499,175501,2,16
175483,175499,175500,1,16
175483,175496,175500,4,13
175483,175498,175501,3,15
175483,175499,175501,2,16
175483,175499,175501,2,16
175483,175496,175500,4,13
175483,175499,175501,2,16
175483,175497,175501,4,14
175483,175497,175501,4,14
175483,175497,175501,4,14
175483,175496,175501,5,13
175483,175499,175501,2,16
175483,175497,175501,4,14
175483,175497,175501,4,14
175483,175497,175501,4,14
175483,175497,175501,4,14
175483,175497,175501,4,14
175483,175498,175501,3,15
175483,175498,175502,4,15
175483,175498,175501,3,15
175483,175498,175502,4,15
175483,175497,175502,5,14
175483,175497,175502,5,14
175483,175497,175502,5,14
175483,175498,175502,4,15
175483,175499,175502,3,16
175483,175499,175502,3,16
175483,175499,175502,3,16
175483,175499,175502,3,16
175483,175500,175503,3,17
175483,175499,175503,4,16
175483,175500,175502,2,17
175483,175499,175503,4,16
175483,175500,175503,3,17
175483,175500,175503,3,17
175483,175499,175503,4,16
175483,175500,175504,4,17
175483,175501,175504,3,18
175483,175501,175504,3,18
175483,175501,175504,3,18
175483,175501,175504,3,18
175483,175501,175504,3,18
175483,175501,175504,3,18
175483,175500,175504,4,17
175483,175502,175504,2,19
175483,175502,175504,2,19
175483,175502,175504,2,19
175483,175501,175504,3,18
175483,175501,175505,4,18
175483,175502,175504,2,19
175483,175501,175505,4,18
175483,175501,175505,4,18
175483,175501,175505,4,18
175483,175501,175505,4,18
175483,175502,175505,3,19
175483,175501,175505,4,18
175483,175501,175504,3,18
175483,175501,175505,4,18
175483,175502,175506,4,19
175483,175502,175505,3,19
175483,175502,175505,3,19
175483,175502,175506,4,19
175483,175503,175505,2,20
175483,175503,175505,2,20
175483,175503,175505,2,20
175483,175503,175505,2,20
175483,175502,175505,3,19
175483,175484,175488,4,1
175483,175484,175488,4,1
175483,175502,175505,3,19
175483,175502,175506,4,19
175483,175502,175506,4,19
175483,175503,175507,4,20
175483,175503,175506,3,20
175483,175505,175507,2,22
174509,174528,175506,978,19
175483,175503,175507,4,20
175483,175503,175507,4,20
175483,175504,175507,3,21
175483,175504,175507,3,21
175483,175505,175508,3,22
175483,175505,175508,3,22
175483,175504,175508,4,21
175483,175505,175507,2,22
175483,175505,175507,2,22
174584,174599,175508,909,15
175483,175504,175508,4,21
175483,175505,175507,2,22
175483,175505,175508,3,22
175483,175504,175507,3,21
175483,175504,175508,4,21
175483,175503,175508,5,20
175483,175505,175508,3,22
175483,175504,175508,4,21
175483,175505,175509,4,22
175483,175506,175509,3,23
175483,175505,175508,3,22
175483,175505,175509,4,22
175483,175505,175508,3,22
175483,175505,175509,4,22
175483,175505,175509,4,22
175483,175505,175509,4,22
175483,175505,175509,4,22
175483,175506,175510,4,23
175483,175506,175509,3,23
175483,175506,175509,3,23
175483,175506,175510,4,23
175483,175506,175509,3,23
175483,175506,175510,4,23
175483,175506,175509,3,23
175483,175508,175510,2,25
175483,175506,175510,4,23
175483,175507,175510,3,24
175483,175505,175510,5,22
175483,175505,175509,4,22
175483,175509,175510,1,26
175483,175509,175511,2,26
175483,175506,175510,4,23
175483,175506,175511,5,23
175483,175506,175511,5,23
175483,175506,175511,5,23
175483,175508,175511,3,25
175483,175509,175511,2,26
175483,175507,175510,3,24
175483,175506,175510,4,23
175483,175507,175511,4,24
175483,175509,175510,1,26
175483,175509,175510,1,26
175483,175509,175510,1,26
175483,175507,175510,3,24
175483,175508,175511,3,25
175483,175509,175511,2,26
175483,175506,175511,5,23
175483,175509,175511,2,26
175483,175509,175511,2,26
175483,175510,175511,1,27
175483,175507,175511,4,24
175483,175508,175511,3,25
175483,175508,175511,3,25
175483,175509,175512,3,26
175483,175508,175512,4,25
175483,175508,175511,3,25
175483,175508,175511,3,25
175483,175509,175512,3,26
175483,175509,175512,3,26
175483,175508,175512,4,25
175483,175510,175512,2,27
175483,175509,175512,3,26
175483,175509,175512,3,26
175483,175509,175512,3,26
175483,175510,175513,3,27
175483,175511,175513,2,28
175483,175510,175513,3,27
175483,175510,175513,3,27
175483,175510,175513,3,27
175483,175510,175513,3,27
175483,175510,175513,3,27
175483,175511,175513,2,28
175483,175511,175513,2,28
175483,175510,175513,3,27
175483,175510,175513,3,27
175483,175510,175514,4,27
175483,175511,175514,3,28
175483,175510,175513,3,27
175483,175510,175513,3,27
175483,175511,175513,2,28
175483,175511,175513,2,28
175483,175511,175514,3,28
175483,175511,175514,3,28
175483,175511,175514,3,28
175483,175511,175514,3,28
175483,175511,175514,3,28
175483,175510,175514,4,27
175483,175512,175515,3,29
175483,175512,175515,3,29
175483,175511,175514,3,28
175483,175511,175514,3,28
175483,175512,175515,3,29
175483,175510,175514,4,27
175483,175512,175515,3,29
175501,175513,175515,2,12
175483,175511,175515,4,28
175483,175511,175515,4,28
175483,175511,175515,4,28
175483,175512,175515,3,29
175483,175511,175515,4,28
175483,175512,175515,3,29
175483,175513,175515,2,30
175483,175513,175516,3,30
175483,175512,175515,3,29
175483,175513,175516,3,30
175483,175513,175515,2,30
175483,175512,175515,3,29
175483,175512,175515,3,29
175483,175512,175515,3,29
175501,175514,175516,2,13
175501,175513,175516,3,12
175483,175512,175515,3,29
175501,175513,175517,4,12
175501,175513,175517,4,12
175501,175514,175517,3,13
175501,175513,175516,3,12
175501,175514,175517,3,13
175501,175514,175517,3,13
175501,175514,175517,3,13
175501,175514,175517,3,13
175501,175514,175516,2,13
175501,175513,175517,4,12
175501,175513,175517,4,12
175501,175514,175517,3,13
175501,175514,175517,3,13
175501,175514,175517,3,13
175501,175514,175517,3,13
175501,175515,175518,3,14
175501,175514,175518,4,13
175501,175515,175518,3,14
175501,175514,175518,4,13
175501,175514,175518,4,13
175501,175513,175517,4,12
175501,175514,175518,4,13
175501,175515,175518,3,14
175501,175514,175518,4,13
175501,175515,175519,4,14
175501,175516,175518,2,15
175501,175516,175519,3,15
175501,175516,175519,3,15
175501,175515,175518,3,14
175501,175515,175519,4,14
175501,175518,175519,1,17
175501,175515,175518,3,14
175501,175515,175519,4,14
175501,175515,175519,4,14
175501,175515,175519,4,14
175501,175515,175519,4,14
175501,175515,175519,4,14
175501,175516,175519,3,15
175501,175516,175520,4,15
175501,175516,175519,3,15
175501,175516,175519,3,15
175501,175516,175519,3,15
175501,175516,175520,4,15
175501,175518,175520,2,17
175501,175518,175520,2,17
175501,175516,175521,5,15
175501,175518,175520,2,17
175501,175518,175520,2,17
175501,175516,175520,4,15
175501,175519,175520,1,18
175501,175515,175520,5,14
175501,175517,175521,4,16
175501,175518,175520,2,17
175501,175518,175520,2,17
175501,175519,175521,2,18
175501,175516,175520,4,15
175501,175518,175521,3,17
175501,175518,175520,2,17
175501,175517,175521,4,16
175501,175517,175521,4,16
175501,175517,175521,4,16
175501,175518,175521,3,17
175501,175518,175521,3,17
175501,175518,175521,3,17
175501,175518,175522,4,17
175501,175519,175521,2,18
175501,175519,175522,3,18
175501,175518,175521,3,17
175501,175518,175522,4,17
175501,175517,175522,5,16
175501,175517,175521,4,16
175501,175519,175522,3,18
175501,175519,175522,3,18
175501,175519,175522,3,18
175501,175519,175522,3,18
175501,175518,175522,4,17
175501,175520,175522,2,19
175501,175520,175523,3,19
175501,175520,175522,2,19
175501,175520,175522,2,19
175501,175519,175522,3,18
175501,175519,175523,4,18
175501,175519,175523,4,18
175501,175520,175523,3,19
175501,175521,175524,3,20
175501,175521,175523,2,20
175501,175521,175523,2,20
175501,175520,175523,3,19
175501,175521,175523,2,20
175501,175521,175524,3,20
175501,175521,175524,3,20
175501,175521,175524,3,20
175501,175520,175523,3,19
175501,175520,175524,4,19
175501,175521,175524,3,20
175501,175521,175524,3,20
175501,175520,175524,4,19
175501,175520,175523,3,19
175501,175521,175524,3,20
175501,175521,175524,3,20
175501,175520,175524,4,19
175501,175520,175524,4,19
175501,175520,175524,4,19
175501,175522,175524,2,21
175501,175521,175524,3,20
175501,175521,175524,3,20
175501,175522,175525,3,21
175501,175521,175524,3,20
175501,175522,175524,2,21
175501,175522,175525,3,21
175501,175522,175525,3,21
175501,175522,175524,2,21
175501,175522,175525,3,21
175501,175522,175525,3,21
175504,175522,175525,3,18
175501,175522,175525,3,21
175501,175522,175525,3,21
175504,175523,175525,2,19
175504,175524,175526,2,20
175501,175522,175526,4,21
175504,175522,175526,4,18
175504,175522,175526,4,18
175504,175522,175526,4,18
175504,175524,175527,3,20
175504,175523,175527,4,19
175504,175524,175527,3,20
175504,175524,175526,2,20
175504,175524,175527,3,20
175504,175523,175527,4,19
175504,175524,175527,3,20
175504,175524,175527,3,20
175504,175524,175527,3,20
175504,175523,175526,3,19
175504,175524,175527,3,20
175504,175524,175527,3,20
175504,175524,175527,3,20
175504,175524,175527,3,20
175504,175524,175527,3,20
175504,175524,175527,3,20
175504,175525,175528,3,21
175504,175523,175527,4,19
175504,175524,175527,3,20
175504,175525,175528,3,21
175504,175523,175527,4,19
175504,175524,175527,3,20
175504,175524,175528,4,20
175504,175524,175528,4,20
175504,175524,175528,4,20
175504,175525,175528,3,21
175504,175526,175528,2,22
175504,175525,175529,4,21
175504,175525,175529,4,21
175504,175526,175529,3,22
175504,175525,175529,4,21
175504,175526,175529,3,22
175504,175525,175529,4,21
175504,175526,175529,3,22
175504,175528,175529,1,24
175504,175525,175529,4,21
175504,175525,175529,4,21
175504,175525,175529,4,21
175504,175525,175529,4,21
175504,175525,175529,4,21
175504,175525,175529,4,21
175504,175528,175529,1,24
175504,175528,175529,1,24
175504,175525,175530,5,21
175504,175527,175530,3,23
175504,175528,175530,2,24
175504,175525,175529,4,21
175504,175527,175530,3,23
175504,175528,175529,1,24
175504,175528,175530,2,24
175504,175528,175530,2,24
175504,175527,175530,3,23
175504,175527,175530,3,23
175504,175528,175530,2,24
175504,175527,175530,3,23
175504,175527,175530,3,23
175504,175528,175530,2,24
175504,175527,175531,4,23
175504,175527,175531,4,23
175504,175527,175531,4,23
175504,175527,175531,4,23
175504,175527,175531,4,23
175504,175527,175531,4,23
175504,175529,175531,2,25
175504,175527,175531,4,23
175504,175528,175531,3,24
175504,175528,175531,3,24
174651,174659,175531,872,8
175504,175527,175531,4,23
175504,175528,175531,3,24
175504,175528,175531,3,24
175504,175529,175532,3,25
175504,175529,175532,3,25
175504,175529,175533,4,25
175504,175529,175532,3,25
175504,175528,175532,4,24
175504,175529,175532,3,25
175504,175529,175533,4,25
175504,175530,175532,2,26
175504,175529,175532,3,25
175504,175530,175532,2,26
175504,175530,175532,2,26
175504,175530,175532,2,26
175504,175530,175533,3,26
175504,175530,175532,2,26
175504,175529,175533,4,25
175504,175529,175533,4,25
175504,175530,175533,3,26
175504,175531,175533,2,27
175504,175531,175533,2,27
175504,175530,175533,3,26
175504,175531,175533,2,27
175504,175531,175533,2,27
175504,175531,175533,2,27
175504,175531,175533,2,27
175504,175531,175533,2,27
175504,175531,175533,2,27
175504,175529,175533,4,25
175504,175531,175534,3,27
175504,175531,175533,2,27
175504,175530,175533,3,26
175504,175531,175533,2,27
175504,175531,175534,3,27
175504,175532,175534,2,28
175504,175531,175534,3,27
175504,175532,175534,2,28
175504,175532,175535,3,28
175504,175531,175534,3,27
175504,175532,175534,2,28
175504,175532,175534,2,28
175504,175531,175534,3,27
175504,175532,175535,3,28
175504,175532,175535,3,28
175504,175532,175535,3,28
175504,175532,175535,3,28
174640,174659,175549,890,19
174688,174695,175555,860,7
175561,175562,175564,2,1
175561,175562,175565,3,1
175561,175562,175565,3,1
175561,175562,175564,2,1
175561,175562,175565,3,1
175561,175562,175564,2,1
175561,175562,175566,4,1
175561,175562,175565,3,1
175561,175562,175566,4,1
175561,175562,175565,3,1
175561,175562,175565,3,1
175561,175562,175566,4,1
175561,175562,175565,3,1
175561,175562,175566,4,1
175561,175562,175566,4,1
175561,175562,175565,3,1
175561,175562,175566,4,1
175561,175562,175565,3,1
175561,175562,175565,3,1
175561,175562,175565,3,1
175561,175562,175565,3,1
175561,175562,175565,3,1
175561,175562,175566,4,1
175561,175562,175566,4,1
175561,175562,175565,3,1
175561,175562,175566,4,1
175561,175562,175565,3,1
175561,175562,175566,4,1
175561,175562,175566,4,1
175561,175562,175566,4,1
175561,175562,175566,4,1
175561,175562,175566,4,1
175561,175562,175567,5,1
175561,175562,175567,5,1
175561,175562,175566,4,1
175561,175562,175566,4,1
175561,175562,175566,4,1
175561,175562,175567,5,1
175561,175562,175567,5,1
175561,175562,175566,4,1
175561,175562,175566,4,1
175561,175562,175566,4,1
175561,175562,175566,4,1
175561,175562,175566,4,1
175561,175562,175567,5,1
175561,175562,175567,5,1
175561,175562,175567,5,1
175561,175562,175567,5,1
175561,175566,175568,2,5
175561,175566,175568,2,5
175561,175566,175569,3,5
175561,175566,175569,3,5
175561,175565,175569,4,4
175561,175565,175568,3,4
175561,175565,175568,3,4
175561,175566,175568,2,5
175561,175566,175569,3,5
175561,175566,175568,2,5
175561,175567,175570,3,6
175561,175565,175569,4,4
175561,175566,175569,3,5
175561,175567,175569,2,6
175561,175565,175569,4,4
175561,175566,175569,3,5
175561,175566,175569,3,5
175561,175566,175569,3,5
175561,175566,175570,4,5
175561,175566,175569,3,5
175561,175566,175569,3,5
175561,175566,175569,3,5
175561,175567,175570,3,6
175561,175566,175569,3,5
175561,175566,175570,4,5
175561,175566,175570,4,5
175561,175566,175569,3,5
175561,175565,175569,4,4
175561,175567,175571,4,6
175561,175566,175570,4,5
175561,175567,175570,3,6
175561,175567,175571,4,6
175561,175567,175571,4,6
175561,175567,175571,4,6
175561,175567,175571,4,6
175561,175567,175571,4,6
175561,175567,175570,3,6
175561,175568,175571,3,7
175561,175567,175571,4,6
175561,175567,175570,3,6
175561,175567,175571,4,6
175561,175566,175570,4,5
175561,175567,175570,3,6
175561,175567,175570,3,6
175561,175568,175571,3,7
175561,175568,175572,4,7
175561,175568,175572,4,7
175561,175568,175571,3,7
175561,175567,175572,5,6
175561,175569,175572,3,8
175561,175570,175572,2,9
175561,175569,175571,2,8
175561,175570,175572,2,9
175561,175569,175572,3,8
175561,175569,175572,3,8
175561,175569,175571,2,8
175561,175569,175572,3,8
175561,175569,175572,3,8
175561,175569,175572,3,8
175561,175569,175572,3,8
175561,175570,175572,2,9
175561,175570,175573,3,9
175561,175570,175573,3,9
175561,175570,175573,3,9
175561,175570,175573,3,9
175561,175570,175572,2,9
175561,175570,175573,3,9
175561,175570,175573,3,9
175561,175570,175572,2,9
175561,175570,175573,3,9
175562,175570,175573,3,8
175562,175570,175573,3,8
175562,175571,175574,3,9
175562,175571,175574,3,9
175561,175570,175573,3,9
175561,175570,175574,4,9
175562,175571,175574,3,9
175562,175570,175574,4,8
175562,175571,175574,3,9
175562,175570,175574,4,8
175562,175571,175574,3,9
175562,175571,175574,3,9
175562,175571,175574,3,9
175562,175572,175575,3,10
175562,175572,175574,2,10
175562,175573,175575,2,11
175562,175572,175575,3,10
175562,175572,175575,3,10
175562,175572,175575,3,10
175562,175571,175575,4,9
175562,175571,175575,4,9
175562,175571,175575,4,9
175562,175571,175575,4,9
175562,175571,175575,4,9
175562,175571,175575,4,9
175562,175571,175575,4,9
175562,175571,175575,4,9
175562,175572,175575,3,10
175562,175572,175575,3,10
175562,175573,175575,2,11
175562,175573,175576,3,11
175562,175572,175575,3,10
175562,175573,175576,3,11
175562,175573,175576,3,11
175562,175572,175576,4,10
175562,175571,175576,5,9
175562,175572,175576,4,10
175562,175574,175576,2,12
175562,175571,175576,5,9
175562,175573,175576,3,11
175562,175572,175576,4,10
175562,175572,175576,4,10
175562,175575,175577,2,13
175562,175575,175577,2,13
175562,175573,175577,4,11
175562,175572,175577,5,10
175562,175572,175576,4,10
175562,175573,175576,3,11
175562,175575,175577,2,13
175562,175572,175577,5,10
175562,175573,175577,4,11
175562,175574,175577,3,12
175562,175575,175577,2,13
175562,175574,175577,3,12
175562,175576,175577,1,14
175562,175576,175577,1,14
175562,175573,175577,4,11
175562,175573,175577,4,11
175562,175574,175577,3,12
175562,175573,175577,4,11
175562,175574,175578,4,12
175562,175575,175578,3,13
175562,175574,175578,4,12
175562,175574,175578,4,12
175562,175575,175578,3,13
175562,175574,175578,4,12
175562,175576,175578,2,14
175562,175574,175578,4,12
175562,175575,175578,3,13
175562,175575,175579,4,13
175562,175576,175579,3,14
175562,175575,175579,4,13
175562,175575,175579,4,13
175562,175575,175579,4,13
175562,175575,175579,4,13
175562,175576,175579,3,14
175562,175575,175579,4,13
175562,175575,175579,4,13
175562,175577,175580,3,15
175562,175577,175579,2,15
175562,175576,175579,3,14
175562,175576,175580,4,14
175562,175577,175580,3,15
175562,175576,175580,4,14
175562,175578,175580,2,16
175562,175576,175580,4,14
175562,175578,175581,3,16
175562,175578,175581,3,16
175562,175578,175581,3,16
175562,175577,175580,3,15
175562,175577,175580,3,15
175562,175577,175580,3,15
175562,175578,175580,2,16
175562,175578,175580,2,16
175562,175578,175581,3,16
175562,175578,175581,3,16
175562,175578,175580,2,16
175562,175578,175580,2,16
175562,175578,175581,3,16
175562,175577,175580,3,15
175562,175577,175580,3,15
175562,175577,175580,3,15
175562,175578,175580,2,16
175562,175576,175580,4,14
175562,175577,175581,4,15
175562,175578,175581,3,16
175562,175579,175581,2,17
175562,175578,175581,3,16
175562,175579,175581,2,17
175562,175578,175581,3,16
175562,175578,175581,3,16
175562,175579,175582,3,17
175562,175579,175581,2,17
175562,175579,175581,2,17
175562,175579,175582,3,17
175562,175579,175582,3,17
175562,175579,175582,3,17
175562,175580,175582,2,18
175562,175580,175582,2,18
175562,175579,175582,3,17
175562,175580,175583,3,18
175562,175579,175582,3,17
175562,175580,175583,3,18
175562,175580,175582,2,18
175562,175581,175582,1,19
175562,175581,175583,2,19
175562,175579,175583,4,17
175562,175580,175583,3,18
175562,175581,175584,3,19
175562,175581,175583,2,19
175562,175581,175584,3,19
175562,175582,175583,1,20
175562,175581,175584,3,19
175562,175582,175583,1,20
175562,175580,175583,3,18
175562,175581,175584,3,19
175562,175581,175583,2,19
175562,175580,175583,3,18
175562,175581,175583,2,19
175562,175582,175583,1,20
175562,175580,175583,3,18
175562,175581,175584,3,19
175562,175581,175583,2,19
175562,175582,175584,2,20
175562,175580,175584,4,18
175562,175583,175584,1,21
175562,175581,175584,3,19
175562,175581,175584,3,19
175562,175583,175584,1,21
175562,175583,175585,2,21
175562,175581,175584,3,19
175562,175581,175585,4,19
175562,175581,175584,3,19
175562,175581,175584,3,19
175562,175582,175585,3,20
175562,175581,175585,4,19
175562,175581,175585,4,19
175562,175582,175584,2,20
175562,175582,175584,2,20
175562,175581,175585,4,19
175562,175582,175584,2,20
175562,175581,175585,4,19
175562,175581,175585,4,19
175562,175582,175585,3,20
175562,175583,175585,2,21
175562,175581,175585,4,19
175562,175583,175586,3,21
175562,175583,175586,3,21
175562,175582,175585,3,20
175562,175581,175586,5,19
175562,175584,175587,3,22
175562,175583,175586,3,21
175562,175584,175587,3,22
175562,175584,175586,2,22
175562,175584,175586,2,22
175562,175584,175587,3,22
175562,175583,175586,3,21
175562,175584,175586,2,22
175562,175584,175587,3,22
175562,175583,175587,4,21
175562,175584,175587,3,22
175562,175584,175587,3,22
175562,175584,175587,3,22
175562,175584,175587,3,22
175562,175583,175587,4,21
175562,175585,175587,2,23
175562,175585,175588,3,23
175562,175585,175588,3,23
175562,175585,175588,3,23
175562,175583,175587,4,21
175562,175584,175588,4,22
175562,175584,175588,4,22
175562,175585,175588,3,23
175562,175585,175588,3,23
175562,175584,175587,3,22
175562,175584,175588,4,22
175562,175584,175587,3,22
175562,175585,175588,3,23
175562,175585,175588,3,23
175562,175586,175589,3,24
175562,175585,175588,3,23
175562,175585,175588,3,23
175562,175585,175588,3,23
175562,175585,175588,3,23
175562,175585,175588,3,23
175562,175586,175588,2,24
175562,175586,175589,3,24
175562,175587,175589,2,25
175562,175587,175589,2,25
175562,175585,175589,4,23
175562,175586,175588,2,24
175562,175585,175589,4,23
175562,175584,175588,4,22
175562,175585,175589,4,23
175562,175586,175589,3,24
175562,175585,175589,4,23
175562,175587,175589,2,25
175562,175586,175589,3,24
175562,175586,175589,3,24
175562,175587,175589,2,25
175562,175587,175589,2,25
175562,175587,175590,3,25
175562,175587,175590,3,25
175562,175587,175590,3,25
175562,175587,175590,3,25
175562,175587,175590,3,25
175562,175587,175590,3,25
175562,175587,175590,3,25
175562,175586,175590,4,24
175562,175587,175590,3,25
175562,175587,175590,3,25
175562,175588,175590,2,26
175562,175587,175590,3,25
175562,175588,175591,3,26
175562,175588,175590,2,26
175562,175588,175591,3,26
175562,175588,175591,3,26
175562,175588,175591,3,26
175562,175588,175591,3,26
175562,175588,175591,3,26
175562,175588,175591,3,26
175562,175588,175591,3,26
175582,175589,175592,3,7
175582,175589,175592,3,7
175582,175589,175592,3,7
175582,175589,175592,3,7
175582,175590,175592,2,8
175582,175588,175592,4,6
175582,175588,175592,4,6
175582,175589,175592,3,7
175582,175589,175592,3,7
175582,175589,175592,3,7
175582,175589,175593,4,7
175582,175589,175593,4,7
175582,175589,175593,4,7
175582,175590,175593,3,8
175582,175589,175593,4,7
175582,175589,175593,4,7
175582,175589,175593,4,7
175582,175589,175593,4,7
175582,175589,175593,4,7
175582,175591,175593,2,9
175582,175591,175594,3,9
175582,175589,175593,4,7
175582,175591,175593,2,9
175582,175589,175593,4,7
175582,175590,175594,4,8
175582,175590,175593,3,8
175582,175590,175594,4,8
175582,175589,175594,5,7
175582,175590,175594,4,8
175582,175590,175594,4,8
175582,175590,175594,4,8
175582,175590,175594,4,8
175582,175590,175594,4,8
175582,175592,175595,3,10
175582,175591,175594,3,9
175582,175591,175594,3,9
175582,175591,175595,4,9
175582,175591,175595,4,9
175582,175593,175595,2,11
175582,175591,175595,4,9
175582,175591,175596,5,9
175582,175592,175595,3,10
175582,175592,175595,3,10
175582,175592,175595,3,10
175582,175594,175596,2,12
175582,175590,175595,5,8
175582,175593,175596,3,11
175582,175593,175596,3,11
175582,175591,175595,4,9
175582,175593,175596,3,11
175582,175593,175595,2,11
175582,175593,175595,2,11
175582,175591,175596,5,9
175582,175592,175595,3,10
175582,175593,175595,2,11
175582,175593,175596,3,11
175582,175594,175595,1,12
175582,175594,175595,1,12
175582,175593,175595,2,11
175582,175594,175596,2,12
175582,175592,175596,4,10
175582,175592,175596,4,10
175582,175594,175596,2,12
175582,175593,175596,3,11
175582,175593,175597,4,11
175582,175593,175597,4,11
175582,175593,175597,4,11
175582,175593,175596,3,11
175582,175594,175597,3,12
175582,175594,175598,4,12
175582,175595,175597,2,13
175582,175594,175597,3,12
175582,175595,175598,3,13
175582,175594,175597,3,12
175582,175594,175598,4,12
175582,175595,175598,3,13
175582,175596,175598,2,14
175582,175593,175597,4,11
175582,175595,175598,3,13
175582,175595,175598,3,13
175582,175595,175598,3,13
175582,175595,175598,3,13
175582,175595,175599,4,13
175582,175595,175598,3,13
175582,175595,175598,3,13
175582,175596,175598,2,14
175582,175595,175598,3,13
175582,175596,175598,2,14
175582,175596,175599,3,14
175582,175596,175598,2,14
175582,175596,175598,2,14
175582,175595,175598,3,13
175582,175596,175598,2,14
175582,175596,175599,3,14
175582,175596,175599,3,14
175582,175596,175598,2,14
175582,175596,175598,2,14
175582,175596,175599,3,14
175582,175596,175599,3,14
175582,175596,175599,3,14
175582,175596,175599,3,14
175582,175596,175599,3,14
175582,175596,175599,3,14
175582,175596,175599,3,14
175582,175596,175599,3,14
175582,175597,175599,2,15
175582,175598,175600,2,16
175582,175597,175600,3,15
175582,175597,175599,2,15
175582,175596,175599,3,14
175582,175596,175599,3,14
175582,175597,175600,3,15
175582,175597,175600,3,15
175582,175597,175600,3,15
175582,175597,175600,3,15
175582,175597,175600,3,15
175582,175597,175600,3,15
175582,175598,175600,2,16
175582,175598,175601,3,16
175582,175598,175601,3,16
174732,174740,175634,894,8
175636,175637,175639,2,1
175636,175637,175639,2,1
175636,175637,175639,2,1
175636,175637,175639,2,1
175636,175637,175639,2,1
175636,175637,175639,2,1
175636,175637,175639,2,1
175636,175637,175640,3,1
175636,175637,175639,2,1
175636,175637,175640,3,1
175636,175637,175640,3,1
175636,175637,175640,3,1
175636,175637,175641,4,1
175636,175637,175640,3,1
175636,175637,175641,4,1
175636,175637,175641,4,1
175636,175637,175640,3,1
175636,175637,175640,3,1
175636,175637,175641,4,1
175636,175637,175640,3,1
175636,175637,175640,3,1
175636,175637,175641,4,1
175636,175637,175641,4,1
175636,175637,175641,4,1
175636,175637,175640,3,1
175636,175637,175640,3,1
175636,175637,175640,3,1
175636,175637,175640,3,1
175636,175637,175640,3,1
175636,175637,175641,4,1
175636,175637,175641,4,1
175636,175637,175640,3,1
175636,175637,175640,3,1
175636,175637,175640,3,1
175636,175637,175640,3,1
175636,175637,175642,5,1
175636,175637,175641,4,1
175636,175637,175642,5,1
175636,175639,175641,2,3
175636,175637,175641,4,1
175636,175637,175641,4,1
175636,175637,175641,4,1
175636,175637,175641,4,1
175636,175637,175641,4,1
175636,175637,175642,5,1
175636,175637,175641,4,1
175636,175637,175642,5,1
175636,175637,175642,5,1
175636,175640,175643,3,4
175636,175640,175642,2,4
175636,175640,175643,3,4
175636,175640,175642,2,4
175636,175639,175642,3,3
175636,175640,175642,2,4
175636,175640,175642,2,4
175636,175641,175644,3,5
175636,175641,175644,3,5
175636,175641,175643,2,5
175636,175641,175643,2,5
175636,175641,175644,3,5
175636,175640,175644,4,4
175636,175641,175643,2,5
175636,175640,175644,4,4
175636,175641,175644,3,5
175636,175641,175644,3,5
175636,175641,175644,3,5
175636,175641,175644,3,5
175636,175641,175644,3,5
175636,175641,175644,3,5
175636,175641,175645,4,5
175636,175641,175645,4,5
175636,175642,175645,3,6
175636,175641,175645,4,5
175636,175642,175645,3,6
175636,175643,175644,1,7
175636,175640,175645,5,4
175636,175643,175645,2,7
175636,175643,175645,2,7
175636,175640,175645,5,4
175636,175641,175645,4,5
175636,175641,175644,3,5
175636,175642,175645,3,6
175636,175641,175644,3,5
175636,175641,175644,3,5
175636,175641,175645,4,5
175636,175641,175645,4,5
175636,175641,175645,4,5
175636,175642,175645,3,6
175636,175642,175646,4,6
175636,175642,175645,3,6
175636,175642,175645,3,6
175636,175642,175646,4,6
175636,175643,175645,2,7
175636,175642,175646,4,6
175636,175641,175645,4,5
175636,175642,175645,3,6
175636,175644,175646,2,8
175636,175642,175645,3,6
175636,175642,175646,4,6
175636,175642,175645,3,6
175636,175643,175646,3,7
175636,175643,175646,3,7
175636,175643,175646,3,7
175636,175644,175647,3,8
175636,175644,175647,3,8
175636,175644,175647,3,8
175636,175644,175647,3,8
175636,175644,175646,2,8
175636,175644,175647,3,8
175636,175644,175647,3,8
175636,175644,175647,3,8
175636,175644,175647,3,8
175636,175644,175647,3,8
175636,175644,175647,3,8
175636,175644,175648,4,8
175636,175645,175647,2,9
175636,175645,175648,3,9
175636,175645,175647,2,9
175636,175644,175648,4,8
175636,175645,175648,3,9
175648,175648,175650,2,0
175648,175648,175650,2,0
175648,175648,175650,2,0
175648,175648,175650,2,0
175648,175648,175651,3,0
175648,175648,175651,3,0
175648,175648,175651,3,0
175648,175648,175651,3,0
175648,175648,175651,3,0
175648,175648,175651,3,0
175648,175648,175651,3,0
175648,175648,175651,3,0
175648,175649,175651,2,1
175648,175649,175652,3,1
175648,175648,175652,4,0
175648,175648,175652,4,0
175648,175648,175652,4,0
175648,175648,175652,4,0
175648,175648,175652,4,0
175648,175648,175652,4,0
175648,175648,175652,4,0
175648,175648,175652,4,0
175648,175648,175653,5,0
175648,175648,175652,4,0
175648,175648,175653,5,0
175648,175648,175652,4,0
175648,175648,175652,4,0
175648,175648,175652,4,0
175648,175648,175653,5,0
175648,175650,175653,3,2
175648,175648,175653,5,0
175648,175648,175653,5,0
175648,175648,175653,5,0
175648,175648,175653,5,0
175648,175648,175653,5,0
175648,175648,175654,6,0
175648,175648,175653,5,0
175648,175648,175653,5,0
175648,175648,175653,5,0
175648,175648,175653,5,0
175648,175648,175653,5,0
175648,175648,175653,5,0
175648,175648,175653,5,0
175648,175651,175654,3,3
175648,175652,175654,2,4
175648,175648,175653,5,0
175648,175651,175653,2,3
175648,175648,175654,6,0
175648,175651,175654,3,3
175648,175652,175654,2,4
175648,175649,175654,5,1
175648,175649,175654,5,1
175648,175651,175655,4,3
175648,175652,175655,3,4
175648,175652,175655,3,4
175648,175652,175655,3,4
175648,175653,175656,3,5
175648,175653,175656,3,5
175648,175653,175655,2,5
175648,175654,175656,2,6
175648,175653,175656,3,5
175648,175652,175656,4,4
175648,175652,175656,4,4
175648,175653,175656,3,5
175648,175653,175656,3,5
175648,175654,175656,2,6
175648,175653,175656,3,5
175648,175653,175657,4,5
175648,175654,175657,3,6
175648,175653,175656,3,5
175648,175654,175657,3,6
175648,175654,175657,3,6
175648,175653,175656,3,5
175648,175654,175656,2,6
175648,175653,175656,3,5
175648,175654,175656,2,6
175648,175655,175657,2,7
175648,175654,175657,3,6
175648,175654,175657,3,6
175648,175656,175657,1,8
175648,175655,175657,2,7
175648,175653,175657,4,5
175648,175654,175657,3,6
175648,175654,175657,3,6
175648,175654,175657,3,6
175648,175654,175657,3,6
175648,175654,175657,3,6
175648,175654,175657,3,6
175648,175654,175657,3,6
175648,175654,175657,3,6
175648,175653,175657,4,5
175648,175655,175658,3,7
175648,175653,175657,4,5
175648,175654,175657,3,6
175648,175655,175657,2,7
175648,175655,175658,3,7
175648,175654,175658,4,6
175648,175656,175658,2,8
175648,175656,175658,2,8
175648,175656,175658,2,8
175648,175655,175658,3,7
175648,175656,175659,3,8
175648,175656,175658,2,8
175648,175657,175658,1,9
175648,175657,175659,2,9
175648,175657,175660,3,9
175648,175655,175660,5,7
175648,175657,175659,2,9
175648,175657,175660,3,9
175648,175657,175660,3,9
175648,175656,175659,3,8
175648,175657,175660,3,9
175648,175657,175659,2,9
175648,175657,175660,3,9
175648,175657,175660,3,9
174742,174752,175660,908,10
175648,175657,175660,3,9
175648,175657,175660,3,9
175648,175657,175660,3,9
175648,175657,175660,3,9
175648,175657,175660,3,9
174785,174792,175662,870,7
174797,174804,175669,865,7
175684,175684,175686,2,0
175684,175684,175686,2,0
175684,175684,175686,2,0
175684,175684,175686,2,0
175684,175684,175686,2,0
175684,175684,175686,2,0
175684,175684,175687,3,0
175684,175684,175687,3,0
175684,175684,175687,3,0
175684,175684,175687,3,0
175684,175684,175686,2,0
175684,175684,175687,3,0
175684,175684,175687,3,0
175684,175684,175686,2,0
175684,175684,175688,4,0
175684,175684,175687,3,0
175684,175684,175688,4,0
175684,175686,175688,2,2
175684,175684,175688,4,0
175684,175684,175688,4,0
175684,175684,175688,4,0
175684,175684,175688,4,0
175684,175684,175687,3,0
175684,175684,175687,3,0
175684,175684,175688,4,0
175684,175684,175688,4,0
175684,175684,175688,4,0
175684,175684,175689,5,0
175684,175684,175688,4,0
175684,175684,175688,4,0
175684,175684,175689,5,0
175684,175686,175688,2,2
175684,175684,175688,4,0
175684,175684,175688,4,0
175684,175684,175688,4,0
175684,175684,175688,4,0
175684,175684,175688,4,0
175684,175684,175688,4,0
175684,175684,175688,4,0
175684,175684,175689,5,0
175684,175684,175689,5,0
175684,175684,175688,4,0
175684,175684,175688,4,0
175684,175684,175688,4,0
175684,175684,175689,5,0
175684,175684,175688,4,0
175684,175686,175689,3,2
175684,175684,175689,5,0
175684,175684,175690,6,0
175684,175687,175691,4,3
175684,175687,175691,4,3
175684,175687,175691,4,3
175684,175687,175690,3,3
175684,175687,175691,4,3
175684,175687,175691,4,3
175684,175687,175690,3,3
175684,175688,175692,4,4
175684,175687,175691,4,3
175684,175687,175691,4,3
175684,175688,175692,4,4
175684,175688,175691,3,4
175684,175688,175691,3,4
175684,175687,175691,4,3
175684,175688,175692,4,4
175684,175689,175692,3,5
175684,175688,175692,4,4
175684,175688,175692,4,4
175684,175688,175692,4,4
175684,175688,175691,3,4
175684,175688,175691,3,4
175684,175689,175692,3,5
175684,175688,175692,4,4
175684,175689,175692,3,5
175684,175689,175692,3,5
175684,175689,175693,4,5
175684,175689,175693,4,5
175684,175689,175693,4,5
175684,175689,175693,4,5
175684,175689,175693,4,5
175684,175689,175693,4,5
175684,175689,175693,4,5
175684,175689,175693,4,5
175684,175689,175692,3,5
175684,175689,175692,3,5
175684,175691,175694,3,7
175684,175689,175693,4,5
175684,175689,175693,4,5
175684,175689,175693,4,5
175684,175689,175693,4,5
175684,175690,175693,3,6
175684,175689,175694,5,5
175684,175689,175693,4,5
175684,175689,175693,4,5
175684,175689,175694,5,5
175684,175689,175693,4,5
175684,175691,175694,3,7
175684,175691,175694,3,7
175684,175691,175694,3,7
175684,175691,175694,3,7
175684,175691,175694,3,7
175684,175692,175695,3,8
175684,175692,175695,3,8
175684,175692,175695,3,8
175684,175692,175695,3,8
175684,175692,175695,3,8
175684,175691,175695,4,7
175684,175693,175695,2,9
175684,175693,175695,2,9
175684,175693,175696,3,9
175684,175693,175695,2,9
175684,175693,175695,2,9
175684,175693,175695,2,9
175684,175693,175696,3,9
175684,175693,175695,2,9
175684,175692,175696,4,8
175684,175692,175695,3,8
175684,175692,175696,4,8
175684,175693,175696,3,9
175684,175694,175696,2,10
175684,175694,175696,2,10
175684,175694,175696,2,10
175684,175693,175697,4,9
175684,175693,175697,4,9
175684,175693,175697,4,9
175684,175692,175697,5,8
175684,175693,175697,4,9
175684,175694,175696,2,10
175684,175694,175697,3,10
175684,175694,175697,3,10
175684,175693,175697,4,9
175684,175694,175698,4,10
175684,175694,175697,3,10
175684,175696,175697,1,12
175684,175696,175698,2,12
175684,175696,175697,1,12
175684,175696,175697,1,12
175684,175694,175698,4,10
175684,175694,175698,4,10
175684,175694,175698,4,10
175684,175693,175698,5,9
175684,175694,175698,4,10
175684,175693,175697,4,9
175684,175693,175698,5,9
175684,175695,175698,3,11
175684,175694,175698,4,10
175684,175696,175698,2,12
175684,175694,175698,4,10
175684,175695,175698,3,11
175684,175695,175699,4,11
175684,175696,175698,2,12
175684,175696,175699,3,12
175684,175695,175699,4,11
175684,175696,175698,2,12
175684,175695,175699,4,11
175684,175696,175699,3,12
175684,175696,175699,3,12
175684,175696,175700,4,12
175684,175697,175700,3,13
175684,175697,175699,2,13
175684,175697,175700,3,13
175684,175696,175700,4,12
175684,175697,175700,3,13
175684,175697,175701,4,13
175684,175696,175700,4,12
175684,175698,175701,3,14
175684,175696,175700,4,12
175684,175697,175700,3,13
175684,175697,175700,3,13
175684,175697,175701,4,13
175684,175698,175701,3,14
175684,175698,175701,3,14
175684,175698,175701,3,14
175684,175696,175701,5,12
175684,175698,175701,3,14
175684,175698,175702,4,14
175684,175698,175702,4,14
175684,175698,175701,3,14
175684,175698,175702,4,14
175684,175698,175701,3,14
175684,175699,175702,3,15
175684,175698,175702,4,14
175684,175698,175702,4,14
175684,175698,175702,4,14
175684,175699,175702,3,15
175684,175699,175702,3,15
175684,175698,175702,4,14
175684,175699,175702,3,15
175684,175699,175702,3,15
175684,175699,175702,3,15
175684,175699,175702,3,15
175684,175700,175703,3,16
175684,175699,175702,3,15
175684,175699,175702,3,15
175684,175699,175703,4,15
175684,175699,175702,3,15
175684,175700,175702,2,16
175684,175700,175703,3,16
175684,175701,175703,2,17
175684,175699,175703,4,15
175684,175699,175703,4,15
175684,175700,175703,3,16
175684,175701,175704,3,17
175684,175701,175704,3,17
175684,175701,175703,2,17
175684,175700,175703,3,16
175684,175700,175703,3,16
175684,175701,175704,3,17
175684,175702,175704,2,18
175684,175701,175703,2,17
175684,175701,175704,3,17
175684,175702,175704,2,18
175684,175702,175705,3,18
175684,175701,175704,3,17
175684,175702,175704,2,18
175684,175701,175704,3,17
175684,175702,175705,3,18
175684,175702,175704,2,18
175684,175702,175704,2,18
175684,175702,175704,2,18
175684,175702,175705,3,18
175684,175684,175689,5,0
175684,175703,175705,2,19
175684,175703,175706,3,19
175684,175703,175706,3,19
175684,175703,175705,2,19
175684,175703,175705,2,19
175684,175703,175705,2,19
175684,175703,175705,2,19
175684,175702,175705,3,18
175684,175703,175706,3,19
175684,175703,175706,3,19
175684,175703,175706,3,19
175684,175703,175705,2,19
175684,175703,175706,3,19
175697,175703,175706,3,6
175697,175703,175706,3,6
175697,175704,175706,2,7
175697,175705,175707,2,8
175697,175703,175707,4,6
175697,175703,175707,4,6
175697,175704,175707,3,7
175697,175703,175707,4,6
175697,175703,175707,4,6
175697,175703,175707,4,6
175697,175704,175706,2,7
175697,175704,175708,4,7
175697,175704,175707,3,7
175697,175704,175708,4,7
175697,175704,175708,4,7
175697,175705,175707,2,8
175697,175704,175707,3,7
175697,175705,175708,3,8
175697,175705,175708,3,8
175697,175706,175708,2,9
175697,175706,175707,1,9
175697,175706,175708,2,9
175697,175706,175708,2,9
175697,175706,175708,2,9
175697,175706,175708,2,9
175697,175706,175708,2,9
175697,175706,175709,3,9
175697,175706,175709,3,9
175697,175705,175708,3,8
175697,175706,175708,2,9
175697,175705,175709,4,8
175697,175704,175708,4,7
175697,175705,175709,4,8
175697,175705,175709,4,8
175697,175705,175709,4,8
175697,175705,175709,4,8
175684,175706,175710,4,22
175697,175706,175710,4,9
175697,175706,175709,3,9
175697,175706,175709,3,9
175697,175706,175709,3,9
175697,175706,175710,4,9
175697,175707,175710,3,10
175697,175706,175710,4,9
175697,175707,175710,3,10
175697,175707,175710,3,10
175697,175707,175710,3,10
175697,175706,175710,4,9
175697,175708,175711,3,11
175697,175707,175711,4,10
175697,175707,175711,4,10
175697,175707,175711,4,10
175697,175707,175711,4,10
175697,175708,175712,4,11
175697,175708,175712,4,11
175697,175708,175712,4,11
175697,175708,175712,4,11
175697,175708,175712,4,11
175697,175708,175712,4,11
175697,175708,175712,4,11
175697,175708,175712,4,11
175697,175709,175712,3,12
175697,175708,175713,5,11
175697,175708,175712,4,11
175697,175708,175712,4,11
175697,175709,175713,4,12
175697,175708,175712,4,11
175697,175709,175712,3,12
175697,175708,175712,4,11
175697,175709,175712,3,12
175697,175709,175713,4,12
175697,175709,175713,4,12
175697,175709,175713,4,12
175697,175709,175713,4,12
175697,175710,175713,3,13
175697,175711,175713,2,14
175697,175710,175713,3,13
175697,175711,175713,2,14
175697,175710,175714,4,13
175697,175710,175714,4,13
175697,175710,175713,3,13
175697,175711,175714,3,14
175697,175710,175713,3,13
175697,175710,175714,4,13
175697,175711,175714,3,14
175697,175711,175715,4,14
175697,175711,175714,3,14
175697,175711,175714,3,14
175697,175710,175714,4,13
175697,175711,175714,3,14
175697,175711,175715,4,14
175697,175713,175715,2,16
175697,175713,175715,2,16
175697,175713,175715,2,16
175697,175711,175715,4,14
175697,175713,175715,2,16
175697,175712,175715,3,15
175697,175713,175715,2,16
175697,175712,175715,3,15
175697,175713,175716,3,16
175697,175713,175715,2,16
175697,175713,175715,2,16
175697,175713,175716,3,16
175697,175712,175715,3,15
175697,175713,175716,3,16
175697,175713,175716,3,16
175697,175712,175716,4,15
175697,175712,175716,4,15
175697,175713,175716,3,16
175697,175714,175716,2,17
175697,175713,175716,3,16
175697,175714,175716,2,17
175697,175714,175716,2,17
175697,175714,175716,2,17
175697,175714,175716,2,17
175697,175714,175717,3,17
175697,175713,175716,3,16
175697,175714,175717,3,17
175697,175714,175717,3,17
175697,175713,175716,3,16
175697,175714,175717,3,17
175684,175697,175702,5,13
175684,175699,175702,3,15
175684,175722,175725,3,38
175684,175722,175725,3,38
175684,175722,175726,4,38
174849,174857,175727,870,8
175752,175753,175755,2,1
175752,175753,175755,2,1
175752,175753,175755,2,1
175752,175753,175755,2,1
175752,175753,175756,3,1
175752,175753,175756,3,1
175752,175753,175755,2,1
175752,175753,175755,2,1
175752,175753,175756,3,1
175752,175753,175757,4,1
175752,175753,175756,3,1
175752,175753,175756,3,1
175752,175753,175757,4,1
175752,175753,175756,3,1
175752,175753,175757,4,1
175752,175753,175757,4,1
175752,175753,175757,4,1
175752,175753,175757,4,1
175752,175753,175757,4,1
175752,175753,175757,4,1
175752,175753,175757,4,1
175752,175753,175757,4,1
175752,175753,175757,4,1
175752,175753,175758,5,1
175752,175753,175758,5,1
175752,175753,175757,4,1
175752,175753,175757,4,1
175752,175753,175758,5,1
175752,175755,175757,2,3
175752,175753,175758,5,1
175752,175753,175758,5,1
175752,175755,175758,3,3
175752,175753,175758,5,1
175752,175756,175759,3,4
175752,175756,175758,2,4
175752,175756,175759,3,4
175752,175756,175759,3,4
175752,175756,175759,3,4
175752,175756,175759,3,4
175752,175757,175760,3,5
175752,175757,175760,3,5
175752,175757,175760,3,5
175752,175757,175760,3,5
175752,175757,175761,4,5
175752,175758,175761,3,6
175752,175757,175761,4,5
175752,175757,175760,3,5
175752,175757,175761,4,5
175752,175758,175762,4,6
175752,175758,175762,4,6
175752,175759,175762,3,7
175752,175758,175762,4,6
175752,175758,175762,4,6
175752,175758,175761,3,6
175752,175758,175761,3,6
175752,175758,175762,4,6
175752,175758,175761,3,6
175752,175758,175762,4,6
175752,175758,175762,4,6
175752,175758,175762,4,6
175752,175758,175762,4,6
175752,175753,175763,10,1
175752,175759,175763,4,7
175752,175758,175762,4,6
175752,175759,175762,3,7
175752,175759,175763,4,7
175752,175758,175762,4,6
175752,175758,175763,5,6
175752,175760,175763,3,8
175752,175759,175763,4,7
175752,175760,175762,2,8
175752,175759,175763,4,7
175752,175760,175763,3,8
175752,175760,175763,3,8
175752,175762,175764,2,10
175752,175762,175764,2,10
175752,175761,175764,3,9
175752,175762,175764,2,10
175752,175762,175764,2,10
175752,175761,175764,3,9
175752,175760,175763,3,8
175752,175760,175764,4,8
175752,175760,175763,3,8
175752,175760,175764,4,8
175752,175762,175764,2,10
175752,175753,175765,12,1
175752,175761,175765,4,9
175752,175761,175765,4,9
175752,175761,175764,3,9
175752,175762,175765,3,10
175752,175762,175764,2,10
175752,175761,175765,4,9
175752,175762,175765,3,10
175752,175762,175765,3,10
175752,175760,175765,5,8
175752,175763,175766,3,11
175752,175763,175765,2,11
175752,175763,175766,3,11
175752,175763,175766,3,11
175752,175762,175765,3,10
175752,175762,175766,4,10
175752,175762,175766,4,10
175752,175763,175766,3,11
175752,175763,175766,3,11
175752,175763,175766,3,11
175752,175763,175766,3,11
175752,175763,175766,3,11
175752,175762,175765,3,10
175752,175764,175767,3,12
175752,175764,175767,3,12
175752,175764,175767,3,12
175752,175763,175767,4,11
175752,175764,175767,3,12
175752,175763,175765,2,11
175752,175764,175767,3,12
174910,174919,175776,857,9
175752,175774,175777,3,22
175752,175774,175778,4,22
175752,175774,175778,4,22
175752,175774,175778,4,22
175752,175774,175778,4,22
175777,175777,175780,3,0
175777,175777,175780,3,0
175777,175777,175781,4,0
175777,175777,175781,4,0
175777,175777,175781,4,0
175777,175777,175781,4,0
175777,175777,175781,4,0
175777,175777,175781,4,0
175777,175777,175781,4,0
175777,175777,175781,4,0
175777,175777,175781,4,0
175777,175777,175781,4,0
175777,175777,175781,4,0
175777,175777,175781,4,0
175777,175777,175781,4,0
175777,175777,175781,4,0
175777,175777,175781,4,0
175777,175778,175781,3,1
175777,175777,175782,5,0
175777,175777,175782,5,0
175777,175777,175782,5,0
175777,175777,175782,5,0
175777,175777,175782,5,0
175777,175777,175782,5,0
175777,175777,175782,5,0
175777,175777,175782,5,0
175777,175777,175782,5,0
175777,175777,175782,5,0
175777,175777,175782,5,0
175777,175777,175782,5,0
175777,175777,175782,5,0
175777,175778,175783,5,1
175777,175779,175783,4,2
175777,175779,175783,4,2
175777,175777,175783,6,0
175777,175777,175783,6,0
175777,175777,175782,5,0
175777,175777,175781,4,0
175777,175777,175782,5,0
175777,175779,175783,4,2
175777,175777,175784,7,0
175777,175782,175784,2,5
175777,175782,175784,2,5
175777,175782,175784,2,5
175777,175782,175784,2,5
175777,175782,175784,2,5
175777,175782,175785,3,5
175777,175782,175785,3,5
175777,175782,175785,3,5
175777,175783,175786,3,6
175777,175782,175785,3,5
175777,175783,175785,2,6
175777,175783,175785,2,6
175777,175781,175785,4,4
175777,175782,175785,3,5
175777,175783,175785,2,6
175777,175782,175785,3,5
175777,175782,175785,3,5
175777,175782,175785,3,5
175777,175782,175786,4,5
175777,175783,175785,2,6
175777,175783,175785,2,6
175777,175783,175786,3,6
175777,175783,175786,3,6
175777,175783,175786,3,6
175777,175783,175786,3,6
175777,175783,175786,3,6
175777,175782,175786,4,5
175777,175783,175787,4,6
175777,175784,175787,3,7
175777,175782,175786,4,5
175777,175783,175786,3,6
175777,175784,175787,3,7
175777,175784,175787,3,7
175777,175781,175787,6,4
175777,175782,175787,5,5
175777,175784,175787,3,7
175777,175785,175788,3,8
175777,175784,175787,3,7
175777,175784,175787,3,7
175777,175783,175787,4,6
175777,175785,175788,3,8
175777,175786,175788,2,9
175777,175785,175788,3,8
175777,175786,175788,2,9
175777,175786,175788,2,9
175777,175786,175788,2,9
175777,175786,175788,2,9
175777,175786,175789,3,9
175777,175785,175788,3,8
175777,175786,175788,2,9
175777,175785,175789,4,8
175777,175786,175789,3,9
175777,175786,175789,3,9
175777,175786,175788,2,9
175777,175784,175788,4,7
175777,175785,175789,4,8
175777,175786,175788,2,9
175777,175786,175789,3,9
175777,175787,175789,2,10
175777,175786,175789,3,9
175777,175785,175789,4,8
175777,175787,175789,2,10
175777,175786,175789,3,9
175777,175786,175789,3,9
175777,175786,175789,3,9
175777,175787,175789,2,10
175777,175786,175789,3,9
175777,175787,175790,3,10
175777,175788,175790,2,11
175777,175787,175790,3,10
175777,175787,175790,3,10
175777,175787,175791,4,10
175777,175788,175790,2,11
175777,175788,175791,3,11
175777,175788,175791,3,11
175777,175787,175790,3,10
175777,175788,175790,2,11
175777,175786,175791,5,9
175777,175787,175791,4,10
174856,174869,175798,929,13
175802,175802,175805,3,0
175802,175802,175806,4,0
175802,175802,175806,4,0
175802,175802,175806,4,0
175802,175802,175806,4,0
175802,175802,175806,4,0
175802,175802,175806,4,0
175802,175802,175806,4,0
175802,175802,175806,4,0
175802,175802,175806,4,0
175802,175802,175806,4,0
175802,175802,175806,4,0
175802,175802,175806,4,0
175802,175802,175806,4,0
175802,175802,175806,4,0
175802,175802,175807,5,0
175802,175802,175806,4,0
175802,175802,175807,5,0
175802,175802,175807,5,0
175802,175802,175807,5,0
175802,175802,175807,5,0
175802,175802,175807,5,0
175802,175802,175807,5,0
175802,175802,175807,5,0
175802,175802,175807,5,0
175802,175802,175807,5,0
175802,175802,175807,5,0
175802,175802,175807,5,0
175802,175802,175807,5,0
175802,175802,175807,5,0
175802,175802,175807,5,0
175802,175802,175807,5,0
175802,175802,175807,5,0
175802,175802,175808,6,0
175802,175802,175808,6,0
175802,175805,175808,3,3
175802,175802,175808,6,0
175802,175802,175809,7,0
175802,175807,175809,2,5
175802,175807,175809,2,5
175802,175807,175809,2,5
175802,175807,175809,2,5
175802,175805,175809,4,3
175802,175805,175809,4,3
175802,175807,175810,3,5
175802,175808,175810,2,6
175802,175807,175810,3,5
175802,175808,175810,2,6
175802,175808,175810,2,6
175802,175808,175810,2,6
175802,175808,175810,2,6
175802,175806,175810,4,4
175802,175807,175810,3,5
175802,175807,175810,3,5
175802,175808,175810,2,6
175802,175808,175811,3,6
175802,175807,175811,4,5
175802,175807,175810,3,5
175802,175807,175810,3,5
175802,175807,175810,3,5
175802,175807,175810,3,5
175802,175808,175810,2,6
175802,175808,175810,2,6
175802,175802,175810,8,0
175802,175808,175811,3,6
175802,175808,175811,3,6
175802,175807,175811,4,5
175802,175808,175812,4,6
175802,175809,175811,2,7
175802,175807,175811,4,5
175802,175808,175811,3,6
175802,175808,175811,3,6
175802,175807,175811,4,5
175802,175809,175812,3,7
175802,175807,175812,5,5
175802,175810,175812,2,8
175802,175808,175812,4,6
175802,175811,175813,2,9
175802,175808,175812,4,6
175802,175811,175812,1,9
175802,175811,175813,2,9
175802,175811,175812,1,9
175802,175811,175813,2,9
175802,175811,175813,2,9
175802,175810,175812,2,8
175802,175811,175813,2,9
175802,175811,175814,3,9
175802,175812,175813,1,10
175802,175810,175813,3,8
175802,175811,175813,2,9
175802,175810,175814,4,8
175802,175810,175813,3,8
175802,175811,175814,3,9
175802,175811,175813,2,9
175802,175811,175814,3,9
175802,175811,175814,3,9
175802,175811,175814,3,9
175802,175812,175814,2,10
175802,175812,175814,2,10
175802,175809,175814,5,7
175802,175811,175814,3,9
175802,175811,175815,4,9
175802,175811,175814,3,9
175802,175812,175814,2,10
175802,175812,175815,3,10
175802,175811,175814,3,9
175802,175811,175814,3,9
175802,175812,175815,3,10
175802,175812,175815,3,10
175802,175812,175814,2,10
175802,175813,175816,3,11
175802,175813,175815,2,11
175802,175812,175815,3,10
175802,175813,175816,3,11
175802,175812,175816,4,10
175802,175813,175816,3,11
175802,175812,175816,4,10
175802,175813,175816,3,11
175802,175812,175815,3,10
175802,175813,175816,3,11
174897,174904,175830,926,7
175851,175851,175854,3,0
175851,175851,175854,3,0
175851,175851,175855,4,0
175851,175851,175854,3,0
175851,175851,175855,4,0
175851,175851,175855,4,0
175851,175851,175855,4,0
175851,175851,175855,4,0
175851,175851,175855,4,0
175851,175851,175855,4,0
175851,175851,175855,4,0
175851,175851,175855,4,0
175851,175851,175855,4,0
175851,175851,175855,4,0
175851,175851,175855,4,0
175851,175851,175855,4,0
175851,175851,175855,4,0
175851,175851,175855,4,0
175851,175851,175855,4,0
175851,175851,175856,5,0
175851,175851,175856,5,0
175851,175851,175855,4,0
175851,175851,175856,5,0
175851,175851,175856,5,0
175851,175852,175856,4,1
175851,175852,175856,4,1
175851,175851,175856,5,0
175851,175851,175856,5,0
175851,175851,175856,5,0
175851,175851,175856,5,0
175851,175851,175856,5,0
175851,175851,175856,5,0
175851,175851,175856,5,0
175851,175851,175856,5,0
175851,175852,175857,5,1
175851,175851,175857,6,0
175851,175851,175857,6,0
175851,175855,175859,4,4
175851,175857,175859,2,6
175851,175856,175859,3,5
175851,175856,175858,2,5
175851,175856,175858,2,5
175851,175856,175858,2,5
175851,175856,175858,2,5
175851,175854,175858,4,3
175851,175856,175858,2,5
175851,175856,175859,3,5
175851,175856,175859,3,5
175851,175856,175859,3,5
175851,175856,175859,3,5
175851,175856,175859,3,5
175851,175856,175859,3,5
175851,175856,175859,3,5
175851,175854,175859,5,3
175851,175857,175859,2,6
175851,175857,175859,2,6
175851,175856,175859,3,5
175851,175856,175859,3,5
175851,175856,175859,3,5
175851,175857,175859,2,6
175851,175856,175859,3,5
175851,175857,175859,2,6
175851,175857,175859,2,6
175851,175856,175859,3,5
175851,175856,175859,3,5
175851,175856,175859,3,5
175851,175857,175859,2,6
175851,175856,175860,4,5
175851,175856,175860,4,5
175851,175857,175860,3,6
175851,175858,175860,2,7
175851,175856,175861,5,5
175851,175858,175861,3,7
175851,175858,175861,3,7
175851,175859,175861,2,8
175851,175859,175861,2,8
175851,175860,175861,1,9
175851,175860,175862,2,9
175851,175860,175862,2,9
175851,175859,175862,3,8
175851,175860,175862,2,9
175851,175859,175862,3,8
175851,175859,175862,3,8
175851,175860,175862,2,9
175851,175859,175862,3,8
175851,175859,175862,3,8
175851,175859,175862,3,8
175851,175860,175863,3,9
175851,175860,175862,2,9
175851,175860,175862,2,9
175851,175859,175862,3,8
175851,175860,175862,2,9
175851,175860,175862,2,9
175851,175860,175862,2,9
175851,175860,175862,2,9
175851,175860,175863,3,9
175851,175860,175863,3,9
175851,175861,175863,2,10
175851,175860,175863,3,9
175851,175860,175864,4,9
175851,175860,175863,3,9
175851,175860,175864,4,9
175851,175860,175863,3,9
175851,175862,175864,2,11
175851,175860,175863,3,9
175851,175861,175863,2,10
175851,175860,175863,3,9
175851,175861,175864,3,10
175851,175861,175864,3,10
175851,175862,175865,3,11
175851,175862,175864,2,11
175851,175862,175864,2,11
175851,175862,175864,2,11
175851,175862,175864,2,11
175851,175862,175864,2,11
175851,175862,175865,3,11
175851,175870,175874,4,19
175851,175870,175875,5,19
175851,175870,175875,5,19
175851,175870,175874,4,19
174993,175001,175902,901,8
174970,174979,175904,925,9
175906,175906,175908,2,0
175906,175906,175908,2,0
175906,175906,175909,3,0
175906,175906,175909,3,0
175906,175906,175909,3,0
175906,175906,175909,3,0
175906,175906,175910,4,0
175906,175906,175910,4,0
175906,175906,175910,4,0
175906,175906,175909,3,0
175906,175906,175910,4,0
175906,175906,175909,3,0
175906,175906,175910,4,0
175906,175906,175909,3,0
175906,175906,175910,4,0
175906,175906,175910,4,0
175906,175906,175910,4,0
175906,175906,175911,5,0
175906,175906,175910,4,0
175906,175906,175911,5,0
175906,175906,175910,4,0
175906,175906,175910,4,0
175906,175906,175911,5,0
175906,175906,175910,4,0
175906,175906,175910,4,0
175906,175906,175910,4,0
175906,175906,175911,5,0
175906,175906,175910,4,0
175906,175906,175910,4,0
175906,175906,175911,5,0
175906,175906,175911,5,0
175906,175906,175910,4,0
175906,175906,175910,4,0
175906,175906,175911,5,0
175906,175906,175911,5,0
175906,175906,175911,5,0
175906,175906,175912,6,0
175906,175906,175912,6,0
175906,175906,175911,5,0
175906,175906,175912,6,0
175906,175906,175911,5,0
175906,175908,175912,4,2
175906,175906,175912,6,0
175906,175910,175913,3,4
175906,175910,175913,3,4
175906,175910,175912,2,4
175906,175910,175914,4,4
175906,175910,175914,4,4
175906,175911,175914,3,5
175906,175911,175914,3,5
175906,175911,175914,3,5
175906,175910,175914,4,4
175906,175911,175914,3,5
175906,175910,175913,3,4
175906,175911,175914,3,5
175906,175909,175913,4,3
175906,175910,175914,4,4
175906,175911,175914,3,5
175906,175910,175914,4,4
175906,175910,175914,4,4
175906,175910,175914,4,4
175906,175910,175914,4,4
175906,175910,175914,4,4
175906,175911,175914,3,5
175906,175911,175914,3,5
175906,175911,175915,4,5
175906,175911,175914,3,5
175906,175911,175914,3,5
175906,175912,175915,3,6
175906,175912,175915,3,6
175906,175912,175915,3,6
175906,175911,175915,4,5
175906,175910,175914,4,4
175906,175911,175915,4,5
175906,175911,175915,4,5
175906,175911,175915,4,5
175906,175911,175915,4,5
175906,175911,175915,4,5
175906,175911,175915,4,5
175906,175911,175915,4,5
175906,175912,175916,4,6
175906,175912,175916,4,6
175906,175912,175916,4,6
175906,175913,175916,3,7
175906,175914,175917,3,8
175906,175914,175917,3,8
175906,175915,175917,2,9
175906,175913,175917,4,7
175906,175914,175917,3,8
175906,175914,175917,3,8
175906,175914,175917,3,8
175906,175912,175917,5,6
175906,175913,175917,4,7
175906,175913,175917,4,7
175906,175914,175917,3,8
175906,175914,175918,4,8
175906,175914,175917,3,8
175906,175915,175918,3,9
175906,175914,175918,4,8
175906,175915,175918,3,9
175906,175915,175918,3,9
175906,175914,175918,4,8
175906,175914,175918,4,8
175906,175914,175918,4,8
175906,175915,175918,3,9
175906,175915,175918,3,9
175906,175915,175918,3,9
175906,175915,175918,3,9
175906,175915,175918,3,9
175906,175914,175918,4,8
175906,175915,175918,3,9
175906,175915,175918,3,9
175906,175915,175918,3,9
175906,175915,175919,4,9
175906,175915,175919,4,9
175906,175915,175919,4,9
175906,175915,175919,4,9
175906,175915,175919,4,9
175906,175915,175919,4,9
175909,175916,175919,3,7
175909,175916,175919,3,7
175906,175915,175919,4,9
175909,175916,175920,4,7
175909,175916,175920,4,7
175909,175918,175920,2,9
175909,175919,175921,2,10
175909,175919,175921,2,10
175909,175918,175921,3,9
175909,175920,175921,1,11
175909,175917,175921,4,8
175909,175917,175921,4,8
175909,175918,175921,3,9
175909,175918,175921,3,9
175909,175918,175922,4,9
175909,175918,175922,4,9
175909,175919,175922,3,10
175909,175917,175922,5,8
175909,175919,175921,2,10
175909,175919,175921,2,10
175909,175918,175922,4,9
175909,175918,175921,3,9
175909,175918,175922,4,9
175909,175917,175922,5,8
175909,175919,175922,3,10
175909,175919,175922,3,10
175909,175920,175922,2,11
175909,175918,175922,4,9
175909,175918,175922,4,9
175909,175918,175922,4,9
175909,175919,175923,4,10
175909,175919,175922,3,10
175046,175063,175923,860,17
175909,175918,175922,4,9
175909,175919,175923,4,10
175909,175920,175922,2,11
175909,175918,175922,4,9
175909,175920,175923,3,11
175909,175919,175922,3,10
175042,175051,175923,872,9
175909,175919,175923,4,10
175909,175919,175923,4,10
175909,175919,175923,4,10
175909,175920,175923,3,11
175909,175920,175924,4,11
175909,175921,175924,3,12
175909,175922,175925,3,13
175909,175922,175924,2,13
175909,175920,175924,4,11
175909,175921,175925,4,12
175909,175921,175924,3,12
175909,175921,175925,4,12
175909,175921,175925,4,12
175909,175922,175925,3,13
175909,175923,175925,2,14
175909,175923,175926,3,14
175909,175923,175926,3,14
175909,175923,175926,3,14
175909,175923,175925,2,14
175909,175923,175925,2,14
175909,175922,175925,3,13
175909,175923,175925,2,14
175909,175922,175925,3,13
175909,175922,175925,3,13
175909,175922,175925,3,13
175909,175923,175926,3,14
175909,175921,175925,4,12
175909,175922,175925,3,13
175909,175922,175925,3,13
175909,175922,175926,4,13
175909,175922,175925,3,13
175909,175923,175926,3,14
175909,175923,175926,3,14
175909,175923,175926,3,14
175909,175924,175926,2,15
175909,175923,175926,3,14
175909,175923,175926,3,14
175909,175924,175926,2,15
175909,175923,175926,3,14
175909,175923,175926,3,14
175909,175923,175927,4,14
175909,175923,175926,3,14
175909,175923,175926,3,14
175909,175924,175927,3,15
175909,175924,175928,4,15
175909,175924,175927,3,15
175909,175925,175928,3,16
175909,175925,175928,3,16
175909,175922,175928,6,13
175909,175925,175929,4,16
175909,175925,175928,3,16
175909,175926,175929,3,17
175909,175926,175929,3,17
175909,175925,175928,3,16
175909,175925,175929,4,16
175909,175926,175929,3,17
175909,175925,175928,3,16
175909,175926,175929,3,17
175909,175926,175929,3,17
175909,175926,175929,3,17
175909,175926,175929,3,17
175909,175926,175929,3,17
175909,175926,175928,2,17
175909,175926,175929,3,17
175909,175926,175929,3,17
175909,175925,175929,4,16
175909,175926,175929,3,17
175909,175927,175929,2,18
175909,175927,175930,3,18
175909,175927,175929,2,18
175909,175927,175930,3,18
175909,175926,175930,4,17
175909,175926,175929,3,17
175909,175926,175929,3,17
175909,175926,175929,3,17
175909,175926,175930,4,17
175909,175927,175929,2,18
175909,175927,175930,3,18
175909,175926,175929,3,17
175909,175926,175929,3,17
175909,175927,175930,3,18
175909,175927,175931,4,18
175909,175924,175932,8,15
175019,175057,175934,877,38
175952,175952,175954,2,0
175952,175952,175955,3,0
175952,175952,175955,3,0
175952,175952,175954,2,0
175952,175952,175956,4,0
175952,175952,175956,4,0
175952,175952,175955,3,0
175952,175952,175956,4,0
175952,175952,175956,4,0
175952,175952,175955,3,0
175952,175952,175956,4,0
175952,175952,175956,4,0
175952,175952,175956,4,0
175952,175952,175956,4,0
175952,175952,175956,4,0
175952,175952,175956,4,0
175952,175952,175957,5,0
175952,175952,175957,5,0
175952,175952,175957,5,0
175952,175952,175957,5,0
175952,175952,175957,5,0
175952,175952,175956,4,0
175952,175952,175957,5,0
175952,175952,175957,5,0
175952,175952,175957,5,0
175952,175952,175956,4,0
175952,175952,175957,5,0
175952,175952,175957,5,0
175952,175952,175957,5,0
175952,175952,175957,5,0
175952,175952,175957,5,0
175952,175952,175956,4,0
175952,175952,175956,4,0
175952,175952,175956,4,0
175952,175952,175957,5,0
175952,175952,175956,4,0
175952,175952,175957,5,0
175952,175952,175957,5,0
175952,175952,175957,5,0
175952,175952,175957,5,0
175952,175952,175956,4,0
175952,175955,175958,3,3
175952,175952,175958,6,0
175952,175952,175958,6,0
175952,175956,175959,3,4
175952,175955,175959,4,3
175952,175956,175959,3,4
175952,175956,175959,3,4
175952,175956,175959,3,4
175952,175957,175960,3,5
175952,175957,175960,3,5
175952,175957,175960,3,5
175952,175957,175960,3,5
175952,175957,175960,3,5
175952,175956,175960,4,4
175952,175957,175960,3,5
175952,175955,175960,5,3
175952,175956,175960,4,4
175952,175957,175961,4,5
175952,175957,175961,4,5
175952,175957,175961,4,5
175952,175957,175961,4,5
175952,175957,175961,4,5
175952,175957,175961,4,5
175952,175957,175961,4,5
175952,175956,175961,5,4
175952,175957,175961,4,5
175952,175956,175961,5,4
175952,175956,175961,5,4
175952,175957,175961,4,5
175952,175957,175961,4,5
175952,175957,175961,4,5
175952,175957,175961,4,5
175952,175957,175961,4,5
175952,175957,175962,5,5
175952,175958,175962,4,6
175952,175957,175962,5,5
175952,175957,175962,5,5
175952,175957,175962,5,5
175952,175957,175962,5,5
175952,175960,175962,2,8
175952,175960,175962,2,8
175952,175960,175963,3,8
175952,175958,175963,5,6
175952,175960,175963,3,8
175952,175960,175963,3,8
175952,175961,175964,3,9
175952,175960,175964,4,8
175952,175961,175964,3,9
175952,175960,175964,4,8
175952,175962,175964,2,10
175952,175961,175965,4,9
175952,175961,175964,3,9
175952,175962,175965,3,10
175952,175961,175965,4,9
175952,175961,175964,3,9
175952,175961,175964,3,9
175952,175962,175965,3,10
175952,175961,175965,4,9
175952,175959,175965,6,7
175952,175963,175965,2,11
175952,175962,175965,3,10
175952,175963,175966,3,11
175952,175962,175965,3,10
175952,175962,175965,3,10
175952,175961,175965,4,9
175952,175962,175965,3,10
175952,175962,175965,3,10
175952,175962,175965,3,10
175952,175962,175965,3,10
175952,175962,175965,3,10
175952,175963,175967,4,11
175952,175963,175966,3,11
175952,175963,175967,4,11
175952,175963,175966,3,11
175952,175965,175968,3,13
175952,175963,175967,4,11
175952,175965,175968,3,13
175952,175966,175968,2,14
175952,175965,175967,2,13
175952,175964,175968,4,12
175952,175966,175968,2,14
175952,175963,175967,4,11
175952,175966,175967,1,14
175952,175965,175967,2,13
175952,175965,175967,2,13
175952,175963,175968,5,11
175952,175965,175968,3,13
175952,175966,175968,2,14
175952,175966,175968,2,14
175952,175966,175968,2,14
175952,175964,175968,4,12
175952,175965,175969,4,13
175952,175965,175968,3,13
175952,175966,175969,3,14
175952,175964,175969,5,12
175952,175966,175969,3,14
175952,175965,175969,4,13
175952,175966,175969,3,14
175952,175965,175969,4,13
175952,175966,175969,3,14
175952,175967,175970,3,15
175952,175966,175970,4,14
175952,175966,175970,4,14
175952,175967,175971,4,15
175952,175969,175971,2,17
175952,175968,175971,3,16
175952,175968,175972,4,16
175952,175967,175971,4,15
175952,175968,175972,4,16
175952,175968,175972,4,16
175952,175969,175972,3,17
175952,175967,175972,5,15
175952,175968,175972,4,16
175952,175968,175972,4,16
175952,175968,175972,4,16
175952,175968,175972,4,16
175952,175968,175971,3,16
175952,175969,175972,3,17
175952,175969,175972,3,17
175952,175970,175972,2,18
175952,175968,175972,4,16
175952,175968,175973,5,16
175952,175969,175973,4,17
175952,175969,175973,4,17
175952,175969,175972,3,17
175952,175969,175973,4,17
175952,175969,175973,4,17
175952,175969,175973,4,17
175952,175970,175974,4,18
175952,175970,175974,4,18
175952,175971,175974,3,19
175952,175970,175974,4,18
175952,175970,175974,4,18
175952,175972,175975,3,20
175952,175972,175975,3,20
175952,175970,175974,4,18
175119,175129,175975,846,10
175952,175955,175960,5,3
175952,175972,175975,3,20
175952,175972,175975,3,20
175952,175972,175975,3,20
175952,175972,175975,3,20
175952,175971,175975,4,19
175952,175971,175975,4,19
175952,175972,175975,3,20
175952,175972,175976,4,20
175952,175972,175976,4,20
175952,175971,175975,4,19
175952,175972,175976,4,20
175952,175972,175976,4,20
175952,175973,175976,3,21
175952,175972,175976,4,20
175952,175973,175976,3,21
175952,175974,175977,3,22
175952,175974,175977,3,22
175952,175973,175976,3,21
175952,175973,175976,3,21
175952,175974,175977,3,22
175952,175972,175976,4,20
175952,175973,175977,4,21
175952,175972,175977,5,20
175952,175973,175977,4,21
175952,175974,175977,3,22
175952,175975,175978,3,23
175952,175975,175978,3,23
175952,175973,175977,4,21
175952,175974,175978,4,22
175952,175975,175978,3,23
175952,175975,175978,3,23
175952,175975,175979,4,23
175952,175975,175978,3,23
175952,175975,175978,3,23
175952,175975,175979,4,23
175952,175975,175979,4,23
175952,175976,175979,3,24
175952,175976,175979,3,24
175952,175976,175979,3,24
175952,175976,175979,3,24
175952,175975,175979,4,23
175952,175975,175979,4,23
175952,175975,175979,4,23
175952,175975,175979,4,23
175952,175976,175979,3,24
175952,175976,175979,3,24
175952,175976,175979,3,24
175952,175976,175979,3,24
175952,175976,175979,3,24
175952,175976,175980,4,24
175952,175976,175980,4,24
175952,175976,175980,4,24
175952,175977,175980,3,25
175952,175977,175980,3,25
175952,175977,175980,3,25
175967,175978,175981,3,11
175967,175977,175981,4,10
175967,175977,175981,4,10
175967,175977,175981,4,10
175967,175979,175982,3,12
175967,175979,175981,2,12
175967,175978,175981,3,11
175952,175977,175981,4,25
175967,175981,175982,1,14
175967,175977,175982,5,10
175967,175977,175982,5,10
175967,175981,175982,1,14
175967,175980,175982,2,13
175967,175980,175982,2,13
175967,175981,175982,1,14
175967,175980,175982,2,13
175967,175979,175982,3,12
175967,175980,175983,3,13
175967,175978,175982,4,11
175967,175980,175983,3,13
175967,175978,175983,5,11
175967,175980,175983,3,13
175967,175979,175983,4,12
175967,175981,175983,2,14
175967,175979,175984,5,12
175967,175980,175983,3,13
175967,175980,175984,4,13
175967,175980,175984,4,13
175952,175962,175965,3,10
175952,175962,175966,4,10
175952,175962,175965,3,10
175952,175962,175965,3,10
175967,175979,175984,5,12
175967,175979,175984,5,12
175967,175979,175984,5,12
175967,175979,175984,5,12
175967,175981,175984,3,14
175967,175981,175984,3,14
175967,175980,175984,4,13
175967,175980,175984,4,13
175967,175982,175985,3,15
175967,175981,175985,4,14
175967,175982,175986,4,15
175967,175981,175985,4,14
175952,175984,175986,2,32
175967,175981,175986,5,14
175967,175982,175986,4,15
175967,175982,175986,4,15
175967,175983,175986,3,16
175967,175983,175987,4,16
175967,175982,175986,4,15
175967,175982,175987,5,15
175967,175983,175987,4,16
175967,175983,175986,3,16
175967,175983,175987,4,16
175967,175983,175987,4,16
175952,175984,175987,3,32
175967,175983,175987,4,16
175967,175985,175987,2,18
175967,175983,175987,4,16
175967,175983,175988,5,16
175967,175983,175988,5,16
175967,175983,175987,4,16
175967,175984,175987,3,17
175967,175984,175987,3,17
175967,175985,175988,3,18
175967,175983,175987,4,16
175967,175984,175987,3,17
175967,175984,175988,4,17
175967,175984,175988,4,17
175967,175984,175988,4,17
175967,175984,175988,4,17
175967,175983,175988,5,16
175967,175984,175988,4,17
175967,175985,175988,3,18
175967,175985,175988,3,18
175967,175984,175988,4,17
175967,175984,175988,4,17
175967,175984,175988,4,17
175967,175984,175988,4,17
175967,175985,175988,3,18
175967,175985,175988,3,18
175967,175984,175989,5,17
175967,175987,175990,3,20
175967,175986,175990,4,19
175967,175987,175990,3,20
175967,175985,175990,5,18
175967,175986,175990,4,19
175967,175987,175990,3,20
175967,175985,175990,5,18
175967,175987,175990,3,20
175967,175986,175990,4,19
175967,175987,175990,3,20
175967,175987,175990,3,20
175967,175987,175990,3,20
175967,175988,175991,3,21
175967,175987,175991,4,20
175967,175988,175991,3,21
175967,175988,175991,3,21
175967,175988,175991,3,21
175967,175988,175991,3,21
175967,175987,175990,3,20
175967,175987,175991,4,20
175967,175988,175991,3,21
175967,175987,175991,4,20
175967,175989,175991,2,22
175967,175988,175991,3,21
175967,175989,175992,3,22
175967,175989,175992,3,22
175967,175988,175992,4,21
175967,175988,175991,3,21
175967,175988,175991,3,21
175967,175989,175992,3,22
175967,175987,175992,5,20
175967,175989,175992,3,22
175967,175989,175991,2,22
175967,175988,175991,3,21
175967,175989,175991,2,22
175967,175989,175992,3,22
175967,175989,175992,3,22
175967,175989,175992,3,22
175967,175989,175992,3,22
175967,175990,175992,2,23
175967,175989,175992,3,22
175967,175990,175993,3,23
175978,175991,175993,2,13
175967,175989,175993,4,22
175978,175991,175993,2,13
175978,175990,175993,3,12
175978,175991,175993,2,13
175978,175992,175993,1,14
175978,175991,175993,2,13
175978,175991,175993,2,13
175967,175989,175993,4,22
175978,175990,175994,4,12
175978,175990,175994,4,12
175978,175992,175994,2,14
175978,175991,175994,3,13
175978,175991,175994,3,13
175978,175993,175994,1,15
175978,175991,175995,4,13
175978,175991,175995,4,13
175978,175991,175995,4,13
175978,175991,175995,4,13
175978,175992,175995,3,14
175978,175992,175995,3,14
175978,175992,175995,3,14
175978,175992,175995,3,14
175978,175992,175995,3,14
175978,175991,175995,4,13
175978,175993,175995,2,15
175978,175991,175995,4,13
175978,175992,175995,3,14
175978,175991,175995,4,13
175978,175993,175995,2,15
175978,175993,175996,3,15
175978,175991,175996,5,13
175978,175992,175996,4,14
175978,175992,175996,4,14
175978,175992,175996,4,14
175978,175992,175995,3,14
175978,175993,175996,3,15
175978,175992,175996,4,14
175978,175993,175997,4,15
175978,175993,175996,3,15
175978,175993,175996,3,15
175978,175992,175996,4,14
175978,175993,175997,4,15
175978,175993,175997,4,15
175978,175993,175997,4,15
175978,175994,175997,3,16
175978,175995,175998,3,17
175978,175995,175998,3,17
175978,175994,175998,4,16
175978,175994,175998,4,16
175978,175995,175998,3,17
175978,175995,175998,3,17
175978,175995,175998,3,17
175978,175995,175998,3,17
175978,175996,175998,2,18
175978,175994,175998,4,16
175978,175994,175998,4,16
175978,175996,175999,3,18
175978,175995,175999,4,17
175978,175995,175999,4,17
175978,175996,175999,3,18
175978,175996,175999,3,18
175978,175997,175999,2,19
175978,175996,175999,3,18
175978,175996,175999,3,18
175978,175996,176000,4,18
175978,175996,175999,3,18
175978,175996,175999,3,18
175978,175996,176000,4,18
175978,175995,175999,4,17
175978,175995,175999,4,17
175978,175995,176000,5,17
175978,175996,176000,4,18
175978,175995,176000,5,17
175978,175996,175999,3,18
175978,175996,176000,4,18
175978,175995,176000,5,17
175978,175996,176000,4,18
175978,175997,176000,3,19
175978,175997,176001,4,19
175978,175997,176000,3,19
175978,175997,176001,4,19
175978,175997,176001,4,19
175978,175999,176002,3,21
175978,175999,176001,2,21
175978,175999,176001,2,21
175978,175998,176001,3,20
175978,175998,176002,4,20
175978,175999,176002,3,21
175978,175999,176002,3,21
175978,175999,176002,3,21
175978,175998,176001,3,20
175978,175998,176001,3,20
175978,175998,176002,4,20
175978,175999,176002,3,21
175978,175999,176002,3,21
175978,175999,176002,3,21
175978,175999,176002,3,21
175978,176000,176003,3,22
175978,176000,176002,2,22
175978,176000,176003,3,22
175978,175998,176002,4,20
175978,176000,176003,3,22
175978,176000,176003,3,22
175978,175999,176002,3,21
175978,176000,176003,3,22
175978,176000,176003,3,22
175978,176000,176003,3,22
175978,176000,176003,3,22
175978,176000,176003,3,22
175978,176000,176003,3,22
175978,176001,176003,2,23
175978,176000,176003,3,22
175978,176001,176004,3,23
175978,176000,176004,4,22
175978,176000,176004,4,22
175978,176000,176004,4,22
175978,176000,176004,4,22
175978,176001,176004,3,23
175978,176001,176004,3,23
175105,175113,176006,893,8
175092,175092,176008,916,0
175978,175996,176012,16,18
175978,176000,176020,20,22
176027,176027,176029,2,0
176027,176027,176029,2,0
176027,176027,176030,3,0
176027,176027,176030,3,0
176027,176027,176030,3,0
176027,176027,176030,3,0
176027,176027,176030,3,0
176027,176027,176030,3,0
176027,176027,176030,3,0
176027,176027,176030,3,0
176027,176027,176031,4,0
176027,176027,176031,4,0
176027,176027,176031,4,0
176027,176027,176031,4,0
176027,176027,176031,4,0
176027,176027,176031,4,0
176027,176028,176031,3,1
176027,176028,176031,3,1
176027,176028,176031,3,1
176027,176027,176031,4,0
176027,176027,176031,4,0
176027,176027,176031,4,0
176027,176027,176031,4,0
176027,176027,176031,4,0
176027,176027,176031,4,0
176027,176027,176031,4,0
176027,176027,176031,4,0
176027,176027,176032,5,0
176027,176027,176032,5,0
176027,176027,176032,5,0
176027,176027,176032,5,0
176027,176027,176033,6,0
176027,176027,176032,5,0
176027,176027,176032,5,0
176027,176027,176032,5,0
176027,176027,176032,5,0
176027,176027,176032,5,0
176027,176027,176033,6,0
176027,176028,176033,5,1
176027,176032,176034,2,5
176027,176031,176033,2,4
176027,176032,176033,1,5
176027,176031,176034,3,4
176027,176030,176033,3,3
176027,176031,176034,3,4
176027,176032,176034,2,5
176027,176031,176034,3,4
176027,176032,176034,2,5
176027,176031,176034,3,4
176027,176031,176034,3,4
176027,176031,176034,3,4
176027,176031,176034,3,4
176027,176032,176035,3,5
176027,176032,176035,3,5
176027,176032,176035,3,5
176027,176030,176035,5,3
176027,176032,176035,3,5
176027,176032,176035,3,5
176027,176032,176035,3,5
176027,176032,176035,3,5
176027,176033,176035,2,6
176027,176033,176036,3,6
176027,176032,176035,3,5
176027,176031,176035,4,4
176027,176033,176036,3,6
176027,176033,176036,3,6
176027,176032,176035,3,5
176027,176032,176036,4,5
176027,176033,176036,3,6
176027,176033,176036,3,6
176027,176034,176036,2,7
176027,176033,176036,3,6
176027,176034,176036,2,7
176027,176033,176037,4,6
176027,176032,176036,4,5
176027,176032,176036,4,5
176027,176034,176037,3,7
176027,176034,176037,3,7
176027,176034,176037,3,7
176027,176034,176037,3,7
176027,176033,176037,4,6
176027,176035,176037,2,8
176027,176035,176037,2,8
176027,176033,176037,4,6
176027,176034,176037,3,7
176027,176035,176038,3,8
176027,176036,176038,2,9
176027,176036,176038,2,9
176027,176035,176038,3,8
176027,176035,176039,4,8
176027,176035,176038,3,8
176027,176036,176038,2,9
176027,176036,176038,2,9
176027,176036,176038,2,9
176027,176036,176038,2,9
176027,176035,176038,3,8
176027,176035,176038,3,8
176027,176036,176039,3,9
176027,176036,176039,3,9
176027,176036,176039,3,9
176027,176036,176039,3,9
176027,176036,176039,3,9
176027,176036,176039,3,9
176027,176036,176039,3,9
176027,176037,176040,3,10
176027,176037,176040,3,10
176027,176037,176040,3,10
176027,176037,176040,3,10
176027,176036,176039,3,9
176027,176038,176040,2,11
176027,176036,176040,4,9
176027,176036,176039,3,9
176027,176037,176040,3,10
176027,176037,176040,3,10
176027,176037,176040,3,10
176027,176037,176040,3,10
176027,176037,176040,3,10
176027,176038,176041,3,11
176027,176036,176040,4,9
176027,176036,176042,6,9
176039,176039,176042,3,0
176039,176039,176041,2,0
176039,176039,176042,3,0
176039,176039,176042,3,0
176039,176041,176042,1,2
176039,176039,176043,4,0
176039,176039,176042,3,0
176039,176041,176042,1,2
176039,176041,176042,1,2
176039,176039,176043,4,0
176039,176039,176043,4,0
176039,176039,176043,4,0
176039,176039,176043,4,0
176039,176039,176043,4,0
176039,176041,176043,2,2
176039,176041,176043,2,2
176039,176040,176044,4,1
176039,176040,176043,3,1
176039,176041,176043,2,2
176039,176039,176043,4,0
176039,176039,176043,4,0
176039,176039,176043,4,0
176039,176041,176043,2,2
176039,176040,176043,3,1
176039,176040,176044,4,1
176039,176040,176044,4,1
176039,176040,176044,4,1
176039,176043,176044,1,4
176039,176039,176044,5,0
176039,176041,176044,3,2
176039,176041,176044,3,2
176039,176041,176044,3,2
176039,176041,176045,4,2
176039,176039,176044,5,0
176039,176039,176044,5,0
176039,176041,176044,3,2
176039,176039,176044,5,0
176039,176041,176044,3,2
176039,176041,176044,3,2
176039,176040,176044,4,1
176039,176042,176045,3,3
176039,176043,176045,2,4
176039,176043,176045,2,4
176039,176043,176046,3,4
176039,176043,176046,3,4
176039,176043,176046,3,4
176039,176043,176046,3,4
176039,176044,176046,2,5
176039,176044,176047,3,5
176039,176043,176046,3,4
176039,176043,176046,3,4
176039,176043,176047,4,4
176039,176044,176046,2,5
176039,176044,176046,2,5
176039,176044,176047,3,5
176039,176044,176047,3,5
176039,176044,176047,3,5
176039,176044,176047,3,5
176039,176044,176047,3,5
176039,176045,176048,3,6
176039,176044,176047,3,5
176039,176044,176047,3,5
176039,176044,176047,3,5
176039,176044,176048,4,5
176039,176044,176048,4,5
176039,176045,176047,2,6
176039,176045,176048,3,6
176039,176044,176047,3,5
176039,176044,176047,3,5
176039,176046,176049,3,7
176039,176046,176048,2,7
176039,176045,176048,3,6
176039,176045,176048,3,6
176039,176045,176049,4,6
176039,176045,176048,3,6
176039,176045,176048,3,6
176039,176044,176048,4,5
176039,176045,176049,4,6
176039,176045,176049,4,6
176039,176045,176048,3,6
176039,176044,176048,4,5
176039,176045,176049,4,6
176039,176045,176049,4,6
176039,176048,176050,2,9
176039,176047,176050,3,8
176039,176047,176049,2,8
176039,176046,176049,3,7
176039,176047,176049,2,8
176039,176047,176050,3,8
176039,176047,176050,3,8
176039,176047,176050,3,8
176039,176046,176049,3,7
176039,176047,176050,3,8
176039,176047,176050,3,8
176039,176045,176049,4,6
176039,176047,176050,3,8
176039,176048,176050,2,9
176039,176047,176050,3,8
176039,176047,176050,3,8
176039,176048,176051,3,9
175170,175179,176050,871,9
176039,176048,176051,3,9
176039,176048,176051,3,9
176039,176048,176050,2,9
176039,176048,176051,3,9
176039,176048,176051,3,9
176039,176049,176051,2,10
176039,176048,176051,3,9
176039,176049,176051,2,10
176039,176048,176051,3,9
176039,176048,176051,3,9
176039,176048,176051,3,9
176039,176048,176051,3,9
176039,176049,176052,3,10
176039,176049,176051,2,10
176039,176049,176052,3,10
176039,176049,176052,3,10
176039,176049,176052,3,10
175154,175162,176052,890,8
176039,176049,176052,3,10
176039,176049,176052,3,10
176039,176049,176052,3,10
176052,176052,176055,3,0
176052,176052,176055,3,0
176052,176052,176055,3,0
176052,176052,176054,2,0
176052,176052,176055,3,0
176052,176052,176055,3,0
176052,176052,176055,3,0
176052,176052,176056,4,0
176052,176053,176055,2,1
176052,176052,176056,4,0
176052,176052,176056,4,0
176052,176052,176056,4,0
176052,176052,176055,3,0
176052,176052,176055,3,0
176052,176052,176055,3,0
176052,176052,176056,4,0
176052,176052,176055,3,0
176052,176052,176056,4,0
176052,176052,176056,4,0
176052,176052,176056,4,0
176052,176053,176057,4,1
176052,176052,176056,4,0
176052,176052,176056,4,0
176052,176052,176057,5,0
176052,176052,176057,5,0
176052,176052,176056,4,0
176052,176053,176056,3,1
176052,176052,176057,5,0
176052,176052,176056,4,0
176052,176052,176056,4,0
176052,176052,176056,4,0
176052,176052,176057,5,0
176052,176052,176056,4,0
176052,176052,176056,4,0
176052,176053,176056,3,1
176052,176053,176056,3,1
176052,176052,176056,4,0
176052,176052,176056,4,0
176052,176052,176056,4,0
176052,176052,176057,5,0
176052,176052,176057,5,0
176052,176052,176058,6,0
176052,176055,176058,3,3
176052,176052,176057,5,0
176052,176056,176058,2,4
176052,176055,176059,4,3
176052,176056,176059,3,4
176052,176057,176059,2,5
176052,176056,176059,3,4
176052,176055,176059,4,3
176052,176055,176060,5,3
176052,176056,176059,3,4
176052,176055,176060,5,3
176052,176057,176060,3,5
176052,176056,176060,4,4
176052,176056,176060,4,4
176052,176056,176060,4,4
176052,176056,176060,4,4
176052,176057,176060,3,5
176052,176057,176060,3,5
176052,176056,176060,4,4
176052,176056,176060,4,4
176052,176056,176060,4,4
176052,176057,176060,3,5
176052,176056,176060,4,4
176052,176056,176060,4,4
176052,176057,176061,4,5
176052,176057,176061,4,5
176052,176057,176061,4,5
176052,176057,176060,3,5
176052,176056,176060,4,4
176052,176057,176060,3,5
176052,176057,176061,4,5
176052,176057,176061,4,5
176052,176057,176061,4,5
176052,176057,176061,4,5
176052,176057,176061,4,5
176052,176057,176061,4,5
176052,176060,176062,2,8
176052,176057,176062,5,5
176052,176057,176061,4,5
176052,176058,176062,4,6
176052,176059,176062,3,7
176052,176059,176062,3,7
176052,176057,176062,5,5
176052,176058,176062,4,6
176052,176059,176062,3,7
176052,176058,176062,4,6
176052,176059,176063,4,7
176052,176057,176062,5,5
176052,176057,176062,5,5
176052,176057,176062,5,5
176052,176058,176062,4,6
176052,176060,176063,3,8
176052,176060,176063,3,8
176052,176060,176063,3,8
176052,176059,176063,4,7
176052,176060,176063,3,8
176052,176060,176063,3,8
176052,176060,176063,3,8
176052,176061,176063,2,9
176052,176060,176064,4,8
176052,176061,176064,3,9
176052,176061,176064,3,9
176052,176061,176064,3,9
176052,176061,176064,3,9
176052,176061,176064,3,9
176052,176061,176064,3,9
176052,176060,176064,4,8
176052,176061,176064,3,9
176052,176061,176064,3,9
176052,176061,176064,3,9
176052,176061,176064,3,9
176052,176061,176064,3,9
176052,176062,176064,2,10
176052,176062,176064,2,10
176052,176061,176064,3,9
176052,176061,176065,4,9
176052,176061,176065,4,9
176052,176062,176065,3,10
175220,175228,176090,862,8
176100,176100,176102,2,0
176100,176100,176102,2,0
176100,176100,176103,3,0
176100,176100,176103,3,0
176100,176101,176103,2,1
176100,176100,176103,3,0
176100,176100,176103,3,0
176100,176100,176104,4,0
176100,176100,176104,4,0
176100,176100,176104,4,0
176100,176100,176104,4,0
176100,176100,176104,4,0
176100,176100,176104,4,0
176100,176100,176104,4,0
176100,176100,176104,4,0
176100,176100,176103,3,0
176100,176100,176103,3,0
176100,176100,176104,4,0
176100,176100,176104,4,0
176100,176100,176104,4,0
176100,176100,176104,4,0
176100,176100,176104,4,0
176100,176100,176103,3,0
176100,176100,176104,4,0
176100,176100,176103,3,0
176100,176100,176104,4,0
176100,176100,176104,4,0
176100,176100,176104,4,0
176100,176100,176104,4,0
176100,176100,176103,3,0
176100,176100,176104,4,0
176100,176100,176104,4,0
176100,176101,176104,3,1
176100,176101,176103,2,1
176100,176101,176104,3,1
176100,176100,176104,4,0
176100,176100,176105,5,0
176100,176100,176105,5,0
176100,176100,176105,5,0
176100,176100,176105,5,0
176100,176100,176105,5,0
176100,176100,176105,5,0
176100,176100,176104,4,0
176100,176100,176105,5,0
176100,176102,176106,4,2
176100,176103,176106,3,3
176100,176103,176106,3,3
176100,176104,176107,3,4
176100,176104,176107,3,4
176100,176103,176107,4,3
176100,176103,176107,4,3
176100,176104,176107,3,4
176100,176103,176107,4,3
176100,176104,176107,3,4
176100,176103,176107,4,3
176100,176104,176108,4,4
176100,176104,176107,3,4
176100,176104,176107,3,4
176100,176104,176108,4,4
176100,176104,176108,4,4
176100,176104,176108,4,4
176100,176105,176108,3,5
176100,176104,176108,4,4
176100,176104,176108,4,4
176100,176104,176108,4,4
176100,176104,176108,4,4
176100,176104,176108,4,4
176100,176104,176108,4,4
176100,176104,176108,4,4
176100,176104,176108,4,4
176100,176104,176108,4,4
176100,176104,176108,4,4
176100,176107,176108,1,7
176100,176104,176109,5,4
176100,176105,176109,4,5
176100,176104,176109,5,4
176100,176104,176109,5,4
176100,176104,176109,5,4
176100,176104,176109,5,4
176100,176104,176109,5,4
176100,176106,176109,3,6
176100,176104,176109,5,4
176100,176107,176109,2,7
176100,176104,176109,5,4
176100,176106,176109,3,6
176100,176106,176109,3,6
176100,176106,176109,3,6
176100,176107,176109,2,7
176100,176106,176109,3,6
176100,176106,176109,3,6
176100,176107,176110,3,7
176100,176107,176110,3,7
176100,176105,176110,5,5
176100,176107,176110,3,7
176100,176108,176110,2,8
176100,176108,176110,2,8
176100,176108,176110,2,8
176100,176108,176110,2,8
176100,176108,176111,3,8
176100,176109,176111,2,9
176100,176108,176110,2,8
176100,176108,176111,3,8
176100,176108,176111,3,8
176100,176107,176111,4,7
176100,176109,176112,3,9
176100,176109,176111,2,9
176100,176108,176111,3,8
176100,176109,176111,2,9
176100,176109,176111,2,9
176100,176109,176111,2,9
176100,176109,176112,3,9
176100,176109,176111,2,9
176100,176109,176112,3,9
176100,176109,176112,3,9
176100,176109,176112,3,9
176100,176109,176112,3,9
176100,176109,176112,3,9
176100,176109,176112,3,9
176100,176109,176112,3,9
176100,176109,176112,3,9
176112,176112,176114,2,0
176112,176112,176115,3,0
176112,176112,176115,3,0
176112,176112,176115,3,0
176112,176112,176115,3,0
176112,176112,176115,3,0
176112,176112,176116,4,0
176112,176112,176115,3,0
176112,176112,176115,3,0
176112,176112,176116,4,0
176112,176112,176116,4,0
176112,176112,176115,3,0
176112,176112,176115,3,0
176112,176112,176116,4,0
176112,176112,176116,4,0
176112,176112,176116,4,0
176112,176112,176116,4,0
176112,176112,176115,3,0
176112,176112,176116,4,0
176112,176112,176116,4,0
176112,176112,176117,5,0
176112,176112,176116,4,0
176112,176112,176117,5,0
176112,176112,176117,5,0
176112,176113,176116,3,1
176112,176113,176117,4,1
176112,176113,176116,3,1
176112,176112,176116,4,0
176112,176112,176117,5,0
176112,176112,176116,4,0
176112,176113,176117,4,1
176112,176113,176117,4,1
176112,176112,176117,5,0
176112,176112,176117,5,0
176112,176112,176117,5,0
176112,176113,176116,3,1
176112,176112,176116,4,0
176112,176112,176116,4,0
176112,176112,176117,5,0
176112,176112,176116,4,0
176112,176112,176117,5,0
176112,176112,176117,5,0
176112,176112,176117,5,0
176112,176113,176117,4,1
176112,176115,176118,3,3
176112,176115,176119,4,3
176112,176115,176119,4,3
176112,176115,176119,4,3
176112,176115,176119,4,3
176112,176116,176120,4,4
176112,176116,176120,4,4
176112,176116,176120,4,4
176112,176116,176120,4,4
176112,176116,176120,4,4
176112,176116,176120,4,4
176112,176116,176120,4,4
176112,176116,176120,4,4
176112,176116,176120,4,4
176112,176117,176120,3,5
176112,176117,176120,3,5
176112,176115,176120,5,3
176112,176116,176120,4,4
176112,176117,176121,4,5
176112,176117,176121,4,5
176112,176118,176121,3,6
176112,176117,176120,3,5
176112,176117,176121,4,5
176112,176117,176121,4,5
176112,176117,176120,3,5
176112,176116,176121,5,4
176112,176116,176121,5,4
176112,176117,176121,4,5
176112,176117,176121,4,5
176112,176117,176121,4,5
176112,176117,176121,4,5
176112,176116,176121,5,4
176112,176117,176121,4,5
176112,176117,176121,4,5
176112,176117,176121,4,5
176112,176117,176121,4,5
176112,176117,176121,4,5
176112,176116,176121,5,4
176112,176117,176121,4,5
176112,176118,176122,4,6
176112,176117,176121,4,5
176112,176117,176122,5,5
176112,176118,176122,4,6
176112,176120,176123,3,8
176112,176117,176122,5,5
176112,176117,176122,5,5
176112,176120,176123,3,8
176112,176120,176123,3,8
176112,176120,176122,2,8
176112,176119,176122,3,7
176112,176120,176123,3,8
176112,176119,176123,4,7
176112,176120,176123,3,8
176112,176120,176123,3,8
176112,176119,176123,4,7
176112,176119,176123,4,7
176112,176121,176123,2,9
176112,176121,176124,3,9
176112,176121,176123,2,9
176112,176120,176123,3,8
176112,176121,176124,3,9
176112,176121,176124,3,9
176112,176120,176124,4,8
176112,176122,176124,2,10
176112,176121,176124,3,9
176112,176122,176124,2,10
176112,176122,176124,2,10
176112,176122,176124,2,10
176112,176122,176124,2,10
176112,176122,176124,2,10
176112,176122,176124,2,10
176112,176122,176124,2,10
176112,176121,176125,4,9
176112,176122,176125,3,10
176112,176122,176125,3,10
176112,176122,176125,3,10
175224,175240,176132,892,16
175282,175308,176143,835,26
176143,176143,176146,3,0
176143,176143,176146,3,0
176143,176143,176146,3,0
176143,176143,176146,3,0
176143,176143,176146,3,0
176143,176143,176147,4,0
176143,176143,176147,4,0
176143,176143,176147,4,0
176143,176143,176146,3,0
176143,176143,176146,3,0
176143,176143,176147,4,0
176143,176143,176147,4,0
176143,176143,176147,4,0
176143,176143,176147,4,0
176143,176143,176147,4,0
176143,176143,176146,3,0
176143,176143,176147,4,0
176143,176143,176146,3,0
176143,176143,176146,3,0
176143,176143,176147,4,0
176143,176143,176147,4,0
176143,176143,176146,3,0
176143,176143,176146,3,0
176143,176143,176147,4,0
176143,176143,176147,4,0
176143,176143,176147,4,0
176143,176143,176146,3,0
176143,176143,176147,4,0
176143,176143,176147,4,0
176143,176143,176146,3,0
176143,176143,176147,4,0
176143,176143,176146,3,0
176143,176143,176148,5,0
176143,176143,176148,5,0
176143,176143,176148,5,0
176143,176143,176147,4,0
176143,176143,176148,5,0
176143,176143,176147,4,0
176143,176143,176148,5,0
176143,176143,176148,5,0
176143,176143,176147,4,0
176143,176143,176148,5,0
176143,176143,176147,4,0
176143,176144,176147,3,1
176143,176143,176147,4,0
176143,176143,176148,5,0
176143,176146,176149,3,3
176143,176146,176150,4,3
176143,176147,176150,3,4
176143,176146,176150,4,3
176143,176147,176150,3,4
176143,176146,176150,4,3
176143,176147,176150,3,4
176143,176147,176151,4,4
176143,176147,176151,4,4
176143,176147,176151,4,4
176143,176147,176151,4,4
176143,176147,176151,4,4
176143,176147,176151,4,4
176143,176148,176151,3,5
176143,176147,176151,4,4
176143,176147,176151,4,4
176143,176147,176151,4,4
176143,176147,176151,4,4
176143,176147,176151,4,4
176143,176148,176151,3,5
176143,176147,176151,4,4
176143,176147,176152,5,4
176143,176146,176151,5,3
176143,176147,176151,4,4
176143,176147,176151,4,4
176143,176147,176151,4,4
176143,176147,176152,5,4
176143,176148,176152,4,5
176143,176148,176152,4,5
176143,176148,176152,4,5
176143,176148,176152,4,5
176143,176147,176152,5,4
176143,176147,176152,5,4
176143,176148,176152,4,5
176143,176148,176152,4,5
176143,176148,176152,4,5
176143,176149,176152,3,6
176143,176147,176152,5,4
176143,176147,176152,5,4
176143,176147,176152,5,4
176143,176147,176152,5,4
176143,176148,176152,4,5
176143,176148,176152,4,5
176143,176148,176152,4,5
176143,176147,176152,5,4
176143,176148,176152,4,5
176143,176151,176153,2,8
176143,176151,176153,2,8
176143,176150,176153,3,7
176143,176148,176153,5,5
176143,176151,176153,2,8
176143,176151,176153,2,8
176143,176151,176154,3,8
176143,176150,176154,4,7
176143,176152,176154,2,9
176143,176152,176154,2,9
176143,176152,176154,2,9
176143,176152,176155,3,9
176143,176152,176154,2,9
176143,176152,176154,2,9
176143,176152,176155,3,9
176143,176152,176155,3,9
176143,176152,176155,3,9
176143,176152,176155,3,9
176143,176152,176155,3,9
176143,176152,176155,3,9
176143,176152,176155,3,9
176143,176152,176155,3,9
176143,176152,176155,3,9
176143,176152,176156,4,9
176143,176152,176155,3,9
176143,176152,176155,3,9
176143,176152,176155,3,9
176143,176152,176155,3,9
176161,176161,176163,2,0
176161,176161,176163,2,0
176161,176161,176164,3,0
176161,176161,176163,2,0
176161,176161,176164,3,0
176161,176161,176164,3,0
176161,176161,176163,2,0
176161,176161,176164,3,0
176161,176161,176164,3,0
176161,176161,176163,2,0
176161,176161,176164,3,0
176161,176161,176164,3,0
176161,176161,176164,3,0
176161,176161,176164,3,0
176161,176161,176164,3,0
176161,176161,176164,3,0
176161,176161,176164,3,0
176161,176161,176164,3,0
176161,176161,176164,3,0
176161,176161,176164,3,0
176161,176161,176164,3,0
176161,176161,176165,4,0
176161,176161,176165,4,0
176161,176161,176165,4,0
176161,176161,176164,3,0
176161,176161,176164,3,0
176161,176161,176165,4,0
176161,176161,176164,3,0
176161,176161,176164,3,0
176161,176161,176164,3,0
176161,176161,176164,3,0
176161,176161,176164,3,0
176161,176161,176165,4,0
176161,176161,176165,4,0
176161,176161,176164,3,0
176161,176161,176165,4,0
176161,176161,176166,5,0
176161,176161,176165,4,0
176161,176161,176166,5,0
176161,176161,176165,4,0
176161,176161,176166,5,0
176161,176161,176166,5,0
176161,176161,176165,4,0
176161,176161,176165,4,0
176161,176161,176165,4,0
176161,176161,176165,4,0
176161,176164,176167,3,3
176161,176163,176166,3,2
176161,176164,176167,3,3
176161,176164,176167,3,3
176161,176164,176168,4,3
176161,176164,176167,3,3
176161,176165,176168,3,4
176161,176164,176168,4,3
176161,176164,176168,4,3
176161,176164,176167,3,3
176161,176165,176168,3,4
176161,176165,176167,2,4
176161,176165,176168,3,4
176161,176165,176168,3,4
176161,176165,176169,4,4
176161,176165,176168,3,4
176161,176165,176169,4,4
176161,176165,176169,4,4
176161,176165,176169,4,4
176161,176165,176169,4,4
176161,176165,176169,4,4
176161,176165,176169,4,4
176161,176166,176169,3,5
176161,176166,176169,3,5
176161,176165,176169,4,4
176161,176165,176169,4,4
176161,176166,176169,3,5
176161,176164,176168,4,3
176161,176165,176168,3,4
176161,176165,176168,3,4
176161,176166,176169,3,5
176161,176165,176168,3,4
176161,176165,176169,4,4
176161,176165,176168,3,4
176161,176166,176168,2,5
176161,176165,176169,4,4
176161,176165,176169,4,4
176161,176165,176169,4,4
176161,176166,176170,4,5
176161,176167,176169,2,6
176161,176165,176169,4,4
176161,176165,176170,5,4
176161,176166,176169,3,5
176161,176166,176170,4,5
176161,176166,176169,3,5
176161,176166,176170,4,5
176161,176166,176169,3,5
176161,176167,176170,3,6
176161,176167,176170,3,6
176161,176168,176171,3,7
176161,176167,176171,4,6
176161,176168,176171,3,7
176161,176168,176171,3,7
176161,176169,176171,2,8
176161,176168,176171,3,7
176161,176169,176172,3,8
176161,176169,176172,3,8
176161,176169,176172,3,8
176161,176168,176171,3,7
176161,176169,176172,3,8
176161,176169,176172,3,8
176161,176169,176172,3,8
176161,176169,176171,2,8
176161,176168,176171,3,7
176161,176168,176172,4,7
176161,176169,176172,3,8
176161,176169,176172,3,8
176161,176168,176171,3,7
176161,176168,176172,4,7
176161,176168,176171,3,7
176161,176169,176172,3,8
176161,176169,176172,3,8
176161,176169,176172,3,8
176161,176169,176172,3,8
175289,175320,176212,892,31
175293,175330,176215,885,37
176214,176215,176216,1,1
176214,176215,176216,1,1
176214,176215,176216,1,1
176214,176215,176216,1,1
176214,176215,176216,1,1
176214,176215,176218,3,1
176214,176215,176217,2,1
176214,176215,176218,3,1
176214,176215,176218,3,1
176214,176215,176218,3,1
176214,176215,176219,4,1
176214,176215,176218,3,1
176214,176215,176218,3,1
176214,176215,176218,3,1
176214,176215,176218,3,1
176214,176215,176219,4,1
176214,176215,176219,4,1
176214,176215,176218,3,1
176214,176215,176218,3,1
176214,176215,176218,3,1
176214,176215,176218,3,1
176214,176215,176218,3,1
176214,176215,176218,3,1
176214,176215,176219,4,1
176214,176215,176218,3,1
176214,176215,176218,3,1
176214,176215,176218,3,1
176214,176215,176218,3,1
176214,176215,176219,4,1
176214,176215,176219,4,1
176214,176215,176219,4,1
176214,176215,176219,4,1
176214,176215,176219,4,1
176214,176215,176219,4,1
176214,176215,176220,5,1
176214,176215,176219,4,1
176214,176215,176219,4,1
176214,176215,176219,4,1
176214,176215,176219,4,1
176214,176216,176219,3,2
176214,176215,176219,4,1
176214,176215,176219,4,1
176214,176217,176219,2,3
176214,176215,176219,4,1
176214,176215,176219,4,1
176214,176217,176219,2,3
176214,176215,176219,4,1
176214,176217,176219,2,3
176214,176215,176220,5,1
176214,176215,176219,4,1
176214,176217,176219,2,3
176214,176215,176220,5,1
176214,176217,176221,4,3
176214,176218,176221,3,4
176214,176218,176220,2,4
176214,176219,176222,3,5
176214,176219,176222,3,5
176214,176219,176222,3,5
176214,176219,176222,3,5
176214,176219,176223,4,5
176214,176219,176222,3,5
176214,176219,176222,3,5
176214,176219,176222,3,5
176214,176220,176223,3,6
176214,176219,176222,3,5
176214,176219,176222,3,5
176214,176220,176223,3,6
176214,176219,176223,4,5
176214,176219,176222,3,5
176214,176220,176222,2,6
176214,176220,176223,3,6
176214,176220,176223,3,6
176214,176219,176222,3,5
176214,176219,176222,3,5
176214,176220,176223,3,6
176214,176220,176222,2,6
176214,176219,176223,4,5
176214,176219,176222,3,5
176214,176219,176222,3,5
176214,176220,176223,3,6
176214,176219,176223,4,5
176214,176219,176222,3,5
176214,176220,176223,3,6
176214,176220,176223,3,6
176214,176220,176224,4,6
176214,176219,176223,4,5
176214,176220,176224,4,6
176214,176220,176224,4,6
176214,176219,176223,4,5
176214,176220,176224,4,6
176214,176220,176224,4,6
176214,176220,176223,3,6
176214,176219,176223,4,5
176214,176220,176223,3,6
176214,176220,176223,3,6
176214,176220,176223,3,6
176214,176220,176224,4,6
176214,176221,176224,3,7
176214,176220,176223,3,6
176214,176221,176223,2,7
176214,176220,176224,4,6
176214,176221,176225,4,7
176214,176221,176225,4,7
176217,176224,176225,1,7
176214,176222,176225,3,8
176214,176223,176225,2,9
176217,176224,176225,1,7
176214,176223,176226,3,9
176214,176223,176226,3,9
176217,176224,176226,2,7
176214,176223,176225,2,9
176217,176224,176225,1,7
176217,176224,176225,1,7
176214,176222,176225,3,8
176214,176223,176226,3,9
176214,176223,176226,3,9
176214,176223,176226,3,9
176214,176223,176226,3,9
176214,176223,176226,3,9
176217,176223,176226,3,6
176217,176223,176226,3,6
176217,176224,176227,3,7
176214,176223,176227,4,9
176214,176223,176226,3,9
176217,176224,176227,3,7
176214,176223,176226,3,9
176214,176223,176227,4,9
176217,176224,176227,3,7
176217,176224,176226,2,7
176214,176223,176226,3,9
176214,176223,176226,3,9
176217,176223,176226,3,6
176217,176223,176227,4,6
176217,176223,176227,4,6
176217,176223,176227,4,6
176217,176223,176227,4,6
176217,176223,176227,4,6
176217,176223,176227,4,6
176217,176223,176227,4,6
176217,176225,176228,3,8
176217,176224,176227,3,7
176217,176224,176228,4,7
176217,176223,176228,5,6
176217,176224,176228,4,7
176217,176223,176227,4,6
176217,176224,176228,4,7
176217,176224,176228,4,7
176217,176224,176228,4,7
176217,176225,176228,3,8
176217,176226,176229,3,9
176217,176226,176229,3,9
176217,176226,176229,3,9
176217,176224,176228,4,7
176217,176225,176229,4,8
176217,176226,176229,3,9
176217,176226,176229,3,9
176217,176225,176230,5,8
176217,176226,176230,4,9
176217,176226,176230,4,9
176217,176226,176230,4,9
176217,176227,176230,3,10
176217,176226,176230,4,9
176217,176226,176230,4,9
176217,176227,176230,3,10
176217,176227,176230,3,10
176217,176226,176229,3,9
176217,176227,176230,3,10
176217,176227,176230,3,10
176217,176226,176230,4,9
176217,176227,176230,3,10
176217,176226,176230,4,9
176217,176227,176230,3,10
176217,176227,176231,4,10
176217,176226,176230,4,9
176217,176226,176231,5,9
176217,176227,176230,3,10
176217,176227,176231,4,10
176217,176227,176231,4,10
176217,176227,176231,4,10
176217,176227,176230,3,10
176217,176227,176231,4,10
176217,176227,176231,4,10
176217,176227,176231,4,10
176217,176227,176231,4,10
176217,176229,176232,3,12
176217,176228,176231,3,11
176217,176227,176232,5,10
176217,176228,176232,4,11
176217,176229,176232,3,12
176217,176230,176232,2,13
176217,176228,176233,5,11
176217,176228,176232,4,11
176217,176228,176232,4,11
176217,176228,176232,4,11
176217,176228,176232,4,11
176217,176229,176232,3,12
176217,176225,176233,8,8
176217,176226,176232,6,9
176217,176230,176232,2,13
176217,176230,176232,2,13
176217,176228,176232,4,11
176217,176230,176233,3,13
176217,176230,176233,3,13
176217,176230,176232,2,13
176217,176230,176233,3,13
176217,176230,176234,4,13
176217,176231,176233,2,14
176217,176231,176234,3,14
176217,176229,176234,5,12
176217,176231,176233,2,14
176217,176231,176233,2,14
176217,176231,176234,3,14
176217,176230,176234,4,13
176217,176230,176233,3,13
176217,176230,176233,3,13
176217,176230,176233,3,13
176217,176231,176234,3,14
176217,176229,176234,5,12
176217,176229,176234,5,12
176217,176230,176234,4,13
176217,176232,176234,2,15
176217,176231,176234,3,14
176217,176231,176234,3,14
176217,176232,176235,3,15
176217,176232,176234,2,15
176217,176232,176234,2,15
176217,176230,176234,4,13
176217,176231,176235,4,14
176217,176231,176235,4,14
176217,176233,176235,2,16
176217,176232,176235,3,15
176217,176233,176235,2,16
176217,176232,176235,3,15
176217,176232,176236,4,15
176217,176231,176236,5,14
176217,176231,176236,5,14
176217,176233,176236,3,16
176217,176233,176236,3,16
176217,176233,176236,3,16
176217,176233,176236,3,16
175285,175319,176238,919,34
175394,175401,176244,843,7
175371,175379,176257,878,8
176257,176257,176259,2,0
176257,176257,176259,2,0
175383,175390,176259,869,7
176257,176257,176259,2,0
176257,176257,176260,3,0
176257,176257,176260,3,0
176257,176257,176260,3,0
176257,176257,176260,3,0
176257,176257,176260,3,0
176257,176257,176260,3,0
176257,176257,176260,3,0
176257,176257,176261,4,0
176257,176257,176261,4,0
176257,176257,176261,4,0
176257,176257,176261,4,0
176257,176257,176261,4,0
176257,176257,176261,4,0
176257,176257,176261,4,0
176257,176257,176261,4,0
176257,176257,176261,4,0
176257,176257,176260,3,0
176257,176257,176261,4,0
176257,176257,176261,4,0
176257,176257,176261,4,0
176257,176257,176261,4,0
176257,176257,176261,4,0
176257,176257,176261,4,0
176257,176257,176261,4,0
176257,176257,176261,4,0
176257,176257,176260,3,0
176257,176258,176261,3,1
176257,176257,176261,4,0
176257,176257,176261,4,0
176257,176257,176262,5,0
176257,176257,176261,4,0
176257,176257,176262,5,0
176257,176257,176262,5,0
176257,176257,176262,5,0
176257,176259,176262,3,2
176257,176257,176262,5,0
176257,176257,176262,5,0
176257,176259,176262,3,2
176257,176257,176262,5,0
176257,176257,176262,5,0
176257,176257,176261,4,0
176257,176257,176262,5,0
176257,176257,176261,4,0
176257,176257,176262,5,0
176257,176257,176262,5,0
176257,176259,176262,3,2
176257,176257,176262,5,0
176257,176257,176262,5,0
176257,176257,176261,4,0
176257,176257,176263,6,0
176257,176257,176262,5,0
176257,176260,176263,3,3
176257,176260,176263,3,3
176257,176260,176263,3,3
176257,176261,176264,3,4
176257,176261,176264,3,4
176257,176261,176264,3,4
176257,176260,176264,4,3
176257,176261,176264,3,4
176257,176260,176264,4,3
176257,176261,176264,3,4
176257,176260,176264,4,3
176257,176262,176265,3,5
176257,176261,176265,4,4
176257,176261,176264,3,4
176257,176261,176265,4,4
176257,176262,176264,2,5
176257,176261,176265,4,4
176257,176261,176265,4,4
176257,176261,176265,4,4
176257,176262,176265,3,5
176257,176262,176265,3,5
176257,176261,176265,4,4
176257,176261,176265,4,4
176257,176262,176265,3,5
176257,176262,176265,3,5
176257,176261,176265,4,4
176257,176261,176265,4,4
176257,176262,176265,3,5
176257,176262,176266,4,5
176257,176261,176265,4,4
176257,176261,176265,4,4
176257,176262,176265,3,5
176257,176262,176265,3,5
176257,176263,176265,2,6
176257,176261,176265,4,4
176257,176263,176265,2,6
176257,176263,176265,2,6
176257,176262,176266,4,5
176257,176261,176265,4,4
176257,176261,176266,5,4
176257,176262,176266,4,5
176257,176262,176266,4,5
176257,176262,176265,3,5
176257,176263,176266,3,6
176257,176262,176266,4,5
176257,176263,176266,3,6
176257,176264,176266,2,7
176257,176261,176266,5,4
176257,176262,176266,4,5
176257,176262,176266,4,5
176257,176262,176266,4,5
176257,176264,176266,2,7
176257,176261,176266,5,4
176257,176262,176266,4,5
176257,176264,176267,3,7
176257,176264,176267,3,7
176257,176263,176267,4,6
176257,176264,176267,3,7
176257,176266,176267,1,9
176257,176266,176268,2,9
176257,176266,176267,1,9
176257,176265,176267,2,8
176257,176266,176267,1,9
176257,176265,176267,2,8
176257,176265,176267,2,8
176257,176265,176267,2,8
176257,176265,176267,2,8
176257,176265,176268,3,8
176257,176265,176268,3,8
176257,176265,176268,3,8
176257,176266,176268,2,9
176257,176266,176268,2,9
176257,176267,176269,2,10
176257,176266,176268,2,9
176257,176266,176268,2,9
176257,176267,176269,2,10
176257,176266,176269,3,9
176257,176266,176268,2,9
176257,176267,176269,2,10
176257,176267,176269,2,10
176257,176267,176269,2,10
176257,176265,176269,4,8
176257,176266,176269,3,9
176257,176266,176269,3,9
176257,176266,176269,3,9
176257,176266,176269,3,9
176257,176265,176269,4,8
176257,176266,176269,3,9
176257,176268,176269,1,11
176257,176266,176269,3,9
176257,176267,176269,2,10
176257,176267,176269,2,10
176257,176266,176270,4,9
176257,176267,176270,3,10
176257,176267,176270,3,10
176257,176266,176270,4,9
176257,176266,176270,4,9
176257,176266,176270,4,9
176257,176266,176271,5,9
176257,176268,176270,2,11
176257,176267,176271,4,10
176257,176267,176270,3,10
176257,176267,176271,4,10
176257,176267,176270,3,10
176257,176266,176271,5,9
176257,176268,176271,3,11
176257,176267,176271,4,10
176257,176269,176271,2,12
176257,176269,176271,2,12
176257,176267,176271,4,10
176257,176267,176271,4,10
176257,176267,176271,4,10
176257,176268,176272,4,11
176257,176268,176272,4,11
176257,176268,176271,3,11
176257,176268,176271,3,11
176257,176268,176272,4,11
176257,176269,176272,3,12
176257,176269,176271,2,12
176257,176268,176272,4,11
176257,176268,176271,3,11
176257,176269,176271,2,12
176257,176268,176272,4,11
176257,176268,176272,4,11
176257,176269,176271,2,12
176257,176269,176271,2,12
176257,176269,176272,3,12
176257,176270,176273,3,13
176257,176270,176272,2,13
176257,176268,176273,5,11
176257,176270,176272,2,13
176257,176270,176273,3,13
176257,176269,176272,3,12
176257,176269,176272,3,12
176257,176269,176272,3,12
176257,176269,176273,4,12
176257,176270,176273,3,13
176257,176270,176273,3,13
176257,176270,176273,3,13
176257,176270,176273,3,13
176257,176270,176273,3,13
176257,176271,176273,2,14
176257,176270,176274,4,13
176257,176270,176273,3,13
176257,176271,176273,2,14
176257,176270,176273,3,13
176257,176271,176274,3,14
176257,176269,176273,4,12
176257,176271,176274,3,14
176257,176271,176274,3,14
176257,176271,176274,3,14
176257,176272,176275,3,15
176257,176272,176274,2,15
176257,176271,176274,3,14
176257,176271,176274,3,14
176257,176271,176274,3,14
176257,176271,176275,4,14
176257,176272,176275,3,15
176257,176272,176275,3,15
176257,176272,176275,3,15
176257,176272,176275,3,15
176257,176272,176275,3,15
176273,176274,176275,1,1
176257,176272,176275,3,15
176257,176272,176275,3,15
176257,176272,176275,3,15
176257,176272,176275,3,15
176257,176272,176275,3,15
176257,176271,176275,4,14
176257,176273,176275,2,16
176257,176272,176275,3,15
176257,176272,176275,3,15
176257,176272,176276,4,15
176257,176273,176276,3,16
176257,176273,176276,3,16
176257,176273,176276,3,16
176257,176272,176275,3,15
176257,176272,176275,3,15
176257,176272,176275,3,15
176257,176273,176276,3,16
176273,176274,176275,1,1
176257,176272,176275,3,15
176257,176272,176275,3,15
176257,176273,176276,3,16
176273,176274,176276,2,1
176273,176274,176276,2,1
176257,176272,176275,3,15
176273,176273,176276,3,0
176273,176273,176276,3,0
176273,176273,176276,3,0
176257,176273,176277,4,16
176273,176274,176277,3,1
176257,176273,176276,3,16
176273,176275,176276,1,2
176273,176274,176277,3,1
176257,176272,176276,4,15
176273,176274,176277,3,1
176273,176274,176278,4,1
176273,176274,176278,4,1
176273,176274,176278,4,1
176273,176275,176278,3,2
176273,176274,176278,4,1
176273,176275,176277,2,2
176273,176275,176277,2,2
176273,176275,176278,3,2
176273,176275,176278,3,2
176273,176275,176279,4,2
176273,176274,176278,4,1
176273,176274,176278,4,1
176273,176276,176279,3,3
176273,176275,176279,4,2
176273,176276,176279,3,3
176273,176276,176279,3,3
176273,176276,176280,4,3
176273,176275,176279,4,2
176273,176275,176279,4,2
176273,176277,176279,2,4
176273,176277,176279,2,4
176273,176276,176279,3,3
176273,176276,176279,3,3
176273,176276,176280,4,3
176273,176276,176279,3,3
176273,176276,176279,3,3
176273,176277,176280,3,4
176273,176276,176280,4,3
176273,176276,176280,4,3
176273,176276,176279,3,3
176273,176276,176280,4,3
176273,176275,176280,5,2
176273,176276,176280,4,3
176273,176276,176280,4,3
176273,176275,176280,5,2
176273,176275,176280,5,2
176273,176277,176280,3,4
176273,176277,176280,3,4
176273,176276,176280,4,3
176273,176276,176280,4,3
176273,176277,176280,3,4
176273,176277,176280,3,4
176273,176276,176281,5,3
176273,176277,176280,3,4
176273,176277,176280,3,4
176273,176277,176280,3,4
176273,176276,176280,4,3
176273,176277,176281,4,4
176273,176276,176281,5,3
176273,176277,176281,4,4
176273,176279,176282,3,6
176273,176280,176282,2,7
176273,176280,176282,2,7
176273,176280,176282,2,7
176273,176278,176282,4,5
176273,176278,176281,3,5
176273,176278,176281,3,5
176273,176278,176282,4,5
176273,176278,176282,4,5
176273,176278,176282,4,5
176273,176278,176282,4,5
176273,176279,176282,3,6
176273,176277,176282,5,4
176273,176278,176282,4,5
176273,176279,176282,3,6
176273,176280,176283,3,7
176273,176279,176283,4,6
176273,176280,176283,3,7
176273,176278,176282,4,5
176273,176279,176283,4,6
176273,176279,176283,4,6
176273,176280,176283,3,7
176273,176280,176283,3,7
176273,176280,176283,3,7
176273,176280,176283,3,7
176273,176280,176283,3,7
176273,176280,176283,3,7
176273,176280,176284,4,7
176273,176280,176284,4,7
176273,176281,176283,2,8
176273,176280,176283,3,7
176273,176280,176283,3,7
176273,176281,176284,3,8
176273,176281,176283,2,8
176273,176281,176283,2,8
176273,176281,176283,2,8
176273,176281,176284,3,8
176273,176281,176284,3,8
176273,176281,176284,3,8
176273,176281,176284,3,8
176273,176281,176284,3,8
176273,176282,176284,2,9
176273,176281,176284,3,8
176273,176282,176285,3,9
176273,176281,176284,3,8
176273,176281,176284,3,8
176273,176281,176284,3,8
176273,176280,176284,4,7
176273,176280,176284,4,7
176273,176282,176284,2,9
176273,176281,176284,3,8
176273,176281,176285,4,8
176273,176282,176285,3,9
176273,176281,176285,4,8
176273,176282,176285,3,9
176273,176282,176285,3,9
176273,176282,176285,3,9
176273,176282,176285,3,9
176273,176282,176285,3,9
176321,176321,176323,2,0
176321,176321,176323,2,0
176321,176321,176323,2,0
176321,176321,176323,2,0
176321,176321,176323,2,0
176321,176321,176324,3,0
176321,176322,176324,2,1
176321,176322,176325,3,1
176321,176321,176325,4,0
176321,176321,176325,4,0
176321,176321,176325,4,0
176321,176321,176325,4,0
176321,176321,176325,4,0
176321,176321,176325,4,0
176321,176321,176325,4,0
176321,176321,176325,4,0
176321,176321,176325,4,0
176321,176321,176325,4,0
176321,176321,176326,5,0
176321,176321,176325,4,0
176321,176321,176325,4,0
176321,176321,176326,5,0
176321,176321,176325,4,0
176321,176321,176325,4,0
176321,176321,176325,4,0
176321,176321,176325,4,0
176321,176321,176325,4,0
176321,176322,176325,3,1
176321,176322,176325,3,1
176321,176321,176325,4,0
176321,176321,176325,4,0
176321,176322,176325,3,1
176321,176321,176325,4,0
176321,176321,176326,5,0
176321,176321,176326,5,0
176321,176321,176326,5,0
176321,176321,176326,5,0
176321,176321,176326,5,0
176321,176321,176326,5,0
176321,176322,176326,4,1
176321,176321,176326,5,0
176321,176322,176326,4,1
176321,176322,176326,4,1
176321,176321,176326,5,0
176321,176321,176326,5,0
176321,176321,176326,5,0
176321,176321,176326,5,0
176321,176324,176326,2,3
176321,176321,176326,5,0
176321,176324,176326,2,3
176321,176321,176326,5,0
176321,176322,176326,4,1
176321,176324,176326,2,3
176321,176324,176327,3,3
176321,176324,176327,3,3
176321,176325,176327,2,4
176321,176321,176327,6,0
176321,176325,176328,3,4
176321,176326,176328,2,5
176321,176326,176329,3,5
176321,176325,176328,3,4
176321,176321,176328,7,0
176321,176326,176329,3,5
176321,176326,176329,3,5
176321,176326,176329,3,5
176321,176326,176329,3,5
176321,176327,176330,3,6
176321,176327,176330,3,6
176321,176327,176330,3,6
176321,176326,176329,3,5
176321,176326,176329,3,5
176321,176326,176329,3,5
176321,176326,176330,4,5
176321,176327,176329,2,6
176321,176326,176330,4,5
176321,176327,176330,3,6
176321,176327,176329,2,6
176321,176326,176329,3,5
176321,176326,176330,4,5
176321,176326,176329,3,5
176321,176327,176330,3,6
176321,176327,176329,2,6
176321,176326,176329,3,5
176321,176326,176329,3,5
176321,176326,176329,3,5
176321,176327,176330,3,6
176321,176326,176329,3,5
176321,176326,176329,3,5
176321,176327,176330,3,6
176321,176327,176330,3,6
176321,176326,176329,3,5
176321,176327,176330,3,6
176321,176326,176329,3,5
176321,176328,176330,2,7
176321,176326,176330,4,5
176321,176327,176330,3,6
176321,176327,176330,3,6
176321,176327,176331,4,6
176321,176326,176330,4,5
176321,176326,176330,4,5
176321,176327,176330,3,6
176321,176328,176331,3,7
176321,176328,176330,2,7
176321,176326,176330,4,5
176321,176327,176330,3,6
176321,176327,176330,3,6
176321,176328,176331,3,7
176321,176326,176331,5,5
176321,176328,176331,3,7
176321,176329,176332,3,8
176321,176327,176331,4,6
176321,176329,176331,2,8
176321,176329,176332,3,8
176321,176330,176332,2,9
176321,176330,176332,2,9
176321,176330,176333,3,9
176321,176330,176332,2,9
176321,176329,176332,3,8
175443,175449,176332,883,6
176321,176329,176332,3,8
176321,176330,176333,3,9
176363,176363,176366,3,0
176363,176363,176366,3,0
176363,176363,176366,3,0
176363,176363,176366,3,0
176363,176363,176366,3,0
176363,176363,176366,3,0
176363,176363,176366,3,0
176363,176363,176366,3,0
176363,176363,176366,3,0
176363,176363,176366,3,0
176363,176363,176366,3,0
176363,176364,176366,2,1
176363,176363,176367,4,0
176363,176363,176367,4,0
176363,176363,176367,4,0
176363,176363,176367,4,0
176363,176363,176367,4,0
176363,176363,176367,4,0
176363,176363,176367,4,0
176363,176363,176367,4,0
176363,176363,176367,4,0
176363,176363,176367,4,0
176363,176363,176367,4,0
176363,176363,176368,5,0
176363,176363,176367,4,0
176363,176363,176367,4,0
176363,176363,176367,4,0
176363,176363,176367,4,0
176363,176363,176367,4,0
176363,176363,176368,5,0
176363,176363,176368,5,0
176363,176363,176368,5,0
176363,176363,176368,5,0
176363,176363,176368,5,0
176363,176363,176368,5,0
176363,176363,176368,5,0
176363,176363,176368,5,0
176363,176363,176367,4,0
176363,176363,176368,5,0
176363,176363,176368,5,0
176363,176363,176368,5,0
176363,176363,176368,5,0
176363,176363,176368,5,0
176363,176363,176368,5,0
176363,176363,176368,5,0
176363,176363,176368,5,0
176363,176363,176368,5,0
176363,176363,176368,5,0
176363,176363,176368,5,0
176363,176363,176368,5,0
176363,176363,176368,5,0
176363,176367,176368,1,4
176363,176366,176369,3,3
176363,176367,176369,2,4
176363,176367,176369,2,4
176363,176367,176369,2,4
176363,176363,176369,6,0
176363,176367,176369,2,4
176363,176367,176369,2,4
176363,176367,176369,2,4
176363,176367,176369,2,4
176363,176363,176369,6,0
176363,176367,176369,2,4
176363,176367,176370,3,4
176363,176368,176371,3,5
176363,176367,176370,3,4
176363,176368,176371,3,5
176363,176368,176371,3,5
176363,176367,176370,3,4
176363,176369,176371,2,6
176363,176369,176371,2,6
176363,176368,176371,3,5
176363,176369,176371,2,6
176363,176369,176372,3,6
176363,176369,176372,3,6
176363,176369,176371,2,6
176363,176368,176371,3,5
176363,176368,176371,3,5
176363,176369,176371,2,6
176363,176369,176371,2,6
176363,176369,176372,3,6
176363,176368,176372,4,5
176363,176368,176371,3,5
176363,176368,176371,3,5
176363,176368,176371,3,5
176363,176369,176371,2,6
176363,176368,176372,4,5
176363,176368,176371,3,5
176363,176368,176371,3,5
176363,176369,176372,3,6
176363,176368,176372,4,5
176363,176368,176372,4,5
176363,176369,176372,3,6
176363,176369,176372,3,6
176363,176368,176372,4,5
176363,176369,176372,3,6
175454,175461,176372,911,7
176363,176369,176372,3,6
176363,176369,176372,3,6
176363,176369,176372,3,6
176363,176369,176372,3,6
176363,176370,176372,2,7
176363,176370,176373,3,7
176363,176369,176373,4,6
176363,176370,176372,2,7
176363,176369,176373,4,6
176363,176370,176372,2,7
176363,176370,176373,3,7
176363,176370,176372,2,7
176363,176370,176373,3,7
176363,176370,176372,2,7
176363,176368,176372,4,5
176363,176370,176372,2,7
176363,176370,176373,3,7
176363,176369,176372,3,6
176363,176369,176372,3,6
176363,176371,176373,2,8
176363,176371,176373,2,8
176363,176370,176373,3,7
176363,176371,176374,3,8
176363,176371,176374,3,8
176373,176374,176376,2,1
176373,176374,176376,2,1
176373,176374,176376,2,1
176373,176374,176376,2,1
176373,176374,176376,2,1
176373,176374,176376,2,1
176373,176374,176376,2,1
176373,176374,176376,2,1
176373,176374,176376,2,1
176373,176374,176377,3,1
176373,176374,176378,4,1
176373,176374,176377,3,1
176373,176374,176378,4,1
176373,176374,176377,3,1
176373,176374,176377,3,1
176373,176374,176377,3,1
176373,176374,176377,3,1
176373,176374,176378,4,1
176373,176374,176377,3,1
176373,176374,176377,3,1
176373,176374,176377,3,1
176373,176374,176377,3,1
176373,176374,176378,4,1
176373,176374,176378,4,1
176373,176374,176377,3,1
176373,176373,176378,5,0
176373,176374,176378,4,1
176373,176374,176378,4,1
176373,176374,176378,4,1
176373,176374,176379,5,1
176373,176374,176378,4,1
176373,176374,176378,4,1
176373,176374,176378,4,1
176373,176375,176378,3,2
176373,176374,176378,4,1
176373,176374,176378,4,1
176373,176374,176378,4,1
176373,176374,176378,4,1
176373,176374,176378,4,1
176373,176374,176378,4,1
176373,176374,176378,4,1
176373,176374,176378,4,1
176373,176374,176378,4,1
176373,176374,176378,4,1
176373,176374,176378,4,1
176373,176375,176379,4,2
176373,176377,176379,2,4
176373,176374,176379,5,1
176373,176374,176379,5,1
176373,176378,176379,1,5
176373,176374,176379,5,1
176373,176374,176379,5,1
176373,176375,176379,4,2
176373,176374,176379,5,1
176373,176374,176379,5,1
176373,176377,176379,2,4
176373,176374,176380,6,1
176373,176377,176379,2,4
176373,176377,176379,2,4
176373,176377,176380,3,4
176373,176378,176381,3,5
176373,176377,176380,3,4
176373,176377,176380,3,4
176373,176377,176380,3,4
176373,176378,176381,3,5
176373,176378,176381,3,5
176373,176378,176381,3,5
176373,176377,176381,4,4
176373,176379,176381,2,6
176373,176379,176382,3,6
176373,176378,176382,4,5
176373,176379,176382,3,6
176373,176379,176382,3,6
176373,176379,176382,3,6
176373,176379,176381,2,6
176373,176379,176382,3,6
176373,176378,176381,3,5
176373,176378,176381,3,5
176373,176379,176381,2,6
176373,176379,176381,2,6
176373,176378,176382,4,5
176373,176378,176382,4,5
176373,176378,176381,3,5
176373,176378,176382,4,5
176373,176378,176382,4,5
176373,176379,176382,3,6
176373,176379,176382,3,6
176373,176379,176382,3,6
176373,176380,176383,3,7
176373,176380,176382,2,7
176373,176380,176382,2,7
176373,176379,176382,3,6
176373,176379,176382,3,6
176373,176379,176382,3,6
176373,176379,176382,3,6
176373,176378,176382,4,5
176373,176379,176382,3,6
176373,176379,176382,3,6
176373,176379,176383,4,6
176373,176380,176382,2,7
176373,176380,176383,3,7
176373,176378,176382,4,5
176373,176380,176382,2,7
176373,176380,176383,3,7
176373,176378,176382,4,5
176373,176379,176382,3,6
176373,176380,176383,3,7
176373,176380,176383,3,7
176373,176379,176382,3,6
176373,176381,176384,3,8
176373,176381,176383,2,8
176373,176380,176383,3,7
176373,176381,176383,2,8
176373,176381,176383,2,8
176373,176381,176384,3,8
176373,176379,176383,4,6
176373,176380,176384,4,7
176373,176380,176383,3,7
176373,176381,176384,3,8
176373,176380,176383,3,7
175507,175532,176415,883,25
176420,176420,176423,3,0
176420,176420,176423,3,0
176420,176420,176422,2,0
176420,176420,176422,2,0
176420,176420,176423,3,0
176420,176420,176423,3,0
176420,176420,176424,4,0
176420,176420,176424,4,0
176420,176420,176423,3,0
176420,176420,176423,3,0
176420,176420,176424,4,0
176420,176420,176423,3,0
176420,176420,176423,3,0
176420,176420,176423,3,0
176420,176420,176423,3,0
176420,176420,176423,3,0
176420,176420,176424,4,0
176420,176420,176423,3,0
176420,176420,176424,4,0
176420,176420,176424,4,0
176420,176420,176424,4,0
176420,176420,176424,4,0
176420,176420,176423,3,0
176420,176420,176423,3,0
176420,176420,176424,4,0
176420,176420,176424,4,0
176420,176420,176423,3,0
176420,176420,176424,4,0
176420,176420,176424,4,0
176420,176420,176425,5,0
176420,176420,176425,5,0
176420,176420,176424,4,0
176420,176420,176425,5,0
176420,176420,176425,5,0
176420,176420,176424,4,0
176420,176420,176424,4,0
176420,176420,176425,5,0
176420,176420,176424,4,0
176420,176420,176424,4,0
176420,176420,176424,4,0
176420,176420,176424,4,0
176420,176420,176424,4,0
176420,176420,176425,5,0
176420,176420,176424,4,0
176420,176420,176424,4,0
176420,176420,176424,4,0
176420,176420,176424,4,0
176420,176420,176424,4,0
176420,176420,176425,5,0
176420,176420,176425,5,0
176420,176420,176424,4,0
176420,176420,176425,5,0
176420,176424,176426,2,4
176420,176424,176426,2,4
176420,176423,176426,3,3
176420,176424,176426,2,4
176420,176424,176426,2,4
176420,176420,176425,5,0
176420,176423,176426,3,3
176420,176420,176425,5,0
176420,176420,176425,5,0
176420,176424,176427,3,4
176420,176423,176427,4,3
176420,176423,176427,4,3
176420,176424,176427,3,4
176420,176424,176426,2,4
176420,176424,176427,3,4
176420,176424,176427,3,4
176420,176424,176427,3,4
176420,176424,176427,3,4
176420,176424,176427,3,4
176420,176425,176428,3,5
176420,176425,176428,3,5
176420,176425,176428,3,5
176420,176424,176428,4,4
176420,176424,176428,4,4
176420,176424,176428,4,4
176420,176424,176428,4,4
176420,176425,176428,3,5
176420,176424,176428,4,4
176420,176424,176428,4,4
176420,176425,176428,3,5
176420,176424,176428,4,4
176420,176424,176428,4,4
176420,176424,176428,4,4
176420,176425,176428,3,5
176420,176425,176428,3,5
176420,176425,176428,3,5
176420,176426,176428,2,6
176420,176424,176428,4,4
176420,176425,176428,3,5
176420,176426,176428,2,6
176420,176424,176428,4,4
176420,176424,176427,3,4
176420,176425,176429,4,5
176420,176427,176429,2,7
176420,176425,176429,4,5
176420,176425,176429,4,5
176420,176426,176429,3,6
176420,176424,176429,5,4
176420,176427,176429,2,7
176420,176425,176429,4,5
176420,176426,176429,3,6
176420,176425,176429,4,5
176420,176425,176429,4,5
176420,176426,176429,3,6
176420,176426,176429,3,6
176420,176425,176429,4,5
176420,176425,176429,4,5
176420,176425,176429,4,5
176420,176425,176429,4,5
176420,176426,176429,3,6
176420,176427,176430,3,7
176420,176425,176430,5,5
176420,176425,176430,5,5
176420,176426,176429,3,6
176420,176426,176430,4,6
176420,176425,176430,5,5
176420,176425,176430,5,5
176420,176427,176430,3,7
175486,175513,176434,921,27
175503,175522,176439,917,19
176456,176456,176459,3,0
176456,176456,176459,3,0
176456,176456,176459,3,0
176456,176456,176459,3,0
176456,176456,176459,3,0
176456,176456,176459,3,0
176456,176457,176459,2,1
176456,176457,176459,2,1
176456,176457,176459,2,1
176456,176457,176459,2,1
176456,176456,176460,4,0
176456,176456,176460,4,0
176456,176456,176460,4,0
176456,176456,176460,4,0
176456,176456,176460,4,0
176456,176457,176460,3,1
176456,176457,176460,3,1
176456,176456,176460,4,0
176456,176457,176460,3,1
176456,176456,176461,5,0
176456,176456,176460,4,0
176456,176457,176460,3,1
176456,176456,176461,5,0
176456,176457,176460,3,1
176456,176456,176460,4,0
176456,176456,176460,4,0
176456,176456,176460,4,0
176456,176456,176460,4,0
176456,176456,176461,5,0
176456,176457,176460,3,1
176456,176456,176460,4,0
176456,176456,176460,4,0
176456,176456,176460,4,0
176456,176457,176460,3,1
176456,176457,176460,3,1
176456,176457,176460,3,1
176456,176457,176461,4,1
176456,176456,176461,5,0
176456,176457,176461,4,1
176456,176460,176462,2,4
176456,176457,176461,4,1
176456,176457,176461,4,1
176456,176460,176462,2,4
176456,176456,176461,5,0
176456,176457,176461,4,1
176456,176457,176461,4,1
176456,176456,176461,5,0
176456,176457,176462,5,1
176456,176457,176461,4,1
176456,176457,176461,4,1
176456,176457,176461,4,1
176456,176457,176461,4,1
176456,176457,176461,4,1
176456,176457,176461,4,1
176456,176456,176461,5,0
176456,176456,176461,5,0
176456,176457,176461,4,1
176456,176457,176461,4,1
176456,176460,176462,2,4
176456,176460,176462,2,4
176456,176457,176462,5,1
176456,176460,176463,3,4
176456,176460,176463,3,4
176456,176460,176462,2,4
176456,176460,176463,3,4
175585,175598,176464,866,13
176456,176461,176464,3,5
176456,176460,176464,4,4
176456,176461,176463,2,5
176456,176461,176464,3,5
176456,176461,176463,2,5
176456,176461,176465,4,5
176456,176461,176464,3,5
176456,176461,176464,3,5
176456,176461,176464,3,5
176456,176461,176464,3,5
176456,176461,176464,3,5
176456,176461,176464,3,5
176456,176461,176465,4,5
176456,176462,176465,3,6
176456,176461,176464,3,5
176456,176461,176464,3,5
176456,176462,176464,2,6
176456,176462,176464,2,6
176456,176462,176465,3,6
176456,176460,176464,4,4
176456,176461,176464,3,5
176456,176461,176464,3,5
176456,176461,176465,4,5
176456,176462,176465,3,6
176456,176462,176464,2,6
176456,176462,176464,2,6
176456,176462,176465,3,6
176456,176462,176464,2,6
176456,176462,176464,2,6
176456,176461,176464,3,5
176456,176461,176464,3,5
176456,176463,176465,2,7
176456,176461,176464,3,5
176456,176462,176465,3,6
176456,176462,176464,2,6
176456,176462,176464,2,6
176456,176461,176465,4,5
176456,176463,176465,2,7
176456,176463,176465,2,7
176456,176462,176465,3,6
176456,176461,176466,5,5
176456,176461,176465,4,5
176456,176462,176465,3,6
176456,176462,176465,3,6
176456,176461,176466,5,5
176456,176462,176465,3,6
176456,176463,176465,2,7
176456,176461,176465,4,5
176456,176462,176465,3,6
176456,176462,176465,3,6
176456,176462,176465,3,6
176456,176463,176465,2,7
176456,176461,176465,4,5
176456,176462,176465,3,6
176456,176462,176465,3,6
176459,176464,176467,3,5
176459,176463,176467,4,4
176459,176466,176467,1,7
176459,176466,176467,1,7
176459,176466,176468,2,7
176459,176466,176468,2,7
176459,176464,176468,4,5
176459,176465,176468,3,6
176459,176464,176468,4,5
176459,176464,176467,3,5
176459,176464,176467,3,5
176459,176464,176467,3,5
176459,176465,176468,3,6
176459,176465,176468,3,6
176459,176464,176468,4,5
176459,176465,176469,4,6
176459,176465,176468,3,6
176459,176465,176468,3,6
176459,176465,176469,4,6
176459,176465,176469,4,6
176459,176465,176469,4,6
176459,176465,176468,3,6
176459,176465,176468,3,6
176459,176465,176468,3,6
176459,176465,176469,4,6
176459,176465,176469,4,6
176459,176465,176469,4,6
176459,176465,176469,4,6
176459,176465,176468,3,6
176459,176465,176468,3,6
176459,176465,176469,4,6
176459,176465,176468,3,6
176459,176465,176469,4,6
176459,176466,176469,3,7
176459,176465,176469,4,6
176459,176465,176469,4,6
176459,176465,176468,3,6
176459,176465,176470,5,6
176459,176467,176470,3,8
176459,176465,176469,4,6
176459,176465,176469,4,6
176459,176466,176469,3,7
176459,176466,176469,3,7
176459,176466,176470,4,7
176459,176466,176469,3,7
176459,176465,176469,4,6
176459,176466,176470,4,7
176459,176466,176470,4,7
176459,176466,176470,4,7
175564,175588,176469,881,24
176459,176466,176470,4,7
176459,176466,176469,3,7
176459,176465,176469,4,6
176459,176466,176470,4,7
176459,176466,176470,4,7
176459,176465,176469,4,6
176459,176466,176470,4,7
176459,176467,176470,3,8
176459,176465,176470,5,6
176459,176468,176470,2,9
176459,176468,176470,2,9
176459,176469,176471,2,10
176459,176468,176470,2,9
176459,176466,176470,4,7
176459,176466,176471,5,7
176459,176468,176471,3,9
176459,176469,176472,3,10
176459,176468,176471,3,9
176459,176468,176472,4,9
176459,176468,176472,4,9
176459,176468,176471,3,9
176459,176468,176472,4,9
176459,176469,176472,3,10
176459,176469,176472,3,10
176459,176468,176472,4,9
176459,176469,176472,3,10
176459,176469,176472,3,10
176459,176469,176472,3,10
176459,176468,176472,4,9
176459,176470,176472,2,11
176459,176468,176472,4,9
176459,176468,176472,4,9
176459,176470,176472,2,11
176459,176470,176472,2,11
176459,176469,176473,4,10
176459,176469,176473,4,10
176459,176469,176472,3,10
176459,176470,176473,3,11
176459,176470,176473,3,11
176459,176470,176473,3,11
176459,176469,176473,4,10
176459,176469,176473,4,10
176459,176470,176473,3,11
176459,176470,176473,3,11
176459,176470,176473,3,11
176459,176469,176473,4,10
176459,176469,176472,3,10
176459,176470,176473,3,11
176459,176470,176472,2,11
176459,176470,176472,2,11
176459,176470,176473,3,11
176459,176470,176473,3,11
176459,176469,176473,4,10
176459,176469,176473,4,10
176459,176469,176472,3,10
176459,176470,176473,3,11
176459,176470,176472,2,11
176459,176469,176472,3,10
176459,176469,176473,4,10
176459,176469,176473,4,10
176459,176469,176473,4,10
176459,176469,176473,4,10
176459,176470,176473,3,11
176459,176470,176473,3,11
176459,176470,176473,3,11
176459,176470,176473,3,11
176459,176470,176473,3,11
176459,176471,176473,2,12
176459,176470,176473,3,11
176459,176470,176474,4,11
176459,176470,176474,4,11
176465,176471,176474,3,6
176465,176473,176475,2,8
176465,176472,176474,2,7
176465,176473,176474,1,8
176465,176473,176475,2,8
176465,176471,176475,4,6
176465,176472,176475,3,7
176465,176472,176475,3,7
176465,176471,176475,4,6
176465,176472,176475,3,7
176465,176473,176475,2,8
176465,176473,176475,2,8
176465,176473,176475,2,8
176465,176472,176476,4,7
176465,176473,176476,3,8
176465,176472,176475,3,7
176465,176473,176476,3,8
176465,176473,176476,3,8
176465,176473,176476,3,8
176465,176473,176476,3,8
176465,176472,176476,4,7
176465,176472,176476,4,7
176465,176472,176476,4,7
176465,176473,176477,4,8
176465,176473,176476,3,8
176465,176472,176476,4,7
176465,176472,176476,4,7
176465,176472,176477,5,7
176465,176472,176476,4,7
176465,176474,176476,2,9
176465,176473,176477,4,8
176465,176473,176476,3,8
176465,176473,176477,4,8
176465,176473,176477,4,8
176465,176473,176477,4,8
176465,176473,176477,4,8
176465,176473,176476,3,8
176465,176473,176477,4,8
176465,176473,176477,4,8
176465,176473,176477,4,8
176465,176473,176477,4,8
176465,176474,176477,3,9
176465,176474,176477,3,9
176465,176474,176477,3,9
176465,176476,176477,1,11
176465,176474,176477,3,9
176465,176474,176477,3,9
176465,176474,176477,3,9
176465,176475,176477,2,10
176465,176476,176477,1,11
176465,176476,176477,1,11
176465,176474,176477,3,9
176465,176474,176478,4,9
176465,176475,176478,3,10
176465,176475,176478,3,10
176465,176475,176477,2,10
176465,176476,176477,1,11
176465,176474,176477,3,9
176465,176474,176478,4,9
176465,176474,176478,4,9
176465,176475,176477,2,10
176465,176475,176478,3,10
176465,176476,176478,2,11
176465,176476,176478,2,11
176465,176475,176478,3,10
176465,176476,176478,2,11
176465,176473,176478,5,8
176465,176474,176478,4,9
176465,176474,176478,4,9
176465,176473,176478,5,8
176465,176476,176478,2,11
176465,176473,176478,5,8
176465,176473,176478,5,8
176465,176475,176478,3,10
176465,176475,176478,3,10
176465,176476,176479,3,11
176465,176476,176479,3,11
176465,176476,176479,3,11
176465,176477,176479,2,12
176465,176477,176479,2,12
176465,176477,176479,2,12
176465,176477,176480,3,12
176465,176477,176479,2,12
176465,176476,176480,4,11
176465,176477,176480,3,12
176465,176478,176480,2,13
176465,176477,176480,3,12
176465,176477,176480,3,12
176465,176478,176480,2,13
176465,176478,176480,2,13
176465,176477,176480,3,12
176465,176477,176480,3,12
176465,176478,176480,2,13
176465,176478,176481,3,13
176465,176478,176480,2,13
176465,176478,176480,2,13
176465,176478,176480,2,13
176465,176478,176481,3,13
176465,176478,176481,3,13
176465,176477,176480,3,12
176465,176478,176480,2,13
176465,176478,176481,3,13
176465,176478,176481,3,13
176465,176478,176481,3,13
176465,176478,176480,2,13
176465,176478,176480,2,13
176465,176478,176480,2,13
176465,176478,176481,3,13
176465,176478,176481,3,13
176465,176478,176481,3,13
176465,176477,176481,4,12
176465,176477,176481,4,12
176465,176478,176481,3,13
176465,176477,176481,4,12
176465,176478,176481,3,13
176465,176478,176482,4,13
176465,176478,176481,3,13
176465,176478,176481,3,13
176465,176478,176481,3,13
176465,176478,176482,4,13
175662,175662,176516,854,0
175651,175657,176517,860,6
176517,176518,176521,3,1
176517,176518,176521,3,1
176517,176518,176521,3,1
176517,176518,176521,3,1
176517,176518,176521,3,1
176517,176518,176520,2,1
176517,176518,176521,3,1
176517,176518,176520,2,1
176517,176518,176521,3,1
176517,176518,176521,3,1
176517,176518,176522,4,1
176517,176518,176522,4,1
176517,176518,176522,4,1
176517,176518,176521,3,1
176517,176518,176522,4,1
176517,176518,176522,4,1
176517,176518,176522,4,1
176517,176518,176522,4,1
176517,176518,176522,4,1
176517,176518,176522,4,1
176517,176518,176521,3,1
176517,176518,176522,4,1
176517,176518,176522,4,1
176517,176518,176522,4,1
176517,176518,176522,4,1
176517,176518,176521,3,1
176517,176518,176522,4,1
176517,176518,176521,3,1
176517,176518,176522,4,1
176517,176518,176522,4,1
176517,176518,176522,4,1
176517,176518,176521,3,1
176517,176518,176522,4,1
176517,176518,176521,3,1
176517,176518,176522,4,1
176517,176518,176522,4,1
176517,176518,176522,4,1
176517,176518,176523,5,1
176517,176518,176522,4,1
176517,176518,176522,4,1
176517,176518,176522,4,1
176517,176518,176523,5,1
176517,176518,176522,4,1
176517,176518,176522,4,1
176517,176518,176522,4,1
176517,176518,176523,5,1
176517,176518,176522,4,1
176517,176518,176522,4,1
176517,176518,176522,4,1
176517,176518,176523,5,1
176517,176518,176522,4,1
176517,176518,176522,4,1
176517,176518,176522,4,1
176517,176518,176523,5,1
176517,176518,176523,5,1
176517,176518,176522,4,1
176517,176521,176523,2,4
176517,176518,176522,4,1
176517,176518,176523,5,1
176517,176518,176522,4,1
176517,176521,176524,3,4
176517,176521,176523,2,4
176517,176522,176523,1,5
176517,176522,176523,1,5
176517,176522,176523,1,5
176517,176522,176524,2,5
176517,176518,176524,6,1
176517,176522,176524,2,5
176517,176521,176523,2,4
176517,176521,176524,3,4
176517,176518,176524,6,1
176517,176521,176523,2,4
176517,176522,176524,2,5
176517,176521,176524,3,4
176517,176521,176524,3,4
175639,175645,176524,879,6
176517,176522,176525,3,5
176517,176522,176525,3,5
176517,176522,176525,3,5
176517,176522,176525,3,5
176517,176522,176525,3,5
176517,176522,176525,3,5
176517,176522,176525,3,5
176517,176522,176525,3,5
176517,176523,176525,2,6
176517,176523,176526,3,6
176517,176523,176526,3,6
176517,176523,176526,3,6
176517,176523,176526,3,6
176517,176523,176526,3,6
176517,176523,176526,3,6
176517,176523,176526,3,6
176517,176522,176526,4,5
176517,176522,176525,3,5
176517,176522,176526,4,5
176517,176522,176526,4,5
176517,176522,176525,3,5
176517,176522,176526,4,5
176517,176522,176526,4,5
176517,176522,176526,4,5
176517,176522,176526,4,5
176517,176523,176526,3,6
176517,176523,176526,3,6
176517,176523,176526,3,6
176517,176523,176526,3,6
176517,176522,176526,4,5
176517,176522,176526,4,5
176517,176523,176526,3,6
176517,176523,176527,4,6
176517,176523,176527,4,6
176517,176523,176526,3,6
176517,176523,176527,4,6
176517,176523,176526,3,6
176518,176524,176527,3,6
176518,176525,176527,2,7
176517,176523,176527,4,6
176518,176524,176527,3,6
176517,176522,176526,4,5
176517,176523,176527,4,6
176518,176525,176527,2,7
176517,176523,176527,4,6
176517,176523,176527,4,6
176517,176523,176527,4,6
176518,176525,176527,2,7
176518,176525,176527,2,7
176518,176523,176527,4,5
176517,176523,176527,4,6
176517,176523,176527,4,6
176518,176524,176527,3,6
176518,176524,176528,4,6
176518,176524,176528,4,6
176518,176524,176528,4,6
176518,176524,176528,4,6
176518,176524,176527,3,6
176518,176524,176528,4,6
176518,176525,176527,2,7
176518,176524,176528,4,6
176518,176524,176528,4,6
176518,176524,176528,4,6
176518,176525,176528,3,7
176518,176524,176528,4,6
176518,176528,176529,1,10
176518,176524,176529,5,6
176518,176526,176529,3,8
176518,176526,176529,3,8
176518,176526,176529,3,8
176518,176524,176529,5,6
176518,176524,176529,5,6
176518,176525,176530,5,7
176518,176527,176530,3,9
176518,176525,176529,4,7
176518,176528,176530,2,10
176518,176528,176529,1,10
176518,176528,176529,1,10
176518,176526,176530,4,8
176518,176528,176529,1,10
176518,176528,176530,2,10
176518,176528,176530,2,10
176518,176528,176530,2,10
176518,176527,176530,3,9
176518,176528,176530,2,10
176518,176526,176530,4,8
176518,176526,176530,4,8
176518,176528,176530,2,10
176518,176526,176530,4,8
176518,176528,176530,2,10
176518,176525,176531,6,7
176518,176526,176530,4,8
176518,176526,176530,4,8
176518,176527,176530,3,9
176518,176527,176530,3,9
176518,176527,176530,3,9
176518,176527,176530,3,9
176518,176527,176530,3,9
176518,176527,176530,3,9
176518,176527,176530,3,9
176518,176528,176530,2,10
176518,176528,176530,2,10
176518,176528,176530,2,10
176518,176527,176530,3,9
176518,176527,176531,4,9
176518,176527,176531,4,9
176518,176527,176531,4,9
176518,176527,176531,4,9
176518,176530,176532,2,12
176518,176527,176531,4,9
176518,176530,176532,2,12
176518,176528,176531,3,10
176518,176526,176531,5,8
176518,176527,176531,4,9
176518,176526,176531,5,8
176518,176528,176532,4,10
176518,176528,176531,3,10
176518,176528,176532,4,10
176518,176527,176531,4,9
176518,176529,176532,3,11
176518,176528,176531,3,10
176518,176528,176532,4,10
176518,176529,176532,3,11
176518,176527,176531,4,9
176518,176530,176532,2,12
176518,176529,176532,3,11
176518,176530,176533,3,12
176518,176527,176533,6,9
176518,176530,176532,2,12
176518,176529,176533,4,11
176518,176530,176532,2,12
176518,176529,176532,3,11
176518,176530,176533,3,12
176518,176529,176532,3,11
176518,176530,176532,2,12
176518,176530,176532,2,12
176518,176530,176533,3,12
176518,176529,176533,4,11
176518,176530,176533,3,12
176518,176530,176533,3,12
176518,176531,176534,3,13
176518,176531,176533,2,13
176518,176531,176534,3,13
176518,176531,176534,3,13
176518,176531,176534,3,13
176518,176531,176534,3,13
176518,176531,176534,3,13
176518,176531,176534,3,13
176518,176531,176534,3,13
176529,176532,176534,2,3
176518,176531,176534,3,13
176518,176531,176533,2,13
176529,176532,176534,2,3
176518,176530,176533,3,12
176518,176530,176533,3,12
176529,176531,176534,3,2
176518,176531,176534,3,13
176529,176533,176534,1,4
176529,176533,176535,2,4
176518,176531,176534,3,13
176518,176531,176534,3,13
176518,176531,176534,3,13
176518,176531,176534,3,13
176518,176531,176534,3,13
176518,176531,176534,3,13
176518,176531,176535,4,13
176518,176531,176535,4,13
176518,176531,176534,3,13
176518,176531,176534,3,13
176518,176531,176534,3,13
176529,176532,176534,2,3
176529,176531,176534,3,2
176529,176531,176535,4,2
176529,176531,176535,4,2
176529,176532,176535,3,3
176529,176532,176536,4,3
176529,176533,176535,2,4
176529,176532,176536,4,3
176529,176532,176536,4,3
176529,176533,176536,3,4
176529,176532,176535,3,3
176529,176532,176536,4,3
176529,176532,176536,4,3
176529,176532,176536,4,3
176529,176532,176535,3,3
176529,176533,176535,2,4
176529,176532,176535,3,3
176529,176533,176535,2,4
176529,176532,176535,3,3
176529,176532,176535,3,3
176529,176533,176536,3,4
176529,176532,176536,4,3
176529,176533,176536,3,4
176529,176533,176536,3,4
176529,176535,176536,1,6
176529,176532,176536,4,3
176529,176533,176537,4,4
176529,176533,176536,3,4
176529,176533,176537,4,4
176529,176533,176536,3,4
176529,176534,176537,3,5
176529,176534,176537,3,5
176529,176534,176537,3,5
176529,176535,176536,1,6
176529,176535,176536,1,6
176529,176534,176537,3,5
176529,176534,176537,3,5
176529,176536,176537,1,7
176529,176536,176538,2,7
176529,176534,176537,3,5
176529,176534,176537,3,5
176529,176536,176537,1,7
176529,176536,176537,1,7
176529,176536,176537,1,7
176529,176536,176538,2,7
176529,176534,176537,3,5
176529,176534,176538,4,5
176529,176534,176538,4,5
176529,176534,176538,4,5
176529,176534,176538,4,5
176529,176534,176537,3,5
176529,176534,176538,4,5
176529,176534,176538,4,5
176529,176534,176538,4,5
176529,176534,176538,4,5
176529,176534,176538,4,5
176529,176534,176538,4,5
176529,176535,176538,3,6
176529,176535,176539,4,6
176529,176535,176539,4,6
176529,176535,176539,4,6
176529,176536,176539,3,7
176529,176536,176539,3,7
176529,176535,176539,4,6
176529,176535,176538,3,6
176529,176535,176539,4,6
176529,176535,176538,3,6
176529,176535,176539,4,6
176529,176535,176539,4,6
176529,176536,176539,3,7
176529,176536,176539,3,7
176529,176535,176538,3,6
176529,176536,176538,2,7
176529,176535,176539,4,6
176529,176536,176539,3,7
176529,176536,176539,3,7
176529,176536,176539,3,7
176529,176535,176539,4,6
176529,176536,176539,3,7
176529,176536,176539,3,7
176529,176536,176539,3,7
176529,176536,176539,3,7
176529,176535,176540,5,6
176529,176537,176540,3,8
176529,176537,176540,3,8
176529,176537,176540,3,8
176529,176537,176540,3,8
176529,176536,176540,4,7
176529,176536,176540,4,7
176529,176536,176540,4,7
176529,176537,176540,3,8
176529,176538,176541,3,9
176529,176536,176540,4,7
175709,175715,176541,826,6
176529,176538,176541,3,9
176529,176538,176541,3,9
176529,176538,176541,3,9
176529,176538,176541,3,9
176529,176538,176540,2,9
176529,176537,176541,4,8
176529,176537,176540,3,8
176529,176538,176541,3,9
176529,176537,176540,3,8
176529,176537,176540,3,8
176529,176538,176541,3,9
176529,176538,176541,3,9
176529,176538,176541,3,9
176529,176538,176541,3,9
176529,176537,176541,4,8
176529,176538,176541,3,9
176529,176538,176541,3,9
176529,176538,176541,3,9
176529,176538,176541,3,9
176529,176538,176541,3,9
176529,176538,176541,3,9
175686,175703,176541,838,17
176529,176538,176541,3,9
176578,176579,176581,2,1
176578,176579,176581,2,1
176578,176579,176582,3,1
176578,176579,176582,3,1
176578,176579,176582,3,1
176578,176579,176582,3,1
176578,176579,176582,3,1
176578,176579,176583,4,1
176578,176578,176582,4,0
176578,176579,176582,3,1
176578,176579,176582,3,1
176578,176579,176582,3,1
176578,176579,176583,4,1
176578,176579,176582,3,1
176578,176579,176582,3,1
176578,176579,176582,3,1
176578,176579,176582,3,1
176578,176579,176582,3,1
176578,176579,176582,3,1
176578,176579,176582,3,1
176578,176579,176582,3,1
176578,176579,176582,3,1
176578,176579,176582,3,1
176578,176579,176582,3,1
176578,176579,176582,3,1
176578,176579,176583,4,1
176578,176579,176583,4,1
176578,176579,176583,4,1
176578,176579,176583,4,1
176578,176579,176583,4,1
176578,176579,176583,4,1
176578,176579,176583,4,1
176578,176579,176583,4,1
176578,176579,176583,4,1
176578,176579,176583,4,1
176578,176579,176583,4,1
176578,176579,176583,4,1
176578,176579,176583,4,1
176578,176583,176584,1,5
176578,176579,176583,4,1
176578,176579,176583,4,1
176578,176579,176583,4,1
176578,176579,176583,4,1
176578,176579,176583,4,1
176578,176579,176583,4,1
176578,176579,176583,4,1
176578,176579,176583,4,1
176578,176579,176583,4,1
176578,176579,176583,4,1
176578,176579,176583,4,1
176578,176579,176583,4,1
176578,176579,176583,4,1
176578,176579,176583,4,1
176578,176579,176583,4,1
176578,176579,176583,4,1
176578,176579,176583,4,1
176578,176579,176584,5,1
176578,176579,176583,4,1
176578,176579,176583,4,1
176578,176579,176583,4,1
176578,176579,176583,4,1
176578,176579,176583,4,1
176578,176579,176584,5,1
176578,176579,176583,4,1
176578,176583,176584,1,5
176578,176583,176584,1,5
176578,176583,176584,1,5
176578,176583,176584,1,5
176578,176583,176584,1,5
176578,176583,176584,1,5
175706,175714,176585,871,8
176578,176579,176584,5,1
176578,176582,176584,2,4
176578,176583,176586,3,5
176578,176584,176586,2,6
176578,176583,176586,3,5
176578,176583,176586,3,5
176578,176583,176586,3,5
176578,176583,176586,3,5
176578,176583,176586,3,5
176578,176583,176586,3,5
176578,176583,176586,3,5
176578,176583,176586,3,5
176578,176583,176586,3,5
176578,176582,176585,3,4
176578,176583,176586,3,5
176578,176583,176586,3,5
176578,176584,176587,3,6
176578,176584,176586,2,6
176578,176584,176586,2,6
176578,176584,176586,2,6
176578,176584,176587,3,6
176578,176584,176586,2,6
176578,176584,176587,3,6
176578,176584,176586,2,6
176578,176584,176587,3,6
176578,176584,176587,3,6
176578,176584,176587,3,6
176578,176583,176586,3,5
176578,176584,176587,3,6
176578,176583,176586,3,5
176578,176583,176586,3,5
176578,176584,176587,3,6
176578,176583,176587,4,5
176578,176583,176587,4,5
176578,176584,176587,3,6
176578,176583,176586,3,5
176578,176583,176587,4,5
176578,176584,176587,3,6
176578,176584,176587,3,6
176578,176585,176588,3,7
176578,176584,176587,3,6
176578,176584,176587,3,6
176578,176584,176587,3,6
176578,176584,176587,3,6
176578,176584,176587,3,6
176578,176584,176588,4,6
176578,176584,176587,3,6
176578,176584,176587,3,6
176578,176584,176587,3,6
176578,176584,176587,3,6
176578,176584,176587,3,6
176578,176584,176588,4,6
176578,176584,176587,3,6
176578,176585,176588,3,7
176578,176584,176587,3,6
176578,176585,176587,2,7
176578,176584,176587,3,6
176578,176584,176587,3,6
176578,176584,176587,3,6
176578,176585,176588,3,7
176578,176586,176588,2,8
176578,176585,176588,3,7
176578,176586,176588,2,8
176578,176586,176589,3,8
176578,176585,176588,3,7
176578,176587,176588,1,9
176578,176587,176588,1,9
176578,176587,176588,1,9
176578,176587,176589,2,9
176578,176584,176588,4,6
176578,176585,176589,4,7
176578,176585,176588,3,7
176578,176587,176589,2,9
176578,176587,176589,2,9
176578,176585,176589,4,7
176578,176586,176588,2,8
176578,176587,176589,2,9
176578,176586,176589,3,8
176578,176586,176589,3,8
176578,176587,176589,2,9
176578,176584,176589,5,6
176578,176587,176589,2,9
176578,176587,176589,2,9
176578,176586,176590,4,8
176578,176586,176589,3,8
176578,176587,176590,3,9
176578,176587,176590,3,9
176578,176586,176590,4,8
176578,176586,176589,3,8
176578,176587,176589,2,9
176578,176587,176590,3,9
176578,176587,176590,3,9
176578,176586,176590,4,8
176578,176587,176590,3,9
176578,176587,176590,3,9
176578,176587,176590,3,9
176578,176587,176590,3,9
176578,176587,176591,4,9
176578,176588,176591,3,10
176578,176588,176591,3,10
176578,176586,176590,4,8
176578,176588,176591,3,10
176578,176588,176591,3,10
176578,176588,176591,3,10
176578,176588,176591,3,10
176578,176588,176591,3,10
176578,176586,176591,5,8
176578,176586,176590,4,8
176578,176588,176592,4,10
176578,176588,176591,3,10
176578,176588,176592,4,10
176578,176588,176592,4,10
176578,176589,176592,3,11
176578,176588,176592,4,10
176578,176588,176592,4,10
176578,176590,176592,2,12
176578,176588,176592,4,10
176578,176589,176592,3,11
176578,176589,176592,3,11
176578,176588,176592,4,10
176578,176588,176591,3,10
176578,176588,176592,4,10
176578,176588,176592,4,10
176578,176589,176592,3,11
176578,176589,176592,3,11
176578,176588,176592,4,10
176578,176588,176592,4,10
176578,176588,176593,5,10
176578,176589,176592,3,11
176578,176588,176592,4,10
176578,176588,176592,4,10
176578,176589,176592,3,11
176578,176589,176592,3,11
176578,176589,176593,4,11
176578,176589,176592,3,11
176578,176590,176592,2,12
176578,176588,176592,4,10
176578,176589,176593,4,11
176578,176589,176592,3,11
176578,176589,176592,3,11
176578,176589,176592,3,11
176578,176589,176593,4,11
176578,176590,176592,2,12
176578,176590,176593,3,12
176578,176589,176593,4,11
176578,176589,176593,4,11
176578,176589,176592,3,11
176578,176589,176593,4,11
176578,176590,176593,3,12
176578,176589,176593,4,11
176578,176588,176593,5,10
176578,176590,176593,3,12
176578,176589,176593,4,11
176578,176590,176593,3,12
176578,176590,176593,3,12
176578,176590,176593,3,12
176578,176591,176593,2,13
176578,176591,176594,3,13
176578,176591,176594,3,13
176578,176591,176594,3,13
176578,176591,176594,3,13
176578,176591,176594,3,13
176578,176590,176594,4,12
176578,176590,176594,4,12
176578,176591,176594,3,13
176578,176590,176594,4,12
176578,176592,176594,2,14
176578,176590,176594,4,12
176588,176592,176594,2,4
176588,176592,176595,3,4
176578,176591,176594,3,13
176588,176592,176595,3,4
176578,176591,176595,4,13
176588,176592,176595,3,4
176588,176593,176595,2,5
176588,176593,176595,2,5
176588,176593,176595,2,5
176588,176592,176595,3,4
176588,176592,176595,3,4
176588,176592,176595,3,4
176588,176592,176596,4,4
176588,176593,176596,3,5
176588,176593,176596,3,5
176588,176593,176596,3,5
176588,176592,176596,4,4
176588,176593,176596,3,5
176588,176593,176596,3,5
176588,176592,176596,4,4
176588,176592,176596,4,4
176588,176592,176596,4,4
176588,176594,176596,2,6
176588,176594,176596,2,6
176588,176593,176596,3,5
176588,176593,176596,3,5
176588,176593,176597,4,5
176588,176594,176597,3,6
176588,176593,176596,3,5
176588,176593,176597,4,5
176588,176593,176596,3,5
176588,176593,176597,4,5
176588,176596,176597,1,8
176588,176596,176597,1,8
176588,176592,176597,5,4
176588,176593,176597,4,5
175755,175764,176598,834,9
176588,176593,176597,4,5
176588,176595,176597,2,7
176588,176595,176597,2,7
176588,176593,176597,4,5
176588,176594,176597,3,6
176588,176592,176597,5,4
176588,176593,176597,4,5
176588,176594,176597,3,6
176588,176595,176597,2,7
176588,176592,176597,5,4
176588,176594,176598,4,6
176588,176594,176597,3,6
176588,176595,176598,3,7
176588,176595,176597,2,7
176588,176596,176597,1,8
176588,176593,176597,4,5
176588,176594,176597,3,6
176588,176594,176598,4,6
176588,176595,176597,2,7
176588,176595,176598,3,7
176588,176596,176597,1,8
176588,176593,176597,4,5
176588,176594,176597,3,6
176588,176595,176597,2,7
176588,176594,176598,4,6
176588,176594,176597,3,6
176588,176596,176597,1,8
176588,176596,176598,2,8
176588,176593,176598,5,5
176588,176593,176597,4,5
176588,176593,176597,4,5
176588,176593,176598,5,5
176588,176594,176598,4,6
176588,176596,176598,2,8
176588,176595,176598,3,7
176588,176594,176598,4,6
176588,176596,176598,2,8
176588,176594,176598,4,6
176588,176595,176599,4,7
176588,176597,176599,2,9
176588,176597,176599,2,9
176588,176598,176600,2,10
176588,176597,176599,2,9
176588,176597,176600,3,9
176588,176596,176600,4,8
176588,176597,176600,3,9
176588,176597,176599,2,9
176588,176597,176599,2,9
176588,176597,176600,3,9
176588,176597,176600,3,9
176588,176597,176600,3,9
176588,176597,176600,3,9
176588,176597,176600,3,9
176588,176597,176600,3,9
176588,176597,176600,3,9
176588,176597,176600,3,9
176588,176597,176600,3,9
176588,176597,176600,3,9
176588,176598,176600,2,10
176588,176596,176600,4,8
176588,176597,176601,4,9
176588,176598,176600,2,10
176588,176598,176600,2,10
176588,176598,176601,3,10
176588,176598,176601,3,10
176588,176598,176600,2,10
176588,176598,176600,2,10
176588,176598,176601,3,10
176588,176598,176601,3,10
176588,176598,176601,3,10
176588,176598,176601,3,10
176588,176597,176600,3,9
176588,176597,176600,3,9
176588,176598,176601,3,10
176588,176598,176600,2,10
176588,176598,176601,3,10
176589,176598,176601,3,9
176588,176597,176601,4,9
176588,176598,176601,3,10
176588,176598,176601,3,10
176589,176600,176601,1,11
176588,176597,176601,4,9
176588,176598,176601,3,10
176589,176600,176601,1,11
176589,176600,176601,1,11
176588,176598,176601,3,10
176588,176598,176601,3,10
176588,176598,176601,3,10
176589,176600,176602,2,11
176589,176598,176601,3,9
176589,176598,176602,4,9
176589,176598,176602,4,9
176589,176598,176602,4,9
176588,176598,176601,3,10
176589,176599,176602,3,10
176589,176599,176602,3,10
176589,176598,176602,4,9
176588,176598,176601,3,10
176589,176598,176601,3,9
176589,176598,176601,3,9
176589,176598,176601,3,9
176589,176600,176602,2,11
176589,176598,176602,4,9
176589,176600,176602,2,11
176589,176601,176602,1,12
176589,176601,176602,1,12
176589,176600,176603,3,11
176589,176600,176603,3,11
176589,176601,176603,2,12
176589,176599,176602,3,10
176589,176599,176602,3,10
176589,176601,176603,2,12
176589,176601,176602,1,12
176589,176601,176602,1,12
176589,176601,176602,1,12
176589,176599,176602,3,10
176589,176600,176603,3,11
176589,176598,176603,5,9
176589,176598,176602,4,9
176589,176599,176602,3,10
176589,176600,176603,3,11
176589,176600,176603,3,11
176589,176600,176603,3,11
176589,176601,176603,2,12
176589,176601,176603,2,12
176589,176601,176603,2,12
176589,176601,176604,3,12
176589,176601,176603,2,12
176589,176600,176604,4,11
176589,176600,176604,4,11
176589,176600,176604,4,11
176589,176601,176604,3,12
176589,176600,176604,4,11
176589,176600,176604,4,11
176589,176600,176604,4,11
176589,176602,176604,2,13
176589,176602,176604,2,13
176589,176602,176605,3,13
176589,176602,176605,3,13
176589,176602,176604,2,13
176589,176602,176604,2,13
176589,176602,176605,3,13
176589,176602,176605,3,13
176589,176602,176605,3,13
176589,176600,176605,5,11
176589,176601,176605,4,12
176589,176602,176605,3,13
176589,176602,176604,2,13
176589,176603,176605,2,14
176589,176603,176605,2,14
176589,176601,176605,4,12
176589,176601,176605,4,12
176589,176602,176605,3,13
176589,176601,176605,4,12
176589,176601,176605,4,12
176589,176601,176605,4,12
176589,176601,176604,3,12
176589,176602,176605,3,13
176589,176603,176605,2,14
176589,176603,176606,3,14
176589,176603,176606,3,14
176589,176603,176606,3,14
176589,176603,176606,3,14
176589,176603,176605,2,14
176589,176602,176605,3,13
176589,176602,176606,4,13
176589,176602,176606,4,13
176589,176602,176606,4,13
176589,176602,176606,4,13
176589,176602,176605,3,13
176589,176602,176606,4,13
176589,176602,176606,4,13
176589,176602,176606,4,13
176589,176602,176606,4,13
176589,176602,176606,4,13
176589,176603,176606,3,14
176589,176602,176606,4,13
176589,176603,176606,3,14
175702,175714,176606,892,12
176589,176603,176606,3,14
176589,176603,176606,3,14
176589,176604,176607,3,15
176589,176603,176607,4,14
176589,176604,176607,3,15
176589,176605,176607,2,16
176589,176603,176606,3,14
176589,176603,176607,4,14
176589,176602,176606,4,13
176589,176602,176606,4,13
176589,176604,176607,3,15
176589,176604,176607,3,15
176589,176604,176607,3,15
176589,176604,176607,3,15
176589,176604,176607,3,15
176589,176604,176607,3,15
176589,176603,176607,4,14
176589,176604,176607,3,15
176589,176604,176607,3,15
176589,176605,176608,3,16
176589,176605,176608,3,16
175699,175714,176608,894,15
176589,176604,176607,3,15
176589,176605,176607,2,16
176589,176603,176607,4,14
176589,176605,176607,2,16
176589,176604,176607,3,15
176589,176605,176608,3,16
176589,176605,176608,3,16
175766,175767,176635,868,1
175770,175770,176641,871,0
176639,176640,176643,3,1
176639,176640,176642,2,1
176639,176640,176643,3,1
176639,176640,176643,3,1
176639,176640,176643,3,1
176639,176640,176643,3,1
176639,176640,176643,3,1
176639,176640,176643,3,1
176639,176640,176642,2,1
176639,176640,176643,3,1
176639,176640,176643,3,1
176639,176640,176643,3,1
176639,176640,176644,4,1
176639,176640,176644,4,1
176639,176640,176643,3,1
176639,176640,176644,4,1
176639,176640,176644,4,1
176639,176640,176644,4,1
176639,176640,176644,4,1
176639,176640,176643,3,1
176639,176640,176643,3,1
176639,176640,176643,3,1
176639,176643,176644,1,4
176639,176640,176643,3,1
176639,176640,176643,3,1
176639,176640,176644,4,1
176639,176640,176643,3,1
176639,176640,176644,4,1
176639,176640,176643,3,1
176639,176640,176643,3,1
176639,176640,176643,3,1
176639,176640,176644,4,1
176639,176640,176643,3,1
176639,176640,176643,3,1
176639,176640,176643,3,1
176639,176640,176643,3,1
176639,176640,176643,3,1
176639,176640,176644,4,1
176639,176640,176644,4,1
176639,176640,176644,4,1
176639,176640,176643,3,1
176639,176640,176644,4,1
176639,176640,176643,3,1
176639,176640,176644,4,1
176639,176640,176645,5,1
176639,176643,176644,1,4
176639,176643,176644,1,4
176639,176640,176644,4,1
176639,176640,176644,4,1
176639,176640,176644,4,1
176639,176640,176645,5,1
176639,176640,176644,4,1
176639,176640,176644,4,1
176639,176640,176645,5,1
176639,176640,176645,5,1
176639,176643,176645,2,4
176639,176640,176645,5,1
176639,176640,176644,4,1
176639,176640,176644,4,1
176639,176640,176645,5,1
176639,176640,176644,4,1
176639,176640,176645,5,1
176639,176640,176645,5,1
176639,176640,176644,4,1
176639,176640,176644,4,1
176639,176640,176644,4,1
176639,176643,176644,1,4
176639,176640,176644,4,1
176639,176641,176644,3,2
176639,176640,176644,4,1
176639,176640,176644,4,1
176639,176640,176644,4,1
176639,176640,176644,4,1
176639,176640,176645,5,1
176639,176640,176645,5,1
176639,176643,176646,3,4
176639,176643,176646,3,4
176639,176643,176646,3,4
176639,176643,176646,3,4
176639,176644,176646,2,5
176639,176644,176647,3,5
176639,176645,176647,2,6
176639,176644,176647,3,5
176639,176644,176647,3,5
176639,176644,176647,3,5
176639,176644,176647,3,5
176639,176644,176647,3,5
176639,176644,176646,2,5
176639,176643,176647,4,4
176639,176644,176647,3,5
176639,176644,176647,3,5
176639,176643,176646,3,4
176639,176644,176646,2,5
176639,176644,176646,2,5
176639,176644,176647,3,5
176639,176643,176647,4,4
176639,176644,176647,3,5
176639,176644,176647,3,5
176639,176644,176647,3,5
176639,176644,176647,3,5
176639,176644,176647,3,5
176639,176644,176647,3,5
176639,176645,176648,3,6
176639,176645,176648,3,6
176639,176644,176648,4,5
176639,176645,176648,3,6
176639,176645,176647,2,6
176639,176645,176648,3,6
176639,176644,176648,4,5
176639,176644,176647,3,5
176639,176644,176648,4,5
176639,176644,176648,4,5
176639,176645,176648,3,6
176639,176644,176647,3,5
176639,176645,176648,3,6
176639,176645,176648,3,6
176639,176645,176648,3,6
176639,176645,176648,3,6
176639,176644,176648,4,5
176639,176644,176647,3,5
176639,176644,176648,4,5
176639,176644,176648,4,5
176639,176644,176648,4,5
176639,176645,176648,3,6
176639,176645,176648,3,6
176639,176645,176648,3,6
176639,176645,176648,3,6
176639,176645,176649,4,6
176639,176645,176648,3,6
176639,176647,176649,2,8
176639,176645,176649,4,6
176639,176645,176649,4,6
176639,176645,176649,4,6
176639,176645,176648,3,6
176639,176644,176648,4,5
176639,176644,176648,4,5
176639,176645,176649,4,6
176639,176645,176649,4,6
176639,176645,176649,4,6
176639,176647,176649,2,8
176639,176647,176649,2,8
176639,176647,176649,2,8
176639,176645,176648,3,6
176639,176645,176649,4,6
176639,176647,176649,2,8
176639,176647,176649,2,8
176639,176645,176649,4,6
176639,176647,176649,2,8
176639,176647,176649,2,8
176639,176646,176650,4,7
176639,176647,176650,3,8
176639,176645,176650,5,6
176639,176645,176650,5,6
176639,176646,176650,4,7
176639,176645,176650,5,6
176639,176646,176650,4,7
176639,176646,176650,4,7
176639,176647,176650,3,8
176639,176647,176650,3,8
176639,176647,176649,2,8
176639,176647,176650,3,8
176639,176647,176651,4,8
176639,176647,176651,4,8
176639,176648,176651,3,9
176639,176648,176651,3,9
176639,176647,176651,4,8
176639,176647,176651,4,8
176639,176647,176651,4,8
176639,176647,176651,4,8
176639,176648,176651,3,9
176639,176647,176651,4,8
176639,176646,176651,5,7
176639,176647,176651,4,8
176639,176649,176651,2,10
176639,176648,176651,3,9
176639,176647,176652,5,8
176639,176648,176651,3,9
176639,176648,176652,4,9
176639,176647,176652,5,8
176639,176648,176651,3,9
176639,176648,176652,4,9
176639,176648,176652,4,9
176639,176648,176651,3,9
176639,176648,176652,4,9
176639,176648,176652,4,9
176639,176649,176652,3,10
176639,176648,176652,4,9
176639,176649,176652,3,10
176639,176649,176652,3,10
176639,176648,176652,4,9
176639,176648,176652,4,9
176639,176648,176652,4,9
176639,176650,176652,2,11
176639,176650,176652,2,11
176639,176648,176652,4,9
176639,176650,176652,2,11
176639,176650,176652,2,11
176639,176648,176652,4,9
176639,176649,176652,3,10
176639,176649,176653,4,10
176639,176649,176653,4,10
176639,176649,176653,4,10
176639,176649,176653,4,10
176639,176649,176653,4,10
176639,176650,176653,3,11
176639,176649,176652,3,10
176639,176649,176653,4,10
176639,176649,176652,3,10
176639,176649,176652,3,10
176639,176648,176653,5,9
176639,176649,176652,3,10
176639,176649,176653,4,10
176639,176649,176653,4,10
176639,176648,176653,5,9
176639,176648,176653,5,9
176639,176649,176653,4,10
176639,176649,176653,4,10
176639,176650,176653,3,11
176639,176650,176653,3,11
176639,176650,176653,3,11
176639,176651,176653,2,12
176639,176651,176654,3,12
176639,176651,176653,2,12
176639,176650,176653,3,11
176639,176651,176653,2,12
176639,176651,176653,2,12
176639,176651,176653,2,12
176639,176651,176654,3,12
176639,176651,176653,2,12
176639,176651,176653,2,12
176639,176651,176654,3,12
176639,176651,176654,3,12
176639,176649,176653,4,10
176639,176650,176654,4,11
176639,176651,176654,3,12
176639,176651,176654,3,12
176639,176650,176654,4,11
176639,176652,176654,2,13
176639,176652,176654,2,13
176639,176652,176655,3,13
175805,175813,176663,850,8
175780,175788,176663,875,8
176678,176679,176681,2,1
176678,176679,176682,3,1
176678,176679,176682,3,1
176678,176679,176681,2,1
176678,176679,176682,3,1
176678,176679,176682,3,1
176678,176679,176682,3,1
176678,176679,176682,3,1
176678,176679,176682,3,1
176678,176679,176681,2,1
176678,176679,176682,3,1
176678,176679,176682,3,1
176678,176679,176682,3,1
176678,176679,176681,2,1
176678,176679,176682,3,1
176678,176679,176682,3,1
176678,176679,176682,3,1
176678,176679,176682,3,1
176678,176679,176682,3,1
176678,176679,176682,3,1
176678,176679,176681,2,1
176678,176679,176682,3,1
176678,176681,176682,1,3
176678,176679,176682,3,1
176678,176679,176683,4,1
176678,176679,176683,4,1
176678,176679,176683,4,1
176678,176679,176683,4,1
176678,176679,176683,4,1
176678,176679,176682,3,1
176678,176679,176683,4,1
176678,176679,176683,4,1
176678,176679,176683,4,1
176678,176679,176682,3,1
176678,176679,176683,4,1
176678,176679,176682,3,1
176678,176679,176683,4,1
176678,176679,176683,4,1
176678,176679,176683,4,1
176678,176679,176683,4,1
176678,176679,176683,4,1
176678,176679,176682,3,1
176678,176679,176683,4,1
176678,176679,176682,3,1
176678,176679,176683,4,1
176678,176679,176683,4,1
176678,176679,176683,4,1
176678,176679,176683,4,1
176678,176679,176683,4,1
176678,176679,176683,4,1
176678,176679,176683,4,1
176678,176679,176683,4,1
176678,176679,176683,4,1
176678,176679,176683,4,1
176678,176679,176683,4,1
176678,176679,176684,5,1
176678,176679,176683,4,1
176678,176679,176683,4,1
176678,176679,176683,4,1
176678,176679,176684,5,1
176678,176679,176684,5,1
176678,176679,176684,5,1
176678,176679,176684,5,1
176678,176679,176684,5,1
176678,176679,176683,4,1
176678,176679,176684,5,1
176678,176679,176684,5,1
176678,176679,176684,5,1
176678,176679,176684,5,1
176678,176679,176684,5,1
176678,176679,176684,5,1
176678,176679,176684,5,1
176678,176682,176685,3,4
176678,176682,176685,3,4
176678,176682,176685,3,4
176678,176682,176684,2,4
176678,176683,176685,2,5
176678,176683,176685,2,5
176678,176683,176685,2,5
176678,176679,176684,5,1
176678,176682,176685,3,4
176678,176682,176685,3,4
176678,176682,176685,3,4
176678,176682,176685,3,4
176678,176682,176685,3,4
176678,176682,176685,3,4
176678,176682,176685,3,4
176678,176682,176685,3,4
176678,176683,176685,2,5
176678,176683,176686,3,5
176678,176683,176685,2,5
176678,176682,176686,4,4
176678,176682,176686,4,4
176678,176682,176685,3,4
176678,176683,176686,3,5
176678,176682,176686,4,4
176678,176682,176686,4,4
176678,176683,176686,3,5
176678,176683,176686,3,5
176678,176683,176686,3,5
176678,176683,176686,3,5
176678,176682,176686,4,4
176678,176683,176686,3,5
176678,176682,176686,4,4
176678,176682,176686,4,4
176678,176683,176686,3,5
176678,176683,176686,3,5
176678,176683,176686,3,5
176678,176683,176686,3,5
176678,176683,176687,4,5
176679,176684,176687,3,5
176678,176683,176686,3,5
176678,176683,176687,4,5
176678,176683,176687,4,5
176678,176683,176687,4,5
176678,176683,176687,4,5
176679,176684,176687,3,5
176679,176684,176687,3,5
176679,176686,176688,2,7
176678,176683,176687,4,5
176678,176683,176687,4,5
176678,176683,176687,4,5
176679,176684,176688,4,5
176679,176684,176687,3,5
176678,176683,176687,4,5
176679,176684,176687,3,5
176679,176684,176687,3,5
176679,176686,176687,1,7
176678,176683,176687,4,5
176679,176684,176687,3,5
176679,176684,176687,3,5
176679,176686,176687,1,7
176679,176686,176688,2,7
176679,176684,176688,4,5
176679,176686,176688,2,7
176679,176684,176688,4,5
176679,176684,176688,4,5
176679,176684,176688,4,5
176679,176684,176688,4,5
176679,176684,176688,4,5
176679,176684,176688,4,5
176679,176684,176688,4,5
176679,176684,176688,4,5
176679,176684,176688,4,5
176679,176684,176688,4,5
176679,176685,176688,3,6
176679,176687,176688,1,8
176679,176687,176689,2,8
176679,176684,176688,4,5
176679,176686,176689,3,7
176679,176686,176688,2,7
176679,176684,176689,5,5
176679,176685,176689,4,6
176679,176685,176689,4,6
176679,176685,176689,4,6
176679,176685,176689,4,6
176679,176686,176690,4,7
176679,176686,176689,3,7
176679,176684,176689,5,5
176679,176685,176689,4,6
176679,176685,176690,5,6
176679,176687,176689,2,8
176679,176687,176690,3,8
176679,176687,176689,2,8
176679,176684,176689,5,5
176679,176686,176689,3,7
176679,176687,176690,3,8
176679,176685,176690,5,6
176679,176686,176690,4,7
176679,176686,176691,5,7
176679,176685,176690,5,6
176679,176689,176691,2,10
176679,176686,176690,4,7
176679,176688,176691,3,9
176679,176687,176690,3,8
176679,176687,176690,3,8
176679,176688,176691,3,9
176679,176687,176691,4,8
176679,176688,176691,3,9
176679,176687,176690,3,8
176679,176687,176690,3,8
176679,176688,176691,3,9
176679,176686,176691,5,7
176679,176689,176692,3,10
176679,176689,176691,2,10
176679,176689,176691,2,10
176679,176690,176692,2,11
176679,176689,176691,2,10
176679,176688,176692,4,9
176679,176689,176692,3,10
176679,176690,176692,2,11
176679,176688,176692,4,9
176679,176688,176692,4,9
176679,176688,176691,3,9
176679,176687,176691,4,8
176679,176687,176691,4,8
176679,176688,176692,4,9
176679,176688,176691,3,9
176679,176688,176691,3,9
176679,176688,176692,4,9
176679,176688,176692,4,9
176679,176688,176691,3,9
176679,176689,176691,2,10
176679,176688,176691,3,9
176679,176687,176692,5,8
176679,176688,176691,3,9
176679,176688,176692,4,9
176679,176688,176691,3,9
176679,176689,176691,2,10
176679,176687,176692,5,8
176679,176688,176692,4,9
176679,176688,176692,4,9
176679,176688,176692,4,9
176679,176688,176692,4,9
176679,176690,176692,2,11
176679,176690,176692,2,11
176679,176687,176692,5,8
176679,176689,176692,3,10
176679,176689,176692,3,10
176679,176690,176692,2,11
176679,176690,176692,2,11
176679,176690,176692,2,11
176679,176690,176692,2,11
176679,176690,176692,2,11
176679,176688,176692,4,9
176679,176688,176692,4,9
176679,176689,176692,3,10
176679,176689,176692,3,10
176679,176689,176693,4,10
176679,176690,176692,2,11
176679,176690,176693,3,11
176679,176690,176693,3,11
176679,176690,176693,3,11
176679,176690,176693,3,11
176679,176688,176693,5,9
176679,176689,176693,4,10
176679,176688,176693,5,9
176679,176691,176693,2,12
176679,176688,176693,5,9
176679,176691,176694,3,12
176679,176690,176693,3,11
176679,176691,176694,3,12
176679,176691,176695,4,12
176679,176692,176695,3,13
176679,176691,176694,3,12
176679,176691,176694,3,12
176679,176692,176694,2,13
176679,176692,176694,2,13
176679,176691,176695,4,12
176679,176692,176695,3,13
176679,176691,176694,3,12
176679,176691,176694,3,12
176679,176691,176695,4,12
176679,176691,176695,4,12
176679,176691,176695,4,12
176679,176691,176695,4,12
176679,176691,176695,4,12
176679,176692,176695,3,13
176679,176692,176695,3,13
176679,176692,176694,2,13
176679,176691,176694,3,12
176679,176692,176695,3,13
176679,176693,176695,2,14
176679,176693,176696,3,14
176679,176692,176695,3,13
176679,176693,176695,2,14
176679,176693,176695,2,14
176679,176692,176695,3,13
176679,176693,176696,3,14
176679,176693,176696,3,14
176679,176693,176696,3,14
176679,176692,176696,4,13
176679,176692,176696,4,13
176679,176692,176695,3,13
176679,176692,176695,3,13
176679,176692,176696,4,13
176679,176693,176696,3,14
176679,176693,176696,3,14
176679,176693,176696,3,14
176679,176693,176695,2,14
176679,176693,176696,3,14
176679,176692,176696,4,13
176679,176692,176695,3,13
176679,176693,176696,3,14
176679,176692,176696,4,13
176679,176692,176696,4,13
176679,176694,176696,2,15
176679,176693,176696,3,14
176679,176693,176696,3,14
176679,176694,176696,2,15
176679,176694,176696,2,15
176679,176692,176696,4,13
176679,176692,176696,4,13
176679,176693,176696,3,14
176679,176693,176697,4,14
176679,176693,176697,4,14
176679,176693,176696,3,14
176679,176692,176696,4,13
176679,176692,176696,4,13
176679,176692,176697,5,13
176679,176693,176697,4,14
176679,176693,176697,4,14
176679,176694,176697,3,15
176679,176692,176697,5,13
176679,176692,176697,5,13
176679,176692,176696,4,13
176679,176692,176697,5,13
176679,176693,176696,3,14
176679,176695,176697,2,16
176679,176692,176696,4,13
176679,176695,176697,2,16
176679,176693,176697,4,14
176679,176696,176698,2,17
176679,176696,176698,2,17
176679,176696,176698,2,17
176679,176695,176697,2,16
176679,176696,176698,2,17
176679,176695,176698,3,16
176679,176695,176698,3,16
176679,176695,176697,2,16
176679,176695,176698,3,16
176679,176694,176698,4,15
176679,176695,176698,3,16
176679,176696,176698,2,17
176679,176694,176698,4,15
176679,176696,176698,2,17
176679,176693,176698,5,14
176679,176695,176698,3,16
176679,176695,176698,3,16
176679,176695,176698,3,16
176679,176695,176698,3,16
176679,176695,176698,3,16
176679,176695,176699,4,16
176679,176695,176698,3,16
176679,176696,176698,2,17
176679,176695,176699,4,16
176679,176695,176699,4,16
176679,176696,176699,3,17
176679,176695,176698,3,16
176679,176695,176699,4,16
176679,176696,176699,3,17
176679,176696,176698,2,17
176679,176696,176698,2,17
176679,176696,176699,3,17
176679,176696,176699,3,17
176679,176696,176699,3,17
176679,176695,176699,4,16
176679,176696,176699,3,17
176679,176696,176699,3,17
176679,176697,176700,3,18
176679,176697,176699,2,18
176679,176697,176699,2,18
176679,176697,176699,2,18
176679,176696,176699,3,17
176679,176696,176700,4,17
176679,176696,176699,3,17
176679,176696,176700,4,17
176679,176696,176700,4,17
176679,176696,176700,4,17
176679,176696,176700,4,17
175854,175862,176701,839,8
176736,176737,176739,2,1
176736,176737,176739,2,1
176736,176737,176739,2,1
176736,176737,176739,2,1
176736,176737,176739,2,1
176736,176737,176739,2,1
176736,176737,176739,2,1
176736,176737,176739,2,1
176736,176737,176739,2,1
176736,176737,176739,2,1
176736,176737,176739,2,1
176736,176737,176739,2,1
176736,176737,176741,4,1
176736,176737,176740,3,1
176736,176737,176741,4,1
176736,176737,176740,3,1
176736,176737,176740,3,1
176736,176737,176741,4,1
176736,176737,176740,3,1
176736,176737,176740,3,1
176736,176737,176740,3,1
176736,176737,176740,3,1
176736,176737,176740,3,1
176736,176737,176740,3,1
176736,176737,176741,4,1
176736,176737,176740,3,1
176736,176737,176740,3,1
176736,176737,176740,3,1
176736,176737,176740,3,1
176736,176737,176740,3,1
176736,176737,176740,3,1
176736,176737,176741,4,1
176736,176737,176740,3,1
176736,176737,176740,3,1
176736,176737,176741,4,1
176736,176737,176740,3,1
176736,176737,176740,3,1
176736,176737,176740,3,1
176736,176737,176741,4,1
176736,176737,176741,4,1
176736,176737,176741,4,1
176736,176737,176741,4,1
176736,176737,176741,4,1
176736,176737,176742,5,1
176736,176737,176741,4,1
176736,176737,176741,4,1
176736,176737,176741,4,1
176736,176737,176741,4,1
176736,176737,176742,5,1
176736,176737,176741,4,1
176736,176737,176741,4,1
176736,176737,176741,4,1
176736,176737,176741,4,1
176736,176737,176741,4,1
176736,176737,176741,4,1
176736,176737,176741,4,1
176736,176737,176742,5,1
176736,176737,176741,4,1
176736,176737,176741,4,1
176736,176737,176741,4,1
176736,176737,176741,4,1
176736,176737,176741,4,1
176736,176737,176741,4,1
176736,176737,176741,4,1
176736,176737,176742,5,1
176736,176737,176741,4,1
176736,176737,176741,4,1
176736,176737,176741,4,1
176736,176740,176743,3,4
176736,176737,176742,5,1
176736,176737,176742,5,1
176736,176740,176743,3,4
176736,176737,176742,5,1
176736,176737,176742,5,1
176736,176737,176742,5,1
176736,176740,176742,2,4
176736,176741,176744,3,5
176736,176741,176744,3,5
176736,176740,176743,3,4
176736,176741,176743,2,5
176736,176741,176744,3,5
176736,176741,176744,3,5
176736,176740,176743,3,4
176736,176741,176744,3,5
176736,176740,176743,3,4
176736,176741,176744,3,5
176736,176741,176744,3,5
176736,176740,176743,3,4
176736,176740,176743,3,4
176736,176740,176744,4,4
176736,176741,176744,3,5
176736,176740,176744,4,4
176736,176741,176744,3,5
176736,176741,176743,2,5
176736,176741,176744,3,5
176736,176742,176744,2,6
176736,176742,176744,2,6
176736,176741,176744,3,5
176736,176741,176744,3,5
176736,176742,176744,2,6
176736,176742,176744,2,6
176736,176740,176744,4,4
176736,176742,176745,3,6
176736,176742,176745,3,6
176736,176741,176744,3,5
176736,176741,176745,4,5
176736,176742,176745,3,6
176736,176740,176744,4,4
176736,176741,176745,4,5
176736,176741,176744,3,5
176736,176741,176744,3,5
176736,176741,176745,4,5
176736,176741,176744,3,5
176736,176741,176744,3,5
176736,176741,176745,4,5
176736,176741,176744,3,5
176736,176741,176744,3,5
176736,176741,176744,3,5
176736,176742,176745,3,6
176736,176741,176744,3,5
176736,176743,176746,3,7
176736,176742,176745,3,6
176736,176742,176745,3,6
176736,176742,176745,3,6
176736,176742,176745,3,6
176736,176742,176746,4,6
176736,176742,176746,4,6
176736,176742,176746,4,6
176736,176742,176745,3,6
176736,176742,176745,3,6
176736,176742,176745,3,6
176736,176742,176746,4,6
176736,176742,176745,3,6
176736,176742,176746,4,6
176736,176742,176746,4,6
176736,176742,176746,4,6
176736,176742,176746,4,6
176736,176742,176746,4,6
176736,176742,176746,4,6
176736,176742,176746,4,6
176736,176745,176746,1,9
176736,176745,176747,2,9
176736,176745,176747,2,9
176736,176743,176746,3,7
176736,176743,176747,4,7
176736,176743,176747,4,7
176736,176745,176747,2,9
176736,176742,176746,4,6
176736,176743,176746,3,7
176736,176742,176747,5,6
176736,176743,176747,4,7
176736,176743,176747,4,7
176736,176744,176747,3,8
176736,176744,176748,4,8
176736,176744,176747,3,8
176736,176745,176747,2,9
176736,176744,176748,4,8
176736,176744,176748,4,8
176736,176745,176748,3,9
176736,176745,176748,3,9
176736,176743,176748,5,7
176736,176745,176748,3,9
176736,176745,176748,3,9
176736,176745,176748,3,9
176736,176744,176748,4,8
176736,176744,176748,4,8
176736,176745,176748,3,9
176736,176745,176747,2,9
176736,176745,176748,3,9
176736,176744,176747,3,8
176736,176744,176748,4,8
176736,176745,176748,3,9
176736,176745,176748,3,9
176736,176744,176748,4,8
176736,176744,176747,3,8
176736,176744,176748,4,8
176736,176744,176748,4,8
176736,176744,176748,4,8
176736,176744,176748,4,8
176736,176746,176748,2,10
176736,176744,176748,4,8
176736,176745,176747,2,9
176736,176745,176748,3,9
176736,176745,176749,4,9
176736,176745,176748,3,9
176736,176745,176748,3,9
176736,176745,176748,3,9
176736,176746,176749,3,10
176736,176747,176749,2,11
176736,176744,176748,4,8
176736,176746,176749,3,10
176736,176747,176749,2,11
176736,176747,176749,2,11
176736,176745,176749,4,9
176736,176746,176748,2,10
176736,176747,176749,2,11
176736,176746,176748,2,10
176736,176746,176749,3,10
176736,176746,176749,3,10
176736,176744,176749,5,8
176736,176746,176749,3,10
176736,176745,176749,4,9
176736,176746,176749,3,10
176736,176746,176749,3,10
176736,176746,176749,3,10
176736,176744,176749,5,8
176736,176745,176749,4,9
176736,176746,176749,3,10
176736,176747,176749,2,11
176736,176746,176750,4,10
176736,176748,176750,2,12
176736,176745,176750,5,9
176736,176746,176750,4,10
176736,176748,176750,2,12
176736,176746,176750,4,10
176736,176747,176750,3,11
176736,176746,176750,4,10
176736,176746,176750,4,10
176736,176748,176750,2,12
176736,176746,176750,4,10
176736,176747,176750,3,11
176736,176746,176750,4,10
176736,176746,176750,4,10
176736,176747,176750,3,11
176736,176748,176751,3,12
176736,176748,176751,3,12
176736,176748,176751,3,12
176736,176748,176751,3,12
176736,176748,176751,3,12
176736,176748,176751,3,12
176736,176748,176751,3,12
176736,176748,176751,3,12
176736,176748,176751,3,12
176736,176748,176751,3,12
176736,176747,176751,4,11
176736,176747,176751,4,11
176736,176748,176751,3,12
176736,176748,176751,3,12
176736,176747,176751,4,11
176736,176747,176751,4,11
175912,175927,176753,826,15
175909,175915,176769,854,6
176774,176775,176778,3,1
176774,176775,176778,3,1
176774,176775,176778,3,1
176774,176775,176778,3,1
176774,176775,176778,3,1
176774,176775,176778,3,1
176774,176775,176779,4,1
176774,176775,176778,3,1
176774,176775,176779,4,1
176774,176775,176779,4,1
176774,176775,176779,4,1
176774,176775,176779,4,1
176774,176775,176779,4,1
176774,176775,176779,4,1
176774,176775,176779,4,1
176774,176775,176779,4,1
176774,176775,176779,4,1
176774,176775,176779,4,1
176774,176775,176779,4,1
176774,176775,176779,4,1
176774,176775,176778,3,1
176774,176775,176779,4,1
176774,176775,176779,4,1
176774,176775,176779,4,1
176774,176775,176779,4,1
176774,176775,176779,4,1
176774,176775,176778,3,1
176774,176775,176779,4,1
176774,176775,176779,4,1
176774,176775,176779,4,1
176774,176775,176779,4,1
176774,176775,176778,3,1
176774,176775,176780,5,1
176774,176775,176780,5,1
176774,176775,176780,5,1
176774,176775,176779,4,1
176774,176775,176780,5,1
176774,176775,176780,5,1
176774,176775,176779,4,1
176774,176775,176780,5,1
176774,176775,176780,5,1
176774,176775,176780,5,1
176774,176775,176780,5,1
176774,176775,176780,5,1
176774,176775,176779,4,1
176774,176775,176780,5,1
176774,176775,176780,5,1
176774,176775,176779,4,1
176774,176775,176779,4,1
176774,176775,176779,4,1
176774,176775,176780,5,1
176774,176775,176779,4,1
176774,176775,176780,5,1
176774,176775,176780,5,1
176774,176775,176780,5,1
176774,176775,176780,5,1
176774,176775,176780,5,1
176774,176775,176779,4,1
176774,176775,176779,4,1
176774,176775,176780,5,1
176774,176775,176779,4,1
176774,176775,176779,4,1
176774,176775,176780,5,1
176774,176775,176780,5,1
176774,176775,176781,6,1
176774,176775,176780,5,1
176774,176775,176780,5,1
176774,176775,176780,5,1
176774,176775,176781,6,1
176774,176779,176781,2,5
176774,176775,176780,5,1
176774,176779,176781,2,5
176774,176778,176781,3,4
176774,176779,176781,2,5
176774,176775,176781,6,1
176774,176776,176781,5,2
176774,176779,176781,2,5
176774,176775,176781,6,1
176774,176778,176781,3,4
176774,176775,176781,6,1
176774,176778,176781,3,4
176774,176775,176781,6,1
176774,176778,176781,3,4
176774,176779,176782,3,5
176774,176779,176782,3,5
176774,176779,176782,3,5
176774,176779,176782,3,5
176774,176779,176782,3,5
176774,176778,176782,4,4
176774,176779,176782,3,5
176774,176779,176782,3,5
176774,176778,176782,4,4
176774,176779,176782,3,5
176774,176779,176782,3,5
176774,176779,176782,3,5
176774,176779,176782,3,5
176774,176779,176782,3,5
176774,176780,176783,3,6
176774,176780,176783,3,6
176774,176780,176783,3,6
176774,176780,176783,3,6
176774,176779,176783,4,5
176774,176780,176783,3,6
176774,176780,176783,3,6
176774,176780,176783,3,6
176774,176780,176783,3,6
176774,176780,176783,3,6
176774,176779,176783,4,5
176774,176781,176784,3,7
176774,176779,176783,4,5
176774,176781,176783,2,7
176774,176779,176783,4,5
176774,176779,176783,4,5
176774,176779,176783,4,5
176775,176781,176784,3,6
176774,176779,176783,4,5
176774,176779,176783,4,5
176774,176779,176784,5,5
176774,176780,176783,3,6
176775,176781,176784,3,6
176775,176781,176785,4,6
176775,176781,176784,3,6
176774,176779,176784,5,5
176775,176781,176784,3,6
176775,176781,176785,4,6
176775,176781,176785,4,6
176775,176781,176784,3,6
176775,176782,176784,2,7
176775,176782,176784,2,7
176774,176781,176784,3,7
176775,176781,176785,4,6
176775,176781,176784,3,6
176775,176781,176785,4,6
176775,176781,176784,3,6
176775,176781,176785,4,6
176775,176781,176785,4,6
176775,176782,176784,2,7
176775,176781,176784,3,6
176775,176781,176784,3,6
176775,176782,176785,3,7
176775,176781,176784,3,6
176775,176781,176784,3,6
176775,176782,176785,3,7
176775,176782,176785,3,7
176775,176781,176785,4,6
176775,176781,176785,4,6
176775,176784,176785,1,9
176775,176782,176785,3,7
176775,176782,176785,3,7
176775,176781,176785,4,6
176775,176781,176785,4,6
176775,176782,176785,3,7
176775,176782,176786,4,7
176775,176782,176786,4,7
176775,176782,176785,3,7
176775,176782,176785,3,7
176775,176782,176785,3,7
176775,176781,176785,4,6
176775,176782,176786,4,7
176775,176783,176786,3,8
176775,176783,176786,3,8
176775,176783,176786,3,8
176775,176783,176786,3,8
176775,176784,176787,3,9
176775,176784,176786,2,9
176775,176783,176786,3,8
176775,176784,176786,2,9
176775,176783,176787,4,8
176775,176783,176786,3,8
176775,176783,176787,4,8
176775,176784,176787,3,9
176775,176785,176787,2,10
176775,176783,176786,3,8
176775,176783,176787,4,8
176775,176784,176787,3,9
176775,176783,176786,3,8
176775,176783,176786,3,8
176775,176783,176787,4,8
176775,176784,176787,3,9
176775,176783,176786,3,8
176775,176784,176786,2,9
176775,176783,176786,3,8
176775,176784,176786,2,9
176775,176784,176786,2,9
176775,176785,176786,1,10
176775,176783,176787,4,8
176775,176784,176787,3,9
176775,176782,176787,5,7
176775,176783,176787,4,8
176775,176785,176787,2,10
176775,176785,176787,2,10
176775,176785,176787,2,10
176775,176785,176787,2,10
176775,176785,176788,3,10
176775,176784,176788,4,9
176775,176784,176787,3,9
176775,176784,176787,3,9
176775,176785,176788,3,10
176775,176783,176788,5,8
176775,176786,176788,2,11
176775,176784,176788,4,9
176775,176786,176788,2,11
176775,176787,176789,2,12
176775,176785,176788,3,10
176775,176786,176788,2,11
176775,176785,176788,3,10
176775,176785,176788,3,10
176775,176786,176789,3,11
176775,176786,176789,3,11
176775,176786,176789,3,11
176775,176784,176788,4,9
176775,176785,176789,4,10
176775,176785,176788,3,10
176775,176785,176788,3,10
176775,176785,176788,3,10
176775,176785,176788,3,10
176775,176786,176788,2,11
176775,176785,176788,3,10
176775,176785,176788,3,10
176775,176785,176788,3,10
176775,176785,176789,4,10
176775,176786,176789,3,11
176775,176786,176789,3,11
176775,176786,176788,2,11
176775,176785,176788,3,10
176775,176785,176789,4,10
176775,176786,176788,2,11
176775,176785,176788,3,10
176775,176785,176788,3,10
176775,176784,176789,5,9
176775,176787,176789,2,12
176775,176787,176789,2,12
176775,176786,176789,3,11
176775,176786,176789,3,11
176775,176787,176789,2,12
176775,176787,176789,2,12
176775,176787,176789,2,12
176775,176786,176789,3,11
176775,176786,176789,3,11
176775,176786,176790,4,11
176784,176787,176790,3,3
176784,176787,176790,3,3
176784,176787,176790,3,3
176784,176787,176791,4,3
176784,176787,176791,4,3
176784,176787,176791,4,3
176784,176787,176790,3,3
176784,176787,176791,4,3
176784,176787,176791,4,3
176784,176787,176791,4,3
176784,176789,176791,2,5
176784,176787,176791,4,3
176784,176787,176791,4,3
176784,176787,176791,4,3
176784,176787,176791,4,3
176784,176787,176791,4,3
176784,176787,176791,4,3
176784,176787,176791,4,3
176784,176789,176791,2,5
176784,176789,176791,2,5
176784,176789,176791,2,5
176784,176788,176792,4,4
176784,176789,176791,2,5
176784,176788,176792,4,4
176784,176788,176792,4,4
176784,176788,176791,3,4
176784,176788,176792,4,4
176784,176788,176792,4,4
176784,176788,176791,3,4
176784,176788,176791,3,4
176784,176788,176792,4,4
176784,176789,176792,3,5
176784,176789,176792,3,5
176784,176787,176791,4,3
176784,176788,176791,3,4
176784,176788,176792,4,4
176784,176789,176792,3,5
176784,176789,176792,3,5
176784,176789,176792,3,5
176784,176787,176791,4,3
176784,176788,176792,4,4
176784,176789,176792,3,5
176784,176788,176792,4,4
176784,176787,176791,4,3
176784,176789,176792,3,5
176784,176789,176792,3,5
176784,176790,176792,2,6
176784,176790,176792,2,6
176784,176790,176792,2,6
176784,176789,176792,3,5
176784,176789,176792,3,5
176784,176790,176793,3,6
176784,176790,176792,2,6
176784,176790,176792,2,6
176784,176790,176793,3,6
176784,176790,176793,3,6
176784,176789,176792,3,5
176784,176789,176793,4,5
176784,176789,176793,4,5
176784,176789,176793,4,5
176784,176789,176793,4,5
176784,176789,176793,4,5
176784,176790,176793,3,6
176784,176791,176793,2,7
176784,176788,176793,5,4
176784,176789,176793,4,5
176784,176789,176793,4,5
176784,176788,176792,4,4
176784,176789,176793,4,5
176784,176789,176793,4,5
176784,176791,176793,2,7
176784,176791,176793,2,7
176784,176791,176793,2,7
176784,176789,176793,4,5
176784,176790,176793,3,6
176784,176789,176794,5,5
176784,176789,176794,5,5
176784,176791,176794,3,7
176784,176791,176794,3,7
176784,176791,176794,3,7
176784,176791,176794,3,7
176784,176791,176794,3,7
176784,176791,176794,3,7
176784,176791,176794,3,7
176784,176792,176794,2,8
176784,176789,176794,5,5
176784,176790,176795,5,6
176784,176791,176795,4,7
176784,176791,176795,4,7
176784,176792,176795,3,8
176784,176792,176795,3,8
176784,176792,176795,3,8
176784,176791,176795,4,7
176784,176792,176795,3,8
176784,176792,176794,2,8
176784,176792,176795,3,8
176784,176791,176795,4,7
176784,176791,176795,4,7
176784,176791,176795,4,7
176784,176792,176795,3,8
176784,176792,176795,3,8
176784,176792,176795,3,8
176784,176791,176795,4,7
176784,176791,176795,4,7
176784,176792,176795,3,8
176784,176791,176795,4,7
176784,176792,176795,3,8
176784,176791,176795,4,7
176784,176792,176795,3,8
176784,176792,176795,3,8
176784,176792,176795,3,8
176784,176792,176795,3,8
176784,176792,176795,3,8
176784,176792,176795,3,8
176784,176793,176795,2,9
176784,176792,176795,3,8
176784,176792,176795,3,8
176784,176792,176796,4,8
176784,176792,176796,4,8
176784,176792,176796,4,8
175973,175990,176839,849,17
176840,176841,176843,2,1
176840,176841,176843,2,1
176840,176841,176844,3,1
176840,176841,176844,3,1
176840,176841,176844,3,1
176840,176841,176844,3,1
176840,176841,176845,4,1
176840,176841,176845,4,1
176840,176841,176844,3,1
176840,176841,176844,3,1
176840,176841,176844,3,1
176840,176841,176844,3,1
176840,176841,176844,3,1
176840,176841,176844,3,1
176840,176841,176844,3,1
176840,176841,176844,3,1
176840,176841,176844,3,1
176840,176841,176844,3,1
176840,176841,176845,4,1
176840,176841,176845,4,1
176840,176841,176844,3,1
176840,176841,176845,4,1
176840,176841,176844,3,1
176840,176841,176845,4,1
176840,176841,176845,4,1
176840,176841,176845,4,1
176840,176841,176844,3,1
176840,176841,176845,4,1
176840,176841,176845,4,1
176840,176841,176845,4,1
176840,176841,176844,3,1
176840,176841,176844,3,1
176840,176841,176845,4,1
176840,176841,176845,4,1
176840,176841,176845,4,1
176840,176841,176845,4,1
176840,176841,176845,4,1
176840,176841,176844,3,1
176840,176841,176845,4,1
176840,176841,176845,4,1
176840,176841,176846,5,1
176840,176841,176845,4,1
176840,176841,176846,5,1
176840,176841,176845,4,1
176840,176841,176846,5,1
176840,176841,176846,5,1
176840,176841,176846,5,1
176840,176841,176845,4,1
176840,176841,176845,4,1
176840,176841,176845,4,1
176840,176841,176845,4,1
176840,176841,176846,5,1
176840,176841,176846,5,1
176840,176841,176846,5,1
176840,176841,176846,5,1
176840,176841,176846,5,1
176840,176841,176845,4,1
176840,176841,176845,4,1
176840,176841,176845,4,1
176840,176841,176845,4,1
176840,176841,176846,5,1
176840,176841,176845,4,1
176840,176841,176845,4,1
176840,176841,176845,4,1
176840,176841,176846,5,1
176840,176841,176845,4,1
176840,176841,176846,5,1
176840,176841,176846,5,1
176840,176841,176846,5,1
176840,176841,176846,5,1
176840,176841,176846,5,1
176840,176841,176847,6,1
176840,176841,176846,5,1
176840,176841,176846,5,1
176840,176841,176846,5,1
176840,176841,176846,5,1
175980,176002,176847,845,22
176840,176845,176848,3,5
176840,176845,176848,3,5
176840,176845,176847,2,5
176840,176846,176848,2,6
176840,176844,176848,4,4
176840,176845,176848,3,5
176840,176845,176848,3,5
176840,176845,176847,2,5
176840,176844,176848,4,4
176840,176844,176848,4,4
176840,176845,176848,3,5
176840,176845,176848,3,5
176840,176845,176848,3,5
176840,176845,176848,3,5
176840,176844,176847,3,4
176840,176845,176848,3,5
176840,176845,176848,3,5
176840,176844,176848,4,4
176840,176845,176848,3,5
176840,176845,176848,3,5
176840,176845,176848,3,5
176840,176845,176848,3,5
176840,176845,176849,4,5
176840,176845,176848,3,5
176840,176845,176849,4,5
176840,176845,176848,3,5
176840,176845,176849,4,5
176840,176846,176848,2,6
176840,176845,176848,3,5
176840,176846,176849,3,6
176840,176845,176848,3,5
176840,176845,176849,4,5
176840,176846,176849,3,6
176840,176845,176849,4,5
176840,176845,176848,3,5
176840,176846,176848,2,6
176840,176844,176849,5,4
176840,176845,176848,3,5
176840,176845,176849,4,5
176840,176845,176849,4,5
176840,176845,176849,4,5
176840,176846,176849,3,6
176840,176845,176850,5,5
176840,176845,176849,4,5
176849,176849,176852,3,0
176849,176849,176852,3,0
176849,176849,176853,4,0
176849,176849,176852,3,0
176849,176849,176852,3,0
176849,176849,176853,4,0
176849,176850,176852,2,1
176849,176849,176852,3,0
176849,176849,176853,4,0
176849,176849,176853,4,0
176849,176849,176853,4,0
176849,176849,176852,3,0
176849,176849,176852,3,0
176849,176849,176852,3,0
176849,176849,176853,4,0
176849,176849,176853,4,0
176849,176849,176852,3,0
176849,176849,176853,4,0
176849,176849,176853,4,0
176849,176849,176853,4,0
176849,176850,176853,3,1
176849,176849,176853,4,0
176849,176849,176853,4,0
176849,176849,176853,4,0
176849,176850,176853,3,1
176849,176849,176853,4,0
176849,176849,176854,5,0
176849,176850,176853,3,1
176849,176850,176854,4,1
176849,176849,176854,5,0
176849,176849,176853,4,0
176849,176849,176853,4,0
176849,176850,176853,3,1
176849,176849,176853,4,0
176849,176849,176853,4,0
176849,176849,176854,5,0
176849,176850,176853,3,1
176849,176850,176853,3,1
176849,176849,176853,4,0
176849,176849,176854,5,0
176849,176849,176853,4,0
176849,176850,176854,4,1
176849,176850,176853,3,1
176849,176850,176854,4,1
176849,176850,176854,4,1
176849,176849,176855,6,0
176849,176849,176854,5,0
176849,176849,176854,5,0
175970,175990,176854,864,20
176849,176849,176854,5,0
176849,176849,176854,5,0
176849,176849,176854,5,0
176849,176849,176854,5,0
176849,176849,176854,5,0
176849,176850,176854,4,1
176849,176849,176854,5,0
176849,176849,176854,5,0
176849,176850,176854,4,1
176849,176850,176855,5,1
176849,176850,176855,5,1
176849,176850,176854,4,1
176849,176852,176855,3,3
176849,176849,176854,5,0
176849,176849,176854,5,0
176849,176850,176854,4,1
176849,176850,176854,4,1
176849,176849,176854,5,0
176849,176850,176854,4,1
176849,176850,176854,4,1
176849,176850,176854,4,1
176849,176850,176855,5,1
176849,176850,176854,4,1
176849,176850,176855,5,1
176849,176849,176854,5,0
176849,176850,176854,4,1
176849,176850,176855,5,1
176849,176849,176855,6,0
176849,176853,176856,3,4
176849,176853,176856,3,4
176849,176849,176855,6,0
176849,176849,176855,6,0
176849,176853,176856,3,4
176849,176853,176856,3,4
176849,176853,176855,2,4
176849,176854,176856,2,5
176849,176854,176856,2,5
176849,176854,176857,3,5
176849,176854,176857,3,5
176849,176854,176856,2,5
176849,176854,176857,3,5
176849,176853,176856,3,4
176849,176854,176857,3,5
176849,176853,176856,3,4
176849,176853,176856,3,4
176849,176852,176856,4,3
176849,176853,176857,4,4
176849,176853,176857,4,4
176849,176853,176856,3,4
176849,176854,176857,3,5
176849,176854,176857,3,5
176849,176854,176857,3,5
176849,176854,176856,2,5
176849,176853,176856,3,4
176849,176853,176856,3,4
176849,176853,176856,3,4
176849,176854,176857,3,5
176849,176854,176856,2,5
176849,176854,176857,3,5
176849,176854,176857,3,5
176849,176854,176857,3,5
176849,176854,176857,3,5
176849,176854,176858,4,5
176849,176854,176858,4,5
176849,176854,176858,4,5
176849,176854,176858,4,5
176849,176854,176857,3,5
176849,176854,176857,3,5
176849,176853,176857,4,4
176849,176854,176857,3,5
176849,176854,176857,3,5
176849,176854,176857,3,5
175955,175977,176866,889,22
176877,176878,176880,2,1
176877,176878,176880,2,1
176877,176878,176881,3,1
176877,176878,176881,3,1
176877,176878,176881,3,1
176877,176878,176881,3,1
176877,176878,176881,3,1
176877,176878,176881,3,1
176877,176878,176881,3,1
176877,176878,176882,4,1
176877,176878,176882,4,1
176877,176878,176882,4,1
176877,176878,176882,4,1
176877,176878,176882,4,1
176877,176878,176882,4,1
176877,176878,176881,3,1
176877,176878,176882,4,1
176877,176878,176881,3,1
176877,176878,176882,4,1
176877,176878,176881,3,1
176877,176878,176882,4,1
176877,176878,176881,3,1
176877,176878,176881,3,1
176877,176878,176882,4,1
176877,176878,176882,4,1
176877,176878,176882,4,1
176877,176878,176882,4,1
176877,176878,176882,4,1
176877,176878,176882,4,1
176877,176878,176882,4,1
176877,176878,176882,4,1
176877,176878,176882,4,1
176877,176878,176882,4,1
176877,176878,176882,4,1
176877,176878,176882,4,1
176877,176878,176882,4,1
176877,176878,176882,4,1
176877,176878,176881,3,1
176877,176878,176882,4,1
176877,176878,176882,4,1
176877,176878,176882,4,1
176877,176878,176882,4,1
176877,176878,176882,4,1
176877,176878,176882,4,1
176877,176878,176882,4,1
176877,176878,176882,4,1
176877,176878,176882,4,1
176877,176878,176882,4,1
176877,176878,176882,4,1
176877,176878,176882,4,1
176877,176878,176882,4,1
176877,176878,176882,4,1
176877,176878,176883,5,1
176877,176878,176882,4,1
176877,176878,176883,5,1
176877,176878,176882,4,1
176877,176878,176882,4,1
176877,176878,176883,5,1
176877,176878,176883,5,1
176877,176878,176882,4,1
176877,176878,176882,4,1
176877,176878,176883,5,1
176877,176878,176883,5,1
176877,176878,176883,5,1
176877,176878,176883,5,1
176877,176881,176883,2,4
176877,176878,176883,5,1
176877,176878,176883,5,1
176877,176878,176883,5,1
176877,176880,176883,3,3
176877,176878,176883,5,1
176877,176878,176883,5,1
176877,176878,176883,5,1
176877,176878,176883,5,1
176877,176878,176883,5,1
176877,176878,176883,5,1
176877,176878,176883,5,1
176877,176878,176884,6,1
176877,176878,176883,5,1
176877,176878,176883,5,1
176877,176878,176884,6,1
176877,176881,176884,3,4
176877,176883,176884,1,6
176877,176882,176885,3,5
176877,176882,176885,3,5
176877,176882,176885,3,5
176877,176882,176885,3,5
176877,176882,176885,3,5
176877,176883,176885,2,6
176877,176882,176885,3,5
176877,176882,176885,3,5
176877,176883,176885,2,6
176877,176883,176885,2,6
176877,176881,176885,4,4
176877,176883,176885,2,6
176877,176883,176885,2,6
176877,176883,176885,2,6
176877,176883,176885,2,6
176877,176882,176885,3,5
176877,176882,176885,3,5
176877,176883,176885,2,6
176877,176882,176886,4,5
176877,176882,176886,4,5
176877,176882,176885,3,5
176877,176882,176886,4,5
176877,176882,176886,4,5
176877,176882,176886,4,5
176877,176882,176886,4,5
176877,176882,176886,4,5
176877,176882,176885,3,5
176877,176882,176886,4,5
176877,176882,176885,3,5
176877,176882,176886,4,5
176877,176882,176885,3,5
176877,176882,176886,4,5
176877,176882,176886,4,5
176877,176882,176885,3,5
176877,176883,176886,3,6
176877,176883,176886,3,6
176877,176883,176886,3,6
176030,176038,176891,853,8
176894,176894,176897,3,0
176894,176894,176897,3,0
176894,176894,176897,3,0
176894,176895,176897,2,1
176894,176894,176897,3,0
176894,176894,176897,3,0
176894,176894,176897,3,0
176894,176894,176897,3,0
176894,176895,176897,2,1
176894,176894,176898,4,0
176894,176895,176898,3,1
176894,176895,176898,3,1
176894,176894,176898,4,0
176894,176894,176898,4,0
176894,176894,176898,4,0
176894,176895,176898,3,1
176894,176894,176898,4,0
176894,176894,176898,4,0
176894,176894,176898,4,0
176894,176895,176898,3,1
176894,176895,176899,4,1
176894,176894,176898,4,0
176894,176894,176898,4,0
176894,176894,176899,5,0
176894,176894,176899,5,0
176894,176895,176898,3,1
176894,176894,176898,4,0
176894,176894,176898,4,0
176894,176895,176898,3,1
176894,176894,176898,4,0
176894,176894,176898,4,0
176894,176895,176898,3,1
176894,176894,176898,4,0
176894,176894,176898,4,0
176894,176895,176898,3,1
176894,176894,176898,4,0
176894,176894,176898,4,0
176894,176894,176899,5,0
176894,176894,176899,5,0
176894,176894,176899,5,0
176894,176894,176899,5,0
176894,176894,176899,5,0
176894,176894,176899,5,0
176894,176895,176900,5,1
176894,176894,176899,5,0
176894,176894,176900,6,0
176894,176895,176899,4,1
176894,176894,176899,5,0
176894,176894,176899,5,0
176894,176895,176899,4,1
176894,176895,176899,4,1
176894,176894,176899,5,0
176894,176895,176899,4,1
176894,176895,176899,4,1
176894,176895,176899,4,1
176894,176895,176899,4,1
176894,176894,176899,5,0
176894,176894,176899,5,0
176894,176895,176899,4,1
176894,176895,176899,4,1
176894,176894,176899,5,0
176894,176895,176899,4,1
176894,176895,176899,4,1
176894,176895,176899,4,1
176894,176894,176899,5,0
176894,176895,176899,4,1
176894,176895,176899,4,1
176894,176894,176899,5,0
176894,176895,176899,4,1
176894,176895,176899,4,1
176894,176894,176899,5,0
176894,176894,176899,5,0
176894,176894,176899,5,0
176894,176895,176899,4,1
176894,176895,176900,5,1
176894,176895,176900,5,1
176894,176894,176900,6,0
176894,176894,176900,6,0
176894,176895,176900,5,1
176894,176895,176900,5,1
176894,176898,176900,2,4
176894,176898,176901,3,4
176894,176899,176902,3,5
176894,176899,176901,2,5
176894,176899,176902,3,5
176894,176899,176901,2,5
176894,176899,176901,2,5
176894,176898,176902,4,4
176894,176898,176901,3,4
176894,176898,176901,3,4
176894,176898,176902,4,4
176894,176898,176901,3,4
176894,176899,176901,2,5
176894,176898,176901,3,4
176894,176899,176902,3,5
176894,176899,176901,2,5
176894,176899,176902,3,5
176894,176898,176901,3,4
176894,176899,176902,3,5
176894,176899,176901,2,5
176894,176899,176902,3,5
176894,176899,176903,4,5
176894,176899,176902,3,5
176894,176899,176902,3,5
176894,176899,176902,3,5
176894,176899,176902,3,5
176894,176899,176902,3,5
176894,176899,176902,3,5
176894,176900,176902,2,6
176894,176899,176902,3,5
176894,176900,176903,3,6
176894,176900,176902,2,6
176894,176899,176902,3,5
176894,176899,176902,3,5
176894,176899,176902,3,5
176894,176899,176902,3,5
176894,176899,176902,3,5
176894,176899,176902,3,5
176894,176899,176902,3,5
176894,176899,176902,3,5
176922,176922,176924,2,0
176922,176922,176925,3,0
176922,176922,176925,3,0
176922,176922,176925,3,0
176922,176922,176925,3,0
176922,176922,176925,3,0
176922,176922,176925,3,0
176922,176922,176925,3,0
176922,176922,176925,3,0
176922,176922,176924,2,0
176922,176922,176925,3,0
176922,176922,176925,3,0
176922,176922,176925,3,0
176922,176922,176926,4,0
176922,176922,176926,4,0
176922,176922,176925,3,0
176922,176922,176926,4,0
176922,176922,176926,4,0
176922,176922,176926,4,0
176922,176922,176925,3,0
176922,176922,176926,4,0
176922,176922,176926,4,0
176922,176922,176926,4,0
176922,176922,176926,4,0
176922,176922,176926,4,0
176922,176922,176926,4,0
176922,176922,176926,4,0
176922,176922,176925,3,0
176922,176922,176926,4,0
176922,176922,176926,4,0
176922,176922,176925,3,0
176922,176922,176926,4,0
176922,176922,176926,4,0
176922,176922,176925,3,0
176922,176922,176925,3,0
176922,176922,176926,4,0
176922,176922,176926,4,0
176922,176922,176926,4,0
176922,176922,176926,4,0
176922,176922,176925,3,0
176922,176922,176926,4,0
176922,176922,176926,4,0
176922,176922,176927,5,0
176922,176922,176927,5,0
176922,176922,176927,5,0
176922,176922,176927,5,0
176922,176922,176926,4,0
176922,176922,176927,5,0
176922,176922,176927,5,0
176922,176922,176926,4,0
176922,176922,176927,5,0
176922,176922,176927,5,0
176922,176922,176927,5,0
176922,176922,176927,5,0
176922,176922,176927,5,0
176922,176922,176927,5,0
176922,176922,176927,5,0
176922,176922,176927,5,0
176922,176922,176927,5,0
176922,176922,176926,4,0
176922,176922,176927,5,0
176922,176922,176927,5,0
176922,176922,176927,5,0
176922,176922,176927,5,0
176922,176922,176927,5,0
176922,176922,176927,5,0
176922,176922,176927,5,0
176922,176922,176926,4,0
176922,176922,176926,4,0
176922,176922,176927,5,0
176922,176922,176927,5,0
176922,176922,176926,4,0
176922,176922,176927,5,0
176922,176922,176927,5,0
176922,176922,176926,4,0
176922,176922,176927,5,0
176922,176922,176928,6,0
176922,176922,176927,5,0
176922,176925,176928,3,3
176922,176925,176928,3,3
176922,176922,176927,5,0
176922,176924,176928,4,2
176922,176925,176928,3,3
176922,176925,176928,3,3
176922,176922,176927,5,0
176922,176925,176928,3,3
176922,176926,176928,2,4
176922,176926,176929,3,4
176922,176925,176928,3,3
176922,176926,176929,3,4
176922,176926,176929,3,4
176922,176926,176929,3,4
176922,176926,176929,3,4
176922,176925,176929,4,3
176922,176925,176929,4,3
176922,176926,176929,3,4
176922,176926,176929,3,4
176922,176926,176929,3,4
176922,176926,176929,3,4
176922,176926,176929,3,4
176922,176926,176929,3,4
176922,176926,176929,3,4
176922,176925,176929,4,3
176922,176926,176929,3,4
176922,176925,176928,3,3
176922,176926,176929,3,4
176922,176926,176929,3,4
176922,176926,176929,3,4
176922,176925,176928,3,3
176922,176926,176929,3,4
176922,176926,176929,3,4
176922,176926,176929,3,4
176922,176925,176929,4,3
176922,176926,176929,3,4
176922,176926,176929,3,4
176922,176926,176929,3,4
176922,176926,176930,4,4
176922,176926,176930,4,4
176922,176926,176930,4,4
176922,176926,176930,4,4
208638,208638,208639,1,0
208646,208646,208647,1,0
208654,208654,208655,1,0
208662,208663,208664,1,1
208687,208687,208688,1,0
208696,208697,208698,1,1
208728,208728,208729,1,0
208736,208736,208737,1,0
208744,208744,208745,1,0
208752,208753,208754,1,1
209853,209853,209854,1,0
209886,209886,209887,1,0
209940,209941,209942,1,1
209991,209991,210003,12,0
210018,210021,210036,15,3
210050,210051,210063,12,1
210077,210077,210090,13,0
210306,210306,210321,15,0
210351,210351,210366,15,0
210394,210394,210410,16,0
210440,210440,210456,16,0
210701,210702,210714,12,1
210737,210737,210749,12,0
210773,210774,210786,12,1
210810,210810,210822,12,0
210971,210971,210985,14,0
211011,211011,211025,14,0
211052,211054,211072,18,2
211099,211099,211113,14,0
211383,211383,211409,26,0
211462,211463,211488,25,1
211539,211540,211565,25,1
211620,211622,211654,32,2
211749,211749,211779,30,0
210937,210937,211780,843,0
211783,211784,211786,2,1
211783,211784,211786,2,1
211783,211783,211786,3,0
211783,211783,211786,3,0
211783,211784,211786,2,1
211783,211784,211787,3,1
211783,211784,211787,3,1
211783,211783,211787,4,0
211783,211783,211787,4,0
211783,211783,211787,4,0
211783,211783,211787,4,0
211783,211783,211787,4,0
211783,211783,211787,4,0
211783,211783,211787,4,0
211783,211783,211787,4,0
211783,211783,211787,4,0
211783,211783,211787,4,0
211783,211783,211787,4,0
211783,211783,211787,4,0
211783,211783,211787,4,0
211783,211783,211787,4,0
211783,211783,211787,4,0
211783,211783,211787,4,0
211783,211783,211787,4,0
211783,211784,211788,4,1
211783,211784,211788,4,1
211783,211784,211788,4,1
211783,211784,211788,4,1
211783,211783,211788,5,0
211783,211783,211788,5,0
211783,211783,211788,5,0
211783,211783,211788,5,0
211783,211783,211788,5,0
211783,211783,211788,5,0
211783,211783,211788,5,0
211783,211783,211788,5,0
211783,211783,211788,5,0
211783,211783,211788,5,0
211783,211783,211788,5,0
211783,211783,211788,5,0
211783,211783,211789,6,0
211783,211788,211790,2,5
211783,211788,211789,1,5
211783,211788,211789,1,5
211783,211786,211790,4,3
211783,211788,211790,2,5
211783,211788,211790,2,5
211783,211787,211791,4,4
211783,211788,211790,2,5
211783,211787,211790,3,4
211783,211788,211791,3,5
211783,211788,211791,3,5
211783,211788,211790,2,5
211783,211786,211791,5,3
211783,211788,211791,3,5
211783,211788,211791,3,5
211783,211788,211791,3,5
211783,211789,211792,3,6
211783,211788,211791,3,5
211783,211789,211791,2,6
211783,211789,211792,3,6
211783,211788,211791,3,5
211783,211789,211791,2,6
211783,211788,211792,4,5
211783,211789,211792,3,6
211783,211787,211792,5,4
211783,211789,211792,3,6
211783,211789,211792,3,6
211783,211789,211792,3,6
211783,211788,211792,4,5
211783,211789,211792,3,6
211783,211789,211793,4,6
211783,211789,211792,3,6
211783,211789,211792,3,6
211783,211788,211792,4,5
211783,211788,211792,4,5
211783,211789,211793,4,6
211783,211789,211792,3,6
211783,211789,211792,3,6
211783,211789,211793,4,6
211783,211787,211793,6,4
211783,211789,211793,4,6
211783,211790,211793,3,7
211783,211790,211793,3,7
211783,211791,211794,3,8
211783,211790,211794,4,7
211783,211791,211794,3,8
211783,211791,211793,2,8
211783,211791,211794,3,8
211783,211792,211794,2,9
211783,211791,211794,3,8
211783,211791,211794,3,8
211783,211792,211795,3,9
211783,211792,211795,3,9
211783,211791,211794,3,8
211783,211791,211794,3,8
211783,211791,211795,4,8
211783,211792,211794,2,9
211783,211793,211795,2,10
211783,211792,211796,4,9
211783,211792,211795,3,9
211783,211792,211795,3,9
211783,211792,211795,3,9
211783,211793,211795,2,10
211783,211793,211795,2,10
211783,211792,211795,3,9
211783,211792,211795,3,9
211783,211792,211795,3,9
211783,211793,211796,3,10
211783,211793,211796,3,10
211783,211792,211795,3,9
211783,211793,211796,3,10
211783,211793,211796,3,10
211783,211793,211796,3,10
211783,211793,211796,3,10
211783,211793,211796,3,10
211783,211793,211796,3,10
211783,211793,211796,3,10
211783,211793,211796,3,10
211783,211793,211798,5,10
210932,210933,211798,865,1
210927,210927,211809,882,0
210930,210930,211821,891,0
211829,211830,211832,2,1
210924,210925,211833,908,1
211829,211830,211833,3,1
211829,211830,211833,3,1
211829,211830,211833,3,1
211829,211830,211834,4,1
211829,211830,211834,4,1
211829,211830,211833,3,1
211829,211830,211834,4,1
211829,211830,211833,3,1
211829,211830,211833,3,1
211829,211830,211833,3,1
211829,211830,211833,3,1
211829,211830,211833,3,1
211829,211830,211834,4,1
211829,211830,211834,4,1
211829,211830,211834,4,1
211829,211830,211834,4,1
211829,211830,211833,3,1
211829,211830,211833,3,1
211829,211830,211834,4,1
210926,210926,211834,908,0
211829,211830,211834,4,1
211829,211830,211835,5,1
211829,211830,211834,4,1
211829,211830,211834,4,1
211829,211830,211835,5,1
211829,211830,211834,4,1
211829,211830,211835,5,1
211829,211830,211834,4,1
211829,211830,211835,5,1
211829,211830,211834,4,1
211829,211830,211834,4,1
211829,211830,211834,4,1
211829,211830,211834,4,1
211829,211830,211834,4,1
211829,211830,211834,4,1
211829,211830,211834,4,1
211829,211830,211834,4,1
211829,211830,211834,4,1
211829,211830,211834,4,1
211829,211830,211834,4,1
211829,211830,211835,5,1
211829,211833,211835,2,4
211829,211830,211835,5,1
211829,211834,211836,2,5
211829,211834,211836,2,5
211829,211834,211836,2,5
211829,211830,211836,6,1
211829,211834,211836,2,5
211829,211835,211837,2,6
211829,211835,211837,2,6
211829,211835,211837,2,6
211829,211835,211837,2,6
211829,211835,211837,2,6
211829,211835,211837,2,6
210929,210929,211837,908,0
211829,211835,211838,3,6
211829,211834,211838,4,5
211829,211834,211838,4,5
211829,211834,211837,3,5
211829,211834,211837,3,5
211829,211835,211838,3,6
211829,211834,211837,3,5
211829,211834,211837,3,5
211829,211835,211838,3,6
211829,211834,211838,4,5
211829,211834,211838,4,5
211829,211834,211838,4,5
211829,211835,211838,3,6
211829,211835,211838,3,6
211829,211834,211838,4,5
211829,211834,211838,4,5
211829,211834,211838,4,5
211829,211834,211838,4,5
211829,211834,211838,4,5
211829,211835,211838,3,6
210928,210928,211838,910,0
210925,210925,211838,913,0
211829,211834,211838,4,5
211829,211835,211839,4,6
211829,211835,211838,3,6
211829,211834,211839,5,5
211829,211835,211839,4,6
211829,211835,211839,4,6
211829,211835,211839,4,6
211829,211835,211838,3,6
211829,211835,211839,4,6
211829,211835,211839,4,6
211829,211836,211839,3,7
211829,211836,211839,3,7
211829,211835,211839,4,6
211829,211835,211839,4,6
211829,211836,211839,3,7
211829,211837,211840,3,8
211829,211837,211840,3,8
211829,211836,211840,4,7
211829,211836,211840,4,7
211829,211837,211840,3,8
211829,211838,211840,2,9
211829,211838,211841,3,9
211829,211838,211841,3,9
211829,211838,211841,3,9
211829,211838,211841,3,9
211829,211838,211841,3,9
211829,211838,211841,3,9
211829,211837,211841,4,8
211829,211838,211841,3,9
211829,211838,211841,3,9
211829,211838,211841,3,9
211829,211838,211841,3,9
211829,211838,211841,3,9
211829,211837,211841,4,8
211829,211837,211841,4,8
211829,211838,211841,3,9
211829,211838,211841,3,9
211829,211837,211842,5,8
211829,211838,211842,4,9
211829,211838,211842,4,9
211829,211838,211842,4,9
211829,211838,211842,4,9
211830,211839,211842,3,9
211829,211838,211842,4,9
211829,211838,211842,4,9
211829,211838,211842,4,9
211830,211840,211842,2,10
211829,211839,211842,3,10
211830,211839,211842,3,9
211830,211838,211843,5,8
211830,211840,211843,3,10
211830,211839,211843,4,9
211830,211839,211844,5,9
211830,211839,211843,4,9
211830,211839,211843,4,9
211830,211839,211843,4,9
211830,211839,211843,4,9
211830,211839,211843,4,9
211830,211841,211844,3,11
211830,211842,211843,1,12
211830,211842,211843,1,12
211830,211839,211843,4,9
211830,211840,211844,4,10
211830,211840,211843,3,10
211830,211842,211843,1,12
211830,211842,211843,1,12
211830,211840,211844,4,10
211830,211840,211844,4,10
211830,211841,211843,2,11
211830,211842,211844,2,12
211830,211841,211844,3,11
211830,211840,211845,5,10
211830,211842,211844,2,12
211830,211843,211844,1,13
211830,211841,211844,3,11
211830,211841,211844,3,11
211830,211842,211844,2,12
211830,211842,211844,2,12
211830,211841,211844,3,11
211830,211841,211844,3,11
211830,211842,211845,3,12
211830,211842,211845,3,12
211830,211843,211846,3,13
211830,211842,211845,3,12
211830,211844,211846,2,14
211830,211842,211846,4,12
211830,211842,211846,4,12
211830,211844,211846,2,14
211830,211844,211846,2,14
211830,211842,211846,4,12
211830,211842,211847,5,12
211830,211843,211847,4,13
211830,211844,211846,2,14
211830,211843,211846,3,13
211830,211844,211847,3,14
211830,211844,211846,2,14
211830,211845,211847,2,15
211830,211845,211847,2,15
211830,211843,211847,4,13
211830,211843,211847,4,13
211830,211843,211847,4,13
211830,211844,211847,3,14
211830,211844,211846,2,14
211830,211844,211847,3,14
211830,211844,211847,3,14
211830,211844,211846,2,14
211830,211844,211847,3,14
211830,211844,211847,3,14
211830,211843,211847,4,13
211830,211844,211847,3,14
211830,211844,211847,3,14
211830,211845,211848,3,15
211830,211843,211847,4,13
211830,211844,211847,3,14
211830,211845,211848,3,15
211830,211845,211847,2,15
211830,211844,211848,4,14
211830,211844,211847,3,14
211830,211844,211847,3,14
211830,211845,211848,3,15
211830,211844,211847,3,14
211830,211843,211848,5,13
211830,211844,211848,4,14
211830,211846,211849,3,16
211830,211843,211848,5,13
211830,211844,211848,4,14
211830,211845,211848,3,15
211830,211845,211849,4,15
211830,211845,211849,4,15
211830,211846,211849,3,16
211830,211846,211849,3,16
211830,211845,211849,4,15
211830,211847,211849,2,17
211830,211848,211850,2,18
211830,211846,211849,3,16
211830,211847,211850,3,17
211830,211846,211850,4,16
211830,211848,211850,2,18
211830,211846,211850,4,16
211830,211847,211850,3,17
211830,211847,211850,3,17
211830,211847,211850,3,17
211830,211848,211850,2,18
211830,211846,211849,3,16
211830,211846,211850,4,16
211830,211847,211850,3,17
211830,211847,211850,3,17
211830,211848,211851,3,18
211830,211847,211850,3,17
211830,211847,211850,3,17
211830,211847,211851,4,17
211830,211847,211850,3,17
211830,211847,211850,3,17
211830,211848,211851,3,18
211830,211847,211850,3,17
211830,211847,211851,4,17
211830,211847,211851,4,17
211830,211848,211851,3,18
211830,211848,211851,3,18
211830,211847,211850,3,17
211830,211847,211851,4,17
211830,211848,211851,3,18
211830,211848,211851,3,18
211830,211848,211850,2,18
211830,211848,211851,3,18
211830,211847,211851,4,17
211830,211849,211852,3,19
211830,211848,211852,4,18
211830,211848,211852,4,18
211830,211848,211853,5,18
211830,211849,211852,3,19
211830,211849,211852,3,19
211830,211851,211853,2,21
211830,211851,211853,2,21
211830,211851,211852,1,21
211830,211849,211852,3,19
211830,211849,211853,4,19
211830,211848,211852,4,18
211830,211851,211853,2,21
211830,211851,211852,1,21
211830,211851,211852,1,21
211830,211851,211852,1,21
211830,211849,211853,4,19
211830,211849,211853,4,19
211830,211849,211853,4,19
211830,211850,211853,3,20
211830,211850,211853,3,20
211830,211850,211853,3,20
211830,211849,211853,4,19
211830,211849,211853,4,19
211830,211849,211853,4,19
211830,211850,211854,4,20
211830,211851,211853,2,21
211830,211851,211854,3,21
211830,211850,211854,4,20
211830,211850,211854,4,20
211830,211850,211854,4,20
211830,211850,211854,4,20
211830,211850,211854,4,20
211830,211850,211855,5,20
211830,211850,211854,4,20
211830,211850,211854,4,20
211830,211852,211854,2,22
211830,211851,211854,3,21
211830,211854,211855,1,24
211830,211854,211855,1,24
211830,211853,211855,2,23
211830,211851,211855,4,21
211830,211851,211855,4,21
211830,211850,211855,5,20
211830,211851,211855,4,21
211830,211853,211855,2,23
211830,211850,211855,5,20
211830,211852,211855,3,22
211830,211852,211855,3,22
211830,211852,211855,3,22
211830,211854,211856,2,24
211830,211854,211856,2,24
211830,211853,211856,3,23
211830,211852,211856,4,22
211830,211853,211856,3,23
211830,211853,211856,3,23
211830,211854,211857,3,24
211830,211851,211856,5,21
211830,211853,211856,3,23
211830,211854,211856,2,24
210977,210977,211857,880,0
210983,210983,211857,874,0
211830,211853,211857,4,23
211830,211853,211857,4,23
211830,211853,211857,4,23
211830,211852,211857,5,22
211830,211854,211857,3,24
211830,211852,211857,5,22
211830,211853,211857,4,23
211830,211853,211857,4,23
211830,211854,211857,3,24
211830,211855,211857,2,25
211830,211853,211857,4,23
211830,211854,211857,3,24
211830,211855,211858,3,25
211830,211854,211857,3,24
211830,211854,211857,3,24
211830,211854,211857,3,24
211830,211854,211857,3,24
211830,211854,211858,4,24
211830,211855,211857,2,25
211830,211854,211858,4,24
211830,211855,211858,3,25
211830,211855,211858,3,25
211830,211856,211859,3,26
210962,210962,211858,896,0
210969,210969,211859,890,0
211830,211855,211859,4,25
211830,211855,211858,3,25
211830,211855,211859,4,25
211830,211856,211859,3,26
211830,211855,211858,3,25
211830,211855,211859,4,25
211830,211855,211858,3,25
211830,211855,211859,4,25
211830,211855,211859,4,25
211830,211855,211859,4,25
211830,211857,211859,2,27
211830,211857,211859,2,27
211830,211856,211859,3,26
211830,211856,211860,4,26
211830,211857,211860,3,27
211830,211857,211860,3,27
211830,211857,211860,3,27
211830,211856,211860,4,26
211830,211856,211859,3,26
211830,211857,211860,3,27
211830,211857,211859,2,27
211830,211857,211860,3,27
211830,211858,211860,2,28
211830,211858,211861,3,28
211830,211858,211860,2,28
211830,211858,211860,2,28
211830,211858,211860,2,28
211830,211858,211861,3,28
211830,211858,211860,2,28
211830,211858,211860,2,28
211830,211858,211860,2,28
211830,211857,211860,3,27
211830,211857,211860,3,27
211837,211858,211861,3,21
211837,211858,211861,3,21
211837,211858,211861,3,21
211837,211858,211861,3,21
211830,211856,211860,4,26
211830,211858,211861,3,28
211830,211858,211861,3,28
211837,211859,211861,2,22
211830,211858,211861,3,28
211837,211860,211862,2,23
211837,211858,211861,3,21
211837,211859,211862,3,22
211837,211859,211862,3,22
211837,211859,211862,3,22
211837,211861,211862,1,24
211837,211858,211862,4,21
211837,211858,211861,3,21
211837,211859,211862,3,22
211837,211859,211862,3,22
211837,211859,211862,3,22
211837,211861,211863,2,24
211837,211860,211862,2,23
211837,211860,211862,2,23
211837,211859,211863,4,22
211837,211859,211863,4,22
211837,211862,211863,1,25
211837,211861,211864,3,24
211837,211859,211863,4,22
211837,211859,211863,4,22
211837,211861,211864,3,24
211837,211861,211864,3,24
211837,211861,211863,2,24
211837,211860,211864,4,23
211837,211861,211864,3,24
211837,211860,211864,4,23
211837,211860,211864,4,23
211837,211860,211864,4,23
211837,211860,211863,3,23
211837,211860,211864,4,23
211837,211859,211864,5,22
211837,211861,211864,3,24
211837,211861,211864,3,24
211837,211863,211864,1,26
211837,211863,211865,2,26
210943,210944,211864,920,1
211837,211860,211864,4,23
211837,211860,211864,4,23
211837,211863,211864,1,26
211837,211863,211865,2,26
211837,211860,211864,4,23
211837,211861,211864,3,24
211837,211861,211864,3,24
211837,211861,211865,4,24
211837,211862,211865,3,25
211837,211862,211865,3,25
211837,211861,211865,4,24
211837,211861,211865,4,24
211837,211861,211865,4,24
211837,211862,211865,3,25
211837,211860,211865,5,23
211837,211861,211865,4,24
211837,211862,211865,3,25
211837,211860,211865,5,23
211837,211861,211865,4,24
211837,211861,211865,4,24
211837,211862,211865,3,25
211837,211862,211865,3,25
211837,211862,211865,3,25
211837,211863,211865,2,26
211837,211862,211866,4,25
211837,211862,211866,4,25
211837,211862,211866,4,25
211837,211862,211866,4,25
211837,211864,211866,2,27
211837,211864,211866,2,27
211837,211863,211866,3,26
211837,211863,211866,3,26
211837,211864,211866,2,27
211837,211864,211867,3,27
211837,211864,211867,3,27
211837,211862,211867,5,25
211837,211864,211867,3,27
211837,211864,211867,3,27
211837,211865,211868,3,28
211837,211865,211868,3,28
211837,211866,211868,2,29
211837,211864,211867,3,27
211837,211864,211868,4,27
211837,211864,211868,4,27
211837,211864,211868,4,27
211837,211865,211868,3,28
211837,211865,211868,3,28
211837,211865,211868,3,28
211837,211863,211868,5,26
211837,211865,211868,3,28
211837,211866,211869,3,29
211837,211866,211868,2,29
211837,211864,211868,4,27
211837,211866,211869,3,29
211837,211866,211868,2,29
211837,211865,211868,3,28
211837,211866,211869,3,29
211837,211866,211869,3,29
211837,211864,211868,4,27
211837,211865,211869,4,28
211837,211865,211869,4,28
211837,211865,211868,3,28
211837,211865,211869,4,28
211837,211865,211869,4,28
211837,211865,211868,3,28
211837,211865,211869,4,28
211837,211865,211868,3,28
211837,211866,211869,3,29
211837,211866,211869,3,29
211837,211866,211869,3,29
211837,211866,211869,3,29
211837,211866,211869,3,29
211837,211866,211869,3,29
211837,211867,211869,2,30
211837,211866,211870,4,29
211837,211865,211869,4,28
211837,211867,211871,4,30
211837,211867,211871,4,30
211837,211867,211870,3,30
211837,211867,211871,4,30
211837,211867,211870,3,30
211837,211867,211870,3,30
211837,211867,211871,4,30
211837,211868,211871,3,31
211837,211867,211871,4,30
211837,211867,211871,4,30
211837,211867,211871,4,30
211837,211868,211871,3,31
211837,211868,211872,4,31
211837,211868,211872,4,31
211837,211868,211871,3,31
211837,211868,211872,4,31
211837,211868,211872,4,31
211837,211868,211872,4,31
211837,211869,211872,3,32
211837,211869,211872,3,32
211837,211868,211872,4,31
211837,211868,211872,4,31
211837,211868,211873,5,31
211837,211869,211873,4,32
211837,211869,211872,3,32
211837,211869,211872,3,32
211837,211869,211872,3,32
211837,211870,211873,3,33
211837,211869,211872,3,32
211837,211869,211873,4,32
210931,210931,211872,941,0
211837,211869,211873,4,32
211837,211869,211873,4,32
211837,211869,211872,3,32
211837,211869,211873,4,32
211837,211869,211873,4,32
211837,211868,211873,5,31
211837,211870,211874,4,33
211837,211870,211873,3,33
210975,210975,211873,898,0
211837,211869,211874,5,32
211837,211870,211873,3,33
211837,211870,211873,3,33
211837,211871,211873,2,34
211837,211871,211874,3,34
211837,211870,211874,4,33
211837,211870,211873,3,33
211837,211871,211873,2,34
211837,211871,211874,3,34
211837,211871,211874,3,34
211837,211869,211874,5,32
211837,211869,211874,5,32
211837,211870,211874,4,33
211837,211873,211874,1,36
211837,211873,211874,1,36
211837,211870,211874,4,33
211837,211873,211874,1,36
211837,211873,211874,1,36
211837,211873,211874,1,36
211837,211871,211874,3,34
211837,211871,211875,4,34
211837,211871,211875,4,34
211837,211870,211874,4,33
211837,211871,211874,3,34
210957,210958,211875,917,1
211837,211872,211875,3,35
211837,211870,211875,5,33
210989,210989,211875,886,0
211837,211870,211874,4,33
211837,211871,211875,4,34
211837,211871,211875,4,34
211837,211872,211875,3,35
211837,211873,211875,2,36
211837,211870,211875,5,33
211837,211872,211876,4,35
211837,211873,211876,3,36
211837,211872,211876,4,35
211837,211873,211876,3,36
211837,211874,211877,3,37
211837,211874,211877,3,37
211837,211874,211877,3,37
211837,211873,211876,3,36
211837,211872,211876,4,35
211837,211873,211876,3,36
211837,211873,211877,4,36
211837,211873,211877,4,36
211837,211873,211877,4,36
211837,211873,211877,4,36
211837,211873,211876,3,36
211837,211874,211877,3,37
211837,211874,211877,3,37
211837,211872,211876,4,35
211837,211873,211877,4,36
211837,211874,211877,3,37
211837,211874,211877,3,37
211837,211874,211877,3,37
211837,211875,211878,3,38
211837,211874,211878,4,37
211837,211875,211878,3,38
211837,211875,211877,2,38
211837,211875,211878,3,38
211837,211874,211878,4,37
211837,211875,211878,3,38
211837,211875,211878,3,38
211837,211873,211877,4,36
211837,211875,211878,3,38
211837,211875,211878,3,38
211837,211875,211878,3,38
211837,211875,211878,3,38
211837,211874,211878,4,37
211837,211874,211878,4,37
211837,211874,211878,4,37
211837,211874,211878,4,37
211837,211874,211878,4,37
211837,211875,211878,3,38
211837,211875,211878,3,38
211837,211875,211878,3,38
211837,211874,211878,4,37
211837,211874,211878,4,37
211837,211875,211878,3,38
211837,211875,211878,3,38
211837,211875,211879,4,38
211837,211875,211878,3,38
211840,211876,211878,2,36
211837,211875,211878,3,38
211837,211875,211878,3,38
211840,211876,211879,3,36
211840,211876,211879,3,36
211840,211876,211880,4,36
211840,211876,211880,4,36
211840,211877,211880,3,37
211840,211876,211880,4,36
211840,211877,211880,3,37
211840,211877,211881,4,37
211840,211877,211880,3,37
211840,211877,211881,4,37
211840,211877,211880,3,37
211840,211879,211881,2,39
211840,211877,211880,3,37
211840,211877,211881,4,37
211840,211877,211881,4,37
211840,211879,211881,2,39
211840,211877,211881,4,37
211840,211878,211882,4,38
211840,211878,211881,3,38
211840,211878,211882,4,38
211840,211878,211881,3,38
211840,211878,211882,4,38
211840,211879,211881,2,39
211840,211878,211881,3,38
211840,211878,211882,4,38
211840,211878,211882,4,38
211840,211878,211882,4,38
211840,211878,211881,3,38
211840,211879,211881,2,39
211840,211878,211882,4,38
211840,211879,211882,3,39
211840,211879,211882,3,39
211840,211878,211882,4,38
211840,211878,211882,4,38
211840,211879,211882,3,39
211840,211879,211883,4,39
211840,211878,211882,4,38
211840,211879,211882,3,39
211840,211879,211883,4,39
211840,211879,211883,4,39
211840,211879,211882,3,39
211840,211879,211882,3,39
211840,211878,211883,5,38
211840,211878,211883,5,38
211840,211881,211882,1,41
211840,211878,211883,5,38
211840,211879,211883,4,39
211840,211881,211883,2,41
211840,211882,211884,2,42
211840,211882,211884,2,42
211840,211882,211883,1,42
211840,211879,211883,4,39
211840,211879,211883,4,39
211840,211879,211883,4,39
211840,211882,211883,1,42
211840,211879,211883,4,39
211840,211879,211883,4,39
211840,211879,211884,5,39
211840,211879,211883,4,39
211840,211880,211883,3,40
211840,211878,211884,6,38
211840,211881,211884,3,41
211840,211881,211884,3,41
211840,211882,211884,2,42
211840,211881,211884,3,41
211840,211881,211884,3,41
211840,211879,211884,5,39
211840,211881,211885,4,41
211840,211881,211885,4,41
211840,211881,211885,4,41
211840,211883,211884,1,43
211840,211881,211885,4,41
211840,211881,211884,3,41
211840,211881,211885,4,41
211840,211883,211886,3,43
211840,211882,211885,3,42
211840,211882,211886,4,42
211840,211882,211885,3,42
211840,211883,211886,3,43
210934,210934,211886,952,0
211840,211882,211885,3,42
211840,211882,211886,4,42
211840,211883,211886,3,43
211840,211883,211886,3,43
211840,211885,211886,1,45
211840,211882,211886,4,42
211840,211882,211886,4,42
211840,211882,211886,4,42
211840,211884,211886,2,44
211843,211845,211887,42,2
211840,211883,211886,3,43
211840,211884,211887,3,44
211840,211884,211887,3,44
211840,211884,211887,3,44
211840,211884,211886,2,44
211840,211884,211887,3,44
211840,211882,211886,4,42
211840,211883,211887,4,43
211840,211884,211887,3,44
211840,211884,211887,3,44
211840,211882,211886,4,42
211840,211883,211886,3,43
211840,211883,211887,4,43
211840,211884,211887,3,44
211840,211884,211887,3,44
211840,211884,211887,3,44
211840,211882,211887,5,42
211840,211883,211887,4,43
211840,211883,211887,4,43
211840,211884,211887,3,44
211840,211883,211887,4,43
211840,211883,211887,4,43
211840,211883,211887,4,43
211840,211884,211887,3,44
211840,211884,211887,3,44
211840,211884,211888,4,44
211840,211884,211887,3,44
211841,211885,211888,3,44
211840,211883,211887,4,43
211840,211884,211887,3,44
211840,211884,211888,4,44
211840,211885,211888,3,45
211841,211885,211888,3,44
211841,211885,211888,3,44
211841,211885,211889,4,44
211841,211885,211889,4,44
211841,211885,211888,3,44
211841,211887,211889,2,46
211841,211886,211889,3,45
211841,211887,211889,2,46
211841,211887,211889,2,46
211841,211886,211889,3,45
211841,211885,211889,4,44
211841,211885,211889,4,44
211841,211888,211889,1,47
211841,211886,211889,3,45
211841,211887,211889,2,46
211841,211887,211890,3,46
211841,211886,211890,4,45
211841,211887,211889,2,46
211841,211887,211890,3,46
211841,211886,211890,4,45
211841,211887,211890,3,46
211841,211887,211889,2,46
211841,211888,211890,2,47
211841,211886,211890,4,45
211841,211887,211890,3,46
211841,211887,211890,3,46
211841,211887,211889,2,46
211841,211886,211890,4,45
211841,211887,211890,3,46
211841,211886,211890,4,45
211841,211886,211891,5,45
211841,211888,211891,3,47
211841,211888,211890,2,47
211841,211888,211891,3,47
211841,211887,211890,3,46
211841,211887,211890,3,46
211841,211886,211891,5,45
211841,211887,211891,4,46
211841,211887,211891,4,46
211841,211888,211891,3,47
211841,211889,211891,2,48
211841,211890,211891,1,49
211841,211887,211891,4,46
211841,211888,211891,3,47
211841,211888,211891,3,47
211841,211890,211891,1,49
211841,211890,211891,1,49
211841,211887,211891,4,46
211841,211887,211892,5,46
211841,211890,211892,2,49
211841,211888,211892,4,47
211841,211888,211892,4,47
211841,211889,211892,3,48
211841,211890,211892,2,49
211841,211887,211891,4,46
211841,211889,211892,3,48
211841,211889,211892,3,48
211841,211887,211892,5,46
211841,211888,211892,4,47
211841,211889,211892,3,48
211841,211888,211892,4,47
211841,211889,211892,3,48
211841,211888,211892,4,47
211841,211889,211892,3,48
211841,211889,211893,4,48
211841,211889,211892,3,48
211841,211890,211893,3,49
211841,211890,211893,3,49
211841,211888,211892,4,47
211841,211889,211893,4,48
211841,211889,211893,4,48
211841,211889,211893,4,48
211841,211889,211893,4,48
211841,211890,211893,3,49
211841,211890,211893,3,49
211841,211890,211893,3,49
211841,211890,211894,4,49
211841,211890,211894,4,49
211841,211890,211894,4,49
211841,211890,211894,4,49
211841,211890,211894,4,49
211841,211892,211895,3,51
211841,211891,211894,3,50
211841,211891,211894,3,50
211841,211891,211895,4,50
211841,211891,211895,4,50
211841,211891,211894,3,50
211841,211891,211894,3,50
211841,211892,211895,3,51
211841,211891,211894,3,50
211841,211891,211894,3,50
211841,211892,211895,3,51
211841,211892,211895,3,51
211841,211892,211894,2,51
211841,211892,211895,3,51
211841,211892,211895,3,51
211841,211892,211895,3,51
211841,211891,211895,4,50
211841,211893,211895,2,52
211841,211890,211895,5,49
211841,211893,211895,2,52
211841,211893,211895,2,52
211841,211892,211895,3,51
211841,211890,211895,5,49
211841,211893,211895,2,52
211841,211893,211895,2,52
211841,211892,211895,3,51
211841,211893,211896,3,52
211841,211892,211895,3,51
211841,211892,211896,4,51
211841,211892,211896,4,51
211841,211892,211896,4,51
211841,211893,211895,2,52
211841,211892,211895,3,51
211841,211893,211895,2,52
211841,211892,211896,4,51
211841,211893,211896,3,52
211841,211893,211896,3,52
211841,211892,211896,4,51
210960,210960,211931,971,0
210995,210996,211931,935,1
210955,210955,211933,978,0
211931,211931,211934,3,0
211931,211931,211934,3,0
211931,211931,211933,2,0
211931,211931,211934,3,0
211931,211931,211934,3,0
211931,211931,211935,4,0
211931,211931,211935,4,0
211931,211931,211935,4,0
211931,211931,211935,4,0
211931,211931,211934,3,0
211931,211931,211935,4,0
211931,211931,211935,4,0
211931,211931,211935,4,0
211931,211931,211934,3,0
211931,211931,211935,4,0
211931,211931,211935,4,0
211931,211931,211935,4,0
211931,211931,211935,4,0
211931,211931,211935,4,0
211931,211931,211935,4,0
211931,211931,211935,4,0
211931,211931,211934,3,0
211931,211931,211935,4,0
211931,211931,211935,4,0
211931,211931,211935,4,0
211931,211931,211935,4,0
211931,211931,211935,4,0
211931,211932,211935,3,1
211931,211932,211935,3,1
211931,211932,211935,3,1
211931,211931,211935,4,0
211931,211931,211935,4,0
211931,211931,211936,5,0
211931,211931,211936,5,0
211931,211931,211936,5,0
211931,211931,211935,4,0
211931,211931,211936,5,0
211931,211931,211936,5,0
211931,211931,211936,5,0
211931,211931,211935,4,0
211931,211931,211936,5,0
211931,211931,211936,5,0
211931,211931,211935,4,0
211931,211931,211935,4,0
211931,211931,211936,5,0
211931,211931,211936,5,0
211931,211931,211936,5,0
211931,211931,211936,5,0
211931,211931,211935,4,0
211931,211931,211935,4,0
211931,211931,211935,4,0
211931,211931,211936,5,0
211931,211934,211937,3,3
211931,211931,211936,5,0
211931,211935,211937,2,4
211931,211932,211936,4,1
211931,211931,211937,6,0
211931,211931,211936,5,0
211931,211935,211937,2,4
211931,211935,211937,2,4
211931,211935,211937,2,4
211931,211935,211936,1,4
211931,211934,211938,4,3
211931,211935,211938,3,4
211931,211935,211938,3,4
211931,211934,211938,4,3
211931,211934,211938,4,3
211931,211935,211938,3,4
211931,211934,211938,4,3
211931,211935,211938,3,4
211931,211935,211938,3,4
211931,211935,211938,3,4
211931,211935,211938,3,4
211931,211935,211938,3,4
211931,211935,211938,3,4
211931,211935,211938,3,4
211931,211935,211939,4,4
211931,211935,211939,4,4
211931,211935,211939,4,4
211931,211936,211939,3,5
211931,211936,211939,3,5
211931,211935,211939,4,4
211931,211936,211939,3,5
211931,211935,211939,4,4
211931,211935,211939,4,4
211931,211935,211939,4,4
211931,211937,211939,2,6
211931,211935,211939,4,4
211931,211936,211940,4,5
211931,211936,211940,4,5
211931,211936,211939,3,5
211931,211936,211940,4,5
211931,211936,211940,4,5
211931,211936,211940,4,5
211931,211937,211940,3,6
211931,211937,211940,3,6
211931,211939,211940,1,8
211931,211936,211940,4,5
211931,211936,211940,4,5
211931,211938,211940,2,7
211931,211938,211940,2,7
211931,211936,211940,4,5
211931,211936,211940,4,5
211931,211936,211940,4,5
211931,211936,211940,4,5
211931,211937,211941,4,6
211931,211938,211940,2,7
211931,211938,211940,2,7
211931,211936,211940,4,5
211931,211936,211940,4,5
211931,211936,211940,4,5
211931,211936,211940,4,5
211931,211938,211940,2,7
211931,211938,211941,3,7
211931,211937,211940,3,6
211931,211937,211941,4,6
211931,211937,211941,4,6
211931,211938,211941,3,7
211931,211938,211941,3,7
211931,211938,211941,3,7
211931,211939,211942,3,8
211931,211936,211941,5,5
211931,211938,211941,3,7
211931,211939,211942,3,8
211931,211939,211942,3,8
211931,211939,211942,3,8
211931,211941,211942,1,10
211931,211939,211942,3,8
211931,211938,211942,4,7
211931,211940,211943,3,9
211931,211939,211942,3,8
211931,211940,211942,2,9
211931,211941,211943,2,10
211931,211939,211942,3,8
211931,211939,211942,3,8
211931,211940,211942,2,9
211931,211941,211942,1,10
211931,211939,211942,3,8
211931,211939,211942,3,8
211931,211939,211942,3,8
211931,211941,211943,2,10
211931,211941,211942,1,10
211931,211940,211943,3,9
211931,211939,211943,4,8
211931,211939,211943,4,8
211931,211940,211943,3,9
211931,211941,211943,2,10
211931,211941,211943,2,10
211931,211940,211943,3,9
211931,211942,211943,1,11
211931,211940,211943,3,9
211931,211941,211944,3,10
211931,211941,211944,3,10
211931,211940,211943,3,9
211931,211940,211943,3,9
211931,211942,211943,1,11
211931,211942,211943,1,11
211931,211942,211944,2,11
211931,211940,211944,4,9
211931,211940,211944,4,9
211931,211941,211944,3,10
211931,211941,211944,3,10
211931,211942,211944,2,11
211931,211940,211944,4,9
211931,211941,211945,4,10
211931,211943,211945,2,12
211931,211941,211945,4,10
211931,211941,211945,4,10
211931,211941,211945,4,10
211931,211941,211945,4,10
211931,211943,211945,2,12
211931,211941,211945,4,10
211931,211940,211944,4,9
211931,211941,211945,4,10
211931,211940,211945,5,9
211931,211941,211945,4,10
211931,211943,211946,3,12
211931,211943,211946,3,12
211931,211941,211945,4,10
211931,211943,211946,3,12
211931,211943,211946,3,12
211931,211942,211946,4,11
211931,211943,211946,3,12
211931,211941,211945,4,10
211931,211942,211946,4,11
211931,211942,211946,4,11
211931,211942,211946,4,11
211931,211942,211946,4,11
211931,211944,211946,2,13
211931,211943,211947,4,12
211931,211943,211946,3,12
211931,211943,211946,3,12
211931,211943,211947,4,12
211931,211941,211946,5,10
211931,211943,211946,3,12
211931,211945,211947,2,14
211931,211943,211946,3,12
211931,211943,211947,4,12
211931,211943,211947,4,12
211931,211944,211947,3,13
211931,211944,211948,4,13
211931,211944,211947,3,13
211931,211944,211948,4,13
211931,211943,211948,5,12
211931,211944,211947,3,13
211931,211944,211947,3,13
211931,211944,211947,3,13
211931,211945,211947,2,14
210935,210935,211948,1013,0
211931,211944,211948,4,13
211931,211944,211948,4,13
211931,211944,211948,4,13
211931,211945,211948,3,14
211931,211945,211948,3,14
211931,211945,211948,3,14
211931,211944,211947,3,13
211931,211945,211948,3,14
211931,211944,211947,3,13
211931,211944,211948,4,13
211931,211944,211948,4,13
211931,211944,211948,4,13
211931,211945,211948,3,14
211931,211945,211948,3,14
211931,211944,211948,4,13
211931,211943,211948,5,12
211931,211943,211948,5,12
211931,211945,211948,3,14
211931,211946,211948,2,15
211931,211945,211948,3,14
211931,211945,211948,3,14
211931,211945,211949,4,14
211931,211945,211949,4,14
211931,211946,211949,3,15
211931,211946,211949,3,15
211931,211946,211949,3,15
211931,211946,211949,3,15
211931,211946,211949,3,15
211931,211946,211949,3,15
211931,211946,211949,3,15
211931,211946,211949,3,15
211931,211945,211949,4,14
211931,211947,211950,3,16
211931,211947,211950,3,16
211931,211948,211950,2,17
211931,211947,211950,3,16
211931,211946,211950,4,15
211931,211946,211950,4,15
211931,211946,211950,4,15
211931,211946,211950,4,15
211931,211947,211951,4,16
211931,211947,211950,3,16
211931,211947,211950,3,16
211931,211947,211951,4,16
211931,211948,211951,3,17
211931,211948,211951,3,17
211931,211948,211951,3,17
211931,211948,211951,3,17
211931,211948,211951,3,17
211931,211949,211952,3,18
211931,211947,211951,4,16
211931,211947,211951,4,16
211931,211947,211951,4,16
211931,211949,211951,2,18
211931,211949,211951,2,18
211931,211950,211952,2,19
211931,211950,211952,2,19
211931,211948,211952,4,17
211931,211950,211951,1,19
211931,211948,211952,4,17
211931,211948,211951,3,17
211931,211950,211952,2,19
211931,211950,211952,2,19
211931,211948,211952,4,17
211931,211948,211952,4,17
211931,211948,211952,4,17
211931,211951,211952,1,20
211931,211949,211952,3,18
211931,211949,211952,3,18
211931,211949,211952,3,18
211931,211949,211953,4,18
211931,211949,211952,3,18
211931,211949,211952,3,18
211931,211950,211952,2,19
211931,211949,211952,3,18
211931,211950,211952,2,19
211931,211950,211952,2,19
211931,211949,211952,3,18
211931,211949,211952,3,18
211931,211949,211952,3,18
211931,211949,211953,4,18
211931,211949,211953,4,18
211931,211948,211952,4,17
211931,211949,211952,3,18
211931,211949,211952,3,18
211931,211949,211953,4,18
211931,211949,211953,4,18
211931,211949,211953,4,18
211931,211949,211953,4,18
211931,211949,211953,4,18
211931,211951,211953,2,20
211931,211949,211953,4,18
211931,211949,211953,4,18
211931,211950,211953,3,19
211931,211951,211953,2,20
211931,211951,211954,3,20
211931,211949,211954,5,18
211931,211951,211954,3,20
211931,211952,211954,2,21
211931,211952,211954,2,21
211931,211951,211954,3,20
211931,211951,211954,3,20
211931,211951,211955,4,20
211931,211951,211954,3,20
211931,211952,211955,3,21
211931,211952,211955,3,21
211931,211952,211955,3,21
211931,211952,211955,3,21
211931,211952,211955,3,21
211931,211953,211955,2,22
211931,211953,211955,2,22
211931,211953,211955,2,22
211931,211953,211956,3,22
211931,211952,211955,3,21
211931,211952,211956,4,21
211931,211952,211955,3,21
211931,211952,211955,3,21
211931,211953,211956,3,22
211931,211951,211956,5,20
211931,211953,211956,3,22
211931,211951,211955,4,20
211931,211952,211956,4,21
211931,211953,211956,3,22
211931,211953,211955,2,22
211931,211953,211955,2,22
211931,211953,211956,3,22
211931,211953,211956,3,22
211931,211953,211956,3,22
211931,211951,211955,4,20
211931,211952,211956,4,21
211931,211953,211956,3,22
211931,211953,211956,3,22
211931,211953,211956,3,22
211932,211955,211956,1,23
211931,211953,211956,3,22
211931,211953,211956,3,22
211931,211953,211956,3,22
211931,211953,211957,4,22
211931,211953,211957,4,22
211931,211954,211957,3,23
211931,211954,211956,2,23
211931,211954,211957,3,23
211931,211954,211957,3,23
211931,211953,211956,3,22
211931,211954,211956,2,23
211931,211954,211956,2,23
211931,211954,211956,2,23
211931,211953,211957,4,22
211931,211953,211957,4,22
211931,211952,211957,5,21
211931,211954,211957,3,23
211931,211954,211957,3,23
211932,211954,211958,4,22
211932,211954,211958,4,22
211932,211955,211958,3,23
211932,211954,211958,4,22
211932,211954,211958,4,22
211932,211955,211959,4,23
211932,211955,211959,4,23
211932,211955,211959,4,23
211932,211955,211959,4,23
211932,211956,211959,3,24
211932,211956,211959,3,24
211932,211956,211959,3,24
211931,211953,211958,5,22
211932,211956,211960,4,24
211932,211956,211959,3,24
211932,211956,211959,3,24
211932,211956,211960,4,24
211932,211957,211960,3,25
211932,211957,211959,2,25
211932,211957,211959,2,25
211932,211957,211960,3,25
211932,211957,211959,2,25
211932,211957,211959,2,25
211932,211957,211960,3,25
211932,211956,211960,4,24
211932,211956,211960,4,24
211932,211956,211960,4,24
211932,211956,211960,4,24
211932,211956,211960,4,24
211932,211956,211959,3,24
211932,211956,211959,3,24
211932,211956,211960,4,24
211932,211956,211960,4,24
211932,211957,211960,3,25
211932,211957,211961,4,25
211932,211957,211960,3,25
211932,211957,211960,3,25
211932,211957,211961,4,25
211932,211957,211961,4,25
211932,211957,211961,4,25
211932,211958,211960,2,26
211932,211956,211961,5,24
211932,211956,211961,5,24
211932,211956,211961,5,24
211932,211957,211961,4,25
211932,211957,211961,4,25
211932,211957,211961,4,25
211932,211956,211961,5,24
211932,211956,211961,5,24
211932,211957,211961,4,25
211932,211957,211961,4,25
211932,211958,211960,2,26
211932,211958,211961,3,26
211932,211959,211961,2,27
211932,211959,211962,3,27
211932,211959,211962,3,27
211932,211958,211962,4,26
211932,211956,211962,6,24
211932,211956,211962,6,24
211932,211959,211962,3,27
211932,211959,211962,3,27
211932,211959,211962,3,27
211932,211959,211962,3,27
211932,211959,211962,3,27
211932,211959,211962,3,27
211932,211960,211963,3,28
211932,211960,211963,3,28
211932,211959,211963,4,27
211932,211961,211963,2,29
211932,211961,211963,2,29
211932,211961,211963,2,29
211932,211960,211963,3,28
211932,211961,211962,1,29
211932,211961,211963,2,29
211932,211959,211963,4,27
211932,211959,211963,4,27
211932,211959,211963,4,27
211932,211960,211963,3,28
211932,211961,211963,2,29
211932,211961,211963,2,29
211932,211960,211964,4,28
211932,211960,211964,4,28
211932,211960,211964,4,28
211932,211960,211963,3,28
211932,211960,211964,4,28
211932,211961,211964,3,29
211932,211960,211964,4,28
211932,211961,211964,3,29
211932,211959,211964,5,27
211932,211960,211964,4,28
211932,211961,211964,3,29
211932,211961,211964,3,29
211932,211961,211964,3,29
211932,211960,211964,4,28
211932,211960,211964,4,28
211932,211960,211964,4,28
211932,211961,211964,3,29
211932,211960,211964,4,28
211932,211959,211964,5,27
211932,211960,211964,4,28
211932,211961,211964,3,29
211932,211962,211964,2,30
211932,211962,211965,3,30
211932,211960,211964,4,28
211932,211961,211964,3,29
211932,211961,211964,3,29
211932,211962,211965,3,30
211932,211962,211965,3,30
211932,211961,211965,4,29
211932,211961,211965,4,29
211932,211960,211964,4,28
211932,211961,211965,4,29
211932,211962,211965,3,30
211932,211963,211965,2,31
211932,211963,211965,2,31
211932,211961,211965,4,29
211932,211961,211965,4,29
211932,211962,211965,3,30
211932,211962,211965,3,30
211932,211963,211965,2,31
210938,210938,211966,1028,0
211932,211964,211967,3,32
211932,211963,211966,3,31
211932,211963,211966,3,31
211932,211963,211967,4,31
211932,211963,211967,4,31
211932,211963,211967,4,31
211932,211964,211967,3,32
211932,211964,211967,3,32
211932,211964,211967,3,32
211932,211964,211967,3,32
211932,211964,211967,3,32
211932,211964,211967,3,32
211932,211964,211967,3,32
211932,211964,211967,3,32
211932,211964,211967,3,32
211932,211964,211968,4,32
211932,211964,211968,4,32
211932,211965,211968,3,33
211932,211965,211968,3,33
211005,211011,211968,957,6
211932,211964,211968,4,32
211932,211964,211968,4,32
211932,211964,211968,4,32
211932,211965,211968,3,33
211932,211965,211967,2,33
211932,211965,211968,3,33
211932,211964,211968,4,32
211932,211964,211968,4,32
211932,211964,211968,4,32
211932,211966,211968,2,34
211932,211966,211969,3,34
211932,211966,211969,3,34
211932,211965,211968,3,33
211932,211965,211969,4,33
211932,211964,211969,5,32
211932,211965,211968,3,33
211932,211965,211969,4,33
211932,211965,211969,4,33
211932,211965,211969,4,33
211932,211964,211969,5,32
211932,211964,211969,5,32
211932,211964,211968,4,32
211932,211965,211969,4,33
211932,211964,211968,4,32
211932,211964,211968,4,32
211932,211964,211969,5,32
211932,211965,211969,4,33
211932,211965,211969,4,33
211932,211964,211969,5,32
211932,211966,211969,3,34
211932,211966,211969,3,34
211932,211965,211969,4,33
211932,211965,211969,4,33
211932,211965,211969,4,33
211932,211966,211970,4,34
211932,211966,211969,3,34
211932,211966,211969,3,34
211932,211966,211969,3,34
211932,211966,211970,4,34
211932,211968,211970,2,36
211932,211967,211970,3,35
211932,211966,211971,5,34
211932,211968,211971,3,36
211932,211967,211971,4,35
211932,211967,211970,3,35
211932,211967,211970,3,35
211932,211968,211971,3,36
211932,211970,211971,1,38
211932,211970,211971,1,38
211932,211970,211972,2,38
211932,211968,211971,3,36
211932,211970,211971,1,38
211932,211970,211971,1,38
211932,211968,211972,4,36
211932,211968,211972,4,36
211932,211968,211972,4,36
211932,211968,211972,4,36
211932,211968,211972,4,36
211932,211968,211972,4,36
211932,211968,211972,4,36
211932,211968,211971,3,36
211932,211968,211972,4,36
211932,211969,211972,3,37
211932,211969,211972,3,37
211932,211968,211972,4,36
211932,211969,211972,3,37
211932,211968,211972,4,36
211932,211968,211972,4,36
211932,211968,211972,4,36
211932,211968,211972,4,36
211932,211968,211972,4,36
211932,211969,211972,3,37
211932,211968,211972,4,36
211932,211969,211972,3,37
211932,211969,211972,3,37
211932,211969,211973,4,37
211932,211969,211973,4,37
211932,211969,211972,3,37
211932,211970,211972,2,38
211932,211969,211973,4,37
211932,211970,211972,2,38
211932,211969,211972,3,37
211932,211970,211973,3,38
211932,211969,211973,4,37
211932,211969,211973,4,37
211932,211969,211973,4,37
211932,211970,211973,3,38
211932,211969,211973,4,37
211932,211968,211973,5,36
211932,211969,211973,4,37
211932,211968,211973,5,36
211932,211969,211973,4,37
211932,211969,211973,4,37
211932,211969,211973,4,37
211932,211970,211974,4,38
211932,211970,211974,4,38
211932,211971,211974,3,39
211932,211970,211973,3,38
211932,211970,211974,4,38
211932,211971,211974,3,39
211932,211971,211974,3,39
211932,211971,211975,4,39
211932,211971,211975,4,39
211932,211973,211974,1,41
211932,211971,211975,4,39
211932,211971,211975,4,39
211932,211971,211975,4,39
211932,211973,211975,2,41
211932,211973,211975,2,41
211932,211973,211975,2,41
211932,211973,211976,3,41
211932,211972,211976,4,40
211932,211972,211975,3,40
211932,211972,211976,4,40
211932,211973,211976,3,41
211932,211972,211976,4,40
211932,211972,211976,4,40
211932,211972,211976,4,40
211932,211972,211976,4,40
211932,211972,211976,4,40
211932,211973,211976,3,41
211932,211973,211976,3,41
211932,211971,211976,5,39
211932,211972,211976,4,40
211932,211972,211976,4,40
211932,211973,211976,3,41
211932,211972,211976,4,40
211932,211972,211976,4,40
211932,211973,211976,3,41
211932,211973,211976,3,41
211932,211972,211976,4,40
211932,211973,211977,4,41
211932,211973,211976,3,41
211932,211973,211977,4,41
211932,211972,211977,5,40
211932,211972,211977,5,40
211932,211972,211977,5,40
211932,211973,211977,4,41
211932,211973,211977,4,41
211932,211972,211977,5,40
211932,211973,211977,4,41
211932,211972,211977,5,40
211932,211973,211977,4,41
211932,211972,211977,5,40
211932,211973,211977,4,41
211932,211973,211977,4,41
211932,211973,211977,4,41
211932,211974,211977,3,42
211932,211973,211978,5,41
211932,211974,211978,4,42
211932,211973,211978,5,41
211932,211973,211977,4,41
211932,211974,211978,4,42
211932,211973,211978,5,41
211932,211974,211978,4,42
211932,211975,211979,4,43
211932,211973,211978,5,41
211932,211975,211979,4,43
211932,211975,211979,4,43
211932,211976,211978,2,44
211932,211974,211979,5,42
211932,211974,211979,5,42
211932,211977,211980,3,45
211932,211977,211979,2,45
211932,211975,211979,4,43
211932,211975,211979,4,43
211932,211976,211979,3,44
211932,211974,211979,5,42
211932,211976,211979,3,44
211932,211978,211979,1,46
211932,211978,211979,1,46
211932,211978,211980,2,46
211932,211976,211980,4,44
211932,211976,211979,3,44
211932,211976,211980,4,44
211932,211978,211980,2,46
211932,211978,211980,2,46
211932,211976,211980,4,44
211932,211976,211980,4,44
211932,211977,211980,3,45
211932,211978,211980,2,46
211932,211978,211981,3,46
211932,211976,211980,4,44
211932,211976,211980,4,44
211932,211976,211980,4,44
211932,211976,211980,4,44
211932,211977,211980,3,45
211932,211977,211980,3,45
211932,211975,211980,5,43
211932,211976,211980,4,44
211932,211977,211980,3,45
211932,211976,211980,4,44
211932,211976,211980,4,44
211932,211977,211980,3,45
211932,211978,211980,2,46
211932,211978,211980,2,46
211932,211977,211980,3,45
211932,211977,211980,3,45
211001,211001,211981,980,0
211932,211977,211981,4,45
211932,211976,211981,5,44
211932,211977,211981,4,45
211932,211977,211980,3,45
211932,211977,211981,4,45
211932,211978,211981,3,46
211932,211978,211981,3,46
211932,211978,211981,3,46
211932,211978,211981,3,46
211932,211979,211981,2,47
211932,211978,211981,3,46
211932,211978,211981,3,46
211932,211978,211981,3,46
211932,211979,211981,2,47
211932,211979,211982,3,47
211932,211979,211982,3,47
211932,211979,211982,3,47
211932,211979,211982,3,47
211932,211979,211982,3,47
211932,211978,211982,4,46
211932,211980,211982,2,48
211932,211978,211982,4,46
211932,211979,211982,3,47
211932,211980,211982,2,48
211949,211950,211983,33,1
211932,211980,211983,3,48
211932,211980,211984,4,48
211932,211980,211983,3,48
211932,211980,211984,4,48
211932,211980,211983,3,48
211932,211980,211984,4,48
211932,211981,211984,3,49
211932,211980,211984,4,48
211932,211980,211983,3,48
211932,211980,211983,3,48
211932,211980,211984,4,48
211932,211980,211983,3,48
211932,211980,211984,4,48
211932,211980,211984,4,48
211932,211980,211983,3,48
211932,211980,211984,4,48
211932,211980,211984,4,48
211932,211980,211984,4,48
211932,211982,211984,2,50
211932,211981,211984,3,49
211932,211981,211985,4,49
211932,211981,211984,3,49
211932,211982,211984,2,50
211932,211982,211984,2,50
211932,211981,211984,3,49
211932,211981,211984,3,49
211932,211981,211984,3,49
211932,211981,211985,4,49
211932,211981,211985,4,49
211932,211981,211985,4,49
211932,211981,211984,3,49
211932,211981,211985,4,49
211932,211981,211985,4,49
211932,211982,211984,2,50
211932,211981,211985,4,49
211932,211981,211985,4,49
211932,211982,211985,3,50
211932,211982,211985,3,50
211932,211982,211985,3,50
211932,211982,211986,4,50
211932,211982,211986,4,50
211932,211981,211986,5,49
211932,211981,211985,4,49
211932,211982,211986,4,50
211932,211981,211985,4,49
211932,211982,211985,3,50
211932,211982,211986,4,50
211932,211982,211986,4,50
211932,211982,211985,3,50
211932,211981,211986,5,49
211932,211981,211985,4,49
211932,211982,211986,4,50
211932,211982,211986,4,50
211932,211982,211986,4,50
211932,211983,211987,4,51
211932,211981,211986,5,49
211932,211983,211987,4,51
211932,211983,211986,3,51
211932,211983,211987,4,51
211932,211984,211987,3,52
211932,211982,211986,4,50
211932,211983,211987,4,51
211932,211985,211988,3,53
211932,211985,211987,2,53
211932,211983,211987,4,51
211932,211984,211987,3,52
211932,211984,211987,3,52
211932,211985,211988,3,53
211932,211986,211988,2,54
211932,211984,211988,4,52
211932,211985,211988,3,53
211932,211985,211988,3,53
211932,211986,211988,2,54
211932,211984,211988,4,52
211932,211984,211988,4,52
211932,211985,211988,3,53
211932,211984,211988,4,52
211932,211984,211988,4,52
211932,211984,211988,4,52
211932,211984,211988,4,52
211932,211985,211988,3,53
211932,211985,211989,4,53
211932,211986,211988,2,54
211932,211985,211988,3,53
211932,211985,211988,3,53
211932,211986,211988,2,54
211932,211985,211988,3,53
211932,211985,211988,3,53
211932,211985,211989,4,53
211932,211986,211988,2,54
211932,211987,211989,2,55
211932,211985,211989,4,53
211932,211985,211988,3,53
211932,211986,211989,3,54
211932,211985,211988,3,53
211932,211984,211988,4,52
211932,211985,211988,3,53
211932,211986,211989,3,54
211932,211986,211989,3,54
211932,211984,211988,4,52
211932,211984,211988,4,52
211932,211986,211989,3,54
211932,211986,211989,3,54
211932,211985,211989,4,53
211932,211985,211989,4,53
211932,211985,211989,4,53
211932,211986,211989,3,54
211932,211986,211989,3,54
211932,211986,211989,3,54
211932,211987,211989,2,55
211932,211986,211990,4,54
211932,211986,211989,3,54
211932,211986,211990,4,54
211932,211986,211990,4,54
211932,211986,211990,4,54
211932,211986,211990,4,54
211932,211987,211990,3,55
211932,211987,211990,3,55
211932,211987,211990,3,55
211932,211988,211991,3,56
211932,211987,211991,4,55
211932,211987,211991,4,55
211932,211988,211991,3,56
211932,211988,211991,3,56
211932,211987,211991,4,55
211932,211989,211991,2,57
211932,211989,211991,2,57
211932,211988,211992,4,56
211932,211989,211992,3,57
211932,211988,211992,4,56
211932,211988,211992,4,56
211932,211988,211992,4,56
211932,211988,211992,4,56
211932,211987,211992,5,55
211932,211988,211992,4,56
211932,211988,211992,4,56
211932,211990,211992,2,58
211932,211990,211992,2,58
211932,211989,211992,3,57
211932,211989,211992,3,57
211932,211989,211993,4,57
211932,211989,211993,4,57
211932,211989,211993,4,57
211932,211989,211993,4,57
211932,211989,211993,4,57
211932,211988,211992,4,56
211932,211988,211993,5,56
211932,211989,211993,4,57
211932,211988,211994,6,56
211932,211990,211993,3,58
211932,211988,211993,5,56
211932,211989,211993,4,57
211932,211990,211993,3,58
211932,211990,211993,3,58
211932,211990,211994,4,58
211932,211990,211993,3,58
211932,211989,211994,5,57
211932,211989,211994,5,57
211932,211989,211993,4,57
211932,211990,211994,4,58
211932,211989,211994,5,57
211932,211989,211994,5,57
211932,211989,211993,4,57
211932,211989,211994,5,57
211932,211990,211994,4,58
211932,211990,211994,4,58
211932,211990,211994,4,58
211932,211990,211993,3,58
211932,211992,211994,2,60
211932,211989,211994,5,57
211932,211990,211994,4,58
211932,211990,211994,4,58
211932,211990,211994,4,58
211932,211993,211995,2,61
211932,211990,211994,4,58
211932,211991,211994,3,59
211932,211990,211994,4,58
211932,211990,211994,4,58
211932,211990,211994,4,58
211932,211991,211995,4,59
211932,211992,211995,3,60
211932,211990,211994,4,58
211932,211990,211995,5,58
211932,211991,211995,4,59
211932,211990,211995,5,58
211932,211992,211995,3,60
211932,211992,211996,4,60
211932,211992,211995,3,60
211932,211993,211996,3,61
211932,211993,211996,3,61
211932,211994,211997,3,62
211932,211995,211997,2,63
211932,211993,211996,3,61
211932,211995,211996,1,63
211932,211993,211996,3,61
211932,211993,211996,3,61
211932,211992,211996,4,60
211932,211994,211997,3,62
211932,211992,211996,4,60
211932,211993,211996,3,61
211932,211993,211997,4,61
211932,211994,211997,3,62
211932,211993,211996,3,61
211932,211994,211997,3,62
211932,211992,211996,4,60
211932,211994,211997,3,62
211932,211994,211996,2,62
211932,211993,211997,4,61
211932,211993,211997,4,61
211932,211994,211997,3,62
211932,211994,211997,3,62
211932,211993,211997,4,61
211932,211994,211997,3,62
211932,211993,211997,4,61
211932,211993,211997,4,61
211932,211993,211997,4,61
211932,211994,211997,3,62
211932,211994,211997,3,62
211932,211994,211997,3,62
211932,211993,211997,4,61
211932,211993,211997,4,61
211932,211994,211997,3,62
211932,211995,211998,3,63
211932,211993,211997,4,61
211932,211995,211997,2,63
211932,211994,211997,3,62
211932,211994,211997,3,62
211932,211994,211998,4,62
211932,211994,211997,3,62
211932,211994,211997,3,62
211932,211995,211998,3,63
211932,211995,211998,3,63
211932,211994,211998,4,62
211932,211995,211998,3,63
211932,211995,211997,2,63
211932,211994,211997,3,62
210949,210949,211998,1049,0
211932,211993,211998,5,61
211932,211994,211998,4,62
211932,211995,211998,3,63
211933,211995,211999,4,62
211933,211997,211999,2,64
211933,211997,211999,2,64
211933,211995,211999,4,62
211933,211995,211999,4,62
211933,211995,211999,4,62
211933,211996,211999,3,63
211933,211996,211999,3,63
211933,211996,212000,4,63
211933,211997,212000,3,64
211933,211998,211999,1,65
211933,211996,212000,4,63
211933,211998,212000,2,65
211933,211998,211999,1,65
211933,211996,212000,4,63
211933,211997,212000,3,64
211933,211997,211999,2,64
211933,211996,211999,3,63
211933,211997,211999,2,64
211933,211997,212000,3,64
211933,211997,212000,3,64
211933,211997,212001,4,64
211933,211998,212001,3,65
211933,211997,212000,3,64
211933,211998,212001,3,65
211933,211997,212001,4,64
211933,211997,212001,4,64
211933,211997,212001,4,64
211933,211997,212001,4,64
211933,211997,212001,4,64
211933,211997,212001,4,64
211933,211997,212001,4,64
211933,211997,212001,4,64
211933,211997,212001,4,64
211933,211997,212002,5,64
211933,211998,212001,3,65
211933,211998,212001,3,65
211933,211998,212002,4,65
211933,211998,212001,3,65
211933,211998,212001,3,65
211933,211997,212001,4,64
211933,211998,212002,4,65
211933,211998,212001,3,65
211933,211998,212002,4,65
211933,212000,212001,1,67
211933,212000,212002,2,67
211933,211998,212002,4,65
211933,211998,212002,4,65
211933,211998,212002,4,65
211933,211998,212002,4,65
211933,211998,212002,4,65
211933,211998,212002,4,65
211933,211997,212002,5,64
211933,211998,212002,4,65
211933,211998,212002,4,65
211933,211999,212002,3,66
211933,211998,212002,4,65
211933,211999,212002,3,66
211933,211999,212003,4,66
211933,212000,212003,3,67
211933,212000,212003,3,67
211933,211998,212003,5,65
211933,212000,212003,3,67
211933,212000,212003,3,67
211933,211998,212003,5,65
211933,211999,212003,4,66
211933,211998,212002,4,65
211933,211998,212002,4,65
211933,211999,212002,3,66
211933,211999,212003,4,66
211933,212000,212003,3,67
211933,212000,212003,3,67
210986,210986,212004,1018,0
211933,212000,212003,3,67
211933,212000,212003,3,67
211933,211998,212003,5,65
211933,212001,212003,2,68
211933,212000,212003,3,67
211933,212001,212003,2,68
211933,212001,212003,2,68
211933,212001,212004,3,68
211933,212000,212004,4,67
211933,212001,212004,3,68
211933,212001,212004,3,68
211933,212001,212004,3,68
211933,212000,212004,4,67
211933,212000,212004,4,67
211933,212002,212004,2,69
211933,212002,212004,2,69
211933,212002,212004,2,69
211933,212002,212005,3,69
211933,212002,212005,3,69
211933,212002,212005,3,69
211933,212002,212005,3,69
211933,212002,212005,3,69
211933,212000,212005,5,67
211933,212001,212005,4,68
211933,212001,212004,3,68
211933,212000,212005,5,67
211933,212001,212005,4,68
211933,212001,212005,4,68
211933,212002,212005,3,69
211933,212001,212005,4,68
211933,212001,212005,4,68
211933,212002,212005,3,69
211933,212002,212005,3,69
211933,212000,212005,5,67
211933,212002,212005,3,69
211933,212002,212005,3,69
211933,212001,212005,4,68
211933,212002,212005,3,69
211933,212002,212005,3,69
211933,212003,212006,3,70
211933,212003,212006,3,70
211933,212004,212005,1,71
211933,212002,212005,3,69
211933,212002,212005,3,69
211933,212002,212006,4,69
211933,212003,212007,4,70
211933,212002,212006,4,69
211933,212002,212006,4,69
211933,212003,212007,4,70
211933,212005,212006,1,72
211933,212003,212007,4,70
211933,212005,212007,2,72
211933,212003,212006,3,70
211933,212003,212006,3,70
211933,212004,212006,2,71
211933,212004,212006,2,71
211933,212003,212007,4,70
211933,212003,212007,4,70
211933,212005,212007,2,72
211933,212006,212007,1,73
211933,212006,212007,1,73
211933,212003,212007,4,70
211933,212003,212007,4,70
211933,212003,212007,4,70
211933,212004,212007,3,71
211933,212003,212007,4,70
211933,212004,212007,3,71
211933,212005,212007,2,72
211933,212004,212007,3,71
211933,212004,212007,3,71
211933,212005,212007,2,72
211933,212005,212007,2,72
211933,212003,212008,5,70
211933,212005,212007,2,72
211933,212004,212007,3,71
211933,212004,212008,4,71
211933,212004,212008,4,71
211933,212004,212007,3,71
211933,212004,212008,4,71
211933,212005,212008,3,72
211933,212004,212008,4,71
211933,212006,212009,3,73
211933,212006,212009,3,73
211933,212005,212008,3,72
211933,212005,212008,3,72
211933,212005,212009,4,72
211933,212005,212008,3,72
211933,212005,212008,3,72
211933,212007,212008,1,74
211933,212005,212009,4,72
211933,212005,212009,4,72
211933,212005,212008,3,72
211933,212007,212009,2,74
211933,212005,212009,4,72
211933,212005,212009,4,72
211933,212006,212009,3,73
211933,212008,212009,1,75
211933,212006,212009,3,73
211933,212006,212010,4,73
211933,212006,212009,3,73
211933,212007,212009,2,74
211933,212007,212010,3,74
211933,212006,212009,3,73
211933,212006,212010,4,73
211933,212007,212010,3,74
211933,212006,212010,4,73
211933,212006,212010,4,73
211933,212005,212010,5,72
211933,212006,212010,4,73
211933,212006,212010,4,73
211933,212007,212011,4,74
211933,212007,212010,3,74
211933,212007,212011,4,74
211933,212007,212011,4,74
211933,212008,212010,2,75
211933,212008,212010,2,75
211933,212008,212011,3,75
211933,212006,212010,4,73
211933,212006,212010,4,73
211933,212007,212011,4,74
211933,212007,212011,4,74
211933,212007,212010,3,74
211933,212006,212010,4,73
211933,212008,212011,3,75
211933,212008,212012,4,75
211933,212008,212012,4,75
211933,212008,212011,3,75
211933,212008,212011,3,75
211933,212010,212011,1,77
211933,212008,212012,4,75
211933,212010,212012,2,77
211933,212008,212011,3,75
211933,212009,212011,2,76
211933,212008,212011,3,75
211933,212008,212012,4,75
211933,212008,212011,3,75
211933,212008,212012,4,75
211933,212008,212012,4,75
211933,212008,212011,3,75
211933,212008,212012,4,75
211933,212008,212011,3,75
211933,212009,212011,2,76
211933,212009,212011,2,76
211933,212008,212011,3,75
211933,212009,212012,3,76
211933,212008,212012,4,75
211933,212009,212012,3,76
211933,212009,212012,3,76
211933,212008,212012,4,75
211933,212009,212012,3,76
211933,212010,212012,2,77
211933,212010,212013,3,77
211933,212008,212012,4,75
211933,212009,212012,3,76
211933,212009,212013,4,76
211933,212009,212012,3,76
211933,212009,212013,4,76
211933,212010,212013,3,77
211933,212009,212013,4,76
211933,212010,212013,3,77
211933,212010,212013,3,77
211933,212010,212013,3,77
211933,212008,212012,4,75
211933,212010,212013,3,77
211933,212009,212013,4,76
211933,212009,212013,4,76
211933,212010,212014,4,77
211949,212011,212013,2,62
211949,212011,212014,3,62
211949,212011,212014,3,62
211933,212010,212013,3,77
211949,212011,212014,3,62
211949,212012,212014,2,63
211949,212012,212014,2,63
211949,212012,212014,2,63
211949,212012,212013,1,63
211949,212010,212014,4,61
211949,212011,212014,3,62
211949,212011,212014,3,62
211949,212010,212014,4,61
211949,212013,212014,1,64
211949,212011,212014,3,62
211949,212011,212014,3,62
211949,212011,212014,3,62
211949,212011,212014,3,62
211949,212012,212015,3,63
211949,212012,212015,3,63
211949,212012,212015,3,63
211949,212012,212015,3,63
211949,212012,212015,3,63
211949,212012,212015,3,63
211949,212012,212015,3,63
211949,212011,212014,3,62
211949,212011,212014,3,62
211949,212012,212015,3,63
211949,212011,212014,3,62
211949,212012,212014,2,63
211949,212011,212015,4,62
211949,212013,212015,2,64
211949,212011,212016,5,62
211949,212013,212015,2,64
211949,212014,212015,1,65
211949,212014,212015,1,65
211949,212014,212016,2,65
211949,212012,212016,4,63
211949,212013,212016,3,64
211949,212013,212016,3,64
211949,212013,212016,3,64
211949,212012,212016,4,63
211949,212012,212016,4,63
211949,212012,212016,4,63
211949,212013,212016,3,64
211949,212013,212016,3,64
211949,212013,212017,4,64
211949,212015,212016,1,66
211949,212015,212016,1,66
211949,212012,212016,4,63
211949,212012,212017,5,63
211949,212013,212017,4,64
211949,212014,212017,3,65
211949,212012,212017,5,63
211949,212013,212017,4,64
211949,212013,212017,4,64
211949,212013,212017,4,64
211949,212013,212017,4,64
211949,212013,212017,4,64
211949,212014,212017,3,65
211949,212014,212017,3,65
211949,212013,212017,4,64
211949,212015,212018,3,66
211949,212013,212017,4,64
211949,212014,212017,3,65
211949,212015,212018,3,66
211949,212012,212017,5,63
211949,212012,212017,5,63
211949,212013,212017,4,64
211949,212015,212018,3,66
211949,212015,212017,2,66
211949,212015,212018,3,66
211949,212015,212018,3,66
211949,212015,212018,3,66
211949,212014,212018,4,65
211949,212014,212018,4,65
211949,212015,212018,3,66
211949,212015,212018,3,66
211949,212014,212018,4,65
211949,212014,212018,4,65
211949,212015,212018,3,66
211949,212015,212018,3,66
211949,212015,212018,3,66
211949,212016,212019,3,67
211949,212017,212019,2,68
211949,212015,212019,4,66
211949,212016,212019,3,67
211949,212015,212019,4,66
211949,212017,212019,2,68
211949,212014,212019,5,65
211949,212014,212019,5,65
211949,212015,212019,4,66
211949,212015,212019,4,66
211949,212015,212019,4,66
211949,212015,212019,4,66
211949,212017,212019,2,68
211949,212017,212019,2,68
211949,212017,212019,2,68
211949,212017,212019,2,68
211949,212017,212020,3,68
211949,212016,212019,3,67
211949,212016,212020,4,67
211949,212016,212019,3,67
211949,212016,212019,3,67
211949,212017,212020,3,68
211949,212016,212020,4,67
211949,212015,212020,5,66
211949,212015,212020,5,66
211949,212017,212020,3,68
211949,212017,212020,3,68
211949,212015,212020,5,66
211950,212018,212020,2,68
211949,212016,212020,4,67
211949,212017,212020,3,68
211949,212016,212020,4,67
211949,212016,212020,4,67
211949,212018,212020,2,69
211949,212018,212020,2,69
211949,212017,212020,3,68
211949,212017,212021,4,68
211949,212017,212021,4,68
211950,212018,212021,3,68
211950,212018,212021,3,68
211950,212018,212021,3,68
211950,212019,212022,3,69
211950,212019,212022,3,69
211950,212018,212021,3,68
211950,212018,212021,3,68
211950,212018,212022,4,68
211950,212019,212022,3,69
211950,212018,212021,3,68
211950,212018,212021,3,68
211950,212018,212022,4,68
211950,212018,212022,4,68
211950,212019,212022,3,69
211950,212018,212023,5,68
211950,212018,212022,4,68
211950,212020,212022,2,70
211950,212020,212023,3,70
211950,212021,212023,2,71
211950,212019,212022,3,69
211950,212020,212023,3,70
211950,212020,212022,2,70
211950,212020,212023,3,70
211950,212019,212022,3,69
211950,212019,212023,4,69
211950,212019,212023,4,69
211950,212021,212023,2,71
211950,212019,212022,3,69
211950,212019,212022,3,69
211950,212020,212022,2,70
211950,212020,212022,2,70
211950,212019,212022,3,69
211950,212020,212023,3,70
211950,212018,212022,4,68
211950,212018,212022,4,68
211950,212020,212023,3,70
211950,212021,212023,2,71
211950,212021,212024,3,71
211950,212021,212023,2,71
211950,212019,212023,4,69
211950,212020,212024,4,70
211950,212021,212023,2,71
211950,212021,212024,3,71
211950,212021,212023,2,71
211950,212021,212024,3,71
211950,212020,212023,3,70
211950,212020,212023,3,70
211950,212020,212023,3,70
211950,212020,212023,3,70
211950,212019,212023,4,69
211950,212021,212024,3,71
211950,212020,212023,3,70
211950,212020,212024,4,70
211950,212020,212023,3,70
211950,212021,212025,4,71
211950,212021,212024,3,71
210964,210964,212025,1061,0
211950,212021,212024,3,71
211950,212020,212024,4,70
211950,212021,212025,4,71
211950,212020,212024,4,70
211950,212022,212025,3,72
211950,212022,212025,3,72
211950,212022,212025,3,72
211950,212023,212026,3,73
211950,212022,212026,4,72
211950,212022,212025,3,72
211950,212023,212025,2,73
211950,212023,212026,3,73
211950,212024,212026,2,74
211950,212024,212025,1,74
211950,212024,212026,2,74
211950,212022,212026,4,72
211950,212022,212025,3,72
211950,212022,212025,3,72
211950,212024,212026,2,74
211950,212023,212026,3,73
211950,212023,212026,3,73
211950,212023,212026,3,73
211950,212022,212025,3,72
211950,212022,212026,4,72
211950,212023,212026,3,73
211950,212022,212026,4,72
211950,212022,212026,4,72
211950,212023,212026,3,73
211950,212023,212027,4,73
211950,212024,212026,2,74
211950,212023,212027,4,73
211950,212023,212027,4,73
211950,212023,212026,3,73
211950,212023,212026,3,73
211950,212023,212026,3,73
211950,212023,212027,4,73
211950,212023,212026,3,73
211950,212023,212027,4,73
211950,212024,212027,3,74
211950,212025,212027,2,75
211950,212023,212026,3,73
211950,212023,212027,4,73
211950,212024,212027,3,74
211950,212024,212026,2,74
211950,212023,212027,4,73
211950,212024,212026,2,74
211950,212024,212026,2,74
211950,212024,212027,3,74
211950,212022,212027,5,72
211950,212023,212027,4,73
211950,212023,212027,4,73
211950,212024,212027,3,74
211950,212022,212027,5,72
211950,212022,212027,5,72
211950,212024,212028,4,74
211950,212024,212028,4,74
211950,212025,212028,3,75
211950,212025,212028,3,75
211951,212025,212028,3,74
211950,212024,212028,4,74
211950,212024,212028,4,74
211950,212024,212028,4,74
211950,212024,212028,4,74
211950,212024,212028,4,74
211951,212025,212028,3,74
210967,210967,212028,1061,0
211951,212025,212029,4,74
211951,212026,212029,3,75
211951,212025,212029,4,74
211951,212026,212029,3,75
211951,212026,212029,3,75
211951,212026,212029,3,75
211951,212025,212029,4,74
211951,212026,212029,3,75
211951,212026,212029,3,75
211951,212026,212029,3,75
211951,212026,212029,3,75
211951,212026,212030,4,75
211951,212026,212029,3,75
211951,212027,212030,3,76
211951,212027,212029,2,76
211951,212027,212030,3,76
211951,212026,212030,4,75
211951,212026,212030,4,75
211951,212026,212030,4,75
211951,212026,212030,4,75
211951,212026,212030,4,75
211951,212026,212029,3,75
211951,212026,212030,4,75
211951,212026,212029,3,75
211951,212026,212030,4,75
211951,212026,212030,4,75
211951,212028,212030,2,77
211951,212027,212031,4,76
211951,212027,212031,4,76
211951,212027,212031,4,76
211951,212027,212031,4,76
211951,212027,212031,4,76
211951,212027,212031,4,76
211951,212027,212031,4,76
211951,212027,212030,3,76
211951,212027,212031,4,76
211951,212027,212031,4,76
211951,212027,212031,4,76
211951,212027,212031,4,76
211951,212027,212031,4,76
211951,212026,212031,5,75
211951,212027,212031,4,76
211951,212027,212031,4,76
211951,212027,212031,4,76
211951,212027,212031,4,76
211951,212029,212031,2,78
211951,212027,212032,5,76
211951,212027,212031,4,76
211951,212028,212031,3,77
211951,212028,212032,4,77
210972,210972,212031,1059,0
211951,212029,212032,3,78
211951,212027,212031,4,76
211951,212028,212032,4,77
211951,212028,212032,4,77
211951,212027,212031,4,76
211951,212027,212031,4,76
211951,212028,212032,4,77
211951,212027,212032,5,76
211951,212028,212032,4,77
211951,212029,212032,3,78
211951,212029,212032,3,78
211951,212029,212032,3,78
211951,212029,212032,3,78
211951,212028,212033,5,77
211951,212029,212033,4,78
211951,212028,212033,5,77
211951,212029,212032,3,78
211951,212030,212033,3,79
211951,212029,212033,4,78
211951,212030,212034,4,79
211951,212028,212033,5,77
211951,212030,212033,3,79
211951,212030,212033,3,79
211951,212030,212033,3,79
211951,212031,212033,2,80
211951,212031,212034,3,80
211951,212032,212034,2,81
211951,212030,212034,4,79
211951,212030,212034,4,79
211951,212030,212034,4,79
211951,212030,212034,4,79
211951,212030,212034,4,79
211951,212031,212034,3,80
211951,212030,212034,4,79
211951,212030,212033,3,79
211951,212030,212034,4,79
211951,212029,212034,5,78
211951,212030,212033,3,79
211951,212030,212034,4,79
211951,212031,212034,3,80
211951,212032,212034,2,81
211951,212032,212035,3,81
211951,212030,212034,4,79
211951,212030,212034,4,79
211951,212030,212034,4,79
211951,212032,212034,2,81
211951,212032,212035,3,81
211951,212032,212034,2,81
211951,212032,212034,2,81
211951,212030,212034,4,79
211951,212031,212034,3,80
211951,212032,212035,3,81
211951,212031,212035,4,80
211951,212031,212035,4,80
211951,212031,212035,4,80
211951,212031,212035,4,80
211951,212032,212035,3,81
211951,212032,212035,3,81
211951,212031,212035,4,80
211951,212031,212035,4,80
211951,212032,212035,3,81
211951,212032,212035,3,81
211951,212032,212035,3,81
211951,212032,212035,3,81
211951,212032,212035,3,81
211951,212031,212035,4,80
211951,212032,212035,3,81
211951,212032,212036,4,81
210945,210945,212042,1097,0
210947,210947,212054,1107,0
210953,210953,212054,1101,0
210942,210942,212059,1117,0
210951,210951,212061,1110,0
210940,210940,212061,1121,0
212064,212065,212066,1,1
212064,212065,212066,1,1
212064,212065,212066,1,1
212064,212065,212067,2,1
212064,212065,212068,3,1
212064,212065,212067,2,1
212064,212065,212067,2,1
212064,212065,212067,2,1
212064,212065,212067,2,1
212064,212065,212067,2,1
212064,212065,212068,3,1
212064,212065,212068,3,1
212064,212065,212069,4,1
212064,212065,212068,3,1
212064,212065,212068,3,1
212064,212065,212069,4,1
212064,212065,212068,3,1
212064,212065,212068,3,1
212064,212065,212068,3,1
212064,212065,212068,3,1
212064,212065,212068,3,1
212064,212067,212069,2,3
212064,212065,212069,4,1
212064,212065,212069,4,1
212064,212065,212069,4,1
212064,212065,212069,4,1
212064,212065,212069,4,1
212064,212065,212069,4,1
212064,212065,212069,4,1
212064,212065,212070,5,1
212064,212065,212069,4,1
212064,212065,212070,5,1
212064,212065,212069,4,1
212064,212065,212069,4,1
212064,212065,212069,4,1
212064,212065,212069,4,1
212064,212065,212069,4,1
212064,212065,212069,4,1
212064,212065,212070,5,1
212064,212065,212069,4,1
212064,212065,212069,4,1
212064,212065,212069,4,1
212064,212065,212069,4,1
212064,212065,212069,4,1
212064,212065,212069,4,1
212064,212065,212069,4,1
212064,212065,212070,5,1
212064,212065,212069,4,1
212064,212065,212070,5,1
212064,212065,212069,4,1
212064,212065,212069,4,1
212064,212065,212069,4,1
212064,212065,212069,4,1
212064,212065,212069,4,1
212064,212067,212069,2,3
212064,212065,212069,4,1
212064,212065,212070,5,1
212064,212065,212069,4,1
212064,212065,212070,5,1
212064,212068,212070,2,4
212064,212065,212070,5,1
212064,212065,212070,5,1
212064,212065,212070,5,1
212064,212065,212070,5,1
212064,212065,212070,5,1
212064,212067,212070,3,3
212064,212065,212070,5,1
212064,212068,212071,3,4
212064,212068,212071,3,4
212064,212068,212071,3,4
212064,212068,212071,3,4
212064,212069,212071,2,5
212064,212069,212071,2,5
212064,212067,212071,4,3
212064,212068,212071,3,4
212064,212069,212072,3,5
212064,212069,212072,3,5
212064,212069,212072,3,5
212064,212070,212072,2,6
212064,212069,212072,3,5
212064,212069,212073,4,5
212064,212069,212072,3,5
212064,212070,212073,3,6
212064,212070,212072,2,6
212064,212069,212073,4,5
212064,212070,212073,3,6
212064,212069,212073,4,5
212064,212069,212073,4,5
212064,212070,212073,3,6
212064,212069,212072,3,5
212064,212069,212072,3,5
212064,212070,212073,3,6
212064,212070,212073,3,6
212064,212069,212073,4,5
212064,212069,212073,4,5
212064,212070,212074,4,6
212064,212070,212074,4,6
212064,212070,212073,3,6
212064,212070,212073,3,6
212064,212070,212073,3,6
212064,212070,212073,3,6
210992,210992,212073,1081,0
212064,212070,212073,3,6
212064,212070,212073,3,6
212064,212070,212074,4,6
212064,212070,212073,3,6
212064,212070,212073,3,6
212064,212070,212073,3,6
212064,212070,212074,4,6
212064,212070,212074,4,6
212064,212070,212074,4,6
212064,212070,212073,3,6
212064,212070,212073,3,6
212064,212070,212074,4,6
212064,212070,212074,4,6
212064,212070,212074,4,6
212064,212070,212073,3,6
212064,212070,212073,3,6
212064,212070,212074,4,6
212064,212070,212074,4,6
212064,212070,212073,3,6
212064,212070,212074,4,6
212064,212070,212074,4,6
212064,212070,212074,4,6
212064,212070,212074,4,6
212064,212070,212074,4,6
212064,212070,212074,4,6
212064,212071,212075,4,7
212064,212070,212074,4,6
212064,212070,212075,5,6
212064,212071,212075,4,7
212064,212071,212074,3,7
212064,212071,212075,4,7
212064,212071,212075,4,7
212064,212071,212075,4,7
212064,212071,212075,4,7
212064,212070,212075,5,6
212064,212071,212075,4,7
212064,212072,212076,4,8
212064,212072,212076,4,8
212064,212072,212076,4,8
212064,212072,212076,4,8
212064,212072,212075,3,8
212064,212072,212075,3,8
212064,212072,212076,4,8
212064,212072,212076,4,8
212064,212073,212076,3,9
212064,212072,212076,4,8
212064,212073,212076,3,9
212064,212074,212076,2,10
212064,212072,212076,4,8
212064,212074,212077,3,10
212064,212073,212077,4,9
212064,212074,212077,3,10
212064,212074,212077,3,10
212064,212074,212077,3,10
212064,212074,212077,3,10
212064,212074,212076,2,10
212044,212044,212077,33,0
212064,212073,212077,4,9
212064,212073,212077,4,9
212064,212074,212077,3,10
212064,212072,212077,5,8
212064,212074,212077,3,10
212064,212073,212077,4,9
212064,212073,212076,3,9
212064,212073,212077,4,9
212064,212073,212077,4,9
212064,212073,212077,4,9
212064,212073,212077,4,9
212064,212073,212077,4,9
212064,212074,212077,3,10
212064,212073,212078,5,9
212064,212074,212077,3,10
212064,212074,212078,4,10
212064,212074,212078,4,10
212064,212073,212077,4,9
212064,212074,212077,3,10
212064,212074,212077,3,10
212064,212075,212078,3,11
212064,212074,212077,3,10
212064,212075,212078,3,11
212064,212075,212078,3,11
212064,212074,212078,4,10
212064,212074,212078,4,10
212064,212073,212078,5,9
212064,212074,212078,4,10
212064,212074,212078,4,10
212064,212073,212078,5,9
212064,212073,212078,5,9
212064,212074,212078,4,10
212064,212074,212078,4,10
212064,212075,212079,4,11
212064,212074,212078,4,10
212064,212074,212078,4,10
212064,212074,212078,4,10
212064,212075,212079,4,11
212064,212074,212079,5,10
212064,212074,212079,5,10
212064,212075,212078,3,11
212064,212075,212078,3,11
212064,212074,212078,4,10
212064,212075,212079,4,11
212064,212076,212079,3,12
212064,212075,212079,4,11
212064,212077,212079,2,13
212064,212075,212079,4,11
212064,212074,212079,5,10
212064,212075,212079,4,11
212064,212075,212079,4,11
212064,212077,212080,3,13
212064,212075,212079,4,11
212064,212077,212079,2,13
212064,212075,212079,4,11
212064,212076,212079,3,12
212064,212076,212080,4,12
212064,212077,212079,2,13
212064,212076,212079,3,12
212064,212076,212080,4,12
212064,212076,212080,4,12
212064,212077,212079,2,13
212064,212077,212080,3,13
212064,212077,212080,3,13
212064,212077,212080,3,13
212064,212076,212080,4,12
212064,212077,212080,3,13
212064,212078,212080,2,14
212064,212078,212080,2,14
212064,212078,212080,2,14
212064,212078,212081,3,14
212064,212078,212080,2,14
212064,212079,212081,2,15
212064,212077,212080,3,13
212064,212078,212080,2,14
212064,212078,212080,2,14
212064,212079,212080,1,15
212064,212078,212081,3,14
212064,212078,212081,3,14
212064,212077,212081,4,13
212064,212077,212081,4,13
212064,212077,212081,4,13
212064,212078,212081,3,14
212064,212078,212081,3,14
212064,212078,212081,3,14
212064,212078,212081,3,14
212064,212079,212082,3,15
212064,212078,212081,3,14
212064,212078,212081,3,14
212064,212079,212081,2,15
212064,212079,212082,3,15
212064,212078,212081,3,14
212064,212078,212081,3,14
212064,212079,212081,2,15
212064,212079,212081,2,15
212064,212078,212082,4,14
212064,212078,212082,4,14
212064,212079,212082,3,15
212064,212078,212082,4,14
212064,212078,212082,4,14
212064,212078,212082,4,14
212064,212078,212082,4,14
212064,212078,212082,4,14
212064,212079,212082,3,15
212064,212079,212082,3,15
212064,212080,212082,2,16
212064,212080,212082,2,16
212064,212081,212083,2,17
212064,212079,212083,4,15
212064,212081,212083,2,17
212064,212081,212082,1,17
212064,212081,212083,2,17
212064,212079,212083,4,15
212064,212079,212082,3,15
212064,212080,212083,3,16
212064,212081,212082,1,17
212064,212079,212082,3,15
212064,212080,212083,3,16
212064,212081,212083,2,17
212064,212078,212082,4,14
212064,212079,212083,4,15
212064,212079,212083,4,15
212064,212079,212083,4,15
212064,212079,212083,4,15
212064,212079,212083,4,15
212064,212081,212083,2,17
212064,212081,212083,2,17
212064,212081,212083,2,17
212064,212081,212083,2,17
212064,212081,212084,3,17
212064,212081,212083,2,17
212064,212079,212083,4,15
212064,212080,212084,4,16
212064,212080,212084,4,16
212064,212080,212084,4,16
212064,212080,212084,4,16
212064,212081,212083,2,17
212064,212081,212084,3,17
212064,212080,212084,4,16
212064,212080,212084,4,16
212064,212080,212084,4,16
212064,212080,212084,4,16
212064,212082,212085,3,18
212064,212080,212084,4,16
212064,212082,212085,3,18
212064,212083,212085,2,19
212064,212083,212085,2,19
212064,212083,212085,2,19
212064,212082,212085,3,18
212064,212081,212085,4,17
212064,212081,212085,4,17
212064,212082,212084,2,18
212064,212080,212085,5,16
212064,212080,212085,5,16
212064,212080,212085,5,16
212064,212083,212085,2,19
210998,211011,212085,1074,13
212064,212081,212085,4,17
212064,212081,212085,4,17
212064,212082,212085,3,18
212064,212082,212085,3,18
212064,212083,212086,3,19
212064,212083,212086,3,19
212064,212083,212086,3,19
212064,212082,212086,4,18
212064,212082,212085,3,18
212064,212082,212086,4,18
212064,212082,212086,4,18
212064,212083,212086,3,19
212064,212083,212086,3,19
212064,212082,212085,3,18
212064,212082,212086,4,18
212064,212082,212085,3,18
212064,212082,212085,3,18
212064,212082,212086,4,18
212064,212083,212086,3,19
212064,212081,212086,5,17
212064,212082,212086,4,18
212064,212082,212086,4,18
212064,212083,212086,3,19
212064,212083,212086,3,19
212064,212083,212086,3,19
212064,212083,212086,3,19
212064,212083,212086,3,19
212064,212083,212086,3,19
212064,212083,212086,3,19
212064,212084,212086,2,20
212064,212082,212086,4,18
212064,212084,212087,3,20
212064,212084,212086,2,20
212064,212083,212087,4,19
212064,212084,212087,3,20
212064,212084,212087,3,20
212064,212084,212087,3,20
212064,212084,212086,2,20
212064,212083,212087,4,19
212064,212083,212086,3,19
212064,212084,212087,3,20
212064,212084,212087,3,20
212064,212085,212087,2,21
212064,212083,212087,4,19
212064,212083,212086,3,19
212064,212083,212086,3,19
212064,212084,212087,3,20
212064,212085,212087,2,21
212064,212083,212087,4,19
212064,212083,212087,4,19
212064,212084,212087,3,20
212064,212084,212087,3,20
212064,212084,212088,4,20
212064,212084,212088,4,20
212064,212084,212088,4,20
212064,212086,212088,2,22
212064,212084,212088,4,20
212064,212086,212088,2,22
212064,212084,212088,4,20
212064,212084,212088,4,20
212064,212085,212088,3,21
212064,212086,212088,2,22
212064,212086,212088,2,22
212064,212086,212088,2,22
212064,212087,212089,2,23
212064,212087,212089,2,23
212064,212086,212088,2,22
212064,212086,212088,2,22
212064,212086,212088,2,22
212064,212087,212089,2,23
212064,212087,212088,1,23
212064,212085,212088,3,21
212064,212086,212089,3,22
212064,212087,212089,2,23
212064,212087,212089,2,23
212064,212087,212089,2,23
212064,212087,212089,2,23
212064,212085,212089,4,21
212064,212085,212089,4,21
212064,212085,212089,4,21
212064,212085,212088,3,21
212064,212085,212088,3,21
212064,212087,212089,2,23
212064,212086,212089,3,22
212064,212086,212089,3,22
212064,212086,212089,3,22
212064,212085,212089,4,21
212064,212086,212089,3,22
212064,212084,212089,5,20
212064,212086,212090,4,22
212064,212086,212090,4,22
212064,212086,212089,3,22
212064,212087,212089,2,23
212064,212087,212089,2,23
212064,212086,212090,4,22
212064,212086,212089,3,22
212064,212086,212090,4,22
212064,212086,212090,4,22
212064,212086,212090,4,22
212064,212086,212090,4,22
212064,212086,212090,4,22
212064,212087,212090,3,23
212064,212086,212090,4,22
212064,212086,212090,4,22
212064,212087,212090,3,23
212064,212087,212091,4,23
212064,212087,212090,3,23
212064,212087,212090,3,23
212064,212089,212091,2,25
212064,212089,212091,2,25
212064,212089,212091,2,25
212064,212089,212091,2,25
212064,212089,212091,2,25
212064,212087,212091,4,23
212064,212089,212091,2,25
212064,212087,212091,4,23
212064,212087,212091,4,23
212064,212087,212091,4,23
212064,212087,212091,4,23
212064,212089,212092,3,25
212064,212087,212091,4,23
212064,212087,212091,4,23
212064,212088,212091,3,24
212064,212089,212091,2,25
212064,212089,212091,2,25
212064,212089,212091,2,25
212064,212087,212091,4,23
212064,212088,212092,4,24
212064,212089,212092,3,25
212064,212088,212091,3,24
212064,212089,212092,3,25
212064,212089,212092,3,25
212064,212089,212092,3,25
212064,212089,212092,3,25
212064,212089,212092,3,25
212064,212089,212092,3,25
212064,212089,212092,3,25
212064,212087,212092,5,23
212064,212087,212092,5,23
212064,212089,212092,3,25
212064,212089,212092,3,25
212064,212089,212092,3,25
212064,212089,212092,3,25
212064,212090,212093,3,26
212064,212090,212092,2,26
212064,212088,212092,4,24
212064,212088,212092,4,24
212064,212089,212092,3,25
212064,212089,212092,3,25
212064,212089,212092,3,25
212064,212090,212092,2,26
212064,212088,212092,4,24
212064,212090,212093,3,26
212064,212089,212092,3,25
212064,212089,212092,3,25
212064,212090,212093,3,26
212064,212089,212093,4,25
212064,212089,212092,3,25
212064,212090,212093,3,26
212064,212089,212094,5,25
212064,212089,212093,4,25
212064,212090,212093,3,26
212064,212089,212093,4,25
212065,212091,212093,2,26
212064,212090,212093,3,26
212064,212090,212093,3,26
212064,212090,212093,3,26
212064,212090,212093,3,26
212065,212092,212094,2,27
212065,212091,212094,3,26
212065,212091,212094,3,26
212065,212093,212095,2,28
212065,212091,212095,4,26
212065,212091,212095,4,26
212065,212091,212094,3,26
212065,212091,212094,3,26
212065,212092,212094,2,27
212065,212091,212094,3,26
212065,212091,212094,3,26
212065,212092,212094,2,27
212065,212091,212094,3,26
212065,212091,212094,3,26
212065,212092,212094,2,27
212065,212092,212094,2,27
212065,212092,212094,2,27
212065,212091,212094,3,26
212065,212092,212095,3,27
212065,212092,212095,3,27
212065,212093,212095,2,28
210980,210980,212095,1115,0
212065,212092,212095,3,27
212065,212093,212094,1,28
212065,212093,212095,2,28
212065,212093,212095,2,28
212065,212092,212095,3,27
212065,212092,212095,3,27
212065,212092,212096,4,27
212065,212092,212095,3,27
212065,212092,212095,3,27
212065,212092,212096,4,27
212065,212093,212095,2,28
212065,212093,212096,3,28
212065,212092,212095,3,27
212065,212092,212095,3,27
212065,212093,212095,2,28
212065,212092,212096,4,27
212065,212093,212095,2,28
212065,212093,212095,2,28
212065,212093,212095,2,28
212065,212092,212095,3,27
212065,212092,212096,4,27
212065,212093,212096,3,28
212065,212093,212095,2,28
212065,212092,212096,4,27
212065,212093,212095,2,28
212065,212091,212095,4,26
212065,212092,212096,4,27
212065,212092,212096,4,27
212065,212093,212096,3,28
212065,212093,212096,3,28
212065,212092,212096,4,27
212065,212093,212096,3,28
212065,212093,212096,3,28
212065,212093,212097,4,28
212065,212093,212097,4,28
212065,212094,212097,3,29
212065,212093,212096,3,28
212065,212093,212097,4,28
212065,212093,212096,3,28
212065,212093,212096,3,28
212065,212094,212097,3,29
212065,212092,212096,4,27
212065,212093,212097,4,28
212065,212094,212097,3,29
212065,212095,212097,2,30
212065,212094,212098,4,29
212065,212094,212098,4,29
212065,212094,212097,3,29
212065,212095,212097,2,30
212065,212095,212098,3,30
212065,212093,212097,4,28
212065,212094,212097,3,29
212065,212096,212098,2,31
212065,212096,212098,2,31
212065,212096,212098,2,31
212065,212094,212097,3,29
212065,212095,212098,3,30
212065,212094,212097,3,29
212065,212095,212098,3,30
212065,212095,212098,3,30
212065,212094,212098,4,29
212065,212095,212098,3,30
212065,212095,212098,3,30
212065,212095,212097,2,30
212065,212095,212099,4,30
212065,212095,212098,3,30
212065,212095,212098,3,30
212065,212095,212098,3,30
212065,212095,212099,4,30
212065,212095,212099,4,30
212065,212095,212098,3,30
212065,212096,212099,3,31
212065,212096,212099,3,31
212065,212095,212099,4,30
212065,212095,212099,4,30
212065,212095,212098,3,30
212065,212096,212099,3,31
212065,212096,212099,3,31
212065,212095,212098,3,30
212065,212095,212098,3,30
212065,212096,212098,2,31
212065,212096,212099,3,31
212065,212096,212098,2,31
212065,212095,212099,4,30
212065,212095,212099,4,30
212065,212095,212098,3,30
212065,212096,212099,3,31
212065,212096,212099,3,31
212065,212096,212099,3,31
212065,212096,212100,4,31
212065,212096,212099,3,31
212065,212096,212099,3,31
212065,212095,212099,4,30
212065,212096,212100,4,31
212065,212096,212099,3,31
212065,212096,212099,3,31
212065,212096,212099,3,31
212065,212096,212100,4,31
212065,212097,212100,3,32
212065,212097,212100,3,32
212065,212095,212099,4,30
212065,212096,212099,3,31
212065,212096,212100,4,31
212065,212096,212100,4,31
212065,212096,212100,4,31
212065,212096,212100,4,31
212065,212098,212101,3,33
212065,212097,212100,3,32
212065,212097,212101,4,32
212065,212097,212101,4,32
212065,212097,212101,4,32
212065,212097,212100,3,32
212065,212097,212101,4,32
212065,212099,212101,2,34
212065,212099,212101,2,34
212065,212097,212101,4,32
212065,212097,212100,3,32
212065,212098,212101,3,33
212065,212098,212102,4,33
212065,212098,212102,4,33
212065,212099,212102,3,34
212065,212098,212102,4,33
212065,212098,212102,4,33
212065,212098,212102,4,33
212065,212098,212102,4,33
212065,212100,212102,2,35
212065,212098,212102,4,33
212065,212099,212102,3,34
212065,212097,212102,5,32
212065,212098,212102,4,33
212065,212099,212102,3,34
212065,212099,212102,3,34
212065,212099,212102,3,34
212065,212099,212102,3,34
212065,212099,212102,3,34
212065,212100,212103,3,35
212065,212098,212102,4,33
212065,212098,212102,4,33
212065,212099,212102,3,34
212065,212100,212103,3,35
212065,212098,212103,5,33
212065,212099,212103,4,34
212065,212099,212103,4,34
212065,212098,212103,5,33
212065,212099,212103,4,34
212065,212099,212103,4,34
212065,212098,212103,5,33
212065,212098,212103,5,33
212065,212098,212103,5,33
212065,212099,212103,4,34
212065,212099,212103,4,34
212065,212099,212103,4,34
212065,212099,212103,4,34
212065,212099,212103,4,34
212065,212099,212103,4,34
212065,212099,212103,4,34
212065,212099,212103,4,34
212065,212100,212104,4,35
212065,212100,212103,3,35
212065,212099,212103,4,34
212065,212100,212104,4,35
212065,212100,212104,4,35
212065,212101,212104,3,36
212065,212100,212104,4,35
212065,212100,212104,4,35
212065,212100,212104,4,35
212065,212100,212104,4,35
212065,212100,212104,4,35
212065,212099,212104,5,34
212065,212100,212104,4,35
212065,212099,212104,5,34
212065,212099,212104,5,34
212065,212100,212104,4,35
212065,212099,212104,5,34
212065,212100,212104,4,35
212065,212100,212104,4,35
212065,212101,212104,3,36
212065,212101,212104,3,36
212065,212101,212104,3,36
212065,212103,212104,1,38
212065,212103,212104,1,38
212065,212103,212105,2,38
212065,212103,212105,2,38
212065,212103,212104,1,38
212065,212103,212105,2,38
212065,212100,212104,4,35
212065,212101,212105,4,36
212065,212100,212105,5,35
212065,212101,212105,4,36
212065,212101,212105,4,36
212065,212101,212105,4,36
212065,212103,212105,2,38
212065,212101,212105,4,36
212065,212103,212105,2,38
212065,212103,212106,3,38
212065,212101,212105,4,36
212065,212101,212105,4,36
212065,212103,212106,3,38
212065,212103,212105,2,38
212065,212101,212105,4,36
212065,212101,212105,4,36
212065,212102,212105,3,37
212065,212103,212105,2,38
212065,212102,212106,4,37
212065,212103,212106,3,38
212065,212102,212106,4,37
212065,212103,212106,3,38
212065,212102,212106,4,37
212065,212104,212106,2,39
212065,212102,212106,4,37
212065,212104,212106,2,39
212065,212104,212106,2,39
212065,212104,212106,2,39
212065,212102,212106,4,37
212065,212104,212107,3,39
212065,212104,212106,2,39
212065,212103,212106,3,38
212065,212103,212106,3,38
212065,212106,212108,2,41
212065,212104,212107,3,39
212065,212104,212107,3,39
212065,212104,212107,3,39
212065,212104,212107,3,39
212065,212104,212107,3,39
212065,212104,212107,3,39
212065,212104,212107,3,39
212065,212104,212107,3,39
212065,212104,212107,3,39
212065,212104,212107,3,39
212065,212104,212107,3,39
212065,212104,212107,3,39
212065,212104,212107,3,39
212065,212104,212107,3,39
212065,212105,212108,3,40
212065,212104,212108,4,39
212065,212104,212108,4,39
212065,212104,212108,4,39
212065,212105,212108,3,40
212065,212105,212109,4,40
212065,212105,212109,4,40
212065,212105,212108,3,40
212065,212105,212108,3,40
212065,212106,212108,2,41
212065,212105,212109,4,40
212065,212106,212109,3,41
212065,212105,212109,4,40
212065,212105,212109,4,40
212065,212106,212109,3,41
212065,212105,212108,3,40
212065,212106,212109,3,41
212065,212105,212109,4,40
212065,212106,212109,3,41
212065,212105,212108,3,40
212065,212105,212108,3,40
212065,212105,212109,4,40
212065,212105,212108,3,40
212065,212105,212108,3,40
212065,212104,212109,5,39
212065,212105,212109,4,40
212065,212106,212109,3,41
212065,212107,212109,2,42
212065,212105,212109,4,40
212065,212105,212109,4,40
212065,212106,212109,3,41
212065,212105,212110,5,40
212065,212106,212110,4,41
212065,212106,212110,4,41
212065,212106,212109,3,41
212065,212106,212110,4,41
212065,212105,212109,4,40
212065,212106,212110,4,41
212065,212105,212110,5,40
212065,212106,212110,4,41
212065,212105,212110,5,40
212065,212106,212110,4,41
212065,212106,212110,4,41
212065,212107,212110,3,42
212065,212107,212111,4,42
212065,212107,212111,4,42
212065,212107,212111,4,42
212065,212107,212110,3,42
212065,212106,212110,4,41
212065,212106,212111,5,41
212065,212106,212111,5,41
212065,212107,212111,4,42
212065,212109,212111,2,44
212065,212107,212110,3,42
212065,212107,212111,4,42
212065,212108,212111,3,43
212065,212108,212111,3,43
212065,212109,212110,1,44
212065,212109,212111,2,44
212065,212107,212110,3,42
212065,212108,212111,3,43
212065,212109,212110,1,44
212065,212107,212111,4,42
212065,212109,212111,2,44
212065,212109,212111,2,44
212065,212109,212112,3,44
212065,212107,212111,4,42
212065,212107,212111,4,42
212065,212108,212111,3,43
212065,212109,212112,3,44
212065,212108,212111,3,43
212065,212109,212112,3,44
212065,212108,212112,4,43
212065,212108,212112,4,43
212065,212108,212112,4,43
212065,212108,212112,4,43
212065,212109,212111,2,44
212065,212108,212112,4,43
212065,212109,212112,3,44
212065,212109,212112,3,44
212065,212109,212112,3,44
212065,212108,212112,4,43
212065,212108,212112,4,43
212065,212108,212111,3,43
212065,212109,212112,3,44
212065,212109,212112,3,44
212065,212109,212112,3,44
212065,212109,212112,3,44
212065,212110,212112,2,45
212065,212110,212113,3,45
212065,212109,212112,3,44
212065,212109,212112,3,44
212065,212110,212113,3,45
212065,212110,212112,2,45
212065,212109,212112,3,44
212065,212109,212112,3,44
212065,212109,212113,4,44
212065,212109,212113,4,44
212065,212110,212112,2,45
212065,212108,212112,4,43
212065,212108,212112,4,43
212065,212108,212112,4,43
212065,212110,212113,3,45
212065,212110,212113,3,45
212065,212111,212113,2,46
212065,212111,212113,2,46
212065,212110,212113,3,45
212065,212110,212113,3,45
212065,212110,212113,3,45
212065,212110,212114,4,45
212065,212111,212114,3,46
212065,212110,212113,3,45
212065,212110,212114,4,45
212065,212111,212114,3,46
212065,212110,212114,4,45
212065,212112,212114,2,47
212065,212112,212114,2,47
212065,212110,212114,4,45
212065,212111,212114,3,46
212065,212110,212114,4,45
212065,212111,212114,3,46
212065,212110,212114,4,45
212065,212111,212115,4,46
212065,212111,212115,4,46
212065,212111,212114,3,46
212065,212111,212114,3,46
212065,212111,212115,4,46
212065,212111,212115,4,46
212065,212111,212115,4,46
212065,212111,212115,4,46
212065,212111,212114,3,46
212065,212111,212115,4,46
212065,212112,212114,2,47
212065,212113,212115,2,48
212065,212113,212115,2,48
212065,212111,212115,4,46
212065,212111,212115,4,46
212065,212112,212116,4,47
212065,212112,212116,4,47
212065,212112,212116,4,47
212065,212112,212115,3,47
212065,212112,212115,3,47
212065,212113,212116,3,48
212065,212112,212116,4,47
212065,212111,212115,4,46
212065,212112,212116,4,47
212065,212112,212115,3,47
212065,212112,212116,4,47
212065,212111,212116,5,46
212065,212112,212116,4,47
212065,212112,212116,4,47
212065,212112,212116,4,47
212065,212113,212116,3,48
212065,212112,212116,4,47
212065,212113,212116,3,48
212065,212112,212116,4,47
212065,212111,212116,5,46
212065,212112,212116,4,47
212065,212112,212116,4,47
212065,212112,212116,4,47
212065,212112,212116,4,47
212065,212113,212117,4,48
212065,212114,212117,3,49
212065,212113,212117,4,48
212065,212113,212117,4,48
212065,212112,212117,5,47
212065,212113,212116,3,48
212065,212113,212116,3,48
212065,212112,212116,4,47
212065,212113,212117,4,48
212065,212113,212117,4,48
212065,212113,212116,3,48
212065,212113,212117,4,48
212065,212113,212117,4,48
212065,212112,212117,5,47
212065,212113,212117,4,48
212065,212114,212117,3,49
212065,212112,212117,5,47
212065,212112,212117,5,47
212065,212114,212117,3,49
212065,212114,212117,3,49
212065,212115,212118,3,50
212065,212116,212118,2,51
212065,212114,212118,4,49
212065,212115,212118,3,50
212065,212116,212118,2,51
212065,212116,212118,2,51
212065,212114,212118,4,49
212065,212114,212118,4,49
212065,212114,212118,4,49
212065,212114,212118,4,49
212065,212114,212118,4,49
212065,212113,212118,5,48
212065,212114,212118,4,49
212065,212114,212118,4,49
212065,212114,212118,4,49
212065,212116,212118,2,51
212065,212116,212118,2,51
212065,212116,212119,3,51
212065,212115,212118,3,50
212065,212115,212118,3,50
212065,212115,212118,3,50
212065,212116,212118,2,51
212065,212116,212119,3,51
212065,212115,212118,3,50
212065,212116,212119,3,51
212065,212115,212119,4,50
212065,212116,212119,3,51
212065,212116,212118,2,51
212065,212115,212118,3,50
212065,212117,212119,2,52
212065,212117,212120,3,52
212065,212115,212119,4,50
212065,212116,212120,4,51
212065,212117,212120,3,52
212065,212115,212119,4,50
212065,212115,212119,4,50
212065,212117,212119,2,52
212065,212117,212119,2,52
212065,212117,212119,2,52
212065,212117,212119,2,52
212065,212118,212119,1,53
212065,212116,212119,3,51
212065,212117,212120,3,52
212065,212114,212119,5,49
212065,212116,212119,3,51
212065,212116,212120,4,51
212065,212116,212120,4,51
212065,212117,212120,3,52
212065,212117,212120,3,52
212065,212116,212120,4,51
212065,212118,212120,2,53
212065,212119,212121,2,54
212065,212116,212120,4,51
212065,212117,212120,3,52
212065,212119,212121,2,54
212065,212119,212120,1,54
212065,212117,212120,3,52
212065,212118,212120,2,53
212065,212117,212121,4,52
212065,212117,212121,4,52
212065,212117,212121,4,52
212065,212117,212120,3,52
212065,212117,212120,3,52
212065,212117,212121,4,52
212065,212119,212120,1,54
212065,212119,212120,1,54
212065,212117,212121,4,52
212065,212117,212121,4,52
212065,212117,212121,4,52
212065,212117,212121,4,52
212065,212117,212121,4,52
212065,212117,212120,3,52
212065,212118,212121,3,53
212065,212118,212121,3,53
212065,212118,212121,3,53
212065,212119,212121,2,54
212065,212120,212122,2,55
212065,212120,212121,1,55
212065,212119,212122,3,54
212065,212117,212122,5,52
212065,212118,212122,4,53
212065,212118,212122,4,53
212065,212118,212122,4,53
212065,212118,212122,4,53
212065,212119,212122,3,54
212065,212119,212122,3,54
212065,212118,212122,4,53
212065,212119,212122,3,54
212065,212120,212122,2,55
212065,212119,212123,4,54
212065,212119,212122,3,54
212065,212120,212122,2,55
212065,212119,212123,4,54
212065,212119,212122,3,54
212065,212119,212123,4,54
212065,212118,212122,4,53
212065,212119,212123,4,54
212065,212119,212123,4,54
212065,212119,212123,4,54
212065,212119,212124,5,54
212065,212118,212124,6,53
212065,212118,212123,5,53
212065,212120,212123,3,55
212065,212120,212123,3,55
212065,212119,212123,4,54
212065,212120,212123,3,55
212065,212120,212124,4,55
212065,212120,212123,3,55
212065,212120,212123,3,55
212065,212119,212124,5,54
212065,212119,212123,4,54
212065,212119,212123,4,54
212065,212121,212124,3,56
212065,212121,212124,3,56
212065,212120,212124,4,55
212065,212121,212124,3,56
212065,212121,212124,3,56
212065,212122,212124,2,57
212065,212120,212124,4,55
212065,212121,212124,3,56
212065,212121,212124,3,56
212065,212120,212124,4,55
212065,212120,212124,4,55
212065,212121,212124,3,56
212065,212122,212124,2,57
212065,212120,212124,4,55
212065,212120,212124,4,55
212065,212121,212125,4,56
212065,212121,212124,3,56
212065,212121,212124,3,56
212065,212121,212125,4,56
212065,212121,212124,3,56
212065,212121,212125,4,56
212065,212121,212124,3,56
212065,212121,212125,4,56
212065,212121,212124,3,56
212065,212121,212125,4,56
212065,212121,212124,3,56
212065,212121,212125,4,56
212065,212121,212124,3,56
212065,212122,212125,3,57
212065,212120,212124,4,55
212065,212121,212125,4,56
212065,212121,212124,3,56
212065,212123,212125,2,58
212065,212122,212125,3,57
212065,212120,212124,4,55
212065,212121,212125,4,56
212065,212122,212125,3,57
212065,212122,212125,3,57
212065,212123,212125,2,58
212065,212123,212125,2,58
212065,212123,212125,2,58
212065,212123,212125,2,58
212065,212123,212125,2,58
212065,212123,212125,2,58
212065,212122,212125,3,57
212065,212122,212126,4,57
212065,212122,212126,4,57
212065,212123,212125,2,58
212065,212122,212126,4,57
212065,212122,212126,4,57
212065,212123,212126,3,58
212065,212123,212126,3,58
212110,212110,212148,38,0
212156,212156,212159,3,0
212156,212156,212158,2,0
212156,212156,212159,3,0
212156,212156,212159,3,0
212156,212156,212160,4,0
212156,212156,212160,4,0
212156,212156,212160,4,0
212156,212156,212159,3,0
212156,212156,212160,4,0
212156,212156,212159,3,0
212156,212156,212160,4,0
212156,212156,212160,4,0
212156,212156,212160,4,0
212156,212156,212160,4,0
212156,212156,212160,4,0
212156,212156,212160,4,0
212156,212156,212160,4,0
212156,212156,212159,3,0
212156,212156,212160,4,0
212156,212156,212160,4,0
212156,212156,212160,4,0
212156,212156,212159,3,0
212156,212156,212160,4,0
212156,212156,212160,4,0
212156,212156,212160,4,0
212156,212156,212160,4,0
212156,212156,212160,4,0
212156,212156,212160,4,0
212156,212156,212160,4,0
212156,212156,212160,4,0
212156,212156,212159,3,0
212156,212156,212159,3,0
212156,212156,212160,4,0
212156,212156,212161,5,0
212156,212156,212161,5,0
212156,212156,212161,5,0
212156,212156,212160,4,0
212156,212156,212161,5,0
212156,212156,212160,4,0
212156,212156,212160,4,0
212156,212156,212161,5,0
212156,212156,212161,5,0
212156,212156,212161,5,0
212156,212156,212161,5,0
212156,212156,212161,5,0
212156,212156,212161,5,0
212156,212156,212161,5,0
212156,212156,212161,5,0
212156,212156,212161,5,0
212156,212156,212161,5,0
212156,212156,212161,5,0
212156,212156,212160,4,0
212156,212156,212161,5,0
212156,212156,212160,4,0
212156,212156,212160,4,0
212156,212156,212161,5,0
212156,212156,212160,4,0
212156,212156,212161,5,0
212156,212156,212160,4,0
212156,212156,212160,4,0
212156,212156,212161,5,0
212156,212156,212160,4,0
212156,212156,212161,5,0
212156,212156,212161,5,0
212156,212156,212160,4,0
212156,212156,212161,5,0
212156,212156,212161,5,0
212156,212156,212160,4,0
212156,212156,212161,5,0
212156,212156,212160,4,0
212156,212157,212161,4,1
212156,212159,212162,3,3
212156,212156,212162,6,0
212156,212159,212162,3,3
212156,212159,212162,3,3
212156,212160,212163,3,4
212156,212160,212163,3,4
212156,212160,212163,3,4
212156,212160,212163,3,4
212156,212160,212163,3,4
212156,212162,212163,1,6
212156,212160,212164,4,4
212156,212160,212163,3,4
212156,212162,212163,1,6
212156,212159,212163,4,3
212156,212160,212163,3,4
212156,212161,212164,3,5
212156,212161,212164,3,5
212156,212160,212164,4,4
212156,212161,212164,3,5
212156,212161,212164,3,5
212156,212161,212164,3,5
212156,212160,212164,4,4
212156,212160,212164,4,4
212156,212160,212164,4,4
212156,212161,212164,3,5
212156,212161,212164,3,5
212156,212161,212165,4,5
212156,212160,212165,5,4
212156,212160,212164,4,4
212156,212160,212165,5,4
212156,212160,212164,4,4
212156,212160,212164,4,4
212156,212160,212164,4,4
212156,212160,212164,4,4
212156,212161,212164,3,5
212156,212162,212164,2,6
212156,212160,212164,4,4
212156,212160,212164,4,4
212156,212160,212164,4,4
212156,212160,212164,4,4
212156,212160,212164,4,4
212156,212160,212164,4,4
212156,212162,212164,2,6
212156,212163,212165,2,7
212156,212160,212164,4,4
212156,212160,212164,4,4
212156,212162,212164,2,6
212156,212160,212164,4,4
212156,212162,212165,3,6
212156,212162,212164,2,6
212156,212161,212165,4,5
212156,212161,212165,4,5
212156,212161,212165,4,5
212156,212161,212165,4,5
212156,212162,212165,3,6
212156,212162,212165,3,6
212156,212162,212165,3,6
212156,212162,212165,3,6
212156,212162,212165,3,6
212156,212162,212165,3,6
212156,212162,212165,3,6
212156,212163,212166,3,7
212156,212160,212165,5,4
212156,212162,212165,3,6
212156,212162,212166,4,6
212156,212162,212165,3,6
212156,212162,212165,3,6
212156,212162,212166,4,6
212156,212162,212165,3,6
212156,212162,212165,3,6
212156,212162,212166,4,6
212156,212162,212165,3,6
212156,212162,212165,3,6
212156,212163,212166,3,7
212156,212162,212166,4,6
212156,212165,212166,1,9
212156,212165,212166,1,9
212156,212164,212166,2,8
212156,212165,212166,1,9
212156,212164,212166,2,8
212156,212165,212166,1,9
212156,212165,212167,2,9
212156,212164,212166,2,8
212156,212164,212167,3,8
212156,212164,212166,2,8
212156,212162,212166,4,6
212156,212164,212167,3,8
212156,212165,212166,1,9
212156,212165,212167,2,9
212156,212165,212167,2,9
212156,212165,212167,2,9
212156,212163,212167,4,7
212156,212165,212167,2,9
212156,212165,212167,2,9
212156,212165,212167,2,9
212156,212165,212168,3,9
212156,212165,212167,2,9
212156,212165,212167,2,9
212156,212164,212167,3,8
212156,212164,212168,4,8
212156,212164,212168,4,8
212156,212164,212168,4,8
212156,212164,212168,4,8
212156,212167,212168,1,11
212156,212165,212168,3,9
212156,212167,212168,1,11
212156,212167,212168,1,11
212156,212165,212169,4,9
212156,212165,212168,3,9
212156,212165,212168,3,9
212156,212165,212169,4,9
212156,212165,212168,3,9
212156,212165,212168,3,9
212156,212166,212169,3,10
212156,212166,212169,3,10
212156,212165,212169,4,9
212156,212165,212169,4,9
212156,212166,212169,3,10
212156,212166,212169,3,10
212156,212165,212168,3,9
212156,212166,212169,3,10
212156,212166,212169,3,10
212156,212165,212168,3,9
212156,212165,212168,3,9
212156,212166,212168,2,10
212156,212166,212168,2,10
212156,212166,212169,3,10
212156,212164,212168,4,8
212156,212165,212168,3,9
212156,212166,212169,3,10
212156,212166,212169,3,10
212156,212166,212169,3,10
212156,212166,212169,3,10
212156,212166,212170,4,10
212156,212167,212169,2,11
212156,212165,212170,5,9
212156,212167,212169,2,11
212156,212165,212170,5,9
212156,212166,212169,3,10
212156,212166,212170,4,10
212156,212166,212170,4,10
212156,212165,212169,4,9
212156,212166,212170,4,10
212156,212167,212169,2,11
212156,212167,212169,2,11
212156,212166,212169,3,10
212156,212167,212170,3,11
212156,212167,212170,3,11
212156,212165,212169,4,9
212156,212165,212169,4,9
212156,212167,212170,3,11
212156,212166,212170,4,10
212156,212168,212171,3,12
212156,212166,212170,4,10
212156,212166,212170,4,10
212156,212166,212170,4,10
212156,212167,212171,4,11
212156,212167,212171,4,11
212156,212168,212171,3,12
212156,212168,212170,2,12
212156,212168,212171,3,12
212156,212167,212170,3,11
212156,212167,212170,3,11
212156,212168,212170,2,12
212156,212168,212171,3,12
212156,212168,212171,3,12
212156,212167,212171,4,11
212156,212167,212171,4,11
212156,212168,212171,3,12
212156,212169,212172,3,13
212156,212169,212172,3,13
212156,212168,212171,3,12
212156,212168,212172,4,12
212156,212168,212172,4,12
212156,212169,212172,3,13
212156,212169,212172,3,13
212156,212169,212172,3,13
212156,212169,212172,3,13
212156,212169,212172,3,13
212156,212169,212173,4,13
212156,212170,212172,2,14
212156,212169,212173,4,13
212156,212169,212172,3,13
212156,212169,212172,3,13
212156,212169,212172,3,13
212156,212169,212172,3,13
212156,212169,212172,3,13
212156,212169,212172,3,13
212156,212169,212173,4,13
212156,212169,212173,4,13
212156,212169,212173,4,13
212156,212170,212173,3,14
212156,212170,212173,3,14
212156,212170,212173,3,14
212156,212169,212173,4,13
212156,212170,212172,2,14
212156,212169,212173,4,13
212156,212169,212172,3,13
212156,212169,212173,4,13
212156,212169,212173,4,13
212156,212170,212173,3,14
212156,212171,212174,3,15
212156,212169,212173,4,13
212156,212170,212174,4,14
212156,212170,212174,4,14
212156,212170,212173,3,14
212156,212171,212174,3,15
212156,212170,212174,4,14
212156,212170,212174,4,14
212156,212169,212174,5,13
212156,212169,212173,4,13
212156,212170,212174,4,14
212156,212170,212174,4,14
212156,212169,212174,5,13
212156,212169,212173,4,13
212156,212170,212174,4,14
212156,212169,212174,5,13
212156,212169,212174,5,13
212156,212169,212174,5,13
212156,212170,212174,4,14
212156,212170,212174,4,14
212156,212170,212174,4,14
212156,212170,212174,4,14
212156,212170,212174,4,14
212156,212171,212174,3,15
212156,212171,212175,4,15
212156,212171,212175,4,15
212156,212171,212175,4,15
212156,212171,212174,3,15
212156,212171,212174,3,15
212156,212171,212174,3,15
212156,212171,212175,4,15
212156,212171,212175,4,15
212156,212171,212174,3,15
212156,212172,212175,3,16
212156,212170,212175,5,14
212156,212171,212175,4,15
212156,212174,212176,2,18
212156,212171,212175,4,15
212156,212173,212176,3,17
212156,212174,212175,1,18
212156,212171,212175,4,15
212156,212172,212176,4,16
212156,212172,212175,3,16
212156,212172,212175,3,16
212156,212173,212176,3,17
212156,212173,212176,3,17
212156,212174,212175,1,18
212156,212174,212176,2,18
212156,212174,212176,2,18
212156,212174,212176,2,18
212156,212174,212176,2,18
212156,212172,212176,4,16
212156,212173,212176,3,17
212156,212173,212177,4,17
212156,212172,212176,4,16
212156,212173,212176,3,17
212156,212173,212176,3,17
212156,212173,212176,3,17
212156,212171,212176,5,15
212156,212173,212177,4,17
212156,212171,212176,5,15
212156,212174,212177,3,18
212156,212174,212176,2,18
212156,212172,212176,4,16
212156,212173,212176,3,17
212156,212174,212176,2,18
212156,212173,212177,4,17
212156,212173,212176,3,17
212156,212173,212176,3,17
212156,212173,212176,3,17
212156,212173,212176,3,17
212156,212173,212177,4,17
212156,212173,212177,4,17
212156,212173,212176,3,17
212156,212173,212177,4,17
212156,212174,212177,3,18
212156,212173,212177,4,17
212156,212175,212177,2,19
212156,212175,212177,2,19
212156,212173,212177,4,17
212156,212175,212177,2,19
212156,212175,212177,2,19
212156,212172,212177,5,16
212156,212175,212178,3,19
212156,212175,212177,2,19
212156,212175,212177,2,19
212156,212175,212178,3,19
212156,212176,212178,2,20
212156,212174,212178,4,18
212156,212174,212178,4,18
212156,212175,212178,3,19
212156,212176,212179,3,20
212156,212174,212178,4,18
212156,212175,212178,3,19
212156,212176,212179,3,20
212156,212175,212178,3,19
212156,212175,212178,3,19
212156,212175,212178,3,19
212156,212176,212179,3,20
212156,212175,212179,4,19
212156,212175,212179,4,19
212156,212175,212179,4,19
212156,212175,212179,4,19
212156,212175,212179,4,19
212156,212175,212179,4,19
212156,212175,212179,4,19
212156,212176,212179,3,20
212156,212176,212179,3,20
212156,212176,212179,3,20
212156,212177,212180,3,21
212156,212176,212179,3,20
212156,212176,212179,3,20
212156,212177,212180,3,21
212156,212176,212180,4,20
212156,212177,212179,2,21
212156,212177,212180,3,21
212156,212176,212180,4,20
212156,212176,212180,4,20
212156,212176,212180,4,20
212156,212176,212180,4,20
212156,212176,212180,4,20
212156,212176,212180,4,20
212156,212176,212180,4,20
212156,212176,212180,4,20
212156,212177,212180,3,21
212156,212177,212181,4,21
212156,212177,212181,4,21
212156,212177,212180,3,21
212156,212177,212180,3,21
212156,212176,212180,4,20
212156,212177,212181,4,21
212156,212177,212180,3,21
212156,212177,212180,3,21
212156,212177,212180,3,21
212156,212177,212180,3,21
212156,212177,212180,3,21
212156,212178,212181,3,22
212156,212177,212181,4,21
212156,212177,212180,3,21
212156,212178,212180,2,22
212156,212176,212181,5,20
212156,212177,212180,3,21
212156,212177,212181,4,21
212156,212177,212181,4,21
212156,212176,212181,5,20
212156,212177,212181,4,21
212156,212177,212181,4,21
212156,212177,212181,4,21
212156,212179,212181,2,23
212156,212178,212182,4,22
212156,212178,212181,3,22
212156,212178,212181,3,22
212156,212178,212181,3,22
212156,212178,212181,3,22
212156,212178,212182,4,22
212156,212178,212182,4,22
212156,212178,212181,3,22
212156,212178,212182,4,22
212156,212179,212182,3,23
212156,212179,212182,3,23
212156,212179,212183,4,23
212156,212179,212183,4,23
212156,212179,212182,3,23
212156,212180,212182,2,24
212156,212178,212182,4,22
212156,212179,212183,4,23
212156,212179,212182,3,23
212156,212179,212182,3,23
212156,212180,212183,3,24
212156,212178,212182,4,22
212156,212180,212183,3,24
212156,212181,212183,2,25
212156,212180,212183,3,24
212156,212179,212183,4,23
212156,212180,212183,3,24
212156,212180,212184,4,24
212156,212181,212183,2,25
212156,212180,212183,3,24
212156,212180,212184,4,24
212156,212180,212183,3,24
212156,212181,212183,2,25
212156,212180,212183,3,24
212156,212180,212183,3,24
212156,212180,212183,3,24
212156,212181,212184,3,25
212156,212179,212183,4,23
212156,212179,212183,4,23
212156,212180,212183,3,24
212156,212181,212183,2,25
212156,212180,212184,4,24
212156,212180,212184,4,24
212156,212181,212184,3,25
212156,212181,212183,2,25
212156,212180,212183,3,24
212156,212181,212184,3,25
212156,212181,212184,3,25
212156,212181,212183,2,25
212156,212181,212184,3,25
212156,212182,212184,2,26
212156,212180,212184,4,24
212156,212180,212184,4,24
212156,212180,212184,4,24
212156,212179,212184,5,23
212156,212180,212184,4,24
212156,212180,212183,3,24
212156,212181,212184,3,25
212156,212181,212184,3,25
212156,212181,212185,4,25
212156,212181,212184,3,25
212156,212182,212185,3,26
212156,212182,212185,3,26
212156,212183,212185,2,27
212156,212181,212184,3,25
212156,212181,212184,3,25
212156,212181,212185,4,25
212156,212181,212185,4,25
212156,212182,212184,2,26
212156,212181,212185,4,25
212156,212182,212184,2,26
212156,212181,212185,4,25
212156,212181,212185,4,25
212156,212182,212185,3,26
212156,212182,212185,3,26
212156,212182,212185,3,26
212156,212182,212185,3,26
212156,212182,212186,4,26
212156,212184,212186,2,28
212156,212184,212185,1,28
212156,212184,212185,1,28
212156,212182,212186,4,26
212156,212182,212186,4,26
212156,212183,212186,3,27
212156,212183,212185,2,27
212156,212182,212186,4,26
212156,212183,212186,3,27
212156,212183,212186,3,27
212156,212183,212186,3,27
212156,212183,212186,3,27
212156,212181,212186,5,25
212156,212184,212186,2,28
212156,212184,212186,2,28
212156,212183,212187,4,27
212156,212184,212187,3,28
212156,212185,212186,1,29
212156,212183,212186,3,27
212156,212185,212186,1,29
212156,212183,212187,4,27
212156,212184,212187,3,28
212156,212183,212186,3,27
212156,212183,212187,4,27
212156,212183,212187,4,27
212156,212183,212187,4,27
212156,212183,212187,4,27
212156,212184,212187,3,28
212156,212184,212187,3,28
212156,212184,212188,4,28
212156,212184,212187,3,28
212156,212184,212187,3,28
212156,212184,212187,3,28
212156,212184,212188,4,28
212156,212185,212187,2,29
212156,212184,212188,4,28
212156,212184,212188,4,28
212156,212184,212188,4,28
212156,212184,212188,4,28
212156,212184,212188,4,28
212156,212184,212188,4,28
212156,212184,212188,4,28
212156,212184,212188,4,28
212156,212183,212188,5,27
212156,212184,212188,4,28
212156,212184,212188,4,28
212156,212184,212188,4,28
212156,212184,212188,4,28
212156,212184,212188,4,28
212156,212186,212189,3,30
212156,212186,212189,3,30
212156,212185,212189,4,29
212156,212184,212188,4,28
212156,212185,212188,3,29
212156,212186,212189,3,30
212156,212186,212189,3,30
212156,212186,212189,3,30
212156,212184,212189,5,28
212156,212185,212189,4,29
212156,212187,212189,2,31
212156,212185,212189,4,29
212156,212185,212189,4,29
212156,212186,212189,3,30
212156,212184,212189,5,28
212156,212184,212189,5,28
212156,212185,212189,4,29
212156,212185,212189,4,29
212156,212185,212189,4,29
212156,212185,212189,4,29
212156,212184,212189,5,28
212156,212185,212189,4,29
212156,212185,212189,4,29
212156,212186,212189,3,30
212156,212184,212189,5,28
212156,212186,212189,3,30
212156,212186,212189,3,30
212156,212186,212190,4,30
212156,212186,212190,4,30
212156,212186,212189,3,30
212156,212187,212189,2,31
212156,212187,212190,3,31
212156,212186,212189,3,30
212156,212186,212189,3,30
212156,212187,212190,3,31
212156,212187,212190,3,31
212156,212187,212190,3,31
212156,212187,212190,3,31
212156,212185,212189,4,29
212156,212186,212190,4,30
212156,212186,212190,4,30
212156,212186,212190,4,30
212156,212187,212189,2,31
212156,212187,212189,2,31
212156,212186,212190,4,30
212156,212187,212190,3,31
212156,212188,212190,2,32
212156,212188,212190,2,32
212156,212188,212190,2,32
212156,212188,212191,3,32
212156,212187,212191,4,31
212156,212187,212191,4,31
212156,212188,212191,3,32
212226,212227,212229,2,1
212226,212227,212230,3,1
212226,212227,212229,2,1
212226,212227,212229,2,1
212226,212226,212230,4,0
212226,212226,212230,4,0
212226,212227,212230,3,1
212226,212226,212230,4,0
212226,212227,212230,3,1
212226,212226,212230,4,0
212226,212226,212230,4,0
212226,212226,212230,4,0
212226,212227,212230,3,1
212226,212226,212230,4,0
212226,212226,212230,4,0
212226,212227,212230,3,1
212226,212226,212230,4,0
212226,212227,212230,3,1
212226,212227,212230,3,1
212226,212227,212230,3,1
212226,212226,212230,4,0
212226,212226,212230,4,0
212226,212227,212230,3,1
212226,212227,212230,3,1
212226,212227,212231,4,1
212226,212227,212231,4,1
212226,212227,212230,3,1
212226,212226,212231,5,0
212226,212227,212230,3,1
212226,212227,212230,3,1
212226,212226,212232,6,0
212226,212226,212231,5,0
212226,212226,212231,5,0
212226,212226,212231,5,0
212226,212227,212231,4,1
212226,212227,212231,4,1
212226,212227,212231,4,1
212226,212227,212231,4,1
212226,212226,212231,5,0
212226,212226,212231,5,0
212226,212227,212231,4,1
212226,212227,212232,5,1
212226,212227,212231,4,1
212226,212227,212231,4,1
212226,212227,212231,4,1
212226,212226,212232,6,0
212226,212227,212231,4,1
212226,212227,212231,4,1
212226,212226,212231,5,0
212226,212226,212231,5,0
212226,212227,212231,4,1
212226,212227,212231,4,1
212226,212227,212231,4,1
212226,212227,212231,4,1
212226,212227,212231,4,1
212226,212227,212231,4,1
212226,212227,212231,4,1
212226,212226,212231,5,0
212226,212227,212231,4,1
212226,212227,212231,4,1
212226,212226,212231,5,0
212226,212227,212231,4,1
212226,212227,212232,5,1
212226,212227,212231,4,1
212226,212227,212231,4,1
212226,212227,212231,4,1
212226,212227,212232,5,1
212226,212226,212232,6,0
212226,212227,212233,6,1
212226,212227,212232,5,1
212226,212230,212232,2,4
212226,212227,212232,5,1
212226,212230,212233,3,4
212226,212231,212234,3,5
212226,212231,212234,3,5
212226,212230,212233,3,4
212226,212231,212234,3,5
212226,212231,212234,3,5
212226,212231,212233,2,5
212226,212231,212234,3,5
212226,212231,212234,3,5
212226,212231,212234,3,5
212226,212231,212234,3,5
212226,212231,212234,3,5
212226,212231,212234,3,5
212226,212231,212233,2,5
212226,212231,212234,3,5
212226,212231,212233,2,5
212226,212231,212234,3,5
212226,212231,212235,4,5
212226,212231,212235,4,5
212226,212231,212234,3,5
212226,212232,212234,2,6
212226,212232,212234,2,6
212226,212232,212235,3,6
212226,212232,212235,3,6
212226,212231,212235,4,5
212226,212231,212235,4,5
212226,212232,212234,2,6
212226,212231,212234,3,5
212226,212231,212235,4,5
212226,212230,212234,4,4
212226,212231,212235,4,5
212226,212231,212234,3,5
212226,212231,212235,4,5
212226,212232,212235,3,6
212226,212232,212235,3,6
212226,212232,212235,3,6
212226,212232,212235,3,6
212226,212232,212236,4,6
212226,212232,212235,3,6
212226,212231,212235,4,5
212226,212232,212235,3,6
212226,212232,212236,4,6
212226,212232,212235,3,6
212226,212232,212235,3,6
212226,212232,212235,3,6
212226,212232,212236,4,6
212226,212232,212235,3,6
212226,212232,212235,3,6
212226,212232,212236,4,6
212226,212232,212235,3,6
212226,212232,212236,4,6
212226,212232,212236,4,6
212226,212232,212236,4,6
212226,212232,212235,3,6
212226,212232,212236,4,6
212226,212232,212235,3,6
212226,212232,212236,4,6
212226,212232,212235,3,6
212226,212232,212235,3,6
212200,212200,212237,37,0
212226,212233,212236,3,7
212226,212235,212236,1,9
212226,212235,212236,1,9
212226,212235,212237,2,9
212226,212234,212237,3,8
212226,212232,212236,4,6
212226,212233,212237,4,7
212226,212234,212237,3,8
212226,212232,212236,4,6
212226,212232,212236,4,6
212226,212232,212237,5,6
212226,212233,212236,3,7
212226,212234,212237,3,8
212226,212233,212237,4,7
212226,212232,212236,4,6
212226,212232,212236,4,6
212226,212234,212237,3,8
212226,212234,212237,3,8
212226,212233,212237,4,7
212226,212234,212238,4,8
212226,212234,212238,4,8
212226,212233,212238,5,7
212226,212234,212238,4,8
212226,212234,212238,4,8
212226,212234,212238,4,8
212226,212234,212238,4,8
212226,212235,212238,3,9
212226,212233,212237,4,7
212226,212234,212238,4,8
212226,212235,212239,4,9
212226,212235,212239,4,9
212226,212235,212239,4,9
212226,212235,212239,4,9
212226,212235,212238,3,9
212226,212235,212239,4,9
212226,212235,212239,4,9
212226,212234,212238,4,8
212226,212235,212239,4,9
212226,212234,212238,4,8
212226,212235,212238,3,9
212226,212235,212239,4,9
212226,212234,212239,5,8
212226,212235,212239,4,9
212226,212236,212239,3,10
212226,212235,212239,4,9
212226,212236,212239,3,10
212226,212236,212240,4,10
212226,212236,212240,4,10
212226,212236,212240,4,10
212226,212236,212239,3,10
212226,212237,212240,3,11
212226,212236,212240,4,10
212226,212236,212240,4,10
212226,212236,212240,4,10
212226,212236,212240,4,10
212226,212237,212240,3,11
212226,212236,212240,4,10
212226,212236,212240,4,10
212226,212238,212240,2,12
212226,212238,212240,2,12
212226,212235,212240,5,9
212226,212236,212240,4,10
212226,212237,212240,3,11
212226,212236,212240,4,10
212226,212236,212240,4,10
212226,212236,212240,4,10
212226,212237,212240,3,11
212226,212238,212240,2,12
212226,212238,212240,2,12
212226,212238,212240,2,12
212226,212237,212241,4,11
212226,212236,212240,4,10
212226,212238,212241,3,12
212226,212236,212240,4,10
212226,212236,212240,4,10
212226,212236,212241,5,10
212226,212236,212241,5,10
212226,212237,212241,4,11
212226,212236,212241,5,10
212226,212236,212240,4,10
212226,212237,212241,4,11
212226,212237,212241,4,11
212226,212236,212241,5,10
212226,212236,212241,5,10
212226,212237,212240,3,11
212226,212236,212241,5,10
212226,212237,212241,4,11
212226,212237,212241,4,11
212226,212237,212241,4,11
212226,212238,212241,3,12
212226,212238,212241,3,12
212226,212237,212241,4,11
212226,212237,212241,4,11
212226,212237,212241,4,11
212226,212237,212241,4,11
212226,212237,212241,4,11
212226,212238,212241,3,12
212226,212238,212242,4,12
212226,212239,212242,3,13
212226,212239,212242,3,13
212226,212239,212242,3,13
212226,212239,212242,3,13
212226,212239,212242,3,13
212226,212239,212242,3,13
212226,212239,212242,3,13
212226,212239,212242,3,13
212226,212239,212242,3,13
212226,212238,212242,4,12
212226,212239,212242,3,13
212226,212239,212242,3,13
212226,212241,212242,1,15
212226,212240,212243,3,14
212226,212241,212242,1,15
212226,212241,212242,1,15
212226,212239,212243,4,13
212226,212241,212243,2,15
212226,212241,212243,2,15
212226,212241,212243,2,15
212226,212240,212243,3,14
212226,212241,212243,2,15
212226,212240,212243,3,14
212226,212241,212243,2,15
212226,212241,212243,2,15
212226,212241,212243,2,15
212226,212241,212243,2,15
212226,212239,212243,4,13
212226,212240,212243,3,14
212226,212241,212243,2,15
212226,212239,212243,4,13
212226,212241,212243,2,15
212226,212240,212244,4,14
212226,212240,212244,4,14
212226,212240,212244,4,14
212226,212240,212244,4,14
212226,212241,212244,3,15
212226,212241,212243,2,15
212226,212240,212244,4,14
212226,212242,212244,2,16
212226,212241,212244,3,15
212226,212243,212245,2,17
212226,212241,212244,3,15
212226,212241,212244,3,15
212226,212240,212244,4,14
212226,212241,212245,4,15
212226,212241,212244,3,15
212226,212243,212244,1,17
212226,212241,212245,4,15
212226,212240,212245,5,14
212226,212241,212245,4,15
212226,212241,212245,4,15
212226,212240,212245,5,14
212226,212241,212245,4,15
212226,212242,212245,3,16
212226,212242,212245,3,16
212226,212242,212245,3,16
212226,212242,212246,4,16
212226,212243,212245,2,17
212226,212241,212245,4,15
212226,212241,212245,4,15
212226,212242,212246,4,16
212226,212242,212246,4,16
212226,212241,212245,4,15
212226,212242,212245,3,16
212226,212242,212246,4,16
212226,212242,212246,4,16
212226,212242,212246,4,16
212226,212243,212245,2,17
212226,212241,212246,5,15
212226,212242,212245,3,16
212226,212242,212246,4,16
212226,212242,212246,4,16
212226,212241,212246,5,15
212226,212242,212246,4,16
212226,212243,212246,3,17
212226,212243,212246,3,17
212226,212243,212247,4,17
212226,212243,212246,3,17
212226,212244,212246,2,18
212226,212242,212246,4,16
212226,212245,212247,2,19
212226,212242,212246,4,16
212226,212244,212247,3,18
212226,212242,212246,4,16
212226,212243,212246,3,17
212226,212243,212247,4,17
212226,212244,212247,3,18
212226,212243,212247,4,17
212226,212244,212247,3,18
212226,212242,212246,4,16
212226,212244,212247,3,18
212226,212243,212247,4,17
212226,212244,212248,4,18
212226,212245,212247,2,19
212226,212243,212247,4,17
212226,212245,212248,3,19
212226,212245,212248,3,19
212226,212244,212247,3,18
212226,212244,212247,3,18
212226,212244,212248,4,18
212226,212245,212247,2,19
212226,212244,212247,3,18
212226,212245,212248,3,19
212226,212244,212248,4,18
212226,212244,212247,3,18
212226,212244,212248,4,18
212226,212245,212248,3,19
212226,212245,212248,3,19
212226,212244,212248,4,18
212226,212246,212249,3,20
212226,212246,212248,2,20
212226,212245,212248,3,19
212226,212245,212248,3,19
212226,212245,212248,3,19
212226,212246,212248,2,20
212226,212244,212248,4,18
212226,212244,212248,4,18
212226,212244,212248,4,18
212226,212245,212248,3,19
212226,212246,212248,2,20
212226,212246,212249,3,20
212226,212246,212249,3,20
212226,212246,212248,2,20
212226,212245,212248,3,19
212226,212246,212248,2,20
212226,212245,212249,4,19
212226,212245,212249,4,19
212226,212246,212249,3,20
212226,212246,212249,3,20
212226,212246,212249,3,20
212284,212285,212287,2,1
212284,212285,212287,2,1
212284,212285,212287,2,1
212284,212285,212288,3,1
212284,212285,212287,2,1
212284,212285,212287,2,1
212284,212285,212287,2,1
212284,212285,212287,2,1
212284,212285,212288,3,1
212284,212285,212287,2,1
212284,212285,212287,2,1
212284,212285,212287,2,1
212284,212285,212287,2,1
212284,212285,212287,2,1
212284,212285,212287,2,1
212284,212285,212287,2,1
212284,212285,212288,3,1
212284,212285,212288,3,1
212284,212285,212288,3,1
212284,212285,212288,3,1
212284,212285,212289,4,1
212284,212285,212288,3,1
212284,212285,212289,4,1
212284,212285,212288,3,1
212284,212285,212288,3,1
212284,212285,212288,3,1
212284,212285,212288,3,1
212284,212285,212289,4,1
212284,212285,212288,3,1
212284,212285,212289,4,1
212284,212285,212289,4,1
212284,212285,212289,4,1
212284,212285,212289,4,1
212284,212285,212289,4,1
212284,212285,212289,4,1
212284,212285,212288,3,1
212284,212285,212289,4,1
212284,212285,212288,3,1
212284,212285,212289,4,1
212284,212285,212289,4,1
212284,212285,212288,3,1
212284,212285,212289,4,1
212284,212285,212289,4,1
212284,212285,212289,4,1
212284,212285,212288,3,1
212284,212285,212289,4,1
212284,212285,212289,4,1
212284,212285,212289,4,1
212284,212285,212290,5,1
212284,212285,212289,4,1
212284,212285,212289,4,1
212284,212285,212290,5,1
212284,212285,212289,4,1
212284,212285,212290,5,1
212284,212285,212289,4,1
212284,212285,212289,4,1
212284,212285,212289,4,1
212284,212285,212289,4,1
212284,212285,212290,5,1
212284,212285,212289,4,1
212284,212287,212290,3,3
212284,212285,212290,5,1
212284,212285,212289,4,1
212284,212285,212289,4,1
212284,212288,212291,3,4
212284,212289,212291,2,5
212284,212288,212291,3,4
212284,212288,212291,3,4
212284,212289,212291,2,5
212284,212288,212290,2,4
212284,212288,212291,3,4
212284,212289,212291,2,5
212284,212288,212291,3,4
212284,212288,212291,3,4
212284,212288,212292,4,4
212284,212288,212292,4,4
212284,212289,212291,2,5
212284,212289,212292,3,5
212284,212288,212291,3,4
212284,212288,212291,3,4
212284,212288,212291,3,4
212284,212288,212292,4,4
212284,212288,212292,4,4
212284,212289,212292,3,5
212284,212289,212291,2,5
212284,212288,212292,4,4
212284,212289,212291,2,5
212284,212288,212292,4,4
212284,212289,212292,3,5
212284,212289,212292,3,5
212284,212289,212292,3,5
212284,212289,212292,3,5
212284,212289,212292,3,5
212284,212288,212292,4,4
212284,212289,212292,3,5
212284,212289,212292,3,5
212284,212290,212293,3,6
212284,212289,212293,4,5
212284,212290,212293,3,6
212284,212290,212293,3,6
212284,212290,212293,3,6
212284,212288,212292,4,4
212284,212288,212292,4,4
212284,212289,212293,4,5
212284,212289,212292,3,5
212284,212289,212292,3,5
212284,212289,212292,3,5
212284,212289,212293,4,5
212284,212289,212293,4,5
212284,212289,212293,4,5
212284,212290,212293,3,6
212284,212289,212294,5,5
212284,212289,212293,4,5
212302,212303,212305,2,1
212302,212303,212305,2,1
212302,212303,212306,3,1
212302,212303,212306,3,1
212302,212303,212305,2,1
212302,212303,212306,3,1
212302,212303,212306,3,1
212302,212303,212305,2,1
212302,212303,212306,3,1
212302,212303,212307,4,1
212302,212303,212307,4,1
212302,212303,212307,4,1
212302,212303,212307,4,1
212302,212303,212307,4,1
212302,212303,212307,4,1
212302,212303,212307,4,1
212302,212303,212307,4,1
212302,212303,212307,4,1
212302,212303,212307,4,1
212302,212303,212307,4,1
212302,212303,212307,4,1
212302,212303,212307,4,1
212302,212303,212307,4,1
212302,212303,212307,4,1
212302,212303,212307,4,1
212284,212304,212306,2,20
212284,212304,212307,3,20
212302,212303,212307,4,1
212302,212303,212307,4,1
212302,212303,212307,4,1
212302,212303,212308,5,1
212302,212303,212307,4,1
212302,212303,212308,5,1
212302,212303,212307,4,1
212302,212303,212307,4,1
212302,212303,212307,4,1
212302,212303,212308,5,1
212302,212303,212307,4,1
212302,212303,212307,4,1
212302,212303,212307,4,1
212302,212303,212307,4,1
212302,212303,212307,4,1
212302,212303,212308,5,1
212302,212303,212307,4,1
212302,212303,212308,5,1
212302,212303,212308,5,1
212302,212303,212307,4,1
212302,212303,212307,4,1
212302,212303,212307,4,1
212302,212303,212307,4,1
212302,212303,212308,5,1
212302,212303,212308,5,1
212302,212303,212307,4,1
212302,212303,212307,4,1
212302,212303,212308,5,1
212302,212303,212307,4,1
212302,212303,212308,5,1
212302,212303,212307,4,1
212302,212303,212308,5,1
212284,212304,212308,4,20
212284,212304,212308,4,20
212284,212304,212308,4,20
212284,212304,212308,4,20
212302,212305,212309,4,3
212302,212307,212309,2,5
212302,212307,212309,2,5
212302,212303,212308,5,1
212302,212305,212309,4,3
212302,212306,212308,2,4
212302,212303,212309,6,1
212302,212303,212308,5,1
212302,212303,212308,5,1
212302,212303,212308,5,1
212284,212304,212309,5,20
212302,212307,212310,3,5
212302,212307,212310,3,5
212302,212307,212310,3,5
212302,212306,212310,4,4
212302,212306,212310,4,4
212302,212308,212310,2,6
212302,212306,212310,4,4
212302,212306,212310,4,4
212302,212307,212310,3,5
212302,212306,212310,4,4
212302,212307,212310,3,5
212302,212307,212311,4,5
212302,212308,212311,3,6
212302,212307,212311,4,5
212302,212308,212310,2,6
212302,212307,212310,3,5
212302,212308,212311,3,6
212302,212307,212311,4,5
212302,212308,212311,3,6
212302,212307,212311,4,5
212302,212307,212311,4,5
212302,212308,212311,3,6
212302,212307,212311,4,5
212302,212308,212311,3,6
212302,212307,212311,4,5
212302,212307,212311,4,5
212302,212307,212311,4,5
212302,212308,212311,3,6
212302,212308,212311,3,6
212302,212308,212311,3,6
212302,212307,212311,4,5
212302,212308,212311,3,6
212302,212307,212311,4,5
212302,212308,212311,3,6
212302,212308,212312,4,6
212302,212308,212311,3,6
212302,212308,212312,4,6
212302,212308,212312,4,6
212302,212308,212312,4,6
212302,212308,212311,3,6
212302,212308,212312,4,6
212302,212308,212312,4,6
212302,212308,212312,4,6
212302,212308,212311,3,6
212302,212308,212312,4,6
212302,212308,212312,4,6
212302,212308,212312,4,6
212302,212308,212312,4,6
212302,212308,212312,4,6
212302,212308,212313,5,6
212302,212308,212312,4,6
212302,212308,212312,4,6
212302,212308,212313,5,6
212290,212291,212327,36,1
212382,212382,212419,37,0
211832,211858,212650,792,26
212653,212653,212656,3,0
212653,212653,212656,3,0
212653,212653,212656,3,0
212653,212653,212656,3,0
212653,212653,212656,3,0
212653,212653,212656,3,0
212653,212653,212657,4,0
212653,212653,212657,4,0
212653,212653,212657,4,0
212653,212653,212656,3,0
212653,212653,212657,4,0
212653,212653,212657,4,0
212653,212653,212657,4,0
212653,212653,212657,4,0
212653,212653,212657,4,0
212653,212653,212657,4,0
212653,212653,212657,4,0
212653,212653,212657,4,0
212653,212653,212656,3,0
212653,212653,212657,4,0
212653,212653,212656,3,0
212653,212653,212657,4,0
212653,212653,212657,4,0
212653,212653,212657,4,0
212653,212653,212658,5,0
212653,212653,212657,4,0
212653,212653,212658,5,0
212653,212653,212658,5,0
212653,212653,212658,5,0
212653,212653,212658,5,0
212653,212653,212658,5,0
212653,212653,212658,5,0
212653,212653,212658,5,0
212653,212653,212658,5,0
212653,212653,212658,5,0
212653,212653,212658,5,0
212653,212653,212658,5,0
212653,212653,212658,5,0
212653,212653,212658,5,0
212653,212653,212658,5,0
212653,212656,212659,3,3
212653,212653,212659,6,0
212653,212657,212659,2,4
212653,212657,212659,2,4
212653,212656,212659,3,3
212651,212651,212660,9,0
212653,212656,212660,4,3
212653,212657,212660,3,4
212653,212657,212660,3,4
212653,212657,212661,4,4
212653,212658,212661,3,5
212653,212657,212661,4,4
212653,212656,212661,5,3
212653,212657,212661,4,4
212653,212657,212661,4,4
212653,212658,212662,4,5
212653,212657,212661,4,4
212653,212657,212662,5,4
212653,212657,212662,5,4
212653,212658,212662,4,5
212653,212658,212662,4,5
212653,212657,212662,5,4
212653,212657,212662,5,4
212653,212658,212662,4,5
212653,212658,212662,4,5
212653,212658,212662,4,5
212653,212658,212662,4,5
212653,212658,212662,4,5
212653,212657,212662,5,4
212653,212657,212662,5,4
212653,212658,212662,4,5
212653,212658,212662,4,5
212653,212657,212662,5,4
212653,212657,212662,5,4
212653,212659,212662,3,6
212653,212659,212663,4,6
212653,212659,212663,4,6
212653,212660,212662,2,7
212653,212659,212662,3,6
212653,212658,212662,4,5
212653,212658,212663,5,5
212653,212658,212663,5,5
212653,212658,212663,5,5
212653,212661,212664,3,8
212653,212660,212663,3,7
212653,212661,212663,2,8
212653,212659,212663,4,6
212653,212659,212664,5,6
212653,212662,212664,2,9
212653,212661,212664,3,8
212653,212661,212664,3,8
212653,212661,212665,4,8
212653,212663,212665,2,10
212653,212663,212665,2,10
212653,212661,212665,4,8
212653,212663,212665,2,10
212653,212663,212665,2,10
212653,212662,212666,4,9
212653,212663,212665,2,10
212653,212663,212665,2,10
212653,212662,212665,3,9
212653,212662,212666,4,9
212653,212662,212666,4,9
212653,212663,212665,2,10
212653,212662,212665,3,9
212653,212663,212665,2,10
212653,212663,212666,3,10
212653,212662,212666,4,9
212653,212662,212666,4,9
212653,212662,212666,4,9
212653,212662,212666,4,9
212653,212664,212666,2,11
212653,212663,212666,3,10
212653,212663,212666,3,10
212653,212663,212666,3,10
212653,212663,212666,3,10
212653,212663,212666,3,10
212653,212663,212666,3,10
212653,212663,212666,3,10
212653,212663,212666,3,10
212653,212663,212666,3,10
212676,212676,212684,8,0
211836,211858,212688,830,22
211785,211794,212691,897,9
212701,212701,212703,2,0
212701,212701,212704,3,0
212701,212701,212704,3,0
212701,212701,212704,3,0
212701,212701,212703,2,0
212701,212701,212704,3,0
212701,212701,212704,3,0
212701,212701,212703,2,0
212701,212701,212705,4,0
212701,212701,212705,4,0
212701,212701,212704,3,0
212701,212701,212704,3,0
212701,212701,212705,4,0
212701,212701,212704,3,0
212701,212701,212705,4,0
212701,212701,212704,3,0
212701,212701,212705,4,0
212701,212701,212705,4,0
212701,212701,212704,3,0
212701,212701,212704,3,0
212701,212701,212704,3,0
212701,212701,212705,4,0
212701,212703,212705,2,2
212701,212701,212705,4,0
212701,212701,212706,5,0
212701,212701,212705,4,0
212701,212701,212705,4,0
212701,212701,212705,4,0
212701,212701,212705,4,0
212701,212701,212706,5,0
212701,212701,212706,5,0
212701,212701,212705,4,0
212701,212701,212705,4,0
212701,212701,212705,4,0
212701,212701,212705,4,0
212701,212701,212705,4,0
212701,212701,212705,4,0
212701,212701,212706,5,0
212701,212701,212705,4,0
212701,212701,212706,5,0
212701,212701,212707,6,0
212701,212704,212707,3,3
212701,212704,212707,3,3
212701,212704,212707,3,3
212701,212701,212706,5,0
212701,212701,212707,6,0
212698,212699,212706,7,1
212701,212704,212707,3,3
212701,212705,212708,3,4
212701,212705,212708,3,4
212701,212705,212708,3,4
212701,212704,212708,4,3
212701,212705,212708,3,4
212701,212704,212708,4,3
212701,212705,212709,4,4
212701,212705,212709,4,4
212701,212706,212709,3,5
212701,212705,212709,4,4
212701,212706,212709,3,5
212701,212705,212709,4,4
212701,212705,212708,3,4
212701,212705,212709,4,4
212701,212705,212709,4,4
212701,212705,212709,4,4
212701,212704,212709,5,3
212701,212705,212709,4,4
212701,212706,212710,4,5
212701,212706,212710,4,5
212701,212705,212710,5,4
212701,212706,212710,4,5
212701,212706,212709,3,5
212701,212705,212710,5,4
212701,212706,212710,4,5
212701,212706,212710,4,5
212701,212706,212710,4,5
212701,212706,212710,4,5
212701,212706,212710,4,5
212701,212706,212710,4,5
212701,212707,212710,3,6
212701,212706,212710,4,5
212701,212707,212710,3,6
212701,212706,212711,5,5
212701,212707,212711,4,6
212701,212707,212710,3,6
212701,212706,212711,5,5
212701,212707,212711,4,6
212701,212708,212711,3,7
212701,212706,212711,5,5
212701,212707,212711,4,6
212701,212708,212711,3,7
212701,212706,212711,5,5
212701,212709,212711,2,8
212701,212709,212712,3,8
212701,212709,212712,3,8
212701,212708,212712,4,7
212701,212709,212713,4,8
212701,212709,212712,3,8
212701,212709,212713,4,8
212701,212708,212712,4,7
212701,212708,212712,4,7
212701,212708,212712,4,7
212701,212709,212712,3,8
212701,212708,212712,4,7
212701,212709,212713,4,8
212701,212710,212713,3,9
212701,212710,212714,4,9
212701,212709,212713,4,8
212701,212711,212713,2,10
212701,212709,212713,4,8
212701,212710,212713,3,9
212701,212711,212713,2,10
212701,212709,212713,4,8
212701,212709,212714,5,8
212701,212710,212714,4,9
212701,212710,212714,4,9
212704,212712,212714,2,8
212701,212711,212714,3,10
212701,212711,212714,3,10
212701,212711,212714,3,10
212701,212710,212714,4,9
212701,212710,212714,4,9
212701,212710,212714,4,9
211839,211875,212715,840,36
212704,212711,212715,4,7
212704,212712,212715,3,8
212704,212712,212715,3,8
212704,212712,212715,3,8
212704,212712,212715,3,8
212704,212713,212715,2,9
212704,212711,212715,4,7
212704,212712,212715,3,8
212704,212713,212715,2,9
212704,212712,212715,3,8
212704,212712,212715,3,8
212704,212712,212716,4,8
212704,212712,212715,3,8
212704,212713,212716,3,9
212704,212713,212715,2,9
212704,212713,212717,4,9
212704,212714,212717,3,10
212704,212715,212716,1,11
212704,212713,212716,3,9
212704,212714,212716,2,10
212704,212713,212716,3,9
212704,212713,212716,3,9
212704,212714,212717,3,10
212704,212715,212717,2,11
212704,212713,212716,3,9
212704,212714,212716,2,10
212704,212714,212716,2,10
212704,212715,212717,2,11
212704,212713,212716,3,9
212704,212713,212716,3,9
212704,212713,212716,3,9
212704,212715,212717,2,11
212704,212715,212717,2,11
212704,212715,212717,2,11
212704,212714,212717,3,10
212704,212715,212718,3,11
212704,212714,212718,4,10
212704,212716,212718,2,12
212704,212715,212718,3,11
212704,212715,212719,4,11
212704,212715,212719,4,11
212704,212714,212718,4,10
212704,212715,212718,3,11
212704,212715,212719,4,11
212704,212716,212718,2,12
212704,212717,212719,2,13
212704,212717,212719,2,13
212704,212717,212720,3,13
212704,212716,212720,4,12
212704,212716,212720,4,12
212704,212716,212720,4,12
212704,212716,212719,3,12
212704,212716,212719,3,12
212704,212717,212720,3,13
212704,212717,212720,3,13
212704,212716,212720,4,12
212704,212716,212720,4,12
212704,212716,212720,4,12
212704,212716,212720,4,12
212704,212716,212721,5,12
212704,212718,212721,3,14
212704,212716,212720,4,12
212704,212716,212721,5,12
212704,212717,212720,3,13
212704,212717,212720,3,13
212704,212717,212720,3,13
212704,212717,212720,3,13
212704,212717,212721,4,13
212704,212717,212720,3,13
212704,212717,212721,4,13
212704,212717,212721,4,13
212704,212717,212720,3,13
212704,212717,212720,3,13
212704,212718,212722,4,14
212704,212718,212721,3,14
212704,212717,212721,4,13
212704,212718,212721,3,14
212704,212718,212722,4,14
212704,212718,212721,3,14
212704,212719,212722,3,15
212704,212719,212723,4,15
212704,212719,212723,4,15
212704,212720,212723,3,16
212704,212719,212722,3,15
212704,212719,212722,3,15
212704,212719,212723,4,15
212704,212720,212722,2,16
212704,212718,212722,4,14
212704,212719,212723,4,15
212704,212720,212723,3,16
212704,212720,212723,3,16
212704,212720,212724,4,16
212704,212720,212724,4,16
212704,212720,212724,4,16
212704,212720,212724,4,16
212704,212720,212724,4,16
212704,212720,212724,4,16
212704,212720,212724,4,16
212704,212721,212724,3,17
212704,212721,212724,3,17
212704,212720,212724,4,16
212704,212721,212724,3,17
212704,212721,212724,3,17
212704,212720,212723,3,16
212704,212721,212724,3,17
212704,212721,212724,3,17
212704,212721,212724,3,17
212704,212720,212724,4,16
212704,212721,212724,3,17
212704,212722,212724,2,18
212704,212721,212724,3,17
212704,212721,212725,4,17
212704,212721,212725,4,17
212704,212721,212724,3,17
212704,212721,212725,4,17
212704,212721,212725,4,17
212704,212722,212724,2,18
212704,212722,212725,3,18
212704,212722,212726,4,18
211843,211893,212731,838,50
212720,212720,212731,11,0
212749,212749,212751,2,0
212749,212749,212752,3,0
212749,212749,212751,2,0
212749,212749,212751,2,0
212749,212749,212752,3,0
212749,212749,212752,3,0
212749,212749,212751,2,0
212749,212749,212751,2,0
212749,212749,212752,3,0
212749,212749,212752,3,0
212749,212749,212753,4,0
212749,212749,212752,3,0
212749,212749,212753,4,0
212749,212749,212752,3,0
212749,212749,212752,3,0
212749,212749,212753,4,0
212749,212749,212753,4,0
212749,212749,212752,3,0
212749,212749,212752,3,0
212749,212749,212753,4,0
212749,212749,212753,4,0
212749,212749,212753,4,0
212749,212749,212752,3,0
212749,212749,212752,3,0
212749,212749,212753,4,0
212749,212749,212752,3,0
212749,212749,212754,5,0
212749,212749,212753,4,0
212749,212749,212753,4,0
212749,212749,212753,4,0
212749,212749,212753,4,0
212749,212749,212753,4,0
212749,212749,212753,4,0
212749,212749,212753,4,0
212749,212749,212754,5,0
212749,212749,212754,5,0
212749,212749,212753,4,0
212749,212749,212754,5,0
212749,212752,212755,3,3
212749,212753,212755,2,4
212749,212753,212755,2,4
212749,212752,212756,4,3
212749,212753,212755,2,4
212749,212752,212756,4,3
212749,212752,212756,4,3
212749,212752,212756,4,3
212749,212752,212756,4,3
212749,212753,212756,3,4
212749,212753,212757,4,4
212749,212752,212756,4,3
212749,212752,212756,4,3
212749,212753,212756,3,4
212749,212753,212756,3,4
212749,212753,212757,4,4
212749,212754,212757,3,5
212749,212753,212757,4,4
212749,212754,212757,3,5
212749,212754,212757,3,5
212749,212753,212757,4,4
212749,212754,212757,3,5
212749,212753,212757,4,4
212749,212753,212757,4,4
212749,212754,212757,3,5
212749,212754,212757,3,5
212749,212754,212758,4,5
212749,212754,212757,3,5
212749,212753,212757,4,4
212749,212754,212758,4,5
212749,212754,212758,4,5
212749,212753,212758,5,4
212749,212755,212758,3,6
212749,212753,212757,4,4
212749,212753,212757,4,4
212749,212753,212758,5,4
212749,212755,212759,4,6
212749,212755,212759,4,6
212749,212756,212759,3,7
212749,212754,212758,4,5
212749,212756,212759,3,7
212749,212756,212759,3,7
212749,212756,212759,3,7
212749,212755,212759,4,6
212749,212756,212759,3,7
212749,212756,212760,4,7
212749,212756,212759,3,7
212749,212757,212760,3,8
212749,212757,212760,3,8
212749,212757,212761,4,8
212749,212757,212761,4,8
212749,212757,212761,4,8
212749,212758,212761,3,9
212749,212757,212761,4,8
212749,212758,212761,3,9
212749,212757,212760,3,8
212749,212757,212760,3,8
212749,212757,212761,4,8
212749,212757,212761,4,8
212749,212757,212761,4,8
212749,212757,212761,4,8
212749,212757,212761,4,8
212749,212758,212761,3,9
212749,212757,212761,4,8
212749,212758,212761,3,9
212749,212758,212761,3,9
212749,212758,212762,4,9
212749,212759,212762,3,10
212749,212758,212762,4,9
212749,212758,212762,4,9
212749,212757,212761,4,8
212749,212758,212762,4,9
212749,212758,212762,4,9
212749,212758,212762,4,9
212749,212759,212762,3,10
212760,212760,212763,3,0
212760,212760,212762,2,0
212749,212759,212762,3,10
212749,212759,212763,4,10
212760,212760,212763,3,0
212760,212760,212764,4,0
212760,212760,212764,4,0
212760,212761,212764,3,1
212760,212761,212764,3,1
212760,212762,212764,2,2
212760,212760,212764,4,0
212760,212761,212764,3,1
212760,212761,212764,3,1
212760,212760,212764,4,0
212760,212762,212765,3,2
212760,212761,212765,4,1
212760,212761,212765,4,1
212760,212762,212765,3,2
212760,212762,212765,3,2
212760,212760,212765,5,0
212760,212761,212765,4,1
212760,212761,212765,4,1
212760,212762,212765,3,2
212760,212761,212765,4,1
212760,212763,212765,2,3
212760,212763,212765,2,3
212760,212762,212765,3,2
212760,212762,212765,3,2
212760,212762,212765,3,2
212760,212762,212765,3,2
212760,212763,212765,2,3
212760,212762,212766,4,2
212760,212764,212766,2,4
212760,212762,212766,4,2
212760,212763,212766,3,3
212760,212763,212766,3,3
212760,212763,212767,4,3
212760,212763,212767,4,3
212760,212764,212767,3,4
212760,212764,212766,2,4
212760,212764,212767,3,4
212760,212762,212767,5,2
212760,212764,212767,3,4
212760,212765,212767,2,5
212760,212766,212767,1,6
212760,212766,212767,1,6
212760,212766,212768,2,6
212760,212763,212767,4,3
212760,212764,212767,3,4
212760,212763,212768,5,3
212760,212765,212768,3,5
212760,212766,212768,2,6
212760,212766,212768,2,6
212760,212766,212768,2,6
212760,212765,212768,3,5
212760,212766,212769,3,6
212760,212765,212769,4,5
212760,212765,212768,3,5
212760,212766,212769,3,6
212760,212766,212768,2,6
212760,212766,212769,3,6
212760,212765,212769,4,5
212760,212765,212769,4,5
212760,212765,212769,4,5
212760,212767,212770,3,7
212760,212766,212770,4,6
212760,212766,212770,4,6
212760,212767,212770,3,7
212749,212749,212753,4,0
212749,212749,212753,4,0
212749,212749,212753,4,0
212749,212749,212753,4,0
212760,212766,212770,4,6
212760,212766,212770,4,6
212760,212768,212770,2,8
212760,212768,212771,3,8
212760,212767,212771,4,7
212760,212767,212771,4,7
212760,212766,212771,5,6
212760,212767,212771,4,7
212760,212767,212771,4,7
212760,212768,212772,4,8
212760,212767,212771,4,7
212760,212768,212772,4,8
212760,212768,212771,3,8
212760,212768,212771,3,8
212760,212768,212772,4,8
212760,212769,212772,3,9
212760,212768,212772,4,8
212760,212769,212772,3,9
212760,212769,212772,3,9
212760,212767,212771,4,7
212760,212769,212772,3,9
212760,212769,212772,3,9
212760,212769,212772,3,9
212760,212770,212772,2,10
212760,212769,212772,3,9
212760,212769,212772,3,9
212760,212769,212772,3,9
212760,212769,212772,3,9
212760,212769,212773,4,9
212760,212769,212773,4,9
212760,212769,212773,4,9
212760,212770,212773,3,10
212760,212770,212773,3,10
212760,212771,212774,3,11
212760,212771,212774,3,11
212760,212770,212774,4,10
212760,212770,212774,4,10
212760,212771,212774,3,11
212760,212771,212774,3,11
212749,212771,212774,3,22
212760,212771,212774,3,11
212760,212771,212774,3,11
212760,212771,212774,3,11
212760,212771,212774,3,11
212760,212772,212774,2,12
212760,212771,212774,3,11
212760,212771,212774,3,11
212760,212770,212775,5,10
212760,212771,212774,3,11
212760,212772,212775,3,12
212760,212772,212775,3,12
212760,212772,212775,3,12
212760,212771,212775,4,11
212760,212771,212775,4,11
212760,212772,212775,3,12
211933,212010,212854,844,77
211952,212032,212858,826,80
212858,212858,212860,2,0
212858,212858,212861,3,0
212858,212858,212861,3,0
212858,212858,212861,3,0
212858,212858,212860,2,0
212858,212858,212860,2,0
212858,212858,212861,3,0
212858,212858,212861,3,0
212858,212858,212862,4,0
212858,212858,212862,4,0
212858,212858,212862,4,0
212858,212858,212862,4,0
212858,212858,212861,3,0
212858,212858,212862,4,0
212858,212858,212861,3,0
212858,212858,212861,3,0
212858,212858,212861,3,0
212858,212858,212862,4,0
212858,212858,212862,4,0
212858,212858,212862,4,0
212858,212858,212861,3,0
212858,212858,212862,4,0
212858,212858,212862,4,0
212858,212858,212862,4,0
212858,212858,212863,5,0
212858,212858,212862,4,0
212858,212858,212862,4,0
212858,212858,212862,4,0
212858,212858,212862,4,0
212858,212858,212862,4,0
212858,212858,212862,4,0
212858,212858,212862,4,0
212858,212858,212863,5,0
212858,212858,212863,5,0
212858,212858,212862,4,0
212858,212858,212862,4,0
212858,212858,212864,6,0
212858,212858,212863,5,0
212858,212858,212863,5,0
212858,212861,212864,3,3
212858,212858,212863,5,0
212858,212862,212864,2,4
212858,212858,212863,5,0
212858,212862,212864,2,4
212858,212859,212863,4,1
212858,212861,212864,3,3
212858,212861,212865,4,3
212858,212862,212865,3,4
212858,212862,212865,3,4
212858,212862,212865,3,4
212858,212861,212865,4,3
212858,212861,212864,3,3
212858,212862,212864,2,4
212858,212861,212865,4,3
212858,212862,212864,2,4
212858,212863,212865,2,5
212858,212863,212865,2,5
212858,212862,212865,3,4
212858,212862,212865,3,4
212858,212862,212866,4,4
212858,212863,212866,3,5
212858,212863,212866,3,5
212858,212863,212866,3,5
212858,212863,212866,3,5
212858,212862,212865,3,4
212858,212862,212866,4,4
212858,212862,212866,4,4
212858,212864,212867,3,6
212858,212863,212866,3,5
212858,212862,212867,5,4
212858,212862,212867,5,4
212858,212863,212867,4,5
212858,212863,212867,4,5
212858,212863,212866,3,5
212858,212864,212867,3,6
212858,212863,212866,3,5
212858,212864,212867,3,6
212858,212864,212867,3,6
212858,212864,212867,3,6
212858,212863,212866,3,5
212858,212864,212867,3,6
212858,212864,212867,3,6
212858,212863,212867,4,5
212858,212865,212868,3,7
212858,212863,212867,4,5
212858,212864,212868,4,6
212858,212864,212868,4,6
212858,212863,212868,5,5
212858,212865,212868,3,7
212858,212864,212867,3,6
212858,212866,212869,3,8
212858,212866,212869,3,8
212858,212865,212869,4,7
212858,212865,212869,4,7
212858,212865,212868,3,7
212858,212865,212869,4,7
212858,212865,212869,4,7
212858,212865,212868,3,7
212858,212865,212869,4,7
212858,212866,212870,4,8
212858,212866,212870,4,8
212858,212867,212870,3,9
212861,212868,212870,2,7
212858,212866,212870,4,8
212858,212866,212870,4,8
212858,212866,212870,4,8
212858,212867,212870,3,9
212858,212866,212870,4,8
212858,212867,212870,3,9
212858,212867,212870,3,9
212858,212866,212870,4,8
212858,212866,212870,4,8
212858,212867,212870,3,9
212858,212867,212871,4,9
212858,212867,212871,4,9
212858,212867,212870,3,9
212858,212867,212870,3,9
212858,212867,212871,4,9
212861,212868,212871,3,7
212861,212867,212871,4,6
212861,212867,212871,4,6
212858,212867,212871,4,9
212858,212867,212871,4,9
212858,212867,212871,4,9
212861,212868,212872,4,7
212861,212868,212872,4,7
212861,212867,212872,5,6
212861,212869,212872,3,8
212861,212869,212872,3,8
212861,212869,212872,3,8
212861,212869,212872,3,8
212861,212871,212873,2,10
212861,212869,212872,3,8
212861,212869,212873,4,8
212861,212869,212873,4,8
212861,212870,212873,3,9
212861,212870,212873,3,9
212861,212871,212873,2,10
212861,212871,212873,2,10
212861,212870,212873,3,9
212861,212871,212873,2,10
212861,212871,212873,2,10
212861,212871,212874,3,10
212861,212870,212873,3,9
212861,212871,212873,2,10
212861,212871,212873,2,10
212861,212869,212874,5,8
212861,212869,212874,5,8
212861,212870,212874,4,9
212861,212870,212874,4,9
212861,212870,212874,4,9
212861,212871,212874,3,10
212861,212871,212874,3,10
212861,212871,212875,4,10
212861,212871,212875,4,10
212861,212871,212875,4,10
212861,212871,212875,4,10
212861,212872,212875,3,11
212861,212870,212875,5,9
212861,212872,212875,3,11
212861,212872,212875,3,11
212861,212873,212875,2,12
212861,212872,212875,3,11
212861,212872,212876,4,11
212861,212873,212876,3,12
212861,212872,212876,4,11
212861,212874,212876,2,13
212861,212874,212876,2,13
212861,212874,212876,2,13
212861,212872,212876,4,11
212861,212872,212876,4,11
212861,212874,212876,2,13
212861,212874,212876,2,13
212861,212874,212876,2,13
212861,212874,212877,3,13
212861,212873,212876,3,12
212861,212872,212876,4,11
212861,212873,212877,4,12
212861,212874,212876,2,13
212861,212874,212877,3,13
212861,212873,212876,3,12
212861,212874,212877,3,13
212861,212873,212877,4,12
212861,212873,212877,4,12
212861,212873,212877,4,12
212861,212875,212877,2,14
212861,212873,212877,4,12
212861,212874,212877,3,13
212861,212875,212878,3,14
212861,212875,212878,3,14
212861,212875,212878,3,14
212861,212876,212878,2,15
212861,212876,212878,2,15
212861,212875,212878,3,14
212861,212875,212878,3,14
212861,212876,212879,3,15
212861,212875,212878,3,14
212861,212875,212878,3,14
212861,212876,212879,3,15
212861,212876,212879,3,15
212861,212875,212879,4,14
212861,212875,212879,4,14
212861,212877,212880,3,16
212861,212876,212879,3,15
212861,212876,212879,3,15
212861,212877,212880,3,16
212861,212876,212880,4,15
212861,212877,212880,3,16
212861,212877,212879,2,16
212861,212876,212880,4,15
212861,212876,212879,3,15
212861,212876,212879,3,15
212861,212877,212880,3,16
212861,212876,212879,3,15
212861,212876,212879,3,15
212861,212876,212879,3,15
212861,212878,212880,2,17
212861,212878,212880,2,17
212861,212877,212880,3,16
212861,212877,212880,3,16
212861,212877,212880,3,16
212861,212877,212881,4,16
212861,212877,212881,4,16
212861,212878,212881,3,17
212861,212878,212881,3,17
212861,212879,212882,3,18
212861,212879,212881,2,18
212861,212879,212881,2,18
212861,212879,212882,3,18
212861,212878,212881,3,17
212861,212877,212881,4,16
212861,212879,212882,3,18
212861,212877,212881,4,16
212861,212878,212882,4,17
212861,212878,212881,3,17
212861,212879,212882,3,18
212861,212879,212882,3,18
212861,212879,212882,3,18
212861,212879,212882,3,18
212861,212879,212882,3,18
212066,212123,212908,785,57
212917,212917,212919,2,0
212917,212917,212919,2,0
212917,212917,212921,4,0
212917,212917,212920,3,0
212917,212917,212921,4,0
212917,212917,212921,4,0
212917,212917,212921,4,0
212917,212917,212920,3,0
212917,212917,212921,4,0
212917,212917,212920,3,0
212917,212917,212921,4,0
212917,212917,212921,4,0
212917,212917,212922,5,0
212917,212917,212922,5,0
212917,212917,212922,5,0
212917,212917,212922,5,0
212917,212917,212921,4,0
212917,212917,212921,4,0
212917,212917,212922,5,0
212917,212917,212921,4,0
212917,212917,212922,5,0
212917,212917,212921,4,0
212917,212917,212921,4,0
212917,212917,212922,5,0
212917,212917,212921,4,0
212917,212917,212922,5,0
212917,212917,212921,4,0
212917,212917,212922,5,0
212917,212917,212921,4,0
212917,212917,212921,4,0
212917,212917,212921,4,0
212917,212917,212922,5,0
212917,212917,212922,5,0
212917,212917,212922,5,0
212917,212917,212922,5,0
212917,212917,212922,5,0
212917,212920,212924,4,3
212917,212921,212924,3,4
212917,212921,212924,3,4
212917,212922,212924,2,5
212917,212920,212924,4,3
212917,212922,212924,2,5
212917,212922,212925,3,5
212917,212921,212925,4,4
212917,212921,212925,4,4
212917,212922,212925,3,5
212917,212922,212925,3,5
212917,212922,212925,3,5
212917,212922,212925,3,5
212917,212921,212925,4,4
212917,212921,212924,3,4
212917,212922,212925,3,5
212917,212921,212926,5,4
212917,212922,212926,4,5
212917,212923,212926,3,6
212917,212922,212926,4,5
212917,212922,212926,4,5
212917,212922,212926,4,5
212917,212922,212926,4,5
212917,212921,212925,4,4
212917,212922,212926,4,5
212917,212922,212926,4,5
212917,212922,212926,4,5
212917,212923,212926,3,6
212917,212922,212926,4,5
212917,212922,212926,4,5
212917,212922,212926,4,5
212917,212922,212926,4,5
212917,212922,212926,4,5
212917,212923,212926,3,6
212917,212924,212927,3,7
212917,212922,212927,5,5
212917,212924,212928,4,7
212917,212924,212928,4,7
212917,212924,212928,4,7
212917,212925,212928,3,8
212917,212925,212929,4,8
212917,212924,212928,4,7
212917,212925,212928,3,8
212917,212926,212928,2,9
212917,212926,212928,2,9
212917,212925,212929,4,8
212917,212925,212929,4,8
212917,212925,212929,4,8
212917,212927,212929,2,10
212917,212925,212929,4,8
212917,212925,212929,4,8
212917,212925,212929,4,8
212917,212927,212929,2,10
212917,212927,212929,2,10
212917,212927,212929,2,10
212917,212927,212930,3,10
212917,212927,212930,3,10
212917,212927,212930,3,10
212917,212927,212930,3,10
212917,212927,212930,3,10
212917,212927,212930,3,10
212917,212927,212930,3,10
212917,212927,212930,3,10
212917,212927,212930,3,10
212917,212927,212930,3,10
212917,212927,212930,3,10
212917,212927,212930,3,10
212917,212929,212931,2,12
212917,212927,212931,4,10
212917,212928,212931,3,11
212917,212929,212931,2,12
212917,212929,212931,2,12
212917,212927,212931,4,10
212917,212929,212932,3,12
212917,212928,212931,3,11
212917,212929,212932,3,12
212917,212929,212931,2,12
212917,212929,212932,3,12
212917,212917,212922,5,0
212917,212917,212921,4,0
212917,212917,212922,5,0
212917,212917,212922,5,0
212917,212917,212922,5,0
212917,212940,212943,3,23
212933,212933,212949,16,0
212979,212979,212995,16,0
212157,212188,213024,836,31
213027,213027,213029,2,0
213027,213027,213029,2,0
213027,213027,213029,2,0
213027,213027,213030,3,0
213027,213027,213029,2,0
213027,213027,213031,4,0
213027,213027,213031,4,0
213027,213027,213030,3,0
213027,213027,213031,4,0
213027,213027,213030,3,0
213027,213027,213031,4,0
213027,213027,213031,4,0
213027,213027,213031,4,0
213027,213027,213031,4,0
213027,213027,213031,4,0
213027,213027,213030,3,0
213027,213027,213031,4,0
213027,213027,213031,4,0
213027,213027,213031,4,0
213027,213027,213032,5,0
213027,213027,213031,4,0
213027,213027,213031,4,0
213027,213027,213032,5,0
213027,213027,213031,4,0
213027,213027,213031,4,0
213027,213027,213031,4,0
213027,213027,213032,5,0
213027,213027,213032,5,0
213027,213027,213031,4,0
213027,213027,213031,4,0
213027,213027,213031,4,0
213027,213027,213031,4,0
213027,213027,213032,5,0
213027,213027,213032,5,0
213027,213027,213032,5,0
213027,213027,213031,4,0
213027,213027,213032,5,0
213027,213027,213031,4,0
213027,213027,213032,5,0
213027,213027,213032,5,0
213027,213027,213032,5,0
213027,213031,213034,3,4
213027,213030,213034,4,3
213027,213031,213034,3,4
213027,213031,213034,3,4
213027,213032,213034,2,5
213027,213032,213034,2,5
213027,213031,213034,3,4
213027,213031,213034,3,4
213027,213030,213034,4,3
213027,213030,213034,4,3
213027,213030,213035,5,3
213027,213031,213035,4,4
213027,213032,213035,3,5
213027,213032,213034,2,5
213027,213032,213034,2,5
213027,213032,213035,3,5
213027,213032,213035,3,5
213027,213032,213035,3,5
213027,213031,213035,4,4
213027,213032,213035,3,5
213027,213030,213035,5,3
213027,213031,213034,3,4
213027,213031,213036,5,4
213027,213031,213035,4,4
213027,213032,213036,4,5
213027,213032,213036,4,5
213027,213032,213036,4,5
213027,213032,213036,4,5
213027,213032,213036,4,5
213027,213031,213036,5,4
213027,213032,213035,3,5
213027,213032,213035,3,5
213027,213032,213036,4,5
213027,213031,213036,5,4
213027,213032,213036,4,5
213027,213032,213036,4,5
213027,213032,213036,4,5
213027,213032,213036,4,5
213027,213032,213036,4,5
213027,213033,213036,3,6
213027,213032,213037,5,5
213027,213034,213037,3,7
213027,213034,213037,3,7
213027,213034,213037,3,7
213027,213034,213037,3,7
213027,213034,213037,3,7
213027,213034,213038,4,7
213027,213034,213038,4,7
213027,213034,213038,4,7
213027,213035,213038,3,8
213027,213035,213038,3,8
213027,213034,213038,4,7
213027,213035,213038,3,8
213027,213035,213038,3,8
213027,213034,213038,4,7
213027,213035,213039,4,8
213027,213036,213039,3,9
213027,213037,213039,2,10
213027,213035,213039,4,8
213027,213035,213039,4,8
213027,213035,213039,4,8
213027,213035,213039,4,8
213027,213037,213039,2,10
213027,213037,213040,3,10
213027,213037,213039,2,10
213027,213037,213039,2,10
213027,213035,213039,4,8
213027,213035,213039,4,8
213027,213036,213040,4,9
213027,213036,213040,4,9
213027,213036,213040,4,9
213027,213036,213040,4,9
213027,213036,213040,4,9
213027,213036,213039,3,9
213027,213036,213040,4,9
213027,213037,213040,3,10
213024,213025,213040,15,1
213027,213035,213040,5,8
213027,213037,213040,3,10
213027,213036,213041,5,9
212285,212290,213071,781,5
213074,213074,213077,3,0
213074,213074,213077,3,0
213074,213074,213077,3,0
213074,213074,213077,3,0
213074,213074,213078,4,0
213074,213074,213078,4,0
213074,213074,213077,3,0
213074,213074,213078,4,0
213074,213074,213078,4,0
213074,213074,213078,4,0
213074,213074,213078,4,0
213074,213074,213078,4,0
213074,213074,213078,4,0
213074,213074,213078,4,0
213074,213074,213078,4,0
213074,213074,213077,3,0
213074,213074,213078,4,0
213074,213074,213078,4,0
213074,213074,213078,4,0
213074,213074,213078,4,0
213074,213074,213078,4,0
213074,213074,213078,4,0
213074,213074,213078,4,0
213074,213074,213078,4,0
213074,213074,213078,4,0
213074,213074,213079,5,0
213074,213074,213078,4,0
213074,213074,213079,5,0
213074,213074,213079,5,0
213074,213074,213078,4,0
213074,213074,213079,5,0
213074,213074,213079,5,0
213074,213074,213079,5,0
213074,213074,213079,5,0
213074,213074,213079,5,0
213074,213074,213079,5,0
213074,213074,213079,5,0
213074,213074,213080,6,0
213074,213079,213080,1,5
213074,213079,213080,1,5
213074,213079,213081,2,5
213074,213079,213081,2,5
213074,213079,213081,2,5
213074,213077,213081,4,3
213074,213079,213081,2,5
213074,213079,213082,3,5
213074,213079,213081,2,5
213074,213078,213082,4,4
213074,213077,213082,5,3
213074,213078,213082,4,4
213074,213078,213082,4,4
213074,213077,213082,5,3
213074,213080,213082,2,6
213074,213079,213083,4,5
213074,213079,213082,3,5
213074,213080,213082,2,6
213074,213077,213082,5,3
213074,213078,213083,5,4
213074,213079,213083,4,5
213074,213079,213083,4,5
212304,212308,213083,775,4
213074,213079,213083,4,5
213074,213080,213083,3,6
213074,213080,213083,3,6
213074,213078,213084,6,4
213074,213079,213083,4,5
213074,213080,213083,3,6
213074,213081,213084,3,7
213074,213082,213084,2,8
213074,213080,213083,3,6
213074,213080,213084,4,6
213074,213083,213084,1,9
213074,213078,213085,7,4
213074,213080,213084,4,6
213074,213078,213084,6,4
213074,213081,213084,3,7
213074,213081,213085,4,7
213074,213081,213084,3,7
213074,213081,213084,3,7
213074,213080,213084,4,6
213074,213081,213084,3,7
213069,213069,213085,16,0
213074,213083,213086,3,9
213074,213080,213085,5,6
213074,213083,213086,3,9
213074,213082,213085,3,8
213074,213082,213085,3,8
213074,213083,213085,2,9
213074,213083,213085,2,9
213074,213082,213086,4,8
213074,213083,213086,3,9
213074,213084,213086,2,10
213074,213083,213086,3,9
213074,213083,213086,3,9
213074,213083,213086,3,9
213074,213084,213086,2,10
213074,213084,213086,2,10
213074,213083,213086,3,9
213074,213084,213087,3,10
213074,213085,213087,2,11
213074,213084,213086,2,10
213074,213084,213087,3,10
213074,213084,213087,3,10
213074,213084,213087,3,10
213074,213085,213088,3,11
213074,213084,213087,3,10
213074,213084,213087,3,10
213074,213084,213087,3,10
213074,213084,213087,3,10
213074,213085,213087,2,11
213074,213085,213087,2,11
213074,213085,213087,2,11
213074,213085,213088,3,11
213074,213084,213087,3,10
213074,213085,213088,3,11
213074,213085,213088,3,11
213085,213086,213088,2,1
213074,213085,213088,3,11
213085,213086,213088,2,1
213085,213085,213088,3,0
213085,213087,213090,3,2
213085,213086,213089,3,1
213085,213087,213090,3,2
213085,213086,213090,4,1
213085,213086,213089,3,1
213085,213086,213090,4,1
213085,213086,213090,4,1
213085,213087,213090,3,2
213085,213087,213090,3,2
213085,213086,213090,4,1
213085,213087,213090,3,2
213085,213087,213090,3,2
213085,213087,213091,4,2
213085,213088,213091,3,3
213085,213088,213091,3,3
213085,213087,213090,3,2
213085,213088,213090,2,3
213085,213086,213091,5,1
213085,213087,213091,4,2
213085,213087,213090,3,2
213085,213088,213092,4,3
213085,213088,213092,4,3
213085,213088,213091,3,3
213085,213088,213092,4,3
213085,213088,213091,3,3
213085,213087,213091,4,2
213085,213089,213092,3,4
213085,213088,213092,4,3
213085,213088,213092,4,3
213085,213088,213093,5,3
213085,213088,213092,4,3
213085,213088,213092,4,3
213085,213089,213093,4,4
213085,213090,213093,3,5
213085,213089,213093,4,4
213085,213089,213093,4,4
213085,213092,213094,2,7
213085,213092,213094,2,7
213085,213092,213094,2,7
213085,213092,213094,2,7
213085,213089,213093,4,4
213085,213092,213094,2,7
213085,213090,213094,4,5
213085,213090,213094,4,5
213085,213090,213094,4,5
213085,213090,213094,4,5
213085,213091,213094,3,6
213085,213090,213094,4,5
213085,213091,213095,4,6
213085,213090,213095,5,5
213085,213090,213095,5,5
213085,213091,213095,4,6
213085,213092,213095,3,7
213085,213090,213095,5,5
213085,213090,213096,6,5
213085,213091,213095,4,6
213074,213074,213079,5,0
213074,213074,213080,6,0
213074,213074,213078,4,0
213085,213091,213096,5,6
213085,213091,213095,4,6
213085,213091,213095,4,6
213085,213093,213096,3,8
213085,213091,213096,5,6
213085,213091,213096,5,6
213085,213093,213096,3,8
213085,213091,213096,5,6
213085,213092,213096,4,7
213085,213093,213096,3,8
213085,213093,213096,3,8
213085,213094,213097,3,9
213085,213094,213097,3,9
213085,213093,213097,4,8
213085,213093,213097,4,8
213085,213093,213097,4,8
213085,213096,213097,1,11
213085,213095,213097,2,10
213085,213093,213098,5,8
213085,213095,213097,2,10
213085,213094,213098,4,9
213085,213094,213098,4,9
213085,213095,213098,3,10
213085,213094,213098,4,9
213085,213094,213098,4,9
213085,213094,213098,4,9
213085,213094,213098,4,9
213085,213094,213099,5,9
213085,213096,213099,3,11
213085,213096,213099,3,11
213085,213096,213099,3,11
213085,213096,213099,3,11
213085,213097,213100,3,12
213085,213094,213099,5,9
213085,213095,213099,4,10
213085,213096,213099,3,11
213085,213096,213099,3,11
213085,213096,213099,3,11
213085,213096,213099,3,11
213085,213097,213100,3,12
213085,213097,213100,3,12
213085,213097,213100,3,12
213074,213096,213100,4,22
213085,213096,213100,4,11
213085,213096,213100,4,11
213085,213096,213100,4,11
213085,213096,213100,4,11
213085,213097,213100,3,12
213085,213099,213100,1,14
213085,213098,213100,2,13
213085,213099,213100,1,14
213085,213097,213100,3,12
213085,213097,213100,3,12
213085,213097,213100,3,12
213085,213098,213101,3,13
213085,213097,213101,4,12
213085,213097,213100,3,12
213085,213098,213101,3,13
213074,213096,213101,5,22
213085,213098,213101,3,13
213085,213098,213101,3,13
213085,213099,213102,3,14
213085,213098,213101,3,13
212227,212246,213136,890,19
213139,213139,213142,3,0
213139,213139,213141,2,0
213139,213139,213142,3,0
213139,213139,213143,4,0
213139,213139,213143,4,0
213139,213139,213143,4,0
213139,213139,213143,4,0
213139,213139,213143,4,0
213139,213139,213143,4,0
213139,213139,213143,4,0
213139,213139,213143,4,0
213139,213139,213143,4,0
213139,213139,213143,4,0
213139,213139,213143,4,0
213139,213139,213144,5,0
213139,213139,213143,4,0
213139,213139,213144,5,0
213139,213139,213143,4,0
213139,213139,213144,5,0
213139,213139,213144,5,0
213139,213139,213144,5,0
213139,213139,213143,4,0
213139,213139,213143,4,0
213139,213139,213144,5,0
213139,213139,213143,4,0
213139,213139,213143,4,0
213139,213139,213144,5,0
213139,213139,213144,5,0
213139,213139,213144,5,0
213139,213139,213144,5,0
213139,213142,213146,4,3
213139,213144,213146,2,5
213139,213144,213146,2,5
213139,213142,213146,4,3
213139,213144,213146,2,5
213139,213144,213146,2,5
213139,213144,213147,3,5
213139,213144,213147,3,5
213139,213142,213147,5,3
213139,213143,213147,4,4
213139,213144,213147,3,5
213139,213143,213147,4,4
213139,213143,213147,4,4
213139,213144,213147,3,5
213139,213143,213147,4,4
213139,213143,213147,4,4
213139,213143,213147,4,4
213139,213144,213147,3,5
213139,213143,213146,3,4
213139,213144,213148,4,5
213139,213143,213148,5,4
213139,213143,213148,5,4
213139,213144,213148,4,5
213139,213144,213148,4,5
213139,213144,213148,4,5
213139,213144,213149,5,5
213139,213144,213148,4,5
213139,213144,213148,4,5
213139,213144,213149,5,5
213139,213145,213149,4,6
213139,213146,213149,3,7
213139,213144,213149,5,5
213139,213144,213149,5,5
213139,213144,213149,5,5
213139,213145,213149,4,6
213139,213144,213149,5,5
213139,213146,213149,3,7
213139,213147,213151,4,8
213139,213147,213150,3,8
213139,213146,213150,4,7
213139,213148,213151,3,9
213139,213148,213150,2,9
213139,213148,213151,3,9
213139,213148,213150,2,9
213139,213148,213151,3,9
213139,213146,213151,5,7
213139,213148,213151,3,9
213139,213149,213151,2,10
213139,213148,213151,3,9
213139,213148,213151,3,9
213139,213148,213151,3,9
213139,213149,213152,3,10
213139,213148,213151,3,9
213139,213148,213152,4,9
213139,213149,213151,2,10
213139,213148,213151,3,9
213139,213148,213151,3,9
213139,213149,213152,3,10
213139,213149,213151,2,10
213139,213149,213152,3,10
213139,213149,213152,3,10
213139,213150,213153,3,11
213139,213150,213153,3,11
213139,213149,213152,3,10
213139,213149,213152,3,10
213139,213150,213153,3,11
213139,213150,213153,3,11
213139,213150,213153,3,11
213139,213150,213153,3,11
213139,213150,213154,4,11
213139,213150,213153,3,11
213139,213150,213153,3,11
213139,213151,213154,3,12
213139,213152,213155,3,13
213139,213152,213155,3,13
213139,213152,213154,2,13
213139,213151,213154,3,12
213139,213152,213154,2,13
213139,213151,213154,3,12
213139,213151,213154,3,12
213139,213151,213154,3,12
213139,213151,213154,3,12
213139,213151,213154,3,12
213139,213151,213154,3,12
213139,213155,213158,3,16
213139,213155,213158,3,16
213139,213155,213158,3,16
213139,213155,213159,4,16
213139,213155,213159,4,16
213139,213155,213159,4,16
212390,212390,213177,787,0
213190,213190,213193,3,0
213190,213190,213192,2,0
213190,213190,213192,2,0
213190,213190,213192,2,0
213190,213190,213193,3,0
213190,213190,213192,2,0
213190,213190,213194,4,0
213190,213190,213193,3,0
213190,213190,213193,3,0
213190,213190,213194,4,0
213190,213190,213194,4,0
213190,213190,213194,4,0
213190,213190,213193,3,0
213190,213190,213193,3,0
213190,213190,213194,4,0
213190,213190,213194,4,0
213190,213190,213194,4,0
213190,213190,213194,4,0
213190,213190,213194,4,0
213190,213190,213194,4,0
213190,213190,213194,4,0
213190,213190,213194,4,0
213190,213190,213194,4,0
213190,213190,213195,5,0
213190,213190,213195,5,0
213190,213190,213194,4,0
213190,213190,213195,5,0
213190,213190,213194,4,0
213190,213190,213194,4,0
213190,213190,213194,4,0
213190,213190,213195,5,0
213190,213190,213195,5,0
213190,213190,213195,5,0
213190,213190,213195,5,0
213190,213194,213197,3,4
213190,213194,213197,3,4
213190,213194,213196,2,4
213190,213194,213196,2,4
213190,213193,213197,4,3
213190,213193,213197,4,3
213190,213193,213196,3,3
213190,213194,213197,3,4
213190,213194,213197,3,4
213190,213194,213197,3,4
213190,213193,213197,4,3
213190,213194,213196,2,4
213190,213194,213197,3,4
213190,213195,213197,2,5
213190,213193,213197,4,3
213190,213195,213198,3,5
213190,213194,213197,3,4
213190,213193,213197,4,3
213190,213195,213198,3,5
213190,213195,213198,3,5
213190,213195,213199,4,5
213190,213195,213199,4,5
213190,213196,213199,3,6
213190,213195,213199,4,5
213190,213195,213199,4,5
213190,213195,213199,4,5
213190,213195,213199,4,5
213190,213195,213199,4,5
213190,213195,213198,3,5
213190,213195,213199,4,5
213190,213195,213198,3,5
213190,213195,213199,4,5
213190,213196,213200,4,6
213190,213196,213200,4,6
213190,213197,213200,3,7
213190,213197,213200,3,7
213190,213197,213200,3,7
213190,213197,213201,4,7
213190,213197,213201,4,7
213190,213197,213201,4,7
213190,213198,213201,3,8
213190,213197,213201,4,7
213190,213197,213201,4,7
213190,213197,213201,4,7
213190,213197,213201,4,7
213190,213198,213201,3,8
213190,213198,213200,2,8
213190,213197,213201,4,7
213190,213197,213201,4,7
213190,213198,213201,3,8
213190,213199,213202,3,9
213190,213200,213202,2,10
213190,213197,213202,5,7
213190,213199,213202,3,9
213190,213199,213202,3,9
213190,213198,213202,4,8
213190,213198,213201,3,8
213190,213199,213201,2,9
213190,213199,213202,3,9
213190,213199,213201,2,9
213190,213199,213202,3,9
213190,213199,213202,3,9
213190,213199,213203,4,9
213190,213200,213203,3,10
213190,213199,213203,4,9
213190,213200,213203,3,10
213190,213199,213203,4,9
213190,213199,213203,4,9
213190,213199,213203,4,9
213190,213200,213203,3,10
213190,213201,213204,3,11
213190,213201,213204,3,11
213190,213201,213204,3,11
213190,213202,213204,2,12
213190,213201,213204,3,11
213190,213201,213204,3,11
213190,213201,213205,4,11
213190,213201,213204,3,11
213190,213201,213205,4,11
213190,213208,213210,2,18
213190,213208,213211,3,18
213190,213208,213211,3,18
213190,213208,213211,3,18
213190,213208,213211,3,18
213190,213208,213212,4,18
213190,213208,213212,4,18
213209,213209,213218,9,0
212351,212351,213237,886,0
213239,213239,213241,2,0
213239,213239,213242,3,0
213239,213239,213242,3,0
213239,213239,213241,2,0
213239,213239,213242,3,0
213239,213239,213243,4,0
213239,213239,213242,3,0
213239,213239,213243,4,0
213239,213239,213242,3,0
213239,213239,213242,3,0
213239,213239,213242,3,0
213239,213239,213242,3,0
213239,213239,213243,4,0
213239,213239,213243,4,0
213239,213239,213243,4,0
213239,213239,213243,4,0
213239,213239,213243,4,0
213239,213239,213243,4,0
213239,213239,213244,5,0
213239,213239,213244,5,0
213239,213239,213244,5,0
213239,213239,213243,4,0
213239,213239,213243,4,0
213239,213239,213243,4,0
213239,213239,213244,5,0
213239,213239,213244,5,0
213239,213239,213244,5,0
213239,213239,213244,5,0
213239,213239,213243,4,0
213239,213239,213243,4,0
213239,213239,213244,5,0
213239,213239,213244,5,0
213239,213239,213243,4,0
213239,213239,213243,4,0
213239,213239,213243,4,0
213239,213239,213243,4,0
213239,213242,213244,2,3
213239,213243,213244,1,4
213239,213239,213244,5,0
213239,213239,213244,5,0
213239,213239,213245,6,0
213239,213239,213244,5,0
213239,213239,213245,6,0
213239,213244,213246,2,5
213239,213242,213246,4,3
213239,213242,213246,4,3
213239,213245,213247,2,6
213234,213235,213247,12,1
213239,213244,213246,2,5
213239,213244,213246,2,5
213239,213243,213246,3,4
213239,213243,213246,3,4
213239,213244,213247,3,5
213239,213243,213247,4,4
213239,213243,213247,4,4
213239,213244,213246,2,5
213239,213242,213246,4,3
213239,213243,213247,4,4
213239,213243,213247,4,4
213239,213244,213247,3,5
213239,213244,213248,4,5
213239,213244,213247,3,5
213239,213244,213248,4,5
213239,213244,213248,4,5
213239,213244,213248,4,5
213239,213244,213247,3,5
213239,213243,213248,5,4
213239,213244,213248,4,5
213239,213244,213247,3,5
213239,213245,213247,2,6
213239,213246,213248,2,7
213239,213243,213248,5,4
213239,213246,213248,2,7
213239,213244,213248,4,5
213239,213244,213248,4,5
213239,213244,213248,4,5
213239,213244,213249,5,5
212330,212330,213248,918,0
213239,213244,213249,5,5
213239,213246,213249,3,7
213239,213244,213249,5,5
213239,213244,213249,5,5
213239,213244,213249,5,5
213239,213244,213249,5,5
213239,213245,213249,4,6
213239,213244,213249,5,5
213239,213245,213249,4,6
213239,213245,213249,4,6
213239,213247,213250,3,8
213239,213247,213249,2,8
213239,213247,213250,3,8
213239,213247,213250,3,8
213239,213247,213250,3,8
213239,213247,213250,3,8
213239,213245,213250,5,6
213239,213247,213250,3,8
213239,213247,213250,3,8
213239,213247,213250,3,8
212338,212339,213250,911,1
213239,213248,213251,3,9
213239,213247,213250,3,8
213239,213247,213251,4,8
213239,213247,213251,4,8
213239,213247,213251,4,8
213239,213248,213251,3,9
213239,213248,213251,3,9
213239,213248,213251,3,9
213239,213248,213251,3,9
213239,213248,213251,3,9
213239,213248,213251,3,9
213239,213248,213251,3,9
213239,213249,213252,3,10
213239,213249,213252,3,10
213239,213248,213252,4,9
213239,213248,213251,3,9
213239,213248,213252,4,9
213239,213248,213252,4,9
213239,213248,213252,4,9
213239,213248,213252,4,9
213239,213248,213252,4,9
213239,213248,213252,4,9
213239,213249,213252,3,10
213239,213249,213252,3,10
212412,212412,213253,841,0
213252,213252,213255,3,0
213252,213252,213255,3,0
213252,213252,213255,3,0
213252,213253,213255,2,1
213252,213252,213256,4,0
213252,213252,213255,3,0
213252,213252,213256,4,0
213252,213252,213256,4,0
213252,213252,213256,4,0
213252,213252,213256,4,0
213252,213252,213256,4,0
213252,213252,213256,4,0
213252,213252,213256,4,0
213252,213252,213256,4,0
213252,213252,213256,4,0
213252,213252,213256,4,0
213252,213253,213256,3,1
213252,213252,213256,4,0
213252,213252,213256,4,0
213252,213253,213256,3,1
213252,213252,213257,5,0
213252,213252,213256,4,0
213252,213252,213257,5,0
213252,213252,213257,5,0
213252,213252,213257,5,0
213252,213252,213257,5,0
213252,213252,213257,5,0
213252,213252,213257,5,0
213252,213252,213257,5,0
213252,213252,213257,5,0
213252,213252,213257,5,0
213252,213252,213257,5,0
213252,213252,213257,5,0
213252,213253,213257,4,1
213252,213253,213258,5,1
213252,213252,213257,5,0
213252,213253,213257,4,1
213252,213252,213257,5,0
213252,213253,213257,4,1
213252,213252,213258,6,0
213252,213253,213258,5,1
213252,213252,213258,6,0
213252,213256,213258,2,4
213252,213257,213258,1,5
213252,213257,213258,1,5
213252,213257,213258,1,5
213252,213257,213259,2,5
213252,213252,213258,6,0
213252,213256,213259,3,4
213252,213257,213259,2,5
213252,213257,213260,3,5
213252,213255,213260,5,3
213252,213257,213260,3,5
213252,213256,213260,4,4
213252,213256,213260,4,4
213252,213256,213260,4,4
213252,213257,213260,3,5
212409,212409,213261,852,0
213252,213255,213260,5,3
213252,213258,213260,2,6
213252,213258,213260,2,6
213252,213259,213260,1,7
213252,213258,213260,2,6
213252,213259,213261,2,7
212349,212349,213261,912,0
213252,213256,213261,5,4
213252,213256,213261,5,4
213252,213258,213261,3,6
213252,213258,213261,3,6
213252,213258,213261,3,6
213252,213256,213261,5,4
213252,213258,213261,3,6
213252,213258,213261,3,6
213252,213258,213261,3,6
213252,213257,213261,4,5
213252,213258,213261,3,6
213252,213258,213262,4,6
213252,213258,213261,3,6
213252,213259,213262,3,7
213252,213257,213261,4,5
213252,213257,213261,4,5
213252,213258,213261,3,6
213252,213259,213261,2,7
213252,213259,213262,3,7
213252,213256,213262,6,4
213252,213258,213262,4,6
213252,213258,213262,4,6
213252,213258,213262,4,6
213252,213259,213262,3,7
213252,213258,213262,4,6
213252,213259,213262,3,7
213252,213261,213263,2,9
213252,213259,213262,3,7
213252,213259,213262,3,7
213252,213260,213263,3,8
213252,213260,213263,3,8
213252,213260,213263,3,8
213252,213260,213263,3,8
213252,213261,213263,2,9
213252,213261,213263,2,9
213252,213260,213263,3,8
213252,213262,213264,2,10
213252,213262,213264,2,10
213252,213260,213264,4,8
213252,213261,213264,3,9
213252,213262,213264,2,10
213252,213262,213264,2,10
213252,213262,213265,3,10
213252,213262,213264,2,10
213252,213262,213265,3,10
213252,213262,213265,3,10
213252,213262,213264,2,10
213252,213262,213265,3,10
213252,213261,213265,4,9
213252,213261,213265,4,9
213252,213261,213264,3,9
213252,213261,213264,3,9
213252,213261,213265,4,9
213254,213262,213265,3,8
213252,213262,213266,4,10
213252,213262,213265,3,10
213252,213262,213265,3,10
213254,213262,213266,4,8
213254,213262,213265,3,8
213252,213261,213265,4,9
213254,213262,213265,3,8
212405,212405,213266,861,0
213254,213262,213266,4,8
213254,213262,213266,4,8
213254,213262,213266,4,8
213254,213263,213266,3,9
213254,213263,213267,4,9
213254,213263,213267,4,9
213254,213264,213267,3,10
213254,213263,213267,4,9
213254,213263,213267,4,9
213254,213263,213267,4,9
213254,213263,213267,4,9
213254,213263,213267,4,9
213254,213263,213267,4,9
213254,213263,213267,4,9
213254,213264,213267,3,10
213254,213264,213268,4,10
213254,213264,213268,4,10
213254,213264,213267,3,10
213254,213266,213268,2,12
213254,213265,213268,3,11
213254,213263,213267,4,9
213254,213263,213268,5,9
213254,213264,213268,4,10
213254,213263,213268,5,9
213254,213265,213268,3,11
213254,213264,213268,4,10
213254,213265,213269,4,11
213254,213265,213269,4,11
213254,213266,213268,2,12
213254,213265,213268,3,11
213254,213265,213269,4,11
213254,213265,213269,4,11
213254,213266,213269,3,12
213254,213265,213269,4,11
213254,213266,213269,3,12
213254,213265,213268,3,11
213254,213264,213269,5,10
213254,213265,213269,4,11
213254,213266,213269,3,12
213254,213266,213269,3,12
213254,213266,213269,3,12
213254,213267,213270,3,13
213254,213267,213270,3,13
213254,213265,213270,5,11
213254,213265,213270,5,11
213254,213265,213270,5,11
213254,213265,213269,4,11
213254,213266,213270,4,12
213254,213266,213270,4,12
213254,213267,213270,3,13
213254,213268,213270,2,14
213254,213267,213270,3,13
213254,213268,213271,3,14
213254,213267,213271,4,13
213254,213267,213270,3,13
213254,213267,213271,4,13
213254,213267,213271,4,13
213254,213266,213270,4,12
213254,213266,213270,4,12
213254,213268,213271,3,14
213254,213268,213272,4,14
213254,213268,213271,3,14
213254,213267,213272,5,13
213254,213267,213271,4,13
213254,213268,213272,4,14
213254,213268,213272,4,14
213254,213268,213272,4,14
213254,213268,213272,4,14
213254,213269,213272,3,15
213254,213269,213272,3,15
213254,213269,213272,3,15
213254,213269,213272,3,15
213254,213269,213273,4,15
213254,213269,213272,3,15
213254,213269,213273,4,15
213254,213269,213272,3,15
213254,213270,213273,3,16
213254,213270,213273,3,16
213254,213270,213273,3,16
213254,213269,213272,3,15
213254,213269,213273,4,15
213254,213269,213273,4,15
213254,213269,213273,4,15
213254,213269,213273,4,15
213254,213270,213273,3,16
213254,213270,213273,3,16
213254,213268,213273,5,14
213254,213269,213273,4,15
213254,213270,213273,3,16
213254,213269,213272,3,15
213254,213269,213273,4,15
213254,213269,213273,4,15
213254,213269,213273,4,15
213254,213271,213274,3,17
213254,213271,213273,2,17
213254,213271,213274,3,17
213262,213262,213273,11,0
213254,213271,213273,2,17
213254,213271,213274,3,17
213254,213271,213274,3,17
213254,213270,213274,4,16
213254,213271,213274,3,17
213254,213271,213274,3,17
213254,213271,213274,3,17
213254,213273,213275,2,19
213254,213271,213274,3,17
213254,213272,213275,3,18
213254,213272,213275,3,18
213254,213272,213275,3,18
213254,213272,213275,3,18
213254,213272,213275,3,18
213254,213272,213275,3,18
213254,213271,213275,4,17
213254,213272,213275,3,18
213254,213272,213276,4,18
213254,213272,213275,3,18
213254,213273,213276,3,19
212374,212374,213277,903,0
212355,212355,213279,924,0
213287,213287,213297,10,0
213310,213310,213312,2,0
213310,213310,213313,3,0
213310,213310,213313,3,0
213310,213310,213313,3,0
213310,213310,213313,3,0
213310,213310,213313,3,0
213310,213310,213313,3,0
213310,213310,213313,3,0
213310,213310,213312,2,0
213310,213310,213314,4,0
213310,213310,213314,4,0
213310,213310,213313,3,0
213310,213310,213314,4,0
213310,213310,213314,4,0
213310,213310,213314,4,0
213310,213310,213314,4,0
213310,213310,213313,3,0
213310,213310,213314,4,0
213310,213310,213314,4,0
213310,213310,213314,4,0
213310,213310,213314,4,0
213310,213310,213314,4,0
213310,213310,213314,4,0
213310,213310,213314,4,0
213310,213310,213315,5,0
213310,213311,213315,4,1
213310,213311,213315,4,1
213310,213311,213315,4,1
213310,213311,213315,4,1
213310,213311,213315,4,1
213310,213310,213315,5,0
213310,213310,213315,5,0
213310,213310,213315,5,0
213310,213310,213315,5,0
213310,213310,213315,5,0
213310,213310,213314,4,0
213310,213310,213314,4,0
213310,213310,213315,5,0
213310,213310,213315,5,0
213310,213310,213315,5,0
213310,213310,213315,5,0
213310,213310,213315,5,0
213310,213314,213316,2,4
213310,213310,213316,6,0
213310,213314,213316,2,4
213310,213314,213316,2,4
213310,213314,213317,3,4
213310,213312,213317,5,2
213310,213314,213317,3,4
213310,213314,213317,3,4
213310,213314,213317,3,4
213310,213313,213317,4,3
213310,213316,213317,1,6
213310,213316,213317,1,6
213310,213313,213318,5,3
213310,213313,213318,5,3
213310,213313,213318,5,3
213310,213314,213318,4,4
213310,213315,213318,3,5
213310,213316,213318,2,6
213310,213316,213319,3,6
213310,213313,213318,5,3
213310,213315,213318,3,5
213310,213315,213318,3,5
213310,213315,213318,3,5
213310,213313,213318,5,3
213310,213315,213318,3,5
213310,213316,213319,3,6
213310,213316,213318,2,6
213310,213316,213319,3,6
213310,213316,213319,3,6
213310,213316,213319,3,6
213310,213316,213319,3,6
213310,213316,213319,3,6
213310,213317,213320,3,7
213310,213317,213319,2,7
213310,213314,213319,5,4
213310,213316,213319,3,6
213310,213317,213319,2,7
213310,213315,213319,4,5
213310,213315,213320,5,5
212402,212402,213319,917,0
213310,213315,213319,4,5
213310,213316,213320,4,6
213310,213316,213320,4,6
213310,213316,213320,4,6
213310,213318,213320,2,8
213310,213316,213320,4,6
213310,213317,213320,3,7
213310,213318,213320,2,8
213310,213319,213321,2,9
213310,213318,213320,2,8
213310,213318,213320,2,8
213310,213318,213321,3,8
213310,213318,213321,3,8
213310,213317,213321,4,7
213310,213318,213321,3,8
213310,213319,213322,3,9
213310,213320,213322,2,10
213310,213318,213321,3,8
213310,213320,213321,1,10
213310,213319,213321,2,9
213310,213319,213322,3,9
213310,213319,213322,3,9
213310,213319,213321,2,9
213310,213319,213322,3,9
213310,213319,213322,3,9
213310,213319,213322,3,9
213310,213319,213322,3,9
213310,213319,213322,3,9
213310,213319,213322,3,9
213310,213320,213322,2,10
213310,213319,213322,3,9
213310,213319,213323,4,9
213310,213320,213323,3,10
213310,213320,213324,4,10
213310,213320,213323,3,10
213310,213320,213324,4,10
213310,213320,213324,4,10
213310,213320,213323,3,10
213310,213322,213324,2,12
213310,213320,213324,4,10
213310,213320,213324,4,10
213310,213322,213324,2,12
213310,213320,213324,4,10
213310,213321,213324,3,11
213310,213321,213324,3,11
213310,213320,213324,4,10
213310,213321,213324,3,11
213310,213321,213325,4,11
213310,213321,213325,4,11
213310,213321,213325,4,11
213310,213322,213325,3,12
213310,213322,213324,2,12
213310,213320,213324,4,10
213310,213321,213325,4,11
213310,213321,213325,4,11
213310,213321,213324,3,11
213310,213322,213325,3,12
213310,213322,213325,3,12
213310,213322,213325,3,12
213310,213322,213325,3,12
213310,213321,213325,4,11
213310,213321,213326,5,11
213310,213323,213326,3,13
213310,213324,213326,2,14
213310,213322,213326,4,12
213310,213322,213326,4,12
213310,213322,213325,3,12
213310,213322,213327,5,12
213310,213322,213326,4,12
213310,213322,213327,5,12
213310,213323,213326,3,13
213310,213323,213327,4,13
213310,213324,213327,3,14
213310,213325,213327,2,15
213310,213324,213327,3,14
213310,213323,213327,4,13
213310,213322,213327,5,12
213310,213323,213327,4,13
213310,213325,213327,2,15
213310,213324,213328,4,14
213310,213324,213327,3,14
213310,213324,213328,4,14
213310,213325,213328,3,15
213310,213325,213328,3,15
213310,213324,213328,4,14
213310,213324,213328,4,14
213310,213324,213328,4,14
213310,213324,213328,4,14
213310,213324,213328,4,14
213310,213324,213328,4,14
213310,213325,213328,3,15
213310,213325,213329,4,15
213310,213327,213329,2,17
213310,213324,213328,4,14
213310,213325,213329,4,15
213310,213325,213328,3,15
213310,213325,213328,3,15
213310,213325,213328,3,15
213310,213327,213329,2,17
213310,213327,213329,2,17
213310,213326,213329,3,16
213310,213325,213329,4,15
213310,213325,213329,4,15
213310,213326,213329,3,16
213310,213325,213329,4,15
213310,213326,213329,3,16
213310,213328,213329,1,18
213310,213326,213330,4,16
213310,213310,213315,5,0
213310,213310,213315,5,0
213310,213310,213314,4,0
213310,213310,213315,5,0
213310,213326,213329,3,16
213310,213326,213329,3,16
213310,213326,213330,4,16
213310,213328,213330,2,18
213310,213326,213330,4,16
213310,213326,213330,4,16
213310,213327,213330,3,17
213310,213327,213331,4,17
213310,213327,213330,3,17
213310,213327,213331,4,17
213310,213327,213331,4,17
213310,213328,213331,3,18
213310,213327,213331,4,17
213310,213328,213331,3,18
213310,213328,213332,4,18
213310,213329,213331,2,19
213310,213329,213332,3,19
213310,213329,213331,2,19
213310,213329,213332,3,19
213310,213329,213331,2,19
213310,213329,213332,3,19
213310,213329,213332,3,19
213310,213329,213332,3,19
213310,213329,213332,3,19
213310,213327,213332,5,17
213310,213328,213332,4,18
213310,213328,213332,4,18
213310,213328,213332,4,18
213310,213328,213332,4,18
213310,213330,213332,2,20
213310,213328,213332,4,18
213310,213328,213332,4,18
213310,213330,213332,2,20
213310,213330,213333,3,20
213310,213328,213332,4,18
213310,213329,213333,4,19
213310,213329,213332,3,19
213310,213330,213333,3,20
213310,213330,213332,2,20
213310,213329,213333,4,19
213310,213330,213333,3,20
213310,213330,213333,3,20
213310,213330,213333,3,20
213310,213330,213333,3,20
213310,213330,213333,3,20
213310,213330,213333,3,20
213311,213330,213334,4,19
213311,213330,213333,3,19
213311,213330,213334,4,19
213311,213330,213334,4,19
213311,213330,213334,4,19
213311,213333,213334,1,22
213311,213333,213334,1,22
213311,213333,213334,1,22
213311,213333,213334,1,22
213311,213333,213334,1,22
213311,213331,213335,4,20
213311,213333,213335,2,22
213311,213331,213334,3,20
213311,213333,213335,2,22
213311,213333,213334,1,22
213311,213333,213334,1,22
213311,213331,213334,3,20
213311,213333,213334,1,22
213310,213330,213335,5,20
213311,213331,213335,4,20
213311,213331,213335,4,20
213311,213331,213335,4,20
213311,213333,213335,2,22
213311,213331,213335,4,20
213311,213332,213335,3,21
213311,213332,213335,3,21
213311,213333,213335,2,22
213311,213332,213336,4,21
213311,213332,213336,4,21
213311,213332,213335,3,21
213311,213332,213335,3,21
213311,213332,213336,4,21
213311,213332,213336,4,21
213311,213331,213336,5,20
213311,213332,213336,4,21
213311,213332,213337,5,21
213311,213332,213336,4,21
213311,213332,213337,5,21
213311,213334,213337,3,23
213311,213333,213337,4,22
213311,213333,213337,4,22
213311,213334,213337,3,23
213311,213336,213337,1,25
213311,213336,213337,1,25
213311,213334,213337,3,23
213311,213335,213338,3,24
213311,213336,213337,1,25
213311,213334,213337,3,23
213311,213334,213338,4,23
213311,213335,213338,3,24
213311,213335,213338,3,24
213311,213334,213338,4,23
213311,213335,213337,2,24
213311,213335,213338,3,24
213311,213334,213338,4,23
213311,213334,213338,4,23
213311,213333,213338,5,22
213311,213335,213338,3,24
213311,213335,213338,3,24
213311,213334,213338,4,23
213311,213335,213338,3,24
213311,213335,213338,3,24
213311,213335,213338,3,24
213311,213335,213338,3,24
213311,213336,213339,3,25
213311,213336,213339,3,25
213311,213336,213339,3,25
213311,213336,213340,4,25
213311,213335,213340,5,24
213311,213335,213339,4,24
213311,213335,213339,4,24
213311,213336,213340,4,25
213311,213335,213339,4,24
213311,213337,213340,3,26
213311,213336,213340,4,25
213311,213337,213340,3,26
213311,213336,213340,4,25
213311,213334,213340,6,23
213311,213336,213340,4,25
213311,213337,213340,3,26
213311,213337,213340,3,26
213311,213337,213340,3,26
213311,213338,213341,3,27
213311,213337,213341,4,26
213311,213338,213341,3,27
213311,213337,213341,4,26
213311,213338,213341,3,27
213311,213336,213340,4,25
213311,213336,213341,5,25
213311,213337,213341,4,26
213311,213338,213341,3,27
213311,213338,213341,3,27
213311,213338,213341,3,27
213311,213338,213341,3,27
213311,213338,213341,3,27
213311,213338,213341,3,27
213311,213338,213341,3,27
213311,213339,213341,2,28
213311,213340,213341,1,29
213311,213337,213341,4,26
213311,213338,213341,3,27
213311,213338,213342,4,27
213311,213339,213342,3,28
213311,213338,213342,4,27
213311,213338,213342,4,27
213311,213339,213342,3,28
213311,213339,213342,3,28
213311,213339,213342,3,28
213311,213339,213342,3,28
213311,213339,213342,3,28
213311,213339,213342,3,28
213311,213340,213343,3,29
213311,213340,213342,2,29
213311,213339,213342,3,28
213311,213340,213343,3,29
213311,213339,213343,4,28
213311,213340,213343,3,29
213311,213339,213343,4,28
213311,213339,213343,4,28
213312,213340,213344,4,28
213312,213341,213344,3,29
213312,213341,213344,3,29
213311,213340,213343,3,29
213312,213341,213344,3,29
213311,213339,213343,4,28
213312,213340,213344,4,28
213312,213340,213344,4,28
213312,213340,213344,4,28
213312,213341,213344,3,29
213312,213341,213345,4,29
213312,213341,213344,3,29
213312,213342,213345,3,30
213312,213342,213344,2,30
213312,213342,213345,3,30
213312,213341,213345,4,29
213312,213342,213345,3,30
213312,213341,213345,4,29
213312,213342,213345,3,30
213312,213341,213345,4,29
213312,213342,213345,3,30
213312,213341,213345,4,29
213312,213343,213346,3,31
213312,213343,213346,3,31
213312,213342,213345,3,30
213312,213342,213346,4,30
213312,213342,213345,3,30
213312,213342,213346,4,30
213312,213341,213346,5,29
213312,213344,213346,2,32
213312,213341,213346,5,29
213312,213343,213346,3,31
213312,213344,213346,2,32
213312,213344,213346,2,32
213312,213345,213346,1,33
213312,213342,213346,4,30
213312,213342,213346,4,30
213312,213343,213346,3,31
213312,213345,213347,2,33
213312,213342,213346,4,30
213312,213342,213347,5,30
213312,213344,213347,3,32
213312,213343,213347,4,31
213312,213343,213347,4,31
213312,213344,213347,3,32
213312,213344,213347,3,32
213312,213345,213348,3,33
213312,213343,213347,4,31
213312,213343,213347,4,31
213312,213343,213347,4,31
213312,213344,213347,3,32
213312,213343,213348,5,31
213312,213343,213347,4,31
213312,213343,213347,4,31
213312,213345,213348,3,33
213312,213344,213348,4,32
213312,213344,213347,3,32
213312,213344,213348,4,32
213312,213345,213348,3,33
213312,213345,213348,3,33
213312,213345,213349,4,33
213312,213346,213349,3,34
213312,213345,213349,4,33
213312,213348,213349,1,36
213312,213346,213349,3,34
213312,213346,213350,4,34
213312,213347,213349,2,35
213312,213347,213349,2,35
213312,213346,213350,4,34
213312,213346,213350,4,34
213312,213346,213350,4,34
213312,213347,213350,3,35
213312,213345,213349,4,33
213312,213346,213350,4,34
213312,213346,213350,4,34
213312,213345,213350,5,33
213312,213346,213350,4,34
213312,213347,213350,3,35
213312,213346,213350,4,34
213312,213347,213351,4,35
213312,213348,213351,3,36
213312,213347,213351,4,35
213312,213347,213351,4,35
213312,213347,213350,3,35
213312,213347,213350,3,35
213312,213347,213350,3,35
213312,213347,213350,3,35
213312,213348,213351,3,36
213312,213345,213350,5,33
213312,213347,213351,4,35
213312,213348,213351,3,36
213312,213346,213350,4,34
213312,213347,213351,4,35
213312,213348,213351,3,36
213312,213347,213351,4,35
213312,213348,213351,3,36
213312,213348,213351,3,36
213312,213347,213351,4,35
213312,213349,213351,2,37
213312,213348,213351,3,36
213312,213348,213351,3,36
213312,213348,213351,3,36
213312,213348,213351,3,36
213312,213349,213352,3,37
213312,213348,213352,4,36
213312,213348,213351,3,36
213312,213348,213352,4,36
213312,213348,213352,4,36
213312,213349,213352,3,37
213312,213349,213352,3,37
213312,213350,213352,2,38
213312,213350,213353,3,38
213312,213350,213353,3,38
213312,213350,213352,2,38
213312,213350,213353,3,38
213312,213350,213353,3,38
213312,213350,213353,3,38
213312,213350,213353,3,38
213320,213351,213354,3,31
213312,213350,213353,3,38
213320,213351,213354,3,31
213320,213352,213354,2,32
213320,213352,213354,2,32
213320,213352,213353,1,32
213320,213351,213354,3,31
213312,213350,213354,4,38
213312,213350,213353,3,38
213320,213351,213354,3,31
213312,213350,213354,4,38
213320,213351,213354,3,31
213320,213351,213355,4,31
213320,213351,213355,4,31
213320,213351,213355,4,31
213320,213353,213355,2,33
213320,213351,213355,4,31
213320,213351,213354,3,31
213320,213352,213355,3,32
213320,213351,213355,4,31
213320,213351,213355,4,31
213320,213351,213355,4,31
213320,213351,213354,3,31
213320,213351,213355,4,31
213320,213352,213355,3,32
213320,213351,213355,4,31
213320,213351,213355,4,31
213320,213351,213355,4,31
213320,213352,213355,3,32
213320,213353,213356,3,33
213320,213352,213356,4,32
213320,213352,213356,4,32
213320,213354,213356,2,34
213320,213352,213356,4,32
213320,213352,213356,4,32
213320,213353,213356,3,33
213320,213351,213356,5,31
213320,213353,213356,3,33
213320,213352,213356,4,32
213320,213353,213356,3,33
213320,213352,213356,4,32
213320,213352,213357,5,32
213320,213354,213357,3,34
213320,213353,213357,4,33
213320,213354,213357,3,34
213320,213355,213357,2,35
213320,213355,213357,2,35
213320,213352,213357,5,32
213320,213355,213357,2,35
213320,213354,213357,3,34
213320,213354,213357,3,34
213320,213353,213357,4,33
213320,213353,213357,4,33
213320,213357,213358,1,37
213320,213354,213358,4,34
213320,213355,213358,3,35
213320,213354,213358,4,34
213320,213355,213358,3,35
213320,213355,213358,3,35
213320,213355,213358,3,35
213320,213354,213358,4,34
213320,213356,213358,2,36
213320,213357,213359,2,37
213320,213357,213359,2,37
213320,213354,213359,5,34
213320,213355,213359,4,35
213320,213355,213359,4,35
213320,213355,213359,4,35
213320,213357,213359,2,37
213320,213357,213359,2,37
213320,213358,213359,1,38
213320,213354,213359,5,34
213320,213355,213359,4,35
213320,213355,213359,4,35
213320,213355,213359,4,35
213320,213356,213360,4,36
213320,213356,213359,3,36
213320,213356,213359,3,36
213320,213356,213360,4,36
213320,213355,213360,5,35
213320,213356,213360,4,36
213320,213356,213359,3,36
213320,213356,213360,4,36
213320,213357,213360,3,37
213320,213355,213360,5,35
213320,213355,213360,5,35
213320,213356,213360,4,36
213320,213358,213360,2,38
213320,213357,213360,3,37
213320,213357,213360,3,37
213320,213358,213361,3,38
213320,213357,213360,3,37
213320,213356,213360,4,36
213320,213357,213360,3,37
213320,213357,213360,3,37
212379,212379,213361,982,0
213320,213359,213362,3,39
213320,213360,213362,2,40
213320,213359,213361,2,39
213320,213359,213361,2,39
213320,213359,213361,2,39
213320,213359,213361,2,39
213320,213358,213361,3,38
213320,213360,213362,2,40
213320,213358,213361,3,38
213320,213359,213362,3,39
213320,213358,213361,3,38
213320,213358,213361,3,38
213320,213358,213361,3,38
213320,213359,213362,3,39
213320,213360,213362,2,40
213320,213360,213362,2,40
213320,213360,213362,2,40
213320,213360,213362,2,40
213320,213360,213363,3,40
213320,213360,213362,2,40
213320,213360,213362,2,40
213320,213360,213362,2,40
213320,213359,213362,3,39
213320,213360,213363,3,40
213320,213360,213363,3,40
213320,213360,213362,2,40
213322,213360,213363,3,38
213322,213360,213363,3,38
213320,213359,213363,4,39
213320,213359,213363,4,39
213322,213360,213363,3,38
213322,213360,213363,3,38
213320,213359,213363,4,39
213322,213361,213364,3,39
213322,213360,213364,4,38
213322,213360,213364,4,38
213322,213361,213364,3,39
213322,213361,213365,4,39
213322,213361,213364,3,39
213322,213362,213365,3,40
213322,213361,213364,3,39
213322,213362,213365,3,40
213322,213361,213365,4,39
213322,213362,213364,2,40
213322,213362,213365,3,40
213322,213361,213364,3,39
213322,213361,213364,3,39
213322,213361,213364,3,39
213322,213360,213365,5,38
213322,213362,213365,3,40
213322,213362,213366,4,40
213322,213362,213365,3,40
213322,213362,213366,4,40
213322,213362,213365,3,40
213322,213361,213365,4,39
213322,213362,213365,3,40
213322,213362,213366,4,40
213322,213363,213365,2,41
213322,213361,213365,4,39
212365,212365,213366,1001,0
213322,213363,213366,3,41
213322,213363,213366,3,41
213322,213363,213367,4,41
213322,213365,213367,2,43
213322,213363,213366,3,41
213322,213362,213366,4,40
213322,213363,213367,4,41
213322,213363,213367,4,41
213322,213364,213367,3,42
213322,213363,213366,3,41
213322,213362,213367,5,40
213322,213362,213366,4,40
213322,213363,213367,4,41
213322,213363,213367,4,41
213322,213363,213367,4,41
213322,213363,213366,3,41
213322,213363,213366,3,41
213322,213363,213367,4,41
213322,213363,213367,4,41
213322,213364,213367,3,42
213322,213362,213367,5,40
213322,213364,213367,3,42
213322,213363,213367,4,41
213322,213365,213367,2,43
213322,213365,213368,3,43
213322,213363,213367,4,41
213322,213363,213368,5,41
213322,213365,213368,3,43
213322,213365,213368,3,43
213322,213365,213369,4,43
213322,213365,213369,4,43
213322,213367,213369,2,45
213322,213365,213369,4,43
213322,213365,213369,4,43
213322,213366,213369,3,44
213322,213365,213369,4,43
213322,213366,213369,3,44
213322,213366,213369,3,44
213322,213366,213370,4,44
213322,213367,213370,3,45
213322,213365,213369,4,43
213322,213366,213370,4,44
213322,213366,213370,4,44
213322,213366,213369,3,44
213322,213365,213369,4,43
213322,213366,213370,4,44
213322,213367,213370,3,45
213322,213367,213370,3,45
213322,213366,213370,4,44
213322,213366,213369,3,44
213322,213365,213370,5,43
213322,213366,213370,4,44
213322,213367,213370,3,45
213322,213367,213370,3,45
213322,213367,213370,3,45
213322,213368,213370,2,46
213322,213368,213370,2,46
213322,213369,213371,2,47
213322,213367,213370,3,45
213322,213367,213371,4,45
213322,213367,213371,4,45
213322,213367,213370,3,45
213322,213367,213370,3,45
213322,213367,213371,4,45
213322,213367,213370,3,45
213322,213367,213370,3,45
213322,213368,213371,3,46
213322,213368,213371,3,46
213322,213367,213371,4,45
213322,213367,213371,4,45
213322,213367,213371,4,45
213322,213368,213371,3,46
213322,213368,213371,3,46
213322,213368,213371,3,46
213322,213368,213371,3,46
213322,213368,213371,3,46
213322,213369,213372,3,47
213322,213368,213371,3,46
213322,213368,213372,4,46
213322,213369,213372,3,47
213322,213369,213372,3,47
213322,213370,213373,3,48
213322,213370,213372,2,48
213322,213369,213373,4,47
213325,213370,213373,3,45
213322,213370,213373,3,48
213322,213370,213373,3,48
213322,213369,213372,3,47
213325,213370,213373,3,45
213325,213370,213373,3,45
213322,213369,213373,4,47
213322,213369,213373,4,47
213325,213370,213374,4,45
213325,213371,213374,3,46
213322,213370,213374,4,48
213325,213370,213374,4,45
213325,213370,213374,4,45
213325,213370,213374,4,45
213325,213370,213374,4,45
213325,213372,213374,2,47
213325,213371,213374,3,46
213325,213371,213374,3,46
213325,213371,213374,3,46
213325,213371,213374,3,46
213325,213371,213374,3,46
213325,213371,213375,4,46
213325,213371,213374,3,46
213325,213371,213375,4,46
213325,213371,213374,3,46
213325,213371,213375,4,46
213325,213371,213375,4,46
213325,213371,213375,4,46
213325,213371,213375,4,46
213325,213371,213375,4,46
213325,213373,213375,2,48
213325,213371,213375,4,46
213325,213371,213376,5,46
213325,213371,213375,4,46
213325,213372,213375,3,47
213325,213372,213375,3,47
213325,213372,213375,3,47
213325,213372,213375,3,47
213325,213372,213375,3,47
213325,213372,213376,4,47
213325,213374,213376,2,49
213325,213374,213376,2,49
213325,213372,213376,4,47
213325,213374,213376,2,49
213325,213372,213376,4,47
213325,213372,213376,4,47
213325,213372,213376,4,47
213325,213373,213377,4,48
213325,213373,213377,4,48
213325,213375,213377,2,50
213325,213373,213378,5,48
213325,213375,213377,2,50
213325,213373,213377,4,48
213325,213375,213377,2,50
213325,213374,213378,4,49
213325,213375,213377,2,50
213325,213375,213377,2,50
213325,213375,213378,3,50
213325,213375,213378,3,50
213325,213373,213377,4,48
213325,213373,213377,4,48
213325,213374,213378,4,49
213325,213375,213379,4,50
213325,213375,213379,4,50
213325,213376,213379,3,51
213325,213376,213378,2,51
213325,213374,213378,4,49
213325,213375,213378,3,50
213325,213375,213378,3,50
213325,213375,213379,4,50
213325,213375,213378,3,50
213325,213375,213378,3,50
213325,213375,213379,4,50
213325,213376,213379,3,51
213325,213376,213379,3,51
213325,213376,213380,4,51
213325,213376,213379,3,51
213325,213376,213379,3,51
213325,213376,213379,3,51
213325,213375,213379,4,50
213325,213375,213379,4,50
213325,213376,213380,4,51
213325,213376,213380,4,51
213325,213376,213380,4,51
213325,213377,213380,3,52
213325,213376,213380,4,51
213325,213376,213380,4,51
213325,213376,213380,4,51
213325,213377,213380,3,52
213325,213378,213381,3,53
213325,213377,213380,3,52
213325,213377,213381,4,52
213325,213378,213381,3,53
213325,213377,213380,3,52
213325,213378,213381,3,53
213325,213378,213381,3,53
213325,213377,213380,3,52
213325,213377,213380,3,52
213325,213377,213381,4,52
213325,213378,213381,3,53
213325,213378,213381,3,53
213325,213378,213381,3,53
213325,213378,213381,3,53
213325,213379,213381,2,54
213325,213379,213381,2,54
213325,213379,213381,2,54
213325,213378,213381,3,53
213325,213379,213381,2,54
213325,213379,213382,3,54
213325,213378,213381,3,53
213325,213378,213381,3,53
213325,213378,213381,3,53
213325,213377,213381,4,52
213325,213379,213382,3,54
213325,213379,213381,2,54
213325,213379,213382,3,54
213325,213379,213382,3,54
213325,213378,213382,4,53
213325,213380,213383,3,55
213325,213379,213382,3,54
213325,213380,213383,3,55
213325,213379,213383,4,54
213325,213380,213382,2,55
213325,213379,213382,3,54
213325,213380,213383,3,55
213325,213380,213383,3,55
212353,212353,213390,1037,0
212360,212362,213397,1035,2
213409,213409,213411,2,0
213409,213409,213411,2,0
213409,213409,213411,2,0
213409,213409,213411,2,0
213409,213409,213412,3,0
213409,213409,213411,2,0
213409,213409,213413,4,0
213409,213409,213412,3,0
213409,213409,213413,4,0
213409,213409,213413,4,0
213409,213409,213413,4,0
213409,213409,213413,4,0
213409,213409,213412,3,0
213409,213409,213412,3,0
213409,213409,213413,4,0
213409,213409,213413,4,0
213409,213409,213412,3,0
213409,213409,213412,3,0
213409,213409,213413,4,0
213409,213409,213412,3,0
213409,213409,213413,4,0
213409,213409,213412,3,0
213409,213409,213413,4,0
213409,213409,213413,4,0
213409,213409,213412,3,0
213409,213409,213413,4,0
213409,213409,213413,4,0
213409,213409,213413,4,0
213409,213410,213414,4,1
213409,213409,213414,5,0
213409,213409,213414,5,0
213409,213409,213413,4,0
213409,213409,213413,4,0
213409,213409,213413,4,0
213409,213409,213413,4,0
213409,213409,213413,4,0
213409,213409,213413,4,0
213409,213409,213413,4,0
213409,213409,213413,4,0
213409,213409,213413,4,0
213409,213409,213414,5,0
213409,213409,213414,5,0
213409,213412,213415,3,3
213409,213413,213415,2,4
213409,213413,213415,2,4
213409,213409,213414,5,0
213409,213409,213415,6,0
213409,213412,213416,4,3
213409,213413,213416,3,4
213409,213413,213416,3,4
213409,213413,213416,3,4
213409,213412,213415,3,3
213409,213414,213416,2,5
213409,213414,213416,2,5
213409,213414,213416,2,5
213409,213412,213416,4,3
213409,213412,213416,4,3
213409,213413,213416,3,4
213409,213414,213417,3,5
213409,213414,213416,2,5
213409,213412,213416,4,3
213409,213413,213417,4,4
213409,213413,213416,3,4
213409,213413,213417,4,4
213409,213414,213417,3,5
213409,213413,213417,4,4
213409,213413,213417,4,4
213409,213413,213417,4,4
213409,213413,213417,4,4
213409,213414,213417,3,5
213409,213413,213417,4,4
213409,213413,213417,4,4
213409,213413,213417,4,4
213409,213413,213417,4,4
213409,213413,213417,4,4
213409,213414,213418,4,5
213409,213414,213418,4,5
213409,213415,213418,3,6
213409,213413,213417,4,4
213409,213414,213418,4,5
213409,213413,213418,5,4
213409,213413,213418,5,4
213409,213415,213418,3,6
213409,213413,213418,5,4
213409,213414,213419,5,5
213409,213415,213419,4,6
213409,213415,213418,3,6
213409,213416,213419,3,7
213409,213415,213418,3,6
212367,212367,213419,1052,0
213409,213416,213419,3,7
213409,213416,213419,3,7
213409,213416,213419,3,7
213409,213414,213418,4,5
213409,213414,213418,4,5
213409,213417,213419,2,8
213409,213417,213420,3,8
213409,213416,213420,4,7
213409,213416,213420,4,7
213409,213417,213420,3,8
213409,213416,213420,4,7
213409,213417,213420,3,8
213409,213417,213420,3,8
213409,213416,213419,3,7
213409,213416,213419,3,7
213409,213417,213420,3,8
213409,213417,213420,3,8
213409,213417,213420,3,8
213409,213417,213420,3,8
213409,213417,213420,3,8
213409,213418,213420,2,9
213409,213418,213420,2,9
213409,213417,213421,4,8
213409,213418,213421,3,9
213409,213417,213420,3,8
213409,213417,213421,4,8
213409,213417,213420,3,8
213409,213418,213421,3,9
213409,213418,213421,3,9
213409,213418,213421,3,9
213409,213418,213422,4,9
213409,213418,213422,4,9
213409,213418,213422,4,9
213409,213418,213422,4,9
213409,213418,213423,5,9
213409,213421,213422,1,12
213409,213419,213423,4,10
213409,213419,213423,4,10
213409,213419,213423,4,10
213409,213418,213423,5,9
213409,213420,213423,3,11
213409,213420,213423,3,11
213409,213419,213423,4,10
213409,213419,213423,4,10
213409,213419,213423,4,10
213409,213418,213423,5,9
213409,213419,213423,4,10
213409,213420,213423,3,11
213409,213421,213424,3,12
213409,213421,213424,3,12
213409,213419,213423,4,10
213409,213420,213424,4,11
213409,213419,213424,5,10
213409,213419,213424,5,10
213417,213417,213423,6,0
213409,213420,213425,5,11
213409,213420,213424,4,11
213409,213419,213424,5,10
213409,213420,213424,4,11
213409,213419,213424,5,10
213409,213421,213424,3,12
213409,213421,213424,3,12
213409,213421,213425,4,12
213409,213421,213424,3,12
213409,213421,213425,4,12
213409,213420,213425,5,11
213409,213421,213425,4,12
213409,213421,213425,4,12
213409,213422,213426,4,13
213409,213422,213425,3,13
213409,213422,213426,4,13
213409,213424,213425,1,15
213409,213424,213425,1,15
213409,213421,213425,4,12
213409,213422,213425,3,13
213409,213423,213426,3,14
213409,213423,213426,3,14
213409,213423,213426,3,14
213409,213423,213426,3,14
213409,213424,213426,2,15
212357,212362,213427,1065,5
213409,213423,213427,4,14
213409,213424,213426,2,15
213409,213424,213427,3,15
213409,213421,213426,5,12
213409,213422,213427,5,13
213409,213423,213427,4,14
213409,213425,213427,2,16
213409,213423,213427,4,14
213409,213424,213427,3,15
213409,213424,213427,3,15
213409,213425,213427,2,16
213409,213424,213427,3,15
213409,213426,213428,2,17
213409,213423,213427,4,14
213409,213424,213427,3,15
213409,213424,213428,4,15
213409,213425,213428,3,16
213409,213425,213427,2,16
213409,213424,213428,4,15
213409,213425,213428,3,16
213409,213424,213428,4,15
213409,213423,213428,5,14
213409,213425,213428,3,16
213409,213424,213428,4,15
213409,213425,213428,3,16
213409,213425,213429,4,16
213409,213426,213429,3,17
213409,213426,213428,2,17
213409,213425,213428,3,16
213409,213424,213429,5,15
213409,213424,213429,5,15
213409,213425,213429,4,16
213409,213425,213429,4,16
213409,213426,213429,3,17
213409,213427,213429,2,18
213409,213426,213430,4,17
213409,213427,213430,3,18
213409,213427,213429,2,18
213409,213426,213429,3,17
213409,213426,213429,3,17
213409,213426,213429,3,17
213409,213427,213430,3,18
213409,213426,213429,3,17
213409,213426,213429,3,17
213409,213427,213430,3,18
213409,213427,213430,3,18
213409,213427,213430,3,18
213409,213427,213430,3,18
213409,213425,213430,5,16
213409,213428,213431,3,19
213409,213429,213431,2,20
213409,213428,213431,3,19
213409,213427,213431,4,18
213409,213427,213431,4,18
213409,213427,213430,3,18
213409,213428,213430,2,19
213409,213428,213431,3,19
213409,213428,213431,3,19
213409,213427,213431,4,18
213409,213429,213431,2,20
213409,213429,213431,2,20
213409,213428,213431,3,19
213409,213410,213414,4,1
213409,213410,213415,5,1
213409,213410,213415,5,1
213409,213429,213432,3,20
213409,213428,213431,3,19
213409,213428,213431,3,19
213409,213428,213431,3,19
213409,213428,213431,3,19
213409,213428,213432,4,19
213409,213427,213432,5,18
213409,213430,213432,2,21
213409,213429,213432,3,20
213409,213431,213433,2,22
213409,213429,213432,3,20
213409,213429,213432,3,20
213409,213429,213433,4,20
213409,213431,213433,2,22
213409,213431,213433,2,22
213409,213431,213433,2,22
213409,213429,213433,4,20
213409,213429,213433,4,20
213409,213432,213433,1,23
213409,213432,213433,1,23
213409,213430,213434,4,21
213409,213430,213434,4,21
213409,213430,213434,4,21
213409,213431,213434,3,22
213409,213431,213434,3,22
213409,213430,213434,4,21
213409,213429,213433,4,20
213409,213430,213434,4,21
213409,213430,213434,4,21
213409,213430,213434,4,21
213409,213430,213434,4,21
213409,213431,213434,3,22
213409,213431,213434,3,22
213409,213430,213434,4,21
213409,213430,213434,4,21
213409,213431,213434,3,22
213409,213430,213434,4,21
213409,213430,213434,4,21
213409,213430,213434,4,21
213409,213431,213434,3,22
213409,213432,213435,3,23
213409,213432,213435,3,23
213409,213430,213434,4,21
213409,213434,213436,2,25
213409,213430,213435,5,21
213409,213433,213436,3,24
213409,213432,213436,4,23
213409,213432,213436,4,23
213409,213432,213436,4,23
213409,213432,213436,4,23
213409,213432,213436,4,23
213409,213432,213436,4,23
213409,213432,213436,4,23
213409,213433,213436,3,24
213409,213434,213436,2,25
213409,213434,213437,3,25
213409,213433,213436,3,24
213409,213433,213436,3,24
213409,213432,213436,4,23
213409,213434,213436,2,25
213409,213432,213436,4,23
213409,213433,213437,4,24
213409,213433,213437,4,24
213409,213433,213437,4,24
213409,213433,213437,4,24
213409,213434,213437,3,25
213409,213434,213437,3,25
213409,213434,213438,4,25
213409,213434,213438,4,25
213409,213433,213437,4,24
213409,213434,213438,4,25
213409,213435,213437,2,26
213409,213432,213437,5,23
213409,213433,213438,5,24
213409,213434,213438,4,25
213409,213434,213438,4,25
213409,213434,213438,4,25
213409,213434,213438,4,25
213409,213434,213438,4,25
213409,213434,213438,4,25
213409,213435,213438,3,26
213409,213434,213438,4,25
213409,213435,213438,3,26
213409,213435,213439,4,26
213409,213435,213438,3,26
213409,213435,213438,3,26
213409,213435,213438,3,26
213409,213436,213439,3,27
213409,213433,213438,5,24
213409,213434,213439,5,25
213409,213434,213439,5,25
213409,213437,213439,2,28
213409,213437,213439,2,28
213409,213437,213439,2,28
213409,213437,213440,3,28
213409,213435,213439,4,26
213409,213437,213440,3,28
213409,213437,213440,3,28
213409,213436,213439,3,27
213409,213436,213440,4,27
213409,213436,213440,4,27
213409,213436,213440,4,27
213409,213437,213440,3,28
213409,213436,213440,4,27
213409,213437,213440,3,28
213409,213437,213440,3,28
213409,213434,213440,6,25
213409,213437,213440,3,28
213409,213437,213440,3,28
213409,213437,213440,3,28
212377,212379,213440,1061,2
213409,213438,213441,3,29
213409,213438,213440,2,29
212399,212399,213441,1042,0
213409,213437,213440,3,28
213409,213437,213440,3,28
213409,213438,213441,3,29
213409,213437,213441,4,28
213409,213439,213441,2,30
213409,213439,213441,2,30
213409,213439,213441,2,30
213409,213439,213442,3,30
213409,213438,213442,4,29
212382,212382,213441,1059,0
213409,213439,213441,2,30
213409,213439,213442,3,30
213409,213438,213442,4,29
213409,213438,213442,4,29
213409,213438,213442,4,29
213409,213438,213441,3,29
213409,213438,213441,3,29
213409,213438,213442,4,29
212372,212372,213442,1070,0
213409,213438,213442,4,29
213409,213440,213442,2,31
213409,213440,213442,2,31
213409,213441,213442,1,32
213409,213441,213442,1,32
213409,213441,213442,1,32
213409,213439,213442,3,30
213409,213441,213442,1,32
213409,213441,213442,1,32
213409,213441,213442,1,32
213409,213441,213443,2,32
213409,213439,213442,3,30
213409,213439,213443,4,30
213409,213439,213442,3,30
213409,213439,213442,3,30
213409,213441,213443,2,32
213409,213441,213442,1,32
213409,213441,213442,1,32
213409,213439,213443,4,30
213409,213439,213442,3,30
213409,213441,213443,2,32
213409,213440,213443,3,31
213409,213440,213443,3,31
213409,213440,213444,4,31
213409,213440,213443,3,31
213409,213440,213444,4,31
213409,213440,213444,4,31
213409,213441,213444,3,32
213409,213440,213443,3,31
213409,213440,213444,4,31
213409,213440,213444,4,31
213409,213440,213444,4,31
213409,213440,213444,4,31
213409,213440,213444,4,31
213409,213443,213445,2,34
213409,213441,213445,4,32
213409,213443,213445,2,34
213409,213440,213445,5,31
213409,213441,213445,4,32
213409,213442,213445,3,33
213409,213442,213445,3,33
213409,213442,213445,3,33
213409,213442,213446,4,33
213409,213442,213445,3,33
213409,213442,213445,3,33
213409,213442,213446,4,33
213409,213443,213446,3,34
213409,213443,213446,3,34
213409,213442,213446,4,33
213409,213443,213445,2,34
213409,213443,213446,3,34
213409,213442,213446,4,33
213409,213443,213446,3,34
213409,213442,213446,4,33
213409,213442,213446,4,33
213409,213442,213446,4,33
213439,213439,213446,7,0
213409,213442,213446,4,33
213409,213443,213446,3,34
213409,213443,213447,4,34
213409,213443,213447,4,34
213409,213443,213446,3,34
213409,213443,213446,3,34
213409,213443,213446,3,34
213409,213443,213447,4,34
213409,213444,213447,3,35
213409,213443,213447,4,34
213409,213444,213446,2,35
213409,213442,213446,4,33
213409,213443,213446,3,34
213409,213443,213447,4,34
213409,213443,213446,3,34
212358,212359,213447,1088,1
213409,213443,213447,4,34
213409,213442,213447,5,33
213409,213444,213447,3,35
213409,213443,213447,4,34
213409,213443,213448,5,34
213409,213443,213447,4,34
213409,213444,213447,3,35
213409,213444,213447,3,35
213409,213445,213448,3,36
213409,213445,213448,3,36
213409,213444,213448,4,35
213409,213445,213448,3,36
213409,213445,213449,4,36
213409,213446,213449,3,37
213409,213445,213448,3,36
213409,213445,213448,3,36
213409,213446,213448,2,37
213409,213446,213449,3,37
213409,213446,213449,3,37
213409,213446,213449,3,37
213409,213444,213448,4,35
213409,213444,213448,4,35
213409,213445,213449,4,36
213409,213446,213449,3,37
213409,213446,213449,3,37
213409,213446,213449,3,37
213409,213446,213449,3,37
213409,213446,213449,3,37
213409,213446,213449,3,37
213409,213447,213449,2,38
213409,213447,213449,2,38
213409,213445,213449,4,36
213409,213446,213449,3,37
213409,213446,213449,3,37
213409,213447,213450,3,38
213409,213446,213449,3,37
213409,213447,213450,3,38
213409,213447,213450,3,38
213409,213446,213449,3,37
213409,213446,213450,4,37
213409,213447,213450,3,38
213427,213447,213450,3,20
213427,213447,213450,3,20
213427,213447,213450,3,20
213427,213447,213450,3,20
213409,213447,213450,3,38
213409,213447,213450,3,38
213409,213447,213450,3,38
213427,213449,213451,2,22
213427,213448,213451,3,21
213409,213447,213451,4,38
213409,213447,213450,3,38
213409,213447,213451,4,38
213427,213448,213451,3,21
213427,213449,213451,2,22
213427,213447,213451,4,20
213427,213447,213451,4,20
213427,213449,213451,2,22
213427,213447,213451,4,20
213427,213450,213451,1,23
213427,213450,213451,1,23
213427,213448,213451,3,21
213427,213448,213452,4,21
213427,213448,213452,4,21
213427,213448,213452,4,21
213427,213448,213452,4,21
213427,213449,213452,3,22
213427,213449,213452,3,22
213427,213449,213452,3,22
213427,213449,213452,3,22
213427,213449,213452,3,22
213427,213449,213452,3,22
213427,213449,213453,4,22
213427,213450,213452,2,23
213427,213449,213452,3,22
213427,213449,213453,4,22
213427,213450,213452,2,23
213427,213449,213453,4,22
213427,213448,213452,4,21
213427,213448,213453,5,21
213427,213450,213453,3,23
213427,213452,213453,1,25
213427,213449,213453,4,22
213427,213451,213454,3,24
213427,213449,213453,4,22
213427,213450,213453,3,23
213427,213450,213453,3,23
213427,213449,213454,5,22
213427,213449,213453,4,22
213427,213450,213454,4,23
213427,213450,213454,4,23
213427,213450,213453,3,23
213427,213450,213454,4,23
213427,213450,213454,4,23
213427,213451,213454,3,24
213427,213451,213454,3,24
213427,213451,213455,4,24
213427,213452,213454,2,25
213427,213452,213454,2,25
213427,213451,213454,3,24
213427,213452,213455,3,25
213427,213451,213455,4,24
213427,213450,213455,5,23
213427,213451,213455,4,24
213427,213450,213454,4,23
213427,213451,213455,4,24
213427,213451,213455,4,24
213427,213451,213455,4,24
213427,213451,213455,4,24
213427,213452,213455,3,25
213427,213452,213456,4,25
213427,213452,213456,4,25
213427,213452,213455,3,25
213427,213451,213456,5,24
213427,213451,213456,5,24
213427,213452,213456,4,25
213427,213455,213456,1,28
213427,213454,213456,2,27
213427,213453,213456,3,26
213427,213453,213456,3,26
213427,213453,213456,3,26
213427,213453,213457,4,26
213427,213453,213456,3,26
213427,213453,213456,3,26
213427,213453,213456,3,26
213427,213453,213456,3,26
213427,213454,213457,3,27
213427,213453,213457,4,26
213427,213453,213457,4,26
213427,213453,213457,4,26
213427,213454,213457,3,27
213427,213453,213457,4,26
213427,213453,213457,4,26
213427,213455,213457,2,28
213427,213455,213457,2,28
213427,213455,213457,2,28
213427,213454,213457,3,27
213427,213454,213458,4,27
213427,213455,213458,3,28
213427,213454,213458,4,27
213427,213453,213457,4,26
213427,213453,213457,4,26
213427,213454,213457,3,27
213427,213455,213458,3,28
213427,213454,213458,4,27
213427,213453,213458,5,26
213427,213453,213458,5,26
213427,213454,213458,4,27
213427,213455,213458,3,28
213427,213455,213458,3,28
213427,213455,213458,3,28
213427,213455,213458,3,28
213427,213455,213458,3,28
213427,213456,213459,3,29
213427,213456,213458,2,29
212363,212363,213458,1095,0
213427,213455,213458,3,28
213427,213455,213458,3,28
213427,213456,213459,3,29
213427,213456,213459,3,29
213427,213456,213459,3,29
213427,213456,213459,3,29
213427,213455,213459,4,28
213427,213455,213459,4,28
213427,213455,213459,4,28
213427,213456,213459,3,29
213427,213456,213459,3,29
213427,213456,213459,3,29
212369,212370,213462,1092,1
213464,213464,213474,10,0
213485,213485,213488,3,0
213485,213485,213488,3,0
213485,213485,213489,4,0
213485,213485,213489,4,0
213485,213485,213489,4,0
213485,213485,213489,4,0
213485,213485,213489,4,0
213485,213485,213489,4,0
213485,213485,213489,4,0
213485,213485,213489,4,0
213485,213485,213489,4,0
213485,213485,213489,4,0
213485,213485,213488,3,0
213485,213485,213489,4,0
213485,213485,213489,4,0
213485,213485,213489,4,0
213485,213485,213490,5,0
213485,213485,213490,5,0
213485,213485,213490,5,0
213485,213485,213490,5,0
213485,213485,213490,5,0
213485,213485,213490,5,0
213485,213485,213490,5,0
213485,213485,213490,5,0
213485,213485,213490,5,0
213485,213485,213490,5,0
213485,213485,213490,5,0
213485,213485,213490,5,0
213485,213485,213490,5,0
213485,213485,213490,5,0
213485,213485,213490,5,0
213485,213485,213490,5,0
213485,213485,213490,5,0
213485,213485,213490,5,0
213485,213485,213490,5,0
213485,213485,213490,5,0
213485,213486,213490,4,1
213485,213485,213490,5,0
213485,213485,213490,5,0
213485,213485,213490,5,0
213485,213485,213490,5,0
213485,213485,213490,5,0
213485,213486,213490,4,1
213485,213486,213490,4,1
213485,213486,213490,4,1
213485,213485,213491,6,0
213485,213485,213491,6,0
213485,213485,213491,6,0
213485,213485,213491,6,0
213485,213485,213491,6,0
213485,213485,213491,6,0
213485,213485,213491,6,0
213485,213485,213491,6,0
213485,213485,213491,6,0
213485,213488,213492,4,3
213485,213489,213492,3,4
213485,213491,213492,1,6
213485,213491,213493,2,6
213485,213489,213492,3,4
213485,213489,213492,3,4
213485,213491,213492,1,6
213485,213491,213492,1,6
213485,213490,213493,3,5
213485,213489,213493,4,4
213485,213491,213493,2,6
213485,213489,213493,4,4
213485,213491,213493,2,6
213485,213490,213493,3,5
213485,213490,213493,3,5
213485,213489,213493,4,4
213485,213490,213493,3,5
213485,213490,213493,3,5
213485,213490,213493,3,5
213485,213491,213494,3,6
213485,213489,213493,4,4
213485,213491,213494,3,6
213485,213491,213493,2,6
213485,213491,213494,3,6
213485,213492,213494,2,7
213485,213491,213494,3,6
213485,213491,213494,3,6
213485,213492,213494,2,7
213485,213491,213494,3,6
213485,213491,213495,4,6
213485,213492,213494,2,7
213485,213491,213494,3,6
213485,213491,213495,4,6
213485,213491,213495,4,6
213485,213492,213495,3,7
213485,213491,213495,4,6
213485,213491,213495,4,6
213485,213492,213494,2,7
213485,213492,213495,3,7
213485,213490,213494,4,5
213485,213491,213494,3,6
213485,213492,213494,2,7
213485,213490,213494,4,5
213485,213491,213494,3,6
213485,213491,213494,3,6
213485,213491,213494,3,6
213485,213491,213494,3,6
213485,213492,213494,2,7
213485,213491,213495,4,6
213485,213491,213494,3,6
213485,213492,213495,3,7
213485,213493,213495,2,8
213485,213490,213495,5,5
213485,213493,213495,2,8
213485,213492,213495,3,7
213485,213492,213495,3,7
213485,213493,213495,2,8
213485,213493,213495,2,8
213485,213494,213496,2,9
213485,213493,213496,3,8
213485,213493,213496,3,8
213485,213493,213496,3,8
213485,213493,213496,3,8
213485,213494,213497,3,9
213485,213494,213497,3,9
213485,213494,213497,3,9
213485,213494,213497,3,9
213485,213493,213496,3,8
213485,213495,213497,2,10
213485,213495,213497,2,10
213485,213494,213497,3,9
212385,212385,213497,1112,0
213485,213494,213497,3,9
213485,213494,213497,3,9
213485,213494,213497,3,9
213485,213495,213498,3,10
213485,213494,213498,4,9
213485,213495,213498,3,10
213485,213494,213497,3,9
213485,213494,213498,4,9
213485,213494,213498,4,9
213485,213495,213498,3,10
213485,213494,213498,4,9
213485,213495,213497,2,10
213485,213495,213498,3,10
213485,213495,213498,3,10
212393,212393,213498,1105,0
213485,213495,213499,4,10
213485,213495,213498,3,10
213485,213495,213498,3,10
213485,213495,213499,4,10
213485,213495,213499,4,10
213485,213495,213499,4,10
213485,213495,213499,4,10
213485,213495,213499,4,10
213485,213495,213499,4,10
213485,213495,213498,3,10
213485,213495,213499,4,10
213485,213495,213499,4,10
213485,213495,213499,4,10
213490,213490,213498,8,0
213485,213495,213499,4,10
213485,213496,213500,4,11
213485,213496,213500,4,11
213485,213495,213500,5,10
213485,213497,213500,3,12
213485,213495,213500,5,10
213485,213495,213499,4,10
213485,213495,213500,5,10
213485,213496,213500,4,11
213485,213495,213499,4,10
213485,213495,213499,4,10
213485,213496,213500,4,11
213485,213495,213500,5,10
213485,213497,213500,3,12
213485,213496,213500,4,11
213485,213496,213500,4,11
213485,213496,213500,4,11
213485,213498,213500,2,13
213485,213496,213500,4,11
213485,213497,213500,3,12
213485,213498,213501,3,13
213485,213497,213501,4,12
213485,213497,213500,3,12
213485,213497,213500,3,12
213485,213496,213501,5,11
213485,213498,213501,3,13
213485,213497,213501,4,12
213485,213498,213501,3,13
213485,213498,213502,4,13
213485,213499,213501,2,14
213485,213499,213501,2,14
213485,213497,213501,4,12
213485,213498,213502,4,13
213485,213498,213502,4,13
213485,213498,213502,4,13
213485,213498,213502,4,13
213485,213499,213502,3,14
213485,213499,213502,3,14
213485,213497,213502,5,12
213485,213498,213502,4,13
213485,213498,213502,4,13
213485,213499,213502,3,14
213485,213499,213502,3,14
213485,213499,213502,3,14
213485,213499,213502,3,14
212388,212388,213502,1114,0
213485,213499,213502,3,14
213485,213499,213503,4,14
213485,213499,213502,3,14
213485,213500,213503,3,15
213485,213498,213503,5,13
213485,213500,213503,3,15
213485,213499,213503,4,14
213485,213499,213503,4,14
213485,213498,213503,5,13
213485,213498,213503,5,13
213485,213500,213503,3,15
213485,213501,213503,2,16
213485,213501,213504,3,16
213485,213501,213504,3,16
213485,213499,213503,4,14
213485,213499,213503,4,14
213485,213500,213504,4,15
213485,213500,213503,3,15
213485,213500,213504,4,15
213485,213501,213504,3,16
213485,213500,213504,4,15
213485,213500,213504,4,15
213485,213501,213504,3,16
213485,213499,213504,5,14
213485,213500,213503,3,15
213485,213500,213504,4,15
213485,213500,213503,3,15
213485,213501,213504,3,16
213485,213501,213504,3,16
213485,213500,213504,4,15
213485,213500,213504,4,15
213485,213500,213504,4,15
213485,213503,213504,1,18
213485,213501,213504,3,16
213485,213502,213505,3,17
213485,213501,213505,4,16
213485,213501,213505,4,16
213485,213502,213505,3,17
213485,213502,213505,3,17
213485,213502,213505,3,17
213485,213502,213505,3,17
213485,213501,213505,4,16
213485,213501,213504,3,16
213485,213502,213505,3,17
213485,213501,213505,4,16
213485,213504,213506,2,19
213485,213504,213506,2,19
213485,213504,213506,2,19
213485,213504,213506,2,19
213485,213504,213506,2,19
213485,213504,213506,2,19
213485,213504,213506,2,19
213485,213504,213506,2,19
213485,213504,213506,2,19
213485,213502,213506,4,17
213485,213502,213506,4,17
213485,213502,213506,4,17
213485,213502,213506,4,17
213485,213502,213506,4,17
213485,213503,213507,4,18
213485,213503,213506,3,18
213485,213503,213507,4,18
213485,213503,213506,3,18
213485,213504,213506,2,19
213485,213504,213506,2,19
213485,213503,213506,3,18
212396,212396,213506,1110,0
213485,213503,213507,4,18
213485,213503,213507,4,18
213485,213504,213507,3,19
213485,213504,213507,3,19
213485,213503,213507,4,18
213485,213503,213507,4,18
213485,213503,213507,4,18
213485,213503,213507,4,18
213485,213504,213508,4,19
213485,213504,213508,4,19
213485,213505,213508,3,20
213485,213505,213508,3,20
213485,213503,213508,5,18
213485,213503,213507,4,18
213485,213506,213508,2,21
213485,213503,213508,5,18
213485,213503,213508,5,18
213485,213504,213508,4,19
213485,213504,213508,4,19
213485,213507,213508,1,22
213485,213504,213508,4,19
213485,213504,213508,4,19
213485,213505,213508,3,20
213485,213505,213509,4,20
213485,213505,213509,4,20
213485,213505,213509,4,20
213485,213506,213509,3,21
213485,213505,213509,4,20
213485,213506,213509,3,21
213485,213506,213509,3,21
213485,213506,213509,3,21
213485,213505,213509,4,20
213485,213507,213509,2,22
213485,213505,213509,4,20
213485,213505,213509,4,20
213485,213506,213509,3,21
213485,213506,213509,3,21
213485,213506,213509,3,21
213485,213505,213509,4,20
213485,213507,213509,2,22
213485,213507,213510,3,22
213485,213506,213509,3,21
213485,213507,213510,3,22
213485,213507,213510,3,22
213485,213507,213509,2,22
213485,213506,213509,3,21
213485,213505,213510,5,20
213485,213507,213510,3,22
213485,213505,213510,5,20
213485,213506,213510,4,21
213485,213506,213510,4,21
213485,213508,213511,3,23
213485,213507,213510,3,22
213485,213507,213510,3,22
213485,213507,213511,4,22
213485,213507,213511,4,22
213485,213507,213511,4,22
213485,213506,213511,5,21
213485,213507,213511,4,22
213485,213508,213511,3,23
213485,213508,213511,3,23
213485,213508,213511,3,23
213485,213508,213511,3,23
213485,213508,213511,3,23
213485,213508,213511,3,23
213485,213508,213511,3,23
213485,213508,213511,3,23
213485,213508,213511,3,23
213485,213507,213511,4,22
213485,213508,213512,4,23
213485,213508,213512,4,23
213485,213509,213512,3,24
213485,213508,213512,4,23
213485,213509,213512,3,24
213485,213509,213512,3,24
213485,213508,213512,4,23
213485,213509,213512,3,24
213485,213509,213512,3,24
213485,213509,213512,3,24
213485,213509,213512,3,24
213485,213509,213513,4,24
213485,213510,213512,2,25
213485,213509,213512,3,24
213485,213510,213513,3,25
213485,213510,213512,2,25
213485,213509,213512,3,24
213485,213510,213513,3,25
213485,213510,213513,3,25
213485,213509,213513,4,24
213485,213510,213513,3,25
213485,213510,213514,4,25
213485,213510,213513,3,25
213485,213510,213513,3,25
213485,213510,213513,3,25
213485,213510,213513,3,25
213485,213511,213514,3,26
213485,213511,213514,3,26
213485,213510,213513,3,25
213485,213510,213513,3,25
213485,213512,213514,2,27
213485,213512,213513,1,27
213485,213512,213514,2,27
213485,213510,213513,3,25
213485,213510,213513,3,25
213485,213512,213514,2,27
213485,213512,213514,2,27
213485,213510,213514,4,25
213485,213510,213514,4,25
213485,213510,213514,4,25
213485,213512,213514,2,27
213485,213512,213514,2,27
213485,213512,213514,2,27
213485,213510,213514,4,25
213485,213512,213514,2,27
213485,213512,213514,2,27
213485,213509,213514,5,24
213485,213511,213515,4,26
213485,213511,213514,3,26
213485,213511,213514,3,26
213485,213511,213514,3,26
213485,213512,213515,3,27
213485,213511,213515,4,26
213485,213511,213514,3,26
213485,213511,213515,4,26
213485,213511,213515,4,26
213485,213512,213515,3,27
213485,213513,213515,2,28
213485,213512,213515,3,27
213485,213512,213515,3,27
213485,213513,213516,3,28
213485,213512,213515,3,27
213485,213513,213516,3,28
213485,213511,213516,5,26
213485,213513,213516,3,28
213485,213514,213516,2,29
213485,213514,213516,2,29
213485,213514,213516,2,29
213485,213512,213517,5,27
213485,213514,213516,2,29
213485,213514,213516,2,29
213485,213513,213517,4,28
213485,213512,213516,4,27
213485,213513,213517,4,28
213485,213513,213517,4,28
213485,213514,213517,3,29
213485,213513,213517,4,28
213485,213514,213517,3,29
213485,213514,213517,3,29
213485,213514,213516,2,29
213485,213514,213517,3,29
213485,213514,213517,3,29
213485,213515,213518,3,30
213485,213514,213517,3,29
213485,213514,213517,3,29
213485,213514,213518,4,29
213485,213513,213517,4,28
213485,213513,213517,4,28
213485,213514,213517,3,29
213485,213513,213517,4,28
213485,213513,213517,4,28
213485,213514,213517,3,29
213485,213515,213518,3,30
213485,213513,213517,4,28
213485,213514,213517,3,29
213485,213514,213518,4,29
213485,213514,213518,4,29
213485,213515,213518,3,30
213485,213513,213518,5,28
213485,213514,213518,4,29
213485,213514,213518,4,29
213485,213515,213518,3,30
213485,213514,213518,4,29
213485,213514,213518,4,29
213485,213514,213518,4,29
213485,213515,213518,3,30
213485,213514,213518,4,29
213485,213515,213518,3,30
213485,213515,213518,3,30
213485,213516,213518,2,31
213485,213515,213518,3,30
213485,213516,213519,3,31
213485,213514,213518,4,29
213485,213516,213519,3,31
213485,213514,213519,5,29
213485,213516,213519,3,31
213485,213517,213519,2,32
213485,213515,213519,4,30
213485,213516,213519,3,31
213485,213516,213519,3,31
213485,213516,213519,3,31
213485,213516,213519,3,31
213485,213516,213519,3,31
213485,213516,213519,3,31
213485,213516,213520,4,31
213485,213517,213520,3,32
213485,213516,213520,4,31
213485,213517,213520,3,32
213485,213518,213520,2,33
213485,213518,213520,2,33
213485,213518,213520,2,33
213485,213518,213521,3,33
213485,213517,213520,3,32
213485,213518,213521,3,33
213485,213518,213521,3,33
213485,213517,213520,3,32
213485,213517,213521,4,32
213485,213518,213521,3,33
213485,213518,213521,3,33
213485,213517,213521,4,32
213485,213518,213521,3,33
213485,213518,213521,3,33
213485,213517,213521,4,32
213485,213517,213521,4,32
213485,213518,213520,2,33
213486,213518,213521,3,32
213486,213518,213521,3,32
213485,213517,213520,3,32
213485,213517,213520,3,32
213486,213518,213521,3,32
213486,213518,213522,4,32
213486,213518,213522,4,32
213485,213518,213521,3,33
213486,213519,213522,3,33
213486,213518,213521,3,32
213486,213518,213522,4,32
213486,213518,213521,3,32
213486,213518,213522,4,32
213486,213518,213522,4,32
213486,213518,213522,4,32
213486,213520,213522,2,34
213486,213520,213522,2,34
213486,213519,213522,3,33
213486,213519,213522,3,33
213486,213519,213522,3,33
213486,213519,213522,3,33
213486,213519,213523,4,33
213486,213519,213522,3,33
213486,213519,213523,4,33
213486,213521,213523,2,35
213486,213519,213523,4,33
213486,213520,213524,4,34
213486,213520,213523,3,34
213486,213520,213524,4,34
213486,213520,213523,3,34
213486,213520,213523,3,34
213486,213519,213523,4,33
213486,213520,213524,4,34
213486,213519,213524,5,33
213486,213521,213524,3,35
213486,213518,213524,6,32
213486,213521,213524,3,35
213486,213520,213524,4,34
213486,213520,213524,4,34
213486,213521,213524,3,35
213486,213521,213524,3,35
213486,213521,213524,3,35
213486,213521,213524,3,35
213486,213519,213523,4,33
213486,213520,213524,4,34
213486,213521,213525,4,35
213486,213522,213525,3,36
213486,213521,213524,3,35
213486,213521,213524,3,35
213486,213521,213524,3,35
213486,213521,213524,3,35
213486,213521,213525,4,35
213486,213521,213525,4,35
213486,213520,213524,4,34
213486,213521,213525,4,35
213486,213521,213525,4,35
213486,213521,213524,3,35
213486,213521,213525,4,35
213486,213521,213525,4,35
213486,213521,213525,4,35
213486,213522,213526,4,36
213486,213522,213525,3,36
213486,213523,213526,3,37
213486,213521,213525,4,35
213486,213520,213525,5,34
213486,213524,213526,2,38
213486,213521,213526,5,35
213486,213521,213525,4,35
213486,213522,213526,4,36
213486,213522,213526,4,36
213486,213523,213526,3,37
213486,213522,213526,4,36
213486,213523,213527,4,37
213486,213522,213526,4,36
213486,213522,213526,4,36
213486,213523,213527,4,37
213486,213523,213527,4,37
213486,213523,213527,4,37
213486,213523,213526,3,37
213486,213524,213527,3,38
213486,213524,213527,3,38
213486,213523,213527,4,37
213486,213523,213527,4,37
213486,213523,213527,4,37
213486,213524,213527,3,38
213486,213524,213527,3,38
213486,213524,213527,3,38
213486,213525,213528,3,39
213486,213525,213528,3,39
213486,213525,213527,2,39
213486,213525,213528,3,39
213486,213523,213527,4,37
213486,213524,213527,3,38
213486,213524,213527,3,38
213486,213525,213528,3,39
213486,213525,213528,3,39
213486,213524,213528,4,38
213486,213524,213527,3,38
213486,213524,213528,4,38
213486,213525,213528,3,39
213486,213524,213528,4,38
213486,213525,213528,3,39
213486,213525,213528,3,39
213486,213523,213527,4,37
213486,213524,213527,3,38
213486,213525,213528,3,39
213486,213524,213528,4,38
213486,213525,213528,3,39
213486,213525,213528,3,39
213486,213526,213528,2,40
213486,213525,213528,3,39
213486,213526,213529,3,40
213486,213526,213529,3,40
213486,213525,213528,3,39
213486,213525,213528,3,39
213486,213526,213529,3,40
212656,212664,213528,864,8
213486,213526,213529,3,40
213486,213525,213528,3,39
213486,213526,213529,3,40
213486,213526,213529,3,40
213486,213526,213529,3,40
213486,213526,213529,3,40
213486,213526,213529,3,40
212703,212711,213542,831,8
213564,213564,213567,3,0
213564,213564,213567,3,0
213564,213564,213568,4,0
213564,213564,213568,4,0
213564,213564,213568,4,0
213564,213564,213568,4,0
213564,213564,213567,3,0
213564,213564,213568,4,0
213564,213564,213568,4,0
213564,213564,213568,4,0
213564,213564,213568,4,0
213564,213564,213568,4,0
213564,213564,213568,4,0
213564,213564,213568,4,0
213564,213564,213568,4,0
213564,213565,213569,4,1
213564,213564,213568,4,0
213564,213564,213568,4,0
213564,213564,213568,4,0
213564,213564,213569,5,0
213564,213564,213569,5,0
213564,213564,213569,5,0
213564,213564,213569,5,0
213564,213564,213569,5,0
213564,213564,213569,5,0
213564,213564,213569,5,0
213564,213564,213569,5,0
213564,213564,213569,5,0
213564,213564,213569,5,0
213564,213564,213568,4,0
213564,213564,213569,5,0
213564,213564,213569,5,0
213564,213564,213569,5,0
213564,213564,213569,5,0
213564,213564,213569,5,0
213564,213564,213569,5,0
213564,213564,213569,5,0
213564,213564,213569,5,0
213564,213564,213568,4,0
213564,213564,213569,5,0
213564,213564,213569,5,0
213564,213564,213568,4,0
213564,213564,213569,5,0
213564,213564,213569,5,0
213564,213564,213569,5,0
213564,213564,213569,5,0
213564,213564,213569,5,0
213564,213564,213569,5,0
213564,213564,213569,5,0
213564,213564,213568,4,0
213564,213564,213569,5,0
213564,213564,213569,5,0
213564,213564,213569,5,0
213564,213564,213569,5,0
213564,213564,213569,5,0
213564,213564,213569,5,0
213564,213564,213570,6,0
213564,213564,213570,6,0
213564,213564,213570,6,0
213564,213569,213571,2,5
213564,213567,213571,4,3
213564,213569,213571,2,5
213564,213568,213572,4,4
213564,213568,213572,4,4
213564,213568,213573,5,4
213564,213570,213572,2,6
213564,213570,213572,2,6
213564,213568,213572,4,4
213564,213568,213572,4,4
213564,213568,213572,4,4
213564,213570,213572,2,6
213564,213570,213573,3,6
213564,213570,213572,2,6
213564,213569,213572,3,5
213564,213568,213572,4,4
213564,213570,213573,3,6
213564,213570,213572,2,6
213564,213570,213572,2,6
213564,213570,213572,2,6
213564,213567,213572,5,3
213564,213568,213572,4,4
213564,213568,213572,4,4
213564,213570,213573,3,6
213564,213569,213573,4,5
213564,213569,213573,4,5
213564,213568,213573,5,4
213564,213570,213573,3,6
213564,213570,213573,3,6
213564,213570,213573,3,6
213564,213570,213573,3,6
213564,213572,213573,1,8
213564,213568,213573,5,4
213564,213568,213573,5,4
213564,213568,213573,5,4
213564,213570,213573,3,6
213564,213570,213573,3,6
213564,213570,213573,3,6
213564,213570,213573,3,6
213564,213570,213573,3,6
213564,213570,213573,3,6
213564,213570,213573,3,6
213564,213570,213573,3,6
213564,213570,213573,3,6
213564,213570,213573,3,6
213564,213570,213573,3,6
213564,213570,213573,3,6
213564,213570,213573,3,6
213564,213570,213573,3,6
213564,213570,213573,3,6
213564,213570,213573,3,6
213564,213570,213573,3,6
213564,213570,213573,3,6
213564,213570,213573,3,6
213564,213570,213573,3,6
213564,213571,213574,3,7
213564,213570,213574,4,6
213564,213571,213574,3,7
213564,213571,213574,3,7
213564,213572,213575,3,8
213564,213571,213574,3,7
213564,213573,213575,2,9
213564,213573,213575,2,9
213564,213574,213575,1,10
213564,213574,213576,2,10
213564,213574,213576,2,10
213564,213573,213576,3,9
213564,213574,213576,2,10
213564,213574,213576,2,10
213564,213573,213576,3,9
213564,213574,213575,1,10
213564,213574,213576,2,10
213564,213574,213576,2,10
213564,213573,213576,3,9
213564,213573,213576,3,9
213564,213574,213576,2,10
213564,213573,213576,3,9
213564,213573,213576,3,9
213564,213573,213576,3,9
213564,213573,213576,3,9
213564,213573,213576,3,9
213564,213573,213577,4,9
213564,213574,213577,3,10
213564,213574,213576,2,10
213564,213574,213576,2,10
213564,213573,213576,3,9
213564,213573,213576,3,9
213564,213573,213577,4,9
213564,213573,213576,3,9
213564,213573,213577,4,9
213564,213574,213577,3,10
213564,213573,213577,4,9
213564,213573,213577,4,9
213564,213573,213576,3,9
213564,213574,213577,3,10
213564,213574,213577,3,10
213564,213573,213577,4,9
213564,213574,213578,4,10
213564,213574,213577,3,10
213564,213574,213578,4,10
213564,213574,213577,3,10
213564,213574,213577,3,10
213564,213576,213578,2,12
213564,213574,213577,3,10
213564,213574,213578,4,10
213564,213574,213578,4,10
213564,213574,213578,4,10
213564,213574,213578,4,10
213564,213576,213578,2,12
213564,213576,213578,2,12
213564,213574,213577,3,10
213564,213574,213578,4,10
213564,213574,213578,4,10
213564,213575,213578,3,11
213564,213575,213578,3,11
213564,213576,213579,3,12
213564,213576,213579,3,12
213564,213575,213579,4,11
213564,213574,213578,4,10
213564,213574,213578,4,10
213564,213574,213578,4,10
213564,213575,213578,3,11
213564,213575,213579,4,11
213564,213576,213579,3,12
213564,213576,213580,4,12
213564,213576,213580,4,12
213564,213577,213579,2,13
213564,213576,213580,4,12
213564,213576,213580,4,12
213564,213576,213580,4,12
213564,213577,213580,3,13
213564,213577,213580,3,13
213564,213576,213579,3,12
213564,213574,213579,5,10
213564,213577,213580,3,13
213564,213578,213580,2,14
213564,213577,213581,4,13
213564,213576,213580,4,12
213564,213577,213580,3,13
213564,213577,213581,4,13
213564,213577,213580,3,13
213564,213577,213580,3,13
213564,213578,213581,3,14
213564,213577,213581,4,13
213564,213577,213581,4,13
213564,213577,213581,4,13
213564,213578,213581,3,14
213564,213578,213581,3,14
213564,213577,213581,4,13
213564,213577,213581,4,13
213564,213578,213581,3,14
213564,213578,213581,3,14
213564,213577,213581,4,13
213564,213578,213581,3,14
213564,213578,213581,3,14
213564,213578,213581,3,14
213564,213577,213581,4,13
213564,213578,213581,3,14
213564,213577,213580,3,13
213564,213577,213581,4,13
213564,213578,213581,3,14
212707,212722,213581,859,15
213564,213577,213581,4,13
213564,213579,213582,3,15
213564,213578,213582,4,14
213564,213579,213582,3,15
213564,213577,213581,4,13
213564,213578,213581,3,14
213564,213578,213581,3,14
213564,213579,213582,3,15
213564,213578,213582,4,14
213564,213579,213582,3,15
213564,213579,213582,3,15
213564,213577,213582,5,13
213564,213578,213582,4,14
213564,213579,213582,3,15
213564,213579,213583,4,15
213564,213579,213582,3,15
213564,213579,213582,3,15
213564,213579,213582,3,15
213564,213580,213583,3,16
213564,213579,213582,3,15
213564,213578,213582,4,14
213564,213581,213583,2,17
213564,213581,213583,2,17
213564,213581,213583,2,17
213564,213581,213583,2,17
213564,213581,213583,2,17
213564,213581,213583,2,17
213564,213579,213583,4,15
213564,213580,213583,3,16
213564,213581,213583,2,17
213564,213581,213583,2,17
213564,213580,213583,3,16
213564,213580,213583,3,16
213564,213581,213584,3,17
213564,213580,213584,4,16
213564,213580,213584,4,16
213564,213580,213584,4,16
213564,213581,213584,3,17
213564,213580,213584,4,16
213564,213580,213584,4,16
213564,213580,213584,4,16
213564,213581,213584,3,17
213564,213583,213584,1,19
213564,213581,213584,3,17
213564,213581,213585,4,17
213564,213581,213584,3,17
213564,213581,213585,4,17
213564,213581,213585,4,17
213564,213581,213585,4,17
213564,213580,213584,4,16
213564,213583,213586,3,19
213564,213581,213585,4,17
213564,213583,213585,2,19
213564,213581,213585,4,17
213564,213583,213585,2,19
213564,213583,213585,2,19
213564,213584,213585,1,20
213564,213581,213585,4,17
213564,213582,213586,4,18
213564,213581,213585,4,17
213564,213583,213586,3,19
213564,213583,213586,3,19
213564,213581,213585,4,17
213564,213581,213586,5,17
213564,213581,213585,4,17
213564,213583,213586,3,19
213564,213582,213586,4,18
213564,213582,213586,4,18
213564,213582,213586,4,18
213564,213582,213586,4,18
213564,213583,213587,4,19
213564,213581,213586,5,17
213564,213581,213586,5,17
213564,213583,213586,3,19
213564,213584,213586,2,20
213564,213583,213586,3,19
213564,213584,213586,2,20
213564,213583,213586,3,19
213564,213583,213586,3,19
213564,213584,213587,3,20
213564,213584,213587,3,20
213564,213582,213587,5,18
213564,213584,213587,3,20
213564,213584,213587,3,20
213564,213584,213588,4,20
213564,213584,213587,3,20
213564,213584,213587,3,20
213564,213584,213588,4,20
213564,213584,213588,4,20
213564,213582,213587,5,18
213564,213584,213587,3,20
213564,213584,213588,4,20
213564,213584,213587,3,20
213564,213585,213587,2,21
213564,213583,213588,5,19
213564,213585,213588,3,21
213564,213584,213588,4,20
213564,213585,213588,3,21
213564,213584,213588,4,20
213564,213584,213588,4,20
213564,213585,213588,3,21
213564,213585,213588,3,21
213564,213587,213588,1,23
213564,213585,213588,3,21
213564,213585,213588,3,21
213564,213586,213588,2,22
213564,213586,213589,3,22
213564,213585,213588,3,21
213564,213586,213589,3,22
213564,213586,213589,3,22
213564,213586,213589,3,22
213564,213586,213589,3,22
213564,213586,213588,2,22
213564,213585,213589,4,21
213564,213585,213589,4,21
213564,213586,213589,3,22
213564,213585,213589,4,21
213564,213585,213589,4,21
213564,213586,213589,3,22
213564,213587,213589,2,23
213564,213586,213589,3,22
213564,213587,213589,2,23
213564,213587,213589,2,23
213564,213586,213589,3,22
213564,213587,213590,3,23
213564,213587,213590,3,23
213564,213587,213590,3,23
213564,213586,213589,3,22
213564,213587,213590,3,23
213564,213587,213590,3,23
213564,213586,213589,3,22
213564,213587,213589,2,23
213564,213587,213590,3,23
213564,213586,213590,4,22
213564,213586,213589,3,22
213564,213587,213590,3,23
213564,213586,213590,4,22
213564,213586,213590,4,22
213564,213586,213590,4,22
213564,213587,213590,3,23
213564,213587,213591,4,23
213564,213587,213591,4,23
213564,213588,213592,4,24
213564,213588,213591,3,24
213564,213588,213591,3,24
213564,213588,213592,4,24
213564,213588,213591,3,24
213564,213588,213592,4,24
213564,213589,213592,3,25
213564,213589,213592,3,25
213564,213588,213592,4,24
213564,213588,213592,4,24
213564,213589,213592,3,25
213564,213588,213592,4,24
213564,213589,213591,2,25
213564,213590,213592,2,26
213564,213589,213592,3,25
213564,213591,213592,1,27
213564,213588,213592,4,24
213564,213589,213592,3,25
213564,213589,213592,3,25
213564,213589,213593,4,25
213564,213589,213592,3,25
213564,213588,213592,4,24
213564,213589,213593,4,25
213564,213588,213592,4,24
213564,213589,213592,3,25
213564,213588,213593,5,24
213564,213588,213593,5,24
213564,213589,213593,4,25
213564,213590,213593,3,26
213564,213590,213593,3,26
213564,213589,213592,3,25
213564,213589,213593,4,25
213564,213589,213593,4,25
213564,213589,213593,4,25
213564,213590,213593,3,26
213564,213590,213593,3,26
213564,213588,213593,5,24
213564,213589,213593,4,25
213564,213590,213593,3,26
213564,213590,213593,3,26
213564,213590,213593,3,26
213564,213590,213593,3,26
213564,213590,213594,4,26
213564,213589,213594,5,25
213564,213590,213594,4,26
213564,213590,213594,4,26
213564,213590,213594,4,26
213564,213590,213594,4,26
213564,213590,213594,4,26
213564,213590,213594,4,26
213564,213591,213594,3,27
213564,213590,213594,4,26
213564,213590,213594,4,26
213564,213590,213594,4,26
213564,213590,213594,4,26
213564,213590,213594,4,26
213564,213591,213595,4,27
213564,213593,213595,2,29
213564,213592,213595,3,28
213564,213592,213595,3,28
213564,213593,213596,3,29
213564,213591,213595,4,27
213564,213592,213595,3,28
213564,213592,213595,3,28
213564,213593,213596,3,29
213564,213592,213596,4,28
213564,213592,213596,4,28
213564,213592,213596,4,28
213564,213592,213596,4,28
213564,213592,213596,4,28
213564,213592,213596,4,28
213564,213592,213596,4,28
213564,213592,213596,4,28
213564,213592,213596,4,28
213564,213594,213596,2,30
213564,213594,213596,2,30
213564,213593,213596,3,29
213564,213593,213596,3,29
213564,213593,213595,2,29
213564,213592,213595,3,28
213564,213593,213596,3,29
213564,213593,213596,3,29
213564,213594,213596,2,30
213564,213593,213596,3,29
213564,213593,213596,3,29
213564,213592,213596,4,28
213564,213593,213596,3,29
213564,213593,213597,4,29
213564,213593,213596,3,29
213564,213593,213596,3,29
213564,213593,213597,4,29
213564,213593,213596,3,29
213564,213594,213597,3,30
213564,213593,213597,4,29
213564,213594,213596,2,30
213564,213594,213597,3,30
213564,213593,213597,4,29
213564,213593,213597,4,29
213564,213593,213597,4,29
213564,213594,213597,3,30
213564,213594,213597,3,30
213564,213594,213597,3,30
213564,213594,213597,3,30
213564,213594,213597,3,30
213564,213594,213597,3,30
213564,213594,213597,3,30
213564,213595,213598,3,31
213564,213594,213597,3,30
213564,213595,213598,3,31
213564,213594,213598,4,30
213564,213594,213597,3,30
213564,213595,213598,3,31
213564,213595,213598,3,31
213564,213595,213598,3,31
213564,213595,213598,3,31
213564,213595,213598,3,31
213564,213594,213598,4,30
213564,213595,213598,3,31
213564,213596,213599,3,32
213564,213596,213599,3,32
213564,213596,213599,3,32
213564,213598,213599,1,34
213564,213595,213599,4,31
213564,213596,213599,3,32
213564,213596,213599,3,32
213564,213596,213599,3,32
213564,213596,213599,3,32
213564,213596,213599,3,32
213564,213596,213599,3,32
213564,213596,213599,3,32
213564,213596,213600,4,32
213564,213596,213600,4,32
213564,213596,213600,4,32
213564,213596,213600,4,32
213564,213596,213600,4,32
213564,213597,213600,3,33
213564,213596,213600,4,32
213564,213596,213600,4,32
213564,213596,213600,4,32
213564,213596,213600,4,32
213564,213596,213600,4,32
213564,213598,213600,2,34
213564,213597,213600,3,33
213564,213598,213600,2,34
213564,213598,213601,3,34
213564,213597,213601,4,33
213564,213597,213601,4,33
213564,213597,213601,4,33
213564,213597,213601,4,33
213564,213597,213601,4,33
213564,213596,213601,5,32
213564,213598,213601,3,34
213564,213599,213602,3,35
213564,213598,213601,3,34
213564,213598,213601,3,34
213564,213598,213601,3,34
213564,213598,213602,4,34
213564,213599,213601,2,35
213564,213597,213601,4,33
213564,213598,213602,4,34
213564,213598,213602,4,34
213564,213598,213601,3,34
213564,213597,213601,4,33
213564,213598,213602,4,34
213564,213600,213602,2,36
213564,213597,213602,5,33
213564,213597,213602,5,33
213564,213597,213601,4,33
213564,213599,213602,3,35
213564,213600,213602,2,36
213564,213600,213601,1,36
213564,213600,213602,2,36
213564,213598,213602,4,34
213564,213598,213602,4,34
213564,213600,213602,2,36
213564,213597,213602,5,33
213564,213599,213602,3,35
213564,213601,213602,1,37
213564,213599,213602,3,35
213564,213598,213602,4,34
213564,213599,213602,3,35
213564,213599,213602,3,35
213564,213598,213602,4,34
213564,213600,213602,2,36
213564,213601,213603,2,37
213564,213601,213603,2,37
213564,213600,213602,2,36
213564,213598,213603,5,34
213564,213600,213603,3,36
213564,213598,213603,5,34
213564,213601,213604,3,37
213564,213601,213604,3,37
213564,213600,213603,3,36
213564,213600,213603,3,36
213564,213600,213604,4,36
213564,213600,213603,3,36
213564,213601,213604,3,37
213564,213601,213604,3,37
213564,213601,213604,3,37
213564,213601,213604,3,37
213564,213602,213605,3,38
213564,213601,213604,3,37
213564,213601,213605,4,37
213564,213601,213604,3,37
213564,213601,213605,4,37
213564,213602,213605,3,38
213564,213602,213605,3,38
213564,213602,213605,3,38
213564,213602,213605,3,38
213564,213601,213604,3,37
213564,213601,213604,3,37
213564,213602,213605,3,38
213564,213602,213604,2,38
213564,213602,213605,3,38
213564,213602,213605,3,38
213564,213602,213605,3,38
213564,213602,213605,3,38
213564,213602,213605,3,38
213564,213601,213605,4,37
213564,213602,213605,3,38
213564,213602,213605,3,38
213564,213602,213605,3,38
213564,213603,213605,2,39
213564,213602,213606,4,38
213564,213602,213605,3,38
213564,213603,213605,2,39
213564,213603,213605,2,39
213564,213603,213605,2,39
213564,213602,213605,3,38
213582,213603,213606,3,21
213564,213602,213605,3,38
213564,213602,213606,4,38
213564,213602,213606,4,38
213564,213602,213606,4,38
213564,213602,213606,4,38
213564,213602,213606,4,38
213564,213602,213606,4,38
213564,213603,213606,3,39
213564,213603,213606,3,39
213582,213605,213607,2,23
213582,213605,213607,2,23
213582,213605,213607,2,23
213582,213605,213607,2,23
213582,213603,213606,3,21
213582,213603,213606,3,21
213582,213605,213607,2,23
213582,213603,213607,4,21
213582,213605,213607,2,23
213582,213605,213607,2,23
213582,213605,213607,2,23
213582,213605,213607,2,23
213582,213603,213607,4,21
213582,213603,213606,3,21
213582,213604,213607,3,22
213582,213604,213607,3,22
213582,213604,213608,4,22
213582,213603,213608,5,21
213582,213603,213607,4,21
213582,213603,213607,4,21
213582,213603,213607,4,21
213582,213604,213607,3,22
213582,213604,213608,4,22
213582,213604,213608,4,22
213582,213605,213608,3,23
213582,213604,213607,3,22
213582,213604,213608,4,22
213582,213605,213608,3,23
213582,213604,213608,4,22
213582,213605,213608,3,23
213582,213605,213608,3,23
213582,213605,213608,3,23
213582,213606,213609,3,24
213582,213606,213609,3,24
213582,213607,213609,2,25
213582,213607,213609,2,25
213582,213605,213609,4,23
213582,213605,213609,4,23
213582,213605,213609,4,23
213582,213605,213610,5,23
213582,213606,213609,3,24
213582,213606,213610,4,24
213582,213606,213609,3,24
213582,213606,213609,3,24
213582,213605,213609,4,23
213582,213605,213610,5,23
213582,213605,213609,4,23
213582,213606,213610,4,24
213582,213606,213610,4,24
213582,213606,213610,4,24
213582,213606,213610,4,24
213582,213607,213610,3,25
213582,213607,213610,3,25
213582,213607,213609,2,25
213582,213607,213610,3,25
213582,213607,213610,3,25
213582,213607,213610,3,25
213582,213605,213610,5,23
213582,213606,213610,4,24
213582,213606,213610,4,24
213582,213606,213610,4,24
213582,213607,213610,3,25
213582,213607,213610,3,25
213582,213608,213611,3,26
213582,213608,213611,3,26
213582,213606,213610,4,24
213582,213606,213611,5,24
213582,213607,213611,4,25
213582,213607,213611,4,25
213582,213608,213611,3,26
213582,213608,213611,3,26
213582,213606,213611,5,24
213582,213606,213611,5,24
213582,213607,213611,4,25
213582,213608,213611,3,26
213582,213607,213611,4,25
213582,213607,213612,5,25
213582,213608,213612,4,26
213582,213608,213612,4,26
213582,213608,213612,4,26
213582,213608,213611,3,26
213582,213608,213611,3,26
213582,213608,213612,4,26
213582,213608,213612,4,26
213582,213608,213612,4,26
213582,213608,213612,4,26
213582,213608,213612,4,26
213582,213609,213612,3,27
213582,213609,213612,3,27
213582,213609,213613,4,27
213582,213609,213613,4,27
213582,213609,213612,3,27
213582,213609,213612,3,27
213582,213610,213613,3,28
213582,213610,213613,3,28
213582,213609,213613,4,27
213582,213610,213613,3,28
213582,213610,213613,3,28
213582,213609,213613,4,27
213582,213610,213613,3,28
213582,213610,213614,4,28
213582,213610,213613,3,28
213582,213610,213613,3,28
213582,213611,213613,2,29
213582,213611,213613,2,29
213582,213611,213614,3,29
213582,213611,213613,2,29
213582,213611,213614,3,29
213582,213610,213613,3,28
213582,213610,213613,3,28
213582,213610,213613,3,28
213582,213610,213613,3,28
213582,213610,213614,4,28
213582,213610,213613,3,28
213582,213610,213614,4,28
213582,213611,213614,3,29
213582,213610,213614,4,28
213582,213610,213615,5,28
213582,213612,213615,3,30
213582,213611,213614,3,29
213582,213611,213614,3,29
213582,213611,213614,3,29
213582,213611,213614,3,29
213582,213611,213614,3,29
213582,213612,213615,3,30
213582,213610,213614,4,28
213582,213612,213615,3,30
213582,213612,213615,3,30
213582,213612,213615,3,30
213582,213613,213616,3,31
213582,213612,213615,3,30
213582,213612,213615,3,30
213582,213613,213615,2,31
213582,213613,213615,2,31
213582,213612,213615,3,30
213582,213611,213616,5,29
213582,213612,213616,4,30
213582,213612,213616,4,30
213582,213612,213616,4,30
213582,213611,213615,4,29
213582,213613,213616,3,31
213582,213612,213616,4,30
213582,213613,213616,3,31
213582,213611,213616,5,29
213582,213613,213616,3,31
213582,213613,213616,3,31
213582,213613,213616,3,31
213582,213613,213616,3,31
213582,213613,213616,3,31
213582,213612,213616,4,30
213582,213612,213616,4,30
213582,213613,213616,3,31
213582,213613,213617,4,31
213582,213613,213616,3,31
213582,213614,213617,3,32
213582,213614,213617,3,32
213582,213612,213617,5,30
213582,213614,213617,3,32
213582,213614,213617,3,32
213582,213613,213617,4,31
213582,213614,213617,3,32
213582,213614,213617,3,32
213582,213614,213617,3,32
213582,213614,213617,3,32
213582,213614,213617,3,32
213582,213614,213618,4,32
213582,213614,213617,3,32
213582,213615,213617,2,33
213582,213615,213617,2,33
213582,213614,213617,3,32
213582,213614,213617,3,32
213582,213614,213618,4,32
213582,213614,213617,3,32
213582,213614,213618,4,32
213582,213615,213618,3,33
213582,213616,213618,2,34
213582,213614,213618,4,32
213582,213614,213618,4,32
213582,213615,213619,4,33
213582,213614,213618,4,32
213582,213616,213619,3,34
213582,213617,213619,2,35
213582,213617,213619,2,35
213582,213615,213619,4,33
213582,213615,213619,4,33
213582,213615,213619,4,33
213582,213615,213619,4,33
213582,213616,213620,4,34
213582,213616,213619,3,34
213582,213617,213619,2,35
213582,213616,213620,4,34
213582,213616,213620,4,34
213582,213617,213619,2,35
213582,213615,213619,4,33
213582,213616,213619,3,34
213582,213616,213619,3,34
213582,213617,213620,3,35
213582,213616,213620,4,34
213582,213616,213620,4,34
213582,213616,213620,4,34
213582,213616,213620,4,34
213582,213616,213620,4,34
213582,213616,213620,4,34
213582,213618,213621,3,36
213582,213617,213620,3,35
213582,213617,213620,3,35
213582,213618,213620,2,36
213582,213616,213620,4,34
213582,213616,213620,4,34
213582,213618,213621,3,36
213582,213618,213620,2,36
213582,213617,213621,4,35
213582,213617,213621,4,35
213582,213617,213621,4,35
213582,213618,213621,3,36
213582,213618,213620,2,36
213582,213617,213620,3,35
213582,213618,213620,2,36
213582,213618,213620,2,36
213582,213617,213621,4,35
213582,213617,213621,4,35
213582,213617,213621,4,35
213582,213618,213621,3,36
213582,213618,213621,3,36
213582,213618,213621,3,36
213582,213618,213621,3,36
213582,213618,213621,3,36
213582,213618,213621,3,36
213582,213620,213621,1,38
213582,213618,213621,3,36
213582,213618,213622,4,36
213582,213618,213622,4,36
213582,213619,213622,3,37
213582,213619,213622,3,37
213582,213619,213622,3,37
213582,213618,213622,4,36
213582,213617,213621,4,35
213582,213619,213622,3,37
213582,213619,213622,3,37
213582,213620,213623,3,38
213582,213619,213622,3,37
213582,213619,213622,3,37
213582,213620,213623,3,38
213582,213619,213623,4,37
213582,213619,213622,3,37
213582,213620,213623,3,38
213582,213620,213623,3,38
213582,213620,213623,3,38
213582,213620,213623,3,38
213582,213621,213624,3,39
213582,213620,213624,4,38
213582,213620,213624,4,38
213582,213620,213624,4,38
213582,213620,213624,4,38
213582,213621,213624,3,39
213582,213620,213623,3,38
213582,213620,213624,4,38
213582,213620,213624,4,38
213582,213621,213624,3,39
213582,213621,213624,3,39
213582,213621,213624,3,39
213582,213621,213624,3,39
213582,213621,213624,3,39
213582,213621,213624,3,39
213582,213621,213625,4,39
213582,213620,213625,5,38
213582,213621,213624,3,39
213582,213621,213625,4,39
213582,213621,213624,3,39
213582,213622,213625,3,40
213582,213621,213625,4,39
213582,213622,213625,3,40
213582,213621,213625,4,39
213582,213621,213625,4,39
213582,213621,213626,5,39
213582,213621,213625,4,39
213582,213622,213626,4,40
213582,213621,213626,5,39
213582,213622,213626,4,40
213582,213622,213625,3,40
213582,213622,213626,4,40
213582,213622,213626,4,40
213582,213622,213625,3,40
213582,213622,213625,3,40
213582,213622,213626,4,40
213582,213622,213626,4,40
213582,213623,213626,3,41
213582,213621,213625,4,39
213582,213621,213626,5,39
213582,213621,213626,5,39
213582,213621,213626,5,39
213582,213621,213626,5,39
213582,213621,213626,5,39
213582,213622,213626,4,40
213582,213624,213626,2,42
213582,213624,213626,2,42
213582,213622,213626,4,40
213582,213623,213626,3,41
213582,213622,213626,4,40
213582,213622,213626,4,40
213582,213624,213626,2,42
213582,213623,213626,3,41
213582,213624,213627,3,42
213582,213624,213627,3,42
213582,213624,213626,2,42
213582,213624,213627,3,42
213582,213622,213627,5,40
213582,213622,213626,4,40
213582,213623,213627,4,41
213582,213623,213627,4,41
213582,213623,213627,4,41
213582,213623,213627,4,41
213582,213624,213627,3,42
213582,213625,213627,2,43
213582,213625,213628,3,43
213582,213624,213629,5,42
213582,213624,213628,4,42
213582,213624,213628,4,42
213582,213625,213628,3,43
213582,213626,213628,2,44
213582,213626,213628,2,44
213582,213625,213628,3,43
213582,213625,213628,3,43
213582,213625,213629,4,43
213582,213625,213629,4,43
213582,213626,213629,3,44
213582,213626,213629,3,44
213582,213626,213629,3,44
213582,213626,213629,3,44
213582,213626,213629,3,44
213582,213626,213629,3,44
213582,213625,213629,4,43
213582,213626,213629,3,44
213582,213627,213629,2,45
213582,213626,213629,3,44
213582,213626,213629,3,44
213582,213626,213629,3,44
213582,213626,213629,3,44
213582,213627,213629,2,45
213582,213626,213629,3,44
213582,213626,213629,3,44
213582,213627,213629,2,45
213582,213626,213629,3,44
213582,213627,213629,2,45
213582,213627,213629,2,45
213582,213626,213629,3,44
213582,213626,213630,4,44
213582,213626,213629,3,44
213582,213626,213630,4,44
213582,213625,213629,4,43
213582,213626,213629,3,44
213582,213626,213630,4,44
213582,213627,213630,3,45
213582,213627,213630,3,45
213582,213627,213630,3,45
213582,213627,213630,3,45
213582,213627,213630,3,45
213582,213627,213630,3,45
213582,213627,213630,3,45
212751,212759,213631,872,8
213657,213658,213660,2,1
213657,213658,213660,2,1
213657,213658,213660,2,1
213657,213658,213660,2,1
213657,213658,213660,2,1
213657,213658,213660,2,1
213657,213658,213661,3,1
213657,213658,213660,2,1
213657,213658,213660,2,1
213657,213658,213661,3,1
213657,213658,213661,3,1
213657,213658,213661,3,1
213657,213658,213661,3,1
213657,213658,213662,4,1
213657,213658,213662,4,1
213657,213658,213662,4,1
213657,213658,213661,3,1
213657,213658,213661,3,1
213657,213658,213662,4,1
213657,213658,213662,4,1
213657,213658,213662,4,1
213657,213658,213661,3,1
213657,213658,213661,3,1
213657,213658,213662,4,1
213657,213658,213661,3,1
213657,213658,213661,3,1
213657,213658,213662,4,1
213657,213658,213663,5,1
213657,213658,213662,4,1
213657,213658,213662,4,1
213657,213658,213662,4,1
213657,213658,213662,4,1
213657,213658,213662,4,1
213657,213658,213662,4,1
213657,213658,213663,5,1
213657,213658,213662,4,1
213657,213658,213663,5,1
213657,213658,213663,5,1
213657,213658,213663,5,1
213657,213658,213663,5,1
213657,213658,213663,5,1
213657,213658,213663,5,1
213657,213658,213662,4,1
213657,213658,213662,4,1
213657,213658,213663,5,1
213657,213658,213663,5,1
213657,213658,213662,4,1
213657,213658,213663,5,1
213657,213658,213662,4,1
213657,213661,213663,2,4
213657,213658,213662,4,1
213657,213658,213663,5,1
213657,213658,213663,5,1
213657,213661,213663,2,4
213657,213658,213662,4,1
213657,213658,213663,5,1
213657,213660,213663,3,3
213657,213661,213663,2,4
213657,213660,213663,3,3
213657,213660,213663,3,3
213657,213660,213663,3,3
213657,213661,213663,2,4
213657,213660,213664,4,3
213657,213661,213664,3,4
213657,213661,213665,4,4
213657,213662,213665,3,5
213657,213662,213665,3,5
213657,213661,213664,3,4
213657,213661,213664,3,4
213657,213662,213665,3,5
213657,213663,213665,2,6
213657,213662,213665,3,5
213657,213663,213665,2,6
213657,213663,213665,2,6
213657,213662,213665,3,5
213657,213662,213665,3,5
213657,213663,213666,3,6
213657,213663,213666,3,6
213657,213663,213666,3,6
213657,213663,213666,3,6
213657,213662,213665,3,5
213657,213662,213666,4,5
213657,213663,213666,3,6
213657,213663,213666,3,6
213657,213663,213666,3,6
213657,213662,213665,3,5
213657,213663,213666,3,6
213657,213663,213666,3,6
213657,213663,213666,3,6
213657,213662,213665,3,5
213657,213663,213666,3,6
213657,213662,213666,4,5
213657,213662,213666,4,5
213657,213663,213666,3,6
213657,213663,213666,3,6
213657,213663,213666,3,6
213657,213663,213666,3,6
213657,213663,213667,4,6
213657,213663,213667,4,6
213657,213663,213667,4,6
213657,213663,213667,4,6
213657,213664,213667,3,7
213657,213664,213667,3,7
213657,213663,213666,3,6
213657,213663,213667,4,6
213657,213663,213667,4,6
213657,213664,213667,3,7
213657,213663,213667,4,6
213657,213663,213667,4,6
213657,213663,213667,4,6
213657,213663,213667,4,6
213658,213664,213667,3,6
213657,213662,213667,5,5
213657,213663,213667,4,6
213657,213663,213667,4,6
213658,213664,213667,3,6
213657,213663,213667,4,6
213657,213663,213667,4,6
213658,213664,213667,3,6
213657,213663,213667,4,6
213657,213663,213668,5,6
213657,213663,213667,4,6
213657,213663,213668,5,6
213658,213665,213669,4,7
213658,213665,213669,4,7
213658,213665,213669,4,7
213658,213665,213669,4,7
213658,213665,213669,4,7
213658,213666,213669,3,8
213658,213665,213669,4,7
213658,213665,213669,4,7
213658,213667,213669,2,9
213658,213665,213669,4,7
213658,213667,213669,2,9
213658,213667,213670,3,9
213658,213666,213670,4,8
213658,213666,213669,3,8
213658,213666,213669,3,8
213658,213666,213669,3,8
213658,213666,213670,4,8
213658,213666,213670,4,8
213658,213666,213670,4,8
213658,213667,213670,3,9
213658,213666,213670,4,8
213658,213666,213670,4,8
213658,213668,213671,3,10
213658,213666,213671,5,8
213658,213666,213670,4,8
213658,213667,213670,3,9
213658,213666,213670,4,8
213658,213666,213670,4,8
213658,213666,213670,4,8
213658,213667,213670,3,9
213658,213667,213671,4,9
213658,213667,213670,3,9
213658,213668,213670,2,10
213658,213668,213670,2,10
213658,213668,213671,3,10
213658,213667,213671,4,9
213658,213668,213671,3,10
213658,213667,213671,4,9
213658,213667,213671,4,9
213658,213668,213671,3,10
213658,213668,213672,4,10
213658,213667,213671,4,9
213658,213668,213672,4,10
213658,213668,213671,3,10
213658,213668,213671,3,10
213658,213668,213672,4,10
213658,213670,213672,2,12
213658,213670,213671,1,12
213658,213667,213671,4,9
213658,213667,213671,4,9
213658,213668,213671,3,10
213658,213670,213672,2,12
213658,213667,213671,4,9
213658,213668,213672,4,10
213658,213667,213672,5,9
213658,213669,213672,3,11
213658,213668,213672,4,10
213658,213668,213672,4,10
213658,213670,213672,2,12
213658,213668,213672,4,10
213658,213670,213672,2,12
213658,213668,213672,4,10
213658,213668,213672,4,10
213658,213669,213672,3,11
213658,213670,213673,3,12
213658,213670,213672,2,12
213658,213670,213673,3,12
213658,213670,213673,3,12
213658,213670,213673,3,12
213658,213668,213673,5,10
213658,213670,213673,3,12
213658,213670,213673,3,12
213658,213671,213673,2,13
213658,213671,213674,3,13
213658,213671,213674,3,13
213658,213670,213674,4,12
213658,213671,213674,3,13
213658,213670,213674,4,12
213658,213669,213674,5,11
213658,213670,213674,4,12
213658,213669,213674,5,11
213658,213671,213674,3,13
213658,213671,213674,3,13
213658,213672,213675,3,14
213658,213671,213674,3,13
213658,213672,213675,3,14
213658,213672,213675,3,14
213658,213672,213675,3,14
213658,213671,213674,3,13
213658,213671,213674,3,13
213658,213671,213675,4,13
213658,213672,213675,3,14
213658,213671,213674,3,13
213658,213671,213674,3,13
213658,213671,213674,3,13
213658,213671,213674,3,13
213658,213671,213674,3,13
213658,213672,213675,3,14
213658,213671,213675,4,13
213658,213672,213675,3,14
213658,213672,213675,3,14
213658,213672,213676,4,14
213658,213671,213675,4,13
213658,213672,213675,3,14
213658,213671,213675,4,13
213658,213673,213675,2,15
213658,213672,213675,3,14
213658,213672,213675,3,14
213658,213672,213675,3,14
213658,213672,213675,3,14
213658,213672,213675,3,14
213658,213672,213676,4,14
213658,213673,213675,2,15
213658,213672,213675,3,14
213658,213673,213676,3,15
213658,213673,213676,3,15
213658,213672,213676,4,14
212762,212772,213681,909,10
213710,213711,213714,3,1
213710,213711,213714,3,1
213710,213711,213714,3,1
213710,213711,213713,2,1
213710,213711,213713,2,1
213710,213711,213714,3,1
213710,213711,213714,3,1
213710,213711,213715,4,1
213710,213711,213715,4,1
213710,213711,213715,4,1
213710,213711,213715,4,1
213710,213711,213714,3,1
213710,213711,213715,4,1
213710,213711,213714,3,1
213710,213711,213715,4,1
213710,213711,213714,3,1
213710,213711,213715,4,1
213710,213711,213714,3,1
213710,213711,213715,4,1
213710,213711,213714,3,1
213710,213711,213715,4,1
213710,213711,213714,3,1
213710,213711,213715,4,1
213710,213711,213715,4,1
213710,213711,213714,3,1
213710,213711,213715,4,1
213710,213711,213714,3,1
213710,213711,213715,4,1
213710,213711,213715,4,1
213710,213711,213715,4,1
213710,213711,213715,4,1
213710,213711,213715,4,1
213710,213711,213716,5,1
213710,213711,213715,4,1
213710,213711,213715,4,1
213710,213711,213715,4,1
213710,213711,213716,5,1
213710,213711,213715,4,1
213710,213711,213715,4,1
213710,213711,213715,4,1
213710,213711,213716,5,1
213710,213711,213715,4,1
213710,213711,213715,4,1
213710,213711,213715,4,1
213710,213711,213715,4,1
213710,213711,213715,4,1
213710,213711,213716,5,1
213710,213711,213715,4,1
213710,213711,213715,4,1
213710,213711,213716,5,1
213710,213711,213716,5,1
213710,213711,213716,5,1
213710,213711,213716,5,1
213710,213714,213717,3,4
213710,213711,213716,5,1
213710,213715,213718,3,5
213710,213714,213717,3,4
213710,213714,213718,4,4
213710,213714,213717,3,4
213710,213715,213718,3,5
213710,213715,213719,4,5
213710,213715,213718,3,5
213710,213715,213719,4,5
213710,213715,213718,3,5
213710,213716,213719,3,6
213710,213716,213719,3,6
213710,213715,213719,4,5
213710,213716,213719,3,6
213710,213714,213718,4,4
213710,213715,213719,4,5
213710,213715,213718,3,5
213710,213716,213718,2,6
213710,213715,213719,4,5
213710,213715,213719,4,5
213710,213715,213719,4,5
213710,213716,213719,3,6
213710,213716,213719,3,6
213710,213716,213718,2,6
213710,213715,213719,4,5
213710,213715,213719,4,5
213710,213715,213719,4,5
213710,213715,213719,4,5
213710,213716,213719,3,6
213710,213716,213719,3,6
213710,213716,213719,3,6
213710,213716,213718,2,6
213710,213715,213719,4,5
213710,213716,213720,4,6
213710,213716,213720,4,6
213710,213716,213719,3,6
213710,213716,213719,3,6
213710,213716,213719,3,6
213710,213716,213719,3,6
213710,213715,213719,4,5
213710,213715,213719,4,5
213710,213716,213719,3,6
213710,213716,213720,4,6
213710,213716,213720,4,6
213710,213716,213720,4,6
213710,213717,213720,3,7
213710,213717,213720,3,7
213710,213716,213720,4,6
213710,213717,213720,3,7
213710,213715,213719,4,5
213710,213718,213721,3,8
213710,213717,213720,3,7
213710,213718,213721,3,8
213710,213717,213721,4,7
213710,213718,213721,3,8
213710,213717,213721,4,7
213710,213719,213722,3,9
213710,213718,213721,3,8
213710,213718,213722,4,8
213727,213727,213730,3,0
213727,213727,213730,3,0
213727,213727,213730,3,0
213727,213727,213730,3,0
213727,213727,213729,2,0
213727,213727,213731,4,0
213727,213727,213731,4,0
213727,213727,213731,4,0
213727,213727,213731,4,0
213727,213727,213731,4,0
213727,213727,213731,4,0
213727,213727,213731,4,0
213727,213727,213731,4,0
213727,213727,213731,4,0
213727,213727,213731,4,0
213727,213727,213731,4,0
213727,213727,213731,4,0
213727,213727,213731,4,0
213727,213727,213731,4,0
213727,213727,213730,3,0
213727,213727,213731,4,0
213727,213727,213731,4,0
213727,213727,213731,4,0
213727,213727,213731,4,0
213727,213727,213731,4,0
213727,213727,213731,4,0
213727,213727,213732,5,0
213727,213727,213731,4,0
213727,213727,213732,5,0
213727,213727,213732,5,0
213727,213727,213731,4,0
213727,213727,213732,5,0
213727,213727,213732,5,0
213727,213727,213732,5,0
213727,213727,213732,5,0
213727,213727,213732,5,0
213727,213727,213732,5,0
213727,213727,213732,5,0
213727,213727,213732,5,0
213727,213727,213732,5,0
213727,213727,213733,6,0
213727,213727,213732,5,0
213727,213727,213732,5,0
213727,213727,213732,5,0
213727,213727,213732,5,0
213727,213728,213732,4,1
213727,213727,213732,5,0
213727,213727,213732,5,0
213727,213727,213732,5,0
213727,213727,213733,6,0
213727,213727,213733,6,0
213727,213730,213733,3,3
213727,213732,213734,2,5
213727,213732,213733,1,5
213727,213730,213733,3,3
213727,213730,213734,4,3
213727,213731,213734,3,4
213727,213731,213734,3,4
213727,213731,213734,3,4
213727,213731,213734,3,4
213727,213730,213734,4,3
213727,213731,213734,3,4
213727,213730,213734,4,3
213727,213732,213734,2,5
213727,213732,213734,2,5
213727,213732,213735,3,5
213727,213732,213735,3,5
213727,213731,213735,4,4
213727,213732,213735,3,5
213727,213731,213735,4,4
213727,213731,213735,4,4
213727,213732,213735,3,5
213727,213732,213735,3,5
213727,213732,213735,3,5
213727,213733,213735,2,6
213710,213711,213715,4,1
213710,213711,213715,4,1
213710,213711,213716,5,1
213710,213711,213715,4,1
213710,213711,213716,5,1
213727,213733,213736,3,6
213727,213732,213736,4,5
213727,213732,213735,3,5
213727,213732,213735,3,5
213727,213733,213736,3,6
213727,213732,213735,3,5
213727,213732,213735,3,5
213727,213733,213735,2,6
213727,213733,213736,3,6
213727,213733,213736,3,6
213727,213731,213737,6,4
213727,213735,213736,1,8
213727,213732,213736,4,5
213727,213733,213736,3,6
213727,213733,213736,3,6
213727,213733,213737,4,6
213727,213733,213736,3,6
213727,213733,213736,3,6
213727,213733,213736,3,6
213727,213734,213737,3,7
213727,213734,213736,2,7
213727,213733,213736,3,6
213727,213734,213737,3,7
213727,213735,213737,2,8
213727,213733,213736,3,6
213727,213733,213737,4,6
213727,213733,213737,4,6
213727,213733,213737,4,6
213727,213734,213737,3,7
213727,213732,213737,5,5
213727,213732,213737,5,5
213727,213735,213737,2,8
213727,213735,213737,2,8
213727,213735,213737,2,8
213727,213735,213737,2,8
213727,213734,213737,3,7
213727,213735,213738,3,8
213727,213734,213737,3,7
213727,213735,213738,3,8
213727,213735,213738,3,8
213727,213736,213738,2,9
213727,213736,213738,2,9
213727,213735,213738,3,8
213727,213735,213738,3,8
213727,213735,213738,3,8
213710,213736,213739,3,26
213710,213736,213739,3,26
212861,212867,213746,879,6
212864,212879,213752,873,15
213757,213758,213759,1,1
213757,213758,213760,2,1
213757,213758,213760,2,1
213757,213758,213760,2,1
213757,213758,213761,3,1
213757,213758,213761,3,1
213757,213758,213760,2,1
213757,213758,213761,3,1
213757,213758,213761,3,1
213757,213758,213761,3,1
213757,213758,213761,3,1
213757,213758,213761,3,1
213757,213758,213762,4,1
213757,213758,213761,3,1
213757,213758,213761,3,1
213757,213758,213762,4,1
213757,213758,213761,3,1
213757,213758,213761,3,1
213757,213758,213762,4,1
213757,213758,213761,3,1
213757,213758,213762,4,1
213757,213758,213761,3,1
213757,213758,213762,4,1
213757,213758,213761,3,1
213757,213758,213762,4,1
213757,213758,213762,4,1
213757,213758,213762,4,1
213757,213758,213762,4,1
213757,213758,213761,3,1
213757,213758,213762,4,1
213757,213758,213762,4,1
213757,213758,213762,4,1
213757,213758,213762,4,1
213757,213758,213762,4,1
213757,213758,213763,5,1
213757,213758,213763,5,1
213757,213758,213762,4,1
213757,213758,213762,4,1
213757,213758,213763,5,1
213757,213758,213763,5,1
213757,213758,213762,4,1
213757,213758,213763,5,1
213757,213758,213762,4,1
213757,213758,213763,5,1
213757,213758,213763,5,1
213757,213758,213762,4,1
213757,213758,213762,4,1
213757,213758,213762,4,1
213757,213758,213762,4,1
213757,213758,213763,5,1
213757,213758,213762,4,1
213757,213758,213762,4,1
213757,213758,213762,4,1
213757,213758,213763,5,1
213757,213761,213763,2,4
213757,213761,213764,3,4
213757,213760,213763,3,3
213757,213760,213763,3,3
213757,213761,213764,3,4
213757,213761,213764,3,4
213757,213760,213763,3,3
213757,213761,213764,3,4
213757,213761,213765,4,4
213757,213761,213764,3,4
213757,213762,213764,2,5
213757,213762,213765,3,5
213757,213762,213765,3,5
213757,213762,213765,3,5
213757,213762,213765,3,5
213757,213762,213765,3,5
213757,213762,213765,3,5
213757,213762,213765,3,5
213757,213762,213765,3,5
213757,213763,213766,3,6
213757,213762,213765,3,5
213757,213762,213766,4,5
213757,213763,213766,3,6
213757,213763,213766,3,6
213757,213762,213765,3,5
213757,213762,213766,4,5
213757,213763,213766,3,6
213757,213764,213766,2,7
213757,213762,213766,4,5
213757,213762,213765,3,5
213757,213763,213765,2,6
213757,213762,213766,4,5
213757,213763,213766,3,6
213757,213762,213766,4,5
213757,213762,213766,4,5
213757,213762,213765,3,5
213757,213762,213766,4,5
213757,213763,213766,3,6
213757,213763,213766,3,6
213757,213763,213766,3,6
213757,213763,213767,4,6
213757,213763,213767,4,6
213757,213764,213767,3,7
213757,213762,213767,5,5
213757,213764,213766,2,7
213757,213762,213767,5,5
213757,213763,213767,4,6
213757,213763,213766,3,6
213757,213763,213767,4,6
213757,213764,213767,3,7
213757,213763,213766,3,6
213757,213763,213767,4,6
213757,213764,213767,3,7
213757,213763,213766,3,6
213757,213763,213766,3,6
213757,213764,213767,3,7
213757,213763,213766,3,6
213757,213763,213766,3,6
213757,213765,213768,3,8
213757,213764,213767,3,7
213757,213765,213768,3,8
213757,213763,213768,5,6
213757,213764,213768,4,7
213773,213773,213775,2,0
213773,213773,213775,2,0
213773,213773,213775,2,0
213773,213773,213776,3,0
213773,213773,213776,3,0
213773,213773,213776,3,0
213773,213773,213776,3,0
213773,213773,213776,3,0
213773,213773,213776,3,0
213773,213773,213776,3,0
213773,213774,213777,3,1
213773,213773,213777,4,0
213773,213773,213777,4,0
213773,213773,213777,4,0
213773,213773,213776,3,0
213773,213773,213776,3,0
213773,213773,213776,3,0
213773,213773,213777,4,0
213773,213773,213777,4,0
213773,213773,213777,4,0
213773,213773,213777,4,0
213773,213773,213777,4,0
213773,213773,213777,4,0
213773,213773,213777,4,0
213773,213773,213777,4,0
213773,213773,213777,4,0
213773,213773,213777,4,0
213773,213773,213778,5,0
213773,213774,213777,3,1
213773,213774,213778,4,1
213773,213774,213778,4,1
213773,213773,213778,5,0
213773,213773,213778,5,0
213773,213773,213778,5,0
213773,213773,213778,5,0
213773,213773,213778,5,0
213773,213773,213778,5,0
213773,213773,213778,5,0
213773,213773,213778,5,0
213773,213775,213778,3,2
213773,213773,213778,5,0
213773,213773,213778,5,0
213773,213773,213778,5,0
213773,213773,213778,5,0
213773,213773,213778,5,0
213773,213773,213779,6,0
213773,213773,213778,5,0
213773,213776,213779,3,3
213773,213776,213779,3,3
213773,213773,213779,6,0
213773,213775,213779,4,2
213773,213773,213779,6,0
213773,213776,213779,3,3
213773,213776,213779,3,3
213773,213775,213779,4,2
213773,213776,213780,4,3
213773,213778,213780,2,5
213773,213777,213780,3,4
213773,213776,213780,4,3
213773,213778,213780,2,5
213773,213778,213780,2,5
213773,213776,213780,4,3
213773,213778,213781,3,5
213773,213778,213781,3,5
213757,213778,213781,3,21
213773,213777,213781,4,4
213773,213777,213781,4,4
213773,213779,213782,3,6
213773,213779,213781,2,6
213773,213779,213781,2,6
213773,213777,213781,4,4
213773,213779,213782,3,6
213773,213779,213782,3,6
213773,213778,213781,3,5
213773,213778,213782,4,5
213773,213779,213782,3,6
213773,213777,213781,4,4
213773,213777,213782,5,4
213773,213779,213782,3,6
213773,213779,213781,2,6
213773,213778,213781,3,5
213773,213778,213781,3,5
213773,213778,213781,3,5
213773,213779,213782,3,6
213773,213778,213782,4,5
213757,213778,213782,4,21
213757,213778,213782,4,21
213773,213779,213782,3,6
213773,213780,213782,2,7
213773,213779,213783,4,6
213773,213780,213782,2,7
213773,213778,213782,4,5
213773,213779,213782,3,6
213773,213779,213782,3,6
213773,213779,213782,3,6
213773,213780,213782,2,7
213773,213779,213782,3,6
213773,213780,213782,2,7
213773,213780,213783,3,7
213773,213780,213783,3,7
213773,213780,213783,3,7
213773,213779,213783,4,6
213773,213779,213783,4,6
213773,213780,213783,3,7
213773,213781,213783,2,8
213773,213781,213783,2,8
213773,213779,213783,4,6
213773,213781,213784,3,8
213773,213780,213784,4,7
213773,213781,213784,3,8
213773,213781,213784,3,8
213773,213782,213784,2,9
213773,213781,213784,3,8
213773,213781,213784,3,8
213773,213779,213785,6,6
213773,213782,213785,3,9
213773,213782,213785,3,9
213773,213784,213787,3,11
212920,212929,213791,862,9
213773,213795,213797,2,22
213773,213795,213798,3,22
213773,213795,213799,4,22
213773,213795,213799,4,22
213773,213795,213800,5,22
213803,213804,213805,1,1
213803,213804,213805,1,1
213803,213804,213806,2,1
213803,213804,213805,1,1
213803,213804,213806,2,1
213803,213804,213807,3,1
213803,213804,213806,2,1
213803,213804,213806,2,1
213803,213804,213807,3,1
213803,213804,213806,2,1
213803,213804,213806,2,1
213803,213804,213807,3,1
213803,213804,213806,2,1
213803,213804,213807,3,1
213803,213804,213807,3,1
213803,213804,213808,4,1
213803,213804,213807,3,1
213803,213804,213807,3,1
213803,213804,213807,3,1
213803,213804,213808,4,1
213803,213804,213807,3,1
213803,213804,213807,3,1
213803,213804,213808,4,1
213803,213804,213808,4,1
213803,213804,213807,3,1
213803,213804,213808,4,1
213803,213804,213808,4,1
213803,213804,213808,4,1
213803,213804,213808,4,1
213803,213804,213808,4,1
213803,213804,213808,4,1
213803,213804,213808,4,1
213803,213804,213808,4,1
213803,213804,213808,4,1
213803,213804,213808,4,1
213803,213804,213808,4,1
213803,213804,213808,4,1
213803,213804,213808,4,1
213803,213804,213808,4,1
213803,213804,213808,4,1
213803,213804,213808,4,1
213803,213804,213808,4,1
213803,213804,213808,4,1
213803,213804,213808,4,1
213803,213804,213808,4,1
213803,213804,213808,4,1
213803,213804,213809,5,1
213803,213804,213809,5,1
213803,213806,213810,4,3
213803,213807,213809,2,4
213803,213807,213810,3,4
213803,213807,213809,2,4
213803,213804,213809,5,1
213803,213806,213809,3,3
213803,213807,213810,3,4
213803,213807,213809,2,4
213803,213807,213809,2,4
213803,213804,213809,5,1
213803,213806,213809,3,3
213803,213806,213810,4,3
213803,213807,213810,3,4
213803,213807,213810,3,4
213803,213808,213811,3,5
213803,213807,213810,3,4
213803,213808,213811,3,5
213803,213808,213810,2,5
213803,213809,213812,3,6
213803,213808,213812,4,5
213803,213808,213811,3,5
213803,213804,213809,5,1
213803,213809,213811,2,6
213803,213808,213811,3,5
213803,213808,213811,3,5
213803,213808,213811,3,5
213803,213809,213812,3,6
213803,213809,213812,3,6
213803,213808,213811,3,5
213803,213809,213811,2,6
213803,213809,213811,2,6
213803,213808,213812,4,5
213803,213809,213812,3,6
213803,213808,213811,3,5
213803,213809,213812,3,6
213803,213810,213813,3,7
213803,213809,213813,4,6
213803,213804,213810,6,1
213803,213808,213811,3,5
213803,213809,213812,3,6
213803,213809,213812,3,6
213803,213810,213813,3,7
213803,213810,213812,2,7
213803,213809,213813,4,6
213803,213810,213812,2,7
213803,213810,213813,3,7
213803,213809,213813,4,6
213803,213809,213812,3,6
213803,213809,213812,3,6
213803,213809,213812,3,6
213803,213810,213813,3,7
213803,213810,213813,3,7
213803,213810,213813,3,7
213803,213811,213813,2,8
213803,213809,213813,4,6
213803,213809,213813,4,6
213803,213809,213813,4,6
213803,213811,213813,2,8
213803,213810,213814,4,7
213803,213809,213813,4,6
213803,213810,213814,4,7
213803,213810,213814,4,7
213803,213811,213814,3,8
213803,213809,213813,4,6
213803,213810,213814,4,7
213803,213810,213813,3,7
213803,213811,213814,3,8
213803,213811,213814,3,8
213803,213811,213814,3,8
213803,213811,213815,4,8
213803,213812,213814,2,9
213808,213809,213823,14,1
213803,213804,213841,37,1
213030,213037,213852,815,7
213855,213855,213856,1,0
213855,213855,213857,2,0
213855,213855,213857,2,0
213855,213855,213858,3,0
213855,213855,213858,3,0
213855,213855,213858,3,0
213855,213855,213859,4,0
213855,213855,213858,3,0
213855,213855,213859,4,0
213855,213855,213858,3,0
213855,213855,213858,3,0
213855,213855,213859,4,0
213855,213855,213859,4,0
213855,213855,213858,3,0
213855,213855,213858,3,0
213855,213855,213859,4,0
213855,213855,213859,4,0
213855,213855,213859,4,0
213855,213855,213860,5,0
213855,213855,213859,4,0
213855,213855,213860,5,0
213855,213855,213860,5,0
213855,213855,213859,4,0
213855,213855,213860,5,0
213855,213855,213860,5,0
213855,213855,213860,5,0
213855,213855,213859,4,0
213855,213857,213860,3,2
213855,213855,213860,5,0
213855,213855,213859,4,0
213855,213855,213860,5,0
213855,213855,213860,5,0
213855,213855,213860,5,0
213855,213855,213860,5,0
213855,213855,213860,5,0
213855,213855,213860,5,0
213855,213855,213860,5,0
213855,213856,213859,3,1
213855,213856,213859,3,1
213855,213855,213860,5,0
213855,213855,213861,6,0
213855,213855,213861,6,0
213855,213857,213861,4,2
213855,213857,213861,4,2
213855,213859,213861,2,4
213855,213859,213862,3,4
213855,213859,213862,3,4
213855,213859,213862,3,4
213855,213859,213862,3,4
213855,213860,213862,2,5
213855,213858,213862,4,3
213855,213859,213863,4,4
213855,213859,213863,4,4
213855,213855,213863,8,0
213855,213859,213863,4,4
213855,213860,213863,3,5
213855,213858,213863,5,3
213855,213858,213863,5,3
213855,213860,213863,3,5
213855,213860,213863,3,5
213855,213859,213863,4,4
213855,213859,213863,4,4
213855,213860,213864,4,5
213855,213860,213863,3,5
213855,213860,213864,4,5
213855,213860,213864,4,5
213855,213860,213864,4,5
213855,213860,213864,4,5
213855,213860,213864,4,5
213855,213860,213864,4,5
213855,213860,213864,4,5
213855,213861,213864,3,6
213855,213860,213864,4,5
213855,213860,213865,5,5
213855,213860,213865,5,5
213855,213862,213865,3,7
213855,213860,213865,5,5
213855,213861,213865,4,6
213855,213860,213865,5,5
213855,213861,213865,4,6
213855,213855,213865,10,0
213855,213862,213866,4,7
213855,213862,213865,3,7
213855,213856,213866,10,1
213855,213863,213866,3,8
213855,213860,213866,6,5
213855,213860,213866,6,5
213855,213861,213866,5,6
213855,213864,213866,2,9
213855,213862,213866,4,7
213855,213864,213866,2,9
213855,213864,213866,2,9
213855,213863,213866,3,8
213855,213863,213866,3,8
213855,213864,213866,2,9
213855,213861,213866,5,6
213855,213864,213866,2,9
213855,213863,213867,4,8
213855,213862,213867,5,7
213855,213863,213867,4,8
213855,213864,213867,3,9
213855,213864,213867,3,9
213855,213863,213867,4,8
213855,213864,213867,3,9
213855,213865,213867,2,10
213855,213864,213867,3,9
213855,213865,213867,2,10
213855,213864,213867,3,9
213855,213864,213867,3,9
213855,213865,213867,2,10
213855,213864,213867,3,9
213855,213865,213868,3,10
213855,213865,213868,3,10
213855,213865,213868,3,10
213855,213866,213868,2,11
213855,213865,213868,3,10
213855,213865,213868,3,10
213855,213865,213869,4,10
213855,213865,213869,4,10
213855,213862,213869,7,7
213859,213859,213875,16,0
213908,213909,213924,15,1
213077,213085,213926,841,8
213927,213927,213929,2,0
213927,213927,213929,2,0
213927,213927,213929,2,0
213927,213927,213930,3,0
213927,213927,213931,4,0
213927,213928,213931,3,1
213927,213927,213931,4,0
213927,213927,213931,4,0
213927,213927,213931,4,0
213927,213928,213931,3,1
213927,213927,213931,4,0
213927,213927,213931,4,0
213927,213927,213931,4,0
213927,213927,213931,4,0
213927,213927,213931,4,0
213927,213927,213931,4,0
213927,213929,213931,2,2
213927,213927,213931,4,0
213927,213927,213931,4,0
213927,213927,213931,4,0
213927,213927,213931,4,0
213927,213927,213931,4,0
213927,213927,213932,5,0
213927,213928,213932,4,1
213927,213927,213931,4,0
213927,213927,213931,4,0
213927,213927,213931,4,0
213927,213928,213932,4,1
213927,213928,213932,4,1
213927,213928,213931,3,1
213927,213928,213932,4,1
213927,213927,213932,5,0
213927,213927,213932,5,0
213927,213927,213932,5,0
213927,213927,213932,5,0
213927,213929,213932,3,2
213927,213927,213932,5,0
213927,213927,213932,5,0
213927,213927,213932,5,0
213927,213927,213932,5,0
213927,213927,213932,5,0
213927,213927,213933,6,0
213927,213930,213933,3,3
213927,213927,213933,6,0
213927,213931,213934,3,4
213927,213931,213933,2,4
213927,213932,213933,1,5
213927,213931,213934,3,4
213927,213931,213934,3,4
213927,213931,213934,3,4
213927,213931,213934,3,4
213927,213931,213934,3,4
213927,213930,213934,4,3
213927,213931,213935,4,4
213927,213931,213935,4,4
213927,213931,213935,4,4
213927,213931,213935,4,4
213927,213933,213935,2,6
213927,213931,213936,5,4
213927,213933,213935,2,6
213927,213931,213936,5,4
213927,213932,213935,3,5
213927,213932,213935,3,5
213927,213933,213936,3,6
213927,213932,213935,3,5
213927,213932,213936,4,5
213927,213931,213936,5,4
213927,213933,213936,3,6
213927,213933,213936,3,6
213927,213933,213936,3,6
213927,213933,213936,3,6
213927,213933,213936,3,6
213927,213933,213936,3,6
213927,213933,213936,3,6
213927,213933,213937,4,6
213927,213933,213936,3,6
213927,213933,213936,3,6
213927,213931,213936,5,4
213927,213933,213937,4,6
213927,213933,213936,3,6
213927,213933,213936,3,6
213927,213933,213937,4,6
213927,213934,213938,4,7
213927,213933,213937,4,6
213927,213934,213937,3,7
213927,213934,213937,3,7
213927,213934,213937,3,7
213927,213935,213938,3,8
213927,213936,213938,2,9
213927,213936,213938,2,9
213927,213935,213938,3,8
213927,213936,213938,2,9
213927,213934,213938,4,7
213927,213936,213938,2,9
213927,213935,213939,4,8
213927,213935,213938,3,8
213927,213936,213938,2,9
213927,213935,213938,3,8
213927,213935,213938,3,8
213927,213935,213939,4,8
213927,213936,213939,3,9
213927,213935,213939,4,8
213927,213937,213940,3,10
213927,213936,213939,3,9
213927,213936,213939,3,9
213927,213936,213939,3,9
213927,213936,213939,3,9
213927,213937,213940,3,10
213927,213937,213940,3,10
213927,213937,213941,4,10
213927,213937,213940,3,10
213927,213937,213940,3,10
213927,213937,213940,3,10
213927,213937,213940,3,10
213927,213937,213940,3,10
213927,213937,213940,3,10
213927,213937,213940,3,10
213927,213937,213941,4,10
213927,213937,213941,4,10
213927,213937,213942,5,10
213962,213964,213981,17,2
213087,213099,213988,889,12
213989,213989,213991,2,0
213989,213989,213991,2,0
213989,213989,213993,4,0
213989,213989,213993,4,0
213989,213989,213993,4,0
213989,213989,213992,3,0
213989,213989,213992,3,0
213989,213989,213993,4,0
213989,213989,213993,4,0
213989,213989,213992,3,0
213989,213989,213993,4,0
213989,213989,213992,3,0
213989,213989,213994,5,0
213989,213989,213994,5,0
213989,213989,213993,4,0
213989,213989,213994,5,0
213989,213989,213994,5,0
213989,213989,213994,5,0
213989,213989,213993,4,0
213989,213989,213994,5,0
213989,213990,213993,3,1
213989,213990,213994,4,1
213989,213990,213994,4,1
213989,213990,213994,4,1
213989,213989,213993,4,0
213989,213989,213994,5,0
213989,213991,213993,2,2
213989,213989,213994,5,0
213989,213989,213993,4,0
213989,213989,213994,5,0
213989,213989,213994,5,0
213989,213989,213994,5,0
213989,213989,213994,5,0
213989,213989,213994,5,0
213989,213989,213994,5,0
213989,213989,213993,4,0
213989,213989,213994,5,0
213989,213989,213994,5,0
213989,213989,213994,5,0
213989,213990,213995,5,1
213989,213989,213994,5,0
213989,213989,213994,5,0
213989,213991,213994,3,2
213989,213993,213996,3,4
213989,213993,213996,3,4
213989,213994,213997,3,5
213989,213994,213997,3,5
213989,213994,213997,3,5
213989,213994,213996,2,5
213989,213994,213997,3,5
213989,213993,213997,4,4
213989,213993,213997,4,4
213989,213994,213997,3,5
213989,213993,213997,4,4
213989,213993,213997,4,4
213989,213993,213997,4,4
213989,213993,213997,4,4
213989,213994,213997,3,5
213989,213994,213997,3,5
213989,213993,213997,4,4
213989,213994,213998,4,5
213989,213994,213997,3,5
213989,213994,213998,4,5
213989,213994,213998,4,5
213989,213994,213998,4,5
213989,213993,213997,4,4
213989,213994,213998,4,5
213989,213994,213998,4,5
213989,213994,213998,4,5
213989,213994,213998,4,5
213989,213994,213998,4,5
213989,213995,213999,4,6
213989,213994,213999,5,5
213989,213994,213998,4,5
213989,213994,213999,5,5
213989,213994,213999,5,5
213989,213994,213999,5,5
213989,213995,213999,4,6
213989,213994,213999,5,5
213989,213995,213999,4,6
213989,213994,213999,5,5
213989,213995,214000,5,6
213989,213994,214000,6,5
213989,213995,214000,5,6
213989,213997,214000,3,8
213989,213997,214000,3,8
213989,213998,214001,3,9
213989,213998,214000,2,9
213989,213998,214000,2,9
213989,213997,214001,4,8
213989,213997,214001,4,8
213989,213997,214001,4,8
213989,213997,214001,4,8
213989,213997,214001,4,8
213989,213997,214001,4,8
213989,213997,214001,4,8
213989,213999,214002,3,10
213989,213997,214001,4,8
213989,213999,214001,2,10
213989,213998,214001,3,9
213989,213998,214001,3,9
213989,213998,214002,4,9
213989,213998,214002,4,9
213989,213999,214002,3,10
213989,213999,214003,4,10
213989,213997,214002,5,8
213989,213999,214002,3,10
213989,213999,214002,3,10
213989,213999,214002,3,10
213989,213999,214002,3,10
213989,213999,214002,3,10
213989,214000,214002,2,11
213989,213999,214003,4,10
213989,214000,214003,3,11
213989,214000,214003,3,11
213989,213999,214003,4,10
213989,214000,214003,3,11
213989,214000,214003,3,11
213989,214000,214003,3,11
213989,214000,214004,4,11
213142,213152,214053,901,10
214057,214057,214060,3,0
214057,214057,214060,3,0
214057,214057,214059,2,0
214057,214057,214059,2,0
214057,214057,214061,4,0
214057,214057,214061,4,0
214057,214057,214061,4,0
214057,214057,214060,3,0
214057,214057,214061,4,0
214057,214057,214061,4,0
214057,214057,214061,4,0
214057,214057,214061,4,0
214057,214057,214060,3,0
214057,214057,214060,3,0
214057,214057,214060,3,0
214057,214057,214061,4,0
214057,214057,214061,4,0
214057,214057,214061,4,0
214057,214057,214061,4,0
214057,214057,214061,4,0
214057,214057,214061,4,0
214057,214057,214062,5,0
214057,214057,214062,5,0
214057,214057,214061,4,0
214057,214057,214062,5,0
214057,214057,214062,5,0
214057,214057,214062,5,0
214057,214060,214062,2,3
214057,214057,214061,4,0
214057,214057,214062,5,0
214057,214057,214062,5,0
214057,214057,214061,4,0
214057,214057,214061,4,0
214057,214057,214061,4,0
214057,214057,214061,4,0
214057,214057,214061,4,0
214057,214057,214062,5,0
214057,214057,214062,5,0
214057,214057,214062,5,0
214057,214057,214062,5,0
214057,214057,214062,5,0
214057,214061,214063,2,4
214057,214057,214062,5,0
214057,214060,214063,3,3
214057,214061,214063,2,4
214057,214061,214063,2,4
214057,214061,214064,3,4
214057,214060,214064,4,3
214057,214060,214063,3,3
214057,214061,214064,3,4
214057,214061,214064,3,4
214057,214062,214064,2,5
214057,214062,214065,3,5
214057,214061,214065,4,4
214057,214062,214064,2,5
214057,214061,214064,3,4
214057,214061,214064,3,4
214057,214061,214064,3,4
214057,214061,214065,4,4
214057,214062,214064,2,5
214057,214062,214065,3,5
214057,214062,214065,3,5
214057,214062,214065,3,5
214057,214062,214066,4,5
214057,214061,214066,5,4
214057,214062,214065,3,5
214057,214062,214066,4,5
214057,214062,214066,4,5
214057,214062,214065,3,5
214057,214061,214065,4,4
214057,214063,214065,2,6
214057,214063,214066,3,6
214057,214062,214066,4,5
214057,214062,214065,3,5
214057,214061,214065,4,4
214057,214062,214066,4,5
214057,214063,214066,3,6
214057,214062,214066,4,5
214057,214062,214066,4,5
214057,214063,214067,4,6
214057,214062,214067,5,5
214057,214065,214068,3,8
214057,214064,214068,4,7
214057,214063,214068,5,6
214057,214063,214067,4,6
214057,214065,214068,3,8
214057,214064,214067,3,7
214057,214064,214068,4,7
214057,214064,214068,4,7
214057,214063,214068,5,6
214057,214063,214067,4,6
214057,214064,214068,4,7
214057,214065,214069,4,8
214057,214065,214069,4,8
214057,214065,214069,4,8
214057,214066,214069,3,9
214057,214066,214069,3,9
214057,214066,214068,2,9
214057,214065,214069,4,8
214057,214065,214069,4,8
214057,214065,214068,3,8
214057,214066,214069,3,9
214057,214065,214068,3,8
214057,214065,214068,3,8
214057,214064,214068,4,7
214057,214064,214069,5,7
214057,214065,214069,4,8
214057,214066,214069,3,9
214057,214067,214070,3,10
214057,214066,214070,4,9
214057,214067,214069,2,10
214057,214066,214069,3,9
214057,214066,214070,4,9
214057,214067,214070,3,10
214057,214066,214070,4,9
214057,214066,214069,3,9
214057,214066,214070,4,9
214057,214065,214069,4,8
214057,214066,214070,4,9
214057,214066,214069,3,9
213255,213273,214076,803,18
213191,213202,214091,889,11
214103,214104,214107,3,1
214103,214104,214107,3,1
214103,214104,214107,3,1
214103,214104,214107,3,1
214103,214104,214107,3,1
214103,214104,214107,3,1
214103,214104,214107,3,1
214103,214104,214107,3,1
214103,214104,214107,3,1
214103,214104,214107,3,1
214103,214104,214107,3,1
214103,214104,214108,4,1
214103,214104,214107,3,1
214103,214104,214107,3,1
214103,214104,214108,4,1
214103,214104,214107,3,1
214103,214104,214107,3,1
214103,214104,214108,4,1
214103,214104,214108,4,1
214103,214104,214108,4,1
214103,214104,214108,4,1
214103,214104,214108,4,1
214103,214104,214108,4,1
214103,214104,214108,4,1
214103,214104,214108,4,1
214103,214104,214108,4,1
214103,214104,214108,4,1
214103,214104,214108,4,1
214103,214104,214109,5,1
214103,214104,214108,4,1
214103,214104,214108,4,1
214103,214104,214108,4,1
214103,214104,214108,4,1
214103,214104,214108,4,1
214103,214104,214108,4,1
214103,214104,214108,4,1
214103,214104,214108,4,1
214103,214104,214108,4,1
214103,214104,214108,4,1
214103,214104,214109,5,1
214103,214104,214109,5,1
214103,214104,214109,5,1
214103,214107,214109,2,4
214103,214108,214110,2,5
214103,214108,214110,2,5
214103,214108,214110,2,5
214103,214108,214111,3,5
214103,214108,214110,2,5
214103,214108,214112,4,5
214103,214108,214111,3,5
214103,214109,214111,2,6
214103,214108,214112,4,5
214103,214109,214112,3,6
214103,214108,214112,4,5
214103,214109,214112,3,6
214103,214108,214112,4,5
214103,214109,214112,3,6
214103,214108,214111,3,5
214103,214109,214111,2,6
214103,214108,214112,4,5
214103,214108,214111,3,5
214103,214109,214111,2,6
214103,214107,214111,4,4
214103,214108,214111,3,5
214103,214109,214112,3,6
214103,214108,214112,4,5
214103,214109,214113,4,6
214103,214109,214112,3,6
214103,214109,214112,3,6
214103,214109,214113,4,6
214103,214109,214113,4,6
214103,214109,214113,4,6
214103,214109,214112,3,6
214103,214109,214112,3,6
214103,214109,214113,4,6
214103,214109,214112,3,6
214103,214109,214113,4,6
214103,214109,214113,4,6
214103,214110,214114,4,7
214103,214109,214113,4,6
214103,214109,214113,4,6
214103,214110,214114,4,7
214103,214110,214114,4,7
214103,214110,214114,4,7
214103,214111,214115,4,8
214103,214112,214115,3,9
214103,214112,214115,3,9
214103,214109,214114,5,6
214103,214112,214115,3,9
214103,214112,214115,3,9
214103,214112,214115,3,9
214103,214111,214114,3,8
214103,214112,214115,3,9
214103,214111,214114,3,8
214103,214111,214115,4,8
214103,214112,214115,3,9
214103,214111,214115,4,8
214103,214112,214116,4,9
214103,214112,214116,4,9
214103,214112,214116,4,9
214103,214113,214115,2,10
214103,214112,214116,4,9
214103,214113,214116,3,10
214103,214112,214115,3,9
214103,214113,214116,3,10
214103,214113,214116,3,10
214103,214112,214115,3,9
214103,214112,214115,3,9
214103,214112,214116,4,9
214103,214112,214115,3,9
214103,214113,214116,3,10
214103,214113,214116,3,10
214103,214113,214116,3,10
214103,214113,214117,4,10
214103,214113,214116,3,10
214103,214113,214117,4,10
214104,214114,214117,3,10
214103,214113,214116,3,10
214104,214114,214117,3,10
214103,214113,214117,4,10
214103,214113,214116,3,10
214103,214113,214117,4,10
214104,214114,214118,4,10
214104,214114,214118,4,10
214104,214115,214118,3,11
214104,214114,214118,4,10
214104,214115,214119,4,11
214104,214115,214119,4,11
214104,214114,214118,4,10
214104,214115,214119,4,11
214104,214115,214118,3,11
214104,214115,214119,4,11
214104,214116,214119,3,12
214104,214115,214119,4,11
214104,214115,214119,4,11
214104,214115,214119,4,11
214104,214115,214119,4,11
214104,214115,214119,4,11
214104,214116,214120,4,12
214104,214117,214120,3,13
214104,214116,214120,4,12
214104,214116,214120,4,12
214104,214116,214120,4,12
214104,214116,214120,4,12
214104,214116,214120,4,12
214104,214117,214120,3,13
214104,214117,214120,3,13
214104,214116,214120,4,12
214104,214116,214120,4,12
214104,214115,214120,5,11
214104,214116,214120,4,12
214104,214117,214121,4,13
214104,214116,214121,5,12
214104,214116,214121,5,12
214104,214116,214121,5,12
214104,214117,214121,4,13
214104,214117,214121,4,13
214104,214116,214121,5,12
214104,214118,214121,3,14
214104,214120,214121,1,16
214104,214119,214122,3,15
214104,214119,214122,3,15
214104,214120,214122,2,16
214104,214117,214122,5,13
214104,214119,214122,3,15
214104,214119,214122,3,15
214104,214117,214122,5,13
214104,214117,214122,5,13
214104,214116,214122,6,12
214104,214117,214122,5,13
214104,214120,214122,2,16
214104,214119,214123,4,15
214104,214120,214122,2,16
214104,214120,214123,3,16
214104,214119,214123,4,15
214104,214119,214123,4,15
214104,214121,214123,2,17
214104,214120,214123,3,16
214104,214122,214124,2,18
214104,214118,214123,5,14
214104,214121,214124,3,17
214104,214121,214124,3,17
214104,214118,214123,5,14
214104,214119,214123,4,15
214104,214121,214123,2,17
214104,214121,214123,2,17
214104,214119,214124,5,15
214104,214119,214124,5,15
214104,214119,214124,5,15
214104,214121,214124,3,17
214104,214121,214124,3,17
214104,214121,214124,3,17
214104,214121,214124,3,17
214104,214122,214124,2,18
214104,214121,214124,3,17
214104,214122,214125,3,18
214104,214121,214124,3,17
214104,214122,214125,3,18
214104,214123,214125,2,19
214104,214122,214125,3,18
214104,214123,214125,2,19
214104,214122,214125,3,18
214104,214122,214126,4,18
214104,214122,214125,3,18
214104,214122,214126,4,18
214104,214122,214126,4,18
214104,214123,214126,3,19
214104,214123,214126,3,19
214104,214124,214127,3,20
214104,214123,214126,3,19
214104,214124,214126,2,20
214104,214123,214126,3,19
214104,214123,214126,3,19
214104,214123,214126,3,19
214104,214123,214126,3,19
214104,214124,214127,3,20
214104,214124,214126,2,20
214104,214122,214126,4,18
214104,214123,214126,3,19
214104,214123,214126,3,19
214104,214124,214126,2,20
214104,214125,214127,2,21
214104,214124,214127,3,20
214104,214124,214127,3,20
214104,214124,214127,3,20
214104,214124,214127,3,20
214104,214125,214127,2,21
214104,214125,214127,2,21
214104,214124,214127,3,20
214104,214124,214127,3,20
214104,214125,214127,2,21
214104,214124,214127,3,20
214104,214125,214128,3,21
214104,214125,214127,2,21
214104,214125,214128,3,21
214104,214125,214127,2,21
214104,214124,214128,4,20
214104,214125,214128,3,21
214104,214126,214128,2,22
214104,214125,214128,3,21
213241,213249,214130,881,8
214103,214104,214137,33,1
214152,214152,214156,4,0
214152,214153,214156,3,1
214152,214152,214156,4,0
214152,214152,214156,4,0
214152,214152,214156,4,0
214152,214152,214156,4,0
214152,214152,214156,4,0
214152,214152,214156,4,0
214152,214152,214156,4,0
214152,214152,214156,4,0
214152,214152,214156,4,0
214152,214152,214156,4,0
214152,214152,214156,4,0
214152,214152,214156,4,0
214152,214152,214156,4,0
214152,214152,214156,4,0
214152,214152,214157,5,0
214152,214152,214157,5,0
214152,214152,214157,5,0
214152,214152,214157,5,0
214152,214152,214157,5,0
214152,214152,214157,5,0
214152,214152,214157,5,0
214152,214152,214157,5,0
214152,214152,214157,5,0
214152,214152,214157,5,0
214152,214152,214157,5,0
214152,214152,214157,5,0
214152,214152,214157,5,0
214152,214152,214157,5,0
214152,214152,214157,5,0
214152,214152,214157,5,0
214152,214152,214157,5,0
214152,214152,214157,5,0
214152,214152,214157,5,0
214152,214152,214157,5,0
214152,214152,214157,5,0
214152,214152,214158,6,0
214152,214152,214158,6,0
214152,214157,214159,2,5
214152,214156,214160,4,4
214152,214158,214160,2,6
214152,214157,214159,2,5
214152,214157,214159,2,5
214152,214157,214160,3,5
214152,214157,214160,3,5
214152,214158,214160,2,6
214152,214157,214161,4,5
214152,214156,214160,4,4
214152,214157,214160,3,5
214152,214156,214160,4,4
214152,214156,214160,4,4
214152,214156,214161,5,4
214152,214158,214160,2,6
214152,214156,214160,4,4
214152,214156,214160,4,4
214152,214156,214161,5,4
214152,214157,214160,3,5
214152,214157,214160,3,5
214152,214158,214160,2,6
214152,214158,214160,2,6
214152,214157,214161,4,5
214152,214157,214160,3,5
214152,214158,214160,2,6
214152,214157,214160,3,5
214152,214158,214161,3,6
214152,214158,214161,3,6
214152,214158,214161,3,6
214152,214158,214161,3,6
214152,214158,214162,4,6
214152,214158,214161,3,6
214152,214158,214162,4,6
214152,214153,214162,9,1
214152,214158,214162,4,6
214152,214159,214162,3,7
214152,214159,214162,3,7
214152,214161,214164,3,9
214152,214161,214164,3,9
214152,214161,214164,3,9
214152,214160,214164,4,8
214152,214161,214164,3,9
214152,214161,214163,2,9
214152,214161,214163,2,9
214152,214160,214163,3,8
214152,214160,214164,4,8
214152,214161,214164,3,9
214152,214161,214164,3,9
214152,214153,214164,11,1
214152,214160,214164,4,8
214152,214161,214164,3,9
214152,214161,214164,3,9
214152,214161,214164,3,9
214152,214161,214164,3,9
214152,214161,214164,3,9
214152,214160,214164,4,8
214152,214161,214164,3,9
214152,214161,214164,3,9
214152,214161,214164,3,9
214152,214163,214165,2,11
214152,214163,214165,2,11
214152,214161,214164,3,9
214152,214161,214165,4,9
214152,214162,214164,2,10
214152,214161,214164,3,9
214152,214162,214164,2,10
214152,214161,214164,3,9
214152,214162,214164,2,10
214152,214162,214165,3,10
214152,214162,214165,3,10
214152,214162,214165,3,10
214152,214162,214165,3,10
214152,214163,214165,2,11
214152,214162,214166,4,10
214152,214163,214166,3,11
214152,214164,214167,3,12
214152,214164,214166,2,12
214152,214164,214166,2,12
214152,214158,214172,14,6
214152,214156,214173,17,4
214152,214158,214173,15,6
213313,213351,214236,885,38
214239,214239,214242,3,0
214239,214239,214242,3,0
214239,214239,214242,3,0
214239,214239,214243,4,0
214239,214239,214243,4,0
214239,214239,214243,4,0
214239,214239,214243,4,0
214239,214239,214243,4,0
214239,214239,214243,4,0
214239,214239,214243,4,0
214239,214239,214243,4,0
214239,214239,214243,4,0
214239,214239,214243,4,0
214239,214239,214243,4,0
214239,214239,214243,4,0
214239,214239,214243,4,0
214239,214239,214243,4,0
214239,214239,214243,4,0
214239,214239,214243,4,0
214239,214239,214244,5,0
214239,214239,214244,5,0
214239,214239,214243,4,0
214239,214239,214244,5,0
214239,214239,214243,4,0
214239,214239,214244,5,0
214239,214239,214244,5,0
214239,214239,214244,5,0
214239,214239,214244,5,0
214239,214239,214244,5,0
214239,214239,214244,5,0
214239,214239,214244,5,0
214239,214239,214244,5,0
214239,214239,214244,5,0
214239,214239,214244,5,0
214239,214239,214244,5,0
214239,214239,214244,5,0
214239,214239,214244,5,0
214239,214239,214244,5,0
214239,214239,214244,5,0
214239,214239,214244,5,0
214239,214239,214245,6,0
214239,214244,214245,1,5
214239,214244,214245,1,5
214239,214244,214245,1,5
214239,214243,214246,3,4
214239,214245,214246,1,6
214239,214242,214246,4,3
214239,214244,214246,2,5
214239,214244,214246,2,5
214239,214242,214246,4,3
214239,214244,214246,2,5
214239,214244,214248,4,5
214239,214244,214247,3,5
214239,214244,214247,3,5
214239,214245,214247,2,6
214239,214244,214247,3,5
214239,214245,214247,2,6
214239,214243,214248,5,4
214239,214244,214247,3,5
214239,214245,214247,2,6
214239,214245,214247,2,6
214239,214245,214248,3,6
214239,214243,214248,5,4
214239,214244,214248,4,5
214239,214245,214248,3,6
214239,214245,214248,3,6
214239,214245,214248,3,6
214239,214244,214248,4,5
214239,214245,214248,3,6
214239,214243,214248,5,4
214239,214244,214248,4,5
214239,214245,214249,4,6
214239,214245,214248,3,6
214239,214245,214249,4,6
214239,214245,214248,3,6
214239,214245,214248,3,6
214239,214247,214249,2,8
214239,214245,214249,4,6
214239,214245,214249,4,6
214239,214245,214249,4,6
214239,214246,214249,3,7
214239,214246,214249,3,7
214239,214246,214250,4,7
214239,214245,214249,4,6
214239,214247,214250,3,8
214239,214245,214250,5,6
214239,214247,214249,2,8
214239,214247,214249,2,8
214239,214247,214250,3,8
214239,214248,214250,2,9
214239,214247,214250,3,8
214239,214248,214251,3,9
214239,214248,214251,3,9
214239,214248,214251,3,9
214239,214246,214250,4,7
214239,214247,214250,3,8
214239,214248,214251,3,9
214239,214248,214251,3,9
214239,214249,214251,2,10
214239,214249,214251,2,10
214239,214248,214251,3,9
214239,214248,214251,3,9
214239,214249,214252,3,10
214239,214248,214251,3,9
214239,214249,214252,3,10
214239,214249,214252,3,10
214239,214249,214252,3,10
214239,214248,214251,3,9
214239,214248,214251,3,9
214239,214249,214252,3,10
214239,214249,214252,3,10
214239,214250,214252,2,11
214239,214249,214252,3,10
214239,214249,214253,4,10
214239,214250,214252,2,11
214239,214249,214252,3,10
214239,214250,214252,2,11
214239,214249,214252,3,10
214239,214249,214252,3,10
214239,214249,214253,4,10
213330,213380,214254,874,50
213334,213380,214257,877,46
213323,213370,214268,898,47
214211,214211,214272,61,0
213327,213380,214272,892,53
214286,214286,214289,3,0
214286,214286,214289,3,0
214286,214286,214289,3,0
214286,214286,214288,2,0
214286,214286,214290,4,0
214286,214286,214290,4,0
214286,214286,214290,4,0
214286,214286,214290,4,0
214286,214286,214290,4,0
214286,214286,214290,4,0
214286,214286,214290,4,0
214286,214286,214290,4,0
214286,214286,214290,4,0
214286,214286,214289,3,0
214286,214286,214289,3,0
214286,214286,214290,4,0
214286,214286,214289,3,0
214286,214286,214290,4,0
214286,214286,214289,3,0
214286,214286,214290,4,0
214286,214286,214289,3,0
214286,214286,214290,4,0
214286,214286,214290,4,0
214286,214286,214290,4,0
214286,214286,214290,4,0
214286,214286,214290,4,0
214286,214286,214291,5,0
214286,214286,214291,5,0
214286,214286,214291,5,0
214286,214286,214291,5,0
214286,214286,214291,5,0
214286,214286,214291,5,0
214286,214286,214290,4,0
214286,214286,214290,4,0
214286,214286,214291,5,0
214286,214286,214291,5,0
214286,214286,214290,4,0
214286,214286,214291,5,0
214286,214286,214290,4,0
214286,214286,214290,4,0
214286,214286,214291,5,0
214286,214286,214291,5,0
214286,214286,214290,4,0
214286,214286,214291,5,0
214286,214290,214292,2,4
214286,214290,214292,2,4
214286,214290,214292,2,4
214286,214290,214292,2,4
214286,214290,214292,2,4
214286,214290,214292,2,4
214286,214290,214292,2,4
214286,214290,214292,2,4
214286,214289,214293,4,3
214286,214289,214293,4,3
214286,214290,214293,3,4
214286,214290,214293,3,4
214286,214289,214293,4,3
214286,214290,214293,3,4
214286,214290,214294,4,4
214286,214291,214294,3,5
214286,214290,214294,4,4
214286,214290,214294,4,4
214286,214290,214294,4,4
214286,214289,214294,5,3
214286,214290,214294,4,4
214286,214290,214294,4,4
214286,214290,214295,5,4
214286,214290,214294,4,4
214286,214290,214294,4,4
214286,214290,214294,4,4
214286,214290,214295,5,4
214286,214291,214295,4,5
214286,214292,214295,3,6
214286,214291,214294,3,5
214286,214292,214295,3,6
214286,214292,214295,3,6
214286,214292,214296,4,6
214286,214293,214296,3,7
214286,214292,214295,3,6
214286,214292,214295,3,6
214286,214292,214295,3,6
214286,214292,214295,3,6
214286,214292,214295,3,6
214286,214293,214296,3,7
214286,214293,214295,2,7
214286,214294,214297,3,8
214286,214292,214296,4,6
214286,214294,214296,2,8
214286,214294,214296,2,8
214286,214295,214297,2,9
214286,214293,214296,3,7
214286,214293,214296,3,7
214286,214292,214297,5,6
214286,214292,214296,4,6
214286,214293,214296,3,7
214286,214294,214297,3,8
214286,214295,214297,2,9
214286,214295,214298,3,9
214286,214295,214297,2,9
214286,214295,214297,2,9
214286,214295,214298,3,9
214286,214294,214297,3,8
214286,214295,214298,3,9
214286,214293,214297,4,7
214286,214294,214297,3,8
214286,214294,214297,3,8
214286,214296,214298,2,10
214286,214296,214298,2,10
214286,214296,214298,2,10
214286,214294,214298,4,8
214286,214296,214298,2,10
214286,214295,214298,3,9
214286,214296,214298,2,10
214286,214295,214298,3,9
214286,214296,214299,3,10
214286,214296,214299,3,10
214286,214295,214298,3,9
214286,214296,214299,3,10
214286,214298,214299,1,12
214286,214296,214299,3,10
214286,214296,214300,4,10
214286,214296,214300,4,10
214286,214298,214300,2,12
214286,214298,214300,2,12
214286,214296,214300,4,10
214286,214296,214299,3,10
214286,214297,214299,2,11
214286,214296,214300,4,10
214286,214298,214301,3,12
214286,214298,214300,2,12
214286,214297,214301,4,11
214286,214298,214301,3,12
214286,214297,214300,3,11
214286,214297,214301,4,11
214286,214297,214300,3,11
214286,214296,214300,4,10
214286,214298,214301,3,12
214286,214299,214301,2,13
214286,214299,214301,2,13
214286,214297,214301,4,11
214286,214298,214301,3,12
214286,214297,214301,4,11
214286,214298,214301,3,12
214286,214298,214302,4,12
214286,214298,214301,3,12
214286,214297,214301,4,11
214286,214301,214302,1,15
214286,214300,214302,2,14
214286,214297,214302,5,11
214286,214297,214302,5,11
214286,214299,214302,3,13
214286,214299,214302,3,13
214286,214299,214302,3,13
214286,214299,214302,3,13
214286,214300,214302,2,14
214286,214299,214302,3,13
214286,214301,214303,2,15
214286,214299,214303,4,13
214286,214299,214303,4,13
214286,214299,214303,4,13
214286,214299,214303,4,13
214286,214299,214303,4,13
214286,214300,214303,3,14
214286,214301,214302,1,15
214286,214301,214303,2,15
214286,214302,214303,1,16
214286,214302,214304,2,16
214286,214301,214303,2,15
214286,214301,214303,2,15
214286,214301,214303,2,15
214286,214301,214303,2,15
214286,214300,214304,4,14
214286,214300,214304,4,14
214286,214301,214304,3,15
214286,214302,214305,3,16
214286,214302,214304,2,16
214286,214300,214305,5,14
214286,214300,214304,4,14
214286,214302,214305,3,16
214286,214302,214305,3,16
214286,214303,214305,2,17
214286,214300,214304,4,14
214286,214300,214305,5,14
214286,214301,214305,4,15
214286,214302,214306,4,16
214286,214302,214306,4,16
214286,214302,214306,4,16
214286,214302,214306,4,16
214286,214303,214306,3,17
214286,214302,214305,3,16
214286,214303,214306,3,17
214286,214303,214306,3,17
214286,214302,214306,4,16
214286,214302,214306,4,16
214286,214302,214306,4,16
214286,214303,214306,3,17
214286,214303,214306,3,17
214286,214303,214306,3,17
214286,214303,214306,3,17
214286,214303,214307,4,17
214286,214304,214307,3,18
214286,214303,214307,4,17
214286,214303,214306,3,17
214286,214303,214307,4,17
214286,214303,214307,4,17
214286,214304,214307,3,18
214286,214305,214308,3,19
214286,214303,214307,4,17
214286,214304,214308,4,18
214286,214304,214307,3,18
214286,214305,214308,3,19
214286,214305,214308,3,19
214286,214304,214307,3,18
214286,214306,214308,2,20
214286,214304,214307,3,18
214286,214305,214308,3,19
214286,214305,214309,4,19
214286,214305,214308,3,19
214286,214305,214308,3,19
214286,214304,214308,4,18
214286,214306,214308,2,20
214286,214304,214308,4,18
214286,214306,214308,2,20
214286,214305,214309,4,19
214286,214306,214309,3,20
214286,214306,214309,3,20
214286,214306,214309,3,20
214286,214305,214309,4,19
214286,214307,214309,2,21
214286,214307,214310,3,21
214286,214307,214309,2,21
214286,214307,214309,2,21
214286,214307,214310,3,21
214286,214307,214309,2,21
214290,214307,214310,3,17
214290,214307,214310,3,17
214286,214306,214310,4,20
214290,214309,214311,2,19
214290,214309,214310,1,19
214286,214307,214310,3,21
214290,214307,214310,3,17
214290,214307,214310,3,17
214290,214308,214311,3,18
214290,214309,214311,2,19
214290,214310,214311,1,20
214290,214307,214311,4,17
214290,214307,214311,4,17
214290,214308,214311,3,18
214290,214308,214311,3,18
214290,214309,214312,3,19
214290,214308,214311,3,18
214290,214309,214311,2,19
214290,214310,214312,2,20
214290,214309,214312,3,19
214290,214308,214312,4,18
214290,214309,214311,2,19
214290,214308,214312,4,18
214290,214308,214312,4,18
214290,214308,214312,4,18
214290,214309,214312,3,19
214290,214308,214312,4,18
214290,214310,214312,2,20
214290,214307,214312,5,17
214290,214309,214312,3,19
214290,214310,214312,2,20
214290,214309,214312,3,19
214290,214310,214312,2,20
214290,214309,214312,3,19
214286,214311,214313,2,25
214290,214311,214314,3,21
214290,214311,214314,3,21
214290,214310,214313,3,20
214290,214310,214314,4,20
214290,214310,214313,3,20
214290,214310,214314,4,20
214290,214310,214313,3,20
214290,214311,214313,2,21
214290,214312,214313,1,22
214290,214311,214313,2,21
214290,214312,214314,2,22
214290,214312,214313,1,22
214290,214312,214314,2,22
214290,214312,214313,1,22
214290,214312,214314,2,22
214290,214311,214315,4,21
214290,214313,214315,2,23
214290,214311,214314,3,21
214290,214311,214314,3,21
214286,214311,214315,4,25
214286,214311,214315,4,25
214290,214312,214314,2,22
214290,214312,214314,2,22
214290,214312,214314,2,22
214290,214311,214315,4,21
214290,214311,214315,4,21
214290,214312,214314,2,22
214290,214312,214315,3,22
214290,214312,214315,3,22
214290,214312,214315,3,22
214290,214312,214315,3,22
214290,214312,214315,3,22
214290,214313,214315,2,23
214286,214311,214315,4,25
214290,214313,214316,3,23
214290,214312,214316,4,22
214290,214313,214316,3,23
214290,214313,214317,4,23
214290,214313,214317,4,23
214290,214314,214316,2,24
214290,214312,214316,4,22
214290,214314,214317,3,24
214290,214313,214316,3,23
214290,214313,214317,4,23
214290,214314,214317,3,24
214290,214315,214317,2,25
214290,214313,214317,4,23
214290,214315,214317,2,25
214290,214315,214318,3,25
214290,214315,214318,3,25
214290,214314,214317,3,24
214290,214314,214318,4,24
214290,214315,214318,3,25
214290,214314,214318,4,24
214290,214315,214318,3,25
214290,214315,214318,3,25
214290,214314,214317,3,24
214290,214314,214318,4,24
214290,214315,214318,3,25
214290,214315,214318,3,25
214290,214314,214318,4,24
214290,214314,214318,4,24
214290,214314,214318,4,24
214290,214315,214318,3,25
214290,214317,214319,2,27
214290,214314,214318,4,24
214290,214316,214319,3,26
214290,214314,214319,5,24
214290,214315,214319,4,25
214290,214316,214319,3,26
214290,214316,214319,3,26
214290,214315,214318,3,25
214290,214316,214319,3,26
214290,214314,214319,5,24
214290,214314,214319,5,24
214290,214316,214319,3,26
214290,214317,214319,2,27
214290,214317,214319,2,27
214290,214317,214320,3,27
214290,214317,214320,3,27
214290,214316,214319,3,26
214290,214317,214320,3,27
214290,214316,214319,3,26
214290,214316,214320,4,26
214290,214317,214320,3,27
214290,214318,214321,3,28
214290,214318,214320,2,28
214290,214317,214321,4,27
214293,214319,214321,2,26
214290,214317,214320,3,27
214290,214317,214320,3,27
214290,214318,214321,3,28
214293,214319,214322,3,26
214293,214318,214322,4,25
214293,214318,214322,4,25
214293,214319,214322,3,26
214293,214319,214322,3,26
214293,214318,214322,4,25
214293,214318,214322,4,25
214293,214319,214322,3,26
214293,214318,214322,4,25
214293,214319,214322,3,26
214293,214319,214322,3,26
214293,214319,214322,3,26
214293,214319,214323,4,26
214293,214319,214323,4,26
214293,214320,214322,2,27
214293,214320,214322,2,27
214293,214320,214323,3,27
214293,214319,214323,4,26
214293,214319,214323,4,26
214293,214319,214322,3,26
214293,214320,214323,3,27
214293,214320,214323,3,27
214293,214320,214323,3,27
214293,214318,214323,5,25
214293,214318,214323,5,25
214293,214319,214323,4,26
214293,214319,214323,4,26
214293,214319,214323,4,26
214293,214319,214323,4,26
214293,214319,214324,5,26
214293,214322,214324,2,29
214293,214320,214324,4,27
214293,214321,214324,3,28
214293,214319,214324,5,26
214293,214319,214324,5,26
214293,214322,214324,2,29
214293,214323,214325,2,30
214293,214322,214325,3,29
214293,214323,214324,1,30
214293,214321,214325,4,28
214293,214321,214325,4,28
214293,214323,214325,2,30
214293,214323,214325,2,30
214293,214323,214325,2,30
214293,214323,214325,2,30
214293,214320,214324,4,27
214293,214321,214325,4,28
214293,214321,214325,4,28
214293,214322,214324,2,29
214293,214320,214325,5,27
214293,214323,214325,2,30
214293,214323,214325,2,30
214293,214323,214326,3,30
214293,214323,214326,3,30
214293,214323,214325,2,30
214293,214322,214326,4,29
214293,214322,214326,4,29
214293,214322,214326,4,29
214293,214324,214326,2,31
214293,214324,214327,3,31
214293,214323,214327,4,30
214293,214323,214326,3,30
214293,214322,214327,5,29
214293,214324,214327,3,31
214293,214325,214327,2,32
214293,214324,214327,3,31
214293,214324,214327,3,31
214293,214324,214328,4,31
214293,214324,214327,3,31
214293,214324,214327,3,31
214293,214324,214328,4,31
214293,214325,214328,3,32
214293,214325,214328,3,32
214293,214324,214328,4,31
214293,214325,214328,3,32
214293,214325,214328,3,32
214293,214326,214328,2,33
214293,214326,214329,3,33
214293,214326,214329,3,33
214293,214324,214328,4,31
214293,214325,214329,4,32
214293,214325,214328,3,32
214293,214325,214328,3,32
214293,214325,214328,3,32
214293,214325,214329,4,32
214293,214325,214328,3,32
214293,214322,214329,7,29
214293,214322,214329,7,29
214293,214326,214329,3,33
214293,214328,214330,2,35
214293,214325,214329,4,32
214293,214327,214329,2,34
214293,214325,214329,4,32
214293,214326,214329,3,33
214293,214327,214329,2,34
214293,214327,214329,2,34
214293,214327,214329,2,34
214293,214327,214329,2,34
214293,214328,214330,2,35
214293,214327,214329,2,34
214293,214326,214329,3,33
214293,214327,214330,3,34
214293,214327,214330,3,34
214293,214326,214330,4,33
214293,214328,214330,2,35
214293,214327,214330,3,34
214293,214328,214330,2,35
214293,214328,214331,3,35
214293,214328,214331,3,35
214293,214327,214331,4,34
214293,214328,214330,2,35
214293,214329,214331,2,36
214293,214329,214331,2,36
214293,214329,214331,2,36
214293,214328,214331,3,35
214293,214328,214331,3,35
214293,214329,214332,3,36
214293,214329,214332,3,36
214293,214329,214332,3,36
213429,213457,214364,907,28
213411,213447,214367,920,36
214369,214369,214372,3,0
214369,214369,214372,3,0
214369,214369,214371,2,0
214369,214369,214372,3,0
214369,214369,214372,3,0
214369,214369,214373,4,0
214369,214369,214372,3,0
214369,214369,214373,4,0
214369,214369,214372,3,0
214369,214369,214373,4,0
214369,214369,214372,3,0
214369,214369,214373,4,0
214369,214369,214373,4,0
214369,214369,214372,3,0
214369,214369,214373,4,0
214369,214369,214373,4,0
214369,214369,214373,4,0
214369,214369,214373,4,0
214369,214369,214373,4,0
214369,214369,214373,4,0
214369,214369,214373,4,0
214369,214369,214373,4,0
214369,214369,214373,4,0
214369,214369,214374,5,0
214369,214369,214373,4,0
214369,214369,214373,4,0
214369,214369,214374,5,0
214369,214369,214374,5,0
214369,214369,214374,5,0
214369,214369,214374,5,0
214369,214369,214373,4,0
214369,214369,214373,4,0
214369,214369,214374,5,0
214369,214369,214373,4,0
214369,214369,214373,4,0
214369,214369,214373,4,0
214369,214372,214374,2,3
214369,214373,214375,2,4
214369,214369,214374,5,0
214369,214369,214374,5,0
214369,214372,214375,3,3
214369,214372,214375,3,3
214369,214369,214373,4,0
214369,214369,214374,5,0
214369,214373,214375,2,4
214369,214373,214375,2,4
214369,214373,214375,2,4
214369,214373,214376,3,4
214369,214369,214375,6,0
214369,214373,214376,3,4
214369,214373,214375,2,4
214369,214373,214376,3,4
214369,214373,214376,3,4
214369,214373,214377,4,4
214369,214373,214377,4,4
214369,214374,214377,3,5
214369,214369,214377,8,0
214369,214373,214377,4,4
214369,214374,214377,3,5
214369,214373,214377,4,4
214369,214372,214377,5,3
214369,214372,214376,4,3
214369,214373,214377,4,4
214369,214373,214377,4,4
214369,214373,214376,3,4
214369,214374,214377,3,5
214369,214374,214377,3,5
214369,214374,214377,3,5
214369,214374,214378,4,5
214369,214374,214378,4,5
214369,214374,214378,4,5
214369,214375,214378,3,6
214369,214375,214378,3,6
214369,214375,214378,3,6
214369,214374,214377,3,5
214369,214374,214378,4,5
214369,214374,214378,4,5
214369,214375,214378,3,6
214369,214375,214378,3,6
214369,214375,214378,3,6
214369,214375,214378,3,6
214369,214375,214379,4,6
214369,214376,214379,3,7
214369,214375,214379,4,6
214369,214375,214379,4,6
214369,214376,214379,3,7
214369,214377,214379,2,8
214369,214377,214379,2,8
214369,214377,214379,2,8
214369,214374,214379,5,5
214369,214374,214379,5,5
214369,214376,214380,4,7
214369,214377,214380,3,8
214369,214377,214380,3,8
214369,214377,214380,3,8
214369,214376,214380,4,7
214369,214377,214380,3,8
214369,214376,214380,4,7
214369,214377,214380,3,8
214369,214377,214380,3,8
214369,214377,214380,3,8
214369,214377,214380,3,8
214369,214375,214379,4,6
214369,214375,214379,4,6
214369,214375,214379,4,6
214369,214377,214380,3,8
214369,214377,214381,4,8
214369,214378,214381,3,9
214369,214377,214380,3,8
214369,214378,214382,4,9
214369,214378,214381,3,9
214369,214378,214382,4,9
214369,214378,214381,3,9
214369,214378,214382,4,9
214369,214379,214381,2,10
214369,214379,214382,3,10
214369,214378,214381,3,9
214369,214377,214381,4,8
214369,214379,214381,2,10
214346,214346,214382,36,0
214381,214381,214384,3,0
214381,214381,214384,3,0
214381,214381,214384,3,0
214381,214381,214384,3,0
214369,214381,214384,3,12
214381,214381,214385,4,0
214381,214381,214385,4,0
214381,214381,214385,4,0
214381,214381,214385,4,0
214381,214381,214384,3,0
214381,214381,214385,4,0
214381,214381,214385,4,0
214381,214382,214385,3,1
214381,214382,214385,3,1
214381,214381,214384,3,0
214381,214381,214385,4,0
214381,214381,214385,4,0
214381,214381,214385,4,0
214381,214381,214385,4,0
214381,214381,214385,4,0
214381,214381,214386,5,0
214381,214381,214385,4,0
214381,214382,214386,4,1
214381,214382,214386,4,1
214381,214382,214385,3,1
214381,214381,214386,5,0
214381,214381,214386,5,0
214381,214382,214386,4,1
214381,214384,214386,2,3
214381,214382,214386,4,1
214381,214381,214386,5,0
214381,214381,214386,5,0
214381,214381,214386,5,0
214381,214381,214386,5,0
214381,214384,214386,2,3
214381,214381,214386,5,0
214381,214381,214385,4,0
214381,214382,214386,4,1
214381,214382,214386,4,1
214381,214384,214387,3,3
214381,214385,214387,2,4
214381,214385,214387,2,4
214381,214382,214387,5,1
214381,214384,214387,3,3
214381,214385,214387,2,4
214381,214385,214387,2,4
214381,214381,214388,7,0
214381,214381,214388,7,0
214381,214386,214388,2,5
214381,214385,214388,3,4
214381,214385,214388,3,4
214381,214385,214388,3,4
214381,214384,214388,4,3
214381,214385,214388,3,4
214381,214385,214388,3,4
214381,214385,214389,4,4
214381,214385,214389,4,4
214381,214381,214388,7,0
214381,214386,214389,3,5
214381,214386,214389,3,5
214381,214386,214389,3,5
214381,214386,214389,3,5
214381,214385,214389,4,4
214381,214387,214389,2,6
214381,214387,214389,2,6
214381,214387,214389,2,6
214381,214385,214389,4,4
214381,214386,214390,4,5
214381,214386,214390,4,5
214381,214386,214390,4,5
214381,214386,214390,4,5
214381,214386,214390,4,5
214381,214388,214391,3,7
214381,214385,214390,5,4
214381,214385,214390,5,4
214381,214386,214390,4,5
214381,214387,214390,3,6
214381,214387,214391,4,6
214381,214388,214390,2,7
214381,214387,214391,4,6
214381,214387,214390,3,6
214381,214388,214390,2,7
214381,214388,214391,3,7
214381,214387,214391,4,6
214381,214388,214391,3,7
214381,214389,214391,2,8
214381,214389,214391,2,8
214381,214389,214392,3,8
214381,214388,214391,3,7
214381,214388,214391,3,7
214381,214390,214391,1,9
214381,214389,214392,3,8
214381,214389,214392,3,8
214381,214390,214392,2,9
214381,214389,214392,3,8
214381,214389,214392,3,8
214381,214390,214393,3,9
214381,214389,214392,3,8
214381,214390,214392,2,9
214381,214389,214392,3,8
214381,214390,214393,3,9
214381,214388,214393,5,7
214381,214391,214393,2,10
214381,214391,214393,2,10
214381,214391,214393,2,10
214381,214390,214393,3,9
214381,214390,214393,3,9
214381,214390,214394,4,9
214381,214391,214393,2,10
214381,214388,214394,6,7
214381,214389,214394,5,8
214381,214389,214394,5,8
214381,214391,214394,3,10
214381,214391,214394,3,10
214381,214391,214394,3,10
214381,214391,214394,3,10
214381,214391,214394,3,10
214381,214391,214394,3,10
214381,214391,214394,3,10
214381,214391,214394,3,10
214381,214391,214394,3,10
213566,213603,214420,817,37
214429,214430,214433,3,1
214429,214430,214433,3,1
214429,214430,214434,4,1
214429,214430,214433,3,1
214429,214430,214433,3,1
214429,214430,214433,3,1
214429,214430,214433,3,1
214429,214430,214434,4,1
214429,214430,214433,3,1
214429,214430,214434,4,1
214429,214430,214433,3,1
214429,214430,214434,4,1
214429,214430,214434,4,1
214429,214430,214433,3,1
214429,214430,214433,3,1
214429,214430,214434,4,1
214429,214430,214433,3,1
214429,214430,214435,5,1
214429,214430,214434,4,1
214429,214430,214435,5,1
214429,214430,214434,4,1
214429,214430,214434,4,1
214429,214430,214434,4,1
214429,214430,214434,4,1
214429,214430,214434,4,1
214429,214430,214434,4,1
214429,214430,214435,5,1
214429,214430,214434,4,1
214429,214430,214435,5,1
214429,214430,214434,4,1
214429,214430,214434,4,1
214429,214430,214434,4,1
214429,214430,214434,4,1
214429,214430,214435,5,1
214429,214430,214435,5,1
214429,214433,214435,2,4
214429,214430,214435,5,1
214429,214434,214436,2,5
214429,214434,214436,2,5
214429,214434,214437,3,5
214429,214435,214437,2,6
214429,214434,214436,2,5
214429,214434,214437,3,5
214429,214430,214438,8,1
214429,214430,214437,7,1
214429,214434,214437,3,5
214429,214435,214437,2,6
214429,214434,214437,3,5
214429,214434,214438,4,5
214429,214434,214437,3,5
214429,214434,214437,3,5
214429,214434,214437,3,5
214429,214435,214438,3,6
214429,214435,214438,3,6
214429,214434,214437,3,5
214429,214435,214438,3,6
214429,214435,214438,3,6
214429,214434,214438,4,5
214429,214435,214439,4,6
214429,214435,214438,3,6
214429,214435,214438,3,6
214429,214435,214438,3,6
214429,214435,214438,3,6
214429,214435,214439,4,6
214429,214435,214438,3,6
214429,214436,214440,4,7
214429,214436,214439,3,7
214429,214436,214440,4,7
214429,214437,214440,3,8
214429,214437,214440,3,8
214429,214437,214440,3,8
214429,214435,214439,4,6
214429,214437,214440,3,8
214429,214435,214439,4,6
214429,214437,214440,3,8
214429,214437,214441,4,8
214429,214438,214441,3,9
214429,214436,214440,4,7
214429,214438,214441,3,9
214429,214435,214440,5,6
214429,214438,214441,3,9
214429,214438,214441,3,9
214429,214439,214441,2,10
214429,214439,214441,2,10
214429,214438,214441,3,9
214429,214438,214441,3,9
214429,214439,214442,3,10
214429,214438,214442,4,9
214429,214438,214442,4,9
214429,214438,214442,4,9
214429,214438,214442,4,9
214429,214438,214441,3,9
214429,214438,214442,4,9
214429,214438,214442,4,9
214429,214439,214442,3,10
214429,214440,214442,2,11
214429,214440,214443,3,11
214429,214439,214443,4,10
214429,214440,214443,3,11
214429,214439,214442,3,10
214429,214440,214443,3,11
214429,214440,214443,3,11
214429,214439,214443,4,10
214429,214439,214443,4,10
214429,214441,214444,3,12
214429,214441,214444,3,12
214429,214441,214443,2,12
214429,214439,214444,5,10
214429,214441,214444,3,12
214429,214440,214443,3,11
214429,214440,214444,4,11
214429,214440,214443,3,11
214429,214440,214444,4,11
214429,214440,214444,4,11
213487,213526,214451,925,39
214429,214430,214434,4,1
214429,214430,214434,4,1
214429,214430,214434,4,1
214429,214451,214454,3,22
214429,214451,214454,3,22
214429,214451,214454,3,22
214453,214453,214456,3,0
214453,214453,214456,3,0
214453,214453,214457,4,0
214453,214453,214457,4,0
214453,214453,214456,3,0
214453,214453,214456,3,0
214453,214453,214457,4,0
214453,214453,214456,3,0
214453,214453,214456,3,0
214453,214453,214456,3,0
214453,214453,214456,3,0
214453,214453,214456,3,0
214453,214453,214456,3,0
214453,214453,214457,4,0
214453,214453,214458,5,0
214453,214453,214457,4,0
214453,214453,214457,4,0
214453,214453,214458,5,0
214453,214453,214458,5,0
214453,214453,214457,4,0
214453,214453,214458,5,0
214453,214453,214458,5,0
214453,214453,214457,4,0
214453,214453,214457,4,0
214453,214453,214458,5,0
214453,214453,214457,4,0
214453,214453,214458,5,0
214453,214453,214457,4,0
214453,214453,214457,4,0
214453,214453,214457,4,0
214453,214453,214458,5,0
214453,214453,214457,4,0
214453,214453,214457,4,0
214453,214453,214459,6,0
214453,214453,214458,5,0
214453,214453,214459,6,0
214453,214453,214458,5,0
214453,214456,214458,2,3
214453,214453,214458,5,0
214453,214455,214459,4,2
214453,214455,214459,4,2
214453,214455,214459,4,2
214453,214456,214458,2,3
214453,214458,214460,2,5
214453,214458,214460,2,5
214453,214457,214460,3,4
214453,214457,214460,3,4
214453,214457,214460,3,4
214453,214457,214460,3,4
214453,214457,214459,2,4
214453,214458,214461,3,5
214453,214458,214461,3,5
214453,214458,214460,2,5
214453,214457,214461,4,4
214453,214457,214461,4,4
214453,214457,214461,4,4
214453,214457,214461,4,4
214453,214457,214461,4,4
214453,214458,214461,3,5
214453,214458,214461,3,5
214453,214458,214461,3,5
214453,214459,214461,2,6
214453,214458,214462,4,5
214453,214458,214461,3,5
214453,214458,214461,3,5
214453,214458,214461,3,5
214453,214457,214462,5,4
214453,214458,214462,4,5
214453,214457,214462,5,4
214453,214458,214462,4,5
214453,214458,214462,4,5
214453,214458,214461,3,5
214453,214459,214462,3,6
214453,214459,214461,2,6
214453,214459,214462,3,6
214453,214459,214462,3,6
214453,214459,214463,4,6
214453,214459,214462,3,6
214453,214460,214463,3,7
214453,214459,214463,4,6
214453,214459,214463,4,6
214453,214458,214463,5,5
214453,214458,214462,4,5
214453,214459,214463,4,6
214453,214458,214463,5,5
214453,214460,214464,4,7
214453,214460,214464,4,7
214453,214462,214464,2,9
214453,214461,214464,3,8
214453,214462,214464,2,9
214453,214460,214464,4,7
214453,214460,214464,4,7
214453,214461,214464,3,8
214453,214460,214464,4,7
214453,214461,214464,3,8
214453,214460,214464,4,7
214453,214461,214464,3,8
214453,214461,214464,3,8
214453,214461,214464,3,8
214453,214461,214465,4,8
214453,214461,214465,4,8
214453,214462,214465,3,9
214453,214461,214465,4,8
214453,214462,214465,3,9
214453,214462,214465,3,9
214453,214462,214465,3,9
214453,214461,214465,4,8
214453,214461,214465,4,8
214453,214463,214466,3,10
214453,214463,214465,2,10
214453,214462,214466,4,9
214453,214463,214466,3,10
214453,214461,214465,4,8
214453,214462,214466,4,9
214453,214462,214466,4,9
214453,214463,214466,3,10
214453,214463,214466,3,10
214453,214463,214467,4,10
214453,214463,214466,3,10
214453,214463,214466,3,10
214456,214456,214490,34,0
213584,213627,214506,879,43
214507,214508,214512,4,1
214507,214508,214511,3,1
214507,214508,214511,3,1
214507,214508,214511,3,1
214507,214508,214512,4,1
214507,214508,214511,3,1
214507,214508,214511,3,1
214507,214508,214511,3,1
214507,214508,214512,4,1
214507,214508,214511,3,1
214507,214508,214511,3,1
214507,214508,214511,3,1
214507,214508,214512,4,1
214507,214508,214511,3,1
214507,214508,214511,3,1
214507,214508,214511,3,1
214507,214508,214511,3,1
214507,214508,214512,4,1
214507,214508,214511,3,1
214507,214508,214512,4,1
214507,214508,214512,4,1
214507,214508,214512,4,1
214507,214508,214512,4,1
214507,214508,214513,5,1
214507,214508,214512,4,1
214507,214508,214512,4,1
214507,214508,214512,4,1
214507,214508,214512,4,1
214507,214508,214513,5,1
214507,214508,214512,4,1
214507,214508,214512,4,1
214507,214508,214512,4,1
214507,214508,214513,5,1
214507,214508,214512,4,1
214507,214508,214512,4,1
214507,214508,214513,5,1
214507,214508,214513,5,1
214507,214508,214514,6,1
214507,214508,214513,5,1
214507,214508,214513,5,1
214507,214508,214513,5,1
214507,214512,214515,3,5
214507,214512,214515,3,5
214507,214512,214515,3,5
214507,214512,214515,3,5
214507,214512,214515,3,5
214507,214512,214515,3,5
214507,214512,214516,4,5
214507,214512,214516,4,5
214507,214513,214516,3,6
214507,214513,214515,2,6
214507,214512,214515,3,5
214507,214512,214516,4,5
214507,214512,214516,4,5
214507,214512,214516,4,5
214507,214513,214516,3,6
214507,214513,214516,3,6
214507,214512,214515,3,5
214507,214512,214515,3,5
214507,214513,214516,3,6
214507,214512,214515,3,5
214507,214512,214515,3,5
214507,214512,214515,3,5
214507,214512,214516,4,5
214507,214512,214515,3,5
214507,214513,214517,4,6
214507,214514,214517,3,7
214507,214513,214517,4,6
214507,214513,214517,4,6
214507,214513,214516,3,6
214507,214513,214516,3,6
214507,214513,214516,3,6
214507,214513,214517,4,6
214507,214514,214517,3,7
214507,214513,214517,4,6
214507,214513,214517,4,6
214507,214513,214517,4,6
214507,214515,214518,3,8
214507,214513,214518,5,6
214507,214516,214518,2,9
214507,214516,214518,2,9
214507,214514,214519,5,7
214507,214513,214518,5,6
214507,214516,214519,3,9
214507,214516,214519,3,9
214507,214516,214519,3,9
214507,214515,214519,4,8
214507,214516,214519,3,9
214507,214516,214519,3,9
214507,214516,214519,3,9
214507,214515,214518,3,8
214507,214516,214519,3,9
214507,214516,214519,3,9
214507,214516,214519,3,9
214507,214516,214519,3,9
214507,214516,214520,4,9
214507,214516,214520,4,9
214507,214516,214519,3,9
214507,214516,214519,3,9
214507,214516,214520,4,9
214507,214516,214520,4,9
214507,214516,214520,4,9
214507,214517,214520,3,10
214507,214517,214520,3,10
214507,214516,214520,4,9
214507,214517,214520,3,10
214507,214517,214520,3,10
214507,214514,214520,6,7
214507,214514,214520,6,7
214507,214517,214520,3,10
214507,214516,214520,4,9
214507,214518,214521,3,11
214507,214518,214521,3,11
214507,214517,214521,4,10
214507,214518,214521,3,11
214507,214517,214520,3,10
214507,214517,214521,4,10
214507,214518,214521,3,11
214507,214518,214521,3,11
214507,214518,214521,3,11
213659,213673,214565,892,14
214567,214567,214571,4,0
214567,214567,214571,4,0
214567,214567,214571,4,0
214567,214567,214571,4,0
214567,214567,214570,3,0
214567,214567,214571,4,0
214567,214567,214570,3,0
214567,214567,214571,4,0
214567,214567,214571,4,0
214567,214567,214571,4,0
214567,214567,214571,4,0
214567,214567,214571,4,0
214567,214567,214570,3,0
214567,214567,214571,4,0
214567,214567,214570,3,0
214567,214567,214571,4,0
214567,214567,214570,3,0
214567,214567,214571,4,0
214567,214567,214571,4,0
214567,214567,214571,4,0
214567,214567,214571,4,0
214567,214567,214571,4,0
214567,214567,214571,4,0
214567,214567,214571,4,0
214567,214567,214571,4,0
214567,214567,214572,5,0
214567,214567,214571,4,0
214567,214567,214571,4,0
214567,214567,214572,5,0
214567,214567,214572,5,0
214567,214567,214571,4,0
214567,214567,214572,5,0
214567,214567,214571,4,0
214567,214567,214571,4,0
214567,214567,214572,5,0
214567,214567,214572,5,0
214567,214567,214572,5,0
214567,214567,214572,5,0
214567,214567,214572,5,0
214567,214567,214572,5,0
214567,214567,214572,5,0
214567,214571,214573,2,4
214567,214571,214574,3,4
214567,214571,214574,3,4
214567,214571,214574,3,4
214567,214571,214574,3,4
214567,214571,214574,3,4
214567,214571,214575,4,4
214567,214571,214575,4,4
214567,214571,214574,3,4
214567,214571,214575,4,4
214567,214571,214575,4,4
214567,214571,214574,3,4
214567,214571,214574,3,4
214567,214571,214575,4,4
214567,214571,214574,3,4
214567,214572,214575,3,5
214567,214572,214576,4,5
214567,214572,214576,4,5
214567,214572,214576,4,5
214567,214572,214576,4,5
214567,214571,214576,5,4
214567,214572,214575,3,5
214567,214572,214575,3,5
214567,214572,214575,3,5
214567,214572,214576,4,5
214567,214572,214575,3,5
214567,214572,214576,4,5
214567,214571,214575,4,4
214567,214572,214576,4,5
214567,214572,214577,5,5
214567,214573,214577,4,6
214567,214572,214576,4,5
214567,214573,214577,4,6
214567,214573,214577,4,6
214567,214574,214577,3,7
214567,214572,214576,4,5
214567,214573,214577,4,6
214567,214574,214577,3,7
214567,214574,214577,3,7
214567,214572,214576,4,5
214567,214572,214577,5,5
214567,214574,214578,4,7
214567,214573,214577,4,6
214567,214573,214577,4,6
214567,214575,214578,3,8
214567,214575,214578,3,8
214567,214572,214577,5,5
214567,214575,214578,3,8
214567,214575,214579,4,8
214567,214575,214578,3,8
214567,214575,214578,3,8
214567,214576,214579,3,9
214567,214576,214579,3,9
214567,214575,214579,4,8
214567,214576,214579,3,9
214567,214574,214578,4,7
214567,214575,214578,3,8
214567,214575,214578,3,8
214567,214576,214579,3,9
214567,214576,214578,2,9
214567,214576,214579,3,9
214567,214576,214579,3,9
214567,214576,214579,3,9
214567,214576,214579,3,9
214567,214575,214579,4,8
214567,214576,214580,4,9
214567,214576,214580,4,9
214567,214577,214580,3,10
214567,214576,214580,4,9
214567,214577,214580,3,10
214567,214576,214579,3,9
214567,214576,214579,3,9
214567,214577,214580,3,10
214567,214577,214580,3,10
214567,214577,214580,3,10
214567,214577,214580,3,10
214567,214577,214580,3,10
214567,214577,214581,4,10
214567,214577,214581,4,10
213729,213736,214594,858,7
213712,213719,214607,888,7
214612,214612,214616,4,0
214612,214612,214616,4,0
214612,214612,214616,4,0
214612,214612,214616,4,0
214612,214612,214616,4,0
214612,214612,214616,4,0
214612,214612,214616,4,0
214612,214612,214616,4,0
214612,214612,214616,4,0
214612,214612,214616,4,0
214612,214612,214616,4,0
214612,214612,214616,4,0
214612,214612,214615,3,0
214612,214612,214616,4,0
214612,214612,214617,5,0
214612,214612,214617,5,0
214612,214612,214617,5,0
214612,214612,214616,4,0
214612,214612,214617,5,0
214612,214612,214617,5,0
214612,214612,214617,5,0
214612,214612,214617,5,0
214612,214612,214617,5,0
214612,214612,214617,5,0
214612,214612,214616,4,0
214612,214612,214617,5,0
214612,214612,214616,4,0
214612,214612,214617,5,0
214612,214612,214617,5,0
214612,214612,214617,5,0
214612,214612,214617,5,0
214612,214612,214617,5,0
214612,214612,214616,4,0
214612,214612,214616,4,0
214612,214612,214617,5,0
214612,214612,214616,4,0
214612,214612,214617,5,0
214612,214612,214617,5,0
214612,214612,214618,6,0
214612,214612,214618,6,0
214612,214612,214618,6,0
214612,214612,214617,5,0
214612,214616,214618,2,4
214612,214616,214618,2,4
214612,214616,214620,4,4
214612,214616,214619,3,4
214612,214616,214619,3,4
214612,214617,214620,3,5
214612,214617,214620,3,5
214612,214617,214620,3,5
214612,214616,214620,4,4
214612,214616,214620,4,4
214612,214616,214620,4,4
214612,214616,214620,4,4
214612,214616,214620,4,4
214612,214616,214620,4,4
214612,214616,214621,5,4
214612,214617,214621,4,5
214612,214617,214621,4,5
214612,214617,214621,4,5
214612,214617,214621,4,5
214612,214617,214621,4,5
214612,214619,214621,2,7
214612,214618,214621,3,6
214612,214618,214621,3,6
214612,214618,214621,3,6
214612,214618,214621,3,6
214612,214618,214622,4,6
214612,214616,214621,5,4
214612,214618,214621,3,6
214612,214618,214621,3,6
214612,214618,214621,3,6
214612,214617,214622,5,5
214612,214618,214622,4,6
214612,214619,214622,3,7
214612,214618,214622,4,6
214612,214618,214622,4,6
214612,214617,214622,5,5
214612,214619,214622,3,7
214612,214617,214622,5,5
214612,214618,214622,4,6
214612,214619,214622,3,7
214612,214619,214622,3,7
214612,214620,214622,2,8
214612,214620,214623,3,8
214612,214618,214622,4,6
214612,214618,214622,4,6
214612,214618,214622,4,6
214612,214620,214623,3,8
214612,214621,214623,2,9
214612,214621,214623,2,9
214612,214622,214624,2,10
214612,214620,214623,3,8
214612,214621,214624,3,9
214612,214621,214624,3,9
214612,214621,214624,3,9
214612,214620,214624,4,8
214612,214622,214624,2,10
214612,214622,214624,2,10
214612,214621,214624,3,9
214612,214622,214624,2,10
214612,214622,214625,3,10
214612,214622,214625,3,10
214612,214622,214624,2,10
214612,214622,214625,3,10
214612,214621,214624,3,9
214612,214622,214625,3,10
214612,214622,214625,3,10
214612,214622,214625,3,10
214612,214622,214624,2,10
214612,214620,214625,5,8
214612,214623,214626,3,11
214612,214623,214625,2,11
214612,214623,214625,2,11
214612,214623,214626,3,11
214612,214622,214625,3,10
214612,214622,214625,3,10
214612,214622,214625,3,10
214616,214623,214626,3,7
214612,214622,214626,4,10
214612,214623,214626,3,11
214616,214623,214627,4,7
214616,214623,214627,4,7
214616,214623,214626,3,7
214616,214623,214626,3,7
214616,214623,214626,3,7
214616,214624,214626,2,8
214616,214624,214626,2,8
214616,214623,214626,3,7
214616,214623,214626,3,7
214616,214624,214627,3,8
214616,214624,214628,4,8
214616,214624,214627,3,8
214616,214624,214627,3,8
214616,214624,214628,4,8
214616,214624,214627,3,8
214616,214625,214628,3,9
214616,214625,214628,3,9
214616,214625,214628,3,9
214616,214625,214628,3,9
214616,214623,214628,5,7
214616,214625,214629,4,9
214616,214625,214628,3,9
214616,214625,214629,4,9
214616,214625,214628,3,9
214616,214626,214629,3,10
214616,214624,214629,5,8
214616,214625,214629,4,9
214616,214626,214630,4,10
214616,214625,214630,5,9
214616,214627,214630,3,11
214616,214625,214629,4,9
214616,214625,214630,5,9
214616,214626,214630,4,10
214616,214625,214629,4,9
214616,214626,214630,4,10
214616,214627,214629,2,11
214616,214626,214630,4,10
214616,214627,214630,3,11
214616,214626,214630,4,10
214616,214627,214630,3,11
214616,214627,214630,3,11
214616,214626,214630,4,10
214616,214626,214630,4,10
214616,214626,214630,4,10
214616,214627,214631,4,11
214616,214627,214631,4,11
214616,214628,214631,3,12
214616,214627,214630,3,11
214616,214627,214631,4,11
214616,214628,214630,2,12
214616,214627,214631,4,11
214616,214628,214631,3,12
214616,214628,214631,3,12
214616,214627,214631,4,11
214616,214628,214632,4,12
214616,214628,214632,4,12
214616,214629,214632,3,13
214616,214627,214631,4,11
214616,214628,214632,4,12
214616,214629,214632,3,13
214616,214630,214633,3,14
214616,214629,214632,3,13
214616,214629,214633,4,13
214616,214629,214633,4,13
214616,214629,214633,4,13
214616,214630,214633,3,14
214616,214630,214633,3,14
214616,214629,214633,4,13
214616,214629,214633,4,13
214616,214630,214634,4,14
214616,214630,214633,3,14
214616,214630,214634,4,14
214616,214630,214634,4,14
214616,214631,214634,3,15
214616,214630,214634,4,14
214616,214630,214634,4,14
214616,214630,214634,4,14
214616,214630,214634,4,14
214616,214630,214634,4,14
214616,214630,214634,4,14
214616,214631,214634,3,15
214616,214631,214634,3,15
213738,213738,214634,896,0
214616,214632,214634,2,16
214616,214630,214635,5,14
214616,214631,214635,4,15
214616,214631,214635,4,15
214616,214632,214635,3,16
214616,214631,214634,3,15
214616,214632,214634,2,16
214616,214632,214635,3,16
214616,214630,214634,4,14
214616,214631,214635,4,15
214616,214630,214634,4,14
214616,214631,214635,4,15
214616,214632,214635,3,16
214616,214631,214635,4,15
214616,214632,214635,3,16
214616,214632,214635,3,16
214616,214633,214635,2,17
214616,214632,214635,3,16
214616,214633,214635,2,17
214616,214633,214636,3,17
214616,214633,214636,3,17
214616,214633,214636,3,17
214616,214632,214636,4,16
214616,214632,214636,4,16
214616,214633,214636,3,17
214616,214633,214636,3,17
214616,214634,214636,2,18
214616,214634,214637,3,18
214616,214633,214637,4,17
214616,214634,214637,3,18
214616,214634,214637,3,18
214616,214634,214637,3,18
214616,214634,214637,3,18
214616,214634,214637,3,18
214616,214635,214637,2,19
214616,214634,214637,3,18
214616,214634,214638,4,18
213842,213842,214659,817,0
214659,214659,214662,3,0
214659,214659,214662,3,0
214659,214659,214661,2,0
214659,214659,214662,3,0
214659,214659,214663,4,0
214659,214659,214663,4,0
214659,214659,214662,3,0
214659,214659,214662,3,0
214659,214659,214663,4,0
214659,214659,214662,3,0
214659,214659,214663,4,0
214659,214659,214663,4,0
214659,214659,214663,4,0
214659,214659,214663,4,0
214659,214659,214662,3,0
214659,214659,214662,3,0
214659,214659,214662,3,0
214659,214659,214663,4,0
214659,214659,214662,3,0
214659,214659,214662,3,0
214659,214659,214663,4,0
214659,214659,214663,4,0
214659,214659,214664,5,0
214659,214659,214664,5,0
214659,214659,214663,4,0
214659,214659,214663,4,0
214659,214659,214663,4,0
214659,214659,214663,4,0
214659,214659,214663,4,0
214659,214659,214663,4,0
214659,214659,214664,5,0
214659,214659,214664,5,0
214659,214659,214663,4,0
214659,214660,214663,3,1
214659,214659,214664,5,0
214659,214659,214663,4,0
214659,214659,214664,5,0
214659,214659,214664,5,0
214659,214662,214665,3,3
214659,214663,214666,3,4
214659,214663,214666,3,4
214659,214663,214666,3,4
214659,214662,214665,3,3
214659,214662,214665,3,3
214659,214663,214666,3,4
214659,214663,214666,3,4
214659,214663,214667,4,4
214659,214663,214667,4,4
214659,214664,214667,3,5
214659,214663,214667,4,4
214659,214663,214667,4,4
214659,214663,214666,3,4
214659,214663,214666,3,4
214659,214663,214667,4,4
214659,214663,214667,4,4
214659,214664,214668,4,5
214659,214664,214668,4,5
214659,214663,214667,4,4
214659,214663,214667,4,4
214659,214664,214667,3,5
214659,214663,214668,5,4
214659,214664,214667,3,5
214659,214664,214668,4,5
214659,214663,214667,4,4
214659,214663,214667,4,4
214659,214664,214668,4,5
214659,214664,214668,4,5
214659,214664,214669,5,5
214659,214664,214668,4,5
214659,214664,214668,4,5
214659,214665,214669,4,6
214659,214665,214668,3,6
214659,214666,214669,3,7
214659,214664,214668,4,5
214659,214664,214668,4,5
214659,214666,214669,3,7
214659,214664,214668,4,5
214659,214665,214668,3,6
214659,214666,214669,3,7
214659,214666,214669,3,7
214659,214666,214670,4,7
214659,214667,214670,3,8
214659,214667,214670,3,8
214659,214667,214671,4,8
214659,214667,214671,4,8
214659,214667,214671,4,8
214659,214668,214671,3,9
214659,214668,214671,3,9
214659,214668,214671,3,9
214659,214668,214670,2,9
214659,214667,214671,4,8
214659,214667,214671,4,8
214659,214668,214671,3,9
214659,214667,214670,3,8
214659,214667,214671,4,8
214659,214668,214671,3,9
214659,214668,214671,3,9
214659,214668,214671,3,9
214659,214667,214671,4,8
214659,214667,214671,4,8
214659,214668,214671,3,9
214659,214669,214672,3,10
214659,214669,214672,3,10
214659,214668,214672,4,9
214659,214668,214672,4,9
214659,214669,214672,3,10
214659,214669,214672,3,10
214659,214669,214672,3,10
214659,214668,214672,4,9
214659,214669,214672,3,10
214659,214669,214672,3,10
214659,214669,214672,3,10
214659,214669,214672,3,10
214659,214669,214673,4,10
214659,214669,214673,4,10
214674,214674,214677,3,0
214674,214674,214676,2,0
214674,214674,214676,2,0
214674,214674,214677,3,0
214674,214674,214677,3,0
214674,214674,214676,2,0
214674,214674,214677,3,0
213741,213741,214677,936,0
214674,214674,214677,3,0
214674,214674,214678,4,0
214674,214674,214677,3,0
214674,214674,214677,3,0
214674,214674,214677,3,0
214674,214674,214677,3,0
214674,214674,214677,3,0
214674,214674,214677,3,0
214674,214674,214677,3,0
214674,214674,214677,3,0
214674,214674,214678,4,0
214674,214674,214677,3,0
214674,214674,214678,4,0
214674,214674,214677,3,0
214674,214674,214678,4,0
214674,214674,214677,3,0
214674,214674,214677,3,0
214674,214674,214677,3,0
214674,214674,214677,3,0
214674,214674,214678,4,0
214674,214674,214678,4,0
214674,214674,214678,4,0
214674,214674,214678,4,0
214674,214674,214678,4,0
214674,214674,214678,4,0
214674,214674,214679,5,0
214674,214674,214678,4,0
214659,214659,214664,5,0
214659,214659,214664,5,0
214659,214659,214663,4,0
214659,214659,214663,4,0
213759,213765,214679,914,6
214674,214674,214679,5,0
214674,214674,214679,5,0
214674,214677,214680,3,3
214674,214677,214680,3,3
214674,214678,214681,3,4
214674,214677,214681,4,3
214674,214677,214681,4,3
214674,214678,214680,2,4
214674,214678,214682,4,4
214674,214678,214682,4,4
214674,214678,214682,4,4
214674,214678,214681,3,4
214674,214678,214681,3,4
214674,214677,214681,4,3
214674,214677,214681,4,3
214674,214679,214682,3,5
214674,214678,214682,4,4
214674,214678,214681,3,4
214674,214678,214681,3,4
214674,214677,214682,5,3
214674,214678,214681,3,4
214674,214678,214681,3,4
214674,214678,214682,4,4
214674,214678,214682,4,4
214674,214679,214682,3,5
214674,214678,214682,4,4
214674,214678,214682,4,4
214674,214679,214683,4,5
214674,214678,214682,4,4
214674,214679,214682,3,5
214674,214679,214682,3,5
214674,214678,214682,4,4
214674,214678,214682,4,4
214674,214678,214682,4,4
214674,214679,214683,4,5
214674,214679,214683,4,5
214659,214679,214683,4,20
214674,214680,214684,4,6
214674,214679,214684,5,5
214674,214679,214684,5,5
214674,214681,214684,3,7
214674,214681,214684,3,7
214674,214679,214684,5,5
214674,214679,214684,5,5
214674,214679,214684,5,5
214674,214680,214684,4,6
214674,214680,214684,4,6
214674,214682,214685,3,8
214674,214682,214685,3,8
214674,214682,214685,3,8
214674,214682,214685,3,8
214674,214682,214685,3,8
214674,214681,214684,3,7
214674,214681,214685,4,7
214674,214682,214685,3,8
214674,214681,214685,4,7
214674,214682,214685,3,8
214660,214660,214685,25,0
214674,214683,214685,2,9
214674,214683,214686,3,9
214674,214682,214686,4,8
214674,214682,214685,3,8
214674,214681,214685,4,7
214674,214682,214685,3,8
214674,214682,214685,3,8
214674,214682,214686,4,8
214674,214682,214686,4,8
214674,214683,214686,3,9
214674,214682,214686,4,8
214674,214682,214685,3,8
214674,214682,214686,4,8
214674,214683,214686,3,9
214674,214684,214687,3,10
214674,214683,214687,4,9
214674,214684,214687,3,10
214674,214683,214686,3,9
214674,214684,214687,3,10
214674,214683,214687,4,9
214674,214683,214687,4,9
214674,214683,214687,4,9
214674,214683,214687,4,9
214674,214683,214686,3,9
214674,214683,214686,3,9
214674,214684,214687,3,10
214674,214684,214687,3,10
214674,214684,214687,3,10
214674,214685,214688,3,11
214674,214685,214687,2,11
214680,214685,214688,3,5
214680,214685,214688,3,5
214680,214685,214688,3,5
214680,214685,214688,3,5
214680,214685,214688,3,5
214680,214685,214688,3,5
214680,214685,214689,4,5
214680,214685,214689,4,5
214680,214686,214689,3,6
214680,214686,214689,3,6
214680,214685,214689,4,5
214680,214685,214689,4,5
214680,214685,214689,4,5
214680,214685,214689,4,5
214680,214686,214689,3,6
214680,214687,214690,3,7
214680,214686,214690,4,6
214680,214687,214690,3,7
214680,214686,214689,3,6
214680,214686,214690,4,6
214680,214687,214690,3,7
214680,214686,214690,4,6
214680,214686,214690,4,6
214680,214686,214690,4,6
214680,214686,214690,4,6
214680,214687,214691,4,7
214680,214688,214691,3,8
214680,214686,214691,5,6
214680,214686,214691,5,6
214680,214687,214691,4,7
214680,214687,214691,4,7
214680,214686,214691,5,6
214680,214687,214691,4,7
214680,214687,214692,5,7
214680,214688,214692,4,8
214680,214688,214692,4,8
214680,214687,214692,5,7
214680,214689,214692,3,9
214680,214687,214692,5,7
214680,214687,214692,5,7
214680,214687,214692,5,7
214680,214688,214692,4,8
214680,214690,214693,3,10
214680,214686,214692,6,6
214680,214687,214692,5,7
214680,214689,214692,3,9
214680,214689,214693,4,9
214680,214690,214693,3,10
214680,214689,214693,4,9
214680,214690,214693,3,10
214680,214689,214693,4,9
214680,214689,214693,4,9
214680,214689,214693,4,9
214680,214689,214693,4,9
214680,214688,214693,5,8
214680,214688,214693,5,8
214680,214690,214693,3,10
214680,214691,214694,3,11
214680,214689,214694,5,9
214680,214690,214694,4,10
214680,214690,214695,5,10
214680,214690,214694,4,10
214680,214691,214694,3,11
214680,214692,214695,3,12
214680,214691,214694,3,11
214680,214691,214694,3,11
214680,214690,214694,4,10
214680,214692,214695,3,12
214680,214691,214695,4,11
214680,214691,214695,4,11
214680,214692,214695,3,12
214680,214692,214695,3,12
214680,214691,214695,4,11
214680,214692,214696,4,12
214680,214693,214696,3,13
214680,214692,214696,4,12
214680,214692,214696,4,12
214680,214692,214696,4,12
214680,214693,214696,3,13
214680,214691,214696,5,11
214680,214693,214696,3,13
214680,214693,214696,3,13
214680,214693,214696,3,13
214680,214691,214696,5,11
214680,214693,214696,3,13
214680,214693,214696,3,13
214680,214693,214696,3,13
214680,214693,214696,3,13
214680,214693,214696,3,13
214680,214693,214696,3,13
214680,214694,214696,2,14
214680,214692,214696,4,12
214680,214693,214697,4,13
214680,214693,214697,4,13
214680,214694,214697,3,14
214680,214695,214697,2,15
214680,214694,214697,3,14
214680,214695,214697,2,15
214680,214695,214698,3,15
214680,214696,214698,2,16
214680,214695,214698,3,15
214680,214694,214697,3,14
214680,214694,214697,3,14
214680,214694,214697,3,14
214680,214695,214697,2,15
214680,214695,214697,2,15
214680,214695,214698,3,15
214680,214695,214698,3,15
214680,214696,214699,3,16
214680,214694,214698,4,14
214680,214694,214698,4,14
214680,214695,214699,4,15
214680,214696,214698,2,16
214680,214696,214699,3,16
214680,214696,214699,3,16
214680,214696,214699,3,16
214680,214696,214699,3,16
214680,214696,214699,3,16
214680,214697,214699,2,17
214680,214696,214699,3,16
214684,214697,214700,3,13
214684,214697,214700,3,13
214684,214697,214700,3,13
214684,214697,214701,4,13
214684,214697,214700,3,13
214684,214697,214700,3,13
214684,214697,214700,3,13
214684,214697,214701,4,13
214684,214697,214701,4,13
214684,214697,214701,4,13
214684,214698,214701,3,14
214684,214697,214701,4,13
214684,214698,214701,3,14
214684,214697,214701,4,13
214684,214697,214701,4,13
214684,214698,214701,3,14
214684,214699,214702,3,15
214684,214697,214701,4,13
214684,214698,214701,3,14
214684,214697,214701,4,13
214684,214698,214702,4,14
214684,214698,214702,4,14
214684,214698,214701,3,14
214684,214699,214701,2,15
214684,214698,214701,3,14
214684,214698,214702,4,14
214684,214698,214702,4,14
214684,214699,214702,3,15
214684,214700,214703,3,16
214684,214698,214702,4,14
214684,214699,214702,3,15
214684,214699,214703,4,15
214684,214699,214703,4,15
214684,214699,214703,4,15
214684,214698,214702,4,14
214684,214699,214703,4,15
214684,214699,214703,4,15
214684,214701,214703,2,17
214684,214700,214704,4,16
214684,214700,214704,4,16
214684,214698,214704,6,14
214684,214700,214704,4,16
214684,214698,214704,6,14
214684,214701,214704,3,17
213775,213782,214704,922,7
214684,214702,214705,3,18
214684,214701,214705,4,17
214684,214701,214704,3,17
214684,214701,214705,4,17
214684,214702,214705,3,18
214684,214702,214705,3,18
214684,214701,214705,4,17
214684,214701,214704,3,17
214684,214701,214705,4,17
214684,214702,214706,4,18
214684,214702,214705,3,18
214684,214702,214705,3,18
214684,214701,214705,4,17
214684,214702,214706,4,18
214684,214702,214706,4,18
214684,214702,214705,3,18
214684,214701,214706,5,17
214684,214702,214705,3,18
214684,214702,214706,4,18
214684,214702,214706,4,18
214684,214703,214706,3,19
214684,214703,214707,4,19
214684,214702,214706,4,18
214684,214703,214707,4,19
214684,214703,214707,4,19
214684,214703,214707,4,19
214684,214702,214707,5,18
214684,214703,214707,4,19
214684,214703,214707,4,19
214684,214702,214707,5,18
214684,214704,214707,3,20
214684,214703,214707,4,19
214684,214704,214707,3,20
214684,214704,214707,3,20
214684,214704,214708,4,20
214684,214704,214708,4,20
214684,214703,214707,4,19
214684,214704,214708,4,20
214684,214703,214708,5,19
214684,214705,214708,3,21
214684,214704,214708,4,20
214684,214705,214708,3,21
214684,214704,214708,4,20
214684,214705,214709,4,21
214684,214705,214708,3,21
214684,214705,214709,4,21
214684,214705,214709,4,21
214684,214705,214708,3,21
214684,214706,214709,3,22
214684,214707,214709,2,23
214684,214708,214709,1,24
214684,214706,214709,3,22
214684,214706,214710,4,22
214684,214706,214710,4,22
214684,214706,214710,4,22
214684,214707,214710,3,23
214684,214705,214710,5,21
214684,214706,214710,4,22
214684,214707,214710,3,23
214684,214707,214710,3,23
214684,214707,214710,3,23
214684,214708,214710,2,24
214684,214706,214710,4,22
214684,214706,214710,4,22
214684,214706,214710,4,22
214684,214706,214710,4,22
214684,214708,214711,3,24
214684,214706,214710,4,22
214684,214708,214710,2,24
214684,214708,214711,3,24
214684,214707,214710,3,23
214684,214707,214711,4,23
214684,214706,214711,5,22
214684,214707,214711,4,23
214684,214707,214711,4,23
214684,214707,214711,4,23
213782,213782,214719,937,0
213777,213782,214724,942,5
214734,214734,214736,2,0
214734,214734,214737,3,0
214734,214734,214737,3,0
214734,214734,214737,3,0
214734,214734,214737,3,0
214734,214734,214738,4,0
214734,214734,214738,4,0
214734,214734,214738,4,0
214734,214734,214737,3,0
214734,214734,214738,4,0
214734,214734,214738,4,0
214734,214734,214738,4,0
214734,214734,214738,4,0
214734,214734,214738,4,0
214734,214734,214738,4,0
214734,214734,214738,4,0
214734,214734,214737,3,0
214734,214734,214738,4,0
214734,214734,214738,4,0
214734,214734,214738,4,0
214734,214734,214738,4,0
214734,214734,214737,3,0
214734,214734,214737,3,0
214734,214734,214738,4,0
214734,214734,214738,4,0
214734,214734,214738,4,0
214734,214734,214739,5,0
214734,214734,214739,5,0
214734,214734,214738,4,0
214734,214734,214738,4,0
214734,214734,214738,4,0
214734,214734,214738,4,0
214734,214734,214738,4,0
214734,214734,214739,5,0
214734,214734,214738,4,0
214734,214734,214738,4,0
214734,214734,214738,4,0
213864,213866,214739,873,2
214734,214734,214738,4,0
214734,214734,214738,4,0
214734,214734,214738,4,0
214734,214734,214738,4,0
214734,214737,214740,3,3
214734,214734,214739,5,0
214734,214734,214739,5,0
214734,214738,214741,3,4
214734,214738,214741,3,4
214734,214737,214740,3,3
214734,214738,214741,3,4
214734,214738,214741,3,4
214734,214739,214742,3,5
214734,214738,214742,4,4
214734,214738,214742,4,4
214734,214737,214742,5,3
214734,214738,214742,4,4
214734,214738,214742,4,4
214734,214738,214742,4,4
214734,214738,214742,4,4
214734,214738,214742,4,4
214734,214738,214742,4,4
214734,214738,214742,4,4
214734,214738,214742,4,4
214734,214738,214742,4,4
214734,214739,214742,3,5
214734,214739,214743,4,5
214734,214739,214742,3,5
214734,214740,214743,3,6
214734,214739,214743,4,5
214734,214739,214743,4,5
214734,214739,214743,4,5
214734,214738,214742,4,4
214734,214738,214742,4,4
214734,214738,214742,4,4
214734,214739,214743,4,5
214734,214739,214743,4,5
214734,214739,214742,3,5
214734,214738,214742,4,4
214734,214739,214743,4,5
214734,214739,214742,3,5
214734,214739,214743,4,5
214734,214739,214743,4,5
214734,214738,214743,5,4
214734,214739,214743,4,5
214734,214739,214743,4,5
214734,214739,214743,4,5
214734,214740,214743,3,6
214734,214740,214744,4,6
213805,213812,214744,932,7
214734,214739,214744,5,5
214734,214739,214743,4,5
214734,214741,214744,3,7
214734,214741,214745,4,7
214734,214743,214745,2,9
214734,214741,214745,4,7
214734,214743,214745,2,9
214734,214743,214745,2,9
214734,214743,214745,2,9
214734,214742,214745,3,8
214734,214742,214745,3,8
214734,214742,214746,4,8
214734,214743,214746,3,9
214734,214743,214746,3,9
214734,214743,214746,3,9
214734,214742,214746,4,8
214734,214742,214746,4,8
214734,214742,214746,4,8
214734,214743,214746,3,9
214734,214742,214746,4,8
214734,214742,214746,4,8
214734,214742,214746,4,8
214734,214742,214746,4,8
214734,214742,214746,4,8
214734,214743,214746,3,9
214734,214743,214746,3,9
214734,214742,214746,4,8
214734,214742,214747,5,8
214734,214743,214747,4,9
214734,214743,214747,4,9
214734,214743,214747,4,9
214734,214743,214747,4,9
214734,214742,214747,5,8
214734,214743,214747,4,9
214734,214743,214747,4,9
214734,214743,214747,4,9
214734,214743,214747,4,9
214734,214743,214747,4,9
214734,214743,214747,4,9
214734,214743,214747,4,9
214734,214744,214748,4,10
214734,214744,214748,4,10
214734,214744,214748,4,10
214734,214744,214748,4,10
214734,214744,214748,4,10
214734,214744,214747,3,10
214734,214744,214748,4,10
214734,214745,214748,3,11
214734,214745,214748,3,11
214734,214747,214749,2,13
214734,214744,214748,4,10
214734,214745,214749,4,11
214734,214745,214750,5,11
214734,214748,214749,1,14
214734,214747,214749,2,13
214734,214747,214749,2,13
214734,214748,214749,1,14
214734,214748,214749,1,14
214734,214746,214749,3,12
214734,214747,214750,3,13
214734,214747,214750,3,13
214734,214747,214751,4,13
214734,214747,214751,4,13
214734,214745,214750,5,11
214734,214745,214750,5,11
214734,214747,214751,4,13
214734,214747,214751,4,13
214734,214747,214750,3,13
214734,214746,214750,4,12
214734,214746,214751,5,12
214734,214747,214751,4,13
214734,214749,214751,2,15
214734,214747,214751,4,13
214734,214748,214751,3,14
214734,214747,214751,4,13
214734,214747,214751,4,13
214734,214747,214751,4,13
214734,214748,214752,4,14
214734,214748,214751,3,14
214734,214748,214751,3,14
214734,214747,214751,4,13
214734,214748,214752,4,14
214734,214748,214751,3,14
214734,214747,214752,5,13
214734,214750,214752,2,16
214734,214748,214752,4,14
214734,214748,214752,4,14
214734,214747,214751,4,13
214734,214747,214751,4,13
214734,214749,214752,3,15
214734,214749,214753,4,15
214734,214749,214753,4,15
214734,214749,214752,3,15
214734,214749,214752,3,15
214734,214750,214753,3,16
214734,214748,214753,5,14
214734,214748,214753,5,14
213780,213782,214753,971,2
214734,214750,214754,4,16
214734,214750,214753,3,16
214734,214749,214753,4,15
214734,214751,214753,2,17
214734,214750,214753,3,16
214734,214750,214754,4,16
214734,214753,214755,2,19
214734,214750,214754,4,16
214734,214750,214754,4,16
214734,214751,214754,3,17
214734,214751,214754,3,17
214734,214752,214755,3,18
214734,214751,214755,4,17
214734,214752,214754,2,18
214734,214752,214755,3,18
214734,214750,214754,4,16
214734,214751,214754,3,17
214734,214752,214755,3,18
214734,214750,214754,4,16
214734,214751,214754,3,17
214734,214751,214755,4,17
214734,214751,214755,4,17
214734,214752,214755,3,18
214734,214752,214755,3,18
214734,214753,214756,3,19
214734,214752,214755,3,18
214734,214753,214755,2,19
214734,214752,214756,4,18
214734,214752,214756,4,18
214734,214752,214756,4,18
214734,214752,214756,4,18
214734,214752,214755,3,18
214734,214752,214755,3,18
214734,214752,214756,4,18
214734,214753,214756,3,19
214734,214754,214755,1,20
214734,214754,214755,1,20
214734,214752,214756,4,18
214734,214752,214756,4,18
214734,214753,214756,3,19
214734,214753,214756,3,19
214734,214753,214756,3,19
214734,214754,214757,3,20
214734,214753,214756,3,19
214734,214753,214756,3,19
214734,214754,214756,2,20
214734,214754,214756,2,20
214734,214753,214756,3,19
214734,214754,214757,3,20
214734,214754,214757,3,20
214734,214755,214757,2,21
214734,214754,214757,3,20
214734,214754,214757,3,20
214734,214755,214758,3,21
214734,214755,214758,3,21
214734,214755,214757,2,21
214745,214755,214758,3,10
214734,214755,214758,3,21
214745,214755,214758,3,10
214745,214755,214759,4,10
214745,214756,214759,3,11
214745,214755,214759,4,10
214745,214755,214759,4,10
214745,214755,214759,4,10
214745,214755,214758,3,10
214745,214757,214759,2,12
214745,214755,214759,4,10
214745,214755,214759,4,10
214735,214735,214759,24,0
214745,214757,214759,2,12
214745,214757,214759,2,12
214745,214756,214759,3,11
214745,214756,214759,3,11
214745,214756,214759,3,11
214745,214757,214760,3,12
214745,214756,214760,4,11
214745,214756,214760,4,11
214745,214756,214760,4,11
214745,214758,214760,2,13
214745,214755,214759,4,10
214745,214756,214760,4,11
214745,214756,214760,4,11
214745,214758,214760,2,13
214745,214757,214760,3,12
214745,214757,214760,3,12
214745,214757,214761,4,12
214745,214757,214760,3,12
214745,214758,214761,3,13
214745,214757,214760,3,12
214745,214758,214760,2,13
214745,214756,214761,5,11
214745,214756,214761,5,11
214745,214756,214761,5,11
214745,214756,214761,5,11
214745,214756,214761,5,11
214745,214756,214760,4,11
214745,214757,214761,4,12
214745,214758,214761,3,13
214745,214758,214761,3,13
214745,214758,214761,3,13
214745,214757,214761,4,12
214745,214759,214762,3,14
214745,214758,214762,4,13
214745,214759,214762,3,14
214745,214760,214763,3,15
214745,214758,214762,4,13
214745,214759,214763,4,14
214745,214759,214763,4,14
214745,214759,214763,4,14
214745,214759,214763,4,14
214745,214759,214763,4,14
214745,214760,214763,3,15
214745,214760,214763,3,15
214745,214761,214763,2,16
214745,214761,214763,2,16
214745,214760,214763,3,15
214745,214760,214763,3,15
214745,214760,214764,4,15
214745,214760,214764,4,15
214745,214760,214764,4,15
214745,214760,214764,4,15
214745,214760,214764,4,15
214745,214759,214763,4,14
214745,214760,214763,3,15
214745,214759,214764,5,14
214745,214760,214764,4,15
214745,214760,214764,4,15
214745,214760,214764,4,15
214745,214761,214765,4,16
214745,214761,214765,4,16
214745,214761,214765,4,16
214745,214761,214765,4,16
214745,214760,214765,5,15
214745,214761,214765,4,16
214745,214761,214765,4,16
214745,214761,214765,4,16
214745,214761,214765,4,16
214745,214762,214765,3,17
214745,214762,214765,3,17
214745,214763,214766,3,18
214745,214763,214765,2,18
214745,214762,214765,3,17
214745,214763,214766,3,18
214745,214761,214766,5,16
214745,214761,214765,4,16
214745,214762,214766,4,17
214745,214763,214766,3,18
214745,214762,214766,4,17
214745,214762,214766,4,17
214745,214763,214766,3,18
214745,214764,214767,3,19
214745,214765,214766,1,20
214745,214765,214766,1,20
214745,214765,214766,1,20
214745,214764,214767,3,19
214745,214764,214767,3,19
214745,214762,214765,3,17
214745,214762,214765,3,17
214745,214764,214767,3,19
214745,214763,214767,4,18
214745,214764,214767,3,19
214745,214764,214768,4,19
214745,214764,214767,3,19
214745,214765,214768,3,20
213861,213866,214768,902,5
214745,214764,214767,3,19
214745,214765,214767,2,20
214745,214764,214768,4,19
214745,214764,214768,4,19
214745,214764,214768,4,19
214745,214765,214768,3,20
214745,214765,214768,3,20
214745,214764,214768,4,19
214745,214764,214768,4,19
214745,214764,214768,4,19
214745,214765,214768,3,20
214745,214765,214768,3,20
214745,214766,214768,2,21
214745,214767,214768,1,22
214745,214767,214769,2,22
213854,213854,214768,914,0
214745,214767,214769,2,22
214745,214768,214769,1,23
214745,214766,214769,3,21
214745,214766,214769,3,21
214745,214768,214770,2,23
214745,214766,214769,3,21
214745,214769,214770,1,24
214745,214766,214769,3,21
214745,214766,214770,4,21
214745,214766,214770,4,21
214745,214766,214770,4,21
214745,214766,214769,3,21
214745,214766,214770,4,21
214745,214767,214770,3,22
214745,214766,214770,4,21
214745,214766,214770,4,21
214745,214766,214770,4,21
214745,214766,214770,4,21
214745,214768,214770,2,23
214745,214768,214770,2,23
214745,214767,214771,4,22
214745,214767,214770,3,22
214745,214768,214771,3,23
214745,214766,214770,4,21
214745,214769,214770,1,24
214745,214769,214771,2,24
214745,214767,214770,3,22
214745,214769,214771,2,24
214745,214768,214771,3,23
214745,214768,214772,4,23
214745,214767,214771,4,22
214745,214769,214772,3,24
214745,214768,214771,3,23
214745,214769,214772,3,24
214745,214768,214772,4,23
214745,214768,214772,4,23
214745,214769,214772,3,24
214745,214767,214771,4,22
213839,213839,214772,933,0
214745,214768,214772,4,23
214745,214768,214772,4,23
214745,214769,214772,3,24
214745,214769,214773,4,24
214745,214768,214773,5,23
214745,214769,214772,3,24
214745,214771,214773,2,26
214745,214770,214773,3,25
214745,214771,214772,1,26
214745,214768,214772,4,23
214745,214770,214773,3,25
214745,214769,214774,5,24
214745,214769,214773,4,24
214745,214770,214774,4,25
214745,214770,214774,4,25
214745,214771,214774,3,26
214745,214770,214774,4,25
214745,214770,214773,3,25
214745,214770,214773,3,25
214745,214770,214774,4,25
214745,214771,214773,2,26
214745,214771,214774,3,26
214745,214770,214774,4,25
214745,214771,214774,3,26
214745,214771,214775,4,26
214745,214770,214775,5,25
214745,214772,214775,3,27
214745,214771,214774,3,26
214745,214771,214775,4,26
214745,214770,214774,4,25
214745,214771,214774,3,26
214745,214770,214774,4,25
214745,214772,214775,3,27
214745,214772,214775,3,27
214745,214770,214775,5,25
214745,214772,214775,3,27
214745,214771,214775,4,26
214745,214773,214775,2,28
214745,214771,214775,4,26
214745,214770,214775,5,25
214745,214771,214775,4,26
214745,214772,214775,3,27
214745,214772,214775,3,27
214745,214772,214776,4,27
214745,214772,214775,3,27
214745,214773,214776,3,28
214745,214773,214776,3,28
214745,214772,214776,4,27
214745,214773,214776,3,28
214745,214773,214776,3,28
214745,214773,214776,3,28
214745,214773,214776,3,28
214745,214773,214776,3,28
214745,214775,214777,2,30
214745,214772,214776,4,27
214745,214775,214777,2,30
214745,214773,214777,4,28
214745,214775,214777,2,30
214745,214775,214776,1,30
214745,214772,214776,4,27
214745,214773,214777,4,28
214745,214773,214776,3,28
214745,214773,214777,4,28
214745,214774,214777,3,29
214745,214774,214777,3,29
214745,214774,214777,3,29
214745,214774,214777,3,29
214745,214774,214777,3,29
214745,214774,214777,3,29
214745,214775,214777,2,30
214745,214774,214777,3,29
214745,214774,214777,3,29
214745,214775,214778,3,30
214745,214774,214778,4,29
214745,214775,214778,3,30
214745,214774,214778,4,29
214745,214774,214777,3,29
214745,214775,214778,3,30
214745,214775,214778,3,30
214746,214775,214778,3,29
214745,214774,214778,4,29
214746,214775,214778,3,29
214746,214775,214778,3,29
214745,214775,214778,3,30
214746,214776,214779,3,30
214746,214776,214779,3,30
214746,214776,214779,3,30
214746,214776,214779,3,30
214746,214776,214779,3,30
214746,214777,214779,2,31
214746,214776,214780,4,30
214746,214777,214779,2,31
214746,214777,214780,3,31
214746,214776,214779,3,30
214746,214776,214779,3,30
214746,214777,214780,3,31
214746,214777,214779,2,31
214746,214777,214780,3,31
214746,214777,214780,3,31
214746,214777,214780,3,31
214746,214776,214780,4,30
214746,214776,214780,4,30
214746,214776,214780,4,30
214746,214776,214780,4,30
214746,214776,214780,4,30
214746,214777,214781,4,31
214746,214777,214781,4,31
214746,214777,214780,3,31
214746,214777,214781,4,31
214746,214777,214781,4,31
214746,214777,214781,4,31
214746,214777,214781,4,31
214746,214779,214781,2,33
213858,213866,214781,915,8
214746,214779,214782,3,33
214746,214779,214782,3,33
214746,214778,214782,4,32
214746,214778,214781,3,32
214746,214780,214782,2,34
214746,214780,214782,2,34
214746,214776,214781,5,30
214746,214777,214781,4,31
214746,214777,214782,5,31
214746,214779,214782,3,33
214746,214778,214783,5,32
214746,214779,214782,3,33
214746,214779,214782,3,33
214746,214779,214782,3,33
214746,214779,214782,3,33
214746,214780,214782,2,34
214746,214780,214782,2,34
214746,214779,214783,4,33
214746,214780,214782,2,34
214746,214778,214782,4,32
214746,214779,214783,4,33
214746,214777,214782,5,31
214746,214778,214783,5,32
214746,214780,214783,3,34
214746,214778,214783,5,32
214746,214780,214783,3,34
214746,214781,214783,2,35
214746,214781,214783,2,35
214746,214779,214783,4,33
214746,214779,214783,4,33
214746,214780,214784,4,34
214746,214780,214783,3,34
214746,214780,214783,3,34
214746,214781,214784,3,35
214746,214780,214784,4,34
214746,214781,214785,4,35
214746,214781,214784,3,35
214746,214781,214784,3,35
214746,214781,214785,4,35
214746,214781,214784,3,35
214746,214782,214785,3,36
214746,214783,214785,2,37
214746,214781,214785,4,35
214746,214781,214784,3,35
214746,214777,214785,8,31
214746,214781,214785,4,35
214746,214782,214785,3,36
214746,214782,214785,3,36
214746,214782,214785,3,36
214746,214781,214785,4,35
214746,214782,214786,4,36
214746,214782,214785,3,36
214746,214783,214786,3,37
214746,214782,214786,4,36
214746,214782,214785,3,36
214746,214783,214786,3,37
214746,214783,214786,3,37
214746,214782,214786,4,36
214746,214782,214786,4,36
214746,214783,214786,3,37
214746,214784,214786,2,38
214746,214784,214787,3,38
214746,214784,214787,3,38
214746,214784,214787,3,38
214746,214783,214787,4,37
214746,214784,214787,3,38
214746,214784,214787,3,38
214746,214784,214787,3,38
214746,214784,214787,3,38
214746,214783,214786,3,37
214746,214782,214786,4,36
214746,214783,214786,3,37
214746,214783,214786,3,37
214746,214783,214786,3,37
214746,214784,214787,3,38
214746,214784,214786,2,38
214746,214783,214787,4,37
214746,214782,214786,4,36
214746,214782,214786,4,36
214746,214782,214786,4,36
214746,214783,214787,4,37
214746,214784,214787,3,38
214746,214784,214787,3,38
214746,214785,214788,3,39
214746,214785,214788,3,39
214746,214785,214788,3,39
214757,214785,214788,3,28
214746,214785,214788,3,39
214757,214787,214789,2,30
214757,214786,214789,3,29
214746,214785,214788,3,39
214757,214785,214789,4,28
214757,214785,214788,3,28
214757,214785,214789,4,28
214757,214786,214789,3,29
214757,214785,214789,4,28
214757,214786,214789,3,29
214757,214788,214789,1,31
214757,214786,214790,4,29
214757,214786,214789,3,29
214757,214786,214789,3,29
214757,214787,214790,3,30
214757,214788,214790,2,31
214757,214786,214789,3,29
214757,214786,214790,4,29
214757,214787,214790,3,30
214757,214786,214790,4,29
214757,214786,214789,3,29
214757,214786,214790,4,29
214757,214786,214790,4,29
214757,214787,214790,3,30
214757,214787,214790,3,30
214757,214788,214790,2,31
214757,214787,214790,3,30
214757,214787,214790,3,30
214757,214787,214791,4,30
214757,214787,214791,4,30
214757,214788,214790,2,31
214757,214787,214791,4,30
214757,214787,214790,3,30
214757,214787,214791,4,30
214757,214787,214791,4,30
214757,214787,214791,4,30
214757,214787,214791,4,30
214757,214787,214791,4,30
214757,214787,214792,5,30
214757,214787,214791,4,30
214757,214787,214791,4,30
214757,214787,214791,4,30
214757,214788,214792,4,31
214757,214787,214792,5,30
214757,214789,214792,3,32
214757,214788,214792,4,31
214757,214791,214793,2,34
214757,214787,214792,5,30
214757,214789,214793,4,32
214757,214790,214793,3,33
214757,214789,214793,4,32
214757,214789,214793,4,32
214757,214789,214793,4,32
214757,214790,214793,3,33
214757,214789,214793,4,32
214757,214789,214793,4,32
214757,214790,214793,3,33
214757,214790,214793,3,33
214757,214791,214793,2,34
214757,214790,214794,4,33
214757,214790,214793,3,33
214757,214790,214793,3,33
214757,214790,214794,4,33
214757,214791,214794,3,34
214757,214790,214794,4,33
214757,214790,214794,4,33
214757,214791,214794,3,34
214757,214791,214794,3,34
214757,214789,214794,5,32
214757,214791,214795,4,34
214757,214791,214795,4,34
214757,214791,214795,4,34
214757,214791,214795,4,34
214757,214790,214794,4,33
214757,214790,214795,5,33
214757,214791,214795,4,34
214757,214791,214795,4,34
214757,214792,214795,3,35
214757,214791,214795,4,34
214757,214792,214795,3,35
214757,214791,214795,4,34
214757,214793,214795,2,36
214757,214793,214796,3,36
214757,214792,214795,3,35
214757,214792,214796,4,35
214757,214792,214795,3,35
214757,214792,214796,4,35
214757,214790,214795,5,33
214757,214792,214796,4,35
214757,214793,214796,3,36
214757,214794,214796,2,37
214757,214792,214796,4,35
214757,214794,214796,2,37
214757,214794,214796,2,37
214757,214795,214796,1,38
214757,214794,214797,3,37
214757,214795,214796,1,38
214757,214793,214797,4,36
214757,214794,214797,3,37
214757,214793,214797,4,36
214757,214794,214797,3,37
214757,214792,214797,5,35
214757,214794,214797,3,37
214757,214792,214797,5,35
214757,214793,214797,4,36
214757,214794,214797,3,37
214757,214794,214797,3,37
214757,214794,214797,3,37
214757,214794,214797,3,37
214757,214794,214798,4,37
214757,214794,214797,3,37
214757,214794,214798,4,37
214757,214795,214798,3,38
214757,214795,214798,3,38
214757,214795,214798,3,38
214757,214795,214798,3,38
214757,214795,214799,4,38
213992,214000,214809,809,8
213867,213868,214809,941,1
214757,214787,214794,7,30
214757,214787,214796,9,30
214757,214792,214797,5,35
214757,214815,214818,3,58
213824,213824,214826,1002,0
214825,214825,214828,3,0
214825,214825,214828,3,0
214825,214825,214828,3,0
214825,214825,214828,3,0
214825,214825,214828,3,0
214825,214826,214829,3,1
214825,214826,214829,3,1
214825,214826,214829,3,1
214825,214825,214829,4,0
214825,214825,214829,4,0
214825,214825,214829,4,0
214825,214825,214829,4,0
214825,214825,214829,4,0
214825,214825,214829,4,0
214825,214825,214829,4,0
214825,214825,214829,4,0
214825,214825,214829,4,0
214825,214825,214829,4,0
214825,214825,214829,4,0
214825,214825,214829,4,0
214825,214826,214829,3,1
214825,214825,214829,4,0
214825,214825,214829,4,0
214825,214825,214829,4,0
214825,214825,214829,4,0
214825,214825,214829,4,0
214825,214825,214829,4,0
214825,214825,214829,4,0
214825,214825,214829,4,0
214825,214826,214830,4,1
214825,214826,214830,4,1
214825,214826,214830,4,1
214825,214825,214830,5,0
214825,214825,214830,5,0
214825,214825,214830,5,0
214825,214825,214830,5,0
214825,214825,214830,5,0
214825,214826,214830,4,1
214825,214825,214830,5,0
214825,214825,214830,5,0
214825,214825,214830,5,0
214825,214825,214830,5,0
214825,214825,214830,5,0
214825,214825,214830,5,0
214825,214825,214830,5,0
214825,214826,214830,4,1
214825,214826,214830,4,1
214825,214825,214830,5,0
214825,214825,214831,6,0
214825,214826,214832,6,1
214825,214830,214832,2,5
214825,214830,214832,2,5
214825,214830,214833,3,5
214825,214829,214832,3,4
214825,214830,214833,3,5
214825,214830,214832,2,5
214825,214829,214832,3,4
214825,214829,214833,4,4
214825,214829,214833,4,4
214825,214830,214832,2,5
214825,214829,214832,3,4
214825,214830,214834,4,5
214825,214830,214833,3,5
214825,214830,214833,3,5
214825,214830,214833,3,5
214825,214829,214833,4,4
214825,214830,214833,3,5
214825,214830,214833,3,5
214825,214830,214833,3,5
214825,214830,214834,4,5
214825,214831,214833,2,6
214825,214830,214833,3,5
214825,214831,214834,3,6
214825,214831,214834,3,6
214825,214830,214833,3,5
214825,214830,214834,4,5
214825,214830,214833,3,5
214825,214830,214833,3,5
214825,214831,214833,2,6
214825,214831,214835,4,6
214825,214831,214834,3,6
214825,214831,214834,3,6
214825,214831,214834,3,6
214825,214830,214834,4,5
214825,214830,214834,4,5
214825,214831,214834,3,6
214825,214831,214834,3,6
214825,214831,214834,3,6
214825,214831,214834,3,6
214825,214831,214834,3,6
214825,214831,214835,4,6
214825,214830,214834,4,5
214825,214831,214834,3,6
214825,214830,214834,4,5
214825,214831,214835,4,6
214825,214831,214834,3,6
214825,214831,214834,3,6
214825,214831,214835,4,6
214825,214833,214836,3,8
214825,214833,214836,3,8
214825,214833,214835,2,8
214825,214832,214835,3,7
214825,214833,214836,3,8
214825,214833,214835,2,8
214825,214833,214836,3,8
214825,214834,214836,2,9
214825,214833,214836,3,8
214825,214834,214836,2,9
214825,214834,214837,3,9
214825,214833,214836,3,8
214825,214834,214837,3,9
214825,214833,214837,4,8
214825,214834,214837,3,9
214825,214833,214836,3,8
214825,214833,214836,3,8
214825,214834,214837,3,9
214825,214833,214836,3,8
214825,214834,214837,3,9
214825,214834,214837,3,9
214825,214835,214837,2,10
214825,214834,214837,3,9
214825,214835,214838,3,10
214811,214813,214837,24,2
214825,214834,214838,4,9
214825,214835,214837,2,10
214825,214835,214838,3,10
214825,214834,214837,3,9
214825,214834,214837,3,9
214825,214834,214837,3,9
214825,214834,214837,3,9
214825,214834,214837,3,9
214825,214834,214838,4,9
214825,214834,214837,3,9
214825,214835,214838,3,10
214825,214835,214837,2,10
214825,214835,214838,3,10
214825,214835,214838,3,10
214825,214836,214838,2,11
214825,214835,214838,3,10
214825,214834,214838,4,9
214825,214835,214838,3,10
214825,214835,214838,3,10
214825,214835,214839,4,10
214825,214836,214838,2,11
214825,214835,214838,3,10
214825,214835,214839,4,10
214825,214835,214839,4,10
214825,214835,214838,3,10
214825,214835,214839,4,10
214825,214836,214839,3,11
214825,214836,214839,3,11
214825,214835,214839,4,10
214825,214835,214838,3,10
214825,214836,214839,3,11
214825,214837,214840,3,12
214825,214837,214840,3,12
214825,214838,214840,2,13
214825,214836,214840,4,11
214825,214838,214840,2,13
214825,214836,214840,4,11
214825,214837,214839,2,12
214825,214837,214841,4,12
214825,214837,214841,4,12
214825,214837,214841,4,12
214825,214837,214841,4,12
214825,214838,214841,3,13
214825,214837,214841,4,12
214825,214838,214841,3,13
214825,214837,214841,4,12
214825,214838,214841,3,13
214825,214837,214841,4,12
214825,214838,214841,3,13
214825,214838,214841,3,13
214825,214838,214841,3,13
214825,214838,214842,4,13
214825,214837,214841,4,12
214825,214837,214841,4,12
214825,214837,214841,4,12
214825,214838,214842,4,13
214825,214838,214841,3,13
214825,214837,214841,4,12
214825,214838,214842,4,13
214825,214838,214842,4,13
214825,214838,214842,4,13
214825,214837,214842,5,12
214825,214839,214842,3,14
214825,214839,214842,3,14
214825,214839,214842,3,14
214825,214839,214842,3,14
214825,214839,214843,4,14
214825,214839,214843,4,14
214825,214838,214842,4,13
214825,214839,214842,3,14
214825,214839,214843,4,14
214825,214840,214843,3,15
214825,214839,214843,4,14
214825,214839,214842,3,14
214825,214839,214843,4,14
214825,214839,214843,4,14
214825,214840,214843,3,15
214825,214840,214843,3,15
214825,214839,214843,4,14
214825,214840,214843,3,15
214825,214839,214843,4,14
214825,214839,214844,5,14
214825,214840,214844,4,15
214825,214841,214844,3,16
214825,214839,214843,4,14
214825,214839,214843,4,14
214825,214840,214844,4,15
214825,214840,214844,4,15
214825,214841,214844,3,16
214825,214841,214844,3,16
214825,214841,214844,3,16
214825,214841,214845,4,16
214825,214841,214844,3,16
214825,214841,214845,4,16
214825,214841,214845,4,16
214825,214842,214845,3,17
214825,214841,214845,4,16
214825,214842,214845,3,17
214825,214842,214845,3,17
214825,214842,214845,3,17
214825,214841,214845,4,16
214825,214841,214845,4,16
214825,214843,214845,2,18
214825,214843,214845,2,18
214825,214843,214845,2,18
214825,214843,214845,2,18
214825,214842,214845,3,17
214825,214842,214845,3,17
214825,214843,214845,2,18
214825,214843,214845,2,18
214825,214843,214846,3,18
214825,214843,214845,2,18
214825,214843,214845,2,18
214825,214842,214846,4,17
214825,214842,214845,3,17
214825,214842,214846,4,17
214825,214843,214846,3,18
214825,214843,214846,3,18
214825,214843,214846,3,18
214825,214843,214846,3,18
214825,214844,214847,3,19
214825,214844,214847,3,19
214825,214843,214846,3,18
214825,214843,214847,4,18
214825,214844,214847,3,19
214825,214845,214847,2,20
214825,214845,214847,2,20
214825,214844,214847,3,19
214825,214844,214847,3,19
214825,214844,214848,4,19
214825,214844,214847,3,19
214825,214845,214847,2,20
214825,214846,214848,2,21
214825,214846,214847,1,21
214825,214846,214847,1,21
214825,214846,214848,2,21
214825,214844,214847,3,19
214825,214845,214848,3,20
214825,214844,214848,4,19
214825,214844,214848,4,19
214825,214845,214848,3,20
214825,214845,214848,3,20
214825,214845,214848,3,20
214825,214845,214849,4,20
214825,214844,214848,4,19
214825,214844,214849,5,19
214825,214844,214849,5,19
214825,214845,214849,4,20
214825,214846,214849,3,21
214825,214846,214848,2,21
214825,214845,214849,4,20
214825,214846,214849,3,21
214825,214847,214849,2,22
214825,214846,214849,3,21
214825,214848,214850,2,23
214825,214848,214849,1,23
214825,214847,214850,3,22
214825,214848,214850,2,23
214825,214846,214850,4,21
214825,214846,214850,4,21
214825,214846,214849,3,21
214825,214846,214849,3,21
214825,214846,214850,4,21
214825,214846,214850,4,21
214825,214846,214850,4,21
214825,214847,214850,3,22
214825,214846,214850,4,21
214825,214848,214851,3,23
214825,214846,214850,4,21
214825,214847,214850,3,22
214825,214846,214850,4,21
214825,214846,214851,5,21
214825,214846,214850,4,21
214825,214848,214850,2,23
214825,214848,214851,3,23
214825,214846,214851,5,21
214825,214847,214851,4,22
214825,214848,214852,4,23
214825,214848,214851,3,23
214825,214848,214851,3,23
214825,214848,214852,4,23
214825,214846,214851,5,21
214825,214848,214851,3,23
214825,214848,214851,3,23
214825,214848,214851,3,23
214825,214848,214852,4,23
214825,214847,214852,5,22
214825,214850,214852,2,25
214825,214850,214852,2,25
214825,214848,214852,4,23
214825,214849,214852,3,24
214825,214849,214853,4,24
214825,214849,214852,3,24
213822,213822,214853,1031,0
214825,214848,214852,4,23
214825,214851,214853,2,26
214825,214850,214853,3,25
214825,214850,214853,3,25
214825,214850,214853,3,25
214825,214849,214853,4,24
214825,214850,214853,3,25
214825,214850,214853,3,25
214825,214850,214853,3,25
214825,214850,214853,3,25
214825,214849,214853,4,24
214825,214850,214854,4,25
214825,214851,214854,3,26
214825,214851,214854,3,26
214825,214850,214854,4,25
214825,214850,214854,4,25
214825,214850,214854,4,25
214825,214851,214854,3,26
214825,214850,214854,4,25
214825,214850,214853,3,25
214825,214851,214854,3,26
214825,214851,214854,3,26
214825,214851,214854,3,26
214825,214849,214854,5,24
214825,214850,214854,4,25
214825,214850,214854,4,25
214825,214852,214855,3,27
214825,214851,214854,3,26
214825,214851,214855,4,26
214825,214851,214855,4,26
214825,214852,214855,3,27
214825,214852,214855,3,27
214825,214852,214855,3,27
214825,214851,214854,3,26
214825,214852,214855,3,27
214825,214850,214855,5,25
214825,214852,214855,3,27
214825,214852,214855,3,27
214825,214852,214855,3,27
214825,214849,214855,6,24
214825,214851,214855,4,26
214825,214853,214855,2,28
214825,214853,214856,3,28
214826,214853,214856,3,27
214826,214853,214856,3,27
214825,214852,214855,3,27
214825,214853,214856,3,28
214826,214855,214857,2,29
214826,214853,214856,3,27
214826,214853,214856,3,27
214826,214853,214856,3,27
214826,214854,214856,2,28
214826,214854,214857,3,28
214826,214855,214857,2,29
214826,214853,214856,3,27
214826,214855,214857,2,29
214826,214855,214857,2,29
214826,214853,214857,4,27
214826,214853,214857,4,27
214826,214853,214857,4,27
214826,214853,214856,3,27
214826,214854,214857,3,28
214826,214854,214857,3,28
214826,214854,214858,4,28
214826,214854,214858,4,28
214826,214854,214858,4,28
214826,214854,214858,4,28
214826,214854,214858,4,28
214826,214854,214858,4,28
214826,214854,214858,4,28
214826,214854,214858,4,28
214826,214853,214858,5,27
214826,214854,214858,4,28
214826,214854,214858,4,28
214826,214854,214858,4,28
214826,214854,214858,4,28
214826,214855,214858,3,29
214826,214854,214858,4,28
214826,214856,214858,2,30
214826,214857,214859,2,31
214826,214857,214859,2,31
214826,214855,214858,3,29
214826,214855,214859,4,29
214826,214857,214859,2,31
214826,214857,214859,2,31
214826,214854,214859,5,28
214826,214855,214859,4,29
214826,214855,214859,4,29
214826,214855,214859,4,29
214826,214858,214859,1,32
214826,214855,214859,4,29
214826,214856,214859,3,30
214826,214856,214859,3,30
214826,214856,214859,3,30
214826,214856,214860,4,30
214826,214857,214860,3,31
214826,214857,214860,3,31
214826,214857,214859,2,31
214826,214855,214860,5,29
214826,214855,214860,5,29
214826,214855,214859,4,29
214826,214855,214860,5,29
214826,214855,214860,5,29
214826,214856,214860,4,30
214826,214858,214861,3,32
214826,214856,214861,5,30
214826,214857,214861,4,31
214826,214858,214860,2,32
214826,214857,214861,4,31
214826,214857,214860,3,31
214826,214857,214861,4,31
214826,214858,214861,3,32
214826,214858,214861,3,32
214826,214858,214861,3,32
214826,214857,214861,4,31
214826,214857,214861,4,31
214826,214858,214861,3,32
214826,214858,214861,3,32
214826,214858,214862,4,32
214826,214858,214862,4,32
214826,214858,214862,4,32
214826,214858,214862,4,32
214826,214859,214862,3,33
214826,214859,214862,3,33
214826,214859,214863,4,33
214826,214860,214863,3,34
214826,214859,214863,4,33
214826,214859,214862,3,33
214826,214859,214863,4,33
214826,214860,214863,3,34
214826,214859,214863,4,33
214826,214859,214863,4,33
214826,214859,214863,4,33
214826,214861,214863,2,35
214826,214861,214863,2,35
214826,214859,214863,4,33
214826,214859,214863,4,33
214826,214860,214863,3,34
214826,214860,214863,3,34
214826,214860,214863,3,34
214826,214860,214863,3,34
214826,214861,214863,2,35
214826,214861,214863,2,35
214826,214861,214863,2,35
214826,214860,214863,3,34
214826,214861,214864,3,35
214826,214860,214863,3,34
214826,214860,214863,3,34
214826,214861,214863,2,35
214826,214861,214864,3,35
214826,214859,214864,5,33
214826,214859,214864,5,33
214826,214860,214864,4,34
214826,214860,214864,4,34
214826,214860,214864,4,34
214826,214860,214864,4,34
214826,214861,214864,3,35
214826,214860,214864,4,34
214826,214861,214864,3,35
214826,214862,214864,2,36
214826,214862,214864,2,36
214826,214860,214864,4,34
214826,214862,214864,2,36
214826,214861,214864,3,35
214826,214861,214865,4,35
214844,214863,214865,2,19
214844,214864,214865,1,20
214844,214863,214866,3,19
214844,214864,214865,1,20
214844,214862,214865,3,18
214844,214862,214866,4,18
214844,214863,214866,3,19
214844,214862,214866,4,18
214844,214863,214867,4,19
214844,214863,214866,3,19
214844,214863,214866,3,19
214844,214865,214866,1,21
214844,214865,214866,1,21
214844,214865,214866,1,21
214844,214864,214866,2,20
214844,214863,214867,4,19
214844,214864,214866,2,20
214844,214864,214867,3,20
214844,214863,214866,3,19
214844,214863,214866,3,19
214844,214864,214867,3,20
214844,214864,214866,2,20
214844,214864,214866,2,20
214844,214864,214867,3,20
214844,214863,214867,4,19
214844,214864,214867,3,20
214844,214863,214866,3,19
214844,214863,214867,4,19
214844,214865,214867,2,21
214844,214864,214867,3,20
214844,214864,214867,3,20
214844,214864,214867,3,20
214844,214865,214867,2,21
214844,214865,214867,2,21
214844,214864,214867,3,20
214844,214864,214867,3,20
214844,214865,214868,3,21
214844,214864,214868,4,20
214844,214864,214869,5,20
214844,214865,214868,3,21
214844,214865,214868,3,21
214844,214865,214869,4,21
214844,214865,214868,3,21
214844,214864,214868,4,20
214844,214864,214868,4,20
214844,214865,214868,3,21
214844,214864,214869,5,20
214844,214867,214869,2,23
214844,214867,214869,2,23
214844,214866,214869,3,22
214844,214867,214869,2,23
214844,214865,214869,4,21
214844,214865,214870,5,21
214844,214866,214870,4,22
214844,214867,214869,2,23
214844,214867,214870,3,23
214844,214866,214870,4,22
214844,214866,214870,4,22
214844,214867,214869,2,23
214844,214867,214870,3,23
214844,214867,214869,2,23
214844,214866,214870,4,22
214844,214867,214870,3,23
214844,214865,214870,5,21
214844,214867,214870,3,23
214844,214867,214871,4,23
214844,214867,214870,3,23
214844,214867,214870,3,23
214844,214867,214871,4,23
214844,214867,214871,4,23
214844,214867,214870,3,23
214844,214868,214871,3,24
214844,214867,214870,3,23
214844,214867,214871,4,23
214844,214868,214871,3,24
213930,213937,214871,934,7
214844,214868,214871,3,24
214844,214867,214871,4,23
214844,214867,214871,4,23
214844,214867,214871,4,23
214844,214867,214870,3,23
214844,214868,214871,3,24
214844,214869,214872,3,25
214844,214867,214871,4,23
214844,214868,214871,3,24
214844,214868,214871,3,24
214844,214868,214871,3,24
214844,214868,214872,4,24
214844,214868,214872,4,24
214844,214869,214872,3,25
214844,214868,214872,4,24
214844,214870,214872,2,26
214844,214869,214872,3,25
214844,214870,214872,2,26
214844,214869,214872,3,25
214844,214871,214872,1,27
214844,214871,214873,2,27
214844,214869,214872,3,25
214844,214870,214872,2,26
214844,214869,214873,4,25
214844,214870,214872,2,26
214844,214870,214872,2,26
214844,214869,214872,3,25
214844,214870,214873,3,26
214844,214869,214873,4,25
214844,214869,214873,4,25
214844,214869,214873,4,25
214844,214869,214873,4,25
214844,214870,214873,3,26
214844,214869,214873,4,25
214844,214871,214874,3,27
214844,214871,214873,2,27
214844,214869,214873,4,25
214844,214870,214873,3,26
214844,214870,214873,3,26
214844,214870,214873,3,26
214844,214871,214873,2,27
214844,214871,214873,2,27
214844,214871,214874,3,27
214845,214871,214874,3,26
214845,214872,214874,2,27
214844,214870,214873,3,26
214845,214871,214874,3,26
214845,214871,214874,3,26
214845,214871,214874,3,26
214845,214871,214874,3,26
214844,214870,214874,4,26
214845,214871,214874,3,26
214845,214872,214875,3,27
214845,214872,214875,3,27
214845,214872,214875,3,27
214845,214872,214875,3,27
214845,214872,214875,3,27
214845,214871,214875,4,26
214845,214871,214874,3,26
214845,214871,214875,4,26
214845,214871,214875,4,26
214845,214871,214875,4,26
214845,214873,214875,2,28
214845,214872,214875,3,27
214845,214873,214876,3,28
214845,214873,214876,3,28
214845,214873,214876,3,28
214845,214873,214875,2,28
214845,214873,214875,2,28
214845,214872,214876,4,27
214845,214873,214876,3,28
214845,214873,214876,3,28
214845,214872,214876,4,27
214845,214873,214876,3,28
214845,214873,214876,3,28
214845,214873,214876,3,28
214845,214875,214877,2,30
214845,214873,214876,3,28
214845,214873,214877,4,28
214845,214874,214877,3,29
214845,214874,214877,3,29
214845,214873,214877,4,28
214845,214873,214877,4,28
214845,214874,214877,3,29
214845,214873,214877,4,28
214845,214873,214877,4,28
214845,214874,214877,3,29
214845,214874,214878,4,29
214845,214874,214878,4,29
214845,214875,214878,3,30
214845,214873,214878,5,28
214845,214874,214878,4,29
214845,214874,214878,4,29
214845,214875,214878,3,30
214845,214874,214878,4,29
214845,214874,214878,4,29
214845,214874,214878,4,29
214845,214874,214878,4,29
214845,214874,214879,5,29
214845,214875,214878,3,30
214845,214875,214878,3,30
214845,214874,214878,4,29
214845,214875,214878,3,30
214845,214876,214879,3,31
214845,214874,214879,5,29
214845,214876,214879,3,31
214845,214875,214879,4,30
214845,214875,214879,4,30
214845,214874,214879,5,29
214845,214875,214879,4,30
214845,214875,214879,4,30
214845,214876,214879,3,31
214845,214876,214880,4,31
214845,214876,214880,4,31
214845,214877,214879,2,32
214845,214877,214879,2,32
214845,214876,214880,4,31
214845,214876,214879,3,31
214845,214877,214880,3,32
214845,214876,214880,4,31
214845,214877,214880,3,32
214845,214876,214880,4,31
214845,214876,214880,4,31
214845,214877,214880,3,32
214845,214877,214880,3,32
214845,214876,214880,4,31
214845,214877,214880,3,32
214845,214877,214880,3,32
214845,214877,214880,3,32
214845,214877,214880,3,32
214845,214878,214880,2,33
214845,214876,214880,4,31
214845,214877,214880,3,32
214845,214878,214881,3,33
214845,214878,214881,3,33
214845,214877,214881,4,32
214845,214878,214881,3,33
214845,214879,214882,3,34
214845,214879,214881,2,34
214845,214877,214881,4,32
214845,214878,214881,3,33
214845,214879,214882,3,34
214845,214878,214882,4,33
214845,214879,214882,3,34
214845,214879,214882,3,34
214845,214878,214882,4,33
214845,214879,214882,3,34
214845,214879,214882,3,34
214845,214879,214882,3,34
214845,214879,214882,3,34
214845,214880,214882,2,35
214845,214880,214882,2,35
214845,214879,214882,3,34
214845,214879,214882,3,34
214845,214880,214882,2,35
214845,214879,214882,3,34
214845,214880,214883,3,35
214845,214880,214882,2,35
214845,214879,214882,3,34
214845,214880,214882,2,35
214845,214879,214882,3,34
214845,214880,214883,3,35
214845,214880,214883,3,35
214845,214880,214883,3,35
214845,214878,214900,22,33
214900,214901,214903,2,1
214900,214901,214902,1,1
214900,214901,214902,1,1
214900,214901,214903,2,1
214900,214901,214903,2,1
214900,214901,214904,3,1
214900,214901,214903,2,1
214900,214901,214903,2,1
214900,214901,214903,2,1
214900,214901,214903,2,1
214900,214901,214903,2,1
214900,214901,214903,2,1
214900,214901,214903,2,1
214900,214901,214904,3,1
214900,214901,214904,3,1
214900,214901,214904,3,1
214900,214901,214904,3,1
214900,214901,214905,4,1
214900,214901,214905,4,1
214900,214901,214904,3,1
214900,214901,214904,3,1
214900,214901,214904,3,1
214900,214901,214904,3,1
214900,214901,214904,3,1
214900,214901,214904,3,1
214900,214901,214904,3,1
214900,214901,214904,3,1
214900,214901,214904,3,1
214900,214901,214904,3,1
214900,214901,214904,3,1
214900,214901,214905,4,1
214900,214901,214905,4,1
214900,214901,214905,4,1
214900,214901,214905,4,1
214900,214901,214905,4,1
214900,214901,214905,4,1
214900,214901,214906,5,1
214900,214901,214905,4,1
214900,214901,214905,4,1
214900,214901,214905,4,1
214900,214901,214906,5,1
214900,214901,214905,4,1
214900,214901,214905,4,1
214900,214901,214905,4,1
214900,214901,214905,4,1
214900,214901,214905,4,1
214900,214903,214906,3,3
214900,214901,214906,5,1
214900,214901,214906,5,1
214900,214905,214906,1,5
214900,214903,214906,3,3
214900,214904,214907,3,4
214900,214905,214907,2,5
213830,213830,214907,1077,0
214900,214904,214907,3,4
214900,214903,214907,4,3
214900,214904,214908,4,4
214900,214905,214907,2,5
214900,214905,214908,3,5
214900,214905,214907,2,5
214900,214904,214907,3,4
214900,214905,214907,2,5
214900,214904,214907,3,4
214900,214904,214908,4,4
214900,214904,214908,4,4
214900,214905,214908,3,5
214900,214905,214909,4,5
214900,214905,214908,3,5
214900,214906,214909,3,6
214900,214904,214908,4,4
214900,214906,214909,3,6
214900,214904,214908,4,4
214900,214904,214908,4,4
214900,214905,214909,4,5
214900,214905,214909,4,5
214900,214905,214908,3,5
214900,214905,214908,3,5
214900,214905,214908,3,5
214900,214905,214909,4,5
214900,214905,214908,3,5
214900,214906,214909,3,6
214900,214905,214909,4,5
214900,214906,214909,3,6
214900,214906,214909,3,6
214900,214906,214910,4,6
214900,214907,214910,3,7
214900,214906,214909,3,6
214900,214906,214910,4,6
214900,214906,214909,3,6
214900,214906,214909,3,6
214900,214906,214909,3,6
214900,214908,214910,2,8
214900,214906,214909,3,6
214900,214906,214909,3,6
214900,214907,214910,3,7
214900,214906,214909,3,6
214900,214907,214910,3,7
214900,214908,214909,1,8
214900,214908,214909,1,8
214900,214906,214909,3,6
214900,214907,214910,3,7
214900,214908,214909,1,8
214885,214885,214909,24,0
214900,214906,214910,4,6
214900,214908,214911,3,8
214900,214907,214910,3,7
214900,214908,214910,2,8
214900,214906,214910,4,6
214900,214908,214911,3,8
214900,214908,214911,3,8
214900,214909,214911,2,9
214900,214909,214911,2,9
214900,214907,214911,4,7
214900,214909,214912,3,9
214900,214908,214911,3,8
214900,214908,214911,3,8
214900,214908,214911,3,8
214900,214908,214912,4,8
214901,214910,214912,2,9
214901,214909,214912,3,8
214901,214910,214912,2,9
214901,214909,214912,3,8
214900,214909,214912,3,9
214900,214909,214913,4,9
214901,214909,214913,4,8
214901,214909,214913,4,8
214901,214911,214913,2,10
214901,214909,214912,3,8
214901,214909,214913,4,8
214901,214909,214913,4,8
214901,214909,214913,4,8
214901,214910,214913,3,9
214901,214909,214913,4,8
214901,214909,214913,4,8
214901,214910,214912,2,9
214901,214910,214913,3,9
214901,214910,214913,3,9
214901,214910,214913,3,9
214901,214909,214913,4,8
214901,214910,214913,3,9
214901,214911,214914,3,10
213833,213833,214913,1080,0
214901,214910,214914,4,9
214901,214910,214913,3,9
214901,214910,214914,4,9
214901,214910,214914,4,9
214901,214910,214914,4,9
214901,214910,214914,4,9
214901,214910,214914,4,9
214901,214910,214914,4,9
214901,214911,214914,3,10
214901,214910,214914,4,9
214901,214910,214914,4,9
214901,214910,214914,4,9
214901,214910,214914,4,9
214901,214910,214914,4,9
214901,214912,214915,3,11
214901,214912,214915,3,11
214901,214913,214915,2,12
214901,214911,214915,4,10
214901,214911,214915,4,10
214901,214912,214916,4,11
214901,214912,214915,3,11
214901,214913,214916,3,12
214901,214913,214916,3,12
214901,214912,214915,3,11
214901,214912,214916,4,11
214901,214912,214916,4,11
214901,214912,214916,4,11
214901,214913,214916,3,12
214901,214913,214915,2,12
214901,214913,214916,3,12
214901,214913,214916,3,12
214901,214913,214916,3,12
214901,214912,214916,4,11
214901,214912,214916,4,11
214900,214901,214916,15,1
214901,214912,214916,4,11
214901,214912,214917,5,11
214901,214913,214916,3,12
214901,214912,214916,4,11
214901,214912,214916,4,11
214901,214913,214917,4,12
214901,214913,214917,4,12
214901,214913,214917,4,12
214901,214913,214917,4,12
214901,214913,214917,4,12
214901,214913,214917,4,12
214901,214915,214917,2,14
214901,214913,214917,4,12
214901,214915,214917,2,14
214901,214914,214918,4,13
214901,214914,214918,4,13
214901,214914,214918,4,13
214901,214914,214918,4,13
214901,214914,214918,4,13
214901,214914,214918,4,13
214901,214914,214918,4,13
214901,214914,214918,4,13
214901,214913,214918,5,12
214901,214915,214918,3,14
214901,214916,214918,2,15
214901,214916,214918,2,15
214901,214913,214918,5,12
214901,214915,214919,4,14
214900,214901,214919,18,1
214901,214914,214918,4,13
214901,214915,214919,4,14
214901,214915,214919,4,14
214901,214915,214919,4,14
214901,214916,214919,3,15
214901,214915,214919,4,14
214901,214917,214919,2,16
214901,214916,214919,3,15
214901,214917,214919,2,16
214901,214916,214919,3,15
214901,214917,214920,3,16
214901,214916,214920,4,15
214901,214917,214920,3,16
214901,214916,214920,4,15
214901,214916,214920,4,15
214901,214917,214920,3,16
214901,214916,214920,4,15
214901,214917,214920,3,16
214901,214917,214920,3,16
214901,214916,214920,4,15
214901,214917,214920,3,16
214901,214917,214920,3,16
214901,214916,214920,4,15
214901,214916,214920,4,15
214901,214917,214920,3,16
214901,214917,214920,3,16
214901,214917,214920,3,16
214901,214918,214921,3,17
214901,214918,214920,2,17
214901,214917,214920,3,16
214901,214918,214921,3,17
214901,214917,214920,3,16
214901,214917,214920,3,16
214901,214918,214920,2,17
214901,214918,214920,2,17
214901,214918,214921,3,17
214901,214917,214922,5,16
214921,214921,214923,2,0
214921,214921,214923,2,0
214921,214921,214923,2,0
214921,214921,214924,3,0
214921,214921,214923,2,0
214921,214921,214923,2,0
214921,214921,214923,2,0
214921,214921,214924,3,0
214921,214921,214923,2,0
214921,214921,214924,3,0
214921,214921,214924,3,0
214921,214921,214924,3,0
214921,214921,214925,4,0
214921,214921,214924,3,0
214921,214921,214925,4,0
214921,214921,214925,4,0
214921,214921,214924,3,0
214921,214921,214924,3,0
214921,214921,214924,3,0
214921,214921,214925,4,0
214921,214921,214924,3,0
214921,214921,214924,3,0
214921,214921,214924,3,0
214921,214921,214924,3,0
214921,214921,214925,4,0
214921,214921,214924,3,0
214921,214921,214924,3,0
214921,214921,214924,3,0
214921,214921,214925,4,0
214921,214921,214924,3,0
214921,214921,214925,4,0
214921,214921,214924,3,0
214921,214921,214925,4,0
213836,213836,214925,1089,0
214921,214921,214925,4,0
214921,214921,214925,4,0
214921,214921,214926,5,0
214921,214921,214925,4,0
214921,214921,214925,4,0
214921,214921,214925,4,0
214921,214921,214925,4,0
214921,214921,214925,4,0
214921,214921,214925,4,0
214921,214921,214925,4,0
214921,214921,214925,4,0
214921,214921,214925,4,0
214921,214921,214925,4,0
214921,214921,214925,4,0
214921,214922,214926,4,1
214921,214921,214925,4,0
214921,214923,214927,4,2
214921,214921,214926,5,0
214921,214925,214927,2,4
214921,214925,214927,2,4
214921,214923,214927,4,2
214921,214925,214928,3,4
214921,214924,214928,4,3
214921,214924,214928,4,3
214921,214925,214928,3,4
214921,214925,214928,3,4
214921,214925,214928,3,4
214921,214925,214928,3,4
214921,214924,214927,3,3
214921,214924,214928,4,3
214921,214924,214928,4,3
214921,214925,214928,3,4
214921,214923,214927,4,2
214921,214924,214928,4,3
214921,214924,214928,4,3
214921,214924,214928,4,3
214921,214925,214928,3,4
214921,214925,214929,4,4
214921,214925,214928,3,4
214921,214926,214929,3,5
214921,214926,214929,3,5
214921,214925,214928,3,4
214921,214925,214929,4,4
214921,214925,214928,3,4
214921,214925,214929,4,4
214921,214925,214928,3,4
214921,214925,214928,3,4
214921,214925,214928,3,4
214921,214925,214928,3,4
214921,214925,214929,4,4
214921,214926,214929,3,5
214921,214926,214930,4,5
214921,214925,214929,4,4
214921,214927,214929,2,6
214921,214926,214930,4,5
214921,214926,214930,4,5
214921,214926,214930,4,5
214921,214926,214930,4,5
214921,214927,214930,3,6
214921,214928,214930,2,7
214921,214925,214929,4,4
214921,214926,214929,3,5
214921,214925,214929,4,4
214921,214926,214930,4,5
214921,214928,214930,2,7
214921,214926,214930,4,5
214921,214926,214930,4,5
214921,214926,214930,4,5
214921,214928,214930,2,7
214921,214926,214930,4,5
214921,214927,214930,3,6
214921,214926,214930,4,5
214921,214927,214930,3,6
214921,214928,214931,3,7
214921,214928,214930,2,7
214921,214926,214930,4,5
214921,214928,214931,3,7
214921,214928,214931,3,7
214921,214927,214931,4,6
214921,214926,214930,4,5
214921,214928,214931,3,7
214921,214928,214931,3,7
214921,214928,214931,3,7
214921,214928,214931,3,7
214921,214928,214931,3,7
214921,214929,214932,3,8
214921,214928,214932,4,7
214921,214930,214932,2,9
214921,214930,214932,2,9
214921,214929,214932,3,8
214921,214929,214932,3,8
214921,214930,214932,2,9
214921,214928,214932,4,7
214921,214930,214933,3,9
214921,214931,214932,1,10
214921,214928,214932,4,7
214921,214929,214933,4,8
214921,214929,214932,3,8
214921,214929,214932,3,8
214921,214929,214933,4,8
214921,214929,214932,3,8
214921,214930,214933,3,9
214921,214929,214933,4,8
214921,214929,214933,4,8
214921,214930,214933,3,9
214921,214929,214933,4,8
214921,214929,214933,4,8
214921,214932,214933,1,11
214921,214930,214933,3,9
214921,214930,214934,4,9
214921,214930,214934,4,9
214921,214930,214934,4,9
214921,214930,214934,4,9
214921,214930,214934,4,9
214921,214930,214934,4,9
214921,214930,214934,4,9
214921,214930,214934,4,9
214921,214929,214933,4,8
214921,214930,214934,4,9
214921,214930,214934,4,9
214921,214930,214934,4,9
214921,214932,214934,2,11
214921,214931,214935,4,10
214921,214933,214934,1,12
214921,214933,214935,2,12
214921,214933,214935,2,12
214921,214931,214935,4,10
214921,214930,214934,4,9
214921,214931,214934,3,10
214921,214930,214935,5,9
214921,214931,214935,4,10
214921,214931,214935,4,10
214921,214931,214935,4,10
214921,214931,214935,4,10
214921,214931,214935,4,10
214921,214931,214935,4,10
214921,214932,214935,3,11
214921,214931,214935,4,10
214921,214932,214935,3,11
214921,214932,214936,4,11
214921,214933,214936,3,12
214921,214932,214936,4,11
214921,214931,214936,5,10
214921,214933,214936,3,12
214921,214932,214936,4,11
214921,214934,214937,3,13
214921,214933,214936,3,12
214921,214933,214936,3,12
214921,214933,214936,3,12
214921,214933,214936,3,12
214921,214933,214936,3,12
214921,214934,214937,3,13
213827,213827,214937,1110,0
214921,214934,214937,3,13
214921,214934,214937,3,13
214921,214934,214937,3,13
214921,214935,214938,3,14
214921,214935,214937,2,14
214921,214932,214937,5,11
214921,214934,214937,3,13
214921,214934,214937,3,13
214921,214933,214937,4,12
214921,214934,214938,4,13
214921,214934,214937,3,13
214921,214934,214937,3,13
214921,214935,214937,2,14
214921,214933,214937,4,12
214921,214933,214938,5,12
214921,214934,214938,4,13
214921,214935,214938,3,14
214921,214934,214938,4,13
214921,214934,214938,4,13
214921,214936,214938,2,15
214921,214936,214939,3,15
214921,214936,214938,2,15
214921,214935,214938,3,14
214921,214935,214939,4,14
214921,214935,214938,3,14
214921,214935,214938,3,14
214921,214936,214939,3,15
214921,214937,214939,2,16
214921,214936,214939,3,15
214921,214935,214939,4,14
214921,214935,214939,4,14
214921,214935,214939,4,14
214921,214936,214939,3,15
214921,214936,214939,3,15
214921,214935,214939,4,14
214921,214936,214939,3,15
214921,214937,214940,3,16
214921,214936,214939,3,15
214921,214936,214939,3,15
214921,214936,214939,3,15
214921,214937,214939,2,16
214921,214937,214939,2,16
214921,214936,214939,3,15
214921,214937,214939,2,16
214921,214937,214940,3,16
214921,214937,214939,2,16
214921,214937,214939,2,16
214921,214937,214940,3,16
214921,214937,214940,3,16
214921,214938,214940,2,17
214921,214936,214940,4,15
214921,214937,214940,3,16
214921,214938,214940,2,17
214921,214937,214940,3,16
214921,214938,214941,3,17
214059,214067,214958,891,8
214959,214959,214967,8,0
214967,214967,214969,2,0
214967,214967,214969,2,0
214967,214967,214970,3,0
214967,214967,214970,3,0
214967,214967,214970,3,0
214967,214967,214970,3,0
214967,214967,214970,3,0
214967,214967,214970,3,0
214967,214967,214970,3,0
214967,214967,214970,3,0
214967,214967,214970,3,0
214967,214967,214971,4,0
214967,214967,214971,4,0
214967,214967,214971,4,0
214967,214967,214971,4,0
214967,214967,214971,4,0
214967,214967,214971,4,0
214967,214968,214971,3,1
214967,214967,214971,4,0
214967,214967,214971,4,0
214967,214967,214971,4,0
214967,214967,214971,4,0
214967,214967,214971,4,0
214967,214967,214971,4,0
214967,214967,214971,4,0
214967,214967,214971,4,0
214967,214968,214972,4,1
214967,214968,214972,4,1
214967,214967,214972,5,0
214967,214967,214972,5,0
214967,214967,214972,5,0
214967,214967,214972,5,0
214967,214967,214972,5,0
214967,214967,214972,5,0
214967,214967,214972,5,0
214967,214967,214972,5,0
214967,214967,214972,5,0
214967,214967,214972,5,0
214967,214967,214972,5,0
214967,214967,214972,5,0
214967,214967,214972,5,0
214967,214967,214972,5,0
214967,214967,214972,5,0
214967,214967,214972,5,0
214967,214967,214972,5,0
214967,214967,214972,5,0
214967,214967,214972,5,0
214967,214967,214973,6,0
214967,214967,214972,5,0
214967,214968,214973,5,1
214967,214968,214973,5,1
214967,214967,214973,6,0
214967,214969,214973,4,2
214967,214972,214973,1,5
214967,214972,214973,1,5
214967,214967,214973,6,0
214967,214972,214974,2,5
214967,214969,214973,4,2
214967,214971,214973,2,4
214967,214970,214974,4,3
214967,214972,214974,2,5
214967,214972,214974,2,5
214967,214970,214974,4,3
214967,214972,214975,3,5
214967,214971,214975,4,4
214967,214971,214975,4,4
214967,214970,214974,4,3
214967,214970,214974,4,3
214967,214971,214975,4,4
214967,214971,214974,3,4
214967,214972,214975,3,5
214967,214971,214975,4,4
214967,214972,214975,3,5
214967,214973,214976,3,6
214967,214972,214975,3,5
214967,214973,214976,3,6
214967,214972,214975,3,5
214967,214972,214975,3,5
214967,214972,214975,3,5
214967,214972,214975,3,5
214967,214974,214976,2,7
214967,214975,214976,1,8
214967,214975,214976,1,8
214967,214973,214976,3,6
214967,214973,214976,3,6
214967,214973,214976,3,6
214967,214973,214976,3,6
214967,214974,214976,2,7
214967,214974,214977,3,7
214967,214973,214976,3,6
214967,214973,214976,3,6
214967,214974,214977,3,7
214967,214973,214977,4,6
214967,214973,214977,4,6
214967,214973,214977,4,6
214967,214973,214976,3,6
214967,214973,214976,3,6
214967,214973,214976,3,6
214967,214975,214977,2,8
214967,214973,214976,3,6
214967,214973,214977,4,6
214967,214973,214976,3,6
214967,214973,214976,3,6
214967,214973,214976,3,6
214967,214974,214977,3,7
214967,214973,214976,3,6
214967,214973,214977,4,6
214967,214973,214977,4,6
214967,214973,214977,4,6
214967,214974,214977,3,7
214967,214975,214977,2,8
214967,214975,214978,3,8
214967,214975,214977,2,8
214967,214974,214978,4,7
214967,214974,214978,4,7
214967,214975,214977,2,8
214967,214975,214977,2,8
214967,214976,214979,3,9
214967,214977,214979,2,10
214967,214977,214979,2,10
214967,214975,214978,3,8
214967,214975,214979,4,8
214967,214975,214978,3,8
214967,214976,214979,3,9
214967,214976,214979,3,9
214967,214976,214979,3,9
214967,214976,214979,3,9
214967,214976,214979,3,9
214967,214977,214979,2,10
214967,214977,214979,2,10
214967,214976,214979,3,9
214967,214977,214980,3,10
214967,214977,214980,3,10
214967,214977,214979,2,10
214967,214976,214980,4,9
214967,214976,214979,3,9
214967,214976,214979,3,9
214967,214976,214980,4,9
214967,214977,214980,3,10
214967,214977,214980,3,10
214967,214977,214980,3,10
214967,214972,214980,8,5
214967,214977,214980,3,10
214967,214977,214981,4,10
214967,214978,214981,3,11
214967,214978,214980,2,11
214967,214978,214981,3,11
214967,214977,214981,4,10
214967,214977,214981,4,10
214967,214977,214981,4,10
214967,214977,214980,3,10
214967,214977,214981,4,10
214967,214978,214980,2,11
214967,214977,214981,4,10
214967,214977,214981,4,10
214967,214977,214981,4,10
214967,214977,214981,4,10
214967,214974,214982,8,7
214967,214974,214981,7,7
214967,214977,214981,4,10
214967,214978,214981,3,11
214967,214977,214981,4,10
214967,214977,214981,4,10
214967,214977,214982,5,10
214967,214978,214982,4,11
214967,214977,214982,5,10
214967,214978,214982,4,11
214967,214978,214982,4,11
214967,214980,214983,3,13
214967,214981,214983,2,14
214967,214978,214982,4,11
214967,214979,214983,4,12
214967,214980,214983,3,13
214967,214980,214982,2,13
214967,214980,214983,3,13
214967,214979,214983,4,12
214967,214980,214983,3,13
214967,214980,214983,3,13
214967,214979,214983,4,12
214967,214979,214983,4,12
214967,214980,214983,3,13
214967,214980,214984,4,13
214967,214980,214984,4,13
214967,214980,214984,4,13
214967,214981,214984,3,14
214967,214980,214983,3,13
214967,214980,214984,4,13
214967,214981,214984,3,14
214967,214978,214984,6,11
214967,214979,214984,5,12
214967,214980,214983,3,13
214967,214979,214983,4,12
214967,214979,214983,4,12
214967,214981,214984,3,14
214967,214981,214984,3,14
214967,214981,214984,3,14
214967,214981,214984,3,14
214967,214981,214984,3,14
214967,214981,214985,4,14
214967,214981,214985,4,14
214967,214981,214985,4,14
214967,214981,214985,4,14
214967,214982,214985,3,15
214967,214980,214985,5,13
214967,214981,214984,3,14
214967,214981,214985,4,14
214967,214981,214985,4,14
214967,214981,214984,3,14
214967,214982,214985,3,15
214967,214982,214985,3,15
214967,214981,214985,4,14
214967,214983,214985,2,16
214967,214981,214986,5,14
214967,214982,214986,4,15
214967,214982,214986,4,15
214967,214983,214986,3,16
214967,214983,214986,3,16
214967,214982,214986,4,15
214967,214983,214986,3,16
214967,214983,214986,3,16
214967,214982,214986,4,15
214967,214982,214986,4,15
214967,214982,214986,4,15
214967,214983,214986,3,16
214967,214984,214987,3,17
214967,214984,214987,3,17
214967,214984,214987,3,17
214967,214982,214986,4,15
214967,214983,214987,4,16
214967,214984,214987,3,17
214967,214984,214987,3,17
214967,214983,214987,4,16
214967,214983,214987,4,16
214967,214983,214987,4,16
214967,214983,214987,4,16
214984,214984,214987,3,0
214967,214983,214987,4,16
214967,214982,214987,5,15
214967,214982,214987,5,15
214967,214983,214987,4,16
214967,214984,214987,3,17
214984,214984,214988,4,0
214984,214984,214988,4,0
214984,214986,214988,2,2
214984,214984,214988,4,0
214984,214986,214988,2,2
214984,214984,214988,4,0
214984,214984,214988,4,0
214984,214984,214988,4,0
214984,214985,214988,3,1
214984,214986,214988,2,2
214984,214986,214988,2,2
214984,214985,214988,3,1
214984,214986,214989,3,2
214984,214985,214989,4,1
214984,214985,214989,4,1
214984,214984,214988,4,0
214984,214986,214988,2,2
214984,214985,214989,4,1
214984,214987,214989,2,3
214984,214985,214989,4,1
214984,214985,214989,4,1
214984,214985,214989,4,1
214984,214985,214989,4,1
214984,214988,214990,2,4
214984,214986,214989,3,2
214984,214986,214989,3,2
214984,214986,214990,4,2
214984,214987,214990,3,3
214984,214987,214990,3,3
214984,214987,214990,3,3
214984,214987,214990,3,3
214984,214988,214990,2,4
214984,214987,214990,3,3
214984,214987,214990,3,3
214984,214987,214991,4,3
214984,214987,214990,3,3
214984,214987,214991,4,3
214984,214988,214991,3,4
214984,214986,214989,3,2
214984,214987,214990,3,3
214984,214987,214991,4,3
214984,214987,214991,4,3
214984,214987,214991,4,3
214984,214990,214991,1,6
214984,214987,214991,4,3
214984,214988,214991,3,4
214984,214987,214991,4,3
214984,214989,214992,3,5
214984,214989,214991,2,5
214984,214986,214991,5,2
214984,214988,214992,4,4
214984,214989,214992,3,5
214984,214988,214992,4,4
214984,214989,214992,3,5
214984,214989,214992,3,5
214984,214990,214992,2,6
214984,214989,214992,3,5
214984,214990,214992,2,6
214984,214989,214992,3,5
214984,214990,214993,3,6
214984,214989,214992,3,5
214984,214989,214993,4,5
214984,214989,214992,3,5
214984,214989,214993,4,5
214984,214989,214993,4,5
214984,214988,214993,5,4
214984,214987,214992,5,3
214984,214988,214992,4,4
214984,214989,214993,4,5
214984,214990,214993,3,6
214984,214989,214993,4,5
214984,214990,214993,3,6
214984,214990,214993,3,6
214984,214990,214993,3,6
214984,214990,214993,3,6
214984,214991,214994,3,7
214984,214991,214993,2,7
214984,214990,214994,4,6
214984,214990,214994,4,6
214984,214990,214994,4,6
214984,214992,214994,2,8
214984,214991,214994,3,7
214984,214992,214994,2,8
214984,214991,214994,3,7
214984,214991,214994,3,7
214984,214993,214995,2,9
214984,214993,214995,2,9
214984,214991,214995,4,7
214984,214992,214995,3,8
214984,214991,214994,3,7
214984,214991,214994,3,7
214984,214991,214995,4,7
214984,214991,214994,3,7
214984,214992,214994,2,8
214984,214987,214995,8,3
214984,214990,214995,5,6
214984,214991,214995,4,7
214984,214992,214995,3,8
214984,214993,214996,3,9
214984,214993,214996,3,9
214984,214993,214995,2,9
214984,214992,214995,3,8
214984,214992,214995,3,8
214984,214993,214996,3,9
214984,214993,214996,3,9
214984,214993,214995,2,9
214984,214993,214996,3,9
214984,214992,214996,4,8
214984,214992,214996,4,8
214984,214992,214996,4,8
214984,214993,214996,3,9
214984,214993,214996,3,9
214984,214990,214997,7,6
214984,214993,214996,3,9
214984,214993,214996,3,9
214984,214993,214996,3,9
214984,214993,214996,3,9
214984,214993,214997,4,9
214989,214990,214997,7,1
214984,214991,214998,7,7
215021,215022,215024,2,1
215021,215022,215024,2,1
215021,215022,215024,2,1
215021,215022,215024,2,1
215021,215022,215025,3,1
215021,215022,215025,3,1
215021,215022,215025,3,1
215021,215022,215025,3,1
215021,215022,215025,3,1
215021,215022,215026,4,1
215021,215022,215025,3,1
215021,215022,215025,3,1
215021,215022,215026,4,1
215021,215022,215025,3,1
215021,215022,215025,3,1
215021,215022,215026,4,1
215021,215022,215026,4,1
215021,215022,215025,3,1
215021,215022,215026,4,1
215021,215022,215026,4,1
215021,215022,215026,4,1
215021,215022,215026,4,1
215021,215022,215027,5,1
215021,215022,215026,4,1
215021,215022,215027,5,1
215021,215022,215026,4,1
215021,215022,215026,4,1
215021,215022,215026,4,1
215021,215022,215026,4,1
215021,215022,215026,4,1
215021,215022,215026,4,1
215021,215022,215026,4,1
215021,215022,215027,5,1
215021,215022,215026,4,1
215021,215022,215026,4,1
215021,215022,215027,5,1
215021,215022,215027,5,1
215021,215022,215027,5,1
215021,215022,215026,4,1
215021,215022,215026,4,1
215021,215022,215026,4,1
215021,215022,215027,5,1
215021,215022,215027,5,1
215021,215022,215028,6,1
215021,215022,215027,5,1
215021,215022,215027,5,1
215021,215022,215027,5,1
215021,215022,215027,5,1
215021,215024,215027,3,3
215021,215022,215027,5,1
215021,215026,215028,2,5
215021,215022,215027,5,1
215021,215026,215028,2,5
215021,215026,215027,1,5
215021,215026,215027,1,5
215021,215024,215027,3,3
215018,215018,215027,9,0
215021,215025,215029,4,4
215021,215026,215028,2,5
215021,215026,215029,3,5
215021,215026,215029,3,5
215021,215026,215028,2,5
215021,215026,215029,3,5
215021,215027,215029,2,6
215021,215027,215030,3,6
215021,215026,215029,3,5
215021,215026,215029,3,5
215021,215026,215030,4,5
215021,215025,215029,4,4
215021,215026,215029,3,5
215021,215026,215030,4,5
215021,215027,215030,3,6
215021,215026,215030,4,5
215021,215027,215029,2,6
215021,215027,215029,2,6
215021,215026,215030,4,5
215021,215026,215029,3,5
215021,215027,215030,3,6
215021,215027,215031,4,6
215021,215027,215030,3,6
215021,215027,215031,4,6
215021,215028,215030,2,7
215021,215027,215030,3,6
215021,215027,215030,3,6
215021,215029,215031,2,8
215021,215029,215031,2,8
215021,215026,215030,4,5
215021,215027,215030,3,6
215021,215027,215030,3,6
215021,215027,215030,3,6
215021,215027,215031,4,6
215021,215028,215031,3,7
215021,215027,215031,4,6
215021,215028,215032,4,7
215021,215028,215031,3,7
215021,215028,215032,4,7
215021,215028,215031,3,7
215021,215029,215032,3,8
215021,215028,215032,4,7
215021,215028,215032,4,7
215021,215028,215031,3,7
215021,215029,215031,2,8
215021,215029,215031,2,8
215021,215028,215032,4,7
215021,215028,215031,3,7
215021,215029,215032,3,8
215021,215027,215031,4,6
215021,215028,215032,4,7
215021,215028,215031,3,7
215021,215028,215032,4,7
215021,215030,215032,2,9
215021,215030,215033,3,9
215021,215030,215033,3,9
215021,215030,215033,3,9
215021,215030,215033,3,9
215021,215030,215033,3,9
215021,215030,215033,3,9
214155,214164,215038,874,9
215021,215022,215027,5,1
214106,214126,215043,917,20
215041,215041,215044,3,0
215041,215041,215044,3,0
215041,215041,215044,3,0
215041,215041,215044,3,0
215041,215042,215045,3,1
215041,215042,215045,3,1
215041,215041,215045,4,0
215041,215041,215045,4,0
215041,215041,215045,4,0
215041,215041,215044,3,0
215041,215041,215045,4,0
215041,215041,215045,4,0
215041,215041,215045,4,0
215041,215041,215045,4,0
215041,215041,215045,4,0
215041,215041,215045,4,0
215041,215041,215045,4,0
215041,215041,215045,4,0
215041,215041,215045,4,0
215041,215041,215044,3,0
215041,215041,215045,4,0
215041,215041,215045,4,0
215041,215041,215045,4,0
215021,215043,215046,3,22
215041,215041,215046,5,0
215041,215042,215046,4,1
215041,215042,215045,3,1
215041,215041,215046,5,0
215041,215041,215046,5,0
215041,215041,215046,5,0
215041,215041,215046,5,0
215041,215041,215046,5,0
215041,215041,215046,5,0
215041,215041,215046,5,0
215041,215041,215046,5,0
215041,215041,215046,5,0
215041,215041,215046,5,0
215041,215041,215046,5,0
215041,215041,215047,6,0
215041,215041,215046,5,0
215041,215041,215046,5,0
215041,215041,215046,5,0
215041,215041,215046,5,0
215041,215041,215046,5,0
215021,215043,215046,3,22
215021,215043,215047,4,22
215041,215043,215046,3,2
215041,215041,215046,5,0
215041,215041,215047,6,0
215041,215046,215047,1,5
215041,215046,215047,1,5
215041,215046,215047,1,5
215041,215046,215047,1,5
215041,215041,215047,6,0
215041,215041,215047,6,0
215041,215044,215048,4,3
215041,215046,215049,3,5
215041,215045,215048,3,4
215041,215044,215048,4,3
215041,215046,215049,3,5
215041,215047,215048,1,6
215041,215044,215048,4,3
215041,215046,215049,3,5
215041,215047,215049,2,6
215041,215044,215049,5,3
215041,215046,215049,3,5
215041,215046,215049,3,5
215041,215046,215049,3,5
215041,215046,215049,3,5
215041,215047,215050,3,6
215041,215047,215049,2,6
215041,215046,215050,4,5
215041,215047,215049,2,6
215041,215046,215050,4,5
215041,215046,215050,4,5
215041,215047,215049,2,6
215041,215047,215050,3,6
215041,215046,215050,4,5
215041,215047,215050,3,6
215041,215046,215049,3,5
215041,215048,215050,2,7
215041,215046,215050,4,5
215041,215047,215050,3,6
215041,215046,215050,4,5
215041,215047,215050,3,6
215041,215047,215051,4,6
215041,215048,215051,3,7
215041,215047,215050,3,6
215041,215047,215050,3,6
215041,215048,215050,2,7
215041,215047,215050,3,6
215041,215047,215051,4,6
215041,215047,215050,3,6
215041,215047,215050,3,6
215041,215049,215051,2,8
215041,215046,215051,5,5
215041,215048,215051,3,7
215041,215049,215051,2,8
215041,215047,215051,4,6
215041,215047,215050,3,6
215041,215047,215050,3,6
215041,215049,215051,2,8
215041,215046,215050,4,5
215041,215048,215050,2,7
215041,215048,215050,2,7
215041,215048,215050,2,7
215041,215046,215051,5,5
215041,215047,215051,4,6
215041,215047,215051,4,6
215041,215049,215051,2,8
215041,215050,215052,2,9
215041,215049,215052,3,8
215041,215049,215051,2,8
215041,215049,215052,3,8
215041,215049,215051,2,8
215041,215048,215051,3,7
215041,215049,215051,2,8
215041,215050,215052,2,9
215041,215050,215052,2,9
215041,215050,215052,2,9
215041,215050,215052,2,9
215044,215050,215053,3,6
215044,215050,215053,3,6
215044,215051,215053,2,7
215044,215051,215053,2,7
215044,215050,215053,3,6
215044,215051,215053,2,7
215041,215050,215053,3,9
215041,215050,215053,3,9
215044,215051,215054,3,7
215044,215051,215054,3,7
215044,215050,215053,3,6
215044,215051,215054,3,7
215044,215051,215053,2,7
215044,215050,215053,3,6
215044,215050,215054,4,6
215044,215051,215054,3,7
215044,215050,215053,3,6
215044,215050,215053,3,6
215044,215051,215054,3,7
215044,215050,215054,4,6
215044,215051,215055,4,7
215044,215051,215054,3,7
215044,215051,215055,4,7
215044,215051,215054,3,7
215044,215051,215055,4,7
215044,215051,215055,4,7
215044,215051,215055,4,7
215044,215051,215055,4,7
215044,215052,215055,3,8
215044,215051,215055,4,7
215044,215051,215055,4,7
215044,215051,215055,4,7
215044,215051,215055,4,7
215044,215052,215055,3,8
215044,215052,215055,3,8
215044,215052,215056,4,8
215044,215052,215056,4,8
215044,215052,215055,3,8
215044,215052,215056,4,8
215044,215054,215056,2,10
215044,215054,215056,2,10
215044,215054,215056,2,10
215044,215051,215056,5,7
215044,215051,215056,5,7
215044,215052,215056,4,8
215044,215054,215056,2,10
215044,215051,215056,5,7
215044,215054,215056,2,10
215044,215051,215055,4,7
215044,215053,215056,3,9
215044,215052,215056,4,8
215044,215053,215056,3,9
215044,215052,215056,4,8
215044,215053,215057,4,9
215044,215053,215057,4,9
215044,215054,215057,3,10
215044,215054,215056,2,10
215044,215053,215057,4,9
215044,215052,215057,5,8
215044,215053,215057,4,9
215044,215054,215057,3,10
215044,215053,215057,4,9
215044,215053,215056,3,9
215044,215054,215057,3,10
215044,215053,215057,4,9
215044,215054,215058,4,10
215044,215056,215058,2,12
215044,215055,215058,3,11
215044,215054,215058,4,10
215050,215050,215058,8,0
215044,215054,215058,4,10
215044,215054,215058,4,10
215044,215055,215058,3,11
215044,215055,215059,4,11
215044,215053,215058,5,9
215044,215055,215059,4,11
215044,215056,215059,3,12
215044,215056,215059,3,12
215044,215054,215059,5,10
215044,215055,215059,4,11
215044,215055,215059,4,11
215044,215056,215058,2,12
215044,215056,215059,3,12
215044,215056,215060,4,12
215044,215057,215059,2,13
215044,215055,215059,4,11
215044,215056,215059,3,12
215044,215058,215059,1,14
215044,215055,215059,4,11
215044,215055,215059,4,11
215044,215057,215059,2,13
215044,215055,215059,4,11
215044,215055,215059,4,11
215044,215057,215059,2,13
215044,215057,215059,2,13
215044,215055,215059,4,11
215044,215055,215059,4,11
215044,215057,215059,2,13
215044,215051,215059,8,7
215044,215056,215059,3,12
215044,215056,215060,4,12
215044,215057,215060,3,13
215044,215057,215060,3,13
215044,215056,215060,4,12
215044,215057,215060,3,13
215044,215056,215060,4,12
215044,215056,215060,4,12
215044,215056,215060,4,12
215044,215056,215060,4,12
215044,215058,215060,2,14
215044,215055,215060,5,11
215044,215058,215060,2,14
215044,215058,215061,3,14
215044,215059,215060,1,15
215044,215057,215060,3,13
215044,215057,215060,3,13
215044,215057,215061,4,13
215044,215058,215061,3,14
215044,215058,215061,3,14
215044,215059,215061,2,15
215044,215058,215061,3,14
215044,215059,215061,2,15
215044,215058,215061,3,14
214110,214126,215087,961,16
215096,215096,215099,3,0
215096,215096,215098,2,0
215096,215096,215100,4,0
215096,215096,215099,3,0
215096,215096,215099,3,0
215096,215096,215100,4,0
215096,215096,215100,4,0
215096,215096,215100,4,0
215096,215096,215099,3,0
215096,215096,215100,4,0
215096,215096,215099,3,0
215096,215096,215100,4,0
215096,215096,215100,4,0
215096,215096,215099,3,0
215096,215096,215100,4,0
215096,215096,215099,3,0
215096,215096,215100,4,0
215096,215096,215099,3,0
215096,215096,215100,4,0
215096,215096,215099,3,0
215096,215096,215100,4,0
215096,215096,215100,4,0
215096,215096,215100,4,0
215096,215096,215100,4,0
215096,215096,215101,5,0
215096,215096,215100,4,0
215096,215096,215101,5,0
215096,215096,215101,5,0
215096,215096,215101,5,0
215096,215096,215100,4,0
215096,215096,215100,4,0
215096,215096,215100,4,0
215096,215096,215100,4,0
215096,215096,215100,4,0
215096,215096,215100,4,0
215096,215096,215101,5,0
215096,215096,215101,5,0
215096,215096,215101,5,0
215096,215096,215100,4,0
215096,215096,215100,4,0
215096,215096,215100,4,0
215096,215096,215101,5,0
215096,215096,215100,4,0
215096,215096,215101,5,0
215096,215096,215101,5,0
215096,215096,215101,5,0
215096,215096,215100,4,0
215096,215096,215101,5,0
215096,215096,215101,5,0
215096,215096,215101,5,0
215096,215096,215101,5,0
215096,215100,215102,2,4
215096,215096,215101,5,0
215096,215100,215102,2,4
215096,215100,215102,2,4
215096,215096,215101,5,0
215096,215099,215102,3,3
215096,215100,215102,2,4
215096,215100,215103,3,4
215096,215100,215103,3,4
215096,215100,215103,3,4
215096,215099,215103,4,3
215096,215101,215103,2,5
215096,215100,215103,3,4
215096,215100,215103,3,4
215096,215100,215104,4,4
215096,215101,215104,3,5
215096,215101,215104,3,5
215096,215100,215104,4,4
215096,215100,215104,4,4
215096,215100,215104,4,4
215096,215101,215104,3,5
215096,215101,215104,3,5
215096,215101,215104,3,5
215096,215100,215104,4,4
215096,215102,215104,2,6
215096,215100,215104,4,4
215096,215101,215104,3,5
215096,215102,215104,2,6
215096,215101,215103,2,5
215096,215101,215105,4,5
215096,215101,215105,4,5
215096,215101,215105,4,5
215096,215101,215105,4,5
215096,215101,215105,4,5
215096,215100,215105,5,4
215096,215100,215105,5,4
215096,215101,215105,4,5
215096,215101,215104,3,5
215096,215101,215105,4,5
215096,215101,215105,4,5
215096,215101,215105,4,5
215096,215101,215105,4,5
215096,215101,215105,4,5
215096,215101,215105,4,5
215096,215101,215104,3,5
215096,215101,215105,4,5
215096,215101,215105,4,5
215096,215102,215105,3,6
215096,215102,215105,3,6
215096,215100,215105,5,4
215096,215101,215105,4,5
215096,215102,215105,3,6
215096,215101,215105,4,5
215096,215101,215105,4,5
215096,215101,215105,4,5
215096,215102,215105,3,6
215096,215103,215105,2,7
215096,215101,215105,4,5
215096,215101,215105,4,5
215096,215103,215106,3,7
215096,215104,215106,2,8
215096,215102,215105,3,6
215096,215103,215106,3,7
215096,215103,215107,4,7
215096,215103,215106,3,7
215096,215101,215106,5,5
215096,215104,215107,3,8
215096,215103,215108,5,7
215096,215103,215109,6,7
214289,214307,215122,815,18
215140,215140,215143,3,0
215140,215140,215142,2,0
215140,215140,215143,3,0
215140,215140,215143,3,0
215140,215140,215143,3,0
215140,215140,215143,3,0
215140,215140,215143,3,0
215140,215140,215143,3,0
215140,215140,215144,4,0
215140,215140,215144,4,0
215140,215140,215143,3,0
215140,215140,215143,3,0
215140,215140,215144,4,0
215140,215140,215144,4,0
215140,215140,215143,3,0
215140,215140,215144,4,0
215140,215140,215143,3,0
215140,215140,215143,3,0
215140,215140,215144,4,0
215140,215140,215144,4,0
215140,215140,215144,4,0
215140,215140,215143,3,0
215140,215140,215143,3,0
215140,215140,215144,4,0
215140,215140,215144,4,0
215140,215140,215144,4,0
215140,215140,215145,5,0
215140,215140,215144,4,0
215140,215140,215144,4,0
215140,215140,215144,4,0
215140,215140,215145,5,0
215140,215140,215144,4,0
215140,215140,215144,4,0
215140,215140,215144,4,0
215140,215140,215144,4,0
215140,215140,215145,5,0
215140,215140,215144,4,0
215140,215140,215144,4,0
215140,215140,215145,5,0
215140,215140,215144,4,0
215140,215140,215145,5,0
215140,215140,215144,4,0
215140,215140,215144,4,0
215140,215140,215145,5,0
215140,215140,215144,4,0
215140,215140,215145,5,0
215140,215140,215145,5,0
215140,215140,215144,4,0
215140,215140,215145,5,0
215140,215140,215145,5,0
215140,215140,215145,5,0
215140,215140,215146,6,0
215140,215140,215145,5,0
215140,215144,215145,1,4
215140,215140,215146,6,0
215140,215144,215146,2,4
215140,215144,215146,2,4
215140,215144,215146,2,4
215140,215144,215146,2,4
215140,215144,215146,2,4
215140,215144,215147,3,4
215140,215145,215147,2,5
215140,215143,215147,4,3
215140,215144,215147,3,4
215140,215143,215147,4,3
215140,215145,215147,2,5
215140,215143,215147,4,3
215140,215144,215147,3,4
215140,215144,215147,3,4
215140,215143,215147,4,3
215140,215143,215146,3,3
215140,215143,215147,4,3
215140,215145,215148,3,5
215140,215144,215148,4,4
215140,215144,215147,3,4
215140,215145,215148,3,5
215140,215144,215148,4,4
215140,215144,215148,4,4
215140,215145,215148,3,5
215140,215145,215148,3,5
215140,215146,215148,2,6
215140,215144,215148,4,4
215140,215144,215148,4,4
215140,215145,215147,2,5
215140,215145,215148,3,5
215140,215144,215148,4,4
215140,215145,215148,3,5
215140,215145,215148,3,5
215140,215144,215148,4,4
215140,215145,215148,3,5
215140,215146,215148,2,6
215140,215145,215148,3,5
215140,215145,215149,4,5
215140,215144,215149,5,4
215140,215145,215149,4,5
215140,215145,215149,4,5
215140,215145,215149,4,5
215140,215144,215149,5,4
215140,215145,215149,4,5
215140,215145,215149,4,5
215140,215145,215149,4,5
215140,215145,215149,4,5
215140,215146,215149,3,6
215140,215146,215149,3,6
215140,215145,215149,4,5
215140,215146,215149,3,6
215140,215146,215149,3,6
215140,215145,215149,4,5
215140,215146,215149,3,6
215140,215146,215149,3,6
215140,215146,215150,4,6
215140,215145,215149,4,5
215140,215146,215149,3,6
215140,215145,215149,4,5
215140,215147,215150,3,7
215140,215147,215150,3,7
215140,215147,215151,4,7
215140,215147,215150,3,7
215140,215147,215151,4,7
215140,215147,215151,4,7
215149,215149,215157,8,0
215172,215173,215180,7,1
214242,214250,215182,932,8
214384,214391,215184,793,7
215184,215184,215186,2,0
215184,215184,215187,3,0
215184,215185,215187,2,1
215184,215184,215187,3,0
215184,215184,215187,3,0
215184,215184,215187,3,0
215184,215184,215188,4,0
215184,215184,215188,4,0
215184,215184,215188,4,0
215184,215184,215187,3,0
215184,215184,215188,4,0
215184,215184,215187,3,0
215184,215184,215187,3,0
215184,215184,215188,4,0
215184,215184,215187,3,0
215184,215184,215188,4,0
215184,215184,215188,4,0
215184,215184,215188,4,0
215184,215184,215188,4,0
215184,215184,215188,4,0
215184,215184,215188,4,0
215184,215184,215188,4,0
215184,215185,215188,3,1
215184,215184,215189,5,0
215184,215184,215189,5,0
215184,215184,215189,5,0
215184,215184,215189,5,0
215184,215184,215189,5,0
215184,215184,215189,5,0
215184,215184,215188,4,0
215184,215184,215188,4,0
215184,215184,215188,4,0
215184,215184,215189,5,0
215184,215184,215188,4,0
215184,215184,215189,5,0
215184,215184,215188,4,0
215184,215184,215188,4,0
215184,215184,215189,5,0
215184,215184,215188,4,0
215184,215184,215188,4,0
215184,215184,215189,5,0
215184,215184,215188,4,0
215184,215184,215189,5,0
215184,215184,215188,4,0
215184,215185,215189,4,1
215184,215185,215188,3,1
215184,215184,215189,5,0
215184,215184,215188,4,0
215184,215184,215189,5,0
215184,215187,215189,2,3
215184,215188,215190,2,4
215184,215184,215189,5,0
215184,215188,215190,2,4
215184,215184,215189,5,0
215184,215184,215190,6,0
215184,215184,215190,6,0
215184,215187,215190,3,3
215184,215185,215190,5,1
215184,215187,215190,3,3
215184,215188,215191,3,4
215184,215184,215191,7,0
215184,215188,215191,3,4
215184,215189,215191,2,5
215184,215187,215191,4,3
215184,215188,215191,3,4
215184,215188,215191,3,4
215184,215189,215191,2,5
215184,215188,215192,4,4
215184,215188,215192,4,4
215184,215184,215191,7,0
215184,215189,215192,3,5
215184,215188,215192,4,4
215184,215188,215192,4,4
215184,215188,215192,4,4
215184,215189,215192,3,5
215184,215191,215192,1,7
215184,215187,215192,5,3
215184,215189,215192,3,5
215184,215188,215192,4,4
215184,215187,215192,5,3
215184,215188,215192,4,4
215184,215188,215192,4,4
215184,215190,215192,2,6
215184,215188,215193,5,4
215184,215190,215192,2,6
215184,215190,215192,2,6
215184,215190,215192,2,6
215184,215191,215193,2,7
215184,215188,215193,5,4
215184,215189,215193,4,5
215184,215189,215193,4,5
215184,215189,215193,4,5
215184,215189,215193,4,5
215184,215189,215193,4,5
215184,215189,215193,4,5
215184,215189,215194,5,5
215184,215189,215193,4,5
215184,215192,215193,1,8
215184,215189,215193,4,5
215184,215191,215193,2,7
215184,215191,215193,2,7
215184,215190,215193,3,6
215184,215191,215193,2,7
215184,215191,215193,2,7
215184,215189,215193,4,5
215184,215189,215194,5,5
215184,215189,215193,4,5
215184,215188,215193,5,4
215184,215190,215193,3,6
215184,215190,215193,3,6
215184,215190,215193,3,6
215184,215191,215193,2,7
215184,215191,215193,2,7
215184,215190,215194,4,6
215184,215189,215194,5,5
215184,215192,215195,3,8
215184,215189,215194,5,5
215184,215192,215194,2,8
215184,215191,215194,3,7
215184,215191,215195,4,7
215186,215192,215195,3,6
215186,215192,215195,3,6
215186,215193,215196,3,7
215186,215192,215196,4,6
215186,215192,215195,3,6
215186,215192,215195,3,6
215186,215193,215196,3,7
215186,215193,215195,2,7
215186,215193,215196,3,7
215186,215194,215197,3,8
215186,215193,215196,3,7
215186,215193,215196,3,7
215186,215193,215196,3,7
215186,215193,215197,4,7
215186,215193,215196,3,7
215186,215194,215197,3,8
215186,215194,215197,3,8
215186,215194,215197,3,8
215186,215192,215197,5,6
215186,215194,215197,3,8
215186,215194,215197,3,8
215186,215194,215197,3,8
215186,215194,215197,3,8
215186,215195,215198,3,9
215186,215193,215197,4,7
215186,215193,215197,4,7
215186,215193,215197,4,7
215186,215193,215197,4,7
215186,215193,215197,4,7
215186,215194,215198,4,8
215186,215194,215197,3,8
215186,215194,215198,4,8
215186,215194,215198,4,8
215186,215193,215197,4,7
215186,215194,215198,4,8
215186,215194,215197,3,8
215186,215193,215197,4,7
215186,215194,215197,3,8
215186,215193,215197,4,7
215186,215194,215198,4,8
215186,215194,215198,4,8
215186,215194,215198,4,8
215186,215194,215198,4,8
215186,215194,215199,5,8
215186,215195,215198,3,9
215186,215195,215198,3,9
215186,215194,215198,4,8
215186,215193,215198,5,7
215186,215194,215198,4,8
215186,215194,215198,4,8
215186,215196,215198,2,10
215186,215194,215198,4,8
215186,215196,215199,3,10
215186,215196,215199,3,10
215186,215195,215198,3,9
215186,215194,215198,4,8
215186,215194,215198,4,8
215186,215195,215199,4,9
215186,215196,215199,3,10
215186,215197,215200,3,11
215186,215198,215199,1,12
215186,215198,215200,2,12
215186,215198,215200,2,12
215186,215197,215200,3,11
215186,215195,215199,4,9
215186,215196,215200,4,10
215186,215197,215200,3,11
215186,215196,215199,3,10
215186,215196,215200,4,10
215186,215197,215200,3,11
215186,215198,215201,3,12
215186,215197,215200,3,11
215186,215197,215200,3,11
215186,215198,215200,2,12
215186,215198,215201,3,12
215186,215198,215201,3,12
215186,215197,215201,4,11
215186,215197,215201,4,11
215186,215198,215201,3,12
215186,215199,215201,2,13
215186,215196,215200,4,10
215186,215197,215200,3,11
215186,215198,215201,3,12
215186,215199,215201,2,13
215186,215197,215201,4,11
215186,215198,215201,3,12
215186,215199,215201,2,13
215186,215198,215202,4,12
215186,215198,215202,4,12
215186,215199,215202,3,13
215186,215199,215202,3,13
215186,215199,215202,3,13
215186,215200,215202,2,14
215186,215197,215201,4,11
215186,215198,215202,4,12
215186,215198,215202,4,12
215186,215198,215201,3,12
215186,215198,215202,4,12
215186,215199,215202,3,13
215186,215198,215202,4,12
215186,215198,215202,4,12
215186,215199,215202,3,13
215186,215199,215202,3,13
215186,215198,215202,4,12
215186,215199,215202,3,13
215186,215198,215201,3,12
215186,215198,215201,3,12
215186,215198,215201,3,12
215186,215199,215202,3,13
215186,215200,215202,2,14
215186,215198,215202,4,12
215186,215200,215202,2,14
215186,215200,215203,3,14
215186,215200,215202,2,14
215186,215199,215203,4,13
215186,215200,215203,3,14
215186,215199,215202,3,13
215186,215199,215202,3,13
215186,215199,215202,3,13
215186,215200,215203,3,14
215197,215197,215205,8,0
214296,214329,215216,887,33
214292,214318,215221,903,26
215220,215220,215229,9,0
215228,215228,215231,3,0
215228,215228,215231,3,0
215228,215228,215230,2,0
215228,215228,215231,3,0
215228,215228,215232,4,0
215228,215228,215231,3,0
215228,215228,215232,4,0
215228,215228,215232,4,0
215228,215228,215232,4,0
215228,215228,215232,4,0
215228,215228,215232,4,0
215228,215228,215232,4,0
215228,215228,215232,4,0
215228,215228,215232,4,0
215228,215228,215232,4,0
215228,215228,215231,3,0
215228,215228,215232,4,0
215228,215228,215232,4,0
215228,215228,215232,4,0
215228,215228,215232,4,0
215228,215228,215231,3,0
215228,215228,215233,5,0
215228,215228,215233,5,0
215228,215228,215232,4,0
215228,215228,215233,5,0
215228,215228,215232,4,0
215228,215228,215233,5,0
215228,215228,215232,4,0
215228,215228,215233,5,0
215228,215228,215233,5,0
215228,215228,215233,5,0
215228,215228,215233,5,0
215228,215228,215233,5,0
215228,215228,215233,5,0
215228,215228,215233,5,0
215228,215228,215232,4,0
215228,215228,215232,4,0
215228,215228,215232,4,0
215228,215228,215232,4,0
215228,215228,215233,5,0
215228,215228,215233,5,0
215228,215228,215233,5,0
215228,215228,215232,4,0
215228,215228,215233,5,0
215228,215228,215233,5,0
215228,215228,215232,4,0
215228,215228,215233,5,0
215228,215228,215233,5,0
215228,215228,215232,4,0
215228,215228,215233,5,0
215228,215231,215233,2,3
215228,215228,215233,5,0
215228,215228,215233,5,0
215228,215228,215234,6,0
215228,215232,215234,2,4
215228,215228,215234,6,0
215228,215228,215233,5,0
215228,215232,215234,2,4
215228,215232,215234,2,4
215228,215228,215233,5,0
215228,215231,215234,3,3
215228,215228,215234,6,0
215228,215228,215234,6,0
215228,215233,215235,2,5
215228,215232,215235,3,4
215228,215233,215235,2,5
215228,215233,215235,2,5
215228,215231,215235,4,3
215228,215232,215235,3,4
215228,215232,215235,3,4
215228,215231,215235,4,3
215228,215232,215235,3,4
215228,215232,215235,3,4
215228,215233,215235,2,5
215228,215232,215236,4,4
215228,215233,215236,3,5
215228,215234,215236,2,6
215228,215233,215236,3,5
215228,215233,215236,3,5
215228,215233,215236,3,5
215228,215232,215236,4,4
215228,215233,215236,3,5
215228,215232,215236,4,4
215228,215233,215236,3,5
215228,215233,215236,3,5
215228,215233,215236,3,5
215228,215232,215236,4,4
215228,215234,215236,2,6
215228,215232,215236,4,4
215228,215232,215236,4,4
215228,215233,215236,3,5
215228,215234,215236,2,6
215228,215233,215237,4,5
215228,215233,215237,4,5
215228,215233,215237,4,5
215228,215234,215236,2,6
215228,215234,215237,3,6
215228,215233,215237,4,5
215228,215234,215237,3,6
215228,215233,215237,4,5
215228,215233,215237,4,5
215228,215232,215237,5,4
215228,215232,215237,5,4
215228,215233,215237,4,5
215228,215233,215237,4,5
215228,215232,215237,5,4
215228,215233,215237,4,5
215228,215233,215237,4,5
215228,215233,215237,4,5
215228,215233,215237,4,5
215228,215234,215237,3,6
215228,215235,215237,2,7
215228,215233,215237,4,5
215228,215233,215237,4,5
215228,215235,215237,2,7
215228,215233,215238,5,5
215228,215234,215237,3,6
215228,215233,215238,5,5
215228,215234,215238,4,6
215228,215235,215238,3,7
215239,215239,215242,3,0
215239,215240,215243,3,1
215239,215240,215242,2,1
215239,215240,215243,3,1
215239,215240,215243,3,1
215239,215240,215243,3,1
215239,215239,215244,5,0
215239,215240,215244,4,1
215239,215239,215243,4,0
215239,215240,215243,3,1
215239,215240,215243,3,1
215239,215240,215243,3,1
215239,215239,215243,4,0
215239,215240,215243,3,1
215239,215239,215243,4,0
215239,215240,215243,3,1
215239,215240,215243,3,1
215239,215240,215244,4,1
215239,215240,215243,3,1
215239,215240,215243,3,1
215239,215240,215243,3,1
215239,215239,215243,4,0
215239,215240,215243,3,1
215239,215240,215243,3,1
215239,215239,215243,4,0
215239,215240,215243,3,1
215239,215240,215243,3,1
215239,215240,215243,3,1
215239,215240,215244,4,1
215239,215239,215244,5,0
215239,215240,215244,4,1
215239,215240,215244,4,1
215239,215240,215244,4,1
215239,215239,215244,5,0
215239,215240,215244,4,1
215239,215240,215245,5,1
215239,215240,215244,4,1
215239,215240,215244,4,1
215239,215239,215245,6,0
215239,215240,215244,4,1
215239,215240,215244,4,1
215239,215239,215244,5,0
215239,215240,215244,4,1
215239,215240,215244,4,1
215239,215240,215244,4,1
215239,215240,215244,4,1
215239,215240,215244,4,1
215239,215240,215244,4,1
215239,215240,215245,5,1
215239,215240,215244,4,1
215239,215240,215244,4,1
215239,215240,215245,5,1
215239,215239,215244,5,0
215239,215240,215245,5,1
215239,215239,215245,6,0
215239,215240,215245,5,1
215239,215240,215245,5,1
215239,215244,215245,1,5
215239,215240,215245,5,1
215239,215244,215246,2,5
215239,215244,215246,2,5
215239,215243,215246,3,4
215239,215243,215246,3,4
215239,215245,215247,2,6
215239,215245,215247,2,6
215239,215244,215246,2,5
215239,215244,215246,2,5
215239,215244,215247,3,5
215239,215244,215246,2,5
215239,215244,215246,2,5
215239,215244,215246,2,5
215239,215243,215246,3,4
215239,215244,215247,3,5
215239,215244,215246,2,5
215239,215245,215247,2,6
215239,215245,215247,2,6
215239,215244,215248,4,5
215239,215245,215248,3,6
215239,215245,215248,3,6
215239,215244,215247,3,5
215239,215244,215248,4,5
215239,215244,215248,4,5
215239,215244,215248,4,5
215239,215244,215247,3,5
215239,215245,215248,3,6
215239,215244,215247,3,5
215239,215244,215248,4,5
215239,215244,215247,3,5
215239,215245,215248,3,6
215239,215244,215248,4,5
215239,215245,215247,2,6
215239,215245,215248,3,6
215239,215246,215248,2,7
215239,215244,215248,4,5
215239,215244,215248,4,5
215239,215244,215247,3,5
215239,215245,215247,2,6
215239,215245,215249,4,6
215239,215246,215248,2,7
215239,215244,215248,4,5
215239,215245,215249,4,6
215239,215245,215248,3,6
215239,215246,215249,3,7
215239,215245,215248,3,6
215239,215245,215248,3,6
215239,215245,215248,3,6
215239,215246,215249,3,7
215239,215246,215249,3,7
215239,215245,215248,3,6
215239,215245,215249,4,6
215239,215245,215249,4,6
215239,215245,215248,3,6
215239,215245,215248,3,6
215239,215245,215248,3,6
215239,215245,215248,3,6
215239,215246,215248,2,7
215239,215244,215249,5,5
215239,215245,215249,4,6
215239,215246,215249,3,7
215239,215246,215249,3,7
214372,214379,215271,892,7
214456,214463,215273,810,7
214300,214329,215276,947,29
214432,214441,215276,835,9
215285,215286,215289,3,1
215285,215286,215290,4,1
215285,215286,215289,3,1
215285,215286,215290,4,1
215285,215286,215290,4,1
215285,215286,215289,3,1
215285,215286,215289,3,1
215285,215286,215289,3,1
215285,215286,215289,3,1
215285,215286,215290,4,1
215285,215286,215289,3,1
215285,215286,215289,3,1
215285,215286,215290,4,1
215285,215286,215289,3,1
215285,215286,215290,4,1
215285,215286,215289,3,1
215285,215286,215289,3,1
215285,215286,215289,3,1
215285,215286,215290,4,1
215285,215286,215289,3,1
215285,215286,215289,3,1
215285,215286,215289,3,1
215285,215286,215289,3,1
215285,215286,215290,4,1
215285,215286,215290,4,1
215285,215286,215290,4,1
215285,215286,215290,4,1
215285,215286,215290,4,1
215285,215286,215290,4,1
215285,215286,215290,4,1
215285,215286,215290,4,1
215285,215286,215290,4,1
215285,215286,215291,5,1
215285,215286,215290,4,1
215285,215286,215290,4,1
215285,215286,215290,4,1
215285,215286,215290,4,1
215285,215286,215291,5,1
215285,215286,215290,4,1
215285,215286,215290,4,1
215285,215286,215290,4,1
215285,215286,215290,4,1
215285,215286,215290,4,1
215285,215286,215290,4,1
215285,215286,215291,5,1
215285,215286,215291,5,1
215285,215286,215291,5,1
215285,215286,215291,5,1
215285,215286,215290,4,1
215285,215286,215291,5,1
215285,215286,215290,4,1
215285,215286,215290,4,1
215285,215286,215290,4,1
215285,215286,215290,4,1
215285,215286,215290,4,1
215285,215286,215290,4,1
215285,215286,215291,5,1
215285,215289,215292,3,4
215285,215290,215292,2,5
215285,215286,215291,5,1
215285,215286,215291,5,1
215285,215286,215291,5,1
215285,215290,215292,2,5
215285,215286,215291,5,1
215285,215290,215292,2,5
215285,215290,215292,2,5
215285,215290,215292,2,5
215285,215290,215293,3,5
215285,215290,215292,2,5
215285,215290,215292,2,5
215285,215286,215292,6,1
215285,215290,215293,3,5
215285,215291,215294,3,6
215285,215291,215293,2,6
215285,215291,215294,3,6
215285,215291,215294,3,6
215285,215291,215294,3,6
215285,215291,215294,3,6
215285,215290,215294,4,5
215285,215290,215293,3,5
215285,215290,215294,4,5
215285,215290,215294,4,5
215285,215290,215294,4,5
215285,215291,215294,3,6
215285,215290,215293,3,5
215285,215291,215294,3,6
215285,215291,215293,2,6
215285,215290,215294,4,5
215285,215290,215294,4,5
215285,215290,215294,4,5
215285,215290,215294,4,5
215285,215291,215294,3,6
215285,215291,215294,3,6
215285,215290,215293,3,5
215285,215290,215293,3,5
215285,215290,215293,3,5
215285,215290,215294,4,5
215285,215291,215294,3,6
215285,215291,215293,2,6
215285,215290,215294,4,5
215285,215291,215295,4,6
215285,215292,215294,2,7
215285,215291,215294,3,6
215285,215291,215295,4,6
215285,215292,215295,3,7
215285,215291,215294,3,6
215285,215291,215295,4,6
215285,215291,215294,3,6
215285,215292,215295,3,7
215285,215290,215294,4,5
215285,215291,215294,3,6
215285,215291,215294,3,6
215285,215291,215294,3,6
215285,215291,215294,3,6
215285,215291,215294,3,6
215285,215291,215295,4,6
215285,215291,215294,3,6
215285,215292,215295,3,7
215285,215291,215295,4,6
215285,215291,215294,3,6
215285,215292,215295,3,7
215285,215292,215295,3,7
215285,215291,215295,4,6
215285,215291,215295,4,6
215285,215293,215296,3,8
215285,215292,215295,3,7
215285,215292,215296,4,7
215285,215293,215296,3,8
215285,215292,215296,4,7
215285,215293,215296,3,8
215285,215294,215297,3,9
215285,215293,215297,4,8
215285,215294,215297,3,9
215285,215293,215297,4,8
215285,215294,215297,3,9
215285,215294,215298,4,9
215285,215294,215297,3,9
215285,215293,215297,4,8
215285,215294,215297,3,9
215285,215294,215298,4,9
215285,215294,215298,4,9
215285,215294,215297,3,9
215285,215294,215298,4,9
215285,215294,215297,3,9
215285,215294,215298,4,9
215285,215294,215298,4,9
215285,215294,215298,4,9
215285,215294,215298,4,9
215285,215294,215298,4,9
215285,215294,215297,3,9
215285,215294,215298,4,9
215285,215294,215298,4,9
215285,215294,215298,4,9
215285,215294,215298,4,9
215285,215294,215298,4,9
215285,215295,215298,3,10
215285,215295,215299,4,10
215285,215295,215299,4,10
215285,215296,215299,3,11
215285,215294,215298,4,9
215285,215295,215299,4,10
215285,215295,215298,3,10
215285,215295,215299,4,10
215285,215295,215299,4,10
215285,215295,215298,3,10
215285,215295,215299,4,10
215285,215295,215299,4,10
215285,215295,215299,4,10
215285,215295,215298,3,10
215285,215294,215299,5,9
215285,215294,215299,5,9
215285,215294,215298,4,9
215285,215294,215299,5,9
215285,215295,215299,4,10
215285,215294,215299,5,9
215285,215295,215299,4,10
215285,215295,215299,4,10
215285,215295,215299,4,10
215285,215295,215299,4,10
215285,215295,215299,4,10
215285,215295,215299,4,10
215285,215295,215299,4,10
215285,215295,215299,4,10
215285,215295,215299,4,10
215285,215296,215300,4,11
215285,215295,215300,5,10
215285,215296,215300,4,11
215285,215296,215300,4,11
215285,215296,215300,4,11
215285,215297,215300,3,12
215285,215297,215300,3,12
215285,215298,215300,2,13
215285,215297,215300,3,12
215285,215298,215301,3,13
215285,215298,215300,2,13
215285,215298,215301,3,13
215285,215296,215301,5,11
215285,215297,215301,4,12
215285,215299,215301,2,14
215285,215297,215301,4,12
215285,215298,215301,3,13
215285,215298,215301,3,13
215285,215299,215301,2,14
215285,215299,215301,2,14
215285,215299,215301,2,14
215285,215298,215302,4,13
215285,215298,215301,3,13
215285,215299,215301,2,14
215285,215299,215302,3,14
215285,215298,215302,4,13
215285,215299,215302,3,14
215285,215299,215302,3,14
215285,215298,215302,4,13
215285,215299,215302,3,14
215285,215298,215302,4,13
215285,215298,215302,4,13
215285,215299,215302,3,14
215285,215299,215302,3,14
215285,215300,215302,2,15
215285,215300,215302,2,15
215285,215299,215302,3,14
215285,215299,215302,3,14
215285,215300,215302,2,15
215285,215299,215302,3,14
215285,215299,215303,4,14
215285,215300,215303,3,15
215285,215300,215302,2,15
215287,215300,215303,3,13
215285,215300,215303,3,15
215287,215300,215303,3,13
215285,215299,215302,3,14
215285,215299,215302,3,14
215285,215299,215303,4,14
215285,215299,215303,4,14
215285,215299,215303,4,14
215285,215299,215303,4,14
215285,215299,215303,4,14
215287,215300,215303,3,13
215287,215302,215304,2,15
215285,215300,215303,3,15
215285,215300,215303,3,15
215285,215300,215303,3,15
215287,215300,215303,3,13
215287,215300,215303,3,13
215287,215300,215303,3,13
215285,215299,215303,4,14
215287,215300,215304,4,13
215285,215299,215304,5,14
215287,215301,215304,3,14
215287,215302,215304,2,15
215287,215301,215304,3,14
215287,215302,215304,2,15
215287,215302,215304,2,15
215287,215301,215305,4,14
215287,215301,215304,3,14
215287,215302,215305,3,15
215287,215300,215304,4,13
215287,215301,215304,3,14
215287,215301,215304,3,14
215287,215300,215305,5,13
215287,215300,215305,5,13
215287,215301,215305,4,14
215287,215301,215305,4,14
215287,215302,215305,3,15
215287,215302,215306,4,15
215287,215302,215306,4,15
215287,215302,215305,3,15
215287,215302,215306,4,15
215287,215303,215305,2,16
215287,215303,215306,3,16
215287,215302,215305,3,15
215287,215302,215306,4,15
215287,215303,215306,3,16
215287,215303,215306,3,16
215287,215303,215307,4,16
215287,215303,215306,3,16
215287,215303,215307,4,16
215287,215303,215306,3,16
215287,215302,215307,5,15
215287,215303,215307,4,16
215287,215304,215307,3,17
215287,215303,215307,4,16
215287,215303,215307,4,16
215287,215303,215306,3,16
215287,215304,215307,3,17
215287,215303,215307,4,16
215287,215303,215307,4,16
215287,215303,215306,3,16
215287,215303,215307,4,16
215287,215304,215306,2,17
215287,215303,215307,4,16
215287,215303,215307,4,16
215287,215304,215306,2,17
215287,215305,215307,2,18
215287,215305,215306,1,18
215287,215303,215307,4,16
215287,215303,215307,4,16
215287,215304,215307,3,17
215287,215304,215307,3,17
215287,215303,215308,5,16
215287,215303,215307,4,16
215287,215304,215307,3,17
215287,215304,215307,3,17
215287,215303,215307,4,16
215287,215304,215307,3,17
215287,215304,215307,3,17
215287,215303,215307,4,16
215287,215305,215308,3,18
215287,215304,215307,3,17
215287,215303,215307,4,16
215287,215304,215307,3,17
215287,215305,215308,3,18
215287,215305,215308,3,18
215287,215305,215309,4,18
215287,215305,215309,4,18
215287,215305,215309,4,18
215287,215305,215308,3,18
215287,215306,215308,2,19
215287,215306,215308,2,19
215287,215305,215309,4,18
215287,215305,215309,4,18
215287,215306,215309,3,19
215287,215305,215308,3,18
215287,215307,215309,2,20
215287,215305,215310,5,18
215287,215306,215309,3,19
215287,215306,215310,4,19
215287,215306,215309,3,19
215287,215307,215310,3,20
215287,215305,215309,4,18
215287,215307,215309,2,20
215287,215307,215309,2,20
215287,215307,215310,3,20
215287,215307,215309,2,20
215287,215306,215309,3,19
215287,215307,215310,3,20
215287,215307,215310,3,20
215287,215307,215310,3,20
215287,215307,215310,3,20
215287,215306,215310,4,19
215287,215307,215310,3,20
215287,215306,215309,3,19
215287,215307,215310,3,20
215287,215307,215310,3,20
215287,215307,215310,3,20
215287,215306,215309,3,19
215287,215307,215310,3,20
215287,215307,215310,3,20
215287,215307,215309,2,20
215287,215307,215310,3,20
215287,215308,215310,2,21
215287,215306,215310,4,19
215287,215307,215310,3,20
215289,215308,215311,3,19
215289,215308,215311,3,19
215287,215307,215311,4,20
215287,215307,215311,4,20
215287,215307,215311,4,20
215287,215307,215311,4,20
215287,215307,215311,4,20
215287,215308,215311,3,21
215287,215308,215311,3,21
215289,215308,215311,3,19
215289,215308,215311,3,19
215289,215308,215312,4,19
215289,215308,215311,3,19
215289,215308,215312,4,19
215289,215308,215312,4,19
215289,215309,215312,3,20
215289,215309,215312,3,20
215289,215308,215312,4,19
215289,215308,215312,4,19
215289,215309,215312,3,20
215289,215310,215313,3,21
215289,215310,215312,2,21
215289,215308,215312,4,19
215289,215309,215313,4,20
215289,215308,215312,4,19
215289,215309,215312,3,20
215289,215310,215313,3,21
215289,215310,215312,2,21
215289,215309,215313,4,20
215289,215310,215313,3,21
215289,215310,215313,3,21
215289,215310,215313,3,21
215289,215310,215313,3,21
215289,215309,215312,3,20
215289,215309,215313,4,20
215289,215309,215313,4,20
215289,215310,215313,3,21
215289,215309,215313,4,20
215289,215310,215313,3,21
215289,215308,215313,5,19
215289,215308,215313,5,19
215289,215310,215314,4,21
215289,215310,215314,4,21
215289,215310,215313,3,21
215289,215310,215314,4,21
215289,215310,215313,3,21
215289,215310,215314,4,21
215289,215310,215314,4,21
215289,215309,215314,5,20
215289,215310,215314,4,21
215289,215311,215314,3,22
215290,215290,215314,24,0
215289,215310,215314,4,21
215289,215309,215314,5,20
215289,215310,215314,4,21
215289,215311,215315,4,22
215289,215310,215314,4,21
215289,215311,215314,3,22
215289,215311,215314,3,22
215289,215311,215314,3,22
215289,215311,215314,3,22
215289,215312,215315,3,23
215289,215312,215315,3,23
215289,215312,215315,3,23
215289,215311,215315,4,22
215289,215311,215315,4,22
215289,215311,215315,4,22
215289,215310,215315,5,21
215289,215310,215315,5,21
215289,215312,215315,3,23
215289,215311,215315,4,22
215289,215313,215315,2,24
215289,215312,215315,3,23
215289,215312,215316,4,23
215289,215311,215315,4,22
215289,215313,215316,3,24
215289,215313,215316,3,24
215289,215312,215316,4,23
215289,215313,215316,3,24
215289,215312,215316,4,23
215289,215313,215316,3,24
215289,215313,215316,3,24
215289,215312,215316,4,23
215289,215312,215316,4,23
215289,215312,215316,4,23
215289,215314,215316,2,25
215289,215314,215316,2,25
215289,215314,215316,2,25
215289,215312,215316,4,23
215289,215314,215317,3,25
215289,215315,215316,1,26
215289,215314,215316,2,25
215289,215312,215316,4,23
215289,215313,215316,3,24
215289,215313,215317,4,24
215289,215313,215316,3,24
215289,215313,215317,4,24
215289,215314,215317,3,25
215289,215313,215317,4,24
215289,215313,215317,4,24
215289,215313,215317,4,24
215289,215315,215318,3,26
215289,215316,215318,2,27
215289,215314,215317,3,25
215289,215314,215317,3,25
215289,215315,215318,3,26
215289,215315,215317,2,26
215289,215315,215317,2,26
215289,215314,215317,3,25
215289,215314,215317,3,25
215289,215313,215317,4,24
215289,215315,215318,3,26
215289,215315,215318,3,26
215289,215314,215318,4,25
215289,215315,215318,3,26
215289,215315,215318,3,26
215289,215315,215318,3,26
215289,215315,215318,3,26
215289,215313,215317,4,24
215289,215314,215317,3,25
215289,215315,215318,3,26
215289,215315,215318,3,26
215289,215315,215318,3,26
215289,215315,215318,3,26
215289,215314,215318,4,25
215289,215314,215319,5,25
215289,215314,215318,4,25
215289,215315,215319,4,26
214510,214518,215365,847,8
215367,215367,215370,3,0
215367,215367,215370,3,0
215367,215367,215370,3,0
215367,215368,215370,2,1
215367,215368,215371,3,1
215367,215367,215371,4,0
215367,215367,215371,4,0
215367,215367,215371,4,0
215367,215367,215372,5,0
215367,215367,215371,4,0
215367,215367,215371,4,0
215367,215367,215371,4,0
215367,215367,215372,5,0
215367,215367,215371,4,0
215367,215367,215371,4,0
215367,215367,215372,5,0
215367,215368,215371,3,1
215367,215368,215371,3,1
215367,215367,215371,4,0
215367,215367,215371,4,0
215367,215367,215371,4,0
215367,215367,215371,4,0
215367,215368,215371,3,1
215367,215367,215371,4,0
215367,215367,215372,5,0
215367,215367,215372,5,0
215367,215367,215372,5,0
215367,215368,215372,4,1
215367,215367,215372,5,0
215367,215367,215372,5,0
215367,215367,215372,5,0
215367,215367,215372,5,0
215367,215368,215372,4,1
215367,215367,215372,5,0
215367,215367,215372,5,0
215367,215368,215372,4,1
215367,215368,215372,4,1
215367,215367,215372,5,0
215367,215367,215372,5,0
215367,215368,215372,4,1
215367,215368,215372,4,1
215367,215367,215372,5,0
215367,215367,215372,5,0
215367,215368,215372,4,1
215367,215368,215372,4,1
215367,215367,215373,6,0
215367,215368,215372,4,1
215367,215368,215372,4,1
215367,215367,215372,5,0
215367,215367,215372,5,0
215367,215368,215372,4,1
215367,215368,215372,4,1
215367,215368,215372,4,1
215367,215368,215372,4,1
215367,215367,215372,5,0
215367,215367,215372,5,0
215367,215368,215373,5,1
215367,215368,215373,5,1
215367,215371,215374,3,4
215367,215368,215373,5,1
215367,215368,215373,5,1
215367,215368,215373,5,1
215367,215368,215373,5,1
215367,215371,215374,3,4
215367,215367,215374,7,0
215367,215372,215375,3,5
215367,215372,215375,3,5
215367,215371,215374,3,4
215367,215371,215374,3,4
215367,215372,215375,3,5
215367,215373,215375,2,6
215367,215373,215375,2,6
215367,215372,215375,3,5
215367,215372,215375,3,5
215367,215372,215375,3,5
215367,215372,215375,3,5
215367,215372,215375,3,5
215367,215372,215376,4,5
215367,215372,215375,3,5
215367,215372,215376,4,5
215367,215372,215375,3,5
215367,215372,215375,3,5
215367,215372,215376,4,5
215367,215372,215376,4,5
215367,215372,215376,4,5
215367,215373,215376,3,6
215367,215373,215376,3,6
215367,215373,215376,3,6
215367,215373,215375,2,6
215367,215373,215375,2,6
215367,215372,215376,4,5
215367,215373,215376,3,6
215367,215373,215376,3,6
215367,215373,215376,3,6
215367,215373,215376,3,6
215367,215373,215376,3,6
215367,215373,215377,4,6
215367,215373,215376,3,6
215367,215373,215376,3,6
215367,215373,215376,3,6
215367,215373,215377,4,6
215367,215373,215376,3,6
215367,215373,215376,3,6
215367,215373,215376,3,6
215367,215373,215376,3,6
215367,215373,215376,3,6
215367,215372,215376,4,5
215367,215373,215376,3,6
215367,215373,215376,3,6
215367,215372,215376,4,5
215367,215373,215376,3,6
215367,215373,215377,4,6
215367,215373,215376,3,6
215367,215372,215376,4,5
215367,215373,215376,3,6
215367,215373,215376,3,6
215367,215373,215377,4,6
215367,215373,215377,4,6
215367,215373,215377,4,6
215367,215373,215377,4,6
215364,215364,215384,20,0
214618,214635,215428,793,17
215431,215431,215434,3,0
215431,215431,215434,3,0
215431,215432,215434,2,1
215431,215431,215434,3,0
215431,215431,215434,3,0
215431,215431,215434,3,0
215431,215431,215434,3,0
215431,215431,215434,3,0
215431,215431,215435,4,0
215431,215431,215435,4,0
215431,215431,215435,4,0
215431,215431,215435,4,0
215431,215431,215435,4,0
215431,215431,215434,3,0
215431,215431,215435,4,0
215431,215431,215435,4,0
215431,215431,215435,4,0
215431,215431,215435,4,0
215431,215431,215435,4,0
215431,215431,215435,4,0
215431,215431,215435,4,0
215431,215431,215435,4,0
215431,215431,215435,4,0
215431,215431,215435,4,0
215431,215431,215435,4,0
215431,215431,215435,4,0
215431,215431,215435,4,0
215431,215431,215435,4,0
215431,215431,215435,4,0
215431,215431,215435,4,0
215431,215432,215436,4,1
215431,215432,215436,4,1
215431,215431,215436,5,0
215431,215431,215435,4,0
215431,215431,215436,5,0
215431,215431,215436,5,0
215431,215431,215436,5,0
215431,215431,215436,5,0
215431,215431,215436,5,0
215431,215431,215436,5,0
215431,215431,215436,5,0
215431,215431,215436,5,0
215431,215431,215436,5,0
215431,215431,215437,6,0
215431,215431,215436,5,0
215431,215431,215436,5,0
215431,215431,215436,5,0
215431,215431,215436,5,0
215431,215431,215436,5,0
215431,215431,215436,5,0
215431,215431,215436,5,0
215431,215431,215436,5,0
215431,215431,215436,5,0
215431,215431,215436,5,0
215431,215431,215436,5,0
215431,215431,215436,5,0
215431,215431,215436,5,0
215431,215434,215437,3,3
215431,215432,215437,5,1
215431,215431,215437,6,0
215431,215431,215437,6,0
215431,215431,215437,6,0
215431,215434,215437,3,3
215431,215431,215437,6,0
215431,215434,215437,3,3
215431,215431,215437,6,0
215431,215434,215437,3,3
215431,215432,215438,6,1
215431,215434,215438,4,3
215431,215434,215438,4,3
215431,215435,215439,4,4
215431,215434,215438,4,3
215431,215434,215438,4,3
215431,215436,215438,2,5
215431,215436,215439,3,5
215431,215436,215439,3,5
215431,215436,215438,2,5
215431,215435,215439,4,4
215431,215435,215439,4,4
215431,215436,215439,3,5
215431,215436,215439,3,5
215431,215436,215439,3,5
215431,215436,215439,3,5
215431,215437,215439,2,6
215431,215436,215440,4,5
215431,215436,215439,3,5
215431,215436,215439,3,5
215431,215436,215440,4,5
215431,215437,215440,3,6
215431,215437,215439,2,6
215431,215437,215439,2,6
215431,215437,215439,2,6
215431,215437,215439,2,6
215431,215436,215440,4,5
215431,215437,215439,2,6
215431,215437,215439,2,6
215431,215435,215440,5,4
215431,215437,215440,3,6
215431,215437,215440,3,6
215431,215437,215440,3,6
215431,215437,215440,3,6
215431,215437,215440,3,6
215431,215436,215440,4,5
215431,215437,215440,3,6
215431,215437,215440,3,6
215431,215436,215440,4,5
215431,215436,215440,4,5
215431,215436,215440,4,5
215431,215437,215440,3,6
215431,215437,215440,3,6
215431,215436,215440,4,5
215431,215437,215440,3,6
215431,215437,215441,4,6
215431,215437,215440,3,6
215431,215437,215440,3,6
215431,215436,215440,4,5
215431,215437,215440,3,6
215431,215437,215440,3,6
215431,215437,215440,3,6
215431,215437,215440,3,6
215430,215430,215451,21,0
214615,214623,215476,853,8
215478,215479,215482,3,1
214569,214577,215482,905,8
215478,215479,215481,2,1
215478,215479,215481,2,1
215478,215479,215482,3,1
215478,215479,215482,3,1
215478,215479,215481,2,1
215478,215479,215481,2,1
215478,215479,215483,4,1
215478,215479,215482,3,1
215478,215479,215483,4,1
215478,215479,215482,3,1
215478,215479,215483,4,1
215478,215479,215482,3,1
215478,215479,215483,4,1
215478,215479,215483,4,1
215478,215479,215483,4,1
215478,215479,215483,4,1
215478,215479,215482,3,1
215478,215479,215482,3,1
215478,215479,215483,4,1
215478,215479,215482,3,1
215478,215479,215482,3,1
215478,215479,215482,3,1
215478,215479,215483,4,1
215478,215479,215483,4,1
215478,215479,215483,4,1
215478,215479,215483,4,1
215478,215479,215483,4,1
215478,215479,215483,4,1
215478,215479,215483,4,1
215478,215479,215483,4,1
215478,215479,215483,4,1
215478,215479,215483,4,1
215478,215479,215483,4,1
215478,215479,215483,4,1
215478,215479,215483,4,1
215478,215479,215483,4,1
215478,215479,215484,5,1
215478,215479,215483,4,1
215478,215479,215484,5,1
215478,215479,215483,4,1
215478,215479,215483,4,1
215478,215479,215483,4,1
215478,215479,215483,4,1
215478,215479,215483,4,1
215478,215479,215484,5,1
215478,215479,215484,5,1
215478,215479,215484,5,1
215478,215479,215483,4,1
215478,215479,215484,5,1
215478,215482,215484,2,4
215478,215479,215483,4,1
215478,215479,215483,4,1
215478,215479,215484,5,1
215478,215479,215483,4,1
215478,215479,215484,5,1
215478,215479,215483,4,1
215478,215479,215483,4,1
215478,215479,215484,5,1
215478,215479,215485,6,1
215478,215479,215485,6,1
215478,215482,215485,3,4
215478,215479,215484,5,1
215478,215479,215485,6,1
215478,215479,215484,5,1
215478,215482,215485,3,4
215478,215482,215484,2,4
215478,215482,215484,2,4
215478,215479,215485,6,1
215478,215483,215486,3,5
215478,215479,215486,7,1
215478,215483,215486,3,5
215478,215483,215486,3,5
215478,215483,215486,3,5
215478,215482,215486,4,4
215478,215483,215486,3,5
215478,215483,215486,3,5
215478,215483,215486,3,5
215478,215483,215486,3,5
215478,215482,215486,4,4
215478,215483,215487,4,5
215478,215483,215486,3,5
215478,215484,215487,3,6
215478,215483,215486,3,5
215478,215483,215486,3,5
215478,215482,215486,4,4
215478,215483,215487,4,5
215478,215484,215487,3,6
215478,215484,215487,3,6
215478,215484,215487,3,6
215478,215483,215487,4,5
215478,215484,215487,3,6
215478,215484,215487,3,6
215478,215483,215487,4,5
215478,215484,215487,3,6
215478,215483,215487,4,5
215478,215483,215487,4,5
215478,215484,215487,3,6
215483,215484,215487,3,1
215478,215484,215487,3,6
215478,215484,215487,3,6
215478,215483,215487,4,5
215478,215484,215487,3,6
215478,215484,215487,3,6
215478,215484,215487,3,6
215478,215484,215487,3,6
215478,215484,215487,3,6
215478,215484,215488,4,6
215483,215485,215488,3,2
215478,215484,215487,3,6
215478,215483,215487,4,5
215478,215483,215487,4,5
215478,215484,215488,4,6
215483,215484,215488,4,1
215478,215483,215488,5,5
215478,215483,215488,5,5
215478,215483,215488,5,5
215483,215484,215488,4,1
215478,215484,215488,4,6
215478,215484,215488,4,6
215478,215484,215488,4,6
215483,215485,215488,3,2
215478,215483,215488,5,5
215478,215484,215488,4,6
215483,215484,215488,4,1
215478,215484,215488,4,6
215483,215484,215488,4,1
215483,215487,215489,2,4
215483,215487,215488,1,4
215483,215485,215489,4,2
215483,215485,215488,3,2
215483,215487,215489,2,4
215483,215487,215489,2,4
215483,215487,215489,2,4
215483,215485,215489,4,2
215483,215487,215489,2,4
215483,215487,215489,2,4
215483,215485,215489,4,2
215483,215485,215489,4,2
215483,215486,215489,3,3
215483,215485,215489,4,2
215483,215485,215489,4,2
215483,215485,215489,4,2
215483,215486,215490,4,3
215483,215487,215490,3,4
215483,215487,215490,3,4
215483,215487,215490,3,4
215483,215486,215490,4,3
215483,215486,215490,4,3
215483,215488,215490,2,5
215483,215486,215490,4,3
215483,215486,215490,4,3
215483,215486,215491,5,3
215483,215487,215490,3,4
215483,215487,215490,3,4
215483,215487,215491,4,4
215483,215488,215490,2,5
215483,215488,215491,3,5
215483,215486,215490,4,3
215483,215488,215490,2,5
215483,215486,215490,4,3
215483,215486,215491,5,3
215483,215488,215492,4,5
215483,215487,215491,4,4
215483,215488,215492,4,5
215483,215488,215492,4,5
215483,215488,215491,3,5
215483,215489,215491,2,6
215483,215489,215492,3,6
215483,215488,215491,3,5
215483,215489,215492,3,6
215483,215489,215492,3,6
215483,215489,215492,3,6
215483,215488,215491,3,5
215483,215488,215491,3,5
215483,215488,215492,4,5
215483,215489,215492,3,6
215483,215489,215492,3,6
215483,215489,215492,3,6
215483,215489,215492,3,6
215483,215489,215492,3,6
215483,215489,215492,3,6
215483,215489,215492,3,6
215483,215489,215492,3,6
215483,215489,215492,3,6
215483,215489,215492,3,6
215483,215489,215492,3,6
215483,215488,215492,4,5
215483,215490,215492,2,7
215483,215490,215492,2,7
215483,215488,215493,5,5
215483,215489,215492,3,6
215483,215490,215493,3,7
215483,215490,215492,2,7
215483,215490,215493,3,7
215483,215488,215493,5,5
215483,215488,215493,5,5
215483,215489,215493,4,6
215483,215489,215493,4,6
215483,215488,215492,4,5
215483,215489,215493,4,6
215483,215489,215493,4,6
215483,215489,215493,4,6
215483,215490,215493,3,7
215483,215491,215494,3,8
215483,215490,215494,4,7
215483,215490,215494,4,7
215483,215491,215494,3,8
215483,215490,215493,3,7
215483,215491,215494,3,8
215483,215488,215493,5,5
215483,215491,215493,2,8
215483,215491,215494,3,8
215483,215490,215493,3,7
215483,215490,215494,4,7
215483,215490,215494,4,7
215483,215491,215494,3,8
215483,215491,215494,3,8
215483,215491,215494,3,8
215483,215491,215494,3,8
215483,215492,215494,2,9
215483,215492,215494,2,9
215483,215491,215495,4,8
215483,215491,215494,3,8
215483,215491,215494,3,8
215483,215492,215494,2,9
215483,215492,215495,3,9
215483,215492,215494,2,9
215483,215492,215495,3,9
215483,215491,215494,3,8
215483,215492,215494,2,9
215483,215492,215494,2,9
215483,215492,215494,2,9
215483,215491,215494,3,8
215483,215492,215494,2,9
215483,215491,215494,3,8
215483,215492,215495,3,9
215483,215491,215495,4,8
215483,215492,215495,3,9
215483,215492,215495,3,9
215497,215498,215518,20,1
214687,214708,215558,850,21
215559,215560,215562,2,1
215559,215560,215562,2,1
215559,215560,215562,2,1
215559,215560,215562,2,1
214675,214685,215562,877,10
215559,215560,215562,2,1
215559,215560,215562,2,1
215559,215560,215562,2,1
214683,214697,215563,866,14
215559,215560,215563,3,1
215559,215560,215563,3,1
215559,215560,215563,3,1
215559,215560,215563,3,1
215559,215560,215563,3,1
215559,215560,215564,4,1
215559,215560,215563,3,1
215559,215560,215563,3,1
215559,215560,215563,3,1
215559,215560,215564,4,1
215559,215560,215564,4,1
215559,215560,215563,3,1
215559,215560,215563,3,1
215559,215560,215563,3,1
215559,215560,215563,3,1
215559,215560,215564,4,1
215559,215560,215563,3,1
215559,215560,215564,4,1
215559,215560,215563,3,1
215559,215560,215564,4,1
215559,215560,215563,3,1
215559,215560,215564,4,1
215559,215560,215564,4,1
215559,215560,215564,4,1
215559,215560,215564,4,1
215559,215560,215563,3,1
215559,215560,215563,3,1
215559,215560,215565,5,1
215559,215560,215564,4,1
215559,215560,215564,4,1
215559,215560,215564,4,1
215559,215560,215565,5,1
215559,215560,215564,4,1
215559,215560,215565,5,1
215559,215560,215565,5,1
215559,215560,215564,4,1
215559,215560,215564,4,1
215559,215560,215564,4,1
215559,215560,215565,5,1
215559,215560,215564,4,1
215559,215560,215564,4,1
215559,215560,215564,4,1
215559,215560,215564,4,1
215559,215560,215565,5,1
215559,215560,215565,5,1
215559,215560,215564,4,1
215559,215560,215565,5,1
215559,215560,215564,4,1
215559,215560,215564,4,1
215559,215560,215564,4,1
215559,215560,215564,4,1
215559,215560,215564,4,1
215559,215560,215564,4,1
215559,215560,215564,4,1
215559,215563,215565,2,4
215559,215560,215564,4,1
215559,215560,215565,5,1
215559,215563,215565,2,4
215559,215560,215565,5,1
215559,215560,215565,5,1
215559,215563,215566,3,4
215559,215560,215565,5,1
215559,215563,215565,2,4
215559,215560,215565,5,1
215559,215563,215566,3,4
215559,215563,215566,3,4
215559,215563,215566,3,4
215559,215564,215567,3,5
215559,215564,215567,3,5
215559,215564,215567,3,5
215559,215564,215567,3,5
215559,215564,215567,3,5
215559,215563,215567,4,4
215559,215564,215567,3,5
215559,215564,215567,3,5
215559,215564,215567,3,5
215559,215564,215567,3,5
215559,215564,215568,4,5
215559,215565,215568,3,6
215559,215564,215568,4,5
215559,215565,215568,3,6
215559,215564,215568,4,5
215559,215564,215568,4,5
215559,215564,215568,4,5
215559,215564,215567,3,5
215559,215564,215567,3,5
215559,215565,215568,3,6
215559,215564,215568,4,5
215559,215565,215568,3,6
215559,215565,215568,3,6
215559,215565,215568,3,6
215559,215564,215568,4,5
215559,215564,215567,3,5
215559,215565,215568,3,6
215559,215564,215568,4,5
215559,215564,215568,4,5
215559,215565,215568,3,6
215559,215564,215568,4,5
215559,215564,215568,4,5
215559,215564,215568,4,5
215559,215564,215567,3,5
215559,215564,215568,4,5
215564,215565,215569,4,1
215559,215565,215569,4,6
215559,215565,215568,3,6
215559,215565,215569,4,6
215564,215565,215568,3,1
215559,215565,215569,4,6
215564,215565,215569,4,1
215564,215565,215569,4,1
215559,215565,215568,3,6
215559,215565,215568,3,6
215559,215565,215569,4,6
215564,215567,215569,2,3
215559,215564,215569,5,5
215559,215565,215569,4,6
215559,215565,215568,3,6
215564,215567,215569,2,3
215564,215565,215568,3,1
215564,215565,215568,3,1
215564,215567,215569,2,3
215559,215564,215568,4,5
215564,215565,215569,4,1
215564,215565,215569,4,1
215564,215567,215569,2,3
215564,215567,215569,2,3
215564,215567,215569,2,3
215564,215566,215569,3,2
215564,215567,215569,2,3
215564,215568,215570,2,4
215564,215566,215569,3,2
215564,215565,215570,5,1
215564,215566,215569,3,2
215564,215565,215570,5,1
215564,215565,215570,5,1
215564,215566,215570,4,2
215564,215566,215570,4,2
215564,215566,215570,4,2
215564,215565,215570,5,1
215564,215566,215570,4,2
215564,215567,215571,4,3
215564,215567,215571,4,3
215564,215568,215571,3,4
215564,215567,215571,4,3
215564,215568,215571,3,4
215564,215566,215571,5,2
215564,215568,215571,3,4
215564,215566,215571,5,2
215564,215570,215571,1,6
215564,215569,215571,2,5
215564,215566,215571,5,2
214661,214669,215572,903,8
215564,215568,215572,4,4
215564,215568,215572,4,4
215564,215568,215572,4,4
215564,215568,215572,4,4
215564,215568,215572,4,4
215564,215569,215572,3,5
215564,215567,215572,5,3
215564,215568,215572,4,4
215564,215569,215572,3,5
215564,215568,215573,5,4
215564,215568,215572,4,4
215564,215568,215572,4,4
215564,215569,215572,3,5
215564,215568,215572,4,4
215564,215570,215572,2,6
215564,215568,215572,4,4
215564,215569,215572,3,5
215564,215569,215572,3,5
215564,215570,215572,2,6
215564,215568,215572,4,4
215564,215568,215572,4,4
215564,215570,215573,3,6
215564,215568,215573,5,4
215564,215568,215572,4,4
215564,215569,215572,3,5
215564,215570,215572,2,6
215564,215568,215572,4,4
215564,215570,215572,2,6
215564,215570,215572,2,6
215564,215568,215573,5,4
215564,215569,215573,4,5
215564,215569,215573,4,5
215564,215569,215573,4,5
215564,215569,215573,4,5
215564,215571,215573,2,7
215564,215568,215573,5,4
215564,215570,215573,3,6
215564,215570,215573,3,6
215564,215570,215573,3,6
215564,215571,215573,2,7
215564,215570,215573,3,6
215564,215570,215573,3,6
215564,215568,215573,5,4
215564,215570,215573,3,6
215564,215571,215574,3,7
215564,215568,215573,5,4
215564,215568,215573,5,4
215564,215570,215573,3,6
215564,215571,215574,3,7
215564,215569,215573,4,5
215564,215570,215574,4,6
215564,215571,215574,3,7
215564,215571,215574,3,7
215564,215570,215574,4,6
215564,215571,215574,3,7
215564,215571,215574,3,7
215564,215571,215574,3,7
215564,215571,215574,3,7
215564,215572,215574,2,8
215564,215572,215574,2,8
215564,215572,215575,3,8
215564,215572,215575,3,8
215564,215570,215574,4,6
215564,215572,215574,2,8
215564,215572,215575,3,8
215564,215571,215574,3,7
215564,215571,215575,4,7
215564,215572,215575,3,8
215564,215572,215575,3,8
215564,215573,215575,2,9
215564,215573,215575,2,9
215564,215572,215575,3,8
215564,215573,215576,3,9
215564,215573,215576,3,9
215565,215573,215576,3,8
215565,215574,215575,1,9
215565,215574,215576,2,9
215565,215573,215576,3,8
215565,215574,215575,1,9
215565,215574,215575,1,9
215565,215574,215576,2,9
215565,215573,215575,2,8
215565,215574,215575,1,9
215564,215573,215576,3,9
215565,215574,215576,2,9
215564,215573,215577,4,9
215564,215573,215577,4,9
215564,215573,215576,3,9
215565,215573,215576,3,8
215564,215573,215576,3,9
215564,215573,215576,3,9
215564,215573,215576,3,9
215564,215573,215576,3,9
215565,215574,215577,3,9
215565,215573,215576,3,8
215565,215574,215576,2,9
215565,215573,215576,3,8
215565,215573,215577,4,8
215565,215573,215577,4,8
215565,215573,215577,4,8
215565,215574,215576,2,9
215565,215574,215576,2,9
215565,215574,215576,2,9
215565,215573,215577,4,8
215565,215573,215576,3,8
215565,215573,215577,4,8
215565,215573,215577,4,8
215565,215574,215577,3,9
215565,215574,215577,3,9
215565,215574,215577,3,9
215565,215574,215577,3,9
215565,215574,215577,3,9
215565,215575,215578,3,10
215565,215575,215578,3,10
215565,215574,215577,3,9
215565,215574,215577,3,9
215565,215574,215577,3,9
215565,215575,215577,2,10
215565,215573,215577,4,8
215565,215573,215577,4,8
215565,215573,215577,4,8
215565,215574,215577,3,9
215565,215575,215578,3,10
215565,215576,215578,2,11
215565,215576,215578,2,11
215565,215573,215577,4,8
215565,215575,215578,3,10
215565,215575,215578,3,10
215565,215575,215578,3,10
215565,215575,215578,3,10
215565,215575,215578,3,10
215565,215575,215578,3,10
215565,215576,215578,2,11
215565,215576,215579,3,11
215565,215577,215579,2,12
215565,215576,215579,3,11
215565,215575,215579,4,10
215565,215576,215578,2,11
215565,215575,215578,3,10
215565,215576,215579,3,11
215565,215575,215578,3,10
215565,215576,215579,3,11
215565,215576,215578,2,11
215565,215575,215578,3,10
215565,215576,215580,4,11
215565,215577,215579,2,12
215565,215576,215580,4,11
215565,215577,215580,3,12
215565,215577,215579,2,12
215565,215576,215579,3,11
215565,215577,215580,3,12
215565,215575,215579,4,10
215565,215577,215579,2,12
215565,215578,215580,2,13
215565,215576,215579,3,11
215565,215577,215580,3,12
215565,215577,215580,3,12
215565,215577,215580,3,12
215565,215577,215580,3,12
215565,215576,215579,3,11
215565,215576,215580,4,11
215565,215576,215580,4,11
215565,215578,215580,2,13
215565,215575,215580,5,10
215565,215577,215580,3,12
215565,215577,215581,4,12
215565,215578,215581,3,13
215565,215577,215580,3,12
215565,215577,215581,4,12
215565,215578,215581,3,13
215565,215578,215581,3,13
215565,215577,215580,3,12
215565,215578,215580,2,13
215565,215578,215581,3,13
215565,215578,215580,2,13
215565,215578,215581,3,13
215565,215577,215580,3,12
215565,215577,215580,3,12
215565,215577,215581,4,12
215565,215578,215581,3,13
215565,215579,215581,2,14
215565,215577,215581,4,12
215565,215577,215581,4,12
215565,215578,215581,3,13
215565,215578,215581,3,13
215565,215577,215581,4,12
215565,215578,215581,3,13
215565,215578,215581,3,13
215565,215577,215580,3,12
215565,215577,215580,3,12
215565,215578,215581,3,13
215565,215576,215581,5,11
215565,215579,215581,2,14
215565,215579,215581,2,14
215565,215578,215581,3,13
215565,215578,215581,3,13
215565,215579,215582,3,14
215565,215578,215582,4,13
215565,215578,215582,4,13
215565,215579,215582,3,14
215565,215577,215582,5,12
215565,215579,215582,3,14
215617,215618,215619,1,1
215617,215618,215620,2,1
215617,215618,215620,2,1
215617,215618,215620,2,1
215617,215618,215620,2,1
215617,215618,215620,2,1
215617,215618,215620,2,1
215617,215618,215621,3,1
215617,215618,215621,3,1
215617,215618,215620,2,1
215617,215618,215621,3,1
215617,215618,215620,2,1
215617,215618,215621,3,1
215617,215618,215622,4,1
215617,215618,215621,3,1
215617,215618,215622,4,1
215617,215618,215621,3,1
215617,215618,215621,3,1
215617,215618,215621,3,1
215617,215618,215622,4,1
215617,215618,215622,4,1
215617,215618,215621,3,1
215617,215618,215622,4,1
215617,215618,215621,3,1
215617,215618,215622,4,1
215617,215618,215621,3,1
215617,215618,215622,4,1
215617,215618,215622,4,1
215617,215618,215622,4,1
215617,215618,215621,3,1
215617,215618,215622,4,1
215617,215618,215622,4,1
215617,215618,215621,3,1
215617,215618,215621,3,1
215617,215618,215621,3,1
215617,215618,215621,3,1
215617,215618,215621,3,1
215617,215618,215622,4,1
215617,215618,215622,4,1
215617,215618,215622,4,1
215617,215618,215623,5,1
215617,215618,215622,4,1
215617,215618,215622,4,1
215617,215618,215622,4,1
215617,215618,215623,5,1
215617,215618,215622,4,1
215617,215618,215622,4,1
215617,215618,215623,5,1
215617,215618,215622,4,1
215617,215620,215622,2,3
215617,215618,215622,4,1
215617,215618,215622,4,1
215617,215618,215623,5,1
215617,215618,215623,5,1
215617,215618,215622,4,1
215617,215620,215622,2,3
215617,215618,215622,4,1
215617,215618,215622,4,1
215617,215618,215622,4,1
215617,215618,215622,4,1
215617,215618,215622,4,1
215617,215618,215622,4,1
215617,215618,215622,4,1
215617,215618,215622,4,1
215617,215618,215623,5,1
215617,215618,215622,4,1
215617,215618,215622,4,1
215617,215618,215622,4,1
215617,215618,215622,4,1
215617,215618,215622,4,1
215617,215621,215624,3,4
215617,215618,215623,5,1
215617,215618,215623,5,1
215617,215622,215625,3,5
215617,215621,215624,3,4
215617,215622,215624,2,5
215617,215622,215625,3,5
215617,215621,215624,3,4
215617,215622,215625,3,5
215617,215621,215624,3,4
215617,215622,215625,3,5
215617,215621,215624,3,4
215617,215621,215625,4,4
215617,215622,215625,3,5
215617,215621,215624,3,4
215617,215622,215624,2,5
215617,215621,215624,3,4
215617,215622,215625,3,5
215617,215621,215625,4,4
215617,215622,215625,3,5
215617,215622,215625,3,5
215617,215622,215625,3,5
215617,215623,215626,3,6
215617,215623,215625,2,6
215617,215623,215625,2,6
215617,215622,215626,4,5
215617,215622,215626,4,5
215617,215622,215625,3,5
215617,215622,215625,3,5
215617,215622,215626,4,5
215617,215623,215626,3,6
215617,215623,215625,2,6
215617,215621,215625,4,4
215617,215622,215625,3,5
215617,215622,215625,3,5
215617,215622,215626,4,5
215617,215622,215625,3,5
215617,215622,215625,3,5
215617,215622,215625,3,5
215617,215622,215625,3,5
215617,215622,215625,3,5
215617,215623,215626,3,6
215617,215623,215627,4,6
215617,215623,215626,3,6
215617,215622,215626,4,5
215617,215623,215626,3,6
215617,215623,215626,3,6
215617,215623,215626,3,6
215617,215623,215627,4,6
215617,215623,215626,3,6
214737,214755,215652,897,18
215652,215653,215655,2,1
215652,215653,215655,2,1
215652,215653,215655,2,1
215652,215653,215655,2,1
215652,215653,215655,2,1
215652,215653,215656,3,1
215652,215653,215656,3,1
215652,215653,215657,4,1
215652,215653,215656,3,1
215652,215653,215656,3,1
215652,215653,215657,4,1
215652,215653,215656,3,1
215652,215653,215657,4,1
215652,215653,215656,3,1
215652,215653,215656,3,1
215652,215653,215656,3,1
215652,215653,215656,3,1
215652,215653,215657,4,1
215652,215653,215657,4,1
215652,215653,215657,4,1
215652,215653,215656,3,1
215652,215653,215656,3,1
215652,215653,215656,3,1
215652,215653,215656,3,1
215652,215653,215657,4,1
215652,215653,215656,3,1
215652,215653,215657,4,1
215652,215653,215657,4,1
215652,215653,215657,4,1
215652,215653,215657,4,1
215652,215653,215657,4,1
215652,215653,215656,3,1
215652,215653,215657,4,1
215652,215653,215657,4,1
215652,215653,215657,4,1
215652,215653,215657,4,1
215652,215653,215657,4,1
215652,215653,215657,4,1
215652,215653,215657,4,1
215652,215653,215656,3,1
215652,215653,215657,4,1
215652,215653,215658,5,1
215652,215653,215658,5,1
215652,215653,215658,5,1
215652,215653,215658,5,1
215652,215653,215657,4,1
215652,215653,215657,4,1
215652,215653,215657,4,1
215652,215653,215657,4,1
215652,215653,215658,5,1
215652,215653,215657,4,1
215652,215653,215657,4,1
215652,215653,215658,5,1
215652,215653,215658,5,1
215652,215653,215658,5,1
215652,215653,215658,5,1
215652,215653,215658,5,1
215652,215653,215658,5,1
215652,215653,215657,4,1
215652,215653,215657,4,1
215652,215653,215657,4,1
215652,215653,215658,5,1
215652,215653,215658,5,1
215652,215653,215658,5,1
215652,215653,215657,4,1
215652,215653,215658,5,1
215652,215653,215657,4,1
215652,215653,215657,4,1
215652,215653,215658,5,1
215652,215653,215657,4,1
215652,215656,215658,2,4
215652,215656,215659,3,4
215652,215656,215659,3,4
215652,215656,215659,3,4
215652,215656,215659,3,4
215652,215656,215659,3,4
215652,215657,215660,3,5
215652,215657,215660,3,5
215652,215653,215659,6,1
215652,215657,215659,2,5
215652,215657,215660,3,5
215652,215657,215659,2,5
215652,215656,215660,4,4
215652,215657,215660,3,5
215652,215657,215660,3,5
215652,215657,215660,3,5
215652,215657,215660,3,5
215652,215657,215660,3,5
215652,215657,215661,4,5
215652,215658,215661,3,6
215652,215658,215661,3,6
215652,215658,215661,3,6
215652,215657,215660,3,5
215652,215657,215660,3,5
215652,215657,215661,4,5
215652,215657,215661,4,5
215652,215657,215661,4,5
215652,215658,215661,3,6
215652,215657,215660,3,5
215652,215657,215661,4,5
215652,215657,215661,4,5
215652,215658,215661,3,6
215652,215657,215661,4,5
215652,215657,215660,3,5
215652,215657,215661,4,5
215652,215657,215661,4,5
215652,215657,215661,4,5
215652,215657,215661,4,5
215652,215657,215661,4,5
215652,215657,215661,4,5
215652,215657,215661,4,5
215652,215657,215661,4,5
215652,215657,215661,4,5
215652,215657,215661,4,5
215652,215657,215662,5,5
215652,215658,215661,3,6
215652,215657,215661,4,5
215652,215658,215661,3,6
215652,215657,215662,5,5
215652,215658,215661,3,6
215646,215646,215669,23,0
214748,214785,215672,887,37
215692,215692,215695,3,0
215692,215692,215694,2,0
215692,215692,215695,3,0
215692,215692,215696,4,0
215692,215692,215696,4,0
215692,215692,215696,4,0
215692,215692,215696,4,0
215692,215692,215696,4,0
215692,215692,215696,4,0
215692,215692,215696,4,0
215692,215692,215696,4,0
215692,215692,215696,4,0
215692,215692,215696,4,0
215692,215692,215696,4,0
215692,215692,215696,4,0
215692,215692,215696,4,0
215692,215692,215696,4,0
215692,215692,215696,4,0
215692,215692,215696,4,0
215692,215692,215696,4,0
215692,215692,215695,3,0
215692,215692,215696,4,0
215692,215692,215696,4,0
215692,215692,215696,4,0
215692,215692,215696,4,0
215692,215692,215696,4,0
215692,215692,215696,4,0
215692,215692,215696,4,0
215692,215692,215695,3,0
215692,215692,215696,4,0
215692,215692,215696,4,0
215692,215692,215696,4,0
215692,215692,215696,4,0
215692,215692,215696,4,0
215692,215692,215696,4,0
215692,215692,215696,4,0
215692,215692,215696,4,0
215692,215692,215696,4,0
215692,215692,215696,4,0
215692,215692,215696,4,0
215692,215692,215696,4,0
215692,215692,215696,4,0
215692,215692,215696,4,0
215692,215692,215696,4,0
215692,215692,215696,4,0
215692,215692,215696,4,0
215692,215692,215697,5,0
215692,215692,215697,5,0
215692,215692,215697,5,0
215692,215692,215697,5,0
215692,215692,215697,5,0
215692,215692,215697,5,0
215692,215692,215697,5,0
215692,215692,215697,5,0
215692,215692,215697,5,0
215692,215692,215697,5,0
215692,215692,215697,5,0
215692,215692,215697,5,0
215692,215692,215697,5,0
215692,215692,215697,5,0
215692,215692,215697,5,0
215692,215692,215697,5,0
215692,215692,215697,5,0
215692,215692,215697,5,0
215692,215692,215697,5,0
215692,215692,215697,5,0
215692,215692,215697,5,0
215692,215692,215697,5,0
215692,215692,215697,5,0
215692,215692,215698,6,0
215692,215695,215699,4,3
215692,215697,215699,2,5
215692,215692,215698,6,0
215692,215692,215698,6,0
215692,215696,215699,3,4
215692,215697,215699,2,5
215692,215697,215699,2,5
215692,215695,215699,4,3
215692,215695,215699,4,3
215692,215697,215699,2,5
215692,215697,215700,3,5
215692,215697,215700,3,5
215692,215697,215700,3,5
215692,215697,215699,2,5
215692,215697,215699,2,5
215692,215697,215699,2,5
215693,215693,215699,6,0
215692,215697,215700,3,5
215692,215697,215700,3,5
215692,215697,215700,3,5
215692,215697,215700,3,5
215692,215697,215700,3,5
215692,215697,215700,3,5
215692,215697,215700,3,5
215692,215697,215700,3,5
215692,215697,215700,3,5
215692,215697,215700,3,5
215692,215697,215700,3,5
215692,215698,215701,3,6
215692,215697,215700,3,5
215692,215698,215700,2,6
215692,215697,215700,3,5
215692,215697,215700,3,5
215692,215697,215700,3,5
215692,215697,215700,3,5
215692,215697,215700,3,5
215692,215697,215700,3,5
215692,215697,215700,3,5
215692,215697,215700,3,5
215692,215697,215700,3,5
215692,215697,215700,3,5
215692,215697,215700,3,5
215692,215697,215700,3,5
215692,215697,215700,3,5
215692,215697,215700,3,5
215692,215697,215700,3,5
215692,215697,215700,3,5
215692,215697,215700,3,5
215692,215697,215701,4,5
215692,215697,215701,4,5
214759,214795,215701,906,36
215692,215698,215701,3,6
215702,215703,215706,3,1
215702,215702,215706,4,0
215702,215703,215706,3,1
215702,215703,215706,3,1
215702,215702,215706,4,0
215702,215702,215707,5,0
215702,215703,215706,3,1
215702,215703,215706,3,1
215702,215702,215706,4,0
215702,215703,215706,3,1
215702,215703,215706,3,1
215702,215703,215706,3,1
215702,215702,215706,4,0
215702,215703,215707,4,1
215702,215702,215706,4,0
215702,215702,215706,4,0
215702,215703,215706,3,1
215702,215702,215706,4,0
215702,215703,215706,3,1
215702,215703,215706,3,1
215702,215702,215706,4,0
215702,215703,215706,3,1
215702,215703,215706,3,1
215702,215703,215706,3,1
215702,215703,215707,4,1
215702,215703,215706,3,1
215702,215702,215707,5,0
215702,215703,215707,4,1
215702,215703,215707,4,1
215702,215703,215707,4,1
215702,215703,215707,4,1
215702,215702,215707,5,0
215702,215702,215707,5,0
215702,215703,215707,4,1
215702,215703,215707,4,1
215702,215703,215707,4,1
215702,215703,215707,4,1
215702,215703,215707,4,1
215702,215703,215707,4,1
215702,215702,215708,6,0
215702,215703,215708,5,1
215702,215703,215707,4,1
215702,215703,215707,4,1
215702,215703,215707,4,1
215702,215702,215708,6,0
215702,215703,215707,4,1
215702,215703,215707,4,1
215702,215703,215707,4,1
215702,215703,215707,4,1
215702,215703,215707,4,1
215702,215703,215707,4,1
215702,215703,215708,5,1
215702,215703,215707,4,1
215702,215703,215707,4,1
215702,215703,215707,4,1
215702,215703,215707,4,1
215702,215703,215707,4,1
215702,215703,215707,4,1
215702,215703,215708,5,1
215702,215703,215708,5,1
215702,215703,215707,4,1
215702,215702,215707,5,0
215702,215702,215708,6,0
215702,215703,215707,4,1
215702,215703,215707,4,1
215702,215703,215707,4,1
215702,215703,215707,4,1
215702,215702,215707,5,0
215702,215703,215707,4,1
215702,215703,215707,4,1
215702,215703,215708,5,1
215702,215703,215708,5,1
215702,215707,215708,1,5
215702,215703,215708,5,1
215702,215707,215709,2,5
215702,215707,215709,2,5
215702,215707,215709,2,5
215702,215706,215710,4,4
215702,215707,215710,3,5
215702,215707,215709,2,5
215702,215707,215710,3,5
215702,215707,215710,3,5
215702,215707,215710,3,5
215702,215707,215710,3,5
215702,215707,215710,3,5
215702,215707,215710,3,5
215702,215707,215711,4,5
215702,215707,215711,4,5
215702,215707,215710,3,5
215702,215707,215710,3,5
215702,215707,215710,3,5
215702,215707,215710,3,5
215702,215707,215710,3,5
215702,215707,215710,3,5
215702,215707,215710,3,5
215702,215708,215711,3,6
215702,215707,215710,3,5
215702,215707,215710,3,5
215702,215707,215710,3,5
215702,215708,215711,3,6
215702,215708,215711,3,6
215702,215707,215711,4,5
215702,215708,215711,3,6
215702,215707,215710,3,5
215702,215707,215710,3,5
215702,215708,215711,3,6
215702,215708,215711,3,6
215702,215708,215710,2,6
215702,215707,215710,3,5
215702,215707,215710,3,5
215702,215707,215711,4,5
215702,215708,215712,4,6
215702,215708,215712,4,6
215702,215708,215711,3,6
215702,215708,215711,3,6
215702,215708,215711,3,6
215702,215708,215711,3,6
215702,215708,215712,4,6
215702,215708,215711,3,6
215702,215708,215711,3,6
214847,214880,215721,841,33
215729,215730,215733,3,1
215729,215730,215733,3,1
215729,215730,215733,3,1
215729,215730,215733,3,1
215729,215730,215733,3,1
215729,215730,215733,3,1
215729,215730,215734,4,1
215729,215730,215733,3,1
215729,215730,215733,3,1
215729,215730,215733,3,1
215729,215730,215733,3,1
215729,215730,215733,3,1
215729,215730,215733,3,1
215729,215730,215733,3,1
215729,215730,215734,4,1
215729,215730,215733,3,1
215729,215730,215734,4,1
215729,215730,215733,3,1
215729,215730,215734,4,1
215729,215730,215733,3,1
215729,215730,215733,3,1
215729,215730,215734,4,1
215729,215730,215734,4,1
215729,215730,215734,4,1
215729,215730,215734,4,1
215729,215730,215734,4,1
215729,215730,215734,4,1
215729,215730,215734,4,1
215729,215730,215734,4,1
215729,215730,215734,4,1
215729,215730,215734,4,1
215729,215730,215734,4,1
215729,215730,215734,4,1
215729,215730,215734,4,1
215729,215730,215734,4,1
215729,215730,215734,4,1
215729,215730,215734,4,1
215729,215730,215734,4,1
215729,215730,215734,4,1
215729,215730,215734,4,1
215729,215730,215734,4,1
215729,215730,215734,4,1
215729,215730,215735,5,1
215729,215730,215734,4,1
215729,215730,215734,4,1
215729,215730,215734,4,1
215729,215730,215734,4,1
215729,215730,215734,4,1
215729,215730,215734,4,1
215729,215730,215734,4,1
215729,215730,215735,5,1
215729,215730,215734,4,1
215729,215730,215734,4,1
215729,215730,215734,4,1
215729,215730,215734,4,1
215729,215730,215734,4,1
215729,215730,215735,5,1
215729,215730,215734,4,1
215729,215730,215734,4,1
215729,215730,215735,5,1
215729,215730,215734,4,1
215729,215730,215735,5,1
215729,215730,215734,4,1
215729,215730,215734,4,1
215729,215730,215734,4,1
215729,215730,215734,4,1
215729,215730,215734,4,1
215729,215730,215734,4,1
215729,215730,215734,4,1
215729,215730,215735,5,1
215729,215730,215734,4,1
215729,215730,215734,4,1
215729,215734,215736,2,5
215729,215733,215735,2,4
215729,215734,215736,2,5
215729,215730,215735,5,1
215729,215730,215735,5,1
215729,215734,215737,3,5
215729,215734,215737,3,5
215729,215734,215736,2,5
215729,215734,215737,3,5
215729,215734,215737,3,5
215729,215734,215736,2,5
215729,215734,215737,3,5
215729,215735,215737,2,6
215729,215735,215737,2,6
215729,215734,215737,3,5
215729,215734,215737,3,5
215729,215734,215738,4,5
215729,215734,215737,3,5
215729,215734,215738,4,5
215729,215734,215737,3,5
215729,215734,215737,3,5
215729,215734,215737,3,5
215729,215734,215737,3,5
215729,215734,215737,3,5
215729,215735,215738,3,6
215729,215735,215738,3,6
215729,215734,215737,3,5
215729,215734,215737,3,5
215729,215734,215738,4,5
215729,215735,215737,2,6
215729,215734,215737,3,5
215729,215735,215738,3,6
215729,215735,215738,3,6
215729,215734,215737,3,5
215729,215735,215738,3,6
215729,215735,215738,3,6
215729,215735,215738,3,6
215729,215735,215738,3,6
215729,215735,215738,3,6
215729,215735,215739,4,6
215729,215735,215738,3,6
215729,215735,215738,3,6
215729,215735,215739,4,6
215729,215735,215738,3,6
215729,215735,215738,3,6
215729,215735,215738,3,6
215729,215735,215738,3,6
215729,215735,215738,3,6
215724,215725,215756,31,1
215786,215786,215794,8,0
214829,214862,215797,935,33
215798,215798,215801,3,0
215798,215798,215801,3,0
215798,215798,215801,3,0
215798,215798,215802,4,0
215798,215798,215802,4,0
215798,215798,215802,4,0
215798,215798,215802,4,0
215798,215798,215802,4,0
215798,215798,215802,4,0
215798,215798,215802,4,0
215798,215798,215802,4,0
215798,215798,215802,4,0
215798,215798,215802,4,0
215798,215798,215802,4,0
215798,215798,215802,4,0
215798,215798,215802,4,0
215798,215798,215802,4,0
215798,215798,215803,5,0
215798,215798,215802,4,0
215798,215798,215803,5,0
215798,215798,215803,5,0
215798,215798,215802,4,0
215798,215798,215802,4,0
215798,215798,215803,5,0
215798,215798,215803,5,0
215798,215798,215803,5,0
215798,215799,215803,4,1
215798,215799,215802,3,1
215798,215798,215803,5,0
215798,215798,215802,4,0
215798,215798,215803,5,0
215798,215798,215803,5,0
215798,215798,215802,4,0
215798,215798,215803,5,0
215798,215798,215803,5,0
215798,215799,215803,4,1
215798,215799,215802,3,1
215798,215798,215803,5,0
215798,215798,215803,5,0
215798,215798,215803,5,0
215798,215798,215803,5,0
215798,215798,215803,5,0
215798,215798,215803,5,0
215798,215798,215803,5,0
215798,215798,215803,5,0
215798,215798,215803,5,0
215798,215798,215803,5,0
215798,215798,215803,5,0
215798,215798,215803,5,0
215798,215798,215803,5,0
215798,215798,215803,5,0
215798,215798,215803,5,0
215798,215798,215803,5,0
215798,215798,215803,5,0
215798,215798,215804,6,0
215798,215798,215803,5,0
215798,215798,215803,5,0
215798,215798,215803,5,0
215798,215798,215803,5,0
215798,215799,215803,4,1
215798,215798,215803,5,0
215798,215798,215803,5,0
215798,215798,215803,5,0
215798,215799,215804,5,1
215798,215798,215803,5,0
215798,215798,215803,5,0
215798,215799,215803,4,1
215798,215798,215804,6,0
215798,215799,215804,5,1
215798,215798,215803,5,0
215798,215798,215803,5,0
215798,215798,215804,6,0
215798,215801,215803,2,3
215798,215798,215804,6,0
215798,215798,215804,6,0
215798,215802,215804,2,4
215798,215798,215804,6,0
215798,215803,215805,2,5
215798,215803,215805,2,5
214903,214918,215805,887,15
215798,215803,215805,2,5
215798,215803,215805,2,5
215798,215803,215806,3,5
215798,215803,215806,3,5
215798,215803,215806,3,5
215798,215802,215805,3,4
215798,215803,215806,3,5
215798,215803,215806,3,5
215798,215803,215806,3,5
215798,215803,215806,3,5
215798,215803,215806,3,5
215798,215803,215806,3,5
215798,215803,215806,3,5
215798,215803,215806,3,5
215798,215803,215806,3,5
215798,215803,215806,3,5
215798,215802,215806,4,4
215798,215803,215806,3,5
215798,215803,215806,3,5
215798,215803,215806,3,5
215798,215803,215806,3,5
215798,215803,215806,3,5
215798,215803,215806,3,5
215798,215803,215806,3,5
215798,215803,215806,3,5
215798,215803,215806,3,5
215798,215803,215806,3,5
215798,215804,215806,2,6
215798,215804,215806,2,6
215798,215803,215807,4,5
215798,215803,215807,4,5
215798,215803,215807,4,5
215798,215803,215807,4,5
215798,215803,215807,4,5
215798,215803,215808,5,5
215798,215804,215807,3,6
215798,215804,215807,3,6
215798,215804,215807,3,6
215798,215804,215807,3,6
215798,215804,215807,3,6
215798,215804,215807,3,6
215806,215807,215810,3,1
215806,215807,215810,3,1
215806,215807,215809,2,1
215806,215807,215810,3,1
215806,215807,215810,3,1
215806,215807,215810,3,1
215806,215807,215810,3,1
215806,215807,215810,3,1
215806,215807,215811,4,1
215806,215807,215811,4,1
215806,215807,215810,3,1
215806,215807,215811,4,1
215806,215807,215811,4,1
215806,215807,215810,3,1
215806,215807,215811,4,1
215806,215807,215811,4,1
215806,215807,215811,4,1
215806,215807,215811,4,1
215806,215807,215811,4,1
215806,215807,215811,4,1
215806,215807,215811,4,1
215806,215807,215811,4,1
215806,215807,215811,4,1
215806,215807,215811,4,1
215806,215807,215810,3,1
215806,215807,215811,4,1
215806,215807,215810,3,1
215806,215807,215810,3,1
215806,215807,215811,4,1
215806,215807,215811,4,1
215806,215807,215810,3,1
215806,215807,215811,4,1
215806,215807,215810,3,1
215806,215807,215810,3,1
215806,215808,215811,3,2
215806,215807,215811,4,1
215806,215807,215811,4,1
215806,215807,215811,4,1
215806,215807,215811,4,1
215806,215807,215811,4,1
215806,215807,215811,4,1
215806,215807,215811,4,1
215806,215807,215811,4,1
215806,215807,215811,4,1
215806,215807,215811,4,1
215806,215807,215811,4,1
215806,215807,215811,4,1
215806,215807,215811,4,1
215806,215807,215811,4,1
215806,215807,215812,5,1
215806,215808,215811,3,2
215806,215808,215811,3,2
215806,215807,215811,4,1
215806,215807,215811,4,1
215806,215807,215812,5,1
215806,215807,215812,5,1
215806,215807,215812,5,1
215806,215807,215811,4,1
215806,215807,215812,5,1
215806,215807,215812,5,1
215806,215807,215811,4,1
215806,215807,215811,4,1
215806,215807,215812,5,1
215806,215808,215812,4,2
215806,215808,215812,4,2
215806,215808,215812,4,2
215806,215808,215812,4,2
215806,215808,215812,4,2
215806,215808,215812,4,2
215806,215808,215812,4,2
215806,215808,215812,4,2
215806,215808,215811,3,2
215806,215807,215812,5,1
215806,215807,215812,5,1
215806,215807,215812,5,1
215806,215807,215813,6,1
215806,215810,215813,3,4
215806,215810,215813,3,4
215806,215810,215813,3,4
215806,215810,215813,3,4
215806,215811,215814,3,5
215806,215811,215814,3,5
215806,215810,215813,3,4
215806,215811,215813,2,5
215806,215811,215814,3,5
215806,215811,215814,3,5
215806,215811,215814,3,5
215806,215810,215814,4,4
215806,215811,215814,3,5
215806,215810,215814,4,4
215806,215811,215814,3,5
215806,215811,215814,3,5
215806,215810,215814,4,4
215806,215811,215814,3,5
215806,215811,215814,3,5
215806,215811,215814,3,5
215806,215811,215814,3,5
215806,215811,215814,3,5
215806,215812,215814,2,6
215806,215812,215814,2,6
215806,215811,215814,3,5
215806,215811,215814,3,5
215806,215811,215814,3,5
215806,215811,215815,4,5
215806,215811,215815,4,5
215806,215811,215815,4,5
215806,215811,215815,4,5
215806,215811,215814,3,5
215806,215811,215814,3,5
215806,215811,215815,4,5
215806,215811,215814,3,5
215806,215811,215815,4,5
215806,215811,215815,4,5
215806,215811,215815,4,5
215806,215811,215815,4,5
215806,215811,215815,4,5
215806,215811,215815,4,5
215806,215811,215815,4,5
215806,215811,215815,4,5
215806,215811,215815,4,5
214969,214984,215821,837,15
215814,215814,215822,8,0
215838,215838,215841,3,0
214986,214993,215841,848,7
215838,215838,215841,3,0
215838,215838,215841,3,0
215838,215838,215842,4,0
215838,215838,215842,4,0
215838,215838,215841,3,0
215838,215838,215842,4,0
215838,215838,215842,4,0
215838,215838,215841,3,0
215838,215838,215841,3,0
215838,215838,215841,3,0
215838,215839,215842,3,1
215838,215838,215842,4,0
215838,215838,215842,4,0
215838,215838,215842,4,0
215838,215838,215842,4,0
215838,215838,215842,4,0
215838,215838,215842,4,0
215838,215838,215842,4,0
215838,215838,215842,4,0
215838,215838,215842,4,0
215838,215838,215842,4,0
215838,215838,215842,4,0
215838,215838,215842,4,0
215838,215838,215842,4,0
215838,215838,215842,4,0
215838,215838,215843,5,0
215838,215838,215843,5,0
215838,215838,215842,4,0
215838,215838,215842,4,0
215838,215838,215842,4,0
215838,215838,215842,4,0
215838,215838,215843,5,0
215838,215839,215842,3,1
215838,215838,215842,4,0
215838,215838,215842,4,0
215838,215838,215843,5,0
215838,215838,215843,5,0
215838,215839,215843,4,1
215838,215838,215842,4,0
215838,215838,215842,4,0
215838,215838,215843,5,0
215838,215838,215843,5,0
215838,215839,215842,3,1
215838,215838,215843,5,0
215838,215838,215843,5,0
215838,215838,215844,6,0
215838,215838,215843,5,0
215838,215838,215843,5,0
215838,215838,215843,5,0
215838,215838,215843,5,0
215838,215838,215843,5,0
215838,215838,215843,5,0
215838,215838,215843,5,0
215838,215838,215843,5,0
215838,215838,215843,5,0
215838,215838,215843,5,0
215838,215838,215843,5,0
215838,215838,215843,5,0
215838,215838,215843,5,0
215838,215838,215843,5,0
215838,215838,215843,5,0
215838,215838,215843,5,0
215838,215838,215843,5,0
215838,215838,215843,5,0
215838,215838,215843,5,0
215838,215838,215844,6,0
215838,215838,215844,6,0
215838,215838,215844,6,0
215838,215839,215843,4,1
215838,215838,215844,6,0
215838,215838,215844,6,0
215838,215838,215843,5,0
215838,215839,215843,4,1
215838,215838,215843,5,0
215838,215838,215843,5,0
215838,215842,215844,2,4
215838,215838,215844,6,0
215838,215842,215845,3,4
215838,215842,215844,2,4
215838,215842,215845,3,4
215838,215843,215845,2,5
215838,215842,215845,3,4
215838,215843,215845,2,5
215838,215842,215845,3,4
215838,215843,215845,2,5
215838,215843,215846,3,5
215838,215843,215845,2,5
215838,215843,215846,3,5
215838,215843,215846,3,5
215838,215843,215845,2,5
215838,215843,215845,2,5
215838,215843,215846,3,5
215838,215843,215846,3,5
215838,215843,215846,3,5
215838,215843,215845,2,5
215838,215843,215845,2,5
215838,215843,215846,3,5
215838,215842,215845,3,4
215838,215842,215846,4,4
215838,215842,215846,4,4
215838,215842,215846,4,4
215838,215842,215845,3,4
215838,215843,215846,3,5
215838,215843,215845,2,5
215838,215843,215846,3,5
215838,215842,215845,3,4
215838,215842,215845,3,4
215838,215843,215846,3,5
215838,215843,215846,3,5
215838,215843,215846,3,5
215838,215843,215846,3,5
215838,215843,215846,3,5
215838,215843,215846,3,5
215838,215843,215846,3,5
215838,215843,215846,3,5
215838,215843,215846,3,5
215838,215843,215846,3,5
215838,215843,215846,3,5
215838,215843,215846,3,5
215024,215030,215847,817,6
214923,214938,215847,909,15
215841,215841,215850,9,0
215851,215851,215855,4,0
215851,215851,215855,4,0
215851,215851,215854,3,0
215851,215851,215854,3,0
215851,215851,215855,4,0
215851,215851,215855,4,0
215851,215851,215854,3,0
215851,215851,215854,3,0
215851,215851,215855,4,0
215851,215851,215855,4,0
215851,215851,215855,4,0
215851,215851,215855,4,0
215851,215851,215854,3,0
215851,215851,215854,3,0
215851,215851,215855,4,0
215851,215851,215855,4,0
215851,215851,215855,4,0
215851,215851,215855,4,0
215851,215851,215855,4,0
215851,215851,215854,3,0
215851,215851,215854,3,0
215851,215851,215855,4,0
215851,215851,215856,5,0
215851,215851,215855,4,0
215851,215851,215856,5,0
215851,215851,215855,4,0
215851,215851,215855,4,0
215851,215851,215855,4,0
215851,215851,215856,5,0
215851,215851,215856,5,0
215851,215851,215855,4,0
215851,215851,215855,4,0
215851,215851,215856,5,0
215851,215851,215855,4,0
215851,215851,215855,4,0
215851,215851,215855,4,0
215851,215851,215855,4,0
215851,215851,215856,5,0
215851,215851,215856,5,0
215851,215851,215855,4,0
215851,215851,215855,4,0
215851,215851,215855,4,0
215851,215851,215855,4,0
215851,215851,215856,5,0
215851,215851,215856,5,0
215851,215851,215855,4,0
215851,215851,215855,4,0
215851,215851,215856,5,0
215851,215851,215855,4,0
215851,215851,215856,5,0
215851,215851,215856,5,0
215851,215851,215855,4,0
215851,215851,215855,4,0
215851,215851,215855,4,0
215851,215851,215856,5,0
215851,215851,215856,5,0
215851,215851,215855,4,0
215851,215851,215855,4,0
215851,215851,215855,4,0
215851,215851,215856,5,0
215851,215851,215856,5,0
215851,215851,215855,4,0
215851,215851,215856,5,0
215851,215851,215855,4,0
215851,215851,215856,5,0
215851,215851,215855,4,0
215851,215851,215855,4,0
215851,215851,215855,4,0
215851,215851,215855,4,0
215851,215851,215855,4,0
215851,215851,215856,5,0
215851,215851,215855,4,0
215851,215851,215856,5,0
215851,215851,215856,5,0
215851,215851,215855,4,0
215851,215851,215856,5,0
215851,215851,215856,5,0
215851,215851,215856,5,0
215851,215851,215856,5,0
215851,215851,215857,6,0
215851,215855,215858,3,4
215851,215855,215858,3,4
215851,215855,215858,3,4
215851,215855,215858,3,4
215851,215855,215858,3,4
215851,215855,215858,3,4
215851,215855,215858,3,4
215851,215855,215858,3,4
215851,215855,215858,3,4
215851,215855,215858,3,4
215851,215855,215859,4,4
215851,215856,215859,3,5
215851,215856,215859,3,5
215851,215856,215859,3,5
215851,215856,215859,3,5
215851,215855,215859,4,4
215851,215856,215859,3,5
215851,215856,215859,3,5
215851,215855,215859,4,4
215851,215855,215859,4,4
215851,215856,215859,3,5
215851,215856,215859,3,5
215851,215855,215859,4,4
215851,215855,215859,4,4
215851,215855,215859,4,4
215851,215856,215859,3,5
215851,215855,215859,4,4
215851,215856,215859,3,5
215851,215856,215859,3,5
215851,215855,215859,4,4
215851,215855,215859,4,4
215851,215856,215859,3,5
215851,215857,215859,2,6
215851,215856,215859,3,5
215851,215855,215859,4,4
215851,215856,215859,3,5
215851,215856,215860,4,5
215851,215856,215860,4,5
215851,215856,215859,3,5
215851,215856,215859,3,5
215851,215856,215860,4,5
215851,215856,215860,4,5
215851,215856,215860,4,5
215851,215857,215859,2,6
215851,215857,215859,2,6
215851,215856,215860,4,5
215851,215856,215860,4,5
215851,215856,215860,4,5
215851,215857,215861,4,6
215851,215856,215860,4,5
215851,215857,215860,3,6
215851,215858,215861,3,7
215851,215856,215860,4,5
215851,215856,215861,5,5
215851,215856,215860,4,5
215851,215856,215860,4,5
215851,215856,215860,4,5
215851,215856,215860,4,5
215851,215856,215860,4,5
215851,215856,215860,4,5
215851,215856,215860,4,5
215851,215859,215860,1,8
215851,215856,215861,5,5
215851,215857,215860,3,6
215851,215857,215860,3,6
215851,215856,215861,5,5
215851,215856,215860,4,5
215851,215856,215860,4,5
215851,215858,215860,2,7
215851,215856,215860,4,5
215851,215856,215860,4,5
215851,215859,215861,2,8
215851,215859,215861,2,8
215851,215859,215861,2,8
215851,215857,215861,4,6
215851,215857,215861,4,6
215851,215859,215862,3,8
215851,215856,215861,5,5
215851,215856,215861,5,5
215851,215859,215862,3,8
215851,215860,215862,2,9
215851,215856,215861,5,5
215851,215856,215861,5,5
215851,215856,215861,5,5
215851,215858,215861,3,7
215851,215856,215861,5,5
215851,215859,215861,2,8
215851,215857,215862,5,6
215851,215859,215862,3,8
215851,215859,215862,3,8
215851,215860,215862,2,9
215851,215859,215862,3,8
215851,215861,215862,1,10
215851,215859,215862,3,8
215851,215860,215863,3,9
215851,215860,215862,2,9
215851,215859,215862,3,8
215851,215859,215862,3,8
215851,215859,215862,3,8
215851,215860,215862,2,9
215851,215860,215863,3,9
215851,215859,215863,4,8
215851,215859,215863,4,8
215851,215859,215863,4,8
215851,215860,215863,3,9
215851,215859,215863,4,8
215851,215860,215863,3,9
215851,215860,215863,3,9
215851,215862,215863,1,11
215851,215861,215864,3,10
215851,215860,215863,3,9
215851,215860,215863,3,9
215851,215860,215863,3,9
215851,215861,215864,3,10
215851,215860,215863,3,9
215851,215860,215864,4,9
215851,215860,215863,3,9
215851,215861,215864,3,10
215851,215861,215864,3,10
215851,215861,215864,3,10
215851,215861,215863,2,10
215851,215860,215863,3,9
215851,215860,215863,3,9
215851,215861,215863,2,10
215851,215861,215863,2,10
215851,215861,215864,3,10
215851,215861,215864,3,10
215851,215861,215864,3,10
215851,215860,215864,4,9
215851,215860,215863,3,9
215851,215861,215864,3,10
215851,215862,215864,2,11
215851,215860,215863,3,9
215851,215861,215864,3,10
215851,215861,215864,3,10
215851,215861,215864,3,10
215851,215861,215864,3,10
215851,215860,215864,4,9
215851,215860,215864,4,9
215851,215860,215864,4,9
215851,215860,215864,4,9
215851,215860,215864,4,9
215851,215861,215864,3,10
215851,215862,215865,3,11
215851,215861,215864,3,10
215851,215861,215864,3,10
215851,215862,215864,2,11
215851,215862,215864,2,11
215851,215862,215864,2,11
215851,215861,215864,3,10
215851,215861,215865,4,10
215851,215861,215864,3,10
215851,215862,215864,2,11
215851,215860,215864,4,9
215851,215861,215865,4,10
215851,215861,215864,3,10
215851,215861,215864,3,10
215851,215862,215864,2,11
215851,215860,215865,5,9
215851,215861,215865,4,10
215872,215873,215881,8,1
215901,215901,215904,3,0
215901,215901,215904,3,0
215901,215901,215904,3,0
215901,215901,215904,3,0
215901,215901,215904,3,0
215901,215901,215904,3,0
215901,215901,215904,3,0
215901,215901,215904,3,0
215901,215901,215904,3,0
215901,215901,215905,4,0
215901,215901,215905,4,0
215901,215901,215904,3,0
215901,215901,215905,4,0
215901,215901,215905,4,0
215901,215901,215905,4,0
215901,215901,215904,3,0
215901,215901,215905,4,0
215901,215901,215905,4,0
215901,215901,215905,4,0
215901,215901,215905,4,0
215901,215901,215905,4,0
215901,215901,215905,4,0
215901,215901,215905,4,0
215901,215901,215905,4,0
215901,215901,215905,4,0
215901,215901,215905,4,0
215901,215901,215905,4,0
215901,215901,215905,4,0
215901,215901,215905,4,0
215901,215901,215905,4,0
215901,215901,215905,4,0
215901,215901,215905,4,0
215901,215901,215905,4,0
215901,215901,215905,4,0
215901,215901,215904,3,0
215901,215901,215905,4,0
215901,215901,215905,4,0
215901,215901,215905,4,0
215901,215901,215905,4,0
215901,215901,215905,4,0
215901,215901,215905,4,0
215901,215901,215906,5,0
215901,215901,215906,5,0
215901,215901,215905,4,0
215901,215901,215905,4,0
215901,215901,215906,5,0
215901,215901,215906,5,0
215901,215901,215905,4,0
215901,215901,215906,5,0
215901,215901,215906,5,0
215901,215901,215905,4,0
215901,215901,215906,5,0
215901,215901,215906,5,0
215901,215901,215906,5,0
215901,215901,215906,5,0
215901,215901,215906,5,0
215901,215901,215906,5,0
215901,215901,215905,4,0
215901,215901,215906,5,0
215901,215901,215905,4,0
215901,215901,215905,4,0
215901,215901,215906,5,0
215901,215901,215906,5,0
215901,215901,215905,4,0
215901,215901,215906,5,0
215901,215901,215906,5,0
215901,215901,215906,5,0
215901,215901,215906,5,0
215901,215901,215906,5,0
215901,215901,215905,4,0
215901,215901,215906,5,0
215901,215901,215906,5,0
215901,215901,215906,5,0
215901,215901,215906,5,0
215901,215901,215906,5,0
215901,215901,215906,5,0
215901,215901,215906,5,0
215901,215901,215906,5,0
215901,215901,215907,6,0
215901,215904,215907,3,3
215901,215901,215907,6,0
215901,215906,215908,2,5
215901,215904,215907,3,3
215901,215905,215908,3,4
215901,215905,215908,3,4
215901,215905,215908,3,4
215901,215905,215908,3,4
215901,215904,215908,4,3
215901,215904,215908,4,3
215901,215904,215907,3,3
215901,215905,215908,3,4
215901,215905,215908,3,4
215901,215905,215908,3,4
215901,215904,215908,4,3
215901,215905,215908,3,4
215901,215905,215908,3,4
215901,215905,215908,3,4
215901,215904,215908,4,3
215901,215905,215908,3,4
215901,215905,215908,3,4
215901,215905,215908,3,4
215901,215906,215909,3,5
215901,215906,215908,2,5
215901,215905,215908,3,4
215901,215905,215908,3,4
215901,215906,215908,2,5
215901,215905,215909,4,4
215901,215905,215909,4,4
215901,215905,215909,4,4
215901,215905,215909,4,4
215901,215905,215909,4,4
215901,215905,215909,4,4
215901,215905,215909,4,4
215901,215905,215909,4,4
215901,215905,215909,4,4
215901,215905,215909,4,4
215901,215905,215909,4,4
215901,215905,215909,4,4
215901,215905,215909,4,4
215901,215905,215909,4,4
215976,215977,215983,6,1
216001,216001,216008,7,0
216026,216027,216033,6,1
216056,216056,216063,7,0
216110,216110,216116,6,0
216135,216135,216142,7,0
216159,216159,216165,6,0
216187,216188,216201,13,1
216234,216234,216238,4,0
216252,216253,216257,4,1
216270,216270,216274,4,0
216290,216291,216295,4,1
216361,216361,216365,4,0
216378,216378,216382,4,0
216396,216396,216400,4,0
216413,216413,216417,4,0
216586,216587,216600,13,1
216630,216630,216645,15,0
216673,216675,216691,16,2
216718,216718,216733,15,0
216856,216857,216862,5,1
216879,216879,216884,5,0
216901,216901,216906,5,0
216920,216921,216926,5,1
216968,216968,217005,37,0
217030,217031,217036,5,1
217051,217051,217056,5,0
217092,217093,217098,5,1
217112,217112,217117,5,0
217128,217128,217133,5,0
217144,217144,217149,5,0
217237,217237,217248,11,0
217270,217271,217280,9,1
217304,217304,217315,11,0
217337,217339,217366,27,2
217387,217388,217396,8,1
217409,217409,217417,8,0
217432,217432,217440,8,0
217453,217454,217462,8,1
217559,217559,217566,7,0
217586,217586,217593,7,0
217613,217614,217621,7,1
217638,217639,217646,7,1
217683,217683,217692,9,0
217711,217711,217720,9,0
217739,217739,217748,9,0
217767,217768,217776,8,1
217864,217865,217883,18,1
217924,217924,217942,18,0
217984,217985,218003,18,1
218048,218048,218066,18,0
218126,218127,218130,3,1
218149,218149,218153,4,0
218170,218170,218174,4,0
218192,218192,218196,4,0
218220,218221,218224,3,1
218235,218236,218239,3,1
218251,218251,218254,3,0
218265,218266,218269,3,1
218299,218299,218302,3,0
218314,218315,218318,3,1
218330,218330,218333,3,0
218345,218345,218348,3,0
218535,218536,218551,15,1
218583,218584,218599,15,1
218631,218631,218647,16,0
218677,218677,218731,54,0
218760,218761,218770,9,1
218791,218792,218801,9,1
218823,218823,218833,10,0
218856,218856,218865,9,0
218926,218927,218936,9,1
218951,218951,218960,9,0
218976,218976,218986,10,0
219000,219000,219011,11,0
219077,219077,219089,12,0
219114,219114,219127,13,0
219152,219152,219165,13,0
219191,219191,219203,12,0
219266,219266,219278,12,0
219305,219305,219317,12,0
219340,219341,219352,11,1
219375,219375,219387,12,0
219493,219493,219512,19,0
219559,219559,219578,19,0
219627,219627,219645,18,0
219691,219691,219710,19,0
219779,219779,219802,23,0
219858,219858,219881,23,0
219937,219938,219960,22,1
220018,220019,220041,22,1
220099,220099,220115,16,0
220149,220150,220165,15,1
220199,220199,220232,33,0
220264,220264,220280,16,0
220318,220318,220321,3,0
220329,220329,220332,3,0
220341,220341,220343,2,0
220352,220352,220355,3,0
220396,220397,220399,2,1
220407,220408,220410,2,1
220419,220420,220422,2,1
220431,220431,220434,3,0
220456,220456,220459,3,0
220467,220467,220470,3,0
220478,220478,220481,3,0
220489,220489,220492,3,0
220518,220519,220521,2,1
220529,220530,220532,2,1
220540,220541,220543,2,1
220551,220552,220554,2,1
220672,220673,220678,5,1
220693,220694,220699,5,1
220715,220715,220720,5,0
220738,220738,220743,5,0
220890,220890,220924,34,0
221011,221011,221053,42,0
221139,221139,221174,35,0
221259,221260,221294,34,1
221401,221401,221408,7,0
221424,221424,221430,6,0
221450,221451,221457,6,1
221473,221474,221480,6,1
221822,221823,221852,29,1
221927,221927,221957,30,0
222031,222031,222061,30,0
222135,222135,222165,30,0
222514,222514,222578,64,0
222742,222742,222808,66,0
222973,222974,223039,65,1
223202,223203,223264,61,1
223335,223335,223337,2,0
223345,223345,223348,3,0
223356,223356,223358,2,0
223366,223366,223368,2,0
223624,223625,223627,2,1
223634,223635,223636,1,1
223644,223644,223646,2,0
223654,223654,223656,2,0
224075,224076,224078,2,1
224085,224086,224087,1,1
224095,224095,224097,2,0
224105,224105,224106,1,0
224134,224134,224136,2,0
224144,224144,224146,2,0
224154,224154,224156,2,0
224165,224165,224167,2,0
224183,224183,224185,2,0
224193,224193,224195,2,0
224203,224203,224205,2,0
224213,224213,224215,2,0
224402,224402,224404,2,0
224412,224413,224415,2,1
224429,224429,224431,2,0
224439,224440,224442,2,1
224456,224456,224458,2,0
224466,224466,224468,2,0
224476,224476,224478,2,0
224486,224486,224488,2,0
224528,224528,224530,2,0
224539,224539,224541,2,0
224549,224549,224551,2,0
224559,224559,224561,2,0
224654,224654,224656,2,0
224664,224664,224666,2,0
224674,224674,224676,2,0
224684,224684,224686,2,0
224804,224804,224806,2,0
224814,224815,224816,1,1
224824,224825,224827,2,1
224835,224835,224837,2,0
224857,224857,224859,2,0
224867,224867,224869,2,0
224877,224877,224879,2,0
224887,224887,224889,2,0
224941,224941,224943,2,0
224951,224951,224953,2,0
224961,224961,224963,2,0
224971,224971,224973,2,0
224989,224989,224991,2,0
224999,224999,225001,2,0
225009,225009,225011,2,0
225019,225019,225021,2,0
225214,225214,225216,2,0
225224,225224,225226,2,0
225234,225234,225236,2,0
225244,225244,225246,2,0
225262,225262,225264,2,0
225272,225272,225274,2,0
225282,225282,225284,2,0
225292,225292,225294,2,0
225310,225310,225312,2,0
225320,225320,225322,2,0
225330,225330,225332,2,0
225340,225340,225342,2,0
225388,225389,225391,2,1
225398,225398,225400,2,0
225408,225408,225410,2,0
225418,225418,225420,2,0
225454,225454,225456,2,0
225463,225464,225466,2,1
225474,225474,225476,2,0
225484,225484,225486,2,0
225600,225600,225601,1,0
225625,225625,225626,1,0
225649,225649,225651,2,0
225659,225659,225661,2,0
225669,225669,225671,2,0
225679,225679,225681,2,0
225765,225766,225768,2,1
225775,225776,225778,2,1
225785,225786,225787,1,1
225795,225795,225797,2,0
226041,226042,226044,2,1
226051,226052,226053,1,1
226061,226061,226063,2,0
226071,226071,226073,2,0
226082,226083,226085,2,1
226092,226093,226094,1,1
226102,226103,226104,1,1
226113,226113,226115,2,0
226126,226127,226128,1,1
226136,226137,226139,2,1
226146,226147,226149,2,1
226157,226157,226159,2,0
226172,226173,226175,2,1
226183,226183,226185,2,0
226193,226193,226195,2,0
226203,226203,226205,2,0
226297,226297,226303,6,0
226318,226319,226324,5,1
226339,226339,226345,6,0
226359,226359,226365,6,0
226441,226441,226447,6,0
226466,226466,226476,10,0
226493,226494,226500,6,1
226518,226519,226525,6,1
227088,227089,227095,6,1
227117,227117,227124,7,0
227146,227146,227153,7,0
227173,227173,227179,6,0
227345,227345,227352,7,0
227368,227369,227380,11,1
227394,227394,227400,6,0
227416,227417,227424,7,1
227655,227656,227659,3,1
227672,227672,227676,4,0
227686,227686,227689,3,0
227700,227701,227704,3,1
227896,227897,227899,2,1
227908,227908,227911,3,0
227919,227919,227922,3,0
227930,227930,227933,3,0
228055,228055,228057,2,0
228064,228065,228066,1,1
228074,228074,228076,2,0
228083,228083,228085,2,0
228124,228124,228126,2,0
228134,228134,228136,2,0
228144,228144,228146,2,0
228153,228154,228156,2,1
228515,228515,228520,5,0
228535,228535,228541,6,0
228556,228557,228562,5,1
228578,228578,228583,5,0
228704,228704,228709,5,0
228722,228722,228727,5,0
228743,228743,228748,5,0
228762,228762,228767,5,0
228960,228960,228965,5,0
229046,229047,229051,4,1
229064,229064,229070,6,0
229082,229082,229087,5,0
229099,229100,229105,5,1
229201,229201,229206,5,0
229218,229219,229224,5,1
229237,229237,229242,5,0
229256,229256,229261,5,0
229373,229373,229375,2,0
229382,229383,229384,1,1
229392,229392,229394,2,0
229402,229402,229404,2,0
229532,229532,229534,2,0
229542,229542,229544,2,0
229551,229552,229553,1,1
229561,229561,229563,2,0
229671,229671,229676,5,0
229689,229690,229695,5,1
229707,229709,229715,6,2
229728,229728,229733,5,0
229927,229927,229932,5,0
229944,229945,229950,5,1
229962,229962,229968,6,0
229983,229983,229988,5,0
230151,230151,230152,1,0
230160,230160,230162,2,0
230169,230170,230171,1,1
230179,230179,230180,1,0
230397,230397,230399,2,0
230407,230407,230409,2,0
230417,230417,230419,2,0
230426,230427,230428,1,1
230479,230479,230481,2,0
230488,230489,230490,1,1
230498,230498,230500,2,0
230508,230508,230510,2,0
230775,230775,230777,2,0
230784,230785,230786,1,1
230794,230794,230796,2,0
230804,230804,230806,2,0
230864,230864,230866,2,0
230873,230873,230875,2,0
230883,230883,230885,2,0
230892,230892,230894,2,0
230932,230932,230934,2,0
230941,230941,230943,2,0
230950,230950,230952,2,0
230959,230959,230961,2,0
231105,231105,231107,2,0
231114,231114,231116,2,0
231123,231123,231125,2,0
231132,231133,231134,1,1
231153,231154,231155,1,1
231162,231162,231164,2,0
231171,231172,231173,1,1
231180,231181,231182,1,1
231218,231218,231220,2,0
231227,231227,231229,2,0
231236,231236,231238,2,0
231245,231245,231247,2,0
387518,387519,387566,47,1
387844,387845,388045,200,1
390834,390836,390878,42,2
391105,391107,391153,46,2
391152,391155,391157,2,3
391157,391159,391192,33,2
391191,391193,391194,1,2
391201,391203,391262,59,2
391261,391263,391271,8,2
391265,391274,391308,34,9
392422,392422,392880,458,0
396357,396357,396557,200,0
397177,397177,397601,424,0
399832,399832,400009,177,0
401287,401287,401505,218,0
401475,401475,401762,287,0
401747,401748,402172,424,1
425473,425475,425523,48,2
425521,425524,425530,6,3
425526,425532,425552,20,6
427194,427196,427214,18,2
427213,427215,427238,23,2
427217,427241,427261,20,24
427260,427263,427268,5,3
428527,428529,428565,36,2
428563,428566,428572,6,3
428568,428574,428595,21,6
428593,428596,428597,1,3
429294,429296,429359,63,2
429357,429360,429365,5,3
429555,429556,429823,267,1
429822,429824,429831,7,2
430571,430573,430603,30,2
430602,430604,430611,7,2
430607,430613,430618,5,6
430618,430620,430625,5,2
430653,430655,431114,459,2
431112,431114,431121,7,2
486285,486285,486430,145,0
487004,487004,487164,160,0
490009,490009,490081,72,0
490550,490550,490670,120,0
496047,496047,496061,14,0
496331,496331,496351,20,0
496332,496332,496353,21,0
496334,496335,496355,20,1
496768,496768,496785,17,0
496871,496871,498128,1257,0
496323,496323,499126,2803,0
499307,499308,499412,104,1
499640,499641,499811,170,1
496875,496875,501773,4898,0
501857,501857,503304,1447,0
508141,508143,508172,29,2
508170,508173,508180,7,3
508175,508182,508187,5,7
508187,508189,508194,5,2
508456,508458,508502,44,2
508485,508502,508507,5,17
508500,508503,508509,6,3
508506,508511,508518,7,5
508517,508519,508524,5,2
508890,508891,508895,4,1
509030,509031,509046,15,1
508574,508574,511213,2639,0
509218,509220,513980,4760,2
513979,513981,513983,2,2
509023,509023,526412,17389,0
528787,528788,528844,56,1
528843,528845,528852,7,2
528847,528854,528860,6,7
528860,528862,528867,5,2
536201,536203,536403,200,2
536402,536404,536405,1,2
527374,527374,676821,149447,0
