submit_time,start_time,end_time,run_time,wait_time
47812,47812,48738,926,0
47825,47825,48757,932,0
50878,50878,51878,1000,0
50942,50942,51904,962,0
50891,50891,51916,1025,0
50905,50906,51944,1038,1
50996,50996,51957,961,0
51053,51053,51997,944,0
51075,51075,52035,960,0
51102,51102,52168,1066,0
51138,51138,52208,1070,0
55160,55160,55253,93,0
56018,56018,56505,487,0
56017,56017,56505,488,0
56507,56507,56508,1,0
56507,56507,56508,1,0
56507,56507,56508,1,0
56507,56507,56508,1,0
56507,56507,56508,1,0
56507,56507,56508,1,0
56507,56507,56508,1,0
56507,56507,56509,2,0
56507,56507,56508,1,0
56507,56507,56508,1,0
56507,56507,56508,1,0
56507,56508,56509,1,1
56507,56508,56510,2,1
56507,56508,56510,2,1
56507,56508,56510,2,1
56507,56508,56510,2,1
56507,56508,56510,2,1
56507,56508,56510,2,1
56507,56508,56509,1,1
56507,56508,56509,1,1
56507,56508,56509,1,1
56507,56508,56509,1,1
56507,56508,56510,2,1
56507,56508,56509,1,1
56507,56509,56510,1,2
56507,56509,56510,1,2
56507,56509,56511,2,2
56507,56509,56510,1,2
56507,56509,56510,1,2
56507,56510,56511,1,3
56507,56510,56511,1,3
56507,56510,56511,1,3
56507,56510,56511,1,3
56507,56510,56511,1,3
56507,56510,56511,1,3
56507,56510,56511,1,3
56507,56510,56511,1,3
56507,56510,56511,1,3
56507,56510,56511,1,3
56507,56510,56511,1,3
56507,56510,56511,1,3
56507,56510,56511,1,3
56507,56511,56512,1,4
56020,56020,56512,492,0
56507,56511,56512,1,4
56507,56511,56512,1,4
56507,56511,56512,1,4
56507,56511,56512,1,4
56507,56512,56513,1,5
56507,56513,56514,1,6
56507,56512,56513,1,5
56507,56512,56513,1,5
56507,56512,56513,1,5
56507,56512,56513,1,5
56507,56512,56513,1,5
56507,56512,56513,1,5
56507,56512,56513,1,5
56507,56513,56514,1,6
56507,56512,56513,1,5
56507,56512,56513,1,5
56507,56512,56513,1,5
56507,56513,56514,1,6
56507,56512,56513,1,5
56507,56512,56513,1,5
56507,56512,56513,1,5
56507,56514,56515,1,7
56507,56514,56515,1,7
56507,56514,56515,1,7
56507,56514,56515,1,7
56507,56514,56515,1,7
56507,56514,56515,1,7
56507,56514,56515,1,7
56507,56514,56515,1,7
56507,56514,56515,1,7
56507,56514,56515,1,7
56507,56513,56514,1,6
56507,56514,56515,1,7
56507,56514,56515,1,7
56507,56514,56515,1,7
56507,56513,56514,1,6
56507,56514,56515,1,7
56507,56514,56515,1,7
56507,56514,56515,1,7
56507,56515,56516,1,8
56022,56022,56515,493,0
56507,56515,56516,1,8
56507,56514,56515,1,7
56507,56515,56516,1,8
56507,56515,56516,1,8
56507,56515,56516,1,8
56508,56516,56517,1,8
56507,56515,56516,1,8
56508,56516,56517,1,8
56508,56516,56517,1,8
56508,56517,56518,1,9
56025,56025,56518,493,0
56508,56517,56518,1,9
56508,56517,56518,1,9
56508,56517,56518,1,9
56508,56517,56518,1,9
56508,56517,56518,1,9
56508,56517,56518,1,9
56508,56517,56518,1,9
56508,56517,56518,1,9
56508,56517,56518,1,9
56508,56517,56518,1,9
56508,56517,56518,1,9
56508,56517,56518,1,9
56508,56518,56519,1,10
56508,56517,56518,1,9
56508,56517,56518,1,9
56033,56033,56519,486,0
56508,56517,56519,2,9
56508,56518,56519,1,10
56508,56518,56519,1,10
56508,56518,56519,1,10
56508,56519,56520,1,11
56508,56519,56520,1,11
56508,56519,56520,1,11
56508,56519,56520,1,11
56508,56519,56520,1,11
56508,56520,56521,1,12
56508,56519,56520,1,11
56508,56519,56520,1,11
56508,56519,56520,1,11
56508,56519,56520,1,11
56508,56519,56520,1,11
56508,56519,56520,1,11
56508,56519,56520,1,11
56508,56519,56520,1,11
56508,56519,56520,1,11
56508,56519,56520,1,11
56508,56520,56521,1,12
56508,56520,56521,1,12
56508,56520,56521,1,12
56508,56521,56522,1,13
56508,56521,56522,1,13
56508,56520,56521,1,12
56508,56520,56521,1,12
56508,56521,56522,1,13
56508,56521,56522,1,13
56508,56521,56522,1,13
56508,56521,56522,1,13
56508,56521,56522,1,13
56508,56521,56522,1,13
56508,56521,56522,1,13
56029,56029,56521,492,0
56508,56521,56522,1,13
56508,56520,56521,1,12
56508,56521,56522,1,13
56508,56521,56522,1,13
56508,56521,56522,1,13
56508,56521,56522,1,13
56508,56521,56522,1,13
56508,56522,56523,1,14
56508,56522,56523,1,14
56508,56522,56523,1,14
56508,56522,56523,1,14
56508,56522,56523,1,14
56508,56521,56522,1,13
56508,56521,56522,1,13
56508,56522,56523,1,14
56508,56522,56523,1,14
56508,56522,56523,1,14
56508,56522,56523,1,14
56508,56522,56523,1,14
56508,56522,56523,1,14
56508,56522,56523,1,14
56508,56522,56523,1,14
56508,56522,56523,1,14
56508,56522,56523,1,14
56508,56522,56523,1,14
56508,56522,56523,1,14
56508,56522,56523,1,14
56512,56523,56524,1,11
56512,56523,56524,1,11
56512,56523,56524,1,11
56512,56523,56524,1,11
56512,56523,56524,1,11
56512,56523,56524,1,11
56512,56523,56524,1,11
56512,56523,56524,1,11
56512,56523,56524,1,11
56512,56523,56524,1,11
56512,56523,56524,1,11
56512,56523,56524,1,11
56512,56523,56524,1,11
56512,56523,56524,1,11
56512,56523,56524,1,11
56512,56523,56524,1,11
56512,56524,56525,1,12
56512,56524,56525,1,12
56512,56524,56525,1,12
56512,56524,56525,1,12
56512,56524,56525,1,12
56512,56524,56525,1,12
56512,56524,56525,1,12
56512,56524,56525,1,12
56512,56524,56525,1,12
56512,56524,56525,1,12
56512,56524,56525,1,12
56512,56524,56525,1,12
56512,56524,56525,1,12
56512,56524,56525,1,12
56512,56524,56525,1,12
56512,56524,56525,1,12
56512,56523,56524,1,11
56512,56523,56525,2,11
56512,56523,56525,2,11
56512,56525,56526,1,13
56512,56525,56526,1,13
56512,56525,56526,1,13
56512,56525,56526,1,13
56512,56525,56526,1,13
56512,56524,56525,1,12
56512,56525,56526,1,13
56512,56525,56526,1,13
56512,56525,56526,1,13
56512,56525,56526,1,13
56512,56525,56526,1,13
56027,56028,56526,498,1
56512,56525,56526,1,13
56512,56525,56526,1,13
56512,56525,56526,1,13
56512,56525,56526,1,13
56512,56524,56526,2,12
56512,56526,56527,1,14
56512,56526,56527,1,14
56512,56526,56527,1,14
56512,56526,56527,1,14
56512,56526,56527,1,14
56512,56526,56527,1,14
56512,56526,56527,1,14
56512,56526,56528,2,14
56512,56527,56528,1,15
56512,56527,56528,1,15
56512,56527,56528,1,15
56512,56527,56528,1,15
56512,56527,56528,1,15
56512,56527,56528,1,15
56512,56527,56528,1,15
56512,56527,56528,1,15
56512,56526,56528,2,14
56512,56526,56528,2,14
56512,56528,56529,1,16
56512,56527,56528,1,15
56512,56527,56528,1,15
56512,56528,56529,1,16
56512,56528,56529,1,16
56512,56528,56529,1,16
56512,56528,56529,1,16
56512,56528,56529,1,16
56512,56528,56529,1,16
56517,56529,56530,1,12
56517,56529,56530,1,12
56517,56529,56530,1,12
56517,56529,56530,1,12
56517,56529,56530,1,12
56517,56530,56531,1,13
56517,56530,56531,1,13
56517,56530,56531,1,13
56517,56530,56531,1,13
56517,56529,56530,1,12
56517,56530,56531,1,13
56517,56530,56531,1,13
56517,56530,56531,1,13
56517,56530,56531,1,13
56517,56529,56530,1,12
56517,56530,56531,1,13
56517,56530,56531,1,13
56517,56530,56531,1,13
56517,56531,56532,1,14
56517,56531,56532,1,14
56517,56531,56532,1,14
56517,56530,56531,1,13
56517,56530,56531,1,13
56517,56530,56531,1,13
56517,56530,56531,1,13
56517,56531,56532,1,14
56517,56531,56532,1,14
56032,56032,56532,500,0
56517,56531,56533,2,14
56517,56532,56533,1,15
56517,56531,56532,1,14
56517,56531,56533,2,14
56517,56531,56533,2,14
56517,56531,56533,2,14
56517,56531,56532,1,14
56517,56531,56532,1,14
56517,56531,56532,1,14
56517,56531,56532,1,14
56517,56531,56532,1,14
56517,56531,56532,1,14
56517,56532,56533,1,15
56517,56532,56533,1,15
56517,56532,56533,1,15
56517,56532,56533,1,15
56517,56533,56534,1,16
56517,56533,56534,1,16
56517,56532,56533,1,15
56517,56533,56534,1,16
56517,56533,56534,1,16
56517,56533,56534,1,16
56517,56533,56534,1,16
56517,56533,56534,1,16
56517,56533,56534,1,16
56517,56533,56534,1,16
56517,56533,56534,1,16
56517,56533,56534,1,16
56517,56533,56534,1,16
56517,56533,56534,1,16
56517,56533,56534,1,16
56517,56533,56534,1,16
56517,56533,56534,1,16
56517,56533,56534,1,16
56517,56533,56534,1,16
56517,56534,56535,1,17
56517,56534,56535,1,17
56517,56534,56535,1,17
56517,56534,56535,1,17
56517,56534,56535,1,17
56517,56534,56535,1,17
56517,56534,56535,1,17
56517,56534,56535,1,17
56517,56534,56535,1,17
56517,56534,56535,1,17
56517,56534,56535,1,17
56517,56534,56535,1,17
56023,56023,56538,515,0
56035,56035,56540,505,0
56040,56040,56543,503,0
56551,56551,56552,1,0
56551,56551,56552,1,0
56551,56551,56552,1,0
56551,56551,56552,1,0
56551,56551,56552,1,0
56551,56551,56552,1,0
56551,56551,56552,1,0
56551,56551,56552,1,0
56551,56551,56552,1,0
56551,56551,56552,1,0
56551,56552,56553,1,1
56551,56552,56553,1,1
56551,56552,56553,1,1
56551,56552,56553,1,1
56551,56553,56554,1,2
56551,56552,56553,1,1
56551,56553,56554,1,2
56551,56553,56554,1,2
56551,56552,56553,1,1
56551,56553,56554,1,2
56551,56553,56554,1,2
56551,56554,56555,1,3
56551,56554,56555,1,3
56551,56554,56555,1,3
56551,56554,56555,1,3
56551,56553,56554,1,2
56551,56554,56555,1,3
56551,56554,56555,1,3
56551,56553,56554,1,2
56551,56554,56555,1,3
56551,56554,56555,1,3
56551,56553,56554,1,2
56551,56553,56554,1,2
56551,56553,56554,1,2
56551,56554,56555,1,3
56551,56554,56555,1,3
56551,56554,56555,1,3
56551,56554,56555,1,3
56551,56553,56555,2,2
56551,56553,56555,2,2
56551,56555,56556,1,4
56551,56555,56556,1,4
56551,56554,56555,1,3
56551,56555,56556,1,4
56551,56555,56556,1,4
56551,56555,56556,1,4
56551,56555,56556,1,4
56551,56555,56556,1,4
56551,56556,56557,1,5
56551,56555,56556,1,4
56551,56556,56557,1,5
56551,56556,56557,1,5
56551,56556,56557,1,5
56551,56556,56557,1,5
56551,56556,56557,1,5
56551,56556,56557,1,5
56551,56556,56557,1,5
56551,56556,56557,1,5
56551,56556,56557,1,5
56551,56556,56557,1,5
56551,56556,56557,1,5
56551,56556,56557,1,5
56551,56556,56557,1,5
56551,56556,56557,1,5
56551,56557,56558,1,6
56551,56556,56557,1,5
56551,56556,56557,1,5
56552,56557,56558,1,5
56552,56557,56558,1,5
56552,56557,56558,1,5
56552,56557,56558,1,5
56552,56557,56558,1,5
56552,56557,56558,1,5
56552,56557,56558,1,5
56552,56557,56558,1,5
56552,56557,56558,1,5
56552,56558,56559,1,6
56552,56558,56559,1,6
56552,56558,56559,1,6
56552,56558,56559,1,6
56552,56558,56559,1,6
56552,56558,56559,1,6
56552,56557,56559,2,5
56552,56557,56558,1,5
56552,56558,56559,1,6
56552,56558,56559,1,6
56552,56558,56559,1,6
56552,56558,56559,1,6
56552,56558,56560,2,6
56552,56558,56559,1,6
56552,56559,56560,1,7
56552,56559,56560,1,7
56552,56558,56560,2,6
56552,56558,56560,2,6
56552,56558,56560,2,6
56552,56558,56560,2,6
56552,56558,56560,2,6
56552,56558,56560,2,6
56552,56558,56560,2,6
56552,56559,56560,1,7
56552,56560,56561,1,8
56552,56560,56561,1,8
56552,56559,56560,1,7
56552,56559,56560,1,7
56552,56559,56560,1,7
56552,56560,56561,1,8
56552,56560,56561,1,8
56552,56560,56561,1,8
56552,56560,56561,1,8
56552,56560,56561,1,8
56552,56559,56561,2,7
56552,56559,56561,2,7
56552,56560,56561,1,8
56552,56560,56561,1,8
56552,56560,56561,1,8
56552,56560,56562,2,8
56552,56560,56561,1,8
56552,56561,56562,1,9
56552,56561,56562,1,9
56552,56561,56562,1,9
56552,56561,56562,1,9
56552,56561,56562,1,9
56552,56561,56562,1,9
56552,56561,56562,1,9
56552,56561,56562,1,9
56552,56562,56563,1,10
56552,56562,56563,1,10
56552,56562,56563,1,10
56552,56562,56563,1,10
56552,56562,56563,1,10
56552,56562,56563,1,10
56552,56562,56563,1,10
56552,56562,56563,1,10
56552,56562,56563,1,10
56552,56562,56563,1,10
56552,56562,56563,1,10
56552,56562,56563,1,10
56552,56562,56563,1,10
56552,56562,56563,1,10
56552,56562,56563,1,10
56552,56563,56564,1,11
56552,56563,56564,1,11
56552,56563,56564,1,11
56552,56563,56564,1,11
56552,56563,56564,1,11
56552,56564,56565,1,12
56552,56564,56565,1,12
56552,56564,56565,1,12
56552,56564,56565,1,12
56552,56564,56565,1,12
56552,56564,56565,1,12
56552,56563,56564,1,11
56552,56565,56566,1,13
56552,56564,56565,1,12
56552,56564,56565,1,12
56552,56564,56565,1,12
56552,56565,56566,1,13
56552,56564,56566,2,12
56552,56564,56566,2,12
56552,56565,56566,1,13
56552,56565,56566,1,13
56552,56565,56566,1,13
56552,56565,56566,1,13
56552,56565,56566,1,13
56552,56565,56566,1,13
56552,56565,56566,1,13
56552,56565,56566,1,13
56552,56565,56566,1,13
56552,56565,56566,1,13
56552,56565,56566,1,13
56552,56565,56566,1,13
56552,56565,56566,1,13
56552,56566,56567,1,14
56552,56566,56567,1,14
56552,56565,56567,2,13
56552,56566,56567,1,14
56552,56567,56568,1,15
56552,56567,56568,1,15
56552,56567,56568,1,15
56552,56567,56568,1,15
56552,56567,56568,1,15
56552,56567,56568,1,15
56552,56567,56568,1,15
56552,56566,56568,2,14
56552,56566,56567,1,14
56552,56567,56568,1,15
56552,56567,56568,1,15
56552,56567,56568,1,15
56552,56567,56568,1,15
56552,56567,56568,1,15
56552,56566,56568,2,14
56552,56566,56568,2,14
56552,56567,56568,1,15
56552,56567,56568,1,15
56552,56567,56568,1,15
56552,56568,56569,1,16
56552,56568,56569,1,16
56552,56568,56569,1,16
56552,56568,56569,1,16
56552,56568,56569,1,16
56552,56568,56569,1,16
56552,56568,56569,1,16
56552,56568,56569,1,16
56552,56568,56569,1,16
56552,56568,56569,1,16
56552,56568,56569,1,16
56552,56568,56569,1,16
56552,56569,56570,1,17
56552,56569,56570,1,17
56552,56569,56570,1,17
56552,56569,56570,1,17
56552,56569,56570,1,17
56552,56569,56570,1,17
56552,56569,56570,1,17
56552,56570,56571,1,18
56552,56570,56571,1,18
56552,56570,56571,1,18
56552,56570,56571,1,18
56552,56570,56571,1,18
56552,56570,56571,1,18
56552,56570,56571,1,18
56552,56570,56571,1,18
56552,56570,56571,1,18
56552,56570,56571,1,18
56552,56570,56571,1,18
56552,56571,56572,1,19
56552,56571,56572,1,19
56552,56571,56572,1,19
56552,56571,56572,1,19
56552,56571,56572,1,19
56552,56571,56572,1,19
56552,56571,56572,1,19
56552,56571,56573,2,19
56552,56571,56572,1,19
56552,56571,56572,1,19
56552,56571,56573,2,19
56552,56571,56573,2,19
56552,56571,56573,2,19
56552,56571,56573,2,19
56552,56571,56573,2,19
56552,56571,56573,2,19
56552,56571,56572,1,19
56552,56571,56572,1,19
56552,56571,56573,2,19
56552,56571,56573,2,19
56552,56571,56573,2,19
56552,56573,56574,1,21
56552,56573,56574,1,21
56552,56573,56574,1,21
56552,56573,56574,1,21
56552,56573,56574,1,21
56552,56573,56574,1,21
56552,56571,56573,2,19
56552,56573,56574,1,21
56552,56573,56574,1,21
56552,56571,56573,2,19
56552,56573,56574,1,21
56552,56573,56574,1,21
56552,56573,56574,1,21
56552,56572,56574,2,20
56552,56573,56574,1,21
56552,56573,56574,1,21
56552,56573,56574,1,21
56552,56573,56574,1,21
56552,56573,56574,1,21
56552,56573,56574,1,21
56552,56573,56574,1,21
56552,56573,56574,1,21
56552,56574,56575,1,22
56552,56574,56575,1,22
56552,56574,56575,1,22
56552,56574,56575,1,22
56552,56574,56575,1,22
56552,56574,56575,1,22
56552,56574,56575,1,22
56552,56573,56574,1,21
56552,56573,56574,1,21
56552,56574,56575,1,22
56552,56574,56575,1,22
56552,56574,56575,1,22
56552,56574,56575,1,22
56552,56574,56575,1,22
56552,56574,56575,1,22
56552,56574,56575,1,22
56552,56574,56575,1,22
56552,56575,56576,1,23
56552,56575,56576,1,23
56552,56575,56576,1,23
56552,56575,56576,1,23
56552,56575,56576,1,23
56552,56575,56576,1,23
56552,56575,56576,1,23
56552,56575,56576,1,23
56552,56575,56576,1,23
56552,56575,56576,1,23
56552,56575,56576,1,23
56552,56575,56576,1,23
56552,56575,56576,1,23
56552,56575,56576,1,23
56552,56576,56577,1,24
56552,56576,56577,1,24
56552,56576,56577,1,24
56552,56576,56577,1,24
56552,56576,56577,1,24
56552,56576,56577,1,24
56552,56576,56578,2,24
56552,56576,56577,1,24
56552,56576,56578,2,24
56552,56576,56578,2,24
56552,56576,56578,2,24
56552,56576,56578,2,24
56552,56576,56578,2,24
56552,56577,56578,1,25
56552,56577,56578,1,25
56552,56577,56578,1,25
56552,56577,56578,1,25
56552,56577,56578,1,25
56552,56577,56578,1,25
56552,56577,56578,1,25
56552,56577,56579,2,25
56552,56577,56579,2,25
56552,56577,56579,2,25
56552,56577,56579,2,25
56552,56579,56580,1,27
56552,56579,56580,1,27
56552,56577,56579,2,25
56552,56577,56579,2,25
56552,56579,56580,1,27
56552,56579,56580,1,27
56552,56578,56580,2,26
56552,56578,56579,1,26
56552,56578,56580,2,26
56552,56579,56580,1,27
56552,56579,56580,1,27
56552,56579,56580,1,27
56552,56580,56581,1,28
56552,56580,56581,1,28
56552,56580,56581,1,28
56552,56576,56578,2,24
56552,56576,56578,2,24
56552,56580,56581,1,28
56552,56580,56581,1,28
56552,56580,56581,1,28
56552,56580,56581,1,28
56552,56580,56581,1,28
56552,56580,56581,1,28
56552,56580,56581,1,28
56552,56580,56581,1,28
56552,56580,56581,1,28
56552,56581,56582,1,29
56552,56581,56582,1,29
56552,56581,56582,1,29
56552,56581,56582,1,29
56552,56581,56582,1,29
56552,56581,56582,1,29
56552,56581,56582,1,29
56552,56581,56582,1,29
56552,56581,56582,1,29
56552,56581,56582,1,29
56552,56581,56582,1,29
56552,56581,56582,1,29
56552,56582,56583,1,30
56552,56582,56583,1,30
56552,56582,56583,1,30
56552,56582,56583,1,30
56552,56582,56583,1,30
56552,56582,56583,1,30
56552,56582,56583,1,30
56552,56582,56583,1,30
56552,56582,56583,1,30
56552,56583,56584,1,31
56552,56583,56584,1,31
56552,56583,56584,1,31
56552,56583,56584,1,31
56552,56583,56584,1,31
56552,56583,56584,1,31
56552,56583,56584,1,31
56552,56583,56584,1,31
56552,56583,56584,1,31
56552,56581,56583,2,29
56552,56583,56584,1,31
56552,56583,56584,1,31
56552,56584,56585,1,32
56552,56584,56585,1,32
56552,56584,56585,1,32
56552,56583,56585,2,31
56552,56583,56585,2,31
56552,56583,56584,1,31
56552,56583,56585,2,31
56552,56583,56585,2,31
56552,56584,56585,1,32
56552,56584,56585,1,32
56552,56584,56585,1,32
56552,56584,56586,2,32
56552,56584,56586,2,32
56552,56584,56586,2,32
56552,56584,56585,1,32
56552,56584,56585,1,32
56552,56584,56585,1,32
56552,56584,56586,2,32
56552,56584,56586,2,32
56552,56584,56586,2,32
56552,56584,56586,2,32
56552,56585,56586,1,33
56552,56585,56586,1,33
56552,56585,56586,1,33
56552,56585,56586,1,33
56552,56585,56586,1,33
56552,56585,56586,1,33
56552,56585,56586,1,33
56552,56584,56586,2,32
56552,56585,56586,1,33
56552,56585,56586,1,33
56552,56586,56587,1,34
56552,56585,56586,1,33
56552,56586,56587,1,34
56552,56586,56587,1,34
56552,56586,56587,1,34
56552,56586,56587,1,34
56552,56586,56587,1,34
56552,56586,56587,1,34
56552,56586,56587,1,34
56552,56586,56587,1,34
56552,56586,56587,1,34
56552,56586,56587,1,34
56552,56586,56587,1,34
56552,56586,56587,1,34
56552,56587,56588,1,35
56552,56587,56588,1,35
56552,56587,56588,1,35
56552,56587,56588,1,35
56552,56586,56587,1,34
56552,56587,56588,1,35
56552,56587,56588,1,35
56552,56587,56588,1,35
56552,56587,56588,1,35
56552,56587,56588,1,35
56552,56587,56588,1,35
56552,56587,56588,1,35
56606,56606,56607,1,0
56606,56606,56607,1,0
56606,56606,56607,1,0
56606,56606,56607,1,0
56606,56606,56607,1,0
56606,56606,56607,1,0
56606,56606,56607,1,0
56606,56606,56607,1,0
56606,56606,56607,1,0
56606,56606,56607,1,0
56606,56606,56607,1,0
56606,56606,56607,1,0
56606,56606,56607,1,0
56606,56606,56607,1,0
56606,56606,56607,1,0
56606,56607,56608,1,1
56606,56607,56608,1,1
56606,56607,56608,1,1
56606,56607,56608,1,1
56606,56607,56608,1,1
56606,56607,56608,1,1
56606,56607,56608,1,1
56606,56607,56608,1,1
56606,56607,56608,1,1
56606,56607,56608,1,1
56606,56607,56608,1,1
56606,56607,56608,1,1
56606,56607,56608,1,1
56606,56607,56608,1,1
56606,56607,56608,1,1
56606,56607,56608,1,1
56606,56607,56608,1,1
56606,56607,56608,1,1
56606,56608,56609,1,2
56606,56608,56609,1,2
56606,56608,56609,1,2
56606,56607,56608,1,1
56606,56607,56608,1,1
56606,56608,56609,1,2
56606,56608,56609,1,2
56606,56608,56609,1,2
56606,56608,56609,1,2
56606,56608,56609,1,2
56606,56607,56608,1,1
56606,56607,56608,1,1
56606,56607,56608,1,1
56606,56608,56609,1,2
56606,56608,56609,1,2
56606,56608,56609,1,2
56606,56608,56609,1,2
56606,56608,56609,1,2
56606,56608,56609,1,2
56606,56608,56609,1,2
56606,56609,56610,1,3
56606,56609,56610,1,3
56606,56609,56610,1,3
56606,56609,56610,1,3
56606,56609,56610,1,3
56606,56609,56610,1,3
56606,56609,56610,1,3
56606,56609,56610,1,3
56606,56608,56609,1,2
56606,56609,56610,1,3
56606,56609,56610,1,3
56606,56609,56610,1,3
56606,56609,56610,1,3
56606,56609,56610,1,3
56606,56609,56610,1,3
56606,56609,56610,1,3
56606,56609,56610,1,3
56606,56609,56610,1,3
56606,56609,56610,1,3
56606,56609,56610,1,3
56606,56609,56610,1,3
56606,56609,56610,1,3
56606,56609,56610,1,3
56606,56610,56611,1,4
56606,56610,56611,1,4
56606,56610,56611,1,4
56606,56610,56611,1,4
56606,56610,56611,1,4
56606,56610,56611,1,4
56606,56610,56611,1,4
56606,56610,56611,1,4
56606,56610,56611,1,4
56606,56610,56611,1,4
56606,56610,56611,1,4
56606,56610,56611,1,4
56606,56610,56611,1,4
56606,56610,56611,1,4
56606,56610,56611,1,4
56606,56610,56611,1,4
56606,56610,56611,1,4
56606,56610,56611,1,4
56606,56611,56612,1,5
56606,56611,56612,1,5
56606,56611,56612,1,5
56606,56611,56612,1,5
56606,56611,56612,1,5
56606,56612,56613,1,6
56606,56611,56613,2,5
56606,56611,56613,2,5
56606,56611,56613,2,5
56606,56611,56613,2,5
56606,56611,56613,2,5
56606,56611,56613,2,5
56606,56611,56613,2,5
56606,56612,56613,1,6
56606,56612,56613,1,6
56606,56612,56613,1,6
56606,56612,56614,2,6
56606,56612,56613,1,6
56606,56612,56613,1,6
56606,56612,56613,1,6
56606,56612,56613,1,6
56606,56612,56613,1,6
56606,56612,56614,2,6
56606,56612,56614,2,6
56606,56612,56614,2,6
56606,56612,56614,2,6
56606,56614,56615,1,8
56606,56614,56615,1,8
56606,56612,56614,2,6
56606,56614,56615,1,8
56606,56614,56615,1,8
56606,56614,56615,1,8
56606,56612,56615,3,6
56606,56614,56615,1,8
56606,56614,56615,1,8
56606,56614,56615,1,8
56606,56614,56615,1,8
56606,56614,56615,1,8
56606,56614,56615,1,8
56606,56614,56615,1,8
56606,56614,56615,1,8
56606,56614,56615,1,8
56606,56614,56615,1,8
56606,56614,56615,1,8
56606,56615,56616,1,9
56606,56615,56616,1,9
56606,56615,56616,1,9
56606,56615,56616,1,9
56606,56615,56616,1,9
56606,56615,56616,1,9
56606,56615,56616,1,9
56606,56615,56616,1,9
56606,56615,56616,1,9
56606,56615,56616,1,9
56606,56614,56616,2,8
56606,56614,56616,2,8
56606,56616,56617,1,10
56606,56616,56617,1,10
56606,56615,56616,1,9
56606,56616,56617,1,10
56606,56616,56617,1,10
56606,56616,56617,1,10
56606,56616,56617,1,10
56606,56616,56617,1,10
56606,56616,56617,1,10
56606,56616,56617,1,10
56606,56616,56617,1,10
56606,56617,56618,1,11
56606,56617,56618,1,11
56606,56617,56618,1,11
56026,56027,56741,714,1
56742,56743,56744,1,1
56742,56743,56744,1,1
56742,56743,56744,1,1
56742,56743,56744,1,1
56742,56743,56744,1,1
56742,56744,56745,1,2
56742,56743,56744,1,1
56742,56743,56745,2,1
56742,56744,56745,1,2
56742,56744,56745,1,2
56742,56744,56745,1,2
56742,56744,56745,1,2
56742,56744,56745,1,2
56742,56744,56745,1,2
56742,56744,56745,1,2
56742,56744,56745,1,2
56742,56744,56745,1,2
56742,56745,56746,1,3
56742,56745,56746,1,3
56742,56745,56746,1,3
56742,56745,56746,1,3
56742,56745,56746,1,3
56742,56745,56746,1,3
56742,56745,56746,1,3
56742,56746,56747,1,4
56742,56746,56747,1,4
56742,56746,56748,2,4
56742,56746,56747,1,4
56742,56746,56747,1,4
56742,56746,56747,1,4
56742,56746,56747,1,4
56742,56746,56747,1,4
56742,56747,56748,1,5
56742,56746,56747,1,4
56742,56746,56748,2,4
56742,56747,56748,1,5
56742,56747,56748,1,5
56742,56748,56749,1,6
56742,56747,56748,1,5
56742,56747,56748,1,5
56742,56748,56749,1,6
56742,56748,56749,1,6
56742,56748,56749,1,6
56742,56748,56749,1,6
56742,56748,56749,1,6
56742,56748,56749,1,6
56742,56747,56748,1,5
56742,56747,56749,2,5
56742,56748,56749,1,6
56742,56748,56749,1,6
56742,56749,56750,1,7
56742,56749,56750,1,7
56742,56749,56750,1,7
56742,56749,56750,1,7
56742,56748,56749,1,6
56742,56748,56749,1,6
56742,56749,56750,1,7
56742,56749,56750,1,7
56742,56749,56750,1,7
56742,56749,56750,1,7
56742,56749,56750,1,7
56019,56019,56750,731,0
56742,56749,56750,1,7
56742,56750,56751,1,8
56742,56750,56751,1,8
56742,56750,56751,1,8
56742,56750,56751,1,8
56742,56750,56751,1,8
56742,56750,56751,1,8
56742,56750,56751,1,8
56742,56750,56751,1,8
56742,56750,56751,1,8
56742,56750,56751,1,8
56742,56750,56751,1,8
56742,56750,56751,1,8
56742,56750,56751,1,8
56742,56750,56751,1,8
56742,56751,56752,1,9
56742,56751,56752,1,9
56742,56751,56752,1,9
56742,56750,56751,1,8
56742,56751,56752,1,9
56742,56751,56752,1,9
56752,56752,56753,1,0
56752,56752,56753,1,0
56752,56752,56753,1,0
56752,56752,56753,1,0
56752,56752,56753,1,0
56752,56752,56753,1,0
56752,56752,56753,1,0
56752,56752,56753,1,0
56752,56753,56754,1,1
56021,56021,56753,732,0
56752,56752,56753,1,0
56752,56752,56753,1,0
56752,56752,56753,1,0
56752,56753,56754,1,1
56752,56753,56754,1,1
56752,56753,56754,1,1
56752,56753,56754,1,1
56752,56753,56754,1,1
56752,56754,56755,1,2
56752,56753,56754,1,1
56752,56754,56755,1,2
56752,56753,56755,2,1
56752,56753,56755,2,1
56752,56753,56754,1,1
56752,56754,56755,1,2
56752,56753,56755,2,1
56752,56753,56754,1,1
56752,56753,56754,1,1
56752,56754,56755,1,2
56752,56755,56756,1,3
56752,56755,56756,1,3
56752,56755,56756,1,3
56752,56755,56756,1,3
56752,56755,56756,1,3
56752,56754,56756,2,2
56752,56755,56756,1,3
56752,56755,56756,1,3
56752,56755,56756,1,3
56024,56024,56756,732,0
56752,56753,56757,4,1
56752,56755,56756,1,3
56752,56755,56756,1,3
56752,56755,56756,1,3
56752,56755,56756,1,3
56752,56756,56757,1,4
56752,56756,56757,1,4
56752,56756,56757,1,4
56752,56755,56757,2,3
56752,56755,56756,1,3
56752,56755,56756,1,3
56752,56755,56756,1,3
56752,56756,56757,1,4
56752,56756,56757,1,4
56752,56756,56757,1,4
56752,56757,56758,1,5
56752,56757,56758,1,5
56752,56757,56758,1,5
56752,56756,56757,1,4
56752,56757,56758,1,5
56752,56757,56758,1,5
56752,56757,56758,1,5
56752,56756,56757,1,4
56752,56757,56758,1,5
56752,56757,56758,1,5
56752,56757,56758,1,5
56752,56756,56758,2,4
56752,56757,56758,1,5
56752,56757,56758,1,5
56752,56757,56758,1,5
56752,56758,56759,1,6
56752,56757,56758,1,5
56752,56757,56759,2,5
56752,56758,56759,1,6
56752,56758,56759,1,6
56752,56758,56759,1,6
56752,56758,56759,1,6
56752,56758,56759,1,6
56752,56758,56759,1,6
56752,56758,56759,1,6
56752,56758,56759,1,6
56752,56758,56759,1,6
56752,56758,56759,1,6
56752,56757,56758,1,5
56752,56758,56759,1,6
56752,56758,56759,1,6
56752,56758,56759,1,6
56752,56759,56760,1,7
56752,56759,56760,1,7
56752,56759,56760,1,7
56752,56759,56760,1,7
56752,56758,56759,1,6
56752,56757,56761,4,5
56752,56759,56760,1,7
56752,56759,56760,1,7
56752,56759,56760,1,7
56769,56769,56770,1,0
56769,56769,56770,1,0
56769,56769,56770,1,0
56769,56769,56770,1,0
56769,56769,56770,1,0
56769,56769,56770,1,0
56038,56039,56770,731,1
56769,56769,56770,1,0
56769,56770,56771,1,1
56769,56770,56771,1,1
56769,56769,56770,1,0
56769,56769,56771,2,0
56769,56770,56771,1,1
56769,56770,56771,1,1
56769,56770,56771,1,1
56769,56770,56771,1,1
56769,56770,56771,1,1
56769,56770,56771,1,1
56769,56770,56771,1,1
56769,56770,56771,1,1
56769,56770,56771,1,1
56769,56770,56771,1,1
56769,56771,56772,1,2
56769,56771,56772,1,2
56769,56770,56772,2,1
56769,56770,56771,1,1
56769,56771,56772,1,2
56769,56771,56772,1,2
56769,56771,56772,1,2
56769,56771,56772,1,2
56769,56771,56772,1,2
56769,56771,56772,1,2
56769,56771,56772,1,2
56769,56771,56772,1,2
56769,56770,56772,2,1
56769,56771,56772,1,2
56769,56771,56772,1,2
56769,56771,56772,1,2
56769,56772,56773,1,3
56769,56772,56773,1,3
56769,56771,56772,1,2
56769,56771,56772,1,2
56769,56772,56773,1,3
56769,56772,56773,1,3
56769,56772,56773,1,3
56769,56772,56773,1,3
56769,56772,56773,1,3
56769,56772,56773,1,3
56769,56772,56773,1,3
56769,56772,56773,1,3
56769,56772,56773,1,3
56769,56772,56773,1,3
56769,56773,56774,1,4
56769,56772,56773,1,3
56769,56773,56774,1,4
56769,56773,56774,1,4
56769,56772,56773,1,3
56769,56773,56774,1,4
56769,56773,56774,1,4
56769,56773,56774,1,4
56769,56773,56774,1,4
56769,56773,56774,1,4
56769,56773,56774,1,4
56769,56773,56774,1,4
56769,56773,56774,1,4
56769,56772,56775,3,3
56769,56774,56775,1,5
56769,56773,56775,2,4
56769,56775,56776,1,6
56769,56775,56776,1,6
56769,56774,56777,3,5
56769,56775,56777,2,6
56769,56775,56777,2,6
56030,56030,56780,750,0
56785,56785,56786,1,0
56785,56785,56786,1,0
56785,56785,56786,1,0
56785,56785,56786,1,0
56785,56785,56786,1,0
56785,56785,56786,1,0
56785,56785,56786,1,0
56785,56785,56786,1,0
56785,56785,56786,1,0
56785,56785,56786,1,0
56785,56785,56786,1,0
56785,56785,56786,1,0
56785,56785,56786,1,0
56785,56786,56787,1,1
56785,56786,56787,1,1
56785,56786,56787,1,1
56785,56786,56787,1,1
56785,56786,56787,1,1
56785,56786,56787,1,1
56785,56785,56786,1,0
56785,56786,56787,1,1
56785,56786,56788,2,1
56785,56786,56787,1,1
56785,56786,56788,2,1
56785,56786,56788,2,1
56785,56786,56788,2,1
56785,56786,56787,1,1
56785,56786,56787,1,1
56785,56786,56788,2,1
56785,56786,56788,2,1
56785,56787,56788,1,2
56785,56787,56788,1,2
56785,56787,56788,1,2
56785,56787,56789,2,2
56785,56787,56789,2,2
56785,56787,56788,1,2
56785,56788,56789,1,3
56785,56788,56789,1,3
56785,56788,56790,2,3
56785,56788,56790,2,3
56785,56788,56790,2,3
56785,56788,56790,2,3
56785,56789,56790,1,4
56785,56789,56790,1,4
56785,56789,56790,1,4
56785,56789,56790,1,4
56785,56788,56789,1,3
56785,56789,56790,1,4
56785,56789,56790,1,4
56785,56788,56790,2,3
56785,56788,56790,2,3
56785,56788,56790,2,3
56785,56787,56790,3,2
56785,56790,56791,1,5
56785,56790,56791,1,5
56785,56790,56791,1,5
56785,56790,56791,1,5
56785,56790,56791,1,5
56785,56790,56791,1,5
56785,56791,56792,1,6
56785,56790,56791,1,5
56785,56792,56793,1,7
56769,56769,56788,19,0
56785,56793,56794,1,8
56785,56794,56795,1,9
56785,56794,56795,1,9
56785,56793,56794,1,8
56785,56794,56795,1,9
56785,56794,56795,1,9
56785,56794,56796,2,9
56785,56794,56795,1,9
56785,56794,56795,1,9
56785,56794,56796,2,9
56785,56794,56796,2,9
56785,56794,56796,2,9
56785,56794,56796,2,9
56785,56794,56796,2,9
56785,56795,56796,1,10
56785,56795,56796,1,10
56785,56796,56797,1,11
56785,56795,56796,1,10
56785,56795,56796,1,10
56785,56796,56797,1,11
56785,56795,56796,1,10
56785,56796,56797,1,11
56785,56796,56797,1,11
56785,56796,56797,1,11
56785,56796,56797,1,11
56785,56795,56796,1,10
56785,56795,56796,1,10
56785,56795,56796,1,10
56785,56796,56797,1,11
56785,56796,56797,1,11
56785,56795,56797,2,10
56785,56797,56798,1,12
56785,56796,56797,1,11
56785,56797,56798,1,12
56785,56797,56798,1,12
56036,56047,56798,751,11
56785,56797,56798,1,12
56785,56797,56798,1,12
56785,56797,56798,1,12
56785,56797,56798,1,12
56785,56798,56799,1,13
56785,56798,56799,1,13
56785,56798,56799,1,13
56785,56798,56799,1,13
56785,56797,56798,1,12
56785,56798,56799,1,13
56785,56798,56799,1,13
56785,56798,56799,1,13
56785,56798,56799,1,13
56785,56797,56798,1,12
56785,56797,56798,1,12
56785,56797,56798,1,12
56785,56797,56798,1,12
56785,56797,56798,1,12
56785,56798,56799,1,13
56785,56798,56799,1,13
56785,56798,56799,1,13
56785,56798,56799,1,13
56785,56798,56799,1,13
56785,56799,56800,1,14
56785,56799,56800,1,14
56785,56799,56800,1,14
56785,56799,56800,1,14
56785,56799,56800,1,14
56785,56799,56800,1,14
56785,56799,56800,1,14
56785,56799,56800,1,14
56785,56799,56800,1,14
56785,56799,56800,1,14
56785,56799,56800,1,14
56785,56799,56800,1,14
56785,56799,56800,1,14
56785,56799,56800,1,14
56785,56800,56801,1,15
56785,56800,56801,1,15
56785,56800,56801,1,15
56785,56800,56801,1,15
56785,56800,56801,1,15
56785,56800,56801,1,15
56785,56800,56801,1,15
56785,56800,56801,1,15
56785,56800,56801,1,15
56785,56799,56800,1,14
56787,56800,56801,1,13
56787,56800,56801,1,13
56787,56800,56801,1,13
56787,56800,56801,1,13
56785,56800,56801,1,15
56785,56800,56801,1,15
56787,56801,56802,1,14
56787,56801,56802,1,14
56787,56801,56802,1,14
56787,56801,56802,1,14
56787,56801,56802,1,14
56787,56801,56802,1,14
56787,56801,56802,1,14
56787,56801,56802,1,14
56787,56801,56802,1,14
56787,56801,56803,2,14
56787,56802,56803,1,15
56787,56802,56803,1,15
56787,56802,56803,1,15
56787,56802,56803,1,15
56787,56802,56803,1,15
56787,56802,56803,1,15
56787,56802,56803,1,15
56787,56802,56804,2,15
56787,56802,56803,1,15
56787,56802,56803,1,15
56787,56802,56804,2,15
56787,56802,56803,1,15
56787,56802,56803,1,15
56787,56802,56803,1,15
56787,56802,56803,1,15
56787,56802,56804,2,15
56787,56802,56804,2,15
56787,56802,56804,2,15
56787,56803,56805,2,16
56787,56804,56805,1,17
56787,56804,56805,1,17
56787,56804,56805,1,17
56787,56804,56805,1,17
56787,56804,56805,1,17
56787,56804,56805,1,17
56787,56804,56805,1,17
56787,56804,56805,1,17
56787,56804,56805,1,17
56787,56804,56805,1,17
56787,56804,56806,2,17
56787,56804,56805,1,17
56787,56804,56806,2,17
56787,56805,56806,1,18
56787,56804,56805,1,17
56787,56804,56805,1,17
56787,56804,56806,2,17
56787,56804,56806,2,17
56787,56806,56807,1,19
56787,56806,56807,1,19
56787,56806,56807,1,19
56787,56806,56807,1,19
56787,56806,56807,1,19
56787,56806,56807,1,19
56787,56805,56806,1,18
56787,56806,56807,1,19
56787,56806,56807,1,19
56787,56807,56808,1,20
56787,56807,56808,1,20
56787,56807,56808,1,20
56787,56807,56808,1,20
56787,56807,56808,1,20
56787,56807,56808,1,20
56787,56807,56808,1,20
56787,56806,56807,1,19
56787,56807,56808,1,20
56787,56807,56808,1,20
56787,56807,56808,1,20
56787,56807,56808,1,20
56787,56808,56809,1,21
56787,56808,56809,1,21
56787,56808,56809,1,21
56787,56808,56809,1,21
56787,56808,56809,1,21
56825,56825,56826,1,0
56825,56825,56826,1,0
56825,56825,56826,1,0
56825,56825,56826,1,0
56825,56825,56826,1,0
56825,56825,56826,1,0
56825,56825,56826,1,0
56825,56825,56826,1,0
56825,56825,56826,1,0
56825,56825,56826,1,0
56825,56825,56826,1,0
56825,56825,56826,1,0
56825,56825,56827,2,0
56825,56825,56827,2,0
56825,56825,56827,2,0
56825,56825,56828,3,0
56825,56826,56828,2,1
56825,56826,56828,2,1
56825,56826,56828,2,1
56825,56826,56828,2,1
56825,56826,56828,2,1
56825,56826,56828,2,1
56825,56826,56828,2,1
56825,56826,56828,2,1
56825,56826,56828,2,1
56825,56827,56829,2,2
56825,56826,56828,2,1
56825,56826,56828,2,1
56825,56826,56829,3,1
56825,56827,56829,2,2
56825,56828,56829,1,3
56825,56828,56829,1,3
56825,56828,56830,2,3
56825,56828,56830,2,3
56825,56828,56830,2,3
56825,56828,56830,2,3
56825,56828,56830,2,3
56825,56828,56830,2,3
56825,56829,56830,1,4
56825,56829,56830,1,4
56825,56829,56830,1,4
56825,56830,56831,1,5
56825,56830,56831,1,5
56825,56830,56831,1,5
56825,56830,56831,1,5
56825,56829,56831,2,4
56825,56832,56833,1,7
56825,56832,56833,1,7
56825,56832,56833,1,7
56825,56832,56833,1,7
56825,56832,56833,1,7
56825,56833,56834,1,8
56825,56833,56834,1,8
56825,56833,56834,1,8
56825,56833,56834,1,8
56825,56833,56834,1,8
56825,56834,56835,1,9
56825,56833,56835,2,8
56825,56828,56835,7,3
56825,56834,56835,1,9
56042,56042,56836,794,0
56841,56841,56842,1,0
56841,56841,56842,1,0
56841,56841,56842,1,0
56841,56841,56842,1,0
56841,56841,56842,1,0
56841,56841,56842,1,0
56841,56841,56842,1,0
56841,56841,56842,1,0
56841,56841,56842,1,0
56841,56841,56842,1,0
56841,56841,56843,2,0
56841,56841,56842,1,0
56841,56841,56842,1,0
56841,56841,56843,2,0
56841,56841,56843,2,0
56841,56841,56843,2,0
56841,56842,56844,2,1
56841,56842,56844,2,1
56841,56842,56844,2,1
56841,56842,56844,2,1
56841,56842,56844,2,1
56841,56842,56844,2,1
56841,56842,56844,2,1
56841,56842,56844,2,1
56841,56842,56844,2,1
56841,56841,56844,3,0
56841,56842,56844,2,1
56841,56844,56845,1,3
56841,56844,56845,1,3
56841,56844,56846,2,3
56841,56843,56846,3,2
56841,56845,56846,1,4
56841,56845,56846,1,4
56841,56845,56846,1,4
56841,56845,56846,1,4
56841,56845,56847,2,4
56841,56845,56846,1,4
56841,56845,56846,1,4
56841,56845,56846,1,4
56841,56844,56846,2,3
56841,56845,56846,1,4
56841,56845,56846,1,4
56841,56846,56847,1,5
56841,56846,56847,1,5
56841,56844,56847,3,3
56841,56845,56847,2,4
56841,56847,56848,1,6
56841,56847,56848,1,6
56841,56847,56848,1,6
56841,56846,56847,1,5
56841,56847,56848,1,6
56841,56847,56848,1,6
56841,56847,56848,1,6
56841,56847,56848,1,6
56841,56846,56848,2,5
56841,56847,56848,1,6
56841,56847,56848,1,6
56841,56848,56849,1,7
56841,56848,56849,1,7
56841,56848,56849,1,7
56841,56848,56849,1,7
56841,56849,56850,1,8
56841,56849,56850,1,8
56841,56849,56850,1,8
56841,56849,56850,1,8
56841,56849,56850,1,8
56841,56849,56850,1,8
56841,56849,56850,1,8
56841,56849,56850,1,8
56841,56850,56851,1,9
56841,56849,56850,1,8
56841,56850,56851,1,9
56841,56850,56851,1,9
56841,56850,56851,1,9
56841,56849,56851,2,8
56841,56849,56851,2,8
56514,56529,57005,476,15
57006,57006,57007,1,0
57006,57006,57007,1,0
57006,57006,57007,1,0
57006,57006,57007,1,0
57006,57006,57007,1,0
57006,57006,57007,1,0
57006,57006,57007,1,0
57006,57006,57007,1,0
57006,57006,57007,1,0
57006,57006,57007,1,0
57006,57006,57007,1,0
57006,57007,57008,1,1
57006,57007,57008,1,1
57006,57007,57008,1,1
57006,57007,57009,2,1
57006,57007,57009,2,1
57006,57008,57009,1,2
57006,57008,57009,1,2
57006,57008,57009,1,2
57006,57008,57009,1,2
57006,57008,57009,1,2
57006,57008,57009,1,2
57006,57008,57009,1,2
57006,57008,57009,1,2
57006,57008,57010,2,2
57006,57008,57009,1,2
57006,57008,57010,2,2
56510,56523,57010,487,13
57006,57009,57010,1,3
57006,57009,57011,2,3
57006,57009,57011,2,3
57006,57010,57012,2,4
57006,57008,57011,3,2
57006,57010,57011,1,4
57006,57010,57011,1,4
57006,57010,57011,1,4
57006,57010,57011,1,4
57006,57010,57011,1,4
57006,57010,57011,1,4
57006,57010,57011,1,4
57006,57010,57011,1,4
57006,57010,57011,1,4
57006,57010,57011,1,4
57006,57010,57012,2,4
57006,57011,57012,1,5
57006,57011,57012,1,5
57006,57012,57013,1,6
57006,57012,57013,1,6
57006,57011,57012,1,5
57006,57012,57013,1,6
57006,57012,57013,1,6
57006,57012,57013,1,6
57006,57012,57013,1,6
57006,57013,57014,1,7
57006,57013,57014,1,7
57006,57013,57014,1,7
57006,57013,57014,1,7
57006,57013,57014,1,7
57006,57013,57014,1,7
57006,57012,57013,1,6
57006,57012,57013,1,6
57006,57013,57014,1,7
57006,57013,57014,1,7
57006,57012,57014,2,6
57006,57013,57014,1,7
57006,57013,57014,1,7
57006,57014,57015,1,8
57006,57014,57015,1,8
57006,57014,57015,1,8
57006,57014,57015,1,8
57006,57014,57015,1,8
57006,57015,57016,1,9
57006,57015,57016,1,9
57006,57015,57016,1,9
57006,57014,57015,1,8
57006,57015,57016,1,9
57006,57015,57016,1,9
57006,57015,57016,1,9
57012,57015,57016,1,3
57012,57015,57016,1,3
57012,57015,57016,1,3
57012,57015,57016,1,3
57012,57016,57017,1,4
57012,57016,57017,1,4
57012,57016,57017,1,4
57012,57016,57017,1,4
57012,57016,57017,1,4
57012,57016,57017,1,4
57012,57016,57017,1,4
57012,57016,57017,1,4
57012,57016,57017,1,4
57012,57016,57017,1,4
57012,57016,57017,1,4
57012,57016,57017,1,4
57012,57016,57018,2,4
57012,57016,57018,2,4
57012,57016,57018,2,4
57012,57016,57018,2,4
57012,57017,57019,2,5
57012,57017,57019,2,5
57012,57017,57018,1,5
57012,57017,57018,1,5
57012,57017,57019,2,5
57012,57017,57019,2,5
57012,57018,57020,2,6
57012,57018,57019,1,6
57012,57018,57020,2,6
57012,57018,57020,2,6
57012,57018,57020,2,6
57012,57018,57020,2,6
57012,57019,57020,1,7
57012,57019,57020,1,7
57012,57019,57020,1,7
57012,57018,57020,2,6
57012,57018,57020,2,6
57012,57018,57020,2,6
57012,57019,57020,1,7
57012,57019,57020,1,7
57012,57019,57021,2,7
57012,57019,57020,1,7
57012,57019,57020,1,7
57012,57021,57022,1,9
57012,57021,57022,1,9
57012,57020,57022,2,8
57012,57021,57022,1,9
57012,57020,57021,1,8
57012,57020,57021,1,8
57012,57020,57021,1,8
57012,57021,57022,1,9
57012,57021,57022,1,9
57012,57021,57022,1,9
57012,57021,57022,1,9
57012,57021,57022,1,9
57012,57021,57022,1,9
57012,57021,57022,1,9
57012,57021,57022,1,9
57012,57021,57023,2,9
57012,57021,57023,2,9
57012,57022,57023,1,10
57012,57022,57023,1,10
57012,57022,57023,1,10
57012,57022,57023,1,10
57012,57022,57023,1,10
57012,57022,57023,1,10
57012,57022,57023,1,10
57012,57023,57024,1,11
57012,57023,57024,1,11
57012,57023,57024,1,11
57012,57023,57024,1,11
57012,57023,57024,1,11
57012,57023,57024,1,11
57012,57023,57024,1,11
57012,57022,57024,2,10
57012,57022,57024,2,10
57012,57023,57024,1,11
57012,57023,57024,1,11
57012,57023,57024,1,11
57012,57023,57024,1,11
57012,57024,57025,1,12
57012,57024,57025,1,12
57012,57024,57025,1,12
57012,57024,57025,1,12
57012,57024,57025,1,12
57012,57024,57025,1,12
57012,57024,57025,1,12
57012,57024,57025,1,12
57012,57024,57025,1,12
57012,57024,57025,1,12
57012,57024,57025,1,12
56553,56588,57079,491,35
57081,57081,57082,1,0
57081,57081,57082,1,0
57081,57081,57082,1,0
57081,57081,57082,1,0
57081,57081,57082,1,0
57081,57081,57082,1,0
57081,57081,57083,2,0
57081,57081,57082,1,0
57081,57081,57082,1,0
57081,57081,57082,1,0
57081,57081,57082,1,0
57081,57082,57084,2,1
57081,57082,57084,2,1
57081,57082,57084,2,1
57081,57082,57083,1,1
57081,57082,57083,1,1
57081,57082,57083,1,1
57081,57082,57084,2,1
57081,57082,57084,2,1
57081,57082,57084,2,1
57081,57083,57085,2,2
57081,57082,57084,2,1
57081,57083,57085,2,2
57081,57083,57084,1,2
57081,57083,57085,2,2
57081,57083,57085,2,2
57081,57083,57085,2,2
57081,57084,57085,1,3
57081,57084,57085,1,3
57081,57084,57085,1,3
57081,57084,57085,1,3
57081,57083,57085,2,2
57081,57084,57085,1,3
57081,57084,57085,1,3
57081,57085,57086,1,4
57081,57084,57086,2,3
57081,57084,57085,1,3
57081,57084,57086,2,3
57081,57085,57086,1,4
57081,57085,57086,1,4
57081,57086,57087,1,5
57081,57086,57087,1,5
57081,57085,57087,2,4
57081,57086,57087,1,5
57081,57086,57087,1,5
57081,57086,57087,1,5
57081,57085,57086,1,4
57081,57086,57087,1,5
57081,57086,57087,1,5
57081,57087,57088,1,6
57081,57086,57088,2,5
57081,57086,57088,2,5
57081,57086,57087,1,5
57081,57086,57087,1,5
57081,57087,57088,1,6
57081,57087,57088,1,6
57081,57086,57087,1,5
57081,57087,57088,1,6
57081,57087,57088,1,6
57081,57087,57088,1,6
57081,57086,57087,1,5
57081,57087,57088,1,6
57081,57087,57088,1,6
57081,57087,57088,1,6
57081,57088,57089,1,7
57081,57088,57089,1,7
57081,57088,57089,1,7
57081,57088,57089,1,7
57081,57088,57089,1,7
57081,57087,57088,1,6
57081,57088,57089,1,7
57081,57088,57089,1,7
57081,57088,57089,1,7
57081,57088,57089,1,7
57081,57087,57088,1,6
57081,57088,57089,1,7
57081,57088,57089,1,7
57081,57088,57089,1,7
57081,57089,57090,1,8
57081,57088,57089,1,7
57081,57088,57089,1,7
57081,57089,57090,1,8
57081,57089,57090,1,8
57081,57089,57090,1,8
57081,57089,57090,1,8
57081,57089,57090,1,8
57081,57089,57090,1,8
57081,57089,57090,1,8
57081,57089,57090,1,8
57081,57089,57090,1,8
57081,57089,57091,2,8
56508,56516,57217,701,8
57219,57219,57220,1,0
57219,57219,57220,1,0
57219,57219,57220,1,0
57219,57219,57220,1,0
57219,57219,57220,1,0
57219,57219,57220,1,0
57219,57219,57220,1,0
57219,57219,57220,1,0
57219,57219,57220,1,0
57219,57219,57220,1,0
57219,57219,57220,1,0
57219,57219,57220,1,0
57219,57219,57220,1,0
57219,57219,57220,1,0
57219,57219,57221,2,0
57219,57220,57222,2,1
57219,57220,57222,2,1
57219,57220,57222,2,1
57219,57220,57222,2,1
57219,57219,57221,2,0
57219,57220,57222,2,1
57219,57220,57222,2,1
57219,57220,57221,1,1
57219,57220,57222,2,1
57219,57219,57221,2,0
57219,57220,57222,2,1
57219,57221,57223,2,2
57219,57220,57222,2,1
57219,57221,57223,2,2
57219,57221,57223,2,2
57219,57222,57224,2,3
57219,57222,57224,2,3
57219,57222,57224,2,3
57219,57222,57224,2,3
57219,57222,57224,2,3
57219,57222,57223,1,3
57219,57222,57223,1,3
57219,57222,57224,2,3
57219,57222,57224,2,3
57219,57221,57223,2,2
57219,57222,57224,2,3
57219,57222,57225,3,3
57219,57223,57225,2,4
57219,57222,57224,2,3
57219,57223,57225,2,4
57219,57224,57225,1,5
57219,57224,57225,1,5
57219,57224,57225,1,5
57219,57224,57225,1,5
57219,57224,57225,1,5
57219,57223,57225,2,4
57219,57224,57225,1,5
57219,57224,57225,1,5
57219,57224,57225,1,5
57219,57224,57225,1,5
57219,57225,57226,1,6
57219,57225,57226,1,6
57219,57224,57225,1,5
57219,57225,57226,1,6
57219,57225,57226,1,6
57219,57224,57226,2,5
57219,57224,57226,2,5
57219,57225,57226,1,6
57219,57225,57226,1,6
57219,57225,57227,2,6
57219,57225,57227,2,6
57219,57226,57227,1,7
57219,57226,57227,1,7
57219,57225,57226,1,6
57219,57226,57227,1,7
57219,57225,57227,2,6
57219,57226,57227,1,7
57219,57226,57227,1,7
57219,57226,57227,1,7
57219,57226,57227,1,7
57219,57226,57227,1,7
57219,57226,57227,1,7
57219,57226,57227,1,7
57219,57226,57227,1,7
57219,57226,57227,1,7
57219,57227,57228,1,8
57219,57227,57228,1,8
57219,57227,57228,1,8
57219,57227,57228,1,8
57219,57227,57228,1,8
57219,57227,57228,1,8
57219,57227,57228,1,8
57219,57227,57228,1,8
57219,57227,57228,1,8
57219,57228,57229,1,9
57219,57227,57228,1,8
57219,57227,57228,1,8
57219,57228,57229,1,9
57219,57228,57229,1,9
57219,57228,57229,1,9
56753,56759,57229,470,6
57219,57228,57229,1,9
57230,57230,57231,1,0
57230,57230,57231,1,0
57230,57230,57231,1,0
57230,57230,57231,1,0
57230,57230,57231,1,0
57230,57230,57231,1,0
57230,57230,57231,1,0
57230,57230,57231,1,0
57230,57230,57231,1,0
57230,57230,57231,1,0
57230,57230,57231,1,0
57230,57230,57231,1,0
57230,57230,57231,1,0
57230,57231,57232,1,1
57230,57231,57232,1,1
57230,57230,57231,1,0
57230,57231,57232,1,1
57230,57230,57233,3,0
57230,57230,57233,3,0
57230,57231,57233,2,1
57230,57230,57233,3,0
57230,57231,57233,2,1
57230,57231,57233,2,1
57230,57232,57233,1,2
57230,57231,57233,2,1
57230,57231,57233,2,1
57230,57231,57233,2,1
57230,57232,57233,1,2
57230,57231,57233,2,1
57230,57231,57233,2,1
57230,57232,57233,1,2
57230,57231,57233,2,1
56518,56534,57234,700,16
57230,57233,57234,1,3
57230,57231,57234,3,1
57230,57234,57235,1,4
57230,57233,57234,1,3
57230,57234,57235,1,4
57230,57234,57235,1,4
57230,57234,57235,1,4
57230,57234,57235,1,4
57230,57234,57235,1,4
57230,57234,57235,1,4
57230,57235,57236,1,5
57230,57234,57236,2,4
57230,57235,57236,1,5
57230,57236,57237,1,6
57230,57236,57237,1,6
57230,57236,57237,1,6
57230,57236,57237,1,6
57230,57236,57237,1,6
57230,57236,57237,1,6
57230,57235,57237,2,5
57230,57236,57237,1,6
57230,57236,57237,1,6
57230,57237,57238,1,7
57230,57237,57238,1,7
57230,57237,57238,1,7
57230,57237,57238,1,7
57230,57237,57238,1,7
57230,57236,57237,1,6
57230,57237,57238,1,7
57230,57238,57239,1,8
57230,57238,57239,1,8
57230,57237,57238,1,7
57230,57238,57239,1,8
57246,57246,57247,1,0
57246,57246,57247,1,0
57246,57246,57247,1,0
57246,57246,57247,1,0
57246,57246,57247,1,0
57246,57246,57247,1,0
57246,57246,57247,1,0
57246,57246,57247,1,0
57246,57246,57247,1,0
57246,57246,57247,1,0
57246,57246,57247,1,0
57246,57246,57247,1,0
57246,57246,57247,1,0
57246,57246,57248,2,0
57246,57246,57248,2,0
57246,57246,57248,2,0
57246,57246,57247,1,0
57246,57247,57249,2,1
57246,57247,57249,2,1
57246,57247,57249,2,1
57246,57247,57249,2,1
57246,57247,57249,2,1
57246,57247,57249,2,1
57246,57248,57249,1,2
57246,57247,57249,2,1
57246,57248,57249,1,2
57246,57248,57249,1,2
57246,57248,57249,1,2
57246,57248,57250,2,2
57246,57248,57250,2,2
57246,57248,57250,2,2
57246,57248,57250,2,2
57246,57249,57250,1,3
57246,57249,57251,2,3
57246,57250,57251,1,4
57246,57250,57251,1,4
57246,57250,57251,1,4
57246,57250,57251,1,4
57246,57250,57251,1,4
57246,57249,57251,2,3
57246,57250,57251,1,4
57246,57250,57251,1,4
57246,57250,57251,1,4
57246,57250,57251,1,4
57246,57250,57251,1,4
57246,57251,57252,1,5
57246,57251,57252,1,5
57246,57251,57252,1,5
57246,57251,57252,1,5
57246,57251,57252,1,5
57246,57251,57252,1,5
57246,57252,57253,1,6
57246,57252,57253,1,6
57246,57252,57253,1,6
57246,57252,57253,1,6
57246,57253,57254,1,7
57246,57252,57253,1,6
57246,57252,57253,1,6
57246,57253,57254,1,7
57246,57253,57254,1,7
57246,57253,57254,1,7
57246,57253,57254,1,7
56770,56776,57254,478,6
57246,57253,57254,1,7
57246,57254,57255,1,8
57246,57254,57255,1,8
57246,57254,57255,1,8
57246,57253,57254,1,7
57246,57254,57255,1,8
57246,57254,57255,1,8
57246,57254,57255,1,8
57246,57254,57255,1,8
57246,57254,57255,1,8
57246,57255,57256,1,9
57263,57264,57265,1,1
57263,57264,57265,1,1
57263,57264,57265,1,1
57263,57265,57266,1,2
57263,57264,57265,1,1
57263,57265,57266,1,2
57263,57265,57266,1,2
57263,57264,57265,1,1
57263,57265,57266,1,2
57263,57265,57266,1,2
57263,57265,57266,1,2
57263,57265,57266,1,2
57263,57265,57266,1,2
57263,57265,57266,1,2
57263,57265,57266,1,2
57263,57265,57266,1,2
57263,57266,57267,1,3
57263,57265,57266,1,2
57263,57266,57267,1,3
57263,57266,57267,1,3
57263,57266,57267,1,3
57263,57266,57267,1,3
57263,57266,57267,1,3
57263,57266,57267,1,3
57263,57266,57267,1,3
57263,57267,57268,1,4
57263,57267,57268,1,4
57263,57267,57268,1,4
57263,57267,57268,1,4
57263,57267,57268,1,4
57263,57267,57268,1,4
57263,57268,57269,1,5
57263,57268,57269,1,5
57263,57268,57269,1,5
57263,57268,57269,1,5
57263,57267,57268,1,4
57263,57268,57269,1,5
57263,57268,57269,1,5
57263,57268,57269,1,5
57263,57268,57269,1,5
57263,57268,57269,1,5
57263,57268,57269,1,5
57263,57267,57268,1,4
57263,57268,57269,1,5
57263,57268,57269,1,5
57263,57268,57269,1,5
57263,57269,57270,1,6
57263,57269,57270,1,6
57263,57269,57270,1,6
57263,57269,57270,1,6
57263,57268,57269,1,5
57263,57269,57270,1,6
57263,57269,57270,1,6
57263,57269,57270,1,6
57263,57269,57270,1,6
57263,57269,57270,1,6
57263,57269,57270,1,6
57263,57269,57270,1,6
57263,57269,57270,1,6
57263,57269,57270,1,6
57263,57270,57271,1,7
57263,57270,57271,1,7
57263,57270,57271,1,7
57263,57270,57271,1,7
57263,57270,57271,1,7
57263,57270,57271,1,7
57263,57270,57271,1,7
57263,57270,57271,1,7
57263,57270,57271,1,7
57263,57270,57271,1,7
57263,57270,57271,1,7
57263,57270,57271,1,7
57263,57270,57271,1,7
57263,57270,57271,1,7
57263,57271,57272,1,8
57263,57271,57272,1,8
57263,57271,57272,1,8
56606,56617,57322,705,11
57323,57324,57325,1,1
57323,57324,57325,1,1
57323,57324,57325,1,1
57323,57324,57325,1,1
57323,57324,57325,1,1
57323,57325,57326,1,2
57323,57325,57326,1,2
57323,57325,57326,1,2
57323,57325,57326,1,2
57323,57325,57326,1,2
57323,57325,57326,1,2
57323,57325,57327,2,2
57323,57325,57326,1,2
57323,57325,57326,1,2
57323,57325,57326,1,2
57323,57325,57326,1,2
57323,57326,57327,1,3
57323,57326,57327,1,3
57323,57326,57327,1,3
57323,57325,57327,2,2
57323,57327,57328,1,4
57323,57326,57327,1,3
57323,57327,57328,1,4
57323,57327,57328,1,4
57323,57327,57328,1,4
57323,57327,57328,1,4
57323,57327,57328,1,4
57323,57327,57328,1,4
57323,57327,57328,1,4
57323,57328,57329,1,5
57323,57327,57328,1,4
57323,57328,57329,1,5
57323,57327,57328,1,4
57323,57327,57328,1,4
57323,57327,57328,1,4
57323,57328,57329,1,5
57323,57328,57329,1,5
57323,57328,57329,1,5
57323,57328,57329,1,5
57323,57328,57329,1,5
57323,57328,57329,1,5
57323,57328,57329,1,5
57323,57328,57329,1,5
57323,57329,57330,1,6
57323,57328,57329,1,5
57323,57329,57330,1,6
57323,57329,57330,1,6
57323,57329,57330,1,6
57323,57329,57330,1,6
57323,57329,57330,1,6
57323,57329,57330,1,6
57323,57329,57330,1,6
57323,57329,57330,1,6
57323,57329,57330,1,6
57323,57329,57330,1,6
57323,57330,57331,1,7
57323,57330,57331,1,7
57323,57330,57331,1,7
57323,57329,57330,1,6
57323,57330,57331,1,7
57323,57329,57330,1,6
57323,57330,57331,1,7
57323,57330,57331,1,7
57323,57330,57331,1,7
57323,57330,57331,1,7
57323,57330,57331,1,7
57323,57330,57331,1,7
57323,57330,57331,1,7
57323,57330,57331,1,7
57323,57330,57331,1,7
57323,57330,57331,1,7
57323,57330,57331,1,7
57323,57331,57332,1,8
57323,57331,57332,1,8
57323,57331,57332,1,8
57323,57331,57332,1,8
57323,57331,57332,1,8
57323,57331,57332,1,8
57323,57331,57332,1,8
57323,57331,57332,1,8
57323,57331,57332,1,8
56631,56631,57341,710,0
56843,56850,57343,493,7
57350,57350,57351,1,0
57350,57350,57351,1,0
57350,57350,57351,1,0
57350,57350,57351,1,0
57350,57350,57351,1,0
57350,57350,57351,1,0
57350,57350,57351,1,0
57350,57350,57351,1,0
57350,57350,57351,1,0
57350,57350,57351,1,0
57350,57350,57351,1,0
57350,57350,57351,1,0
57350,57350,57351,1,0
57350,57350,57352,2,0
57350,57350,57352,2,0
57350,57350,57352,2,0
57350,57350,57352,2,0
57350,57352,57353,1,2
57350,57351,57353,2,1
57350,57351,57353,2,1
57350,57351,57353,2,1
57350,57351,57353,2,1
57350,57351,57352,1,1
57350,57351,57353,2,1
57350,57351,57353,2,1
57350,57351,57352,1,1
57350,57351,57353,2,1
57350,57351,57353,2,1
57350,57351,57353,2,1
57350,57352,57354,2,2
57350,57353,57354,1,3
57350,57350,57354,4,0
57350,57352,57353,1,2
57350,57353,57354,1,3
57350,57352,57353,1,2
57350,57353,57354,1,3
57350,57351,57353,2,1
57350,57353,57354,1,3
57350,57353,57354,1,3
57350,57353,57354,1,3
57350,57353,57354,1,3
57350,57353,57354,1,3
57350,57353,57354,1,3
57350,57353,57354,1,3
57350,57353,57354,1,3
57350,57353,57355,2,3
57350,57354,57355,1,4
57350,57354,57355,1,4
57350,57353,57354,1,3
57350,57354,57355,1,4
57350,57354,57355,1,4
57350,57354,57355,1,4
57350,57354,57355,1,4
57350,57354,57355,1,4
57350,57354,57355,1,4
57350,57354,57355,1,4
57350,57354,57355,1,4
57350,57354,57355,1,4
57350,57354,57356,2,4
57350,57354,57356,2,4
57350,57354,57355,1,4
57350,57354,57355,1,4
57350,57355,57356,1,5
57350,57355,57356,1,5
57350,57355,57356,1,5
57350,57355,57356,1,5
57350,57356,57357,1,6
57350,57355,57357,2,5
57350,57356,57357,1,6
57350,57356,57357,1,6
57350,57356,57357,1,6
57350,57356,57357,1,6
57350,57356,57357,1,6
57350,57354,57357,3,4
57350,57357,57358,1,7
57350,57356,57357,1,6
57350,57357,57359,2,7
57351,57358,57359,1,7
57351,57358,57359,1,7
57351,57358,57359,1,7
57351,57358,57359,1,7
57350,57358,57359,1,8
57350,57357,57360,3,7
57351,57359,57360,1,8
57351,57359,57360,1,8
57351,57359,57360,1,8
57351,57359,57361,2,8
57351,57359,57360,1,8
57351,57359,57360,1,8
57351,57359,57360,1,8
57351,57359,57361,2,8
57351,57359,57361,2,8
57351,57359,57361,2,8
57351,57360,57361,1,9
57351,57360,57361,1,9
57351,57360,57361,1,9
57351,57359,57361,2,8
57351,57359,57361,2,8
57351,57359,57361,2,8
57351,57360,57362,2,9
57351,57361,57362,1,10
57351,57361,57362,1,10
57351,57361,57362,1,10
57351,57361,57362,1,10
57351,57361,57362,1,10
57351,57361,57362,1,10
57351,57361,57362,1,10
57351,57361,57363,2,10
57351,57361,57363,2,10
57351,57361,57363,2,10
57351,57362,57363,1,11
57351,57362,57363,1,11
57351,57362,57364,2,11
57351,57362,57363,1,11
57351,57362,57364,2,11
57351,57361,57364,3,10
57351,57363,57364,1,12
57351,57363,57365,2,12
57351,57363,57364,1,12
57351,57363,57364,1,12
57351,57363,57364,1,12
57351,57363,57364,1,12
57351,57363,57364,1,12
57351,57363,57364,1,12
57351,57363,57364,1,12
57351,57363,57364,1,12
57351,57363,57364,1,12
57351,57362,57364,2,11
57351,57364,57365,1,13
57351,57364,57365,1,13
57351,57364,57365,1,13
57351,57364,57365,1,13
57351,57364,57365,1,13
57351,57365,57366,1,14
57351,57365,57366,1,14
57351,57365,57366,1,14
57351,57365,57366,1,14
57351,57365,57366,1,14
57351,57365,57366,1,14
57351,57365,57366,1,14
57351,57365,57366,1,14
57351,57365,57366,1,14
57351,57365,57366,1,14
57351,57366,57367,1,15
57351,57366,57367,1,15
57351,57366,57367,1,15
57351,57366,57367,1,15
57351,57366,57367,1,15
57351,57366,57367,1,15
57351,57366,57367,1,15
57351,57366,57367,1,15
57351,57366,57367,1,15
57351,57366,57367,1,15
57351,57366,57367,1,15
57351,57365,57367,2,14
57351,57367,57368,1,16
57351,57367,57368,1,16
57351,57367,57368,1,16
57351,57367,57368,1,16
57351,57367,57368,1,16
57351,57367,57368,1,16
57351,57365,57366,1,14
57351,57374,57375,1,23
56651,56651,57385,734,0
57389,57389,57390,1,0
57389,57389,57390,1,0
57389,57389,57390,1,0
57389,57389,57390,1,0
57389,57389,57390,1,0
57389,57389,57390,1,0
57389,57389,57390,1,0
57389,57389,57390,1,0
57389,57389,57390,1,0
57389,57389,57390,1,0
57389,57390,57391,1,1
57389,57389,57391,2,0
57389,57389,57391,2,0
57389,57389,57390,1,0
56658,56658,57390,732,0
57389,57389,57391,2,0
57389,57390,57392,2,1
57389,57390,57392,2,1
57389,57390,57392,2,1
57389,57390,57392,2,1
57389,57390,57392,2,1
57389,57390,57392,2,1
57389,57390,57392,2,1
57389,57390,57392,2,1
57389,57390,57392,2,1
57389,57391,57392,1,2
57389,57391,57392,1,2
57389,57390,57393,3,1
57389,57391,57393,2,2
57389,57392,57393,1,3
57389,57392,57393,1,3
57389,57392,57393,1,3
57389,57393,57394,1,4
57389,57393,57394,1,4
57389,57392,57393,1,3
57389,57394,57395,1,5
57389,57393,57395,2,4
57389,57394,57395,1,5
57389,57393,57394,1,4
57389,57394,57395,1,5
57389,57394,57395,1,5
57389,57394,57395,1,5
57389,57394,57395,1,5
57389,57393,57394,1,4
57389,57393,57395,2,4
57389,57394,57395,1,5
57389,57395,57396,1,6
57389,57395,57396,1,6
57389,57394,57395,1,5
57389,57395,57396,1,6
57389,57395,57396,1,6
57389,57396,57397,1,7
57389,57395,57396,1,6
57389,57393,57397,4,4
57389,57396,57397,1,7
57389,57397,57398,1,8
57389,57397,57398,1,8
57389,57396,57397,1,7
57389,57397,57398,1,8
57389,57397,57398,1,8
57389,57397,57398,1,8
57389,57397,57398,1,8
57389,57397,57398,1,8
57389,57397,57398,1,8
57393,57397,57398,1,4
57393,57397,57398,1,4
57393,57398,57399,1,5
57393,57398,57399,1,5
57393,57398,57399,1,5
57393,57398,57399,1,5
57393,57398,57399,1,5
57393,57398,57399,1,5
57393,57399,57400,1,6
57393,57398,57399,1,5
57393,57399,57400,1,6
57393,57399,57401,2,6
57393,57399,57400,1,6
57393,57399,57400,1,6
57393,57399,57400,1,6
57393,57399,57400,1,6
57393,57399,57400,1,6
57393,57399,57400,1,6
57393,57399,57400,1,6
57393,57399,57400,1,6
57393,57399,57401,2,6
57393,57399,57400,1,6
57393,57400,57401,1,7
57393,57399,57400,1,6
57393,57401,57402,1,8
57393,57401,57402,1,8
57393,57400,57401,1,7
57393,57401,57402,1,8
57393,57401,57402,1,8
57393,57401,57402,1,8
57393,57401,57402,1,8
57393,57401,57402,1,8
57393,57401,57403,2,8
57393,57401,57402,1,8
57393,57402,57403,1,9
57393,57401,57402,1,8
57393,57402,57403,1,9
57393,57401,57402,1,8
57393,57402,57403,1,9
57393,57402,57403,1,9
57393,57402,57403,1,9
57393,57401,57403,2,8
57393,57403,57404,1,10
57393,57403,57404,1,10
57393,57403,57404,1,10
57393,57403,57404,1,10
57393,57403,57404,1,10
57393,57403,57404,1,10
57393,57403,57404,1,10
57393,57403,57404,1,10
57393,57403,57404,1,10
57393,57403,57404,1,10
57393,57403,57404,1,10
57393,57402,57404,2,9
57393,57404,57405,1,11
57393,57404,57405,1,11
57393,57404,57405,1,11
57393,57403,57404,1,10
57393,57404,57405,1,11
57393,57404,57405,1,11
57393,57404,57405,1,11
57393,57404,57405,1,11
57393,57404,57405,1,11
57393,57404,57405,1,11
57393,57404,57405,1,11
57393,57404,57405,1,11
57393,57403,57405,2,10
57393,57404,57405,1,11
57393,57404,57405,1,11
57393,57404,57405,1,11
57393,57405,57406,1,12
57393,57405,57406,1,12
57393,57405,57406,1,12
57393,57405,57406,1,12
57393,57405,57406,1,12
57393,57405,57406,1,12
57393,57406,57407,1,13
57393,57406,57407,1,13
57393,57405,57406,1,12
57393,57406,57407,1,13
56661,56661,57415,754,0
57393,57406,57415,9,13
57416,57416,57417,1,0
57416,57416,57417,1,0
57416,57416,57417,1,0
57416,57416,57417,1,0
57416,57416,57417,1,0
57416,57416,57417,1,0
56659,56660,57417,757,1
57416,57416,57417,1,0
57416,57416,57417,1,0
57416,57416,57417,1,0
57416,57416,57417,1,0
57416,57416,57418,2,0
57416,57417,57418,1,1
57416,57417,57418,1,1
57416,57417,57418,1,1
57416,57417,57418,1,1
57416,57417,57418,1,1
57416,57417,57418,1,1
57416,57417,57418,1,1
57416,57417,57418,1,1
57416,57416,57417,1,0
57416,57417,57418,1,1
57416,57417,57418,1,1
57416,57416,57417,1,0
57416,57417,57418,1,1
57416,57416,57418,2,0
57416,57417,57418,1,1
57416,57417,57418,1,1
57416,57418,57419,1,2
57416,57418,57419,1,2
57416,57418,57419,1,2
57416,57418,57419,1,2
57416,57418,57419,1,2
57416,57417,57418,1,1
57416,57418,57419,1,2
57416,57418,57419,1,2
57416,57418,57419,1,2
57416,57418,57419,1,2
57416,57418,57419,1,2
57416,57418,57419,1,2
57416,57419,57420,1,3
57416,57419,57420,1,3
57416,57419,57420,1,3
57416,57419,57420,1,3
57416,57419,57420,1,3
57416,57418,57419,1,2
57416,57418,57419,1,2
57416,57419,57420,1,3
57416,57418,57419,1,2
57416,57419,57420,1,3
57416,57418,57420,2,2
57416,57418,57420,2,2
57416,57418,57420,2,2
57416,57419,57421,2,3
57416,57420,57421,1,4
57416,57420,57421,1,4
57416,57419,57421,2,3
57416,57419,57421,2,3
57416,57420,57421,1,4
57416,57420,57421,1,4
57416,57420,57421,1,4
57416,57420,57421,1,4
57416,57419,57421,2,3
57416,57420,57421,1,4
57416,57421,57422,1,5
57416,57421,57422,1,5
57416,57421,57422,1,5
57416,57420,57422,2,4
57416,57420,57422,2,4
57416,57421,57422,1,5
57416,57421,57422,1,5
57416,57421,57422,1,5
56656,56657,57422,765,1
57416,57421,57422,1,5
57416,57421,57422,1,5
57416,57422,57423,1,6
57416,57421,57422,1,5
57416,57422,57423,1,6
57416,57421,57422,1,5
57416,57422,57423,1,6
57416,57423,57424,1,7
57416,57423,57424,1,7
57416,57423,57424,1,7
57416,57423,57424,1,7
57416,57423,57424,1,7
57416,57423,57424,1,7
57416,57423,57424,1,7
57416,57423,57424,1,7
57416,57423,57424,1,7
57432,57433,57434,1,1
57432,57433,57434,1,1
57432,57433,57434,1,1
57432,57433,57434,1,1
57432,57433,57434,1,1
57432,57434,57435,1,2
57432,57434,57435,1,2
57432,57434,57435,1,2
57432,57434,57435,1,2
57432,57434,57435,1,2
57432,57434,57435,1,2
57432,57434,57435,1,2
57432,57434,57435,1,2
57432,57434,57435,1,2
57432,57433,57435,2,1
57432,57434,57435,1,2
57432,57434,57435,1,2
57432,57434,57435,1,2
57432,57435,57436,1,3
57432,57436,57437,1,4
57432,57436,57437,1,4
57432,57435,57436,1,3
57432,57435,57436,1,3
57432,57435,57436,1,3
57432,57435,57436,1,3
57432,57436,57437,1,4
57432,57436,57437,1,4
57432,57436,57437,1,4
57432,57436,57437,1,4
57432,57436,57437,1,4
57432,57437,57438,1,5
57432,57436,57437,1,4
57432,57436,57437,1,4
57432,57436,57437,1,4
57432,57437,57438,1,5
57432,57437,57438,1,5
57432,57437,57438,1,5
57432,57437,57438,1,5
57432,57437,57438,1,5
57432,57438,57439,1,6
57432,57438,57439,1,6
57432,57438,57439,1,6
57432,57437,57438,1,5
57432,57437,57438,1,5
57432,57438,57439,1,6
57432,57437,57438,1,5
57432,57437,57438,1,5
57432,57438,57439,1,6
57432,57439,57440,1,7
57432,57439,57440,1,7
57432,57439,57440,1,7
57432,57439,57440,1,7
57432,57439,57440,1,7
57432,57439,57440,1,7
57432,57440,57441,1,8
57432,57440,57441,1,8
57432,57440,57441,1,8
57432,57440,57441,1,8
57432,57440,57441,1,8
57432,57439,57440,1,7
57432,57439,57440,1,7
57432,57440,57441,1,8
57432,57440,57441,1,8
57432,57441,57442,1,9
57432,57441,57442,1,9
57432,57441,57442,1,9
57432,57441,57442,1,9
57432,57437,57438,1,5
57448,57448,57449,1,0
57448,57448,57449,1,0
57448,57448,57449,1,0
57448,57448,57449,1,0
57448,57448,57449,1,0
57448,57448,57449,1,0
57448,57448,57449,1,0
57448,57448,57449,1,0
57448,57448,57449,1,0
57448,57448,57449,1,0
57448,57448,57449,1,0
57448,57448,57449,1,0
57432,57447,57449,2,15
57432,57447,57449,2,15
57448,57449,57450,1,1
57448,57449,57450,1,1
57448,57448,57449,1,0
57448,57449,57450,1,1
57448,57449,57450,1,1
57448,57449,57450,1,1
57448,57449,57450,1,1
57448,57449,57450,1,1
57448,57449,57450,1,1
57432,57447,57449,2,15
57448,57450,57451,1,2
57448,57449,57450,1,1
57448,57449,57451,2,1
57448,57449,57451,2,1
57448,57449,57450,1,1
57448,57450,57451,1,2
57448,57450,57451,1,2
57448,57450,57451,1,2
57448,57449,57450,1,1
57448,57450,57451,1,2
57448,57450,57451,1,2
57448,57449,57451,2,1
57448,57449,57451,2,1
57448,57451,57452,1,3
57448,57450,57452,2,2
57448,57450,57451,1,2
57448,57451,57452,1,3
57448,57451,57452,1,3
57448,57451,57452,1,3
57448,57451,57452,1,3
57448,57450,57451,1,2
57448,57451,57452,1,3
57448,57451,57452,1,3
57448,57451,57452,1,3
57448,57451,57452,1,3
57448,57451,57453,2,3
57448,57452,57453,1,4
57448,57452,57453,1,4
57448,57452,57453,1,4
57448,57451,57452,1,3
57448,57451,57453,2,3
57448,57452,57453,1,4
57448,57452,57453,1,4
57448,57452,57453,1,4
57448,57452,57453,1,4
57448,57452,57453,1,4
57448,57452,57454,2,4
57448,57453,57454,1,5
57448,57452,57453,1,4
57448,57453,57454,1,5
57448,57453,57454,1,5
57448,57453,57454,1,5
57448,57453,57454,1,5
57448,57452,57454,2,4
57448,57453,57454,1,5
57448,57453,57454,1,5
57448,57453,57454,1,5
57448,57453,57454,1,5
57448,57454,57455,1,6
57448,57454,57455,1,6
57448,57454,57455,1,6
57448,57454,57455,1,6
57448,57454,57455,1,6
57448,57453,57455,2,5
57448,57454,57455,1,6
57448,57454,57455,1,6
57448,57455,57456,1,7
57448,57455,57456,1,7
57448,57455,57456,1,7
57448,57455,57456,1,7
57448,57455,57456,1,7
57448,57454,57456,2,6
56744,56751,57467,716,7
57008,57015,57484,469,7
57484,57484,57485,1,0
57484,57484,57485,1,0
57484,57484,57485,1,0
57484,57484,57485,1,0
57484,57484,57485,1,0
57484,57484,57485,1,0
57484,57484,57485,1,0
57484,57484,57485,1,0
57484,57484,57485,1,0
57484,57484,57486,2,0
57484,57484,57485,1,0
57484,57485,57486,1,1
57484,57485,57486,1,1
57484,57484,57485,1,0
57484,57485,57486,1,1
57484,57485,57486,1,1
57484,57484,57485,1,0
57484,57485,57486,1,1
57484,57485,57486,1,1
57484,57484,57485,1,0
57484,57485,57486,1,1
57484,57486,57487,1,2
57484,57485,57486,1,1
57484,57486,57487,1,2
57484,57486,57487,1,2
57484,57485,57486,1,1
57484,57485,57486,1,1
57484,57486,57487,1,2
57484,57486,57487,1,2
57484,57486,57487,1,2
57484,57485,57486,1,1
57484,57486,57487,1,2
57484,57486,57487,1,2
57484,57487,57488,1,3
57484,57487,57488,1,3
57484,57486,57487,1,2
57484,57487,57488,1,3
57484,57487,57488,1,3
57484,57487,57488,1,3
57484,57486,57487,1,2
57484,57486,57487,1,2
57484,57486,57487,1,2
57484,57486,57487,1,2
57484,57486,57488,2,2
57484,57487,57488,1,3
57484,57488,57489,1,4
57484,57488,57489,1,4
57484,57487,57488,1,3
57484,57487,57488,1,3
57484,57487,57488,1,3
57484,57488,57489,1,4
57484,57488,57489,1,4
57484,57488,57489,1,4
57484,57488,57489,1,4
57484,57487,57488,1,3
57484,57488,57489,1,4
57484,57488,57489,1,4
57484,57487,57488,1,3
57484,57488,57489,1,4
57484,57488,57489,1,4
57484,57488,57489,1,4
57484,57489,57490,1,5
57484,57489,57490,1,5
57484,57489,57490,1,5
57484,57489,57490,1,5
57484,57489,57490,1,5
57484,57489,57490,1,5
57484,57489,57490,1,5
57484,57489,57490,1,5
57484,57489,57490,1,5
57484,57489,57490,1,5
57484,57489,57490,1,5
57484,57489,57490,1,5
57484,57489,57491,2,5
57484,57490,57491,1,6
57484,57489,57490,1,5
57484,57489,57491,2,5
57484,57489,57490,1,5
57484,57490,57491,1,6
57484,57490,57491,1,6
57484,57490,57491,1,6
57484,57490,57491,1,6
57484,57489,57490,1,5
57484,57491,57492,1,7
57484,57490,57491,1,6
57484,57491,57492,1,7
57484,57491,57492,1,7
57484,57491,57492,1,7
57484,57491,57492,1,7
57484,57491,57492,1,7
57484,57491,57492,1,7
57484,57491,57492,1,7
57484,57491,57492,1,7
57484,57492,57493,1,8
57484,57492,57493,1,8
57484,57491,57492,1,7
57484,57491,57492,1,7
57484,57492,57494,2,8
57484,57492,57494,2,8
57484,57492,57494,2,8
57484,57492,57494,2,8
57484,57492,57494,2,8
57484,57492,57494,2,8
57484,57493,57494,1,9
57484,57493,57494,1,9
57484,57493,57495,2,9
57484,57493,57495,2,9
57484,57493,57495,2,9
57484,57493,57495,2,9
57484,57492,57495,3,8
57484,57493,57495,2,9
57484,57493,57495,2,9
57484,57493,57495,2,9
57484,57493,57495,2,9
57484,57494,57495,1,10
57484,57494,57496,2,10
57484,57494,57496,2,10
57484,57494,57496,2,10
57484,57494,57496,2,10
57484,57495,57496,1,11
57484,57495,57496,1,11
57484,57495,57496,1,11
57484,57495,57497,2,11
57484,57495,57497,2,11
57484,57495,57497,2,11
57484,57495,57497,2,11
57484,57495,57497,2,11
57484,57495,57497,2,11
57484,57497,57498,1,13
57484,57496,57497,1,12
57484,57496,57497,1,12
57484,57496,57497,1,12
57484,57496,57498,2,12
57484,57496,57498,2,12
57484,57496,57497,1,12
57484,57496,57498,2,12
57484,57496,57498,2,12
57484,57497,57498,1,13
57484,57497,57498,1,13
57484,57497,57498,1,13
57484,57498,57499,1,14
57484,57497,57498,1,13
57484,57497,57499,2,13
57484,57497,57499,2,13
57484,57498,57499,1,14
57484,57498,57499,1,14
57484,57497,57499,2,13
57484,57497,57499,2,13
57484,57498,57499,1,14
57484,57498,57499,1,14
57484,57498,57499,1,14
57484,57498,57499,1,14
57484,57498,57500,2,14
57484,57499,57500,1,15
57484,57499,57500,1,15
57484,57499,57500,1,15
57484,57499,57500,1,15
57484,57498,57499,1,14
57484,57500,57501,1,16
57484,57500,57501,1,16
57484,57500,57501,1,16
57484,57500,57501,1,16
57484,57499,57501,2,15
57484,57500,57501,1,16
57484,57500,57501,1,16
57484,57500,57501,1,16
57484,57500,57501,1,16
57484,57499,57501,2,15
57484,57500,57501,1,16
57484,57500,57501,1,16
57484,57500,57501,1,16
57484,57500,57501,1,16
57484,57501,57502,1,17
56786,56800,57506,706,14
57509,57509,57510,1,0
57509,57509,57510,1,0
57509,57509,57510,1,0
57509,57509,57510,1,0
57509,57509,57510,1,0
57509,57509,57510,1,0
57509,57509,57510,1,0
57509,57509,57510,1,0
57509,57509,57510,1,0
57509,57509,57510,1,0
57509,57509,57510,1,0
57509,57509,57510,1,0
57509,57509,57510,1,0
57509,57509,57511,2,0
57509,57509,57511,2,0
57509,57510,57511,1,1
57509,57510,57511,1,1
57509,57510,57511,1,1
57509,57509,57511,2,0
57509,57510,57511,1,1
57509,57510,57511,1,1
57509,57509,57511,2,0
57509,57510,57511,1,1
57509,57510,57511,1,1
57509,57510,57511,1,1
57509,57510,57512,2,1
57509,57510,57512,2,1
57509,57511,57512,1,2
57509,57510,57511,1,1
57509,57511,57512,1,2
57509,57512,57513,1,3
57509,57511,57513,2,2
57509,57512,57513,1,3
57509,57512,57513,1,3
57509,57512,57513,1,3
57509,57512,57513,1,3
57509,57512,57513,1,3
57509,57512,57513,1,3
57509,57512,57513,1,3
57509,57512,57513,1,3
57509,57512,57513,1,3
57509,57512,57513,1,3
57509,57513,57514,1,4
57509,57513,57514,1,4
57509,57513,57514,1,4
57509,57513,57514,1,4
57509,57514,57515,1,5
57509,57514,57515,1,5
57509,57514,57515,1,5
57013,57025,57515,490,12
57509,57515,57516,1,6
57509,57514,57515,1,5
57509,57514,57515,1,5
57509,57515,57516,1,6
57509,57515,57516,1,6
57509,57515,57516,1,6
57509,57515,57516,1,6
57509,57515,57516,1,6
57509,57515,57516,1,6
57509,57516,57517,1,7
57509,57516,57517,1,7
57509,57516,57517,1,7
57509,57516,57517,1,7
57509,57516,57517,1,7
57509,57516,57517,1,7
57509,57516,57517,1,7
57509,57517,57518,1,8
56788,56808,57522,714,20
57527,57527,57528,1,0
57527,57527,57528,1,0
57527,57527,57528,1,0
57527,57527,57528,1,0
57527,57527,57528,1,0
57527,57527,57528,1,0
57527,57528,57529,1,1
57527,57528,57529,1,1
57527,57528,57529,1,1
57527,57528,57529,1,1
57527,57529,57530,1,2
57527,57529,57530,1,2
57527,57529,57530,1,2
56791,56808,57530,722,17
57527,57529,57530,1,2
57527,57528,57530,2,1
57527,57528,57530,2,1
57527,57529,57531,2,2
57527,57528,57530,2,1
57527,57529,57530,1,2
57527,57529,57531,2,2
57527,57529,57531,2,2
57527,57529,57531,2,2
57527,57529,57531,2,2
57527,57530,57532,2,3
57527,57530,57531,1,3
57527,57529,57531,2,2
57527,57531,57532,1,4
57527,57531,57532,1,4
57527,57531,57532,1,4
57527,57532,57533,1,5
57527,57530,57532,2,3
57527,57531,57533,2,4
57527,57530,57532,2,3
57527,57531,57532,1,4
57527,57531,57532,1,4
57527,57531,57532,1,4
57527,57531,57532,1,4
57527,57532,57533,1,5
57527,57531,57532,1,4
57527,57531,57532,1,4
57527,57532,57533,1,5
57527,57533,57534,1,6
57527,57532,57533,1,5
57527,57532,57533,1,5
57527,57533,57534,1,6
57527,57533,57534,1,6
57527,57533,57534,1,6
57527,57533,57534,1,6
57527,57533,57534,1,6
57527,57532,57533,1,5
57527,57533,57534,1,6
57527,57533,57534,1,6
57527,57533,57534,1,6
57527,57534,57535,1,7
57527,57534,57535,1,7
57527,57533,57534,1,6
57527,57534,57535,1,7
57527,57533,57534,1,6
57527,57534,57535,1,7
57527,57534,57535,1,7
57527,57534,57535,1,7
57527,57534,57535,1,7
57527,57534,57535,1,7
57527,57534,57535,1,7
57527,57535,57536,1,8
57527,57534,57535,1,7
57527,57535,57536,1,8
57527,57534,57535,1,7
57527,57535,57536,1,8
57527,57535,57536,1,8
57527,57535,57536,1,8
57527,57535,57536,1,8
57527,57535,57536,1,8
57527,57535,57536,1,8
57527,57535,57536,1,8
57527,57535,57536,1,8
57527,57535,57536,1,8
57527,57535,57536,1,8
57527,57535,57536,1,8
57527,57535,57536,1,8
57528,57536,57537,1,8
57528,57536,57537,1,8
57528,57536,57537,1,8
57528,57536,57537,1,8
57528,57536,57537,1,8
57528,57536,57537,1,8
57528,57536,57537,1,8
57528,57536,57537,1,8
57528,57536,57537,1,8
57528,57536,57537,1,8
57528,57536,57537,1,8
57528,57536,57537,1,8
57528,57536,57537,1,8
57528,57536,57537,1,8
57528,57536,57538,2,8
57528,57537,57538,1,9
57528,57537,57538,1,9
57528,57537,57539,2,9
57528,57537,57539,2,9
57528,57537,57539,2,9
57528,57537,57539,2,9
57528,57537,57539,2,9
57528,57537,57539,2,9
57528,57537,57539,2,9
57528,57537,57539,2,9
57528,57537,57539,2,9
57528,57537,57539,2,9
57528,57539,57540,1,11
57528,57539,57540,1,11
57528,57539,57540,1,11
56827,56834,57540,706,7
57528,57537,57540,3,9
57528,57537,57539,2,9
57528,57537,57539,2,9
57528,57537,57540,3,9
57528,57539,57540,1,11
57528,57538,57540,2,10
57528,57540,57541,1,12
57528,57539,57540,1,11
57528,57540,57541,1,12
57528,57540,57541,1,12
57528,57539,57541,2,11
57528,57539,57541,2,11
57528,57539,57541,2,11
57528,57539,57540,1,11
57528,57539,57540,1,11
57528,57540,57541,1,12
57528,57541,57542,1,13
57528,57541,57542,1,13
57528,57541,57542,1,13
57528,57541,57542,1,13
57528,57540,57541,1,12
57528,57540,57541,1,12
57528,57540,57541,1,12
57528,57540,57541,1,12
57528,57541,57542,1,13
57528,57540,57541,1,12
57528,57541,57542,1,13
57528,57542,57543,1,14
57528,57541,57542,1,13
57528,57541,57542,1,13
57528,57542,57543,1,14
57528,57542,57543,1,14
57528,57542,57543,1,14
57528,57542,57543,1,14
57528,57537,57542,5,9
57528,57541,57542,1,13
57528,57542,57543,1,14
57528,57541,57542,1,13
57528,57543,57544,1,15
57528,57542,57543,1,14
57528,57543,57544,1,15
57528,57543,57544,1,15
57528,57543,57544,1,15
57528,57543,57544,1,15
57528,57542,57543,1,14
57528,57542,57543,1,14
57528,57543,57544,1,15
57528,57543,57544,1,15
57528,57543,57544,1,15
57528,57543,57544,1,15
57528,57543,57544,1,15
57528,57544,57545,1,16
57528,57544,57545,1,16
57528,57544,57545,1,16
57545,57545,57546,1,0
57545,57545,57546,1,0
57545,57545,57546,1,0
57545,57545,57546,1,0
57528,57543,57546,3,15
57545,57545,57546,1,0
57545,57546,57547,1,1
57545,57546,57547,1,1
57545,57546,57547,1,1
57545,57546,57547,1,1
57545,57547,57548,1,2
57545,57547,57548,1,2
57545,57547,57548,1,2
57545,57547,57548,1,2
57545,57547,57548,1,2
57545,57547,57548,1,2
57545,57547,57548,1,2
57545,57547,57548,1,2
57545,57547,57548,1,2
57545,57547,57548,1,2
57545,57547,57548,1,2
57545,57547,57548,1,2
57545,57547,57549,2,2
57545,57547,57549,2,2
57545,57548,57549,1,3
57545,57548,57549,1,3
57545,57549,57550,1,4
57545,57549,57550,1,4
57545,57549,57550,1,4
57545,57548,57550,2,3
57545,57549,57550,1,4
57545,57549,57550,1,4
57545,57549,57550,1,4
57545,57549,57550,1,4
57545,57549,57550,1,4
57545,57549,57550,1,4
57545,57549,57550,1,4
57545,57549,57550,1,4
57545,57551,57552,1,6
57528,57538,57541,3,10
57545,57550,57551,1,5
57545,57550,57551,1,5
57545,57551,57552,1,6
57545,57550,57551,1,5
57545,57550,57551,1,5
57545,57551,57552,1,6
57545,57551,57552,1,6
57545,57551,57552,1,6
57545,57551,57552,1,6
57545,57551,57552,1,6
57545,57551,57552,1,6
57545,57552,57553,1,7
57545,57552,57553,1,7
57545,57551,57552,1,6
57545,57552,57553,1,7
57545,57552,57553,1,7
57545,57552,57553,1,7
57545,57552,57553,1,7
57545,57552,57553,1,7
57545,57552,57553,1,7
57545,57552,57553,1,7
57528,57552,57553,1,24
57545,57552,57553,1,7
57545,57551,57553,2,6
57545,57552,57553,1,7
57545,57553,57554,1,8
57545,57553,57554,1,8
57545,57553,57554,1,8
57545,57553,57554,1,8
57545,57553,57554,1,8
57545,57553,57554,1,8
57545,57553,57554,1,8
57545,57553,57554,1,8
57545,57552,57553,1,7
57545,57553,57554,1,8
57545,57553,57554,1,8
57545,57554,57555,1,9
57545,57554,57555,1,9
57545,57554,57555,1,9
57545,57554,57555,1,9
57545,57554,57555,1,9
57545,57554,57555,1,9
57545,57554,57555,1,9
57545,57554,57555,1,9
57545,57554,57555,1,9
57545,57554,57555,1,9
57575,57575,57576,1,0
57575,57575,57576,1,0
57575,57575,57576,1,0
57575,57575,57576,1,0
57575,57575,57576,1,0
57575,57575,57576,1,0
57575,57575,57576,1,0
57575,57575,57576,1,0
57575,57575,57576,1,0
57575,57575,57576,1,0
57575,57575,57576,1,0
57575,57576,57577,1,1
57575,57576,57578,2,1
57575,57576,57577,1,1
57575,57576,57577,1,1
57575,57575,57577,2,0
57575,57576,57578,2,1
57575,57576,57578,2,1
57575,57575,57577,2,0
57575,57576,57578,2,1
57575,57576,57578,2,1
57575,57576,57578,2,1
57575,57575,57577,2,0
57575,57575,57578,3,0
57575,57577,57579,2,2
57575,57576,57578,2,1
57575,57577,57579,2,2
57575,57578,57579,1,3
57575,57578,57579,1,3
57575,57578,57579,1,3
57575,57578,57579,1,3
57575,57578,57580,2,3
57575,57578,57580,2,3
57575,57578,57580,2,3
57575,57577,57579,2,2
57575,57578,57580,2,3
57575,57578,57580,2,3
57575,57578,57580,2,3
57575,57578,57580,2,3
57575,57578,57580,2,3
57575,57579,57580,1,4
57575,57579,57581,2,4
57575,57579,57580,1,4
57575,57579,57580,1,4
57575,57580,57581,1,5
57575,57580,57581,1,5
57575,57581,57582,1,6
57575,57581,57582,1,6
57575,57580,57581,1,5
57575,57580,57581,1,5
57575,57580,57582,2,5
57575,57580,57582,2,5
57575,57580,57582,2,5
57575,57580,57582,2,5
57575,57580,57582,2,5
57575,57580,57582,2,5
57575,57580,57582,2,5
57575,57580,57581,1,5
57575,57581,57582,1,6
57575,57581,57582,1,6
57575,57582,57583,1,7
57575,57582,57583,1,7
57575,57582,57583,1,7
57575,57582,57583,1,7
57575,57582,57583,1,7
57575,57582,57583,1,7
57575,57582,57583,1,7
57575,57582,57583,1,7
57575,57582,57583,1,7
57575,57582,57583,1,7
57575,57582,57583,1,7
57575,57582,57583,1,7
57575,57582,57583,1,7
57575,57583,57584,1,8
57575,57583,57584,1,8
57575,57583,57584,1,8
57575,57583,57584,1,8
57575,57583,57584,1,8
57575,57583,57584,1,8
57575,57583,57584,1,8
57575,57583,57584,1,8
57575,57583,57584,1,8
57575,57583,57584,1,8
57575,57583,57584,1,8
57575,57583,57584,1,8
57575,57583,57584,1,8
57575,57583,57584,1,8
57575,57584,57585,1,9
57575,57577,57582,5,2
57220,57229,57702,473,9
57703,57703,57704,1,0
57703,57703,57704,1,0
57703,57703,57704,1,0
57703,57703,57704,1,0
57703,57703,57704,1,0
57703,57703,57704,1,0
57703,57703,57704,1,0
57703,57703,57704,1,0
57703,57703,57704,1,0
57703,57703,57704,1,0
57703,57703,57704,1,0
57703,57703,57705,2,0
57703,57703,57704,1,0
57703,57704,57705,1,1
57703,57704,57705,1,1
57703,57703,57705,2,0
57703,57703,57704,1,0
57703,57704,57705,1,1
57703,57704,57705,1,1
57703,57703,57704,1,0
57703,57703,57705,2,0
57703,57705,57706,1,2
57703,57704,57706,2,1
57703,57705,57706,1,2
57703,57705,57706,1,2
57703,57704,57706,2,1
57703,57704,57706,2,1
57703,57704,57706,2,1
57703,57704,57706,2,1
57703,57704,57706,2,1
57703,57704,57706,2,1
57703,57705,57707,2,2
57703,57706,57707,1,3
57703,57705,57707,2,2
57703,57705,57707,2,2
57703,57705,57707,2,2
57703,57706,57707,1,3
57703,57706,57707,1,3
57703,57705,57707,2,2
57703,57706,57707,1,3
57703,57705,57707,2,2
57703,57706,57707,1,3
57703,57706,57707,1,3
57703,57705,57708,3,2
57703,57707,57708,1,4
57703,57707,57708,1,4
57703,57707,57708,1,4
57703,57706,57707,1,3
57703,57707,57708,1,4
57703,57707,57708,1,4
57703,57707,57708,1,4
57703,57708,57709,1,5
57703,57708,57709,1,5
57703,57707,57709,2,4
57703,57708,57709,1,5
57703,57708,57709,1,5
57703,57708,57709,1,5
57703,57708,57709,1,5
57703,57708,57709,1,5
57703,57708,57709,1,5
57703,57709,57710,1,6
57703,57709,57710,1,6
57703,57708,57710,2,5
57703,57708,57710,2,5
57703,57709,57710,1,6
57703,57709,57710,1,6
57703,57710,57711,1,7
57703,57709,57710,1,6
57703,57710,57711,1,7
57703,57710,57711,1,7
57703,57710,57711,1,7
57703,57710,57711,1,7
57703,57710,57711,1,7
57703,57710,57711,1,7
57703,57710,57711,1,7
57703,57710,57711,1,7
57703,57710,57711,1,7
57703,57711,57712,1,8
57703,57711,57712,1,8
57703,57711,57712,1,8
57703,57711,57712,1,8
57703,57711,57712,1,8
57703,57711,57712,1,8
57703,57711,57712,1,8
57703,57712,57713,1,9
57703,57712,57713,1,9
57703,57712,57713,1,9
57703,57712,57713,1,9
57703,57712,57713,1,9
57703,57712,57713,1,9
57231,57238,57730,492,7
57731,57732,57733,1,1
57731,57732,57733,1,1
57731,57732,57733,1,1
57731,57732,57733,1,1
57731,57732,57733,1,1
57731,57732,57733,1,1
57731,57732,57733,1,1
57731,57733,57734,1,2
57731,57732,57733,1,1
57731,57733,57734,1,2
57731,57732,57733,1,1
57731,57732,57733,1,1
57731,57734,57735,1,3
57731,57734,57735,1,3
57731,57733,57734,1,2
57731,57733,57734,1,2
57731,57734,57735,1,3
57731,57733,57734,1,2
57731,57733,57734,1,2
57731,57734,57735,1,3
57731,57734,57735,1,3
57731,57734,57735,1,3
57731,57734,57735,1,3
57731,57735,57736,1,4
57731,57734,57735,1,3
57731,57735,57736,1,4
57731,57734,57735,1,3
57731,57735,57736,1,4
57731,57735,57736,1,4
57731,57736,57737,1,5
57731,57734,57736,2,3
57731,57734,57736,2,3
57731,57736,57737,1,5
57731,57736,57737,1,5
57731,57735,57736,1,4
57731,57735,57736,1,4
57731,57736,57737,1,5
57731,57736,57737,1,5
57731,57737,57738,1,6
57731,57736,57737,1,5
57731,57737,57738,1,6
57731,57737,57738,1,6
57731,57737,57738,1,6
57731,57736,57737,1,5
57731,57736,57737,1,5
57731,57736,57737,1,5
57731,57737,57738,1,6
57731,57738,57739,1,7
57731,57737,57738,1,6
57731,57737,57738,1,6
57731,57738,57739,1,7
57731,57738,57739,1,7
57731,57738,57739,1,7
57731,57737,57738,1,6
57731,57737,57738,1,6
57731,57739,57740,1,8
57731,57737,57739,2,6
57731,57737,57739,2,6
57731,57738,57739,1,7
57731,57738,57739,1,7
57731,57738,57739,1,7
57731,57738,57739,1,7
57731,57738,57739,1,7
57731,57739,57740,1,8
57731,57739,57740,1,8
57731,57739,57740,1,8
57731,57739,57740,1,8
57731,57738,57739,1,7
57731,57739,57740,1,8
57731,57740,57741,1,9
57731,57739,57740,1,8
57731,57740,57741,1,9
57731,57739,57740,1,8
57731,57740,57741,1,9
57731,57739,57740,1,8
57731,57740,57741,1,9
57731,57740,57741,1,9
57731,57740,57741,1,9
57731,57740,57741,1,9
57082,57090,57821,731,8
57823,57823,57824,1,0
57823,57823,57824,1,0
57823,57823,57824,1,0
57823,57823,57824,1,0
57823,57823,57824,1,0
57823,57823,57824,1,0
57823,57823,57824,1,0
57823,57823,57824,1,0
57823,57823,57824,1,0
57823,57823,57824,1,0
57823,57823,57824,1,0
57823,57823,57825,2,0
57823,57823,57824,1,0
57823,57823,57824,1,0
57823,57823,57824,1,0
57823,57824,57825,1,1
57823,57823,57825,2,0
57823,57824,57826,2,1
57823,57824,57826,2,1
57823,57824,57825,1,1
57823,57824,57826,2,1
57823,57824,57826,2,1
57823,57824,57826,2,1
57823,57825,57826,1,2
57823,57824,57826,2,1
57823,57825,57826,1,2
57823,57825,57826,1,2
57823,57825,57826,1,2
57823,57826,57827,1,3
57823,57825,57827,2,2
57823,57825,57827,2,2
57823,57825,57827,2,2
57823,57826,57827,1,3
57823,57827,57828,1,4
57823,57826,57827,1,3
57823,57826,57828,2,3
57823,57826,57828,2,3
57823,57826,57828,2,3
57823,57827,57828,1,4
57823,57827,57828,1,4
57823,57827,57828,1,4
57823,57827,57828,1,4
57823,57827,57828,1,4
57823,57827,57828,1,4
57823,57827,57828,1,4
57823,57827,57828,1,4
57823,57827,57829,2,4
57823,57828,57829,1,5
57823,57827,57829,2,4
57823,57829,57830,1,6
57823,57827,57829,2,4
57823,57828,57829,1,5
57823,57829,57830,1,6
57823,57829,57830,1,6
57823,57828,57830,2,5
57823,57829,57830,1,6
57823,57829,57830,1,6
57823,57829,57830,1,6
57823,57830,57831,1,7
57823,57829,57830,1,6
57823,57829,57830,1,6
57823,57829,57830,1,6
57823,57829,57830,1,6
57823,57829,57830,1,6
57823,57829,57830,1,6
57823,57829,57830,1,6
57823,57830,57831,1,7
57823,57830,57831,1,7
57823,57830,57831,1,7
57823,57830,57831,1,7
57823,57830,57831,1,7
57823,57831,57832,1,8
57823,57831,57832,1,8
57823,57831,57832,1,8
57823,57831,57832,1,8
57823,57831,57832,1,8
57823,57831,57832,1,8
57823,57831,57832,1,8
57823,57832,57833,1,9
57823,57831,57832,1,8
57823,57831,57832,1,8
57823,57832,57833,1,9
57823,57832,57833,1,9
57823,57832,57833,1,9
57823,57832,57833,1,9
57823,57832,57833,1,9
57823,57833,57834,1,10
57823,57832,57834,2,9
57351,57367,57843,476,16
57851,57851,57852,1,0
57851,57851,57852,1,0
57851,57851,57852,1,0
57851,57851,57852,1,0
57851,57851,57852,1,0
57851,57851,57852,1,0
57851,57851,57852,1,0
57851,57851,57852,1,0
57851,57851,57852,1,0
57851,57851,57852,1,0
57851,57851,57852,1,0
57851,57851,57852,1,0
57851,57851,57852,1,0
57851,57851,57853,2,0
57851,57851,57853,2,0
57851,57852,57853,1,1
57353,57367,57853,486,14
57851,57853,57854,1,2
57851,57853,57854,1,2
57851,57853,57854,1,2
57851,57853,57854,1,2
57851,57853,57854,1,2
57851,57853,57854,1,2
57851,57853,57854,1,2
57851,57853,57854,1,2
57851,57854,57855,1,3
57851,57853,57854,1,2
57851,57854,57855,1,3
57851,57854,57855,1,3
57851,57854,57855,1,3
57851,57854,57855,1,3
57851,57854,57855,1,3
57851,57855,57856,1,4
57851,57854,57855,1,3
57851,57854,57855,1,3
57851,57855,57856,1,4
57851,57854,57856,2,3
57851,57855,57856,1,4
57851,57855,57856,1,4
57851,57855,57856,1,4
57851,57855,57856,1,4
57851,57855,57856,1,4
57851,57855,57856,1,4
57851,57855,57856,1,4
57851,57855,57856,1,4
57851,57856,57857,1,5
57851,57856,57857,1,5
57851,57856,57857,1,5
57851,57856,57857,1,5
57851,57857,57858,1,6
57851,57857,57858,1,6
57851,57857,57858,1,6
57851,57857,57858,1,6
57851,57857,57858,1,6
57851,57857,57858,1,6
57851,57857,57858,1,6
57851,57857,57858,1,6
57851,57858,57859,1,7
57851,57858,57859,1,7
57851,57857,57858,1,6
57851,57857,57858,1,6
57851,57858,57859,1,7
57851,57858,57859,1,7
57851,57858,57859,1,7
57851,57858,57859,1,7
57851,57858,57859,1,7
57851,57858,57859,1,7
57851,57858,57859,1,7
57851,57858,57859,1,7
57851,57859,57860,1,8
57851,57859,57860,1,8
57851,57859,57860,1,8
57851,57859,57860,1,8
57851,57859,57860,1,8
57851,57859,57860,1,8
57855,57859,57860,1,4
57855,57859,57860,1,4
57855,57859,57860,1,4
57855,57859,57860,1,4
57855,57859,57860,1,4
57855,57859,57860,1,4
57855,57860,57861,1,5
57851,57859,57860,1,8
57855,57860,57861,1,5
57855,57860,57861,1,5
57855,57860,57861,1,5
57855,57860,57861,1,5
57855,57861,57862,1,6
57855,57861,57862,1,6
57855,57860,57861,1,5
57855,57860,57861,1,5
57855,57860,57861,1,5
57855,57860,57861,1,5
57855,57860,57861,1,5
57855,57860,57862,2,5
57855,57860,57862,2,5
57855,57860,57862,2,5
57855,57860,57862,2,5
57855,57862,57863,1,7
57855,57862,57863,1,7
57855,57861,57862,1,6
57855,57861,57862,1,6
57855,57861,57862,1,6
57855,57861,57862,1,6
57855,57861,57863,2,6
57855,57861,57863,2,6
57855,57863,57864,1,8
57855,57863,57864,1,8
57855,57862,57864,2,7
57855,57862,57863,1,7
57855,57862,57863,1,7
57855,57862,57864,2,7
57855,57862,57864,2,7
57855,57862,57864,2,7
57855,57862,57864,2,7
57855,57862,57864,2,7
57855,57862,57864,2,7
57855,57864,57865,1,9
57855,57864,57865,1,9
57855,57863,57864,1,8
57855,57863,57865,2,8
57855,57863,57864,1,8
57855,57863,57865,2,8
57855,57864,57865,1,9
57855,57864,57865,1,9
57855,57863,57864,1,8
57855,57864,57865,1,9
57855,57864,57865,1,9
57855,57864,57865,1,9
57855,57864,57866,2,9
57855,57864,57865,1,9
57855,57865,57866,1,10
57855,57865,57866,1,10
57855,57864,57866,2,9
57855,57864,57865,1,9
57855,57865,57866,1,10
57855,57864,57865,1,9
57855,57865,57866,1,10
57855,57865,57866,1,10
57855,57865,57866,1,10
57855,57866,57867,1,11
57855,57866,57867,1,11
57855,57865,57866,1,10
57855,57865,57866,1,10
57855,57866,57867,1,11
57855,57866,57867,1,11
57855,57866,57867,1,11
57855,57866,57867,1,11
57855,57865,57867,2,10
57855,57866,57867,1,11
57855,57866,57867,1,11
57855,57867,57868,1,12
57855,57867,57868,1,12
57855,57867,57868,1,12
57855,57865,57868,3,10
57855,57866,57867,1,11
57855,57867,57868,1,12
57855,57867,57868,1,12
57855,57867,57868,1,12
57855,57868,57869,1,13
57855,57867,57868,1,12
57855,57868,57869,1,13
57855,57868,57869,1,13
57394,57407,57900,493,13
57903,57903,57904,1,0
57903,57903,57904,1,0
57903,57903,57904,1,0
57903,57903,57904,1,0
57903,57903,57904,1,0
57903,57903,57904,1,0
57903,57903,57904,1,0
57903,57903,57904,1,0
57903,57904,57905,1,1
57903,57904,57905,1,1
57903,57904,57905,1,1
57903,57904,57905,1,1
57903,57904,57905,1,1
57903,57904,57905,1,1
57903,57904,57905,1,1
57903,57904,57905,1,1
57903,57904,57905,1,1
57903,57904,57905,1,1
57903,57905,57906,1,2
57903,57905,57906,1,2
57903,57905,57906,1,2
57903,57905,57906,1,2
57903,57905,57906,1,2
57903,57905,57906,1,2
57903,57905,57906,1,2
57903,57905,57906,1,2
57903,57906,57907,1,3
57903,57906,57908,2,3
57903,57907,57908,1,4
57903,57906,57907,1,3
57903,57906,57908,2,3
57903,57906,57908,2,3
57903,57906,57908,2,3
57903,57906,57907,1,3
57903,57906,57907,1,3
57903,57907,57908,1,4
57903,57907,57908,1,4
57903,57907,57908,1,4
57903,57907,57908,1,4
57903,57908,57909,1,5
57903,57907,57908,1,4
57903,57908,57909,1,5
57903,57907,57908,1,4
57903,57907,57908,1,4
57903,57908,57909,1,5
57903,57908,57909,1,5
57903,57908,57909,1,5
57903,57909,57910,1,6
57903,57909,57910,1,6
57903,57908,57909,1,5
57903,57908,57909,1,5
57903,57909,57910,1,6
57903,57909,57910,1,6
57903,57908,57909,1,5
57903,57908,57909,1,5
57903,57909,57910,1,6
57903,57909,57910,1,6
57903,57909,57910,1,6
57903,57910,57911,1,7
57903,57910,57911,1,7
57903,57910,57911,1,7
57903,57910,57911,1,7
57903,57910,57911,1,7
57903,57910,57911,1,7
57903,57909,57910,1,6
57903,57910,57911,1,7
57903,57909,57910,1,6
57903,57909,57910,1,6
57903,57910,57911,1,7
57903,57910,57911,1,7
57903,57911,57912,1,8
57903,57911,57912,1,8
57903,57910,57911,1,7
57903,57910,57911,1,7
57903,57911,57912,1,8
57903,57911,57912,1,8
57903,57911,57912,1,8
57903,57911,57912,1,8
57903,57911,57912,1,8
57903,57911,57912,1,8
57903,57911,57912,1,8
57903,57911,57912,1,8
57903,57911,57912,1,8
57903,57911,57912,1,8
57903,57911,57912,1,8
57903,57911,57912,1,8
57903,57911,57912,1,8
57903,57912,57913,1,9
57903,57912,57913,1,9
57449,57456,57941,485,7
57942,57942,57943,1,0
57942,57942,57943,1,0
57942,57942,57943,1,0
57942,57942,57943,1,0
57942,57942,57943,1,0
57942,57942,57943,1,0
57942,57942,57943,1,0
57942,57942,57943,1,0
57942,57942,57943,1,0
57942,57942,57943,1,0
57942,57942,57943,1,0
57942,57942,57943,1,0
57942,57942,57943,1,0
57942,57942,57943,1,0
57942,57942,57944,2,0
57942,57942,57944,2,0
57942,57942,57944,2,0
57942,57943,57945,2,1
57942,57943,57945,2,1
57942,57944,57945,1,2
57942,57944,57945,1,2
57942,57944,57945,1,2
57942,57944,57946,2,2
57942,57944,57946,2,2
57942,57944,57946,2,2
57942,57944,57946,2,2
57942,57944,57946,2,2
57942,57944,57946,2,2
57942,57944,57946,2,2
57942,57944,57946,2,2
57942,57944,57946,2,2
57942,57945,57946,1,3
57942,57945,57947,2,3
57942,57946,57947,1,4
57942,57946,57947,1,4
57942,57946,57947,1,4
57942,57946,57947,1,4
57942,57945,57947,2,3
57942,57947,57949,2,5
57942,57947,57948,1,5
57942,57947,57948,1,5
57942,57947,57949,2,5
57942,57947,57948,1,5
57942,57948,57949,1,6
57942,57947,57949,2,5
57942,57948,57949,1,6
57942,57948,57949,1,6
57942,57947,57949,2,5
57942,57947,57949,2,5
57942,57947,57949,2,5
57942,57947,57949,2,5
57942,57948,57949,1,6
57942,57948,57949,1,6
57942,57949,57950,1,7
57942,57949,57950,1,7
57942,57945,57950,5,3
57942,57949,57950,1,7
57942,57950,57951,1,8
57942,57949,57950,1,7
57942,57950,57951,1,8
57942,57950,57951,1,8
57942,57950,57951,1,8
57942,57950,57951,1,8
57942,57951,57952,1,9
57942,57951,57952,1,9
57942,57950,57951,1,8
57942,57950,57951,1,8
57942,57951,57952,1,9
57942,57951,57952,1,9
57942,57951,57952,1,9
57942,57950,57952,2,8
57942,57952,57953,1,10
57942,57952,57953,1,10
57942,57952,57953,1,10
57942,57952,57953,1,10
57942,57952,57953,1,10
57942,57952,57953,1,10
57942,57952,57953,1,10
57942,57952,57953,1,10
57942,57952,57953,1,10
57942,57954,57955,1,12
57248,57255,57968,713,7
57972,57972,57973,1,0
57972,57972,57973,1,0
57972,57972,57973,1,0
57972,57972,57973,1,0
57972,57972,57973,1,0
57972,57972,57973,1,0
57972,57972,57973,1,0
57972,57972,57973,1,0
57972,57972,57973,1,0
57972,57972,57973,1,0
57972,57972,57973,1,0
57972,57972,57973,1,0
57972,57973,57974,1,1
57972,57972,57973,1,0
57972,57973,57974,1,1
57972,57973,57974,1,1
57972,57973,57974,1,1
57972,57973,57974,1,1
57972,57972,57973,1,0
57972,57973,57974,1,1
57972,57973,57974,1,1
57972,57974,57975,1,2
57972,57973,57974,1,1
57972,57974,57975,1,2
57972,57974,57975,1,2
57972,57974,57975,1,2
57972,57974,57975,1,2
57972,57973,57974,1,1
57972,57973,57974,1,1
57972,57973,57974,1,1
57972,57973,57974,1,1
57972,57973,57974,1,1
57972,57973,57974,1,1
57972,57973,57974,1,1
57972,57974,57975,1,2
57972,57974,57975,1,2
57972,57975,57976,1,3
57972,57974,57976,2,2
57972,57975,57976,1,3
57972,57975,57976,1,3
57972,57975,57976,1,3
57972,57975,57976,1,3
57972,57975,57976,1,3
57972,57975,57976,1,3
57972,57975,57976,1,3
57972,57974,57975,1,2
57972,57975,57976,1,3
57972,57975,57976,1,3
57972,57975,57976,1,3
57972,57976,57977,1,4
57972,57975,57976,1,3
57972,57975,57976,1,3
57972,57975,57976,1,3
57972,57976,57977,1,4
57972,57976,57977,1,4
57972,57976,57977,1,4
57972,57976,57977,1,4
57972,57975,57976,1,3
57972,57976,57978,2,4
57972,57976,57977,1,4
57972,57977,57978,1,5
57972,57976,57977,1,4
57972,57977,57978,1,5
57972,57976,57978,2,4
57972,57976,57977,1,4
57972,57976,57978,2,4
57972,57976,57978,2,4
57972,57976,57978,2,4
57972,57977,57978,1,5
57264,57271,57978,707,7
57972,57977,57979,2,5
57972,57977,57979,2,5
57972,57978,57979,1,6
57972,57978,57979,1,6
57972,57978,57979,1,6
57972,57978,57979,1,6
57972,57977,57979,2,5
57972,57977,57978,1,5
57972,57978,57979,1,6
57972,57977,57978,1,5
57972,57978,57979,1,6
57972,57979,57980,1,7
57972,57977,57979,2,5
57972,57979,57980,1,7
57972,57978,57980,2,6
57972,57979,57980,1,7
57972,57979,57980,1,7
57972,57979,57980,1,7
57972,57979,57980,1,7
57972,57979,57980,1,7
57972,57979,57980,1,7
57972,57979,57980,1,7
57972,57979,57980,1,7
57972,57979,57980,1,7
57972,57979,57980,1,7
57972,57979,57980,1,7
57981,57981,57982,1,0
57981,57981,57982,1,0
57981,57981,57982,1,0
57981,57981,57982,1,0
57981,57981,57982,1,0
57981,57981,57982,1,0
57981,57981,57982,1,0
57981,57981,57982,1,0
57981,57981,57982,1,0
57981,57981,57982,1,0
57981,57981,57982,1,0
57981,57981,57982,1,0
57981,57981,57982,1,0
57981,57981,57982,1,0
57981,57982,57983,1,1
57981,57982,57983,1,1
57981,57982,57983,1,1
57981,57982,57983,1,1
57981,57982,57983,1,1
57981,57981,57982,1,0
57981,57982,57983,1,1
57981,57981,57983,2,0
57981,57983,57984,1,2
57981,57981,57984,3,0
57981,57982,57983,1,1
57981,57983,57984,1,2
57981,57983,57984,1,2
57981,57982,57984,2,1
57981,57983,57984,1,2
57981,57983,57984,1,2
57981,57982,57983,1,1
57981,57982,57983,1,1
57981,57982,57983,1,1
57981,57983,57984,1,2
57981,57982,57983,1,1
57981,57982,57983,1,1
57981,57983,57984,1,2
57981,57984,57985,1,3
57981,57984,57985,1,3
57981,57984,57985,1,3
57981,57984,57985,1,3
57981,57984,57985,1,3
57981,57984,57985,1,3
57981,57983,57984,1,2
57981,57983,57984,1,2
57981,57985,57986,1,4
57981,57984,57986,2,3
57981,57984,57986,2,3
57981,57984,57985,1,3
57981,57984,57986,2,3
57981,57985,57986,1,4
57981,57985,57986,1,4
57981,57984,57985,1,3
57981,57985,57986,1,4
57485,57501,57986,485,16
57981,57985,57986,1,4
57981,57985,57986,1,4
57981,57984,57986,2,3
57981,57985,57986,1,4
57981,57984,57986,2,3
57981,57984,57986,2,3
57981,57985,57986,1,4
57981,57986,57987,1,5
57981,57986,57987,1,5
57981,57986,57987,1,5
57981,57987,57988,1,6
57981,57987,57988,1,6
57981,57987,57988,1,6
57981,57987,57988,1,6
57981,57987,57988,1,6
57981,57987,57988,1,6
57981,57987,57988,1,6
57981,57987,57988,1,6
57981,57988,57989,1,7
57981,57987,57989,2,6
57981,57988,57989,1,7
57981,57988,57989,1,7
57981,57988,57989,1,7
57981,57989,57990,1,8
57981,57989,57990,1,8
57981,57987,57989,2,6
57981,57987,57989,2,6
57981,57989,57990,1,8
57981,57990,57991,1,9
57511,57517,57992,475,6
58000,58000,58001,1,0
58000,58000,58001,1,0
58000,58000,58001,1,0
58000,58000,58001,1,0
58000,58000,58001,1,0
58000,58000,58001,1,0
58000,58000,58001,1,0
58000,58000,58001,1,0
58000,58000,58001,1,0
58000,58000,58001,1,0
58000,58000,58001,1,0
58000,58000,58001,1,0
58000,58000,58001,1,0
58000,58000,58002,2,0
58000,58000,58002,2,0
58000,58000,58002,2,0
58000,58000,58002,2,0
58000,58000,58001,1,0
58000,58001,58003,2,1
58000,58001,58003,2,1
58000,58001,58003,2,1
58000,58001,58003,2,1
58000,58001,58003,2,1
58000,58001,58003,2,1
58000,58001,58003,2,1
58000,58001,58004,3,1
58000,58001,58004,3,1
58000,58001,58003,2,1
58000,58001,58003,2,1
58000,58002,58004,2,2
58000,58002,58004,2,2
58000,58002,58004,2,2
58000,58003,58005,2,3
58000,58002,58005,3,2
58000,58003,58005,2,3
58000,58003,58005,2,3
58000,58002,58004,2,2
58000,58003,58005,2,3
58000,58003,58005,2,3
58000,58004,58005,1,4
58000,58004,58005,1,4
58000,58003,58005,2,3
58000,58004,58006,2,4
58000,58004,58006,2,4
58000,58004,58006,2,4
58000,58005,58006,1,5
58000,58005,58006,1,5
58000,58005,58006,1,5
58000,58005,58006,1,5
58000,58005,58006,1,5
58000,58005,58007,2,5
58000,58006,58007,1,6
58000,58007,58008,1,7
58000,58007,58008,1,7
58000,58006,58007,1,6
58000,58007,58008,1,7
58000,58008,58009,1,8
58000,58008,58009,1,8
58000,58008,58009,1,8
58000,58008,58009,1,8
58000,58008,58009,1,8
58000,58008,58009,1,8
58000,58009,58010,1,9
58000,58009,58010,1,9
58000,58009,58010,1,9
58000,58003,58005,2,3
58000,58009,58010,1,9
58000,58010,58011,1,10
58000,58010,58011,1,10
58000,58010,58011,1,10
58000,58010,58011,1,10
58000,58010,58011,1,10
58000,58010,58011,1,10
58000,58010,58011,1,10
58000,58010,58011,1,10
58000,58010,58012,2,10
58000,58010,58012,2,10
58000,58010,58011,1,10
58000,58010,58011,1,10
58000,58010,58012,2,10
58000,58011,58012,1,11
58000,58011,58012,1,11
58000,58011,58012,1,11
58000,58011,58013,2,11
58000,58011,58013,2,11
58000,58011,58013,2,11
58000,58011,58013,2,11
58000,58011,58013,2,11
58000,58011,58013,2,11
58000,58011,58013,2,11
58000,58011,58012,1,11
58000,58011,58013,2,11
58000,58012,58013,1,12
58000,58012,58013,1,12
58000,58012,58013,1,12
58000,58013,58014,1,13
58000,58013,58014,1,13
58000,58013,58014,1,13
58000,58013,58014,1,13
58000,58013,58015,2,13
58000,58013,58015,2,13
58000,58013,58015,2,13
58000,58013,58015,2,13
58000,58013,58015,2,13
58000,58013,58015,2,13
58000,58013,58015,2,13
58000,58012,58015,3,12
58000,58012,58014,2,12
58000,58014,58015,1,14
58000,58014,58015,1,14
58000,58014,58015,1,14
58000,58014,58015,1,14
58000,58012,58014,2,12
58000,58015,58016,1,15
58000,58015,58016,1,15
58000,58015,58016,1,15
58000,58015,58016,1,15
58000,58015,58016,1,15
58000,58015,58016,1,15
58000,58015,58016,1,15
58000,58015,58016,1,15
58000,58015,58016,1,15
58000,58015,58016,1,15
58000,58015,58016,1,15
58000,58014,58016,2,14
58000,58016,58017,1,16
58000,58016,58017,1,16
58000,58015,58016,1,15
58000,58015,58016,1,15
58000,58016,58017,1,16
58000,58016,58017,1,16
58000,58016,58017,1,16
58000,58016,58017,1,16
58000,58016,58017,1,16
58000,58015,58017,2,15
58000,58015,58016,1,15
58000,58016,58017,1,16
58000,58016,58017,1,16
58000,58016,58017,1,16
58000,58016,58017,1,16
58000,58017,58018,1,17
58000,58017,58018,1,17
58000,58017,58018,1,17
58000,58017,58018,1,17
58000,58017,58018,1,17
58000,58017,58018,1,17
58000,58017,58018,1,17
58000,58017,58018,1,17
58000,58017,58018,1,17
58000,58017,58018,1,17
58000,58017,58019,2,17
57325,57331,58028,697,6
58034,58034,58035,1,0
58034,58034,58035,1,0
58034,58034,58035,1,0
58034,58034,58035,1,0
58034,58034,58035,1,0
58034,58034,58035,1,0
58034,58034,58035,1,0
58034,58034,58035,1,0
58034,58034,58035,1,0
58034,58034,58035,1,0
58034,58035,58036,1,1
58034,58035,58036,1,1
58034,58035,58036,1,1
58034,58035,58036,1,1
58034,58035,58036,1,1
58034,58035,58036,1,1
58034,58034,58036,2,0
58034,58035,58037,2,1
58034,58036,58037,1,2
58034,58037,58038,1,3
58034,58036,58037,1,2
58034,58037,58038,1,3
58034,58037,58038,1,3
58034,58038,58039,1,4
58034,58037,58038,1,3
58034,58037,58038,1,3
58034,58037,58038,1,3
58034,58037,58038,1,3
58034,58037,58038,1,3
58034,58037,58038,1,3
58034,58037,58038,1,3
58034,58038,58039,1,4
58034,58037,58038,1,3
58034,58037,58038,1,3
58034,58037,58038,1,3
58034,58037,58038,1,3
58034,58038,58039,1,4
58034,58039,58040,1,5
58034,58039,58040,1,5
58034,58039,58040,1,5
58034,58039,58040,1,5
58034,58040,58041,1,6
58034,58040,58041,1,6
58034,58039,58040,1,5
58034,58040,58041,1,6
58034,58041,58042,1,7
58034,58041,58042,1,7
58034,58041,58042,1,7
58034,58041,58042,1,7
58034,58041,58042,1,7
58034,58041,58042,1,7
58034,58041,58042,1,7
58034,58041,58042,1,7
58034,58041,58042,1,7
58034,58041,58042,1,7
58034,58041,58042,1,7
58034,58041,58042,1,7
57576,57584,58070,486,8
58070,58070,58071,1,0
58070,58070,58071,1,0
58070,58070,58071,1,0
58070,58070,58071,1,0
58070,58070,58071,1,0
58070,58070,58071,1,0
58070,58070,58071,1,0
58070,58070,58071,1,0
58070,58070,58071,1,0
58070,58070,58071,1,0
58070,58070,58071,1,0
58070,58070,58072,2,0
58070,58070,58072,2,0
58070,58070,58072,2,0
58070,58070,58072,2,0
58070,58070,58072,2,0
58070,58072,58073,1,2
58070,58072,58073,1,2
58070,58072,58073,1,2
58070,58072,58073,1,2
58070,58072,58073,1,2
58070,58072,58073,1,2
58070,58072,58073,1,2
58070,58072,58073,1,2
58070,58072,58073,1,2
58070,58073,58075,2,3
58070,58073,58074,1,3
58070,58073,58074,1,3
58070,58073,58074,1,3
58070,58073,58074,1,3
58070,58073,58075,2,3
58070,58074,58075,1,4
58070,58073,58075,2,3
58070,58074,58076,2,4
58070,58074,58076,2,4
58070,58074,58075,1,4
58070,58073,58075,2,3
58070,58074,58076,2,4
58070,58074,58075,1,4
58070,58074,58075,1,4
58070,58074,58075,1,4
58070,58075,58077,2,5
58070,58074,58076,2,4
58070,58076,58077,1,6
58070,58075,58076,1,5
58070,58075,58076,1,5
58070,58075,58076,1,5
58070,58075,58076,1,5
58070,58076,58077,1,6
58070,58075,58077,2,5
58070,58076,58077,1,6
58070,58076,58077,1,6
58070,58076,58077,1,6
58070,58076,58077,1,6
58070,58076,58077,1,6
58070,58076,58077,1,6
58070,58077,58078,1,7
58070,58077,58078,1,7
58070,58077,58078,1,7
58070,58077,58078,1,7
58070,58077,58078,1,7
58070,58077,58078,1,7
58070,58077,58078,1,7
58070,58077,58078,1,7
58070,58078,58079,1,8
58070,58078,58079,1,8
58070,58078,58079,1,8
58070,58078,58079,1,8
58070,58078,58079,1,8
58070,58078,58079,1,8
58070,58078,58079,1,8
58070,58079,58080,1,9
58070,58079,58080,1,9
58070,58078,58079,1,8
58070,58079,58080,1,9
58070,58079,58080,1,9
58070,58079,58080,1,9
58070,58079,58080,1,9
58070,58078,58079,1,8
58070,58079,58080,1,9
58070,58079,58080,1,9
58070,58079,58080,1,9
58070,58079,58080,1,9
58070,58079,58080,1,9
58070,58080,58081,1,10
58070,58079,58080,1,9
57391,57397,58129,732,6
57417,57423,58128,705,6
58129,58129,58130,1,0
58129,58129,58130,1,0
58129,58129,58130,1,0
58129,58129,58130,1,0
58129,58129,58130,1,0
58129,58129,58130,1,0
58129,58129,58130,1,0
58129,58129,58130,1,0
58129,58129,58130,1,0
58129,58129,58130,1,0
58129,58129,58130,1,0
58129,58129,58130,1,0
58129,58129,58130,1,0
58129,58129,58130,1,0
58129,58129,58130,1,0
58129,58129,58131,2,0
58129,58130,58131,1,1
58129,58130,58131,1,1
58129,58129,58131,2,0
58129,58130,58131,1,1
58129,58130,58131,1,1
58129,58130,58132,2,1
58129,58130,58131,1,1
58129,58130,58132,2,1
58129,58130,58132,2,1
58129,58130,58132,2,1
58129,58130,58132,2,1
58129,58130,58132,2,1
58129,58130,58132,2,1
58129,58130,58132,2,1
58129,58131,58132,1,2
58129,58131,58132,1,2
58129,58130,58132,2,1
58129,58131,58133,2,2
58129,58132,58133,1,3
58129,58132,58133,1,3
58129,58133,58134,1,4
58129,58132,58133,1,3
58129,58132,58133,1,3
58129,58132,58133,1,3
58129,58132,58133,1,3
58129,58132,58133,1,3
58129,58133,58134,1,4
58129,58133,58134,1,4
58129,58133,58134,1,4
58129,58133,58134,1,4
58129,58133,58134,1,4
58129,58133,58134,1,4
58129,58133,58134,1,4
58129,58133,58134,1,4
58129,58134,58135,1,5
58129,58134,58135,1,5
58129,58133,58135,2,4
58129,58135,58136,1,6
58129,58135,58136,1,6
58129,58135,58136,1,6
58129,58135,58136,1,6
58129,58135,58136,1,6
58129,58135,58136,1,6
58129,58135,58136,1,6
58129,58135,58136,1,6
58129,58135,58136,1,6
58129,58135,58136,1,6
58129,58135,58136,1,6
58129,58135,58136,1,6
58129,58136,58137,1,7
58129,58136,58137,1,7
58129,58136,58137,1,7
58129,58136,58137,1,7
58129,58136,58137,1,7
58129,58136,58137,1,7
58129,58137,58138,1,8
58129,58137,58138,1,8
58129,58137,58138,1,8
58131,58137,58138,1,6
58129,58137,58138,1,8
58131,58137,58138,1,6
58131,58137,58138,1,6
58131,58138,58139,1,7
58131,58138,58139,1,7
58131,58138,58139,1,7
58131,58138,58139,1,7
58131,58138,58139,1,7
58131,58138,58139,1,7
58131,58138,58139,1,7
58131,58138,58139,1,7
58131,58138,58139,1,7
58131,58138,58139,1,7
58131,58139,58140,1,8
58131,58138,58139,1,7
58131,58138,58139,1,7
58131,58138,58139,1,7
58131,58138,58139,1,7
58131,58138,58140,2,7
58131,58138,58140,2,7
58131,58139,58140,1,8
58131,58139,58140,1,8
58131,58139,58140,1,8
58131,58139,58141,2,8
58131,58139,58141,2,8
58131,58140,58141,1,9
58131,58140,58141,1,9
58131,58140,58142,2,9
58131,58139,58141,2,8
58131,58140,58142,2,9
58131,58141,58142,1,10
58131,58140,58141,1,9
58131,58140,58141,1,9
58131,58140,58141,1,9
58131,58140,58142,2,9
58131,58140,58142,2,9
58131,58140,58141,1,9
58131,58140,58141,1,9
58131,58141,58142,1,10
58131,58141,58142,1,10
58131,58141,58142,1,10
58131,58141,58142,1,10
58131,58141,58142,1,10
58131,58142,58143,1,11
58131,58142,58143,1,11
58131,58141,58142,1,10
58131,58142,58143,1,11
58131,58142,58143,1,11
58131,58142,58143,1,11
58131,58142,58143,1,11
58131,58142,58143,1,11
58131,58142,58143,1,11
58131,58142,58143,1,11
58131,58142,58143,1,11
58131,58142,58143,1,11
58131,58142,58143,1,11
58131,58142,58143,1,11
58131,58143,58144,1,12
58131,58143,58144,1,12
58131,58143,58144,1,12
58131,58143,58144,1,12
58131,58143,58144,1,12
58131,58143,58144,1,12
58131,58143,58144,1,12
57434,57441,58143,702,7
58131,58143,58144,1,12
58131,58143,58144,1,12
58131,58143,58144,1,12
58131,58143,58144,1,12
58131,58143,58144,1,12
58131,58143,58144,1,12
58131,58144,58145,1,13
58131,58144,58145,1,13
58131,58144,58145,1,13
58131,58144,58145,1,13
58131,58144,58145,1,13
58131,58144,58145,1,13
58131,58144,58145,1,13
58131,58144,58145,1,13
58131,58145,58146,1,14
58131,58145,58146,1,14
58131,58145,58146,1,14
58131,58145,58146,1,14
58154,58155,58156,1,1
58154,58155,58156,1,1
58154,58155,58156,1,1
58154,58156,58157,1,2
58154,58156,58157,1,2
58154,58156,58157,1,2
58154,58156,58157,1,2
58154,58156,58157,1,2
58154,58156,58158,2,2
58154,58156,58157,1,2
58154,58156,58157,1,2
58154,58156,58157,1,2
58154,58156,58157,1,2
58154,58156,58157,1,2
58154,58156,58157,1,2
58154,58156,58158,2,2
58154,58157,58158,1,3
58154,58157,58158,1,3
58154,58156,58159,3,2
58154,58157,58159,2,3
58154,58158,58159,1,4
58154,58158,58159,1,4
58154,58158,58159,1,4
58154,58158,58159,1,4
58154,58158,58159,1,4
58154,58158,58160,2,4
58154,58158,58160,2,4
58154,58158,58159,1,4
58154,58158,58159,1,4
58154,58158,58159,1,4
58154,58158,58159,1,4
58154,58158,58160,2,4
58154,58158,58160,2,4
58154,58159,58160,1,5
58154,58159,58160,1,5
58154,58160,58161,1,6
58154,58160,58161,1,6
58154,58160,58161,1,6
58154,58160,58161,1,6
58154,58160,58161,1,6
58154,58160,58161,1,6
58154,58160,58161,1,6
58154,58161,58162,1,7
58154,58161,58162,1,7
58154,58160,58161,1,6
58154,58160,58161,1,6
58154,58160,58161,1,6
58154,58160,58161,1,6
58154,58161,58162,1,7
58154,58161,58162,1,7
58154,58162,58163,1,8
58154,58162,58163,1,8
58154,58162,58163,1,8
58154,58162,58163,1,8
58154,58162,58163,1,8
58154,58162,58163,1,8
58154,58162,58163,1,8
58154,58162,58163,1,8
58154,58159,58163,4,5
58154,58163,58164,1,9
58154,58163,58164,1,9
58154,58163,58164,1,9
58154,58163,58164,1,9
58154,58163,58164,1,9
58154,58163,58164,1,9
58154,58163,58164,1,9
58154,58163,58164,1,9
58154,58163,58164,1,9
58154,58163,58164,1,9
58154,58163,58164,1,9
58154,58163,58164,1,9
58154,58163,58164,1,9
58154,58163,58164,1,9
57487,57501,58230,729,14
58231,58231,58232,1,0
58231,58231,58232,1,0
58231,58231,58232,1,0
58231,58231,58232,1,0
58231,58231,58232,1,0
58231,58231,58232,1,0
58231,58231,58232,1,0
58231,58231,58232,1,0
58231,58231,58233,2,0
58231,58231,58232,1,0
58231,58231,58232,1,0
58231,58231,58232,1,0
58231,58231,58232,1,0
58231,58231,58233,2,0
58231,58232,58234,2,1
58231,58232,58234,2,1
58231,58232,58233,1,1
58231,58232,58234,2,1
58231,58232,58234,2,1
58231,58232,58234,2,1
58231,58232,58234,2,1
58231,58232,58234,2,1
58231,58232,58234,2,1
58231,58233,58235,2,2
58231,58231,58235,4,0
58231,58232,58234,2,1
58231,58233,58235,2,2
58231,58233,58235,2,2
58231,58234,58236,2,3
58231,58234,58236,2,3
58231,58234,58236,2,3
58231,58234,58236,2,3
58231,58233,58235,2,2
58231,58233,58235,2,2
58231,58234,58236,2,3
58231,58234,58236,2,3
58231,58234,58236,2,3
58231,58234,58236,2,3
58231,58234,58236,2,3
58231,58234,58236,2,3
58231,58235,58237,2,4
58231,58235,58237,2,4
58231,58235,58237,2,4
58231,58236,58237,1,5
58231,58236,58237,1,5
58231,58235,58237,2,4
58231,58236,58237,1,5
58231,58236,58237,1,5
58231,58236,58237,1,5
58231,58237,58238,1,6
58231,58236,58238,2,5
58231,58237,58238,1,6
58231,58236,58237,1,5
58231,58236,58237,1,5
58231,58236,58238,2,5
58231,58237,58238,1,6
58231,58236,58237,1,5
58231,58237,58238,1,6
58231,58237,58238,1,6
58231,58236,58237,1,5
58231,58237,58238,1,6
58231,58237,58238,1,6
58231,58237,58238,1,6
58231,58237,58238,1,6
58231,58238,58239,1,7
58231,58238,58239,1,7
58231,58238,58239,1,7
58231,58238,58239,1,7
58231,58235,58239,4,4
58231,58238,58239,1,7
58231,58238,58239,1,7
58231,58238,58239,1,7
58231,58238,58239,1,7
58231,58238,58239,1,7
58231,58239,58240,1,8
58231,58239,58240,1,8
58231,58239,58240,1,8
58231,58239,58240,1,8
58231,58238,58240,2,7
58231,58239,58240,1,8
58231,58238,58240,2,7
58231,58240,58241,1,9
58231,58240,58241,1,9
58231,58240,58241,1,9
57547,57554,58253,699,7
58256,58256,58257,1,0
58256,58256,58257,1,0
58256,58256,58257,1,0
58256,58256,58257,1,0
58256,58256,58257,1,0
58256,58256,58257,1,0
58256,58256,58257,1,0
58256,58256,58257,1,0
58256,58256,58257,1,0
58256,58256,58257,1,0
58256,58256,58257,1,0
58256,58256,58257,1,0
58256,58256,58257,1,0
58256,58256,58257,1,0
58256,58256,58258,2,0
58256,58256,58258,2,0
58256,58256,58258,2,0
58256,58257,58259,2,1
58256,58257,58258,1,1
58256,58257,58258,1,1
58256,58257,58259,2,1
58256,58257,58259,2,1
58256,58257,58259,2,1
58256,58257,58258,1,1
58256,58258,58259,1,2
58256,58257,58259,2,1
58256,58257,58259,2,1
58256,58258,58259,1,2
58256,58258,58260,2,2
58256,58259,58260,1,3
58256,58257,58260,3,1
58256,58257,58259,2,1
58256,58257,58260,3,1
58256,58259,58260,1,3
58256,58259,58260,1,3
58256,58259,58261,2,3
58256,58259,58261,2,3
58256,58259,58260,1,3
58256,58259,58261,2,3
58256,58259,58261,2,3
58256,58259,58261,2,3
58256,58259,58261,2,3
58256,58259,58261,2,3
58256,58259,58261,2,3
58256,58259,58261,2,3
58256,58260,58262,2,4
58256,58260,58262,2,4
58256,58260,58262,2,4
58256,58260,58262,2,4
58256,58260,58262,2,4
58256,58260,58261,1,4
58256,58261,58262,1,5
58256,58261,58262,1,5
58256,58261,58262,1,5
58256,58261,58262,1,5
58256,58261,58262,1,5
58256,58261,58262,1,5
58256,58261,58262,1,5
58256,58261,58262,1,5
58256,58261,58262,1,5
58256,58262,58263,1,6
58256,58262,58263,1,6
58256,58262,58263,1,6
58256,58262,58263,1,6
58256,58262,58263,1,6
58256,58262,58263,1,6
58256,58261,58263,2,5
58256,58262,58263,1,6
58256,58263,58264,1,7
58256,58262,58264,2,6
58256,58263,58264,1,7
58256,58263,58264,1,7
58256,58263,58265,2,7
58256,58264,58265,1,8
58256,58264,58265,1,8
57529,57544,58267,723,15
58281,58281,58282,1,0
58281,58281,58282,1,0
58281,58281,58282,1,0
58281,58281,58282,1,0
58281,58281,58282,1,0
58281,58281,58282,1,0
58281,58281,58282,1,0
58281,58281,58282,1,0
58281,58281,58282,1,0
58281,58281,58282,1,0
58281,58281,58282,1,0
58281,58281,58282,1,0
58281,58281,58282,1,0
58281,58281,58282,1,0
58281,58281,58283,2,0
58281,58282,58283,1,1
58281,58282,58283,1,1
58281,58281,58283,2,0
58281,58283,58284,1,2
58281,58283,58284,1,2
58281,58283,58284,1,2
58281,58283,58284,1,2
58281,58283,58284,1,2
58281,58283,58284,1,2
58281,58283,58284,1,2
58281,58283,58284,1,2
58281,58283,58284,1,2
58281,58284,58285,1,3
58281,58283,58284,1,2
58281,58284,58285,1,3
58281,58285,58286,1,4
58281,58284,58285,1,3
58281,58285,58286,1,4
58281,58282,58285,3,1
58281,58285,58286,1,4
58281,58285,58286,1,4
58281,58285,58286,1,4
58281,58285,58286,1,4
58281,58286,58287,1,5
58281,58286,58287,1,5
58281,58286,58287,1,5
58281,58287,58288,1,6
58281,58287,58288,1,6
58281,58287,58288,1,6
58281,58286,58287,1,5
58281,58287,58288,1,6
58281,58287,58288,1,6
58281,58288,58289,1,7
58281,58288,58289,1,7
58281,58288,58289,1,7
58281,58288,58289,1,7
58281,58288,58289,1,7
58281,58288,58289,1,7
58281,58288,58289,1,7
58281,58283,58288,5,2
58281,58289,58290,1,8
58281,58289,58290,1,8
58281,58289,58290,1,8
58281,58289,58290,1,8
58281,58289,58290,1,8
58281,58289,58290,1,8
58281,58289,58290,1,8
58281,58289,58290,1,8
58281,58289,58290,1,8
58281,58288,58289,1,7
58281,58287,58291,4,6
57825,57833,58306,473,8
58311,58311,58312,1,0
58311,58311,58312,1,0
58311,58311,58312,1,0
58311,58311,58312,1,0
58311,58311,58312,1,0
58311,58311,58312,1,0
58311,58311,58312,1,0
58311,58311,58312,1,0
58311,58311,58312,1,0
58311,58311,58312,1,0
58311,58311,58312,1,0
58311,58311,58312,1,0
58311,58312,58313,1,1
58311,58311,58313,2,0
58311,58311,58313,2,0
58311,58312,58313,1,1
58311,58311,58313,2,0
58311,58312,58313,1,1
58311,58312,58313,1,1
58311,58312,58314,2,1
58311,58312,58314,2,1
58311,58312,58313,1,1
58311,58312,58314,2,1
57582,57584,58315,731,2
58311,58312,58314,2,1
58311,58312,58314,2,1
58311,58313,58315,2,2
58311,58312,58314,2,1
58311,58312,58315,3,1
58311,58313,58316,3,2
58311,58313,58316,3,2
58311,58314,58315,1,3
58311,58314,58316,2,3
58311,58314,58316,2,3
58311,58314,58316,2,3
58311,58314,58316,2,3
58311,58314,58316,2,3
58311,58314,58316,2,3
58311,58314,58316,2,3
58311,58316,58317,1,5
58311,58314,58316,2,3
58311,58315,58317,2,4
58311,58316,58317,1,5
58311,58316,58317,1,5
58311,58316,58317,1,5
58311,58315,58317,2,4
58311,58315,58317,2,4
58311,58315,58317,2,4
58311,58315,58317,2,4
58311,58315,58317,2,4
58311,58316,58318,2,5
58311,58316,58318,2,5
58311,58317,58318,1,6
58311,58316,58317,1,5
58311,58316,58317,1,5
58311,58316,58317,1,5
58311,58317,58318,1,6
58311,58317,58318,1,6
58311,58317,58318,1,6
58311,58317,58318,1,6
58311,58317,58318,1,6
58311,58317,58318,1,6
58311,58316,58318,2,5
58311,58317,58318,1,6
58311,58317,58318,1,6
58311,58318,58319,1,7
58311,58317,58319,2,6
58311,58318,58319,1,7
58311,58318,58319,1,7
58311,58318,58319,1,7
58311,58318,58319,1,7
58311,58318,58319,1,7
58311,58317,58318,1,6
58311,58318,58319,1,7
58311,58318,58319,1,7
58311,58318,58320,2,7
58311,58319,58320,1,8
58311,58319,58320,1,8
58311,58320,58321,1,9
58311,58320,58321,1,9
58311,58320,58321,1,9
58311,58320,58321,1,9
58316,58321,58322,1,5
58316,58321,58322,1,5
58316,58321,58322,1,5
58316,58321,58322,1,5
58316,58321,58322,1,5
58316,58321,58322,1,5
58316,58322,58323,1,6
58316,58322,58323,1,6
58316,58322,58323,1,6
58316,58322,58324,2,6
58316,58322,58323,1,6
58316,58322,58324,2,6
58316,58322,58323,1,6
58316,58322,58324,2,6
58316,58322,58324,2,6
58311,58311,58324,13,0
58316,58323,58324,1,7
58316,58323,58324,1,7
58316,58323,58324,1,7
58316,58323,58324,1,7
58316,58322,58324,2,6
58316,58323,58325,2,7
58311,58322,58323,1,11
58316,58324,58325,1,8
58316,58324,58326,2,8
58316,58324,58326,2,8
58316,58324,58326,2,8
58316,58324,58326,2,8
58316,58325,58326,1,9
58316,58325,58326,1,9
58316,58325,58326,1,9
58316,58325,58326,1,9
58316,58325,58326,1,9
58316,58326,58327,1,10
58316,58324,58326,2,8
58316,58326,58327,1,10
58316,58325,58327,2,9
58316,58324,58327,3,8
58316,58326,58327,1,10
58316,58326,58327,1,10
58316,58327,58328,1,11
58316,58327,58328,1,11
58316,58326,58327,1,10
58316,58326,58327,1,10
58316,58327,58328,1,11
58316,58325,58327,2,9
58316,58327,58328,1,11
58316,58328,58329,1,12
58316,58328,58329,1,12
58316,58328,58329,1,12
58316,58328,58329,1,12
58316,58328,58329,1,12
58316,58327,58329,2,11
58316,58328,58329,1,12
58316,58329,58330,1,13
58316,58329,58330,1,13
58316,58329,58330,1,13
58316,58328,58329,1,12
58316,58328,58329,1,12
58316,58329,58330,1,13
58316,58329,58330,1,13
58316,58329,58330,1,13
58316,58329,58330,1,13
58316,58329,58330,1,13
58316,58330,58331,1,14
58316,58330,58331,1,14
58316,58330,58331,1,14
58316,58330,58331,1,14
58316,58330,58331,1,14
58316,58330,58331,1,14
58316,58330,58331,1,14
58316,58330,58331,1,14
58316,58330,58331,1,14
58316,58329,58331,2,13
58316,58325,58331,6,9
57852,57859,58346,487,7
58357,58357,58358,1,0
58357,58357,58358,1,0
58357,58357,58358,1,0
58357,58357,58358,1,0
58357,58357,58358,1,0
58357,58357,58358,1,0
58357,58357,58358,1,0
58357,58357,58358,1,0
58357,58357,58358,1,0
58357,58357,58358,1,0
58357,58357,58358,1,0
58357,58357,58359,2,0
58357,58357,58358,1,0
58357,58357,58359,2,0
58357,58357,58359,2,0
58357,58358,58359,1,1
58357,58359,58360,1,2
58357,58359,58360,1,2
58357,58359,58360,1,2
58357,58359,58360,1,2
58357,58359,58360,1,2
58357,58359,58360,1,2
58357,58359,58360,1,2
58357,58359,58360,1,2
58357,58359,58360,1,2
58357,58357,58360,3,0
58357,58358,58361,3,1
58357,58360,58361,1,3
58357,58360,58361,1,3
58357,58360,58361,1,3
58357,58360,58362,2,3
58357,58361,58362,1,4
58357,58361,58362,1,4
58357,58361,58362,1,4
58357,58361,58362,1,4
58357,58361,58362,1,4
58357,58361,58362,1,4
58357,58361,58362,1,4
58357,58361,58363,2,4
58357,58361,58363,2,4
58357,58361,58362,1,4
58357,58362,58363,1,5
58357,58362,58363,1,5
58357,58361,58362,1,4
58357,58362,58363,1,5
58357,58363,58364,1,6
58357,58363,58364,1,6
58357,58364,58365,1,7
58357,58364,58365,1,7
58357,58363,58364,1,6
58357,58363,58364,1,6
58357,58363,58364,1,6
58357,58364,58365,1,7
58357,58360,58365,5,3
58357,58365,58366,1,8
58357,58365,58366,1,8
58357,58365,58366,1,8
58357,58365,58366,1,8
58357,58364,58365,1,7
58357,58366,58367,1,9
57856,57870,58366,496,14
58357,58366,58367,1,9
58357,58366,58367,1,9
58357,58366,58367,1,9
58357,58366,58367,1,9
58357,58366,58367,1,9
58357,58366,58367,1,9
58368,58368,58369,1,0
58368,58368,58369,1,0
58368,58368,58369,1,0
58368,58368,58369,1,0
58368,58368,58369,1,0
58368,58368,58369,1,0
58368,58368,58369,1,0
58368,58368,58369,1,0
58368,58368,58369,1,0
58368,58368,58369,1,0
58368,58368,58369,1,0
58368,58368,58369,1,0
58368,58368,58369,1,0
58368,58368,58369,1,0
58368,58368,58369,1,0
58368,58369,58371,2,1
58368,58369,58371,2,1
58368,58369,58371,2,1
58368,58369,58371,2,1
58368,58369,58371,2,1
58368,58369,58371,2,1
58368,58369,58371,2,1
58368,58369,58371,2,1
58368,58369,58370,1,1
58368,58369,58371,2,1
58368,58369,58371,2,1
58368,58369,58371,2,1
58368,58370,58372,2,2
58368,58370,58372,2,2
58368,58370,58372,2,2
58368,58371,58373,2,3
58368,58371,58373,2,3
58368,58372,58373,1,4
58368,58372,58373,1,4
58368,58372,58373,1,4
58368,58372,58373,1,4
58368,58372,58373,1,4
58368,58372,58373,1,4
58368,58372,58373,1,4
58368,58372,58373,1,4
58368,58372,58374,2,4
58368,58373,58374,1,5
58368,58373,58374,1,5
58357,58374,58375,1,17
58357,58374,58375,1,17
58368,58373,58375,2,5
58368,58373,58375,2,5
58368,58375,58376,1,7
58368,58375,58376,1,7
58368,58375,58376,1,7
58368,58375,58376,1,7
58368,58373,58375,2,5
58368,58375,58376,1,7
58368,58375,58376,1,7
58368,58376,58377,1,8
58368,58376,58377,1,8
58368,58376,58377,1,8
58368,58376,58377,1,8
58368,58375,58377,2,7
58368,58377,58378,1,9
58368,58377,58378,1,9
58368,58376,58377,1,8
58368,58377,58378,1,9
58368,58377,58378,1,9
58368,58377,58378,1,9
58368,58377,58378,1,9
57704,57712,58401,689,8
58405,58405,58406,1,0
58405,58405,58406,1,0
58405,58405,58406,1,0
58405,58405,58406,1,0
58405,58405,58406,1,0
58405,58405,58406,1,0
58405,58405,58406,1,0
58405,58405,58406,1,0
58405,58405,58406,1,0
58405,58406,58407,1,1
58405,58405,58407,2,0
58405,58406,58408,2,1
58405,58406,58408,2,1
58405,58406,58408,2,1
58405,58406,58407,1,1
58405,58406,58407,1,1
58405,58406,58408,2,1
58405,58406,58408,2,1
58405,58406,58407,1,1
58405,58406,58407,1,1
58405,58406,58407,1,1
58405,58407,58408,1,2
58405,58407,58408,1,2
58405,58407,58408,1,2
58405,58406,58408,2,1
58405,58408,58409,1,3
58405,58405,58409,4,0
58405,58408,58410,2,3
58405,58408,58410,2,3
58405,58408,58410,2,3
58405,58408,58410,2,3
58405,58408,58410,2,3
58405,58408,58409,1,3
58405,58408,58409,1,3
58405,58408,58409,1,3
58405,58408,58410,2,3
58405,58408,58410,2,3
58405,58408,58410,2,3
58405,58410,58411,1,5
58405,58410,58411,1,5
58405,58409,58410,1,4
58405,58410,58411,1,5
58405,58410,58411,1,5
58405,58409,58410,1,4
58405,58409,58410,1,4
58405,58410,58411,1,5
58405,58409,58411,2,4
58405,58410,58411,1,5
58405,58410,58411,1,5
58405,58410,58411,1,5
58405,58410,58411,1,5
58405,58410,58411,1,5
58405,58410,58411,1,5
58405,58411,58412,1,6
58405,58411,58412,1,6
58405,58411,58412,1,6
58405,58411,58412,1,6
58405,58411,58412,1,6
58405,58411,58412,1,6
58405,58411,58412,1,6
58405,58411,58412,1,6
58405,58411,58412,1,6
58405,58411,58412,1,6
58405,58412,58413,1,7
58405,58411,58412,1,6
58405,58412,58413,1,7
58405,58412,58413,1,7
58405,58412,58413,1,7
58405,58412,58413,1,7
58405,58412,58413,1,7
58405,58412,58413,1,7
58405,58412,58413,1,7
58405,58412,58413,1,7
58405,58412,58413,1,7
58405,58411,58413,2,6
58405,58412,58413,1,7
58405,58412,58413,1,7
58405,58413,58414,1,8
58405,58413,58414,1,8
58405,58413,58414,1,8
58405,58413,58414,1,8
58405,58413,58414,1,8
58405,58413,58414,1,8
58405,58413,58414,1,8
58405,58413,58414,1,8
58405,58413,58414,1,8
58405,58413,58414,1,8
58405,58413,58414,1,8
58405,58413,58414,1,8
58405,58413,58414,1,8
58405,58414,58418,4,9
57733,57740,58432,692,7
58433,58433,58434,1,0
58433,58433,58434,1,0
58433,58433,58434,1,0
58433,58433,58434,1,0
58433,58433,58434,1,0
58433,58433,58434,1,0
58433,58433,58434,1,0
58433,58433,58434,1,0
58433,58433,58434,1,0
58433,58433,58434,1,0
58433,58433,58435,2,0
58433,58434,58435,1,1
58433,58434,58435,1,1
58433,58433,58435,2,0
58433,58433,58435,2,0
58433,58433,58435,2,0
58433,58433,58435,2,0
57943,57952,58436,484,9
58433,58434,58436,2,1
58433,58434,58436,2,1
58433,58434,58436,2,1
58433,58434,58436,2,1
58433,58435,58436,1,2
58433,58435,58436,1,2
58433,58434,58436,2,1
58433,58434,58436,2,1
58433,58434,58437,3,1
58433,58435,58437,2,2
58433,58436,58437,1,3
58433,58436,58437,1,3
58433,58435,58438,3,2
58433,58436,58438,2,3
58433,58436,58438,2,3
58433,58435,58438,3,2
58433,58437,58438,1,4
58433,58437,58438,1,4
58433,58437,58438,1,4
58433,58437,58438,1,4
58433,58437,58438,1,4
58433,58436,58438,2,3
58433,58437,58438,1,4
58433,58437,58438,1,4
58433,58436,58438,2,3
58433,58435,58439,4,2
58433,58438,58439,1,5
58433,58439,58440,1,6
58433,58439,58440,1,6
58433,58439,58440,1,6
58433,58438,58439,1,5
58433,58438,58439,1,5
58433,58439,58440,1,6
58433,58439,58440,1,6
58433,58438,58440,2,5
58433,58439,58440,1,6
58433,58439,58440,1,6
58433,58439,58440,1,6
58433,58438,58440,2,5
58433,58439,58440,1,6
58433,58439,58440,1,6
58433,58440,58441,1,7
58433,58440,58441,1,7
58433,58440,58441,1,7
58433,58440,58441,1,7
58433,58440,58441,1,7
58433,58440,58441,1,7
58433,58441,58442,1,8
58433,58441,58442,1,8
58433,58441,58442,1,8
58433,58441,58442,1,8
58433,58441,58442,1,8
58433,58442,58443,1,9
58433,58442,58443,1,9
58433,58442,58443,1,9
58433,58442,58443,1,9
58433,58442,58443,1,9
58433,58442,58443,1,9
58437,58442,58443,1,5
58437,58443,58444,1,6
58437,58443,58444,1,6
58437,58443,58444,1,6
58437,58443,58444,1,6
58437,58443,58444,1,6
58437,58443,58444,1,6
58437,58443,58444,1,6
58437,58443,58444,1,6
58437,58444,58445,1,7
58437,58443,58444,1,6
58437,58443,58444,1,6
58437,58444,58445,1,7
58437,58444,58445,1,7
58437,58444,58445,1,7
58437,58444,58445,1,7
58437,58443,58444,1,6
58437,58444,58445,1,7
58437,58444,58445,1,7
58437,58445,58446,1,8
58437,58444,58446,2,7
58437,58444,58445,1,7
58437,58443,58445,2,6
58437,58445,58446,1,8
58437,58445,58446,1,8
58437,58445,58446,1,8
58437,58444,58445,1,7
58437,58444,58445,1,7
58437,58444,58445,1,7
58437,58445,58446,1,8
58437,58445,58446,1,8
58437,58446,58447,1,9
58437,58446,58447,1,9
58437,58445,58446,1,8
58437,58445,58446,1,8
58437,58445,58446,1,8
58437,58446,58447,1,9
58437,58446,58447,1,9
58437,58446,58447,1,9
58437,58446,58447,1,9
58437,58446,58447,1,9
58437,58446,58447,1,9
58437,58446,58447,1,9
58437,58447,58448,1,10
58437,58447,58448,1,10
58437,58446,58448,2,9
58437,58447,58448,1,10
58437,58447,58448,1,10
58437,58446,58447,1,9
58437,58447,58448,1,10
58437,58447,58448,1,10
58437,58447,58448,1,10
58437,58447,58448,1,10
58437,58447,58448,1,10
58437,58447,58448,1,10
58437,58446,58448,2,9
58437,58447,58448,1,10
58437,58446,58448,2,9
58437,58448,58449,1,11
58437,58448,58449,1,11
58437,58447,58448,1,10
58437,58448,58449,1,11
58437,58448,58449,1,11
58437,58448,58449,1,11
58437,58448,58449,1,11
58437,58448,58449,1,11
58437,58448,58449,1,11
58437,58449,58450,1,12
58437,58448,58449,1,11
58437,58449,58450,1,12
58437,58449,58450,1,12
58437,58449,58450,1,12
58437,58448,58449,1,11
58437,58449,58450,1,12
58437,58449,58450,1,12
58437,58449,58450,1,12
58437,58449,58450,1,12
58437,58449,58450,1,12
58437,58449,58450,1,12
58437,58449,58450,1,12
58437,58448,58450,2,11
58437,58450,58451,1,13
58437,58450,58451,1,13
58437,58450,58451,1,13
58437,58450,58451,1,13
58437,58463,58464,1,26
58437,58463,58464,1,26
58036,58042,58528,486,6
58528,58528,58529,1,0
58528,58528,58529,1,0
58528,58528,58529,1,0
58528,58528,58529,1,0
58528,58528,58529,1,0
58528,58528,58529,1,0
58528,58528,58529,1,0
58528,58528,58529,1,0
58528,58528,58529,1,0
58528,58528,58530,2,0
58528,58528,58530,2,0
58528,58528,58530,2,0
58528,58528,58530,2,0
58528,58528,58530,2,0
58528,58528,58530,2,0
58528,58528,58530,2,0
58528,58528,58530,2,0
58528,58530,58531,1,2
58528,58529,58531,2,1
58528,58530,58531,1,2
58528,58530,58531,1,2
58528,58530,58531,1,2
58528,58530,58531,1,2
58528,58530,58531,1,2
58528,58530,58531,1,2
58528,58531,58532,1,3
58528,58531,58532,1,3
58528,58531,58532,1,3
58528,58531,58532,1,3
58528,58532,58533,1,4
58528,58531,58533,2,3
58528,58533,58534,1,5
58528,58533,58534,1,5
58528,58532,58533,1,4
58528,58532,58533,1,4
58528,58532,58533,1,4
58528,58533,58534,1,5
58528,58533,58534,1,5
58528,58534,58535,1,6
58528,58534,58535,1,6
58528,58534,58535,1,6
58528,58534,58535,1,6
58528,58535,58536,1,7
58528,58535,58536,1,7
58528,58534,58535,1,6
58528,58535,58536,1,7
58528,58535,58536,1,7
58528,58535,58536,1,7
58528,58535,58536,1,7
58528,58536,58537,1,8
58528,58536,58537,1,8
58528,58536,58537,1,8
58528,58536,58537,1,8
58528,58536,58537,1,8
57904,57912,58624,712,8
58626,58626,58627,1,0
58626,58626,58627,1,0
58626,58626,58627,1,0
58626,58626,58627,1,0
58626,58626,58627,1,0
58626,58626,58628,2,0
58626,58626,58627,1,0
58626,58626,58627,1,0
58626,58626,58628,2,0
58626,58627,58628,1,1
58626,58627,58628,1,1
58626,58627,58629,2,1
58626,58627,58629,2,1
58626,58627,58628,1,1
58626,58627,58628,1,1
58626,58628,58629,1,2
58626,58627,58628,1,1
58626,58627,58628,1,1
58626,58627,58628,1,1
58626,58627,58628,1,1
58626,58627,58628,1,1
58626,58627,58628,1,1
58626,58628,58629,1,2
58626,58628,58630,2,2
58626,58628,58630,2,2
58626,58627,58629,2,1
58626,58629,58630,1,3
58626,58629,58630,1,3
58626,58629,58630,1,3
58626,58629,58630,1,3
58626,58629,58630,1,3
58626,58629,58630,1,3
58626,58629,58630,1,3
58626,58629,58630,1,3
58626,58629,58630,1,3
58626,58629,58630,1,3
58626,58628,58630,2,2
58626,58628,58630,2,2
58626,58630,58631,1,4
58626,58630,58631,1,4
58626,58629,58630,1,3
58626,58629,58630,1,3
58626,58630,58631,1,4
58626,58630,58631,1,4
58626,58630,58631,1,4
58626,58630,58631,1,4
58626,58630,58631,1,4
58626,58630,58631,1,4
58626,58630,58631,1,4
58626,58630,58631,1,4
58626,58630,58631,1,4
58626,58630,58631,1,4
58626,58631,58632,1,5
58626,58630,58631,1,4
58626,58631,58632,1,5
58626,58631,58632,1,5
58626,58631,58632,1,5
58626,58631,58632,1,5
58626,58631,58632,1,5
58626,58631,58632,1,5
58626,58631,58632,1,5
58626,58631,58632,1,5
58626,58631,58632,1,5
58626,58631,58632,1,5
58626,58631,58633,2,5
58626,58631,58633,2,5
58626,58631,58632,1,5
58626,58632,58633,1,6
58626,58631,58632,1,5
58626,58631,58632,1,5
58626,58632,58633,1,6
58626,58632,58633,1,6
58626,58632,58633,1,6
58626,58632,58633,1,6
58626,58632,58633,1,6
58626,58632,58633,1,6
58626,58632,58633,1,6
58626,58632,58633,1,6
58626,58632,58633,1,6
58626,58632,58633,1,6
58626,58632,58633,1,6
58626,58633,58634,1,7
58626,58633,58634,1,7
58626,58633,58634,1,7
58626,58633,58634,1,7
58626,58633,58634,1,7
58626,58633,58634,1,7
58626,58633,58634,1,7
58626,58633,58634,1,7
58626,58633,58634,1,7
58626,58633,58634,1,7
58626,58633,58634,1,7
58156,58163,58639,476,7
58649,58649,58650,1,0
58649,58649,58650,1,0
58649,58649,58650,1,0
58649,58649,58650,1,0
58649,58649,58650,1,0
58649,58650,58651,1,1
58649,58649,58650,1,0
58649,58650,58651,1,1
58649,58650,58651,1,1
58649,58650,58652,2,1
58649,58650,58651,1,1
58649,58650,58651,1,1
58649,58650,58651,1,1
58649,58650,58652,2,1
58649,58650,58651,1,1
58649,58650,58651,1,1
58649,58650,58651,1,1
58649,58650,58651,1,1
58649,58650,58651,1,1
58649,58651,58652,1,2
58649,58650,58652,2,1
58649,58651,58652,1,2
58649,58651,58652,1,2
58649,58651,58653,2,2
58649,58652,58653,1,3
58649,58652,58653,1,3
58649,58652,58653,1,3
58649,58652,58654,2,3
58649,58652,58653,1,3
58649,58652,58653,1,3
58649,58652,58653,1,3
58649,58653,58654,1,4
58649,58652,58653,1,3
58649,58652,58653,1,3
58649,58652,58653,1,3
58649,58653,58654,1,4
58649,58654,58655,1,5
58649,58653,58654,1,4
58649,58652,58654,2,3
58649,58654,58655,1,5
58649,58652,58654,2,3
58649,58654,58655,1,5
58649,58653,58654,1,4
58649,58654,58655,1,5
58649,58654,58655,1,5
58649,58654,58655,1,5
58649,58654,58655,1,5
58649,58654,58655,1,5
58649,58654,58655,1,5
58649,58654,58655,1,5
58649,58655,58656,1,6
58649,58655,58656,1,6
58649,58655,58656,1,6
58649,58655,58656,1,6
58649,58655,58656,1,6
58649,58655,58656,1,6
58649,58655,58656,1,6
58649,58655,58656,1,6
58649,58655,58656,1,6
58649,58655,58656,1,6
58649,58655,58656,1,6
58649,58655,58656,1,6
58649,58655,58656,1,6
58649,58655,58656,1,6
58649,58655,58656,1,6
58649,58655,58656,1,6
58649,58655,58656,1,6
58649,58656,58657,1,7
58649,58656,58657,1,7
58649,58656,58657,1,7
58649,58656,58657,1,7
58649,58656,58657,1,7
58649,58656,58657,1,7
58649,58656,58657,1,7
58649,58656,58657,1,7
58649,58656,58657,1,7
58649,58656,58657,1,7
58649,58656,58657,1,7
58649,58657,58658,1,8
58649,58657,58658,1,8
58649,58657,58658,1,8
58649,58657,58658,1,8
58649,58657,58658,1,8
58649,58657,58658,1,8
58649,58657,58658,1,8
58649,58657,58658,1,8
57973,57979,58703,724,6
58704,58704,58705,1,0
58704,58704,58705,1,0
58704,58704,58705,1,0
58704,58704,58705,1,0
58704,58704,58705,1,0
58704,58704,58705,1,0
58704,58704,58705,1,0
58704,58704,58705,1,0
58704,58704,58705,1,0
58704,58704,58705,1,0
58704,58704,58705,1,0
58704,58704,58706,2,0
58704,58704,58705,1,0
58704,58704,58706,2,0
58704,58704,58706,2,0
58704,58705,58707,2,1
58704,58705,58707,2,1
58704,58705,58707,2,1
58704,58705,58707,2,1
58704,58705,58707,2,1
58704,58705,58707,2,1
58704,58705,58707,2,1
58704,58705,58707,2,1
58704,58705,58707,2,1
58704,58705,58707,2,1
58704,58705,58707,2,1
58704,58704,58707,3,0
58704,58705,58707,2,1
58704,58707,58708,1,3
58704,58707,58708,1,3
58704,58706,58708,2,2
58704,58707,58708,1,3
58704,58707,58708,1,3
58704,58707,58708,1,3
58704,58707,58708,1,3
58704,58707,58708,1,3
58704,58707,58708,1,3
58704,58706,58709,3,2
58704,58708,58709,1,4
58704,58706,58709,3,2
58704,58709,58710,1,5
58704,58709,58710,1,5
58704,58709,58710,1,5
58704,58709,58710,1,5
58704,58709,58710,1,5
58704,58709,58710,1,5
58704,58709,58710,1,5
58704,58708,58710,2,4
58704,58709,58710,1,5
58704,58708,58710,2,4
58704,58709,58710,1,5
58704,58709,58710,1,5
58704,58710,58711,1,6
58704,58710,58711,1,6
58704,58709,58710,1,5
58704,58709,58711,2,5
58704,58709,58711,2,5
58704,58710,58711,1,6
58704,58711,58712,1,7
58704,58712,58713,1,8
58704,58712,58713,1,8
58704,58712,58713,1,8
58704,58712,58713,1,8
58704,58712,58714,2,8
58017,58018,58739,721,1
58740,58740,58741,1,0
58740,58740,58741,1,0
58740,58740,58741,1,0
58740,58740,58741,1,0
58740,58740,58741,1,0
58740,58740,58741,1,0
58740,58740,58741,1,0
58740,58740,58741,1,0
58740,58740,58741,1,0
58740,58740,58741,1,0
58740,58740,58741,1,0
58740,58740,58742,2,0
58740,58740,58742,2,0
58740,58740,58742,2,0
58740,58741,58742,1,1
58740,58741,58742,1,1
58740,58740,58742,2,0
58740,58742,58743,1,2
58740,58742,58743,1,2
58740,58741,58743,2,1
58740,58742,58743,1,2
58740,58742,58743,1,2
58740,58742,58743,1,2
58740,58742,58743,1,2
58740,58742,58743,1,2
58740,58742,58743,1,2
58740,58742,58744,2,2
58740,58743,58744,1,3
58740,58743,58744,1,3
58740,58743,58744,1,3
58740,58743,58744,1,3
58740,58744,58745,1,4
58740,58744,58745,1,4
58740,58744,58745,1,4
58740,58744,58745,1,4
58740,58744,58745,1,4
58740,58745,58746,1,5
58740,58745,58746,1,5
58740,58745,58746,1,5
58740,58744,58745,1,4
58740,58745,58746,1,5
58740,58745,58746,1,5
58740,58745,58746,1,5
58740,58745,58746,1,5
58740,58745,58746,1,5
58740,58746,58747,1,6
58740,58746,58747,1,6
58740,58746,58747,1,6
58740,58746,58747,1,6
58740,58746,58747,1,6
58740,58746,58747,1,6
58740,58746,58747,1,6
58740,58746,58747,1,6
58740,58746,58747,1,6
58740,58747,58748,1,7
58740,58747,58748,1,7
58740,58747,58748,1,7
58740,58747,58748,1,7
58740,58747,58748,1,7
58740,58747,58748,1,7
58740,58747,58748,1,7
58740,58747,58748,1,7
58740,58747,58748,1,7
58740,58747,58748,1,7
58740,58747,58748,1,7
58740,58747,58748,1,7
57982,57989,58748,759,7
58740,58745,58748,3,5
58740,58747,58748,1,7
58740,58748,58749,1,8
58740,58747,58748,1,7
58740,58747,58748,1,7
58740,58748,58749,1,8
58740,58748,58749,1,8
58740,58748,58749,1,8
58740,58748,58749,1,8
58740,58748,58749,1,8
58001,58018,58750,732,17
58749,58750,58751,1,1
58749,58750,58751,1,1
58749,58750,58751,1,1
58749,58750,58751,1,1
58749,58750,58751,1,1
58740,58751,58752,1,11
58749,58751,58752,1,2
58749,58751,58752,1,2
58749,58751,58752,1,2
58749,58751,58752,1,2
58749,58751,58752,1,2
58749,58751,58752,1,2
58749,58751,58753,2,2
58749,58751,58752,1,2
58749,58751,58752,1,2
58749,58751,58752,1,2
58749,58751,58752,1,2
58749,58752,58753,1,3
58749,58751,58753,2,2
58749,58751,58753,2,2
58749,58753,58754,1,4
58749,58753,58754,1,4
58749,58753,58754,1,4
58749,58753,58754,1,4
58749,58752,58754,2,3
58749,58753,58754,1,4
58749,58753,58754,1,4
58749,58752,58753,1,3
58749,58753,58754,1,4
58749,58753,58754,1,4
58749,58752,58754,2,3
58749,58752,58754,2,3
58749,58753,58754,1,4
58749,58754,58755,1,5
58749,58754,58755,1,5
58749,58754,58755,1,5
58749,58754,58755,1,5
58749,58754,58755,1,5
58749,58753,58754,1,4
58749,58754,58755,1,5
58749,58754,58755,1,5
58749,58754,58755,1,5
58749,58754,58755,1,5
58749,58754,58755,1,5
58749,58754,58755,1,5
58749,58754,58755,1,5
58749,58755,58756,1,6
58749,58755,58756,1,6
58749,58755,58756,1,6
58749,58755,58756,1,6
58749,58755,58756,1,6
58749,58754,58755,1,5
58749,58755,58756,1,6
58749,58755,58756,1,6
58749,58755,58756,1,6
58749,58756,58757,1,7
58749,58755,58756,1,6
58749,58755,58756,1,6
58749,58756,58757,1,7
58749,58756,58757,1,7
58749,58756,58757,1,7
58749,58756,58757,1,7
58749,58756,58757,1,7
58749,58756,58757,1,7
58749,58756,58757,1,7
58749,58756,58757,1,7
58749,58756,58757,1,7
58749,58756,58757,1,7
58749,58756,58757,1,7
58749,58756,58757,1,7
58749,58756,58757,1,7
58749,58756,58757,1,7
58749,58757,58758,1,8
58749,58756,58757,1,7
58749,58757,58758,1,8
58749,58757,58758,1,8
58749,58757,58758,1,8
58749,58757,58758,1,8
58749,58757,58758,1,8
58749,58757,58758,1,8
58749,58757,58758,1,8
58752,58757,58758,1,5
58749,58757,58758,1,8
58749,58757,58758,1,8
58752,58757,58758,1,5
58752,58757,58758,1,5
58752,58757,58758,1,5
58752,58757,58758,1,5
58752,58757,58758,1,5
58752,58758,58759,1,6
58752,58758,58759,1,6
58752,58758,58759,1,6
58752,58758,58759,1,6
58752,58758,58759,1,6
58752,58758,58759,1,6
58752,58758,58759,1,6
58752,58758,58759,1,6
58752,58758,58759,1,6
58752,58758,58759,1,6
58752,58758,58759,1,6
58752,58758,58759,1,6
58752,58758,58760,2,6
58752,58758,58760,2,6
58752,58759,58760,1,7
58752,58759,58760,1,7
58752,58759,58760,1,7
58752,58758,58760,2,6
58752,58758,58760,2,6
58752,58758,58760,2,6
58752,58759,58761,2,7
58752,58759,58761,2,7
58752,58760,58761,1,8
58752,58759,58761,2,7
58752,58760,58761,1,8
58752,58759,58760,1,7
58752,58760,58761,1,8
58752,58760,58761,1,8
58752,58760,58761,1,8
58752,58760,58761,1,8
58752,58760,58761,1,8
58752,58760,58761,1,8
58752,58759,58761,2,7
58752,58759,58761,2,7
58752,58761,58762,1,9
58752,58760,58761,1,8
58752,58761,58762,1,9
58752,58760,58761,1,8
58752,58760,58761,1,8
58752,58761,58762,1,9
58752,58761,58762,1,9
58752,58761,58762,1,9
58752,58761,58762,1,9
58752,58761,58762,1,9
58752,58761,58762,1,9
58752,58761,58762,1,9
58752,58762,58763,1,10
58752,58762,58763,1,10
58752,58762,58763,1,10
58752,58762,58763,1,10
58752,58762,58763,1,10
58752,58762,58763,1,10
58752,58762,58763,1,10
58752,58762,58763,1,10
58752,58762,58763,1,10
58752,58762,58763,1,10
58752,58762,58763,1,10
58752,58763,58764,1,11
58752,58764,58765,1,12
58752,58764,58765,1,12
58752,58764,58765,1,12
58752,58764,58765,1,12
58752,58764,58765,1,12
58752,58764,58765,1,12
58752,58765,58766,1,13
58752,58765,58766,1,13
58071,58080,58780,700,9
58283,58289,58782,493,6
58785,58785,58786,1,0
58785,58785,58786,1,0
58785,58785,58786,1,0
58785,58785,58786,1,0
58785,58785,58786,1,0
58785,58785,58786,1,0
58785,58785,58786,1,0
58785,58786,58787,1,1
58785,58785,58787,2,0
58785,58785,58786,1,0
58785,58785,58786,1,0
58785,58785,58786,1,0
58785,58785,58787,2,0
58785,58785,58786,1,0
58785,58785,58788,3,0
58785,58786,58788,2,1
58785,58786,58788,2,1
58785,58786,58788,2,1
58785,58785,58788,3,0
58785,58786,58788,2,1
58785,58787,58789,2,2
58785,58786,58789,3,1
58785,58787,58789,2,2
58785,58787,58789,2,2
58785,58788,58789,1,3
58785,58788,58789,1,3
58785,58788,58789,1,3
58785,58786,58788,2,1
58785,58786,58788,2,1
58785,58788,58789,1,3
58785,58786,58789,3,1
58785,58787,58788,1,2
58785,58786,58788,2,1
58785,58787,58788,1,2
58785,58788,58789,1,3
58785,58787,58789,2,2
58785,58789,58790,1,4
58785,58787,58789,2,2
58785,58789,58790,1,4
58785,58789,58790,1,4
58785,58789,58790,1,4
58785,58789,58790,1,4
58785,58789,58790,1,4
58785,58789,58790,1,4
58785,58789,58790,1,4
58785,58789,58790,1,4
58785,58789,58790,1,4
58785,58789,58790,1,4
58785,58789,58790,1,4
58785,58789,58790,1,4
58785,58789,58790,1,4
58785,58789,58790,1,4
58785,58790,58791,1,5
58785,58790,58791,1,5
58785,58790,58791,1,5
58785,58789,58790,1,4
58785,58790,58791,1,5
58785,58790,58791,1,5
58785,58790,58791,1,5
58785,58790,58791,1,5
58785,58790,58791,1,5
58785,58790,58791,1,5
58785,58790,58791,1,5
58785,58790,58791,1,5
58785,58790,58791,1,5
58785,58790,58791,1,5
58785,58791,58792,1,6
58785,58791,58792,1,6
58785,58791,58792,1,6
58785,58791,58792,1,6
58785,58791,58792,1,6
58785,58791,58792,1,6
58785,58791,58792,1,6
58785,58791,58792,1,6
58785,58791,58792,1,6
58785,58791,58792,1,6
58785,58790,58791,1,5
58785,58791,58792,1,6
58785,58791,58792,1,6
58785,58791,58792,1,6
58785,58791,58792,1,6
58785,58792,58793,1,7
58785,58792,58793,1,7
58785,58792,58793,1,7
58785,58791,58793,2,6
58785,58792,58793,1,7
58785,58792,58793,1,7
58785,58792,58793,1,7
58785,58791,58792,1,6
58785,58792,58793,1,7
58785,58792,58793,1,7
58785,58790,58793,3,5
58785,58793,58794,1,8
58785,58793,58794,1,8
58785,58793,58794,1,8
58785,58793,58794,1,8
58785,58794,58795,1,9
58785,58793,58794,1,8
58785,58794,58795,1,9
58785,58795,58796,1,10
58785,58795,58796,1,10
58785,58795,58796,1,10
58785,58795,58796,1,10
58785,58795,58796,1,10
58785,58795,58797,2,10
58785,58795,58797,2,10
58785,58795,58796,1,10
58785,58794,58797,3,9
58785,58794,58796,2,9
58785,58796,58797,1,11
58785,58796,58797,1,11
58785,58794,58797,3,9
58785,58794,58797,3,9
58785,58795,58797,2,10
58785,58796,58797,1,11
58785,58795,58797,2,10
58785,58796,58798,2,11
58785,58797,58798,1,12
58785,58797,58798,1,12
58785,58797,58798,1,12
58785,58797,58798,1,12
58785,58797,58798,1,12
58785,58797,58798,1,12
58785,58797,58798,1,12
58785,58797,58798,1,12
58785,58797,58799,2,12
58785,58797,58799,2,12
58785,58797,58799,2,12
58785,58798,58799,1,13
58785,58798,58799,1,13
58785,58798,58799,1,13
58785,58798,58799,1,13
58785,58798,58799,1,13
58785,58798,58799,1,13
58785,58799,58800,1,14
58785,58799,58800,1,14
58785,58799,58800,1,14
58785,58799,58800,1,14
58785,58799,58800,1,14
58785,58799,58800,1,14
58785,58799,58800,1,14
58785,58799,58800,1,14
58785,58799,58801,2,14
58785,58799,58801,2,14
58785,58800,58801,1,15
58785,58800,58801,1,15
58785,58800,58801,1,15
58785,58800,58801,1,15
58785,58800,58801,1,15
58785,58801,58802,1,16
58785,58801,58802,1,16
58785,58801,58802,1,16
58785,58801,58802,1,16
58785,58801,58802,1,16
58785,58800,58801,1,15
58785,58801,58802,1,16
58785,58800,58801,1,15
58785,58801,58802,1,16
58785,58801,58802,1,16
58785,58801,58802,1,16
58785,58802,58803,1,17
58785,58802,58803,1,17
58785,58802,58803,1,17
58785,58802,58803,1,17
58785,58802,58803,1,17
58785,58802,58803,1,17
58785,58802,58803,1,17
58785,58802,58803,1,17
58785,58802,58803,1,17
58785,58803,58804,1,18
58785,58797,58806,9,12
58369,58378,58859,481,9
58860,58860,58861,1,0
58860,58860,58861,1,0
58860,58860,58861,1,0
58860,58860,58861,1,0
58860,58860,58861,1,0
58860,58860,58861,1,0
58132,58145,58860,715,13
58860,58860,58861,1,0
58860,58860,58861,1,0
58860,58860,58861,1,0
58860,58860,58861,1,0
58860,58860,58861,1,0
58860,58860,58861,1,0
58860,58861,58862,1,1
58860,58860,58861,1,0
58860,58861,58862,1,1
58860,58861,58862,1,1
58860,58861,58862,1,1
58860,58860,58861,1,0
58860,58861,58862,1,1
58860,58861,58862,1,1
58860,58861,58862,1,1
58860,58861,58863,2,1
58860,58861,58863,2,1
58860,58861,58863,2,1
58860,58861,58863,2,1
58860,58861,58863,2,1
58860,58861,58863,2,1
58860,58862,58863,1,2
58860,58862,58863,1,2
58860,58862,58863,1,2
58860,58862,58863,1,2
58860,58862,58864,2,2
58860,58862,58863,1,2
58860,58862,58864,2,2
58860,58863,58864,1,3
58860,58863,58864,1,3
58860,58863,58864,1,3
58860,58862,58864,2,2
58860,58863,58864,1,3
58860,58863,58864,1,3
58860,58860,58864,4,0
58860,58864,58865,1,4
58860,58863,58865,2,3
58860,58863,58865,2,3
58860,58863,58864,1,3
58860,58864,58865,1,4
58860,58863,58865,2,3
58860,58863,58865,2,3
58860,58863,58865,2,3
58860,58863,58865,2,3
58860,58864,58865,1,4
58860,58864,58865,1,4
58860,58864,58865,1,4
58860,58864,58865,1,4
58860,58865,58866,1,5
58860,58864,58865,1,4
58860,58865,58866,1,5
58860,58865,58866,1,5
58860,58865,58866,1,5
58860,58865,58866,1,5
58860,58864,58865,1,4
58860,58865,58866,1,5
58860,58865,58866,1,5
58860,58864,58866,2,4
58860,58864,58866,2,4
58860,58866,58867,1,6
58860,58866,58867,1,6
58860,58866,58867,1,6
58860,58867,58868,1,7
58860,58867,58868,1,7
58860,58866,58867,1,6
58860,58867,58868,1,7
58860,58867,58868,1,7
58860,58866,58868,2,6
58860,58866,58867,1,6
58860,58866,58868,2,6
58860,58866,58868,2,6
58860,58866,58868,2,6
58860,58867,58868,1,7
58860,58868,58869,1,8
58860,58868,58869,1,8
58860,58867,58868,1,7
58860,58868,58869,1,8
58862,58868,58869,1,6
58862,58868,58869,1,6
58860,58868,58869,1,8
58862,58869,58870,1,7
58862,58869,58870,1,7
58862,58870,58871,1,8
58862,58869,58871,2,7
58862,58869,58871,2,7
58862,58870,58871,1,8
58862,58870,58872,2,8
58862,58870,58871,1,8
58862,58870,58871,1,8
58862,58870,58872,2,8
58862,58870,58871,1,8
58862,58870,58871,1,8
58862,58870,58871,1,8
58862,58870,58871,1,8
58862,58870,58871,1,8
58862,58871,58872,1,9
58862,58870,58872,2,8
58862,58870,58872,2,8
58862,58871,58872,1,9
58862,58872,58873,1,10
58862,58872,58873,1,10
58862,58871,58872,1,9
58862,58872,58873,1,10
58862,58872,58873,1,10
58862,58872,58873,1,10
58862,58872,58873,1,10
58862,58872,58873,1,10
58862,58872,58873,1,10
58862,58873,58874,1,11
58862,58872,58873,1,10
58862,58873,58874,1,11
58862,58873,58874,1,11
58862,58873,58874,1,11
58862,58873,58874,1,11
58862,58873,58874,1,11
58862,58873,58874,1,11
58860,58865,58873,8,5
58862,58873,58874,1,11
58862,58873,58874,1,11
58862,58873,58874,1,11
58862,58873,58874,1,11
58862,58873,58874,1,11
58862,58874,58875,1,12
58862,58874,58875,1,12
58862,58874,58875,1,12
58862,58874,58875,1,12
58862,58874,58875,1,12
58862,58874,58875,1,12
58862,58874,58875,1,12
58862,58874,58875,1,12
58862,58874,58875,1,12
58862,58874,58875,1,12
58862,58874,58875,1,12
58862,58874,58875,1,12
58862,58875,58876,1,13
58862,58875,58876,1,13
58862,58875,58876,1,13
58862,58875,58876,1,13
58862,58875,58876,1,13
58862,58875,58876,1,13
58862,58875,58876,1,13
58862,58875,58876,1,13
58862,58875,58876,1,13
58862,58875,58876,1,13
58862,58876,58877,1,14
58862,58876,58877,1,14
58862,58875,58876,1,13
58862,58876,58877,1,14
58862,58876,58877,1,14
58131,58137,58899,762,6
58907,58907,58908,1,0
58907,58907,58908,1,0
58907,58907,58908,1,0
58907,58907,58908,1,0
58907,58907,58908,1,0
58907,58907,58908,1,0
58907,58907,58908,1,0
58907,58907,58908,1,0
58907,58907,58908,1,0
58907,58907,58908,1,0
58907,58907,58908,1,0
58907,58907,58908,1,0
58907,58907,58909,2,0
58907,58907,58908,1,0
58907,58907,58909,2,0
58907,58908,58910,2,1
58907,58908,58910,2,1
58907,58908,58910,2,1
58907,58908,58910,2,1
58907,58908,58910,2,1
58907,58908,58910,2,1
58907,58908,58910,2,1
58907,58907,58910,3,0
58907,58907,58910,3,0
58907,58908,58910,2,1
58907,58910,58911,1,3
58907,58910,58911,1,3
58907,58909,58911,2,2
58907,58908,58910,2,1
58907,58909,58910,1,2
58907,58909,58910,1,2
58907,58909,58912,3,2
58907,58909,58911,2,2
58907,58910,58912,2,3
58907,58911,58912,1,4
58907,58911,58912,1,4
58907,58910,58912,2,3
58907,58910,58912,2,3
58907,58910,58912,2,3
58907,58912,58913,1,5
58907,58910,58912,2,3
58907,58911,58913,2,4
58907,58912,58913,1,5
58907,58913,58914,1,6
58907,58912,58913,1,5
58907,58914,58915,1,7
58907,58914,58915,1,7
58907,58914,58915,1,7
58907,58914,58915,1,7
58907,58914,58915,1,7
58907,58914,58915,1,7
58907,58915,58916,1,8
58907,58916,58917,1,9
58907,58916,58917,1,9
58907,58916,58917,1,9
58907,58916,58917,1,9
58907,58910,58915,5,3
58907,58919,58920,1,12
58232,58241,58961,720,9
58962,58962,58963,1,0
58962,58962,58963,1,0
58962,58962,58963,1,0
58962,58962,58963,1,0
58962,58962,58963,1,0
58962,58962,58963,1,0
58962,58962,58963,1,0
58962,58962,58964,2,0
58962,58962,58963,1,0
58962,58962,58963,1,0
58962,58962,58963,1,0
58962,58963,58964,1,1
58962,58962,58964,2,0
58962,58962,58964,2,0
58962,58963,58964,1,1
58962,58963,58964,1,1
58962,58963,58964,1,1
58962,58963,58965,2,1
58962,58963,58965,2,1
58962,58963,58965,2,1
58962,58963,58965,2,1
58962,58964,58966,2,2
58962,58963,58965,2,1
58962,58963,58965,2,1
58962,58964,58966,2,2
58962,58964,58966,2,2
58962,58965,58966,1,3
58962,58964,58967,3,2
58962,58965,58967,2,3
58962,58965,58966,1,3
58962,58965,58966,1,3
58962,58965,58967,2,3
58962,58965,58967,2,3
58962,58964,58967,3,2
58962,58965,58967,2,3
58962,58965,58967,2,3
58962,58966,58968,2,4
58962,58966,58968,2,4
58962,58966,58968,2,4
58962,58966,58968,2,4
58962,58966,58967,1,4
58962,58966,58968,2,4
58962,58966,58968,2,4
58962,58967,58968,1,5
58962,58967,58969,2,5
58962,58967,58968,1,5
58962,58967,58968,1,5
58962,58968,58969,1,6
58962,58968,58969,1,6
58962,58967,58968,1,5
58962,58968,58969,1,6
58962,58967,58968,1,5
58962,58967,58968,1,5
58962,58968,58969,1,6
58962,58968,58969,1,6
58962,58969,58970,1,7
58962,58968,58970,2,6
58962,58969,58970,1,7
58962,58968,58970,2,6
58962,58968,58970,2,6
58962,58969,58970,1,7
58962,58969,58970,1,7
58962,58968,58969,1,6
58962,58968,58969,1,6
58962,58969,58970,1,7
58962,58969,58970,1,7
58962,58969,58970,1,7
58962,58969,58970,1,7
58962,58969,58970,1,7
58962,58969,58970,1,7
58962,58969,58970,1,7
58962,58970,58971,1,8
58962,58970,58971,1,8
58962,58970,58971,1,8
58962,58970,58971,1,8
58962,58970,58971,1,8
58962,58970,58971,1,8
58962,58970,58971,1,8
58962,58970,58971,1,8
58962,58970,58971,1,8
58962,58970,58971,1,8
58962,58969,58970,1,7
58962,58970,58971,1,8
58962,58970,58971,1,8
58962,58970,58971,1,8
58962,58970,58971,1,8
58962,58970,58971,1,8
58962,58971,58972,1,9
58962,58971,58972,1,9
58962,58970,58971,1,8
58962,58971,58972,1,9
58962,58971,58972,1,9
58962,58971,58972,1,9
58962,58971,58972,1,9
58962,58971,58972,1,9
58257,58265,58997,732,8
58998,58998,58999,1,0
58998,58998,58999,1,0
58998,58998,58999,1,0
58998,58998,58999,1,0
58998,58998,58999,1,0
58998,58998,58999,1,0
58998,58998,58999,1,0
58998,58998,58999,1,0
58998,58998,58999,1,0
58998,58998,59000,2,0
58998,58998,58999,1,0
58998,58998,58999,1,0
58998,58998,59000,2,0
58998,58998,59000,2,0
58998,58998,58999,1,0
58998,58999,59001,2,1
58998,58998,59001,3,0
58998,58999,59001,2,1
58998,58999,59001,2,1
58998,58998,59001,3,0
58998,58999,59001,2,1
58998,59000,59002,2,2
58998,59000,59002,2,2
58998,58999,59002,3,1
58998,59000,59002,2,2
58998,59000,59002,2,2
58998,58999,59002,3,1
58998,58999,59001,2,1
58998,59000,59002,2,2
58998,58999,59001,2,1
58998,58999,59002,3,1
58998,59001,59003,2,3
58998,59001,59003,2,3
58998,59001,59003,2,3
58998,59000,59002,2,2
58998,59001,59003,2,3
58998,59002,59004,2,4
58998,59002,59004,2,4
58998,59002,59004,2,4
58998,59002,59004,2,4
58998,59002,59004,2,4
58998,59003,59004,1,5
58998,59003,59004,1,5
58998,59003,59004,1,5
58998,59003,59004,1,5
58998,59003,59005,2,5
58998,59003,59005,2,5
58998,59004,59005,1,6
58998,59002,59005,3,4
58998,59004,59005,1,6
58998,59003,59005,2,5
58998,59004,59005,1,6
58998,59005,59006,1,7
58998,59005,59006,1,7
58998,59005,59006,1,7
58998,59005,59006,1,7
58998,59005,59006,1,7
58998,59005,59006,1,7
58998,59005,59006,1,7
58998,59005,59006,1,7
58998,59005,59006,1,7
58998,59005,59006,1,7
58998,59007,59008,1,9
58998,59007,59008,1,9
58998,59007,59008,1,9
58998,59008,59009,1,10
58998,59008,59009,1,10
58998,59008,59009,1,10
58998,59008,59009,1,10
58998,59001,59014,13,3
58318,58331,59038,707,13
59039,59039,59040,1,0
59039,59039,59040,1,0
59039,59039,59040,1,0
59039,59039,59040,1,0
59039,59039,59040,1,0
59039,59039,59040,1,0
59039,59039,59040,1,0
59039,59039,59040,1,0
59039,59039,59040,1,0
59039,59039,59040,1,0
59039,59039,59040,1,0
59039,59039,59040,1,0
59039,59039,59040,1,0
59039,59039,59040,1,0
59039,59039,59040,1,0
59039,59039,59040,1,0
59039,59039,59041,2,0
59039,59040,59041,1,1
59039,59040,59041,1,1
59039,59040,59041,1,1
59039,59040,59041,1,1
59039,59040,59042,2,1
59039,59040,59042,2,1
59039,59040,59042,2,1
59039,59040,59042,2,1
59039,59040,59042,2,1
59039,59040,59042,2,1
59039,59040,59043,3,1
59039,59040,59042,2,1
59039,59041,59043,2,2
59039,59040,59042,2,1
59039,59040,59042,2,1
59039,59040,59042,2,1
59039,59041,59043,2,2
59039,59042,59044,2,3
59039,59042,59044,2,3
59039,59042,59043,1,3
59039,59042,59043,1,3
59039,59042,59044,2,3
59039,59042,59044,2,3
59039,59042,59043,1,3
59039,59042,59044,2,3
59039,59042,59044,2,3
59039,59043,59044,1,4
59039,59043,59045,2,4
59039,59044,59045,1,5
59039,59044,59045,1,5
59039,59044,59045,1,5
59039,59043,59045,2,4
59039,59043,59045,2,4
59039,59043,59045,2,4
59039,59043,59044,1,4
59039,59043,59045,2,4
59039,59043,59044,1,4
59039,59044,59045,1,5
59039,59045,59046,1,6
59039,59045,59046,1,6
59039,59044,59046,2,5
59039,59044,59046,2,5
59039,59045,59046,1,6
59039,59044,59046,2,5
59039,59044,59046,2,5
59039,59044,59045,1,5
59039,59045,59046,1,6
59039,59045,59046,1,6
59039,59045,59047,2,6
59039,59046,59047,1,7
59039,59046,59047,1,7
59039,59045,59046,1,6
59039,59046,59047,1,7
59039,59045,59047,2,6
59039,59045,59046,1,6
59039,59045,59047,2,6
59039,59046,59047,1,7
59039,59046,59047,1,7
59039,59045,59047,2,6
59039,59047,59048,1,8
59039,59047,59048,1,8
59039,59047,59048,1,8
59039,59047,59048,1,8
59039,59047,59048,1,8
59039,59047,59048,1,8
59039,59047,59048,1,8
59039,59047,59048,1,8
59039,59046,59047,1,7
59039,59047,59048,1,8
59039,59047,59048,1,8
59039,59047,59048,1,8
59039,59047,59048,1,8
59039,59047,59048,1,8
59039,59048,59049,1,9
59039,59048,59049,1,9
59039,59048,59049,1,9
59039,59048,59049,1,9
59039,59047,59048,1,8
59039,59048,59049,1,9
58358,58366,59087,721,8
58312,58320,59088,768,8
59089,59089,59090,1,0
59089,59089,59090,1,0
59089,59089,59090,1,0
59089,59089,59090,1,0
59089,59089,59090,1,0
59089,59089,59090,1,0
59089,59089,59090,1,0
59089,59090,59091,1,1
59089,59090,59091,1,1
59089,59090,59091,1,1
59089,59090,59091,1,1
59089,59090,59091,1,1
59089,59090,59091,1,1
59089,59090,59091,1,1
59089,59090,59091,1,1
59089,59090,59091,1,1
59089,59090,59091,1,1
59089,59090,59091,1,1
59089,59090,59091,1,1
59089,59090,59091,1,1
59089,59090,59091,1,1
59089,59090,59091,1,1
59089,59092,59093,1,3
59089,59091,59092,1,2
59089,59091,59092,1,2
59089,59091,59092,1,2
59089,59092,59093,1,3
59089,59092,59093,1,3
59089,59093,59094,1,4
59089,59092,59093,1,3
59089,59092,59093,1,3
59089,59092,59093,1,3
59089,59092,59093,1,3
59089,59092,59093,1,3
59089,59092,59093,1,3
59089,59092,59093,1,3
59089,59092,59093,1,3
59089,59092,59093,1,3
59089,59092,59093,1,3
59089,59092,59093,1,3
59089,59092,59093,1,3
59089,59093,59094,1,4
59089,59093,59094,1,4
59089,59094,59095,1,5
59089,59093,59095,2,4
59089,59094,59095,1,5
59089,59094,59095,1,5
59089,59094,59095,1,5
59089,59094,59095,1,5
59089,59094,59095,1,5
59089,59094,59095,1,5
59089,59094,59095,1,5
59089,59094,59095,1,5
59089,59095,59096,1,6
59089,59094,59095,1,5
59089,59094,59095,1,5
59089,59094,59095,1,5
59089,59094,59095,1,5
59089,59095,59096,1,6
59089,59095,59096,1,6
59089,59094,59095,1,5
59089,59094,59095,1,5
59089,59095,59096,1,6
59089,59096,59097,1,7
59089,59096,59097,1,7
59089,59096,59097,1,7
59089,59096,59097,1,7
59089,59096,59097,1,7
59089,59096,59097,1,7
59089,59096,59097,1,7
59089,59096,59097,1,7
59089,59096,59097,1,7
59089,59096,59097,1,7
59089,59096,59097,1,7
59089,59096,59097,1,7
59089,59096,59097,1,7
59089,59097,59098,1,8
59089,59097,59098,1,8
59089,59097,59098,1,8
59089,59097,59098,1,8
59089,59097,59098,1,8
59089,59097,59098,1,8
59089,59096,59097,1,7
59089,59096,59097,1,7
59089,59096,59097,1,7
59089,59097,59098,1,8
59090,59097,59098,1,7
59090,59097,59098,1,7
59090,59097,59098,1,7
59089,59096,59097,1,7
59090,59097,59098,1,7
59090,59098,59099,1,8
59090,59098,59099,1,8
59090,59098,59099,1,8
59090,59098,59099,1,8
59090,59098,59099,1,8
59089,59097,59098,1,8
59090,59098,59099,1,8
59090,59098,59099,1,8
59090,59098,59099,1,8
59090,59098,59099,1,8
59090,59098,59099,1,8
59090,59097,59100,3,7
59090,59098,59100,2,8
59090,59098,59100,2,8
59090,59098,59100,2,8
59090,59099,59101,2,9
59090,59099,59101,2,9
59090,59099,59101,2,9
59090,59099,59101,2,9
59090,59099,59101,2,9
59090,59099,59101,2,9
59090,59099,59101,2,9
59090,59099,59101,2,9
59090,59099,59101,2,9
59090,59099,59101,2,9
59090,59098,59101,3,8
59090,59098,59101,3,8
59090,59100,59102,2,10
59090,59101,59102,1,11
59090,59101,59102,1,11
59090,59101,59103,2,11
59090,59101,59102,1,11
59090,59101,59103,2,11
59090,59101,59103,2,11
59090,59101,59103,2,11
59090,59101,59103,2,11
59090,59101,59103,2,11
59090,59101,59103,2,11
59090,59102,59103,1,12
59090,59102,59103,1,12
59090,59102,59103,1,12
59090,59102,59103,1,12
59090,59101,59103,2,11
59090,59102,59103,1,12
59090,59103,59104,1,13
59090,59103,59104,1,13
59090,59103,59104,1,13
59090,59103,59104,1,13
59090,59103,59104,1,13
59090,59103,59104,1,13
59090,59103,59104,1,13
59090,59103,59105,2,13
59090,59103,59105,2,13
59090,59103,59105,2,13
59090,59103,59105,2,13
59090,59104,59105,1,14
59090,59104,59105,1,14
59090,59104,59105,1,14
59090,59104,59105,1,14
59090,59104,59105,1,14
59090,59104,59105,1,14
59090,59105,59106,1,15
59090,59105,59106,1,15
59090,59105,59106,1,15
59090,59105,59106,1,15
59090,59106,59107,1,16
59090,59105,59106,1,15
59090,59106,59107,1,16
59090,59105,59106,1,15
59090,59105,59106,1,15
59090,59106,59107,1,16
59090,59105,59106,1,15
59090,59105,59106,1,15
59090,59106,59107,1,16
59090,59106,59107,1,16
59090,59106,59107,1,16
59090,59106,59107,1,16
59090,59107,59108,1,17
59090,59107,59108,1,17
59090,59107,59108,1,17
59090,59107,59108,1,17
59090,59106,59107,1,16
59090,59106,59107,1,16
59090,59107,59108,1,17
59090,59107,59108,1,17
59090,59107,59108,1,17
58627,58633,59125,492,6
59134,59134,59135,1,0
59134,59134,59135,1,0
59134,59134,59135,1,0
59134,59134,59135,1,0
59134,59134,59135,1,0
59134,59134,59135,1,0
59134,59134,59135,1,0
59134,59134,59135,1,0
59134,59134,59135,1,0
59134,59134,59135,1,0
59134,59135,59136,1,1
59134,59135,59136,1,1
59134,59134,59135,1,0
59134,59134,59135,1,0
59134,59134,59135,1,0
59134,59135,59136,1,1
59134,59135,59136,1,1
59134,59135,59136,1,1
59134,59136,59137,1,2
59134,59135,59136,1,1
59134,59135,59137,2,1
59134,59135,59136,1,1
59134,59135,59136,1,1
59134,59135,59137,2,1
59134,59135,59136,1,1
59134,59136,59137,1,2
59134,59135,59136,1,1
59134,59135,59136,1,1
59134,59135,59136,1,1
59134,59137,59138,1,3
59134,59137,59138,1,3
59134,59137,59138,1,3
59134,59137,59138,1,3
59134,59137,59138,1,3
59134,59136,59137,1,2
59134,59136,59137,1,2
59134,59136,59137,1,2
59134,59136,59137,1,2
59134,59136,59137,1,2
59134,59136,59137,1,2
59134,59138,59139,1,4
59134,59138,59139,1,4
59134,59137,59138,1,3
59134,59137,59138,1,3
59134,59138,59139,1,4
59134,59138,59139,1,4
59134,59137,59138,1,3
59134,59138,59139,1,4
59134,59137,59138,1,3
59134,59138,59139,1,4
59134,59138,59139,1,4
59134,59137,59138,1,3
59134,59137,59138,1,3
59134,59138,59139,1,4
59134,59138,59139,1,4
59134,59138,59139,1,4
59134,59139,59140,1,5
59134,59139,59140,1,5
59134,59139,59140,1,5
59134,59139,59140,1,5
59134,59139,59140,1,5
59134,59139,59140,1,5
59134,59139,59140,1,5
59134,59139,59140,1,5
59134,59139,59140,1,5
59134,59139,59140,1,5
59134,59138,59139,1,4
59134,59139,59140,1,5
59134,59139,59140,1,5
59134,59140,59141,1,6
59134,59140,59141,1,6
59134,59140,59141,1,6
59134,59140,59141,1,6
59134,59140,59141,1,6
59134,59140,59141,1,6
59134,59140,59141,1,6
59134,59140,59141,1,6
59134,59139,59141,2,5
59134,59139,59141,2,5
59134,59140,59141,1,6
59134,59139,59141,2,5
59134,59141,59142,1,7
59134,59141,59142,1,7
59134,59141,59142,1,7
59134,59141,59142,1,7
59134,59141,59142,1,7
59134,59141,59142,1,7
59134,59141,59142,1,7
59134,59141,59142,1,7
59134,59141,59142,1,7
59134,59141,59142,1,7
59134,59141,59142,1,7
59134,59142,59143,1,8
58406,58414,59154,740,8
58435,58442,59156,714,7
59160,59160,59161,1,0
59160,59160,59161,1,0
58438,58450,59161,711,12
59160,59161,59162,1,1
59160,59161,59162,1,1
59160,59161,59162,1,1
59160,59162,59163,1,2
59160,59161,59162,1,1
59160,59162,59163,1,2
59160,59162,59163,1,2
59160,59162,59163,1,2
59160,59162,59163,1,2
59160,59163,59164,1,3
59160,59162,59163,1,2
59160,59162,59163,1,2
59160,59162,59163,1,2
59160,59162,59163,1,2
59160,59162,59163,1,2
59160,59162,59163,1,2
59160,59163,59164,1,3
59160,59162,59163,1,2
59160,59161,59164,3,1
59160,59163,59164,1,3
59160,59163,59164,1,3
59160,59163,59164,1,3
59160,59164,59165,1,4
59160,59164,59165,1,4
59160,59164,59165,1,4
59160,59164,59165,1,4
59160,59163,59164,1,3
59160,59163,59164,1,3
59160,59164,59165,1,4
59160,59163,59164,1,3
59160,59163,59164,1,3
59160,59164,59165,1,4
59160,59165,59166,1,5
59160,59164,59165,1,4
59160,59164,59165,1,4
59160,59164,59165,1,4
59160,59164,59165,1,4
59160,59165,59166,1,5
59160,59165,59166,1,5
59160,59165,59166,1,5
59160,59165,59166,1,5
59160,59165,59166,1,5
59160,59165,59166,1,5
59160,59165,59166,1,5
59160,59166,59167,1,6
59160,59166,59167,1,6
59160,59166,59167,1,6
59160,59166,59167,1,6
59160,59166,59167,1,6
59160,59166,59167,1,6
59160,59166,59167,1,6
59160,59166,59167,1,6
59160,59166,59167,1,6
59160,59166,59167,1,6
59160,59166,59167,1,6
59160,59165,59166,1,5
59160,59165,59166,1,5
59160,59166,59167,1,6
59160,59166,59167,1,6
59160,59167,59168,1,7
59160,59167,59168,1,7
59160,59167,59168,1,7
59160,59167,59168,1,7
59160,59167,59168,1,7
59160,59167,59168,1,7
59160,59167,59168,1,7
59160,59167,59168,1,7
59160,59167,59168,1,7
59160,59167,59168,1,7
59160,59167,59168,1,7
59160,59167,59168,1,7
59160,59167,59168,1,7
59162,59168,59169,1,6
59162,59168,59169,1,6
59162,59168,59169,1,6
59162,59167,59168,1,5
59162,59168,59169,1,6
59162,59168,59169,1,6
59162,59168,59169,1,6
59162,59168,59169,1,6
59162,59168,59169,1,6
59162,59168,59169,1,6
59162,59168,59169,1,6
59160,59165,59169,4,5
59162,59169,59170,1,7
59162,59169,59170,1,7
59162,59169,59170,1,7
59162,59169,59170,1,7
59162,59168,59169,1,6
59162,59170,59171,1,8
59162,59169,59170,1,7
59162,59169,59170,1,7
59162,59170,59171,1,8
59162,59169,59170,1,7
59162,59169,59170,1,7
59162,59169,59171,2,7
59162,59169,59171,2,7
59162,59169,59171,2,7
59162,59169,59171,2,7
59162,59169,59171,2,7
59162,59169,59171,2,7
59162,59169,59171,2,7
59162,59169,59171,2,7
59162,59170,59171,1,8
59162,59170,59171,1,8
59162,59171,59172,1,9
59162,59171,59172,1,9
59162,59171,59172,1,9
59162,59170,59172,2,8
59162,59171,59172,1,9
59162,59171,59172,1,9
59162,59171,59172,1,9
59162,59171,59172,1,9
59162,59171,59172,1,9
59162,59172,59173,1,10
59162,59171,59172,1,9
59162,59171,59172,1,9
59162,59172,59173,1,10
59162,59172,59173,1,10
59162,59173,59174,1,11
59162,59173,59174,1,11
59162,59173,59174,1,11
59162,59173,59174,1,11
59162,59172,59173,1,10
59162,59172,59174,2,10
59162,59172,59174,2,10
59162,59172,59174,2,10
59162,59173,59174,1,11
59162,59173,59174,1,11
59162,59173,59174,1,11
59162,59173,59174,1,11
59162,59173,59174,1,11
59162,59173,59174,1,11
59162,59173,59174,1,11
59162,59174,59175,1,12
59162,59174,59175,1,12
59162,59173,59174,1,11
59162,59173,59174,1,11
59162,59174,59175,1,12
59162,59174,59175,1,12
59162,59174,59175,1,12
59162,59174,59175,1,12
59162,59175,59176,1,13
59162,59175,59176,1,13
59162,59175,59176,1,13
59162,59175,59176,1,13
59162,59175,59176,1,13
59162,59175,59176,1,13
59162,59175,59176,1,13
59162,59170,59175,5,8
59162,59175,59176,1,13
59162,59175,59176,1,13
59162,59175,59176,1,13
59162,59175,59176,1,13
59162,59175,59176,1,13
59162,59176,59177,1,14
59162,59176,59177,1,14
59162,59176,59177,1,14
59162,59175,59176,1,13
59162,59176,59177,1,14
59165,59176,59177,1,11
59162,59175,59177,2,13
59162,59175,59176,1,13
59165,59176,59177,1,11
59165,59176,59177,1,11
59165,59177,59178,1,12
59165,59177,59178,1,12
59165,59177,59178,1,12
59165,59177,59178,1,12
59165,59178,59179,1,13
59165,59178,59179,1,13
59165,59177,59178,1,12
59165,59177,59178,1,12
59165,59177,59178,1,12
59165,59176,59179,3,11
59165,59177,59179,2,12
59165,59177,59179,2,12
59165,59178,59180,2,13
59165,59178,59179,1,13
59165,59178,59179,1,13
59165,59178,59180,2,13
59165,59178,59179,1,13
59165,59178,59179,1,13
59165,59179,59180,1,14
59165,59179,59180,1,14
59165,59178,59179,1,13
59165,59179,59180,1,14
59165,59179,59180,1,14
59165,59180,59181,1,15
59165,59179,59180,1,14
59165,59180,59181,1,15
59165,59180,59181,1,15
59165,59180,59181,1,15
59165,59180,59181,1,15
59165,59180,59181,1,15
59165,59180,59181,1,15
59165,59180,59181,1,15
59165,59180,59181,1,15
59165,59180,59181,1,15
59165,59181,59182,1,16
59165,59181,59182,1,16
59165,59181,59182,1,16
59165,59181,59182,1,16
59165,59181,59182,1,16
59165,59179,59182,3,14
59165,59181,59182,1,16
59165,59181,59182,1,16
59165,59181,59182,1,16
59165,59182,59183,1,17
59165,59182,59183,1,17
59165,59181,59183,2,16
59165,59182,59183,1,17
59165,59181,59182,1,16
59165,59183,59184,1,18
59165,59182,59183,1,17
59165,59183,59184,1,18
59165,59183,59184,1,18
59165,59182,59183,1,17
59165,59183,59184,1,18
59165,59182,59184,2,17
59165,59183,59184,1,18
59165,59183,59184,1,18
59165,59183,59184,1,18
59165,59184,59185,1,19
59165,59184,59185,1,19
59165,59183,59185,2,18
59165,59184,59185,1,19
59165,59184,59185,1,19
59165,59185,59186,1,20
59165,59183,59185,2,18
59165,59184,59186,2,19
59165,59184,59185,1,19
59165,59185,59186,1,20
59165,59185,59186,1,20
59165,59185,59186,1,20
59165,59188,59189,1,23
59165,59188,59189,1,23
58706,58713,59191,478,7
59204,59204,59205,1,0
59204,59204,59205,1,0
59204,59204,59205,1,0
59204,59204,59205,1,0
59204,59204,59205,1,0
59204,59204,59205,1,0
59204,59204,59205,1,0
59204,59204,59205,1,0
59204,59204,59205,1,0
59204,59204,59205,1,0
59204,59204,59205,1,0
59204,59204,59206,2,0
59204,59204,59206,2,0
59204,59204,59206,2,0
59204,59205,59206,1,1
59204,59205,59207,2,1
59204,59204,59207,3,0
59204,59204,59207,3,0
59204,59205,59206,1,1
59204,59205,59206,1,1
59204,59205,59207,2,1
59204,59205,59206,1,1
59204,59205,59207,2,1
59204,59205,59207,2,1
59204,59205,59207,2,1
59204,59205,59207,2,1
59204,59205,59207,2,1
59204,59205,59207,2,1
59204,59207,59208,1,3
59204,59207,59208,1,3
59204,59207,59208,1,3
59204,59207,59208,1,3
59204,59206,59208,2,2
59204,59206,59208,2,2
59204,59207,59208,1,3
59204,59207,59209,2,3
59204,59207,59209,2,3
59204,59208,59209,1,4
59204,59208,59209,1,4
59204,59208,59209,1,4
59204,59207,59208,1,3
59204,59207,59209,2,3
59204,59208,59209,1,4
59204,59208,59209,1,4
59204,59208,59209,1,4
59204,59209,59210,1,5
59204,59207,59209,2,3
59204,59209,59210,1,5
59204,59207,59210,3,3
59204,59209,59210,1,5
59204,59209,59210,1,5
59204,59209,59210,1,5
59204,59208,59210,2,4
59204,59209,59210,1,5
59204,59208,59210,2,4
59204,59210,59211,1,6
59204,59210,59211,1,6
59204,59210,59211,1,6
59204,59210,59211,1,6
59204,59209,59211,2,5
59204,59211,59212,1,7
59204,59211,59212,1,7
59204,59211,59212,1,7
59204,59211,59212,1,7
59204,59211,59212,1,7
59204,59210,59212,2,6
59204,59212,59213,1,8
59204,59211,59212,1,7
59204,59211,59212,1,7
59204,59211,59212,1,7
59204,59212,59213,1,8
59204,59212,59213,1,8
59204,59212,59213,1,8
59204,59207,59213,6,3
59204,59211,59213,2,7
59204,59213,59214,1,9
59204,59213,59214,1,9
59204,59213,59214,1,9
59204,59213,59214,1,9
59204,59213,59214,1,9
58742,58748,59219,471,6
59236,59236,59237,1,0
59236,59236,59237,1,0
59236,59236,59237,1,0
59236,59236,59237,1,0
59236,59236,59237,1,0
59236,59236,59237,1,0
59236,59236,59237,1,0
59236,59236,59237,1,0
59236,59236,59237,1,0
59236,59236,59237,1,0
59236,59236,59237,1,0
59236,59236,59237,1,0
59236,59237,59238,1,1
59236,59236,59238,2,0
59236,59237,59238,1,1
59236,59237,59239,2,1
59236,59237,59239,2,1
59236,59237,59239,2,1
59236,59237,59239,2,1
59236,59237,59239,2,1
59236,59237,59239,2,1
59236,59237,59239,2,1
59236,59237,59239,2,1
59236,59237,59239,2,1
59236,59238,59239,1,2
59236,59238,59239,1,2
59236,59238,59239,1,2
59236,59238,59240,2,2
59236,59238,59240,2,2
59236,59239,59240,1,3
59236,59239,59241,2,3
59236,59240,59241,1,4
59236,59240,59241,1,4
59236,59241,59242,1,5
59236,59239,59240,1,3
59236,59241,59242,1,5
59236,59242,59243,1,6
59236,59242,59243,1,6
59236,59241,59242,1,5
59236,59242,59243,1,6
59236,59242,59243,1,6
59236,59242,59243,1,6
59236,59242,59243,1,6
59236,59242,59243,1,6
59236,59243,59244,1,7
59236,59243,59244,1,7
59236,59244,59245,1,8
59236,59244,59245,1,8
59236,59244,59245,1,8
59236,59244,59245,1,8
59236,59244,59245,1,8
59236,59244,59245,1,8
59236,59244,59245,1,8
59236,59244,59245,1,8
59236,59245,59246,1,9
59236,59242,59245,3,6
58751,58757,59246,489,6
59247,59247,59248,1,0
59247,59247,59248,1,0
59247,59247,59248,1,0
59247,59247,59248,1,0
59247,59247,59248,1,0
59247,59247,59248,1,0
59247,59247,59248,1,0
59247,59247,59248,1,0
59247,59247,59248,1,0
59247,59247,59248,1,0
59247,59247,59248,1,0
59247,59247,59248,1,0
59247,59247,59248,1,0
59247,59247,59248,1,0
59247,59247,59248,1,0
59247,59248,59249,1,1
59247,59248,59249,1,1
59247,59248,59249,1,1
59247,59248,59249,1,1
59247,59248,59249,1,1
59247,59248,59250,2,1
59247,59248,59250,2,1
59247,59248,59250,2,1
59247,59248,59250,2,1
59247,59248,59250,2,1
59247,59248,59250,2,1
59247,59248,59250,2,1
59247,59248,59249,1,1
59247,59248,59249,1,1
59247,59249,59250,1,2
59247,59250,59251,1,3
59247,59249,59251,2,2
59247,59249,59250,1,2
59247,59250,59251,1,3
59247,59250,59251,1,3
59247,59251,59252,1,4
59247,59250,59251,1,3
59247,59250,59252,2,3
59247,59250,59252,2,3
59247,59251,59252,1,4
59247,59250,59252,2,3
59247,59250,59252,2,3
59247,59250,59252,2,3
59247,59250,59252,2,3
59247,59251,59252,1,4
59247,59252,59253,1,5
59247,59251,59252,1,4
59247,59252,59253,1,5
59247,59252,59253,1,5
59247,59253,59254,1,6
59247,59253,59254,1,6
59247,59253,59254,1,6
59247,59252,59254,2,5
59247,59253,59254,1,6
59247,59253,59254,1,6
59247,59253,59254,1,6
58529,58536,59254,718,7
59247,59253,59254,1,6
59247,59254,59255,1,7
59247,59255,59256,1,8
59247,59255,59256,1,8
59247,59255,59256,1,8
59247,59256,59257,1,9
59247,59256,59257,1,9
59257,59257,59258,1,0
59257,59257,59258,1,0
59257,59257,59258,1,0
59257,59258,59259,1,1
59257,59258,59259,1,1
59257,59258,59259,1,1
59257,59257,59258,1,0
59257,59258,59259,1,1
59257,59258,59259,1,1
59257,59258,59259,1,1
59257,59258,59259,1,1
59257,59259,59260,1,2
59257,59259,59260,1,2
59257,59259,59260,1,2
59257,59259,59260,1,2
59257,59258,59259,1,1
59257,59258,59259,1,1
59257,59258,59259,1,1
59257,59260,59261,1,3
59257,59260,59261,1,3
59257,59260,59261,1,3
59257,59259,59260,1,2
59257,59259,59260,1,2
59257,59259,59260,1,2
59257,59261,59262,1,4
59257,59260,59261,1,3
59257,59260,59261,1,3
59257,59260,59261,1,3
59257,59261,59262,1,4
59257,59260,59261,1,3
59257,59260,59261,1,3
59257,59260,59261,1,3
59257,59260,59261,1,3
59257,59261,59262,1,4
59257,59261,59262,1,4
59257,59260,59261,1,3
59257,59261,59262,1,4
59236,59237,59251,14,1
59257,59262,59263,1,5
59257,59262,59263,1,5
59257,59262,59263,1,5
59257,59262,59263,1,5
59257,59262,59263,1,5
59257,59262,59263,1,5
59257,59262,59263,1,5
59257,59262,59263,1,5
59257,59261,59262,1,4
59257,59261,59262,1,4
59257,59263,59264,1,6
59257,59263,59264,1,6
59257,59263,59264,1,6
59257,59262,59263,1,5
59257,59262,59263,1,5
59257,59262,59263,1,5
59257,59263,59264,1,6
59257,59263,59264,1,6
59257,59263,59264,1,6
59257,59263,59264,1,6
59247,59263,59264,1,16
59257,59264,59265,1,7
59257,59264,59265,1,7
59257,59264,59265,1,7
59257,59263,59264,1,6
59257,59263,59264,1,6
59257,59264,59265,1,7
59257,59264,59265,1,7
59257,59264,59265,1,7
59257,59264,59265,1,7
59257,59264,59265,1,7
59257,59263,59264,1,6
59257,59263,59265,2,6
59257,59264,59265,1,7
59257,59264,59265,1,7
59257,59265,59266,1,8
59257,59265,59266,1,8
59257,59265,59266,1,8
59257,59265,59266,1,8
59257,59264,59265,1,7
59257,59264,59266,2,7
59257,59263,59266,3,6
58793,58803,59284,481,10
59293,59293,59294,1,0
59293,59293,59294,1,0
59293,59293,59294,1,0
59293,59293,59294,1,0
59293,59293,59294,1,0
59293,59293,59294,1,0
59293,59293,59294,1,0
59293,59293,59294,1,0
59293,59293,59294,1,0
59293,59293,59295,2,0
59293,59293,59294,1,0
59293,59293,59294,1,0
59293,59293,59295,2,0
59293,59294,59295,1,1
59293,59294,59296,2,1
59293,59294,59296,2,1
59293,59294,59295,1,1
59293,59294,59296,2,1
59293,59294,59296,2,1
59293,59294,59296,2,1
59293,59294,59296,2,1
59293,59294,59296,2,1
59293,59294,59296,2,1
59293,59294,59296,2,1
59293,59295,59297,2,2
59293,59296,59298,2,3
59293,59296,59298,2,3
59293,59296,59298,2,3
59293,59296,59298,2,3
59293,59295,59297,2,2
59293,59295,59297,2,2
59293,59296,59298,2,3
59293,59296,59298,2,3
59293,59296,59298,2,3
59293,59296,59298,2,3
59293,59295,59298,3,2
59293,59295,59298,3,2
59293,59296,59298,2,3
59293,59296,59299,3,3
59293,59298,59300,2,5
59293,59298,59300,2,5
58786,58803,59300,497,17
59293,59298,59300,2,5
59293,59298,59300,2,5
59293,59297,59299,2,4
59293,59298,59300,2,5
59293,59298,59300,2,5
59293,59298,59300,2,5
59293,59298,59300,2,5
59293,59298,59300,2,5
59293,59296,59299,3,3
59293,59298,59301,3,5
59293,59299,59301,2,6
59293,59299,59300,1,6
59293,59300,59301,1,7
59293,59300,59301,1,7
59293,59300,59301,1,7
59293,59300,59301,1,7
59293,59300,59301,1,7
59293,59298,59300,2,5
59293,59300,59301,1,7
59293,59299,59300,1,6
59293,59300,59301,1,7
59293,59300,59301,1,7
59293,59300,59301,1,7
59293,59300,59301,1,7
59293,59299,59301,2,6
59293,59301,59302,1,8
59293,59301,59302,1,8
59293,59301,59302,1,8
59293,59301,59302,1,8
59293,59300,59301,1,7
59293,59301,59302,1,8
59293,59301,59302,1,8
59293,59301,59302,1,8
59293,59301,59302,1,8
59293,59301,59302,1,8
59293,59301,59302,1,8
59293,59301,59302,1,8
59293,59301,59302,1,8
59293,59301,59302,1,8
59293,59302,59303,1,9
59293,59302,59303,1,9
59293,59302,59303,1,9
59293,59302,59303,1,9
59293,59302,59303,1,9
59293,59302,59303,1,9
59293,59302,59303,1,9
59293,59302,59304,2,9
59301,59303,59304,1,2
59301,59303,59304,1,2
59301,59303,59304,1,2
59301,59304,59305,1,3
59301,59304,59305,1,3
59301,59304,59305,1,3
59301,59304,59305,1,3
59301,59304,59306,2,3
59301,59303,59305,2,2
59301,59304,59306,2,3
59301,59304,59306,2,3
59301,59305,59306,1,4
59301,59305,59306,1,4
59301,59305,59307,2,4
59301,59305,59306,1,4
59301,59305,59306,1,4
59301,59305,59306,1,4
59301,59305,59307,2,4
59301,59304,59306,2,3
59301,59305,59307,2,4
59301,59305,59307,2,4
59301,59306,59308,2,5
59301,59306,59307,1,5
59301,59306,59307,1,5
59301,59307,59308,1,6
59301,59307,59308,1,6
59301,59307,59308,1,6
59301,59307,59308,1,6
59301,59307,59308,1,6
59301,59307,59308,1,6
59301,59306,59308,2,5
59301,59307,59309,2,6
59301,59307,59309,2,6
59301,59306,59309,3,5
59301,59307,59309,2,6
59301,59309,59310,1,8
59301,59309,59310,1,8
59301,59308,59309,1,7
59301,59308,59309,1,7
59301,59309,59310,1,8
59301,59307,59310,3,6
59301,59309,59310,1,8
59301,59309,59310,1,8
59301,59308,59310,2,7
59301,59310,59311,1,9
59301,59308,59310,2,7
59301,59308,59310,2,7
59301,59309,59310,1,8
59301,59310,59311,1,9
59301,59310,59311,1,9
59301,59310,59311,1,9
59301,59310,59311,1,9
59301,59309,59311,2,8
59301,59310,59311,1,9
59301,59311,59312,1,10
59301,59310,59311,1,9
59301,59311,59312,1,10
59301,59311,59312,1,10
59301,59311,59312,1,10
59301,59311,59312,1,10
59301,59311,59312,1,10
59301,59311,59312,1,10
59301,59312,59313,1,11
59301,59312,59313,1,11
59301,59312,59313,1,11
59301,59312,59313,1,11
59301,59312,59313,1,11
59301,59312,59313,1,11
59301,59311,59313,2,10
59301,59311,59313,2,10
59301,59312,59313,1,11
59301,59313,59315,2,12
58863,58876,59366,490,13
59367,59367,59368,1,0
59367,59367,59368,1,0
59367,59367,59368,1,0
59367,59367,59368,1,0
59367,59367,59368,1,0
59367,59367,59368,1,0
59367,59367,59368,1,0
59367,59367,59368,1,0
59367,59367,59368,1,0
59367,59367,59368,1,0
59367,59367,59368,1,0
59367,59367,59368,1,0
59367,59367,59368,1,0
59367,59367,59369,2,0
59367,59368,59369,1,1
59367,59367,59369,2,0
59367,59367,59369,2,0
59367,59367,59369,2,0
59367,59368,59370,2,1
59367,59368,59369,1,1
59367,59368,59370,2,1
59367,59368,59370,2,1
59367,59368,59370,2,1
59367,59368,59370,2,1
59367,59368,59370,2,1
59367,59368,59370,2,1
59367,59368,59370,2,1
59367,59368,59370,2,1
59367,59368,59370,2,1
59367,59369,59371,2,2
59367,59369,59371,2,2
59367,59369,59371,2,2
59367,59369,59371,2,2
59367,59369,59371,2,2
59367,59369,59371,2,2
59367,59370,59372,2,3
59367,59370,59372,2,3
59367,59370,59372,2,3
59367,59370,59372,2,3
59367,59371,59372,1,4
59367,59371,59372,1,4
59367,59371,59372,1,4
59367,59371,59373,2,4
59367,59371,59373,2,4
59367,59370,59373,3,3
59367,59370,59373,3,3
59367,59370,59373,3,3
59367,59372,59373,1,5
59367,59371,59373,2,4
59367,59372,59373,1,5
59367,59372,59373,1,5
59367,59373,59374,1,6
59367,59372,59373,1,5
59367,59373,59374,1,6
59367,59373,59374,1,6
59367,59373,59374,1,6
59367,59373,59374,1,6
59367,59374,59375,1,7
59367,59374,59375,1,7
59367,59373,59374,1,6
59367,59373,59375,2,6
59367,59373,59375,2,6
59367,59374,59375,1,7
59367,59375,59376,1,8
59367,59375,59376,1,8
59367,59375,59376,1,8
59367,59375,59376,1,8
59367,59376,59377,1,9
59367,59376,59377,1,9
59367,59375,59377,2,8
58649,58657,59383,726,8
59392,59392,59393,1,0
59392,59392,59393,1,0
59392,59392,59393,1,0
59392,59392,59394,2,0
59392,59392,59393,1,0
59392,59392,59393,1,0
59392,59392,59393,1,0
59392,59393,59394,1,1
59392,59393,59394,1,1
59392,59393,59394,1,1
59392,59393,59394,1,1
59392,59393,59394,1,1
59392,59393,59394,1,1
59392,59393,59395,2,1
59392,59393,59394,1,1
59392,59393,59394,1,1
59392,59393,59394,1,1
59392,59393,59394,1,1
59392,59394,59395,1,2
59392,59393,59394,1,1
59392,59394,59395,1,2
59392,59394,59395,1,2
59392,59393,59394,1,1
59392,59394,59395,1,2
59392,59394,59395,1,2
59392,59394,59396,2,2
59392,59394,59395,1,2
59392,59395,59396,1,3
59392,59394,59395,1,2
59392,59395,59396,1,3
59392,59395,59396,1,3
59392,59395,59396,1,3
59392,59395,59396,1,3
59392,59395,59396,1,3
59392,59395,59396,1,3
59392,59395,59396,1,3
59392,59395,59396,1,3
59392,59395,59397,2,3
59392,59396,59397,1,4
59392,59396,59397,1,4
59392,59395,59396,1,3
59392,59395,59396,1,3
59392,59395,59396,1,3
59392,59396,59397,1,4
59392,59396,59397,1,4
59392,59396,59397,1,4
59392,59396,59397,1,4
59392,59396,59397,1,4
59392,59396,59397,1,4
59392,59396,59397,1,4
59392,59396,59397,1,4
59392,59396,59397,1,4
59392,59396,59397,1,4
59392,59397,59398,1,5
59392,59397,59398,1,5
59392,59397,59398,1,5
59392,59397,59398,1,5
59392,59397,59398,1,5
59392,59397,59398,1,5
59392,59397,59398,1,5
59392,59397,59398,1,5
59392,59397,59398,1,5
59392,59397,59398,1,5
59392,59397,59398,1,5
59392,59397,59398,1,5
59392,59397,59398,1,5
59392,59397,59398,1,5
59392,59397,59398,1,5
59392,59398,59399,1,6
59392,59398,59399,1,6
59392,59398,59399,1,6
59392,59398,59399,1,6
59392,59398,59399,1,6
59392,59398,59399,1,6
59392,59398,59399,1,6
59392,59398,59399,1,6
59392,59398,59399,1,6
59392,59398,59399,1,6
59392,59398,59399,1,6
59392,59398,59399,1,6
59392,59398,59399,1,6
59392,59399,59400,1,7
59392,59398,59399,1,6
59392,59399,59400,1,7
59392,59398,59399,1,6
59392,59399,59400,1,7
59392,59399,59400,1,7
59392,59399,59400,1,7
59392,59399,59400,1,7
59392,59394,59414,20,2
58753,58765,59454,689,12
59456,59456,59457,1,0
59456,59456,59457,1,0
59456,59456,59457,1,0
59456,59456,59457,1,0
59456,59456,59457,1,0
59456,59456,59457,1,0
59456,59456,59457,1,0
59456,59456,59457,1,0
59456,59456,59457,1,0
59456,59456,59457,1,0
59456,59456,59457,1,0
59456,59456,59458,2,0
59456,59456,59457,1,0
59456,59457,59458,1,1
59456,59457,59459,2,1
59456,59457,59458,1,1
59456,59457,59458,1,1
59456,59457,59458,1,1
59456,59457,59458,1,1
59456,59457,59458,1,1
59456,59457,59458,1,1
59456,59457,59459,2,1
59456,59457,59459,2,1
59456,59457,59459,2,1
59456,59457,59459,2,1
59456,59458,59460,2,2
59456,59458,59460,2,2
59456,59457,59459,2,1
59456,59458,59460,2,2
59456,59456,59460,4,0
59456,59459,59460,1,3
59456,59459,59461,2,3
59456,59459,59461,2,3
59456,59459,59461,2,3
59456,59459,59461,2,3
59456,59459,59461,2,3
59456,59459,59461,2,3
59456,59459,59461,2,3
59456,59459,59461,2,3
59456,59461,59462,1,5
59456,59459,59461,2,3
59456,59459,59461,2,3
59456,59461,59462,1,5
59456,59461,59462,1,5
59456,59460,59462,2,4
59456,59461,59463,2,5
59456,59460,59462,2,4
59456,59460,59462,2,4
59456,59461,59463,2,5
59456,59461,59463,2,5
59456,59461,59462,1,5
59456,59460,59462,2,4
59456,59460,59463,3,4
59456,59462,59463,1,6
59456,59461,59462,1,5
59456,59462,59463,1,6
59456,59462,59463,1,6
59456,59461,59462,1,5
59456,59462,59463,1,6
59456,59461,59463,2,5
59456,59463,59464,1,7
59456,59463,59464,1,7
59456,59462,59463,1,6
59456,59463,59464,1,7
59456,59462,59464,2,6
59456,59463,59464,1,7
59456,59463,59464,1,7
59456,59463,59464,1,7
59456,59463,59464,1,7
59456,59463,59464,1,7
59456,59463,59464,1,7
59456,59463,59464,1,7
59456,59464,59465,1,8
59456,59463,59464,1,7
59456,59464,59465,1,8
59456,59463,59464,1,7
59456,59464,59465,1,8
59456,59463,59464,1,7
59456,59464,59465,1,8
59456,59464,59465,1,8
59456,59463,59464,1,7
59456,59464,59465,1,8
59456,59464,59465,1,8
59456,59464,59465,1,8
59456,59464,59465,1,8
59456,59464,59465,1,8
59456,59464,59465,1,8
59456,59464,59465,1,8
59456,59464,59465,1,8
59456,59465,59466,1,9
59456,59465,59466,1,9
59456,59465,59466,1,9
59456,59465,59466,1,9
59456,59465,59466,1,9
59456,59465,59466,1,9
59456,59465,59466,1,9
59456,59465,59466,1,9
58999,59008,59487,479,9
59489,59489,59490,1,0
59489,59489,59490,1,0
59489,59489,59490,1,0
59489,59489,59490,1,0
59489,59489,59490,1,0
59489,59489,59490,1,0
59489,59489,59490,1,0
59489,59489,59490,1,0
59489,59489,59490,1,0
59489,59489,59490,1,0
59489,59489,59490,1,0
59489,59489,59490,1,0
59489,59489,59490,1,0
59489,59489,59491,2,0
59489,59489,59490,1,0
59489,59489,59491,2,0
59489,59490,59492,2,1
59489,59489,59492,3,0
59489,59490,59492,2,1
59489,59490,59492,2,1
59489,59490,59492,2,1
59489,59490,59492,2,1
59489,59490,59492,2,1
59489,59490,59492,2,1
59489,59490,59491,1,1
59489,59490,59491,1,1
59489,59490,59492,2,1
59489,59491,59493,2,2
59489,59491,59493,2,2
59489,59491,59493,2,2
59489,59491,59493,2,2
59489,59492,59494,2,3
59489,59491,59494,3,2
59489,59493,59494,1,4
59489,59492,59494,2,3
59489,59492,59494,2,3
59489,59492,59494,2,3
59489,59492,59494,2,3
59489,59492,59494,2,3
59489,59491,59494,3,2
59489,59493,59494,1,4
59489,59492,59494,2,3
59489,59493,59495,2,4
59489,59494,59495,1,5
59489,59494,59495,1,5
59489,59494,59495,1,5
59489,59495,59496,1,6
59489,59494,59496,2,5
59489,59494,59495,1,5
59489,59494,59496,2,5
59489,59495,59496,1,6
59489,59495,59496,1,6
59489,59495,59496,1,6
59489,59495,59496,1,6
59489,59496,59497,1,7
59489,59496,59497,1,7
59489,59495,59497,2,6
59489,59497,59498,1,8
59489,59497,59498,1,8
59489,59497,59498,1,8
59489,59497,59498,1,8
59489,59497,59498,1,8
59489,59497,59498,1,8
59489,59498,59499,1,9
59489,59498,59499,1,9
59040,59048,59543,495,8
59545,59545,59546,1,0
59545,59545,59546,1,0
59545,59545,59546,1,0
59545,59545,59546,1,0
59545,59545,59546,1,0
59545,59545,59546,1,0
59545,59545,59546,1,0
59545,59545,59546,1,0
59545,59545,59547,2,0
59545,59546,59547,1,1
59545,59546,59547,1,1
59545,59545,59547,2,0
59545,59546,59547,1,1
59545,59545,59547,2,0
59545,59545,59547,2,0
59545,59546,59548,2,1
59545,59546,59548,2,1
59545,59547,59548,1,2
59545,59547,59548,1,2
59545,59547,59548,1,2
59545,59547,59548,1,2
59545,59547,59548,1,2
59545,59547,59548,1,2
59545,59547,59548,1,2
59545,59547,59548,1,2
59545,59548,59549,1,3
59545,59548,59549,1,3
59545,59548,59549,1,3
59545,59548,59549,1,3
59545,59548,59549,1,3
59545,59549,59550,1,4
59545,59548,59549,1,3
59545,59549,59550,1,4
59545,59549,59550,1,4
59545,59549,59550,1,4
59545,59549,59550,1,4
59545,59549,59550,1,4
59545,59549,59551,2,4
59545,59550,59551,1,5
59545,59550,59551,1,5
59545,59550,59551,1,5
59545,59551,59552,1,6
59545,59550,59551,1,5
59545,59550,59551,1,5
59545,59550,59551,1,5
59545,59550,59551,1,5
59545,59550,59551,1,5
59545,59550,59551,1,5
59545,59550,59551,1,5
59545,59550,59551,1,5
59545,59552,59553,1,7
59545,59551,59552,1,6
59545,59552,59553,1,7
59545,59551,59552,1,6
59545,59552,59553,1,7
59545,59552,59553,1,7
59545,59552,59553,1,7
59545,59553,59554,1,8
59545,59553,59554,1,8
59545,59553,59554,1,8
59545,59553,59554,1,8
59545,59551,59554,3,6
59545,59553,59554,1,8
59545,59554,59555,1,9
59545,59554,59555,1,9
59545,59554,59555,1,9
59545,59554,59555,1,9
59545,59554,59555,1,9
59545,59554,59555,1,9
59545,59554,59555,1,9
58861,58868,59582,714,7
59584,59584,59585,1,0
59584,59584,59585,1,0
59584,59584,59585,1,0
59584,59585,59586,1,1
59584,59585,59586,1,1
59584,59585,59586,1,1
59584,59585,59586,1,1
59584,59585,59586,1,1
59584,59585,59586,1,1
59584,59585,59587,2,1
59584,59585,59586,1,1
59584,59585,59586,1,1
59584,59585,59586,1,1
59584,59585,59586,1,1
59584,59585,59586,1,1
59584,59586,59588,2,2
59584,59585,59587,2,1
59584,59586,59588,2,2
59584,59585,59587,2,1
59584,59586,59588,2,2
59584,59587,59588,1,3
59584,59587,59588,1,3
59584,59587,59588,1,3
59584,59587,59588,1,3
59584,59587,59588,1,3
59584,59587,59588,1,3
59584,59587,59588,1,3
59584,59587,59588,1,3
59584,59587,59588,1,3
59584,59587,59589,2,3
59584,59587,59589,2,3
59584,59588,59590,2,4
59584,59588,59590,2,4
59584,59587,59589,2,3
59584,59588,59590,2,4
59584,59589,59590,1,5
59584,59589,59590,1,5
59584,59589,59590,1,5
59584,59588,59589,1,4
59584,59589,59590,1,5
59584,59589,59590,1,5
59584,59589,59590,1,5
59584,59590,59591,1,6
59584,59589,59591,2,5
59584,59590,59591,1,6
59584,59590,59591,1,6
59584,59589,59590,1,5
59584,59589,59590,1,5
59584,59590,59591,1,6
59584,59590,59591,1,6
59584,59590,59591,1,6
59584,59590,59591,1,6
59584,59590,59591,1,6
59584,59589,59590,1,5
59584,59589,59590,1,5
59584,59590,59591,1,6
59584,59590,59591,1,6
59584,59591,59592,1,7
59584,59591,59592,1,7
59584,59590,59591,1,6
59584,59590,59591,1,6
59584,59591,59592,1,7
59584,59591,59592,1,7
59584,59591,59592,1,7
59584,59591,59592,1,7
59584,59591,59592,1,7
59584,59591,59592,1,7
59584,59591,59592,1,7
59584,59591,59592,1,7
59584,59591,59592,1,7
59584,59591,59592,1,7
59584,59591,59592,1,7
59584,59591,59592,1,7
59584,59591,59592,1,7
59584,59592,59593,1,8
59584,59592,59593,1,8
59584,59592,59593,1,8
59584,59592,59593,1,8
59584,59592,59593,1,8
59584,59592,59593,1,8
59584,59592,59593,1,8
59584,59592,59593,1,8
59584,59592,59593,1,8
59584,59592,59593,1,8
59584,59592,59593,1,8
59584,59592,59593,1,8
58908,58916,59630,714,8
59631,59632,59633,1,1
59631,59632,59633,1,1
59631,59632,59634,2,1
59631,59633,59635,2,2
59631,59632,59634,2,1
59631,59633,59634,1,2
59631,59633,59634,1,2
59631,59633,59634,1,2
59631,59633,59634,1,2
59631,59633,59634,1,2
59631,59633,59635,2,2
59631,59633,59634,1,2
59631,59633,59634,1,2
59631,59633,59634,1,2
59631,59633,59634,1,2
59631,59633,59635,2,2
59631,59634,59635,1,3
59631,59633,59635,2,2
59631,59635,59636,1,4
59631,59635,59636,1,4
59631,59635,59636,1,4
59631,59634,59636,2,3
59631,59635,59637,2,4
59631,59635,59636,1,4
59631,59635,59636,1,4
59631,59635,59636,1,4
59631,59635,59636,1,4
59631,59635,59636,1,4
59631,59635,59636,1,4
59631,59636,59637,1,5
59631,59635,59636,1,4
59631,59636,59637,1,5
59631,59635,59636,1,4
59631,59636,59637,1,5
59631,59636,59637,1,5
59631,59637,59638,1,6
59631,59637,59638,1,6
59631,59637,59638,1,6
59631,59637,59638,1,6
59631,59637,59638,1,6
59631,59637,59638,1,6
59631,59637,59638,1,6
59631,59637,59638,1,6
59631,59636,59637,1,5
59631,59636,59637,1,5
59631,59637,59638,1,6
59631,59637,59638,1,6
59631,59637,59638,1,6
59631,59638,59639,1,7
59631,59638,59639,1,7
59631,59638,59639,1,7
59631,59638,59639,1,7
59631,59638,59639,1,7
59631,59638,59639,1,7
59631,59638,59639,1,7
59631,59638,59639,1,7
59631,59638,59639,1,7
59631,59638,59639,1,7
59631,59637,59639,2,6
59631,59639,59640,1,8
59631,59638,59639,1,7
59631,59638,59639,1,7
59631,59638,59639,1,7
59631,59639,59640,1,8
59631,59639,59640,1,8
59631,59639,59640,1,8
59631,59639,59640,1,8
59631,59639,59640,1,8
59631,59639,59640,1,8
59631,59639,59640,1,8
59631,59639,59640,1,8
59631,59639,59640,1,8
59631,59640,59641,1,9
59631,59640,59641,1,9
59631,59640,59641,1,9
59631,59640,59641,1,9
59631,59640,59641,1,9
59631,59640,59641,1,9
58963,58971,59668,697,8
59668,59668,59669,1,0
59668,59668,59669,1,0
59668,59668,59669,1,0
59668,59668,59669,1,0
59668,59668,59669,1,0
59668,59668,59669,1,0
59668,59668,59669,1,0
59668,59668,59669,1,0
59668,59668,59669,1,0
59668,59668,59669,1,0
59668,59668,59669,1,0
59668,59668,59669,1,0
59668,59668,59669,1,0
59668,59668,59669,1,0
59668,59668,59670,2,0
59668,59669,59671,2,1
59668,59668,59671,3,0
59668,59669,59671,2,1
59668,59669,59671,2,1
59668,59669,59671,2,1
59668,59669,59671,2,1
59668,59669,59671,2,1
59668,59669,59671,2,1
59668,59669,59671,2,1
59668,59668,59670,2,0
59668,59669,59671,2,1
59668,59670,59672,2,2
59668,59670,59672,2,2
59668,59669,59671,2,1
59668,59669,59672,3,1
59668,59670,59672,2,2
59668,59671,59673,2,3
59668,59670,59672,2,2
59668,59671,59673,2,3
59668,59671,59673,2,3
59668,59671,59673,2,3
59668,59671,59673,2,3
59668,59671,59673,2,3
59668,59671,59673,2,3
59668,59671,59673,2,3
59668,59671,59673,2,3
59668,59671,59673,2,3
59668,59671,59673,2,3
59668,59672,59674,2,4
59668,59672,59674,2,4
59668,59672,59673,1,4
59668,59673,59674,1,5
59668,59673,59674,1,5
59668,59672,59674,2,4
59668,59673,59674,1,5
59668,59674,59675,1,6
59668,59673,59675,2,5
59668,59673,59674,1,5
59668,59674,59675,1,6
59668,59673,59674,1,5
59668,59673,59675,2,5
59668,59674,59675,1,6
59668,59674,59675,1,6
59668,59675,59676,1,7
59668,59674,59675,1,6
59668,59674,59675,1,6
59668,59675,59676,1,7
59668,59674,59676,2,6
59668,59675,59677,2,7
59668,59676,59677,1,8
59668,59675,59676,1,7
59668,59676,59677,1,8
59668,59676,59677,1,8
59668,59677,59678,1,9
59668,59677,59678,1,9
59294,59303,59780,477,9
59782,59782,59783,1,0
59782,59782,59783,1,0
59782,59782,59783,1,0
59782,59782,59783,1,0
59782,59782,59783,1,0
59782,59782,59783,1,0
59782,59782,59783,1,0
59782,59782,59783,1,0
59782,59782,59783,1,0
59782,59782,59783,1,0
59782,59782,59783,1,0
59782,59782,59784,2,0
59782,59782,59783,1,0
59782,59782,59783,1,0
59782,59783,59784,1,1
59782,59782,59784,2,0
59782,59782,59784,2,0
59782,59783,59784,1,1
59782,59783,59784,1,1
59782,59783,59784,1,1
59782,59783,59784,1,1
59782,59784,59785,1,2
59782,59783,59785,2,1
59782,59783,59784,1,1
59782,59783,59785,2,1
59782,59784,59785,1,2
59782,59783,59785,2,1
59782,59784,59786,2,2
59782,59784,59786,2,2
59782,59784,59786,2,2
59782,59784,59786,2,2
59782,59785,59786,1,3
59782,59785,59786,1,3
59782,59785,59786,1,3
59782,59784,59786,2,2
59782,59785,59786,1,3
59782,59786,59787,1,4
59782,59786,59787,1,4
59782,59786,59787,1,4
59782,59787,59788,1,5
59782,59787,59788,1,5
59782,59787,59788,1,5
59782,59787,59788,1,5
59782,59787,59788,1,5
59782,59787,59788,1,5
59782,59788,59789,1,6
59782,59788,59789,1,6
59782,59788,59789,1,6
59782,59789,59790,1,7
59782,59789,59790,1,7
59782,59789,59790,1,7
59782,59789,59790,1,7
59782,59790,59791,1,8
59782,59790,59791,1,8
59782,59790,59791,1,8
59782,59784,59805,21,2
59090,59097,59817,720,7
59820,59820,59821,1,0
59820,59820,59821,1,0
59820,59820,59821,1,0
59820,59820,59821,1,0
59820,59820,59821,1,0
59820,59820,59821,1,0
59820,59821,59822,1,1
59820,59821,59822,1,1
59820,59820,59822,2,0
59820,59822,59823,1,2
59820,59821,59823,2,1
59820,59821,59822,1,1
59820,59821,59822,1,1
59820,59820,59822,2,0
59820,59821,59822,1,1
59820,59820,59822,2,0
59820,59822,59823,1,2
59820,59821,59823,2,1
59820,59821,59823,2,1
59820,59821,59822,1,1
59302,59313,59823,510,11
59820,59821,59823,2,1
59820,59822,59823,1,2
59820,59821,59823,2,1
59820,59821,59823,2,1
59820,59822,59823,1,2
59820,59823,59825,2,3
59820,59823,59825,2,3
59820,59823,59824,1,3
59820,59823,59824,1,3
59820,59823,59824,1,3
59820,59823,59825,2,3
59820,59823,59825,2,3
59820,59823,59825,2,3
59820,59823,59825,2,3
59820,59823,59824,1,3
59820,59823,59824,1,3
59820,59823,59824,1,3
59820,59824,59825,1,4
59820,59824,59826,2,4
59820,59824,59826,2,4
59820,59824,59826,2,4
59820,59824,59826,2,4
59820,59825,59826,1,5
59820,59825,59826,1,5
59820,59824,59825,1,4
59820,59825,59826,1,5
59820,59825,59826,1,5
59820,59825,59826,1,5
59820,59825,59826,1,5
59820,59825,59826,1,5
59820,59825,59826,1,5
59820,59825,59826,1,5
59820,59825,59826,1,5
59820,59826,59827,1,6
59820,59825,59826,1,5
59820,59825,59826,1,5
59820,59826,59827,1,6
59820,59826,59827,1,6
59820,59826,59827,1,6
59820,59826,59827,1,6
59820,59826,59827,1,6
59820,59826,59827,1,6
59820,59826,59827,1,6
59820,59826,59827,1,6
59820,59827,59828,1,7
59820,59827,59828,1,7
59820,59827,59828,1,7
59820,59826,59827,1,6
59820,59827,59828,1,7
59820,59827,59828,1,7
59820,59827,59828,1,7
59820,59827,59828,1,7
59820,59827,59828,1,7
59820,59827,59828,1,7
59820,59827,59828,1,7
59820,59827,59828,1,7
59820,59827,59828,1,7
59820,59828,59829,1,8
59820,59828,59829,1,8
59820,59828,59829,1,8
59820,59828,59829,1,8
59820,59828,59829,1,8
59820,59828,59829,1,8
59820,59828,59829,1,8
59820,59827,59828,1,7
59820,59828,59829,1,8
59820,59827,59828,1,7
59824,59828,59829,1,4
59824,59828,59829,1,4
59824,59828,59829,1,4
59824,59828,59829,1,4
59824,59828,59829,1,4
59824,59828,59829,1,4
59824,59829,59830,1,5
59824,59829,59830,1,5
59824,59829,59830,1,5
59824,59829,59830,1,5
59824,59829,59830,1,5
59824,59829,59830,1,5
59824,59829,59830,1,5
59824,59830,59831,1,6
59824,59829,59830,1,5
59824,59829,59831,2,5
59824,59829,59831,2,5
59824,59829,59831,2,5
59824,59829,59831,2,5
59824,59829,59831,2,5
59824,59830,59831,1,6
59824,59830,59831,1,6
59824,59830,59831,1,6
59824,59830,59832,2,6
59824,59830,59832,2,6
59824,59830,59831,1,6
59824,59831,59832,1,7
59824,59829,59832,3,5
59824,59830,59832,2,6
59824,59832,59833,1,8
59824,59832,59833,1,8
59824,59831,59833,2,7
59824,59831,59832,1,7
59824,59832,59833,1,8
59824,59832,59833,1,8
59824,59831,59833,2,7
59824,59831,59833,2,7
59824,59832,59833,1,8
59824,59831,59833,2,7
59824,59832,59833,1,8
59824,59831,59833,2,7
59824,59831,59833,2,7
59824,59832,59833,1,8
59824,59833,59834,1,9
59824,59833,59834,1,9
59824,59833,59834,1,9
59824,59833,59834,1,9
59824,59833,59834,1,9
59824,59833,59834,1,9
59824,59834,59835,1,10
59824,59834,59835,1,10
59824,59834,59835,1,10
59824,59834,59835,1,10
59824,59833,59835,2,9
59824,59833,59835,2,9
59824,59834,59835,1,10
59824,59834,59835,1,10
59135,59142,59836,694,7
59824,59835,59836,1,11
59824,59835,59836,1,11
59824,59835,59836,1,11
59824,59835,59836,1,11
59824,59833,59836,3,9
59824,59836,59837,1,12
59824,59836,59837,1,12
59824,59836,59837,1,12
59824,59836,59837,1,12
59824,59836,59837,1,12
59824,59836,59837,1,12
59824,59836,59837,1,12
59092,59108,59841,733,16
59845,59845,59846,1,0
59845,59845,59846,1,0
59845,59845,59846,1,0
59845,59845,59846,1,0
59845,59845,59846,1,0
59845,59845,59846,1,0
59845,59845,59846,1,0
59845,59845,59847,2,0
59845,59846,59847,1,1
59845,59846,59847,1,1
59845,59845,59847,2,0
59845,59846,59847,1,1
59845,59847,59848,1,2
59845,59846,59847,1,1
59845,59846,59847,1,1
59845,59846,59847,1,1
59845,59846,59847,1,1
59845,59846,59847,1,1
59845,59846,59848,2,1
59845,59846,59848,2,1
59845,59847,59848,1,2
59845,59846,59848,2,1
59845,59846,59848,2,1
59845,59847,59849,2,2
59845,59847,59848,1,2
59845,59847,59849,2,2
59845,59848,59849,1,3
59845,59848,59849,1,3
59845,59848,59849,1,3
59845,59848,59849,1,3
59845,59848,59849,1,3
59845,59848,59849,1,3
59845,59848,59849,1,3
59845,59848,59849,1,3
59845,59848,59850,2,3
59845,59848,59849,1,3
59845,59849,59850,1,4
59845,59850,59851,1,5
59845,59850,59851,1,5
59845,59849,59851,2,4
59845,59850,59851,1,5
59845,59850,59851,1,5
59845,59849,59851,2,4
59845,59849,59851,2,4
59845,59850,59851,1,5
59845,59850,59851,1,5
59845,59850,59851,1,5
59845,59850,59851,1,5
59845,59849,59850,1,4
59845,59849,59850,1,4
59845,59850,59851,1,5
59845,59851,59852,1,6
59845,59851,59852,1,6
59845,59851,59852,1,6
59845,59849,59851,2,4
59845,59851,59852,1,6
59845,59851,59852,1,6
59845,59851,59852,1,6
59845,59849,59851,2,4
59845,59850,59851,1,5
59845,59851,59852,1,6
59845,59851,59852,1,6
59845,59851,59852,1,6
59845,59851,59852,1,6
59845,59851,59852,1,6
59845,59851,59852,1,6
59845,59851,59852,1,6
59845,59851,59852,1,6
59845,59852,59853,1,7
59845,59852,59853,1,7
59845,59852,59853,1,7
59845,59852,59853,1,7
59845,59852,59853,1,7
59845,59852,59853,1,7
59845,59852,59853,1,7
59845,59851,59852,1,6
59845,59852,59853,1,7
59845,59852,59853,1,7
59845,59852,59853,1,7
59845,59852,59853,1,7
59845,59852,59853,1,7
59845,59852,59853,1,7
59845,59852,59853,1,7
59845,59852,59853,1,7
59845,59852,59853,1,7
59845,59852,59853,1,7
59845,59853,59854,1,8
59845,59853,59854,1,8
59845,59853,59854,1,8
59859,59859,59860,1,0
59859,59859,59860,1,0
59859,59859,59860,1,0
59859,59859,59860,1,0
59859,59859,59860,1,0
59859,59859,59860,1,0
59859,59860,59861,1,1
59859,59860,59861,1,1
59859,59860,59861,1,1
59859,59860,59861,1,1
59859,59859,59861,2,0
59859,59860,59861,1,1
59859,59860,59862,2,1
59859,59860,59862,2,1
59859,59860,59861,1,1
59859,59860,59862,2,1
59859,59860,59861,1,1
59859,59860,59861,1,1
59859,59860,59862,2,1
59859,59861,59862,1,2
59859,59861,59863,2,2
59859,59861,59863,2,2
59859,59861,59864,3,2
59859,59862,59863,1,3
59859,59862,59863,1,3
59859,59862,59863,1,3
59859,59862,59863,1,3
59859,59862,59864,2,3
59859,59862,59864,2,3
59859,59862,59864,2,3
59859,59862,59864,2,3
59859,59862,59863,1,3
59859,59862,59863,1,3
59859,59862,59863,1,3
59859,59862,59863,1,3
59859,59862,59863,1,3
59859,59864,59865,1,5
59859,59864,59865,1,5
59859,59864,59865,1,5
59859,59864,59865,1,5
59859,59864,59865,1,5
59859,59864,59865,1,5
59859,59864,59865,1,5
59859,59864,59865,1,5
59859,59864,59865,1,5
59859,59863,59864,1,4
59859,59863,59864,1,4
59859,59863,59865,2,4
59859,59865,59866,1,6
59859,59865,59866,1,6
59859,59865,59866,1,6
59859,59865,59866,1,6
59859,59864,59865,1,5
59859,59864,59865,1,5
59859,59864,59865,1,5
59859,59865,59866,1,6
59859,59865,59866,1,6
59859,59865,59866,1,6
59859,59865,59866,1,6
59859,59865,59866,1,6
59859,59864,59865,1,5
59859,59865,59866,1,6
59859,59865,59866,1,6
59859,59864,59866,2,5
59859,59866,59867,1,7
59859,59866,59867,1,7
59859,59866,59867,1,7
59859,59866,59867,1,7
59859,59866,59867,1,7
59859,59866,59867,1,7
59859,59866,59867,1,7
59859,59866,59867,1,7
59859,59866,59867,1,7
59859,59866,59867,1,7
59859,59866,59867,1,7
59859,59866,59867,1,7
59859,59866,59867,1,7
59859,59866,59867,1,7
59859,59866,59867,1,7
59859,59866,59867,1,7
59859,59867,59868,1,8
59859,59867,59868,1,8
59859,59867,59868,1,8
59859,59867,59868,1,8
59859,59867,59868,1,8
59859,59867,59868,1,8
59859,59867,59868,1,8
59859,59867,59868,1,8
59859,59867,59868,1,8
59859,59867,59868,1,8
59393,59400,59893,493,7
59894,59894,59895,1,0
59894,59894,59895,1,0
59894,59894,59895,1,0
59894,59894,59895,1,0
59894,59894,59895,1,0
59894,59894,59895,1,0
59894,59894,59895,1,0
59894,59894,59895,1,0
59894,59894,59895,1,0
59894,59894,59895,1,0
59894,59894,59895,1,0
59894,59894,59895,1,0
59894,59894,59896,2,0
59894,59894,59896,2,0
59894,59894,59895,1,0
59894,59895,59896,1,1
59894,59895,59897,2,1
59894,59895,59897,2,1
59162,59167,59897,730,5
59894,59895,59897,2,1
59894,59895,59897,2,1
59894,59895,59897,2,1
59894,59895,59897,2,1
59894,59895,59897,2,1
59894,59895,59897,2,1
59894,59895,59897,2,1
59894,59894,59896,2,0
59894,59895,59897,2,1
59894,59895,59898,3,1
59894,59895,59897,2,1
59894,59896,59898,2,2
59894,59896,59898,2,2
59894,59898,59899,1,4
59894,59896,59898,2,2
59166,59186,59899,713,20
59894,59897,59899,2,3
59894,59897,59899,2,3
59894,59897,59899,2,3
59894,59897,59899,2,3
59894,59897,59899,2,3
59894,59898,59899,1,4
59894,59898,59899,1,4
59894,59898,59899,1,4
59894,59898,59899,1,4
59894,59898,59899,1,4
59894,59898,59899,1,4
59894,59900,59901,1,6
59894,59899,59900,1,5
59894,59899,59900,1,5
59894,59900,59901,1,6
59894,59899,59901,2,5
59894,59901,59902,1,7
59894,59901,59902,1,7
59894,59901,59902,1,7
59894,59901,59902,1,7
59894,59902,59903,1,8
59894,59902,59903,1,8
59894,59902,59903,1,8
59894,59902,59903,1,8
59899,59902,59903,1,3
59899,59902,59903,1,3
59899,59902,59903,1,3
59899,59902,59903,1,3
59894,59902,59903,1,8
59894,59902,59903,1,8
59899,59903,59904,1,4
59899,59903,59904,1,4
59899,59903,59904,1,4
59899,59903,59904,1,4
59899,59903,59904,1,4
59899,59903,59904,1,4
59899,59903,59904,1,4
59899,59903,59904,1,4
59899,59903,59904,1,4
59899,59903,59904,1,4
59899,59903,59905,2,4
59899,59904,59905,1,5
59899,59904,59905,1,5
59899,59904,59905,1,5
59899,59904,59905,1,5
59899,59904,59905,1,5
59899,59904,59905,1,5
59899,59904,59905,1,5
59899,59904,59906,2,5
59899,59904,59906,2,5
59899,59904,59906,2,5
59899,59904,59906,2,5
59899,59904,59906,2,5
59899,59904,59905,1,5
59899,59905,59906,1,6
59899,59905,59906,1,6
59899,59905,59907,2,6
59899,59905,59907,2,6
59899,59905,59907,2,6
59899,59906,59907,1,7
59899,59906,59907,1,7
59899,59906,59907,1,7
59899,59906,59907,1,7
59899,59906,59908,2,7
59899,59906,59908,2,7
59899,59906,59908,2,7
59899,59906,59908,2,7
59899,59906,59907,1,7
59899,59906,59907,1,7
59899,59908,59909,1,9
59899,59908,59909,1,9
59899,59907,59908,1,8
59899,59907,59908,1,8
59899,59907,59908,1,8
59899,59907,59908,1,8
59899,59907,59908,1,8
59899,59908,59909,1,9
59899,59907,59908,1,8
59899,59907,59908,1,8
59899,59907,59908,1,8
59899,59908,59909,1,9
59899,59908,59909,1,9
59899,59909,59910,1,10
59899,59909,59910,1,10
59899,59909,59910,1,10
59899,59909,59910,1,10
59899,59909,59910,1,10
59899,59908,59909,1,9
59899,59908,59909,1,9
59899,59909,59910,1,10
59899,59909,59910,1,10
59899,59908,59909,1,9
59899,59908,59909,1,9
59899,59908,59909,1,9
59899,59909,59910,1,10
59899,59909,59910,1,10
59899,59909,59910,1,10
59899,59909,59910,1,10
59899,59910,59911,1,11
59899,59910,59911,1,11
59899,59910,59911,1,11
59899,59910,59911,1,11
59899,59910,59911,1,11
59899,59910,59911,1,11
59899,59910,59911,1,11
59899,59910,59911,1,11
59899,59910,59911,1,11
59899,59910,59911,1,11
59899,59910,59911,1,11
59899,59910,59911,1,11
59899,59910,59911,1,11
59899,59910,59911,1,11
59899,59910,59911,1,11
59899,59911,59912,1,12
59899,59911,59912,1,12
59899,59911,59912,1,12
59901,59911,59912,1,10
59901,59911,59912,1,10
59901,59911,59912,1,10
59901,59911,59912,1,10
59901,59911,59912,1,10
59901,59911,59912,1,10
59901,59911,59912,1,10
59901,59911,59912,1,10
59901,59911,59912,1,10
59901,59912,59913,1,11
59901,59912,59913,1,11
59901,59912,59913,1,11
59901,59912,59913,1,11
59901,59912,59913,1,11
59901,59912,59913,1,11
59901,59913,59914,1,12
59901,59913,59914,1,12
59901,59913,59914,1,12
59901,59913,59914,1,12
59901,59912,59913,1,11
59901,59913,59914,1,12
59901,59912,59913,1,11
59901,59913,59914,1,12
59901,59913,59914,1,12
59901,59913,59914,1,12
59901,59914,59915,1,13
59901,59914,59915,1,13
59901,59914,59915,1,13
59901,59914,59915,1,13
59901,59914,59915,1,13
59901,59914,59915,1,13
59901,59914,59915,1,13
59901,59914,59915,1,13
59901,59914,59916,2,13
59901,59915,59916,1,14
59901,59915,59916,1,14
59901,59915,59916,1,14
59901,59915,59916,1,14
59901,59916,59917,1,15
59164,59176,59917,741,12
59901,59916,59917,1,15
59901,59916,59917,1,15
59901,59916,59917,1,15
59901,59916,59917,1,15
59901,59916,59917,1,15
59901,59916,59917,1,15
59901,59916,59917,1,15
59901,59917,59918,1,16
59901,59916,59917,1,15
59901,59917,59918,1,16
59901,59917,59918,1,16
59901,59917,59918,1,16
59901,59917,59918,1,16
59901,59917,59918,1,16
59901,59917,59918,1,16
59901,59918,59919,1,17
59901,59918,59919,1,17
59901,59917,59918,1,16
59901,59918,59919,1,17
59901,59918,59919,1,17
59901,59918,59919,1,17
59901,59918,59919,1,17
59919,59919,59920,1,0
59919,59919,59920,1,0
59919,59919,59920,1,0
59919,59919,59920,1,0
59919,59919,59920,1,0
59919,59919,59920,1,0
59919,59919,59920,1,0
59919,59919,59921,2,0
59919,59919,59921,2,0
59919,59920,59921,1,1
59919,59920,59921,1,1
59919,59920,59921,1,1
59919,59920,59921,1,1
59919,59920,59921,1,1
59919,59920,59921,1,1
59919,59920,59921,1,1
59919,59920,59922,2,1
59919,59920,59921,1,1
59919,59920,59922,2,1
59919,59920,59922,2,1
59919,59920,59922,2,1
59919,59920,59921,1,1
59919,59920,59922,2,1
59919,59921,59922,1,2
59919,59921,59923,2,2
59919,59921,59923,2,2
59919,59922,59923,1,3
59919,59922,59923,1,3
59919,59922,59923,1,3
59919,59922,59923,1,3
59919,59922,59923,1,3
59919,59922,59924,2,3
59919,59922,59923,1,3
59919,59922,59923,1,3
59919,59922,59924,2,3
59919,59922,59924,2,3
59919,59922,59924,2,3
59919,59922,59924,2,3
59919,59922,59924,2,3
59919,59922,59924,2,3
59919,59924,59925,1,5
59919,59924,59925,1,5
59919,59924,59925,1,5
59919,59924,59925,1,5
59919,59924,59925,1,5
59919,59924,59925,1,5
59919,59924,59925,1,5
59919,59924,59925,1,5
59919,59923,59925,2,4
59919,59924,59925,1,5
59919,59924,59925,1,5
59919,59924,59925,1,5
59919,59924,59925,1,5
59919,59924,59925,1,5
59919,59923,59925,2,4
59919,59923,59925,2,4
59919,59924,59925,1,5
59919,59925,59926,1,6
59919,59925,59926,1,6
59919,59925,59926,1,6
59919,59925,59926,1,6
59919,59925,59926,1,6
59919,59925,59926,1,6
59919,59925,59926,1,6
59919,59925,59926,1,6
59919,59925,59926,1,6
59919,59925,59926,1,6
59919,59925,59926,1,6
59919,59925,59926,1,6
59919,59925,59926,1,6
59919,59926,59927,1,7
59919,59926,59927,1,7
59919,59926,59927,1,7
59919,59926,59927,1,7
59919,59926,59927,1,7
59919,59926,59927,1,7
59919,59926,59927,1,7
59919,59926,59927,1,7
59919,59926,59927,1,7
59919,59926,59927,1,7
59919,59926,59927,1,7
59919,59926,59927,1,7
59919,59926,59927,1,7
59919,59926,59927,1,7
59248,59256,59945,689,8
59949,59950,59951,1,1
59205,59213,59951,738,8
59949,59950,59951,1,1
59949,59951,59952,1,2
59949,59951,59952,1,2
59949,59950,59951,1,1
59949,59950,59951,1,1
59949,59950,59951,1,1
59949,59951,59952,1,2
59949,59951,59952,1,2
59949,59950,59951,1,1
59949,59952,59953,1,3
59949,59951,59952,1,2
59949,59951,59952,1,2
59949,59951,59952,1,2
59949,59951,59952,1,2
59949,59951,59952,1,2
59949,59952,59953,1,3
59949,59951,59952,1,2
59949,59952,59953,1,3
59949,59952,59953,1,3
59949,59952,59953,1,3
59949,59952,59953,1,3
59949,59952,59953,1,3
59949,59953,59954,1,4
59949,59953,59954,1,4
59949,59953,59954,1,4
59949,59953,59954,1,4
59949,59953,59954,1,4
59949,59952,59953,1,3
59949,59953,59954,1,4
59949,59954,59955,1,5
59949,59954,59955,1,5
59949,59954,59955,1,5
59949,59953,59954,1,4
59949,59954,59955,1,5
59949,59953,59954,1,4
59949,59954,59955,1,5
59949,59954,59955,1,5
59949,59954,59955,1,5
59949,59954,59955,1,5
59949,59954,59955,1,5
59949,59954,59955,1,5
59949,59955,59956,1,6
59949,59955,59956,1,6
59949,59955,59956,1,6
59949,59955,59956,1,6
59949,59955,59956,1,6
59949,59955,59956,1,6
59949,59956,59957,1,7
59949,59956,59957,1,7
59949,59956,59957,1,7
59949,59956,59957,1,7
59949,59956,59957,1,7
59949,59956,59957,1,7
59949,59956,59957,1,7
59949,59957,59958,1,8
59956,59957,59958,1,1
59956,59957,59958,1,1
59956,59957,59958,1,1
59956,59957,59958,1,1
59956,59957,59958,1,1
59956,59957,59958,1,1
59956,59957,59958,1,1
59956,59958,59959,1,2
59956,59958,59959,1,2
59956,59958,59959,1,2
59956,59958,59959,1,2
59956,59958,59959,1,2
59956,59958,59959,1,2
59956,59959,59960,1,3
59956,59959,59960,1,3
59956,59959,59960,1,3
59956,59959,59960,1,3
59956,59959,59960,1,3
59956,59959,59960,1,3
59956,59958,59959,1,2
59956,59958,59960,2,2
59956,59958,59959,1,2
59956,59958,59959,1,2
59949,59950,59954,4,1
59956,59958,59960,2,2
59956,59959,59960,1,3
59956,59959,59960,1,3
59956,59959,59960,1,3
59956,59960,59961,1,4
59956,59960,59961,1,4
59956,59960,59961,1,4
59956,59960,59961,1,4
59956,59960,59961,1,4
59956,59960,59961,1,4
59956,59960,59961,1,4
59956,59960,59961,1,4
59956,59960,59961,1,4
59956,59961,59962,1,5
59956,59960,59961,1,4
59956,59961,59962,1,5
59956,59961,59962,1,5
59956,59961,59962,1,5
59956,59961,59962,1,5
59956,59961,59962,1,5
59956,59961,59962,1,5
59956,59961,59962,1,5
59956,59961,59962,1,5
59956,59961,59962,1,5
59949,59960,59962,2,11
59956,59960,59962,2,4
59956,59962,59963,1,6
59956,59962,59963,1,6
59956,59962,59963,1,6
59956,59962,59963,1,6
59956,59962,59963,1,6
59956,59962,59963,1,6
59956,59962,59963,1,6
59956,59961,59962,1,5
59956,59962,59963,1,6
59956,59962,59963,1,6
59956,59962,59963,1,6
59956,59962,59963,1,6
59956,59963,59964,1,7
59956,59963,59964,1,7
59956,59963,59964,1,7
59956,59963,59964,1,7
59956,59962,59963,1,6
59956,59963,59964,1,7
59956,59963,59964,1,7
59956,59963,59964,1,7
59956,59963,59964,1,7
59956,59963,59964,1,7
59956,59963,59964,1,7
59956,59963,59964,1,7
59956,59963,59964,1,7
59956,59963,59964,1,7
59956,59963,59964,1,7
59956,59964,59965,1,8
59956,59964,59965,1,8
59956,59964,59965,1,8
59956,59964,59965,1,8
59956,59964,59965,1,8
59956,59964,59965,1,8
59956,59964,59965,1,8
59956,59964,59965,1,8
59956,59964,59965,1,8
59237,59245,59965,720,8
59956,59964,59965,1,8
59979,59979,59980,1,0
59979,59979,59980,1,0
59979,59979,59980,1,0
59979,59979,59980,1,0
59979,59979,59980,1,0
59979,59979,59980,1,0
59979,59979,59980,1,0
59979,59979,59980,1,0
59979,59980,59981,1,1
59979,59979,59980,1,0
59979,59980,59981,1,1
59979,59980,59981,1,1
59979,59980,59981,1,1
59979,59980,59981,1,1
59979,59980,59981,1,1
59979,59980,59981,1,1
59979,59980,59981,1,1
59979,59980,59981,1,1
59979,59980,59981,1,1
59979,59981,59982,1,2
59979,59980,59981,1,1
59979,59981,59982,1,2
59979,59981,59982,1,2
59979,59980,59981,1,1
59979,59980,59981,1,1
59979,59981,59982,1,2
59979,59982,59983,1,3
59979,59982,59983,1,3
59979,59982,59983,1,3
59979,59982,59983,1,3
59979,59982,59983,1,3
59979,59982,59983,1,3
59979,59982,59983,1,3
59979,59982,59983,1,3
59979,59982,59983,1,3
59979,59982,59983,1,3
59979,59982,59983,1,3
59979,59981,59982,1,2
59979,59982,59983,1,3
59979,59982,59983,1,3
59979,59983,59984,1,4
59979,59983,59984,1,4
59979,59983,59984,1,4
59979,59983,59984,1,4
59979,59983,59984,1,4
59979,59983,59984,1,4
59979,59982,59983,1,3
59979,59983,59984,1,4
59258,59265,59983,718,7
59979,59983,59984,1,4
59979,59983,59984,1,4
59979,59982,59983,1,3
59979,59983,59984,1,4
59979,59983,59984,1,4
59979,59983,59984,1,4
59979,59983,59984,1,4
59979,59983,59984,1,4
59979,59983,59984,1,4
59979,59984,59985,1,5
59979,59984,59985,1,5
59979,59984,59985,1,5
59979,59984,59985,1,5
59979,59984,59985,1,5
59979,59984,59985,1,5
59979,59984,59985,1,5
59979,59984,59985,1,5
59979,59984,59985,1,5
59979,59984,59985,1,5
59979,59984,59985,1,5
59979,59984,59985,1,5
59979,59985,59986,1,6
59979,59985,59986,1,6
59979,59985,59986,1,6
59979,59985,59986,1,6
59979,59985,59986,1,6
59979,59985,59986,1,6
59979,59985,59986,1,6
59979,59985,59986,1,6
59979,59985,59986,1,6
59979,59986,59987,1,7
59979,59985,59986,1,6
59979,59985,59986,1,6
59993,59993,59994,1,0
59993,59993,59994,1,0
59993,59994,59995,1,1
59993,59993,59994,1,0
59993,59993,59994,1,0
59993,59993,59994,1,0
59993,59994,59995,1,1
59993,59995,59996,1,2
59993,59994,59995,1,1
59993,59994,59995,1,1
59993,59994,59995,1,1
59993,59994,59995,1,1
59993,59994,59995,1,1
59993,59994,59995,1,1
59993,59995,59996,1,2
59993,59994,59995,1,1
59993,59994,59995,1,1
59993,59994,59995,1,1
59993,59994,59995,1,1
59993,59995,59996,1,2
59993,59996,59997,1,3
59993,59996,59997,1,3
59993,59996,59997,1,3
59993,59996,59997,1,3
59993,59996,59997,1,3
59993,59995,59996,1,2
59993,59996,59997,1,3
59993,59995,59996,1,2
59993,59996,59997,1,3
59993,59996,59997,1,3
59993,59996,59997,1,3
59993,59997,59998,1,4
59993,59996,59997,1,3
59993,59997,59998,1,4
59993,59996,59997,1,3
59993,59997,59998,1,4
59993,59997,59998,1,4
59993,59997,59998,1,4
59993,59998,59999,1,5
59993,59998,59999,1,5
59993,59998,59999,1,5
59993,59998,59999,1,5
59993,59998,59999,1,5
59993,59998,59999,1,5
59993,59998,59999,1,5
59993,59998,59999,1,5
59993,59997,59999,2,4
59993,59997,59998,1,4
59993,59998,59999,1,5
59993,59999,60000,1,6
59993,59999,60000,1,6
59993,59998,59999,1,5
59993,59999,60000,1,6
59993,59999,60000,1,6
59993,59999,60000,1,6
59993,59999,60000,1,6
59993,59999,60000,1,6
59993,59999,60000,1,6
59993,59998,59999,1,5
59993,59999,60000,1,6
59993,59999,60000,1,6
59993,59999,60000,1,6
59993,60000,60001,1,7
59993,60000,60001,1,7
59993,60000,60001,1,7
59993,59999,60001,2,6
59993,59999,60001,2,6
59585,59592,60056,464,7
60058,60058,60059,1,0
60058,60058,60059,1,0
60058,60058,60059,1,0
60058,60058,60059,1,0
60058,60058,60059,1,0
60058,60058,60059,1,0
60058,60058,60059,1,0
60058,60058,60060,2,0
60058,60058,60059,1,0
60058,60058,60060,2,0
60058,60059,60060,1,1
60058,60059,60060,1,1
60058,60059,60060,1,1
60058,60059,60060,1,1
60058,60058,60061,3,0
60058,60059,60061,2,1
60058,60059,60061,2,1
60058,60059,60061,2,1
60058,60059,60061,2,1
60058,60059,60062,3,1
60058,60060,60062,2,2
60058,60059,60061,2,1
60058,60059,60061,2,1
60058,60061,60063,2,3
60058,60060,60062,2,2
60058,60061,60062,1,3
60058,60061,60062,1,3
60058,60061,60062,1,3
60058,60060,60062,2,2
60058,60060,60062,2,2
60058,60060,60063,3,2
60058,60062,60064,2,4
60058,60062,60064,2,4
60058,60062,60064,2,4
60058,60062,60064,2,4
60058,60062,60064,2,4
60058,60062,60064,2,4
60058,60062,60064,2,4
60058,60063,60064,1,5
60058,60062,60065,3,4
60058,60063,60064,1,5
60058,60063,60064,1,5
60058,60063,60064,1,5
60058,60063,60065,2,5
60058,60062,60064,2,4
60058,60063,60065,2,5
60058,60065,60066,1,7
59368,59376,60066,690,8
60058,60063,60065,2,5
60058,60064,60066,2,6
60058,60065,60066,1,7
60058,60065,60066,1,7
60058,60065,60066,1,7
60058,60064,60066,2,6
60058,60064,60065,1,6
60058,60064,60066,2,6
60058,60064,60065,1,6
60058,60064,60066,2,6
60058,60064,60066,2,6
60058,60065,60066,1,7
60058,60064,60066,2,6
60058,60065,60067,2,7
60058,60066,60067,1,8
60058,60066,60067,1,8
60058,60066,60067,1,8
60058,60066,60067,1,8
60058,60065,60066,1,7
60058,60066,60067,1,8
60058,60066,60067,1,8
60058,60065,60066,1,7
60058,60066,60067,1,8
60058,60066,60067,1,8
60058,60066,60067,1,8
60058,60066,60067,1,8
60058,60066,60067,1,8
60058,60066,60067,1,8
60058,60067,60068,1,9
60058,60067,60068,1,9
60058,60067,60068,1,9
60058,60067,60068,1,9
60058,60067,60068,1,9
60058,60067,60068,1,9
60058,60067,60068,1,9
60058,60067,60068,1,9
60058,60067,60068,1,9
60058,60067,60068,1,9
60058,60067,60068,1,9
60058,60067,60068,1,9
60058,60067,60068,1,9
60058,60067,60068,1,9
60058,60067,60068,1,9
60058,60067,60068,1,9
60058,60067,60068,1,9
60066,60068,60069,1,2
60066,60068,60069,1,2
60066,60068,60069,1,2
60066,60068,60069,1,2
60066,60068,60069,1,2
60066,60068,60069,1,2
60066,60068,60069,1,2
60066,60068,60069,1,2
60066,60068,60069,1,2
60066,60068,60069,1,2
60066,60068,60069,1,2
60066,60069,60070,1,3
60066,60068,60069,1,2
60066,60069,60070,1,3
60066,60069,60070,1,3
60066,60069,60071,2,3
60066,60069,60071,2,3
60066,60069,60071,2,3
60066,60069,60071,2,3
60066,60069,60071,2,3
60066,60069,60071,2,3
60066,60069,60071,2,3
60066,60069,60071,2,3
60066,60069,60071,2,3
60066,60069,60071,2,3
60066,60070,60071,1,4
60066,60069,60072,3,3
60066,60068,60072,4,2
60066,60069,60071,2,3
60066,60070,60072,2,4
60066,60071,60073,2,5
60066,60072,60073,1,6
60066,60072,60073,1,6
60066,60071,60073,2,5
60066,60071,60073,2,5
60066,60071,60073,2,5
60066,60071,60073,2,5
60066,60071,60073,2,5
60066,60071,60073,2,5
60066,60071,60073,2,5
60066,60072,60073,1,6
60066,60072,60073,1,6
60066,60072,60073,1,6
60066,60071,60073,2,5
60066,60073,60074,1,7
60066,60073,60074,1,7
60066,60072,60073,1,6
60066,60073,60074,1,7
60066,60073,60074,1,7
60066,60073,60074,1,7
60066,60073,60074,1,7
60066,60073,60074,1,7
60066,60073,60074,1,7
60066,60074,60075,1,8
60066,60074,60075,1,8
60066,60074,60075,1,8
60066,60074,60075,1,8
60066,60074,60075,1,8
60066,60074,60075,1,8
60066,60074,60075,1,8
60066,60075,60076,1,9
60066,60075,60076,1,9
60066,60075,60076,1,9
60066,60075,60076,1,9
60066,60075,60076,1,9
60066,60075,60076,1,9
60066,60074,60076,2,8
60066,60075,60076,1,9
60066,60076,60077,1,10
60066,60076,60077,1,10
60066,60076,60077,1,10
60066,60076,60077,1,10
60066,60076,60077,1,10
60066,60076,60077,1,10
60066,60076,60077,1,10
60066,60076,60077,1,10
60066,60076,60077,1,10
59633,59640,60140,500,7
60142,60142,60143,1,0
60142,60142,60143,1,0
60142,60142,60143,1,0
60142,60142,60143,1,0
60142,60142,60143,1,0
60142,60142,60143,1,0
60142,60142,60143,1,0
60142,60142,60143,1,0
60142,60142,60143,1,0
60142,60142,60144,2,0
60142,60142,60144,2,0
60142,60142,60143,1,0
60142,60142,60143,1,0
60142,60142,60144,2,0
60142,60142,60144,2,0
60142,60142,60144,2,0
60142,60143,60145,2,1
60142,60143,60145,2,1
60142,60143,60145,2,1
60142,60143,60145,2,1
60142,60143,60146,3,1
60142,60143,60146,3,1
60142,60144,60145,1,2
60142,60143,60145,2,1
60142,60143,60146,3,1
60142,60144,60146,2,2
60142,60143,60146,3,1
60142,60144,60146,2,2
60142,60144,60146,2,2
60142,60144,60146,2,2
60142,60145,60146,1,3
60142,60144,60147,3,2
60142,60144,60146,2,2
60142,60145,60147,2,3
60142,60145,60147,2,3
60142,60145,60147,2,3
60142,60145,60148,3,3
60142,60146,60148,2,4
60142,60146,60148,2,4
60142,60146,60148,2,4
60142,60146,60148,2,4
60142,60146,60148,2,4
60142,60146,60148,2,4
60142,60146,60148,2,4
60142,60146,60148,2,4
60142,60146,60148,2,4
60142,60147,60149,2,5
60142,60147,60148,1,5
60142,60147,60149,2,5
60142,60147,60149,2,5
60142,60147,60148,1,5
60142,60147,60148,1,5
60142,60147,60148,1,5
60142,60148,60149,1,6
60142,60149,60150,1,7
60142,60149,60150,1,7
60142,60149,60150,1,7
60142,60149,60150,1,7
60142,60148,60150,2,6
60142,60148,60149,1,6
60142,60148,60150,2,6
60142,60148,60150,2,6
60142,60148,60150,2,6
60142,60148,60150,2,6
60142,60148,60150,2,6
60142,60148,60150,2,6
60142,60149,60150,1,7
60142,60148,60150,2,6
60142,60149,60150,1,7
60142,60150,60151,1,8
60142,60149,60151,2,7
60142,60149,60150,1,7
60142,60150,60151,1,8
60142,60150,60151,1,8
60142,60150,60151,1,8
60142,60151,60152,1,9
60142,60151,60152,1,9
60142,60151,60152,1,9
60142,60151,60152,1,9
60142,60151,60152,1,9
60142,60151,60152,1,9
60142,60151,60152,1,9
60142,60151,60153,2,9
59457,59465,60168,703,8
60170,60170,60171,1,0
60170,60170,60171,1,0
60170,60170,60171,1,0
60170,60170,60171,1,0
60170,60170,60171,1,0
60170,60170,60171,1,0
60170,60170,60171,1,0
60170,60170,60171,1,0
60170,60170,60171,1,0
60170,60170,60172,2,0
60170,60170,60172,2,0
60170,60170,60171,1,0
60170,60170,60172,2,0
60170,60171,60172,1,1
60170,60171,60172,1,1
60170,60172,60173,1,2
60170,60170,60173,3,0
60170,60172,60173,1,2
60170,60172,60173,1,2
60170,60172,60173,1,2
60170,60172,60174,2,2
60170,60172,60174,2,2
60170,60172,60173,1,2
60170,60172,60173,1,2
60170,60173,60174,1,3
60170,60172,60174,2,2
60170,60172,60174,2,2
60170,60173,60174,1,3
60170,60173,60174,1,3
60170,60173,60174,1,3
60170,60174,60175,1,4
60170,60174,60175,1,4
60170,60173,60175,2,3
60170,60173,60175,2,3
60170,60174,60175,1,4
60170,60174,60175,1,4
60170,60174,60175,1,4
60170,60174,60175,1,4
60170,60174,60175,1,4
60170,60175,60176,1,5
60170,60174,60175,1,4
60170,60175,60176,1,5
60170,60174,60176,2,4
60170,60175,60176,1,5
60170,60176,60177,1,6
60170,60176,60177,1,6
60170,60176,60177,1,6
60170,60176,60177,1,6
60170,60176,60177,1,6
60170,60176,60177,1,6
60170,60176,60177,1,6
60170,60176,60177,1,6
60170,60176,60177,1,6
60170,60177,60178,1,7
60170,60177,60178,1,7
60170,60177,60178,1,7
60170,60177,60178,1,7
60170,60177,60178,1,7
60170,60177,60178,1,7
60170,60177,60178,1,7
60170,60177,60178,1,7
60170,60178,60179,1,8
60170,60178,60179,1,8
60170,60178,60179,1,8
60170,60178,60179,1,8
60170,60178,60179,1,8
60170,60178,60179,1,8
60170,60178,60179,1,8
60170,60178,60179,1,8
60170,60179,60180,1,9
60170,60179,60180,1,9
60170,60179,60180,1,9
59490,59498,60195,697,8
60196,60196,60197,1,0
60196,60196,60197,1,0
60196,60196,60197,1,0
60196,60196,60197,1,0
60196,60196,60197,1,0
60196,60196,60197,1,0
60196,60196,60197,1,0
60196,60197,60198,1,1
60196,60197,60198,1,1
60196,60197,60198,1,1
60196,60197,60198,1,1
60196,60196,60199,3,0
60196,60198,60199,1,2
60196,60198,60199,1,2
60196,60198,60199,1,2
60196,60198,60199,1,2
60196,60196,60199,3,0
60196,60198,60199,1,2
60196,60198,60200,2,2
60196,60198,60199,1,2
60196,60198,60200,2,2
60196,60198,60200,2,2
60196,60198,60199,1,2
60196,60199,60201,2,3
60196,60198,60200,2,2
60196,60199,60200,1,3
60196,60199,60200,1,3
60196,60199,60200,1,3
60196,60200,60201,1,4
60196,60200,60201,1,4
60196,60200,60201,1,4
60196,60200,60201,1,4
60196,60200,60202,2,4
60196,60200,60201,1,4
60196,60201,60202,1,5
60196,60201,60202,1,5
60196,60201,60202,1,5
60196,60201,60202,1,5
60196,60201,60202,1,5
60196,60201,60202,1,5
60196,60201,60202,1,5
60196,60202,60203,1,6
60196,60201,60203,2,5
60196,60202,60203,1,6
60196,60202,60203,1,6
60196,60201,60202,1,5
60196,60201,60202,1,5
60196,60202,60203,1,6
60196,60203,60204,1,7
60196,60203,60204,1,7
60196,60203,60204,1,7
60196,60203,60204,1,7
60196,60203,60204,1,7
60196,60203,60204,1,7
60196,60203,60204,1,7
60196,60203,60204,1,7
60196,60203,60204,1,7
60196,60202,60203,1,6
60196,60203,60204,1,7
60196,60203,60204,1,7
60196,60204,60205,1,8
60196,60204,60205,1,8
60196,60204,60205,1,8
60196,60204,60205,1,8
60196,60204,60205,1,8
60196,60204,60205,1,8
60196,60204,60205,1,8
60196,60204,60205,1,8
60196,60204,60205,1,8
60196,60204,60205,1,8
60196,60204,60205,1,8
60196,60203,60204,1,7
60196,60204,60205,1,8
60196,60204,60205,1,8
60196,60200,60205,5,4
60196,60205,60206,1,9
60196,60205,60206,1,9
60196,60205,60206,1,9
60196,60205,60206,1,9
60196,60205,60206,1,9
60196,60205,60206,1,9
60196,60205,60206,1,9
59783,59790,60260,470,7
60262,60262,60263,1,0
59546,59555,60263,708,9
60262,60262,60263,1,0
60262,60262,60263,1,0
60262,60262,60263,1,0
60262,60262,60263,1,0
60262,60263,60264,1,1
60262,60262,60263,1,0
60262,60263,60264,1,1
60262,60263,60264,1,1
60262,60263,60264,1,1
60262,60263,60264,1,1
60262,60262,60263,1,0
60262,60262,60263,1,0
60262,60264,60265,1,2
60262,60263,60264,1,1
60262,60263,60264,1,1
60262,60263,60264,1,1
60262,60262,60265,3,0
60262,60263,60264,1,1
60262,60263,60264,1,1
60262,60263,60264,1,1
60262,60263,60264,1,1
60262,60263,60264,1,1
60262,60262,60266,4,0
60262,60264,60266,2,2
60262,60264,60265,1,2
60262,60264,60265,1,2
60262,60264,60265,1,2
60262,60264,60265,1,2
60262,60264,60266,2,2
60262,60264,60266,2,2
60262,60265,60266,1,3
60262,60265,60267,2,3
60262,60265,60267,2,3
60262,60266,60267,1,4
60262,60265,60267,2,3
60262,60265,60267,2,3
60262,60265,60267,2,3
60262,60265,60267,2,3
60262,60265,60266,1,3
60262,60265,60267,2,3
60262,60265,60267,2,3
60262,60266,60267,1,4
60262,60266,60267,1,4
60262,60266,60267,1,4
60262,60267,60268,1,5
60262,60266,60268,2,4
60262,60266,60267,1,4
60262,60266,60268,2,4
60262,60267,60268,1,5
60262,60267,60269,2,5
60262,60267,60268,1,5
60262,60266,60268,2,4
60262,60268,60269,1,6
60262,60268,60269,1,6
60262,60268,60269,1,6
60262,60268,60269,1,6
60262,60267,60269,2,5
60262,60267,60268,1,5
60262,60268,60269,1,6
60262,60267,60268,1,5
60262,60267,60268,1,5
60262,60267,60268,1,5
60262,60269,60270,1,7
60262,60268,60269,1,6
60262,60269,60270,1,7
60262,60269,60270,1,7
60262,60269,60270,1,7
60262,60269,60270,1,7
60262,60269,60270,1,7
60262,60269,60270,1,7
60262,60269,60270,1,7
60262,60269,60270,1,7
60262,60269,60270,1,7
60262,60269,60270,1,7
60262,60270,60271,1,8
60262,60269,60270,1,7
60262,60269,60270,1,7
60262,60270,60271,1,8
60262,60268,60270,2,6
60262,60269,60270,1,7
60262,60270,60271,1,8
60262,60270,60271,1,8
60262,60270,60271,1,8
60262,60270,60271,1,8
60262,60269,60270,1,7
60262,60270,60271,1,8
60264,60271,60272,1,7
60264,60271,60272,1,7
60264,60271,60272,1,7
60264,60271,60272,1,7
60264,60272,60273,1,8
60264,60271,60273,2,7
60264,60272,60273,1,8
60264,60272,60273,1,8
60264,60272,60273,1,8
60264,60272,60273,1,8
60264,60272,60274,2,8
60264,60273,60274,1,9
60264,60273,60274,1,9
60264,60273,60274,1,9
60264,60273,60274,1,9
60264,60273,60275,2,9
60264,60273,60275,2,9
60264,60273,60275,2,9
60264,60272,60274,2,8
60264,60272,60274,2,8
60264,60272,60274,2,8
60264,60273,60275,2,9
60264,60274,60276,2,10
60264,60274,60276,2,10
60264,60274,60276,2,10
60264,60274,60276,2,10
60264,60274,60276,2,10
60264,60273,60276,3,9
60264,60275,60276,1,11
60264,60275,60276,1,11
60264,60275,60276,1,11
60264,60275,60276,1,11
60264,60275,60277,2,11
60264,60275,60276,1,11
60264,60275,60276,1,11
60264,60275,60277,2,11
60264,60275,60277,2,11
60264,60276,60277,1,12
60264,60276,60278,2,12
60264,60276,60277,1,12
60264,60276,60277,1,12
60264,60276,60277,1,12
60264,60276,60277,1,12
60264,60276,60278,2,12
60264,60277,60278,1,13
60264,60277,60278,1,13
60264,60277,60278,1,13
60264,60277,60278,1,13
60264,60277,60278,1,13
60264,60277,60278,1,13
60264,60277,60278,1,13
60264,60278,60279,1,14
60264,60278,60279,1,14
60264,60277,60279,2,13
60264,60277,60278,1,13
60264,60278,60279,1,14
60264,60278,60279,1,14
60264,60278,60279,1,14
60264,60277,60278,1,13
60264,60278,60279,1,14
60264,60278,60279,1,14
60264,60279,60280,1,15
60264,60279,60280,1,15
60264,60279,60280,1,15
60264,60279,60280,1,15
60264,60279,60280,1,15
60264,60279,60280,1,15
60264,60279,60280,1,15
60264,60279,60280,1,15
60264,60279,60280,1,15
60264,60279,60280,1,15
60264,60279,60280,1,15
60264,60279,60280,1,15
60264,60280,60281,1,16
60264,60280,60281,1,16
60264,60280,60281,1,16
60264,60280,60281,1,16
60264,60280,60281,1,16
60264,60280,60281,1,16
60264,60280,60281,1,16
60264,60280,60281,1,16
60264,60280,60281,1,16
60264,60280,60281,1,16
60264,60280,60281,1,16
60264,60280,60281,1,16
59860,59867,60346,479,7
60347,60347,60348,1,0
60347,60347,60348,1,0
60347,60347,60348,1,0
60347,60347,60348,1,0
60347,60347,60348,1,0
60347,60347,60348,1,0
60347,60347,60348,1,0
60347,60347,60348,1,0
60347,60347,60348,1,0
60347,60347,60348,1,0
60347,60347,60348,1,0
60347,60347,60348,1,0
60347,60347,60349,2,0
60347,60347,60349,2,0
60347,60347,60349,2,0
60347,60347,60349,2,0
60347,60347,60349,2,0
60347,60349,60350,1,2
60347,60348,60350,2,1
60347,60348,60350,2,1
60347,60348,60350,2,1
60347,60348,60350,2,1
60347,60349,60350,1,2
60347,60349,60350,1,2
60347,60349,60350,1,2
60347,60350,60351,1,3
60347,60349,60350,1,2
60347,60350,60351,1,3
60347,60350,60351,1,3
60347,60349,60351,2,2
60347,60350,60351,1,3
60347,60350,60351,1,3
60347,60350,60351,1,3
60347,60351,60352,1,4
60347,60350,60351,1,3
60347,60351,60352,1,4
60347,60350,60352,2,3
60347,60352,60353,1,5
60347,60352,60353,1,5
60347,60351,60352,1,4
60347,60351,60352,1,4
60347,60351,60352,1,4
60347,60351,60352,1,4
60347,60351,60352,1,4
60347,60352,60353,1,5
60347,60352,60353,1,5
60347,60353,60354,1,6
60347,60353,60354,1,6
60347,60353,60354,1,6
60347,60353,60354,1,6
60347,60352,60353,1,5
60347,60352,60353,1,5
60347,60353,60354,1,6
60347,60353,60354,1,6
60347,60353,60354,1,6
60347,60353,60354,1,6
60347,60353,60354,1,6
60347,60353,60354,1,6
60347,60353,60354,1,6
60347,60354,60355,1,7
60347,60354,60355,1,7
60347,60354,60355,1,7
60347,60354,60355,1,7
60347,60354,60355,1,7
60347,60354,60355,1,7
60347,60354,60355,1,7
60347,60355,60356,1,8
60347,60355,60356,1,8
60347,60355,60356,1,8
60347,60354,60355,1,7
60347,60355,60356,1,8
60347,60355,60356,1,8
60347,60355,60356,1,8
60347,60355,60356,1,8
60347,60355,60356,1,8
60347,60355,60356,1,8
60347,60355,60356,1,8
60347,60355,60356,1,8
59895,59902,60382,480,7
59900,59911,60383,472,11
60382,60382,60383,1,0
60382,60382,60383,1,0
60382,60382,60383,1,0
60382,60382,60383,1,0
60382,60382,60383,1,0
60382,60382,60383,1,0
60382,60382,60383,1,0
60382,60382,60383,1,0
60382,60382,60383,1,0
60382,60382,60383,1,0
60382,60382,60383,1,0
60382,60382,60383,1,0
60382,60384,60385,1,2
60382,60384,60385,1,2
60382,60383,60384,1,1
60382,60384,60385,1,2
60382,60383,60385,2,1
60382,60384,60385,1,2
60382,60384,60385,1,2
60382,60384,60385,1,2
60382,60384,60385,1,2
60382,60384,60385,1,2
60382,60385,60386,1,3
60382,60384,60385,1,2
60382,60384,60385,1,2
60382,60384,60385,1,2
60382,60385,60386,1,3
60382,60385,60386,1,3
60382,60385,60386,1,3
60382,60386,60387,1,4
60382,60385,60386,1,3
60382,60386,60387,1,4
60382,60385,60386,1,3
60382,60386,60387,1,4
60382,60386,60387,1,4
60382,60386,60387,1,4
60382,60386,60387,1,4
60382,60386,60387,1,4
60382,60386,60387,1,4
60382,60386,60387,1,4
60382,60386,60387,1,4
60382,60386,60387,1,4
60382,60387,60388,1,5
60382,60387,60388,1,5
60382,60387,60388,1,5
60382,60388,60389,1,6
60382,60382,60389,7,0
60382,60388,60389,1,6
60382,60388,60389,1,6
60382,60389,60390,1,7
60382,60388,60389,1,6
60382,60388,60389,1,6
60382,60388,60389,1,6
60382,60388,60389,1,6
60382,60388,60389,1,6
60382,60388,60389,1,6
60382,60388,60389,1,6
60382,60388,60389,1,6
60382,60388,60389,1,6
60382,60388,60389,1,6
60382,60388,60389,1,6
60382,60389,60390,1,7
60382,60389,60390,1,7
60382,60390,60391,1,8
60382,60390,60391,1,8
60382,60390,60391,1,8
60382,60390,60391,1,8
60382,60390,60391,1,8
60382,60390,60391,1,8
60382,60390,60391,1,8
60382,60384,60391,7,2
60382,60390,60391,1,8
60382,60390,60391,1,8
60382,60391,60392,1,9
60382,60391,60392,1,9
60382,60390,60391,1,8
60382,60390,60391,1,8
60382,60390,60391,1,8
60382,60390,60391,1,8
60382,60390,60391,1,8
60382,60390,60391,1,8
60382,60391,60392,1,9
60382,60391,60392,1,9
60382,60391,60392,1,9
60382,60391,60392,1,9
60382,60391,60392,1,9
60382,60391,60392,1,9
60382,60391,60392,1,9
60382,60392,60393,1,10
60382,60392,60393,1,10
60384,60392,60393,1,8
60384,60392,60393,1,8
60384,60392,60393,1,8
60384,60392,60393,1,8
60384,60392,60393,1,8
60384,60392,60393,1,8
60384,60392,60393,1,8
60384,60392,60393,1,8
60384,60392,60393,1,8
60384,60392,60393,1,8
60382,60392,60393,1,10
60384,60393,60394,1,9
60384,60393,60394,1,9
60384,60393,60394,1,9
60384,60393,60394,1,9
60384,60393,60394,1,9
60384,60393,60394,1,9
60384,60393,60394,1,9
60384,60393,60394,1,9
60384,60393,60394,1,9
60384,60393,60394,1,9
60384,60393,60394,1,9
60382,60392,60394,2,10
60384,60394,60395,1,10
60384,60394,60395,1,10
60384,60394,60395,1,10
60384,60394,60395,1,10
60384,60394,60395,1,10
60384,60393,60395,2,9
60384,60393,60395,2,9
60384,60394,60395,1,10
60384,60394,60395,1,10
60384,60394,60396,2,10
60384,60395,60396,1,11
60384,60395,60396,1,11
60384,60395,60396,1,11
60384,60394,60395,1,10
60384,60394,60395,1,10
60384,60395,60396,1,11
60384,60395,60396,1,11
60384,60396,60397,1,12
60384,60396,60397,1,12
60384,60396,60397,1,12
60384,60397,60398,1,13
60384,60397,60398,1,13
60384,60396,60397,1,12
60384,60396,60397,1,12
60384,60396,60397,1,12
60384,60397,60398,1,13
60384,60397,60398,1,13
60384,60397,60398,1,13
60384,60395,60398,3,11
60384,60398,60399,1,14
60384,60398,60399,1,14
60384,60398,60399,1,14
60384,60398,60399,1,14
60384,60398,60399,1,14
60384,60398,60399,1,14
60384,60398,60399,1,14
60384,60398,60399,1,14
60384,60397,60398,1,13
60384,60399,60400,1,15
60384,60399,60400,1,15
60384,60399,60400,1,15
60384,60399,60400,1,15
60384,60399,60400,1,15
60384,60399,60400,1,15
60384,60399,60400,1,15
60384,60399,60400,1,15
60384,60398,60399,1,14
60384,60398,60399,1,14
60384,60399,60400,1,15
60384,60399,60400,1,15
60384,60399,60400,1,15
60384,60400,60401,1,16
60384,60399,60400,1,15
60384,60400,60401,1,16
60384,60400,60401,1,16
60384,60399,60402,3,15
59669,59678,60425,747,9
60428,60428,60429,1,0
60428,60428,60429,1,0
60428,60428,60429,1,0
60428,60428,60430,2,0
60428,60428,60429,1,0
60428,60428,60429,1,0
60428,60428,60429,1,0
60428,60428,60430,2,0
60428,60428,60429,1,0
60428,60429,60430,1,1
60428,60429,60430,1,1
60428,60429,60430,1,1
60428,60429,60431,2,1
60428,60429,60431,2,1
60428,60430,60431,1,2
60428,60428,60431,3,0
60428,60430,60431,1,2
60428,60430,60431,1,2
60428,60429,60431,2,1
60428,60429,60431,2,1
60428,60430,60432,2,2
60428,60430,60432,2,2
60428,60430,60432,2,2
60428,60431,60432,1,3
60428,60431,60432,1,3
60428,60431,60432,1,3
60428,60430,60432,2,2
60428,60430,60432,2,2
60428,60431,60433,2,3
60428,60431,60433,2,3
60428,60432,60433,1,4
60428,60432,60433,1,4
60428,60433,60434,1,5
60428,60432,60433,1,4
60428,60433,60434,1,5
60428,60433,60434,1,5
60428,60433,60434,1,5
60428,60432,60433,1,4
60428,60432,60434,2,4
60428,60433,60434,1,5
60428,60433,60434,1,5
60428,60432,60434,2,4
60428,60433,60435,2,5
60428,60434,60435,1,6
60428,60434,60435,1,6
60428,60434,60435,1,6
60428,60434,60435,1,6
60428,60434,60435,1,6
60428,60434,60435,1,6
60428,60434,60435,1,6
60428,60435,60436,1,7
60428,60435,60436,1,7
60428,60434,60435,1,6
60428,60434,60435,1,6
60428,60435,60436,1,7
60428,60435,60436,1,7
60428,60432,60433,1,4
60428,60436,60437,1,8
60428,60435,60436,1,7
60428,60436,60437,1,8
60428,60435,60436,1,7
60428,60435,60436,1,7
60428,60435,60436,1,7
60428,60436,60437,1,8
60428,60436,60437,1,8
60428,60436,60437,1,8
60428,60436,60437,1,8
60428,60437,60438,1,9
60428,60437,60438,1,9
60428,60436,60437,1,8
60428,60437,60438,1,9
60428,60437,60438,1,9
60428,60437,60438,1,9
60428,60437,60438,1,9
60428,60437,60438,1,9
60428,60437,60438,1,9
60428,60437,60438,1,9
60428,60437,60438,1,9
60428,60438,60439,1,10
60428,60438,60439,1,10
60428,60440,60442,2,12
60428,60440,60442,2,12
59957,59964,60446,482,7
60448,60448,60449,1,0
60448,60448,60449,1,0
60448,60448,60449,1,0
60448,60448,60449,1,0
60448,60448,60449,1,0
60448,60448,60449,1,0
60448,60449,60450,1,1
60448,60449,60450,1,1
60448,60449,60450,1,1
60448,60449,60450,1,1
60448,60449,60450,1,1
60448,60449,60450,1,1
60448,60449,60450,1,1
60448,60449,60450,1,1
60448,60449,60450,1,1
60448,60449,60451,2,1
60448,60449,60451,2,1
60448,60449,60450,1,1
60448,60450,60451,1,2
60448,60451,60452,1,3
60448,60449,60451,2,1
60448,60450,60451,1,2
60448,60451,60452,1,3
60448,60450,60452,2,2
60448,60451,60452,1,3
60448,60451,60452,1,3
60448,60451,60452,1,3
60448,60451,60452,1,3
60448,60451,60452,1,3
60448,60451,60452,1,3
60448,60452,60453,1,4
60448,60451,60453,2,3
60448,60451,60452,1,3
60448,60451,60452,1,3
60448,60451,60452,1,3
60448,60452,60453,1,4
60448,60453,60454,1,5
60448,60452,60453,1,4
59951,59957,60453,496,6
60448,60453,60454,1,5
60448,60453,60454,1,5
60448,60453,60454,1,5
60448,60453,60454,1,5
60448,60452,60454,2,4
60448,60453,60454,1,5
60448,60453,60454,1,5
60448,60453,60454,1,5
60448,60453,60454,1,5
60448,60453,60454,1,5
60448,60454,60455,1,6
60448,60453,60454,1,5
60448,60454,60455,1,6
60448,60454,60455,1,6
60448,60454,60455,1,6
60448,60454,60455,1,6
60448,60454,60455,1,6
60448,60454,60455,1,6
60448,60454,60455,1,6
60448,60454,60455,1,6
60448,60454,60455,1,6
60448,60454,60455,1,6
60448,60454,60455,1,6
60448,60454,60455,1,6
60448,60455,60456,1,7
60448,60455,60456,1,7
60448,60455,60456,1,7
60448,60455,60456,1,7
60448,60455,60456,1,7
60448,60455,60456,1,7
60448,60455,60456,1,7
60448,60455,60456,1,7
60448,60454,60455,1,6
60448,60454,60455,1,6
60448,60455,60456,1,7
60448,60455,60456,1,7
60448,60455,60456,1,7
60448,60455,60456,1,7
60448,60455,60456,1,7
60448,60455,60456,1,7
60448,60456,60457,1,8
60448,60456,60457,1,8
60448,60456,60457,1,8
60448,60456,60457,1,8
60448,60456,60457,1,8
60448,60456,60457,1,8
60448,60456,60457,1,8
60448,60456,60457,1,8
60455,60456,60457,1,1
60455,60456,60457,1,1
60455,60456,60457,1,1
60455,60456,60457,1,1
60455,60456,60457,1,1
60455,60456,60457,1,1
60455,60457,60458,1,2
60455,60457,60458,1,2
60455,60457,60458,1,2
60455,60457,60458,1,2
60455,60457,60458,1,2
60455,60457,60458,1,2
60455,60457,60458,1,2
60455,60457,60458,1,2
60455,60457,60458,1,2
60455,60457,60458,1,2
60455,60457,60459,2,2
60455,60457,60459,2,2
60455,60457,60459,2,2
60455,60457,60459,2,2
60428,60431,60459,28,3
60455,60458,60460,2,3
60455,60458,60460,2,3
60455,60458,60460,2,3
60455,60458,60460,2,3
60455,60458,60460,2,3
60455,60458,60460,2,3
60455,60458,60460,2,3
60455,60457,60459,2,2
60455,60457,60459,2,2
60455,60458,60460,2,3
60455,60458,60460,2,3
60455,60459,60461,2,4
60455,60460,60461,1,5
60455,60460,60461,1,5
60455,60460,60461,1,5
60455,60460,60461,1,5
60455,60460,60462,2,5
60455,60461,60462,1,6
60455,60460,60462,2,5
60455,60461,60462,1,6
60455,60461,60462,1,6
60455,60461,60462,1,6
60455,60462,60463,1,7
60455,60461,60463,2,6
60455,60461,60463,2,6
60455,60461,60463,2,6
60455,60461,60463,2,6
60455,60462,60463,1,7
60455,60462,60463,1,7
60455,60463,60464,1,8
60455,60464,60465,1,9
60455,60464,60465,1,9
60455,60464,60465,1,9
60455,60464,60465,1,9
60455,60463,60464,1,8
60455,60463,60464,1,8
60455,60463,60464,1,8
60455,60465,60466,1,10
60455,60465,60466,1,10
60455,60465,60466,1,10
60455,60465,60466,1,10
60455,60465,60466,1,10
60455,60465,60466,1,10
60455,60465,60466,1,10
60455,60460,60468,8,5
59980,59986,60476,490,6
60480,60480,60481,1,0
60480,60480,60481,1,0
60480,60480,60481,1,0
60480,60480,60481,1,0
60480,60480,60481,1,0
60480,60480,60481,1,0
60480,60480,60481,1,0
60480,60480,60481,1,0
60480,60480,60481,1,0
60480,60480,60481,1,0
60480,60480,60481,1,0
60480,60480,60481,1,0
60480,60480,60481,1,0
60480,60480,60481,1,0
60480,60481,60482,1,1
60480,60481,60482,1,1
60480,60481,60482,1,1
60480,60481,60483,2,1
60480,60481,60483,2,1
60480,60481,60483,2,1
60480,60481,60483,2,1
60480,60481,60483,2,1
60480,60481,60482,1,1
60480,60482,60483,1,2
60480,60481,60483,2,1
60480,60481,60483,2,1
60480,60482,60484,2,2
60480,60482,60484,2,2
60480,60481,60484,3,1
60480,60482,60484,2,2
60480,60483,60484,1,3
60480,60483,60484,1,3
60480,60483,60484,1,3
60480,60483,60484,1,3
60480,60483,60484,1,3
60480,60483,60484,1,3
60480,60482,60484,2,2
60480,60483,60485,2,3
60480,60483,60485,2,3
60480,60483,60485,2,3
60480,60483,60484,1,3
60480,60485,60486,1,5
60480,60485,60486,1,5
60480,60484,60485,1,4
60480,60484,60486,2,4
60480,60484,60486,2,4
60480,60485,60486,1,5
60480,60485,60486,1,5
60480,60486,60487,1,6
60480,60486,60487,1,6
60480,60485,60486,1,5
60480,60485,60486,1,5
60480,60485,60486,1,5
60480,60485,60486,1,5
60480,60485,60486,1,5
60480,60484,60487,3,4
60480,60485,60487,2,5
60480,60487,60488,1,7
60480,60486,60487,1,6
60480,60487,60488,1,7
60480,60487,60488,1,7
60480,60486,60488,2,6
60480,60487,60488,1,7
60480,60487,60488,1,7
60480,60487,60488,1,7
60480,60487,60488,1,7
60480,60488,60489,1,8
60480,60488,60489,1,8
60480,60488,60489,1,8
60480,60487,60489,2,7
60480,60489,60490,1,9
60480,60488,60489,1,8
60480,60489,60490,1,9
60480,60489,60490,1,9
60480,60488,60489,1,8
59825,59837,60551,714,12
60554,60554,60555,1,0
60554,60554,60555,1,0
60554,60554,60555,1,0
60554,60554,60555,1,0
60554,60554,60555,1,0
60554,60554,60555,1,0
60554,60554,60555,1,0
60554,60554,60555,1,0
60554,60554,60555,1,0
60554,60554,60555,1,0
60554,60554,60555,1,0
60554,60554,60555,1,0
60554,60555,60556,1,1
60554,60555,60556,1,1
60554,60555,60556,1,1
60554,60555,60556,1,1
60554,60555,60556,1,1
60554,60555,60556,1,1
60554,60555,60556,1,1
60554,60554,60556,2,0
60554,60556,60557,1,2
60554,60555,60556,1,1
60554,60555,60556,1,1
60554,60555,60556,1,1
60554,60555,60556,1,1
60554,60555,60556,1,1
60554,60555,60556,1,1
60554,60556,60557,1,2
60554,60556,60557,1,2
60554,60556,60557,1,2
60554,60556,60557,1,2
60554,60556,60557,1,2
60554,60556,60557,1,2
60554,60555,60556,1,1
60554,60555,60556,1,1
60554,60557,60558,1,3
60554,60557,60558,1,3
60554,60557,60558,1,3
60554,60557,60558,1,3
60554,60557,60558,1,3
60554,60557,60558,1,3
60554,60557,60558,1,3
60554,60556,60557,1,2
60554,60557,60558,1,3
60554,60557,60558,1,3
60554,60558,60559,1,4
60554,60557,60558,1,3
60554,60557,60558,1,3
60554,60557,60559,2,3
60554,60557,60559,2,3
60554,60557,60558,1,3
60554,60557,60558,1,3
60554,60558,60559,1,4
60554,60558,60559,1,4
60554,60558,60559,1,4
60554,60558,60559,1,4
60554,60558,60559,1,4
60554,60558,60559,1,4
60554,60557,60559,2,3
60554,60559,60560,1,5
60554,60559,60560,1,5
60554,60559,60560,1,5
60554,60559,60560,1,5
60554,60559,60560,1,5
60554,60559,60560,1,5
60554,60559,60560,1,5
60554,60559,60560,1,5
60554,60559,60560,1,5
60554,60559,60560,1,5
60554,60559,60560,1,5
60554,60559,60560,1,5
60554,60560,60561,1,6
60554,60560,60561,1,6
60554,60560,60561,1,6
60554,60560,60561,1,6
60554,60560,60561,1,6
60554,60560,60561,1,6
60554,60559,60561,2,5
60554,60561,60562,1,7
60554,60561,60562,1,7
60554,60561,60562,1,7
60554,60560,60562,2,6
60554,60561,60562,1,7
60554,60562,60563,1,8
59846,59853,60567,714,7
59821,59828,60568,740,7
60068,60077,60575,498,9
60581,60581,60582,1,0
60581,60581,60582,1,0
60581,60581,60582,1,0
60581,60581,60582,1,0
60581,60581,60582,1,0
60581,60581,60582,1,0
60581,60581,60582,1,0
60581,60581,60582,1,0
60581,60581,60582,1,0
60581,60582,60583,1,1
60581,60582,60583,1,1
60581,60582,60583,1,1
60581,60582,60583,1,1
60581,60582,60583,1,1
60581,60582,60583,1,1
60581,60582,60583,1,1
60581,60583,60584,1,2
60581,60583,60584,1,2
60581,60582,60583,1,1
60581,60582,60583,1,1
60581,60582,60583,1,1
60581,60582,60583,1,1
60581,60582,60583,1,1
60581,60582,60583,1,1
60581,60582,60583,1,1
60581,60582,60583,1,1
60581,60582,60583,1,1
60581,60582,60583,1,1
60581,60582,60583,1,1
60581,60583,60584,1,2
60581,60583,60584,1,2
60581,60583,60584,1,2
60581,60583,60584,1,2
60581,60583,60584,1,2
60581,60584,60585,1,3
60581,60584,60585,1,3
60581,60584,60585,1,3
60581,60584,60585,1,3
60581,60584,60585,1,3
60581,60584,60585,1,3
60581,60584,60585,1,3
60581,60584,60585,1,3
60581,60584,60585,1,3
60581,60584,60585,1,3
60581,60584,60585,1,3
60581,60585,60586,1,4
60581,60584,60585,1,3
60581,60585,60586,1,4
60581,60585,60586,1,4
60581,60584,60585,1,3
60581,60584,60585,1,3
60581,60584,60585,1,3
60581,60584,60585,1,3
60581,60585,60586,1,4
60581,60585,60586,1,4
60581,60585,60586,1,4
60581,60584,60585,1,3
60581,60585,60586,1,4
60581,60585,60586,1,4
60581,60586,60587,1,5
60581,60586,60587,1,5
60581,60586,60587,1,5
60581,60585,60586,1,4
60581,60585,60586,1,4
60581,60586,60587,1,5
60581,60585,60586,1,4
60581,60586,60587,1,5
60581,60585,60586,1,4
60581,60586,60587,1,5
60581,60586,60587,1,5
60581,60586,60587,1,5
60581,60586,60587,1,5
60581,60585,60586,1,4
60581,60586,60587,1,5
60581,60586,60587,1,5
60581,60587,60588,1,6
60581,60586,60587,1,5
60581,60587,60588,1,6
60581,60587,60588,1,6
60581,60587,60588,1,6
60581,60587,60588,1,6
60581,60587,60588,1,6
60581,60587,60588,1,6
60581,60586,60587,1,5
60581,60587,60588,1,6
60581,60587,60588,1,6
60581,60587,60588,1,6
60581,60587,60588,1,6
60581,60587,60588,1,6
60581,60587,60588,1,6
60581,60587,60588,1,6
60581,60587,60588,1,6
60581,60587,60588,1,6
60581,60588,60589,1,7
60581,60588,60589,1,7
60581,60588,60589,1,7
60581,60587,60588,1,6
60581,60588,60589,1,7
60581,60588,60589,1,7
60581,60588,60589,1,7
60581,60588,60589,1,7
60581,60588,60589,1,7
60581,60588,60589,1,7
60581,60588,60589,1,7
60581,60588,60590,2,7
60581,60588,60590,2,7
60581,60588,60590,2,7
60581,60588,60589,1,7
60581,60589,60590,1,8
60581,60589,60591,2,8
60581,60589,60590,1,8
60581,60589,60591,2,8
60581,60589,60591,2,8
60581,60589,60591,2,8
60581,60589,60591,2,8
60581,60589,60591,2,8
60581,60589,60591,2,8
60581,60590,60591,1,9
60581,60590,60591,1,9
60581,60590,60591,1,9
60581,60590,60591,1,9
60581,60589,60592,3,8
60581,60590,60592,2,9
60581,60591,60592,1,10
60581,60591,60593,2,10
60581,60591,60592,1,10
60581,60591,60593,2,10
60581,60591,60593,2,10
60581,60591,60593,2,10
60581,60592,60593,1,11
60581,60592,60594,2,11
60581,60592,60594,2,11
60581,60592,60594,2,11
60581,60592,60593,1,11
60581,60592,60593,1,11
60581,60591,60593,2,10
60581,60592,60594,2,11
60581,60592,60594,2,11
60581,60593,60594,1,12
60581,60592,60594,2,11
60581,60592,60594,2,11
60581,60592,60594,2,11
60581,60592,60594,2,11
60581,60593,60594,1,12
60581,60593,60594,1,12
60581,60593,60594,1,12
60581,60594,60595,1,13
60581,60594,60595,1,13
60581,60593,60595,2,12
60581,60593,60595,2,12
60581,60594,60595,1,13
60581,60595,60596,1,14
60581,60594,60595,1,13
60581,60594,60595,1,13
60581,60595,60596,1,14
60581,60594,60595,1,13
60581,60594,60595,1,13
60581,60595,60596,1,14
60581,60595,60596,1,14
60581,60595,60596,1,14
60581,60595,60596,1,14
60581,60594,60595,1,13
60581,60595,60596,1,14
60581,60595,60596,1,14
60581,60595,60596,1,14
60581,60596,60597,1,15
60581,60596,60597,1,15
60581,60596,60597,1,15
60581,60596,60597,1,15
60581,60596,60597,1,15
60581,60596,60597,1,15
60583,60597,60598,1,14
60583,60597,60598,1,14
60583,60597,60598,1,14
60583,60597,60598,1,14
60583,60597,60598,1,14
60583,60597,60598,1,14
60583,60597,60598,1,14
60583,60598,60599,1,15
60583,60598,60599,1,15
60583,60598,60599,1,15
60583,60597,60599,2,14
60583,60597,60599,2,14
60583,60597,60599,2,14
60583,60598,60599,1,15
60583,60598,60599,1,15
60583,60598,60599,1,15
60583,60598,60599,1,15
60583,60598,60599,1,15
60583,60598,60599,1,15
60583,60598,60599,1,15
60583,60598,60599,1,15
60583,60598,60599,1,15
60583,60599,60600,1,16
60583,60599,60600,1,16
60583,60598,60600,2,15
60583,60598,60599,1,15
60583,60598,60599,1,15
60583,60600,60601,1,17
60583,60599,60600,1,16
60583,60600,60601,1,17
60583,60599,60601,2,16
60583,60599,60600,1,16
60583,60599,60601,2,16
60583,60601,60602,1,18
60583,60600,60601,1,17
60583,60600,60601,1,17
60583,60600,60601,1,17
60583,60600,60601,1,17
60583,60600,60601,1,17
60583,60600,60601,1,17
60583,60600,60601,1,17
60583,60600,60601,1,17
60583,60600,60601,1,17
60583,60601,60602,1,18
60583,60600,60602,2,17
60583,60600,60602,2,17
60583,60600,60602,2,17
60583,60601,60602,1,18
60583,60602,60603,1,19
60583,60602,60603,1,19
60583,60601,60602,1,18
60583,60602,60603,1,19
60583,60602,60603,1,19
60583,60601,60603,2,18
60583,60603,60604,1,20
60583,60602,60603,1,19
60583,60602,60603,1,19
60583,60602,60603,1,19
60583,60602,60603,1,19
60583,60602,60603,1,19
60583,60602,60603,1,19
60583,60602,60603,1,19
60583,60603,60604,1,20
60583,60603,60604,1,20
60583,60603,60604,1,20
60583,60603,60604,1,20
60583,60602,60604,2,19
60583,60602,60603,1,19
60583,60602,60604,2,19
60583,60603,60604,1,20
60583,60603,60604,1,20
60583,60604,60605,1,21
60583,60604,60605,1,21
60583,60604,60605,1,21
60583,60604,60605,1,21
60583,60604,60605,1,21
60583,60604,60605,1,21
60583,60604,60605,1,21
60583,60604,60605,1,21
60583,60603,60605,2,20
60583,60604,60605,1,21
60583,60604,60605,1,21
60583,60604,60605,1,21
60583,60605,60606,1,22
60583,60605,60606,1,22
60583,60604,60605,1,21
59903,59918,60618,700,15
60624,60624,60625,1,0
60624,60624,60625,1,0
60624,60624,60625,1,0
60624,60624,60625,1,0
60624,60624,60625,1,0
60624,60624,60625,1,0
60624,60624,60625,1,0
60624,60624,60625,1,0
60624,60624,60625,1,0
60624,60624,60625,1,0
60624,60624,60625,1,0
60624,60624,60625,1,0
60624,60624,60626,2,0
60624,60624,60626,2,0
60624,60625,60626,1,1
60624,60625,60627,2,1
60624,60626,60627,1,2
60624,60626,60627,1,2
60624,60626,60627,1,2
60624,60626,60627,1,2
60624,60626,60627,1,2
60624,60626,60628,2,2
60624,60626,60628,2,2
60624,60626,60627,1,2
60624,60626,60627,1,2
60624,60626,60627,1,2
60624,60626,60628,2,2
60624,60627,60628,1,3
60624,60626,60628,2,2
60624,60628,60629,1,4
60624,60628,60629,1,4
60624,60626,60627,1,2
60624,60627,60628,1,3
60624,60628,60629,1,4
60624,60628,60629,1,4
60624,60628,60629,1,4
60624,60628,60629,1,4
60624,60628,60629,1,4
60624,60629,60630,1,5
60624,60628,60629,1,4
60624,60628,60629,1,4
60624,60629,60630,1,5
60624,60629,60630,1,5
60624,60628,60630,2,4
60624,60630,60631,1,6
60624,60630,60631,1,6
60624,60630,60631,1,6
60624,60630,60631,1,6
60624,60629,60630,1,5
60624,60630,60631,1,6
60624,60630,60631,1,6
60624,60630,60631,1,6
60624,60630,60631,1,6
60624,60630,60631,1,6
60624,60631,60632,1,7
60624,60631,60632,1,7
60624,60631,60632,1,7
60624,60631,60632,1,7
60624,60631,60632,1,7
60624,60632,60633,1,8
60624,60631,60632,1,7
60624,60632,60633,1,8
60624,60631,60632,1,7
60624,60632,60633,1,8
60624,60632,60633,1,8
60624,60632,60633,1,8
60624,60632,60633,1,8
60624,60632,60633,1,8
60624,60631,60632,1,7
60624,60631,60632,1,7
60624,60631,60632,1,7
60624,60632,60633,1,8
60624,60633,60634,1,9
60624,60632,60633,1,8
60624,60633,60634,1,9
60624,60633,60634,1,9
60624,60633,60634,1,9
60624,60633,60634,1,9
60624,60632,60633,1,8
60624,60633,60634,1,9
60624,60633,60634,1,9
60624,60632,60633,1,8
60624,60633,60634,1,9
60624,60633,60635,2,9
60624,60634,60635,1,10
59920,59927,60680,753,7
60681,60681,60682,1,0
60681,60681,60682,1,0
60681,60681,60682,1,0
60681,60681,60682,1,0
60681,60681,60682,1,0
60681,60681,60682,1,0
60681,60682,60683,1,1
60681,60682,60683,1,1
60681,60682,60683,1,1
60681,60682,60683,1,1
60681,60682,60683,1,1
60681,60682,60684,2,1
60681,60682,60684,2,1
60681,60682,60684,2,1
60681,60683,60684,1,2
60681,60683,60684,1,2
60681,60682,60684,2,1
60681,60683,60685,2,2
60681,60682,60684,2,1
60681,60683,60684,1,2
60681,60684,60686,2,3
60681,60683,60685,2,2
60681,60684,60685,1,3
60681,60684,60685,1,3
60681,60684,60685,1,3
60681,60684,60685,1,3
60681,60684,60685,1,3
60681,60684,60685,1,3
60681,60684,60686,2,3
60681,60684,60686,2,3
60681,60684,60686,2,3
60681,60686,60687,1,5
60681,60686,60687,1,5
60681,60685,60686,1,4
60681,60685,60686,1,4
60681,60685,60687,2,4
60681,60685,60687,2,4
60681,60686,60687,1,5
60681,60686,60687,1,5
60681,60686,60687,1,5
60681,60685,60686,1,4
60681,60686,60687,1,5
60681,60685,60686,1,4
60681,60686,60687,1,5
60681,60686,60687,1,5
60681,60686,60688,2,5
60681,60686,60687,1,5
60681,60687,60688,1,6
60681,60687,60688,1,6
60681,60687,60688,1,6
60681,60687,60688,1,6
60681,60687,60688,1,6
60681,60687,60688,1,6
60681,60687,60688,1,6
60681,60687,60688,1,6
60681,60687,60688,1,6
60681,60687,60688,1,6
60681,60687,60688,1,6
60681,60687,60688,1,6
60681,60687,60688,1,6
60681,60687,60689,2,6
60681,60688,60689,1,7
60681,60688,60689,1,7
60681,60688,60689,1,7
60681,60688,60689,1,7
60681,60687,60688,1,6
60681,60688,60689,1,7
60681,60688,60689,1,7
60681,60688,60689,1,7
60681,60688,60689,1,7
60681,60688,60689,1,7
60681,60688,60689,1,7
60681,60688,60689,1,7
60681,60688,60689,1,7
60681,60688,60689,1,7
60681,60688,60689,1,7
60681,60689,60690,1,8
60681,60689,60690,1,8
60681,60689,60690,1,8
60681,60689,60690,1,8
60681,60689,60690,1,8
60681,60689,60690,1,8
60681,60689,60690,1,8
60681,60689,60690,1,8
60681,60689,60690,1,8
60681,60688,60689,1,7
60681,60689,60690,1,8
60681,60689,60690,1,8
60681,60689,60691,2,8
60681,60689,60690,1,8
60681,60689,60690,1,8
59994,60000,60731,731,6
60733,60733,60734,1,0
60733,60733,60734,1,0
60733,60733,60734,1,0
60733,60733,60734,1,0
60733,60733,60734,1,0
60733,60733,60734,1,0
60733,60733,60734,1,0
60733,60733,60734,1,0
60733,60733,60734,1,0
60733,60733,60734,1,0
60733,60733,60734,1,0
60733,60733,60734,1,0
60733,60733,60735,2,0
60733,60734,60735,1,1
60733,60734,60736,2,1
60733,60734,60736,2,1
60733,60733,60735,2,0
60733,60734,60736,2,1
60733,60734,60736,2,1
60733,60734,60735,1,1
60733,60734,60736,2,1
60733,60734,60735,1,1
60733,60734,60736,2,1
60733,60736,60737,1,3
60733,60735,60736,1,2
60733,60735,60737,2,2
60733,60735,60737,2,2
60733,60735,60737,2,2
60733,60735,60737,2,2
60733,60736,60737,1,3
60733,60736,60737,1,3
60733,60736,60738,2,3
60733,60736,60738,2,3
60733,60736,60737,1,3
60733,60736,60738,2,3
60733,60736,60738,2,3
60733,60736,60738,2,3
60733,60735,60737,2,2
60733,60736,60738,2,3
60733,60737,60739,2,4
60733,60737,60739,2,4
60733,60737,60739,2,4
60733,60737,60739,2,4
60733,60738,60740,2,5
60733,60738,60740,2,5
60733,60737,60739,2,4
60733,60737,60739,2,4
60733,60738,60739,1,5
60733,60738,60740,2,5
60733,60738,60740,2,5
60733,60738,60740,2,5
60733,60738,60740,2,5
60733,60738,60740,2,5
60733,60739,60741,2,6
60733,60739,60741,2,6
60733,60740,60741,1,7
60733,60739,60741,2,6
60733,60739,60741,2,6
60733,60740,60741,1,7
60733,60741,60742,1,8
60733,60740,60742,2,7
60733,60741,60742,1,8
60733,60740,60742,2,7
60733,60740,60742,2,7
60733,60740,60741,1,7
60733,60740,60741,1,7
60733,60741,60742,1,8
60733,60740,60742,2,7
60733,60741,60742,1,8
60733,60740,60742,2,7
60733,60741,60742,1,8
60733,60741,60742,1,8
60733,60742,60743,1,9
60733,60742,60743,1,9
60733,60742,60743,1,9
60733,60742,60743,1,9
60733,60742,60743,1,9
60733,60742,60743,1,9
60733,60743,60744,1,10
60733,60743,60744,1,10
60733,60743,60744,1,10
60733,60743,60744,1,10
60733,60743,60744,1,10
60733,60744,60745,1,11
60733,60736,60754,18,3
60059,60068,60810,742,9
60810,60810,60811,1,0
60810,60810,60811,1,0
60810,60810,60811,1,0
60810,60810,60811,1,0
60810,60810,60811,1,0
60810,60810,60811,1,0
60810,60810,60811,1,0
60810,60810,60811,1,0
60810,60810,60811,1,0
60810,60810,60811,1,0
60810,60810,60811,1,0
60810,60810,60811,1,0
60810,60810,60811,1,0
60810,60810,60812,2,0
60810,60810,60812,2,0
60810,60811,60812,1,1
60810,60811,60812,1,1
60810,60811,60812,1,1
60810,60810,60811,1,0
60810,60810,60811,1,0
60810,60811,60812,1,1
60810,60811,60812,1,1
60810,60811,60812,1,1
60810,60811,60813,2,1
60810,60811,60812,1,1
60810,60811,60812,1,1
60810,60811,60813,2,1
60810,60811,60813,2,1
60810,60811,60813,2,1
60810,60811,60813,2,1
60810,60812,60814,2,2
60810,60812,60814,2,2
60810,60812,60814,2,2
60810,60812,60814,2,2
60810,60812,60814,2,2
60810,60812,60814,2,2
60810,60812,60814,2,2
60810,60813,60815,2,3
60810,60813,60815,2,3
60810,60813,60815,2,3
60810,60813,60815,2,3
60810,60813,60815,2,3
60810,60814,60816,2,4
60810,60814,60816,2,4
60810,60814,60816,2,4
60810,60814,60816,2,4
60810,60813,60816,3,3
60810,60813,60816,3,3
60810,60813,60816,3,3
60810,60813,60816,3,3
60810,60813,60815,2,3
60810,60814,60816,2,4
60810,60815,60817,2,5
60810,60814,60816,2,4
60810,60814,60817,3,4
60810,60815,60817,2,5
60810,60815,60817,2,5
60810,60816,60817,1,6
60810,60816,60817,1,6
60810,60817,60818,1,7
60810,60816,60818,2,6
60810,60816,60818,2,6
60810,60817,60818,1,7
60810,60816,60818,2,6
60810,60816,60818,2,6
60810,60817,60818,1,7
60810,60818,60819,1,8
60810,60817,60818,1,7
60810,60817,60818,1,7
60810,60817,60818,1,7
60810,60817,60818,1,7
60810,60818,60819,1,8
60810,60818,60819,1,8
60810,60818,60819,1,8
60810,60818,60819,1,8
60810,60818,60819,1,8
60810,60818,60819,1,8
60810,60818,60819,1,8
60810,60819,60820,1,9
60810,60818,60819,1,8
60810,60819,60820,1,9
60810,60819,60820,1,9
60810,60819,60820,1,9
60810,60819,60820,1,9
60810,60819,60820,1,9
60810,60819,60820,1,9
60810,60819,60820,1,9
60143,60152,60854,702,9
60854,60854,60855,1,0
60854,60854,60855,1,0
60854,60854,60855,1,0
60854,60854,60855,1,0
60854,60854,60855,1,0
60854,60854,60855,1,0
60854,60854,60855,1,0
60854,60854,60855,1,0
60854,60854,60855,1,0
60854,60855,60856,1,1
60854,60854,60855,1,0
60854,60854,60856,2,0
60854,60854,60855,1,0
60854,60855,60856,1,1
60854,60855,60856,1,1
60854,60855,60856,1,1
60854,60855,60856,1,1
60854,60855,60857,2,1
60854,60855,60857,2,1
60854,60855,60857,2,1
60854,60855,60857,2,1
60854,60855,60856,1,1
60854,60855,60857,2,1
60854,60855,60857,2,1
60854,60855,60857,2,1
60854,60857,60858,1,3
60854,60856,60858,2,2
60854,60856,60858,2,2
60854,60856,60858,2,2
60854,60856,60858,2,2
60854,60857,60858,1,3
60854,60857,60858,1,3
60854,60857,60858,1,3
60854,60857,60859,2,3
60854,60856,60859,3,2
60854,60857,60859,2,3
60854,60857,60859,2,3
60854,60857,60859,2,3
60854,60857,60859,2,3
60854,60858,60859,1,4
60854,60858,60860,2,4
60854,60857,60859,2,3
60854,60857,60860,3,3
60854,60858,60860,2,4
60854,60858,60860,2,4
60854,60858,60860,2,4
60854,60859,60860,1,5
60854,60859,60861,2,5
60348,60356,60861,505,8
60854,60859,60860,1,5
60854,60860,60861,1,6
60854,60859,60861,2,5
60854,60859,60861,2,5
60854,60859,60861,2,5
60854,60859,60861,2,5
60854,60859,60861,2,5
60854,60861,60862,1,7
60854,60861,60862,1,7
60854,60861,60862,1,7
60854,60861,60862,1,7
60854,60861,60862,1,7
60854,60861,60862,1,7
60854,60860,60862,2,6
60854,60861,60862,1,7
60854,60860,60862,2,6
60854,60861,60862,1,7
60854,60860,60862,2,6
60854,60860,60862,2,6
60854,60860,60862,2,6
60854,60862,60863,1,8
60854,60862,60863,1,8
60854,60862,60863,1,8
60854,60862,60863,1,8
60854,60862,60863,1,8
60854,60862,60863,1,8
60854,60862,60863,1,8
60854,60861,60862,1,7
60854,60863,60864,1,9
60854,60863,60864,1,9
60854,60863,60864,1,9
60854,60863,60864,1,9
60862,60864,60865,1,2
60862,60864,60865,1,2
60862,60864,60865,1,2
60862,60864,60865,1,2
60862,60864,60865,1,2
60862,60865,60866,1,3
60862,60866,60867,1,4
60862,60866,60867,1,4
60862,60865,60866,1,3
60862,60865,60867,2,3
60862,60865,60867,2,3
60862,60865,60867,2,3
60862,60865,60867,2,3
60862,60865,60867,2,3
60862,60865,60866,1,3
60862,60865,60866,1,3
60862,60866,60867,1,4
60862,60866,60867,1,4
60862,60867,60868,1,5
60862,60867,60868,1,5
60862,60865,60867,2,3
60862,60865,60867,2,3
60862,60867,60868,1,5
60854,60857,60859,2,3
60862,60868,60869,1,6
60862,60867,60868,1,5
60862,60867,60869,2,5
60862,60867,60869,2,5
60862,60867,60869,2,5
60862,60867,60869,2,5
60862,60867,60868,1,5
60862,60867,60869,2,5
60862,60868,60869,1,6
60862,60869,60870,1,7
60862,60868,60869,1,6
60862,60867,60869,2,5
60862,60868,60870,2,6
60862,60869,60870,1,7
60862,60869,60870,1,7
60862,60869,60870,1,7
60862,60869,60870,1,7
60862,60870,60871,1,8
60862,60869,60870,1,7
60862,60870,60871,1,8
60862,60869,60870,1,7
60862,60870,60871,1,8
60862,60870,60871,1,8
60862,60870,60871,1,8
60862,60870,60871,1,8
60862,60869,60871,2,7
60862,60869,60871,2,7
60862,60869,60871,2,7
60862,60870,60871,1,8
60862,60870,60871,1,8
60862,60871,60872,1,9
60854,60869,60871,2,15
60862,60871,60872,1,9
60862,60871,60872,1,9
60862,60871,60872,1,9
60862,60872,60873,1,10
60862,60872,60873,1,10
60862,60871,60872,1,9
60862,60871,60872,1,9
60862,60871,60873,2,9
60862,60872,60873,1,10
60862,60872,60873,1,10
60862,60871,60872,1,9
60862,60871,60872,1,9
60862,60871,60872,1,9
60862,60872,60873,1,10
60862,60872,60873,1,10
60862,60872,60873,1,10
60862,60872,60873,1,10
60862,60872,60873,1,10
60862,60872,60873,1,10
60862,60873,60874,1,11
60862,60873,60874,1,11
60862,60873,60874,1,11
60862,60873,60874,1,11
60862,60873,60874,1,11
60862,60873,60874,1,11
60385,60400,60881,481,15
60887,60887,60888,1,0
60887,60887,60888,1,0
60887,60887,60888,1,0
60887,60887,60888,1,0
60887,60887,60888,1,0
60887,60887,60888,1,0
60887,60887,60888,1,0
60887,60887,60888,1,0
60887,60887,60888,1,0
60887,60887,60888,1,0
60887,60887,60888,1,0
60887,60887,60888,1,0
60887,60887,60889,2,0
60887,60887,60889,2,0
60887,60887,60889,2,0
60887,60888,60890,2,1
60887,60887,60889,2,0
60887,60888,60890,2,1
60887,60888,60889,1,1
60887,60888,60890,2,1
60887,60888,60890,2,1
60887,60888,60890,2,1
60887,60888,60890,2,1
60887,60888,60890,2,1
60887,60888,60890,2,1
60887,60888,60890,2,1
60887,60888,60890,2,1
60887,60890,60891,1,3
60887,60890,60891,1,3
60887,60890,60891,1,3
60887,60890,60891,1,3
60887,60890,60891,1,3
60887,60889,60892,3,2
60887,60890,60892,2,3
60887,60889,60892,3,2
60887,60891,60892,1,4
60887,60891,60892,1,4
60887,60891,60892,1,4
60887,60890,60892,2,3
60887,60891,60892,1,4
60887,60891,60892,1,4
60887,60892,60893,1,5
60887,60893,60894,1,6
60887,60893,60894,1,6
60887,60893,60894,1,6
60887,60894,60895,1,7
60887,60894,60895,1,7
60887,60893,60894,1,6
60887,60893,60894,1,6
60887,60894,60895,1,7
60887,60894,60895,1,7
60887,60895,60896,1,8
60887,60895,60896,1,8
60887,60895,60896,1,8
60887,60895,60896,1,8
60887,60895,60896,1,8
60887,60895,60896,1,8
60887,60895,60896,1,8
60887,60896,60898,2,9
60198,60205,60907,702,7
60172,60179,60913,734,7
60917,60917,60918,1,0
60917,60917,60918,1,0
60917,60917,60918,1,0
60917,60917,60918,1,0
60917,60917,60918,1,0
60917,60917,60918,1,0
60917,60917,60918,1,0
60917,60917,60918,1,0
60917,60917,60919,2,0
60917,60917,60918,1,0
60917,60917,60918,1,0
60917,60917,60918,1,0
60917,60917,60918,1,0
60917,60917,60918,1,0
60917,60918,60919,1,1
60917,60918,60919,1,1
60917,60917,60919,2,0
60917,60918,60920,2,1
60917,60918,60920,2,1
60917,60918,60919,1,1
60917,60918,60920,2,1
60917,60919,60921,2,2
60917,60919,60921,2,2
60917,60919,60920,1,2
60917,60919,60921,2,2
60917,60918,60920,2,1
60917,60919,60921,2,2
60917,60919,60921,2,2
60917,60920,60921,1,3
60917,60920,60921,1,3
60917,60919,60921,2,2
60917,60919,60921,2,2
60917,60920,60921,1,3
60917,60920,60921,1,3
60917,60920,60921,1,3
60917,60918,60921,3,1
60917,60920,60922,2,3
60917,60922,60923,1,5
60917,60921,60922,1,4
60917,60921,60923,2,4
60917,60921,60922,1,4
60917,60922,60923,1,5
60917,60921,60922,1,4
60917,60921,60923,2,4
60917,60921,60922,1,4
60917,60921,60923,2,4
60917,60919,60922,3,2
60917,60922,60923,1,5
60917,60920,60924,4,3
60917,60922,60924,2,5
60917,60922,60923,1,5
60917,60922,60923,1,5
60917,60922,60924,2,5
60917,60922,60924,2,5
60917,60923,60924,1,6
60917,60923,60924,1,6
60917,60923,60924,1,6
60917,60923,60925,2,6
60917,60923,60924,1,6
60917,60924,60925,1,7
60917,60924,60925,1,7
60917,60923,60924,1,6
60917,60924,60925,1,7
60917,60924,60925,1,7
60917,60923,60925,2,6
60917,60923,60925,2,6
60917,60923,60925,2,6
60917,60923,60925,2,6
60917,60924,60925,1,7
60917,60925,60926,1,8
60917,60924,60926,2,7
60917,60925,60926,1,8
60917,60925,60926,1,8
60917,60925,60926,1,8
60917,60925,60926,1,8
60917,60925,60926,1,8
60917,60925,60926,1,8
60917,60925,60926,1,8
60917,60925,60926,1,8
60917,60925,60926,1,8
60917,60925,60926,1,8
60917,60926,60927,1,9
60917,60926,60927,1,9
60917,60924,60926,2,7
60917,60926,60927,1,9
60917,60926,60927,1,9
60917,60926,60927,1,9
60917,60926,60927,1,9
60917,60926,60927,1,9
60917,60926,60927,1,9
60917,60926,60927,1,9
60917,60925,60926,1,8
60917,60925,60926,1,8
60917,60926,60927,1,9
60919,60927,60928,1,8
60919,60927,60928,1,8
60919,60927,60928,1,8
60919,60927,60928,1,8
60919,60927,60928,1,8
60919,60927,60928,1,8
60919,60927,60928,1,8
60919,60927,60928,1,8
60919,60927,60928,1,8
60917,60926,60929,3,9
60919,60927,60929,2,8
60919,60928,60929,1,9
60917,60922,60929,7,5
60919,60928,60930,2,9
60919,60928,60930,2,9
60919,60929,60930,1,10
60919,60929,60930,1,10
60919,60929,60930,1,10
60919,60929,60931,2,10
60919,60929,60930,1,10
60919,60928,60930,2,9
60919,60928,60930,2,9
60919,60928,60931,3,9
60919,60929,60931,2,10
60919,60929,60931,2,10
60919,60929,60931,2,10
60919,60929,60931,2,10
60919,60930,60932,2,11
60919,60931,60932,1,12
60919,60931,60932,1,12
60919,60931,60932,1,12
60919,60930,60932,2,11
60919,60931,60932,1,12
60919,60931,60932,1,12
60919,60931,60933,2,12
60919,60931,60932,1,12
60919,60930,60932,2,11
60919,60929,60933,4,10
60919,60931,60933,2,12
60919,60932,60933,1,13
60919,60932,60933,1,13
60919,60932,60933,1,13
60919,60932,60934,2,13
60919,60932,60933,1,13
60919,60933,60934,1,14
60919,60933,60934,1,14
60919,60933,60934,1,14
60919,60933,60934,1,14
60919,60933,60934,1,14
60919,60933,60934,1,14
60919,60933,60934,1,14
60919,60933,60934,1,14
60919,60933,60934,1,14
60919,60933,60934,1,14
60919,60933,60935,2,14
60919,60933,60935,2,14
60919,60934,60935,1,15
60919,60934,60935,1,15
60919,60934,60935,1,15
60919,60935,60936,1,16
60919,60935,60936,1,16
60919,60935,60936,1,16
60919,60935,60936,1,16
60919,60934,60935,1,15
60919,60934,60935,1,15
60919,60936,60937,1,17
60919,60936,60937,1,17
60919,60936,60937,1,17
60919,60936,60937,1,17
60919,60935,60936,1,16
60919,60935,60936,1,16
60919,60935,60936,1,16
60919,60935,60936,1,16
60919,60935,60936,1,16
60919,60936,60937,1,17
60919,60936,60937,1,17
60919,60936,60937,1,17
60919,60936,60937,1,17
60919,60936,60937,1,17
60919,60936,60937,1,17
60919,60936,60937,1,17
60919,60937,60938,1,18
60919,60937,60938,1,18
60919,60937,60938,1,18
60919,60937,60938,1,18
60919,60937,60938,1,18
60919,60937,60938,1,18
60919,60938,60939,1,19
60919,60937,60938,1,18
60919,60937,60939,2,18
60919,60938,60939,1,19
60919,60938,60939,1,19
60448,60456,60941,485,8
60948,60948,60949,1,0
60948,60948,60949,1,0
60948,60948,60949,1,0
60948,60948,60949,1,0
60948,60948,60949,1,0
60948,60948,60949,1,0
60948,60948,60949,1,0
60948,60948,60949,1,0
60948,60948,60949,1,0
60948,60948,60949,1,0
60948,60948,60949,1,0
60948,60948,60949,1,0
60948,60949,60950,1,1
60948,60948,60949,1,0
60456,60466,60951,485,10
60948,60949,60950,1,1
60948,60949,60950,1,1
60948,60949,60950,1,1
60948,60949,60950,1,1
60948,60949,60951,2,1
60948,60949,60950,1,1
60948,60950,60951,1,2
60948,60949,60951,2,1
60948,60949,60950,1,1
60948,60949,60951,2,1
60948,60949,60950,1,1
60948,60950,60952,2,2
60948,60950,60951,1,2
60948,60951,60952,1,3
60948,60950,60951,1,2
60948,60950,60952,2,2
60948,60950,60952,2,2
60948,60950,60952,2,2
60948,60951,60952,1,3
60948,60951,60952,1,3
60948,60951,60952,1,3
60948,60951,60952,1,3
60948,60951,60952,1,3
60948,60951,60952,1,3
60948,60951,60953,2,3
60948,60951,60953,2,3
60948,60951,60953,2,3
60948,60951,60953,2,3
60948,60953,60954,1,5
60948,60953,60954,1,5
60948,60952,60954,2,4
60948,60951,60953,2,3
60948,60952,60954,2,4
60948,60952,60953,1,4
60948,60953,60954,1,5
60948,60953,60954,1,5
60948,60953,60954,1,5
60948,60953,60954,1,5
60948,60952,60954,2,4
60948,60952,60954,2,4
60948,60952,60954,2,4
60948,60954,60955,1,6
60948,60954,60955,1,6
60948,60952,60955,3,4
60948,60954,60955,1,6
60948,60954,60955,1,6
60948,60954,60955,1,6
60948,60954,60955,1,6
60948,60954,60955,1,6
60948,60953,60955,2,5
60948,60953,60955,2,5
60948,60953,60954,1,5
60948,60953,60955,2,5
60948,60955,60956,1,7
60948,60955,60956,1,7
60948,60954,60955,1,6
60948,60955,60956,1,7
60948,60954,60956,2,6
60948,60954,60956,2,6
60948,60955,60956,1,7
60948,60955,60956,1,7
60948,60955,60956,1,7
60948,60955,60956,1,7
60948,60955,60956,1,7
60948,60954,60956,2,6
60948,60955,60956,1,7
60948,60954,60955,1,6
60948,60955,60956,1,7
60948,60954,60955,1,6
60948,60955,60956,1,7
60948,60955,60956,1,7
60948,60956,60957,1,8
60948,60956,60957,1,8
60948,60956,60957,1,8
60948,60956,60957,1,8
60948,60956,60957,1,8
60948,60956,60957,1,8
60948,60956,60957,1,8
60948,60956,60957,1,8
60948,60956,60957,1,8
60948,60956,60958,2,8
60948,60956,60958,2,8
60965,60965,60966,1,0
60965,60965,60966,1,0
60965,60965,60966,1,0
60965,60965,60966,1,0
60965,60965,60966,1,0
60965,60965,60966,1,0
60965,60966,60967,1,1
60965,60965,60967,2,0
60965,60966,60967,1,1
60965,60966,60967,1,1
60965,60966,60967,1,1
60965,60966,60967,1,1
60965,60966,60967,1,1
60965,60966,60967,1,1
60965,60966,60967,1,1
60965,60966,60967,1,1
60965,60966,60967,1,1
60965,60966,60967,1,1
60965,60967,60968,1,2
60965,60967,60968,1,2
60965,60967,60968,1,2
60965,60967,60968,1,2
60965,60967,60968,1,2
60965,60967,60969,2,2
60965,60967,60968,1,2
60965,60967,60968,1,2
60965,60967,60968,1,2
60965,60967,60968,1,2
60965,60968,60969,1,3
60965,60968,60969,1,3
60965,60968,60969,1,3
60965,60968,60970,2,3
60965,60968,60969,1,3
60965,60968,60969,1,3
60965,60968,60969,1,3
60965,60968,60969,1,3
60965,60969,60971,2,4
60965,60969,60971,2,4
60965,60969,60970,1,4
60965,60970,60971,1,5
60965,60970,60971,1,5
60965,60969,60970,1,4
60965,60969,60970,1,4
60965,60970,60971,1,5
60965,60969,60970,1,4
60965,60970,60971,1,5
60965,60969,60971,2,4
60965,60971,60972,1,6
60965,60970,60971,1,5
60965,60971,60972,1,6
60965,60970,60971,1,5
60965,60970,60971,1,5
60965,60970,60971,1,5
60965,60971,60972,1,6
60965,60971,60972,1,6
60965,60971,60972,1,6
60965,60971,60972,1,6
60965,60971,60972,1,6
60965,60971,60972,1,6
60965,60971,60972,1,6
60965,60971,60972,1,6
60965,60972,60973,1,7
60965,60972,60973,1,7
60965,60972,60973,1,7
60965,60972,60973,1,7
60965,60972,60973,1,7
60965,60972,60973,1,7
60965,60972,60973,1,7
60965,60972,60973,1,7
60965,60971,60972,1,6
60965,60971,60973,2,6
60965,60972,60973,1,7
60965,60972,60973,1,7
60965,60972,60973,1,7
60965,60972,60973,1,7
60965,60972,60973,1,7
60965,60972,60974,2,7
60481,60489,60974,485,8
60965,60973,60974,1,8
60965,60973,60974,1,8
60965,60973,60974,1,8
60965,60973,60974,1,8
60965,60973,60974,1,8
60965,60973,60974,1,8
60965,60973,60974,1,8
60965,60973,60974,1,8
60965,60973,60974,1,8
60965,60973,60974,1,8
60965,60973,60974,1,8
60965,60973,60974,1,8
60965,60973,60974,1,8
60983,60983,60984,1,0
60983,60983,60984,1,0
60983,60983,60984,1,0
60983,60983,60984,1,0
60983,60983,60984,1,0
60983,60983,60984,1,0
60983,60983,60984,1,0
60983,60983,60984,1,0
60983,60984,60985,1,1
60983,60984,60985,1,1
60983,60984,60985,1,1
60983,60984,60985,1,1
60983,60984,60985,1,1
60983,60984,60985,1,1
60983,60984,60985,1,1
60983,60984,60985,1,1
60983,60984,60985,1,1
60983,60984,60985,1,1
60983,60984,60985,1,1
60983,60985,60986,1,2
60983,60985,60986,1,2
60983,60985,60986,1,2
60983,60985,60986,1,2
60983,60985,60986,1,2
60983,60985,60986,1,2
60983,60984,60985,1,1
60983,60984,60985,1,1
60983,60984,60986,2,1
60983,60986,60987,1,3
60983,60986,60987,1,3
60983,60986,60987,1,3
60983,60986,60987,1,3
60983,60986,60987,1,3
60983,60986,60987,1,3
60983,60986,60987,1,3
60983,60986,60987,1,3
60983,60986,60987,1,3
60983,60986,60987,1,3
60965,60987,60988,1,22
60965,60987,60988,1,22
60983,60986,60987,1,3
60983,60986,60987,1,3
60983,60986,60987,1,3
60983,60986,60987,1,3
60983,60987,60988,1,4
60983,60987,60988,1,4
60983,60987,60988,1,4
60983,60987,60988,1,4
60983,60987,60988,1,4
60983,60987,60988,1,4
60983,60987,60988,1,4
60983,60987,60988,1,4
60983,60987,60988,1,4
60983,60987,60988,1,4
60983,60988,60989,1,5
60983,60988,60989,1,5
60983,60988,60989,1,5
60983,60988,60989,1,5
60983,60988,60989,1,5
60983,60988,60989,1,5
60983,60988,60989,1,5
60983,60988,60989,1,5
60983,60988,60989,1,5
60983,60988,60989,1,5
60983,60988,60989,1,5
60983,60988,60989,1,5
60983,60989,60990,1,6
60983,60989,60990,1,6
60983,60988,60989,1,5
60983,60988,60989,1,5
60983,60989,60990,1,6
60983,60989,60990,1,6
60983,60989,60990,1,6
60983,60989,60990,1,6
60983,60989,60990,1,6
60983,60989,60990,1,6
60983,60989,60990,1,6
60983,60989,60990,1,6
60983,60989,60990,1,6
60983,60988,60989,1,5
60983,60988,60989,1,5
60983,60990,60991,1,7
60983,60990,60991,1,7
60983,60990,60991,1,7
60983,60990,60991,1,7
60983,60990,60991,1,7
60983,60990,60991,1,7
60983,60990,60991,1,7
60983,60990,60991,1,7
60983,60990,60991,1,7
60983,60990,60991,1,7
60983,60990,60991,1,7
60983,60990,60991,1,7
60983,60990,60991,1,7
60983,60983,60998,15,0
60263,60271,61016,745,8
60265,60281,61017,736,16
61021,61021,61022,1,0
61021,61021,61022,1,0
61021,61021,61022,1,0
61021,61021,61022,1,0
61021,61021,61022,1,0
61021,61021,61022,1,0
61021,61021,61022,1,0
61021,61021,61022,1,0
61021,61021,61022,1,0
61021,61021,61022,1,0
61021,61021,61022,1,0
61021,61021,61023,2,0
61021,61021,61023,2,0
61021,61021,61022,1,0
61021,61021,61023,2,0
61021,61021,61022,1,0
61021,61022,61024,2,1
61021,61022,61024,2,1
61021,61022,61024,2,1
61021,61022,61024,2,1
61021,61022,61024,2,1
61021,61021,61023,2,0
61021,61021,61025,4,0
61021,61022,61025,3,1
61021,61022,61025,3,1
61021,61023,61025,2,2
61021,61023,61025,2,2
61021,61022,61024,2,1
61021,61023,61025,2,2
61021,61022,61024,2,1
61021,61022,61025,3,1
61021,61024,61026,2,3
61021,61024,61026,2,3
61021,61024,61026,2,3
61021,61024,61026,2,3
61021,61023,61025,2,2
61021,61023,61025,2,2
61021,61024,61026,2,3
61021,61025,61026,1,4
61021,61024,61026,2,3
61021,61025,61026,1,4
61021,61023,61026,3,2
61021,61026,61027,1,5
61021,61026,61027,1,5
61021,61026,61027,1,5
61021,61026,61027,1,5
61021,61025,61027,2,4
61021,61025,61027,2,4
61021,61026,61027,1,5
61021,61025,61026,1,4
61021,61026,61027,1,5
61021,61026,61027,1,5
61021,61025,61027,2,4
61021,61026,61027,1,5
61021,61026,61027,1,5
61021,61027,61028,1,6
61021,61027,61028,1,6
61021,61026,61028,2,5
61021,61027,61028,1,6
61021,61027,61028,1,6
61021,61027,61028,1,6
61021,61027,61029,2,6
61021,61028,61029,1,7
61021,61029,61030,1,8
61021,61029,61030,1,8
61021,61029,61030,1,8
61021,61030,61031,1,9
61021,61030,61031,1,9
61021,61029,61030,1,8
61023,61031,61032,1,8
61023,61031,61032,1,8
61021,61025,61032,7,4
61023,61032,61033,1,9
61023,61032,61033,1,9
61023,61032,61033,1,9
61023,61032,61033,1,9
61023,61032,61033,1,9
61023,61032,61033,1,9
61023,61032,61034,2,9
61023,61032,61034,2,9
61023,61032,61034,2,9
61023,61032,61033,1,9
61023,61032,61033,1,9
61023,61033,61034,1,10
61023,61033,61034,1,10
61023,61034,61035,1,11
61023,61034,61036,2,11
61023,61034,61035,1,11
61023,61034,61035,1,11
61023,61034,61035,1,11
61023,61034,61036,2,11
61023,61034,61036,2,11
61023,61034,61036,2,11
61023,61034,61036,2,11
61023,61034,61036,2,11
61021,61036,61037,1,15
61021,61036,61037,1,15
61021,61036,61037,1,15
61023,61035,61036,1,12
61023,61035,61036,1,12
61023,61034,61036,2,11
61023,61037,61038,1,14
61023,61036,61037,1,13
61023,61037,61038,1,14
61023,61037,61038,1,14
61023,61036,61037,1,13
61023,61036,61037,1,13
61023,61036,61037,1,13
61023,61036,61038,2,13
61023,61036,61038,2,13
61023,61036,61038,2,13
61023,61033,61038,5,10
61023,61036,61038,2,13
61023,61036,61037,1,13
61023,61036,61038,2,13
61023,61037,61038,1,14
61023,61037,61038,1,14
61023,61038,61039,1,15
61023,61038,61039,1,15
61023,61038,61039,1,15
61023,61038,61039,1,15
61023,61037,61038,1,14
61023,61038,61039,1,15
61023,61038,61039,1,15
61023,61038,61039,1,15
61023,61038,61039,1,15
61023,61038,61039,1,15
61023,61038,61039,1,15
61023,61038,61039,1,15
61023,61038,61039,1,15
61023,61038,61039,1,15
61023,61038,61039,1,15
61023,61039,61040,1,16
61023,61039,61040,1,16
61023,61039,61040,1,16
61023,61039,61040,1,16
61023,61039,61040,1,16
61023,61039,61040,1,16
61023,61039,61040,1,16
61023,61039,61040,1,16
61023,61039,61040,1,16
61023,61039,61040,1,16
61023,61039,61040,1,16
61023,61039,61040,1,16
61023,61039,61040,1,16
61023,61039,61040,1,16
61023,61040,61041,1,17
61023,61040,61041,1,17
61023,61040,61041,1,17
61023,61040,61041,1,17
61023,61040,61041,1,17
61023,61040,61041,1,17
61023,61040,61041,1,17
61023,61040,61041,1,17
61023,61040,61041,1,17
61023,61040,61041,1,17
61023,61040,61041,1,17
61023,61039,61041,2,16
61023,61039,61041,2,16
61023,61040,61041,1,17
60555,60562,61043,481,7
61057,61057,61058,1,0
61057,61057,61058,1,0
61057,61057,61058,1,0
61057,61057,61058,1,0
61057,61057,61058,1,0
61057,61057,61058,1,0
61057,61057,61058,1,0
61057,61057,61058,1,0
61057,61057,61058,1,0
61057,61057,61058,1,0
61057,61057,61058,1,0
61057,61057,61058,1,0
61057,61057,61058,1,0
61057,61058,61059,1,1
61057,61058,61059,1,1
61057,61058,61059,1,1
61057,61058,61059,1,1
61057,61057,61058,1,0
61057,61058,61059,1,1
61057,61058,61059,1,1
61057,61057,61059,2,0
61057,61058,61059,1,1
61057,61058,61059,1,1
61057,61058,61059,1,1
61057,61059,61060,1,2
61057,61058,61060,2,1
61057,61058,61059,1,1
61057,61058,61059,1,1
61057,61058,61060,2,1
61057,61058,61059,1,1
61057,61059,61060,1,2
61057,61059,61060,1,2
61057,61059,61060,1,2
61057,61059,61061,2,2
61057,61060,61061,1,3
61057,61059,61061,2,2
61057,61059,61060,1,2
61057,61059,61060,1,2
61057,61060,61061,1,3
61057,61059,61061,2,2
61057,61060,61061,1,3
61057,61060,61061,1,3
61057,61060,61061,1,3
61057,61060,61061,1,3
61057,61059,61060,1,2
61057,61059,61061,2,2
61057,61060,61061,1,3
61057,61060,61061,1,3
61057,61060,61061,1,3
61057,61060,61061,1,3
61057,61061,61062,1,4
61057,61061,61062,1,4
61057,61061,61062,1,4
61057,61061,61062,1,4
61057,61061,61062,1,4
61057,61061,61062,1,4
61057,61061,61062,1,4
61057,61062,61063,1,5
61057,61062,61063,1,5
61057,61062,61063,1,5
61057,61062,61063,1,5
61057,61062,61063,1,5
61057,61063,61064,1,6
61057,61063,61064,1,6
61057,61064,61065,1,7
61057,61063,61076,13,6
60582,60597,61110,513,15
61112,61112,61113,1,0
61112,61112,61113,1,0
61112,61112,61113,1,0
61112,61112,61113,1,0
61112,61112,61113,1,0
61112,61112,61113,1,0
61112,61113,61114,1,1
61112,61113,61114,1,1
61112,61113,61114,1,1
61112,61113,61114,1,1
61112,61113,61114,1,1
61112,61113,61114,1,1
61112,61113,61114,1,1
61112,61113,61114,1,1
61112,61113,61114,1,1
61112,61112,61114,2,0
61112,61113,61114,1,1
61112,61114,61115,1,2
61112,61114,61115,1,2
61112,61114,61115,1,2
61112,61113,61114,1,1
61112,61113,61114,1,1
61112,61113,61114,1,1
61112,61113,61114,1,1
61112,61114,61115,1,2
61112,61114,61115,1,2
61112,61114,61115,1,2
61112,61115,61116,1,3
61112,61115,61116,1,3
61112,61115,61116,1,3
61112,61115,61116,1,3
61112,61115,61116,1,3
61112,61115,61116,1,3
61112,61115,61116,1,3
61112,61115,61116,1,3
61112,61115,61116,1,3
61112,61115,61116,1,3
61112,61115,61117,2,3
61112,61116,61117,1,4
61112,61116,61117,1,4
61112,61116,61117,1,4
61112,61116,61117,1,4
61112,61116,61117,1,4
61112,61116,61117,1,4
61112,61116,61117,1,4
61112,61116,61117,1,4
61112,61116,61117,1,4
61112,61116,61117,1,4
61112,61116,61117,1,4
61112,61116,61117,1,4
61112,61116,61117,1,4
61112,61116,61117,1,4
61112,61116,61117,1,4
61112,61116,61117,1,4
61112,61117,61118,1,5
61112,61117,61118,1,5
61112,61117,61118,1,5
61112,61117,61118,1,5
61112,61117,61118,1,5
61112,61117,61118,1,5
61112,61117,61118,1,5
61112,61117,61118,1,5
61112,61117,61118,1,5
61112,61117,61118,1,5
61112,61117,61118,1,5
61112,61117,61118,1,5
61112,61117,61118,1,5
61112,61117,61118,1,5
61112,61117,61118,1,5
61112,61117,61119,2,5
61112,61118,61119,1,6
61112,61118,61119,1,6
61112,61118,61119,1,6
61112,61118,61119,1,6
61112,61118,61119,1,6
61112,61118,61119,1,6
61112,61118,61119,1,6
61112,61118,61119,1,6
61112,61118,61119,1,6
61112,61118,61119,1,6
61112,61118,61119,1,6
60383,60392,61131,739,9
61133,61133,61134,1,0
61133,61133,61134,1,0
61133,61133,61134,1,0
61133,61133,61134,1,0
61133,61133,61134,1,0
61133,61133,61134,1,0
61133,61133,61134,1,0
61133,61133,61134,1,0
61133,61133,61135,2,0
61133,61133,61134,1,0
61133,61133,61134,1,0
61133,61133,61134,1,0
61133,61133,61134,1,0
61133,61133,61135,2,0
61133,61133,61135,2,0
61133,61134,61135,1,1
61133,61134,61135,1,1
61133,61134,61136,2,1
61133,61134,61135,1,1
61133,61134,61135,1,1
61133,61134,61135,1,1
61133,61134,61135,1,1
61133,61134,61135,1,1
61133,61134,61135,1,1
61133,61134,61136,2,1
61133,61135,61137,2,2
61133,61136,61137,1,3
61133,61136,61137,1,3
61133,61135,61136,1,2
61133,61136,61137,1,3
61133,61136,61137,1,3
61133,61135,61137,2,2
61133,61135,61137,2,2
61133,61135,61136,1,2
61133,61136,61137,1,3
61133,61135,61137,2,2
61133,61136,61137,1,3
61133,61135,61138,3,2
61133,61136,61137,1,3
61133,61136,61137,1,3
61133,61137,61138,1,4
61133,61137,61138,1,4
61133,61137,61138,1,4
61133,61137,61138,1,4
61133,61136,61137,1,3
61133,61136,61137,1,3
61133,61137,61138,1,4
61133,61137,61138,1,4
61133,61138,61139,1,5
61133,61137,61138,1,4
61133,61138,61139,1,5
61133,61137,61138,1,4
61133,61138,61139,1,5
61133,61138,61139,1,5
61133,61138,61139,1,5
61133,61138,61139,1,5
61133,61138,61139,1,5
61133,61137,61138,1,4
61133,61137,61138,1,4
61133,61138,61139,1,5
61133,61138,61139,1,5
61133,61138,61139,1,5
61133,61138,61139,1,5
61133,61138,61139,1,5
61133,61139,61140,1,6
61133,61139,61140,1,6
61133,61139,61140,1,6
61133,61138,61139,1,5
61133,61139,61140,1,6
61133,61139,61140,1,6
61133,61139,61140,1,6
61133,61139,61140,1,6
61133,61139,61140,1,6
61133,61139,61140,1,6
61133,61139,61140,1,6
61133,61139,61140,1,6
61133,61139,61140,1,6
61133,61140,61141,1,7
61133,61140,61141,1,7
61133,61140,61141,1,7
61133,61140,61141,1,7
61133,61139,61140,1,6
61133,61140,61141,1,7
61133,61140,61141,1,7
61133,61140,61141,1,7
61133,61140,61141,1,7
61133,61140,61141,1,7
61133,61140,61141,1,7
61133,61140,61141,1,7
61133,61140,61141,1,7
61133,61141,61142,1,8
61133,61141,61142,1,8
60429,60439,61141,702,10
61133,61140,61142,2,7
61161,61161,61162,1,0
61161,61161,61162,1,0
61161,61161,61162,1,0
61161,61161,61162,1,0
61161,61161,61162,1,0
61161,61161,61163,2,0
61161,61161,61162,1,0
61161,61161,61162,1,0
61161,61161,61162,1,0
61161,61161,61162,1,0
61161,61162,61163,1,1
61161,61162,61163,1,1
61161,61162,61163,1,1
61161,61162,61163,1,1
61161,61162,61163,1,1
61161,61162,61163,1,1
61161,61162,61163,1,1
61161,61162,61164,2,1
61161,61162,61163,1,1
61161,61162,61163,1,1
61161,61162,61163,1,1
61161,61162,61163,1,1
61161,61163,61164,1,2
61161,61163,61164,1,2
61161,61164,61165,1,3
61161,61163,61164,1,2
61161,61163,61164,1,2
61161,61164,61165,1,3
61161,61164,61165,1,3
61161,61164,61165,1,3
61161,61163,61165,2,2
61161,61164,61166,2,3
61161,61164,61165,1,3
61161,61164,61165,1,3
61161,61164,61165,1,3
61161,61164,61165,1,3
61161,61164,61165,1,3
61161,61164,61166,2,3
61161,61164,61166,2,3
61161,61165,61166,1,4
61161,61165,61167,2,4
61161,61165,61166,1,4
61161,61166,61167,1,5
61161,61166,61167,1,5
61161,61166,61167,1,5
61161,61165,61166,1,4
61161,61165,61166,1,4
61161,61166,61168,2,5
61161,61166,61167,1,5
61161,61167,61168,1,6
61161,61166,61167,1,5
61161,61166,61167,1,5
61161,61167,61168,1,6
61161,61166,61167,1,5
61161,61167,61168,1,6
61161,61167,61168,1,6
61161,61166,61167,1,5
61161,61166,61167,1,5
61161,61166,61167,1,5
61161,61166,61167,1,5
61161,61167,61168,1,6
61161,61167,61168,1,6
61161,61168,61169,1,7
61161,61168,61169,1,7
61161,61168,61169,1,7
61161,61168,61169,1,7
61161,61168,61169,1,7
61161,61168,61169,1,7
61161,61167,61168,1,6
61161,61168,61169,1,7
61161,61167,61168,1,6
61161,61168,61169,1,7
61161,61168,61169,1,7
61161,61168,61170,2,7
61161,61169,61170,1,8
61161,61169,61170,1,8
61161,61169,61170,1,8
61161,61169,61170,1,8
61161,61169,61170,1,8
61161,61169,61170,1,8
61161,61169,61170,1,8
61161,61169,61170,1,8
61161,61168,61169,1,7
61161,61169,61170,1,8
61161,61169,61170,1,8
61161,61169,61170,1,8
61161,61169,61170,1,8
61161,61169,61170,1,8
61161,61169,61170,1,8
61161,61169,61170,1,8
61161,61170,61171,1,9
60734,60744,61233,489,10
61234,61234,61235,1,0
61234,61234,61235,1,0
61234,61234,61235,1,0
61234,61234,61235,1,0
61234,61234,61235,1,0
61234,61234,61235,1,0
61234,61234,61236,2,0
61234,61234,61236,2,0
61234,61235,61236,1,1
61234,61235,61236,1,1
61234,61235,61236,1,1
61234,61235,61237,2,1
61234,61235,61236,1,1
61234,61235,61236,1,1
61234,61235,61236,1,1
61234,61235,61237,2,1
61234,61235,61237,2,1
61234,61235,61237,2,1
61234,61235,61237,2,1
61234,61235,61237,2,1
61234,61235,61237,2,1
61234,61236,61238,2,2
61234,61237,61239,2,3
61234,61236,61239,3,2
61234,61237,61238,1,3
61234,61237,61239,2,3
61234,61237,61238,1,3
61234,61237,61238,1,3
61234,61237,61238,1,3
61234,61237,61238,1,3
61234,61237,61238,1,3
61234,61237,61238,1,3
61234,61237,61239,2,3
61234,61237,61239,2,3
61234,61237,61239,2,3
61234,61237,61239,2,3
61234,61239,61240,1,5
61234,61239,61240,1,5
61234,61239,61240,1,5
61234,61239,61240,1,5
61234,61239,61240,1,5
61234,61239,61240,1,5
61234,61238,61239,1,4
61234,61239,61240,1,5
61234,61239,61240,1,5
61234,61238,61239,1,4
61234,61239,61240,1,5
61234,61239,61240,1,5
61234,61239,61240,1,5
61234,61239,61241,2,5
61234,61239,61240,1,5
61234,61238,61240,2,4
61234,61240,61241,1,6
61234,61240,61241,1,6
61234,61240,61241,1,6
61234,61240,61241,1,6
61234,61240,61241,1,6
61234,61240,61241,1,6
61234,61240,61241,1,6
61234,61240,61241,1,6
61234,61240,61241,1,6
61234,61240,61241,1,6
61234,61240,61241,1,6
61234,61241,61242,1,7
61234,61241,61242,1,7
61234,61241,61242,1,7
61234,61241,61242,1,7
61234,61241,61242,1,7
61234,61241,61242,1,7
61234,61241,61242,1,7
61234,61241,61242,1,7
61234,61241,61242,1,7
61234,61241,61242,1,7
61234,61241,61242,1,7
61234,61241,61242,1,7
61234,61241,61242,1,7
61234,61241,61242,1,7
61234,61241,61242,1,7
61234,61241,61242,1,7
61234,61242,61243,1,8
61234,61242,61243,1,8
61234,61242,61243,1,8
61234,61242,61243,1,8
61234,61242,61243,1,8
61234,61242,61243,1,8
61234,61242,61243,1,8
60626,60633,61324,691,7
61327,61327,61328,1,0
61327,61327,61328,1,0
61327,61327,61328,1,0
61327,61327,61328,1,0
61327,61327,61328,1,0
61327,61327,61328,1,0
61327,61327,61328,1,0
61327,61327,61328,1,0
61327,61327,61328,1,0
61327,61327,61328,1,0
61327,61327,61328,1,0
61327,61327,61328,1,0
61327,61327,61328,1,0
60586,60605,61329,724,19
61327,61327,61329,2,0
61327,61327,61329,2,0
61327,61327,61329,2,0
61327,61328,61330,2,1
61327,61327,61329,2,0
61327,61328,61330,2,1
61327,61328,61330,2,1
61327,61328,61330,2,1
61327,61328,61330,2,1
61327,61328,61330,2,1
61327,61328,61330,2,1
61327,61328,61330,2,1
61327,61328,61330,2,1
61327,61328,61330,2,1
61327,61328,61330,2,1
61327,61328,61330,2,1
61327,61328,61330,2,1
61327,61330,61331,1,3
60584,60605,61331,726,21
61327,61329,61331,2,2
61327,61330,61331,1,3
61327,61330,61331,1,3
61327,61330,61331,1,3
61327,61329,61331,2,2
61327,61330,61331,1,3
61327,61330,61331,1,3
61327,61330,61331,1,3
61327,61329,61331,2,2
61327,61329,61332,3,2
61327,61331,61332,1,4
61327,61331,61332,1,4
61327,61331,61332,1,4
61327,61331,61332,1,4
61327,61331,61332,1,4
61327,61332,61333,1,5
61327,61332,61333,1,5
61327,61331,61332,1,4
61327,61332,61333,1,5
61327,61332,61333,1,5
61327,61332,61333,1,5
61327,61332,61333,1,5
61327,61332,61333,1,5
61327,61332,61333,1,5
61327,61333,61334,1,6
61327,61333,61334,1,6
61327,61333,61334,1,6
61327,61332,61334,2,5
61327,61333,61334,1,6
61327,61332,61334,2,5
61327,61334,61335,1,7
61327,61334,61335,1,7
61327,61334,61335,1,7
61327,61334,61335,1,7
61327,61334,61335,1,7
61327,61334,61335,1,7
61327,61334,61335,1,7
61327,61334,61335,1,7
61327,61334,61335,1,7
61331,61335,61336,1,4
61331,61335,61336,1,4
61331,61335,61336,1,4
61331,61335,61336,1,4
61331,61335,61336,1,4
61331,61336,61337,1,5
61331,61336,61337,1,5
61331,61336,61337,1,5
61331,61336,61337,1,5
61331,61335,61336,1,4
61331,61336,61337,1,5
61331,61336,61337,1,5
61331,61336,61337,1,5
61331,61335,61336,1,4
61331,61336,61337,1,5
61331,61336,61337,1,5
61331,61337,61338,1,6
61331,61337,61338,1,6
61331,61337,61338,1,6
61331,61336,61337,1,5
61331,61336,61337,1,5
61331,61336,61337,1,5
61331,61337,61338,1,6
61331,61337,61338,1,6
61331,61336,61337,1,5
61331,61337,61338,1,6
61331,61337,61338,1,6
61331,61336,61337,1,5
61331,61336,61337,1,5
61331,61337,61338,1,6
61331,61338,61339,1,7
61331,61338,61339,1,7
61331,61338,61339,1,7
61331,61338,61339,1,7
61331,61338,61339,1,7
61331,61338,61339,1,7
61331,61338,61339,1,7
61331,61338,61339,1,7
61331,61338,61339,1,7
61331,61338,61339,1,7
61331,61338,61339,1,7
61331,61338,61339,1,7
61331,61338,61339,1,7
61331,61339,61340,1,8
61331,61339,61340,1,8
61331,61339,61340,1,8
61331,61339,61340,1,8
61331,61339,61340,1,8
61331,61339,61340,1,8
61331,61339,61340,1,8
61331,61338,61339,1,7
61331,61339,61340,1,8
61331,61339,61340,1,8
61331,61339,61340,1,8
61331,61339,61340,1,8
61331,61339,61340,1,8
61331,61339,61340,1,8
61331,61340,61341,1,9
61331,61340,61341,1,9
61331,61340,61341,1,9
61331,61340,61341,1,9
61331,61340,61341,1,9
61331,61340,61341,1,9
61331,61340,61341,1,9
61331,61340,61341,1,9
61331,61340,61341,1,9
61331,61340,61341,1,9
61331,61340,61341,1,9
61331,61340,61341,1,9
61331,61341,61342,1,10
61331,61341,61342,1,10
61331,61341,61342,1,10
61333,61341,61342,1,8
61333,61341,61342,1,8
61333,61341,61342,1,8
61333,61342,61343,1,9
61333,61342,61343,1,9
61333,61342,61343,1,9
61333,61342,61343,1,9
61333,61342,61343,1,9
61333,61343,61344,1,10
61333,61343,61344,1,10
61333,61343,61344,1,10
61333,61343,61344,1,10
61333,61343,61344,1,10
61333,61343,61344,1,10
61333,61342,61343,1,9
61333,61343,61344,1,10
61333,61343,61344,1,10
61333,61343,61344,1,10
61333,61343,61344,1,10
61333,61343,61344,1,10
61333,61344,61345,1,11
61333,61344,61345,1,11
61333,61343,61344,1,10
61333,61343,61344,1,10
61333,61344,61345,1,11
61333,61344,61345,1,11
61333,61344,61345,1,11
61333,61343,61344,1,10
61333,61343,61345,2,10
61333,61344,61345,1,11
61333,61344,61345,1,11
61333,61344,61345,1,11
61333,61344,61345,1,11
61333,61344,61345,1,11
61333,61344,61345,1,11
61333,61345,61346,1,12
61333,61345,61346,1,12
61333,61345,61346,1,12
61333,61345,61346,1,12
61333,61345,61346,1,12
61333,61345,61346,1,12
61333,61345,61346,1,12
61333,61345,61346,1,12
61333,61345,61346,1,12
61333,61346,61347,1,13
61333,61346,61347,1,13
61333,61346,61347,1,13
61333,61346,61347,1,13
61333,61346,61347,1,13
61333,61345,61346,1,12
61333,61346,61347,1,13
61333,61346,61347,1,13
61333,61346,61347,1,13
61333,61346,61347,1,13
61333,61345,61346,1,12
61333,61345,61346,1,12
61333,61346,61347,1,13
61333,61347,61348,1,14
61333,61347,61348,1,14
61333,61347,61348,1,14
61333,61347,61348,1,14
61333,61347,61348,1,14
61333,61347,61348,1,14
61333,61347,61348,1,14
61333,61347,61348,1,14
61333,61348,61349,1,15
61333,61348,61349,1,15
61333,61348,61349,1,15
61333,61348,61349,1,15
61333,61348,61349,1,15
61333,61348,61349,1,15
61333,61348,61349,1,15
61333,61348,61349,1,15
61333,61348,61349,1,15
61333,61348,61349,1,15
60888,60896,61386,490,8
61387,61387,61388,1,0
61387,61387,61388,1,0
61387,61387,61388,1,0
61387,61387,61388,1,0
61387,61387,61388,1,0
61387,61387,61388,1,0
61387,61387,61388,1,0
61387,61387,61388,1,0
61387,61387,61388,1,0
61387,61387,61388,1,0
61387,61387,61389,2,0
61387,61387,61389,2,0
61387,61387,61389,2,0
61387,61387,61389,2,0
61387,61388,61390,2,1
61387,61389,61390,1,2
61387,61389,61390,1,2
61387,61389,61390,1,2
61387,61389,61390,1,2
61387,61389,61390,1,2
61387,61389,61391,2,2
61387,61389,61390,1,2
61387,61389,61390,1,2
61387,61389,61390,1,2
61387,61389,61390,1,2
61387,61389,61390,1,2
61387,61389,61390,1,2
61387,61390,61391,1,3
61387,61390,61391,1,3
61387,61390,61391,1,3
61387,61390,61391,1,3
61387,61391,61392,1,4
61387,61391,61392,1,4
61387,61391,61392,1,4
61387,61392,61393,1,5
61387,61392,61393,1,5
61387,61391,61392,1,4
61387,61391,61392,1,4
61387,61391,61392,1,4
61387,61391,61392,1,4
61387,61391,61392,1,4
61387,61391,61392,1,4
61387,61391,61392,1,4
61387,61391,61392,1,4
61387,61392,61393,1,5
61387,61392,61393,1,5
61387,61392,61393,1,5
61387,61392,61393,1,5
61387,61393,61394,1,6
61387,61393,61394,1,6
61387,61392,61393,1,5
61387,61393,61394,1,6
61387,61393,61394,1,6
61387,61393,61394,1,6
61387,61393,61394,1,6
61387,61394,61395,1,7
61387,61394,61395,1,7
61387,61393,61394,1,6
61387,61393,61394,1,6
61387,61393,61394,1,6
61387,61393,61394,1,6
61387,61393,61394,1,6
61387,61394,61395,1,7
61387,61394,61395,1,7
61387,61394,61395,1,7
61387,61394,61395,1,7
61387,61395,61396,1,8
61387,61395,61396,1,8
61387,61395,61396,1,8
61387,61395,61396,1,8
61387,61395,61396,1,8
61387,61395,61396,1,8
61387,61395,61396,1,8
61387,61395,61396,1,8
61387,61396,61397,1,9
61387,61395,61396,1,8
61387,61395,61396,1,8
61387,61395,61396,1,8
61387,61395,61396,1,8
60682,60690,61400,710,8
61412,61412,61413,1,0
61412,61412,61413,1,0
61412,61412,61413,1,0
61412,61412,61413,1,0
61412,61412,61413,1,0
61412,61412,61413,1,0
61412,61412,61413,1,0
61412,61412,61413,1,0
61412,61412,61413,1,0
61412,61412,61413,1,0
61412,61412,61414,2,0
61412,61412,61414,2,0
61412,61413,61415,2,1
61412,61413,61415,2,1
61412,61413,61415,2,1
61412,61413,61415,2,1
61412,61413,61415,2,1
61412,61412,61414,2,0
61412,61413,61415,2,1
61412,61413,61415,2,1
61412,61413,61415,2,1
61412,61414,61415,1,2
61412,61414,61415,1,2
61412,61414,61415,1,2
61412,61414,61415,1,2
61412,61413,61415,2,1
61412,61414,61416,2,2
61412,61414,61416,2,2
61412,61415,61417,2,3
61412,61415,61416,1,3
61412,61415,61417,2,3
61412,61415,61417,2,3
61412,61415,61417,2,3
61412,61416,61417,1,4
61412,61416,61417,1,4
61412,61416,61417,1,4
61412,61416,61417,1,4
61412,61416,61417,1,4
61412,61416,61417,1,4
61412,61416,61417,1,4
61412,61416,61417,1,4
61412,61417,61418,1,5
61412,61417,61418,1,5
61412,61417,61418,1,5
61412,61417,61418,1,5
61412,61416,61418,2,4
61412,61418,61419,1,6
61412,61418,61419,1,6
61412,61418,61419,1,6
61412,61418,61419,1,6
61412,61419,61420,1,7
61412,61419,61420,1,7
61412,61419,61420,1,7
61412,61420,61421,1,8
61412,61420,61421,1,8
61412,61420,61421,1,8
61412,61420,61421,1,8
61412,61420,61421,1,8
61412,61420,61421,1,8
61412,61420,61421,1,8
61412,61421,61422,1,9
61412,61412,61434,22,0
60966,60973,61446,473,7
61449,61449,61450,1,0
61449,61449,61450,1,0
61449,61449,61450,1,0
61449,61449,61450,1,0
61449,61449,61450,1,0
61449,61449,61450,1,0
61449,61449,61450,1,0
61449,61449,61450,1,0
61449,61449,61450,1,0
61449,61449,61450,1,0
61449,61449,61450,1,0
61449,61449,61450,1,0
61449,61449,61450,1,0
61449,61450,61451,1,1
61449,61450,61451,1,1
61449,61449,61451,2,0
61449,61449,61451,2,0
61449,61449,61451,2,0
61449,61450,61451,1,1
61449,61450,61451,1,1
61449,61450,61451,1,1
61449,61450,61452,2,1
61449,61450,61452,2,1
61449,61450,61452,2,1
61449,61450,61452,2,1
61449,61450,61452,2,1
61449,61450,61452,2,1
61449,61450,61452,2,1
61449,61450,61452,2,1
61449,61449,61453,4,0
61449,61451,61452,1,2
61449,61451,61452,1,2
61449,61451,61453,2,2
61449,61451,61453,2,2
61449,61452,61454,2,3
61449,61452,61454,2,3
61449,61452,61453,1,3
61449,61451,61454,3,2
61449,61453,61454,1,4
61449,61453,61454,1,4
61449,61452,61454,2,3
61449,61452,61454,2,3
61449,61452,61454,2,3
61449,61452,61454,2,3
61449,61452,61454,2,3
61449,61452,61454,2,3
61449,61452,61454,2,3
61449,61452,61454,2,3
61449,61454,61455,1,5
61449,61454,61455,1,5
61449,61454,61455,1,5
61449,61454,61455,1,5
61449,61454,61455,1,5
61449,61455,61456,1,6
61449,61455,61456,1,6
61449,61455,61456,1,6
61449,61455,61456,1,6
61449,61455,61456,1,6
61449,61455,61456,1,6
61449,61455,61456,1,6
61449,61455,61456,1,6
61449,61455,61456,1,6
61449,61455,61456,1,6
61449,61455,61456,1,6
61449,61455,61456,1,6
61449,61455,61456,1,6
61449,61455,61456,1,6
61449,61456,61457,1,7
61449,61454,61457,3,5
61449,61457,61458,1,8
61449,61457,61458,1,8
61449,61457,61458,1,8
61449,61457,61458,1,8
61449,61457,61458,1,8
61449,61454,61457,3,5
61449,61457,61458,1,8
61449,61456,61458,2,7
61449,61457,61458,1,8
61449,61457,61458,1,8
61449,61458,61459,1,9
61449,61458,61459,1,9
61449,61457,61458,1,8
61449,61457,61458,1,8
61449,61458,61459,1,9
61449,61457,61458,1,8
61449,61457,61458,1,8
61449,61458,61459,1,9
61449,61458,61459,1,9
61449,61458,61459,1,9
61449,61458,61460,2,9
61449,61468,61470,2,19
61022,61031,61509,478,9
61511,61511,61512,1,0
61511,61511,61512,1,0
61511,61511,61512,1,0
61511,61511,61512,1,0
61511,61511,61512,1,0
61511,61511,61512,1,0
61511,61511,61512,1,0
61511,61511,61512,1,0
61511,61511,61512,1,0
61511,61511,61513,2,0
61511,61512,61514,2,1
61511,61512,61514,2,1
61511,61512,61513,1,1
61511,61512,61513,1,1
61511,61512,61513,1,1
61511,61512,61514,2,1
61511,61512,61514,2,1
61511,61512,61514,2,1
61511,61512,61514,2,1
61511,61511,61513,2,0
61511,61512,61514,2,1
61511,61512,61514,2,1
61511,61512,61514,2,1
61511,61512,61514,2,1
61511,61513,61515,2,2
61511,61514,61515,1,3
60811,60820,61516,696,9
61511,61514,61515,1,3
61511,61514,61515,1,3
61511,61514,61515,1,3
61511,61514,61515,1,3
61511,61514,61515,1,3
61511,61514,61516,2,3
61511,61515,61516,1,4
61511,61514,61516,2,3
61511,61514,61516,2,3
61511,61514,61516,2,3
61511,61514,61515,1,3
61511,61514,61515,1,3
61511,61515,61516,1,4
61511,61515,61516,1,4
61511,61511,61516,5,0
61511,61516,61517,1,5
61511,61516,61517,1,5
61511,61516,61517,1,5
61511,61516,61517,1,5
61511,61515,61516,1,4
61511,61516,61517,1,5
61511,61516,61517,1,5
61511,61516,61517,1,5
61511,61516,61517,1,5
61511,61516,61517,1,5
61511,61517,61518,1,6
61511,61516,61517,1,5
61511,61517,61518,1,6
61511,61517,61518,1,6
61511,61517,61518,1,6
61511,61517,61518,1,6
61511,61516,61517,1,5
61511,61516,61517,1,5
61511,61516,61517,1,5
61511,61516,61517,1,5
61511,61516,61517,1,5
61511,61517,61518,1,6
61511,61518,61519,1,7
61511,61518,61519,1,7
61511,61511,61519,8,0
61511,61518,61519,1,7
61511,61518,61519,1,7
61511,61518,61519,1,7
61511,61518,61519,1,7
61511,61518,61519,1,7
61511,61518,61519,1,7
61511,61518,61519,1,7
61511,61518,61519,1,7
61511,61518,61519,1,7
61511,61518,61519,1,7
61511,61518,61519,1,7
61511,61519,61520,1,8
61511,61519,61520,1,8
61511,61519,61520,1,8
61511,61519,61520,1,8
61511,61519,61520,1,8
61511,61519,61520,1,8
61511,61519,61520,1,8
61511,61519,61520,1,8
61511,61519,61520,1,8
61511,61518,61519,1,7
61511,61518,61520,2,7
61511,61519,61520,1,8
61511,61518,61519,1,7
61511,61519,61520,1,8
61518,61520,61521,1,2
61511,61519,61520,1,8
61518,61520,61521,1,2
61518,61520,61521,1,2
61518,61520,61521,1,2
61518,61520,61521,1,2
61518,61521,61522,1,3
61518,61521,61522,1,3
61518,61521,61522,1,3
61518,61521,61522,1,3
61518,61521,61522,1,3
61518,61521,61523,2,3
61518,61521,61523,2,3
61518,61521,61523,2,3
61518,61521,61523,2,3
61518,61521,61523,2,3
61518,61521,61523,2,3
61518,61522,61523,1,4
61518,61522,61523,1,4
61518,61522,61523,1,4
61518,61522,61523,1,4
61518,61522,61524,2,4
61518,61521,61523,2,3
61518,61523,61525,2,5
61518,61523,61525,2,5
61518,61523,61525,2,5
61518,61523,61525,2,5
61518,61523,61525,2,5
61518,61523,61525,2,5
61518,61523,61524,1,5
61518,61523,61525,2,5
61518,61523,61525,2,5
61518,61523,61525,2,5
61518,61524,61525,1,6
61518,61524,61525,1,6
61518,61524,61525,1,6
61518,61523,61525,2,5
61518,61524,61526,2,6
61518,61524,61525,1,6
61518,61525,61526,1,7
61518,61525,61526,1,7
61518,61525,61526,1,7
61518,61525,61526,1,7
61518,61525,61526,1,7
61518,61526,61527,1,8
61518,61524,61526,2,6
61518,61525,61527,2,7
61518,61525,61526,1,7
61518,61525,61526,1,7
61518,61526,61527,1,8
61518,61526,61527,1,8
61518,61527,61528,1,9
61518,61527,61528,1,9
61518,61527,61528,1,9
61518,61527,61528,1,9
61518,61527,61528,1,9
61518,61527,61528,1,9
61518,61527,61528,1,9
61518,61527,61528,1,9
61518,61527,61528,1,9
61518,61527,61528,1,9
61518,61527,61528,1,9
61518,61527,61528,1,9
61518,61528,61529,1,10
61518,61528,61529,1,10
61518,61528,61529,1,10
61518,61528,61529,1,10
61518,61528,61529,1,10
61518,61528,61529,1,10
61518,61528,61529,1,10
61518,61528,61529,1,10
61518,61528,61529,1,10
61518,61528,61529,1,10
61518,61528,61529,1,10
61518,61528,61529,1,10
61518,61529,61530,1,11
60855,60864,61583,719,9
61586,61586,61587,1,0
61586,61586,61587,1,0
61586,61586,61587,1,0
61586,61586,61587,1,0
61586,61586,61587,1,0
61586,61586,61587,1,0
61586,61586,61587,1,0
61586,61586,61587,1,0
61586,61586,61587,1,0
61586,61586,61588,2,0
61586,61586,61588,2,0
61586,61586,61588,2,0
61586,61586,61587,1,0
61586,61587,61588,1,1
61586,61587,61588,1,1
61586,61587,61588,1,1
61586,61587,61589,2,1
61586,61587,61589,2,1
61586,61587,61589,2,1
61586,61587,61589,2,1
61586,61587,61589,2,1
61586,61588,61589,1,2
61586,61587,61589,2,1
61586,61587,61589,2,1
61586,61587,61589,2,1
61586,61588,61590,2,2
61586,61588,61590,2,2
61586,61589,61590,1,3
61586,61587,61590,3,1
61586,61589,61591,2,3
61586,61589,61590,1,3
61586,61589,61591,2,3
61586,61589,61591,2,3
61586,61589,61591,2,3
61586,61590,61591,1,4
61586,61590,61591,1,4
61586,61590,61591,1,4
61586,61590,61591,1,4
61586,61590,61591,1,4
61586,61590,61591,1,4
61586,61591,61592,1,5
61586,61591,61592,1,5
61586,61591,61592,1,5
61586,61591,61592,1,5
61586,61590,61592,2,4
61586,61591,61592,1,5
61586,61591,61592,1,5
61586,61591,61592,1,5
61586,61591,61592,1,5
61586,61591,61592,1,5
61586,61592,61593,1,6
61586,61588,61593,5,2
61586,61593,61594,1,7
61586,61593,61594,1,7
61586,61593,61594,1,7
61586,61593,61594,1,7
61586,61593,61594,1,7
61586,61593,61594,1,7
60863,60873,61594,721,10
61113,61118,61594,476,5
61586,61594,61595,1,8
61586,61594,61595,1,8
61586,61594,61595,1,8
61586,61594,61595,1,8
61586,61594,61595,1,8
61586,61594,61595,1,8
61586,61595,61596,1,9
61586,61595,61596,1,9
61595,61595,61596,1,0
61595,61595,61596,1,0
61595,61595,61596,1,0
61595,61595,61596,1,0
61595,61595,61596,1,0
61595,61595,61596,1,0
61595,61595,61596,1,0
61595,61595,61596,1,0
61595,61596,61597,1,1
61595,61596,61597,1,1
61595,61596,61598,2,1
61595,61596,61598,2,1
61595,61596,61598,2,1
61595,61596,61598,2,1
61595,61596,61598,2,1
61595,61597,61598,1,2
61595,61597,61598,1,2
61595,61597,61598,1,2
61595,61597,61598,1,2
61595,61597,61598,1,2
61595,61597,61598,1,2
61595,61597,61599,2,2
61595,61597,61598,1,2
61595,61597,61598,1,2
61595,61597,61598,1,2
61595,61597,61598,1,2
61595,61598,61600,2,3
61595,61599,61600,1,4
61595,61599,61600,1,4
61595,61599,61600,1,4
61595,61599,61600,1,4
61595,61598,61600,2,3
61595,61598,61600,2,3
61595,61598,61600,2,3
61595,61599,61600,1,4
61595,61599,61600,1,4
61595,61599,61600,1,4
61595,61599,61600,1,4
61595,61599,61600,1,4
61595,61599,61600,1,4
61595,61599,61600,1,4
61595,61599,61600,1,4
61595,61600,61601,1,5
61595,61598,61600,2,3
61595,61600,61601,1,5
61595,61601,61602,1,6
61595,61601,61602,1,6
61595,61601,61602,1,6
61595,61600,61601,1,5
61595,61600,61601,1,5
61595,61600,61601,1,5
61595,61601,61602,1,6
61595,61600,61601,1,5
61595,61601,61602,1,6
61595,61600,61601,1,5
61595,61601,61602,1,6
61595,61602,61603,1,7
61595,61602,61603,1,7
61595,61602,61603,1,7
61595,61602,61603,1,7
60918,60927,61603,676,9
61595,61602,61603,1,7
61595,61602,61603,1,7
61595,61602,61603,1,7
61595,61602,61603,1,7
61595,61602,61603,1,7
61595,61602,61603,1,7
61595,61602,61603,1,7
61595,61602,61603,1,7
61595,61602,61603,1,7
61595,61602,61603,1,7
61595,61602,61603,1,7
61595,61603,61604,1,8
61595,61603,61604,1,8
61595,61603,61604,1,8
61595,61603,61604,1,8
61595,61603,61604,1,8
61595,61603,61604,1,8
61596,61603,61604,1,7
61596,61603,61604,1,7
61596,61603,61604,1,7
61595,61603,61604,1,8
61595,61603,61604,1,8
61595,61603,61604,1,8
61596,61603,61604,1,7
61596,61603,61604,1,7
61596,61603,61604,1,7
61596,61604,61605,1,8
61596,61604,61605,1,8
61596,61604,61605,1,8
61596,61604,61605,1,8
61596,61604,61605,1,8
61596,61604,61605,1,8
61596,61604,61605,1,8
61596,61604,61605,1,8
61596,61604,61605,1,8
61596,61604,61605,1,8
61596,61604,61605,1,8
61596,61604,61605,1,8
61596,61605,61606,1,9
61596,61605,61606,1,9
61596,61605,61606,1,9
61596,61604,61605,1,8
61596,61604,61606,2,8
61596,61605,61606,1,9
61596,61604,61606,2,8
61596,61604,61605,1,8
61596,61604,61605,1,8
61596,61606,61607,1,10
61596,61605,61606,1,9
61596,61605,61606,1,9
61596,61605,61606,1,9
61596,61605,61606,1,9
61596,61605,61606,1,9
61596,61605,61607,2,9
61596,61605,61607,2,9
61596,61605,61607,2,9
61596,61605,61607,2,9
61596,61605,61607,2,9
61596,61606,61607,1,10
61596,61607,61608,1,11
61596,61606,61607,1,10
61596,61606,61608,2,10
61596,61606,61607,1,10
61596,61606,61607,1,10
61596,61607,61608,1,11
61596,61606,61608,2,10
61596,61607,61608,1,11
61596,61607,61608,1,11
61596,61606,61608,2,10
61596,61606,61608,2,10
61596,61608,61609,1,12
61596,61608,61609,1,12
61596,61607,61608,1,11
61596,61607,61608,1,11
61596,61607,61608,1,11
61596,61607,61608,1,11
61596,61608,61609,1,12
61596,61608,61609,1,12
61596,61607,61609,2,11
61596,61608,61609,1,12
61596,61609,61610,1,13
61596,61609,61610,1,13
61596,61609,61610,1,13
61596,61608,61609,1,12
61596,61608,61610,2,12
61596,61608,61610,2,12
61596,61609,61610,1,13
61596,61609,61610,1,13
61596,61609,61610,1,13
61596,61608,61610,2,12
61596,61608,61610,2,12
61596,61609,61610,1,13
61596,61609,61610,1,13
61596,61609,61610,1,13
61596,61610,61611,1,14
61596,61610,61611,1,14
61596,61609,61610,1,13
61596,61610,61611,1,14
61596,61610,61611,1,14
61596,61610,61611,1,14
61596,61609,61610,1,13
61596,61609,61610,1,13
61596,61610,61611,1,14
61596,61610,61611,1,14
61596,61610,61611,1,14
61596,61610,61611,1,14
61596,61610,61611,1,14
61596,61610,61611,1,14
61596,61611,61612,1,15
61596,61611,61612,1,15
61596,61611,61612,1,15
61596,61611,61612,1,15
61596,61611,61612,1,15
61596,61611,61612,1,15
61611,61611,61612,1,0
61596,61611,61612,1,15
61611,61612,61613,1,1
61611,61612,61613,1,1
61611,61612,61613,1,1
61611,61612,61613,1,1
61611,61612,61614,2,1
61611,61612,61613,1,1
61611,61613,61614,1,2
61611,61613,61614,1,2
61611,61613,61614,1,2
61611,61613,61614,1,2
61611,61613,61614,1,2
61611,61613,61614,1,2
61611,61613,61614,1,2
61611,61613,61614,1,2
61611,61613,61615,2,2
61611,61613,61615,2,2
61611,61613,61615,2,2
61611,61613,61615,2,2
61611,61613,61615,2,2
61611,61613,61615,2,2
61611,61613,61615,2,2
61611,61613,61615,2,2
61611,61614,61616,2,3
61611,61614,61616,2,3
61611,61615,61616,1,4
61611,61615,61616,1,4
61611,61615,61616,1,4
61611,61615,61616,1,4
61611,61615,61616,1,4
61611,61615,61616,1,4
61611,61615,61616,1,4
61611,61615,61616,1,4
61611,61615,61616,1,4
61611,61615,61617,2,4
61611,61615,61617,2,4
61611,61615,61617,2,4
61611,61615,61616,1,4
61611,61615,61616,1,4
61611,61616,61617,1,5
61611,61617,61618,1,6
61611,61616,61617,1,5
61611,61616,61617,1,5
61611,61617,61618,1,6
61611,61616,61617,1,5
61611,61616,61618,2,5
61611,61617,61618,1,6
61611,61617,61618,1,6
61611,61617,61618,1,6
61611,61617,61618,1,6
61611,61617,61618,1,6
61611,61617,61618,1,6
61611,61617,61618,1,6
61611,61617,61618,1,6
61611,61617,61618,1,6
61611,61617,61618,1,6
61611,61617,61618,1,6
61611,61618,61619,1,7
61611,61618,61619,1,7
61611,61618,61619,1,7
61611,61617,61619,2,6
61611,61618,61619,1,7
61611,61619,61620,1,8
61611,61618,61619,1,7
61611,61618,61619,1,7
61611,61619,61620,1,8
61611,61619,61620,1,8
61611,61619,61620,1,8
61611,61619,61620,1,8
61611,61619,61620,1,8
61611,61620,61621,1,9
61611,61620,61621,1,9
61611,61620,61622,2,9
61611,61620,61621,1,9
60920,60938,61625,687,18
61645,61645,61646,1,0
61645,61645,61646,1,0
61645,61645,61646,1,0
61645,61645,61646,1,0
61645,61645,61646,1,0
61645,61645,61646,1,0
61645,61645,61646,1,0
61645,61645,61646,1,0
61645,61645,61646,1,0
61645,61645,61646,1,0
61645,61645,61646,1,0
61645,61645,61646,1,0
61645,61645,61646,1,0
61645,61645,61647,2,0
61645,61645,61647,2,0
61162,61170,61647,477,8
61645,61645,61647,2,0
61645,61646,61648,2,1
61645,61646,61648,2,1
61645,61646,61648,2,1
61645,61646,61648,2,1
61645,61646,61648,2,1
61645,61646,61648,2,1
61645,61646,61648,2,1
61645,61646,61648,2,1
61645,61646,61648,2,1
61645,61646,61648,2,1
61645,61646,61648,2,1
61645,61646,61648,2,1
61645,61645,61647,2,0
61645,61647,61649,2,2
61645,61647,61649,2,2
61645,61647,61649,2,2
61645,61647,61649,2,2
61645,61648,61649,1,3
61645,61648,61649,1,3
61645,61647,61649,2,2
61645,61648,61650,2,3
61645,61648,61650,2,3
61645,61648,61650,2,3
61645,61648,61650,2,3
61645,61648,61650,2,3
61645,61648,61650,2,3
61645,61648,61650,2,3
61645,61649,61650,1,4
61645,61649,61650,1,4
61645,61649,61650,1,4
61645,61649,61650,1,4
61645,61649,61650,1,4
61645,61647,61650,3,2
61645,61650,61651,1,5
61645,61649,61651,2,4
61645,61650,61651,1,5
61645,61650,61651,1,5
61645,61649,61651,2,4
61645,61650,61651,1,5
61645,61651,61652,1,6
61645,61650,61652,2,5
61645,61651,61652,1,6
61645,61651,61652,1,6
61645,61651,61652,1,6
61645,61651,61652,1,6
61645,61651,61652,1,6
61645,61651,61652,1,6
61645,61650,61652,2,5
61645,61651,61652,1,6
61645,61652,61653,1,7
61645,61652,61653,1,7
61645,61652,61653,1,7
61645,61652,61653,1,7
61645,61653,61654,1,8
61645,61653,61654,1,8
61645,61653,61654,1,8
61645,61653,61654,1,8
61645,61653,61654,1,8
61645,61653,61654,1,8
61652,61654,61655,1,2
61652,61654,61655,1,2
61652,61654,61655,1,2
61652,61654,61655,1,2
61652,61654,61655,1,2
61652,61654,61655,1,2
61652,61654,61655,1,2
61645,61654,61655,1,9
61652,61655,61656,1,3
61652,61655,61656,1,3
61645,61655,61656,1,10
61652,61655,61657,2,3
61652,61655,61657,2,3
61652,61655,61656,1,3
61652,61655,61656,1,3
61652,61655,61656,1,3
61652,61655,61657,2,3
61652,61655,61657,2,3
61652,61655,61657,2,3
61652,61655,61657,2,3
61652,61655,61657,2,3
61652,61655,61657,2,3
61652,61656,61657,1,4
61652,61656,61658,2,4
61652,61657,61658,1,5
61652,61655,61657,2,3
61652,61657,61658,1,5
61652,61657,61659,2,5
61652,61657,61659,2,5
61652,61657,61658,1,5
61652,61657,61658,1,5
61652,61658,61659,1,6
61652,61657,61658,1,5
61652,61657,61658,1,5
61652,61657,61658,1,5
61652,61657,61659,2,5
61652,61657,61659,2,5
61652,61657,61659,2,5
61652,61657,61659,2,5
61652,61657,61659,2,5
61652,61659,61660,1,7
61652,61659,61660,1,7
61652,61657,61659,2,5
61652,61659,61660,1,7
61652,61659,61660,1,7
61652,61659,61660,1,7
61652,61658,61659,1,6
61652,61659,61660,1,7
61652,61660,61661,1,8
61652,61659,61660,1,7
61652,61659,61660,1,7
61652,61660,61661,1,8
61652,61660,61661,1,8
61652,61660,61661,1,8
61652,61659,61660,1,7
61652,61660,61661,1,8
61652,61660,61661,1,8
61652,61660,61661,1,8
61652,61660,61661,1,8
61652,61659,61661,2,7
61652,61659,61661,2,7
61652,61661,61662,1,9
61652,61661,61662,1,9
61652,61661,61662,1,9
61652,61661,61662,1,9
61652,61661,61662,1,9
61652,61661,61662,1,9
61652,61661,61662,1,9
61652,61661,61662,1,9
61652,61660,61662,2,8
61652,61662,61663,1,10
61652,61662,61663,1,10
61652,61662,61663,1,10
61652,61662,61663,1,10
61652,61662,61663,1,10
61652,61662,61663,1,10
61652,61662,61663,1,10
61652,61662,61663,1,10
61652,61662,61663,1,10
61652,61662,61663,1,10
61652,61662,61663,1,10
61652,61662,61663,1,10
61652,61662,61663,1,10
60949,60956,61664,708,7
61652,61662,61663,1,10
61652,61663,61665,2,11
61652,61671,61672,1,19
61652,61671,61672,1,19
61673,61673,61674,1,0
61673,61673,61674,1,0
61673,61673,61674,1,0
61673,61673,61674,1,0
61673,61673,61674,1,0
61673,61673,61674,1,0
61673,61673,61674,1,0
61673,61673,61674,1,0
61673,61674,61675,1,1
61673,61674,61675,1,1
61673,61674,61675,1,1
61673,61675,61676,1,2
61673,61674,61676,2,1
61673,61675,61676,1,2
61673,61675,61676,1,2
61673,61675,61676,1,2
61673,61675,61676,1,2
61673,61675,61676,1,2
61673,61675,61676,1,2
61673,61675,61676,1,2
61673,61675,61676,1,2
61673,61675,61676,1,2
61673,61675,61676,1,2
61673,61675,61676,1,2
61673,61676,61677,1,3
61673,61674,61677,3,1
61673,61677,61678,1,4
61673,61676,61677,1,3
61673,61677,61678,1,4
61673,61677,61678,1,4
61673,61677,61678,1,4
61673,61677,61678,1,4
61673,61677,61678,1,4
61673,61677,61678,1,4
61673,61677,61678,1,4
61673,61677,61678,1,4
61673,61678,61679,1,5
61673,61678,61679,1,5
61673,61678,61679,1,5
61673,61678,61679,1,5
61673,61677,61678,1,4
61673,61678,61679,1,5
61673,61678,61679,1,5
61673,61678,61679,1,5
61673,61677,61678,1,4
61673,61679,61680,1,6
61673,61679,61680,1,6
61673,61679,61680,1,6
61673,61679,61680,1,6
61673,61679,61680,1,6
61673,61679,61680,1,6
61673,61679,61680,1,6
61673,61679,61680,1,6
61673,61679,61680,1,6
61673,61678,61680,2,5
61673,61680,61681,1,7
61673,61680,61681,1,7
61673,61680,61681,1,7
61673,61680,61681,1,7
61673,61680,61681,1,7
61673,61680,61681,1,7
61673,61679,61680,1,6
61673,61679,61680,1,6
61673,61680,61681,1,7
61673,61680,61681,1,7
61673,61680,61681,1,7
61673,61680,61681,1,7
61673,61681,61682,1,8
61673,61681,61682,1,8
61673,61681,61682,1,8
61673,61681,61682,1,8
61673,61681,61682,1,8
61673,61681,61682,1,8
61673,61681,61682,1,8
61673,61681,61682,1,8
61673,61681,61682,1,8
61673,61681,61682,1,8
61673,61682,61683,1,9
60984,60991,61684,693,7
61694,61694,61695,1,0
61694,61694,61695,1,0
61694,61694,61695,1,0
61694,61694,61695,1,0
61694,61694,61695,1,0
61694,61694,61695,1,0
61694,61694,61695,1,0
61694,61694,61695,1,0
61694,61694,61695,1,0
61694,61694,61695,1,0
61694,61694,61695,1,0
61694,61694,61695,1,0
61694,61694,61695,1,0
61694,61694,61695,1,0
61694,61695,61696,1,1
61694,61695,61696,1,1
61694,61694,61696,2,0
61694,61695,61696,1,1
61694,61695,61696,1,1
61694,61695,61696,1,1
61694,61695,61697,2,1
61694,61695,61697,2,1
61694,61695,61697,2,1
61694,61695,61697,2,1
61694,61695,61697,2,1
61694,61696,61697,1,2
61694,61695,61697,2,1
61694,61695,61697,2,1
61694,61695,61697,2,1
61694,61695,61696,1,1
61694,61694,61696,2,0
61694,61697,61698,1,3
61694,61697,61698,1,3
61694,61697,61698,1,3
61694,61697,61698,1,3
61694,61698,61699,1,4
61694,61697,61698,1,3
61694,61698,61699,1,4
61694,61698,61699,1,4
61694,61698,61699,1,4
61694,61697,61699,2,3
61694,61697,61699,2,3
61694,61697,61699,2,3
61694,61697,61699,2,3
61694,61697,61699,2,3
61694,61697,61699,2,3
61694,61697,61699,2,3
61694,61697,61699,2,3
61694,61697,61699,2,3
61694,61697,61699,2,3
61694,61699,61700,1,5
61694,61697,61700,3,3
61694,61699,61700,1,5
61694,61699,61700,1,5
61694,61699,61700,1,5
61694,61699,61700,1,5
61694,61699,61700,1,5
61694,61699,61700,1,5
61694,61699,61700,1,5
61694,61699,61700,1,5
61694,61699,61700,1,5
61694,61700,61701,1,6
61694,61700,61701,1,6
61694,61699,61700,1,5
61694,61700,61701,1,6
61694,61700,61701,1,6
61694,61700,61701,1,6
61694,61700,61701,1,6
61694,61700,61701,1,6
61694,61701,61702,1,7
61694,61699,61701,2,5
61694,61701,61702,1,7
61694,61701,61702,1,7
61694,61701,61702,1,7
61694,61702,61703,1,8
61694,61701,61702,1,7
61694,61701,61702,1,7
61694,61702,61703,1,8
61694,61702,61703,1,8
61694,61702,61703,1,8
61694,61702,61703,1,8
61694,61701,61702,1,7
61694,61700,61702,2,6
61694,61702,61703,1,8
61694,61706,61707,1,12
61235,61242,61724,482,7
61730,61730,61731,1,0
61730,61730,61731,1,0
61730,61730,61731,1,0
61730,61730,61731,1,0
61730,61730,61731,1,0
61730,61730,61731,1,0
61730,61730,61731,1,0
61730,61730,61731,1,0
61730,61730,61731,1,0
61730,61730,61731,1,0
61730,61730,61731,1,0
61730,61730,61731,1,0
61730,61730,61731,1,0
61730,61730,61732,2,0
61730,61730,61731,1,0
61730,61731,61732,1,1
61730,61731,61732,1,1
61730,61731,61733,2,1
61730,61731,61733,2,1
61730,61731,61733,2,1
61730,61731,61733,2,1
61730,61731,61733,2,1
61730,61731,61733,2,1
61730,61731,61733,2,1
61730,61730,61733,3,0
61730,61731,61733,2,1
61730,61731,61733,2,1
61730,61731,61733,2,1
61730,61732,61733,1,2
61730,61731,61733,2,1
61730,61732,61734,2,2
61730,61733,61735,2,3
61730,61733,61735,2,3
61730,61732,61734,2,2
61730,61733,61735,2,3
61730,61733,61735,2,3
61730,61733,61735,2,3
61730,61733,61735,2,3
61730,61734,61735,1,4
61730,61734,61735,1,4
61730,61734,61735,1,4
61730,61734,61735,1,4
61730,61734,61735,1,4
61730,61734,61735,1,4
61730,61735,61736,1,5
61730,61735,61736,1,5
61730,61735,61736,1,5
61730,61735,61736,1,5
61730,61735,61736,1,5
61730,61735,61736,1,5
61730,61736,61737,1,6
61730,61736,61737,1,6
61730,61734,61736,2,4
61730,61736,61737,1,6
61730,61736,61737,1,6
61730,61736,61737,1,6
61730,61736,61737,1,6
61730,61736,61737,1,6
61730,61736,61737,1,6
61730,61737,61738,1,7
61730,61736,61737,1,6
61730,61736,61737,1,6
61730,61736,61737,1,6
61730,61736,61737,1,6
61730,61737,61738,1,7
61730,61737,61738,1,7
61730,61737,61738,1,7
61730,61738,61739,1,8
61730,61735,61737,2,5
61730,61738,61739,1,8
61730,61738,61739,1,8
61730,61738,61739,1,8
61730,61738,61739,1,8
61730,61738,61739,1,8
61730,61739,61740,1,9
61730,61738,61739,1,8
61730,61738,61739,1,8
61730,61738,61739,1,8
61730,61738,61739,1,8
61730,61738,61739,1,8
61730,61738,61739,1,8
61730,61738,61739,1,8
61730,61740,61741,1,10
61730,61740,61741,1,10
61730,61740,61741,1,10
61730,61740,61741,1,10
61730,61740,61741,1,10
61730,61740,61741,1,10
61730,61739,61741,2,9
61730,61739,61742,3,9
61024,61040,61749,709,16
61761,61761,61762,1,0
61761,61761,61762,1,0
61761,61761,61762,1,0
61761,61762,61763,1,1
61761,61761,61762,1,0
61761,61761,61763,2,0
61761,61761,61762,1,0
61761,61762,61763,1,1
61761,61762,61763,1,1
61761,61762,61763,1,1
61761,61763,61764,1,2
61761,61762,61763,1,1
61761,61762,61764,2,1
61761,61762,61764,2,1
61761,61762,61764,2,1
61761,61762,61764,2,1
61761,61762,61764,2,1
61761,61761,61763,2,0
61761,61763,61765,2,2
61761,61763,61764,1,2
61761,61763,61765,2,2
61761,61762,61764,2,1
61761,61764,61765,1,3
61761,61764,61765,1,3
61761,61764,61765,1,3
61761,61764,61765,1,3
61761,61764,61765,1,3
61761,61764,61765,1,3
61761,61764,61765,1,3
61761,61765,61766,1,4
61761,61764,61765,1,3
61761,61764,61765,1,3
61761,61764,61765,1,3
61761,61765,61766,1,4
61761,61765,61766,1,4
61761,61765,61766,1,4
61761,61765,61766,1,4
61761,61763,61766,3,2
61761,61766,61767,1,5
61761,61765,61766,1,4
61761,61766,61767,1,5
61761,61766,61767,1,5
61761,61766,61767,1,5
61761,61766,61767,1,5
61761,61766,61767,1,5
61761,61766,61767,1,5
61761,61767,61768,1,6
61761,61767,61768,1,6
61761,61767,61768,1,6
61761,61767,61768,1,6
61761,61765,61767,2,4
61761,61766,61767,1,5
61761,61766,61767,1,5
61761,61766,61768,2,5
61761,61766,61767,1,5
61761,61766,61768,2,5
61761,61768,61769,1,7
61761,61767,61768,1,6
61761,61768,61769,1,7
61761,61768,61769,1,7
61761,61767,61768,1,6
61761,61767,61768,1,6
61761,61767,61769,2,6
61761,61769,61770,1,8
61761,61769,61770,1,8
61761,61768,61769,1,7
61761,61769,61770,1,8
61761,61768,61769,1,7
61761,61769,61770,1,8
61761,61768,61770,2,7
61761,61768,61770,2,7
61761,61769,61770,1,8
61761,61769,61770,1,8
61761,61769,61770,1,8
61761,61769,61770,1,8
61761,61770,61771,1,9
61761,61769,61770,1,8
61761,61770,61771,1,9
61761,61770,61771,1,9
61761,61770,61771,1,9
61761,61770,61771,1,9
61761,61770,61771,1,9
61058,61064,61774,710,6
61761,61770,61774,4,9
61776,61776,61777,1,0
61761,61761,61777,16,0
61776,61777,61778,1,1
61776,61777,61778,1,1
61776,61776,61777,1,0
61776,61777,61778,1,1
61776,61777,61778,1,1
61776,61778,61779,1,2
61776,61777,61779,2,1
61776,61777,61779,2,1
61776,61777,61779,2,1
61776,61777,61779,2,1
61776,61777,61779,2,1
61776,61777,61779,2,1
61776,61777,61779,2,1
61776,61778,61779,1,2
61776,61778,61779,1,2
61776,61778,61779,1,2
61776,61779,61780,1,3
61776,61778,61779,1,2
61776,61778,61780,2,2
61776,61780,61781,1,4
61776,61779,61780,1,3
61776,61779,61780,1,3
61776,61779,61780,1,3
61776,61779,61780,1,3
61776,61779,61780,1,3
61776,61779,61780,1,3
61776,61779,61780,1,3
61776,61779,61780,1,3
61776,61779,61780,1,3
61776,61780,61781,1,4
61776,61780,61781,1,4
61776,61780,61781,1,4
61776,61780,61781,1,4
61776,61781,61782,1,5
61776,61781,61782,1,5
61776,61782,61783,1,6
61776,61782,61783,1,6
61776,61781,61782,1,5
61776,61781,61782,1,5
61776,61781,61782,1,5
61776,61782,61783,1,6
61776,61781,61782,1,5
61776,61781,61782,1,5
61776,61781,61782,1,5
61776,61781,61782,1,5
61776,61781,61782,1,5
61776,61781,61782,1,5
61776,61783,61784,1,7
61776,61782,61783,1,6
61776,61782,61783,1,6
61776,61783,61784,1,7
61776,61783,61784,1,7
61776,61784,61785,1,8
61776,61783,61784,1,7
61776,61783,61784,1,7
61776,61783,61784,1,7
61776,61783,61784,1,7
61776,61783,61784,1,7
61776,61783,61784,1,7
61776,61783,61784,1,7
61776,61784,61785,1,8
61776,61783,61784,1,7
61776,61783,61785,2,7
61776,61783,61784,1,7
61776,61785,61786,1,9
61776,61785,61786,1,9
61776,61785,61786,1,9
61776,61785,61786,1,9
61776,61785,61786,1,9
61776,61784,61785,1,8
61776,61785,61786,1,9
61776,61785,61786,1,9
61776,61785,61786,1,9
61776,61785,61786,1,9
61776,61786,61787,1,10
61776,61786,61787,1,10
61776,61786,61787,1,10
61776,61785,61786,1,9
61776,61786,61787,1,10
61776,61785,61786,1,9
61776,61785,61787,2,9
61776,61785,61786,1,9
61776,61785,61787,2,9
61761,61764,61780,16,3
61776,61789,61790,1,13
61334,61348,61820,472,14
61332,61341,61821,480,9
61822,61822,61823,1,0
61822,61822,61823,1,0
61822,61822,61823,1,0
61822,61822,61823,1,0
61822,61822,61823,1,0
61822,61822,61823,1,0
61822,61822,61823,1,0
61822,61822,61823,1,0
61822,61822,61823,1,0
61822,61822,61823,1,0
61822,61822,61823,1,0
61822,61822,61823,1,0
61822,61822,61824,2,0
61822,61822,61823,1,0
61822,61823,61824,1,1
61822,61822,61824,2,0
61822,61822,61823,1,0
61822,61822,61823,1,0
61822,61823,61825,2,1
61822,61823,61825,2,1
61822,61823,61825,2,1
61822,61823,61825,2,1
61822,61823,61825,2,1
61822,61823,61825,2,1
61822,61823,61825,2,1
61822,61823,61825,2,1
61822,61823,61825,2,1
61822,61823,61825,2,1
61822,61823,61825,2,1
61822,61824,61826,2,2
61822,61825,61826,1,3
61822,61824,61826,2,2
61822,61825,61826,1,3
61822,61824,61826,2,2
61822,61823,61826,3,1
61822,61824,61826,2,2
61822,61825,61827,2,3
61822,61825,61826,1,3
61822,61825,61827,2,3
61822,61825,61827,2,3
61822,61826,61827,1,4
61822,61826,61827,1,4
61822,61825,61827,2,3
61822,61825,61827,2,3
61822,61824,61827,3,2
61822,61826,61827,1,4
61822,61826,61827,1,4
61822,61826,61827,1,4
61822,61824,61827,3,2
61822,61827,61828,1,5
61822,61827,61828,1,5
61822,61827,61828,1,5
61822,61827,61828,1,5
61822,61828,61829,1,6
61822,61828,61829,1,6
61822,61828,61829,1,6
61822,61828,61829,1,6
61822,61827,61829,2,5
61822,61829,61830,1,7
61822,61828,61829,1,6
61822,61828,61829,1,6
61822,61829,61830,1,7
61822,61829,61830,1,7
61822,61829,61830,1,7
61822,61829,61830,1,7
61822,61830,61831,1,8
61822,61830,61831,1,8
61822,61830,61831,1,8
61822,61830,61831,1,8
61822,61830,61831,1,8
61822,61830,61831,1,8
61822,61830,61831,1,8
61822,61830,61831,1,8
61822,61830,61831,1,8
61822,61830,61831,1,8
61822,61830,61831,1,8
61822,61830,61831,1,8
61824,61831,61832,1,7
61824,61831,61832,1,7
61824,61831,61832,1,7
61824,61831,61832,1,7
61824,61831,61832,1,7
61824,61831,61832,1,7
61824,61831,61832,1,7
61824,61832,61833,1,8
61824,61832,61833,1,8
61824,61832,61834,2,8
61824,61832,61833,1,8
61824,61832,61833,1,8
61824,61832,61833,1,8
61824,61832,61833,1,8
61824,61832,61834,2,8
61824,61832,61834,2,8
61824,61832,61834,2,8
61824,61832,61834,2,8
61824,61832,61834,2,8
61824,61832,61834,2,8
61824,61832,61834,2,8
61824,61833,61834,1,9
61824,61833,61834,1,9
61824,61833,61835,2,9
61824,61834,61835,1,10
61824,61834,61835,1,10
61824,61834,61835,1,10
61824,61834,61835,1,10
61824,61832,61834,2,8
61824,61835,61836,1,11
61824,61834,61836,2,10
61824,61834,61835,1,10
61824,61835,61836,1,11
61824,61834,61835,1,10
61824,61834,61835,1,10
61824,61835,61836,1,11
61824,61834,61835,1,10
61824,61834,61835,1,10
61824,61834,61835,1,10
61824,61834,61835,1,10
61824,61834,61835,1,10
61824,61835,61836,1,11
61824,61835,61836,1,11
61824,61836,61837,1,12
61824,61836,61837,1,12
61824,61836,61837,1,12
61824,61836,61837,1,12
61824,61836,61837,1,12
61824,61836,61837,1,12
61824,61836,61837,1,12
61824,61836,61837,1,12
61824,61836,61837,1,12
61824,61836,61837,1,12
61824,61836,61837,1,12
61824,61836,61837,1,12
61824,61836,61837,1,12
61824,61836,61837,1,12
61824,61836,61837,1,12
61824,61837,61838,1,13
61824,61837,61838,1,13
61824,61837,61838,1,13
61824,61837,61838,1,13
61824,61837,61838,1,13
61824,61837,61838,1,13
61824,61837,61838,1,13
61824,61837,61838,1,13
61824,61837,61838,1,13
61824,61837,61838,1,13
61824,61837,61838,1,13
61824,61837,61838,1,13
61824,61837,61838,1,13
61824,61837,61838,1,13
61824,61837,61838,1,13
61824,61837,61838,1,13
61824,61838,61839,1,14
61824,61838,61839,1,14
61824,61838,61839,1,14
61824,61838,61839,1,14
61824,61838,61839,1,14
61824,61838,61839,1,14
61824,61838,61839,1,14
61134,61141,61856,715,7
61864,61864,61865,1,0
61864,61864,61865,1,0
61864,61864,61865,1,0
61864,61864,61865,1,0
61864,61864,61865,1,0
61864,61864,61865,1,0
61864,61864,61865,1,0
61864,61864,61865,1,0
61864,61864,61865,1,0
61864,61865,61866,1,1
61864,61865,61866,1,1
61864,61864,61865,1,0
61864,61865,61866,1,1
61864,61864,61866,2,0
61864,61864,61866,2,0
61864,61866,61867,1,2
61864,61865,61866,1,1
61864,61865,61866,1,1
61864,61865,61866,1,1
61864,61865,61867,2,1
61864,61865,61866,1,1
61864,61866,61867,1,2
61864,61865,61866,1,1
61864,61865,61866,1,1
61864,61865,61866,1,1
61864,61865,61866,1,1
61864,61865,61866,1,1
61864,61866,61868,2,2
61864,61867,61868,1,3
61864,61867,61868,1,3
61864,61867,61868,1,3
61864,61867,61868,1,3
61864,61867,61868,1,3
61864,61866,61867,1,2
61864,61867,61868,1,3
61864,61867,61868,1,3
61864,61868,61869,1,4
61864,61867,61868,1,3
61864,61867,61868,1,3
61864,61867,61868,1,3
61864,61868,61869,1,4
61864,61868,61869,1,4
61864,61868,61869,1,4
61864,61868,61869,1,4
61864,61867,61868,1,3
61864,61867,61868,1,3
61864,61867,61868,1,3
61864,61868,61869,1,4
61864,61868,61869,1,4
61864,61868,61869,1,4
61864,61868,61870,2,4
61864,61869,61870,1,5
61864,61869,61870,1,5
61864,61869,61870,1,5
61864,61869,61870,1,5
61864,61869,61870,1,5
61864,61869,61870,1,5
61864,61869,61870,1,5
61864,61869,61870,1,5
61864,61867,61869,2,3
61864,61870,61871,1,6
61864,61869,61870,1,5
61864,61869,61870,1,5
61864,61869,61871,2,5
61864,61870,61871,1,6
61864,61870,61871,1,6
61864,61870,61871,1,6
61864,61870,61871,1,6
61864,61869,61870,1,5
61864,61869,61870,1,5
61864,61869,61870,1,5
61864,61870,61872,2,6
61864,61871,61872,1,7
61864,61871,61872,1,7
61864,61871,61872,1,7
61864,61871,61872,1,7
61864,61871,61872,1,7
61864,61871,61872,1,7
61864,61871,61872,1,7
61864,61872,61873,1,8
61864,61872,61873,1,8
61864,61872,61873,1,8
61864,61872,61873,1,8
61864,61874,61876,2,10
61864,61867,61879,12,3
61388,61396,61883,487,8
61899,61899,61900,1,0
61899,61899,61900,1,0
61899,61899,61900,1,0
61899,61899,61900,1,0
61899,61899,61900,1,0
61899,61899,61900,1,0
61899,61899,61900,1,0
61899,61899,61900,1,0
61899,61900,61901,1,1
61899,61900,61901,1,1
61899,61899,61900,1,0
61899,61900,61901,1,1
61899,61900,61901,1,1
61899,61900,61901,1,1
61899,61901,61902,1,2
61899,61900,61901,1,1
61899,61900,61901,1,1
61899,61901,61902,1,2
61899,61900,61902,2,1
61899,61900,61901,1,1
61899,61900,61902,2,1
61899,61900,61902,2,1
61899,61901,61902,1,2
61899,61900,61902,2,1
61899,61900,61902,2,1
61899,61902,61903,1,3
61899,61902,61903,1,3
61899,61902,61903,1,3
61899,61902,61903,1,3
61899,61902,61903,1,3
61899,61901,61902,1,2
61899,61902,61903,1,3
61899,61902,61903,1,3
61899,61900,61902,2,1
61899,61902,61903,1,3
61899,61902,61903,1,3
61899,61902,61903,1,3
61899,61902,61903,1,3
61899,61903,61905,2,4
61899,61903,61904,1,4
61899,61903,61904,1,4
61899,61903,61905,2,4
61899,61903,61904,1,4
61899,61903,61904,1,4
61899,61903,61904,1,4
61899,61903,61905,2,4
61899,61903,61905,2,4
61899,61903,61905,2,4
61899,61903,61905,2,4
61899,61904,61905,1,5
61899,61904,61906,2,5
61899,61903,61905,2,4
61899,61905,61906,1,6
61899,61905,61906,1,6
61899,61905,61906,1,6
61899,61904,61906,2,5
61899,61904,61906,2,5
61899,61905,61906,1,6
61899,61906,61907,1,7
61899,61905,61907,2,6
61899,61905,61906,1,6
61899,61905,61906,1,6
61899,61905,61907,2,6
61899,61906,61907,1,7
61899,61906,61907,1,7
61899,61906,61907,1,7
61899,61905,61906,1,6
61899,61905,61906,1,6
61899,61905,61906,1,6
61899,61906,61907,1,7
61899,61906,61907,1,7
61899,61906,61907,1,7
61899,61907,61908,1,8
61899,61906,61907,1,7
61899,61907,61908,1,8
61899,61907,61908,1,8
61899,61906,61907,1,7
61899,61907,61908,1,8
61899,61907,61908,1,8
61899,61907,61908,1,8
61899,61907,61908,1,8
61899,61907,61908,1,8
61899,61907,61908,1,8
61899,61907,61908,1,8
61899,61908,61909,1,9
61899,61908,61909,1,9
61899,61908,61910,2,9
61899,61901,61910,9,2
61450,61459,61941,482,9
61943,61943,61944,1,0
61943,61943,61944,1,0
61943,61943,61944,1,0
61943,61943,61944,1,0
61943,61943,61944,1,0
61943,61943,61944,1,0
61943,61943,61944,1,0
61943,61943,61944,1,0
61943,61943,61944,1,0
61943,61944,61945,1,1
61943,61943,61945,2,0
61943,61943,61945,2,0
61943,61944,61945,1,1
61943,61944,61945,1,1
61943,61944,61945,1,1
61943,61944,61945,1,1
61943,61944,61945,1,1
61943,61944,61945,1,1
61943,61944,61945,1,1
61943,61944,61945,1,1
61943,61944,61945,1,1
61943,61945,61947,2,2
61943,61945,61946,1,2
61943,61945,61946,1,2
61943,61945,61946,1,2
61943,61946,61947,1,3
61943,61945,61947,2,2
61943,61946,61947,1,3
61943,61946,61948,2,3
61943,61946,61948,2,3
61943,61947,61948,1,4
61943,61946,61947,1,3
61943,61946,61947,1,3
61943,61946,61948,2,3
61943,61946,61947,1,3
61943,61946,61947,1,3
61943,61946,61948,2,3
61943,61947,61948,1,4
61943,61948,61949,1,5
61943,61947,61948,1,4
61943,61947,61948,1,4
61943,61947,61948,1,4
61943,61948,61949,1,5
61943,61947,61949,2,4
61943,61948,61949,1,5
61943,61948,61950,2,5
61943,61948,61949,1,5
61943,61949,61950,1,6
61943,61948,61949,1,5
61943,61948,61950,2,5
61943,61948,61950,2,5
61943,61948,61950,2,5
61943,61948,61950,2,5
61943,61949,61950,1,6
61943,61949,61950,1,6
61943,61949,61950,1,6
61943,61949,61950,1,6
61943,61949,61950,1,6
61943,61949,61950,1,6
61943,61950,61951,1,7
61943,61949,61950,1,6
61943,61950,61951,1,7
61943,61949,61951,2,6
61943,61951,61952,1,8
61943,61951,61952,1,8
61943,61951,61952,1,8
61943,61950,61951,1,7
61943,61950,61952,2,7
61943,61951,61952,1,8
61943,61951,61952,1,8
61943,61951,61952,1,8
61943,61950,61952,2,7
61943,61950,61952,2,7
61943,61950,61952,2,7
61943,61950,61951,1,7
61943,61950,61951,1,7
61943,61951,61952,1,8
61943,61952,61953,1,9
61943,61952,61953,1,9
61943,61952,61953,1,9
61943,61952,61953,1,9
61943,61952,61953,1,9
61943,61952,61953,1,9
61943,61952,61953,1,9
61943,61952,61953,1,9
61943,61952,61953,1,9
61943,61952,61953,1,9
61943,61952,61953,1,9
61587,61595,62082,487,8
61328,61335,62083,748,7
62083,62084,62085,1,1
62083,62084,62085,1,1
62083,62084,62085,1,1
62083,62084,62085,1,1
62083,62084,62085,1,1
62083,62084,62085,1,1
62083,62084,62085,1,1
62083,62084,62085,1,1
62083,62084,62085,1,1
62083,62084,62085,1,1
62083,62084,62086,2,1
62083,62084,62086,2,1
62083,62085,62086,1,2
62083,62085,62086,1,2
62083,62085,62086,1,2
62083,62085,62086,1,2
62083,62084,62086,2,1
62083,62086,62087,1,3
62083,62086,62088,2,3
62083,62086,62087,1,3
62083,62086,62088,2,3
62083,62086,62088,2,3
62083,62086,62088,2,3
62083,62087,62088,1,4
62083,62087,62088,1,4
62083,62087,62088,1,4
62083,62087,62088,1,4
62083,62086,62088,2,3
62083,62086,62088,2,3
62083,62086,62088,2,3
62083,62088,62090,2,5
62083,62087,62089,2,4
62083,62087,62089,2,4
62083,62088,62089,1,5
62083,62086,62089,3,3
62083,62089,62091,2,6
62083,62088,62090,2,5
62083,62089,62091,2,6
62083,62089,62090,1,6
62083,62090,62091,1,7
62083,62089,62090,1,6
62083,62089,62090,1,6
62083,62089,62090,1,6
62083,62084,62090,6,1
62083,62089,62091,2,6
62083,62089,62091,2,6
62083,62089,62091,2,6
62083,62090,62092,2,7
62083,62091,62092,1,8
62083,62090,62091,1,7
62083,62090,62091,1,7
62083,62089,62091,2,6
62083,62091,62092,1,8
62083,62091,62092,1,8
62083,62088,62091,3,5
62083,62091,62092,1,8
62083,62091,62092,1,8
62083,62090,62091,1,7
62083,62091,62092,1,8
62083,62092,62093,1,9
62083,62091,62092,1,8
62083,62092,62093,1,9
62083,62091,62092,1,8
62083,62092,62093,1,9
62083,62092,62093,1,9
62083,62091,62092,1,8
62083,62091,62092,1,8
62083,62092,62093,1,9
62083,62091,62093,2,8
62083,62092,62093,1,9
62083,62093,62094,1,10
62083,62092,62093,1,9
62083,62092,62093,1,9
62083,62092,62093,1,9
62083,62093,62094,1,10
62083,62093,62094,1,10
62083,62093,62094,1,10
62083,62093,62094,1,10
62083,62093,62094,1,10
62083,62093,62094,1,10
62083,62093,62094,1,10
62083,62094,62095,1,11
62083,62094,62095,1,11
62083,62094,62095,1,11
62083,62094,62095,1,11
62085,62094,62095,1,9
62083,62093,62094,1,10
62083,62093,62094,1,10
62083,62093,62095,2,10
62083,62093,62095,2,10
62085,62095,62096,1,10
62083,62094,62095,1,11
62083,62094,62095,1,11
62083,62094,62095,1,11
62085,62095,62096,1,10
62083,62094,62095,1,11
62085,62095,62096,1,10
62085,62095,62096,1,10
62085,62095,62096,1,10
62085,62095,62096,1,10
62085,62095,62096,1,10
62085,62095,62096,1,10
62085,62095,62096,1,10
62085,62095,62096,1,10
62085,62096,62097,1,11
62085,62096,62097,1,11
62085,62096,62097,1,11
62085,62096,62097,1,11
62085,62096,62098,2,11
62085,62096,62098,2,11
62085,62096,62098,2,11
62085,62096,62098,2,11
62085,62096,62098,2,11
62085,62096,62098,2,11
62085,62096,62098,2,11
62085,62097,62098,1,12
62085,62097,62098,1,12
62085,62097,62098,1,12
62085,62096,62098,2,11
62085,62097,62100,3,12
62085,62098,62100,2,13
62085,62098,62099,1,13
62085,62096,62098,2,11
62085,62098,62100,2,13
62085,62098,62099,1,13
62085,62098,62100,2,13
62085,62098,62100,2,13
62085,62098,62100,2,13
62085,62098,62099,1,13
62085,62098,62099,1,13
62085,62099,62100,1,14
62085,62099,62100,1,14
62085,62099,62100,1,14
62085,62098,62100,2,13
62085,62099,62101,2,14
62085,62100,62101,1,15
62085,62100,62101,1,15
62085,62100,62101,1,15
62085,62100,62101,1,15
62085,62100,62102,2,15
62085,62100,62101,1,15
62083,62091,62102,11,8
62085,62100,62102,2,15
62085,62100,62101,1,15
62085,62101,62102,1,16
62085,62100,62101,1,15
62085,62100,62102,2,15
62085,62101,62102,1,16
62085,62101,62102,1,16
62085,62101,62102,1,16
62085,62101,62102,1,16
62085,62101,62102,1,16
62085,62101,62102,1,16
62085,62101,62103,2,16
62085,62101,62103,2,16
62085,62102,62103,1,17
62085,62102,62103,1,17
62085,62102,62103,1,17
62085,62102,62103,1,17
62085,62103,62104,1,18
62085,62103,62104,1,18
62085,62103,62104,1,18
62085,62102,62103,1,17
62085,62102,62103,1,17
62085,62102,62104,2,17
62085,62102,62103,1,17
62085,62102,62103,1,17
62085,62103,62104,1,18
62085,62103,62104,1,18
62085,62103,62104,1,18
62085,62103,62104,1,18
62085,62103,62104,1,18
62085,62104,62105,1,19
62085,62104,62105,1,19
62085,62104,62105,1,19
62085,62104,62105,1,19
62085,62104,62105,1,19
62085,62104,62105,1,19
62085,62104,62105,1,19
62085,62104,62105,1,19
62085,62104,62105,1,19
62085,62104,62105,1,19
62085,62104,62105,1,19
62085,62104,62105,1,19
62085,62104,62105,1,19
61646,61654,62141,487,8
62143,62143,62144,1,0
62143,62143,62144,1,0
62143,62143,62144,1,0
62143,62143,62144,1,0
62143,62143,62144,1,0
62143,62143,62144,1,0
62143,62143,62144,1,0
62143,62143,62145,2,0
62143,62143,62145,2,0
62143,62143,62144,1,0
62143,62143,62144,1,0
62143,62144,62145,1,1
62143,62144,62146,2,1
62143,62144,62145,1,1
62143,62144,62145,1,1
62143,62144,62145,1,1
62143,62144,62146,2,1
62143,62144,62146,2,1
62143,62144,62146,2,1
62143,62145,62147,2,2
62143,62145,62146,1,2
62143,62145,62147,2,2
62143,62146,62147,1,3
62143,62145,62146,1,2
62143,62146,62147,1,3
62143,62146,62147,1,3
62143,62146,62147,1,3
62143,62145,62147,2,2
62143,62145,62147,2,2
62143,62146,62148,2,3
62143,62146,62148,2,3
62143,62146,62147,1,3
62143,62147,62148,1,4
62143,62147,62148,1,4
62143,62147,62148,1,4
62143,62147,62148,1,4
62143,62147,62148,1,4
62143,62146,62147,1,3
62143,62147,62149,2,4
62143,62147,62149,2,4
62143,62147,62149,2,4
62143,62148,62149,1,5
62143,62148,62149,1,5
62143,62148,62149,1,5
62143,62147,62148,1,4
62143,62147,62149,2,4
62143,62148,62150,2,5
62143,62148,62150,2,5
62143,62148,62150,2,5
62143,62148,62150,2,5
62143,62148,62149,1,5
62143,62149,62150,1,6
62143,62149,62150,1,6
62143,62149,62150,1,6
62143,62148,62149,1,5
62143,62149,62150,1,6
62143,62149,62150,1,6
62143,62149,62150,1,6
62143,62149,62150,1,6
62143,62149,62150,1,6
62143,62150,62151,1,7
62143,62150,62151,1,7
62143,62150,62151,1,7
62143,62150,62151,1,7
62143,62150,62151,1,7
62143,62150,62151,1,7
62143,62150,62151,1,7
62143,62145,62152,7,2
62143,62146,62151,5,3
62143,62151,62152,1,8
62143,62151,62152,1,8
62143,62151,62152,1,8
62143,62151,62152,1,8
62143,62151,62152,1,8
62143,62151,62152,1,8
62143,62151,62152,1,8
62143,62150,62151,1,7
62143,62151,62152,1,8
62143,62151,62152,1,8
62143,62151,62152,1,8
62143,62152,62153,1,9
62143,62152,62153,1,9
62143,62152,62153,1,9
62143,62152,62153,1,9
62143,62152,62153,1,9
62143,62152,62154,2,9
62143,62152,62155,3,9
61414,61421,62160,739,7
62143,62144,62161,17,1
62161,62161,62162,1,0
62161,62161,62162,1,0
62161,62161,62162,1,0
62161,62161,62162,1,0
62161,62161,62162,1,0
62161,62161,62162,1,0
62161,62161,62162,1,0
62161,62162,62163,1,1
62161,62162,62163,1,1
62161,62161,62162,1,0
62161,62161,62162,1,0
62161,62162,62164,2,1
62161,62162,62163,1,1
62161,62162,62163,1,1
62161,62162,62163,1,1
62161,62163,62164,1,2
62161,62162,62164,2,1
62161,62162,62164,2,1
62161,62162,62163,1,1
62161,62162,62163,1,1
62161,62163,62164,1,2
62161,62162,62163,1,1
62161,62163,62164,1,2
62161,62162,62164,2,1
62161,62162,62164,2,1
62161,62163,62164,1,2
62161,62164,62165,1,3
62161,62164,62165,1,3
62161,62164,62165,1,3
62161,62164,62165,1,3
62161,62164,62165,1,3
62161,62164,62165,1,3
62161,62164,62165,1,3
62161,62164,62165,1,3
62161,62164,62165,1,3
62161,62164,62166,2,3
62161,62164,62166,2,3
62161,62164,62165,1,3
62161,62164,62166,2,3
62161,62164,62166,2,3
62161,62164,62166,2,3
62161,62162,62166,4,1
62161,62163,62166,3,2
62161,62165,62166,1,4
62161,62165,62167,2,4
62161,62165,62167,2,4
62161,62165,62167,2,4
62161,62165,62167,2,4
62161,62166,62168,2,5
62161,62166,62168,2,5
62161,62167,62168,1,6
62161,62166,62168,2,5
62161,62167,62168,1,6
62161,62166,62168,2,5
62161,62166,62168,2,5
62161,62166,62168,2,5
62161,62167,62168,1,6
62161,62166,62168,2,5
62161,62166,62168,2,5
62161,62166,62168,2,5
62161,62166,62169,3,5
62161,62167,62169,2,6
62161,62168,62169,1,7
62161,62168,62169,1,7
62161,62168,62169,1,7
62161,62168,62169,1,7
62161,62168,62169,1,7
62161,62167,62169,2,6
62161,62168,62169,1,7
62161,62168,62169,1,7
62161,62169,62170,1,8
62161,62169,62170,1,8
62161,62169,62170,1,8
62161,62169,62170,1,8
62161,62169,62170,1,8
62161,62169,62170,1,8
62161,62169,62170,1,8
62161,62168,62170,2,7
62161,62168,62169,1,7
62161,62167,62170,3,6
62161,62169,62170,1,8
62161,62167,62170,3,6
62161,62169,62170,1,8
62161,62170,62171,1,9
61655,61663,62175,512,8
61695,61703,62178,475,8
62182,62182,62183,1,0
62182,62182,62183,1,0
62182,62182,62183,1,0
62182,62182,62183,1,0
62182,62182,62183,1,0
62182,62182,62183,1,0
62182,62182,62183,1,0
62182,62182,62183,1,0
62182,62182,62183,1,0
62182,62182,62183,1,0
62182,62182,62183,1,0
62182,62182,62184,2,0
62182,62182,62184,2,0
62182,62184,62185,1,2
62182,62182,62184,2,0
62182,62182,62184,2,0
62182,62182,62185,3,0
62182,62184,62185,1,2
62182,62184,62185,1,2
62182,62183,62185,2,1
62182,62184,62185,1,2
62182,62185,62186,1,3
62182,62184,62185,1,2
62182,62184,62185,1,2
62182,62184,62185,1,2
62182,62184,62185,1,2
62182,62184,62185,1,2
62182,62184,62186,2,2
62182,62182,62186,4,0
62182,62185,62186,1,3
62182,62185,62186,1,3
62182,62185,62186,1,3
62182,62185,62187,2,3
62182,62182,62187,5,0
62182,62186,62187,1,4
62182,62186,62187,1,4
62182,62186,62187,1,4
62182,62186,62187,1,4
62182,62186,62187,1,4
62182,62186,62187,1,4
62182,62186,62187,1,4
62182,62186,62187,1,4
62182,62187,62188,1,5
62182,62187,62188,1,5
62182,62187,62188,1,5
62182,62188,62189,1,6
62182,62188,62189,1,6
62182,62189,62190,1,7
62182,62189,62190,1,7
62182,62189,62190,1,7
62182,62189,62190,1,7
62182,62189,62190,1,7
62182,62189,62190,1,7
62182,62190,62191,1,8
62182,62190,62191,1,8
62182,62190,62191,1,8
62182,62190,62191,1,8
62182,62190,62191,1,8
62182,62190,62191,1,8
62182,62190,62191,1,8
62182,62190,62191,1,8
62182,62191,62192,1,9
62182,62191,62192,1,9
62182,62191,62192,1,9
62182,62188,62192,4,6
62182,62192,62193,1,10
62182,62192,62193,1,10
62182,62192,62193,1,10
62182,62192,62193,1,10
62182,62192,62193,1,10
62182,62191,62192,1,9
62182,62191,62192,1,9
62182,62191,62193,2,9
62182,62191,62193,2,9
62182,62191,62193,2,9
62182,62191,62193,2,9
62182,62192,62193,1,10
62182,62192,62193,1,10
62182,62192,62193,1,10
62182,62192,62193,1,10
62182,62192,62193,1,10
62182,62193,62194,1,11
62182,62193,62194,1,11
62182,62193,62194,1,11
62182,62194,62195,1,12
62182,62194,62195,1,12
62182,62193,62194,1,11
62182,62193,62194,1,11
62182,62194,62195,1,12
62182,62194,62195,1,12
62182,62193,62194,1,11
62182,62193,62194,1,11
62182,62193,62194,1,11
62182,62193,62195,2,11
62182,62193,62194,1,11
62182,62193,62194,1,11
62182,62194,62195,1,12
62182,62193,62195,2,11
62182,62194,62195,1,12
62182,62194,62195,1,12
62182,62195,62196,1,13
62182,62194,62195,1,12
62182,62195,62196,1,13
62182,62195,62196,1,13
62182,62195,62196,1,13
62182,62195,62196,1,13
62182,62195,62196,1,13
62182,62196,62197,1,14
62182,62195,62197,2,13
62182,62195,62196,1,13
62182,62195,62196,1,13
62182,62196,62197,1,14
62182,62196,62197,1,14
62182,62196,62197,1,14
62182,62195,62197,2,13
62182,62195,62197,2,13
62182,62195,62197,2,13
62182,62196,62197,1,14
62182,62196,62197,1,14
62182,62195,62197,2,13
62182,62196,62197,1,14
62182,62196,62197,1,14
62182,62197,62198,1,15
62182,62197,62198,1,15
62182,62197,62198,1,15
62182,62197,62198,1,15
62182,62197,62198,1,15
62182,62197,62198,1,15
62182,62197,62198,1,15
62182,62197,62198,1,15
62182,62197,62199,2,15
62182,62197,62199,2,15
62182,62198,62199,1,16
62182,62198,62199,1,16
62182,62198,62199,1,16
62182,62198,62199,1,16
62182,62198,62199,1,16
62182,62198,62199,1,16
62182,62198,62199,1,16
62182,62198,62199,1,16
62182,62198,62199,1,16
62182,62198,62199,1,16
62182,62198,62199,1,16
62182,62199,62200,1,17
62182,62199,62200,1,17
62182,62198,62199,1,16
61512,61520,62202,682,8
62217,62217,62218,1,0
62217,62217,62218,1,0
62217,62217,62218,1,0
62217,62217,62218,1,0
62217,62217,62218,1,0
62217,62217,62218,1,0
62217,62217,62218,1,0
62217,62217,62218,1,0
62217,62217,62218,1,0
62217,62217,62218,1,0
62217,62217,62218,1,0
62217,62217,62218,1,0
62217,62217,62218,1,0
62217,62217,62218,1,0
62217,62217,62218,1,0
62217,62218,62220,2,1
62217,62217,62219,2,0
62217,62218,62220,2,1
62217,62218,62220,2,1
62217,62218,62220,2,1
62217,62218,62220,2,1
62217,62217,62219,2,0
62217,62218,62220,2,1
62217,62218,62220,2,1
62217,62218,62221,3,1
62217,62219,62221,2,2
62217,62219,62221,2,2
62217,62218,62220,2,1
62217,62219,62221,2,2
62217,62219,62222,3,2
62217,62220,62222,2,3
62217,62220,62222,2,3
62217,62220,62221,1,3
62217,62220,62222,2,3
62217,62220,62222,2,3
62217,62220,62222,2,3
62217,62220,62222,2,3
62217,62220,62221,1,3
62217,62220,62222,2,3
62217,62219,62222,3,2
62217,62219,62222,3,2
62217,62221,62223,2,4
62217,62221,62223,2,4
62217,62221,62223,2,4
62217,62222,62223,1,5
62217,62222,62223,1,5
62217,62221,62223,2,4
62217,62222,62224,2,5
62217,62222,62224,2,5
62217,62222,62224,2,5
62217,62222,62224,2,5
62217,62222,62224,2,5
62217,62222,62224,2,5
62217,62222,62224,2,5
62217,62222,62224,2,5
62217,62222,62224,2,5
62217,62224,62225,1,7
62217,62223,62225,2,6
62217,62224,62225,1,7
62217,62224,62225,1,7
62217,62223,62225,2,6
62217,62224,62225,1,7
62217,62224,62225,1,7
62217,62225,62226,1,8
62217,62224,62226,2,7
62217,62224,62226,2,7
62217,62225,62226,1,8
62217,62226,62227,1,9
62217,62223,62226,3,6
62217,62226,62227,1,9
62217,62227,62228,1,10
62217,62227,62228,1,10
62217,62227,62228,1,10
62217,62227,62228,1,10
62217,62223,62233,10,6
61823,61831,62316,485,8
62317,62317,62318,1,0
62317,62317,62318,1,0
62317,62317,62318,1,0
62317,62317,62318,1,0
62317,62317,62318,1,0
62317,62317,62318,1,0
62317,62317,62318,1,0
62317,62317,62318,1,0
62317,62317,62318,1,0
62317,62317,62318,1,0
62317,62318,62319,1,1
62317,62318,62319,1,1
62317,62318,62319,1,1
62317,62317,62319,2,0
62317,62318,62320,2,1
62317,62319,62320,1,2
62317,62319,62320,1,2
62317,62319,62320,1,2
62317,62319,62320,1,2
62317,62319,62320,1,2
62317,62319,62320,1,2
62317,62319,62320,1,2
62317,62319,62320,1,2
62317,62319,62320,1,2
62317,62319,62321,2,2
62317,62320,62321,1,3
62317,62320,62321,1,3
62317,62320,62321,1,3
62317,62320,62322,2,3
62317,62320,62322,2,3
62317,62321,62322,1,4
62317,62322,62323,1,5
62317,62321,62322,1,4
62317,62321,62322,1,4
62317,62322,62323,1,5
62317,62323,62324,1,6
62317,62322,62323,1,5
62317,62323,62324,1,6
62317,62323,62324,1,6
62317,62323,62324,1,6
62317,62324,62325,1,7
62317,62323,62324,1,6
62317,62324,62325,1,7
62317,62324,62325,1,7
62317,62324,62325,1,7
62317,62324,62325,1,7
62317,62324,62325,1,7
62317,62324,62325,1,7
61519,61529,62325,796,10
62317,62324,62325,1,7
62317,62325,62326,1,8
62317,62325,62326,1,8
62317,62325,62326,1,8
62317,62324,62325,1,7
62317,62325,62326,1,8
62317,62325,62326,1,8
62317,62325,62326,1,8
62317,62325,62326,1,8
62317,62325,62326,1,8
62317,62325,62326,1,8
62326,62326,62327,1,0
62326,62326,62327,1,0
62326,62326,62327,1,0
62326,62326,62327,1,0
62326,62326,62327,1,0
62326,62326,62327,1,0
62326,62326,62327,1,0
62326,62326,62327,1,0
62326,62326,62327,1,0
62326,62326,62327,1,0
62326,62326,62327,1,0
62326,62326,62327,1,0
62326,62326,62327,1,0
62326,62326,62327,1,0
62326,62327,62329,2,1
62326,62327,62329,2,1
62326,62327,62329,2,1
62326,62327,62329,2,1
62326,62327,62329,2,1
62326,62327,62329,2,1
62326,62327,62329,2,1
62326,62326,62328,2,0
62326,62327,62329,2,1
62326,62327,62329,2,1
62326,62327,62329,2,1
62326,62327,62329,2,1
62326,62327,62330,3,1
62326,62327,62329,2,1
62326,62329,62331,2,3
62326,62328,62330,2,2
62326,62329,62331,2,3
62326,62329,62331,2,3
62326,62329,62331,2,3
62326,62329,62331,2,3
62326,62329,62331,2,3
62326,62329,62331,2,3
62326,62328,62330,2,2
62326,62328,62330,2,2
62326,62329,62331,2,3
62326,62330,62332,2,4
62326,62330,62332,2,4
62326,62330,62332,2,4
62326,62330,62332,2,4
62326,62330,62332,2,4
62326,62330,62332,2,4
62326,62331,62332,1,5
62326,62331,62333,2,5
62326,62331,62333,2,5
62326,62331,62333,2,5
62326,62331,62333,2,5
62326,62331,62333,2,5
62326,62331,62333,2,5
62326,62331,62333,2,5
62326,62331,62333,2,5
62326,62331,62333,2,5
62326,62331,62333,2,5
62326,62332,62334,2,6
61597,61611,62334,723,14
62326,62332,62334,2,6
62326,62332,62334,2,6
62326,62332,62334,2,6
62326,62332,62334,2,6
62326,62333,62335,2,7
62326,62334,62335,1,8
62326,62332,62335,3,6
62326,62334,62335,1,8
62326,62334,62335,1,8
62326,62333,62335,2,7
62326,62333,62335,2,7
62326,62333,62335,2,7
62326,62334,62335,1,8
62326,62333,62335,2,7
62326,62334,62335,1,8
62326,62334,62335,1,8
62326,62334,62335,1,8
62326,62334,62335,1,8
62326,62335,62336,1,9
62326,62334,62336,2,8
62326,62334,62336,2,8
62326,62335,62336,1,9
62326,62335,62336,1,9
62326,62336,62337,1,10
62326,62335,62337,2,9
62326,62336,62337,1,10
62326,62336,62337,1,10
62326,62336,62337,1,10
62326,62336,62337,1,10
62326,62336,62337,1,10
62326,62336,62337,1,10
62326,62337,62338,1,11
62326,62337,62338,1,11
62340,62340,62341,1,0
62340,62340,62341,1,0
62340,62340,62341,1,0
62340,62340,62341,1,0
62340,62340,62341,1,0
62340,62340,62341,1,0
62340,62340,62341,1,0
62340,62340,62341,1,0
62340,62340,62341,1,0
62340,62340,62341,1,0
62340,62340,62341,1,0
62340,62340,62341,1,0
62340,62340,62341,1,0
62340,62340,62342,2,0
62340,62340,62341,1,0
62340,62340,62342,2,0
62340,62340,62342,2,0
62340,62341,62343,2,1
62340,62341,62343,2,1
62340,62341,62343,2,1
62340,62341,62343,2,1
62340,62341,62343,2,1
62340,62341,62343,2,1
62340,62341,62343,2,1
62340,62341,62343,2,1
62340,62342,62344,2,2
62340,62341,62343,2,1
62340,62341,62344,3,1
62340,62341,62343,2,1
62340,62342,62344,2,2
62340,62342,62344,2,2
62340,62342,62345,3,2
62340,62342,62344,2,2
62340,62343,62345,2,3
62340,62343,62345,2,3
62340,62343,62345,2,3
62340,62343,62345,2,3
62340,62343,62345,2,3
62340,62342,62345,3,2
62340,62344,62345,1,4
62340,62344,62345,1,4
62340,62344,62346,2,4
62340,62345,62346,1,5
62340,62345,62346,1,5
62340,62343,62346,3,3
62340,62345,62346,1,5
62340,62345,62346,1,5
62340,62345,62346,1,5
62340,62346,62347,1,6
62340,62344,62347,3,4
62340,62345,62347,2,5
62340,62346,62347,1,6
62340,62346,62347,1,6
62340,62347,62348,1,7
62340,62347,62348,1,7
62340,62347,62348,1,7
62340,62346,62347,1,6
62340,62347,62348,1,7
62340,62347,62348,1,7
62340,62345,62347,2,5
62340,62347,62348,1,7
62340,62348,62349,1,8
62340,62348,62349,1,8
62340,62348,62349,1,8
62340,62348,62349,1,8
62340,62348,62349,1,8
62340,62348,62349,1,8
62340,62348,62349,1,8
62340,62349,62350,1,9
62340,62349,62350,1,9
62340,62349,62350,1,9
62340,62349,62350,1,9
62340,62348,62349,1,8
62340,62349,62350,1,9
62340,62349,62350,1,9
62340,62349,62350,1,9
61612,61620,62375,755,8
62378,62378,62379,1,0
62378,62378,62379,1,0
62378,62378,62379,1,0
62378,62378,62379,1,0
62378,62378,62379,1,0
62378,62378,62379,1,0
62378,62378,62379,1,0
62378,62378,62379,1,0
62378,62378,62379,1,0
62378,62378,62379,1,0
62378,62378,62379,1,0
62378,62378,62379,1,0
62378,62378,62380,2,0
62378,62378,62380,2,0
62378,62378,62380,2,0
62378,62378,62379,1,0
62378,62378,62379,1,0
62378,62379,62380,1,1
62378,62379,62380,1,1
62378,62379,62380,1,1
62378,62379,62380,1,1
62378,62379,62380,1,1
62378,62379,62381,2,1
62378,62379,62381,2,1
62378,62379,62381,2,1
62378,62379,62380,1,1
62378,62379,62381,2,1
62378,62380,62382,2,2
62378,62380,62382,2,2
62378,62380,62382,2,2
62378,62380,62382,2,2
62378,62380,62382,2,2
62378,62381,62383,2,3
62378,62381,62383,2,3
62378,62381,62383,2,3
62378,62381,62382,1,3
62378,62381,62383,2,3
62378,62380,62383,3,2
62378,62380,62382,2,2
62378,62381,62383,2,3
62378,62381,62383,2,3
62378,62381,62383,2,3
62378,62381,62383,2,3
62378,62383,62384,1,5
62378,62383,62384,1,5
62378,62383,62384,1,5
62378,62383,62384,1,5
62378,62381,62384,3,3
62378,62382,62384,2,4
62378,62382,62384,2,4
62378,62382,62384,2,4
62378,62382,62384,2,4
62378,62383,62385,2,5
62378,62384,62385,1,6
62378,62384,62385,1,6
62378,62383,62384,1,5
62378,62384,62385,1,6
62378,62384,62385,1,6
62378,62383,62385,2,5
62378,62383,62385,2,5
62378,62383,62384,1,5
62378,62384,62385,1,6
62378,62383,62385,2,5
62378,62383,62385,2,5
62378,62384,62385,1,6
62378,62385,62386,1,7
62378,62385,62386,1,7
62378,62384,62386,2,6
62378,62384,62386,2,6
62378,62385,62386,1,7
62378,62385,62386,1,7
62378,62386,62387,1,8
62378,62386,62387,1,8
62378,62385,62386,1,7
62378,62386,62387,1,8
62378,62386,62387,1,8
62378,62386,62387,1,8
62378,62386,62387,1,8
62378,62387,62388,1,9
62378,62387,62388,1,9
61900,61908,62404,496,8
62406,62406,62407,1,0
62406,62406,62407,1,0
62406,62406,62407,1,0
62406,62406,62407,1,0
62406,62406,62407,1,0
62406,62407,62408,1,1
62406,62406,62407,1,0
62406,62406,62407,1,0
62406,62406,62407,1,0
62406,62406,62407,1,0
62406,62406,62407,1,0
62406,62407,62408,1,1
62406,62407,62408,1,1
62406,62407,62408,1,1
62406,62407,62408,1,1
62406,62407,62408,1,1
62406,62407,62408,1,1
62406,62407,62408,1,1
62406,62407,62408,1,1
62406,62407,62408,1,1
62406,62407,62408,1,1
62406,62408,62409,1,2
62406,62408,62409,1,2
62406,62409,62410,1,3
62406,62409,62410,1,3
62406,62409,62410,1,3
62406,62409,62410,1,3
62406,62408,62409,1,2
62406,62408,62409,1,2
62406,62408,62409,1,2
62406,62408,62410,2,2
62406,62408,62409,1,2
62406,62410,62411,1,4
62406,62410,62411,1,4
62406,62410,62411,1,4
62406,62409,62410,1,3
62406,62410,62411,1,4
62406,62409,62410,1,3
62406,62410,62411,1,4
62406,62409,62410,1,3
62406,62410,62411,1,4
62406,62409,62410,1,3
62406,62410,62411,1,4
62406,62409,62410,1,3
62406,62409,62410,1,3
62406,62410,62411,1,4
62406,62410,62411,1,4
62406,62411,62412,1,5
62406,62411,62412,1,5
62406,62411,62412,1,5
62406,62411,62412,1,5
62406,62411,62412,1,5
62406,62411,62412,1,5
62406,62411,62412,1,5
62406,62411,62412,1,5
62406,62411,62412,1,5
62406,62411,62412,1,5
62406,62411,62412,1,5
62406,62411,62412,1,5
62406,62411,62412,1,5
62406,62411,62412,1,5
62406,62412,62413,1,6
62406,62412,62413,1,6
62406,62412,62413,1,6
62406,62412,62413,1,6
62406,62412,62413,1,6
62406,62412,62413,1,6
62406,62412,62413,1,6
62406,62412,62413,1,6
62406,62412,62413,1,6
62406,62412,62413,1,6
62406,62412,62413,1,6
62406,62412,62413,1,6
62406,62412,62413,1,6
62406,62412,62413,1,6
62406,62412,62413,1,6
62406,62413,62414,1,7
62406,62413,62414,1,7
62406,62413,62414,1,7
62406,62413,62414,1,7
62406,62413,62414,1,7
62406,62413,62414,1,7
62406,62413,62414,1,7
62406,62413,62414,1,7
62406,62413,62414,1,7
61653,61663,62425,762,10
62430,62430,62431,1,0
62430,62430,62431,1,0
62430,62430,62431,1,0
62430,62430,62431,1,0
62430,62430,62431,1,0
62430,62430,62431,1,0
62430,62430,62431,1,0
62430,62430,62431,1,0
62430,62430,62431,1,0
62430,62430,62431,1,0
62430,62430,62431,1,0
62430,62430,62431,1,0
62430,62430,62431,1,0
62430,62430,62432,2,0
62430,62430,62431,1,0
62430,62430,62432,2,0
62430,62430,62431,1,0
62430,62431,62432,1,1
62430,62431,62432,1,1
62430,62431,62433,2,1
62430,62431,62433,2,1
62430,62431,62432,1,1
62430,62431,62433,2,1
62430,62431,62432,1,1
62430,62431,62433,2,1
62430,62431,62433,2,1
62430,62431,62433,2,1
62430,62432,62434,2,2
62430,62433,62434,1,3
62430,62433,62434,1,3
62430,62432,62434,2,2
62430,62433,62434,1,3
62430,62433,62434,1,3
62430,62433,62434,1,3
62430,62433,62434,1,3
62430,62432,62434,2,2
62430,62433,62434,1,3
62430,62432,62434,2,2
62430,62433,62434,1,3
62430,62432,62434,2,2
62430,62433,62434,1,3
62430,62433,62434,1,3
62430,62432,62434,2,2
62430,62432,62434,2,2
62430,62434,62435,1,4
62430,62434,62435,1,4
62430,62434,62435,1,4
62430,62434,62435,1,4
62430,62434,62435,1,4
62430,62434,62435,1,4
62430,62434,62435,1,4
62430,62434,62435,1,4
62430,62434,62435,1,4
62430,62434,62435,1,4
62430,62434,62435,1,4
62430,62434,62435,1,4
62430,62434,62435,1,4
62430,62434,62435,1,4
62430,62435,62436,1,5
62430,62435,62436,1,5
62430,62435,62436,1,5
62430,62435,62436,1,5
62430,62435,62436,1,5
62430,62435,62436,1,5
62430,62435,62436,1,5
62430,62435,62436,1,5
61675,61682,62435,753,7
62430,62435,62436,1,5
62430,62435,62436,1,5
62430,62434,62435,1,4
62430,62435,62437,2,5
62430,62435,62436,1,5
62430,62436,62437,1,6
62430,62436,62437,1,6
62430,62436,62437,1,6
61731,61740,62437,697,9
62430,62435,62436,1,5
62430,62436,62437,1,6
62430,62436,62437,1,6
62430,62436,62437,1,6
62430,62436,62437,1,6
62430,62436,62437,1,6
62430,62436,62437,1,6
62430,62436,62437,1,6
62430,62436,62437,1,6
62430,62436,62437,1,6
62430,62437,62438,1,7
62430,62437,62438,1,7
62430,62437,62438,1,7
62430,62437,62438,1,7
62430,62437,62438,1,7
62430,62437,62438,1,7
62430,62437,62438,1,7
62430,62437,62438,1,7
62430,62437,62438,1,7
62430,62437,62438,1,7
62430,62437,62439,2,7
62437,62438,62439,1,1
62437,62438,62439,1,1
62437,62439,62440,1,2
62437,62438,62439,1,1
62437,62439,62440,1,2
62437,62439,62440,1,2
62437,62439,62440,1,2
62437,62439,62440,1,2
62437,62439,62440,1,2
62437,62439,62440,1,2
62437,62439,62440,1,2
62437,62439,62440,1,2
62437,62439,62441,2,2
62437,62439,62441,2,2
62437,62440,62441,1,3
62437,62440,62441,1,3
62437,62440,62441,1,3
62437,62440,62441,1,3
62437,62440,62441,1,3
62437,62440,62441,1,3
62437,62440,62441,1,3
62437,62439,62441,2,2
62437,62442,62443,1,5
62437,62441,62442,1,4
62437,62441,62442,1,4
62437,62441,62442,1,4
62437,62441,62442,1,4
62437,62441,62442,1,4
62437,62441,62442,1,4
62437,62441,62443,2,4
62437,62441,62442,1,4
62437,62442,62443,1,5
62437,62442,62443,1,5
62437,62442,62443,1,5
62437,62442,62443,1,5
62437,62442,62443,1,5
62437,62442,62443,1,5
62437,62442,62443,1,5
62437,62443,62444,1,6
62437,62443,62444,1,6
62437,62443,62444,1,6
62437,62443,62444,1,6
62437,62443,62444,1,6
62437,62444,62445,1,7
62437,62444,62445,1,7
62437,62444,62445,1,7
62437,62444,62445,1,7
62437,62443,62444,1,6
62437,62443,62444,1,6
62437,62443,62444,1,6
62437,62443,62444,1,6
62437,62443,62444,1,6
62437,62444,62445,1,7
62437,62442,62444,2,5
62437,62444,62445,1,7
62437,62445,62446,1,8
62437,62445,62446,1,8
62437,62445,62446,1,8
62437,62445,62446,1,8
62437,62445,62446,1,8
62437,62445,62446,1,8
62437,62445,62446,1,8
62437,62445,62446,1,8
62437,62445,62446,1,8
62437,62445,62446,1,8
62437,62444,62446,2,7
62437,62445,62446,1,8
62437,62446,62447,1,9
62437,62445,62446,1,8
62437,62445,62446,1,8
62437,62445,62446,1,8
62437,62446,62447,1,9
62437,62446,62447,1,9
62437,62446,62447,1,9
62437,62446,62447,1,9
62437,62446,62447,1,9
62437,62446,62447,1,9
62437,62445,62447,2,8
62437,62447,62448,1,10
62439,62447,62448,1,8
62439,62447,62448,1,8
62439,62447,62448,1,8
62439,62447,62448,1,8
62439,62447,62448,1,8
62439,62447,62448,1,8
62439,62447,62448,1,8
62439,62447,62448,1,8
62439,62447,62448,1,8
62439,62447,62448,1,8
62437,62447,62448,1,10
62439,62448,62449,1,9
62439,62448,62449,1,9
62439,62448,62449,1,9
62439,62447,62449,2,8
62439,62449,62450,1,10
62439,62449,62450,1,10
62439,62448,62449,1,9
62439,62448,62449,1,9
62439,62448,62450,2,9
62439,62448,62450,2,9
62439,62448,62450,2,9
62439,62448,62450,2,9
62439,62448,62450,2,9
62439,62448,62450,2,9
62439,62448,62450,2,9
62439,62448,62450,2,9
62439,62448,62450,2,9
62439,62449,62450,1,10
62439,62449,62450,1,10
62439,62448,62450,2,9
62439,62450,62451,1,11
62439,62450,62451,1,11
62439,62450,62451,1,11
62439,62450,62451,1,11
62439,62451,62452,1,12
62439,62451,62452,1,12
62439,62450,62451,1,11
62439,62450,62451,1,11
62439,62450,62451,1,11
62439,62450,62452,2,11
62439,62450,62452,2,11
62439,62450,62452,2,11
62439,62451,62452,1,12
62439,62451,62452,1,12
62439,62451,62452,1,12
62439,62451,62452,1,12
62439,62451,62452,1,12
62439,62451,62452,1,12
62439,62452,62453,1,13
62439,62451,62452,1,12
62439,62452,62453,1,13
62439,62452,62453,1,13
62439,62453,62454,1,14
62439,62452,62453,1,13
62439,62453,62454,1,14
62439,62452,62453,1,13
62439,62452,62453,1,13
62439,62453,62454,1,14
62439,62453,62454,1,14
62439,62454,62455,1,15
62439,62454,62455,1,15
62439,62454,62455,1,15
62439,62453,62454,1,14
62439,62453,62454,1,14
62439,62454,62455,1,15
62439,62453,62454,1,14
62439,62453,62454,1,14
62439,62453,62454,1,14
62439,62454,62455,1,15
62439,62454,62455,1,15
62439,62453,62455,2,14
62439,62454,62455,1,15
62439,62454,62455,1,15
62439,62454,62455,1,15
62439,62454,62455,1,15
62439,62455,62456,1,16
62439,62455,62456,1,16
62439,62455,62456,1,16
62439,62455,62456,1,16
62439,62455,62456,1,16
62439,62455,62456,1,16
62439,62455,62456,1,16
62439,62455,62456,1,16
62439,62455,62456,1,16
62439,62455,62456,1,16
62439,62455,62456,1,16
62439,62456,62457,1,17
62439,62455,62457,2,16
62439,62455,62456,1,16
62439,62456,62457,1,17
62439,62458,62460,2,19
61762,61771,62461,690,9
62477,62477,62478,1,0
62477,62477,62478,1,0
62477,62477,62478,1,0
62477,62477,62478,1,0
62477,62477,62478,1,0
62477,62477,62478,1,0
62477,62477,62478,1,0
62477,62477,62478,1,0
62477,62478,62479,1,1
62477,62478,62479,1,1
62477,62478,62479,1,1
62477,62478,62479,1,1
62477,62478,62480,2,1
62477,62478,62479,1,1
62477,62478,62479,1,1
62477,62478,62479,1,1
62477,62478,62479,1,1
62477,62478,62479,1,1
62477,62478,62479,1,1
62477,62478,62479,1,1
62477,62478,62479,1,1
62477,62480,62481,1,3
62477,62479,62480,1,2
62477,62480,62481,1,3
62477,62480,62481,1,3
62477,62479,62480,1,2
62477,62480,62481,1,3
62477,62479,62480,1,2
62477,62480,62481,1,3
62477,62480,62481,1,3
62477,62480,62481,1,3
62477,62480,62481,1,3
62477,62479,62482,3,2
62477,62480,62481,1,3
62477,62480,62481,1,3
62477,62480,62481,1,3
62477,62480,62481,1,3
62477,62481,62482,1,4
62477,62481,62482,1,4
62477,62480,62481,1,3
62477,62481,62482,1,4
62477,62481,62482,1,4
62477,62481,62482,1,4
62477,62481,62482,1,4
62477,62481,62482,1,4
62477,62482,62483,1,5
62477,62481,62482,1,4
62477,62482,62483,1,5
62477,62482,62483,1,5
62477,62482,62483,1,5
62477,62482,62483,1,5
62477,62482,62483,1,5
62477,62482,62483,1,5
62477,62482,62483,1,5
62477,62482,62483,1,5
62477,62482,62483,1,5
62477,62482,62483,1,5
62477,62482,62483,1,5
62477,62483,62484,1,6
62477,62482,62483,1,5
62477,62483,62484,1,6
62477,62483,62484,1,6
62477,62483,62484,1,6
62477,62483,62484,1,6
62477,62483,62484,1,6
62477,62483,62484,1,6
62477,62483,62484,1,6
62477,62483,62484,1,6
62477,62483,62484,1,6
62477,62483,62484,1,6
62477,62483,62484,1,6
62477,62483,62484,1,6
62477,62484,62485,1,7
62477,62484,62485,1,7
62477,62484,62485,1,7
62477,62484,62485,1,7
62477,62484,62485,1,7
62477,62484,62485,1,7
62477,62484,62485,1,7
62477,62484,62485,1,7
62477,62484,62485,1,7
61777,61786,62492,706,9
62508,62508,62509,1,0
62508,62508,62509,1,0
62508,62508,62509,1,0
62508,62508,62509,1,0
62508,62508,62509,1,0
62508,62508,62509,1,0
62508,62508,62509,1,0
62508,62508,62509,1,0
62508,62508,62509,1,0
62508,62508,62509,1,0
62508,62509,62510,1,1
62508,62509,62510,1,1
62508,62509,62510,1,1
62508,62509,62510,1,1
62508,62508,62509,1,0
62508,62508,62509,1,0
62508,62508,62509,1,0
62508,62510,62511,1,2
62508,62509,62510,1,1
62508,62510,62511,1,2
62508,62510,62511,1,2
62508,62509,62511,2,1
62508,62509,62511,2,1
62508,62509,62511,2,1
62508,62509,62510,1,1
62508,62509,62510,1,1
62508,62510,62511,1,2
62508,62509,62510,1,1
62508,62509,62510,1,1
62508,62509,62510,1,1
62508,62510,62511,1,2
62508,62510,62511,1,2
62508,62511,62512,1,3
62508,62511,62512,1,3
62508,62511,62512,1,3
62508,62510,62511,1,2
62508,62511,62512,1,3
62508,62510,62511,1,2
62508,62511,62512,1,3
62508,62511,62512,1,3
62508,62512,62513,1,4
62508,62512,62513,1,4
62508,62511,62512,1,3
62508,62511,62512,1,3
62508,62512,62513,1,4
62508,62511,62513,2,3
62508,62511,62512,1,3
62508,62511,62512,1,3
62508,62511,62512,1,3
62508,62511,62512,1,3
62508,62512,62513,1,4
62508,62512,62513,1,4
62508,62512,62513,1,4
62508,62512,62513,1,4
62508,62512,62513,1,4
62508,62512,62513,1,4
62508,62513,62514,1,5
62508,62512,62513,1,4
62508,62513,62514,1,5
62508,62513,62514,1,5
62508,62513,62514,1,5
62508,62513,62514,1,5
62508,62513,62514,1,5
62508,62513,62514,1,5
62508,62513,62514,1,5
62508,62513,62514,1,5
62508,62513,62514,1,5
62508,62513,62514,1,5
62508,62513,62514,1,5
62508,62513,62514,1,5
62508,62514,62515,1,6
62508,62514,62515,1,6
62508,62514,62515,1,6
62508,62514,62515,1,6
62508,62514,62515,1,6
62508,62514,62515,1,6
62508,62514,62515,1,6
62508,62514,62515,1,6
62508,62514,62515,1,6
62508,62515,62516,1,7
62508,62515,62516,1,7
62508,62515,62516,1,7
62508,62515,62516,1,7
62508,62515,62516,1,7
62508,62515,62517,2,7
61825,61839,62556,717,14
62558,62558,62559,1,0
62558,62558,62559,1,0
62558,62558,62559,1,0
62558,62558,62559,1,0
62558,62558,62559,1,0
62558,62558,62559,1,0
62558,62558,62559,1,0
62558,62558,62559,1,0
62558,62558,62559,1,0
62558,62558,62559,1,0
62558,62558,62559,1,0
62558,62558,62559,1,0
62558,62558,62560,2,0
62558,62559,62560,1,1
62558,62559,62560,1,1
62558,62558,62559,1,0
62558,62558,62559,1,0
62558,62558,62559,1,0
62558,62559,62560,1,1
62558,62559,62560,1,1
62558,62560,62561,1,2
62558,62560,62561,1,2
62558,62559,62561,2,1
62558,62559,62561,2,1
62558,62560,62561,1,2
62558,62559,62561,2,1
62558,62559,62561,2,1
62558,62559,62561,2,1
62558,62559,62561,2,1
62558,62559,62560,1,1
62558,62560,62561,1,2
62558,62560,62562,2,2
62558,62561,62562,1,3
62558,62561,62562,1,3
62558,62561,62562,1,3
62558,62560,62562,2,2
62558,62561,62562,1,3
62558,62561,62562,1,3
62558,62561,62562,1,3
62558,62561,62562,1,3
62558,62561,62562,1,3
62558,62561,62562,1,3
62558,62561,62562,1,3
62558,62561,62563,2,3
62558,62562,62563,1,4
62558,62562,62563,1,4
62558,62562,62563,1,4
62558,62562,62563,1,4
62558,62562,62563,1,4
62558,62562,62563,1,4
62558,62562,62563,1,4
62558,62563,62564,1,5
62558,62563,62564,1,5
62558,62563,62564,1,5
62558,62562,62563,1,4
62558,62563,62564,1,5
62558,62563,62564,1,5
62558,62564,62565,1,6
62558,62564,62565,1,6
62084,62094,62565,471,10
62558,62563,62565,2,5
62558,62564,62565,1,6
62558,62564,62565,1,6
62558,62565,62566,1,7
62558,62565,62566,1,7
62558,62565,62566,1,7
62558,62565,62566,1,7
62558,62565,62566,1,7
62558,62565,62566,1,7
62558,62565,62566,1,7
62558,62565,62566,1,7
62558,62565,62566,1,7
62558,62565,62566,1,7
62558,62566,62567,1,8
62566,62566,62567,1,0
62566,62566,62567,1,0
62566,62566,62567,1,0
62566,62566,62567,1,0
62566,62566,62567,1,0
62566,62566,62567,1,0
62566,62566,62567,1,0
62566,62566,62567,1,0
62566,62566,62567,1,0
62558,62565,62567,2,7
62566,62566,62567,1,0
62566,62566,62567,1,0
62566,62567,62568,1,1
61865,61872,62569,697,7
62566,62567,62569,2,1
62566,62567,62569,2,1
62566,62568,62569,1,2
62566,62568,62569,1,2
62566,62568,62569,1,2
62566,62567,62569,2,1
62566,62567,62569,2,1
62566,62567,62569,2,1
62566,62567,62569,2,1
62566,62567,62569,2,1
62566,62567,62569,2,1
62566,62567,62570,3,1
62566,62567,62569,2,1
62566,62567,62569,2,1
62566,62567,62570,3,1
62566,62568,62570,2,2
62566,62569,62571,2,3
62566,62569,62571,2,3
62566,62570,62571,1,4
62566,62570,62572,2,4
62566,62570,62571,1,4
62566,62569,62571,2,3
62566,62570,62572,2,4
62566,62569,62571,2,3
62566,62570,62572,2,4
62566,62570,62572,2,4
62566,62570,62572,2,4
62566,62570,62572,2,4
62566,62570,62572,2,4
62566,62571,62572,1,5
62566,62571,62572,1,5
62566,62572,62573,1,6
62566,62572,62573,1,6
62566,62570,62572,2,4
62566,62570,62572,2,4
62566,62570,62572,2,4
62566,62571,62573,2,5
62566,62572,62573,1,6
62566,62572,62573,1,6
62566,62572,62573,1,6
62566,62573,62574,1,7
62566,62572,62573,1,6
62566,62573,62574,1,7
62566,62573,62574,1,7
62566,62573,62574,1,7
62566,62573,62574,1,7
62566,62573,62574,1,7
62566,62574,62575,1,8
62566,62574,62575,1,8
62566,62574,62575,1,8
62566,62574,62575,1,8
62566,62574,62575,1,8
62566,62575,62576,1,9
62566,62575,62576,1,9
62566,62575,62576,1,9
62566,62575,62576,1,9
62086,62105,62580,475,19
62581,62581,62582,1,0
62581,62581,62582,1,0
62581,62581,62582,1,0
62581,62581,62582,1,0
62581,62582,62583,1,1
62581,62582,62583,1,1
62581,62581,62582,1,0
62581,62581,62582,1,0
62581,62582,62583,1,1
62581,62582,62583,1,1
62581,62582,62583,1,1
62581,62582,62583,1,1
62581,62582,62583,1,1
62581,62582,62583,1,1
62581,62582,62583,1,1
62581,62582,62583,1,1
62581,62582,62583,1,1
62581,62582,62583,1,1
62581,62583,62584,1,2
62581,62582,62583,1,1
62581,62582,62583,1,1
62581,62583,62584,1,2
62581,62584,62585,1,3
62581,62584,62585,1,3
62581,62584,62585,1,3
62581,62584,62585,1,3
62581,62583,62584,1,2
62581,62583,62584,1,2
62581,62583,62584,1,2
62581,62583,62584,1,2
62581,62583,62584,1,2
62581,62584,62585,1,3
62581,62583,62584,1,2
62581,62583,62584,1,2
62581,62584,62585,1,3
62581,62584,62585,1,3
62581,62585,62586,1,4
62581,62585,62586,1,4
62581,62585,62586,1,4
62581,62585,62586,1,4
62581,62585,62586,1,4
62581,62585,62586,1,4
62581,62585,62586,1,4
62581,62585,62586,1,4
62581,62585,62586,1,4
62581,62585,62586,1,4
62581,62585,62586,1,4
62581,62585,62586,1,4
62581,62585,62586,1,4
62581,62585,62586,1,4
62581,62586,62587,1,5
62581,62586,62587,1,5
62581,62586,62587,1,5
62581,62586,62587,1,5
62581,62586,62587,1,5
62581,62585,62586,1,4
62581,62585,62586,1,4
62581,62586,62587,1,5
62581,62586,62587,1,5
62581,62586,62587,1,5
62581,62586,62587,1,5
62581,62586,62587,1,5
62581,62586,62587,1,5
62581,62586,62587,1,5
62581,62586,62587,1,5
62581,62587,62588,1,6
62581,62587,62588,1,6
62581,62587,62588,1,6
62581,62587,62588,1,6
62581,62587,62588,1,6
62581,62587,62588,1,6
62581,62587,62588,1,6
62581,62587,62588,1,6
62581,62587,62588,1,6
62581,62587,62588,1,6
62581,62587,62588,1,6
62581,62587,62588,1,6
62581,62587,62588,1,6
62581,62588,62589,1,7
62581,62588,62589,1,7
62581,62588,62589,1,7
62581,62587,62589,2,6
62581,62588,62589,1,7
62581,62588,62589,1,7
62581,62588,62589,1,7
62581,62588,62589,1,7
62581,62588,62590,2,7
62581,62589,62591,2,8
62581,62588,62591,3,7
62581,62588,62591,3,7
62581,62588,62591,3,7
62581,62589,62591,2,8
62581,62589,62591,2,8
62581,62589,62591,2,8
62581,62589,62591,2,8
62581,62589,62591,2,8
62581,62589,62591,2,8
62581,62589,62591,2,8
62581,62589,62591,2,8
62581,62590,62592,2,9
62581,62590,62592,2,9
62581,62590,62592,2,9
62581,62589,62592,3,8
62581,62590,62593,3,9
62581,62591,62593,2,10
62581,62590,62593,3,9
62581,62592,62593,1,11
62581,62592,62593,1,11
62581,62592,62593,1,11
62581,62592,62593,1,11
62581,62592,62593,1,11
62581,62592,62594,2,11
62581,62592,62594,2,11
62581,62592,62594,2,11
62581,62592,62593,1,11
62581,62592,62594,2,11
62581,62592,62594,2,11
62581,62593,62594,1,12
62581,62592,62594,2,11
62581,62593,62594,1,12
62581,62593,62594,1,12
62581,62592,62594,2,11
62581,62592,62594,2,11
62581,62593,62594,1,12
62581,62594,62595,1,13
62581,62594,62595,1,13
62581,62594,62595,1,13
62581,62593,62594,1,12
62581,62594,62595,1,13
62581,62594,62595,1,13
62581,62593,62595,2,12
62581,62594,62595,1,13
62581,62594,62595,1,13
62581,62594,62595,1,13
62581,62594,62595,1,13
62581,62594,62596,2,13
62581,62594,62595,1,13
62581,62594,62595,1,13
62581,62594,62595,1,13
62581,62595,62596,1,14
62581,62595,62596,1,14
62581,62595,62596,1,14
62581,62595,62596,1,14
62581,62595,62596,1,14
62581,62595,62596,1,14
62581,62595,62596,1,14
62581,62595,62596,1,14
62581,62595,62596,1,14
62581,62595,62596,1,14
62581,62596,62597,1,15
62581,62596,62597,1,15
62581,62596,62597,1,15
62581,62596,62597,1,15
62581,62596,62597,1,15
62581,62596,62597,1,15
62581,62596,62597,1,15
62581,62596,62597,1,15
62581,62596,62597,1,15
62581,62596,62597,1,15
62581,62597,62598,1,16
62581,62597,62598,1,16
61944,61953,62651,698,9
62653,62653,62654,1,0
62653,62653,62654,1,0
62653,62653,62654,1,0
62653,62653,62654,1,0
62653,62653,62654,1,0
62653,62653,62654,1,0
62653,62653,62654,1,0
62653,62653,62654,1,0
62653,62654,62655,1,1
62653,62654,62655,1,1
62653,62654,62656,2,1
62653,62654,62655,1,1
62653,62654,62656,2,1
62653,62654,62656,2,1
62653,62654,62655,1,1
62653,62654,62655,1,1
62653,62655,62656,1,2
62653,62655,62657,2,2
62653,62655,62656,1,2
62653,62654,62656,2,1
62653,62655,62656,1,2
62653,62655,62657,2,2
62653,62655,62657,2,2
62653,62655,62656,1,2
62653,62656,62657,1,3
62653,62656,62657,1,3
62653,62656,62657,1,3
62653,62656,62657,1,3
62653,62656,62657,1,3
62653,62656,62657,1,3
62653,62656,62657,1,3
62653,62656,62657,1,3
62653,62657,62658,1,4
62653,62657,62658,1,4
62162,62171,62658,487,9
62653,62658,62659,1,5
62653,62657,62658,1,4
62653,62657,62658,1,4
62653,62658,62659,1,5
62653,62657,62658,1,4
62653,62657,62658,1,4
62653,62658,62659,1,5
62653,62657,62658,1,4
62653,62657,62658,1,4
62653,62658,62659,1,5
62653,62658,62659,1,5
62653,62658,62659,1,5
62653,62658,62659,1,5
62653,62658,62659,1,5
62653,62659,62660,1,6
62653,62658,62659,1,5
62653,62659,62660,1,6
62653,62659,62660,1,6
62653,62659,62660,1,6
62653,62659,62660,1,6
62653,62659,62660,1,6
62653,62659,62660,1,6
62653,62659,62660,1,6
62653,62659,62660,1,6
62653,62659,62660,1,6
62653,62659,62660,1,6
62653,62660,62661,1,7
62653,62660,62661,1,7
62653,62660,62661,1,7
62653,62660,62661,1,7
62653,62660,62661,1,7
62653,62660,62661,1,7
62653,62660,62661,1,7
62653,62660,62661,1,7
62653,62660,62661,1,7
62653,62660,62661,1,7
62653,62660,62661,1,7
62653,62660,62661,1,7
62653,62661,62662,1,8
62653,62661,62662,1,8
62653,62661,62662,1,8
62653,62661,62662,1,8
62653,62661,62662,1,8
62660,62661,62662,1,1
62660,62661,62662,1,1
62660,62662,62663,1,2
62660,62662,62663,1,2
62653,62661,62662,1,8
62660,62662,62663,1,2
62660,62662,62663,1,2
62653,62661,62662,1,8
62660,62661,62663,2,1
62660,62662,62663,1,2
62660,62662,62663,1,2
62660,62662,62664,2,2
62660,62662,62664,2,2
62660,62662,62664,2,2
62660,62663,62665,2,3
62660,62663,62665,2,3
62660,62663,62665,2,3
62653,62653,62664,11,0
62660,62663,62664,1,3
62660,62663,62664,1,3
62660,62663,62664,1,3
62660,62663,62665,2,3
62660,62663,62665,2,3
62660,62663,62665,2,3
62660,62663,62665,2,3
62660,62664,62666,2,4
62660,62663,62665,2,3
62660,62665,62666,1,5
62660,62664,62666,2,4
62660,62664,62666,2,4
62660,62664,62666,2,4
62660,62665,62666,1,5
62660,62665,62667,2,5
62660,62665,62666,1,5
62660,62665,62666,1,5
62660,62665,62666,1,5
62660,62665,62666,1,5
62660,62666,62667,1,6
62660,62665,62666,1,5
62660,62665,62666,1,5
62660,62665,62667,2,5
62660,62666,62667,1,6
62660,62666,62667,1,6
62660,62667,62668,1,7
62660,62667,62668,1,7
62660,62667,62668,1,7
62660,62667,62668,1,7
62660,62666,62668,2,6
62660,62667,62668,1,7
62660,62667,62668,1,7
62660,62667,62668,1,7
62660,62667,62668,1,7
62660,62666,62668,2,6
62660,62666,62668,2,6
62660,62667,62668,1,7
62660,62667,62668,1,7
62660,62668,62669,1,8
62660,62668,62669,1,8
62660,62668,62669,1,8
62660,62668,62669,1,8
62660,62668,62669,1,8
62660,62668,62669,1,8
62660,62668,62669,1,8
62660,62668,62669,1,8
62660,62668,62669,1,8
62660,62668,62669,1,8
62660,62668,62669,1,8
62660,62665,62669,4,5
62660,62669,62670,1,9
62660,62669,62670,1,9
62660,62669,62670,1,9
62660,62669,62670,1,9
62660,62669,62670,1,9
62660,62669,62670,1,9
62660,62669,62670,1,9
62660,62669,62670,1,9
62660,62669,62670,1,9
62660,62669,62670,1,9
62660,62670,62671,1,10
62660,62670,62671,1,10
62660,62670,62671,1,10
62660,62670,62671,1,10
62660,62670,62671,1,10
62660,62670,62671,1,10
62660,62670,62671,1,10
62660,62670,62671,1,10
62660,62670,62671,1,10
62660,62670,62671,1,10
62660,62670,62671,1,10
62660,62670,62671,1,10
62183,62199,62681,482,16
62696,62696,62697,1,0
62696,62696,62697,1,0
62696,62696,62697,1,0
62696,62696,62697,1,0
62696,62696,62697,1,0
62696,62696,62697,1,0
62696,62696,62697,1,0
62696,62696,62697,1,0
62696,62696,62697,1,0
62696,62696,62697,1,0
62696,62696,62697,1,0
62696,62697,62698,1,1
62696,62697,62698,1,1
62696,62696,62698,2,0
62696,62697,62698,1,1
62696,62697,62698,1,1
62696,62698,62699,1,2
62696,62698,62699,1,2
62696,62698,62699,1,2
62696,62698,62699,1,2
62696,62698,62699,1,2
62696,62698,62699,1,2
62696,62698,62699,1,2
62696,62698,62699,1,2
62696,62698,62699,1,2
62696,62698,62700,2,2
62696,62698,62699,1,2
62218,62227,62700,473,9
62696,62699,62700,1,3
62696,62698,62700,2,2
62696,62699,62700,1,3
62696,62699,62700,1,3
62696,62699,62701,2,3
62696,62700,62701,1,4
62696,62700,62701,1,4
62696,62700,62701,1,4
62696,62700,62701,1,4
62696,62700,62701,1,4
62696,62701,62702,1,5
62696,62700,62701,1,4
62696,62700,62701,1,4
62696,62700,62701,1,4
62696,62700,62701,1,4
62696,62700,62701,1,4
62696,62700,62701,1,4
62696,62701,62702,1,5
62696,62699,62702,3,3
62696,62701,62702,1,5
62696,62702,62703,1,6
62696,62701,62702,1,5
62696,62702,62703,1,6
62696,62703,62704,1,7
62696,62702,62703,1,6
62696,62703,62704,1,7
62696,62703,62704,1,7
62696,62702,62703,1,6
62696,62702,62704,2,6
62696,62703,62704,1,7
62696,62702,62703,1,6
62696,62702,62703,1,6
62696,62702,62703,1,6
62696,62702,62703,1,6
62696,62704,62705,1,8
62696,62704,62705,1,8
62696,62704,62705,1,8
62696,62704,62705,1,8
62696,62704,62705,1,8
62696,62704,62705,1,8
62696,62704,62705,1,8
62696,62704,62705,1,8
62696,62705,62706,1,9
62696,62705,62706,1,9
62696,62705,62706,1,9
62696,62705,62706,1,9
62696,62705,62706,1,9
62696,62705,62706,1,9
62696,62705,62706,1,9
62702,62705,62706,1,3
62702,62705,62706,1,3
62702,62706,62707,1,4
62702,62706,62707,1,4
62702,62706,62707,1,4
62702,62706,62707,1,4
62702,62706,62707,1,4
62702,62706,62707,1,4
62702,62706,62707,1,4
62702,62706,62707,1,4
62702,62706,62707,1,4
62702,62706,62707,1,4
62696,62705,62707,2,9
62696,62707,62708,1,11
62696,62707,62708,1,11
62696,62707,62708,1,11
62702,62706,62707,1,4
62702,62706,62708,2,4
62702,62707,62708,1,5
62702,62707,62709,2,5
62702,62707,62708,1,5
62702,62707,62708,1,5
62702,62707,62708,1,5
62702,62707,62709,2,5
62702,62707,62709,2,5
62702,62707,62709,2,5
62702,62707,62709,2,5
62702,62707,62709,2,5
62702,62708,62709,1,6
62702,62707,62709,2,5
62702,62707,62709,2,5
62702,62708,62709,1,6
62702,62708,62709,1,6
62702,62709,62710,1,7
62702,62708,62710,2,6
62702,62708,62710,2,6
62702,62709,62710,1,7
62702,62709,62711,2,7
62702,62709,62710,1,7
62702,62709,62710,1,7
62702,62709,62711,2,7
62702,62709,62711,2,7
62702,62709,62711,2,7
62702,62709,62711,2,7
62702,62709,62711,2,7
62702,62710,62711,1,8
62702,62710,62711,1,8
62702,62710,62711,1,8
62702,62709,62711,2,7
62702,62710,62711,1,8
62702,62711,62712,1,9
62702,62711,62712,1,9
62702,62711,62712,1,9
62702,62711,62712,1,9
62702,62711,62712,1,9
62702,62711,62712,1,9
62702,62711,62712,1,9
62702,62711,62712,1,9
62702,62711,62712,1,9
62702,62711,62712,1,9
62702,62711,62712,1,9
62702,62711,62712,1,9
62702,62712,62713,1,10
62702,62711,62712,1,9
62702,62712,62713,1,10
62702,62712,62713,1,10
62702,62709,62711,2,7
62702,62711,62712,1,9
62702,62712,62713,1,10
62702,62712,62713,1,10
62702,62712,62713,1,10
62702,62712,62713,1,10
62702,62713,62714,1,11
62702,62713,62714,1,11
62702,62713,62714,1,11
62702,62713,62714,1,11
62702,62713,62714,1,11
62702,62713,62714,1,11
62702,62713,62714,1,11
62702,62713,62714,1,11
62702,62714,62715,1,12
62702,62714,62715,1,12
62702,62713,62715,2,11
62702,62714,62715,1,12
62702,62714,62715,1,12
62702,62713,62715,2,11
62318,62325,62810,485,7
62812,62812,62813,1,0
62812,62812,62813,1,0
62812,62812,62813,1,0
62812,62812,62813,1,0
62812,62812,62813,1,0
62812,62812,62814,2,0
62812,62812,62813,1,0
62812,62812,62813,1,0
62812,62812,62813,1,0
62812,62812,62813,1,0
62812,62812,62813,1,0
62812,62813,62814,1,1
62812,62813,62814,1,1
62812,62813,62814,1,1
62812,62813,62814,1,1
62812,62813,62814,1,1
62812,62813,62814,1,1
62812,62813,62814,1,1
62812,62814,62815,1,2
62812,62813,62814,1,1
62812,62813,62814,1,1
62812,62814,62815,1,2
62812,62814,62815,1,2
62812,62814,62816,2,2
62812,62814,62816,2,2
62812,62814,62816,2,2
62812,62814,62815,1,2
62812,62814,62815,1,2
62812,62814,62815,1,2
62812,62814,62815,1,2
62812,62814,62815,1,2
62812,62814,62816,2,2
62812,62814,62816,2,2
62812,62814,62816,2,2
62812,62814,62816,2,2
62812,62816,62817,1,4
62812,62816,62817,1,4
62812,62815,62816,1,3
62812,62816,62817,1,4
62812,62816,62817,1,4
62812,62816,62817,1,4
62812,62815,62817,2,3
62812,62815,62817,2,3
62812,62816,62817,1,4
62812,62816,62817,1,4
62812,62816,62817,1,4
62812,62816,62818,2,4
62812,62816,62818,2,4
62812,62816,62818,2,4
62812,62817,62818,1,5
62812,62817,62818,1,5
62812,62817,62818,1,5
62812,62817,62818,1,5
62812,62816,62817,1,4
62812,62816,62817,1,4
62812,62817,62818,1,5
62812,62817,62818,1,5
62812,62817,62818,1,5
62812,62817,62818,1,5
62812,62817,62818,1,5
62812,62817,62819,2,5
62812,62818,62819,1,6
62812,62818,62819,1,6
62812,62818,62819,1,6
62812,62818,62819,1,6
62812,62818,62819,1,6
62812,62818,62819,1,6
62812,62818,62819,1,6
62812,62818,62819,1,6
62812,62818,62819,1,6
62812,62818,62819,1,6
62812,62818,62819,1,6
62812,62819,62820,1,7
62812,62818,62820,2,6
62812,62818,62820,2,6
62812,62818,62819,1,6
62812,62819,62820,1,7
62812,62819,62820,1,7
62812,62819,62820,1,7
62812,62819,62820,1,7
62812,62818,62820,2,6
62812,62819,62820,1,7
62812,62819,62820,1,7
62812,62819,62820,1,7
62812,62818,62819,1,6
62812,62819,62820,1,7
62812,62819,62820,1,7
62812,62819,62821,2,7
62812,62820,62821,1,8
62812,62820,62821,1,8
62812,62820,62821,1,8
62812,62820,62821,1,8
62379,62388,62870,482,9
62872,62872,62873,1,0
62872,62872,62873,1,0
62872,62872,62873,1,0
62872,62872,62873,1,0
62872,62872,62873,1,0
62872,62872,62873,1,0
62872,62872,62874,2,0
62872,62872,62873,1,0
62872,62872,62873,1,0
62872,62872,62873,1,0
62872,62873,62874,1,1
62872,62872,62873,1,0
62872,62872,62874,2,0
62872,62872,62874,2,0
62872,62873,62874,1,1
62872,62873,62874,1,1
62872,62873,62874,1,1
62872,62873,62874,1,1
62872,62873,62876,3,1
62872,62873,62875,2,1
62872,62874,62875,1,2
62872,62873,62875,2,1
62872,62873,62875,2,1
62872,62874,62876,2,2
62872,62874,62875,1,2
62872,62874,62875,1,2
62872,62874,62876,2,2
62872,62875,62876,1,3
62872,62875,62876,1,3
62872,62875,62876,1,3
62872,62875,62876,1,3
62872,62876,62877,1,4
62872,62876,62877,1,4
62872,62874,62877,3,2
62872,62874,62877,3,2
62872,62875,62877,2,3
62872,62875,62877,2,3
62872,62876,62877,1,4
62872,62876,62878,2,4
62872,62876,62878,2,4
62872,62876,62878,2,4
62872,62876,62878,2,4
62872,62877,62878,1,5
62872,62877,62878,1,5
62872,62877,62879,2,5
62872,62877,62878,1,5
62872,62877,62878,1,5
62872,62877,62878,1,5
62872,62878,62879,1,6
62872,62876,62878,2,4
62872,62878,62879,1,6
62872,62877,62878,1,5
62872,62878,62879,1,6
62872,62878,62879,1,6
62872,62878,62879,1,6
62872,62878,62879,1,6
62872,62878,62879,1,6
62872,62879,62880,1,7
62872,62879,62880,1,7
62872,62879,62880,1,7
62872,62879,62880,1,7
62872,62878,62879,1,6
62872,62878,62879,1,6
62872,62878,62879,1,6
62872,62878,62879,1,6
62872,62879,62880,1,7
62872,62879,62880,1,7
62872,62879,62880,1,7
62872,62879,62880,1,7
62872,62880,62881,1,8
62872,62880,62881,1,8
62872,62880,62881,1,8
62872,62880,62881,1,8
62872,62880,62881,1,8
62872,62880,62881,1,8
62872,62880,62881,1,8
62872,62880,62881,1,8
62872,62879,62880,1,7
62872,62880,62881,1,8
62872,62880,62881,1,8
62872,62880,62881,1,8
62872,62880,62881,1,8
62872,62881,62882,1,9
62872,62881,62882,1,9
62872,62880,62881,1,8
62872,62880,62881,1,8
62872,62881,62882,1,9
62872,62881,62882,1,9
62872,62881,62882,1,9
62872,62881,62882,1,9
62872,62881,62882,1,9
62872,62881,62882,1,9
62872,62881,62882,1,9
62872,62881,62882,1,9
62872,62881,62882,1,9
62872,62881,62882,1,9
62144,62153,62893,740,9
62200,62200,62898,698,0
62902,62902,62903,1,0
62902,62902,62903,1,0
62902,62902,62903,1,0
62902,62902,62903,1,0
62902,62902,62903,1,0
62902,62902,62903,1,0
62902,62902,62903,1,0
62902,62902,62903,1,0
62902,62902,62903,1,0
62902,62902,62903,1,0
62902,62902,62903,1,0
62902,62902,62903,1,0
62902,62902,62903,1,0
62902,62902,62903,1,0
62902,62902,62903,1,0
62902,62902,62904,2,0
62902,62903,62905,2,1
62902,62903,62905,2,1
62902,62903,62905,2,1
62902,62903,62905,2,1
62902,62903,62905,2,1
62902,62903,62905,2,1
62902,62902,62904,2,0
62902,62903,62905,2,1
62902,62903,62905,2,1
62902,62904,62906,2,2
62902,62903,62905,2,1
62902,62904,62906,2,2
62902,62903,62905,2,1
62902,62904,62906,2,2
62902,62904,62906,2,2
62902,62905,62907,2,3
62902,62905,62906,1,3
62902,62905,62907,2,3
62902,62905,62906,1,3
62902,62905,62907,2,3
62902,62905,62906,1,3
62902,62905,62907,2,3
62902,62904,62906,2,2
62902,62905,62907,2,3
62902,62905,62907,2,3
62902,62905,62907,2,3
62902,62906,62908,2,4
62902,62906,62908,2,4
62902,62906,62908,2,4
62902,62906,62908,2,4
62902,62907,62908,1,5
62902,62907,62908,1,5
62902,62907,62908,1,5
62902,62906,62908,2,4
62902,62906,62908,2,4
62902,62907,62908,1,5
62902,62907,62908,1,5
62902,62907,62908,1,5
62902,62907,62908,1,5
62902,62907,62908,1,5
62902,62907,62908,1,5
62902,62908,62909,1,6
62902,62906,62909,3,4
62902,62908,62909,1,6
62902,62907,62909,2,5
62902,62908,62909,1,6
62902,62908,62909,1,6
62902,62908,62909,1,6
62902,62907,62908,1,5
62902,62908,62909,1,6
62902,62908,62909,1,6
62902,62909,62910,1,7
62902,62909,62910,1,7
62902,62909,62910,1,7
62902,62909,62910,1,7
62902,62909,62910,1,7
62902,62909,62910,1,7
62902,62908,62909,1,6
62902,62909,62910,1,7
62902,62909,62910,1,7
62902,62909,62910,1,7
62902,62909,62910,1,7
62902,62908,62910,2,6
62902,62908,62909,1,6
62902,62910,62911,1,8
62902,62910,62911,1,8
62902,62910,62911,1,8
62902,62910,62911,1,8
62902,62910,62911,1,8
62902,62910,62911,1,8
62902,62909,62911,2,7
62902,62909,62911,2,7
62904,62911,62912,1,7
62904,62911,62912,1,7
62904,62911,62912,1,7
62904,62911,62912,1,7
62902,62911,62912,1,9
62902,62911,62912,1,9
62904,62912,62913,1,8
62904,62912,62913,1,8
62904,62912,62913,1,8
62904,62912,62914,2,8
62904,62912,62914,2,8
62904,62913,62914,1,9
62904,62912,62914,2,8
62904,62913,62914,1,9
62904,62913,62915,2,9
62904,62913,62914,1,9
62904,62913,62915,2,9
62904,62913,62914,1,9
62904,62913,62914,1,9
62904,62913,62914,1,9
62904,62913,62914,1,9
62904,62913,62914,1,9
62904,62913,62914,1,9
62904,62913,62915,2,9
62904,62915,62916,1,11
62904,62915,62916,1,11
62904,62914,62916,2,10
62904,62914,62915,1,10
62904,62915,62916,1,11
62904,62915,62916,1,11
62904,62915,62916,1,11
62904,62915,62916,1,11
62904,62915,62916,1,11
62904,62916,62917,1,12
62904,62916,62917,1,12
62904,62915,62916,1,11
62904,62915,62916,1,11
62904,62915,62916,1,11
62904,62915,62916,1,11
62904,62917,62918,1,13
62904,62917,62918,1,13
62904,62916,62917,1,12
62904,62916,62917,1,12
62904,62917,62918,1,13
62904,62917,62918,1,13
62904,62916,62917,1,12
62904,62915,62916,1,11
62904,62916,62918,2,12
62904,62917,62918,1,13
62904,62918,62919,1,14
62904,62917,62918,1,13
62904,62917,62918,1,13
62904,62917,62918,1,13
62904,62917,62918,1,13
62904,62918,62919,1,14
62904,62918,62919,1,14
62904,62918,62919,1,14
62904,62918,62919,1,14
62904,62917,62918,1,13
62904,62917,62918,1,13
62904,62918,62919,1,14
62904,62919,62920,1,15
62904,62918,62919,1,14
62904,62918,62919,1,14
62904,62919,62920,1,15
62904,62918,62920,2,14
62904,62919,62920,1,15
62904,62919,62920,1,15
62904,62919,62920,1,15
62904,62918,62919,1,14
62904,62919,62920,1,15
62904,62919,62920,1,15
62904,62919,62920,1,15
62904,62919,62920,1,15
62904,62920,62921,1,16
62904,62920,62921,1,16
62904,62920,62921,1,16
62904,62920,62921,1,16
62904,62920,62921,1,16
62904,62920,62921,1,16
62904,62920,62921,1,16
62904,62920,62921,1,16
62904,62920,62921,1,16
62904,62920,62921,1,16
62904,62920,62921,1,16
62431,62438,62924,486,7
62929,62929,62930,1,0
62929,62929,62930,1,0
62929,62929,62930,1,0
62929,62929,62930,1,0
62929,62929,62930,1,0
62929,62929,62930,1,0
62929,62929,62930,1,0
62929,62929,62930,1,0
62929,62929,62931,2,0
62929,62929,62930,1,0
62929,62929,62930,1,0
62929,62929,62930,1,0
62929,62930,62931,1,1
62929,62929,62931,2,0
62929,62930,62931,1,1
62929,62930,62931,1,1
62929,62929,62930,1,0
62929,62930,62932,2,1
62929,62930,62931,1,1
62929,62930,62932,2,1
62929,62930,62932,2,1
62929,62930,62932,2,1
62929,62931,62932,1,2
62929,62931,62933,2,2
62929,62931,62933,2,2
62929,62930,62933,3,1
62929,62931,62933,2,2
62929,62930,62933,3,1
62929,62931,62932,1,2
62929,62931,62932,1,2
62929,62931,62932,1,2
62929,62931,62932,1,2
62929,62931,62933,2,2
62929,62932,62933,1,3
62929,62932,62934,2,3
62929,62932,62934,2,3
62929,62933,62934,1,4
62929,62933,62934,1,4
62929,62933,62934,1,4
62929,62932,62934,2,3
62929,62933,62934,1,4
62929,62932,62934,2,3
62929,62933,62934,1,4
62929,62929,62933,4,0
62929,62933,62935,2,4
62929,62934,62935,1,5
62929,62934,62935,1,5
62929,62933,62935,2,4
62929,62933,62934,1,4
62929,62934,62935,1,5
62929,62934,62935,1,5
62929,62934,62935,1,5
62929,62934,62935,1,5
62929,62934,62935,1,5
62929,62934,62935,1,5
62929,62934,62935,1,5
62929,62935,62936,1,6
62929,62933,62936,3,4
62929,62933,62935,2,4
62929,62933,62936,3,4
62929,62935,62936,1,6
62929,62935,62936,1,6
62929,62935,62936,1,6
62929,62935,62936,1,6
62929,62935,62936,1,6
62929,62934,62936,2,5
62929,62936,62937,1,7
62929,62936,62937,1,7
62929,62935,62936,1,6
62929,62936,62937,1,7
62929,62936,62937,1,7
62929,62936,62938,2,7
62929,62936,62938,2,7
62929,62938,62939,1,9
62929,62936,62938,2,7
62929,62936,62938,2,7
62929,62936,62937,1,7
62441,62456,62942,486,15
62946,62946,62947,1,0
62946,62946,62947,1,0
62946,62946,62947,1,0
62946,62946,62947,1,0
62946,62946,62947,1,0
62946,62946,62947,1,0
62946,62946,62948,2,0
62946,62946,62947,1,0
62946,62947,62948,1,1
62946,62947,62948,1,1
62946,62947,62948,1,1
62946,62947,62948,1,1
62946,62947,62948,1,1
62946,62946,62948,2,0
62946,62947,62948,1,1
62946,62947,62948,1,1
62946,62947,62949,2,1
62946,62947,62949,2,1
62946,62947,62948,1,1
62946,62947,62948,1,1
62946,62947,62948,1,1
62946,62948,62949,1,2
62946,62948,62949,1,2
62946,62948,62949,1,2
62946,62948,62949,1,2
62946,62948,62949,1,2
62946,62948,62949,1,2
62946,62949,62950,1,3
62946,62949,62950,1,3
62946,62948,62949,1,2
62946,62949,62950,1,3
62946,62949,62950,1,3
62946,62949,62950,1,3
62946,62949,62950,1,3
62946,62950,62951,1,4
62946,62949,62950,1,3
62946,62949,62950,1,3
62946,62950,62951,1,4
62946,62950,62951,1,4
62946,62950,62951,1,4
62946,62950,62951,1,4
62946,62950,62951,1,4
62946,62950,62951,1,4
62946,62950,62951,1,4
62946,62950,62951,1,4
62946,62950,62951,1,4
62946,62951,62952,1,5
62946,62951,62952,1,5
62946,62951,62952,1,5
62946,62950,62951,1,4
62946,62950,62951,1,4
62946,62951,62952,1,5
62946,62951,62952,1,5
62946,62951,62952,1,5
62946,62951,62952,1,5
62946,62951,62952,1,5
62946,62951,62952,1,5
62946,62951,62952,1,5
62946,62951,62952,1,5
62946,62951,62952,1,5
62946,62952,62953,1,6
62946,62952,62953,1,6
62946,62952,62953,1,6
62946,62952,62953,1,6
62946,62952,62953,1,6
62946,62952,62953,1,6
62946,62952,62953,1,6
62946,62952,62953,1,6
62946,62952,62953,1,6
62946,62952,62953,1,6
62946,62952,62953,1,6
62946,62953,62954,1,7
62946,62953,62954,1,7
62946,62953,62954,1,7
62946,62953,62954,1,7
62946,62953,62954,1,7
62946,62953,62954,1,7
62946,62953,62954,1,7
62946,62953,62954,1,7
62946,62953,62954,1,7
62946,62953,62954,1,7
62946,62954,62955,1,8
62946,62953,62955,2,7
62946,62953,62954,1,7
62946,62953,62954,1,7
62946,62954,62955,1,8
62946,62954,62955,1,8
62946,62954,62955,1,8
62946,62955,62959,4,9
62946,62961,62962,1,15
62946,62961,62963,2,15
62327,62337,63041,704,10
63042,63042,63043,1,0
63042,63042,63043,1,0
63042,63042,63043,1,0
63042,63042,63043,1,0
63042,63042,63043,1,0
63042,63042,63043,1,0
63042,63042,63043,1,0
63042,63042,63043,1,0
63042,63042,63043,1,0
63042,63042,63043,1,0
63042,63042,63044,2,0
63042,63042,63044,2,0
63042,63042,63043,1,0
63042,63042,63044,2,0
63042,63042,63044,2,0
63042,63042,63043,1,0
63042,63043,63045,2,1
63042,63043,63045,2,1
63042,63043,63045,2,1
63042,63043,63045,2,1
63042,63043,63045,2,1
63042,63043,63045,2,1
63042,63043,63045,2,1
63042,63043,63045,2,1
63042,63043,63045,2,1
63042,63044,63045,1,2
63042,63044,63046,2,2
63042,63044,63046,2,2
63042,63044,63046,2,2
63042,63044,63046,2,2
63042,63044,63046,2,2
63042,63045,63047,2,3
63042,63045,63047,2,3
63042,63045,63047,2,3
63042,63044,63047,3,2
63042,63046,63047,1,4
63042,63046,63047,1,4
63042,63046,63047,1,4
63042,63046,63047,1,4
63042,63046,63047,1,4
63042,63046,63047,1,4
63042,63046,63047,1,4
63042,63046,63048,2,4
63042,63047,63048,1,5
63042,63047,63048,1,5
63042,63047,63048,1,5
63042,63048,63049,1,6
63042,63048,63049,1,6
63042,63048,63049,1,6
63042,63048,63049,1,6
63042,63048,63049,1,6
63042,63047,63048,1,5
63042,63048,63049,1,6
63042,63048,63049,1,6
63042,63047,63049,2,5
63042,63048,63049,1,6
63042,63049,63050,1,7
63042,63049,63050,1,7
63042,63048,63049,1,6
63042,63049,63050,1,7
63042,63049,63050,1,7
63042,63049,63050,1,7
63042,63049,63050,1,7
63042,63049,63050,1,7
63042,63050,63051,1,8
63042,63050,63051,1,8
63042,63050,63051,1,8
63042,63050,63051,1,8
63042,63050,63051,1,8
63042,63050,63051,1,8
63042,63050,63051,1,8
63042,63048,63052,4,6
63042,63050,63051,1,8
63042,63050,63051,1,8
63042,63051,63052,1,9
63042,63051,63052,1,9
63042,63051,63052,1,9
63042,63051,63052,1,9
63042,63051,63052,1,9
63042,63051,63052,1,9
63042,63051,63052,1,9
63042,63051,63052,1,9
63042,63051,63052,1,9
63042,63051,63052,1,9
63042,63051,63052,1,9
63042,63052,63053,1,10
63042,63052,63053,1,10
63042,63052,63053,1,10
63042,63052,63053,1,10
63042,63052,63053,1,10
62567,62575,63063,488,8
63064,63064,63065,1,0
63064,63064,63065,1,0
63064,63064,63065,1,0
63064,63064,63065,1,0
63064,63064,63065,1,0
63064,63064,63065,1,0
63064,63064,63065,1,0
63064,63064,63065,1,0
63064,63064,63065,1,0
63064,63064,63065,1,0
63064,63064,63065,1,0
63064,63064,63065,1,0
63064,63064,63066,2,0
63064,63064,63065,1,0
63064,63064,63065,1,0
63064,63065,63066,1,1
63064,63064,63065,1,0
63064,63065,63067,2,1
63064,63065,63067,2,1
63064,63065,63067,2,1
63064,63065,63067,2,1
63064,63065,63067,2,1
63064,63065,63067,2,1
63064,63065,63067,2,1
63064,63065,63067,2,1
63064,63065,63067,2,1
63042,63043,63067,24,1
63064,63066,63068,2,2
63064,63065,63067,2,1
63064,63066,63068,2,2
63064,63066,63069,3,2
63064,63066,63069,3,2
63064,63067,63069,2,3
63064,63067,63069,2,3
63064,63067,63069,2,3
63064,63067,63069,2,3
63064,63067,63069,2,3
63064,63066,63069,3,2
63064,63068,63069,1,4
63064,63067,63069,2,3
63064,63065,63069,4,1
63064,63068,63070,2,4
62341,62349,63070,721,8
63064,63069,63070,1,5
63064,63067,63070,3,3
63064,63069,63070,1,5
63064,63069,63071,2,5
63064,63069,63071,2,5
63064,63069,63071,2,5
63064,63070,63071,1,6
63064,63070,63071,1,6
63064,63070,63071,1,6
63064,63070,63071,1,6
63064,63070,63071,1,6
63064,63071,63072,1,7
63064,63071,63072,1,7
63064,63071,63072,1,7
63064,63071,63072,1,7
63064,63071,63072,1,7
63064,63072,63073,1,8
63064,63072,63073,1,8
63064,63071,63072,1,7
63064,63072,63073,1,8
63064,63072,63073,1,8
63064,63072,63073,1,8
63064,63071,63073,2,7
63064,63073,63074,1,9
63064,63073,63074,1,9
63064,63073,63074,1,9
63064,63073,63074,1,9
63064,63073,63074,1,9
63064,63073,63074,1,9
63085,63085,63086,1,0
63085,63085,63086,1,0
63085,63085,63086,1,0
63085,63085,63086,1,0
63085,63085,63086,1,0
63085,63085,63086,1,0
63085,63085,63086,1,0
63085,63085,63086,1,0
63085,63085,63086,1,0
63085,63085,63086,1,0
63085,63085,63086,1,0
63085,63085,63086,1,0
63085,63085,63087,2,0
63085,63086,63087,1,1
63085,63086,63087,1,1
63085,63086,63087,1,1
63085,63087,63088,1,2
63085,63087,63088,1,2
63085,63087,63088,1,2
63085,63087,63088,1,2
63085,63087,63088,1,2
63085,63087,63089,2,2
63085,63087,63088,1,2
63085,63087,63088,1,2
63085,63087,63088,1,2
63085,63088,63089,1,3
63085,63088,63089,1,3
63085,63088,63089,1,3
63085,63087,63089,2,2
63085,63088,63089,1,3
63085,63088,63090,2,3
63085,63088,63090,2,3
63085,63089,63090,1,4
63085,63089,63090,1,4
63085,63089,63090,1,4
63085,63089,63090,1,4
63085,63089,63090,1,4
63085,63089,63090,1,4
63085,63089,63091,2,4
63085,63089,63090,1,4
63085,63089,63090,1,4
63085,63090,63091,1,5
63085,63090,63091,1,5
63085,63088,63090,2,3
63085,63091,63092,1,6
63085,63091,63092,1,6
63085,63090,63091,1,5
63085,63090,63091,1,5
63085,63090,63091,1,5
63085,63091,63092,1,6
63085,63091,63092,1,6
63085,63091,63092,1,6
63085,63092,63093,1,7
63085,63092,63093,1,7
63085,63091,63092,1,6
63085,63091,63092,1,6
63085,63091,63092,1,6
63085,63091,63092,1,6
63085,63091,63092,1,6
63085,63092,63093,1,7
63085,63092,63093,1,7
63085,63092,63093,1,7
63085,63092,63093,1,7
63085,63093,63094,1,8
63085,63092,63093,1,7
63085,63093,63094,1,8
63085,63093,63094,1,8
63085,63093,63094,1,8
63085,63093,63094,1,8
63085,63093,63094,1,8
63085,63093,63094,1,8
63085,63093,63094,1,8
63085,63094,63095,1,9
63085,63094,63095,1,9
63085,63093,63094,1,8
63085,63094,63095,1,9
63085,63094,63095,1,9
63085,63094,63095,1,9
63085,63094,63095,1,9
63085,63094,63095,1,9
63085,63094,63095,1,9
63085,63094,63095,1,9
63085,63095,63096,1,10
63085,63092,63096,4,7
63085,63095,63096,1,10
62661,62671,63151,480,10
63153,63153,63154,1,0
63153,63153,63154,1,0
63153,63153,63154,1,0
63153,63153,63154,1,0
63153,63153,63154,1,0
63153,63153,63154,1,0
63153,63153,63154,1,0
63153,63153,63154,1,0
63153,63153,63154,1,0
63153,63153,63154,1,0
63153,63153,63154,1,0
63153,63153,63154,1,0
63153,63153,63154,1,0
63153,63154,63155,1,1
63153,63153,63155,2,0
63153,63154,63155,1,1
63153,63154,63156,2,1
63153,63155,63156,1,2
63153,63155,63156,1,2
63153,63155,63156,1,2
63153,63155,63156,1,2
63153,63155,63156,1,2
63153,63155,63156,1,2
63153,63156,63157,1,3
63153,63155,63157,2,2
63153,63155,63157,2,2
63153,63154,63157,3,1
63153,63156,63157,1,3
63153,63156,63157,1,3
63153,63156,63157,1,3
63153,63156,63157,1,3
63153,63157,63158,1,4
63153,63156,63157,1,3
63153,63156,63157,1,3
63153,63157,63159,2,4
63153,63157,63159,2,4
63153,63157,63158,1,4
63153,63157,63158,1,4
63153,63157,63158,1,4
63153,63156,63159,3,3
63153,63158,63159,1,5
63153,63158,63159,1,5
63153,63157,63159,2,4
63153,63158,63159,1,5
63153,63158,63159,1,5
63153,63158,63159,1,5
63153,63158,63159,1,5
63153,63158,63159,1,5
63153,63158,63160,2,5
63153,63158,63160,2,5
63153,63158,63160,2,5
63153,63159,63160,1,6
63153,63159,63161,2,6
63153,63159,63160,1,6
63153,63159,63160,1,6
63153,63160,63161,1,7
63153,63160,63161,1,7
63153,63159,63161,2,6
63153,63160,63162,2,7
63153,63160,63161,1,7
63153,63160,63161,1,7
63153,63160,63161,1,7
63153,63160,63161,1,7
63153,63160,63161,1,7
63153,63160,63162,2,7
63153,63161,63163,2,8
63153,63161,63162,1,8
63153,63162,63163,1,9
63153,63162,63163,1,9
63153,63161,63162,1,8
63153,63161,63162,1,8
63153,63161,63162,1,8
63153,63162,63163,1,9
63153,63162,63163,1,9
63153,63161,63162,1,8
63153,63162,63163,1,9
63153,63162,63163,1,9
63153,63161,63163,2,8
63153,63163,63164,1,10
63153,63162,63163,1,9
63153,63162,63163,1,9
63153,63163,63164,1,10
63153,63163,63164,1,10
63153,63163,63164,1,10
63153,63163,63164,1,10
62406,62413,63164,751,7
63153,63163,63164,1,10
63153,63163,63165,2,10
63165,63166,63167,1,1
63165,63166,63167,1,1
63165,63166,63167,1,1
63165,63166,63167,1,1
63165,63166,63167,1,1
63165,63166,63167,1,1
63165,63166,63168,2,1
63165,63166,63168,2,1
63165,63167,63168,1,2
63165,63167,63168,1,2
63165,63167,63169,2,2
63165,63167,63168,1,2
63165,63167,63168,1,2
63165,63167,63169,2,2
63165,63167,63169,2,2
63165,63167,63169,2,2
63165,63167,63169,2,2
63165,63168,63170,2,3
63165,63168,63170,2,3
63165,63168,63170,2,3
63165,63168,63170,2,3
63165,63168,63170,2,3
63165,63169,63170,1,4
63165,63169,63170,1,4
63165,63169,63170,1,4
63165,63169,63170,1,4
63165,63169,63170,1,4
63165,63168,63171,3,3
63165,63169,63171,2,4
63165,63170,63171,1,5
63165,63170,63171,1,5
63165,63171,63172,1,6
63165,63171,63172,1,6
63165,63171,63172,1,6
63165,63171,63172,1,6
63165,63170,63171,1,5
63165,63170,63171,1,5
63165,63170,63171,1,5
63165,63171,63172,1,6
63165,63171,63172,1,6
63165,63169,63172,3,4
63165,63171,63172,1,6
63165,63171,63172,1,6
63165,63172,63173,1,7
63165,63172,63173,1,7
63165,63172,63173,1,7
63165,63172,63173,1,7
63165,63172,63173,1,7
63165,63172,63173,1,7
63165,63172,63173,1,7
63165,63172,63173,1,7
63165,63172,63173,1,7
63165,63173,63174,1,8
63165,63173,63174,1,8
63165,63172,63173,1,7
63165,63173,63174,1,8
63165,63173,63174,1,8
63165,63173,63174,1,8
63165,63173,63174,1,8
63165,63173,63174,1,8
63165,63174,63175,1,9
63165,63174,63175,1,9
63165,63173,63174,1,8
63165,63174,63175,1,9
63165,63174,63175,1,9
63165,63174,63175,1,9
63165,63174,63175,1,9
63165,63174,63175,1,9
63165,63174,63175,1,9
63165,63174,63175,1,9
63165,63174,63175,1,9
63165,63174,63175,1,9
63165,63175,63176,1,10
63165,63174,63175,1,9
63165,63175,63176,1,10
63165,63174,63175,1,9
63165,63175,63176,1,10
63165,63175,63176,1,10
63165,63175,63176,1,10
63165,63175,63176,1,10
63165,63175,63176,1,10
62438,62447,63194,747,9
62703,62715,63198,483,12
63202,63202,63203,1,0
63202,63202,63203,1,0
63202,63202,63203,1,0
63202,63202,63203,1,0
63202,63202,63204,2,0
63202,63203,63204,1,1
63202,63203,63204,1,1
63202,63202,63203,1,0
63202,63203,63204,1,1
63202,63203,63204,1,1
63202,63203,63204,1,1
63202,63203,63204,1,1
63202,63202,63203,1,0
63202,63202,63204,2,0
63202,63202,63204,2,0
63202,63203,63204,1,1
63202,63203,63204,1,1
63202,63204,63205,1,2
63202,63204,63205,1,2
63202,63203,63204,1,1
63202,63203,63204,1,1
63202,63203,63204,1,1
63202,63203,63204,1,1
63202,63204,63205,1,2
63202,63204,63205,1,2
63202,63204,63205,1,2
63202,63204,63205,1,2
63202,63205,63206,1,3
63202,63205,63206,1,3
63202,63205,63206,1,3
63202,63205,63206,1,3
63202,63205,63206,1,3
63202,63205,63206,1,3
63202,63205,63206,1,3
63202,63205,63206,1,3
63202,63205,63206,1,3
63202,63205,63206,1,3
63202,63205,63206,1,3
63202,63205,63206,1,3
63202,63204,63205,1,2
63202,63204,63205,1,2
63202,63205,63206,1,3
63202,63206,63207,1,4
63202,63205,63206,1,3
63202,63205,63206,1,3
63202,63205,63206,1,3
63202,63206,63207,1,4
63202,63206,63207,1,4
63202,63206,63207,1,4
63202,63206,63207,1,4
63202,63206,63207,1,4
63202,63206,63207,1,4
63202,63206,63207,1,4
63202,63206,63207,1,4
63202,63206,63207,1,4
63202,63206,63207,1,4
63202,63206,63207,1,4
63202,63206,63207,1,4
63202,63206,63207,1,4
63202,63207,63208,1,5
63202,63207,63208,1,5
63202,63207,63208,1,5
63202,63207,63208,1,5
63202,63207,63208,1,5
63202,63207,63208,1,5
63202,63207,63208,1,5
63202,63207,63208,1,5
63202,63207,63208,1,5
63202,63207,63208,1,5
63202,63207,63208,1,5
63202,63207,63208,1,5
63202,63207,63208,1,5
63202,63207,63208,1,5
63202,63208,63209,1,6
63202,63207,63208,1,5
63202,63208,63209,1,6
63202,63208,63209,1,6
63202,63208,63209,1,6
63202,63207,63208,1,5
63202,63208,63209,1,6
63202,63208,63209,1,6
63202,63208,63209,1,6
63202,63208,63209,1,6
63202,63208,63209,1,6
63202,63208,63209,1,6
63202,63208,63209,1,6
63202,63208,63209,1,6
63202,63208,63209,1,6
63202,63208,63209,1,6
63202,63209,63210,1,7
63202,63209,63210,1,7
63202,63209,63210,1,7
63202,63209,63210,1,7
63202,63209,63210,1,7
63202,63209,63210,1,7
63202,63209,63210,1,7
63202,63207,63210,3,5
63202,63210,63211,1,8
63202,63210,63211,1,8
63202,63210,63211,1,8
63202,63210,63212,2,8
63202,63210,63212,2,8
63202,63210,63212,2,8
63202,63210,63212,2,8
63202,63211,63212,1,9
63202,63211,63212,1,9
63202,63211,63212,1,9
63202,63211,63212,1,9
63202,63210,63213,3,8
63202,63210,63213,3,8
63202,63210,63213,3,8
63202,63210,63213,3,8
62478,62484,63214,730,6
63202,63211,63213,2,9
63202,63212,63214,2,10
63202,63212,63214,2,10
63202,63212,63214,2,10
63202,63213,63214,1,11
63202,63213,63214,1,11
63202,63213,63214,1,11
63202,63213,63214,1,11
63202,63212,63214,2,10
63202,63212,63214,2,10
63202,63213,63215,2,11
63202,63213,63215,2,11
63202,63213,63215,2,11
63202,63213,63215,2,11
63202,63214,63215,1,12
63202,63214,63215,1,12
63202,63213,63215,2,11
63202,63214,63216,2,12
63202,63214,63216,2,12
63202,63213,63216,3,11
63202,63215,63216,1,13
63202,63215,63216,1,13
63202,63215,63216,1,13
63202,63215,63216,1,13
63202,63215,63216,1,13
63202,63215,63216,1,13
63202,63215,63216,1,13
63202,63215,63217,2,13
63202,63216,63217,1,14
63202,63216,63217,1,14
63202,63215,63217,2,13
63202,63215,63217,2,13
63202,63207,63216,9,5
63202,63217,63218,1,15
63202,63217,63218,1,15
63202,63217,63218,1,15
63202,63217,63218,1,15
63202,63216,63217,1,14
63202,63216,63217,1,14
63202,63216,63218,2,14
63202,63216,63218,2,14
63202,63218,63219,1,16
63202,63218,63219,1,16
63202,63218,63219,1,16
63202,63218,63219,1,16
63202,63217,63218,1,15
63202,63217,63218,1,15
63202,63218,63219,1,16
63202,63217,63219,2,15
63202,63218,63219,1,16
63202,63218,63219,1,16
63202,63217,63219,2,15
63202,63219,63220,1,17
63202,63219,63220,1,17
63202,63219,63220,1,17
63202,63219,63220,1,17
63202,63217,63219,2,15
63202,63218,63219,1,16
63202,63218,63219,1,16
63202,63219,63220,1,17
63202,63219,63220,1,17
63202,63219,63220,1,17
63202,63219,63220,1,17
63202,63219,63220,1,17
63215,63220,63221,1,5
63215,63220,63221,1,5
63215,63220,63221,1,5
63215,63220,63221,1,5
63215,63220,63221,1,5
63215,63220,63221,1,5
63215,63220,63221,1,5
63215,63220,63221,1,5
63215,63220,63221,1,5
63215,63221,63222,1,6
63202,63217,63221,4,15
63215,63221,63222,1,6
63215,63221,63222,1,6
63215,63221,63222,1,6
63215,63221,63222,1,6
63215,63221,63222,1,6
63215,63222,63223,1,7
63215,63222,63223,1,7
63215,63222,63223,1,7
63202,63219,63222,3,17
63215,63222,63223,1,7
63215,63222,63223,1,7
63215,63222,63223,1,7
63215,63222,63223,1,7
63215,63220,63223,3,5
63215,63222,63223,1,7
63215,63222,63224,2,7
63215,63222,63223,1,7
63215,63222,63223,1,7
63215,63222,63224,2,7
63215,63222,63223,1,7
63215,63223,63224,1,8
63215,63223,63224,1,8
63215,63223,63224,1,8
63215,63223,63224,1,8
63215,63222,63223,1,7
63215,63224,63225,1,9
63215,63224,63225,1,9
63215,63225,63226,1,10
63215,63225,63226,1,10
63215,63224,63226,2,9
63215,63225,63226,1,10
63215,63225,63226,1,10
63215,63225,63226,1,10
63215,63224,63226,2,9
63215,63224,63226,2,9
63215,63223,63227,4,8
63215,63225,63226,1,10
63215,63225,63226,1,10
63215,63226,63227,1,11
63215,63226,63227,1,11
63215,63226,63227,1,11
63215,63226,63227,1,11
63215,63227,63228,1,12
63215,63227,63228,1,12
63215,63227,63228,1,12
63215,63227,63228,1,12
63215,63227,63228,1,12
63215,63227,63228,1,12
63215,63227,63228,1,12
63215,63224,63228,4,9
63215,63226,63227,1,11
63215,63227,63228,1,12
63215,63227,63228,1,12
63215,63228,63229,1,13
63215,63228,63229,1,13
63215,63228,63229,1,13
63215,63228,63229,1,13
63215,63228,63229,1,13
63215,63228,63229,1,13
63215,63228,63229,1,13
63215,63228,63229,1,13
63215,63229,63230,1,14
63215,63229,63230,1,14
63215,63229,63230,1,14
62509,62516,63230,714,7
63215,63229,63230,1,14
63215,63229,63230,1,14
63215,63229,63231,2,14
63215,63228,63232,4,13
63251,63251,63252,1,0
63251,63251,63252,1,0
63251,63251,63252,1,0
63251,63251,63252,1,0
63251,63252,63253,1,1
63251,63251,63252,1,0
63251,63251,63252,1,0
63251,63251,63252,1,0
63251,63252,63253,1,1
63251,63252,63253,1,1
63251,63251,63253,2,0
63251,63252,63253,1,1
63251,63252,63253,1,1
63251,63252,63253,1,1
63251,63252,63253,1,1
63251,63252,63253,1,1
63251,63252,63253,1,1
63251,63252,63253,1,1
63251,63252,63253,1,1
63251,63252,63253,1,1
63251,63253,63254,1,2
63251,63253,63255,2,2
63251,63253,63255,2,2
63251,63253,63255,2,2
63251,63253,63254,1,2
63251,63253,63254,1,2
63251,63254,63255,1,3
63251,63254,63256,2,3
63251,63254,63256,2,3
63251,63254,63255,1,3
63251,63255,63256,1,4
63251,63254,63256,2,3
63251,63254,63255,1,3
63251,63254,63255,1,3
63251,63255,63256,1,4
63251,63255,63256,1,4
63251,63251,63255,4,0
63251,63256,63257,1,5
63251,63254,63256,2,3
63251,63254,63256,2,3
63251,63256,63257,1,5
63251,63256,63257,1,5
63251,63254,63256,2,3
63251,63255,63256,1,4
63251,63255,63256,1,4
63251,63255,63256,1,4
63251,63256,63257,1,5
63251,63256,63257,1,5
63251,63256,63257,1,5
63251,63256,63257,1,5
63251,63257,63258,1,6
63251,63256,63257,1,5
63251,63256,63257,1,5
63251,63257,63258,1,6
63251,63257,63258,1,6
63251,63257,63258,1,6
63251,63257,63258,1,6
63251,63256,63257,1,5
63251,63257,63258,1,6
63251,63257,63258,1,6
63251,63257,63258,1,6
63251,63257,63258,1,6
63251,63257,63258,1,6
63251,63257,63258,1,6
63251,63257,63258,1,6
63251,63258,63259,1,7
63251,63257,63258,1,6
63251,63257,63258,1,6
63251,63258,63259,1,7
63251,63258,63259,1,7
63251,63258,63259,1,7
63251,63258,63259,1,7
63251,63258,63259,1,7
63251,63259,63260,1,8
63251,63258,63259,1,7
63251,63259,63260,1,8
63251,63259,63260,1,8
63251,63259,63260,1,8
63251,63258,63259,1,7
63251,63259,63260,1,8
63251,63258,63259,1,7
63251,63258,63260,2,7
63251,63258,63259,1,7
63251,63259,63260,1,8
63251,63259,63260,1,8
63251,63259,63260,1,8
63251,63258,63260,2,7
63251,63259,63261,2,8
63251,63259,63260,1,8
62559,62566,63274,708,7
63280,63280,63281,1,0
63280,63280,63281,1,0
63280,63280,63281,1,0
63280,63280,63281,1,0
63280,63280,63281,1,0
63280,63280,63281,1,0
63280,63280,63281,1,0
63280,63280,63281,1,0
63280,63280,63281,1,0
63280,63280,63281,1,0
63280,63280,63281,1,0
63280,63280,63281,1,0
63280,63280,63281,1,0
63280,63281,63282,1,1
63280,63280,63281,1,0
63280,63280,63281,1,0
63280,63280,63281,1,0
63280,63281,63282,1,1
63280,63281,63282,1,1
63280,63281,63283,2,1
63280,63281,63282,1,1
63280,63281,63282,1,1
63280,63281,63283,2,1
63280,63281,63283,2,1
63280,63281,63283,2,1
63280,63281,63283,2,1
63280,63281,63283,2,1
63280,63281,63283,2,1
63280,63280,63283,3,0
63280,63282,63284,2,2
63280,63282,63284,2,2
63280,63282,63284,2,2
63280,63282,63284,2,2
63280,63282,63284,2,2
63280,63284,63285,1,4
63280,63283,63285,2,3
63280,63283,63285,2,3
63280,63283,63285,2,3
63280,63283,63285,2,3
63280,63283,63285,2,3
63280,63283,63285,2,3
63280,63283,63285,2,3
63280,63283,63285,2,3
63280,63283,63285,2,3
63280,63283,63285,2,3
63280,63283,63285,2,3
63280,63283,63285,2,3
63280,63285,63286,1,5
63280,63285,63286,1,5
63280,63285,63286,1,5
63280,63285,63286,1,5
63280,63285,63286,1,5
63280,63284,63286,2,4
63280,63285,63286,1,5
63280,63285,63286,1,5
63280,63285,63286,1,5
63280,63284,63286,2,4
63280,63284,63286,2,4
63280,63285,63286,1,5
63280,63285,63287,2,5
63280,63286,63287,1,6
63280,63285,63287,2,5
63280,63285,63286,1,5
63280,63286,63287,1,6
63280,63286,63287,1,6
63280,63286,63287,1,6
63280,63286,63287,1,6
63280,63285,63287,2,5
63280,63285,63286,1,5
63280,63286,63287,1,6
63280,63287,63288,1,7
63280,63287,63288,1,7
63280,63287,63288,1,7
63280,63287,63288,1,7
63280,63287,63288,1,7
63280,63287,63288,1,7
63280,63287,63288,1,7
63280,63287,63288,1,7
63280,63286,63288,2,6
63280,63288,63289,1,8
63280,63287,63288,1,7
63280,63288,63289,1,8
63280,63288,63289,1,8
63280,63288,63289,1,8
63280,63289,63290,1,9
62595,62597,63299,702,2
63307,63307,63308,1,0
63307,63307,63308,1,0
63307,63307,63308,1,0
63307,63307,63308,1,0
63307,63307,63308,1,0
63307,63307,63308,1,0
63307,63307,63308,1,0
63307,63307,63308,1,0
63307,63307,63308,1,0
63307,63307,63308,1,0
63307,63307,63308,1,0
63307,63308,63309,1,1
63307,63307,63309,2,0
63307,63308,63309,1,1
63307,63308,63309,1,1
63307,63308,63309,1,1
63307,63308,63310,2,1
63307,63308,63310,2,1
63307,63308,63310,2,1
63307,63308,63309,1,1
63307,63308,63310,2,1
63307,63308,63310,2,1
63307,63308,63309,1,1
63307,63308,63310,2,1
63307,63308,63310,2,1
63307,63309,63311,2,2
63307,63309,63311,2,2
63307,63309,63310,1,2
63307,63310,63311,1,3
63307,63310,63311,1,3
63307,63309,63311,2,2
63307,63310,63311,1,3
63307,63308,63310,2,1
63307,63311,63312,1,4
63307,63310,63311,1,3
63307,63311,63312,1,4
63307,63310,63311,1,3
63307,63310,63311,1,3
63307,63311,63312,1,4
63307,63310,63312,2,3
63307,63310,63311,1,3
63307,63310,63312,2,3
63307,63310,63311,1,3
63307,63310,63312,2,3
63307,63310,63312,2,3
63307,63311,63312,1,4
63307,63311,63312,1,4
63307,63311,63312,1,4
63307,63311,63312,1,4
63307,63311,63312,1,4
63307,63312,63313,1,5
63307,63312,63313,1,5
63307,63312,63313,1,5
63307,63312,63313,1,5
63307,63312,63313,1,5
63307,63312,63313,1,5
63307,63312,63313,1,5
63307,63312,63313,1,5
63307,63312,63313,1,5
63307,63312,63313,1,5
63307,63312,63313,1,5
63307,63312,63313,1,5
63307,63312,63313,1,5
63307,63312,63313,1,5
63307,63312,63313,1,5
63307,63313,63314,1,6
63307,63313,63314,1,6
63307,63313,63314,1,6
63307,63313,63314,1,6
63307,63313,63314,1,6
63307,63313,63314,1,6
63307,63313,63314,1,6
63307,63313,63314,1,6
63307,63313,63314,1,6
63307,63313,63314,1,6
63307,63313,63314,1,6
63307,63314,63315,1,7
63307,63314,63315,1,7
63307,63314,63315,1,7
63307,63314,63315,1,7
63307,63314,63315,1,7
63307,63314,63315,1,7
63307,63313,63314,1,6
62582,62597,63338,741,15
63339,63339,63340,1,0
63339,63339,63340,1,0
63339,63339,63340,1,0
63339,63339,63340,1,0
63339,63339,63340,1,0
63339,63339,63340,1,0
63339,63339,63340,1,0
63339,63339,63340,1,0
63339,63339,63340,1,0
63339,63339,63340,1,0
63339,63339,63340,1,0
63339,63339,63340,1,0
63339,63339,63340,1,0
63339,63340,63341,1,1
63339,63339,63341,2,0
63339,63340,63341,1,1
63339,63340,63342,2,1
63339,63341,63342,1,2
63339,63341,63342,1,2
63339,63341,63343,2,2
63339,63341,63342,1,2
63339,63341,63342,1,2
63339,63341,63342,1,2
63339,63340,63342,2,1
63339,63341,63342,1,2
63339,63341,63342,1,2
63339,63341,63342,1,2
63339,63341,63342,1,2
63339,63341,63342,1,2
63339,63341,63342,1,2
63339,63341,63343,2,2
63339,63342,63344,2,3
63339,63343,63344,1,4
63339,63343,63344,1,4
63339,63343,63344,1,4
63339,63343,63344,1,4
63339,63343,63344,1,4
63339,63343,63344,1,4
63339,63343,63344,1,4
63339,63342,63345,3,3
63339,63343,63345,2,4
63339,63343,63344,1,4
63339,63343,63344,1,4
63339,63343,63344,1,4
63339,63343,63344,1,4
63339,63343,63344,1,4
63339,63343,63344,1,4
63339,63345,63346,1,6
63339,63345,63346,1,6
63339,63345,63346,1,6
63339,63345,63346,1,6
63339,63345,63346,1,6
63339,63345,63346,1,6
63339,63345,63346,1,6
63339,63345,63346,1,6
63339,63345,63346,1,6
63339,63345,63346,1,6
63339,63345,63346,1,6
63339,63344,63347,3,5
63339,63345,63346,1,6
63339,63346,63347,1,7
63339,63346,63347,1,7
63339,63346,63347,1,7
63339,63346,63347,1,7
63339,63346,63347,1,7
63339,63346,63347,1,7
63339,63347,63348,1,8
63339,63347,63348,1,8
63339,63347,63348,1,8
63339,63345,63347,2,6
63339,63347,63348,1,8
63339,63347,63348,1,8
63339,63347,63348,1,8
63339,63347,63348,1,8
63339,63347,63348,1,8
63339,63347,63348,1,8
63339,63347,63349,2,8
63339,63347,63348,1,8
62654,62661,63362,701,7
63364,63364,63365,1,0
63364,63364,63365,1,0
63364,63364,63365,1,0
63364,63364,63365,1,0
63364,63364,63365,1,0
63364,63364,63365,1,0
63364,63364,63365,1,0
63364,63364,63365,1,0
63364,63364,63365,1,0
63364,63364,63365,1,0
63364,63364,63365,1,0
63364,63364,63365,1,0
63364,63364,63365,1,0
63364,63364,63365,1,0
63364,63365,63366,1,1
63364,63365,63366,1,1
63364,63365,63366,1,1
63364,63365,63366,1,1
63364,63364,63365,1,0
63364,63364,63366,2,0
63364,63365,63367,2,1
62873,62881,63367,486,8
63364,63365,63366,1,1
63364,63365,63367,2,1
63364,63365,63367,2,1
63364,63365,63366,1,1
63364,63365,63366,1,1
63364,63365,63366,1,1
63364,63365,63366,1,1
63364,63366,63367,1,2
63364,63366,63367,1,2
63364,63365,63367,2,1
63364,63365,63367,2,1
63364,63366,63367,1,2
63364,63366,63367,1,2
63364,63367,63368,1,3
63364,63367,63368,1,3
63364,63367,63368,1,3
63364,63367,63368,1,3
63364,63367,63368,1,3
63364,63367,63368,1,3
63364,63367,63368,1,3
63364,63366,63367,1,2
63364,63366,63368,2,2
63364,63368,63369,1,4
63364,63367,63368,1,3
63364,63368,63369,1,4
63364,63368,63369,1,4
63364,63367,63368,1,3
63364,63368,63369,1,4
63364,63367,63368,1,3
63364,63367,63368,1,3
63364,63367,63368,1,3
63364,63367,63369,2,3
63364,63368,63369,1,4
63364,63368,63369,1,4
63364,63368,63370,2,4
63364,63368,63369,1,4
63364,63368,63369,1,4
63364,63369,63370,1,5
63364,63368,63370,2,4
63364,63369,63370,1,5
63364,63367,63371,4,3
63364,63369,63371,2,5
63364,63369,63370,1,5
63364,63369,63371,2,5
63364,63369,63371,2,5
63364,63369,63370,1,5
63364,63369,63370,1,5
63364,63369,63370,1,5
63364,63370,63371,1,6
63364,63369,63371,2,5
63364,63370,63371,1,6
63364,63370,63371,1,6
63364,63370,63371,1,6
63364,63370,63371,1,6
63364,63369,63371,2,5
63364,63371,63372,1,7
63364,63371,63372,1,7
63364,63371,63372,1,7
63364,63371,63372,1,7
63364,63371,63372,1,7
63364,63371,63372,1,7
63364,63371,63373,2,7
63364,63372,63373,1,8
63364,63371,63372,1,7
63364,63372,63373,1,8
63368,63373,63374,1,5
63368,63373,63374,1,5
63368,63373,63374,1,5
63368,63373,63375,2,5
63368,63373,63375,2,5
63368,63374,63375,1,6
63368,63374,63375,1,6
63368,63374,63375,1,6
63368,63374,63375,1,6
63368,63374,63375,1,6
63368,63374,63375,1,6
63368,63374,63375,1,6
63368,63374,63375,1,6
63368,63374,63376,2,6
63368,63374,63376,2,6
63368,63374,63376,2,6
63368,63374,63376,2,6
63368,63374,63376,2,6
63368,63374,63376,2,6
63368,63376,63377,1,8
63368,63376,63377,1,8
63368,63376,63377,1,8
63368,63376,63377,1,8
63368,63376,63377,1,8
63368,63376,63377,1,8
63368,63376,63378,2,8
63368,63376,63378,2,8
63368,63375,63378,3,7
63368,63376,63378,2,8
63368,63376,63378,2,8
63368,63377,63379,2,9
63368,63377,63379,2,9
63368,63377,63379,2,9
63368,63377,63379,2,9
63368,63378,63379,1,10
63368,63375,63379,4,7
63368,63378,63379,1,10
63368,63378,63379,1,10
63368,63378,63379,1,10
63368,63378,63379,1,10
63368,63378,63379,1,10
63368,63378,63379,1,10
63368,63378,63379,1,10
63368,63378,63379,1,10
63368,63379,63380,1,11
63368,63379,63380,1,11
63368,63378,63380,2,10
63368,63379,63380,1,11
63368,63380,63381,1,12
63368,63380,63381,1,12
63368,63380,63381,1,12
63368,63380,63381,1,12
63368,63380,63381,1,12
63368,63380,63381,1,12
63368,63379,63380,1,11
63368,63379,63380,1,11
63368,63379,63381,2,11
63368,63381,63382,1,13
63368,63381,63382,1,13
63368,63381,63382,1,13
63368,63381,63382,1,13
63368,63381,63382,1,13
63368,63381,63382,1,13
63368,63380,63381,1,12
63368,63380,63381,1,12
63368,63380,63381,1,12
63368,63380,63381,1,12
63368,63381,63382,1,13
63368,63381,63382,1,13
63368,63380,63382,2,12
63368,63381,63382,1,13
63368,63382,63383,1,14
63368,63382,63383,1,14
63368,63382,63383,1,14
63364,63371,63382,11,7
63368,63382,63383,1,14
63368,63382,63383,1,14
63368,63382,63383,1,14
63368,63382,63383,1,14
63368,63382,63383,1,14
63368,63382,63383,1,14
63368,63382,63383,1,14
63368,63382,63383,1,14
63368,63382,63383,1,14
63368,63382,63383,1,14
63368,63383,63384,1,15
63368,63383,63384,1,15
63368,63383,63384,1,15
63368,63380,63397,17,12
62698,62705,63421,716,7
63424,63424,63425,1,0
63424,63424,63425,1,0
63424,63424,63425,1,0
63424,63424,63425,1,0
63424,63424,63425,1,0
63424,63424,63425,1,0
63424,63424,63425,1,0
63424,63424,63425,1,0
63424,63424,63425,1,0
63424,63424,63425,1,0
63424,63424,63425,1,0
63424,63425,63426,1,1
63424,63424,63425,1,0
63424,63424,63425,1,0
63424,63424,63425,1,0
63424,63425,63426,1,1
63424,63425,63427,2,1
63424,63425,63427,2,1
63424,63425,63426,1,1
63424,63425,63427,2,1
63424,63425,63427,2,1
63424,63425,63427,2,1
63424,63425,63427,2,1
63424,63425,63427,2,1
63424,63425,63427,2,1
63424,63426,63427,1,2
63424,63426,63428,2,2
63424,63425,63427,2,1
63424,63426,63428,2,2
63424,63426,63428,2,2
63424,63426,63428,2,2
63424,63427,63429,2,3
63424,63426,63429,3,2
63424,63427,63429,2,3
63424,63427,63429,2,3
63424,63427,63429,2,3
63424,63427,63429,2,3
63424,63427,63429,2,3
63424,63428,63430,2,4
63424,63428,63430,2,4
63424,63427,63430,3,3
63424,63427,63429,2,3
63424,63427,63430,3,3
63424,63427,63430,3,3
63424,63429,63431,2,5
63424,63429,63431,2,5
63424,63429,63431,2,5
63424,63429,63431,2,5
63424,63429,63431,2,5
63424,63429,63431,2,5
63424,63429,63431,2,5
63424,63428,63431,3,4
63424,63428,63431,3,4
63424,63429,63432,3,5
63424,63429,63432,3,5
63424,63430,63431,1,6
63424,63430,63432,2,6
63424,63430,63432,2,6
63424,63430,63432,2,6
63424,63430,63432,2,6
63424,63430,63432,2,6
63424,63432,63433,1,8
63424,63431,63433,2,7
63424,63431,63432,1,7
63424,63431,63433,2,7
63424,63431,63433,2,7
63424,63431,63433,2,7
63424,63431,63433,2,7
63424,63431,63433,2,7
63424,63431,63433,2,7
63424,63432,63433,1,8
63424,63433,63434,1,9
63424,63433,63434,1,9
63424,63432,63434,2,8
63424,63432,63434,2,8
63424,63434,63435,1,10
63424,63433,63434,1,9
63424,63433,63434,1,9
63424,63433,63434,1,9
63424,63433,63434,1,9
63424,63434,63435,1,10
63424,63432,63434,2,8
63424,63434,63435,1,10
63424,63433,63435,2,9
63424,63433,63434,1,9
63424,63434,63435,1,10
63424,63433,63435,2,9
63424,63434,63435,1,10
63424,63434,63435,1,10
63424,63434,63435,1,10
63424,63435,63436,1,11
62947,62954,63437,483,7
63454,63454,63455,1,0
63454,63454,63455,1,0
63454,63454,63455,1,0
63454,63454,63455,1,0
63454,63454,63455,1,0
63454,63454,63455,1,0
63454,63454,63456,2,0
63454,63454,63456,2,0
63454,63454,63456,2,0
63454,63454,63455,1,0
63454,63454,63455,1,0
63454,63455,63456,1,1
63454,63455,63456,1,1
63454,63455,63456,1,1
63454,63455,63456,1,1
63454,63455,63456,1,1
63454,63455,63456,1,1
63454,63455,63456,1,1
63454,63455,63456,1,1
63454,63456,63457,1,2
63454,63455,63456,1,1
63454,63455,63456,1,1
63454,63455,63456,1,1
63454,63455,63456,1,1
63454,63456,63457,1,2
63454,63456,63458,2,2
63454,63456,63457,1,2
63454,63456,63457,1,2
63454,63457,63458,1,3
63454,63457,63458,1,3
63454,63457,63458,1,3
63454,63457,63458,1,3
63454,63457,63458,1,3
63454,63457,63458,1,3
63454,63457,63458,1,3
63454,63456,63458,2,2
63454,63458,63459,1,4
63454,63457,63458,1,3
63454,63457,63458,1,3
63454,63457,63458,1,3
63454,63458,63459,1,4
63454,63458,63459,1,4
63454,63457,63459,2,3
63454,63457,63458,1,3
63454,63458,63459,1,4
63454,63458,63459,1,4
63454,63458,63459,1,4
63454,63458,63459,1,4
63454,63458,63459,1,4
63454,63459,63460,1,5
63454,63458,63459,1,4
63454,63459,63460,1,5
63454,63459,63460,1,5
63454,63459,63460,1,5
63454,63459,63460,1,5
63454,63459,63460,1,5
63454,63459,63460,1,5
63454,63459,63460,1,5
63454,63459,63460,1,5
63454,63459,63460,1,5
63454,63459,63460,1,5
63454,63459,63460,1,5
63454,63460,63461,1,6
63454,63459,63461,2,5
63454,63459,63460,1,5
63454,63460,63461,1,6
63454,63460,63461,1,6
63454,63460,63461,1,6
63454,63460,63461,1,6
63454,63460,63461,1,6
63454,63460,63461,1,6
63454,63460,63461,1,6
63454,63460,63461,1,6
63454,63460,63461,1,6
63454,63460,63461,1,6
63454,63460,63461,1,6
63454,63460,63461,1,6
63454,63460,63461,1,6
63454,63461,63462,1,7
63454,63461,63462,1,7
63454,63461,63462,1,7
63454,63461,63462,1,7
63454,63461,63462,1,7
63454,63461,63462,1,7
63454,63461,63462,1,7
63454,63461,63462,1,7
63454,63461,63462,1,7
63454,63461,63462,1,7
63454,63461,63462,1,7
63454,63461,63462,1,7
63454,63461,63466,5,7
63044,63052,63534,482,8
63537,63537,63538,1,0
63537,63537,63538,1,0
63537,63537,63538,1,0
63537,63537,63538,1,0
63537,63537,63538,1,0
63537,63537,63538,1,0
63537,63537,63538,1,0
63537,63538,63539,1,1
63537,63537,63538,1,0
63537,63538,63539,1,1
63537,63538,63539,1,1
63537,63538,63539,1,1
63537,63538,63539,1,1
63537,63538,63539,1,1
63537,63538,63539,1,1
63537,63538,63539,1,1
63537,63538,63539,1,1
63537,63538,63539,1,1
63537,63539,63540,1,2
63537,63539,63540,1,2
63537,63539,63540,1,2
63537,63539,63540,1,2
63537,63539,63540,1,2
63537,63539,63540,1,2
63537,63540,63541,1,3
63537,63540,63541,1,3
63537,63540,63541,1,3
63537,63539,63541,2,2
63537,63539,63541,2,2
63537,63540,63541,1,3
63537,63540,63541,1,3
63537,63540,63541,1,3
63537,63540,63541,1,3
63537,63540,63541,1,3
63537,63540,63541,1,3
63537,63541,63542,1,4
63537,63542,63543,1,5
63537,63541,63542,1,4
63537,63541,63542,1,4
63537,63541,63542,1,4
63537,63541,63542,1,4
63537,63542,63543,1,5
63537,63542,63543,1,5
63537,63542,63543,1,5
63537,63542,63543,1,5
63537,63542,63543,1,5
63537,63542,63543,1,5
63537,63543,63544,1,6
63537,63542,63544,2,5
63537,63542,63543,1,5
62813,62820,63544,724,7
63537,63540,63543,3,3
63537,63543,63544,1,6
63537,63543,63544,1,6
63537,63543,63544,1,6
63537,63543,63544,1,6
63537,63543,63544,1,6
63537,63543,63544,1,6
63537,63543,63544,1,6
63537,63543,63544,1,6
63537,63543,63544,1,6
63537,63543,63544,1,6
63537,63544,63545,1,7
63537,63543,63544,1,6
63537,63543,63544,1,6
63537,63543,63544,1,6
63537,63544,63545,1,7
63537,63544,63545,1,7
63537,63544,63545,1,7
63537,63544,63545,1,7
63537,63544,63545,1,7
63537,63544,63545,1,7
63537,63544,63545,1,7
63537,63544,63545,1,7
63537,63544,63545,1,7
63537,63545,63546,1,8
63537,63544,63546,2,7
63537,63545,63546,1,8
63537,63544,63545,1,7
63537,63545,63546,1,8
63537,63545,63546,1,8
63537,63545,63546,1,8
63537,63544,63546,2,7
63537,63544,63545,1,7
63537,63545,63546,1,8
63537,63545,63546,1,8
63545,63545,63546,1,0
63537,63545,63546,1,8
63545,63545,63546,1,0
63537,63545,63546,1,8
63545,63545,63546,1,0
63545,63545,63546,1,0
63545,63546,63547,1,1
63545,63546,63547,1,1
63545,63546,63547,1,1
63545,63546,63547,1,1
63545,63546,63547,1,1
63545,63546,63547,1,1
63545,63546,63547,1,1
63545,63546,63547,1,1
63545,63546,63547,1,1
63545,63546,63547,1,1
63545,63546,63547,1,1
63545,63546,63548,2,1
63545,63546,63547,1,1
63545,63547,63548,1,2
63545,63547,63548,1,2
63545,63548,63549,1,3
63545,63548,63549,1,3
63545,63548,63549,1,3
63545,63548,63549,1,3
63545,63548,63549,1,3
63545,63547,63549,2,2
63545,63547,63549,2,2
63545,63547,63549,2,2
63545,63547,63550,3,2
63545,63547,63549,2,2
63545,63547,63549,2,2
63545,63547,63549,2,2
63545,63547,63550,3,2
63545,63549,63550,1,4
63545,63549,63550,1,4
63545,63548,63551,3,3
63545,63548,63550,2,3
63545,63550,63551,1,5
63545,63550,63551,1,5
63545,63550,63551,1,5
63545,63550,63551,1,5
63545,63550,63551,1,5
63545,63550,63552,2,5
63545,63550,63552,2,5
63545,63550,63552,2,5
63545,63550,63552,2,5
63545,63550,63552,2,5
63545,63550,63552,2,5
63545,63550,63552,2,5
63545,63551,63552,1,6
63545,63552,63553,1,7
63545,63552,63553,1,7
63545,63552,63553,1,7
63545,63551,63552,1,6
63545,63552,63553,1,7
63545,63552,63553,1,7
63545,63550,63552,2,5
63545,63551,63553,2,6
63545,63551,63553,2,6
63545,63553,63554,1,8
63545,63553,63554,1,8
63545,63553,63554,1,8
63545,63553,63554,1,8
63545,63553,63554,1,8
63545,63553,63554,1,8
63545,63553,63554,1,8
63545,63552,63553,1,7
63545,63552,63554,2,7
63545,63552,63554,2,7
63545,63552,63554,2,7
63545,63552,63554,2,7
63545,63552,63554,2,7
63545,63552,63554,2,7
63545,63554,63555,1,9
63545,63554,63555,1,9
63545,63554,63555,1,9
63545,63554,63555,1,9
63545,63554,63555,1,9
63545,63554,63555,1,9
63545,63554,63555,1,9
63545,63553,63554,1,8
63545,63554,63555,1,9
63545,63554,63555,1,9
63545,63553,63554,1,8
63545,63554,63555,1,9
63545,63555,63556,1,10
63545,63553,63555,2,8
63545,63555,63556,1,10
63545,63555,63556,1,10
63545,63555,63556,1,10
63545,63554,63555,1,9
63545,63555,63556,1,10
62903,62911,63623,712,8
63625,63625,63626,1,0
63625,63625,63626,1,0
63625,63625,63626,1,0
63625,63625,63626,1,0
63625,63625,63626,1,0
63625,63625,63626,1,0
63625,63625,63626,1,0
63625,63626,63627,1,1
63625,63626,63627,1,1
63625,63626,63627,1,1
63625,63626,63627,1,1
63625,63626,63628,2,1
63625,63627,63628,1,2
63625,63627,63628,1,2
63625,63627,63628,1,2
63625,63627,63628,1,2
63625,63627,63628,1,2
63625,63627,63628,1,2
63625,63627,63628,1,2
63625,63627,63628,1,2
63625,63625,63629,4,0
63625,63628,63629,1,3
63625,63628,63629,1,3
63625,63628,63629,1,3
63625,63628,63629,1,3
63625,63628,63630,2,3
63625,63628,63630,2,3
63625,63629,63631,2,4
63625,63629,63630,1,4
63625,63629,63630,1,4
63625,63629,63631,2,4
63625,63629,63630,1,4
63625,63629,63630,1,4
63625,63629,63630,1,4
63625,63628,63630,2,3
63625,63629,63631,2,4
62905,62921,63631,710,16
63625,63631,63632,1,6
63625,63630,63631,1,5
63625,63630,63631,1,5
63625,63630,63631,1,5
63625,63631,63632,1,6
63625,63631,63632,1,6
63625,63631,63632,1,6
63625,63629,63631,2,4
63625,63630,63632,2,5
63625,63630,63632,2,5
63625,63631,63632,1,6
63625,63631,63632,1,6
63625,63631,63632,1,6
63625,63631,63632,1,6
63625,63632,63633,1,7
63625,63632,63633,1,7
63625,63631,63632,1,6
63625,63631,63632,1,6
63625,63631,63632,1,6
63625,63632,63633,1,7
63625,63632,63633,1,7
63625,63633,63634,1,8
63625,63632,63633,1,7
63625,63632,63633,1,7
63625,63632,63633,1,7
63625,63632,63633,1,7
63625,63633,63634,1,8
63625,63632,63633,1,7
63625,63633,63634,1,8
63625,63633,63634,1,8
63625,63633,63634,1,8
63625,63633,63634,1,8
63625,63633,63634,1,8
63625,63633,63634,1,8
63625,63634,63635,1,9
63625,63634,63635,1,9
63625,63634,63635,1,9
63625,63634,63635,1,9
63625,63634,63635,1,9
63625,63634,63635,1,9
63625,63634,63635,1,9
63625,63634,63635,1,9
63625,63635,63636,1,10
63625,63635,63636,1,10
63625,63635,63636,1,10
63633,63635,63636,1,2
63633,63635,63636,1,2
63633,63635,63636,1,2
63633,63635,63636,1,2
63633,63635,63636,1,2
63633,63635,63636,1,2
63633,63635,63636,1,2
63625,63633,63636,3,8
63625,63635,63636,1,10
63633,63636,63637,1,3
63633,63636,63637,1,3
63633,63635,63636,1,2
63633,63636,63637,1,3
63633,63636,63637,1,3
63633,63636,63637,1,3
63633,63637,63638,1,4
63633,63636,63638,2,3
63633,63636,63637,1,3
63633,63636,63638,2,3
63633,63636,63637,1,3
63633,63636,63638,2,3
63633,63636,63638,2,3
63633,63636,63638,2,3
63633,63637,63639,2,4
63633,63637,63638,1,4
63633,63637,63638,1,4
63633,63637,63638,1,4
63633,63638,63639,1,5
63633,63638,63639,1,5
63633,63637,63638,1,4
63633,63638,63639,1,5
63633,63638,63639,1,5
63633,63638,63639,1,5
63633,63638,63639,1,5
63633,63637,63639,2,4
63633,63638,63639,1,5
63633,63638,63639,1,5
63633,63639,63640,1,6
63633,63639,63640,1,6
63633,63639,63640,1,6
63633,63638,63640,2,5
63633,63638,63640,2,5
63633,63638,63640,2,5
63633,63639,63641,2,6
63633,63639,63640,1,6
63633,63639,63640,1,6
63633,63639,63640,1,6
63633,63639,63640,1,6
63633,63639,63641,2,6
63633,63639,63641,2,6
63633,63639,63641,2,6
63633,63640,63641,1,7
63633,63640,63641,1,7
63633,63640,63641,1,7
63633,63640,63641,1,7
63633,63641,63642,1,8
63633,63641,63642,1,8
63633,63641,63642,1,8
63633,63641,63642,1,8
63633,63640,63641,1,7
63633,63640,63641,1,7
63633,63640,63642,2,7
63633,63640,63641,1,7
63633,63641,63642,1,8
63633,63641,63642,1,8
63633,63641,63642,1,8
63633,63641,63642,1,8
63633,63642,63643,1,9
63633,63642,63643,1,9
63633,63642,63643,1,9
63633,63642,63643,1,9
63633,63642,63643,1,9
63633,63641,63642,1,8
63633,63642,63643,1,9
63633,63641,63642,1,8
63633,63641,63642,1,8
63633,63643,63644,1,10
63633,63643,63644,1,10
63154,63163,63644,481,9
63633,63643,63644,1,10
63633,63643,63644,1,10
63633,63643,63644,1,10
63633,63643,63644,1,10
63633,63643,63644,1,10
63633,63641,63645,4,8
62930,62938,63645,707,8
63633,63643,63644,1,10
63633,63643,63644,1,10
63633,63643,63645,2,10
63633,63643,63644,1,10
63633,63644,63645,1,11
63656,63656,63657,1,0
63656,63656,63657,1,0
63656,63656,63657,1,0
63656,63656,63657,1,0
63656,63656,63657,1,0
63656,63656,63657,1,0
63656,63656,63657,1,0
63656,63656,63657,1,0
63656,63656,63657,1,0
63656,63656,63657,1,0
63656,63656,63657,1,0
63656,63656,63657,1,0
63656,63656,63657,1,0
63656,63656,63657,1,0
63656,63656,63657,1,0
63656,63656,63658,2,0
63656,63656,63658,2,0
63656,63657,63659,2,1
63656,63657,63659,2,1
63656,63656,63659,3,0
63656,63657,63659,2,1
63656,63657,63658,1,1
63656,63657,63658,1,1
63656,63657,63659,2,1
63656,63657,63658,1,1
63656,63657,63658,1,1
63656,63657,63659,2,1
63656,63657,63659,2,1
63656,63657,63659,2,1
63656,63657,63659,2,1
63656,63659,63660,1,3
63656,63658,63660,2,2
63656,63658,63660,2,2
63656,63658,63660,2,2
63656,63658,63660,2,2
63656,63659,63661,2,3
63656,63659,63661,2,3
63656,63659,63661,2,3
63656,63659,63661,2,3
63656,63659,63661,2,3
63656,63659,63661,2,3
63656,63659,63661,2,3
63656,63660,63661,1,4
63656,63661,63662,1,5
63656,63661,63662,1,5
63656,63661,63662,1,5
63656,63660,63661,1,4
63656,63662,63663,1,6
63656,63662,63663,1,6
63656,63662,63663,1,6
63656,63661,63662,1,5
63656,63662,63663,1,6
63656,63661,63663,2,5
63656,63662,63663,1,6
63656,63662,63663,1,6
63656,63662,63663,1,6
63656,63662,63663,1,6
63656,63663,63664,1,7
63656,63663,63664,1,7
63656,63662,63663,1,6
63656,63663,63664,1,7
63656,63663,63664,1,7
63656,63663,63664,1,7
63656,63663,63664,1,7
63656,63663,63664,1,7
63656,63664,63665,1,8
63656,63664,63665,1,8
63656,63664,63665,1,8
63656,63664,63665,1,8
63656,63664,63665,1,8
63656,63664,63665,1,8
63656,63664,63665,1,8
63656,63664,63665,1,8
63656,63665,63666,1,9
63656,63665,63666,1,9
63656,63665,63666,1,9
63656,63665,63666,1,9
63656,63664,63666,2,8
63656,63666,63667,1,10
63656,63666,63667,1,10
63656,63666,63667,1,10
63656,63665,63666,1,9
63656,63665,63666,1,9
63656,63665,63666,1,9
63656,63666,63667,1,10
63656,63666,63667,1,10
63656,63665,63667,2,9
63656,63665,63666,1,9
63656,63665,63667,2,9
63656,63665,63667,2,9
63656,63666,63667,1,10
63656,63666,63667,1,10
63656,63666,63667,1,10
63656,63666,63667,1,10
63656,63667,63668,1,11
63656,63667,63668,1,11
63656,63667,63668,1,11
63656,63666,63667,1,10
63656,63667,63668,1,11
63656,63667,63668,1,11
63656,63667,63668,1,11
63656,63667,63668,1,11
63656,63667,63668,1,11
63656,63668,63669,1,12
63656,63668,63669,1,12
63656,63668,63669,1,12
63656,63668,63669,1,12
63656,63667,63668,1,11
63656,63668,63669,1,12
63656,63668,63669,1,12
63656,63668,63669,1,12
63656,63668,63669,1,12
63656,63668,63669,1,12
63656,63667,63669,2,11
63656,63667,63669,2,11
63656,63667,63669,2,11
63656,63668,63669,1,12
63656,63668,63669,1,12
63656,63668,63669,1,12
63656,63669,63670,1,13
63656,63669,63670,1,13
63656,63669,63670,1,13
63656,63669,63670,1,13
63656,63669,63670,1,13
63656,63669,63670,1,13
63656,63669,63670,1,13
63656,63669,63670,1,13
63656,63669,63670,1,13
63656,63669,63670,1,13
63656,63669,63670,1,13
63656,63669,63670,1,13
63656,63669,63670,1,13
63656,63668,63671,3,12
63656,63670,63671,1,14
63656,63670,63671,1,14
63656,63670,63671,1,14
63656,63670,63671,1,14
63656,63670,63671,1,14
63656,63670,63671,1,14
63656,63670,63671,1,14
63167,63175,63670,495,8
63656,63670,63671,1,14
63656,63670,63671,1,14
63656,63670,63671,1,14
63656,63670,63671,1,14
63656,63670,63671,1,14
63656,63671,63672,1,15
63656,63671,63672,1,15
63656,63671,63672,1,15
63656,63671,63672,1,15
63656,63671,63672,1,15
63656,63671,63672,1,15
63656,63670,63672,2,14
63656,63670,63671,1,14
63656,63670,63671,1,14
63656,63671,63672,1,15
63656,63671,63672,1,15
63656,63671,63672,1,15
63656,63671,63672,1,15
63656,63671,63672,1,15
63656,63671,63672,1,15
63656,63671,63672,1,15
63691,63691,63692,1,0
63691,63691,63692,1,0
63691,63691,63692,1,0
63691,63691,63692,1,0
63691,63691,63692,1,0
63691,63691,63692,1,0
63691,63691,63692,1,0
63691,63691,63692,1,0
63691,63691,63692,1,0
63691,63691,63692,1,0
63691,63691,63692,1,0
63691,63691,63692,1,0
63691,63691,63692,1,0
63691,63691,63692,1,0
63691,63691,63692,1,0
63691,63691,63693,2,0
63691,63692,63693,1,1
63691,63691,63693,2,0
63691,63692,63693,1,1
63691,63692,63693,1,1
63691,63692,63693,1,1
63691,63692,63693,1,1
63691,63692,63694,2,1
63691,63692,63693,1,1
63691,63692,63693,1,1
63691,63692,63694,2,1
63691,63692,63693,1,1
63691,63692,63693,1,1
63691,63693,63694,1,2
63691,63693,63694,1,2
63691,63693,63694,1,2
63691,63693,63694,1,2
63691,63692,63693,1,1
63691,63693,63694,1,2
63691,63693,63694,1,2
63691,63693,63694,1,2
63691,63693,63695,2,2
63691,63694,63695,1,3
63691,63694,63695,1,3
63691,63694,63695,1,3
63691,63694,63695,1,3
63691,63694,63695,1,3
63691,63694,63695,1,3
63691,63694,63695,1,3
63691,63693,63695,2,2
63691,63694,63696,2,3
63691,63691,63696,5,0
63691,63694,63695,1,3
63691,63695,63696,1,4
63691,63695,63696,1,4
63691,63694,63696,2,3
63691,63696,63697,1,5
63691,63696,63697,1,5
63691,63695,63696,1,4
63691,63696,63697,1,5
63691,63697,63698,1,6
63691,63697,63698,1,6
63691,63697,63698,1,6
63691,63698,63699,1,7
63252,63259,63729,470,7
63730,63731,63732,1,1
63730,63731,63732,1,1
63730,63731,63732,1,1
63730,63731,63732,1,1
63730,63731,63732,1,1
63730,63732,63733,1,2
63730,63731,63732,1,1
63730,63731,63733,2,1
63730,63731,63733,2,1
63730,63733,63734,1,3
63730,63732,63733,1,2
63730,63732,63733,1,2
63730,63732,63733,1,2
63730,63733,63734,1,3
63730,63734,63735,1,4
63730,63733,63734,1,3
63730,63733,63734,1,3
63730,63733,63734,1,3
63730,63733,63734,1,3
63730,63733,63734,1,3
63730,63732,63734,2,2
63730,63733,63734,1,3
63730,63734,63735,1,4
63730,63734,63735,1,4
63730,63734,63735,1,4
63730,63735,63736,1,5
63730,63735,63736,1,5
63730,63735,63736,1,5
63730,63735,63736,1,5
63730,63735,63736,1,5
63730,63735,63736,1,5
63730,63735,63736,1,5
63730,63737,63738,1,7
63730,63737,63738,1,7
63730,63735,63737,2,5
63730,63737,63738,1,7
63730,63737,63738,1,7
63730,63736,63737,1,6
63730,63737,63738,1,7
63730,63736,63737,1,6
63730,63737,63738,1,7
63730,63737,63738,1,7
63730,63737,63738,1,7
63730,63737,63738,1,7
63730,63738,63739,1,8
63730,63738,63739,1,8
63730,63738,63739,1,8
63730,63738,63739,1,8
63730,63739,63740,1,9
63730,63738,63739,1,8
63730,63739,63740,1,9
63730,63739,63740,1,9
63730,63739,63740,1,9
63730,63739,63740,1,9
63730,63738,63740,2,8
63730,63739,63740,1,9
63730,63739,63740,1,9
63730,63736,63740,4,6
63730,63740,63741,1,10
63730,63740,63741,1,10
63730,63740,63741,1,10
63730,63740,63741,1,10
63730,63740,63741,1,10
63730,63739,63740,1,9
63730,63740,63741,1,10
63730,63740,63741,1,10
63730,63740,63741,1,10
63730,63741,63742,1,11
63730,63741,63742,1,11
63730,63740,63742,2,10
63730,63741,63745,4,11
63730,63735,63747,12,5
63065,63074,63785,711,9
63788,63788,63789,1,0
63788,63788,63789,1,0
63788,63788,63789,1,0
63788,63788,63789,1,0
63788,63788,63789,1,0
63788,63788,63789,1,0
63788,63788,63789,1,0
63788,63788,63789,1,0
63788,63788,63789,1,0
63788,63788,63789,1,0
63788,63788,63790,2,0
63087,63095,63789,694,8
63788,63788,63790,2,0
63788,63789,63790,1,1
63788,63789,63790,1,1
63788,63789,63790,1,1
63788,63788,63789,1,0
63788,63789,63790,1,1
63788,63789,63790,1,1
63788,63789,63790,1,1
63788,63789,63790,1,1
63788,63789,63790,1,1
63788,63789,63791,2,1
63788,63789,63791,2,1
63788,63789,63791,2,1
63788,63789,63791,2,1
63788,63790,63792,2,2
63788,63790,63792,2,2
63788,63791,63792,1,3
63788,63791,63792,1,3
63788,63791,63792,1,3
63788,63790,63792,2,2
63788,63791,63792,1,3
63788,63791,63792,1,3
63788,63791,63792,1,3
63788,63791,63792,1,3
63788,63791,63792,1,3
63788,63791,63792,1,3
63788,63791,63793,2,3
63788,63791,63793,2,3
63788,63791,63793,2,3
63788,63791,63792,1,3
63788,63791,63793,2,3
63788,63793,63794,1,5
63788,63793,63794,1,5
63788,63793,63794,1,5
63788,63792,63794,2,4
63788,63792,63794,2,4
63788,63793,63794,1,5
63788,63793,63794,1,5
63788,63793,63794,1,5
63788,63792,63793,1,4
63788,63792,63794,2,4
63788,63792,63794,2,4
63788,63792,63793,1,4
63788,63788,63794,6,0
63788,63794,63795,1,6
63788,63794,63795,1,6
63788,63794,63795,1,6
63788,63793,63795,2,5
63788,63793,63795,2,5
63788,63794,63795,1,6
63788,63794,63795,1,6
63788,63794,63795,1,6
63788,63793,63795,2,5
63788,63793,63795,2,5
63788,63793,63795,2,5
63788,63795,63796,1,7
63788,63795,63796,1,7
63788,63794,63795,1,6
63788,63794,63795,1,6
63788,63795,63796,1,7
63788,63795,63796,1,7
63788,63794,63796,2,6
63788,63795,63796,1,7
63788,63794,63796,2,6
63788,63795,63797,2,7
63788,63796,63797,1,8
63788,63796,63797,1,8
63788,63796,63797,1,8
63788,63796,63797,1,8
63788,63796,63797,1,8
63788,63797,63798,1,9
63792,63797,63798,1,5
63788,63796,63797,1,8
63788,63797,63798,1,9
63792,63798,63799,1,6
63792,63798,63799,1,6
63792,63798,63799,1,6
63792,63799,63800,1,7
63788,63796,63799,3,8
63792,63799,63800,1,7
63792,63799,63800,1,7
63792,63799,63800,1,7
63792,63800,63801,1,8
63792,63799,63800,1,7
63792,63799,63800,1,7
63792,63799,63800,1,7
63792,63799,63800,1,7
63792,63799,63800,1,7
63792,63799,63800,1,7
63792,63799,63801,2,7
63792,63799,63800,1,7
63792,63799,63800,1,7
63792,63799,63800,1,7
63792,63799,63800,1,7
63792,63799,63800,1,7
63792,63801,63802,1,9
63792,63800,63802,2,8
63792,63801,63802,1,9
63792,63801,63802,1,9
63792,63801,63802,1,9
63792,63801,63802,1,9
63792,63801,63802,1,9
63792,63801,63802,1,9
63792,63801,63802,1,9
63792,63801,63802,1,9
63792,63801,63802,1,9
63792,63801,63802,1,9
63792,63801,63802,1,9
63792,63801,63802,1,9
63792,63802,63803,1,10
63792,63801,63802,1,9
63792,63801,63802,1,9
63792,63802,63803,1,10
63792,63801,63802,1,9
63792,63802,63803,1,10
63792,63802,63803,1,10
63792,63803,63804,1,11
63792,63803,63804,1,11
63792,63803,63804,1,11
63792,63803,63804,1,11
63792,63803,63804,1,11
63792,63802,63803,1,10
63792,63802,63803,1,10
63792,63803,63804,1,11
63792,63803,63804,1,11
63792,63803,63804,1,11
63792,63803,63804,1,11
63792,63804,63805,1,12
63792,63804,63805,1,12
63792,63803,63804,1,11
63792,63803,63804,1,11
63792,63803,63804,1,11
63792,63803,63804,1,11
63792,63804,63805,1,12
63792,63804,63805,1,12
63792,63804,63805,1,12
63792,63804,63805,1,12
63792,63804,63805,1,12
63792,63803,63804,1,11
63792,63804,63805,1,12
63792,63805,63806,1,13
63792,63805,63806,1,13
63792,63805,63806,1,13
63792,63805,63806,1,13
63792,63804,63805,1,12
63792,63805,63806,1,13
63792,63805,63806,1,13
63792,63805,63806,1,13
63792,63805,63806,1,13
63792,63805,63806,1,13
63792,63805,63806,1,13
63792,63805,63806,1,13
63792,63805,63806,1,13
63792,63805,63806,1,13
63792,63805,63806,1,13
63792,63806,63807,1,14
63792,63805,63806,1,13
63369,63383,63851,468,14
63852,63852,63853,1,0
63852,63852,63853,1,0
63852,63852,63853,1,0
63852,63852,63853,1,0
63852,63852,63853,1,0
63852,63852,63853,1,0
63852,63852,63853,1,0
63852,63852,63853,1,0
63852,63852,63854,2,0
63852,63852,63853,1,0
63852,63852,63854,2,0
63852,63852,63854,2,0
63852,63852,63853,1,0
63852,63853,63855,2,1
63852,63852,63855,3,0
63852,63852,63854,2,0
63852,63853,63855,2,1
63852,63853,63855,2,1
63852,63853,63855,2,1
63852,63853,63855,2,1
63852,63853,63855,2,1
63852,63853,63855,2,1
63852,63854,63856,2,2
63852,63853,63856,3,1
63852,63854,63856,2,2
63852,63855,63857,2,3
63852,63855,63857,2,3
63852,63855,63857,2,3
63852,63855,63857,2,3
63852,63855,63857,2,3
63852,63855,63857,2,3
63852,63854,63857,3,2
63852,63856,63857,1,4
63852,63856,63857,1,4
63852,63856,63857,1,4
63852,63856,63857,1,4
63852,63856,63857,1,4
63852,63856,63857,1,4
63852,63856,63857,1,4
63852,63857,63858,1,5
63852,63857,63859,2,5
63852,63858,63859,1,6
63852,63856,63859,3,4
63852,63858,63859,1,6
63852,63857,63859,2,5
63852,63858,63860,2,6
63852,63858,63859,1,6
63852,63858,63859,1,6
63852,63858,63859,1,6
63852,63858,63859,1,6
63852,63858,63859,1,6
63852,63858,63859,1,6
63852,63858,63859,1,6
63852,63857,63860,3,5
63852,63858,63860,2,6
63852,63859,63860,1,7
63852,63857,63860,3,5
63852,63859,63861,2,7
63852,63860,63861,1,8
63852,63860,63861,1,8
63852,63860,63861,1,8
63852,63860,63861,1,8
63852,63860,63861,1,8
63852,63861,63862,1,9
63852,63861,63862,1,9
63852,63861,63862,1,9
63852,63860,63861,1,8
63852,63862,63863,1,10
63852,63862,63863,1,10
63852,63862,63863,1,10
63852,63862,63863,1,10
63852,63862,63863,1,10
63852,63861,63863,2,9
63852,63862,63863,1,10
63852,63863,63864,1,11
63852,63863,63864,1,11
63852,63862,63865,3,10
63216,63229,63921,692,13
63923,63923,63924,1,0
63923,63923,63924,1,0
63923,63923,63924,1,0
63923,63923,63924,1,0
63923,63923,63924,1,0
63923,63923,63924,1,0
63923,63923,63924,1,0
63923,63923,63924,1,0
63923,63923,63924,1,0
63923,63923,63924,1,0
63923,63923,63924,1,0
63923,63923,63924,1,0
63923,63923,63924,1,0
63923,63923,63924,1,0
63923,63923,63924,1,0
63923,63923,63924,1,0
63923,63924,63925,1,1
63923,63924,63925,1,1
63923,63924,63925,1,1
63923,63924,63925,1,1
63923,63924,63925,1,1
63923,63924,63925,1,1
63923,63923,63925,2,0
63923,63924,63925,1,1
63923,63925,63926,1,2
63923,63924,63926,2,1
63923,63924,63925,1,1
63923,63924,63925,1,1
63923,63925,63926,1,2
63923,63924,63925,1,1
63923,63925,63926,1,2
63923,63925,63926,1,2
63923,63925,63926,1,2
63923,63925,63926,1,2
63923,63925,63926,1,2
63923,63926,63927,1,3
63923,63925,63926,1,2
63923,63925,63926,1,2
63923,63926,63927,1,3
63923,63925,63926,1,2
63923,63925,63926,1,2
63923,63926,63927,1,3
63923,63926,63927,1,3
63923,63926,63927,1,3
63923,63926,63927,1,3
63923,63926,63927,1,3
63923,63926,63927,1,3
63923,63926,63927,1,3
63923,63926,63928,2,3
63923,63927,63928,1,4
63923,63927,63928,1,4
63923,63927,63928,1,4
63923,63926,63928,2,3
63923,63926,63928,2,3
63923,63927,63928,1,4
63923,63927,63928,1,4
63923,63927,63928,1,4
63923,63927,63928,1,4
63923,63927,63928,1,4
63923,63927,63929,2,4
63923,63927,63928,1,4
63923,63927,63929,2,4
63923,63928,63929,1,5
63923,63928,63929,1,5
63923,63928,63929,1,5
63923,63928,63929,1,5
63923,63927,63929,2,4
63923,63927,63929,2,4
63923,63928,63929,1,5
63923,63929,63930,1,6
63923,63929,63930,1,6
63923,63929,63930,1,6
63923,63928,63929,1,5
63923,63929,63930,1,6
63923,63930,63931,1,7
63923,63930,63931,1,7
63923,63930,63931,1,7
63923,63929,63930,1,6
63923,63930,63931,1,7
63923,63930,63931,1,7
63923,63930,63931,1,7
63923,63930,63932,2,7
63203,63220,63943,723,17
63946,63946,63947,1,0
63946,63946,63947,1,0
63946,63946,63947,1,0
63946,63946,63947,1,0
63946,63946,63947,1,0
63946,63946,63947,1,0
63946,63946,63947,1,0
63946,63946,63947,1,0
63946,63946,63947,1,0
63946,63946,63947,1,0
63946,63946,63947,1,0
63946,63946,63947,1,0
63946,63946,63947,1,0
63946,63946,63947,1,0
63946,63947,63948,1,1
63946,63946,63947,1,0
63946,63947,63948,1,1
63946,63947,63948,1,1
63946,63947,63948,1,1
63946,63947,63948,1,1
63946,63947,63948,1,1
63946,63947,63948,1,1
63946,63947,63948,1,1
63946,63947,63949,2,1
63946,63947,63949,2,1
63946,63947,63948,1,1
63946,63947,63949,2,1
63946,63947,63948,1,1
63946,63947,63948,1,1
63946,63948,63950,2,2
63946,63948,63950,2,2
63946,63948,63950,2,2
63946,63948,63950,2,2
63946,63948,63950,2,2
63946,63948,63950,2,2
63946,63948,63950,2,2
63946,63948,63950,2,2
63946,63949,63950,1,3
63946,63949,63951,2,3
63946,63949,63951,2,3
63946,63950,63951,1,4
63946,63948,63950,2,2
63946,63949,63950,1,3
63946,63949,63951,2,3
63946,63949,63951,2,3
63946,63950,63951,1,4
63946,63950,63951,1,4
63946,63950,63951,1,4
63946,63950,63951,1,4
63946,63950,63951,1,4
63946,63950,63951,1,4
63946,63951,63952,1,5
63946,63951,63952,1,5
63946,63951,63952,1,5
63946,63951,63952,1,5
63946,63951,63952,1,5
63946,63951,63952,1,5
63946,63951,63952,1,5
63946,63951,63952,1,5
63946,63951,63952,1,5
63946,63952,63953,1,6
63946,63952,63953,1,6
63946,63952,63953,1,6
63946,63953,63954,1,7
63946,63953,63954,1,7
63946,63953,63954,1,7
63946,63953,63954,1,7
63946,63953,63955,2,7
63946,63953,63954,1,7
63946,63954,63955,1,8
63946,63951,63956,5,5
63205,63220,63958,738,15
63969,63969,63970,1,0
63969,63969,63970,1,0
63969,63969,63970,1,0
63969,63969,63970,1,0
63969,63969,63970,1,0
63969,63969,63970,1,0
63969,63969,63970,1,0
63969,63969,63970,1,0
63969,63969,63970,1,0
63969,63969,63971,2,0
63969,63969,63970,1,0
63969,63970,63971,1,1
63969,63970,63971,1,1
63969,63969,63970,1,0
63969,63969,63970,1,0
63969,63969,63971,2,0
63969,63970,63971,1,1
63969,63970,63972,2,1
63969,63970,63972,2,1
63969,63970,63971,1,1
63969,63970,63971,1,1
63969,63970,63971,1,1
63969,63970,63971,1,1
63969,63970,63972,2,1
63969,63970,63972,2,1
63969,63969,63972,3,0
63969,63971,63973,2,2
63969,63971,63973,2,2
63969,63971,63972,1,2
63969,63971,63973,2,2
63969,63971,63973,2,2
63969,63971,63973,2,2
63969,63972,63974,2,3
63969,63972,63974,2,3
63969,63972,63973,1,3
63969,63972,63974,2,3
63969,63972,63974,2,3
63969,63972,63973,1,3
63969,63972,63974,2,3
63969,63972,63974,2,3
63969,63973,63974,1,4
63969,63973,63974,1,4
63969,63974,63975,1,5
63969,63971,63974,3,2
63969,63973,63975,2,4
63969,63972,63974,2,3
63969,63973,63975,2,4
63969,63974,63975,1,5
63969,63974,63975,1,5
63969,63973,63974,1,4
63969,63974,63975,1,5
63969,63974,63975,1,5
63969,63973,63975,2,4
63969,63974,63975,1,5
63969,63974,63975,1,5
63969,63975,63976,1,6
63969,63974,63976,2,5
63969,63975,63976,1,6
63969,63975,63976,1,6
63969,63975,63976,1,6
63969,63975,63976,1,6
63969,63975,63976,1,6
63969,63975,63976,1,6
63969,63975,63976,1,6
63969,63975,63976,1,6
63969,63976,63977,1,7
63969,63975,63977,2,6
63969,63975,63976,1,6
63969,63976,63977,1,7
63969,63973,63977,4,4
63969,63976,63977,1,7
63969,63976,63977,1,7
63969,63976,63977,1,7
63969,63977,63978,1,8
63969,63975,63977,2,6
63969,63977,63978,1,8
63969,63977,63978,1,8
63969,63977,63979,2,8
63969,63977,63979,2,8
63281,63289,63985,696,8
63997,63997,63998,1,0
63997,63997,63998,1,0
63997,63997,63998,1,0
63997,63997,63998,1,0
63997,63997,63998,1,0
63997,63997,63998,1,0
63997,63997,63998,1,0
63997,63997,63998,1,0
63997,63997,63998,1,0
63997,63997,63998,1,0
63997,63997,63998,1,0
63997,63997,63998,1,0
63997,63997,63998,1,0
63997,63997,63999,2,0
63997,63997,63998,1,0
63997,63997,63999,2,0
63997,63998,63999,1,1
63997,63998,63999,1,1
63997,63998,63999,1,1
63997,63998,63999,1,1
63997,63998,63999,1,1
63997,63998,63999,1,1
63997,63998,64000,2,1
63997,63998,64000,2,1
63997,63998,64000,2,1
63997,63998,64000,2,1
63997,63998,64000,2,1
63997,63998,64000,2,1
63997,63998,64000,2,1
63997,63999,64001,2,2
63997,63999,64001,2,2
63997,63999,64001,2,2
63997,64000,64002,2,3
63997,64000,64002,2,3
63997,64000,64002,2,3
63997,63997,64002,5,0
63997,64000,64002,2,3
63997,64000,64002,2,3
63997,64000,64002,2,3
63997,64000,64001,1,3
63997,64000,64002,2,3
63997,64000,64002,2,3
63997,64000,64002,2,3
63997,64000,64002,2,3
63997,64000,64002,2,3
63997,64000,64002,2,3
63997,64002,64003,1,5
63997,64002,64003,1,5
63997,64001,64003,2,4
63997,64002,64003,1,5
63997,64002,64003,1,5
63997,64002,64003,1,5
63997,64001,64003,2,4
63997,64001,64003,2,4
63997,64002,64003,1,5
63997,64002,64004,2,5
63997,64002,64004,2,5
63997,64002,64004,2,5
63997,64002,64004,2,5
63997,64003,64004,1,6
63997,64003,64004,1,6
63997,64002,64004,2,5
63997,64004,64005,1,7
63997,64005,64006,1,8
63997,64004,64005,1,7
63997,64005,64006,1,8
63997,64005,64006,1,8
63997,64006,64007,1,9
63997,64006,64007,1,9
63308,63315,64030,715,7
63538,63545,64032,487,7
64032,64032,64033,1,0
64032,64032,64033,1,0
64032,64032,64034,2,0
64032,64032,64033,1,0
64032,64032,64033,1,0
64032,64032,64033,1,0
64032,64032,64034,2,0
64032,64032,64034,2,0
64032,64033,64034,1,1
64032,64033,64034,1,1
64032,64033,64034,1,1
64032,64033,64034,1,1
64032,64033,64034,1,1
64032,64033,64034,1,1
64032,64033,64035,2,1
64032,64033,64035,2,1
64032,64032,64034,2,0
64032,64033,64035,2,1
64032,64033,64035,2,1
64032,64033,64035,2,1
64032,64034,64035,1,2
64032,64034,64035,1,2
64032,64035,64036,1,3
64032,64035,64036,1,3
64032,64035,64036,1,3
64032,64035,64036,1,3
64032,64035,64036,1,3
64032,64035,64036,1,3
64032,64035,64036,1,3
64032,64035,64036,1,3
64032,64035,64036,1,3
64032,64034,64036,2,2
64032,64034,64036,2,2
64032,64035,64036,1,3
64032,64035,64036,1,3
64032,64035,64037,2,3
64032,64036,64038,2,4
64032,64036,64037,1,4
64032,64036,64037,1,4
64032,64037,64038,1,5
64032,64037,64038,1,5
64032,64037,64038,1,5
64032,64036,64037,1,4
64032,64037,64038,1,5
64032,64037,64038,1,5
64032,64037,64038,1,5
64032,64037,64038,1,5
64032,64038,64039,1,6
64032,64038,64039,1,6
64032,64037,64038,1,5
64032,64037,64038,1,5
64032,64038,64039,1,6
64032,64038,64039,1,6
64032,64037,64038,1,5
64032,64038,64039,1,6
64032,64037,64038,1,5
64032,64037,64038,1,5
64032,64037,64038,1,5
64032,64038,64039,1,6
64032,64038,64039,1,6
64032,64038,64039,1,6
64032,64039,64040,1,7
64032,64039,64040,1,7
64032,64039,64040,1,7
64032,64039,64040,1,7
64032,64039,64040,1,7
64032,64039,64040,1,7
64032,64039,64040,1,7
64032,64039,64040,1,7
64032,64039,64040,1,7
64032,64039,64040,1,7
64032,64039,64040,1,7
64032,64039,64040,1,7
64032,64039,64040,1,7
64032,64039,64040,1,7
64032,64040,64041,1,8
64032,64040,64041,1,8
64032,64040,64041,1,8
64032,64040,64041,1,8
64032,64040,64041,1,8
64032,64040,64041,1,8
64032,64040,64041,1,8
64032,64040,64041,1,8
64032,64040,64041,1,8
64032,64040,64041,1,8
64032,64040,64041,1,8
64032,64040,64041,1,8
64032,64041,64042,1,9
64032,64041,64042,1,9
64032,64041,64042,1,9
64032,64040,64041,1,8
64032,64041,64042,1,9
64032,64041,64042,1,9
64032,64041,64042,1,9
64032,64041,64042,1,9
64032,64042,64043,1,10
64032,64042,64043,1,10
64032,64039,64042,3,7
64032,64041,64043,2,9
64032,64041,64043,2,9
64032,64041,64043,2,9
64032,64041,64043,2,9
64032,64041,64043,2,9
64032,64041,64043,2,9
64032,64041,64043,2,9
64032,64041,64043,2,9
64032,64042,64044,2,10
64032,64042,64043,1,10
64032,64042,64044,2,10
64032,64042,64044,2,10
64032,64042,64044,2,10
64032,64043,64044,1,11
64032,64042,64044,2,10
64032,64042,64043,1,10
64032,64043,64044,1,11
64032,64043,64044,1,11
64032,64043,64045,2,11
64032,64043,64045,2,11
64032,64043,64045,2,11
64032,64043,64045,2,11
64032,64043,64045,2,11
64032,64044,64045,1,12
64032,64044,64045,1,12
64032,64044,64045,1,12
64032,64044,64046,2,12
64032,64044,64046,2,12
64032,64045,64046,1,13
64032,64044,64046,2,12
64032,64044,64046,2,12
64032,64044,64046,2,12
64032,64045,64046,1,13
64032,64045,64046,1,13
64032,64045,64046,1,13
64032,64045,64046,1,13
64032,64046,64047,1,14
64032,64046,64047,1,14
64032,64045,64047,2,13
64032,64045,64047,2,13
64032,64045,64047,2,13
64032,64045,64047,2,13
64032,64046,64047,1,14
64032,64047,64048,1,15
64032,64047,64048,1,15
64032,64046,64047,1,14
64032,64047,64048,1,15
64032,64048,64049,1,16
64032,64047,64048,1,15
64032,64047,64048,1,15
64032,64048,64049,1,16
64032,64049,64050,1,17
64032,64051,64054,3,19
63341,63348,64080,732,7
64081,64081,64082,1,0
64081,64081,64082,1,0
64081,64081,64082,1,0
64081,64081,64082,1,0
64081,64081,64082,1,0
64081,64081,64082,1,0
64081,64081,64082,1,0
64081,64081,64082,1,0
64081,64081,64082,1,0
64081,64081,64083,2,0
64081,64081,64083,2,0
64081,64081,64082,1,0
64081,64081,64083,2,0
64081,64081,64082,1,0
64081,64081,64083,2,0
64081,64082,64084,2,1
64081,64082,64084,2,1
64081,64082,64084,2,1
64081,64082,64084,2,1
64081,64082,64084,2,1
64081,64082,64084,2,1
64081,64081,64085,4,0
64081,64083,64085,2,2
64081,64083,64085,2,2
64081,64083,64085,2,2
64081,64082,64085,3,1
64081,64082,64085,3,1
64081,64084,64085,1,3
64081,64084,64085,1,3
64081,64082,64086,4,1
64081,64085,64086,1,4
64081,64085,64086,1,4
64081,64085,64086,1,4
64081,64085,64086,1,4
64081,64085,64086,1,4
64081,64084,64086,2,3
64081,64085,64086,1,4
64081,64086,64087,1,5
64081,64084,64086,2,3
64081,64086,64087,1,5
64081,64086,64087,1,5
64081,64086,64087,1,5
64081,64086,64087,1,5
64081,64087,64088,1,6
64081,64086,64087,1,5
64081,64086,64087,1,5
64081,64087,64088,1,6
64081,64087,64088,1,6
64081,64087,64088,1,6
64081,64087,64088,1,6
64081,64087,64088,1,6
64081,64087,64088,1,6
64081,64088,64089,1,7
64081,64087,64088,1,6
64081,64088,64089,1,7
64081,64087,64088,1,6
64081,64087,64088,1,6
64081,64088,64089,1,7
64081,64088,64089,1,7
64081,64088,64089,1,7
64081,64089,64090,1,8
64081,64088,64089,1,7
64081,64088,64089,1,7
64081,64089,64090,1,8
64081,64089,64090,1,8
64081,64090,64091,1,9
64081,64090,64091,1,9
64081,64090,64091,1,9
64081,64090,64091,1,9
64081,64090,64091,1,9
64081,64090,64091,1,9
64081,64090,64091,1,9
64081,64085,64091,6,4
64081,64091,64092,1,10
64081,64091,64092,1,10
64081,64091,64092,1,10
64081,64091,64092,1,10
64081,64091,64092,1,10
63365,63372,64100,728,7
64109,64109,64110,1,0
64109,64109,64110,1,0
64109,64109,64110,1,0
64109,64109,64110,1,0
64109,64109,64110,1,0
64109,64109,64110,1,0
64109,64109,64110,1,0
64109,64109,64110,1,0
64109,64109,64110,1,0
64109,64109,64110,1,0
64109,64109,64111,2,0
64109,64109,64111,2,0
64109,64109,64111,2,0
64109,64110,64112,2,1
64109,64110,64112,2,1
64109,64110,64112,2,1
64109,64110,64112,2,1
64109,64110,64112,2,1
64109,64110,64112,2,1
64109,64110,64112,2,1
64109,64110,64112,2,1
64109,64110,64113,3,1
64109,64110,64112,2,1
64109,64110,64112,2,1
64109,64110,64112,2,1
64109,64111,64113,2,2
64109,64112,64114,2,3
64109,64112,64114,2,3
64109,64112,64114,2,3
64109,64112,64114,2,3
64109,64112,64114,2,3
64109,64112,64114,2,3
64109,64111,64114,3,2
64109,64111,64113,2,2
64109,64112,64114,2,3
64109,64112,64114,2,3
64109,64113,64115,2,4
64109,64113,64115,2,4
64109,64113,64115,2,4
64109,64114,64116,2,5
64109,64114,64115,1,5
64109,64113,64115,2,4
64109,64113,64115,2,4
64109,64114,64116,2,5
64109,64114,64116,2,5
64109,64114,64116,2,5
64109,64114,64116,2,5
64109,64113,64115,2,4
64109,64114,64116,2,5
64109,64115,64117,2,6
64109,64115,64117,2,6
64109,64114,64117,3,5
64109,64114,64116,2,5
64109,64116,64117,1,7
64109,64115,64117,2,6
64109,64116,64117,1,7
64109,64116,64117,1,7
64109,64116,64117,1,7
64109,64115,64117,2,6
64109,64116,64117,1,7
64109,64115,64117,2,6
64109,64116,64117,1,7
64109,64116,64118,2,7
64109,64117,64118,1,8
64109,64117,64118,1,8
64109,64116,64117,1,7
64109,64117,64118,1,8
64109,64116,64117,1,7
64109,64117,64118,1,8
64109,64117,64118,1,8
64109,64117,64118,1,8
64109,64116,64117,1,7
64109,64117,64118,1,8
64109,64117,64118,1,8
64109,64117,64118,1,8
64109,64117,64118,1,8
64109,64117,64118,1,8
64109,64117,64118,1,8
64109,64117,64118,1,8
64109,64118,64119,1,9
64109,64118,64119,1,9
64109,64118,64119,1,9
64109,64118,64119,1,9
64109,64118,64119,1,9
64109,64118,64119,1,9
64109,64118,64119,1,9
64109,64118,64119,1,9
64109,64118,64119,1,9
64109,64118,64119,1,9
64109,64118,64119,1,9
64109,64118,64119,1,9
64109,64118,64119,1,9
64109,64119,64120,1,10
63627,63635,64122,487,8
63425,63435,64125,690,10
64140,64140,64141,1,0
64140,64140,64141,1,0
64140,64140,64141,1,0
64140,64140,64141,1,0
64140,64140,64141,1,0
64140,64140,64142,2,0
64140,64140,64141,1,0
64140,64140,64141,1,0
64140,64140,64141,1,0
64140,64140,64142,2,0
64140,64140,64141,1,0
64140,64140,64141,1,0
64140,64141,64143,2,1
64140,64141,64142,1,1
64140,64141,64142,1,1
64140,64141,64142,1,1
64140,64141,64143,2,1
64140,64141,64142,1,1
64140,64141,64142,1,1
64140,64141,64143,2,1
64140,64141,64143,2,1
64140,64141,64142,1,1
64140,64142,64143,1,2
64140,64142,64143,1,2
64140,64143,64144,1,3
64140,64141,64143,2,1
64140,64142,64143,1,2
64140,64142,64144,2,2
64140,64142,64143,1,2
64140,64142,64144,2,2
64140,64142,64144,2,2
64140,64143,64144,1,3
64140,64143,64144,1,3
64140,64143,64144,1,3
64140,64144,64145,1,4
64140,64143,64144,1,3
64140,64144,64145,1,4
64140,64143,64144,1,3
64140,64143,64144,1,3
64140,64144,64145,1,4
64140,64143,64144,1,3
64140,64144,64145,1,4
64140,64143,64144,1,3
64140,64143,64144,1,3
64140,64144,64145,1,4
64140,64145,64146,1,5
64140,64145,64146,1,5
64140,64144,64145,1,4
64140,64145,64146,1,5
64140,64145,64146,1,5
64140,64144,64145,1,4
64140,64145,64146,1,5
64140,64145,64146,1,5
64140,64145,64146,1,5
64140,64145,64146,1,5
64140,64145,64146,1,5
64140,64145,64146,1,5
64140,64144,64145,1,4
64140,64144,64145,1,4
64140,64145,64146,1,5
64140,64145,64146,1,5
64140,64145,64146,1,5
64140,64146,64147,1,6
64140,64146,64147,1,6
64140,64146,64147,1,6
64140,64146,64147,1,6
64140,64145,64147,2,5
64140,64146,64147,1,6
64140,64146,64147,1,6
64140,64146,64147,1,6
64140,64146,64147,1,6
64140,64146,64147,1,6
64140,64146,64147,1,6
64140,64146,64147,1,6
64140,64146,64147,1,6
64140,64146,64147,1,6
64140,64146,64147,1,6
64140,64147,64148,1,7
64140,64147,64148,1,7
64140,64147,64148,1,7
64140,64147,64148,1,7
64140,64147,64148,1,7
64140,64147,64148,1,7
64140,64147,64148,1,7
64140,64147,64148,1,7
64140,64147,64148,1,7
64140,64147,64148,1,7
64140,64147,64148,1,7
64140,64147,64148,1,7
64140,64147,64148,1,7
64140,64147,64148,1,7
64140,64148,64149,1,8
64140,64148,64149,1,8
64140,64148,64149,1,8
64140,64148,64149,1,8
64140,64147,64148,1,7
64140,64148,64149,1,8
64140,64148,64149,1,8
64140,64148,64149,1,8
64140,64149,64150,1,9
64140,64149,64150,1,9
64140,64149,64150,1,9
64140,64149,64150,1,9
64140,64149,64151,2,9
64140,64149,64150,1,9
64140,64149,64150,1,9
64140,64149,64151,2,9
64140,64149,64151,2,9
64140,64149,64151,2,9
64140,64150,64151,1,10
64140,64149,64151,2,9
64140,64149,64151,2,9
64140,64149,64151,2,9
64140,64151,64152,1,11
64140,64150,64152,2,10
64140,64150,64152,2,10
64140,64151,64153,2,11
64140,64151,64153,2,11
64140,64151,64152,1,11
64140,64151,64152,1,11
64140,64150,64153,3,10
64140,64152,64153,1,12
64140,64152,64153,1,12
64140,64152,64153,1,12
64140,64151,64153,2,11
64140,64151,64153,2,11
64140,64152,64153,1,12
64140,64153,64154,1,13
64140,64152,64153,1,12
64140,64152,64153,1,12
64140,64152,64153,1,12
64140,64150,64154,4,10
64140,64153,64154,1,13
64140,64154,64155,1,14
64140,64153,64154,1,13
64140,64153,64154,1,13
64140,64153,64154,1,13
64140,64153,64154,1,13
64140,64153,64154,1,13
64140,64154,64155,1,14
64140,64154,64155,1,14
64140,64154,64155,1,14
64140,64154,64155,1,14
64140,64154,64155,1,14
64140,64154,64155,1,14
64140,64154,64155,1,14
63634,63644,64155,511,10
64140,64155,64156,1,15
64140,64155,64156,1,15
64140,64155,64156,1,15
64140,64154,64155,1,14
64140,64154,64155,1,14
64140,64154,64155,1,14
64140,64155,64156,1,15
64140,64156,64157,1,16
64140,64155,64156,1,15
64140,64155,64157,2,15
64140,64155,64156,1,15
64140,64155,64156,1,15
64140,64156,64157,1,16
64140,64156,64157,1,16
64140,64156,64157,1,16
64140,64156,64157,1,16
64140,64156,64157,1,16
64140,64156,64157,1,16
64140,64156,64157,1,16
64140,64157,64158,1,17
64140,64157,64158,1,17
64140,64156,64157,1,16
64140,64156,64157,1,16
64140,64157,64158,1,17
64140,64157,64158,1,17
64140,64157,64158,1,17
64140,64157,64158,1,17
64140,64157,64158,1,17
64140,64157,64158,1,17
63455,63461,64161,700,6
64167,64167,64168,1,0
64167,64167,64168,1,0
64167,64167,64168,1,0
64167,64167,64168,1,0
64167,64167,64168,1,0
64167,64167,64168,1,0
64167,64167,64168,1,0
64167,64167,64168,1,0
64167,64167,64168,1,0
64167,64167,64169,2,0
64167,64167,64168,1,0
64167,64167,64169,2,0
64167,64167,64169,2,0
64167,64168,64169,1,1
64167,64168,64169,1,1
64167,64168,64169,1,1
64167,64168,64169,1,1
64167,64167,64169,2,0
64167,64168,64169,1,1
64167,64168,64169,1,1
64167,64168,64170,2,1
64167,64168,64170,2,1
64167,64168,64169,1,1
64167,64168,64169,1,1
64167,64168,64170,2,1
64167,64168,64170,2,1
64167,64170,64171,1,3
64167,64170,64171,1,3
64167,64169,64170,1,2
64167,64170,64171,1,3
64167,64168,64170,2,1
64167,64169,64171,2,2
64167,64169,64170,1,2
64167,64170,64171,1,3
64167,64170,64171,1,3
64167,64169,64170,1,2
64167,64170,64171,1,3
64167,64170,64171,1,3
64167,64170,64171,1,3
64167,64171,64172,1,4
64167,64171,64172,1,4
64167,64170,64171,1,3
64167,64171,64172,1,4
64167,64170,64172,2,3
64167,64171,64172,1,4
64167,64170,64172,2,3
64167,64170,64172,2,3
64167,64171,64172,1,4
64167,64170,64171,1,3
64167,64171,64172,1,4
64167,64171,64172,1,4
64167,64171,64172,1,4
64167,64172,64173,1,5
64167,64172,64173,1,5
64167,64172,64173,1,5
64167,64172,64173,1,5
64167,64172,64173,1,5
64167,64172,64173,1,5
64167,64172,64173,1,5
64167,64172,64173,1,5
64167,64172,64173,1,5
64167,64171,64172,1,4
64167,64172,64173,1,5
64167,64171,64173,2,4
64167,64171,64172,1,4
64167,64172,64173,1,5
64167,64172,64173,1,5
64167,64172,64173,1,5
64167,64172,64173,1,5
64167,64173,64174,1,6
64167,64173,64174,1,6
64167,64173,64174,1,6
64167,64173,64174,1,6
64167,64172,64174,2,5
64167,64173,64174,1,6
64167,64173,64174,1,6
64167,64173,64174,1,6
64167,64173,64174,1,6
64167,64173,64174,1,6
64167,64173,64174,1,6
64167,64174,64175,1,7
64167,64174,64175,1,7
64167,64174,64175,1,7
64167,64174,64175,1,7
64167,64174,64175,1,7
64167,64174,64175,1,7
64167,64174,64175,1,7
64167,64174,64175,1,7
64167,64174,64175,1,7
64167,64174,64175,1,7
64167,64174,64175,1,7
64167,64175,64176,1,8
64167,64174,64175,1,7
64167,64175,64176,1,8
64167,64176,64177,1,9
64167,64176,64177,1,9
64167,64176,64177,1,9
63702,63702,64177,475,0
64167,64176,64177,1,9
64167,64176,64177,1,9
64167,64176,64178,2,9
64167,64176,64177,1,9
64167,64176,64177,1,9
64167,64176,64177,1,9
64167,64176,64178,2,9
64167,64176,64178,2,9
64167,64177,64178,1,10
64167,64177,64178,1,10
64167,64177,64178,1,10
64167,64176,64178,2,9
64167,64176,64178,2,9
64167,64176,64178,2,9
64167,64177,64179,2,10
64167,64178,64179,1,11
64167,64178,64179,1,11
64167,64178,64179,1,11
64167,64178,64179,1,11
64167,64178,64179,1,11
64167,64178,64179,1,11
64167,64178,64179,1,11
64167,64178,64179,1,11
64167,64178,64179,1,11
64167,64179,64180,1,12
64167,64179,64180,1,12
64167,64179,64180,1,12
64167,64179,64180,1,12
64167,64180,64181,1,13
64167,64179,64181,2,12
64167,64179,64180,1,12
64167,64179,64180,1,12
64167,64179,64180,1,12
64167,64180,64181,1,13
64167,64180,64181,1,13
64167,64180,64181,1,13
64167,64180,64181,1,13
64167,64180,64181,1,13
63692,63698,64182,484,6
64167,64181,64182,1,14
64167,64181,64182,1,14
64167,64180,64181,1,13
64167,64180,64181,1,13
64167,64181,64182,1,14
64167,64180,64181,1,13
64167,64181,64182,1,14
64167,64180,64181,1,13
64167,64180,64181,1,13
64167,64181,64182,1,14
64167,64181,64182,1,14
64167,64182,64183,1,15
64167,64182,64183,1,15
64167,64182,64183,1,15
64167,64182,64183,1,15
64167,64182,64183,1,15
64167,64181,64182,1,14
64167,64182,64183,1,15
64167,64182,64183,1,15
64167,64182,64183,1,15
64167,64181,64182,1,14
64167,64181,64182,1,14
64167,64182,64183,1,15
64167,64181,64182,1,14
64167,64182,64183,1,15
64167,64182,64183,1,15
64167,64183,64184,1,16
64167,64183,64184,1,16
64167,64183,64184,1,16
64167,64183,64184,1,16
64167,64183,64184,1,16
64167,64182,64183,1,15
64167,64183,64184,1,16
64167,64183,64184,1,16
64167,64183,64184,1,16
64167,64183,64184,1,16
64167,64183,64184,1,16
64167,64183,64184,1,16
64204,64204,64205,1,0
64204,64204,64205,1,0
64204,64204,64205,1,0
64204,64204,64205,1,0
64204,64204,64205,1,0
64204,64204,64205,1,0
64204,64204,64205,1,0
64204,64204,64205,1,0
64204,64204,64205,1,0
64204,64204,64205,1,0
64204,64204,64205,1,0
64204,64204,64205,1,0
64204,64205,64206,1,1
64204,64204,64206,2,0
64204,64204,64206,2,0
64204,64204,64207,3,0
64204,64204,64207,3,0
64204,64205,64207,2,1
64204,64206,64207,1,2
64204,64206,64207,1,2
64204,64206,64207,1,2
64204,64206,64207,1,2
64204,64206,64207,1,2
64204,64206,64207,1,2
64204,64206,64207,1,2
64204,64206,64207,1,2
64204,64204,64207,3,0
64204,64206,64207,1,2
64204,64206,64207,1,2
64204,64207,64208,1,3
64204,64207,64208,1,3
64204,64207,64208,1,3
64204,64207,64209,2,3
64204,64207,64209,2,3
64204,64208,64209,1,4
64204,64208,64209,1,4
64204,64208,64209,1,4
64204,64208,64209,1,4
64204,64208,64210,2,4
64204,64208,64209,1,4
64204,64208,64209,1,4
64204,64208,64209,1,4
64204,64208,64209,1,4
64204,64208,64210,2,4
64204,64208,64210,2,4
64204,64208,64209,1,4
64204,64209,64210,1,5
64204,64208,64210,2,4
64204,64209,64210,1,5
64204,64209,64210,1,5
64204,64210,64211,1,6
64204,64209,64210,1,5
64204,64210,64211,1,6
64204,64210,64211,1,6
64204,64210,64211,1,6
64204,64210,64211,1,6
64204,64209,64211,2,5
64204,64211,64212,1,7
64204,64211,64212,1,7
64204,64211,64212,1,7
64204,64211,64212,1,7
64204,64211,64212,1,7
64204,64211,64212,1,7
64204,64211,64212,1,7
64204,64211,64212,1,7
64204,64211,64212,1,7
64204,64211,64212,1,7
64204,64211,64212,1,7
64204,64211,64212,1,7
64204,64210,64212,2,6
64204,64211,64212,1,7
64204,64211,64212,1,7
64204,64212,64213,1,8
64204,64211,64212,1,7
64204,64211,64212,1,7
64204,64212,64213,1,8
64204,64212,64213,1,8
64204,64212,64213,1,8
64204,64212,64213,1,8
64204,64212,64213,1,8
64204,64213,64214,1,9
64212,64213,64214,1,1
64212,64213,64214,1,1
64212,64213,64214,1,1
64212,64213,64214,1,1
64212,64213,64214,1,1
64212,64213,64214,1,1
64212,64213,64214,1,1
64204,64213,64215,2,9
64212,64214,64216,2,2
64212,64214,64216,2,2
64212,64214,64216,2,2
64212,64214,64216,2,2
64212,64214,64215,1,2
64212,64214,64216,2,2
64212,64214,64216,2,2
64212,64214,64215,1,2
64212,64214,64216,2,2
64212,64214,64216,2,2
64212,64214,64216,2,2
64212,64215,64216,1,3
64212,64216,64217,1,4
64212,64216,64217,1,4
64212,64214,64216,2,2
64212,64214,64216,2,2
64212,64216,64217,1,4
64212,64216,64217,1,4
64212,64216,64217,1,4
64212,64216,64217,1,4
64212,64216,64217,1,4
64212,64216,64217,1,4
64212,64215,64216,1,3
64212,64215,64216,1,3
64212,64216,64217,1,4
64212,64217,64218,1,5
64212,64217,64218,1,5
64212,64217,64218,1,5
64212,64217,64218,1,5
64212,64217,64218,1,5
64212,64217,64218,1,5
64212,64217,64218,1,5
64212,64217,64218,1,5
64212,64217,64218,1,5
64212,64217,64218,1,5
64212,64217,64218,1,5
64212,64217,64218,1,5
64204,64213,64218,5,9
64212,64216,64218,2,4
64212,64217,64219,2,5
64212,64217,64218,1,5
64212,64218,64219,1,6
64212,64218,64219,1,6
64212,64217,64218,1,5
64212,64217,64218,1,5
64212,64218,64219,1,6
64212,64218,64219,1,6
64212,64218,64219,1,6
64212,64218,64219,1,6
64212,64218,64219,1,6
64212,64218,64219,1,6
64212,64218,64219,1,6
64212,64219,64220,1,7
64212,64219,64220,1,7
64212,64219,64220,1,7
64212,64219,64220,1,7
64212,64219,64220,1,7
64212,64219,64220,1,7
64212,64219,64220,1,7
64212,64219,64220,1,7
64212,64219,64220,1,7
64212,64219,64220,1,7
64212,64219,64220,1,7
64212,64219,64221,2,7
64212,64219,64220,1,7
64212,64219,64220,1,7
64212,64220,64221,1,8
64212,64220,64221,1,8
64212,64220,64221,1,8
64212,64220,64221,1,8
64212,64220,64221,1,8
64212,64220,64221,1,8
64212,64220,64221,1,8
64212,64220,64221,1,8
64212,64220,64221,1,8
64212,64221,64222,1,9
64212,64220,64221,1,8
64212,64220,64222,2,8
63547,63555,64298,743,8
64300,64301,64302,1,1
64300,64301,64302,1,1
64300,64301,64302,1,1
64300,64302,64303,1,2
64300,64301,64302,1,1
64300,64301,64302,1,1
64300,64301,64302,1,1
64300,64302,64303,1,2
64300,64302,64303,1,2
64300,64301,64302,1,1
64300,64302,64303,1,2
64300,64303,64304,1,3
64300,64302,64303,1,2
64300,64303,64304,1,3
64300,64302,64303,1,2
64300,64303,64304,1,3
64300,64303,64304,1,3
64300,64302,64303,1,2
64300,64303,64304,1,3
64300,64303,64304,1,3
64300,64302,64303,1,2
64300,64303,64304,1,3
64300,64303,64304,1,3
64300,64302,64303,1,2
64300,64303,64304,1,3
64300,64304,64305,1,4
64300,64304,64305,1,4
64300,64304,64305,1,4
64300,64303,64304,1,3
64300,64303,64305,2,3
64300,64304,64305,1,4
64300,64304,64305,1,4
64300,64305,64306,1,5
64300,64305,64306,1,5
64300,64304,64305,1,4
64300,64304,64305,1,4
64300,64304,64305,1,4
64300,64304,64305,1,4
64300,64304,64305,1,4
64300,64305,64306,1,5
64300,64304,64305,1,4
64300,64304,64305,1,4
64300,64304,64305,1,4
64300,64304,64306,2,4
64300,64306,64307,1,6
64300,64306,64307,1,6
64300,64306,64307,1,6
64300,64305,64306,1,5
64300,64306,64307,1,6
64300,64306,64307,1,6
64300,64306,64307,1,6
64300,64306,64307,1,6
64300,64305,64307,2,5
64300,64306,64307,1,6
64300,64306,64307,1,6
64300,64306,64307,1,6
64300,64307,64308,1,7
64300,64307,64308,1,7
64300,64307,64308,1,7
64300,64307,64308,1,7
64300,64307,64308,1,7
64300,64307,64308,1,7
64300,64307,64308,1,7
64300,64307,64308,1,7
64300,64308,64309,1,8
64300,64308,64309,1,8
64300,64308,64309,1,8
64300,64308,64309,1,8
64300,64308,64309,1,8
64300,64308,64309,1,8
64300,64308,64309,1,8
64300,64308,64309,1,8
64300,64308,64309,1,8
64300,64308,64312,4,8
63657,63672,64415,743,15
64417,64417,64418,1,0
64417,64417,64418,1,0
64417,64417,64418,1,0
64417,64417,64418,1,0
64417,64417,64418,1,0
64417,64417,64418,1,0
64417,64418,64419,1,1
64417,64418,64419,1,1
64417,64418,64420,2,1
64417,64418,64420,2,1
64417,64418,64419,1,1
64417,64418,64420,2,1
64417,64418,64419,1,1
64417,64418,64419,1,1
64417,64418,64420,2,1
64417,64417,64419,2,0
64417,64418,64419,1,1
64417,64418,64419,1,1
64417,64419,64420,1,2
64417,64419,64421,2,2
64417,64419,64421,2,2
64417,64420,64422,2,3
64417,64420,64422,2,3
64417,64420,64422,2,3
64417,64420,64422,2,3
64417,64420,64422,2,3
64417,64419,64421,2,2
64417,64420,64422,2,3
64417,64420,64422,2,3
64417,64420,64422,2,3
64417,64420,64422,2,3
64417,64420,64422,2,3
64417,64420,64422,2,3
64417,64419,64422,3,2
64417,64421,64422,1,4
64417,64422,64423,1,5
64417,64420,64422,2,3
64417,64422,64423,1,5
64417,64422,64424,2,5
64417,64422,64423,1,5
64417,64422,64423,1,5
64417,64423,64424,1,6
64417,64422,64423,1,5
64417,64422,64423,1,5
64417,64422,64423,1,5
64417,64422,64423,1,5
64417,64423,64424,1,6
64417,64422,64423,1,5
64417,64422,64423,1,5
64417,64422,64423,1,5
64417,64422,64423,1,5
64417,64422,64423,1,5
64417,64423,64424,1,6
64417,64423,64424,1,6
64417,64423,64424,1,6
64417,64424,64425,1,7
64417,64424,64425,1,7
64417,64424,64425,1,7
64417,64424,64425,1,7
64417,64424,64425,1,7
64417,64424,64425,1,7
64417,64424,64425,1,7
64417,64424,64425,1,7
64417,64424,64425,1,7
64417,64424,64425,1,7
64417,64424,64425,1,7
64417,64424,64425,1,7
64417,64424,64425,1,7
64417,64424,64425,1,7
64417,64425,64426,1,8
64417,64425,64426,1,8
64417,64425,64426,1,8
64417,64425,64426,1,8
64417,64425,64426,1,8
64417,64425,64426,1,8
64417,64425,64426,1,8
64417,64425,64426,1,8
64417,64425,64426,1,8
64417,64425,64426,1,8
64417,64425,64426,1,8
64417,64424,64425,1,7
64417,64425,64426,1,8
64417,64425,64426,1,8
64417,64425,64426,1,8
64417,64426,64427,1,9
64417,64425,64426,1,8
64417,64426,64427,1,9
64417,64426,64427,1,9
64417,64426,64427,1,9
64417,64426,64427,1,9
63970,63978,64458,480,8
64459,64459,64460,1,0
64459,64459,64460,1,0
64459,64459,64460,1,0
64459,64459,64460,1,0
64459,64459,64460,1,0
64459,64459,64460,1,0
64459,64460,64461,1,1
64459,64459,64460,1,0
64459,64459,64460,1,0
64459,64460,64461,1,1
64459,64460,64461,1,1
64459,64460,64461,1,1
64459,64459,64460,1,0
64459,64460,64461,1,1
64459,64460,64461,1,1
64459,64460,64461,1,1
64459,64460,64462,2,1
64459,64460,64462,2,1
64459,64460,64461,1,1
64459,64460,64462,2,1
64459,64460,64462,2,1
64459,64461,64463,2,2
64459,64461,64463,2,2
64459,64461,64463,2,2
64459,64461,64463,2,2
64459,64461,64462,1,2
64459,64461,64462,1,2
64459,64461,64462,1,2
64459,64461,64463,2,2
64459,64461,64463,2,2
64459,64462,64463,1,3
64459,64462,64463,1,3
64459,64462,64464,2,3
64459,64462,64464,2,3
64459,64462,64464,2,3
64459,64463,64464,1,4
64459,64463,64464,1,4
64459,64463,64464,1,4
64459,64462,64464,2,3
64459,64463,64465,2,4
64459,64464,64465,1,5
64459,64464,64465,1,5
64459,64462,64464,2,3
64459,64463,64465,2,4
64459,64463,64465,2,4
64459,64462,64464,2,3
64459,64463,64464,1,4
64459,64464,64465,1,5
64459,64464,64465,1,5
64459,64464,64465,1,5
64459,64464,64465,1,5
64459,64464,64465,1,5
64459,64465,64466,1,6
64459,64465,64466,1,6
64459,64465,64466,1,6
64459,64464,64465,1,5
64459,64464,64465,1,5
64459,64465,64466,1,6
64459,64465,64466,1,6
64459,64465,64466,1,6
64459,64465,64466,1,6
64459,64465,64466,1,6
64459,64465,64466,1,6
64459,64465,64466,1,6
64459,64466,64467,1,7
64459,64466,64467,1,7
64459,64466,64467,1,7
64459,64465,64467,2,6
64459,64466,64467,1,7
64459,64463,64464,1,4
64459,64465,64466,1,6
64459,64466,64467,1,7
64459,64466,64467,1,7
64459,64466,64467,1,7
64459,64466,64467,1,7
64459,64466,64467,1,7
64459,64467,64468,1,8
64459,64467,64468,1,8
64459,64467,64468,1,8
64459,64467,64468,1,8
64459,64467,64468,1,8
64459,64467,64468,1,8
64459,64467,64468,1,8
64459,64467,64468,1,8
64459,64467,64468,1,8
64459,64467,64468,1,8
63731,63741,64490,749,10
64491,64491,64492,1,0
64491,64491,64492,1,0
64491,64491,64492,1,0
64491,64491,64492,1,0
64491,64491,64492,1,0
64491,64491,64492,1,0
64491,64491,64492,1,0
64491,64492,64493,1,1
64491,64491,64493,2,0
64491,64491,64493,2,0
64491,64492,64493,1,1
64491,64492,64493,1,1
64491,64492,64493,1,1
64491,64492,64494,2,1
64491,64493,64494,1,2
64491,64493,64494,1,2
64491,64493,64494,1,2
64491,64493,64495,2,2
64491,64493,64494,1,2
64491,64493,64495,2,2
64491,64493,64495,2,2
64491,64493,64495,2,2
64491,64493,64495,2,2
64491,64493,64495,2,2
64491,64493,64495,2,2
64491,64494,64495,1,3
64491,64494,64495,1,3
64491,64494,64496,2,3
64491,64495,64496,1,4
64491,64494,64496,2,3
64491,64494,64496,2,3
64491,64495,64496,1,4
64491,64495,64496,1,4
64491,64496,64497,1,5
64491,64496,64497,1,5
64491,64495,64496,1,4
64491,64496,64497,1,5
64491,64497,64498,1,6
64491,64497,64498,1,6
64491,64497,64498,1,6
64491,64496,64497,1,5
64491,64497,64498,1,6
64491,64496,64497,1,5
64491,64496,64497,1,5
64491,64497,64498,1,6
64491,64496,64497,1,5
64491,64496,64498,2,5
64491,64497,64498,1,6
64491,64498,64499,1,7
64491,64498,64499,1,7
64491,64498,64499,1,7
64491,64498,64499,1,7
64491,64498,64499,1,7
64491,64498,64499,1,7
64491,64498,64499,1,7
64491,64498,64499,1,7
64491,64498,64499,1,7
64491,64498,64499,1,7
64491,64499,64500,1,8
64491,64499,64500,1,8
64491,64499,64500,1,8
64491,64499,64500,1,8
64491,64499,64500,1,8
64491,64498,64499,1,7
64491,64499,64500,1,8
64491,64499,64500,1,8
64491,64499,64500,1,8
64491,64499,64500,1,8
64491,64498,64500,2,7
64491,64498,64499,1,7
64491,64499,64500,1,8
64491,64499,64500,1,8
64491,64499,64500,1,8
64491,64500,64501,1,9
64491,64500,64501,1,9
64491,64500,64501,1,9
64491,64500,64501,1,9
64491,64500,64501,1,9
64491,64500,64501,1,9
63793,63806,64521,715,13
64524,64524,64525,1,0
64524,64524,64525,1,0
64524,64524,64525,1,0
64524,64524,64525,1,0
64524,64524,64525,1,0
64524,64524,64525,1,0
64524,64524,64525,1,0
64524,64524,64525,1,0
64524,64525,64526,1,1
64524,64525,64526,1,1
64524,64525,64526,1,1
64524,64525,64526,1,1
64524,64525,64527,2,1
64524,64525,64526,1,1
64524,64525,64526,1,1
64524,64525,64526,1,1
64524,64525,64526,1,1
64524,64526,64527,1,2
64524,64525,64526,1,1
64524,64527,64528,1,3
64524,64527,64528,1,3
64524,64526,64527,1,2
64524,64526,64527,1,2
64524,64527,64528,1,3
64524,64527,64528,1,3
64524,64524,64527,3,0
64524,64526,64527,1,2
64524,64526,64528,2,2
64524,64526,64528,2,2
64524,64528,64529,1,4
64524,64527,64528,1,3
64524,64527,64528,1,3
64524,64527,64528,1,3
64524,64527,64528,1,3
64524,64527,64528,1,3
64524,64527,64528,1,3
64524,64527,64528,1,3
64524,64528,64529,1,4
64524,64528,64529,1,4
64524,64528,64529,1,4
64524,64529,64530,1,5
64524,64528,64530,2,4
64524,64528,64530,2,4
64524,64528,64530,2,4
64524,64528,64529,1,4
64524,64529,64530,1,5
64524,64529,64530,1,5
64524,64529,64530,1,5
64524,64529,64531,2,5
64524,64529,64531,2,5
64524,64530,64531,1,6
64524,64530,64531,1,6
64524,64530,64531,1,6
64524,64530,64531,1,6
64524,64529,64530,1,5
64524,64529,64530,1,5
64524,64530,64531,1,6
64524,64529,64530,1,5
64524,64530,64531,1,6
64524,64529,64530,1,5
64524,64530,64531,1,6
64524,64530,64531,1,6
64524,64530,64531,1,6
64524,64530,64531,1,6
64524,64531,64532,1,7
64524,64531,64532,1,7
64524,64531,64532,1,7
64524,64531,64532,1,7
64524,64531,64532,1,7
64524,64531,64532,1,7
64524,64531,64532,1,7
64524,64531,64532,1,7
64524,64531,64532,1,7
64524,64531,64532,1,7
64524,64531,64533,2,7
64524,64531,64532,1,7
64524,64532,64533,1,8
64524,64532,64533,1,8
64524,64532,64533,1,8
64524,64532,64533,1,8
64524,64531,64533,2,7
64524,64532,64533,1,8
64524,64532,64533,1,8
64524,64532,64533,1,8
64524,64532,64533,1,8
63789,63797,64569,772,8
64570,64570,64571,1,0
64570,64570,64571,1,0
64570,64570,64571,1,0
64570,64570,64571,1,0
64570,64570,64571,1,0
64570,64570,64571,1,0
64570,64570,64571,1,0
64570,64570,64571,1,0
64570,64570,64571,1,0
64570,64570,64572,2,0
64570,64570,64571,1,0
64570,64570,64572,2,0
64570,64570,64572,2,0
64570,64570,64572,2,0
64570,64571,64573,2,1
64570,64570,64573,3,0
64570,64571,64573,2,1
64570,64571,64573,2,1
64570,64571,64573,2,1
64570,64571,64573,2,1
64570,64571,64573,2,1
64570,64571,64573,2,1
64570,64571,64573,2,1
64570,64571,64573,2,1
64570,64571,64573,2,1
63853,63863,64573,710,10
64570,64570,64574,4,0
64570,64572,64574,2,2
64570,64572,64574,2,2
64570,64572,64574,2,2
64570,64573,64574,1,3
64570,64572,64575,3,2
64570,64574,64575,1,4
64570,64574,64575,1,4
64570,64573,64575,2,3
64570,64573,64575,2,3
64570,64574,64576,2,4
64570,64575,64576,1,5
64570,64575,64576,1,5
64570,64574,64576,2,4
64570,64576,64577,1,6
64570,64575,64576,1,5
64570,64575,64576,1,5
64570,64575,64577,2,5
64570,64576,64577,1,6
64570,64577,64578,1,7
64570,64577,64578,1,7
64570,64577,64578,1,7
64570,64577,64578,1,7
64570,64577,64578,1,7
64570,64577,64578,1,7
64570,64577,64578,1,7
64570,64577,64578,1,7
64570,64577,64578,1,7
64570,64577,64578,1,7
64570,64578,64579,1,8
64570,64577,64578,1,7
64570,64578,64579,1,8
64570,64578,64579,1,8
64570,64578,64579,1,8
64574,64579,64580,1,5
64574,64579,64580,1,5
64574,64579,64580,1,5
64570,64578,64579,1,8
64574,64579,64580,1,5
64574,64579,64580,1,5
64574,64579,64580,1,5
64574,64579,64580,1,5
64574,64580,64581,1,6
64574,64580,64581,1,6
64574,64580,64581,1,6
64574,64580,64581,1,6
64574,64580,64581,1,6
64574,64580,64581,1,6
64574,64580,64582,2,6
64083,64091,64582,491,8
64574,64580,64581,1,6
64574,64580,64581,1,6
64574,64580,64581,1,6
64574,64581,64582,1,7
64574,64580,64581,1,6
64574,64580,64581,1,6
64574,64580,64581,1,6
64574,64580,64581,1,6
64574,64580,64581,1,6
64574,64580,64581,1,6
64574,64580,64582,2,6
64574,64581,64582,1,7
64574,64581,64582,1,7
64574,64582,64583,1,8
64574,64582,64584,2,8
64574,64582,64584,2,8
64574,64582,64583,1,8
64574,64582,64583,1,8
64574,64582,64583,1,8
64574,64582,64583,1,8
64574,64582,64583,1,8
64574,64582,64584,2,8
64574,64582,64584,2,8
64574,64582,64584,2,8
64574,64583,64584,1,9
64574,64582,64584,2,8
64574,64582,64584,2,8
64574,64582,64584,2,8
64574,64582,64584,2,8
64574,64583,64585,2,9
64574,64584,64585,1,10
64574,64584,64585,1,10
64574,64584,64585,1,10
64574,64584,64585,1,10
64574,64584,64585,1,10
64574,64583,64584,1,9
64574,64584,64585,1,10
64574,64584,64585,1,10
64574,64584,64585,1,10
64574,64584,64585,1,10
64574,64584,64585,1,10
64574,64585,64586,1,11
64574,64585,64586,1,11
64574,64584,64586,2,10
64574,64584,64586,2,10
64574,64585,64586,1,11
64574,64585,64586,1,11
64574,64585,64586,1,11
64574,64585,64586,1,11
64574,64585,64586,1,11
64574,64585,64586,1,11
64574,64584,64586,2,10
64574,64584,64585,1,10
64574,64584,64586,2,10
64574,64585,64586,1,11
64574,64586,64587,1,12
64574,64585,64586,1,11
64574,64586,64587,1,12
64574,64586,64587,1,12
64574,64586,64587,1,12
64574,64586,64587,1,12
64574,64586,64587,1,12
64574,64586,64587,1,12
64574,64586,64587,1,12
64574,64586,64587,1,12
64574,64586,64587,1,12
64574,64587,64588,1,13
64574,64587,64588,1,13
64574,64586,64588,2,12
64574,64587,64588,1,13
64574,64587,64589,2,13
64574,64586,64589,3,12
64574,64589,64590,1,15
64601,64601,64602,1,0
64601,64601,64602,1,0
64601,64601,64602,1,0
64601,64601,64602,1,0
64601,64601,64602,1,0
64601,64601,64602,1,0
64601,64601,64602,1,0
64601,64601,64602,1,0
64601,64601,64602,1,0
64601,64601,64602,1,0
64601,64601,64602,1,0
64601,64601,64602,1,0
64601,64602,64603,1,1
64601,64602,64603,1,1
64601,64602,64603,1,1
64601,64602,64603,1,1
64601,64602,64603,1,1
64601,64602,64603,1,1
64601,64602,64604,2,1
64601,64602,64604,2,1
64601,64602,64603,1,1
64601,64602,64604,2,1
64601,64602,64603,1,1
64601,64602,64604,2,1
64601,64602,64604,2,1
64601,64602,64603,1,1
64601,64601,64605,4,0
64601,64603,64605,2,2
64601,64603,64604,1,2
64601,64603,64604,1,2
64601,64603,64604,1,2
64601,64603,64604,1,2
64601,64603,64605,2,2
64601,64603,64604,1,2
64601,64604,64606,2,3
64601,64604,64606,2,3
64601,64604,64606,2,3
64601,64604,64606,2,3
64601,64604,64606,2,3
64601,64604,64606,2,3
64601,64601,64606,5,0
64601,64605,64607,2,4
64601,64604,64607,3,3
64601,64604,64606,2,3
64601,64605,64607,2,4
64601,64605,64606,1,4
64601,64605,64607,2,4
64601,64605,64607,2,4
64601,64605,64606,1,4
64601,64605,64606,1,4
64601,64606,64608,2,5
64601,64606,64608,2,5
64601,64607,64608,1,6
64601,64607,64608,1,6
64601,64607,64608,1,6
64601,64607,64608,1,6
64601,64607,64608,1,6
64601,64606,64607,1,5
64601,64607,64608,1,6
64601,64606,64608,2,5
64601,64606,64608,2,5
64601,64606,64608,2,5
64601,64605,64608,3,4
64601,64607,64608,1,6
64601,64607,64609,2,6
64601,64607,64608,1,6
64601,64608,64609,1,7
64601,64608,64609,1,7
64601,64608,64610,2,7
64601,64608,64610,2,7
64601,64609,64610,1,8
64601,64609,64610,1,8
64601,64609,64610,1,8
64601,64609,64610,1,8
64601,64609,64610,1,8
64601,64609,64611,2,8
64601,64609,64611,2,8
64601,64609,64612,3,8
64601,64611,64612,1,10
64601,64611,64612,1,10
64601,64611,64612,1,10
64601,64618,64624,6,17
64143,64157,64629,472,14
64141,64157,64638,481,16
63947,63954,64642,688,7
64644,64645,64646,1,1
64644,64645,64646,1,1
64644,64646,64647,1,2
64644,64646,64647,1,2
64644,64645,64646,1,1
64644,64646,64647,1,2
64644,64645,64646,1,1
64644,64646,64647,1,2
64644,64646,64647,1,2
63924,63931,64647,716,7
64644,64646,64647,1,2
64644,64646,64647,1,2
64644,64646,64647,1,2
64644,64646,64647,1,2
64644,64646,64647,1,2
64644,64646,64647,1,2
64644,64646,64647,1,2
64644,64646,64648,2,2
64644,64646,64648,2,2
64644,64647,64648,1,3
64644,64647,64648,1,3
64644,64647,64649,2,3
64644,64647,64648,1,3
64644,64647,64649,2,3
64644,64647,64649,2,3
64644,64647,64649,2,3
64644,64648,64649,1,4
64644,64648,64649,1,4
64644,64649,64650,1,5
64644,64649,64650,1,5
64644,64648,64650,2,4
64644,64648,64650,2,4
64644,64648,64649,1,4
64644,64648,64649,1,4
64644,64649,64650,1,5
64644,64649,64650,1,5
64644,64648,64649,1,4
64644,64648,64649,1,4
64644,64648,64649,1,4
64644,64649,64650,1,5
64644,64648,64650,2,4
64644,64648,64650,2,4
64644,64650,64651,1,6
64644,64650,64651,1,6
64644,64650,64651,1,6
64644,64650,64651,1,6
64644,64650,64651,1,6
64644,64650,64651,1,6
64644,64650,64651,1,6
64644,64650,64651,1,6
64644,64650,64651,1,6
64644,64650,64651,1,6
64644,64650,64651,1,6
64644,64648,64650,2,4
64644,64650,64651,1,6
64644,64650,64651,1,6
64644,64650,64651,1,6
64644,64650,64651,1,6
64644,64650,64651,1,6
64644,64651,64652,1,7
64644,64650,64651,1,6
64644,64650,64651,1,6
64644,64651,64652,1,7
64644,64651,64652,1,7
64644,64651,64652,1,7
64644,64651,64652,1,7
64644,64651,64652,1,7
64644,64651,64652,1,7
64644,64651,64652,1,7
64644,64651,64652,1,7
64644,64651,64652,1,7
64644,64651,64652,1,7
64644,64652,64653,1,8
64644,64652,64653,1,8
64644,64652,64653,1,8
64644,64652,64653,1,8
64644,64652,64653,1,8
64644,64652,64653,1,8
64644,64652,64653,1,8
64645,64652,64653,1,7
64644,64651,64652,1,7
64645,64652,64653,1,7
64645,64652,64653,1,7
64644,64651,64652,1,7
64645,64652,64653,1,7
64645,64652,64653,1,7
64645,64652,64653,1,7
64644,64652,64653,1,8
64644,64652,64653,1,8
64645,64653,64654,1,8
64645,64653,64654,1,8
64645,64653,64654,1,8
64645,64653,64654,1,8
64645,64653,64654,1,8
64645,64653,64654,1,8
64645,64653,64654,1,8
64645,64653,64654,1,8
64645,64653,64654,1,8
64645,64653,64654,1,8
64645,64653,64654,1,8
64645,64653,64655,2,8
64645,64653,64655,2,8
64645,64653,64654,1,8
64645,64653,64655,2,8
64645,64653,64654,1,8
64645,64654,64655,1,9
64645,64654,64655,1,9
64645,64654,64656,2,9
64645,64654,64656,2,9
64645,64654,64656,2,9
64645,64654,64656,2,9
64645,64654,64656,2,9
64645,64654,64656,2,9
64645,64654,64656,2,9
64645,64654,64656,2,9
64645,64654,64656,2,9
64645,64654,64656,2,9
64645,64654,64657,3,9
64645,64656,64658,2,11
64645,64656,64657,1,11
64645,64656,64658,2,11
64645,64656,64658,2,11
64645,64656,64657,1,11
64645,64656,64657,1,11
64645,64655,64658,3,10
64645,64655,64658,3,10
64645,64655,64658,3,10
64645,64656,64658,2,11
64645,64656,64658,2,11
64645,64656,64658,2,11
64645,64656,64657,1,11
64645,64656,64658,2,11
64645,64656,64658,2,11
64645,64656,64658,2,11
64645,64658,64659,1,13
64644,64648,64659,11,4
64645,64657,64659,2,12
64645,64657,64659,2,12
64645,64658,64659,1,13
64645,64658,64659,1,13
64645,64658,64659,1,13
64645,64658,64659,1,13
64645,64658,64659,1,13
64645,64659,64660,1,14
64645,64658,64659,1,13
64645,64659,64660,1,14
64645,64659,64660,1,14
64645,64659,64660,1,14
64645,64659,64660,1,14
64645,64659,64660,1,14
64645,64659,64660,1,14
64645,64659,64660,1,14
64645,64660,64661,1,15
64645,64659,64660,1,14
64645,64659,64660,1,14
64645,64659,64661,2,14
64645,64660,64661,1,15
64645,64660,64661,1,15
64645,64659,64660,1,14
64645,64660,64661,1,15
64645,64660,64661,1,15
64645,64660,64661,1,15
64645,64661,64662,1,16
64645,64660,64661,1,15
64645,64660,64661,1,15
64645,64660,64661,1,15
64647,64661,64662,1,14
64647,64661,64662,1,14
64647,64661,64662,1,14
64647,64661,64662,1,14
64647,64661,64662,1,14
64647,64661,64662,1,14
64645,64661,64662,1,16
64645,64661,64662,1,16
64645,64661,64662,1,16
64645,64661,64662,1,16
64647,64662,64663,1,15
64647,64662,64663,1,15
64647,64662,64663,1,15
64647,64662,64663,1,15
64647,64663,64664,1,16
64647,64663,64664,1,16
64647,64663,64665,2,16
64647,64663,64664,1,16
64647,64663,64664,1,16
64647,64663,64664,1,16
64647,64663,64664,1,16
64647,64663,64665,2,16
64647,64663,64665,2,16
64647,64663,64665,2,16
64647,64663,64665,2,16
64647,64663,64665,2,16
64647,64663,64665,2,16
64647,64663,64665,2,16
64647,64663,64665,2,16
64647,64664,64665,1,17
64647,64664,64665,1,17
64647,64664,64666,2,17
64647,64664,64666,2,17
64647,64666,64667,1,19
64647,64665,64667,2,18
64647,64665,64667,2,18
64647,64665,64667,2,18
64647,64665,64666,1,18
64647,64665,64666,1,18
64647,64665,64666,1,18
64647,64665,64666,1,18
64647,64665,64667,2,18
64647,64665,64667,2,18
64647,64665,64667,2,18
64647,64665,64667,2,18
64647,64665,64667,2,18
64647,64665,64667,2,18
64647,64667,64668,1,20
64647,64667,64668,1,20
64647,64667,64668,1,20
64647,64667,64668,1,20
64647,64667,64668,1,20
64647,64667,64668,1,20
64647,64667,64668,1,20
64647,64667,64668,1,20
64647,64667,64668,1,20
64647,64667,64668,1,20
64647,64667,64668,1,20
64647,64667,64669,2,20
64647,64668,64669,1,21
64647,64668,64669,1,21
64647,64668,64669,1,21
64647,64668,64669,1,21
64647,64667,64668,1,20
64647,64667,64669,2,20
64647,64667,64669,2,20
64647,64667,64668,1,20
64647,64669,64670,1,22
64647,64669,64670,1,22
64647,64669,64670,1,22
64647,64669,64670,1,22
64647,64669,64670,1,22
64647,64669,64670,1,22
64647,64669,64670,1,22
64647,64669,64670,1,22
64647,64669,64670,1,22
64648,64670,64671,1,22
64647,64669,64670,1,22
64647,64669,64670,1,22
64648,64670,64671,1,22
64648,64670,64671,1,22
64648,64670,64671,1,22
64648,64670,64671,1,22
64648,64670,64671,1,22
64648,64670,64671,1,22
64648,64670,64671,1,22
64648,64671,64672,1,23
64648,64671,64673,2,23
64648,64671,64672,1,23
64648,64671,64672,1,23
64648,64671,64672,1,23
64648,64671,64672,1,23
64648,64671,64672,1,23
64648,64671,64672,1,23
64648,64671,64672,1,23
64648,64671,64672,1,23
64648,64671,64673,2,23
64648,64671,64672,1,23
64648,64671,64672,1,23
64648,64671,64673,2,23
64648,64671,64673,2,23
64648,64671,64673,2,23
64648,64672,64673,1,24
64648,64672,64673,1,24
64648,64673,64674,1,25
64648,64673,64674,1,25
64648,64673,64675,2,25
64648,64673,64675,2,25
64648,64673,64675,2,25
64648,64673,64674,1,25
64648,64673,64674,1,25
64648,64673,64675,2,25
64648,64673,64675,2,25
64648,64673,64674,1,25
64648,64673,64675,2,25
64648,64673,64675,2,25
64648,64673,64675,2,25
64648,64674,64675,1,26
64648,64674,64675,1,26
64648,64675,64676,1,27
64648,64675,64676,1,27
64648,64675,64676,1,27
64648,64674,64675,1,26
64648,64675,64676,1,27
64648,64673,64675,2,25
64648,64673,64675,2,25
64648,64675,64676,1,27
64648,64676,64677,1,28
64648,64676,64677,1,28
64648,64676,64677,1,28
64648,64675,64676,1,27
64648,64675,64676,1,27
64648,64675,64676,1,27
64648,64676,64677,1,28
64648,64676,64677,1,28
64648,64675,64676,1,27
64648,64675,64676,1,27
64648,64676,64677,1,28
64648,64676,64677,1,28
64648,64675,64676,1,27
64648,64675,64676,1,27
64648,64675,64676,1,27
64648,64676,64677,1,28
64648,64677,64678,1,29
64648,64677,64678,1,29
64648,64677,64678,1,29
64648,64677,64678,1,29
64648,64677,64678,1,29
64648,64677,64678,1,29
64648,64677,64678,1,29
64648,64677,64678,1,29
64648,64677,64678,1,29
64648,64677,64678,1,29
64648,64676,64677,1,28
64648,64677,64678,1,29
64648,64677,64678,1,29
64648,64678,64679,1,30
64648,64678,64679,1,30
64648,64678,64679,1,30
64648,64678,64679,1,30
64648,64678,64679,1,30
64648,64678,64679,1,30
63998,64006,64740,734,8
64740,64740,64741,1,0
64740,64740,64741,1,0
64740,64740,64741,1,0
64740,64740,64741,1,0
64740,64740,64741,1,0
64740,64740,64741,1,0
64740,64740,64741,1,0
64740,64740,64741,1,0
64740,64740,64741,1,0
64740,64740,64741,1,0
64740,64740,64741,1,0
64740,64740,64741,1,0
64740,64741,64742,1,1
64740,64740,64742,2,0
64740,64740,64741,1,0
64740,64741,64742,1,1
64740,64741,64743,2,1
64740,64741,64743,2,1
64740,64741,64743,2,1
64740,64741,64743,2,1
64740,64741,64742,1,1
64740,64741,64743,2,1
64740,64741,64743,2,1
64740,64741,64743,2,1
64740,64740,64743,3,0
64740,64740,64743,3,0
64740,64741,64743,2,1
64740,64741,64743,2,1
64740,64741,64743,2,1
64740,64742,64744,2,2
64740,64742,64744,2,2
64740,64743,64745,2,3
64740,64743,64745,2,3
64740,64743,64745,2,3
64740,64743,64745,2,3
64740,64743,64745,2,3
64740,64743,64745,2,3
64740,64743,64745,2,3
64740,64743,64745,2,3
64740,64743,64745,2,3
64740,64744,64745,1,4
64740,64744,64745,1,4
64740,64744,64745,1,4
64740,64744,64745,1,4
64740,64744,64745,1,4
64740,64744,64745,1,4
64740,64746,64747,1,6
64740,64746,64747,1,6
64740,64746,64747,1,6
64740,64745,64746,1,5
64740,64746,64747,1,6
64740,64746,64747,1,6
64740,64745,64746,1,5
64740,64746,64747,1,6
64740,64745,64747,2,5
64740,64745,64747,2,5
64740,64745,64747,2,5
64740,64746,64747,1,6
64740,64746,64747,1,6
64740,64746,64747,1,6
64740,64747,64748,1,7
64740,64747,64748,1,7
64740,64747,64748,1,7
64740,64747,64748,1,7
64740,64748,64749,1,8
64740,64748,64749,1,8
64740,64748,64749,1,8
64740,64747,64748,1,7
64740,64747,64748,1,7
64740,64747,64748,1,7
64740,64747,64748,1,7
64740,64748,64749,1,8
64740,64748,64749,1,8
64740,64748,64749,1,8
64740,64748,64749,1,8
64740,64748,64749,1,8
64740,64748,64749,1,8
64740,64748,64749,1,8
64740,64749,64750,1,9
64740,64749,64750,1,9
64740,64749,64750,1,9
64740,64749,64750,1,9
64740,64749,64750,1,9
64740,64749,64750,1,9
64740,64749,64750,1,9
64740,64749,64750,1,9
64740,64749,64750,1,9
64033,64049,64778,729,16
64780,64780,64781,1,0
64780,64780,64781,1,0
64780,64780,64781,1,0
64780,64780,64781,1,0
64780,64780,64781,1,0
64780,64780,64781,1,0
64780,64781,64782,1,1
64780,64781,64782,1,1
64780,64782,64783,1,2
64780,64781,64782,1,1
64780,64782,64783,1,2
64780,64782,64783,1,2
64780,64782,64784,2,2
64780,64782,64783,1,2
64780,64783,64784,1,3
64780,64782,64783,1,2
64780,64782,64783,1,2
64780,64782,64783,1,2
64780,64783,64784,1,3
64780,64784,64785,1,4
64780,64783,64784,1,3
64780,64784,64785,1,4
64780,64783,64784,1,3
64780,64783,64784,1,3
64780,64784,64785,1,4
64780,64784,64785,1,4
64780,64783,64784,1,3
64780,64784,64785,1,4
64780,64784,64785,1,4
64780,64784,64785,1,4
64780,64784,64785,1,4
64780,64784,64785,1,4
64780,64785,64786,1,5
64780,64785,64786,1,5
64780,64785,64786,1,5
64780,64781,64785,4,1
64780,64785,64786,1,5
64780,64785,64786,1,5
64780,64785,64786,1,5
64780,64785,64786,1,5
64780,64785,64786,1,5
64780,64785,64786,1,5
64780,64786,64787,1,6
64780,64786,64787,1,6
64780,64786,64787,1,6
64780,64785,64786,1,5
64780,64785,64786,1,5
64780,64785,64786,1,5
64780,64785,64786,1,5
64780,64781,64787,6,1
64780,64787,64788,1,7
64780,64787,64788,1,7
64780,64786,64787,1,6
64780,64786,64787,1,6
64780,64787,64788,1,7
64780,64787,64788,1,7
64780,64787,64788,1,7
64780,64787,64788,1,7
64780,64787,64788,1,7
64780,64787,64788,1,7
64780,64787,64788,1,7
64780,64788,64789,1,8
64780,64788,64789,1,8
64780,64788,64789,1,8
64780,64788,64789,1,8
64780,64788,64789,1,8
64780,64787,64788,1,7
64780,64787,64788,1,7
64780,64787,64788,1,7
64780,64787,64788,1,7
64780,64789,64790,1,9
64780,64788,64789,1,8
64780,64789,64790,1,9
64780,64788,64789,1,8
64780,64788,64790,2,8
64780,64788,64789,1,8
64780,64789,64790,1,9
64780,64789,64790,1,9
64780,64789,64790,1,9
64780,64789,64790,1,9
64780,64789,64790,1,9
64780,64789,64790,1,9
64780,64789,64790,1,9
64780,64789,64790,1,9
64780,64786,64793,7,6
64780,64788,64793,5,8
64110,64119,64819,700,9
64821,64821,64822,1,0
64821,64821,64822,1,0
64821,64821,64822,1,0
64821,64821,64822,1,0
64821,64822,64823,1,1
64821,64821,64822,1,0
64821,64821,64822,1,0
64821,64822,64823,1,1
64821,64822,64823,1,1
64821,64822,64823,1,1
64821,64821,64822,1,0
64821,64822,64823,1,1
64821,64822,64823,1,1
64821,64822,64823,1,1
64821,64822,64823,1,1
64821,64822,64824,2,1
64821,64823,64825,2,2
64821,64823,64825,2,2
64821,64823,64825,2,2
64821,64823,64825,2,2
64821,64823,64826,3,2
64821,64823,64825,2,2
64821,64823,64825,2,2
64821,64823,64825,2,2
64821,64823,64825,2,2
64821,64824,64826,2,3
64821,64823,64825,2,2
64821,64823,64825,2,2
64821,64823,64825,2,2
64821,64825,64827,2,4
64821,64824,64826,2,3
64821,64825,64826,1,4
64821,64825,64826,1,4
64821,64825,64826,1,4
64821,64824,64826,2,3
64821,64824,64826,2,3
64821,64824,64826,2,3
64821,64826,64828,2,5
64821,64826,64827,1,5
64821,64826,64828,2,5
64821,64826,64827,1,5
64821,64826,64827,1,5
64821,64826,64828,2,5
64821,64826,64827,1,5
64821,64827,64828,1,6
64821,64827,64828,1,6
64821,64827,64828,1,6
64821,64826,64828,2,5
64821,64826,64828,2,5
64821,64827,64828,1,6
64821,64828,64829,1,7
64821,64827,64828,1,6
64821,64828,64829,1,7
64821,64828,64829,1,7
64821,64828,64829,1,7
64821,64828,64829,1,7
64821,64828,64829,1,7
64821,64828,64829,1,7
64821,64827,64829,2,6
64821,64827,64828,1,6
64821,64827,64828,1,6
64821,64828,64829,1,7
64821,64828,64829,1,7
64821,64829,64830,1,8
64821,64829,64830,1,8
64821,64828,64829,1,7
64821,64828,64829,1,7
64821,64829,64830,1,8
64821,64829,64830,1,8
64821,64829,64830,1,8
64821,64829,64830,1,8
64821,64829,64830,1,8
64821,64829,64830,1,8
64821,64829,64830,1,8
64821,64829,64830,1,8
64821,64829,64830,1,8
64821,64829,64830,1,8
64821,64829,64830,1,8
64821,64830,64831,1,9
64821,64829,64830,1,8
64821,64830,64831,1,9
64821,64830,64831,1,9
64821,64830,64831,1,9
64821,64830,64831,1,9
64821,64830,64831,1,9
64821,64830,64831,1,9
64821,64830,64831,1,9
64821,64830,64831,1,9
64821,64830,64831,1,9
64169,64183,64891,708,14
64891,64891,64892,1,0
64891,64891,64892,1,0
64891,64891,64892,1,0
64891,64891,64892,1,0
64891,64891,64892,1,0
64891,64891,64892,1,0
64891,64891,64892,1,0
64891,64891,64892,1,0
64891,64891,64892,1,0
64891,64891,64892,1,0
64891,64891,64892,1,0
64891,64891,64892,1,0
64891,64891,64892,1,0
64891,64891,64892,1,0
64891,64891,64892,1,0
64891,64891,64892,1,0
64891,64891,64892,1,0
64891,64892,64893,1,1
64891,64892,64893,1,1
64891,64892,64893,1,1
64891,64892,64893,1,1
64891,64892,64893,1,1
64891,64892,64894,2,1
64891,64892,64894,2,1
64891,64892,64894,2,1
64891,64893,64894,1,2
64891,64893,64894,1,2
64891,64893,64894,1,2
64891,64892,64894,2,1
64891,64892,64894,2,1
64891,64893,64895,2,2
64891,64893,64896,3,2
64891,64894,64895,1,3
64891,64894,64895,1,3
64891,64894,64895,1,3
64891,64892,64895,3,1
64891,64893,64895,2,2
64891,64893,64895,2,2
64891,64893,64895,2,2
64891,64895,64896,1,4
64891,64895,64896,1,4
64891,64895,64896,1,4
64891,64895,64896,1,4
64891,64895,64896,1,4
64891,64894,64897,3,3
64891,64896,64897,1,5
64891,64896,64897,1,5
64891,64895,64897,2,4
64891,64895,64897,2,4
64891,64896,64897,1,5
64891,64896,64897,1,5
64891,64896,64897,1,5
64891,64896,64897,1,5
64891,64896,64897,1,5
64891,64896,64898,2,5
64891,64896,64898,2,5
64891,64898,64899,1,7
64891,64898,64899,1,7
64891,64897,64898,1,6
64891,64898,64899,1,7
64891,64897,64898,1,6
64891,64897,64898,1,6
64891,64898,64899,1,7
64891,64897,64898,1,6
64891,64897,64898,1,6
64891,64898,64899,1,7
64891,64899,64900,1,8
64891,64899,64900,1,8
64891,64898,64899,1,7
64891,64899,64900,1,8
64891,64898,64899,1,7
64891,64899,64900,1,8
64891,64899,64900,1,8
64891,64898,64899,1,7
64891,64898,64899,1,7
64891,64899,64900,1,8
64891,64899,64900,1,8
64891,64900,64901,1,9
64891,64899,64900,1,8
64891,64899,64900,1,8
64891,64899,64900,1,8
64891,64900,64901,1,9
64891,64900,64901,1,9
64891,64899,64900,1,8
64891,64899,64900,1,8
64891,64900,64901,1,9
64891,64900,64901,1,9
64891,64900,64901,1,9
64891,64901,64902,1,10
64891,64900,64901,1,9
64891,64901,64902,1,10
64418,64426,64901,475,8
64919,64919,64920,1,0
64919,64919,64920,1,0
64919,64919,64920,1,0
64919,64919,64920,1,0
64919,64919,64920,1,0
64919,64919,64920,1,0
64919,64919,64920,1,0
64919,64919,64920,1,0
64919,64919,64920,1,0
64919,64919,64920,1,0
64919,64919,64921,2,0
64919,64920,64921,1,1
64919,64920,64921,1,1
64919,64920,64921,1,1
64919,64920,64921,1,1
64919,64920,64921,1,1
64919,64920,64921,1,1
64919,64919,64920,1,0
64919,64920,64921,1,1
64919,64920,64921,1,1
64919,64920,64921,1,1
64919,64920,64921,1,1
64919,64921,64922,1,2
64919,64920,64921,1,1
64919,64921,64922,1,2
64919,64920,64921,1,1
64919,64920,64922,2,1
64919,64920,64921,1,1
64919,64920,64922,2,1
64919,64921,64922,1,2
64919,64921,64922,1,2
64919,64922,64923,1,3
64919,64921,64922,1,2
64919,64921,64922,1,2
64919,64922,64923,1,3
64919,64921,64922,1,2
64919,64921,64923,2,2
64919,64923,64924,1,4
64919,64922,64923,1,3
64919,64922,64923,1,3
64919,64922,64923,1,3
64919,64922,64924,2,3
64919,64923,64924,1,4
64919,64922,64924,2,3
64919,64923,64924,1,4
64919,64923,64924,1,4
64919,64923,64924,1,4
64919,64923,64924,1,4
64919,64922,64924,2,3
64919,64922,64924,2,3
64919,64922,64924,2,3
64919,64922,64924,2,3
64919,64924,64925,1,5
64919,64924,64925,1,5
64919,64923,64924,1,4
64919,64924,64925,1,5
64919,64924,64925,1,5
64919,64924,64925,1,5
64919,64924,64925,1,5
64035,64049,64925,876,14
64919,64924,64925,1,5
64919,64924,64925,1,5
64919,64924,64925,1,5
64919,64924,64925,1,5
64919,64924,64925,1,5
64919,64924,64925,1,5
64919,64924,64925,1,5
64919,64924,64925,1,5
64919,64925,64926,1,6
64919,64925,64926,1,6
64919,64925,64926,1,6
64919,64924,64926,2,5
64919,64925,64926,1,6
64919,64925,64926,1,6
64919,64925,64926,1,6
64919,64925,64926,1,6
64919,64925,64926,1,6
64919,64925,64926,1,6
64919,64925,64926,1,6
64919,64924,64926,2,5
64919,64926,64927,1,7
64919,64925,64926,1,6
64919,64926,64927,1,7
64919,64926,64927,1,7
64926,64927,64928,1,1
64926,64927,64928,1,1
64926,64928,64929,1,2
64926,64928,64929,1,2
64926,64927,64928,1,1
64926,64927,64928,1,1
64926,64929,64930,1,3
64926,64929,64930,1,3
64926,64928,64929,1,2
64926,64928,64929,1,2
64926,64928,64929,1,2
64926,64928,64929,1,2
64926,64928,64929,1,2
64926,64930,64931,1,4
64926,64929,64930,1,3
64926,64929,64930,1,3
64926,64930,64931,1,4
64926,64929,64930,1,3
64926,64929,64930,1,3
64926,64929,64930,1,3
64926,64929,64931,2,3
64926,64929,64930,1,3
64926,64931,64932,1,5
64926,64930,64931,1,4
64926,64930,64931,1,4
64926,64930,64931,1,4
64926,64930,64931,1,4
64926,64930,64931,1,4
64926,64930,64931,1,4
64926,64930,64931,1,4
64926,64931,64932,1,5
64926,64932,64933,1,6
64926,64931,64932,1,5
64926,64931,64932,1,5
64926,64931,64932,1,5
64926,64931,64932,1,5
64926,64931,64932,1,5
64926,64931,64932,1,5
64926,64931,64933,2,5
64926,64931,64933,2,5
64926,64932,64934,2,6
64926,64933,64934,1,7
64926,64932,64933,1,6
64926,64933,64934,1,7
64926,64932,64933,1,6
64926,64932,64934,2,6
64926,64932,64934,2,6
64926,64932,64933,1,6
64926,64932,64933,1,6
64206,64213,64934,721,7
64926,64933,64934,1,7
64926,64933,64934,1,7
64926,64933,64934,1,7
64926,64933,64934,1,7
64926,64933,64934,1,7
64926,64933,64934,1,7
64926,64933,64934,1,7
64926,64933,64935,2,7
64926,64934,64935,1,8
64926,64934,64935,1,8
64926,64934,64935,1,8
64926,64935,64936,1,9
64926,64934,64935,1,8
64926,64935,64936,1,9
64926,64935,64936,1,9
64926,64934,64935,1,8
64926,64934,64935,1,8
64926,64934,64936,2,8
64926,64934,64935,1,8
64926,64934,64936,2,8
64926,64935,64936,1,9
64926,64936,64937,1,10
64926,64936,64937,1,10
64926,64936,64937,1,10
64926,64936,64937,1,10
64926,64935,64936,1,9
64926,64935,64936,1,9
64926,64936,64937,1,10
64926,64936,64937,1,10
64926,64936,64937,1,10
64926,64936,64937,1,10
64926,64935,64936,1,9
64926,64936,64937,1,10
64926,64935,64937,2,9
64926,64938,64939,1,12
64947,64947,64948,1,0
64947,64947,64948,1,0
64947,64947,64948,1,0
64947,64947,64948,1,0
64947,64947,64948,1,0
64213,64221,64948,727,8
64947,64947,64948,1,0
64947,64947,64948,1,0
64947,64947,64948,1,0
64947,64948,64949,1,1
64947,64948,64949,1,1
64947,64947,64949,2,0
64947,64949,64950,1,2
64947,64948,64949,1,1
64947,64948,64950,2,1
64947,64949,64950,1,2
64947,64949,64950,1,2
64947,64949,64950,1,2
64947,64949,64950,1,2
64947,64949,64950,1,2
64947,64949,64950,1,2
64947,64950,64951,1,3
64947,64949,64950,1,2
64947,64949,64950,1,2
64947,64949,64950,1,2
64947,64949,64950,1,2
64947,64949,64950,1,2
64947,64950,64951,1,3
64947,64950,64951,1,3
64460,64468,64951,483,8
64947,64949,64951,2,2
64947,64951,64952,1,4
64947,64951,64952,1,4
64947,64951,64952,1,4
64947,64951,64952,1,4
64947,64951,64952,1,4
64947,64951,64953,2,4
64947,64951,64952,1,4
64947,64951,64952,1,4
64947,64951,64952,1,4
64947,64951,64952,1,4
64947,64951,64952,1,4
64947,64952,64953,1,5
64947,64953,64954,1,6
64947,64953,64954,1,6
64947,64951,64953,2,4
64947,64951,64953,2,4
64947,64952,64954,2,5
64947,64952,64954,2,5
64947,64951,64953,2,4
64947,64952,64953,1,5
64947,64953,64954,1,6
64947,64953,64954,1,6
64947,64953,64954,1,6
64947,64954,64955,1,7
64947,64954,64955,1,7
64947,64953,64954,1,6
64947,64954,64955,1,7
64947,64953,64954,1,6
64947,64953,64954,1,6
64947,64954,64955,1,7
64947,64953,64954,1,6
64947,64954,64955,1,7
64947,64953,64954,1,6
64947,64953,64954,1,6
64947,64954,64955,1,7
64947,64954,64955,1,7
64947,64954,64955,1,7
64947,64954,64955,1,7
64947,64955,64956,1,8
64947,64954,64956,2,7
64947,64954,64955,1,7
64947,64954,64955,1,7
64947,64955,64956,1,8
64947,64955,64956,1,8
64947,64955,64956,1,8
64947,64955,64956,1,8
64947,64955,64956,1,8
64947,64955,64956,1,8
64947,64955,64956,1,8
64947,64955,64956,1,8
64947,64955,64956,1,8
64947,64955,64956,1,8
64947,64956,64957,1,9
64947,64956,64957,1,9
64947,64956,64957,1,9
64947,64956,64957,1,9
64947,64955,64957,2,8
64947,64951,64963,12,4
64967,64967,64968,1,0
64967,64967,64968,1,0
64967,64967,64968,1,0
64967,64967,64968,1,0
64967,64967,64968,1,0
64967,64967,64968,1,0
64967,64967,64968,1,0
64967,64967,64968,1,0
64967,64967,64968,1,0
64967,64967,64968,1,0
64967,64967,64968,1,0
64967,64967,64969,2,0
64967,64967,64969,2,0
64967,64967,64969,2,0
64967,64968,64969,1,1
64967,64968,64969,1,1
64967,64967,64969,2,0
64967,64967,64969,2,0
64967,64968,64970,2,1
64967,64968,64969,1,1
64967,64967,64969,2,0
64967,64968,64970,2,1
64967,64968,64970,2,1
64967,64969,64970,1,2
64967,64968,64970,2,1
64967,64969,64970,1,2
64967,64969,64970,1,2
64967,64968,64970,2,1
64967,64969,64971,2,2
64967,64969,64971,2,2
64967,64970,64971,1,3
64967,64971,64972,1,4
64967,64970,64971,1,3
64967,64970,64971,1,3
64967,64970,64971,1,3
64967,64971,64972,1,4
64967,64971,64972,1,4
64967,64970,64972,2,3
64967,64971,64972,1,4
64967,64971,64972,1,4
64967,64971,64972,1,4
64967,64971,64972,1,4
64967,64972,64973,1,5
64967,64972,64973,1,5
64967,64970,64973,3,3
64967,64972,64973,1,5
64967,64972,64973,1,5
64967,64971,64973,2,4
64967,64971,64973,2,4
64967,64973,64974,1,6
64967,64973,64974,1,6
64967,64972,64973,1,5
64967,64973,64974,1,6
64967,64973,64974,1,6
64967,64973,64974,1,6
64967,64973,64974,1,6
64967,64973,64974,1,6
64967,64974,64975,1,7
64967,64974,64975,1,7
64967,64974,64975,1,7
64967,64974,64975,1,7
64967,64974,64975,1,7
64967,64974,64975,1,7
64967,64972,64974,2,5
64967,64974,64975,1,7
64967,64975,64976,1,8
64967,64975,64976,1,8
64967,64975,64976,1,8
64967,64975,64976,1,8
64967,64975,64976,1,8
64967,64976,64977,1,9
64967,64976,64977,1,9
64967,64976,64977,1,9
64967,64976,64977,1,9
64967,64976,64977,1,9
64967,64976,64978,2,9
64967,64976,64978,2,9
64967,64977,64978,1,10
64967,64977,64978,1,10
64967,64977,64978,1,10
64967,64975,64977,2,8
64967,64975,64978,3,8
64967,64977,64978,1,10
64967,64977,64978,1,10
64967,64978,64979,1,11
64967,64978,64979,1,11
64967,64978,64979,1,11
64967,64978,64979,1,11
64967,64978,64979,1,11
64967,64977,64978,1,10
64967,64977,64979,2,10
64967,64977,64979,2,10
64967,64977,64979,2,10
64967,64977,64978,1,10
64967,64978,64979,1,11
64967,64978,64979,1,11
64967,64978,64979,1,11
64967,64978,64979,1,11
64967,64979,64980,1,12
64967,64979,64980,1,12
64967,64978,64980,2,11
64967,64979,64980,1,12
64967,64979,64980,1,12
64967,64979,64980,1,12
64967,64979,64980,1,12
64967,64979,64980,1,12
64967,64979,64980,1,12
64967,64979,64980,1,12
64967,64980,64981,1,13
64967,64980,64981,1,13
64967,64980,64981,1,13
64967,64978,64980,2,11
64967,64980,64981,1,13
64967,64980,64981,1,13
64967,64980,64981,1,13
64967,64980,64981,1,13
64967,64980,64981,1,13
64967,64979,64980,1,12
64967,64979,64980,1,12
64967,64980,64981,1,13
64967,64981,64982,1,14
64967,64980,64981,1,13
64967,64981,64982,1,14
64967,64981,64982,1,14
64967,64980,64981,1,13
64967,64981,64982,1,14
64967,64981,64982,1,14
64967,64981,64982,1,14
64967,64981,64982,1,14
64967,64981,64982,1,14
64967,64982,64983,1,15
64967,64982,64983,1,15
64967,64982,64983,1,15
64967,64981,64983,2,14
64967,64981,64983,2,14
64967,64982,64983,1,15
64967,64983,64984,1,16
64967,64983,64984,1,16
64967,64981,64983,2,14
64967,64983,64984,1,16
64967,64983,64984,1,16
64967,64982,64984,2,15
64967,64982,64984,2,15
64967,64984,64985,1,17
64967,64984,64985,1,17
64967,64983,64984,1,16
64967,64978,64986,8,11
64215,64221,64986,765,6
65002,65002,65003,1,0
65002,65002,65003,1,0
65002,65002,65003,1,0
65002,65002,65003,1,0
65002,65002,65003,1,0
65002,65002,65003,1,0
65002,65002,65003,1,0
65002,65002,65003,1,0
65002,65002,65003,1,0
65002,65002,65003,1,0
65002,65002,65003,1,0
65002,65002,65003,1,0
65002,65002,65003,1,0
65002,65002,65003,1,0
65002,65002,65004,2,0
65002,65002,65004,2,0
65002,65002,65004,2,0
65002,65002,65004,2,0
65002,65003,65004,1,1
65002,65003,65005,2,1
65002,65003,65005,2,1
65002,65003,65005,2,1
65002,65003,65005,2,1
65002,65003,65005,2,1
65002,65003,65005,2,1
65002,65003,65005,2,1
65002,65003,65005,2,1
65002,65003,65005,2,1
65002,65003,65005,2,1
65002,65004,65005,1,2
65002,65004,65005,1,2
65002,65004,65005,1,2
65002,65004,65006,2,2
65002,65004,65006,2,2
65002,65006,65007,1,4
65002,65005,65006,1,3
65002,65005,65006,1,3
65002,65006,65007,1,4
65002,65006,65007,1,4
65002,65006,65007,1,4
65002,65006,65007,1,4
65002,65006,65007,1,4
65002,65006,65007,1,4
65002,65006,65007,1,4
65002,65006,65007,1,4
65002,65006,65007,1,4
65002,65007,65008,1,5
65002,65006,65007,1,4
65002,65006,65007,1,4
65002,65006,65007,1,4
65002,65006,65007,1,4
65002,65006,65007,1,4
65002,65007,65008,1,5
65002,65007,65008,1,5
65002,65008,65009,1,6
65002,65008,65009,1,6
65002,65008,65009,1,6
65002,65008,65009,1,6
65002,65008,65009,1,6
65002,65009,65010,1,7
65002,65009,65010,1,7
65002,65009,65010,1,7
64302,64308,65009,701,6
65002,65008,65009,1,6
65002,65009,65010,1,7
65002,65009,65010,1,7
65002,65009,65010,1,7
65002,65010,65011,1,8
65002,65009,65010,1,7
65002,65010,65011,1,8
65002,65009,65010,1,7
65002,65010,65011,1,8
65013,65013,65014,1,0
65013,65013,65014,1,0
65013,65013,65014,1,0
65013,65014,65015,1,1
65013,65013,65014,1,0
65013,65013,65014,1,0
65013,65014,65015,1,1
65013,65014,65015,1,1
65013,65014,65015,1,1
65013,65014,65015,1,1
65013,65014,65016,2,1
65013,65014,65015,1,1
65013,65014,65015,1,1
65013,65014,65015,1,1
65013,65014,65015,1,1
65013,65014,65015,1,1
65013,65014,65015,1,1
65013,65014,65015,1,1
65013,65015,65016,1,2
65013,65015,65016,1,2
65013,65015,65016,1,2
65013,65015,65016,1,2
65013,65015,65016,1,2
65013,65015,65016,1,2
65013,65016,65017,1,3
65013,65016,65017,1,3
65013,65016,65017,1,3
65013,65016,65017,1,3
65013,65016,65017,1,3
65013,65016,65017,1,3
65013,65016,65017,1,3
65013,65017,65018,1,4
65013,65016,65017,1,3
65013,65016,65017,1,3
65013,65017,65018,1,4
65013,65016,65017,1,3
65013,65016,65017,1,3
65013,65017,65018,1,4
65013,65016,65017,1,3
65013,65017,65018,1,4
65013,65017,65018,1,4
65013,65018,65019,1,5
65013,65018,65019,1,5
65013,65018,65019,1,5
65013,65018,65019,1,5
65013,65018,65019,1,5
65013,65017,65018,1,4
65013,65018,65019,1,5
65013,65018,65019,1,5
65013,65018,65019,1,5
65013,65018,65019,1,5
65013,65018,65019,1,5
65013,65018,65019,1,5
65013,65018,65019,1,5
65013,65019,65020,1,6
65013,65019,65020,1,6
65013,65019,65020,1,6
65013,65019,65020,1,6
65013,65019,65020,1,6
65013,65019,65020,1,6
65013,65019,65020,1,6
65013,65019,65020,1,6
65013,65019,65020,1,6
65013,65019,65020,1,6
65013,65019,65020,1,6
65013,65019,65020,1,6
65013,65019,65020,1,6
65013,65020,65021,1,7
65013,65020,65021,1,7
65013,65020,65021,1,7
65013,65020,65021,1,7
65013,65020,65021,1,7
65013,65020,65021,1,7
65013,65019,65020,1,6
65013,65019,65020,1,6
65013,65020,65021,1,7
65013,65020,65021,1,7
65013,65020,65021,1,7
65013,65020,65021,1,7
65013,65020,65021,1,7
64575,64587,65067,480,12
65068,65069,65070,1,1
65068,65069,65070,1,1
65068,65069,65070,1,1
65068,65070,65071,1,2
65068,65069,65071,2,1
65068,65069,65071,2,1
65068,65070,65071,1,2
65068,65070,65071,1,2
65068,65070,65071,1,2
65068,65070,65071,1,2
65068,65070,65071,1,2
65068,65070,65072,2,2
65068,65070,65071,1,2
65068,65070,65071,1,2
65068,65070,65071,1,2
65068,65071,65072,1,3
65068,65072,65073,1,4
65068,65071,65072,1,3
65068,65072,65073,1,4
65068,65072,65073,1,4
65068,65072,65074,2,4
65068,65072,65073,1,4
65068,65072,65073,1,4
65068,65072,65074,2,4
65068,65070,65073,3,2
65068,65072,65074,2,4
65068,65072,65074,2,4
65068,65073,65074,1,5
65068,65071,65074,3,3
65068,65073,65075,2,5
65068,65072,65074,2,4
65068,65072,65074,2,4
65068,65073,65074,1,5
65068,65073,65075,2,5
65068,65074,65075,1,6
65068,65075,65076,1,7
65068,65074,65075,1,6
65068,65074,65076,2,6
65068,65075,65076,1,7
65068,65074,65075,1,6
65068,65074,65075,1,6
65068,65074,65076,2,6
65068,65074,65075,1,6
65068,65075,65076,1,7
65068,65071,65075,4,3
65068,65075,65076,1,7
65068,65075,65076,1,7
65068,65076,65077,1,8
65068,65076,65077,1,8
65068,65076,65077,1,8
65068,65076,65077,1,8
65068,65076,65077,1,8
65068,65076,65077,1,8
65068,65077,65078,1,9
65068,65077,65078,1,9
65068,65075,65077,2,7
65068,65077,65078,1,9
65068,65077,65078,1,9
65068,65077,65078,1,9
65068,65077,65078,1,9
65068,65077,65078,1,9
65068,65078,65079,1,10
65068,65077,65079,2,9
65068,65078,65079,1,10
65068,65078,65079,1,10
65068,65078,65079,1,10
65068,65078,65079,1,10
65068,65078,65079,1,10
65068,65078,65079,1,10
65068,65078,65079,1,10
65068,65078,65079,1,10
65068,65078,65079,1,10
65068,65075,65078,3,7
65068,65078,65079,1,10
65068,65078,65081,3,10
65068,65077,65081,4,9
64602,64611,65082,471,9
65097,65097,65098,1,0
65097,65097,65098,1,0
65097,65097,65098,1,0
65097,65097,65098,1,0
65097,65097,65098,1,0
65097,65097,65098,1,0
65097,65097,65098,1,0
65097,65097,65098,1,0
65097,65097,65098,1,0
65097,65097,65098,1,0
65097,65097,65098,1,0
65097,65097,65098,1,0
65097,65098,65099,1,1
65097,65097,65099,2,0
65097,65097,65099,2,0
65097,65098,65099,1,1
65097,65098,65099,1,1
65097,65098,65099,1,1
65097,65098,65099,1,1
65097,65098,65099,1,1
65097,65098,65099,1,1
65097,65098,65099,1,1
65097,65098,65099,1,1
65097,65098,65099,1,1
65097,65097,65098,1,0
65097,65098,65099,1,1
65097,65098,65099,1,1
65097,65099,65100,1,2
65097,65099,65100,1,2
65097,65098,65099,1,1
65097,65099,65100,1,2
65097,65099,65100,1,2
65097,65099,65100,1,2
65097,65099,65100,1,2
65097,65099,65100,1,2
65097,65099,65100,1,2
65097,65099,65100,1,2
65097,65099,65100,1,2
65097,65099,65101,2,2
65097,65099,65100,1,2
65097,65099,65101,2,2
65097,65100,65101,1,3
65097,65099,65101,2,2
65097,65099,65101,2,2
65097,65100,65101,1,3
65097,65099,65101,2,2
65097,65100,65101,1,3
65097,65100,65101,1,3
65097,65100,65101,1,3
65097,65100,65101,1,3
65097,65100,65102,2,3
65097,65101,65102,1,4
65097,65100,65102,2,3
65097,65101,65102,1,4
65097,65100,65102,2,3
65097,65100,65102,2,3
65097,65102,65103,1,5
65097,65102,65103,1,5
65097,65102,65103,1,5
65097,65102,65103,1,5
65097,65103,65104,1,6
65097,65103,65104,1,6
65097,65103,65104,1,6
65097,65103,65104,1,6
65097,65104,65105,1,7
65097,65104,65105,1,7
65097,65104,65105,1,7
65097,65103,65105,2,6
64652,64678,65174,496,26
65175,65175,65176,1,0
65175,65175,65176,1,0
65175,65175,65176,1,0
65175,65175,65176,1,0
65175,65175,65176,1,0
65175,65175,65176,1,0
65175,65175,65176,1,0
65175,65175,65176,1,0
65175,65175,65176,1,0
65175,65175,65176,1,0
65175,65175,65177,2,0
65175,65175,65176,1,0
65175,65175,65176,1,0
65175,65175,65176,1,0
65175,65175,65176,1,0
65175,65175,65177,2,0
65175,65176,65177,1,1
65175,65176,65178,2,1
65175,65176,65178,2,1
65175,65176,65178,2,1
65175,65176,65178,2,1
65175,65176,65178,2,1
65175,65176,65177,1,1
65175,65176,65177,1,1
65175,65176,65177,1,1
65175,65176,65178,2,1
65175,65177,65179,2,2
65175,65177,65179,2,2
65175,65177,65179,2,2
65175,65177,65179,2,2
65175,65176,65178,2,1
65175,65178,65180,2,3
65175,65178,65179,1,3
65175,65178,65179,1,3
65175,65178,65180,2,3
65175,65178,65180,2,3
65175,65178,65180,2,3
65175,65178,65179,1,3
65175,65178,65180,2,3
65175,65178,65180,2,3
65175,65180,65181,1,5
65175,65180,65181,1,5
65175,65179,65181,2,4
65175,65179,65181,2,4
65175,65178,65180,2,3
65175,65179,65181,2,4
65175,65179,65181,2,4
65175,65179,65181,2,4
65175,65180,65182,2,5
65175,65181,65182,1,6
65175,65181,65182,1,6
65175,65180,65181,1,5
65175,65180,65182,2,5
65175,65180,65181,1,5
65175,65180,65181,1,5
65175,65180,65182,2,5
65175,65180,65182,2,5
65175,65181,65182,1,6
65175,65180,65182,2,5
65175,65181,65183,2,6
65175,65181,65183,2,6
65175,65182,65183,1,7
65175,65182,65183,1,7
65175,65181,65183,2,6
65175,65182,65183,1,7
65175,65182,65183,1,7
65175,65182,65183,1,7
65175,65182,65183,1,7
65175,65182,65183,1,7
65175,65181,65182,1,6
65175,65182,65183,1,7
65175,65181,65182,1,6
65175,65177,65183,6,2
65175,65183,65184,1,8
65175,65182,65183,1,7
65175,65183,65184,1,8
65175,65183,65184,1,8
65175,65183,65184,1,8
65175,65183,65184,1,8
65175,65183,65184,1,8
65175,65184,65185,1,9
65175,65184,65185,1,9
65175,65184,65185,1,9
65175,65184,65185,1,9
65175,65184,65185,1,9
65175,65184,65185,1,9
64525,64532,65243,711,7
65244,65244,65245,1,0
65244,65244,65245,1,0
65244,65244,65245,1,0
65244,65244,65245,1,0
65244,65244,65245,1,0
65244,65244,65245,1,0
65244,65244,65245,1,0
65244,65244,65245,1,0
65244,65244,65245,1,0
65244,65244,65245,1,0
65244,65244,65246,2,0
65244,65244,65246,2,0
65244,65244,65246,2,0
65244,65245,65246,1,1
65244,65244,65245,1,0
65244,65244,65245,1,0
65244,65245,65246,1,1
65244,65244,65246,2,0
65244,65244,65247,3,0
65244,65245,65246,1,1
65244,65246,65247,1,2
65244,65245,65247,2,1
65244,65245,65247,2,1
65244,65245,65247,2,1
65244,65245,65246,1,1
65244,65245,65246,1,1
65244,65246,65247,1,2
65244,65246,65247,1,2
65244,65246,65248,2,2
65244,65246,65248,2,2
65244,65247,65248,1,3
65244,65247,65248,1,3
65244,65247,65248,1,3
64742,64750,65248,498,8
65244,65246,65248,2,2
65244,65246,65248,2,2
65244,65247,65248,1,3
65244,65248,65249,1,4
65244,65248,65249,1,4
65244,65248,65249,1,4
65244,65248,65250,2,4
65244,65248,65249,1,4
65244,65249,65250,1,5
65244,65250,65251,1,6
65244,65250,65251,1,6
65244,65250,65251,1,6
65244,65251,65252,1,7
65244,65251,65252,1,7
65244,65251,65252,1,7
65244,65251,65252,1,7
65244,65251,65252,1,7
65244,65251,65252,1,7
65244,65252,65253,1,8
65250,65252,65253,1,2
65250,65252,65253,1,2
65250,65252,65253,1,2
65250,65252,65253,1,2
65250,65252,65253,1,2
65250,65252,65253,1,2
65250,65252,65253,1,2
65250,65252,65253,1,2
65250,65252,65253,1,2
65250,65253,65254,1,3
65250,65253,65254,1,3
65250,65253,65254,1,3
65250,65253,65255,2,3
65250,65253,65254,1,3
65250,65253,65254,1,3
65250,65253,65254,1,3
65250,65253,65255,2,3
65250,65253,65255,2,3
65250,65253,65254,1,3
65250,65253,65255,2,3
65250,65253,65255,2,3
65250,65253,65255,2,3
65250,65253,65255,2,3
65250,65253,65255,2,3
64493,64500,65256,756,7
65250,65254,65256,2,4
65250,65253,65256,3,3
65250,65255,65257,2,5
65250,65255,65256,1,5
65250,65255,65256,1,5
65250,65255,65256,1,5
65250,65255,65257,2,5
65250,65255,65257,2,5
65250,65255,65257,2,5
65250,65255,65257,2,5
65250,65255,65257,2,5
65250,65255,65257,2,5
65250,65255,65257,2,5
65250,65256,65258,2,6
65250,65256,65258,2,6
65250,65256,65258,2,6
65250,65256,65258,2,6
65250,65257,65259,2,7
65250,65257,65258,1,7
65250,65257,65259,2,7
65250,65257,65259,2,7
65250,65257,65258,1,7
65250,65257,65258,1,7
65250,65257,65258,1,7
65250,65257,65258,1,7
65250,65257,65259,2,7
65250,65257,65258,1,7
65250,65257,65258,1,7
65250,65258,65259,1,8
65250,65258,65259,1,8
65250,65259,65260,1,9
65250,65258,65259,1,8
65250,65258,65259,1,8
65250,65258,65259,1,8
65250,65259,65260,1,9
65250,65259,65260,1,9
65250,65259,65260,1,9
65250,65259,65260,1,9
65250,65259,65260,1,9
65250,65259,65260,1,9
65250,65259,65260,1,9
65250,65259,65260,1,9
65250,65258,65260,2,8
65250,65258,65260,2,8
65250,65259,65260,1,9
65250,65259,65260,1,9
65250,65260,65261,1,10
65250,65260,65261,1,10
65250,65260,65261,1,10
65250,65260,65261,1,10
65250,65260,65261,1,10
65250,65260,65261,1,10
65250,65260,65261,1,10
65250,65260,65261,1,10
65250,65260,65261,1,10
65250,65260,65261,1,10
65250,65260,65261,1,10
65250,65261,65262,1,11
65250,65260,65261,1,10
65250,65261,65262,1,11
65250,65261,65262,1,11
65250,65259,65262,3,9
65250,65261,65262,1,11
65250,65261,65262,1,11
65250,65261,65262,1,11
65250,65261,65262,1,11
65250,65261,65262,1,11
65266,65266,65267,1,0
65266,65266,65267,1,0
65266,65266,65267,1,0
65266,65266,65267,1,0
65266,65266,65267,1,0
65266,65266,65267,1,0
65266,65266,65267,1,0
65266,65266,65267,1,0
65266,65266,65267,1,0
65266,65266,65267,1,0
65266,65266,65267,1,0
65266,65266,65267,1,0
65266,65266,65267,1,0
65266,65266,65268,2,0
65266,65266,65268,2,0
65266,65268,65269,1,2
65266,65266,65268,2,0
65266,65266,65268,2,0
65266,65267,65269,2,1
65266,65267,65269,2,1
65266,65268,65269,1,2
65266,65267,65269,2,1
65266,65268,65269,1,2
65266,65268,65269,1,2
65266,65268,65269,1,2
65266,65269,65270,1,3
65266,65268,65269,1,2
65266,65268,65269,1,2
65266,65269,65270,1,3
65266,65270,65271,1,4
65266,65269,65270,1,3
65266,65269,65270,1,3
65266,65269,65271,2,3
65266,65270,65271,1,4
65266,65270,65271,1,4
65266,65271,65272,1,5
65266,65272,65273,1,6
65266,65272,65273,1,6
65266,65272,65273,1,6
65266,65273,65274,1,7
65266,65273,65274,1,7
65266,65273,65274,1,7
65266,65273,65274,1,7
65266,65273,65274,1,7
65266,65273,65274,1,7
65266,65273,65274,1,7
65266,65273,65274,1,7
65266,65273,65274,1,7
65266,65274,65275,1,8
65266,65271,65294,23,5
64822,64830,65311,481,8
65312,65312,65313,1,0
65312,65312,65313,1,0
65312,65312,65313,1,0
65312,65312,65313,1,0
65312,65312,65313,1,0
65312,65312,65313,1,0
65312,65312,65313,1,0
65312,65312,65314,2,0
65312,65313,65314,1,1
65312,65313,65315,2,1
65312,65313,65315,2,1
65312,65313,65314,1,1
65312,65313,65315,2,1
65312,65313,65315,2,1
65312,65312,65314,2,0
65312,65313,65315,2,1
65312,65312,65314,2,0
65312,65314,65315,1,2
65312,65314,65316,2,2
65312,65314,65316,2,2
65312,65315,65316,1,3
65312,65314,65316,2,2
65312,65314,65316,2,2
65312,65315,65316,1,3
65312,65315,65316,1,3
65312,65315,65316,1,3
65312,65314,65316,2,2
65312,65315,65316,1,3
65312,65315,65317,2,3
65312,65315,65317,2,3
65312,65315,65317,2,3
65312,65316,65318,2,4
65312,65315,65317,2,3
65312,65316,65318,2,4
65312,65317,65318,1,5
65312,65317,65319,2,5
65312,65317,65318,1,5
65312,65317,65318,1,5
65312,65317,65319,2,5
65312,65317,65318,1,5
65312,65317,65318,1,5
65312,65317,65319,2,5
65312,65317,65319,2,5
65312,65317,65319,2,5
65312,65317,65319,2,5
65312,65319,65320,1,7
65312,65317,65319,2,5
65312,65319,65320,1,7
65312,65319,65320,1,7
65312,65319,65320,1,7
65312,65318,65319,1,6
65312,65319,65320,1,7
65312,65318,65319,1,6
65312,65318,65319,1,6
65312,65320,65321,1,8
65312,65319,65320,1,7
65312,65320,65321,1,8
65312,65320,65321,1,8
65312,65320,65321,1,8
65312,65319,65320,1,7
65312,65320,65321,1,8
65312,65320,65321,1,8
65312,65319,65321,2,7
65312,65320,65321,1,8
65312,65319,65321,2,7
65312,65319,65321,2,7
65312,65320,65322,2,8
65312,65320,65321,1,8
65312,65321,65322,1,9
65312,65321,65322,1,9
65312,65321,65322,1,9
65312,65321,65322,1,9
65312,65321,65322,1,9
65312,65321,65322,1,9
65312,65321,65322,1,9
65312,65321,65322,1,9
65312,65321,65322,1,9
65312,65320,65321,1,8
65312,65321,65322,1,9
65312,65321,65322,1,9
65312,65322,65323,1,10
65312,65322,65323,1,10
65312,65322,65323,1,10
65312,65322,65323,1,10
65312,65322,65323,1,10
65312,65322,65323,1,10
65312,65322,65323,1,10
65312,65322,65323,1,10
65312,65322,65323,1,10
65312,65322,65323,1,10
64572,64579,65321,742,7
65312,65312,65323,11,0
65326,65326,65327,1,0
65312,65325,65327,2,13
65326,65326,65327,1,0
65326,65326,65327,1,0
65326,65326,65327,1,0
65326,65326,65327,1,0
65326,65326,65327,1,0
65326,65326,65327,1,0
65326,65326,65327,1,0
65326,65327,65328,1,1
65326,65327,65328,1,1
65326,65327,65328,1,1
65326,65327,65328,1,1
65326,65327,65328,1,1
65326,65327,65328,1,1
65326,65327,65328,1,1
65326,65328,65329,1,2
65326,65327,65328,1,1
65326,65327,65328,1,1
65326,65327,65328,1,1
65326,65327,65328,1,1
65326,65327,65328,1,1
65326,65327,65328,1,1
65326,65328,65329,1,2
65326,65328,65329,1,2
65326,65328,65329,1,2
65326,65328,65329,1,2
65326,65328,65329,1,2
65326,65327,65329,2,1
65326,65327,65328,1,1
65326,65328,65329,1,2
65326,65329,65330,1,3
65326,65328,65329,1,2
65326,65329,65330,1,3
65326,65329,65330,1,3
65326,65329,65331,2,3
65326,65329,65331,2,3
65326,65329,65331,2,3
65326,65329,65331,2,3
65326,65329,65331,2,3
65326,65329,65330,1,3
65326,65329,65330,1,3
65326,65329,65330,1,3
65326,65329,65330,1,3
65326,65330,65331,1,4
65326,65329,65331,2,3
65326,65330,65331,1,4
65326,65330,65331,1,4
65326,65330,65331,1,4
65326,65331,65332,1,5
65326,65329,65331,2,3
65326,65331,65332,1,5
65326,65331,65332,1,5
65326,65331,65332,1,5
65326,65331,65332,1,5
65326,65331,65332,1,5
65326,65331,65332,1,5
65326,65331,65332,1,5
65326,65331,65332,1,5
65326,65331,65332,1,5
65326,65331,65332,1,5
65326,65331,65332,1,5
65326,65331,65332,1,5
65326,65331,65332,1,5
65326,65332,65333,1,6
65326,65332,65333,1,6
65326,65332,65333,1,6
65326,65332,65333,1,6
65326,65332,65333,1,6
65326,65332,65333,1,6
65326,65332,65333,1,6
65326,65332,65333,1,6
65326,65332,65333,1,6
65326,65332,65333,1,6
65326,65332,65333,1,6
65326,65332,65333,1,6
65326,65332,65333,1,6
65326,65333,65334,1,7
65326,65333,65334,1,7
65326,65333,65334,1,7
65326,65333,65334,1,7
65326,65333,65334,1,7
65326,65333,65334,1,7
65326,65333,65334,1,7
65326,65333,65334,1,7
65326,65327,65335,8,1
64648,64670,65358,688,22
65359,65359,65360,1,0
65359,65359,65360,1,0
65359,65359,65360,1,0
65359,65359,65360,1,0
65359,65359,65360,1,0
65359,65359,65360,1,0
65359,65359,65360,1,0
65359,65359,65360,1,0
65359,65359,65360,1,0
65359,65359,65360,1,0
65359,65359,65360,1,0
65359,65359,65361,2,0
65359,65360,65361,1,1
65359,65359,65361,2,0
65359,65359,65360,1,0
65359,65359,65360,1,0
65359,65360,65361,1,1
65359,65360,65361,1,1
65359,65360,65362,2,1
65359,65360,65362,2,1
65359,65360,65362,2,1
65359,65360,65362,2,1
65359,65360,65362,2,1
65359,65360,65361,1,1
65359,65360,65362,2,1
65359,65361,65363,2,2
65359,65360,65362,2,1
65359,65361,65363,2,2
65359,65361,65363,2,2
65359,65361,65363,2,2
65359,65361,65363,2,2
65359,65361,65363,2,2
65359,65361,65364,3,2
65359,65362,65364,2,3
65359,65362,65364,2,3
65359,65362,65364,2,3
65359,65362,65364,2,3
65359,65363,65364,1,4
65359,65363,65364,1,4
65359,65362,65364,2,3
65359,65363,65365,2,4
65359,65364,65365,1,5
65359,65364,65365,1,5
65359,65364,65365,1,5
65359,65364,65365,1,5
65359,65364,65365,1,5
65359,65364,65365,1,5
65359,65364,65366,2,5
65359,65365,65366,1,6
65359,65365,65366,1,6
65359,65365,65366,1,6
65359,65365,65366,1,6
65359,65365,65366,1,6
65359,65366,65367,1,7
65359,65365,65366,1,6
65359,65364,65367,3,5
65359,65365,65367,2,6
65359,65366,65367,1,7
65359,65366,65367,1,7
65359,65366,65367,1,7
65359,65367,65368,1,8
65359,65366,65367,1,7
65359,65366,65367,1,7
65359,65367,65368,1,8
65359,65367,65368,1,8
65359,65367,65368,1,8
65359,65368,65369,1,9
65359,65368,65369,1,9
65359,65366,65369,3,7
65359,65369,65370,1,10
65359,65369,65370,1,10
65359,65369,65370,1,10
65359,65359,65369,10,0
65359,65368,65369,1,9
64646,64661,65398,737,15
65400,65400,65401,1,0
65400,65400,65401,1,0
65400,65400,65401,1,0
65400,65400,65401,1,0
65400,65400,65401,1,0
65400,65401,65402,1,1
65400,65401,65402,1,1
65400,65401,65402,1,1
65400,65401,65402,1,1
65400,65400,65401,1,0
65400,65401,65402,1,1
65400,65400,65402,2,0
65400,65401,65402,1,1
65400,65401,65402,1,1
65400,65401,65402,1,1
65400,65402,65403,1,2
65400,65401,65402,1,1
65400,65401,65402,1,1
65400,65401,65402,1,1
64920,64927,65403,476,7
65400,65402,65403,1,2
65400,65402,65404,2,2
65400,65402,65404,2,2
65400,65402,65403,1,2
65400,65402,65403,1,2
65400,65402,65403,1,2
65400,65402,65403,1,2
65400,65403,65404,1,3
65400,65403,65405,2,3
65400,65402,65404,2,2
65400,65403,65404,1,3
65400,65403,65404,1,3
65400,65403,65404,1,3
65400,65403,65404,1,3
65400,65404,65405,1,4
65400,65403,65404,1,3
65400,65404,65405,1,4
65400,65404,65405,1,4
65400,65403,65404,1,3
65400,65403,65404,1,3
65400,65404,65405,1,4
65400,65404,65405,1,4
65400,65404,65405,1,4
65400,65404,65405,1,4
65400,65405,65406,1,5
65400,65405,65406,1,5
65400,65405,65406,1,5
65400,65405,65406,1,5
65400,65405,65406,1,5
65400,65405,65406,1,5
65400,65405,65406,1,5
65400,65405,65406,1,5
65400,65405,65406,1,5
65400,65405,65406,1,5
65400,65405,65406,1,5
65400,65405,65406,1,5
65400,65404,65406,2,4
65400,65406,65407,1,6
65400,65405,65406,1,5
65400,65405,65406,1,5
65400,65406,65407,1,6
65400,65406,65407,1,6
65400,65406,65407,1,6
65400,65406,65407,1,6
65400,65406,65407,1,6
65400,65406,65407,1,6
65400,65406,65407,1,6
65400,65406,65407,1,6
65400,65406,65407,1,6
65400,65407,65408,1,7
65400,65406,65407,1,6
65400,65407,65408,1,7
65400,65407,65408,1,7
65400,65407,65408,1,7
65400,65407,65408,1,7
65400,65407,65408,1,7
65400,65407,65408,1,7
65400,65407,65408,1,7
65400,65407,65408,1,7
65400,65407,65408,1,7
65400,65407,65408,1,7
65400,65407,65408,1,7
65400,65407,65408,1,7
65400,65407,65408,1,7
65400,65407,65408,1,7
65400,65407,65408,1,7
65400,65408,65409,1,8
65400,65408,65409,1,8
65400,65408,65409,1,8
65405,65408,65409,1,3
65405,65408,65409,1,3
65405,65408,65409,1,3
65405,65408,65409,1,3
65405,65408,65409,1,3
65405,65408,65409,1,3
65405,65408,65409,1,3
65405,65408,65409,1,3
65405,65408,65409,1,3
65405,65408,65409,1,3
65405,65409,65410,1,4
65405,65409,65410,1,4
65405,65409,65410,1,4
65405,65409,65410,1,4
65405,65409,65411,2,4
65405,65409,65410,1,4
65405,65409,65411,2,4
65405,65409,65411,2,4
65405,65409,65411,2,4
65405,65409,65411,2,4
65405,65409,65411,2,4
65405,65409,65411,2,4
65405,65409,65411,2,4
65405,65409,65411,2,4
65405,65410,65411,1,5
65405,65410,65411,1,5
65405,65410,65411,1,5
65405,65410,65412,2,5
65405,65410,65412,2,5
65405,65410,65412,2,5
65405,65411,65412,1,6
65405,65411,65413,2,6
65405,65411,65413,2,6
65405,65411,65413,2,6
65405,65411,65413,2,6
65405,65411,65413,2,6
65405,65411,65413,2,6
65405,65411,65413,2,6
65405,65411,65413,2,6
65405,65412,65413,1,7
65405,65412,65413,1,7
65405,65412,65413,1,7
65405,65412,65413,1,7
65405,65412,65413,1,7
65405,65412,65413,1,7
65405,65413,65414,1,8
65405,65412,65414,2,7
65405,65412,65414,2,7
65405,65413,65414,1,8
65405,65413,65414,1,8
65405,65413,65415,2,8
65405,65413,65415,2,8
65405,65413,65415,2,8
65405,65413,65415,2,8
65405,65413,65415,2,8
65405,65414,65415,1,9
65405,65414,65415,1,9
65405,65414,65415,1,9
65405,65414,65415,1,9
65405,65414,65415,1,9
65405,65414,65415,1,9
65405,65414,65416,2,9
65405,65414,65415,1,9
65405,65414,65416,2,9
65405,65415,65416,1,10
65405,65415,65416,1,10
65405,65414,65416,2,9
65405,65416,65417,1,11
65405,65416,65417,1,11
65405,65416,65417,1,11
65405,65416,65417,1,11
65405,65415,65417,2,10
65405,65416,65417,1,11
65405,65416,65417,1,11
65405,65417,65418,1,12
65405,65417,65418,1,12
65405,65417,65418,1,12
65405,65416,65417,1,11
65405,65417,65418,1,12
64650,64678,65421,743,28
65426,65426,65427,1,0
65426,65426,65427,1,0
65426,65426,65427,1,0
65426,65426,65427,1,0
65426,65426,65427,1,0
65426,65426,65427,1,0
65426,65426,65427,1,0
65426,65426,65427,1,0
65426,65426,65427,1,0
65426,65426,65427,1,0
65426,65426,65427,1,0
65426,65426,65428,2,0
65426,65426,65427,1,0
65426,65426,65428,2,0
65426,65426,65428,2,0
65426,65427,65429,2,1
65426,65428,65429,1,2
65426,65428,65429,1,2
65426,65428,65429,1,2
65426,65428,65429,1,2
65426,65428,65429,1,2
65426,65428,65429,1,2
65426,65428,65429,1,2
65426,65428,65429,1,2
65426,65428,65429,1,2
65426,65428,65429,1,2
65426,65428,65430,2,2
65426,65428,65430,2,2
65426,65429,65431,2,3
65426,65429,65430,1,3
65426,65428,65430,2,2
65426,65429,65431,2,3
65426,65430,65431,1,4
65426,65430,65431,1,4
65426,65430,65431,1,4
65426,65430,65431,1,4
65426,65430,65432,2,4
65426,65430,65432,2,4
65426,65430,65431,1,4
65426,65430,65431,1,4
65426,65430,65432,2,4
65426,65430,65432,2,4
65426,65430,65431,1,4
65426,65431,65433,2,5
65426,65431,65432,1,5
65426,65430,65432,2,4
65426,65431,65433,2,5
65426,65430,65432,2,4
65426,65432,65433,1,6
65426,65432,65433,1,6
65426,65432,65433,1,6
65426,65432,65433,1,6
65426,65432,65433,1,6
65426,65432,65433,1,6
65426,65432,65433,1,6
65426,65432,65433,1,6
65426,65432,65433,1,6
65426,65432,65433,1,6
65426,65432,65433,1,6
65426,65433,65434,1,7
65426,65432,65434,2,6
65426,65433,65435,2,7
65426,65433,65434,1,7
65426,65433,65434,1,7
65426,65433,65434,1,7
65426,65434,65435,1,8
65426,65434,65435,1,8
65426,65434,65435,1,8
65426,65434,65435,1,8
65426,65435,65436,1,9
65426,65435,65436,1,9
65426,65435,65436,1,9
65426,65435,65436,1,9
65426,65435,65436,1,9
65426,65435,65436,1,9
65426,65436,65437,1,10
65426,65435,65436,1,9
64969,64984,65471,487,15
65473,65473,65474,1,0
65473,65473,65474,1,0
65473,65473,65474,1,0
65473,65473,65474,1,0
65473,65473,65474,1,0
65473,65473,65474,1,0
65473,65473,65474,1,0
65473,65473,65474,1,0
65473,65473,65474,1,0
65473,65473,65474,1,0
65473,65473,65474,1,0
65473,65473,65474,1,0
65473,65473,65474,1,0
65473,65473,65474,1,0
65473,65473,65474,1,0
65473,65474,65476,2,1
65473,65474,65476,2,1
65473,65474,65476,2,1
65473,65474,65476,2,1
65473,65474,65476,2,1
65473,65474,65476,2,1
65473,65474,65476,2,1
65473,65474,65476,2,1
65473,65474,65477,3,1
65473,65476,65477,1,3
65473,65474,65476,2,1
65473,65474,65477,3,1
65473,65474,65477,3,1
65473,65474,65476,2,1
65473,65474,65476,2,1
65473,65475,65477,2,2
65473,65475,65476,1,2
65473,65476,65478,2,3
65473,65476,65477,1,3
65473,65476,65477,1,3
65473,65475,65477,2,2
65473,65476,65478,2,3
65473,65476,65477,1,3
65473,65476,65477,1,3
65473,65476,65477,1,3
65473,65477,65478,1,4
65473,65477,65478,1,4
65473,65477,65479,2,4
65473,65477,65479,2,4
65473,65477,65479,2,4
65473,65477,65479,2,4
65473,65477,65479,2,4
65473,65477,65479,2,4
65473,65478,65479,1,5
65473,65478,65479,1,5
65473,65478,65479,1,5
65473,65478,65479,1,5
65473,65479,65480,1,6
65473,65478,65480,2,5
65473,65478,65479,1,5
65473,65478,65479,1,5
65473,65478,65480,2,5
65473,65478,65479,1,5
65473,65480,65481,1,7
65473,65479,65481,2,6
65473,65480,65481,1,7
65473,65480,65481,1,7
65473,65480,65481,1,7
65473,65479,65480,1,6
65473,65480,65481,1,7
65473,65479,65481,2,6
65473,65479,65481,2,6
65473,65479,65480,1,6
65473,65479,65480,1,6
65473,65481,65482,1,8
65473,65481,65482,1,8
65473,65481,65482,1,8
65473,65481,65482,1,8
65473,65480,65482,2,7
65473,65482,65483,1,9
65473,65482,65483,1,9
65473,65481,65482,1,8
65473,65483,65485,2,10
65031,65031,65531,500,0
65533,65533,65534,1,0
65533,65533,65534,1,0
65533,65533,65534,1,0
65533,65533,65534,1,0
65533,65533,65534,1,0
65533,65533,65534,1,0
65533,65533,65534,1,0
65533,65533,65534,1,0
65533,65533,65534,1,0
65533,65533,65534,1,0
65533,65533,65534,1,0
65533,65533,65534,1,0
65533,65533,65534,1,0
65533,65533,65534,1,0
65533,65533,65535,2,0
65533,65533,65535,2,0
65533,65534,65536,2,1
65533,65534,65536,2,1
65533,65534,65536,2,1
65533,65534,65536,2,1
65533,65534,65536,2,1
65533,65534,65536,2,1
65533,65534,65536,2,1
65533,65534,65536,2,1
65533,65533,65536,3,0
65533,65534,65536,2,1
65533,65534,65537,3,1
65533,65534,65537,3,1
65533,65534,65536,2,1
65533,65534,65537,3,1
65533,65536,65537,1,3
65533,65536,65537,1,3
65533,65536,65537,1,3
65533,65535,65537,2,2
65533,65536,65537,1,3
65533,65536,65537,1,3
65533,65535,65538,3,2
65533,65535,65538,3,2
65533,65536,65537,1,3
65533,65536,65537,1,3
65533,65537,65538,1,4
65533,65537,65538,1,4
65533,65537,65538,1,4
65533,65537,65538,1,4
65533,65537,65538,1,4
65533,65536,65538,2,3
65533,65537,65539,2,4
65533,65537,65539,2,4
65533,65537,65539,2,4
65533,65538,65539,1,5
65533,65538,65539,1,5
65533,65538,65539,1,5
65533,65538,65539,1,5
65533,65538,65539,1,5
65533,65537,65539,2,4
65533,65538,65539,1,5
65533,65538,65539,1,5
65533,65537,65539,2,4
65533,65538,65540,2,5
65533,65538,65540,2,5
65533,65540,65541,1,7
65533,65540,65541,1,7
65533,65540,65541,1,7
65533,65539,65540,1,6
65533,65540,65541,1,7
65533,65540,65541,1,7
65533,65540,65541,1,7
65533,65541,65542,1,8
65533,65541,65542,1,8
65533,65541,65542,1,8
65070,65079,65577,498,9
65579,65579,65580,1,0
65579,65579,65580,1,0
65579,65579,65580,1,0
65579,65579,65580,1,0
65579,65579,65580,1,0
65579,65579,65580,1,0
65579,65579,65580,1,0
65579,65579,65580,1,0
65579,65579,65580,1,0
65579,65579,65580,1,0
65579,65579,65580,1,0
65579,65579,65580,1,0
65579,65579,65580,1,0
65579,65579,65580,1,0
65579,65579,65580,1,0
65579,65579,65581,2,0
65579,65580,65582,2,1
65579,65580,65582,2,1
65579,65580,65582,2,1
65579,65580,65582,2,1
65579,65580,65582,2,1
65579,65580,65582,2,1
65579,65580,65582,2,1
65579,65580,65583,3,1
65579,65580,65582,2,1
65579,65580,65583,3,1
65579,65580,65582,2,1
65579,65580,65583,3,1
65579,65580,65582,2,1
65579,65581,65582,1,2
65579,65581,65582,1,2
65579,65582,65583,1,3
65579,65582,65583,1,3
65579,65582,65583,1,3
65579,65581,65583,2,2
65579,65582,65584,2,3
65579,65582,65584,2,3
65579,65583,65584,1,4
65579,65583,65584,1,4
65579,65583,65584,1,4
65579,65583,65584,1,4
65579,65582,65583,1,3
65579,65582,65583,1,3
65579,65582,65583,1,3
65579,65583,65584,1,4
65579,65583,65585,2,4
65579,65583,65584,1,4
65579,65583,65584,1,4
65579,65583,65585,2,4
65579,65583,65584,1,4
65579,65583,65584,1,4
65579,65584,65585,1,5
65579,65584,65585,1,5
65579,65584,65585,1,5
65579,65584,65585,1,5
65579,65584,65585,1,5
65579,65584,65585,1,5
65579,65584,65585,1,5
65579,65584,65585,1,5
65579,65584,65585,1,5
65579,65584,65585,1,5
65579,65584,65585,1,5
65579,65585,65586,1,6
65579,65585,65586,1,6
65579,65585,65586,1,6
65579,65585,65586,1,6
65579,65585,65586,1,6
65579,65585,65586,1,6
65579,65585,65586,1,6
65579,65585,65586,1,6
65579,65585,65586,1,6
65579,65585,65586,1,6
65579,65585,65586,1,6
65579,65585,65586,1,6
65579,65585,65586,1,6
65579,65585,65586,1,6
65579,65585,65586,1,6
65579,65586,65587,1,7
65579,65586,65587,1,7
65579,65586,65587,1,7
65579,65586,65587,1,7
65579,65586,65587,1,7
65579,65586,65587,1,7
65579,65586,65587,1,7
65579,65586,65587,1,7
65579,65586,65587,1,7
65579,65586,65587,1,7
65579,65586,65587,1,7
65579,65586,65587,1,7
65579,65586,65587,1,7
65579,65586,65587,1,7
65579,65586,65587,1,7
65579,65587,65588,1,8
65579,65586,65587,1,7
65579,65587,65588,1,8
65579,65587,65588,1,8
65579,65587,65588,1,8
65579,65587,65588,1,8
65579,65587,65588,1,8
64782,64790,65600,810,8
65606,65606,65607,1,0
65606,65606,65607,1,0
65606,65606,65607,1,0
65606,65606,65607,1,0
65606,65606,65607,1,0
65606,65606,65607,1,0
65606,65606,65608,2,0
65606,65607,65608,1,1
65606,65607,65608,1,1
65606,65607,65608,1,1
65606,65607,65608,1,1
65606,65607,65608,1,1
65606,65607,65609,2,1
65606,65607,65609,2,1
65606,65607,65609,2,1
65606,65607,65609,2,1
65606,65607,65609,2,1
65606,65607,65609,2,1
65606,65608,65610,2,2
65606,65608,65609,1,2
65606,65608,65610,2,2
65606,65608,65610,2,2
65606,65608,65610,2,2
65606,65609,65610,1,3
65606,65609,65610,1,3
65606,65609,65610,1,3
65606,65609,65610,1,3
65606,65609,65610,1,3
65606,65609,65611,2,3
65606,65609,65610,1,3
65606,65609,65610,1,3
65606,65610,65612,2,4
65606,65610,65612,2,4
65606,65610,65611,1,4
65606,65610,65612,2,4
65606,65610,65611,1,4
65606,65611,65613,2,5
65606,65611,65612,1,5
65606,65611,65612,1,5
65606,65611,65612,1,5
65606,65611,65612,1,5
65606,65611,65612,1,5
65606,65612,65613,1,6
65606,65611,65612,1,5
65606,65611,65612,1,5
65606,65611,65612,1,5
65606,65611,65612,1,5
65606,65611,65613,2,5
65606,65612,65613,1,6
65606,65612,65614,2,6
65606,65613,65614,1,7
65606,65613,65614,1,7
65606,65612,65614,2,6
65606,65612,65613,1,6
65606,65613,65614,1,7
65606,65613,65614,1,7
65606,65613,65614,1,7
65606,65613,65614,1,7
65606,65613,65614,1,7
65606,65613,65614,1,7
65606,65613,65614,1,7
65606,65614,65615,1,8
65606,65613,65614,1,7
65606,65613,65614,1,7
65606,65614,65615,1,8
65606,65614,65615,1,8
65606,65614,65615,1,8
65606,65614,65615,1,8
65606,65614,65615,1,8
65606,65614,65615,1,8
65606,65614,65615,1,8
65606,65614,65615,1,8
65606,65614,65615,1,8
65606,65614,65615,1,8
65606,65615,65616,1,9
65606,65615,65616,1,9
65606,65615,65616,1,9
65606,65615,65616,1,9
65606,65615,65616,1,9
65606,65615,65616,1,9
65606,65615,65616,1,9
65606,65615,65616,1,9
65606,65615,65616,1,9
65606,65615,65616,1,9
65606,65609,65617,8,3
64892,64901,65626,725,9
65635,65635,65636,1,0
65635,65635,65636,1,0
65635,65635,65636,1,0
65635,65635,65636,1,0
65635,65635,65636,1,0
65635,65635,65636,1,0
65635,65635,65637,2,0
65635,65635,65636,1,0
65635,65635,65636,1,0
65635,65635,65637,2,0
65635,65636,65638,2,1
65635,65636,65638,2,1
65635,65636,65638,2,1
65635,65636,65638,2,1
65635,65636,65638,2,1
65635,65636,65638,2,1
65635,65636,65638,2,1
65635,65636,65637,1,1
65635,65636,65637,1,1
65635,65636,65638,2,1
65635,65636,65637,1,1
65635,65636,65637,1,1
65635,65637,65638,1,2
65635,65636,65638,2,1
65635,65637,65639,2,2
65635,65637,65638,1,2
65635,65638,65640,2,3
65635,65638,65639,1,3
65635,65638,65639,1,3
65635,65638,65640,2,3
65635,65638,65640,2,3
65635,65638,65640,2,3
65635,65638,65640,2,3
65635,65638,65639,1,3
65635,65638,65639,1,3
65635,65638,65639,1,3
65635,65638,65640,2,3
65635,65638,65639,1,3
65635,65638,65639,1,3
65635,65639,65640,1,4
65635,65639,65641,2,4
65635,65640,65641,1,5
65635,65639,65641,2,4
65635,65639,65641,2,4
65635,65640,65642,2,5
65635,65640,65642,2,5
65635,65640,65641,1,5
65635,65640,65642,2,5
65635,65640,65642,2,5
65635,65640,65641,1,5
65635,65640,65641,1,5
65635,65640,65641,1,5
65635,65640,65641,1,5
65635,65640,65641,1,5
65635,65640,65641,1,5
65635,65640,65641,1,5
65635,65640,65642,2,5
65635,65641,65643,2,6
65635,65641,65642,1,6
65635,65642,65643,1,7
65635,65642,65643,1,7
65635,65642,65643,1,7
65635,65641,65642,1,6
65635,65642,65643,1,7
65635,65642,65643,1,7
65635,65642,65643,1,7
65635,65642,65643,1,7
65635,65642,65643,1,7
65635,65642,65643,1,7
65635,65642,65643,1,7
65635,65641,65643,2,6
65635,65642,65643,1,7
65635,65642,65643,1,7
65635,65642,65643,1,7
65635,65643,65644,1,8
65635,65643,65644,1,8
65635,65643,65644,1,8
65635,65643,65644,1,8
65635,65643,65644,1,8
65635,65643,65644,1,8
65635,65643,65644,1,8
65635,65643,65644,1,8
65635,65643,65644,1,8
65635,65643,65644,1,8
65635,65643,65644,1,8
65635,65643,65644,1,8
65635,65643,65644,1,8
65635,65643,65644,1,8
65635,65643,65644,1,8
65635,65644,65645,1,9
65635,65644,65645,1,9
65635,65644,65645,1,9
65635,65644,65645,1,9
64927,64937,65649,712,10
64949,64956,65658,702,7
65663,65663,65664,1,0
65663,65663,65664,1,0
65663,65663,65664,1,0
65663,65663,65665,2,0
65663,65663,65664,1,0
65663,65663,65664,1,0
65663,65664,65665,1,1
65663,65664,65665,1,1
65663,65664,65665,1,1
65663,65664,65665,1,1
65663,65664,65665,1,1
65663,65664,65665,1,1
65663,65664,65666,2,1
65663,65664,65665,1,1
65663,65664,65665,1,1
65663,65664,65665,1,1
65663,65664,65665,1,1
65663,65664,65665,1,1
65663,65665,65666,1,2
65663,65665,65666,1,2
65663,65664,65665,1,1
65663,65665,65666,1,2
65663,65665,65666,1,2
65663,65665,65666,1,2
65663,65666,65667,1,3
65663,65665,65666,1,2
65663,65665,65666,1,2
65663,65665,65666,1,2
65663,65665,65666,1,2
65663,65665,65666,1,2
65663,65666,65667,1,3
65663,65666,65667,1,3
65663,65666,65667,1,3
65663,65666,65667,1,3
65663,65666,65667,1,3
65663,65666,65667,1,3
65663,65666,65667,1,3
65663,65666,65667,1,3
65663,65666,65667,1,3
65663,65666,65667,1,3
65663,65666,65667,1,3
65663,65667,65668,1,4
65663,65667,65668,1,4
65663,65666,65667,1,3
65663,65667,65668,1,4
65663,65667,65668,1,4
65663,65667,65668,1,4
65663,65667,65668,1,4
65663,65667,65668,1,4
65663,65667,65668,1,4
65663,65667,65669,2,4
65663,65667,65669,2,4
65663,65667,65668,1,4
65663,65667,65668,1,4
65663,65668,65669,1,5
65663,65668,65669,1,5
65663,65668,65669,1,5
65663,65668,65669,1,5
65663,65668,65669,1,5
65663,65668,65669,1,5
65663,65668,65669,1,5
65663,65669,65670,1,6
65663,65668,65669,1,5
65663,65669,65670,1,6
65663,65668,65669,1,5
65663,65668,65669,1,5
65663,65669,65670,1,6
65663,65669,65670,1,6
65663,65668,65669,1,5
65663,65669,65670,1,6
65663,65669,65670,1,6
65663,65669,65670,1,6
65663,65669,65670,1,6
65663,65669,65670,1,6
65663,65669,65670,1,6
65663,65669,65670,1,6
65663,65669,65670,1,6
65663,65669,65670,1,6
65663,65670,65671,1,7
65663,65669,65670,1,6
65663,65670,65671,1,7
65663,65670,65671,1,7
65663,65670,65671,1,7
65663,65670,65671,1,7
65665,65670,65671,1,5
65665,65670,65671,1,5
65665,65670,65671,1,5
65665,65670,65671,1,5
65665,65670,65671,1,5
65665,65670,65671,1,5
65665,65671,65672,1,6
65663,65670,65671,1,7
65663,65670,65671,1,7
65665,65671,65672,1,6
65665,65671,65672,1,6
65665,65671,65672,1,6
65665,65671,65672,1,6
65665,65671,65672,1,6
65665,65670,65671,1,5
65665,65671,65673,2,6
65665,65671,65673,2,6
65665,65671,65673,2,6
65665,65671,65673,2,6
65665,65671,65673,2,6
65665,65671,65673,2,6
65665,65672,65673,1,7
65665,65672,65674,2,7
65665,65672,65674,2,7
65665,65673,65674,1,8
65665,65672,65675,3,7
65665,65672,65675,3,7
65665,65672,65675,3,7
65665,65672,65675,3,7
65665,65672,65674,2,7
65665,65672,65675,3,7
65665,65672,65675,3,7
65665,65674,65675,1,9
65665,65674,65675,1,9
65665,65674,65675,1,9
65665,65674,65676,2,9
65665,65674,65676,2,9
65665,65673,65676,3,8
65665,65674,65676,2,9
65665,65674,65676,2,9
65665,65675,65676,1,10
65665,65675,65676,1,10
65665,65676,65677,1,11
65665,65676,65677,1,11
65665,65675,65677,2,10
65665,65675,65677,2,10
65665,65675,65677,2,10
65665,65675,65677,2,10
65665,65675,65677,2,10
65665,65675,65677,2,10
65665,65675,65677,2,10
65665,65676,65677,1,11
65665,65677,65678,1,12
65665,65677,65678,1,12
65665,65676,65677,1,11
65665,65676,65677,1,11
65665,65677,65678,1,12
65665,65677,65678,1,12
65665,65676,65678,2,11
65665,65677,65678,1,12
65665,65677,65678,1,12
65665,65678,65679,1,13
65665,65678,65679,1,13
65665,65678,65679,1,13
65665,65678,65679,1,13
65665,65678,65679,1,13
65665,65678,65679,1,13
65665,65677,65678,1,12
65665,65678,65679,1,13
65665,65677,65679,2,12
65665,65677,65679,2,12
65665,65677,65678,1,12
65665,65677,65679,2,12
65665,65677,65679,2,12
65665,65677,65679,2,12
65665,65679,65680,1,14
65665,65679,65680,1,14
65665,65679,65680,1,14
65665,65679,65680,1,14
65665,65679,65680,1,14
65665,65679,65680,1,14
65665,65679,65680,1,14
65665,65678,65679,1,13
65665,65680,65681,1,15
65665,65679,65680,1,14
65665,65680,65681,1,15
65665,65679,65681,2,14
65665,65680,65681,1,15
65003,65010,65709,699,7
65714,65714,65715,1,0
65714,65714,65715,1,0
65714,65714,65715,1,0
65714,65714,65715,1,0
65714,65714,65715,1,0
65714,65714,65715,1,0
65714,65714,65715,1,0
65714,65714,65715,1,0
65714,65714,65715,1,0
65714,65714,65715,1,0
65714,65714,65715,1,0
65714,65714,65716,2,0
65714,65715,65717,2,1
65714,65714,65717,3,0
65714,65715,65717,2,1
65714,65715,65717,2,1
65714,65715,65717,2,1
65714,65715,65717,2,1
65714,65715,65717,2,1
65714,65715,65717,2,1
65714,65715,65717,2,1
65714,65716,65718,2,2
65714,65715,65718,3,1
65714,65715,65717,2,1
65714,65715,65717,2,1
65714,65715,65717,2,1
65714,65716,65717,1,2
65714,65717,65718,1,3
65714,65717,65718,1,3
65714,65716,65717,1,2
65714,65717,65718,1,3
65714,65717,65718,1,3
65714,65717,65718,1,3
65714,65718,65719,1,4
65714,65718,65719,1,4
65714,65717,65718,1,3
65714,65718,65719,1,4
65714,65718,65719,1,4
65714,65717,65718,1,3
65714,65717,65719,2,3
65714,65718,65719,1,4
65714,65717,65719,2,3
65714,65719,65720,1,5
65714,65718,65720,2,4
65714,65718,65719,1,4
65714,65718,65719,1,4
65714,65719,65720,1,5
65714,65718,65719,1,4
65714,65719,65720,1,5
65714,65719,65720,1,5
65714,65719,65720,1,5
65714,65719,65720,1,5
65714,65718,65720,2,4
65714,65720,65721,1,6
65714,65719,65721,2,5
65714,65719,65720,1,5
65714,65719,65720,1,5
65714,65719,65720,1,5
65714,65720,65721,1,6
65714,65720,65721,1,6
65714,65720,65721,1,6
65714,65720,65721,1,6
65714,65720,65721,1,6
65714,65720,65722,2,6
65714,65721,65722,1,7
65714,65720,65721,1,6
65714,65720,65721,1,6
65714,65721,65722,1,7
65714,65721,65722,1,7
65714,65721,65722,1,7
65714,65721,65722,1,7
65714,65720,65721,1,6
65714,65721,65722,1,7
65714,65721,65722,1,7
65714,65721,65722,1,7
65714,65721,65722,1,7
65714,65722,65723,1,8
65714,65722,65723,1,8
65714,65722,65723,1,8
65714,65721,65722,1,7
65714,65722,65723,1,8
65714,65722,65723,1,8
65714,65722,65723,1,8
65714,65722,65723,1,8
65714,65722,65723,1,8
65714,65722,65723,1,8
65714,65722,65723,1,8
65714,65722,65723,1,8
65714,65722,65723,1,8
65714,65722,65724,2,8
65714,65723,65724,1,9
65714,65723,65724,1,9
65714,65721,65725,4,7
65714,65723,65725,2,9
65714,65723,65726,3,9
65714,65719,65720,1,5
65714,65731,65732,1,17
65014,65020,65744,724,6
65251,65262,65750,488,11
65750,65750,65751,1,0
65750,65750,65751,1,0
65750,65750,65751,1,0
65750,65750,65751,1,0
65750,65750,65751,1,0
65750,65750,65751,1,0
65750,65750,65751,1,0
65750,65750,65751,1,0
65750,65750,65751,1,0
65750,65750,65752,2,0
65750,65750,65751,1,0
65750,65750,65752,2,0
65750,65750,65752,2,0
65750,65750,65752,2,0
65750,65751,65753,2,1
65750,65751,65753,2,1
65750,65751,65753,2,1
65750,65751,65753,2,1
65750,65751,65753,2,1
65750,65751,65753,2,1
65750,65752,65753,1,2
65750,65751,65753,2,1
65750,65751,65753,2,1
65750,65751,65753,2,1
65750,65751,65753,2,1
65750,65751,65753,2,1
65750,65753,65754,1,3
65750,65753,65754,1,3
65750,65753,65754,1,3
65750,65753,65754,1,3
65750,65753,65754,1,3
65750,65751,65753,2,1
65750,65753,65754,1,3
65750,65753,65754,1,3
65750,65752,65753,1,2
65750,65753,65754,1,3
65750,65752,65754,2,2
65750,65754,65755,1,4
65750,65754,65755,1,4
65750,65754,65755,1,4
65750,65754,65755,1,4
65750,65754,65755,1,4
65750,65754,65755,1,4
65750,65754,65755,1,4
65750,65754,65755,1,4
65750,65754,65755,1,4
65750,65754,65755,1,4
65750,65754,65755,1,4
65750,65754,65755,1,4
65750,65754,65755,1,4
65750,65753,65755,2,3
65750,65755,65756,1,5
65750,65754,65755,1,4
65750,65755,65756,1,5
65750,65755,65756,1,5
65750,65755,65756,1,5
65750,65755,65756,1,5
65750,65755,65756,1,5
65750,65755,65756,1,5
65750,65755,65756,1,5
65750,65755,65756,1,5
65750,65755,65756,1,5
65750,65755,65756,1,5
65750,65755,65756,1,5
65750,65755,65756,1,5
65750,65755,65756,1,5
65750,65756,65757,1,6
65750,65756,65757,1,6
65750,65756,65757,1,6
65750,65756,65757,1,6
65750,65756,65757,1,6
65750,65756,65757,1,6
65750,65756,65757,1,6
65750,65756,65757,1,6
65750,65756,65757,1,6
65750,65756,65757,1,6
65750,65756,65757,1,6
65750,65756,65757,1,6
65750,65756,65757,1,6
65750,65756,65757,1,6
65750,65756,65757,1,6
65750,65755,65757,2,5
65750,65756,65757,1,6
65750,65756,65757,1,6
65750,65757,65758,1,7
65750,65757,65758,1,7
65750,65757,65758,1,7
65750,65757,65758,1,7
65750,65757,65758,1,7
65750,65757,65758,1,7
65750,65758,65759,1,8
65750,65758,65759,1,8
65750,65758,65759,1,8
65750,65758,65759,1,8
65750,65759,65760,1,9
65750,65758,65759,1,8
65750,65759,65760,1,9
65750,65759,65760,1,9
65750,65760,65761,1,10
65750,65760,65761,1,10
65750,65760,65761,1,10
65750,65760,65761,1,10
65750,65759,65761,2,9
65750,65760,65761,1,10
65750,65760,65761,1,10
65750,65761,65762,1,11
65750,65761,65762,1,11
65750,65760,65761,1,10
65750,65760,65761,1,10
65750,65760,65761,1,10
65750,65760,65761,1,10
65750,65760,65761,1,10
65750,65761,65762,1,11
65750,65760,65761,1,10
65750,65760,65761,1,10
65750,65759,65762,3,9
65750,65760,65762,2,10
65750,65761,65762,1,11
65750,65761,65763,2,11
65750,65762,65763,1,12
65750,65762,65763,1,12
65750,65762,65763,1,12
65750,65762,65763,1,12
65750,65761,65763,2,11
65750,65762,65764,2,12
65750,65762,65763,1,12
65750,65762,65763,1,12
65750,65762,65763,1,12
65750,65762,65763,1,12
65750,65762,65763,1,12
65750,65762,65763,1,12
65750,65763,65764,1,13
65750,65763,65764,1,13
65750,65764,65765,1,14
65750,65764,65765,1,14
65750,65764,65765,1,14
65750,65764,65765,1,14
65750,65764,65765,1,14
65750,65763,65764,1,13
65750,65764,65765,1,14
65750,65764,65765,1,14
65750,65762,65764,2,12
65750,65763,65765,2,13
65750,65764,65765,1,14
65750,65764,65765,1,14
65750,65765,65766,1,15
65750,65764,65765,1,14
65750,65764,65765,1,14
65750,65764,65765,1,14
65750,65765,65766,1,15
65750,65765,65766,1,15
65750,65765,65766,1,15
65750,65765,65766,1,15
65750,65765,65766,1,15
65750,65765,65766,1,15
65750,65765,65766,1,15
65750,65765,65766,1,15
65750,65765,65766,1,15
65750,65765,65766,1,15
65750,65766,65767,1,16
65750,65766,65767,1,16
65750,65762,65766,4,12
65750,65766,65767,1,16
65750,65766,65767,1,16
65750,65766,65767,1,16
65750,65766,65767,1,16
65750,65766,65767,1,16
65750,65766,65767,1,16
65750,65766,65767,1,16
65750,65766,65767,1,16
65750,65766,65767,1,16
65750,65766,65767,1,16
65750,65766,65767,1,16
65750,65765,65766,1,15
65750,65766,65767,1,16
65098,65104,65834,730,6
65835,65835,65836,1,0
65835,65835,65836,1,0
65835,65835,65836,1,0
65835,65835,65836,1,0
65835,65835,65836,1,0
65835,65835,65836,1,0
65835,65835,65836,1,0
65835,65835,65836,1,0
65835,65835,65836,1,0
65835,65835,65836,1,0
65835,65835,65836,1,0
65835,65835,65836,1,0
65835,65836,65837,1,1
65835,65835,65837,2,0
65835,65835,65837,2,0
65835,65836,65837,1,1
65835,65836,65838,2,1
65835,65837,65838,1,2
65835,65837,65838,1,2
65835,65837,65838,1,2
65835,65837,65838,1,2
65835,65837,65838,1,2
65835,65837,65838,1,2
65835,65837,65838,1,2
65835,65837,65838,1,2
65835,65837,65838,1,2
65835,65837,65838,1,2
65835,65836,65838,2,1
65835,65838,65839,1,3
65835,65838,65840,2,3
65835,65838,65840,2,3
65835,65838,65840,2,3
65835,65839,65840,1,4
65835,65839,65840,1,4
65835,65839,65840,1,4
65835,65839,65840,1,4
65835,65839,65840,1,4
65835,65839,65840,1,4
65835,65839,65840,1,4
65835,65839,65840,1,4
65835,65839,65840,1,4
65835,65840,65841,1,5
65835,65839,65840,1,4
65835,65839,65840,1,4
65835,65840,65841,1,5
65835,65840,65841,1,5
65835,65841,65842,1,6
65835,65841,65842,1,6
65835,65841,65842,1,6
65835,65841,65842,1,6
65835,65841,65842,1,6
65835,65841,65842,1,6
65835,65841,65842,1,6
65835,65841,65842,1,6
65835,65841,65842,1,6
65835,65841,65842,1,6
65835,65842,65843,1,7
65835,65842,65843,1,7
65835,65842,65843,1,7
65835,65842,65843,1,7
65835,65842,65843,1,7
65835,65843,65844,1,8
65835,65843,65844,1,8
65835,65843,65844,1,8
65835,65843,65844,1,8
65835,65843,65844,1,8
65835,65843,65844,1,8
65835,65844,65845,1,9
65835,65838,65844,6,3
65835,65844,65845,1,9
65835,65844,65845,1,9
65835,65844,65845,1,9
65401,65408,65893,485,7
65894,65895,65896,1,1
65894,65895,65896,1,1
65894,65895,65896,1,1
65894,65895,65896,1,1
65894,65895,65896,1,1
65894,65895,65896,1,1
65894,65894,65895,1,0
65894,65894,65896,2,0
65894,65894,65896,2,0
65894,65894,65896,2,0
65894,65895,65896,1,1
65894,65895,65896,1,1
65894,65896,65897,1,2
65894,65896,65897,1,2
65894,65895,65896,1,1
65894,65896,65897,1,2
65894,65895,65896,1,1
65894,65895,65896,1,1
65894,65896,65897,1,2
65894,65896,65897,1,2
65894,65896,65897,1,2
65894,65897,65898,1,3
65894,65897,65898,1,3
65894,65897,65898,1,3
65894,65897,65898,1,3
65894,65897,65898,1,3
65894,65897,65898,1,3
65894,65896,65897,1,2
65894,65896,65897,1,2
65894,65897,65898,1,3
65894,65897,65898,1,3
65894,65897,65898,1,3
65894,65897,65898,1,3
65894,65897,65898,1,3
65894,65898,65899,1,4
65894,65898,65899,1,4
65894,65898,65899,1,4
65894,65898,65899,1,4
65894,65897,65898,1,3
65894,65897,65898,1,3
65894,65898,65899,1,4
65894,65898,65899,1,4
65894,65898,65899,1,4
65894,65898,65899,1,4
65894,65899,65900,1,5
65894,65899,65900,1,5
65894,65898,65899,1,4
65894,65899,65900,1,5
65894,65899,65900,1,5
65894,65899,65900,1,5
65894,65899,65900,1,5
65894,65899,65900,1,5
65894,65898,65899,1,4
65894,65899,65900,1,5
65894,65899,65900,1,5
65894,65899,65900,1,5
65894,65899,65900,1,5
65894,65899,65900,1,5
65894,65899,65900,1,5
65894,65899,65900,1,5
65894,65900,65901,1,6
65894,65900,65901,1,6
65894,65900,65901,1,6
65894,65900,65901,1,6
65894,65900,65901,1,6
65894,65900,65901,1,6
65894,65900,65901,1,6
65894,65900,65901,1,6
65894,65900,65901,1,6
65894,65900,65901,1,6
65894,65900,65901,1,6
65894,65901,65902,1,7
65894,65901,65902,1,7
65894,65901,65902,1,7
65894,65901,65902,1,7
65894,65901,65902,1,7
65894,65900,65901,1,6
65894,65901,65902,1,7
65894,65901,65902,1,7
65894,65901,65902,1,7
65894,65901,65902,1,7
65894,65901,65902,1,7
65894,65901,65902,1,7
65176,65185,65940,755,9
65941,65941,65942,1,0
65941,65941,65942,1,0
65941,65941,65942,1,0
65941,65941,65942,1,0
65941,65941,65942,1,0
65941,65941,65942,1,0
65941,65941,65942,1,0
65941,65941,65942,1,0
65941,65941,65942,1,0
65941,65941,65942,1,0
65941,65941,65942,1,0
65941,65941,65942,1,0
65941,65941,65942,1,0
65941,65941,65943,2,0
65941,65942,65943,1,1
65941,65942,65943,1,1
65941,65941,65942,1,0
65941,65942,65944,2,1
65941,65942,65944,2,1
65941,65942,65944,2,1
65941,65942,65944,2,1
65941,65942,65944,2,1
65941,65942,65944,2,1
65941,65942,65944,2,1
65941,65942,65944,2,1
65941,65942,65944,2,1
65941,65942,65944,2,1
65941,65942,65944,2,1
65941,65942,65944,2,1
65941,65943,65945,2,2
65941,65943,65945,2,2
65941,65942,65944,2,1
65941,65944,65945,1,3
65941,65943,65945,2,2
65941,65944,65945,1,3
65941,65944,65945,1,3
65941,65944,65945,1,3
65941,65944,65945,1,3
65941,65943,65946,3,2
65941,65945,65946,1,4
65941,65945,65946,1,4
65941,65944,65946,2,3
65941,65944,65946,2,3
65941,65944,65946,2,3
65941,65944,65946,2,3
65941,65944,65946,2,3
65941,65944,65946,2,3
65941,65945,65946,1,4
65941,65944,65946,2,3
65941,65945,65947,2,4
65941,65946,65947,1,5
65941,65946,65947,1,5
65941,65946,65947,1,5
65941,65946,65947,1,5
65941,65947,65948,1,6
65941,65946,65947,1,5
65941,65946,65947,1,5
65941,65946,65948,2,5
65941,65946,65947,1,5
65941,65947,65948,1,6
65941,65948,65949,1,7
65941,65947,65948,1,6
65941,65948,65949,1,7
65941,65948,65949,1,7
65941,65948,65949,1,7
65941,65948,65949,1,7
65941,65947,65949,2,6
65941,65948,65949,1,7
65941,65949,65950,1,8
65941,65949,65950,1,8
65941,65949,65950,1,8
65941,65948,65950,2,7
65941,65949,65950,1,8
65245,65252,65969,717,7
65970,65970,65971,1,0
65970,65970,65971,1,0
65970,65970,65971,1,0
65970,65970,65971,1,0
65970,65970,65971,1,0
65970,65970,65971,1,0
65970,65970,65971,1,0
65970,65970,65971,1,0
65970,65970,65971,1,0
65970,65970,65971,1,0
65970,65970,65971,1,0
65970,65970,65972,2,0
65970,65971,65972,1,1
65970,65971,65972,1,1
65970,65971,65973,2,1
65970,65972,65973,1,2
65970,65972,65973,1,2
65970,65972,65973,1,2
65970,65972,65973,1,2
65970,65972,65973,1,2
65970,65972,65973,1,2
65970,65972,65973,1,2
65970,65972,65974,2,2
65970,65972,65973,1,2
65970,65973,65974,1,3
65970,65973,65974,1,3
65970,65974,65975,1,4
65970,65974,65975,1,4
65970,65972,65974,2,2
65970,65972,65974,2,2
65970,65972,65974,2,2
65970,65972,65974,2,2
65970,65973,65975,2,3
65970,65974,65975,1,4
65970,65974,65975,1,4
65970,65974,65975,1,4
65970,65974,65975,1,4
65970,65974,65975,1,4
65970,65975,65976,1,5
65970,65975,65976,1,5
65970,65975,65976,1,5
65970,65975,65976,1,5
65970,65975,65976,1,5
65970,65975,65976,1,5
65970,65975,65976,1,5
65970,65975,65976,1,5
65970,65975,65976,1,5
65970,65975,65976,1,5
65970,65975,65976,1,5
65970,65976,65977,1,6
65970,65976,65977,1,6
65970,65977,65978,1,7
65970,65977,65978,1,7
65970,65977,65978,1,7
65970,65977,65978,1,7
65970,65976,65977,1,6
65970,65977,65978,1,7
65970,65977,65978,1,7
65970,65976,65977,1,6
65970,65976,65977,1,6
65970,65976,65977,1,6
65970,65977,65978,1,7
65970,65978,65979,1,8
65970,65978,65979,1,8
65970,65978,65979,1,8
65970,65978,65979,1,8
65970,65978,65979,1,8
65970,65978,65979,1,8
65970,65978,65979,1,8
65970,65977,65978,1,7
65970,65978,65979,1,8
65970,65977,65978,1,7
65970,65978,65979,1,8
65970,65977,65978,1,7
65970,65977,65978,1,7
65970,65978,65979,1,8
65970,65978,65979,1,8
65970,65978,65979,1,8
65970,65979,65980,1,9
65970,65979,65980,1,9
65970,65979,65980,1,9
65970,65979,65980,1,9
65970,65979,65980,1,9
65970,65979,65980,1,9
65970,65979,65980,1,9
65970,65979,65980,1,9
65970,65979,65980,1,9
65970,65979,65980,1,9
65970,65979,65980,1,9
65970,65979,65980,1,9
65970,65980,65981,1,10
65268,65274,65998,724,6
66000,66000,66001,1,0
66000,66000,66001,1,0
66000,66000,66001,1,0
66000,66000,66001,1,0
66000,66000,66002,2,0
66000,66000,66002,2,0
66000,66001,66002,1,1
66000,66001,66002,1,1
66000,66002,66003,1,2
66000,66001,66002,1,1
66000,66001,66002,1,1
66000,66001,66003,2,1
66000,66001,66002,1,1
66000,66001,66002,1,1
66000,66001,66002,1,1
66000,66001,66002,1,1
66000,66001,66002,1,1
66000,66001,66002,1,1
66000,66002,66003,1,2
66000,66003,66004,1,3
66000,66002,66003,1,2
66000,66002,66003,1,2
66000,66003,66004,1,3
66000,66003,66004,1,3
66000,66003,66004,1,3
66000,66003,66004,1,3
66000,66003,66004,1,3
66000,66003,66004,1,3
66000,66003,66005,2,3
66000,66003,66005,2,3
66000,66003,66005,2,3
66000,66003,66004,1,3
66000,66003,66005,2,3
66000,66004,66005,1,4
66000,66003,66005,2,3
66000,66004,66006,2,4
66000,66004,66005,1,4
66000,66004,66005,1,4
66000,66005,66006,1,5
66000,66004,66006,2,4
66000,66004,66006,2,4
66000,66005,66006,1,5
66000,66005,66006,1,5
66000,66005,66006,1,5
66000,66006,66007,1,6
66000,66005,66006,1,5
66000,66005,66007,2,5
66000,66005,66006,1,5
66000,66005,66006,1,5
66000,66006,66007,1,6
66000,66006,66007,1,6
66000,66006,66007,1,6
66000,66005,66007,2,5
66000,66007,66008,1,7
66000,66007,66008,1,7
66000,66007,66008,1,7
66000,66007,66008,1,7
66000,66006,66007,1,6
66000,66007,66008,1,7
66000,66006,66007,1,6
66000,66007,66008,1,7
66000,66007,66008,1,7
66000,66006,66007,1,6
66000,66007,66008,1,7
66000,66007,66008,1,7
66000,66007,66008,1,7
66000,66007,66008,1,7
66000,66007,66008,1,7
66000,66008,66009,1,8
66000,66008,66009,1,8
66000,66008,66009,1,8
66000,66008,66009,1,8
66000,66008,66009,1,8
66000,66008,66009,1,8
66000,66008,66009,1,8
66000,66008,66009,1,8
66000,66008,66009,1,8
66000,66008,66009,1,8
66000,66008,66009,1,8
66000,66008,66009,1,8
66000,66008,66009,1,8
66000,66009,66010,1,9
66000,66009,66010,1,9
66000,66009,66010,1,9
66000,66009,66010,1,9
66000,66009,66010,1,9
66000,66009,66010,1,9
65534,65542,66033,491,8
66034,66034,66035,1,0
66034,66034,66035,1,0
66034,66034,66035,1,0
66034,66034,66035,1,0
66034,66034,66035,1,0
66034,66034,66035,1,0
66034,66034,66035,1,0
66034,66034,66035,1,0
66034,66034,66035,1,0
66034,66034,66035,1,0
66034,66034,66035,1,0
66034,66034,66035,1,0
66034,66034,66036,2,0
66034,66034,66035,1,0
66034,66034,66035,1,0
66034,66035,66036,1,1
66034,66035,66036,1,1
66034,66034,66035,1,0
66034,66035,66036,1,1
66034,66035,66036,1,1
66034,66035,66036,1,1
66034,66035,66036,1,1
66034,66035,66036,1,1
66034,66035,66036,1,1
66034,66035,66036,1,1
66034,66035,66036,1,1
66034,66035,66036,1,1
66034,66035,66036,1,1
65313,65322,66038,716,9
66034,66036,66038,2,2
66034,66036,66038,2,2
66034,66036,66038,2,2
66034,66035,66037,2,1
66034,66036,66038,2,2
66034,66036,66038,2,2
66034,66036,66038,2,2
66034,66036,66038,2,2
66034,66036,66038,2,2
66034,66036,66038,2,2
66034,66036,66038,2,2
66034,66036,66038,2,2
66034,66036,66038,2,2
66034,66036,66038,2,2
66034,66038,66039,1,4
66034,66038,66039,1,4
66034,66038,66039,1,4
66034,66038,66039,1,4
66034,66037,66039,2,3
66034,66036,66038,2,2
66034,66037,66039,2,3
66034,66038,66040,2,4
66034,66038,66040,2,4
66034,66038,66040,2,4
66034,66038,66040,2,4
66034,66038,66040,2,4
66034,66038,66040,2,4
66034,66038,66040,2,4
66034,66038,66040,2,4
66034,66038,66041,3,4
66034,66038,66040,2,4
66034,66040,66041,1,6
66034,66040,66041,1,6
66034,66040,66041,1,6
66034,66040,66041,1,6
66034,66040,66041,1,6
66034,66041,66042,1,7
66034,66041,66042,1,7
66034,66040,66041,1,6
66034,66040,66041,1,6
66034,66040,66041,1,6
66034,66040,66041,1,6
66034,66041,66042,1,7
66034,66042,66043,1,8
66034,66039,66042,3,5
66034,66041,66042,1,7
66034,66041,66043,2,7
66034,66041,66043,2,7
66034,66041,66043,2,7
66034,66042,66043,1,8
66034,66042,66043,1,8
66034,66043,66044,1,9
66034,66042,66043,1,8
66034,66042,66043,1,8
66039,66043,66044,1,4
66039,66044,66045,1,5
66039,66044,66045,1,5
66039,66044,66045,1,5
66039,66045,66046,1,6
66039,66044,66045,1,5
66039,66044,66046,2,5
66039,66045,66046,1,6
66039,66045,66046,1,6
66039,66045,66046,1,6
66039,66044,66045,1,5
66039,66045,66046,1,6
66039,66045,66046,1,6
66039,66044,66046,2,5
66039,66043,66046,3,4
66039,66045,66046,1,6
66039,66045,66046,1,6
66039,66045,66046,1,6
66039,66045,66046,1,6
66039,66045,66046,1,6
66039,66045,66046,1,6
66039,66046,66047,1,7
66039,66046,66047,1,7
66039,66046,66047,1,7
66039,66046,66047,1,7
66039,66046,66048,2,7
66039,66046,66047,1,7
66039,66046,66047,1,7
66039,66046,66047,1,7
66039,66046,66048,2,7
66039,66046,66048,2,7
66039,66047,66048,1,8
66039,66047,66048,1,8
66039,66047,66048,1,8
66039,66047,66049,2,8
66039,66047,66049,2,8
66039,66048,66049,1,9
66039,66047,66049,2,8
66039,66048,66049,1,9
66039,66049,66050,1,10
66039,66048,66049,1,9
66039,66048,66049,1,9
66039,66048,66049,1,9
66039,66048,66049,1,9
66039,66048,66049,1,9
66039,66049,66050,1,10
66039,66048,66049,1,9
66039,66048,66049,1,9
66039,66049,66050,1,10
66039,66049,66050,1,10
66039,66049,66050,1,10
66039,66050,66051,1,11
66039,66050,66051,1,11
66039,66049,66050,1,10
66039,66049,66050,1,10
66039,66050,66051,1,11
66039,66050,66051,1,11
66039,66050,66051,1,11
66039,66050,66051,1,11
66039,66050,66051,1,11
66039,66050,66051,1,11
66039,66049,66050,1,10
66039,66050,66051,1,11
66039,66050,66051,1,11
66039,66051,66052,1,12
66039,66051,66052,1,12
66039,66051,66052,1,12
66039,66051,66052,1,12
66039,66051,66052,1,12
66039,66051,66052,1,12
66039,66051,66052,1,12
66039,66051,66052,1,12
66039,66051,66052,1,12
66039,66051,66052,1,12
66039,66051,66052,1,12
66039,66051,66052,1,12
66039,66051,66052,1,12
66039,66052,66053,1,13
66039,66052,66053,1,13
66039,66052,66053,1,13
66039,66052,66053,1,13
66039,66052,66053,1,13
66039,66052,66053,1,13
66039,66047,66056,9,8
65327,65334,66071,737,7
65360,65370,66077,707,10
66082,66083,66084,1,1
66082,66083,66084,1,1
66082,66083,66084,1,1
66082,66084,66085,1,2
66082,66084,66085,1,2
66082,66083,66084,1,1
66082,66084,66085,1,2
66082,66084,66085,1,2
66082,66084,66085,1,2
66082,66084,66085,1,2
66082,66084,66085,1,2
66082,66084,66085,1,2
66082,66084,66085,1,2
66082,66084,66085,1,2
66082,66084,66085,1,2
66082,66084,66085,1,2
66082,66084,66085,1,2
66082,66084,66085,1,2
66082,66085,66086,1,3
66082,66085,66086,1,3
66082,66086,66087,1,4
66082,66086,66087,1,4
66082,66085,66086,1,3
66082,66085,66086,1,3
66082,66085,66086,1,3
66082,66085,66086,1,3
66082,66085,66086,1,3
66082,66085,66087,2,3
66082,66086,66087,1,4
66082,66087,66088,1,5
66082,66086,66087,1,4
66082,66086,66088,2,4
66082,66087,66088,1,5
66082,66087,66088,1,5
66082,66086,66087,1,4
66082,66086,66088,2,4
66082,66086,66088,2,4
66082,66086,66087,1,4
66082,66087,66088,1,5
66082,66087,66088,1,5
66082,66086,66087,1,4
66082,66087,66088,1,5
66082,66087,66088,1,5
66082,66088,66089,1,6
66082,66088,66089,1,6
66082,66088,66089,1,6
66082,66088,66089,1,6
66082,66087,66088,1,5
66082,66088,66089,1,6
66082,66088,66089,1,6
66082,66088,66089,1,6
66082,66087,66088,1,5
66082,66088,66089,1,6
66082,66089,66090,1,7
66082,66089,66090,1,7
66082,66089,66090,1,7
66082,66089,66090,1,7
66082,66088,66089,1,6
66082,66089,66090,1,7
66082,66089,66090,1,7
66082,66089,66090,1,7
66082,66089,66090,1,7
66082,66089,66090,1,7
66082,66089,66090,1,7
66082,66089,66090,1,7
66082,66088,66089,1,6
66082,66088,66089,1,6
66082,66089,66090,1,7
66082,66089,66090,1,7
66082,66088,66090,2,6
66082,66090,66091,1,8
66082,66090,66091,1,8
66082,66090,66091,1,8
66082,66090,66091,1,8
66082,66090,66091,1,8
66082,66090,66091,1,8
66082,66090,66091,1,8
66082,66090,66091,1,8
66082,66090,66091,1,8
66082,66090,66091,1,8
66082,66090,66091,1,8
66082,66090,66091,1,8
66082,66090,66091,1,8
66082,66090,66091,1,8
66082,66090,66091,1,8
66085,66090,66091,1,5
66085,66091,66092,1,6
66085,66091,66092,1,6
66085,66091,66092,1,6
66085,66091,66092,1,6
66085,66091,66092,1,6
66085,66091,66092,1,6
66085,66091,66092,1,6
66085,66091,66092,1,6
66085,66091,66092,1,6
66085,66091,66092,1,6
66085,66091,66092,1,6
66085,66091,66092,1,6
66085,66092,66093,1,7
66085,66092,66093,1,7
66085,66091,66093,2,6
66085,66091,66092,1,6
66085,66092,66093,1,7
66085,66092,66093,1,7
66085,66091,66092,1,6
66085,66092,66093,1,7
66085,66092,66093,1,7
66085,66092,66093,1,7
66085,66091,66093,2,6
66085,66091,66093,2,6
66085,66092,66094,2,7
66085,66092,66094,2,7
66085,66092,66093,1,7
66085,66093,66094,1,8
66085,66093,66094,1,8
66085,66093,66094,1,8
66085,66093,66094,1,8
66085,66093,66094,1,8
66085,66093,66094,1,8
66085,66092,66093,1,7
66085,66093,66094,1,8
66085,66093,66094,1,8
66085,66094,66095,1,9
66085,66094,66095,1,9
66085,66094,66095,1,9
66085,66094,66095,1,9
65607,65615,66095,480,8
66085,66094,66095,1,9
66085,66094,66095,1,9
66085,66094,66095,1,9
66085,66094,66095,1,9
66085,66094,66095,1,9
66085,66094,66095,1,9
66085,66094,66095,1,9
66085,66093,66095,2,8
66085,66095,66096,1,10
66085,66095,66096,1,10
66085,66095,66096,1,10
66085,66095,66096,1,10
66085,66095,66096,1,10
66085,66096,66097,1,11
66085,66096,66097,1,11
66085,66096,66097,1,11
66085,66093,66097,4,8
66085,66095,66096,1,10
66085,66096,66097,1,11
66085,66096,66097,1,11
66085,66096,66097,1,11
66085,66097,66098,1,12
66085,66097,66098,1,12
66085,66097,66098,1,12
66085,66097,66098,1,12
66085,66097,66098,1,12
66085,66097,66098,1,12
66085,66097,66098,1,12
66085,66097,66098,1,12
66085,66097,66098,1,12
66085,66097,66098,1,12
66085,66094,66100,6,9
66111,66111,66112,1,0
66111,66111,66112,1,0
66111,66111,66112,1,0
66111,66111,66112,1,0
66111,66111,66112,1,0
66111,66111,66112,1,0
66111,66111,66112,1,0
66111,66111,66112,1,0
66111,66111,66112,1,0
66111,66111,66112,1,0
66111,66111,66112,1,0
66111,66111,66112,1,0
66111,66111,66112,1,0
66111,66111,66112,1,0
66111,66112,66113,1,1
66111,66112,66113,1,1
66111,66112,66113,1,1
66111,66112,66113,1,1
66111,66111,66113,2,0
66111,66112,66113,1,1
66111,66112,66113,1,1
66111,66112,66113,1,1
66111,66112,66114,2,1
66111,66112,66114,2,1
66111,66112,66114,2,1
66111,66112,66114,2,1
66111,66112,66114,2,1
66111,66112,66114,2,1
66111,66113,66114,1,2
66111,66113,66114,1,2
66111,66113,66114,1,2
66111,66113,66114,1,2
66111,66112,66114,2,1
66111,66113,66114,1,2
66111,66113,66114,1,2
66111,66113,66114,1,2
66111,66114,66115,1,3
66111,66113,66115,2,2
66111,66114,66115,1,3
66111,66114,66116,2,3
66111,66114,66116,2,3
66111,66114,66116,2,3
66111,66114,66116,2,3
66111,66114,66116,2,3
66111,66115,66116,1,4
66111,66115,66116,1,4
66111,66115,66116,1,4
66111,66115,66116,1,4
66111,66115,66116,1,4
66111,66115,66116,1,4
66111,66115,66116,1,4
66111,66115,66116,1,4
66111,66115,66116,1,4
66111,66115,66117,2,4
66111,66117,66118,1,6
66111,66116,66117,1,5
66111,66116,66118,2,5
66111,66116,66118,2,5
66111,66117,66118,1,6
66111,66117,66118,1,6
66111,66118,66119,1,7
66111,66118,66119,1,7
66111,66117,66118,1,6
66111,66118,66119,1,7
66111,66118,66119,1,7
66111,66117,66118,1,6
66111,66116,66119,3,5
66111,66117,66118,1,6
66111,66118,66119,1,7
66111,66119,66120,1,8
66111,66119,66120,1,8
66111,66118,66119,1,7
66111,66118,66119,1,7
66111,66119,66120,1,8
66111,66118,66119,1,7
66111,66118,66119,1,7
66111,66119,66120,1,8
66111,66119,66120,1,8
66111,66119,66120,1,8
66111,66120,66121,1,9
66111,66119,66121,2,8
66111,66119,66121,2,8
65636,65644,66128,484,8
66132,66132,66133,1,0
66132,66132,66133,1,0
66132,66132,66133,1,0
66132,66132,66133,1,0
66132,66132,66133,1,0
66132,66132,66133,1,0
66132,66132,66133,1,0
66132,66132,66133,1,0
66132,66132,66133,1,0
66132,66132,66133,1,0
66132,66132,66133,1,0
66132,66132,66133,1,0
66132,66132,66133,1,0
66132,66132,66133,1,0
66132,66132,66133,1,0
66132,66132,66134,2,0
66132,66133,66134,1,1
66132,66133,66134,1,1
66132,66133,66134,1,1
66132,66133,66134,1,1
66132,66133,66134,1,1
66132,66133,66134,1,1
66132,66133,66135,2,1
66132,66133,66135,2,1
66132,66133,66135,2,1
66132,66133,66135,2,1
66132,66132,66134,2,0
66132,66133,66135,2,1
66132,66133,66135,2,1
66132,66133,66134,1,1
66132,66134,66135,1,2
66132,66134,66135,1,2
66132,66134,66135,1,2
66132,66134,66136,2,2
66132,66134,66136,2,2
66132,66134,66136,2,2
66132,66134,66135,1,2
66132,66134,66136,2,2
66132,66134,66135,1,2
66132,66135,66136,1,3
66132,66135,66136,1,3
66132,66135,66136,1,3
66132,66135,66136,1,3
66132,66135,66137,2,3
66132,66135,66137,2,3
66132,66135,66137,2,3
66132,66135,66137,2,3
66132,66135,66137,2,3
66132,66135,66137,2,3
66132,66136,66138,2,4
66132,66136,66138,2,4
66132,66136,66138,2,4
66132,66136,66138,2,4
66132,66136,66138,2,4
66132,66136,66138,2,4
66132,66136,66138,2,4
66132,66137,66139,2,5
66132,66137,66139,2,5
66132,66137,66139,2,5
66132,66137,66139,2,5
66132,66138,66139,1,6
66132,66138,66139,1,6
66132,66137,66139,2,5
66132,66137,66139,2,5
66132,66137,66139,2,5
66132,66139,66140,1,7
66132,66138,66139,1,6
66132,66138,66139,1,6
66132,66140,66141,1,8
66132,66139,66141,2,7
66132,66139,66141,2,7
66132,66140,66141,1,8
66132,66141,66142,1,9
65428,65436,66151,715,8
66151,66151,66152,1,0
66151,66151,66152,1,0
66151,66151,66152,1,0
66151,66151,66152,1,0
66151,66151,66152,1,0
66151,66151,66152,1,0
66151,66151,66152,1,0
66151,66151,66152,1,0
66151,66151,66152,1,0
66151,66151,66152,1,0
66151,66151,66152,1,0
66151,66151,66152,1,0
66151,66152,66153,1,1
66151,66152,66153,1,1
66151,66151,66152,1,0
66151,66151,66153,2,0
66151,66152,66153,1,1
66151,66152,66153,1,1
66151,66152,66153,1,1
66151,66151,66153,2,0
66151,66152,66154,2,1
66151,66152,66153,1,1
66151,66152,66154,2,1
66151,66152,66154,2,1
66151,66152,66154,2,1
66151,66152,66154,2,1
66151,66152,66154,2,1
66151,66154,66155,1,3
66151,66153,66154,1,2
66151,66154,66155,1,3
66151,66154,66155,1,3
66151,66154,66155,1,3
66151,66154,66155,1,3
66151,66154,66156,2,3
66151,66153,66156,3,2
66151,66155,66156,1,4
66151,66155,66156,1,4
66151,66155,66156,1,4
66151,66155,66156,1,4
66151,66155,66156,1,4
66151,66155,66156,1,4
66151,66155,66156,1,4
66151,66155,66156,1,4
66151,66155,66156,1,4
66151,66155,66156,1,4
66151,66157,66158,1,6
66151,66156,66157,1,5
66151,66156,66157,1,5
66151,66157,66158,1,6
66151,66154,66157,3,3
66151,66157,66158,1,6
66151,66157,66158,1,6
66151,66157,66158,1,6
66151,66157,66158,1,6
66151,66157,66158,1,6
66151,66157,66158,1,6
66151,66158,66159,1,7
66151,66158,66159,1,7
66151,66159,66160,1,8
66151,66159,66160,1,8
66151,66159,66160,1,8
66151,66158,66159,1,7
66151,66159,66160,1,8
66151,66158,66159,1,7
65407,65418,66160,742,11
66151,66160,66161,1,9
66151,66157,66160,3,6
66151,66159,66160,1,8
66151,66159,66160,1,8
66151,66159,66160,1,8
66151,66159,66160,1,8
66151,66159,66160,1,8
66151,66160,66161,1,9
66151,66160,66161,1,9
66151,66156,66157,1,5
66151,66156,66157,1,5
66151,66161,66162,1,10
66151,66161,66162,1,10
66151,66161,66162,1,10
66151,66161,66162,1,10
66151,66161,66162,1,10
66151,66161,66162,1,10
66151,66160,66162,2,9
66170,66170,66171,1,0
66170,66170,66171,1,0
66170,66170,66171,1,0
66170,66170,66171,1,0
66170,66170,66171,1,0
66170,66170,66171,1,0
66170,66170,66171,1,0
66170,66170,66171,1,0
66170,66170,66171,1,0
66170,66170,66171,1,0
66170,66170,66171,1,0
66170,66170,66171,1,0
66170,66170,66171,1,0
66170,66170,66171,1,0
66170,66171,66172,1,1
66170,66171,66172,1,1
66170,66170,66171,1,0
66170,66171,66172,1,1
66170,66170,66172,2,0
66170,66170,66172,2,0
66170,66171,66172,1,1
66170,66171,66172,1,1
66170,66171,66172,1,1
66170,66171,66172,1,1
66170,66171,66173,2,1
66170,66172,66173,1,2
66170,66172,66173,1,2
66170,66171,66173,2,1
66170,66171,66173,2,1
66170,66171,66173,2,1
66170,66171,66173,2,1
66170,66172,66173,1,2
66170,66172,66173,1,2
66170,66171,66173,2,1
66170,66173,66174,1,3
66170,66172,66173,1,2
66170,66173,66174,1,3
66170,66173,66174,1,3
66170,66172,66174,2,2
66170,66172,66174,2,2
66170,66174,66175,1,4
66170,66173,66174,1,3
66170,66173,66175,2,3
66170,66174,66175,1,4
66170,66174,66175,1,4
66170,66173,66175,2,3
66170,66174,66175,1,4
66170,66174,66175,1,4
66170,66174,66175,1,4
66170,66174,66175,1,4
66170,66174,66175,1,4
66170,66174,66175,1,4
66170,66174,66175,1,4
66170,66175,66176,1,5
66170,66175,66176,1,5
66170,66175,66176,1,5
66170,66176,66177,1,6
66170,66176,66177,1,6
66170,66175,66176,1,5
66170,66176,66177,1,6
66170,66176,66177,1,6
66170,66175,66177,2,5
66170,66177,66178,1,7
66170,66177,66178,1,7
66170,66176,66177,1,6
66170,66177,66178,1,7
66170,66176,66177,1,6
66170,66177,66178,1,7
66170,66177,66178,1,7
66170,66177,66178,1,7
66170,66178,66179,1,8
66170,66178,66179,1,8
66170,66178,66179,1,8
66170,66178,66179,1,8
66170,66178,66179,1,8
66170,66178,66179,1,8
66170,66189,66191,2,19
65474,65483,66235,752,9
66236,66236,66237,1,0
66236,66236,66237,1,0
66236,66236,66237,1,0
66236,66236,66237,1,0
66236,66236,66237,1,0
66236,66236,66237,1,0
66236,66236,66237,1,0
66236,66236,66237,1,0
66236,66237,66238,1,1
66236,66237,66238,1,1
66236,66237,66238,1,1
66236,66237,66238,1,1
66236,66238,66239,1,2
66236,66238,66239,1,2
66236,66238,66239,1,2
66236,66238,66239,1,2
66236,66238,66239,1,2
66236,66238,66239,1,2
66236,66238,66239,1,2
66236,66238,66239,1,2
66236,66238,66239,1,2
66236,66238,66240,2,2
66236,66238,66239,1,2
66236,66238,66239,1,2
66236,66239,66240,1,3
66236,66239,66240,1,3
66236,66239,66240,1,3
66236,66239,66240,1,3
66236,66239,66240,1,3
66236,66240,66241,1,4
66236,66239,66241,2,3
66236,66240,66242,2,4
66236,66240,66242,2,4
66236,66240,66242,2,4
66236,66240,66242,2,4
66236,66240,66241,1,4
66236,66240,66241,1,4
66236,66239,66242,3,3
66236,66240,66242,2,4
66236,66240,66242,2,4
66236,66241,66242,1,5
66236,66241,66242,1,5
66236,66240,66242,2,4
66236,66241,66242,1,5
66236,66241,66243,2,5
66236,66242,66243,1,6
66236,66242,66243,1,6
66236,66243,66244,1,7
66236,66243,66244,1,7
66236,66242,66243,1,6
66236,66242,66243,1,6
66236,66242,66243,1,6
66236,66242,66243,1,6
66236,66242,66243,1,6
66236,66243,66244,1,7
66236,66243,66244,1,7
66236,66243,66244,1,7
66236,66241,66244,3,5
66236,66242,66244,2,6
66236,66243,66244,1,7
66236,66243,66244,1,7
66236,66243,66244,1,7
66236,66244,66245,1,8
66236,66244,66245,1,8
66236,66243,66244,1,7
66236,66244,66245,1,8
66236,66244,66245,1,8
66236,66244,66245,1,8
66236,66244,66246,2,8
66236,66245,66246,1,9
66236,66245,66246,1,9
66236,66244,66245,1,8
66236,66244,66245,1,8
66236,66244,66245,1,8
66236,66245,66246,1,9
66236,66244,66245,1,8
66236,66244,66245,1,8
66236,66245,66246,1,9
66236,66245,66246,1,9
66236,66245,66246,1,9
66236,66245,66246,1,9
66236,66245,66246,1,9
66236,66246,66247,1,10
66236,66246,66247,1,10
66236,66246,66247,1,10
66236,66246,66247,1,10
66236,66246,66247,1,10
66236,66245,66247,2,9
66236,66246,66247,1,10
66236,66246,66247,1,10
65580,65587,66277,690,7
66278,66278,66279,1,0
66278,66278,66279,1,0
66278,66278,66279,1,0
66278,66278,66279,1,0
66278,66278,66279,1,0
66278,66278,66279,1,0
66278,66278,66279,1,0
66278,66278,66280,2,0
66278,66279,66280,1,1
66278,66278,66279,1,0
66278,66278,66280,2,0
66278,66279,66280,1,1
66278,66278,66280,2,0
66278,66278,66280,2,0
66278,66280,66281,1,2
66278,66280,66281,1,2
66278,66280,66281,1,2
66278,66280,66281,1,2
66278,66280,66281,1,2
66278,66281,66282,1,3
66278,66281,66282,1,3
66278,66281,66282,1,3
66278,66281,66282,1,3
66278,66281,66282,1,3
66278,66281,66282,1,3
66278,66281,66282,1,3
66278,66281,66283,2,3
66278,66281,66282,1,3
66278,66281,66282,1,3
66278,66281,66283,2,3
66278,66282,66284,2,4
66278,66281,66283,2,3
66278,66282,66284,2,4
66278,66282,66284,2,4
66278,66282,66284,2,4
66278,66283,66285,2,5
66278,66283,66285,2,5
66278,66283,66284,1,5
66278,66283,66284,1,5
66278,66283,66284,1,5
66278,66283,66284,1,5
66278,66283,66284,1,5
66278,66283,66284,1,5
66278,66283,66284,1,5
66278,66283,66284,1,5
66278,66284,66285,1,6
66278,66285,66286,1,7
66278,66285,66286,1,7
66278,66285,66286,1,7
66278,66285,66286,1,7
66278,66284,66285,1,6
66278,66284,66285,1,6
66278,66285,66286,1,7
66278,66285,66286,1,7
66278,66285,66286,1,7
66278,66285,66286,1,7
66278,66285,66286,1,7
66278,66285,66286,1,7
66278,66285,66286,1,7
66278,66286,66287,1,8
66278,66285,66286,1,7
66278,66286,66287,1,8
66278,66285,66286,1,7
66278,66286,66287,1,8
66278,66286,66287,1,8
66278,66286,66287,1,8
66278,66287,66288,1,9
66278,66287,66288,1,9
66278,66287,66288,1,9
66278,66287,66288,1,9
66278,66287,66288,1,9
66278,66286,66287,1,8
66278,66287,66288,1,9
66278,66287,66288,1,9
66278,66287,66288,1,9
66278,66287,66288,1,9
66278,66281,66288,7,3
66278,66288,66289,1,10
66278,66287,66288,1,9
66278,66287,66288,1,9
66278,66288,66289,1,10
66278,66288,66289,1,10
65837,65844,66334,490,7
66336,66336,66337,1,0
66336,66336,66337,1,0
66336,66336,66337,1,0
66336,66336,66337,1,0
66336,66336,66337,1,0
66336,66336,66337,1,0
66336,66336,66337,1,0
66336,66336,66337,1,0
66336,66336,66338,2,0
66336,66336,66338,2,0
66336,66337,66338,1,1
66336,66336,66337,1,0
66336,66336,66337,1,0
66336,66337,66338,1,1
66336,66337,66338,1,1
66336,66337,66338,1,1
66336,66336,66337,1,0
66336,66338,66339,1,2
66336,66337,66338,1,1
66336,66337,66339,2,1
66336,66336,66338,2,0
66336,66338,66339,1,2
66336,66337,66338,1,1
66336,66337,66338,1,1
66336,66337,66338,1,1
66336,66338,66339,1,2
66336,66338,66339,1,2
66336,66338,66339,1,2
66336,66338,66339,1,2
66336,66337,66338,1,1
66336,66337,66338,1,1
66336,66338,66339,1,2
66336,66338,66339,1,2
66336,66339,66340,1,3
66336,66339,66340,1,3
66336,66339,66340,1,3
66336,66339,66340,1,3
66336,66339,66340,1,3
66336,66339,66340,1,3
66336,66339,66340,1,3
66336,66338,66339,1,2
66336,66339,66340,1,3
66336,66339,66340,1,3
66336,66339,66340,1,3
66336,66340,66341,1,4
66336,66339,66340,1,3
66336,66340,66341,1,4
66336,66340,66341,1,4
66336,66340,66341,1,4
66336,66340,66341,1,4
66336,66340,66341,1,4
66336,66340,66341,1,4
66336,66339,66340,1,3
66336,66339,66340,1,3
66336,66340,66341,1,4
66336,66340,66341,1,4
66336,66340,66341,1,4
66336,66340,66341,1,4
66336,66340,66342,2,4
66336,66340,66341,1,4
66336,66341,66342,1,5
66336,66339,66341,2,3
66336,66341,66342,1,5
66336,66341,66342,1,5
66336,66341,66342,1,5
66336,66341,66342,1,5
66336,66341,66342,1,5
66336,66341,66342,1,5
66336,66341,66342,1,5
66336,66341,66342,1,5
66336,66341,66342,1,5
66336,66341,66342,1,5
66336,66341,66342,1,5
66336,66342,66343,1,6
66336,66341,66342,1,5
66336,66342,66343,1,6
66336,66342,66343,1,6
66336,66342,66343,1,6
66336,66342,66343,1,6
66336,66342,66343,1,6
66336,66342,66343,1,6
66336,66341,66343,2,5
66336,66342,66343,1,6
66336,66342,66343,1,6
66336,66342,66343,1,6
66336,66342,66343,1,6
66336,66342,66343,1,6
66336,66343,66344,1,7
66336,66343,66344,1,7
66336,66343,66344,1,7
66336,66343,66344,1,7
66336,66343,66344,1,7
66336,66342,66344,2,6
66336,66343,66344,1,7
66336,66342,66345,3,6
65664,65670,66369,699,6
66369,66369,66370,1,0
66369,66369,66370,1,0
66369,66369,66370,1,0
66369,66369,66370,1,0
66369,66369,66370,1,0
66369,66369,66370,1,0
66369,66369,66370,1,0
66369,66369,66370,1,0
66369,66369,66370,1,0
66369,66369,66370,1,0
66369,66369,66370,1,0
66369,66369,66370,1,0
66369,66370,66371,1,1
66369,66370,66371,1,1
66369,66370,66371,1,1
66369,66370,66371,1,1
66369,66370,66371,1,1
66369,66369,66370,1,0
66369,66370,66371,1,1
66369,66370,66372,2,1
66369,66371,66372,1,2
66369,66371,66372,1,2
66369,66371,66372,1,2
66369,66371,66372,1,2
66369,66371,66372,1,2
66369,66371,66372,1,2
66369,66371,66372,1,2
66369,66371,66373,2,2
66369,66372,66373,1,3
66369,66372,66373,1,3
66369,66372,66373,1,3
66369,66372,66373,1,3
66369,66372,66373,1,3
66369,66372,66373,1,3
66369,66371,66374,3,2
66369,66370,66374,4,1
66369,66373,66374,1,4
66369,66373,66374,1,4
66369,66373,66374,1,4
66369,66373,66374,1,4
66369,66373,66374,1,4
66369,66373,66374,1,4
66369,66373,66374,1,4
66369,66373,66374,1,4
66369,66374,66375,1,5
65894,65901,66376,475,7
66369,66374,66375,1,5
66369,66375,66376,1,6
66369,66375,66376,1,6
66369,66375,66376,1,6
66369,66375,66376,1,6
66369,66375,66376,1,6
66369,66375,66376,1,6
66369,66376,66377,1,7
66369,66376,66377,1,7
66369,66376,66377,1,7
66369,66376,66377,1,7
66369,66376,66377,1,7
66369,66375,66376,1,6
66369,66376,66377,1,7
66369,66376,66377,1,7
66369,66376,66377,1,7
66369,66376,66377,1,7
66369,66376,66377,1,7
66369,66376,66377,1,7
66369,66377,66378,1,8
66369,66377,66378,1,8
66369,66377,66378,1,8
66369,66377,66378,1,8
66369,66377,66378,1,8
66369,66377,66378,1,8
66369,66377,66378,1,8
66369,66377,66378,1,8
66369,66377,66378,1,8
66369,66377,66378,1,8
66369,66377,66378,1,8
66369,66377,66378,1,8
66377,66378,66379,1,1
66377,66378,66379,1,1
66377,66378,66379,1,1
66377,66378,66379,1,1
66377,66378,66379,1,1
66377,66378,66379,1,1
66377,66378,66379,1,1
66377,66378,66379,1,1
66377,66378,66379,1,1
66377,66378,66379,1,1
66377,66378,66379,1,1
66377,66379,66380,1,2
66377,66379,66380,1,2
66377,66379,66380,1,2
66377,66379,66380,1,2
66377,66378,66379,1,1
66377,66378,66380,2,1
66377,66379,66381,2,2
66377,66379,66380,1,2
66377,66380,66381,1,3
66377,66380,66381,1,3
66377,66380,66381,1,3
66377,66379,66381,2,2
66377,66379,66380,1,2
66377,66379,66380,1,2
66377,66379,66380,1,2
66377,66380,66381,1,3
66377,66379,66381,2,2
66377,66379,66381,2,2
66377,66379,66381,2,2
66377,66380,66381,1,3
66377,66381,66382,1,4
66377,66381,66382,1,4
66377,66380,66381,1,3
66377,66380,66382,2,3
66377,66381,66382,1,4
66377,66381,66382,1,4
66377,66381,66382,1,4
66377,66381,66382,1,4
66377,66381,66382,1,4
66377,66381,66382,1,4
66377,66382,66383,1,5
66377,66381,66382,1,4
66377,66381,66382,1,4
66377,66382,66383,1,5
66377,66382,66383,1,5
66377,66381,66383,2,4
66377,66381,66383,2,4
66377,66381,66382,1,4
66377,66382,66383,1,5
66377,66382,66383,1,5
66377,66382,66383,1,5
66377,66382,66383,1,5
66377,66382,66383,1,5
66377,66382,66383,1,5
66377,66383,66384,1,6
66377,66383,66384,1,6
66377,66383,66384,1,6
66377,66383,66384,1,6
66377,66383,66384,1,6
66377,66383,66384,1,6
66377,66383,66384,1,6
66377,66383,66384,1,6
66377,66382,66383,1,5
66377,66383,66384,1,6
66377,66383,66384,1,6
66377,66383,66384,1,6
66377,66383,66384,1,6
66377,66379,66384,5,2
66377,66384,66385,1,7
66377,66384,66385,1,7
66377,66384,66385,1,7
66377,66384,66385,1,7
66377,66384,66385,1,7
66377,66384,66385,1,7
66377,66384,66385,1,7
66377,66384,66385,1,7
66377,66384,66385,1,7
66377,66384,66385,1,7
66377,66384,66385,1,7
66377,66384,66385,1,7
66377,66385,66386,1,8
66377,66385,66386,1,8
66377,66385,66386,1,8
66377,66385,66386,1,8
66377,66385,66386,1,8
66377,66385,66386,1,8
66377,66385,66386,1,8
66377,66385,66386,1,8
66377,66385,66386,1,8
66377,66385,66386,1,8
65666,65681,66390,709,15
66377,66392,66394,2,15
66397,66397,66398,1,0
66397,66397,66398,1,0
66397,66397,66398,1,0
66397,66397,66398,1,0
66397,66397,66398,1,0
66397,66397,66398,1,0
66397,66397,66398,1,0
66397,66397,66398,1,0
66397,66397,66398,1,0
66397,66398,66399,1,1
66397,66398,66399,1,1
66397,66398,66399,1,1
66397,66398,66399,1,1
66397,66397,66398,1,0
66397,66398,66399,1,1
66397,66398,66399,1,1
66397,66398,66399,1,1
66397,66398,66399,1,1
66397,66398,66399,1,1
66397,66399,66400,1,2
66397,66398,66399,1,1
66397,66398,66399,1,1
66397,66399,66400,1,2
66397,66398,66401,3,1
66397,66399,66400,1,2
66397,66399,66400,1,2
66397,66399,66400,1,2
66397,66399,66400,1,2
66397,66399,66400,1,2
66397,66399,66400,1,2
66397,66399,66400,1,2
66397,66400,66401,1,3
66397,66400,66401,1,3
66397,66400,66401,1,3
66397,66401,66402,1,4
66397,66401,66402,1,4
66397,66401,66402,1,4
66397,66400,66401,1,3
66397,66400,66401,1,3
66397,66400,66401,1,3
66397,66400,66401,1,3
66397,66400,66401,1,3
66397,66401,66402,1,4
66397,66401,66402,1,4
66397,66401,66403,2,4
66397,66401,66402,1,4
66397,66401,66402,1,4
66397,66401,66402,1,4
66397,66402,66403,1,5
66397,66402,66403,1,5
66397,66402,66403,1,5
66397,66402,66403,1,5
66397,66402,66403,1,5
66397,66402,66403,1,5
66397,66402,66403,1,5
66397,66402,66403,1,5
66397,66402,66403,1,5
66397,66402,66403,1,5
66397,66402,66403,1,5
66397,66403,66404,1,6
66397,66403,66404,1,6
66397,66402,66403,1,5
66397,66403,66404,1,6
66397,66403,66404,1,6
66397,66403,66404,1,6
66397,66403,66404,1,6
66397,66403,66404,1,6
66397,66403,66404,1,6
66397,66403,66404,1,6
66397,66403,66404,1,6
66397,66403,66404,1,6
66397,66403,66404,1,6
66397,66403,66404,1,6
66397,66403,66404,1,6
66397,66403,66404,1,6
66397,66403,66404,1,6
66397,66404,66405,1,7
66397,66404,66405,1,7
66397,66404,66405,1,7
66397,66404,66405,1,7
66397,66404,66405,1,7
66397,66404,66405,1,7
66397,66404,66405,1,7
66397,66404,66405,1,7
66397,66404,66405,1,7
66397,66404,66405,1,7
66397,66404,66405,1,7
66397,66404,66405,1,7
66397,66404,66405,1,7
66397,66404,66405,1,7
66397,66405,66407,2,8
66397,66405,66407,2,8
65751,65767,66464,697,16
66467,66467,66468,1,0
66467,66467,66468,1,0
66467,66467,66468,1,0
66467,66468,66469,1,1
66467,66468,66469,1,1
66467,66468,66469,1,1
66467,66468,66469,1,1
66467,66468,66469,1,1
66467,66468,66469,1,1
66467,66467,66468,1,0
66467,66468,66469,1,1
66467,66468,66469,1,1
66467,66468,66469,1,1
66467,66468,66469,1,1
66467,66468,66469,1,1
66467,66468,66469,1,1
66467,66469,66470,1,2
66467,66469,66470,1,2
66467,66469,66470,1,2
66467,66469,66471,2,2
66467,66469,66470,1,2
66467,66469,66470,1,2
66467,66469,66470,1,2
66467,66469,66470,1,2
66467,66469,66470,1,2
66467,66469,66470,1,2
66467,66469,66470,1,2
66467,66469,66470,1,2
66467,66470,66471,1,3
66467,66470,66472,2,3
66467,66470,66471,1,3
66467,66470,66471,1,3
66467,66470,66471,1,3
66467,66471,66472,1,4
66467,66471,66472,1,4
66467,66471,66472,1,4
66467,66470,66471,1,3
66467,66470,66471,1,3
66467,66471,66472,1,4
66467,66471,66472,1,4
66467,66471,66472,1,4
66467,66471,66472,1,4
66467,66471,66472,1,4
66467,66471,66472,1,4
66467,66471,66472,1,4
66467,66472,66473,1,5
66467,66472,66473,1,5
66467,66472,66473,1,5
66467,66472,66473,1,5
66467,66472,66473,1,5
66467,66472,66473,1,5
66467,66472,66473,1,5
66467,66472,66473,1,5
66467,66472,66473,1,5
66467,66467,66473,6,0
66467,66472,66473,1,5
66467,66472,66473,1,5
66467,66472,66473,1,5
66467,66472,66473,1,5
66467,66473,66474,1,6
66467,66473,66474,1,6
66467,66473,66474,1,6
66467,66473,66474,1,6
66467,66473,66474,1,6
66467,66473,66474,1,6
66467,66473,66474,1,6
66467,66473,66474,1,6
66467,66473,66474,1,6
66467,66473,66474,1,6
66467,66473,66474,1,6
66467,66473,66474,1,6
66467,66474,66475,1,7
66467,66474,66475,1,7
66467,66474,66475,1,7
66467,66474,66475,1,7
66467,66474,66475,1,7
66467,66474,66475,1,7
66467,66474,66475,1,7
66467,66474,66475,1,7
66467,66474,66475,1,7
66467,66474,66475,1,7
66467,66474,66475,1,7
66467,66474,66475,1,7
66467,66474,66475,1,7
66467,66474,66475,1,7
66467,66475,66476,1,8
66467,66474,66476,2,7
66467,66475,66476,1,8
65715,65723,66511,788,8
66512,66512,66513,1,0
66512,66512,66513,1,0
66512,66512,66513,1,0
66512,66512,66513,1,0
66512,66512,66513,1,0
66512,66512,66513,1,0
66512,66512,66513,1,0
66512,66512,66513,1,0
66512,66512,66513,1,0
66512,66512,66513,1,0
66512,66512,66513,1,0
66512,66512,66513,1,0
66512,66512,66514,2,0
66512,66512,66514,2,0
66512,66512,66514,2,0
66512,66512,66514,2,0
66512,66513,66514,1,1
66512,66513,66514,1,1
66512,66513,66514,1,1
66512,66513,66515,2,1
66512,66513,66514,1,1
66512,66513,66514,1,1
66512,66513,66515,2,1
66512,66513,66515,2,1
66512,66513,66515,2,1
66512,66513,66515,2,1
66512,66513,66515,2,1
66512,66513,66515,2,1
66512,66513,66515,2,1
66512,66514,66516,2,2
66512,66514,66516,2,2
66512,66514,66516,2,2
66512,66514,66516,2,2
66512,66516,66517,1,4
66512,66515,66517,2,3
66512,66515,66516,1,3
66512,66515,66517,2,3
66512,66515,66517,2,3
66512,66515,66517,2,3
66512,66515,66517,2,3
66512,66515,66517,2,3
66512,66515,66517,2,3
66512,66515,66516,1,3
66512,66515,66517,2,3
66512,66515,66516,1,3
66512,66515,66517,2,3
66512,66516,66518,2,4
66512,66516,66518,2,4
66512,66516,66518,2,4
66512,66518,66519,1,6
66512,66518,66519,1,6
66512,66518,66519,1,6
66512,66518,66520,2,6
66512,66520,66521,1,8
66512,66520,66521,1,8
66512,66520,66521,1,8
66512,66520,66521,1,8
66512,66526,66529,3,14
65753,65767,66535,768,14
66040,66052,66542,490,12
66543,66543,66544,1,0
66543,66543,66544,1,0
66543,66543,66544,1,0
66543,66543,66544,1,0
66543,66543,66544,1,0
66543,66543,66544,1,0
66543,66543,66544,1,0
66543,66543,66544,1,0
66543,66543,66544,1,0
66543,66543,66544,1,0
66543,66543,66544,1,0
66543,66543,66544,1,0
66543,66544,66545,1,1
66543,66543,66545,2,0
66543,66543,66545,2,0
66543,66544,66545,1,1
66543,66544,66545,1,1
66543,66543,66545,2,0
66543,66543,66546,3,0
66543,66545,66546,1,2
66543,66545,66546,1,2
66543,66545,66546,1,2
66543,66545,66546,1,2
66543,66546,66547,1,3
66543,66546,66547,1,3
66543,66547,66548,1,4
66543,66546,66547,1,3
66543,66547,66548,1,4
66543,66547,66548,1,4
66543,66547,66548,1,4
66543,66543,66548,5,0
66543,66543,66548,5,0
66543,66547,66548,1,4
66543,66547,66548,1,4
66543,66547,66548,1,4
66543,66547,66548,1,4
66543,66547,66548,1,4
66543,66548,66549,1,5
66543,66547,66548,1,4
66543,66548,66549,1,5
66543,66549,66550,1,6
66543,66549,66550,1,6
66543,66546,66549,3,3
66543,66550,66551,1,7
66543,66550,66551,1,7
66543,66550,66551,1,7
66543,66550,66551,1,7
66543,66550,66551,1,7
66543,66550,66551,1,7
66544,66551,66552,1,7
66544,66551,66552,1,7
66544,66551,66552,1,7
66544,66551,66552,1,7
66544,66551,66552,1,7
66544,66551,66552,1,7
66544,66551,66552,1,7
66544,66551,66552,1,7
66544,66551,66553,2,7
66544,66551,66552,1,7
66544,66551,66552,1,7
66544,66550,66553,3,6
66544,66552,66553,1,8
66544,66552,66553,1,8
66544,66552,66553,1,8
66544,66552,66553,1,8
66544,66552,66554,2,8
66544,66552,66554,2,8
66544,66552,66554,2,8
66544,66552,66554,2,8
66544,66552,66553,1,8
66544,66552,66554,2,8
66544,66552,66554,2,8
66544,66552,66554,2,8
66544,66552,66554,2,8
66544,66553,66554,1,9
66544,66553,66555,2,9
66544,66553,66555,2,9
66544,66553,66555,2,9
66544,66554,66555,1,10
66544,66554,66555,1,10
66544,66554,66555,1,10
66544,66554,66555,1,10
66544,66554,66556,2,10
66544,66554,66556,2,10
66544,66554,66556,2,10
66544,66554,66555,1,10
66544,66554,66556,2,10
66544,66554,66556,2,10
66544,66554,66556,2,10
66544,66554,66556,2,10
66544,66554,66556,2,10
66544,66554,66556,2,10
66544,66555,66556,1,11
66544,66555,66557,2,11
66544,66555,66557,2,11
66544,66555,66557,2,11
66544,66556,66557,1,12
66544,66556,66557,1,12
66544,66556,66557,1,12
66544,66556,66558,2,12
66544,66556,66557,1,12
66544,66556,66557,1,12
66544,66556,66558,2,12
66544,66556,66558,2,12
66544,66556,66558,2,12
66544,66556,66557,1,12
66544,66556,66558,2,12
66544,66556,66557,1,12
66544,66556,66558,2,12
66544,66556,66558,2,12
66544,66557,66558,1,13
66544,66557,66558,1,13
66544,66558,66559,1,14
66544,66558,66559,1,14
66544,66558,66559,1,14
66544,66558,66559,1,14
66544,66558,66559,1,14
66544,66558,66559,1,14
66544,66558,66559,1,14
66544,66558,66559,1,14
66544,66558,66559,1,14
66544,66558,66559,1,14
66544,66559,66560,1,15
66544,66559,66560,1,15
66544,66558,66559,1,14
66544,66565,66566,1,21
66084,66090,66571,481,6
66112,66120,66584,464,8
66584,66584,66585,1,0
66584,66584,66585,1,0
66584,66584,66585,1,0
66584,66584,66585,1,0
66584,66584,66585,1,0
66584,66584,66585,1,0
66584,66584,66585,1,0
66584,66584,66585,1,0
66584,66584,66585,1,0
66584,66584,66585,1,0
66584,66584,66585,1,0
66584,66584,66585,1,0
66584,66584,66585,1,0
66584,66584,66586,2,0
66584,66585,66586,1,1
66584,66584,66586,2,0
66584,66584,66586,2,0
66584,66584,66586,2,0
66584,66585,66587,2,1
66584,66585,66587,2,1
66584,66585,66587,2,1
66584,66585,66587,2,1
66584,66585,66587,2,1
66584,66585,66587,2,1
66584,66585,66587,2,1
66584,66585,66587,2,1
66584,66585,66587,2,1
66584,66585,66587,2,1
66584,66585,66587,2,1
66584,66585,66586,1,1
66584,66586,66588,2,2
66584,66585,66587,2,1
66584,66586,66588,2,2
66584,66586,66588,2,2
66584,66586,66588,2,2
66584,66587,66589,2,3
66584,66587,66589,2,3
66584,66587,66589,2,3
66584,66588,66589,1,4
66584,66588,66589,1,4
66584,66588,66589,1,4
66584,66588,66589,1,4
66584,66588,66589,1,4
66584,66588,66589,1,4
66584,66588,66589,1,4
66584,66588,66589,1,4
66584,66588,66589,1,4
66584,66588,66590,2,4
66584,66588,66590,2,4
66584,66589,66590,1,5
66584,66589,66590,1,5
66584,66590,66591,1,6
66584,66590,66591,1,6
66584,66589,66590,1,5
66584,66590,66591,1,6
66584,66590,66591,1,6
66584,66588,66591,3,4
66584,66590,66591,1,6
66584,66590,66591,1,6
66584,66590,66591,1,6
66584,66590,66591,1,6
66584,66590,66591,1,6
66584,66590,66591,1,6
66584,66590,66592,2,6
66584,66591,66592,1,7
66584,66591,66592,1,7
66584,66591,66593,2,7
66584,66592,66593,1,8
66584,66592,66593,1,8
66584,66593,66594,1,9
66584,66594,66595,1,10
66584,66594,66595,1,10
66584,66593,66594,1,9
66584,66594,66595,1,10
66584,66594,66595,1,10
66584,66594,66596,2,10
66584,66594,66596,2,10
66584,66594,66596,2,10
66584,66594,66595,1,10
66584,66594,66595,1,10
66584,66594,66596,2,10
66584,66594,66596,2,10
66584,66594,66596,2,10
66584,66594,66596,2,10
66584,66595,66596,1,11
66584,66595,66596,1,11
66584,66595,66597,2,11
66584,66595,66597,2,11
66584,66595,66597,2,11
66584,66595,66597,2,11
66584,66595,66597,2,11
66584,66596,66598,2,12
66584,66596,66597,1,12
66584,66596,66597,1,12
66584,66596,66597,1,12
66584,66596,66597,1,12
66584,66596,66597,1,12
66584,66596,66598,2,12
66584,66596,66598,2,12
66584,66597,66598,1,13
66584,66597,66598,1,13
66584,66596,66598,2,12
66584,66597,66598,1,13
66584,66596,66599,3,12
66584,66598,66599,1,14
66584,66599,66600,1,15
66584,66596,66599,3,12
66584,66598,66600,2,14
66584,66598,66600,2,14
66584,66598,66600,2,14
66584,66598,66599,1,14
66584,66598,66599,1,14
66584,66599,66600,1,15
66584,66598,66599,1,14
66584,66598,66599,1,14
66584,66598,66599,1,14
66584,66599,66600,1,15
66584,66597,66600,3,13
66584,66598,66600,2,14
66584,66599,66601,2,15
66584,66599,66600,1,15
66584,66600,66601,1,16
66584,66599,66600,1,15
66584,66600,66601,1,16
66584,66599,66600,1,15
66584,66600,66601,1,16
66584,66600,66601,1,16
66584,66600,66601,1,16
66584,66600,66601,1,16
66584,66600,66601,1,16
66584,66600,66601,1,16
66584,66600,66601,1,16
66584,66600,66601,1,16
66584,66600,66601,1,16
66584,66601,66602,1,17
66584,66601,66602,1,17
66584,66601,66602,1,17
66584,66600,66601,1,16
66584,66601,66602,1,17
66584,66601,66602,1,17
66584,66601,66602,1,17
66584,66601,66602,1,17
66584,66601,66602,1,17
66584,66601,66602,1,17
66584,66601,66602,1,17
66584,66601,66602,1,17
66584,66601,66602,1,17
66584,66601,66602,1,17
66584,66601,66602,1,17
66584,66601,66602,1,17
66584,66602,66603,1,18
66584,66602,66603,1,18
66584,66602,66603,1,18
66584,66602,66603,1,18
66584,66602,66603,1,18
66584,66602,66603,1,18
66584,66602,66603,1,18
66584,66602,66603,1,18
66584,66602,66603,1,18
66153,66161,66650,489,8
66651,66651,66652,1,0
66651,66651,66652,1,0
66651,66651,66652,1,0
66651,66651,66652,1,0
66651,66651,66652,1,0
66651,66651,66652,1,0
66651,66651,66652,1,0
66651,66651,66652,1,0
66651,66651,66652,1,0
66651,66651,66652,1,0
65942,65950,66653,703,8
66651,66651,66653,2,0
66651,66651,66652,1,0
66651,66651,66653,2,0
66651,66651,66653,2,0
66651,66651,66652,1,0
66651,66651,66652,1,0
66651,66651,66652,1,0
66651,66652,66654,2,1
66651,66652,66653,1,1
66651,66652,66654,2,1
66651,66652,66653,1,1
66651,66652,66654,2,1
66651,66652,66654,2,1
66651,66652,66654,2,1
66651,66652,66654,2,1
66651,66652,66654,2,1
66651,66652,66655,3,1
66651,66653,66655,2,2
66651,66653,66655,2,2
66651,66653,66656,3,2
66651,66653,66655,2,2
66651,66653,66656,3,2
66651,66654,66656,2,3
66651,66654,66656,2,3
66651,66653,66656,3,2
66651,66653,66656,3,2
66651,66653,66655,2,2
66651,66654,66656,2,3
66651,66654,66656,2,3
66651,66654,66656,2,3
66651,66654,66656,2,3
66651,66654,66656,2,3
66651,66654,66656,2,3
66651,66654,66657,3,3
66651,66655,66657,2,4
66651,66655,66657,2,4
66651,66655,66657,2,4
66651,66656,66658,2,5
66651,66656,66658,2,5
66651,66656,66658,2,5
66651,66656,66658,2,5
66651,66656,66658,2,5
66651,66656,66658,2,5
66651,66656,66658,2,5
66651,66656,66658,2,5
66651,66657,66658,1,6
66651,66657,66658,1,6
66651,66656,66658,2,5
66651,66657,66658,1,6
66651,66656,66659,3,5
66651,66657,66659,2,6
66651,66656,66658,2,5
66651,66658,66659,1,7
66651,66659,66660,1,8
66651,66658,66659,1,7
66651,66658,66659,1,7
66651,66658,66659,1,7
66651,66659,66660,1,8
66651,66659,66660,1,8
66651,66659,66660,1,8
66651,66660,66661,1,9
66651,66658,66660,2,7
66651,66659,66660,1,8
66651,66659,66660,1,8
66651,66659,66660,1,8
66651,66659,66660,1,8
66651,66659,66660,1,8
66651,66659,66660,1,8
66651,66659,66661,2,8
66651,66659,66661,2,8
66651,66661,66662,1,10
66651,66661,66662,1,10
66651,66661,66662,1,10
66651,66661,66662,1,10
66651,66661,66662,1,10
66651,66661,66662,1,10
66654,66662,66663,1,8
66654,66663,66664,1,9
66654,66663,66664,1,9
66654,66662,66664,2,8
66654,66663,66664,1,9
66654,66663,66664,1,9
66654,66663,66665,2,9
66654,66663,66665,2,9
66654,66663,66665,2,9
66654,66663,66665,2,9
66654,66663,66664,1,9
66654,66663,66664,1,9
66654,66663,66664,1,9
66654,66663,66664,1,9
66654,66663,66664,1,9
66654,66663,66664,1,9
66654,66663,66664,1,9
66654,66663,66664,1,9
66654,66664,66665,1,10
66654,66664,66665,1,10
66654,66665,66666,1,11
66654,66665,66666,1,11
66654,66665,66666,1,11
66654,66665,66666,1,11
66654,66665,66666,1,11
66654,66665,66666,1,11
66654,66665,66666,1,11
66654,66666,66667,1,12
66654,66666,66667,1,12
66654,66665,66666,1,11
66654,66665,66666,1,11
66654,66665,66666,1,11
66654,66665,66666,1,11
66654,66665,66666,1,11
66654,66665,66666,1,11
66654,66666,66667,1,12
66654,66666,66667,1,12
66654,66665,66666,1,11
66654,66665,66666,1,11
66654,66665,66666,1,11
66654,66666,66667,1,12
66654,66666,66667,1,12
66654,66666,66667,1,12
66654,66667,66668,1,13
66654,66667,66668,1,13
66654,66667,66668,1,13
66654,66667,66668,1,13
66654,66667,66668,1,13
66654,66667,66668,1,13
66654,66667,66668,1,13
66654,66667,66668,1,13
66654,66667,66668,1,13
66654,66667,66668,1,13
66654,66667,66668,1,13
66654,66667,66668,1,13
66654,66667,66668,1,13
66654,66667,66668,1,13
66654,66667,66668,1,13
66654,66667,66668,1,13
66654,66668,66669,1,14
66654,66668,66669,1,14
66654,66668,66669,1,14
66654,66667,66668,1,13
66654,66668,66669,1,14
66654,66668,66669,1,14
66654,66668,66669,1,14
66654,66668,66669,1,14
66654,66668,66669,1,14
66654,66668,66669,1,14
66654,66668,66669,1,14
66654,66668,66669,1,14
66654,66668,66669,1,14
66654,66669,66670,1,15
66654,66669,66670,1,15
66654,66669,66670,1,15
66654,66669,66670,1,15
66654,66669,66670,1,15
66654,66669,66670,1,15
66654,66669,66670,1,15
66654,66669,66670,1,15
66654,66669,66670,1,15
66654,66669,66670,1,15
66654,66669,66670,1,15
66654,66669,66670,1,15
66654,66669,66670,1,15
66001,66009,66698,689,8
65972,65980,66698,718,8
66699,66699,66700,1,0
66699,66699,66700,1,0
66699,66699,66700,1,0
66699,66699,66700,1,0
66699,66699,66700,1,0
66699,66699,66700,1,0
66699,66699,66700,1,0
66699,66699,66700,1,0
66699,66699,66700,1,0
66699,66699,66700,1,0
66699,66699,66700,1,0
66699,66700,66701,1,1
66699,66699,66701,2,0
66699,66700,66701,1,1
66699,66700,66701,1,1
66699,66699,66700,1,0
66699,66700,66701,1,1
66699,66700,66702,2,1
66699,66701,66702,1,2
66699,66701,66702,1,2
66699,66701,66702,1,2
66699,66701,66702,1,2
66699,66701,66702,1,2
66699,66701,66702,1,2
66699,66701,66702,1,2
66699,66701,66702,1,2
66699,66701,66702,1,2
66699,66701,66702,1,2
66699,66701,66702,1,2
66699,66701,66702,1,2
66699,66702,66703,1,3
66699,66702,66703,1,3
66699,66702,66703,1,3
66699,66703,66704,1,4
66699,66703,66704,1,4
66699,66702,66703,1,3
66699,66703,66704,1,4
66699,66702,66703,1,3
66699,66703,66704,1,4
66699,66703,66704,1,4
66699,66703,66704,1,4
66699,66703,66704,1,4
66699,66703,66704,1,4
66699,66703,66704,1,4
66699,66704,66705,1,5
66699,66703,66704,1,4
66699,66704,66705,1,5
66699,66704,66705,1,5
66699,66703,66704,1,4
66699,66704,66705,1,5
66699,66704,66705,1,5
66699,66704,66705,1,5
66699,66704,66705,1,5
66699,66705,66706,1,6
66699,66705,66706,1,6
66699,66705,66706,1,6
66699,66705,66706,1,6
66699,66705,66706,1,6
66699,66705,66706,1,6
66699,66705,66706,1,6
66699,66704,66705,1,5
66699,66704,66705,1,5
66699,66705,66706,1,6
66699,66706,66707,1,7
66699,66706,66707,1,7
66699,66706,66707,1,7
66699,66706,66707,1,7
66699,66706,66707,1,7
66699,66706,66707,1,7
66699,66706,66707,1,7
66699,66706,66707,1,7
66699,66706,66707,1,7
66699,66707,66708,1,8
66699,66706,66707,1,7
66699,66707,66708,1,8
66699,66707,66708,1,8
66699,66707,66708,1,8
66699,66707,66708,1,8
66699,66707,66708,1,8
66699,66707,66708,1,8
66699,66707,66708,1,8
66699,66707,66708,1,8
66701,66708,66709,1,7
66701,66708,66709,1,7
66701,66708,66709,1,7
66701,66708,66709,1,7
66701,66708,66709,1,7
66701,66708,66709,1,7
66701,66708,66709,1,7
66701,66708,66709,1,7
66701,66708,66709,1,7
66701,66709,66710,1,8
66701,66709,66710,1,8
66701,66709,66710,1,8
66701,66708,66709,1,7
66701,66708,66709,1,7
66701,66709,66710,1,8
66701,66709,66710,1,8
66701,66709,66710,1,8
66701,66709,66710,1,8
66701,66709,66710,1,8
66701,66709,66710,1,8
66701,66709,66710,1,8
66701,66710,66711,1,9
66701,66709,66710,1,8
66701,66709,66710,1,8
66701,66709,66711,2,8
66701,66709,66710,1,8
66701,66709,66710,1,8
66701,66711,66712,1,10
66701,66711,66712,1,10
66701,66710,66712,2,9
66701,66710,66712,2,9
66701,66710,66712,2,9
66701,66711,66712,1,10
66701,66711,66712,1,10
66701,66711,66712,1,10
66701,66711,66712,1,10
66701,66711,66713,2,10
66701,66711,66712,1,10
66701,66711,66713,2,10
66701,66711,66713,2,10
66701,66711,66713,2,10
66701,66711,66713,2,10
66701,66712,66713,1,11
66701,66713,66714,1,12
66701,66712,66713,1,11
66701,66713,66714,1,12
66701,66712,66713,1,11
66701,66713,66714,1,12
66701,66713,66714,1,12
66701,66713,66714,1,12
66701,66713,66714,1,12
66701,66713,66714,1,12
66701,66714,66715,1,13
66701,66714,66715,1,13
66701,66714,66715,1,13
66701,66713,66714,1,12
66701,66713,66714,1,12
66701,66714,66715,1,13
66701,66714,66715,1,13
66701,66713,66714,1,12
66701,66713,66714,1,12
66701,66715,66716,1,14
66701,66715,66716,1,14
66701,66715,66716,1,14
66701,66712,66714,2,11
66701,66715,66716,1,14
66701,66715,66716,1,14
66701,66715,66716,1,14
66701,66715,66716,1,14
66701,66715,66716,1,14
66701,66715,66716,1,14
66701,66715,66716,1,14
66701,66716,66717,1,15
66701,66716,66717,1,15
66701,66716,66717,1,15
66701,66716,66717,1,15
66701,66716,66717,1,15
66701,66716,66717,1,15
66701,66716,66717,1,15
66701,66716,66717,1,15
66701,66716,66718,2,15
66280,66288,66774,486,8
66776,66776,66777,1,0
66776,66776,66777,1,0
66776,66776,66777,1,0
66776,66776,66777,1,0
66776,66776,66777,1,0
66776,66776,66777,1,0
66776,66776,66777,1,0
66776,66776,66777,1,0
66776,66776,66777,1,0
66776,66776,66777,1,0
66776,66776,66777,1,0
66776,66776,66777,1,0
66776,66776,66777,1,0
66776,66776,66777,1,0
66776,66776,66778,2,0
66776,66777,66778,1,1
66776,66777,66778,1,1
66776,66777,66778,1,1
66776,66777,66779,2,1
66776,66777,66778,1,1
66776,66777,66778,1,1
66776,66777,66779,2,1
66776,66777,66779,2,1
66776,66777,66779,2,1
66776,66777,66779,2,1
66776,66777,66779,2,1
66776,66777,66779,2,1
66776,66777,66779,2,1
66776,66779,66780,1,3
66776,66779,66780,1,3
66776,66777,66779,2,1
66776,66777,66779,2,1
66035,66045,66780,735,10
66776,66778,66780,2,2
66776,66779,66781,2,3
66776,66779,66781,2,3
66776,66778,66780,2,2
66776,66779,66781,2,3
66776,66779,66781,2,3
66776,66779,66780,1,3
66776,66779,66780,1,3
66776,66779,66781,2,3
66776,66779,66781,2,3
66776,66779,66781,2,3
66776,66779,66781,2,3
66776,66780,66782,2,4
66776,66781,66782,1,5
66776,66780,66781,1,4
66776,66780,66781,1,4
66776,66781,66782,1,5
66776,66781,66782,1,5
66776,66780,66782,2,4
66776,66782,66783,1,6
66776,66780,66782,2,4
66776,66781,66782,1,5
66776,66781,66783,2,5
66776,66781,66782,1,5
66776,66782,66783,1,6
66776,66781,66783,2,5
66776,66782,66783,1,6
66776,66781,66783,2,5
66776,66781,66783,2,5
66776,66782,66783,1,6
66776,66782,66783,1,6
66776,66782,66783,1,6
66776,66782,66783,1,6
66776,66782,66783,1,6
66776,66782,66783,1,6
66776,66783,66784,1,7
66776,66782,66784,2,6
66776,66783,66784,1,7
66776,66783,66784,1,7
66776,66783,66784,1,7
66776,66783,66784,1,7
66776,66784,66785,1,8
66776,66783,66784,1,7
66776,66783,66784,1,7
66776,66784,66785,1,8
66776,66783,66784,1,7
66776,66783,66785,2,7
66776,66784,66785,1,8
66781,66785,66786,1,4
66776,66785,66786,1,9
66781,66785,66786,1,4
66776,66784,66785,1,8
66781,66786,66787,1,5
66781,66786,66787,1,5
66781,66786,66787,1,5
66781,66785,66786,1,4
66781,66787,66788,1,6
66781,66787,66788,1,6
66781,66786,66787,1,5
66781,66786,66787,1,5
66781,66786,66787,1,5
66781,66786,66787,1,5
66781,66786,66788,2,5
66781,66786,66788,2,5
66781,66787,66788,1,6
66781,66787,66788,1,6
66781,66787,66788,1,6
66781,66787,66788,1,6
66781,66787,66788,1,6
66781,66787,66788,1,6
66781,66787,66788,1,6
66781,66787,66788,1,6
66781,66787,66789,2,6
66781,66788,66789,1,7
66781,66788,66789,1,7
66781,66788,66790,2,7
66781,66788,66789,1,7
66781,66788,66790,2,7
66781,66788,66789,1,7
66781,66788,66790,2,7
66781,66789,66790,1,8
66781,66789,66790,1,8
66781,66789,66790,1,8
66781,66789,66790,1,8
66781,66789,66790,1,8
66781,66789,66790,1,8
66781,66789,66791,2,8
66781,66789,66791,2,8
66781,66789,66791,2,8
66781,66790,66791,1,9
66781,66791,66792,1,10
66781,66790,66791,1,9
66781,66790,66792,2,9
66781,66789,66791,2,8
66781,66790,66792,2,9
66781,66790,66792,2,9
66781,66791,66792,1,10
66781,66791,66792,1,10
66781,66791,66792,1,10
66781,66791,66792,1,10
66781,66792,66793,1,11
66781,66792,66793,1,11
66781,66791,66792,1,10
66781,66791,66792,1,10
66781,66792,66793,1,11
66781,66790,66792,2,9
66781,66792,66793,1,11
66781,66791,66793,2,10
66781,66791,66793,2,10
66781,66791,66792,1,10
66781,66793,66794,1,12
66781,66792,66793,1,11
66781,66793,66794,1,12
66781,66793,66794,1,12
66781,66792,66793,1,11
66781,66793,66794,1,12
66781,66792,66793,1,11
66781,66793,66794,1,12
66781,66793,66794,1,12
66781,66793,66794,1,12
66781,66793,66794,1,12
66781,66794,66795,1,13
66781,66794,66795,1,13
66781,66794,66795,1,13
66781,66794,66795,1,13
66781,66794,66795,1,13
66781,66794,66795,1,13
66781,66794,66795,1,13
66781,66794,66795,1,13
66781,66794,66795,1,13
66781,66794,66795,1,13
66781,66794,66795,1,13
66086,66098,66799,701,12
66805,66805,66806,1,0
66805,66805,66806,1,0
66805,66805,66806,1,0
66805,66805,66806,1,0
66805,66805,66806,1,0
66805,66805,66806,1,0
66805,66805,66806,1,0
66805,66805,66806,1,0
66805,66805,66806,1,0
66805,66805,66806,1,0
66805,66805,66806,1,0
66805,66805,66807,2,0
66805,66805,66806,1,0
66805,66805,66807,2,0
66805,66805,66806,1,0
66805,66805,66807,2,0
66805,66806,66808,2,1
66805,66806,66808,2,1
66805,66806,66808,2,1
66805,66806,66808,2,1
66805,66806,66808,2,1
66805,66806,66808,2,1
66805,66806,66808,2,1
66805,66806,66808,2,1
66805,66805,66808,3,0
66805,66807,66809,2,2
66805,66806,66808,2,1
66805,66807,66809,2,2
66805,66807,66809,2,2
66805,66806,66808,2,1
66805,66806,66808,2,1
66805,66807,66808,1,2
66805,66808,66810,2,3
66805,66808,66809,1,3
66805,66808,66809,1,3
66805,66808,66810,2,3
66805,66808,66809,1,3
66805,66808,66809,1,3
66805,66808,66810,2,3
66805,66809,66811,2,4
66805,66809,66811,2,4
66805,66809,66811,2,4
66805,66810,66811,1,5
66805,66810,66811,1,5
66805,66809,66810,1,4
66805,66810,66811,1,5
66805,66810,66811,1,5
66805,66809,66811,2,4
66805,66809,66811,2,4
66805,66810,66811,1,5
66805,66810,66811,1,5
66805,66809,66812,3,4
66805,66811,66812,1,6
66805,66811,66812,1,6
66805,66809,66812,3,4
66805,66811,66812,1,6
66805,66812,66813,1,7
66805,66807,66812,5,2
66805,66811,66813,2,6
66805,66812,66813,1,7
66805,66812,66813,1,7
66805,66811,66813,2,6
66805,66811,66813,2,6
66805,66812,66813,1,7
66805,66813,66814,1,8
66805,66812,66814,2,7
66805,66813,66814,1,8
66805,66813,66814,1,8
66805,66813,66814,1,8
66805,66813,66814,1,8
66805,66814,66815,1,9
66805,66814,66815,1,9
66805,66814,66815,1,9
66805,66813,66815,2,8
66805,66815,66816,1,10
66805,66808,66829,21,3
66371,66378,66858,480,7
66860,66860,66861,1,0
66860,66860,66861,1,0
66860,66860,66861,1,0
66860,66860,66861,1,0
66860,66860,66861,1,0
66860,66860,66861,1,0
66860,66860,66861,1,0
66860,66860,66861,1,0
66860,66860,66861,1,0
66860,66860,66861,1,0
66860,66860,66861,1,0
66860,66860,66861,1,0
66860,66860,66861,1,0
66860,66860,66862,2,0
66860,66860,66862,2,0
66860,66860,66861,1,0
66860,66860,66861,1,0
66860,66861,66863,2,1
66860,66861,66863,2,1
66860,66861,66863,2,1
66860,66861,66863,2,1
66860,66861,66863,2,1
66860,66861,66863,2,1
66860,66861,66863,2,1
66860,66861,66864,3,1
66860,66861,66864,3,1
66860,66862,66864,2,2
66860,66862,66864,2,2
66860,66862,66864,2,2
66860,66863,66864,1,3
66860,66863,66864,1,3
66860,66863,66864,1,3
66860,66862,66865,3,2
66860,66861,66864,3,1
66860,66862,66865,3,2
66860,66863,66864,1,3
66860,66863,66864,1,3
66860,66864,66865,1,4
66860,66864,66865,1,4
66860,66864,66865,1,4
66860,66864,66865,1,4
66860,66862,66865,3,2
66860,66864,66865,1,4
66860,66864,66865,1,4
66860,66864,66865,1,4
66860,66862,66866,4,2
66860,66865,66866,1,5
66860,66865,66866,1,5
66860,66865,66866,1,5
66860,66865,66866,1,5
66860,66865,66867,2,5
66860,66865,66867,2,5
66860,66866,66867,1,6
66860,66866,66867,1,6
66860,66865,66867,2,5
66860,66865,66867,2,5
66860,66865,66866,1,5
66860,66866,66867,1,6
66860,66866,66867,1,6
66860,66866,66867,1,6
66860,66866,66867,1,6
66860,66866,66867,1,6
66860,66866,66868,2,6
66860,66867,66868,1,7
66860,66868,66869,1,8
66860,66867,66868,1,7
66860,66867,66869,2,7
66860,66868,66869,1,8
66860,66868,66869,1,8
66860,66869,66870,1,9
66860,66869,66870,1,9
66172,66178,66906,728,6
66906,66906,66907,1,0
66906,66906,66907,1,0
66906,66906,66907,1,0
66906,66906,66907,1,0
66906,66906,66907,1,0
66906,66906,66907,1,0
66906,66906,66907,1,0
66906,66906,66907,1,0
66906,66906,66907,1,0
66906,66906,66907,1,0
66906,66906,66907,1,0
66906,66906,66907,1,0
66906,66906,66907,1,0
66906,66906,66907,1,0
66133,66141,66907,766,8
66906,66906,66907,1,0
66906,66907,66908,1,1
66906,66907,66908,1,1
66906,66906,66907,1,0
66906,66906,66908,2,0
66906,66907,66908,1,1
66906,66907,66909,2,1
66906,66907,66908,1,1
66906,66907,66909,2,1
66906,66907,66909,2,1
66906,66907,66909,2,1
66906,66907,66908,1,1
66906,66907,66909,2,1
66906,66907,66908,1,1
66906,66907,66908,1,1
66906,66907,66909,2,1
66906,66907,66909,2,1
66906,66907,66909,2,1
66906,66907,66909,2,1
66906,66908,66909,1,2
66906,66908,66909,1,2
66906,66908,66910,2,2
66906,66908,66910,2,2
66906,66908,66910,2,2
66906,66909,66911,2,3
66906,66909,66910,1,3
66906,66909,66911,2,3
66906,66909,66911,2,3
66906,66909,66911,2,3
66906,66909,66911,2,3
66906,66909,66911,2,3
66906,66909,66911,2,3
66906,66909,66910,1,3
66906,66909,66911,2,3
66906,66909,66911,2,3
66906,66909,66911,2,3
66906,66910,66911,1,4
66906,66910,66912,2,4
66906,66910,66912,2,4
66906,66910,66912,2,4
66906,66910,66912,2,4
66906,66909,66912,3,3
66906,66911,66913,2,5
66906,66911,66913,2,5
66906,66911,66913,2,5
66906,66911,66913,2,5
66906,66911,66913,2,5
66906,66911,66913,2,5
66906,66911,66913,2,5
66906,66911,66913,2,5
66906,66911,66913,2,5
66906,66912,66913,1,6
66906,66912,66913,1,6
66906,66911,66913,2,5
66906,66913,66914,1,7
66906,66913,66914,1,7
66906,66912,66914,2,6
66906,66913,66914,1,7
66906,66912,66914,2,6
66906,66913,66914,1,7
66906,66913,66914,1,7
66906,66913,66914,1,7
66906,66913,66914,1,7
66906,66914,66915,1,8
66906,66914,66915,1,8
66906,66914,66915,1,8
66906,66913,66915,2,7
66906,66913,66915,2,7
66906,66914,66915,1,8
66906,66914,66915,1,8
66906,66914,66915,1,8
66906,66915,66916,1,9
66906,66915,66916,1,9
66908,66916,66917,1,8
66908,66916,66917,1,8
66908,66916,66917,1,8
66908,66916,66917,1,8
66908,66916,66917,1,8
66908,66916,66917,1,8
66908,66916,66918,2,8
66908,66917,66918,1,9
66908,66917,66919,2,9
66908,66917,66918,1,9
66908,66917,66918,1,9
66908,66917,66918,1,9
66908,66917,66918,1,9
66908,66917,66919,2,9
66908,66917,66919,2,9
66908,66917,66919,2,9
66908,66917,66919,2,9
66908,66917,66919,2,9
66908,66917,66919,2,9
66908,66918,66920,2,10
66908,66918,66920,2,10
66908,66919,66920,1,11
66908,66919,66920,1,11
66908,66919,66920,1,11
66908,66919,66920,1,11
66908,66919,66920,1,11
66908,66919,66920,1,11
66908,66918,66920,2,10
66908,66918,66920,2,10
66908,66918,66920,2,10
66908,66920,66922,2,12
66908,66920,66922,2,12
66908,66920,66922,2,12
66908,66920,66922,2,12
66908,66920,66922,2,12
66908,66920,66922,2,12
66908,66920,66922,2,12
66908,66921,66922,1,13
66908,66921,66922,1,13
66908,66921,66922,1,13
66908,66921,66922,1,13
66908,66921,66922,1,13
66908,66921,66922,1,13
66908,66921,66922,1,13
66908,66921,66923,2,13
66908,66921,66922,1,13
66908,66921,66922,1,13
66908,66922,66923,1,14
66908,66923,66924,1,15
66908,66922,66923,1,14
66908,66922,66923,1,14
66908,66922,66923,1,14
66908,66922,66923,1,14
66908,66922,66924,2,14
66908,66922,66923,1,14
66908,66923,66924,1,15
66908,66924,66925,1,16
66908,66923,66924,1,15
66908,66924,66925,1,16
66908,66923,66924,1,15
66908,66923,66924,1,15
66908,66923,66924,1,15
66908,66924,66925,1,16
66908,66923,66924,1,15
66908,66924,66925,1,16
66908,66923,66924,1,15
66908,66923,66924,1,15
66908,66924,66925,1,16
66908,66925,66926,1,17
66908,66925,66926,1,17
66908,66925,66926,1,17
66908,66925,66926,1,17
66908,66925,66926,1,17
66908,66924,66925,1,16
66908,66925,66926,1,17
66908,66924,66925,1,16
66908,66925,66926,1,17
66908,66925,66926,1,17
66908,66925,66926,1,17
66908,66924,66925,1,16
66908,66924,66925,1,16
66908,66925,66926,1,17
66908,66926,66927,1,18
66908,66926,66927,1,18
66908,66926,66927,1,18
66238,66246,66961,715,8
66961,66961,66962,1,0
66961,66961,66962,1,0
66961,66961,66962,1,0
66961,66961,66962,1,0
66961,66961,66962,1,0
66961,66961,66962,1,0
66961,66961,66962,1,0
66961,66961,66962,1,0
66961,66961,66962,1,0
66961,66961,66962,1,0
66961,66961,66962,1,0
66961,66961,66962,1,0
66961,66961,66962,1,0
66961,66961,66962,1,0
66961,66961,66962,1,0
66961,66961,66963,2,0
66961,66961,66963,2,0
66961,66962,66963,1,1
66961,66962,66964,2,1
66961,66962,66964,2,1
66961,66962,66964,2,1
66961,66962,66964,2,1
66961,66962,66964,2,1
66961,66962,66964,2,1
66961,66962,66964,2,1
66961,66962,66964,2,1
66961,66962,66963,1,1
66961,66963,66964,1,2
66961,66962,66964,2,1
66961,66963,66964,1,2
66961,66962,66964,2,1
66961,66963,66964,1,2
66961,66963,66964,1,2
66961,66963,66965,2,2
66961,66964,66965,1,3
66961,66964,66965,1,3
66961,66964,66965,1,3
66961,66964,66965,1,3
66961,66964,66965,1,3
66961,66964,66966,2,3
66961,66964,66966,2,3
66961,66964,66966,2,3
66961,66964,66966,2,3
66961,66964,66966,2,3
66961,66964,66965,1,3
66961,66965,66966,1,4
66961,66965,66966,1,4
66961,66965,66966,1,4
66961,66965,66966,1,4
66961,66965,66966,1,4
66961,66965,66967,2,4
66961,66965,66967,2,4
66961,66966,66967,1,5
66961,66966,66967,1,5
66961,66966,66967,1,5
66961,66966,66968,2,5
66961,66967,66968,1,6
66961,66967,66968,1,6
66961,66967,66968,1,6
66961,66967,66968,1,6
66961,66967,66968,1,6
66961,66967,66968,1,6
66961,66967,66968,1,6
66961,66967,66968,1,6
66961,66967,66969,2,6
66961,66968,66969,1,7
66961,66968,66969,1,7
66961,66968,66969,1,7
66961,66967,66969,2,6
66961,66967,66969,2,6
66961,66967,66969,2,6
66961,66969,66970,1,8
66961,66968,66969,1,7
66961,66968,66969,1,7
66961,66969,66970,1,8
66961,66969,66970,1,8
66961,66969,66970,1,8
66961,66969,66970,1,8
66961,66970,66971,1,9
66961,66969,66970,1,8
66961,66970,66971,1,9
66961,66970,66971,1,9
66961,66970,66971,1,9
66961,66969,66970,1,8
66961,66969,66970,1,8
66961,66970,66971,1,9
66961,66969,66971,2,8
66961,66970,66971,1,9
66337,66343,67062,719,6
67064,67064,67065,1,0
67064,67064,67065,1,0
67064,67064,67065,1,0
67064,67064,67065,1,0
67064,67064,67065,1,0
67064,67064,67065,1,0
67064,67064,67065,1,0
67064,67064,67065,1,0
67064,67064,67065,1,0
67064,67065,67066,1,1
67064,67064,67065,1,0
67064,67064,67065,1,0
67064,67064,67065,1,0
67064,67065,67066,1,1
67064,67065,67066,1,1
67064,67065,67066,1,1
67064,67065,67066,1,1
67064,67065,67066,1,1
67064,67065,67066,1,1
67064,67065,67066,1,1
67064,67065,67066,1,1
67064,67065,67066,1,1
67064,67065,67067,2,1
67064,67065,67066,1,1
67064,67065,67066,1,1
67064,67066,67067,1,2
67064,67067,67068,1,3
67064,67067,67068,1,3
67064,67066,67067,1,2
67064,67066,67068,2,2
67064,67066,67068,2,2
67064,67067,67069,2,3
67064,67067,67069,2,3
67064,67067,67068,1,3
67064,67067,67069,2,3
67064,67067,67069,2,3
67064,67067,67068,1,3
67064,67067,67068,1,3
67064,67067,67069,2,3
67064,67067,67069,2,3
67064,67068,67069,1,4
67064,67068,67069,1,4
67064,67067,67069,2,3
67064,67068,67069,1,4
67064,67069,67070,1,5
67064,67068,67070,2,4
67064,67068,67070,2,4
67064,67069,67070,1,5
67064,67069,67070,1,5
67064,67069,67071,2,5
67064,67070,67071,1,6
67064,67070,67071,1,6
67064,67067,67071,4,3
67064,67069,67070,1,5
67064,67069,67070,1,5
67064,67070,67071,1,6
67064,67070,67071,1,6
67064,67069,67070,1,5
67064,67069,67071,2,5
67064,67069,67070,1,5
67064,67069,67070,1,5
67064,67070,67071,1,6
67064,67070,67071,1,6
67064,67071,67072,1,7
67064,67071,67072,1,7
67064,67071,67072,1,7
67064,67071,67072,1,7
67064,67071,67072,1,7
67064,67071,67072,1,7
67064,67071,67072,1,7
67064,67071,67072,1,7
67064,67070,67071,1,6
67064,67071,67072,1,7
67064,67070,67072,2,6
67064,67071,67072,1,7
67064,67072,67073,1,8
67064,67072,67073,1,8
67064,67072,67073,1,8
67064,67071,67072,1,7
67064,67072,67073,1,8
67064,67072,67073,1,8
67064,67072,67073,1,8
67064,67072,67073,1,8
67064,67072,67073,1,8
67064,67071,67073,2,7
67064,67073,67074,1,9
67064,67073,67074,1,9
66587,66602,67074,472,15
67064,67071,67074,3,7
67075,67075,67076,1,0
67075,67075,67076,1,0
67075,67075,67076,1,0
67075,67075,67076,1,0
67075,67075,67076,1,0
67075,67075,67076,1,0
67075,67075,67076,1,0
67075,67075,67076,1,0
67075,67075,67076,1,0
67075,67075,67076,1,0
67075,67075,67076,1,0
67075,67075,67076,1,0
67075,67075,67076,1,0
67075,67075,67076,1,0
66585,66602,67077,475,17
67075,67075,67077,2,0
67075,67076,67078,2,1
67075,67075,67078,3,0
67075,67076,67078,2,1
67075,67076,67078,2,1
67075,67076,67078,2,1
67075,67076,67078,2,1
67075,67076,67078,2,1
67075,67076,67079,3,1
67075,67078,67079,1,3
67075,67076,67078,2,1
67075,67076,67079,3,1
67075,67076,67078,2,1
67075,67077,67079,2,2
67075,67076,67078,2,1
67075,67076,67079,3,1
67075,67077,67079,2,2
67075,67077,67078,1,2
67075,67078,67079,1,3
67075,67078,67079,1,3
67075,67078,67079,1,3
67075,67078,67079,1,3
67075,67077,67079,2,2
67075,67078,67080,2,3
67075,67078,67079,1,3
67075,67079,67081,2,4
67075,67079,67081,2,4
67075,67079,67080,1,4
67075,67079,67081,2,4
67075,67079,67081,2,4
67075,67079,67081,2,4
67075,67079,67081,2,4
67075,67079,67081,2,4
67075,67079,67081,2,4
67075,67079,67081,2,4
67075,67079,67081,2,4
67075,67079,67081,2,4
67075,67080,67082,2,5
67075,67080,67082,2,5
67075,67080,67082,2,5
67075,67079,67082,3,4
67075,67080,67082,2,5
67075,67081,67083,2,6
67075,67081,67083,2,6
67075,67082,67083,1,7
67075,67082,67083,1,7
67075,67082,67083,1,7
67075,67082,67083,1,7
67075,67082,67083,1,7
67075,67083,67084,1,8
67075,67083,67084,1,8
67075,67082,67084,2,7
67075,67083,67084,1,8
67075,67083,67084,1,8
67075,67083,67084,1,8
67075,67084,67085,1,9
67075,67084,67085,1,9
67075,67083,67084,1,8
67075,67084,67085,1,9
67075,67083,67085,2,8
67075,67081,67084,3,6
67075,67084,67085,1,9
67075,67085,67086,1,10
67075,67085,67086,1,10
67075,67085,67086,1,10
66378,66386,67090,704,8
67075,67084,67090,6,9
67098,67098,67099,1,0
67098,67098,67099,1,0
67098,67098,67099,1,0
67098,67098,67099,1,0
67098,67098,67099,1,0
67098,67098,67099,1,0
67098,67098,67099,1,0
67098,67098,67099,1,0
67098,67098,67099,1,0
67098,67098,67099,1,0
67098,67098,67099,1,0
67098,67098,67099,1,0
67098,67098,67099,1,0
67098,67098,67099,1,0
67098,67098,67099,1,0
67098,67098,67100,2,0
67098,67098,67100,2,0
67098,67098,67100,2,0
67098,67099,67101,2,1
67098,67099,67101,2,1
67098,67099,67101,2,1
67098,67099,67101,2,1
67098,67099,67101,2,1
67098,67099,67101,2,1
67098,67099,67101,2,1
67098,67100,67101,1,2
67098,67099,67101,2,1
67098,67099,67101,2,1
67098,67101,67102,1,3
67098,67099,67102,3,1
67098,67099,67102,3,1
67098,67100,67102,2,2
67098,67099,67102,3,1
67098,67099,67102,3,1
67098,67101,67102,1,3
67098,67101,67102,1,3
67098,67101,67102,1,3
67098,67099,67101,2,1
67098,67099,67102,3,1
67098,67101,67102,1,3
67098,67101,67102,1,3
67098,67101,67102,1,3
67098,67101,67102,1,3
67098,67101,67102,1,3
67098,67102,67103,1,4
67098,67102,67103,1,4
67098,67102,67103,1,4
67098,67102,67103,1,4
67098,67102,67103,1,4
67098,67102,67103,1,4
67098,67102,67104,2,4
67098,67102,67103,1,4
67098,67102,67104,2,4
67098,67104,67105,1,6
67098,67103,67104,1,5
67098,67104,67105,1,6
67098,67104,67105,1,6
67098,67104,67105,1,6
67098,67104,67105,1,6
67098,67104,67105,1,6
67098,67104,67105,1,6
67098,67105,67106,1,7
67098,67105,67106,1,7
67098,67105,67106,1,7
67098,67105,67106,1,7
67098,67105,67106,1,7
67098,67104,67105,1,6
67099,67106,67107,1,7
67099,67106,67107,1,7
67099,67106,67107,1,7
67099,67106,67107,1,7
67099,67106,67107,1,7
67099,67106,67107,1,7
67099,67107,67108,1,8
67099,67107,67108,1,8
67099,67106,67107,1,7
67099,67107,67108,1,8
67099,67107,67108,1,8
67099,67107,67108,1,8
67099,67107,67108,1,8
67099,67107,67108,1,8
67099,67107,67108,1,8
67099,67107,67108,1,8
67099,67107,67109,2,8
67099,67107,67109,2,8
67099,67107,67109,2,8
67099,67107,67109,2,8
67099,67108,67110,2,9
67099,67108,67109,1,9
67099,67108,67109,1,9
67099,67108,67109,1,9
67099,67108,67109,1,9
67099,67109,67110,1,10
67099,67108,67110,2,9
67099,67109,67110,1,10
67099,67109,67110,1,10
67099,67109,67110,1,10
67099,67107,67109,2,8
67099,67110,67111,1,11
67099,67109,67111,2,10
67099,67109,67111,2,10
67099,67110,67111,1,11
67099,67110,67111,1,11
67099,67110,67111,1,11
67099,67109,67111,2,10
67099,67109,67110,1,10
67099,67109,67111,2,10
67099,67109,67110,1,10
67099,67109,67110,1,10
67099,67110,67111,1,11
67099,67111,67112,1,12
67099,67111,67112,1,12
67099,67111,67112,1,12
67099,67110,67111,1,11
67099,67111,67112,1,12
67099,67110,67112,2,11
67099,67110,67112,2,11
67099,67110,67112,2,11
67099,67110,67112,2,11
67099,67111,67112,1,12
67099,67111,67112,1,12
67099,67111,67112,1,12
67099,67111,67113,2,12
67099,67112,67113,1,13
67099,67112,67113,1,13
67099,67112,67113,1,13
67099,67111,67112,1,12
67099,67111,67112,1,12
67099,67112,67113,1,13
67099,67111,67112,1,12
67099,67112,67113,1,13
67099,67111,67112,1,12
67099,67112,67113,1,13
67099,67113,67114,1,14
67099,67113,67114,1,14
67099,67113,67114,1,14
67099,67113,67114,1,14
67099,67112,67113,1,13
67099,67113,67114,1,14
67099,67113,67114,1,14
67099,67113,67114,1,14
67099,67113,67114,1,14
67099,67113,67114,1,14
67099,67112,67114,2,13
67099,67112,67114,2,13
67099,67113,67114,1,14
67099,67113,67114,1,14
67099,67114,67115,1,15
67099,67113,67114,1,14
67099,67114,67115,1,15
67099,67114,67115,1,15
67099,67114,67115,1,15
67099,67114,67115,1,15
67099,67114,67115,1,15
66398,66405,67130,725,7
67135,67135,67136,1,0
67135,67135,67136,1,0
67135,67135,67136,1,0
67135,67135,67136,1,0
67135,67135,67136,1,0
67135,67135,67136,1,0
67135,67135,67136,1,0
67135,67135,67136,1,0
67135,67135,67136,1,0
67135,67135,67136,1,0
67135,67135,67136,1,0
67135,67135,67137,2,0
67135,67135,67137,2,0
67135,67136,67137,1,1
67135,67136,67138,2,1
67135,67136,67137,1,1
67135,67136,67138,2,1
67135,67136,67138,2,1
67135,67136,67138,2,1
67135,67136,67138,2,1
67135,67136,67137,1,1
67135,67136,67137,1,1
67135,67135,67138,3,0
67135,67135,67138,3,0
67135,67136,67138,2,1
67135,67136,67138,2,1
67135,67137,67139,2,2
67135,67136,67138,2,1
67135,67138,67139,1,3
67135,67138,67139,1,3
67135,67138,67139,1,3
67135,67137,67138,1,2
67135,67138,67139,1,3
67135,67137,67138,1,2
67135,67137,67139,2,2
67135,67138,67139,1,3
67135,67138,67139,1,3
67135,67138,67139,1,3
67135,67139,67140,1,4
67135,67138,67139,1,3
67135,67139,67140,1,4
67135,67138,67139,1,3
67135,67139,67140,1,4
67135,67139,67140,1,4
67135,67139,67140,1,4
67135,67139,67140,1,4
67135,67139,67140,1,4
67135,67140,67141,1,5
67135,67139,67141,2,4
67135,67139,67141,2,4
67135,67139,67141,2,4
67135,67139,67140,1,4
67135,67140,67141,1,5
67135,67139,67140,1,4
67135,67140,67141,1,5
67135,67140,67141,1,5
67135,67139,67140,1,4
67135,67140,67141,1,5
67135,67140,67141,1,5
67135,67140,67141,1,5
67135,67140,67141,1,5
67135,67140,67141,1,5
67135,67141,67142,1,6
67135,67141,67142,1,6
67135,67141,67142,1,6
67135,67141,67142,1,6
67135,67141,67142,1,6
67135,67141,67142,1,6
67135,67141,67142,1,6
67135,67141,67142,1,6
67135,67141,67142,1,6
67135,67141,67142,1,6
67135,67139,67141,2,4
67135,67142,67143,1,7
67135,67141,67142,1,6
67135,67141,67142,1,6
67135,67142,67143,1,7
67135,67142,67143,1,7
67135,67142,67143,1,7
67135,67142,67143,1,7
67135,67142,67143,1,7
67135,67142,67143,1,7
67135,67143,67144,1,8
67135,67145,67147,2,10
66656,66669,67148,479,13
67149,67149,67150,1,0
67149,67149,67150,1,0
67149,67149,67150,1,0
67149,67149,67150,1,0
67149,67149,67150,1,0
67149,67149,67150,1,0
67149,67149,67150,1,0
67149,67149,67150,1,0
67149,67149,67150,1,0
67149,67149,67150,1,0
67149,67150,67151,1,1
67149,67150,67151,1,1
67149,67149,67150,1,0
67149,67151,67152,1,2
67149,67150,67151,1,1
67149,67151,67152,1,2
67149,67150,67152,2,1
67149,67150,67152,2,1
67149,67150,67152,2,1
67149,67150,67152,2,1
67149,67150,67151,1,1
67149,67150,67152,2,1
67149,67151,67152,1,2
67149,67151,67152,1,2
67149,67151,67153,2,2
67149,67151,67152,1,2
67149,67152,67153,1,3
67149,67152,67153,1,3
67149,67151,67152,1,2
67135,67150,67153,3,15
67149,67151,67153,2,2
67149,67152,67153,1,3
67149,67152,67153,1,3
67149,67153,67154,1,4
67149,67153,67154,1,4
67149,67152,67154,2,3
67149,67152,67153,1,3
67149,67152,67153,1,3
67149,67152,67154,2,3
67149,67152,67154,2,3
67149,67152,67154,2,3
67149,67153,67155,2,4
67149,67153,67154,1,4
67149,67153,67155,2,4
67149,67154,67155,1,5
67149,67154,67155,1,5
67149,67154,67155,1,5
67149,67153,67154,1,4
67149,67153,67156,3,4
67149,67154,67155,1,5
67149,67155,67156,1,6
67149,67155,67156,1,6
67149,67155,67156,1,6
67149,67154,67155,1,5
67149,67154,67155,1,5
67149,67154,67155,1,5
67149,67154,67156,2,5
67149,67154,67156,2,5
67149,67154,67156,2,5
67149,67155,67156,1,6
67149,67155,67156,1,6
67149,67155,67156,1,6
67149,67156,67157,1,7
67149,67156,67157,1,7
67149,67156,67157,1,7
67149,67156,67157,1,7
67149,67155,67157,2,6
67149,67157,67158,1,8
67149,67157,67158,1,8
67149,67156,67157,1,7
67149,67157,67158,1,8
67149,67157,67158,1,8
67149,67157,67158,1,8
67149,67157,67158,1,8
67149,67157,67158,1,8
67149,67157,67158,1,8
67149,67157,67158,1,8
67149,67158,67159,1,9
67149,67158,67159,1,9
67149,67157,67159,2,8
67149,67158,67159,1,9
67149,67158,67159,1,9
67149,67158,67159,1,9
67149,67158,67159,1,9
67149,67164,67165,1,15
67149,67164,67165,1,15
66468,66475,67203,728,7
67205,67205,67206,1,0
67205,67205,67206,1,0
67205,67205,67206,1,0
67205,67205,67206,1,0
67205,67205,67206,1,0
67205,67205,67206,1,0
67205,67205,67206,1,0
67205,67205,67206,1,0
67205,67205,67206,1,0
67205,67205,67206,1,0
67205,67205,67207,2,0
66701,66708,67206,498,7
67205,67205,67206,1,0
67205,67205,67207,2,0
67205,67206,67207,1,1
67205,67206,67207,1,1
67205,67206,67207,1,1
67205,67206,67208,2,1
67205,67206,67208,2,1
67205,67206,67208,2,1
67205,67206,67207,1,1
67205,67206,67208,2,1
67205,67206,67208,2,1
67205,67206,67208,2,1
67205,67206,67208,2,1
67205,67207,67209,2,2
67205,67207,67209,2,2
67205,67208,67209,1,3
67205,67206,67208,2,1
67205,67206,67208,2,1
67205,67207,67209,2,2
67205,67207,67209,2,2
67205,67207,67209,2,2
67205,67208,67210,2,3
67205,67208,67210,2,3
67205,67208,67209,1,3
67205,67208,67209,1,3
67205,67208,67209,1,3
67205,67208,67209,1,3
67205,67208,67210,2,3
67205,67208,67210,2,3
67205,67208,67210,2,3
67205,67208,67210,2,3
67205,67210,67211,1,5
67205,67210,67211,1,5
67205,67209,67210,1,4
67205,67210,67211,1,5
67205,67210,67211,1,5
67205,67209,67211,2,4
67205,67209,67211,2,4
67205,67210,67211,1,5
67205,67210,67211,1,5
67205,67209,67211,2,4
67205,67209,67211,2,4
67205,67209,67211,2,4
67205,67210,67211,1,5
67205,67210,67212,2,5
67205,67210,67211,1,5
67205,67211,67212,1,6
67205,67211,67212,1,6
67205,67211,67212,1,6
67205,67211,67212,1,6
67205,67210,67211,1,5
67205,67211,67212,1,6
67205,67211,67212,1,6
67205,67211,67212,1,6
67205,67211,67212,1,6
67205,67210,67211,1,5
67205,67210,67211,1,5
67205,67211,67212,1,6
67205,67212,67213,1,7
67205,67212,67213,1,7
67205,67212,67213,1,7
67205,67212,67213,1,7
67205,67212,67213,1,7
67205,67212,67213,1,7
67205,67212,67213,1,7
67205,67212,67213,1,7
67205,67212,67213,1,7
67205,67212,67213,1,7
67205,67212,67213,1,7
67205,67212,67213,1,7
67205,67212,67213,1,7
67205,67212,67213,1,7
67205,67212,67213,1,7
67205,67212,67213,1,7
67205,67213,67214,1,8
67205,67213,67214,1,8
67205,67213,67214,1,8
67205,67213,67214,1,8
67205,67213,67214,1,8
67207,67213,67214,1,6
67207,67213,67214,1,6
67207,67214,67215,1,7
67207,67214,67215,1,7
67207,67214,67215,1,7
67207,67214,67215,1,7
67207,67214,67215,1,7
67207,67214,67215,1,7
67207,67214,67215,1,7
67207,67214,67215,1,7
66513,66521,67215,694,8
67207,67214,67216,2,7
67207,67214,67216,2,7
67207,67215,67216,1,8
67207,67214,67216,2,7
67207,67214,67216,2,7
67207,67215,67217,2,8
67207,67215,67217,2,8
67207,67215,67216,1,8
67207,67215,67216,1,8
67207,67215,67217,2,8
67207,67215,67216,1,8
67207,67215,67216,1,8
67207,67215,67216,1,8
67207,67215,67217,2,8
67207,67215,67217,2,8
67207,67216,67217,1,9
67207,67216,67217,1,9
67207,67216,67217,1,9
67207,67216,67217,1,9
67207,67216,67217,1,9
67207,67217,67218,1,10
67207,67217,67218,1,10
67207,67217,67218,1,10
67207,67217,67218,1,10
67207,67216,67217,1,9
67207,67217,67218,1,10
67207,67217,67218,1,10
67207,67217,67218,1,10
67207,67217,67218,1,10
67207,67217,67218,1,10
67207,67218,67219,1,11
67207,67218,67219,1,11
67207,67217,67218,1,10
67207,67217,67218,1,10
67207,67217,67218,1,10
67207,67218,67219,1,11
67207,67218,67219,1,11
67207,67218,67219,1,11
67207,67218,67219,1,11
67207,67217,67219,2,10
67207,67218,67219,1,11
67207,67219,67220,1,12
67207,67219,67220,1,12
67207,67219,67220,1,12
67207,67219,67220,1,12
67207,67219,67220,1,12
67207,67219,67220,1,12
67207,67219,67220,1,12
67207,67219,67220,1,12
67207,67219,67220,1,12
67207,67220,67221,1,13
67207,67220,67221,1,13
67207,67220,67221,1,13
67207,67220,67221,1,13
67207,67219,67220,1,12
67207,67220,67221,1,13
67207,67220,67221,1,13
67207,67220,67221,1,13
67207,67220,67221,1,13
67207,67220,67221,1,13
67207,67221,67222,1,14
67207,67221,67222,1,14
67207,67221,67222,1,14
67207,67221,67222,1,14
67207,67221,67222,1,14
67207,67221,67222,1,14
67207,67221,67222,1,14
67207,67221,67222,1,14
67207,67221,67222,1,14
67233,67233,67234,1,0
67233,67234,67235,1,1
67233,67234,67235,1,1
67233,67234,67235,1,1
67233,67234,67235,1,1
67233,67235,67236,1,2
67233,67235,67236,1,2
67233,67235,67236,1,2
67233,67235,67236,1,2
67233,67235,67236,1,2
67233,67235,67236,1,2
67233,67235,67237,2,2
67233,67235,67237,2,2
67233,67235,67237,2,2
67233,67235,67237,2,2
67233,67235,67237,2,2
67233,67235,67237,2,2
67233,67235,67237,2,2
67233,67237,67239,2,4
67233,67237,67238,1,4
67233,67237,67239,2,4
67233,67237,67238,1,4
67233,67237,67238,1,4
67233,67236,67238,2,3
67233,67236,67238,2,3
67233,67236,67238,2,3
67233,67237,67239,2,4
67233,67238,67239,1,5
67233,67238,67239,1,5
67233,67238,67239,1,5
67233,67238,67240,2,5
67233,67239,67240,1,6
67233,67238,67240,2,5
67233,67238,67240,2,5
67233,67239,67240,1,6
67233,67239,67240,1,6
67233,67239,67240,1,6
67233,67239,67240,1,6
67233,67239,67240,1,6
67233,67239,67240,1,6
67233,67239,67240,1,6
67233,67240,67241,1,7
67233,67238,67240,2,5
67233,67240,67241,1,7
67233,67240,67241,1,7
67233,67240,67241,1,7
67233,67240,67241,1,7
67233,67240,67241,1,7
67233,67240,67241,1,7
67233,67240,67241,1,7
67233,67241,67242,1,8
67233,67241,67242,1,8
67233,67241,67242,1,8
67233,67236,67242,6,3
67233,67241,67242,1,8
67233,67240,67241,1,7
67233,67241,67242,1,8
67233,67241,67242,1,8
67233,67241,67242,1,8
67233,67241,67242,1,8
67233,67241,67242,1,8
67233,67242,67243,1,9
67233,67241,67242,1,8
67233,67242,67243,1,9
67233,67242,67243,1,9
67233,67241,67242,1,8
67233,67242,67243,1,9
67233,67242,67243,1,9
67233,67242,67243,1,9
67233,67242,67243,1,9
67233,67242,67243,1,9
67233,67242,67243,1,9
67233,67242,67243,1,9
67233,67242,67243,1,9
67233,67243,67244,1,10
67233,67243,67244,1,10
67233,67242,67243,1,9
67233,67243,67245,2,10
66546,66560,67272,712,14
67274,67274,67275,1,0
67274,67274,67275,1,0
67274,67274,67275,1,0
67274,67274,67275,1,0
67274,67274,67275,1,0
67274,67274,67275,1,0
67274,67274,67275,1,0
67274,67274,67275,1,0
67274,67274,67276,2,0
67274,67274,67275,1,0
67274,67274,67275,1,0
67274,67274,67275,1,0
67274,67274,67276,2,0
67274,67274,67276,2,0
67274,67275,67276,1,1
67274,67274,67276,2,0
67274,67274,67276,2,0
67274,67275,67276,1,1
67274,67275,67276,1,1
67274,67275,67277,2,1
67274,67275,67277,2,1
67274,67275,67277,2,1
67274,67275,67277,2,1
67274,67276,67278,2,2
67274,67275,67277,2,1
67274,67275,67278,3,1
67274,67277,67279,2,3
67274,67276,67278,2,2
67274,67277,67279,2,3
67274,67277,67279,2,3
67274,67277,67279,2,3
67274,67276,67278,2,2
67274,67276,67278,2,2
67274,67277,67279,2,3
67274,67277,67279,2,3
67274,67276,67278,2,2
67274,67277,67279,2,3
67274,67277,67279,2,3
67274,67279,67280,1,5
67274,67279,67280,1,5
67274,67279,67280,1,5
67274,67277,67279,2,3
67274,67277,67279,2,3
67274,67278,67280,2,4
67274,67279,67280,1,5
67274,67279,67280,1,5
67274,67278,67280,2,4
67274,67278,67280,2,4
67274,67279,67281,2,5
67274,67280,67281,1,6
67274,67279,67280,1,5
67274,67279,67280,1,5
67274,67279,67281,2,5
67274,67279,67281,2,5
67274,67279,67281,2,5
67274,67280,67281,1,6
67274,67280,67281,1,6
67274,67281,67282,1,7
67274,67280,67282,2,6
67274,67281,67282,1,7
67274,67280,67282,2,6
67274,67281,67282,1,7
67274,67281,67282,1,7
67274,67281,67282,1,7
67274,67281,67282,1,7
67274,67281,67282,1,7
67274,67281,67282,1,7
67274,67282,67283,1,8
67274,67280,67282,2,6
67274,67282,67283,1,8
67274,67281,67283,2,7
67274,67282,67283,1,8
67274,67282,67283,1,8
67274,67282,67283,1,8
67274,67282,67283,1,8
67274,67281,67283,2,7
67274,67282,67283,1,8
67274,67282,67283,1,8
67274,67282,67283,1,8
67274,67283,67284,1,9
67274,67283,67284,1,9
67274,67283,67284,1,9
67274,67283,67284,1,9
67274,67283,67284,1,9
67274,67283,67284,1,9
67274,67284,67285,1,10
67274,67283,67284,1,9
66545,66560,67285,725,15
66806,66815,67293,478,9
67303,67304,67305,1,1
67303,67304,67305,1,1
67303,67304,67305,1,1
67303,67304,67305,1,1
67303,67304,67305,1,1
67303,67304,67306,2,1
67303,67305,67306,1,2
67303,67305,67306,1,2
67303,67305,67306,1,2
67303,67305,67306,1,2
67303,67305,67306,1,2
67303,67305,67306,1,2
67303,67305,67306,1,2
67303,67305,67306,1,2
67303,67305,67306,1,2
67303,67305,67307,2,2
67303,67305,67307,2,2
67303,67305,67307,2,2
67303,67306,67307,1,3
67303,67306,67307,1,3
67303,67306,67307,1,3
67303,67306,67307,1,3
67303,67307,67308,1,4
67303,67307,67308,1,4
67303,67307,67308,1,4
67303,67307,67308,1,4
67303,67307,67308,1,4
67303,67307,67308,1,4
67303,67307,67308,1,4
67303,67308,67309,1,5
67303,67307,67308,1,4
67303,67307,67308,1,4
67303,67308,67309,1,5
67303,67308,67309,1,5
67303,67305,67307,2,2
67303,67309,67310,1,6
67303,67308,67309,1,5
67303,67309,67310,1,6
67303,67308,67309,1,5
67303,67308,67309,1,5
67303,67308,67309,1,5
67303,67309,67310,1,6
67303,67309,67310,1,6
67303,67309,67310,1,6
67303,67309,67310,1,6
67303,67309,67310,1,6
67303,67309,67310,1,6
67303,67310,67311,1,7
67303,67310,67311,1,7
67303,67310,67311,1,7
67303,67309,67310,1,6
67303,67310,67311,1,7
67303,67310,67311,1,7
67303,67310,67311,1,7
67303,67310,67311,1,7
67303,67310,67311,1,7
67303,67310,67311,1,7
67303,67310,67311,1,7
67303,67311,67312,1,8
67303,67310,67311,1,7
67303,67310,67311,1,7
67303,67311,67312,1,8
67303,67311,67312,1,8
67303,67311,67312,1,8
67303,67311,67312,1,8
67304,67312,67313,1,8
67304,67312,67313,1,8
67304,67312,67313,1,8
67304,67312,67313,1,8
67304,67312,67313,1,8
67304,67312,67313,1,8
67304,67312,67313,1,8
67304,67312,67313,1,8
67304,67313,67314,1,9
67304,67313,67314,1,9
67304,67313,67314,1,9
67304,67313,67314,1,9
67304,67313,67314,1,9
67304,67314,67315,1,10
67304,67314,67315,1,10
67304,67313,67314,1,9
67304,67314,67315,1,10
67304,67313,67314,1,9
67304,67313,67314,1,9
67303,67312,67314,2,9
67304,67313,67314,1,9
67304,67313,67314,1,9
67304,67313,67315,2,9
67304,67313,67314,1,9
67304,67314,67315,1,10
67304,67314,67315,1,10
67304,67314,67315,1,10
67304,67314,67315,1,10
67304,67314,67315,1,10
67304,67315,67316,1,11
67304,67315,67316,1,11
67304,67315,67316,1,11
67304,67314,67315,1,10
67304,67314,67316,2,10
67304,67316,67317,1,12
67304,67315,67316,1,11
67304,67316,67317,1,12
67304,67315,67317,2,11
67304,67315,67317,2,11
67304,67315,67317,2,11
67304,67315,67317,2,11
67304,67315,67317,2,11
67304,67316,67317,1,12
67304,67316,67317,1,12
67304,67317,67318,1,13
67304,67316,67318,2,12
67304,67316,67318,2,12
67304,67316,67317,1,12
67304,67316,67317,1,12
67304,67317,67318,1,13
67304,67317,67318,1,13
67304,67315,67317,2,11
67304,67317,67318,1,13
67304,67318,67319,1,14
67304,67318,67319,1,14
67304,67318,67319,1,14
67304,67318,67319,1,14
67304,67318,67319,1,14
67304,67318,67319,1,14
67304,67318,67319,1,14
67304,67318,67319,1,14
67304,67318,67319,1,14
67304,67318,67319,1,14
67304,67318,67319,1,14
67304,67318,67319,1,14
67304,67317,67319,2,13
67304,67318,67319,1,14
67304,67318,67319,1,14
67304,67319,67320,1,15
67304,67319,67320,1,15
67304,67319,67320,1,15
67304,67319,67320,1,15
67304,67319,67320,1,15
67304,67318,67319,1,14
67304,67319,67320,1,15
67304,67319,67320,1,15
67304,67319,67320,1,15
67304,67319,67320,1,15
67304,67319,67320,1,15
67304,67319,67320,1,15
67304,67320,67321,1,16
67304,67320,67321,1,16
67304,67319,67320,1,15
67304,67319,67320,1,15
67304,67320,67321,1,16
67304,67320,67321,1,16
67304,67319,67321,2,15
67304,67320,67321,1,16
67304,67320,67321,1,16
67304,67320,67321,1,16
67304,67320,67321,1,16
67304,67320,67321,1,16
67304,67320,67322,2,16
67304,67316,67325,9,12
66861,66869,67346,477,8
67350,67350,67351,1,0
67350,67350,67351,1,0
67350,67350,67351,1,0
67350,67350,67351,1,0
67350,67350,67351,1,0
67350,67350,67351,1,0
67350,67350,67351,1,0
67350,67350,67351,1,0
67350,67350,67351,1,0
67350,67350,67351,1,0
67350,67350,67351,1,0
67350,67350,67351,1,0
67350,67351,67352,1,1
67350,67350,67351,1,0
67350,67351,67352,1,1
67350,67351,67352,1,1
67350,67351,67352,1,1
67350,67350,67351,1,0
67350,67350,67351,1,0
67350,67351,67353,2,1
67350,67351,67352,1,1
67350,67352,67353,1,2
67350,67352,67353,1,2
67350,67352,67353,1,2
67350,67351,67352,1,1
67350,67352,67353,1,2
67350,67352,67353,1,2
67350,67351,67352,1,1
67350,67351,67353,2,1
67350,67352,67353,1,2
67350,67352,67353,1,2
67350,67352,67353,1,2
67350,67353,67354,1,3
67350,67353,67354,1,3
67350,67353,67354,1,3
67350,67353,67354,1,3
67350,67352,67354,2,2
67350,67352,67355,3,2
67350,67354,67355,1,4
67350,67353,67355,2,3
67350,67354,67355,1,4
67350,67354,67355,1,4
67350,67354,67355,1,4
67350,67354,67355,1,4
67350,67354,67355,1,4
67350,67354,67355,1,4
67350,67354,67356,2,4
67350,67354,67356,2,4
67350,67354,67356,2,4
67350,67355,67356,1,5
67350,67355,67356,1,5
67350,67355,67356,1,5
67350,67351,67356,5,1
67350,67356,67357,1,6
67350,67356,67357,1,6
67350,67357,67358,1,7
67350,67356,67357,1,6
67350,67356,67357,1,6
67350,67356,67357,1,6
67350,67356,67357,1,6
67350,67356,67357,1,6
67350,67357,67358,1,7
67350,67355,67357,2,5
67350,67356,67357,1,6
67350,67357,67358,1,7
67350,67358,67359,1,8
67350,67358,67359,1,8
67350,67356,67359,3,6
67350,67358,67359,1,8
67350,67359,67360,1,9
67350,67358,67359,1,8
67350,67358,67359,1,8
67350,67358,67359,1,8
67350,67359,67360,1,9
67350,67359,67360,1,9
67350,67357,67360,3,7
67350,67358,67359,1,8
67350,67358,67359,1,8
67350,67359,67360,1,9
67350,67358,67360,2,8
67350,67359,67360,1,9
67350,67360,67361,1,10
67350,67359,67361,2,9
66652,66661,67393,732,9
67396,67396,67397,1,0
67396,67396,67397,1,0
67396,67396,67397,1,0
67396,67396,67397,1,0
67396,67396,67397,1,0
67396,67396,67397,1,0
67396,67396,67398,2,0
67396,67396,67397,1,0
67396,67396,67397,1,0
67396,67396,67397,1,0
67396,67396,67398,2,0
67396,67396,67398,2,0
66907,66916,67398,482,9
67396,67397,67399,2,1
67396,67397,67399,2,1
67396,67397,67399,2,1
67396,67397,67399,2,1
67396,67396,67398,2,0
67396,67398,67399,1,2
67396,67397,67399,2,1
67396,67397,67399,2,1
67396,67398,67400,2,2
67396,67398,67399,1,2
67396,67399,67400,1,3
67396,67399,67400,1,3
67396,67397,67400,3,1
67396,67397,67400,3,1
67396,67398,67400,2,2
67396,67398,67399,1,2
67396,67399,67400,1,3
67396,67399,67400,1,3
67396,67399,67400,1,3
67396,67400,67401,1,4
67396,67398,67400,2,2
67396,67398,67400,2,2
67396,67398,67400,2,2
67396,67400,67401,1,4
67396,67400,67401,1,4
67396,67401,67402,1,5
67396,67400,67402,2,4
67396,67400,67401,1,4
67396,67400,67402,2,4
67396,67400,67402,2,4
67396,67400,67402,2,4
67396,67400,67402,2,4
67396,67400,67402,2,4
67396,67400,67401,1,4
67396,67400,67402,2,4
67396,67400,67402,2,4
67396,67401,67403,2,5
67396,67401,67403,2,5
67396,67402,67403,1,6
67396,67402,67403,1,6
67396,67402,67403,1,6
67396,67400,67402,2,4
67396,67402,67403,1,6
67396,67403,67404,1,7
67396,67402,67403,1,6
67396,67402,67403,1,6
67396,67402,67403,1,6
67396,67402,67404,2,6
67396,67403,67404,1,7
67396,67403,67404,1,7
67396,67403,67404,1,7
67396,67402,67404,2,6
67396,67402,67404,2,6
67396,67401,67404,3,5
67396,67404,67405,1,8
67396,67404,67405,1,8
67396,67404,67405,1,8
67396,67403,67405,2,7
67396,67403,67404,1,7
67396,67404,67405,1,8
67396,67404,67405,1,8
67396,67404,67405,1,8
67396,67403,67404,1,7
67396,67404,67405,1,8
67396,67405,67406,1,9
67396,67405,67406,1,9
67396,67405,67406,1,9
67396,67404,67405,1,8
67396,67405,67406,1,9
67396,67405,67406,1,9
67400,67406,67407,1,6
67396,67405,67406,1,9
67400,67406,67407,1,6
67400,67406,67407,1,6
67400,67406,67407,1,6
67400,67406,67407,1,6
67400,67406,67407,1,6
67400,67406,67407,1,6
67400,67406,67407,1,6
67400,67406,67407,1,6
67396,67405,67406,1,9
67400,67406,67407,1,6
67400,67407,67408,1,7
67400,67407,67408,1,7
67400,67407,67408,1,7
67400,67407,67408,1,7
67400,67407,67408,1,7
67400,67407,67408,1,7
67400,67407,67408,1,7
67400,67407,67408,1,7
67400,67407,67408,1,7
67400,67407,67408,1,7
67400,67407,67408,1,7
67400,67408,67409,1,8
67400,67408,67409,1,8
67400,67407,67408,1,7
67400,67408,67409,1,8
67400,67408,67409,1,8
67400,67408,67409,1,8
67396,67401,67409,8,5
67400,67408,67409,1,8
67400,67408,67409,1,8
67400,67408,67409,1,8
67400,67408,67409,1,8
67400,67409,67410,1,9
67400,67408,67410,2,8
67400,67408,67410,2,8
67400,67409,67410,1,9
67400,67409,67410,1,9
67400,67409,67411,2,9
67400,67409,67411,2,9
67400,67409,67411,2,9
67400,67409,67411,2,9
67400,67409,67411,2,9
67400,67409,67411,2,9
67400,67409,67411,2,9
67400,67409,67411,2,9
67400,67410,67412,2,10
67400,67410,67412,2,10
67400,67411,67412,1,11
67400,67411,67412,1,11
67400,67411,67412,1,11
67400,67410,67411,1,10
67400,67411,67412,1,11
67400,67411,67412,1,11
67400,67411,67412,1,11
67400,67412,67413,1,12
67400,67411,67412,1,11
67400,67411,67412,1,11
67400,67411,67412,1,11
67400,67411,67412,1,11
67400,67412,67413,1,12
67400,67413,67414,1,13
67400,67413,67414,1,13
67400,67413,67414,1,13
67400,67413,67414,1,13
67400,67414,67415,1,14
67400,67414,67415,1,14
67400,67414,67415,1,14
67400,67413,67414,1,13
67400,67413,67414,1,13
67400,67413,67414,1,13
67400,67413,67414,1,13
66909,66926,67418,492,17
67400,67412,67426,14,12
67429,67429,67430,1,0
67429,67429,67430,1,0
67429,67429,67430,1,0
67429,67429,67430,1,0
67429,67429,67430,1,0
67429,67429,67430,1,0
67429,67429,67430,1,0
67429,67429,67430,1,0
67429,67429,67430,1,0
67429,67429,67430,1,0
67429,67429,67430,1,0
67429,67429,67430,1,0
67429,67429,67430,1,0
67429,67429,67430,1,0
67429,67430,67431,1,1
67429,67430,67431,1,1
67429,67430,67431,1,1
67429,67430,67431,1,1
67429,67430,67431,1,1
67429,67429,67431,2,0
67429,67429,67431,2,0
67429,67431,67432,1,2
67429,67431,67432,1,2
67429,67431,67432,1,2
67429,67431,67432,1,2
67429,67431,67432,1,2
67429,67431,67432,1,2
67429,67431,67432,1,2
67429,67431,67432,1,2
67429,67431,67433,2,2
67429,67431,67433,2,2
67429,67433,67434,1,4
67429,67432,67433,1,3
67429,67432,67433,1,3
67429,67433,67434,1,4
67429,67433,67434,1,4
67429,67433,67434,1,4
67429,67433,67434,1,4
67429,67433,67434,1,4
67429,67433,67434,1,4
67429,67433,67434,1,4
67429,67433,67434,1,4
67429,67433,67434,1,4
67429,67434,67435,1,5
67429,67434,67435,1,5
67429,67434,67435,1,5
67429,67434,67435,1,5
67429,67434,67435,1,5
67429,67434,67435,1,5
67429,67435,67436,1,6
67429,67435,67436,1,6
67429,67434,67436,2,5
67429,67434,67435,1,5
67429,67435,67436,1,6
67429,67435,67436,1,6
67429,67435,67436,1,6
67429,67435,67436,1,6
67429,67436,67437,1,7
67429,67436,67437,1,7
67429,67435,67436,1,6
67429,67435,67436,1,6
67429,67435,67436,1,6
67429,67436,67437,1,7
67429,67436,67437,1,7
67429,67436,67437,1,7
67429,67436,67437,1,7
67429,67436,67437,1,7
67429,67436,67437,1,7
67429,67436,67437,1,7
67429,67436,67437,1,7
67429,67437,67438,1,8
67429,67437,67438,1,8
67429,67437,67438,1,8
67429,67437,67438,1,8
67429,67437,67438,1,8
67429,67437,67438,1,8
67429,67436,67437,1,7
67429,67436,67438,2,7
67429,67438,67439,1,9
67429,67438,67440,2,9
67429,67438,67439,1,9
66703,66716,67456,740,13
67466,67466,67467,1,0
67466,67466,67467,1,0
67466,67466,67467,1,0
67466,67466,67467,1,0
67466,67466,67467,1,0
67466,67466,67467,1,0
67466,67466,67467,1,0
67466,67466,67467,1,0
67466,67466,67467,1,0
67466,67466,67467,1,0
67466,67466,67467,1,0
67466,67466,67467,1,0
67466,67466,67467,1,0
67466,67467,67468,1,1
67466,67467,67468,1,1
67466,67466,67467,1,0
67466,67466,67468,2,0
67466,67467,67469,2,1
67466,67467,67469,2,1
67466,67467,67469,2,1
67466,67467,67469,2,1
67466,67468,67469,1,2
67466,67468,67469,1,2
67466,67468,67469,1,2
67466,67467,67469,2,1
67466,67467,67469,2,1
67466,67468,67469,1,2
67466,67468,67469,1,2
67466,67469,67470,1,3
67466,67469,67470,1,3
67466,67469,67470,1,3
67466,67469,67470,1,3
67466,67469,67470,1,3
67466,67470,67471,1,4
67466,67470,67471,1,4
67466,67470,67471,1,4
67466,67470,67471,1,4
67466,67470,67471,1,4
67466,67469,67471,2,3
67466,67470,67471,1,4
67466,67470,67471,1,4
67466,67470,67471,1,4
67466,67471,67472,1,5
67466,67471,67472,1,5
67466,67471,67472,1,5
67466,67471,67472,1,5
67466,67472,67473,1,6
67466,67471,67472,1,5
67466,67471,67472,1,5
67466,67472,67473,1,6
67466,67472,67473,1,6
67466,67471,67472,1,5
67466,67471,67472,1,5
67466,67472,67473,1,6
67466,67472,67473,1,6
67466,67472,67473,1,6
67466,67472,67473,1,6
67466,67472,67473,1,6
67466,67472,67473,1,6
67466,67472,67473,1,6
67466,67473,67474,1,7
67466,67473,67474,1,7
67466,67473,67474,1,7
67466,67473,67474,1,7
67466,67473,67474,1,7
67466,67474,67475,1,8
67466,67474,67475,1,8
67466,67474,67475,1,8
67466,67474,67475,1,8
67466,67474,67475,1,8
67466,67474,67475,1,8
67466,67473,67476,3,7
66783,66794,67482,688,11
67493,67493,67494,1,0
67493,67493,67494,1,0
67493,67493,67494,1,0
67493,67493,67494,1,0
67493,67493,67494,1,0
67493,67493,67494,1,0
67493,67493,67494,1,0
67493,67493,67495,2,0
67493,67493,67495,2,0
67493,67493,67495,2,0
67493,67493,67494,1,0
67493,67493,67495,2,0
67493,67493,67495,2,0
67493,67493,67495,2,0
67493,67494,67495,1,1
67493,67493,67495,2,0
67493,67494,67495,1,1
67493,67494,67495,1,1
67493,67495,67496,1,2
67493,67495,67496,1,2
67493,67495,67496,1,2
67493,67494,67495,1,1
67493,67495,67496,1,2
67493,67493,67496,3,0
67493,67494,67495,1,1
66777,66785,67497,712,8
67493,67496,67497,1,3
67493,67496,67497,1,3
67493,67496,67497,1,3
67493,67496,67497,1,3
67493,67495,67497,2,2
67493,67495,67497,2,2
67493,67496,67497,1,3
67493,67496,67497,1,3
67493,67497,67498,1,4
67493,67497,67498,1,4
67493,67497,67498,1,4
67493,67497,67498,1,4
67493,67497,67498,1,4
67493,67496,67497,1,3
67493,67497,67499,2,4
67493,67496,67499,3,3
67493,67496,67499,3,3
67493,67498,67499,1,5
67493,67498,67499,1,5
67493,67498,67499,1,5
67493,67498,67499,1,5
67493,67498,67499,1,5
67493,67499,67500,1,6
67493,67499,67500,1,6
67493,67499,67500,1,6
67493,67500,67501,1,7
67493,67498,67500,2,5
67493,67500,67501,1,7
67493,67499,67500,1,6
67493,67498,67500,2,5
67493,67499,67500,1,6
67493,67500,67501,1,7
67493,67500,67501,1,7
67493,67500,67501,1,7
67493,67501,67502,1,8
67493,67501,67502,1,8
67493,67501,67502,1,8
67493,67501,67502,1,8
67493,67501,67502,1,8
67493,67502,67503,1,9
67493,67502,67503,1,9
67493,67502,67503,1,9
67493,67502,67503,1,9
67493,67502,67503,1,9
67493,67502,67503,1,9
67493,67502,67503,1,9
67493,67497,67502,5,4
67493,67502,67503,1,9
67493,67502,67503,1,9
67493,67502,67503,1,9
67493,67502,67503,1,9
67493,67503,67504,1,10
67499,67503,67504,1,4
67499,67503,67504,1,4
67499,67503,67504,1,4
67493,67500,67503,3,7
67499,67503,67504,1,4
67493,67501,67504,3,8
67499,67503,67504,1,4
67499,67504,67505,1,5
67499,67504,67505,1,5
67493,67503,67504,1,10
67499,67504,67505,1,5
67499,67503,67504,1,4
67499,67503,67504,1,4
67499,67504,67505,1,5
67499,67505,67506,1,6
67499,67504,67505,1,5
67499,67505,67506,1,6
67499,67504,67506,2,5
67499,67504,67506,2,5
67499,67505,67506,1,6
67499,67504,67506,2,5
67499,67504,67505,1,5
67499,67504,67505,1,5
67499,67505,67506,1,6
67499,67505,67506,1,6
67499,67505,67506,1,6
67499,67506,67507,1,7
67499,67506,67507,1,7
67499,67504,67506,2,5
67499,67505,67506,1,6
67499,67504,67507,3,5
67499,67506,67507,1,7
67499,67507,67508,1,8
67499,67506,67507,1,7
67499,67507,67508,1,8
67499,67506,67507,1,7
67499,67506,67507,1,7
67499,67506,67507,1,7
67499,67506,67507,1,7
67499,67506,67507,1,7
67499,67508,67509,1,9
67499,67507,67508,1,8
67499,67507,67508,1,8
67499,67507,67508,1,8
67499,67508,67509,1,9
67499,67508,67509,1,9
67499,67508,67509,1,9
67499,67507,67508,1,8
67499,67507,67509,2,8
67499,67508,67509,1,9
67499,67508,67509,1,9
67499,67508,67509,1,9
67499,67509,67510,1,10
67499,67509,67510,1,10
67499,67509,67510,1,10
67499,67509,67510,1,10
67499,67508,67509,1,9
67499,67509,67510,1,10
67499,67508,67510,2,9
67499,67508,67510,2,9
67499,67508,67510,2,9
67499,67509,67510,1,10
67499,67509,67510,1,10
67499,67509,67510,1,10
67499,67510,67511,1,11
67499,67510,67511,1,11
67499,67510,67511,1,11
67499,67510,67511,1,11
67499,67510,67511,1,11
67499,67510,67511,1,11
67499,67510,67511,1,11
67499,67510,67511,1,11
67499,67506,67512,6,7
67499,67510,67511,1,11
67499,67510,67511,1,11
67499,67510,67511,1,11
67499,67511,67512,1,12
67499,67511,67512,1,12
67499,67511,67512,1,12
67499,67511,67512,1,12
67499,67511,67512,1,12
67499,67511,67512,1,12
67499,67512,67513,1,13
67499,67512,67513,1,13
67499,67511,67512,1,12
67499,67512,67513,1,13
67499,67512,67513,1,13
67499,67512,67513,1,13
67499,67512,67514,2,13
67076,67085,67559,474,9
67561,67561,67562,1,0
67561,67561,67562,1,0
67561,67561,67562,1,0
67561,67561,67562,1,0
67561,67561,67562,1,0
67561,67561,67562,1,0
67561,67561,67562,1,0
67561,67561,67562,1,0
67561,67561,67562,1,0
67561,67561,67563,2,0
67561,67562,67563,1,1
67561,67562,67563,1,1
67561,67562,67563,1,1
67561,67561,67562,1,0
67561,67561,67563,2,0
67561,67561,67562,1,0
67561,67561,67562,1,0
67561,67562,67563,1,1
67561,67562,67563,1,1
67561,67563,67564,1,2
67561,67562,67563,1,1
67561,67562,67563,1,1
67561,67562,67563,1,1
67561,67562,67563,1,1
67561,67562,67563,1,1
67561,67562,67563,1,1
67561,67563,67565,2,2
67561,67564,67565,1,3
67561,67563,67564,1,2
67561,67563,67564,1,2
67561,67564,67565,1,3
67561,67564,67565,1,3
67561,67563,67565,2,2
67561,67563,67564,1,2
67561,67563,67565,2,2
67561,67564,67565,1,3
67561,67565,67566,1,4
67561,67565,67566,1,4
67561,67565,67566,1,4
67561,67564,67565,1,3
67561,67564,67565,1,3
67561,67565,67566,1,4
67561,67565,67566,1,4
67561,67564,67566,2,3
67561,67564,67565,1,3
67561,67564,67566,2,3
67561,67564,67566,2,3
67561,67561,67566,5,0
67561,67566,67567,1,5
67561,67565,67567,2,4
67561,67566,67567,1,5
67561,67566,67567,1,5
67561,67566,67567,1,5
67561,67566,67567,1,5
67561,67566,67567,1,5
67561,67566,67567,1,5
67561,67566,67567,1,5
67561,67565,67566,1,4
67561,67565,67566,1,4
67561,67565,67566,1,4
67561,67566,67567,1,5
67561,67567,67568,1,6
67561,67567,67568,1,6
67561,67567,67568,1,6
67561,67567,67568,1,6
67561,67567,67568,1,6
67561,67567,67568,1,6
67561,67567,67568,1,6
67561,67566,67567,1,5
67561,67567,67568,1,6
67561,67566,67567,1,5
67561,67567,67568,1,6
67561,67566,67568,2,5
67561,67567,67568,1,6
67561,67567,67568,1,6
67561,67568,67569,1,7
67561,67568,67569,1,7
67561,67568,67569,1,7
67561,67568,67569,1,7
67561,67567,67569,2,6
67561,67569,67570,1,8
67561,67569,67570,1,8
67561,67569,67570,1,8
67561,67569,67570,1,8
67561,67569,67571,2,8
67065,67073,67576,503,8
67587,67587,67588,1,0
67587,67587,67588,1,0
67587,67587,67588,1,0
67587,67587,67588,1,0
67587,67587,67588,1,0
67587,67587,67588,1,0
67587,67587,67588,1,0
67587,67587,67588,1,0
67587,67587,67588,1,0
67587,67587,67588,1,0
67587,67587,67588,1,0
67587,67587,67588,1,0
67587,67587,67588,1,0
67587,67587,67588,1,0
67587,67587,67588,1,0
67587,67587,67588,1,0
67587,67587,67588,1,0
67587,67588,67589,1,1
67587,67588,67589,1,1
67587,67588,67589,1,1
67587,67588,67589,1,1
67587,67588,67589,1,1
67587,67589,67590,1,2
67587,67588,67590,2,1
67587,67588,67589,1,1
67587,67588,67590,2,1
67587,67588,67590,2,1
67587,67588,67590,2,1
67587,67588,67590,2,1
67587,67588,67590,2,1
67587,67588,67590,2,1
67587,67588,67590,2,1
67587,67589,67590,1,2
67587,67589,67590,1,2
67587,67589,67590,1,2
67587,67590,67591,1,3
67587,67591,67592,1,4
67587,67591,67592,1,4
67587,67591,67592,1,4
67587,67591,67592,1,4
67587,67591,67592,1,4
67587,67591,67592,1,4
67587,67591,67592,1,4
67587,67591,67592,1,4
67587,67591,67592,1,4
67587,67591,67592,1,4
67587,67592,67593,1,5
67587,67592,67593,1,5
67587,67592,67593,1,5
67587,67592,67593,1,5
67587,67593,67594,1,6
67587,67593,67594,1,6
67587,67593,67594,1,6
67587,67593,67594,1,6
67587,67593,67594,1,6
67587,67593,67594,1,6
67587,67593,67594,1,6
67587,67593,67594,1,6
67587,67593,67594,1,6
67587,67593,67594,1,6
67587,67594,67595,1,7
67587,67593,67594,1,6
67587,67593,67594,1,6
67587,67593,67594,1,6
67587,67593,67594,1,6
67587,67594,67595,1,7
67587,67594,67595,1,7
67587,67595,67596,1,8
67587,67595,67596,1,8
67587,67594,67595,1,7
67587,67594,67595,1,7
67587,67595,67596,1,8
67587,67595,67596,1,8
67587,67595,67596,1,8
67144,67144,67627,483,0
67629,67629,67630,1,0
67629,67629,67630,1,0
67629,67629,67630,1,0
67629,67629,67630,1,0
67629,67629,67630,1,0
67629,67629,67630,1,0
67629,67629,67630,1,0
67629,67629,67630,1,0
67629,67629,67630,1,0
67629,67629,67630,1,0
67629,67629,67631,2,0
67629,67630,67631,1,1
67629,67630,67631,1,1
67629,67630,67631,1,1
67629,67630,67631,1,1
67629,67630,67631,1,1
67629,67630,67632,2,1
67629,67631,67633,2,2
67629,67631,67633,2,2
67629,67632,67633,1,3
67629,67632,67633,1,3
67629,67631,67632,1,2
67629,67630,67632,2,1
67629,67631,67632,1,2
67629,67631,67632,1,2
67629,67631,67632,1,2
67629,67632,67633,1,3
67629,67629,67632,3,0
67629,67631,67633,2,2
67629,67631,67633,2,2
67629,67632,67633,1,3
67629,67633,67634,1,4
67629,67633,67634,1,4
67629,67633,67634,1,4
67629,67633,67634,1,4
67629,67633,67634,1,4
67629,67633,67634,1,4
67629,67633,67634,1,4
67629,67633,67634,1,4
67629,67633,67634,1,4
67629,67633,67634,1,4
67629,67633,67634,1,4
67629,67633,67634,1,4
67629,67633,67634,1,4
67629,67634,67635,1,5
67629,67634,67635,1,5
67629,67634,67635,1,5
67629,67634,67635,1,5
67629,67634,67635,1,5
67629,67634,67635,1,5
67629,67634,67635,1,5
67629,67634,67635,1,5
67629,67635,67636,1,6
67629,67635,67636,1,6
67629,67635,67636,1,6
67629,67635,67636,1,6
67629,67635,67636,1,6
67629,67635,67636,1,6
67629,67635,67636,1,6
67629,67635,67636,1,6
67629,67635,67636,1,6
67629,67635,67636,1,6
67629,67636,67637,1,7
67629,67636,67637,1,7
67629,67635,67636,1,6
67629,67635,67636,1,6
67629,67636,67637,1,7
67629,67636,67637,1,7
67629,67636,67637,1,7
67629,67636,67637,1,7
67629,67636,67637,1,7
67629,67636,67637,1,7
67629,67636,67637,1,7
67629,67635,67636,1,6
67629,67636,67637,1,7
67629,67636,67637,1,7
67629,67634,67637,3,5
67629,67636,67637,1,7
67629,67637,67638,1,8
67629,67637,67638,1,8
67629,67637,67638,1,8
67629,67637,67638,1,8
67629,67637,67638,1,8
67629,67637,67638,1,8
67629,67637,67638,1,8
67629,67637,67638,1,8
67629,67636,67638,2,7
67629,67637,67638,1,8
67629,67637,67638,1,8
67629,67637,67638,1,8
67629,67637,67638,1,8
67150,67158,67654,496,8
67655,67655,67656,1,0
67655,67655,67656,1,0
67655,67655,67656,1,0
67655,67655,67656,1,0
67655,67655,67656,1,0
67655,67655,67656,1,0
67655,67655,67656,1,0
67655,67655,67657,2,0
67655,67655,67656,1,0
67655,67655,67656,1,0
67655,67655,67656,1,0
67655,67655,67656,1,0
67655,67655,67656,1,0
67655,67655,67656,1,0
67655,67655,67656,1,0
67655,67656,67657,1,1
67655,67656,67658,2,1
67655,67656,67658,2,1
67655,67657,67658,1,2
67655,67656,67657,1,1
67655,67656,67657,1,1
67655,67657,67658,1,2
67655,67656,67658,2,1
67655,67656,67658,2,1
67655,67656,67658,2,1
67655,67658,67659,1,3
67655,67657,67659,2,2
67655,67657,67659,2,2
67655,67656,67658,2,1
67655,67658,67659,1,3
67655,67658,67659,1,3
67655,67658,67659,1,3
67655,67657,67658,1,2
67655,67658,67659,1,3
67655,67657,67658,1,2
67655,67658,67659,1,3
67655,67658,67659,1,3
67655,67658,67659,1,3
67655,67658,67659,1,3
67655,67658,67659,1,3
67655,67659,67660,1,4
67655,67657,67659,2,2
67655,67659,67660,1,4
67655,67659,67660,1,4
67655,67659,67660,1,4
67655,67659,67660,1,4
67655,67659,67660,1,4
67655,67659,67660,1,4
67655,67659,67660,1,4
67655,67659,67660,1,4
67655,67659,67660,1,4
67655,67659,67660,1,4
67655,67657,67659,2,2
67655,67660,67661,1,5
67655,67659,67660,1,4
67655,67660,67661,1,5
67655,67659,67660,1,4
67655,67659,67660,1,4
67655,67660,67661,1,5
67655,67660,67661,1,5
67655,67660,67661,1,5
67655,67659,67661,2,4
67655,67661,67662,1,6
67655,67660,67662,2,5
67655,67661,67662,1,6
67655,67661,67662,1,6
67655,67661,67662,1,6
67655,67662,67663,1,7
67655,67661,67662,1,6
67655,67662,67663,1,7
67655,67663,67664,1,8
67655,67662,67664,2,7
67655,67662,67664,2,7
67206,67213,67701,488,7
66962,66971,67702,731,9
67702,67702,67703,1,0
67702,67702,67703,1,0
67702,67702,67703,1,0
67702,67702,67703,1,0
67702,67702,67703,1,0
67702,67702,67703,1,0
67702,67702,67703,1,0
67702,67702,67703,1,0
67702,67702,67703,1,0
67702,67702,67703,1,0
67702,67702,67703,1,0
67702,67702,67704,2,0
67702,67702,67704,2,0
67702,67702,67703,1,0
67702,67702,67704,2,0
67702,67702,67704,2,0
67702,67702,67704,2,0
67702,67702,67704,2,0
67702,67703,67705,2,1
67702,67703,67705,2,1
67702,67703,67705,2,1
67702,67703,67705,2,1
67702,67704,67705,1,2
67702,67704,67705,1,2
67702,67704,67705,1,2
67702,67703,67705,2,1
67702,67704,67705,1,2
67702,67704,67705,1,2
67702,67705,67706,1,3
67702,67704,67706,2,2
67702,67704,67706,2,2
67702,67704,67706,2,2
67702,67704,67705,1,2
67702,67705,67706,1,3
67702,67705,67706,1,3
67702,67705,67706,1,3
67702,67706,67707,1,4
67702,67705,67707,2,3
67702,67706,67707,1,4
67702,67706,67707,1,4
67702,67706,67707,1,4
67702,67706,67707,1,4
67702,67706,67707,1,4
67702,67706,67707,1,4
67702,67706,67707,1,4
67702,67706,67707,1,4
67702,67706,67708,2,4
67702,67707,67708,1,5
67702,67707,67708,1,5
67702,67707,67708,1,5
67702,67707,67708,1,5
67702,67707,67708,1,5
67702,67708,67709,1,6
67702,67707,67708,1,5
67702,67707,67708,1,5
67702,67705,67709,4,3
67702,67708,67709,1,6
67702,67708,67709,1,6
67702,67709,67710,1,7
67702,67709,67710,1,7
67702,67709,67710,1,7
67702,67709,67710,1,7
67702,67709,67710,1,7
67702,67710,67711,1,8
67702,67710,67711,1,8
67702,67710,67711,1,8
67702,67710,67711,1,8
67702,67710,67711,1,8
67702,67710,67711,1,8
67702,67710,67711,1,8
67702,67710,67711,1,8
67702,67710,67711,1,8
67702,67710,67711,1,8
67702,67710,67711,1,8
67702,67710,67711,1,8
67704,67711,67712,1,7
67704,67711,67712,1,7
67704,67711,67712,1,7
67704,67711,67712,1,7
67704,67711,67712,1,7
67704,67711,67712,1,7
67704,67711,67712,1,7
67704,67711,67712,1,7
67702,67709,67712,3,7
67704,67712,67713,1,8
67704,67712,67713,1,8
67704,67712,67713,1,8
67704,67712,67713,1,8
67704,67712,67713,1,8
67704,67712,67713,1,8
67704,67712,67713,1,8
67704,67712,67713,1,8
67704,67713,67714,1,9
67704,67712,67714,2,8
67704,67712,67714,2,8
67704,67712,67713,1,8
67704,67712,67714,2,8
67704,67712,67713,1,8
67704,67713,67714,1,9
67704,67713,67714,1,9
67704,67713,67714,1,9
67704,67712,67713,1,8
67704,67713,67714,1,9
67704,67713,67714,1,9
67704,67713,67714,1,9
67704,67714,67715,1,10
67704,67714,67715,1,10
67704,67713,67714,1,9
67704,67713,67714,1,9
67704,67714,67715,1,10
67704,67714,67715,1,10
67704,67714,67715,1,10
67704,67714,67715,1,10
67704,67714,67715,1,10
67704,67714,67715,1,10
67704,67714,67715,1,10
67704,67715,67716,1,11
67704,67715,67716,1,11
67704,67714,67715,1,10
67704,67715,67716,1,11
67704,67714,67715,1,10
67704,67714,67715,1,10
67704,67714,67715,1,10
67704,67715,67716,1,11
67704,67715,67716,1,11
67704,67715,67716,1,11
67704,67712,67715,3,8
67704,67715,67716,1,11
67704,67715,67716,1,11
67704,67715,67716,1,11
67704,67716,67717,1,12
67704,67716,67717,1,12
67704,67715,67717,2,11
67704,67715,67716,1,11
67704,67716,67717,1,12
67704,67717,67718,1,13
67704,67717,67718,1,13
67704,67715,67717,2,11
67704,67716,67717,1,12
67704,67716,67718,2,12
67704,67717,67718,1,13
67704,67717,67718,1,13
67704,67716,67718,2,12
67704,67716,67718,2,12
67704,67716,67718,2,12
67704,67717,67718,1,13
67704,67718,67719,1,14
67704,67717,67718,1,13
67704,67717,67718,1,13
67704,67718,67719,1,14
67704,67718,67719,1,14
67704,67718,67719,1,14
67704,67718,67719,1,14
67704,67718,67719,1,14
67704,67717,67719,2,13
67704,67718,67719,1,14
67704,67719,67720,1,15
67704,67719,67720,1,15
67704,67718,67719,1,14
67704,67718,67719,1,14
67704,67718,67719,1,14
67704,67719,67720,1,15
67704,67719,67720,1,15
67704,67719,67720,1,15
67099,67114,67878,764,15
67879,67879,67880,1,0
67879,67879,67880,1,0
67879,67879,67880,1,0
67879,67879,67880,1,0
67879,67879,67880,1,0
67879,67879,67880,1,0
67879,67880,67881,1,1
67879,67879,67881,2,0
67879,67879,67881,2,0
67879,67880,67881,1,1
67879,67879,67882,3,0
67879,67881,67882,1,2
67879,67881,67882,1,2
67879,67881,67882,1,2
67879,67881,67882,1,2
67879,67881,67882,1,2
67879,67881,67882,1,2
67879,67881,67882,1,2
67879,67881,67882,1,2
67879,67881,67882,1,2
67879,67882,67883,1,3
67879,67882,67883,1,3
67879,67882,67883,1,3
67879,67881,67883,2,2
67879,67882,67883,1,3
67879,67883,67884,1,4
67879,67884,67885,1,5
67879,67883,67884,1,4
67879,67883,67884,1,4
67879,67883,67884,1,4
67879,67883,67884,1,4
67879,67883,67884,1,4
67879,67883,67884,1,4
67879,67883,67884,1,4
67879,67883,67884,1,4
67879,67884,67885,1,5
67397,67406,67886,480,9
67879,67883,67884,1,4
67879,67884,67885,1,5
67879,67885,67886,1,6
67879,67885,67886,1,6
67879,67885,67886,1,6
67879,67885,67886,1,6
67879,67884,67885,1,5
67879,67885,67886,1,6
67879,67884,67885,1,5
67879,67885,67886,1,6
67879,67885,67886,1,6
67879,67885,67886,1,6
67879,67882,67886,4,3
67879,67885,67886,1,6
67879,67886,67887,1,7
67879,67885,67886,1,6
67879,67886,67887,1,7
67879,67886,67887,1,7
67879,67886,67887,1,7
67879,67886,67887,1,7
67879,67886,67887,1,7
67879,67886,67887,1,7
67879,67886,67887,1,7
67879,67887,67888,1,8
67879,67887,67888,1,8
67879,67887,67888,1,8
67879,67887,67888,1,8
67879,67887,67888,1,8
67879,67887,67888,1,8
67879,67888,67889,1,9
67879,67888,67889,1,9
67879,67888,67889,1,9
67879,67888,67889,1,9
67879,67888,67889,1,9
67879,67888,67889,1,9
67879,67887,67888,1,8
67879,67888,67889,1,9
67879,67888,67889,1,9
67879,67888,67889,1,9
67879,67888,67889,1,9
67879,67888,67889,1,9
67879,67888,67889,1,9
67887,67889,67890,1,2
67887,67889,67890,1,2
67887,67889,67890,1,2
67887,67889,67890,1,2
67887,67889,67890,1,2
67887,67889,67890,1,2
67887,67889,67890,1,2
67887,67889,67890,1,2
67887,67889,67890,1,2
67887,67889,67890,1,2
67887,67889,67890,1,2
67887,67890,67891,1,3
67136,67143,67891,748,7
67887,67890,67891,1,3
67887,67890,67892,2,3
67887,67890,67892,2,3
67887,67890,67892,2,3
67887,67890,67891,1,3
67887,67890,67891,1,3
67887,67890,67892,2,3
67887,67890,67892,2,3
67887,67890,67892,2,3
67887,67890,67892,2,3
67887,67890,67892,2,3
67887,67891,67892,1,4
67879,67882,67892,10,3
67887,67890,67892,2,3
67887,67891,67892,1,4
67887,67891,67893,2,4
67887,67890,67892,2,3
67887,67891,67893,2,4
67887,67892,67894,2,5
67887,67893,67894,1,6
67887,67892,67894,2,5
67887,67892,67893,1,5
67887,67892,67893,1,5
67887,67892,67893,1,5
67887,67892,67893,1,5
67887,67892,67894,2,5
67887,67892,67894,2,5
67887,67892,67894,2,5
67887,67893,67894,1,6
67887,67893,67894,1,6
67887,67893,67894,1,6
67887,67894,67895,1,7
67887,67893,67895,2,6
67887,67894,67895,1,7
67887,67894,67895,1,7
67887,67894,67895,1,7
67887,67894,67895,1,7
67887,67894,67895,1,7
67887,67894,67896,2,7
67887,67895,67896,1,8
67887,67893,67895,2,6
67887,67894,67895,1,7
67887,67894,67896,2,7
67887,67895,67896,1,8
67887,67895,67896,1,8
67887,67895,67896,1,8
67887,67895,67896,1,8
67887,67895,67896,1,8
67887,67895,67896,1,8
67887,67895,67896,1,8
67887,67896,67897,1,9
67887,67894,67896,2,7
67887,67896,67897,1,9
67887,67895,67897,2,8
67887,67895,67896,1,8
67887,67896,67897,1,9
67887,67896,67897,1,9
67887,67896,67897,1,9
67887,67897,67898,1,10
67887,67897,67898,1,10
67887,67896,67897,1,9
67887,67897,67898,1,10
67887,67897,67898,1,10
67887,67897,67898,1,10
67887,67896,67897,1,9
67887,67897,67898,1,10
67887,67896,67898,2,9
67887,67896,67897,1,9
67887,67896,67897,1,9
67887,67897,67898,1,10
67887,67898,67899,1,11
67887,67898,67899,1,11
67887,67898,67899,1,11
67887,67898,67899,1,11
67887,67897,67898,1,10
67887,67898,67899,1,11
67887,67898,67899,1,11
67887,67898,67899,1,11
67887,67897,67898,1,10
67887,67898,67899,1,11
67893,67899,67900,1,6
67893,67899,67900,1,6
67893,67899,67900,1,6
67893,67899,67900,1,6
67893,67899,67900,1,6
67893,67899,67900,1,6
67893,67899,67900,1,6
67893,67899,67900,1,6
67893,67899,67900,1,6
67893,67899,67900,1,6
67893,67899,67900,1,6
67887,67899,67900,1,12
67893,67899,67900,1,6
67893,67899,67901,2,6
67893,67901,67902,1,8
67893,67901,67902,1,8
67893,67900,67902,2,7
67893,67900,67902,2,7
67893,67900,67901,1,7
67893,67900,67902,2,7
67893,67900,67902,2,7
67893,67900,67902,2,7
67893,67900,67902,2,7
67893,67900,67902,2,7
67893,67900,67902,2,7
67893,67900,67902,2,7
67893,67902,67903,1,9
67893,67902,67903,1,9
67893,67901,67902,1,8
67893,67900,67902,2,7
67893,67902,67903,1,9
67893,67900,67902,2,7
67893,67901,67903,2,8
67893,67902,67903,1,9
67893,67902,67904,2,9
67893,67903,67904,1,10
67893,67903,67904,1,10
67893,67902,67903,1,9
67893,67902,67903,1,9
67893,67901,67903,2,8
67893,67903,67904,1,10
67893,67903,67904,1,10
67893,67903,67904,1,10
67893,67903,67904,1,10
67893,67904,67905,1,11
67893,67903,67905,2,10
67893,67903,67904,1,10
67893,67904,67905,1,11
67401,67414,67904,490,13
67893,67903,67904,1,10
67893,67903,67905,2,10
67893,67903,67905,2,10
67893,67905,67906,1,12
67893,67905,67906,1,12
67893,67904,67905,1,11
67893,67905,67906,1,12
67893,67905,67906,1,12
67893,67905,67906,1,12
67893,67905,67906,1,12
67893,67906,67907,1,13
67893,67906,67907,1,13
67893,67906,67907,1,13
67893,67906,67907,1,13
67893,67906,67907,1,13
67893,67905,67906,1,12
67893,67906,67907,1,13
67893,67906,67907,1,13
67893,67906,67907,1,13
67893,67907,67908,1,14
67208,67221,67907,686,13
67893,67907,67908,1,14
67893,67907,67908,1,14
67893,67907,67908,1,14
67893,67907,67908,1,14
67893,67907,67908,1,14
67893,67907,67908,1,14
67893,67907,67908,1,14
67893,67907,67908,1,14
67893,67907,67908,1,14
67893,67906,67908,2,13
67893,67907,67908,1,14
67928,67929,67930,1,1
67928,67929,67930,1,1
67928,67929,67930,1,1
67928,67929,67930,1,1
67928,67929,67930,1,1
67928,67930,67931,1,2
67928,67930,67931,1,2
67928,67930,67931,1,2
67928,67930,67931,1,2
67928,67930,67931,1,2
67928,67930,67932,2,2
67928,67930,67931,1,2
67928,67930,67931,1,2
67928,67930,67931,1,2
67928,67930,67931,1,2
67928,67930,67931,1,2
67928,67930,67932,2,2
67928,67932,67933,1,4
67928,67932,67933,1,4
67928,67930,67932,2,2
67928,67931,67932,1,3
67928,67931,67932,1,3
67928,67931,67932,1,3
67928,67931,67932,1,3
67928,67931,67933,2,3
67928,67932,67933,1,4
67928,67933,67934,1,5
67928,67932,67933,1,4
67928,67932,67933,1,4
67928,67932,67933,1,4
67928,67932,67933,1,4
67928,67932,67933,1,4
67928,67932,67933,1,4
67928,67932,67933,1,4
67928,67932,67933,1,4
67928,67932,67934,2,4
67928,67933,67935,2,5
67928,67933,67934,1,5
67928,67934,67935,1,6
67928,67933,67934,1,5
67928,67933,67934,1,5
67928,67934,67935,1,6
67928,67933,67934,1,5
67928,67933,67934,1,5
67928,67934,67935,1,6
67928,67935,67936,1,7
67928,67934,67935,1,6
67928,67934,67935,1,6
67928,67934,67935,1,6
67928,67935,67936,1,7
67928,67934,67935,1,6
67928,67934,67935,1,6
67928,67935,67936,1,7
67928,67934,67935,1,6
67928,67934,67935,1,6
67928,67935,67936,1,7
67928,67935,67936,1,7
67928,67935,67936,1,7
67928,67935,67936,1,7
67928,67935,67936,1,7
67928,67936,67937,1,8
67928,67936,67937,1,8
67928,67936,67937,1,8
67928,67936,67937,1,8
67928,67936,67937,1,8
67928,67936,67937,1,8
67928,67936,67937,1,8
67928,67936,67937,1,8
67928,67936,67937,1,8
67928,67936,67937,1,8
67928,67936,67937,1,8
67928,67936,67937,1,8
67928,67937,67938,1,9
67928,67937,67938,1,9
67928,67937,67938,1,9
67928,67937,67938,1,9
67928,67937,67938,1,9
67928,67937,67938,1,9
67928,67937,67938,1,9
67928,67937,67938,1,9
67928,67937,67938,1,9
67928,67937,67938,1,9
67928,67937,67938,1,9
67929,67937,67938,1,8
67929,67937,67938,1,8
67929,67937,67938,1,8
67929,67937,67938,1,8
67929,67938,67939,1,9
67929,67938,67939,1,9
67929,67938,67939,1,9
67929,67938,67939,1,9
67929,67938,67939,1,9
67929,67938,67939,1,9
67929,67938,67939,1,9
67929,67938,67939,1,9
67928,67939,67940,1,11
67928,67939,67940,1,11
67929,67938,67940,2,9
67929,67938,67940,2,9
67929,67938,67940,2,9
67929,67938,67940,2,9
67929,67938,67940,2,9
67929,67938,67940,2,9
67929,67938,67940,2,9
67929,67939,67941,2,10
67929,67939,67940,1,10
67929,67939,67941,2,10
67929,67939,67941,2,10
67929,67939,67940,1,10
67929,67939,67941,2,10
67929,67939,67941,2,10
67929,67939,67941,2,10
67929,67940,67941,1,11
67929,67940,67941,1,11
67929,67939,67941,2,10
67929,67940,67942,2,11
67929,67940,67942,2,11
67929,67941,67942,1,12
67929,67941,67942,1,12
67929,67941,67942,1,12
67929,67941,67942,1,12
67929,67941,67942,1,12
67929,67941,67943,2,12
67929,67941,67942,1,12
67929,67941,67943,2,12
67929,67941,67943,2,12
67929,67941,67943,2,12
67929,67942,67943,1,13
67929,67942,67943,1,13
67929,67942,67943,1,13
67929,67943,67944,1,14
67929,67942,67943,1,13
67929,67942,67943,1,13
67929,67943,67944,1,14
67929,67943,67944,1,14
67929,67944,67945,1,15
67929,67943,67944,1,14
67929,67943,67944,1,14
67929,67943,67944,1,14
67929,67943,67944,1,14
67929,67943,67944,1,14
67929,67943,67944,1,14
67929,67944,67945,1,15
67929,67942,67945,3,13
67929,67943,67945,2,14
67929,67943,67944,1,14
67929,67943,67944,1,14
67929,67944,67945,1,15
67929,67944,67945,1,15
67929,67945,67946,1,16
67929,67945,67946,1,16
67929,67945,67946,1,16
67929,67944,67945,1,15
67929,67944,67945,1,15
67929,67945,67946,1,16
67929,67945,67946,1,16
67929,67945,67946,1,16
67929,67945,67946,1,16
67929,67945,67946,1,16
67929,67945,67946,1,16
67929,67945,67946,1,16
67929,67945,67946,1,16
67929,67946,67947,1,17
67929,67946,67947,1,17
67929,67946,67947,1,17
67929,67945,67946,1,16
67929,67945,67946,1,16
67929,67946,67947,1,17
67929,67946,67947,1,17
67929,67947,67948,1,18
67929,67947,67948,1,18
67929,67947,67948,1,18
67929,67947,67948,1,18
67929,67947,67948,1,18
67929,67947,67948,1,18
67929,67947,67948,1,18
67235,67243,67986,743,8
67988,67988,67989,1,0
67988,67988,67989,1,0
67988,67988,67989,1,0
67988,67988,67989,1,0
67988,67988,67989,1,0
67988,67988,67989,1,0
67988,67988,67990,2,0
67988,67988,67990,2,0
67988,67988,67990,2,0
67988,67989,67990,1,1
67988,67988,67990,2,0
67988,67988,67990,2,0
67988,67988,67990,2,0
67988,67989,67990,1,1
67988,67989,67991,2,1
67988,67989,67990,1,1
67988,67989,67991,2,1
67988,67989,67990,1,1
67988,67989,67991,2,1
67988,67990,67992,2,2
67988,67989,67991,2,1
67988,67989,67992,3,1
67988,67990,67991,1,2
67988,67990,67991,1,2
67988,67990,67991,1,2
67988,67990,67992,2,2
67988,67991,67992,1,3
67988,67991,67992,1,3
67988,67991,67992,1,3
67988,67991,67992,1,3
67988,67991,67992,1,3
67988,67991,67992,1,3
67988,67992,67993,1,4
67988,67992,67994,2,4
67988,67992,67993,1,4
67988,67992,67994,2,4
67988,67992,67993,1,4
67988,67992,67993,1,4
67988,67992,67993,1,4
67988,67993,67994,1,5
67988,67993,67994,1,5
67988,67993,67994,1,5
67988,67993,67994,1,5
67988,67993,67995,2,5
67988,67993,67995,2,5
67988,67994,67995,1,6
67988,67993,67994,1,5
67988,67994,67995,1,6
67988,67994,67995,1,6
67275,67284,67995,711,9
67988,67995,67996,1,7
67988,67994,67996,2,6
67988,67994,67995,1,6
67988,67994,67995,1,6
67988,67994,67995,1,6
67988,67995,67996,1,7
67495,67503,67996,493,8
67988,67995,67996,1,7
67988,67995,67996,1,7
67988,67995,67996,1,7
67988,67995,67996,1,7
67988,67995,67996,1,7
67988,67996,67997,1,8
67988,67996,67997,1,8
67988,67996,67997,1,8
67988,67995,67996,1,7
67988,67996,67997,1,8
67988,67996,67997,1,8
67988,67995,67996,1,7
67988,67995,67996,1,7
67988,67996,67997,1,8
67988,67996,67997,1,8
67988,67996,67997,1,8
67988,67996,67997,1,8
67988,67996,67997,1,8
67988,67995,67998,3,7
67988,67995,67998,3,7
67988,67996,67997,1,8
67988,67997,67998,1,9
67988,67997,67998,1,9
67988,67997,67998,1,9
67988,67997,67998,1,9
67988,67997,67998,1,9
67988,67997,67998,1,9
67988,67997,67998,1,9
67988,67997,67998,1,9
67988,67997,67998,1,9
67988,67997,67998,1,9
67988,67998,67999,1,10
67988,67995,67998,3,7
67997,67998,67999,1,1
67988,67998,67999,1,10
67997,67998,67999,1,1
67988,67997,67998,1,9
67997,67998,67999,1,1
67997,67998,67999,1,1
67997,67998,67999,1,1
67997,67998,67999,1,1
67988,67997,67998,1,9
67997,67998,67999,1,1
67997,67998,67999,1,1
67988,67998,67999,1,10
67988,67998,67999,1,10
67997,67999,68000,1,2
67997,67999,68000,1,2
67997,67999,68000,1,2
67997,67998,68000,2,1
67997,68000,68001,1,3
67997,67999,68000,1,2
67997,67999,68001,2,2
67997,67999,68000,1,2
67997,67999,68000,1,2
67997,68000,68001,1,3
67997,68000,68001,1,3
67997,68000,68001,1,3
67997,68000,68001,1,3
67997,68000,68001,1,3
67997,68000,68001,1,3
67997,68000,68001,1,3
67997,68000,68001,1,3
67997,68000,68002,2,3
67997,68000,68001,1,3
67997,68000,68001,1,3
67997,68001,68002,1,4
67997,68000,68001,1,3
67997,68001,68002,1,4
67997,68001,68002,1,4
67997,68002,68003,1,5
67997,68002,68003,1,5
67997,68002,68003,1,5
67997,68002,68003,1,5
67997,68002,68003,1,5
67997,68002,68003,1,5
67997,68002,68003,1,5
67997,68002,68003,1,5
67997,68001,68002,1,4
67997,68001,68003,2,4
67997,68002,68003,1,5
67997,68002,68003,1,5
67997,68002,68003,1,5
67997,68002,68003,1,5
67997,68003,68004,1,6
67997,68003,68004,1,6
67997,68002,68003,1,5
67997,68002,68003,1,5
67997,68003,68004,1,6
67997,68003,68004,1,6
67997,68003,68004,1,6
67997,68003,68004,1,6
67997,68003,68004,1,6
67997,68003,68004,1,6
67997,68003,68004,1,6
67997,68003,68004,1,6
67997,68003,68004,1,6
67997,68003,68004,1,6
67997,68004,68005,1,7
67997,68004,68005,1,7
67997,68004,68005,1,7
67997,68004,68005,1,7
67997,68004,68005,1,7
67997,68004,68005,1,7
67997,68004,68005,1,7
67997,68004,68005,1,7
67997,68003,68005,2,6
67997,68004,68005,1,7
67997,68004,68005,1,7
67997,68005,68006,1,8
67997,68005,68006,1,8
67997,68005,68006,1,8
67997,68005,68006,1,8
67997,68005,68006,1,8
67997,68005,68006,1,8
67997,68005,68006,1,8
67997,68005,68006,1,8
67997,68005,68006,1,8
67997,68005,68006,1,8
67997,68006,68007,1,9
67997,68006,68007,1,9
67997,68006,68007,1,9
67997,68006,68007,1,9
67997,68006,68007,1,9
67997,68005,68007,2,8
67997,68006,68007,1,9
67997,68006,68007,1,9
67997,68006,68007,1,9
67997,68006,68007,1,9
67997,68006,68007,1,9
67997,68006,68007,1,9
67997,68007,68008,1,10
67997,68007,68008,1,10
67997,68007,68008,1,10
67997,68007,68008,1,10
67997,68007,68008,1,10
67997,68007,68008,1,10
67997,68008,68009,1,11
67997,68008,68009,1,11
67997,68007,68008,1,10
67997,68007,68008,1,10
67997,68007,68008,1,10
67997,68007,68008,1,10
67997,68008,68009,1,11
67997,68008,68009,1,11
67997,68008,68009,1,11
67997,68008,68010,2,11
67997,68008,68010,2,11
67997,68008,68010,2,11
67997,68008,68010,2,11
67997,68008,68010,2,11
67997,68008,68010,2,11
67997,68009,68010,1,12
67997,68009,68010,1,12
67997,68009,68010,1,12
67997,68009,68010,1,12
67997,68009,68010,1,12
67997,68009,68011,2,12
67997,68009,68011,2,12
67997,68009,68011,2,12
67997,68009,68011,2,12
67997,68011,68012,1,14
67997,68010,68011,1,13
67997,68010,68011,1,13
67997,68010,68011,1,13
67997,68010,68012,2,13
67997,68010,68012,2,13
67997,68010,68012,2,13
67997,68010,68012,2,13
67997,68011,68012,1,14
67997,68011,68012,1,14
67997,68011,68012,1,14
67997,68011,68012,1,14
67997,68011,68012,1,14
67997,68011,68012,1,14
67997,68011,68013,2,14
67997,68011,68013,2,14
67997,68011,68013,2,14
67997,68012,68013,1,15
67997,68013,68014,1,16
67997,68012,68014,2,15
67997,68012,68013,1,15
67997,68012,68013,1,15
67997,68012,68013,1,15
67997,68012,68014,2,15
67997,68012,68014,2,15
67997,68012,68014,2,15
67997,68013,68014,1,16
67997,68013,68014,1,16
67997,68013,68014,1,16
67997,68014,68015,1,17
67997,68013,68014,1,16
67997,68013,68014,1,16
67997,68013,68014,1,16
67997,68014,68015,1,17
67997,68013,68015,2,16
67997,68013,68015,2,16
67997,68014,68015,1,17
67997,68014,68015,1,17
67997,68014,68015,1,17
67997,68014,68015,1,17
67997,68015,68016,1,18
67997,68014,68015,1,17
67997,68014,68015,1,17
67997,68015,68016,1,18
67997,68015,68016,1,18
67997,68015,68016,1,18
67997,68015,68016,1,18
67307,67321,68021,700,14
68034,68035,68036,1,1
68034,68035,68036,1,1
68034,68035,68036,1,1
68034,68035,68036,1,1
68034,68035,68036,1,1
68034,68036,68037,1,2
68034,68036,68037,1,2
68034,68036,68038,2,2
68034,68036,68037,1,2
68034,68036,68037,1,2
68034,68036,68037,1,2
68034,68036,68037,1,2
68034,68036,68037,1,2
68034,68036,68037,1,2
68034,68036,68037,1,2
68034,68036,68037,1,2
68034,68036,68037,1,2
68034,68037,68038,1,3
68034,68037,68038,1,3
68034,68037,68038,1,3
68034,68037,68038,1,3
68034,68038,68039,1,4
67562,67570,68039,469,8
68034,68038,68039,1,4
68034,68038,68039,1,4
68034,68038,68040,2,4
68034,68038,68039,1,4
68034,68038,68039,1,4
68034,68038,68039,1,4
68034,68038,68039,1,4
68034,68038,68039,1,4
68034,68038,68039,1,4
68034,68038,68039,1,4
68034,68038,68040,2,4
68034,68039,68041,2,5
68034,68039,68040,1,5
68034,68039,68040,1,5
68034,68039,68041,2,5
68034,68040,68041,1,6
68034,68040,68041,1,6
68034,68040,68041,1,6
68034,68040,68041,1,6
68034,68040,68041,1,6
68034,68040,68041,1,6
68034,68040,68041,1,6
68034,68040,68042,2,6
68034,68040,68042,2,6
68034,68040,68041,1,6
68034,68040,68041,1,6
67305,67320,68042,722,15
68034,68040,68041,1,6
68034,68040,68041,1,6
68034,68042,68043,1,8
68034,68042,68043,1,8
68034,68041,68042,1,7
68034,68041,68042,1,7
68034,68042,68043,1,8
68034,68041,68042,1,7
68034,68042,68043,1,8
68034,68042,68043,1,8
68034,68041,68043,2,7
68034,68042,68043,1,8
68034,68042,68043,1,8
68034,68042,68043,1,8
68034,68038,68042,4,4
68034,68042,68043,1,8
68034,68042,68043,1,8
68034,68042,68043,1,8
68034,68042,68043,1,8
68034,68043,68044,1,9
68034,68042,68043,1,8
68034,68043,68044,1,9
68034,68043,68044,1,9
68034,68043,68044,1,9
68034,68043,68044,1,9
68034,68043,68044,1,9
68034,68043,68044,1,9
68034,68043,68044,1,9
68034,68043,68044,1,9
68034,68044,68045,1,10
68034,68044,68045,1,10
68034,68044,68045,1,10
68043,68044,68045,1,1
68034,68043,68044,1,9
68043,68044,68045,1,1
68043,68044,68045,1,1
68043,68044,68045,1,1
68043,68044,68045,1,1
68043,68044,68045,1,1
68043,68045,68046,1,2
68043,68045,68046,1,2
68043,68045,68047,2,2
68043,68045,68046,1,2
68043,68045,68046,1,2
68043,68045,68046,1,2
68043,68045,68047,2,2
68043,68045,68047,2,2
68043,68045,68047,2,2
68043,68045,68047,2,2
68043,68045,68047,2,2
68043,68045,68047,2,2
68043,68046,68047,1,3
68043,68046,68047,1,3
68043,68046,68047,1,3
68043,68046,68047,1,3
68043,68046,68047,1,3
68043,68046,68047,1,3
68043,68046,68047,1,3
68034,68044,68048,4,10
68043,68047,68049,2,4
68043,68047,68049,2,4
68043,68047,68049,2,4
68043,68047,68049,2,4
68043,68047,68049,2,4
68043,68047,68049,2,4
68043,68047,68049,2,4
68043,68047,68049,2,4
68043,68047,68049,2,4
68043,68048,68049,1,5
68043,68048,68049,1,5
68043,68048,68049,1,5
68043,68048,68050,2,5
68043,68048,68050,2,5
68043,68048,68049,1,5
68043,68048,68049,1,5
68043,68048,68051,3,5
68043,68050,68051,1,7
68043,68050,68051,1,7
68043,68049,68051,2,6
68043,68049,68051,2,6
68043,68049,68051,2,6
68043,68049,68051,2,6
68043,68049,68051,2,6
68043,68049,68051,2,6
68043,68049,68051,2,6
68043,68050,68051,1,7
68043,68050,68051,1,7
68043,68050,68051,1,7
68043,68050,68051,1,7
68043,68050,68051,1,7
68043,68050,68051,1,7
68043,68050,68051,1,7
68043,68051,68052,1,8
68043,68051,68052,1,8
68043,68052,68053,1,9
68043,68052,68053,1,9
68043,68052,68053,1,9
68043,68051,68052,1,8
68043,68052,68053,1,9
68043,68052,68053,1,9
68043,68052,68053,1,9
68043,68052,68053,1,9
68043,68052,68053,1,9
68043,68052,68053,1,9
68043,68051,68053,2,8
68043,68052,68053,1,9
68043,68052,68053,1,9
68043,68053,68054,1,10
68043,68053,68054,1,10
68043,68052,68053,1,9
68043,68053,68054,1,10
68043,68053,68054,1,10
68043,68053,68054,1,10
68043,68053,68054,1,10
68043,68053,68054,1,10
68043,68053,68054,1,10
68043,68053,68054,1,10
68043,68053,68054,1,10
68043,68053,68054,1,10
68044,68054,68055,1,10
68043,68053,68054,1,10
68044,68054,68055,1,10
68044,68054,68055,1,10
68044,68054,68055,1,10
68044,68054,68055,1,10
68044,68054,68055,1,10
68044,68054,68055,1,10
68043,68054,68055,1,11
68044,68055,68056,1,11
68044,68055,68056,1,11
68044,68055,68056,1,11
68044,68055,68056,1,11
68044,68055,68057,2,11
68044,68055,68057,2,11
68044,68055,68057,2,11
68044,68055,68057,2,11
68044,68055,68057,2,11
68044,68055,68057,2,11
68044,68055,68057,2,11
68044,68056,68057,1,12
68044,68056,68057,1,12
68044,68056,68057,1,12
68044,68056,68058,2,12
68044,68056,68058,2,12
68044,68057,68058,1,13
68044,68056,68058,2,12
68044,68056,68058,2,12
68044,68057,68059,2,13
68044,68057,68059,2,13
68044,68057,68059,2,13
68044,68057,68059,2,13
68044,68057,68059,2,13
68044,68057,68059,2,13
68044,68057,68059,2,13
68044,68057,68059,2,13
68043,68054,68059,5,11
68044,68058,68059,1,14
68044,68058,68060,2,14
68044,68058,68060,2,14
68044,68058,68060,2,14
68044,68058,68059,1,14
68044,68057,68059,2,13
68044,68059,68060,1,15
68044,68059,68060,1,15
68044,68059,68060,1,15
68044,68059,68061,2,15
68044,68059,68060,1,15
68044,68059,68060,1,15
68044,68059,68060,1,15
68044,68059,68061,2,15
68044,68059,68060,1,15
68044,68060,68061,1,16
68044,68060,68061,1,16
68044,68060,68061,1,16
68044,68060,68061,1,16
68044,68060,68061,1,16
68044,68061,68062,1,17
68044,68060,68061,1,16
68044,68061,68062,1,17
68044,68061,68062,1,17
68044,68061,68062,1,17
68044,68061,68062,1,17
68044,68062,68063,1,18
68044,68062,68063,1,18
68044,68062,68063,1,18
68044,68061,68062,1,17
68044,68062,68063,1,18
68044,68062,68063,1,18
68044,68062,68063,1,18
68044,68061,68062,1,17
68044,68061,68062,1,17
68044,68061,68062,1,17
68044,68062,68063,1,18
68044,68062,68063,1,18
68044,68062,68063,1,18
68044,68063,68064,1,19
68044,68063,68064,1,19
68044,68063,68064,1,19
68044,68063,68064,1,19
68044,68063,68064,1,19
68044,68063,68064,1,19
68044,68063,68064,1,19
68044,68063,68064,1,19
67351,67360,68064,704,9
68044,68063,68064,1,19
68044,68063,68064,1,19
68044,68063,68064,1,19
68044,68060,68064,4,16
68044,68063,68066,3,19
68086,68086,68087,1,0
68086,68086,68087,1,0
68086,68086,68087,1,0
68086,68086,68087,1,0
68086,68086,68087,1,0
68086,68086,68087,1,0
68086,68086,68087,1,0
68086,68086,68087,1,0
68086,68086,68088,2,0
68086,68086,68087,1,0
68086,68086,68087,1,0
68086,68086,68087,1,0
68086,68086,68087,1,0
68086,68087,68088,1,1
68086,68087,68088,1,1
68086,68087,68089,2,1
68086,68087,68089,2,1
68086,68087,68089,2,1
68086,68087,68089,2,1
68086,68087,68089,2,1
68086,68087,68089,2,1
68086,68087,68089,2,1
68086,68088,68090,2,2
68086,68088,68090,2,2
68086,68088,68089,1,2
68086,68087,68089,2,1
68086,68088,68089,1,2
68086,68089,68090,1,3
68086,68088,68090,2,2
68086,68089,68090,1,3
68086,68089,68090,1,3
68086,68089,68091,2,3
68086,68089,68091,2,3
68086,68089,68091,2,3
68086,68089,68091,2,3
68086,68089,68091,2,3
68086,68089,68091,2,3
68086,68090,68091,1,4
68086,68090,68092,2,4
68086,68090,68092,2,4
68086,68090,68092,2,4
68086,68090,68092,2,4
68086,68086,68092,6,0
68086,68091,68092,1,5
68086,68091,68093,2,5
68086,68091,68093,2,5
68086,68091,68093,2,5
68086,68091,68093,2,5
68086,68091,68093,2,5
68086,68091,68093,2,5
68086,68091,68093,2,5
68086,68091,68093,2,5
68086,68093,68094,1,7
68086,68091,68093,2,5
68086,68092,68093,1,6
68086,68093,68094,1,7
68086,68091,68093,2,5
68086,68092,68094,2,6
68086,68092,68094,2,6
68086,68092,68094,2,6
68086,68092,68094,2,6
68086,68094,68095,1,8
68086,68094,68095,1,8
68086,68094,68095,1,8
68086,68094,68095,1,8
68086,68094,68095,1,8
68086,68093,68094,1,7
68086,68094,68095,1,8
68086,68094,68095,1,8
68086,68093,68095,2,7
68086,68093,68095,2,7
68086,68094,68095,1,8
68086,68095,68096,1,9
68086,68095,68096,1,9
68086,68095,68096,1,9
68086,68095,68096,1,9
68086,68095,68096,1,9
68086,68095,68096,1,9
68086,68096,68097,1,10
68086,68096,68097,1,10
68086,68096,68097,1,10
68086,68096,68097,1,10
68086,68093,68096,3,7
68086,68094,68096,2,8
68086,68096,68097,1,10
68086,68096,68097,1,10
68086,68096,68097,1,10
68086,68095,68097,2,9
67630,67637,68118,481,7
68121,68121,68122,1,0
68121,68121,68122,1,0
68121,68121,68122,1,0
68121,68121,68122,1,0
68121,68121,68122,1,0
68121,68121,68122,1,0
68121,68121,68122,1,0
68121,68121,68122,1,0
68121,68121,68122,1,0
68121,68121,68122,1,0
68121,68121,68122,1,0
68121,68121,68123,2,0
68121,68122,68123,1,1
68121,68122,68123,1,1
68121,68121,68123,2,0
68121,68121,68123,2,0
68121,68122,68123,1,1
68121,68122,68124,2,1
68121,68122,68125,3,1
68121,68122,68125,3,1
68121,68123,68125,2,2
68121,68123,68125,2,2
68121,68123,68125,2,2
68121,68123,68125,2,2
68121,68123,68125,2,2
68121,68123,68125,2,2
68121,68123,68125,2,2
68121,68123,68125,2,2
68121,68123,68126,3,2
68121,68124,68126,2,3
68121,68124,68126,2,3
68121,68124,68126,2,3
68121,68125,68126,1,4
68121,68125,68127,2,4
68121,68124,68127,3,3
68121,68124,68128,4,3
68121,68126,68128,2,5
68121,68127,68128,1,6
68121,68127,68128,1,6
68121,68127,68128,1,6
68121,68126,68128,2,5
68121,68126,68128,2,5
68121,68126,68128,2,5
68121,68126,68128,2,5
68121,68126,68128,2,5
68121,68126,68128,2,5
68121,68126,68128,2,5
68121,68126,68128,2,5
68121,68127,68129,2,6
68121,68128,68129,1,7
68121,68127,68129,2,6
68121,68129,68130,1,8
68121,68129,68130,1,8
68121,68129,68130,1,8
68121,68129,68130,1,8
68121,68129,68130,1,8
68121,68129,68130,1,8
68121,68129,68130,1,8
68121,68129,68130,1,8
68121,68129,68130,1,8
68121,68129,68130,1,8
68121,68128,68130,2,7
68121,68129,68130,1,8
68121,68130,68131,1,9
68121,68130,68131,1,9
68121,68130,68131,1,9
68121,68130,68131,1,9
68121,68130,68131,1,9
68121,68130,68131,1,9
68121,68130,68131,1,9
68121,68129,68131,2,8
68121,68131,68132,1,10
68121,68131,68132,1,10
68121,68130,68131,1,9
68121,68131,68132,1,10
68121,68131,68132,1,10
68121,68131,68132,1,10
68121,68131,68132,1,10
68121,68131,68132,1,10
68121,68131,68132,1,10
68121,68131,68132,1,10
68121,68131,68132,1,10
68121,68132,68133,1,11
68121,68132,68133,1,11
68121,68131,68132,1,10
68121,68132,68133,1,11
68121,68132,68134,2,11
68121,68132,68134,2,11
67430,67438,68145,707,8
67656,67663,68151,488,7
68154,68155,68156,1,1
68154,68155,68156,1,1
68154,68155,68156,1,1
68154,68155,68156,1,1
68154,68155,68156,1,1
68154,68155,68156,1,1
68154,68155,68156,1,1
68154,68156,68157,1,2
68154,68156,68157,1,2
68154,68156,68157,1,2
68154,68156,68157,1,2
68154,68156,68157,1,2
68154,68156,68157,1,2
68154,68156,68157,1,2
68154,68156,68157,1,2
68154,68156,68157,1,2
68154,68156,68157,1,2
68154,68156,68157,1,2
68154,68156,68158,2,2
68154,68157,68158,1,3
68154,68157,68158,1,3
68154,68157,68158,1,3
68154,68157,68158,1,3
68154,68157,68158,1,3
68154,68158,68159,1,4
68154,68158,68159,1,4
68154,68158,68159,1,4
68154,68158,68159,1,4
68154,68159,68160,1,5
68154,68157,68159,2,3
68154,68158,68160,2,4
68154,68158,68160,2,4
68154,68158,68160,2,4
68154,68158,68159,1,4
68154,68158,68159,1,4
68154,68158,68159,1,4
68154,68158,68159,1,4
68154,68159,68160,1,5
68154,68159,68160,1,5
68154,68159,68160,1,5
68154,68160,68161,1,6
68154,68159,68161,2,5
68154,68159,68160,1,5
68154,68160,68161,1,6
68154,68160,68161,1,6
68154,68160,68161,1,6
68154,68160,68161,1,6
68154,68160,68161,1,6
68154,68160,68161,1,6
68154,68160,68161,1,6
68154,68160,68161,1,6
68154,68160,68161,1,6
68154,68160,68162,2,6
68154,68160,68161,1,6
68154,68160,68161,1,6
68154,68162,68163,1,8
68154,68161,68162,1,7
68154,68162,68163,1,8
68154,68161,68162,1,7
68154,68161,68162,1,7
68154,68161,68162,1,7
68154,68162,68163,1,8
68154,68161,68162,1,7
68154,68162,68163,1,8
68154,68162,68163,1,8
68154,68162,68163,1,8
68154,68161,68162,1,7
68154,68161,68162,1,7
68154,68162,68163,1,8
68154,68162,68163,1,8
68154,68163,68164,1,9
68154,68162,68163,1,8
68154,68163,68164,1,9
68154,68163,68164,1,9
68154,68162,68163,1,8
68154,68162,68163,1,8
68154,68163,68164,1,9
68154,68163,68164,1,9
68154,68163,68164,1,9
68154,68163,68164,1,9
68154,68163,68164,1,9
68154,68163,68164,1,9
68154,68164,68165,1,10
68155,68164,68165,1,9
68155,68164,68165,1,9
68155,68164,68165,1,9
68155,68164,68165,1,9
68155,68164,68165,1,9
68155,68164,68165,1,9
68154,68163,68164,1,9
68154,68163,68164,1,9
68155,68164,68165,1,9
68155,68164,68165,1,9
68155,68164,68165,1,9
68155,68164,68165,1,9
68155,68164,68165,1,9
68155,68164,68165,1,9
68155,68164,68165,1,9
68155,68164,68165,1,9
68155,68165,68166,1,10
68155,68165,68166,1,10
68155,68165,68167,2,10
68155,68165,68166,1,10
68155,68165,68167,2,10
68155,68165,68167,2,10
68155,68165,68167,2,10
68155,68165,68167,2,10
68155,68165,68167,2,10
68155,68166,68168,2,11
68155,68166,68168,2,11
68155,68165,68168,3,10
68155,68166,68168,2,11
68155,68166,68168,2,11
68155,68166,68168,2,11
68155,68166,68168,2,11
68155,68166,68168,2,11
68155,68166,68168,2,11
68155,68166,68168,2,11
68155,68167,68169,2,12
68155,68167,68169,2,12
68155,68167,68169,2,12
68155,68168,68170,2,13
68155,68167,68170,3,12
68155,68167,68169,2,12
68155,68168,68169,1,13
68155,68167,68169,2,12
68155,68167,68169,2,12
68155,68167,68169,2,12
68155,68169,68170,1,14
68155,68169,68171,2,14
68155,68169,68170,1,14
68155,68169,68171,2,14
68155,68169,68171,2,14
68155,68169,68171,2,14
68155,68169,68170,1,14
68155,68169,68170,1,14
68155,68170,68171,1,15
68155,68170,68171,1,15
68155,68169,68170,1,14
68155,68169,68170,1,14
68155,68168,68170,2,13
68155,68170,68171,1,15
68155,68171,68172,1,16
68155,68171,68172,1,16
68155,68171,68172,1,16
68155,68171,68172,1,16
68155,68171,68172,1,16
68155,68171,68172,1,16
68155,68171,68172,1,16
68155,68170,68171,1,15
68155,68171,68172,1,16
68155,68170,68171,1,15
68155,68171,68172,1,16
68155,68171,68172,1,16
68155,68171,68172,1,16
68155,68170,68171,1,15
68155,68170,68173,3,15
68155,68172,68173,1,17
68155,68172,68173,1,17
68155,68172,68173,1,17
68155,68172,68173,1,17
68155,68172,68173,1,17
68155,68172,68173,1,17
68155,68172,68173,1,17
68155,68172,68173,1,17
68155,68172,68173,1,17
68155,68172,68173,1,17
68155,68172,68173,1,17
68155,68172,68173,1,17
68155,68172,68173,1,17
68155,68172,68173,1,17
68155,68171,68173,2,16
68155,68173,68174,1,18
68155,68173,68174,1,18
68155,68173,68174,1,18
68155,68173,68174,1,18
68155,68173,68174,1,18
68155,68173,68174,1,18
68155,68172,68174,2,17
68155,68173,68174,1,18
68155,68173,68174,1,18
68155,68173,68174,1,18
68155,68173,68175,2,18
67468,67474,68180,706,6
68182,68182,68183,1,0
68182,68182,68183,1,0
68182,68182,68183,1,0
68182,68182,68183,1,0
68182,68182,68183,1,0
68182,68182,68183,1,0
68182,68182,68183,1,0
68182,68182,68183,1,0
68182,68182,68183,1,0
68182,68182,68183,1,0
68182,68182,68183,1,0
68182,68182,68183,1,0
68182,68182,68184,2,0
68182,68182,68184,2,0
68182,68182,68184,2,0
68182,68182,68184,2,0
68182,68182,68184,2,0
68182,68183,68185,2,1
68182,68184,68185,1,2
68182,68184,68185,1,2
68182,68184,68185,1,2
68182,68184,68185,1,2
68182,68184,68185,1,2
68182,68184,68185,1,2
68182,68184,68185,1,2
68182,68185,68186,1,3
68182,68184,68186,2,2
68182,68184,68186,2,2
68182,68184,68186,2,2
68182,68184,68186,2,2
68182,68185,68187,2,3
68182,68186,68187,1,4
68182,68185,68187,2,3
68182,68185,68187,2,3
68182,68186,68187,1,4
68182,68186,68188,2,4
68182,68186,68187,1,4
68182,68186,68187,1,4
68182,68186,68187,1,4
68182,68186,68187,1,4
68182,68186,68187,1,4
68182,68185,68187,2,3
68182,68187,68188,1,5
68182,68187,68188,1,5
68182,68187,68188,1,5
68182,68187,68188,1,5
68182,68188,68189,1,6
68182,68188,68189,1,6
68182,68188,68189,1,6
68182,68188,68189,1,6
68182,68188,68190,2,6
68182,68188,68189,1,6
68182,68188,68189,1,6
68182,68188,68189,1,6
68182,68188,68190,2,6
68182,68188,68189,1,6
68182,68187,68189,2,5
68182,68187,68190,3,5
68182,68189,68190,1,7
68182,68189,68190,1,7
68182,68190,68191,1,8
68182,68190,68191,1,8
68182,68190,68192,2,8
68182,68190,68191,1,8
68182,68190,68191,1,8
68182,68190,68191,1,8
68182,68189,68190,1,7
68182,68189,68190,1,7
68182,68190,68191,1,8
68182,68190,68192,2,8
68182,68190,68191,1,8
68182,68191,68192,1,9
68182,68190,68191,1,8
68182,68191,68192,1,9
68182,68192,68193,1,10
68182,68192,68193,1,10
68182,68190,68192,2,8
68182,68192,68193,1,10
68182,68192,68193,1,10
68182,68192,68193,1,10
68182,68192,68193,1,10
68182,68192,68193,1,10
68182,68192,68193,1,10
68182,68188,68192,4,6
68182,68190,68192,2,8
68182,68193,68194,1,11
68182,68193,68194,1,11
68182,68193,68194,1,11
68182,68192,68193,1,10
68182,68193,68194,1,11
68182,68192,68194,2,10
68182,68193,68195,2,11
67703,67711,68200,489,8
68202,68202,68203,1,0
68202,68202,68203,1,0
68202,68202,68203,1,0
68202,68202,68203,1,0
68202,68202,68203,1,0
68202,68202,68203,1,0
68202,68202,68203,1,0
68202,68202,68203,1,0
68202,68202,68203,1,0
68202,68202,68203,1,0
68202,68203,68204,1,1
68202,68203,68204,1,1
68202,68202,68203,1,0
68202,68203,68204,1,1
68202,68203,68204,1,1
68202,68203,68205,2,1
68202,68204,68205,1,2
68202,68203,68205,2,1
68202,68203,68205,2,1
68202,68203,68205,2,1
68202,68203,68205,2,1
68202,68203,68205,2,1
68202,68203,68205,2,1
68202,68204,68206,2,2
68202,68204,68205,1,2
68202,68204,68206,2,2
68202,68203,68206,3,1
68202,68203,68206,3,1
68202,68203,68206,3,1
68202,68206,68207,1,4
68202,68206,68207,1,4
68202,68206,68207,1,4
68202,68205,68207,2,3
68202,68205,68208,3,3
68202,68205,68208,3,3
68202,68206,68208,2,4
68202,68206,68208,2,4
68202,68206,68208,2,4
68202,68207,68208,1,5
68202,68207,68208,1,5
68202,68206,68209,3,4
68202,68206,68209,3,4
68202,68206,68209,3,4
68202,68208,68209,1,6
68202,68208,68209,1,6
68202,68208,68209,1,6
68202,68208,68210,2,6
68202,68207,68210,3,5
68202,68207,68209,2,5
68202,68209,68210,1,7
68202,68209,68210,1,7
68202,68209,68210,1,7
68202,68209,68210,1,7
68202,68210,68211,1,8
68202,68207,68210,3,5
68202,68209,68211,2,7
68202,68210,68211,1,8
68202,68210,68211,1,8
68202,68211,68212,1,9
68202,68211,68212,1,9
68202,68211,68212,1,9
68202,68208,68210,2,6
68202,68210,68211,1,8
68202,68210,68211,1,8
67705,67719,68212,493,14
68202,68212,68213,1,10
68202,68212,68213,1,10
68202,68212,68213,1,10
68202,68212,68213,1,10
68202,68213,68214,1,11
68202,68213,68214,1,11
68202,68213,68214,1,11
68202,68213,68214,1,11
68202,68213,68214,1,11
68202,68213,68214,1,11
68202,68213,68214,1,11
68202,68213,68214,1,11
68202,68208,68211,3,6
68202,68210,68211,1,8
68202,68219,68220,1,17
68202,68219,68220,1,17
68202,68219,68220,1,17
68222,68222,68223,1,0
68222,68222,68223,1,0
68222,68222,68223,1,0
68222,68222,68223,1,0
68222,68222,68223,1,0
68222,68222,68223,1,0
68222,68222,68223,1,0
68222,68222,68223,1,0
68222,68222,68223,1,0
68222,68222,68223,1,0
68222,68222,68223,1,0
68222,68222,68223,1,0
68222,68222,68223,1,0
68222,68222,68223,1,0
68222,68222,68223,1,0
68222,68223,68224,1,1
68222,68223,68224,1,1
68222,68223,68224,1,1
68222,68222,68223,1,0
68222,68222,68223,1,0
68222,68223,68224,1,1
68222,68223,68225,2,1
68222,68223,68225,2,1
68222,68223,68225,2,1
68222,68223,68225,2,1
68222,68223,68225,2,1
68222,68224,68226,2,2
68222,68223,68226,3,1
68222,68223,68225,2,1
68222,68223,68225,2,1
68222,68223,68226,3,1
68222,68223,68226,3,1
68222,68223,68226,3,1
68222,68224,68226,2,2
68222,68224,68226,2,2
68222,68225,68227,2,3
68222,68225,68227,2,3
68222,68225,68227,2,3
68222,68224,68227,3,2
68222,68224,68227,3,2
68222,68226,68228,2,4
68222,68225,68228,3,3
68222,68227,68228,1,5
68222,68227,68228,1,5
68222,68226,68228,2,4
68222,68225,68228,3,3
68222,68228,68229,1,6
68222,68228,68229,1,6
68222,68227,68229,2,5
68222,68227,68229,2,5
68222,68227,68229,2,5
68222,68228,68229,1,6
68222,68227,68229,2,5
68222,68228,68229,1,6
68222,68227,68229,2,5
68222,68227,68229,2,5
68222,68229,68230,1,7
68222,68228,68230,2,6
68222,68229,68230,1,7
68222,68229,68230,1,7
68222,68230,68231,1,8
68222,68229,68231,2,7
68222,68231,68232,1,9
68222,68230,68231,1,8
68222,68230,68231,1,8
68222,68231,68232,1,9
68222,68230,68231,1,8
68222,68231,68232,1,9
68222,68231,68232,1,9
68222,68230,68232,2,8
68222,68231,68232,1,9
68222,68231,68232,1,9
68222,68232,68233,1,10
68222,68232,68233,1,10
68222,68232,68233,1,10
68222,68232,68233,1,10
67500,67512,68237,725,12
68244,68244,68245,1,0
68244,68244,68245,1,0
68244,68244,68245,1,0
68244,68244,68245,1,0
68244,68244,68245,1,0
68244,68244,68245,1,0
68244,68244,68245,1,0
68244,68244,68245,1,0
68244,68244,68245,1,0
68244,68244,68245,1,0
68244,68244,68245,1,0
68244,68244,68245,1,0
68244,68244,68245,1,0
68244,68244,68245,1,0
68244,68244,68245,1,0
68244,68244,68245,1,0
68244,68245,68247,2,1
68244,68245,68246,1,1
68244,68245,68246,1,1
68244,68245,68246,1,1
68244,68246,68247,1,2
68244,68245,68247,2,1
68244,68245,68247,2,1
68244,68245,68247,2,1
68244,68245,68247,2,1
68244,68245,68247,2,1
68244,68245,68246,1,1
68244,68246,68247,1,2
68244,68246,68247,1,2
68244,68246,68248,2,2
68244,68247,68248,1,3
68244,68247,68248,1,3
68244,68247,68248,1,3
68244,68247,68248,1,3
68244,68247,68248,1,3
68244,68246,68247,1,2
68244,68247,68248,1,3
68244,68246,68247,1,2
68244,68247,68248,1,3
68244,68247,68248,1,3
68244,68246,68247,1,2
68244,68247,68248,1,3
68244,68247,68248,1,3
68244,68247,68248,1,3
68244,68247,68248,1,3
68244,68247,68248,1,3
68244,68248,68249,1,4
68244,68248,68249,1,4
68244,68248,68249,1,4
68244,68248,68249,1,4
68244,68248,68249,1,4
68244,68248,68249,1,4
68244,68248,68249,1,4
68244,68248,68249,1,4
68244,68248,68250,2,4
68244,68248,68250,2,4
68244,68248,68249,1,4
68244,68248,68250,2,4
68244,68248,68250,2,4
68244,68248,68250,2,4
68244,68248,68250,2,4
68244,68249,68251,2,5
68244,68249,68250,1,5
68244,68249,68250,1,5
68244,68249,68250,1,5
68244,68249,68250,1,5
68244,68249,68250,1,5
68244,68248,68251,3,4
68244,68248,68251,3,4
68244,68249,68251,2,5
68244,68249,68251,2,5
68244,68251,68252,1,7
68244,68251,68252,1,7
68244,68251,68252,1,7
68244,68251,68252,1,7
68244,68250,68252,2,6
68244,68250,68252,2,6
68244,68251,68252,1,7
68244,68251,68252,1,7
68244,68250,68252,2,6
68244,68250,68252,2,6
68244,68250,68252,2,6
68244,68251,68252,1,7
68244,68251,68252,1,7
68244,68251,68252,1,7
68244,68252,68253,1,8
68244,68251,68252,1,7
68244,68252,68253,1,8
68244,68252,68253,1,8
68244,68252,68253,1,8
68244,68251,68252,1,7
68244,68252,68253,1,8
68244,68253,68254,1,9
67589,67595,68290,695,6
68291,68291,68292,1,0
68291,68291,68292,1,0
68291,68291,68292,1,0
68291,68291,68292,1,0
68291,68291,68292,1,0
68291,68291,68292,1,0
68291,68291,68292,1,0
68291,68291,68292,1,0
68291,68291,68292,1,0
68291,68291,68292,1,0
68291,68291,68292,1,0
68291,68291,68292,1,0
68291,68291,68292,1,0
68291,68291,68292,1,0
68291,68291,68292,1,0
68291,68291,68292,1,0
68291,68291,68293,2,0
68291,68292,68294,2,1
68291,68292,68294,2,1
68291,68292,68294,2,1
68291,68292,68294,2,1
68291,68292,68294,2,1
68291,68292,68294,2,1
68291,68292,68295,3,1
68291,68292,68294,2,1
68291,68292,68294,2,1
68291,68292,68294,2,1
68291,68293,68295,2,2
68291,68293,68295,2,2
68291,68294,68296,2,3
68291,68294,68296,2,3
68291,68294,68296,2,3
68291,68294,68296,2,3
68291,68293,68295,2,2
68291,68293,68295,2,2
68291,68293,68295,2,2
68291,68295,68297,2,4
68291,68295,68296,1,4
68291,68295,68297,2,4
68291,68295,68297,2,4
68291,68296,68297,1,5
68291,68296,68297,1,5
68291,68296,68298,2,5
68291,68296,68298,2,5
68291,68296,68298,2,5
68291,68295,68298,3,4
68291,68296,68298,2,5
68291,68295,68297,2,4
68291,68296,68298,2,5
68291,68295,68298,3,4
68291,68298,68299,1,7
68291,68293,68295,2,2
68291,68298,68299,1,7
68291,68298,68299,1,7
68291,68298,68299,1,7
68291,68298,68299,1,7
68291,68298,68299,1,7
68291,68298,68299,1,7
68291,68297,68298,1,6
68291,68297,68298,1,6
68291,68296,68299,3,5
68291,68297,68299,2,6
68291,68297,68299,2,6
68291,68299,68300,1,8
68291,68299,68300,1,8
68291,68299,68300,1,8
68291,68299,68300,1,8
68291,68299,68300,1,8
68291,68299,68300,1,8
68291,68299,68300,1,8
68291,68300,68301,1,9
68291,68300,68301,1,9
68291,68300,68301,1,9
68291,68301,68302,1,10
68291,68300,68301,1,9
68291,68300,68301,1,9
68291,68301,68302,1,10
68291,68300,68301,1,9
68291,68301,68302,1,10
68291,68300,68301,1,9
68291,68300,68301,1,9
68291,68301,68303,2,10
68291,68302,68303,1,11
68291,68302,68303,1,11
68291,68302,68303,1,11
68291,68299,68305,6,8
67881,67889,68369,480,8
68370,68370,68371,1,0
68370,68370,68371,1,0
68370,68370,68371,1,0
68370,68370,68371,1,0
68370,68370,68371,1,0
68370,68370,68371,1,0
68370,68370,68371,1,0
68370,68370,68371,1,0
68370,68370,68371,1,0
68370,68370,68371,1,0
68370,68370,68371,1,0
68370,68370,68371,1,0
68370,68370,68372,2,0
68370,68370,68372,2,0
68370,68371,68372,1,1
68370,68371,68372,1,1
68370,68371,68372,1,1
68370,68370,68373,3,0
68370,68371,68373,2,1
68370,68371,68373,2,1
68370,68371,68373,2,1
68370,68371,68373,2,1
68370,68371,68372,1,1
68370,68371,68372,1,1
68370,68371,68373,2,1
68370,68371,68373,2,1
68370,68372,68374,2,2
68370,68372,68374,2,2
68370,68372,68374,2,2
68370,68371,68373,2,1
68370,68371,68373,2,1
68370,68373,68374,1,3
68370,68373,68374,1,3
68370,68373,68375,2,3
68370,68373,68375,2,3
68370,68373,68375,2,3
68370,68374,68375,1,4
68370,68373,68374,1,3
68370,68374,68375,1,4
68370,68374,68375,1,4
68370,68372,68375,3,2
68370,68375,68376,1,5
68370,68374,68376,2,4
68370,68374,68376,2,4
68370,68374,68375,1,4
68370,68371,68376,5,1
68370,68373,68376,3,3
68370,68373,68376,3,3
68370,68374,68376,2,4
68370,68375,68376,1,5
68370,68373,68376,3,3
68370,68375,68376,1,5
68370,68375,68376,1,5
68370,68376,68377,1,6
68370,68376,68377,1,6
68370,68376,68377,1,6
68370,68377,68378,1,7
68370,68377,68378,1,7
68370,68377,68378,1,7
68370,68376,68378,2,6
68370,68377,68378,1,7
68370,68377,68378,1,7
68370,68377,68378,1,7
68370,68377,68378,1,7
68370,68376,68377,1,6
68370,68376,68377,1,6
68370,68378,68379,1,8
68370,68378,68379,1,8
68370,68378,68379,1,8
68370,68379,68380,1,9
68370,68379,68380,1,9
68370,68379,68380,1,9
68370,68379,68380,1,9
68370,68376,68379,3,6
68370,68378,68379,1,8
68370,68379,68380,1,9
68370,68379,68380,1,9
68370,68379,68380,1,9
67894,67907,68380,473,13
68370,68373,68381,8,3
68381,68381,68382,1,0
68381,68381,68382,1,0
68381,68381,68382,1,0
68381,68381,68382,1,0
68381,68381,68382,1,0
68381,68381,68382,1,0
68381,68381,68382,1,0
68381,68381,68382,1,0
68381,68381,68382,1,0
68381,68381,68382,1,0
68381,68381,68382,1,0
68381,68381,68382,1,0
68381,68381,68382,1,0
68381,68381,68382,1,0
68381,68381,68382,1,0
68381,68381,68383,2,0
68381,68382,68383,1,1
68381,68382,68383,1,1
68381,68382,68384,2,1
68381,68382,68384,2,1
68381,68382,68384,2,1
68381,68382,68384,2,1
68381,68382,68384,2,1
68381,68382,68384,2,1
68381,68382,68384,2,1
68381,68382,68384,2,1
68381,68382,68384,2,1
68381,68382,68384,2,1
68381,68383,68385,2,2
68381,68382,68384,2,1
68381,68382,68385,3,1
68381,68383,68385,2,2
68381,68383,68385,2,2
68381,68384,68385,1,3
67888,67899,68386,487,11
68381,68384,68386,2,3
68381,68383,68386,3,2
68381,68384,68386,2,3
68381,68384,68386,2,3
68381,68384,68385,1,3
68381,68385,68386,1,4
68381,68385,68387,2,4
68381,68384,68386,2,3
68381,68384,68387,3,3
68381,68384,68387,3,3
68381,68384,68387,3,3
68381,68384,68386,2,3
68381,68385,68387,2,4
68381,68384,68386,2,3
68381,68385,68387,2,4
68381,68385,68387,2,4
68381,68385,68387,2,4
68381,68387,68388,1,6
68381,68386,68387,1,5
68381,68386,68387,1,5
68381,68387,68388,1,6
68381,68386,68388,2,5
68381,68386,68388,2,5
68381,68388,68389,1,7
68381,68388,68389,1,7
68381,68388,68389,1,7
68381,68387,68389,2,6
68381,68387,68389,2,6
68381,68387,68389,2,6
68381,68387,68389,2,6
68381,68387,68389,2,6
68381,68387,68389,2,6
68381,68388,68389,1,7
68381,68388,68389,1,7
68381,68388,68390,2,7
68381,68389,68390,1,8
68381,68389,68390,1,8
68381,68389,68390,1,8
68381,68389,68390,1,8
68381,68389,68390,1,8
68381,68390,68391,1,9
68381,68390,68391,1,9
68381,68390,68391,1,9
68381,68390,68391,1,9
68381,68390,68391,1,9
68381,68390,68391,1,9
68381,68390,68391,1,9
68401,68401,68402,1,0
68401,68401,68402,1,0
68401,68401,68402,1,0
68401,68401,68402,1,0
68401,68401,68402,1,0
68401,68401,68402,1,0
68401,68402,68403,1,1
68401,68401,68402,1,0
68401,68401,68402,1,0
68401,68401,68402,1,0
68401,68402,68403,1,1
68401,68402,68403,1,1
68401,68403,68404,1,2
68401,68402,68403,1,1
68401,68402,68403,1,1
68401,68402,68403,1,1
68401,68402,68403,1,1
68401,68402,68403,1,1
68401,68402,68403,1,1
68401,68402,68403,1,1
68401,68402,68404,2,1
68401,68402,68403,1,1
68401,68403,68404,1,2
68401,68403,68404,1,2
68401,68403,68404,1,2
68401,68403,68405,2,2
68401,68402,68404,2,1
68401,68403,68404,1,2
68401,68403,68404,1,2
68401,68404,68405,1,3
68401,68404,68406,2,3
68401,68404,68406,2,3
68401,68404,68406,2,3
68401,68404,68406,2,3
68401,68404,68406,2,3
68401,68404,68405,1,3
68401,68405,68406,1,4
68401,68406,68407,1,5
68401,68405,68406,1,4
68401,68405,68407,2,4
68401,68404,68406,2,3
68401,68404,68406,2,3
68401,68404,68406,2,3
68401,68405,68407,2,4
68401,68404,68406,2,3
68401,68405,68407,2,4
68401,68406,68407,1,5
68401,68405,68406,1,4
68401,68406,68407,1,5
68401,68406,68407,1,5
68401,68406,68407,1,5
68401,68406,68407,1,5
68401,68407,68408,1,6
68401,68406,68407,1,5
68401,68407,68408,1,6
68401,68407,68408,1,6
68401,68407,68408,1,6
68401,68407,68408,1,6
68401,68407,68408,1,6
68401,68407,68408,1,6
68401,68407,68408,1,6
68401,68407,68408,1,6
68401,68407,68408,1,6
68401,68407,68408,1,6
68401,68407,68408,1,6
68401,68407,68408,1,6
68401,68408,68409,1,7
68401,68408,68409,1,7
68401,68407,68408,1,6
68401,68407,68408,1,6
68401,68408,68409,1,7
68401,68408,68409,1,7
68401,68408,68409,1,7
68401,68408,68409,1,7
68401,68408,68409,1,7
68401,68408,68409,1,7
68401,68408,68409,1,7
68401,68408,68409,1,7
68401,68408,68409,1,7
68401,68408,68409,1,7
68401,68408,68409,1,7
68401,68409,68410,1,8
68401,68409,68410,1,8
68401,68409,68410,1,8
68401,68408,68409,1,7
68401,68409,68410,1,8
68401,68409,68410,1,8
68401,68409,68410,1,8
68401,68409,68410,1,8
68401,68409,68410,1,8
68401,68409,68410,1,8
68401,68409,68410,1,8
67938,67947,68451,504,9
68451,68452,68453,1,1
68451,68452,68453,1,1
68451,68452,68453,1,1
68451,68452,68453,1,1
68451,68452,68453,1,1
68451,68452,68453,1,1
68451,68452,68453,1,1
68451,68453,68454,1,2
68451,68453,68454,1,2
68451,68453,68454,1,2
68451,68452,68454,2,1
68451,68453,68454,1,2
68451,68453,68454,1,2
68451,68453,68454,1,2
68451,68455,68456,1,4
68451,68455,68456,1,4
68451,68453,68455,2,2
68451,68454,68455,1,3
68451,68453,68455,2,2
68451,68453,68455,2,2
68451,68454,68456,2,3
68451,68454,68455,1,3
68451,68455,68456,1,4
68451,68455,68456,1,4
68451,68455,68456,1,4
68451,68455,68456,1,4
68451,68454,68456,2,3
68451,68454,68456,2,3
68451,68455,68456,1,4
68451,68456,68457,1,5
68451,68456,68457,1,5
68451,68456,68457,1,5
68451,68456,68457,1,5
68451,68456,68457,1,5
68451,68457,68458,1,6
68451,68456,68457,1,5
68451,68456,68457,1,5
68451,68456,68457,1,5
68451,68454,68457,3,3
68451,68454,68457,3,3
68451,68457,68458,1,6
68451,68457,68458,1,6
68451,68457,68458,1,6
68451,68457,68458,1,6
68451,68458,68459,1,7
68451,68457,68458,1,6
68451,68457,68458,1,6
68451,68457,68458,1,6
68451,68457,68458,1,6
68451,68458,68459,1,7
68451,68458,68460,2,7
68451,68458,68459,1,7
68451,68459,68460,1,8
68451,68459,68460,1,8
68451,68458,68460,2,7
68451,68458,68459,1,7
68451,68458,68459,1,7
68451,68459,68460,1,8
68451,68459,68460,1,8
68451,68459,68460,1,8
68451,68459,68460,1,8
68451,68458,68460,2,7
68451,68458,68460,2,7
68451,68459,68460,1,8
68451,68459,68460,1,8
68451,68459,68460,1,8
68451,68460,68461,1,9
68451,68460,68461,1,9
68451,68460,68461,1,9
68451,68460,68461,1,9
68451,68460,68461,1,9
68451,68460,68461,1,9
68451,68460,68461,1,9
68451,68460,68461,1,9
68451,68460,68461,1,9
68451,68460,68461,1,9
68451,68461,68462,1,10
68451,68461,68462,1,10
68451,68461,68462,1,10
68451,68461,68462,1,10
68451,68460,68461,1,9
68451,68460,68461,1,9
68451,68460,68461,1,9
68451,68461,68462,1,10
68451,68461,68462,1,10
68451,68460,68461,1,9
68451,68461,68462,1,10
67989,67998,68496,498,9
68499,68499,68500,1,0
68499,68499,68500,1,0
68499,68499,68500,1,0
68499,68499,68500,1,0
68499,68499,68500,1,0
68499,68499,68500,1,0
68499,68499,68500,1,0
68499,68499,68500,1,0
68499,68500,68502,2,1
68499,68499,68501,2,0
68499,68500,68502,2,1
68499,68500,68502,2,1
68499,68500,68502,2,1
68499,68500,68501,1,1
68499,68500,68501,1,1
68499,68500,68502,2,1
68499,68500,68502,2,1
68499,68501,68503,2,2
68499,68500,68502,2,1
68499,68500,68502,2,1
68499,68501,68503,2,2
68499,68499,68500,1,0
68499,68499,68500,1,0
68499,68501,68502,1,2
68499,68502,68503,1,3
68499,68501,68503,2,2
68499,68502,68504,2,3
68499,68502,68503,1,3
68499,68502,68503,1,3
68499,68502,68503,1,3
68499,68502,68503,1,3
68499,68502,68503,1,3
68499,68503,68504,1,4
68499,68503,68504,1,4
68499,68503,68504,1,4
68499,68504,68505,1,5
68499,68503,68505,2,4
68499,68503,68505,2,4
68499,68503,68505,2,4
68499,68504,68505,1,5
68499,68504,68505,1,5
68499,68504,68505,1,5
68499,68503,68504,1,4
68499,68505,68506,1,6
68499,68504,68505,1,5
68499,68504,68505,1,5
68499,68504,68505,1,5
68499,68504,68505,1,5
68499,68504,68505,1,5
68499,68505,68506,1,6
68499,68505,68506,1,6
68499,68505,68506,1,6
68499,68504,68506,2,5
68499,68504,68505,1,5
68499,68506,68507,1,7
68499,68505,68506,1,6
68499,68505,68506,1,6
68499,68505,68507,2,6
68499,68506,68507,1,7
68499,68506,68507,1,7
68499,68506,68507,1,7
68499,68506,68507,1,7
68499,68506,68507,1,7
68499,68506,68507,1,7
68499,68505,68506,1,6
68499,68506,68507,1,7
68499,68506,68507,1,7
68499,68506,68507,1,7
68499,68506,68507,1,7
68499,68507,68508,1,8
68499,68507,68508,1,8
68499,68507,68508,1,8
68499,68507,68508,1,8
68499,68507,68508,1,8
68499,68507,68508,1,8
68499,68506,68507,1,7
68499,68506,68507,1,7
68499,68507,68508,1,8
68499,68507,68508,1,8
68499,68507,68508,1,8
68499,68507,68508,1,8
68499,68507,68508,1,8
68499,68508,68509,1,9
68499,68508,68509,1,9
68499,68508,68509,1,9
68499,68508,68509,1,9
68499,68508,68509,1,9
68499,68508,68509,1,9
68499,68509,68512,3,10
68499,68510,68511,1,11
68122,68132,68622,490,10
68623,68623,68624,1,0
68623,68623,68624,1,0
68623,68623,68624,1,0
68623,68623,68624,1,0
68623,68623,68624,1,0
68623,68623,68624,1,0
68623,68623,68624,1,0
68623,68623,68624,1,0
68623,68623,68624,1,0
68623,68623,68625,2,0
68623,68623,68625,2,0
68623,68624,68625,1,1
68623,68624,68625,1,1
68623,68624,68625,1,1
68623,68623,68625,2,0
68623,68623,68625,2,0
68623,68624,68625,1,1
68623,68624,68625,1,1
68623,68624,68625,1,1
68623,68623,68626,3,0
68623,68624,68626,2,1
68623,68624,68626,2,1
68623,68624,68626,2,1
68623,68625,68626,1,2
68623,68625,68626,1,2
68623,68625,68626,1,2
68623,68624,68626,2,1
68623,68626,68627,1,3
68623,68626,68627,1,3
68623,68626,68627,1,3
68623,68625,68627,2,2
68623,68626,68627,1,3
68623,68627,68628,1,4
68623,68625,68627,2,2
68623,68627,68628,1,4
68623,68627,68628,1,4
68623,68628,68629,1,5
68623,68628,68629,1,5
68623,68628,68629,1,5
68623,68628,68629,1,5
68623,68628,68629,1,5
68623,68628,68629,1,5
68623,68628,68629,1,5
68623,68629,68630,1,6
68623,68629,68630,1,6
68623,68628,68630,2,5
68623,68630,68631,1,7
68623,68629,68630,1,6
68623,68630,68631,1,7
68623,68629,68630,1,6
68623,68630,68631,1,7
68623,68630,68631,1,7
68623,68630,68631,1,7
68623,68630,68631,1,7
68623,68630,68631,1,7
68623,68630,68631,1,7
68623,68630,68631,1,7
68623,68631,68632,1,8
68623,68631,68632,1,8
68623,68631,68632,1,8
68623,68631,68632,1,8
68623,68631,68632,1,8
68623,68631,68632,1,8
68623,68631,68632,1,8
68623,68632,68633,1,9
68623,68631,68632,1,8
68623,68631,68632,1,8
68623,68632,68633,1,9
67930,67947,68634,687,17
68636,68636,68637,1,0
68623,68631,68637,6,8
68636,68636,68637,1,0
68636,68636,68637,1,0
68636,68636,68637,1,0
68636,68636,68637,1,0
68636,68637,68638,1,1
68636,68637,68638,1,1
68636,68637,68638,1,1
68636,68637,68638,1,1
68636,68637,68638,1,1
68636,68637,68638,1,1
68636,68637,68638,1,1
68636,68637,68639,2,1
68636,68637,68639,2,1
68636,68637,68639,2,1
68636,68638,68639,1,2
68636,68638,68639,1,2
68636,68638,68639,1,2
68636,68638,68639,1,2
68636,68637,68639,2,1
68636,68637,68639,2,1
68636,68639,68640,1,3
68636,68639,68640,1,3
68636,68639,68640,1,3
68636,68639,68640,1,3
68636,68639,68640,1,3
68636,68639,68640,1,3
68636,68639,68640,1,3
68636,68639,68640,1,3
68636,68639,68641,2,3
68636,68639,68641,2,3
68636,68640,68642,2,4
68636,68640,68641,1,4
68636,68641,68642,1,5
68636,68641,68642,1,5
68636,68641,68642,1,5
68636,68641,68642,1,5
68636,68641,68642,1,5
68636,68641,68642,1,5
68636,68638,68642,4,2
68636,68640,68642,2,4
68636,68640,68642,2,4
68636,68640,68642,2,4
68636,68640,68642,2,4
68636,68642,68643,1,6
68636,68642,68643,1,6
68636,68642,68643,1,6
68636,68641,68642,1,5
68636,68642,68644,2,6
68636,68642,68643,1,6
68636,68642,68643,1,6
68636,68643,68644,1,7
68636,68643,68644,1,7
68636,68643,68644,1,7
68636,68642,68643,1,6
68636,68642,68643,1,6
68636,68643,68644,1,7
68636,68642,68643,1,6
68636,68642,68643,1,6
68636,68642,68643,1,6
68636,68643,68644,1,7
68636,68643,68644,1,7
68636,68643,68644,1,7
68636,68643,68645,2,7
68636,68643,68644,1,7
68636,68644,68645,1,8
68636,68644,68645,1,8
68636,68644,68645,1,8
68636,68644,68645,1,8
68636,68644,68645,1,8
68636,68644,68645,1,8
68636,68644,68645,1,8
68636,68644,68645,1,8
68636,68644,68645,1,8
68636,68644,68645,1,8
68636,68645,68646,1,9
68636,68644,68646,2,8
68636,68644,68646,2,8
68636,68645,68646,1,9
68636,68645,68646,1,9
68636,68645,68646,1,9
68636,68645,68646,1,9
68636,68645,68646,1,9
68636,68645,68647,2,9
68636,68645,68647,2,9
68223,68232,68706,474,9
68707,68707,68708,1,0
68707,68707,68708,1,0
68707,68707,68708,1,0
68707,68707,68708,1,0
68707,68707,68708,1,0
68707,68707,68708,1,0
68707,68707,68708,1,0
68707,68707,68708,1,0
68707,68707,68708,1,0
68707,68707,68708,1,0
68707,68707,68708,1,0
68707,68707,68709,2,0
68707,68707,68708,1,0
68707,68707,68709,2,0
68707,68707,68709,2,0
68707,68707,68708,1,0
68707,68708,68709,1,1
68707,68707,68708,1,0
68707,68708,68710,2,1
68707,68708,68710,2,1
68707,68708,68710,2,1
68707,68708,68710,2,1
68707,68708,68709,1,1
68707,68708,68710,2,1
68707,68708,68710,2,1
68707,68708,68710,2,1
68707,68708,68709,1,1
68707,68709,68710,1,2
68707,68709,68710,1,2
68707,68708,68710,2,1
68707,68709,68711,2,2
68707,68709,68711,2,2
68707,68709,68711,2,2
68707,68709,68711,2,2
68707,68710,68711,1,3
68707,68710,68711,1,3
68707,68710,68711,1,3
68707,68710,68711,1,3
68707,68710,68711,1,3
68707,68709,68711,2,2
68707,68710,68711,1,3
68707,68710,68712,2,3
68707,68710,68712,2,3
68707,68711,68712,1,4
68707,68711,68712,1,4
68707,68710,68712,2,3
68707,68710,68712,2,3
68707,68710,68712,2,3
68707,68710,68712,2,3
68707,68712,68713,1,5
68707,68712,68713,1,5
68707,68712,68713,1,5
68707,68711,68713,2,4
68707,68711,68713,2,4
68707,68711,68713,2,4
68707,68711,68713,2,4
68707,68712,68713,1,5
68707,68712,68713,1,5
68707,68713,68714,1,6
68707,68713,68714,1,6
68707,68714,68715,1,7
68707,68714,68715,1,7
68707,68714,68715,1,7
68707,68714,68715,1,7
68707,68715,68716,1,8
68707,68715,68716,1,8
68707,68715,68716,1,8
68707,68715,68716,1,8
68707,68715,68716,1,8
68707,68715,68716,1,8
68036,68044,68742,698,8
68744,68744,68745,1,0
68744,68744,68745,1,0
68744,68744,68745,1,0
68744,68744,68745,1,0
68744,68744,68745,1,0
68744,68744,68745,1,0
68744,68744,68745,1,0
68744,68744,68745,1,0
68744,68744,68745,1,0
68744,68744,68745,1,0
68744,68744,68745,1,0
68744,68744,68745,1,0
68744,68745,68746,1,1
68744,68745,68746,1,1
68744,68744,68746,2,0
68744,68744,68746,2,0
68744,68744,68746,2,0
68744,68745,68747,2,1
68744,68745,68747,2,1
68744,68745,68747,2,1
68744,68745,68747,2,1
68744,68745,68747,2,1
68744,68745,68747,2,1
68744,68745,68747,2,1
68744,68745,68747,2,1
68744,68745,68747,2,1
68744,68745,68747,2,1
68744,68747,68748,1,3
68744,68746,68748,2,2
68744,68746,68748,2,2
68744,68746,68748,2,2
68744,68745,68748,3,1
68744,68747,68748,1,3
68744,68747,68748,1,3
68744,68747,68748,1,3
68744,68747,68748,1,3
68744,68747,68748,1,3
68744,68748,68749,1,4
68744,68748,68749,1,4
68744,68748,68749,1,4
68744,68748,68749,1,4
68744,68748,68749,1,4
68744,68747,68749,2,3
68744,68749,68750,1,5
68744,68749,68750,1,5
68744,68748,68749,1,4
68744,68749,68750,1,5
68744,68749,68750,1,5
68744,68749,68750,1,5
68744,68749,68750,1,5
68744,68749,68750,1,5
68744,68749,68750,1,5
68744,68750,68751,1,6
68744,68750,68751,1,6
68744,68749,68750,1,5
68744,68750,68751,1,6
68744,68750,68751,1,6
68744,68750,68751,1,6
68744,68750,68751,1,6
68744,68750,68751,1,6
68744,68750,68751,1,6
68744,68750,68751,1,6
68744,68751,68752,1,7
68744,68751,68752,1,7
68744,68751,68752,1,7
68744,68751,68752,1,7
68744,68751,68752,1,7
68744,68751,68752,1,7
68744,68751,68752,1,7
68744,68751,68752,1,7
68744,68751,68752,1,7
68744,68752,68753,1,8
68744,68752,68753,1,8
68744,68752,68753,1,8
68045,68064,68770,706,19
68771,68771,68772,1,0
68771,68771,68772,1,0
68771,68771,68772,1,0
68771,68771,68772,1,0
68771,68771,68772,1,0
68771,68771,68772,1,0
68771,68771,68772,1,0
68771,68771,68772,1,0
68771,68771,68772,1,0
68771,68771,68772,1,0
68771,68771,68772,1,0
68771,68772,68773,1,1
68771,68772,68773,1,1
68771,68772,68773,1,1
68771,68772,68773,1,1
68771,68771,68773,2,0
68771,68772,68774,2,1
68771,68773,68774,1,2
68771,68773,68774,1,2
68771,68773,68774,1,2
68771,68773,68774,1,2
68771,68773,68774,1,2
68771,68773,68774,1,2
68771,68773,68774,1,2
68771,68773,68774,1,2
68771,68773,68774,1,2
68771,68771,68774,3,0
68771,68773,68774,1,2
68771,68774,68775,1,3
68771,68774,68775,1,3
68771,68774,68775,1,3
68771,68774,68775,1,3
68771,68774,68775,1,3
68771,68774,68775,1,3
68771,68776,68777,1,5
68771,68775,68776,1,4
68771,68775,68777,2,4
68771,68775,68776,1,4
68771,68776,68777,1,5
68771,68776,68777,1,5
68771,68775,68776,1,4
68771,68775,68776,1,4
68771,68776,68777,1,5
68771,68776,68777,1,5
68771,68776,68777,1,5
68771,68776,68777,1,5
68771,68776,68777,1,5
68771,68777,68778,1,6
68771,68777,68778,1,6
68771,68777,68778,1,6
68771,68777,68778,1,6
68771,68777,68778,1,6
68771,68776,68777,1,5
68771,68777,68778,1,6
68771,68777,68778,1,6
68771,68777,68778,1,6
68771,68778,68779,1,7
68771,68777,68778,1,6
68771,68777,68778,1,6
68771,68778,68779,1,7
68771,68778,68779,1,7
68771,68778,68779,1,7
68771,68778,68779,1,7
68771,68779,68780,1,8
68771,68779,68780,1,8
68771,68779,68780,1,8
68771,68779,68780,1,8
68771,68779,68780,1,8
68771,68779,68780,1,8
68771,68779,68780,1,8
68771,68779,68780,1,8
68771,68780,68781,1,9
68771,68780,68781,1,9
68771,68780,68781,1,9
68771,68780,68781,1,9
68771,68780,68781,1,9
68771,68776,68785,9,5
68047,68064,68789,725,17
68804,68804,68805,1,0
68804,68804,68805,1,0
68804,68804,68805,1,0
68804,68804,68805,1,0
68804,68804,68805,1,0
68804,68804,68805,1,0
68804,68804,68805,1,0
68804,68804,68805,1,0
68804,68804,68805,1,0
68804,68804,68805,1,0
68804,68804,68805,1,0
68804,68804,68805,1,0
68804,68804,68805,1,0
68804,68804,68805,1,0
68804,68804,68806,2,0
68804,68805,68807,2,1
68804,68805,68806,1,1
68804,68805,68807,2,1
68804,68805,68806,1,1
68804,68804,68807,3,0
68804,68805,68807,2,1
68804,68804,68806,2,0
68804,68805,68807,2,1
68804,68805,68807,2,1
68804,68805,68807,2,1
68804,68806,68807,1,2
68804,68806,68808,2,2
68804,68805,68807,2,1
68804,68806,68808,2,2
68804,68807,68808,1,3
68804,68807,68808,1,3
68804,68807,68808,1,3
68804,68807,68808,1,3
68804,68805,68808,3,1
68804,68806,68808,2,2
68804,68806,68808,2,2
68804,68808,68809,1,4
68804,68808,68809,1,4
68804,68807,68809,2,3
68804,68808,68809,1,4
68804,68808,68809,1,4
68804,68808,68809,1,4
68804,68809,68810,1,5
68804,68809,68810,1,5
68804,68809,68810,1,5
68804,68809,68810,1,5
68804,68809,68810,1,5
68804,68809,68810,1,5
68804,68809,68810,1,5
68804,68809,68810,1,5
68804,68809,68810,1,5
68804,68809,68810,1,5
68804,68809,68810,1,5
68804,68810,68811,1,6
68804,68809,68811,2,5
68804,68810,68811,1,6
68804,68810,68811,1,6
68804,68810,68811,1,6
68804,68811,68812,1,7
68804,68811,68812,1,7
68804,68811,68812,1,7
68804,68811,68812,1,7
68804,68810,68812,2,6
68804,68811,68812,1,7
68804,68812,68813,1,8
68804,68812,68813,1,8
68804,68812,68813,1,8
68804,68812,68813,1,8
68804,68812,68813,1,8
68804,68812,68813,1,8
68804,68813,68814,1,9
68804,68812,68814,2,8
68804,68813,68814,1,9
68804,68813,68814,1,9
68804,68813,68814,1,9
68804,68813,68814,1,9
68804,68813,68814,1,9
68804,68813,68814,1,9
68804,68813,68814,1,9
68087,68097,68828,731,10
68835,68835,68836,1,0
68835,68835,68836,1,0
68835,68835,68836,1,0
68835,68835,68836,1,0
68835,68835,68836,1,0
68835,68835,68836,1,0
68835,68835,68836,1,0
68835,68835,68836,1,0
68835,68835,68836,1,0
68835,68835,68836,1,0
68835,68836,68837,1,1
68835,68835,68837,2,0
68835,68836,68838,2,1
68835,68837,68838,1,2
68835,68837,68838,1,2
68835,68837,68838,1,2
68835,68837,68838,1,2
68835,68837,68838,1,2
68835,68837,68838,1,2
68835,68837,68838,1,2
68835,68837,68838,1,2
68835,68837,68838,1,2
68835,68837,68838,1,2
68835,68836,68838,2,1
68835,68837,68838,1,2
68835,68836,68840,4,1
68835,68838,68839,1,3
68835,68839,68840,1,4
68835,68839,68840,1,4
68835,68838,68839,1,3
68835,68840,68841,1,5
68835,68840,68841,1,5
68835,68839,68840,1,4
68835,68839,68840,1,4
68835,68839,68840,1,4
68835,68839,68840,1,4
68835,68839,68840,1,4
68835,68840,68841,1,5
68835,68840,68841,1,5
68835,68839,68840,1,4
68835,68839,68840,1,4
68835,68840,68841,1,5
68835,68840,68841,1,5
68835,68840,68841,1,5
68835,68840,68841,1,5
68835,68840,68841,1,5
68835,68841,68842,1,6
68835,68841,68842,1,6
68835,68841,68842,1,6
68835,68841,68842,1,6
68835,68841,68842,1,6
68835,68842,68843,1,7
68835,68842,68843,1,7
68835,68842,68843,1,7
68835,68841,68842,1,6
68835,68842,68843,1,7
68835,68842,68843,1,7
68835,68842,68843,1,7
68835,68843,68844,1,8
68835,68843,68844,1,8
68835,68843,68844,1,8
68835,68843,68844,1,8
68835,68843,68844,1,8
68835,68843,68844,1,8
68835,68843,68844,1,8
68835,68843,68844,1,8
68835,68843,68844,1,8
68835,68843,68844,1,8
68835,68842,68845,3,7
67998,68016,68860,844,18
68863,68863,68864,1,0
68863,68863,68864,1,0
68863,68863,68864,1,0
68863,68863,68864,1,0
68863,68863,68864,1,0
68863,68863,68864,1,0
68863,68863,68864,1,0
68863,68863,68864,1,0
68863,68863,68864,1,0
68863,68863,68864,1,0
68863,68863,68864,1,0
68863,68864,68865,1,1
68863,68863,68864,1,0
68863,68863,68864,1,0
68863,68863,68865,2,0
68863,68865,68866,1,2
68863,68864,68866,2,1
68863,68864,68866,2,1
68863,68864,68866,2,1
68863,68864,68866,2,1
68863,68864,68866,2,1
68863,68864,68866,2,1
68863,68864,68866,2,1
68863,68865,68866,1,2
68863,68865,68866,1,2
68863,68865,68866,1,2
68863,68865,68867,2,2
68863,68864,68867,3,1
68863,68866,68867,1,3
68863,68865,68867,2,2
68863,68866,68867,1,3
68863,68866,68867,1,3
68863,68866,68868,2,3
68863,68866,68867,1,3
68863,68867,68868,1,4
68863,68867,68868,1,4
68863,68867,68868,1,4
68863,68867,68868,1,4
68863,68867,68868,1,4
68863,68867,68868,1,4
68863,68867,68869,2,4
68863,68868,68869,1,5
68863,68868,68869,1,5
68863,68868,68869,1,5
68156,68173,68869,696,17
68863,68868,68869,1,5
68863,68868,68869,1,5
68863,68868,68869,1,5
68863,68869,68870,1,6
68863,68868,68869,1,5
68863,68869,68870,1,6
68863,68870,68871,1,7
68863,68870,68871,1,7
68863,68869,68870,1,6
68863,68870,68871,1,7
68863,68866,68870,4,3
68863,68869,68870,1,6
68863,68869,68870,1,6
68863,68869,68870,1,6
68863,68870,68871,1,7
68863,68870,68871,1,7
68863,68870,68871,1,7
68863,68870,68871,1,7
68863,68870,68871,1,7
68863,68870,68871,1,7
68863,68871,68872,1,8
68863,68870,68871,1,7
68863,68871,68872,1,8
68863,68871,68872,1,8
68863,68872,68873,1,9
68863,68872,68873,1,9
68863,68872,68873,1,9
68863,68872,68873,1,9
68863,68872,68873,1,9
68863,68872,68873,1,9
68863,68872,68873,1,9
68863,68872,68873,1,9
68871,68872,68873,1,1
68871,68872,68873,1,1
68871,68873,68874,1,2
68863,68872,68873,1,9
68871,68873,68874,1,2
68871,68873,68874,1,2
68871,68873,68874,1,2
68871,68873,68874,1,2
68871,68873,68874,1,2
68871,68874,68875,1,3
68871,68873,68874,1,2
68871,68873,68874,1,2
68871,68874,68875,1,3
68871,68874,68875,1,3
68871,68874,68875,1,3
68871,68874,68875,1,3
68871,68874,68875,1,3
68871,68873,68874,1,2
68871,68873,68874,1,2
68871,68873,68874,1,2
68871,68873,68875,2,2
68871,68874,68875,1,3
68871,68874,68875,1,3
68871,68875,68876,1,4
68871,68875,68876,1,4
68871,68875,68876,1,4
68871,68875,68876,1,4
68871,68875,68876,1,4
68871,68874,68875,1,3
68871,68874,68876,2,3
68871,68874,68875,1,3
68871,68875,68876,1,4
68871,68875,68876,1,4
68871,68875,68876,1,4
68871,68876,68877,1,5
68871,68876,68877,1,5
68871,68875,68876,1,4
68871,68875,68876,1,4
68382,68390,68876,486,8
68871,68876,68877,1,5
68871,68876,68877,1,5
68871,68875,68876,1,4
68871,68876,68877,1,5
68871,68876,68877,1,5
68871,68876,68877,1,5
68871,68876,68877,1,5
68871,68876,68877,1,5
68871,68877,68878,1,6
68871,68877,68878,1,6
68871,68877,68878,1,6
68871,68876,68877,1,5
68871,68877,68878,1,6
68871,68876,68878,2,5
68871,68876,68878,2,5
68871,68876,68878,2,5
68871,68876,68878,2,5
68871,68877,68878,1,6
68871,68877,68878,1,6
68871,68877,68878,1,6
68871,68877,68878,1,6
68871,68877,68878,1,6
68871,68877,68878,1,6
68871,68877,68879,2,6
68871,68877,68879,2,6
68871,68878,68879,1,7
68871,68878,68879,1,7
68871,68878,68879,1,7
68871,68878,68879,1,7
68871,68878,68879,1,7
68871,68879,68880,1,8
68871,68879,68880,1,8
68871,68879,68880,1,8
68871,68879,68880,1,8
68871,68878,68879,1,7
68871,68879,68880,1,8
68871,68879,68880,1,8
68871,68879,68880,1,8
68871,68880,68881,1,9
68871,68879,68880,1,8
68871,68879,68880,1,8
68871,68880,68881,1,9
68871,68880,68881,1,9
68871,68880,68881,1,9
68000,68016,68885,869,16
68371,68380,68888,508,9
68892,68892,68893,1,0
68892,68892,68893,1,0
68892,68892,68893,1,0
68892,68892,68893,1,0
68892,68892,68893,1,0
68892,68892,68893,1,0
68892,68892,68893,1,0
68892,68892,68893,1,0
68892,68892,68893,1,0
68892,68892,68893,1,0
68892,68892,68893,1,0
68892,68892,68893,1,0
68892,68892,68894,2,0
68892,68892,68894,2,0
68892,68892,68894,2,0
68892,68892,68894,2,0
68892,68893,68895,2,1
68892,68893,68895,2,1
68892,68893,68895,2,1
68892,68893,68895,2,1
68892,68893,68895,2,1
68892,68893,68895,2,1
68892,68893,68895,2,1
68892,68894,68895,1,2
68892,68894,68895,1,2
68892,68894,68895,1,2
68892,68893,68895,2,1
68892,68893,68895,2,1
68892,68894,68896,2,2
68892,68895,68896,1,3
68892,68893,68896,3,1
68892,68894,68896,2,2
68892,68894,68896,2,2
68892,68893,68896,3,1
68892,68893,68896,3,1
68892,68895,68896,1,3
68892,68896,68897,1,4
68892,68896,68897,1,4
68892,68896,68897,1,4
68892,68896,68897,1,4
68892,68895,68897,2,3
68892,68896,68897,1,4
68892,68897,68898,1,5
68892,68897,68898,1,5
68892,68897,68898,1,5
68892,68898,68899,1,6
68892,68897,68898,1,5
68892,68897,68898,1,5
68892,68898,68899,1,6
68892,68898,68899,1,6
68892,68898,68899,1,6
68892,68898,68899,1,6
68892,68899,68900,1,7
68892,68899,68900,1,7
68892,68899,68900,1,7
68892,68899,68900,1,7
68892,68899,68900,1,7
68892,68898,68899,1,6
68892,68898,68899,1,6
68892,68899,68900,1,7
68892,68899,68900,1,7
68892,68899,68900,1,7
68892,68900,68901,1,8
68892,68900,68901,1,8
68893,68900,68901,1,7
68893,68900,68901,1,7
68893,68900,68901,1,7
68893,68900,68901,1,7
68893,68900,68901,1,7
68893,68900,68901,1,7
68893,68900,68901,1,7
68893,68900,68901,1,7
68893,68901,68902,1,8
68893,68901,68902,1,8
68893,68901,68902,1,8
68893,68901,68902,1,8
68893,68901,68902,1,8
68893,68901,68902,1,8
68893,68901,68902,1,8
68892,68900,68903,3,8
68893,68901,68903,2,8
68893,68901,68903,2,8
68893,68901,68903,2,8
68893,68901,68903,2,8
68893,68902,68903,1,9
68893,68901,68903,2,8
68893,68901,68903,2,8
68893,68901,68903,2,8
68893,68901,68903,2,8
68893,68903,68904,1,10
68893,68903,68904,1,10
68893,68903,68904,1,10
68893,68903,68905,2,10
68893,68903,68904,1,10
68893,68902,68904,2,9
68893,68902,68904,2,9
68893,68904,68905,1,11
68893,68904,68905,1,11
68893,68903,68904,1,10
68893,68903,68904,1,10
68893,68903,68904,1,10
68893,68903,68904,1,10
68893,68903,68904,1,10
68893,68903,68904,1,10
68893,68904,68905,1,11
68893,68904,68905,1,11
68893,68904,68905,1,11
68893,68905,68906,1,12
68893,68905,68906,1,12
68893,68905,68906,1,12
68893,68905,68906,1,12
68893,68905,68906,1,12
68893,68905,68906,1,12
68893,68905,68906,1,12
68893,68905,68906,1,12
68893,68904,68905,1,11
68893,68904,68906,2,11
68893,68905,68906,1,12
68893,68906,68907,1,13
68893,68906,68907,1,13
68893,68905,68906,1,12
68893,68906,68907,1,13
68893,68906,68907,1,13
68893,68906,68907,1,13
68893,68906,68907,1,13
68893,68906,68907,1,13
68893,68906,68907,1,13
68893,68905,68906,1,12
68893,68905,68907,2,12
68893,68905,68907,2,12
68893,68907,68908,1,14
68893,68907,68908,1,14
68893,68904,68907,3,11
68893,68907,68908,1,14
68893,68907,68908,1,14
68893,68907,68908,1,14
68893,68907,68908,1,14
68893,68907,68908,1,14
68893,68907,68908,1,14
68893,68907,68908,1,14
68893,68907,68908,1,14
68893,68907,68908,1,14
68893,68907,68908,1,14
68893,68907,68908,1,14
68893,68907,68908,1,14
68926,68926,68927,1,0
68926,68926,68927,1,0
68926,68926,68927,1,0
68926,68926,68927,1,0
68926,68926,68927,1,0
68926,68926,68927,1,0
68926,68926,68927,1,0
68926,68926,68927,1,0
68926,68926,68927,1,0
68926,68926,68927,1,0
68926,68926,68928,2,0
68926,68926,68927,1,0
68926,68926,68927,1,0
68184,68193,68928,735,9
68926,68926,68928,2,0
68926,68926,68928,2,0
68926,68926,68928,2,0
68926,68927,68929,2,1
68926,68926,68929,3,0
68926,68927,68929,2,1
68926,68927,68929,2,1
68926,68927,68929,2,1
68926,68927,68929,2,1
68926,68927,68929,2,1
68926,68927,68929,2,1
68926,68927,68929,2,1
68926,68927,68929,2,1
68926,68927,68929,2,1
68926,68927,68929,2,1
68926,68928,68930,2,2
68926,68929,68930,1,3
68926,68929,68930,1,3
68926,68929,68930,1,3
68926,68929,68930,1,3
68926,68928,68931,3,2
68926,68928,68931,3,2
68926,68929,68931,2,3
68926,68930,68931,1,4
68926,68929,68932,3,3
68926,68931,68932,1,5
68926,68931,68932,1,5
68926,68933,68934,1,7
68926,68934,68935,1,8
68453,68461,68934,473,8
68926,68933,68934,1,7
68936,68936,68937,1,0
68936,68936,68937,1,0
68936,68936,68937,1,0
68936,68936,68937,1,0
68936,68936,68937,1,0
68936,68936,68937,1,0
68936,68936,68937,1,0
68936,68936,68937,1,0
68936,68936,68937,1,0
68936,68936,68937,1,0
68936,68936,68937,1,0
68936,68936,68938,2,0
68936,68936,68938,2,0
68936,68936,68938,2,0
68936,68936,68938,2,0
68936,68936,68938,2,0
68936,68936,68938,2,0
68936,68938,68939,1,2
68936,68937,68938,1,1
68936,68937,68938,1,1
68936,68939,68940,1,3
68936,68938,68939,1,2
68936,68938,68939,1,2
68936,68938,68939,1,2
68936,68939,68940,1,3
68936,68939,68940,1,3
68936,68939,68940,1,3
68936,68939,68940,1,3
68936,68939,68940,1,3
68936,68939,68940,1,3
68936,68939,68940,1,3
68936,68939,68940,1,3
68936,68939,68940,1,3
68936,68940,68941,1,4
68936,68938,68940,2,2
68936,68940,68941,1,4
68936,68940,68941,1,4
68936,68940,68941,1,4
68936,68941,68942,1,5
68936,68941,68942,1,5
68936,68941,68942,1,5
68936,68941,68942,1,5
68936,68941,68942,1,5
68936,68942,68943,1,6
68936,68942,68943,1,6
68936,68942,68943,1,6
68936,68942,68943,1,6
68936,68942,68943,1,6
68936,68942,68943,1,6
68936,68941,68942,1,5
68936,68942,68943,1,6
68936,68942,68943,1,6
68936,68942,68943,1,6
68936,68942,68943,1,6
68936,68941,68942,1,5
68936,68942,68943,1,6
68936,68942,68943,1,6
68936,68940,68943,3,4
68936,68943,68944,1,7
68936,68943,68944,1,7
68936,68943,68944,1,7
68936,68943,68944,1,7
68936,68943,68944,1,7
68936,68943,68944,1,7
68936,68943,68944,1,7
68936,68943,68944,1,7
68936,68943,68944,1,7
68936,68943,68944,1,7
68936,68943,68944,1,7
68936,68943,68944,1,7
68936,68943,68944,1,7
68158,68173,68944,771,15
68936,68944,68945,1,8
68936,68944,68945,1,8
68936,68944,68945,1,8
68936,68943,68945,2,7
68937,68944,68945,1,7
68936,68943,68944,1,7
68937,68944,68945,1,7
68937,68944,68945,1,7
68937,68944,68945,1,7
68937,68944,68945,1,7
68937,68944,68945,1,7
68937,68944,68945,1,7
68937,68944,68945,1,7
68937,68944,68945,1,7
68936,68945,68946,1,9
68937,68945,68946,1,8
68937,68945,68946,1,8
68937,68945,68946,1,8
68937,68945,68947,2,8
68937,68945,68947,2,8
68937,68945,68947,2,8
68937,68945,68946,1,8
68937,68945,68947,2,8
68937,68945,68947,2,8
68937,68945,68947,2,8
68937,68945,68947,2,8
68937,68945,68947,2,8
68937,68945,68947,2,8
68937,68945,68947,2,8
68937,68945,68947,2,8
68937,68946,68947,1,9
68937,68946,68947,1,9
68937,68945,68948,3,8
68937,68946,68947,1,9
68937,68945,68948,3,8
68937,68945,68948,3,8
68937,68947,68948,1,10
68937,68947,68949,2,10
68937,68947,68948,1,10
68937,68947,68949,2,10
68937,68947,68949,2,10
68937,68947,68949,2,10
68937,68947,68949,2,10
68937,68947,68949,2,10
68937,68947,68949,2,10
68937,68947,68949,2,10
68937,68947,68949,2,10
68937,68947,68949,2,10
68937,68948,68949,1,11
68937,68948,68949,1,11
68937,68948,68950,2,11
68937,68947,68950,3,10
68937,68947,68949,2,10
68937,68948,68950,2,11
68937,68948,68950,2,11
68937,68948,68950,2,11
68937,68949,68950,1,12
68937,68949,68950,1,12
68937,68949,68950,1,12
68937,68949,68950,1,12
68937,68949,68951,2,12
68937,68949,68951,2,12
68937,68949,68951,2,12
68937,68949,68951,2,12
68937,68950,68951,1,13
68937,68950,68951,1,13
68937,68950,68951,1,13
68937,68949,68951,2,12
68937,68950,68951,1,13
68937,68950,68951,1,13
68937,68949,68951,2,12
68937,68949,68951,2,12
68937,68949,68951,2,12
68937,68951,68952,1,14
68937,68951,68952,1,14
68937,68951,68952,1,14
68937,68951,68952,1,14
68937,68951,68952,1,14
68937,68950,68951,1,13
68937,68951,68952,1,14
68937,68951,68952,1,14
68937,68951,68952,1,14
68937,68951,68952,1,14
68937,68951,68952,1,14
68937,68951,68952,1,14
68937,68951,68952,1,14
68937,68952,68953,1,15
68937,68952,68953,1,15
68937,68952,68953,1,15
68937,68952,68953,1,15
68937,68952,68953,1,15
68937,68952,68953,1,15
68937,68952,68953,1,15
68952,68953,68954,1,1
68952,68953,68954,1,1
68952,68953,68954,1,1
68952,68953,68954,1,1
68952,68953,68954,1,1
68952,68953,68954,1,1
68952,68953,68954,1,1
68952,68953,68954,1,1
68952,68954,68955,1,2
68952,68954,68955,1,2
68952,68954,68955,1,2
68952,68954,68955,1,2
68952,68954,68955,1,2
68952,68954,68955,1,2
68952,68954,68955,1,2
68952,68953,68955,2,1
68952,68953,68955,2,1
68952,68954,68955,1,2
68952,68954,68955,1,2
68952,68954,68955,1,2
68952,68954,68955,1,2
68952,68954,68955,1,2
68952,68955,68956,1,3
68952,68955,68956,1,3
68952,68955,68956,1,3
68952,68954,68955,1,2
68952,68955,68956,1,3
68952,68955,68956,1,3
68952,68953,68956,3,1
68952,68954,68956,2,2
68952,68956,68957,1,4
68952,68956,68957,1,4
68952,68955,68956,1,3
68952,68956,68957,1,4
68952,68956,68957,1,4
68952,68956,68957,1,4
68952,68956,68957,1,4
68952,68956,68957,1,4
68952,68956,68957,1,4
68952,68957,68958,1,5
68952,68956,68957,1,4
68952,68956,68958,2,4
68952,68957,68958,1,5
68952,68956,68958,2,4
68952,68957,68958,1,5
68952,68957,68958,1,5
68952,68957,68958,1,5
68952,68956,68957,1,4
68952,68956,68958,2,4
68952,68957,68958,1,5
68952,68956,68957,1,4
68952,68957,68958,1,5
68952,68957,68958,1,5
68952,68957,68958,1,5
68952,68957,68958,1,5
68952,68957,68958,1,5
68952,68958,68959,1,6
68952,68958,68959,1,6
68952,68957,68958,1,5
68952,68958,68959,1,6
68952,68958,68959,1,6
68952,68958,68959,1,6
68952,68958,68959,1,6
68952,68958,68959,1,6
68952,68958,68959,1,6
68952,68959,68960,1,7
68952,68959,68960,1,7
68952,68958,68959,1,6
68952,68958,68959,1,6
68952,68959,68960,1,7
68952,68958,68959,1,6
68952,68959,68960,1,7
68952,68959,68960,1,7
68952,68958,68959,1,6
68952,68959,68960,1,7
68952,68959,68960,1,7
68952,68959,68960,1,7
68952,68959,68960,1,7
68952,68959,68960,1,7
68952,68960,68961,1,8
68500,68509,68984,475,9
68203,68214,68990,776,11
68245,68253,68992,739,8
68992,68992,68993,1,0
68992,68992,68993,1,0
68992,68992,68993,1,0
68992,68992,68993,1,0
68992,68992,68993,1,0
68992,68992,68993,1,0
68992,68992,68993,1,0
68992,68992,68993,1,0
68992,68992,68993,1,0
68992,68992,68993,1,0
68992,68992,68993,1,0
68992,68992,68993,1,0
68992,68992,68993,1,0
68992,68992,68993,1,0
68992,68992,68994,2,0
68992,68993,68994,1,1
68992,68993,68994,1,1
68992,68993,68994,1,1
68992,68992,68994,2,0
68992,68993,68994,1,1
68992,68992,68994,2,0
68992,68992,68995,3,0
68992,68993,68995,2,1
68992,68993,68995,2,1
68992,68993,68995,2,1
68992,68993,68994,1,1
68992,68993,68995,2,1
68992,68993,68995,2,1
68992,68993,68995,2,1
68992,68993,68995,2,1
68992,68993,68995,2,1
68992,68993,68995,2,1
68992,68993,68995,2,1
68992,68993,68995,2,1
68992,68993,68995,2,1
68992,68995,68996,1,3
68992,68994,68996,2,2
68992,68994,68996,2,2
68992,68994,68995,1,2
68992,68994,68996,2,2
68992,68994,68996,2,2
68992,68995,68996,1,3
68992,68995,68996,1,3
68992,68996,68997,1,4
68992,68996,68997,1,4
68992,68995,68997,2,3
68992,68996,68997,1,4
68992,68996,68997,1,4
68992,68995,68996,1,3
68992,68996,68997,1,4
68992,68996,68997,1,4
68992,68995,68997,2,3
68992,68996,68997,1,4
68992,68997,68998,1,5
68992,68997,68998,1,5
68992,68997,68998,1,5
68992,68997,68998,1,5
68992,68997,68998,1,5
68992,68998,68999,1,6
68992,68998,68999,1,6
68992,68998,68999,1,6
68992,68998,68999,1,6
68992,68997,68999,2,5
68992,68997,68998,1,5
68992,68998,68999,1,6
68992,68998,68999,1,6
68992,68998,69000,2,6
68992,68999,69000,1,7
68992,68998,68999,1,6
68992,68998,68999,1,6
68992,68998,68999,1,6
68992,68998,68999,1,6
68992,68999,69000,1,7
68992,68999,69000,1,7
68992,68999,69000,1,7
68992,68999,69000,1,7
68992,68999,69000,1,7
68992,69000,69001,1,8
68992,69000,69001,1,8
68992,69000,69001,1,8
68992,69000,69001,1,8
68992,69000,69001,1,8
68992,69000,69001,1,8
68992,69000,69001,1,8
68992,69001,69002,1,9
68992,69001,69002,1,9
68992,69001,69002,1,9
68992,69001,69002,1,9
68992,69001,69002,1,9
68992,69001,69002,1,9
68992,69001,69002,1,9
68992,69001,69003,2,9
68992,69001,69003,2,9
68992,69001,69003,2,9
68992,69001,69003,2,9
68992,69001,69003,2,9
68992,69002,69003,1,10
68992,69002,69003,1,10
68992,69002,69003,1,10
68992,69002,69004,2,10
68992,69002,69003,1,10
68992,69002,69003,1,10
68992,69002,69004,2,10
68992,69002,69004,2,10
68992,69001,69003,2,9
68992,69003,69005,2,11
68992,69003,69005,2,11
68992,69003,69004,1,11
68992,69004,69005,1,12
68992,69003,69004,1,11
68992,69003,69004,1,11
68992,69003,69004,1,11
68992,69003,69004,1,11
68992,69003,69004,1,11
68992,69004,69005,1,12
68992,69004,69005,1,12
68992,69004,69006,2,12
68992,69004,69005,1,12
68992,69004,69005,1,12
68992,69005,69006,1,13
68992,69005,69006,1,13
68992,69004,69006,2,12
68992,69004,69005,1,12
68992,69004,69005,1,12
68992,69003,69005,2,11
68992,69005,69006,1,13
68992,69005,69006,1,13
68992,69005,69006,1,13
68992,69005,69006,1,13
68992,69005,69007,2,13
68992,69006,69007,1,14
68992,69006,69007,1,14
68992,69005,69006,1,13
68992,69006,69007,1,14
68992,69005,69006,1,13
68992,69005,69006,1,13
68992,69006,69007,1,14
68992,69005,69007,2,13
68992,69005,69007,2,13
68992,69006,69007,1,14
68992,69006,69007,1,14
68992,69006,69007,1,14
68992,69007,69008,1,15
68992,69007,69008,1,15
68992,69006,69007,1,14
68992,69006,69007,1,14
68992,69006,69007,1,14
68992,69006,69007,1,14
68992,69007,69008,1,15
68992,69007,69008,1,15
68992,69007,69008,1,15
68992,69007,69008,1,15
68992,69007,69008,1,15
68992,69007,69008,1,15
68992,69007,69008,1,15
68992,69007,69008,1,15
68992,69007,69008,1,15
68992,69008,69009,1,16
68992,69007,69008,1,15
68992,69007,69008,1,15
68992,69008,69009,1,16
68992,69008,69009,1,16
68992,69008,69009,1,16
68992,69008,69009,1,16
68992,69008,69009,1,16
68992,69008,69009,1,16
68992,69008,69009,1,16
68992,69008,69009,1,16
68992,69008,69009,1,16
68992,69008,69009,1,16
68992,69008,69009,1,16
68992,69008,69009,1,16
69000,69009,69010,1,9
69000,69009,69010,1,9
68992,69008,69009,1,16
69000,69009,69010,1,9
69000,69009,69010,1,9
69000,69009,69010,1,9
69000,69009,69010,1,9
69000,69009,69010,1,9
69000,69009,69010,1,9
68992,69008,69010,2,16
68992,69008,69010,2,16
69000,69009,69010,1,9
69000,69009,69010,1,9
69000,69009,69010,1,9
69000,69009,69010,1,9
69000,69010,69011,1,10
69000,69010,69011,1,10
69000,69010,69012,2,10
69000,69010,69012,2,10
69000,69010,69012,2,10
69000,69010,69012,2,10
69000,69010,69012,2,10
69000,69010,69012,2,10
69000,69010,69012,2,10
69000,69010,69012,2,10
69000,69010,69012,2,10
69000,69010,69012,2,10
69000,69011,69012,1,11
69000,69011,69012,1,11
69000,69011,69012,1,11
69000,69011,69012,1,11
69000,69011,69012,1,11
69000,69012,69013,1,12
69000,69010,69012,2,10
69000,69010,69012,2,10
69000,69010,69012,2,10
69000,69012,69013,1,12
69000,69012,69013,1,12
69000,69012,69013,1,12
69000,69013,69014,1,13
69000,69013,69014,1,13
69000,69012,69013,1,12
69000,69013,69014,1,13
69000,69012,69014,2,12
69000,69013,69014,1,13
69000,69012,69013,1,12
69000,69012,69014,2,12
69000,69012,69013,1,12
69000,69012,69014,2,12
69000,69012,69014,2,12
69000,69012,69014,2,12
69000,69013,69014,1,13
69000,69013,69014,1,13
69000,69013,69014,1,13
69000,69013,69014,1,13
69000,69013,69014,1,13
69000,69013,69014,1,13
69000,69014,69015,1,14
69000,69013,69014,1,13
69000,69014,69015,1,14
69000,69013,69014,1,13
69000,69014,69015,1,14
69000,69014,69015,1,14
69000,69014,69015,1,14
69000,69015,69016,1,15
69000,69015,69016,1,15
69000,69015,69016,1,15
69000,69015,69016,1,15
69000,69015,69016,1,15
69000,69014,69015,1,14
69000,69015,69016,1,15
69000,69015,69016,1,15
69000,69015,69016,1,15
69000,69015,69016,1,15
69000,69016,69017,1,16
69000,69016,69017,1,16
69000,69016,69017,1,16
69000,69016,69017,1,16
69000,69016,69017,1,16
69000,69016,69017,1,16
69000,69016,69017,1,16
69000,69016,69017,1,16
68292,68302,69037,735,10
69048,69048,69049,1,0
69048,69048,69049,1,0
69048,69048,69049,1,0
69048,69048,69049,1,0
69048,69048,69049,1,0
69048,69048,69049,1,0
69048,69048,69049,1,0
69048,69048,69050,2,0
69048,69048,69049,1,0
69048,69049,69050,1,1
69048,69049,69051,2,1
69048,69049,69051,2,1
69048,69049,69051,2,1
69048,69049,69051,2,1
69048,69049,69051,2,1
69048,69049,69051,2,1
69048,69049,69051,2,1
69048,69049,69051,2,1
69048,69049,69051,2,1
69048,69049,69051,2,1
69048,69049,69050,1,1
69048,69049,69051,2,1
69048,69049,69051,2,1
69048,69051,69052,1,3
69048,69051,69052,1,3
69048,69050,69051,1,2
69048,69050,69051,1,2
69048,69051,69052,1,3
69048,69051,69052,1,3
69048,69052,69053,1,4
69048,69051,69052,1,3
69048,69051,69052,1,3
69048,69052,69053,1,4
69048,69051,69052,1,3
69048,69051,69052,1,3
69048,69051,69052,1,3
69048,69051,69052,1,3
69048,69051,69052,1,3
69048,69051,69052,1,3
69048,69051,69052,1,3
69048,69051,69052,1,3
69048,69052,69053,1,4
69048,69052,69053,1,4
69048,69052,69053,1,4
69048,69052,69053,1,4
69048,69053,69054,1,5
69048,69053,69054,1,5
69048,69053,69054,1,5
69048,69053,69054,1,5
69048,69053,69054,1,5
69048,69053,69054,1,5
69048,69053,69054,1,5
69048,69053,69054,1,5
69048,69053,69054,1,5
69048,69053,69054,1,5
69048,69053,69054,1,5
69048,69053,69054,1,5
69048,69053,69054,1,5
69048,69053,69054,1,5
69048,69053,69054,1,5
69048,69053,69054,1,5
69048,69054,69055,1,6
69048,69054,69055,1,6
69048,69054,69055,1,6
69048,69054,69055,1,6
69048,69054,69055,1,6
69048,69054,69055,1,6
69048,69054,69055,1,6
69048,69054,69055,1,6
69048,69054,69055,1,6
69048,69054,69055,1,6
69048,69054,69055,1,6
69048,69054,69055,1,6
69048,69054,69055,1,6
69048,69054,69055,1,6
69048,69054,69055,1,6
69048,69054,69055,1,6
69048,69055,69056,1,7
69048,69055,69056,1,7
69048,69055,69056,1,7
69048,69055,69056,1,7
69048,69055,69056,1,7
69048,69055,69056,1,7
69048,69055,69056,1,7
69048,69055,69056,1,7
69048,69055,69056,1,7
69048,69055,69056,1,7
69048,69055,69056,1,7
69048,69055,69056,1,7
69048,69055,69056,1,7
69048,69048,69063,15,0
68402,68409,69122,713,7
69123,69123,69124,1,0
69123,69123,69124,1,0
69123,69123,69124,1,0
69123,69123,69124,1,0
69123,69123,69124,1,0
69123,69123,69124,1,0
69123,69123,69124,1,0
69123,69123,69124,1,0
69123,69123,69124,1,0
69123,69123,69124,1,0
69123,69123,69124,1,0
69123,69123,69124,1,0
69123,69123,69125,2,0
69123,69123,69125,2,0
69123,69123,69125,2,0
69123,69124,69126,2,1
69123,69123,69126,3,0
69123,69124,69126,2,1
69123,69124,69126,2,1
69123,69124,69126,2,1
69123,69124,69126,2,1
69123,69124,69126,2,1
69123,69124,69126,2,1
69123,69124,69126,2,1
69123,69124,69126,2,1
69123,69125,69127,2,2
69123,69125,69127,2,2
69123,69125,69127,2,2
69123,69126,69127,1,3
69123,69126,69127,1,3
69123,69126,69128,2,3
69123,69127,69128,1,4
69123,69127,69128,1,4
69123,69127,69128,1,4
69123,69127,69128,1,4
69123,69127,69128,1,4
69123,69127,69128,1,4
69123,69127,69128,1,4
69123,69127,69128,1,4
69123,69128,69129,1,5
69123,69128,69129,1,5
69123,69126,69128,2,3
69123,69129,69130,1,6
69123,69129,69130,1,6
69123,69128,69129,1,5
69123,69128,69129,1,5
69123,69128,69129,1,5
69123,69128,69129,1,5
69123,69129,69130,1,6
69123,69129,69130,1,6
69123,69129,69130,1,6
69123,69129,69130,1,6
69123,69127,69130,3,4
69123,69129,69130,1,6
69123,69130,69131,1,7
69123,69130,69131,1,7
69123,69130,69131,1,7
69123,69130,69131,1,7
69123,69131,69132,1,8
69123,69131,69132,1,8
69123,69131,69132,1,8
69123,69131,69132,1,8
69123,69131,69132,1,8
69123,69131,69132,1,8
69123,69131,69132,1,8
69123,69132,69133,1,9
69123,69132,69133,1,9
69123,69132,69133,1,9
69123,69132,69133,1,9
69123,69132,69133,1,9
69123,69132,69133,1,9
69123,69132,69133,1,9
69123,69132,69133,1,9
69123,69124,69134,10,1
68637,68645,69143,498,8
69151,69151,69152,1,0
69151,69151,69152,1,0
69151,69151,69152,1,0
69151,69151,69152,1,0
69151,69151,69152,1,0
69151,69151,69152,1,0
69151,69151,69153,2,0
69151,69151,69152,1,0
69151,69151,69152,1,0
69151,69151,69152,1,0
69151,69151,69152,1,0
69151,69152,69153,1,1
69151,69152,69153,1,1
69151,69152,69153,1,1
69151,69152,69153,1,1
69151,69152,69153,1,1
69151,69152,69154,2,1
69151,69152,69153,1,1
69151,69152,69153,1,1
69151,69152,69153,1,1
69151,69152,69153,1,1
69151,69152,69153,1,1
69151,69152,69153,1,1
69151,69154,69155,1,3
69151,69153,69154,1,2
69151,69154,69155,1,3
69151,69154,69155,1,3
69151,69154,69155,1,3
69151,69153,69154,1,2
69151,69153,69154,1,2
69151,69153,69154,1,2
69151,69154,69155,1,3
69151,69154,69155,1,3
69151,69155,69156,1,4
69151,69154,69155,1,3
69151,69154,69155,1,3
69151,69154,69156,2,3
69151,69154,69155,1,3
69151,69154,69155,1,3
69151,69153,69156,3,2
69151,69155,69156,1,4
69151,69154,69155,1,3
69151,69155,69157,2,4
69151,69155,69156,1,4
69151,69155,69156,1,4
69151,69156,69157,1,5
69151,69155,69156,1,4
69151,69155,69156,1,4
69151,69155,69157,2,4
69151,69155,69156,1,4
69151,69156,69157,1,5
69151,69155,69156,1,4
69151,69156,69157,1,5
69151,69156,69157,1,5
69151,69156,69158,2,5
69151,69156,69157,1,5
69151,69157,69158,1,6
69151,69157,69158,1,6
69151,69157,69158,1,6
69151,69156,69157,1,5
69151,69156,69157,1,5
69151,69157,69158,1,6
69151,69157,69158,1,6
69151,69157,69158,1,6
69151,69157,69158,1,6
69151,69157,69158,1,6
69151,69156,69158,2,5
69151,69157,69158,1,6
69151,69158,69159,1,7
69151,69158,69159,1,7
69151,69158,69159,1,7
69151,69158,69159,1,7
69151,69158,69159,1,7
69151,69158,69159,1,7
69151,69158,69159,1,7
69151,69158,69159,1,7
69151,69158,69159,1,7
69151,69159,69160,1,8
69151,69159,69160,1,8
69151,69159,69160,1,8
69151,69159,69160,1,8
69151,69159,69160,1,8
69151,69159,69160,1,8
69151,69159,69160,1,8
69151,69159,69160,1,8
69151,69159,69162,3,8
68708,68716,69206,490,8
69209,69209,69210,1,0
69209,69209,69210,1,0
69209,69209,69210,1,0
69209,69209,69210,1,0
69209,69209,69210,1,0
69209,69209,69210,1,0
69209,69209,69210,1,0
69209,69209,69210,1,0
69209,69209,69210,1,0
69209,69209,69210,1,0
69209,69209,69210,1,0
69209,69209,69210,1,0
69209,69210,69211,1,1
69209,69210,69211,1,1
69209,69210,69211,1,1
69209,69209,69210,1,0
69209,69209,69211,2,0
69209,69210,69212,2,1
69209,69210,69212,2,1
69209,69211,69212,1,2
69209,69211,69212,1,2
69209,69210,69211,1,1
69209,69210,69211,1,1
69209,69210,69212,2,1
69209,69210,69212,2,1
69209,69210,69212,2,1
69209,69210,69212,2,1
69209,69210,69212,2,1
69209,69210,69212,2,1
69209,69209,69213,4,0
69209,69212,69213,1,3
69209,69212,69213,1,3
69209,69211,69212,1,2
69209,69211,69213,2,2
69209,69211,69213,2,2
69209,69212,69214,2,3
69209,69212,69214,2,3
69209,69212,69214,2,3
69209,69212,69213,1,3
69209,69212,69213,1,3
69209,69212,69214,2,3
69209,69212,69214,2,3
69209,69212,69214,2,3
69209,69212,69214,2,3
69209,69213,69214,1,4
69209,69213,69214,1,4
69209,69213,69214,1,4
69209,69213,69214,1,4
69209,69213,69215,2,4
69209,69213,69215,2,4
69209,69214,69216,2,5
69209,69214,69216,2,5
69209,69214,69216,2,5
69209,69214,69216,2,5
69209,69215,69216,1,6
69209,69215,69216,1,6
69209,69214,69216,2,5
69209,69214,69216,2,5
69209,69215,69216,1,6
69209,69214,69216,2,5
69209,69215,69216,1,6
69209,69215,69216,1,6
69209,69215,69216,1,6
69209,69214,69216,2,5
69209,69215,69216,1,6
69209,69215,69216,1,6
69209,69216,69217,1,7
69209,69216,69218,2,7
69209,69216,69217,1,7
69209,69216,69217,1,7
69209,69216,69217,1,7
69209,69216,69217,1,7
69209,69217,69218,1,8
69209,69217,69218,1,8
69209,69217,69218,1,8
69209,69218,69219,1,9
69209,69218,69219,1,9
69209,69218,69219,1,9
69209,69218,69219,1,9
69209,69218,69219,1,9
69209,69218,69219,1,9
69209,69218,69219,1,9
68773,68780,69278,498,7
69278,69278,69279,1,0
69278,69278,69279,1,0
69278,69278,69279,1,0
69278,69278,69279,1,0
69278,69278,69279,1,0
69278,69278,69279,1,0
69278,69278,69279,1,0
69278,69278,69279,1,0
69278,69278,69279,1,0
69278,69278,69279,1,0
69278,69278,69279,1,0
69278,69278,69279,1,0
69278,69279,69280,1,1
69278,69278,69280,2,0
69278,69278,69280,2,0
69278,69278,69280,2,0
69278,69278,69280,2,0
69278,69279,69281,2,1
69278,69279,69281,2,1
69278,69279,69281,2,1
69278,69280,69281,1,2
69278,69280,69281,1,2
69278,69280,69281,1,2
69278,69280,69281,1,2
69278,69280,69281,1,2
69278,69280,69281,1,2
69278,69280,69281,1,2
69278,69280,69281,1,2
69278,69280,69282,2,2
69278,69281,69282,1,3
69278,69281,69282,1,3
69278,69281,69282,1,3
69278,69282,69283,1,4
69278,69282,69283,1,4
69278,69281,69283,2,3
69278,69281,69282,1,3
69278,69282,69283,1,4
69278,69282,69283,1,4
69278,69282,69283,1,4
69278,69282,69283,1,4
69278,69282,69283,1,4
69278,69282,69283,1,4
69278,69282,69283,1,4
69278,69282,69283,1,4
69278,69282,69283,1,4
69278,69283,69284,1,5
69278,69283,69284,1,5
69278,69283,69284,1,5
69278,69283,69284,1,5
69278,69284,69285,1,6
69278,69284,69285,1,6
69278,69283,69284,1,5
69278,69284,69285,1,6
69278,69283,69284,1,5
69278,69284,69285,1,6
69278,69284,69285,1,6
69278,69285,69286,1,7
69278,69285,69286,1,7
69278,69285,69286,1,7
69278,69284,69285,1,6
69278,69283,69285,2,5
69278,69284,69285,1,6
69278,69285,69286,1,7
69278,69285,69286,1,7
69278,69285,69286,1,7
69278,69285,69287,2,7
69278,69285,69286,1,7
69278,69285,69286,1,7
69278,69286,69287,1,8
69278,69286,69287,1,8
69278,69285,69286,1,7
69278,69286,69287,1,8
69278,69286,69287,1,8
69278,69286,69287,1,8
69278,69286,69287,1,8
69278,69286,69287,1,8
69278,69286,69287,1,8
69278,69287,69288,1,9
69278,69287,69288,1,9
69278,69287,69288,1,9
69278,69285,69288,3,7
69278,69285,69287,2,7
69278,69287,69288,1,9
69278,69287,69288,1,9
68624,68632,69330,698,8
69330,69331,69332,1,1
69330,69331,69332,1,1
69330,69331,69332,1,1
69330,69331,69332,1,1
69330,69331,69332,1,1
69330,69331,69332,1,1
69330,69331,69332,1,1
69330,69332,69333,1,2
69330,69331,69333,2,1
69330,69332,69333,1,2
69330,69332,69333,1,2
69330,69332,69333,1,2
69330,69332,69333,1,2
69330,69332,69333,1,2
69330,69332,69333,1,2
69330,69332,69333,1,2
69330,69332,69333,1,2
69330,69332,69333,1,2
69330,69333,69334,1,3
69330,69334,69335,1,4
69330,69333,69334,1,3
69330,69334,69335,1,4
69330,69334,69335,1,4
69330,69333,69334,1,3
69330,69333,69334,1,3
69330,69334,69335,1,4
69330,69334,69335,1,4
69330,69334,69335,1,4
69330,69334,69335,1,4
69330,69335,69336,1,5
69330,69334,69336,2,4
69330,69333,69335,2,3
69330,69334,69335,1,4
69330,69334,69335,1,4
69330,69335,69336,1,5
69330,69335,69336,1,5
69330,69333,69335,2,3
69330,69335,69336,1,5
69330,69335,69336,1,5
69330,69335,69336,1,5
68837,68844,69336,492,7
69330,69336,69337,1,6
69330,69336,69337,1,6
69330,69335,69336,1,5
69330,69335,69336,1,5
69330,69336,69337,1,6
69330,69336,69337,1,6
69330,69336,69337,1,6
69330,69336,69337,1,6
69330,69336,69337,1,6
69330,69336,69337,1,6
69330,69337,69338,1,7
69330,69335,69337,2,5
69330,69336,69337,1,6
69330,69336,69337,1,6
69330,69336,69337,1,6
69330,69337,69338,1,7
69330,69337,69338,1,7
69330,69337,69338,1,7
69330,69337,69338,1,7
69330,69337,69338,1,7
69330,69337,69338,1,7
69330,69337,69338,1,7
69330,69337,69338,1,7
69330,69338,69339,1,8
69330,69338,69339,1,8
69330,69338,69339,1,8
69330,69338,69339,1,8
69330,69338,69339,1,8
69330,69337,69339,2,7
69330,69337,69339,2,7
69330,69338,69339,1,8
69330,69338,69339,1,8
69330,69338,69339,1,8
69330,69338,69339,1,8
69330,69338,69339,1,8
69330,69338,69339,1,8
69330,69338,69339,1,8
69338,69339,69340,1,1
69338,69339,69340,1,1
69338,69339,69340,1,1
69338,69339,69340,1,1
69338,69339,69340,1,1
69338,69339,69340,1,1
69338,69339,69340,1,1
69338,69339,69340,1,1
69338,69339,69340,1,1
69338,69340,69341,1,2
69338,69340,69341,1,2
69338,69340,69341,1,2
69338,69340,69342,2,2
69338,69340,69342,2,2
69338,69340,69342,2,2
69338,69340,69341,1,2
69338,69340,69342,2,2
69338,69340,69342,2,2
69338,69340,69342,2,2
69338,69340,69342,2,2
69338,69341,69342,1,3
69338,69341,69342,1,3
69338,69341,69343,2,3
69338,69340,69342,2,2
69338,69341,69343,2,3
69338,69342,69344,2,4
69338,69342,69343,1,4
69338,69342,69343,1,4
69338,69341,69343,2,3
69338,69342,69344,2,4
69338,69342,69344,2,4
69338,69342,69344,2,4
69338,69342,69344,2,4
69338,69342,69344,2,4
69338,69342,69344,2,4
69338,69343,69344,1,5
69338,69343,69344,1,5
69338,69343,69344,1,5
69338,69343,69345,2,5
69338,69344,69345,1,6
69338,69344,69345,1,6
69338,69343,69345,2,5
69338,69342,69344,2,4
69338,69344,69345,1,6
69338,69344,69345,1,6
69338,69344,69345,1,6
69338,69342,69345,3,4
69338,69344,69345,1,6
69338,69345,69346,1,7
69338,69344,69346,2,6
69338,69344,69346,2,6
69338,69345,69346,1,7
69338,69345,69346,1,7
69338,69345,69346,1,7
69338,69345,69347,2,7
69338,69345,69346,1,7
69338,69345,69346,1,7
69338,69345,69346,1,7
69338,69345,69346,1,7
69338,69346,69347,1,8
69338,69345,69346,1,7
69338,69345,69347,2,7
69338,69345,69346,1,7
69338,69345,69346,1,7
69338,69346,69347,1,8
69338,69346,69347,1,8
69338,69347,69348,1,9
69338,69346,69347,1,8
69338,69347,69348,1,9
69338,69347,69348,1,9
69338,69347,69348,1,9
69338,69347,69348,1,9
69338,69346,69348,2,8
69338,69347,69348,1,9
69338,69347,69348,1,9
69338,69347,69348,1,9
69338,69347,69348,1,9
69338,69346,69347,1,8
69338,69347,69348,1,9
69338,69347,69348,1,9
69338,69347,69348,1,9
69338,69347,69348,1,9
69338,69348,69349,1,10
69338,69348,69349,1,10
69338,69348,69349,1,10
69338,69348,69349,1,10
69338,69348,69349,1,10
69338,69348,69349,1,10
69338,69348,69349,1,10
69338,69348,69349,1,10
69338,69348,69349,1,10
69338,69349,69350,1,11
68894,68908,69400,492,14
69401,69401,69402,1,0
69401,69401,69402,1,0
69401,69401,69402,1,0
69401,69401,69402,1,0
69401,69401,69402,1,0
69401,69401,69402,1,0
69401,69401,69402,1,0
69401,69401,69402,1,0
69401,69401,69402,1,0
69401,69401,69402,1,0
69401,69401,69402,1,0
69401,69401,69402,1,0
69401,69401,69402,1,0
69401,69401,69402,1,0
69401,69402,69403,1,1
69401,69401,69402,1,0
69401,69401,69403,2,0
69401,69402,69403,1,1
69401,69402,69403,1,1
69401,69401,69403,2,0
69401,69402,69403,1,1
69401,69402,69403,1,1
69401,69402,69403,1,1
69401,69402,69404,2,1
69401,69402,69404,2,1
69401,69403,69404,1,2
69401,69403,69404,1,2
69401,69402,69404,2,1
69401,69402,69404,2,1
69401,69402,69404,2,1
69401,69402,69404,2,1
69401,69402,69404,2,1
69401,69403,69404,1,2
69401,69403,69405,2,2
69401,69403,69405,2,2
69401,69403,69405,2,2
69401,69403,69405,2,2
69401,69404,69405,1,3
69401,69404,69405,1,3
69401,69404,69405,1,3
69401,69404,69405,1,3
69401,69404,69405,1,3
69401,69404,69405,1,3
69401,69404,69405,1,3
69401,69405,69406,1,4
69401,69404,69405,1,3
69401,69404,69406,2,3
69401,69405,69406,1,4
69401,69405,69406,1,4
69401,69405,69406,1,4
69401,69405,69406,1,4
69401,69405,69406,1,4
69401,69406,69407,1,5
69401,69405,69407,2,4
69401,69406,69407,1,5
69401,69405,69406,1,4
69401,69405,69406,1,4
69401,69406,69407,1,5
69401,69407,69408,1,6
69401,69406,69408,2,5
69401,69407,69408,1,6
69401,69407,69408,1,6
69401,69407,69408,1,6
69401,69407,69408,1,6
69401,69407,69408,1,6
69401,69407,69408,1,6
69401,69407,69408,1,6
69401,69407,69408,1,6
69401,69407,69408,1,6
69401,69407,69408,1,6
69401,69407,69408,1,6
69401,69408,69409,1,7
69401,69407,69409,2,6
69401,69408,69409,1,7
69401,69407,69409,2,6
69401,69407,69409,2,6
69401,69409,69410,1,8
69401,69409,69410,1,8
69401,69409,69410,1,8
69401,69409,69410,1,8
69401,69409,69410,1,8
69401,69409,69410,1,8
69401,69409,69410,1,8
69401,69409,69410,1,8
69401,69409,69410,1,8
69401,69409,69411,2,8
69401,69410,69411,1,9
68927,68934,69416,482,7
69429,69429,69430,1,0
69429,69429,69430,1,0
69429,69429,69430,1,0
69429,69429,69430,1,0
69429,69429,69430,1,0
69429,69429,69430,1,0
69429,69429,69430,1,0
69429,69429,69430,1,0
69429,69429,69430,1,0
69429,69429,69430,1,0
69429,69429,69430,1,0
69429,69429,69430,1,0
69429,69429,69430,1,0
69429,69429,69430,1,0
69429,69429,69430,1,0
69429,69430,69432,2,1
69429,69430,69432,2,1
69429,69430,69432,2,1
69429,69430,69432,2,1
69429,69430,69432,2,1
69429,69430,69432,2,1
69429,69430,69432,2,1
69429,69430,69432,2,1
69429,69430,69432,2,1
69429,69430,69432,2,1
69429,69430,69432,2,1
69429,69430,69432,2,1
69429,69430,69432,2,1
69429,69430,69432,2,1
69429,69430,69432,2,1
69429,69432,69433,1,3
69429,69432,69433,1,3
69429,69432,69434,2,3
69429,69432,69434,2,3
69429,69432,69434,2,3
69429,69432,69434,2,3
69429,69432,69434,2,3
69429,69432,69434,2,3
69429,69432,69434,2,3
69429,69432,69434,2,3
69429,69433,69435,2,4
69429,69434,69435,1,5
69429,69432,69435,3,3
69429,69433,69435,2,4
69429,69433,69435,2,4
69429,69433,69435,2,4
69429,69435,69436,1,6
69429,69435,69436,1,6
69429,69435,69436,1,6
69429,69435,69437,2,6
69429,69435,69437,2,6
69429,69435,69436,1,6
69429,69435,69436,1,6
69429,69436,69437,1,7
69429,69435,69436,1,6
69429,69435,69436,1,6
69429,69436,69437,1,7
69429,69437,69438,1,8
69429,69437,69438,1,8
69429,69436,69437,1,7
69429,69437,69438,1,8
69429,69436,69437,1,7
69429,69436,69437,1,7
69429,69436,69437,1,7
69429,69437,69438,1,8
69429,69437,69438,1,8
69429,69437,69438,1,8
69429,69437,69438,1,8
69429,69438,69439,1,9
69429,69438,69439,1,9
69429,69438,69439,1,9
69429,69438,69439,1,9
69429,69438,69439,1,9
69429,69439,69440,1,10
69429,69439,69440,1,10
69429,69438,69439,1,9
69429,69439,69440,1,10
69429,69438,69439,1,9
69429,69439,69440,1,10
69429,69439,69440,1,10
69429,69439,69440,1,10
69429,69429,69440,11,0
68953,68960,69446,486,7
69429,69436,69447,11,7
69447,69447,69448,1,0
69447,69447,69448,1,0
69447,69447,69448,1,0
69447,69447,69448,1,0
69447,69447,69448,1,0
69447,69447,69448,1,0
69447,69447,69448,1,0
69447,69447,69448,1,0
69447,69447,69448,1,0
69447,69447,69448,1,0
69447,69447,69448,1,0
69447,69447,69448,1,0
69447,69447,69448,1,0
69447,69447,69448,1,0
69447,69447,69448,1,0
69447,69448,69450,2,1
69447,69448,69450,2,1
69447,69448,69450,2,1
69447,69448,69450,2,1
69447,69448,69450,2,1
69447,69448,69450,2,1
69447,69448,69450,2,1
69447,69449,69450,1,2
69447,69448,69450,2,1
69447,69448,69450,2,1
69447,69448,69450,2,1
69447,69448,69450,2,1
69447,69447,69451,4,0
69447,69448,69451,3,1
69447,69448,69451,3,1
69447,69449,69451,2,2
69447,69450,69452,2,3
69447,69450,69452,2,3
69447,69450,69452,2,3
69447,69451,69452,1,4
69447,69451,69452,1,4
69447,69451,69452,1,4
69447,69451,69453,2,4
69447,69451,69453,2,4
69447,69451,69453,2,4
69447,69451,69453,2,4
69447,69451,69453,2,4
69447,69451,69453,2,4
69447,69448,69453,5,1
69447,69452,69454,2,5
69447,69452,69454,2,5
69447,69452,69454,2,5
69447,69452,69454,2,5
69447,69453,69454,1,6
69447,69453,69454,1,6
69447,69453,69454,1,6
69447,69453,69454,1,6
69447,69452,69454,2,5
69447,69454,69455,1,7
69447,69454,69455,1,7
69447,69454,69455,1,7
69447,69454,69456,2,7
69447,69454,69456,2,7
69447,69455,69456,1,8
69447,69455,69456,1,8
69447,69455,69456,1,8
69447,69455,69456,1,8
69447,69454,69456,2,7
69447,69456,69457,1,9
69447,69454,69456,2,7
69447,69456,69457,1,9
69447,69457,69458,1,10
69447,69457,69458,1,10
69447,69457,69458,1,10
69447,69457,69458,1,10
69447,69457,69458,1,10
69447,69457,69458,1,10
69447,69458,69459,1,11
69447,69458,69459,1,11
69447,69458,69459,1,11
69447,69458,69459,1,11
69447,69455,69459,4,8
69447,69451,69466,15,4
68745,68752,69482,730,7
69485,69485,69486,1,0
69485,69485,69486,1,0
69485,69485,69486,1,0
69485,69485,69486,1,0
68993,69009,69486,477,16
69485,69485,69486,1,0
69485,69485,69486,1,0
69485,69485,69486,1,0
69485,69485,69486,1,0
69485,69485,69486,1,0
69485,69485,69486,1,0
69485,69485,69486,1,0
69485,69485,69486,1,0
69485,69485,69486,1,0
69485,69485,69486,1,0
69485,69485,69486,1,0
69485,69485,69487,2,0
69485,69486,69487,1,1
69485,69486,69487,1,1
69485,69486,69487,1,1
69485,69486,69487,1,1
69485,69485,69486,1,0
69485,69487,69488,1,2
69485,69486,69487,1,1
69485,69487,69488,1,2
69485,69487,69488,1,2
69485,69487,69488,1,2
69485,69487,69488,1,2
69485,69486,69487,1,1
69485,69486,69487,1,1
69485,69486,69487,1,1
69485,69486,69487,1,1
69485,69487,69488,1,2
69485,69486,69488,2,1
69485,69486,69488,2,1
69485,69486,69488,2,1
69485,69486,69488,2,1
69485,69487,69489,2,2
69485,69487,69489,2,2
69485,69487,69489,2,2
69485,69488,69490,2,3
69485,69488,69490,2,3
69485,69488,69489,1,3
69485,69488,69490,2,3
69485,69488,69490,2,3
69485,69488,69490,2,3
69485,69489,69490,1,4
69485,69489,69490,1,4
69485,69489,69490,1,4
69485,69489,69490,1,4
69485,69489,69490,1,4
69485,69489,69490,1,4
69485,69489,69490,1,4
69485,69489,69490,1,4
69485,69489,69490,1,4
69485,69489,69491,2,4
69485,69490,69491,1,5
69485,69491,69492,1,6
69485,69491,69492,1,6
69485,69490,69491,1,5
69485,69490,69491,1,5
69485,69491,69492,1,6
69485,69491,69492,1,6
69485,69491,69492,1,6
69485,69491,69492,1,6
69485,69491,69492,1,6
69485,69491,69492,1,6
69485,69491,69492,1,6
69485,69491,69492,1,6
69485,69491,69492,1,6
69485,69492,69493,1,7
69485,69492,69493,1,7
69485,69491,69493,2,6
69485,69491,69492,1,6
69485,69493,69494,1,8
69485,69493,69494,1,8
69487,69493,69494,1,6
69487,69493,69494,1,6
69485,69493,69494,1,8
69487,69494,69495,1,7
69487,69494,69495,1,7
69487,69494,69495,1,7
69487,69493,69495,2,6
69487,69494,69495,1,7
69487,69494,69496,2,7
69487,69494,69496,2,7
69487,69495,69497,2,8
69487,69495,69496,1,8
69487,69495,69496,1,8
69487,69495,69496,1,8
69487,69495,69496,1,8
69487,69495,69496,1,8
69487,69495,69497,2,8
69487,69495,69496,1,8
69487,69495,69496,1,8
69487,69494,69496,2,7
69487,69496,69497,1,9
69487,69495,69497,2,8
69487,69495,69497,2,8
69487,69495,69497,2,8
69487,69496,69498,2,9
69487,69497,69498,1,10
69487,69497,69499,2,10
69487,69497,69499,2,10
69487,69497,69499,2,10
69487,69497,69499,2,10
69487,69497,69499,2,10
69487,69497,69499,2,10
69487,69496,69499,3,9
69487,69497,69500,3,10
69487,69497,69500,3,10
69487,69497,69500,3,10
69487,69497,69499,2,10
69487,69498,69500,2,11
69487,69498,69501,3,11
69487,69499,69500,1,12
69487,69498,69500,2,11
69487,69499,69501,2,12
69487,69499,69501,2,12
69487,69499,69501,2,12
69487,69498,69501,3,11
69487,69498,69500,2,11
69487,69499,69500,1,12
69487,69499,69500,1,12
69487,69499,69500,1,12
69487,69499,69501,2,12
69487,69501,69502,1,14
69487,69501,69502,1,14
69487,69501,69502,1,14
69487,69501,69502,1,14
69487,69501,69502,1,14
69487,69501,69502,1,14
69487,69500,69502,2,13
69487,69500,69502,2,13
69487,69500,69502,2,13
69487,69501,69502,1,14
69487,69501,69502,1,14
69487,69501,69502,1,14
69487,69502,69503,1,15
69487,69502,69503,1,15
69487,69502,69503,1,15
69487,69501,69502,1,14
69487,69501,69502,1,14
69487,69502,69503,1,15
69487,69502,69503,1,15
69487,69502,69503,1,15
69487,69500,69502,2,13
69487,69500,69502,2,13
69487,69502,69503,1,15
69487,69503,69504,1,16
69487,69503,69504,1,16
69487,69503,69504,1,16
69487,69503,69504,1,16
69487,69503,69504,1,16
69487,69503,69504,1,16
69487,69503,69504,1,16
69487,69503,69504,1,16
69487,69503,69504,1,16
69487,69503,69504,1,16
69487,69503,69504,1,16
69487,69503,69504,1,16
69487,69503,69504,1,16
68805,68813,69525,712,8
69533,69533,69534,1,0
69533,69533,69534,1,0
69533,69533,69534,1,0
69533,69533,69534,1,0
69533,69533,69534,1,0
69533,69533,69534,1,0
69533,69533,69534,1,0
69533,69533,69534,1,0
69533,69533,69534,1,0
69533,69533,69534,1,0
69533,69533,69534,1,0
69533,69535,69536,1,2
69533,69533,69535,2,0
69533,69533,69535,2,0
69533,69533,69535,2,0
69533,69533,69536,3,0
69533,69535,69536,1,2
69533,69535,69536,1,2
69533,69535,69536,1,2
69533,69536,69537,1,3
69533,69535,69536,1,2
69533,69535,69536,1,2
69533,69535,69536,1,2
69533,69535,69536,1,2
69533,69535,69536,1,2
69533,69535,69536,1,2
69533,69535,69537,2,2
69533,69537,69538,1,4
69533,69537,69538,1,4
69533,69536,69537,1,3
69533,69537,69538,1,4
69533,69537,69538,1,4
69533,69536,69537,1,3
69533,69536,69537,1,3
69533,69535,69537,2,2
69533,69537,69538,1,4
69533,69537,69538,1,4
69533,69537,69538,1,4
69533,69537,69538,1,4
69533,69537,69538,1,4
69533,69537,69538,1,4
69533,69538,69539,1,5
69533,69538,69539,1,5
69533,69538,69539,1,5
69533,69538,69539,1,5
69533,69538,69539,1,5
69533,69538,69539,1,5
69533,69538,69539,1,5
69533,69538,69539,1,5
69533,69538,69539,1,5
69533,69539,69540,1,6
69533,69539,69540,1,6
69533,69539,69540,1,6
69533,69540,69541,1,7
69533,69540,69541,1,7
69533,69540,69541,1,7
69533,69540,69541,1,7
69533,69538,69541,3,5
69533,69539,69540,1,6
69533,69539,69540,1,6
69533,69540,69541,1,7
69533,69539,69540,1,6
69533,69540,69541,1,7
69533,69540,69541,1,7
69533,69540,69541,1,7
69533,69541,69542,1,8
69533,69541,69542,1,8
69533,69541,69542,1,8
69533,69541,69542,1,8
69533,69541,69542,1,8
69533,69541,69542,1,8
69533,69541,69542,1,8
69533,69541,69542,1,8
69533,69541,69542,1,8
69533,69541,69542,1,8
69533,69541,69542,1,8
69533,69541,69542,1,8
69533,69535,69542,7,2
69533,69542,69543,1,9
69533,69541,69542,1,8
69533,69542,69543,1,9
69533,69542,69543,1,9
69533,69542,69543,1,9
69533,69542,69543,1,9
69533,69542,69543,1,9
69533,69542,69543,1,9
69533,69543,69544,1,10
69533,69542,69543,1,9
68865,68872,69575,703,7
69577,69577,69578,1,0
69577,69577,69578,1,0
69577,69577,69578,1,0
69577,69578,69579,1,1
69577,69578,69579,1,1
69577,69578,69579,1,1
69577,69578,69580,2,1
69577,69578,69579,1,1
69577,69578,69579,1,1
69577,69578,69579,1,1
69577,69578,69580,2,1
69577,69578,69580,2,1
69577,69578,69579,1,1
69577,69578,69579,1,1
69577,69578,69580,2,1
69577,69579,69580,1,2
69577,69579,69580,1,2
69577,69579,69581,2,2
69577,69579,69581,2,2
69577,69579,69581,2,2
69577,69580,69582,2,3
69577,69580,69582,2,3
69577,69580,69581,1,3
69577,69580,69582,2,3
69577,69580,69581,1,3
69577,69580,69581,1,3
69577,69580,69581,1,3
69577,69580,69581,1,3
69577,69580,69581,1,3
69577,69580,69582,2,3
69577,69581,69582,1,4
69577,69581,69582,1,4
69577,69582,69583,1,5
69577,69580,69582,2,3
69577,69582,69583,1,5
69577,69582,69583,1,5
69577,69582,69584,2,5
69577,69582,69583,1,5
69577,69583,69584,1,6
69577,69582,69583,1,5
69577,69582,69583,1,5
69577,69582,69583,1,5
69577,69582,69583,1,5
69577,69582,69583,1,5
69577,69582,69583,1,5
69577,69582,69583,1,5
69577,69583,69585,2,6
69577,69583,69584,1,6
69577,69583,69584,1,6
69577,69583,69584,1,6
69577,69584,69585,1,7
69577,69577,69586,9,0
69577,69584,69585,1,7
69577,69584,69586,2,7
69577,69584,69585,1,7
69577,69584,69585,1,7
69577,69585,69586,1,8
69577,69584,69585,1,7
69577,69584,69585,1,7
69577,69584,69585,1,7
69577,69584,69585,1,7
69577,69584,69585,1,7
69577,69585,69586,1,8
69577,69584,69585,1,7
69577,69585,69586,1,8
69577,69584,69586,2,7
69577,69586,69587,1,9
69577,69586,69587,1,9
69577,69586,69587,1,9
69577,69586,69587,1,9
69577,69586,69587,1,9
69577,69585,69586,1,8
69577,69585,69587,2,8
69577,69586,69587,1,9
69577,69586,69587,1,9
69577,69586,69587,1,9
69577,69586,69587,1,9
69577,69586,69588,2,9
69577,69586,69587,1,9
69577,69587,69588,1,10
69577,69586,69587,1,9
69577,69586,69587,1,9
69577,69587,69588,1,10
69577,69587,69588,1,10
69577,69587,69588,1,10
69577,69587,69589,2,10
68872,68881,69609,728,9
69611,69611,69612,1,0
69611,69611,69612,1,0
69611,69611,69612,1,0
69611,69612,69613,1,1
69611,69612,69613,1,1
69611,69612,69613,1,1
69611,69612,69613,1,1
69611,69611,69612,1,0
69611,69611,69612,1,0
69611,69612,69613,1,1
69611,69612,69613,1,1
69611,69612,69613,1,1
69611,69612,69613,1,1
69611,69612,69613,1,1
69611,69613,69614,1,2
69611,69613,69614,1,2
69611,69613,69614,1,2
69611,69613,69614,1,2
69611,69613,69614,1,2
69611,69613,69614,1,2
69611,69613,69614,1,2
69611,69613,69614,1,2
69611,69613,69615,2,2
69611,69613,69615,2,2
69611,69613,69615,2,2
69611,69613,69614,1,2
69611,69613,69615,2,2
69611,69613,69615,2,2
69611,69613,69615,2,2
69611,69613,69615,2,2
69611,69613,69615,2,2
69611,69615,69616,1,4
69611,69615,69616,1,4
69611,69615,69616,1,4
69611,69615,69617,2,4
69611,69615,69616,1,4
69611,69615,69616,1,4
69611,69615,69616,1,4
69611,69615,69616,1,4
69611,69615,69616,1,4
69611,69615,69617,2,4
69611,69615,69616,1,4
69611,69615,69616,1,4
69611,69615,69616,1,4
69611,69615,69617,2,4
69611,69615,69616,1,4
69611,69615,69617,2,4
69611,69615,69617,2,4
69611,69616,69618,2,5
69611,69616,69617,1,5
69611,69616,69617,1,5
69611,69617,69619,2,6
69611,69617,69619,2,6
69611,69617,69618,1,6
69611,69618,69619,1,7
69611,69618,69619,1,7
69611,69617,69618,1,6
69611,69617,69618,1,6
69611,69618,69619,1,7
69611,69617,69619,2,6
69611,69617,69618,1,6
69611,69617,69618,1,6
69611,69617,69619,2,6
69611,69617,69619,2,6
69611,69617,69619,2,6
69611,69617,69618,1,6
69611,69617,69618,1,6
69611,69617,69618,1,6
69611,69619,69620,1,8
69611,69619,69620,1,8
69611,69619,69620,1,8
69611,69619,69620,1,8
69611,69619,69620,1,8
69611,69619,69620,1,8
69611,69619,69620,1,8
69611,69619,69620,1,8
69611,69619,69620,1,8
69611,69619,69620,1,8
69611,69619,69620,1,8
69611,69619,69620,1,8
69611,69619,69620,1,8
69611,69619,69620,1,8
69611,69619,69620,1,8
69611,69619,69620,1,8
69611,69619,69620,1,8
69125,69133,69649,516,8
69651,69651,69652,1,0
69651,69651,69652,1,0
69651,69651,69652,1,0
69651,69651,69652,1,0
69651,69651,69652,1,0
69651,69651,69652,1,0
69651,69652,69653,1,1
69651,69652,69653,1,1
69651,69652,69653,1,1
69651,69652,69653,1,1
69651,69653,69654,1,2
69651,69652,69653,1,1
69651,69652,69653,1,1
69651,69652,69653,1,1
69651,69652,69653,1,1
69651,69652,69653,1,1
69651,69652,69653,1,1
69651,69652,69653,1,1
69651,69653,69654,1,2
69651,69654,69655,1,3
69651,69653,69654,1,2
69651,69653,69654,1,2
69651,69655,69656,1,4
69651,69654,69655,1,3
69651,69654,69655,1,3
69651,69654,69655,1,3
69651,69654,69656,2,3
69651,69654,69656,2,3
69651,69654,69656,2,3
69651,69654,69656,2,3
69651,69654,69656,2,3
69651,69654,69656,2,3
69651,69654,69656,2,3
69651,69654,69656,2,3
69651,69655,69656,1,4
69651,69656,69657,1,5
69651,69654,69656,2,3
69651,69656,69657,1,5
69651,69656,69657,1,5
69651,69655,69656,1,4
69651,69655,69657,2,4
69651,69656,69657,1,5
69651,69656,69657,1,5
69651,69656,69657,1,5
69651,69655,69657,2,4
69651,69657,69658,1,6
69651,69656,69657,1,5
69651,69656,69658,2,5
69651,69656,69657,1,5
69651,69656,69657,1,5
69651,69657,69658,1,6
69651,69657,69658,1,6
69651,69656,69657,1,5
69651,69658,69659,1,7
69651,69658,69659,1,7
69651,69658,69659,1,7
69651,69658,69659,1,7
69651,69658,69659,1,7
69651,69657,69658,1,6
69651,69657,69658,1,6
69651,69657,69658,1,6
69651,69657,69659,2,6
69651,69657,69658,1,6
69651,69657,69658,1,6
69651,69657,69658,1,6
69651,69657,69658,1,6
69651,69658,69659,1,7
69651,69658,69659,1,7
69651,69658,69659,1,7
69651,69658,69659,1,7
69651,69659,69660,1,8
69651,69659,69660,1,8
69651,69659,69660,1,8
69651,69659,69660,1,8
69651,69659,69660,1,8
69651,69659,69660,1,8
69651,69659,69660,1,8
69651,69661,69662,1,10
68938,68953,69695,742,15
69695,69695,69696,1,0
69695,69695,69696,1,0
69695,69695,69696,1,0
69695,69695,69696,1,0
69695,69695,69696,1,0
69695,69695,69696,1,0
69695,69695,69696,1,0
69695,69695,69696,1,0
69695,69695,69696,1,0
69695,69695,69696,1,0
69695,69695,69696,1,0
69695,69695,69696,1,0
69695,69695,69696,1,0
69695,69696,69697,1,1
69695,69696,69697,1,1
69695,69696,69698,2,1
69695,69696,69698,2,1
69695,69696,69698,2,1
69695,69696,69698,2,1
69695,69696,69698,2,1
69695,69696,69698,2,1
69695,69697,69698,1,2
69695,69696,69698,2,1
69695,69696,69698,2,1
69695,69697,69698,1,2
69695,69696,69698,2,1
69695,69697,69699,2,2
69695,69697,69699,2,2
69695,69697,69699,2,2
69695,69696,69699,3,1
69695,69698,69700,2,3
69695,69698,69700,2,3
69695,69699,69700,1,4
69695,69699,69700,1,4
69695,69699,69700,1,4
69695,69699,69701,2,4
69695,69699,69701,2,4
69695,69699,69701,2,4
69695,69699,69701,2,4
69695,69699,69701,2,4
69695,69699,69701,2,4
69695,69700,69702,2,5
69695,69701,69702,1,6
69695,69701,69702,1,6
69695,69701,69702,1,6
69695,69701,69702,1,6
69695,69700,69702,2,5
69695,69700,69702,2,5
69695,69700,69702,2,5
69695,69701,69703,2,6
69210,69219,69703,484,9
69695,69703,69704,1,8
69695,69702,69704,2,7
69695,69702,69704,2,7
69695,69702,69703,1,7
69695,69703,69704,1,8
69695,69703,69704,1,8
69695,69698,69700,2,3
69695,69703,69704,1,8
69695,69703,69704,1,8
69695,69703,69704,1,8
69695,69703,69704,1,8
69695,69703,69704,1,8
69695,69702,69704,2,7
69695,69704,69705,1,9
69695,69703,69704,1,8
69695,69703,69704,1,8
69695,69704,69705,1,9
69695,69705,69706,1,10
69695,69704,69705,1,9
69695,69705,69706,1,10
69695,69705,69706,1,10
69695,69705,69706,1,10
69695,69705,69706,1,10
69695,69705,69706,1,10
69695,69705,69706,1,10
69695,69705,69706,1,10
69695,69705,69706,1,10
69695,69705,69706,1,10
69695,69706,69707,1,11
69695,69706,69707,1,11
69695,69706,69707,1,11
69695,69706,69707,1,11
69695,69706,69707,1,11
69695,69706,69707,1,11
69695,69705,69707,2,10
69705,69707,69708,1,2
69695,69706,69707,1,11
69705,69707,69708,1,2
69705,69707,69708,1,2
69705,69707,69708,1,2
69705,69707,69708,1,2
69705,69707,69708,1,2
69705,69707,69708,1,2
69705,69708,69709,1,3
69705,69707,69708,1,2
69705,69708,69709,1,3
69705,69708,69709,1,3
69695,69705,69709,4,10
69705,69708,69709,1,3
69705,69708,69709,1,3
69705,69708,69709,1,3
69705,69708,69710,2,3
69705,69708,69710,2,3
69705,69708,69710,2,3
69705,69708,69710,2,3
69705,69708,69710,2,3
69705,69708,69710,2,3
69705,69708,69710,2,3
69705,69709,69710,1,4
69705,69709,69710,1,4
69705,69709,69711,2,4
69705,69710,69712,2,5
69705,69710,69711,1,5
69705,69709,69711,2,4
69705,69710,69712,2,5
69705,69710,69711,1,5
69705,69710,69711,1,5
69705,69710,69711,1,5
69705,69710,69712,2,5
69705,69710,69712,2,5
69705,69710,69712,2,5
69705,69710,69712,2,5
69705,69710,69712,2,5
69705,69710,69712,2,5
69705,69711,69712,1,6
69705,69711,69712,1,6
69705,69712,69713,1,7
69705,69712,69713,1,7
69705,69712,69713,1,7
69705,69712,69713,1,7
69705,69712,69713,1,7
69705,69712,69713,1,7
69705,69712,69713,1,7
69705,69712,69713,1,7
69705,69712,69713,1,7
69705,69712,69713,1,7
69705,69712,69714,2,7
69705,69712,69713,1,7
69705,69713,69714,1,8
69705,69713,69714,1,8
69705,69712,69714,2,7
69705,69712,69713,1,7
69705,69713,69714,1,8
69705,69713,69714,1,8
69705,69713,69714,1,8
69705,69713,69714,1,8
69705,69713,69714,1,8
69705,69714,69715,1,9
69705,69714,69715,1,9
69705,69714,69715,1,9
69705,69714,69715,1,9
69705,69714,69715,1,9
69705,69714,69715,1,9
69705,69713,69715,2,8
69705,69714,69715,1,9
69705,69714,69715,1,9
69705,69715,69716,1,10
69705,69714,69715,1,9
69705,69714,69715,1,9
69705,69715,69716,1,10
69705,69715,69716,1,10
69705,69714,69716,2,9
69705,69714,69716,2,9
69705,69715,69716,1,10
69705,69715,69716,1,10
69705,69715,69716,1,10
69705,69710,69716,6,5
69705,69715,69716,1,10
69705,69715,69716,1,10
69705,69716,69717,1,11
69705,69716,69717,1,11
69705,69716,69717,1,11
69705,69716,69717,1,11
69705,69716,69717,1,11
69705,69716,69717,1,11
69705,69716,69717,1,11
69001,69016,69747,731,15
69750,69750,69751,1,0
69750,69750,69751,1,0
69750,69750,69751,1,0
69750,69750,69751,1,0
69750,69750,69751,1,0
69750,69750,69751,1,0
69750,69750,69751,1,0
69750,69750,69752,2,0
69750,69750,69751,1,0
69750,69751,69752,1,1
69750,69751,69752,1,1
69750,69751,69752,1,1
69750,69751,69752,1,1
69750,69751,69752,1,1
69750,69751,69752,1,1
69750,69751,69752,1,1
69750,69751,69752,1,1
69750,69751,69752,1,1
69750,69751,69752,1,1
69750,69751,69752,1,1
69750,69752,69754,2,2
69750,69752,69753,1,2
69750,69752,69753,1,2
69750,69752,69753,1,2
69750,69752,69754,2,2
69005,69016,69755,739,11
69750,69750,69755,5,0
69750,69753,69755,2,3
69750,69753,69755,2,3
69750,69753,69755,2,3
69750,69753,69755,2,3
69750,69753,69755,2,3
69750,69753,69755,2,3
69750,69753,69755,2,3
69750,69753,69755,2,3
69750,69753,69756,3,3
69750,69753,69755,2,3
69750,69753,69755,2,3
69750,69755,69757,2,5
69750,69754,69757,3,4
69750,69755,69757,2,5
69750,69755,69757,2,5
69750,69755,69757,2,5
69750,69755,69757,2,5
69750,69755,69757,2,5
69750,69754,69756,2,4
69750,69754,69756,2,4
69750,69754,69756,2,4
69750,69754,69757,3,4
69750,69755,69758,3,5
69750,69757,69758,1,7
69750,69757,69758,1,7
69750,69757,69758,1,7
69750,69757,69758,1,7
69750,69756,69758,2,6
69750,69756,69758,2,6
69750,69756,69758,2,6
69750,69756,69758,2,6
69750,69757,69758,1,7
69750,69757,69758,1,7
69750,69757,69758,1,7
69750,69757,69758,1,7
69750,69757,69758,1,7
69750,69757,69759,2,7
69750,69757,69758,1,7
69750,69758,69759,1,8
69750,69758,69759,1,8
69750,69758,69759,1,8
69750,69758,69759,1,8
69750,69756,69759,3,6
69750,69758,69759,1,8
69750,69758,69759,1,8
69750,69758,69759,1,8
69750,69758,69759,1,8
69750,69758,69759,1,8
69750,69758,69759,1,8
69750,69759,69760,1,9
69750,69759,69760,1,9
69750,69759,69760,1,9
69750,69759,69760,1,9
69750,69759,69760,1,9
69750,69759,69760,1,9
69750,69759,69760,1,9
69750,69759,69760,1,9
69750,69759,69760,1,9
69750,69759,69760,1,9
69755,69760,69761,1,5
69750,69759,69760,1,9
69755,69760,69761,1,5
69755,69760,69761,1,5
69755,69760,69761,1,5
69755,69760,69761,1,5
69755,69760,69761,1,5
69750,69759,69761,2,9
69750,69759,69760,1,9
69755,69760,69761,1,5
69755,69760,69761,1,5
69755,69761,69762,1,6
69755,69762,69763,1,7
69755,69762,69763,1,7
69755,69762,69763,1,7
69755,69761,69763,2,6
69755,69761,69763,2,6
69755,69761,69763,2,6
69755,69761,69763,2,6
69755,69761,69763,2,6
69755,69761,69763,2,6
69755,69762,69763,1,7
69755,69762,69763,1,7
69755,69762,69763,1,7
69755,69762,69764,2,7
69755,69762,69764,2,7
69755,69764,69765,1,9
69755,69764,69765,1,9
69755,69764,69765,1,9
69755,69764,69765,1,9
69755,69764,69765,1,9
69755,69763,69765,2,8
69755,69763,69765,2,8
69755,69763,69765,2,8
69755,69763,69765,2,8
69755,69763,69765,2,8
69755,69764,69766,2,9
69755,69763,69766,3,8
69755,69764,69766,2,9
69755,69764,69766,2,9
69755,69764,69766,2,9
69003,69016,69767,751,13
69755,69766,69767,1,11
69755,69766,69768,2,11
69755,69766,69767,1,11
69755,69766,69767,1,11
69755,69766,69767,1,11
69755,69766,69768,2,11
69755,69764,69768,4,9
69755,69766,69768,2,11
69755,69768,69769,1,13
69755,69766,69768,2,11
69755,69766,69768,2,11
69755,69766,69768,2,11
69755,69767,69769,2,12
69755,69766,69768,2,11
69755,69767,69769,2,12
69755,69768,69769,1,13
69755,69767,69769,2,12
69755,69768,69769,1,13
69755,69766,69768,2,11
69750,69766,69769,3,16
69755,69768,69769,1,13
69755,69768,69769,1,13
69755,69769,69770,1,14
69755,69769,69770,1,14
69755,69769,69770,1,14
69755,69767,69769,2,12
69755,69769,69770,1,14
69755,69769,69770,1,14
69755,69769,69770,1,14
69755,69768,69769,1,13
69755,69769,69770,1,14
69755,69769,69770,1,14
69755,69770,69771,1,15
69755,69770,69771,1,15
69755,69770,69771,1,15
69755,69770,69771,1,15
69755,69769,69770,1,14
69755,69770,69771,1,15
69755,69770,69771,1,15
69755,69770,69771,1,15
69755,69770,69771,1,15
69007,69016,69771,755,9
69755,69770,69771,1,15
69755,69769,69771,2,14
69755,69770,69771,1,15
69769,69771,69772,1,2
69755,69770,69771,1,15
69769,69771,69772,1,2
69769,69771,69772,1,2
69769,69771,69772,1,2
69769,69771,69772,1,2
69769,69771,69772,1,2
69769,69771,69772,1,2
69769,69771,69772,1,2
69755,69770,69771,1,15
69769,69771,69772,1,2
69769,69771,69772,1,2
69769,69771,69773,2,2
69769,69771,69773,2,2
69769,69772,69773,1,3
69769,69772,69773,1,3
69769,69772,69773,1,3
69769,69772,69773,1,3
69769,69772,69774,2,3
69769,69772,69773,1,3
69769,69772,69774,2,3
69769,69772,69773,1,3
69769,69772,69774,2,3
69769,69772,69774,2,3
69769,69772,69774,2,3
69769,69772,69773,1,3
69769,69772,69774,2,3
69769,69772,69774,2,3
69769,69772,69774,2,3
69769,69774,69776,2,5
69769,69773,69776,3,4
69769,69774,69776,2,5
69769,69773,69776,3,4
69769,69774,69776,2,5
69769,69774,69777,3,5
69769,69774,69776,2,5
69769,69774,69776,2,5
69769,69774,69777,3,5
69769,69774,69777,3,5
69769,69774,69777,3,5
69769,69774,69777,3,5
69769,69774,69777,3,5
69769,69774,69777,3,5
69769,69775,69777,2,6
69769,69775,69777,2,6
69769,69775,69778,3,6
69769,69776,69778,2,7
69769,69774,69778,4,5
69769,69776,69778,2,7
69769,69777,69779,2,8
69769,69777,69779,2,8
69769,69777,69779,2,8
69769,69778,69779,1,9
69769,69776,69779,3,7
69769,69777,69779,2,8
69769,69777,69779,2,8
69769,69777,69779,2,8
69769,69777,69779,2,8
69769,69777,69779,2,8
69769,69777,69779,2,8
69769,69777,69779,2,8
69769,69778,69779,1,9
69769,69778,69780,2,9
69769,69779,69780,1,10
69769,69779,69780,1,10
69769,69779,69780,1,10
69769,69779,69780,1,10
69769,69778,69780,2,9
69769,69777,69779,2,8
69769,69779,69780,1,10
69769,69778,69781,3,9
69769,69780,69781,1,11
69769,69780,69781,1,11
69769,69780,69781,1,11
69769,69780,69781,1,11
69769,69779,69781,2,10
69769,69780,69781,1,11
69769,69781,69782,1,12
69769,69780,69781,1,11
69769,69781,69782,1,12
69769,69781,69782,1,12
69769,69781,69782,1,12
69769,69781,69782,1,12
69769,69781,69782,1,12
69769,69781,69782,1,12
69769,69781,69783,2,12
69769,69781,69782,1,12
69049,69056,69782,726,7
69769,69781,69782,1,12
69810,69810,69811,1,0
69810,69810,69811,1,0
69810,69810,69811,1,0
69810,69810,69811,1,0
69810,69810,69811,1,0
69810,69810,69811,1,0
69810,69810,69811,1,0
69810,69810,69811,1,0
69810,69810,69811,1,0
69810,69810,69811,1,0
69810,69810,69811,1,0
69810,69810,69812,2,0
69810,69811,69812,1,1
69810,69810,69812,2,0
69810,69810,69812,2,0
69810,69811,69812,1,1
69810,69811,69812,1,1
69810,69811,69812,1,1
69810,69811,69812,1,1
69810,69811,69813,2,1
69810,69811,69813,2,1
69810,69810,69812,2,0
69810,69811,69812,1,1
69810,69811,69812,1,1
69810,69811,69813,2,1
69810,69811,69812,1,1
69810,69812,69814,2,2
69810,69812,69814,2,2
69810,69813,69814,1,3
69810,69813,69814,1,3
69810,69813,69815,2,3
69810,69812,69814,2,2
69810,69812,69815,3,2
69810,69812,69814,2,2
69810,69812,69814,2,2
69810,69812,69814,2,2
69810,69812,69814,2,2
69810,69813,69815,2,3
69810,69814,69816,2,4
69810,69813,69816,3,3
69810,69813,69815,2,3
69810,69813,69815,2,3
69810,69813,69815,2,3
69810,69813,69816,3,3
69810,69813,69816,3,3
69810,69814,69816,2,4
69810,69815,69816,1,5
69810,69815,69816,1,5
69810,69815,69817,2,5
69810,69815,69817,2,5
69810,69815,69817,2,5
69810,69815,69817,2,5
69810,69816,69817,1,6
69810,69815,69818,3,5
69810,69817,69818,1,7
69810,69816,69817,1,6
69810,69815,69818,3,5
69810,69815,69818,3,5
69810,69816,69818,2,6
69810,69816,69817,1,6
69810,69817,69818,1,7
69810,69817,69818,1,7
69810,69817,69818,1,7
69810,69817,69818,1,7
69810,69818,69819,1,8
69810,69816,69818,2,6
69810,69816,69818,2,6
69810,69818,69819,1,8
69810,69818,69819,1,8
69810,69818,69819,1,8
69810,69818,69819,1,8
69810,69818,69819,1,8
69810,69818,69819,1,8
69810,69819,69820,1,9
69810,69819,69820,1,9
69810,69819,69820,1,9
69810,69819,69820,1,9
69819,69819,69820,1,0
69819,69819,69820,1,0
69819,69819,69820,1,0
69819,69820,69821,1,1
69819,69820,69821,1,1
69810,69819,69820,1,9
69819,69820,69821,1,1
69819,69820,69821,1,1
69819,69821,69822,1,2
69819,69821,69822,1,2
69819,69821,69822,1,2
69819,69821,69822,1,2
69819,69821,69822,1,2
69819,69821,69822,1,2
69819,69820,69822,2,1
69819,69820,69822,2,1
69819,69821,69822,1,2
69819,69821,69822,1,2
69819,69821,69822,1,2
69819,69821,69822,1,2
69819,69821,69822,1,2
69819,69821,69822,1,2
69819,69821,69823,2,2
69819,69821,69822,1,2
69819,69822,69823,1,3
69819,69822,69823,1,3
69819,69822,69824,2,3
69819,69822,69824,2,3
69819,69822,69824,2,3
69819,69822,69824,2,3
69819,69823,69825,2,4
69819,69823,69824,1,4
69819,69823,69825,2,4
69819,69823,69825,2,4
69819,69823,69825,2,4
69819,69823,69825,2,4
69819,69823,69825,2,4
69819,69823,69825,2,4
69819,69823,69825,2,4
69819,69824,69826,2,5
69819,69824,69826,2,5
69819,69823,69826,3,4
69819,69824,69826,2,5
69819,69823,69826,3,4
69819,69824,69826,2,5
69819,69824,69826,2,5
69819,69824,69826,2,5
69819,69825,69826,1,6
69819,69825,69826,1,6
69819,69826,69827,1,7
69819,69826,69827,1,7
69819,69826,69827,1,7
69819,69826,69827,1,7
69819,69826,69827,1,7
69819,69826,69827,1,7
69819,69826,69827,1,7
69819,69826,69827,1,7
69819,69827,69828,1,8
69819,69826,69827,1,7
69819,69827,69828,1,8
69819,69827,69828,1,8
69819,69827,69828,1,8
69819,69827,69828,1,8
69819,69826,69828,2,7
69819,69827,69828,1,8
69819,69827,69828,1,8
69819,69828,69829,1,9
69819,69828,69829,1,9
69819,69828,69829,1,9
69819,69828,69829,1,9
69819,69828,69829,1,9
69819,69828,69829,1,9
69819,69828,69829,1,9
69819,69828,69829,1,9
69819,69828,69829,1,9
69819,69828,69829,1,9
69332,69339,69837,498,7
69841,69841,69842,1,0
69841,69841,69842,1,0
69841,69841,69842,1,0
69841,69841,69842,1,0
69841,69841,69842,1,0
69841,69841,69842,1,0
69841,69841,69842,1,0
69841,69841,69842,1,0
69841,69841,69842,1,0
69841,69841,69842,1,0
69841,69841,69842,1,0
69841,69841,69842,1,0
69841,69841,69842,1,0
69841,69841,69842,1,0
69841,69841,69843,2,0
69841,69842,69844,2,1
69841,69842,69844,2,1
69841,69842,69844,2,1
69841,69842,69844,2,1
69841,69842,69844,2,1
69841,69842,69844,2,1
69841,69842,69844,2,1
69841,69844,69845,1,3
69841,69842,69845,3,1
69841,69842,69844,2,1
69841,69842,69844,2,1
69841,69842,69844,2,1
69841,69842,69845,3,1
69841,69842,69844,2,1
69841,69843,69845,2,2
69841,69843,69845,2,2
69841,69843,69845,2,2
69841,69844,69845,1,3
69841,69844,69846,2,3
69841,69844,69845,1,3
69841,69844,69845,1,3
69841,69845,69846,1,4
69841,69843,69845,2,2
69841,69844,69846,2,3
69841,69844,69846,2,3
69841,69845,69846,1,4
69841,69846,69847,1,5
69841,69846,69847,1,5
69841,69846,69847,1,5
69841,69846,69847,1,5
69841,69846,69847,1,5
69841,69845,69847,2,4
69841,69845,69846,1,4
69841,69845,69846,1,4
69841,69846,69847,1,5
69841,69846,69847,1,5
69841,69845,69846,1,4
69841,69845,69847,2,4
69841,69845,69846,1,4
69841,69845,69846,1,4
69841,69846,69847,1,5
69841,69846,69847,1,5
69841,69846,69847,1,5
69841,69847,69848,1,6
69841,69847,69848,1,6
69841,69847,69848,1,6
69841,69847,69848,1,6
69841,69847,69848,1,6
69841,69847,69848,1,6
69841,69847,69848,1,6
69841,69847,69848,1,6
69841,69847,69848,1,6
69841,69847,69848,1,6
69841,69847,69848,1,6
69841,69848,69849,1,7
69841,69848,69849,1,7
69841,69848,69849,1,7
69841,69848,69849,1,7
69841,69848,69849,1,7
69841,69848,69849,1,7
69841,69848,69849,1,7
69841,69848,69849,1,7
69841,69848,69849,1,7
69841,69848,69849,1,7
69841,69848,69849,1,7
69841,69848,69849,1,7
69841,69849,69850,1,8
69841,69849,69850,1,8
69841,69849,69850,1,8
69841,69849,69850,1,8
69841,69849,69850,1,8
69841,69849,69850,1,8
69841,69848,69850,2,7
69841,69849,69850,1,8
69841,69850,69851,1,9
69152,69159,69884,725,7
69886,69886,69887,1,0
69886,69886,69887,1,0
69886,69886,69887,1,0
69886,69886,69887,1,0
69886,69886,69888,2,0
69886,69886,69888,2,0
69886,69886,69887,1,0
69886,69886,69887,1,0
69886,69886,69887,1,0
69886,69886,69887,1,0
69886,69887,69888,1,1
69886,69887,69888,1,1
69886,69887,69888,1,1
69886,69887,69888,1,1
69886,69887,69888,1,1
69886,69887,69889,2,1
69886,69887,69889,2,1
69886,69887,69888,1,1
69886,69887,69889,2,1
69886,69888,69890,2,2
69886,69888,69890,2,2
69886,69888,69890,2,2
69886,69888,69890,2,2
69886,69889,69890,1,3
69886,69888,69890,2,2
69886,69889,69890,1,3
69886,69889,69890,1,3
69886,69889,69890,1,3
69886,69889,69890,1,3
69886,69889,69891,2,3
69886,69889,69891,2,3
69886,69889,69891,2,3
69886,69891,69892,1,5
69886,69891,69892,1,5
69886,69889,69891,2,3
69886,69890,69891,1,4
69886,69890,69892,2,4
69886,69890,69892,2,4
69886,69891,69892,1,5
69886,69891,69892,1,5
69886,69891,69892,1,5
69886,69892,69893,1,6
69886,69892,69893,1,6
69886,69890,69892,2,4
69886,69892,69893,1,6
69886,69892,69893,1,6
69886,69891,69893,2,5
69886,69892,69893,1,6
69886,69891,69892,1,5
69886,69891,69893,2,5
69886,69892,69893,1,6
69886,69891,69893,2,5
69886,69893,69894,1,7
69886,69893,69894,1,7
69886,69893,69894,1,7
69886,69893,69894,1,7
69886,69894,69895,1,8
69886,69894,69895,1,8
69886,69894,69895,1,8
69886,69894,69895,1,8
69886,69894,69895,1,8
69886,69893,69894,1,7
69886,69893,69895,2,7
69886,69893,69895,2,7
69886,69893,69895,2,7
69886,69893,69895,2,7
69886,69893,69894,1,7
69886,69893,69894,1,7
69886,69893,69894,1,7
69886,69895,69896,1,9
69886,69894,69895,1,8
69886,69895,69896,1,9
69886,69895,69896,1,9
69886,69895,69896,1,9
69886,69895,69896,1,9
69886,69895,69896,1,9
69886,69895,69896,1,9
69886,69895,69896,1,9
69886,69896,69897,1,10
69886,69896,69897,1,10
69886,69896,69897,1,10
69886,69896,69897,1,10
69886,69896,69897,1,10
69886,69895,69896,1,9
69886,69895,69897,2,9
69886,69895,69896,1,9
69886,69895,69897,2,9
69886,69895,69897,2,9
69886,69896,69897,1,10
69886,69889,69890,1,3
69886,69900,69901,1,14
69886,69900,69901,1,14
69430,69440,69928,488,10
69929,69929,69930,1,0
69929,69929,69930,1,0
69929,69929,69930,1,0
69929,69929,69930,1,0
69929,69929,69930,1,0
69929,69929,69930,1,0
69929,69929,69930,1,0
69929,69929,69930,1,0
69929,69929,69930,1,0
69929,69929,69930,1,0
69929,69929,69930,1,0
69929,69929,69931,2,0
69929,69929,69931,2,0
69929,69930,69932,2,1
69929,69930,69932,2,1
69929,69930,69932,2,1
69929,69929,69931,2,0
69929,69930,69932,2,1
69929,69930,69932,2,1
69929,69930,69932,2,1
69929,69931,69932,1,2
69929,69932,69933,1,3
69929,69931,69933,2,2
69929,69932,69933,1,3
69929,69932,69933,1,3
69929,69931,69933,2,2
69929,69930,69932,2,1
69929,69930,69932,2,1
69929,69932,69933,1,3
69929,69932,69933,1,3
69929,69932,69933,1,3
69929,69932,69933,1,3
69929,69933,69934,1,4
69929,69931,69933,2,2
69929,69931,69933,2,2
69929,69931,69933,2,2
69929,69933,69934,1,4
69929,69933,69934,1,4
69929,69932,69933,1,3
69929,69933,69934,1,4
69929,69933,69934,1,4
69929,69933,69934,1,4
69929,69933,69934,1,4
69929,69932,69934,2,3
69929,69932,69935,3,3
69929,69934,69935,1,5
69929,69933,69934,1,4
69929,69933,69934,1,4
69929,69933,69934,1,4
69929,69933,69935,2,4
69929,69934,69935,1,5
69929,69934,69935,1,5
69929,69934,69935,1,5
69929,69934,69936,2,5
69929,69935,69936,1,6
69929,69934,69936,2,5
69929,69934,69935,1,5
69929,69934,69936,2,5
69929,69934,69936,2,5
69929,69934,69936,2,5
69929,69934,69935,1,5
69929,69935,69936,1,6
69929,69935,69936,1,6
69929,69935,69936,1,6
69929,69935,69936,1,6
69929,69936,69937,1,7
69929,69936,69937,1,7
69929,69936,69937,1,7
69929,69935,69937,2,6
69929,69935,69937,2,6
69929,69935,69937,2,6
69929,69936,69937,1,7
69929,69937,69938,1,8
69929,69937,69938,1,8
69929,69937,69938,1,8
69929,69936,69938,2,7
69929,69936,69937,1,7
69929,69936,69937,1,7
69929,69937,69938,1,8
69929,69938,69939,1,9
69929,69938,69939,1,9
69929,69938,69939,1,9
69929,69937,69938,1,8
69929,69938,69939,1,9
69448,69458,69944,486,10
69945,69945,69946,1,0
69945,69945,69946,1,0
69945,69945,69946,1,0
69945,69945,69946,1,0
69945,69945,69946,1,0
69945,69945,69946,1,0
69945,69945,69946,1,0
69945,69945,69946,1,0
69945,69945,69946,1,0
69945,69945,69946,1,0
69945,69945,69946,1,0
69929,69945,69946,1,16
69929,69945,69946,1,16
69945,69945,69947,2,0
69945,69945,69946,1,0
69945,69945,69946,1,0
69945,69945,69946,1,0
69945,69946,69947,1,1
69945,69946,69948,2,1
69945,69946,69948,2,1
69945,69946,69948,2,1
69945,69946,69948,2,1
69945,69946,69948,2,1
69945,69946,69948,2,1
69945,69946,69948,2,1
69945,69947,69948,1,2
69945,69947,69949,2,2
69945,69948,69949,1,3
69945,69947,69949,2,2
69945,69947,69949,2,2
69945,69947,69949,2,2
69945,69946,69948,2,1
69945,69946,69948,2,1
69945,69948,69949,1,3
69945,69948,69949,1,3
69945,69948,69949,1,3
69945,69948,69949,1,3
69945,69948,69949,1,3
69945,69948,69949,1,3
69945,69947,69949,2,2
69945,69949,69950,1,4
69945,69946,69950,4,1
69945,69948,69949,1,3
69945,69949,69950,1,4
69945,69949,69950,1,4
69945,69949,69950,1,4
69945,69950,69951,1,5
69945,69949,69950,1,4
69945,69949,69951,2,4
69945,69950,69951,1,5
69945,69949,69951,2,4
69945,69949,69951,2,4
69945,69949,69951,2,4
69945,69949,69951,2,4
69945,69951,69952,1,6
69945,69950,69951,1,5
69945,69951,69952,1,6
69945,69950,69952,2,5
69945,69951,69952,1,6
69945,69951,69952,1,6
69945,69952,69953,1,7
69945,69951,69952,1,6
69945,69951,69952,1,6
69945,69951,69953,2,6
69945,69952,69953,1,7
69945,69952,69953,1,7
69945,69952,69953,1,7
69945,69953,69954,1,8
69945,69953,69954,1,8
69945,69953,69954,1,8
69945,69952,69953,1,7
69945,69953,69954,1,8
69945,69953,69954,1,8
69945,69954,69955,1,9
69945,69954,69955,1,9
69945,69954,69955,1,9
69945,69953,69955,2,8
69945,69953,69955,2,8
69280,69287,70000,713,7
70000,70001,70002,1,1
70000,70001,70002,1,1
70000,70001,70002,1,1
70000,70002,70003,1,2
70000,70001,70003,2,1
70000,70002,70003,1,2
70000,70002,70003,1,2
70000,70002,70003,1,2
70000,70002,70004,2,2
70000,70002,70003,1,2
70000,70002,70004,2,2
70000,70002,70004,2,2
70000,70003,70005,2,3
70000,70002,70004,2,2
70000,70003,70004,1,3
70000,70002,70004,2,2
70000,70002,70004,2,2
70000,70002,70004,2,2
70000,70004,70005,1,4
70000,70003,70005,2,3
70000,70004,70005,1,4
70000,70004,70005,1,4
70000,70004,70005,1,4
70000,70004,70005,1,4
70000,70005,70006,1,5
70000,70005,70006,1,5
70000,70005,70006,1,5
70000,70005,70006,1,5
70000,70004,70006,2,4
70000,70005,70006,1,5
70000,70005,70006,1,5
70000,70006,70007,1,6
70000,70005,70006,1,5
70000,70005,70007,2,5
70000,70006,70007,1,6
70000,70006,70007,1,6
70000,70005,70006,1,5
70000,70005,70006,1,5
70000,70006,70007,1,6
70000,70007,70008,1,7
70000,70006,70008,2,6
70000,70006,70007,1,6
70000,70007,70008,1,7
70000,70007,70008,1,7
70000,70007,70008,1,7
70000,70007,70008,1,7
70000,70007,70008,1,7
70000,70004,70007,3,4
70000,70008,70009,1,8
70000,70007,70008,1,7
70000,70007,70008,1,7
70000,70007,70008,1,7
70000,70007,70008,1,7
70000,70007,70008,1,7
70000,70008,70009,1,8
70000,70008,70009,1,8
70000,70007,70008,1,7
70000,70007,70008,1,7
70000,70008,70009,1,8
70000,70008,70009,1,8
70000,70008,70009,1,8
70000,70008,70009,1,8
70000,70009,70010,1,9
70000,70008,70009,1,8
70000,70009,70010,1,9
70000,70009,70010,1,9
70000,70009,70010,1,9
70000,70009,70010,1,9
70000,70009,70010,1,9
70000,70009,70010,1,9
70000,70009,70010,1,9
70000,70009,70010,1,9
70000,70010,70011,1,10
70000,70010,70011,1,10
70000,70009,70010,1,9
70000,70010,70011,1,10
70000,70010,70011,1,10
70000,70010,70011,1,10
70000,70010,70011,1,10
69535,69543,70026,483,8
70030,70030,70031,1,0
70030,70030,70031,1,0
70030,70030,70031,1,0
70030,70030,70031,1,0
70030,70030,70031,1,0
70030,70030,70031,1,0
70030,70030,70031,1,0
70030,70030,70031,1,0
70030,70031,70032,1,1
70030,70031,70032,1,1
70030,70031,70032,1,1
70030,70030,70032,2,0
70030,70030,70032,2,0
70030,70031,70032,1,1
70030,70031,70033,2,1
70030,70031,70033,2,1
70030,70031,70032,1,1
70030,70031,70032,1,1
70030,70031,70032,1,1
70030,70031,70033,2,1
70030,70031,70032,1,1
70030,70032,70033,1,2
70030,70032,70033,1,2
70030,70033,70034,1,3
70030,70030,70034,4,0
70030,70031,70033,2,1
70030,70032,70034,2,2
70030,70032,70033,1,2
70030,70033,70034,1,3
70030,70033,70034,1,3
70030,70033,70034,1,3
70030,70033,70034,1,3
70030,70033,70034,1,3
70030,70033,70034,1,3
70030,70033,70034,1,3
70030,70034,70035,1,4
70030,70034,70035,1,4
70030,70033,70034,1,3
70030,70033,70034,1,3
70030,70034,70035,1,4
70030,70034,70035,1,4
70030,70034,70035,1,4
70030,70034,70035,1,4
70030,70034,70035,1,4
70030,70035,70036,1,5
70030,70034,70035,1,4
70030,70035,70036,1,5
70030,70035,70036,1,5
70030,70035,70036,1,5
70030,70035,70036,1,5
70030,70035,70036,1,5
70030,70035,70036,1,5
70030,70035,70036,1,5
70030,70035,70036,1,5
70030,70035,70036,1,5
70030,70033,70036,3,3
70030,70036,70037,1,6
70030,70035,70036,1,5
70030,70036,70037,1,6
70030,70035,70036,1,5
70030,70035,70036,1,5
70030,70036,70037,1,6
70030,70036,70037,1,6
70030,70036,70037,1,6
70030,70036,70037,1,6
70030,70036,70037,1,6
70030,70036,70037,1,6
70030,70036,70037,1,6
70030,70036,70037,1,6
70030,70036,70037,1,6
70030,70037,70038,1,7
70030,70037,70038,1,7
70030,70037,70038,1,7
70030,70037,70038,1,7
70030,70037,70038,1,7
70030,70037,70038,1,7
70030,70037,70038,1,7
70030,70037,70038,1,7
70030,70037,70038,1,7
70030,70037,70038,1,7
70030,70037,70038,1,7
70030,70036,70039,3,6
70030,70037,70038,1,7
70030,70037,70038,1,7
70030,70037,70038,1,7
70030,70038,70039,1,8
69578,69587,70078,491,9
70079,70079,70080,1,0
70079,70079,70080,1,0
70079,70079,70080,1,0
70079,70079,70080,1,0
70079,70079,70080,1,0
70079,70079,70080,1,0
70079,70079,70080,1,0
70079,70079,70080,1,0
70079,70079,70080,1,0
69339,69349,70082,733,10
70079,70080,70081,1,1
70079,70080,70082,2,1
70079,70080,70081,1,1
70079,70080,70081,1,1
70079,70079,70081,2,0
70079,70080,70082,2,1
70079,70080,70081,1,1
70079,70080,70081,1,1
70079,70080,70081,1,1
70079,70080,70082,2,1
70079,70080,70082,2,1
70079,70080,70082,2,1
70079,70080,70082,2,1
70079,70079,70082,3,0
70079,70081,70082,1,2
70079,70082,70083,1,3
70079,70082,70083,1,3
70079,70081,70083,2,2
70079,70082,70083,1,3
70079,70082,70083,1,3
70079,70082,70083,1,3
70079,70082,70083,1,3
70079,70082,70083,1,3
70079,70082,70083,1,3
70079,70082,70083,1,3
70079,70082,70083,1,3
70079,70081,70083,2,2
70079,70082,70083,1,3
70079,70083,70084,1,4
70079,70082,70083,1,3
70079,70082,70083,1,3
70079,70083,70084,1,4
70079,70083,70084,1,4
70079,70083,70084,1,4
70079,70083,70084,1,4
70079,70083,70084,1,4
70079,70083,70084,1,4
70079,70083,70084,1,4
70079,70083,70084,1,4
70079,70083,70084,1,4
70079,70084,70085,1,5
70079,70084,70085,1,5
70079,70083,70084,1,4
70079,70083,70084,1,4
70079,70084,70085,1,5
70079,70084,70085,1,5
70079,70084,70085,1,5
70079,70084,70085,1,5
70079,70084,70085,1,5
70079,70084,70085,1,5
70079,70084,70085,1,5
70079,70083,70084,1,4
70079,70084,70085,1,5
70079,70084,70085,1,5
70079,70084,70085,1,5
70079,70083,70085,2,4
70079,70085,70086,1,6
70079,70085,70086,1,6
70079,70084,70085,1,5
70079,70084,70085,1,5
70079,70085,70086,1,6
70079,70085,70086,1,6
70079,70085,70086,1,6
70079,70085,70086,1,6
70079,70085,70086,1,6
70079,70085,70086,1,6
70079,70085,70086,1,6
70079,70085,70086,1,6
70079,70085,70086,1,6
70079,70085,70086,1,6
70079,70086,70087,1,7
70079,70086,70087,1,7
70079,70085,70086,1,6
70079,70085,70087,2,6
70079,70086,70087,1,7
70079,70086,70087,1,7
70079,70086,70087,1,7
70079,70086,70087,1,7
70079,70086,70087,1,7
70079,70086,70087,1,7
70082,70086,70087,1,4
70082,70086,70087,1,4
70082,70086,70087,1,4
70079,70086,70087,1,7
70079,70086,70087,1,7
70082,70087,70088,1,5
70082,70087,70088,1,5
70079,70086,70088,2,7
70079,70086,70088,2,7
70082,70087,70088,1,5
70082,70087,70088,1,5
70082,70087,70088,1,5
70082,70087,70088,1,5
70082,70087,70088,1,5
70082,70087,70088,1,5
70082,70088,70089,1,6
70082,70088,70089,1,6
70082,70088,70090,2,6
70082,70088,70090,2,6
70082,70088,70090,2,6
70082,70089,70090,1,7
70082,70089,70090,1,7
70082,70089,70090,1,7
70082,70089,70090,1,7
70082,70089,70090,1,7
70082,70089,70090,1,7
70082,70088,70090,2,6
70082,70088,70090,2,6
70082,70088,70091,3,6
70082,70088,70091,3,6
70082,70089,70091,2,7
70082,70089,70091,2,7
70082,70090,70091,1,8
70082,70091,70092,1,9
70082,70091,70092,1,9
70082,70090,70091,1,8
70082,70091,70092,1,9
70082,70091,70092,1,9
70082,70088,70091,3,6
70082,70090,70092,2,8
70082,70091,70092,1,9
70082,70091,70092,1,9
70082,70091,70092,1,9
70082,70091,70092,1,9
70082,70091,70092,1,9
70082,70092,70093,1,10
70082,70092,70093,1,10
70082,70091,70092,1,9
70082,70092,70093,1,10
70082,70092,70093,1,10
70082,70091,70092,1,9
70082,70093,70094,1,11
70082,70093,70094,1,11
70082,70093,70094,1,11
70082,70093,70094,1,11
70082,70093,70094,1,11
70082,70093,70094,1,11
70082,70094,70095,1,12
70082,70094,70095,1,12
70082,70094,70095,1,12
70082,70094,70095,1,12
70082,70095,70096,1,13
70082,70095,70096,1,13
70082,70095,70096,1,13
70082,70094,70095,1,12
70082,70095,70096,1,13
70082,70095,70096,1,13
70082,70095,70098,3,13
69612,69620,70112,492,8
70128,70128,70129,1,0
70128,70128,70129,1,0
70128,70128,70129,1,0
70128,70128,70129,1,0
70128,70128,70129,1,0
70128,70128,70129,1,0
70128,70128,70129,1,0
70128,70128,70129,1,0
70128,70128,70129,1,0
70128,70128,70129,1,0
70128,70128,70130,2,0
70128,70129,70130,1,1
70128,70128,70129,1,0
70128,70128,70129,1,0
70128,70128,70131,3,0
70128,70128,70130,2,0
70128,70128,70131,3,0
70128,70129,70131,2,1
70128,70129,70131,2,1
70128,70129,70131,2,1
70128,70129,70130,1,1
70128,70129,70131,2,1
70128,70129,70131,2,1
70128,70129,70130,1,1
70128,70129,70130,1,1
70128,70130,70131,1,2
70128,70130,70132,2,2
70128,70130,70132,2,2
70128,70130,70132,2,2
70128,70131,70132,1,3
70128,70131,70132,1,3
70128,70131,70132,1,3
70128,70131,70132,1,3
70128,70131,70132,1,3
70128,70131,70132,1,3
70128,70131,70132,1,3
70128,70131,70133,2,3
70128,70131,70132,1,3
70128,70131,70132,1,3
70128,70132,70133,1,4
70128,70131,70133,2,3
70128,70131,70132,1,3
70128,70132,70133,1,4
70128,70132,70133,1,4
70128,70132,70133,1,4
70128,70132,70133,1,4
70128,70132,70133,1,4
70128,70133,70134,1,5
70128,70132,70134,2,4
70128,70132,70133,1,4
70128,70132,70133,1,4
70128,70133,70134,1,5
70128,70133,70134,1,5
70128,70133,70134,1,5
70128,70133,70134,1,5
70128,70133,70134,1,5
70128,70133,70134,1,5
70128,70133,70134,1,5
70128,70133,70135,2,5
70128,70133,70134,1,5
70128,70134,70135,1,6
70128,70133,70134,1,5
70128,70134,70135,1,6
70128,70134,70135,1,6
70128,70134,70135,1,6
70128,70134,70135,1,6
70128,70134,70136,2,6
70128,70134,70136,2,6
70128,70135,70136,1,7
70128,70135,70136,1,7
70128,70135,70137,2,7
70128,70136,70137,1,8
70128,70136,70137,1,8
70128,70136,70138,2,8
70128,70137,70138,1,9
70128,70137,70138,1,9
70128,70137,70138,1,9
70128,70137,70138,1,9
70128,70137,70138,1,9
69402,69410,70143,733,8
70144,70144,70145,1,0
70144,70144,70145,1,0
70144,70144,70145,1,0
70144,70144,70145,1,0
70144,70144,70145,1,0
70144,70144,70145,1,0
70144,70144,70145,1,0
70144,70144,70145,1,0
70144,70144,70145,1,0
70144,70144,70145,1,0
70144,70144,70145,1,0
70144,70144,70145,1,0
70144,70144,70145,1,0
70144,70144,70145,1,0
70144,70144,70145,1,0
70128,70133,70135,2,5
70144,70145,70146,1,1
70144,70145,70147,2,1
70144,70145,70147,2,1
70144,70145,70147,2,1
70144,70145,70147,2,1
70144,70145,70147,2,1
70144,70145,70147,2,1
70144,70145,70147,2,1
70144,70145,70147,2,1
70144,70145,70148,3,1
70144,70147,70148,1,3
70144,70147,70148,1,3
70144,70145,70147,2,1
70144,70146,70148,2,2
70144,70147,70148,1,3
70144,70147,70148,1,3
70144,70147,70148,1,3
70144,70146,70148,2,2
70144,70146,70148,2,2
70144,70147,70148,1,3
70144,70147,70148,1,3
70128,70147,70149,2,19
70144,70147,70148,1,3
70144,70145,70148,3,1
70144,70148,70149,1,4
70144,70148,70149,1,4
70144,70147,70148,1,3
70144,70148,70149,1,4
70144,70148,70149,1,4
70144,70148,70149,1,4
70144,70148,70149,1,4
70144,70149,70150,1,5
70144,70148,70149,1,4
70144,70149,70150,1,5
70144,70149,70150,1,5
70144,70149,70150,1,5
70144,70149,70150,1,5
70144,70150,70151,1,6
70144,70150,70151,1,6
70144,70147,70149,2,3
70144,70149,70150,1,5
70144,70149,70151,2,5
70144,70150,70151,1,6
70144,70150,70151,1,6
70144,70150,70151,1,6
70144,70150,70151,1,6
70144,70151,70152,1,7
70144,70150,70152,2,6
70144,70151,70152,1,7
70144,70151,70152,1,7
70144,70152,70153,1,8
70144,70152,70153,1,8
70144,70152,70153,1,8
70144,70151,70153,2,7
70144,70152,70153,1,8
70144,70152,70153,1,8
70144,70153,70154,1,9
70144,70152,70153,1,8
70144,70153,70154,1,9
70144,70152,70153,1,8
70144,70153,70154,1,9
70144,70153,70154,1,9
70144,70153,70154,1,9
70144,70153,70155,2,9
69486,69493,70191,698,7
70192,70192,70193,1,0
70192,70192,70193,1,0
70192,70192,70193,1,0
70192,70192,70193,1,0
70192,70192,70193,1,0
70192,70192,70193,1,0
70192,70192,70193,1,0
70192,70192,70193,1,0
70192,70192,70193,1,0
70192,70192,70193,1,0
70192,70192,70194,2,0
70192,70192,70194,2,0
70192,70192,70194,2,0
70192,70192,70194,2,0
70192,70193,70195,2,1
70192,70193,70195,2,1
70192,70193,70195,2,1
70192,70193,70195,2,1
70192,70193,70195,2,1
70192,70193,70195,2,1
70192,70193,70195,2,1
70192,70193,70195,2,1
70192,70194,70196,2,2
70192,70195,70196,1,3
70192,70195,70196,1,3
70192,70195,70196,1,3
70192,70195,70196,1,3
70192,70193,70196,3,1
70192,70195,70196,1,3
70192,70193,70195,2,1
70192,70193,70196,3,1
70192,70195,70197,2,3
70192,70196,70197,1,4
70192,70196,70197,1,4
70192,70195,70197,2,3
70192,70196,70197,1,4
70192,70196,70197,1,4
70192,70192,70197,5,0
70192,70197,70198,1,5
70192,70197,70198,1,5
70192,70197,70198,1,5
70192,70197,70199,2,5
70192,70197,70199,2,5
70192,70198,70199,1,6
70192,70198,70199,1,6
70192,70198,70199,1,6
70192,70198,70200,2,6
70192,70199,70200,1,7
70192,70199,70200,1,7
70192,70199,70200,1,7
70192,70200,70201,1,8
70192,70200,70201,1,8
70192,70197,70202,5,5
70192,70201,70202,1,9
70192,70201,70202,1,9
70192,70200,70201,1,8
70192,70201,70202,1,9
70192,70201,70202,1,9
70192,70201,70202,1,9
70192,70201,70202,1,9
69488,69504,70223,719,16
70226,70226,70227,1,0
70226,70226,70227,1,0
70226,70226,70227,1,0
70226,70226,70227,1,0
70226,70226,70227,1,0
70226,70226,70227,1,0
70226,70226,70227,1,0
70226,70226,70227,1,0
70226,70226,70227,1,0
70226,70226,70227,1,0
70226,70226,70227,1,0
70226,70226,70227,1,0
70226,70226,70228,2,0
70226,70227,70228,1,1
70226,70227,70228,1,1
70226,70227,70228,1,1
70226,70227,70228,1,1
70226,70227,70229,2,1
70226,70226,70228,2,0
70226,70227,70228,1,1
70226,70227,70228,1,1
70226,70228,70229,1,2
70226,70229,70230,1,3
70226,70228,70230,2,2
70226,70228,70230,2,2
70226,70228,70230,2,2
70226,70228,70230,2,2
70226,70228,70230,2,2
70226,70229,70230,1,3
70226,70229,70230,1,3
70226,70227,70230,3,1
70226,70229,70230,1,3
70226,70228,70230,2,2
70226,70229,70230,1,3
70226,70229,70230,1,3
70226,70229,70230,1,3
70226,70230,70231,1,4
70226,70230,70231,1,4
70226,70228,70230,2,2
70226,70230,70231,1,4
70226,70230,70231,1,4
70226,70230,70231,1,4
70226,70230,70231,1,4
70226,70230,70231,1,4
70226,70229,70230,1,3
70226,70230,70231,1,4
70226,70230,70231,1,4
70226,70230,70231,1,4
70226,70230,70231,1,4
70226,70230,70231,1,4
70226,70230,70231,1,4
70226,70231,70232,1,5
70226,70231,70232,1,5
70226,70231,70232,1,5
70226,70231,70232,1,5
70226,70231,70232,1,5
70226,70231,70232,1,5
70226,70231,70232,1,5
70226,70231,70232,1,5
70226,70231,70232,1,5
70226,70231,70232,1,5
70226,70231,70232,1,5
70226,70231,70232,1,5
70226,70231,70232,1,5
70226,70231,70232,1,5
70226,70231,70232,1,5
70226,70231,70232,1,5
70226,70232,70233,1,6
70226,70232,70233,1,6
70226,70232,70233,1,6
70226,70232,70233,1,6
70226,70232,70233,1,6
70226,70232,70233,1,6
70226,70232,70233,1,6
70226,70232,70233,1,6
70226,70232,70233,1,6
70226,70232,70233,1,6
70226,70232,70233,1,6
70226,70232,70233,1,6
70226,70232,70233,1,6
70226,70232,70233,1,6
70226,70233,70234,1,7
70226,70233,70234,1,7
70226,70233,70234,1,7
70226,70233,70235,2,7
69757,69771,70242,471,14
70226,70226,70244,18,0
70244,70244,70245,1,0
70244,70244,70245,1,0
70244,70244,70245,1,0
70244,70244,70245,1,0
70244,70244,70245,1,0
70244,70244,70245,1,0
70244,70244,70245,1,0
70244,70244,70245,1,0
70244,70244,70246,2,0
70244,70244,70245,1,0
70244,70244,70245,1,0
70244,70244,70245,1,0
70244,70245,70246,1,1
70244,70244,70245,1,0
70244,70244,70246,2,0
70244,70245,70247,2,1
70244,70245,70247,2,1
70244,70245,70247,2,1
70244,70245,70246,1,1
70244,70245,70247,2,1
70244,70245,70247,2,1
70244,70245,70247,2,1
70244,70245,70248,3,1
70244,70246,70248,2,2
70244,70246,70248,2,2
70244,70246,70248,2,2
70244,70246,70248,2,2
70244,70247,70249,2,3
70244,70247,70249,2,3
70244,70247,70249,2,3
70244,70247,70249,2,3
70244,70247,70249,2,3
70244,70246,70248,2,2
70244,70247,70249,2,3
70244,70247,70249,2,3
70244,70248,70249,1,4
70244,70248,70250,2,4
70244,70246,70249,3,2
70244,70247,70249,2,3
70244,70248,70250,2,4
70244,70249,70250,1,5
70244,70249,70250,1,5
70244,70249,70250,1,5
70244,70249,70250,1,5
70244,70249,70250,1,5
70244,70249,70250,1,5
70244,70249,70250,1,5
70244,70249,70250,1,5
70244,70249,70251,2,5
70244,70249,70251,2,5
70244,70250,70251,1,6
70244,70250,70251,1,6
70244,70250,70251,1,6
70244,70250,70251,1,6
70244,70250,70251,1,6
70244,70250,70251,1,6
70244,70250,70251,1,6
70244,70251,70252,1,7
70244,70251,70252,1,7
70244,70251,70252,1,7
70244,70252,70253,1,8
70244,70252,70253,1,8
70244,70253,70254,1,9
70244,70253,70254,1,9
70244,70252,70254,2,8
70244,70253,70254,1,9
70244,70253,70254,1,9
70244,70253,70254,1,9
69770,69781,70262,481,11
70277,70277,70278,1,0
70277,70277,70278,1,0
70277,70277,70278,1,0
70277,70277,70278,1,0
70277,70277,70278,1,0
70277,70277,70278,1,0
70277,70277,70278,1,0
70277,70277,70278,1,0
70277,70277,70278,1,0
70277,70277,70278,1,0
70277,70277,70278,1,0
70277,70277,70279,2,0
70277,70277,70278,1,0
70277,70277,70279,2,0
70277,70277,70279,2,0
70277,70277,70279,2,0
70277,70277,70278,1,0
70277,70278,70279,1,1
70277,70278,70279,1,1
70277,70278,70280,2,1
70277,70278,70279,1,1
70277,70278,70279,1,1
70277,70278,70280,2,1
70277,70278,70280,2,1
70277,70278,70280,2,1
70277,70278,70279,1,1
70277,70278,70279,1,1
70277,70279,70280,1,2
70277,70279,70280,1,2
70277,70279,70281,2,2
70277,70280,70281,1,3
70277,70278,70280,2,1
70277,70279,70281,2,2
70277,70279,70281,2,2
70277,70279,70281,2,2
70277,70279,70282,3,2
70277,70280,70281,1,3
70277,70280,70281,1,3
70277,70280,70282,2,3
70277,70281,70282,1,4
70277,70280,70282,2,3
70277,70280,70281,1,3
70277,70281,70282,1,4
70277,70281,70283,2,4
70277,70282,70283,1,5
70277,70282,70283,1,5
70277,70282,70283,1,5
70277,70281,70283,2,4
70277,70282,70283,1,5
70277,70282,70283,1,5
70277,70282,70284,2,5
70277,70283,70284,1,6
70277,70282,70283,1,5
70277,70283,70284,1,6
70277,70284,70285,1,7
70277,70284,70285,1,7
70277,70285,70286,1,8
70277,70285,70286,1,8
70277,70285,70286,1,8
69652,69659,70380,721,7
70381,70381,70382,1,0
70381,70381,70382,1,0
70381,70381,70382,1,0
70381,70381,70382,1,0
70381,70381,70382,1,0
70381,70381,70382,1,0
70381,70381,70382,1,0
70381,70381,70382,1,0
70381,70381,70382,1,0
70381,70381,70382,1,0
70381,70381,70382,1,0
70381,70381,70382,1,0
70381,70381,70382,1,0
70381,70381,70382,1,0
70381,70381,70383,2,0
70381,70381,70383,2,0
70381,70381,70383,2,0
70381,70382,70384,2,1
70381,70382,70384,2,1
70381,70382,70384,2,1
70381,70382,70384,2,1
70381,70382,70384,2,1
70381,70382,70384,2,1
70381,70382,70384,2,1
70381,70382,70384,2,1
70381,70382,70384,2,1
70381,70383,70385,2,2
70381,70383,70385,2,2
70381,70383,70385,2,2
70381,70383,70384,1,2
70381,70384,70385,1,3
70381,70384,70385,1,3
70381,70382,70384,2,1
70381,70384,70385,1,3
70381,70384,70385,1,3
70381,70384,70385,1,3
70381,70384,70385,1,3
70381,70383,70385,2,2
70381,70383,70385,2,2
70381,70383,70386,3,2
70381,70384,70385,1,3
70381,70384,70385,1,3
70381,70385,70386,1,4
70381,70385,70386,1,4
70381,70384,70386,2,3
70381,70385,70386,1,4
70381,70385,70386,1,4
70381,70385,70386,1,4
70381,70385,70386,1,4
70381,70385,70386,1,4
70381,70385,70387,2,4
70381,70385,70386,1,4
70381,70386,70387,1,5
70381,70386,70387,1,5
70381,70386,70387,1,5
70381,70386,70387,1,5
70381,70386,70387,1,5
70381,70386,70387,1,5
70381,70386,70387,1,5
70381,70386,70387,1,5
70381,70386,70388,2,5
70381,70386,70388,2,5
70381,70387,70388,1,6
70381,70387,70388,1,6
70381,70387,70388,1,6
70381,70387,70388,1,6
70381,70387,70388,1,6
70381,70386,70387,1,5
70381,70388,70389,1,7
70381,70388,70389,1,7
70381,70387,70388,1,6
70381,70388,70389,1,7
70381,70388,70389,1,7
70381,70388,70389,1,7
70381,70389,70390,1,8
70381,70390,70391,1,9
70381,70390,70391,1,9
69946,69954,70429,475,8
69706,69716,70429,713,10
69697,69707,70429,722,10
70430,70430,70431,1,0
70430,70430,70431,1,0
70430,70430,70431,1,0
70430,70430,70431,1,0
70430,70430,70431,1,0
70430,70430,70431,1,0
70430,70430,70431,1,0
70430,70430,70431,1,0
70430,70430,70431,1,0
70430,70430,70431,1,0
70430,70430,70431,1,0
70430,70430,70431,1,0
70430,70431,70432,1,1
70430,70431,70432,1,1
70430,70431,70432,1,1
70430,70431,70432,1,1
70430,70430,70432,2,0
70430,70431,70432,1,1
70430,70431,70432,1,1
70430,70431,70432,1,1
70430,70431,70432,1,1
70430,70431,70432,1,1
70430,70431,70432,1,1
70430,70431,70432,1,1
70430,70431,70432,1,1
70430,70431,70432,1,1
70430,70431,70432,1,1
70430,70432,70433,1,2
70430,70432,70433,1,2
70430,70432,70434,2,2
70430,70432,70433,1,2
70430,70432,70433,1,2
70430,70433,70434,1,3
70430,70432,70433,1,2
70430,70433,70434,1,3
70430,70433,70434,1,3
70430,70433,70434,1,3
70430,70433,70434,1,3
70430,70433,70435,2,3
70430,70433,70434,1,3
70430,70433,70434,1,3
70430,70433,70434,1,3
70430,70433,70434,1,3
70430,70433,70434,1,3
70430,70434,70435,1,4
70430,70433,70434,1,3
70430,70433,70434,1,3
70430,70434,70435,1,4
70430,70434,70435,1,4
70430,70434,70435,1,4
70430,70434,70435,1,4
70430,70435,70436,1,5
70430,70435,70436,1,5
70430,70434,70435,1,4
70430,70434,70435,1,4
70430,70435,70436,1,5
70430,70435,70436,1,5
70430,70435,70436,1,5
70430,70435,70436,1,5
70430,70435,70436,1,5
70430,70435,70436,1,5
70430,70435,70436,1,5
70430,70435,70436,1,5
70430,70435,70436,1,5
70430,70435,70436,1,5
70430,70435,70436,1,5
70430,70435,70436,1,5
70430,70433,70435,2,3
70430,70436,70437,1,6
70430,70436,70437,1,6
70430,70436,70437,1,6
70430,70436,70437,1,6
70430,70436,70437,1,6
70430,70436,70437,1,6
70430,70436,70437,1,6
70430,70436,70437,1,6
70430,70436,70437,1,6
70430,70436,70437,1,6
70430,70436,70437,1,6
70430,70436,70437,1,6
70430,70436,70437,1,6
70430,70436,70437,1,6
70430,70436,70437,1,6
70430,70436,70438,2,6
70430,70437,70438,1,7
70430,70437,70438,1,7
70430,70436,70438,2,6
70430,70437,70438,1,7
70430,70437,70438,1,7
70430,70436,70437,1,6
70430,70437,70438,1,7
70430,70437,70438,1,7
70431,70438,70439,1,7
70431,70438,70439,1,7
70431,70438,70439,1,7
70431,70438,70439,1,7
70430,70437,70438,1,7
70431,70439,70440,1,8
70431,70438,70439,1,7
70431,70439,70440,1,8
70431,70438,70439,1,7
70431,70439,70440,1,8
70431,70439,70440,1,8
70431,70439,70440,1,8
70431,70439,70440,1,8
70431,70439,70440,1,8
70431,70439,70440,1,8
70431,70439,70440,1,8
70431,70439,70441,2,8
70431,70439,70441,2,8
70431,70439,70441,2,8
70431,70439,70441,2,8
70431,70440,70441,1,9
70431,70440,70441,1,9
70431,70440,70441,1,9
70431,70441,70442,1,10
70431,70441,70442,1,10
70431,70441,70442,1,10
70431,70441,70442,1,10
70431,70441,70442,1,10
70431,70441,70442,1,10
70431,70441,70442,1,10
70431,70441,70442,1,10
70431,70441,70442,1,10
70431,70441,70442,1,10
70431,70442,70443,1,11
70431,70440,70442,2,9
70431,70442,70443,1,11
70431,70442,70443,1,11
70431,70442,70443,1,11
70431,70442,70443,1,11
70431,70441,70443,2,10
70431,70442,70443,1,11
70431,70442,70443,1,11
70431,70442,70443,1,11
70431,70443,70444,1,12
70431,70443,70444,1,12
70431,70443,70444,1,12
70431,70444,70445,1,13
70431,70444,70445,1,13
70431,70444,70445,1,13
70431,70444,70445,1,13
70431,70444,70445,1,13
70431,70444,70445,1,13
70431,70444,70445,1,13
70431,70443,70444,1,12
70431,70444,70445,1,13
70431,70444,70445,1,13
70431,70445,70446,1,14
70431,70445,70446,1,14
70431,70445,70446,1,14
70431,70445,70446,1,14
70431,70445,70446,1,14
70431,70445,70446,1,14
70431,70446,70447,1,15
70431,70446,70447,1,15
70433,70446,70447,1,13
70433,70446,70447,1,13
70433,70446,70447,1,13
70431,70445,70447,2,14
70433,70446,70447,1,13
70433,70446,70447,1,13
70433,70446,70447,1,13
70431,70440,70446,6,9
70431,70446,70447,1,15
70431,70446,70447,1,15
70431,70446,70447,1,15
70433,70447,70448,1,14
70433,70447,70448,1,14
70433,70447,70448,1,14
70433,70447,70448,1,14
70433,70447,70448,1,14
70431,70447,70449,2,16
70433,70447,70449,2,14
70433,70447,70449,2,14
70433,70448,70449,1,15
70433,70448,70449,1,15
70433,70448,70449,1,15
70433,70448,70450,2,15
70433,70448,70450,2,15
70433,70448,70450,2,15
70433,70448,70450,2,15
70433,70448,70450,2,15
70433,70448,70450,2,15
70433,70448,70450,2,15
70433,70448,70450,2,15
70433,70447,70449,2,14
70433,70447,70450,3,14
70433,70449,70451,2,16
70433,70450,70451,1,17
70433,70450,70451,1,17
70433,70450,70451,1,17
70433,70449,70451,2,16
70433,70450,70451,1,17
70433,70450,70451,1,17
70433,70450,70451,1,17
70433,70450,70452,2,17
70433,70450,70452,2,17
70433,70448,70452,4,15
70433,70449,70451,2,16
70433,70450,70451,1,17
70433,70450,70451,1,17
70433,70450,70451,1,17
70433,70451,70452,1,18
70433,70451,70452,1,18
70433,70451,70452,1,18
70433,70452,70453,1,19
70433,70452,70453,1,19
70433,70452,70453,1,19
70433,70452,70453,1,19
70433,70452,70453,1,19
70433,70452,70453,1,19
70433,70452,70453,1,19
70433,70452,70453,1,19
70433,70452,70453,1,19
70433,70452,70453,1,19
70433,70451,70453,2,18
70433,70453,70454,1,20
70433,70453,70454,1,20
70433,70453,70454,1,20
70433,70453,70454,1,20
70433,70453,70454,1,20
70433,70452,70454,2,19
70433,70453,70454,1,20
70433,70453,70454,1,20
70433,70453,70454,1,20
70433,70453,70454,1,20
70433,70454,70455,1,21
70433,70454,70455,1,21
70433,70454,70455,1,21
70433,70454,70455,1,21
70433,70454,70455,1,21
70433,70454,70455,1,21
70433,70454,70455,1,21
70433,70454,70455,1,21
70433,70455,70456,1,22
70433,70455,70456,1,22
69751,69760,70459,699,9
70474,70474,70475,1,0
70474,70474,70475,1,0
70474,70474,70475,1,0
70474,70474,70475,1,0
70474,70474,70475,1,0
70474,70474,70475,1,0
70474,70474,70475,1,0
70474,70474,70475,1,0
70474,70474,70475,1,0
70474,70474,70476,2,0
70474,70474,70475,1,0
70474,70474,70476,2,0
70474,70474,70476,2,0
70474,70474,70475,1,0
70474,70475,70476,1,1
70474,70475,70477,2,1
70474,70475,70477,2,1
70474,70475,70477,2,1
70474,70475,70477,2,1
70474,70475,70477,2,1
70474,70475,70477,2,1
70474,70475,70477,2,1
70474,70476,70478,2,2
70474,70476,70478,2,2
70474,70476,70478,2,2
70474,70475,70477,2,1
70474,70476,70478,2,2
70474,70477,70479,2,3
70474,70477,70479,2,3
70474,70477,70479,2,3
70474,70476,70479,3,2
70474,70476,70479,3,2
70474,70477,70479,2,3
70474,70477,70479,2,3
70474,70477,70479,2,3
70474,70476,70478,2,2
70474,70477,70479,2,3
70474,70477,70479,2,3
70474,70479,70480,1,5
70474,70479,70480,1,5
70474,70479,70480,1,5
70474,70478,70480,2,4
70474,70478,70480,2,4
70474,70479,70480,1,5
70474,70478,70480,2,4
70474,70478,70480,2,4
70474,70479,70480,1,5
70474,70479,70480,1,5
70474,70479,70480,1,5
70474,70479,70481,2,5
70474,70479,70480,1,5
70474,70478,70481,3,4
70474,70480,70481,1,6
70474,70480,70481,1,6
70474,70480,70481,1,6
70474,70480,70481,1,6
70474,70481,70482,1,7
70474,70481,70482,1,7
70474,70481,70482,1,7
70474,70481,70482,1,7
70474,70481,70482,1,7
70474,70482,70483,1,8
70474,70482,70483,1,8
70474,70482,70483,1,8
70474,70481,70482,1,7
70474,70481,70483,2,7
70474,70483,70484,1,9
70474,70483,70484,1,9
70474,70483,70484,1,9
70474,70483,70484,1,9
70474,70483,70484,1,9
70474,70483,70484,1,9
70474,70484,70485,1,10
70474,70484,70485,1,10
70474,70476,70491,15,2
70002,70010,70509,499,8
70510,70510,70511,1,0
70510,70510,70511,1,0
70510,70510,70511,1,0
70510,70510,70511,1,0
70510,70510,70511,1,0
70510,70510,70511,1,0
70510,70510,70511,1,0
70510,70510,70511,1,0
70510,70510,70511,1,0
70510,70510,70511,1,0
70510,70510,70512,2,0
70510,70510,70511,1,0
70510,70510,70512,2,0
70510,70510,70511,1,0
70510,70510,70512,2,0
70510,70510,70512,2,0
70510,70510,70511,1,0
70510,70511,70512,1,1
70510,70511,70512,1,1
70510,70511,70512,1,1
70510,70511,70512,1,1
70510,70511,70513,2,1
70510,70511,70512,1,1
70510,70511,70513,2,1
70510,70511,70513,2,1
70510,70512,70513,1,2
70510,70512,70513,1,2
70510,70512,70513,1,2
70510,70512,70514,2,2
70510,70513,70514,1,3
70510,70513,70514,1,3
70510,70513,70514,1,3
70510,70512,70514,2,2
70510,70512,70514,2,2
70510,70512,70514,2,2
70510,70512,70514,2,2
70510,70512,70514,2,2
70510,70512,70515,3,2
70510,70513,70515,2,3
70510,70514,70515,1,4
70510,70513,70514,1,3
70510,70514,70515,1,4
70510,70515,70516,1,5
70510,70513,70515,2,3
70510,70515,70516,1,5
70510,70514,70516,2,4
70510,70514,70516,2,4
70510,70515,70516,1,5
70510,70515,70516,1,5
70510,70516,70517,1,6
70510,70515,70516,1,5
70510,70516,70517,1,6
70510,70516,70517,1,6
70510,70516,70517,1,6
70510,70516,70517,1,6
70510,70516,70517,1,6
70510,70517,70518,1,7
70510,70517,70518,1,7
70510,70516,70518,2,6
70510,70518,70519,1,8
70510,70517,70518,1,7
70510,70518,70519,1,8
70510,70517,70518,1,7
70510,70518,70519,1,8
70510,70518,70519,1,8
70510,70518,70519,1,8
70510,70518,70519,1,8
70510,70518,70519,1,8
70510,70519,70520,1,9
70510,70519,70520,1,9
69820,69829,70530,701,9
70540,70541,70542,1,1
70540,70541,70542,1,1
70540,70541,70542,1,1
70540,70541,70542,1,1
70540,70542,70543,1,2
70540,70542,70543,1,2
70540,70542,70543,1,2
70540,70542,70543,1,2
70540,70542,70543,1,2
70540,70543,70544,1,3
70540,70542,70543,1,2
70540,70542,70543,1,2
70540,70542,70543,1,2
70540,70543,70544,1,3
70540,70542,70543,1,2
70540,70543,70544,1,3
70540,70543,70544,1,3
70540,70543,70544,1,3
70540,70544,70545,1,4
70540,70544,70545,1,4
70540,70544,70545,1,4
70540,70544,70545,1,4
70540,70544,70545,1,4
70540,70544,70545,1,4
70540,70544,70545,1,4
70540,70544,70545,1,4
70540,70544,70545,1,4
70540,70544,70545,1,4
70540,70544,70545,1,4
70540,70544,70545,1,4
70540,70544,70545,1,4
70540,70545,70546,1,5
70540,70545,70546,1,5
70540,70545,70546,1,5
70540,70546,70547,1,6
70540,70546,70547,1,6
70540,70545,70546,1,5
70540,70546,70547,1,6
70540,70545,70546,1,5
70540,70545,70546,1,5
70540,70545,70546,1,5
70540,70545,70546,1,5
70540,70546,70547,1,6
70540,70546,70547,1,6
70540,70546,70547,1,6
70540,70546,70547,1,6
70540,70547,70548,1,7
70540,70547,70548,1,7
70540,70547,70548,1,7
70540,70547,70548,1,7
70540,70547,70548,1,7
70540,70547,70548,1,7
70540,70547,70548,1,7
70540,70547,70548,1,7
70540,70547,70548,1,7
70540,70547,70548,1,7
70540,70547,70548,1,7
70540,70547,70548,1,7
70540,70547,70548,1,7
70540,70547,70548,1,7
70540,70548,70549,1,8
70540,70548,70549,1,8
70540,70548,70549,1,8
70540,70548,70549,1,8
70540,70548,70549,1,8
70080,70086,70565,479,6
70567,70567,70568,1,0
70567,70567,70568,1,0
70567,70567,70568,1,0
70567,70567,70568,1,0
70567,70567,70568,1,0
70567,70567,70568,1,0
70567,70567,70568,1,0
70567,70567,70568,1,0
70567,70567,70568,1,0
70567,70567,70568,1,0
70567,70567,70568,1,0
70567,70567,70569,2,0
70567,70567,70569,2,0
70567,70567,70569,2,0
70567,70567,70569,2,0
70567,70567,70568,1,0
70567,70567,70569,2,0
70567,70568,70570,2,1
70567,70568,70570,2,1
70567,70568,70570,2,1
70567,70568,70570,2,1
70567,70568,70570,2,1
70567,70568,70570,2,1
70567,70568,70570,2,1
70567,70568,70570,2,1
70567,70568,70570,2,1
70567,70568,70571,3,1
70567,70568,70571,3,1
70567,70570,70571,1,3
70567,70570,70571,1,3
70567,70570,70571,1,3
70567,70570,70571,1,3
70567,70569,70572,3,2
70567,70571,70572,1,4
70567,70571,70572,1,4
70567,70571,70572,1,4
70567,70571,70572,1,4
70567,70571,70572,1,4
70567,70570,70572,2,3
70567,70571,70572,1,4
70567,70571,70572,1,4
70567,70571,70572,1,4
70567,70571,70572,1,4
70567,70571,70573,2,4
70567,70572,70573,1,5
70567,70572,70573,1,5
70567,70572,70573,1,5
70567,70572,70573,1,5
70567,70572,70573,1,5
70567,70573,70574,1,6
70567,70573,70574,1,6
70567,70573,70574,1,6
70567,70573,70574,1,6
70567,70573,70574,1,6
70567,70573,70574,1,6
70567,70573,70574,1,6
70567,70573,70574,1,6
70567,70573,70574,1,6
70567,70573,70574,1,6
70567,70572,70575,3,5
70567,70574,70575,1,7
70567,70574,70575,1,7
70567,70574,70575,1,7
70567,70574,70575,1,7
70567,70574,70575,1,7
70567,70574,70575,1,7
70567,70575,70576,1,8
70567,70575,70576,1,8
70567,70575,70576,1,8
70567,70575,70576,1,8
70567,70576,70577,1,9
70567,70576,70577,1,9
70567,70576,70577,1,9
70567,70576,70577,1,9
70567,70575,70576,1,8
70567,70575,70576,1,8
70567,70576,70577,1,9
70567,70577,70578,1,10
70567,70577,70578,1,10
70567,70576,70578,2,9
69887,69897,70590,693,10
70596,70596,70597,1,0
70596,70596,70597,1,0
70596,70596,70597,1,0
70596,70596,70597,1,0
70596,70596,70597,1,0
70596,70597,70598,1,1
70596,70597,70598,1,1
70596,70597,70598,1,1
70596,70597,70598,1,1
70596,70597,70598,1,1
70596,70596,70597,1,0
70596,70596,70597,1,0
70596,70598,70599,1,2
70596,70597,70598,1,1
70596,70598,70599,1,2
70596,70598,70599,1,2
70596,70597,70598,1,1
70596,70597,70598,1,1
70596,70597,70598,1,1
70596,70597,70598,1,1
70596,70597,70598,1,1
70596,70598,70600,2,2
70596,70599,70600,1,3
70596,70598,70599,1,2
70596,70598,70599,1,2
70596,70599,70600,1,3
70596,70599,70600,1,3
70596,70598,70599,1,2
70596,70598,70599,1,2
70596,70598,70599,1,2
70596,70598,70599,1,2
70596,70598,70599,1,2
70596,70599,70600,1,3
70596,70599,70600,1,3
70596,70599,70600,1,3
70596,70599,70600,1,3
70596,70599,70600,1,3
70596,70600,70601,1,4
70596,70600,70601,1,4
70596,70599,70600,1,3
70596,70600,70601,1,4
70596,70600,70601,1,4
70596,70600,70601,1,4
70596,70600,70601,1,4
70596,70600,70601,1,4
70596,70600,70601,1,4
70596,70600,70601,1,4
70596,70600,70601,1,4
70596,70600,70601,1,4
70596,70600,70601,1,4
70596,70600,70601,1,4
70596,70600,70601,1,4
70596,70600,70601,1,4
70596,70601,70602,1,5
70596,70601,70602,1,5
70596,70601,70602,1,5
70596,70601,70602,1,5
70596,70601,70602,1,5
70596,70601,70602,1,5
70596,70601,70602,1,5
70596,70601,70602,1,5
70596,70601,70602,1,5
70596,70601,70602,1,5
70596,70601,70602,1,5
70596,70601,70602,1,5
70596,70600,70601,1,4
70596,70601,70602,1,5
70596,70601,70602,1,5
70596,70601,70602,1,5
70596,70602,70603,1,6
70596,70602,70603,1,6
70596,70602,70603,1,6
70596,70602,70603,1,6
70596,70602,70603,1,6
70596,70602,70603,1,6
70596,70602,70603,1,6
70596,70602,70603,1,6
70596,70602,70603,1,6
70596,70602,70603,1,6
70596,70602,70603,1,6
70596,70602,70603,1,6
70596,70602,70603,1,6
70596,70603,70604,1,7
70596,70603,70604,1,7
70596,70603,70604,1,7
69842,69850,70606,756,8
70621,70621,70622,1,0
70621,70621,70622,1,0
70621,70621,70622,1,0
70129,70138,70622,484,9
70621,70621,70622,1,0
70621,70621,70622,1,0
70621,70621,70622,1,0
70621,70622,70623,1,1
70621,70622,70623,1,1
70621,70622,70623,1,1
70621,70622,70623,1,1
70621,70622,70623,1,1
70621,70622,70623,1,1
70621,70622,70623,1,1
70621,70622,70623,1,1
70621,70622,70623,1,1
70621,70622,70623,1,1
70621,70622,70623,1,1
70621,70623,70624,1,2
70621,70622,70623,1,1
70621,70623,70624,1,2
70621,70623,70624,1,2
70621,70623,70624,1,2
70621,70623,70624,1,2
70621,70623,70624,1,2
70621,70623,70624,1,2
70621,70623,70624,1,2
70621,70623,70624,1,2
70621,70623,70624,1,2
70621,70623,70624,1,2
70621,70623,70624,1,2
70621,70624,70625,1,3
70621,70623,70624,1,2
70621,70624,70625,1,3
70621,70623,70624,1,2
70621,70623,70624,1,2
70621,70623,70624,1,2
70621,70623,70624,1,2
70621,70624,70625,1,3
70621,70624,70625,1,3
70621,70624,70625,1,3
70621,70624,70625,1,3
70621,70624,70625,1,3
70621,70624,70625,1,3
70621,70624,70625,1,3
70621,70624,70625,1,3
70621,70624,70625,1,3
70621,70625,70626,1,4
70621,70625,70626,1,4
70621,70625,70626,1,4
70621,70625,70626,1,4
70621,70625,70626,1,4
70621,70625,70626,1,4
70621,70625,70626,1,4
70621,70625,70626,1,4
70621,70625,70626,1,4
70621,70625,70626,1,4
70621,70625,70626,1,4
70621,70625,70626,1,4
70621,70625,70626,1,4
70621,70625,70626,1,4
70621,70625,70626,1,4
70621,70625,70626,1,4
70621,70626,70627,1,5
70621,70626,70627,1,5
70621,70626,70627,1,5
70621,70626,70627,1,5
70621,70626,70627,1,5
70621,70626,70627,1,5
70621,70626,70627,1,5
70621,70626,70627,1,5
70621,70626,70627,1,5
70621,70626,70627,1,5
70621,70626,70627,1,5
70621,70626,70627,1,5
70623,70627,70628,1,4
70623,70627,70628,1,4
70623,70627,70628,1,4
70623,70627,70628,1,4
70623,70628,70629,1,5
70623,70628,70629,1,5
70623,70627,70628,1,4
70623,70627,70628,1,4
70623,70629,70630,1,6
70623,70629,70630,1,6
70623,70629,70630,1,6
70623,70629,70630,1,6
70623,70629,70630,1,6
70623,70629,70630,1,6
70623,70628,70629,1,5
70623,70629,70630,1,6
70623,70628,70629,1,5
70623,70628,70630,2,5
70623,70628,70630,2,5
70623,70630,70631,1,7
70623,70630,70631,1,7
70623,70630,70631,1,7
70623,70629,70630,1,6
70623,70630,70631,1,7
70623,70630,70631,1,7
70623,70630,70631,1,7
70623,70631,70632,1,8
70623,70630,70631,1,7
70623,70630,70631,1,7
70623,70630,70631,1,7
70623,70630,70631,1,7
70623,70630,70631,1,7
70623,70630,70631,1,7
70623,70631,70632,1,8
70623,70630,70631,1,7
70623,70630,70632,2,7
70623,70632,70633,1,9
70623,70632,70633,1,9
70623,70632,70633,1,9
70623,70632,70633,1,9
70623,70632,70633,1,9
70623,70632,70633,1,9
70623,70632,70633,1,9
70623,70632,70633,1,9
70623,70632,70633,1,9
70623,70632,70633,1,9
70623,70632,70633,1,9
70623,70631,70632,1,8
70623,70633,70634,1,10
70623,70633,70634,1,10
70623,70633,70634,1,10
70623,70633,70634,1,10
70623,70633,70634,1,10
70623,70633,70634,1,10
70623,70633,70634,1,10
70623,70633,70634,1,10
70623,70633,70634,1,10
70623,70633,70634,1,10
70623,70634,70635,1,11
70623,70634,70635,1,11
70623,70634,70635,1,11
70623,70634,70635,1,11
70623,70633,70634,1,10
70623,70634,70635,1,11
70623,70634,70635,1,11
70623,70634,70635,1,11
70623,70634,70635,1,11
70623,70634,70635,1,11
70623,70633,70634,1,10
70623,70633,70634,1,10
70623,70633,70634,1,10
70623,70634,70635,1,11
70623,70634,70635,1,11
69811,69819,70643,824,8
69930,69938,70644,706,8
70644,70645,70646,1,1
70644,70645,70646,1,1
70644,70645,70646,1,1
70644,70645,70646,1,1
70644,70645,70646,1,1
70644,70646,70647,1,2
70644,70646,70647,1,2
70644,70646,70647,1,2
70644,70646,70647,1,2
70644,70646,70647,1,2
70644,70646,70647,1,2
70644,70646,70647,1,2
70644,70646,70647,1,2
70644,70646,70647,1,2
70644,70646,70647,1,2
70644,70646,70647,1,2
70644,70646,70647,1,2
70644,70646,70647,1,2
70644,70647,70648,1,3
70644,70647,70648,1,3
70644,70647,70648,1,3
70644,70647,70648,1,3
70644,70648,70649,1,4
70644,70648,70649,1,4
70644,70648,70649,1,4
70644,70648,70649,1,4
70644,70647,70648,1,3
70644,70648,70649,1,4
70644,70648,70649,1,4
70644,70648,70649,1,4
70644,70648,70649,1,4
70644,70648,70649,1,4
70644,70649,70650,1,5
70644,70648,70649,1,4
70644,70648,70649,1,4
70644,70648,70649,1,4
70644,70648,70649,1,4
70644,70649,70650,1,5
70644,70649,70650,1,5
70644,70649,70650,1,5
70644,70649,70651,2,5
70644,70649,70650,1,5
70644,70649,70650,1,5
70644,70650,70651,1,6
70644,70649,70650,1,5
70644,70650,70651,1,6
70644,70650,70651,1,6
70644,70650,70651,1,6
70644,70650,70651,1,6
70644,70650,70651,1,6
70644,70650,70651,1,6
70644,70650,70651,1,6
70644,70650,70651,1,6
70644,70650,70651,1,6
70644,70651,70652,1,7
70644,70651,70652,1,7
70644,70651,70652,1,7
70644,70651,70652,1,7
70644,70651,70652,1,7
70644,70651,70652,1,7
70644,70651,70652,1,7
70644,70651,70652,1,7
70644,70652,70653,1,8
70644,70652,70653,1,8
70644,70652,70653,1,8
70644,70652,70653,1,8
70644,70652,70653,1,8
70644,70652,70653,1,8
70644,70652,70653,1,8
70644,70652,70653,1,8
70644,70652,70653,1,8
70644,70652,70653,1,8
70644,70652,70653,1,8
70644,70652,70653,1,8
70644,70652,70653,1,8
70644,70649,70662,13,5
70665,70665,70666,1,0
70665,70665,70666,1,0
70665,70666,70667,1,1
70665,70665,70666,1,0
70665,70666,70667,1,1
70665,70666,70667,1,1
70665,70666,70667,1,1
70665,70665,70666,1,0
70665,70667,70668,1,2
70665,70666,70668,2,1
70665,70666,70667,1,1
70665,70666,70667,1,1
70665,70666,70667,1,1
70665,70666,70667,1,1
70665,70666,70667,1,1
70665,70666,70667,1,1
70665,70667,70668,1,2
70665,70667,70668,1,2
70665,70667,70668,1,2
70665,70667,70668,1,2
70665,70668,70669,1,3
70665,70667,70668,1,2
70665,70667,70669,2,2
70665,70667,70668,1,2
70665,70667,70668,1,2
70665,70668,70669,1,3
70665,70668,70669,1,3
70665,70668,70669,1,3
70665,70668,70669,1,3
70665,70668,70669,1,3
70665,70668,70669,1,3
70665,70668,70669,1,3
70665,70668,70669,1,3
70665,70668,70669,1,3
70665,70669,70670,1,4
70665,70668,70670,2,3
70665,70668,70669,1,3
70665,70669,70670,1,4
70665,70669,70670,1,4
70665,70669,70670,1,4
70665,70669,70670,1,4
70665,70669,70670,1,4
70665,70669,70670,1,4
70665,70669,70670,1,4
70665,70669,70670,1,4
70665,70665,70670,5,0
70665,70670,70671,1,5
70665,70669,70670,1,4
70665,70669,70670,1,4
70665,70669,70670,1,4
70665,70669,70670,1,4
70665,70670,70671,1,5
70665,70670,70671,1,5
70665,70670,70671,1,5
70665,70670,70671,1,5
70665,70670,70671,1,5
70665,70670,70671,1,5
70665,70670,70671,1,5
70665,70670,70671,1,5
70665,70670,70671,1,5
70665,70669,70671,2,4
70665,70671,70672,1,6
70665,70671,70672,1,6
70665,70671,70672,1,6
70665,70671,70672,1,6
70665,70671,70672,1,6
70665,70671,70672,1,6
70665,70672,70673,1,7
70665,70672,70673,1,7
70665,70671,70673,2,6
70665,70671,70673,2,6
70665,70672,70673,1,7
70665,70672,70673,1,7
70665,70672,70673,1,7
70665,70672,70673,1,7
70665,70672,70673,1,7
70665,70671,70674,3,6
70665,70670,70675,5,5
70665,70671,70683,12,6
70031,70038,70766,728,7
70769,70769,70770,1,0
70769,70769,70770,1,0
70769,70769,70770,1,0
70769,70769,70770,1,0
70769,70769,70770,1,0
70769,70769,70770,1,0
70769,70769,70770,1,0
70769,70769,70770,1,0
70769,70769,70770,1,0
70769,70769,70770,1,0
70769,70769,70771,2,0
70769,70770,70771,1,1
70769,70770,70772,2,1
70769,70770,70771,1,1
70769,70770,70771,1,1
70769,70770,70771,1,1
70769,70770,70771,1,1
70769,70770,70771,1,1
70769,70770,70771,1,1
70769,70770,70772,2,1
70769,70771,70773,2,2
70769,70771,70773,2,2
70769,70771,70773,2,2
70769,70771,70773,2,2
70769,70771,70773,2,2
70769,70772,70773,1,3
70769,70771,70773,2,2
70769,70771,70774,3,2
70769,70772,70774,2,3
70769,70772,70773,1,3
70769,70772,70773,1,3
70769,70772,70773,1,3
70769,70772,70773,1,3
70769,70772,70773,1,3
70769,70772,70774,2,3
70769,70773,70774,1,4
70769,70769,70774,5,0
70769,70772,70774,2,3
70769,70773,70775,2,4
70769,70774,70775,1,5
70769,70774,70775,1,5
70769,70774,70775,1,5
70769,70774,70775,1,5
70769,70774,70775,1,5
70769,70773,70775,2,4
70769,70773,70775,2,4
70769,70774,70775,1,5
70769,70774,70775,1,5
70769,70774,70775,1,5
70769,70775,70776,1,6
70769,70774,70776,2,5
70769,70774,70775,1,5
70769,70774,70776,2,5
70769,70775,70776,1,6
70769,70775,70776,1,6
70769,70775,70776,1,6
70769,70775,70776,1,6
70769,70775,70776,1,6
70769,70775,70776,1,6
70769,70775,70776,1,6
70769,70776,70777,1,7
70769,70776,70777,1,7
70769,70775,70777,2,6
70769,70776,70777,1,7
70769,70776,70777,1,7
70769,70776,70777,1,7
70769,70776,70777,1,7
70769,70775,70776,1,6
70769,70776,70777,1,7
70769,70776,70777,1,7
70769,70776,70777,1,7
70769,70776,70777,1,7
70769,70775,70776,1,6
70769,70775,70777,2,6
70769,70776,70777,1,7
70769,70777,70778,1,8
70769,70777,70778,1,8
70769,70777,70778,1,8
70769,70777,70778,1,8
70769,70777,70778,1,8
70769,70776,70777,1,7
70769,70777,70778,1,8
70769,70777,70778,1,8
70769,70777,70778,1,8
70769,70777,70778,1,8
70769,70777,70778,1,8
70769,70777,70778,1,8
70769,70777,70778,1,8
70769,70778,70779,1,9
70769,70777,70778,1,8
70769,70777,70778,1,8
70769,70777,70779,2,8
70084,70095,70841,746,11
70843,70843,70844,1,0
70843,70843,70844,1,0
70843,70843,70844,1,0
70843,70843,70844,1,0
70843,70843,70844,1,0
70843,70843,70844,1,0
70843,70843,70844,1,0
70843,70843,70844,1,0
70843,70843,70844,1,0
70843,70843,70844,1,0
70843,70844,70845,1,1
70843,70843,70845,2,0
70843,70843,70845,2,0
70843,70843,70845,2,0
70843,70844,70845,1,1
70843,70844,70845,1,1
70843,70843,70845,2,0
70843,70843,70845,2,0
70843,70844,70845,1,1
70843,70844,70845,1,1
70843,70844,70845,1,1
70843,70844,70846,2,1
70843,70844,70846,2,1
70843,70844,70846,2,1
70843,70844,70846,2,1
70843,70844,70846,2,1
70843,70844,70846,2,1
70843,70845,70847,2,2
70843,70845,70847,2,2
70843,70845,70847,2,2
70843,70846,70847,1,3
70843,70846,70847,1,3
70843,70846,70847,1,3
70843,70846,70847,1,3
70843,70846,70848,2,3
70843,70845,70848,3,2
70843,70845,70848,3,2
70843,70845,70847,2,2
70843,70847,70848,1,4
70843,70847,70848,1,4
70843,70847,70848,1,4
70843,70847,70849,2,4
70843,70847,70849,2,4
70843,70847,70849,2,4
70843,70848,70849,1,5
70843,70848,70849,1,5
70843,70847,70849,2,4
70843,70848,70849,1,5
70843,70848,70849,1,5
70843,70848,70849,1,5
70843,70848,70849,1,5
70843,70849,70850,1,6
70843,70849,70850,1,6
70843,70849,70850,1,6
70843,70849,70850,1,6
70843,70849,70850,1,6
70843,70849,70850,1,6
70843,70850,70851,1,7
70843,70850,70851,1,7
70843,70850,70851,1,7
70843,70850,70851,1,7
70843,70850,70851,1,7
70843,70850,70851,1,7
70843,70849,70850,1,6
70843,70849,70850,1,6
70843,70850,70851,1,7
70843,70851,70852,1,8
70843,70850,70851,1,7
70843,70850,70851,1,7
70843,70851,70852,1,8
70843,70851,70852,1,8
70843,70851,70852,1,8
70843,70851,70852,1,8
70843,70851,70852,1,8
70843,70851,70852,1,8
70843,70851,70852,1,8
70843,70852,70853,1,9
70843,70851,70852,1,8
70843,70851,70852,1,8
70843,70851,70852,1,8
70843,70852,70853,1,9
70843,70852,70853,1,9
70843,70852,70853,1,9
70843,70852,70853,1,9
70843,70852,70853,1,9
70843,70851,70853,2,8
70843,70852,70853,1,9
70843,70852,70853,1,9
70145,70153,70861,708,8
70872,70873,70874,1,1
70872,70873,70874,1,1
70872,70873,70874,1,1
70872,70874,70875,1,2
70872,70874,70875,1,2
70872,70874,70876,2,2
70872,70874,70875,1,2
70872,70874,70875,1,2
70872,70874,70875,1,2
70872,70874,70875,1,2
70872,70874,70875,1,2
70872,70874,70875,1,2
70872,70874,70875,1,2
70872,70874,70875,1,2
70872,70874,70875,1,2
70872,70874,70875,1,2
70872,70875,70876,1,3
70872,70874,70876,2,2
70872,70875,70876,1,3
70872,70876,70877,1,4
70872,70876,70877,1,4
70872,70876,70877,1,4
70872,70876,70877,1,4
70872,70876,70877,1,4
70872,70875,70877,2,3
70872,70876,70877,1,4
70872,70876,70877,1,4
70872,70876,70877,1,4
70872,70877,70878,1,5
70872,70877,70878,1,5
70872,70877,70878,1,5
70872,70877,70878,1,5
70872,70877,70878,1,5
70872,70876,70877,1,4
70872,70876,70877,1,4
70872,70877,70878,1,5
70872,70877,70878,1,5
70872,70877,70878,1,5
70872,70878,70879,1,6
70872,70877,70878,1,5
70872,70878,70879,1,6
70872,70878,70879,1,6
70872,70878,70879,1,6
70872,70878,70879,1,6
70872,70878,70879,1,6
70872,70878,70879,1,6
70872,70879,70880,1,7
70872,70879,70880,1,7
70872,70879,70880,1,7
70872,70879,70880,1,7
70872,70879,70880,1,7
70872,70879,70880,1,7
70872,70879,70880,1,7
70872,70879,70880,1,7
70872,70879,70880,1,7
70872,70879,70880,1,7
70872,70879,70880,1,7
70872,70879,70880,1,7
70872,70879,70880,1,7
70872,70879,70880,1,7
70872,70880,70881,1,8
70872,70880,70881,1,8
70872,70880,70881,1,8
70872,70880,70881,1,8
70872,70880,70881,1,8
70872,70880,70881,1,8
70872,70880,70881,1,8
70872,70880,70881,1,8
70382,70390,70888,498,8
70901,70901,70902,1,0
70901,70901,70902,1,0
70901,70901,70902,1,0
70901,70901,70902,1,0
70901,70901,70903,2,0
70901,70902,70903,1,1
70901,70902,70903,1,1
70901,70902,70903,1,1
70901,70902,70903,1,1
70901,70902,70903,1,1
70901,70902,70904,2,1
70901,70902,70904,2,1
70901,70902,70903,1,1
70901,70902,70903,1,1
70901,70902,70904,2,1
70901,70902,70904,2,1
70194,70201,70904,703,7
70901,70902,70904,2,1
70901,70904,70905,1,3
70901,70904,70905,1,3
70901,70903,70904,1,2
70901,70903,70904,1,2
70901,70904,70905,1,3
70901,70903,70905,2,2
70901,70903,70905,2,2
70901,70904,70905,1,3
70901,70904,70906,2,3
70901,70904,70905,1,3
70901,70904,70906,2,3
70901,70905,70906,1,4
70901,70905,70906,1,4
70901,70905,70907,2,4
70901,70905,70907,2,4
70901,70904,70906,2,3
70901,70904,70906,2,3
70901,70904,70906,2,3
70901,70906,70908,2,5
70901,70905,70907,2,4
70901,70905,70907,2,4
70901,70905,70907,2,4
70901,70906,70908,2,5
70901,70906,70908,2,5
70901,70906,70908,2,5
70901,70905,70907,2,4
70901,70906,70908,2,5
70901,70906,70908,2,5
70901,70907,70908,1,6
70901,70907,70908,1,6
70901,70907,70909,2,6
70901,70907,70909,2,6
70901,70908,70909,1,7
70901,70906,70908,2,5
70901,70907,70909,2,6
70901,70907,70909,2,6
70901,70907,70909,2,6
70901,70909,70910,1,8
70901,70909,70910,1,8
70901,70908,70910,2,7
70901,70908,70909,1,7
70901,70908,70909,1,7
70901,70908,70909,1,7
70901,70909,70910,1,8
70901,70909,70910,1,8
70901,70909,70910,1,8
70901,70908,70909,1,7
70901,70909,70910,1,8
70901,70909,70910,1,8
70901,70908,70909,1,7
70901,70909,70910,1,8
70901,70909,70910,1,8
70901,70908,70910,2,7
70901,70909,70910,1,8
70901,70909,70910,1,8
70901,70910,70911,1,9
70901,70910,70911,1,9
70901,70910,70911,1,9
70901,70910,70911,1,9
70901,70910,70911,1,9
70901,70910,70911,1,9
70901,70910,70911,1,9
70901,70910,70911,1,9
70901,70910,70911,1,9
70901,70910,70911,1,9
70906,70911,70912,1,5
70906,70911,70912,1,5
70906,70911,70912,1,5
70906,70911,70912,1,5
70906,70911,70912,1,5
70906,70911,70912,1,5
70906,70911,70912,1,5
70906,70911,70912,1,5
70906,70911,70912,1,5
70906,70911,70912,1,5
70906,70911,70912,1,5
70906,70911,70912,1,5
70906,70911,70912,1,5
70906,70911,70912,1,5
70901,70911,70912,1,10
70901,70911,70912,1,10
70906,70912,70913,1,6
70906,70911,70912,1,5
70906,70912,70914,2,6
70906,70912,70914,2,6
70906,70912,70914,2,6
70906,70912,70914,2,6
70906,70912,70914,2,6
70906,70912,70914,2,6
70906,70912,70914,2,6
70906,70913,70914,1,7
70906,70913,70914,1,7
70906,70913,70914,1,7
70906,70913,70914,1,7
70906,70913,70914,1,7
70906,70913,70914,1,7
70906,70913,70914,1,7
70906,70913,70915,2,7
70906,70912,70915,3,6
70906,70913,70915,2,7
70906,70914,70916,2,8
70906,70914,70916,2,8
70906,70914,70916,2,8
70906,70914,70916,2,8
70906,70914,70916,2,8
70906,70914,70916,2,8
70906,70915,70916,1,9
70906,70915,70916,1,9
70906,70915,70916,1,9
70906,70915,70917,2,9
70906,70915,70917,2,9
70906,70915,70917,2,9
70906,70915,70917,2,9
70906,70915,70917,2,9
70906,70915,70918,3,9
70906,70916,70918,2,10
70906,70916,70918,2,10
70906,70915,70917,2,9
70906,70916,70918,2,10
70906,70916,70918,2,10
70906,70916,70918,2,10
70906,70916,70918,2,10
70433,70446,70918,472,13
70906,70917,70918,1,11
70906,70917,70918,1,11
70906,70916,70919,3,10
70906,70917,70919,2,11
70906,70917,70919,2,11
70906,70917,70919,2,11
70906,70918,70919,1,12
70906,70918,70919,1,12
70906,70919,70920,1,13
70906,70919,70920,1,13
70906,70918,70920,2,12
70906,70918,70920,2,12
70906,70918,70920,2,12
70906,70918,70920,2,12
70906,70919,70920,1,13
70906,70918,70920,2,12
70906,70919,70920,1,13
70906,70920,70921,1,14
70906,70920,70921,1,14
70906,70920,70921,1,14
70906,70920,70921,1,14
70906,70920,70921,1,14
70906,70919,70921,2,13
70906,70921,70922,1,15
70906,70920,70921,1,14
70906,70921,70922,1,15
70906,70921,70922,1,15
70227,70234,70931,697,7
70932,70932,70933,1,0
70932,70932,70933,1,0
70932,70932,70933,1,0
70932,70932,70933,1,0
70932,70932,70933,1,0
70932,70932,70933,1,0
70932,70932,70933,1,0
70932,70933,70934,1,1
70932,70933,70934,1,1
70932,70933,70934,1,1
70932,70933,70934,1,1
70932,70933,70934,1,1
70932,70933,70934,1,1
70932,70933,70934,1,1
70932,70933,70935,2,1
70932,70933,70934,1,1
70932,70933,70934,1,1
70932,70933,70934,1,1
70932,70932,70935,3,0
70932,70934,70935,1,2
70932,70935,70936,1,3
70932,70934,70935,1,2
70932,70934,70935,1,2
70431,70438,70935,497,7
70932,70934,70935,1,2
70932,70934,70935,1,2
70932,70934,70935,1,2
70932,70935,70936,1,3
70932,70935,70937,2,3
70932,70935,70937,2,3
70932,70935,70937,2,3
70932,70935,70937,2,3
70932,70936,70938,2,4
70932,70935,70937,2,3
70932,70935,70938,3,3
70932,70935,70937,2,3
70932,70935,70937,2,3
70932,70936,70938,2,4
70932,70935,70937,2,3
70932,70935,70937,2,3
70932,70936,70938,2,4
70932,70936,70938,2,4
70932,70936,70938,2,4
70932,70937,70939,2,5
70932,70937,70939,2,5
70932,70937,70939,2,5
70932,70937,70939,2,5
70932,70937,70938,1,5
70932,70936,70938,2,4
70932,70936,70939,3,4
70932,70936,70938,2,4
70932,70938,70939,1,6
70932,70938,70940,2,6
70932,70938,70940,2,6
70932,70938,70940,2,6
70932,70938,70940,2,6
70932,70938,70939,1,6
70932,70939,70940,1,7
70932,70939,70940,1,7
70932,70939,70940,1,7
70932,70939,70940,1,7
70932,70938,70940,2,6
70932,70938,70940,2,6
70932,70939,70940,1,7
70932,70939,70940,1,7
70932,70939,70940,1,7
70932,70939,70941,2,7
70932,70939,70941,2,7
70932,70940,70941,1,8
70932,70940,70941,1,8
70932,70940,70941,1,8
70932,70940,70941,1,8
70932,70939,70940,1,7
70932,70940,70941,1,8
70932,70940,70941,1,8
70932,70940,70941,1,8
70932,70940,70941,1,8
70932,70940,70941,1,8
70932,70939,70940,1,7
70932,70940,70941,1,8
70932,70940,70941,1,8
70932,70941,70942,1,9
70932,70941,70942,1,9
70932,70941,70942,1,9
70932,70941,70942,1,9
70932,70941,70942,1,9
70932,70941,70942,1,9
70952,70952,70953,1,0
70952,70952,70953,1,0
70952,70952,70953,1,0
70952,70952,70953,1,0
70952,70952,70953,1,0
70952,70952,70953,1,0
70952,70952,70953,1,0
70952,70952,70953,1,0
70952,70952,70953,1,0
70952,70953,70954,1,1
70952,70952,70954,2,0
70952,70952,70953,1,0
70952,70952,70953,1,0
70952,70952,70954,2,0
70952,70952,70953,1,0
70952,70953,70954,1,1
70952,70953,70955,2,1
70952,70953,70954,1,1
70952,70953,70954,1,1
70952,70953,70954,1,1
70952,70953,70955,2,1
70952,70953,70955,2,1
70952,70953,70955,2,1
70952,70954,70956,2,2
70952,70953,70956,3,1
70952,70954,70956,2,2
70952,70954,70956,2,2
70952,70954,70956,2,2
70952,70955,70956,1,3
70952,70954,70956,2,2
70952,70954,70957,3,2
70952,70955,70957,2,3
70952,70955,70957,2,3
70952,70955,70957,2,3
70952,70955,70957,2,3
70952,70955,70957,2,3
70952,70955,70957,2,3
70952,70955,70957,2,3
70952,70956,70958,2,4
70952,70956,70958,2,4
70952,70956,70958,2,4
70952,70956,70958,2,4
70952,70958,70959,1,6
70952,70958,70959,1,6
70952,70958,70959,1,6
70952,70957,70959,2,5
70952,70957,70959,2,5
70952,70957,70959,2,5
70952,70957,70959,2,5
70952,70957,70959,2,5
70952,70957,70959,2,5
70952,70958,70960,2,6
70952,70956,70959,3,4
70952,70958,70960,2,6
70952,70957,70960,3,5
70952,70957,70960,3,5
70952,70959,70960,1,7
70952,70959,70960,1,7
70952,70959,70961,2,7
70952,70959,70961,2,7
70952,70959,70961,2,7
70952,70959,70960,1,7
70952,70960,70961,1,8
70952,70960,70961,1,8
70952,70960,70961,1,8
70952,70960,70961,1,8
70952,70960,70961,1,8
70952,70960,70961,1,8
70952,70960,70961,1,8
70952,70961,70962,1,9
70952,70961,70962,1,9
70952,70961,70962,1,9
70952,70960,70961,1,8
70952,70961,70962,1,9
70952,70961,70962,1,9
70952,70960,70962,2,8
70952,70960,70962,2,8
70952,70962,70963,1,10
70952,70962,70963,1,10
70952,70962,70963,1,10
70475,70484,70962,478,9
70952,70962,70963,1,10
70952,70962,70963,1,10
70952,70962,70963,1,10
70952,70963,70964,1,11
70952,70963,70964,1,11
70952,70963,70964,1,11
70952,70963,70964,1,11
70952,70963,70964,1,11
70952,70963,70964,1,11
70952,70963,70964,1,11
70952,70963,70964,1,11
70952,70962,70963,1,10
70952,70963,70964,1,11
70952,70964,70965,1,12
70952,70957,70959,2,5
70952,70964,70965,1,12
70952,70964,70965,1,12
70952,70964,70966,2,12
70952,70965,70966,1,13
70952,70964,70966,2,12
70952,70964,70966,2,12
70952,70964,70966,2,12
70952,70965,70966,1,13
70952,70965,70966,1,13
70952,70965,70966,1,13
70952,70965,70966,1,13
70952,70965,70966,1,13
70952,70965,70966,1,13
70952,70965,70966,1,13
70952,70964,70966,2,12
70952,70964,70966,2,12
70952,70966,70967,1,14
70952,70966,70967,1,14
70952,70965,70967,2,13
70952,70965,70968,3,13
70952,70967,70968,1,15
70952,70967,70968,1,15
70952,70967,70968,1,15
70952,70967,70969,2,15
70952,70967,70969,2,15
70952,70967,70969,2,15
70952,70966,70968,2,14
70952,70967,70969,2,15
70952,70967,70968,1,15
70952,70967,70969,2,15
70952,70967,70969,2,15
70952,70967,70969,2,15
70952,70967,70969,2,15
70952,70967,70969,2,15
70952,70967,70969,2,15
70952,70967,70969,2,15
70952,70967,70969,2,15
70952,70968,70970,2,16
70952,70969,70970,1,17
70952,70969,70970,1,17
70952,70969,70970,1,17
70952,70969,70971,2,17
70952,70969,70970,1,17
70952,70969,70971,2,17
70952,70969,70970,1,17
70952,70969,70970,1,17
70952,70969,70970,1,17
70952,70969,70971,2,17
70952,70969,70971,2,17
70952,70970,70972,2,18
70952,70970,70971,1,18
70952,70970,70971,1,18
70952,70970,70971,1,18
70952,70970,70971,1,18
70952,70970,70971,1,18
70952,70971,70972,1,19
70952,70971,70972,1,19
70952,70971,70972,1,19
70952,70971,70972,1,19
70952,70971,70972,1,19
70952,70971,70972,1,19
70952,70971,70972,1,19
70952,70971,70972,1,19
70952,70972,70973,1,20
70952,70972,70973,1,20
70952,70972,70973,1,20
70952,70972,70973,1,20
70952,70972,70973,1,20
70952,70972,70973,1,20
70952,70972,70973,1,20
70952,70972,70973,1,20
70952,70972,70973,1,20
70952,70972,70973,1,20
70952,70972,70973,1,20
70952,70971,70972,1,19
70952,70973,70974,1,21
70973,70973,70974,1,0
70973,70973,70974,1,0
70973,70973,70974,1,0
70973,70973,70974,1,0
70973,70973,70974,1,0
70973,70973,70974,1,0
70973,70973,70974,1,0
70973,70973,70974,1,0
70973,70973,70974,1,0
70973,70973,70974,1,0
70973,70973,70974,1,0
70952,70973,70974,1,21
70952,70970,70975,5,18
70973,70973,70974,1,0
70973,70974,70975,1,1
70973,70974,70975,1,1
70973,70974,70975,1,1
70973,70974,70975,1,1
70973,70974,70976,2,1
70973,70974,70975,1,1
70973,70974,70976,2,1
70973,70974,70976,2,1
70973,70974,70976,2,1
70973,70974,70976,2,1
70973,70974,70976,2,1
70973,70974,70976,2,1
70973,70974,70976,2,1
70973,70974,70976,2,1
70973,70974,70976,2,1
70973,70975,70977,2,2
70973,70975,70977,2,2
70973,70976,70978,2,3
70973,70976,70977,1,3
70973,70976,70977,1,3
70973,70975,70977,2,2
70973,70976,70978,2,3
70973,70976,70978,2,3
70973,70976,70978,2,3
70973,70976,70978,2,3
70973,70977,70978,1,4
70973,70977,70978,1,4
70973,70977,70978,1,4
70973,70977,70978,1,4
70973,70977,70978,1,4
70973,70976,70978,2,3
70973,70977,70979,2,4
70973,70977,70979,2,4
70973,70978,70980,2,5
70973,70978,70980,2,5
70973,70977,70979,2,4
70973,70979,70980,1,6
70973,70979,70980,1,6
70973,70979,70980,1,6
70973,70979,70980,1,6
70973,70979,70980,1,6
70973,70979,70981,2,6
70973,70978,70981,3,5
70973,70978,70980,2,5
70973,70978,70981,3,5
70973,70978,70981,3,5
70973,70978,70981,3,5
70973,70978,70981,3,5
70973,70980,70981,1,7
70973,70980,70981,1,7
70973,70981,70982,1,8
70973,70981,70982,1,8
70973,70981,70982,1,8
70973,70980,70982,2,7
70973,70981,70982,1,8
70973,70980,70981,1,7
70973,70980,70981,1,7
70973,70980,70982,2,7
70973,70982,70983,1,9
70973,70982,70983,1,9
70973,70982,70983,1,9
70973,70981,70982,1,8
70973,70982,70983,1,9
70973,70983,70984,1,10
70973,70983,70984,1,10
70973,70982,70983,1,9
70973,70989,70990,1,16
70511,70519,71002,483,8
71010,71012,71013,1,2
71010,71012,71013,1,2
71010,71011,71012,1,1
71010,71012,71013,1,2
71010,71012,71013,1,2
71010,71012,71013,1,2
71010,71012,71013,1,2
71010,71013,71014,1,3
71010,71013,71014,1,3
71010,71013,71014,1,3
71010,71012,71013,1,2
71010,71012,71013,1,2
71010,71012,71013,1,2
71010,71012,71013,1,2
70278,70285,71013,728,7
71010,71013,71014,1,3
71010,71013,71014,1,3
71010,71013,71014,1,3
71010,71014,71015,1,4
71010,71013,71015,2,3
71010,71013,71014,1,3
71010,71014,71015,1,4
71010,71014,71015,1,4
71010,71014,71015,1,4
71010,71014,71015,1,4
71010,71014,71015,1,4
71010,71014,71015,1,4
71010,71014,71015,1,4
71010,71015,71016,1,5
71010,71014,71015,1,4
71010,71014,71015,1,4
71010,71014,71015,1,4
71010,71014,71016,2,4
71010,71015,71016,1,5
71010,71015,71016,1,5
71010,71015,71016,1,5
71010,71015,71016,1,5
71010,71015,71017,2,5
71010,71016,71017,1,6
71010,71015,71016,1,5
71010,71016,71017,1,6
71010,71016,71017,1,6
71010,71016,71017,1,6
71010,71016,71017,1,6
71010,71016,71017,1,6
71010,71011,71017,6,1
71010,71016,71017,1,6
71010,71016,71017,1,6
71010,71017,71018,1,7
71010,71017,71018,1,7
71010,71017,71018,1,7
71010,71016,71017,1,6
71010,71017,71018,1,7
71010,71017,71018,1,7
71010,71016,71017,1,6
71010,71017,71018,1,7
71010,71017,71018,1,7
71010,71017,71018,1,7
71010,71017,71018,1,7
71010,71017,71018,1,7
71010,71017,71018,1,7
71010,71018,71019,1,8
71010,71018,71019,1,8
71010,71018,71019,1,8
71010,71018,71019,1,8
71010,71017,71019,2,7
71010,71018,71019,1,8
71010,71017,71018,1,7
71010,71018,71019,1,8
71010,71018,71019,1,8
71010,71017,71019,2,7
71010,71018,71019,1,8
71010,71018,71019,1,8
71010,71018,71019,1,8
71010,71016,71020,4,6
71020,71020,71021,1,0
71020,71020,71021,1,0
71020,71020,71021,1,0
71020,71020,71021,1,0
71020,71020,71021,1,0
71020,71020,71021,1,0
71020,71020,71021,1,0
71020,71020,71021,1,0
71020,71020,71021,1,0
71020,71020,71021,1,0
71020,71020,71021,1,0
71020,71020,71021,1,0
71020,71020,71022,2,0
71020,71021,71023,2,1
71020,71021,71022,1,1
71020,71021,71022,1,1
71020,71021,71023,2,1
71020,71021,71023,2,1
71020,71021,71023,2,1
71020,71021,71023,2,1
71020,71021,71023,2,1
71020,71021,71023,2,1
71020,71021,71023,2,1
71020,71021,71023,2,1
71020,71023,71024,1,3
71020,71021,71023,2,1
71020,71023,71024,1,3
71020,71023,71024,1,3
71020,71023,71024,1,3
71020,71021,71023,2,1
71020,71023,71024,1,3
71020,71022,71025,3,2
71020,71023,71025,2,3
71020,71022,71024,2,2
71020,71022,71024,2,2
71020,71023,71024,1,3
71020,71023,71025,2,3
71020,71024,71025,1,4
71020,71024,71025,1,4
71020,71024,71026,2,4
71020,71024,71026,2,4
71020,71024,71026,2,4
71020,71024,71026,2,4
71020,71024,71026,2,4
71020,71024,71026,2,4
71020,71024,71026,2,4
71020,71024,71026,2,4
71020,71025,71026,1,5
71020,71025,71027,2,5
71020,71024,71026,2,4
70245,70254,71027,773,9
71020,71026,71027,1,6
71020,71025,71027,2,5
71020,71025,71027,2,5
71020,71025,71027,2,5
71020,71025,71027,2,5
71020,71026,71028,2,6
71020,71026,71028,2,6
71020,71026,71028,2,6
71020,71026,71028,2,6
71020,71026,71028,2,6
71020,71026,71028,2,6
71020,71026,71028,2,6
71020,71026,71028,2,6
71020,71025,71028,3,5
71020,71027,71028,1,7
71020,71026,71028,2,6
71020,71028,71029,1,8
71020,71028,71029,1,8
71020,71028,71029,1,8
71020,71028,71029,1,8
71020,71028,71029,1,8
71020,71028,71029,1,8
71020,71028,71029,1,8
71020,71028,71029,1,8
71020,71027,71029,2,7
71020,71028,71029,1,8
71020,71027,71029,2,7
71020,71028,71030,2,8
71020,71029,71030,1,9
71020,71028,71029,1,8
71020,71028,71030,2,8
71020,71028,71029,1,8
71020,71029,71030,1,9
71020,71029,71030,1,9
71020,71029,71030,1,9
71020,71029,71030,1,9
71020,71029,71030,1,9
71041,71041,71042,1,0
71041,71041,71042,1,0
71041,71041,71042,1,0
71041,71041,71042,1,0
71041,71041,71042,1,0
71041,71041,71042,1,0
71041,71041,71042,1,0
71041,71041,71042,1,0
71041,71041,71042,1,0
71041,71041,71042,1,0
71041,71041,71042,1,0
71041,71041,71042,1,0
71041,71041,71042,1,0
71041,71041,71042,1,0
71041,71041,71043,2,0
71041,71041,71044,3,0
71041,71042,71044,2,1
71041,71042,71044,2,1
71041,71042,71043,1,1
71041,71042,71043,1,1
71041,71042,71043,1,1
71041,71042,71044,2,1
71041,71042,71044,2,1
71041,71042,71044,2,1
71041,71042,71044,2,1
71041,71042,71044,2,1
71041,71041,71044,3,0
71041,71041,71044,3,0
71041,71042,71044,2,1
71041,71043,71045,2,2
71041,71043,71046,3,2
71041,71043,71046,3,2
71041,71044,71046,2,3
71041,71044,71045,1,3
71041,71043,71045,2,2
71041,71044,71046,2,3
71041,71044,71045,1,3
71041,71044,71046,2,3
71041,71044,71046,2,3
71041,71044,71046,2,3
71041,71044,71046,2,3
71041,71044,71045,1,3
71041,71044,71046,2,3
71041,71045,71047,2,4
71041,71044,71047,3,3
71041,71045,71047,2,4
71041,71045,71047,2,4
71041,71046,71048,2,5
71041,71046,71048,2,5
71041,71046,71048,2,5
71041,71046,71048,2,5
71041,71046,71048,2,5
71041,71046,71048,2,5
71041,71046,71048,2,5
71041,71046,71048,2,5
71041,71046,71048,2,5
71041,71045,71048,3,4
71041,71046,71049,3,5
71041,71046,71049,3,5
71041,71046,71048,2,5
71041,71046,71049,3,5
71041,71048,71049,1,7
71041,71048,71049,1,7
71041,71047,71049,2,6
71041,71048,71050,2,7
71041,71049,71050,1,8
71041,71049,71050,1,8
71041,71048,71050,2,7
71041,71048,71050,2,7
71041,71048,71050,2,7
71041,71048,71050,2,7
71041,71048,71050,2,7
71041,71048,71051,3,7
71041,71048,71050,2,7
71041,71050,71051,1,9
71041,71050,71051,1,9
71041,71049,71051,2,8
71041,71049,71051,2,8
71041,71049,71051,2,8
71041,71051,71052,1,10
71041,71051,71052,1,10
71041,71051,71052,1,10
70597,70603,71086,483,6
71088,71088,71089,1,0
71088,71088,71089,1,0
71088,71088,71089,1,0
71088,71088,71089,1,0
71088,71088,71089,1,0
71088,71088,71089,1,0
71088,71088,71089,1,0
71088,71088,71089,1,0
71088,71088,71089,1,0
71088,71088,71089,1,0
71088,71088,71089,1,0
71088,71089,71090,1,1
71088,71089,71090,1,1
71088,71089,71090,1,1
71088,71089,71090,1,1
71088,71089,71090,1,1
71088,71089,71090,1,1
71088,71089,71090,1,1
71088,71089,71090,1,1
71088,71089,71091,2,1
71088,71089,71091,2,1
71088,71089,71090,1,1
71088,71089,71091,2,1
71088,71089,71090,1,1
71088,71089,71091,2,1
71088,71089,71090,1,1
71088,71090,71091,1,2
71088,71090,71091,1,2
71088,71089,71090,1,1
71088,71090,71091,1,2
71088,71090,71091,1,2
71088,71090,71091,1,2
71088,71090,71091,1,2
71088,71090,71091,1,2
71088,71090,71092,2,2
71088,71091,71092,1,3
71088,71091,71092,1,3
71088,71091,71092,1,3
71088,71091,71092,1,3
71088,71091,71092,1,3
71088,71091,71092,1,3
71088,71091,71092,1,3
71088,71091,71092,1,3
71088,71091,71092,1,3
71088,71091,71092,1,3
71088,71091,71092,1,3
71088,71091,71092,1,3
71088,71091,71092,1,3
71088,71091,71092,1,3
71088,71091,71093,2,3
71088,71092,71093,1,4
71088,71092,71093,1,4
71088,71092,71093,1,4
71088,71092,71093,1,4
71088,71092,71093,1,4
71088,71092,71093,1,4
71088,71092,71093,1,4
71088,71092,71093,1,4
71088,71093,71094,1,5
71088,71092,71093,1,4
71088,71092,71093,1,4
71088,71092,71093,1,4
71088,71092,71094,2,4
71088,71093,71094,1,5
71088,71093,71094,1,5
71088,71093,71094,1,5
71088,71093,71094,1,5
71088,71093,71094,1,5
71088,71093,71094,1,5
71088,71093,71094,1,5
71088,71093,71094,1,5
71088,71093,71094,1,5
71088,71092,71094,2,4
71088,71093,71094,1,5
71088,71094,71095,1,6
71088,71094,71095,1,6
71088,71094,71095,1,6
71088,71095,71096,1,7
71088,71094,71095,1,6
71088,71094,71095,1,6
71088,71094,71095,1,6
71088,71094,71096,2,6
71088,71095,71096,1,7
71088,71095,71096,1,7
71088,71095,71096,1,7
71088,71095,71096,1,7
71088,71095,71097,2,7
71088,71097,71098,1,9
70622,70627,71121,494,5
71123,71123,71124,1,0
71123,71123,71124,1,0
71123,71123,71124,1,0
71123,71123,71124,1,0
71123,71123,71124,1,0
71123,71123,71124,1,0
71123,71123,71124,1,0
71123,71123,71124,1,0
71123,71123,71124,1,0
71123,71123,71124,1,0
71123,71123,71125,2,0
71123,71123,71124,1,0
71123,71123,71125,2,0
71123,71123,71125,2,0
71123,71123,71125,2,0
71123,71125,71126,1,2
71123,71124,71126,2,1
71123,71125,71126,1,2
71123,71125,71126,1,2
71123,71125,71126,1,2
71123,71125,71126,1,2
71123,71125,71126,1,2
71123,71125,71126,1,2
71123,71125,71126,1,2
71123,71125,71126,1,2
71123,71125,71126,1,2
71123,71125,71126,1,2
71123,71126,71127,1,3
71123,71125,71127,2,2
71123,71126,71127,1,3
71123,71127,71128,1,4
71123,71127,71128,1,4
71123,71127,71128,1,4
71123,71126,71127,1,3
71123,71126,71128,2,3
71123,71126,71127,1,3
71123,71127,71128,1,4
71123,71127,71128,1,4
71123,71127,71128,1,4
71123,71127,71128,1,4
71123,71128,71129,1,5
71123,71128,71129,1,5
71123,71128,71129,1,5
71123,71129,71130,1,6
71123,71129,71130,1,6
71123,71129,71130,1,6
71123,71129,71130,1,6
71123,71129,71130,1,6
71123,71130,71131,1,7
71123,71130,71131,1,7
71123,71130,71131,1,7
71123,71130,71131,1,7
71123,71130,71131,1,7
71123,71129,71131,2,6
71123,71131,71132,1,8
71123,71131,71132,1,8
71123,71131,71132,1,8
71123,71130,71131,1,7
71123,71131,71132,1,8
70435,70455,71169,714,20
71170,71170,71171,1,0
71170,71170,71171,1,0
71170,71170,71171,1,0
71170,71170,71171,1,0
71170,71170,71171,1,0
71170,71170,71171,1,0
71170,71170,71171,1,0
71170,71170,71171,1,0
71170,71170,71171,1,0
71170,71170,71171,1,0
71170,71170,71172,2,0
71170,71170,71172,2,0
71170,71170,71172,2,0
71170,71170,71172,2,0
71170,71170,71172,2,0
71170,71171,71172,1,1
71170,71170,71173,3,0
71170,71172,71173,1,2
71170,71172,71173,1,2
71170,71172,71173,1,2
71170,71172,71173,1,2
71170,71172,71173,1,2
71170,71172,71173,1,2
71170,71172,71173,1,2
71170,71172,71173,1,2
71170,71172,71173,1,2
71170,71172,71173,1,2
71170,71173,71174,1,3
71170,71173,71174,1,3
71170,71173,71174,1,3
71170,71173,71174,1,3
71170,71173,71174,1,3
71170,71174,71175,1,4
71170,71174,71175,1,4
71170,71174,71175,1,4
71170,71174,71175,1,4
71170,71173,71176,3,3
71170,71174,71175,1,4
71170,71174,71175,1,4
71170,71174,71176,2,4
71170,71174,71176,2,4
71170,71174,71176,2,4
71170,71174,71177,3,4
71170,71174,71176,2,4
71170,71175,71177,2,5
71170,71175,71177,2,5
71170,71175,71177,2,5
71170,71176,71177,1,6
71170,71176,71177,1,6
71170,71176,71178,2,6
71170,71176,71178,2,6
71170,71175,71177,2,5
71170,71176,71178,2,6
71170,71176,71178,2,6
71170,71176,71177,1,6
71170,71175,71178,3,5
71170,71177,71179,2,7
71170,71178,71179,1,8
71170,71177,71179,2,7
71170,71178,71180,2,8
71170,71177,71179,2,7
71170,71177,71179,2,7
71170,71178,71179,1,8
71170,71178,71179,1,8
71170,71178,71179,1,8
71170,71178,71179,1,8
71170,71178,71179,1,8
71170,71179,71180,1,9
71170,71178,71179,1,8
71170,71178,71179,1,8
71170,71179,71180,1,9
71170,71178,71180,2,8
71170,71178,71180,2,8
71170,71180,71181,1,10
71170,71180,71181,1,10
71170,71179,71180,1,9
71170,71180,71181,1,10
71170,71180,71181,1,10
71170,71180,71181,1,10
71170,71180,71181,1,10
71170,71180,71181,1,10
71170,71180,71181,1,10
71170,71181,71182,1,11
71170,71180,71181,1,10
71170,71180,71181,1,10
71170,71180,71181,1,10
71170,71181,71182,1,11
71170,71181,71182,1,11
71170,71181,71182,1,11
71170,71181,71182,1,11
71170,71181,71182,1,11
71170,71181,71182,1,11
71170,71181,71182,1,11
71170,71178,71188,10,8
70568,70577,71262,685,9
71262,71262,71263,1,0
71262,71262,71263,1,0
71262,71262,71263,1,0
71262,71262,71263,1,0
71262,71262,71263,1,0
71262,71262,71263,1,0
71262,71262,71263,1,0
71262,71262,71263,1,0
71262,71262,71263,1,0
71262,71262,71263,1,0
71262,71262,71263,1,0
71262,71262,71263,1,0
71262,71263,71264,1,1
71262,71263,71264,1,1
71262,71262,71263,1,0
71262,71262,71264,2,0
71262,71262,71264,2,0
71262,71263,71265,2,1
71262,71264,71265,1,2
71262,71264,71265,1,2
71262,71264,71265,1,2
71262,71264,71265,1,2
71262,71264,71265,1,2
71262,71264,71265,1,2
71262,71264,71265,1,2
71262,71265,71266,1,3
71262,71265,71266,1,3
71262,71265,71266,1,3
71262,71265,71266,1,3
71262,71265,71266,1,3
71262,71265,71266,1,3
71262,71265,71266,1,3
71262,71266,71268,2,4
71262,71266,71267,1,4
71262,71266,71267,1,4
71262,71266,71267,1,4
71262,71266,71267,1,4
71262,71266,71267,1,4
71262,71266,71267,1,4
71262,71266,71267,1,4
71262,71266,71267,1,4
71262,71266,71267,1,4
71262,71267,71268,1,5
71262,71265,71267,2,3
71262,71267,71268,1,5
71262,71267,71268,1,5
71262,71267,71268,1,5
71262,71268,71269,1,6
71262,71268,71269,1,6
71262,71267,71268,1,5
71262,71267,71268,1,5
71262,71268,71269,1,6
71262,71269,71270,1,7
71262,71268,71269,1,6
71262,71269,71270,1,7
71262,71269,71270,1,7
71262,71269,71270,1,7
71262,71269,71270,1,7
71262,71269,71270,1,7
71262,71269,71270,1,7
71262,71269,71270,1,7
71262,71269,71270,1,7
71262,71269,71270,1,7
71262,71270,71271,1,8
71262,71270,71271,1,8
71262,71270,71271,1,8
71262,71269,71270,1,7
71262,71269,71270,1,7
71262,71269,71270,1,7
71262,71270,71271,1,8
71262,71270,71271,1,8
71262,71270,71271,1,8
71262,71270,71271,1,8
71262,71270,71271,1,8
71262,71270,71271,1,8
71262,71269,71271,2,7
71262,71271,71272,1,9
71262,71271,71272,1,9
71262,71271,71272,1,9
71262,71270,71271,1,8
71262,71271,71272,1,9
71262,71271,71272,1,9
71262,71271,71272,1,9
70542,70548,71281,733,6
71290,71290,71291,1,0
71290,71290,71291,1,0
71290,71290,71291,1,0
71290,71290,71291,1,0
71290,71290,71291,1,0
71290,71290,71291,1,0
71290,71291,71292,1,1
71290,71290,71292,2,0
71290,71291,71292,1,1
71290,71291,71292,1,1
71290,71291,71292,1,1
71290,71291,71292,1,1
71290,71292,71293,1,2
71290,71292,71293,1,2
71290,71292,71293,1,2
71290,71292,71293,1,2
71290,71292,71293,1,2
71290,71292,71293,1,2
71290,71292,71293,1,2
71290,71291,71292,1,1
71290,71291,71292,1,1
71290,71292,71293,1,2
71290,71292,71293,1,2
71290,71292,71293,1,2
71290,71292,71293,1,2
71290,71292,71293,1,2
71290,71293,71294,1,3
71290,71293,71294,1,3
71290,71293,71294,1,3
71290,71293,71294,1,3
71290,71293,71294,1,3
71290,71293,71294,1,3
71290,71293,71294,1,3
71290,71293,71294,1,3
71290,71292,71293,1,2
71290,71293,71294,1,3
71290,71293,71294,1,3
71290,71294,71295,1,4
71290,71294,71295,1,4
71290,71294,71295,1,4
71290,71294,71295,1,4
71290,71293,71294,1,3
71290,71293,71294,1,3
71290,71294,71295,1,4
71290,71294,71296,2,4
71290,71294,71296,2,4
71290,71295,71296,1,5
71290,71294,71295,1,4
71290,71294,71295,1,4
71290,71294,71295,1,4
71290,71294,71295,1,4
71290,71294,71295,1,4
71290,71295,71296,1,5
71290,71295,71296,1,5
71290,71295,71296,1,5
71290,71295,71296,1,5
71290,71295,71296,1,5
71290,71295,71296,1,5
71290,71295,71296,1,5
71290,71296,71297,1,6
71290,71296,71297,1,6
71290,71296,71297,1,6
71290,71296,71297,1,6
71290,71296,71297,1,6
71290,71296,71297,1,6
71290,71296,71297,1,6
71290,71296,71297,1,6
71290,71296,71297,1,6
71290,71296,71297,1,6
71290,71296,71297,1,6
71290,71296,71297,1,6
71290,71296,71297,1,6
71290,71296,71297,1,6
71290,71297,71298,1,7
71290,71297,71298,1,7
71290,71297,71298,1,7
71290,71297,71298,1,7
71290,71296,71297,1,6
71290,71297,71298,1,7
71290,71297,71298,1,7
71290,71297,71298,1,7
71290,71297,71298,1,7
71290,71297,71298,1,7
71290,71297,71298,1,7
71290,71294,71302,8,4
70624,70635,71334,699,11
71336,71336,71337,1,0
71336,71336,71337,1,0
71336,71336,71337,1,0
71336,71336,71337,1,0
71336,71336,71337,1,0
71336,71336,71337,1,0
71336,71337,71338,1,1
71336,71337,71338,1,1
71336,71337,71338,1,1
71336,71337,71338,1,1
71336,71336,71338,2,0
71336,71337,71338,1,1
71336,71337,71338,1,1
71336,71337,71338,1,1
71336,71337,71339,2,1
71336,71336,71338,2,0
71336,71336,71338,2,0
71336,71338,71339,1,2
71336,71338,71340,2,2
71336,71338,71340,2,2
71336,71338,71340,2,2
71336,71338,71340,2,2
71336,71338,71340,2,2
71336,71339,71340,1,3
71336,71339,71340,1,3
71336,71339,71340,1,3
71336,71339,71340,1,3
71336,71339,71340,1,3
71336,71339,71340,1,3
71336,71339,71340,1,3
71336,71339,71340,1,3
71336,71340,71341,1,4
71336,71339,71340,1,3
71336,71341,71342,1,5
71336,71341,71342,1,5
71336,71341,71342,1,5
71336,71341,71342,1,5
71336,71341,71342,1,5
71336,71340,71342,2,4
71336,71340,71342,2,4
71336,71340,71341,1,4
71336,71341,71342,1,5
71336,71341,71342,1,5
71336,71341,71342,1,5
71336,71342,71343,1,6
71336,71342,71343,1,6
71336,71342,71343,1,6
71336,71342,71343,1,6
71336,71342,71343,1,6
71336,71342,71343,1,6
71336,71342,71343,1,6
71336,71342,71343,1,6
71336,71343,71344,1,7
71336,71343,71344,1,7
71336,71343,71344,1,7
71336,71343,71344,1,7
71336,71343,71344,1,7
71336,71343,71344,1,7
71336,71343,71344,1,7
71336,71343,71344,1,7
71336,71343,71344,1,7
71336,71343,71344,1,7
71336,71343,71344,1,7
71336,71343,71344,1,7
71336,71344,71345,1,8
71336,71344,71345,1,8
71336,71344,71345,1,8
71336,71344,71345,1,8
71336,71344,71345,1,8
71336,71344,71345,1,8
71336,71344,71345,1,8
71336,71344,71345,1,8
71336,71344,71345,1,8
71336,71344,71345,1,8
71336,71344,71345,1,8
71336,71344,71345,1,8
71336,71344,71345,1,8
71336,71345,71346,1,9
71336,71343,71344,1,7
71336,71345,71347,2,9
71336,71345,71347,2,9
71336,71343,71357,14,7
70646,70653,71358,705,7
70874,70880,71368,488,6
70666,70673,71371,698,7
71372,71372,71373,1,0
71372,71372,71373,1,0
71372,71372,71373,1,0
71372,71372,71373,1,0
71372,71372,71373,1,0
71372,71372,71373,1,0
71372,71372,71373,1,0
71372,71372,71373,1,0
71372,71372,71373,1,0
71372,71372,71373,1,0
71372,71372,71373,1,0
71372,71372,71373,1,0
71372,71372,71374,2,0
71372,71372,71374,2,0
71372,71372,71373,1,0
71372,71372,71374,2,0
71372,71373,71375,2,1
71372,71373,71375,2,1
71372,71373,71375,2,1
71372,71373,71375,2,1
71372,71373,71375,2,1
71372,71373,71375,2,1
71372,71373,71375,2,1
71372,71373,71374,1,1
71372,71373,71375,2,1
71372,71374,71375,1,2
71372,71374,71375,1,2
71372,71373,71375,2,1
71372,71374,71376,2,2
71372,71374,71376,2,2
71372,71375,71376,1,3
71372,71375,71376,1,3
71372,71375,71376,1,3
71372,71375,71376,1,3
71372,71374,71376,2,2
71372,71374,71375,1,2
71372,71375,71376,1,3
71372,71375,71376,1,3
71372,71374,71376,2,2
71372,71375,71376,1,3
71372,71375,71377,2,3
71372,71376,71377,1,4
71372,71376,71377,1,4
71372,71377,71378,1,5
71372,71377,71378,1,5
71372,71376,71377,1,4
71372,71377,71378,1,5
71372,71377,71378,1,5
71372,71378,71379,1,6
71372,71378,71379,1,6
71372,71378,71379,1,6
71372,71378,71379,1,6
71372,71377,71379,2,5
71372,71378,71379,1,6
71372,71378,71379,1,6
71372,71378,71379,1,6
71372,71378,71379,1,6
71372,71378,71379,1,6
71372,71379,71380,1,7
71372,71379,71380,1,7
71372,71380,71381,1,8
71372,71380,71381,1,8
71372,71380,71381,1,8
71372,71380,71381,1,8
71372,71379,71380,1,7
71372,71380,71381,1,8
71372,71379,71380,1,7
71372,71381,71382,1,9
71372,71381,71382,1,9
71372,71381,71383,2,9
71372,71381,71382,1,9
71372,71381,71382,1,9
71372,71381,71382,1,9
71372,71381,71382,1,9
71372,71381,71382,1,9
71372,71381,71383,2,9
71372,71381,71383,2,9
71372,71381,71383,2,9
71372,71381,71383,2,9
71372,71381,71382,1,9
71372,71381,71383,2,9
71372,71382,71383,1,10
71372,71383,71384,1,11
71372,71383,71384,1,11
71372,71383,71384,1,11
71372,71381,71383,2,9
71372,71383,71384,1,11
71372,71381,71383,2,9
71372,71383,71384,1,11
71372,71383,71384,1,11
71372,71383,71385,2,11
71372,71383,71384,1,11
71372,71383,71384,1,11
71372,71383,71384,1,11
71372,71383,71384,1,11
71372,71383,71384,1,11
71372,71384,71385,1,12
71372,71384,71385,1,12
71372,71384,71385,1,12
71372,71383,71384,1,11
71372,71384,71385,1,12
71372,71383,71385,2,11
71372,71384,71385,1,12
71372,71384,71385,1,12
71372,71384,71385,1,12
71372,71384,71385,1,12
71372,71383,71385,2,11
71372,71384,71385,1,12
71372,71384,71385,1,12
71372,71385,71386,1,13
71372,71385,71386,1,13
71372,71385,71386,1,13
71372,71385,71386,1,13
71372,71385,71386,1,13
71372,71385,71386,1,13
71372,71385,71386,1,13
71372,71385,71386,1,13
71372,71385,71386,1,13
71372,71385,71386,1,13
71372,71385,71386,1,13
71372,71385,71386,1,13
71372,71386,71387,1,14
71372,71385,71386,1,13
71372,71385,71386,1,13
71372,71386,71387,1,14
71372,71386,71387,1,14
71372,71386,71387,1,14
71372,71386,71387,1,14
71372,71386,71387,1,14
71372,71386,71387,1,14
71372,71386,71387,1,14
71372,71386,71387,1,14
71372,71386,71387,1,14
71372,71386,71387,1,14
71372,71386,71387,1,14
71372,71385,71387,2,13
71372,71386,71387,1,14
71372,71386,71387,1,14
71372,71386,71387,1,14
71372,71386,71387,1,14
71372,71387,71388,1,15
71372,71387,71388,1,15
71372,71387,71388,1,15
71372,71387,71388,1,15
71372,71387,71388,1,15
71372,71387,71388,1,15
71372,71387,71388,1,15
71372,71387,71388,1,15
71374,71387,71388,1,13
71374,71387,71388,1,13
71374,71387,71388,1,13
71374,71387,71388,1,13
71374,71387,71388,1,13
71374,71387,71388,1,13
71374,71387,71388,1,13
71372,71387,71388,1,15
71374,71388,71389,1,14
71374,71388,71389,1,14
71374,71388,71389,1,14
71374,71388,71389,1,14
71374,71388,71389,1,14
71374,71388,71389,1,14
71374,71387,71389,2,13
71374,71388,71389,1,14
71374,71388,71390,2,14
71374,71388,71390,2,14
71374,71388,71390,2,14
71374,71388,71390,2,14
71374,71388,71390,2,14
71374,71389,71390,1,15
71374,71389,71391,2,15
71374,71389,71391,2,15
71374,71389,71391,2,15
71374,71389,71391,2,15
71374,71390,71391,1,16
71374,71389,71391,2,15
71374,71389,71391,2,15
71374,71389,71391,2,15
71374,71389,71391,2,15
71374,71389,71391,2,15
71374,71389,71391,2,15
71374,71390,71391,1,16
71374,71390,71391,1,16
71374,71391,71392,1,17
71374,71391,71392,1,17
71374,71391,71392,1,17
71374,71391,71392,1,17
71374,71391,71392,1,17
71374,71392,71393,1,18
71374,71391,71392,1,17
71374,71392,71393,1,18
71374,71392,71393,1,18
71374,71391,71392,1,17
71374,71392,71393,1,18
71374,71392,71393,1,18
71374,71392,71393,1,18
71374,71392,71393,1,18
71374,71393,71394,1,19
71374,71393,71394,1,19
71374,71393,71394,1,19
71374,71392,71393,1,18
71374,71393,71394,1,19
71374,71393,71394,1,19
71374,71393,71394,1,19
71374,71393,71394,1,19
71374,71393,71394,1,19
71374,71393,71394,1,19
71374,71393,71394,1,19
71374,71393,71394,1,19
71374,71394,71395,1,20
71374,71394,71395,1,20
71374,71393,71394,1,19
71374,71394,71395,1,20
71374,71394,71395,1,20
71374,71395,71396,1,21
71374,71395,71396,1,21
71374,71395,71396,1,21
71374,71395,71396,1,21
71374,71394,71396,2,20
71374,71395,71396,1,21
70974,70983,71473,490,9
71476,71476,71477,1,0
71476,71476,71477,1,0
71476,71476,71477,1,0
71476,71476,71477,1,0
71476,71476,71477,1,0
71476,71476,71477,1,0
71476,71476,71477,1,0
71476,71476,71478,2,0
71476,71477,71478,1,1
71476,71476,71478,2,0
71476,71477,71479,2,1
71476,71477,71478,1,1
71476,71477,71478,1,1
71476,71477,71478,1,1
71476,71477,71479,2,1
71476,71478,71479,1,2
71476,71477,71479,2,1
71476,71477,71479,2,1
71476,71478,71480,2,2
71476,71478,71480,2,2
71476,71477,71479,2,1
71476,71477,71479,2,1
71476,71478,71480,2,2
71476,71477,71479,2,1
71476,71476,71481,5,0
71476,71479,71480,1,3
71476,71479,71481,2,3
71476,71479,71480,1,3
71476,71479,71480,1,3
71476,71479,71480,1,3
71476,71479,71481,2,3
71476,71480,71481,1,4
71476,71480,71481,1,4
71476,71480,71481,1,4
71476,71480,71481,1,4
71476,71480,71481,1,4
71476,71480,71481,1,4
71476,71480,71481,1,4
71476,71479,71481,2,3
71476,71481,71482,1,5
71476,71481,71482,1,5
71476,71480,71481,1,4
71476,71480,71481,1,4
71476,71481,71482,1,5
71476,71482,71483,1,6
71476,71482,71483,1,6
71476,71482,71483,1,6
71476,71482,71483,1,6
71476,71481,71482,1,5
71476,71482,71483,1,6
71476,71482,71483,1,6
71476,71482,71483,1,6
71476,71482,71483,1,6
71476,71482,71483,1,6
71476,71483,71484,1,7
71476,71483,71484,1,7
71476,71483,71484,1,7
71476,71482,71483,1,6
71476,71483,71484,1,7
71476,71483,71484,1,7
71476,71483,71484,1,7
71476,71483,71484,1,7
71476,71481,71484,3,5
71476,71484,71485,1,8
71476,71484,71485,1,8
71476,71484,71485,1,8
71476,71484,71485,1,8
71476,71484,71485,1,8
71476,71484,71485,1,8
71476,71484,71485,1,8
71476,71484,71485,1,8
71476,71484,71485,1,8
71476,71484,71485,1,8
71476,71484,71485,1,8
71476,71484,71485,1,8
71476,71484,71485,1,8
71476,71484,71485,1,8
71476,71484,71485,1,8
70770,70778,71520,742,8
71522,71522,71523,1,0
71522,71522,71523,1,0
71522,71522,71523,1,0
71522,71522,71524,2,0
71522,71522,71523,1,0
71522,71522,71523,1,0
71522,71522,71523,1,0
71522,71522,71523,1,0
71522,71522,71523,1,0
71522,71523,71525,2,1
71522,71523,71524,1,1
71522,71523,71525,2,1
71522,71523,71525,2,1
71522,71523,71525,2,1
71522,71522,71524,2,0
71522,71523,71525,2,1
71522,71523,71525,2,1
71522,71524,71525,1,2
71522,71525,71526,1,3
71522,71525,71526,1,3
71522,71523,71525,2,1
71522,71523,71525,2,1
71522,71525,71526,1,3
71522,71525,71526,1,3
71522,71524,71526,2,2
71522,71524,71526,2,2
71522,71524,71526,2,2
71522,71524,71526,2,2
71522,71524,71526,2,2
71522,71524,71526,2,2
71522,71525,71526,1,3
71522,71526,71527,1,4
71522,71526,71527,1,4
71522,71525,71526,1,3
71522,71526,71527,1,4
71522,71526,71527,1,4
71522,71527,71528,1,5
71522,71527,71528,1,5
71522,71527,71528,1,5
71522,71527,71528,1,5
71522,71526,71527,1,4
71522,71526,71527,1,4
71522,71526,71527,1,4
71522,71527,71528,1,5
71522,71527,71528,1,5
71522,71527,71528,1,5
71522,71527,71528,1,5
71522,71527,71528,1,5
71522,71527,71528,1,5
71522,71527,71528,1,5
71522,71527,71528,1,5
71522,71527,71528,1,5
71522,71528,71529,1,6
71522,71528,71529,1,6
71522,71528,71529,1,6
71522,71528,71529,1,6
71522,71528,71529,1,6
71522,71528,71529,1,6
71522,71527,71528,1,5
71522,71528,71529,1,6
71522,71528,71529,1,6
71522,71529,71530,1,7
71522,71529,71530,1,7
71522,71528,71529,1,6
71522,71528,71529,1,6
71522,71528,71529,1,6
71522,71528,71529,1,6
71522,71528,71529,1,6
71522,71529,71530,1,7
71522,71528,71530,2,6
71522,71528,71529,1,6
71522,71528,71529,1,6
71522,71529,71530,1,7
71522,71529,71530,1,7
71522,71529,71530,1,7
71522,71529,71530,1,7
71522,71529,71530,1,7
71522,71529,71530,1,7
71522,71530,71531,1,8
71522,71530,71531,1,8
71522,71530,71531,1,8
71522,71530,71531,1,8
71522,71530,71531,1,8
71522,71530,71531,1,8
71522,71530,71531,1,8
71522,71530,71531,1,8
71522,71530,71531,1,8
71522,71530,71531,1,8
71522,71530,71531,1,8
71522,71530,71531,1,8
71522,71530,71531,1,8
71522,71530,71531,1,8
71522,71531,71532,1,9
71063,71063,71549,486,0
71552,71552,71553,1,0
71552,71552,71553,1,0
71552,71552,71553,1,0
71552,71552,71553,1,0
71552,71552,71553,1,0
71552,71553,71554,1,1
71552,71553,71554,1,1
71552,71553,71554,1,1
71552,71553,71554,1,1
71552,71553,71554,1,1
71552,71553,71554,1,1
71552,71554,71555,1,2
71552,71554,71555,1,2
71552,71554,71555,1,2
71552,71554,71555,1,2
71552,71554,71555,1,2
71552,71554,71556,2,2
71552,71554,71556,2,2
71552,71554,71556,2,2
71552,71554,71556,2,2
71552,71554,71556,2,2
71552,71555,71557,2,3
71552,71554,71556,2,2
71552,71554,71556,2,2
71552,71555,71556,1,3
71552,71555,71556,1,3
71552,71555,71557,2,3
71552,71556,71557,1,4
71552,71556,71557,1,4
71552,71556,71557,1,4
71552,71556,71557,1,4
71552,71556,71557,1,4
71552,71557,71558,1,5
71552,71557,71558,1,5
71552,71557,71558,1,5
71552,71557,71558,1,5
71552,71557,71558,1,5
71552,71557,71558,1,5
71552,71557,71558,1,5
71552,71557,71558,1,5
71552,71557,71558,1,5
71552,71557,71558,1,5
71552,71555,71558,3,3
71552,71558,71559,1,6
71552,71558,71559,1,6
71552,71559,71560,1,7
71552,71559,71560,1,7
71552,71559,71560,1,7
71552,71558,71559,1,6
71552,71559,71560,1,7
71552,71559,71560,1,7
71552,71560,71561,1,8
71552,71560,71561,1,8
71552,71557,71560,3,5
71552,71559,71560,1,7
71552,71560,71561,1,8
71552,71560,71561,1,8
71552,71560,71561,1,8
71552,71560,71561,1,8
71552,71560,71561,1,8
71552,71561,71562,1,9
71552,71561,71562,1,9
71552,71561,71562,1,9
71552,71561,71562,1,9
71552,71561,71562,1,9
71552,71561,71563,2,9
71552,71561,71563,2,9
71552,71561,71563,2,9
71089,71096,71564,468,7
71579,71579,71580,1,0
71579,71579,71580,1,0
71579,71579,71580,1,0
71579,71579,71580,1,0
71579,71579,71580,1,0
71579,71579,71580,1,0
71579,71579,71580,1,0
71579,71579,71580,1,0
71579,71579,71580,1,0
71579,71579,71580,1,0
71579,71579,71580,1,0
71579,71580,71581,1,1
71579,71579,71580,1,0
71579,71579,71581,2,0
71579,71580,71581,1,1
71579,71580,71581,1,1
71579,71580,71581,1,1
71579,71580,71581,1,1
71579,71579,71580,1,0
71579,71579,71581,2,0
71579,71581,71582,1,2
71579,71580,71582,2,1
71579,71580,71582,2,1
71579,71580,71581,1,1
71579,71581,71582,1,2
71579,71580,71582,2,1
71579,71580,71582,2,1
71579,71581,71582,1,2
71579,71581,71582,1,2
71579,71581,71582,1,2
71579,71580,71581,1,1
71579,71581,71582,1,2
71579,71580,71581,1,1
71579,71580,71581,1,1
71579,71581,71582,1,2
71579,71582,71583,1,3
71579,71581,71583,2,2
71579,71581,71583,2,2
71579,71582,71583,1,3
71579,71582,71583,1,3
71579,71582,71583,1,3
71579,71582,71583,1,3
71579,71582,71583,1,3
71579,71582,71583,1,3
71579,71582,71583,1,3
71579,71583,71584,1,4
71579,71582,71583,1,3
71579,71582,71583,1,3
71579,71583,71584,1,4
71579,71582,71583,1,3
71579,71582,71583,1,3
71579,71583,71584,1,4
71579,71583,71584,1,4
71579,71583,71584,1,4
71579,71582,71584,2,3
71579,71582,71583,1,3
71579,71582,71583,1,3
71579,71583,71584,1,4
71579,71584,71585,1,5
71579,71583,71584,1,4
71579,71583,71585,2,4
71579,71583,71584,1,4
71579,71584,71585,1,5
71579,71584,71585,1,5
71579,71584,71585,1,5
71579,71584,71585,1,5
71579,71584,71585,1,5
71579,71584,71585,1,5
71579,71585,71586,1,6
71579,71585,71586,1,6
71579,71585,71586,1,6
71579,71585,71586,1,6
71579,71585,71586,1,6
71579,71585,71586,1,6
71579,71585,71586,1,6
71579,71586,71587,1,7
71579,71585,71587,2,6
71579,71586,71587,1,7
70845,70853,71587,734,8
71588,71588,71589,1,0
71588,71588,71589,1,0
71588,71588,71589,1,0
71588,71588,71589,1,0
71588,71588,71589,1,0
71588,71588,71589,1,0
71588,71588,71589,1,0
71588,71588,71589,1,0
71588,71589,71590,1,1
71588,71589,71591,2,1
71588,71589,71590,1,1
71588,71589,71591,2,1
71588,71589,71590,1,1
71588,71589,71590,1,1
71588,71589,71591,2,1
71588,71588,71590,2,0
71588,71589,71590,1,1
71588,71589,71590,1,1
71588,71589,71591,2,1
71588,71589,71591,2,1
71588,71589,71591,2,1
71588,71591,71592,1,3
71588,71591,71592,1,3
71588,71591,71592,1,3
71588,71591,71592,1,3
71588,71591,71592,1,3
71588,71590,71592,2,2
71588,71591,71592,1,3
71588,71590,71592,2,2
71588,71591,71592,1,3
71588,71589,71591,2,1
71588,71590,71591,1,2
71588,71591,71592,1,3
71588,71591,71592,1,3
71588,71591,71592,1,3
71588,71591,71592,1,3
71588,71591,71592,1,3
71588,71592,71593,1,4
71588,71592,71593,1,4
71588,71592,71593,1,4
71588,71592,71593,1,4
71588,71592,71593,1,4
71588,71592,71593,1,4
71588,71592,71593,1,4
71588,71592,71593,1,4
71588,71592,71593,1,4
71588,71592,71593,1,4
71588,71592,71593,1,4
71588,71592,71593,1,4
71588,71592,71593,1,4
71588,71592,71593,1,4
71588,71592,71593,1,4
71588,71593,71594,1,5
71588,71593,71594,1,5
71588,71593,71594,1,5
71588,71593,71594,1,5
71588,71593,71594,1,5
71588,71593,71594,1,5
71588,71592,71594,2,4
71588,71593,71594,1,5
71588,71593,71594,1,5
71588,71593,71594,1,5
71588,71593,71594,1,5
71588,71593,71594,1,5
71588,71593,71594,1,5
71588,71593,71594,1,5
71588,71593,71594,1,5
71588,71594,71595,1,6
71588,71594,71595,1,6
71588,71593,71594,1,5
71588,71593,71594,1,5
71588,71594,71595,1,6
71588,71594,71595,1,6
71588,71594,71595,1,6
71588,71594,71595,1,6
71588,71594,71595,1,6
71588,71594,71595,1,6
71588,71594,71595,1,6
71588,71594,71595,1,6
71588,71594,71595,1,6
71588,71594,71595,1,6
71588,71595,71596,1,7
71588,71595,71596,1,7
71588,71595,71596,1,7
71588,71594,71596,2,6
71588,71595,71596,1,7
71588,71595,71596,1,7
71588,71595,71596,1,7
71588,71595,71596,1,7
71588,71594,71596,2,6
71588,71595,71597,2,7
70902,70911,71600,689,9
71604,71604,71605,1,0
71604,71604,71605,1,0
71604,71604,71605,1,0
71604,71604,71605,1,0
71604,71604,71605,1,0
71604,71604,71605,1,0
71604,71604,71606,2,0
71604,71605,71606,1,1
71604,71605,71606,1,1
71604,71605,71606,1,1
71604,71605,71606,1,1
71604,71605,71606,1,1
71604,71605,71606,1,1
71604,71605,71607,2,1
71604,71605,71606,1,1
71604,71605,71607,2,1
71604,71605,71606,1,1
71604,71607,71608,1,3
71604,71607,71608,1,3
71604,71606,71608,2,2
71604,71606,71607,1,2
71604,71606,71607,1,2
71604,71607,71608,1,3
71604,71607,71608,1,3
71604,71607,71608,1,3
71604,71607,71608,1,3
71604,71606,71608,2,2
71604,71607,71608,1,3
71604,71607,71608,1,3
71604,71608,71609,1,4
71604,71608,71609,1,4
71604,71607,71608,1,3
71604,71607,71608,1,3
71604,71607,71608,1,3
71604,71608,71609,1,4
71124,71131,71609,478,7
71604,71609,71610,1,5
71604,71609,71610,1,5
71604,71606,71608,2,2
71604,71608,71609,1,4
71604,71608,71609,1,4
71604,71609,71610,1,5
71604,71606,71610,4,2
71604,71609,71610,1,5
71604,71609,71610,1,5
71604,71609,71610,1,5
71604,71610,71611,1,6
71604,71610,71611,1,6
71604,71610,71611,1,6
71604,71610,71611,1,6
71604,71610,71611,1,6
71604,71610,71611,1,6
71604,71610,71611,1,6
71604,71610,71611,1,6
71604,71611,71612,1,7
71604,71611,71612,1,7
71604,71611,71612,1,7
71604,71611,71612,1,7
71604,71611,71612,1,7
71604,71611,71612,1,7
71604,71611,71612,1,7
71604,71611,71612,1,7
71604,71611,71612,1,7
71604,71611,71612,1,7
71604,71611,71612,1,7
71604,71611,71612,1,7
71604,71610,71611,1,6
71604,71611,71614,3,7
71621,71621,71622,1,0
71621,71621,71622,1,0
71621,71621,71622,1,0
71621,71621,71622,1,0
71621,71621,71622,1,0
71621,71621,71622,1,0
71621,71621,71622,1,0
71621,71621,71622,1,0
71621,71621,71622,1,0
71621,71621,71622,1,0
71621,71621,71622,1,0
71621,71621,71622,1,0
71621,71622,71623,1,1
71621,71621,71623,2,0
71621,71621,71623,2,0
71621,71621,71623,2,0
71621,71623,71624,1,2
71621,71623,71624,1,2
71621,71623,71624,1,2
71621,71623,71624,1,2
71621,71623,71624,1,2
71621,71623,71624,1,2
71621,71623,71624,1,2
71621,71623,71624,1,2
71621,71623,71625,2,2
71621,71624,71625,1,3
71621,71624,71625,1,3
71621,71624,71625,1,3
71621,71624,71625,1,3
71621,71624,71625,1,3
71621,71624,71625,1,3
71621,71625,71626,1,4
71621,71623,71626,3,2
71621,71625,71626,1,4
71621,71625,71626,1,4
71621,71625,71627,2,4
71621,71625,71626,1,4
71621,71626,71627,1,5
71621,71626,71627,1,5
71621,71626,71627,1,5
71621,71626,71627,1,5
71621,71628,71629,1,7
71621,71628,71629,1,7
71621,71628,71629,1,7
71621,71628,71629,1,7
71621,71628,71629,1,7
71621,71628,71629,1,7
71621,71628,71629,1,7
71621,71628,71629,1,7
71621,71629,71630,1,8
71621,71629,71630,1,8
71621,71629,71630,1,8
71621,71628,71629,1,7
71621,71628,71629,1,7
71621,71629,71630,1,8
71621,71630,71631,1,9
71621,71627,71632,5,6
71621,71632,71634,2,11
70907,70921,71636,715,14
71639,71639,71640,1,0
71639,71639,71640,1,0
71639,71639,71640,1,0
71639,71639,71640,1,0
71639,71639,71640,1,0
71639,71639,71640,1,0
71639,71639,71640,1,0
71639,71639,71640,1,0
71639,71639,71640,1,0
71639,71639,71641,2,0
71639,71639,71640,1,0
71639,71639,71641,2,0
71639,71640,71642,2,1
71639,71640,71642,2,1
71639,71640,71642,2,1
71639,71640,71642,2,1
71639,71640,71641,1,1
71639,71640,71642,2,1
71639,71640,71642,2,1
71639,71640,71642,2,1
71639,71640,71642,2,1
71639,71640,71642,2,1
71639,71640,71642,2,1
71639,71641,71643,2,2
71639,71641,71643,2,2
71639,71642,71643,1,3
71639,71642,71644,2,3
71639,71642,71643,1,3
71639,71642,71643,1,3
71639,71642,71643,1,3
71639,71642,71643,1,3
71639,71642,71643,1,3
71639,71642,71644,2,3
71639,71642,71643,1,3
71639,71642,71643,1,3
71639,71641,71643,2,2
71639,71641,71643,2,2
71639,71642,71643,1,3
71639,71642,71643,1,3
71639,71644,71645,1,5
71639,71644,71645,1,5
71639,71644,71645,1,5
71639,71643,71644,1,4
71639,71644,71645,1,5
71639,71644,71645,1,5
71639,71644,71645,1,5
71639,71644,71645,1,5
71639,71644,71645,1,5
71639,71644,71645,1,5
71639,71644,71645,1,5
71639,71643,71644,1,4
71639,71643,71644,1,4
71639,71644,71645,1,5
71639,71645,71646,1,6
71639,71645,71646,1,6
71639,71645,71646,1,6
71639,71645,71646,1,6
71639,71645,71646,1,6
71639,71645,71646,1,6
71639,71645,71646,1,6
71639,71645,71646,1,6
71639,71645,71646,1,6
71639,71645,71646,1,6
71639,71644,71645,1,5
71639,71644,71646,2,5
71639,71645,71646,1,6
71639,71645,71646,1,6
71639,71645,71646,1,6
71639,71645,71646,1,6
71639,71646,71647,1,7
71639,71646,71647,1,7
71639,71646,71647,1,7
71639,71646,71647,1,7
71639,71646,71647,1,7
71639,71646,71647,1,7
71639,71646,71647,1,7
71639,71646,71647,1,7
71639,71646,71647,1,7
71639,71646,71647,1,7
71639,71646,71647,1,7
71639,71646,71647,1,7
71639,71647,71648,1,8
71639,71647,71648,1,8
71639,71647,71648,1,8
71639,71647,71648,1,8
71639,71647,71649,2,8
71639,71649,71650,1,10
70933,70941,71682,741,8
71685,71685,71686,1,0
71685,71685,71686,1,0
71685,71685,71686,1,0
71685,71685,71686,1,0
71685,71685,71687,2,0
71685,71685,71686,1,0
71685,71685,71687,2,0
71685,71685,71687,2,0
71685,71686,71688,2,1
71685,71686,71687,1,1
71685,71686,71688,2,1
71685,71686,71688,2,1
71685,71686,71687,1,1
71685,71686,71688,2,1
71685,71686,71688,2,1
71685,71686,71688,2,1
71685,71686,71688,2,1
71685,71686,71688,2,1
71685,71686,71687,1,1
71685,71686,71688,2,1
71685,71686,71688,2,1
71685,71688,71689,1,3
71685,71687,71689,2,2
71685,71688,71689,1,3
71685,71688,71689,1,3
71685,71687,71689,2,2
71685,71688,71689,1,3
71685,71688,71689,1,3
71685,71688,71690,2,3
71685,71688,71689,1,3
71685,71688,71689,1,3
71685,71688,71689,1,3
71685,71688,71689,1,3
71685,71688,71689,1,3
71685,71688,71689,1,3
71685,71689,71690,1,4
71685,71689,71690,1,4
71685,71689,71690,1,4
71685,71688,71689,1,3
71685,71688,71689,1,3
71685,71689,71690,1,4
71685,71689,71690,1,4
71685,71689,71690,1,4
71685,71689,71690,1,4
71685,71690,71691,1,5
71685,71690,71691,1,5
71685,71690,71691,1,5
71685,71690,71691,1,5
71685,71690,71691,1,5
71685,71690,71691,1,5
71685,71690,71691,1,5
71685,71690,71691,1,5
71685,71690,71691,1,5
71685,71690,71691,1,5
71685,71690,71691,1,5
71685,71690,71691,1,5
71685,71691,71692,1,6
71685,71691,71692,1,6
71685,71691,71692,1,6
71685,71691,71692,1,6
71685,71691,71692,1,6
71685,71691,71692,1,6
71685,71691,71692,1,6
71685,71691,71692,1,6
71685,71691,71692,1,6
71685,71691,71692,1,6
71685,71690,71691,1,5
71685,71690,71691,1,5
71685,71691,71692,1,6
71685,71690,71691,1,5
71685,71691,71692,1,6
71685,71691,71692,1,6
71685,71692,71693,1,7
71685,71692,71693,1,7
71685,71692,71693,1,7
71685,71692,71693,1,7
71685,71692,71693,1,7
71685,71692,71693,1,7
71685,71692,71693,1,7
71685,71692,71693,1,7
71685,71692,71693,1,7
71685,71692,71693,1,7
71685,71692,71693,1,7
71685,71692,71693,1,7
71685,71692,71693,1,7
71685,71692,71693,1,7
71685,71693,71694,1,8
71685,71692,71694,2,7
71685,71692,71694,2,7
71685,71699,71701,2,14
70953,70973,71713,740,20
71719,71719,71720,1,0
71719,71720,71721,1,1
71719,71720,71721,1,1
71719,71720,71721,1,1
71719,71720,71721,1,1
71719,71720,71721,1,1
71719,71720,71721,1,1
71719,71720,71722,2,1
71719,71720,71721,1,1
71719,71720,71721,1,1
71719,71720,71722,2,1
71719,71720,71722,2,1
71719,71720,71721,1,1
71719,71720,71721,1,1
71719,71721,71722,1,2
71719,71721,71722,1,2
71719,71722,71723,1,3
71719,71721,71722,1,2
71719,71721,71722,1,2
71719,71722,71723,1,3
71719,71720,71722,2,1
71719,71722,71723,1,3
71719,71722,71723,1,3
71719,71722,71723,1,3
71719,71722,71723,1,3
71719,71722,71723,1,3
71719,71722,71723,1,3
71719,71722,71723,1,3
71719,71722,71723,1,3
71719,71722,71723,1,3
71719,71722,71723,1,3
71719,71723,71724,1,4
71719,71723,71724,1,4
71719,71723,71724,1,4
71719,71723,71724,1,4
71719,71723,71724,1,4
71719,71724,71725,1,5
71719,71724,71725,1,5
71719,71724,71725,1,5
71719,71724,71725,1,5
71719,71724,71725,1,5
71719,71724,71725,1,5
71719,71724,71725,1,5
71719,71724,71725,1,5
71719,71724,71725,1,5
71719,71724,71725,1,5
71719,71724,71725,1,5
71719,71725,71726,1,6
71719,71725,71726,1,6
71719,71725,71726,1,6
71719,71725,71726,1,6
71719,71725,71726,1,6
71719,71724,71725,1,5
71719,71724,71725,1,5
71719,71724,71725,1,5
71719,71725,71726,1,6
71719,71725,71726,1,6
71719,71725,71726,1,6
71719,71726,71727,1,7
71719,71726,71727,1,7
71719,71726,71727,1,7
71719,71726,71727,1,7
71719,71726,71727,1,7
71719,71726,71727,1,7
71719,71726,71727,1,7
71719,71726,71727,1,7
71011,71018,71730,712,7
71745,71745,71746,1,0
71745,71745,71746,1,0
71745,71745,71746,1,0
71745,71745,71747,2,0
71745,71745,71747,2,0
71745,71745,71746,1,0
71745,71745,71746,1,0
71745,71745,71746,1,0
71745,71746,71747,1,1
71745,71746,71747,1,1
71745,71746,71747,1,1
71745,71746,71748,2,1
71745,71746,71748,2,1
71745,71746,71748,2,1
71745,71746,71748,2,1
71745,71746,71748,2,1
71745,71746,71748,2,1
71745,71747,71749,2,2
71745,71747,71749,2,2
71745,71746,71749,3,1
71745,71746,71748,2,1
71745,71747,71749,2,2
71745,71746,71748,2,1
71745,71747,71749,2,2
71745,71748,71749,1,3
71745,71748,71749,1,3
71745,71748,71749,1,3
71745,71747,71749,2,2
71745,71749,71750,1,4
71745,71748,71750,2,3
71745,71749,71750,1,4
71745,71748,71750,2,3
71745,71748,71750,2,3
71745,71748,71750,2,3
71745,71749,71750,1,4
71745,71749,71751,2,4
71745,71749,71751,2,4
71745,71750,71751,1,5
71745,71749,71751,2,4
71745,71749,71750,1,4
71745,71750,71751,1,5
71745,71750,71751,1,5
71745,71750,71751,1,5
71745,71749,71751,2,4
71745,71750,71751,1,5
71745,71749,71750,1,4
71745,71750,71751,1,5
71745,71750,71751,1,5
71745,71750,71751,1,5
71745,71750,71751,1,5
71745,71751,71752,1,6
71745,71751,71752,1,6
71745,71751,71752,1,6
71745,71751,71752,1,6
71745,71751,71752,1,6
71745,71751,71752,1,6
71745,71751,71752,1,6
71745,71751,71752,1,6
71745,71751,71752,1,6
71745,71751,71752,1,6
71745,71751,71752,1,6
71745,71751,71752,1,6
71745,71751,71752,1,6
71745,71751,71752,1,6
71745,71751,71752,1,6
71745,71752,71753,1,7
71745,71752,71753,1,7
71745,71752,71753,1,7
71745,71752,71753,1,7
71745,71752,71753,1,7
71745,71752,71753,1,7
71745,71752,71753,1,7
71745,71752,71753,1,7
71745,71752,71753,1,7
71745,71752,71753,1,7
71745,71752,71753,1,7
71745,71752,71753,1,7
71745,71752,71753,1,7
71745,71752,71753,1,7
71745,71752,71753,1,7
71745,71753,71754,1,8
71745,71753,71754,1,8
71745,71753,71754,1,8
71745,71753,71754,1,8
71745,71752,71753,1,7
71042,71052,71761,709,10
71771,71771,71772,1,0
71771,71771,71772,1,0
71771,71771,71772,1,0
71771,71771,71772,1,0
71771,71771,71772,1,0
71771,71771,71772,1,0
71771,71771,71772,1,0
71771,71771,71772,1,0
71771,71771,71772,1,0
71771,71772,71773,1,1
71771,71772,71773,1,1
71771,71772,71773,1,1
71771,71772,71774,2,1
71771,71772,71774,2,1
71771,71772,71774,2,1
71771,71772,71774,2,1
71771,71772,71774,2,1
71771,71773,71774,1,2
71771,71773,71774,1,2
71771,71773,71774,1,2
71771,71773,71774,1,2
71771,71773,71774,1,2
71771,71773,71775,2,2
71771,71774,71775,1,3
71771,71772,71774,2,1
71771,71774,71775,1,3
71771,71774,71775,1,3
71771,71774,71775,1,3
71771,71774,71775,1,3
71771,71774,71775,1,3
71771,71774,71776,2,3
71771,71774,71776,2,3
71771,71774,71775,1,3
71771,71776,71777,1,5
71771,71776,71777,1,5
71771,71776,71777,1,5
71771,71776,71777,1,5
71771,71776,71777,1,5
71771,71775,71776,1,4
71771,71776,71777,1,5
71771,71775,71776,1,4
71771,71775,71776,1,4
71771,71775,71776,1,4
71771,71775,71776,1,4
71771,71776,71777,1,5
71771,71776,71777,1,5
71771,71776,71777,1,5
71771,71777,71778,1,6
71771,71777,71778,1,6
71771,71777,71778,1,6
71771,71777,71778,1,6
71771,71777,71778,1,6
71771,71777,71778,1,6
71771,71777,71778,1,6
71771,71777,71778,1,6
71771,71777,71778,1,6
71771,71777,71778,1,6
71771,71777,71778,1,6
71771,71777,71778,1,6
71771,71778,71779,1,7
71771,71778,71779,1,7
71771,71778,71779,1,7
71771,71778,71779,1,7
71771,71778,71779,1,7
71771,71778,71779,1,7
71771,71778,71779,1,7
71771,71778,71779,1,7
71771,71778,71779,1,7
71771,71778,71779,1,7
71771,71778,71779,1,7
71771,71778,71779,1,7
71771,71778,71779,1,7
71771,71779,71780,1,8
71771,71779,71780,1,8
71771,71779,71780,1,8
71771,71779,71780,1,8
71771,71779,71780,1,8
71771,71779,71780,1,8
71771,71779,71780,1,8
71771,71779,71780,1,8
71771,71779,71780,1,8
71771,71779,71780,1,8
71771,71779,71780,1,8
71771,71779,71780,1,8
71771,71779,71780,1,8
71771,71778,71779,1,7
71771,71778,71779,1,7
71771,71780,71781,1,9
71771,71780,71781,1,9
71771,71780,71781,1,9
71771,71771,71789,18,0
71021,71030,71807,777,9
71808,71808,71809,1,0
71808,71808,71809,1,0
71808,71808,71809,1,0
71808,71808,71809,1,0
71808,71808,71809,1,0
71808,71808,71809,1,0
71808,71808,71809,1,0
71808,71808,71809,1,0
71808,71808,71809,1,0
71808,71808,71809,1,0
71808,71808,71810,2,0
71808,71808,71810,2,0
71808,71808,71809,1,0
71808,71808,71810,2,0
71808,71808,71810,2,0
71808,71808,71809,1,0
71808,71809,71811,2,1
71808,71809,71811,2,1
71808,71809,71811,2,1
71808,71809,71811,2,1
71808,71809,71811,2,1
71808,71809,71812,3,1
71808,71809,71811,2,1
71808,71810,71812,2,2
71808,71810,71812,2,2
71808,71809,71812,3,1
71808,71808,71812,4,0
71808,71811,71812,1,3
71808,71811,71812,1,3
71808,71811,71813,2,3
71808,71810,71813,3,2
71808,71810,71813,3,2
71808,71811,71813,2,3
71808,71810,71813,3,2
71808,71810,71812,2,2
71808,71811,71813,2,3
71808,71813,71814,1,5
71808,71813,71814,1,5
71808,71811,71814,3,3
71808,71811,71814,3,3
71808,71813,71814,1,5
71808,71813,71814,1,5
71808,71814,71815,1,6
71808,71813,71814,1,5
71808,71813,71814,1,5
71808,71813,71814,1,5
71808,71813,71815,2,5
71808,71813,71815,2,5
71808,71813,71815,2,5
71808,71814,71815,1,6
71808,71812,71815,3,4
71808,71813,71815,2,5
71808,71814,71815,1,6
71808,71815,71816,1,7
71808,71814,71815,1,6
71808,71815,71816,1,7
71808,71816,71817,1,8
71808,71816,71817,1,8
71808,71816,71817,1,8
71808,71816,71817,1,8
71808,71817,71818,1,9
71808,71817,71818,1,9
71808,71817,71818,1,9
71808,71817,71818,1,9
71808,71817,71818,1,9
71808,71818,71819,1,10
71808,71817,71818,1,9
71808,71818,71819,1,10
71337,71345,71835,490,8
71836,71836,71837,1,0
71836,71836,71837,1,0
71836,71836,71837,1,0
71836,71836,71837,1,0
71836,71836,71837,1,0
71836,71836,71837,1,0
71836,71836,71837,1,0
71836,71836,71837,1,0
71836,71836,71837,1,0
71836,71836,71837,1,0
71836,71836,71837,1,0
71836,71836,71837,1,0
71836,71837,71838,1,1
71836,71837,71838,1,1
71836,71837,71838,1,1
71836,71836,71837,1,0
71836,71836,71837,1,0
71836,71836,71838,2,0
71836,71836,71838,2,0
71836,71836,71837,1,0
71836,71837,71839,2,1
71836,71837,71839,2,1
71836,71837,71839,2,1
71836,71838,71839,1,2
71836,71838,71839,1,2
71836,71837,71839,2,1
71836,71837,71839,2,1
71836,71837,71839,2,1
71836,71837,71839,2,1
71836,71837,71839,2,1
71836,71837,71839,2,1
71836,71838,71840,2,2
71836,71838,71840,2,2
71836,71839,71840,1,3
71836,71839,71840,1,3
71836,71838,71840,2,2
71836,71839,71840,1,3
71836,71839,71840,1,3
71836,71839,71840,1,3
71836,71839,71841,2,3
71836,71839,71841,2,3
71836,71840,71841,1,4
71836,71840,71841,1,4
71836,71840,71841,1,4
71836,71840,71841,1,4
71836,71840,71841,1,4
71836,71840,71841,1,4
71836,71840,71841,1,4
71836,71841,71842,1,5
71836,71840,71842,2,4
71836,71841,71842,1,5
71836,71842,71843,1,6
71836,71842,71843,1,6
71836,71842,71843,1,6
71836,71841,71842,1,5
71836,71841,71842,1,5
71836,71842,71843,1,6
71836,71842,71843,1,6
71836,71842,71843,1,6
71836,71842,71843,1,6
71836,71842,71843,1,6
71836,71842,71843,1,6
71836,71843,71844,1,7
71836,71843,71844,1,7
71836,71842,71843,1,6
71836,71842,71843,1,6
71836,71842,71843,1,6
71836,71843,71844,1,7
71836,71844,71845,1,8
71836,71844,71845,1,8
71836,71844,71845,1,8
71836,71843,71844,1,7
71836,71844,71845,1,8
71836,71844,71845,1,8
71836,71843,71844,1,7
71836,71843,71844,1,7
71836,71844,71845,1,8
71836,71843,71845,2,7
71836,71844,71845,1,8
71836,71844,71845,1,8
71836,71844,71845,1,8
71836,71844,71845,1,8
71836,71845,71846,1,9
71836,71844,71845,1,8
71836,71845,71846,1,9
71836,71845,71846,1,9
71836,71845,71846,1,9
71836,71845,71846,1,9
71836,71845,71846,1,9
71374,71387,71868,481,13
71869,71869,71870,1,0
71869,71869,71870,1,0
71869,71869,71870,1,0
71869,71869,71870,1,0
71869,71869,71870,1,0
71869,71869,71870,1,0
71869,71869,71870,1,0
71869,71869,71870,1,0
71869,71869,71871,2,0
71869,71869,71871,2,0
71869,71869,71871,2,0
71869,71870,71871,1,1
71869,71870,71871,1,1
71869,71870,71872,2,1
71869,71871,71872,1,2
71869,71871,71872,1,2
71869,71871,71872,1,2
71869,71871,71872,1,2
71869,71871,71872,1,2
71869,71871,71872,1,2
71869,71871,71873,2,2
71869,71871,71872,1,2
71869,71871,71872,1,2
71869,71872,71873,1,3
71869,71872,71873,1,3
71869,71871,71873,2,2
71869,71872,71873,1,3
71869,71872,71874,2,3
71869,71873,71874,1,4
71869,71873,71874,1,4
71869,71872,71874,2,3
71869,71873,71874,1,4
71869,71873,71874,1,4
71869,71872,71874,2,3
71869,71873,71874,1,4
71869,71873,71875,2,4
71869,71873,71874,1,4
71869,71873,71875,2,4
71869,71873,71875,2,4
71869,71875,71876,1,6
71869,71875,71876,1,6
71869,71874,71875,1,5
71869,71874,71875,1,5
71869,71874,71875,1,5
71869,71875,71876,1,6
71869,71874,71875,1,5
71869,71875,71876,1,6
71869,71870,71874,4,1
71869,71874,71876,2,5
71869,71875,71876,1,6
71869,71876,71877,1,7
71869,71875,71876,1,6
71869,71876,71877,1,7
71869,71876,71877,1,7
71869,71876,71877,1,7
71869,71875,71876,1,6
71869,71875,71876,1,6
71869,71876,71877,1,7
71869,71876,71877,1,7
71869,71876,71877,1,7
71869,71876,71877,1,7
71869,71877,71878,1,8
71869,71877,71878,1,8
71869,71877,71878,1,8
71869,71877,71878,1,8
71869,71878,71879,1,9
71869,71877,71878,1,8
71869,71877,71879,2,8
71869,71878,71879,1,9
71869,71877,71878,1,8
71869,71877,71878,1,8
71869,71878,71879,1,9
71869,71878,71879,1,9
71869,71878,71879,1,9
71869,71877,71878,1,8
71869,71878,71879,1,9
71869,71878,71879,1,9
71869,71877,71879,2,8
71869,71878,71879,1,9
71869,71878,71879,1,9
71869,71879,71880,1,10
71869,71879,71880,1,10
71869,71879,71880,1,10
71869,71879,71880,1,10
71376,71396,71888,492,20
71377,71396,71890,494,19
71899,71899,71900,1,0
71899,71899,71900,1,0
71899,71899,71900,1,0
71899,71899,71900,1,0
71899,71899,71900,1,0
71899,71899,71900,1,0
71899,71899,71900,1,0
71899,71899,71900,1,0
71899,71899,71901,2,0
71899,71900,71901,1,1
71899,71900,71901,1,1
71899,71900,71901,1,1
71899,71900,71901,1,1
71899,71901,71902,1,2
71899,71900,71902,2,1
71899,71900,71901,1,1
71899,71899,71902,3,0
71899,71900,71902,2,1
71899,71901,71902,1,2
71899,71901,71902,1,2
71899,71901,71903,2,2
71899,71900,71902,2,1
71899,71901,71902,1,2
71899,71901,71902,1,2
71899,71902,71903,1,3
71899,71902,71903,1,3
71899,71901,71903,2,2
71899,71901,71903,2,2
71899,71902,71903,1,3
71899,71902,71903,1,3
71899,71902,71903,1,3
71899,71902,71903,1,3
71899,71902,71903,1,3
71899,71903,71904,1,4
71899,71903,71904,1,4
71899,71903,71904,1,4
71899,71901,71903,2,2
71899,71904,71905,1,5
71899,71903,71904,1,4
71899,71903,71905,2,4
71899,71903,71905,2,4
71899,71903,71905,2,4
71899,71903,71904,1,4
71899,71903,71904,1,4
71899,71904,71905,1,5
71899,71903,71904,1,4
71899,71904,71905,1,5
71899,71904,71905,1,5
71899,71904,71905,1,5
71899,71904,71905,1,5
71899,71904,71905,1,5
71899,71903,71905,2,4
71899,71904,71905,1,5
71899,71904,71905,1,5
71899,71905,71906,1,6
71899,71904,71905,1,5
71899,71905,71906,1,6
71899,71905,71906,1,6
71899,71905,71906,1,6
71899,71905,71906,1,6
71899,71905,71906,1,6
71899,71905,71906,1,6
71899,71905,71906,1,6
71899,71905,71906,1,6
71899,71905,71906,1,6
71899,71905,71906,1,6
71899,71905,71906,1,6
71899,71906,71907,1,7
71899,71905,71906,1,6
71899,71906,71907,1,7
71899,71906,71907,1,7
71899,71906,71907,1,7
71899,71906,71907,1,7
71899,71906,71907,1,7
71899,71906,71907,1,7
71899,71906,71907,1,7
71899,71906,71907,1,7
71899,71906,71907,1,7
71899,71906,71907,1,7
71899,71906,71907,1,7
71899,71906,71907,1,7
71899,71906,71907,1,7
71899,71906,71907,1,7
71899,71906,71908,2,7
71899,71907,71908,1,8
71899,71907,71908,1,8
71899,71907,71908,1,8
71899,71907,71908,1,8
71899,71907,71908,1,8
71901,71907,71908,1,6
71901,71907,71908,1,6
71901,71907,71908,1,6
71901,71907,71908,1,6
71901,71907,71908,1,6
71901,71907,71908,1,6
71901,71907,71908,1,6
71901,71907,71908,1,6
71899,71906,71909,3,7
71901,71908,71909,1,7
71172,71182,71908,726,10
71901,71908,71909,1,7
71901,71908,71909,1,7
71901,71909,71910,1,8
71901,71908,71910,2,7
71901,71908,71910,2,7
71901,71908,71910,2,7
71901,71908,71910,2,7
71901,71909,71910,1,8
71901,71909,71910,1,8
71901,71908,71910,2,7
71901,71909,71910,1,8
71901,71908,71910,2,7
71901,71909,71910,1,8
71901,71909,71911,2,8
71901,71909,71911,2,8
71901,71909,71911,2,8
71901,71909,71911,2,8
71901,71910,71911,1,9
71901,71910,71911,1,9
71901,71909,71911,2,8
71901,71909,71911,2,8
71901,71910,71912,2,9
71901,71910,71912,2,9
71901,71910,71912,2,9
71901,71911,71912,1,10
71901,71911,71912,1,10
71901,71911,71912,1,10
71901,71911,71912,1,10
71901,71912,71913,1,11
71901,71911,71912,1,10
71901,71911,71913,2,10
71901,71911,71913,2,10
71901,71911,71913,2,10
71901,71911,71913,2,10
71901,71912,71913,1,11
71901,71912,71913,1,11
71901,71913,71914,1,12
71901,71913,71914,1,12
71901,71913,71914,1,12
71901,71913,71914,1,12
71901,71912,71914,2,11
71901,71912,71914,2,11
71901,71913,71914,1,12
71901,71913,71914,1,12
71901,71913,71914,1,12
71901,71914,71915,1,13
71901,71911,71914,3,10
71901,71914,71915,1,13
71901,71913,71914,1,12
71901,71913,71914,1,12
71901,71914,71915,1,13
71901,71913,71915,2,12
71901,71913,71915,2,12
71901,71913,71915,2,12
71901,71914,71915,1,13
71901,71915,71916,1,14
71901,71915,71916,1,14
71901,71915,71916,1,14
71901,71914,71915,1,13
71901,71914,71915,1,13
71901,71915,71916,1,14
71901,71915,71916,1,14
71901,71916,71917,1,15
71901,71916,71917,1,15
71901,71916,71917,1,15
71901,71916,71917,1,15
71901,71916,71917,1,15
71901,71916,71917,1,15
71901,71916,71917,1,15
71901,71916,71917,1,15
71928,71928,71929,1,0
71928,71928,71929,1,0
71928,71928,71929,1,0
71928,71928,71929,1,0
71928,71928,71929,1,0
71928,71928,71930,2,0
71928,71928,71929,1,0
71928,71929,71930,1,1
71928,71929,71930,1,1
71928,71929,71930,1,1
71928,71929,71930,1,1
71928,71928,71930,2,0
71928,71929,71930,1,1
71928,71929,71930,1,1
71928,71929,71931,2,1
71928,71929,71930,1,1
71928,71929,71930,1,1
71928,71929,71930,1,1
71928,71929,71930,1,1
71928,71929,71930,1,1
71928,71930,71931,1,2
71928,71930,71931,1,2
71928,71930,71931,1,2
71928,71929,71931,2,1
71928,71931,71932,1,3
71928,71931,71932,1,3
71928,71930,71931,1,2
71928,71931,71932,1,3
71928,71931,71932,1,3
71928,71931,71932,1,3
71901,71930,71932,2,29
71928,71931,71932,1,3
71928,71930,71933,3,2
71928,71932,71933,1,4
71928,71931,71933,2,3
71928,71932,71933,1,4
71928,71931,71932,1,3
71928,71931,71932,1,3
71928,71932,71933,1,4
71928,71931,71932,1,3
71928,71932,71933,1,4
71928,71932,71933,1,4
71928,71932,71933,1,4
71928,71932,71933,1,4
71928,71932,71933,1,4
71928,71932,71933,1,4
71928,71933,71934,1,5
71928,71933,71934,1,5
71928,71933,71934,1,5
71928,71933,71934,1,5
71928,71933,71934,1,5
71928,71933,71934,1,5
71928,71933,71934,1,5
71928,71933,71934,1,5
71928,71933,71934,1,5
71928,71933,71934,1,5
71928,71933,71934,1,5
71928,71933,71934,1,5
71928,71933,71934,1,5
71928,71933,71934,1,5
71928,71930,71934,4,2
71928,71933,71934,1,5
71928,71934,71935,1,6
71928,71934,71935,1,6
71928,71934,71935,1,6
71928,71934,71935,1,6
71928,71934,71935,1,6
71928,71934,71935,1,6
71928,71934,71935,1,6
71928,71934,71935,1,6
71928,71934,71935,1,6
71928,71934,71935,1,6
71928,71934,71935,1,6
71928,71934,71935,1,6
71928,71935,71936,1,7
71928,71935,71936,1,7
71928,71935,71936,1,7
71928,71935,71936,1,7
71928,71935,71936,1,7
71928,71935,71936,1,7
71928,71935,71936,1,7
71928,71935,71936,1,7
71928,71935,71936,1,7
71928,71937,71942,5,9
71264,71271,71988,717,7
71990,71990,71991,1,0
71990,71990,71991,1,0
71990,71990,71991,1,0
71990,71990,71991,1,0
71990,71990,71991,1,0
71990,71990,71991,1,0
71990,71990,71991,1,0
71990,71990,71991,1,0
71990,71990,71991,1,0
71990,71990,71991,1,0
71990,71990,71991,1,0
71990,71990,71991,1,0
71990,71991,71992,1,1
71990,71990,71991,1,0
71990,71990,71992,2,0
71990,71990,71992,2,0
71990,71990,71992,2,0
71990,71991,71993,2,1
71990,71991,71992,1,1
71990,71991,71992,1,1
71990,71992,71993,1,2
71990,71991,71993,2,1
71990,71991,71993,2,1
71990,71991,71993,2,1
71990,71991,71993,2,1
71990,71991,71993,2,1
71990,71991,71992,1,1
71990,71990,71993,3,0
71990,71992,71993,1,2
71990,71992,71994,2,2
71990,71993,71994,1,3
71990,71992,71994,2,2
71990,71993,71994,1,3
71990,71993,71994,1,3
71990,71993,71994,1,3
71990,71992,71994,2,2
71990,71992,71994,2,2
71990,71992,71993,1,2
71990,71993,71994,1,3
71990,71994,71995,1,4
71990,71994,71995,1,4
71990,71994,71995,1,4
71990,71994,71995,1,4
71990,71993,71995,2,3
71990,71994,71995,1,4
71990,71994,71995,1,4
71990,71994,71995,1,4
71990,71993,71995,2,3
71990,71994,71996,2,4
71990,71995,71996,1,5
71990,71995,71996,1,5
71990,71994,71995,1,4
71990,71995,71996,1,5
71990,71996,71997,1,6
71990,71995,71996,1,5
71990,71996,71997,1,6
71990,71996,71997,1,6
71990,71995,71996,1,5
71990,71996,71997,1,6
71990,71996,71997,1,6
71990,71997,71998,1,7
71990,71997,71998,1,7
71990,71997,71998,1,7
71990,71997,71998,1,7
71990,71997,71998,1,7
71990,71997,71998,1,7
71990,71997,71998,1,7
71990,71997,71998,1,7
71990,71997,71998,1,7
71990,71997,71998,1,7
71990,71997,71998,1,7
71990,71997,71999,2,7
71990,71998,71999,1,8
71990,71998,71999,1,8
71291,71297,72002,705,6
72016,72016,72017,1,0
72016,72016,72017,1,0
72016,72016,72017,1,0
72016,72016,72017,1,0
72016,72016,72017,1,0
72016,72016,72017,1,0
72016,72016,72017,1,0
72016,72016,72017,1,0
72016,72016,72017,1,0
72016,72016,72017,1,0
72016,72016,72017,1,0
72016,72016,72017,1,0
72016,72016,72018,2,0
72016,72017,72018,1,1
72016,72016,72017,1,0
72016,72016,72018,2,0
72016,72017,72018,1,1
72016,72017,72019,2,1
72016,72017,72019,2,1
72016,72017,72019,2,1
72016,72017,72019,2,1
72016,72018,72019,1,2
72016,72017,72019,2,1
72016,72017,72019,2,1
72016,72017,72019,2,1
72016,72018,72019,1,2
72016,72018,72019,1,2
72016,72018,72019,1,2
72016,72018,72019,1,2
72016,72018,72019,1,2
72016,72018,72020,2,2
72016,72019,72020,1,3
72016,72019,72020,1,3
72016,72019,72020,1,3
72016,72020,72021,1,4
72016,72019,72021,2,3
72016,72021,72022,1,5
72016,72020,72021,1,4
72016,72021,72022,1,5
72016,72021,72022,1,5
72016,72020,72021,1,4
72016,72020,72021,1,4
72016,72020,72021,1,4
72016,72020,72022,2,4
72016,72021,72022,1,5
72016,72021,72022,1,5
72016,72022,72023,1,6
72016,72021,72022,1,5
72016,72023,72024,1,7
72016,72023,72024,1,7
72016,72023,72024,1,7
72016,72023,72024,1,7
72016,72023,72024,1,7
72016,72023,72024,1,7
72016,72023,72024,1,7
72016,72023,72024,1,7
72016,72023,72024,1,7
72016,72023,72024,1,7
72016,72023,72024,1,7
72016,72023,72024,1,7
72016,72023,72024,1,7
72016,72024,72025,1,8
72016,72024,72025,1,8
72016,72024,72025,1,8
72016,72024,72025,1,8
72016,72024,72025,1,8
71553,71561,72070,509,8
72071,72071,72072,1,0
72071,72071,72072,1,0
72071,72071,72072,1,0
72071,72071,72072,1,0
72071,72071,72072,1,0
72071,72071,72072,1,0
72071,72071,72072,1,0
72071,72071,72072,1,0
72071,72071,72072,1,0
72071,72071,72072,1,0
72071,72071,72072,1,0
72071,72071,72072,1,0
72071,72071,72072,1,0
72071,72071,72073,2,0
72071,72071,72072,1,0
72071,72071,72073,2,0
72071,72072,72073,1,1
72071,72072,72073,1,1
72071,72072,72073,1,1
72071,72072,72073,1,1
72071,72072,72074,2,1
72071,72072,72074,2,1
72071,72072,72074,2,1
72071,72072,72074,2,1
72071,72072,72074,2,1
72071,72072,72074,2,1
72071,72073,72075,2,2
72071,72073,72075,2,2
72071,72073,72075,2,2
72071,72073,72074,1,2
72071,72073,72075,2,2
72071,72073,72075,2,2
72071,72073,72075,2,2
72071,72074,72075,1,3
72071,72074,72075,1,3
72071,72074,72075,1,3
72071,72074,72075,1,3
72071,72074,72075,1,3
72071,72074,72075,1,3
72071,72075,72076,1,4
72071,72074,72076,2,3
72071,72075,72076,1,4
72071,72074,72076,2,3
72071,72074,72076,2,3
72071,72074,72076,2,3
72071,72075,72077,2,4
72071,72075,72076,1,4
72071,72075,72077,2,4
72071,72075,72076,1,4
72071,72075,72076,1,4
72071,72076,72077,1,5
72071,72076,72077,1,5
72071,72076,72077,1,5
72071,72076,72077,1,5
72071,72076,72077,1,5
72071,72076,72077,1,5
72071,72076,72077,1,5
72071,72076,72077,1,5
72071,72076,72077,1,5
72071,72076,72077,1,5
72071,72075,72077,2,4
72071,72075,72077,2,4
72071,72077,72078,1,6
72071,72077,72078,1,6
72071,72077,72078,1,6
72071,72077,72078,1,6
72071,72077,72078,1,6
72071,72077,72078,1,6
72071,72077,72078,1,6
72071,72077,72078,1,6
72071,72077,72078,1,6
72071,72077,72078,1,6
72071,72078,72079,1,7
72071,72078,72079,1,7
72071,72078,72079,1,7
72071,72078,72079,1,7
72071,72078,72079,1,7
72071,72078,72079,1,7
72071,72079,72080,1,8
72071,72079,72080,1,8
72071,72078,72079,1,7
72071,72079,72080,1,8
72071,72079,72080,1,8
71605,71612,72097,485,7
72097,72097,72098,1,0
72097,72097,72098,1,0
72097,72097,72098,1,0
72097,72097,72098,1,0
72097,72097,72098,1,0
72097,72097,72098,1,0
72097,72097,72098,1,0
72097,72097,72098,1,0
72097,72097,72098,1,0
72097,72097,72098,1,0
72097,72097,72098,1,0
72097,72097,72098,1,0
72097,72097,72098,1,0
72097,72097,72099,2,0
72097,72098,72099,1,1
72097,72098,72099,1,1
72097,72098,72099,1,1
72097,72098,72100,2,1
72097,72098,72100,2,1
72097,72098,72100,2,1
72097,72098,72100,2,1
72097,72098,72100,2,1
72097,72098,72100,2,1
72097,72098,72100,2,1
72097,72098,72100,2,1
72097,72098,72100,2,1
72097,72098,72100,2,1
72097,72099,72101,2,2
72097,72098,72100,2,1
72097,72099,72101,2,2
72097,72100,72101,1,3
72097,72100,72101,1,3
72097,72100,72101,1,3
72097,72100,72101,1,3
72097,72100,72101,1,3
72097,72100,72101,1,3
72097,72100,72101,1,3
72097,72099,72101,2,2
72097,72100,72102,2,3
72097,72100,72102,2,3
72097,72100,72102,2,3
72097,72100,72102,2,3
72097,72101,72102,1,4
72097,72101,72102,1,4
72097,72102,72103,1,5
72097,72101,72103,2,4
72097,72102,72103,1,5
72097,72101,72102,1,4
72097,72101,72102,1,4
72097,72101,72102,1,4
72097,72101,72103,2,4
72097,72102,72103,1,5
72097,72103,72104,1,6
72097,72102,72104,2,5
72097,72102,72103,1,5
72097,72102,72103,1,5
72097,72103,72104,1,6
72097,72102,72104,2,5
72097,72102,72104,2,5
72097,72102,72104,2,5
72097,72102,72104,2,5
72097,72102,72104,2,5
72097,72104,72105,1,7
72097,72103,72105,2,6
72097,72104,72105,1,7
72097,72103,72105,2,6
72097,72104,72105,1,7
72097,72104,72105,1,7
72097,72104,72105,1,7
72097,72103,72104,1,6
72097,72104,72105,1,7
72097,72103,72104,1,6
72097,72104,72105,1,7
72097,72104,72105,1,7
72097,72103,72105,2,6
72097,72103,72105,2,6
72097,72105,72106,1,8
72097,72105,72106,1,8
72097,72104,72105,1,7
72097,72105,72106,1,8
72097,72105,72106,1,8
72097,72105,72106,1,8
72097,72105,72106,1,8
72097,72105,72106,1,8
72097,72105,72106,1,8
72097,72106,72107,1,9
72097,72106,72107,1,9
72097,72105,72106,1,8
71622,71630,72125,495,8
72126,72126,72127,1,0
72126,72126,72127,1,0
72126,72126,72127,1,0
72126,72126,72127,1,0
72126,72126,72127,1,0
72126,72126,72127,1,0
72126,72126,72127,1,0
72126,72126,72127,1,0
72126,72126,72127,1,0
72126,72126,72127,1,0
72126,72126,72127,1,0
72126,72126,72127,1,0
72126,72126,72127,1,0
72126,72127,72128,1,1
72126,72126,72128,2,0
72126,72126,72128,2,0
72126,72126,72128,2,0
72126,72127,72129,2,1
72126,72127,72129,2,1
72126,72127,72129,2,1
72126,72128,72129,1,2
72126,72127,72129,2,1
72126,72128,72129,1,2
72126,72128,72129,1,2
72126,72128,72129,1,2
72126,72128,72129,1,2
72126,72128,72129,1,2
72126,72128,72130,2,2
72126,72128,72130,2,2
72126,72130,72131,1,4
72126,72130,72131,1,4
72126,72129,72130,1,3
72126,72128,72130,2,2
72126,72129,72130,1,3
72126,72130,72131,1,4
72126,72129,72131,2,3
72126,72130,72131,1,4
72126,72129,72131,2,3
72126,72130,72131,1,4
72126,72130,72131,1,4
72126,72130,72131,1,4
72126,72130,72131,1,4
72126,72131,72132,1,5
72126,72131,72132,1,5
72126,72131,72132,1,5
72126,72131,72132,1,5
72126,72131,72132,1,5
72126,72131,72132,1,5
72126,72132,72133,1,6
72126,72132,72133,1,6
72126,72132,72133,1,6
72126,72132,72133,1,6
72126,72132,72133,1,6
72126,72132,72133,1,6
72126,72132,72133,1,6
72126,72132,72133,1,6
72126,72132,72134,2,6
72126,72132,72133,1,6
72126,72132,72134,2,6
72126,72133,72134,1,7
72126,72133,72134,1,7
72126,72134,72135,1,8
72126,72134,72135,1,8
72126,72134,72135,1,8
72126,72133,72134,1,7
72126,72133,72134,1,7
72126,72134,72135,1,8
72126,72134,72135,1,8
72126,72133,72134,1,7
72126,72134,72135,1,8
72126,72134,72135,1,8
72126,72133,72135,2,7
72126,72134,72135,1,8
72126,72134,72135,1,8
72126,72135,72136,1,9
72126,72135,72136,1,9
72126,72135,72136,1,9
72126,72135,72136,1,9
72126,72135,72136,1,9
72126,72135,72136,1,9
72126,72135,72136,1,9
72126,72135,72136,1,9
72126,72135,72136,1,9
72126,72135,72136,1,9
72126,72136,72137,1,10
72126,72136,72137,1,10
71686,71693,72185,492,7
72186,72186,72187,1,0
72186,72186,72187,1,0
72186,72186,72187,1,0
72186,72186,72187,1,0
72186,72186,72187,1,0
72186,72186,72187,1,0
72186,72186,72187,1,0
72186,72186,72187,1,0
72186,72186,72187,1,0
72186,72186,72187,1,0
72186,72186,72187,1,0
72186,72186,72187,1,0
72186,72186,72187,1,0
72186,72186,72187,1,0
72186,72186,72188,2,0
72186,72186,72188,2,0
72186,72186,72188,2,0
72186,72187,72189,2,1
72186,72187,72189,2,1
72186,72187,72189,2,1
72186,72187,72189,2,1
72186,72187,72189,2,1
72186,72187,72189,2,1
72186,72188,72189,1,2
72186,72188,72189,1,2
72186,72188,72189,1,2
72186,72188,72189,1,2
72186,72188,72189,1,2
72186,72188,72189,1,2
72186,72188,72189,1,2
72186,72188,72189,1,2
72186,72190,72191,1,4
72186,72190,72191,1,4
72186,72189,72190,1,3
72186,72188,72190,2,2
72186,72189,72191,2,3
72186,72190,72191,1,4
72186,72190,72191,1,4
72186,72190,72191,1,4
72186,72190,72191,1,4
72186,72190,72191,1,4
72186,72190,72191,1,4
72186,72190,72191,1,4
72186,72190,72191,1,4
72186,72191,72192,1,5
72186,72191,72192,1,5
72186,72191,72192,1,5
72186,72191,72192,1,5
72186,72191,72192,1,5
72186,72191,72193,2,5
72186,72192,72193,1,6
72186,72192,72194,2,6
72186,72193,72194,1,7
72186,72191,72193,2,5
72186,72192,72194,2,6
72186,72192,72194,2,6
72186,72192,72194,2,6
72186,72192,72194,2,6
72186,72192,72194,2,6
72186,72194,72195,1,8
72186,72193,72194,1,7
72186,72193,72194,1,7
72186,72193,72194,1,7
72186,72192,72194,2,6
72186,72192,72194,2,6
72186,72192,72194,2,6
72186,72193,72194,1,7
72186,72194,72195,1,8
72186,72193,72194,1,7
72186,72194,72195,1,8
72186,72194,72195,1,8
72186,72194,72195,1,8
72186,72194,72195,1,8
72186,72194,72195,1,8
72186,72195,72196,1,9
72186,72195,72196,1,9
72186,72194,72195,1,8
72186,72195,72196,1,9
72186,72195,72196,1,9
72186,72195,72196,1,9
72186,72195,72196,1,9
72186,72196,72197,1,10
72186,72196,72197,1,10
72186,72196,72197,1,10
71720,71726,72208,482,6
72215,72215,72216,1,0
72215,72215,72216,1,0
72215,72215,72216,1,0
72215,72215,72216,1,0
72215,72215,72216,1,0
72215,72215,72216,1,0
72215,72215,72216,1,0
72215,72215,72216,1,0
72215,72215,72216,1,0
72215,72215,72216,1,0
72215,72215,72216,1,0
72215,72215,72216,1,0
72215,72215,72216,1,0
72215,72215,72216,1,0
72215,72215,72217,2,0
72215,72215,72216,1,0
72215,72216,72218,2,1
72215,72216,72218,2,1
72215,72216,72217,1,1
72215,72216,72218,2,1
72215,72216,72218,2,1
72215,72216,72217,1,1
72215,72216,72218,2,1
72215,72216,72218,2,1
72215,72216,72218,2,1
72215,72216,72218,2,1
72215,72216,72218,2,1
72215,72216,72218,2,1
72215,72217,72218,1,2
72215,72217,72219,2,2
72215,72216,72219,3,1
72215,72217,72218,1,2
72215,72218,72219,1,3
72215,72216,72218,2,1
72215,72218,72219,1,3
72215,72218,72219,1,3
72215,72218,72219,1,3
72215,72218,72220,2,3
72215,72218,72220,2,3
72215,72218,72220,2,3
72215,72218,72220,2,3
71476,71485,72220,735,9
72215,72218,72220,2,3
72215,72218,72220,2,3
72215,72218,72220,2,3
72215,72218,72220,2,3
72215,72219,72221,2,4
72215,72219,72221,2,4
72215,72219,72221,2,4
72215,72219,72221,2,4
72215,72219,72221,2,4
72215,72220,72222,2,5
72215,72220,72222,2,5
72215,72220,72222,2,5
72215,72220,72222,2,5
72215,72219,72221,2,4
72215,72220,72222,2,5
72215,72221,72222,1,6
72215,72221,72222,1,6
72215,72221,72222,1,6
72215,72221,72222,1,6
72215,72221,72223,2,6
72215,72221,72223,2,6
72215,72221,72223,2,6
72215,72222,72223,1,7
72215,72220,72223,3,5
72215,72221,72223,2,6
72215,72220,72223,3,5
72215,72223,72224,1,8
72215,72223,72224,1,8
72215,72222,72224,2,7
72215,72222,72224,2,7
72215,72222,72224,2,7
72215,72222,72223,1,7
72215,72223,72224,1,8
72215,72222,72224,2,7
72215,72223,72224,1,8
72215,72223,72224,1,8
72215,72223,72224,1,8
72215,72223,72224,1,8
72215,72223,72224,1,8
72215,72224,72225,1,9
72215,72224,72225,1,9
72215,72224,72225,1,9
72222,72225,72226,1,3
72222,72225,72226,1,3
72222,72225,72226,1,3
72222,72225,72226,1,3
72222,72225,72226,1,3
72222,72225,72226,1,3
72222,72225,72226,1,3
72222,72226,72227,1,4
72222,72226,72227,1,4
72222,72226,72227,1,4
72222,72226,72227,1,4
72222,72226,72227,1,4
72222,72226,72227,1,4
72222,72226,72227,1,4
72222,72227,72228,1,5
72222,72226,72227,1,4
72222,72227,72228,1,5
72222,72227,72228,1,5
72222,72227,72228,1,5
72222,72226,72227,1,4
72222,72227,72228,1,5
72222,72227,72228,1,5
72222,72227,72228,1,5
72222,72226,72228,2,4
72222,72226,72228,2,4
72222,72227,72228,1,5
72222,72228,72229,1,6
72222,72228,72229,1,6
72222,72228,72229,1,6
72222,72228,72229,1,6
72222,72228,72229,1,6
72222,72227,72228,1,5
72222,72228,72229,1,6
72222,72229,72230,1,7
72222,72229,72230,1,7
72222,72229,72230,1,7
72222,72229,72230,1,7
72222,72229,72230,1,7
72222,72228,72229,1,6
72222,72228,72229,1,6
72222,72228,72229,1,6
72222,72228,72229,1,6
72222,72228,72230,2,6
72222,72228,72230,2,6
72222,72228,72230,2,6
72222,72229,72230,1,7
72222,72229,72230,1,7
72222,72228,72230,2,6
72222,72228,72230,2,6
72222,72229,72230,1,7
72222,72230,72231,1,8
72222,72230,72231,1,8
72222,72230,72231,1,8
72222,72230,72231,1,8
72222,72230,72231,1,8
72222,72230,72231,1,8
72222,72230,72231,1,8
72222,72230,72231,1,8
72222,72230,72231,1,8
72222,72230,72231,1,8
72222,72230,72231,1,8
72222,72230,72231,1,8
72222,72230,72231,1,8
72222,72230,72231,1,8
72222,72231,72232,1,9
72222,72231,72232,1,9
72222,72231,72232,1,9
72222,72231,72232,1,9
72222,72231,72232,1,9
72222,72231,72232,1,9
72222,72231,72232,1,9
72222,72232,72233,1,10
72222,72232,72233,1,10
72222,72232,72233,1,10
72222,72232,72233,1,10
72222,72232,72233,1,10
72222,72232,72233,1,10
72222,72232,72233,1,10
71523,71531,72239,708,8
72245,72245,72246,1,0
72245,72245,72246,1,0
72245,72245,72246,1,0
72245,72245,72246,1,0
72245,72245,72246,1,0
72245,72245,72246,1,0
72245,72245,72246,1,0
72245,72245,72246,1,0
72245,72245,72246,1,0
72245,72245,72246,1,0
72245,72245,72246,1,0
72245,72246,72247,1,1
72245,72246,72247,1,1
72245,72246,72247,1,1
72245,72246,72247,1,1
72245,72247,72248,1,2
72245,72246,72247,1,1
72245,72246,72248,2,1
72245,72246,72247,1,1
72245,72246,72247,1,1
72245,72246,72247,1,1
72245,72246,72247,1,1
72245,72246,72247,1,1
72245,72246,72247,1,1
72245,72246,72247,1,1
72245,72248,72249,1,3
72245,72247,72248,1,2
72245,72247,72248,1,2
72245,72248,72249,1,3
72245,72248,72249,1,3
72245,72248,72249,1,3
72245,72248,72249,1,3
72245,72248,72249,1,3
72245,72248,72249,1,3
72245,72248,72249,1,3
72245,72248,72249,1,3
72245,72249,72250,1,4
72245,72249,72250,1,4
72245,72248,72250,2,3
72245,72248,72250,2,3
72245,72249,72250,1,4
72245,72249,72250,1,4
72245,72249,72250,1,4
72245,72249,72250,1,4
72245,72248,72249,1,3
72245,72248,72249,1,3
72245,72248,72249,1,3
72245,72249,72250,1,4
72245,72249,72250,1,4
72245,72249,72250,1,4
72245,72249,72250,1,4
72245,72250,72251,1,5
72245,72250,72251,1,5
72245,72250,72251,1,5
72245,72250,72251,1,5
72245,72249,72250,1,4
72245,72250,72251,1,5
72245,72250,72251,1,5
72245,72250,72251,1,5
72245,72250,72251,1,5
72245,72250,72251,1,5
72245,72250,72251,1,5
72245,72251,72252,1,6
72245,72251,72252,1,6
72245,72251,72252,1,6
72245,72250,72252,2,5
72245,72251,72252,1,6
72245,72251,72252,1,6
72245,72251,72252,1,6
72245,72251,72252,1,6
72245,72251,72252,1,6
72245,72251,72252,1,6
72245,72251,72252,1,6
72245,72251,72252,1,6
72245,72251,72253,2,6
72245,72252,72253,1,7
72245,72252,72253,1,7
72245,72252,72253,1,7
72245,72252,72253,1,7
72245,72252,72253,1,7
72245,72252,72253,1,7
72245,72252,72253,1,7
72245,72252,72253,1,7
72245,72252,72253,1,7
72245,72252,72254,2,7
72245,72245,72255,10,0
71772,71780,72287,507,8
72289,72289,72290,1,0
72289,72289,72290,1,0
72289,72289,72290,1,0
72289,72289,72290,1,0
72289,72289,72290,1,0
72289,72289,72290,1,0
72289,72289,72290,1,0
72289,72289,72290,1,0
72289,72289,72290,1,0
71580,71587,72289,702,7
72289,72289,72290,1,0
72289,72289,72290,1,0
72289,72289,72290,1,0
72289,72289,72291,2,0
72289,72290,72291,1,1
72289,72290,72291,1,1
72289,72290,72292,2,1
72289,72290,72291,1,1
72289,72290,72292,2,1
72289,72290,72292,2,1
72289,72290,72291,1,1
72289,72290,72291,1,1
72289,72290,72291,1,1
72289,72290,72292,2,1
72289,72290,72292,2,1
72289,72290,72292,2,1
72289,72290,72292,2,1
72289,72290,72292,2,1
72289,72290,72292,2,1
72289,72290,72292,2,1
72289,72291,72293,2,2
72289,72292,72293,1,3
72289,72291,72293,2,2
72289,72292,72293,1,3
72289,72292,72293,1,3
72289,72292,72293,1,3
72289,72292,72294,2,3
72289,72292,72294,2,3
72289,72292,72293,1,3
72289,72292,72293,1,3
72289,72292,72293,1,3
72289,72292,72294,2,3
72289,72292,72293,1,3
72289,72292,72294,2,3
72289,72292,72294,2,3
72289,72292,72294,2,3
72289,72292,72294,2,3
72289,72292,72293,1,3
72289,72293,72294,1,4
72289,72294,72295,1,5
72289,72294,72296,2,5
72289,72294,72296,2,5
72289,72294,72296,2,5
72289,72294,72296,2,5
72289,72294,72295,1,5
72289,72294,72296,2,5
72289,72294,72295,1,5
72289,72294,72296,2,5
72289,72294,72296,2,5
72289,72294,72296,2,5
72289,72294,72296,2,5
72289,72294,72296,2,5
72289,72294,72296,2,5
72289,72294,72296,2,5
72289,72294,72296,2,5
72289,72294,72296,2,5
72289,72295,72297,2,6
72289,72296,72297,1,7
72289,72296,72297,1,7
72289,72296,72297,1,7
72289,72296,72297,1,7
72289,72296,72297,1,7
72289,72296,72297,1,7
72289,72296,72297,1,7
72289,72296,72297,1,7
72289,72296,72297,1,7
72289,72297,72298,1,8
72289,72296,72298,2,7
72289,72297,72298,1,8
72289,72297,72298,1,8
72291,72298,72299,1,7
72291,72298,72299,1,7
72291,72298,72299,1,7
72291,72299,72300,1,8
72291,72299,72300,1,8
72291,72300,72301,1,9
72291,72300,72301,1,9
72291,72300,72301,1,9
72291,72300,72301,1,9
72291,72299,72300,1,8
72291,72300,72301,1,9
72291,72300,72301,1,9
72291,72299,72300,1,8
72291,72299,72300,1,8
72291,72299,72301,2,8
72291,72299,72301,2,8
72291,72300,72301,1,9
72291,72300,72301,1,9
72291,72301,72302,1,10
72291,72301,72302,1,10
72291,72301,72302,1,10
72291,72301,72302,1,10
72291,72301,72302,1,10
72291,72301,72302,1,10
72291,72301,72302,1,10
72291,72301,72302,1,10
72291,72301,72303,2,10
72291,72301,72303,2,10
72291,72301,72303,2,10
72291,72301,72302,1,10
72291,72301,72302,1,10
72291,72301,72303,2,10
72291,72301,72303,2,10
72291,72302,72303,1,11
72291,72303,72304,1,12
72291,72303,72304,1,12
72291,72303,72304,1,12
72291,72303,72304,1,12
72291,72303,72304,1,12
72291,72303,72304,1,12
72291,72303,72305,2,12
72291,72303,72304,1,12
72291,72303,72304,1,12
72291,72302,72304,2,11
72291,72303,72305,2,12
72291,72303,72305,2,12
72291,72303,72305,2,12
72291,72303,72305,2,12
72291,72303,72305,2,12
72291,72303,72305,2,12
72291,72305,72306,1,14
72291,72305,72306,1,14
72291,72305,72306,1,14
72291,72305,72306,1,14
72291,72305,72306,1,14
72291,72305,72306,1,14
72291,72305,72306,1,14
72291,72304,72306,2,13
72291,72305,72306,1,14
72291,72305,72306,1,14
72291,72305,72306,1,14
72291,72305,72306,1,14
72291,72305,72306,1,14
72291,72306,72307,1,15
72291,72306,72307,1,15
72291,72306,72307,1,15
72291,72306,72307,1,15
72291,72306,72307,1,15
72291,72306,72307,1,15
72291,72305,72307,2,14
72291,72306,72307,1,15
72291,72305,72307,2,14
72291,72305,72307,2,14
72291,72305,72306,1,14
72291,72306,72307,1,15
72291,72306,72307,1,15
72291,72306,72307,1,15
72291,72307,72308,1,16
72291,72307,72308,1,16
72291,72307,72308,1,16
72291,72307,72308,1,16
72291,72307,72308,1,16
72291,72307,72308,1,16
72291,72307,72308,1,16
72291,72307,72308,1,16
71589,71595,72318,723,6
72339,72339,72340,1,0
72339,72339,72340,1,0
72339,72339,72340,1,0
72339,72339,72340,1,0
72339,72339,72340,1,0
72339,72339,72340,1,0
72339,72339,72340,1,0
72339,72339,72340,1,0
72339,72339,72341,2,0
72339,72340,72341,1,1
72339,72340,72341,1,1
72339,72340,72341,1,1
72339,72340,72341,1,1
72339,72340,72341,1,1
72339,72340,72341,1,1
72339,72340,72341,1,1
72339,72340,72341,1,1
72339,72340,72342,2,1
72339,72340,72341,1,1
72339,72340,72342,2,1
72339,72340,72342,2,1
72339,72340,72342,2,1
72339,72340,72341,1,1
72339,72341,72343,2,2
72339,72341,72343,2,2
72339,72342,72343,1,3
72339,72341,72344,3,2
72339,72342,72344,2,3
72339,72342,72344,2,3
72339,72342,72344,2,3
72339,72342,72344,2,3
72339,72342,72344,2,3
72339,72342,72344,2,3
72339,72342,72344,2,3
72339,72342,72343,1,3
72339,72342,72344,2,3
72339,72343,72344,1,4
72339,72342,72344,2,3
72339,72342,72344,2,3
72339,72342,72344,2,3
72339,72342,72344,2,3
72339,72343,72344,1,4
72339,72343,72345,2,4
72339,72344,72345,1,5
72339,72344,72345,1,5
72339,72344,72345,1,5
72339,72344,72345,1,5
72339,72344,72346,2,5
72339,72344,72346,2,5
72339,72344,72346,2,5
72339,72344,72346,2,5
72339,72344,72345,1,5
72339,72344,72346,2,5
72339,72344,72345,1,5
72339,72345,72346,1,6
72339,72344,72346,2,5
72339,72344,72346,2,5
72339,72344,72346,2,5
72339,72344,72346,2,5
72339,72345,72346,1,6
72339,72345,72346,1,6
72339,72345,72346,1,6
72339,72345,72346,1,6
72339,72345,72346,1,6
72339,72346,72347,1,7
72339,72346,72347,1,7
72339,72346,72347,1,7
72339,72346,72347,1,7
72339,72347,72348,1,8
72339,72346,72347,1,7
72339,72347,72348,1,8
72339,72346,72348,2,7
72339,72346,72347,1,7
71640,71648,72380,732,8
72382,72382,72383,1,0
72382,72382,72383,1,0
72382,72382,72383,1,0
72382,72382,72383,1,0
72382,72382,72383,1,0
72382,72382,72383,1,0
72382,72382,72383,1,0
72382,72382,72383,1,0
72382,72382,72383,1,0
72382,72382,72383,1,0
72382,72382,72383,1,0
72382,72382,72383,1,0
72382,72382,72384,2,0
72382,72382,72383,1,0
72382,72382,72385,3,0
72382,72382,72385,3,0
72382,72382,72385,3,0
72382,72383,72385,2,1
72382,72384,72385,1,2
72382,72384,72385,1,2
72382,72384,72385,1,2
72382,72384,72385,1,2
72382,72384,72385,1,2
72382,72384,72385,1,2
72382,72384,72385,1,2
72382,72384,72385,1,2
72382,72384,72385,1,2
72382,72384,72385,1,2
72382,72384,72385,1,2
72382,72385,72386,1,3
72382,72386,72387,1,4
72382,72386,72387,1,4
72382,72386,72387,1,4
72382,72385,72386,1,3
72382,72386,72387,1,4
72382,72386,72387,1,4
72382,72386,72387,1,4
72382,72386,72387,1,4
72382,72386,72387,1,4
72382,72386,72387,1,4
72382,72387,72388,1,5
72382,72387,72388,1,5
72382,72387,72388,1,5
72382,72387,72388,1,5
72382,72387,72388,1,5
72382,72387,72388,1,5
72382,72387,72388,1,5
72382,72387,72388,1,5
72382,72387,72388,1,5
72382,72387,72388,1,5
72382,72388,72389,1,6
72382,72388,72389,1,6
72382,72388,72390,2,6
72382,72388,72389,1,6
72382,72388,72389,1,6
72382,72389,72390,1,7
72382,72389,72390,1,7
72382,72389,72390,1,7
72382,72389,72390,1,7
72382,72389,72390,1,7
72382,72389,72390,1,7
72382,72389,72390,1,7
72382,72389,72390,1,7
72382,72389,72390,1,7
72382,72390,72391,1,8
72382,72390,72391,1,8
72382,72390,72391,1,8
72382,72390,72391,1,8
72382,72390,72391,1,8
72382,72391,72392,1,9
72382,72391,72392,1,9
72382,72391,72392,1,9
72382,72390,72391,1,8
72382,72391,72392,1,9
72382,72391,72392,1,9
72382,72391,72392,1,9
72382,72391,72392,1,9
72382,72391,72392,1,9
72382,72391,72392,1,9
72382,72392,72393,1,10
72382,72392,72393,1,10
72382,72392,72393,1,10
72382,72392,72393,1,10
72382,72392,72393,1,10
72382,72392,72393,1,10
72382,72392,72393,1,10
72382,72392,72393,1,10
72382,72392,72393,1,10
72382,72392,72393,1,10
71929,71936,72407,471,7
72409,72409,72410,1,0
72409,72409,72410,1,0
72409,72409,72410,1,0
72409,72409,72410,1,0
72409,72409,72410,1,0
72409,72409,72410,1,0
72409,72409,72410,1,0
72409,72409,72410,1,0
72409,72409,72410,1,0
72409,72409,72410,1,0
72409,72410,72411,1,1
72409,72411,72412,1,2
72409,72411,72412,1,2
72409,72411,72412,1,2
72409,72411,72412,1,2
72409,72411,72412,1,2
72409,72411,72412,1,2
72409,72411,72412,1,2
72409,72411,72412,1,2
72409,72411,72412,1,2
72409,72411,72412,1,2
72409,72412,72413,1,3
72409,72412,72413,1,3
72409,72412,72413,1,3
72409,72412,72413,1,3
72409,72413,72414,1,4
72409,72413,72414,1,4
72409,72412,72413,1,3
72409,72412,72414,2,3
72409,72413,72414,1,4
72409,72413,72414,1,4
72409,72413,72414,1,4
72409,72413,72414,1,4
72409,72412,72414,2,3
72409,72413,72414,1,4
72409,72413,72414,1,4
72409,72413,72414,1,4
72409,72414,72415,1,5
72409,72414,72415,1,5
72409,72414,72415,1,5
72409,72413,72414,1,4
72409,72414,72415,1,5
72409,72415,72416,1,6
72409,72415,72416,1,6
72409,72415,72416,1,6
72409,72415,72416,1,6
72409,72415,72416,1,6
72409,72415,72416,1,6
72409,72414,72415,1,5
72409,72415,72416,1,6
72409,72415,72416,1,6
72409,72416,72417,1,7
72409,72416,72417,1,7
72409,72416,72417,1,7
72409,72416,72417,1,7
72409,72416,72417,1,7
72409,72415,72416,1,6
72409,72416,72417,1,7
72409,72416,72417,1,7
72409,72416,72417,1,7
72409,72416,72417,1,7
72409,72416,72417,1,7
72409,72416,72417,1,7
72409,72416,72417,1,7
72409,72417,72418,1,8
72409,72417,72418,1,8
72409,72417,72418,1,8
72409,72417,72418,1,8
72409,72417,72418,1,8
72409,72417,72418,1,8
72409,72417,72418,1,8
72409,72417,72418,1,8
72382,72391,72422,31,9
72409,72416,72428,12,7
71746,71753,72474,721,7
72478,72478,72479,1,0
72478,72478,72479,1,0
72478,72478,72479,1,0
72478,72478,72479,1,0
72478,72478,72479,1,0
72478,72478,72480,2,0
72478,72478,72479,1,0
72478,72478,72479,1,0
72478,72478,72479,1,0
72478,72479,72480,1,1
72478,72479,72480,1,1
72478,72479,72480,1,1
72478,72479,72481,2,1
72478,72479,72480,1,1
72478,72479,72480,1,1
72478,72479,72481,2,1
72478,72479,72481,2,1
72478,72479,72481,2,1
72478,72479,72481,2,1
72478,72479,72481,2,1
72478,72480,72482,2,2
72478,72480,72481,1,2
72478,72481,72482,1,3
72478,72481,72482,1,3
72478,72479,72481,2,1
72478,72480,72481,1,2
72478,72480,72482,2,2
72478,72481,72482,1,3
72478,72481,72482,1,3
72478,72481,72482,1,3
72478,72481,72483,2,3
72478,72481,72482,1,3
72478,72481,72482,1,3
72478,72481,72483,2,3
72478,72481,72482,1,3
72478,72481,72482,1,3
72478,72482,72483,1,4
72478,72478,72484,6,0
72478,72482,72483,1,4
72478,72482,72483,1,4
72478,72482,72484,2,4
72478,72482,72484,2,4
72478,72482,72484,2,4
72478,72483,72485,2,5
72478,72483,72485,2,5
72478,72483,72485,2,5
72478,72483,72485,2,5
72478,72484,72486,2,6
72478,72483,72485,2,5
72478,72483,72486,3,5
72478,72483,72485,2,5
72478,72485,72486,1,7
72478,72484,72486,2,6
72478,72484,72486,2,6
72478,72485,72486,1,7
72478,72483,72485,2,5
72478,72483,72486,3,5
72478,72483,72486,3,5
72478,72484,72486,2,6
71991,71998,72486,488,7
72478,72484,72487,3,6
72478,72484,72486,2,6
72478,72485,72486,1,7
72478,72485,72486,1,7
72478,72486,72487,1,8
72478,72484,72486,2,6
72478,72486,72487,1,8
72478,72486,72487,1,8
72478,72486,72487,1,8
72478,72486,72487,1,8
72478,72486,72487,1,8
72478,72486,72487,1,8
72478,72486,72487,1,8
72478,72487,72488,1,9
72478,72486,72487,1,8
72478,72487,72488,1,9
72478,72486,72487,1,8
72478,72487,72488,1,9
72478,72486,72487,1,8
72478,72486,72487,1,8
72478,72487,72488,1,9
72478,72487,72488,1,9
72478,72487,72488,1,9
72478,72487,72488,1,9
72478,72487,72488,1,9
72478,72487,72488,1,9
72478,72487,72488,1,9
72478,72487,72488,1,9
72478,72487,72488,1,9
72478,72488,72489,1,10
72478,72488,72489,1,10
72487,72488,72489,1,1
72487,72488,72489,1,1
72487,72488,72489,1,1
72487,72488,72489,1,1
72487,72488,72489,1,1
72487,72488,72489,1,1
72487,72488,72489,1,1
72487,72488,72489,1,1
72487,72488,72489,1,1
72487,72488,72489,1,1
72487,72488,72489,1,1
72478,72487,72489,2,9
72478,72487,72489,2,9
72487,72489,72490,1,2
72487,72489,72490,1,2
72487,72489,72491,2,2
72487,72489,72491,2,2
72487,72489,72491,2,2
72487,72489,72491,2,2
72487,72489,72491,2,2
72487,72489,72491,2,2
72487,72489,72491,2,2
72487,72489,72491,2,2
72487,72489,72491,2,2
72487,72490,72491,1,3
72487,72490,72491,1,3
72487,72490,72491,1,3
72487,72490,72492,2,3
72487,72490,72492,2,3
72487,72490,72492,2,3
72487,72490,72492,2,3
72487,72490,72492,2,3
72487,72492,72493,1,5
72487,72491,72493,2,4
72487,72491,72493,2,4
72487,72491,72493,2,4
72487,72491,72493,2,4
72487,72491,72493,2,4
72487,72492,72493,1,5
72487,72492,72493,1,5
72487,72492,72493,1,5
72487,72493,72494,1,6
72487,72492,72493,1,5
72487,72492,72493,1,5
72487,72491,72494,3,4
72487,72493,72494,1,6
72487,72493,72494,1,6
72487,72493,72494,1,6
72487,72494,72495,1,7
72487,72494,72495,1,7
72487,72493,72494,1,6
72487,72495,72496,1,8
72487,72494,72495,1,7
72487,72495,72496,1,8
72487,72494,72495,1,7
72487,72495,72496,1,8
72487,72495,72496,1,8
72487,72495,72496,1,8
72487,72496,72497,1,9
72487,72495,72496,1,8
72487,72495,72496,1,8
72487,72496,72497,1,9
72487,72496,72497,1,9
72487,72496,72497,1,9
72487,72496,72497,1,9
72487,72495,72496,1,8
71809,71818,72557,739,9
72557,72557,72558,1,0
72557,72557,72558,1,0
72557,72557,72558,1,0
72557,72557,72558,1,0
72557,72557,72558,1,0
72557,72557,72558,1,0
72557,72557,72558,1,0
72557,72557,72558,1,0
72557,72557,72558,1,0
72557,72557,72558,1,0
72557,72557,72558,1,0
72557,72557,72558,1,0
72557,72557,72558,1,0
72557,72557,72558,1,0
72557,72557,72558,1,0
72557,72558,72559,1,1
72557,72557,72558,1,0
72557,72559,72560,1,2
72557,72559,72560,1,2
72557,72559,72560,1,2
72557,72559,72560,1,2
72557,72559,72560,1,2
72557,72559,72560,1,2
72557,72559,72560,1,2
72557,72559,72560,1,2
72557,72559,72560,1,2
72557,72559,72560,1,2
72557,72559,72560,1,2
72557,72560,72561,1,3
72557,72559,72560,1,2
72557,72559,72560,1,2
72557,72559,72560,1,2
72557,72560,72561,1,3
72557,72560,72561,1,3
72557,72560,72561,1,3
72557,72560,72561,1,3
72557,72560,72561,1,3
72557,72561,72562,1,4
72557,72560,72561,1,3
72557,72560,72561,1,3
72557,72560,72561,1,3
72557,72561,72562,1,4
72557,72561,72562,1,4
72557,72561,72562,1,4
72557,72562,72563,1,5
72557,72561,72563,2,4
72557,72561,72563,2,4
72557,72561,72562,1,4
72557,72561,72562,1,4
72557,72562,72563,1,5
72557,72562,72563,1,5
72557,72562,72563,1,5
72557,72562,72563,1,5
72557,72562,72563,1,5
72557,72563,72564,1,6
72557,72562,72563,1,5
72557,72563,72564,1,6
72557,72562,72563,1,5
72557,72563,72564,1,6
72557,72563,72564,1,6
72557,72563,72564,1,6
72557,72563,72564,1,6
72557,72563,72564,1,6
72557,72564,72565,1,7
72557,72564,72565,1,7
72557,72563,72564,1,6
72557,72564,72565,1,7
72557,72563,72564,1,6
72557,72563,72564,1,6
72557,72564,72565,1,7
72557,72564,72565,1,7
72557,72564,72565,1,7
72557,72565,72566,1,8
72557,72565,72566,1,8
72557,72565,72566,1,8
72557,72565,72566,1,8
72557,72565,72566,1,8
72557,72565,72566,1,8
72557,72565,72566,1,8
72072,72079,72567,488,7
71837,71845,72569,724,8
71870,71879,72580,701,9
72583,72583,72584,1,0
72583,72583,72584,1,0
72583,72583,72584,1,0
72583,72583,72584,1,0
72583,72583,72584,1,0
72583,72583,72584,1,0
72583,72583,72584,1,0
72583,72583,72584,1,0
72583,72583,72584,1,0
72583,72583,72584,1,0
72583,72583,72584,1,0
72583,72583,72584,1,0
72583,72583,72585,2,0
72583,72583,72585,2,0
72583,72584,72585,1,1
72583,72583,72585,2,0
72583,72583,72585,2,0
72583,72583,72585,2,0
72583,72583,72585,2,0
72583,72585,72586,1,2
72583,72585,72586,1,2
72583,72585,72586,1,2
72583,72585,72586,1,2
72583,72585,72586,1,2
72583,72587,72588,1,4
72583,72587,72588,1,4
72583,72585,72587,2,2
72583,72587,72588,1,4
72583,72587,72588,1,4
72583,72587,72588,1,4
72583,72588,72589,1,5
72583,72588,72589,1,5
72583,72588,72589,1,5
72583,72588,72589,1,5
72583,72587,72588,1,4
72583,72588,72589,1,5
72583,72587,72588,1,4
72583,72587,72588,1,4
72583,72588,72589,1,5
72583,72586,72589,3,3
72583,72588,72589,1,5
72583,72589,72590,1,6
72583,72589,72590,1,6
72583,72589,72590,1,6
72583,72589,72590,1,6
72583,72589,72590,1,6
72583,72589,72590,1,6
72583,72589,72590,1,6
72583,72589,72590,1,6
72583,72586,72591,5,3
72583,72590,72591,1,7
72583,72590,72591,1,7
72583,72590,72591,1,7
72583,72590,72591,1,7
72583,72590,72591,1,7
72584,72590,72591,1,6
72583,72589,72590,1,6
72583,72589,72590,1,6
72583,72589,72591,2,6
72584,72590,72591,1,6
72583,72590,72591,1,7
72584,72591,72592,1,7
72583,72590,72591,1,7
72583,72590,72591,1,7
72584,72591,72592,1,7
72584,72591,72592,1,7
72584,72591,72592,1,7
72584,72591,72592,1,7
72584,72591,72593,2,7
72584,72591,72593,2,7
72584,72591,72592,1,7
72584,72591,72593,2,7
72584,72591,72593,2,7
72584,72591,72592,1,7
72584,72591,72592,1,7
72584,72592,72593,1,8
72584,72592,72594,2,8
72584,72592,72593,1,8
72584,72592,72593,1,8
72584,72592,72594,2,8
72584,72592,72594,2,8
72584,72592,72594,2,8
72584,72593,72594,1,9
72584,72593,72594,1,9
72584,72593,72594,1,9
72584,72593,72594,1,9
72584,72594,72595,1,10
72584,72592,72595,3,8
72584,72592,72594,2,8
72584,72592,72594,2,8
72584,72594,72595,1,10
72584,72594,72595,1,10
72584,72592,72594,2,8
72584,72593,72595,2,9
72584,72593,72595,2,9
72584,72593,72594,1,9
72584,72594,72595,1,10
72584,72594,72595,1,10
72584,72594,72595,1,10
72584,72594,72595,1,10
72584,72594,72595,1,10
72584,72594,72595,1,10
72584,72594,72595,1,10
72584,72595,72596,1,11
72584,72595,72596,1,11
72584,72595,72596,1,11
72584,72595,72596,1,11
72584,72594,72595,1,10
72584,72595,72596,1,11
72584,72595,72596,1,11
72584,72595,72596,1,11
72584,72595,72596,1,11
72584,72595,72596,1,11
72584,72595,72596,1,11
72584,72595,72596,1,11
72584,72596,72597,1,12
72584,72596,72597,1,12
72584,72596,72597,1,12
72584,72596,72597,1,12
72584,72596,72597,1,12
72584,72596,72597,1,12
72584,72596,72597,1,12
72584,72596,72597,1,12
72584,72596,72597,1,12
72584,72595,72597,2,11
72584,72595,72597,2,11
72584,72596,72597,1,12
72584,72591,72597,6,7
72584,72597,72598,1,13
72584,72597,72598,1,13
72584,72597,72598,1,13
72584,72597,72598,1,13
72584,72597,72598,1,13
72584,72597,72598,1,13
72584,72597,72598,1,13
72584,72597,72598,1,13
72584,72598,72599,1,14
72586,72598,72599,1,12
72584,72597,72599,2,13
72586,72598,72599,1,12
72584,72597,72599,2,13
72586,72598,72599,1,12
72586,72598,72599,1,12
72586,72598,72599,1,12
72586,72600,72601,1,14
72586,72600,72601,1,14
72586,72600,72601,1,14
72586,72600,72601,1,14
72586,72600,72601,1,14
72586,72599,72600,1,13
72586,72599,72601,2,13
72586,72599,72601,2,13
72586,72599,72601,2,13
72586,72599,72601,2,13
72586,72599,72601,2,13
72586,72600,72601,1,14
72586,72600,72601,1,14
72586,72600,72602,2,14
72586,72600,72601,1,14
72586,72600,72601,1,14
72586,72601,72602,1,15
72586,72601,72602,1,15
72586,72601,72602,1,15
72586,72601,72602,1,15
72586,72601,72602,1,15
72586,72601,72602,1,15
72586,72599,72602,3,13
72586,72601,72602,1,15
72586,72602,72603,1,16
72586,72602,72603,1,16
72586,72601,72602,1,15
72586,72601,72602,1,15
72586,72602,72603,1,16
72586,72602,72603,1,16
72586,72602,72603,1,16
72586,72602,72603,1,16
72586,72602,72603,1,16
72586,72603,72604,1,17
72586,72603,72604,1,17
72586,72602,72603,1,16
72586,72602,72603,1,16
72586,72602,72603,1,16
72586,72603,72604,1,17
72586,72603,72604,1,17
72586,72603,72604,1,17
72586,72603,72604,1,17
72586,72603,72604,1,17
72586,72598,72604,6,12
72586,72603,72604,1,17
72586,72604,72605,1,18
72586,72604,72605,1,18
72586,72604,72605,1,18
72586,72604,72605,1,18
72586,72604,72605,1,18
72586,72604,72605,1,18
72586,72604,72605,1,18
72586,72604,72605,1,18
72586,72604,72605,1,18
72586,72605,72606,1,19
72586,72605,72606,1,19
72586,72605,72606,1,19
72586,72605,72606,1,19
72586,72604,72605,1,18
72586,72604,72605,1,18
72586,72605,72606,1,19
72586,72605,72606,1,19
72586,72605,72606,1,19
72586,72605,72606,1,19
72586,72605,72606,1,19
72586,72605,72606,1,19
72586,72609,72612,3,23
72127,72136,72620,484,9
71900,71907,72630,723,7
72628,72629,72630,1,1
72628,72629,72630,1,1
72628,72629,72631,2,1
72628,72630,72631,1,2
72628,72630,72631,1,2
72628,72630,72632,2,2
72628,72630,72632,2,2
72628,72630,72631,1,2
72628,72630,72631,1,2
72628,72630,72631,1,2
72628,72630,72631,1,2
72628,72630,72632,2,2
72628,72629,72632,3,1
72628,72631,72632,1,3
72628,72632,72633,1,4
72628,72630,72632,2,2
72628,72630,72632,2,2
72628,72631,72632,1,3
72628,72630,72632,2,2
72628,72630,72632,2,2
72628,72631,72633,2,3
72628,72632,72633,1,4
72628,72633,72634,1,5
72628,72632,72633,1,4
72628,72632,72633,1,4
72628,72632,72633,1,4
72628,72632,72633,1,4
72628,72632,72633,1,4
72628,72632,72633,1,4
72628,72632,72634,2,4
72628,72633,72634,1,5
72628,72633,72634,1,5
72628,72632,72633,1,4
72628,72633,72634,1,5
72628,72634,72635,1,6
72628,72634,72635,1,6
72628,72633,72634,1,5
72628,72633,72634,1,5
72628,72633,72634,1,5
72628,72634,72635,1,6
72628,72634,72635,1,6
72628,72634,72635,1,6
72628,72634,72635,1,6
72628,72634,72635,1,6
72628,72634,72635,1,6
72628,72635,72636,1,7
72628,72635,72636,1,7
72628,72635,72636,1,7
72628,72635,72636,1,7
72628,72635,72636,1,7
72628,72635,72636,1,7
72628,72635,72636,1,7
72628,72635,72636,1,7
72628,72636,72637,1,8
72628,72636,72637,1,8
72628,72636,72637,1,8
72628,72636,72637,1,8
72628,72635,72637,2,7
72628,72636,72637,1,8
72628,72636,72637,1,8
72628,72636,72637,1,8
72628,72636,72637,1,8
72628,72636,72637,1,8
72628,72636,72637,1,8
72628,72637,72638,1,9
72628,72637,72638,1,9
72628,72636,72638,2,8
72628,72636,72638,2,8
72628,72636,72638,2,8
72628,72636,72638,2,8
72642,72642,72643,1,0
72642,72642,72643,1,0
72642,72642,72643,1,0
72642,72642,72643,1,0
72642,72642,72643,1,0
72642,72642,72643,1,0
72642,72643,72644,1,1
72642,72643,72644,1,1
72642,72643,72644,1,1
72642,72643,72644,1,1
72642,72643,72644,1,1
72642,72643,72644,1,1
72642,72643,72644,1,1
72642,72643,72644,1,1
72642,72643,72644,1,1
72642,72643,72644,1,1
72642,72643,72645,2,1
72642,72644,72645,1,2
72642,72644,72645,1,2
72642,72644,72645,1,2
72642,72644,72645,1,2
72642,72644,72645,1,2
72642,72644,72645,1,2
72642,72644,72645,1,2
72642,72645,72646,1,3
72642,72645,72646,1,3
72642,72645,72646,1,3
72642,72646,72647,1,4
72642,72646,72647,1,4
72642,72646,72647,1,4
72642,72646,72647,1,4
72642,72646,72647,1,4
72642,72645,72646,1,3
72642,72646,72647,1,4
72642,72646,72647,1,4
72642,72646,72647,1,4
72642,72646,72647,1,4
72642,72646,72647,1,4
72642,72646,72647,1,4
72642,72647,72648,1,5
72642,72646,72647,1,4
72642,72647,72648,1,5
72642,72647,72648,1,5
72642,72647,72648,1,5
72642,72647,72648,1,5
72642,72646,72647,1,4
72642,72646,72647,1,4
72642,72647,72648,1,5
72642,72647,72648,1,5
72642,72647,72648,1,5
72642,72647,72648,1,5
72642,72647,72648,1,5
72642,72647,72648,1,5
72642,72647,72648,1,5
72642,72647,72648,1,5
72642,72648,72649,1,6
72642,72648,72649,1,6
72642,72648,72649,1,6
72642,72648,72649,1,6
72642,72648,72649,1,6
72642,72648,72649,1,6
72642,72648,72649,1,6
72642,72648,72649,1,6
72642,72648,72649,1,6
72642,72648,72649,1,6
72642,72648,72649,1,6
72642,72648,72649,1,6
72642,72648,72649,1,6
72642,72648,72649,1,6
72642,72648,72649,1,6
72642,72649,72650,1,7
72642,72649,72650,1,7
72642,72648,72649,1,6
72642,72648,72649,1,6
71902,71917,72655,738,15
72658,72658,72659,1,0
72658,72658,72659,1,0
72658,72658,72659,1,0
72658,72658,72659,1,0
72658,72658,72659,1,0
72658,72658,72659,1,0
72658,72658,72659,1,0
72658,72658,72659,1,0
72658,72658,72659,1,0
72658,72658,72659,1,0
72658,72658,72659,1,0
72658,72658,72659,1,0
72658,72658,72659,1,0
72658,72658,72659,1,0
72658,72658,72659,1,0
72658,72658,72659,1,0
72658,72659,72660,1,1
72658,72659,72660,1,1
72658,72658,72660,2,0
72658,72659,72660,1,1
72658,72659,72660,1,1
72658,72659,72660,1,1
72658,72659,72660,1,1
72658,72659,72660,1,1
72658,72659,72660,1,1
72658,72659,72661,2,1
72658,72659,72660,1,1
72658,72659,72661,2,1
72658,72659,72661,2,1
72658,72659,72661,2,1
72658,72661,72662,1,3
72658,72661,72662,1,3
72658,72661,72662,1,3
72658,72661,72662,1,3
72658,72660,72662,2,2
72658,72661,72662,1,3
72658,72661,72662,1,3
72658,72661,72662,1,3
72658,72662,72663,1,4
72658,72662,72663,1,4
72658,72663,72664,1,5
72658,72663,72664,1,5
72658,72663,72664,1,5
72658,72662,72663,1,4
72658,72662,72663,1,4
72658,72662,72663,1,4
72658,72662,72663,1,4
72658,72662,72663,1,4
72658,72663,72664,1,5
72658,72664,72665,1,6
72658,72665,72666,1,7
72658,72665,72666,1,7
72658,72665,72666,1,7
72658,72665,72666,1,7
72658,72665,72666,1,7
72658,72665,72666,1,7
72658,72665,72666,1,7
72658,72665,72666,1,7
72658,72665,72666,1,7
72658,72666,72667,1,8
72658,72666,72667,1,8
72187,72196,72677,481,9
72690,72691,72692,1,1
72690,72691,72693,2,1
72690,72692,72693,1,2
72690,72692,72693,1,2
72690,72692,72694,2,2
72690,72692,72694,2,2
72690,72692,72694,2,2
72690,72692,72693,1,2
72690,72692,72693,1,2
72690,72692,72693,1,2
72690,72692,72693,1,2
72690,72692,72693,1,2
72690,72692,72694,2,2
72690,72694,72695,1,4
72690,72694,72695,1,4
72690,72692,72694,2,2
72690,72692,72694,2,2
72690,72692,72694,2,2
72690,72692,72694,2,2
72690,72693,72694,1,3
72690,72693,72694,1,3
72690,72694,72695,1,4
72690,72695,72696,1,5
72690,72694,72695,1,4
72690,72695,72696,1,5
72690,72694,72695,1,4
72690,72694,72695,1,4
72690,72694,72695,1,4
72690,72694,72695,1,4
72690,72694,72696,2,4
72690,72695,72696,1,5
72690,72695,72696,1,5
72690,72694,72695,1,4
72690,72695,72696,1,5
72690,72695,72696,1,5
72690,72695,72696,1,5
72690,72696,72697,1,6
72690,72696,72697,1,6
72690,72696,72697,1,6
72690,72696,72697,1,6
72690,72696,72697,1,6
72690,72696,72697,1,6
72690,72696,72697,1,6
72690,72696,72697,1,6
72690,72696,72697,1,6
72690,72696,72697,1,6
72690,72696,72697,1,6
72690,72697,72698,1,7
72690,72697,72698,1,7
72690,72697,72698,1,7
72690,72697,72698,1,7
72690,72697,72698,1,7
72690,72697,72698,1,7
72690,72697,72698,1,7
72690,72697,72698,1,7
72690,72697,72698,1,7
72690,72697,72698,1,7
72690,72697,72698,1,7
72690,72697,72698,1,7
72690,72698,72699,1,8
72690,72698,72699,1,8
72690,72698,72699,1,8
72690,72698,72699,1,8
72690,72698,72699,1,8
72690,72698,72699,1,8
72690,72698,72699,1,8
72690,72698,72699,1,8
72690,72698,72699,1,8
72690,72697,72698,1,7
72690,72698,72699,1,8
72690,72698,72699,1,8
72690,72697,72698,1,7
72690,72698,72699,1,8
72018,72025,72786,761,7
72787,72787,72788,1,0
72787,72787,72788,1,0
72787,72787,72788,1,0
72787,72787,72788,1,0
72787,72787,72788,1,0
72787,72787,72788,1,0
72787,72787,72788,1,0
72787,72787,72788,1,0
72787,72787,72788,1,0
72787,72787,72789,2,0
72292,72307,72789,482,15
72787,72787,72788,1,0
72787,72787,72788,1,0
72787,72788,72789,1,1
72787,72788,72789,1,1
72787,72788,72789,1,1
72787,72788,72789,1,1
72787,72788,72789,1,1
72787,72788,72789,1,1
72787,72789,72790,1,2
72787,72788,72790,2,1
72787,72788,72790,2,1
72787,72788,72790,2,1
72787,72789,72791,2,2
72787,72788,72790,2,1
72787,72788,72790,2,1
72787,72789,72791,2,2
72787,72789,72791,2,2
72787,72789,72791,2,2
72787,72789,72790,1,2
72787,72790,72791,1,3
72787,72790,72791,1,3
72787,72790,72791,1,3
72787,72790,72791,1,3
72787,72790,72791,1,3
72787,72789,72790,1,2
72787,72790,72791,1,3
72787,72791,72792,1,4
72787,72791,72792,1,4
72787,72791,72792,1,4
72787,72790,72791,1,3
72787,72790,72791,1,3
72787,72791,72792,1,4
72787,72791,72792,1,4
72787,72791,72792,1,4
72787,72791,72792,1,4
72787,72791,72792,1,4
72787,72790,72791,1,3
72787,72790,72791,1,3
72787,72791,72792,1,4
72787,72791,72792,1,4
72787,72791,72792,1,4
72787,72791,72792,1,4
72787,72792,72793,1,5
72787,72792,72793,1,5
72787,72792,72793,1,5
72787,72792,72793,1,5
72787,72792,72793,1,5
72787,72791,72792,1,4
72787,72792,72793,1,5
72787,72792,72793,1,5
72787,72792,72793,1,5
72787,72792,72793,1,5
72787,72792,72793,1,5
72787,72792,72793,1,5
72787,72792,72793,1,5
72787,72793,72794,1,6
72787,72793,72794,1,6
72787,72793,72794,1,6
72787,72793,72794,1,6
72787,72792,72793,1,5
72787,72792,72793,1,5
72787,72793,72794,1,6
72787,72793,72794,1,6
72787,72793,72794,1,6
72787,72793,72794,1,6
72787,72793,72794,1,6
72787,72793,72794,1,6
72787,72793,72794,1,6
72787,72793,72794,1,6
72787,72793,72794,1,6
72787,72793,72794,1,6
72787,72793,72794,1,6
72787,72793,72794,1,6
72787,72794,72795,1,7
72787,72794,72795,1,7
72787,72794,72795,1,7
72787,72794,72795,1,7
72787,72794,72795,1,7
72787,72794,72795,1,7
72787,72794,72795,1,7
72787,72794,72795,1,7
72787,72794,72795,1,7
72787,72794,72795,1,7
72787,72794,72795,1,7
72789,72795,72796,1,6
72789,72795,72796,1,6
72789,72795,72796,1,6
72789,72795,72796,1,6
72789,72795,72796,1,6
72789,72795,72796,1,6
72789,72795,72796,1,6
72789,72795,72796,1,6
72787,72794,72796,2,7
72789,72796,72797,1,7
72789,72797,72798,1,8
72789,72797,72798,1,8
72789,72797,72798,1,8
72789,72797,72798,1,8
72789,72796,72798,2,7
72789,72796,72798,2,7
72789,72797,72798,1,8
72789,72797,72798,1,8
72789,72797,72798,1,8
72789,72797,72798,1,8
72789,72797,72798,1,8
72789,72796,72798,2,7
72789,72796,72798,2,7
72789,72796,72799,3,7
72789,72797,72799,2,8
72789,72797,72799,2,8
72789,72798,72799,1,9
72789,72799,72800,1,10
72789,72799,72800,1,10
72789,72799,72800,1,10
72789,72799,72800,1,10
72789,72799,72800,1,10
72789,72799,72801,2,10
72789,72799,72800,1,10
72789,72799,72800,1,10
72789,72799,72800,1,10
72789,72799,72800,1,10
72789,72799,72800,1,10
72789,72800,72801,1,11
72789,72799,72801,2,10
72789,72799,72801,2,10
72789,72799,72801,2,10
72789,72800,72801,1,11
72789,72801,72802,1,12
72789,72801,72802,1,12
72789,72800,72801,1,11
72789,72801,72802,1,12
72789,72801,72802,1,12
72789,72801,72802,1,12
72789,72801,72802,1,12
72789,72801,72802,1,12
72789,72801,72802,1,12
72789,72801,72802,1,12
72789,72802,72803,1,13
72789,72802,72803,1,13
72789,72802,72803,1,13
72789,72802,72803,1,13
72789,72802,72803,1,13
72789,72802,72803,1,13
72789,72802,72803,1,13
72789,72802,72803,1,13
72789,72803,72804,1,14
72789,72803,72804,1,14
72789,72803,72804,1,14
72789,72803,72804,1,14
72789,72803,72804,1,14
72789,72803,72804,1,14
72789,72803,72804,1,14
72789,72803,72804,1,14
72789,72803,72804,1,14
72789,72804,72805,1,15
72789,72804,72805,1,15
72789,72804,72805,1,15
72789,72803,72804,1,14
72098,72106,72805,699,8
72814,72814,72815,1,0
72814,72814,72815,1,0
72814,72814,72815,1,0
72814,72814,72815,1,0
72814,72814,72816,2,0
72814,72814,72816,2,0
72814,72815,72817,2,1
72814,72815,72817,2,1
72814,72815,72816,1,1
72814,72815,72817,2,1
72814,72815,72816,1,1
72814,72815,72816,1,1
72814,72815,72816,1,1
72814,72815,72816,1,1
72814,72815,72816,1,1
72814,72815,72816,1,1
72814,72815,72817,2,1
72814,72815,72817,2,1
72814,72815,72817,2,1
72814,72815,72817,2,1
72814,72816,72817,1,2
72814,72817,72818,1,3
72814,72817,72818,1,3
72814,72817,72818,1,3
72814,72816,72817,1,2
72814,72817,72818,1,3
72814,72817,72818,1,3
72814,72817,72818,1,3
72814,72817,72818,1,3
72814,72817,72818,1,3
72814,72817,72818,1,3
72814,72818,72819,1,4
72814,72818,72819,1,4
72814,72818,72819,1,4
72814,72818,72819,1,4
72814,72817,72818,1,3
72814,72818,72819,1,4
72814,72817,72820,3,3
72814,72818,72820,2,4
72814,72818,72819,1,4
72814,72819,72820,1,5
72814,72818,72820,2,4
72814,72818,72820,2,4
72814,72819,72820,1,5
72814,72819,72820,1,5
72814,72819,72820,1,5
72814,72819,72820,1,5
72814,72819,72820,1,5
72814,72819,72820,1,5
72814,72818,72819,1,4
72814,72819,72820,1,5
72814,72819,72820,1,5
72814,72820,72821,1,6
72814,72820,72821,1,6
72814,72820,72821,1,6
72814,72820,72821,1,6
72814,72820,72821,1,6
72814,72820,72821,1,6
72814,72820,72821,1,6
72814,72820,72821,1,6
72814,72820,72821,1,6
72814,72820,72821,1,6
72814,72820,72821,1,6
72814,72820,72821,1,6
72814,72820,72821,1,6
72814,72820,72821,1,6
72814,72820,72821,1,6
72814,72820,72821,1,6
72814,72821,72822,1,7
72814,72821,72822,1,7
72814,72821,72822,1,7
72814,72821,72822,1,7
72814,72821,72822,1,7
72814,72821,72822,1,7
72814,72821,72822,1,7
72814,72821,72822,1,7
72814,72821,72822,1,7
72814,72821,72822,1,7
72814,72821,72822,1,7
72814,72821,72822,1,7
72814,72821,72822,1,7
72814,72821,72822,1,7
72814,72821,72822,1,7
72814,72822,72823,1,8
72814,72821,72822,1,7
72814,72822,72823,1,8
72814,72822,72824,2,8
72410,72417,72890,473,7
72892,72892,72893,1,0
72892,72892,72893,1,0
72892,72892,72893,1,0
72892,72892,72893,1,0
72892,72892,72893,1,0
72892,72892,72893,1,0
72892,72892,72893,1,0
72892,72893,72894,1,1
72892,72893,72894,1,1
72892,72892,72893,1,0
72892,72892,72894,2,0
72892,72893,72894,1,1
72892,72893,72894,1,1
72892,72893,72894,1,1
72892,72893,72895,2,1
72892,72893,72894,1,1
72892,72893,72894,1,1
72892,72893,72894,1,1
72892,72893,72895,2,1
72892,72893,72895,2,1
72892,72894,72895,1,2
72892,72893,72895,2,1
72892,72893,72895,2,1
72892,72894,72895,1,2
72892,72895,72896,1,3
72892,72895,72896,1,3
72892,72895,72896,1,3
72892,72894,72895,1,2
72892,72894,72896,2,2
72892,72894,72896,2,2
72892,72896,72897,1,4
72892,72895,72896,1,3
72892,72895,72896,1,3
72892,72895,72896,1,3
72892,72895,72896,1,3
72892,72895,72896,1,3
72892,72895,72896,1,3
72892,72896,72897,1,4
72892,72896,72897,1,4
72892,72896,72897,1,4
72892,72896,72897,1,4
72892,72895,72897,2,3
72892,72897,72898,1,5
72892,72897,72898,1,5
72892,72897,72898,1,5
72892,72896,72897,1,4
72892,72896,72897,1,4
72892,72897,72898,1,5
72892,72896,72898,2,4
72892,72897,72898,1,5
72892,72897,72898,1,5
72892,72897,72898,1,5
72892,72897,72898,1,5
72892,72897,72898,1,5
72892,72897,72898,1,5
72892,72897,72898,1,5
72892,72898,72899,1,6
72892,72898,72899,1,6
72892,72898,72899,1,6
72892,72898,72899,1,6
72892,72898,72899,1,6
72892,72898,72899,1,6
72892,72898,72899,1,6
72892,72898,72899,1,6
72892,72898,72899,1,6
72892,72898,72899,1,6
72892,72898,72899,1,6
72892,72898,72899,1,6
72892,72898,72899,1,6
72892,72897,72899,2,5
72892,72898,72900,2,6
72892,72899,72900,1,7
72892,72899,72900,1,7
72892,72899,72900,1,7
72892,72899,72900,1,7
72892,72899,72900,1,7
72892,72899,72900,1,7
72892,72899,72900,1,7
72892,72899,72900,1,7
72892,72899,72900,1,7
72892,72899,72900,1,7
72892,72899,72900,1,7
72892,72899,72900,1,7
72892,72899,72900,1,7
72892,72899,72900,1,7
72892,72900,72901,1,8
72892,72900,72901,1,8
72892,72900,72902,2,8
72216,72225,72932,707,9
72935,72935,72936,1,0
72935,72935,72936,1,0
72935,72935,72936,1,0
72935,72935,72937,2,0
72935,72935,72936,1,0
72935,72935,72937,2,0
72935,72936,72937,1,1
72224,72232,72937,705,8
72935,72936,72938,2,1
72935,72936,72937,1,1
72935,72936,72937,1,1
72935,72936,72937,1,1
72935,72936,72937,1,1
72935,72936,72938,2,1
72935,72937,72938,1,2
72935,72937,72938,1,2
72935,72936,72938,2,1
72935,72937,72939,2,2
72935,72936,72938,2,1
72935,72936,72938,2,1
72935,72938,72939,1,3
72935,72937,72939,2,2
72935,72938,72939,1,3
72935,72939,72940,1,4
72935,72937,72939,2,2
72935,72938,72940,2,3
72935,72938,72939,1,3
72935,72938,72939,1,3
72935,72938,72939,1,3
72935,72938,72939,1,3
72935,72938,72939,1,3
72935,72938,72939,1,3
72935,72938,72939,1,3
72935,72938,72939,1,3
72935,72940,72941,1,5
72935,72940,72941,1,5
72935,72940,72941,1,5
72935,72940,72941,1,5
72935,72939,72940,1,4
72935,72939,72940,1,4
72935,72940,72941,1,5
72935,72940,72941,1,5
72935,72940,72941,1,5
72935,72940,72941,1,5
72935,72940,72941,1,5
72935,72939,72940,1,4
72935,72939,72940,1,4
72935,72940,72941,1,5
72935,72940,72941,1,5
72935,72940,72941,1,5
72935,72941,72942,1,6
72935,72941,72942,1,6
72935,72941,72942,1,6
72935,72941,72942,1,6
72935,72941,72942,1,6
72935,72941,72942,1,6
72935,72941,72942,1,6
72935,72941,72942,1,6
72935,72941,72942,1,6
72935,72941,72942,1,6
72935,72941,72942,1,6
72935,72941,72942,1,6
72935,72941,72942,1,6
72935,72941,72942,1,6
72935,72942,72943,1,7
72935,72942,72943,1,7
72935,72942,72943,1,7
72935,72942,72943,1,7
72935,72942,72943,1,7
72935,72942,72943,1,7
72935,72942,72943,1,7
72935,72942,72943,1,7
72935,72942,72943,1,7
72935,72942,72943,1,7
72935,72942,72943,1,7
72935,72942,72943,1,7
72935,72942,72943,1,7
72935,72942,72943,1,7
72935,72942,72943,1,7
72935,72942,72943,1,7
72935,72943,72944,1,8
72935,72943,72944,1,8
72935,72943,72944,1,8
72939,72943,72944,1,4
72939,72943,72944,1,4
72939,72943,72944,1,4
72939,72943,72944,1,4
72939,72943,72944,1,4
72939,72943,72944,1,4
72939,72943,72944,1,4
72939,72943,72944,1,4
72939,72943,72944,1,4
72939,72943,72944,1,4
72939,72943,72944,1,4
72939,72944,72945,1,5
72939,72944,72945,1,5
72939,72943,72945,2,4
72939,72944,72945,1,5
72939,72944,72945,1,5
72939,72944,72946,2,5
72939,72944,72946,2,5
72939,72944,72946,2,5
72939,72944,72946,2,5
72939,72945,72946,1,6
72939,72945,72946,1,6
72939,72945,72946,1,6
72939,72945,72946,1,6
72939,72945,72946,1,6
72939,72945,72946,1,6
72939,72945,72947,2,6
72939,72945,72946,1,6
72939,72945,72947,2,6
72939,72945,72947,2,6
72939,72947,72948,1,8
72939,72946,72947,1,7
72939,72946,72948,2,7
72939,72947,72948,1,8
72939,72946,72947,1,7
72939,72946,72948,2,7
72939,72946,72948,2,7
72939,72946,72948,2,7
72939,72947,72948,1,8
72939,72947,72948,1,8
72939,72947,72948,1,8
72939,72947,72948,1,8
72939,72948,72949,1,9
72939,72948,72949,1,9
72939,72947,72948,1,8
72939,72947,72948,1,8
72939,72948,72949,1,9
72939,72947,72948,1,8
72939,72948,72949,1,9
72939,72948,72949,1,9
72939,72948,72949,1,9
72939,72948,72949,1,9
72939,72949,72950,1,10
72939,72949,72950,1,10
72939,72949,72950,1,10
72939,72949,72950,1,10
72939,72949,72950,1,10
72939,72948,72949,1,9
72939,72949,72950,1,10
72939,72949,72950,1,10
72939,72949,72950,1,10
72939,72949,72950,1,10
72939,72950,72951,1,11
72939,72950,72951,1,11
72939,72950,72951,1,11
72939,72950,72951,1,11
72939,72950,72951,1,11
72939,72950,72951,1,11
72939,72950,72951,1,11
72939,72950,72951,1,11
72939,72950,72951,1,11
72939,72950,72951,1,11
72939,72950,72951,1,11
72939,72951,72952,1,12
72939,72951,72952,1,12
72939,72951,72952,1,12
72939,72951,72952,1,12
72939,72951,72952,1,12
72939,72951,72952,1,12
72939,72951,72952,1,12
72939,72951,72952,1,12
72939,72951,72952,1,12
72939,72951,72952,1,12
72939,72951,72952,1,12
72488,72497,72971,474,9
72979,72979,72980,1,0
72979,72979,72980,1,0
72979,72979,72980,1,0
72979,72980,72981,1,1
72979,72979,72980,1,0
72979,72980,72981,1,1
72979,72980,72981,1,1
72979,72980,72981,1,1
72979,72979,72980,1,0
72979,72981,72982,1,2
72979,72980,72981,1,1
72979,72981,72982,1,2
72979,72981,72982,1,2
72979,72980,72981,1,1
72979,72980,72981,1,1
72979,72980,72981,1,1
72979,72980,72981,1,1
72979,72980,72981,1,1
72979,72981,72982,1,2
72979,72981,72982,1,2
72979,72981,72982,1,2
72979,72981,72982,1,2
72979,72981,72982,1,2
72979,72981,72982,1,2
72979,72982,72983,1,3
72979,72982,72983,1,3
72979,72982,72983,1,3
72979,72982,72983,1,3
72979,72981,72982,1,2
72979,72982,72983,1,3
72979,72982,72983,1,3
72979,72982,72983,1,3
72979,72982,72983,1,3
72979,72983,72984,1,4
72979,72982,72983,1,3
72979,72982,72983,1,3
72979,72983,72984,1,4
72979,72983,72984,1,4
72979,72983,72984,1,4
72979,72983,72984,1,4
72979,72983,72984,1,4
72979,72983,72984,1,4
72979,72984,72985,1,5
72979,72984,72985,1,5
72979,72984,72985,1,5
72979,72984,72985,1,5
72979,72984,72985,1,5
72979,72983,72984,1,4
72979,72984,72985,1,5
72979,72984,72985,1,5
72979,72984,72985,1,5
72979,72984,72985,1,5
72979,72984,72985,1,5
72979,72984,72985,1,5
72979,72985,72986,1,6
72979,72985,72986,1,6
72979,72985,72986,1,6
72979,72985,72986,1,6
72979,72985,72986,1,6
72979,72985,72986,1,6
72979,72985,72986,1,6
72979,72985,72986,1,6
72979,72985,72986,1,6
72979,72985,72986,1,6
72979,72985,72986,1,6
72979,72985,72986,1,6
72979,72985,72986,1,6
72979,72985,72986,1,6
72979,72985,72986,1,6
72979,72985,72986,1,6
72246,72253,72989,736,7
72290,72298,73002,704,8
73004,73004,73005,1,0
73004,73004,73005,1,0
73004,73004,73005,1,0
73004,73004,73005,1,0
73004,73004,73005,1,0
73004,73004,73005,1,0
73004,73004,73005,1,0
73004,73004,73005,1,0
73004,73004,73007,3,0
73004,73005,73006,1,1
73004,73005,73006,1,1
73004,73005,73006,1,1
73004,73005,73006,1,1
73004,73005,73006,1,1
73004,73005,73006,1,1
73004,73005,73006,1,1
73004,73005,73006,1,1
73004,73005,73007,2,1
73004,73005,73007,2,1
73004,73005,73006,1,1
73004,73005,73006,1,1
73004,73005,73006,1,1
73004,73006,73007,1,2
73004,73007,73008,1,3
73004,73007,73008,1,3
73004,73007,73008,1,3
73004,73006,73007,1,2
73004,73007,73008,1,3
73004,73007,73008,1,3
73004,73007,73008,1,3
73004,73007,73008,1,3
73004,73007,73008,1,3
73004,73006,73007,1,2
73004,73007,73008,1,3
73004,73007,73008,1,3
73004,73006,73007,1,2
73004,73007,73008,1,3
73004,73007,73008,1,3
73004,73007,73008,1,3
73004,73007,73008,1,3
73004,73008,73009,1,4
73004,73008,73009,1,4
73004,73008,73009,1,4
73004,73008,73009,1,4
73004,73008,73009,1,4
73004,73008,73009,1,4
73004,73008,73009,1,4
73004,73008,73009,1,4
73004,73008,73009,1,4
73004,73008,73009,1,4
73004,73008,73009,1,4
73004,73008,73009,1,4
73004,73008,73009,1,4
73004,73008,73009,1,4
73004,73008,73009,1,4
73004,73008,73009,1,4
73004,73009,73010,1,5
73004,73009,73010,1,5
73004,73009,73010,1,5
73004,73009,73010,1,5
73004,73009,73010,1,5
73004,73009,73010,1,5
73004,73009,73010,1,5
73004,73009,73010,1,5
73004,73009,73010,1,5
73004,73009,73010,1,5
73004,73009,73010,1,5
73004,73009,73010,1,5
73004,73009,73010,1,5
73004,73010,73011,1,6
73004,73009,73010,1,5
73004,73010,73011,1,6
73004,73010,73011,1,6
73004,73010,73011,1,6
73004,73010,73011,1,6
73004,73010,73011,1,6
73004,73010,73011,1,6
73004,73010,73011,1,6
73004,73010,73011,1,6
73004,73010,73011,1,6
73004,73010,73011,1,6
73004,73011,73012,1,7
73006,73011,73012,1,5
73006,73011,73012,1,5
73006,73011,73012,1,5
73006,73011,73012,1,5
73006,73011,73012,1,5
73006,73011,73012,1,5
73006,73011,73012,1,5
73004,73011,73012,1,7
73006,73012,73013,1,6
73006,73012,73013,1,6
73006,73012,73014,2,6
73006,73012,73013,1,6
73006,73012,73014,2,6
73006,73012,73014,2,6
73006,73012,73014,2,6
73006,73012,73014,2,6
73006,73013,73014,1,7
73006,73013,73015,2,7
73006,73013,73014,1,7
73006,73013,73015,2,7
73006,73013,73015,2,7
73006,73013,73015,2,7
73006,73013,73015,2,7
73006,73013,73015,2,7
73006,73013,73014,1,7
73006,73014,73016,2,8
73006,73014,73016,2,8
73006,73014,73016,2,8
73006,73014,73016,2,8
73006,73014,73016,2,8
73006,73014,73016,2,8
73006,73015,73016,1,9
73006,73015,73016,1,9
73006,73015,73016,1,9
73006,73015,73016,1,9
73006,73015,73016,1,9
73006,73015,73016,1,9
73006,73015,73016,1,9
73006,73015,73016,1,9
73006,73015,73016,1,9
73006,73015,73016,1,9
73006,73015,73016,1,9
73006,73016,73017,1,10
73006,73016,73017,1,10
73006,73016,73017,1,10
73006,73016,73017,1,10
73006,73016,73017,1,10
73006,73017,73018,1,11
73006,73017,73018,1,11
73006,73017,73018,1,11
73006,73017,73018,1,11
73006,73017,73018,1,11
73006,73017,73018,1,11
73006,73017,73018,1,11
73006,73017,73018,1,11
73006,73016,73017,1,10
73006,73018,73019,1,12
73006,73018,73019,1,12
73006,73018,73019,1,12
73006,73018,73019,1,12
73006,73018,73019,1,12
73006,73018,73019,1,12
73006,73018,73019,1,12
73006,73018,73019,1,12
73006,73018,73019,1,12
73006,73019,73020,1,13
73006,73019,73020,1,13
73006,73019,73020,1,13
73006,73019,73020,1,13
73006,73019,73020,1,13
73006,73019,73020,1,13
72340,72348,73050,702,8
73051,73051,73052,1,0
73051,73051,73052,1,0
73051,73051,73052,1,0
73051,73051,73052,1,0
73051,73051,73052,1,0
73051,73051,73052,1,0
73051,73051,73052,1,0
73051,73051,73052,1,0
73051,73051,73052,1,0
73051,73051,73052,1,0
73051,73051,73052,1,0
73051,73051,73053,2,0
73051,73051,73053,2,0
73051,73051,73053,2,0
73051,73052,73053,1,1
73051,73052,73053,1,1
73051,73052,73053,1,1
73051,73052,73054,2,1
73051,73052,73053,1,1
73051,73052,73053,1,1
73051,73052,73054,2,1
73051,73052,73054,2,1
73051,73052,73054,2,1
73051,73052,73054,2,1
73051,73052,73054,2,1
73051,73053,73055,2,2
73051,73053,73055,2,2
73051,73053,73055,2,2
73051,73053,73055,2,2
73051,73053,73055,2,2
73051,73053,73056,3,2
73051,73054,73056,2,3
73051,73054,73056,2,3
73051,73054,73056,2,3
73051,73054,73056,2,3
73051,73054,73056,2,3
73051,73054,73056,2,3
73051,73054,73056,2,3
73051,73054,73056,2,3
73051,73054,73056,2,3
73051,73054,73056,2,3
73051,73054,73056,2,3
73051,73056,73057,1,5
73051,73055,73057,2,4
73051,73056,73057,1,5
73051,73056,73057,1,5
73051,73056,73057,1,5
73051,73056,73057,1,5
73051,73056,73057,1,5
73051,73055,73057,2,4
73051,73056,73058,2,5
73051,73056,73057,1,5
73051,73055,73057,2,4
73051,73055,73058,3,4
73051,73055,73057,2,4
73051,73056,73058,2,5
73051,73057,73058,1,6
73051,73058,73059,1,7
73051,73058,73059,1,7
73051,73058,73059,1,7
73051,73058,73059,1,7
73051,73059,73060,1,8
73051,73059,73060,1,8
73051,73059,73060,1,8
73051,73059,73060,1,8
73051,73060,73061,1,9
72589,72606,73079,473,17
73081,73081,73082,1,0
73081,73081,73082,1,0
73081,73081,73082,1,0
73081,73081,73082,1,0
73081,73081,73082,1,0
73081,73081,73082,1,0
73081,73081,73082,1,0
73081,73081,73082,1,0
73081,73081,73082,1,0
73081,73081,73082,1,0
73081,73081,73082,1,0
73081,73081,73082,1,0
73081,73081,73082,1,0
73081,73081,73083,2,0
73081,73081,73083,2,0
73081,73082,73083,1,1
73081,73082,73083,1,1
73081,73082,73083,1,1
73081,73082,73083,1,1
73081,73081,73082,1,0
73081,73081,73083,2,0
73081,73082,73083,1,1
73081,73082,73083,1,1
73081,73082,73083,1,1
73081,73083,73084,1,2
73081,73083,73084,1,2
73081,73082,73084,2,1
73081,73082,73084,2,1
73081,73082,73083,1,1
73081,73082,73083,1,1
73081,73083,73084,1,2
73081,73083,73084,1,2
73081,73083,73084,1,2
73081,73083,73085,2,2
73081,73084,73085,1,3
73081,73084,73085,1,3
73081,73083,73084,1,2
73081,73083,73085,2,2
73081,73084,73085,1,3
73081,73084,73085,1,3
73081,73084,73085,1,3
73081,73083,73086,3,2
73081,73083,73086,3,2
73081,73083,73086,3,2
73081,73085,73086,1,4
73081,73084,73086,2,3
73081,73085,73086,1,4
73081,73085,73086,1,4
73081,73084,73086,2,3
73081,73084,73086,2,3
73081,73084,73086,2,3
73081,73085,73087,2,4
73081,73086,73087,1,5
73081,73085,73087,2,4
73081,73086,73087,1,5
73081,73086,73087,1,5
73081,73085,73087,2,4
73081,73087,73088,1,6
73081,73086,73087,1,5
73081,73086,73087,1,5
73081,73086,73087,1,5
73081,73086,73087,1,5
73081,73087,73088,1,6
73081,73087,73088,1,6
73081,73087,73088,1,6
73081,73086,73088,2,5
73081,73087,73088,1,6
72587,72606,73088,482,19
73081,73087,73088,1,6
73081,73087,73089,2,6
73081,73087,73089,2,6
73081,73089,73090,1,8
73081,73090,73091,1,9
73081,73089,73090,1,8
73090,73090,73091,1,0
73081,73089,73090,1,8
73090,73090,73091,1,0
73090,73090,73091,1,0
73090,73090,73091,1,0
73090,73090,73091,1,0
73090,73090,73091,1,0
73090,73090,73091,1,0
73090,73091,73092,1,1
73090,73091,73092,1,1
73090,73091,73092,1,1
73090,73091,73092,1,1
73090,73091,73092,1,1
73090,73091,73092,1,1
73090,73091,73092,1,1
73090,73091,73092,1,1
73081,73091,73092,1,10
73090,73091,73092,1,1
73090,73091,73093,2,1
73090,73091,73093,2,1
73090,73091,73093,2,1
73090,73092,73093,1,2
73090,73092,73093,1,2
73090,73092,73093,1,2
73090,73091,73092,1,1
73090,73091,73092,1,1
73090,73092,73093,1,2
73090,73092,73093,1,2
73090,73092,73093,1,2
73090,73092,73093,1,2
73090,73093,73094,1,3
73090,73093,73094,1,3
73090,73093,73094,1,3
73090,73092,73093,1,2
73090,73092,73093,1,2
73090,73093,73094,1,3
73090,73093,73094,1,3
73090,73093,73094,1,3
72384,72392,73094,702,8
73090,73093,73094,1,3
73090,73093,73094,1,3
73090,73093,73095,2,3
73090,73093,73095,2,3
73090,73093,73095,2,3
73090,73094,73095,1,4
73090,73094,73095,1,4
73090,73094,73095,1,4
73090,73094,73095,1,4
73090,73094,73095,1,4
73090,73094,73095,1,4
73090,73094,73095,1,4
73090,73094,73096,2,4
73090,73094,73095,1,4
73090,73095,73096,1,5
73090,73095,73096,1,5
73090,73095,73096,1,5
73090,73096,73097,1,6
73090,73096,73097,1,6
73090,73095,73096,1,5
73090,73095,73097,2,5
73090,73095,73097,2,5
73090,73095,73097,2,5
73090,73097,73098,1,7
73090,73097,73098,1,7
73090,73097,73098,1,7
73090,73097,73098,1,7
73090,73097,73098,1,7
73090,73096,73097,1,6
73090,73096,73097,1,6
73090,73097,73098,1,7
73090,73098,73099,1,8
73090,73098,73099,1,8
73090,73098,73099,1,8
73090,73098,73099,1,8
73090,73098,73099,1,8
73090,73098,73099,1,8
73113,73113,73114,1,0
73113,73113,73114,1,0
73113,73113,73114,1,0
73113,73113,73114,1,0
73113,73113,73114,1,0
73113,73113,73114,1,0
73113,73113,73114,1,0
73113,73113,73115,2,0
73113,73113,73114,1,0
73113,73114,73115,1,1
73113,73114,73115,1,1
73113,73114,73115,1,1
73113,73114,73115,1,1
73113,73114,73115,1,1
73113,73114,73115,1,1
73113,73114,73115,1,1
73113,73114,73116,2,1
73113,73114,73116,2,1
73113,73114,73116,2,1
73113,73115,73116,1,2
73113,73115,73116,1,2
73113,73116,73117,1,3
73113,73116,73117,1,3
73113,73116,73117,1,3
73113,73116,73117,1,3
73113,73116,73117,1,3
73113,73116,73117,1,3
73113,73115,73117,2,2
73113,73114,73116,2,1
73113,73115,73117,2,2
73113,73113,73117,4,0
73113,73115,73117,2,2
73113,73117,73118,1,4
73113,73117,73118,1,4
73113,73117,73118,1,4
73113,73116,73117,1,3
73113,73117,73118,1,4
73113,73116,73117,1,3
73113,73116,73117,1,3
73113,73117,73118,1,4
73113,73116,73118,2,3
73113,73117,73118,1,4
73113,73117,73118,1,4
73113,73117,73118,1,4
73113,73117,73118,1,4
73113,73117,73118,1,4
73113,73118,73119,1,5
73113,73118,73119,1,5
73113,73118,73119,1,5
73113,73117,73119,2,4
73113,73118,73119,1,5
73113,73118,73119,1,5
73113,73118,73119,1,5
73113,73118,73119,1,5
73113,73118,73119,1,5
73113,73118,73119,1,5
73113,73118,73119,1,5
73113,73119,73120,1,6
73113,73119,73120,1,6
73113,73119,73120,1,6
73113,73119,73120,1,6
73113,73119,73120,1,6
73113,73119,73120,1,6
73113,73119,73120,1,6
73113,73119,73120,1,6
73113,73119,73120,1,6
73113,73119,73120,1,6
73113,73119,73120,1,6
73113,73119,73120,1,6
73113,73120,73121,1,7
73113,73120,73121,1,7
73113,73120,73121,1,7
73113,73120,73121,1,7
73113,73120,73121,1,7
73113,73120,73121,1,7
73113,73120,73121,1,7
73113,73120,73121,1,7
73113,73120,73121,1,7
73113,73120,73121,1,7
73113,73120,73121,1,7
73113,73120,73121,1,7
73113,73121,73122,1,8
73113,73125,73126,1,12
72629,72637,73132,495,8
73134,73134,73135,1,0
73134,73134,73135,1,0
73134,73134,73135,1,0
73134,73134,73135,1,0
73134,73134,73135,1,0
73134,73134,73135,1,0
73134,73134,73135,1,0
73134,73134,73135,1,0
73134,73134,73135,1,0
73134,73134,73135,1,0
73134,73134,73135,1,0
73134,73134,73135,1,0
73134,73134,73135,1,0
73134,73134,73136,2,0
73134,73134,73136,2,0
73134,73134,73135,1,0
73134,73135,73136,1,1
73134,73135,73136,1,1
73134,73135,73136,1,1
73134,73135,73136,1,1
73134,73135,73136,1,1
73134,73135,73136,1,1
73134,73135,73136,1,1
73134,73135,73136,1,1
73134,73135,73136,1,1
73134,73134,73136,2,0
73134,73135,73137,2,1
73134,73135,73137,2,1
73134,73135,73137,2,1
73134,73135,73136,1,1
73134,73136,73137,1,2
73134,73136,73137,1,2
73134,73136,73137,1,2
73134,73136,73137,1,2
73134,73136,73137,1,2
73134,73136,73137,1,2
73134,73136,73137,1,2
73134,73136,73138,2,2
73134,73136,73138,2,2
73134,73138,73139,1,4
73134,73138,73139,1,4
73134,73136,73138,2,2
73134,73136,73138,2,2
73134,73137,73139,2,3
73134,73137,73139,2,3
73134,73137,73139,2,3
73134,73137,73139,2,3
73134,73137,73139,2,3
73134,73138,73139,1,4
73134,73138,73139,1,4
73134,73138,73139,1,4
73134,73138,73139,1,4
73134,73138,73139,1,4
73134,73139,73140,1,5
73134,73139,73140,1,5
73134,73139,73140,1,5
73134,73136,73139,3,2
73134,73139,73140,1,5
73134,73139,73141,2,5
73134,73140,73141,1,6
73134,73139,73141,2,5
73134,73139,73141,2,5
73134,73140,73141,1,6
73134,73140,73141,1,6
73134,73140,73141,1,6
73134,73141,73142,1,7
73134,73141,73142,1,7
73134,73141,73142,1,7
73134,73141,73143,2,7
72479,72488,73219,731,9
73220,73220,73221,1,0
73220,73220,73221,1,0
73220,73220,73221,1,0
73220,73220,73221,1,0
73220,73220,73221,1,0
73220,73220,73221,1,0
73220,73220,73221,1,0
73220,73220,73221,1,0
73220,73220,73221,1,0
73220,73220,73221,1,0
73220,73220,73221,1,0
73220,73220,73221,1,0
73220,73220,73221,1,0
73220,73220,73222,2,0
73220,73220,73222,2,0
73220,73220,73222,2,0
73220,73220,73221,1,0
73220,73221,73222,1,1
73220,73221,73223,2,1
73220,73221,73222,1,1
73220,73221,73223,2,1
73220,73221,73223,2,1
73220,73221,73223,2,1
73220,73221,73222,1,1
73220,73221,73223,2,1
73220,73221,73223,2,1
73220,73221,73223,2,1
73220,73221,73222,1,1
73220,73222,73223,1,2
73220,73222,73223,1,2
73220,73222,73224,2,2
73220,73222,73223,1,2
73220,73222,73223,1,2
73220,73222,73224,2,2
73220,73222,73224,2,2
73220,73223,73224,1,3
73220,73223,73224,1,3
73220,73223,73224,1,3
73220,73223,73224,1,3
73220,73223,73224,1,3
73220,73223,73224,1,3
73220,73223,73224,1,3
73220,73223,73224,1,3
73220,73223,73224,1,3
73220,73224,73225,1,4
73220,73224,73225,1,4
73220,73223,73224,1,3
73220,73224,73225,1,4
73220,73223,73225,2,3
73220,73224,73225,1,4
73220,73224,73225,1,4
73220,73224,73225,1,4
73220,73224,73225,1,4
73220,73224,73225,1,4
73220,73224,73225,1,4
73220,73223,73225,2,3
73220,73224,73225,1,4
73220,73224,73226,2,4
73220,73224,73226,2,4
73220,73225,73226,1,5
73220,73225,73226,1,5
73220,73225,73226,1,5
73220,73226,73227,1,6
73220,73226,73227,1,6
73220,73226,73227,1,6
73220,73226,73227,1,6
73220,73227,73228,1,7
73220,73227,73228,1,7
73220,73227,73228,1,7
73220,73226,73228,2,6
73220,73227,73228,1,7
73220,73227,73228,1,7
73220,73227,73228,1,7
73220,73227,73229,2,7
72559,72565,73277,712,6
73280,73280,73281,1,0
73280,73280,73281,1,0
73280,73280,73281,1,0
73280,73280,73282,2,0
73280,73280,73281,1,0
73280,73281,73282,1,1
73280,73280,73281,1,0
73280,73281,73282,1,1
73280,73281,73282,1,1
73280,73281,73282,1,1
73280,73281,73282,1,1
73280,73281,73282,1,1
73280,73281,73282,1,1
73280,73281,73282,1,1
73280,73281,73282,1,1
73280,73281,73282,1,1
73280,73281,73282,1,1
73280,73282,73283,1,2
73280,73282,73283,1,2
73280,73282,73283,1,2
73280,73282,73283,1,2
73280,73283,73284,1,3
73280,73282,73283,1,2
73280,73282,73283,1,2
73280,73282,73283,1,2
73280,73282,73284,2,2
73280,73282,73283,1,2
73280,73282,73283,1,2
73280,73283,73284,1,3
73280,73283,73284,1,3
73280,73282,73284,2,2
73280,73284,73285,1,4
73280,73283,73285,2,3
73280,73283,73284,1,3
73280,73283,73285,2,3
73280,73283,73285,2,3
73280,73284,73285,1,4
73280,73283,73284,1,3
73280,73284,73285,1,4
73280,73284,73285,1,4
73280,73284,73285,1,4
73280,73284,73285,1,4
73280,73285,73286,1,5
73280,73285,73286,1,5
73280,73285,73286,1,5
73280,73285,73286,1,5
73280,73285,73286,1,5
73280,73285,73286,1,5
73280,73285,73286,1,5
73280,73285,73286,1,5
73280,73285,73286,1,5
73280,73285,73286,1,5
73280,73285,73286,1,5
73280,73285,73286,1,5
73280,73286,73287,1,6
73280,73286,73287,1,6
73280,73286,73287,1,6
73280,73286,73287,1,6
73280,73286,73287,1,6
73280,73286,73287,1,6
73280,73286,73287,1,6
73280,73286,73287,1,6
73280,73286,73287,1,6
73280,73286,73287,1,6
73280,73286,73287,1,6
73280,73286,73287,1,6
73280,73287,73288,1,7
73280,73287,73288,1,7
73280,73287,73288,1,7
73280,73287,73288,1,7
73280,73286,73287,1,6
73280,73286,73287,1,6
73280,73286,73287,1,6
73280,73286,73287,1,6
73280,73286,73287,1,6
73280,73287,73288,1,7
73280,73287,73288,1,7
72585,72598,73328,730,13
73329,73329,73330,1,0
73329,73329,73330,1,0
73329,73329,73330,1,0
73329,73329,73330,1,0
73329,73329,73330,1,0
73329,73329,73330,1,0
73329,73329,73330,1,0
73329,73329,73330,1,0
73329,73329,73330,1,0
73329,73329,73330,1,0
73329,73329,73330,1,0
73329,73329,73330,1,0
73329,73329,73331,2,0
73329,73329,73330,1,0
73329,73329,73330,1,0
73329,73329,73331,2,0
73329,73330,73331,1,1
73329,73330,73331,1,1
73329,73330,73331,1,1
73329,73330,73331,1,1
73329,73330,73331,1,1
73329,73330,73331,1,1
73329,73329,73331,2,0
73329,73330,73332,2,1
73329,73330,73332,2,1
73329,73330,73332,2,1
73329,73330,73331,1,1
73329,73330,73332,2,1
73329,73331,73333,2,2
73329,73331,73333,2,2
73329,73331,73333,2,2
73329,73331,73333,2,2
73329,73331,73333,2,2
73329,73331,73333,2,2
73329,73331,73332,1,2
73329,73331,73333,2,2
73329,73331,73332,1,2
73329,73331,73333,2,2
73329,73331,73333,2,2
73329,73332,73333,1,3
73329,73333,73334,1,4
73329,73333,73334,1,4
73329,73333,73334,1,4
73329,73333,73334,1,4
73329,73333,73334,1,4
73329,73333,73334,1,4
73329,73333,73335,2,4
73329,73333,73335,2,4
73329,73333,73335,2,4
73329,73335,73336,1,6
73329,73336,73337,1,7
73329,73335,73336,1,6
73329,73336,73337,1,7
73329,73336,73337,1,7
73329,73337,73338,1,8
73329,73337,73338,1,8
73329,73337,73338,1,8
73329,73337,73338,1,8
73329,73337,73338,1,8
73329,73337,73338,1,8
73329,73337,73338,1,8
72893,72900,73369,469,7
73370,73370,73371,1,0
73370,73370,73371,1,0
73370,73370,73371,1,0
73370,73370,73371,1,0
73370,73370,73371,1,0
73370,73370,73371,1,0
73370,73370,73371,1,0
73370,73370,73371,1,0
73370,73370,73371,1,0
73370,73370,73371,1,0
73370,73370,73371,1,0
73370,73370,73371,1,0
73370,73370,73371,1,0
73370,73370,73372,2,0
73370,73371,73372,1,1
73370,73370,73371,1,0
73370,73371,73372,1,1
73370,73371,73372,1,1
73370,73372,73373,1,2
73370,73372,73373,1,2
73370,73372,73373,1,2
73370,73372,73373,1,2
73370,73372,73373,1,2
73370,73372,73373,1,2
73370,73372,73373,1,2
73370,73373,73374,1,3
73370,73373,73374,1,3
73370,73373,73374,1,3
73370,73374,73375,1,4
73370,73373,73374,1,3
73370,73373,73374,1,3
73370,73374,73375,1,4
73370,73374,73375,1,4
73370,73374,73375,1,4
73370,73374,73375,1,4
73370,73374,73375,1,4
73370,73374,73375,1,4
73370,73374,73375,1,4
73370,73374,73375,1,4
73370,73374,73375,1,4
73370,73374,73375,1,4
73370,73374,73375,1,4
73370,73375,73376,1,5
73370,73375,73376,1,5
73370,73375,73376,1,5
73370,73375,73376,1,5
73370,73375,73376,1,5
73370,73375,73376,1,5
73370,73376,73377,1,6
73370,73376,73377,1,6
73370,73375,73376,1,5
73370,73376,73377,1,6
73370,73375,73376,1,5
73370,73376,73377,1,6
73370,73376,73377,1,6
73370,73376,73377,1,6
73370,73376,73377,1,6
73370,73376,73377,1,6
73370,73376,73377,1,6
73370,73376,73377,1,6
73370,73376,73377,1,6
73370,73377,73378,1,7
73370,73377,73378,1,7
73370,73377,73378,1,7
73370,73377,73378,1,7
73370,73375,73377,2,5
73370,73377,73378,1,7
73370,73377,73378,1,7
73370,73377,73378,1,7
73370,73377,73378,1,7
73370,73377,73378,1,7
73370,73377,73378,1,7
73370,73378,73379,1,8
73370,73378,73379,1,8
73370,73378,73379,1,8
73370,73378,73379,1,8
73370,73378,73379,1,8
73370,73378,73379,1,8
73370,73378,73379,1,8
73370,73379,73380,1,9
73370,73378,73379,1,8
73370,73378,73379,1,8
73370,73379,73380,1,9
73370,73379,73380,1,9
73370,73377,73379,2,7
73370,73378,73380,2,8
72660,72666,73392,726,6
72692,72698,73398,700,6
73400,73400,73401,1,0
73400,73400,73401,1,0
73400,73400,73402,2,0
73400,73400,73401,1,0
73400,73400,73401,1,0
73400,73400,73401,1,0
73400,73401,73402,1,1
73400,73401,73402,1,1
73400,73401,73402,1,1
73400,73401,73402,1,1
73400,73401,73402,1,1
73400,73401,73402,1,1
73400,73401,73402,1,1
73400,73401,73402,1,1
73400,73401,73402,1,1
73400,73402,73403,1,2
73400,73402,73403,1,2
73400,73402,73404,2,2
73400,73402,73403,1,2
73400,73402,73403,1,2
73400,73402,73403,1,2
73400,73402,73403,1,2
73400,73402,73403,1,2
73400,73402,73403,1,2
73400,73402,73403,1,2
73400,73403,73404,1,3
73400,73403,73404,1,3
73400,73404,73405,1,4
73400,73404,73405,1,4
73400,73403,73404,1,3
73400,73403,73405,2,3
73400,73403,73404,1,3
73400,73403,73404,1,3
73400,73404,73405,1,4
73400,73403,73405,2,3
73400,73403,73404,1,3
73400,73404,73405,1,4
73400,73404,73406,2,4
73400,73404,73405,1,4
73400,73404,73405,1,4
73400,73404,73405,1,4
73400,73405,73406,1,5
73400,73405,73406,1,5
73400,73405,73406,1,5
73400,73405,73406,1,5
73400,73405,73406,1,5
73400,73405,73406,1,5
73400,73405,73406,1,5
73400,73405,73406,1,5
73400,73405,73406,1,5
73400,73406,73407,1,6
73400,73406,73407,1,6
73400,73406,73407,1,6
73400,73406,73407,1,6
73400,73406,73407,1,6
73400,73406,73407,1,6
73400,73406,73407,1,6
73400,73406,73407,1,6
73400,73406,73407,1,6
73400,73406,73407,1,6
73400,73406,73407,1,6
73400,73406,73407,1,6
73400,73407,73408,1,7
73400,73407,73408,1,7
73400,73407,73408,1,7
73400,73407,73408,1,7
73400,73407,73408,1,7
73402,73407,73408,1,5
73400,73406,73407,1,6
73402,73407,73408,1,5
73402,73407,73408,1,5
73402,73407,73408,1,5
73400,73407,73408,1,7
73402,73408,73409,1,6
73400,73407,73408,1,7
73402,73408,73409,1,6
73402,73408,73409,1,6
73402,73408,73409,1,6
73402,73408,73409,1,6
73402,73408,73409,1,6
73402,73408,73409,1,6
73402,73408,73409,1,6
73402,73408,73409,1,6
73402,73408,73409,1,6
73402,73409,73410,1,7
73402,73409,73410,1,7
73402,73409,73410,1,7
73402,73409,73410,1,7
73402,73408,73410,2,6
73402,73408,73409,1,6
73402,73408,73409,1,6
73402,73408,73410,2,6
73402,73409,73410,1,7
73402,73409,73410,1,7
73402,73408,73410,2,6
73402,73409,73410,1,7
73402,73409,73410,1,7
73402,73409,73411,2,7
73402,73409,73410,1,7
73402,73409,73410,1,7
73402,73410,73411,1,8
73402,73410,73411,1,8
73402,73410,73411,1,8
73402,73410,73411,1,8
73402,73410,73411,1,8
73402,73410,73411,1,8
73402,73410,73411,1,8
73402,73410,73411,1,8
73402,73410,73411,1,8
73402,73410,73411,1,8
73402,73410,73411,1,8
73402,73411,73412,1,9
73402,73410,73411,1,8
73402,73411,73412,1,9
73402,73411,73412,1,9
73402,73411,73412,1,9
73402,73411,73412,1,9
73402,73411,73412,1,9
73402,73411,73412,1,9
73402,73411,73412,1,9
73402,73411,73412,1,9
73402,73410,73411,1,8
73402,73411,73412,1,9
73402,73411,73412,1,9
73402,73411,73412,1,9
73402,73412,73413,1,10
73402,73412,73413,1,10
73402,73412,73413,1,10
73402,73412,73413,1,10
73402,73412,73413,1,10
73402,73412,73413,1,10
73402,73411,73412,1,9
73402,73412,73413,1,10
73402,73411,73412,1,9
73402,73412,73413,1,10
73402,73413,73414,1,11
73402,73413,73414,1,11
73402,73413,73414,1,11
73402,73413,73414,1,11
73402,73413,73414,1,11
73402,73411,73414,3,9
73402,73413,73414,1,11
73402,73413,73414,1,11
73402,73413,73414,1,11
73402,73414,73415,1,12
73402,73414,73415,1,12
73402,73414,73415,1,12
73402,73414,73415,1,12
73402,73414,73415,1,12
73402,73413,73415,2,11
73402,73414,73415,1,12
73402,73414,73415,1,12
73402,73414,73415,1,12
72940,72951,73429,478,11
73448,73448,73449,1,0
73448,73448,73449,1,0
73448,73448,73449,1,0
73448,73448,73450,2,0
73448,73449,73450,1,1
73448,73449,73450,1,1
73448,73449,73450,1,1
73448,73449,73450,1,1
73448,73449,73450,1,1
73448,73449,73450,1,1
73448,73449,73450,1,1
73448,73450,73451,1,2
73448,73449,73451,2,1
73448,73450,73451,1,2
73448,73451,73452,1,3
73448,73451,73452,1,3
73448,73449,73451,2,1
73448,73449,73451,2,1
73448,73449,73451,2,1
73448,73449,73451,2,1
73448,73449,73451,2,1
73448,73451,73452,1,3
73448,73451,73452,1,3
73448,73451,73452,1,3
73448,73452,73453,1,4
73448,73452,73453,1,4
73448,73450,73452,2,2
73448,73452,73453,1,4
73448,73452,73453,1,4
73448,73452,73453,1,4
73448,73452,73453,1,4
73448,73452,73453,1,4
73448,73452,73453,1,4
73448,73452,73453,1,4
73448,73452,73453,1,4
73448,73453,73454,1,5
73448,73452,73453,1,4
73448,73453,73454,1,5
73448,73453,73454,1,5
73448,73453,73454,1,5
73448,73453,73454,1,5
73448,73452,73453,1,4
73448,73453,73454,1,5
73448,73453,73454,1,5
73448,73453,73454,1,5
73448,73453,73454,1,5
73448,73454,73455,1,6
73448,73454,73455,1,6
73448,73454,73455,1,6
73448,73454,73455,1,6
73448,73454,73455,1,6
73448,73453,73454,1,5
73448,73454,73455,1,6
73448,73454,73455,1,6
73448,73454,73455,1,6
73448,73454,73455,1,6
73448,73454,73455,1,6
73448,73454,73455,1,6
73448,73454,73455,1,6
73448,73454,73455,1,6
73448,73454,73455,1,6
73448,73455,73456,1,7
73448,73455,73456,1,7
73448,73455,73456,1,7
73448,73455,73456,1,7
73448,73455,73456,1,7
73448,73454,73455,1,6
73448,73455,73456,1,7
73448,73455,73456,1,7
73448,73455,73456,1,7
73448,73455,73456,1,7
73448,73455,73456,1,7
73448,73456,73457,1,8
73448,73456,73457,1,8
73448,73456,73457,1,8
73448,73456,73457,1,8
73448,73456,73457,1,8
73448,73455,73456,1,7
72643,72649,73457,808,6
73448,73455,73457,2,7
73458,73458,73459,1,0
73458,73458,73459,1,0
73458,73458,73459,1,0
73458,73458,73459,1,0
73458,73458,73459,1,0
73458,73458,73459,1,0
73458,73458,73459,1,0
73458,73458,73459,1,0
73458,73458,73459,1,0
73458,73458,73459,1,0
73458,73458,73459,1,0
73458,73458,73459,1,0
73458,73458,73459,1,0
73458,73458,73459,1,0
73458,73458,73459,1,0
73458,73458,73459,1,0
73458,73459,73460,1,1
73458,73459,73460,1,1
73458,73459,73460,1,1
73458,73459,73461,2,1
73458,73459,73461,2,1
73458,73459,73461,2,1
73458,73459,73461,2,1
73458,73459,73461,2,1
73458,73459,73460,1,1
73458,73459,73461,2,1
73458,73459,73461,2,1
73458,73459,73461,2,1
73458,73459,73461,2,1
73458,73459,73461,2,1
73458,73459,73461,2,1
73458,73459,73461,2,1
73458,73460,73462,2,2
73458,73460,73462,2,2
73458,73461,73463,2,3
73458,73461,73463,2,3
73458,73461,73463,2,3
73458,73461,73463,2,3
73458,73462,73463,1,4
73458,73461,73463,2,3
73458,73461,73463,2,3
73458,73461,73463,2,3
73458,73461,73463,2,3
73458,73461,73463,2,3
73458,73461,73463,2,3
73458,73461,73463,2,3
73458,73461,73463,2,3
73458,73461,73463,2,3
73458,73461,73464,3,3
73458,73462,73464,2,4
73458,73464,73465,1,6
73458,73463,73464,1,5
73458,73463,73465,2,5
73458,73463,73465,2,5
73458,73463,73465,2,5
73458,73463,73465,2,5
73458,73463,73465,2,5
73458,73464,73465,1,6
73458,73463,73465,2,5
73458,73464,73465,1,6
73458,73464,73465,1,6
73458,73465,73466,1,7
73458,73465,73466,1,7
73458,73465,73466,1,7
73458,73466,73467,1,8
73458,73466,73467,1,8
73458,73466,73467,1,8
73458,73466,73467,1,8
73458,73466,73467,1,8
73458,73466,73467,1,8
73458,73467,73468,1,9
73458,73467,73468,1,9
73458,73467,73468,1,9
73448,73467,73471,4,19
72788,72795,73507,712,7
73509,73510,73511,1,1
73509,73510,73511,1,1
73509,73510,73511,1,1
73509,73510,73511,1,1
73509,73510,73511,1,1
73509,73510,73511,1,1
73509,73510,73511,1,1
73509,73511,73512,1,2
73509,73511,73512,1,2
73509,73511,73512,1,2
73509,73511,73512,1,2
73509,73511,73512,1,2
73509,73511,73512,1,2
73509,73511,73512,1,2
73509,73511,73512,1,2
73509,73512,73514,2,3
73509,73511,73513,2,2
73509,73511,73513,2,2
73509,73512,73513,1,3
73509,73512,73513,1,3
73509,73512,73513,1,3
73509,73513,73514,1,4
73509,73513,73514,1,4
73509,73513,73514,1,4
73509,73512,73513,1,3
73509,73512,73513,1,3
73509,73513,73514,1,4
73509,73513,73514,1,4
73509,73513,73514,1,4
73509,73514,73515,1,5
73509,73513,73514,1,4
73509,73514,73515,1,5
73509,73514,73515,1,5
73509,73514,73515,1,5
73509,73513,73514,1,4
73509,73514,73515,1,5
73509,73512,73514,2,3
73509,73514,73515,1,5
73509,73515,73516,1,6
73509,73514,73515,1,5
73509,73515,73516,1,6
73509,73514,73515,1,5
73509,73515,73516,1,6
73509,73515,73516,1,6
73509,73514,73515,1,5
73509,73514,73515,1,5
73509,73515,73516,1,6
73509,73515,73516,1,6
73509,73516,73517,1,7
73509,73514,73516,2,5
73509,73516,73517,1,7
73509,73515,73516,1,6
73509,73516,73517,1,7
73509,73516,73517,1,7
73509,73516,73517,1,7
73509,73516,73517,1,7
73509,73516,73517,1,7
73509,73516,73517,1,7
73509,73516,73517,1,7
73509,73517,73518,1,8
73509,73517,73518,1,8
73509,73517,73518,1,8
73509,73517,73518,1,8
73509,73517,73518,1,8
73509,73517,73518,1,8
73509,73517,73518,1,8
73509,73517,73518,1,8
73509,73517,73518,1,8
73509,73517,73518,1,8
73509,73517,73518,1,8
73509,73517,73518,1,8
73509,73517,73518,1,8
73509,73518,73519,1,9
73509,73518,73519,1,9
73509,73518,73519,1,9
73509,73517,73519,2,8
73509,73517,73518,1,8
73509,73518,73519,1,9
72815,72822,73525,703,7
73535,73535,73536,1,0
73535,73535,73536,1,0
73535,73535,73536,1,0
73535,73535,73536,1,0
73535,73535,73536,1,0
73535,73535,73536,1,0
73535,73535,73536,1,0
73535,73535,73536,1,0
73535,73535,73536,1,0
73535,73535,73536,1,0
73535,73535,73536,1,0
73535,73535,73536,1,0
73535,73535,73536,1,0
73535,73535,73537,2,0
73535,73535,73536,1,0
73535,73535,73536,1,0
73535,73536,73537,1,1
73535,73536,73537,1,1
73535,73535,73537,2,0
73535,73536,73538,2,1
73535,73536,73538,2,1
73535,73536,73538,2,1
73535,73536,73538,2,1
73535,73536,73538,2,1
73535,73537,73538,1,2
73535,73537,73538,1,2
73535,73536,73538,2,1
73535,73536,73538,2,1
73535,73536,73537,1,1
73535,73536,73538,2,1
73535,73537,73538,1,2
73535,73537,73538,1,2
73535,73538,73539,1,3
73535,73537,73539,2,2
73535,73538,73539,1,3
73535,73538,73539,1,3
73535,73538,73539,1,3
73535,73537,73539,2,2
73535,73537,73539,2,2
73535,73537,73539,2,2
73535,73538,73539,1,3
73535,73538,73540,2,3
73535,73538,73540,2,3
73535,73539,73540,1,4
73535,73539,73540,1,4
73535,73538,73539,1,3
73535,73539,73540,1,4
73535,73538,73540,2,3
73535,73539,73541,2,4
73535,73540,73541,1,5
73535,73541,73542,1,6
73535,73540,73541,1,5
73535,73540,73541,1,5
73535,73540,73541,1,5
73535,73541,73542,1,6
73535,73540,73542,2,5
73535,73541,73542,1,6
73535,73541,73542,1,6
73535,73541,73542,1,6
73535,73541,73542,1,6
73535,73541,73542,1,6
73535,73541,73542,1,6
73535,73541,73542,1,6
73535,73541,73542,1,6
73535,73542,73543,1,7
73535,73542,73543,1,7
73535,73541,73542,1,6
73535,73542,73543,1,7
73535,73542,73544,2,7
73535,73542,73543,1,7
73535,73543,73544,1,8
73535,73542,73543,1,7
73535,73542,73543,1,7
73535,73542,73543,1,7
73535,73543,73544,1,8
73535,73543,73544,1,8
73535,73543,73544,1,8
73535,73543,73544,1,8
73535,73544,73545,1,9
73535,73543,73544,1,8
73535,73544,73545,1,9
73535,73543,73544,1,8
73535,73544,73545,1,9
73535,73544,73545,1,9
73535,73544,73545,1,9
73535,73544,73545,1,9
73535,73543,73544,1,8
73535,73544,73545,1,9
72790,72804,73565,761,14
73568,73568,73569,1,0
73568,73568,73569,1,0
73568,73568,73569,1,0
73568,73568,73569,1,0
73568,73568,73569,1,0
73568,73568,73569,1,0
73568,73569,73570,1,1
73568,73568,73570,2,0
73568,73568,73570,2,0
73568,73569,73570,1,1
73568,73569,73570,1,1
73568,73569,73570,1,1
73568,73569,73570,1,1
73568,73569,73570,1,1
73568,73569,73570,1,1
73568,73569,73571,2,1
73568,73569,73570,1,1
73568,73569,73570,1,1
73568,73569,73570,1,1
73568,73569,73570,1,1
73568,73570,73572,2,2
73568,73570,73571,1,2
73568,73570,73571,1,2
73568,73571,73572,1,3
73568,73571,73572,1,3
73568,73571,73572,1,3
73568,73571,73572,1,3
73568,73571,73572,1,3
73568,73571,73572,1,3
73568,73571,73572,1,3
73568,73571,73572,1,3
73568,73571,73572,1,3
73568,73571,73572,1,3
73568,73571,73572,1,3
73568,73572,73573,1,4
73568,73571,73573,2,3
73568,73571,73573,2,3
73568,73572,73573,1,4
73568,73573,73574,1,5
73568,73573,73574,1,5
73568,73571,73573,2,3
73568,73572,73574,2,4
73568,73573,73574,1,5
73568,73573,73574,1,5
73568,73573,73574,1,5
73568,73573,73574,1,5
73568,73573,73574,1,5
73568,73573,73574,1,5
73568,73573,73574,1,5
73568,73573,73574,1,5
73568,73573,73574,1,5
73568,73574,73575,1,6
73568,73574,73575,1,6
73568,73574,73575,1,6
73568,73574,73575,1,6
73568,73574,73575,1,6
73568,73573,73574,1,5
73568,73574,73575,1,6
73568,73574,73575,1,6
73568,73574,73575,1,6
73568,73573,73575,2,5
73568,73573,73574,1,5
73568,73574,73575,1,6
73568,73575,73576,1,7
73568,73575,73576,1,7
73568,73575,73576,1,7
73568,73575,73576,1,7
73568,73575,73576,1,7
73568,73575,73576,1,7
73568,73575,73576,1,7
73568,73575,73576,1,7
73568,73574,73575,1,6
73568,73575,73576,1,7
73568,73575,73576,1,7
73568,73575,73576,1,7
73568,73575,73576,1,7
73568,73575,73576,1,7
73568,73575,73576,1,7
73568,73575,73576,1,7
73568,73575,73576,1,7
73568,73576,73577,1,8
73568,73576,73577,1,8
73568,73576,73577,1,8
73568,73576,73577,1,8
73568,73576,73577,1,8
73568,73576,73577,1,8
73135,73142,73623,481,7
73625,73625,73626,1,0
73625,73625,73626,1,0
73625,73625,73626,1,0
73625,73625,73626,1,0
73625,73625,73626,1,0
73625,73625,73626,1,0
73625,73625,73626,1,0
73625,73625,73626,1,0
73625,73625,73626,1,0
73625,73625,73626,1,0
73625,73625,73626,1,0
73625,73625,73626,1,0
73625,73625,73626,1,0
73625,73625,73626,1,0
73625,73625,73626,1,0
73625,73626,73627,1,1
73625,73625,73627,2,0
73625,73625,73626,1,0
73625,73626,73627,1,1
73625,73626,73628,2,1
73625,73626,73627,1,1
73625,73626,73628,2,1
73625,73626,73628,2,1
73625,73626,73628,2,1
73625,73626,73628,2,1
73625,73626,73628,2,1
73625,73626,73628,2,1
73625,73626,73628,2,1
73625,73626,73628,2,1
73625,73626,73628,2,1
73625,73627,73629,2,2
73625,73627,73629,2,2
73625,73627,73628,1,2
73625,73628,73629,1,3
73625,73628,73629,1,3
73625,73627,73629,2,2
73625,73627,73629,2,2
73625,73628,73629,1,3
73625,73628,73629,1,3
73625,73628,73629,1,3
73625,73629,73630,1,4
73625,73628,73629,1,3
73625,73628,73629,1,3
73625,73628,73630,2,3
73625,73629,73630,1,4
73625,73628,73630,2,3
73625,73628,73629,1,3
73625,73629,73630,1,4
73625,73629,73630,1,4
73625,73628,73630,2,3
73625,73628,73630,2,3
73625,73630,73631,1,5
73625,73630,73631,1,5
73625,73630,73631,1,5
73625,73629,73631,2,4
73625,73630,73631,1,5
73625,73630,73631,1,5
73625,73629,73631,2,4
73625,73630,73631,1,5
73625,73631,73632,1,6
73625,73631,73632,1,6
73625,73631,73632,1,6
73625,73631,73632,1,6
73625,73631,73632,1,6
73625,73632,73633,1,7
73625,73633,73634,1,8
73625,73633,73634,1,8
73625,73633,73634,1,8
73625,73633,73634,1,8
72936,72943,73669,726,7
73671,73671,73672,1,0
73671,73671,73672,1,0
73671,73671,73672,1,0
73671,73671,73672,1,0
73671,73671,73672,1,0
73671,73671,73672,1,0
73671,73672,73673,1,1
73671,73671,73672,1,0
73671,73672,73673,1,1
73671,73672,73673,1,1
73671,73671,73673,2,0
73671,73672,73674,2,1
73671,73672,73673,1,1
73671,73672,73673,1,1
73671,73672,73673,1,1
73671,73672,73674,2,1
73671,73672,73674,2,1
73671,73672,73673,1,1
73671,73672,73673,1,1
73671,73672,73673,1,1
73671,73673,73674,1,2
73671,73671,73673,2,0
73671,73672,73673,1,1
73671,73674,73675,1,3
73671,73674,73675,1,3
73671,73674,73675,1,3
73671,73674,73675,1,3
73671,73673,73674,1,2
73671,73674,73675,1,3
73671,73674,73675,1,3
73671,73674,73675,1,3
73671,73674,73675,1,3
73671,73674,73675,1,3
73671,73674,73676,2,3
73671,73674,73675,1,3
73671,73674,73675,1,3
73671,73674,73676,2,3
73671,73675,73676,1,4
73671,73674,73676,2,3
73671,73676,73677,1,5
73671,73675,73676,1,4
73671,73675,73676,1,4
73671,73674,73676,2,3
73671,73676,73677,1,5
73671,73676,73677,1,5
73671,73676,73677,1,5
73671,73675,73676,1,4
73671,73676,73677,1,5
73671,73675,73676,1,4
73671,73676,73677,1,5
73671,73673,73676,3,2
73671,73676,73677,1,5
73671,73677,73678,1,6
73671,73676,73677,1,5
73671,73676,73677,1,5
73671,73677,73678,1,6
73671,73677,73678,1,6
73671,73676,73677,1,5
73671,73677,73678,1,6
73671,73677,73678,1,6
73671,73676,73677,1,5
73671,73677,73678,1,6
73671,73677,73678,1,6
73671,73677,73678,1,6
73671,73677,73678,1,6
73671,73677,73678,1,6
73671,73677,73678,1,6
73671,73678,73679,1,7
73671,73678,73679,1,7
73671,73678,73679,1,7
73671,73678,73679,1,7
73671,73678,73679,1,7
73671,73677,73678,1,6
73671,73678,73679,1,7
73671,73678,73679,1,7
73671,73678,73679,1,7
73671,73678,73679,1,7
73671,73678,73679,1,7
73671,73678,73679,1,7
73671,73678,73679,1,7
73671,73678,73679,1,7
73671,73678,73679,1,7
73671,73677,73678,1,6
73671,73678,73679,1,7
73671,73679,73680,1,8
73671,73679,73680,1,8
73671,73679,73680,1,8
73671,73679,73680,1,8
73671,73679,73680,1,8
73671,73679,73680,1,8
73671,73679,73680,1,8
73671,73679,73680,1,8
73221,73228,73699,471,7
73700,73700,73701,1,0
73700,73700,73701,1,0
73700,73700,73701,1,0
73700,73700,73701,1,0
73700,73700,73701,1,0
73700,73700,73701,1,0
73700,73700,73701,1,0
73700,73700,73701,1,0
73700,73700,73701,1,0
73700,73700,73701,1,0
73700,73700,73701,1,0
73700,73700,73701,1,0
73700,73700,73701,1,0
73700,73700,73701,1,0
73700,73701,73702,1,1
73700,73700,73701,1,0
73700,73701,73703,2,1
73700,73701,73702,1,1
73700,73701,73703,2,1
73700,73701,73703,2,1
73700,73701,73702,1,1
73700,73701,73702,1,1
73700,73702,73703,1,2
73700,73701,73703,2,1
73700,73702,73703,1,2
73700,73702,73704,2,2
73700,73702,73704,2,2
73700,73702,73704,2,2
73700,73702,73704,2,2
73700,73703,73704,1,3
73700,73703,73704,1,3
73700,73703,73704,1,3
73700,73703,73704,1,3
73700,73701,73703,2,1
73700,73702,73704,2,2
73700,73702,73704,2,2
73700,73704,73705,1,4
73700,73702,73704,2,2
73700,73704,73705,1,4
73700,73703,73705,2,3
73700,73703,73704,1,3
73700,73704,73705,1,4
73700,73703,73705,2,3
73700,73704,73705,1,4
73700,73703,73704,1,3
73700,73704,73705,1,4
73700,73704,73705,1,4
73700,73704,73705,1,4
73700,73704,73705,1,4
73700,73705,73706,1,5
73700,73704,73706,2,4
73700,73705,73706,1,5
73700,73705,73706,1,5
73700,73705,73706,1,5
73700,73705,73706,1,5
73700,73705,73706,1,5
73700,73705,73706,1,5
73700,73705,73707,2,5
73700,73705,73707,2,5
73700,73706,73707,1,6
73700,73706,73707,1,6
73700,73706,73707,1,6
73700,73706,73707,1,6
73700,73706,73707,1,6
73700,73706,73707,1,6
73700,73707,73708,1,7
73700,73707,73708,1,7
73700,73706,73708,2,6
73700,73708,73709,1,8
73700,73707,73708,1,7
73700,73707,73709,2,7
73700,73707,73709,2,7
73005,73011,73712,701,6
73724,73724,73725,1,0
73724,73724,73725,1,0
73724,73724,73725,1,0
73724,73724,73725,1,0
73724,73724,73725,1,0
73724,73724,73725,1,0
73724,73724,73725,1,0
73724,73724,73725,1,0
73724,73724,73725,1,0
73724,73724,73725,1,0
73724,73724,73725,1,0
73724,73724,73725,1,0
73724,73724,73725,1,0
73724,73724,73725,1,0
73724,73724,73725,1,0
73724,73724,73726,2,0
73724,73724,73725,1,0
73724,73725,73727,2,1
73724,73725,73727,2,1
73724,73725,73727,2,1
73724,73725,73727,2,1
73724,73725,73727,2,1
73724,73725,73727,2,1
73724,73725,73727,2,1
73724,73725,73726,1,1
73724,73725,73726,1,1
73724,73725,73727,2,1
73724,73725,73727,2,1
73724,73725,73727,2,1
73724,73725,73727,2,1
73724,73726,73728,2,2
73724,73726,73728,2,2
73724,73726,73728,2,2
73724,73727,73728,1,3
73724,73727,73728,1,3
73724,73727,73729,2,3
73724,73727,73728,1,3
73724,73727,73729,2,3
73724,73727,73729,2,3
73724,73727,73729,2,3
73724,73727,73729,2,3
73724,73727,73729,2,3
73724,73727,73728,1,3
73724,73727,73729,2,3
73724,73727,73729,2,3
73724,73727,73728,1,3
73724,73728,73729,1,4
73724,73729,73730,1,5
72980,72986,73729,743,6
73724,73728,73729,1,4
73724,73728,73730,2,4
73724,73729,73730,1,5
73724,73729,73730,1,5
73724,73729,73730,1,5
73724,73729,73730,1,5
73724,73729,73730,1,5
73724,73729,73730,1,5
73724,73729,73730,1,5
73724,73728,73729,1,4
73724,73729,73730,1,5
73724,73729,73730,1,5
73724,73729,73730,1,5
73724,73730,73731,1,6
73724,73730,73731,1,6
73724,73730,73731,1,6
73724,73729,73731,2,5
73724,73730,73731,1,6
73724,73730,73731,1,6
73724,73730,73731,1,6
73724,73729,73730,1,5
73724,73730,73731,1,6
73724,73731,73732,1,7
73724,73730,73731,1,6
73724,73730,73732,2,6
73724,73730,73732,2,6
73724,73732,73733,1,8
73731,73733,73734,1,2
73731,73733,73734,1,2
73731,73733,73734,1,2
73731,73733,73734,1,2
73731,73734,73735,1,3
73731,73734,73735,1,3
73731,73734,73736,2,3
73731,73734,73735,1,3
73731,73734,73735,1,3
73731,73734,73735,1,3
73731,73734,73736,2,3
73731,73734,73736,2,3
73731,73734,73735,1,3
73731,73734,73736,2,3
73731,73735,73737,2,4
73731,73735,73736,1,4
73731,73735,73736,1,4
73731,73735,73736,1,4
73731,73735,73736,1,4
73731,73734,73736,2,3
73731,73735,73737,2,4
73731,73735,73736,1,4
73731,73736,73737,1,5
73724,73734,73737,3,10
73731,73736,73737,1,5
73731,73736,73737,1,5
73731,73737,73738,1,6
73731,73737,73738,1,6
73731,73737,73738,1,6
73731,73737,73738,1,6
73731,73736,73737,1,5
73731,73737,73738,1,6
73731,73736,73737,1,5
73731,73737,73738,1,6
73731,73736,73737,1,5
73731,73736,73737,1,5
73731,73736,73737,1,5
73731,73737,73738,1,6
73731,73737,73738,1,6
73731,73737,73738,1,6
73731,73737,73738,1,6
73731,73738,73739,1,7
73731,73738,73739,1,7
73731,73738,73739,1,7
73731,73737,73739,2,6
73731,73738,73739,1,7
73731,73738,73739,1,7
73731,73738,73739,1,7
73731,73738,73739,1,7
73731,73738,73739,1,7
73731,73738,73739,1,7
73731,73738,73739,1,7
73731,73738,73739,1,7
73731,73739,73740,1,8
73731,73739,73740,1,8
73731,73738,73739,1,7
73731,73739,73740,1,8
73731,73738,73739,1,7
73731,73739,73740,1,8
73731,73739,73740,1,8
73731,73738,73739,1,7
73731,73738,73739,1,7
73731,73739,73740,1,8
73731,73740,73741,1,9
73731,73739,73741,2,8
73731,73739,73740,1,8
73731,73740,73741,1,9
73731,73740,73741,1,9
73731,73740,73741,1,9
73731,73740,73741,1,9
73731,73740,73741,1,9
73731,73739,73740,1,8
73731,73740,73741,1,9
73731,73740,73741,1,9
73731,73740,73741,1,9
73731,73740,73741,1,9
73731,73740,73741,1,9
73731,73741,73742,1,10
73731,73741,73742,1,10
73731,73741,73742,1,10
73731,73741,73742,1,10
73731,73741,73742,1,10
73731,73741,73742,1,10
73731,73740,73741,1,9
73731,73741,73742,1,10
73731,73740,73741,1,9
73731,73741,73742,1,10
73731,73741,73742,1,10
73052,73060,73751,691,8
73007,73019,73753,734,12
73757,73757,73758,1,0
73757,73757,73758,1,0
73757,73757,73758,1,0
73757,73757,73758,1,0
73757,73757,73758,1,0
73757,73757,73758,1,0
73757,73758,73759,1,1
73757,73758,73759,1,1
73757,73758,73759,1,1
73757,73758,73759,1,1
73757,73758,73759,1,1
73757,73758,73760,2,1
73757,73758,73759,1,1
73757,73758,73759,1,1
73757,73758,73759,1,1
73757,73758,73759,1,1
73757,73758,73759,1,1
73757,73758,73759,1,1
73757,73758,73759,1,1
73757,73759,73760,1,2
73757,73759,73760,1,2
73757,73759,73760,1,2
73757,73759,73760,1,2
73757,73759,73761,2,2
73757,73760,73761,1,3
73757,73760,73761,1,3
73757,73760,73761,1,3
73757,73760,73761,1,3
73757,73760,73761,1,3
73757,73760,73761,1,3
73757,73760,73761,1,3
73757,73760,73761,1,3
73757,73760,73761,1,3
73757,73760,73761,1,3
73757,73760,73761,1,3
73757,73760,73761,1,3
73757,73760,73761,1,3
73757,73761,73762,1,4
73757,73762,73763,1,5
73757,73762,73763,1,5
73757,73762,73763,1,5
73757,73762,73763,1,5
73757,73761,73762,1,4
73757,73761,73762,1,4
73757,73761,73762,1,4
73757,73762,73763,1,5
73757,73762,73763,1,5
73757,73762,73763,1,5
73757,73762,73763,1,5
73757,73762,73763,1,5
73757,73763,73764,1,6
73757,73763,73764,1,6
73757,73763,73764,1,6
73757,73763,73764,1,6
73757,73763,73764,1,6
73757,73763,73764,1,6
73757,73762,73763,1,5
73757,73762,73763,1,5
73757,73763,73764,1,6
73757,73762,73763,1,5
73757,73762,73763,1,5
73757,73763,73764,1,6
73757,73762,73763,1,5
73757,73763,73764,1,6
73757,73763,73764,1,6
73757,73764,73765,1,7
73757,73763,73764,1,6
73757,73763,73764,1,6
73757,73764,73765,1,7
73757,73764,73765,1,7
73757,73764,73765,1,7
73757,73764,73765,1,7
73757,73764,73765,1,7
73757,73764,73765,1,7
73757,73764,73765,1,7
73757,73764,73765,1,7
73757,73764,73765,1,7
73757,73764,73765,1,7
73757,73764,73765,1,7
73757,73764,73765,1,7
73757,73764,73765,1,7
73757,73765,73766,1,8
73757,73765,73766,1,8
73757,73765,73766,1,8
73776,73776,73777,1,0
73776,73776,73777,1,0
73776,73776,73777,1,0
73776,73776,73777,1,0
73776,73776,73777,1,0
73776,73776,73777,1,0
73776,73776,73777,1,0
73776,73776,73777,1,0
73776,73776,73777,1,0
73776,73776,73777,1,0
73776,73776,73777,1,0
73776,73776,73777,1,0
73776,73776,73777,1,0
73776,73776,73777,1,0
73776,73777,73778,1,1
73776,73777,73778,1,1
73776,73777,73779,2,1
73776,73777,73779,2,1
73776,73777,73779,2,1
73776,73777,73779,2,1
73776,73777,73779,2,1
73776,73777,73779,2,1
73776,73777,73779,2,1
73776,73777,73779,2,1
73776,73777,73779,2,1
73776,73777,73779,2,1
73776,73778,73779,1,2
73776,73778,73780,2,2
73776,73777,73780,3,1
73776,73777,73780,3,1
73776,73779,73780,1,3
73776,73779,73780,1,3
73776,73779,73780,1,3
73776,73779,73781,2,3
73776,73780,73781,1,4
73776,73780,73781,1,4
73776,73780,73781,1,4
73776,73780,73781,1,4
73776,73780,73781,1,4
73776,73780,73781,1,4
73776,73780,73781,1,4
73776,73780,73781,1,4
73776,73780,73781,1,4
73776,73780,73781,1,4
73776,73781,73782,1,5
73776,73781,73782,1,5
73776,73780,73782,2,4
73776,73780,73781,1,4
73776,73781,73782,1,5
73776,73781,73782,1,5
73776,73782,73783,1,6
73776,73782,73783,1,6
73776,73781,73782,1,5
73776,73783,73784,1,7
73776,73782,73783,1,6
73776,73782,73783,1,6
73776,73782,73783,1,6
73776,73782,73783,1,6
73776,73782,73783,1,6
73776,73782,73783,1,6
73776,73782,73783,1,6
73776,73782,73783,1,6
73776,73783,73784,1,7
73776,73783,73784,1,7
73776,73783,73784,1,7
73776,73782,73784,2,6
73776,73783,73784,1,7
73776,73783,73784,1,7
73776,73784,73785,1,8
73776,73784,73785,1,8
73776,73784,73785,1,8
73776,73783,73784,1,7
73776,73784,73785,1,8
73776,73785,73786,1,9
73776,73785,73786,1,9
73776,73785,73786,1,9
73281,73287,73786,499,6
73082,73090,73792,702,8
73797,73797,73798,1,0
73797,73797,73798,1,0
73797,73797,73798,1,0
73797,73797,73798,1,0
73797,73797,73798,1,0
73797,73797,73798,1,0
73797,73797,73798,1,0
73797,73797,73798,1,0
73797,73798,73800,2,1
73797,73798,73799,1,1
73797,73798,73799,1,1
73797,73798,73799,1,1
73797,73798,73800,2,1
73797,73798,73800,2,1
73797,73798,73800,2,1
73797,73798,73800,2,1
73797,73798,73800,2,1
73797,73798,73799,1,1
73797,73798,73799,1,1
73797,73798,73799,1,1
73797,73799,73801,2,2
73797,73798,73800,2,1
73797,73798,73800,2,1
73797,73800,73801,1,3
73797,73799,73801,2,2
73797,73799,73800,1,2
73797,73799,73801,2,2
73797,73800,73801,1,3
73797,73800,73801,1,3
73797,73800,73801,1,3
73797,73800,73801,1,3
73797,73800,73801,1,3
73797,73800,73801,1,3
73797,73800,73801,1,3
73797,73800,73801,1,3
73797,73800,73801,1,3
73797,73801,73802,1,4
73797,73800,73801,1,3
73797,73801,73802,1,4
73797,73801,73802,1,4
73797,73800,73801,1,3
73797,73801,73802,1,4
73797,73801,73802,1,4
73797,73802,73803,1,5
73797,73802,73803,1,5
73797,73802,73803,1,5
73797,73802,73803,1,5
73797,73801,73803,2,4
73797,73801,73802,1,4
73797,73802,73803,1,5
73797,73802,73803,1,5
73797,73802,73803,1,5
73797,73802,73803,1,5
73797,73802,73803,1,5
73797,73802,73803,1,5
73797,73802,73803,1,5
73797,73802,73803,1,5
73797,73802,73803,1,5
73797,73802,73803,1,5
73797,73803,73804,1,6
73797,73803,73804,1,6
73797,73803,73804,1,6
73797,73803,73804,1,6
73797,73802,73803,1,5
73797,73803,73804,1,6
73797,73803,73804,1,6
73797,73803,73804,1,6
73797,73803,73804,1,6
73797,73803,73804,1,6
73797,73803,73804,1,6
73797,73803,73804,1,6
73797,73803,73804,1,6
73797,73804,73805,1,7
73797,73804,73805,1,7
73797,73804,73805,1,7
73797,73804,73805,1,7
73797,73804,73805,1,7
73797,73804,73805,1,7
73797,73804,73805,1,7
73797,73804,73805,1,7
73797,73804,73805,1,7
73797,73804,73805,1,7
73797,73804,73805,1,7
73797,73804,73805,1,7
73797,73804,73805,1,7
73797,73805,73806,1,8
73797,73805,73806,1,8
73797,73805,73806,1,8
73797,73805,73806,1,8
73797,73805,73806,1,8
73797,73805,73806,1,8
73797,73805,73806,1,8
73797,73805,73806,1,8
73797,73805,73806,1,8
73797,73806,73807,1,9
73797,73806,73807,1,9
73797,73806,73808,2,9
73797,73806,73807,1,9
73797,73806,73807,1,9
73797,73806,73808,2,9
73797,73806,73808,2,9
73797,73806,73808,2,9
73797,73806,73807,1,9
73797,73806,73808,2,9
73797,73806,73808,2,9
73797,73806,73808,2,9
73797,73807,73808,1,10
73797,73807,73808,1,10
73797,73807,73808,1,10
73797,73807,73808,1,10
73797,73807,73808,1,10
73797,73807,73808,1,10
73797,73808,73809,1,11
73797,73808,73809,1,11
73797,73808,73809,1,11
73797,73808,73809,1,11
73797,73808,73809,1,11
73797,73809,73810,1,12
73797,73808,73809,1,11
73797,73808,73809,1,11
73091,73098,73809,711,7
73797,73808,73810,2,11
73797,73808,73809,1,11
73797,73809,73810,1,12
73797,73809,73810,1,12
73797,73809,73810,1,12
73797,73809,73810,1,12
73797,73809,73810,1,12
73797,73809,73810,1,12
73797,73809,73810,1,12
73797,73809,73810,1,12
73797,73809,73810,1,12
73797,73810,73811,1,13
73797,73809,73810,1,12
73797,73810,73811,1,13
73797,73810,73811,1,13
73797,73810,73811,1,13
73797,73810,73811,1,13
73797,73810,73811,1,13
73797,73810,73811,1,13
73797,73810,73811,1,13
73797,73811,73812,1,14
73797,73811,73812,1,14
73797,73811,73812,1,14
73797,73811,73812,1,14
73797,73811,73812,1,14
73797,73811,73812,1,14
73797,73811,73812,1,14
73797,73811,73812,1,14
73797,73811,73812,1,14
73797,73811,73812,1,14
73797,73811,73812,1,14
73797,73811,73812,1,14
73797,73810,73812,2,13
73797,73812,73813,1,15
73797,73812,73813,1,15
73797,73812,73813,1,15
73797,73812,73813,1,15
73797,73812,73813,1,15
73797,73812,73813,1,15
73797,73812,73813,1,15
73797,73812,73813,1,15
73797,73812,73813,1,15
73114,73120,73820,700,6
73831,73831,73832,1,0
73831,73831,73832,1,0
73831,73831,73832,1,0
73831,73831,73832,1,0
73831,73831,73832,1,0
73831,73831,73832,1,0
73831,73831,73832,1,0
73831,73832,73833,1,1
73831,73831,73833,2,0
73831,73831,73833,2,0
73831,73832,73833,1,1
73831,73832,73833,1,1
73831,73832,73833,1,1
73831,73832,73833,1,1
73831,73832,73833,1,1
73831,73832,73833,1,1
73831,73831,73832,1,0
73831,73832,73833,1,1
73831,73832,73833,1,1
73831,73832,73833,1,1
73831,73832,73833,1,1
73831,73832,73833,1,1
73831,73833,73834,1,2
73831,73832,73833,1,1
73831,73832,73833,1,1
73831,73833,73834,1,2
73831,73833,73834,1,2
73831,73832,73833,1,1
73831,73833,73834,1,2
73831,73833,73834,1,2
73831,73833,73834,1,2
73831,73833,73834,1,2
73831,73834,73835,1,3
73831,73834,73835,1,3
73831,73834,73835,1,3
73831,73834,73835,1,3
73831,73834,73835,1,3
73831,73833,73834,1,2
73831,73833,73834,1,2
73831,73833,73834,1,2
73831,73833,73834,1,2
73831,73834,73835,1,3
73831,73833,73834,1,2
73831,73833,73834,1,2
73831,73834,73835,1,3
73831,73834,73835,1,3
73831,73834,73835,1,3
73831,73834,73835,1,3
73831,73835,73836,1,4
73831,73835,73836,1,4
73831,73835,73836,1,4
73831,73835,73836,1,4
73831,73834,73835,1,3
73831,73835,73836,1,4
73831,73835,73836,1,4
73831,73835,73836,1,4
73831,73835,73836,1,4
73831,73835,73836,1,4
73831,73835,73836,1,4
73831,73835,73836,1,4
73831,73835,73836,1,4
73831,73834,73836,2,3
73831,73835,73836,1,4
73831,73835,73836,1,4
73831,73835,73836,1,4
73831,73835,73836,1,4
73831,73836,73837,1,5
73831,73836,73837,1,5
73831,73836,73837,1,5
73831,73836,73837,1,5
73831,73835,73836,1,4
73831,73836,73837,1,5
73831,73836,73837,1,5
73831,73836,73837,1,5
73831,73836,73837,1,5
73831,73836,73837,1,5
73831,73836,73837,1,5
73831,73836,73837,1,5
73831,73836,73837,1,5
73831,73836,73837,1,5
73831,73836,73837,1,5
73831,73836,73837,1,5
73831,73837,73838,1,6
73831,73837,73838,1,6
73831,73837,73838,1,6
73831,73837,73838,1,6
73831,73837,73838,1,6
73831,73837,73838,1,6
73831,73837,73838,1,6
73842,73842,73843,1,0
73842,73842,73843,1,0
73842,73842,73843,1,0
73842,73842,73843,1,0
73842,73842,73843,1,0
73842,73842,73843,1,0
73842,73842,73843,1,0
73842,73842,73843,1,0
73842,73842,73843,1,0
73842,73842,73843,1,0
73842,73842,73843,1,0
73842,73842,73843,1,0
73842,73842,73843,1,0
73842,73842,73843,1,0
73842,73842,73843,1,0
73842,73842,73843,1,0
73842,73842,73844,2,0
73842,73842,73843,1,0
73842,73843,73844,1,1
73842,73843,73844,1,1
73842,73843,73844,1,1
73842,73843,73845,2,1
73842,73843,73845,2,1
73842,73843,73844,1,1
73842,73843,73844,1,1
73842,73843,73845,2,1
73842,73843,73845,2,1
73842,73843,73844,1,1
73842,73843,73845,2,1
73842,73843,73844,1,1
73842,73843,73844,1,1
73842,73844,73845,1,2
73842,73843,73844,1,1
73842,73845,73846,1,3
73842,73845,73846,1,3
73842,73845,73846,1,3
73842,73845,73846,1,3
73842,73845,73846,1,3
73842,73844,73845,1,2
73842,73845,73846,1,3
73842,73846,73847,1,4
73842,73845,73846,1,3
73842,73845,73846,1,3
73842,73846,73847,1,4
73842,73845,73847,2,3
73842,73845,73847,2,3
73842,73845,73846,1,3
73842,73846,73847,1,4
73842,73846,73847,1,4
73842,73847,73848,1,5
73842,73846,73847,1,4
73842,73847,73848,1,5
73842,73846,73847,1,4
73842,73847,73848,1,5
73842,73847,73848,1,5
73842,73847,73848,1,5
73842,73848,73849,1,6
73842,73848,73849,1,6
73842,73848,73849,1,6
73842,73848,73849,1,6
73842,73847,73849,2,5
73842,73848,73849,1,6
73842,73849,73850,1,7
73842,73843,73849,6,1
73842,73849,73850,1,7
73842,73849,73851,2,7
73842,73850,73852,2,8
73371,73379,73868,489,8
73881,73881,73882,1,0
73881,73881,73882,1,0
73881,73881,73882,1,0
73881,73881,73882,1,0
73881,73881,73882,1,0
73881,73881,73882,1,0
73881,73881,73882,1,0
73881,73881,73882,1,0
73881,73881,73882,1,0
73881,73881,73882,1,0
73881,73881,73882,1,0
73881,73881,73882,1,0
73881,73881,73882,1,0
73881,73881,73882,1,0
73881,73882,73883,1,1
73881,73882,73883,1,1
73881,73882,73883,1,1
73881,73882,73883,1,1
73881,73881,73882,1,0
73881,73882,73883,1,1
73881,73882,73883,1,1
73881,73882,73883,1,1
73881,73882,73883,1,1
73881,73882,73883,1,1
73881,73882,73883,1,1
73881,73882,73883,1,1
73881,73882,73884,2,1
73881,73882,73883,1,1
73881,73883,73884,1,2
73881,73882,73883,1,1
73881,73883,73884,1,2
73881,73883,73884,1,2
73881,73883,73884,1,2
73881,73883,73884,1,2
73881,73883,73884,1,2
73881,73883,73884,1,2
73881,73884,73885,1,3
73881,73883,73884,1,2
73881,73883,73884,1,2
73881,73884,73885,1,3
73881,73884,73885,1,3
73881,73883,73884,1,2
73881,73883,73884,1,2
73881,73883,73884,1,2
73881,73883,73884,1,2
73881,73885,73886,1,4
73881,73884,73885,1,3
73881,73885,73886,1,4
73881,73885,73886,1,4
73881,73884,73885,1,3
73881,73885,73886,1,4
73881,73885,73886,1,4
73881,73884,73885,1,3
73881,73885,73886,1,4
73881,73885,73886,1,4
73881,73884,73885,1,3
73881,73885,73886,1,4
73881,73885,73886,1,4
73881,73885,73886,1,4
73881,73886,73887,1,5
73881,73886,73887,1,5
73881,73886,73887,1,5
73881,73886,73887,1,5
73881,73886,73887,1,5
73881,73886,73887,1,5
73881,73886,73887,1,5
73881,73886,73887,1,5
73881,73886,73887,1,5
73881,73887,73888,1,6
73881,73887,73888,1,6
73881,73887,73888,1,6
73881,73886,73888,2,5
73881,73887,73888,1,6
73881,73887,73888,1,6
73881,73887,73888,1,6
73881,73887,73888,1,6
73881,73887,73888,1,6
73881,73887,73888,1,6
73881,73887,73888,1,6
73881,73887,73888,1,6
73881,73888,73889,1,7
73881,73888,73889,1,7
73881,73888,73889,1,7
73881,73888,73889,1,7
73881,73888,73889,1,7
73401,73407,73923,516,6
73924,73924,73925,1,0
73924,73924,73925,1,0
73924,73924,73925,1,0
73924,73924,73925,1,0
73924,73924,73925,1,0
73924,73924,73925,1,0
73924,73924,73925,1,0
73924,73924,73925,1,0
73924,73924,73925,1,0
73924,73924,73925,1,0
73924,73924,73925,1,0
73924,73924,73925,1,0
73924,73924,73925,1,0
73924,73924,73925,1,0
73924,73925,73926,1,1
73924,73924,73926,2,0
73924,73924,73926,2,0
73924,73924,73926,2,0
73924,73925,73927,2,1
73924,73925,73927,2,1
73924,73925,73927,2,1
73924,73926,73927,1,2
73924,73925,73927,2,1
73924,73926,73927,1,2
73924,73926,73927,1,2
73924,73926,73927,1,2
73924,73926,73927,1,2
73924,73926,73927,1,2
73924,73926,73927,1,2
73924,73926,73928,2,2
73924,73926,73928,2,2
73924,73925,73928,3,1
73924,73927,73928,1,3
73924,73928,73929,1,4
73924,73928,73929,1,4
73924,73927,73928,1,3
73924,73928,73929,1,4
73924,73928,73929,1,4
73924,73927,73928,1,3
73924,73927,73928,1,3
73924,73928,73929,1,4
73924,73928,73929,1,4
73924,73928,73929,1,4
73924,73929,73930,1,5
73924,73929,73930,1,5
73924,73929,73930,1,5
73924,73929,73930,1,5
73924,73929,73930,1,5
73924,73929,73930,1,5
73924,73929,73930,1,5
73924,73928,73930,2,4
73924,73929,73930,1,5
73924,73929,73930,1,5
73924,73930,73931,1,6
73924,73930,73931,1,6
73924,73930,73931,1,6
73924,73930,73931,1,6
73924,73930,73931,1,6
73924,73930,73931,1,6
73924,73930,73931,1,6
73924,73930,73931,1,6
73924,73930,73931,1,6
73924,73931,73932,1,7
73924,73931,73932,1,7
73924,73931,73932,1,7
73924,73931,73932,1,7
73924,73931,73932,1,7
73924,73931,73932,1,7
73924,73931,73932,1,7
73924,73930,73931,1,6
73924,73931,73932,1,7
73924,73931,73932,1,7
73924,73931,73932,1,7
73924,73931,73932,1,7
73924,73932,73933,1,8
73924,73932,73933,1,8
73924,73932,73933,1,8
73924,73932,73933,1,8
73924,73932,73933,1,8
73448,73456,73957,501,8
73957,73957,73958,1,0
73957,73957,73958,1,0
73957,73957,73958,1,0
73957,73957,73958,1,0
73957,73957,73958,1,0
73957,73957,73958,1,0
73957,73957,73958,1,0
73957,73957,73958,1,0
73957,73957,73958,1,0
73957,73957,73958,1,0
73957,73957,73959,2,0
73957,73958,73959,1,1
73957,73957,73959,2,0
73957,73957,73959,2,0
73957,73958,73959,1,1
73957,73958,73959,1,1
73957,73958,73960,2,1
73957,73959,73960,1,2
73957,73959,73960,1,2
73957,73959,73960,1,2
73957,73959,73960,1,2
73957,73959,73961,2,2
73957,73959,73961,2,2
73957,73959,73960,1,2
73957,73959,73961,2,2
73957,73959,73961,2,2
73957,73959,73961,2,2
73957,73959,73961,2,2
73957,73960,73961,1,3
73957,73960,73962,2,3
73957,73960,73962,2,3
73957,73960,73962,2,3
73957,73960,73962,2,3
73957,73961,73962,1,4
73957,73961,73962,1,4
73957,73961,73962,1,4
73957,73961,73962,1,4
73957,73961,73962,1,4
73957,73961,73962,1,4
73957,73961,73962,1,4
73957,73961,73962,1,4
73957,73963,73964,1,6
73957,73962,73963,1,5
73957,73962,73963,1,5
73957,73963,73964,1,6
73957,73962,73963,1,5
73957,73962,73963,1,5
73957,73962,73963,1,5
73957,73963,73964,1,6
73957,73963,73964,1,6
73957,73963,73964,1,6
73957,73963,73964,1,6
73957,73963,73964,1,6
73957,73963,73964,1,6
73957,73964,73965,1,7
73957,73964,73965,1,7
73957,73964,73965,1,7
73957,73964,73965,1,7
73957,73964,73965,1,7
73957,73964,73965,1,7
73957,73964,73965,1,7
73957,73964,73965,1,7
73957,73965,73966,1,8
73957,73965,73966,1,8
73957,73965,73966,1,8
73957,73965,73966,1,8
73957,73965,73966,1,8
73957,73965,73966,1,8
73957,73965,73966,1,8
73957,73965,73966,1,8
73957,73965,73966,1,8
73957,73965,73966,1,8
73957,73966,73967,1,9
73957,73966,73967,1,9
73957,73965,73966,1,8
73957,73966,73967,1,9
73957,73966,73967,1,9
73957,73966,73967,1,9
73957,73966,73967,1,9
73957,73966,73967,1,9
73957,73965,73969,4,8
73536,73544,74025,481,8
74026,74026,74027,1,0
74026,74026,74027,1,0
74026,74026,74027,1,0
74026,74026,74027,1,0
74026,74026,74027,1,0
74026,74026,74027,1,0
74026,74026,74027,1,0
74026,74026,74027,1,0
74026,74026,74027,1,0
74026,74026,74027,1,0
74026,74026,74028,2,0
74026,74027,74028,1,1
74026,74027,74028,1,1
74026,74027,74028,1,1
74026,74027,74029,2,1
74026,74027,74029,2,1
74026,74027,74029,2,1
74026,74028,74029,1,2
74026,74028,74029,1,2
74026,74028,74030,2,2
74026,74028,74029,1,2
74026,74028,74029,1,2
74026,74028,74030,2,2
74026,74028,74030,2,2
74026,74028,74030,2,2
74026,74028,74030,2,2
74026,74029,74031,2,3
74026,74029,74031,2,3
74026,74029,74031,2,3
74026,74029,74032,3,3
74026,74029,74031,2,3
74026,74030,74031,1,4
74026,74030,74031,1,4
74026,74030,74031,1,4
74026,74030,74031,1,4
74026,74030,74031,1,4
74026,74030,74031,1,4
74026,74030,74032,2,4
74026,74030,74032,2,4
74026,74031,74033,2,5
74026,74031,74032,1,5
74026,74032,74033,1,6
74026,74031,74032,1,5
74026,74031,74032,1,5
74026,74032,74033,1,6
74026,74032,74033,1,6
74026,74032,74033,1,6
74026,74032,74034,2,6
74026,74032,74033,1,6
74026,74033,74034,1,7
74026,74033,74034,1,7
74026,74034,74035,1,8
74026,74032,74034,2,6
74026,74033,74034,1,7
74026,74033,74034,1,7
74026,74033,74034,1,7
74026,74033,74034,1,7
74026,74034,74035,1,8
74026,74034,74035,1,8
74026,74034,74035,1,8
74026,74034,74035,1,8
74026,74035,74036,1,9
74026,74035,74036,1,9
74026,74035,74036,1,9
74026,74035,74036,1,9
74026,74034,74035,1,8
74026,74034,74035,1,8
74026,74035,74036,1,9
74026,74035,74036,1,9
74026,74035,74036,1,9
74026,74035,74036,1,9
74026,74035,74036,1,9
74026,74035,74036,1,9
74026,74036,74037,1,10
74026,74036,74037,1,10
74026,74036,74037,1,10
74026,74036,74037,1,10
74026,74036,74037,1,10
73330,73337,74048,711,7
74053,74053,74054,1,0
74053,74053,74054,1,0
74053,74053,74054,1,0
74053,74053,74054,1,0
74053,74053,74054,1,0
74053,74053,74054,1,0
74053,74053,74054,1,0
74053,74053,74054,1,0
74053,74053,74054,1,0
74053,74053,74054,1,0
74053,74053,74054,1,0
74053,74053,74055,2,0
74053,74053,74054,1,0
74053,74054,74055,1,1
74053,74054,74055,1,1
74053,74054,74055,1,1
74053,74054,74055,1,1
74053,74054,74055,1,1
74053,74053,74054,1,0
74053,74054,74055,1,1
74053,74054,74055,1,1
74053,74054,74055,1,1
74053,74054,74055,1,1
74053,74054,74055,1,1
74053,74054,74055,1,1
74053,74054,74055,1,1
74053,74054,74055,1,1
74053,74055,74056,1,2
74053,74055,74056,1,2
74053,74055,74056,1,2
74053,74055,74056,1,2
74053,74055,74056,1,2
74053,74055,74056,1,2
74053,74054,74055,1,1
74053,74055,74056,1,2
74053,74055,74056,1,2
74053,74055,74056,1,2
74053,74055,74056,1,2
74053,74055,74056,1,2
74053,74055,74056,1,2
74053,74055,74057,2,2
74053,74056,74057,1,3
74053,74056,74057,1,3
74053,74056,74057,1,3
74053,74056,74057,1,3
74053,74056,74057,1,3
74053,74056,74057,1,3
74053,74055,74056,1,2
74053,74055,74057,2,2
74053,74055,74056,1,2
74053,74056,74057,1,3
74053,74056,74057,1,3
74053,74056,74057,1,3
74053,74057,74058,1,4
74053,74057,74058,1,4
74053,74057,74058,1,4
74053,74057,74058,1,4
74053,74057,74058,1,4
74053,74057,74058,1,4
74053,74056,74057,1,3
74053,74057,74058,1,4
74053,74057,74058,1,4
74053,74057,74058,1,4
74053,74057,74058,1,4
74053,74057,74058,1,4
74053,74057,74058,1,4
74053,74057,74058,1,4
74053,74057,74058,1,4
74053,74058,74059,1,5
74053,74057,74058,1,4
74053,74058,74059,1,5
74053,74058,74059,1,5
74053,74058,74059,1,5
74053,74058,74059,1,5
74053,74058,74059,1,5
74053,74058,74059,1,5
74053,74058,74059,1,5
74053,74058,74059,1,5
74053,74058,74059,1,5
74053,74059,74060,1,6
74053,74059,74060,1,6
74053,74059,74060,1,6
74053,74059,74060,1,6
74053,74060,74061,1,7
73403,73415,74144,729,12
74146,74146,74147,1,0
74146,74146,74147,1,0
74146,74146,74147,1,0
74146,74146,74147,1,0
74146,74146,74147,1,0
74146,74146,74147,1,0
74146,74146,74147,1,0
74146,74146,74147,1,0
74146,74146,74147,1,0
74146,74146,74147,1,0
74146,74146,74147,1,0
74146,74146,74148,2,0
74146,74146,74148,2,0
74146,74146,74147,1,0
74146,74146,74148,2,0
74146,74146,74147,1,0
74146,74147,74149,2,1
74146,74147,74149,2,1
74146,74147,74149,2,1
74146,74147,74149,2,1
74146,74147,74149,2,1
74146,74146,74149,3,0
74146,74147,74149,2,1
74146,74147,74149,2,1
74146,74147,74149,2,1
74146,74147,74149,2,1
74146,74147,74149,2,1
74146,74148,74150,2,2
74146,74148,74150,2,2
74146,74148,74150,2,2
74146,74148,74150,2,2
74146,74149,74151,2,3
74146,74148,74151,3,2
74146,74149,74151,2,3
74146,74149,74151,2,3
74146,74149,74151,2,3
74146,74149,74151,2,3
74146,74149,74151,2,3
74146,74149,74151,2,3
74146,74149,74151,2,3
74146,74149,74151,2,3
74146,74149,74151,2,3
74146,74149,74151,2,3
74146,74148,74151,3,2
74146,74151,74152,1,5
74146,74151,74152,1,5
74146,74151,74152,1,5
74146,74151,74152,1,5
74146,74150,74152,2,4
74146,74150,74152,2,4
74146,74150,74152,2,4
74146,74152,74153,1,6
74146,74151,74153,2,5
74146,74151,74152,1,5
74146,74152,74153,1,6
74146,74152,74153,1,6
74146,74153,74154,1,7
74146,74153,74154,1,7
74146,74153,74154,1,7
74146,74151,74154,3,5
74146,74153,74154,1,7
74146,74154,74155,1,8
74146,74154,74155,1,8
74146,74155,74156,1,9
74146,74155,74156,1,9
74146,74154,74155,1,8
73459,73468,74183,715,9
74184,74184,74185,1,0
74184,74184,74185,1,0
74184,74184,74185,1,0
74184,74184,74185,1,0
74184,74184,74185,1,0
74184,74184,74185,1,0
74184,74184,74185,1,0
74184,74184,74185,1,0
74184,74184,74185,1,0
74184,74184,74185,1,0
74184,74184,74185,1,0
74184,74184,74185,1,0
74184,74184,74185,1,0
74184,74184,74185,1,0
74184,74184,74186,2,0
74184,74184,74185,1,0
74184,74185,74187,2,1
74184,74185,74187,2,1
74184,74185,74187,2,1
74184,74185,74187,2,1
74184,74185,74187,2,1
74184,74184,74186,2,0
74184,74185,74187,2,1
74184,74185,74187,2,1
74184,74185,74187,2,1
74184,74186,74188,2,2
74184,74186,74188,2,2
74184,74186,74188,2,2
74184,74185,74187,2,1
74184,74185,74187,2,1
74184,74185,74187,2,1
74184,74185,74187,2,1
74184,74187,74189,2,3
74184,74187,74189,2,3
74184,74187,74189,2,3
74184,74187,74189,2,3
74184,74187,74189,2,3
74184,74186,74188,2,2
74184,74188,74189,1,4
74184,74187,74189,2,3
74184,74187,74189,2,3
74184,74187,74189,2,3
74184,74187,74189,2,3
74184,74188,74190,2,4
74184,74189,74190,1,5
74184,74188,74190,2,4
74184,74188,74190,2,4
74184,74189,74190,1,5
74184,74189,74190,1,5
74184,74188,74190,2,4
74184,74188,74189,1,4
74184,74189,74190,1,5
74184,74189,74190,1,5
74184,74189,74190,1,5
74184,74188,74190,2,4
74184,74189,74190,1,5
74184,74190,74191,1,6
74184,74190,74191,1,6
74184,74190,74191,1,6
74184,74189,74191,2,5
74184,74190,74191,1,6
74184,74190,74191,1,6
74184,74191,74192,1,7
74184,74190,74191,1,6
74184,74190,74191,1,6
74184,74190,74191,1,6
74184,74191,74192,1,7
73672,73679,74192,513,7
74184,74192,74193,1,8
74184,74192,74193,1,8
74184,74192,74193,1,8
74193,74194,74195,1,1
74193,74194,74195,1,1
74193,74194,74195,1,1
74193,74194,74195,1,1
74193,74194,74195,1,1
74193,74195,74196,1,2
74193,74195,74196,1,2
74193,74195,74196,1,2
74193,74195,74196,1,2
74193,74195,74196,1,2
74193,74195,74196,1,2
74193,74195,74196,1,2
74193,74195,74196,1,2
74193,74195,74196,1,2
74193,74195,74196,1,2
74193,74195,74196,1,2
74193,74195,74196,1,2
74193,74195,74196,1,2
74193,74195,74196,1,2
74193,74195,74196,1,2
74193,74196,74197,1,3
74193,74197,74198,1,4
74193,74197,74198,1,4
74193,74197,74198,1,4
74193,74197,74198,1,4
74193,74196,74198,2,3
74193,74197,74198,1,4
74193,74197,74198,1,4
74193,74197,74198,1,4
74193,74197,74198,1,4
74193,74197,74198,1,4
74193,74197,74198,1,4
74193,74197,74198,1,4
74193,74197,74198,1,4
74193,74197,74198,1,4
74193,74197,74198,1,4
74193,74197,74198,1,4
74193,74198,74199,1,5
74193,74198,74199,1,5
74193,74198,74199,1,5
74193,74199,74200,1,6
74193,74198,74199,1,5
74193,74199,74200,1,6
74193,74199,74200,1,6
74193,74199,74200,1,6
74193,74199,74200,1,6
74193,74199,74200,1,6
74193,74199,74200,1,6
74193,74199,74200,1,6
74193,74199,74200,1,6
74193,74200,74201,1,7
74193,74200,74201,1,7
74193,74200,74201,1,7
74193,74200,74201,1,7
74193,74200,74201,1,7
74193,74199,74200,1,6
74193,74200,74201,1,7
74193,74200,74201,1,7
74193,74200,74201,1,7
74193,74200,74201,1,7
74193,74200,74201,1,7
74193,74200,74201,1,7
74193,74201,74202,1,8
74193,74201,74202,1,8
74193,74201,74202,1,8
74193,74201,74202,1,8
74193,74201,74202,1,8
74193,74201,74202,1,8
74193,74201,74202,1,8
74193,74201,74202,1,8
74193,74201,74202,1,8
74193,74201,74202,1,8
74193,74201,74202,1,8
74193,74201,74202,1,8
74193,74201,74202,1,8
74193,74199,74201,2,6
74193,74201,74202,1,8
74193,74202,74203,1,9
74193,74202,74203,1,9
74193,74202,74203,1,9
74193,74202,74205,3,9
73725,73733,74227,494,8
74231,74231,74232,1,0
74231,74231,74232,1,0
74231,74231,74232,1,0
74231,74231,74232,1,0
74231,74231,74233,2,0
74231,74232,74233,1,1
74231,74232,74233,1,1
74231,74232,74233,1,1
74231,74232,74233,1,1
74231,74232,74233,1,1
74231,74232,74233,1,1
74231,74232,74233,1,1
74231,74232,74233,1,1
74231,74232,74233,1,1
74231,74232,74233,1,1
74231,74232,74233,1,1
74231,74232,74234,2,1
74231,74232,74234,2,1
74231,74232,74233,1,1
74231,74233,74234,1,2
74231,74233,74235,2,2
74231,74234,74235,1,3
74231,74234,74235,1,3
74231,74234,74235,1,3
74231,74234,74235,1,3
74231,74234,74235,1,3
74231,74234,74235,1,3
74231,74234,74235,1,3
74231,74234,74235,1,3
74231,74234,74235,1,3
73511,73518,74236,718,7
74231,74234,74236,2,3
74231,74234,74235,1,3
74231,74234,74235,1,3
74231,74234,74235,1,3
74231,74234,74235,1,3
74231,74236,74237,1,5
73733,73741,74236,495,8
74231,74236,74237,1,5
74231,74236,74237,1,5
74231,74236,74237,1,5
74231,74235,74236,1,4
74231,74236,74237,1,5
74231,74236,74237,1,5
74231,74236,74237,1,5
74231,74236,74237,1,5
74231,74236,74237,1,5
74231,74236,74237,1,5
74231,74236,74237,1,5
74231,74236,74237,1,5
74231,74236,74237,1,5
74231,74234,74237,3,3
74231,74236,74237,1,5
74231,74237,74238,1,6
74231,74237,74238,1,6
74231,74237,74238,1,6
74231,74237,74238,1,6
74231,74237,74238,1,6
74231,74237,74238,1,6
74231,74237,74238,1,6
74231,74237,74238,1,6
74231,74237,74238,1,6
74231,74237,74238,1,6
74231,74237,74238,1,6
74231,74237,74238,1,6
74231,74238,74239,1,7
74231,74238,74239,1,7
74231,74238,74239,1,7
74231,74238,74239,1,7
74231,74238,74239,1,7
74231,74238,74239,1,7
74231,74238,74239,1,7
74231,74238,74239,1,7
74231,74238,74239,1,7
74231,74238,74239,1,7
74231,74238,74239,1,7
74231,74238,74239,1,7
74231,74238,74239,1,7
74238,74239,74240,1,1
74238,74239,74240,1,1
74238,74239,74240,1,1
74238,74239,74240,1,1
74238,74239,74240,1,1
74238,74239,74240,1,1
74238,74239,74240,1,1
74238,74239,74240,1,1
74238,74239,74240,1,1
74238,74239,74240,1,1
74238,74239,74240,1,1
74238,74239,74240,1,1
74231,74238,74240,2,7
74238,74239,74241,2,1
74238,74239,74241,2,1
74238,74239,74240,1,1
74238,74240,74241,1,2
74238,74240,74242,2,2
74238,74240,74242,2,2
74238,74240,74242,2,2
74238,74240,74242,2,2
74238,74240,74242,2,2
74238,74240,74242,2,2
74238,74240,74242,2,2
74238,74240,74242,2,2
74238,74240,74242,2,2
74238,74240,74242,2,2
74238,74240,74242,2,2
74238,74240,74242,2,2
74238,74240,74242,2,2
74238,74241,74243,2,3
74238,74242,74243,1,4
74238,74242,74243,1,4
74238,74242,74243,1,4
74238,74242,74244,2,4
74238,74242,74244,2,4
74238,74242,74244,2,4
74238,74242,74244,2,4
74238,74242,74244,2,4
74238,74242,74244,2,4
74238,74243,74244,1,5
74238,74243,74244,1,5
74238,74243,74245,2,5
74238,74244,74245,1,6
74238,74243,74245,2,5
74238,74243,74245,2,5
74238,74242,74245,3,4
74238,74243,74244,1,5
74238,74244,74245,1,6
74238,74244,74245,1,6
74238,74244,74245,1,6
74238,74244,74245,1,6
74238,74244,74245,1,6
74238,74244,74245,1,6
74238,74244,74245,1,6
74238,74245,74246,1,7
74238,74245,74246,1,7
74238,74245,74246,1,7
74238,74245,74246,1,7
74238,74245,74246,1,7
74238,74245,74247,2,7
74238,74247,74248,1,9
74238,74247,74248,1,9
74238,74247,74248,1,9
74238,74247,74248,1,9
74238,74248,74249,1,10
74238,74248,74249,1,10
74238,74248,74249,1,10
74238,74248,74249,1,10
74238,74248,74249,1,10
74238,74248,74249,1,10
74238,74249,74250,1,11
74238,74248,74249,1,10
74238,74249,74250,1,11
74238,74249,74250,1,11
74238,74249,74250,1,11
74238,74248,74249,1,10
74238,74248,74249,1,10
74238,74249,74250,1,11
74238,74247,74250,3,9
74238,74250,74251,1,12
74238,74249,74250,1,11
74238,74250,74251,1,12
74238,74250,74251,1,12
74238,74249,74250,1,11
74238,74249,74251,2,11
74238,74249,74251,2,11
74238,74249,74251,2,11
74238,74250,74251,1,12
74238,74250,74251,1,12
74238,74250,74251,1,12
74238,74250,74251,1,12
74238,74250,74251,1,12
74238,74250,74251,1,12
74238,74251,74252,1,13
74238,74251,74252,1,13
74238,74251,74252,1,13
74238,74250,74252,2,12
74238,74250,74252,2,12
74238,74250,74251,1,12
74238,74251,74252,1,13
74238,74252,74253,1,14
74238,74252,74253,1,14
74238,74252,74253,1,14
74238,74252,74253,1,14
74238,74251,74252,1,13
74238,74251,74252,1,13
74238,74251,74252,1,13
74238,74252,74253,1,14
74238,74252,74253,1,14
74238,74251,74253,2,13
74238,74252,74253,1,14
74238,74252,74253,1,14
74238,74252,74253,1,14
74238,74252,74253,1,14
74238,74253,74254,1,15
74238,74252,74254,2,14
74238,74253,74254,1,15
74238,74253,74254,1,15
74238,74253,74254,1,15
74238,74253,74254,1,15
74238,74253,74254,1,15
74238,74253,74254,1,15
74238,74253,74254,1,15
74238,74254,74255,1,16
74238,74254,74255,1,16
74238,74254,74255,1,16
74238,74254,74255,1,16
74238,74254,74255,1,16
74238,74254,74255,1,16
74238,74254,74255,1,16
74238,74254,74255,1,16
74238,74254,74255,1,16
74238,74254,74255,1,16
74238,74254,74255,1,16
74238,74254,74255,1,16
74238,74254,74255,1,16
74238,74254,74255,1,16
74238,74254,74256,2,16
74238,74255,74256,1,17
74238,74255,74256,1,17
74238,74255,74256,1,17
74238,74255,74256,1,17
74238,74255,74256,1,17
74238,74255,74256,1,17
74238,74255,74256,1,17
74238,74255,74256,1,17
74238,74255,74256,1,17
74238,74255,74256,1,17
74238,74255,74256,1,17
74238,74256,74257,1,18
74238,74256,74257,1,18
74238,74255,74256,1,17
73758,73765,74257,492,7
74238,74256,74258,2,18
74259,74259,74260,1,0
74259,74259,74260,1,0
74259,74259,74260,1,0
74238,74251,74253,2,13
74259,74259,74260,1,0
74259,74260,74261,1,1
74259,74260,74261,1,1
74259,74260,74261,1,1
74259,74261,74262,1,2
74259,74261,74262,1,2
74259,74260,74261,1,1
74259,74260,74261,1,1
74259,74260,74261,1,1
74259,74260,74261,1,1
74259,74260,74261,1,1
74259,74260,74261,1,1
74259,74260,74261,1,1
74259,74261,74262,1,2
74238,74260,74262,2,22
74259,74261,74262,1,2
74259,74261,74262,1,2
74259,74261,74262,1,2
74259,74262,74263,1,3
74259,74262,74263,1,3
74259,74262,74263,1,3
74259,74262,74263,1,3
74259,74262,74263,1,3
74259,74262,74263,1,3
74259,74262,74263,1,3
74259,74262,74263,1,3
74259,74261,74263,2,2
74259,74262,74263,1,3
74259,74263,74264,1,4
74259,74262,74264,2,3
74259,74263,74264,1,4
74259,74263,74264,1,4
74259,74263,74264,1,4
74259,74263,74264,1,4
74259,74263,74264,1,4
74259,74263,74264,1,4
74259,74262,74263,1,3
74259,74262,74263,1,3
74259,74263,74264,1,4
74259,74263,74264,1,4
74259,74263,74264,1,4
74259,74264,74265,1,5
74259,74264,74265,1,5
74259,74264,74265,1,5
74259,74264,74265,1,5
74259,74264,74265,1,5
74259,74264,74265,1,5
74259,74260,74264,4,1
74259,74264,74265,1,5
74259,74264,74265,1,5
74259,74264,74265,1,5
74259,74264,74265,1,5
74259,74264,74265,1,5
74259,74264,74265,1,5
74259,74265,74266,1,6
74259,74265,74266,1,6
74259,74265,74266,1,6
74259,74265,74266,1,6
74259,74265,74266,1,6
74259,74265,74266,1,6
74259,74265,74266,1,6
74259,74265,74266,1,6
74259,74265,74266,1,6
74259,74264,74266,2,5
74259,74266,74267,1,7
74259,74266,74267,1,7
74259,74266,74267,1,7
74259,74266,74267,1,7
74259,74266,74267,1,7
74259,74266,74267,1,7
74259,74266,74267,1,7
74259,74266,74267,1,7
74259,74266,74267,1,7
74259,74266,74267,1,7
74259,74265,74266,1,6
74259,74265,74267,2,6
74259,74265,74267,2,6
74259,74266,74268,2,7
73569,73576,74305,729,7
74306,74306,74307,1,0
74306,74306,74307,1,0
74306,74306,74307,1,0
74306,74306,74307,1,0
74306,74306,74307,1,0
74306,74306,74307,1,0
74306,74306,74307,1,0
74306,74306,74307,1,0
74306,74306,74307,1,0
74306,74306,74307,1,0
74306,74306,74308,2,0
74306,74306,74307,1,0
74306,74306,74307,1,0
74306,74306,74308,2,0
74306,74306,74309,3,0
74306,74307,74309,2,1
74306,74307,74309,2,1
74306,74307,74309,2,1
74306,74307,74309,2,1
74306,74307,74309,2,1
74306,74307,74309,2,1
74306,74307,74309,2,1
74306,74307,74309,2,1
74306,74306,74310,4,0
74306,74307,74310,3,1
74306,74308,74310,2,2
74306,74308,74310,2,2
74306,74307,74309,2,1
74306,74309,74310,1,3
74306,74308,74310,2,2
74306,74308,74311,3,2
74306,74309,74311,2,3
74306,74309,74311,2,3
74306,74309,74311,2,3
74306,74309,74311,2,3
74306,74309,74311,2,3
74306,74309,74311,2,3
74306,74310,74311,1,4
74306,74309,74311,2,3
74306,74310,74311,1,4
74306,74311,74312,1,5
74306,74311,74312,1,5
74306,74311,74312,1,5
74306,74310,74312,2,4
74306,74311,74312,1,5
74306,74311,74312,1,5
74306,74311,74312,1,5
74306,74312,74313,1,6
74306,74311,74313,2,5
74306,74311,74313,2,5
74306,74312,74313,1,6
74306,74312,74313,1,6
74306,74312,74313,1,6
74306,74310,74313,3,4
74306,74313,74314,1,7
74306,74313,74314,1,7
74306,74312,74314,2,6
74306,74313,74314,1,7
74306,74314,74315,1,8
74306,74313,74314,1,7
74306,74313,74314,1,7
74306,74314,74315,1,8
74306,74314,74315,1,8
74306,74314,74315,1,8
74306,74314,74315,1,8
74306,74313,74314,1,7
74306,74315,74316,1,9
74306,74315,74316,1,9
74306,74315,74316,1,9
74306,74315,74316,1,9
74306,74315,74316,1,9
73626,73633,74340,707,7
74342,74342,74343,1,0
74342,74342,74343,1,0
74342,74342,74343,1,0
74342,74342,74343,1,0
74342,74342,74343,1,0
74342,74342,74343,1,0
74342,74342,74343,1,0
74342,74342,74343,1,0
74342,74342,74343,1,0
74342,74342,74344,2,0
74342,74343,74344,1,1
74342,74343,74344,1,1
74342,74343,74344,1,1
74342,74343,74344,1,1
74342,74343,74344,1,1
74342,74343,74344,1,1
74342,74343,74344,1,1
74342,74343,74345,2,1
74342,74343,74345,2,1
74342,74343,74345,2,1
74342,74343,74345,2,1
74342,74344,74346,2,2
74342,74344,74346,2,2
74342,74343,74345,2,1
74342,74343,74345,2,1
74342,74344,74345,1,2
74342,74345,74346,1,3
74342,74345,74346,1,3
74342,74345,74346,1,3
74342,74345,74347,2,3
74342,74345,74346,1,3
74342,74345,74346,1,3
74342,74345,74346,1,3
74342,74345,74346,1,3
74342,74345,74346,1,3
74342,74345,74346,1,3
74342,74345,74346,1,3
74342,74346,74347,1,4
74342,74345,74346,1,3
74342,74346,74347,1,4
74342,74346,74347,1,4
74342,74346,74347,1,4
74342,74346,74348,2,4
74342,74347,74348,1,5
74342,74346,74347,1,4
74342,74347,74348,1,5
74342,74347,74348,1,5
74342,74346,74347,1,4
74342,74346,74347,1,4
74342,74347,74348,1,5
74342,74347,74348,1,5
74342,74347,74348,1,5
74342,74347,74348,1,5
74342,74347,74348,1,5
74342,74347,74348,1,5
74342,74347,74348,1,5
74342,74347,74348,1,5
74342,74347,74348,1,5
74342,74347,74348,1,5
74342,74348,74349,1,6
74342,74348,74349,1,6
74342,74348,74349,1,6
74342,74348,74349,1,6
74342,74348,74349,1,6
74342,74348,74349,1,6
74342,74348,74349,1,6
74342,74348,74349,1,6
74342,74348,74349,1,6
74342,74348,74349,1,6
74342,74348,74349,1,6
74342,74348,74349,1,6
74342,74348,74349,1,6
73865,73865,74349,484,0
74342,74349,74350,1,7
74342,74349,74350,1,7
74342,74349,74350,1,7
74342,74349,74350,1,7
74342,74349,74350,1,7
74342,74349,74350,1,7
74342,74349,74350,1,7
74342,74349,74350,1,7
74342,74349,74350,1,7
74342,74349,74350,1,7
74342,74350,74351,1,8
74342,74350,74351,1,8
74342,74350,74351,1,8
74351,74351,74352,1,0
74351,74351,74352,1,0
74351,74351,74352,1,0
74351,74351,74352,1,0
74351,74351,74352,1,0
74351,74351,74352,1,0
74351,74351,74352,1,0
74351,74351,74352,1,0
74351,74351,74352,1,0
74351,74351,74352,1,0
74351,74351,74352,1,0
74351,74351,74352,1,0
74351,74351,74352,1,0
74351,74351,74352,1,0
74351,74352,74353,1,1
74351,74351,74353,2,0
74351,74352,74354,2,1
74351,74352,74353,1,1
74351,74353,74354,1,2
74351,74352,74353,1,1
74351,74352,74353,1,1
74351,74352,74353,1,1
74351,74352,74354,2,1
74351,74352,74354,2,1
74351,74352,74353,1,1
74351,74353,74354,1,2
74351,74352,74354,2,1
74351,74352,74354,2,1
74351,74352,74354,2,1
74351,74352,74354,2,1
74351,74353,74355,2,2
74351,74354,74355,1,3
74351,74354,74355,1,3
74351,74352,74354,2,1
74351,74354,74355,1,3
74351,74354,74355,1,3
74351,74354,74355,1,3
74351,74354,74355,1,3
74351,74353,74355,2,2
74351,74354,74356,2,3
74351,74355,74356,1,4
74351,74355,74356,1,4
74351,74354,74356,2,3
74351,74355,74356,1,4
74351,74354,74356,2,3
74351,74354,74355,1,3
74351,74355,74356,1,4
74351,74355,74356,1,4
74351,74355,74356,1,4
74351,74355,74356,1,4
74351,74355,74357,2,4
74351,74355,74357,2,4
74351,74356,74357,1,5
74351,74356,74357,1,5
74351,74356,74357,1,5
74351,74356,74358,2,5
74351,74357,74358,1,6
74351,74357,74358,1,6
74351,74357,74358,1,6
74351,74358,74359,1,7
74351,74358,74359,1,7
74351,74359,74360,1,8
74351,74359,74360,1,8
74351,74359,74360,1,8
74351,74359,74360,1,8
74351,74358,74359,1,7
74351,74359,74360,1,8
73882,73888,74390,502,6
74391,74391,74392,1,0
74391,74391,74392,1,0
74391,74391,74392,1,0
74391,74391,74392,1,0
74391,74391,74392,1,0
74391,74391,74392,1,0
74391,74391,74392,1,0
74391,74391,74392,1,0
74391,74391,74392,1,0
74391,74391,74392,1,0
74391,74391,74392,1,0
74391,74391,74392,1,0
74391,74391,74393,2,0
74391,74391,74393,2,0
74391,74392,74393,1,1
74391,74391,74392,1,0
74391,74391,74392,1,0
74391,74391,74392,1,0
74391,74392,74393,1,1
74391,74392,74393,1,1
74391,74392,74393,1,1
74391,74392,74393,1,1
74391,74392,74394,2,1
74391,74392,74393,1,1
74391,74392,74394,2,1
74391,74393,74394,1,2
74391,74392,74394,2,1
74391,74392,74394,2,1
74391,74392,74394,2,1
74391,74392,74394,2,1
74391,74393,74394,1,2
74391,74393,74394,1,2
74391,74393,74394,1,2
74391,74393,74394,1,2
74391,74393,74394,1,2
74391,74393,74395,2,2
74391,74393,74395,2,2
74391,74394,74395,1,3
74391,74393,74395,2,2
74391,74394,74395,1,3
74391,74394,74395,1,3
74391,74395,74396,1,4
74391,74395,74396,1,4
74391,74394,74396,2,3
74391,74394,74396,2,3
74391,74395,74396,1,4
74391,74395,74396,1,4
74391,74395,74396,1,4
74391,74395,74396,1,4
74391,74395,74397,2,4
74391,74396,74397,1,5
74391,74397,74398,1,6
74391,74398,74399,1,7
74391,74398,74399,1,7
74391,74398,74399,1,7
74391,74395,74399,4,4
74391,74398,74399,1,7
74391,74399,74400,1,8
73701,73709,74410,701,8
74420,74420,74421,1,0
74420,74420,74421,1,0
74420,74420,74421,1,0
74420,74420,74421,1,0
74420,74420,74421,1,0
74420,74420,74422,2,0
74420,74420,74421,1,0
74420,74420,74421,1,0
74420,74421,74422,1,1
74420,74421,74422,1,1
74420,74421,74423,2,1
74420,74421,74422,1,1
74420,74421,74422,1,1
74420,74421,74423,2,1
74420,74421,74423,2,1
74420,74421,74423,2,1
74420,74421,74423,2,1
74420,74421,74422,1,1
74420,74420,74423,3,0
74420,74422,74424,2,2
74420,74422,74424,2,2
74420,74422,74424,2,2
74420,74422,74423,1,2
74420,74422,74424,2,2
74420,74422,74424,2,2
74420,74422,74424,2,2
74420,74422,74423,1,2
74420,74423,74425,2,3
74420,74423,74424,1,3
74420,74423,74425,2,3
74420,74423,74425,2,3
74420,74423,74424,1,3
74420,74423,74424,1,3
74420,74423,74424,1,3
74420,74423,74424,1,3
74420,74424,74425,1,4
74420,74424,74426,2,4
74420,74424,74426,2,4
74420,74424,74426,2,4
74420,74424,74426,2,4
74420,74424,74425,1,4
74420,74425,74426,1,5
74420,74424,74426,2,4
74420,74424,74426,2,4
74420,74424,74425,1,4
74420,74425,74426,1,5
74420,74425,74426,1,5
74420,74425,74426,1,5
74420,74425,74426,1,5
74420,74425,74426,1,5
74420,74425,74426,1,5
74420,74425,74426,1,5
74420,74426,74427,1,6
74420,74425,74426,1,5
74420,74426,74427,1,6
74420,74426,74427,1,6
74420,74426,74427,1,6
74420,74426,74427,1,6
74420,74426,74427,1,6
74420,74426,74427,1,6
74420,74426,74427,1,6
74420,74426,74427,1,6
74420,74426,74427,1,6
74420,74426,74427,1,6
74420,74426,74427,1,6
74420,74426,74427,1,6
74420,74426,74427,1,6
74420,74427,74428,1,7
74420,74427,74428,1,7
74420,74426,74428,2,6
74420,74426,74427,1,6
74420,74427,74428,1,7
74420,74427,74428,1,7
74420,74428,74429,1,8
74420,74428,74429,1,8
74420,74428,74429,1,8
74420,74428,74429,1,8
74420,74428,74429,1,8
74420,74428,74429,1,8
74420,74428,74429,1,8
73778,73785,74470,685,7
74472,74472,74473,1,0
74472,74472,74473,1,0
74472,74472,74473,1,0
74472,74472,74473,1,0
74472,74472,74473,1,0
74472,74473,74474,1,1
74472,74472,74473,1,0
74472,74472,74473,1,0
74472,74472,74474,2,0
74472,74473,74474,1,1
74472,74473,74474,1,1
74472,74473,74474,1,1
74472,74473,74474,1,1
74472,74474,74475,1,2
74472,74473,74474,1,1
74472,74473,74474,1,1
74472,74473,74474,1,1
74472,74473,74474,1,1
74472,74473,74474,1,1
74472,74473,74474,1,1
74472,74473,74474,1,1
74472,74474,74475,1,2
74472,74475,74476,1,3
74472,74475,74476,1,3
74472,74475,74476,1,3
74472,74475,74476,1,3
74472,74475,74476,1,3
74472,74474,74475,1,2
74472,74474,74475,1,2
74472,74475,74476,1,3
74472,74475,74476,1,3
74472,74475,74477,2,3
74472,74474,74476,2,2
74472,74475,74476,1,3
74472,74475,74476,1,3
74472,74475,74476,1,3
74472,74476,74477,1,4
74472,74476,74477,1,4
74472,74476,74477,1,4
74472,74476,74477,1,4
74472,74476,74477,1,4
74472,74475,74476,1,3
74472,74475,74476,1,3
74472,74476,74477,1,4
74472,74476,74477,1,4
74472,74476,74477,1,4
74472,74476,74477,1,4
74472,74476,74477,1,4
74472,74477,74478,1,5
74472,74477,74478,1,5
74472,74477,74478,1,5
74472,74477,74478,1,5
74472,74477,74478,1,5
74472,74477,74478,1,5
74472,74477,74478,1,5
74472,74477,74478,1,5
74472,74477,74478,1,5
74472,74477,74478,1,5
74472,74477,74478,1,5
74472,74477,74478,1,5
74472,74477,74478,1,5
74472,74477,74478,1,5
74472,74477,74478,1,5
74472,74478,74479,1,6
74472,74478,74479,1,6
74472,74478,74479,1,6
74472,74478,74479,1,6
74472,74478,74479,1,6
74472,74478,74479,1,6
74472,74478,74479,1,6
74472,74478,74479,1,6
74472,74477,74478,1,5
74472,74478,74479,1,6
74472,74478,74479,1,6
74472,74478,74479,1,6
74472,74479,74480,1,7
74472,74479,74480,1,7
74472,74479,74480,1,7
74472,74479,74480,1,7
74472,74479,74480,1,7
74472,74479,74480,1,7
74472,74479,74480,1,7
74472,74479,74480,1,7
74472,74479,74480,1,7
74472,74479,74480,1,7
74472,74479,74480,1,7
74472,74478,74480,2,6
74472,74479,74480,1,7
74472,74479,74480,1,7
74027,74036,74512,476,9
74513,74513,74514,1,0
74513,74513,74514,1,0
74513,74513,74514,1,0
74513,74513,74514,1,0
74513,74513,74514,1,0
74513,74513,74514,1,0
74513,74513,74514,1,0
74513,74513,74514,1,0
74513,74513,74514,1,0
74513,74513,74514,1,0
74513,74513,74514,1,0
74513,74513,74514,1,0
74513,74513,74514,1,0
74513,74513,74514,1,0
74513,74513,74515,2,0
74513,74514,74515,1,1
74513,74514,74515,1,1
74513,74514,74515,1,1
74513,74516,74517,1,3
74513,74516,74517,1,3
74513,74516,74517,1,3
74513,74515,74517,2,2
74513,74516,74517,1,3
74513,74516,74517,1,3
74513,74516,74517,1,3
74513,74516,74517,1,3
74513,74516,74517,1,3
74513,74516,74518,2,3
74513,74516,74518,2,3
74513,74518,74519,1,5
74513,74518,74519,1,5
74513,74518,74519,1,5
74513,74518,74519,1,5
74513,74519,74520,1,6
74513,74519,74520,1,6
74513,74518,74519,1,5
74513,74518,74519,1,5
74513,74518,74519,1,5
74513,74519,74520,1,6
74513,74519,74520,1,6
74513,74520,74521,1,7
74513,74520,74521,1,7
74513,74520,74521,1,7
74513,74520,74521,1,7
74513,74520,74521,1,7
74513,74520,74521,1,7
74513,74520,74521,1,7
74513,74520,74521,1,7
74513,74520,74521,1,7
74513,74520,74521,1,7
74513,74521,74522,1,8
74513,74521,74522,1,8
74513,74521,74522,1,8
73798,73812,74523,711,14
74539,74539,74540,1,0
74539,74539,74540,1,0
74539,74539,74540,1,0
74539,74539,74540,1,0
74539,74539,74540,1,0
74539,74539,74540,1,0
74539,74539,74540,1,0
74539,74539,74540,1,0
74539,74539,74540,1,0
74539,74539,74540,1,0
74539,74539,74540,1,0
74539,74539,74540,1,0
73832,73837,74541,704,5
74539,74539,74540,1,0
74539,74539,74540,1,0
74539,74539,74541,2,0
74539,74539,74540,1,0
74539,74540,74541,1,1
74539,74540,74541,1,1
74539,74539,74541,2,0
74539,74541,74542,1,2
74539,74540,74542,2,1
74539,74540,74541,1,1
74539,74540,74542,2,1
74539,74540,74542,2,1
74539,74540,74542,2,1
74539,74540,74542,2,1
74539,74540,74542,2,1
74539,74540,74541,1,1
74539,74541,74542,1,2
74539,74541,74542,1,2
74539,74540,74542,2,1
74539,74540,74542,2,1
74539,74541,74542,1,2
74539,74541,74543,2,2
74539,74541,74543,2,2
74539,74541,74543,2,2
74539,74542,74543,1,3
74539,74542,74543,1,3
74539,74542,74544,2,3
74539,74543,74544,1,4
74539,74543,74544,1,4
74539,74543,74544,1,4
74539,74543,74544,1,4
74539,74543,74544,1,4
74539,74543,74544,1,4
74539,74543,74544,1,4
74539,74543,74544,1,4
74539,74543,74545,2,4
74539,74543,74544,1,4
74539,74545,74546,1,6
74539,74546,74547,1,7
74539,74546,74547,1,7
74539,74546,74547,1,7
74539,74546,74547,1,7
74539,74544,74546,2,5
74539,74545,74547,2,6
74539,74546,74547,1,7
74539,74547,74548,1,8
74539,74546,74547,1,7
74539,74547,74548,1,8
74539,74547,74548,1,8
74541,74547,74548,1,6
74541,74548,74549,1,7
74541,74548,74549,1,7
74541,74548,74549,1,7
74541,74548,74549,1,7
74541,74548,74549,1,7
74539,74548,74549,1,9
74541,74549,74550,1,8
74541,74549,74550,1,8
74541,74549,74550,1,8
74541,74548,74549,1,7
74541,74548,74549,1,7
74541,74549,74550,1,8
74541,74548,74549,1,7
74541,74548,74550,2,7
74541,74548,74550,2,7
74541,74549,74550,1,8
74541,74550,74551,1,9
74541,74549,74550,1,8
74541,74549,74550,1,8
74541,74549,74550,1,8
74541,74550,74551,1,9
74541,74549,74550,1,8
74541,74550,74551,1,9
74541,74550,74551,1,9
74541,74549,74550,1,8
74541,74550,74551,1,9
74541,74550,74551,1,9
74541,74550,74551,1,9
74541,74551,74552,1,10
74541,74549,74551,2,8
74541,74550,74551,1,9
74541,74551,74552,1,10
74541,74551,74552,1,10
74541,74551,74552,1,10
74541,74551,74552,1,10
74541,74551,74552,1,10
74541,74550,74551,1,9
74541,74551,74552,1,10
74541,74551,74552,1,10
74541,74552,74553,1,11
74541,74552,74553,1,11
74541,74552,74553,1,11
74541,74552,74553,1,11
74541,74552,74553,1,11
74541,74551,74552,1,10
74541,74551,74552,1,10
74541,74552,74553,1,11
74541,74552,74553,1,11
74541,74552,74553,1,11
74541,74552,74553,1,11
74541,74552,74553,1,11
74541,74551,74552,1,10
74541,74551,74552,1,10
74541,74552,74553,1,11
74541,74553,74554,1,12
74541,74553,74554,1,12
74541,74553,74554,1,12
74541,74553,74554,1,12
74541,74553,74554,1,12
74541,74553,74554,1,12
74541,74553,74554,1,12
74541,74553,74554,1,12
74541,74553,74554,1,12
74541,74553,74554,1,12
74541,74553,74554,1,12
74541,74554,74555,1,13
74541,74554,74555,1,13
74541,74554,74555,1,13
74541,74554,74555,1,13
74541,74554,74555,1,13
74541,74554,74555,1,13
74541,74554,74555,1,13
74541,74554,74555,1,13
74541,74554,74555,1,13
74541,74554,74555,1,13
74541,74554,74555,1,13
74541,74554,74555,1,13
74541,74554,74555,1,13
74541,74553,74554,1,12
74541,74553,74554,1,12
74541,74553,74554,1,12
74541,74555,74556,1,14
74541,74555,74556,1,14
74541,74555,74556,1,14
74541,74555,74556,1,14
74541,74555,74556,1,14
74541,74555,74556,1,14
74541,74555,74556,1,14
73843,73850,74566,716,7
74571,74571,74572,1,0
74571,74571,74572,1,0
74571,74571,74572,1,0
74571,74571,74572,1,0
74571,74571,74572,1,0
74571,74571,74572,1,0
74571,74571,74573,2,0
74571,74572,74573,1,1
74571,74572,74573,1,1
74571,74572,74573,1,1
74571,74572,74573,1,1
74571,74572,74573,1,1
74571,74572,74573,1,1
74571,74572,74573,1,1
74571,74572,74573,1,1
74571,74572,74573,1,1
74571,74572,74573,1,1
74571,74572,74573,1,1
74571,74572,74573,1,1
74571,74572,74573,1,1
74571,74572,74573,1,1
74571,74574,74575,1,3
74571,74574,74575,1,3
74571,74574,74575,1,3
74571,74573,74574,1,2
74571,74574,74575,1,3
74571,74573,74574,1,2
74571,74574,74575,1,3
74571,74574,74575,1,3
74571,74574,74575,1,3
74571,74575,74576,1,4
74571,74574,74575,1,3
74571,74574,74575,1,3
74571,74574,74575,1,3
74571,74574,74575,1,3
74571,74574,74575,1,3
74571,74575,74576,1,4
74571,74575,74576,1,4
74571,74575,74576,1,4
74571,74574,74575,1,3
74571,74575,74576,1,4
74571,74574,74575,1,3
74571,74574,74575,1,3
74571,74576,74577,1,5
74571,74576,74577,1,5
74571,74576,74577,1,5
74571,74576,74577,1,5
74571,74575,74576,1,4
74571,74576,74577,1,5
74571,74576,74577,1,5
74571,74576,74577,1,5
74571,74576,74577,1,5
74571,74576,74577,1,5
74571,74576,74577,1,5
74571,74576,74577,1,5
74571,74576,74577,1,5
74571,74576,74577,1,5
74571,74576,74577,1,5
74571,74577,74578,1,6
74571,74577,74578,1,6
74571,74577,74578,1,6
74571,74577,74578,1,6
74571,74576,74577,1,5
74571,74577,74578,1,6
74571,74577,74578,1,6
74571,74577,74578,1,6
74571,74577,74578,1,6
74571,74577,74578,1,6
74571,74577,74578,1,6
74571,74577,74578,1,6
74571,74577,74578,1,6
74571,74577,74578,1,6
74571,74577,74578,1,6
74571,74578,74579,1,7
74571,74578,74579,1,7
74571,74578,74579,1,7
74571,74578,74579,1,7
74571,74578,74579,1,7
74571,74578,74579,1,7
74571,74578,74579,1,7
74571,74578,74579,1,7
74571,74578,74579,1,7
74571,74578,74579,1,7
74571,74578,74579,1,7
74571,74578,74579,1,7
74571,74578,74579,1,7
74571,74578,74579,1,7
74571,74578,74579,1,7
74571,74578,74579,1,7
73959,73966,74662,696,7
74664,74664,74665,1,0
74664,74664,74665,1,0
74664,74664,74665,1,0
74664,74664,74665,1,0
74664,74664,74665,1,0
74664,74664,74665,1,0
74664,74664,74665,1,0
74664,74664,74665,1,0
74664,74664,74665,1,0
74664,74664,74665,1,0
74664,74664,74665,1,0
74664,74664,74665,1,0
74664,74665,74666,1,1
74664,74665,74666,1,1
74664,74665,74666,1,1
74664,74665,74666,1,1
74664,74665,74666,1,1
74664,74665,74666,1,1
74664,74665,74666,1,1
74664,74665,74666,1,1
74664,74665,74666,1,1
74664,74666,74667,1,2
74664,74665,74666,1,1
74664,74665,74666,1,1
74664,74665,74666,1,1
74664,74665,74666,1,1
74664,74666,74667,1,2
74664,74666,74667,1,2
74664,74666,74667,1,2
74664,74665,74666,1,1
74664,74666,74667,1,2
74664,74666,74667,1,2
74664,74666,74667,1,2
74664,74666,74667,1,2
74664,74666,74667,1,2
74664,74666,74668,2,2
74664,74667,74668,1,3
74664,74667,74668,1,3
74664,74666,74667,1,2
74664,74667,74668,1,3
74664,74667,74668,1,3
74664,74667,74668,1,3
74664,74667,74668,1,3
74664,74667,74669,2,3
74664,74668,74669,1,4
74664,74668,74669,1,4
74664,74667,74669,2,3
74664,74667,74669,2,3
74664,74667,74668,1,3
74664,74667,74668,1,3
74664,74667,74668,1,3
74664,74667,74669,2,3
74664,74668,74669,1,4
74664,74668,74669,1,4
74664,74668,74669,1,4
74664,74668,74670,2,4
74664,74668,74669,1,4
74664,74669,74670,1,5
74664,74669,74670,1,5
74664,74669,74670,1,5
74664,74669,74670,1,5
74664,74669,74670,1,5
74664,74668,74669,1,4
74664,74669,74670,1,5
74664,74669,74670,1,5
74664,74669,74670,1,5
74664,74669,74670,1,5
74664,74670,74671,1,6
74664,74670,74671,1,6
74664,74670,74671,1,6
74664,74669,74671,2,5
74664,74669,74670,1,5
74664,74669,74670,1,5
74664,74669,74670,1,5
74664,74670,74671,1,6
74664,74670,74671,1,6
74664,74670,74671,1,6
74664,74670,74671,1,6
74664,74670,74671,1,6
74664,74670,74671,1,6
74664,74670,74671,1,6
74664,74670,74671,1,6
74664,74670,74671,1,6
74664,74670,74671,1,6
74664,74671,74672,1,7
74664,74671,74672,1,7
74664,74671,74672,1,7
74664,74671,74672,1,7
74664,74671,74672,1,7
74664,74671,74672,1,7
74664,74671,74672,1,7
74664,74671,74672,1,7
74664,74671,74672,1,7
74664,74671,74672,1,7
73926,73932,74672,740,6
74664,74671,74672,1,7
74195,74202,74689,487,7
74690,74691,74692,1,1
74690,74691,74692,1,1
74690,74691,74692,1,1
74690,74691,74692,1,1
74690,74691,74692,1,1
74690,74692,74693,1,2
74690,74692,74693,1,2
74690,74691,74692,1,1
74690,74692,74693,1,2
74690,74692,74693,1,2
74690,74692,74693,1,2
74690,74691,74692,1,1
74690,74693,74694,1,3
74690,74692,74693,1,2
74690,74693,74694,1,3
74690,74693,74694,1,3
74690,74692,74693,1,2
74690,74692,74693,1,2
74690,74692,74693,1,2
74690,74692,74693,1,2
74690,74693,74694,1,3
74690,74693,74694,1,3
74690,74693,74694,1,3
74690,74693,74694,1,3
74690,74693,74694,1,3
74690,74693,74694,1,3
74690,74693,74694,1,3
74690,74694,74695,1,4
74690,74694,74695,1,4
74690,74693,74694,1,3
74690,74694,74695,1,4
74690,74693,74694,1,3
74690,74694,74695,1,4
74690,74693,74694,1,3
74690,74694,74695,1,4
74690,74694,74695,1,4
74690,74694,74695,1,4
74690,74694,74695,1,4
74690,74694,74695,1,4
74690,74694,74695,1,4
74690,74695,74696,1,5
74690,74695,74696,1,5
74690,74695,74696,1,5
74690,74695,74696,1,5
74690,74695,74696,1,5
74690,74695,74696,1,5
74690,74695,74696,1,5
74690,74695,74696,1,5
74690,74694,74695,1,4
74690,74695,74696,1,5
74690,74695,74696,1,5
74690,74695,74696,1,5
74690,74696,74697,1,6
74690,74696,74697,1,6
74690,74695,74696,1,5
74690,74696,74697,1,6
74690,74696,74697,1,6
74690,74696,74697,1,6
74690,74696,74697,1,6
74690,74696,74697,1,6
74690,74696,74697,1,6
74690,74695,74696,1,5
74690,74696,74697,1,6
74690,74696,74697,1,6
74690,74697,74698,1,7
74690,74697,74698,1,7
74690,74697,74698,1,7
74690,74697,74698,1,7
74690,74697,74698,1,7
74690,74697,74698,1,7
74691,74697,74698,1,6
74690,74697,74698,1,7
74690,74697,74698,1,7
74690,74697,74698,1,7
74690,74697,74698,1,7
74690,74697,74698,1,7
74691,74697,74698,1,6
74691,74697,74698,1,6
74691,74698,74699,1,7
74691,74698,74699,1,7
74691,74698,74699,1,7
74691,74698,74699,1,7
74691,74698,74699,1,7
74691,74698,74699,1,7
74691,74698,74699,1,7
74691,74698,74699,1,7
74691,74698,74699,1,7
74691,74697,74698,1,6
74691,74698,74699,1,7
74691,74698,74700,2,7
74691,74698,74700,2,7
74691,74699,74700,1,8
74691,74698,74700,2,7
74691,74698,74700,2,7
74691,74699,74700,1,8
74691,74700,74701,1,9
74691,74699,74701,2,8
74691,74699,74700,1,8
74691,74699,74700,1,8
74691,74699,74700,1,8
74691,74699,74700,1,8
74691,74699,74701,2,8
74691,74699,74701,2,8
74691,74699,74700,1,8
74691,74699,74700,1,8
74691,74699,74700,1,8
74691,74700,74701,1,9
74691,74699,74700,1,8
74691,74701,74702,1,10
74691,74701,74702,1,10
74691,74701,74702,1,10
74691,74701,74702,1,10
74691,74701,74702,1,10
74691,74701,74702,1,10
74691,74700,74701,1,9
74691,74701,74702,1,10
74691,74700,74702,2,9
74691,74701,74702,1,10
74691,74701,74702,1,10
74691,74701,74702,1,10
74691,74701,74702,1,10
74691,74701,74702,1,10
74691,74701,74702,1,10
74691,74701,74702,1,10
74691,74701,74702,1,10
74691,74701,74702,1,10
74691,74702,74703,1,11
74691,74702,74703,1,11
74691,74702,74703,1,11
74691,74703,74704,1,12
74691,74703,74704,1,12
74691,74703,74704,1,12
74691,74702,74703,1,11
74691,74703,74704,1,12
74691,74703,74704,1,12
74691,74703,74704,1,12
74691,74703,74704,1,12
74691,74703,74704,1,12
74691,74702,74704,2,11
74691,74703,74704,1,12
74691,74704,74705,1,13
74691,74703,74704,1,12
74691,74704,74705,1,13
74691,74703,74704,1,12
74691,74704,74705,1,13
74691,74703,74704,1,12
74691,74704,74705,1,13
74691,74704,74705,1,13
74691,74704,74705,1,13
74691,74704,74705,1,13
74691,74704,74705,1,13
74691,74704,74705,1,13
74691,74705,74706,1,14
74691,74705,74706,1,14
74691,74705,74706,1,14
74691,74705,74706,1,14
74691,74705,74706,1,14
74054,74060,74803,743,6
74804,74804,74805,1,0
74804,74804,74805,1,0
74804,74804,74805,1,0
74804,74804,74805,1,0
74804,74804,74805,1,0
74804,74804,74805,1,0
74804,74804,74805,1,0
74804,74804,74805,1,0
74804,74804,74805,1,0
74804,74804,74805,1,0
74804,74804,74805,1,0
74804,74804,74805,1,0
74804,74804,74805,1,0
74804,74804,74806,2,0
74804,74804,74805,1,0
74804,74804,74805,1,0
74804,74804,74805,1,0
74804,74805,74806,1,1
74804,74805,74807,2,1
74804,74805,74806,1,1
74804,74805,74807,2,1
74804,74805,74806,1,1
74804,74805,74806,1,1
74804,74805,74807,2,1
74804,74805,74807,2,1
74804,74805,74807,2,1
74804,74805,74806,1,1
74804,74806,74807,1,2
74804,74806,74807,1,2
74804,74806,74808,2,2
74804,74806,74808,2,2
74804,74807,74808,1,3
74804,74807,74808,1,3
74804,74805,74808,3,1
74804,74807,74808,1,3
74804,74807,74808,1,3
74804,74806,74808,2,2
74804,74805,74807,2,1
74804,74806,74808,2,2
74804,74808,74809,1,4
74804,74808,74809,1,4
74804,74807,74809,2,3
74804,74807,74809,2,3
74804,74808,74809,1,4
74804,74807,74809,2,3
74804,74807,74809,2,3
74804,74808,74809,1,4
74804,74808,74809,1,4
74804,74808,74810,2,4
74804,74808,74809,1,4
74804,74809,74810,1,5
74804,74810,74811,1,6
74804,74811,74812,1,7
74804,74811,74812,1,7
74804,74810,74811,1,6
74804,74811,74812,1,7
74804,74810,74812,2,6
74804,74812,74813,1,8
74804,74812,74813,1,8
74804,74812,74813,1,8
74804,74812,74813,1,8
74804,74812,74813,1,8
74804,74812,74813,1,8
74343,74350,74830,480,7
74832,74832,74833,1,0
74832,74832,74833,1,0
74832,74832,74833,1,0
74832,74832,74833,1,0
74832,74832,74833,1,0
74832,74832,74833,1,0
74832,74832,74833,1,0
74832,74832,74833,1,0
74832,74832,74833,1,0
74832,74832,74833,1,0
74832,74832,74833,1,0
74832,74832,74833,1,0
74832,74832,74834,2,0
74832,74832,74833,1,0
74832,74832,74833,1,0
74832,74832,74833,1,0
74832,74832,74833,1,0
74832,74833,74834,1,1
74832,74833,74834,1,1
74832,74833,74835,2,1
74832,74833,74835,2,1
74832,74833,74835,2,1
74832,74833,74835,2,1
74832,74833,74834,1,1
74832,74833,74834,1,1
74832,74833,74834,1,1
74832,74834,74835,1,2
74832,74833,74835,2,1
74832,74834,74836,2,2
74832,74835,74836,1,3
74832,74833,74836,3,1
74832,74835,74836,1,3
74832,74833,74835,2,1
74832,74834,74836,2,2
74832,74835,74836,1,3
74832,74835,74836,1,3
74832,74835,74836,1,3
74832,74835,74836,1,3
74832,74834,74836,2,2
74832,74836,74837,1,4
74832,74835,74836,1,3
74832,74836,74837,1,4
74832,74835,74836,1,3
74832,74836,74837,1,4
74832,74835,74836,1,3
74832,74836,74837,1,4
74832,74836,74837,1,4
74832,74836,74837,1,4
74832,74836,74837,1,4
74832,74836,74837,1,4
74832,74837,74838,1,5
74832,74837,74838,1,5
74832,74837,74838,1,5
74832,74835,74837,2,3
74832,74837,74838,1,5
74832,74836,74838,2,4
74832,74837,74838,1,5
74832,74836,74838,2,4
74832,74837,74838,1,5
74832,74837,74839,2,5
74832,74837,74838,1,5
74832,74838,74839,1,6
74832,74838,74839,1,6
74832,74838,74839,1,6
74832,74838,74839,1,6
74832,74838,74839,1,6
74832,74838,74839,1,6
74832,74839,74840,1,7
74832,74839,74840,1,7
74832,74839,74840,1,7
74832,74840,74841,1,8
74832,74840,74841,1,8
74832,74840,74841,1,8
74832,74834,74843,9,2
74832,74834,74848,14,2
74147,74155,74888,733,8
74889,74890,74891,1,1
74889,74890,74891,1,1
74889,74890,74891,1,1
74889,74890,74891,1,1
74889,74890,74891,1,1
74889,74890,74891,1,1
74889,74890,74891,1,1
74889,74890,74891,1,1
74889,74891,74892,1,2
74889,74891,74892,1,2
74889,74891,74892,1,2
74889,74891,74892,1,2
74889,74891,74892,1,2
74889,74891,74892,1,2
74889,74891,74892,1,2
74889,74891,74892,1,2
74889,74890,74892,2,1
74889,74892,74893,1,3
74889,74892,74893,1,3
74889,74893,74894,1,4
74889,74892,74893,1,3
74889,74892,74893,1,3
74889,74892,74893,1,3
74889,74892,74893,1,3
74889,74892,74894,2,3
74889,74893,74894,1,4
74889,74893,74894,1,4
74889,74893,74894,1,4
74889,74893,74894,1,4
74889,74893,74894,1,4
74889,74894,74895,1,5
74889,74891,74894,3,2
74889,74893,74894,1,4
74889,74893,74895,2,4
74889,74893,74894,1,4
74889,74894,74895,1,5
74889,74894,74895,1,5
74889,74894,74895,1,5
74889,74894,74895,1,5
74889,74895,74896,1,6
74889,74895,74896,1,6
74889,74895,74896,1,6
74889,74895,74896,1,6
74889,74895,74896,1,6
74889,74895,74896,1,6
74889,74894,74895,1,5
74889,74894,74895,1,5
74889,74894,74895,1,5
74889,74895,74896,1,6
74889,74895,74896,1,6
74889,74896,74897,1,7
74889,74895,74896,1,6
74889,74895,74896,1,6
74889,74896,74897,1,7
74889,74895,74896,1,6
74889,74896,74897,1,7
74889,74896,74897,1,7
74889,74896,74897,1,7
74889,74896,74897,1,7
74889,74896,74897,1,7
74889,74896,74897,1,7
74889,74895,74896,1,6
74889,74896,74897,1,7
74889,74896,74897,1,7
74889,74896,74897,1,7
74889,74897,74898,1,8
74889,74896,74897,1,7
74889,74897,74898,1,8
74889,74897,74898,1,8
74889,74897,74898,1,8
74889,74897,74898,1,8
74889,74897,74898,1,8
74889,74897,74898,1,8
74889,74897,74898,1,8
74889,74897,74898,1,8
74889,74897,74898,1,8
74889,74897,74898,1,8
74889,74897,74898,1,8
74889,74897,74898,1,8
74889,74898,74899,1,9
74889,74897,74898,1,8
74889,74898,74899,1,9
74889,74898,74899,1,9
74889,74897,74898,1,8
74889,74898,74899,1,9
74889,74898,74899,1,9
74889,74898,74899,1,9
74889,74898,74899,1,9
74889,74898,74899,1,9
74421,74429,74910,481,8
74916,74916,74917,1,0
74916,74916,74917,1,0
74916,74916,74917,1,0
74916,74916,74917,1,0
74916,74916,74917,1,0
74916,74916,74917,1,0
74916,74916,74917,1,0
74916,74916,74917,1,0
74916,74916,74917,1,0
74916,74916,74917,1,0
74916,74916,74917,1,0
74916,74916,74917,1,0
74916,74916,74917,1,0
74916,74916,74918,2,0
74916,74916,74918,2,0
74916,74916,74917,1,0
74916,74916,74917,1,0
74916,74917,74918,1,1
74916,74917,74918,1,1
74916,74917,74919,2,1
74916,74918,74919,1,2
74916,74917,74919,2,1
74916,74917,74918,1,1
74916,74917,74918,1,1
74916,74917,74919,2,1
74916,74917,74918,1,1
74916,74917,74918,1,1
74916,74917,74919,2,1
74916,74917,74919,2,1
74916,74917,74918,1,1
74916,74917,74918,1,1
74916,74918,74919,1,2
74916,74918,74919,1,2
74916,74918,74920,2,2
74916,74918,74919,1,2
74916,74918,74919,1,2
74916,74919,74920,1,3
74916,74919,74920,1,3
74916,74919,74920,1,3
74916,74919,74920,1,3
74916,74919,74920,1,3
74916,74919,74920,1,3
74916,74919,74920,1,3
74916,74919,74920,1,3
74916,74919,74920,1,3
74916,74919,74920,1,3
74916,74919,74920,1,3
74916,74919,74920,1,3
74916,74920,74921,1,4
74916,74920,74921,1,4
74916,74920,74921,1,4
74916,74920,74921,1,4
74916,74919,74920,1,3
74916,74919,74921,2,3
74916,74920,74921,1,4
74916,74920,74921,1,4
74916,74920,74921,1,4
74916,74920,74921,1,4
74916,74920,74921,1,4
74916,74920,74921,1,4
74916,74920,74921,1,4
74916,74921,74922,1,5
74916,74920,74922,2,4
74916,74920,74922,2,4
74916,74921,74922,1,5
74916,74921,74922,1,5
74916,74921,74922,1,5
74916,74921,74922,1,5
74916,74921,74922,1,5
74916,74922,74923,1,6
74916,74922,74923,1,6
74916,74922,74923,1,6
74916,74922,74923,1,6
74916,74923,74924,1,7
74916,74923,74924,1,7
74916,74923,74924,1,7
74916,74922,74923,1,6
74916,74922,74923,1,6
74232,74238,74950,712,6
74185,74193,74951,758,8
74952,74952,74953,1,0
74952,74952,74953,1,0
74952,74952,74953,1,0
74952,74952,74953,1,0
74952,74952,74953,1,0
74952,74952,74953,1,0
74952,74952,74953,1,0
74952,74952,74953,1,0
74952,74952,74953,1,0
74952,74952,74953,1,0
74952,74952,74953,1,0
74952,74952,74953,1,0
74952,74952,74954,2,0
74952,74952,74953,1,0
74952,74952,74953,1,0
74952,74952,74954,2,0
74952,74952,74954,2,0
74952,74953,74954,1,1
74952,74953,74954,1,1
74952,74952,74955,3,0
74952,74953,74955,2,1
74952,74953,74955,2,1
74952,74953,74955,2,1
74952,74953,74955,2,1
74952,74953,74955,2,1
74952,74953,74955,2,1
74952,74953,74955,2,1
74952,74953,74955,2,1
74952,74954,74956,2,2
74952,74954,74956,2,2
74952,74954,74955,1,2
74952,74954,74955,1,2
74952,74954,74956,2,2
74952,74954,74955,1,2
74952,74954,74956,2,2
74952,74955,74956,1,3
74952,74955,74956,1,3
74952,74955,74956,1,3
74952,74955,74957,2,3
74952,74955,74956,1,3
74952,74956,74957,1,4
74952,74955,74957,2,3
74952,74955,74957,2,3
74952,74955,74957,2,3
74952,74955,74957,2,3
74952,74955,74957,2,3
74952,74956,74957,1,4
74952,74956,74958,2,4
74952,74956,74958,2,4
74952,74957,74958,1,5
74952,74957,74958,1,5
74952,74956,74957,1,4
74952,74956,74957,1,4
74952,74957,74958,1,5
74952,74957,74958,1,5
74952,74957,74958,1,5
74952,74955,74958,3,3
74952,74957,74958,1,5
74952,74958,74959,1,6
74952,74958,74959,1,6
74952,74956,74959,3,4
74952,74958,74959,1,6
74952,74958,74959,1,6
74952,74958,74959,1,6
74952,74958,74959,1,6
74952,74958,74959,1,6
74952,74957,74959,2,5
74952,74957,74959,2,5
74952,74957,74959,2,5
74952,74957,74958,1,5
74952,74958,74959,1,6
74952,74957,74959,2,5
74952,74957,74958,1,5
74952,74958,74959,1,6
74952,74958,74959,1,6
74952,74959,74960,1,7
74952,74959,74960,1,7
74952,74959,74960,1,7
74952,74960,74961,1,8
74952,74960,74961,1,8
74952,74961,74962,1,9
74954,74961,74962,1,7
74954,74961,74962,1,7
74954,74961,74962,1,7
74954,74961,74962,1,7
74954,74961,74962,1,7
74954,74961,74962,1,7
74954,74961,74962,1,7
74954,74961,74962,1,7
74954,74962,74963,1,8
74954,74962,74963,1,8
74954,74962,74963,1,8
74954,74963,74964,1,9
74954,74963,74964,1,9
74954,74962,74963,1,8
74954,74962,74963,1,8
74954,74962,74964,2,8
74954,74962,74963,1,8
74954,74962,74963,1,8
74954,74962,74963,1,8
74954,74962,74964,2,8
74954,74962,74964,2,8
74954,74963,74964,1,9
74954,74963,74964,1,9
74954,74963,74964,1,9
74954,74964,74965,1,10
74954,74963,74964,1,9
74954,74964,74965,1,10
74954,74964,74965,1,10
74954,74964,74965,1,10
74954,74964,74965,1,10
74954,74964,74965,1,10
74954,74964,74965,1,10
74954,74964,74965,1,10
74954,74964,74965,1,10
74954,74964,74965,1,10
74954,74965,74966,1,11
74954,74965,74966,1,11
74954,74965,74966,1,11
74954,74965,74966,1,11
74954,74964,74966,2,10
74954,74964,74966,2,10
74954,74966,74967,1,12
74954,74966,74967,1,12
74954,74965,74966,1,11
74954,74966,74967,1,12
74954,74964,74966,2,10
74954,74966,74967,1,12
74954,74966,74967,1,12
74954,74966,74967,1,12
74241,74256,74967,711,15
74954,74966,74967,1,12
74954,74966,74967,1,12
74954,74966,74967,1,12
74954,74966,74967,1,12
74954,74967,74968,1,13
74954,74966,74967,1,12
74954,74966,74967,1,12
74954,74966,74967,1,12
74954,74966,74967,1,12
74954,74966,74967,1,12
74954,74967,74968,1,13
74954,74967,74968,1,13
74954,74967,74968,1,13
74954,74967,74968,1,13
74954,74967,74968,1,13
74954,74967,74968,1,13
74954,74968,74969,1,14
74954,74968,74969,1,14
74954,74968,74969,1,14
74954,74968,74969,1,14
74954,74968,74969,1,14
74954,74968,74969,1,14
74954,74968,74969,1,14
74954,74968,74969,1,14
74954,74968,74969,1,14
74954,74968,74969,1,14
74954,74968,74969,1,14
74954,74969,74970,1,15
74954,74969,74970,1,15
74954,74968,74969,1,14
74954,74968,74969,1,14
74954,74969,74970,1,15
74954,74968,74970,2,14
74954,74968,74969,1,14
74954,74968,74969,1,14
74954,74968,74970,2,14
74954,74969,74970,1,15
74954,74969,74970,1,15
74954,74969,74970,1,15
74954,74968,74971,3,14
74980,74980,74981,1,0
74980,74980,74981,1,0
74980,74980,74981,1,0
74980,74980,74981,1,0
74980,74980,74981,1,0
74980,74980,74981,1,0
74980,74980,74981,1,0
74980,74980,74981,1,0
74980,74980,74981,1,0
74980,74980,74981,1,0
74980,74980,74981,1,0
74980,74980,74981,1,0
74980,74980,74981,1,0
74980,74980,74982,2,0
74980,74981,74982,1,1
74980,74981,74982,1,1
74980,74980,74981,1,0
74980,74980,74981,1,0
74980,74981,74982,1,1
74980,74981,74983,2,1
74980,74981,74983,2,1
74980,74981,74982,1,1
74980,74981,74982,1,1
74980,74981,74983,2,1
74980,74981,74983,2,1
74980,74981,74983,2,1
74980,74982,74983,1,2
74980,74982,74983,1,2
74980,74982,74983,1,2
74980,74982,74983,1,2
74980,74983,74984,1,3
74980,74982,74983,1,2
74980,74983,74984,1,3
74980,74983,74984,1,3
74980,74982,74984,2,2
74980,74982,74983,1,2
74980,74983,74984,1,3
74980,74983,74984,1,3
74980,74980,74985,5,0
74980,74982,74984,2,2
74980,74983,74984,1,3
74980,74984,74985,1,4
74980,74984,74985,1,4
74980,74984,74985,1,4
74980,74984,74985,1,4
74980,74983,74985,2,3
74980,74983,74985,2,3
74980,74985,74986,1,5
74980,74985,74986,1,5
74980,74985,74986,1,5
74239,74256,74987,731,17
74980,74986,74987,1,6
74980,74987,74988,1,7
74980,74987,74988,1,7
74980,74987,74988,1,7
74980,74986,74988,2,6
74980,74986,74988,2,6
75000,75000,75001,1,0
75000,75000,75001,1,0
75000,75001,75002,1,1
75000,75001,75002,1,1
75000,75001,75002,1,1
75000,75001,75002,1,1
75000,75001,75002,1,1
75000,75001,75002,1,1
75000,75001,75002,1,1
75000,75002,75003,1,2
75000,75001,75002,1,1
75000,75001,75002,1,1
75000,75001,75002,1,1
75000,75001,75002,1,1
75000,75001,75002,1,1
75000,75001,75002,1,1
75000,75002,75003,1,2
75000,75003,75004,1,3
75000,75003,75004,1,3
75000,75003,75004,1,3
75000,75003,75004,1,3
75000,75003,75004,1,3
75000,75003,75004,1,3
75000,75003,75004,1,3
75000,75002,75004,2,2
75000,75003,75004,1,3
75000,75003,75004,1,3
75000,75003,75004,1,3
75000,75004,75005,1,4
75000,75004,75005,1,4
75000,75003,75004,1,3
75000,75003,75004,1,3
75000,75004,75005,1,4
75000,75004,75006,2,4
75000,75004,75005,1,4
75000,75004,75005,1,4
75000,75005,75006,1,5
75000,75005,75006,1,5
75000,75005,75006,1,5
75000,75005,75006,1,5
75000,75004,75006,2,4
75000,75005,75006,1,5
75000,75005,75006,1,5
75000,75006,75007,1,6
75000,75005,75006,1,5
75000,75006,75007,1,6
75000,75006,75007,1,6
75000,75006,75007,1,6
75000,75006,75007,1,6
75000,75006,75007,1,6
75000,75006,75007,1,6
75000,75005,75006,1,5
75000,75006,75007,1,6
75000,75006,75007,1,6
75000,75006,75007,1,6
75000,75006,75007,1,6
75000,75006,75007,1,6
74514,74521,75007,486,7
75000,75006,75007,1,6
75000,75007,75008,1,7
75000,75007,75008,1,7
75000,75007,75008,1,7
75000,75007,75008,1,7
75000,75007,75008,1,7
75000,75007,75008,1,7
75000,75007,75008,1,7
75000,75007,75008,1,7
75000,75007,75008,1,7
75000,75006,75007,1,6
75000,75007,75008,1,7
75000,75007,75008,1,7
75000,75006,75008,2,6
75000,75008,75009,1,8
75000,75007,75008,1,7
75000,75007,75008,1,7
75000,75008,75009,1,8
75000,75008,75009,1,8
75000,75008,75009,1,8
75000,75008,75009,1,8
75000,75008,75009,1,8
75000,75008,75009,1,8
75000,75008,75009,1,8
75000,75008,75009,1,8
75000,75008,75009,1,8
75014,75014,75015,1,0
75014,75014,75015,1,0
75014,75014,75015,1,0
75014,75014,75015,1,0
75014,75014,75015,1,0
75014,75014,75015,1,0
75014,75014,75015,1,0
75014,75014,75015,1,0
75014,75014,75015,1,0
75014,75014,75015,1,0
75014,75014,75015,1,0
75014,75014,75015,1,0
75014,75014,75015,1,0
75014,75014,75015,1,0
75014,75014,75015,1,0
75014,75015,75016,1,1
75014,75015,75016,1,1
75014,75015,75016,1,1
75014,75014,75015,1,0
75014,75015,75016,1,1
75014,75014,75016,2,0
75014,75015,75017,2,1
75014,75015,75017,2,1
75014,75015,75017,2,1
75014,75015,75017,2,1
75014,75015,75017,2,1
75014,75015,75017,2,1
75014,75015,75017,2,1
75014,75015,75017,2,1
75014,75015,75017,2,1
75014,75015,75017,2,1
75014,75015,75017,2,1
75014,75016,75017,1,2
75014,75016,75018,2,2
75014,75017,75018,1,3
75014,75017,75018,1,3
75014,75017,75018,1,3
75014,75018,75019,1,4
75014,75018,75019,1,4
75014,75018,75019,1,4
75014,75018,75019,1,4
75014,75018,75019,1,4
75014,75018,75019,1,4
75014,75018,75019,1,4
75014,75018,75019,1,4
75014,75018,75019,1,4
75014,75019,75020,1,5
75014,75019,75020,1,5
75014,75020,75021,1,6
75014,75020,75021,1,6
75014,75020,75021,1,6
75014,75020,75021,1,6
75014,75021,75022,1,7
75014,75021,75022,1,7
75014,75021,75022,1,7
75014,75021,75022,1,7
75014,75022,75023,1,8
75014,75022,75023,1,8
75014,75022,75023,1,8
74540,74547,75023,476,7
75033,75033,75034,1,0
75033,75033,75034,1,0
75033,75033,75034,1,0
75033,75033,75034,1,0
74307,74315,75034,719,8
75033,75033,75034,1,0
75033,75033,75034,1,0
75033,75034,75035,1,1
75033,75034,75035,1,1
75033,75033,75034,1,0
75033,75034,75035,1,1
75033,75034,75035,1,1
75033,75034,75035,1,1
75033,75034,75035,1,1
75033,75035,75036,1,2
75033,75034,75035,1,1
75033,75034,75035,1,1
75033,75034,75035,1,1
75033,75034,75035,1,1
75033,75034,75035,1,1
75033,75035,75036,1,2
75033,75035,75036,1,2
75033,75035,75036,1,2
75033,75034,75035,1,1
75033,75034,75036,2,1
75033,75034,75036,2,1
75033,75034,75036,2,1
75033,75034,75036,2,1
75033,75035,75036,1,2
75033,75036,75037,1,3
75033,75036,75037,1,3
75033,75036,75037,1,3
75033,75036,75037,1,3
75033,75036,75037,1,3
75033,75036,75037,1,3
75033,75036,75037,1,3
75033,75036,75037,1,3
75033,75036,75038,2,3
75033,75036,75037,1,3
75033,75037,75038,1,4
75033,75036,75037,1,3
75033,75036,75037,1,3
75033,75036,75037,1,3
75033,75035,75038,3,2
75033,75036,75037,1,3
75033,75036,75037,1,3
75033,75036,75037,1,3
75033,75037,75038,1,4
75033,75037,75038,1,4
75033,75037,75038,1,4
75033,75037,75038,1,4
75033,75037,75038,1,4
75033,75037,75038,1,4
75033,75038,75039,1,5
75033,75038,75039,1,5
75033,75038,75039,1,5
75033,75038,75039,1,5
75033,75038,75039,1,5
75033,75038,75039,1,5
75033,75038,75039,1,5
75033,75038,75039,1,5
75033,75038,75039,1,5
75033,75038,75039,1,5
75033,75038,75039,1,5
75033,75038,75039,1,5
75033,75038,75039,1,5
75033,75038,75039,1,5
75033,75038,75039,1,5
75033,75038,75039,1,5
75033,75038,75039,1,5
75033,75039,75040,1,6
75033,75039,75040,1,6
75033,75039,75040,1,6
75033,75039,75040,1,6
75033,75039,75040,1,6
75033,75039,75040,1,6
75033,75039,75040,1,6
75033,75039,75040,1,6
75033,75039,75040,1,6
75033,75039,75040,1,6
75033,75039,75040,1,6
75033,75039,75040,1,6
75033,75039,75040,1,6
75033,75039,75040,1,6
75033,75040,75041,1,7
75033,75039,75040,1,6
75033,75039,75040,1,6
75033,75039,75040,1,6
75051,75053,75054,1,2
75051,75053,75054,1,2
75051,75053,75054,1,2
75051,75053,75054,1,2
75051,75054,75055,1,3
75051,75053,75054,1,2
75051,75053,75054,1,2
75051,75053,75054,1,2
75051,75053,75054,1,2
75051,75053,75054,1,2
75051,75053,75054,1,2
75051,75053,75054,1,2
75051,75053,75054,1,2
75051,75052,75053,1,1
75051,75053,75054,1,2
75051,75053,75054,1,2
75051,75054,75055,1,3
75051,75055,75056,1,4
75051,75054,75055,1,3
75051,75054,75055,1,3
75051,75055,75056,1,4
75051,75055,75056,1,4
75051,75055,75056,1,4
75051,75055,75056,1,4
75051,75055,75056,1,4
75051,75055,75056,1,4
75051,75056,75057,1,5
75051,75055,75056,1,4
75051,75055,75056,1,4
75051,75056,75057,1,5
75051,75056,75057,1,5
75051,75056,75057,1,5
75051,75056,75057,1,5
75051,75056,75057,1,5
75051,75056,75057,1,5
75051,75056,75057,1,5
75051,75056,75057,1,5
75051,75055,75056,1,4
75051,75055,75056,1,4
75051,75057,75058,1,6
75051,75057,75058,1,6
75051,75057,75058,1,6
75051,75057,75058,1,6
75051,75057,75058,1,6
75051,75057,75058,1,6
75051,75057,75058,1,6
75051,75057,75058,1,6
75051,75057,75058,1,6
75051,75057,75058,1,6
75051,75057,75058,1,6
75051,75057,75058,1,6
75051,75058,75059,1,7
75051,75058,75059,1,7
75051,75058,75059,1,7
75051,75058,75059,1,7
75051,75058,75059,1,7
75051,75058,75059,1,7
75051,75057,75058,1,6
75051,75058,75059,1,7
75051,75059,75060,1,8
75051,75059,75060,1,8
75051,75059,75060,1,8
75051,75059,75060,1,8
75051,75059,75060,1,8
75051,75059,75060,1,8
75051,75056,75057,1,5
74352,74359,75084,725,7
75085,75085,75086,1,0
75085,75085,75086,1,0
75085,75085,75086,1,0
75085,75085,75086,1,0
75085,75085,75087,2,0
74260,74266,75087,821,6
75085,75086,75087,1,1
75085,75086,75087,1,1
75085,75086,75087,1,1
75085,75087,75088,1,2
75085,75087,75088,1,2
75085,75087,75088,1,2
75085,75087,75088,1,2
75085,75087,75088,1,2
75085,75087,75088,1,2
75085,75087,75088,1,2
75085,75087,75088,1,2
75085,75087,75088,1,2
75085,75087,75088,1,2
75085,75087,75088,1,2
75085,75087,75088,1,2
74392,74399,75089,690,7
75085,75089,75090,1,4
75085,75089,75090,1,4
75085,75088,75089,1,3
75085,75088,75089,1,3
75085,75088,75089,1,3
75085,75088,75089,1,3
75085,75089,75090,1,4
75085,75089,75090,1,4
75085,75089,75090,1,4
75085,75088,75090,2,3
75085,75089,75090,1,4
75085,75089,75090,1,4
75085,75089,75090,1,4
75085,75089,75090,1,4
75085,75089,75090,1,4
75085,75089,75090,1,4
75085,75089,75090,1,4
75085,75090,75091,1,5
75085,75090,75091,1,5
75085,75090,75091,1,5
75085,75090,75091,1,5
75085,75090,75091,1,5
75085,75090,75091,1,5
75085,75091,75092,1,6
75085,75091,75092,1,6
75085,75091,75092,1,6
75085,75091,75092,1,6
75085,75091,75092,1,6
75085,75091,75092,1,6
75085,75091,75092,1,6
75085,75091,75092,1,6
75085,75091,75092,1,6
75085,75092,75093,1,7
75085,75092,75093,1,7
75085,75092,75093,1,7
75085,75092,75093,1,7
75085,75092,75093,1,7
75085,75092,75093,1,7
75085,75092,75093,1,7
75085,75092,75093,1,7
75085,75092,75093,1,7
75085,75093,75094,1,8
75085,75093,75094,1,8
75085,75093,75094,1,8
75085,75093,75094,1,8
75085,75093,75094,1,8
75089,75093,75094,1,4
75089,75093,75094,1,4
75089,75093,75094,1,4
75089,75094,75095,1,5
75089,75094,75095,1,5
75089,75094,75095,1,5
75089,75094,75095,1,5
75089,75094,75095,1,5
75089,75094,75095,1,5
75089,75094,75095,1,5
75089,75095,75096,1,6
75089,75095,75096,1,6
75089,75095,75096,1,6
75089,75095,75096,1,6
75089,75095,75096,1,6
75089,75095,75096,1,6
75089,75095,75097,2,6
75089,75095,75097,2,6
75089,75095,75096,1,6
75089,75095,75096,1,6
75089,75096,75097,1,7
75089,75096,75097,1,7
75089,75097,75098,1,8
75089,75097,75098,1,8
75089,75097,75098,1,8
75089,75097,75098,1,8
75089,75095,75097,2,6
75089,75095,75097,2,6
75089,75097,75098,1,8
75089,75097,75098,1,8
75089,75097,75098,1,8
75089,75097,75098,1,8
75089,75097,75098,1,8
75089,75098,75099,1,9
75089,75098,75099,1,9
75089,75098,75099,1,9
75089,75098,75099,1,9
75089,75098,75099,1,9
75089,75098,75099,1,9
75089,75097,75099,2,8
75089,75098,75099,1,9
75089,75098,75099,1,9
75089,75098,75099,1,9
75089,75098,75099,1,9
75089,75098,75099,1,9
75089,75099,75100,1,10
75089,75099,75100,1,10
75089,75099,75100,1,10
75089,75099,75100,1,10
75089,75099,75100,1,10
75089,75099,75100,1,10
75089,75099,75100,1,10
75089,75099,75100,1,10
75089,75100,75101,1,11
75089,75100,75101,1,11
75089,75100,75101,1,11
75089,75100,75101,1,11
75089,75100,75101,1,11
75089,75100,75101,1,11
75089,75100,75101,1,11
75085,75087,75101,14,2
75089,75100,75101,1,11
75089,75100,75101,1,11
75089,75101,75102,1,12
75089,75101,75102,1,12
75089,75101,75102,1,12
75089,75101,75102,1,12
75089,75101,75102,1,12
75089,75101,75102,1,12
75089,75101,75102,1,12
75089,75100,75101,1,11
75089,75101,75102,1,12
75089,75102,75103,1,13
75091,75102,75103,1,11
75091,75102,75103,1,11
75091,75102,75103,1,11
75091,75102,75103,1,11
75089,75102,75103,1,13
75091,75103,75104,1,12
75091,75103,75104,1,12
75091,75103,75104,1,12
75091,75103,75104,1,12
75091,75103,75104,1,12
75091,75103,75104,1,12
75091,75104,75105,1,13
75091,75104,75105,1,13
75091,75104,75105,1,13
75091,75104,75105,1,13
75091,75104,75105,1,13
75091,75104,75105,1,13
75091,75104,75105,1,13
75091,75104,75105,1,13
75091,75105,75106,1,14
75091,75104,75106,2,13
75091,75105,75106,1,14
75091,75105,75106,1,14
75091,75105,75106,1,14
75091,75105,75106,1,14
75091,75105,75106,1,14
75091,75106,75107,1,15
75091,75106,75107,1,15
75091,75106,75107,1,15
75091,75106,75107,1,15
75091,75106,75107,1,15
75091,75106,75107,1,15
75091,75107,75108,1,16
75091,75106,75107,1,15
75091,75106,75107,1,15
75091,75107,75108,1,16
75091,75107,75108,1,16
75091,75107,75108,1,16
75091,75107,75108,1,16
75091,75107,75108,1,16
75091,75107,75108,1,16
75091,75108,75109,1,17
75091,75108,75109,1,17
75091,75108,75109,1,17
75091,75108,75109,1,17
75091,75108,75109,1,17
75091,75108,75109,1,17
75091,75108,75109,1,17
75091,75109,75110,1,18
75091,75108,75109,1,17
75091,75108,75109,1,17
75091,75109,75110,1,18
75091,75108,75109,1,17
75091,75109,75110,1,18
75091,75109,75110,1,18
75091,75109,75110,1,18
75091,75109,75110,1,18
75091,75109,75110,1,18
75091,75109,75110,1,18
75091,75109,75110,1,18
75091,75109,75110,1,18
75091,75109,75110,1,18
75091,75110,75111,1,19
75091,75110,75111,1,19
75091,75110,75111,1,19
75091,75110,75111,1,19
75091,75110,75111,1,19
75091,75110,75111,1,19
75091,75110,75111,1,19
75091,75110,75111,1,19
75091,75110,75111,1,19
75091,75110,75111,1,19
75091,75111,75112,1,20
75091,75111,75112,1,20
75091,75111,75112,1,20
74665,74671,75163,492,6
75165,75165,75166,1,0
75165,75165,75166,1,0
75165,75165,75166,1,0
75165,75165,75166,1,0
75165,75165,75166,1,0
75165,75166,75167,1,1
75165,75165,75166,1,0
75165,75166,75167,1,1
75165,75166,75167,1,1
75165,75166,75167,1,1
75165,75166,75167,1,1
75165,75166,75167,1,1
75165,75165,75167,2,0
75165,75166,75167,1,1
75165,75167,75168,1,2
75165,75166,75167,1,1
75165,75167,75168,1,2
75165,75167,75168,1,2
75165,75166,75167,1,1
75165,75167,75168,1,2
75165,75166,75167,1,1
75165,75167,75168,1,2
75165,75167,75168,1,2
75165,75167,75168,1,2
75165,75167,75168,1,2
75165,75168,75169,1,3
75165,75168,75169,1,3
75165,75168,75169,1,3
75165,75168,75169,1,3
75165,75168,75169,1,3
75165,75168,75169,1,3
75165,75168,75169,1,3
75165,75168,75169,1,3
75165,75168,75169,1,3
75165,75165,75169,4,0
75165,75168,75169,1,3
75165,75169,75170,1,4
75165,75168,75169,1,3
75165,75169,75170,1,4
75165,75169,75170,1,4
75165,75169,75170,1,4
75165,75169,75170,1,4
75165,75169,75170,1,4
75165,75169,75170,1,4
75165,75169,75170,1,4
75165,75169,75170,1,4
75165,75169,75170,1,4
75165,75169,75170,1,4
75165,75170,75171,1,5
75165,75170,75171,1,5
75165,75170,75171,1,5
75165,75170,75171,1,5
75165,75170,75171,1,5
75165,75170,75171,1,5
75165,75170,75171,1,5
75165,75170,75171,1,5
75165,75170,75171,1,5
75165,75170,75171,1,5
75165,75170,75171,1,5
75165,75170,75171,1,5
75165,75171,75172,1,6
75165,75171,75172,1,6
75165,75170,75171,1,5
75165,75170,75171,1,5
75165,75170,75171,1,5
75165,75171,75172,1,6
75165,75171,75172,1,6
75165,75171,75172,1,6
75165,75171,75172,1,6
75165,75171,75172,1,6
75165,75171,75172,1,6
75165,75171,75172,1,6
75165,75171,75172,1,6
75165,75171,75172,1,6
75165,75171,75172,1,6
75165,75171,75172,1,6
75165,75172,75173,1,7
75165,75171,75172,1,6
75165,75172,75173,1,7
74473,74480,75182,702,7
75189,75191,75192,1,2
75189,75191,75192,1,2
75189,75191,75192,1,2
75189,75191,75192,1,2
75189,75191,75192,1,2
75189,75191,75192,1,2
75189,75191,75192,1,2
75189,75192,75193,1,3
75189,75191,75192,1,2
75189,75191,75192,1,2
75189,75191,75192,1,2
75189,75191,75192,1,2
75189,75191,75192,1,2
75189,75191,75192,1,2
75189,75191,75192,1,2
75189,75193,75194,1,4
75189,75193,75194,1,4
75189,75193,75194,1,4
75189,75193,75194,1,4
75189,75193,75194,1,4
75189,75193,75194,1,4
75189,75193,75194,1,4
75189,75193,75194,1,4
75189,75192,75193,1,3
75189,75192,75193,1,3
75189,75193,75194,1,4
75189,75193,75194,1,4
75189,75194,75195,1,5
75189,75194,75195,1,5
75189,75193,75194,1,4
75189,75194,75195,1,5
75189,75194,75195,1,5
75189,75193,75194,1,4
75189,75194,75195,1,5
75189,75194,75195,1,5
75189,75194,75195,1,5
75189,75194,75195,1,5
75189,75194,75195,1,5
75189,75194,75195,1,5
75189,75194,75195,1,5
75189,75195,75196,1,6
75189,75195,75196,1,6
75189,75195,75196,1,6
75189,75195,75196,1,6
75189,75195,75196,1,6
75189,75195,75196,1,6
75189,75195,75196,1,6
75189,75194,75195,1,5
75189,75195,75196,1,6
75189,75195,75196,1,6
75189,75195,75196,1,6
75189,75195,75196,1,6
75189,75195,75196,1,6
75189,75195,75196,1,6
75189,75195,75196,1,6
75189,75196,75197,1,7
75189,75196,75197,1,7
75189,75196,75197,1,7
75189,75196,75197,1,7
75189,75196,75197,1,7
75189,75196,75197,1,7
75189,75196,75197,1,7
75189,75196,75197,1,7
75189,75196,75197,1,7
75189,75196,75197,1,7
75189,75197,75198,1,8
75189,75197,75198,1,8
74692,74709,75202,493,17
74694,74709,75201,492,15
75216,75216,75217,1,0
75216,75216,75217,1,0
75216,75216,75217,1,0
75216,75216,75217,1,0
75216,75216,75217,1,0
75216,75216,75217,1,0
75216,75216,75217,1,0
75216,75217,75218,1,1
75216,75217,75218,1,1
75216,75217,75218,1,1
75216,75217,75218,1,1
75216,75217,75218,1,1
75216,75217,75218,1,1
75216,75218,75219,1,2
75216,75218,75219,1,2
75216,75217,75218,1,1
75216,75217,75219,2,1
75216,75217,75218,1,1
75216,75217,75218,1,1
75216,75218,75219,1,2
75216,75217,75218,1,1
75216,75217,75218,1,1
75216,75217,75218,1,1
75216,75218,75219,1,2
75216,75217,75219,2,1
75216,75217,75219,2,1
75216,75217,75219,2,1
75216,75218,75219,1,2
75216,75218,75219,1,2
75216,75219,75220,1,3
75216,75219,75220,1,3
75216,75219,75220,1,3
75216,75219,75220,1,3
75216,75219,75220,1,3
75216,75219,75220,1,3
75216,75219,75220,1,3
75216,75219,75220,1,3
75216,75219,75220,1,3
75216,75219,75220,1,3
75216,75219,75220,1,3
75216,75219,75220,1,3
75216,75219,75220,1,3
75216,75219,75220,1,3
75216,75219,75220,1,3
75216,75220,75221,1,4
75216,75220,75221,1,4
75216,75220,75221,1,4
75216,75220,75221,1,4
75216,75220,75221,1,4
75216,75220,75221,1,4
75216,75219,75221,2,3
75216,75220,75221,1,4
75216,75220,75221,1,4
75216,75220,75221,1,4
75216,75220,75221,1,4
75216,75220,75221,1,4
75216,75220,75221,1,4
75216,75220,75221,1,4
75216,75220,75221,1,4
75216,75220,75221,1,4
75216,75220,75221,1,4
75216,75221,75222,1,5
75216,75221,75222,1,5
75216,75221,75222,1,5
75216,75221,75222,1,5
75216,75221,75222,1,5
75216,75221,75222,1,5
75216,75221,75222,1,5
75216,75221,75222,1,5
75216,75221,75222,1,5
75216,75221,75222,1,5
75216,75221,75222,1,5
75216,75221,75222,1,5
75216,75221,75222,1,5
75216,75221,75222,1,5
75216,75221,75222,1,5
75216,75221,75222,1,5
75216,75221,75222,1,5
75216,75222,75223,1,6
75216,75222,75223,1,6
75216,75222,75223,1,6
75216,75222,75223,1,6
75216,75222,75223,1,6
75216,75222,75223,1,6
75216,75222,75223,1,6
75216,75222,75223,1,6
75218,75223,75224,1,5
75218,75223,75224,1,5
75218,75223,75224,1,5
75218,75223,75224,1,5
75218,75223,75224,1,5
75218,75223,75224,1,5
75218,75224,75225,1,6
75218,75224,75225,1,6
75218,75224,75225,1,6
75218,75224,75225,1,6
75218,75224,75225,1,6
75218,75224,75225,1,6
75218,75224,75225,1,6
75218,75224,75225,1,6
75218,75224,75225,1,6
75218,75224,75225,1,6
75218,75224,75225,1,6
75218,75224,75225,1,6
75218,75225,75226,1,7
75218,75225,75226,1,7
75218,75225,75226,1,7
75218,75225,75226,1,7
75218,75224,75226,2,6
75218,75226,75227,1,8
75218,75226,75227,1,8
75218,75227,75228,1,9
75218,75227,75228,1,9
75218,75226,75227,1,8
75218,75226,75227,1,8
75218,75226,75227,1,8
75218,75226,75227,1,8
75218,75226,75227,1,8
75218,75226,75227,1,8
75218,75226,75227,1,8
75218,75226,75227,1,8
75218,75226,75227,1,8
75218,75226,75227,1,8
75218,75227,75228,1,9
75218,75227,75228,1,9
75218,75228,75229,1,10
75218,75228,75229,1,10
75218,75228,75229,1,10
75218,75228,75229,1,10
75218,75228,75229,1,10
75218,75227,75229,2,9
75218,75228,75229,1,10
75218,75228,75229,1,10
75218,75229,75230,1,11
75218,75229,75230,1,11
75218,75229,75230,1,11
75218,75229,75230,1,11
75218,75229,75230,1,11
75218,75229,75230,1,11
75218,75229,75230,1,11
75218,75230,75231,1,12
75218,75230,75231,1,12
75218,75230,75231,1,12
75218,75230,75231,1,12
75218,75230,75231,1,12
75218,75230,75231,1,12
75218,75230,75231,1,12
75218,75230,75231,1,12
75218,75230,75231,1,12
75218,75231,75232,1,13
75218,75231,75232,1,13
74543,74555,75267,712,12
75269,75269,75270,1,0
75269,75269,75270,1,0
75269,75269,75270,1,0
75269,75269,75270,1,0
75269,75269,75270,1,0
75269,75269,75270,1,0
75269,75269,75270,1,0
75269,75269,75270,1,0
75269,75269,75270,1,0
75269,75269,75270,1,0
75269,75269,75270,1,0
75269,75269,75270,1,0
75269,75269,75270,1,0
75269,75270,75271,1,1
75269,75270,75271,1,1
75269,75270,75271,1,1
75269,75270,75271,1,1
75269,75270,75271,1,1
75269,75270,75271,1,1
75269,75270,75272,2,1
75269,75270,75272,2,1
75269,75270,75272,2,1
75269,75270,75272,2,1
75269,75270,75271,1,1
75269,75270,75272,2,1
75269,75270,75272,2,1
75269,75270,75272,2,1
75269,75269,75273,4,0
75269,75270,75272,2,1
75269,75271,75273,2,2
75269,75271,75272,1,2
75269,75271,75273,2,2
75269,75271,75273,2,2
75269,75271,75273,2,2
75269,75273,75274,1,4
75269,75272,75274,2,3
75269,75273,75274,1,4
75269,75273,75274,1,4
75269,75273,75274,1,4
75269,75273,75274,1,4
75269,75273,75274,1,4
75269,75273,75274,1,4
75269,75273,75275,2,4
75269,75273,75274,1,4
75269,75273,75274,1,4
75269,75274,75275,1,5
75269,75275,75276,1,6
75269,75275,75276,1,6
75269,75275,75276,1,6
75269,75275,75276,1,6
75269,75275,75276,1,6
75269,75276,75277,1,7
75269,75277,75278,1,8
75269,75277,75278,1,8
75269,75278,75279,1,9
75269,75278,75279,1,9
75269,75277,75278,1,8
75269,75278,75279,1,9
75269,75281,75282,1,12
74573,74578,75282,704,5
75269,75281,75283,2,12
75284,75284,75285,1,0
75284,75284,75285,1,0
75284,75284,75285,1,0
75284,75284,75285,1,0
75284,75284,75285,1,0
75284,75284,75285,1,0
75284,75284,75285,1,0
75284,75285,75286,1,1
75284,75285,75286,1,1
75284,75285,75286,1,1
75284,75285,75286,1,1
75269,75278,75285,7,9
75284,75285,75287,2,1
75284,75285,75286,1,1
75284,75286,75287,1,2
75284,75286,75287,1,2
75284,75286,75287,1,2
75284,75285,75286,1,1
75284,75285,75286,1,1
75284,75286,75287,1,2
75284,75286,75288,2,2
75284,75286,75287,1,2
75284,75287,75288,1,3
75284,75287,75288,1,3
75284,75287,75288,1,3
75284,75287,75288,1,3
75284,75287,75288,1,3
75284,75287,75288,1,3
75284,75287,75288,1,3
75284,75287,75288,1,3
75284,75285,75287,2,1
75284,75286,75287,1,2
75284,75288,75289,1,4
75284,75287,75288,1,3
75284,75288,75289,1,4
75284,75288,75289,1,4
75284,75288,75289,1,4
75284,75288,75289,1,4
75284,75288,75289,1,4
75284,75288,75289,1,4
75284,75288,75289,1,4
75284,75288,75289,1,4
75284,75288,75289,1,4
75284,75288,75289,1,4
75284,75288,75289,1,4
75284,75287,75289,2,3
75284,75289,75290,1,5
75284,75289,75290,1,5
75284,75289,75290,1,5
75284,75289,75290,1,5
75284,75289,75290,1,5
75284,75289,75290,1,5
75284,75289,75290,1,5
75284,75289,75290,1,5
75284,75289,75290,1,5
75284,75288,75289,1,4
75284,75289,75290,1,5
75284,75290,75291,1,6
75284,75290,75291,1,6
75284,75290,75291,1,6
75284,75290,75291,1,6
75284,75290,75291,1,6
75284,75290,75291,1,6
75284,75290,75291,1,6
75284,75290,75291,1,6
75284,75290,75291,1,6
75284,75290,75291,1,6
75284,75290,75291,1,6
75284,75290,75291,1,6
75284,75290,75291,1,6
75284,75290,75291,1,6
75284,75291,75292,1,7
75284,75290,75291,1,6
75284,75291,75292,1,7
75284,75291,75292,1,7
75284,75291,75292,1,7
75284,75291,75292,1,7
75284,75291,75292,1,7
75284,75291,75292,1,7
75284,75291,75292,1,7
75284,75291,75292,1,7
75284,75291,75292,1,7
75284,75291,75292,1,7
75284,75291,75292,1,7
75284,75293,75295,2,9
75284,75293,75295,2,9
74891,74898,75373,475,7
75375,75375,75376,1,0
75375,75375,75376,1,0
75375,75375,75376,1,0
75375,75375,75376,1,0
75375,75375,75376,1,0
75375,75375,75376,1,0
75375,75375,75376,1,0
75375,75375,75376,1,0
75375,75375,75377,2,0
75375,75376,75377,1,1
75375,75375,75377,2,0
75375,75376,75377,1,1
75375,75376,75377,1,1
75375,75376,75378,2,1
75375,75377,75378,1,2
75375,75377,75378,1,2
75375,75377,75378,1,2
75375,75377,75378,1,2
75375,75377,75378,1,2
75375,75377,75379,2,2
75375,75377,75378,1,2
75375,75377,75378,1,2
75375,75377,75378,1,2
75375,75378,75379,1,3
75375,75377,75379,2,2
75375,75378,75379,1,3
75375,75378,75380,2,3
75375,75378,75380,2,3
75375,75378,75380,2,3
75375,75379,75380,1,4
75375,75379,75380,1,4
75375,75379,75380,1,4
75375,75379,75380,1,4
75375,75379,75380,1,4
75375,75379,75380,1,4
75375,75379,75380,1,4
75375,75379,75380,1,4
75375,75379,75380,1,4
75375,75381,75382,1,6
75375,75381,75382,1,6
75375,75380,75381,1,5
75375,75381,75382,1,6
75375,75381,75382,1,6
75375,75381,75382,1,6
75375,75380,75381,1,5
75375,75381,75382,1,6
75375,75381,75382,1,6
75375,75381,75382,1,6
75375,75378,75382,4,3
75375,75380,75381,1,5
75375,75381,75382,1,6
75375,75381,75382,1,6
75375,75381,75382,1,6
75375,75381,75382,1,6
75375,75382,75383,1,7
75375,75382,75383,1,7
75375,75382,75383,1,7
75375,75382,75383,1,7
75375,75382,75383,1,7
75375,75379,75383,4,4
75375,75383,75384,1,8
75375,75383,75384,1,8
75375,75383,75384,1,8
75375,75383,75384,1,8
75375,75384,75385,1,9
75375,75384,75385,1,9
75375,75383,75385,2,8
75375,75384,75385,1,9
75375,75384,75385,1,9
75375,75384,75385,1,9
75375,75384,75385,1,9
75375,75384,75385,1,9
75375,75383,75385,2,8
75375,75384,75385,1,9
75375,75385,75386,1,10
75375,75384,75385,1,9
75375,75384,75386,2,9
74917,74924,75392,468,7
75404,75404,75405,1,0
75404,75404,75405,1,0
75404,75404,75405,1,0
75404,75405,75406,1,1
75404,75405,75406,1,1
75404,75405,75407,2,1
75404,75405,75406,1,1
75404,75405,75406,1,1
75404,75405,75406,1,1
75404,75405,75406,1,1
75404,75405,75406,1,1
75404,75405,75406,1,1
75404,75405,75406,1,1
75404,75404,75407,3,0
75404,75405,75407,2,1
75404,75405,75407,2,1
75404,75406,75407,1,2
75404,75406,75408,2,2
75404,75407,75408,1,3
75404,75407,75408,1,3
75404,75407,75409,2,3
75404,75407,75408,1,3
75404,75407,75408,1,3
75404,75407,75408,1,3
75404,75407,75408,1,3
75404,75407,75408,1,3
75404,75407,75408,1,3
75404,75407,75408,1,3
75404,75404,75409,5,0
75404,75408,75409,1,4
75404,75408,75410,2,4
75404,75409,75410,1,5
75404,75409,75410,1,5
75404,75409,75410,1,5
75404,75409,75410,1,5
75404,75408,75409,1,4
75404,75409,75410,1,5
75404,75409,75410,1,5
75404,75409,75410,1,5
75404,75409,75411,2,5
75404,75409,75410,1,5
75404,75409,75410,1,5
75404,75409,75410,1,5
75404,75410,75411,1,6
75404,75410,75411,1,6
75404,75410,75411,1,6
75404,75410,75411,1,6
75404,75410,75411,1,6
75404,75410,75411,1,6
75404,75410,75411,1,6
75404,75410,75411,1,6
75404,75410,75411,1,6
75404,75410,75411,1,6
75404,75410,75411,1,6
75404,75411,75412,1,7
75404,75411,75412,1,7
75404,75411,75412,1,7
75404,75411,75412,1,7
75404,75411,75412,1,7
75404,75411,75412,1,7
75404,75411,75412,1,7
75404,75411,75412,1,7
75404,75411,75412,1,7
75404,75411,75412,1,7
75404,75411,75412,1,7
75404,75412,75413,1,8
75404,75412,75413,1,8
75404,75411,75412,1,7
75404,75412,75413,1,8
75404,75412,75413,1,8
75404,75412,75413,1,8
75404,75412,75413,1,8
75404,75412,75413,1,8
75404,75412,75413,1,8
75404,75412,75413,1,8
75404,75412,75413,1,8
75404,75412,75413,1,8
75404,75412,75413,1,8
75404,75413,75414,1,9
75404,75413,75414,1,9
75404,75413,75414,1,9
75404,75413,75414,1,9
75404,75413,75414,1,9
75404,75413,75414,1,9
75404,75408,75417,9,4
75404,75411,75419,8,7
74955,74969,75456,487,14
75458,75458,75459,1,0
75458,75458,75459,1,0
75458,75458,75459,1,0
75458,75458,75459,1,0
75458,75458,75459,1,0
75458,75458,75459,1,0
75458,75458,75460,2,0
75458,75458,75460,2,0
75458,75459,75460,1,1
75458,75459,75460,1,1
75458,75459,75460,1,1
75458,75459,75460,1,1
75458,75459,75460,1,1
75458,75459,75460,1,1
75458,75459,75461,2,1
75458,75459,75460,1,1
75458,75459,75460,1,1
75458,75459,75460,1,1
75458,75458,75461,3,0
75458,75460,75461,1,2
75458,75461,75462,1,3
75458,75460,75462,2,2
75458,75460,75462,2,2
75458,75461,75463,2,3
75458,75460,75462,2,2
75458,75461,75463,2,3
75458,75461,75463,2,3
75458,75461,75462,1,3
75458,75461,75462,1,3
75458,75461,75463,2,3
75458,75461,75463,2,3
75458,75461,75463,2,3
75458,75461,75462,1,3
75458,75461,75462,1,3
75458,75461,75463,2,3
75458,75462,75463,1,4
75458,75462,75463,1,4
75458,75463,75464,1,5
75458,75463,75464,1,5
75458,75463,75464,1,5
75458,75463,75464,1,5
75458,75463,75464,1,5
75458,75463,75464,1,5
75458,75463,75464,1,5
75458,75463,75464,1,5
75458,75463,75464,1,5
75458,75464,75465,1,6
75458,75463,75465,2,5
75458,75463,75465,2,5
75458,75461,75465,4,3
75458,75464,75465,1,6
75458,75464,75465,1,6
75458,75464,75465,1,6
75458,75464,75465,1,6
75458,75464,75465,1,6
75458,75464,75465,1,6
75458,75464,75465,1,6
75458,75464,75465,1,6
75458,75464,75465,1,6
75458,75464,75465,1,6
75458,75464,75465,1,6
75458,75463,75465,2,5
75458,75463,75465,2,5
75458,75465,75466,1,7
75458,75465,75466,1,7
75458,75465,75466,1,7
75458,75465,75466,1,7
75458,75465,75466,1,7
75458,75465,75466,1,7
75458,75465,75466,1,7
75458,75465,75466,1,7
75458,75465,75466,1,7
75458,75465,75466,1,7
75458,75466,75467,1,8
75458,75466,75467,1,8
75458,75465,75466,1,7
75458,75466,75468,2,8
75458,75466,75468,2,8
75458,75466,75468,2,8
75034,75040,75517,477,6
75517,75517,75518,1,0
75517,75517,75518,1,0
75517,75517,75518,1,0
75517,75517,75518,1,0
75517,75517,75518,1,0
75517,75517,75518,1,0
75517,75517,75518,1,0
75517,75517,75518,1,0
75517,75517,75518,1,0
75517,75517,75518,1,0
75517,75517,75518,1,0
75517,75517,75518,1,0
75517,75517,75519,2,0
75517,75517,75518,1,0
75517,75517,75518,1,0
75517,75517,75518,1,0
75517,75518,75519,1,1
75517,75518,75519,1,1
75517,75518,75519,1,1
75517,75518,75519,1,1
75517,75518,75519,1,1
75517,75518,75519,1,1
75517,75518,75519,1,1
75517,75518,75519,1,1
75517,75518,75519,1,1
75517,75518,75519,1,1
75517,75518,75519,1,1
75517,75518,75519,1,1
75517,75519,75521,2,2
75517,75519,75521,2,2
75517,75519,75521,2,2
75517,75520,75521,1,3
75517,75520,75521,1,3
75517,75520,75521,1,3
75517,75520,75521,1,3
75517,75520,75521,1,3
75517,75520,75521,1,3
75517,75520,75521,1,3
75517,75520,75521,1,3
75517,75520,75521,1,3
75517,75522,75523,1,5
75517,75522,75523,1,5
75517,75521,75523,2,4
75517,75522,75523,1,5
75517,75522,75523,1,5
75517,75524,75525,1,7
75517,75525,75526,1,8
75517,75525,75526,1,8
75517,75517,75527,10,0
75517,75522,75529,7,5
74805,74812,75559,747,7
75560,75560,75561,1,0
75560,75560,75561,1,0
75560,75560,75561,1,0
75560,75560,75561,1,0
75560,75560,75561,1,0
75560,75560,75561,1,0
75560,75560,75561,1,0
75560,75560,75561,1,0
75560,75560,75561,1,0
75560,75560,75561,1,0
75560,75561,75562,1,1
75560,75561,75562,1,1
75560,75560,75562,2,0
75560,75560,75561,1,0
75560,75560,75562,2,0
75560,75561,75563,2,1
75560,75561,75563,2,1
75560,75561,75563,2,1
75560,75561,75563,2,1
75560,75561,75563,2,1
75560,75561,75563,2,1
75560,75561,75563,2,1
75560,75561,75563,2,1
75560,75562,75564,2,2
75560,75562,75564,2,2
75560,75562,75563,1,2
75560,75562,75564,2,2
75560,75562,75564,2,2
75560,75560,75565,5,0
75560,75562,75564,2,2
75560,75563,75565,2,3
75560,75563,75565,2,3
75560,75563,75565,2,3
75560,75563,75565,2,3
75560,75563,75565,2,3
75560,75563,75565,2,3
75560,75563,75565,2,3
75560,75564,75565,1,4
75560,75563,75566,3,3
75560,75564,75566,2,4
75560,75564,75566,2,4
75560,75564,75566,2,4
75560,75564,75566,2,4
75560,75566,75567,1,6
75560,75565,75566,1,5
75560,75565,75567,2,5
75560,75565,75567,2,5
75560,75566,75567,1,6
75560,75566,75567,1,6
75560,75565,75567,2,5
75560,75560,75568,8,0
75560,75567,75568,1,7
75560,75566,75568,2,6
75560,75567,75568,1,7
75560,75567,75568,1,7
75560,75567,75568,1,7
75560,75568,75569,1,8
75560,75568,75569,1,8
75560,75568,75569,1,8
74833,74841,75589,748,8
75590,75590,75591,1,0
75590,75590,75591,1,0
75590,75590,75591,1,0
75590,75590,75591,1,0
75590,75590,75591,1,0
75590,75590,75591,1,0
75590,75590,75591,1,0
75590,75590,75591,1,0
75590,75590,75591,1,0
75590,75590,75591,1,0
75590,75590,75591,1,0
75590,75590,75591,1,0
75590,75590,75591,1,0
75590,75590,75591,1,0
75590,75590,75592,2,0
75590,75590,75592,2,0
75590,75590,75593,3,0
75590,75591,75593,2,1
75590,75591,75593,2,1
75590,75591,75593,2,1
75590,75591,75593,2,1
75590,75591,75593,2,1
75590,75591,75593,2,1
75590,75591,75593,2,1
75590,75591,75593,2,1
75590,75591,75593,2,1
75590,75591,75593,2,1
75590,75592,75594,2,2
75590,75591,75593,2,1
75590,75592,75594,2,2
75590,75592,75594,2,2
75590,75592,75594,2,2
75590,75593,75595,2,3
75590,75593,75595,2,3
75590,75594,75595,1,4
75590,75594,75595,1,4
75590,75594,75595,1,4
75590,75594,75595,1,4
75590,75594,75595,1,4
75590,75594,75595,1,4
75590,75594,75595,1,4
75590,75594,75595,1,4
75590,75594,75595,1,4
75590,75594,75595,1,4
75590,75593,75595,2,3
75590,75595,75596,1,5
75590,75595,75596,1,5
75590,75595,75596,1,5
75590,75596,75597,1,6
75590,75596,75597,1,6
75590,75596,75597,1,6
75590,75595,75596,1,5
75590,75596,75597,1,6
75590,75597,75598,1,7
75590,75597,75598,1,7
75590,75597,75598,1,7
75590,75597,75598,1,7
75590,75597,75598,1,7
75590,75598,75599,1,8
75590,75598,75599,1,8
75590,75598,75599,1,8
75590,75598,75599,1,8
75590,75598,75599,1,8
75590,75598,75599,1,8
75590,75598,75599,1,8
75590,75598,75599,1,8
75590,75599,75600,1,9
74953,74961,75666,705,8
75668,75668,75669,1,0
75668,75668,75669,1,0
75668,75668,75669,1,0
75668,75668,75669,1,0
75668,75668,75669,1,0
75668,75668,75669,1,0
75668,75668,75669,1,0
75668,75668,75669,1,0
75668,75668,75669,1,0
75668,75668,75669,1,0
75668,75668,75669,1,0
75668,75668,75670,2,0
75668,75669,75670,1,1
75668,75669,75670,1,1
75668,75668,75671,3,0
75668,75669,75671,2,1
75668,75669,75671,2,1
75668,75669,75671,2,1
75668,75669,75671,2,1
75668,75669,75671,2,1
75668,75669,75671,2,1
75668,75669,75671,2,1
75668,75669,75671,2,1
75668,75669,75671,2,1
75668,75669,75671,2,1
75668,75669,75671,2,1
75668,75669,75671,2,1
75668,75670,75671,1,2
75668,75671,75672,1,3
75668,75671,75673,2,3
75668,75670,75672,2,2
75668,75671,75673,2,3
75668,75671,75673,2,3
75668,75672,75673,1,4
75668,75672,75673,1,4
75668,75672,75673,1,4
75668,75672,75673,1,4
75668,75672,75673,1,4
75668,75672,75673,1,4
75668,75672,75673,1,4
75668,75672,75673,1,4
75668,75672,75673,1,4
75668,75672,75673,1,4
75668,75672,75673,1,4
75668,75671,75673,2,3
75668,75673,75674,1,5
75668,75674,75675,1,6
75668,75674,75675,1,6
75668,75673,75674,1,5
75668,75673,75675,2,5
75668,75674,75675,1,6
75668,75674,75675,1,6
75668,75674,75675,1,6
75668,75675,75676,1,7
75668,75675,75676,1,7
75668,75675,75676,1,7
75668,75676,75677,1,8
75668,75676,75677,1,8
75668,75676,75677,1,8
75668,75676,75677,1,8
75668,75677,75678,1,9
74981,74988,75685,697,7
75696,75696,75697,1,0
75696,75696,75697,1,0
75696,75696,75697,1,0
75696,75696,75697,1,0
75696,75696,75697,1,0
75696,75696,75697,1,0
75696,75696,75697,1,0
75696,75696,75697,1,0
75696,75696,75697,1,0
75696,75696,75698,2,0
75696,75696,75697,1,0
75696,75696,75697,1,0
75696,75697,75698,1,1
75696,75697,75698,1,1
75696,75697,75698,1,1
75696,75697,75699,2,1
75696,75697,75698,1,1
75696,75697,75698,1,1
75696,75697,75698,1,1
75696,75697,75698,1,1
75696,75697,75698,1,1
75696,75697,75699,2,1
75696,75697,75698,1,1
75696,75697,75698,1,1
75696,75697,75698,1,1
75696,75697,75698,1,1
75696,75699,75700,1,3
75696,75699,75700,1,3
75696,75699,75700,1,3
75696,75699,75700,1,3
75696,75699,75700,1,3
75696,75699,75700,1,3
75696,75699,75700,1,3
75696,75699,75700,1,3
75696,75698,75699,1,2
75696,75699,75700,1,3
75696,75698,75699,1,2
75696,75699,75700,1,3
75696,75699,75700,1,3
75696,75698,75700,2,2
75696,75699,75700,1,3
75696,75699,75700,1,3
75696,75699,75700,1,3
75696,75700,75701,1,4
75696,75700,75701,1,4
75696,75700,75701,1,4
75696,75700,75701,1,4
75696,75700,75701,1,4
75696,75700,75701,1,4
75696,75700,75701,1,4
75696,75700,75701,1,4
75696,75700,75701,1,4
75696,75700,75701,1,4
75696,75701,75702,1,5
75696,75701,75702,1,5
75696,75701,75702,1,5
75696,75701,75702,1,5
75696,75701,75702,1,5
75696,75701,75702,1,5
75696,75701,75702,1,5
75696,75701,75702,1,5
75696,75701,75702,1,5
75696,75701,75702,1,5
75696,75701,75702,1,5
75696,75701,75703,2,5
75696,75702,75703,1,6
75696,75702,75703,1,6
75696,75702,75703,1,6
75696,75702,75703,1,6
75696,75703,75704,1,7
75696,75703,75704,1,7
75696,75703,75704,1,7
75696,75703,75704,1,7
75696,75703,75704,1,7
75001,75008,75706,698,7
75723,75723,75724,1,0
75723,75723,75724,1,0
75723,75723,75724,1,0
75723,75723,75724,1,0
75723,75723,75724,1,0
75723,75723,75724,1,0
75723,75723,75724,1,0
75723,75723,75724,1,0
75723,75723,75724,1,0
75723,75723,75724,1,0
75723,75723,75724,1,0
75723,75723,75724,1,0
75723,75723,75724,1,0
75723,75723,75724,1,0
75723,75724,75725,1,1
75723,75724,75725,1,1
75723,75724,75725,1,1
75723,75724,75725,1,1
75723,75724,75725,1,1
75723,75724,75725,1,1
75723,75724,75725,1,1
75723,75723,75724,1,0
75723,75724,75725,1,1
75723,75724,75725,1,1
75723,75724,75725,1,1
75723,75724,75725,1,1
75723,75723,75725,2,0
75723,75724,75725,1,1
75723,75725,75726,1,2
75723,75724,75726,2,1
75723,75724,75726,2,1
75723,75725,75726,1,2
75723,75725,75726,1,2
75723,75725,75726,1,2
75723,75725,75726,1,2
75723,75725,75726,1,2
75723,75725,75726,1,2
75723,75725,75726,1,2
75723,75726,75727,1,3
75723,75725,75727,2,2
75723,75725,75727,2,2
75723,75725,75727,2,2
75723,75725,75726,1,2
75723,75726,75727,1,3
75723,75726,75727,1,3
75723,75726,75727,1,3
75723,75726,75728,2,3
75723,75726,75728,2,3
75723,75727,75728,1,4
75723,75727,75728,1,4
75723,75727,75728,1,4
75723,75727,75728,1,4
75723,75726,75727,1,3
75723,75726,75728,2,3
75723,75727,75729,2,4
75723,75727,75728,1,4
75723,75728,75729,1,5
75723,75728,75729,1,5
75723,75728,75729,1,5
75723,75723,75729,6,0
75723,75730,75731,1,7
75723,75731,75732,1,8
75723,75730,75731,1,7
75015,75022,75770,748,7
75771,75771,75772,1,0
75771,75771,75772,1,0
75771,75771,75772,1,0
75771,75771,75772,1,0
75771,75771,75772,1,0
75771,75771,75772,1,0
75771,75771,75772,1,0
75771,75771,75772,1,0
75771,75771,75772,1,0
75771,75771,75772,1,0
75771,75771,75772,1,0
75771,75771,75772,1,0
75771,75771,75772,1,0
75771,75771,75772,1,0
75771,75772,75773,1,1
75771,75772,75773,1,1
75771,75772,75774,2,1
75771,75773,75774,1,2
75771,75773,75774,1,2
75771,75773,75774,1,2
75771,75773,75774,1,2
75771,75773,75774,1,2
75771,75773,75774,1,2
75771,75773,75774,1,2
75771,75773,75775,2,2
75771,75774,75775,1,3
75771,75774,75775,1,3
75771,75774,75775,1,3
75771,75774,75775,1,3
75771,75774,75775,1,3
75771,75774,75775,1,3
75771,75774,75775,1,3
75771,75774,75775,1,3
75771,75775,75776,1,4
75771,75776,75777,1,5
75771,75775,75776,1,4
75771,75775,75776,1,4
75771,75775,75776,1,4
75771,75775,75776,1,4
75771,75775,75776,1,4
75771,75775,75776,1,4
75771,75776,75777,1,5
75771,75776,75777,1,5
75053,75059,75777,718,6
75771,75775,75777,2,4
75771,75776,75777,1,5
75771,75776,75777,1,5
75771,75776,75777,1,5
75771,75776,75777,1,5
75771,75776,75777,1,5
75771,75777,75778,1,6
75771,75777,75778,1,6
75771,75777,75778,1,6
75771,75778,75779,1,7
75771,75777,75779,2,6
75771,75778,75779,1,7
75771,75778,75779,1,7
75771,75778,75779,1,7
75771,75778,75779,1,7
75771,75778,75779,1,7
75771,75778,75779,1,7
75771,75778,75779,1,7
75771,75778,75779,1,7
75771,75779,75780,1,8
75771,75779,75780,1,8
75771,75779,75780,1,8
75771,75779,75780,1,8
75771,75779,75780,1,8
75771,75779,75780,1,8
75771,75779,75780,1,8
75771,75779,75780,1,8
75771,75776,75779,3,5
75771,75779,75780,1,8
75771,75779,75780,1,8
75779,75780,75781,1,1
75771,75779,75780,1,8
75779,75780,75781,1,1
75779,75780,75781,1,1
75779,75780,75781,1,1
75779,75780,75781,1,1
75779,75780,75781,1,1
75779,75780,75781,1,1
75779,75780,75781,1,1
75779,75780,75781,1,1
75779,75780,75781,1,1
75779,75780,75781,1,1
75779,75781,75782,1,2
75779,75781,75782,1,2
75779,75781,75782,1,2
75779,75780,75781,1,1
75779,75781,75782,1,2
75779,75781,75782,1,2
75779,75781,75782,1,2
75779,75781,75782,1,2
75779,75781,75782,1,2
75779,75781,75782,1,2
75779,75781,75782,1,2
75779,75782,75783,1,3
75779,75781,75782,1,2
75779,75781,75782,1,2
75779,75782,75783,1,3
75779,75782,75783,1,3
75779,75781,75783,2,2
75779,75781,75783,2,2
75779,75782,75783,1,3
75779,75781,75783,2,2
75779,75783,75784,1,4
75779,75783,75784,1,4
75779,75783,75784,1,4
75779,75782,75784,2,3
75779,75783,75784,1,4
75779,75783,75784,1,4
75779,75783,75784,1,4
75779,75783,75784,1,4
75779,75783,75784,1,4
75779,75783,75784,1,4
75779,75783,75784,1,4
75779,75784,75785,1,5
75779,75784,75785,1,5
75779,75784,75785,1,5
75779,75785,75786,1,6
75779,75785,75786,1,6
75779,75785,75786,1,6
75779,75785,75786,1,6
75779,75785,75786,1,6
75779,75784,75785,1,5
75779,75785,75786,1,6
75779,75785,75786,1,6
75779,75785,75786,1,6
75779,75785,75786,1,6
75779,75786,75787,1,7
75779,75786,75787,1,7
75779,75786,75787,1,7
75779,75786,75787,1,7
75779,75786,75787,1,7
75779,75786,75787,1,7
75779,75786,75787,1,7
75779,75786,75787,1,7
75779,75786,75787,1,7
75779,75786,75787,1,7
75779,75787,75788,1,8
75779,75787,75788,1,8
75779,75787,75788,1,8
75779,75787,75788,1,8
75779,75787,75788,1,8
75779,75787,75788,1,8
75779,75787,75788,1,8
75087,75093,75809,716,6
75090,75103,75814,711,13
75816,75816,75817,1,0
75816,75816,75817,1,0
75816,75816,75817,1,0
75816,75816,75817,1,0
75816,75816,75817,1,0
75816,75816,75817,1,0
75816,75816,75817,1,0
75816,75816,75817,1,0
75816,75816,75817,1,0
75816,75816,75817,1,0
75816,75816,75817,1,0
75816,75816,75817,1,0
75816,75816,75818,2,0
75816,75816,75817,1,0
75816,75816,75818,2,0
75816,75816,75818,2,0
75816,75816,75818,2,0
75816,75816,75818,2,0
75816,75818,75819,1,2
75816,75817,75819,2,1
75816,75817,75819,2,1
75816,75818,75819,1,2
75816,75818,75819,1,2
75816,75817,75819,2,1
75816,75818,75819,1,2
75816,75818,75819,1,2
75816,75818,75819,1,2
75816,75818,75819,1,2
75816,75818,75819,1,2
75816,75818,75819,1,2
75816,75818,75820,2,2
75816,75818,75820,2,2
75816,75819,75820,1,3
75816,75819,75820,1,3
75816,75819,75820,1,3
75816,75820,75821,1,4
75816,75820,75821,1,4
75816,75820,75821,1,4
75816,75819,75821,2,3
75816,75819,75820,1,3
75816,75820,75821,1,4
75816,75821,75822,1,5
75816,75821,75822,1,5
75816,75821,75822,1,5
75816,75821,75822,1,5
75816,75821,75822,1,5
75816,75821,75822,1,5
75816,75822,75823,1,6
75816,75822,75823,1,6
75816,75822,75823,1,6
75816,75822,75823,1,6
75816,75822,75823,1,6
75816,75823,75824,1,7
75816,75823,75824,1,7
75816,75823,75824,1,7
75816,75823,75824,1,7
75816,75823,75824,1,7
75816,75823,75824,1,7
75819,75824,75825,1,5
75819,75824,75825,1,5
75819,75824,75825,1,5
75819,75824,75825,1,5
75819,75824,75825,1,5
75819,75824,75825,1,5
75819,75824,75825,1,5
75819,75825,75826,1,6
75819,75825,75826,1,6
75819,75825,75826,1,6
75819,75825,75826,1,6
75819,75825,75826,1,6
75819,75825,75826,1,6
75819,75825,75826,1,6
75819,75825,75826,1,6
75819,75825,75826,1,6
75819,75825,75826,1,6
75819,75825,75826,1,6
75819,75825,75827,2,6
75819,75825,75827,2,6
75819,75825,75827,2,6
75819,75825,75827,2,6
75819,75826,75827,1,7
75819,75827,75828,1,8
75819,75827,75828,1,8
75819,75827,75828,1,8
75819,75827,75828,1,8
75819,75827,75828,1,8
75819,75827,75828,1,8
75819,75827,75828,1,8
75819,75827,75828,1,8
75819,75827,75828,1,8
75819,75828,75829,1,9
75819,75827,75828,1,8
75819,75828,75829,1,9
75819,75828,75829,1,9
75819,75828,75829,1,9
75819,75828,75829,1,9
75819,75828,75829,1,9
75819,75828,75829,1,9
75819,75828,75829,1,9
75819,75828,75829,1,9
75819,75828,75829,1,9
75819,75828,75829,1,9
75819,75828,75829,1,9
75819,75828,75829,1,9
75819,75828,75829,1,9
75819,75829,75830,1,10
75819,75829,75830,1,10
75819,75829,75830,1,10
75819,75829,75830,1,10
75819,75829,75830,1,10
75819,75829,75830,1,10
75819,75829,75830,1,10
75819,75829,75830,1,10
75819,75829,75830,1,10
75819,75830,75831,1,11
75819,75829,75830,1,10
75819,75829,75830,1,10
75819,75830,75831,1,11
75819,75830,75831,1,11
75819,75830,75831,1,11
75819,75830,75831,1,11
75819,75831,75832,1,12
75819,75831,75832,1,12
75819,75831,75832,1,12
75819,75831,75832,1,12
75819,75831,75832,1,12
75819,75831,75832,1,12
75819,75831,75832,1,12
75819,75831,75832,1,12
75819,75831,75832,1,12
75819,75831,75832,1,12
75819,75831,75832,1,12
75819,75831,75832,1,12
75819,75832,75833,1,13
75819,75832,75833,1,13
75819,75832,75833,1,13
75819,75832,75833,1,13
75819,75832,75833,1,13
75819,75827,75833,6,8
75093,75111,75835,724,18
75842,75842,75843,1,0
75842,75842,75843,1,0
75842,75842,75843,1,0
75842,75842,75843,1,0
75842,75842,75843,1,0
75842,75842,75843,1,0
75842,75842,75843,1,0
75842,75842,75843,1,0
75842,75842,75843,1,0
75842,75842,75843,1,0
75842,75842,75843,1,0
75842,75842,75843,1,0
75842,75842,75844,2,0
75842,75843,75844,1,1
75842,75842,75844,2,0
75842,75843,75844,1,1
75842,75843,75844,1,1
75842,75843,75844,1,1
75842,75842,75844,2,0
75842,75843,75844,1,1
75842,75843,75844,1,1
75842,75843,75845,2,1
75842,75842,75845,3,0
75842,75843,75845,2,1
75842,75843,75845,2,1
75842,75843,75844,1,1
75842,75843,75845,2,1
75842,75845,75846,1,3
75842,75844,75846,2,2
75842,75844,75846,2,2
75842,75844,75845,1,2
75842,75844,75846,2,2
75842,75845,75846,1,3
75842,75845,75846,1,3
75842,75845,75846,1,3
75842,75846,75847,1,4
75842,75845,75847,2,3
75842,75846,75847,1,4
75842,75845,75847,2,3
75842,75846,75847,1,4
75842,75846,75847,1,4
75842,75847,75848,1,5
75842,75847,75848,1,5
75842,75847,75848,1,5
75842,75847,75848,1,5
75842,75848,75849,1,6
75842,75848,75849,1,6
75842,75848,75849,1,6
75842,75848,75849,1,6
75842,75848,75849,1,6
75842,75848,75849,1,6
75842,75842,75849,7,0
75842,75848,75849,1,6
75842,75849,75850,1,7
75842,75849,75850,1,7
75842,75849,75850,1,7
75842,75849,75850,1,7
75842,75849,75850,1,7
75842,75849,75850,1,7
75842,75849,75850,1,7
75842,75849,75850,1,7
75842,75849,75850,1,7
75842,75850,75851,1,8
75191,75197,75895,698,6
75896,75896,75897,1,0
75896,75896,75897,1,0
75896,75896,75897,1,0
75896,75896,75897,1,0
75896,75896,75897,1,0
75896,75896,75897,1,0
75896,75896,75897,1,0
75896,75896,75897,1,0
75896,75896,75897,1,0
75896,75896,75897,1,0
75896,75896,75897,1,0
75896,75896,75897,1,0
75896,75896,75897,1,0
75896,75896,75897,1,0
75896,75896,75898,2,0
75896,75896,75898,2,0
75896,75896,75897,1,0
75896,75897,75899,2,1
75896,75897,75899,2,1
75896,75897,75899,2,1
75896,75897,75899,2,1
75896,75897,75899,2,1
75896,75897,75899,2,1
75896,75897,75899,2,1
75896,75897,75899,2,1
75896,75897,75899,2,1
75896,75897,75898,1,1
75896,75898,75899,1,2
75896,75898,75899,1,2
75896,75898,75899,1,2
75896,75898,75899,1,2
75896,75898,75900,2,2
75896,75898,75900,2,2
75896,75898,75900,2,2
75896,75899,75900,1,3
75896,75899,75900,1,3
75896,75900,75901,1,4
75896,75900,75901,1,4
75896,75900,75901,1,4
75896,75899,75901,2,3
75896,75899,75901,2,3
75896,75899,75901,2,3
75166,75172,75901,729,6
75896,75900,75901,1,4
75896,75900,75901,1,4
75896,75900,75901,1,4
75896,75900,75901,1,4
75896,75901,75902,1,5
75896,75901,75902,1,5
75896,75902,75903,1,6
75896,75901,75902,1,5
75896,75901,75902,1,5
75896,75901,75902,1,5
75896,75902,75903,1,6
75896,75902,75903,1,6
75896,75902,75903,1,6
75896,75902,75903,1,6
75896,75902,75903,1,6
75896,75902,75903,1,6
75896,75902,75903,1,6
75896,75903,75904,1,7
75896,75903,75904,1,7
75896,75903,75904,1,7
75896,75903,75904,1,7
75896,75903,75904,1,7
75896,75903,75904,1,7
75896,75903,75904,1,7
75896,75904,75905,1,8
75902,75904,75905,1,2
75902,75904,75905,1,2
75896,75903,75904,1,7
75902,75904,75905,1,2
75902,75904,75905,1,2
75902,75904,75905,1,2
75896,75904,75905,1,8
75896,75904,75905,1,8
75896,75904,75905,1,8
75896,75904,75905,1,8
75902,75905,75906,1,3
75902,75905,75906,1,3
75902,75905,75906,1,3
75902,75905,75907,2,3
75902,75905,75906,1,3
75902,75905,75906,1,3
75902,75905,75906,1,3
75902,75906,75907,1,4
75902,75906,75907,1,4
75902,75906,75907,1,4
75902,75906,75907,1,4
75902,75906,75907,1,4
75902,75906,75907,1,4
75902,75906,75907,1,4
75902,75906,75907,1,4
75902,75906,75908,2,4
75902,75906,75907,1,4
75902,75906,75907,1,4
75902,75906,75908,2,4
75902,75908,75909,1,6
75902,75908,75909,1,6
75902,75907,75909,2,5
75902,75907,75909,2,5
75902,75907,75909,2,5
75902,75907,75909,2,5
75902,75907,75909,2,5
75902,75908,75909,1,6
75902,75908,75909,1,6
75902,75908,75909,1,6
75902,75908,75909,1,6
75902,75908,75909,1,6
75902,75908,75909,1,6
75902,75908,75909,1,6
75902,75909,75910,1,7
75902,75908,75909,1,6
75902,75908,75909,1,6
75902,75908,75909,1,6
75902,75909,75910,1,7
75902,75909,75910,1,7
75902,75910,75911,1,8
75902,75910,75911,1,8
75902,75910,75911,1,8
75902,75910,75911,1,8
75902,75910,75911,1,8
75902,75910,75911,1,8
75902,75910,75911,1,8
75902,75909,75910,1,7
75902,75910,75911,1,8
75902,75910,75911,1,8
75902,75909,75910,1,7
75902,75910,75911,1,8
75902,75909,75911,2,7
75902,75909,75911,2,7
75902,75910,75911,1,8
75902,75911,75912,1,9
75902,75911,75912,1,9
75902,75911,75912,1,9
75902,75911,75912,1,9
75902,75911,75912,1,9
75902,75911,75912,1,9
75902,75911,75912,1,9
75902,75911,75912,1,9
75902,75911,75912,1,9
75902,75912,75913,1,10
75902,75912,75913,1,10
75902,75912,75913,1,10
75902,75912,75913,1,10
75902,75912,75913,1,10
75902,75912,75913,1,10
75902,75912,75913,1,10
75902,75912,75913,1,10
75902,75912,75913,1,10
75902,75911,75912,1,9
75902,75912,75913,1,10
75902,75912,75913,1,10
75902,75912,75913,1,10
75902,75913,75914,1,11
75902,75913,75914,1,11
75902,75913,75914,1,11
75902,75913,75914,1,11
75902,75913,75914,1,11
75219,75231,75937,706,12
75947,75948,75949,1,1
75947,75948,75949,1,1
75947,75948,75949,1,1
75947,75948,75949,1,1
75947,75948,75949,1,1
75947,75948,75950,2,1
75459,75467,75950,483,8
75947,75949,75950,1,2
75947,75949,75950,1,2
75947,75948,75950,2,1
75947,75948,75950,2,1
75947,75949,75950,1,2
75947,75950,75951,1,3
75947,75949,75950,1,2
75947,75949,75950,1,2
75947,75949,75950,1,2
75947,75949,75950,1,2
75947,75949,75950,1,2
75947,75950,75951,1,3
75947,75950,75951,1,3
75947,75950,75951,1,3
75947,75950,75951,1,3
75947,75950,75951,1,3
75947,75951,75952,1,4
75947,75951,75952,1,4
75947,75951,75952,1,4
75947,75951,75952,1,4
75947,75951,75952,1,4
75947,75951,75952,1,4
75947,75951,75952,1,4
75947,75951,75952,1,4
75947,75950,75952,2,3
75947,75951,75952,1,4
75947,75951,75952,1,4
75947,75952,75953,1,5
75947,75952,75953,1,5
75947,75952,75953,1,5
75947,75952,75953,1,5
75947,75951,75952,1,4
75947,75951,75952,1,4
75947,75951,75952,1,4
75947,75951,75952,1,4
75947,75952,75953,1,5
75947,75952,75953,1,5
75947,75952,75953,1,5
75947,75953,75954,1,6
75947,75952,75953,1,5
75947,75952,75953,1,5
75947,75953,75954,1,6
75947,75953,75954,1,6
75947,75953,75954,1,6
75947,75953,75954,1,6
75947,75953,75954,1,6
75947,75953,75954,1,6
75947,75953,75954,1,6
75947,75953,75954,1,6
75947,75953,75954,1,6
75947,75953,75954,1,6
75947,75953,75954,1,6
75947,75953,75954,1,6
75947,75953,75954,1,6
75947,75954,75955,1,7
75947,75954,75955,1,7
75947,75954,75955,1,7
75947,75953,75954,1,6
75947,75954,75955,1,7
75947,75954,75955,1,7
75947,75954,75955,1,7
75947,75954,75955,1,7
75947,75953,75954,1,6
75947,75954,75955,1,7
75947,75954,75955,1,7
75947,75954,75955,1,7
75947,75954,75955,1,7
75947,75955,75956,1,8
75947,75955,75956,1,8
75947,75955,75956,1,8
75947,75954,75955,1,7
75947,75955,75956,1,8
75947,75955,75956,1,8
75947,75955,75956,1,8
75947,75955,75956,1,8
75947,75955,75956,1,8
75947,75955,75956,1,8
75947,75955,75956,1,8
75947,75955,75956,1,8
75952,75955,75956,1,3
75952,75955,75956,1,3
75952,75955,75956,1,3
75952,75955,75956,1,3
75952,75956,75957,1,4
75952,75956,75957,1,4
75952,75956,75957,1,4
75952,75956,75957,1,4
75952,75956,75957,1,4
75952,75956,75957,1,4
75952,75956,75957,1,4
75952,75956,75958,2,4
75952,75956,75958,2,4
75952,75956,75957,1,4
75952,75956,75958,2,4
75952,75956,75958,2,4
75952,75956,75958,2,4
75952,75956,75958,2,4
75952,75956,75958,2,4
75952,75956,75958,2,4
75952,75957,75958,1,5
75952,75957,75959,2,5
75952,75957,75959,2,5
75952,75957,75959,2,5
75952,75957,75958,1,5
75952,75957,75958,1,5
75952,75957,75959,2,5
75952,75958,75960,2,6
75952,75958,75960,2,6
75952,75958,75960,2,6
75952,75958,75960,2,6
75952,75958,75960,2,6
75952,75959,75960,1,7
75952,75959,75960,1,7
75952,75959,75960,1,7
75952,75959,75961,2,7
75952,75959,75960,1,7
75952,75959,75961,2,7
75952,75959,75960,1,7
75952,75959,75960,1,7
75952,75959,75960,1,7
75952,75958,75961,3,6
75952,75959,75961,2,7
75952,75961,75962,1,9
75952,75960,75961,1,8
75952,75961,75962,1,9
75952,75961,75962,1,9
75952,75961,75962,1,9
75952,75961,75962,1,9
75952,75960,75962,2,8
75952,75960,75962,2,8
75952,75960,75962,2,8
75952,75961,75962,1,9
75952,75961,75962,1,9
75952,75961,75962,1,9
75952,75961,75962,1,9
75952,75961,75962,1,9
75952,75962,75963,1,10
75952,75962,75963,1,10
75952,75962,75963,1,10
75952,75962,75963,1,10
75952,75962,75963,1,10
75952,75961,75962,1,9
75952,75962,75963,1,10
75952,75962,75963,1,10
75952,75963,75964,1,11
75952,75963,75964,1,11
75952,75962,75963,1,10
75952,75963,75964,1,11
75952,75963,75964,1,11
75952,75963,75964,1,11
75952,75964,75965,1,12
75952,75964,75965,1,12
75952,75964,75965,1,12
75952,75964,75965,1,12
75952,75964,75965,1,12
75952,75964,75965,1,12
75217,75223,75969,746,6
75977,75977,75978,1,0
75977,75977,75978,1,0
75977,75977,75978,1,0
75977,75977,75978,1,0
75977,75977,75978,1,0
75977,75977,75978,1,0
75977,75977,75978,1,0
75977,75977,75978,1,0
75977,75977,75978,1,0
75977,75978,75979,1,1
75270,75278,75978,700,8
75977,75977,75979,2,0
75977,75977,75978,1,0
75977,75977,75978,1,0
75977,75977,75978,1,0
75977,75978,75979,1,1
75977,75978,75979,1,1
75977,75978,75979,1,1
75977,75978,75979,1,1
75977,75978,75979,1,1
75977,75979,75980,1,2
75977,75978,75979,1,1
75977,75978,75979,1,1
75977,75978,75980,2,1
75977,75978,75979,1,1
75977,75978,75980,2,1
75977,75978,75979,1,1
75977,75980,75981,1,3
75977,75980,75981,1,3
75977,75980,75981,1,3
75977,75980,75981,1,3
75977,75979,75981,2,2
75977,75980,75981,1,3
75977,75979,75980,1,2
75977,75980,75981,1,3
75977,75979,75980,1,2
75977,75979,75981,2,2
75977,75978,75980,2,1
75977,75979,75981,2,2
75977,75981,75982,1,4
75977,75981,75982,1,4
75977,75980,75981,1,3
75977,75980,75982,2,3
75977,75980,75981,1,3
75977,75980,75981,1,3
75977,75981,75982,1,4
75977,75981,75982,1,4
75977,75981,75982,1,4
75977,75981,75982,1,4
75977,75980,75981,1,3
75977,75980,75981,1,3
75977,75982,75983,1,5
75977,75982,75983,1,5
75977,75982,75983,1,5
75977,75982,75983,1,5
75977,75982,75983,1,5
75977,75982,75983,1,5
75977,75981,75982,1,4
75977,75982,75983,1,5
75977,75981,75983,2,4
75977,75982,75983,1,5
75977,75981,75983,2,4
75977,75981,75983,2,4
75977,75982,75983,1,5
75977,75981,75982,1,4
75977,75981,75982,1,4
75977,75982,75983,1,5
75977,75983,75984,1,6
75977,75983,75984,1,6
75977,75982,75983,1,5
75977,75982,75983,1,5
75977,75983,75984,1,6
75977,75983,75984,1,6
75977,75983,75984,1,6
75977,75983,75984,1,6
75977,75983,75984,1,6
75977,75983,75984,1,6
75977,75983,75984,1,6
75977,75984,75985,1,7
75977,75984,75985,1,7
75977,75984,75985,1,7
75977,75984,75985,1,7
75977,75984,75985,1,7
75977,75984,75985,1,7
75977,75984,75985,1,7
75977,75984,75985,1,7
75977,75984,75985,1,7
75994,75994,75995,1,0
75994,75994,75995,1,0
75994,75994,75995,1,0
75994,75994,75995,1,0
75994,75994,75995,1,0
75994,75994,75995,1,0
75994,75995,75996,1,1
75994,75994,75995,1,0
75994,75995,75996,1,1
75994,75995,75996,1,1
75994,75995,75996,1,1
75994,75994,75995,1,0
75994,75994,75995,1,0
75994,75995,75996,1,1
75994,75994,75997,3,0
75994,75995,75996,1,1
75994,75995,75996,1,1
75994,75995,75996,1,1
75994,75995,75996,1,1
75994,75995,75996,1,1
75994,75996,75997,1,2
75994,75995,75996,1,1
75994,75996,75997,1,2
75994,75996,75997,1,2
75994,75995,75996,1,1
75994,75994,75997,3,0
75994,75997,75998,1,3
75994,75997,75998,1,3
75994,75997,75998,1,3
75994,75996,75997,1,2
75994,75996,75997,1,2
75994,75996,75997,1,2
75994,75997,75998,1,3
75994,75997,75998,1,3
75994,75996,75997,1,2
75994,75996,75997,1,2
75994,75997,75998,1,3
75994,75998,75999,1,4
75994,75997,75998,1,3
75994,75997,75998,1,3
75994,75998,75999,1,4
75994,75997,75998,1,3
75994,75997,75998,1,3
75994,75998,75999,1,4
75994,75998,75999,1,4
75994,75998,75999,1,4
75994,75998,75999,1,4
75994,75998,75999,1,4
75994,75998,75999,1,4
75994,75997,75999,2,3
75994,75999,76000,1,5
75994,75999,76000,1,5
75994,75999,76000,1,5
75994,75999,76000,1,5
75994,75998,75999,1,4
75994,75998,76000,2,4
75994,75999,76000,1,5
75994,75999,76000,1,5
75994,75999,76000,1,5
75994,75998,76000,2,4
75994,75999,76000,1,5
75994,75999,76000,1,5
75994,75999,76000,1,5
75994,75999,76000,1,5
75994,76000,76001,1,6
75994,76000,76001,1,6
75994,76000,76001,1,6
75994,75999,76000,1,5
75994,76000,76001,1,6
75994,76000,76001,1,6
75994,76000,76001,1,6
75994,76000,76001,1,6
75994,76000,76001,1,6
75994,76000,76001,1,6
75994,76000,76001,1,6
75994,76000,76001,1,6
75994,76000,76001,1,6
75994,76000,76001,1,6
75994,76001,76002,1,7
75994,76001,76002,1,7
75994,76000,76001,1,6
75994,76001,76002,1,7
75994,76001,76002,1,7
75994,76001,76002,1,7
75994,76001,76002,1,7
75994,76001,76002,1,7
75994,76001,76002,1,7
75994,76001,76002,1,7
75994,76001,76002,1,7
75994,76001,76002,1,7
75994,75998,76002,4,4
75994,76003,76005,2,9
75285,75292,76018,726,7
75518,75525,76020,495,7
76031,76031,76032,1,0
76031,76031,76032,1,0
76031,76031,76032,1,0
76031,76031,76032,1,0
76031,76031,76032,1,0
76031,76031,76032,1,0
76031,76031,76032,1,0
76031,76031,76032,1,0
76031,76031,76032,1,0
76031,76031,76032,1,0
76031,76031,76032,1,0
76031,76031,76032,1,0
76031,76031,76032,1,0
76031,76031,76032,1,0
76031,76031,76032,1,0
76031,76031,76032,1,0
76031,76032,76033,1,1
76031,76032,76033,1,1
76031,76032,76033,1,1
76031,76032,76033,1,1
76031,76032,76033,1,1
76031,76032,76033,1,1
76031,76032,76033,1,1
76031,76032,76033,1,1
76031,76032,76033,1,1
76031,76032,76033,1,1
76031,76032,76033,1,1
76031,76031,76032,1,0
76031,76032,76033,1,1
76031,76032,76033,1,1
76031,76033,76034,1,2
76031,76033,76034,1,2
76031,76033,76034,1,2
76031,76033,76034,1,2
76031,76033,76034,1,2
76031,76033,76034,1,2
76031,76033,76034,1,2
76031,76033,76034,1,2
76031,76033,76034,1,2
76031,76033,76034,1,2
76031,76033,76034,1,2
76031,76032,76034,2,1
76031,76033,76034,1,2
76031,76033,76034,1,2
76031,76031,76034,3,0
76031,76033,76034,1,2
76031,76034,76035,1,3
76031,76034,76035,1,3
76031,76035,76036,1,4
76031,76036,76037,1,5
76031,76035,76036,1,4
76031,76036,76037,1,5
76031,76037,76038,1,6
76031,76037,76038,1,6
76031,76038,76039,1,7
76031,76038,76039,1,7
76031,76038,76039,1,7
76031,76038,76039,1,7
76031,76038,76039,1,7
76031,76038,76039,1,7
76031,76039,76040,1,8
76031,76039,76040,1,8
76031,76038,76039,1,7
76031,76039,76040,1,8
76031,76039,76040,1,8
76031,76039,76040,1,8
76031,76039,76040,1,8
76031,76039,76040,1,8
76031,76039,76040,1,8
76031,76039,76040,1,8
76031,76039,76040,1,8
76031,76039,76040,1,8
76031,76039,76040,1,8
76031,76040,76041,1,9
76031,76039,76040,1,8
76031,76039,76040,1,8
76031,76040,76041,1,9
76031,76041,76042,1,10
76031,76041,76042,1,10
76031,76041,76042,1,10
76031,76041,76042,1,10
76031,76041,76042,1,10
76031,76041,76042,1,10
76031,76040,76041,1,9
76031,76040,76041,1,9
76031,76041,76042,1,10
76031,76041,76042,1,10
76031,76041,76042,1,10
76031,76042,76043,1,11
76031,76042,76043,1,11
76031,76041,76043,2,10
76031,76041,76042,1,10
76031,76042,76043,1,11
76031,76042,76043,1,11
76031,76041,76042,1,10
76031,76041,76042,1,10
76031,76041,76042,1,10
76031,76042,76043,1,11
76031,76042,76043,1,11
76031,76042,76043,1,11
76031,76042,76043,1,11
76031,76042,76043,1,11
76031,76043,76044,1,12
76031,76043,76044,1,12
76031,76043,76044,1,12
76031,76043,76044,1,12
76031,76043,76044,1,12
76031,76043,76044,1,12
76031,76043,76044,1,12
76031,76043,76044,1,12
76031,76043,76044,1,12
76031,76043,76044,1,12
76031,76043,76044,1,12
76031,76043,76044,1,12
76031,76043,76044,1,12
76031,76043,76044,1,12
76031,76044,76045,1,13
76031,76044,76045,1,13
76031,76044,76045,1,13
76031,76044,76045,1,13
76031,76044,76045,1,13
76031,76044,76045,1,13
76031,76044,76045,1,13
76031,76044,76045,1,13
76031,76044,76045,1,13
76031,76044,76045,1,13
76031,76044,76045,1,13
76031,76044,76045,1,13
76031,76044,76045,1,13
76031,76044,76045,1,13
76031,76044,76045,1,13
76031,76045,76046,1,14
76031,76045,76046,1,14
76031,76045,76046,1,14
76031,76045,76046,1,14
76031,76045,76046,1,14
76031,76045,76046,1,14
76031,76045,76046,1,14
76031,76047,76049,2,16
76031,76047,76049,2,16
75377,75385,76077,692,8
76080,76080,76081,1,0
76080,76080,76081,1,0
76080,76080,76081,1,0
76080,76080,76081,1,0
76080,76080,76081,1,0
76080,76081,76082,1,1
76080,76080,76081,1,0
76080,76080,76081,1,0
76080,76081,76082,1,1
76080,76080,76081,1,0
76080,76082,76083,1,2
76080,76081,76082,1,1
76080,76081,76082,1,1
76080,76081,76082,1,1
76080,76081,76082,1,1
76080,76081,76082,1,1
76080,76081,76082,1,1
76080,76081,76082,1,1
76080,76081,76083,2,1
76080,76081,76082,1,1
76080,76081,76082,1,1
76080,76081,76082,1,1
76080,76082,76083,1,2
76080,76082,76083,1,2
76080,76082,76083,1,2
76080,76083,76084,1,3
76080,76082,76083,1,2
76080,76083,76084,1,3
76080,76083,76084,1,3
76080,76083,76084,1,3
76080,76082,76084,2,2
76080,76084,76085,1,4
76080,76084,76085,1,4
76080,76083,76084,1,3
76080,76083,76084,1,3
76080,76083,76084,1,3
76080,76084,76085,1,4
76080,76083,76084,1,3
76080,76083,76084,1,3
76080,76083,76084,1,3
76080,76083,76084,1,3
76080,76084,76085,1,4
76080,76083,76084,1,3
76080,76084,76085,1,4
76080,76084,76085,1,4
76080,76085,76086,1,5
76080,76085,76086,1,5
76080,76085,76086,1,5
76080,76085,76086,1,5
76080,76085,76086,1,5
76080,76085,76086,1,5
76080,76085,76086,1,5
76080,76085,76086,1,5
76080,76084,76085,1,4
76080,76085,76086,1,5
76080,76085,76086,1,5
76080,76085,76086,1,5
76080,76085,76086,1,5
76080,76085,76086,1,5
76080,76085,76086,1,5
76080,76085,76086,1,5
76080,76086,76087,1,6
76080,76086,76087,1,6
76080,76086,76087,1,6
76080,76086,76087,1,6
76080,76086,76087,1,6
76080,76086,76087,1,6
76080,76086,76087,1,6
76080,76086,76087,1,6
76080,76086,76087,1,6
76080,76086,76087,1,6
76080,76086,76087,1,6
76080,76086,76087,1,6
76080,76086,76087,1,6
76080,76086,76087,1,6
76080,76086,76087,1,6
76080,76087,76088,1,7
76080,76087,76088,1,7
76080,76087,76088,1,7
76080,76087,76088,1,7
76080,76087,76088,1,7
76080,76087,76088,1,7
76080,76087,76088,1,7
76080,76087,76088,1,7
76080,76087,76088,1,7
76080,76087,76088,1,7
76080,76087,76088,1,7
76080,76087,76088,1,7
76080,76087,76088,1,7
75405,75413,76118,705,8
76120,76120,76121,1,0
76120,76120,76121,1,0
76120,76120,76121,1,0
76120,76120,76121,1,0
76120,76120,76121,1,0
76120,76120,76121,1,0
76120,76120,76121,1,0
76120,76120,76121,1,0
76120,76120,76121,1,0
76120,76120,76121,1,0
76120,76120,76122,2,0
76120,76120,76121,1,0
76120,76120,76122,2,0
76120,76120,76122,2,0
76120,76121,76122,1,1
76120,76120,76122,2,0
76120,76120,76122,2,0
76120,76120,76122,2,0
76120,76121,76122,1,1
76120,76121,76122,1,1
76120,76121,76122,1,1
76120,76121,76123,2,1
76120,76121,76123,2,1
76120,76121,76123,2,1
76120,76121,76123,2,1
76120,76121,76123,2,1
76120,76121,76123,2,1
76120,76122,76123,1,2
76120,76122,76123,1,2
76120,76122,76123,1,2
76120,76123,76124,1,3
76120,76123,76125,2,3
76120,76123,76124,1,3
76120,76123,76124,1,3
76120,76123,76124,1,3
76120,76123,76124,1,3
76120,76123,76124,1,3
76120,76123,76125,2,3
76120,76123,76125,2,3
76120,76123,76124,1,3
76120,76123,76125,2,3
76120,76123,76125,2,3
76120,76125,76126,1,5
76120,76125,76126,1,5
76120,76125,76126,1,5
76120,76125,76126,1,5
76120,76125,76126,1,5
76120,76125,76126,1,5
76120,76125,76126,1,5
76120,76124,76125,1,4
76120,76124,76125,1,4
76120,76125,76126,1,5
76120,76124,76126,2,4
76120,76125,76126,1,5
76120,76126,76127,1,6
76120,76125,76127,2,5
76120,76125,76126,1,5
76120,76126,76127,1,6
76120,76126,76127,1,6
76120,76126,76127,1,6
76120,76126,76127,1,6
76120,76126,76127,1,6
76120,76126,76127,1,6
76120,76126,76127,1,6
76120,76125,76127,2,5
76120,76127,76128,1,7
76120,76127,76128,1,7
76120,76127,76128,1,7
76120,76127,76128,1,7
76120,76127,76128,1,7
76120,76126,76127,1,6
76120,76127,76128,1,7
76120,76128,76129,1,8
76120,76128,76129,1,8
76120,76128,76129,1,8
76120,76128,76129,1,8
76120,76128,76129,1,8
76120,76128,76129,1,8
76120,76129,76130,1,9
76120,76122,76125,3,2
76120,76130,76132,2,10
75670,75677,76158,481,7
76160,76160,76161,1,0
76160,76160,76161,1,0
76160,76161,76162,1,1
76160,76161,76162,1,1
76160,76160,76161,1,0
76160,76161,76162,1,1
76160,76161,76162,1,1
76160,76161,76162,1,1
76160,76161,76162,1,1
76160,76161,76162,1,1
76160,76161,76162,1,1
76160,76162,76163,1,2
76160,76161,76162,1,1
76160,76162,76163,1,2
76160,76161,76162,1,1
76160,76162,76163,1,2
76160,76162,76163,1,2
76160,76161,76162,1,1
76160,76162,76163,1,2
76160,76162,76163,1,2
76160,76162,76163,1,2
76160,76162,76163,1,2
76160,76163,76164,1,3
76160,76163,76164,1,3
76160,76163,76164,1,3
76160,76163,76164,1,3
76160,76163,76164,1,3
76160,76164,76165,1,4
76160,76163,76164,1,3
76160,76164,76165,1,4
76160,76163,76164,1,3
76160,76163,76164,1,3
76160,76164,76165,1,4
76160,76164,76165,1,4
76160,76163,76164,1,3
76160,76164,76165,1,4
76160,76164,76165,1,4
76160,76164,76165,1,4
76160,76165,76166,1,5
76160,76165,76166,1,5
76160,76165,76166,1,5
76160,76165,76166,1,5
76160,76164,76165,1,4
76160,76165,76166,1,5
76160,76165,76166,1,5
76160,76165,76166,1,5
76160,76165,76166,1,5
76160,76165,76166,1,5
76160,76165,76166,1,5
76160,76165,76166,1,5
76160,76165,76166,1,5
76160,76166,76167,1,6
76160,76166,76167,1,6
76160,76166,76167,1,6
76160,76166,76167,1,6
76160,76166,76167,1,6
76160,76166,76167,1,6
76160,76166,76167,1,6
76160,76166,76167,1,6
76160,76166,76167,1,6
76160,76166,76167,1,6
76160,76166,76167,1,6
76160,76165,76168,3,5
76160,76166,76167,1,6
75780,75788,76262,474,8
76265,76265,76266,1,0
76265,76265,76266,1,0
76265,76265,76266,1,0
76265,76265,76266,1,0
76265,76265,76266,1,0
76265,76265,76266,1,0
76265,76265,76266,1,0
76265,76265,76266,1,0
76265,76265,76266,1,0
76265,76265,76266,1,0
76265,76266,76267,1,1
76265,76266,76267,1,1
76265,76266,76267,1,1
76265,76266,76267,1,1
76265,76266,76267,1,1
76265,76265,76266,1,0
76265,76265,76266,1,0
76265,76266,76267,1,1
76265,76266,76267,1,1
76265,76266,76267,1,1
76265,76267,76268,1,2
76265,76267,76268,1,2
76265,76266,76267,1,1
76265,76266,76267,1,1
76265,76267,76268,1,2
76265,76267,76268,1,2
76265,76267,76268,1,2
76265,76267,76268,1,2
76265,76266,76267,1,1
76265,76267,76268,1,2
76265,76267,76268,1,2
76265,76267,76268,1,2
76265,76268,76269,1,3
76265,76268,76269,1,3
76265,76267,76268,1,2
76265,76268,76269,1,3
76265,76267,76268,1,2
76265,76268,76269,1,3
76265,76268,76269,1,3
76265,76268,76269,1,3
76265,76268,76269,1,3
76265,76267,76268,1,2
76265,76267,76268,1,2
76265,76268,76269,1,3
76265,76268,76269,1,3
76265,76268,76269,1,3
76265,76269,76270,1,4
76265,76269,76270,1,4
76265,76269,76270,1,4
76265,76269,76270,1,4
76265,76269,76270,1,4
76265,76269,76270,1,4
76265,76269,76270,1,4
76265,76269,76270,1,4
76265,76269,76270,1,4
76265,76269,76270,1,4
76265,76269,76270,1,4
76265,76268,76269,1,3
76265,76269,76270,1,4
76265,76270,76271,1,5
76265,76269,76270,1,4
76265,76269,76270,1,4
76265,76270,76271,1,5
76265,76270,76271,1,5
76265,76269,76270,1,4
76265,76270,76271,1,5
76265,76270,76271,1,5
76265,76270,76271,1,5
76265,76270,76271,1,5
76265,76270,76271,1,5
76265,76270,76271,1,5
76265,76270,76271,1,5
76265,76270,76271,1,5
76265,76270,76271,1,5
76265,76270,76271,1,5
76265,76270,76271,1,5
76265,76271,76272,1,6
76265,76271,76272,1,6
76265,76271,76272,1,6
76265,76271,76272,1,6
76265,76271,76272,1,6
76265,76271,76272,1,6
76265,76271,76272,1,6
76265,76271,76272,1,6
76265,76271,76272,1,6
76265,76272,76273,1,7
76265,76271,76272,1,6
76265,76272,76273,1,7
76265,76271,76273,2,6
76265,76271,76272,1,6
75561,75569,76273,704,8
76290,76290,76291,1,0
76290,76290,76291,1,0
76290,76290,76291,1,0
76290,76290,76291,1,0
76290,76291,76292,1,1
76290,76290,76291,1,0
76290,76290,76291,1,0
76290,76291,76292,1,1
76290,76290,76291,1,0
76290,76291,76292,1,1
76290,76291,76292,1,1
76290,76291,76292,1,1
76290,76291,76292,1,1
76290,76291,76292,1,1
76290,76291,76292,1,1
76290,76291,76292,1,1
76290,76291,76292,1,1
76290,76291,76292,1,1
76290,76291,76292,1,1
76290,76292,76293,1,2
76290,76292,76293,1,2
76290,76291,76292,1,1
76290,76292,76293,1,2
76290,76292,76293,1,2
76290,76292,76293,1,2
76290,76292,76293,1,2
76290,76292,76293,1,2
76290,76293,76294,1,3
76290,76293,76294,1,3
76290,76293,76294,1,3
76290,76293,76294,1,3
76290,76293,76294,1,3
76290,76293,76294,1,3
76290,76293,76294,1,3
76290,76293,76294,1,3
76290,76293,76294,1,3
76290,76292,76294,2,2
76290,76293,76295,2,3
76290,76293,76294,1,3
76290,76293,76294,1,3
76290,76293,76294,1,3
76290,76293,76294,1,3
76290,76294,76295,1,4
76290,76294,76295,1,4
76290,76294,76295,1,4
76290,76294,76295,1,4
76290,76294,76295,1,4
76290,76294,76295,1,4
76290,76294,76295,1,4
76290,76294,76295,1,4
76290,76294,76295,1,4
75773,75780,76296,516,7
76290,76295,76296,1,5
76290,76295,76296,1,5
76290,76295,76296,1,5
76290,76295,76296,1,5
76290,76295,76296,1,5
76290,76295,76296,1,5
76290,76295,76296,1,5
76290,76295,76296,1,5
76290,76295,76296,1,5
76290,76295,76296,1,5
76290,76295,76296,1,5
76290,76295,76296,1,5
76290,76295,76296,1,5
76290,76296,76297,1,6
76290,76296,76297,1,6
76290,76296,76297,1,6
76290,76296,76297,1,6
76290,76296,76297,1,6
76290,76296,76297,1,6
76290,76296,76297,1,6
76290,76296,76297,1,6
76290,76296,76297,1,6
76290,76296,76297,1,6
76290,76296,76297,1,6
76290,76296,76297,1,6
76290,76296,76298,2,6
76290,76296,76298,2,6
76297,76297,76298,1,0
76297,76297,76298,1,0
76297,76297,76298,1,0
76297,76297,76298,1,0
76297,76297,76298,1,0
76297,76297,76298,1,0
76297,76297,76298,1,0
76297,76297,76298,1,0
76297,76298,76299,1,1
76297,76297,76298,1,0
76297,76297,76298,1,0
76297,76298,76299,1,1
76297,76298,76299,1,1
76297,76298,76299,1,1
76297,76298,76299,1,1
76297,76299,76300,1,2
76297,76299,76300,1,2
76297,76299,76300,1,2
76297,76299,76300,1,2
76297,76298,76299,1,1
76297,76298,76299,1,1
76297,76299,76300,1,2
76297,76298,76300,2,1
76297,76298,76300,2,1
76297,76298,76300,2,1
76297,76299,76300,1,2
76297,76299,76300,1,2
76297,76300,76301,1,3
76297,76300,76301,1,3
76297,76300,76301,1,3
76297,76300,76301,1,3
76297,76301,76302,1,4
76297,76301,76302,1,4
76297,76300,76301,1,3
76297,76300,76301,1,3
76297,76300,76301,1,3
76297,76301,76302,1,4
76297,76300,76301,1,3
76297,76300,76301,1,3
76297,76301,76302,1,4
76297,76301,76303,2,4
76297,76301,76302,1,4
76297,76302,76303,1,5
76297,76302,76303,1,5
76297,76302,76303,1,5
76297,76302,76303,1,5
76297,76302,76303,1,5
76297,76302,76303,1,5
76297,76303,76304,1,6
76297,76303,76304,1,6
76297,76303,76304,1,6
76297,76303,76304,1,6
76297,76303,76304,1,6
76297,76303,76304,1,6
76297,76302,76303,1,5
76297,76303,76304,1,6
76297,76303,76304,1,6
76297,76303,76304,1,6
76297,76304,76305,1,7
76297,76304,76305,1,7
76297,76304,76305,1,7
76297,76304,76305,1,7
76297,76304,76305,1,7
76297,76304,76305,1,7
76297,76304,76305,1,7
76297,76304,76305,1,7
76297,76304,76305,1,7
76297,76304,76306,2,7
75844,75850,76330,480,6
76332,76332,76333,1,0
76332,76332,76333,1,0
76332,76333,76334,1,1
76332,76332,76333,1,0
76332,76333,76334,1,1
76332,76333,76334,1,1
76332,76333,76334,1,1
76332,76333,76334,1,1
76332,76332,76333,1,0
76332,76332,76333,1,0
75592,75599,76335,736,7
76332,76333,76334,1,1
76332,76333,76334,1,1
76332,76333,76334,1,1
76332,76334,76335,1,2
76332,76333,76334,1,1
76332,76333,76334,1,1
76332,76333,76334,1,1
76332,76334,76335,1,2
76332,76334,76335,1,2
76332,76335,76336,1,3
76332,76334,76335,1,2
76332,76335,76336,1,3
76332,76335,76336,1,3
76332,76335,76336,1,3
76332,76334,76335,1,2
76332,76334,76335,1,2
76332,76335,76336,1,3
76332,76336,76337,1,4
76332,76336,76337,1,4
76332,76336,76337,1,4
76332,76335,76336,1,3
76332,76335,76337,2,3
76332,76336,76337,1,4
76332,76336,76337,1,4
76332,76336,76337,1,4
76332,76335,76336,1,3
76332,76335,76336,1,3
76332,76335,76336,1,3
76332,76335,76336,1,3
76332,76336,76337,1,4
76332,76337,76338,1,5
76332,76337,76338,1,5
76332,76337,76338,1,5
76332,76336,76337,1,4
76332,76337,76338,1,5
76332,76336,76337,1,4
76332,76336,76337,1,4
76332,76336,76337,1,4
76332,76337,76338,1,5
76332,76337,76338,1,5
76332,76337,76338,1,5
76332,76337,76338,1,5
76332,76337,76338,1,5
76332,76337,76338,1,5
76332,76337,76338,1,5
76332,76338,76339,1,6
76332,76338,76339,1,6
76332,76338,76339,1,6
76332,76338,76339,1,6
76332,76338,76339,1,6
76332,76337,76339,2,5
76332,76338,76339,1,6
76332,76338,76339,1,6
76332,76338,76339,1,6
76332,76338,76339,1,6
76332,76338,76339,1,6
76332,76338,76339,1,6
76332,76338,76339,1,6
76332,76338,76339,1,6
76332,76339,76340,1,7
76336,76339,76340,1,3
76332,76338,76339,1,6
76336,76339,76340,1,3
76336,76339,76340,1,3
76336,76339,76340,1,3
76336,76339,76340,1,3
76332,76338,76340,2,6
76332,76338,76340,2,6
76336,76339,76340,1,3
76336,76339,76340,1,3
76336,76340,76341,1,4
76336,76340,76341,1,4
76336,76340,76341,1,4
76336,76340,76341,1,4
76336,76339,76340,1,3
76336,76339,76340,1,3
76336,76340,76341,1,4
76336,76340,76341,1,4
76336,76340,76341,1,4
76336,76340,76341,1,4
76336,76341,76342,1,5
76336,76341,76342,1,5
76336,76340,76342,2,4
76336,76340,76341,1,4
76336,76341,76342,1,5
76336,76341,76342,1,5
76336,76341,76342,1,5
76336,76342,76343,1,6
76336,76342,76343,1,6
76336,76342,76343,1,6
76336,76341,76342,1,5
76336,76341,76342,1,5
76336,76342,76343,1,6
76336,76342,76343,1,6
76336,76342,76343,1,6
76336,76341,76343,2,5
76336,76341,76343,2,5
76336,76342,76343,1,6
76336,76342,76343,1,6
76336,76342,76343,1,6
76336,76342,76343,1,6
76336,76342,76343,1,6
76336,76343,76344,1,7
76336,76343,76344,1,7
76336,76343,76344,1,7
76336,76343,76344,1,7
76336,76343,76344,1,7
76336,76343,76344,1,7
76336,76343,76344,1,7
76336,76343,76344,1,7
76336,76343,76344,1,7
76336,76343,76344,1,7
76336,76343,76344,1,7
76336,76343,76344,1,7
76336,76343,76344,1,7
76336,76344,76345,1,8
76336,76344,76345,1,8
76336,76344,76345,1,8
76336,76344,76345,1,8
76336,76343,76345,2,7
76336,76343,76345,2,7
76336,76345,76346,1,9
76336,76345,76346,1,9
76336,76345,76346,1,9
75820,75832,76345,513,12
76336,76345,76346,1,9
76336,76345,76346,1,9
76336,76345,76346,1,9
76336,76346,76347,1,10
76336,76346,76347,1,10
76336,76346,76347,1,10
76336,76346,76347,1,10
76336,76346,76347,1,10
76336,76346,76347,1,10
76336,76346,76347,1,10
76336,76346,76347,1,10
76336,76347,76348,1,11
76336,76354,76355,1,18
76336,76354,76356,2,18
76361,76361,76362,1,0
76361,76361,76362,1,0
76361,76361,76362,1,0
76361,76361,76362,1,0
76361,76361,76362,1,0
76361,76361,76362,1,0
76361,76361,76362,1,0
76361,76361,76362,1,0
76361,76361,76362,1,0
76361,76361,76362,1,0
76361,76361,76362,1,0
76361,76361,76362,1,0
76361,76361,76362,1,0
76361,76361,76363,2,0
76361,76362,76363,1,1
76361,76361,76362,1,0
76361,76361,76363,2,0
76361,76362,76364,2,1
76361,76362,76363,1,1
76361,76362,76364,2,1
76361,76362,76364,2,1
76361,76362,76364,2,1
76361,76362,76363,1,1
76361,76363,76364,1,2
76361,76362,76364,2,1
76361,76362,76364,2,1
76361,76363,76364,1,2
76361,76362,76364,2,1
76361,76362,76364,2,1
76361,76362,76364,2,1
76361,76362,76364,2,1
76361,76363,76364,1,2
76361,76364,76365,1,3
76361,76364,76365,1,3
76361,76364,76365,1,3
76361,76364,76365,1,3
76361,76364,76365,1,3
76361,76364,76365,1,3
76361,76364,76365,1,3
76361,76365,76366,1,4
76361,76365,76366,1,4
76361,76364,76366,2,3
76361,76365,76366,1,4
76361,76364,76366,2,3
76361,76365,76367,2,4
76361,76364,76366,2,3
76361,76364,76366,2,3
76361,76365,76366,1,4
76361,76365,76366,1,4
76361,76365,76366,1,4
76361,76365,76366,1,4
76361,76365,76367,2,4
76361,76366,76367,1,5
76361,76367,76368,1,6
76361,76367,76368,1,6
76361,76367,76368,1,6
76361,76367,76368,1,6
76361,76367,76368,1,6
76361,76367,76368,1,6
76361,76368,76369,1,7
76361,76367,76368,1,6
76361,76368,76369,1,7
76361,76368,76369,1,7
76361,76368,76369,1,7
76361,76368,76369,1,7
76361,76369,76370,1,8
76361,76369,76370,1,8
76361,76369,76370,1,8
76361,76369,76370,1,8
76361,76369,76370,1,8
76361,76361,76371,10,0
76361,76367,76375,8,6
75903,75913,76408,495,10
76409,76409,76410,1,0
76409,76409,76410,1,0
76409,76409,76410,1,0
76409,76409,76410,1,0
76409,76409,76410,1,0
76409,76409,76410,1,0
76409,76409,76410,1,0
76409,76409,76410,1,0
76409,76409,76410,1,0
76409,76409,76410,1,0
76409,76409,76410,1,0
76409,76409,76410,1,0
76409,76409,76410,1,0
76409,76410,76411,1,1
76409,76411,76412,1,2
76409,76411,76412,1,2
76409,76411,76412,1,2
76409,76411,76412,1,2
76409,76410,76411,1,1
76409,76411,76412,1,2
76409,76410,76412,2,1
76409,76411,76412,1,2
76409,76411,76412,1,2
76409,76411,76412,1,2
76409,76411,76412,1,2
76409,76412,76413,1,3
76409,76411,76412,1,2
76409,76412,76413,1,3
76409,76413,76414,1,4
76409,76412,76413,1,3
76409,76412,76413,1,3
76409,76412,76413,1,3
76409,76412,76413,1,3
76409,76412,76413,1,3
76409,76413,76414,1,4
76409,76413,76414,1,4
76409,76413,76414,1,4
76409,76413,76414,1,4
76409,76413,76414,1,4
76409,76413,76414,1,4
76409,76413,76414,1,4
76409,76414,76415,1,5
76409,76414,76415,1,5
76409,76414,76415,1,5
76409,76414,76415,1,5
76409,76414,76415,1,5
76409,76414,76415,1,5
76409,76414,76415,1,5
76409,76415,76416,1,6
76409,76415,76416,1,6
76409,76415,76416,1,6
76409,76415,76416,1,6
76409,76415,76416,1,6
76409,76415,76416,1,6
76409,76415,76416,1,6
76409,76415,76416,1,6
76409,76416,76417,1,7
76409,76416,76417,1,7
76409,76416,76417,1,7
76409,76415,76416,1,6
76409,76416,76417,1,7
76409,76416,76417,1,7
76409,76416,76417,1,7
76409,76416,76417,1,7
76409,76416,76417,1,7
76409,76416,76417,1,7
76409,76417,76418,1,8
75697,75704,76430,726,7
76435,76435,76436,1,0
76435,76435,76436,1,0
76435,76435,76437,2,0
76435,76436,76437,1,1
76435,76436,76437,1,1
76435,76436,76437,1,1
76435,76436,76437,1,1
76435,76436,76437,1,1
76435,76436,76437,1,1
76435,76436,76437,1,1
76435,76437,76438,1,2
76435,76437,76438,1,2
76435,76437,76438,1,2
76435,76437,76438,1,2
76435,76437,76438,1,2
76435,76437,76438,1,2
76435,76437,76438,1,2
76435,76438,76439,1,3
76435,76437,76438,1,2
76435,76438,76439,1,3
76435,76438,76439,1,3
76435,76438,76439,1,3
76435,76439,76440,1,4
76435,76439,76440,1,4
76435,76438,76439,1,3
76435,76439,76440,1,4
76435,76439,76440,1,4
76435,76439,76440,1,4
76435,76439,76440,1,4
76435,76439,76440,1,4
76435,76439,76440,1,4
76435,76439,76440,1,4
76435,76439,76440,1,4
76435,76437,76440,3,2
76435,76440,76441,1,5
76435,76440,76441,1,5
76435,76440,76441,1,5
76435,76440,76441,1,5
76435,76440,76441,1,5
76435,76440,76441,1,5
76435,76440,76441,1,5
76435,76440,76441,1,5
76435,76440,76441,1,5
76435,76440,76441,1,5
76435,76441,76442,1,6
76435,76441,76442,1,6
76435,76441,76442,1,6
76435,76441,76442,1,6
76435,76441,76442,1,6
76435,76441,76442,1,6
76435,76441,76442,1,6
76435,76441,76442,1,6
76435,76441,76444,3,6
76435,76441,76445,4,6
75953,75965,76451,486,12
76460,76460,76461,1,0
76460,76460,76461,1,0
76460,76460,76461,1,0
76460,76460,76461,1,0
76460,76460,76461,1,0
76460,76460,76462,2,0
76460,76461,76462,1,1
76460,76460,76462,2,0
76460,76460,76461,1,0
76460,76460,76461,1,0
76460,76461,76462,1,1
76460,76460,76461,1,0
76460,76461,76462,1,1
76460,76461,76462,1,1
76460,76461,76462,1,1
76460,76461,76462,1,1
76460,76461,76462,1,1
76460,76461,76462,1,1
76460,76462,76463,1,2
76460,76462,76463,1,2
76460,76462,76463,1,2
76460,76462,76463,1,2
76460,76462,76463,1,2
76460,76462,76463,1,2
76460,76462,76463,1,2
76460,76462,76464,2,2
76460,76462,76464,2,2
76460,76462,76463,1,2
76460,76463,76464,1,3
76460,76463,76464,1,3
76460,76460,76464,4,0
76460,76462,76464,2,2
76460,76462,76463,1,2
76460,76462,76463,1,2
76460,76462,76464,2,2
76460,76462,76463,1,2
76460,76463,76464,1,3
76460,76463,76464,1,3
76460,76463,76464,1,3
76460,76463,76464,1,3
76460,76463,76464,1,3
76460,76464,76465,1,4
76460,76464,76465,1,4
76460,76464,76465,1,4
76460,76464,76465,1,4
76460,76464,76465,1,4
76460,76464,76465,1,4
76460,76464,76465,1,4
76460,76464,76465,1,4
76460,76464,76465,1,4
76460,76464,76465,1,4
76460,76464,76465,1,4
76460,76464,76465,1,4
76460,76464,76465,1,4
76460,76464,76465,1,4
76460,76465,76466,1,5
76460,76465,76466,1,5
76460,76465,76466,1,5
76460,76465,76466,1,5
76460,76465,76466,1,5
76460,76465,76466,1,5
76460,76465,76466,1,5
76460,76465,76466,1,5
76460,76465,76466,1,5
76460,76464,76465,1,4
76460,76465,76466,1,5
76460,76465,76466,1,5
76460,76465,76466,1,5
76460,76465,76466,1,5
76460,76465,76466,1,5
76460,76466,76467,1,6
76460,76466,76467,1,6
76460,76466,76467,1,6
76460,76465,76466,1,5
76460,76466,76467,1,6
76460,76466,76467,1,6
76460,76466,76467,1,6
76460,76466,76467,1,6
76460,76466,76467,1,6
76460,76466,76467,1,6
76460,76466,76467,1,6
76460,76466,76467,1,6
76460,76467,76468,1,7
76460,76467,76468,1,7
76460,76467,76468,1,7
75724,75731,76468,737,7
76460,76462,76469,7,2
76460,76467,76468,1,7
76483,76483,76484,1,0
76483,76483,76484,1,0
76483,76483,76484,1,0
76483,76483,76484,1,0
76483,76483,76484,1,0
76483,76483,76484,1,0
76483,76483,76484,1,0
76483,76483,76484,1,0
76483,76483,76484,1,0
76483,76483,76484,1,0
76483,76483,76484,1,0
76483,76483,76484,1,0
76483,76483,76484,1,0
76483,76483,76484,1,0
76483,76483,76484,1,0
76483,76484,76485,1,1
76483,76484,76485,1,1
76483,76484,76485,1,1
76483,76483,76484,1,0
76483,76484,76485,1,1
76483,76484,76485,1,1
76483,76484,76485,1,1
76483,76484,76485,1,1
76483,76484,76485,1,1
76483,76484,76485,1,1
76483,76484,76485,1,1
76483,76484,76485,1,1
76483,76484,76485,1,1
76483,76484,76485,1,1
76483,76485,76486,1,2
76483,76485,76486,1,2
76483,76485,76486,1,2
76483,76484,76485,1,1
76483,76485,76486,1,2
76483,76485,76486,1,2
76483,76485,76486,1,2
76483,76485,76486,1,2
76483,76485,76486,1,2
76483,76485,76486,1,2
76483,76485,76486,1,2
76483,76485,76486,1,2
76483,76485,76486,1,2
76483,76485,76486,1,2
76483,76485,76486,1,2
76483,76486,76487,1,3
76483,76486,76487,1,3
76483,76486,76487,1,3
76483,76486,76487,1,3
76483,76486,76487,1,3
76483,76486,76487,1,3
76483,76486,76487,1,3
76483,76483,76484,1,0
76483,76487,76488,1,4
76483,76487,76488,1,4
76483,76488,76489,1,5
76483,76489,76490,1,6
76483,76488,76489,1,5
76483,76488,76490,2,5
76483,76489,76490,1,6
76483,76489,76490,1,6
76483,76490,76491,1,7
76483,76488,76491,3,5
75818,75824,76519,695,6
76519,76519,76520,1,0
76519,76520,76521,1,1
76519,76520,76521,1,1
76519,76519,76521,2,0
76519,76521,76522,1,2
76519,76520,76521,1,1
76519,76521,76522,1,2
76519,76521,76522,1,2
76519,76521,76522,1,2
76519,76521,76522,1,2
76519,76520,76522,2,1
76519,76521,76522,1,2
76519,76522,76523,1,3
76519,76521,76522,1,2
76519,76521,76522,1,2
76519,76521,76522,1,2
76519,76521,76522,1,2
76519,76522,76523,1,3
76519,76522,76523,1,3
76519,76522,76523,1,3
76519,76522,76523,1,3
76519,76522,76523,1,3
76519,76522,76523,1,3
76519,76522,76523,1,3
76519,76522,76523,1,3
76519,76522,76523,1,3
76519,76523,76524,1,4
76519,76523,76524,1,4
76519,76522,76523,1,3
76519,76523,76524,1,4
76519,76523,76524,1,4
76519,76523,76524,1,4
76519,76523,76524,1,4
76519,76523,76524,1,4
76519,76522,76523,1,3
76519,76524,76525,1,5
76519,76524,76525,1,5
76519,76524,76525,1,5
76519,76524,76525,1,5
76519,76524,76525,1,5
76519,76524,76525,1,5
76519,76523,76524,1,4
76519,76523,76524,1,4
76519,76524,76525,1,5
76519,76524,76525,1,5
76519,76524,76525,1,5
76519,76524,76525,1,5
76519,76524,76525,1,5
76519,76524,76525,1,5
76519,76525,76526,1,6
76519,76525,76526,1,6
76519,76525,76526,1,6
76519,76525,76526,1,6
76519,76525,76526,1,6
76519,76525,76526,1,6
76519,76525,76526,1,6
76519,76524,76526,2,5
76519,76525,76526,1,6
76519,76524,76526,2,5
76519,76525,76526,1,6
76519,76526,76527,1,7
76519,76526,76527,1,7
76519,76526,76527,1,7
76519,76526,76527,1,7
76519,76526,76527,1,7
76519,76526,76527,1,7
76519,76526,76527,1,7
76519,76526,76527,1,7
76519,76526,76527,1,7
76519,76526,76527,1,7
76519,76526,76527,1,7
76519,76527,76528,1,8
76519,76527,76528,1,8
76519,76527,76528,1,8
76519,76527,76528,1,8
76519,76526,76528,2,7
76519,76527,76528,1,8
76519,76527,76528,1,8
75897,75904,76597,693,7
76598,76598,76599,1,0
76598,76598,76599,1,0
76598,76598,76599,1,0
76598,76598,76599,1,0
76598,76598,76599,1,0
76598,76598,76599,1,0
76598,76598,76599,1,0
76598,76598,76599,1,0
76598,76598,76599,1,0
76598,76598,76599,1,0
76598,76598,76599,1,0
76598,76598,76599,1,0
76598,76598,76599,1,0
76598,76598,76599,1,0
76598,76598,76599,1,0
76598,76598,76599,1,0
76598,76598,76599,1,0
76598,76599,76600,1,1
76598,76599,76600,1,1
76598,76599,76600,1,1
76598,76599,76600,1,1
76598,76599,76600,1,1
76598,76599,76600,1,1
76598,76599,76600,1,1
76598,76600,76601,1,2
76598,76599,76601,2,1
76598,76599,76600,1,1
76598,76599,76601,2,1
76598,76600,76601,1,2
76598,76599,76600,1,1
76598,76600,76601,1,2
76598,76600,76601,1,2
76598,76600,76601,1,2
76598,76599,76601,2,1
76598,76599,76601,2,1
76598,76599,76600,1,1
76598,76599,76600,1,1
76598,76600,76601,1,2
76598,76600,76601,1,2
76598,76601,76602,1,3
76598,76601,76602,1,3
76598,76601,76602,1,3
76598,76601,76602,1,3
76598,76601,76602,1,3
76598,76601,76602,1,3
76598,76601,76602,1,3
76598,76601,76602,1,3
76598,76601,76602,1,3
76598,76600,76602,2,2
76598,76600,76602,2,2
76598,76601,76602,1,3
76598,76601,76602,1,3
76598,76601,76603,2,3
76598,76601,76603,2,3
76598,76602,76603,1,4
76598,76602,76603,1,4
76598,76602,76603,1,4
76598,76602,76603,1,4
76598,76602,76603,1,4
76598,76602,76603,1,4
76598,76603,76604,1,5
76598,76602,76603,1,4
76598,76602,76603,1,4
76598,76603,76604,1,5
76598,76603,76604,1,5
76598,76603,76604,1,5
76598,76603,76604,1,5
76598,76603,76604,1,5
76598,76603,76604,1,5
76598,76603,76605,2,5
76598,76604,76605,1,6
76598,76604,76605,1,6
76598,76604,76605,1,6
76598,76603,76605,2,5
76598,76603,76605,2,5
76598,76604,76605,1,6
76598,76605,76606,1,7
76598,76605,76606,1,7
76598,76605,76606,1,7
76598,76605,76606,1,7
76598,76605,76606,1,7
76598,76605,76609,4,7
76121,76129,76618,489,8
76627,76627,76628,1,0
76627,76627,76628,1,0
76627,76627,76628,1,0
76627,76627,76628,1,0
76627,76627,76628,1,0
76627,76627,76628,1,0
76627,76627,76628,1,0
76627,76627,76628,1,0
76627,76627,76628,1,0
76627,76627,76628,1,0
76627,76627,76628,1,0
76627,76627,76628,1,0
76627,76627,76628,1,0
76627,76627,76628,1,0
76627,76627,76629,2,0
76627,76627,76629,2,0
76627,76628,76630,2,1
76627,76628,76630,2,1
76627,76628,76630,2,1
76627,76628,76630,2,1
76627,76628,76630,2,1
76627,76628,76630,2,1
76627,76628,76630,2,1
76627,76628,76630,2,1
76627,76628,76630,2,1
76627,76628,76630,2,1
76627,76628,76630,2,1
76627,76628,76630,2,1
76627,76629,76631,2,2
76627,76628,76630,2,1
76627,76629,76631,2,2
76627,76629,76631,2,2
76627,76630,76632,2,3
76627,76630,76632,2,3
76627,76630,76632,2,3
76627,76630,76632,2,3
76627,76630,76632,2,3
76627,76630,76632,2,3
76627,76630,76632,2,3
76627,76630,76632,2,3
76627,76630,76632,2,3
76627,76630,76632,2,3
76627,76630,76632,2,3
76627,76631,76633,2,4
76627,76631,76633,2,4
76627,76631,76633,2,4
76627,76632,76633,1,5
76627,76632,76633,1,5
76627,76632,76633,1,5
76627,76632,76633,1,5
76627,76631,76633,2,4
76627,76632,76633,1,5
76627,76631,76633,2,4
76627,76632,76633,1,5
76627,76632,76633,1,5
76627,76632,76633,1,5
76627,76633,76634,1,6
76627,76633,76634,1,6
76627,76633,76634,1,6
76627,76633,76634,1,6
76627,76633,76634,1,6
76627,76633,76635,2,6
76627,76633,76634,1,6
76627,76634,76635,1,7
76627,76634,76635,1,7
76627,76634,76635,1,7
76627,76635,76636,1,8
76627,76635,76636,1,8
76627,76635,76636,1,8
76627,76636,76637,1,9
76627,76630,76643,13,3
75949,75955,76668,713,6
76670,76670,76671,1,0
76670,76670,76671,1,0
76670,76670,76671,1,0
76670,76670,76671,1,0
76670,76670,76671,1,0
76670,76671,76672,1,1
76670,76671,76672,1,1
76670,76671,76672,1,1
76670,76671,76672,1,1
76670,76670,76672,2,0
76670,76670,76672,2,0
76670,76672,76673,1,2
76670,76671,76672,1,1
76670,76671,76672,1,1
76670,76671,76672,1,1
76670,76672,76673,1,2
76670,76672,76673,1,2
76670,76672,76673,1,2
76670,76672,76673,1,2
76670,76672,76673,1,2
76670,76672,76673,1,2
76670,76672,76673,1,2
76670,76672,76673,1,2
76670,76672,76673,1,2
76670,76672,76673,1,2
76670,76673,76674,1,3
76670,76673,76674,1,3
76670,76673,76674,1,3
76670,76673,76674,1,3
76670,76673,76674,1,3
76670,76674,76675,1,4
76670,76673,76675,2,3
76670,76673,76676,3,3
76670,76675,76676,1,5
76670,76674,76675,1,4
76670,76674,76675,1,4
76670,76674,76675,1,4
76670,76675,76676,1,5
76670,76674,76675,1,4
76670,76674,76675,1,4
76670,76674,76675,1,4
76670,76674,76675,1,4
76670,76674,76675,1,4
76670,76674,76675,1,4
76670,76676,76677,1,6
76670,76676,76677,1,6
76670,76676,76677,1,6
76670,76676,76677,1,6
76670,76676,76677,1,6
76670,76676,76677,1,6
76670,76676,76677,1,6
76670,76676,76677,1,6
76670,76676,76677,1,6
76670,76676,76677,1,6
76670,76676,76677,1,6
76670,76676,76677,1,6
76670,76677,76678,1,7
76670,76676,76677,1,6
76670,76677,76678,1,7
76670,76677,76678,1,7
76670,76677,76678,1,7
76670,76677,76678,1,7
76670,76677,76678,1,7
76670,76677,76678,1,7
76670,76677,76678,1,7
76670,76677,76678,1,7
76670,76677,76678,1,7
76670,76678,76679,1,8
76670,76678,76679,1,8
76670,76678,76679,1,8
76670,76678,76679,1,8
76670,76678,76679,1,8
76670,76678,76679,1,8
76670,76678,76679,1,8
76670,76678,76679,1,8
75978,75985,76721,736,7
76722,76723,76724,1,1
76722,76723,76724,1,1
76722,76723,76724,1,1
76722,76723,76724,1,1
76722,76723,76724,1,1
76722,76724,76725,1,2
76722,76724,76725,1,2
76722,76724,76725,1,2
76722,76724,76725,1,2
76722,76724,76725,1,2
76722,76724,76725,1,2
76722,76724,76725,1,2
76722,76724,76725,1,2
76722,76724,76725,1,2
76722,76725,76726,1,3
76722,76725,76726,1,3
76722,76726,76727,1,4
76722,76725,76726,1,3
76722,76726,76727,1,4
76722,76726,76727,1,4
76722,76726,76727,1,4
76722,76726,76727,1,4
76722,76727,76728,1,5
76722,76727,76728,1,5
76722,76727,76728,1,5
76722,76727,76728,1,5
76722,76727,76728,1,5
76722,76727,76728,1,5
76722,76728,76729,1,6
76722,76727,76728,1,5
76722,76728,76729,1,6
76722,76728,76729,1,6
76722,76728,76729,1,6
76722,76728,76729,1,6
76722,76728,76729,1,6
76722,76728,76729,1,6
76722,76728,76729,1,6
76722,76728,76729,1,6
76722,76728,76729,1,6
76722,76729,76730,1,7
76722,76729,76730,1,7
75995,76002,76730,728,7
76722,76728,76729,1,6
76722,76728,76729,1,6
76722,76729,76730,1,7
76722,76729,76730,1,7
76722,76729,76730,1,7
76722,76729,76730,1,7
76722,76729,76730,1,7
76722,76729,76730,1,7
76722,76729,76730,1,7
76722,76729,76730,1,7
76745,76745,76746,1,0
76745,76746,76747,1,1
76745,76746,76747,1,1
76745,76746,76747,1,1
76745,76746,76747,1,1
76745,76747,76748,1,2
76745,76746,76747,1,1
76745,76746,76747,1,1
76745,76747,76748,1,2
76745,76747,76748,1,2
76745,76748,76749,1,3
76745,76747,76748,1,2
76745,76747,76748,1,2
76745,76747,76748,1,2
76745,76747,76748,1,2
76745,76747,76748,1,2
76745,76747,76748,1,2
76745,76748,76749,1,3
76745,76748,76749,1,3
76745,76749,76750,1,4
76745,76748,76749,1,3
76745,76749,76750,1,4
76745,76748,76749,1,3
76745,76748,76749,1,3
76745,76748,76749,1,3
76745,76748,76749,1,3
76745,76749,76750,1,4
76745,76749,76750,1,4
76745,76749,76750,1,4
76745,76749,76750,1,4
76745,76750,76751,1,5
76745,76749,76750,1,4
76745,76750,76751,1,5
76745,76750,76751,1,5
76745,76749,76750,1,4
76745,76750,76751,1,5
76745,76750,76751,1,5
76745,76751,76752,1,6
76745,76751,76752,1,6
76745,76751,76752,1,6
76745,76751,76752,1,6
76745,76751,76752,1,6
76745,76751,76752,1,6
76745,76751,76752,1,6
76745,76752,76753,1,7
76745,76752,76753,1,7
76745,76752,76753,1,7
76745,76752,76753,1,7
76745,76752,76753,1,7
76745,76752,76753,1,7
76745,76752,76753,1,7
76745,76752,76753,1,7
76745,76752,76753,1,7
76745,76752,76753,1,7
76266,76272,76753,481,6
76745,76753,76754,1,8
76745,76753,76754,1,8
76745,76753,76754,1,8
76745,76753,76754,1,8
76034,76045,76771,726,11
76772,76772,76773,1,0
76772,76772,76773,1,0
76772,76772,76773,1,0
76772,76772,76773,1,0
76772,76772,76773,1,0
76772,76772,76773,1,0
76772,76772,76773,1,0
76772,76772,76773,1,0
76772,76772,76773,1,0
76772,76772,76773,1,0
76772,76772,76773,1,0
76772,76772,76773,1,0
76772,76772,76774,2,0
76772,76772,76774,2,0
76772,76772,76774,2,0
76772,76773,76775,2,1
76772,76773,76775,2,1
76772,76773,76775,2,1
76772,76773,76775,2,1
76772,76773,76775,2,1
76772,76772,76774,2,0
76772,76773,76775,2,1
76772,76773,76775,2,1
76772,76772,76776,4,0
76772,76774,76776,2,2
76772,76774,76776,2,2
76772,76773,76775,2,1
76772,76773,76776,3,1
76772,76773,76775,2,1
76772,76774,76776,2,2
76772,76774,76776,2,2
76772,76774,76776,2,2
76772,76774,76776,2,2
76772,76775,76777,2,3
76772,76775,76777,2,3
76772,76775,76777,2,3
76772,76775,76777,2,3
76772,76775,76777,2,3
76772,76775,76777,2,3
76772,76775,76777,2,3
76772,76776,76778,2,4
76772,76776,76778,2,4
76772,76777,76778,1,5
76772,76777,76778,1,5
76772,76777,76778,1,5
76772,76777,76778,1,5
76772,76776,76778,2,4
76772,76776,76778,2,4
76772,76776,76778,2,4
76772,76776,76778,2,4
76772,76776,76778,2,4
76772,76775,76778,3,3
76772,76777,76778,1,5
76772,76777,76779,2,5
76772,76776,76778,2,4
76772,76778,76779,1,6
76772,76777,76779,2,5
76772,76778,76779,1,6
76772,76778,76779,1,6
76772,76778,76779,1,6
76772,76778,76779,1,6
76772,76779,76780,1,7
76772,76778,76779,1,6
76772,76779,76780,1,7
76772,76779,76780,1,7
76772,76779,76780,1,7
76772,76779,76780,1,7
76772,76779,76780,1,7
76772,76779,76780,1,7
76772,76779,76780,1,7
76772,76780,76781,1,8
76772,76780,76781,1,8
76772,76781,76782,1,9
76772,76781,76782,1,9
76772,76781,76783,2,9
76772,76782,76783,1,10
76772,76782,76784,2,10
76772,76782,76784,2,10
76772,76782,76784,2,10
76772,76782,76784,2,10
76772,76782,76784,2,10
76772,76782,76784,2,10
76772,76782,76784,2,10
76772,76782,76784,2,10
76772,76783,76784,1,11
76772,76783,76784,1,11
76772,76783,76784,1,11
76772,76783,76784,1,11
76772,76783,76784,1,11
76772,76783,76784,1,11
76772,76783,76784,1,11
76772,76783,76785,2,11
76772,76785,76786,1,13
76772,76785,76786,1,13
76772,76784,76786,2,12
76772,76784,76786,2,12
76772,76784,76786,2,12
76772,76784,76786,2,12
76772,76784,76786,2,12
76772,76784,76786,2,12
76772,76784,76786,2,12
76772,76784,76786,2,12
76772,76784,76786,2,12
76772,76785,76786,1,13
76772,76785,76786,1,13
76772,76785,76786,1,13
76772,76785,76786,1,13
76772,76785,76786,1,13
76772,76786,76787,1,14
76772,76785,76786,1,13
76772,76786,76787,1,14
76772,76786,76787,1,14
76772,76786,76787,1,14
76772,76786,76787,1,14
76772,76786,76787,1,14
76772,76787,76788,1,15
76772,76787,76788,1,15
76772,76786,76787,1,14
76772,76786,76787,1,14
76772,76786,76787,1,14
76772,76787,76788,1,15
76772,76786,76787,1,14
76772,76786,76787,1,14
76772,76787,76788,1,15
76772,76787,76788,1,15
76772,76787,76788,1,15
76772,76787,76788,1,15
76772,76787,76788,1,15
76772,76788,76789,1,16
76772,76788,76789,1,16
76772,76788,76789,1,16
76772,76788,76789,1,16
76772,76788,76789,1,16
76772,76788,76789,1,16
76772,76788,76789,1,16
76772,76788,76789,1,16
76772,76788,76789,1,16
76772,76786,76789,3,14
76772,76789,76790,1,17
76772,76789,76790,1,17
76772,76789,76790,1,17
76772,76789,76790,1,17
76772,76789,76790,1,17
76772,76789,76790,1,17
76291,76297,76795,498,6
76800,76800,76801,1,0
76800,76800,76801,1,0
76800,76800,76801,1,0
76800,76800,76801,1,0
76800,76800,76801,1,0
76800,76800,76801,1,0
76800,76800,76801,1,0
76800,76800,76801,1,0
76800,76800,76801,1,0
76800,76800,76801,1,0
76800,76800,76801,1,0
76800,76800,76801,1,0
76800,76800,76802,2,0
76800,76800,76802,2,0
76800,76800,76803,3,0
76800,76800,76802,2,0
76800,76801,76803,2,1
76800,76801,76803,2,1
76800,76801,76803,2,1
76800,76801,76803,2,1
76800,76801,76803,2,1
76800,76801,76802,1,1
76800,76801,76802,1,1
76800,76801,76803,2,1
76800,76802,76803,1,2
76800,76802,76803,1,2
76081,76087,76804,717,6
76800,76801,76804,3,1
76800,76802,76803,1,2
76800,76803,76805,2,3
76800,76802,76805,3,2
76800,76802,76804,2,2
76800,76803,76805,2,3
76800,76804,76805,1,4
76800,76804,76805,1,4
76800,76804,76805,1,4
76800,76804,76805,1,4
76800,76804,76805,1,4
76800,76804,76805,1,4
76800,76804,76805,1,4
76800,76804,76805,1,4
76800,76803,76805,2,3
76032,76045,76805,760,13
76800,76803,76806,3,3
76800,76805,76806,1,5
76800,76804,76806,2,4
76800,76805,76806,1,5
76800,76805,76806,1,5
76800,76805,76807,2,5
76800,76806,76807,1,6
76800,76805,76807,2,5
76800,76806,76807,1,6
76800,76806,76807,1,6
76800,76806,76807,1,6
76800,76807,76808,1,7
76800,76807,76808,1,7
76800,76807,76808,1,7
76800,76804,76808,4,4
76800,76806,76808,2,6
76800,76807,76808,1,7
76800,76808,76809,1,8
76800,76808,76809,1,8
76800,76808,76809,1,8
76800,76808,76809,1,8
76800,76807,76809,2,7
76800,76808,76809,1,8
76800,76809,76810,1,9
76800,76809,76810,1,9
76800,76809,76811,2,9
76800,76809,76812,3,9
76800,76808,76819,11,8
76819,76819,76820,1,0
76819,76819,76820,1,0
76819,76819,76820,1,0
76819,76819,76820,1,0
76819,76819,76820,1,0
76819,76819,76820,1,0
76819,76819,76820,1,0
76819,76819,76820,1,0
76819,76819,76820,1,0
76819,76819,76820,1,0
76819,76819,76821,2,0
76819,76820,76821,1,1
76819,76820,76821,1,1
76819,76819,76820,1,0
76819,76820,76822,2,1
76819,76820,76822,2,1
76819,76820,76822,2,1
76819,76820,76822,2,1
76819,76820,76821,1,1
76819,76820,76821,1,1
76819,76820,76822,2,1
76819,76819,76821,2,0
76819,76820,76822,2,1
76819,76820,76822,2,1
76819,76820,76822,2,1
76819,76821,76823,2,2
76819,76821,76823,2,2
76819,76821,76823,2,2
76819,76819,76823,4,0
76819,76821,76823,2,2
76819,76821,76823,2,2
76819,76822,76824,2,3
76819,76822,76824,2,3
76819,76822,76823,1,3
76819,76822,76824,2,3
76819,76822,76824,2,3
76819,76822,76824,2,3
76819,76822,76824,2,3
76819,76822,76824,2,3
76819,76822,76824,2,3
76819,76822,76824,2,3
76819,76822,76824,2,3
76819,76824,76825,1,5
76819,76824,76825,1,5
76819,76823,76824,1,4
76819,76824,76825,1,5
76819,76823,76825,2,4
76819,76824,76825,1,5
76819,76823,76825,2,4
76819,76824,76825,1,5
76819,76823,76825,2,4
76819,76824,76826,2,5
76819,76823,76826,3,4
76819,76823,76825,2,4
76819,76825,76826,1,6
76819,76825,76826,1,6
76819,76825,76826,1,6
76819,76825,76826,1,6
76819,76825,76826,1,6
76819,76825,76826,1,6
76819,76825,76826,1,6
76819,76825,76826,1,6
76819,76825,76826,1,6
76819,76826,76827,1,7
76819,76826,76827,1,7
76819,76826,76827,1,7
76819,76826,76827,1,7
76819,76826,76827,1,7
76819,76826,76827,1,7
76819,76826,76827,1,7
76819,76827,76828,1,8
76819,76827,76828,1,8
76819,76827,76828,1,8
76819,76823,76827,4,4
76819,76835,76836,1,16
76838,76838,76839,1,0
76838,76838,76839,1,0
76838,76838,76839,1,0
76838,76838,76839,1,0
76838,76838,76839,1,0
76838,76839,76840,1,1
76838,76839,76840,1,1
76838,76839,76840,1,1
76838,76839,76840,1,1
76838,76839,76840,1,1
76838,76839,76841,2,1
76838,76839,76841,2,1
76838,76839,76841,2,1
76838,76839,76841,2,1
76838,76839,76841,2,1
76819,76840,76841,1,21
76819,76840,76841,1,21
76838,76839,76841,2,1
76838,76839,76841,2,1
76838,76840,76842,2,2
76838,76840,76842,2,2
76838,76841,76842,1,3
76838,76841,76842,1,3
76838,76841,76843,2,3
76838,76841,76842,1,3
76838,76841,76842,1,3
76838,76841,76843,2,3
76838,76840,76842,2,2
76838,76841,76843,2,3
76838,76841,76843,2,3
76838,76841,76843,2,3
76838,76842,76844,2,4
76838,76842,76844,2,4
76838,76842,76844,2,4
76838,76843,76844,1,5
76838,76841,76843,2,3
76838,76843,76844,1,5
76838,76842,76844,2,4
76838,76843,76844,1,5
76838,76842,76844,2,4
76838,76842,76844,2,4
76838,76843,76844,1,5
76838,76843,76844,1,5
76838,76844,76845,1,6
76838,76843,76844,1,5
76838,76843,76844,1,5
76838,76843,76844,1,5
76838,76844,76845,1,6
76838,76843,76844,1,5
76838,76844,76845,1,6
76838,76843,76844,1,5
76838,76844,76845,1,6
76838,76844,76845,1,6
76838,76844,76845,1,6
76838,76844,76845,1,6
76838,76844,76845,1,6
76838,76844,76845,1,6
76838,76844,76845,1,6
76838,76844,76845,1,6
76838,76845,76846,1,7
76838,76844,76845,1,6
76838,76845,76846,1,7
76838,76845,76846,1,7
76838,76845,76846,1,7
76838,76845,76846,1,7
76838,76845,76846,1,7
76838,76845,76846,1,7
76838,76845,76846,1,7
76838,76845,76846,1,7
76838,76845,76846,1,7
76838,76846,76847,1,8
76838,76846,76847,1,8
76838,76846,76847,1,8
76838,76846,76847,1,8
76838,76846,76847,1,8
76838,76846,76847,1,8
76838,76845,76846,1,7
76838,76846,76847,1,8
76838,76846,76847,1,8
76838,76846,76847,1,8
76838,76847,76848,1,9
76838,76847,76848,1,9
76838,76847,76848,1,9
76838,76846,76847,1,8
76362,76370,76850,480,8
76859,76859,76860,1,0
76859,76859,76860,1,0
76859,76859,76860,1,0
76859,76859,76860,1,0
76859,76859,76860,1,0
76859,76859,76860,1,0
76859,76859,76860,1,0
76859,76859,76860,1,0
76859,76859,76860,1,0
76859,76859,76860,1,0
76859,76859,76860,1,0
76859,76859,76860,1,0
76859,76859,76860,1,0
76859,76859,76860,1,0
76859,76860,76861,1,1
76859,76860,76861,1,1
76859,76860,76861,1,1
76859,76860,76861,1,1
76859,76860,76861,1,1
76859,76859,76860,1,0
76859,76860,76861,1,1
76859,76859,76860,1,0
76859,76859,76860,1,0
76859,76860,76861,1,1
76859,76860,76861,1,1
76859,76860,76861,1,1
76859,76860,76861,1,1
76859,76861,76862,1,2
76859,76860,76861,1,1
76859,76860,76861,1,1
76859,76860,76862,2,1
76859,76860,76862,2,1
76859,76861,76862,1,2
76859,76861,76862,1,2
76859,76861,76862,1,2
76859,76861,76862,1,2
76859,76861,76862,1,2
76859,76861,76862,1,2
76859,76861,76862,1,2
76859,76861,76862,1,2
76859,76861,76862,1,2
76859,76861,76862,1,2
76859,76861,76862,1,2
76859,76861,76862,1,2
76859,76862,76863,1,3
76859,76862,76863,1,3
76859,76862,76863,1,3
76859,76862,76863,1,3
76859,76862,76863,1,3
76859,76862,76863,1,3
76859,76862,76863,1,3
76859,76862,76863,1,3
76859,76862,76863,1,3
76859,76862,76863,1,3
76859,76862,76863,1,3
76859,76862,76863,1,3
76859,76862,76863,1,3
76859,76862,76863,1,3
76859,76862,76863,1,3
76859,76863,76864,1,4
76859,76863,76864,1,4
76859,76863,76864,1,4
76859,76862,76864,2,3
76859,76862,76863,1,3
76859,76863,76864,1,4
76859,76863,76864,1,4
76859,76863,76864,1,4
76859,76863,76864,1,4
76859,76863,76864,1,4
76859,76863,76864,1,4
76859,76864,76865,1,5
76859,76864,76865,1,5
76859,76864,76865,1,5
76859,76864,76865,1,5
76859,76864,76865,1,5
76859,76864,76865,1,5
76859,76864,76865,1,5
76859,76864,76865,1,5
76859,76864,76865,1,5
76859,76865,76866,1,6
76859,76865,76866,1,6
76859,76865,76866,1,6
76859,76865,76866,1,6
76859,76865,76866,1,6
76859,76865,76866,1,6
76161,76166,76870,704,5
76881,76881,76882,1,0
76881,76881,76882,1,0
76881,76881,76882,1,0
76881,76881,76882,1,0
76881,76881,76882,1,0
76881,76881,76882,1,0
76881,76881,76882,1,0
76881,76881,76882,1,0
76881,76881,76883,2,0
76881,76881,76883,2,0
76881,76882,76883,1,1
76881,76882,76883,1,1
76881,76882,76883,1,1
76881,76882,76883,1,1
76881,76882,76884,2,1
76881,76882,76884,2,1
76881,76882,76884,2,1
76881,76882,76884,2,1
76881,76882,76884,2,1
76881,76882,76884,2,1
76881,76883,76884,1,2
76881,76883,76884,1,2
76881,76882,76884,2,1
76881,76883,76885,2,2
76881,76883,76884,1,2
76881,76883,76885,2,2
76881,76883,76884,1,2
76881,76884,76885,1,3
76881,76884,76885,1,3
76881,76884,76885,1,3
76881,76884,76885,1,3
76881,76884,76886,2,3
76881,76884,76886,2,3
76881,76884,76886,2,3
76881,76884,76886,2,3
76881,76884,76886,2,3
76881,76886,76887,1,5
76881,76885,76887,2,4
76881,76886,76887,1,5
76881,76886,76887,1,5
76881,76886,76887,1,5
76881,76885,76887,2,4
76881,76885,76886,1,4
76881,76885,76886,1,4
76881,76886,76887,1,5
76881,76886,76887,1,5
76881,76885,76887,2,4
76881,76885,76886,1,4
76881,76885,76886,1,4
76881,76885,76886,1,4
76881,76886,76887,1,5
76881,76887,76888,1,6
76881,76887,76888,1,6
76881,76887,76888,1,6
76881,76887,76888,1,6
76881,76886,76887,1,5
76881,76887,76888,1,6
76881,76887,76888,1,6
76881,76887,76888,1,6
76881,76887,76888,1,6
76881,76887,76888,1,6
76881,76886,76887,1,5
76881,76887,76888,1,6
76881,76887,76888,1,6
76881,76887,76888,1,6
76881,76887,76888,1,6
76881,76887,76888,1,6
76881,76887,76888,1,6
76881,76888,76889,1,7
76881,76888,76889,1,7
76881,76888,76889,1,7
76881,76888,76889,1,7
76881,76888,76889,1,7
76881,76888,76889,1,7
76881,76888,76889,1,7
76881,76888,76889,1,7
76881,76888,76889,1,7
76881,76888,76889,1,7
76881,76888,76889,1,7
76881,76888,76889,1,7
76881,76888,76889,1,7
76881,76888,76889,1,7
76881,76888,76889,1,7
76881,76889,76890,1,8
76881,76889,76890,1,8
76881,76889,76890,1,8
76881,76889,76890,1,8
76881,76889,76890,1,8
76881,76889,76890,1,8
76881,76889,76890,1,8
76410,76417,76905,488,7
76912,76912,76913,1,0
76912,76912,76913,1,0
76912,76912,76913,1,0
76912,76912,76913,1,0
76912,76912,76913,1,0
76912,76912,76913,1,0
76912,76912,76913,1,0
76912,76912,76913,1,0
76912,76912,76913,1,0
76912,76912,76913,1,0
76912,76912,76913,1,0
76912,76913,76914,1,1
76912,76912,76913,1,0
76912,76913,76914,1,1
76912,76913,76914,1,1
76912,76913,76914,1,1
76912,76912,76914,2,0
76912,76913,76914,1,1
76912,76913,76914,1,1
76912,76913,76914,1,1
76912,76913,76914,1,1
76912,76913,76914,1,1
76912,76912,76914,2,0
76912,76912,76914,2,0
76912,76913,76914,1,1
76912,76913,76914,1,1
76912,76914,76915,1,2
76912,76914,76915,1,2
76912,76913,76915,2,1
76912,76914,76915,1,2
76912,76915,76916,1,3
76912,76915,76916,1,3
76912,76912,76916,4,0
76912,76916,76917,1,4
76912,76916,76917,1,4
76912,76914,76916,2,2
76912,76916,76917,1,4
76912,76916,76917,1,4
76912,76916,76917,1,4
76912,76917,76918,1,5
76912,76917,76918,1,5
76912,76917,76918,1,5
76912,76918,76919,1,6
76912,76918,76919,1,6
76912,76918,76919,1,6
76912,76918,76919,1,6
76912,76918,76919,1,6
76912,76917,76918,1,5
76912,76918,76919,1,6
76912,76919,76920,1,7
76912,76919,76920,1,7
76912,76919,76920,1,7
76912,76919,76920,1,7
76912,76919,76920,1,7
76521,76527,77009,482,6
77011,77011,77012,1,0
77011,77011,77012,1,0
77011,77011,77012,1,0
77011,77011,77012,1,0
77011,77011,77012,1,0
77011,77011,77012,1,0
77011,77011,77012,1,0
77011,77012,77013,1,1
77011,77012,77013,1,1
77011,77011,77013,2,0
77011,77011,77012,1,0
77011,77011,77012,1,0
77011,77011,77014,3,0
77011,77012,77013,1,1
77011,77012,77013,1,1
77011,77013,77014,1,2
77011,77013,77014,1,2
77011,77012,77013,1,1
77011,77012,77014,2,1
77011,77012,77013,1,1
77011,77012,77013,1,1
77011,77013,77014,1,2
77011,77013,77014,1,2
77011,77013,77015,2,2
77011,77013,77014,1,2
77011,77013,77014,1,2
77011,77014,77015,1,3
77011,77014,77015,1,3
77011,77014,77015,1,3
77011,77013,77014,1,2
77011,77013,77014,1,2
77011,77013,77014,1,2
77011,77015,77016,1,4
77011,77014,77016,2,3
77011,77014,77015,1,3
77011,77014,77016,2,3
77011,77015,77016,1,4
77011,77015,77016,1,4
77011,77014,77015,1,3
77011,77015,77016,1,4
77011,77015,77016,1,4
77011,77015,77016,1,4
77011,77014,77015,1,3
77011,77014,77016,2,3
77011,77015,77016,1,4
77011,77015,77016,1,4
77011,77015,77016,1,4
77011,77015,77016,1,4
77011,77015,77016,1,4
77011,77016,77017,1,5
77011,77016,77017,1,5
77011,77016,77017,1,5
77011,77016,77017,1,5
77011,77016,77017,1,5
77011,77016,77017,1,5
77011,77016,77017,1,5
77011,77016,77017,1,5
77011,77016,77017,1,5
77011,77016,77017,1,5
77011,77016,77017,1,5
77011,77017,77018,1,6
77011,77017,77018,1,6
77011,77016,77017,1,5
77011,77016,77017,1,5
77011,77017,77018,1,6
77011,77017,77018,1,6
77011,77017,77018,1,6
77011,77017,77018,1,6
77011,77017,77018,1,6
77011,77017,77018,1,6
77011,77017,77018,1,6
77011,77017,77018,1,6
77011,77017,77018,1,6
77011,77017,77018,1,6
77011,77017,77018,1,6
77011,77018,77019,1,7
77011,77018,77019,1,7
77011,77018,77019,1,7
77011,77018,77019,1,7
77011,77018,77019,1,7
77011,77018,77019,1,7
77011,77018,77019,1,7
77011,77018,77019,1,7
77011,77018,77019,1,7
77011,77018,77019,1,7
77011,77018,77019,1,7
77011,77018,77019,1,7
77011,77018,77019,1,7
77011,77018,77019,1,7
76298,76305,77029,724,7
77039,77039,77040,1,0
77039,77039,77040,1,0
77039,77039,77040,1,0
77039,77039,77040,1,0
77039,77039,77040,1,0
77039,77039,77040,1,0
77039,77039,77040,1,0
77039,77039,77040,1,0
77039,77039,77040,1,0
77039,77039,77040,1,0
77039,77039,77040,1,0
77039,77039,77040,1,0
77039,77039,77040,1,0
77039,77039,77040,1,0
77039,77039,77040,1,0
77039,77039,77040,1,0
77039,77039,77040,1,0
77039,77040,77041,1,1
77039,77040,77041,1,1
77039,77040,77041,1,1
77039,77040,77042,2,1
77039,77040,77041,1,1
77039,77040,77041,1,1
77039,77040,77041,1,1
77039,77040,77042,2,1
77039,77040,77041,1,1
77039,77040,77042,2,1
77039,77040,77042,2,1
77039,77040,77042,2,1
77039,77041,77042,1,2
77039,77042,77043,1,3
77039,77041,77042,1,2
77039,77041,77043,2,2
77039,77042,77043,1,3
77039,77042,77043,1,3
77039,77042,77043,1,3
77039,77042,77043,1,3
77039,77042,77043,1,3
77039,77040,77042,2,1
77039,77041,77043,2,2
77039,77043,77044,1,4
77039,77043,77044,1,4
77039,77043,77044,1,4
77039,77042,77043,1,3
77039,77042,77044,2,3
77039,77042,77044,2,3
77039,77043,77044,1,4
77039,77043,77044,1,4
77039,77043,77044,1,4
77039,77043,77044,1,4
77039,77043,77044,1,4
77039,77043,77044,1,4
77039,77043,77044,1,4
77039,77042,77044,2,3
77039,77042,77044,2,3
77039,77042,77043,1,3
77039,77044,77045,1,5
77039,77044,77045,1,5
77039,77044,77045,1,5
77039,77044,77045,1,5
77039,77044,77045,1,5
77039,77044,77045,1,5
77039,77044,77045,1,5
77039,77044,77045,1,5
77039,77044,77045,1,5
77039,77042,77045,3,3
77039,77044,77045,1,5
77039,77044,77045,1,5
77039,77044,77045,1,5
76333,76339,77045,706,6
77039,77045,77046,1,6
77039,77045,77046,1,6
77039,77045,77046,1,6
77039,77045,77046,1,6
77039,77045,77046,1,6
77039,77045,77046,1,6
77039,77045,77046,1,6
77039,77044,77046,2,5
77039,77045,77046,1,6
77039,77046,77047,1,7
77039,77046,77047,1,7
77039,77046,77047,1,7
77039,77046,77047,1,7
77046,77047,77048,1,1
77046,77047,77048,1,1
77039,77047,77048,1,8
77046,77048,77049,1,2
77046,77048,77049,1,2
77046,77049,77050,1,3
77046,77049,77050,1,3
77046,77049,77050,1,3
77046,77048,77049,1,2
77046,77048,77049,1,2
77046,77048,77049,1,2
77046,77048,77049,1,2
77046,77048,77049,1,2
77046,77049,77050,1,3
77046,77049,77050,1,3
77046,77048,77050,2,2
77046,77050,77051,1,4
77046,77049,77050,1,3
77046,77050,77051,1,4
77046,77050,77051,1,4
77046,77050,77051,1,4
77046,77050,77051,1,4
77046,77050,77051,1,4
77046,77050,77051,1,4
77046,77051,77052,1,5
77046,77051,77052,1,5
77046,77051,77052,1,5
77046,77051,77052,1,5
77046,77051,77052,1,5
77046,77051,77052,1,5
77046,77051,77052,1,5
77046,77050,77051,1,4
77046,77051,77052,1,5
77046,77051,77052,1,5
77046,77051,77052,1,5
77046,77051,77052,1,5
77046,77052,77053,1,6
77046,77052,77053,1,6
77046,77052,77053,1,6
77046,77052,77053,1,6
77046,77051,77052,1,5
77046,77052,77053,1,6
77046,77051,77052,1,5
77046,77052,77053,1,6
77046,77052,77053,1,6
77046,77052,77053,1,6
77046,77053,77054,1,7
77039,77044,77053,9,5
77046,77051,77053,2,5
77046,77051,77053,2,5
77046,77053,77054,1,7
77046,77053,77054,1,7
77046,77053,77054,1,7
77046,77053,77054,1,7
77046,77053,77054,1,7
77046,77053,77054,1,7
77046,77053,77054,1,7
77046,77053,77054,1,7
77046,77053,77054,1,7
77046,77053,77054,1,7
77046,77053,77054,1,7
77046,77054,77055,1,8
77046,77054,77055,1,8
77046,77054,77055,1,8
77046,77054,77055,1,8
77046,77054,77055,1,8
77046,77054,77055,1,8
77046,77054,77055,1,8
77046,77054,77055,1,8
77046,77054,77055,1,8
77046,77054,77055,1,8
77046,77054,77055,1,8
77046,77054,77055,1,8
76337,76347,77065,718,10
77046,77066,77067,1,20
77046,77066,77067,1,20
77046,77066,77067,1,20
77072,77072,77073,1,0
77072,77072,77073,1,0
77072,77072,77073,1,0
77072,77072,77073,1,0
77072,77072,77073,1,0
77072,77072,77074,2,0
77072,77072,77073,1,0
77072,77073,77074,1,1
77072,77073,77074,1,1
77072,77073,77074,1,1
77072,77073,77074,1,1
77072,77073,77074,1,1
77072,77073,77074,1,1
77072,77072,77073,1,0
77072,77073,77074,1,1
77072,77073,77074,1,1
77072,77073,77074,1,1
77072,77072,77075,3,0
77072,77072,77074,2,0
77072,77074,77075,1,2
77072,77074,77075,1,2
77072,77074,77075,1,2
77072,77074,77075,1,2
77072,77072,77074,2,0
77072,77073,77074,1,1
77072,77074,77075,1,2
77072,77074,77075,1,2
77072,77074,77075,1,2
77072,77074,77075,1,2
77072,77075,77076,1,3
77072,77075,77076,1,3
77072,77075,77076,1,3
77072,77074,77075,1,2
77072,77075,77076,1,3
77072,77075,77076,1,3
77072,77075,77076,1,3
77072,77074,77075,1,2
77072,77074,77075,1,2
77072,77076,77077,1,4
77072,77075,77076,1,3
77072,77075,77076,1,3
77072,77075,77076,1,3
77072,77076,77077,1,4
77072,77076,77077,1,4
77072,77075,77076,1,3
77072,77075,77076,1,3
77072,77076,77077,1,4
77072,77076,77077,1,4
77072,77076,77077,1,4
77072,77076,77077,1,4
77072,77075,77076,1,3
77072,77076,77077,1,4
77072,77076,77077,1,4
77072,77075,77077,2,3
77072,77077,77078,1,5
77072,77077,77078,1,5
77072,77077,77078,1,5
77072,77077,77078,1,5
77072,77077,77078,1,5
77072,77077,77078,1,5
77072,77077,77078,1,5
77072,77077,77078,1,5
77072,77077,77078,1,5
77072,77077,77078,1,5
77072,77077,77078,1,5
77072,77077,77078,1,5
77072,77077,77078,1,5
77072,77078,77079,1,6
76599,76606,77079,473,7
77072,77078,77079,1,6
77072,77078,77079,1,6
77072,77078,77079,1,6
77072,77077,77078,1,5
77072,77078,77079,1,6
77072,77078,77079,1,6
77072,77078,77079,1,6
77072,77078,77079,1,6
77072,77078,77079,1,6
77072,77078,77079,1,6
77072,77079,77080,1,7
77072,77079,77080,1,7
77072,77079,77080,1,7
77072,77079,77080,1,7
77072,77079,77080,1,7
77072,77078,77080,2,6
77072,77079,77080,1,7
77072,77077,77080,3,5
77072,77080,77081,1,8
77090,77090,77091,1,0
77090,77090,77091,1,0
77090,77090,77091,1,0
77090,77090,77091,1,0
77090,77090,77091,1,0
77090,77090,77091,1,0
77090,77090,77091,1,0
77090,77090,77091,1,0
77090,77090,77091,1,0
77090,77090,77091,1,0
77090,77090,77091,1,0
77090,77090,77092,2,0
77090,77091,77092,1,1
77090,77090,77091,1,0
77090,77091,77092,1,1
77090,77090,77091,1,0
77090,77090,77091,1,0
77090,77091,77093,2,1
77090,77091,77093,2,1
77090,77091,77092,1,1
77090,77090,77093,3,0
77090,77091,77093,2,1
77090,77091,77093,2,1
77090,77091,77093,2,1
77090,77091,77092,1,1
77090,77091,77093,2,1
77090,77091,77093,2,1
77090,77091,77093,2,1
77090,77092,77093,1,2
77090,77093,77094,1,3
77090,77092,77094,2,2
77090,77092,77093,1,2
77090,77092,77093,1,2
77090,77093,77094,1,3
77090,77092,77094,2,2
77090,77092,77094,2,2
77090,77093,77094,1,3
77090,77093,77095,2,3
77090,77094,77095,1,4
77090,77094,77095,1,4
77090,77093,77095,2,3
77090,77093,77095,2,3
77090,77093,77095,2,3
77090,77093,77095,2,3
77090,77093,77095,2,3
77090,77093,77095,2,3
77090,77093,77095,2,3
77090,77095,77096,1,5
77090,77095,77096,1,5
77090,77095,77096,1,5
77090,77094,77096,2,4
77090,77096,77097,1,6
77090,77095,77096,1,5
77090,77095,77096,1,5
77090,77096,77097,1,6
77090,77096,77097,1,6
77090,77096,77097,1,6
77090,77097,77098,1,7
77090,77097,77098,1,7
77090,77097,77098,1,7
77090,77098,77099,1,8
77090,77098,77099,1,8
77090,77098,77099,1,8
77090,77098,77099,1,8
77090,77098,77099,1,8
77090,77098,77099,1,8
77090,77098,77099,1,8
77090,77098,77099,1,8
77090,77098,77099,1,8
77090,77098,77099,1,8
77090,77098,77099,1,8
77090,77099,77100,1,9
76436,76441,77148,707,5
77149,77149,77150,1,0
77149,77149,77150,1,0
77149,77149,77150,1,0
77149,77149,77150,1,0
77149,77149,77150,1,0
77149,77149,77150,1,0
77149,77149,77150,1,0
77149,77149,77150,1,0
77149,77149,77150,1,0
77149,77149,77150,1,0
77149,77149,77150,1,0
77149,77149,77150,1,0
77149,77149,77150,1,0
77149,77149,77151,2,0
77149,77149,77151,2,0
77149,77149,77151,2,0
77149,77150,77151,1,1
77149,77150,77151,1,1
77149,77150,77151,1,1
77149,77151,77152,1,2
77149,77150,77151,1,1
77149,77150,77152,2,1
77149,77150,77152,2,1
77149,77150,77152,2,1
77149,77150,77152,2,1
77149,77150,77151,1,1
77149,77150,77152,2,1
77149,77150,77152,2,1
77149,77150,77152,2,1
77149,77150,77151,1,1
77149,77151,77152,1,2
77149,77151,77152,1,2
77149,77152,77153,1,3
77149,77152,77153,1,3
77149,77151,77153,2,2
77149,77151,77153,2,2
77149,77152,77153,1,3
77149,77152,77153,1,3
77149,77153,77154,1,4
77149,77152,77154,2,3
77149,77153,77154,1,4
77149,77153,77154,1,4
77149,77149,77154,5,0
77149,77153,77154,1,4
77149,77153,77154,1,4
77149,77153,77154,1,4
77149,77153,77154,1,4
77149,77153,77154,1,4
77149,77154,77155,1,5
77149,77154,77155,1,5
77149,77154,77155,1,5
77149,77154,77155,1,5
77149,77153,77155,2,4
77149,77153,77155,2,4
77149,77154,77155,1,5
77149,77154,77155,1,5
77149,77153,77155,2,4
77149,77155,77156,1,6
77149,77155,77156,1,6
77149,77155,77156,1,6
77149,77155,77156,1,6
77149,77156,77157,1,7
77149,77155,77156,1,6
77149,77155,77156,1,6
77149,77156,77157,1,7
77149,77156,77157,1,7
77149,77156,77157,1,7
77149,77156,77157,1,7
77149,77157,77158,1,8
77149,77157,77158,1,8
77149,77157,77158,1,8
77149,77157,77158,1,8
77149,77156,77159,3,7
77149,77154,77162,8,5
76461,76467,77173,706,6
77179,77179,77180,1,0
77179,77179,77180,1,0
77179,77179,77180,1,0
77179,77179,77180,1,0
77179,77179,77180,1,0
77179,77179,77180,1,0
77179,77179,77180,1,0
77179,77179,77180,1,0
77179,77179,77181,2,0
77179,77179,77180,1,0
77179,77179,77181,2,0
77179,77179,77180,1,0
77179,77179,77181,2,0
77179,77180,77181,1,1
77179,77180,77181,1,1
77179,77180,77181,1,1
77179,77180,77181,1,1
77179,77180,77181,1,1
77179,77179,77182,3,0
77179,77181,77182,1,2
77179,77181,77182,1,2
77179,77181,77182,1,2
77179,77181,77182,1,2
77179,77182,77183,1,3
77179,77181,77183,2,2
77179,77179,77183,4,0
77179,77181,77183,2,2
77179,77183,77184,1,4
77179,77181,77184,3,2
77179,77181,77184,3,2
77179,77183,77184,1,4
77179,77183,77184,1,4
77179,77183,77184,1,4
77179,77183,77184,1,4
77179,77185,77186,1,6
77179,77184,77185,1,5
77179,77180,77181,1,1
77179,77185,77186,1,6
77179,77185,77186,1,6
77179,77185,77186,1,6
77179,77185,77186,1,6
77179,77185,77186,1,6
77179,77186,77187,1,7
77179,77186,77187,1,7
77179,77186,77187,1,7
77179,77186,77187,1,7
77179,77186,77187,1,7
77179,77186,77187,1,7
77179,77185,77187,2,6
77179,77186,77187,1,7
77179,77186,77187,1,7
77179,77187,77188,1,8
77179,77187,77188,1,8
77179,77188,77189,1,9
77179,77188,77189,1,9
77179,77188,77189,1,9
77179,77185,77189,4,6
77179,77188,77189,1,9
77179,77188,77189,1,9
77179,77186,77194,8,7
77179,77180,77197,17,1
76484,76490,77207,717,6
76724,76729,77217,488,5
77223,77223,77224,1,0
77223,77223,77224,1,0
77223,77223,77224,1,0
77223,77224,77225,1,1
77223,77224,77225,1,1
77223,77223,77224,1,0
77223,77223,77224,1,0
77223,77223,77224,1,0
77223,77224,77225,1,1
77223,77224,77225,1,1
77223,77224,77225,1,1
77223,77224,77225,1,1
77223,77223,77224,1,0
77223,77223,77225,2,0
77223,77224,77225,1,1
77223,77225,77226,1,2
77223,77225,77226,1,2
77223,77225,77226,1,2
77223,77224,77225,1,1
77223,77223,77225,2,0
77223,77226,77227,1,3
77223,77225,77226,1,2
77223,77226,77227,1,3
77223,77225,77226,1,2
77223,77225,77227,2,2
77223,77225,77226,1,2
77223,77225,77226,1,2
77223,77225,77226,1,2
77223,77225,77226,1,2
77223,77225,77226,1,2
77223,77225,77227,2,2
77223,77226,77227,1,3
77223,77226,77227,1,3
77223,77227,77228,1,4
77223,77227,77228,1,4
77223,77226,77227,1,3
77223,77227,77228,1,4
77223,77227,77228,1,4
77223,77227,77228,1,4
77223,77227,77228,1,4
77223,77227,77228,1,4
77223,77227,77228,1,4
77223,77228,77229,1,5
77223,77228,77229,1,5
77223,77228,77229,1,5
77223,77228,77229,1,5
77223,77227,77228,1,4
77223,77228,77229,1,5
77223,77227,77228,1,4
77223,77228,77229,1,5
77223,77228,77229,1,5
77223,77228,77229,1,5
77223,77226,77228,2,3
77223,77229,77230,1,6
77223,77229,77230,1,6
77223,77229,77230,1,6
77223,77229,77230,1,6
77223,77228,77229,1,5
77223,77229,77230,1,6
77223,77229,77230,1,6
77223,77228,77229,1,5
77223,77229,77230,1,6
77223,77229,77230,1,6
77223,77228,77229,1,5
77223,77229,77230,1,6
77223,77229,77230,1,6
77223,77230,77231,1,7
77223,77230,77231,1,7
77223,77230,77231,1,7
77223,77229,77230,1,6
77223,77230,77231,1,7
77223,77227,77230,3,4
77223,77230,77231,1,7
77223,77230,77231,1,7
77223,77230,77231,1,7
77223,77230,77231,1,7
77223,77230,77231,1,7
77223,77230,77231,1,7
77223,77230,77231,1,7
77223,77230,77231,1,7
77223,77231,77232,1,8
77223,77231,77232,1,8
77223,77231,77232,1,8
77223,77231,77232,1,8
77223,77231,77232,1,8
77223,77231,77232,1,8
77223,77231,77232,1,8
77223,77231,77232,1,8
77223,77231,77232,1,8
77223,77232,77233,1,9
77223,77232,77233,1,9
77223,77232,77233,1,9
77223,77231,77233,2,8
77223,77231,77233,2,8
77223,77233,77234,1,10
77223,77233,77234,1,10
77223,77232,77233,1,9
77223,77233,77234,1,10
77223,77232,77233,1,9
77223,77232,77233,1,9
77223,77232,77233,1,9
77223,77233,77234,1,10
77223,77233,77234,1,10
77223,77232,77234,2,9
77223,77232,77234,2,9
77223,77233,77234,1,10
77223,77232,77234,2,9
77223,77233,77234,1,10
77223,77233,77234,1,10
77223,77234,77235,1,11
77223,77234,77235,1,11
77223,77234,77235,1,11
77223,77234,77235,1,11
77223,77234,77235,1,11
77223,77234,77235,1,11
77223,77234,77235,1,11
77223,77235,77236,1,12
77223,77234,77235,1,11
77223,77234,77235,1,11
77223,77235,77236,1,12
77223,77235,77236,1,12
77223,77235,77236,1,12
77223,77235,77236,1,12
77223,77235,77236,1,12
77223,77235,77236,1,12
77223,77234,77235,1,11
77223,77234,77236,2,11
77223,77235,77236,1,12
77223,77235,77236,1,12
77223,77235,77236,1,12
77223,77235,77236,1,12
77223,77235,77236,1,12
77223,77236,77237,1,13
77223,77236,77237,1,13
77223,77236,77237,1,13
77223,77236,77237,1,13
77223,77236,77237,1,13
77223,77235,77236,1,12
77223,77236,77237,1,13
77223,77236,77237,1,13
77223,77236,77237,1,13
77223,77237,77238,1,14
77223,77237,77238,1,14
77223,77237,77238,1,14
77223,77237,77238,1,14
77223,77236,77237,1,13
77223,77237,77238,1,14
77223,77237,77238,1,14
77223,77237,77238,1,14
77223,77237,77238,1,14
77223,77237,77238,1,14
77223,77237,77238,1,14
77223,77237,77238,1,14
77223,77237,77238,1,14
77223,77237,77238,1,14
77223,77237,77238,1,14
77223,77237,77238,1,14
77223,77237,77238,1,14
77223,77238,77239,1,15
77223,77238,77239,1,15
77223,77238,77239,1,15
77223,77238,77239,1,15
77223,77238,77239,1,15
77223,77238,77239,1,15
77223,77238,77239,1,15
77223,77238,77239,1,15
77223,77238,77239,1,15
77223,77238,77239,1,15
77223,77238,77239,1,15
77223,77238,77239,1,15
77223,77234,77242,8,11
76801,76809,77292,483,8
77294,77294,77295,1,0
77294,77294,77296,2,0
77294,77294,77295,1,0
77294,77294,77296,2,0
77294,77294,77295,1,0
77294,77294,77296,2,0
77294,77294,77295,1,0
77294,77294,77296,2,0
77294,77294,77296,2,0
77294,77294,77296,2,0
77294,77295,77296,1,1
77294,77295,77296,1,1
77294,77294,77296,2,0
77294,77295,77296,1,1
77294,77295,77296,1,1
77294,77295,77296,1,1
77294,77295,77296,1,1
77294,77296,77298,2,2
77294,77296,77298,2,2
77294,77296,77298,2,2
77294,77296,77298,2,2
77294,77296,77298,2,2
77294,77297,77298,1,3
77294,77296,77298,2,2
77294,77297,77299,2,3
77294,77296,77298,2,2
77294,77296,77298,2,2
77294,77297,77298,1,3
77294,77297,77299,2,3
77294,77297,77298,1,3
77294,77297,77298,1,3
77294,77297,77298,1,3
77294,77298,77299,1,4
77294,77297,77299,2,3
77294,77299,77300,1,5
77294,77299,77300,1,5
77294,77298,77300,2,4
77294,77298,77300,2,4
77294,77298,77299,1,4
77294,77298,77299,1,4
77294,77298,77299,1,4
77294,77298,77300,2,4
77294,77299,77300,1,5
77294,77299,77300,1,5
77294,77299,77300,1,5
77294,77299,77301,2,5
77294,77299,77301,2,5
77294,77299,77300,1,5
77294,77300,77301,1,6
77294,77299,77300,1,5
77294,77300,77301,1,6
77294,77300,77301,1,6
77294,77300,77301,1,6
77294,77300,77301,1,6
77294,77300,77301,1,6
77294,77300,77301,1,6
77294,77299,77300,1,5
77294,77300,77301,1,6
77294,77300,77301,1,6
77294,77301,77302,1,7
77294,77301,77302,1,7
77294,77301,77302,1,7
77294,77301,77302,1,7
77294,77301,77302,1,7
77294,77301,77302,1,7
77294,77301,77302,1,7
77294,77301,77302,1,7
77294,77301,77302,1,7
77294,77301,77302,1,7
77294,77301,77302,1,7
77294,77300,77301,1,6
77294,77301,77302,1,7
77294,77301,77302,1,7
77294,77301,77302,1,7
77294,77294,77302,8,0
77294,77301,77302,1,7
77294,77302,77303,1,8
77294,77302,77303,1,8
77294,77302,77303,1,8
77294,77302,77303,1,8
77294,77302,77303,1,8
77294,77302,77303,1,8
77294,77302,77303,1,8
77294,77302,77303,1,8
77294,77302,77303,1,8
77294,77302,77303,1,8
77294,77302,77303,1,8
77294,77302,77303,1,8
77294,77302,77303,1,8
77294,77303,77304,1,9
77294,77302,77304,2,8
77294,77302,77303,1,8
77294,77303,77304,1,9
77294,77303,77304,1,9
77294,77303,77317,14,9
76820,76828,77321,493,8
76839,76847,77329,482,8
77335,77335,77336,1,0
77335,77335,77336,1,0
77335,77335,77336,1,0
77335,77335,77336,1,0
77335,77335,77336,1,0
77335,77335,77336,1,0
77335,77335,77336,1,0
77335,77336,77337,1,1
77335,77336,77337,1,1
77335,77335,77336,1,0
77335,77336,77337,1,1
77335,77336,77337,1,1
77335,77336,77337,1,1
77335,77336,77337,1,1
77335,77336,77337,1,1
77335,77335,77336,1,0
77335,77337,77338,1,2
77335,77336,77337,1,1
77335,77336,77337,1,1
77335,77336,77337,1,1
77335,77336,77337,1,1
77335,77336,77337,1,1
77335,77336,77337,1,1
77335,77337,77338,1,2
77335,77336,77337,1,1
77335,77337,77338,1,2
77335,77337,77338,1,2
77335,77337,77338,1,2
77335,77338,77339,1,3
77335,77338,77339,1,3
77335,77338,77339,1,3
77335,77337,77338,1,2
77335,77338,77339,1,3
77335,77338,77339,1,3
77335,77338,77339,1,3
77335,77338,77339,1,3
77335,77338,77339,1,3
77335,77338,77339,1,3
77335,77337,77339,2,2
77335,77338,77339,1,3
77335,77338,77340,2,3
77335,77338,77340,2,3
77335,77338,77339,1,3
77335,77338,77339,1,3
77335,77338,77339,1,3
77335,77339,77340,1,4
77335,77339,77340,1,4
77335,77339,77340,1,4
77335,77339,77340,1,4
77335,77339,77340,1,4
76628,76636,77340,704,8
77335,77339,77340,1,4
77335,77339,77340,1,4
77335,77339,77340,1,4
77335,77339,77340,1,4
77335,77339,77340,1,4
77335,77340,77341,1,5
77335,77340,77341,1,5
77335,77340,77341,1,5
77335,77340,77341,1,5
77335,77340,77341,1,5
77335,77340,77341,1,5
77335,77340,77341,1,5
77335,77340,77341,1,5
77335,77340,77341,1,5
77335,77340,77341,1,5
77335,77340,77341,1,5
77335,77340,77341,1,5
77335,77340,77341,1,5
77335,77340,77341,1,5
77335,77340,77341,1,5
77335,77340,77341,1,5
77335,77340,77341,1,5
77335,77341,77342,1,6
77335,77340,77341,1,5
77335,77341,77342,1,6
77335,77341,77342,1,6
77335,77341,77342,1,6
77335,77341,77342,1,6
77335,77341,77342,1,6
77335,77341,77342,1,6
77335,77341,77342,1,6
77337,77341,77342,1,4
77337,77341,77342,1,4
77337,77341,77342,1,4
77335,77340,77341,1,5
77337,77341,77342,1,4
77337,77341,77342,1,4
77337,77341,77342,1,4
77337,77342,77343,1,5
77337,77342,77343,1,5
77337,77342,77343,1,5
77337,77342,77343,1,5
77337,77342,77343,1,5
77337,77342,77343,1,5
77337,77342,77343,1,5
77337,77342,77343,1,5
77337,77342,77343,1,5
77337,77342,77343,1,5
77337,77342,77343,1,5
77337,77342,77344,2,5
77337,77343,77344,1,6
77337,77342,77344,2,5
77337,77343,77344,1,6
77337,77343,77344,1,6
77337,77342,77344,2,5
77337,77342,77344,2,5
77337,77343,77344,1,6
77337,77343,77345,2,6
77337,77343,77345,2,6
77335,77344,77345,1,9
77335,77344,77345,1,9
77337,77343,77345,2,6
77337,77343,77345,2,6
77337,77343,77345,2,6
77337,77343,77345,2,6
77337,77343,77345,2,6
77337,77344,77345,1,7
77337,77344,77345,1,7
77337,77342,77344,2,5
77337,77344,77345,1,7
77337,77344,77345,1,7
77337,77345,77346,1,8
77337,77345,77346,1,8
77337,77345,77346,1,8
77337,77345,77346,1,8
77337,77345,77346,1,8
77337,77345,77346,1,8
77337,77344,77346,2,7
77337,77344,77346,2,7
77337,77345,77346,1,8
77337,77345,77346,1,8
77337,77346,77347,1,9
77337,77346,77347,1,9
77337,77345,77347,2,8
77337,77346,77347,1,9
77337,77347,77348,1,10
77337,77346,77347,1,9
77337,77346,77347,1,9
77337,77347,77348,1,10
77337,77347,77348,1,10
77337,77347,77348,1,10
77337,77347,77348,1,10
77337,77346,77348,2,9
77337,77346,77347,1,9
77337,77345,77348,3,8
77337,77348,77349,1,11
77337,77348,77349,1,11
77337,77348,77349,1,11
77337,77348,77349,1,11
77337,77348,77349,1,11
77337,77348,77349,1,11
77337,77348,77349,1,11
77337,77348,77349,1,11
77337,77348,77349,1,11
77337,77349,77350,1,12
77337,77349,77350,1,12
77337,77349,77350,1,12
77337,77349,77350,1,12
77337,77349,77350,1,12
77342,77349,77350,1,7
77342,77349,77350,1,7
77342,77350,77351,1,8
77342,77350,77351,1,8
77342,77350,77351,1,8
77342,77350,77351,1,8
77342,77351,77352,1,9
77342,77350,77351,1,8
77342,77350,77352,2,8
77342,77351,77352,1,9
77342,77351,77352,1,9
77342,77351,77352,1,9
77342,77351,77352,1,9
77342,77351,77352,1,9
77342,77351,77352,1,9
77342,77352,77353,1,10
77342,77351,77352,1,9
77342,77351,77352,1,9
77342,77351,77352,1,9
77342,77351,77352,1,9
77342,77351,77352,1,9
77342,77351,77352,1,9
77342,77351,77352,1,9
77342,77351,77352,1,9
77342,77353,77354,1,11
77342,77353,77354,1,11
77342,77353,77354,1,11
77342,77353,77354,1,11
77342,77353,77354,1,11
77342,77352,77353,1,10
77342,77353,77354,1,11
77342,77352,77353,1,10
77342,77353,77354,1,11
77342,77353,77354,1,11
77342,77354,77355,1,12
77342,77353,77354,1,11
77342,77353,77354,1,11
77342,77353,77354,1,11
77342,77353,77354,1,11
77342,77354,77355,1,12
77342,77354,77355,1,12
77342,77354,77355,1,12
77342,77353,77355,2,11
77342,77353,77355,2,11
77342,77354,77355,1,12
77342,77355,77356,1,13
77342,77355,77356,1,13
77342,77355,77356,1,13
77342,77355,77356,1,13
77342,77354,77355,1,12
77342,77355,77356,1,13
77342,77353,77355,2,11
77342,77355,77356,1,13
77342,77355,77356,1,13
77342,77354,77355,1,12
77342,77355,77356,1,13
77342,77354,77356,2,12
77342,77355,77356,1,13
77342,77356,77357,1,14
77342,77356,77357,1,14
77342,77356,77357,1,14
77342,77355,77356,1,13
77342,77355,77356,1,13
77342,77356,77357,1,14
77342,77356,77357,1,14
77342,77356,77357,1,14
77342,77356,77357,1,14
77342,77356,77357,1,14
77342,77356,77357,1,14
77342,77356,77357,1,14
77342,77356,77357,1,14
77342,77356,77357,1,14
77342,77356,77357,1,14
77342,77357,77358,1,15
77342,77357,77358,1,15
77342,77357,77358,1,15
77342,77357,77358,1,15
77342,77357,77358,1,15
77342,77357,77358,1,15
77342,77357,77358,1,15
77342,77357,77358,1,15
77342,77357,77358,1,15
77342,77357,77358,1,15
77342,77357,77358,1,15
77342,77357,77358,1,15
77342,77357,77358,1,15
77342,77357,77358,1,15
76860,76867,77360,493,7
77382,77382,77383,1,0
77382,77382,77383,1,0
77382,77382,77383,1,0
77382,77382,77383,1,0
77382,77382,77383,1,0
77382,77382,77383,1,0
77382,77383,77384,1,1
77382,77383,77384,1,1
77382,77383,77384,1,1
77382,77383,77384,1,1
77382,77383,77384,1,1
77382,77383,77384,1,1
77382,77383,77384,1,1
77382,77383,77384,1,1
77382,77383,77384,1,1
77382,77383,77385,2,1
77382,77383,77384,1,1
77382,77383,77385,2,1
77382,77383,77385,2,1
77382,77384,77385,1,2
77382,77384,77385,1,2
77382,77384,77385,1,2
77382,77384,77386,2,2
77382,77384,77385,1,2
77382,77383,77385,2,1
77382,77385,77386,1,3
77382,77385,77386,1,3
77382,77385,77386,1,3
77382,77385,77386,1,3
77382,77384,77385,1,2
77382,77385,77386,1,3
77382,77385,77386,1,3
77382,77385,77386,1,3
77382,77385,77386,1,3
77382,77385,77386,1,3
77382,77386,77387,1,4
77382,77386,77387,1,4
77382,77385,77386,1,3
77382,77385,77386,1,3
77382,77385,77386,1,3
77382,77386,77387,1,4
77382,77385,77386,1,3
77382,77386,77387,1,4
77382,77386,77387,1,4
77382,77386,77387,1,4
77382,77386,77387,1,4
77382,77387,77388,1,5
77382,77387,77388,1,5
77382,77386,77387,1,4
77382,77386,77387,1,4
77382,77386,77388,2,4
77382,77386,77388,2,4
77382,77386,77388,2,4
77382,77387,77388,1,5
77382,77387,77388,1,5
77382,77387,77388,1,5
77382,77386,77388,2,4
77382,77387,77388,1,5
77382,77387,77388,1,5
77382,77388,77389,1,6
77382,77388,77389,1,6
77382,77388,77389,1,6
77382,77388,77389,1,6
77382,77387,77388,1,5
77382,77388,77389,1,6
77382,77388,77389,1,6
77382,77388,77389,1,6
77382,77388,77389,1,6
77382,77388,77389,1,6
77382,77388,77389,1,6
77382,77388,77389,1,6
77382,77388,77389,1,6
77382,77388,77389,1,6
77382,77389,77390,1,7
77382,77389,77390,1,7
77382,77389,77390,1,7
77382,77389,77390,1,7
77382,77389,77390,1,7
77382,77389,77390,1,7
77382,77389,77390,1,7
77382,77389,77390,1,7
77382,77389,77390,1,7
77382,77389,77390,1,7
77382,77389,77390,1,7
77382,77389,77390,1,7
77382,77389,77390,1,7
76671,76678,77404,726,7
77411,77411,77412,1,0
77411,77411,77412,1,0
77411,77411,77412,1,0
77411,77411,77412,1,0
77411,77411,77412,1,0
77411,77411,77412,1,0
77411,77411,77412,1,0
77411,77411,77412,1,0
77411,77411,77412,1,0
77411,77411,77412,1,0
77411,77411,77412,1,0
77411,77411,77412,1,0
77411,77412,77413,1,1
77411,77412,77413,1,1
77411,77411,77413,2,0
77411,77411,77413,2,0
77411,77412,77413,1,1
77411,77412,77413,1,1
77411,77412,77414,2,1
77411,77412,77414,2,1
77411,77412,77413,1,1
77411,77412,77413,1,1
77411,77413,77414,1,2
77411,77412,77413,1,1
77411,77412,77413,1,1
77411,77413,77414,1,2
77411,77412,77413,1,1
77411,77413,77415,2,2
77411,77413,77415,2,2
77411,77414,77415,1,3
77411,77414,77415,1,3
77411,77413,77414,1,2
77411,77414,77415,1,3
77411,77414,77415,1,3
77411,77413,77414,1,2
77411,77414,77415,1,3
77411,77414,77415,1,3
77411,77414,77415,1,3
77411,77414,77416,2,3
77411,77414,77416,2,3
77411,77414,77415,1,3
77411,77415,77416,1,4
77411,77415,77416,1,4
77411,77414,77415,1,3
77411,77414,77416,2,3
77411,77415,77416,1,4
77411,77415,77416,1,4
77411,77415,77416,1,4
77411,77415,77416,1,4
77411,77415,77416,1,4
77411,77415,77417,2,4
77411,77415,77417,2,4
77411,77414,77416,2,3
77411,77416,77417,1,5
77411,77416,77417,1,5
77411,77415,77416,1,4
77411,77416,77417,1,5
77411,77415,77416,1,4
77411,77416,77417,1,5
77411,77416,77417,1,5
77411,77416,77417,1,5
77411,77416,77417,1,5
77411,77416,77417,1,5
77411,77416,77417,1,5
77411,77416,77418,2,5
77411,77416,77418,2,5
77411,77416,77418,2,5
77411,77417,77418,1,6
77411,77417,77418,1,6
77411,77417,77418,1,6
77411,77417,77418,1,6
77411,77417,77418,1,6
77411,77417,77418,1,6
77411,77417,77418,1,6
77411,77417,77419,2,6
77411,77418,77419,1,7
77411,77418,77419,1,7
77411,77417,77418,1,6
77411,77418,77419,1,7
77411,77418,77419,1,7
77411,77418,77419,1,7
77411,77419,77420,1,8
77411,77419,77420,1,8
76747,76753,77472,719,6
77474,77474,77475,1,0
77474,77474,77475,1,0
77474,77474,77475,1,0
77474,77474,77475,1,0
77474,77474,77475,1,0
77474,77474,77475,1,0
77474,77474,77475,1,0
77474,77474,77476,2,0
77474,77474,77475,1,0
77474,77475,77476,1,1
77474,77475,77476,1,1
77474,77475,77476,1,1
77474,77475,77476,1,1
77474,77475,77476,1,1
77474,77475,77476,1,1
77474,77475,77476,1,1
77474,77475,77476,1,1
77474,77475,77476,1,1
77474,77475,77476,1,1
77474,77475,77476,1,1
77474,77475,77476,1,1
77474,77476,77477,1,2
77474,77476,77477,1,2
77474,77476,77477,1,2
77474,77476,77477,1,2
77474,77476,77477,1,2
77474,77476,77477,1,2
77474,77476,77477,1,2
77474,77475,77476,1,1
77474,77476,77477,1,2
77474,77475,77476,1,1
77474,77476,77477,1,2
77474,77476,77477,1,2
77474,77476,77477,1,2
77474,77476,77477,1,2
77474,77476,77477,1,2
77474,77476,77477,1,2
77474,77476,77477,1,2
77474,77477,77478,1,3
77474,77477,77478,1,3
77474,77477,77478,1,3
77474,77477,77478,1,3
77474,77477,77478,1,3
77474,77477,77478,1,3
77474,77477,77478,1,3
77474,77477,77478,1,3
77474,77477,77478,1,3
77474,77477,77478,1,3
77474,77477,77478,1,3
77474,77477,77478,1,3
77474,77477,77478,1,3
77474,77477,77478,1,3
77474,77477,77478,1,3
77474,77478,77479,1,4
77474,77478,77479,1,4
77474,77478,77479,1,4
77474,77478,77479,1,4
77474,77477,77478,1,3
77474,77478,77479,1,4
77474,77478,77479,1,4
77474,77478,77479,1,4
77474,77478,77479,1,4
77474,77478,77479,1,4
77474,77478,77479,1,4
77474,77478,77479,1,4
77474,77477,77479,2,3
77474,77479,77480,1,5
77474,77479,77480,1,5
77474,77479,77480,1,5
77474,77479,77480,1,5
77474,77479,77480,1,5
77474,77479,77480,1,5
77474,77479,77480,1,5
77474,77479,77480,1,5
77474,77479,77480,1,5
77474,77479,77480,1,5
77474,77479,77480,1,5
77474,77479,77480,1,5
77474,77479,77480,1,5
77474,77479,77480,1,5
77474,77479,77480,1,5
77474,77479,77481,2,5
77474,77480,77481,1,6
77474,77480,77481,1,6
77474,77480,77481,1,6
77474,77480,77481,1,6
77474,77480,77481,1,6
77474,77480,77481,1,6
77474,77480,77481,1,6
77474,77480,77481,1,6
77474,77480,77481,1,6
77474,77480,77482,2,6
76773,76789,77489,700,16
76775,76790,77490,700,15
77498,77498,77499,1,0
77498,77498,77499,1,0
77498,77498,77499,1,0
77498,77498,77499,1,0
77498,77498,77499,1,0
77498,77498,77499,1,0
77498,77498,77499,1,0
77498,77498,77499,1,0
77498,77498,77499,1,0
77498,77498,77499,1,0
77498,77498,77499,1,0
77498,77498,77499,1,0
77498,77498,77499,1,0
77498,77498,77499,1,0
77498,77498,77500,2,0
77498,77498,77500,2,0
77498,77499,77500,1,1
77498,77499,77500,1,1
77498,77498,77500,2,0
77498,77499,77500,1,1
77498,77499,77500,1,1
77498,77499,77500,1,1
77498,77499,77500,1,1
77498,77498,77499,1,0
77498,77499,77501,2,1
77498,77500,77501,1,2
77498,77499,77501,2,1
77498,77499,77501,2,1
77498,77499,77501,2,1
77498,77499,77501,2,1
77498,77500,77501,1,2
77498,77500,77501,1,2
77498,77499,77501,2,1
77498,77500,77502,2,2
77498,77500,77502,2,2
77498,77500,77502,2,2
77498,77500,77501,1,2
77498,77501,77502,1,3
77498,77500,77502,2,2
77498,77500,77502,2,2
77498,77500,77503,3,2
77498,77502,77503,1,4
77498,77503,77504,1,5
77498,77503,77504,1,5
77498,77502,77503,1,4
77498,77502,77503,1,4
77498,77502,77503,1,4
77498,77502,77503,1,4
77498,77502,77504,2,4
77498,77504,77505,1,6
77498,77504,77505,1,6
77498,77504,77505,1,6
77498,77504,77505,1,6
77498,77505,77506,1,7
77498,77505,77506,1,7
77500,77506,77507,1,6
77500,77506,77507,1,6
77500,77506,77507,1,6
77498,77506,77508,2,8
77500,77507,77508,1,7
77500,77506,77508,2,6
77498,77500,77507,7,2
77500,77507,77508,1,7
77500,77507,77508,1,7
77500,77507,77508,1,7
77500,77507,77508,1,7
77500,77507,77508,1,7
77500,77507,77508,1,7
77500,77507,77508,1,7
77500,77507,77509,2,7
77500,77507,77508,1,7
77500,77507,77509,2,7
77500,77507,77509,2,7
77500,77507,77509,2,7
77500,77508,77509,1,8
77500,77508,77509,1,8
77500,77509,77510,1,9
77500,77509,77510,1,9
77500,77509,77510,1,9
77500,77508,77510,2,8
77500,77509,77510,1,9
77500,77509,77510,1,9
77500,77509,77510,1,9
77500,77509,77511,2,9
77500,77509,77510,1,9
77500,77509,77510,1,9
77500,77509,77510,1,9
77500,77509,77510,1,9
77500,77509,77510,1,9
77500,77509,77510,1,9
77500,77511,77512,1,11
77500,77510,77511,1,10
77500,77511,77512,1,11
77500,77510,77511,1,10
77500,77511,77512,1,11
77500,77511,77512,1,11
77500,77511,77512,1,11
77500,77511,77512,1,11
77500,77511,77512,1,11
77500,77510,77512,2,10
77500,77511,77512,1,11
77500,77511,77512,1,11
77500,77511,77512,1,11
77500,77512,77513,1,12
77500,77512,77513,1,12
77500,77512,77513,1,12
77500,77511,77512,1,11
77500,77511,77512,1,11
77500,77512,77513,1,12
77500,77512,77513,1,12
77500,77512,77513,1,12
77500,77511,77512,1,11
77500,77512,77513,1,12
77500,77512,77513,1,12
77500,77513,77514,1,13
77500,77513,77514,1,13
77500,77513,77514,1,13
77500,77513,77514,1,13
77500,77513,77514,1,13
77500,77513,77514,1,13
77500,77513,77514,1,13
77500,77513,77514,1,13
77500,77513,77514,1,13
77500,77513,77514,1,13
77500,77513,77514,1,13
77500,77513,77514,1,13
77500,77513,77514,1,13
77500,77513,77514,1,13
77500,77513,77514,1,13
77500,77514,77515,1,14
77500,77514,77515,1,14
77500,77514,77515,1,14
77500,77514,77515,1,14
77500,77513,77514,1,13
77500,77514,77515,1,14
77500,77514,77515,1,14
77500,77514,77515,1,14
77500,77514,77515,1,14
77500,77515,77516,1,15
77500,77515,77516,1,15
77500,77514,77515,1,14
77500,77515,77516,1,15
77500,77515,77516,1,15
77500,77509,77525,16,9
77073,77079,77552,473,6
77553,77553,77554,1,0
77553,77553,77554,1,0
77553,77553,77554,1,0
77553,77553,77554,1,0
77553,77553,77554,1,0
77553,77553,77554,1,0
77553,77553,77554,1,0
77553,77554,77555,1,1
77553,77554,77555,1,1
77553,77554,77555,1,1
77553,77553,77554,1,0
77553,77554,77555,1,1
77553,77554,77555,1,1
77553,77554,77555,1,1
77553,77554,77555,1,1
77553,77554,77555,1,1
77553,77553,77554,1,0
77553,77554,77555,1,1
77553,77554,77555,1,1
77553,77553,77556,3,0
77553,77555,77556,1,2
77553,77554,77555,1,1
77553,77555,77556,1,2
77553,77555,77556,1,2
77553,77555,77556,1,2
77553,77555,77556,1,2
77553,77554,77555,1,1
77553,77555,77556,1,2
77553,77555,77556,1,2
77553,77555,77556,1,2
77553,77556,77557,1,3
77553,77556,77557,1,3
77553,77555,77557,2,2
77553,77555,77556,1,2
77553,77556,77557,1,3
77553,77555,77556,1,2
77553,77556,77557,1,3
77553,77556,77557,1,3
77553,77555,77556,1,2
77553,77553,77557,4,0
77553,77556,77557,1,3
77553,77556,77557,1,3
77553,77557,77558,1,4
77553,77557,77558,1,4
77553,77557,77558,1,4
77553,77556,77557,1,3
77553,77556,77557,1,3
77553,77557,77558,1,4
77553,77557,77558,1,4
77553,77556,77557,1,3
77553,77556,77557,1,3
77553,77557,77558,1,4
77553,77557,77558,1,4
77553,77557,77558,1,4
77553,77557,77558,1,4
77553,77558,77559,1,5
77553,77558,77559,1,5
77553,77558,77559,1,5
77553,77558,77559,1,5
77553,77557,77559,2,4
77553,77558,77559,1,5
77553,77558,77559,1,5
77553,77558,77559,1,5
77553,77558,77559,1,5
77553,77558,77559,1,5
77553,77558,77559,1,5
77553,77558,77559,1,5
77553,77558,77559,1,5
77553,77559,77560,1,6
77553,77559,77560,1,6
77553,77559,77560,1,6
77553,77559,77560,1,6
77553,77559,77560,1,6
77553,77559,77560,1,6
77553,77558,77560,2,5
77553,77559,77560,1,6
77553,77559,77560,1,6
77553,77559,77560,1,6
77553,77560,77561,1,7
77553,77559,77560,1,6
77553,77560,77561,1,7
77553,77560,77561,1,7
77553,77560,77561,1,7
77553,77560,77561,1,7
77553,77560,77561,1,7
77553,77560,77561,1,7
77553,77559,77560,1,6
77553,77560,77561,1,7
77553,77560,77561,1,7
77553,77560,77561,1,7
77091,77099,77576,477,8
77584,77584,77585,1,0
77584,77584,77585,1,0
77584,77584,77585,1,0
77584,77584,77585,1,0
77584,77584,77585,1,0
77584,77584,77585,1,0
77584,77584,77585,1,0
77584,77584,77585,1,0
77584,77584,77585,1,0
77584,77584,77585,1,0
77584,77584,77585,1,0
77584,77585,77586,1,1
77584,77585,77586,1,1
77584,77585,77586,1,1
77584,77585,77586,1,1
77584,77585,77586,1,1
77584,77585,77586,1,1
77584,77585,77587,2,1
77584,77585,77586,1,1
77584,77585,77587,2,1
77584,77585,77587,2,1
77584,77585,77586,1,1
77584,77585,77586,1,1
77584,77585,77586,1,1
77584,77585,77586,1,1
77584,77585,77586,1,1
77584,77586,77587,1,2
77584,77586,77587,1,2
77584,77586,77587,1,2
77584,77586,77587,1,2
77584,77586,77587,1,2
77584,77586,77587,1,2
77584,77586,77587,1,2
77584,77587,77588,1,3
77584,77587,77588,1,3
77584,77587,77588,1,3
77584,77587,77588,1,3
77584,77587,77588,1,3
77584,77587,77588,1,3
77584,77587,77588,1,3
77584,77587,77588,1,3
77584,77587,77588,1,3
77584,77587,77588,1,3
77584,77588,77589,1,4
77584,77588,77589,1,4
77584,77587,77588,1,3
77584,77587,77588,1,3
77584,77587,77588,1,3
77584,77587,77588,1,3
77584,77588,77589,1,4
77584,77588,77589,1,4
77584,77588,77589,1,4
77584,77588,77589,1,4
77584,77588,77589,1,4
77584,77588,77589,1,4
77584,77588,77589,1,4
77584,77589,77590,1,5
77584,77589,77590,1,5
77584,77589,77590,1,5
77584,77588,77589,1,4
77584,77589,77590,1,5
77584,77589,77590,1,5
77584,77589,77590,1,5
77584,77589,77590,1,5
77584,77589,77590,1,5
77584,77589,77590,1,5
77584,77589,77590,1,5
77584,77589,77590,1,5
77584,77589,77590,1,5
77584,77589,77590,1,5
77584,77589,77590,1,5
77584,77590,77591,1,6
77584,77590,77591,1,6
77584,77590,77591,1,6
77584,77590,77591,1,6
77584,77590,77591,1,6
77584,77590,77591,1,6
77584,77590,77591,1,6
77584,77590,77591,1,6
77584,77590,77591,1,6
77584,77590,77591,1,6
77584,77590,77591,1,6
77584,77590,77591,1,6
77584,77590,77591,1,6
77584,77590,77591,1,6
77584,77590,77591,1,6
77584,77591,77592,1,7
77584,77591,77592,1,7
77584,77591,77592,1,7
77584,77591,77592,1,7
77584,77591,77592,1,7
77584,77591,77592,1,7
77584,77591,77592,1,7
77584,77591,77592,1,7
76882,76889,77631,742,7
77632,77632,77633,1,0
77632,77632,77633,1,0
77632,77632,77633,1,0
77632,77632,77633,1,0
77632,77632,77633,1,0
77632,77632,77633,1,0
77632,77632,77633,1,0
77632,77632,77633,1,0
77632,77632,77633,1,0
77632,77632,77633,1,0
77632,77632,77633,1,0
77632,77632,77633,1,0
77632,77632,77633,1,0
77632,77632,77633,1,0
77632,77632,77633,1,0
77632,77632,77633,1,0
77632,77633,77634,1,1
77632,77632,77633,1,0
77632,77633,77635,2,1
77632,77633,77634,1,1
77632,77633,77634,1,1
77632,77633,77635,2,1
77632,77633,77635,2,1
77632,77633,77634,1,1
77632,77633,77634,1,1
77632,77634,77635,1,2
77632,77633,77635,2,1
77632,77633,77634,1,1
77632,77633,77634,1,1
77632,77633,77635,2,1
77632,77634,77636,2,2
77632,77634,77636,2,2
77632,77635,77636,1,3
77632,77635,77636,1,3
77632,77633,77635,2,1
77632,77634,77636,2,2
77632,77635,77636,1,3
77632,77634,77635,1,2
77632,77635,77636,1,3
77632,77635,77636,1,3
77632,77635,77636,1,3
77632,77635,77637,2,3
77632,77636,77637,1,4
77632,77636,77637,1,4
77632,77636,77637,1,4
77632,77635,77637,2,3
77632,77635,77636,1,3
77632,77635,77637,2,3
77632,77636,77637,1,4
77632,77636,77637,1,4
77632,77636,77637,1,4
77632,77635,77636,1,3
77632,77635,77637,2,3
77632,77636,77637,1,4
77632,77637,77638,1,5
77632,77636,77637,1,4
77632,77636,77637,1,4
77632,77637,77638,1,5
77632,77637,77638,1,5
77632,77636,77638,2,4
77632,77637,77638,1,5
77632,77637,77638,1,5
77632,77637,77638,1,5
77632,77637,77638,1,5
77632,77637,77638,1,5
77632,77637,77638,1,5
77632,77637,77638,1,5
77632,77637,77638,1,5
77632,77637,77638,1,5
77632,77638,77639,1,6
77632,77637,77638,1,5
77632,77637,77638,1,5
77632,77638,77639,1,6
77632,77638,77639,1,6
77632,77638,77639,1,6
77632,77638,77639,1,6
77632,77638,77639,1,6
77632,77638,77639,1,6
77632,77638,77639,1,6
77632,77639,77640,1,7
77632,77638,77639,1,6
77632,77638,77639,1,6
77632,77639,77640,1,7
77632,77639,77640,1,7
77632,77639,77640,1,7
77632,77639,77640,1,7
77632,77640,77641,1,8
77632,77640,77641,1,8
77632,77640,77641,1,8
76913,76920,77651,731,7
77656,77657,77658,1,1
77656,77657,77658,1,1
77656,77657,77658,1,1
77656,77657,77658,1,1
77656,77658,77659,1,2
77656,77658,77659,1,2
77656,77657,77658,1,1
77656,77658,77659,1,2
77656,77658,77659,1,2
77656,77658,77659,1,2
77656,77658,77660,2,2
77656,77658,77659,1,2
77656,77658,77659,1,2
77656,77658,77660,2,2
77656,77659,77660,1,3
77656,77658,77659,1,2
77656,77659,77660,1,3
77656,77658,77659,1,2
77656,77658,77659,1,2
77656,77659,77660,1,3
77656,77658,77660,2,2
77656,77660,77661,1,4
77656,77659,77660,1,3
77656,77660,77661,1,4
77656,77660,77661,1,4
77656,77659,77661,2,3
77656,77661,77662,1,5
77656,77660,77661,1,4
77656,77660,77661,1,4
77656,77660,77661,1,4
77656,77661,77662,1,5
77656,77660,77661,1,4
77656,77661,77662,1,5
77656,77661,77662,1,5
77656,77661,77662,1,5
77656,77662,77663,1,6
77656,77662,77663,1,6
77656,77662,77663,1,6
77656,77662,77663,1,6
77656,77662,77663,1,6
77656,77662,77663,1,6
77656,77662,77663,1,6
77656,77662,77663,1,6
77656,77662,77663,1,6
77656,77662,77663,1,6
77656,77663,77664,1,7
77656,77663,77664,1,7
77656,77663,77664,1,7
77656,77663,77664,1,7
77656,77663,77664,1,7
77656,77663,77664,1,7
77656,77663,77664,1,7
77656,77663,77664,1,7
77656,77662,77663,1,6
77656,77663,77664,1,7
77656,77663,77664,1,7
77656,77663,77664,1,7
77656,77663,77664,1,7
77656,77664,77665,1,8
77656,77664,77665,1,8
77656,77664,77665,1,8
77656,77664,77665,1,8
77181,77188,77672,484,7
77680,77681,77682,1,1
77680,77681,77682,1,1
77680,77681,77682,1,1
77680,77681,77682,1,1
77680,77682,77683,1,2
77680,77681,77682,1,1
77680,77682,77683,1,2
77680,77682,77683,1,2
77680,77682,77683,1,2
77680,77683,77684,1,3
77680,77682,77684,2,2
77680,77683,77684,1,3
77680,77683,77684,1,3
77680,77684,77685,1,4
77680,77684,77685,1,4
77680,77684,77685,1,4
77680,77684,77685,1,4
77680,77684,77685,1,4
77680,77685,77686,1,5
77680,77684,77685,1,4
77680,77684,77685,1,4
77680,77685,77686,1,5
77680,77685,77686,1,5
77680,77686,77687,1,6
77680,77685,77686,1,5
77680,77686,77687,1,6
77680,77686,77687,1,6
77680,77686,77687,1,6
77680,77686,77687,1,6
77680,77686,77687,1,6
77680,77686,77687,1,6
77680,77687,77688,1,7
77680,77686,77687,1,6
77680,77687,77688,1,7
77680,77687,77688,1,7
77680,77687,77688,1,7
77680,77687,77688,1,7
77680,77687,77688,1,7
77680,77687,77688,1,7
77680,77687,77688,1,7
77680,77687,77688,1,7
77680,77685,77688,3,5
77680,77682,77688,6,2
77680,77687,77689,2,7
77680,77688,77689,1,8
77680,77688,77689,1,8
77680,77688,77689,1,8
77680,77688,77689,1,8
77680,77688,77689,1,8
77680,77688,77689,1,8
77680,77686,77696,10,6
77012,77019,77713,694,7
77714,77714,77715,1,0
77714,77714,77715,1,0
77714,77714,77715,1,0
77714,77714,77715,1,0
77714,77714,77715,1,0
77714,77714,77716,2,0
77714,77714,77715,1,0
77714,77714,77715,1,0
77714,77714,77715,1,0
77714,77715,77716,1,1
77714,77715,77716,1,1
77714,77715,77716,1,1
77714,77715,77716,1,1
77714,77715,77716,1,1
77714,77715,77716,1,1
77714,77715,77716,1,1
77714,77714,77716,2,0
77714,77716,77717,1,2
77714,77716,77718,2,2
77714,77716,77717,1,2
77714,77716,77717,1,2
77714,77717,77718,1,3
77714,77716,77717,1,2
77714,77717,77718,1,3
77714,77717,77718,1,3
77714,77717,77718,1,3
77714,77717,77718,1,3
77714,77717,77718,1,3
77714,77717,77718,1,3
77714,77717,77718,1,3
77714,77715,77717,2,1
77714,77716,77718,2,2
77714,77718,77719,1,4
77714,77718,77719,1,4
77714,77718,77719,1,4
77714,77718,77719,1,4
77714,77718,77719,1,4
77714,77718,77719,1,4
77714,77718,77719,1,4
77714,77718,77719,1,4
77714,77716,77719,3,2
77714,77718,77719,1,4
77714,77718,77719,1,4
77714,77718,77719,1,4
77714,77718,77719,1,4
77714,77719,77720,1,5
77714,77718,77720,2,4
77714,77719,77720,1,5
77714,77719,77720,1,5
77714,77719,77720,1,5
77714,77719,77720,1,5
77714,77719,77720,1,5
77714,77719,77720,1,5
77714,77719,77720,1,5
77714,77718,77719,1,4
77714,77719,77720,1,5
77714,77719,77720,1,5
77714,77719,77720,1,5
77714,77720,77721,1,6
77714,77719,77720,1,5
77714,77720,77721,1,6
77714,77720,77721,1,6
77714,77720,77721,1,6
77714,77720,77721,1,6
77714,77720,77721,1,6
77714,77719,77720,1,5
77714,77720,77721,1,6
77714,77720,77721,1,6
77714,77720,77721,1,6
77714,77720,77721,1,6
77714,77720,77721,1,6
77714,77720,77721,1,6
77714,77715,77720,5,1
77714,77720,77721,1,6
77714,77720,77721,1,6
77714,77721,77722,1,7
77714,77721,77722,1,7
77714,77721,77722,1,7
77714,77721,77722,1,7
77714,77721,77722,1,7
77714,77721,77722,1,7
77714,77721,77722,1,7
77714,77721,77722,1,7
77714,77721,77722,1,7
77714,77721,77722,1,7
77714,77721,77722,1,7
77714,77721,77722,1,7
77714,77721,77722,1,7
77714,77722,77723,1,8
77714,77721,77722,1,7
77040,77047,77749,702,7
77750,77750,77751,1,0
77750,77750,77751,1,0
77750,77750,77751,1,0
77750,77750,77751,1,0
77750,77750,77751,1,0
77750,77750,77751,1,0
77750,77750,77751,1,0
77750,77750,77751,1,0
77750,77750,77751,1,0
77750,77750,77751,1,0
77750,77750,77751,1,0
77750,77750,77751,1,0
77750,77750,77751,1,0
77750,77750,77751,1,0
77750,77750,77751,1,0
77750,77750,77751,1,0
77750,77750,77752,2,0
77750,77751,77752,1,1
77750,77751,77752,1,1
77750,77751,77752,1,1
77750,77751,77752,1,1
77750,77751,77752,1,1
77750,77751,77752,1,1
77750,77751,77752,1,1
77750,77751,77752,1,1
77750,77751,77752,1,1
77750,77751,77752,1,1
77750,77751,77753,2,1
77750,77751,77753,2,1
77750,77752,77753,1,2
77750,77752,77753,1,2
77750,77751,77753,2,1
77750,77751,77753,2,1
77750,77752,77753,1,2
77750,77751,77753,2,1
77750,77752,77753,1,2
77750,77752,77753,1,2
77750,77752,77753,1,2
77750,77751,77752,1,1
77750,77752,77753,1,2
77750,77752,77753,1,2
77750,77752,77754,2,2
77750,77753,77754,1,3
77750,77753,77754,1,3
77750,77753,77754,1,3
77750,77753,77754,1,3
77750,77753,77754,1,3
77750,77753,77754,1,3
77750,77754,77755,1,4
77750,77754,77755,1,4
77750,77754,77755,1,4
77750,77753,77755,2,3
77750,77754,77755,1,4
77750,77753,77755,2,3
77750,77754,77755,1,4
77750,77754,77755,1,4
77750,77754,77756,2,4
77750,77756,77757,1,6
77750,77757,77758,1,7
77750,77756,77757,1,6
77750,77757,77758,1,7
77750,77756,77757,1,6
77295,77303,77788,485,8
77788,77788,77789,1,0
77788,77788,77789,1,0
77788,77788,77789,1,0
77788,77788,77789,1,0
77788,77788,77789,1,0
77788,77788,77789,1,0
77788,77788,77789,1,0
77788,77788,77789,1,0
77788,77788,77789,1,0
77788,77788,77789,1,0
77788,77788,77789,1,0
77788,77788,77789,1,0
77788,77788,77790,2,0
77788,77788,77789,1,0
77788,77788,77789,1,0
77788,77789,77790,1,1
77788,77789,77790,1,1
77788,77789,77790,1,1
77788,77788,77790,2,0
77788,77789,77791,2,1
77788,77789,77791,2,1
77788,77789,77791,2,1
77788,77789,77791,2,1
77788,77789,77791,2,1
77788,77789,77791,2,1
77788,77789,77791,2,1
77788,77790,77791,1,2
77788,77789,77791,2,1
77788,77789,77791,2,1
77788,77790,77791,1,2
77788,77790,77791,1,2
77788,77790,77791,1,2
77788,77790,77791,1,2
77788,77791,77792,1,3
77788,77791,77792,1,3
77788,77791,77792,1,3
77788,77791,77792,1,3
77788,77791,77792,1,3
77788,77791,77792,1,3
77788,77791,77792,1,3
77788,77791,77792,1,3
77788,77791,77793,2,3
77788,77791,77793,2,3
77788,77791,77793,2,3
77788,77791,77792,1,3
77788,77791,77792,1,3
77788,77791,77793,2,3
77788,77791,77793,2,3
77788,77792,77793,1,4
77788,77792,77793,1,4
77788,77792,77793,1,4
77788,77792,77793,1,4
77788,77792,77793,1,4
77788,77792,77793,1,4
77788,77792,77793,1,4
77788,77792,77793,1,4
77788,77793,77794,1,5
77788,77793,77794,1,5
77788,77793,77794,1,5
77788,77793,77794,1,5
77788,77793,77794,1,5
77788,77793,77794,1,5
77788,77793,77794,1,5
77788,77794,77795,1,6
77788,77795,77797,2,7
77048,77055,77800,745,7
77788,77788,77791,3,0
77788,77801,77802,1,13
77802,77802,77803,1,0
77802,77802,77803,1,0
77802,77802,77803,1,0
77802,77802,77803,1,0
77802,77802,77803,1,0
77802,77802,77803,1,0
77802,77802,77803,1,0
77802,77802,77803,1,0
77802,77802,77803,1,0
77802,77802,77803,1,0
77802,77802,77803,1,0
77802,77802,77803,1,0
77802,77802,77803,1,0
77802,77802,77804,2,0
77802,77802,77804,2,0
77802,77802,77803,1,0
77802,77803,77804,1,1
77802,77804,77805,1,2
77802,77803,77805,2,1
77802,77803,77805,2,1
77802,77803,77805,2,1
77802,77803,77805,2,1
77802,77803,77805,2,1
77802,77803,77805,2,1
77802,77804,77805,1,2
77802,77804,77805,1,2
77802,77803,77805,2,1
77802,77803,77805,2,1
77802,77803,77804,1,1
77802,77803,77805,2,1
77802,77803,77805,2,1
77802,77804,77805,1,2
77802,77804,77806,2,2
77802,77805,77806,1,3
77802,77805,77806,1,3
77802,77805,77806,1,3
77802,77805,77806,1,3
77802,77805,77806,1,3
77802,77804,77806,2,2
77802,77806,77807,1,4
77802,77805,77807,2,3
77802,77806,77807,1,4
77802,77806,77807,1,4
77802,77806,77807,1,4
77802,77806,77807,1,4
77802,77806,77807,1,4
77802,77807,77808,1,5
77802,77807,77808,1,5
77802,77807,77808,1,5
77802,77808,77809,1,6
77802,77808,77809,1,6
77802,77807,77808,1,5
77802,77808,77809,1,6
77802,77808,77809,1,6
77802,77808,77809,1,6
77802,77810,77811,1,8
77802,77810,77811,1,8
77802,77810,77811,1,8
77336,77341,77822,481,5
77839,77839,77840,1,0
77839,77839,77840,1,0
77839,77839,77840,1,0
77839,77839,77840,1,0
77839,77839,77840,1,0
77839,77839,77840,1,0
77839,77839,77840,1,0
77839,77839,77840,1,0
77839,77839,77840,1,0
77839,77839,77840,1,0
77839,77839,77840,1,0
77839,77839,77840,1,0
77839,77839,77841,2,0
77839,77839,77840,1,0
77839,77840,77841,1,1
77839,77839,77841,2,0
77839,77840,77841,1,1
77839,77840,77841,1,1
77839,77839,77840,1,0
77839,77839,77841,2,0
77839,77840,77842,2,1
77839,77840,77842,2,1
77839,77840,77842,2,1
77839,77840,77842,2,1
77839,77840,77842,2,1
77839,77840,77842,2,1
77839,77840,77841,1,1
77839,77840,77841,1,1
77839,77840,77842,2,1
77839,77841,77842,1,2
77839,77841,77842,1,2
77839,77842,77843,1,3
77839,77842,77843,1,3
77839,77841,77842,1,2
77839,77841,77843,2,2
77839,77841,77843,2,2
77839,77841,77843,2,2
77839,77842,77843,1,3
77839,77842,77843,1,3
77839,77842,77843,1,3
77839,77842,77843,1,3
77839,77842,77843,1,3
77839,77842,77843,1,3
77839,77842,77843,1,3
77839,77843,77844,1,4
77839,77842,77843,1,3
77839,77842,77844,2,3
77839,77843,77844,1,4
77839,77843,77844,1,4
77839,77843,77844,1,4
77839,77842,77844,2,3
77839,77844,77845,1,5
77839,77844,77845,1,5
77839,77844,77845,1,5
77839,77844,77845,1,5
77839,77845,77846,1,6
77839,77845,77846,1,6
77839,77845,77846,1,6
77839,77846,77847,1,7
77839,77845,77846,1,6
77839,77846,77847,1,7
77839,77846,77847,1,7
77839,77846,77847,1,7
77150,77157,77880,723,7
77882,77883,77884,1,1
77882,77883,77884,1,1
77882,77883,77884,1,1
77882,77884,77885,1,2
77882,77883,77884,1,1
77882,77884,77885,1,2
77882,77884,77885,1,2
77882,77885,77886,1,3
77882,77884,77885,1,2
77882,77885,77886,1,3
77882,77884,77885,1,2
77882,77885,77886,1,3
77882,77885,77886,1,3
77882,77885,77886,1,3
77882,77885,77886,1,3
77882,77885,77886,1,3
77882,77885,77886,1,3
77882,77885,77886,1,3
77882,77886,77887,1,4
77882,77885,77886,1,3
77882,77886,77887,1,4
77882,77885,77886,1,3
77882,77886,77887,1,4
77882,77886,77887,1,4
77882,77886,77887,1,4
77882,77886,77887,1,4
77882,77887,77888,1,5
77882,77887,77888,1,5
77882,77887,77888,1,5
77882,77886,77887,1,4
77882,77887,77888,1,5
77882,77887,77888,1,5
77882,77887,77888,1,5
77882,77887,77888,1,5
77882,77887,77888,1,5
77882,77887,77888,1,5
77882,77887,77888,1,5
77882,77887,77888,1,5
77882,77887,77888,1,5
77882,77888,77889,1,6
77882,77888,77889,1,6
77882,77887,77888,1,5
77882,77887,77888,1,5
77882,77888,77889,1,6
77882,77888,77889,1,6
77882,77888,77889,1,6
77882,77888,77889,1,6
77882,77888,77889,1,6
77882,77888,77889,1,6
77882,77888,77889,1,6
77882,77888,77889,1,6
77882,77888,77889,1,6
77882,77888,77889,1,6
77882,77889,77890,1,7
77882,77889,77890,1,7
77882,77888,77889,1,6
77882,77888,77889,1,6
77882,77889,77890,1,7
77882,77889,77890,1,7
77882,77889,77890,1,7
77882,77889,77890,1,7
77882,77889,77890,1,7
77882,77889,77890,1,7
77882,77889,77890,1,7
77882,77889,77890,1,7
77882,77889,77890,1,7
77882,77889,77890,1,7
77226,77239,77975,736,13
77224,77239,77976,737,15
77977,77977,77978,1,0
77977,77977,77978,1,0
77977,77977,77978,1,0
77977,77977,77978,1,0
77977,77977,77978,1,0
77977,77977,77978,1,0
77977,77978,77979,1,1
77977,77977,77978,1,0
77977,77978,77979,1,1
77977,77978,77979,1,1
77977,77978,77979,1,1
77977,77978,77979,1,1
77977,77978,77979,1,1
77977,77979,77980,1,2
77977,77978,77980,2,1
77977,77978,77979,1,1
77977,77978,77979,1,1
77977,77978,77979,1,1
77977,77978,77979,1,1
77977,77979,77980,1,2
77977,77979,77980,1,2
77977,77979,77980,1,2
77977,77979,77980,1,2
77977,77979,77980,1,2
77977,77979,77980,1,2
77977,77980,77981,1,3
77977,77980,77981,1,3
77977,77980,77981,1,3
77977,77980,77981,1,3
77977,77979,77980,1,2
77977,77980,77981,1,3
77977,77980,77981,1,3
77977,77980,77981,1,3
77977,77980,77981,1,3
77977,77980,77981,1,3
77977,77980,77981,1,3
77977,77981,77982,1,4
77977,77981,77982,1,4
77977,77981,77982,1,4
77977,77981,77982,1,4
77977,77981,77982,1,4
77977,77981,77982,1,4
77977,77981,77982,1,4
77977,77981,77982,1,4
77977,77981,77982,1,4
77977,77981,77982,1,4
77977,77981,77982,1,4
77977,77981,77982,1,4
77977,77981,77982,1,4
77977,77982,77983,1,5
77977,77982,77983,1,5
77977,77982,77983,1,5
77977,77980,77982,2,3
77977,77982,77983,1,5
77977,77982,77983,1,5
77977,77982,77983,1,5
77977,77982,77983,1,5
77977,77982,77983,1,5
77977,77982,77983,1,5
77977,77982,77983,1,5
77977,77982,77983,1,5
77977,77983,77984,1,6
77977,77983,77984,1,6
77977,77983,77984,1,6
77977,77983,77984,1,6
77977,77982,77983,1,5
77977,77983,77984,1,6
77977,77982,77984,2,5
77977,77983,77984,1,6
77977,77983,77984,1,6
77977,77983,77984,1,6
77977,77983,77984,1,6
77977,77983,77984,1,6
77977,77983,77984,1,6
77977,77983,77984,1,6
77977,77983,77984,1,6
77977,77983,77984,1,6
77977,77984,77985,1,7
77977,77984,77985,1,7
77977,77984,77985,1,7
77977,77984,77985,1,7
77977,77979,77984,5,2
77977,77983,77984,1,6
77977,77984,77985,1,7
77977,77984,77985,1,7
77977,77984,77985,1,7
77979,77984,77985,1,5
77979,77984,77985,1,5
77979,77984,77985,1,5
77979,77984,77985,1,5
77979,77984,77985,1,5
77979,77984,77985,1,5
77979,77985,77986,1,6
77979,77985,77986,1,6
77979,77985,77986,1,6
77979,77985,77986,1,6
77979,77985,77986,1,6
77979,77985,77986,1,6
77979,77985,77986,1,6
77979,77985,77986,1,6
77979,77985,77986,1,6
77979,77985,77986,1,6
77979,77985,77986,1,6
77979,77985,77986,1,6
77979,77985,77987,2,6
77979,77986,77987,1,7
77979,77986,77987,1,7
77979,77985,77986,1,6
77979,77986,77987,1,7
77979,77986,77987,1,7
77979,77985,77986,1,6
77979,77986,77987,1,7
77979,77985,77987,2,6
77979,77986,77987,1,7
77979,77986,77987,1,7
77979,77986,77987,1,7
77979,77985,77987,2,6
77979,77986,77987,1,7
77979,77986,77987,1,7
77979,77987,77988,1,8
77979,77987,77988,1,8
77979,77986,77987,1,7
77979,77987,77988,1,8
77979,77987,77988,1,8
77979,77987,77988,1,8
77979,77987,77988,1,8
77979,77988,77989,1,9
77979,77987,77988,1,8
77979,77988,77989,1,9
77979,77988,77989,1,9
77979,77987,77989,2,8
77979,77988,77989,1,9
77979,77988,77989,1,9
77979,77988,77989,1,9
77979,77988,77989,1,9
77979,77987,77988,1,8
77979,77989,77990,1,10
77979,77989,77990,1,10
77979,77989,77990,1,10
77979,77988,77989,1,9
77979,77989,77990,1,10
77979,77989,77990,1,10
77979,77989,77990,1,10
77979,77989,77990,1,10
77979,77988,77991,3,9
77979,77990,77991,1,11
77979,77990,77991,1,11
77979,77990,77991,1,11
77979,77990,77991,1,11
77979,77990,77991,1,11
77979,77990,77991,1,11
77979,77990,77991,1,11
77979,77991,77992,1,12
77979,77991,77992,1,12
77979,77991,77992,1,12
77501,77515,77993,478,14
77979,77991,77994,3,12
78002,78002,78003,1,0
78002,78002,78003,1,0
78002,78002,78003,1,0
78002,78002,78003,1,0
78002,78002,78003,1,0
78002,78002,78003,1,0
78002,78002,78003,1,0
78002,78002,78003,1,0
78002,78002,78003,1,0
78002,78002,78003,1,0
78002,78002,78003,1,0
78002,78002,78003,1,0
78002,78002,78003,1,0
78002,78002,78004,2,0
78002,78002,78004,2,0
78002,78002,78005,3,0
78002,78003,78005,2,1
78002,78003,78005,2,1
78002,78003,78005,2,1
78002,78003,78005,2,1
78002,78003,78005,2,1
78002,78003,78005,2,1
78002,78003,78005,2,1
78002,78003,78005,2,1
78002,78003,78005,2,1
78002,78003,78004,1,1
78002,78003,78005,2,1
78002,78003,78005,2,1
78002,78004,78006,2,2
78002,78005,78006,1,3
78002,78004,78007,3,2
78002,78006,78007,1,4
78002,78006,78007,1,4
78002,78005,78007,2,3
78002,78006,78007,1,4
78002,78006,78007,1,4
78002,78006,78007,1,4
78002,78006,78007,1,4
78002,78006,78007,1,4
78002,78006,78007,1,4
78002,78006,78007,1,4
78002,78006,78007,1,4
78002,78006,78007,1,4
78002,78006,78007,1,4
78002,78007,78008,1,5
78002,78008,78009,1,6
78002,78008,78009,1,6
78002,78007,78008,1,5
78002,78008,78009,1,6
78002,78008,78009,1,6
78002,78008,78009,1,6
78002,78009,78010,1,7
78002,78008,78009,1,6
78002,78007,78010,3,5
78002,78010,78011,1,8
78002,78010,78011,1,8
78002,78011,78012,1,9
78002,78011,78012,1,9
78002,78002,78016,14,0
77554,77560,78041,481,6
78042,78042,78043,1,0
78042,78042,78043,1,0
78042,78042,78043,1,0
78042,78042,78043,1,0
78042,78042,78044,2,0
78042,78042,78044,2,0
78042,78043,78044,1,1
78042,78043,78044,1,1
78042,78043,78044,1,1
78042,78043,78044,1,1
78042,78043,78045,2,1
78042,78043,78045,2,1
78042,78043,78044,1,1
78042,78043,78044,1,1
78042,78043,78044,1,1
78042,78043,78044,1,1
78042,78043,78045,2,1
78042,78043,78044,1,1
78042,78044,78046,2,2
78042,78044,78046,2,2
78042,78045,78046,1,3
78042,78045,78046,1,3
78042,78045,78046,1,3
78042,78045,78046,1,3
78042,78045,78047,2,3
78042,78045,78047,2,3
78042,78045,78046,1,3
78042,78045,78046,1,3
78042,78045,78046,1,3
78042,78045,78046,1,3
78042,78044,78046,2,2
78042,78045,78046,1,3
78042,78045,78046,1,3
78042,78045,78046,1,3
78042,78045,78046,1,3
78042,78046,78047,1,4
78042,78046,78047,1,4
78042,78046,78047,1,4
78042,78046,78047,1,4
78042,78046,78047,1,4
78042,78047,78048,1,5
78042,78047,78048,1,5
78042,78047,78048,1,5
78042,78047,78048,1,5
78042,78047,78048,1,5
78042,78047,78048,1,5
78042,78046,78047,1,4
78042,78047,78048,1,5
78042,78047,78048,1,5
78042,78047,78048,1,5
78042,78047,78048,1,5
78042,78047,78048,1,5
78042,78048,78049,1,6
78042,78048,78049,1,6
78042,78047,78048,1,5
78042,78048,78049,1,6
78042,78048,78049,1,6
78042,78048,78049,1,6
78042,78048,78049,1,6
78042,78048,78049,1,6
78042,78048,78049,1,6
78042,78048,78049,1,6
78042,78048,78049,1,6
78042,78048,78049,1,6
78042,78049,78050,1,7
78042,78049,78050,1,7
78042,78049,78050,1,7
78042,78049,78050,1,7
78042,78049,78050,1,7
78042,78049,78050,1,7
78042,78048,78049,1,6
78042,78049,78050,1,7
78042,78049,78050,1,7
78042,78049,78050,1,7
78042,78049,78050,1,7
78042,78049,78050,1,7
78042,78049,78050,1,7
78042,78049,78050,1,7
78042,78049,78050,1,7
78042,78050,78051,1,8
78042,78050,78051,1,8
78042,78050,78051,1,8
78042,78050,78051,1,8
78042,78049,78050,1,7
78042,78050,78051,1,8
78042,78050,78051,1,8
77343,77357,78081,724,14
78082,78082,78083,1,0
78082,78082,78083,1,0
78082,78082,78083,1,0
78082,78082,78083,1,0
78082,78082,78083,1,0
78082,78082,78083,1,0
78082,78082,78083,1,0
78082,78082,78083,1,0
78082,78082,78083,1,0
78082,78082,78083,1,0
78082,78082,78083,1,0
78082,78082,78083,1,0
78082,78083,78084,1,1
78082,78082,78084,2,0
78082,78082,78084,2,0
78082,78082,78084,2,0
78082,78082,78084,2,0
78082,78083,78084,1,1
78082,78083,78085,2,1
78082,78083,78085,2,1
78082,78083,78085,2,1
78082,78083,78085,2,1
78082,78083,78085,2,1
78082,78083,78085,2,1
78082,78083,78085,2,1
78082,78083,78085,2,1
78082,78083,78085,2,1
78082,78083,78085,2,1
78082,78083,78085,2,1
78082,78085,78086,1,3
78082,78085,78086,1,3
78082,78085,78086,1,3
78082,78085,78086,1,3
78082,78084,78087,3,2
78082,78086,78087,1,4
78082,78086,78087,1,4
78082,78086,78087,1,4
78082,78086,78087,1,4
78082,78086,78087,1,4
78082,78086,78087,1,4
78082,78086,78087,1,4
78082,78086,78087,1,4
78082,78086,78087,1,4
78082,78086,78088,2,4
78082,78087,78088,1,5
78082,78087,78088,1,5
78082,78087,78088,1,5
78082,78087,78088,1,5
78082,78086,78088,2,4
78082,78088,78089,1,6
78082,78088,78089,1,6
78082,78088,78089,1,6
78082,78088,78089,1,6
78082,78088,78089,1,6
78082,78088,78089,1,6
77383,77389,78089,700,6
78082,78087,78089,2,5
78082,78088,78089,1,6
78082,78088,78089,1,6
77338,77349,78089,740,11
78082,78088,78089,1,6
78082,78088,78089,1,6
78082,78088,78090,2,6
78082,78089,78090,1,7
78082,78089,78090,1,7
78082,78090,78091,1,8
78082,78091,78092,1,9
78082,78091,78092,1,9
78082,78091,78092,1,9
78082,78091,78092,1,9
78082,78091,78092,1,9
78082,78091,78092,1,9
78091,78091,78092,1,0
78091,78091,78092,1,0
78082,78091,78092,1,9
78091,78092,78093,1,1
78091,78092,78093,1,1
78091,78092,78093,1,1
78091,78092,78093,1,1
78091,78092,78093,1,1
78091,78092,78093,1,1
78091,78092,78094,2,1
78091,78092,78094,2,1
78091,78093,78094,1,2
78091,78093,78094,1,2
78091,78093,78094,1,2
78091,78093,78094,1,2
78091,78093,78094,1,2
78091,78093,78094,1,2
78091,78093,78094,1,2
78091,78093,78094,1,2
78091,78093,78094,1,2
78091,78093,78094,1,2
78091,78093,78094,1,2
78091,78093,78094,1,2
78091,78093,78094,1,2
78091,78093,78094,1,2
78091,78094,78095,1,3
78091,78094,78095,1,3
78091,78094,78095,1,3
78091,78094,78095,1,3
78091,78094,78095,1,3
78091,78095,78096,1,4
78091,78095,78096,1,4
78091,78095,78096,1,4
78091,78095,78096,1,4
78091,78095,78097,2,4
78091,78095,78096,1,4
78091,78095,78096,1,4
78091,78095,78096,1,4
78091,78095,78096,1,4
78091,78095,78097,2,4
78091,78095,78097,2,4
78091,78095,78097,2,4
78091,78095,78096,1,4
78091,78095,78097,2,4
78091,78095,78097,2,4
78091,78095,78097,2,4
78091,78095,78096,1,4
78091,78097,78098,1,6
78091,78097,78098,1,6
78091,78097,78098,1,6
78091,78097,78098,1,6
78091,78097,78098,1,6
78091,78097,78098,1,6
78091,78097,78098,1,6
78091,78096,78097,1,5
78091,78097,78098,1,6
78091,78097,78098,1,6
78091,78097,78098,1,6
78091,78097,78098,1,6
78091,78097,78098,1,6
78091,78097,78098,1,6
78091,78097,78098,1,6
78091,78097,78098,1,6
78091,78097,78098,1,6
78091,78098,78099,1,7
78091,78098,78099,1,7
78091,78098,78099,1,7
78091,78098,78099,1,7
78091,78098,78099,1,7
78091,78098,78099,1,7
78091,78098,78099,1,7
78091,78098,78099,1,7
78091,78098,78099,1,7
78091,78099,78100,1,8
78091,78099,78100,1,8
78091,78099,78100,1,8
78091,78099,78100,1,8
78091,78099,78100,1,8
78091,78099,78100,1,8
78091,78099,78100,1,8
77585,77591,78100,509,6
78091,78099,78100,1,8
78091,78099,78100,1,8
78091,78099,78100,1,8
78091,78099,78100,1,8
78111,78111,78112,1,0
78111,78111,78112,1,0
78111,78111,78112,1,0
78111,78111,78112,1,0
78111,78111,78112,1,0
78111,78111,78112,1,0
78111,78111,78112,1,0
78111,78111,78112,1,0
78111,78111,78112,1,0
78111,78111,78112,1,0
78111,78111,78112,1,0
78111,78111,78112,1,0
78111,78111,78112,1,0
78111,78111,78113,2,0
78111,78112,78113,1,1
78111,78112,78113,1,1
78111,78111,78113,2,0
78111,78111,78113,2,0
78111,78113,78114,1,2
78111,78113,78114,1,2
78111,78113,78114,1,2
78111,78113,78114,1,2
78111,78113,78114,1,2
78111,78113,78114,1,2
78111,78113,78114,1,2
78111,78113,78114,1,2
78111,78113,78114,1,2
78111,78113,78115,2,2
78111,78113,78114,1,2
78111,78114,78115,1,3
78111,78114,78115,1,3
78111,78114,78115,1,3
78111,78114,78115,1,3
78111,78113,78115,2,2
78111,78114,78116,2,3
78111,78115,78116,1,4
78111,78115,78116,1,4
78111,78115,78116,1,4
78111,78115,78116,1,4
78111,78115,78116,1,4
78111,78115,78116,1,4
78111,78115,78116,1,4
78111,78115,78116,1,4
78111,78115,78116,1,4
78111,78115,78117,2,4
78111,78115,78117,2,4
78111,78116,78118,2,5
78111,78116,78117,1,5
78111,78116,78117,1,5
78111,78117,78118,1,6
78111,78117,78118,1,6
78111,78117,78118,1,6
78111,78117,78118,1,6
78111,78117,78118,1,6
78111,78117,78118,1,6
78111,78116,78117,1,5
78111,78117,78118,1,6
78111,78117,78118,1,6
78111,78117,78118,1,6
78111,78118,78119,1,7
78111,78118,78119,1,7
78111,78119,78120,1,8
78111,78119,78120,1,8
78111,78119,78120,1,8
78111,78119,78120,1,8
78111,78119,78120,1,8
78111,78119,78120,1,8
78111,78118,78121,3,7
78111,78120,78121,1,9
78111,78120,78121,1,9
78111,78120,78121,1,9
78111,78120,78121,1,9
78112,78120,78121,1,8
78111,78120,78121,1,9
78111,78120,78121,1,9
78111,78120,78121,1,9
78112,78120,78121,1,8
78112,78120,78121,1,8
78112,78120,78121,1,8
78112,78121,78122,1,9
78111,78113,78122,9,2
78111,78120,78122,2,9
78112,78121,78122,1,9
78112,78121,78122,1,9
78112,78121,78122,1,9
78112,78121,78122,1,9
78112,78121,78122,1,9
78112,78121,78122,1,9
78112,78121,78122,1,9
78112,78122,78123,1,10
78112,78122,78123,1,10
78112,78121,78122,1,9
78112,78121,78122,1,9
78112,78121,78123,2,9
78112,78121,78123,2,9
78112,78121,78122,1,9
78112,78122,78123,1,10
78112,78122,78123,1,10
78112,78122,78123,1,10
78112,78122,78123,1,10
78112,78122,78123,1,10
78112,78122,78124,2,10
78112,78122,78124,2,10
78112,78122,78124,2,10
78112,78122,78123,1,10
78112,78122,78123,1,10
78112,78123,78124,1,11
78112,78123,78124,1,11
78112,78124,78125,1,12
78112,78123,78124,1,11
78112,78123,78125,2,11
78112,78124,78125,1,12
78112,78124,78125,1,12
78112,78124,78125,1,12
78112,78124,78125,1,12
78112,78124,78125,1,12
78112,78124,78125,1,12
78112,78123,78125,2,11
78112,78123,78125,2,11
78112,78123,78125,2,11
78112,78124,78125,1,12
78112,78125,78126,1,13
78112,78125,78126,1,13
78112,78125,78126,1,13
78112,78125,78126,1,13
78112,78125,78126,1,13
78112,78125,78126,1,13
78112,78125,78126,1,13
78112,78125,78126,1,13
78112,78125,78126,1,13
78112,78125,78126,1,13
78112,78125,78126,1,13
78112,78125,78126,1,13
78112,78125,78126,1,13
78112,78125,78126,1,13
78112,78126,78127,1,14
78112,78126,78127,1,14
78112,78123,78125,2,11
78112,78124,78125,1,12
78112,78126,78127,1,14
78112,78126,78127,1,14
78112,78126,78127,1,14
78112,78126,78127,1,14
78112,78126,78127,1,14
78112,78126,78127,1,14
78112,78127,78128,1,15
78112,78127,78128,1,15
78112,78124,78127,3,12
78112,78127,78128,1,15
78112,78127,78128,1,15
78112,78127,78128,1,15
78112,78127,78128,1,15
78112,78127,78128,1,15
78112,78128,78129,1,16
78112,78128,78129,1,16
78112,78127,78128,1,15
78112,78128,78129,1,16
78112,78128,78129,1,16
77412,77419,78135,716,7
78149,78149,78150,1,0
78149,78149,78150,1,0
78149,78149,78150,1,0
78149,78149,78150,1,0
78149,78149,78150,1,0
78149,78149,78150,1,0
78149,78149,78151,2,0
78149,78149,78150,1,0
78149,78149,78151,2,0
78149,78150,78152,2,1
78149,78150,78151,1,1
78149,78150,78152,2,1
78149,78150,78151,1,1
78149,78150,78151,1,1
78149,78150,78151,1,1
78149,78150,78151,1,1
78149,78150,78151,1,1
78149,78150,78152,2,1
78149,78151,78153,2,2
78149,78151,78153,2,2
78149,78151,78153,2,2
78149,78150,78152,2,1
78149,78150,78152,2,1
78149,78150,78152,2,1
78149,78152,78153,1,3
78149,78152,78154,2,3
78149,78152,78153,1,3
78149,78152,78153,1,3
78149,78152,78153,1,3
78149,78152,78153,1,3
78149,78152,78153,1,3
78149,78151,78153,2,2
78149,78152,78154,2,3
78149,78152,78154,2,3
78149,78154,78155,1,5
78149,78154,78155,1,5
78149,78153,78155,2,4
78149,78153,78155,2,4
78149,78153,78155,2,4
78149,78154,78155,1,5
78149,78154,78155,1,5
78149,78154,78156,2,5
78149,78154,78155,1,5
78149,78154,78155,1,5
78149,78154,78155,1,5
78149,78155,78156,1,6
78149,78155,78156,1,6
78149,78155,78156,1,6
78149,78155,78156,1,6
78149,78154,78155,1,5
78149,78155,78156,1,6
78149,78153,78155,2,4
78149,78153,78155,2,4
78149,78153,78155,2,4
78149,78155,78156,1,6
78149,78155,78156,1,6
78149,78156,78157,1,7
78149,78156,78157,1,7
78149,78156,78157,1,7
78149,78156,78157,1,7
78149,78156,78157,1,7
78149,78156,78157,1,7
78149,78156,78157,1,7
78149,78156,78157,1,7
78149,78156,78157,1,7
78149,78155,78156,1,6
78149,78156,78157,1,7
78149,78156,78157,1,7
78149,78156,78157,1,7
78149,78156,78157,1,7
78149,78156,78157,1,7
78149,78157,78158,1,8
78149,78157,78158,1,8
78149,78157,78158,1,8
78149,78157,78158,1,8
78149,78157,78158,1,8
78149,78157,78158,1,8
78149,78157,78158,1,8
78149,78157,78158,1,8
78149,78157,78158,1,8
78149,78157,78158,1,8
78149,78157,78158,1,8
78149,78157,78158,1,8
78149,78157,78158,1,8
78149,78157,78158,1,8
78149,78158,78159,1,9
78149,78158,78159,1,9
78149,78158,78159,1,9
78149,78158,78159,1,9
78149,78158,78159,1,9
77475,77480,78233,753,5
77499,77506,78234,728,7
78235,78235,78236,1,0
78235,78235,78236,1,0
78235,78235,78236,1,0
78235,78235,78237,2,0
78235,78235,78236,1,0
78235,78235,78237,2,0
78235,78235,78237,2,0
78235,78235,78236,1,0
78235,78235,78236,1,0
78235,78235,78236,1,0
78235,78235,78236,1,0
78235,78236,78237,1,1
78235,78236,78237,1,1
78235,78236,78237,1,1
78235,78236,78237,1,1
78235,78236,78237,1,1
78235,78236,78238,2,1
78235,78236,78238,2,1
78235,78237,78239,2,2
78235,78237,78239,2,2
78235,78236,78238,2,1
78235,78236,78238,2,1
78235,78237,78239,2,2
78235,78237,78239,2,2
78235,78237,78239,2,2
78235,78237,78239,2,2
78235,78237,78239,2,2
78235,78238,78239,1,3
78235,78238,78239,1,3
78235,78237,78240,3,2
78235,78238,78239,1,3
78235,78238,78239,1,3
78235,78238,78239,1,3
78235,78238,78239,1,3
78235,78238,78240,2,3
78235,78239,78241,2,4
78235,78239,78241,2,4
78235,78240,78241,1,5
78235,78240,78241,1,5
78235,78240,78241,1,5
78235,78240,78241,1,5
78235,78240,78241,1,5
78235,78240,78241,1,5
78235,78239,78241,2,4
78235,78239,78241,2,4
78235,78239,78241,2,4
78235,78239,78241,2,4
78235,78239,78241,2,4
78235,78239,78241,2,4
78235,78240,78241,1,5
78235,78240,78241,1,5
78235,78241,78242,1,6
78235,78241,78242,1,6
78235,78240,78241,1,5
78235,78241,78242,1,6
78235,78241,78242,1,6
78235,78241,78242,1,6
78235,78241,78242,1,6
78235,78241,78242,1,6
78235,78241,78242,1,6
78235,78242,78243,1,7
78235,78242,78243,1,7
78235,78242,78243,1,7
78235,78241,78243,2,6
78235,78242,78243,1,7
78235,78242,78243,1,7
78235,78242,78243,1,7
78235,78242,78243,1,7
78235,78242,78243,1,7
78235,78241,78243,2,6
78235,78241,78242,1,6
78235,78235,78243,8,0
78235,78243,78244,1,8
78235,78243,78244,1,8
78235,78242,78244,2,7
78235,78243,78244,1,8
78235,78243,78244,1,8
78235,78243,78244,1,8
78235,78243,78244,1,8
78235,78243,78244,1,8
78235,78243,78244,1,8
78235,78244,78245,1,9
78237,78244,78245,1,7
78237,78244,78245,1,7
78237,78244,78245,1,7
78235,78243,78244,1,8
78237,78244,78245,1,7
78237,78244,78245,1,7
78237,78244,78245,1,7
78237,78244,78245,1,7
78237,78244,78245,1,7
78237,78244,78245,1,7
78237,78244,78245,1,7
78237,78244,78245,1,7
78237,78245,78246,1,8
78237,78245,78246,1,8
78237,78245,78247,2,8
78237,78245,78247,2,8
78237,78245,78247,2,8
78237,78245,78247,2,8
78237,78245,78247,2,8
78237,78245,78247,2,8
78237,78245,78247,2,8
78237,78245,78247,2,8
78237,78245,78247,2,8
78237,78245,78247,2,8
78237,78245,78247,2,8
78237,78245,78247,2,8
78237,78245,78247,2,8
78237,78244,78248,4,7
78237,78245,78247,2,8
78237,78247,78249,2,10
78237,78247,78249,2,10
78237,78247,78249,2,10
78237,78247,78249,2,10
78237,78247,78249,2,10
78237,78247,78249,2,10
78237,78247,78249,2,10
78237,78247,78249,2,10
78237,78247,78249,2,10
78237,78248,78249,1,11
78237,78248,78249,1,11
78237,78248,78249,1,11
78237,78248,78249,1,11
78237,78248,78249,1,11
78237,78248,78250,2,11
78237,78248,78250,2,11
78237,78249,78250,1,12
78237,78249,78250,1,12
78237,78250,78251,1,13
78237,78249,78251,2,12
78237,78249,78251,2,12
78237,78249,78251,2,12
78237,78249,78251,2,12
78237,78250,78251,1,13
78237,78249,78251,2,12
78237,78249,78251,2,12
78237,78250,78251,1,13
78237,78251,78252,1,14
78237,78250,78251,1,13
78237,78248,78252,4,11
78237,78252,78253,1,15
78237,78251,78252,1,14
78237,78251,78252,1,14
78237,78252,78253,1,15
78237,78252,78253,1,15
78237,78252,78253,1,15
78237,78253,78254,1,16
78237,78253,78254,1,16
78237,78253,78254,1,16
78237,78253,78254,1,16
78237,78252,78255,3,15
77789,77796,78270,474,7
78284,78285,78286,1,1
78284,78285,78286,1,1
78284,78285,78286,1,1
78284,78285,78286,1,1
78284,78285,78286,1,1
78284,78286,78287,1,2
78284,78286,78287,1,2
78284,78286,78287,1,2
78284,78286,78287,1,2
78284,78286,78287,1,2
78284,78286,78287,1,2
78284,78286,78287,1,2
78284,78286,78287,1,2
78284,78286,78287,1,2
78284,78286,78287,1,2
78284,78286,78287,1,2
78284,78288,78289,1,4
78284,78288,78289,1,4
78284,78287,78288,1,3
78284,78288,78289,1,4
78284,78287,78288,1,3
78284,78287,78288,1,3
78284,78287,78289,2,3
78284,78287,78289,2,3
78284,78286,78288,2,2
78284,78288,78289,1,4
78284,78288,78289,1,4
78284,78288,78289,1,4
78284,78289,78290,1,5
78284,78289,78290,1,5
78284,78289,78290,1,5
78284,78289,78290,1,5
78284,78288,78289,1,4
78284,78288,78289,1,4
78284,78289,78290,1,5
78284,78289,78290,1,5
78284,78290,78291,1,6
78284,78290,78291,1,6
78284,78290,78291,1,6
78284,78289,78290,1,5
78284,78289,78290,1,5
78284,78289,78290,1,5
78284,78290,78291,1,6
78284,78290,78291,1,6
78284,78290,78291,1,6
78284,78290,78291,1,6
78284,78290,78291,1,6
78284,78290,78291,1,6
78284,78291,78292,1,7
78284,78291,78292,1,7
78284,78291,78292,1,7
78284,78291,78292,1,7
78284,78291,78292,1,7
78284,78290,78291,1,6
78284,78291,78292,1,7
78284,78290,78292,2,6
78284,78292,78293,1,8
78284,78292,78293,1,8
78284,78292,78293,1,8
78284,78292,78293,1,8
78284,78292,78293,1,8
78284,78292,78293,1,8
78284,78292,78293,1,8
78284,78292,78293,1,8
78284,78291,78292,1,7
78284,78291,78292,1,7
78284,78292,78293,1,8
78284,78292,78293,1,8
78284,78293,78294,1,9
78284,78293,78294,1,9
78284,78293,78294,1,9
78284,78293,78294,1,9
78284,78294,78296,2,10
78284,78289,78297,8,5
78284,78289,78301,12,5
77840,77847,78319,472,7
78325,78325,78326,1,0
78325,78325,78326,1,0
78325,78325,78326,1,0
78325,78325,78326,1,0
78325,78325,78326,1,0
78325,78325,78326,1,0
78325,78325,78326,1,0
78325,78325,78326,1,0
78325,78325,78326,1,0
78325,78325,78326,1,0
78325,78325,78326,1,0
78325,78326,78327,1,1
78325,78326,78327,1,1
78325,78325,78327,2,0
78325,78325,78327,2,0
78325,78326,78327,1,1
78325,78326,78327,1,1
78325,78327,78328,1,2
78325,78327,78328,1,2
78325,78327,78328,1,2
78325,78327,78328,1,2
78325,78327,78328,1,2
78325,78327,78328,1,2
78325,78327,78328,1,2
78325,78327,78328,1,2
78325,78327,78328,1,2
78325,78328,78329,1,3
78325,78328,78329,1,3
78325,78328,78329,1,3
78325,78328,78329,1,3
78325,78328,78329,1,3
78325,78329,78330,1,4
78325,78328,78329,1,3
78325,78328,78329,1,3
78325,78328,78329,1,3
78325,78329,78330,1,4
78325,78329,78330,1,4
78325,78329,78330,1,4
78325,78329,78330,1,4
78325,78329,78330,1,4
78325,78330,78331,1,5
78325,78330,78331,1,5
78325,78330,78331,1,5
78325,78329,78330,1,4
78325,78329,78330,1,4
78325,78329,78330,1,4
78325,78330,78331,1,5
78325,78330,78331,1,5
78325,78331,78332,1,6
78325,78331,78332,1,6
78325,78330,78331,1,5
78325,78331,78332,1,6
78325,78330,78331,1,5
78325,78330,78331,1,5
78325,78331,78332,1,6
78325,78331,78332,1,6
78325,78330,78332,2,5
78325,78332,78333,1,7
78325,78332,78333,1,7
78325,78332,78333,1,7
78325,78332,78333,1,7
78325,78332,78333,1,7
78325,78332,78333,1,7
78325,78332,78333,1,7
78325,78332,78333,1,7
78325,78333,78334,1,8
78325,78333,78334,1,8
78325,78333,78334,1,8
78325,78333,78334,1,8
78325,78333,78334,1,8
78325,78333,78334,1,8
78325,78333,78334,1,8
78325,78334,78335,1,9
78325,78333,78334,1,8
77633,77640,78345,705,7
78355,78355,78356,1,0
78355,78355,78356,1,0
78355,78355,78356,1,0
78355,78356,78357,1,1
78355,78356,78357,1,1
78355,78356,78357,1,1
78355,78356,78357,1,1
78355,78355,78356,1,0
78355,78356,78357,1,1
78355,78355,78356,1,0
78355,78355,78356,1,0
78355,78356,78357,1,1
78355,78356,78357,1,1
78355,78356,78357,1,1
78355,78357,78358,1,2
78355,78356,78357,1,1
78355,78356,78358,2,1
78355,78356,78357,1,1
78355,78357,78358,1,2
78355,78356,78357,1,1
78355,78357,78358,1,2
78355,78356,78357,1,1
78355,78357,78358,1,2
78355,78357,78358,1,2
78355,78357,78358,1,2
78355,78357,78358,1,2
78355,78357,78358,1,2
78355,78358,78359,1,3
78355,78358,78359,1,3
78355,78358,78359,1,3
78355,78358,78359,1,3
78355,78358,78359,1,3
78355,78358,78359,1,3
78355,78358,78359,1,3
78355,78358,78359,1,3
78355,78358,78359,1,3
78355,78359,78360,1,4
78355,78358,78359,1,3
78355,78359,78360,1,4
78355,78359,78360,1,4
78355,78359,78360,1,4
78355,78359,78360,1,4
78355,78359,78360,1,4
78355,78359,78360,1,4
78355,78359,78360,1,4
78355,78359,78360,1,4
78355,78359,78360,1,4
78355,78359,78360,1,4
78355,78360,78361,1,5
78355,78360,78361,1,5
78355,78360,78361,1,5
78355,78360,78361,1,5
78355,78360,78361,1,5
78355,78360,78361,1,5
78355,78360,78361,1,5
78355,78360,78361,1,5
78355,78360,78361,1,5
78355,78360,78361,1,5
78355,78360,78361,1,5
78355,78361,78362,1,6
78355,78361,78362,1,6
78355,78361,78362,1,6
78355,78360,78361,1,5
78355,78361,78362,1,6
78355,78361,78362,1,6
78355,78361,78362,1,6
78355,78361,78362,1,6
78355,78361,78362,1,6
78355,78363,78364,1,8
77658,77664,78390,726,6
78391,78391,78392,1,0
78391,78391,78392,1,0
78391,78391,78392,1,0
78391,78391,78392,1,0
78391,78391,78392,1,0
78391,78391,78392,1,0
78391,78391,78392,1,0
78391,78391,78392,1,0
78391,78391,78392,1,0
78391,78391,78392,1,0
78391,78391,78392,1,0
78391,78391,78392,1,0
78391,78392,78393,1,1
78391,78392,78393,1,1
78391,78391,78392,1,0
78391,78392,78393,1,1
78391,78392,78393,1,1
78391,78392,78393,1,1
78391,78391,78392,1,0
78391,78391,78392,1,0
78391,78392,78393,1,1
78391,78392,78393,1,1
78391,78393,78394,1,2
78391,78392,78393,1,1
78391,78392,78393,1,1
78391,78392,78394,2,1
78391,78392,78393,1,1
78391,78393,78394,1,2
78391,78393,78394,1,2
78391,78392,78393,1,1
78391,78393,78394,1,2
78391,78391,78394,3,0
78391,78393,78395,2,2
78391,78393,78394,1,2
78391,78394,78395,1,3
78391,78394,78395,1,3
78391,78394,78395,1,3
78391,78393,78395,2,2
78391,78394,78395,1,3
78391,78394,78395,1,3
78391,78395,78396,1,4
78391,78395,78396,1,4
78391,78395,78396,1,4
78391,78395,78396,1,4
78391,78396,78397,1,5
78391,78396,78397,1,5
78391,78396,78397,1,5
77681,77688,78397,709,7
78391,78395,78396,1,4
78391,78396,78397,1,5
78391,78396,78397,1,5
78391,78396,78397,1,5
78391,78397,78398,1,6
78391,78397,78398,1,6
78391,78397,78398,1,6
78391,78397,78398,1,6
78391,78397,78398,1,6
78391,78395,78398,3,4
78391,78397,78398,1,6
78391,78397,78398,1,6
78391,78397,78398,1,6
78391,78398,78399,1,7
78391,78398,78399,1,7
78391,78398,78399,1,7
78399,78399,78400,1,0
78391,78398,78399,1,7
78391,78398,78399,1,7
78399,78399,78400,1,0
78399,78399,78400,1,0
78399,78400,78401,1,1
78399,78400,78401,1,1
78399,78399,78400,1,0
78399,78400,78401,1,1
78399,78400,78401,1,1
78399,78400,78401,1,1
78399,78399,78400,1,0
78399,78400,78401,1,1
78399,78400,78401,1,1
78399,78400,78402,2,1
78399,78400,78402,2,1
78399,78400,78401,1,1
78399,78400,78401,1,1
78399,78400,78401,1,1
78399,78400,78401,1,1
78399,78401,78402,1,2
78399,78401,78402,1,2
78399,78402,78403,1,3
78399,78402,78403,1,3
78399,78402,78403,1,3
78399,78401,78402,1,2
78399,78401,78402,1,2
78399,78402,78403,1,3
78399,78402,78403,1,3
78399,78402,78403,1,3
78399,78402,78403,1,3
78399,78402,78403,1,3
78399,78403,78404,1,4
78399,78403,78404,1,4
78399,78403,78404,1,4
78399,78403,78404,1,4
78399,78403,78404,1,4
78399,78403,78404,1,4
78399,78403,78404,1,4
78399,78403,78404,1,4
78399,78403,78404,1,4
78399,78403,78404,1,4
78399,78403,78404,1,4
78399,78403,78404,1,4
78399,78404,78405,1,5
78399,78404,78405,1,5
78399,78404,78405,1,5
78399,78404,78405,1,5
78399,78404,78405,1,5
78399,78403,78404,1,4
78399,78404,78405,1,5
78399,78404,78405,1,5
78399,78404,78405,1,5
78399,78404,78405,1,5
78399,78404,78405,1,5
78399,78404,78405,1,5
78399,78405,78406,1,6
78399,78405,78406,1,6
78399,78404,78405,1,5
78399,78405,78406,1,6
78399,78405,78406,1,6
78399,78405,78406,1,6
78399,78405,78406,1,6
78399,78404,78405,1,5
78399,78405,78406,1,6
78399,78405,78406,1,6
78399,78405,78406,1,6
78399,78405,78406,1,6
78399,78406,78407,1,7
78399,78406,78407,1,7
78399,78406,78407,1,7
78399,78406,78407,1,7
78399,78404,78406,2,5
78399,78405,78406,1,6
78399,78406,78407,1,7
78399,78406,78407,1,7
78399,78406,78407,1,7
78399,78408,78409,1,9
77751,77757,78459,702,6
78461,78461,78462,1,0
78461,78461,78462,1,0
78461,78461,78462,1,0
78461,78461,78462,1,0
78461,78461,78463,2,0
78461,78461,78462,1,0
78461,78461,78462,1,0
78461,78461,78462,1,0
78461,78461,78462,1,0
78461,78461,78462,1,0
78461,78462,78463,1,1
78461,78462,78463,1,1
78461,78462,78463,1,1
78461,78462,78463,1,1
78461,78462,78463,1,1
78461,78462,78464,2,1
78461,78462,78464,2,1
78461,78462,78463,1,1
78461,78462,78463,1,1
78461,78463,78464,1,2
78461,78463,78464,1,2
78461,78463,78464,1,2
78461,78463,78464,1,2
78461,78464,78465,1,3
78461,78464,78465,1,3
78461,78464,78465,1,3
78461,78463,78464,1,2
78461,78464,78465,1,3
78461,78464,78465,1,3
78461,78463,78464,1,2
78461,78463,78464,1,2
78461,78463,78465,2,2
78461,78465,78466,1,4
78461,78465,78466,1,4
78461,78465,78466,1,4
78461,78464,78465,1,3
78461,78465,78466,1,4
78461,78465,78466,1,4
78461,78465,78466,1,4
78461,78465,78466,1,4
78461,78465,78466,1,4
78461,78464,78465,1,3
78461,78464,78466,2,3
78461,78464,78465,1,3
78461,78465,78466,1,4
78461,78466,78467,1,5
78461,78465,78466,1,4
78461,78466,78467,1,5
78461,78465,78467,2,4
78461,78466,78467,1,5
78461,78466,78467,1,5
78461,78466,78467,1,5
78461,78466,78467,1,5
78461,78466,78467,1,5
78461,78465,78466,1,4
78461,78465,78466,1,4
78461,78466,78467,1,5
78461,78466,78467,1,5
78461,78466,78467,1,5
78461,78467,78468,1,6
78461,78466,78467,1,5
78461,78467,78468,1,6
78461,78467,78468,1,6
78461,78467,78468,1,6
78461,78467,78468,1,6
78461,78466,78467,1,5
78461,78467,78468,1,6
78461,78467,78468,1,6
78461,78467,78468,1,6
78461,78467,78468,1,6
78461,78467,78468,1,6
78461,78467,78468,1,6
78461,78467,78468,1,6
77715,77722,78469,747,7
78461,78468,78469,1,7
78461,78468,78469,1,7
78461,78468,78469,1,7
78461,78468,78469,1,7
78461,78468,78469,1,7
78461,78468,78469,1,7
78461,78468,78469,1,7
78461,78468,78469,1,7
78461,78468,78469,1,7
78461,78468,78469,1,7
78461,78468,78469,1,7
78461,78467,78469,2,6
78461,78468,78469,1,7
78461,78468,78469,1,7
78461,78468,78469,1,7
78461,78468,78469,1,7
78461,78469,78470,1,8
78461,78469,78470,1,8
78461,78469,78470,1,8
78461,78469,78470,1,8
78470,78470,78471,1,0
78470,78470,78471,1,0
78470,78470,78471,1,0
78470,78470,78471,1,0
78470,78470,78471,1,0
78470,78470,78471,1,0
78470,78470,78471,1,0
78470,78470,78472,2,0
78470,78470,78471,1,0
78470,78470,78472,2,0
78470,78471,78473,2,1
78470,78471,78472,1,1
78470,78471,78472,1,1
78470,78471,78472,1,1
78470,78471,78472,1,1
78470,78471,78472,1,1
78470,78471,78472,1,1
78470,78471,78472,1,1
78470,78471,78472,1,1
78470,78471,78472,1,1
78470,78471,78473,2,1
78470,78472,78473,1,2
78470,78473,78474,1,3
78470,78473,78474,1,3
78470,78472,78473,1,2
78470,78473,78474,1,3
78470,78473,78474,1,3
78470,78473,78474,1,3
78470,78473,78474,1,3
78470,78473,78474,1,3
78470,78472,78474,2,2
78470,78472,78473,1,2
78470,78472,78473,1,2
78470,78472,78473,1,2
78470,78474,78475,1,4
78470,78474,78475,1,4
78470,78474,78475,1,4
78470,78474,78475,1,4
78470,78474,78475,1,4
78470,78474,78475,1,4
78470,78474,78475,1,4
78470,78473,78474,1,3
78470,78473,78474,1,3
78470,78474,78475,1,4
78470,78474,78475,1,4
78470,78474,78475,1,4
78470,78474,78475,1,4
78470,78473,78475,2,3
78470,78474,78475,1,4
78470,78474,78475,1,4
78470,78475,78476,1,5
78470,78475,78476,1,5
78470,78475,78476,1,5
78470,78475,78476,1,5
78470,78475,78476,1,5
78470,78474,78475,1,4
78470,78475,78476,1,5
78470,78475,78476,1,5
78470,78475,78476,1,5
78470,78475,78476,1,5
78470,78475,78476,1,5
78470,78475,78476,1,5
78470,78475,78476,1,5
78470,78475,78476,1,5
78470,78476,78477,1,6
78470,78476,78477,1,6
78470,78476,78477,1,6
78470,78476,78477,1,6
78470,78476,78477,1,6
78470,78476,78477,1,6
78470,78476,78477,1,6
78470,78476,78477,1,6
78470,78476,78477,1,6
78470,78476,78477,1,6
78470,78476,78477,1,6
78470,78476,78477,1,6
78470,78477,78478,1,7
78470,78476,78477,1,6
78470,78476,78477,1,6
78470,78476,78478,2,6
78470,78477,78478,1,7
78470,78477,78478,1,7
78470,78476,78477,1,6
78470,78477,78478,1,7
78470,78477,78478,1,7
78470,78477,78478,1,7
78470,78477,78478,1,7
78470,78477,78478,1,7
78003,78011,78500,489,8
78513,78513,78514,1,0
78513,78513,78514,1,0
78513,78513,78514,1,0
78513,78513,78514,1,0
78513,78513,78514,1,0
78513,78514,78515,1,1
78513,78514,78515,1,1
78513,78513,78515,2,0
78513,78514,78515,1,1
78513,78514,78515,1,1
78513,78515,78516,1,2
78513,78514,78515,1,1
78513,78514,78515,1,1
78513,78514,78515,1,1
78513,78514,78515,1,1
78513,78514,78515,1,1
78513,78514,78515,1,1
78513,78516,78517,1,3
78513,78516,78517,1,3
78513,78516,78517,1,3
78513,78515,78516,1,2
78513,78516,78517,1,3
78513,78516,78517,1,3
78513,78516,78517,1,3
78513,78517,78518,1,4
78513,78517,78518,1,4
78513,78516,78517,1,3
78513,78517,78518,1,4
78513,78516,78517,1,3
78513,78516,78517,1,3
78513,78517,78518,1,4
78513,78517,78518,1,4
78513,78517,78518,1,4
78513,78517,78518,1,4
78513,78517,78518,1,4
78513,78517,78518,1,4
78513,78518,78519,1,5
78513,78518,78519,1,5
78513,78517,78518,1,4
78513,78517,78518,1,4
78513,78518,78519,1,5
78513,78518,78519,1,5
78513,78518,78519,1,5
78513,78518,78519,1,5
78513,78518,78519,1,5
78513,78518,78519,1,5
78513,78518,78519,1,5
78513,78516,78519,3,3
78513,78518,78519,1,5
78513,78519,78520,1,6
78513,78519,78520,1,6
78513,78518,78519,1,5
78513,78519,78520,1,6
78513,78519,78520,1,6
78513,78519,78520,1,6
78513,78519,78520,1,6
78513,78519,78520,1,6
78513,78519,78520,1,6
78513,78519,78520,1,6
78513,78519,78520,1,6
78513,78519,78520,1,6
78513,78519,78520,1,6
78513,78520,78521,1,7
78513,78520,78523,3,7
77803,77810,78542,732,7
78543,78543,78544,1,0
78543,78543,78544,1,0
78543,78543,78544,1,0
78543,78543,78544,1,0
78543,78543,78544,1,0
78543,78543,78544,1,0
78543,78543,78545,2,0
78543,78543,78544,1,0
78543,78543,78545,2,0
78543,78544,78545,1,1
78543,78543,78545,2,0
78543,78544,78545,1,1
78543,78543,78545,2,0
78543,78544,78546,2,1
78543,78544,78546,2,1
78543,78544,78546,2,1
78543,78544,78545,1,1
78543,78544,78545,1,1
78543,78544,78545,1,1
78543,78544,78545,1,1
78543,78544,78546,2,1
78543,78544,78546,2,1
78543,78545,78546,1,2
78543,78545,78546,1,2
78543,78545,78546,1,2
78543,78546,78547,1,3
78543,78546,78547,1,3
78543,78546,78547,1,3
78543,78546,78547,1,3
78543,78546,78548,2,3
78543,78546,78548,2,3
78543,78546,78547,1,3
78543,78546,78547,1,3
78543,78546,78547,1,3
78543,78546,78547,1,3
78543,78546,78548,2,3
78543,78546,78548,2,3
78543,78547,78548,1,4
78543,78547,78548,1,4
78543,78547,78548,1,4
78543,78547,78548,1,4
78543,78548,78549,1,5
78543,78548,78549,1,5
78543,78548,78549,1,5
78543,78548,78549,1,5
78543,78547,78549,2,4
78543,78548,78549,1,5
78543,78548,78550,2,5
78543,78549,78550,1,6
78543,78548,78549,1,5
78543,78549,78550,1,6
78543,78548,78549,1,5
78543,78549,78550,1,6
78543,78548,78549,1,5
78543,78549,78550,1,6
78543,78548,78549,1,5
78543,78548,78549,1,5
78543,78549,78550,1,6
78543,78549,78550,1,6
78543,78549,78550,1,6
78543,78549,78550,1,6
78543,78548,78549,1,5
78543,78549,78550,1,6
78543,78549,78550,1,6
78543,78550,78551,1,7
78543,78550,78551,1,7
78543,78550,78551,1,7
78543,78550,78551,1,7
78543,78550,78551,1,7
78543,78550,78551,1,7
78543,78550,78551,1,7
78543,78550,78551,1,7
78543,78550,78551,1,7
78543,78551,78552,1,8
78543,78551,78552,1,8
78543,78550,78551,1,7
78543,78550,78551,1,7
78543,78551,78552,1,8
78543,78551,78552,1,8
78543,78551,78552,1,8
78543,78551,78552,1,8
78543,78550,78551,1,7
78543,78551,78552,1,8
78543,78551,78552,1,8
78543,78551,78552,1,8
78543,78550,78552,2,7
78543,78551,78552,1,8
78543,78551,78552,1,8
78093,78100,78576,476,7
78577,78577,78578,1,0
78577,78577,78578,1,0
78577,78577,78578,1,0
78577,78577,78578,1,0
78577,78577,78578,1,0
78577,78577,78579,2,0
78577,78577,78578,1,0
78577,78577,78579,2,0
78577,78577,78578,1,0
78577,78577,78578,1,0
78577,78577,78579,2,0
78577,78577,78579,2,0
78577,78578,78579,1,1
78577,78578,78579,1,1
78577,78578,78579,1,1
78577,78578,78579,1,1
78577,78578,78579,1,1
78577,78578,78579,1,1
78577,78578,78580,2,1
78577,78578,78580,2,1
78577,78578,78580,2,1
78577,78578,78580,2,1
78577,78579,78581,2,2
78577,78579,78581,2,2
78577,78579,78581,2,2
78577,78579,78581,2,2
78577,78579,78581,2,2
78577,78579,78581,2,2
78577,78579,78581,2,2
78577,78580,78581,1,3
78577,78580,78581,1,3
78577,78580,78581,1,3
78577,78580,78581,1,3
78577,78580,78582,2,3
78577,78580,78581,1,3
78577,78580,78581,1,3
78577,78580,78582,2,3
78577,78580,78582,2,3
78577,78580,78582,2,3
78577,78582,78583,1,5
78577,78582,78583,1,5
78577,78581,78582,1,4
78577,78581,78582,1,4
78577,78581,78583,2,4
78577,78581,78583,2,4
78577,78581,78583,2,4
78577,78581,78583,2,4
78577,78581,78583,2,4
78577,78582,78583,1,5
78577,78582,78583,1,5
78577,78582,78583,1,5
78577,78582,78583,1,5
78577,78582,78583,1,5
78577,78582,78583,1,5
78577,78582,78583,1,5
78577,78582,78583,1,5
78577,78583,78584,1,6
78577,78583,78584,1,6
78577,78583,78584,1,6
78577,78583,78584,1,6
78577,78583,78584,1,6
78577,78583,78584,1,6
78577,78583,78584,1,6
78577,78583,78584,1,6
78577,78583,78584,1,6
78577,78583,78584,1,6
78577,78583,78584,1,6
78577,78583,78584,1,6
78577,78583,78584,1,6
78577,78583,78584,1,6
78577,78584,78585,1,7
78577,78584,78585,1,7
78577,78584,78585,1,7
78577,78584,78585,1,7
78577,78584,78585,1,7
78577,78584,78585,1,7
78577,78583,78584,1,6
78577,78584,78585,1,7
78577,78584,78585,1,7
78577,78584,78585,1,7
78577,78584,78585,1,7
78577,78584,78585,1,7
78577,78584,78585,1,7
78577,78585,78586,1,8
78577,78585,78586,1,8
78577,78585,78586,1,8
78577,78585,78586,1,8
78577,78585,78586,1,8
78577,78584,78585,1,7
78577,78585,78586,1,8
78577,78585,78586,1,8
77884,77889,78596,707,5
78606,78606,78607,1,0
78606,78606,78607,1,0
78606,78606,78607,1,0
78606,78606,78608,2,0
78606,78606,78607,1,0
78606,78606,78607,1,0
78606,78606,78608,2,0
78606,78607,78608,1,1
78606,78607,78608,1,1
78606,78607,78608,1,1
78606,78607,78608,1,1
78606,78607,78608,1,1
78606,78607,78608,1,1
78606,78606,78608,2,0
78606,78607,78608,1,1
78606,78607,78608,1,1
78606,78607,78608,1,1
78606,78607,78608,1,1
78606,78607,78608,1,1
78606,78607,78608,1,1
78606,78608,78610,2,2
78606,78608,78609,1,2
78606,78608,78610,2,2
78606,78608,78609,1,2
78606,78608,78609,1,2
78606,78609,78610,1,3
78606,78608,78609,1,2
78606,78608,78609,1,2
78606,78608,78609,1,2
78606,78608,78609,1,2
78606,78609,78610,1,3
78606,78609,78610,1,3
78606,78609,78611,2,3
78606,78609,78611,2,3
78606,78610,78611,1,4
78606,78610,78611,1,4
78606,78610,78611,1,4
78606,78610,78611,1,4
78606,78610,78611,1,4
78606,78610,78611,1,4
78606,78609,78611,2,3
78606,78609,78610,1,3
78606,78609,78611,2,3
78606,78611,78612,1,5
78606,78610,78611,1,4
78606,78610,78611,1,4
78606,78610,78611,1,4
78606,78611,78612,1,5
78606,78611,78612,1,5
78606,78611,78612,1,5
78606,78611,78612,1,5
78606,78611,78612,1,5
78606,78611,78612,1,5
78606,78611,78612,1,5
78606,78611,78612,1,5
78606,78611,78612,1,5
78606,78610,78612,2,4
78606,78612,78613,1,6
78606,78612,78613,1,6
78606,78611,78612,1,5
78606,78612,78613,1,6
78606,78611,78612,1,5
78606,78611,78612,1,5
78606,78612,78613,1,6
78606,78612,78613,1,6
78606,78612,78613,1,6
78606,78612,78613,1,6
78606,78612,78613,1,6
78606,78612,78613,1,6
78606,78613,78614,1,7
78606,78613,78614,1,7
78606,78613,78614,1,7
78606,78613,78614,1,7
78606,78613,78614,1,7
78606,78613,78614,1,7
78606,78613,78614,1,7
78606,78613,78614,1,7
78606,78613,78614,1,7
78606,78613,78614,1,7
78606,78613,78614,1,7
78606,78613,78614,1,7
78606,78613,78614,1,7
78606,78613,78614,1,7
78606,78613,78614,1,7
78606,78614,78615,1,8
78606,78614,78615,1,8
78131,78131,78617,486,0
78150,78158,78629,471,8
78636,78636,78637,1,0
78636,78636,78637,1,0
78636,78636,78637,1,0
78636,78636,78637,1,0
78636,78636,78637,1,0
78636,78637,78638,1,1
78636,78636,78637,1,0
78636,78637,78638,1,1
78636,78637,78638,1,1
78636,78637,78638,1,1
78636,78637,78638,1,1
78636,78638,78639,1,2
78636,78637,78638,1,1
78636,78637,78638,1,1
78636,78637,78638,1,1
78636,78637,78638,1,1
78636,78637,78638,1,1
78636,78637,78638,1,1
78636,78637,78638,1,1
78636,78638,78639,1,2
78636,78637,78638,1,1
78636,78637,78639,2,1
78636,78637,78638,1,1
78636,78638,78640,2,2
78636,78639,78640,1,3
78636,78639,78640,1,3
78636,78638,78639,1,2
78636,78639,78640,1,3
78636,78639,78640,1,3
78636,78639,78640,1,3
78636,78639,78640,1,3
78636,78639,78640,1,3
78636,78639,78640,1,3
78636,78639,78640,1,3
78636,78639,78640,1,3
78636,78639,78640,1,3
78636,78637,78639,2,1
78636,78640,78641,1,4
78636,78640,78641,1,4
78636,78639,78640,1,3
78636,78639,78640,1,3
78636,78639,78640,1,3
78636,78640,78641,1,4
78636,78640,78641,1,4
78636,78640,78641,1,4
78636,78640,78641,1,4
78636,78640,78641,1,4
78636,78640,78641,1,4
78636,78640,78641,1,4
78636,78639,78640,1,3
78636,78640,78641,1,4
78636,78640,78641,1,4
78636,78640,78642,2,4
78636,78641,78642,1,5
78636,78641,78642,1,5
78636,78641,78642,1,5
78636,78641,78642,1,5
78636,78640,78641,1,4
78636,78641,78642,1,5
78636,78641,78642,1,5
78636,78641,78642,1,5
78636,78641,78642,1,5
78636,78641,78642,1,5
78636,78641,78642,1,5
78636,78641,78642,1,5
78636,78641,78642,1,5
78636,78641,78642,1,5
78636,78641,78642,1,5
78636,78641,78642,1,5
78636,78642,78643,1,6
78636,78642,78643,1,6
78636,78642,78643,1,6
78636,78642,78643,1,6
78636,78642,78643,1,6
78636,78642,78643,1,6
78636,78642,78643,1,6
78636,78642,78643,1,6
78636,78642,78643,1,6
78636,78642,78643,1,6
78636,78642,78643,1,6
78636,78642,78643,1,6
78636,78642,78643,1,6
78636,78642,78643,1,6
78636,78642,78643,1,6
78636,78642,78643,1,6
78636,78642,78643,1,6
78636,78641,78642,1,5
78638,78643,78644,1,5
78638,78643,78644,1,5
78638,78643,78644,1,5
78638,78643,78644,1,5
78638,78643,78644,1,5
78638,78643,78644,1,5
78638,78643,78644,1,5
78638,78643,78644,1,5
78638,78643,78644,1,5
78638,78643,78644,1,5
78638,78643,78644,1,5
78638,78643,78644,1,5
78638,78643,78644,1,5
78638,78644,78645,1,6
78638,78644,78646,2,6
78638,78644,78646,2,6
78638,78644,78646,2,6
78638,78644,78646,2,6
78638,78644,78646,2,6
78638,78645,78646,1,7
78638,78645,78646,1,7
78638,78645,78646,1,7
78638,78645,78646,1,7
78638,78645,78646,1,7
78638,78644,78646,2,6
78638,78645,78646,1,7
78638,78645,78646,1,7
78638,78645,78646,1,7
78638,78646,78647,1,8
78638,78646,78647,1,8
78638,78647,78648,1,9
78638,78647,78648,1,9
78638,78647,78648,1,9
78638,78647,78648,1,9
78638,78646,78648,2,8
78638,78646,78647,1,8
78638,78648,78649,1,10
78638,78647,78648,1,9
78638,78647,78648,1,9
78638,78648,78649,1,10
78638,78648,78649,1,10
78638,78648,78649,1,10
78638,78648,78649,1,10
78638,78649,78650,1,11
78638,78649,78650,1,11
78638,78649,78650,1,11
78638,78648,78650,2,10
78638,78650,78651,1,12
78638,78650,78651,1,12
78638,78650,78651,1,12
78638,78651,78652,1,13
77980,77992,78687,695,12
78689,78689,78690,1,0
78689,78689,78690,1,0
78689,78689,78690,1,0
78689,78689,78690,1,0
78689,78689,78690,1,0
78689,78689,78690,1,0
78689,78689,78690,1,0
78689,78690,78691,1,1
78689,78689,78690,1,0
78689,78690,78691,1,1
78689,78690,78691,1,1
78689,78690,78691,1,1
78689,78691,78692,1,2
78689,78691,78692,1,2
78689,78690,78691,1,1
78689,78690,78691,1,1
78689,78690,78691,1,1
78689,78690,78691,1,1
78689,78690,78691,1,1
78689,78690,78691,1,1
78689,78691,78692,1,2
78689,78691,78692,1,2
78689,78692,78693,1,3
78689,78691,78692,1,2
78689,78691,78692,1,2
78689,78691,78692,1,2
78689,78692,78693,1,3
78689,78691,78692,1,2
78689,78691,78692,1,2
78689,78692,78693,1,3
78689,78691,78692,1,2
78689,78693,78694,1,4
78689,78693,78694,1,4
78689,78692,78693,1,3
78689,78693,78694,1,4
78689,78693,78694,1,4
78689,78692,78693,1,3
78689,78692,78693,1,3
78689,78692,78693,1,3
78689,78692,78693,1,3
78689,78693,78694,1,4
78689,78693,78694,1,4
78689,78693,78694,1,4
78689,78693,78694,1,4
78689,78693,78694,1,4
78689,78694,78695,1,5
78689,78694,78695,1,5
78689,78689,78694,5,0
78689,78694,78695,1,5
78689,78693,78694,1,4
78689,78694,78695,1,5
78689,78694,78695,1,5
78689,78694,78695,1,5
78689,78694,78695,1,5
78689,78694,78695,1,5
78689,78694,78695,1,5
78689,78695,78696,1,6
78689,78693,78695,2,4
78689,78695,78696,1,6
78689,78695,78696,1,6
78689,78695,78696,1,6
78689,78694,78695,1,5
78689,78694,78695,1,5
78689,78694,78695,1,5
78689,78694,78695,1,5
78689,78695,78696,1,6
78689,78695,78696,1,6
78689,78695,78696,1,6
78689,78695,78696,1,6
78689,78695,78696,1,6
78689,78695,78696,1,6
78689,78696,78697,1,7
78689,78696,78697,1,7
78689,78696,78697,1,7
78689,78696,78697,1,7
78689,78696,78697,1,7
78689,78696,78697,1,7
78689,78696,78697,1,7
78689,78696,78697,1,7
78689,78696,78697,1,7
78689,78696,78697,1,7
78689,78696,78697,1,7
78689,78696,78697,1,7
78689,78696,78697,1,7
78689,78696,78697,1,7
78689,78697,78698,1,8
78689,78697,78698,1,8
78689,78697,78698,1,8
78689,78695,78701,6,6
77978,77984,78709,725,6
78720,78720,78721,1,0
78720,78720,78721,1,0
78720,78720,78721,1,0
78720,78720,78721,1,0
78720,78720,78721,1,0
78720,78720,78722,2,0
78720,78720,78721,1,0
78720,78721,78722,1,1
78720,78721,78722,1,1
78720,78721,78722,1,1
78720,78721,78722,1,1
78720,78721,78722,1,1
78720,78720,78721,1,0
78720,78720,78721,1,0
78720,78721,78722,1,1
78720,78721,78722,1,1
78720,78722,78723,1,2
78720,78721,78722,1,1
78720,78722,78723,1,2
78720,78722,78723,1,2
78720,78721,78722,1,1
78720,78722,78723,1,2
78720,78722,78723,1,2
78720,78721,78722,1,1
78720,78721,78722,1,1
78720,78722,78723,1,2
78720,78722,78723,1,2
78720,78722,78724,2,2
78720,78722,78724,2,2
78720,78723,78724,1,3
78720,78723,78724,1,3
78720,78723,78724,1,3
78720,78723,78724,1,3
78720,78723,78724,1,3
78720,78723,78724,1,3
78720,78722,78723,1,2
78720,78723,78724,1,3
78720,78722,78724,2,2
78720,78722,78723,1,2
78720,78724,78725,1,4
78720,78724,78725,1,4
78720,78724,78725,1,4
78720,78723,78724,1,3
78720,78723,78724,1,3
78720,78724,78725,1,4
78720,78724,78725,1,4
78720,78724,78725,1,4
78720,78724,78725,1,4
78720,78724,78725,1,4
78720,78724,78725,1,4
78720,78723,78724,1,3
78720,78724,78725,1,4
78720,78724,78725,1,4
78720,78724,78726,2,4
78720,78724,78725,1,4
78720,78724,78725,1,4
78720,78725,78726,1,5
78720,78725,78726,1,5
78720,78725,78726,1,5
78720,78725,78726,1,5
78720,78725,78726,1,5
78720,78725,78726,1,5
78720,78725,78726,1,5
78720,78725,78726,1,5
78720,78725,78726,1,5
78720,78725,78726,1,5
78720,78725,78726,1,5
78720,78725,78726,1,5
78720,78725,78726,1,5
78720,78725,78726,1,5
78720,78726,78727,1,6
78720,78726,78727,1,6
78720,78726,78727,1,6
78720,78726,78727,1,6
78720,78726,78727,1,6
78720,78726,78727,1,6
78720,78726,78727,1,6
78720,78726,78727,1,6
78720,78726,78727,1,6
78720,78726,78727,1,6
78720,78726,78727,1,6
78720,78726,78727,1,6
78720,78726,78727,1,6
78720,78726,78727,1,6
78720,78727,78728,1,7
78720,78727,78728,1,7
78720,78727,78728,1,7
78720,78727,78728,1,7
78720,78727,78728,1,7
78042,78050,78742,692,8
78747,78747,78748,1,0
78747,78747,78748,1,0
78747,78747,78748,1,0
78747,78747,78748,1,0
78747,78747,78748,1,0
78747,78747,78748,1,0
78747,78748,78749,1,1
78747,78748,78749,1,1
78747,78748,78749,1,1
78747,78748,78749,1,1
78747,78748,78749,1,1
78747,78748,78749,1,1
78747,78748,78749,1,1
78747,78748,78749,1,1
78747,78748,78749,1,1
78747,78748,78749,1,1
78747,78748,78749,1,1
78747,78749,78750,1,2
78747,78748,78749,1,1
78747,78749,78750,1,2
78747,78749,78750,1,2
78747,78749,78750,1,2
78747,78749,78750,1,2
78747,78748,78749,1,1
78747,78749,78750,1,2
78747,78749,78750,1,2
78747,78748,78749,1,1
78747,78749,78750,1,2
78747,78749,78750,1,2
78747,78749,78750,1,2
78747,78749,78750,1,2
78747,78750,78751,1,3
78747,78750,78751,1,3
78747,78750,78751,1,3
78747,78750,78751,1,3
78747,78749,78750,1,2
78747,78750,78751,1,3
78747,78750,78751,1,3
78747,78750,78751,1,3
78747,78750,78751,1,3
78747,78750,78751,1,3
78747,78750,78751,1,3
78747,78750,78751,1,3
78747,78750,78751,1,3
78747,78751,78752,1,4
78747,78751,78752,1,4
78747,78751,78752,1,4
78747,78751,78752,1,4
78747,78751,78752,1,4
78747,78751,78752,1,4
78747,78751,78752,1,4
78747,78751,78752,1,4
78747,78751,78752,1,4
78747,78751,78752,1,4
78747,78751,78752,1,4
78747,78751,78752,1,4
78747,78751,78752,1,4
78747,78751,78752,1,4
78747,78751,78752,1,4
78747,78751,78752,1,4
78747,78751,78752,1,4
78747,78752,78753,1,5
78747,78752,78753,1,5
78747,78752,78753,1,5
78747,78752,78753,1,5
78747,78752,78753,1,5
78747,78752,78753,1,5
78747,78752,78753,1,5
78747,78752,78753,1,5
78747,78752,78753,1,5
78747,78752,78753,1,5
78747,78752,78753,1,5
78747,78752,78753,1,5
78747,78752,78753,1,5
78747,78752,78753,1,5
78747,78752,78753,1,5
78747,78752,78753,1,5
78747,78753,78754,1,6
78747,78753,78754,1,6
78747,78753,78754,1,6
78747,78753,78754,1,6
78747,78753,78754,1,6
78285,78293,78765,472,8
78771,78771,78772,1,0
78771,78771,78772,1,0
78771,78771,78772,1,0
78771,78771,78772,1,0
78771,78771,78772,1,0
78771,78771,78772,1,0
78771,78771,78772,1,0
78771,78771,78772,1,0
78771,78771,78772,1,0
78771,78771,78772,1,0
78771,78772,78774,2,1
78771,78772,78773,1,1
78771,78772,78773,1,1
78771,78772,78773,1,1
78771,78772,78773,1,1
78771,78772,78773,1,1
78771,78772,78773,1,1
78771,78772,78773,1,1
78771,78772,78774,2,1
78771,78772,78774,2,1
78771,78772,78774,2,1
78771,78772,78774,2,1
78771,78772,78773,1,1
78771,78773,78774,1,2
78771,78773,78774,1,2
78771,78773,78774,1,2
78771,78774,78775,1,3
78771,78774,78775,1,3
78771,78774,78775,1,3
78771,78774,78775,1,3
78771,78774,78775,1,3
78771,78774,78775,1,3
78771,78773,78774,1,2
78771,78774,78775,1,3
78771,78775,78776,1,4
78771,78774,78775,1,3
78771,78775,78776,1,4
78771,78775,78776,1,4
78771,78774,78775,1,3
78771,78775,78776,1,4
78771,78775,78776,1,4
78771,78774,78775,1,3
78771,78774,78775,1,3
78771,78774,78775,1,3
78771,78774,78775,1,3
78771,78775,78776,1,4
78771,78775,78776,1,4
78771,78775,78776,1,4
78771,78776,78777,1,5
78771,78776,78777,1,5
78771,78775,78776,1,4
78771,78776,78777,1,5
78771,78776,78777,1,5
78771,78776,78777,1,5
78771,78776,78777,1,5
78771,78776,78777,1,5
78771,78776,78777,1,5
78771,78776,78777,1,5
78771,78776,78777,1,5
78771,78776,78777,1,5
78771,78776,78777,1,5
78771,78776,78777,1,5
78771,78777,78778,1,6
78771,78777,78778,1,6
78771,78777,78778,1,6
78771,78777,78778,1,6
78771,78777,78778,1,6
78771,78777,78778,1,6
78771,78777,78778,1,6
78771,78777,78778,1,6
78771,78777,78778,1,6
78771,78777,78778,1,6
78771,78777,78778,1,6
78771,78777,78778,1,6
78771,78777,78778,1,6
78771,78777,78778,1,6
78771,78777,78778,1,6
78771,78778,78779,1,7
78771,78778,78779,1,7
78771,78778,78779,1,7
78771,78778,78779,1,7
78771,78778,78779,1,7
78771,78778,78779,1,7
78771,78778,78779,1,7
78771,78778,78779,1,7
78771,78778,78779,1,7
78771,78778,78779,1,7
78084,78091,78780,689,7
78799,78799,78800,1,0
78799,78799,78800,1,0
78799,78799,78800,1,0
78799,78799,78800,1,0
78799,78799,78800,1,0
78799,78799,78800,1,0
78799,78799,78800,1,0
78799,78799,78800,1,0
78799,78799,78800,1,0
78799,78799,78800,1,0
78799,78800,78801,1,1
78799,78800,78801,1,1
78799,78800,78801,1,1
78799,78800,78801,1,1
78799,78800,78801,1,1
78799,78800,78801,1,1
78799,78800,78801,1,1
78799,78800,78801,1,1
78799,78800,78801,1,1
78799,78800,78801,1,1
78799,78800,78801,1,1
78799,78800,78801,1,1
78799,78800,78801,1,1
78799,78800,78802,2,1
78799,78800,78802,2,1
78799,78801,78802,1,2
78799,78800,78801,1,1
78799,78800,78802,2,1
78799,78801,78802,1,2
78799,78801,78802,1,2
78799,78801,78802,1,2
78799,78801,78802,1,2
78799,78801,78802,1,2
78799,78801,78802,1,2
78799,78802,78803,1,3
78799,78801,78802,1,2
78799,78802,78803,1,3
78799,78801,78802,1,2
78799,78801,78802,1,2
78799,78801,78802,1,2
78799,78801,78802,1,2
78799,78802,78803,1,3
78799,78802,78803,1,3
78799,78802,78803,1,3
78799,78802,78804,2,3
78799,78802,78803,1,3
78799,78803,78804,1,4
78799,78803,78804,1,4
78799,78803,78804,1,4
78799,78803,78804,1,4
78799,78803,78804,1,4
78799,78803,78804,1,4
78799,78803,78804,1,4
78799,78803,78804,1,4
78799,78803,78804,1,4
78799,78803,78804,1,4
78799,78803,78804,1,4
78799,78803,78804,1,4
78799,78803,78804,1,4
78799,78803,78804,1,4
78799,78804,78805,1,5
78799,78804,78805,1,5
78799,78804,78805,1,5
78799,78804,78805,1,5
78799,78804,78805,1,5
78799,78804,78805,1,5
78799,78804,78805,1,5
78799,78804,78805,1,5
78799,78804,78805,1,5
78799,78804,78805,1,5
78799,78804,78805,1,5
78799,78804,78805,1,5
78799,78804,78805,1,5
78799,78804,78805,1,5
78799,78804,78805,1,5
78799,78804,78805,1,5
78799,78805,78806,1,6
78799,78805,78806,1,6
78799,78805,78806,1,6
78799,78805,78806,1,6
78799,78805,78806,1,6
78799,78805,78806,1,6
78799,78805,78806,1,6
78799,78805,78806,1,6
78799,78805,78806,1,6
78799,78805,78806,1,6
78799,78805,78806,1,6
78799,78805,78806,1,6
78799,78806,78807,1,7
78799,78804,78807,3,5
78326,78334,78818,484,8
78827,78827,78828,1,0
78827,78827,78828,1,0
78827,78827,78828,1,0
78827,78827,78828,1,0
78827,78827,78828,1,0
78827,78828,78829,1,1
78827,78828,78829,1,1
78827,78828,78829,1,1
78827,78828,78829,1,1
78827,78828,78829,1,1
78827,78828,78829,1,1
78827,78828,78830,2,1
78827,78828,78829,1,1
78827,78828,78829,1,1
78827,78828,78829,1,1
78827,78828,78829,1,1
78827,78828,78830,2,1
78827,78828,78830,2,1
78827,78828,78829,1,1
78827,78828,78830,2,1
78827,78829,78830,1,2
78827,78830,78831,1,3
78827,78830,78831,1,3
78827,78830,78831,1,3
78827,78830,78831,1,3
78827,78830,78831,1,3
78827,78830,78831,1,3
78827,78830,78831,1,3
78827,78830,78831,1,3
78827,78830,78831,1,3
78827,78830,78831,1,3
78827,78829,78830,1,2
78827,78829,78830,1,2
78827,78830,78831,1,3
78827,78830,78831,1,3
78827,78830,78831,1,3
78827,78830,78831,1,3
78827,78831,78832,1,4
78827,78831,78832,1,4
78827,78831,78832,1,4
78827,78831,78832,1,4
78827,78831,78832,1,4
78827,78831,78832,1,4
78827,78831,78832,1,4
78827,78831,78832,1,4
78827,78831,78832,1,4
78827,78831,78832,1,4
78827,78831,78832,1,4
78827,78831,78832,1,4
78827,78831,78832,1,4
78827,78831,78832,1,4
78827,78831,78832,1,4
78827,78831,78832,1,4
78827,78831,78832,1,4
78827,78832,78833,1,5
78827,78832,78833,1,5
78827,78832,78833,1,5
78827,78832,78833,1,5
78827,78832,78833,1,5
78827,78832,78833,1,5
78827,78832,78833,1,5
78827,78832,78833,1,5
78827,78832,78833,1,5
78827,78832,78833,1,5
78827,78832,78833,1,5
78827,78832,78833,1,5
78827,78832,78833,1,5
78827,78833,78834,1,6
78827,78833,78834,1,6
78827,78833,78834,1,6
78827,78833,78834,1,6
78827,78833,78834,1,6
78827,78833,78834,1,6
78827,78833,78834,1,6
78827,78833,78834,1,6
78827,78833,78834,1,6
78827,78833,78834,1,6
78827,78833,78834,1,6
78827,78833,78834,1,6
78827,78833,78834,1,6
78827,78833,78834,1,6
78827,78835,78836,1,8
78113,78128,78854,726,15
78855,78855,78856,1,0
78855,78855,78856,1,0
78855,78855,78856,1,0
78855,78855,78856,1,0
78855,78855,78856,1,0
78855,78855,78856,1,0
78855,78855,78856,1,0
78855,78855,78856,1,0
78855,78855,78856,1,0
78855,78855,78856,1,0
78855,78855,78856,1,0
78855,78855,78856,1,0
78855,78855,78857,2,0
78855,78855,78857,2,0
78855,78855,78857,2,0
78855,78855,78857,2,0
78855,78856,78858,2,1
78855,78856,78858,2,1
78855,78856,78858,2,1
78855,78856,78858,2,1
78855,78856,78858,2,1
78855,78856,78858,2,1
78855,78856,78858,2,1
78855,78856,78858,2,1
78855,78856,78858,2,1
78855,78856,78858,2,1
78855,78855,78859,4,0
78855,78857,78859,2,2
78855,78856,78858,2,1
78855,78856,78858,2,1
78855,78857,78859,2,2
78855,78857,78859,2,2
78855,78858,78860,2,3
78855,78858,78860,2,3
78855,78858,78860,2,3
78855,78858,78860,2,3
78855,78858,78860,2,3
78855,78858,78860,2,3
78855,78858,78860,2,3
78855,78858,78860,2,3
78855,78858,78860,2,3
78855,78858,78860,2,3
78855,78859,78860,1,4
78855,78859,78861,2,4
78855,78860,78861,1,5
78855,78860,78861,1,5
78855,78860,78861,1,5
78855,78859,78861,2,4
78855,78860,78861,1,5
78855,78860,78861,1,5
78855,78860,78861,1,5
78855,78860,78861,1,5
78855,78860,78861,1,5
78855,78860,78861,1,5
78855,78860,78861,1,5
78855,78861,78862,1,6
78855,78860,78862,2,5
78855,78861,78862,1,6
78855,78861,78862,1,6
78855,78861,78862,1,6
78855,78862,78863,1,7
78855,78862,78863,1,7
78855,78862,78863,1,7
78855,78863,78864,1,8
78855,78863,78864,1,8
78855,78863,78864,1,8
78855,78864,78865,1,9
78855,78864,78865,1,9
78855,78864,78865,1,9
78236,78244,78956,712,8
78958,78958,78959,1,0
78958,78958,78959,1,0
78958,78958,78959,1,0
78958,78958,78959,1,0
78958,78958,78959,1,0
78958,78958,78959,1,0
78958,78958,78959,1,0
78958,78958,78959,1,0
78958,78958,78959,1,0
78958,78958,78959,1,0
78958,78958,78959,1,0
78958,78958,78959,1,0
78958,78958,78959,1,0
78958,78958,78960,2,0
78958,78958,78960,2,0
78958,78959,78960,1,1
78958,78958,78959,1,0
78958,78959,78960,1,1
78958,78959,78961,2,1
78958,78959,78961,2,1
78958,78959,78961,2,1
78958,78960,78961,1,2
78958,78960,78961,1,2
78958,78960,78961,1,2
78958,78960,78961,1,2
78958,78960,78961,1,2
78958,78960,78961,1,2
78958,78960,78962,2,2
78958,78961,78962,1,3
78958,78961,78962,1,3
78958,78961,78962,1,3
78958,78961,78962,1,3
78958,78962,78963,1,4
78958,78961,78962,1,3
78958,78962,78963,1,4
78958,78962,78963,1,4
78958,78962,78963,1,4
78958,78962,78963,1,4
78958,78962,78963,1,4
78958,78963,78964,1,5
78958,78963,78964,1,5
78958,78962,78963,1,4
78958,78962,78963,1,4
78958,78963,78964,1,5
78958,78962,78963,1,4
78958,78962,78963,1,4
78958,78963,78964,1,5
78958,78964,78965,1,6
78958,78963,78964,1,5
78958,78963,78964,1,5
78958,78964,78965,1,6
78958,78964,78965,1,6
78958,78964,78965,1,6
78958,78965,78966,1,7
78958,78964,78965,1,6
78958,78965,78966,1,7
78958,78965,78966,1,7
78958,78965,78966,1,7
78958,78964,78965,1,6
78958,78965,78966,1,7
78958,78965,78966,1,7
78958,78965,78966,1,7
78958,78965,78966,1,7
78958,78965,78966,1,7
78958,78966,78967,1,8
78958,78966,78967,1,8
78958,78966,78967,1,8
78958,78966,78967,1,8
78958,78966,78967,1,8
78958,78966,78967,1,8
78958,78966,78967,1,8
78238,78253,78967,714,15
78958,78966,78967,1,8
78958,78960,78967,7,2
78958,78966,78967,1,8
78967,78968,78969,1,1
78967,78969,78970,1,2
78967,78969,78970,1,2
78967,78969,78970,1,2
78967,78969,78970,1,2
78967,78969,78970,1,2
78967,78969,78970,1,2
78967,78969,78970,1,2
78967,78969,78970,1,2
78967,78969,78970,1,2
78967,78969,78970,1,2
78967,78969,78970,1,2
78967,78969,78970,1,2
78967,78969,78970,1,2
78967,78969,78971,2,2
78967,78969,78971,2,2
78967,78970,78971,1,3
78967,78971,78972,1,4
78967,78971,78972,1,4
78967,78971,78972,1,4
78967,78970,78971,1,3
78967,78971,78972,1,4
78967,78971,78972,1,4
78967,78971,78972,1,4
78967,78971,78972,1,4
78967,78971,78972,1,4
78967,78972,78973,1,5
78967,78971,78972,1,4
78967,78971,78972,1,4
78967,78971,78972,1,4
78967,78971,78972,1,4
78967,78972,78973,1,5
78967,78972,78973,1,5
78967,78971,78972,1,4
78967,78971,78972,1,4
78967,78972,78973,1,5
78967,78968,78973,5,1
78967,78973,78974,1,6
78967,78973,78974,1,6
78967,78973,78974,1,6
78967,78973,78974,1,6
78967,78973,78974,1,6
78967,78973,78974,1,6
78967,78973,78974,1,6
78967,78973,78974,1,6
78967,78973,78974,1,6
78967,78973,78974,1,6
78967,78973,78974,1,6
78967,78973,78974,1,6
78967,78973,78974,1,6
78967,78973,78974,1,6
78967,78974,78975,1,7
78967,78974,78975,1,7
78967,78974,78975,1,7
78967,78974,78975,1,7
78967,78974,78975,1,7
78967,78974,78975,1,7
78967,78974,78975,1,7
78967,78974,78975,1,7
78967,78974,78975,1,7
78967,78974,78975,1,7
78967,78974,78975,1,7
78967,78974,78975,1,7
78967,78974,78975,1,7
78967,78974,78975,1,7
78967,78975,78976,1,8
78967,78975,78976,1,8
78967,78975,78976,1,8
78967,78975,78976,1,8
78967,78975,78976,1,8
78967,78975,78976,1,8
78967,78975,78976,1,8
78967,78975,78976,1,8
78967,78975,78976,1,8
78967,78975,78976,1,8
78967,78975,78976,1,8
78967,78975,78976,1,8
78514,78520,79001,481,6
79008,79008,79009,1,0
79008,79008,79009,1,0
79008,79008,79009,1,0
79008,79008,79009,1,0
79008,79009,79010,1,1
79008,79008,79010,2,0
79008,79010,79011,1,2
79008,79010,79011,1,2
79008,79009,79010,1,1
79008,79009,79010,1,1
79008,79009,79010,1,1
79008,79009,79010,1,1
79008,79009,79010,1,1
79008,79009,79010,1,1
79008,79009,79010,1,1
79008,79009,79010,1,1
79008,79009,79010,1,1
79008,79009,79010,1,1
79008,79010,79011,1,2
79008,79011,79012,1,3
79008,79008,79011,3,0
79008,79011,79012,1,3
79008,79011,79012,1,3
79008,79011,79012,1,3
79008,79011,79012,1,3
79008,79011,79012,1,3
79008,79012,79013,1,4
79008,79011,79012,1,3
79008,79012,79013,1,4
79008,79011,79012,1,3
79008,79012,79013,1,4
79008,79012,79013,1,4
79008,79012,79013,1,4
79008,79012,79013,1,4
79008,79012,79013,1,4
79008,79012,79013,1,4
79008,79012,79013,1,4
79008,79012,79014,2,4
79008,79013,79014,1,5
79008,79013,79014,1,5
79008,79013,79014,1,5
79008,79013,79014,1,5
79008,79013,79014,1,5
79008,79013,79014,1,5
79008,79013,79014,1,5
79008,79014,79015,1,6
79008,79014,79015,1,6
79008,79014,79015,1,6
79008,79014,79015,1,6
79008,79014,79015,1,6
79008,79014,79015,1,6
79008,79014,79015,1,6
79008,79014,79015,1,6
79008,79014,79015,1,6
79008,79014,79015,1,6
79008,79014,79015,1,6
79008,79014,79015,1,6
79008,79015,79016,1,7
79008,79015,79016,1,7
79008,79015,79016,1,7
79008,79015,79016,1,7
79008,79015,79016,1,7
79008,79015,79016,1,7
79008,79015,79016,1,7
79008,79013,79014,1,5
79008,79025,79026,1,17
78392,78398,79077,679,6
79079,79079,79080,1,0
79079,79079,79080,1,0
79079,79079,79080,1,0
78356,78361,79080,719,5
79079,79079,79080,1,0
79079,79079,79081,2,0
79079,79079,79081,2,0
79079,79079,79081,2,0
79079,79080,79081,1,1
79079,79080,79081,1,1
79079,79080,79081,1,1
79079,79080,79081,1,1
79079,79080,79082,2,1
79079,79080,79082,2,1
79079,79080,79082,2,1
79079,79080,79082,2,1
79079,79080,79081,1,1
79079,79080,79081,1,1
79079,79080,79081,1,1
79079,79080,79081,1,1
79079,79080,79081,1,1
79079,79082,79083,1,3
79079,79081,79083,2,2
79079,79081,79083,2,2
79079,79081,79082,1,2
79079,79082,79083,1,3
79079,79082,79083,1,3
79079,79082,79083,1,3
79079,79082,79083,1,3
79079,79081,79082,1,2
79079,79082,79083,1,3
79079,79082,79083,1,3
79079,79082,79083,1,3
79079,79082,79083,1,3
79079,79082,79083,1,3
79079,79081,79083,2,2
79079,79083,79084,1,4
79079,79083,79084,1,4
79079,79083,79084,1,4
79079,79083,79084,1,4
79079,79083,79084,1,4
79079,79082,79083,1,3
79079,79082,79083,1,3
79079,79082,79084,2,3
79079,79083,79084,1,4
79079,79083,79084,1,4
79079,79083,79084,1,4
79079,79083,79084,1,4
79079,79083,79084,1,4
79079,79084,79085,1,5
79079,79084,79085,1,5
79079,79083,79085,2,4
79079,79084,79085,1,5
79079,79083,79084,1,4
79079,79084,79085,1,5
79079,79083,79084,1,4
79079,79084,79085,1,5
79079,79084,79085,1,5
79079,79084,79085,1,5
79079,79084,79085,1,5
79079,79084,79085,1,5
79079,79084,79085,1,5
79079,79084,79085,1,5
79079,79085,79086,1,6
79079,79084,79085,1,5
79079,79084,79086,2,5
79079,79084,79085,1,5
79079,79085,79086,1,6
79079,79085,79086,1,6
79079,79085,79086,1,6
79079,79085,79086,1,6
79079,79085,79086,1,6
79079,79084,79085,1,5
79079,79085,79086,1,6
79079,79086,79087,1,7
79079,79086,79087,1,7
79079,79085,79087,2,6
79079,79086,79087,1,7
79079,79086,79087,1,7
79079,79086,79087,1,7
79079,79086,79087,1,7
79079,79086,79087,1,7
79079,79086,79087,1,7
79079,79085,79087,2,6
79082,79086,79087,1,4
79082,79087,79088,1,5
79079,79085,79088,3,6
79082,79087,79088,1,5
79082,79087,79088,1,5
79082,79087,79088,1,5
79082,79087,79088,1,5
79082,79087,79088,1,5
79082,79087,79088,1,5
79082,79087,79088,1,5
79082,79087,79088,1,5
79079,79086,79088,2,7
79082,79087,79089,2,5
79082,79088,79089,1,6
79082,79088,79089,1,6
79082,79088,79089,1,6
79082,79088,79089,1,6
79082,79088,79089,1,6
79082,79088,79090,2,6
79082,79089,79090,1,7
79082,79088,79089,1,6
79082,79088,79089,1,6
79082,79088,79090,2,6
79082,79088,79090,2,6
79082,79088,79090,2,6
79082,79088,79090,2,6
79082,79088,79090,2,6
79082,79088,79090,2,6
79082,79088,79090,2,6
79082,79090,79091,1,8
79082,79090,79091,1,8
79082,79090,79091,1,8
79082,79090,79091,1,8
79082,79090,79091,1,8
79082,79090,79091,1,8
79082,79090,79091,1,8
79082,79090,79091,1,8
79082,79090,79091,1,8
79082,79090,79091,1,8
79082,79090,79091,1,8
79082,79090,79091,1,8
79082,79091,79092,1,9
79082,79091,79092,1,9
79082,79091,79092,1,9
79082,79091,79092,1,9
79082,79091,79092,1,9
79082,79091,79092,1,9
79082,79091,79092,1,9
79082,79091,79092,1,9
79082,79091,79092,1,9
79082,79091,79092,1,9
79082,79091,79092,1,9
79082,79090,79092,2,8
79082,79090,79092,2,8
79082,79091,79092,1,9
79082,79091,79092,1,9
79082,79092,79093,1,10
79082,79092,79093,1,10
79082,79092,79093,1,10
79082,79092,79093,1,10
79082,79092,79093,1,10
79082,79092,79093,1,10
79082,79092,79093,1,10
79082,79092,79093,1,10
79082,79092,79093,1,10
79082,79093,79094,1,11
79082,79093,79094,1,11
79082,79093,79094,1,11
79082,79094,79095,1,12
79082,79094,79095,1,12
78639,78651,79132,481,12
79134,79134,79135,1,0
79134,79134,79135,1,0
79134,79134,79135,1,0
79134,79134,79135,1,0
79134,79134,79135,1,0
79134,79134,79135,1,0
79134,79134,79135,1,0
79134,79134,79135,1,0
79134,79134,79135,1,0
79134,79134,79135,1,0
79134,79134,79135,1,0
79134,79134,79136,2,0
79134,79134,79135,1,0
79134,79134,79136,2,0
79134,79134,79136,2,0
79134,79135,79137,2,1
79134,79135,79137,2,1
79134,79135,79137,2,1
79134,79135,79136,1,1
79134,79135,79137,2,1
79134,79135,79137,2,1
79134,79135,79137,2,1
79134,79135,79137,2,1
79134,79135,79137,2,1
79134,79135,79137,2,1
79134,79135,79137,2,1
79134,79134,79137,3,0
79134,79136,79138,2,2
79134,79136,79138,2,2
79134,79137,79138,1,3
79134,79137,79138,1,3
79134,79137,79138,1,3
79134,79137,79138,1,3
79134,79137,79138,1,3
79134,79136,79138,2,2
79134,79136,79139,3,2
79134,79138,79139,1,4
79134,79138,79139,1,4
79134,79138,79139,1,4
79134,79138,79139,1,4
79134,79137,79139,2,3
79134,79138,79139,1,4
79134,79138,79139,1,4
79134,79138,79139,1,4
79134,79139,79140,1,5
79134,79139,79140,1,5
79134,79138,79140,2,4
79134,79138,79140,2,4
79134,79138,79140,2,4
79134,79139,79140,1,5
79134,79139,79140,1,5
79134,79140,79141,1,6
79134,79140,79141,1,6
79134,79139,79141,2,5
79134,79141,79142,1,7
79134,79141,79142,1,7
79134,79141,79142,1,7
79134,79141,79142,1,7
79134,79141,79142,1,7
79134,79142,79143,1,8
79134,79142,79143,1,8
79134,79142,79143,1,8
79134,79142,79143,1,8
79134,79141,79143,2,7
79134,79143,79144,1,9
79134,79134,79144,10,0
78400,78406,79219,813,6
79219,79219,79220,1,0
79219,79219,79220,1,0
79219,79219,79220,1,0
79219,79219,79220,1,0
78721,78727,79220,493,6
79219,79219,79220,1,0
79219,79219,79220,1,0
79219,79219,79220,1,0
79219,79219,79220,1,0
79219,79219,79220,1,0
79219,79219,79220,1,0
79219,79219,79221,2,0
79219,79219,79221,2,0
79219,79220,79221,1,1
79219,79220,79221,1,1
79219,79221,79222,1,2
79219,79220,79222,2,1
79219,79221,79222,1,2
79219,79221,79222,1,2
79219,79221,79222,1,2
79219,79221,79222,1,2
79219,79221,79222,1,2
79219,79221,79222,1,2
79219,79221,79222,1,2
79219,79221,79222,1,2
79219,79221,79222,1,2
79219,79221,79222,1,2
79219,79221,79222,1,2
79219,79222,79223,1,3
79219,79222,79223,1,3
79219,79222,79223,1,3
79219,79222,79224,2,3
79219,79222,79223,1,3
79219,79222,79223,1,3
79219,79223,79224,1,4
79219,79223,79224,1,4
79219,79223,79224,1,4
79219,79223,79224,1,4
79219,79223,79224,1,4
79219,79223,79224,1,4
79219,79223,79224,1,4
79219,79223,79224,1,4
79219,79223,79224,1,4
79219,79223,79224,1,4
79219,79223,79224,1,4
79219,79223,79225,2,4
79219,79224,79225,1,5
79219,79224,79225,1,5
79219,79224,79226,2,5
79219,79225,79226,1,6
79219,79225,79226,1,6
79219,79224,79225,1,5
79219,79224,79225,1,5
79219,79224,79225,1,5
79219,79225,79226,1,6
79219,79225,79226,1,6
79219,79225,79226,1,6
79219,79225,79226,1,6
79219,79225,79226,1,6
79219,79225,79226,1,6
79219,79225,79226,1,6
79219,79226,79227,1,7
79219,79226,79227,1,7
79219,79226,79227,1,7
79219,79226,79227,1,7
79219,79225,79226,1,6
79219,79225,79226,1,6
79219,79226,79227,1,7
79219,79226,79227,1,7
79219,79226,79227,1,7
79219,79227,79228,1,8
79219,79226,79227,1,7
79219,79226,79227,1,7
79219,79226,79227,1,7
79219,79227,79228,1,8
79219,79227,79228,1,8
79219,79227,79228,1,8
79219,79227,79228,1,8
79219,79227,79228,1,8
79219,79227,79228,1,8
79219,79227,79228,1,8
79219,79227,79228,1,8
79219,79228,79229,1,9
79219,79228,79229,1,9
79219,79228,79229,1,9
79219,79227,79228,1,8
79219,79228,79229,1,9
79219,79227,79228,1,8
79222,79228,79229,1,6
79222,79228,79229,1,6
79222,79228,79229,1,6
79222,79228,79229,1,6
79222,79229,79230,1,7
79222,79229,79230,1,7
79222,79229,79230,1,7
79222,79229,79230,1,7
79222,79229,79230,1,7
78471,78478,79230,752,7
78748,78753,79230,477,5
79222,79229,79230,1,7
79222,79229,79230,1,7
79222,79230,79231,1,8
79222,79229,79231,2,7
79222,79229,79231,2,7
79222,79229,79230,1,7
79222,79229,79230,1,7
79222,79230,79231,1,8
79222,79230,79231,1,8
79222,79230,79231,1,8
79222,79230,79231,1,8
79222,79230,79231,1,8
79222,79230,79232,2,8
79222,79230,79231,1,8
79222,79230,79231,1,8
79222,79230,79232,2,8
79222,79230,79231,1,8
79222,79231,79232,1,9
79222,79231,79232,1,9
79222,79231,79232,1,9
79222,79231,79232,1,9
79222,79231,79232,1,9
79222,79231,79233,2,9
79222,79231,79233,2,9
79222,79231,79233,2,9
79222,79231,79233,2,9
79222,79231,79233,2,9
79222,79232,79233,1,10
79222,79232,79233,1,10
79222,79232,79234,2,10
79222,79232,79234,2,10
79222,79232,79234,2,10
79222,79232,79233,1,10
79222,79232,79233,1,10
79222,79232,79234,2,10
79222,79232,79233,1,10
79222,79233,79234,1,11
79222,79233,79234,1,11
79222,79233,79234,1,11
79222,79232,79234,2,10
79222,79234,79235,1,12
79222,79234,79235,1,12
79222,79234,79235,1,12
79222,79233,79235,2,11
79222,79234,79235,1,12
79222,79234,79235,1,12
79222,79234,79235,1,12
79222,79232,79234,2,10
79222,79234,79235,1,12
79222,79233,79235,2,11
79222,79233,79234,1,11
79222,79233,79234,1,11
79222,79234,79235,1,12
79222,79233,79234,1,11
79222,79234,79235,1,12
79222,79234,79235,1,12
79222,79234,79235,1,12
79222,79235,79236,1,13
79222,79235,79236,1,13
79222,79234,79235,1,12
79222,79235,79236,1,13
79222,79235,79236,1,13
79222,79235,79236,1,13
79222,79235,79236,1,13
79222,79235,79236,1,13
79222,79235,79236,1,13
79222,79235,79236,1,13
79222,79235,79236,1,13
79222,79235,79236,1,13
79222,79235,79236,1,13
79222,79235,79236,1,13
79222,79235,79236,1,13
79222,79235,79236,1,13
79222,79235,79236,1,13
79222,79235,79236,1,13
79222,79235,79236,1,13
79222,79236,79237,1,14
79222,79236,79237,1,14
79222,79236,79237,1,14
79222,79236,79237,1,14
79222,79236,79237,1,14
79222,79236,79237,1,14
79222,79236,79237,1,14
79222,79236,79237,1,14
79222,79236,79237,1,14
79222,79236,79237,1,14
79252,79252,79253,1,0
79252,79252,79253,1,0
79252,79252,79253,1,0
79252,79253,79254,1,1
79252,79253,79254,1,1
79252,79253,79254,1,1
79252,79253,79254,1,1
79252,79253,79254,1,1
79252,79253,79254,1,1
79252,79253,79254,1,1
78462,78469,79255,786,7
79252,79252,79254,2,0
79252,79253,79254,1,1
79252,79253,79254,1,1
79252,79254,79255,1,2
79252,79254,79255,1,2
79252,79254,79255,1,2
79252,79253,79254,1,1
79252,79254,79255,1,2
79252,79254,79255,1,2
79252,79254,79255,1,2
79252,79255,79256,1,3
79252,79255,79256,1,3
79252,79255,79256,1,3
79252,79255,79256,1,3
79252,79254,79255,1,2
79252,79254,79255,1,2
79252,79255,79256,1,3
79252,79255,79256,1,3
79252,79255,79256,1,3
79252,79255,79256,1,3
79252,79255,79256,1,3
79252,79256,79257,1,4
79252,79256,79257,1,4
79252,79256,79257,1,4
79252,79256,79257,1,4
79252,79256,79257,1,4
79252,79256,79257,1,4
79252,79256,79257,1,4
79252,79256,79257,1,4
79252,79256,79257,1,4
79252,79256,79257,1,4
79252,79254,79257,3,2
79252,79257,79258,1,5
79252,79257,79258,1,5
79252,79257,79258,1,5
79252,79257,79258,1,5
79252,79257,79258,1,5
79252,79257,79258,1,5
79252,79257,79258,1,5
79252,79257,79258,1,5
79252,79257,79258,1,5
79252,79257,79258,1,5
79252,79257,79258,1,5
79252,79257,79258,1,5
79252,79257,79258,1,5
79252,79256,79257,1,4
79252,79256,79257,1,4
79252,79256,79257,1,4
79252,79256,79257,1,4
79252,79257,79258,1,5
79252,79258,79259,1,6
79252,79258,79259,1,6
79252,79258,79259,1,6
79252,79258,79259,1,6
79252,79258,79259,1,6
79252,79258,79259,1,6
79252,79258,79259,1,6
79252,79258,79259,1,6
79252,79258,79259,1,6
79252,79258,79259,1,6
79252,79258,79259,1,6
79252,79258,79259,1,6
79252,79258,79259,1,6
79252,79258,79259,1,6
79252,79258,79259,1,6
79252,79258,79259,1,6
79252,79259,79260,1,7
79252,79259,79260,1,7
79252,79259,79260,1,7
79252,79259,79261,2,7
79252,79259,79261,2,7
79252,79259,79260,1,7
79252,79259,79261,2,7
79252,79259,79260,1,7
79252,79259,79260,1,7
79252,79259,79261,2,7
79252,79259,79261,2,7
79252,79259,79261,2,7
79252,79260,79261,1,8
79252,79260,79261,1,8
79252,79260,79261,1,8
79252,79260,79261,1,8
79252,79260,79261,1,8
79252,79259,79261,2,7
79252,79260,79261,1,8
79252,79261,79263,2,9
78772,78778,79263,485,6
79252,79261,79263,2,9
79252,79261,79263,2,9
79252,79261,79263,2,9
79252,79261,79263,2,9
79252,79261,79263,2,9
79252,79261,79263,2,9
79252,79261,79263,2,9
79252,79258,79263,5,6
79252,79262,79264,2,10
79252,79262,79264,2,10
79252,79262,79264,2,10
79252,79262,79264,2,10
79252,79262,79264,2,10
79252,79261,79263,2,9
79252,79261,79263,2,9
79252,79262,79264,2,10
79252,79262,79264,2,10
79252,79263,79264,1,11
79252,79263,79264,1,11
79252,79263,79264,1,11
79252,79264,79265,1,12
79252,79264,79265,1,12
79252,79264,79265,1,12
79252,79264,79265,1,12
79252,79264,79265,1,12
79252,79263,79265,2,11
79252,79264,79265,1,12
79252,79263,79265,2,11
79252,79263,79264,1,11
79252,79264,79265,1,12
79252,79263,79265,2,11
79252,79264,79265,1,12
79252,79264,79265,1,12
79252,79263,79265,2,11
79252,79263,79265,2,11
79252,79264,79265,1,12
79252,79264,79265,1,12
79252,79264,79265,1,12
79252,79265,79266,1,13
79252,79265,79266,1,13
79252,79265,79266,1,13
79252,79265,79266,1,13
79252,79265,79266,1,13
79252,79265,79266,1,13
79252,79265,79266,1,13
79252,79265,79266,1,13
79252,79265,79266,1,13
79252,79265,79266,1,13
79252,79266,79267,1,14
79252,79266,79267,1,14
79252,79266,79267,1,14
79252,79266,79267,1,14
79252,79266,79267,1,14
79252,79266,79267,1,14
79252,79266,79267,1,14
79252,79266,79267,1,14
79252,79266,79267,1,14
79252,79266,79267,1,14
79252,79266,79267,1,14
79252,79266,79267,1,14
79252,79261,79267,6,9
79252,79264,79271,7,12
79270,79270,79271,1,0
79270,79270,79271,1,0
79270,79270,79271,1,0
79270,79270,79271,1,0
79270,79270,79271,1,0
79270,79270,79271,1,0
79270,79270,79271,1,0
79270,79270,79271,1,0
79270,79270,79271,1,0
79270,79270,79271,1,0
79270,79270,79271,1,0
79270,79270,79271,1,0
79270,79271,79272,1,1
79270,79271,79272,1,1
79270,79271,79272,1,1
79270,79271,79272,1,1
79270,79271,79272,1,1
79270,79271,79272,1,1
79270,79271,79272,1,1
79270,79271,79272,1,1
79270,79271,79272,1,1
79270,79271,79272,1,1
79270,79271,79272,1,1
79270,79271,79272,1,1
79270,79271,79272,1,1
79270,79271,79272,1,1
79270,79271,79272,1,1
79270,79272,79273,1,2
79270,79272,79273,1,2
79270,79272,79273,1,2
79270,79272,79273,1,2
79270,79272,79273,1,2
79270,79272,79273,1,2
79270,79272,79273,1,2
79270,79272,79273,1,2
79270,79272,79273,1,2
79270,79271,79272,1,1
79270,79273,79274,1,3
79270,79272,79273,1,2
79270,79273,79274,1,3
79270,79273,79274,1,3
79270,79273,79274,1,3
79270,79273,79274,1,3
79270,79273,79274,1,3
79270,79272,79273,1,2
79270,79273,79274,1,3
79270,79273,79274,1,3
79270,79273,79274,1,3
79270,79273,79274,1,3
79270,79273,79274,1,3
79270,79273,79274,1,3
79270,79273,79274,1,3
79270,79273,79274,1,3
79270,79274,79275,1,4
79270,79274,79275,1,4
79270,79274,79275,1,4
79270,79274,79275,1,4
79270,79274,79275,1,4
79270,79274,79275,1,4
79270,79274,79275,1,4
79270,79274,79275,1,4
79270,79274,79275,1,4
79270,79274,79275,1,4
79270,79274,79275,1,4
79270,79274,79275,1,4
79270,79275,79276,1,5
79270,79275,79276,1,5
79270,79275,79276,1,5
79270,79275,79276,1,5
79270,79275,79276,1,5
79270,79275,79276,1,5
79270,79275,79276,1,5
79270,79275,79276,1,5
79270,79275,79276,1,5
79270,79276,79277,1,6
79270,79276,79277,1,6
79270,79276,79277,1,6
79270,79276,79277,1,6
79270,79276,79277,1,6
79270,79276,79277,1,6
79270,79276,79277,1,6
79270,79276,79277,1,6
79270,79277,79278,1,7
79270,79277,79278,1,7
79270,79277,79278,1,7
79270,79277,79278,1,7
79270,79277,79278,1,7
79270,79278,79279,1,8
79270,79278,79279,1,8
79270,79278,79279,1,8
79270,79278,79279,1,8
79270,79278,79279,1,8
78544,78552,79280,728,8
79270,79278,79280,2,8
79270,79278,79280,2,8
79270,79279,79280,1,9
79270,79279,79280,1,9
79270,79278,79280,2,8
79270,79279,79280,1,9
79270,79279,79280,1,9
79270,79278,79280,2,8
79270,79280,79281,1,10
79270,79280,79281,1,10
79270,79278,79280,2,8
79270,79278,79280,2,8
79270,79278,79280,2,8
79270,79279,79281,2,9
79270,79280,79281,1,10
79270,79280,79281,1,10
79270,79280,79281,1,10
79270,79280,79281,1,10
79270,79280,79282,2,10
79270,79280,79282,2,10
79270,79280,79282,2,10
79270,79281,79282,1,11
79270,79281,79282,1,11
79270,79281,79283,2,11
79270,79281,79282,1,11
79270,79281,79282,1,11
79270,79271,79282,11,1
79270,79281,79283,2,11
79270,79281,79283,2,11
79270,79281,79283,2,11
79270,79281,79283,2,11
79270,79281,79284,3,11
79270,79282,79283,1,12
79270,79282,79283,1,12
79270,79282,79283,1,12
79270,79282,79283,1,12
79270,79283,79284,1,13
79270,79282,79283,1,12
79270,79282,79283,1,12
79270,79283,79284,1,13
79270,79283,79284,1,13
79270,79283,79284,1,13
79270,79283,79284,1,13
79270,79284,79285,1,14
79270,79283,79284,1,13
79270,79283,79284,1,13
79270,79283,79284,1,13
79270,79284,79285,1,14
79270,79284,79285,1,14
79270,79284,79285,1,14
79270,79284,79285,1,14
79270,79284,79285,1,14
78578,78585,79285,700,7
79270,79284,79285,1,14
79270,79284,79285,1,14
79270,79282,79285,3,12
79270,79285,79286,1,15
79270,79285,79286,1,15
79270,79285,79286,1,15
79270,79285,79286,1,15
79270,79285,79286,1,15
79270,79285,79286,1,15
79270,79285,79286,1,15
79270,79285,79286,1,15
79270,79285,79286,1,15
79270,79283,79286,3,13
79270,79286,79287,1,16
79307,79307,79308,1,0
79307,79307,79308,1,0
79307,79307,79308,1,0
79307,79307,79308,1,0
79307,79307,79308,1,0
79307,79307,79308,1,0
79307,79307,79308,1,0
79307,79307,79308,1,0
79307,79307,79308,1,0
79307,79307,79308,1,0
79307,79307,79308,1,0
79307,79307,79308,1,0
79307,79307,79308,1,0
79307,79307,79308,1,0
79307,79307,79308,1,0
79307,79308,79309,1,1
79307,79308,79309,1,1
79307,79308,79309,1,1
79307,79308,79309,1,1
79307,79308,79309,1,1
79307,79307,79308,1,0
79307,79308,79309,1,1
79307,79308,79309,1,1
79307,79308,79309,1,1
79307,79308,79309,1,1
79307,79308,79309,1,1
79307,79308,79309,1,1
79307,79309,79310,1,2
79307,79308,79309,1,1
79307,79308,79309,1,1
79307,79309,79310,1,2
79307,79309,79310,1,2
79307,79309,79310,1,2
79307,79309,79310,1,2
79307,79308,79309,1,1
79307,79309,79310,1,2
79307,79309,79310,1,2
79307,79309,79310,1,2
79307,79309,79310,1,2
79307,79309,79310,1,2
79307,79309,79310,1,2
79307,79309,79310,1,2
79307,79309,79310,1,2
79307,79309,79310,1,2
79307,79309,79310,1,2
79307,79309,79310,1,2
79307,79309,79310,1,2
79307,79310,79311,1,3
79307,79310,79311,1,3
79307,79310,79311,1,3
79307,79310,79311,1,3
79307,79310,79311,1,3
79307,79310,79311,1,3
79307,79310,79311,1,3
79307,79310,79311,1,3
79307,79310,79311,1,3
79307,79310,79311,1,3
79307,79310,79311,1,3
79307,79310,79311,1,3
79307,79310,79311,1,3
79307,79310,79311,1,3
79307,79310,79311,1,3
79307,79310,79311,1,3
79307,79311,79312,1,4
79307,79311,79312,1,4
79307,79311,79312,1,4
79307,79311,79312,1,4
79307,79311,79312,1,4
79307,79311,79312,1,4
79307,79311,79312,1,4
79307,79311,79312,1,4
79307,79311,79312,1,4
79307,79311,79312,1,4
79307,79311,79312,1,4
79307,79311,79312,1,4
79307,79311,79312,1,4
79307,79312,79313,1,5
79307,79312,79313,1,5
79307,79312,79313,1,5
79307,79312,79313,1,5
79307,79312,79313,1,5
79307,79312,79313,1,5
79307,79312,79313,1,5
79307,79312,79313,1,5
79307,79312,79313,1,5
79331,79331,79332,1,0
79331,79331,79332,1,0
79331,79331,79332,1,0
79331,79331,79332,1,0
79331,79331,79332,1,0
79331,79331,79332,1,0
79331,79331,79332,1,0
79331,79331,79332,1,0
79331,79331,79332,1,0
79331,79331,79332,1,0
78828,78834,79332,498,6
79331,79331,79332,1,0
79331,79331,79333,2,0
79331,79331,79333,2,0
79331,79332,79333,1,1
79331,79332,79333,1,1
79331,79332,79333,1,1
79331,79332,79334,2,1
79331,79332,79333,1,1
79331,79332,79333,1,1
79331,79332,79333,1,1
79331,79333,79334,1,2
79331,79333,79334,1,2
79331,79332,79333,1,1
79331,79332,79333,1,1
79331,79332,79333,1,1
79331,79331,79334,3,0
79331,79333,79334,1,2
79331,79332,79333,1,1
79331,79332,79333,1,1
79331,79332,79333,1,1
79331,79333,79334,1,2
79331,79332,79334,2,1
79331,79334,79335,1,3
79331,79334,79335,1,3
79331,79334,79335,1,3
79331,79334,79335,1,3
79331,79333,79334,1,2
79331,79334,79335,1,3
79331,79334,79335,1,3
79331,79334,79335,1,3
79331,79334,79335,1,3
79331,79333,79334,1,2
79331,79333,79335,2,2
79331,79334,79335,1,3
79331,79334,79335,1,3
79331,79334,79335,1,3
79331,79332,79334,2,1
79331,79334,79335,1,3
79331,79335,79336,1,4
79331,79335,79336,1,4
79331,79335,79336,1,4
79331,79335,79336,1,4
79331,79335,79336,1,4
79331,79335,79336,1,4
79331,79335,79336,1,4
79331,79335,79336,1,4
79331,79335,79336,1,4
79331,79335,79336,1,4
79331,79335,79336,1,4
79331,79336,79337,1,5
79331,79336,79337,1,5
79331,79336,79337,1,5
79331,79336,79337,1,5
79331,79336,79337,1,5
79331,79336,79337,1,5
79331,79336,79337,1,5
79331,79336,79337,1,5
79331,79336,79337,1,5
79331,79336,79337,1,5
79331,79336,79337,1,5
79331,79337,79338,1,6
79331,79337,79338,1,6
79331,79337,79338,1,6
79331,79337,79338,1,6
79331,79337,79338,1,6
79342,79342,79343,1,0
79342,79342,79343,1,0
79342,79342,79343,1,0
79342,79342,79343,1,0
79342,79342,79343,1,0
79342,79342,79343,1,0
79342,79342,79343,1,0
79342,79342,79343,1,0
79342,79342,79343,1,0
79342,79342,79343,1,0
79342,79342,79343,1,0
79342,79342,79343,1,0
79342,79342,79344,2,0
79342,79342,79343,1,0
79342,79342,79344,2,0
79342,79342,79344,2,0
78607,78614,79345,731,7
79342,79343,79344,1,1
79342,79343,79344,1,1
79342,79343,79345,2,1
79342,79343,79344,1,1
79342,79343,79344,1,1
79342,79343,79344,1,1
79342,79343,79345,2,1
79342,79343,79345,2,1
79342,79343,79345,2,1
79342,79343,79345,2,1
79342,79342,79345,3,0
79342,79345,79346,1,3
79342,79345,79346,1,3
79342,79345,79346,1,3
79342,79345,79346,1,3
79342,79344,79345,1,2
79342,79345,79346,1,3
79342,79345,79346,1,3
79342,79344,79345,1,2
79342,79344,79346,2,2
79342,79343,79345,2,1
79342,79343,79345,2,1
79342,79345,79346,1,3
79342,79345,79346,1,3
79342,79344,79346,2,2
79342,79344,79346,2,2
79342,79345,79347,2,3
79342,79345,79346,1,3
79342,79346,79347,1,4
79342,79346,79347,1,4
79342,79346,79347,1,4
79342,79345,79346,1,3
79342,79346,79347,1,4
79342,79347,79348,1,5
79342,79347,79348,1,5
79342,79347,79348,1,5
79342,79346,79347,1,4
79342,79347,79348,1,5
79342,79346,79347,1,4
79342,79346,79347,1,4
79342,79346,79348,2,4
79342,79346,79348,2,4
79342,79346,79348,2,4
79342,79347,79348,1,5
79342,79346,79348,2,4
79342,79348,79349,1,6
79342,79347,79348,1,5
79342,79347,79348,1,5
79342,79347,79348,1,5
79342,79348,79349,1,6
79342,79342,79349,7,0
79342,79347,79348,1,5
79342,79348,79349,1,6
79342,79348,79349,1,6
79342,79348,79349,1,6
79342,79348,79349,1,6
79342,79348,79349,1,6
79342,79348,79349,1,6
79342,79348,79349,1,6
79342,79348,79349,1,6
79342,79349,79350,1,7
79342,79349,79350,1,7
79342,79349,79350,1,7
79342,79349,79350,1,7
79342,79349,79350,1,7
79342,79349,79350,1,7
79342,79349,79350,1,7
79342,79349,79350,1,7
79342,79349,79350,1,7
79342,79350,79352,2,8
79361,79361,79362,1,0
79361,79361,79362,1,0
79361,79361,79362,1,0
79361,79362,79363,1,1
79361,79362,79363,1,1
79361,79362,79363,1,1
79361,79361,79364,3,0
79361,79362,79364,2,1
79361,79362,79363,1,1
79361,79362,79363,1,1
79361,79361,79363,2,0
79361,79362,79363,1,1
79361,79361,79364,3,0
79361,79362,79363,1,1
79361,79362,79363,1,1
79361,79363,79364,1,2
79361,79362,79363,1,1
79361,79362,79363,1,1
79361,79362,79363,1,1
79361,79362,79363,1,1
79361,79362,79363,1,1
79361,79361,79364,3,0
79361,79364,79365,1,3
79361,79363,79364,1,2
79361,79364,79365,1,3
79361,79364,79365,1,3
79361,79364,79365,1,3
79361,79364,79365,1,3
79361,79363,79364,1,2
79361,79364,79365,1,3
79361,79364,79365,1,3
79361,79364,79365,1,3
79361,79364,79365,1,3
79361,79364,79365,1,3
79361,79365,79366,1,4
79361,79364,79365,1,3
79361,79364,79365,1,3
79361,79364,79365,1,3
79361,79364,79365,1,3
79361,79364,79365,1,3
79361,79365,79366,1,4
79361,79365,79366,1,4
79361,79365,79366,1,4
79361,79365,79366,1,4
79361,79365,79366,1,4
79361,79365,79366,1,4
79361,79365,79366,1,4
79361,79361,79366,5,0
79361,79365,79366,1,4
79361,79366,79367,1,5
79361,79366,79367,1,5
79361,79366,79367,1,5
79361,79366,79367,1,5
79361,79366,79367,1,5
79361,79366,79367,1,5
79361,79366,79367,1,5
79361,79366,79367,1,5
79361,79366,79367,1,5
79361,79366,79367,1,5
79361,79366,79367,1,5
79361,79365,79367,2,4
79361,79365,79366,1,4
79361,79366,79367,1,5
79361,79366,79367,1,5
79361,79367,79368,1,6
79361,79367,79368,1,6
79361,79367,79368,1,6
79361,79367,79368,1,6
79361,79367,79368,1,6
79361,79367,79368,1,6
79361,79367,79368,1,6
79361,79367,79368,1,6
79361,79367,79368,1,6
79361,79367,79368,1,6
79361,79366,79368,2,5
79361,79367,79368,1,6
79361,79367,79368,1,6
79361,79368,79369,1,7
79361,79368,79369,1,7
79361,79368,79369,1,7
79361,79368,79369,1,7
79361,79368,79369,1,7
79361,79368,79369,1,7
79361,79370,79374,4,9
79361,79366,79386,20,5
78637,78643,79418,775,6
79420,79421,79422,1,1
79420,79421,79422,1,1
79420,79421,79422,1,1
79420,79421,79422,1,1
79420,79421,79422,1,1
79420,79421,79422,1,1
79420,79422,79423,1,2
79420,79422,79423,1,2
79420,79422,79423,1,2
79420,79422,79423,1,2
79420,79422,79423,1,2
79420,79421,79422,1,1
79420,79422,79423,1,2
79420,79423,79424,1,3
79420,79423,79424,1,3
79420,79423,79424,1,3
79420,79422,79423,1,2
79420,79422,79423,1,2
79420,79422,79423,1,2
79420,79423,79424,1,3
79420,79423,79424,1,3
79420,79423,79424,1,3
79420,79423,79424,1,3
79420,79423,79424,1,3
79420,79423,79424,1,3
79420,79423,79424,1,3
79420,79423,79424,1,3
79420,79424,79425,1,4
79420,79424,79425,1,4
79420,79424,79425,1,4
79420,79424,79425,1,4
79420,79423,79424,1,3
79420,79424,79425,1,4
79420,79425,79426,1,5
79420,79425,79426,1,5
79420,79425,79426,1,5
79420,79425,79426,1,5
79420,79424,79425,1,4
79420,79424,79425,1,4
79420,79424,79425,1,4
79420,79425,79426,1,5
79420,79425,79426,1,5
79420,79425,79426,1,5
79420,79426,79427,1,6
79420,79425,79426,1,5
79420,79426,79427,1,6
79420,79426,79427,1,6
79420,79426,79427,1,6
79420,79426,79427,1,6
79420,79425,79426,1,5
79420,79427,79428,1,7
79420,79427,79428,1,7
79420,79427,79428,1,7
79420,79427,79428,1,7
79420,79427,79428,1,7
79420,79427,79428,1,7
79420,79427,79428,1,7
79420,79427,79428,1,7
79420,79427,79428,1,7
79420,79427,79428,1,7
79420,79428,79429,1,8
79420,79428,79429,1,8
78690,78697,79445,748,7
79446,79446,79447,1,0
79446,79446,79447,1,0
79446,79446,79447,1,0
79446,79446,79447,1,0
79446,79446,79447,1,0
79446,79446,79447,1,0
79446,79446,79447,1,0
79446,79446,79447,1,0
79446,79446,79447,1,0
79446,79446,79447,1,0
79446,79446,79447,1,0
79446,79446,79447,1,0
79446,79446,79448,2,0
79446,79446,79448,2,0
79446,79447,79448,1,1
79446,79446,79448,2,0
79446,79446,79448,2,0
79446,79447,79449,2,1
79446,79447,79449,2,1
79446,79447,79449,2,1
79446,79447,79449,2,1
79446,79447,79449,2,1
79446,79447,79449,2,1
79446,79447,79449,2,1
79446,79448,79449,1,2
79446,79448,79449,1,2
79446,79448,79449,1,2
79446,79447,79450,3,1
79446,79448,79450,2,2
79446,79448,79450,2,2
79446,79448,79450,2,2
79446,79449,79450,1,3
79446,79450,79451,1,4
79446,79450,79451,1,4
79446,79450,79451,1,4
79446,79450,79451,1,4
79446,79450,79451,1,4
79446,79450,79451,1,4
79446,79450,79451,1,4
79446,79450,79452,2,4
79446,79450,79451,1,4
79446,79450,79451,1,4
79446,79450,79451,1,4
79446,79451,79452,1,5
79446,79451,79452,1,5
79446,79451,79452,1,5
79446,79451,79453,2,5
79446,79450,79452,2,4
79446,79452,79453,1,6
79446,79452,79453,1,6
79446,79450,79453,3,4
79446,79452,79453,1,6
79446,79452,79453,1,6
79446,79452,79453,1,6
79446,79452,79453,1,6
79446,79453,79454,1,7
79446,79452,79453,1,6
79446,79452,79453,1,6
79446,79452,79453,1,6
79446,79452,79453,1,6
79446,79452,79453,1,6
79446,79453,79454,1,7
79446,79453,79454,1,7
79446,79454,79455,1,8
79446,79454,79455,1,8
79446,79454,79455,1,8
79446,79455,79456,1,9
79446,79455,79456,1,9
79446,79455,79456,1,9
78960,78967,79470,503,7
79476,79476,79477,1,0
79476,79476,79477,1,0
79476,79476,79477,1,0
79476,79476,79477,1,0
79476,79476,79477,1,0
79476,79476,79477,1,0
79476,79476,79477,1,0
79476,79476,79477,1,0
79476,79476,79477,1,0
79476,79476,79477,1,0
79476,79476,79478,2,0
79476,79477,79478,1,1
79476,79476,79477,1,0
79476,79476,79477,1,0
79476,79477,79478,1,1
79476,79476,79477,1,0
79476,79477,79478,1,1
79476,79477,79479,2,1
79476,79477,79479,2,1
79476,79477,79479,2,1
79476,79477,79479,2,1
79476,79477,79479,2,1
79476,79476,79479,3,0
79476,79477,79479,2,1
79476,79477,79479,2,1
79476,79477,79478,1,1
79476,79478,79479,1,2
79476,79478,79480,2,2
79476,79478,79480,2,2
79476,79478,79480,2,2
79476,79478,79480,2,2
79476,79479,79480,1,3
79476,79478,79480,2,2
79476,79479,79481,2,3
79476,79479,79481,2,3
79476,79480,79481,1,4
79476,79479,79481,2,3
79476,79478,79481,3,2
79476,79480,79481,1,4
79476,79480,79482,2,4
79476,79481,79482,1,5
79476,79481,79482,1,5
79476,79480,79482,2,4
79476,79482,79483,1,6
79476,79481,79482,1,5
79476,79482,79483,1,6
79476,79482,79483,1,6
79476,79483,79484,1,7
79476,79483,79484,1,7
79476,79483,79484,1,7
79476,79482,79484,2,6
79476,79482,79484,2,6
79476,79483,79485,2,7
79476,79484,79485,1,8
79476,79484,79485,1,8
79476,79485,79486,1,9
79476,79485,79486,1,9
79476,79485,79486,1,9
79476,79485,79486,1,9
79009,79015,79501,486,6
79506,79506,79507,1,0
79506,79506,79507,1,0
79506,79506,79507,1,0
79506,79506,79507,1,0
79506,79506,79507,1,0
79506,79506,79507,1,0
79506,79507,79508,1,1
79506,79506,79507,1,0
79506,79507,79508,1,1
79506,79507,79508,1,1
79506,79507,79508,1,1
79506,79506,79507,1,0
79506,79507,79509,2,1
79506,79507,79508,1,1
79506,79507,79508,1,1
79506,79508,79509,1,2
79506,79507,79508,1,1
79506,79507,79508,1,1
79506,79507,79508,1,1
79506,79507,79508,1,1
79506,79508,79509,1,2
79506,79508,79509,1,2
79506,79508,79509,1,2
79506,79508,79509,1,2
79506,79508,79510,2,2
79506,79508,79509,1,2
79506,79508,79509,1,2
79506,79509,79510,1,3
79506,79509,79510,1,3
79506,79508,79509,1,2
79506,79509,79510,1,3
79506,79509,79510,1,3
79506,79509,79510,1,3
79506,79509,79510,1,3
79506,79509,79510,1,3
79506,79509,79510,1,3
79506,79509,79510,1,3
79506,79506,79509,3,0
79506,79509,79510,1,3
79506,79509,79510,1,3
79506,79510,79511,1,4
79506,79510,79511,1,4
79506,79509,79510,1,3
79506,79510,79511,1,4
79506,79510,79511,1,4
79506,79510,79511,1,4
79506,79510,79511,1,4
79506,79510,79511,1,4
79506,79510,79511,1,4
79506,79510,79511,1,4
79506,79510,79511,1,4
79506,79511,79512,1,5
79506,79510,79511,1,4
79506,79510,79511,1,4
79506,79511,79512,1,5
79506,79511,79512,1,5
79506,79511,79512,1,5
79506,79511,79512,1,5
79506,79511,79512,1,5
79506,79511,79512,1,5
79506,79511,79512,1,5
79506,79511,79512,1,5
79506,79511,79512,1,5
79506,79511,79512,1,5
79506,79511,79512,1,5
79506,79512,79513,1,6
79506,79511,79512,1,5
79506,79512,79513,1,6
79506,79512,79513,1,6
79506,79512,79513,1,6
79506,79512,79513,1,6
79506,79512,79513,1,6
79506,79512,79513,1,6
79506,79512,79513,1,6
79506,79512,79513,1,6
79506,79512,79513,1,6
79506,79512,79513,1,6
79506,79512,79513,1,6
79506,79512,79513,1,6
79506,79511,79513,2,5
79506,79513,79514,1,7
79506,79513,79514,1,7
79506,79513,79514,1,7
79506,79513,79514,1,7
79506,79513,79514,1,7
79506,79512,79513,1,6
79506,79513,79514,1,7
79506,79512,79513,1,6
79506,79513,79514,1,7
79506,79513,79514,1,7
79506,79513,79514,1,7
78800,78806,79516,710,6
79533,79533,79534,1,0
79533,79533,79534,1,0
79533,79533,79534,1,0
79533,79533,79534,1,0
79533,79533,79534,1,0
79533,79533,79534,1,0
79533,79533,79534,1,0
79533,79533,79534,1,0
79533,79533,79534,1,0
79533,79533,79534,1,0
79533,79533,79534,1,0
79533,79533,79534,1,0
79533,79533,79534,1,0
79533,79533,79534,1,0
79533,79533,79535,2,0
79533,79533,79535,2,0
79533,79534,79536,2,1
79533,79534,79536,2,1
79533,79534,79536,2,1
79533,79534,79536,2,1
79533,79534,79536,2,1
79533,79534,79536,2,1
79533,79534,79536,2,1
79533,79534,79536,2,1
79533,79534,79536,2,1
79533,79535,79537,2,2
79533,79533,79537,4,0
79533,79535,79537,2,2
79533,79535,79537,2,2
79533,79534,79536,2,1
79533,79535,79537,2,2
79533,79535,79538,3,2
79533,79536,79538,2,3
79533,79536,79538,2,3
79533,79535,79537,2,2
79533,79536,79538,2,3
79533,79536,79538,2,3
79533,79536,79538,2,3
79533,79536,79538,2,3
79533,79536,79538,2,3
79533,79536,79538,2,3
79533,79536,79538,2,3
79533,79537,79539,2,4
79533,79538,79539,1,5
79533,79537,79539,2,4
79533,79537,79539,2,4
79533,79537,79539,2,4
79533,79538,79540,2,5
79533,79538,79540,2,5
79533,79538,79540,2,5
79533,79540,79541,1,7
79533,79539,79541,2,6
79533,79540,79541,1,7
79533,79540,79542,2,7
79533,79542,79543,1,9
79533,79541,79542,1,8
78856,78864,79557,693,8
79558,79558,79559,1,0
79558,79558,79559,1,0
79558,79558,79559,1,0
79558,79558,79559,1,0
79558,79558,79559,1,0
79558,79558,79559,1,0
79558,79558,79559,1,0
79558,79558,79559,1,0
79558,79558,79559,1,0
79558,79558,79559,1,0
79533,79537,79559,22,4
79558,79558,79560,2,0
79558,79558,79559,1,0
79558,79558,79560,2,0
79558,79558,79560,2,0
79558,79558,79560,2,0
79558,79559,79561,2,1
79558,79559,79560,1,1
79558,79559,79561,2,1
79558,79559,79561,2,1
79558,79559,79560,1,1
79558,79559,79561,2,1
79558,79559,79560,1,1
79558,79559,79561,2,1
79558,79559,79561,2,1
79558,79559,79561,2,1
79558,79560,79562,2,2
79558,79561,79562,1,3
79558,79558,79562,4,0
79558,79560,79562,2,2
79558,79561,79562,1,3
79558,79560,79562,2,2
79558,79561,79562,1,3
79558,79560,79562,2,2
79558,79561,79562,1,3
79558,79560,79562,2,2
79558,79561,79563,2,3
79558,79562,79563,1,4
79558,79561,79563,2,3
79558,79561,79562,1,3
79558,79562,79563,1,4
79558,79561,79563,2,3
79558,79561,79563,2,3
79558,79561,79562,1,3
79558,79562,79563,1,4
79558,79562,79563,1,4
79558,79562,79563,1,4
79558,79562,79564,2,4
79558,79563,79564,1,5
79558,79562,79564,2,4
79558,79563,79565,2,5
79558,79563,79565,2,5
79558,79563,79565,2,5
79558,79562,79565,3,4
79558,79564,79565,1,6
79558,79564,79565,1,6
79558,79564,79565,1,6
79558,79564,79565,1,6
79558,79564,79565,1,6
79558,79564,79565,1,6
79558,79564,79565,1,6
79558,79564,79565,1,6
79558,79560,79565,5,2
79558,79564,79566,2,6
79558,79565,79566,1,7
79558,79565,79566,1,7
79558,79565,79566,1,7
79558,79566,79567,1,8
79558,79567,79568,1,9
79558,79566,79569,3,8
79558,79567,79568,1,9
79558,79568,79569,1,10
79558,79568,79569,1,10
79558,79566,79572,6,8
78969,78975,79689,714,6
79692,79692,79693,1,0
79692,79692,79693,1,0
79692,79692,79694,2,0
79692,79693,79694,1,1
79692,79693,79694,1,1
79692,79692,79694,2,0
79692,79692,79694,2,0
79692,79693,79694,1,1
79692,79693,79694,1,1
79692,79692,79694,2,0
79692,79693,79694,1,1
79692,79693,79694,1,1
79692,79693,79694,1,1
79692,79693,79694,1,1
79692,79692,79695,3,0
79692,79693,79694,1,1
79692,79694,79695,1,2
79692,79695,79696,1,3
79692,79695,79696,1,3
79692,79695,79696,1,3
79692,79695,79696,1,3
79692,79695,79696,1,3
79692,79694,79695,1,2
79692,79695,79696,1,3
79692,79695,79696,1,3
79692,79692,79696,4,0
79692,79695,79696,1,3
79692,79694,79696,2,2
79692,79695,79696,1,3
79692,79694,79696,2,2
79692,79695,79696,1,3
79692,79695,79696,1,3
79692,79696,79697,1,4
79692,79696,79697,1,4
79692,79696,79697,1,4
79692,79696,79697,1,4
79692,79696,79697,1,4
79692,79696,79697,1,4
79692,79696,79697,1,4
79692,79697,79698,1,5
79692,79696,79697,1,4
79692,79697,79698,1,5
79692,79697,79698,1,5
79692,79697,79698,1,5
79692,79697,79698,1,5
79692,79697,79698,1,5
79692,79697,79698,1,5
79692,79697,79698,1,5
79692,79697,79698,1,5
79692,79697,79698,1,5
79692,79695,79698,3,3
79692,79697,79698,1,5
79692,79697,79698,1,5
79692,79697,79698,1,5
79692,79697,79698,1,5
79692,79698,79699,1,6
79692,79698,79699,1,6
79692,79698,79699,1,6
79692,79698,79699,1,6
79692,79698,79699,1,6
79692,79698,79699,1,6
79692,79698,79699,1,6
79692,79698,79699,1,6
79692,79698,79699,1,6
79692,79699,79700,1,7
79692,79699,79700,1,7
79692,79699,79700,1,7
79692,79699,79700,1,7
79692,79699,79700,1,7
79692,79697,79699,2,5
79692,79699,79700,1,7
79692,79699,79700,1,7
79692,79699,79700,1,7
79692,79699,79700,1,7
79692,79699,79700,1,7
79692,79699,79700,1,7
79692,79699,79700,1,7
79692,79699,79700,1,7
79692,79699,79700,1,7
79692,79700,79701,1,8
79692,79700,79701,1,8
79692,79700,79701,1,8
79692,79700,79701,1,8
79692,79700,79701,1,8
79253,79267,79750,483,14
79751,79751,79752,1,0
79751,79751,79752,1,0
79751,79751,79753,2,0
79751,79751,79752,1,0
79751,79751,79753,2,0
79751,79752,79753,1,1
79751,79752,79753,1,1
79751,79751,79752,1,0
79751,79751,79752,1,0
79751,79751,79752,1,0
79751,79752,79753,1,1
79751,79752,79753,1,1
79751,79751,79752,1,0
79751,79753,79754,1,2
79751,79753,79754,1,2
79751,79752,79753,1,1
79751,79752,79753,1,1
79751,79752,79753,1,1
79751,79753,79754,1,2
79751,79752,79753,1,1
79751,79752,79753,1,1
79751,79753,79754,1,2
79751,79752,79753,1,1
79751,79753,79754,1,2
79751,79753,79754,1,2
79751,79753,79754,1,2
79751,79754,79755,1,3
79751,79754,79755,1,3
79751,79753,79754,1,2
79751,79754,79755,1,3
79751,79753,79754,1,2
79751,79753,79754,1,2
79751,79755,79756,1,4
79751,79755,79756,1,4
79751,79754,79755,1,3
79751,79754,79755,1,3
79751,79754,79755,1,3
79751,79754,79755,1,3
79751,79754,79755,1,3
79751,79754,79755,1,3
79751,79755,79756,1,4
79751,79754,79755,1,3
79751,79755,79756,1,4
79751,79755,79757,2,4
79751,79755,79757,2,4
79751,79756,79757,1,5
79751,79756,79757,1,5
79751,79755,79756,1,4
79751,79756,79757,1,5
79751,79756,79757,1,5
79751,79756,79757,1,5
79751,79756,79757,1,5
79751,79755,79756,1,4
79751,79755,79756,1,4
79751,79756,79757,1,5
79751,79756,79757,1,5
79751,79756,79757,1,5
79751,79756,79757,1,5
79751,79757,79758,1,6
79751,79757,79758,1,6
79751,79757,79758,1,6
79751,79757,79758,1,6
79751,79757,79758,1,6
79751,79757,79758,1,6
79751,79757,79758,1,6
79751,79757,79758,1,6
79751,79757,79758,1,6
79751,79757,79758,1,6
79751,79757,79758,1,6
79751,79757,79758,1,6
79751,79757,79758,1,6
79751,79757,79758,1,6
79751,79757,79758,1,6
79751,79757,79758,1,6
79751,79758,79759,1,7
79751,79758,79759,1,7
79751,79758,79759,1,7
79751,79758,79759,1,7
79751,79758,79759,1,7
79751,79758,79759,1,7
79751,79758,79759,1,7
79751,79758,79759,1,7
79751,79759,79760,1,8
79751,79759,79760,1,8
79751,79759,79760,1,8
79751,79759,79760,1,8
79751,79757,79762,5,6
79271,79286,79780,494,15
79784,79784,79785,1,0
79784,79784,79785,1,0
79784,79784,79785,1,0
79784,79784,79785,1,0
79080,79086,79785,699,6
79784,79784,79786,2,0
79784,79785,79786,1,1
79784,79785,79786,1,1
79784,79785,79786,1,1
79784,79785,79786,1,1
79784,79784,79785,1,0
79784,79785,79786,1,1
79784,79785,79786,1,1
79784,79785,79786,1,1
79784,79785,79786,1,1
79784,79785,79786,1,1
79784,79785,79786,1,1
79784,79785,79786,1,1
79784,79785,79786,1,1
79784,79786,79787,1,2
79784,79786,79787,1,2
79784,79785,79786,1,1
79784,79785,79786,1,1
79784,79786,79787,1,2
79784,79786,79788,2,2
79784,79786,79787,1,2
79784,79786,79787,1,2
79784,79787,79788,1,3
79784,79787,79788,1,3
79784,79787,79788,1,3
79784,79786,79787,1,2
79784,79784,79788,4,0
79784,79787,79788,1,3
79784,79787,79789,2,3
79784,79787,79788,1,3
79784,79787,79788,1,3
79784,79787,79788,1,3
79784,79787,79788,1,3
79784,79787,79788,1,3
79784,79788,79789,1,4
79784,79788,79789,1,4
79784,79788,79789,1,4
79784,79787,79788,1,3
79784,79787,79788,1,3
79784,79788,79789,1,4
79784,79788,79790,2,4
79784,79788,79789,1,4
79784,79789,79790,1,5
79784,79789,79790,1,5
79784,79788,79789,1,4
79784,79789,79790,1,5
79784,79789,79790,1,5
79784,79789,79790,1,5
79784,79789,79790,1,5
79784,79789,79790,1,5
79784,79788,79789,1,4
79784,79789,79790,1,5
79784,79789,79790,1,5
79784,79789,79790,1,5
79784,79789,79791,2,5
79784,79789,79790,1,5
79784,79790,79791,1,6
79784,79790,79791,1,6
79784,79789,79790,1,5
79784,79790,79791,1,6
79784,79790,79791,1,6
79784,79790,79791,1,6
79784,79790,79791,1,6
79784,79790,79791,1,6
79784,79790,79791,1,6
79784,79790,79791,1,6
79784,79790,79791,1,6
79784,79790,79791,1,6
79784,79790,79791,1,6
79784,79791,79792,1,7
79784,79790,79791,1,6
79784,79790,79791,1,6
79784,79791,79792,1,7
79784,79791,79792,1,7
79784,79791,79792,1,7
79784,79791,79792,1,7
79784,79791,79792,1,7
79784,79791,79792,1,7
79784,79791,79792,1,7
79784,79791,79792,1,7
79784,79791,79792,1,7
79784,79791,79792,1,7
79784,79791,79792,1,7
79784,79791,79792,1,7
79784,79791,79792,1,7
79784,79791,79792,1,7
79787,79792,79793,1,5
79787,79792,79793,1,5
79787,79792,79793,1,5
79787,79792,79793,1,5
79787,79792,79793,1,5
79787,79792,79793,1,5
79787,79792,79793,1,5
79787,79792,79793,1,5
79787,79792,79793,1,5
79787,79792,79793,1,5
79787,79792,79793,1,5
79787,79792,79793,1,5
79787,79792,79793,1,5
79787,79793,79794,1,6
79787,79793,79794,1,6
79787,79793,79794,1,6
79787,79793,79794,1,6
79787,79793,79794,1,6
79787,79792,79793,1,5
79787,79793,79794,1,6
79787,79793,79794,1,6
79787,79792,79794,2,5
79787,79792,79794,2,5
79787,79792,79794,2,5
79787,79793,79795,2,6
79787,79793,79795,2,6
79787,79793,79794,1,6
79787,79793,79794,1,6
79787,79794,79795,1,7
79787,79794,79795,1,7
79787,79793,79794,1,6
79787,79793,79795,2,6
79787,79794,79795,1,7
79787,79794,79795,1,7
79787,79794,79795,1,7
79787,79794,79795,1,7
79787,79794,79795,1,7
79787,79794,79795,1,7
79787,79795,79796,1,8
79787,79795,79796,1,8
79787,79795,79796,1,8
79787,79795,79796,1,8
79787,79795,79796,1,8
79787,79795,79796,1,8
79787,79795,79796,1,8
79787,79795,79796,1,8
79787,79795,79796,1,8
79787,79796,79797,1,9
79787,79795,79796,1,8
79787,79796,79797,1,9
79787,79796,79797,1,9
79787,79796,79797,1,9
79787,79796,79797,1,9
79787,79796,79797,1,9
79787,79796,79797,1,9
79787,79796,79797,1,9
79787,79796,79797,1,9
79787,79797,79798,1,10
79787,79797,79798,1,10
79787,79797,79798,1,10
79787,79797,79798,1,10
79787,79797,79798,1,10
79787,79797,79798,1,10
79787,79797,79798,1,10
79787,79798,79799,1,11
79787,79798,79799,1,11
79787,79798,79800,2,11
79308,79312,79812,500,4
79084,79095,79821,726,11
79829,79829,79830,1,0
79829,79829,79830,1,0
79829,79829,79830,1,0
79829,79829,79830,1,0
79829,79829,79830,1,0
79829,79829,79830,1,0
79829,79829,79830,1,0
79829,79829,79830,1,0
79829,79830,79831,1,1
79829,79830,79831,1,1
79829,79830,79831,1,1
79829,79830,79831,1,1
79829,79830,79831,1,1
79829,79830,79831,1,1
79829,79830,79832,2,1
79829,79830,79831,1,1
79829,79830,79832,2,1
79829,79830,79831,1,1
79829,79830,79831,1,1
79829,79831,79832,1,2
79829,79830,79831,1,1
79829,79831,79832,1,2
79829,79831,79832,1,2
79829,79831,79832,1,2
79829,79831,79832,1,2
79829,79831,79832,1,2
79829,79831,79832,1,2
79829,79832,79833,1,3
79829,79832,79833,1,3
79829,79832,79833,1,3
79829,79832,79833,1,3
79829,79832,79833,1,3
79829,79832,79833,1,3
79829,79832,79833,1,3
79829,79832,79833,1,3
79829,79832,79833,1,3
79829,79832,79833,1,3
79829,79831,79833,2,2
79829,79831,79833,2,2
79829,79833,79834,1,4
79829,79833,79834,1,4
79829,79833,79834,1,4
79829,79833,79834,1,4
79829,79833,79834,1,4
79829,79833,79834,1,4
79829,79833,79834,1,4
79829,79833,79834,1,4
79829,79833,79834,1,4
79829,79833,79834,1,4
79829,79833,79834,1,4
79829,79833,79834,1,4
79829,79833,79834,1,4
79829,79833,79834,1,4
79829,79834,79835,1,5
79829,79834,79835,1,5
79829,79834,79835,1,5
79829,79834,79835,1,5
79829,79834,79835,1,5
79829,79834,79835,1,5
79829,79834,79835,1,5
79829,79834,79835,1,5
79829,79834,79835,1,5
79829,79834,79835,1,5
79829,79834,79835,1,5
79829,79834,79835,1,5
79829,79834,79835,1,5
79829,79834,79835,1,5
79829,79833,79834,1,4
79829,79834,79835,1,5
79829,79834,79835,1,5
79829,79834,79835,1,5
79829,79835,79836,1,6
79829,79835,79836,1,6
79829,79835,79836,1,6
79829,79835,79836,1,6
79829,79835,79836,1,6
79829,79835,79836,1,6
79829,79835,79836,1,6
79829,79835,79836,1,6
79829,79835,79836,1,6
79829,79835,79836,1,6
79829,79835,79836,1,6
79829,79835,79836,1,6
79829,79835,79836,1,6
79829,79835,79836,1,6
79829,79835,79836,1,6
79829,79835,79836,1,6
79829,79836,79837,1,7
79829,79836,79837,1,7
79829,79836,79837,1,7
79829,79836,79837,1,7
79829,79836,79837,1,7
79829,79836,79837,1,7
79829,79836,79837,1,7
79829,79836,79837,1,7
79829,79836,79837,1,7
79829,79836,79837,1,7
79829,79836,79837,1,7
79829,79836,79837,1,7
79829,79836,79837,1,7
79829,79836,79837,1,7
79829,79836,79837,1,7
79829,79836,79837,1,7
79829,79836,79838,2,7
79829,79836,79838,2,7
79829,79837,79839,2,8
79829,79837,79839,2,8
79829,79837,79839,2,8
79829,79837,79839,2,8
79829,79837,79839,2,8
79829,79837,79839,2,8
79829,79837,79838,1,8
79829,79837,79838,1,8
79829,79837,79839,2,8
79829,79837,79838,1,8
79829,79837,79839,2,8
79829,79837,79839,2,8
79829,79838,79840,2,9
79829,79837,79840,3,8
79829,79838,79840,2,9
79829,79839,79840,1,10
79829,79839,79840,1,10
79829,79839,79840,1,10
79829,79839,79840,1,10
79829,79838,79840,2,9
79829,79839,79840,1,10
79829,79839,79840,1,10
79829,79839,79840,1,10
79829,79839,79840,1,10
79829,79839,79841,2,10
79829,79839,79841,2,10
79829,79839,79841,2,10
79829,79839,79841,2,10
79829,79839,79841,2,10
79829,79840,79841,1,11
79829,79840,79841,1,11
79829,79841,79842,1,12
79829,79841,79842,1,12
79829,79841,79842,1,12
79829,79840,79841,1,11
79829,79841,79842,1,12
79829,79841,79842,1,12
79829,79840,79842,2,11
79829,79841,79842,1,12
79829,79841,79842,1,12
79829,79841,79842,1,12
79829,79841,79842,1,12
79829,79841,79842,1,12
79829,79841,79842,1,12
79829,79842,79843,1,13
79829,79842,79843,1,13
79829,79842,79843,1,13
79829,79841,79843,2,12
79829,79842,79843,1,13
79829,79843,79844,1,14
79829,79843,79844,1,14
79829,79843,79844,1,14
79829,79844,79845,1,15
79829,79843,79844,1,14
79829,79843,79844,1,14
79829,79844,79845,1,15
79135,79143,79881,738,8
79883,79883,79884,1,0
79883,79883,79884,1,0
79883,79883,79884,1,0
79883,79883,79884,1,0
79883,79883,79884,1,0
79883,79883,79884,1,0
79883,79883,79884,1,0
79883,79883,79884,1,0
79883,79883,79884,1,0
79883,79883,79884,1,0
79883,79883,79884,1,0
79883,79883,79884,1,0
79883,79883,79885,2,0
79883,79883,79885,2,0
79883,79883,79884,1,0
79883,79883,79885,2,0
79883,79884,79886,2,1
79883,79884,79886,2,1
79883,79884,79885,1,1
79883,79884,79886,2,1
79883,79884,79886,2,1
79883,79884,79886,2,1
79883,79884,79885,1,1
79883,79884,79885,1,1
79883,79884,79885,1,1
79883,79884,79886,2,1
79883,79884,79886,2,1
79883,79886,79887,1,3
79883,79885,79886,1,2
79883,79885,79887,2,2
79883,79885,79887,2,2
79883,79886,79887,1,3
79883,79886,79887,1,3
79883,79886,79887,1,3
79883,79885,79886,1,2
79883,79887,79888,1,4
79883,79886,79887,1,3
79883,79886,79887,1,3
79883,79886,79887,1,3
79883,79886,79888,2,3
79883,79886,79887,1,3
79883,79886,79887,1,3
79883,79886,79887,1,3
79883,79886,79887,1,3
79883,79887,79888,1,4
79883,79887,79888,1,4
79883,79887,79888,1,4
79883,79887,79888,1,4
79883,79887,79889,2,4
79883,79888,79889,1,5
79883,79886,79888,2,3
79883,79887,79888,1,4
79883,79888,79889,1,5
79883,79888,79889,1,5
79883,79888,79889,1,5
79883,79887,79888,1,4
79883,79888,79889,1,5
79883,79889,79890,1,6
79883,79888,79889,1,5
79883,79888,79890,2,5
79883,79888,79890,2,5
79883,79889,79890,1,6
79883,79889,79890,1,6
79883,79889,79890,1,6
79883,79888,79890,2,5
79883,79889,79890,1,6
79883,79889,79890,1,6
79883,79889,79890,1,6
79883,79888,79889,1,5
79883,79888,79889,1,5
79883,79889,79890,1,6
79883,79890,79891,1,7
79883,79889,79890,1,6
79883,79889,79890,1,6
79883,79890,79891,1,7
79883,79890,79891,1,7
79883,79890,79891,1,7
79883,79890,79891,1,7
79883,79890,79891,1,7
79883,79890,79891,1,7
79883,79890,79891,1,7
79883,79890,79891,1,7
79883,79891,79892,1,8
79883,79891,79892,1,8
79883,79891,79892,1,8
79883,79891,79892,1,8
79883,79891,79892,1,8
79883,79891,79907,16,8
79221,79228,79941,713,7
79942,79942,79943,1,0
79942,79942,79943,1,0
79942,79942,79943,1,0
79942,79942,79943,1,0
79942,79942,79943,1,0
79942,79942,79943,1,0
79942,79942,79943,1,0
79942,79942,79943,1,0
79942,79942,79943,1,0
79942,79942,79943,1,0
79942,79942,79943,1,0
79942,79942,79944,2,0
79942,79942,79943,1,0
79942,79942,79944,2,0
79942,79942,79944,2,0
79942,79942,79943,1,0
79942,79943,79945,2,1
79942,79943,79945,2,1
79942,79943,79945,2,1
79942,79943,79945,2,1
79942,79943,79945,2,1
79942,79943,79945,2,1
79942,79942,79945,3,0
79942,79943,79945,2,1
79942,79943,79945,2,1
79942,79943,79945,2,1
79942,79943,79945,2,1
79942,79943,79945,2,1
79942,79944,79946,2,2
79942,79944,79946,2,2
79942,79944,79946,2,2
79942,79945,79946,1,3
79942,79944,79946,2,2
79942,79945,79946,1,3
79942,79945,79946,1,3
79942,79945,79946,1,3
79942,79945,79946,1,3
79942,79945,79946,1,3
79942,79944,79947,3,2
79942,79945,79947,2,3
79942,79946,79947,1,4
79942,79946,79947,1,4
79942,79945,79946,1,3
79942,79945,79947,2,3
79942,79946,79947,1,4
79942,79945,79947,2,3
79942,79945,79947,2,3
79942,79945,79947,2,3
79942,79946,79947,1,4
79942,79946,79947,1,4
79942,79946,79947,1,4
79942,79947,79948,1,5
79942,79947,79948,1,5
79942,79947,79948,1,5
79942,79946,79948,2,4
79942,79946,79948,2,4
79942,79946,79948,2,4
79942,79947,79948,1,5
79942,79947,79948,1,5
79942,79947,79948,1,5
79942,79947,79948,1,5
79942,79947,79949,2,5
79942,79947,79949,2,5
79942,79947,79949,2,5
79942,79947,79949,2,5
79942,79947,79949,2,5
79942,79948,79949,1,6
79942,79948,79949,1,6
79942,79948,79949,1,6
79942,79948,79949,1,6
79942,79948,79950,2,6
79942,79948,79949,1,6
79942,79949,79950,1,7
79942,79950,79951,1,8
79942,79950,79951,1,8
79942,79949,79951,2,7
79942,79949,79950,1,7
79223,79236,79965,729,13
79972,79972,79973,1,0
79972,79972,79973,1,0
79972,79972,79973,1,0
79972,79972,79973,1,0
79972,79972,79973,1,0
79972,79972,79973,1,0
79972,79972,79973,1,0
79972,79972,79973,1,0
79972,79972,79973,1,0
79972,79972,79973,1,0
79972,79972,79973,1,0
79972,79972,79973,1,0
79972,79972,79973,1,0
79972,79972,79973,1,0
79972,79972,79973,1,0
79972,79972,79974,2,0
79972,79972,79974,2,0
79972,79973,79974,1,1
79972,79973,79975,2,1
79972,79973,79975,2,1
79972,79973,79974,1,1
79972,79973,79974,1,1
79972,79973,79975,2,1
79972,79973,79975,2,1
79972,79973,79975,2,1
79972,79973,79975,2,1
79972,79973,79975,2,1
79972,79974,79976,2,2
79972,79974,79976,2,2
79972,79975,79976,1,3
79972,79973,79975,2,1
79972,79975,79976,1,3
79972,79975,79976,1,3
79972,79975,79976,1,3
79972,79974,79975,1,2
79972,79975,79976,1,3
79972,79974,79975,1,2
79972,79974,79976,2,2
79972,79976,79977,1,4
79972,79976,79977,1,4
79972,79975,79977,2,3
79972,79975,79976,1,3
79972,79976,79977,1,4
79972,79976,79977,1,4
79972,79976,79977,1,4
79972,79975,79977,2,3
79972,79976,79977,1,4
79972,79975,79976,1,3
79972,79975,79976,1,3
79972,79976,79977,1,4
79972,79974,79978,4,2
79972,79976,79977,1,4
79972,79977,79978,1,5
79972,79977,79978,1,5
79972,79976,79978,2,4
79972,79977,79978,1,5
79972,79976,79978,2,4
79972,79976,79977,1,4
79972,79977,79978,1,5
79972,79977,79978,1,5
79972,79977,79978,1,5
79972,79977,79978,1,5
79972,79977,79978,1,5
79972,79977,79978,1,5
79972,79977,79978,1,5
79972,79977,79978,1,5
79972,79978,79979,1,6
79972,79978,79979,1,6
79972,79978,79979,1,6
79972,79977,79978,1,5
79972,79978,79979,1,6
79972,79978,79979,1,6
79972,79978,79979,1,6
79972,79978,79979,1,6
79972,79979,79980,1,7
79972,79978,79980,2,6
79972,79979,79980,1,7
79972,79979,79980,1,7
79972,79979,79980,1,7
79972,79979,79980,1,7
79972,79978,79980,2,6
79972,79980,79981,1,8
79972,79980,79981,1,8
79507,79513,79995,482,6
80003,80003,80004,1,0
80003,80003,80004,1,0
80003,80003,80004,1,0
80003,80003,80004,1,0
80003,80003,80004,1,0
80003,80003,80004,1,0
80003,80003,80004,1,0
80003,80003,80004,1,0
80003,80003,80004,1,0
80003,80003,80004,1,0
80003,80003,80004,1,0
80003,80004,80005,1,1
80003,80004,80005,1,1
80003,80003,80005,2,0
80003,80004,80005,1,1
80003,80004,80005,1,1
80003,80004,80005,1,1
80003,80004,80006,2,1
80003,80004,80005,1,1
80003,80004,80005,1,1
80003,80004,80005,1,1
80003,80004,80005,1,1
80003,80004,80005,1,1
80003,80004,80005,1,1
80003,80004,80005,1,1
80003,80005,80006,1,2
80003,80005,80006,1,2
80003,80004,80005,1,1
80003,80004,80005,1,1
80003,80006,80007,1,3
80003,80005,80007,2,2
80003,80006,80007,1,3
80003,80006,80007,1,3
80003,80006,80007,1,3
80003,80006,80007,1,3
80003,80006,80007,1,3
80003,80006,80007,1,3
80003,80006,80007,1,3
80003,80006,80007,1,3
80003,80006,80007,1,3
80003,80006,80007,1,3
80003,80006,80007,1,3
80003,80005,80006,1,2
80003,80006,80007,1,3
80003,80006,80007,1,3
80003,80007,80008,1,4
80003,80007,80008,1,4
80003,80007,80008,1,4
80003,80007,80008,1,4
80003,80007,80008,1,4
80003,80007,80008,1,4
80003,80007,80008,1,4
80003,80006,80008,2,3
80003,80007,80008,1,4
80003,80007,80008,1,4
80003,80007,80008,1,4
80003,80007,80008,1,4
80003,80007,80008,1,4
80003,80007,80008,1,4
80003,80007,80008,1,4
80003,80007,80008,1,4
80003,80007,80008,1,4
80003,80008,80009,1,5
80003,80008,80009,1,5
80003,80008,80009,1,5
80003,80008,80009,1,5
80003,80008,80009,1,5
80003,80008,80009,1,5
80003,80008,80009,1,5
80003,80008,80009,1,5
80003,80008,80009,1,5
80003,80008,80009,1,5
80003,80008,80009,1,5
80003,80008,80009,1,5
80003,80008,80009,1,5
80003,80008,80009,1,5
80003,80008,80009,1,5
80003,80009,80010,1,6
80003,80009,80010,1,6
80003,80009,80010,1,6
80003,80009,80010,1,6
80003,80009,80010,1,6
80003,80009,80010,1,6
80003,80009,80010,1,6
80003,80008,80010,2,5
80003,80009,80010,1,6
80003,80009,80010,1,6
80003,80009,80010,1,6
80003,80009,80010,1,6
80003,80009,80010,1,6
80003,80009,80010,1,6
80003,80008,80010,2,5
80003,80010,80011,1,7
79332,79338,80041,703,6
80044,80044,80045,1,0
80044,80044,80045,1,0
80044,80044,80045,1,0
80044,80044,80045,1,0
80044,80045,80046,1,1
80044,80044,80045,1,0
80044,80044,80045,1,0
80044,80045,80046,1,1
80044,80045,80046,1,1
80044,80046,80047,1,2
80044,80045,80046,1,1
80044,80045,80046,1,1
80044,80045,80046,1,1
80044,80045,80046,1,1
80044,80045,80046,1,1
80044,80045,80046,1,1
80044,80045,80046,1,1
80044,80045,80046,1,1
80044,80045,80046,1,1
80044,80046,80047,1,2
80044,80046,80047,1,2
80044,80046,80047,1,2
80044,80047,80048,1,3
80044,80047,80048,1,3
80044,80047,80048,1,3
80044,80046,80047,1,2
80044,80046,80047,1,2
80044,80047,80048,1,3
80044,80047,80048,1,3
80044,80047,80048,1,3
80044,80047,80048,1,3
80044,80047,80048,1,3
80044,80047,80048,1,3
80044,80048,80049,1,4
80044,80048,80049,1,4
80044,80048,80049,1,4
80044,80047,80048,1,3
80044,80047,80048,1,3
80044,80047,80048,1,3
80044,80048,80049,1,4
80044,80048,80049,1,4
80044,80049,80050,1,5
80044,80048,80049,1,4
80044,80048,80049,1,4
80044,80048,80049,1,4
80044,80049,80050,1,5
80044,80049,80050,1,5
80044,80049,80050,1,5
80044,80049,80050,1,5
80044,80049,80050,1,5
80044,80048,80049,1,4
80044,80049,80050,1,5
80044,80049,80050,1,5
80044,80049,80050,1,5
80044,80049,80050,1,5
80044,80049,80050,1,5
80044,80050,80051,1,6
80044,80050,80051,1,6
80044,80050,80051,1,6
80044,80049,80050,1,5
80044,80049,80050,1,5
80044,80050,80051,1,6
80044,80050,80051,1,6
80044,80050,80051,1,6
80044,80050,80051,1,6
80044,80050,80051,1,6
80044,80050,80051,1,6
80044,80050,80051,1,6
80044,80050,80051,1,6
80044,80050,80051,1,6
80044,80050,80051,1,6
80044,80050,80051,1,6
80044,80051,80052,1,7
80044,80051,80052,1,7
80044,80051,80052,1,7
80044,80051,80052,1,7
80044,80051,80052,1,7
80044,80051,80052,1,7
80044,80051,80052,1,7
80044,80051,80052,1,7
80044,80051,80052,1,7
80044,80051,80052,1,7
80044,80051,80052,1,7
80044,80051,80052,1,7
80044,80051,80052,1,7
80044,80051,80052,1,7
80044,80051,80052,1,7
79343,79350,80073,723,7
79362,79368,80074,706,6
80076,80076,80077,1,0
80076,80076,80077,1,0
80076,80076,80077,1,0
80076,80076,80077,1,0
80076,80076,80077,1,0
80076,80076,80077,1,0
80076,80077,80078,1,1
80076,80077,80078,1,1
80076,80077,80078,1,1
80076,80077,80078,1,1
80076,80077,80078,1,1
80076,80077,80078,1,1
80076,80077,80079,2,1
80076,80077,80078,1,1
80076,80077,80078,1,1
80076,80077,80078,1,1
80076,80077,80078,1,1
80076,80077,80078,1,1
80076,80078,80079,1,2
80076,80079,80080,1,3
80076,80078,80079,1,2
80076,80078,80079,1,2
80076,80079,80080,1,3
80076,80078,80079,1,2
80076,80078,80079,1,2
80076,80079,80080,1,3
80076,80079,80080,1,3
80076,80079,80080,1,3
80076,80079,80080,1,3
80076,80079,80080,1,3
80076,80079,80080,1,3
80076,80079,80080,1,3
80076,80079,80080,1,3
80076,80078,80081,3,2
80076,80079,80081,2,3
80076,80080,80081,1,4
80076,80080,80081,1,4
80076,80080,80081,1,4
80076,80079,80080,1,3
80076,80080,80081,1,4
80076,80080,80081,1,4
80076,80080,80081,1,4
80076,80080,80081,1,4
80076,80080,80081,1,4
80076,80080,80081,1,4
80076,80081,80082,1,5
80076,80080,80081,1,4
80076,80081,80082,1,5
80076,80081,80082,1,5
80076,80081,80082,1,5
80076,80081,80082,1,5
80076,80081,80082,1,5
80076,80081,80082,1,5
80076,80081,80082,1,5
80076,80081,80082,1,5
80076,80081,80082,1,5
80076,80081,80082,1,5
80076,80081,80082,1,5
80076,80082,80083,1,6
80076,80082,80083,1,6
80076,80082,80083,1,6
80076,80082,80083,1,6
80076,80082,80083,1,6
80076,80082,80083,1,6
80076,80081,80082,1,5
80076,80081,80083,2,5
80076,80082,80083,1,6
80076,80082,80083,1,6
80076,80082,80083,1,6
80076,80082,80083,1,6
80076,80082,80083,1,6
80076,80082,80083,1,6
80076,80082,80083,1,6
80076,80082,80083,1,6
80076,80082,80083,1,6
80076,80083,80084,1,7
80076,80083,80084,1,7
80076,80083,80084,1,7
80076,80083,80084,1,7
80076,80083,80084,1,7
80076,80083,80084,1,7
80076,80083,80084,1,7
80078,80083,80084,1,5
80078,80083,80084,1,5
80078,80083,80084,1,5
80078,80084,80085,1,6
80078,80084,80085,1,6
80078,80084,80085,1,6
80078,80084,80085,1,6
80078,80084,80085,1,6
80076,80083,80084,1,7
80078,80085,80086,1,7
80078,80084,80085,1,6
80078,80085,80086,1,7
80078,80084,80086,2,6
80078,80084,80086,2,6
80078,80085,80086,1,7
80078,80085,80086,1,7
80078,80085,80086,1,7
80078,80085,80086,1,7
80078,80085,80086,1,7
80078,80085,80086,1,7
80078,80085,80086,1,7
80078,80085,80086,1,7
80078,80085,80086,1,7
80078,80085,80086,1,7
80078,80085,80086,1,7
80078,80085,80087,2,7
80078,80087,80088,1,9
80078,80087,80088,1,9
80078,80087,80088,1,9
80078,80087,80088,1,9
80078,80087,80088,1,9
80078,80086,80087,1,8
80078,80087,80088,1,9
80078,80086,80087,1,8
80078,80086,80088,2,8
80078,80087,80088,1,9
80078,80086,80088,2,8
80078,80087,80088,1,9
80078,80087,80088,1,9
80078,80087,80088,1,9
80078,80087,80088,1,9
80078,80087,80088,1,9
80078,80088,80089,1,10
80078,80088,80089,1,10
80078,80088,80089,1,10
80078,80088,80089,1,10
80078,80087,80088,1,9
80078,80088,80089,1,10
80078,80088,80089,1,10
80078,80088,80089,1,10
80078,80088,80089,1,10
80078,80088,80089,1,10
80078,80088,80089,1,10
80078,80089,80090,1,11
80078,80089,80090,1,11
80078,80089,80090,1,11
80078,80089,80090,1,11
80078,80089,80090,1,11
80078,80089,80090,1,11
80078,80089,80090,1,11
80078,80089,80090,1,11
80078,80089,80090,1,11
80078,80090,80091,1,12
80078,80090,80091,1,12
80078,80090,80091,1,12
80078,80090,80091,1,12
80078,80090,80091,1,12
80078,80090,80091,1,12
80078,80090,80091,1,12
80078,80090,80091,1,12
80078,80090,80091,1,12
80078,80090,80091,1,12
80078,80091,80092,1,13
80078,80091,80092,1,13
80078,80091,80092,1,13
80078,80091,80092,1,13
80078,80091,80092,1,13
80078,80091,80092,1,13
80078,80091,80092,1,13
79381,79381,80093,712,0
80078,80091,80092,1,13
80107,80107,80108,1,0
80107,80107,80108,1,0
80107,80107,80108,1,0
80107,80107,80108,1,0
80107,80107,80108,1,0
80107,80107,80108,1,0
80107,80108,80109,1,1
80107,80107,80108,1,0
80107,80107,80108,1,0
80107,80107,80108,1,0
80107,80107,80108,1,0
80107,80108,80109,1,1
80107,80108,80109,1,1
80107,80108,80109,1,1
80107,80108,80109,1,1
80107,80108,80109,1,1
80107,80109,80110,1,2
80107,80107,80109,2,0
80107,80108,80109,1,1
80107,80109,80110,1,2
80107,80108,80110,2,1
80107,80108,80109,1,1
80107,80109,80110,1,2
80107,80109,80110,1,2
80107,80110,80111,1,3
80107,80110,80111,1,3
80107,80110,80111,1,3
80107,80109,80111,2,2
80107,80110,80111,1,3
80107,80110,80111,1,3
80107,80110,80111,1,3
80107,80109,80111,2,2
80107,80109,80111,2,2
80107,80109,80110,1,2
80107,80110,80111,1,3
80107,80110,80111,1,3
80107,80110,80111,1,3
80107,80111,80112,1,4
80107,80111,80112,1,4
80107,80111,80112,1,4
80107,80111,80112,1,4
80107,80111,80112,1,4
80107,80111,80112,1,4
80107,80110,80111,1,3
80107,80110,80111,1,3
80107,80110,80111,1,3
80107,80110,80111,1,3
80107,80111,80112,1,4
80107,80111,80112,1,4
80107,80111,80112,1,4
80107,80111,80112,1,4
80107,80111,80112,1,4
80107,80112,80113,1,5
80107,80112,80113,1,5
80107,80111,80112,1,4
80107,80111,80112,1,4
80107,80112,80113,1,5
80107,80112,80113,1,5
80107,80112,80113,1,5
80107,80112,80113,1,5
80107,80112,80113,1,5
80107,80112,80113,1,5
80107,80112,80113,1,5
80107,80112,80113,1,5
80107,80112,80113,1,5
80107,80112,80113,1,5
80107,80113,80114,1,6
80107,80113,80114,1,6
80107,80113,80114,1,6
80107,80112,80113,1,5
80107,80113,80114,1,6
80107,80113,80114,1,6
80107,80113,80114,1,6
80107,80113,80114,1,6
80107,80113,80114,1,6
80107,80113,80114,1,6
80107,80113,80114,1,6
80107,80113,80114,1,6
80107,80113,80114,1,6
80107,80113,80114,1,6
80107,80113,80114,1,6
80107,80113,80114,1,6
80107,80114,80115,1,7
80107,80114,80115,1,7
80107,80114,80115,1,7
80107,80114,80115,1,7
80107,80114,80115,1,7
80107,80114,80115,1,7
80107,80114,80115,1,7
80107,80114,80116,2,7
80107,80114,80116,2,7
79383,79383,80127,744,0
79422,79428,80130,702,6
80142,80143,80144,1,1
80142,80143,80144,1,1
80142,80144,80145,1,2
80142,80144,80145,1,2
80142,80143,80144,1,1
80142,80144,80145,1,2
80142,80144,80145,1,2
80142,80143,80144,1,1
80142,80143,80144,1,1
80142,80143,80144,1,1
80142,80143,80144,1,1
80142,80143,80144,1,1
80142,80144,80145,1,2
80142,80143,80145,2,1
80142,80144,80145,1,2
80142,80144,80145,1,2
80142,80144,80145,1,2
80142,80144,80145,1,2
80142,80144,80146,2,2
80142,80145,80146,1,3
80142,80145,80146,1,3
80142,80145,80146,1,3
80142,80145,80146,1,3
80142,80145,80146,1,3
80142,80145,80147,2,3
80142,80145,80146,1,3
80142,80145,80146,1,3
80142,80145,80146,1,3
80142,80145,80146,1,3
80142,80145,80147,2,3
80142,80147,80148,1,5
80142,80147,80148,1,5
80142,80146,80147,1,4
80142,80147,80148,1,5
80142,80147,80148,1,5
80142,80146,80148,2,4
80142,80146,80147,1,4
80142,80146,80148,2,4
80142,80146,80148,2,4
80142,80146,80147,1,4
80142,80146,80147,1,4
80142,80147,80148,1,5
80142,80147,80148,1,5
80142,80147,80148,1,5
80142,80147,80148,1,5
80142,80148,80149,1,6
80142,80147,80148,1,5
80142,80148,80149,1,6
80142,80148,80149,1,6
80142,80148,80149,1,6
80142,80148,80149,1,6
80142,80148,80149,1,6
80142,80148,80149,1,6
80142,80149,80150,1,7
80142,80149,80150,1,7
80142,80149,80150,1,7
80142,80148,80149,1,6
80142,80149,80150,1,7
80142,80149,80150,1,7
80142,80149,80150,1,7
80142,80149,80150,1,7
80142,80149,80150,1,7
80142,80149,80150,1,7
80142,80150,80151,1,8
80142,80150,80151,1,8
80142,80150,80151,1,8
80142,80150,80151,1,8
80142,80150,80151,1,8
80142,80150,80151,1,8
80144,80150,80151,1,6
80144,80150,80151,1,6
80144,80150,80151,1,6
80144,80150,80151,1,6
80144,80150,80151,1,6
80144,80151,80152,1,7
80144,80151,80152,1,7
80142,80150,80151,1,8
80144,80151,80152,1,7
80144,80151,80152,1,7
80144,80151,80152,1,7
80142,80150,80151,1,8
80142,80150,80151,1,8
80144,80151,80153,2,7
80144,80151,80153,2,7
80144,80152,80154,2,8
80144,80152,80153,1,8
80144,80152,80153,1,8
80144,80152,80153,1,8
80144,80152,80153,1,8
80144,80152,80154,2,8
80144,80152,80153,1,8
80144,80152,80154,2,8
80144,80151,80153,2,7
80144,80152,80154,2,8
80144,80152,80154,2,8
80144,80152,80154,2,8
80144,80152,80154,2,8
80144,80152,80154,2,8
80144,80152,80154,2,8
80144,80153,80155,2,9
80144,80153,80155,2,9
80144,80154,80155,1,10
80144,80154,80155,1,10
80144,80154,80155,1,10
80144,80154,80155,1,10
80144,80154,80155,1,10
80144,80154,80155,1,10
80144,80154,80155,1,10
80144,80154,80156,2,10
80144,80154,80156,2,10
80144,80154,80156,2,10
80144,80154,80156,2,10
80144,80154,80156,2,10
80144,80154,80156,2,10
80144,80156,80157,1,12
80144,80156,80157,1,12
80144,80155,80157,2,11
80144,80156,80157,1,12
80144,80156,80157,1,12
80144,80155,80157,2,11
80144,80156,80157,1,12
80144,80156,80157,1,12
80144,80157,80158,1,13
80144,80156,80157,1,12
80144,80156,80157,1,12
80144,80156,80157,1,12
80144,80157,80158,1,13
80144,80157,80158,1,13
80144,80157,80158,1,13
80144,80156,80158,2,12
80144,80157,80158,1,13
80144,80157,80158,1,13
80144,80157,80158,1,13
80144,80158,80159,1,14
80144,80158,80159,1,14
80144,80158,80159,1,14
80144,80158,80159,1,14
80144,80158,80159,1,14
80144,80158,80159,1,14
80144,80158,80159,1,14
80144,80158,80159,1,14
80144,80159,80160,1,15
80144,80159,80160,1,15
80144,80159,80160,1,15
80144,80159,80160,1,15
80144,80159,80160,1,15
80144,80159,80160,1,15
80144,80159,80160,1,15
80144,80159,80160,1,15
80144,80159,80160,1,15
80144,80159,80160,1,15
80144,80159,80160,1,15
80144,80160,80161,1,16
80144,80160,80162,2,16
80144,80160,80161,1,16
80144,80160,80161,1,16
79448,79455,80167,712,7
80170,80170,80171,1,0
80170,80170,80171,1,0
80170,80170,80171,1,0
80170,80170,80171,1,0
80170,80170,80171,1,0
80170,80170,80171,1,0
80170,80170,80171,1,0
80170,80170,80171,1,0
80170,80170,80171,1,0
80170,80170,80171,1,0
80170,80170,80171,1,0
80170,80170,80171,1,0
80170,80170,80171,1,0
80170,80170,80171,1,0
80170,80170,80171,1,0
80170,80170,80171,1,0
80170,80170,80172,2,0
80170,80171,80172,1,1
80170,80171,80172,1,1
80170,80171,80172,1,1
80170,80171,80173,2,1
80170,80171,80173,2,1
80170,80171,80172,1,1
80170,80171,80173,2,1
80170,80172,80173,1,2
80170,80171,80173,2,1
80170,80171,80173,2,1
80170,80171,80173,2,1
80170,80171,80173,2,1
80170,80172,80173,1,2
80170,80172,80174,2,2
80170,80173,80174,1,3
80170,80172,80174,2,2
80170,80173,80174,1,3
80170,80173,80174,1,3
80170,80173,80174,1,3
80170,80173,80174,1,3
80170,80174,80175,1,4
80170,80174,80175,1,4
80170,80174,80175,1,4
80170,80174,80175,1,4
80170,80174,80175,1,4
80170,80174,80175,1,4
80170,80175,80176,1,5
80170,80174,80175,1,4
80170,80174,80175,1,4
80170,80174,80175,1,4
80170,80175,80176,1,5
80170,80174,80176,2,4
80170,80175,80176,1,5
80170,80175,80176,1,5
80170,80175,80176,1,5
80170,80175,80176,1,5
80170,80176,80177,1,6
80170,80176,80177,1,6
80170,80176,80177,1,6
80170,80176,80177,1,6
80170,80176,80177,1,6
80170,80176,80177,1,6
80170,80176,80177,1,6
80170,80176,80177,1,6
80170,80177,80178,1,7
80170,80177,80178,1,7
80170,80176,80177,1,6
80170,80176,80177,1,6
80170,80177,80178,1,7
80170,80177,80178,1,7
80170,80177,80178,1,7
80170,80178,80179,1,8
80170,80177,80178,1,7
80170,80178,80179,1,8
80170,80177,80178,1,7
80170,80178,80179,1,8
80170,80178,80179,1,8
80170,80177,80178,1,7
80170,80178,80179,1,8
80170,80178,80179,1,8
80170,80178,80179,1,8
80170,80179,80180,1,9
80170,80178,80179,1,8
79693,79700,80186,486,7
80191,80191,80192,1,0
80191,80191,80192,1,0
80191,80191,80192,1,0
80191,80191,80192,1,0
80191,80191,80192,1,0
80191,80191,80192,1,0
80191,80191,80192,1,0
80191,80191,80192,1,0
80191,80191,80192,1,0
80191,80191,80192,1,0
80191,80191,80192,1,0
80191,80192,80193,1,1
80191,80192,80194,2,1
80191,80192,80194,2,1
80191,80192,80193,1,1
80191,80192,80193,1,1
80191,80192,80193,1,1
80191,80192,80193,1,1
80191,80192,80194,2,1
80191,80192,80194,2,1
80191,80192,80194,2,1
80191,80192,80194,2,1
80191,80192,80194,2,1
80191,80193,80195,2,2
80191,80193,80195,2,2
80191,80194,80195,1,3
80191,80194,80195,1,3
80191,80194,80195,1,3
80191,80194,80195,1,3
80191,80194,80195,1,3
80191,80194,80195,1,3
80191,80193,80195,2,2
80191,80193,80195,2,2
80191,80194,80195,1,3
80191,80194,80195,1,3
80191,80193,80195,2,2
80191,80195,80196,1,4
80191,80194,80196,2,3
80191,80194,80196,2,3
80191,80194,80196,2,3
80191,80195,80196,1,4
80191,80195,80196,1,4
80191,80195,80196,1,4
80191,80195,80196,1,4
80191,80194,80195,1,3
80191,80195,80196,1,4
80191,80195,80196,1,4
80191,80195,80196,1,4
80191,80195,80196,1,4
80191,80196,80197,1,5
80191,80195,80196,1,4
80191,80196,80197,1,5
80191,80196,80197,1,5
80191,80196,80197,1,5
80191,80196,80197,1,5
80191,80196,80197,1,5
80191,80196,80197,1,5
80191,80196,80197,1,5
80191,80197,80198,1,6
80191,80197,80198,1,6
80191,80197,80198,1,6
80191,80196,80197,1,5
80191,80196,80197,1,5
80191,80197,80198,1,6
80191,80198,80199,1,7
80191,80198,80199,1,7
80191,80198,80199,1,7
80191,80199,80200,1,8
80191,80199,80200,1,8
80191,80199,80200,1,8
80191,80199,80200,1,8
80191,80197,80199,2,6
80191,80199,80200,1,8
80191,80197,80201,4,6
80191,80205,80208,3,14
79477,79485,80222,737,8
80228,80228,80229,1,0
80228,80228,80229,1,0
80228,80228,80229,1,0
80228,80228,80229,1,0
80228,80228,80229,1,0
80228,80228,80229,1,0
80228,80228,80230,2,0
80228,80229,80230,1,1
80228,80229,80230,1,1
80228,80228,80229,1,0
80228,80229,80230,1,1
80228,80229,80230,1,1
80228,80229,80230,1,1
80228,80229,80231,2,1
80228,80229,80231,2,1
80228,80229,80231,2,1
80228,80229,80230,1,1
80228,80229,80230,1,1
80228,80229,80230,1,1
80228,80230,80231,1,2
80228,80229,80230,1,1
80228,80229,80230,1,1
80228,80229,80230,1,1
80228,80230,80232,2,2
80228,80231,80232,1,3
80228,80230,80231,1,2
80228,80231,80232,1,3
80228,80231,80232,1,3
80228,80231,80232,1,3
80228,80230,80231,1,2
80228,80231,80232,1,3
80228,80231,80232,1,3
80228,80231,80232,1,3
80228,80230,80231,1,2
80228,80231,80232,1,3
80228,80231,80232,1,3
80228,80231,80232,1,3
80228,80232,80233,1,4
80228,80232,80233,1,4
80228,80232,80233,1,4
80228,80232,80233,1,4
80228,80231,80232,1,3
80228,80231,80232,1,3
80228,80231,80232,1,3
80228,80232,80233,1,4
80228,80232,80233,1,4
80228,80232,80233,1,4
80228,80232,80233,1,4
80228,80232,80233,1,4
80228,80232,80233,1,4
80228,80232,80233,1,4
80228,80232,80233,1,4
80228,80232,80233,1,4
80228,80232,80233,1,4
80228,80233,80234,1,5
80228,80233,80234,1,5
80228,80233,80234,1,5
80228,80233,80234,1,5
80228,80233,80234,1,5
80228,80233,80234,1,5
80228,80233,80234,1,5
80228,80233,80234,1,5
80228,80233,80234,1,5
80228,80233,80234,1,5
80228,80233,80234,1,5
80228,80233,80234,1,5
80228,80233,80234,1,5
80228,80234,80235,1,6
80228,80234,80235,1,6
79534,79542,80235,693,8
80228,80234,80235,1,6
80228,80234,80235,1,6
80228,80234,80235,1,6
80228,80234,80235,1,6
80228,80234,80235,1,6
80228,80234,80235,1,6
80228,80234,80235,1,6
80228,80234,80235,1,6
80228,80234,80235,1,6
80228,80234,80235,1,6
80228,80234,80235,1,6
80228,80235,80236,1,7
80228,80235,80236,1,7
80228,80235,80236,1,7
80228,80235,80236,1,7
80235,80235,80236,1,0
80235,80235,80236,1,0
80235,80235,80236,1,0
80235,80235,80236,1,0
80235,80235,80236,1,0
80235,80236,80237,1,1
80235,80236,80237,1,1
80235,80236,80237,1,1
80235,80236,80237,1,1
80235,80236,80237,1,1
80235,80236,80237,1,1
80235,80236,80237,1,1
80235,80236,80237,1,1
80235,80236,80237,1,1
80235,80235,80236,1,0
80235,80236,80237,1,1
80235,80236,80238,2,1
80235,80236,80238,2,1
80235,80237,80238,1,2
80235,80237,80238,1,2
80235,80237,80238,1,2
80235,80237,80238,1,2
80235,80237,80239,2,2
80235,80237,80238,1,2
80235,80237,80239,2,2
80235,80237,80239,2,2
80235,80237,80239,2,2
80235,80237,80239,2,2
80235,80237,80238,1,2
80235,80237,80239,2,2
80235,80237,80239,2,2
80235,80238,80239,1,3
80235,80239,80240,1,4
80235,80239,80240,1,4
80235,80239,80240,1,4
80235,80239,80240,1,4
80235,80238,80240,2,3
80235,80239,80240,1,4
80235,80239,80240,1,4
80235,80239,80240,1,4
80235,80239,80240,1,4
80235,80239,80240,1,4
80235,80240,80241,1,5
80235,80239,80241,2,4
80235,80240,80241,1,5
79752,79760,80241,481,8
80235,80239,80241,2,4
80235,80239,80240,1,4
80235,80239,80241,2,4
80235,80239,80241,2,4
80235,80239,80240,1,4
80235,80240,80241,1,5
80235,80241,80242,1,6
80235,80241,80242,1,6
80235,80241,80242,1,6
80235,80241,80242,1,6
80235,80241,80242,1,6
80235,80241,80242,1,6
80235,80241,80242,1,6
80235,80240,80242,2,5
80235,80241,80242,1,6
80235,80240,80242,2,5
80235,80240,80241,1,5
80235,80241,80242,1,6
80235,80241,80242,1,6
80235,80242,80243,1,7
80235,80242,80243,1,7
80235,80242,80243,1,7
80235,80242,80243,1,7
80235,80242,80243,1,7
80235,80242,80243,1,7
80235,80243,80244,1,8
80235,80243,80244,1,8
80235,80243,80244,1,8
80235,80243,80244,1,8
80235,80243,80244,1,8
80235,80243,80244,1,8
80235,80243,80244,1,8
80235,80243,80244,1,8
80235,80243,80244,1,8
80235,80243,80244,1,8
80235,80243,80244,1,8
80254,80254,80255,1,0
80254,80254,80255,1,0
80254,80254,80255,1,0
80254,80254,80255,1,0
80254,80254,80255,1,0
80254,80254,80255,1,0
80254,80254,80255,1,0
80254,80254,80255,1,0
80254,80254,80255,1,0
80254,80254,80255,1,0
80254,80254,80255,1,0
80254,80254,80255,1,0
80254,80254,80255,1,0
80254,80254,80255,1,0
80254,80254,80255,1,0
80254,80254,80256,2,0
80254,80254,80256,2,0
80254,80255,80256,1,1
80254,80256,80257,1,2
80254,80255,80257,2,1
80254,80256,80257,1,2
80254,80256,80257,1,2
80254,80256,80257,1,2
80254,80256,80257,1,2
80254,80256,80257,1,2
80254,80256,80257,1,2
80254,80256,80257,1,2
80254,80256,80258,2,2
80254,80256,80257,1,2
80254,80256,80257,1,2
80254,80256,80257,1,2
80254,80256,80257,1,2
80254,80257,80258,1,3
80254,80258,80259,1,4
80254,80258,80259,1,4
80254,80258,80259,1,4
80254,80258,80259,1,4
80254,80258,80259,1,4
80254,80257,80258,1,3
80254,80257,80259,2,3
80254,80258,80259,1,4
80254,80258,80259,1,4
80254,80258,80259,1,4
80254,80258,80259,1,4
80254,80258,80259,1,4
80254,80258,80259,1,4
80254,80259,80260,1,5
80254,80258,80259,1,4
80254,80259,80260,1,5
80254,80259,80260,1,5
80254,80260,80261,1,6
80254,80260,80261,1,6
80254,80260,80261,1,6
80254,80260,80261,1,6
80254,80260,80261,1,6
80254,80260,80261,1,6
80254,80260,80261,1,6
80254,80261,80262,1,7
80254,80261,80262,1,7
80254,80261,80262,1,7
80254,80261,80262,1,7
80254,80261,80262,1,7
80254,80261,80262,1,7
80254,80261,80263,2,7
80254,80262,80263,1,8
80254,80262,80263,1,8
80254,80261,80262,1,7
79559,79568,80311,743,9
80311,80311,80312,1,0
80311,80311,80312,1,0
80311,80311,80312,1,0
80311,80311,80312,1,0
80311,80311,80312,1,0
80311,80311,80312,1,0
80311,80311,80312,1,0
80311,80311,80312,1,0
80311,80311,80312,1,0
80311,80311,80312,1,0
80311,80311,80312,1,0
80311,80311,80312,1,0
80311,80311,80312,1,0
80311,80311,80312,1,0
80311,80312,80313,1,1
80311,80312,80313,1,1
80311,80311,80313,2,0
80311,80312,80314,2,1
80311,80312,80314,2,1
80311,80312,80314,2,1
80311,80312,80314,2,1
80311,80313,80314,1,2
80311,80312,80314,2,1
80311,80313,80314,1,2
80311,80312,80314,2,1
80311,80312,80314,2,1
80311,80313,80314,1,2
80311,80313,80314,1,2
80311,80313,80314,1,2
80311,80313,80314,1,2
80311,80312,80315,3,1
80311,80314,80315,1,3
80311,80314,80315,1,3
80311,80315,80316,1,4
80311,80314,80315,1,3
80311,80314,80316,2,3
80311,80315,80316,1,4
80311,80315,80316,1,4
80311,80315,80316,1,4
80311,80315,80316,1,4
80311,80316,80317,1,5
80311,80315,80316,1,4
80311,80315,80316,1,4
80311,80316,80317,1,5
80311,80316,80317,1,5
80311,80316,80317,1,5
80311,80316,80317,1,5
80311,80317,80318,1,6
80311,80317,80318,1,6
80311,80317,80318,1,6
80311,80317,80318,1,6
80311,80318,80319,1,7
79830,79844,80318,474,14
80311,80318,80319,1,7
80311,80318,80319,1,7
80311,80318,80319,1,7
80311,80318,80319,1,7
80311,80319,80320,1,8
80311,80319,80320,1,8
80311,80319,80320,1,8
80311,80319,80320,1,8
80311,80319,80320,1,8
80321,80321,80322,1,0
80321,80321,80322,1,0
80321,80322,80323,1,1
80321,80322,80323,1,1
79832,79844,80322,478,12
80321,80322,80323,1,1
80321,80322,80323,1,1
80321,80322,80323,1,1
80321,80322,80323,1,1
80321,80322,80323,1,1
80321,80322,80323,1,1
80321,80322,80323,1,1
80321,80322,80323,1,1
80321,80322,80323,1,1
80321,80322,80324,2,1
80321,80322,80323,1,1
80321,80322,80323,1,1
80321,80322,80323,1,1
80321,80322,80323,1,1
80321,80323,80324,1,2
80321,80323,80324,1,2
80321,80323,80324,1,2
80321,80323,80324,1,2
80321,80323,80324,1,2
80321,80324,80325,1,3
80321,80323,80324,1,2
80321,80324,80325,1,3
80321,80324,80325,1,3
80321,80324,80325,1,3
80321,80324,80326,2,3
80321,80324,80326,2,3
80321,80324,80325,1,3
80321,80324,80325,1,3
80321,80324,80325,1,3
80321,80324,80325,1,3
80321,80324,80325,1,3
80321,80324,80325,1,3
80321,80324,80325,1,3
80321,80325,80326,1,4
80321,80325,80326,1,4
80321,80325,80326,1,4
80321,80325,80326,1,4
80321,80325,80326,1,4
80321,80325,80326,1,4
80321,80326,80327,1,5
80321,80326,80327,1,5
80321,80326,80327,1,5
80321,80326,80327,1,5
80321,80326,80327,1,5
80321,80325,80326,1,4
80321,80326,80327,1,5
80321,80326,80327,1,5
80321,80326,80327,1,5
80321,80326,80327,1,5
80321,80326,80327,1,5
80321,80326,80327,1,5
80321,80326,80327,1,5
80321,80326,80327,1,5
80321,80326,80327,1,5
80321,80326,80327,1,5
80321,80326,80327,1,5
80321,80327,80328,1,6
80321,80326,80327,1,5
80321,80327,80328,1,6
80321,80327,80328,1,6
80321,80327,80328,1,6
80321,80327,80328,1,6
80321,80327,80328,1,6
80321,80327,80328,1,6
80321,80327,80328,1,6
80321,80327,80328,1,6
80321,80327,80328,1,6
80321,80327,80328,1,6
80321,80327,80328,1,6
80321,80328,80329,1,7
80321,80327,80328,1,6
80321,80328,80329,1,7
80321,80327,80328,1,6
80321,80327,80328,1,6
80321,80328,80329,1,7
80321,80328,80329,1,7
80321,80327,80328,1,6
80321,80328,80329,1,7
80341,80342,80343,1,1
80341,80343,80344,1,2
80341,80343,80344,1,2
80341,80343,80344,1,2
80341,80343,80344,1,2
80341,80343,80344,1,2
80341,80342,80344,2,1
80341,80342,80344,2,1
80341,80343,80344,1,2
80341,80343,80344,1,2
80341,80343,80344,1,2
80341,80343,80344,1,2
80341,80343,80344,1,2
80341,80344,80345,1,3
80341,80344,80345,1,3
80341,80345,80346,1,4
80341,80345,80346,1,4
80341,80345,80346,1,4
80341,80345,80346,1,4
80341,80345,80346,1,4
80341,80345,80346,1,4
80341,80345,80346,1,4
80341,80346,80347,1,5
80341,80346,80347,1,5
80341,80346,80347,1,5
80341,80345,80346,1,4
80341,80346,80347,1,5
80341,80346,80347,1,5
80341,80345,80347,2,4
80341,80347,80348,1,6
80341,80346,80347,1,5
80341,80347,80348,1,6
80341,80347,80348,1,6
80341,80347,80348,1,6
80341,80347,80348,1,6
80341,80347,80348,1,6
80341,80347,80348,1,6
80341,80348,80349,1,7
80341,80348,80349,1,7
80341,80348,80349,1,7
80341,80348,80349,1,7
80341,80348,80349,1,7
80341,80348,80349,1,7
80341,80348,80349,1,7
80341,80348,80349,1,7
80341,80348,80349,1,7
79943,79951,80438,487,8
80439,80439,80440,1,0
80439,80439,80440,1,0
80439,80439,80440,1,0
80439,80439,80440,1,0
80439,80439,80440,1,0
80439,80439,80440,1,0
80439,80440,80441,1,1
80439,80439,80440,1,0
80439,80439,80440,1,0
80439,80440,80441,1,1
80439,80440,80441,1,1
80439,80440,80441,1,1
80439,80440,80441,1,1
80439,80440,80441,1,1
80439,80440,80441,1,1
80439,80440,80441,1,1
80439,80440,80441,1,1
80439,80440,80441,1,1
80439,80441,80442,1,2
80439,80440,80441,1,1
80439,80440,80442,2,1
80439,80439,80442,3,0
80439,80440,80442,2,1
80439,80441,80442,1,2
80439,80442,80443,1,3
80439,80442,80443,1,3
80439,80442,80443,1,3
80439,80442,80443,1,3
80439,80442,80443,1,3
80439,80442,80443,1,3
80439,80442,80443,1,3
80439,80442,80443,1,3
80439,80442,80443,1,3
80439,80442,80443,1,3
80439,80441,80442,1,2
80439,80442,80443,1,3
80439,80441,80443,2,2
80439,80443,80444,1,4
80439,80443,80444,1,4
80439,80443,80444,1,4
80439,80442,80443,1,3
80439,80443,80444,1,4
80439,80443,80444,1,4
80439,80443,80444,1,4
80439,80443,80444,1,4
80439,80443,80444,1,4
80439,80443,80444,1,4
80439,80443,80444,1,4
80439,80443,80444,1,4
80439,80443,80444,1,4
80439,80443,80444,1,4
80439,80442,80443,1,3
80439,80442,80443,1,3
80439,80444,80445,1,5
80439,80444,80445,1,5
80439,80444,80445,1,5
80439,80444,80445,1,5
80439,80444,80445,1,5
80439,80444,80445,1,5
80439,80443,80444,1,4
80439,80444,80445,1,5
80439,80444,80445,1,5
80439,80444,80445,1,5
80439,80444,80445,1,5
80439,80444,80445,1,5
80439,80444,80445,1,5
80439,80444,80445,1,5
80439,80444,80445,1,5
80439,80444,80445,1,5
80439,80444,80445,1,5
80439,80445,80446,1,6
80439,80445,80446,1,6
80439,80445,80446,1,6
80439,80445,80446,1,6
80439,80445,80446,1,6
80439,80445,80446,1,6
80439,80445,80446,1,6
80439,80445,80446,1,6
80439,80445,80446,1,6
80439,80445,80446,1,6
80439,80445,80446,1,6
80439,80445,80446,1,6
80439,80445,80446,1,6
80439,80446,80447,1,7
79973,79980,80457,477,7
80465,80465,80466,1,0
80465,80465,80466,1,0
80465,80465,80466,1,0
80465,80465,80466,1,0
80465,80465,80466,1,0
80465,80465,80466,1,0
80465,80465,80466,1,0
80465,80465,80466,1,0
80465,80465,80466,1,0
80465,80465,80466,1,0
80465,80465,80466,1,0
80465,80465,80466,1,0
80465,80465,80467,2,0
80465,80465,80467,2,0
80465,80465,80467,2,0
80465,80465,80468,3,0
80465,80466,80468,2,1
80465,80466,80468,2,1
80465,80466,80468,2,1
80465,80466,80468,2,1
80465,80466,80468,2,1
80465,80466,80468,2,1
80465,80466,80468,2,1
80465,80466,80467,1,1
80465,80467,80468,1,2
80465,80467,80468,1,2
80465,80467,80469,2,2
80465,80466,80469,3,1
80465,80466,80469,3,1
80465,80466,80469,3,1
80465,80468,80469,1,3
80465,80469,80470,1,4
80465,80469,80470,1,4
80465,80469,80470,1,4
80465,80469,80470,1,4
80465,80470,80471,1,5
80465,80470,80471,1,5
80465,80470,80471,1,5
80465,80471,80472,1,6
80465,80470,80471,1,5
80465,80471,80472,1,6
80465,80471,80472,1,6
80465,80472,80473,1,7
80465,80472,80473,1,7
80465,80465,80473,8,0
80465,80472,80473,1,7
80465,80472,80474,2,7
80465,80473,80474,1,8
80465,80472,80473,1,7
80465,80473,80474,1,8
80465,80473,80474,1,8
80465,80473,80474,1,8
80465,80473,80474,1,8
80465,80473,80474,1,8
80465,80473,80474,1,8
80465,80473,80474,1,8
80465,80473,80474,1,8
80465,80474,80475,1,9
79785,79791,80518,727,6
79788,79799,80519,720,11
80520,80520,80521,1,0
80520,80520,80521,1,0
80520,80520,80521,1,0
80520,80520,80521,1,0
80520,80520,80521,1,0
80520,80520,80522,2,0
80520,80520,80522,2,0
80520,80520,80521,1,0
80520,80521,80522,1,1
80520,80521,80522,1,1
80520,80521,80522,1,1
80520,80521,80522,1,1
80520,80521,80522,1,1
80520,80521,80522,1,1
80520,80521,80522,1,1
80520,80521,80522,1,1
80520,80521,80522,1,1
80520,80521,80523,2,1
80520,80521,80523,2,1
80520,80521,80522,1,1
80520,80522,80523,1,2
80520,80522,80523,1,2
80520,80523,80524,1,3
80520,80523,80524,1,3
80520,80523,80524,1,3
80520,80523,80524,1,3
80520,80523,80524,1,3
80520,80523,80524,1,3
80520,80523,80524,1,3
80520,80523,80524,1,3
80520,80523,80524,1,3
80520,80523,80524,1,3
80520,80522,80523,1,2
80520,80523,80524,1,3
80520,80520,80525,5,0
80520,80522,80524,2,2
80520,80522,80524,2,2
80520,80524,80525,1,4
80520,80524,80525,1,4
80520,80524,80525,1,4
80520,80524,80525,1,4
80520,80524,80525,1,4
80520,80524,80525,1,4
80520,80524,80525,1,4
80520,80524,80525,1,4
80520,80523,80524,1,3
80520,80524,80525,1,4
80520,80524,80525,1,4
80520,80524,80525,1,4
80520,80524,80525,1,4
80520,80525,80526,1,5
80520,80525,80526,1,5
80520,80524,80525,1,4
80520,80524,80525,1,4
80520,80525,80526,1,5
80520,80525,80526,1,5
80520,80525,80526,1,5
80520,80525,80526,1,5
80520,80525,80526,1,5
80520,80525,80526,1,5
80520,80525,80526,1,5
80520,80525,80526,1,5
80520,80525,80526,1,5
80520,80525,80526,1,5
80520,80525,80526,1,5
80520,80525,80526,1,5
80520,80525,80526,1,5
80520,80526,80527,1,6
80520,80526,80527,1,6
80520,80526,80527,1,6
80520,80526,80527,1,6
80520,80526,80527,1,6
80520,80526,80527,1,6
80520,80526,80527,1,6
80520,80526,80527,1,6
80520,80526,80527,1,6
80520,80526,80527,1,6
80520,80526,80527,1,6
80520,80526,80527,1,6
80520,80526,80527,1,6
80520,80526,80527,1,6
80520,80526,80527,1,6
80520,80527,80528,1,7
80520,80527,80528,1,7
80520,80527,80528,1,7
80522,80527,80528,1,5
80522,80527,80528,1,5
80520,80527,80528,1,7
80520,80527,80528,1,7
80520,80527,80528,1,7
80522,80527,80528,1,5
80520,80527,80528,1,7
80520,80527,80528,1,7
80522,80528,80529,1,6
80522,80528,80529,1,6
80522,80529,80530,1,7
80522,80529,80530,1,7
80522,80529,80530,1,7
80522,80529,80530,1,7
80522,80530,80531,1,8
80522,80530,80531,1,8
80522,80529,80530,1,7
80522,80530,80531,1,8
80522,80530,80531,1,8
80522,80530,80531,1,8
80522,80530,80531,1,8
80522,80529,80531,2,7
80522,80530,80531,1,8
80522,80530,80531,1,8
80522,80530,80531,1,8
80522,80531,80532,1,9
80522,80531,80532,1,9
80522,80531,80532,1,9
80522,80531,80532,1,9
80522,80531,80532,1,9
80522,80531,80532,1,9
80522,80531,80532,1,9
80522,80529,80531,2,7
80522,80531,80532,1,9
80522,80531,80532,1,9
80522,80531,80532,1,9
80522,80531,80532,1,9
80522,80532,80533,1,10
80522,80532,80533,1,10
80522,80532,80533,1,10
80522,80532,80533,1,10
80522,80532,80533,1,10
80522,80532,80533,1,10
80522,80532,80533,1,10
80522,80532,80533,1,10
80522,80531,80533,2,9
80522,80532,80533,1,10
80522,80532,80533,1,10
80522,80532,80533,1,10
80522,80533,80534,1,11
80522,80533,80534,1,11
80520,80525,80533,8,5
80522,80533,80534,1,11
80522,80533,80534,1,11
80522,80533,80534,1,11
80522,80533,80534,1,11
80522,80533,80534,1,11
80522,80533,80534,1,11
80522,80533,80534,1,11
80522,80534,80535,1,12
80522,80533,80534,1,11
80522,80534,80535,1,12
80522,80534,80535,1,12
80522,80534,80535,1,12
80522,80534,80535,1,12
80522,80534,80535,1,12
80522,80534,80535,1,12
80522,80534,80535,1,12
80522,80534,80535,1,12
80522,80534,80535,1,12
80522,80534,80535,1,12
80522,80533,80535,2,11
80522,80534,80535,1,12
80522,80535,80536,1,13
80522,80534,80535,1,12
80522,80534,80535,1,12
80522,80535,80536,1,13
80522,80535,80536,1,13
80522,80535,80536,1,13
80522,80535,80536,1,13
80522,80535,80536,1,13
80522,80535,80536,1,13
80522,80535,80536,1,13
80522,80535,80536,1,13
80522,80535,80536,1,13
80522,80533,80535,2,11
80522,80535,80536,1,13
80522,80536,80537,1,14
79884,79892,80617,725,8
80618,80618,80619,1,0
80618,80618,80619,1,0
80618,80618,80619,1,0
80618,80618,80619,1,0
80618,80618,80619,1,0
80618,80618,80619,1,0
80618,80618,80619,1,0
80618,80618,80619,1,0
80618,80618,80619,1,0
80618,80618,80619,1,0
80618,80618,80619,1,0
80618,80618,80619,1,0
80618,80618,80619,1,0
80618,80618,80619,1,0
80618,80618,80619,1,0
80618,80619,80620,1,1
80618,80619,80620,1,1
80618,80619,80620,1,1
80618,80619,80620,1,1
80618,80619,80620,1,1
80618,80619,80620,1,1
80618,80619,80620,1,1
80618,80619,80620,1,1
80618,80619,80620,1,1
80618,80619,80620,1,1
80618,80619,80620,1,1
80618,80619,80620,1,1
80618,80618,80621,3,0
80618,80619,80621,2,1
80618,80620,80621,1,2
80618,80620,80621,1,2
80618,80620,80621,1,2
80618,80620,80621,1,2
80618,80620,80621,1,2
80618,80620,80621,1,2
80618,80620,80621,1,2
80618,80620,80621,1,2
80618,80620,80621,1,2
80618,80620,80621,1,2
80618,80620,80621,1,2
80618,80620,80621,1,2
80618,80620,80622,2,2
80618,80620,80621,1,2
80618,80620,80621,1,2
80618,80621,80622,1,3
80618,80621,80622,1,3
80618,80621,80622,1,3
80618,80621,80622,1,3
80618,80621,80622,1,3
80618,80621,80622,1,3
80618,80621,80622,1,3
80618,80621,80622,1,3
80618,80621,80622,1,3
80618,80621,80622,1,3
80618,80621,80622,1,3
80618,80621,80622,1,3
80618,80621,80623,2,3
80618,80621,80622,1,3
80618,80622,80623,1,4
80618,80622,80623,1,4
80618,80622,80624,2,4
80618,80623,80624,1,5
80618,80623,80625,2,5
80618,80623,80624,1,5
80618,80624,80625,1,6
80618,80624,80625,1,6
80618,80624,80625,1,6
80192,80199,80707,508,7
80709,80709,80710,1,0
80709,80709,80710,1,0
80709,80709,80710,1,0
80709,80709,80710,1,0
80709,80709,80710,1,0
80709,80709,80711,2,0
80709,80709,80711,2,0
80709,80709,80711,2,0
80709,80710,80712,2,1
80709,80710,80712,2,1
80709,80710,80712,2,1
80709,80710,80711,1,1
80709,80710,80712,2,1
80709,80710,80712,2,1
80709,80710,80712,2,1
80709,80710,80711,1,1
80709,80710,80711,1,1
80709,80710,80712,2,1
80709,80712,80713,1,3
80709,80712,80713,1,3
80709,80710,80712,2,1
80709,80711,80712,1,2
80709,80712,80713,1,3
80709,80712,80713,1,3
80709,80712,80714,2,3
80709,80712,80713,1,3
80709,80712,80713,1,3
80709,80712,80713,1,3
80709,80713,80714,1,4
80709,80712,80713,1,3
80709,80713,80714,1,4
80709,80713,80714,1,4
80709,80712,80713,1,3
80709,80713,80714,1,4
80709,80713,80714,1,4
80709,80712,80713,1,3
80709,80712,80713,1,3
80709,80713,80715,2,4
80709,80713,80714,1,4
80709,80711,80715,4,2
80709,80714,80715,1,5
80709,80714,80715,1,5
80709,80714,80715,1,5
80709,80714,80715,1,5
80709,80714,80715,1,5
80709,80714,80715,1,5
80709,80714,80715,1,5
80709,80714,80715,1,5
80709,80714,80715,1,5
80709,80713,80714,1,4
80709,80714,80715,1,5
80709,80714,80715,1,5
80709,80714,80715,1,5
80709,80714,80715,1,5
80709,80715,80716,1,6
80709,80715,80716,1,6
80709,80715,80716,1,6
80709,80715,80716,1,6
80709,80715,80716,1,6
80709,80715,80716,1,6
80709,80715,80716,1,6
80709,80715,80716,1,6
80709,80715,80716,1,6
80709,80715,80716,1,6
80709,80715,80716,1,6
80709,80715,80716,1,6
80709,80716,80717,1,7
80709,80716,80717,1,7
80709,80716,80717,1,7
80709,80716,80717,1,7
80709,80716,80717,1,7
80709,80716,80717,1,7
80709,80716,80717,1,7
80709,80716,80717,1,7
80709,80716,80717,1,7
80709,80715,80717,2,6
80709,80716,80717,1,7
80709,80716,80717,1,7
80709,80717,80718,1,8
80709,80716,80717,1,7
80709,80716,80717,1,7
80709,80717,80718,1,8
80709,80715,80719,4,6
80709,80718,80721,3,9
80045,80051,80759,708,6
80762,80762,80763,1,0
80762,80762,80763,1,0
80762,80762,80764,2,0
80762,80762,80764,2,0
80762,80763,80765,2,1
80762,80763,80764,1,1
80762,80763,80764,1,1
80762,80763,80765,2,1
80762,80763,80765,2,1
80762,80763,80764,1,1
80762,80763,80764,1,1
80762,80763,80764,1,1
80762,80763,80764,1,1
80762,80762,80765,3,0
80762,80762,80765,3,0
80762,80764,80766,2,2
80762,80764,80766,2,2
80762,80765,80766,1,3
80762,80765,80766,1,3
80762,80765,80766,1,3
80762,80765,80766,1,3
80762,80765,80766,1,3
80762,80765,80766,1,3
80762,80765,80766,1,3
80762,80765,80766,1,3
80762,80765,80766,1,3
80762,80765,80766,1,3
80762,80766,80767,1,4
80762,80762,80766,4,0
80762,80764,80766,2,2
80762,80762,80767,5,0
80762,80766,80767,1,4
80762,80766,80767,1,4
80762,80766,80767,1,4
80762,80767,80768,1,5
80762,80767,80768,1,5
80762,80767,80768,1,5
80762,80767,80768,1,5
80762,80767,80768,1,5
80762,80767,80768,1,5
80762,80767,80768,1,5
80762,80767,80768,1,5
80762,80766,80768,2,4
80762,80768,80769,1,6
80762,80768,80769,1,6
80762,80767,80768,1,5
80762,80768,80769,1,6
80762,80767,80768,1,5
80762,80768,80769,1,6
80762,80768,80769,1,6
80762,80768,80769,1,6
80762,80768,80769,1,6
80762,80768,80769,1,6
80762,80768,80769,1,6
80762,80768,80769,1,6
80762,80768,80769,1,6
80762,80768,80769,1,6
80762,80769,80770,1,7
80762,80769,80770,1,7
80762,80767,80770,3,5
80762,80769,80770,1,7
80762,80769,80770,1,7
80762,80769,80770,1,7
80762,80769,80770,1,7
80762,80769,80770,1,7
80762,80769,80770,1,7
80762,80769,80770,1,7
80762,80769,80770,1,7
80762,80769,80770,1,7
80762,80769,80770,1,7
80762,80770,80771,1,8
80762,80767,80770,3,5
80762,80770,80771,1,8
80762,80770,80771,1,8
80762,80770,80771,1,8
80762,80770,80771,1,8
80762,80770,80771,1,8
80762,80770,80771,1,8
80762,80770,80771,1,8
80762,80770,80771,1,8
80762,80770,80771,1,8
80762,80771,80772,1,9
80762,80771,80772,1,9
80762,80771,80772,1,9
80762,80771,80772,1,9
80762,80770,80771,1,8
80762,80770,80771,1,8
80079,80091,80778,687,12
80762,80769,80778,9,7
80313,80319,80790,471,6
80077,80083,80791,708,6
80004,80010,80795,785,6
80798,80798,80799,1,0
80798,80798,80799,1,0
80798,80798,80799,1,0
80798,80798,80799,1,0
80798,80798,80799,1,0
80798,80798,80799,1,0
80798,80798,80799,1,0
80798,80798,80799,1,0
80798,80798,80799,1,0
80798,80798,80799,1,0
80798,80798,80799,1,0
80798,80798,80799,1,0
80798,80798,80800,2,0
80798,80798,80800,2,0
80798,80798,80801,3,0
80798,80798,80801,3,0
80798,80798,80801,3,0
80798,80799,80801,2,1
80798,80799,80800,1,1
80798,80799,80801,2,1
80798,80799,80801,2,1
80798,80799,80800,1,1
80798,80799,80800,1,1
80798,80799,80801,2,1
80798,80799,80801,2,1
80798,80799,80801,2,1
80798,80799,80800,1,1
80798,80798,80801,3,0
80798,80799,80802,3,1
80798,80800,80801,1,2
80798,80800,80802,2,2
80798,80801,80802,1,3
80798,80801,80802,1,3
80798,80801,80802,1,3
80798,80801,80803,2,3
80798,80801,80803,2,3
80798,80802,80803,1,4
80798,80801,80803,2,3
80798,80801,80803,2,3
80798,80801,80803,2,3
80798,80801,80803,2,3
80798,80801,80803,2,3
80798,80801,80803,2,3
80798,80801,80803,2,3
80798,80801,80803,2,3
80798,80801,80803,2,3
80798,80803,80804,1,5
80798,80803,80804,1,5
80798,80802,80803,1,4
80798,80803,80804,1,5
80798,80802,80804,2,4
80798,80803,80804,1,5
80798,80802,80804,2,4
80798,80803,80805,2,5
80798,80804,80805,1,6
80798,80805,80806,1,7
80798,80806,80807,1,8
80798,80806,80807,1,8
80798,80807,80808,1,9
80798,80807,80808,1,9
80798,80806,80807,1,8
80798,80807,80808,1,9
80798,80807,80808,1,9
80798,80807,80808,1,9
80798,80807,80808,1,9
80798,80808,80809,1,10
80798,80807,80808,1,9
80798,80807,80808,1,9
80798,80808,80809,1,10
80798,80808,80809,1,10
80798,80807,80809,2,9
80798,80807,80809,2,9
80798,80808,80809,1,10
80798,80808,80809,1,10
80798,80808,80809,1,10
80798,80808,80810,2,10
80798,80808,80809,1,10
80798,80808,80809,1,10
80798,80808,80809,1,10
80798,80809,80810,1,11
80798,80809,80810,1,11
80798,80809,80810,1,11
80798,80809,80810,1,11
80798,80809,80810,1,11
80798,80809,80810,1,11
80798,80809,80810,1,11
80798,80809,80810,1,11
80798,80809,80810,1,11
80798,80808,80809,1,10
80798,80810,80811,1,12
80798,80810,80811,1,12
80798,80810,80811,1,12
80798,80810,80811,1,12
80798,80810,80811,1,12
80798,80810,80811,1,12
80798,80810,80811,1,12
80798,80810,80811,1,12
80798,80810,80811,1,12
80798,80810,80811,1,12
80798,80810,80811,1,12
80798,80810,80811,1,12
80798,80810,80811,1,12
80798,80810,80811,1,12
80798,80810,80811,1,12
80798,80810,80811,1,12
80798,80810,80811,1,12
80798,80810,80811,1,12
80798,80811,80812,1,13
80798,80811,80812,1,13
80798,80811,80812,1,13
80798,80811,80812,1,13
80798,80811,80812,1,13
80798,80811,80812,1,13
80798,80811,80812,1,13
80798,80811,80812,1,13
80798,80811,80812,1,13
80798,80811,80812,1,13
80798,80811,80812,1,13
80798,80811,80812,1,13
80798,80801,80811,10,3
80798,80812,80813,1,14
80798,80812,80813,1,14
80798,80812,80813,1,14
80798,80812,80813,1,14
80798,80812,80813,1,14
80798,80812,80813,1,14
80798,80812,80813,1,14
80798,80812,80813,1,14
80798,80812,80813,1,14
80798,80812,80813,1,14
80798,80812,80813,1,14
80798,80812,80813,1,14
80798,80812,80813,1,14
80798,80812,80813,1,14
80798,80813,80814,1,15
80798,80813,80814,1,15
80798,80813,80814,1,15
80798,80813,80814,1,15
80798,80813,80814,1,15
80798,80813,80814,1,15
80798,80813,80814,1,15
80798,80813,80814,1,15
80799,80813,80814,1,14
80799,80813,80814,1,14
80799,80813,80814,1,14
80799,80813,80814,1,14
80799,80814,80815,1,15
80799,80814,80815,1,15
80799,80814,80815,1,15
80799,80814,80815,1,15
80799,80814,80816,2,15
80799,80814,80816,2,15
80799,80814,80816,2,15
80799,80814,80816,2,15
80799,80814,80816,2,15
80799,80815,80816,1,16
80799,80815,80816,1,16
80799,80815,80816,1,16
80799,80815,80816,1,16
80799,80815,80816,1,16
80799,80815,80816,1,16
80799,80815,80816,1,16
80108,80114,80816,702,6
80799,80815,80816,1,16
80799,80815,80816,1,16
80799,80815,80816,1,16
80799,80815,80817,2,16
80799,80817,80818,1,18
80799,80817,80818,1,18
80799,80817,80818,1,18
80799,80816,80818,2,17
80799,80816,80818,2,17
80799,80816,80818,2,17
80799,80816,80817,1,17
80799,80816,80818,2,17
80799,80817,80818,1,18
80799,80817,80818,1,18
80799,80817,80818,1,18
80799,80817,80818,1,18
80799,80817,80818,1,18
80799,80818,80819,1,19
80799,80818,80819,1,19
80799,80819,80820,1,20
80799,80819,80820,1,20
80799,80819,80820,1,20
80799,80819,80820,1,20
80799,80819,80820,1,20
80799,80819,80820,1,20
80799,80818,80820,2,19
80799,80818,80819,1,19
80343,80348,80820,472,5
80799,80820,80821,1,21
80799,80819,80820,1,20
80799,80819,80820,1,20
80799,80819,80820,1,20
80799,80819,80820,1,20
80799,80819,80820,1,20
80799,80819,80820,1,20
80799,80819,80821,2,20
80799,80820,80821,1,21
80799,80820,80821,1,21
80799,80821,80822,1,22
80799,80821,80822,1,22
80799,80821,80822,1,22
80800,80821,80822,1,21
80800,80821,80822,1,21
80800,80821,80822,1,21
80800,80821,80822,1,21
80800,80821,80822,1,21
80800,80821,80822,1,21
80800,80821,80822,1,21
80800,80821,80822,1,21
80800,80822,80823,1,22
80800,80822,80823,1,22
80800,80822,80823,1,22
80800,80822,80823,1,22
80800,80822,80824,2,22
80800,80822,80824,2,22
80800,80822,80823,1,22
80800,80822,80823,1,22
80800,80823,80824,1,23
80800,80823,80824,1,23
80800,80822,80823,1,22
80800,80822,80824,2,22
80800,80822,80824,2,22
80800,80822,80824,2,22
80800,80822,80824,2,22
80800,80822,80824,2,22
80800,80823,80825,2,23
80800,80823,80824,1,23
80800,80823,80824,1,23
80800,80823,80824,1,23
80800,80824,80825,1,24
80800,80824,80825,1,24
80800,80823,80824,1,23
80800,80823,80824,1,23
80800,80824,80825,1,24
80800,80824,80825,1,24
80800,80824,80825,1,24
80800,80824,80825,1,24
80800,80824,80825,1,24
80800,80824,80825,1,24
80798,80810,80817,7,12
80800,80824,80825,1,24
80800,80824,80825,1,24
80800,80824,80825,1,24
80800,80825,80826,1,25
80800,80825,80826,1,25
80800,80825,80826,1,25
80800,80825,80826,1,25
80800,80825,80826,1,25
80800,80825,80826,1,25
80800,80825,80826,1,25
80800,80825,80826,1,25
80800,80825,80826,1,25
80800,80825,80826,1,25
80800,80825,80826,1,25
80800,80825,80826,1,25
80800,80825,80826,1,25
80800,80825,80826,1,25
80800,80825,80826,1,25
80800,80826,80827,1,26
80800,80826,80827,1,26
80800,80826,80827,1,26
80800,80825,80826,1,25
80800,80826,80827,1,26
80800,80826,80827,1,26
80800,80826,80827,1,26
80800,80826,80827,1,26
80800,80826,80827,1,26
80800,80826,80827,1,26
80798,80826,80827,1,28
80800,80826,80827,1,26
80800,80827,80828,1,27
80800,80827,80828,1,27
80800,80827,80828,1,27
80800,80827,80828,1,27
80800,80827,80828,1,27
80800,80827,80828,1,27
80800,80827,80828,1,27
80800,80827,80828,1,27
80800,80828,80829,1,28
80800,80827,80828,1,27
80800,80828,80829,1,28
80800,80828,80829,1,28
80144,80150,80852,702,6
80853,80853,80854,1,0
80853,80853,80854,1,0
80853,80853,80854,1,0
80853,80853,80854,1,0
80853,80853,80854,1,0
80853,80853,80854,1,0
80853,80853,80855,2,0
80853,80853,80854,1,0
80853,80853,80856,3,0
80853,80854,80855,1,1
80853,80853,80855,2,0
80853,80854,80856,2,1
80853,80854,80855,1,1
80853,80854,80855,1,1
80853,80854,80855,1,1
80853,80854,80855,1,1
80853,80854,80855,1,1
80853,80854,80855,1,1
80853,80854,80855,1,1
80853,80854,80855,1,1
80853,80854,80856,2,1
80853,80854,80855,1,1
80853,80855,80856,1,2
80853,80854,80856,2,1
80853,80855,80857,2,2
80853,80855,80856,1,2
80853,80855,80856,1,2
80853,80856,80857,1,3
80853,80856,80858,2,3
80853,80856,80858,2,3
80853,80856,80858,2,3
80853,80856,80858,2,3
80853,80856,80858,2,3
80853,80856,80858,2,3
80853,80856,80858,2,3
80853,80856,80858,2,3
80853,80856,80858,2,3
80853,80856,80858,2,3
80853,80856,80858,2,3
80853,80856,80858,2,3
80853,80856,80858,2,3
80853,80856,80858,2,3
80853,80857,80859,2,4
80853,80857,80859,2,4
80853,80856,80858,2,3
80853,80857,80859,2,4
80853,80858,80859,1,5
80853,80858,80859,1,5
80853,80858,80859,1,5
80853,80858,80859,1,5
80853,80858,80859,1,5
80853,80858,80859,1,5
80853,80858,80860,2,5
80853,80858,80860,2,5
80853,80859,80860,1,6
80853,80858,80860,2,5
80853,80859,80860,1,6
80853,80859,80860,1,6
80853,80858,80859,1,5
80853,80858,80860,2,5
80853,80858,80859,1,5
80853,80859,80860,1,6
80853,80859,80860,1,6
80853,80859,80860,1,6
80853,80858,80859,1,5
80853,80859,80860,1,6
80853,80859,80860,1,6
80853,80859,80860,1,6
80853,80858,80860,2,5
80853,80859,80860,1,6
80853,80860,80861,1,7
80853,80860,80861,1,7
80853,80860,80861,1,7
80853,80860,80861,1,7
80853,80859,80861,2,6
80853,80860,80861,1,7
80853,80860,80861,1,7
80853,80860,80861,1,7
80853,80860,80861,1,7
80853,80861,80862,1,8
80853,80861,80862,1,8
80853,80861,80862,1,8
80853,80861,80862,1,8
80853,80861,80862,1,8
80853,80861,80862,1,8
80853,80861,80862,1,8
80853,80862,80863,1,9
80853,80863,80864,1,10
80853,80863,80864,1,10
80853,80863,80864,1,10
80853,80863,80864,1,10
80853,80863,80864,1,10
80853,80862,80864,2,9
80853,80862,80864,2,9
80853,80862,80864,2,9
80853,80862,80864,2,9
80853,80863,80864,1,10
80853,80863,80864,1,10
80853,80863,80864,1,10
80853,80863,80864,1,10
80853,80863,80864,1,10
80853,80864,80865,1,11
80853,80864,80865,1,11
80853,80864,80865,1,11
80853,80864,80865,1,11
80853,80864,80865,1,11
80853,80864,80865,1,11
80853,80864,80865,1,11
80853,80864,80865,1,11
80853,80864,80865,1,11
80853,80862,80864,2,9
80853,80865,80866,1,12
80853,80865,80866,1,12
80853,80865,80866,1,12
80853,80865,80866,1,12
80853,80865,80866,1,12
80853,80864,80866,2,11
80853,80865,80866,1,12
80853,80865,80866,1,12
80853,80866,80867,1,13
80853,80866,80867,1,13
80853,80866,80867,1,13
80853,80866,80867,1,13
80853,80866,80867,1,13
80853,80866,80867,1,13
80853,80866,80867,1,13
80853,80866,80867,1,13
80853,80866,80867,1,13
80853,80866,80867,1,13
80853,80866,80867,1,13
80853,80867,80868,1,14
80853,80867,80868,1,14
80853,80867,80868,1,14
80853,80867,80868,1,14
80853,80867,80868,1,14
80853,80867,80868,1,14
80853,80867,80868,1,14
80853,80867,80868,1,14
80853,80867,80868,1,14
80853,80867,80868,1,14
80853,80867,80868,1,14
80853,80866,80868,2,13
80853,80868,80869,1,15
80853,80868,80869,1,15
80853,80867,80868,1,14
80853,80868,80869,1,15
80853,80868,80869,1,15
80853,80868,80869,1,15
80853,80867,80875,8,14
80146,80160,80880,720,14
80883,80883,80884,1,0
80883,80883,80884,1,0
80883,80883,80885,2,0
80883,80884,80885,1,1
80883,80883,80884,1,0
80883,80883,80884,1,0
80883,80883,80884,1,0
80883,80884,80885,1,1
80883,80884,80885,1,1
80883,80883,80884,1,0
80883,80883,80884,1,0
80883,80884,80885,1,1
80883,80884,80885,1,1
80883,80884,80885,1,1
80883,80884,80885,1,1
80883,80884,80885,1,1
80883,80884,80885,1,1
80883,80884,80885,1,1
80883,80884,80885,1,1
80883,80884,80885,1,1
80883,80883,80886,3,0
80883,80885,80886,1,2
80883,80885,80886,1,2
80883,80885,80886,1,2
80883,80885,80886,1,2
80883,80885,80886,1,2
80883,80885,80886,1,2
80883,80885,80886,1,2
80883,80885,80886,1,2
80883,80885,80887,2,2
80883,80885,80887,2,2
80883,80885,80887,2,2
80883,80886,80887,1,3
80883,80885,80887,2,2
80883,80886,80888,2,3
80883,80886,80888,2,3
80883,80887,80889,2,4
80883,80887,80889,2,4
80883,80887,80889,2,4
80883,80886,80888,2,3
80883,80887,80889,2,4
80883,80886,80888,2,3
80883,80886,80888,2,3
80883,80887,80888,1,4
80883,80887,80888,1,4
80883,80888,80889,1,5
80883,80887,80888,1,4
80883,80887,80888,1,4
80883,80887,80888,1,4
80883,80888,80889,1,5
80883,80887,80889,2,4
80883,80889,80890,1,6
80883,80889,80890,1,6
80883,80888,80890,2,5
80883,80888,80890,2,5
80883,80889,80890,1,6
80883,80889,80890,1,6
80883,80889,80890,1,6
80883,80888,80889,1,5
80883,80888,80889,1,5
80883,80889,80890,1,6
80883,80889,80890,1,6
80883,80889,80890,1,6
80883,80889,80890,1,6
80883,80889,80890,1,6
80172,80179,80890,711,7
80883,80889,80890,1,6
80883,80889,80890,1,6
80883,80889,80890,1,6
80883,80890,80891,1,7
80883,80889,80890,1,6
80883,80890,80891,1,7
80883,80889,80890,1,6
80883,80890,80891,1,7
80883,80890,80891,1,7
80883,80890,80891,1,7
80883,80890,80891,1,7
80883,80890,80891,1,7
80883,80890,80891,1,7
80883,80890,80891,1,7
80883,80890,80891,1,7
80883,80890,80891,1,7
80883,80890,80891,1,7
80883,80890,80891,1,7
80883,80891,80892,1,8
80883,80891,80892,1,8
80883,80891,80892,1,8
80912,80912,80913,1,0
80912,80912,80913,1,0
80912,80912,80913,1,0
80912,80912,80913,1,0
80912,80912,80913,1,0
80912,80912,80913,1,0
80912,80912,80913,1,0
80912,80912,80913,1,0
80912,80912,80913,1,0
80912,80912,80913,1,0
80912,80912,80913,1,0
80912,80912,80913,1,0
80912,80912,80914,2,0
80912,80912,80914,2,0
80912,80912,80914,2,0
80912,80912,80914,2,0
80912,80912,80914,2,0
80912,80912,80914,2,0
80912,80913,80914,1,1
80912,80913,80914,1,1
80912,80913,80914,1,1
80912,80912,80914,2,0
80912,80913,80915,2,1
80912,80914,80915,1,2
80912,80913,80915,2,1
80912,80913,80915,2,1
80912,80913,80915,2,1
80912,80913,80915,2,1
80912,80914,80915,1,2
80912,80913,80915,2,1
80912,80913,80915,2,1
80912,80913,80915,2,1
80912,80914,80916,2,2
80912,80914,80916,2,2
80912,80914,80916,2,2
80912,80915,80916,1,3
80912,80915,80916,1,3
80912,80915,80916,1,3
80912,80915,80916,1,3
80912,80915,80917,2,3
80912,80915,80917,2,3
80912,80915,80917,2,3
80912,80915,80917,2,3
80912,80915,80917,2,3
80912,80916,80917,1,4
80912,80914,80917,3,2
80912,80916,80917,1,4
80912,80916,80917,1,4
80912,80916,80917,1,4
80912,80916,80917,1,4
80912,80916,80917,1,4
80912,80916,80918,2,4
80912,80918,80919,1,6
80912,80917,80918,1,5
80912,80918,80919,1,6
80912,80917,80918,1,5
80912,80917,80918,1,5
80912,80917,80918,1,5
80912,80917,80918,1,5
80912,80917,80919,2,5
80912,80916,80919,3,4
80912,80917,80919,2,5
80912,80918,80919,1,6
80912,80918,80919,1,6
80912,80918,80919,1,6
80912,80919,80920,1,7
80912,80919,80920,1,7
80912,80919,80920,1,7
80912,80920,80921,1,8
80912,80920,80921,1,8
80912,80920,80921,1,8
80912,80920,80921,1,8
80912,80920,80921,1,8
80912,80920,80921,1,8
80236,80244,80924,680,8
80924,80924,80925,1,0
80924,80924,80925,1,0
80912,80920,80925,5,8
80924,80924,80926,2,0
80924,80924,80925,1,0
80924,80924,80925,1,0
80924,80924,80925,1,0
80924,80925,80926,1,1
80924,80925,80927,2,1
80924,80924,80926,2,0
80924,80925,80927,2,1
80924,80925,80927,2,1
80924,80925,80927,2,1
80924,80925,80927,2,1
80924,80925,80927,2,1
80924,80925,80927,2,1
80924,80925,80926,1,1
80924,80925,80926,1,1
80924,80926,80927,1,2
80924,80925,80927,2,1
80924,80925,80927,2,1
80924,80925,80927,2,1
80924,80926,80927,1,2
80924,80927,80928,1,3
80924,80926,80927,1,2
80924,80926,80927,1,2
80924,80927,80928,1,3
80924,80927,80928,1,3
80924,80927,80928,1,3
80924,80927,80928,1,3
80924,80926,80927,1,2
80924,80927,80928,1,3
80924,80927,80928,1,3
80924,80927,80928,1,3
80924,80927,80928,1,3
80924,80927,80928,1,3
80924,80928,80929,1,4
80924,80927,80928,1,3
80924,80928,80929,1,4
80924,80928,80929,1,4
80924,80928,80929,1,4
80924,80927,80929,2,3
80924,80927,80929,2,3
80924,80927,80929,2,3
80924,80928,80930,2,4
80924,80928,80929,1,4
80924,80928,80930,2,4
80924,80929,80930,1,5
80924,80928,80930,2,4
80924,80928,80929,1,4
80924,80928,80930,2,4
80924,80928,80929,1,4
80924,80928,80929,1,4
80924,80928,80929,1,4
80924,80929,80930,1,5
80924,80929,80930,1,5
80924,80929,80930,1,5
80924,80929,80930,1,5
80924,80929,80930,1,5
80924,80930,80931,1,6
80924,80930,80931,1,6
80924,80930,80931,1,6
80924,80930,80931,1,6
80924,80930,80931,1,6
80924,80930,80931,1,6
80924,80930,80931,1,6
80924,80930,80931,1,6
80924,80930,80931,1,6
80924,80930,80931,1,6
80924,80930,80931,1,6
80924,80930,80931,1,6
80924,80930,80931,1,6
80924,80930,80931,1,6
80924,80930,80931,1,6
80924,80930,80931,1,6
80229,80235,80932,697,6
80924,80931,80932,1,7
80924,80931,80932,1,7
80924,80931,80932,1,7
80924,80931,80932,1,7
80924,80931,80932,1,7
80924,80931,80932,1,7
80924,80931,80932,1,7
80924,80931,80932,1,7
80924,80931,80932,1,7
80924,80932,80933,1,8
80924,80934,80936,2,10
80945,80945,80946,1,0
80945,80945,80946,1,0
80945,80945,80946,1,0
80945,80945,80946,1,0
80945,80945,80946,1,0
80945,80945,80946,1,0
80945,80945,80946,1,0
80945,80945,80946,1,0
80945,80945,80946,1,0
80945,80945,80946,1,0
80945,80945,80947,2,0
80945,80945,80946,1,0
80945,80945,80946,1,0
80945,80945,80946,1,0
80945,80945,80947,2,0
80945,80945,80947,2,0
80945,80945,80947,2,0
80945,80945,80947,2,0
80945,80945,80947,2,0
80945,80946,80948,2,1
80945,80946,80948,2,1
80945,80946,80948,2,1
80945,80946,80948,2,1
80945,80946,80948,2,1
80945,80946,80947,1,1
80945,80946,80948,2,1
80945,80946,80948,2,1
80945,80946,80948,2,1
80945,80946,80948,2,1
80945,80947,80949,2,2
80945,80947,80949,2,2
80945,80947,80949,2,2
80945,80948,80949,1,3
80945,80948,80949,1,3
80945,80948,80949,1,3
80945,80948,80949,1,3
80945,80948,80949,1,3
80945,80947,80949,2,2
80945,80949,80950,1,4
80945,80948,80950,2,3
80945,80948,80950,2,3
80945,80947,80949,2,2
80945,80947,80949,2,2
80945,80948,80950,2,3
80945,80948,80950,2,3
80945,80948,80949,1,3
80945,80949,80950,1,4
80945,80949,80950,1,4
80945,80949,80950,1,4
80945,80949,80950,1,4
80945,80949,80950,1,4
80945,80948,80950,2,3
80945,80948,80949,1,3
80945,80949,80950,1,4
80945,80949,80950,1,4
80945,80950,80951,1,5
80945,80950,80951,1,5
80945,80950,80951,1,5
80945,80949,80950,1,4
80945,80950,80951,1,5
80945,80949,80950,1,4
80945,80950,80951,1,5
80945,80950,80951,1,5
80945,80950,80951,1,5
80945,80950,80951,1,5
80945,80950,80951,1,5
80945,80950,80951,1,5
80945,80950,80951,1,5
80945,80951,80952,1,6
80945,80951,80952,1,6
80945,80951,80952,1,6
80945,80951,80952,1,6
80945,80951,80952,1,6
80945,80950,80952,2,5
80945,80950,80952,2,5
80945,80951,80952,1,6
80945,80952,80953,1,7
80945,80951,80952,1,6
80945,80952,80953,1,7
80945,80951,80953,2,6
80945,80952,80953,1,7
80945,80953,80954,1,8
80945,80953,80954,1,8
80945,80953,80954,1,8
80945,80953,80954,1,8
80945,80953,80954,1,8
80970,80970,80971,1,0
80970,80970,80971,1,0
80970,80970,80972,2,0
80970,80970,80971,1,0
80970,80970,80972,2,0
80970,80971,80973,2,1
80970,80970,80972,2,0
80970,80971,80972,1,1
80970,80971,80973,2,1
80970,80971,80972,1,1
80970,80971,80972,1,1
80970,80971,80973,2,1
80970,80971,80972,1,1
80970,80971,80973,2,1
80970,80971,80973,2,1
80970,80971,80972,1,1
80970,80971,80972,1,1
80970,80970,80972,2,0
80970,80971,80972,1,1
80970,80971,80972,1,1
80970,80972,80974,2,2
80970,80972,80973,1,2
80970,80973,80974,1,3
80970,80973,80974,1,3
80970,80973,80974,1,3
80970,80972,80973,1,2
80970,80973,80974,1,3
80970,80973,80974,1,3
80970,80973,80974,1,3
80970,80973,80974,1,3
80970,80973,80974,1,3
80970,80973,80974,1,3
80970,80973,80974,1,3
80970,80973,80974,1,3
80970,80973,80974,1,3
80970,80973,80974,1,3
80970,80973,80974,1,3
80970,80973,80974,1,3
80970,80974,80975,1,4
80970,80974,80975,1,4
80970,80974,80975,1,4
80970,80974,80975,1,4
80970,80974,80975,1,4
80970,80974,80975,1,4
80970,80975,80976,1,5
80970,80975,80976,1,5
80970,80974,80975,1,4
80970,80975,80976,1,5
80970,80975,80976,1,5
80970,80975,80976,1,5
80970,80975,80976,1,5
80970,80975,80976,1,5
80970,80975,80976,1,5
80970,80975,80976,1,5
80970,80975,80976,1,5
80970,80975,80976,1,5
80970,80975,80976,1,5
80970,80975,80976,1,5
80970,80975,80976,1,5
80970,80976,80977,1,6
80970,80976,80977,1,6
80970,80976,80977,1,6
80970,80976,80977,1,6
80970,80976,80977,1,6
80970,80976,80977,1,6
80970,80976,80977,1,6
80970,80976,80977,1,6
80970,80976,80977,1,6
80970,80976,80977,1,6
80970,80976,80977,1,6
80970,80976,80977,1,6
80970,80976,80977,1,6
80970,80977,80978,1,7
80970,80977,80978,1,7
80970,80977,80978,1,7
80970,80977,80978,1,7
80970,80977,80978,1,7
80970,80977,80978,1,7
80970,80977,80978,1,7
80970,80977,80978,1,7
80970,80977,80981,4,7
80256,80262,80997,735,6
81011,81011,81012,1,0
81011,81011,81012,1,0
81011,81011,81012,1,0
81011,81011,81012,1,0
81011,81011,81012,1,0
81011,81011,81012,1,0
81011,81011,81012,1,0
81011,81011,81012,1,0
81011,81011,81012,1,0
81011,81012,81013,1,1
81011,81012,81013,1,1
81011,81012,81013,1,1
81011,81012,81014,2,1
81011,81012,81013,1,1
81011,81012,81013,1,1
81011,81012,81013,1,1
81011,81013,81014,1,2
81011,81013,81014,1,2
81011,81013,81014,1,2
81011,81012,81014,2,1
81011,81012,81014,2,1
81011,81013,81015,2,2
81011,81012,81014,2,1
81011,81013,81015,2,2
81011,81014,81015,1,3
81011,81013,81015,2,2
81011,81014,81015,1,3
81011,81013,81015,2,2
81011,81014,81015,1,3
81011,81014,81015,1,3
81011,81014,81015,1,3
81011,81014,81015,1,3
81011,81014,81015,1,3
81011,81015,81016,1,4
81011,81015,81016,1,4
81011,81015,81016,1,4
81011,81016,81017,1,5
81011,81015,81016,1,4
81011,81015,81017,2,4
81011,81015,81016,1,4
81011,81016,81017,1,5
81011,81015,81016,1,4
81011,81015,81016,1,4
81011,81015,81017,2,4
81011,81015,81016,1,4
81011,81016,81017,1,5
81011,81016,81017,1,5
81011,81017,81018,1,6
81011,81017,81018,1,6
81011,81017,81018,1,6
81011,81017,81018,1,6
81011,81017,81018,1,6
81011,81017,81018,1,6
81011,81017,81018,1,6
81011,81017,81018,1,6
81011,81017,81018,1,6
81011,81017,81018,1,6
81011,81017,81018,1,6
81011,81017,81018,1,6
81011,81018,81019,1,7
81011,81018,81019,1,7
81011,81018,81019,1,7
81011,81018,81019,1,7
81011,81017,81018,1,6
81011,81018,81019,1,7
81011,81018,81019,1,7
81011,81017,81018,1,6
81011,81017,81018,1,6
81011,81018,81019,1,7
81011,81018,81019,1,7
81011,81019,81020,1,8
81011,81018,81019,1,7
81011,81018,81019,1,7
81011,81018,81019,1,7
81011,81019,81020,1,8
81011,81019,81020,1,8
81011,81019,81020,1,8
81011,81019,81020,1,8
81011,81019,81020,1,8
81011,81019,81020,1,8
81011,81019,81020,1,8
81011,81019,81020,1,8
81011,81019,81020,1,8
81011,81019,81020,1,8
81011,81019,81020,1,8
81011,81019,81020,1,8
81011,81020,81021,1,9
80322,80328,81050,722,6
81052,81052,81053,1,0
81052,81052,81053,1,0
81052,81052,81053,1,0
81052,81052,81053,1,0
81052,81052,81053,1,0
81052,81052,81053,1,0
81052,81052,81053,1,0
81052,81052,81053,1,0
81052,81052,81053,1,0
81052,81052,81053,1,0
81052,81052,81053,1,0
81052,81052,81053,1,0
81052,81052,81054,2,0
81052,81052,81053,1,0
81052,81052,81054,2,0
81052,81052,81054,2,0
81052,81052,81054,2,0
81052,81053,81055,2,1
81052,81053,81055,2,1
81052,81053,81055,2,1
81052,81053,81054,1,1
81052,81053,81055,2,1
81052,81053,81055,2,1
81052,81053,81055,2,1
81052,81053,81055,2,1
81052,81053,81054,1,1
81052,81053,81054,1,1
81052,81053,81054,1,1
81052,81053,81054,1,1
81052,81054,81055,1,2
81052,81055,81056,1,3
81052,81055,81056,1,3
81052,81054,81055,1,2
81052,81054,81055,1,2
81052,81054,81055,1,2
81052,81054,81055,1,2
81052,81055,81056,1,3
81052,81055,81056,1,3
81052,81056,81057,1,4
81052,81055,81057,2,3
81052,81055,81056,1,3
81052,81056,81057,1,4
81052,81055,81056,1,3
81052,81056,81057,1,4
81052,81055,81057,2,3
81052,81055,81056,1,3
81052,81056,81057,1,4
81052,81056,81057,1,4
81052,81056,81057,1,4
81052,81057,81058,1,5
81052,81057,81058,1,5
81052,81056,81057,1,4
81052,81057,81058,1,5
81052,81056,81057,1,4
81052,81057,81058,1,5
81052,81058,81059,1,6
81052,81058,81059,1,6
81052,81058,81059,1,6
81052,81058,81059,1,6
81052,81058,81059,1,6
81052,81058,81059,1,6
81052,81058,81059,1,6
81052,81057,81059,2,5
81052,81057,81059,2,5
81052,81058,81059,1,6
81052,81058,81059,1,6
81052,81058,81059,1,6
81052,81059,81060,1,7
81052,81059,81060,1,7
81052,81059,81060,1,7
81052,81059,81060,1,7
81052,81058,81060,2,6
81052,81059,81060,1,7
81052,81060,81061,1,8
81052,81060,81061,1,8
81052,81060,81061,1,8
81052,81060,81061,1,8
81052,81060,81061,1,8
81052,81060,81061,1,8
81052,81060,81061,1,8
81052,81060,81061,1,8
81052,81060,81061,1,8
80619,80625,81115,490,6
81116,81116,81117,1,0
81116,81116,81117,1,0
81116,81116,81117,1,0
81116,81116,81117,1,0
81116,81116,81117,1,0
81116,81116,81117,1,0
81116,81116,81117,1,0
81116,81116,81117,1,0
81116,81116,81117,1,0
81116,81116,81117,1,0
81116,81116,81117,1,0
81116,81116,81118,2,0
81116,81116,81118,2,0
81116,81116,81117,1,0
81116,81116,81118,2,0
81116,81117,81118,1,1
81116,81116,81118,2,0
81116,81117,81119,2,1
81116,81117,81119,2,1
81116,81117,81119,2,1
81116,81117,81119,2,1
81116,81117,81119,2,1
81116,81117,81119,2,1
81116,81117,81119,2,1
81116,81117,81119,2,1
81116,81118,81119,1,2
81116,81117,81119,2,1
81116,81118,81119,1,2
81116,81118,81119,1,2
81116,81119,81120,1,3
81116,81119,81120,1,3
81116,81119,81120,1,3
81116,81119,81120,1,3
81116,81119,81120,1,3
81116,81118,81120,2,2
81116,81118,81120,2,2
81116,81119,81120,1,3
81116,81119,81120,1,3
81116,81120,81121,1,4
81116,81120,81121,1,4
81116,81120,81121,1,4
81116,81120,81121,1,4
81116,81120,81121,1,4
81116,81120,81121,1,4
81116,81120,81121,1,4
81116,81120,81121,1,4
81116,81120,81121,1,4
81116,81121,81122,1,5
81116,81121,81122,1,5
81116,81121,81122,1,5
81116,81121,81122,1,5
81116,81121,81122,1,5
81116,81121,81123,2,5
81116,81121,81123,2,5
81116,81122,81123,1,6
81116,81123,81124,1,7
81116,81122,81123,1,6
81116,81122,81123,1,6
81116,81122,81123,1,6
81116,81122,81123,1,6
81116,81122,81123,1,6
81116,81122,81123,1,6
81116,81122,81123,1,6
81116,81123,81124,1,7
81116,81123,81124,1,7
81116,81123,81124,1,7
81116,81123,81124,1,7
81116,81124,81125,1,8
81116,81124,81125,1,8
81116,81124,81125,1,8
81116,81124,81125,1,8
81116,81124,81125,1,8
81116,81124,81125,1,8
81116,81124,81125,1,8
81116,81124,81125,1,8
81116,81124,81125,1,8
81116,81124,81125,1,8
81116,81125,81126,1,9
81116,81125,81126,1,9
81116,81125,81126,1,9
81116,81125,81126,1,9
81116,81124,81125,1,8
81116,81125,81126,1,9
81116,81125,81126,1,9
80440,80447,81163,716,7
81164,81164,81165,1,0
81164,81164,81165,1,0
81164,81164,81165,1,0
81164,81164,81165,1,0
81164,81164,81165,1,0
81164,81164,81165,1,0
81164,81164,81165,1,0
81164,81164,81165,1,0
81164,81164,81165,1,0
81164,81164,81165,1,0
81164,81165,81166,1,1
81164,81164,81165,1,0
81164,81165,81166,1,1
81164,81165,81166,1,1
81164,81164,81165,1,0
81164,81164,81165,1,0
81164,81165,81166,1,1
81164,81165,81167,2,1
81164,81165,81167,2,1
81164,81165,81167,2,1
81164,81165,81166,1,1
81164,81165,81166,1,1
81164,81165,81167,2,1
81164,81165,81167,2,1
81164,81166,81167,1,2
81164,81166,81167,1,2
81164,81166,81167,1,2
81164,81166,81167,1,2
81164,81166,81167,1,2
81164,81166,81167,1,2
81164,81167,81168,1,3
81164,81167,81168,1,3
81164,81167,81169,2,3
81164,81168,81169,1,4
81164,81168,81169,1,4
81164,81167,81168,1,3
81164,81168,81169,1,4
81164,81167,81169,2,3
81164,81168,81169,1,4
81164,81167,81169,2,3
81164,81167,81168,1,3
81164,81167,81168,1,3
81164,81168,81169,1,4
81164,81169,81170,1,5
81164,81168,81169,1,4
81164,81169,81170,1,5
81164,81169,81170,1,5
81164,81169,81170,1,5
81164,81169,81170,1,5
81164,81169,81170,1,5
81164,81169,81170,1,5
81164,81169,81170,1,5
81164,81169,81170,1,5
81164,81169,81170,1,5
81164,81169,81170,1,5
81164,81169,81170,1,5
81164,81169,81170,1,5
81164,81170,81171,1,6
81164,81170,81171,1,6
81164,81170,81171,1,6
81164,81170,81171,1,6
81164,81170,81171,1,6
81164,81170,81171,1,6
81164,81170,81172,2,6
81164,81170,81171,1,6
81164,81170,81171,1,6
81164,81170,81172,2,6
81164,81171,81172,1,7
81164,81171,81172,1,7
81164,81171,81172,1,7
81164,81172,81173,1,8
81164,81170,81173,3,6
81164,81172,81173,1,8
81164,81172,81173,1,8
81164,81172,81173,1,8
81164,81171,81172,1,7
81164,81172,81173,1,8
81164,81172,81173,1,8
81164,81172,81173,1,8
81164,81173,81174,1,9
81164,81173,81174,1,9
81164,81173,81174,1,9
81164,81173,81174,1,9
81164,81172,81173,1,8
81164,81172,81174,2,8
81164,81172,81174,2,8
81164,81173,81174,1,9
81164,81173,81174,1,9
81164,81172,81174,2,8
80521,80527,81230,703,6
81231,81231,81232,1,0
81231,81231,81232,1,0
81231,81231,81232,1,0
81231,81231,81232,1,0
81231,81231,81232,1,0
81231,81231,81232,1,0
81231,81231,81232,1,0
81231,81231,81232,1,0
81231,81231,81232,1,0
81231,81231,81232,1,0
81231,81231,81232,1,0
81231,81231,81233,2,0
81231,81231,81232,1,0
81231,81231,81232,1,0
81231,81231,81233,2,0
81231,81231,81233,2,0
81231,81232,81233,1,1
81231,81232,81233,1,1
81231,81232,81234,2,1
81231,81232,81233,1,1
81231,81231,81234,3,0
81231,81232,81234,2,1
81231,81232,81234,2,1
81231,81232,81233,1,1
81231,81233,81234,1,2
81231,81232,81233,1,1
81231,81232,81233,1,1
81231,81232,81233,1,1
81231,81234,81235,1,3
81231,81233,81235,2,2
81231,81233,81234,1,2
81231,81234,81235,1,3
81231,81234,81235,1,3
81231,81233,81234,1,2
81231,81234,81235,1,3
81231,81233,81234,1,2
81231,81234,81235,1,3
81231,81235,81236,1,4
81231,81234,81235,1,3
81231,81235,81236,1,4
81231,81234,81236,2,3
81231,81234,81236,2,3
81231,81234,81236,2,3
81231,81234,81235,1,3
81231,81235,81236,1,4
81231,81234,81235,1,3
81231,81234,81235,1,3
81231,81236,81237,1,5
81231,81235,81237,2,4
81231,81235,81236,1,4
81231,81235,81236,1,4
81231,81236,81237,1,5
81231,81236,81237,1,5
81231,81235,81236,1,4
81231,81236,81237,1,5
81231,81236,81237,1,5
81231,81236,81237,1,5
81231,81235,81236,1,4
81231,81235,81236,1,4
81231,81236,81237,1,5
81231,81236,81238,2,5
81231,81234,81237,3,3
81231,81237,81238,1,6
81231,81237,81238,1,6
81231,81237,81238,1,6
81231,81237,81238,1,6
81231,81236,81238,2,5
81231,81236,81237,1,5
81231,81237,81238,1,6
81231,81237,81238,1,6
81231,81238,81239,1,7
81231,81237,81238,1,6
81231,81237,81238,1,6
81231,81238,81239,1,7
81231,81238,81239,1,7
81231,81238,81239,1,7
81231,81238,81239,1,7
81231,81238,81239,1,7
81231,81238,81239,1,7
81231,81238,81239,1,7
81231,81238,81239,1,7
81231,81239,81240,1,8
81231,81238,81239,1,7
81231,81239,81240,1,8
81231,81239,81240,1,8
81231,81239,81240,1,8
81231,81239,81240,1,8
81231,81238,81242,4,7
80466,80474,81241,767,8
81263,81263,81264,1,0
81263,81263,81264,1,0
81263,81263,81264,1,0
81263,81263,81264,1,0
81263,81263,81264,1,0
81263,81263,81264,1,0
81263,81263,81264,1,0
81263,81263,81264,1,0
81263,81263,81264,1,0
81263,81263,81264,1,0
81263,81263,81264,1,0
81263,81263,81264,1,0
81263,81263,81264,1,0
80523,80536,81265,729,13
81263,81264,81265,1,1
81263,81264,81265,1,1
81263,81263,81264,1,0
81263,81263,81264,1,0
81263,81264,81266,2,1
81263,81264,81265,1,1
81263,81265,81266,1,2
81263,81265,81266,1,2
81263,81264,81265,1,1
81263,81264,81265,1,1
81263,81265,81266,1,2
81263,81264,81266,2,1
81263,81264,81265,1,1
81263,81265,81266,1,2
81263,81264,81265,1,1
81263,81264,81266,2,1
81263,81266,81267,1,3
81263,81265,81267,2,2
81263,81266,81267,1,3
81263,81266,81267,1,3
81263,81265,81266,1,2
81263,81265,81266,1,2
81263,81266,81267,1,3
81263,81265,81266,1,2
81263,81266,81267,1,3
81263,81266,81267,1,3
81263,81266,81267,1,3
81263,81267,81268,1,4
81263,81265,81268,3,2
81263,81267,81268,1,4
81263,81266,81268,2,3
81263,81266,81268,2,3
81263,81266,81267,1,3
81263,81267,81268,1,4
81263,81267,81268,1,4
81263,81266,81267,1,3
81263,81267,81268,1,4
81263,81266,81268,2,3
81263,81267,81268,1,4
81263,81267,81268,1,4
81263,81267,81268,1,4
81263,81267,81268,1,4
81263,81267,81268,1,4
81263,81268,81269,1,5
81263,81268,81269,1,5
81263,81265,81269,4,2
81263,81268,81269,1,5
81263,81268,81269,1,5
81263,81268,81269,1,5
81263,81268,81269,1,5
81263,81268,81269,1,5
81263,81269,81270,1,6
81263,81269,81270,1,6
81263,81268,81269,1,5
81263,81268,81270,2,5
81263,81268,81269,1,5
81263,81268,81269,1,5
81263,81268,81269,1,5
81263,81268,81269,1,5
81263,81268,81270,2,5
81263,81268,81269,1,5
81263,81268,81269,1,5
81263,81268,81270,2,5
81263,81269,81270,1,6
81263,81269,81270,1,6
81263,81270,81271,1,7
81263,81270,81271,1,7
81263,81269,81270,1,6
81263,81270,81271,1,7
81263,81270,81271,1,7
81263,81269,81271,2,6
81267,81271,81272,1,4
81263,81270,81272,2,7
81267,81271,81272,1,4
81267,81272,81273,1,5
81267,81272,81273,1,5
81267,81272,81274,2,5
81267,81273,81274,1,6
81267,81273,81274,1,6
81267,81273,81274,1,6
81267,81272,81274,2,5
81267,81272,81274,2,5
81267,81273,81274,1,6
81267,81273,81274,1,6
81267,81273,81274,1,6
81267,81273,81274,1,6
81267,81273,81275,2,6
81267,81273,81275,2,6
81267,81273,81274,1,6
81267,81273,81275,2,6
81267,81275,81276,1,8
81267,81275,81276,1,8
81267,81274,81275,1,7
81267,81275,81276,1,8
81267,81275,81276,1,8
81267,81275,81276,1,8
81267,81274,81275,1,7
81267,81275,81276,1,8
81267,81275,81276,1,8
81267,81275,81276,1,8
81267,81275,81276,1,8
81267,81274,81275,1,7
81267,81275,81276,1,8
81267,81276,81277,1,9
81267,81276,81277,1,9
81267,81275,81276,1,8
81267,81276,81277,1,9
81267,81276,81277,1,9
81267,81277,81278,1,10
81267,81277,81278,1,10
81267,81276,81277,1,9
81267,81276,81277,1,9
81267,81277,81278,1,10
81267,81276,81277,1,9
81267,81276,81277,1,9
81267,81276,81277,1,9
81267,81276,81278,2,9
81267,81276,81277,1,9
81267,81276,81277,1,9
81267,81276,81277,1,9
81267,81276,81278,2,9
81267,81277,81278,1,10
81267,81278,81279,1,11
81267,81278,81279,1,11
81267,81278,81279,1,11
81267,81278,81279,1,11
81267,81278,81279,1,11
81267,81278,81279,1,11
81267,81278,81279,1,11
81267,81278,81279,1,11
81267,81278,81279,1,11
81267,81278,81279,1,11
81267,81278,81279,1,11
81267,81278,81279,1,11
81267,81278,81279,1,11
81267,81278,81279,1,11
81267,81279,81280,1,12
81267,81279,81280,1,12
81267,81279,81280,1,12
81267,81279,81280,1,12
81267,81279,81280,1,12
81267,81279,81280,1,12
81267,81279,81280,1,12
81267,81279,81280,1,12
81267,81279,81280,1,12
81267,81279,81280,1,12
81267,81279,81280,1,12
81267,81279,81280,1,12
81267,81279,81280,1,12
81267,81279,81280,1,12
81267,81279,81280,1,12
81267,81280,81281,1,13
81267,81280,81281,1,13
81267,81280,81281,1,13
81267,81280,81281,1,13
81267,81280,81281,1,13
81267,81280,81281,1,13
81267,81280,81281,1,13
81267,81280,81281,1,13
81267,81280,81281,1,13
81267,81271,81281,10,4
81267,81279,81281,2,12
80799,80821,81309,488,22
81315,81315,81316,1,0
81315,81315,81316,1,0
81315,81315,81316,1,0
81315,81315,81316,1,0
81315,81315,81316,1,0
81315,81315,81316,1,0
81315,81315,81316,1,0
81315,81315,81316,1,0
81315,81315,81316,1,0
81315,81315,81316,1,0
81315,81315,81317,2,0
81315,81315,81317,2,0
81315,81315,81316,1,0
81315,81315,81316,1,0
81315,81315,81316,1,0
81315,81315,81317,2,0
81315,81315,81316,1,0
81315,81316,81317,1,1
81315,81316,81317,1,1
81315,81316,81317,1,1
81315,81317,81318,1,2
81315,81316,81318,2,1
81315,81316,81318,2,1
81315,81316,81318,2,1
81315,81316,81318,2,1
81315,81316,81318,2,1
81315,81316,81318,2,1
81315,81317,81319,2,2
81315,81318,81319,1,3
81315,81317,81319,2,2
81315,81317,81319,2,2
81315,81317,81319,2,2
81315,81317,81319,2,2
81315,81318,81319,1,3
81315,81318,81319,1,3
81315,81318,81319,1,3
81315,81318,81320,2,3
81315,81318,81319,1,3
81315,81318,81319,1,3
81315,81319,81320,1,4
81315,81318,81320,2,3
81315,81318,81320,2,3
81315,81318,81320,2,3
81315,81318,81320,2,3
81315,81318,81320,2,3
81315,81320,81321,1,5
81315,81319,81321,2,4
81315,81320,81321,1,5
81315,81320,81321,1,5
81315,81320,81321,1,5
81315,81320,81321,1,5
81315,81319,81320,1,4
81315,81320,81321,1,5
81315,81320,81321,1,5
81315,81320,81321,1,5
81315,81321,81322,1,6
81315,81321,81322,1,6
81315,81321,81322,1,6
81315,81322,81323,1,7
81315,81322,81323,1,7
80806,80828,81323,495,22
81315,81323,81324,1,8
81315,81322,81323,1,7
81315,81323,81324,1,8
81315,81323,81324,1,8
81315,81323,81324,1,8
81315,81323,81324,1,8
81315,81323,81324,1,8
81324,81324,81325,1,0
81324,81324,81325,1,0
81324,81324,81325,1,0
81324,81324,81325,1,0
81324,81324,81325,1,0
81324,81324,81325,1,0
81324,81326,81327,1,2
81324,81326,81327,1,2
81324,81326,81327,1,2
81324,81325,81327,2,1
81324,81325,81327,2,1
81324,81325,81327,2,1
81324,81325,81327,2,1
81324,81325,81327,2,1
81324,81325,81327,2,1
81324,81326,81327,1,2
81324,81326,81327,1,2
81324,81326,81327,1,2
81324,81326,81327,1,2
81324,81326,81327,1,2
81315,81326,81327,1,11
81315,81326,81327,1,11
81324,81326,81327,1,2
81324,81327,81328,1,3
81324,81327,81328,1,3
81324,81327,81328,1,3
81324,81327,81328,1,3
81324,81328,81329,1,4
81324,81328,81329,1,4
81324,81328,81329,1,4
81324,81328,81329,1,4
81324,81328,81329,1,4
81324,81328,81329,1,4
81324,81328,81329,1,4
81324,81328,81329,1,4
81324,81328,81330,2,4
81324,81328,81330,2,4
81324,81328,81330,2,4
81324,81328,81329,1,4
81324,81328,81329,1,4
81324,81328,81329,1,4
81324,81328,81329,1,4
81324,81329,81330,1,5
81324,81329,81330,1,5
81324,81328,81330,2,4
81324,81330,81331,1,6
81324,81330,81331,1,6
81324,81330,81331,1,6
81324,81330,81331,1,6
81324,81330,81331,1,6
81324,81330,81332,2,6
81324,81330,81331,1,6
81324,81330,81331,1,6
81324,81330,81331,1,6
81324,81330,81331,1,6
81324,81330,81331,1,6
81324,81330,81331,1,6
81324,81330,81331,1,6
81324,81330,81332,2,6
81324,81331,81332,1,7
81324,81331,81332,1,7
81324,81331,81332,1,7
81324,81331,81332,1,7
81324,81331,81332,1,7
81324,81332,81333,1,8
81324,81332,81333,1,8
81324,81332,81333,1,8
81324,81332,81333,1,8
81324,81332,81333,1,8
81324,81332,81333,1,8
81324,81332,81333,1,8
81324,81332,81333,1,8
81324,81332,81333,1,8
81324,81332,81333,1,8
81324,81332,81333,1,8
81324,81332,81333,1,8
81324,81332,81333,1,8
81324,81332,81333,1,8
81324,81332,81334,2,8
81324,81332,81333,1,8
81324,81332,81333,1,8
81324,81333,81334,1,9
81324,81333,81334,1,9
81324,81333,81334,1,9
81324,81333,81334,1,9
81324,81333,81334,1,9
81324,81333,81334,1,9
81324,81333,81334,1,9
81324,81333,81334,1,9
81324,81333,81334,1,9
81324,81333,81334,1,9
81324,81333,81334,1,9
80854,80868,81346,478,14
81350,81350,81351,1,0
81350,81350,81351,1,0
81350,81350,81351,1,0
81350,81350,81351,1,0
81350,81350,81351,1,0
81350,81350,81351,1,0
81350,81350,81351,1,0
81350,81350,81352,2,0
81350,81351,81352,1,1
81350,81350,81352,2,0
81350,81351,81352,1,1
81350,81351,81353,2,1
81350,81351,81352,1,1
81350,81351,81353,2,1
81350,81351,81352,1,1
81350,81351,81352,1,1
81350,81351,81353,2,1
81350,81350,81352,2,0
81350,81352,81354,2,2
81350,81352,81354,2,2
81350,81352,81353,1,2
81350,81352,81353,1,2
81350,81352,81354,2,2
81350,81352,81354,2,2
81350,81353,81354,1,3
81350,81353,81355,2,3
81350,81353,81354,1,3
81350,81353,81354,1,3
81350,81353,81355,2,3
81350,81352,81355,3,2
81350,81353,81355,2,3
81350,81354,81356,2,4
81350,81354,81356,2,4
81350,81353,81355,2,3
81350,81353,81355,2,3
81350,81353,81355,2,3
81350,81354,81355,1,4
81350,81354,81355,1,4
81350,81354,81356,2,4
81350,81354,81356,2,4
81350,81355,81356,1,5
81350,81355,81357,2,5
81350,81354,81356,2,4
81350,81355,81356,1,5
81350,81355,81356,1,5
81350,81356,81357,1,6
81350,81356,81357,1,6
81350,81355,81357,2,5
81350,81356,81357,1,6
81350,81356,81357,1,6
81350,81356,81357,1,6
81350,81356,81358,2,6
81350,81356,81357,1,6
81350,81356,81357,1,6
81350,81356,81357,1,6
81350,81356,81357,1,6
81350,81356,81357,1,6
81350,81357,81358,1,7
81350,81357,81358,1,7
81350,81357,81358,1,7
81350,81357,81358,1,7
81350,81357,81358,1,7
81350,81357,81358,1,7
81350,81357,81358,1,7
81350,81358,81359,1,8
81350,81358,81359,1,8
81350,81357,81358,1,7
81350,81358,81359,1,8
81350,81358,81359,1,8
81350,81358,81359,1,8
81350,81358,81359,1,8
81350,81358,81359,1,8
81350,81358,81359,1,8
81350,81358,81359,1,8
81350,81357,81358,1,7
81350,81358,81359,1,8
81350,81358,81359,1,8
81350,81359,81360,1,9
81350,81359,81360,1,9
81350,81358,81360,2,8
81350,81359,81360,1,9
81350,81359,81360,1,9
81350,81359,81360,1,9
81350,81359,81360,1,9
81350,81359,81360,1,9
81350,81359,81360,1,9
81350,81359,81360,1,9
81350,81359,81360,1,9
81350,81359,81361,2,9
81350,81358,81361,3,8
80925,80932,81418,486,7
81420,81420,81421,1,0
81420,81420,81421,1,0
81420,81420,81421,1,0
81420,81420,81421,1,0
81420,81420,81421,1,0
81420,81420,81421,1,0
81420,81420,81421,1,0
81420,81420,81422,2,0
81420,81420,81421,1,0
81420,81420,81421,1,0
81420,81420,81421,1,0
81420,81421,81422,1,1
81420,81421,81422,1,1
81420,81421,81422,1,1
81420,81421,81423,2,1
81420,81421,81422,1,1
81420,81421,81422,1,1
81420,81421,81422,1,1
81420,81421,81422,1,1
81420,81421,81422,1,1
81420,81421,81422,1,1
81420,81421,81423,2,1
81420,81423,81424,1,3
81420,81423,81424,1,3
81420,81422,81424,2,2
81420,81422,81424,2,2
81420,81422,81425,3,2
81420,81423,81425,2,3
81420,81423,81425,2,3
81420,81422,81424,2,2
81420,81423,81424,1,3
81420,81423,81424,1,3
81420,81423,81424,1,3
81420,81423,81424,1,3
81420,81422,81424,2,2
81420,81423,81424,1,3
81420,81423,81424,1,3
81420,81425,81426,1,5
81420,81422,81426,4,2
81420,81423,81425,2,3
81420,81425,81426,1,5
81420,81425,81426,1,5
81420,81425,81426,1,5
81420,81425,81426,1,5
81420,81425,81426,1,5
81420,81425,81426,1,5
81420,81425,81426,1,5
81420,81425,81426,1,5
81420,81425,81426,1,5
81420,81425,81426,1,5
81420,81425,81426,1,5
81420,81426,81427,1,6
81420,81425,81426,1,5
81420,81425,81426,1,5
81420,81426,81427,1,6
81420,81426,81427,1,6
81420,81426,81427,1,6
81420,81426,81427,1,6
81420,81426,81427,1,6
81420,81427,81428,1,7
81420,81427,81428,1,7
81420,81427,81428,1,7
81420,81427,81428,1,7
81420,81427,81428,1,7
81420,81427,81428,1,7
81420,81427,81428,1,7
81420,81427,81428,1,7
81420,81427,81428,1,7
81420,81427,81428,1,7
81420,81425,81428,3,5
81420,81426,81428,2,6
81420,81427,81428,1,7
81420,81427,81428,1,7
81420,81428,81429,1,8
81420,81427,81429,2,7
81420,81428,81429,1,8
81420,81428,81429,1,8
81420,81428,81429,1,8
81420,81428,81429,1,8
81420,81428,81429,1,8
81420,81428,81429,1,8
81420,81428,81429,1,8
81420,81428,81429,1,8
81420,81429,81430,1,9
81420,81428,81430,2,8
81420,81429,81431,2,9
81420,81429,81430,1,9
80946,80953,81435,482,7
81449,81449,81450,1,0
81449,81449,81450,1,0
81449,81449,81450,1,0
81449,81449,81450,1,0
81449,81449,81450,1,0
81449,81449,81450,1,0
81449,81449,81450,1,0
81449,81449,81450,1,0
81449,81449,81450,1,0
81449,81449,81450,1,0
81449,81449,81450,1,0
81449,81450,81451,1,1
81449,81449,81450,1,0
81449,81449,81450,1,0
81449,81450,81451,1,1
81449,81450,81451,1,1
81449,81450,81451,1,1
81449,81450,81452,2,1
81449,81450,81452,2,1
81449,81450,81451,1,1
81449,81450,81452,2,1
81449,81450,81452,2,1
81449,81451,81453,2,2
81449,81451,81452,1,2
81449,81450,81452,2,1
81449,81451,81453,2,2
81449,81452,81453,1,3
81449,81452,81453,1,3
81449,81451,81454,3,2
81449,81452,81453,1,3
81449,81451,81453,2,2
81449,81451,81453,2,2
81449,81451,81454,3,2
81449,81452,81453,1,3
81449,81453,81454,1,4
81449,81451,81454,3,2
81449,81452,81454,2,3
81449,81452,81454,2,3
81449,81452,81454,2,3
81449,81452,81453,1,3
81449,81453,81454,1,4
81449,81453,81454,1,4
81449,81453,81454,1,4
81449,81454,81455,1,5
81449,81454,81455,1,5
81449,81453,81454,1,4
81449,81454,81455,1,5
81449,81454,81455,1,5
81449,81453,81455,2,4
81449,81454,81455,1,5
81449,81454,81455,1,5
81449,81454,81455,1,5
81449,81454,81455,1,5
81449,81454,81455,1,5
81449,81454,81456,2,5
81449,81455,81456,1,6
81449,81454,81455,1,5
81449,81454,81456,2,5
81449,81455,81456,1,6
81449,81455,81456,1,6
81449,81455,81456,1,6
81449,81454,81455,1,5
81449,81454,81456,2,5
81449,81454,81455,1,5
81449,81456,81457,1,7
81449,81456,81457,1,7
81449,81456,81457,1,7
81449,81456,81457,1,7
81449,81456,81457,1,7
81449,81456,81457,1,7
81449,81456,81457,1,7
81449,81457,81458,1,8
81449,81457,81458,1,8
81449,81457,81458,1,8
81449,81457,81458,1,8
81449,81457,81458,1,8
81449,81457,81458,1,8
81449,81457,81458,1,8
81449,81457,81458,1,8
81449,81457,81458,1,8
81449,81457,81459,2,8
80971,80977,81466,489,6
80991,80991,81473,482,0
81478,81478,81479,1,0
81478,81478,81479,1,0
81478,81478,81479,1,0
81478,81478,81479,1,0
81478,81478,81479,1,0
81478,81478,81479,1,0
81478,81478,81479,1,0
81478,81478,81479,1,0
81478,81478,81479,1,0
81478,81478,81479,1,0
81478,81478,81479,1,0
81478,81478,81479,1,0
81478,81478,81480,2,0
81478,81479,81480,1,1
81478,81478,81479,1,0
81478,81478,81479,1,0
81478,81478,81479,1,0
81478,81478,81479,1,0
81478,81478,81479,1,0
81478,81479,81480,1,1
81478,81479,81480,1,1
81478,81479,81480,1,1
81478,81479,81481,2,1
81478,81480,81481,1,2
81478,81479,81481,2,1
81478,81479,81481,2,1
81478,81479,81481,2,1
81478,81479,81480,1,1
81478,81480,81481,1,2
81478,81480,81481,1,2
81478,81479,81481,2,1
81478,81480,81481,1,2
81478,81480,81481,1,2
81478,81480,81481,1,2
81478,81480,81482,2,2
81478,81481,81482,1,3
81478,81480,81482,2,2
81478,81480,81482,2,2
81478,81480,81482,2,2
81478,81480,81483,3,2
81478,81480,81483,3,2
81478,81481,81483,2,3
81478,81482,81483,1,4
81478,81481,81483,2,3
81478,81481,81483,2,3
81478,81481,81483,2,3
81478,81482,81483,1,4
81478,81482,81483,1,4
81478,81482,81484,2,4
80709,80718,81484,766,9
81478,81483,81485,2,5
81478,81483,81485,2,5
81478,81484,81486,2,6
81478,81484,81485,1,6
81478,81484,81486,2,6
81478,81484,81486,2,6
81478,81485,81486,1,7
81478,81485,81487,2,7
81480,81487,81488,1,7
81478,81486,81487,1,8
81480,81487,81488,1,7
81480,81487,81488,1,7
81480,81487,81488,1,7
81480,81487,81488,1,7
81480,81487,81488,1,7
81480,81487,81488,1,7
81480,81487,81488,1,7
81480,81487,81488,1,7
81480,81487,81488,1,7
81480,81487,81488,1,7
81480,81487,81488,1,7
81480,81487,81488,1,7
81480,81487,81488,1,7
81480,81487,81489,2,7
81480,81488,81489,1,8
81480,81488,81489,1,8
81480,81488,81489,1,8
81480,81488,81490,2,8
81480,81488,81489,1,8
81480,81488,81490,2,8
81480,81487,81490,3,7
81480,81489,81491,2,9
81480,81489,81491,2,9
81480,81490,81491,1,10
81480,81489,81490,1,9
81480,81489,81490,1,9
81480,81489,81490,1,9
81480,81489,81490,1,9
81480,81489,81490,1,9
81480,81489,81490,1,9
81480,81490,81491,1,10
81480,81489,81491,2,9
81480,81489,81491,2,9
81480,81489,81491,2,9
81480,81491,81492,1,11
81480,81490,81491,1,10
81480,81491,81492,1,11
81480,81490,81491,1,10
81480,81490,81491,1,10
81480,81491,81492,1,11
81480,81491,81492,1,11
81480,81491,81492,1,11
81480,81491,81492,1,11
81480,81491,81492,1,11
81480,81491,81492,1,11
81480,81491,81492,1,11
81480,81490,81491,1,10
81480,81491,81492,1,11
81480,81491,81492,1,11
81480,81490,81492,2,10
81480,81491,81493,2,11
81480,81492,81493,1,12
81480,81492,81493,1,12
81480,81492,81493,1,12
81480,81492,81493,1,12
81480,81492,81493,1,12
81480,81492,81493,1,12
81480,81492,81493,1,12
81480,81492,81493,1,12
81480,81492,81493,1,12
81480,81492,81493,1,12
81480,81492,81493,1,12
81480,81492,81493,1,12
81480,81492,81493,1,12
81480,81493,81494,1,13
81480,81493,81494,1,13
81480,81492,81493,1,12
81480,81493,81494,1,13
81480,81493,81494,1,13
81480,81493,81494,1,13
81480,81493,81494,1,13
81480,81493,81494,1,13
81480,81493,81494,1,13
81480,81493,81494,1,13
81480,81494,81495,1,14
81480,81494,81495,1,14
81480,81494,81495,1,14
81480,81494,81495,1,14
81480,81494,81495,1,14
81480,81494,81495,1,14
81480,81494,81495,1,14
81486,81495,81496,1,9
81486,81495,81496,1,9
81486,81495,81496,1,9
81480,81494,81495,1,14
81486,81496,81497,1,10
81486,81495,81496,1,9
81486,81495,81497,2,9
81486,81495,81497,2,9
81486,81496,81497,1,10
81486,81496,81497,1,10
81486,81496,81497,1,10
81486,81496,81497,1,10
81486,81496,81497,1,10
81486,81496,81497,1,10
81486,81496,81497,1,10
81486,81496,81497,1,10
81486,81496,81498,2,10
81486,81496,81497,1,10
81486,81497,81498,1,11
81486,81496,81498,2,10
81486,81498,81499,1,12
81486,81498,81499,1,12
81486,81498,81499,1,12
81486,81498,81499,1,12
81486,81497,81499,2,11
81486,81497,81499,2,11
81486,81498,81499,1,12
81486,81498,81499,1,12
81486,81498,81499,1,12
81486,81498,81499,1,12
81486,81498,81499,1,12
81486,81498,81499,1,12
81486,81498,81499,1,12
81486,81499,81500,1,13
81486,81499,81500,1,13
81486,81498,81500,2,12
81486,81499,81500,1,13
81486,81498,81500,2,12
81486,81500,81501,1,14
81486,81500,81501,1,14
81486,81500,81501,1,14
81486,81500,81501,1,14
81486,81500,81501,1,14
81486,81500,81501,1,14
81486,81500,81501,1,14
81486,81499,81500,1,13
81486,81500,81501,1,14
81486,81499,81501,2,13
81486,81500,81501,1,14
81486,81501,81502,1,15
81486,81501,81502,1,15
81486,81501,81502,1,15
81486,81501,81502,1,15
81486,81500,81502,2,14
81486,81501,81502,1,15
81486,81501,81502,1,15
81486,81500,81502,2,14
81486,81502,81503,1,16
81486,81501,81502,1,15
81486,81501,81502,1,15
81486,81501,81502,1,15
81486,81502,81503,1,16
81486,81502,81503,1,16
81486,81502,81503,1,16
81486,81502,81503,1,16
81486,81503,81504,1,17
81486,81503,81504,1,17
81486,81503,81504,1,17
81486,81502,81504,2,16
81486,81503,81504,1,17
81486,81503,81504,1,17
81486,81503,81504,1,17
81486,81503,81504,1,17
81486,81502,81504,2,16
81486,81503,81504,1,17
81486,81503,81504,1,17
81486,81504,81505,1,18
81486,81506,81507,1,20
81486,81506,81507,1,20
80801,80828,81534,706,27
80763,80771,81536,765,8
80803,80828,81538,710,25
81540,81540,81541,1,0
81540,81540,81541,1,0
81540,81540,81541,1,0
81540,81540,81541,1,0
81540,81540,81541,1,0
81540,81540,81541,1,0
81540,81540,81541,1,0
81540,81540,81542,2,0
81540,81540,81542,2,0
81540,81540,81541,1,0
81540,81540,81541,1,0
81540,81540,81541,1,0
81540,81540,81541,1,0
81540,81541,81542,1,1
81540,81541,81542,1,1
81540,81540,81542,2,0
81540,81541,81542,1,1
81540,81541,81542,1,1
81540,81541,81542,1,1
81540,81541,81542,1,1
81540,81541,81543,2,1
81540,81541,81543,2,1
81540,81541,81542,1,1
81540,81541,81542,1,1
81540,81541,81542,1,1
81540,81542,81543,1,2
81540,81542,81543,1,2
81540,81542,81544,2,2
81540,81542,81544,2,2
81540,81542,81543,1,2
81540,81543,81544,1,3
81540,81543,81544,1,3
81540,81542,81544,2,2
81540,81542,81543,1,2
81540,81543,81544,1,3
81540,81542,81543,1,2
81540,81543,81544,1,3
81540,81543,81544,1,3
81540,81543,81544,1,3
81540,81543,81544,1,3
81540,81544,81545,1,4
81540,81544,81545,1,4
81540,81543,81545,2,3
81540,81544,81545,1,4
81540,81543,81544,1,3
81540,81543,81545,2,3
81540,81544,81545,1,4
81540,81543,81544,1,3
81540,81544,81545,1,4
81540,81543,81544,1,3
81540,81544,81545,1,4
81540,81544,81545,1,4
81540,81544,81545,1,4
81540,81544,81545,1,4
81540,81544,81545,1,4
81540,81544,81545,1,4
81540,81544,81545,1,4
81540,81545,81546,1,5
81540,81545,81546,1,5
81540,81545,81546,1,5
81540,81545,81546,1,5
81540,81545,81546,1,5
81540,81545,81546,1,5
81540,81544,81546,2,4
81540,81545,81546,1,5
81540,81545,81546,1,5
81540,81545,81546,1,5
81540,81545,81546,1,5
81540,81545,81546,1,5
81540,81546,81547,1,6
81540,81546,81547,1,6
81540,81546,81547,1,6
81540,81545,81547,2,5
81540,81545,81547,2,5
81540,81545,81546,1,5
81540,81546,81547,1,6
81540,81546,81547,1,6
81540,81546,81547,1,6
81540,81545,81547,2,5
81540,81546,81547,1,6
81540,81546,81547,1,6
81540,81546,81547,1,6
81540,81546,81547,1,6
81540,81547,81548,1,7
81540,81547,81548,1,7
81540,81547,81548,1,7
81540,81547,81548,1,7
81540,81548,81549,1,8
81540,81548,81549,1,8
81540,81549,81550,1,9
81540,81549,81550,1,9
81540,81549,81550,1,9
81540,81549,81550,1,9
81540,81549,81550,1,9
81540,81549,81550,1,9
81540,81549,81550,1,9
81540,81549,81550,1,9
81540,81549,81550,1,9
81540,81550,81551,1,10
81540,81549,81550,1,9
81540,81549,81550,1,9
81540,81549,81550,1,9
81540,81550,81551,1,10
81540,81550,81551,1,10
81540,81550,81551,1,10
81540,81550,81551,1,10
81540,81550,81551,1,10
81540,81549,81551,2,9
81540,81549,81551,2,9
81540,81551,81552,1,11
81053,81061,81551,490,8
81540,81551,81552,1,11
81540,81551,81552,1,11
81540,81551,81552,1,11
81540,81551,81552,1,11
81540,81551,81552,1,11
81540,81551,81552,1,11
81540,81551,81552,1,11
81540,81551,81552,1,11
81540,81551,81552,1,11
81540,81551,81552,1,11
81540,81551,81552,1,11
81540,81552,81553,1,12
81540,81552,81553,1,12
81540,81552,81553,1,12
81540,81551,81552,1,11
81540,81552,81553,1,12
81540,81552,81553,1,12
81540,81552,81553,1,12
81540,81552,81553,1,12
81540,81552,81553,1,12
81540,81552,81553,1,12
81540,81552,81553,1,12
81540,81553,81554,1,13
81540,81553,81554,1,13
81540,81553,81554,1,13
81540,81553,81554,1,13
81540,81553,81554,1,13
81540,81553,81554,1,13
81540,81553,81554,1,13
81540,81553,81554,1,13
81540,81553,81554,1,13
81540,81554,81555,1,14
81540,81554,81555,1,14
81540,81554,81555,1,14
81540,81554,81555,1,14
81540,81553,81554,1,13
81540,81554,81555,1,14
81540,81553,81554,1,13
81540,81553,81554,1,13
81540,81554,81555,1,14
81540,81554,81555,1,14
81540,81554,81555,1,14
81540,81554,81555,1,14
81540,81554,81555,1,14
81542,81555,81556,1,13
81542,81555,81556,1,13
81542,81555,81556,1,13
81542,81555,81556,1,13
81542,81555,81556,1,13
81542,81555,81556,1,13
81542,81555,81556,1,13
81542,81555,81556,1,13
81542,81555,81556,1,13
81542,81555,81556,1,13
81542,81555,81556,1,13
81542,81555,81556,1,13
81542,81556,81557,1,14
81542,81556,81557,1,14
81542,81556,81557,1,14
81542,81556,81557,1,14
81542,81555,81556,1,13
81542,81555,81556,1,13
81542,81555,81556,1,13
81542,81555,81556,1,13
81542,81556,81557,1,14
81542,81556,81557,1,14
81542,81556,81557,1,14
81542,81556,81557,1,14
81542,81557,81558,1,15
81542,81556,81557,1,14
81542,81557,81558,1,15
81542,81557,81558,1,15
81542,81556,81558,2,14
81542,81556,81558,2,14
81542,81556,81558,2,14
81542,81556,81558,2,14
81542,81557,81558,1,15
81540,81556,81558,2,16
81542,81557,81558,1,15
81542,81558,81559,1,16
81542,81558,81559,1,16
81542,81557,81559,2,15
81542,81558,81559,1,16
81542,81558,81559,1,16
81542,81557,81558,1,15
81542,81558,81559,1,16
81542,81557,81559,2,15
81542,81558,81559,1,16
81542,81557,81559,2,15
81542,81558,81559,1,16
81542,81558,81560,2,16
81542,81558,81559,1,16
81542,81559,81560,1,17
81542,81559,81560,1,17
81542,81559,81560,1,17
81542,81559,81560,1,17
81542,81559,81560,1,17
81542,81559,81560,1,17
81542,81559,81560,1,17
81542,81558,81559,1,16
81542,81559,81561,2,17
81542,81559,81561,2,17
81542,81560,81561,1,18
81542,81560,81561,1,18
81542,81560,81561,1,18
81542,81560,81561,1,18
81542,81560,81561,1,18
81542,81561,81562,1,19
81542,81561,81562,1,19
81542,81561,81562,1,19
81542,81562,81563,1,20
81552,81562,81563,1,10
81552,81562,81563,1,10
81552,81562,81563,1,10
81542,81562,81563,1,20
81542,81562,81563,1,20
81542,81562,81563,1,20
81552,81563,81564,1,11
81552,81563,81564,1,11
81552,81563,81564,1,11
81552,81563,81564,1,11
81552,81563,81564,1,11
81552,81563,81565,2,11
81552,81564,81565,1,12
81552,81564,81565,1,12
81552,81564,81565,1,12
81552,81564,81565,1,12
81552,81564,81565,1,12
81552,81564,81565,1,12
81552,81564,81565,1,12
81552,81564,81566,2,12
81552,81564,81565,1,12
81552,81564,81565,1,12
81552,81564,81566,2,12
81552,81564,81565,1,12
81552,81566,81567,1,14
81552,81566,81567,1,14
81552,81566,81567,1,14
81552,81566,81567,1,14
81552,81566,81567,1,14
81552,81564,81566,2,12
81552,81564,81566,2,12
81552,81566,81567,1,14
81552,81565,81567,2,13
81552,81565,81567,2,13
81552,81566,81567,1,14
81552,81566,81567,1,14
81552,81566,81567,1,14
81552,81567,81568,1,15
81552,81567,81568,1,15
81552,81566,81567,1,14
81552,81566,81567,1,14
81552,81567,81568,1,15
81552,81567,81568,1,15
81552,81567,81568,1,15
81552,81566,81567,1,14
81552,81567,81568,1,15
81552,81566,81567,1,14
81552,81567,81568,1,15
81552,81567,81568,1,15
81552,81568,81569,1,16
81552,81568,81569,1,16
81552,81568,81569,1,16
81552,81568,81569,1,16
81552,81568,81569,1,16
81552,81568,81569,1,16
81552,81568,81569,1,16
81552,81568,81569,1,16
81552,81568,81569,1,16
81552,81568,81569,1,16
81552,81568,81569,1,16
81552,81567,81569,2,15
81552,81567,81568,1,15
81552,81569,81570,1,17
81552,81569,81570,1,17
81552,81569,81570,1,17
81552,81568,81569,1,16
81552,81568,81569,1,16
81552,81569,81570,1,17
81552,81569,81570,1,17
81552,81569,81570,1,17
81552,81568,81569,1,16
81552,81569,81570,1,17
81552,81569,81570,1,17
81552,81569,81570,1,17
81552,81569,81570,1,17
81552,81569,81570,1,17
81552,81570,81571,1,18
81552,81570,81571,1,18
81552,81570,81571,1,18
81552,81569,81570,1,17
81552,81570,81571,1,18
81552,81570,81571,1,18
81552,81570,81571,1,18
81552,81570,81571,1,18
81552,81570,81571,1,18
81552,81570,81571,1,18
81552,81570,81571,1,18
81552,81570,81571,1,18
81552,81569,81571,2,17
81552,81569,81571,2,17
81552,81570,81571,1,18
81552,81570,81572,2,18
80913,80920,81615,695,7
81618,81618,81619,1,0
81618,81618,81619,1,0
81618,81618,81619,1,0
81618,81618,81619,1,0
81618,81618,81619,1,0
81618,81618,81619,1,0
81618,81618,81619,1,0
81618,81618,81619,1,0
81618,81618,81619,1,0
81618,81618,81619,1,0
81618,81618,81619,1,0
81618,81618,81619,1,0
81618,81618,81619,1,0
81618,81618,81619,1,0
81618,81618,81619,1,0
81618,81618,81619,1,0
81618,81618,81620,2,0
81618,81619,81621,2,1
81618,81619,81621,2,1
81618,81619,81621,2,1
81618,81619,81621,2,1
81618,81619,81621,2,1
81618,81619,81621,2,1
81618,81619,81621,2,1
81618,81619,81621,2,1
81618,81619,81621,2,1
81618,81619,81621,2,1
81618,81619,81621,2,1
81618,81620,81622,2,2
81618,81619,81621,2,1
81618,81619,81621,2,1
81618,81619,81622,3,1
81618,81621,81623,2,3
81618,81621,81623,2,3
81618,81621,81623,2,3
81618,81621,81623,2,3
81618,81621,81623,2,3
81618,81621,81623,2,3
81618,81622,81623,1,4
81618,81622,81623,1,4
81618,81621,81623,2,3
81618,81622,81623,1,4
81618,81621,81623,2,3
81618,81621,81623,2,3
81618,81622,81623,1,4
81618,81623,81624,1,5
81618,81623,81624,1,5
81618,81623,81624,1,5
81618,81623,81624,1,5
81618,81622,81624,2,4
81618,81623,81624,1,5
81618,81624,81625,1,6
81618,81624,81625,1,6
81618,81624,81625,1,6
81618,81625,81626,1,7
81618,81625,81626,1,7
81618,81624,81626,2,6
81618,81626,81627,1,8
81618,81626,81627,1,8
81618,81626,81627,1,8
81618,81626,81627,1,8
81618,81626,81627,1,8
81618,81626,81627,1,8
80884,80891,81647,756,7
81648,81648,81649,1,0
81648,81648,81649,1,0
81648,81648,81649,1,0
81648,81648,81649,1,0
81648,81648,81649,1,0
81648,81648,81649,1,0
81648,81648,81649,1,0
81648,81648,81649,1,0
81648,81648,81649,1,0
81648,81648,81649,1,0
81648,81648,81649,1,0
81648,81649,81650,1,1
81648,81648,81649,1,0
81648,81648,81649,1,0
81648,81649,81650,1,1
81648,81649,81650,1,1
81648,81649,81650,1,1
81648,81649,81650,1,1
81648,81649,81650,1,1
81648,81650,81651,1,2
81648,81649,81650,1,1
81648,81649,81650,1,1
81648,81650,81651,1,2
81648,81649,81650,1,1
81648,81649,81650,1,1
81648,81649,81651,2,1
81648,81650,81651,1,2
81648,81650,81651,1,2
81648,81650,81651,1,2
81648,81650,81651,1,2
81648,81650,81652,2,2
81648,81652,81653,1,4
81648,81650,81652,2,2
81648,81651,81652,1,3
81648,81651,81652,1,3
81648,81651,81652,1,3
81648,81651,81652,1,3
81648,81651,81652,1,3
81648,81651,81652,1,3
81648,81651,81652,1,3
81648,81651,81652,1,3
81648,81651,81652,1,3
81648,81651,81652,1,3
81648,81653,81654,1,5
81648,81652,81653,1,4
81648,81652,81653,1,4
81648,81652,81653,1,4
81648,81652,81653,1,4
81648,81653,81654,1,5
81648,81653,81654,1,5
81648,81653,81654,1,5
81648,81653,81654,1,5
81648,81653,81654,1,5
81648,81653,81654,1,5
81648,81653,81654,1,5
81648,81653,81654,1,5
81648,81653,81654,1,5
81648,81653,81654,1,5
81648,81654,81655,1,6
81648,81654,81655,1,6
81648,81654,81655,1,6
81648,81654,81655,1,6
81648,81653,81655,2,5
81648,81654,81655,1,6
81648,81654,81655,1,6
81648,81654,81655,1,6
81648,81654,81655,1,6
81648,81654,81655,1,6
81648,81654,81655,1,6
81648,81654,81655,1,6
81648,81654,81655,1,6
81648,81654,81655,1,6
81648,81654,81655,1,6
81648,81654,81655,1,6
81648,81655,81656,1,7
81648,81655,81656,1,7
81648,81655,81656,1,7
81648,81655,81656,1,7
81648,81655,81656,1,7
81648,81655,81656,1,7
81648,81655,81656,1,7
81648,81655,81656,1,7
81648,81655,81656,1,7
81648,81655,81656,1,7
81648,81655,81656,1,7
81648,81655,81656,1,7
81648,81655,81656,1,7
81648,81655,81656,1,7
81648,81656,81657,1,8
81648,81656,81657,1,8
81648,81655,81657,2,7
81648,81655,81656,1,7
81648,81656,81657,1,8
81648,81656,81658,2,8
81648,81656,81658,2,8
81648,81651,81669,18,3
81264,81271,81772,501,7
81773,81773,81774,1,0
81773,81773,81774,1,0
81773,81773,81774,1,0
81773,81773,81774,1,0
81773,81773,81774,1,0
81773,81773,81774,1,0
81773,81773,81774,1,0
81773,81773,81774,1,0
81773,81773,81774,1,0
81773,81774,81775,1,1
81773,81773,81774,1,0
81773,81773,81775,2,0
81773,81774,81775,1,1
81773,81774,81775,1,1
81773,81774,81775,1,1
81773,81774,81775,1,1
81773,81775,81776,1,2
81773,81775,81776,1,2
81773,81775,81776,1,2
81773,81775,81776,1,2
81773,81775,81776,1,2
81773,81775,81776,1,2
81773,81775,81776,1,2
81773,81775,81776,1,2
81773,81775,81776,1,2
81773,81776,81777,1,3
81773,81776,81777,1,3
81773,81776,81777,1,3
81773,81776,81777,1,3
81773,81776,81777,1,3
81773,81776,81777,1,3
81773,81777,81778,1,4
81773,81777,81778,1,4
81773,81777,81778,1,4
81773,81776,81778,2,3
81773,81778,81779,1,5
81773,81778,81779,1,5
81773,81778,81779,1,5
81773,81777,81778,1,4
81773,81778,81779,1,5
81773,81778,81779,1,5
81773,81778,81779,1,5
81773,81779,81780,1,6
81773,81778,81779,1,5
81773,81778,81779,1,5
81773,81779,81780,1,6
81773,81779,81780,1,6
81773,81779,81780,1,6
81773,81779,81780,1,6
81773,81779,81780,1,6
81773,81779,81780,1,6
81773,81779,81780,1,6
81773,81780,81781,1,7
81773,81780,81781,1,7
81773,81780,81781,1,7
81773,81780,81781,1,7
81773,81779,81780,1,6
81773,81780,81781,1,7
81773,81780,81781,1,7
81773,81780,81781,1,7
81773,81780,81781,1,7
81773,81780,81781,1,7
81773,81780,81781,1,7
81773,81781,81782,1,8
81773,81781,81782,1,8
81773,81781,81782,1,8
81773,81781,81782,1,8
81773,81781,81782,1,8
81773,81781,81782,1,8
81012,81020,81800,780,8
81803,81803,81804,1,0
81803,81803,81804,1,0
81803,81803,81804,1,0
81803,81803,81804,1,0
81803,81803,81804,1,0
81803,81803,81804,1,0
81803,81803,81804,1,0
81803,81803,81804,1,0
81803,81803,81804,1,0
81803,81803,81804,1,0
81803,81803,81804,1,0
81803,81803,81804,1,0
81803,81804,81805,1,1
81803,81804,81805,1,1
81803,81804,81805,1,1
81803,81803,81804,1,0
81803,81804,81805,1,1
81803,81805,81806,1,2
81803,81805,81806,1,2
81803,81805,81806,1,2
81803,81805,81806,1,2
81803,81805,81806,1,2
81803,81805,81806,1,2
81803,81805,81806,1,2
81803,81805,81806,1,2
81803,81805,81806,1,2
81803,81806,81807,1,3
81803,81806,81807,1,3
81803,81806,81807,1,3
81803,81805,81807,2,2
81803,81806,81807,1,3
81803,81805,81807,2,2
81803,81806,81807,1,3
81803,81805,81807,2,2
81803,81807,81808,1,4
81803,81807,81808,1,4
81803,81807,81808,1,4
81803,81807,81808,1,4
81803,81807,81808,1,4
81803,81808,81809,1,5
81803,81807,81808,1,4
81803,81807,81808,1,4
81803,81807,81808,1,4
81803,81807,81808,1,4
81803,81808,81809,1,5
81803,81808,81809,1,5
81117,81125,81809,684,8
81803,81808,81809,1,5
81803,81808,81809,1,5
81803,81808,81809,1,5
81803,81809,81810,1,6
81803,81809,81810,1,6
81803,81809,81810,1,6
81803,81810,81811,1,7
81803,81810,81811,1,7
81803,81808,81810,2,5
81803,81810,81811,1,7
81803,81810,81811,1,7
81803,81810,81811,1,7
81803,81810,81811,1,7
81803,81810,81811,1,7
81803,81811,81812,1,8
81803,81811,81812,1,8
81803,81811,81812,1,8
81803,81811,81812,1,8
81803,81810,81811,1,7
81803,81811,81812,1,8
81803,81811,81812,1,8
81803,81811,81812,1,8
81803,81811,81812,1,8
81803,81811,81812,1,8
81803,81811,81812,1,8
81803,81811,81812,1,8
81803,81812,81813,1,9
81803,81812,81813,1,9
81811,81812,81813,1,1
81811,81812,81813,1,1
81811,81812,81813,1,1
81811,81812,81813,1,1
81811,81812,81813,1,1
81811,81812,81813,1,1
81811,81812,81813,1,1
81811,81812,81813,1,1
81811,81812,81813,1,1
81811,81812,81813,1,1
81811,81812,81813,1,1
81811,81812,81813,1,1
81811,81812,81813,1,1
81811,81813,81814,1,2
81811,81813,81814,1,2
81811,81813,81814,1,2
81811,81813,81814,1,2
81811,81813,81814,1,2
81811,81813,81814,1,2
81811,81813,81814,1,2
81811,81813,81814,1,2
81811,81813,81814,1,2
81811,81813,81815,2,2
81811,81813,81815,2,2
81811,81813,81815,2,2
81811,81813,81815,2,2
81811,81813,81815,2,2
81811,81814,81815,1,3
81811,81814,81815,1,3
81811,81813,81815,2,2
81811,81815,81816,1,4
81811,81815,81816,1,4
81811,81816,81817,1,5
81811,81815,81817,2,4
81811,81815,81816,1,4
81811,81815,81816,1,4
81811,81815,81816,1,4
81811,81815,81816,1,4
81811,81815,81816,1,4
81811,81815,81816,1,4
81811,81815,81817,2,4
81811,81816,81817,1,5
81811,81815,81817,2,4
81811,81815,81816,1,4
81811,81815,81816,1,4
81811,81815,81816,1,4
81811,81816,81817,1,5
81811,81816,81817,1,5
81811,81817,81818,1,6
81811,81817,81818,1,6
81811,81817,81818,1,6
81811,81817,81818,1,6
81811,81817,81818,1,6
81811,81817,81818,1,6
81811,81817,81818,1,6
81811,81817,81818,1,6
81811,81817,81818,1,6
81811,81817,81818,1,6
81811,81818,81819,1,7
81811,81818,81819,1,7
81811,81817,81818,1,6
81811,81817,81818,1,6
81811,81817,81818,1,6
81811,81818,81819,1,7
81811,81818,81819,1,7
81811,81818,81819,1,7
81811,81818,81819,1,7
81811,81818,81819,1,7
81811,81819,81820,1,8
81811,81819,81820,1,8
81811,81819,81820,1,8
81811,81818,81819,1,7
81811,81819,81820,1,8
81811,81819,81820,1,8
81811,81818,81819,1,7
81811,81819,81820,1,8
81811,81819,81820,1,8
81811,81819,81820,1,8
81811,81819,81820,1,8
81811,81818,81820,2,7
81811,81818,81820,2,7
81811,81819,81820,1,8
81811,81819,81820,1,8
81811,81820,81821,1,9
81811,81820,81821,1,9
81811,81820,81821,1,9
81811,81820,81821,1,9
81811,81820,81821,1,9
81811,81820,81821,1,9
81325,81334,81845,511,9
81854,81854,81855,1,0
81854,81854,81855,1,0
81854,81854,81855,1,0
81854,81854,81855,1,0
81854,81854,81855,1,0
81854,81854,81855,1,0
81854,81854,81855,1,0
81854,81854,81855,1,0
81854,81854,81855,1,0
81854,81854,81855,1,0
81854,81854,81856,2,0
81854,81855,81857,2,1
81854,81854,81856,2,0
81854,81855,81857,2,1
81854,81855,81857,2,1
81854,81855,81857,2,1
81854,81855,81857,2,1
81854,81854,81856,2,0
81854,81855,81857,2,1
81854,81855,81857,2,1
81854,81855,81857,2,1
81854,81855,81857,2,1
81854,81855,81857,2,1
81854,81857,81858,1,3
81854,81855,81858,3,1
81854,81856,81857,1,2
81854,81857,81858,1,3
81854,81857,81858,1,3
81854,81855,81858,3,1
81854,81857,81858,1,3
81854,81855,81858,3,1
81854,81857,81858,1,3
81854,81858,81859,1,4
81854,81858,81859,1,4
81854,81857,81859,2,3
81854,81858,81859,1,4
81854,81858,81859,1,4
81854,81857,81859,2,3
81854,81858,81859,1,4
81854,81857,81858,1,3
81854,81857,81858,1,3
81854,81857,81859,2,3
81854,81857,81858,1,3
81854,81857,81858,1,3
81854,81858,81859,1,4
81854,81859,81860,1,5
81854,81858,81860,2,4
81854,81858,81859,1,4
81854,81859,81860,1,5
81854,81859,81860,1,5
81854,81859,81860,1,5
81854,81859,81860,1,5
81854,81859,81860,1,5
81854,81859,81860,1,5
81854,81859,81860,1,5
81854,81859,81860,1,5
81854,81859,81860,1,5
81854,81859,81860,1,5
81854,81860,81861,1,6
81854,81860,81861,1,6
81854,81860,81861,1,6
81854,81860,81861,1,6
81854,81860,81861,1,6
81854,81860,81861,1,6
81854,81860,81861,1,6
81854,81861,81862,1,7
81854,81861,81862,1,7
81854,81861,81862,1,7
81854,81861,81862,1,7
81854,81860,81862,2,6
81854,81861,81862,1,7
81854,81862,81863,1,8
81854,81862,81863,1,8
81165,81173,81878,705,8
81884,81884,81885,1,0
81884,81884,81885,1,0
81884,81884,81885,1,0
81884,81884,81885,1,0
81884,81884,81885,1,0
81884,81884,81885,1,0
81884,81884,81885,1,0
81884,81884,81885,1,0
81884,81884,81885,1,0
81884,81884,81885,1,0
81884,81884,81885,1,0
81884,81884,81885,1,0
81884,81885,81886,1,1
81884,81884,81885,1,0
81884,81884,81885,1,0
81884,81884,81885,1,0
81884,81885,81886,1,1
81884,81885,81886,1,1
81884,81885,81886,1,1
81884,81884,81885,1,0
81884,81885,81886,1,1
81884,81885,81886,1,1
81884,81885,81886,1,1
81884,81885,81886,1,1
81884,81886,81887,1,2
81884,81885,81886,1,1
81884,81886,81887,1,2
81884,81885,81887,2,1
81884,81886,81887,1,2
81884,81886,81887,1,2
81884,81886,81887,1,2
81884,81886,81887,1,2
81884,81886,81887,1,2
81884,81885,81886,1,1
81884,81886,81887,1,2
81884,81886,81887,1,2
81884,81886,81887,1,2
81884,81887,81888,1,3
81884,81886,81888,2,2
81884,81886,81888,2,2
81884,81886,81887,1,2
81884,81887,81888,1,3
81884,81887,81888,1,3
81884,81887,81888,1,3
81884,81887,81888,1,3
81884,81887,81888,1,3
81884,81887,81888,1,3
81884,81887,81888,1,3
81884,81887,81888,1,3
81884,81887,81888,1,3
81884,81887,81888,1,3
81884,81887,81888,1,3
81884,81888,81889,1,4
81884,81888,81889,1,4
81884,81888,81889,1,4
81884,81888,81889,1,4
81884,81888,81889,1,4
81884,81888,81889,1,4
81884,81888,81889,1,4
81884,81888,81889,1,4
81884,81888,81889,1,4
81884,81888,81889,1,4
81884,81888,81889,1,4
81884,81888,81889,1,4
81884,81889,81890,1,5
81884,81889,81890,1,5
81884,81889,81890,1,5
81884,81889,81890,1,5
81884,81889,81890,1,5
81884,81889,81890,1,5
81884,81889,81890,1,5
81884,81890,81891,1,6
81884,81891,81892,1,7
81884,81891,81892,1,7
81884,81891,81892,1,7
81884,81891,81892,1,7
81884,81888,81903,15,4
81232,81240,81933,693,8
81935,81935,81936,1,0
81935,81935,81936,1,0
81935,81935,81936,1,0
81935,81935,81936,1,0
81935,81935,81936,1,0
81935,81935,81936,1,0
81935,81935,81936,1,0
81935,81935,81936,1,0
81935,81935,81936,1,0
81935,81935,81936,1,0
81935,81935,81936,1,0
81935,81935,81936,1,0
81935,81935,81936,1,0
81935,81935,81936,1,0
81935,81935,81936,1,0
81935,81935,81937,2,0
81935,81936,81937,1,1
81935,81935,81936,1,0
81935,81936,81937,1,1
81935,81936,81937,1,1
81935,81936,81937,1,1
81935,81936,81937,1,1
81935,81936,81937,1,1
81935,81936,81937,1,1
81935,81936,81937,1,1
81935,81936,81937,1,1
81935,81936,81937,1,1
81935,81936,81937,1,1
81935,81936,81937,1,1
81935,81936,81937,1,1
81935,81936,81937,1,1
81935,81936,81937,1,1
81935,81937,81938,1,2
81935,81937,81938,1,2
81935,81937,81938,1,2
81935,81937,81938,1,2
81935,81937,81938,1,2
81935,81937,81938,1,2
81935,81937,81939,2,2
81935,81938,81939,1,3
81935,81938,81939,1,3
81935,81939,81940,1,4
81935,81939,81940,1,4
81935,81939,81940,1,4
81935,81939,81940,1,4
81935,81939,81940,1,4
81935,81939,81940,1,4
81935,81939,81940,1,4
81935,81939,81940,1,4
81935,81940,81941,1,5
81935,81940,81941,1,5
81935,81940,81941,1,5
81935,81940,81941,1,5
81935,81940,81941,1,5
81935,81940,81941,1,5
81935,81941,81942,1,6
81935,81941,81942,1,6
81935,81940,81941,1,5
81935,81940,81941,1,5
81935,81940,81941,1,5
81935,81941,81942,1,6
81935,81941,81942,1,6
81481,81494,81969,475,13
81971,81972,81974,2,1
81971,81972,81973,1,1
81971,81972,81973,1,1
81971,81972,81973,1,1
81971,81972,81973,1,1
81971,81972,81973,1,1
81971,81973,81974,1,2
81971,81973,81974,1,2
81971,81972,81974,2,1
81971,81973,81974,1,2
81971,81973,81974,1,2
81971,81973,81974,1,2
81971,81973,81974,1,2
81971,81973,81974,1,2
81971,81974,81975,1,3
81971,81973,81974,1,2
81971,81973,81974,1,2
81971,81973,81974,1,2
81971,81974,81976,2,3
81971,81974,81975,1,3
81971,81974,81975,1,3
81971,81974,81975,1,3
81971,81974,81975,1,3
81971,81975,81976,1,4
81971,81975,81976,1,4
81971,81975,81976,1,4
81971,81975,81977,2,4
81971,81975,81976,1,4
81971,81975,81976,1,4
81971,81975,81976,1,4
81971,81975,81976,1,4
81971,81975,81976,1,4
81971,81975,81976,1,4
81971,81975,81976,1,4
81971,81976,81977,1,5
81971,81976,81978,2,5
81971,81976,81977,1,5
81971,81976,81977,1,5
81971,81976,81977,1,5
81971,81976,81977,1,5
81971,81977,81978,1,6
81971,81976,81978,2,5
81971,81975,81978,3,4
81971,81976,81978,2,5
81971,81977,81979,2,6
81971,81977,81979,2,6
81971,81977,81978,1,6
81971,81978,81979,1,7
81971,81978,81979,1,7
81971,81978,81979,1,7
81971,81977,81979,2,6
81971,81977,81979,2,6
81971,81977,81979,2,6
81971,81977,81979,2,6
81971,81979,81980,1,8
81971,81978,81980,2,7
81971,81978,81980,2,7
81971,81978,81979,1,7
81971,81979,81980,1,8
81971,81979,81980,1,8
81971,81979,81980,1,8
81971,81979,81980,1,8
81971,81979,81980,1,8
81971,81979,81980,1,8
81971,81980,81981,1,9
81971,81979,81981,2,8
81971,81980,81981,1,9
81971,81979,81980,1,8
81971,81980,81981,1,9
81971,81979,81980,1,8
81971,81980,81981,1,9
81971,81980,81981,1,9
81971,81980,81981,1,9
81971,81980,81981,1,9
81971,81980,81981,1,9
81971,81980,81981,1,9
81971,81980,81981,1,9
81971,81980,81981,1,9
81971,81980,81981,1,9
81971,81981,81982,1,10
81971,81981,81982,1,10
81971,81981,81982,1,10
81971,81981,81982,1,10
81971,81981,81982,1,10
81268,81280,82009,729,12
82012,82012,82013,1,0
82012,82012,82013,1,0
82012,82012,82013,1,0
82012,82012,82013,1,0
82012,82012,82013,1,0
82012,82012,82013,1,0
82012,82012,82013,1,0
82012,82012,82013,1,0
82012,82012,82013,1,0
82012,82012,82013,1,0
82012,82012,82013,1,0
82012,82012,82013,1,0
82012,82012,82014,2,0
82012,82012,82015,3,0
82012,82012,82015,3,0
82012,82013,82015,2,1
82012,82014,82016,2,2
82012,82013,82016,3,1
82012,82013,82016,3,1
82012,82013,82016,3,1
82012,82013,82015,2,1
82012,82013,82015,2,1
82012,82013,82015,2,1
82012,82014,82016,2,2
82012,82014,82016,2,2
82012,82013,82015,2,1
82012,82013,82015,2,1
82012,82013,82015,2,1
82012,82016,82017,1,4
82012,82016,82017,1,4
82012,82016,82017,1,4
82012,82015,82016,1,3
82012,82015,82017,2,3
82012,82016,82017,1,4
82012,82016,82017,1,4
82012,82016,82017,1,4
82012,82016,82017,1,4
82012,82016,82017,1,4
82012,82015,82017,2,3
82012,82016,82018,2,4
82012,82016,82017,1,4
82012,82016,82017,1,4
82012,82016,82017,1,4
82012,82017,82018,1,5
82012,82017,82018,1,5
82012,82017,82018,1,5
82012,82017,82018,1,5
82012,82017,82018,1,5
82012,82017,82018,1,5
82012,82017,82018,1,5
82012,82017,82018,1,5
82012,82017,82018,1,5
82012,82018,82019,1,6
82012,82017,82019,2,5
82012,82018,82019,1,6
82012,82018,82019,1,6
82012,82018,82019,1,6
82012,82018,82019,1,6
82012,82018,82019,1,6
82012,82018,82019,1,6
82012,82018,82019,1,6
82012,82018,82019,1,6
82012,82018,82019,1,6
82012,82018,82019,1,6
82012,82018,82019,1,6
82012,82018,82019,1,6
82012,82018,82020,2,6
82012,82018,82019,1,6
82012,82019,82020,1,7
82012,82019,82020,1,7
82012,82019,82020,1,7
82012,82019,82020,1,7
82012,82019,82020,1,7
82012,82019,82020,1,7
82012,82019,82020,1,7
82012,82019,82020,1,7
82012,82019,82020,1,7
82012,82019,82020,1,7
82012,82019,82020,1,7
82012,82020,82021,1,8
82012,82020,82021,1,8
82012,82020,82021,1,8
82012,82020,82021,1,8
82012,82020,82021,1,8
82012,82020,82021,1,8
82012,82020,82021,1,8
82012,82020,82021,1,8
82012,82021,82022,1,9
82012,82021,82022,1,9
82012,82020,82022,2,8
82012,82020,82021,1,8
82012,82021,82023,2,9
82012,82013,82027,14,1
81316,81324,82038,714,8
81543,81562,82043,481,19
82047,82047,82048,1,0
82047,82047,82048,1,0
82047,82047,82049,2,0
82047,82047,82048,1,0
82047,82047,82048,1,0
82047,82047,82048,1,0
82047,82047,82049,2,0
82047,82048,82049,1,1
82047,82048,82049,1,1
82047,82048,82049,1,1
82047,82047,82049,2,0
82047,82047,82049,2,0
82047,82048,82050,2,1
82047,82048,82049,1,1
82047,82048,82049,1,1
82047,82048,82050,2,1
82047,82048,82050,2,1
82047,82048,82050,2,1
82047,82049,82051,2,2
82047,82050,82051,1,3
82047,82050,82051,1,3
82047,82049,82050,1,2
82047,82050,82051,1,3
82047,82049,82051,2,2
82047,82049,82051,2,2
81541,81554,82052,498,13
82047,82051,82052,1,4
82047,82051,82052,1,4
82047,82050,82051,1,3
82047,82051,82052,1,4
82047,82051,82052,1,4
82047,82051,82052,1,4
82047,82050,82051,1,3
82047,82050,82051,1,3
82047,82050,82051,1,3
82047,82049,82052,3,2
82047,82049,82051,2,2
82047,82051,82052,1,4
82047,82050,82052,2,3
82047,82051,82052,1,4
82047,82051,82052,1,4
82047,82052,82053,1,5
82047,82052,82053,1,5
82047,82052,82053,1,5
82047,82052,82053,1,5
82047,82052,82053,1,5
82047,82052,82053,1,5
82047,82052,82053,1,5
82047,82052,82053,1,5
82047,82052,82053,1,5
82047,82051,82052,1,4
82047,82052,82053,1,5
82047,82052,82053,1,5
82047,82052,82053,1,5
82047,82053,82054,1,6
82047,82053,82054,1,6
82047,82053,82054,1,6
82047,82053,82054,1,6
82047,82053,82054,1,6
82047,82053,82054,1,6
82047,82053,82054,1,6
82047,82053,82054,1,6
82047,82053,82054,1,6
82047,82054,82055,1,7
82047,82054,82055,1,7
82047,82054,82055,1,7
82047,82054,82055,1,7
82047,82054,82055,1,7
82047,82054,82055,1,7
82047,82054,82055,1,7
82047,82054,82055,1,7
82047,82054,82055,1,7
82047,82054,82055,1,7
82047,82054,82055,1,7
82047,82054,82055,1,7
82047,82053,82054,1,6
82047,82054,82055,1,7
82047,82054,82055,1,7
82047,82055,82056,1,8
82047,82055,82056,1,8
82047,82055,82056,1,8
82047,82055,82056,1,8
82047,82055,82056,1,8
82047,82055,82056,1,8
82047,82056,82057,1,9
82047,82055,82057,2,8
82047,82055,82057,2,8
82047,82055,82057,2,8
82047,82055,82056,1,8
82047,82055,82057,2,8
82047,82055,82057,2,8
82047,82055,82057,2,8
82047,82055,82057,2,8
82047,82056,82058,2,9
82047,82056,82058,2,9
82047,82056,82058,2,9
82047,82056,82057,1,9
82047,82056,82057,1,9
82047,82057,82058,1,10
82047,82057,82058,1,10
82047,82057,82058,1,10
82047,82055,82058,3,8
82047,82055,82058,3,8
82047,82055,82058,3,8
82047,82057,82058,1,10
82047,82056,82058,2,9
82047,82058,82059,1,11
82047,82057,82059,2,10
82047,82057,82059,2,10
82047,82058,82059,1,11
82047,82058,82059,1,11
82047,82058,82059,1,11
82047,82058,82059,1,11
82047,82058,82059,1,11
82047,82058,82059,1,11
82047,82058,82059,1,11
82047,82058,82059,1,11
82047,82058,82060,2,11
82047,82059,82060,1,12
82047,82058,82060,2,11
82047,82060,82061,1,13
82047,82060,82061,1,13
82047,82059,82060,1,12
82047,82060,82061,1,13
82047,82059,82060,1,12
82047,82060,82061,1,13
82047,82060,82061,1,13
82047,82060,82061,1,13
82047,82057,82061,4,10
81351,81360,82062,702,9
82047,82061,82062,1,14
82047,82061,82062,1,14
82047,82061,82062,1,14
82047,82061,82062,1,14
82047,82061,82062,1,14
82047,82061,82062,1,14
82047,82061,82062,1,14
82047,82061,82062,1,14
82047,82061,82062,1,14
82047,82062,82063,1,15
82047,82062,82063,1,15
82047,82062,82063,1,15
82047,82062,82063,1,15
82047,82062,82063,1,15
82047,82062,82063,1,15
82053,82063,82064,1,10
82053,82063,82064,1,10
82053,82063,82064,1,10
82053,82063,82064,1,10
82053,82063,82064,1,10
82053,82063,82064,1,10
82053,82063,82064,1,10
82047,82062,82063,1,15
82053,82064,82065,1,11
82053,82064,82065,1,11
82053,82063,82064,1,10
82053,82063,82064,1,10
82053,82064,82066,2,11
82053,82064,82066,2,11
82053,82064,82066,2,11
82053,82064,82066,2,11
82053,82065,82066,1,12
82053,82065,82066,1,12
82053,82065,82066,1,12
82053,82065,82067,2,12
82053,82065,82067,2,12
82053,82064,82066,2,11
82053,82064,82066,2,11
82053,82064,82067,3,11
82053,82065,82067,2,12
82053,82067,82068,1,14
82047,82066,82067,1,19
82047,82066,82067,1,19
82047,82066,82067,1,19
82053,82067,82068,1,14
82053,82067,82068,1,14
82053,82066,82068,2,13
82053,82066,82068,2,13
82053,82066,82068,2,13
82053,82066,82068,2,13
82053,82065,82067,2,12
82053,82067,82068,1,14
82053,82067,82068,1,14
82053,82068,82069,1,15
82053,82068,82069,1,15
82053,82068,82069,1,15
82053,82067,82069,2,14
82053,82068,82069,1,15
82053,82068,82069,1,15
82053,82068,82069,1,15
82053,82067,82069,2,14
82053,82067,82069,2,14
82053,82067,82069,2,14
82053,82068,82069,1,15
82053,82068,82069,1,15
82053,82069,82070,1,16
82053,82069,82070,1,16
82053,82068,82069,1,15
82053,82068,82069,1,15
82053,82068,82069,1,15
82053,82069,82070,1,16
82053,82069,82070,1,16
82053,82069,82070,1,16
82053,82069,82070,1,16
81545,81562,82070,508,17
82053,82070,82071,1,17
82053,82070,82071,1,17
82053,82070,82071,1,17
82053,82070,82071,1,17
82053,82070,82071,1,17
82053,82070,82071,1,17
82053,82069,82070,1,16
82053,82069,82071,2,16
82053,82069,82070,1,16
82053,82070,82071,1,17
82053,82066,82072,6,13
82053,82070,82071,1,17
82053,82070,82071,1,17
82053,82070,82071,1,17
82053,82070,82071,1,17
82053,82071,82072,1,18
82053,82071,82072,1,18
82053,82071,82072,1,18
82053,82070,82071,1,17
82053,82070,82071,1,17
82053,82071,82072,1,18
82053,82071,82072,1,18
82053,82071,82072,1,18
82053,82071,82072,1,18
82053,82071,82072,1,18
82053,82071,82072,1,18
82053,82071,82072,1,18
82053,82071,82072,1,18
82053,82072,82073,1,19
82053,82072,82073,1,19
82053,82072,82073,1,19
82053,82072,82073,1,19
82053,82072,82073,1,19
82053,82072,82073,1,19
82053,82072,82073,1,19
82053,82072,82073,1,19
82053,82073,82074,1,20
82077,82077,82078,1,0
82077,82077,82078,1,0
82077,82077,82078,1,0
82077,82077,82078,1,0
82077,82077,82078,1,0
82077,82077,82078,1,0
82077,82077,82078,1,0
82077,82077,82079,2,0
82077,82077,82078,1,0
82077,82078,82080,2,1
82077,82078,82080,2,1
82077,82078,82079,1,1
82077,82078,82079,1,1
82077,82078,82080,2,1
82077,82078,82080,2,1
82077,82078,82080,2,1
82077,82079,82080,1,2
82077,82078,82080,2,1
82077,82079,82081,2,2
82077,82079,82081,2,2
82077,82080,82081,1,3
82077,82078,82080,2,1
82077,82078,82080,2,1
82077,82078,82080,2,1
82077,82079,82080,1,2
82077,82079,82080,1,2
82077,82080,82081,1,3
82077,82080,82081,1,3
82077,82079,82080,1,2
82077,82080,82081,1,3
82077,82080,82081,1,3
82077,82081,82082,1,4
82077,82081,82082,1,4
82077,82081,82082,1,4
82077,82081,82082,1,4
82077,82081,82082,1,4
82077,82081,82082,1,4
82077,82081,82082,1,4
82077,82080,82081,1,3
82077,82080,82081,1,3
82077,82081,82082,1,4
82077,82081,82082,1,4
82077,82082,82083,1,5
82077,82081,82082,1,4
82077,82081,82082,1,4
82077,82082,82083,1,5
82077,82081,82082,1,4
82077,82082,82083,1,5
82077,82081,82082,1,4
82077,82081,82082,1,4
82077,82082,82083,1,5
82077,82082,82083,1,5
82077,82082,82083,1,5
82077,82082,82083,1,5
82077,82082,82083,1,5
82077,82082,82083,1,5
82077,82082,82083,1,5
82077,82082,82083,1,5
82077,82082,82083,1,5
82077,82083,82084,1,6
82077,82083,82084,1,6
82077,82083,82084,1,6
82077,82083,82084,1,6
82077,82083,82084,1,6
82077,82083,82084,1,6
82077,82083,82084,1,6
82077,82083,82084,1,6
82077,82083,82084,1,6
82077,82083,82084,1,6
82077,82083,82084,1,6
82077,82083,82084,1,6
82077,82083,82084,1,6
82077,82084,82085,1,7
82077,82084,82085,1,7
82077,82083,82085,2,6
82077,82084,82085,1,7
82077,82084,82085,1,7
82077,82084,82085,1,7
82077,82084,82085,1,7
82077,82084,82085,1,7
82077,82084,82085,1,7
82077,82085,82086,1,8
82077,82085,82086,1,8
82077,82085,82086,1,8
82077,82085,82086,1,8
82077,82083,82085,2,6
82077,82083,82085,2,6
82077,82085,82086,1,8
82077,82078,82086,8,1
82077,82085,82086,1,8
82077,82085,82086,1,8
82077,82085,82086,1,8
82077,82085,82086,1,8
82077,82086,82087,1,9
82077,82086,82087,1,9
82077,82085,82087,2,8
82077,82086,82087,1,9
82077,82086,82087,1,9
82077,82086,82087,1,9
82077,82086,82088,2,9
82077,82086,82088,2,9
82077,82086,82088,2,9
82077,82086,82088,2,9
82077,82086,82088,2,9
82077,82086,82088,2,9
82077,82087,82088,1,10
82077,82087,82088,1,10
82077,82087,82088,1,10
82077,82087,82088,1,10
82077,82087,82089,2,10
82077,82087,82089,2,10
82077,82088,82089,1,11
82077,82087,82089,2,10
82077,82089,82090,1,12
82077,82089,82090,1,12
82077,82089,82090,1,12
82077,82088,82089,1,11
82077,82088,82089,1,11
82077,82088,82089,1,11
82077,82087,82089,2,10
82077,82088,82090,2,11
82077,82087,82090,3,10
82077,82088,82090,2,11
82077,82088,82090,2,11
82077,82088,82090,2,11
82077,82089,82090,1,12
82077,82089,82091,2,12
82077,82089,82090,1,12
82077,82090,82091,1,13
82077,82090,82091,1,13
82077,82089,82090,1,12
82077,82089,82091,2,12
82077,82090,82091,1,13
82077,82090,82091,1,13
82077,82090,82091,1,13
82077,82091,82092,1,14
82077,82091,82092,1,14
82077,82090,82091,1,13
82077,82091,82092,1,14
82077,82090,82091,1,13
82077,82091,82092,1,14
82077,82092,82093,1,15
82077,82092,82093,1,15
82077,82092,82093,1,15
82077,82092,82093,1,15
82077,82092,82093,1,15
82077,82092,82093,1,15
82077,82092,82093,1,15
82077,82092,82093,1,15
82077,82092,82093,1,15
82077,82091,82093,2,14
82077,82092,82093,1,15
82077,82093,82094,1,16
82077,82093,82094,1,16
82077,82092,82094,2,15
82077,82093,82094,1,16
82077,82092,82099,7,15
81421,81429,82126,697,8
82127,82128,82129,1,1
82127,82128,82129,1,1
82127,82128,82129,1,1
82127,82128,82129,1,1
82127,82128,82129,1,1
82127,82128,82129,1,1
82127,82128,82129,1,1
82127,82128,82129,1,1
82127,82128,82129,1,1
82127,82129,82130,1,2
82127,82129,82131,2,2
82127,82129,82130,1,2
82127,82129,82130,1,2
82127,82129,82130,1,2
82127,82129,82131,2,2
82127,82129,82131,2,2
82127,82129,82132,3,2
82127,82129,82132,3,2
82127,82130,82131,1,3
82127,82130,82132,2,3
82127,82130,82131,1,3
82127,82130,82132,2,3
82127,82131,82132,1,4
82127,82130,82132,2,3
82127,82131,82132,1,4
82127,82130,82132,2,3
82127,82130,82132,2,3
82127,82131,82132,1,4
82127,82131,82132,1,4
82127,82131,82132,1,4
82127,82132,82133,1,5
82127,82131,82132,1,4
82127,82132,82133,1,5
82127,82132,82133,1,5
82127,82130,82133,3,3
82127,82132,82134,2,5
82127,82132,82133,1,5
82127,82133,82134,1,6
82127,82133,82134,1,6
82127,82133,82134,1,6
82127,82133,82134,1,6
82127,82132,82133,1,5
82127,82133,82134,1,6
82127,82133,82134,1,6
82127,82133,82134,1,6
82127,82133,82134,1,6
82127,82134,82135,1,7
82127,82133,82134,1,6
82127,82133,82134,1,6
82127,82134,82135,1,7
82127,82134,82135,1,7
82127,82134,82135,1,7
82127,82134,82135,1,7
82127,82134,82135,1,7
82127,82134,82135,1,7
82127,82134,82135,1,7
82127,82135,82136,1,8
82127,82134,82135,1,7
82127,82135,82136,1,8
82127,82134,82135,1,7
82127,82134,82135,1,7
82127,82135,82136,1,8
82127,82135,82136,1,8
82127,82135,82136,1,8
82127,82135,82136,1,8
82127,82135,82136,1,8
82127,82135,82136,1,8
82127,82135,82136,1,8
82127,82136,82137,1,9
82127,82136,82137,1,9
82127,82136,82137,1,9
82127,82136,82137,1,9
82127,82136,82137,1,9
82127,82136,82137,1,9
82127,82136,82137,1,9
82127,82136,82137,1,9
82127,82136,82137,1,9
82127,82137,82138,1,10
82127,82137,82138,1,10
82127,82136,82137,1,9
82127,82137,82138,1,10
82127,82133,82135,2,6
82127,82134,82135,1,7
82127,82140,82141,1,13
81649,81656,82148,492,7
81450,81458,82153,695,8
82162,82162,82163,1,0
82162,82162,82163,1,0
82162,82162,82163,1,0
82162,82162,82163,1,0
82162,82162,82163,1,0
82162,82162,82163,1,0
82162,82162,82163,1,0
82162,82162,82163,1,0
82162,82162,82163,1,0
82162,82162,82163,1,0
82162,82162,82163,1,0
82162,82163,82164,1,1
82162,82162,82164,2,0
82162,82162,82164,2,0
82162,82162,82164,2,0
82162,82162,82164,2,0
82162,82163,82165,2,1
82162,82162,82165,3,0
82162,82162,82165,3,0
82162,82163,82165,2,1
82162,82164,82165,1,2
82162,82164,82165,1,2
82162,82164,82166,2,2
82162,82163,82166,3,1
82162,82164,82166,2,2
82162,82164,82166,2,2
82162,82164,82166,2,2
82162,82165,82166,1,3
82162,82164,82166,2,2
82162,82164,82166,2,2
82162,82164,82166,2,2
82162,82165,82166,1,3
82162,82166,82167,1,4
82162,82164,82167,3,2
82162,82165,82167,2,3
82162,82165,82167,2,3
82162,82166,82167,1,4
82162,82166,82167,1,4
82162,82166,82167,1,4
82162,82167,82168,1,5
82162,82167,82168,1,5
82162,82167,82168,1,5
82162,82167,82168,1,5
82162,82167,82168,1,5
82162,82167,82168,1,5
82162,82167,82168,1,5
82162,82167,82169,2,5
82162,82167,82168,1,5
82162,82167,82168,1,5
82162,82167,82168,1,5
82162,82168,82169,1,6
82162,82168,82169,1,6
82162,82168,82169,1,6
82162,82168,82169,1,6
82162,82169,82170,1,7
82162,82167,82169,2,5
82162,82169,82170,1,7
82162,82168,82170,2,6
82162,82169,82170,1,7
82162,82169,82170,1,7
82162,82170,82171,1,8
82162,82169,82170,1,7
82162,82169,82170,1,7
82162,82170,82171,1,8
82162,82170,82171,1,8
82162,82170,82171,1,8
82162,82170,82171,1,8
82162,82171,82172,1,9
82162,82171,82172,1,9
82162,82171,82172,1,9
82162,82171,82172,1,9
82162,82171,82172,1,9
82163,82171,82172,1,8
82163,82171,82172,1,8
82163,82171,82172,1,8
82163,82172,82173,1,9
82163,82172,82173,1,9
82163,82172,82173,1,9
82163,82172,82173,1,9
82162,82171,82172,1,9
82162,82171,82172,1,9
82163,82172,82173,1,9
82163,82172,82173,1,9
82163,82172,82174,2,9
82163,82172,82174,2,9
82163,82172,82174,2,9
82163,82172,82173,1,9
82163,82173,82174,1,10
82163,82173,82175,2,10
82163,82173,82174,1,10
82163,82173,82174,1,10
82163,82173,82174,1,10
82163,82173,82175,2,10
82163,82173,82175,2,10
82163,82172,82174,2,9
82163,82173,82175,2,10
82163,82173,82174,1,10
82163,82174,82175,1,11
82163,82174,82175,1,11
82163,82174,82175,1,11
82163,82174,82175,1,11
82163,82174,82175,1,11
82163,82175,82176,1,12
82163,82175,82176,1,12
82163,82173,82175,2,10
82163,82173,82175,2,10
82163,82174,82176,2,11
82163,82175,82176,1,12
82163,82175,82176,1,12
82163,82175,82176,1,12
82163,82175,82176,1,12
82163,82175,82176,1,12
82163,82175,82176,1,12
82163,82175,82176,1,12
82163,82176,82177,1,13
82163,82176,82177,1,13
82163,82175,82176,1,12
82163,82175,82176,1,12
82163,82175,82176,1,12
82163,82175,82176,1,12
82163,82175,82177,2,12
82163,82176,82177,1,13
82163,82176,82177,1,13
82163,82177,82178,1,14
82163,82177,82178,1,14
82163,82177,82178,1,14
82163,82177,82178,1,14
82163,82177,82178,1,14
82163,82176,82177,1,13
82163,82177,82178,1,14
82163,82176,82178,2,13
82163,82178,82179,1,15
82163,82178,82179,1,15
82163,82178,82179,1,15
82163,82178,82179,1,15
82163,82178,82179,1,15
82163,82177,82178,1,14
82163,82177,82179,2,14
82163,82178,82179,1,15
82163,82179,82180,1,16
82163,82179,82180,1,16
82163,82179,82180,1,16
82163,82178,82179,1,15
82163,82179,82180,1,16
82163,82179,82180,1,16
82163,82179,82180,1,16
82163,82179,82180,1,16
82163,82178,82179,1,15
82163,82179,82180,1,16
82163,82178,82180,2,15
82163,82179,82180,1,16
82163,82179,82180,1,16
82163,82179,82180,1,16
81479,81486,82199,713,7
82218,82218,82219,1,0
82218,82218,82219,1,0
82218,82219,82220,1,1
82218,82218,82219,1,0
82218,82218,82219,1,0
82218,82218,82219,1,0
82218,82219,82220,1,1
82218,82219,82220,1,1
82218,82219,82220,1,1
82218,82219,82220,1,1
82218,82219,82220,1,1
82218,82219,82220,1,1
82218,82219,82221,2,1
82218,82219,82220,1,1
82218,82219,82220,1,1
82218,82219,82220,1,1
82218,82219,82220,1,1
82218,82220,82221,1,2
82218,82219,82221,2,1
82218,82220,82221,1,2
82218,82221,82222,1,3
82218,82221,82222,1,3
82218,82221,82222,1,3
82218,82220,82221,1,2
82218,82220,82221,1,2
82218,82221,82222,1,3
82218,82221,82222,1,3
82218,82221,82222,1,3
82218,82221,82222,1,3
82218,82221,82222,1,3
82218,82221,82222,1,3
82218,82221,82222,1,3
82218,82221,82222,1,3
82218,82221,82223,2,3
82218,82222,82223,1,4
82218,82222,82223,1,4
82218,82222,82223,1,4
82218,82222,82224,2,4
82218,82222,82224,2,4
82218,82222,82224,2,4
82218,82223,82225,2,5
82218,82223,82224,1,5
82218,82223,82224,1,5
82218,82224,82225,1,6
82218,82223,82225,2,5
82218,82223,82224,1,5
82218,82223,82224,1,5
82218,82223,82224,1,5
82218,82223,82225,2,5
82218,82223,82225,2,5
82218,82224,82225,1,6
82218,82224,82225,1,6
82218,82225,82226,1,7
82218,82224,82225,1,6
82218,82224,82225,1,6
82218,82225,82226,1,7
82218,82225,82226,1,7
82218,82225,82226,1,7
82218,82225,82226,1,7
82218,82225,82226,1,7
82218,82225,82226,1,7
82218,82225,82226,1,7
82218,82221,82222,1,3
82218,82225,82226,1,7
82218,82226,82227,1,8
82218,82225,82226,1,7
82218,82226,82227,1,8
82218,82226,82227,1,8
82218,82226,82227,1,8
82218,82226,82227,1,8
82218,82226,82227,1,8
82218,82226,82227,1,8
82218,82226,82227,1,8
82218,82226,82227,1,8
82218,82226,82227,1,8
82218,82226,82227,1,8
82218,82227,82228,1,9
82218,82227,82228,1,9
82218,82227,82228,1,9
82218,82226,82227,1,8
82218,82227,82228,1,9
82218,82227,82228,1,9
81487,81504,82229,725,17
82249,82249,82250,1,0
82249,82249,82250,1,0
82249,82249,82250,1,0
82249,82249,82250,1,0
82249,82249,82250,1,0
82249,82249,82250,1,0
82249,82249,82250,1,0
82249,82249,82250,1,0
82249,82249,82250,1,0
82249,82249,82250,1,0
82249,82249,82250,1,0
82249,82249,82250,1,0
82249,82249,82250,1,0
82249,82249,82251,2,0
82249,82249,82250,1,0
82249,82249,82251,2,0
82249,82249,82251,2,0
82249,82250,82252,2,1
82249,82250,82252,2,1
82249,82250,82252,2,1
82249,82250,82252,2,1
82249,82250,82252,2,1
82249,82250,82252,2,1
82249,82250,82252,2,1
82249,82250,82252,2,1
82249,82250,82252,2,1
82249,82250,82252,2,1
82249,82250,82252,2,1
82249,82251,82253,2,2
82249,82251,82253,2,2
82249,82251,82253,2,2
82249,82252,82253,1,3
82249,82251,82253,2,2
82249,82251,82253,2,2
82249,82251,82253,2,2
82249,82252,82253,1,3
82249,82252,82253,1,3
82249,82252,82254,2,3
82249,82252,82254,2,3
82249,82252,82253,1,3
82249,82253,82254,1,4
82249,82252,82254,2,3
82249,82252,82254,2,3
82249,82252,82254,2,3
82249,82252,82254,2,3
82249,82253,82254,1,4
82249,82252,82254,2,3
82249,82253,82254,1,4
82249,82253,82255,2,4
82249,82253,82254,1,4
82249,82253,82254,1,4
82249,82253,82255,2,4
82249,82254,82255,1,5
82249,82254,82256,2,5
82249,82254,82256,2,5
82249,82254,82255,1,5
82249,82254,82256,2,5
82249,82254,82256,2,5
82249,82255,82256,1,6
82249,82255,82256,1,6
82249,82255,82256,1,6
82249,82255,82256,1,6
82249,82255,82256,1,6
82249,82255,82256,1,6
82249,82255,82256,1,6
82249,82255,82257,2,6
82249,82256,82257,1,7
82249,82256,82257,1,7
82249,82256,82257,1,7
82249,82256,82257,1,7
82249,82255,82257,2,6
82249,82256,82257,1,7
82249,82256,82257,1,7
82249,82256,82258,2,7
82249,82257,82258,1,8
82249,82258,82259,1,9
82249,82258,82259,1,9
82249,82257,82258,1,8
82249,82257,82258,1,8
82249,82258,82259,1,9
82249,82258,82259,1,9
82249,82258,82259,1,9
82249,82258,82259,1,9
81774,81781,82265,484,7
82279,82279,82280,1,0
82279,82279,82280,1,0
82279,82279,82280,1,0
82279,82279,82280,1,0
82279,82279,82280,1,0
82279,82279,82280,1,0
82279,82279,82280,1,0
82279,82279,82280,1,0
82279,82279,82280,1,0
82279,82279,82280,1,0
82279,82279,82280,1,0
82279,82280,82281,1,1
82279,82279,82280,1,0
82279,82279,82280,1,0
82279,82279,82280,1,0
82279,82279,82280,1,0
82279,82280,82281,1,1
82279,82280,82281,1,1
82279,82280,82282,2,1
82279,82280,82282,2,1
82279,82280,82281,1,1
82279,82280,82281,1,1
82279,82281,82282,1,2
82279,82280,82281,1,1
82279,82281,82282,1,2
82279,82280,82282,2,1
82279,82281,82282,1,2
82279,82281,82282,1,2
82279,82280,82282,2,1
82279,82280,82281,1,1
82279,82280,82282,2,1
82279,82280,82281,1,1
82279,82282,82283,1,3
82279,82282,82283,1,3
82279,82282,82283,1,3
82279,82282,82283,1,3
82279,82282,82283,1,3
82279,82281,82282,1,2
82279,82283,82284,1,4
82279,82283,82284,1,4
82279,82282,82283,1,3
82279,82282,82283,1,3
82279,82282,82283,1,3
82279,82283,82284,1,4
82279,82283,82284,1,4
82279,82282,82283,1,3
82279,82282,82283,1,3
82279,82282,82283,1,3
82279,82282,82283,1,3
82279,82283,82284,1,4
82279,82282,82283,1,3
82279,82283,82284,1,4
82279,82282,82283,1,3
82279,82282,82283,1,3
82279,82282,82284,2,3
82279,82284,82285,1,5
82279,82284,82285,1,5
82279,82284,82285,1,5
82279,82284,82285,1,5
82279,82284,82285,1,5
82279,82284,82285,1,5
82279,82284,82285,1,5
82279,82284,82285,1,5
82279,82284,82285,1,5
82279,82284,82285,1,5
82279,82284,82285,1,5
82279,82284,82285,1,5
82279,82284,82285,1,5
82279,82285,82286,1,6
82279,82285,82286,1,6
82279,82285,82286,1,6
82279,82285,82286,1,6
82279,82284,82285,1,5
82279,82284,82285,1,5
82279,82285,82286,1,6
82279,82285,82286,1,6
82279,82285,82286,1,6
82279,82284,82286,2,5
82279,82284,82286,2,5
82279,82285,82286,1,6
82279,82286,82287,1,7
82279,82285,82287,2,6
82279,82285,82287,2,6
82279,82285,82287,2,6
82279,82286,82287,1,7
82279,82286,82287,1,7
82279,82286,82287,1,7
82279,82286,82287,1,7
82279,82285,82287,2,6
82279,82285,82287,2,6
82279,82287,82288,1,8
82279,82286,82288,2,7
81812,81821,82310,489,9
82311,82311,82312,1,0
82311,82311,82312,1,0
82311,82311,82312,1,0
82311,82311,82312,1,0
82311,82311,82312,1,0
82311,82311,82312,1,0
82311,82311,82312,1,0
82311,82311,82312,1,0
82311,82311,82312,1,0
82311,82311,82312,1,0
82311,82311,82312,1,0
82311,82311,82312,1,0
82311,82311,82312,1,0
82311,82311,82313,2,0
82311,82312,82313,1,1
82311,82312,82313,1,1
82311,82312,82313,1,1
82311,82311,82312,1,0
82311,82312,82313,1,1
82311,82312,82313,1,1
82311,82312,82313,1,1
82311,82312,82313,1,1
82311,82312,82313,1,1
82311,82312,82313,1,1
82311,82313,82314,1,2
82311,82313,82314,1,2
82311,82312,82313,1,1
82311,82312,82313,1,1
82311,82313,82314,1,2
82311,82313,82314,1,2
82311,82313,82315,2,2
82311,82313,82314,1,2
82311,82313,82315,2,2
82311,82313,82314,1,2
82311,82313,82315,2,2
82311,82313,82315,2,2
82311,82314,82315,1,3
82311,82314,82315,1,3
82311,82314,82316,2,3
82311,82314,82316,2,3
82311,82314,82316,2,3
82311,82314,82316,2,3
82311,82314,82315,1,3
82311,82314,82315,1,3
82311,82315,82316,1,4
82311,82314,82315,1,3
82311,82315,82316,1,4
82311,82315,82316,1,4
82311,82316,82317,1,5
82311,82316,82317,1,5
82311,82315,82317,2,4
82311,82316,82317,1,5
82311,82315,82316,1,4
82311,82316,82317,1,5
82311,82315,82316,1,4
82311,82315,82317,2,4
82311,82316,82317,1,5
82311,82316,82317,1,5
82311,82316,82317,1,5
82311,82316,82317,1,5
82311,82315,82316,1,4
82311,82316,82317,1,5
82311,82317,82318,1,6
82311,82316,82317,1,5
82311,82317,82318,1,6
82311,82317,82318,1,6
82311,82317,82318,1,6
82311,82317,82318,1,6
82311,82317,82318,1,6
82311,82317,82318,1,6
82311,82317,82318,1,6
82311,82317,82318,1,6
82311,82317,82318,1,6
82311,82317,82318,1,6
82311,82317,82318,1,6
82311,82317,82318,1,6
82311,82316,82318,2,5
82311,82318,82319,1,7
82311,82318,82319,1,7
82311,82318,82319,1,7
82311,82318,82319,1,7
82311,82318,82319,1,7
82311,82318,82319,1,7
82311,82318,82319,1,7
82311,82317,82319,2,6
82311,82317,82319,2,6
82311,82318,82319,1,7
82311,82318,82319,1,7
82311,82318,82319,1,7
82311,82319,82320,1,8
82311,82318,82319,1,7
82311,82319,82320,1,8
82311,82318,82320,2,7
82311,82318,82320,2,7
82311,82318,82320,2,7
82311,82318,82320,2,7
82311,82319,82320,1,8
82311,82319,82320,1,8
81553,81571,82327,756,18
82343,82343,82344,1,0
82343,82343,82344,1,0
82343,82343,82344,1,0
82343,82343,82344,1,0
82343,82343,82344,1,0
82343,82343,82344,1,0
82343,82343,82344,1,0
82343,82343,82344,1,0
82343,82343,82344,1,0
82343,82343,82344,1,0
82343,82343,82344,1,0
82343,82343,82344,1,0
82343,82343,82344,1,0
82343,82343,82344,1,0
82343,82343,82344,1,0
82343,82343,82345,2,0
82343,82343,82345,2,0
82343,82344,82346,2,1
82343,82344,82346,2,1
82343,82344,82346,2,1
82343,82344,82346,2,1
82343,82344,82346,2,1
82343,82344,82346,2,1
82343,82344,82346,2,1
82343,82344,82346,2,1
82343,82344,82346,2,1
82343,82344,82346,2,1
82343,82344,82346,2,1
82343,82346,82347,1,3
82343,82344,82346,2,1
82343,82344,82346,2,1
82343,82344,82346,2,1
82343,82345,82347,2,2
82343,82345,82347,2,2
82343,82345,82347,2,2
82343,82346,82347,1,3
82343,82346,82348,2,3
82343,82346,82348,2,3
82343,82347,82348,1,4
82343,82346,82348,2,3
82343,82346,82348,2,3
82343,82347,82348,1,4
82343,82347,82348,1,4
82343,82347,82348,1,4
82343,82347,82348,1,4
82343,82348,82349,1,5
82343,82348,82349,1,5
82343,82348,82349,1,5
82343,82348,82349,1,5
82343,82348,82349,1,5
82343,82348,82349,1,5
82343,82348,82349,1,5
82343,82349,82350,1,6
82343,82349,82350,1,6
82343,82349,82350,1,6
82343,82350,82351,1,7
82343,82350,82351,1,7
82343,82350,82351,1,7
82343,82350,82351,1,7
82343,82350,82351,1,7
82343,82351,82352,1,8
82343,82351,82352,1,8
82343,82351,82352,1,8
82343,82351,82352,1,8
82343,82351,82352,1,8
82343,82351,82352,1,8
81619,81627,82355,728,8
82371,82371,82372,1,0
82371,82371,82372,1,0
82371,82371,82372,1,0
82371,82371,82372,1,0
82371,82371,82372,1,0
82371,82371,82372,1,0
82371,82371,82372,1,0
82371,82371,82372,1,0
82371,82371,82372,1,0
82371,82371,82373,2,0
82371,82371,82373,2,0
82371,82371,82373,2,0
82371,82372,82374,2,1
82371,82372,82374,2,1
82371,82372,82373,1,1
82371,82372,82374,2,1
82371,82372,82374,2,1
82371,82372,82374,2,1
82371,82372,82374,2,1
82371,82372,82374,2,1
82371,82372,82374,2,1
82371,82372,82374,2,1
82371,82372,82373,1,1
82371,82372,82373,1,1
82371,82372,82373,1,1
82371,82372,82374,2,1
82371,82374,82375,1,3
82371,82374,82375,1,3
82371,82374,82375,1,3
82371,82373,82374,1,2
82371,82374,82375,1,3
82371,82374,82375,1,3
82371,82373,82374,1,2
82371,82374,82375,1,3
82371,82373,82375,2,2
82371,82375,82376,1,4
82371,82374,82375,1,3
82371,82374,82375,1,3
81885,81892,82376,484,7
82371,82375,82376,1,4
82371,82375,82376,1,4
82371,82374,82375,1,3
82371,82374,82376,2,3
82371,82374,82375,1,3
82371,82375,82376,1,4
82371,82374,82375,1,3
82371,82375,82376,1,4
82371,82375,82376,1,4
82371,82374,82375,1,3
82371,82374,82375,1,3
82371,82375,82376,1,4
82371,82376,82377,1,5
82371,82376,82377,1,5
82371,82376,82377,1,5
82371,82376,82377,1,5
82371,82376,82377,1,5
82371,82376,82377,1,5
82371,82375,82376,1,4
82371,82375,82376,1,4
82371,82376,82377,1,5
82371,82376,82377,1,5
82371,82376,82377,1,5
82371,82376,82377,1,5
82371,82376,82377,1,5
82371,82376,82377,1,5
82371,82376,82377,1,5
82371,82376,82377,1,5
82371,82376,82377,1,5
82371,82377,82378,1,6
82371,82377,82378,1,6
82371,82377,82378,1,6
82371,82377,82378,1,6
82371,82377,82378,1,6
82371,82377,82378,1,6
82371,82376,82377,1,5
82371,82377,82378,1,6
82371,82377,82378,1,6
82371,82377,82378,1,6
82371,82377,82378,1,6
82371,82378,82379,1,7
82371,82378,82379,1,7
82371,82378,82379,1,7
82371,82378,82379,1,7
82371,82378,82379,1,7
82371,82378,82379,1,7
82371,82377,82379,2,6
82377,82379,82380,1,2
82377,82379,82380,1,2
82377,82379,82380,1,2
82377,82379,82380,1,2
82377,82379,82380,1,2
82377,82379,82380,1,2
82377,82379,82380,1,2
82377,82380,82381,1,3
82377,82380,82381,1,3
82377,82380,82381,1,3
82377,82380,82381,1,3
82377,82380,82382,2,3
82377,82380,82382,2,3
82377,82380,82381,1,3
82377,82380,82382,2,3
82377,82380,82382,2,3
82377,82380,82382,2,3
82377,82380,82382,2,3
82377,82380,82382,2,3
82377,82381,82382,1,4
82377,82380,82382,2,3
82377,82380,82382,2,3
82377,82380,82382,2,3
82377,82381,82383,2,4
82377,82382,82384,2,5
82377,82382,82384,2,5
82377,82382,82384,2,5
82377,82382,82384,2,5
82377,82382,82384,2,5
82377,82383,82384,1,6
82377,82383,82384,1,6
82377,82383,82384,1,6
82377,82383,82384,1,6
82377,82382,82384,2,5
82377,82382,82384,2,5
82377,82383,82384,1,6
82377,82383,82384,1,6
82377,82383,82384,1,6
82377,82384,82385,1,7
82377,82384,82385,1,7
82377,82384,82385,1,7
82377,82382,82385,3,5
82377,82385,82386,1,8
82377,82385,82386,1,8
82377,82385,82386,1,8
82377,82385,82386,1,8
82377,82384,82385,1,7
82377,82384,82385,1,7
82377,82384,82385,1,7
82377,82385,82386,1,8
82377,82386,82387,1,9
82377,82386,82387,1,9
82377,82386,82387,1,9
82377,82385,82386,1,8
82377,82385,82386,1,8
82377,82385,82387,2,8
82377,82386,82387,1,9
82377,82386,82387,1,9
82377,82387,82388,1,10
82377,82387,82388,1,10
82377,82386,82387,1,9
82377,82387,82388,1,10
82377,82386,82387,1,9
82377,82386,82388,2,9
82377,82386,82387,1,9
82377,82386,82387,1,9
82377,82386,82387,1,9
82377,82387,82388,1,10
82377,82387,82388,1,10
82377,82387,82388,1,10
82377,82388,82389,1,11
82377,82388,82389,1,11
82377,82388,82389,1,11
82377,82388,82389,1,11
82377,82387,82388,1,10
82377,82387,82388,1,10
82377,82388,82389,1,11
82377,82388,82389,1,11
82377,82388,82389,1,11
82377,82388,82389,1,11
82377,82388,82389,1,11
82050,82063,82547,484,13
82548,82548,82549,1,0
82548,82548,82549,1,0
82548,82548,82549,1,0
82548,82548,82549,1,0
81805,81812,82549,737,7
82548,82548,82549,1,0
82548,82548,82549,1,0
82548,82548,82549,1,0
82548,82548,82549,1,0
82548,82548,82549,1,0
82548,82548,82549,1,0
82548,82548,82549,1,0
82548,82548,82550,2,0
82548,82548,82550,2,0
82548,82548,82550,2,0
82548,82548,82550,2,0
82548,82548,82550,2,0
82548,82548,82551,3,0
82548,82549,82551,2,1
82548,82549,82551,2,1
82548,82549,82551,2,1
82548,82549,82551,2,1
82548,82549,82551,2,1
82548,82549,82551,2,1
82548,82549,82551,2,1
82548,82549,82551,2,1
82548,82549,82551,2,1
82548,82550,82552,2,2
82548,82550,82552,2,2
82548,82550,82552,2,2
82548,82550,82551,1,2
82548,82551,82552,1,3
82548,82551,82552,1,3
82548,82551,82552,1,3
82548,82550,82552,2,2
82548,82550,82552,2,2
82548,82551,82552,1,3
82548,82551,82553,2,3
82548,82551,82553,2,3
82548,82553,82554,1,5
82548,82552,82553,1,4
82548,82552,82553,1,4
82548,82552,82553,1,4
82548,82552,82553,1,4
82548,82552,82553,1,4
82548,82552,82553,1,4
82548,82552,82554,2,4
82548,82553,82554,1,5
82548,82553,82554,1,5
82548,82553,82554,1,5
82548,82554,82555,1,6
82548,82553,82554,1,5
82548,82554,82555,1,6
82548,82554,82555,1,6
82548,82554,82555,1,6
82548,82554,82555,1,6
82548,82554,82555,1,6
82548,82555,82556,1,7
82548,82555,82556,1,7
82548,82555,82556,1,7
82548,82555,82556,1,7
82548,82554,82555,1,6
82548,82555,82556,1,7
82548,82554,82555,1,6
82548,82555,82556,1,7
82548,82555,82556,1,7
82548,82556,82557,1,8
82548,82556,82557,1,8
82548,82556,82557,1,8
82548,82555,82556,1,7
82548,82556,82557,1,8
82548,82556,82557,1,8
82548,82556,82557,1,8
82548,82556,82557,1,8
82548,82556,82557,1,8
82548,82556,82557,1,8
82548,82556,82557,1,8
82548,82556,82557,1,8
82548,82557,82558,1,9
82548,82557,82558,1,9
82550,82557,82558,1,7
82550,82557,82558,1,7
82550,82557,82558,1,7
82550,82557,82558,1,7
82550,82557,82558,1,7
82550,82557,82558,1,7
82550,82557,82558,1,7
82550,82557,82558,1,7
82550,82558,82559,1,8
82550,82557,82558,1,7
82550,82558,82559,1,8
82550,82558,82559,1,8
82550,82558,82560,2,8
82550,82558,82559,1,8
82054,82072,82560,488,18
82550,82558,82559,1,8
82550,82558,82559,1,8
82550,82558,82559,1,8
82550,82558,82559,1,8
82550,82559,82560,1,9
82550,82558,82559,1,8
82550,82558,82560,2,8
82550,82558,82560,2,8
82550,82558,82560,2,8
82550,82558,82560,2,8
82550,82558,82559,1,8
82550,82558,82559,1,8
82550,82559,82560,1,9
82550,82559,82560,1,9
82550,82560,82561,1,10
82550,82560,82561,1,10
82550,82560,82561,1,10
82550,82560,82561,1,10
82550,82560,82561,1,10
82550,82560,82561,1,10
82550,82560,82561,1,10
82550,82560,82561,1,10
82550,82560,82561,1,10
82550,82560,82561,1,10
82550,82560,82561,1,10
82550,82561,82562,1,11
82550,82561,82562,1,11
82550,82561,82562,1,11
82550,82561,82562,1,11
82550,82561,82562,1,11
82550,82561,82562,1,11
82550,82561,82562,1,11
82550,82560,82561,1,10
82550,82560,82561,1,10
82550,82560,82561,1,10
82550,82560,82562,2,10
82550,82560,82562,2,10
82550,82560,82562,2,10
82550,82560,82561,1,10
82550,82561,82562,1,11
82550,82562,82563,1,12
82550,82562,82563,1,12
82550,82562,82563,1,12
82550,82562,82563,1,12
82550,82562,82563,1,12
82550,82562,82563,1,12
82550,82562,82563,1,12
82550,82562,82563,1,12
82550,82562,82563,1,12
82550,82562,82563,1,12
82550,82562,82563,1,12
82550,82562,82563,1,12
82550,82562,82563,1,12
82550,82563,82564,1,13
82550,82563,82564,1,13
82550,82563,82564,1,13
82550,82563,82564,1,13
82550,82563,82564,1,13
82550,82563,82564,1,13
82550,82563,82564,1,13
82550,82562,82563,1,12
82550,82563,82564,1,13
82550,82564,82565,1,14
82550,82563,82564,1,13
82550,82564,82565,1,14
82550,82564,82565,1,14
82550,82564,82565,1,14
82550,82564,82565,1,14
82550,82564,82566,2,14
81855,81862,82571,709,7
82579,82579,82580,1,0
82579,82579,82580,1,0
82579,82579,82580,1,0
82579,82579,82580,1,0
82579,82579,82580,1,0
82579,82579,82580,1,0
82579,82579,82580,1,0
82579,82579,82580,1,0
82579,82579,82580,1,0
82579,82579,82580,1,0
82579,82579,82580,1,0
82579,82579,82581,2,0
82579,82579,82580,1,0
82579,82579,82581,2,0
82579,82579,82582,3,0
82579,82580,82582,2,1
82579,82581,82582,1,2
82579,82581,82582,1,2
82579,82581,82582,1,2
82579,82581,82582,1,2
82579,82581,82582,1,2
82579,82581,82582,1,2
82579,82579,82582,3,0
82579,82581,82582,1,2
82579,82582,82583,1,3
82579,82579,82583,4,0
82579,82582,82583,1,3
82579,82582,82583,1,3
82579,82582,82583,1,3
82579,82582,82583,1,3
82579,82582,82584,2,3
82579,82582,82584,2,3
82579,82583,82584,1,4
82579,82583,82584,1,4
82579,82579,82584,5,0
82579,82583,82584,1,4
82579,82584,82585,1,5
82579,82583,82584,1,4
82579,82583,82584,1,4
82579,82584,82585,1,5
82579,82583,82584,1,4
82579,82583,82584,1,4
82579,82584,82585,1,5
82579,82583,82584,1,4
82579,82583,82584,1,4
82579,82584,82585,1,5
82579,82584,82585,1,5
82579,82584,82585,1,5
82579,82585,82586,1,6
82579,82585,82586,1,6
82579,82585,82586,1,6
82579,82585,82586,1,6
82579,82585,82586,1,6
82579,82585,82586,1,6
82579,82585,82586,1,6
82579,82585,82586,1,6
82579,82585,82586,1,6
82579,82586,82587,1,7
82579,82586,82587,1,7
82579,82585,82586,1,6
82579,82586,82587,1,7
82579,82586,82587,1,7
82579,82586,82587,1,7
82579,82586,82587,1,7
82579,82586,82587,1,7
82579,82587,82588,1,8
82579,82587,82588,1,8
82579,82587,82588,1,8
82579,82587,82588,1,8
82579,82586,82587,1,7
82579,82586,82587,1,7
82579,82586,82587,1,7
82579,82586,82587,1,7
82579,82586,82587,1,7
82579,82586,82587,1,7
82579,82586,82587,1,7
82579,82586,82587,1,7
82579,82587,82588,1,8
82579,82588,82589,1,9
82579,82588,82589,1,9
82579,82588,82589,1,9
82579,82588,82589,1,9
82580,82588,82589,1,8
82580,82588,82589,1,8
82580,82588,82589,1,8
82580,82588,82589,1,8
82580,82588,82589,1,8
82580,82588,82589,1,8
82580,82588,82589,1,8
82580,82588,82589,1,8
82580,82588,82589,1,8
82580,82588,82589,1,8
82579,82588,82589,1,9
82579,82588,82589,1,9
82580,82588,82590,2,8
82580,82588,82589,1,8
82580,82590,82591,1,10
82580,82589,82590,1,9
82580,82589,82590,1,9
82580,82589,82590,1,9
82580,82589,82591,2,9
82580,82589,82591,2,9
82580,82589,82591,2,9
82580,82589,82591,2,9
82580,82589,82591,2,9
82580,82589,82591,2,9
82580,82589,82591,2,9
82580,82589,82591,2,9
82580,82589,82591,2,9
82580,82589,82591,2,9
82580,82590,82591,1,10
82580,82591,82592,1,11
82580,82591,82592,1,11
82580,82590,82592,2,10
82580,82592,82593,1,12
82580,82592,82593,1,12
82580,82590,82593,3,10
82580,82590,82592,2,10
82580,82591,82592,1,11
82580,82591,82592,1,11
82580,82592,82593,1,12
82580,82591,82593,2,11
82580,82591,82593,2,11
82580,82591,82593,2,11
82580,82591,82593,2,11
82580,82591,82593,2,11
82580,82591,82593,2,11
82580,82591,82593,2,11
82580,82591,82593,2,11
82580,82591,82593,2,11
82580,82591,82593,2,11
82580,82593,82594,1,13
82580,82593,82594,1,13
82580,82593,82594,1,13
82580,82593,82594,1,13
82580,82593,82594,1,13
82580,82593,82594,1,13
82580,82593,82594,1,13
82580,82592,82594,2,12
82580,82593,82594,1,13
82580,82593,82594,1,13
82580,82593,82594,1,13
82580,82594,82595,1,14
82580,82594,82595,1,14
82580,82594,82595,1,14
82580,82594,82595,1,14
82580,82594,82595,1,14
82580,82594,82595,1,14
82580,82594,82595,1,14
82580,82594,82595,1,14
82580,82594,82595,1,14
82580,82595,82596,1,15
82580,82595,82596,1,15
82580,82595,82596,1,15
82580,82594,82596,2,14
82580,82594,82595,1,14
82580,82595,82596,1,15
82580,82595,82596,1,15
82580,82595,82596,1,15
82580,82595,82596,1,15
82580,82596,82597,1,16
82580,82596,82597,1,16
82580,82596,82597,1,16
82580,82596,82597,1,16
82580,82596,82597,1,16
82580,82609,82610,1,29
82580,82609,82610,1,29
81936,81942,82665,723,6
82164,82180,82666,486,16
82667,82667,82668,1,0
82667,82667,82668,1,0
82667,82667,82668,1,0
82667,82667,82668,1,0
82667,82667,82668,1,0
82667,82667,82668,1,0
82667,82667,82668,1,0
82667,82667,82668,1,0
82667,82667,82668,1,0
82667,82667,82668,1,0
82667,82667,82669,2,0
82667,82667,82668,1,0
82667,82667,82668,1,0
82667,82667,82669,2,0
82667,82667,82669,2,0
82667,82667,82669,2,0
82667,82667,82669,2,0
82667,82667,82670,3,0
82667,82668,82669,1,1
82667,82668,82669,1,1
82667,82668,82669,1,1
82667,82668,82670,2,1
82667,82668,82670,2,1
82667,82668,82670,2,1
82667,82668,82670,2,1
82667,82668,82670,2,1
82667,82669,82671,2,2
82667,82669,82671,2,2
82667,82669,82671,2,2
82667,82669,82671,2,2
82667,82669,82671,2,2
82667,82669,82671,2,2
82667,82669,82671,2,2
82667,82669,82670,1,2
82667,82669,82671,2,2
82667,82670,82671,1,3
82667,82670,82671,1,3
82667,82670,82671,1,3
82667,82670,82671,1,3
82667,82670,82672,2,3
82667,82670,82671,1,3
82667,82671,82672,1,4
82667,82671,82672,1,4
82667,82670,82672,2,3
82667,82670,82671,1,3
82667,82671,82672,1,4
82667,82670,82672,2,3
82667,82672,82673,1,5
82667,82672,82673,1,5
82667,82671,82672,1,4
82667,82672,82673,1,5
82667,82672,82673,1,5
82667,82672,82673,1,5
82667,82671,82672,1,4
82667,82672,82673,1,5
82667,82672,82674,2,5
82667,82673,82674,1,6
82667,82673,82674,1,6
82667,82673,82674,1,6
82667,82673,82674,1,6
82667,82673,82674,1,6
82667,82672,82674,2,5
82667,82673,82674,1,6
82667,82673,82674,1,6
82667,82673,82674,1,6
82667,82673,82674,1,6
82667,82674,82675,1,7
82667,82674,82675,1,7
82667,82674,82675,1,7
82667,82674,82675,1,7
82166,82180,82675,495,14
82667,82674,82675,1,7
82667,82673,82675,2,6
82667,82675,82676,1,8
82667,82675,82676,1,8
82667,82675,82676,1,8
82667,82675,82676,1,8
82667,82675,82676,1,8
82668,82676,82677,1,8
82668,82676,82677,1,8
82668,82676,82677,1,8
82668,82676,82677,1,8
82668,82677,82678,1,9
82668,82677,82678,1,9
82668,82677,82678,1,9
82668,82678,82679,1,10
82668,82677,82679,2,9
82668,82677,82678,1,9
82668,82678,82679,1,10
82668,82677,82678,1,9
82668,82677,82678,1,9
82668,82677,82678,1,9
82668,82677,82678,1,9
82668,82677,82678,1,9
82668,82677,82679,2,9
82668,82677,82678,1,9
82668,82677,82678,1,9
82668,82677,82679,2,9
82668,82677,82679,2,9
82668,82677,82679,2,9
82668,82679,82680,1,11
82668,82679,82680,1,11
82668,82679,82680,1,11
82668,82679,82680,1,11
82668,82679,82680,1,11
82668,82679,82680,1,11
82668,82679,82680,1,11
82668,82679,82680,1,11
82668,82679,82680,1,11
82668,82679,82680,1,11
82668,82679,82680,1,11
82668,82679,82680,1,11
82668,82679,82680,1,11
82668,82680,82681,1,12
82668,82680,82681,1,12
82668,82680,82681,1,12
82668,82680,82681,1,12
82668,82680,82681,1,12
82668,82680,82681,1,12
82668,82680,82681,1,12
82668,82681,82682,1,13
82668,82681,82682,1,13
82668,82680,82681,1,12
82668,82680,82681,1,12
82668,82680,82681,1,12
82668,82680,82681,1,12
82668,82682,82683,1,14
82668,82682,82683,1,14
82668,82682,82683,1,14
82668,82682,82683,1,14
82668,82682,82683,1,14
82668,82682,82683,1,14
82668,82682,82683,1,14
82668,82681,82683,2,13
82677,82683,82684,1,6
82677,82683,82684,1,6
82677,82683,82684,1,6
82677,82683,82684,1,6
82677,82683,82684,1,6
82677,82683,82684,1,6
82677,82683,82684,1,6
82668,82682,82683,1,14
82677,82683,82684,1,6
82677,82683,82684,1,6
82677,82683,82684,1,6
82668,82682,82684,2,14
82668,82682,82684,2,14
82677,82683,82684,1,6
82677,82684,82685,1,7
82677,82684,82685,1,7
82677,82684,82685,1,7
82677,82684,82685,1,7
82677,82684,82685,1,7
82677,82684,82685,1,7
82677,82684,82685,1,7
82677,82684,82685,1,7
82677,82685,82686,1,8
82677,82685,82686,1,8
82677,82684,82685,1,7
82677,82685,82686,1,8
82677,82684,82686,2,7
82677,82684,82686,2,7
82677,82684,82686,2,7
82677,82684,82685,1,7
82677,82684,82686,2,7
82677,82684,82686,2,7
82677,82684,82686,2,7
82677,82684,82686,2,7
82677,82685,82686,1,8
82677,82686,82687,1,9
82677,82686,82687,1,9
82677,82686,82687,1,9
82677,82686,82687,1,9
82677,82686,82687,1,9
82677,82686,82687,1,9
82677,82686,82688,2,9
82677,82686,82688,2,9
82677,82686,82688,2,9
82677,82686,82688,2,9
82677,82686,82688,2,9
82677,82686,82688,2,9
82677,82686,82688,2,9
82677,82687,82688,1,10
82677,82687,82688,1,10
82677,82687,82688,1,10
82677,82688,82689,1,11
82677,82688,82689,1,11
82677,82688,82689,1,11
82677,82688,82689,1,11
82677,82688,82689,1,11
82677,82687,82689,2,10
82677,82688,82689,1,11
82677,82688,82689,1,11
82677,82688,82689,1,11
82677,82689,82690,1,12
82677,82689,82690,1,12
82677,82689,82690,1,12
82677,82689,82690,1,12
82677,82689,82690,1,12
82677,82688,82689,1,11
82677,82689,82690,1,12
82677,82689,82690,1,12
82677,82689,82691,2,12
82677,82689,82690,1,12
82677,82689,82691,2,12
82677,82690,82691,1,13
82677,82690,82691,1,13
82677,82690,82691,1,13
82677,82690,82691,1,13
82677,82690,82691,1,13
82677,82690,82691,1,13
82677,82690,82691,1,13
82677,82690,82691,1,13
82677,82691,82692,1,14
82677,82691,82692,1,14
82677,82691,82692,1,14
82677,82691,82692,1,14
82677,82691,82692,1,14
82677,82691,82692,1,14
82677,82691,82692,1,14
82677,82691,82692,1,14
82677,82698,82699,1,21
82677,82698,82699,1,21
82219,82227,82722,495,8
82730,82730,82731,1,0
82730,82730,82731,1,0
82730,82730,82731,1,0
82730,82730,82731,1,0
82730,82730,82731,1,0
82730,82730,82731,1,0
82730,82730,82731,1,0
82730,82730,82731,1,0
82730,82730,82731,1,0
82730,82730,82731,1,0
82730,82730,82731,1,0
82730,82730,82731,1,0
82730,82730,82731,1,0
82730,82730,82731,1,0
82730,82731,82733,2,1
82730,82731,82733,2,1
82730,82731,82733,2,1
82730,82730,82732,2,0
82730,82731,82733,2,1
82730,82732,82733,1,2
82730,82732,82733,1,2
82730,82731,82733,2,1
82730,82732,82734,2,2
82730,82732,82733,1,2
82730,82733,82734,1,3
82730,82732,82734,2,2
82730,82731,82733,2,1
82730,82731,82734,3,1
82013,82021,82734,713,8
82730,82732,82735,3,2
82730,82732,82734,2,2
82730,82732,82734,2,2
82730,82733,82734,1,3
82730,82733,82734,1,3
82730,82734,82735,1,4
82730,82734,82735,1,4
82730,82733,82734,1,3
82730,82733,82734,1,3
82730,82735,82736,1,5
82730,82735,82736,1,5
82730,82735,82736,1,5
82730,82735,82736,1,5
82730,82734,82735,1,4
82730,82734,82735,1,4
82730,82735,82736,1,5
82730,82735,82736,1,5
82730,82734,82735,1,4
82730,82735,82736,1,5
82730,82734,82736,2,4
82730,82734,82735,1,4
82730,82735,82736,1,5
82730,82734,82736,2,4
82730,82732,82736,4,2
82730,82735,82736,1,5
82730,82736,82737,1,6
82730,82736,82737,1,6
82730,82736,82737,1,6
82730,82736,82737,1,6
82730,82736,82737,1,6
82730,82736,82737,1,6
82730,82736,82737,1,6
82730,82736,82737,1,6
82730,82736,82737,1,6
82730,82736,82737,1,6
82730,82736,82737,1,6
82730,82736,82737,1,6
82730,82736,82737,1,6
82730,82736,82737,1,6
82730,82737,82738,1,7
82730,82737,82738,1,7
82730,82737,82738,1,7
82730,82737,82738,1,7
82730,82737,82738,1,7
82730,82737,82738,1,7
82730,82737,82738,1,7
82730,82737,82738,1,7
82730,82737,82738,1,7
82730,82737,82738,1,7
82730,82737,82738,1,7
82730,82737,82738,1,7
82730,82737,82738,1,7
82730,82737,82738,1,7
82730,82737,82738,1,7
82730,82737,82738,1,7
82730,82738,82739,1,8
82730,82738,82739,1,8
82730,82738,82739,1,8
82730,82738,82739,1,8
82730,82738,82739,1,8
82735,82738,82739,1,3
82735,82738,82739,1,3
82735,82738,82739,1,3
82735,82738,82739,1,3
82735,82739,82740,1,4
82735,82739,82740,1,4
82735,82739,82740,1,4
82735,82739,82741,2,4
82735,82739,82741,2,4
82735,82739,82741,2,4
82735,82740,82741,1,5
82735,82739,82741,2,4
82735,82740,82741,1,5
82735,82740,82741,1,5
82735,82740,82741,1,5
82735,82740,82741,1,5
82735,82740,82741,1,5
82735,82740,82741,1,5
82735,82740,82741,1,5
82735,82740,82742,2,5
82735,82740,82741,1,5
82735,82740,82741,1,5
82735,82740,82741,1,5
82735,82742,82743,1,7
82735,82742,82743,1,7
82735,82742,82743,1,7
82735,82741,82743,2,6
82735,82741,82743,2,6
82735,82742,82743,1,7
82735,82742,82743,1,7
82735,82742,82743,1,7
82735,82742,82743,1,7
82735,82742,82743,1,7
82735,82742,82743,1,7
82735,82743,82744,1,8
82735,82742,82743,1,7
82735,82742,82743,1,7
82735,82742,82743,1,7
82735,82742,82743,1,7
82735,82742,82743,1,7
82735,82743,82744,1,8
82735,82743,82744,1,8
82735,82744,82745,1,9
82735,82744,82745,1,9
82735,82744,82745,1,9
82735,82742,82744,2,7
82735,82744,82745,1,9
82735,82744,82745,1,9
82735,82744,82745,1,9
82735,82743,82745,2,8
82735,82743,82744,1,8
82735,82744,82745,1,9
82735,82744,82745,1,9
82735,82744,82745,1,9
82735,82745,82746,1,10
82735,82745,82746,1,10
82735,82745,82746,1,10
82735,82745,82746,1,10
82735,82745,82746,1,10
82735,82744,82745,1,9
82735,82745,82746,1,10
82735,82745,82746,1,10
82735,82746,82747,1,11
82735,82746,82747,1,11
82735,82746,82747,1,11
82250,82259,82746,487,9
82735,82745,82746,1,10
82735,82746,82747,1,11
82735,82745,82747,2,10
82735,82745,82746,1,10
82735,82746,82747,1,11
82735,82746,82747,1,11
82735,82746,82747,1,11
82735,82746,82747,1,11
82735,82747,82748,1,12
82735,82747,82748,1,12
82735,82747,82748,1,12
82735,82747,82748,1,12
82735,82747,82748,1,12
82735,82747,82748,1,12
82735,82747,82748,1,12
81972,81981,82750,769,9
82759,82759,82760,1,0
82759,82759,82760,1,0
82759,82759,82760,1,0
82759,82759,82760,1,0
82759,82759,82760,1,0
82759,82759,82760,1,0
82759,82759,82760,1,0
82759,82759,82760,1,0
82759,82759,82760,1,0
82759,82759,82761,2,0
82759,82759,82761,2,0
82759,82759,82760,1,0
82759,82759,82760,1,0
82759,82759,82760,1,0
82759,82759,82761,2,0
82759,82760,82762,2,1
82759,82760,82761,1,1
82759,82760,82762,2,1
82759,82760,82762,2,1
82759,82760,82761,1,1
82759,82760,82761,1,1
82759,82760,82761,1,1
82759,82760,82762,2,1
82759,82761,82762,1,2
82759,82759,82762,3,0
82759,82760,82761,1,1
82759,82760,82762,2,1
82759,82761,82763,2,2
82759,82762,82763,1,3
82759,82761,82762,1,2
82759,82761,82762,1,2
82759,82762,82763,1,3
82759,82761,82763,2,2
82759,82761,82763,2,2
82759,82761,82763,2,2
82759,82763,82764,1,4
82759,82762,82764,2,3
82759,82762,82764,2,3
82759,82763,82764,1,4
82759,82763,82764,1,4
82759,82762,82763,1,3
82759,82763,82764,1,4
82759,82763,82764,1,4
82759,82763,82764,1,4
82759,82764,82765,1,5
82759,82764,82765,1,5
82759,82763,82764,1,4
82759,82764,82765,1,5
82759,82765,82766,1,6
82759,82764,82765,1,5
82759,82765,82766,1,6
82759,82765,82766,1,6
82759,82765,82766,1,6
82759,82765,82766,1,6
82759,82765,82766,1,6
82759,82765,82766,1,6
82759,82766,82767,1,7
82759,82767,82768,1,8
82759,82767,82768,1,8
82759,82767,82768,1,8
82759,82767,82768,1,8
82759,82763,82767,4,4
82759,82766,82768,2,7
82759,82768,82769,1,9
82759,82767,82768,1,8
82759,82767,82768,1,8
82760,82768,82769,1,8
82760,82768,82769,1,8
82760,82768,82769,1,8
82760,82768,82769,1,8
82760,82769,82770,1,9
82760,82769,82770,1,9
82760,82769,82770,1,9
82760,82768,82769,1,8
82760,82769,82770,1,9
82760,82769,82770,1,9
82760,82769,82771,2,9
82760,82770,82771,1,10
82760,82770,82771,1,10
82760,82770,82771,1,10
82760,82770,82771,1,10
82760,82770,82771,1,10
82760,82770,82772,2,10
82760,82769,82771,2,9
82760,82769,82771,2,9
82760,82770,82771,1,10
82760,82771,82772,1,11
82760,82769,82771,2,9
82760,82769,82771,2,9
82760,82772,82773,1,12
82760,82771,82773,2,11
82760,82771,82772,1,11
82760,82772,82773,1,12
82760,82772,82773,1,12
82760,82770,82772,2,10
82760,82772,82773,1,12
82760,82772,82773,1,12
82760,82772,82773,1,12
82760,82772,82773,1,12
82760,82773,82774,1,13
82760,82772,82774,2,12
82760,82772,82774,2,12
82760,82772,82774,2,12
82760,82772,82774,2,12
82760,82772,82774,2,12
82760,82773,82774,1,13
82760,82773,82774,1,13
82760,82773,82774,1,13
82760,82774,82775,1,14
82760,82774,82775,1,14
82760,82774,82775,1,14
82760,82774,82775,1,14
82760,82774,82775,1,14
82760,82773,82774,1,13
82760,82774,82775,1,14
82760,82774,82775,1,14
82760,82773,82775,2,13
82760,82774,82775,1,14
82760,82774,82775,1,14
82760,82774,82775,1,14
82760,82774,82775,1,14
82760,82775,82776,1,15
82760,82775,82776,1,15
82760,82775,82776,1,15
82760,82775,82776,1,15
82760,82775,82776,1,15
82760,82775,82776,1,15
82760,82774,82775,1,14
82760,82775,82776,1,15
82760,82774,82775,1,14
82760,82775,82776,1,15
82760,82775,82776,1,15
82760,82775,82776,1,15
82760,82775,82776,1,15
82760,82772,82776,4,12
82760,82776,82777,1,16
82760,82776,82777,1,16
82760,82776,82777,1,16
82760,82776,82777,1,16
82760,82776,82777,1,16
82760,82776,82777,1,16
82760,82775,82777,2,15
82760,82776,82777,1,16
82760,82776,82777,1,16
82760,82776,82777,1,16
82760,82776,82777,1,16
82760,82772,82777,5,12
82760,82777,82778,1,17
82760,82777,82778,1,17
82760,82777,82778,1,17
82760,82777,82778,1,17
82760,82777,82778,1,17
82048,82063,82778,715,15
82760,82777,82778,1,17
82759,82763,82779,16,4
82078,82094,82780,686,16
82803,82803,82804,1,0
82803,82803,82804,1,0
82803,82803,82804,1,0
82803,82803,82804,1,0
82803,82803,82804,1,0
82803,82803,82804,1,0
82803,82803,82804,1,0
82803,82803,82804,1,0
82803,82803,82804,1,0
82803,82803,82804,1,0
82803,82803,82804,1,0
82803,82803,82804,1,0
82803,82804,82805,1,1
82803,82804,82805,1,1
82803,82803,82805,2,0
82803,82803,82804,1,0
82803,82804,82806,2,1
82803,82804,82806,2,1
82803,82804,82805,1,1
82803,82804,82805,1,1
82803,82804,82805,1,1
82803,82804,82805,1,1
82803,82805,82806,1,2
82803,82804,82805,1,1
82803,82804,82806,2,1
82803,82804,82806,2,1
82803,82804,82806,2,1
82803,82804,82806,2,1
82803,82803,82806,3,0
82803,82805,82806,1,2
82803,82805,82807,2,2
82803,82806,82807,1,3
82803,82806,82807,1,3
82803,82806,82807,1,3
82803,82805,82806,1,2
82803,82806,82807,1,3
82803,82805,82806,1,2
82803,82805,82807,2,2
82803,82806,82807,1,3
82803,82806,82807,1,3
82803,82806,82808,2,3
82803,82806,82808,2,3
82803,82807,82808,1,4
82803,82807,82808,1,4
82803,82806,82807,1,3
82803,82806,82807,1,3
82803,82807,82808,1,4
82803,82807,82808,1,4
82803,82807,82808,1,4
82803,82806,82807,1,3
82803,82807,82808,1,4
82803,82806,82807,1,3
82803,82807,82808,1,4
82803,82807,82808,1,4
82803,82807,82808,1,4
82803,82805,82809,4,2
82803,82807,82808,1,4
82803,82808,82809,1,5
82803,82808,82809,1,5
82803,82808,82809,1,5
82803,82808,82809,1,5
82803,82808,82809,1,5
82803,82808,82809,1,5
82803,82808,82809,1,5
82803,82808,82809,1,5
82803,82808,82809,1,5
82803,82809,82810,1,6
82803,82809,82810,1,6
82803,82808,82809,1,5
82803,82808,82809,1,5
82803,82809,82810,1,6
82803,82809,82810,1,6
82803,82809,82810,1,6
82803,82809,82810,1,6
82803,82809,82810,1,6
82803,82809,82810,1,6
82803,82809,82810,1,6
82803,82809,82810,1,6
82803,82809,82810,1,6
82803,82810,82811,1,7
82803,82809,82810,1,6
82803,82810,82811,1,7
82803,82810,82811,1,7
82803,82810,82811,1,7
82803,82810,82811,1,7
82312,82320,82815,495,8
82816,82816,82817,1,0
82816,82816,82817,1,0
82816,82816,82817,1,0
82816,82816,82817,1,0
82816,82816,82817,1,0
82816,82816,82817,1,0
82816,82816,82817,1,0
82816,82816,82817,1,0
82816,82816,82817,1,0
82816,82816,82817,1,0
82816,82816,82818,2,0
82816,82817,82818,1,1
82816,82816,82817,1,0
82816,82816,82817,1,0
82816,82817,82818,1,1
82816,82816,82818,2,0
82816,82816,82818,2,0
82816,82817,82819,2,1
82816,82817,82819,2,1
82816,82817,82818,1,1
82816,82817,82818,1,1
82816,82817,82819,2,1
82816,82817,82819,2,1
82803,82807,82819,12,4
82816,82817,82818,1,1
82816,82817,82818,1,1
82816,82818,82819,1,2
82816,82817,82818,1,1
82816,82817,82818,1,1
82816,82817,82818,1,1
82816,82818,82819,1,2
82816,82818,82819,1,2
82816,82819,82820,1,3
82816,82818,82819,1,2
82816,82818,82819,1,2
82816,82819,82820,1,3
82816,82818,82820,2,2
82816,82819,82820,1,3
82816,82819,82820,1,3
82816,82819,82820,1,3
82816,82818,82820,2,2
82816,82820,82821,1,4
82816,82819,82820,1,3
82816,82819,82820,1,3
82816,82819,82821,2,3
82816,82819,82820,1,3
82816,82819,82821,2,3
82816,82819,82821,2,3
82816,82819,82820,1,3
82816,82820,82821,1,4
82816,82820,82821,1,4
82816,82820,82821,1,4
82816,82820,82821,1,4
82816,82820,82821,1,4
82816,82820,82821,1,4
82816,82820,82821,1,4
82816,82820,82821,1,4
82816,82820,82821,1,4
82816,82821,82822,1,5
82816,82821,82822,1,5
82816,82821,82822,1,5
82816,82821,82822,1,5
82816,82821,82822,1,5
82816,82821,82822,1,5
82816,82821,82822,1,5
82816,82821,82822,1,5
82816,82821,82822,1,5
82816,82821,82822,1,5
82816,82821,82822,1,5
82816,82821,82822,1,5
82816,82821,82822,1,5
82816,82821,82822,1,5
82816,82822,82823,1,6
82816,82822,82823,1,6
82816,82822,82823,1,6
82816,82822,82823,1,6
82816,82822,82823,1,6
82816,82822,82823,1,6
82816,82822,82823,1,6
82816,82822,82823,1,6
82816,82822,82823,1,6
82816,82822,82823,1,6
82816,82822,82823,1,6
82816,82822,82823,1,6
82816,82823,82824,1,7
82816,82823,82824,1,7
82816,82823,82824,1,7
82816,82823,82824,1,7
82816,82823,82824,1,7
82816,82823,82824,1,7
82816,82823,82824,1,7
82816,82823,82824,1,7
82816,82823,82824,1,7
82816,82823,82824,1,7
82816,82823,82824,1,7
82816,82823,82824,1,7
82816,82823,82824,1,7
82816,82823,82824,1,7
82816,82824,82825,1,8
82816,82824,82826,2,8
82816,82824,82826,2,8
82816,82824,82826,2,8
82816,82824,82826,2,8
82816,82825,82826,1,9
82816,82825,82826,1,9
82816,82825,82826,1,9
82816,82825,82826,1,9
82816,82825,82826,1,9
82816,82825,82827,2,9
82816,82825,82827,2,9
82816,82825,82827,2,9
82816,82825,82827,2,9
82816,82824,82826,2,8
82816,82824,82826,2,8
82816,82825,82827,2,9
82816,82825,82827,2,9
82816,82825,82827,2,9
82816,82825,82827,2,9
82816,82826,82828,2,10
82816,82826,82828,2,10
82816,82827,82828,1,11
82816,82827,82828,1,11
82816,82827,82828,1,11
82816,82827,82828,1,11
82816,82827,82828,1,11
82816,82827,82828,1,11
82816,82827,82828,1,11
82816,82827,82829,2,11
82816,82827,82829,2,11
82816,82827,82829,2,11
82816,82827,82829,2,11
82816,82828,82829,1,12
82816,82828,82829,1,12
82816,82828,82830,2,12
82816,82828,82829,1,12
82816,82829,82830,1,13
82816,82829,82830,1,13
82816,82829,82830,1,13
82816,82828,82830,2,12
82816,82829,82830,1,13
82816,82829,82830,1,13
82816,82829,82830,1,13
82816,82829,82830,1,13
82816,82827,82830,3,11
82816,82828,82830,2,12
82816,82827,82830,3,11
82816,82829,82830,1,13
82816,82830,82831,1,14
82816,82830,82831,1,14
82816,82830,82831,1,14
82816,82830,82831,1,14
82816,82830,82831,1,14
82816,82830,82831,1,14
82816,82831,82832,1,15
82816,82831,82832,1,15
82816,82831,82832,1,15
82816,82831,82832,1,15
82816,82832,82833,1,16
82816,82832,82833,1,16
82118,82118,82834,716,0
82858,82858,82859,1,0
82858,82858,82859,1,0
82858,82858,82859,1,0
82858,82858,82859,1,0
82858,82858,82859,1,0
82858,82858,82859,1,0
82858,82858,82859,1,0
82858,82858,82859,1,0
82858,82858,82859,1,0
82858,82859,82860,1,1
82858,82858,82859,1,0
82858,82858,82860,2,0
82858,82859,82860,1,1
82858,82859,82860,1,1
82858,82859,82861,2,1
82858,82859,82860,1,1
82858,82859,82860,1,1
82858,82859,82860,1,1
82858,82859,82861,2,1
82858,82859,82860,1,1
82858,82859,82861,2,1
82858,82858,82860,2,0
82858,82859,82861,2,1
82858,82858,82860,2,0
82858,82861,82862,1,3
82858,82860,82861,1,2
82858,82860,82861,1,2
82858,82861,82862,1,3
82858,82860,82861,1,2
82858,82861,82862,1,3
82858,82860,82862,2,2
82858,82861,82862,1,3
82858,82861,82862,1,3
82858,82861,82862,1,3
82129,82137,82862,725,8
82858,82860,82862,2,2
82858,82861,82862,1,3
82858,82861,82863,2,3
82858,82861,82862,1,3
82858,82861,82862,1,3
82858,82862,82863,1,4
82858,82862,82863,1,4
82858,82862,82863,1,4
82858,82862,82863,1,4
82858,82862,82863,1,4
82858,82862,82863,1,4
82858,82861,82862,1,3
82858,82861,82862,1,3
82858,82862,82863,1,4
82858,82862,82863,1,4
82858,82863,82864,1,5
82858,82863,82864,1,5
82858,82863,82864,1,5
82858,82863,82864,1,5
82858,82863,82864,1,5
82858,82863,82864,1,5
82858,82863,82864,1,5
82858,82863,82864,1,5
82858,82862,82863,1,4
82858,82862,82864,2,4
82858,82862,82864,2,4
82858,82863,82864,1,5
82858,82863,82864,1,5
82858,82863,82864,1,5
82858,82863,82864,1,5
82858,82864,82865,1,6
82858,82864,82865,1,6
82858,82864,82865,1,6
82858,82864,82865,1,6
82858,82863,82865,2,5
82858,82863,82864,1,5
82858,82864,82865,1,6
82858,82864,82865,1,6
82858,82864,82865,1,6
82858,82865,82866,1,7
82858,82865,82866,1,7
82858,82865,82866,1,7
82858,82865,82866,1,7
82858,82865,82866,1,7
82858,82865,82866,1,7
82858,82865,82866,1,7
82858,82865,82866,1,7
82858,82865,82866,1,7
82858,82866,82867,1,8
82858,82858,82868,10,0
82344,82351,82869,518,7
82870,82870,82871,1,0
82870,82870,82871,1,0
82870,82870,82871,1,0
82870,82870,82871,1,0
82870,82870,82871,1,0
82870,82870,82871,1,0
82870,82870,82871,1,0
82870,82870,82871,1,0
82870,82870,82871,1,0
82870,82870,82871,1,0
82870,82870,82871,1,0
82870,82870,82872,2,0
82870,82870,82872,2,0
82870,82870,82872,2,0
82870,82870,82872,2,0
82870,82871,82872,1,1
82870,82870,82871,1,0
82870,82870,82871,1,0
82870,82870,82872,2,0
82870,82870,82871,1,0
82870,82871,82872,1,1
82870,82871,82872,1,1
82870,82871,82873,2,1
82870,82871,82873,2,1
82870,82871,82872,1,1
82870,82872,82873,1,2
82870,82872,82873,1,2
82870,82872,82873,1,2
82870,82871,82873,2,1
82870,82871,82873,2,1
82870,82871,82873,2,1
82870,82871,82873,2,1
82870,82871,82872,1,1
82870,82872,82873,1,2
82870,82872,82873,1,2
82870,82872,82873,1,2
82870,82872,82874,2,2
82870,82873,82874,1,3
82870,82872,82874,2,2
82870,82872,82873,1,2
82870,82873,82875,2,3
82870,82873,82874,1,3
82870,82873,82874,1,3
82870,82873,82874,1,3
82870,82873,82875,2,3
82870,82873,82875,2,3
82870,82873,82875,2,3
82870,82874,82875,1,4
82870,82873,82875,2,3
82870,82873,82874,1,3
82870,82873,82874,1,3
82870,82873,82875,2,3
82870,82874,82875,1,4
82870,82874,82875,1,4
82870,82874,82875,1,4
82870,82874,82876,2,4
82870,82873,82876,3,3
82870,82875,82876,1,5
82870,82874,82875,1,4
82870,82875,82876,1,5
82870,82875,82876,1,5
82870,82875,82876,1,5
82870,82874,82876,2,4
82870,82876,82877,1,6
82870,82876,82877,1,6
82870,82876,82877,1,6
82870,82876,82877,1,6
82870,82876,82877,1,6
82870,82876,82877,1,6
82870,82876,82877,1,6
82870,82877,82878,1,7
82870,82876,82877,1,6
82870,82878,82879,1,8
82870,82878,82879,1,8
82870,82878,82879,1,8
82870,82878,82879,1,8
82870,82878,82879,1,8
82870,82878,82879,1,8
82870,82878,82880,2,8
82870,82879,82880,1,9
82870,82879,82880,1,9
82870,82879,82880,1,9
82870,82879,82880,1,9
82870,82879,82880,1,9
82870,82879,82880,1,9
82870,82879,82880,1,9
82870,82879,82880,1,9
82870,82879,82880,1,9
82870,82879,82881,2,9
82870,82879,82881,2,9
82870,82879,82881,2,9
82870,82879,82881,2,9
82870,82879,82881,2,9
82870,82879,82880,1,9
82870,82879,82881,2,9
82870,82879,82881,2,9
82870,82881,82882,1,11
82870,82881,82882,1,11
82870,82880,82882,2,10
82870,82881,82882,1,11
82870,82881,82883,2,11
82870,82881,82882,1,11
82870,82881,82882,1,11
82870,82881,82882,1,11
82870,82881,82882,1,11
82870,82882,82883,1,12
82870,82881,82882,1,11
82870,82881,82882,1,11
82870,82882,82883,1,12
82870,82882,82883,1,12
82870,82881,82882,1,11
82870,82881,82882,1,11
82870,82881,82882,1,11
82870,82881,82882,1,11
82870,82881,82882,1,11
82870,82881,82882,1,11
82870,82883,82884,1,13
82870,82882,82883,1,12
82870,82883,82884,1,13
82870,82883,82884,1,13
82870,82883,82884,1,13
82870,82883,82884,1,13
82870,82883,82884,1,13
82870,82883,82884,1,13
82870,82883,82884,1,13
82870,82883,82884,1,13
82870,82883,82884,1,13
82870,82883,82884,1,13
82870,82882,82884,2,12
82870,82883,82884,1,13
82870,82884,82885,1,14
82870,82884,82885,1,14
82870,82884,82885,1,14
82870,82884,82885,1,14
82870,82884,82885,1,14
82870,82884,82885,1,14
82870,82884,82885,1,14
82870,82884,82885,1,14
82870,82884,82885,1,14
82870,82885,82886,1,15
82870,82885,82886,1,15
82870,82885,82886,1,15
82870,82885,82886,1,15
82870,82885,82886,1,15
82870,82885,82886,1,15
82870,82885,82886,1,15
82870,82884,82885,1,14
82870,82887,82888,1,17
82280,82287,83014,727,7
83016,83016,83017,1,0
83016,83016,83017,1,0
83016,83016,83017,1,0
83016,83016,83017,1,0
83016,83016,83017,1,0
83016,83016,83017,1,0
83016,83016,83017,1,0
83016,83016,83017,1,0
83016,83016,83017,1,0
83016,83016,83017,1,0
83016,83016,83017,1,0
83016,83016,83017,1,0
83016,83016,83017,1,0
83016,83016,83017,1,0
83016,83016,83017,1,0
83016,83016,83017,1,0
83016,83016,83018,2,0
83016,83017,83019,2,1
83016,83017,83019,2,1
83016,83017,83019,2,1
83016,83017,83019,2,1
83016,83017,83019,2,1
83016,83017,83019,2,1
83016,83017,83019,2,1
83016,83017,83019,2,1
83016,83018,83020,2,2
83016,83018,83020,2,2
83016,83017,83020,3,1
83016,83017,83019,2,1
83016,83018,83020,2,2
83016,83018,83019,1,2
83016,83018,83021,3,2
83016,83018,83020,2,2
83016,83018,83020,2,2
83016,83019,83021,2,3
83016,83019,83021,2,3
83016,83019,83021,2,3
83016,83019,83021,2,3
83016,83019,83021,2,3
83016,83019,83021,2,3
83016,83019,83021,2,3
83016,83019,83021,2,3
83016,83021,83022,1,5
83016,83021,83022,1,5
83016,83021,83022,1,5
83016,83021,83022,1,5
83016,83020,83022,2,4
83016,83020,83022,2,4
83016,83020,83022,2,4
83016,83021,83022,1,5
83016,83021,83022,1,5
83016,83021,83022,1,5
83016,83021,83022,1,5
83016,83021,83023,2,5
83016,83021,83023,2,5
83016,83021,83023,2,5
83016,83020,83022,2,4
83016,83020,83022,2,4
83016,83020,83022,2,4
83016,83022,83023,1,6
83016,83022,83023,1,6
83016,83022,83023,1,6
83016,83022,83023,1,6
83016,83022,83023,1,6
83016,83022,83023,1,6
83016,83022,83023,1,6
83016,83022,83023,1,6
83016,83022,83023,1,6
83016,83023,83024,1,7
83016,83023,83024,1,7
83016,83023,83024,1,7
83016,83023,83024,1,7
83016,83023,83024,1,7
83016,83023,83024,1,7
83016,83023,83024,1,7
83016,83023,83024,1,7
83016,83023,83024,1,7
83016,83024,83025,1,8
83016,83024,83025,1,8
83016,83024,83025,1,8
83016,83024,83025,1,8
83016,83023,83024,1,7
83016,83024,83025,1,8
82551,82564,83054,490,13
83056,83057,83058,1,1
83056,83057,83058,1,1
83056,83057,83058,1,1
83056,83057,83058,1,1
83056,83057,83058,1,1
83056,83057,83058,1,1
83056,83058,83059,1,2
83056,83058,83059,1,2
83056,83059,83060,1,3
83056,83058,83059,1,2
83056,83059,83060,1,3
83056,83059,83060,1,3
83056,83059,83060,1,3
83056,83059,83060,1,3
83056,83059,83060,1,3
83056,83059,83060,1,3
83056,83060,83061,1,4
83056,83060,83061,1,4
83056,83060,83061,1,4
83056,83059,83060,1,3
83056,83059,83060,1,3
83056,83060,83061,1,4
83056,83061,83062,1,5
83056,83061,83062,1,5
83056,83060,83061,1,4
83056,83061,83062,1,5
83056,83061,83062,1,5
83056,83060,83061,1,4
83056,83060,83061,1,4
83056,83061,83062,1,5
83056,83061,83062,1,5
83056,83061,83062,1,5
83056,83061,83062,1,5
83056,83061,83062,1,5
83056,83061,83062,1,5
83056,83062,83063,1,6
83056,83062,83063,1,6
83056,83062,83063,1,6
83056,83062,83063,1,6
83056,83062,83063,1,6
83056,83062,83063,1,6
83056,83062,83063,1,6
83056,83063,83064,1,7
83056,83063,83064,1,7
83056,83063,83064,1,7
83056,83063,83064,1,7
83056,83063,83064,1,7
83056,83063,83064,1,7
83056,83063,83064,1,7
83056,83063,83064,1,7
83056,83063,83064,1,7
83056,83063,83064,1,7
83056,83063,83064,1,7
83056,83063,83064,1,7
83056,83063,83064,1,7
83056,83064,83065,1,8
83056,83064,83065,1,8
83056,83064,83065,1,8
83056,83064,83065,1,8
83056,83064,83065,1,8
83056,83064,83065,1,8
82581,82596,83072,476,15
82378,82388,83084,696,10
83087,83087,83088,1,0
83087,83087,83088,1,0
83087,83087,83088,1,0
83087,83087,83088,1,0
83087,83087,83088,1,0
83087,83087,83088,1,0
83087,83087,83088,1,0
83087,83087,83088,1,0
83087,83087,83088,1,0
83087,83087,83088,1,0
83087,83087,83088,1,0
83087,83087,83088,1,0
83087,83087,83088,1,0
83087,83087,83088,1,0
83087,83087,83088,1,0
83087,83087,83088,1,0
83087,83087,83089,2,0
83087,83087,83089,2,0
83087,83088,83090,2,1
83087,83088,83089,1,1
83087,83088,83090,2,1
83087,83088,83090,2,1
83087,83088,83090,2,1
83087,83088,83090,2,1
83087,83088,83090,2,1
83087,83088,83090,2,1
83087,83088,83090,2,1
83087,83088,83090,2,1
83087,83088,83090,2,1
83087,83089,83091,2,2
83087,83089,83091,2,2
83087,83090,83091,1,3
83087,83090,83091,1,3
83087,83089,83091,2,2
83087,83089,83091,2,2
83087,83089,83091,2,2
83087,83089,83090,1,2
83087,83089,83091,2,2
83087,83090,83091,1,3
83087,83091,83092,1,4
83087,83090,83091,1,3
83087,83090,83091,1,3
83087,83090,83091,1,3
83087,83090,83091,1,3
83087,83090,83091,1,3
83087,83090,83092,2,3
83087,83090,83092,2,3
83087,83090,83092,2,3
83087,83091,83093,2,4
83087,83091,83093,2,4
83087,83092,83093,1,5
83087,83092,83093,1,5
83087,83091,83092,1,4
83087,83092,83093,1,5
83087,83092,83093,1,5
83087,83092,83093,1,5
83087,83092,83093,1,5
83087,83092,83093,1,5
83087,83091,83093,2,4
83087,83091,83092,1,4
83087,83091,83093,2,4
83087,83093,83094,1,6
83087,83092,83094,2,5
83087,83092,83094,2,5
83087,83094,83095,1,7
83087,83094,83095,1,7
83087,83093,83094,1,6
83087,83093,83094,1,6
83087,83094,83095,1,7
83087,83095,83096,1,8
83087,83094,83095,1,7
83087,83094,83095,1,7
83087,83094,83096,2,7
83087,83095,83096,1,8
83087,83095,83096,1,8
83087,83096,83097,1,9
83087,83096,83097,1,9
83087,83096,83097,1,9
83087,83096,83098,2,9
83087,83096,83098,2,9
83087,83097,83099,2,10
83087,83097,83099,2,10
83087,83097,83098,1,10
83087,83097,83098,1,10
83087,83097,83098,1,10
83087,83097,83099,2,10
83087,83097,83099,2,10
83087,83097,83098,1,10
83087,83097,83098,1,10
83087,83097,83099,2,10
83087,83097,83099,2,10
83087,83097,83099,2,10
83087,83097,83099,2,10
83087,83097,83099,2,10
83087,83098,83100,2,11
83087,83099,83100,1,12
83087,83099,83100,1,12
83087,83099,83100,1,12
83087,83099,83100,1,12
83087,83099,83100,1,12
83087,83099,83101,2,12
83087,83100,83101,1,13
83087,83099,83101,2,12
83087,83099,83101,2,12
83087,83099,83101,2,12
83087,83099,83100,1,12
83087,83099,83101,2,12
83087,83099,83101,2,12
83087,83100,83101,1,13
83087,83101,83102,1,14
83087,83101,83102,1,14
83087,83101,83102,1,14
83087,83101,83102,1,14
83087,83101,83102,1,14
83087,83101,83102,1,14
83087,83101,83102,1,14
83087,83101,83102,1,14
83087,83101,83102,1,14
83087,83101,83102,1,14
83087,83100,83101,1,13
83087,83100,83102,2,13
83087,83101,83102,1,14
83087,83102,83103,1,15
83087,83102,83103,1,15
83087,83102,83103,1,15
83087,83102,83103,1,15
83087,83102,83103,1,15
83087,83102,83103,1,15
83087,83102,83103,1,15
83087,83102,83103,1,15
83087,83101,83102,1,14
83087,83102,83103,1,15
83087,83101,83102,1,14
83087,83102,83103,1,15
83087,83102,83103,1,15
83087,83102,83103,1,15
83087,83102,83103,1,15
83087,83103,83104,1,16
83087,83103,83104,1,16
83087,83103,83104,1,16
83087,83103,83104,1,16
83087,83103,83104,1,16
83087,83103,83104,1,16
83087,83103,83104,1,16
83087,83102,83103,1,15
83087,83103,83104,1,16
83087,83103,83104,1,16
83087,83103,83104,1,16
83087,83103,83104,1,16
83087,83104,83105,1,17
83087,83104,83105,1,17
83087,83104,83105,1,17
83087,83104,83105,1,17
83087,83104,83105,1,17
83087,83104,83105,1,17
83087,83104,83105,1,17
83087,83103,83105,2,16
83087,83103,83104,1,16
83087,83104,83105,1,17
82372,82379,83106,727,7
83123,83123,83124,1,0
83123,83123,83124,1,0
83123,83123,83124,1,0
83123,83123,83124,1,0
83123,83123,83125,2,0
83123,83123,83125,2,0
83123,83123,83124,1,0
83123,83123,83124,1,0
83123,83123,83126,3,0
83123,83123,83125,2,0
83123,83124,83126,2,1
83123,83124,83126,2,1
83123,83124,83126,2,1
83123,83124,83126,2,1
83123,83124,83126,2,1
83123,83124,83126,2,1
83123,83124,83126,2,1
83123,83124,83126,2,1
83123,83125,83127,2,2
83123,83125,83127,2,2
83123,83124,83127,3,1
83123,83124,83127,3,1
83123,83125,83128,3,2
83123,83125,83127,2,2
83123,83126,83128,2,3
83123,83126,83128,2,3
83123,83126,83128,2,3
83123,83126,83128,2,3
83123,83126,83128,2,3
83123,83126,83128,2,3
83123,83126,83128,2,3
83123,83126,83128,2,3
83123,83125,83127,2,2
83123,83127,83129,2,4
83123,83127,83129,2,4
83123,83127,83129,2,4
83123,83127,83129,2,4
83123,83128,83129,1,5
83123,83128,83129,1,5
83123,83128,83129,1,5
83123,83128,83129,1,5
83123,83128,83129,1,5
83123,83128,83129,1,5
83123,83128,83129,1,5
83123,83128,83129,1,5
83123,83126,83128,2,3
83123,83126,83129,3,3
83123,83128,83130,2,5
83123,83129,83130,1,6
83123,83129,83130,1,6
83123,83129,83130,1,6
83123,83129,83130,1,6
83123,83128,83130,2,5
83123,83129,83130,1,6
83123,83129,83130,1,6
83123,83128,83130,2,5
83123,83130,83131,1,7
83123,83129,83130,1,6
83123,83129,83130,1,6
83123,83130,83131,1,7
83123,83130,83131,1,7
83123,83130,83131,1,7
83123,83130,83131,1,7
83123,83130,83131,1,7
83123,83130,83131,1,7
83123,83130,83132,2,7
83123,83131,83132,1,8
83123,83131,83132,1,8
83123,83131,83132,1,8
83123,83131,83132,1,8
83123,83131,83133,2,8
83123,83131,83133,2,8
83123,83131,83132,1,8
83123,83131,83133,2,8
83123,83132,83133,1,9
82678,82691,83169,478,13
83171,83171,83172,1,0
83171,83171,83172,1,0
83171,83171,83172,1,0
83171,83171,83172,1,0
83171,83171,83172,1,0
83171,83171,83172,1,0
83171,83171,83172,1,0
83171,83171,83172,1,0
83171,83171,83172,1,0
83171,83171,83172,1,0
83171,83172,83173,1,1
83171,83171,83172,1,0
83171,83171,83172,1,0
83171,83171,83173,2,0
83171,83172,83173,1,1
83171,83172,83174,2,1
83171,83172,83174,2,1
83171,83172,83174,2,1
83171,83172,83174,2,1
83171,83172,83174,2,1
83171,83172,83173,1,1
83171,83172,83174,2,1
83171,83172,83174,2,1
83171,83172,83174,2,1
83171,83171,83174,3,0
83171,83173,83174,1,2
83171,83173,83175,2,2
83171,83174,83175,1,3
83171,83173,83175,2,2
83171,83174,83175,1,3
83171,83174,83175,1,3
83171,83174,83175,1,3
83171,83175,83176,1,4
83171,83173,83175,2,2
83171,83173,83175,2,2
83171,83174,83176,2,3
83171,83174,83176,2,3
83171,83174,83176,2,3
83171,83174,83176,2,3
83171,83174,83176,2,3
83171,83174,83176,2,3
83171,83175,83176,1,4
83171,83175,83176,1,4
83171,83173,83176,3,2
83171,83175,83176,1,4
83171,83176,83177,1,5
83171,83176,83177,1,5
83171,83176,83177,1,5
83171,83176,83177,1,5
83171,83175,83177,2,4
83171,83176,83177,1,5
83171,83177,83178,1,6
83171,83176,83177,1,5
83171,83177,83178,1,6
83171,83177,83178,1,6
83171,83177,83178,1,6
83171,83178,83179,1,7
83171,83178,83179,1,7
83171,83178,83179,1,7
83171,83178,83179,1,7
83171,83179,83180,1,8
83171,83179,83180,1,8
83171,83179,83180,1,8
83171,83179,83180,1,8
83171,83179,83180,1,8
83171,83179,83180,1,8
83171,83184,83185,1,13
82549,82557,83256,699,8
83257,83257,83258,1,0
83257,83257,83258,1,0
83257,83257,83258,1,0
83257,83257,83258,1,0
83257,83257,83258,1,0
83257,83257,83258,1,0
83257,83257,83258,1,0
83257,83257,83258,1,0
83257,83257,83258,1,0
83257,83257,83258,1,0
83257,83257,83258,1,0
83257,83257,83258,1,0
83257,83257,83258,1,0
83257,83257,83258,1,0
83257,83258,83259,1,1
83257,83258,83259,1,1
83257,83257,83258,1,0
83257,83258,83259,1,1
83257,83258,83259,1,1
83257,83258,83259,1,1
83257,83258,83259,1,1
83257,83258,83259,1,1
83257,83258,83259,1,1
83257,83258,83259,1,1
83257,83258,83259,1,1
83257,83257,83260,3,0
83257,83259,83260,1,2
83257,83259,83260,1,2
83257,83258,83260,2,1
83257,83258,83260,2,1
83257,83259,83260,1,2
83257,83259,83260,1,2
83257,83259,83260,1,2
83257,83259,83260,1,2
83257,83259,83260,1,2
83257,83259,83260,1,2
83257,83258,83260,2,1
83257,83259,83260,1,2
83257,83259,83260,1,2
83257,83259,83261,2,2
83257,83259,83261,2,2
83257,83257,83261,4,0
83257,83260,83262,2,3
83257,83261,83262,1,4
83257,83262,83263,1,5
83257,83262,83263,1,5
83257,83261,83263,2,4
83257,83263,83264,1,6
83257,83262,83263,1,5
83257,83263,83264,1,6
83257,83263,83264,1,6
83257,83263,83264,1,6
83257,83263,83264,1,6
83257,83263,83264,1,6
83257,83263,83264,1,6
83257,83263,83264,1,6
83257,83263,83264,1,6
83257,83264,83265,1,7
83257,83264,83265,1,7
83257,83264,83265,1,7
83257,83264,83265,1,7
83257,83262,83264,2,5
83257,83265,83266,1,8
83257,83265,83266,1,8
83257,83265,83266,1,8
83257,83264,83270,6,7
82804,82811,83287,476,7
83289,83289,83290,1,0
83289,83289,83290,1,0
83289,83289,83290,1,0
83289,83289,83290,1,0
83289,83289,83290,1,0
83289,83289,83290,1,0
83289,83289,83290,1,0
83289,83289,83290,1,0
83289,83289,83290,1,0
83289,83289,83290,1,0
83289,83289,83290,1,0
83289,83289,83291,2,0
83289,83289,83291,2,0
83289,83289,83291,2,0
83289,83289,83290,1,0
83289,83290,83291,1,1
83289,83290,83291,1,1
83289,83290,83291,1,1
83289,83289,83291,2,0
83289,83290,83292,2,1
83289,83290,83292,2,1
83289,83290,83292,2,1
83289,83290,83292,2,1
83289,83290,83292,2,1
83289,83290,83292,2,1
83289,83290,83291,1,1
83289,83291,83293,2,2
83289,83291,83293,2,2
83289,83291,83293,2,2
83289,83291,83293,2,2
83289,83291,83293,2,2
83289,83293,83294,1,4
83289,83293,83294,1,4
83289,83293,83294,1,4
83289,83293,83294,1,4
83289,83292,83294,2,3
83289,83292,83294,2,3
83289,83292,83294,2,3
83289,83292,83294,2,3
83289,83293,83294,1,4
83289,83293,83294,1,4
83289,83292,83294,2,3
83289,83294,83295,1,5
83289,83292,83295,3,3
83289,83293,83295,2,4
83289,83294,83295,1,5
83289,83294,83295,1,5
83289,83294,83295,1,5
83289,83294,83295,1,5
83289,83294,83295,1,5
83289,83294,83295,1,5
83289,83294,83295,1,5
83289,83295,83296,1,6
83289,83295,83296,1,6
83289,83295,83296,1,6
83289,83295,83296,1,6
83289,83295,83296,1,6
83289,83295,83296,1,6
83289,83295,83296,1,6
83289,83296,83297,1,7
83289,83296,83297,1,7
83289,83295,83297,2,6
83289,83296,83297,1,7
83289,83296,83297,1,7
83289,83296,83297,1,7
83289,83297,83298,1,8
83289,83296,83297,1,7
83289,83297,83298,1,8
83289,83296,83297,1,7
83289,83296,83298,2,7
83289,83298,83299,1,9
83289,83298,83299,1,9
83289,83298,83299,1,9
83289,83298,83299,1,9
83289,83298,83299,1,9
83289,83298,83299,1,9
83289,83298,83299,1,9
82602,82602,83329,727,0
83331,83331,83332,1,0
83331,83331,83332,1,0
83331,83331,83332,1,0
83331,83331,83332,1,0
83331,83331,83332,1,0
83331,83331,83332,1,0
83331,83331,83333,2,0
83331,83331,83332,1,0
83331,83331,83333,2,0
83331,83331,83333,2,0
83331,83332,83334,2,1
83331,83332,83334,2,1
83331,83332,83334,2,1
83331,83332,83334,2,1
83331,83332,83334,2,1
83331,83331,83333,2,0
83331,83333,83335,2,2
83331,83332,83334,2,1
83331,83333,83335,2,2
83331,83333,83335,2,2
83331,83333,83335,2,2
83331,83333,83335,2,2
83331,83334,83336,2,3
83331,83334,83335,1,3
83331,83335,83336,1,4
83331,83334,83335,1,3
83331,83334,83335,1,3
83331,83334,83335,1,3
83331,83335,83336,1,4
83331,83333,83335,2,2
83331,83333,83336,3,2
83331,83334,83337,3,3
83331,83334,83336,2,3
83331,83335,83336,1,4
83331,83336,83337,1,5
83331,83336,83337,1,5
83331,83336,83337,1,5
83331,83336,83337,1,5
83331,83336,83337,1,5
83331,83336,83337,1,5
83331,83336,83337,1,5
83331,83337,83338,1,6
83331,83336,83337,1,5
83331,83336,83338,2,5
83331,83336,83337,1,5
83331,83337,83338,1,6
83331,83337,83338,1,6
83331,83337,83338,1,6
83331,83337,83338,1,6
83331,83337,83338,1,6
83331,83336,83338,2,5
83331,83336,83337,1,5
83331,83337,83338,1,6
83331,83337,83338,1,6
83331,83337,83338,1,6
83331,83337,83338,1,6
83331,83336,83338,2,5
83331,83338,83339,1,7
83331,83338,83339,1,7
83331,83338,83339,1,7
83331,83338,83339,1,7
83331,83336,83338,2,5
83331,83338,83339,1,7
83331,83338,83339,1,7
83331,83338,83339,1,7
83331,83338,83339,1,7
83331,83338,83339,1,7
83331,83338,83339,1,7
83331,83338,83339,1,7
83331,83338,83339,1,7
83331,83338,83339,1,7
83331,83339,83340,1,8
83331,83338,83339,1,7
83331,83338,83339,1,7
83331,83339,83340,1,8
83331,83339,83340,1,8
83331,83339,83340,1,8
83331,83339,83340,1,8
83331,83339,83340,1,8
83331,83339,83340,1,8
83331,83339,83340,1,8
83331,83339,83340,1,8
83331,83339,83340,1,8
83331,83339,83340,1,8
83331,83339,83340,1,8
83331,83340,83341,1,9
83331,83340,83341,1,9
83331,83340,83341,1,9
83331,83340,83341,1,9
83331,83340,83341,1,9
83331,83339,83341,2,8
83331,83340,83346,6,9
82668,82683,83388,705,15
83390,83390,83391,1,0
83390,83390,83391,1,0
83390,83390,83391,1,0
83390,83390,83391,1,0
83390,83390,83391,1,0
83390,83390,83391,1,0
83390,83390,83391,1,0
83390,83391,83392,1,1
83390,83391,83392,1,1
83390,83391,83392,1,1
83390,83391,83392,1,1
83390,83391,83392,1,1
83390,83391,83392,1,1
83390,83391,83392,1,1
83390,83391,83392,1,1
83390,83391,83393,2,1
83390,83390,83393,3,0
82670,82683,83393,710,13
83390,83391,83393,2,1
83390,83392,83394,2,2
83390,83393,83394,1,3
83390,83392,83394,2,2
83390,83392,83394,2,2
83390,83392,83394,2,2
83390,83393,83394,1,3
83390,83393,83394,1,3
83390,83393,83394,1,3
83390,83393,83394,1,3
83390,83393,83394,1,3
83390,83393,83394,1,3
83390,83393,83394,1,3
83390,83393,83394,1,3
83390,83394,83395,1,4
83390,83394,83395,1,4
83390,83394,83395,1,4
83390,83392,83395,3,2
83390,83395,83396,1,5
83390,83395,83396,1,5
83390,83395,83396,1,5
83390,83395,83396,1,5
83390,83395,83396,1,5
83390,83395,83396,1,5
83390,83395,83396,1,5
83390,83395,83396,1,5
83390,83395,83396,1,5
83390,83395,83396,1,5
83390,83395,83396,1,5
83390,83395,83396,1,5
83390,83394,83396,2,4
83390,83396,83397,1,6
83390,83395,83396,1,5
83390,83395,83396,1,5
83390,83396,83397,1,6
83390,83396,83397,1,6
83390,83396,83397,1,6
83390,83396,83397,1,6
83390,83396,83397,1,6
83390,83396,83397,1,6
83390,83396,83397,1,6
83390,83395,83396,1,5
83390,83396,83397,1,6
83390,83396,83397,1,6
83390,83396,83397,1,6
83390,83396,83397,1,6
83390,83397,83398,1,7
83390,83395,83397,2,5
83390,83397,83398,1,7
83390,83397,83398,1,7
83390,83397,83398,1,7
83390,83397,83398,1,7
83390,83397,83398,1,7
83390,83397,83398,1,7
83390,83397,83398,1,7
83390,83397,83398,1,7
83390,83397,83398,1,7
83390,83397,83398,1,7
83390,83397,83398,1,7
83390,83397,83398,1,7
83390,83397,83398,1,7
83390,83397,83398,1,7
83390,83398,83399,1,8
83390,83398,83399,1,8
83390,83398,83399,1,8
83390,83398,83399,1,8
83390,83398,83399,1,8
83390,83398,83399,1,8
83390,83398,83399,1,8
83390,83398,83399,1,8
83390,83398,83399,1,8
83395,83398,83399,1,3
83395,83399,83400,1,4
83395,83399,83400,1,4
83395,83399,83400,1,4
83395,83399,83400,1,4
83395,83399,83400,1,4
83395,83399,83400,1,4
83395,83399,83400,1,4
83395,83399,83400,1,4
83395,83399,83400,1,4
83395,83399,83400,1,4
83395,83399,83401,2,4
83395,83399,83401,2,4
83395,83400,83401,1,5
83395,83400,83401,1,5
83395,83400,83401,1,5
83395,83400,83401,1,5
83395,83400,83401,1,5
83395,83400,83402,2,5
83395,83400,83402,2,5
83395,83400,83402,2,5
83395,83400,83402,2,5
83395,83400,83402,2,5
83395,83400,83402,2,5
83395,83401,83403,2,6
83395,83401,83403,2,6
83395,83402,83403,1,7
83395,83402,83403,1,7
83395,83402,83403,1,7
83395,83403,83404,1,8
83395,83402,83403,1,7
83395,83402,83403,1,7
83395,83402,83403,1,7
83395,83402,83403,1,7
83395,83401,83403,2,6
83395,83402,83403,1,7
83395,83402,83404,2,7
83395,83402,83403,1,7
83395,83403,83404,1,8
83395,83404,83405,1,9
83395,83404,83405,1,9
83395,83404,83405,1,9
83395,83404,83405,1,9
83395,83404,83405,1,9
83395,83404,83405,1,9
83395,83403,83404,1,8
83395,83403,83405,2,8
83395,83403,83405,2,8
83395,83404,83405,1,9
83395,83405,83406,1,10
83395,83405,83406,1,10
83395,83405,83406,1,10
83395,83405,83406,1,10
83395,83405,83406,1,10
83395,83405,83406,1,10
83395,83405,83406,1,10
83395,83406,83407,1,11
83395,83406,83407,1,11
83395,83406,83407,1,11
83395,83406,83407,1,11
83395,83406,83407,1,11
83395,83406,83407,1,11
83395,83405,83406,1,10
83395,83406,83407,1,11
83395,83407,83408,1,12
83395,83407,83408,1,12
83395,83407,83408,1,12
83395,83406,83407,1,11
83395,83407,83408,1,12
83395,83407,83408,1,12
83395,83407,83408,1,12
83395,83407,83408,1,12
83395,83407,83408,1,12
83395,83407,83408,1,12
83390,83395,83421,26,5
82736,82747,83448,701,11
83449,83449,83450,1,0
83449,83449,83450,1,0
83449,83449,83450,1,0
83449,83449,83450,1,0
83449,83449,83450,1,0
83449,83449,83451,2,0
83449,83450,83452,2,1
83449,83449,83451,2,0
83449,83449,83451,2,0
83449,83449,83451,2,0
83449,83449,83452,3,0
83449,83450,83452,2,1
83449,83450,83452,2,1
83449,83450,83452,2,1
83449,83450,83451,1,1
83449,83450,83451,1,1
83449,83450,83452,2,1
83449,83450,83452,2,1
83449,83449,83452,3,0
83449,83451,83453,2,2
83449,83452,83454,2,3
83449,83452,83454,2,3
83449,83452,83454,2,3
83449,83452,83454,2,3
83449,83452,83454,2,3
83449,83452,83453,1,3
83449,83452,83454,2,3
83449,83452,83454,2,3
83449,83452,83455,3,3
83449,83451,83454,3,2
83449,83451,83454,3,2
83449,83454,83455,1,5
83449,83452,83455,3,3
83449,83453,83455,2,4
83449,83452,83454,2,3
83449,83452,83455,3,3
83449,83454,83455,1,5
83449,83454,83455,1,5
83449,83454,83455,1,5
83449,83454,83455,1,5
83449,83454,83455,1,5
83449,83455,83456,1,6
83449,83455,83456,1,6
83449,83454,83455,1,5
83449,83454,83455,1,5
83449,83455,83456,1,6
83449,83452,83455,3,3
83449,83455,83456,1,6
83449,83456,83457,1,7
83449,83455,83456,1,6
83449,83455,83457,2,6
83449,83456,83457,1,7
83449,83456,83457,1,7
83449,83456,83457,1,7
83449,83455,83456,1,6
83449,83455,83456,1,6
83449,83456,83457,1,7
83449,83456,83457,1,7
83449,83456,83457,1,7
83449,83455,83457,2,6
83449,83456,83457,1,7
83449,83457,83458,1,8
83449,83457,83458,1,8
83449,83457,83458,1,8
83449,83457,83458,1,8
83449,83457,83458,1,8
83449,83457,83458,1,8
83449,83456,83457,1,7
83449,83457,83458,1,8
83449,83457,83458,1,8
83449,83457,83458,1,8
83449,83457,83458,1,8
83449,83457,83458,1,8
83449,83457,83458,1,8
83449,83455,83458,3,6
83449,83458,83459,1,9
83449,83458,83459,1,9
83449,83457,83458,1,8
83449,83458,83459,1,9
83449,83458,83459,1,9
83449,83458,83459,1,9
83449,83458,83459,1,9
83449,83458,83459,1,9
83449,83458,83459,1,9
83449,83458,83459,1,9
83449,83458,83459,1,9
83449,83459,83460,1,10
83449,83459,83460,1,10
83449,83459,83460,1,10
83449,83459,83460,1,10
83017,83025,83508,483,8
83510,83510,83511,1,0
83510,83510,83511,1,0
83510,83510,83511,1,0
83510,83510,83511,1,0
83510,83510,83511,1,0
83510,83510,83512,2,0
83510,83510,83511,1,0
83510,83510,83511,1,0
83510,83510,83512,2,0
83510,83510,83511,1,0
83510,83511,83512,1,1
83510,83511,83512,1,1
83510,83511,83512,1,1
83510,83511,83512,1,1
83510,83511,83512,1,1
83510,83511,83512,1,1
83510,83511,83512,1,1
83510,83511,83512,1,1
83510,83511,83512,1,1
83510,83511,83513,2,1
83510,83511,83513,2,1
83510,83510,83513,3,0
83510,83513,83514,1,3
83510,83512,83514,2,2
83510,83512,83514,2,2
83510,83512,83514,2,2
83510,83513,83514,1,3
83510,83513,83514,1,3
83510,83513,83514,1,3
83510,83513,83514,1,3
83510,83513,83514,1,3
83510,83513,83514,1,3
83510,83513,83514,1,3
83510,83513,83514,1,3
83510,83512,83514,2,2
83510,83514,83515,1,4
83510,83513,83514,1,3
83510,83513,83514,1,3
83510,83514,83515,1,4
83510,83514,83515,1,4
83510,83514,83515,1,4
83510,83514,83515,1,4
83510,83514,83515,1,4
83510,83514,83515,1,4
83510,83514,83515,1,4
83510,83514,83515,1,4
83510,83514,83515,1,4
83510,83514,83515,1,4
83510,83515,83516,1,5
83510,83514,83516,2,4
83510,83514,83516,2,4
83510,83515,83516,1,5
83510,83515,83516,1,5
83510,83515,83516,1,5
83510,83515,83516,1,5
83510,83515,83516,1,5
83510,83515,83516,1,5
83510,83515,83516,1,5
83510,83515,83516,1,5
83510,83515,83516,1,5
83510,83515,83516,1,5
83510,83515,83516,1,5
83510,83514,83516,2,4
83510,83516,83517,1,6
83510,83516,83517,1,6
83510,83516,83517,1,6
83510,83516,83517,1,6
83510,83516,83517,1,6
83510,83517,83518,1,7
83510,83516,83517,1,6
83510,83517,83518,1,7
83510,83518,83519,1,8
83510,83518,83519,1,8
83510,83512,83518,6,2
83510,83517,83519,2,7
83510,83517,83518,1,7
82760,82777,83522,745,17
82731,82738,83528,790,7
83540,83540,83541,1,0
83540,83540,83541,1,0
83540,83540,83541,1,0
83540,83540,83541,1,0
83540,83540,83541,1,0
83540,83540,83541,1,0
83540,83540,83542,2,0
83540,83540,83541,1,0
83540,83540,83542,2,0
83540,83540,83542,2,0
83540,83540,83542,2,0
83540,83541,83543,2,1
83540,83541,83542,1,1
83540,83541,83542,1,1
83540,83541,83543,2,1
83540,83541,83543,2,1
83540,83541,83542,1,1
83540,83541,83542,1,1
83540,83541,83543,2,1
83540,83541,83543,2,1
83540,83542,83544,2,2
83540,83543,83544,1,3
83540,83543,83544,1,3
83540,83541,83543,2,1
83540,83541,83543,2,1
83058,83064,83544,480,6
83540,83542,83544,2,2
83540,83542,83545,3,2
83540,83543,83545,2,3
83540,83542,83544,2,2
83540,83543,83544,1,3
83540,83543,83544,1,3
83540,83543,83544,1,3
83540,83543,83544,1,3
83540,83543,83544,1,3
83540,83543,83544,1,3
83540,83543,83544,1,3
83540,83544,83545,1,4
83540,83544,83545,1,4
83540,83543,83544,1,3
83540,83544,83545,1,4
83540,83544,83545,1,4
83540,83544,83545,1,4
83540,83543,83545,2,3
82819,82832,83546,714,13
83540,83544,83545,1,4
83540,83545,83546,1,5
83540,83545,83546,1,5
83540,83545,83546,1,5
83540,83545,83546,1,5
83540,83545,83546,1,5
83540,83545,83546,1,5
83540,83545,83546,1,5
83540,83545,83546,1,5
83540,83545,83546,1,5
83540,83545,83546,1,5
83540,83545,83546,1,5
83540,83545,83546,1,5
83540,83545,83546,1,5
83540,83546,83547,1,6
83540,83545,83546,1,5
83540,83545,83546,1,5
83540,83545,83546,1,5
83540,83546,83547,1,6
83540,83546,83547,1,6
83540,83545,83546,1,5
83540,83546,83547,1,6
83540,83546,83547,1,6
83540,83546,83547,1,6
83540,83546,83547,1,6
83540,83546,83547,1,6
83540,83546,83547,1,6
83540,83546,83547,1,6
83540,83546,83547,1,6
83540,83546,83547,1,6
83540,83546,83547,1,6
83540,83546,83547,1,6
83540,83546,83547,1,6
83540,83546,83547,1,6
83540,83547,83548,1,7
83540,83547,83548,1,7
83540,83547,83548,1,7
83540,83547,83548,1,7
83540,83547,83548,1,7
83540,83547,83548,1,7
83540,83547,83548,1,7
83540,83547,83548,1,7
83540,83547,83548,1,7
83540,83547,83548,1,7
83540,83547,83548,1,7
83540,83547,83548,1,7
83540,83547,83548,1,7
83542,83548,83549,1,6
83542,83548,83549,1,6
83542,83548,83549,1,6
83542,83548,83549,1,6
83542,83548,83549,1,6
83542,83548,83549,1,6
83542,83548,83549,1,6
83542,83548,83549,1,6
83542,83549,83550,1,7
83542,83549,83550,1,7
83542,83549,83550,1,7
83542,83549,83550,1,7
83542,83549,83550,1,7
83542,83549,83550,1,7
83542,83549,83550,1,7
83542,83549,83551,2,7
83542,83549,83550,1,7
83542,83549,83550,1,7
83542,83549,83551,2,7
83542,83549,83551,2,7
83542,83549,83551,2,7
83542,83550,83551,1,8
83542,83550,83551,1,8
83542,83550,83551,1,8
83542,83550,83551,1,8
83542,83550,83551,1,8
83542,83551,83552,1,9
83542,83550,83552,2,8
83542,83551,83552,1,9
83542,83551,83552,1,9
83542,83551,83552,1,9
83542,83551,83552,1,9
83542,83551,83552,1,9
83542,83551,83552,1,9
83542,83551,83552,1,9
83542,83551,83553,2,9
83542,83551,83553,2,9
83542,83551,83553,2,9
83542,83552,83553,1,10
83542,83552,83553,1,10
83542,83552,83553,1,10
83542,83552,83553,1,10
83542,83552,83553,1,10
83542,83552,83553,1,10
83542,83552,83553,1,10
83542,83553,83554,1,11
83542,83553,83554,1,11
83542,83553,83554,1,11
83542,83553,83554,1,11
83542,83553,83554,1,11
83542,83553,83554,1,11
83542,83553,83554,1,11
83542,83554,83555,1,12
83542,83554,83555,1,12
83542,83553,83554,1,11
83542,83553,83554,1,11
83542,83554,83555,1,12
83542,83554,83555,1,12
83542,83553,83555,2,11
83542,83553,83555,2,11
83542,83553,83554,1,11
83542,83555,83556,1,13
83542,83555,83556,1,13
83542,83555,83556,1,13
83542,83555,83556,1,13
83542,83555,83556,1,13
83542,83555,83556,1,13
83542,83555,83556,1,13
83542,83555,83556,1,13
83542,83555,83556,1,13
83542,83555,83556,1,13
83542,83555,83556,1,13
83542,83556,83557,1,14
83542,83556,83557,1,14
83542,83556,83557,1,14
83546,83556,83557,1,10
83546,83556,83557,1,10
83546,83556,83557,1,10
83546,83556,83557,1,10
83546,83556,83557,1,10
83546,83556,83557,1,10
83546,83556,83557,1,10
83546,83556,83557,1,10
83546,83556,83557,1,10
83546,83556,83557,1,10
83546,83557,83558,1,11
83542,83556,83557,1,14
83546,83556,83558,2,10
83546,83557,83558,1,11
83546,83557,83559,2,11
83546,83557,83559,2,11
83546,83557,83559,2,11
83546,83557,83559,2,11
83546,83557,83559,2,11
83546,83557,83559,2,11
83546,83557,83559,2,11
83546,83557,83559,2,11
83546,83557,83559,2,11
83546,83557,83559,2,11
82859,82866,83558,692,7
83546,83558,83559,1,12
83546,83558,83559,1,12
83546,83558,83560,2,12
83546,83558,83559,1,12
83546,83558,83560,2,12
83546,83557,83559,2,11
83546,83559,83560,1,13
83546,83559,83560,1,13
83546,83559,83560,1,13
83546,83559,83560,1,13
83546,83559,83560,1,13
83546,83559,83560,1,13
83546,83559,83560,1,13
83546,83559,83560,1,13
83546,83558,83560,2,12
83546,83560,83561,1,14
83546,83559,83561,2,13
83546,83559,83561,2,13
83546,83560,83561,1,14
83546,83560,83561,1,14
83546,83560,83561,1,14
83546,83559,83560,1,13
83546,83560,83561,1,14
83546,83560,83561,1,14
83546,83560,83561,1,14
83546,83560,83561,1,14
83546,83559,83561,2,13
83546,83560,83561,1,14
83546,83560,83561,1,14
83546,83560,83561,1,14
82817,82832,83562,730,15
83546,83560,83562,2,14
83546,83561,83562,1,15
83546,83561,83562,1,15
83546,83560,83562,2,14
83546,83561,83562,1,15
83546,83561,83562,1,15
83546,83561,83562,1,15
83546,83562,83563,1,16
83546,83562,83563,1,16
83546,83562,83563,1,16
83546,83560,83563,3,14
83546,83562,83563,1,16
83546,83562,83563,1,16
83546,83562,83563,1,16
83546,83562,83563,1,16
83546,83563,83564,1,17
83546,83563,83564,1,17
83546,83563,83564,1,17
83546,83563,83564,1,17
83546,83562,83563,1,16
83546,83563,83564,1,17
83546,83563,83564,1,17
83548,83564,83565,1,16
83548,83564,83565,1,16
83548,83564,83565,1,16
83548,83564,83565,1,16
83548,83565,83566,1,17
83548,83565,83566,1,17
83548,83565,83566,1,17
83548,83565,83566,1,17
83548,83565,83566,1,17
83548,83565,83566,1,17
83548,83565,83566,1,17
83548,83565,83566,1,17
83548,83565,83566,1,17
83548,83565,83566,1,17
83548,83565,83566,1,17
83548,83565,83566,1,17
83548,83565,83566,1,17
83548,83565,83566,1,17
83548,83565,83566,1,17
83548,83565,83566,1,17
83548,83565,83566,1,17
83548,83565,83566,1,17
83548,83565,83566,1,17
83548,83565,83567,2,17
83548,83566,83567,1,18
83548,83567,83568,1,19
83548,83567,83568,1,19
83548,83567,83568,1,19
83548,83567,83568,1,19
83548,83567,83568,1,19
83548,83567,83568,1,19
83548,83567,83568,1,19
83548,83567,83568,1,19
83548,83567,83568,1,19
83548,83567,83568,1,19
83548,83567,83568,1,19
83548,83567,83568,1,19
83548,83567,83568,1,19
83548,83567,83568,1,19
83548,83567,83568,1,19
83548,83567,83568,1,19
83548,83567,83568,1,19
83548,83568,83569,1,20
83548,83567,83569,2,19
83548,83567,83569,2,19
83548,83569,83570,1,21
83548,83569,83570,1,21
83548,83569,83570,1,21
83548,83569,83570,1,21
83548,83569,83570,1,21
83548,83569,83570,1,21
83548,83569,83570,1,21
83548,83569,83570,1,21
83548,83569,83570,1,21
83548,83569,83570,1,21
83548,83569,83570,1,21
83548,83569,83570,1,21
83548,83569,83570,1,21
83548,83569,83570,1,21
83548,83569,83570,1,21
83548,83569,83571,2,21
83548,83569,83570,1,21
83548,83570,83571,1,22
83548,83569,83570,1,21
83548,83570,83571,1,22
83548,83570,83571,1,22
83548,83570,83571,1,22
83548,83570,83571,1,22
83548,83570,83571,1,22
83548,83570,83571,1,22
83548,83570,83571,1,22
83548,83570,83571,1,22
83548,83570,83571,1,22
83548,83570,83571,1,22
83548,83570,83571,1,22
83548,83570,83571,1,22
83548,83571,83572,1,23
83548,83571,83572,1,23
83548,83571,83572,1,23
83548,83571,83572,1,23
83548,83571,83572,1,23
83548,83571,83572,1,23
83548,83571,83572,1,23
83548,83571,83572,1,23
83548,83571,83573,2,23
83592,83592,83593,1,0
83592,83592,83593,1,0
83592,83592,83593,1,0
83592,83592,83593,1,0
83592,83592,83593,1,0
83592,83592,83593,1,0
83592,83592,83593,1,0
83592,83592,83593,1,0
83592,83592,83593,1,0
83592,83592,83593,1,0
83592,83592,83593,1,0
83592,83592,83593,1,0
83592,83592,83594,2,0
83592,83593,83594,1,1
83592,83593,83594,1,1
83592,83592,83594,2,0
83592,83592,83594,2,0
83592,83592,83594,2,0
83592,83592,83594,2,0
83592,83592,83594,2,0
83592,83593,83595,2,1
83592,83594,83595,1,2
83592,83594,83595,1,2
83592,83594,83595,1,2
83592,83594,83595,1,2
83592,83594,83595,1,2
83592,83594,83595,1,2
83592,83594,83595,1,2
83592,83594,83595,1,2
83592,83594,83595,1,2
83592,83594,83595,1,2
83592,83594,83595,1,2
83592,83594,83596,2,2
83592,83595,83596,1,3
83592,83595,83596,1,3
83592,83595,83596,1,3
83592,83596,83597,1,4
83592,83595,83596,1,3
83592,83595,83596,1,3
83592,83595,83596,1,3
83592,83595,83596,1,3
83592,83596,83597,1,4
83592,83596,83597,1,4
83592,83596,83597,1,4
83592,83596,83597,1,4
83592,83596,83597,1,4
83592,83596,83597,1,4
83592,83596,83597,1,4
83592,83596,83597,1,4
83592,83596,83597,1,4
83592,83596,83597,1,4
83592,83596,83597,1,4
83592,83597,83598,1,5
83592,83597,83598,1,5
83592,83597,83598,1,5
83592,83597,83598,1,5
83592,83597,83598,1,5
83592,83598,83599,1,6
83592,83597,83598,1,5
83592,83597,83598,1,5
83592,83598,83599,1,6
83592,83597,83598,1,5
83592,83597,83598,1,5
83592,83598,83599,1,6
83592,83599,83600,1,7
83592,83599,83600,1,7
83592,83599,83600,1,7
83592,83598,83599,1,6
83592,83599,83600,1,7
83592,83599,83600,1,7
83592,83598,83599,1,6
83592,83598,83599,1,6
83592,83599,83600,1,7
83592,83599,83600,1,7
83592,83599,83600,1,7
83592,83600,83601,1,8
83592,83599,83600,1,7
83592,83599,83600,1,7
83592,83600,83601,1,8
83592,83600,83601,1,8
83592,83600,83601,1,8
83592,83600,83601,1,8
83592,83600,83601,1,8
82871,82885,83620,735,14
83626,83626,83627,1,0
83626,83626,83627,1,0
83626,83626,83627,1,0
83626,83626,83627,1,0
83626,83626,83627,1,0
83626,83626,83627,1,0
83626,83626,83627,1,0
83626,83626,83627,1,0
83626,83626,83627,1,0
83626,83626,83627,1,0
83626,83626,83627,1,0
83626,83626,83627,1,0
83626,83626,83627,1,0
83626,83627,83628,1,1
83626,83627,83628,1,1
83626,83627,83628,1,1
83626,83626,83627,1,0
83626,83627,83628,1,1
83626,83627,83628,1,1
83626,83627,83628,1,1
83626,83627,83628,1,1
83626,83627,83628,1,1
83626,83627,83629,2,1
83626,83627,83629,2,1
83626,83627,83628,1,1
83626,83627,83628,1,1
83626,83628,83629,1,2
83626,83628,83629,1,2
83626,83627,83629,2,1
83626,83627,83628,1,1
83626,83628,83629,1,2
83626,83629,83630,1,3
83626,83629,83630,1,3
83626,83629,83630,1,3
83626,83628,83629,1,2
83626,83628,83630,2,2
83626,83628,83630,2,2
83626,83628,83630,2,2
83626,83628,83629,1,2
83626,83628,83630,2,2
83626,83629,83630,1,3
83626,83629,83630,1,3
83626,83629,83630,1,3
83626,83629,83630,1,3
83626,83628,83630,2,2
83626,83629,83630,1,3
83626,83628,83630,2,2
83626,83629,83630,1,3
83626,83630,83631,1,4
83626,83629,83630,1,3
83626,83630,83631,1,4
83626,83630,83631,1,4
83626,83630,83631,1,4
83626,83630,83631,1,4
83626,83629,83631,2,3
83626,83630,83631,1,4
83626,83630,83631,1,4
83626,83630,83631,1,4
83626,83630,83631,1,4
83626,83630,83631,1,4
83626,83630,83631,1,4
83626,83630,83631,1,4
83626,83630,83631,1,4
83626,83631,83632,1,5
83626,83630,83631,1,4
83626,83631,83632,1,5
83626,83631,83632,1,5
83626,83630,83631,1,4
83626,83631,83632,1,5
83626,83631,83632,1,5
83626,83631,83632,1,5
83626,83631,83632,1,5
83626,83631,83632,1,5
83626,83631,83632,1,5
83626,83632,83633,1,6
83626,83632,83633,1,6
83626,83632,83633,1,6
83626,83632,83633,1,6
83626,83632,83633,1,6
83638,83638,83639,1,0
83638,83638,83639,1,0
83638,83638,83639,1,0
83638,83638,83639,1,0
83638,83638,83639,1,0
83638,83638,83639,1,0
83638,83638,83639,1,0
83638,83638,83639,1,0
83638,83638,83639,1,0
83638,83638,83639,1,0
83638,83638,83639,1,0
83638,83638,83639,1,0
83638,83638,83639,1,0
83638,83638,83639,1,0
83638,83638,83640,2,0
83638,83638,83639,1,0
83638,83638,83640,2,0
83638,83638,83640,2,0
83638,83638,83640,2,0
83638,83638,83640,2,0
83638,83638,83639,1,0
83638,83639,83640,1,1
83638,83639,83641,2,1
83638,83639,83641,2,1
83638,83639,83640,1,1
82911,82911,83641,730,0
83638,83639,83641,2,1
83638,83639,83641,2,1
83638,83639,83640,1,1
83638,83639,83640,1,1
83638,83639,83640,1,1
83638,83639,83640,1,1
83638,83639,83640,1,1
83638,83640,83641,1,2
83638,83640,83641,1,2
83638,83640,83641,1,2
83638,83639,83641,2,1
83638,83640,83641,1,2
83638,83641,83642,1,3
83638,83640,83642,2,2
83638,83640,83641,1,2
83638,83640,83642,2,2
83638,83641,83642,1,3
83638,83640,83641,1,2
83638,83640,83641,1,2
83638,83641,83642,1,3
83638,83641,83642,1,3
83638,83641,83642,1,3
83638,83641,83642,1,3
83638,83641,83642,1,3
83638,83641,83642,1,3
83638,83641,83642,1,3
83638,83642,83643,1,4
83638,83642,83643,1,4
83638,83642,83643,1,4
83638,83642,83643,1,4
83638,83641,83643,2,3
83638,83641,83643,2,3
83638,83641,83642,1,3
83638,83641,83643,2,3
83638,83642,83643,1,4
83638,83641,83643,2,3
83638,83642,83643,1,4
83638,83641,83643,2,3
83638,83642,83643,1,4
83638,83642,83643,1,4
83638,83642,83643,1,4
83638,83642,83644,2,4
83638,83643,83644,1,5
83638,83643,83644,1,5
83638,83643,83644,1,5
83638,83643,83644,1,5
83638,83643,83644,1,5
83638,83643,83644,1,5
83638,83643,83644,1,5
83638,83643,83644,1,5
83638,83643,83644,1,5
83638,83643,83644,1,5
83638,83643,83644,1,5
83638,83644,83645,1,6
83638,83644,83645,1,6
83638,83644,83645,1,6
83638,83644,83645,1,6
83638,83644,83645,1,6
83638,83644,83645,1,6
82921,82922,83652,730,1
83172,83180,83657,477,8
83658,83658,83659,1,0
83658,83658,83659,1,0
83658,83658,83659,1,0
83658,83658,83659,1,0
83658,83658,83659,1,0
83658,83658,83659,1,0
83658,83658,83659,1,0
83658,83658,83659,1,0
83658,83658,83659,1,0
83658,83658,83659,1,0
83658,83658,83659,1,0
83658,83658,83659,1,0
83658,83658,83659,1,0
83658,83658,83660,2,0
83658,83658,83659,1,0
83658,83658,83659,1,0
83658,83658,83660,2,0
83658,83658,83659,1,0
83658,83659,83660,1,1
83658,83658,83660,2,0
83658,83658,83660,2,0
83658,83658,83660,2,0
83658,83658,83660,2,0
83658,83660,83661,1,2
83658,83659,83660,1,1
83658,83660,83661,1,2
83658,83660,83661,1,2
83658,83658,83660,2,0
83658,83658,83660,2,0
83658,83660,83661,1,2
83658,83660,83661,1,2
83658,83659,83661,2,1
83658,83659,83661,2,1
83658,83660,83661,1,2
83658,83659,83660,1,1
83658,83659,83661,2,1
83658,83659,83661,2,1
83658,83659,83660,1,1
83658,83659,83660,1,1
83658,83661,83662,1,3
83658,83660,83661,1,2
83658,83660,83661,1,2
83658,83661,83662,1,3
83658,83660,83662,2,2
83658,83661,83662,1,3
83658,83661,83662,1,3
83658,83660,83662,2,2
83658,83662,83663,1,4
83658,83662,83663,1,4
83658,83660,83662,2,2
83658,83661,83662,1,3
83658,83662,83663,1,4
83658,83661,83662,1,3
83658,83662,83663,1,4
83658,83662,83663,1,4
83658,83662,83663,1,4
83658,83661,83663,2,3
83658,83662,83663,1,4
83658,83663,83664,1,5
83658,83662,83663,1,4
83658,83663,83664,1,5
83658,83663,83664,1,5
83658,83663,83664,1,5
83658,83663,83664,1,5
83658,83662,83664,2,4
83659,83664,83665,1,5
83659,83664,83665,1,5
83659,83664,83665,1,5
83659,83664,83665,1,5
83659,83664,83665,1,5
83659,83664,83665,1,5
83659,83665,83666,1,6
83658,83664,83665,1,6
83659,83664,83665,1,5
83659,83664,83665,1,5
83659,83664,83665,1,5
83659,83664,83665,1,5
83659,83664,83665,1,5
83659,83664,83666,2,5
83659,83666,83667,1,7
83659,83665,83667,2,6
83659,83665,83667,2,6
83659,83665,83667,2,6
83659,83665,83667,2,6
83659,83665,83667,2,6
83659,83666,83667,1,7
83659,83665,83667,2,6
83659,83665,83667,2,6
83659,83665,83667,2,6
83659,83665,83667,2,6
83659,83665,83667,2,6
83659,83665,83667,2,6
83659,83666,83667,1,7
83659,83665,83667,2,6
83659,83665,83667,2,6
83659,83666,83667,1,7
83659,83665,83667,2,6
83659,83666,83667,1,7
83659,83666,83668,2,7
83659,83665,83667,2,6
83659,83666,83668,2,7
83659,83666,83668,2,7
83659,83667,83668,1,8
83659,83668,83669,1,9
83659,83667,83668,1,8
83659,83667,83668,1,8
83659,83667,83668,1,8
83659,83667,83669,2,8
83659,83667,83668,1,8
83659,83667,83668,1,8
83659,83667,83668,1,8
83659,83668,83669,1,9
83659,83668,83669,1,9
83659,83668,83669,1,9
83659,83667,83669,2,8
83659,83667,83669,2,8
83659,83667,83669,2,8
83659,83668,83669,1,9
83659,83667,83668,1,8
83659,83667,83669,2,8
83659,83668,83669,1,9
83659,83668,83669,1,9
83659,83667,83669,2,8
83659,83668,83669,1,9
83659,83668,83669,1,9
83659,83669,83670,1,10
83659,83669,83670,1,10
83659,83669,83670,1,10
83659,83668,83669,1,9
83659,83669,83670,1,10
83659,83669,83670,1,10
83659,83669,83670,1,10
83659,83669,83670,1,10
83659,83669,83670,1,10
83659,83669,83670,1,10
83659,83669,83670,1,10
83659,83669,83670,1,10
83659,83669,83670,1,10
83659,83669,83670,1,10
83659,83669,83670,1,10
83659,83669,83670,1,10
83659,83669,83670,1,10
83659,83669,83670,1,10
83659,83669,83670,1,10
83659,83670,83671,1,11
83659,83670,83671,1,11
83659,83670,83671,1,11
83659,83670,83671,1,11
83659,83670,83671,1,11
83659,83670,83671,1,11
83659,83670,83671,1,11
83659,83670,83671,1,11
83659,83670,83671,1,11
83659,83670,83671,1,11
83659,83670,83671,1,11
83659,83670,83671,1,11
83659,83670,83671,1,11
83659,83670,83671,1,11
83659,83670,83671,1,11
83659,83670,83672,2,11
83700,83700,83701,1,0
83700,83700,83701,1,0
83700,83700,83701,1,0
83700,83700,83701,1,0
83700,83700,83701,1,0
83700,83700,83701,1,0
83700,83700,83701,1,0
83700,83700,83702,2,0
83700,83700,83702,2,0
83700,83701,83702,1,1
83700,83701,83702,1,1
83700,83701,83702,1,1
83700,83701,83702,1,1
83700,83700,83701,1,0
83700,83700,83701,1,0
83700,83700,83701,1,0
83700,83701,83702,1,1
83700,83702,83703,1,2
83700,83701,83703,2,1
83700,83701,83702,1,1
83700,83701,83702,1,1
83700,83702,83703,1,2
83700,83701,83702,1,1
83700,83701,83702,1,1
83700,83702,83703,1,2
83700,83701,83702,1,1
83700,83702,83703,1,2
83700,83702,83703,1,2
83700,83702,83703,1,2
83700,83701,83702,1,1
83700,83701,83702,1,1
83700,83702,83703,1,2
83700,83700,83703,3,0
83700,83702,83704,2,2
83700,83703,83704,1,3
83700,83703,83704,1,3
83700,83703,83704,1,3
83700,83703,83704,1,3
83700,83703,83704,1,3
83700,83703,83704,1,3
83700,83703,83704,1,3
83700,83703,83704,1,3
83700,83703,83704,1,3
83700,83703,83704,1,3
83700,83703,83704,1,3
83700,83702,83703,1,2
83700,83702,83703,1,2
83700,83702,83703,1,2
83700,83703,83704,1,3
83700,83702,83703,1,2
83700,83702,83703,1,2
83700,83703,83704,1,3
83700,83703,83704,1,3
83700,83700,83704,4,0
83700,83704,83705,1,4
83700,83704,83705,1,4
83700,83703,83704,1,3
83700,83703,83705,2,3
83700,83704,83705,1,4
83700,83704,83705,1,4
83700,83704,83705,1,4
83700,83704,83705,1,4
83700,83704,83705,1,4
83700,83704,83705,1,4
83700,83704,83705,1,4
83700,83704,83705,1,4
83700,83704,83705,1,4
83700,83704,83705,1,4
83700,83704,83705,1,4
83700,83704,83705,1,4
83700,83704,83705,1,4
83700,83704,83705,1,4
83700,83705,83706,1,5
83700,83705,83706,1,5
83700,83705,83706,1,5
83700,83705,83706,1,5
83700,83705,83706,1,5
83700,83705,83706,1,5
83700,83705,83706,1,5
83700,83705,83706,1,5
83700,83705,83706,1,5
83700,83705,83706,1,5
83700,83704,83706,2,4
83290,83299,83773,474,9
83775,83775,83776,1,0
83775,83775,83776,1,0
83775,83775,83776,1,0
83775,83775,83776,1,0
83775,83775,83776,1,0
83775,83775,83776,1,0
83775,83775,83776,1,0
83775,83775,83776,1,0
83775,83775,83776,1,0
83775,83775,83777,2,0
83775,83775,83776,1,0
83775,83775,83776,1,0
83775,83776,83777,1,1
83775,83776,83777,1,1
83775,83775,83777,2,0
83775,83775,83777,2,0
83775,83775,83777,2,0
83775,83775,83777,2,0
83775,83775,83777,2,0
83775,83775,83777,2,0
83775,83775,83777,2,0
83775,83776,83778,2,1
83775,83775,83777,2,0
83775,83776,83778,2,1
83775,83776,83777,1,1
83775,83776,83777,1,1
83775,83776,83777,1,1
83775,83777,83778,1,2
83775,83777,83778,1,2
83775,83777,83778,1,2
83775,83776,83777,1,1
83775,83776,83777,1,1
83775,83776,83777,1,1
83775,83777,83778,1,2
83775,83775,83777,2,0
83775,83776,83777,1,1
83775,83776,83778,2,1
83775,83777,83778,1,2
83775,83777,83779,2,2
83775,83778,83779,1,3
83775,83778,83779,1,3
83775,83778,83779,1,3
83775,83778,83779,1,3
83775,83778,83779,1,3
83775,83778,83779,1,3
83775,83778,83779,1,3
83775,83778,83779,1,3
83775,83778,83779,1,3
83775,83778,83779,1,3
83775,83777,83778,1,2
83775,83777,83778,1,2
83775,83778,83779,1,3
83775,83778,83779,1,3
83775,83777,83778,1,2
83775,83777,83778,1,2
83775,83777,83778,1,2
83775,83778,83779,1,3
83775,83778,83779,1,3
83775,83778,83779,1,3
83775,83778,83779,1,3
83775,83779,83780,1,4
83775,83779,83780,1,4
83775,83778,83779,1,3
83775,83778,83779,1,3
83775,83779,83780,1,4
83775,83779,83780,1,4
83775,83779,83780,1,4
83775,83779,83780,1,4
83775,83779,83780,1,4
83775,83779,83780,1,4
83775,83779,83780,1,4
83775,83779,83780,1,4
83775,83779,83780,1,4
83775,83779,83780,1,4
83775,83779,83780,1,4
83775,83779,83780,1,4
83775,83779,83780,1,4
83775,83779,83780,1,4
83775,83779,83780,1,4
83775,83779,83780,1,4
83775,83779,83780,1,4
83775,83779,83780,1,4
83775,83780,83781,1,5
83775,83780,83781,1,5
83775,83780,83781,1,5
83775,83780,83781,1,5
83775,83780,83781,1,5
83775,83780,83781,1,5
83775,83780,83781,1,5
83775,83780,83781,1,5
83775,83780,83781,1,5
83775,83780,83781,1,5
83775,83780,83781,1,5
83775,83780,83781,1,5
83775,83780,83781,1,5
83775,83780,83781,1,5
83088,83104,83819,715,16
83821,83821,83822,1,0
83821,83821,83822,1,0
83821,83821,83822,1,0
83821,83821,83822,1,0
83821,83821,83822,1,0
83821,83821,83822,1,0
83821,83821,83822,1,0
83821,83821,83822,1,0
83821,83821,83822,1,0
83821,83821,83822,1,0
83821,83821,83822,1,0
83821,83821,83822,1,0
83821,83821,83823,2,0
83821,83821,83823,2,0
83821,83821,83823,2,0
83821,83821,83823,2,0
83821,83821,83823,2,0
83821,83821,83823,2,0
83821,83822,83823,1,1
83821,83821,83823,2,0
83821,83822,83823,1,1
83821,83822,83823,1,1
83821,83821,83823,2,0
83821,83821,83823,2,0
83821,83822,83823,1,1
83821,83822,83823,1,1
83821,83821,83823,2,0
83821,83821,83823,2,0
83821,83822,83823,1,1
83821,83821,83824,3,0
83821,83821,83824,3,0
83821,83823,83824,1,2
83821,83823,83824,1,2
83821,83823,83824,1,2
83821,83823,83824,1,2
83821,83822,83824,2,1
83821,83822,83824,2,1
83821,83822,83824,2,1
83821,83822,83824,2,1
83821,83822,83824,2,1
83821,83822,83824,2,1
83821,83823,83825,2,2
83821,83821,83825,4,0
83821,83824,83825,1,3
83821,83824,83825,1,3
83821,83824,83825,1,3
83821,83824,83825,1,3
83821,83824,83825,1,3
83821,83824,83825,1,3
83821,83824,83825,1,3
83821,83824,83825,1,3
83821,83824,83825,1,3
83821,83824,83825,1,3
83821,83824,83825,1,3
83821,83824,83825,1,3
83821,83824,83825,1,3
83821,83824,83826,2,3
83821,83826,83827,1,5
83821,83826,83827,1,5
83821,83826,83827,1,5
83821,83826,83827,1,5
83821,83826,83827,1,5
83821,83826,83827,1,5
83821,83826,83827,1,5
83821,83826,83827,1,5
83821,83826,83827,1,5
83821,83826,83827,1,5
83821,83825,83828,3,4
83090,83104,83829,725,14
83847,83847,83848,1,0
83847,83847,83848,1,0
83847,83847,83848,1,0
83847,83847,83848,1,0
83847,83847,83848,1,0
83847,83847,83848,1,0
83847,83847,83848,1,0
83847,83847,83848,1,0
83847,83847,83848,1,0
83847,83847,83848,1,0
83847,83847,83848,1,0
83847,83847,83848,1,0
83847,83847,83849,2,0
83847,83847,83848,1,0
83847,83847,83848,1,0
83847,83847,83849,2,0
83847,83847,83848,1,0
83847,83847,83848,1,0
83847,83847,83848,1,0
83847,83848,83849,1,1
83847,83848,83849,1,1
83847,83848,83849,1,1
83847,83848,83849,1,1
83847,83847,83849,2,0
83847,83847,83849,2,0
83847,83848,83849,1,1
83847,83847,83849,2,0
83847,83847,83849,2,0
83847,83848,83849,1,1
83847,83848,83849,1,1
83847,83848,83849,1,1
83847,83848,83849,1,1
83847,83848,83849,1,1
83847,83847,83849,2,0
83847,83847,83849,2,0
83847,83847,83848,1,0
83847,83848,83849,1,1
83847,83847,83849,2,0
83847,83849,83850,1,2
83847,83849,83850,1,2
83847,83849,83850,1,2
83847,83849,83850,1,2
83847,83848,83849,1,1
83847,83849,83850,1,2
83847,83849,83850,1,2
83847,83849,83850,1,2
83847,83849,83850,1,2
83847,83849,83851,2,2
83847,83849,83850,1,2
83847,83849,83851,2,2
83847,83849,83851,2,2
83847,83849,83851,2,2
83847,83849,83851,2,2
83847,83849,83851,2,2
83847,83849,83850,1,2
83847,83849,83851,2,2
83847,83849,83851,2,2
83847,83849,83851,2,2
83847,83849,83850,1,2
83847,83849,83851,2,2
83847,83850,83851,1,3
83847,83850,83851,1,3
83847,83849,83851,2,2
83847,83850,83851,1,3
83847,83850,83851,1,3
83847,83849,83851,2,2
83847,83849,83850,1,2
83847,83850,83851,1,3
83847,83849,83851,2,2
83847,83850,83851,1,3
83847,83851,83852,1,4
83847,83851,83852,1,4
83847,83851,83852,1,4
83847,83851,83852,1,4
83847,83851,83852,1,4
83847,83851,83852,1,4
83847,83851,83852,1,4
83847,83851,83852,1,4
83847,83851,83852,1,4
83847,83851,83852,1,4
83847,83851,83852,1,4
83847,83851,83852,1,4
83847,83851,83852,1,4
83847,83851,83852,1,4
83847,83851,83852,1,4
83847,83851,83852,1,4
83847,83851,83852,1,4
83847,83850,83852,2,3
83847,83851,83852,1,4
83847,83852,83853,1,5
83124,83133,83857,724,9
83873,83873,83874,1,0
83873,83873,83874,1,0
83873,83873,83874,1,0
83873,83873,83874,1,0
83873,83873,83874,1,0
83873,83873,83874,1,0
83873,83873,83874,1,0
83873,83873,83874,1,0
83873,83873,83874,1,0
83873,83873,83874,1,0
83873,83873,83874,1,0
83873,83873,83874,1,0
83873,83873,83874,1,0
83873,83873,83875,2,0
83873,83873,83875,2,0
83873,83873,83875,2,0
83873,83873,83875,2,0
83873,83873,83875,2,0
83873,83873,83875,2,0
83873,83873,83875,2,0
83873,83874,83875,1,1
83873,83874,83875,1,1
83873,83873,83875,2,0
83873,83873,83875,2,0
83873,83874,83875,1,1
83873,83874,83875,1,1
83873,83874,83875,1,1
83873,83874,83875,1,1
83873,83874,83875,1,1
83873,83873,83875,2,0
83873,83873,83875,2,0
83873,83873,83875,2,0
83873,83874,83875,1,1
83873,83873,83875,2,0
83873,83873,83876,3,0
83873,83873,83876,3,0
83873,83874,83876,2,1
83873,83874,83876,2,1
83873,83874,83876,2,1
83873,83874,83876,2,1
83873,83875,83877,2,2
83873,83875,83877,2,2
83873,83876,83877,1,3
83873,83875,83877,2,2
83873,83875,83877,2,2
83873,83876,83877,1,3
83873,83876,83877,1,3
83873,83876,83877,1,3
83873,83875,83877,2,2
83873,83876,83877,1,3
83873,83876,83877,1,3
83873,83876,83877,1,3
83873,83876,83877,1,3
83873,83876,83877,1,3
83873,83877,83878,1,4
83873,83875,83877,2,2
83873,83877,83878,1,4
83873,83877,83878,1,4
83873,83878,83879,1,5
83873,83878,83879,1,5
83873,83878,83879,1,5
83258,83265,83972,707,7
83973,83973,83974,1,0
83973,83973,83974,1,0
83973,83973,83974,1,0
83973,83973,83974,1,0
83973,83973,83974,1,0
83973,83973,83974,1,0
83973,83973,83974,1,0
83973,83973,83974,1,0
83973,83973,83974,1,0
83973,83973,83974,1,0
83973,83973,83974,1,0
83973,83973,83974,1,0
83973,83973,83974,1,0
83973,83973,83975,2,0
83973,83973,83975,2,0
83973,83973,83974,1,0
83973,83973,83975,2,0
83973,83973,83975,2,0
83973,83973,83975,2,0
83973,83973,83975,2,0
83973,83973,83975,2,0
83973,83974,83975,1,1
83973,83973,83975,2,0
83973,83973,83975,2,0
83973,83973,83976,3,0
83973,83974,83976,2,1
83973,83974,83976,2,1
83973,83974,83976,2,1
83973,83974,83976,2,1
83973,83974,83976,2,1
83973,83974,83976,2,1
83973,83975,83976,1,2
83973,83973,83975,2,0
83973,83974,83976,2,1
83973,83974,83976,2,1
83973,83975,83976,1,2
83973,83974,83976,2,1
83973,83974,83976,2,1
83973,83975,83976,1,2
83973,83973,83976,3,0
83973,83974,83976,2,1
83973,83974,83976,2,1
83973,83975,83977,2,2
83973,83973,83976,3,0
83973,83974,83976,2,1
83973,83974,83976,2,1
83973,83976,83977,1,3
83973,83975,83977,2,2
83973,83975,83977,2,2
83973,83975,83976,1,2
83973,83975,83977,2,2
83973,83975,83977,2,2
83973,83977,83978,1,4
83973,83976,83977,1,3
83973,83977,83978,1,4
83973,83977,83978,1,4
83973,83978,83979,1,5
83973,83978,83979,1,5
83973,83978,83979,1,5
83973,83978,83979,1,5
83511,83518,84011,493,7
84012,84013,84014,1,1
84012,84013,84014,1,1
84012,84013,84014,1,1
84012,84013,84014,1,1
84012,84013,84014,1,1
84012,84013,84014,1,1
84012,84013,84014,1,1
84012,84013,84014,1,1
84012,84013,84014,1,1
84012,84013,84014,1,1
84012,84013,84014,1,1
84012,84013,84014,1,1
84012,84013,84014,1,1
84012,84013,84014,1,1
84012,84013,84014,1,1
84012,84013,84014,1,1
84012,84013,84014,1,1
84012,84013,84014,1,1
84012,84013,84014,1,1
84012,84014,84015,1,2
84012,84014,84015,1,2
84012,84014,84015,1,2
84012,84014,84015,1,2
84012,84013,84014,1,1
84012,84013,84014,1,1
84012,84014,84015,1,2
84012,84014,84015,1,2
84012,84015,84016,1,3
84012,84014,84015,1,2
84012,84014,84015,1,2
84012,84015,84016,1,3
84012,84015,84016,1,3
84012,84014,84015,1,2
84012,84015,84016,1,3
84012,84015,84016,1,3
84012,84014,84015,1,2
84012,84014,84015,1,2
84012,84014,84015,1,2
84012,84015,84016,1,3
84012,84015,84016,1,3
84012,84015,84016,1,3
84012,84014,84015,1,2
84012,84014,84015,1,2
84012,84015,84016,1,3
84012,84015,84016,1,3
84012,84015,84016,1,3
84012,84015,84016,1,3
84012,84015,84016,1,3
84012,84015,84016,1,3
84012,84015,84016,1,3
84012,84015,84016,1,3
84012,84015,84016,1,3
84012,84015,84016,1,3
84012,84016,84017,1,4
84012,84016,84017,1,4
84012,84016,84017,1,4
84012,84016,84017,1,4
84012,84016,84017,1,4
84012,84016,84017,1,4
84012,84016,84017,1,4
84012,84016,84017,1,4
84012,84016,84017,1,4
84012,84016,84017,1,4
84012,84016,84017,1,4
84012,84016,84017,1,4
84012,84016,84017,1,4
84012,84016,84017,1,4
84012,84016,84017,1,4
84012,84016,84017,1,4
84012,84016,84017,1,4
84012,84016,84017,1,4
84012,84016,84017,1,4
84012,84017,84018,1,5
84012,84017,84018,1,5
84012,84017,84018,1,5
84012,84017,84018,1,5
84012,84017,84018,1,5
84012,84017,84018,1,5
84012,84017,84018,1,5
84012,84016,84017,1,4
84012,84016,84017,1,4
84012,84017,84018,1,5
84012,84017,84018,1,5
84012,84017,84018,1,5
84012,84017,84018,1,5
84012,84017,84018,1,5
83543,83556,84029,473,13
84040,84040,84041,1,0
84040,84040,84041,1,0
84040,84040,84041,1,0
84040,84040,84042,2,0
84040,84040,84041,1,0
84040,84040,84041,1,0
84040,84040,84041,1,0
84040,84040,84041,1,0
84040,84040,84041,1,0
84040,84040,84041,1,0
84040,84040,84041,1,0
84040,84040,84041,1,0
84040,84040,84041,1,0
84040,84040,84041,1,0
84040,84040,84041,1,0
84040,84040,84041,1,0
84040,84040,84041,1,0
84040,84040,84041,1,0
84040,84040,84041,1,0
84040,84042,84043,1,2
84040,84041,84042,1,1
84040,84041,84042,1,1
84040,84041,84042,1,1
84040,84041,84042,1,1
84040,84041,84042,1,1
84040,84041,84042,1,1
84040,84042,84043,1,2
84040,84041,84042,1,1
84040,84041,84042,1,1
84040,84041,84042,1,1
84040,84041,84042,1,1
84040,84042,84043,1,2
84040,84041,84042,1,1
84040,84042,84043,1,2
84040,84042,84043,1,2
84040,84041,84043,2,1
84040,84041,84042,1,1
84040,84042,84043,1,2
84040,84041,84042,1,1
84040,84041,84042,1,1
84040,84042,84043,1,2
84040,84042,84043,1,2
84040,84042,84043,1,2
84040,84042,84043,1,2
84040,84042,84043,1,2
84040,84042,84043,1,2
84040,84043,84044,1,3
84040,84043,84044,1,3
84040,84043,84044,1,3
84040,84043,84044,1,3
84040,84043,84044,1,3
84040,84043,84044,1,3
84040,84043,84044,1,3
84040,84043,84044,1,3
84040,84043,84044,1,3
84040,84043,84044,1,3
84040,84043,84044,1,3
84040,84043,84044,1,3
84040,84043,84044,1,3
84040,84043,84044,1,3
84040,84042,84043,1,2
84040,84043,84044,1,3
84040,84043,84044,1,3
84040,84043,84044,1,3
84040,84043,84044,1,3
84040,84043,84044,1,3
84040,84043,84044,1,3
84040,84043,84044,1,3
84040,84044,84045,1,4
84040,84044,84045,1,4
84040,84044,84045,1,4
84040,84044,84045,1,4
84040,84044,84045,1,4
84040,84043,84044,1,3
84040,84044,84045,1,4
84040,84044,84045,1,4
84040,84044,84045,1,4
84040,84044,84045,1,4
83332,83340,84076,736,8
84077,84078,84079,1,1
84077,84078,84079,1,1
84077,84078,84079,1,1
84077,84078,84079,1,1
84077,84078,84079,1,1
84077,84078,84079,1,1
84077,84078,84079,1,1
84077,84078,84079,1,1
84077,84078,84079,1,1
84077,84078,84079,1,1
84077,84078,84079,1,1
84077,84078,84079,1,1
84077,84078,84079,1,1
84077,84078,84079,1,1
84077,84078,84079,1,1
84077,84078,84079,1,1
84077,84078,84080,2,1
84077,84078,84079,1,1
84077,84078,84080,2,1
84077,84079,84080,1,2
84077,84079,84080,1,2
84077,84079,84080,1,2
84077,84079,84080,1,2
84077,84079,84080,1,2
84077,84079,84080,1,2
84077,84080,84081,1,3
84077,84080,84081,1,3
84077,84079,84080,1,2
84077,84080,84081,1,3
84077,84080,84081,1,3
84077,84080,84081,1,3
84077,84079,84080,1,2
84077,84079,84080,1,2
84077,84079,84080,1,2
84077,84080,84081,1,3
84077,84079,84080,1,2
84077,84079,84080,1,2
84077,84080,84081,1,3
84077,84080,84081,1,3
84077,84079,84080,1,2
84077,84080,84081,1,3
84077,84080,84081,1,3
84077,84080,84081,1,3
84077,84080,84081,1,3
84077,84080,84081,1,3
84077,84080,84081,1,3
84077,84080,84081,1,3
84077,84081,84082,1,4
84077,84081,84082,1,4
84077,84080,84081,1,3
84077,84080,84081,1,3
84077,84081,84082,1,4
84077,84081,84082,1,4
84077,84081,84082,1,4
84077,84081,84082,1,4
84077,84081,84082,1,4
84077,84081,84082,1,4
84077,84081,84082,1,4
84077,84081,84082,1,4
84077,84081,84082,1,4
84077,84080,84081,1,3
84077,84081,84082,1,4
84077,84081,84082,1,4
84077,84081,84082,1,4
84077,84081,84082,1,4
84077,84081,84082,1,4
84077,84081,84082,1,4
84077,84081,84082,1,4
84077,84081,84082,1,4
84077,84081,84082,1,4
84077,84081,84082,1,4
84077,84081,84082,1,4
84077,84081,84082,1,4
84077,84082,84083,1,5
84077,84082,84083,1,5
84077,84082,84083,1,5
84077,84082,84083,1,5
84077,84082,84083,1,5
84077,84082,84083,1,5
84077,84082,84083,1,5
84077,84082,84083,1,5
83397,83407,84098,691,10
84103,84104,84105,1,1
84103,84104,84105,1,1
84103,84104,84105,1,1
84103,84104,84105,1,1
84103,84104,84105,1,1
84103,84104,84105,1,1
84103,84104,84105,1,1
84103,84104,84105,1,1
84103,84104,84105,1,1
84103,84105,84106,1,2
84103,84104,84105,1,1
84103,84104,84105,1,1
84103,84104,84105,1,1
84103,84104,84105,1,1
84103,84104,84105,1,1
84103,84104,84105,1,1
84103,84104,84105,1,1
84103,84104,84105,1,1
84103,84104,84105,1,1
84103,84105,84106,1,2
84103,84104,84105,1,1
84103,84104,84105,1,1
84103,84106,84107,1,3
84103,84105,84106,1,2
84103,84105,84106,1,2
84103,84105,84106,1,2
84103,84105,84106,1,2
84103,84105,84106,1,2
84103,84105,84106,1,2
84103,84106,84107,1,3
84103,84105,84106,1,2
84103,84106,84107,1,3
84103,84106,84107,1,3
84103,84105,84106,1,2
84103,84106,84107,1,3
84103,84106,84107,1,3
84103,84105,84106,1,2
84103,84106,84107,1,3
84103,84106,84107,1,3
84103,84105,84106,1,2
84103,84105,84106,1,2
84103,84106,84107,1,3
84103,84105,84106,1,2
84103,84106,84107,1,3
84103,84106,84107,1,3
84103,84106,84107,1,3
84103,84106,84107,1,3
84103,84106,84107,1,3
84103,84106,84107,1,3
84103,84106,84107,1,3
84103,84106,84107,1,3
84103,84107,84108,1,4
84103,84107,84108,1,4
84103,84107,84108,1,4
84103,84106,84107,1,3
84103,84107,84108,1,4
84103,84107,84108,1,4
84103,84107,84108,1,4
84103,84107,84108,1,4
84103,84107,84108,1,4
84103,84107,84108,1,4
84103,84107,84108,1,4
84103,84107,84108,1,4
84103,84107,84108,1,4
84103,84107,84108,1,4
84103,84107,84108,1,4
84103,84107,84108,1,4
84103,84107,84108,1,4
84103,84107,84108,1,4
84103,84106,84107,1,3
84103,84107,84108,1,4
84103,84107,84108,1,4
84103,84107,84108,1,4
84103,84107,84108,1,4
84103,84107,84108,1,4
84103,84107,84108,1,4
84103,84107,84108,1,4
84103,84108,84109,1,5
84103,84108,84109,1,5
84103,84108,84109,1,5
84103,84108,84109,1,5
84103,84108,84109,1,5
83391,83398,84147,749,7
84149,84149,84150,1,0
84149,84149,84150,1,0
84149,84149,84150,1,0
84149,84149,84150,1,0
84149,84149,84150,1,0
84149,84149,84150,1,0
84149,84149,84150,1,0
84149,84149,84150,1,0
84149,84149,84150,1,0
84149,84149,84150,1,0
84149,84149,84150,1,0
84149,84149,84150,1,0
84149,84149,84150,1,0
84149,84149,84150,1,0
84149,84149,84150,1,0
84149,84149,84150,1,0
84149,84149,84150,1,0
84149,84149,84150,1,0
84149,84149,84150,1,0
84149,84149,84150,1,0
84149,84149,84150,1,0
84149,84149,84150,1,0
84149,84149,84150,1,0
84149,84149,84150,1,0
84149,84149,84150,1,0
84149,84149,84150,1,0
84149,84149,84150,1,0
84149,84149,84150,1,0
84149,84149,84150,1,0
84149,84151,84152,1,2
84149,84151,84152,1,2
84149,84151,84152,1,2
84149,84150,84151,1,1
84149,84150,84151,1,1
84149,84150,84151,1,1
84149,84151,84152,1,2
84149,84150,84151,1,1
84149,84150,84151,1,1
84149,84150,84151,1,1
84149,84151,84152,1,2
84149,84150,84152,2,1
84149,84151,84152,1,2
84149,84151,84152,1,2
84149,84150,84151,1,1
84149,84150,84151,1,1
84149,84151,84152,1,2
84149,84151,84152,1,2
84149,84150,84152,2,1
84149,84150,84152,2,1
84149,84151,84152,1,2
84149,84151,84152,1,2
84149,84150,84152,2,1
84149,84150,84152,2,1
84149,84150,84151,1,1
84149,84151,84152,1,2
84149,84151,84152,1,2
84149,84151,84152,1,2
84149,84151,84152,1,2
84149,84151,84152,1,2
84149,84152,84153,1,3
84149,84152,84153,1,3
84149,84152,84153,1,3
84149,84152,84153,1,3
84149,84152,84153,1,3
84149,84152,84153,1,3
84149,84152,84153,1,3
84149,84152,84153,1,3
84149,84152,84153,1,3
84149,84152,84153,1,3
84149,84152,84153,1,3
84149,84151,84152,1,2
84149,84151,84152,1,2
84149,84152,84153,1,3
84149,84152,84153,1,3
84149,84152,84153,1,3
84149,84152,84153,1,3
84149,84152,84153,1,3
84149,84151,84152,1,2
84149,84151,84152,1,2
84149,84152,84153,1,3
84149,84152,84153,1,3
84149,84152,84153,1,3
84149,84152,84153,1,3
84149,84152,84153,1,3
84149,84152,84153,1,3
84149,84152,84153,1,3
84149,84152,84153,1,3
84149,84152,84153,1,3
84149,84152,84153,1,3
84149,84153,84154,1,4
84149,84153,84154,1,4
84149,84153,84154,1,4
84149,84153,84154,1,4
84149,84153,84154,1,4
84149,84153,84154,1,4
83450,83459,84200,741,9
84201,84201,84202,1,0
84201,84201,84202,1,0
84201,84201,84202,1,0
84201,84201,84202,1,0
84201,84201,84202,1,0
84201,84201,84202,1,0
84201,84201,84202,1,0
84201,84201,84202,1,0
84201,84201,84202,1,0
84201,84201,84202,1,0
84201,84201,84202,1,0
84201,84201,84202,1,0
84201,84201,84202,1,0
84201,84201,84202,1,0
84201,84201,84202,1,0
84201,84201,84202,1,0
84201,84201,84202,1,0
84201,84201,84202,1,0
84201,84201,84202,1,0
84201,84201,84202,1,0
84201,84201,84203,2,0
84201,84201,84202,1,0
84201,84202,84203,1,1
84201,84201,84202,1,0
84201,84202,84203,1,1
84201,84201,84202,1,0
84201,84201,84202,1,0
84201,84201,84202,1,0
84201,84201,84202,1,0
84201,84201,84202,1,0
84201,84201,84202,1,0
84201,84201,84202,1,0
84201,84201,84202,1,0
84201,84201,84203,2,0
84201,84201,84203,2,0
84201,84201,84203,2,0
84201,84201,84203,2,0
84201,84202,84203,1,1
84201,84202,84203,1,1
84201,84203,84204,1,2
84201,84203,84204,1,2
84201,84202,84203,1,1
84201,84203,84204,1,2
84201,84203,84204,1,2
84201,84203,84204,1,2
84201,84202,84203,1,1
84201,84202,84203,1,1
84201,84203,84204,1,2
84201,84203,84204,1,2
84201,84202,84204,2,1
84201,84202,84204,2,1
84201,84203,84204,1,2
84201,84203,84204,1,2
84201,84202,84204,2,1
84201,84203,84204,1,2
84201,84203,84204,1,2
84201,84203,84204,1,2
84201,84202,84203,1,1
84201,84203,84204,1,2
84201,84203,84204,1,2
84201,84203,84204,1,2
84201,84202,84204,2,1
84201,84202,84204,2,1
84201,84203,84204,1,2
84201,84203,84204,1,2
84201,84203,84204,1,2
84201,84203,84205,2,2
84201,84203,84205,2,2
84201,84203,84204,1,2
84201,84203,84205,2,2
84201,84203,84204,1,2
84201,84203,84204,1,2
84201,84204,84205,1,3
84201,84204,84205,1,3
84201,84205,84206,1,4
83541,83548,84246,698,7
84247,84247,84248,1,0
84247,84247,84248,1,0
84247,84247,84248,1,0
84247,84247,84248,1,0
84247,84247,84248,1,0
84247,84247,84248,1,0
84247,84247,84248,1,0
84247,84247,84248,1,0
84247,84247,84248,1,0
84247,84247,84248,1,0
84247,84247,84249,2,0
84247,84247,84248,1,0
84247,84247,84248,1,0
84247,84247,84249,2,0
84247,84247,84249,2,0
84247,84247,84248,1,0
84247,84247,84248,1,0
84247,84248,84249,1,1
84247,84247,84249,2,0
84247,84247,84248,1,0
84247,84247,84248,1,0
84247,84247,84248,1,0
84247,84247,84248,1,0
84247,84247,84248,1,0
84247,84247,84248,1,0
84247,84247,84248,1,0
84247,84248,84249,1,1
84247,84247,84248,1,0
84247,84247,84248,1,0
84247,84247,84249,2,0
84247,84247,84248,1,0
84247,84248,84249,1,1
84247,84249,84250,1,2
84247,84249,84250,1,2
84247,84249,84250,1,2
84247,84249,84250,1,2
84247,84248,84249,1,1
84247,84248,84249,1,1
84247,84248,84249,1,1
84247,84249,84250,1,2
84247,84248,84249,1,1
84247,84248,84249,1,1
84247,84249,84250,1,2
84247,84249,84250,1,2
84247,84248,84249,1,1
84247,84249,84250,1,2
84247,84249,84250,1,2
84247,84249,84250,1,2
84247,84248,84250,2,1
84247,84248,84249,1,1
84247,84249,84250,1,2
84247,84249,84250,1,2
84247,84248,84249,1,1
84247,84249,84250,1,2
84247,84249,84250,1,2
84247,84248,84249,1,1
84247,84249,84250,1,2
84247,84249,84250,1,2
84247,84249,84250,1,2
84247,84248,84249,1,1
84247,84249,84250,1,2
84247,84249,84250,1,2
84247,84249,84250,1,2
84247,84249,84250,1,2
84247,84249,84250,1,2
84247,84250,84251,1,3
84247,84250,84251,1,3
84247,84250,84251,1,3
84247,84250,84251,1,3
84247,84249,84250,1,2
84247,84250,84251,1,3
84247,84250,84251,1,3
84247,84250,84251,1,3
84247,84250,84251,1,3
84247,84250,84251,1,3
84247,84250,84251,1,3
84247,84250,84251,1,3
84247,84250,84251,1,3
84247,84250,84251,1,3
84247,84250,84251,1,3
84247,84250,84251,1,3
84247,84250,84251,1,3
84247,84250,84251,1,3
84247,84250,84251,1,3
84247,84250,84251,1,3
84247,84250,84251,1,3
84247,84250,84251,1,3
84247,84250,84251,1,3
84247,84250,84251,1,3
84247,84249,84250,1,2
84247,84249,84250,1,2
84247,84250,84251,1,3
84247,84250,84251,1,3
79341,79343,90040,10697,2
90038,90040,90042,2,2
122338,122338,122813,475,0
122815,122815,122816,1,0
122347,122347,122815,468,0
122815,122815,122816,1,0
122815,122815,122816,1,0
122815,122815,122816,1,0
122815,122815,122816,1,0
122815,122816,122817,1,1
122815,122815,122816,1,0
122815,122815,122816,1,0
122815,122815,122816,1,0
122815,122815,122816,1,0
122815,122815,122816,1,0
122815,122815,122817,2,0
122815,122815,122817,2,0
122815,122815,122817,2,0
122815,122817,122818,1,2
122815,122815,122817,2,0
122815,122816,122817,1,1
122815,122816,122817,1,1
122815,122816,122817,1,1
122815,122816,122817,1,1
122815,122816,122817,1,1
122815,122816,122817,1,1
122815,122815,122818,3,0
122344,122344,122818,474,0
122815,122815,122818,3,0
122815,122817,122819,2,2
122815,122817,122818,1,2
122815,122818,122820,2,3
122815,122818,122820,2,3
122815,122818,122819,1,3
122815,122818,122819,1,3
122815,122819,122820,1,4
122815,122817,122820,3,2
122815,122818,122820,2,3
122815,122818,122819,1,3
122815,122818,122819,1,3
122815,122817,122820,3,2
122815,122818,122820,2,3
122815,122818,122820,2,3
122815,122818,122820,2,3
122815,122818,122820,2,3
122815,122819,122821,2,4
122815,122820,122821,1,5
122815,122820,122821,1,5
122815,122817,122820,3,2
122815,122819,122821,2,4
122815,122819,122820,1,4
122815,122820,122821,1,5
122815,122819,122820,1,4
122815,122820,122821,1,5
122815,122820,122821,1,5
122815,122820,122821,1,5
122337,122337,122821,484,0
122815,122820,122822,2,5
122815,122820,122822,2,5
122815,122820,122821,1,5
122815,122820,122822,2,5
122815,122821,122822,1,6
122815,122821,122822,1,6
122815,122821,122822,1,6
122815,122820,122821,1,5
122815,122820,122821,1,5
122815,122820,122821,1,5
122815,122820,122821,1,5
122815,122821,122822,1,6
122815,122821,122822,1,6
122815,122822,122823,1,7
122815,122821,122822,1,6
122815,122821,122823,2,6
122815,122821,122822,1,6
122815,122821,122822,1,6
122815,122822,122823,1,7
122815,122822,122823,1,7
122815,122822,122823,1,7
122815,122822,122823,1,7
122815,122822,122823,1,7
122815,122822,122823,1,7
122815,122822,122823,1,7
122815,122822,122823,1,7
122815,122822,122823,1,7
122815,122822,122823,1,7
122815,122823,122824,1,8
122815,122822,122823,1,7
122815,122823,122824,1,8
122815,122823,122824,1,8
122815,122823,122824,1,8
122815,122823,122824,1,8
122815,122823,122824,1,8
122815,122823,122824,1,8
122817,122823,122824,1,6
122817,122824,122825,1,7
122815,122823,122824,1,8
122817,122824,122825,1,7
122350,122350,122824,474,0
122817,122824,122825,1,7
122817,122824,122825,1,7
122815,122823,122824,1,8
122815,122823,122824,1,8
122817,122824,122825,1,7
122815,122823,122824,1,8
122817,122824,122825,1,7
122817,122824,122825,1,7
122817,122824,122825,1,7
122817,122824,122825,1,7
122817,122824,122825,1,7
122342,122343,122825,482,1
122817,122824,122825,1,7
122817,122825,122826,1,8
122817,122825,122826,1,8
122817,122825,122826,1,8
122817,122826,122827,1,9
122817,122826,122827,1,9
122817,122825,122826,1,8
122817,122825,122827,2,8
122817,122825,122826,1,8
122817,122826,122827,1,9
122817,122826,122827,1,9
122817,122826,122827,1,9
122817,122826,122827,1,9
122817,122826,122827,1,9
122817,122826,122827,1,9
122817,122826,122827,1,9
122817,122826,122827,1,9
122817,122826,122827,1,9
122817,122826,122827,1,9
122817,122826,122827,1,9
122817,122826,122827,1,9
122817,122826,122827,1,9
122817,122827,122828,1,10
122817,122827,122828,1,10
122817,122826,122827,1,9
122817,122826,122827,1,9
122817,122827,122828,1,10
122817,122827,122828,1,10
122817,122827,122828,1,10
122817,122826,122828,2,9
122817,122827,122829,2,10
122817,122827,122828,1,10
122817,122828,122829,1,11
122817,122828,122829,1,11
122817,122828,122829,1,11
122817,122828,122829,1,11
122817,122828,122829,1,11
122817,122828,122829,1,11
122817,122828,122829,1,11
122359,122360,122829,469,1
122817,122829,122830,1,12
122817,122829,122830,1,12
122817,122829,122830,1,12
122817,122829,122830,1,12
122817,122829,122830,1,12
122817,122828,122829,1,11
122817,122829,122830,1,12
122817,122829,122830,1,12
122817,122829,122830,1,12
122817,122829,122830,1,12
122817,122830,122831,1,13
122817,122830,122831,1,13
122817,122830,122831,1,13
122817,122830,122831,1,13
122817,122830,122831,1,13
122817,122830,122831,1,13
122817,122830,122831,1,13
122817,122829,122830,1,12
122817,122829,122831,2,12
122817,122829,122831,2,12
122817,122830,122831,1,13
122817,122830,122831,1,13
122817,122830,122831,1,13
122819,122831,122832,1,12
122819,122831,122832,1,12
122819,122831,122832,1,12
122819,122831,122832,1,12
122819,122831,122832,1,12
122819,122831,122832,1,12
122819,122831,122832,1,12
122819,122831,122832,1,12
122819,122831,122833,2,12
122819,122831,122832,1,12
122819,122832,122833,1,13
122819,122832,122833,1,13
122819,122832,122833,1,13
122819,122832,122834,2,13
122819,122832,122833,1,13
122819,122832,122833,1,13
122819,122832,122833,1,13
122819,122832,122834,2,13
122819,122832,122834,2,13
122819,122831,122833,2,12
122819,122832,122834,2,13
122819,122832,122834,2,13
122819,122832,122834,2,13
122819,122832,122834,2,13
122819,122832,122834,2,13
122819,122834,122835,1,15
122819,122834,122835,1,15
122819,122832,122834,2,13
122819,122832,122834,2,13
122819,122834,122835,1,15
122349,122349,122834,485,0
122819,122833,122835,2,14
122819,122834,122835,1,15
122819,122833,122835,2,14
122819,122833,122835,2,14
122819,122834,122835,1,15
122819,122834,122835,1,15
122819,122834,122836,2,15
122819,122835,122836,1,16
122819,122835,122836,1,16
122819,122834,122835,1,15
122819,122834,122835,1,15
122819,122835,122836,1,16
122819,122835,122836,1,16
122819,122833,122835,2,14
122819,122834,122835,1,15
122354,122355,122836,481,1
122819,122835,122836,1,16
122819,122835,122836,1,16
122819,122835,122836,1,16
122819,122835,122836,1,16
122819,122834,122836,2,15
122819,122835,122836,1,16
122819,122835,122836,1,16
122819,122834,122836,2,15
122819,122835,122836,1,16
122819,122836,122837,1,17
122819,122836,122837,1,17
122819,122836,122837,1,17
122819,122836,122837,1,17
122819,122836,122837,1,17
122819,122836,122837,1,17
122819,122836,122837,1,17
122819,122836,122837,1,17
122819,122835,122837,2,16
122819,122835,122837,2,16
122819,122837,122838,1,18
122819,122837,122838,1,18
122819,122837,122838,1,18
122819,122836,122837,1,17
122819,122837,122838,1,18
122819,122837,122838,1,18
122819,122837,122838,1,18
122819,122837,122838,1,18
122819,122837,122838,1,18
122819,122837,122838,1,18
122823,122838,122839,1,15
122823,122838,122839,1,15
122819,122838,122839,1,19
122819,122838,122839,1,19
122819,122838,122839,1,19
122823,122839,122840,1,16
122823,122839,122840,1,16
122823,122839,122840,1,16
122823,122839,122840,1,16
122823,122838,122839,1,15
122823,122838,122839,1,15
122823,122838,122840,2,15
122823,122840,122841,1,17
122823,122840,122841,1,17
122823,122840,122841,1,17
122823,122839,122840,1,16
122823,122839,122840,1,16
122823,122839,122840,1,16
122823,122839,122841,2,16
122823,122840,122841,1,17
122823,122840,122841,1,17
122823,122840,122841,1,17
122823,122839,122840,1,16
122823,122839,122841,2,16
122823,122840,122841,1,17
122823,122840,122841,1,17
122823,122840,122841,1,17
122823,122841,122842,1,18
122823,122841,122842,1,18
122823,122841,122842,1,18
122823,122841,122842,1,18
122823,122840,122841,1,17
122823,122841,122842,1,18
122823,122841,122842,1,18
122823,122841,122842,1,18
122356,122356,122842,486,0
122823,122840,122841,1,17
122823,122840,122841,1,17
122823,122841,122842,1,18
122823,122841,122842,1,18
122823,122841,122842,1,18
122823,122842,122843,1,19
122823,122842,122843,1,19
122823,122842,122843,1,19
122823,122841,122843,2,18
122823,122841,122842,1,18
122823,122841,122842,1,18
122823,122841,122842,1,18
122823,122842,122843,1,19
122823,122842,122843,1,19
122823,122842,122843,1,19
122823,122842,122843,1,19
122823,122842,122843,1,19
122823,122842,122843,1,19
122823,122842,122843,1,19
122823,122842,122843,1,19
122823,122843,122844,1,20
122823,122843,122844,1,20
122823,122843,122844,1,20
122823,122843,122844,1,20
122823,122843,122844,1,20
122823,122843,122844,1,20
122823,122843,122844,1,20
122823,122843,122844,1,20
122823,122843,122844,1,20
122823,122843,122844,1,20
122823,122843,122844,1,20
122823,122843,122844,1,20
122823,122843,122844,1,20
122823,122843,122844,1,20
122823,122843,122844,1,20
122823,122843,122844,1,20
122823,122843,122844,1,20
122823,122844,122845,1,21
122823,122843,122844,1,20
122823,122844,122845,1,21
122823,122844,122845,1,21
122823,122843,122844,1,20
122823,122844,122845,1,21
122823,122844,122845,1,21
122823,122844,122845,1,21
122823,122844,122845,1,21
122823,122844,122845,1,21
122823,122844,122845,1,21
122823,122844,122845,1,21
122825,122844,122845,1,19
122825,122844,122845,1,19
122823,122844,122845,1,21
122825,122844,122845,1,19
122825,122844,122845,1,19
122825,122845,122846,1,20
122825,122845,122846,1,20
122823,122844,122845,1,21
122823,122844,122846,2,21
122825,122845,122846,1,20
122825,122845,122846,1,20
122825,122845,122846,1,20
122825,122845,122846,1,20
122825,122845,122846,1,20
122825,122845,122847,2,20
122825,122845,122846,1,20
122825,122845,122847,2,20
122825,122845,122847,2,20
122825,122845,122847,2,20
122825,122845,122847,2,20
122825,122845,122847,2,20
122825,122845,122847,2,20
122825,122845,122847,2,20
122825,122845,122847,2,20
122825,122845,122846,1,20
122825,122846,122848,2,21
122825,122846,122847,1,21
122825,122846,122848,2,21
122825,122846,122848,2,21
122825,122846,122848,2,21
122825,122846,122848,2,21
122825,122846,122848,2,21
122825,122846,122848,2,21
122825,122847,122848,1,22
122825,122847,122848,1,22
122825,122847,122848,1,22
122825,122847,122848,1,22
122825,122848,122849,1,23
122825,122848,122849,1,23
122825,122846,122848,2,21
122825,122848,122849,1,23
122825,122848,122849,1,23
122825,122847,122849,2,22
122825,122847,122849,2,22
122825,122847,122848,1,22
122825,122848,122849,1,23
122825,122847,122849,2,22
122825,122847,122849,2,22
122825,122847,122849,2,22
122825,122848,122849,1,23
122825,122848,122849,1,23
122825,122848,122849,1,23
122825,122849,122850,1,24
122825,122847,122850,3,22
122825,122849,122850,1,24
122825,122849,122850,1,24
122825,122849,122850,1,24
122825,122849,122850,1,24
122825,122849,122850,1,24
122825,122849,122850,1,24
122825,122849,122850,1,24
122825,122850,122851,1,25
122825,122850,122851,1,25
122825,122850,122851,1,25
122825,122849,122851,2,24
122825,122850,122851,1,25
122825,122851,122852,1,26
122825,122851,122852,1,26
122825,122850,122852,2,25
122878,122878,122879,1,0
122878,122878,122879,1,0
122878,122878,122879,1,0
122878,122878,122879,1,0
122878,122878,122879,1,0
122878,122878,122879,1,0
122878,122878,122879,1,0
122878,122878,122879,1,0
122878,122878,122879,1,0
122878,122878,122879,1,0
122878,122878,122879,1,0
122878,122878,122879,1,0
122878,122878,122879,1,0
122878,122878,122879,1,0
122878,122878,122880,2,0
122878,122878,122879,1,0
122878,122878,122879,1,0
122878,122878,122880,2,0
122878,122878,122880,2,0
122878,122878,122881,3,0
122878,122879,122881,2,1
122878,122879,122881,2,1
122878,122879,122881,2,1
122878,122879,122881,2,1
122878,122879,122880,1,1
122878,122879,122881,2,1
122878,122879,122881,2,1
122878,122880,122882,2,2
122878,122880,122881,1,2
122878,122880,122882,2,2
122878,122880,122881,1,2
122878,122881,122882,1,3
122878,122881,122882,1,3
122878,122881,122882,1,3
122878,122881,122882,1,3
122878,122881,122882,1,3
122878,122881,122882,1,3
122878,122880,122882,2,2
122878,122880,122882,2,2
122878,122882,122883,1,4
122878,122882,122883,1,4
122878,122882,122883,1,4
122878,122881,122883,2,3
122878,122881,122882,1,3
122878,122881,122882,1,3
122878,122882,122883,1,4
122878,122882,122883,1,4
122878,122882,122883,1,4
122878,122882,122883,1,4
122878,122882,122883,1,4
122878,122882,122883,1,4
122878,122882,122883,1,4
122878,122881,122884,3,3
122878,122883,122884,1,5
122878,122883,122884,1,5
122878,122883,122884,1,5
122878,122883,122884,1,5
122878,122883,122884,1,5
122878,122883,122884,1,5
122878,122883,122884,1,5
122878,122883,122884,1,5
122878,122883,122884,1,5
122878,122883,122884,1,5
122878,122883,122884,1,5
122878,122883,122884,1,5
122878,122884,122885,1,6
122878,122884,122885,1,6
122878,122884,122885,1,6
122878,122884,122885,1,6
122878,122884,122885,1,6
122878,122884,122885,1,6
122878,122884,122885,1,6
122878,122884,122885,1,6
122878,122884,122885,1,6
122878,122884,122885,1,6
122878,122884,122885,1,6
122878,122880,122886,6,2
122878,122884,122886,2,6
122878,122885,122886,1,7
122878,122885,122886,1,7
122878,122885,122886,1,7
122878,122885,122886,1,7
122878,122886,122887,1,8
122878,122886,122887,1,8
122878,122885,122886,1,7
122878,122886,122887,1,8
122878,122880,122888,8,2
122878,122887,122888,1,9
122878,122887,122888,1,9
122878,122887,122888,1,9
122878,122887,122888,1,9
122878,122887,122888,1,9
122878,122887,122888,1,9
122878,122887,122888,1,9
122878,122887,122889,2,9
122878,122887,122888,1,9
122878,122887,122888,1,9
122878,122887,122888,1,9
122878,122887,122888,1,9
122878,122887,122888,1,9
122878,122887,122888,1,9
122878,122887,122888,1,9
122878,122886,122889,3,8
122878,122888,122889,1,10
122878,122889,122890,1,11
122878,122889,122890,1,11
122878,122889,122890,1,11
122878,122889,122890,1,11
122878,122889,122890,1,11
122878,122889,122890,1,11
122878,122889,122890,1,11
122878,122887,122890,3,9
122878,122887,122890,3,9
122878,122889,122890,1,11
122878,122889,122890,1,11
122878,122889,122891,2,11
122878,122889,122891,2,11
122878,122889,122890,1,11
122878,122889,122890,1,11
122878,122889,122890,1,11
122878,122890,122891,1,12
122878,122890,122891,1,12
122878,122890,122891,1,12
122878,122891,122892,1,13
122878,122891,122892,1,13
122878,122891,122892,1,13
122878,122891,122892,1,13
122878,122891,122892,1,13
122878,122891,122892,1,13
122878,122891,122892,1,13
122878,122891,122892,1,13
122878,122891,122892,1,13
122878,122891,122892,1,13
122878,122891,122892,1,13
122878,122890,122892,2,12
122878,122891,122892,1,13
122878,122892,122893,1,14
122878,122892,122893,1,14
122878,122892,122893,1,14
122878,122892,122893,1,14
122878,122892,122893,1,14
122878,122892,122893,1,14
122878,122892,122893,1,14
122878,122892,122893,1,14
122878,122892,122893,1,14
122878,122892,122893,1,14
122878,122892,122893,1,14
122878,122892,122893,1,14
122878,122893,122894,1,15
122878,122893,122894,1,15
122878,122893,122894,1,15
122878,122889,122894,5,11
122878,122893,122894,1,15
122878,122893,122894,1,15
122878,122893,122894,1,15
122878,122893,122894,1,15
122878,122893,122894,1,15
122878,122893,122894,1,15
122878,122893,122894,1,15
122878,122893,122894,1,15
122878,122893,122894,1,15
122878,122893,122894,1,15
122878,122894,122895,1,16
122878,122894,122895,1,16
122878,122894,122895,1,16
122878,122894,122896,2,16
122878,122894,122896,2,16
122878,122894,122896,2,16
122878,122895,122896,1,17
122878,122895,122896,1,17
122878,122895,122896,1,17
122878,122895,122896,1,17
122878,122895,122896,1,17
122878,122895,122896,1,17
122878,122895,122896,1,17
122878,122895,122896,1,17
122878,122895,122896,1,17
122878,122895,122896,1,17
122878,122895,122896,1,17
122878,122895,122896,1,17
122878,122895,122896,1,17
122878,122892,122896,4,14
122878,122896,122897,1,18
122878,122897,122898,1,19
122878,122897,122898,1,19
122878,122897,122898,1,19
122878,122896,122898,2,18
122878,122896,122898,2,18
122878,122896,122898,2,18
122878,122888,122895,7,10
122878,122897,122898,1,19
122878,122897,122898,1,19
122878,122897,122898,1,19
122878,122898,122899,1,20
122878,122898,122899,1,20
122878,122898,122899,1,20
122878,122898,122899,1,20
122878,122898,122899,1,20
122878,122898,122899,1,20
122878,122899,122900,1,21
122878,122899,122900,1,21
122878,122898,122899,1,20
122878,122899,122900,1,21
122878,122899,122900,1,21
122878,122899,122900,1,21
122878,122894,122900,6,16
122878,122898,122900,2,20
122878,122900,122901,1,22
122878,122900,122901,1,22
122878,122900,122901,1,22
122878,122900,122901,1,22
122878,122898,122901,3,20
122879,122901,122902,1,22
122879,122901,122902,1,22
122879,122901,122902,1,22
122879,122901,122902,1,22
122878,122897,122902,5,19
122879,122901,122902,1,22
122879,122902,122903,1,23
122879,122902,122903,1,23
122879,122902,122903,1,23
122879,122902,122903,1,23
122879,122902,122903,1,23
122879,122902,122903,1,23
122879,122902,122903,1,23
122879,122902,122903,1,23
122879,122902,122903,1,23
122879,122902,122903,1,23
122879,122902,122903,1,23
122879,122902,122904,2,23
122879,122902,122904,2,23
122879,122902,122904,2,23
122879,122902,122904,2,23
122879,122902,122903,1,23
122879,122902,122903,1,23
122879,122902,122903,1,23
122879,122903,122904,1,24
122879,122903,122904,1,24
122879,122903,122904,1,24
122879,122903,122904,1,24
122878,122900,122904,4,22
122879,122903,122904,1,24
122879,122904,122905,1,25
122879,122903,122904,1,24
122879,122904,122905,1,25
122879,122904,122905,1,25
122879,122904,122905,1,25
122879,122904,122905,1,25
122879,122904,122905,1,25
122879,122904,122905,1,25
122879,122904,122905,1,25
122879,122904,122905,1,25
122879,122904,122905,1,25
122879,122904,122905,1,25
122879,122904,122906,2,25
122879,122905,122906,1,26
122879,122905,122906,1,26
122879,122905,122906,1,26
122879,122905,122906,1,26
122879,122905,122906,1,26
122879,122905,122906,1,26
122879,122905,122906,1,26
122879,122905,122906,1,26
122879,122905,122906,1,26
122879,122905,122906,1,26
122879,122905,122906,1,26
122879,122905,122906,1,26
122879,122905,122906,1,26
122879,122906,122907,1,27
122879,122906,122907,1,27
122879,122905,122907,2,26
122879,122906,122907,1,27
122879,122906,122907,1,27
122879,122906,122907,1,27
122879,122906,122907,1,27
122879,122906,122907,1,27
122879,122906,122907,1,27
122879,122906,122907,1,27
122879,122906,122907,1,27
122879,122906,122907,1,27
122879,122903,122907,4,24
122879,122907,122908,1,28
122879,122907,122908,1,28
122879,122907,122908,1,28
122885,122907,122908,1,22
122885,122907,122908,1,22
122885,122907,122908,1,22
122885,122907,122908,1,22
122885,122907,122908,1,22
122885,122907,122908,1,22
122885,122908,122909,1,23
122879,122904,122909,5,25
122885,122908,122909,1,23
122885,122908,122909,1,23
122879,122907,122910,3,28
122885,122908,122910,2,23
122879,122907,122909,2,28
122885,122908,122910,2,23
122885,122908,122910,2,23
122885,122908,122910,2,23
122885,122908,122910,2,23
122885,122908,122910,2,23
122885,122909,122910,1,24
122885,122909,122910,1,24
122885,122909,122910,1,24
122885,122909,122910,1,24
122885,122909,122910,1,24
122885,122909,122910,1,24
122885,122909,122910,1,24
122885,122909,122911,2,24
122885,122911,122912,1,26
122885,122911,122912,1,26
122885,122911,122912,1,26
122885,122911,122912,1,26
122885,122910,122911,1,25
122885,122910,122911,1,25
122885,122911,122912,1,26
122885,122910,122912,2,25
122885,122910,122912,2,25
122885,122910,122912,2,25
122885,122908,122912,4,23
122885,122910,122912,2,25
122885,122911,122912,1,26
122885,122911,122912,1,26
122885,122912,122913,1,27
122885,122912,122913,1,27
122885,122912,122913,1,27
122885,122912,122913,1,27
122885,122912,122913,1,27
122885,122912,122913,1,27
122885,122910,122912,2,25
122885,122910,122913,3,25
122885,122912,122913,1,27
122885,122912,122913,1,27
122885,122913,122914,1,28
122885,122914,122915,1,29
122885,122914,122915,1,29
122885,122914,122915,1,29
122885,122914,122915,1,29
122885,122914,122915,1,29
122885,122914,122915,1,29
122885,122914,122915,1,29
122885,122913,122914,1,28
122885,122914,122915,1,29
122885,122910,122915,5,25
122885,122914,122915,1,29
122885,122914,122915,1,29
122885,122913,122915,2,28
122885,122915,122916,1,30
122885,122915,122916,1,30
122885,122915,122916,1,30
122885,122913,122916,3,28
122885,122915,122916,1,30
122885,122915,122916,1,30
122885,122915,122916,1,30
122340,122340,123022,682,0
123024,123024,123025,1,0
123024,123024,123025,1,0
123024,123024,123025,1,0
123024,123024,123025,1,0
123024,123024,123025,1,0
123024,123024,123026,2,0
123024,123024,123025,1,0
123024,123025,123026,1,1
123024,123025,123026,1,1
123024,123025,123026,1,1
123024,123025,123026,1,1
123024,123025,123026,1,1
123024,123024,123025,1,0
123024,123025,123026,1,1
123024,123025,123026,1,1
123024,123025,123026,1,1
123024,123025,123026,1,1
123024,123025,123026,1,1
123024,123024,123025,1,0
123024,123024,123025,1,0
123024,123026,123027,1,2
123024,123026,123027,1,2
123024,123026,123027,1,2
123024,123026,123027,1,2
123024,123026,123027,1,2
123024,123026,123027,1,2
123024,123026,123027,1,2
123024,123026,123027,1,2
123024,123026,123027,1,2
123024,123026,123027,1,2
123024,123026,123027,1,2
123024,123026,123027,1,2
123024,123026,123027,1,2
123024,123026,123027,1,2
123024,123027,123028,1,3
123024,123027,123028,1,3
123024,123027,123028,1,3
123024,123027,123028,1,3
123024,123027,123028,1,3
123024,123027,123028,1,3
123024,123027,123028,1,3
123024,123027,123028,1,3
123024,123027,123028,1,3
123024,123026,123027,1,2
123024,123026,123027,1,2
123024,123027,123028,1,3
123024,123027,123028,1,3
123024,123027,123028,1,3
123024,123024,123028,4,0
123024,123028,123029,1,4
123024,123028,123029,1,4
123024,123028,123029,1,4
123024,123028,123029,1,4
123024,123028,123029,1,4
123024,123028,123029,1,4
123024,123028,123029,1,4
123024,123028,123029,1,4
123024,123028,123029,1,4
123024,123028,123029,1,4
123024,123028,123029,1,4
123024,123028,123029,1,4
123024,123028,123029,1,4
123024,123028,123029,1,4
123024,123029,123030,1,5
123024,123028,123029,1,4
123024,123028,123029,1,4
123024,123029,123030,1,5
123024,123029,123030,1,5
123024,123029,123030,1,5
123024,123029,123030,1,5
123024,123029,123030,1,5
123024,123029,123030,1,5
123024,123029,123030,1,5
123024,123029,123030,1,5
123024,123029,123030,1,5
123024,123029,123030,1,5
123024,123029,123030,1,5
123024,123030,123031,1,6
123024,123030,123031,1,6
123024,123030,123031,1,6
123024,123030,123031,1,6
123024,123030,123031,1,6
123024,123030,123031,1,6
123024,123030,123031,1,6
123024,123030,123031,1,6
123024,123030,123031,1,6
123024,123030,123031,1,6
123024,123030,123031,1,6
123024,123030,123031,1,6
123024,123030,123031,1,6
123024,123030,123031,1,6
123024,123030,123031,1,6
123024,123029,123031,2,5
122341,122341,123031,690,0
123024,123030,123031,1,6
122339,122339,123037,698,0
123049,123049,123050,1,0
123049,123049,123050,1,0
123049,123049,123050,1,0
123049,123050,123051,1,1
123049,123050,123051,1,1
123049,123050,123051,1,1
123049,123050,123051,1,1
123049,123050,123051,1,1
123049,123050,123051,1,1
123049,123050,123051,1,1
123049,123050,123051,1,1
123049,123050,123051,1,1
123049,123050,123051,1,1
123049,123050,123051,1,1
123049,123050,123051,1,1
123049,123050,123051,1,1
123049,123050,123051,1,1
123049,123050,123051,1,1
123049,123051,123052,1,2
123049,123051,123052,1,2
123049,123051,123052,1,2
123049,123051,123052,1,2
123049,123051,123053,2,2
123049,123051,123052,1,2
123049,123052,123053,1,3
123049,123051,123052,1,2
123049,123051,123052,1,2
123049,123052,123053,1,3
123049,123052,123053,1,3
123049,123052,123053,1,3
123049,123052,123053,1,3
123049,123052,123054,2,3
123049,123053,123054,1,4
123049,123053,123054,1,4
123049,123053,123054,1,4
123049,123052,123053,1,3
123049,123052,123053,1,3
123049,123052,123053,1,3
123049,123052,123054,2,3
123049,123053,123054,1,4
123049,123053,123054,1,4
123049,123053,123054,1,4
123049,123053,123054,1,4
123049,123053,123054,1,4
123049,123053,123054,1,4
123049,123054,123055,1,5
123049,123054,123055,1,5
123049,123054,123055,1,5
123049,123054,123055,1,5
123049,123053,123054,1,4
123049,123054,123055,1,5
123049,123054,123055,1,5
123049,123054,123055,1,5
123049,123054,123055,1,5
123049,123054,123055,1,5
123049,123054,123055,1,5
123049,123054,123055,1,5
123049,123054,123055,1,5
123049,123054,123055,1,5
123049,123054,123055,1,5
123049,123054,123055,1,5
123049,123055,123056,1,6
123049,123055,123056,1,6
123049,123055,123056,1,6
123049,123054,123055,1,5
123049,123055,123056,1,6
123049,123055,123056,1,6
123049,123055,123056,1,6
123049,123055,123056,1,6
123049,123055,123056,1,6
123049,123055,123056,1,6
123049,123055,123056,1,6
123049,123055,123056,1,6
123049,123055,123056,1,6
123049,123055,123056,1,6
123049,123055,123056,1,6
123049,123055,123056,1,6
123049,123056,123057,1,7
123049,123056,123057,1,7
123049,123055,123056,1,6
123049,123056,123057,1,7
123049,123055,123056,1,6
123051,123056,123057,1,5
123051,123056,123057,1,5
123049,123056,123057,1,7
123049,123056,123057,1,7
123051,123056,123057,1,5
123051,123056,123057,1,5
123051,123056,123057,1,5
123051,123056,123057,1,5
123051,123056,123057,1,5
123051,123056,123057,1,5
123051,123056,123057,1,5
123051,123057,123058,1,6
123051,123057,123058,1,6
123051,123057,123058,1,6
123051,123057,123058,1,6
123051,123057,123058,1,6
123051,123057,123059,2,6
123051,123057,123058,1,6
123051,123057,123059,2,6
123051,123057,123058,1,6
123051,123057,123058,1,6
123051,123057,123058,1,6
123051,123057,123058,1,6
123051,123057,123059,2,6
123051,123057,123058,1,6
123051,123057,123059,2,6
123051,123057,123059,2,6
123051,123057,123059,2,6
123051,123058,123060,2,7
123051,123058,123060,2,7
123051,123058,123059,1,7
123051,123058,123059,1,7
123051,123059,123060,1,8
123051,123059,123060,1,8
123051,123059,123060,1,8
123051,123059,123060,1,8
123051,123059,123060,1,8
123051,123059,123060,1,8
122341,122342,123061,719,1
123051,123059,123061,2,8
123051,123059,123061,2,8
123051,123059,123061,2,8
123051,123059,123061,2,8
123051,123060,123061,1,9
123051,123060,123061,1,9
123051,123060,123061,1,9
123051,123060,123061,1,9
123051,123060,123061,1,9
123051,123060,123061,1,9
123051,123060,123061,1,9
123051,123061,123062,1,10
123051,123061,123062,1,10
123051,123062,123063,1,11
123051,123062,123063,1,11
123051,123061,123063,2,10
123051,123063,123064,1,12
123051,123063,123064,1,12
123051,123063,123064,1,12
123051,123064,123065,1,13
123051,123064,123065,1,13
122358,122358,123066,708,0
122346,122346,123067,721,0
123077,123077,123078,1,0
123077,123077,123078,1,0
123077,123077,123078,1,0
123077,123077,123078,1,0
123077,123077,123078,1,0
123077,123077,123078,1,0
123077,123077,123078,1,0
123077,123077,123078,1,0
123077,123077,123078,1,0
123077,123077,123078,1,0
123077,123077,123079,2,0
123077,123077,123079,2,0
123077,123077,123079,2,0
123077,123077,123079,2,0
123077,123077,123079,2,0
123077,123077,123078,1,0
123077,123077,123079,2,0
123077,123077,123078,1,0
123077,123078,123080,2,1
122345,122345,123080,735,0
123077,123078,123080,2,1
123077,123078,123080,2,1
123077,123078,123080,2,1
123077,123078,123080,2,1
123077,123078,123080,2,1
123077,123078,123080,2,1
123077,123078,123080,2,1
123077,123078,123080,2,1
122353,122356,123080,724,3
123077,123079,123080,1,2
123077,123079,123081,2,2
123077,123079,123081,2,2
123077,123077,123081,4,0
123077,123080,123081,1,3
123077,123079,123081,2,2
123077,123080,123082,2,3
123077,123080,123081,1,3
123077,123080,123081,1,3
123077,123079,123081,2,2
123077,123080,123082,2,3
123077,123081,123082,1,4
123077,123079,123082,3,2
123077,123080,123082,2,3
123077,123081,123082,1,4
123077,123081,123082,1,4
123077,123081,123082,1,4
123077,123080,123083,3,3
123077,123082,123083,1,5
123077,123082,123083,1,5
123077,123083,123084,1,6
123077,123084,123085,1,7
123077,123084,123085,1,7
123077,123084,123085,1,7
123077,123084,123085,1,7
123077,123084,123085,1,7
123077,123083,123084,1,6
123077,123084,123085,1,7
123077,123084,123085,1,7
123077,123085,123086,1,8
123077,123084,123085,1,7
123077,123086,123087,1,9
123077,123085,123086,1,8
123077,123085,123086,1,8
123077,123085,123086,1,8
123077,123086,123087,1,9
123077,123086,123087,1,9
123077,123086,123087,1,9
123077,123085,123087,2,8
123077,123085,123087,2,8
123077,123085,123087,2,8
123077,123085,123087,2,8
122361,122361,123087,726,0
123077,123086,123087,1,9
123077,123086,123087,1,9
123077,123086,123087,1,9
123077,123086,123087,1,9
123077,123086,123087,1,9
123077,123086,123087,1,9
123077,123087,123088,1,10
123077,123087,123088,1,10
123077,123087,123088,1,10
123077,123087,123088,1,10
123077,123087,123088,1,10
123077,123087,123088,1,10
123077,123087,123088,1,10
123077,123087,123088,1,10
123077,123087,123088,1,10
123077,123087,123088,1,10
123077,123086,123088,2,9
123077,123086,123088,2,9
123077,123088,123089,1,11
123077,123088,123089,1,11
123077,123088,123089,1,11
123077,123088,123089,1,11
123077,123086,123088,2,9
123077,123088,123089,1,11
123077,123088,123089,1,11
123077,123088,123089,1,11
123077,123088,123089,1,11
123077,123087,123088,1,10
123077,123088,123089,1,11
123077,123088,123089,1,11
123077,123089,123090,1,12
123077,123089,123090,1,12
123077,123089,123090,1,12
123077,123089,123090,1,12
123077,123089,123090,1,12
123077,123089,123090,1,12
123077,123089,123090,1,12
123077,123089,123090,1,12
123077,123089,123090,1,12
123077,123089,123090,1,12
123077,123089,123090,1,12
122351,122355,123090,735,4
123077,123088,123089,1,11
123077,123088,123089,1,11
123077,123089,123090,1,12
123077,123090,123091,1,13
123077,123090,123091,1,13
123077,123089,123090,1,12
123077,123090,123091,1,13
123077,123090,123091,1,13
123077,123090,123091,1,13
123077,123090,123091,1,13
123077,123090,123091,1,13
123077,123090,123091,1,13
123077,123090,123091,1,13
123077,123090,123091,1,13
123077,123090,123091,1,13
123077,123090,123091,1,13
123077,123091,123092,1,14
123077,123091,123092,1,14
123077,123091,123092,1,14
123077,123090,123091,1,13
123078,123091,123092,1,13
123078,123091,123092,1,13
123078,123091,123092,1,13
123078,123091,123092,1,13
123078,123091,123092,1,13
123078,123091,123092,1,13
123078,123091,123092,1,13
123078,123091,123092,1,13
123077,123090,123092,2,13
123077,123090,123092,2,13
123077,123090,123092,2,13
123077,123090,123092,2,13
123077,123091,123093,2,14
123078,123092,123093,1,14
123078,123092,123093,1,14
123078,123092,123093,1,14
123078,123092,123093,1,14
123078,123092,123093,1,14
123078,123092,123093,1,14
123078,123092,123093,1,14
123078,123093,123094,1,15
123078,123092,123093,1,14
123078,123093,123094,1,15
123078,123092,123094,2,14
123078,123092,123093,1,14
123078,123092,123093,1,14
123078,123092,123093,1,14
123078,123092,123093,1,14
123078,123092,123094,2,14
123078,123093,123094,1,15
123078,123093,123094,1,15
123078,123093,123094,1,15
123078,123093,123094,1,15
123078,123093,123094,1,15
123078,123093,123094,1,15
123078,123093,123094,1,15
123078,123094,123095,1,16
123078,123094,123095,1,16
123078,123094,123095,1,16
123078,123094,123095,1,16
123078,123094,123095,1,16
123078,123094,123095,1,16
123078,123094,123095,1,16
123078,123094,123095,1,16
123078,123094,123095,1,16
123078,123094,123095,1,16
123078,123094,123095,1,16
123078,123095,123096,1,17
123078,123095,123096,1,17
123078,123095,123096,1,17
123078,123095,123096,1,17
123078,123094,123095,1,16
123078,123095,123096,1,17
123078,123095,123096,1,17
123078,123095,123096,1,17
123078,123094,123095,1,16
123078,123096,123097,1,18
123078,123096,123097,1,18
123078,123093,123096,3,15
123078,123096,123097,1,18
123078,123096,123097,1,18
123078,123096,123097,1,18
123078,123096,123097,1,18
123078,123096,123097,1,18
123078,123096,123097,1,18
123078,123096,123097,1,18
123078,123097,123098,1,19
123078,123097,123098,1,19
123078,123097,123098,1,19
123078,123096,123098,2,18
123078,123097,123098,1,19
123078,123094,123097,3,16
123078,123092,123098,6,14
123078,123097,123099,2,19
123109,123109,123110,1,0
123109,123109,123110,1,0
123109,123109,123110,1,0
123109,123109,123110,1,0
123109,123109,123110,1,0
123109,123110,123111,1,1
123109,123110,123111,1,1
123109,123110,123111,1,1
123109,123110,123111,1,1
123109,123110,123111,1,1
123109,123110,123111,1,1
123109,123110,123111,1,1
123109,123110,123111,1,1
123109,123110,123111,1,1
123109,123110,123112,2,1
123109,123110,123112,2,1
123109,123110,123112,2,1
123109,123111,123112,1,2
123109,123111,123112,1,2
123109,123111,123112,1,2
123109,123111,123112,1,2
123109,123111,123112,1,2
123109,123112,123113,1,3
123109,123111,123112,1,2
123109,123111,123112,1,2
123109,123111,123112,1,2
123109,123110,123112,2,1
123109,123112,123113,1,3
123109,123112,123113,1,3
123109,123112,123113,1,3
123109,123112,123113,1,3
123109,123112,123113,1,3
123109,123112,123113,1,3
123109,123113,123114,1,4
123109,123110,123112,2,1
123109,123110,123113,3,1
123109,123113,123115,2,4
123109,123113,123114,1,4
123109,123114,123115,1,5
123109,123113,123114,1,4
123109,123112,123115,3,3
123109,123114,123115,1,5
123109,123114,123115,1,5
123109,123115,123116,1,6
123109,123115,123116,1,6
123109,123115,123116,1,6
123109,123115,123116,1,6
123109,123115,123116,1,6
123109,123115,123116,1,6
123109,123115,123116,1,6
123109,123115,123116,1,6
123109,123116,123117,1,7
123109,123116,123117,1,7
123109,123116,123117,1,7
123110,123116,123117,1,6
123110,123116,123117,1,6
123110,123116,123117,1,6
123110,123116,123117,1,6
123110,123116,123117,1,6
123110,123117,123118,1,7
123110,123117,123118,1,7
123110,123117,123118,1,7
123110,123117,123118,1,7
123110,123117,123118,1,7
123110,123117,123118,1,7
123110,123117,123118,1,7
123110,123117,123118,1,7
123110,123117,123118,1,7
123110,123117,123119,2,7
123110,123117,123119,2,7
123110,123117,123119,2,7
123110,123117,123119,2,7
123110,123117,123119,2,7
123110,123117,123119,2,7
123110,123117,123119,2,7
123110,123118,123120,2,8
123110,123118,123119,1,8
123110,123118,123119,1,8
123110,123118,123120,2,8
123110,123118,123119,1,8
123110,123118,123119,1,8
123110,123119,123120,1,9
123110,123118,123119,1,8
123110,123119,123120,1,9
123109,123115,123119,4,6
123110,123119,123120,1,9
123110,123119,123120,1,9
123110,123119,123120,1,9
123110,123120,123121,1,10
123110,123120,123121,1,10
123110,123118,123120,2,8
123110,123120,123121,1,10
123110,123120,123121,1,10
123110,123120,123121,1,10
123110,123120,123121,1,10
123110,123120,123121,1,10
123110,123120,123121,1,10
123110,123120,123121,1,10
123110,123120,123121,1,10
123110,123120,123121,1,10
123110,123120,123121,1,10
123110,123120,123121,1,10
123110,123119,123121,2,9
123110,123120,123122,2,10
123110,123120,123121,1,10
123110,123120,123121,1,10
123110,123121,123122,1,11
123110,123121,123122,1,11
123110,123121,123122,1,11
123110,123121,123122,1,11
123110,123121,123122,1,11
123110,123121,123122,1,11
123110,123121,123122,1,11
123110,123120,123121,1,10
123110,123121,123122,1,11
123110,123121,123122,1,11
123110,123122,123123,1,12
123110,123122,123123,1,12
123110,123122,123123,1,12
123110,123122,123123,1,12
123110,123122,123123,1,12
123110,123122,123123,1,12
123110,123122,123123,1,12
123110,123121,123122,1,11
123110,123122,123124,2,12
123110,123123,123124,1,13
123110,123122,123123,1,12
123110,123122,123123,1,12
123110,123123,123124,1,13
123110,123123,123124,1,13
123110,123123,123124,1,13
123119,123123,123124,1,4
123119,123123,123124,1,4
123119,123123,123124,1,4
123110,123122,123123,1,12
123110,123123,123124,1,13
123119,123123,123124,1,4
123119,123124,123125,1,5
123119,123124,123125,1,5
123119,123124,123125,1,5
123119,123124,123125,1,5
123119,123124,123125,1,5
123119,123124,123125,1,5
123119,123124,123125,1,5
123119,123124,123126,2,5
123119,123124,123126,2,5
123119,123125,123126,1,6
123119,123125,123126,1,6
123119,123124,123125,1,5
123119,123125,123126,1,6
123119,123125,123126,1,6
123119,123125,123126,1,6
123119,123125,123126,1,6
123119,123125,123126,1,6
123119,123125,123126,1,6
123119,123125,123127,2,6
123119,123125,123126,1,6
123119,123125,123127,2,6
123119,123124,123126,2,5
123119,123125,123127,2,6
123119,123125,123127,2,6
123119,123125,123127,2,6
123119,123125,123127,2,6
123119,123126,123127,1,7
123119,123127,123128,1,8
123119,123127,123128,1,8
123110,123119,123127,8,9
123119,123127,123128,1,8
123119,123127,123128,1,8
123119,123127,123128,1,8
123119,123126,123128,2,7
123119,123126,123128,2,7
123119,123126,123128,2,7
123119,123126,123127,1,7
123119,123127,123128,1,8
123119,123127,123128,1,8
123119,123127,123128,1,8
123119,123127,123128,1,8
123119,123127,123128,1,8
123119,123127,123128,1,8
123119,123127,123128,1,8
123119,123127,123128,1,8
123119,123128,123129,1,9
123119,123128,123129,1,9
123119,123128,123129,1,9
123119,123128,123129,1,9
123119,123128,123129,1,9
123119,123128,123129,1,9
123119,123128,123129,1,9
123119,123129,123130,1,10
123119,123129,123130,1,10
123119,123129,123130,1,10
123119,123129,123130,1,10
123119,123127,123129,2,8
123119,123128,123130,2,9
123119,123130,123131,1,11
123119,123128,123131,3,9
123119,123130,123131,1,11
123119,123130,123131,1,11
123119,123130,123131,1,11
123119,123130,123131,1,11
123119,123130,123131,1,11
123119,123130,123131,1,11
123147,123147,123148,1,0
123147,123147,123148,1,0
123147,123147,123148,1,0
123147,123147,123148,1,0
123147,123147,123148,1,0
123147,123147,123148,1,0
123147,123147,123148,1,0
123147,123147,123148,1,0
123147,123147,123149,2,0
123147,123147,123149,2,0
123147,123147,123149,2,0
123147,123148,123149,1,1
123147,123147,123149,2,0
123147,123148,123149,1,1
123147,123148,123149,1,1
123147,123149,123150,1,2
123147,123148,123149,1,1
123147,123148,123149,1,1
123147,123149,123150,1,2
123147,123148,123150,2,1
123147,123149,123150,1,2
123147,123150,123151,1,3
123147,123150,123151,1,3
123147,123150,123151,1,3
123147,123150,123151,1,3
123147,123150,123151,1,3
123147,123150,123151,1,3
123147,123150,123151,1,3
123147,123150,123151,1,3
123147,123150,123151,1,3
123147,123151,123152,1,4
123147,123151,123152,1,4
123147,123152,123153,1,5
123147,123152,123153,1,5
123147,123152,123153,1,5
123147,123152,123153,1,5
123147,123152,123153,1,5
123147,123152,123153,1,5
123147,123151,123152,1,4
123147,123153,123154,1,6
123147,123153,123154,1,6
123147,123153,123154,1,6
123147,123153,123154,1,6
122824,122844,123317,473,20
122818,122831,123319,488,13
123320,123320,123321,1,0
123320,123320,123321,1,0
123320,123320,123321,1,0
123320,123320,123321,1,0
123320,123320,123321,1,0
123320,123320,123321,1,0
123320,123320,123322,2,0
123320,123320,123321,1,0
123320,123320,123322,2,0
123320,123320,123321,1,0
123320,123320,123321,1,0
123320,123320,123321,1,0
123320,123320,123322,2,0
123320,123320,123322,2,0
123320,123321,123322,1,1
123320,123321,123322,1,1
123320,123321,123322,1,1
123320,123321,123322,1,1
123320,123320,123322,2,0
123320,123321,123322,1,1
123320,123321,123322,1,1
123320,123321,123322,1,1
123320,123321,123322,1,1
123320,123322,123323,1,2
123320,123322,123323,1,2
123320,123322,123323,1,2
123320,123322,123323,1,2
123320,123322,123323,1,2
123320,123322,123323,1,2
123320,123322,123323,1,2
123320,123320,123322,2,0
123320,123322,123324,2,2
123320,123322,123323,1,2
123320,123322,123323,1,2
123320,123322,123324,2,2
123320,123322,123324,2,2
123320,123322,123323,1,2
123320,123322,123323,1,2
123320,123322,123323,1,2
123320,123323,123324,1,3
123320,123323,123324,1,3
123320,123323,123324,1,3
123320,123323,123324,1,3
123320,123323,123324,1,3
123320,123323,123324,1,3
123320,123323,123324,1,3
123320,123324,123325,1,4
123320,123323,123324,1,3
123320,123324,123325,1,4
123320,123324,123325,1,4
123320,123324,123325,1,4
123320,123324,123325,1,4
123320,123324,123325,1,4
123320,123324,123325,1,4
123320,123324,123325,1,4
123320,123324,123325,1,4
123320,123323,123325,2,3
123320,123324,123326,2,4
123320,123324,123325,1,4
123320,123324,123326,2,4
123320,123324,123326,2,4
123320,123324,123325,1,4
123320,123324,123325,1,4
123320,123325,123326,1,5
123320,123325,123326,1,5
123320,123325,123327,2,5
123320,123326,123327,1,6
123320,123326,123327,1,6
123320,123325,123327,2,5
123320,123325,123327,2,5
123320,123325,123327,2,5
123320,123326,123328,2,6
123320,123326,123327,1,6
123320,123326,123328,2,6
123320,123326,123328,2,6
123320,123322,123328,6,2
123320,123326,123328,2,6
123322,123328,123329,1,6
123322,123328,123329,1,6
123322,123329,123330,1,7
123322,123329,123330,1,7
123322,123328,123329,1,6
123322,123328,123330,2,6
123322,123329,123330,1,7
123322,123329,123330,1,7
123322,123329,123330,1,7
123322,123329,123330,1,7
123322,123329,123331,2,7
123322,123329,123331,2,7
123322,123329,123332,3,7
123322,123329,123331,2,7
123322,123330,123331,1,8
123322,123330,123331,1,8
123322,123330,123331,1,8
123322,123330,123331,1,8
123322,123330,123331,1,8
123322,123330,123331,1,8
123322,123331,123332,1,9
123322,123331,123332,1,9
123322,123331,123332,1,9
123322,123330,123332,2,8
123322,123331,123332,1,9
123322,123332,123333,1,10
123322,123332,123333,1,10
123322,123332,123333,1,10
123322,123330,123332,2,8
123322,123331,123332,1,9
123322,123332,123333,1,10
123322,123331,123332,1,9
123322,123332,123333,1,10
123322,123333,123334,1,11
123322,123332,123334,2,10
123322,123332,123334,2,10
123322,123332,123333,1,10
123322,123332,123333,1,10
123322,123332,123333,1,10
123322,123333,123334,1,11
123322,123333,123334,1,11
123322,123333,123334,1,11
123322,123332,123333,1,10
123322,123333,123334,1,11
123322,123332,123334,2,10
123322,123334,123335,1,12
123322,123332,123334,2,10
123322,123334,123335,1,12
123322,123334,123335,1,12
123322,123334,123335,1,12
123322,123334,123335,1,12
123322,123334,123335,1,12
123322,123334,123335,1,12
123322,123334,123335,1,12
123322,123334,123335,1,12
123322,123334,123335,1,12
123322,123334,123335,1,12
123322,123334,123335,1,12
123322,123335,123336,1,13
123322,123334,123335,1,12
123322,123335,123336,1,13
123322,123335,123336,1,13
123322,123335,123336,1,13
123322,123335,123336,1,13
123322,123335,123336,1,13
123322,123335,123336,1,13
123322,123335,123336,1,13
123322,123335,123336,1,13
123322,123335,123336,1,13
123322,123336,123337,1,14
123322,123336,123337,1,14
123322,123335,123336,1,13
123322,123335,123336,1,13
123322,123336,123337,1,14
123322,123336,123337,1,14
123322,123336,123337,1,14
123322,123336,123337,1,14
123322,123336,123337,1,14
123322,123336,123337,1,14
123322,123336,123337,1,14
123322,123336,123337,1,14
123322,123336,123337,1,14
123322,123336,123337,1,14
123322,123337,123338,1,15
123322,123337,123338,1,15
123322,123337,123338,1,15
123322,123337,123338,1,15
123322,123337,123338,1,15
123322,123337,123338,1,15
123322,123333,123340,7,11
122885,122915,123394,479,30
122891,122915,123395,480,24
123395,123396,123397,1,1
123395,123396,123397,1,1
123395,123396,123397,1,1
123395,123396,123397,1,1
123395,123396,123397,1,1
123395,123396,123397,1,1
123395,123396,123397,1,1
123395,123396,123397,1,1
123395,123396,123397,1,1
123395,123397,123398,1,2
123395,123396,123398,2,1
123395,123398,123399,1,3
123395,123397,123398,1,2
123395,123397,123398,1,2
123395,123396,123398,2,1
123395,123397,123398,1,2
123395,123397,123398,1,2
123395,123398,123399,1,3
123395,123397,123398,1,2
123395,123397,123398,1,2
123395,123398,123399,1,3
123395,123398,123399,1,3
123395,123398,123399,1,3
123395,123398,123399,1,3
123395,123399,123400,1,4
123395,123398,123399,1,3
123395,123398,123399,1,3
123395,123398,123399,1,3
123395,123399,123400,1,4
123395,123399,123400,1,4
123395,123399,123400,1,4
123395,123399,123400,1,4
123395,123398,123399,1,3
123395,123399,123400,1,4
123395,123399,123400,1,4
123395,123400,123401,1,5
123395,123399,123400,1,4
123395,123400,123401,1,5
123395,123399,123400,1,4
123395,123400,123401,1,5
123395,123400,123401,1,5
123395,123400,123401,1,5
123395,123400,123401,1,5
123395,123400,123401,1,5
123395,123400,123401,1,5
123395,123400,123401,1,5
123395,123400,123401,1,5
123395,123400,123401,1,5
123395,123400,123401,1,5
123395,123401,123402,1,6
123395,123400,123401,1,5
123395,123401,123402,1,6
123395,123400,123401,1,5
123395,123401,123402,1,6
123395,123401,123402,1,6
123395,123401,123402,1,6
123395,123401,123402,1,6
123395,123400,123401,1,5
123395,123401,123402,1,6
123395,123401,123402,1,6
123395,123402,123403,1,7
123395,123402,123403,1,7
123395,123402,123403,1,7
123395,123401,123402,1,6
123395,123402,123403,1,7
123395,123402,123403,1,7
123395,123402,123403,1,7
123395,123402,123403,1,7
123395,123402,123403,1,7
123395,123402,123403,1,7
123395,123402,123403,1,7
123395,123402,123403,1,7
123395,123402,123403,1,7
123395,123402,123403,1,7
123395,123402,123403,1,7
123395,123403,123404,1,8
123395,123403,123404,1,8
123395,123403,123404,1,8
123395,123402,123403,1,7
123395,123403,123404,1,8
123397,123403,123404,1,6
123397,123403,123404,1,6
123397,123403,123404,1,6
123397,123403,123404,1,6
123397,123403,123404,1,6
123395,123402,123403,1,7
123397,123403,123404,1,6
123397,123403,123404,1,6
123395,123403,123404,1,8
123397,123404,123405,1,7
123397,123404,123405,1,7
123397,123404,123405,1,7
123397,123404,123405,1,7
123397,123404,123405,1,7
123397,123404,123405,1,7
123397,123404,123405,1,7
123397,123404,123405,1,7
123397,123404,123405,1,7
123397,123404,123405,1,7
123397,123404,123406,2,7
123397,123404,123405,1,7
123397,123405,123406,1,8
123397,123404,123406,2,7
123397,123404,123406,2,7
123397,123405,123406,1,8
123397,123405,123406,1,8
123397,123405,123406,1,8
123397,123405,123406,1,8
123397,123405,123406,1,8
123397,123404,123405,1,7
123397,123405,123406,1,8
123397,123405,123406,1,8
123397,123406,123407,1,9
123397,123406,123407,1,9
123397,123405,123406,1,8
123397,123406,123407,1,9
123397,123406,123407,1,9
123397,123406,123407,1,9
123397,123406,123407,1,9
123397,123406,123407,1,9
123397,123405,123407,2,8
123397,123407,123408,1,10
123397,123407,123408,1,10
123397,123406,123407,1,9
123397,123406,123407,1,9
123397,123406,123407,1,9
123397,123406,123407,1,9
123397,123406,123408,2,9
123397,123407,123408,1,10
123397,123407,123408,1,10
123397,123408,123409,1,11
123397,123408,123409,1,11
123397,123408,123409,1,11
123397,123408,123409,1,11
123397,123408,123409,1,11
123397,123409,123410,1,12
123397,123409,123410,1,12
123397,123408,123409,1,11
123397,123409,123410,1,12
123397,123409,123410,1,12
123397,123409,123410,1,12
123397,123409,123410,1,12
123397,123410,123411,1,13
123397,123409,123410,1,12
123397,123410,123411,1,13
123397,123410,123411,1,13
123397,123411,123412,1,14
123397,123410,123412,2,13
123397,123410,123411,1,13
122816,122823,123522,699,7
123524,123524,123525,1,0
123524,123524,123525,1,0
123524,123524,123525,1,0
123524,123524,123525,1,0
123524,123524,123525,1,0
123524,123524,123525,1,0
123524,123524,123526,2,0
123524,123524,123525,1,0
123524,123524,123526,2,0
123524,123524,123525,1,0
123524,123524,123525,1,0
123524,123524,123525,1,0
123524,123524,123525,1,0
123524,123526,123527,1,2
123524,123525,123526,1,1
123524,123525,123526,1,1
123524,123525,123526,1,1
123524,123526,123527,1,2
123524,123526,123527,1,2
123524,123525,123527,2,1
123524,123525,123527,2,1
123524,123525,123527,2,1
123524,123525,123527,2,1
123524,123525,123527,2,1
123524,123526,123527,1,2
123524,123526,123527,1,2
123524,123527,123528,1,3
123524,123526,123527,1,2
123524,123526,123527,1,2
123524,123527,123528,1,3
123524,123527,123528,1,3
123524,123527,123528,1,3
123524,123527,123528,1,3
123524,123527,123528,1,3
122820,122838,123528,690,18
123524,123526,123528,2,2
123524,123526,123528,2,2
123524,123528,123529,1,4
123524,123528,123529,1,4
123524,123527,123528,1,3
123524,123527,123528,1,3
123524,123528,123529,1,4
123524,123528,123529,1,4
123524,123528,123529,1,4
123524,123527,123528,1,3
123524,123527,123529,2,3
123524,123527,123529,2,3
123524,123528,123529,1,4
123524,123528,123529,1,4
123524,123528,123529,1,4
123524,123528,123529,1,4
123524,123529,123530,1,5
123524,123528,123529,1,4
123524,123529,123530,1,5
123524,123528,123530,2,4
123524,123528,123530,2,4
123524,123529,123530,1,5
123524,123529,123530,1,5
123524,123529,123530,1,5
123524,123529,123530,1,5
123524,123529,123530,1,5
123524,123529,123530,1,5
123524,123529,123530,1,5
123524,123529,123530,1,5
123524,123528,123529,1,4
123524,123529,123530,1,5
123524,123529,123530,1,5
123524,123530,123531,1,6
123524,123530,123531,1,6
123524,123530,123531,1,6
123524,123530,123531,1,6
123524,123529,123530,1,5
123524,123530,123531,1,6
123524,123530,123531,1,6
123524,123530,123531,1,6
123524,123530,123531,1,6
123524,123529,123530,1,5
123524,123530,123531,1,6
123524,123530,123531,1,6
123524,123530,123531,1,6
123524,123530,123531,1,6
123524,123530,123531,1,6
123524,123530,123531,1,6
123524,123530,123531,1,6
123524,123531,123532,1,7
123524,123530,123531,1,6
123524,123531,123532,1,7
123524,123531,123532,1,7
123524,123531,123532,1,7
123524,123531,123532,1,7
123524,123531,123532,1,7
123524,123531,123532,1,7
123524,123531,123532,1,7
123524,123531,123532,1,7
123529,123531,123532,1,2
123524,123531,123532,1,7
123524,123531,123532,1,7
123524,123531,123532,1,7
123529,123532,123533,1,3
123529,123532,123533,1,3
123529,123532,123533,1,3
123529,123532,123533,1,3
123529,123532,123533,1,3
123529,123532,123533,1,3
123529,123532,123533,1,3
123529,123532,123533,1,3
123529,123533,123534,1,4
123529,123533,123534,1,4
123529,123532,123533,1,3
123529,123533,123534,1,4
123529,123533,123534,1,4
123529,123532,123534,2,3
123529,123533,123534,1,4
123529,123533,123534,1,4
123529,123533,123534,1,4
123529,123533,123534,1,4
123529,123533,123534,1,4
123529,123533,123534,1,4
123529,123534,123535,1,5
123529,123534,123535,1,5
123529,123534,123535,1,5
123529,123533,123535,2,4
123529,123534,123535,1,5
123529,123534,123535,1,5
123529,123535,123536,1,6
123529,123535,123536,1,6
123529,123535,123536,1,6
123529,123535,123536,1,6
123529,123535,123536,1,6
123529,123535,123536,1,6
123529,123534,123536,2,5
123529,123535,123536,1,6
123529,123534,123536,2,5
123529,123535,123536,1,6
123529,123536,123537,1,7
123529,123536,123537,1,7
123529,123536,123537,1,7
123529,123536,123537,1,7
123529,123536,123537,1,7
123529,123536,123537,1,7
123529,123536,123537,1,7
123529,123536,123537,1,7
123529,123536,123537,1,7
123529,123536,123537,1,7
123529,123536,123537,1,7
123529,123536,123537,1,7
123529,123536,123537,1,7
123529,123537,123538,1,8
123529,123536,123537,1,7
123529,123537,123538,1,8
123529,123537,123538,1,8
123529,123538,123539,1,9
123529,123538,123539,1,9
123529,123538,123539,1,9
123529,123538,123539,1,9
123529,123537,123538,1,8
123529,123538,123539,1,9
123529,123538,123539,1,9
123529,123537,123538,1,8
123529,123537,123539,2,8
123529,123538,123539,1,9
123529,123538,123539,1,9
123529,123538,123539,1,9
123529,123538,123539,1,9
123529,123539,123540,1,10
123529,123539,123540,1,10
123529,123539,123540,1,10
123529,123539,123540,1,10
123529,123539,123540,1,10
123529,123539,123540,1,10
123529,123539,123540,1,10
123529,123540,123541,1,11
122826,122851,123542,691,25
123547,123547,123548,1,0
123547,123547,123548,1,0
123547,123547,123548,1,0
123547,123547,123548,1,0
123547,123547,123548,1,0
123547,123547,123548,1,0
123547,123547,123548,1,0
123547,123547,123548,1,0
123547,123547,123548,1,0
123547,123547,123548,1,0
123547,123547,123548,1,0
123547,123548,123549,1,1
123547,123548,123549,1,1
123547,123548,123549,1,1
123547,123548,123549,1,1
123547,123548,123549,1,1
123547,123547,123549,2,0
123547,123549,123550,1,2
123547,123549,123550,1,2
123547,123549,123550,1,2
123547,123548,123549,1,1
123547,123548,123549,1,1
123547,123549,123550,1,2
123547,123549,123550,1,2
123547,123549,123550,1,2
123547,123548,123549,1,1
123547,123549,123550,1,2
123547,123549,123550,1,2
123547,123549,123550,1,2
123547,123549,123550,1,2
123547,123550,123551,1,3
123547,123549,123550,1,2
123547,123550,123551,1,3
123547,123550,123551,1,3
123547,123550,123551,1,3
123547,123550,123551,1,3
123547,123549,123550,1,2
123547,123550,123551,1,3
123547,123550,123551,1,3
123547,123550,123551,1,3
123547,123550,123551,1,3
123547,123550,123551,1,3
123547,123550,123551,1,3
123547,123551,123552,1,4
123547,123550,123551,1,3
123547,123550,123551,1,3
123547,123551,123552,1,4
123547,123550,123551,1,3
123547,123551,123552,1,4
123547,123551,123552,1,4
123052,123064,123551,487,12
123547,123551,123552,1,4
123547,123551,123552,1,4
123547,123551,123552,1,4
123547,123552,123553,1,5
123547,123551,123552,1,4
123547,123552,123553,1,5
123547,123552,123553,1,5
123547,123552,123553,1,5
123547,123552,123553,1,5
123547,123552,123553,1,5
123547,123552,123553,1,5
123547,123552,123553,1,5
123547,123552,123553,1,5
123547,123552,123553,1,5
123547,123552,123553,1,5
123547,123552,123553,1,5
123547,123552,123553,1,5
123547,123552,123553,1,5
123547,123552,123553,1,5
123547,123552,123553,1,5
123547,123552,123553,1,5
123547,123553,123554,1,6
123547,123553,123554,1,6
123547,123553,123554,1,6
123547,123553,123554,1,6
123547,123553,123554,1,6
123547,123553,123554,1,6
123547,123553,123554,1,6
123547,123553,123554,1,6
123547,123553,123554,1,6
123547,123553,123554,1,6
123547,123553,123554,1,6
123547,123553,123554,1,6
123547,123553,123554,1,6
123547,123553,123554,1,6
123547,123553,123554,1,6
123547,123554,123555,1,7
123563,123563,123564,1,0
123563,123563,123564,1,0
123563,123563,123564,1,0
123563,123563,123564,1,0
123563,123563,123564,1,0
123563,123563,123564,1,0
123563,123563,123564,1,0
123563,123563,123564,1,0
123563,123563,123564,1,0
123563,123563,123564,1,0
123563,123563,123564,1,0
123563,123563,123564,1,0
123563,123563,123565,2,0
123563,123563,123564,1,0
123563,123563,123564,1,0
123563,123563,123565,2,0
123563,123564,123565,1,1
123563,123564,123565,1,1
123563,123564,123565,1,1
123563,123564,123565,1,1
123563,123564,123566,2,1
123563,123564,123566,2,1
123563,123564,123566,2,1
123563,123564,123566,2,1
123563,123564,123566,2,1
123563,123564,123566,2,1
123563,123565,123566,1,2
123563,123565,123566,1,2
123563,123565,123567,2,2
123563,123566,123567,1,3
123563,123565,123567,2,2
123563,123566,123567,1,3
123563,123566,123567,1,3
123563,123567,123568,1,4
123563,123567,123568,1,4
123563,123567,123568,1,4
123563,123568,123569,1,5
123563,123567,123568,1,4
123563,123567,123568,1,4
123563,123568,123569,1,5
123563,123567,123568,1,4
123563,123567,123568,1,4
123563,123567,123569,2,4
123563,123568,123569,1,5
123563,123569,123570,1,6
123563,123569,123570,1,6
123563,123569,123570,1,6
123563,123569,123570,1,6
123563,123569,123570,1,6
123563,123569,123570,1,6
123563,123569,123570,1,6
123563,123570,123571,1,7
123563,123570,123571,1,7
123563,123570,123571,1,7
123563,123569,123570,1,6
123563,123570,123571,1,7
123563,123570,123571,1,7
123563,123571,123572,1,8
123563,123571,123572,1,8
123563,123571,123572,1,8
123563,123571,123572,1,8
123563,123570,123571,1,7
123563,123571,123572,1,8
123563,123571,123572,1,8
123563,123571,123576,5,8
123563,123582,123585,3,19
122879,122907,123606,699,28
123608,123608,123609,1,0
123608,123608,123609,1,0
123608,123608,123609,1,0
123608,123608,123609,1,0
123608,123608,123609,1,0
123608,123608,123609,1,0
123608,123608,123609,1,0
123608,123608,123609,1,0
123608,123608,123610,2,0
123608,123608,123610,2,0
123608,123608,123609,1,0
123608,123608,123610,2,0
123608,123608,123610,2,0
123608,123608,123610,2,0
123608,123609,123610,1,1
123608,123608,123610,2,0
123608,123608,123611,3,0
123608,123609,123611,2,1
123608,123609,123611,2,1
123608,123609,123611,2,1
123608,123609,123611,2,1
123608,123609,123610,1,1
123608,123610,123611,1,2
123608,123610,123611,1,2
123608,123609,123611,2,1
123608,123609,123611,2,1
123608,123610,123611,1,2
123608,123610,123611,1,2
123608,123611,123612,1,3
123608,123608,123612,4,0
123608,123610,123611,1,2
123608,123610,123611,1,2
123608,123611,123612,1,3
123608,123611,123612,1,3
123608,123611,123612,1,3
123608,123611,123612,1,3
123608,123610,123613,3,2
123608,123612,123613,1,4
123608,123611,123612,1,3
123608,123612,123613,1,4
123608,123612,123613,1,4
123608,123611,123613,2,3
123608,123611,123612,1,3
123608,123613,123614,1,5
123608,123613,123614,1,5
123608,123613,123614,1,5
123608,123612,123614,2,4
123608,123612,123614,2,4
123608,123614,123615,1,6
123608,123614,123615,1,6
123608,123614,123615,1,6
123608,123613,123615,2,5
123608,123614,123615,1,6
123608,123613,123614,1,5
123608,123615,123616,1,7
123608,123615,123616,1,7
123608,123615,123616,1,7
123608,123614,123616,2,6
123608,123616,123617,1,8
123111,123123,123616,493,12
123608,123616,123617,1,8
123608,123616,123617,1,8
123608,123616,123617,1,8
123618,123618,123619,1,0
123618,123618,123619,1,0
123618,123618,123619,1,0
123618,123618,123619,1,0
123618,123618,123619,1,0
123618,123618,123619,1,0
123618,123618,123619,1,0
123618,123618,123619,1,0
123618,123618,123619,1,0
123618,123618,123620,2,0
123618,123618,123619,1,0
123618,123618,123620,2,0
123618,123618,123619,1,0
123618,123618,123620,2,0
123618,123618,123620,2,0
123618,123618,123619,1,0
123618,123619,123620,1,1
123618,123619,123621,2,1
123618,123619,123621,2,1
123618,123619,123620,1,1
123618,123619,123620,1,1
123618,123619,123621,2,1
123618,123619,123621,2,1
123618,123619,123621,2,1
123618,123619,123621,2,1
123618,123619,123621,2,1
123618,123620,123622,2,2
123618,123620,123622,2,2
123618,123620,123622,2,2
123618,123621,123622,1,3
123618,123620,123622,2,2
123618,123620,123622,2,2
123618,123620,123622,2,2
123618,123620,123622,2,2
123618,123621,123623,2,3
123618,123621,123623,2,3
123618,123621,123623,2,3
123618,123621,123623,2,3
123618,123623,123624,1,5
123618,123622,123624,2,4
123618,123621,123623,2,3
123618,123622,123624,2,4
123618,123622,123624,2,4
123618,123622,123624,2,4
123618,123622,123624,2,4
123618,123623,123624,1,5
123618,123622,123624,2,4
123618,123623,123624,1,5
123618,123623,123624,1,5
123618,123623,123624,1,5
123618,123623,123625,2,5
123618,123623,123625,2,5
123618,123624,123625,1,6
123618,123623,123625,2,5
123618,123623,123624,1,5
123618,123623,123624,1,5
123618,123624,123625,1,6
123618,123624,123625,1,6
123618,123624,123625,1,6
123618,123624,123625,1,6
123618,123624,123625,1,6
123618,123624,123625,1,6
123618,123624,123625,1,6
123618,123624,123625,1,6
123618,123625,123626,1,7
123618,123625,123626,1,7
123618,123624,123625,1,6
123618,123625,123626,1,7
123618,123625,123626,1,7
123618,123625,123626,1,7
123618,123625,123626,1,7
123618,123624,123626,2,6
123618,123624,123625,1,6
123618,123625,123626,1,7
123618,123626,123627,1,8
123618,123626,123627,1,8
123618,123626,123627,1,8
123618,123626,123627,1,8
123618,123625,123627,2,7
123618,123625,123627,2,7
123618,123627,123628,1,9
123618,123627,123628,1,9
123618,123627,123628,1,9
123618,123627,123628,1,9
122939,122939,123659,720,0
123660,123660,123661,1,0
123660,123660,123661,1,0
123660,123660,123661,1,0
123660,123660,123661,1,0
123660,123660,123661,1,0
123660,123660,123661,1,0
123660,123660,123661,1,0
123660,123660,123661,1,0
123660,123660,123661,1,0
123660,123661,123663,2,1
123660,123660,123662,2,0
123660,123660,123662,2,0
123660,123660,123662,2,0
123660,123660,123663,3,0
123660,123660,123662,2,0
123660,123661,123663,2,1
123660,123661,123663,2,1
123660,123661,123662,1,1
123660,123661,123663,2,1
123660,123661,123662,1,1
123660,123661,123663,2,1
123660,123661,123663,2,1
123660,123661,123663,2,1
123660,123661,123663,2,1
123660,123662,123663,1,2
123660,123663,123664,1,3
123660,123663,123664,1,3
123660,123663,123665,2,3
123660,123662,123665,3,2
123660,123663,123665,2,3
123660,123663,123665,2,3
123660,123663,123664,1,3
123660,123663,123665,2,3
123660,123663,123664,1,3
123660,123664,123665,1,4
123660,123663,123665,2,3
123660,123663,123664,1,3
123660,123664,123665,1,4
123660,123665,123666,1,5
123660,123664,123665,1,4
123660,123663,123665,2,3
123660,123663,123665,2,3
123660,123663,123665,2,3
123660,123663,123665,2,3
123660,123665,123666,1,5
123660,123665,123666,1,5
123660,123665,123666,1,5
123660,123665,123666,1,5
123660,123665,123666,1,5
123660,123665,123666,1,5
123660,123665,123666,1,5
123660,123665,123666,1,5
123660,123666,123667,1,6
123660,123665,123666,1,5
123660,123666,123667,1,6
123660,123665,123666,1,5
123660,123666,123667,1,6
123660,123666,123667,1,6
123660,123666,123667,1,6
123660,123666,123667,1,6
123660,123666,123667,1,6
123660,123665,123666,1,5
123660,123666,123667,1,6
123660,123666,123667,1,6
123660,123666,123667,1,6
123660,123666,123667,1,6
123660,123666,123667,1,6
123660,123667,123668,1,7
123660,123667,123668,1,7
123660,123666,123667,1,6
123660,123666,123667,1,6
123660,123667,123668,1,7
123660,123667,123668,1,7
123660,123667,123668,1,7
123660,123667,123668,1,7
123660,123667,123668,1,7
123660,123667,123668,1,7
123660,123667,123668,1,7
123660,123668,123669,1,8
123660,123668,123669,1,8
123660,123668,123669,1,8
123660,123668,123669,1,8
123660,123668,123669,1,8
123660,123668,123669,1,8
123660,123668,123669,1,8
123660,123668,123669,1,8
123660,123668,123669,1,8
123660,123668,123669,1,8
123660,123668,123669,1,8
123165,123165,123672,507,0
123154,123154,123674,520,0
123675,123675,123676,1,0
122944,122945,123676,731,1
123675,123675,123676,1,0
123675,123675,123676,1,0
123675,123675,123676,1,0
123675,123675,123676,1,0
123675,123675,123676,1,0
123675,123675,123676,1,0
123675,123675,123676,1,0
123675,123675,123676,1,0
123675,123675,123676,1,0
123675,123675,123676,1,0
123675,123675,123676,1,0
123675,123675,123677,2,0
123675,123675,123676,1,0
123675,123675,123677,2,0
123675,123675,123676,1,0
123660,123668,123677,9,8
123675,123676,123677,1,1
123675,123676,123678,2,1
123675,123676,123678,2,1
123675,123676,123678,2,1
123675,123676,123677,1,1
123675,123676,123677,1,1
123675,123676,123677,1,1
123675,123676,123678,2,1
123675,123676,123678,2,1
123675,123677,123678,1,2
123675,123678,123679,1,3
123675,123677,123679,2,2
123675,123677,123679,2,2
123675,123677,123678,1,2
123675,123677,123679,2,2
123675,123677,123679,2,2
123675,123677,123680,3,2
123675,123677,123679,2,2
123675,123677,123679,2,2
123675,123679,123680,1,4
123675,123679,123680,1,4
123675,123678,123680,2,3
123675,123678,123680,2,3
123675,123678,123679,1,3
123675,123678,123679,1,3
123675,123678,123679,1,3
123675,123679,123680,1,4
123675,123678,123680,2,3
123675,123679,123680,1,4
123675,123678,123680,2,3
123675,123680,123681,1,5
123675,123680,123681,1,5
123675,123679,123681,2,4
123675,123680,123681,1,5
123675,123680,123681,1,5
123675,123680,123681,1,5
123675,123680,123681,1,5
123675,123680,123681,1,5
123675,123680,123681,1,5
123675,123679,123680,1,4
123675,123679,123680,1,4
123675,123680,123681,1,5
123675,123678,123680,2,3
123675,123680,123681,1,5
123675,123680,123682,2,5
123675,123680,123681,1,5
123675,123681,123682,1,6
123675,123681,123682,1,6
123675,123681,123682,1,6
123675,123681,123682,1,6
123675,123681,123682,1,6
123675,123681,123682,1,6
123675,123681,123682,1,6
123675,123681,123682,1,6
123675,123681,123682,1,6
123675,123682,123683,1,7
123675,123682,123683,1,7
123675,123682,123683,1,7
123675,123682,123683,1,7
123675,123683,123684,1,8
123675,123682,123683,1,7
123675,123683,123684,1,8
123676,123683,123684,1,7
123676,123683,123684,1,7
123675,123683,123684,1,8
123675,123683,123684,1,8
123676,123684,123685,1,8
123676,123685,123686,1,9
123676,123685,123686,1,9
123676,123685,123686,1,9
123676,123684,123685,1,8
123676,123684,123685,1,8
123676,123684,123686,2,8
123676,123684,123686,2,8
123676,123684,123686,2,8
123676,123685,123686,1,9
123676,123685,123686,1,9
123676,123685,123686,1,9
123676,123685,123686,1,9
123676,123686,123687,1,10
123676,123685,123686,1,9
123676,123685,123686,1,9
123676,123685,123686,1,9
123676,123686,123687,1,10
123676,123686,123687,1,10
123676,123687,123688,1,11
123676,123687,123688,1,11
123676,123686,123687,1,10
123676,123686,123687,1,10
123676,123687,123688,1,11
123676,123686,123687,1,10
123676,123687,123688,1,11
123676,123686,123688,2,10
123675,123677,123688,11,2
123676,123686,123688,2,10
123676,123687,123688,1,11
123676,123687,123688,1,11
123676,123687,123688,1,11
123676,123687,123688,1,11
123676,123687,123688,1,11
123676,123688,123689,1,12
123676,123688,123689,1,12
123676,123688,123689,1,12
123676,123688,123689,1,12
123676,123688,123689,1,12
123676,123688,123689,1,12
123676,123687,123688,1,11
123676,123688,123689,1,12
123676,123688,123689,1,12
123676,123688,123689,1,12
123676,123689,123690,1,13
123676,123689,123690,1,13
123676,123689,123690,1,13
123676,123689,123690,1,13
123676,123688,123689,1,12
123676,123689,123690,1,13
123676,123689,123690,1,13
123676,123689,123690,1,13
123676,123689,123690,1,13
123676,123689,123690,1,13
123676,123689,123690,1,13
123676,123689,123690,1,13
123676,123689,123690,1,13
123676,123689,123690,1,13
123676,123688,123689,1,12
123676,123690,123691,1,14
123676,123690,123691,1,14
123676,123690,123691,1,14
123676,123690,123691,1,14
123676,123690,123691,1,14
123676,123690,123691,1,14
123676,123690,123691,1,14
123676,123690,123691,1,14
123676,123690,123691,1,14
123676,123690,123691,1,14
123676,123690,123691,1,14
123676,123690,123691,1,14
123676,123690,123691,1,14
123676,123690,123691,1,14
123676,123691,123692,1,15
123676,123691,123692,1,15
123676,123691,123692,1,15
123676,123688,123692,4,12
123676,123691,123692,1,15
123677,123691,123692,1,14
123677,123691,123692,1,14
123676,123691,123692,1,15
123676,123691,123692,1,15
123676,123691,123692,1,15
123677,123691,123692,1,14
123676,123690,123692,2,14
123676,123691,123692,1,15
123677,123691,123692,1,14
123676,123691,123692,1,15
123677,123692,123693,1,15
123677,123692,123693,1,15
123677,123692,123693,1,15
123677,123692,123693,1,15
123677,123693,123694,1,16
123677,123693,123694,1,16
123677,123693,123694,1,16
123677,123693,123694,1,16
123677,123693,123694,1,16
123677,123693,123694,1,16
123677,123693,123694,1,16
123677,123693,123694,1,16
123677,123693,123694,1,16
123677,123693,123694,1,16
123677,123693,123694,1,16
123677,123694,123695,1,17
123677,123694,123695,1,17
123677,123694,123695,1,17
123677,123693,123694,1,16
123677,123693,123695,2,16
123677,123693,123695,2,16
123677,123694,123695,1,17
123677,123695,123696,1,18
123677,123695,123696,1,18
123677,123695,123696,1,18
123677,123695,123696,1,18
123677,123695,123696,1,18
123677,123695,123696,1,18
123677,123694,123695,1,17
123677,123695,123696,1,18
123677,123695,123696,1,18
123677,123696,123697,1,19
123677,123696,123697,1,19
123677,123696,123697,1,19
123677,123696,123697,1,19
123677,123696,123697,1,19
123677,123696,123697,1,19
123677,123696,123697,1,19
123677,123696,123697,1,19
123677,123697,123698,1,20
123677,123696,123697,1,19
123677,123697,123698,1,20
123677,123697,123698,1,20
123677,123697,123698,1,20
123677,123697,123698,1,20
123677,123697,123698,1,20
123677,123697,123698,1,20
123677,123697,123698,1,20
123677,123698,123699,1,21
123677,123698,123699,1,21
123677,123698,123699,1,21
123677,123698,123699,1,21
123677,123698,123699,1,21
123677,123698,123699,1,21
123677,123698,123699,1,21
123677,123698,123699,1,21
123677,123698,123699,1,21
123677,123698,123699,1,21
123677,123698,123699,1,21
123677,123698,123699,1,21
123677,123698,123699,1,21
123677,123699,123700,1,22
123677,123699,123700,1,22
123677,123698,123700,2,21
123677,123699,123700,1,22
123677,123699,123700,1,22
123677,123699,123700,1,22
123677,123699,123700,1,22
123677,123692,123702,10,15
123025,123031,123751,720,6
123752,123752,123753,1,0
123752,123752,123753,1,0
123752,123752,123753,1,0
123050,123056,123753,697,6
123752,123752,123753,1,0
123752,123752,123753,1,0
123752,123752,123753,1,0
123752,123752,123753,1,0
123752,123752,123753,1,0
123752,123752,123753,1,0
123752,123752,123753,1,0
123752,123752,123754,2,0
123752,123753,123754,1,1
123752,123752,123753,1,0
123752,123752,123753,1,0
123752,123753,123754,1,1
123752,123754,123755,1,2
123752,123753,123754,1,1
123752,123753,123754,1,1
123752,123753,123754,1,1
123752,123753,123754,1,1
123752,123753,123754,1,1
123752,123754,123755,1,2
123752,123754,123756,2,2
123752,123754,123756,2,2
123752,123754,123756,2,2
123752,123754,123755,1,2
123752,123755,123756,1,3
123752,123754,123755,1,2
123752,123754,123755,1,2
123752,123754,123755,1,2
123752,123755,123756,1,3
123752,123755,123756,1,3
123752,123754,123755,1,2
123752,123754,123755,1,2
123752,123754,123755,1,2
123752,123755,123756,1,3
123752,123754,123757,3,2
123752,123756,123757,1,4
123752,123756,123757,1,4
123752,123755,123756,1,3
123752,123756,123757,1,4
123752,123756,123757,1,4
123752,123756,123757,1,4
123752,123756,123757,1,4
123752,123756,123757,1,4
123752,123755,123757,2,3
123752,123756,123757,1,4
123752,123756,123757,1,4
123752,123756,123757,1,4
123752,123756,123757,1,4
123752,123757,123758,1,5
123752,123756,123757,1,4
123752,123756,123758,2,4
123752,123756,123758,2,4
123752,123757,123758,1,5
123752,123757,123758,1,5
123752,123757,123758,1,5
123752,123757,123758,1,5
123752,123757,123758,1,5
123752,123757,123758,1,5
123752,123757,123758,1,5
123752,123757,123758,1,5
123752,123757,123758,1,5
123752,123758,123759,1,6
123752,123758,123759,1,6
123752,123758,123759,1,6
123752,123758,123759,1,6
123752,123758,123759,1,6
123752,123758,123759,1,6
123752,123758,123759,1,6
123752,123758,123759,1,6
123752,123757,123759,2,5
123752,123758,123759,1,6
123752,123758,123760,2,6
123752,123758,123760,2,6
123752,123759,123760,1,7
123752,123759,123760,1,7
123752,123758,123759,1,6
123752,123759,123760,1,7
123752,123759,123760,1,7
123752,123759,123760,1,7
123752,123758,123760,2,6
123756,123760,123761,1,4
123756,123760,123761,1,4
123756,123760,123761,1,4
123756,123760,123761,1,4
123756,123760,123761,1,4
123756,123760,123761,1,4
123756,123760,123761,1,4
123756,123761,123762,1,5
123756,123761,123762,1,5
123756,123761,123762,1,5
123756,123761,123762,1,5
123756,123761,123762,1,5
123756,123762,123763,1,6
123756,123761,123762,1,5
123756,123761,123762,1,5
123756,123761,123762,1,5
123756,123761,123762,1,5
123756,123761,123763,2,5
123756,123761,123763,2,5
123756,123762,123763,1,6
123756,123762,123763,1,6
123756,123762,123763,1,6
123756,123762,123763,1,6
123756,123763,123764,1,7
123756,123762,123763,1,6
123756,123763,123764,1,7
123756,123763,123764,1,7
123756,123762,123763,1,6
123756,123763,123764,1,7
123756,123763,123764,1,7
123756,123764,123765,1,8
123756,123764,123765,1,8
123756,123764,123765,1,8
123756,123763,123764,1,7
123756,123764,123765,1,8
123756,123763,123764,1,7
123756,123763,123764,1,7
123756,123763,123764,1,7
123756,123764,123765,1,8
123756,123763,123765,2,7
123756,123763,123764,1,7
123756,123764,123765,1,8
123756,123765,123766,1,9
123756,123765,123766,1,9
123756,123765,123766,1,9
123756,123764,123765,1,8
123756,123765,123766,1,9
123756,123765,123766,1,9
123756,123765,123766,1,9
123756,123765,123766,1,9
123756,123765,123766,1,9
123756,123765,123766,1,9
123756,123766,123767,1,10
123756,123766,123767,1,10
123756,123766,123767,1,10
123756,123766,123767,1,10
123756,123766,123767,1,10
123756,123765,123766,1,9
123756,123766,123767,1,10
123756,123766,123767,1,10
123756,123766,123767,1,10
123756,123766,123767,1,10
123756,123765,123767,2,9
123756,123765,123767,2,9
123756,123767,123768,1,11
123756,123767,123768,1,11
123756,123767,123768,1,11
123756,123767,123768,1,11
123756,123767,123768,1,11
123756,123767,123768,1,11
123756,123767,123768,1,11
123078,123097,123799,702,19
123799,123799,123800,1,0
123799,123799,123800,1,0
123799,123799,123800,1,0
123799,123799,123800,1,0
123799,123799,123800,1,0
123799,123799,123800,1,0
123799,123799,123800,1,0
123799,123799,123800,1,0
123799,123799,123800,1,0
123799,123799,123800,1,0
123799,123799,123800,1,0
123799,123799,123800,1,0
123799,123799,123800,1,0
123799,123799,123800,1,0
123799,123799,123801,2,0
123799,123799,123801,2,0
123799,123799,123801,2,0
123799,123800,123802,2,1
123799,123801,123802,1,2
123799,123801,123802,1,2
123799,123801,123802,1,2
123799,123801,123802,1,2
123799,123801,123802,1,2
123799,123801,123802,1,2
123799,123801,123802,1,2
123799,123801,123802,1,2
123799,123801,123802,1,2
123799,123801,123802,1,2
123799,123801,123802,1,2
123799,123801,123802,1,2
123799,123801,123802,1,2
123799,123802,123803,1,3
123799,123802,123803,1,3
123799,123802,123804,2,3
123799,123803,123804,1,4
123799,123803,123804,1,4
123799,123803,123804,1,4
123799,123803,123804,1,4
123799,123803,123804,1,4
123799,123803,123804,1,4
123799,123803,123804,1,4
123799,123803,123804,1,4
123799,123803,123804,1,4
123799,123803,123804,1,4
123799,123803,123804,1,4
123799,123803,123804,1,4
123799,123804,123805,1,5
123799,123803,123804,1,4
123799,123803,123804,1,4
123799,123804,123805,1,5
123799,123804,123805,1,5
123799,123805,123806,1,6
123799,123805,123806,1,6
123799,123805,123806,1,6
123799,123805,123806,1,6
123799,123805,123806,1,6
123799,123805,123806,1,6
123799,123806,123807,1,7
123799,123806,123807,1,7
123799,123806,123807,1,7
123799,123806,123807,1,7
123799,123806,123807,1,7
123799,123806,123807,1,7
123799,123806,123807,1,7
123799,123807,123808,1,8
123799,123807,123808,1,8
123799,123807,123808,1,8
123799,123807,123808,1,8
123799,123807,123808,1,8
123799,123807,123808,1,8
123799,123807,123808,1,8
123799,123807,123808,1,8
123799,123808,123809,1,9
123799,123808,123809,1,9
123799,123808,123809,1,9
123799,123808,123809,1,9
123321,123328,123819,491,7
123833,123833,123834,1,0
123833,123833,123834,1,0
123833,123833,123834,1,0
123833,123833,123834,1,0
123833,123833,123834,1,0
123833,123833,123834,1,0
123833,123833,123834,1,0
123833,123833,123834,1,0
123833,123833,123834,1,0
123833,123833,123835,2,0
123833,123834,123835,1,1
123833,123833,123835,2,0
123833,123833,123835,2,0
123833,123833,123834,1,0
123833,123833,123835,2,0
123833,123833,123835,2,0
123833,123833,123834,1,0
123833,123834,123835,1,1
123833,123834,123835,1,1
123833,123834,123836,2,1
123833,123834,123836,2,1
123833,123834,123835,1,1
123833,123834,123835,1,1
123833,123834,123836,2,1
123833,123835,123836,1,2
123833,123834,123836,2,1
123833,123835,123836,1,2
123833,123835,123836,1,2
123833,123836,123837,1,3
123833,123836,123837,1,3
123833,123836,123837,1,3
123833,123836,123837,1,3
123833,123836,123837,1,3
123833,123836,123837,1,3
123833,123836,123837,1,3
123833,123836,123838,2,3
123833,123837,123838,1,4
123833,123837,123838,1,4
123833,123837,123838,1,4
123833,123837,123838,1,4
123833,123838,123839,1,5
123833,123837,123838,1,4
123833,123838,123839,1,5
123833,123838,123839,1,5
123833,123837,123838,1,4
123833,123836,123839,3,3
123833,123837,123839,2,4
123833,123839,123840,1,6
123148,123153,123839,686,5
123833,123839,123840,1,6
123833,123839,123840,1,6
123833,123839,123840,1,6
123833,123840,123841,1,7
123833,123840,123841,1,7
123833,123840,123841,1,7
123833,123840,123841,1,7
123833,123840,123841,1,7
123833,123840,123841,1,7
123833,123841,123842,1,8
123833,123841,123842,1,8
123833,123841,123842,1,8
123833,123841,123842,1,8
123833,123841,123842,1,8
123833,123841,123842,1,8
123841,123842,123843,1,1
123841,123842,123843,1,1
123841,123842,123843,1,1
123841,123842,123843,1,1
123841,123842,123843,1,1
123841,123842,123843,1,1
123841,123842,123843,1,1
123841,123842,123844,2,1
123841,123842,123844,2,1
123841,123842,123844,2,1
123841,123842,123844,2,1
123841,123842,123844,2,1
123841,123842,123844,2,1
123841,123843,123844,1,2
123841,123843,123844,1,2
123841,123843,123844,1,2
123841,123843,123844,1,2
123841,123843,123845,2,2
123841,123843,123845,2,2
123841,123843,123844,1,2
123841,123843,123844,1,2
123841,123843,123845,2,2
123841,123843,123845,2,2
123841,123844,123845,1,3
123841,123844,123846,2,3
123841,123844,123846,2,3
123841,123844,123846,2,3
123841,123844,123846,2,3
123841,123844,123846,2,3
123841,123844,123846,2,3
123841,123845,123846,1,4
123841,123845,123846,1,4
123841,123845,123846,1,4
123841,123845,123846,1,4
123841,123845,123846,1,4
123841,123845,123847,2,4
123841,123845,123846,1,4
123841,123845,123846,1,4
123841,123845,123847,2,4
123841,123845,123847,2,4
123841,123847,123848,1,6
123841,123846,123847,1,5
123841,123847,123848,1,6
123841,123847,123848,1,6
123841,123847,123848,1,6
123841,123847,123848,1,6
123841,123847,123848,1,6
123841,123847,123848,1,6
123841,123847,123848,1,6
123841,123847,123848,1,6
123841,123847,123848,1,6
123841,123846,123848,2,5
123841,123846,123848,2,5
123841,123846,123847,1,5
123841,123847,123848,1,6
123841,123847,123848,1,6
123841,123847,123848,1,6
123841,123848,123849,1,7
123841,123848,123849,1,7
123841,123848,123849,1,7
123841,123848,123849,1,7
123841,123848,123849,1,7
123841,123848,123849,1,7
123841,123848,123849,1,7
123841,123848,123849,1,7
123841,123848,123849,1,7
123841,123848,123849,1,7
123841,123848,123849,1,7
123841,123848,123849,1,7
123841,123849,123850,1,8
123841,123849,123850,1,8
123841,123849,123850,1,8
123841,123849,123850,1,8
123841,123849,123850,1,8
123841,123849,123850,1,8
123841,123849,123850,1,8
123841,123849,123850,1,8
123841,123849,123850,1,8
123841,123849,123850,1,8
123841,123850,123851,1,9
123841,123850,123851,1,9
123841,123850,123851,1,9
123841,123850,123851,1,9
123841,123850,123851,1,9
123841,123850,123851,1,9
123841,123850,123851,1,9
123120,123130,123855,725,10
123856,123856,123857,1,0
123856,123856,123857,1,0
123856,123856,123857,1,0
123856,123856,123857,1,0
123856,123856,123857,1,0
123856,123856,123857,1,0
123856,123856,123857,1,0
123856,123856,123857,1,0
123856,123856,123857,1,0
123856,123856,123857,1,0
123856,123856,123858,2,0
123856,123856,123858,2,0
123856,123856,123858,2,0
123856,123856,123858,2,0
123856,123856,123858,2,0
123856,123856,123858,2,0
123856,123856,123858,2,0
123856,123857,123859,2,1
123856,123857,123859,2,1
123856,123857,123859,2,1
123856,123857,123859,2,1
123856,123857,123859,2,1
123856,123857,123859,2,1
123856,123857,123859,2,1
123856,123857,123859,2,1
123856,123858,123860,2,2
123856,123857,123859,2,1
123856,123858,123860,2,2
123856,123859,123861,2,3
123856,123859,123861,2,3
123856,123859,123861,2,3
123856,123859,123861,2,3
123856,123859,123861,2,3
123856,123858,123861,3,2
123856,123858,123861,3,2
123856,123858,123860,2,2
123856,123859,123861,2,3
123856,123858,123861,3,2
123856,123859,123861,2,3
123856,123858,123861,3,2
123856,123859,123861,2,3
123856,123860,123862,2,4
123856,123858,123861,3,2
123856,123861,123862,1,5
123856,123861,123862,1,5
123856,123861,123862,1,5
123856,123862,123863,1,6
123856,123861,123863,2,5
123856,123861,123863,2,5
123856,123861,123863,2,5
123856,123861,123863,2,5
123856,123861,123863,2,5
123856,123862,123863,1,6
123856,123862,123863,1,6
123856,123862,123863,1,6
123856,123862,123863,1,6
123856,123862,123863,1,6
123856,123863,123864,1,7
123856,123863,123864,1,7
123856,123863,123864,1,7
123856,123864,123865,1,8
123856,123865,123866,1,9
123856,123864,123866,2,8
123856,123865,123867,2,9
123856,123865,123867,2,9
123856,123865,123867,2,9
123397,123403,123885,482,6
123891,123891,123892,1,0
123891,123891,123892,1,0
123891,123891,123892,1,0
123891,123891,123892,1,0
123891,123891,123892,1,0
123891,123891,123892,1,0
123891,123891,123892,1,0
123891,123891,123892,1,0
123891,123891,123892,1,0
123891,123891,123892,1,0
123891,123891,123893,2,0
123891,123891,123893,2,0
123891,123891,123892,1,0
123891,123891,123893,2,0
123891,123891,123893,2,0
123891,123892,123893,1,1
123891,123892,123893,1,1
123891,123891,123893,2,0
123891,123891,123893,2,0
123891,123892,123894,2,1
123891,123892,123894,2,1
123891,123892,123894,2,1
123891,123893,123895,2,2
123891,123893,123894,1,2
123891,123893,123894,1,2
123891,123893,123895,2,2
123891,123893,123895,2,2
123891,123893,123895,2,2
123891,123893,123895,2,2
123891,123893,123895,2,2
123891,123893,123895,2,2
123891,123893,123895,2,2
123891,123893,123895,2,2
123891,123893,123895,2,2
123891,123895,123896,1,4
123891,123895,123896,1,4
123891,123894,123896,2,3
123891,123894,123896,2,3
123891,123894,123896,2,3
123891,123895,123896,1,4
123891,123893,123895,2,2
123891,123894,123895,1,3
123891,123895,123896,1,4
123891,123895,123896,1,4
123891,123895,123897,2,4
123891,123896,123897,1,5
123891,123896,123897,1,5
123891,123895,123896,1,4
123891,123896,123897,1,5
123891,123895,123897,2,4
123891,123895,123897,2,4
123891,123896,123897,1,5
123891,123896,123897,1,5
123891,123896,123897,1,5
123891,123896,123897,1,5
123891,123896,123897,1,5
123891,123896,123897,1,5
123891,123895,123897,2,4
123891,123895,123896,1,4
123891,123896,123897,1,5
123891,123896,123897,1,5
123891,123897,123898,1,6
123891,123897,123898,1,6
123891,123897,123898,1,6
123891,123897,123898,1,6
123891,123897,123898,1,6
123891,123897,123898,1,6
123891,123897,123898,1,6
123891,123897,123898,1,6
123891,123897,123898,1,6
123891,123897,123898,1,6
123891,123898,123899,1,7
123891,123898,123899,1,7
123891,123898,123899,1,7
123891,123898,123899,1,7
123891,123898,123899,1,7
123891,123899,123900,1,8
123891,123899,123900,1,8
123891,123900,123901,1,9
123398,123411,123904,493,13
123183,123183,123906,723,0
123915,123915,123916,1,0
123915,123915,123916,1,0
123915,123915,123916,1,0
123915,123915,123916,1,0
123915,123915,123916,1,0
123915,123915,123916,1,0
123915,123915,123916,1,0
123915,123915,123917,2,0
123915,123915,123917,2,0
123915,123915,123917,2,0
123915,123915,123917,2,0
123915,123915,123917,2,0
123915,123915,123917,2,0
123915,123916,123917,1,1
123915,123916,123917,1,1
123915,123915,123917,2,0
123915,123916,123918,2,1
123915,123917,123918,1,2
123915,123915,123917,2,0
123915,123916,123918,2,1
123915,123916,123918,2,1
123915,123916,123918,2,1
123915,123915,123918,3,0
123915,123915,123919,4,0
123915,123917,123919,2,2
123915,123918,123919,1,3
123915,123918,123919,1,3
123915,123917,123919,2,2
123915,123917,123918,1,2
123915,123918,123919,1,3
123915,123918,123919,1,3
123915,123918,123919,1,3
123915,123917,123919,2,2
123915,123917,123918,1,2
123915,123918,123919,1,3
123915,123917,123919,2,2
123915,123919,123920,1,4
123915,123919,123920,1,4
123915,123919,123920,1,4
123915,123918,123920,2,3
123915,123918,123920,2,3
123915,123918,123920,2,3
123915,123919,123920,1,4
123915,123919,123921,2,4
123915,123919,123921,2,4
123915,123920,123922,2,5
123915,123919,123922,3,4
123915,123919,123922,3,4
123915,123921,123922,1,6
123915,123921,123922,1,6
123915,123922,123923,1,7
123915,123922,123923,1,7
123915,123922,123923,1,7
123915,123923,123924,1,8
123915,123923,123924,1,8
123915,123923,123924,1,8
123915,123922,123924,2,7
123915,123922,123924,2,7
123915,123924,123925,1,9
123915,123924,123925,1,9
123915,123924,123926,2,9
123915,123924,123926,2,9
123915,123924,123926,2,9
123915,123924,123926,2,9
123915,123924,123926,2,9
123915,123924,123925,1,9
123915,123925,123926,1,10
123915,123925,123926,1,10
123915,123925,123926,1,10
123915,123925,123927,2,10
123915,123925,123926,1,10
123915,123925,123926,1,10
123915,123925,123926,1,10
123915,123925,123926,1,10
123915,123925,123927,2,10
123915,123925,123926,1,10
123915,123925,123927,2,10
123915,123927,123928,1,12
123915,123927,123928,1,12
123915,123926,123928,2,11
123915,123926,123928,2,11
123915,123926,123928,2,11
123915,123926,123928,2,11
123915,123926,123928,2,11
123915,123926,123928,2,11
123915,123926,123928,2,11
123915,123927,123928,1,12
123915,123927,123928,1,12
123915,123927,123928,1,12
123915,123927,123929,2,12
123915,123927,123928,1,12
123915,123927,123928,1,12
123915,123927,123928,1,12
123915,123928,123929,1,13
123915,123928,123929,1,13
123915,123928,123929,1,13
123915,123928,123929,1,13
123915,123928,123929,1,13
123915,123928,123929,1,13
123915,123928,123930,2,13
123915,123929,123930,1,14
123915,123929,123930,1,14
123915,123929,123930,1,14
123915,123929,123930,1,14
123915,123929,123930,1,14
123915,123929,123930,1,14
123915,123929,123930,1,14
123915,123928,123930,2,13
123915,123929,123930,1,14
123915,123929,123930,1,14
123915,123928,123929,1,13
123915,123928,123929,1,13
123915,123929,123930,1,14
123915,123930,123931,1,15
123915,123930,123931,1,15
123915,123930,123931,1,15
123915,123930,123931,1,15
123915,123930,123931,1,15
123915,123930,123931,1,15
123915,123930,123931,1,15
123915,123930,123931,1,15
123915,123930,123931,1,15
123915,123930,123931,1,15
123915,123930,123931,1,15
123915,123930,123931,1,15
123915,123930,123931,1,15
123915,123930,123931,1,15
123915,123931,123932,1,16
123915,123931,123932,1,16
123915,123931,123932,1,16
123915,123931,123932,1,16
123915,123931,123932,1,16
123915,123931,123932,1,16
123915,123931,123932,1,16
123915,123931,123932,1,16
123915,123931,123932,1,16
123915,123931,123932,1,16
123915,123931,123932,1,16
123323,123337,124035,698,14
124036,124036,124037,1,0
124036,124036,124037,1,0
124036,124036,124037,1,0
124036,124036,124037,1,0
124036,124036,124037,1,0
124036,124036,124037,1,0
124036,124036,124037,1,0
124036,124036,124037,1,0
124036,124036,124037,1,0
124036,124036,124037,1,0
124036,124036,124037,1,0
124036,124036,124037,1,0
124036,124036,124037,1,0
124036,124036,124038,2,0
124036,124036,124037,1,0
124036,124037,124038,1,1
124036,124036,124037,1,0
124036,124037,124038,1,1
124036,124037,124039,2,1
124036,124037,124039,2,1
124036,124037,124039,2,1
124036,124037,124038,1,1
124036,124037,124038,1,1
124036,124037,124039,2,1
124036,124037,124039,2,1
124036,124036,124039,3,0
124036,124037,124039,2,1
124036,124037,124039,2,1
124036,124038,124040,2,2
124036,124038,124040,2,2
124036,124037,124040,3,1
124036,124038,124040,2,2
124036,124038,124039,1,2
124036,124038,124040,2,2
124036,124039,124041,2,3
124036,124039,124041,2,3
124036,124039,124041,2,3
124036,124039,124041,2,3
124036,124039,124041,2,3
124036,124039,124041,2,3
124036,124040,124041,1,4
124036,124039,124041,2,3
124036,124039,124041,2,3
124036,124039,124041,2,3
124036,124039,124041,2,3
124036,124039,124041,2,3
124036,124040,124041,1,4
124036,124040,124041,1,4
124036,124040,124042,2,4
124036,124041,124042,1,5
124036,124041,124042,1,5
124036,124040,124042,2,4
124036,124040,124041,1,4
124036,124041,124042,1,5
124036,124041,124042,1,5
124036,124041,124042,1,5
124036,124041,124042,1,5
124036,124041,124042,1,5
124036,124042,124043,1,6
124036,124042,124043,1,6
124036,124042,124043,1,6
124036,124042,124043,1,6
124036,124042,124043,1,6
124036,124042,124043,1,6
124036,124042,124043,1,6
124036,124042,124043,1,6
124036,124042,124043,1,6
124036,124042,124043,1,6
124036,124043,124044,1,7
124036,124042,124044,2,6
124036,124043,124044,1,7
124036,124043,124044,1,7
124036,124042,124044,2,6
124036,124042,124043,1,6
124036,124044,124045,1,8
124036,124044,124045,1,8
124036,124044,124045,1,8
124036,124044,124045,1,8
124036,124044,124045,1,8
124036,124045,124046,1,9
123548,123554,124066,512,6
124067,124067,124068,1,0
124067,124067,124068,1,0
124067,124067,124068,1,0
124067,124067,124068,1,0
124067,124067,124068,1,0
124067,124067,124068,1,0
124067,124067,124068,1,0
124067,124067,124068,1,0
124067,124067,124068,1,0
124067,124067,124069,2,0
124067,124067,124069,2,0
124067,124067,124069,2,0
124067,124067,124068,1,0
124067,124067,124068,1,0
124067,124067,124068,1,0
124067,124068,124069,1,1
124067,124068,124070,2,1
124067,124068,124070,2,1
124067,124068,124070,2,1
124067,124068,124070,2,1
124067,124068,124070,2,1
124067,124068,124069,1,1
124067,124068,124069,1,1
124067,124068,124070,2,1
124067,124068,124070,2,1
124067,124069,124071,2,2
124067,124069,124071,2,2
124067,124069,124071,2,2
124067,124069,124071,2,2
124067,124070,124071,1,3
124067,124070,124071,1,3
124067,124070,124072,2,3
124067,124069,124072,3,2
124067,124069,124071,2,2
124067,124069,124072,3,2
124067,124070,124072,2,3
124067,124070,124072,2,3
124067,124071,124072,1,4
124067,124071,124072,1,4
124067,124071,124072,1,4
124067,124071,124072,1,4
124067,124071,124072,1,4
124067,124072,124073,1,5
124067,124070,124072,2,3
124067,124070,124072,2,3
124067,124070,124072,2,3
124067,124072,124073,1,5
124067,124070,124072,2,3
124067,124072,124073,1,5
124067,124070,124072,2,3
124067,124072,124073,1,5
124067,124072,124073,1,5
124067,124071,124073,2,4
124067,124073,124074,1,6
124067,124073,124074,1,6
124067,124073,124074,1,6
124067,124073,124074,1,6
124067,124073,124074,1,6
124067,124074,124075,1,7
124067,124074,124075,1,7
124067,124074,124075,1,7
124067,124073,124074,1,6
124067,124074,124075,1,7
124067,124074,124075,1,7
124067,124073,124074,1,6
124067,124074,124075,1,7
124067,124075,124076,1,8
124067,124075,124076,1,8
124067,124075,124076,1,8
124067,124075,124076,1,8
124067,124075,124076,1,8
124067,124075,124076,1,8
124067,124075,124076,1,8
124067,124074,124076,2,7
123564,123572,124082,510,8
124091,124092,124093,1,1
124091,124092,124093,1,1
124091,124093,124094,1,2
124091,124092,124093,1,1
124091,124093,124094,1,2
124091,124093,124094,1,2
124091,124093,124094,1,2
124091,124094,124095,1,3
124091,124093,124094,1,2
124091,124093,124094,1,2
124091,124093,124094,1,2
124091,124093,124094,1,2
124091,124094,124095,1,3
124091,124094,124095,1,3
124091,124095,124096,1,4
124091,124095,124096,1,4
124091,124095,124096,1,4
124091,124095,124096,1,4
124091,124095,124096,1,4
124091,124095,124096,1,4
124091,124095,124096,1,4
124091,124092,124093,1,1
124091,124093,124094,1,2
124091,124096,124097,1,5
124091,124096,124097,1,5
124091,124096,124097,1,5
124091,124096,124097,1,5
124091,124096,124097,1,5
124091,124096,124097,1,5
124091,124096,124097,1,5
124091,124096,124097,1,5
124091,124096,124097,1,5
124091,124096,124097,1,5
124091,124096,124097,1,5
124091,124096,124097,1,5
124091,124096,124097,1,5
124091,124097,124098,1,6
124091,124097,124098,1,6
124091,124097,124098,1,6
124091,124097,124098,1,6
124091,124097,124098,1,6
124091,124097,124098,1,6
124091,124097,124098,1,6
124091,124098,124099,1,7
124091,124098,124099,1,7
124091,124097,124098,1,6
124091,124098,124099,1,7
124091,124098,124099,1,7
124091,124098,124099,1,7
124091,124098,124099,1,7
124091,124098,124099,1,7
124091,124098,124099,1,7
124091,124098,124099,1,7
124091,124098,124099,1,7
124091,124096,124098,2,5
124091,124099,124100,1,8
124091,124099,124100,1,8
123661,123669,124152,483,8
124155,124155,124156,1,0
124155,124155,124156,1,0
124155,124155,124156,1,0
124155,124155,124156,1,0
124155,124155,124156,1,0
124155,124155,124156,1,0
124155,124155,124156,1,0
124155,124155,124156,1,0
124155,124155,124156,1,0
124155,124155,124156,1,0
124155,124156,124157,1,1
124155,124156,124157,1,1
124155,124156,124157,1,1
124155,124156,124157,1,1
124155,124157,124158,1,2
124155,124156,124157,1,1
124155,124156,124157,1,1
124155,124155,124158,3,0
124155,124155,124158,3,0
124155,124158,124159,1,3
124155,124157,124158,1,2
124155,124156,124158,2,1
124155,124157,124158,1,2
124155,124157,124158,1,2
124155,124157,124158,1,2
124155,124157,124159,2,2
124155,124158,124159,1,3
124155,124158,124159,1,3
124155,124158,124159,1,3
124155,124158,124159,1,3
124155,124157,124158,1,2
124155,124158,124159,1,3
124155,124158,124159,1,3
124155,124159,124160,1,4
124155,124157,124159,2,2
124155,124159,124160,1,4
124155,124159,124160,1,4
124155,124159,124160,1,4
124155,124159,124160,1,4
124155,124159,124160,1,4
124155,124159,124160,1,4
124155,124159,124160,1,4
124155,124159,124160,1,4
124155,124159,124161,2,4
124155,124159,124160,1,4
124155,124159,124160,1,4
124155,124159,124160,1,4
124155,124159,124160,1,4
124155,124160,124161,1,5
124155,124160,124161,1,5
124155,124160,124161,1,5
124155,124160,124161,1,5
124155,124160,124161,1,5
124155,124160,124161,1,5
124155,124160,124161,1,5
124155,124161,124162,1,6
124155,124161,124162,1,6
124155,124159,124161,2,4
124155,124161,124162,1,6
124155,124161,124162,1,6
124155,124161,124162,1,6
124155,124161,124162,1,6
124155,124160,124162,2,5
124155,124161,124162,1,6
124155,124161,124162,1,6
124155,124161,124162,1,6
124155,124161,124162,1,6
124155,124161,124162,1,6
124155,124161,124162,1,6
124155,124161,124162,1,6
124155,124161,124162,1,6
124155,124162,124163,1,7
124155,124162,124163,1,7
124155,124162,124163,1,7
124155,124162,124163,1,7
124155,124162,124163,1,7
124155,124162,124163,1,7
124155,124162,124163,1,7
124155,124162,124163,1,7
124155,124162,124163,1,7
124155,124162,124163,1,7
124155,124162,124163,1,7
124155,124162,124163,1,7
124155,124162,124163,1,7
124155,124162,124163,1,7
124155,124162,124163,1,7
124155,124163,124164,1,8
124155,124163,124164,1,8
124155,124162,124163,1,7
124155,124163,124164,1,8
123711,123712,124185,473,1
124185,124186,124187,1,1
124185,124186,124187,1,1
124185,124186,124187,1,1
124185,124186,124187,1,1
124185,124187,124188,1,2
124185,124186,124187,1,1
124185,124186,124187,1,1
124185,124186,124187,1,1
124185,124187,124188,1,2
124185,124186,124188,2,1
124185,124188,124189,1,3
124185,124187,124188,1,2
124185,124187,124188,1,2
124185,124187,124188,1,2
124185,124187,124188,1,2
124185,124187,124188,1,2
124185,124188,124189,1,3
124185,124188,124189,1,3
124185,124188,124189,1,3
124185,124189,124190,1,4
124185,124188,124189,1,3
124185,124188,124189,1,3
124185,124189,124190,1,4
124185,124189,124190,1,4
124185,124189,124190,1,4
124185,124189,124190,1,4
124185,124189,124190,1,4
124185,124190,124191,1,5
124185,124189,124190,1,4
124185,124190,124191,1,5
124185,124190,124191,1,5
124185,124190,124191,1,5
124185,124190,124191,1,5
124185,124189,124190,1,4
124185,124189,124190,1,4
124185,124190,124191,1,5
124185,124190,124191,1,5
124185,124190,124191,1,5
124185,124190,124191,1,5
124185,124191,124192,1,6
124185,124190,124191,1,5
124185,124190,124191,1,5
124185,124191,124192,1,6
124185,124191,124192,1,6
124185,124191,124192,1,6
124185,124191,124192,1,6
124185,124191,124192,1,6
124185,124191,124192,1,6
124185,124191,124192,1,6
124185,124192,124193,1,7
124185,124192,124193,1,7
124185,124192,124193,1,7
124185,124192,124193,1,7
124185,124192,124193,1,7
124185,124192,124193,1,7
124185,124192,124193,1,7
124185,124192,124193,1,7
124185,124192,124193,1,7
124185,124192,124193,1,7
124185,124193,124194,1,8
124185,124193,124194,1,8
124185,124192,124193,1,7
124185,124192,124193,1,7
124185,124193,124194,1,8
124185,124193,124194,1,8
124185,124193,124194,1,8
124185,124193,124194,1,8
124185,124193,124194,1,8
124185,124193,124194,1,8
124185,124193,124194,1,8
124185,124193,124194,1,8
124185,124186,124195,9,1
123531,123540,124240,700,9
124241,124241,124242,1,0
124241,124241,124242,1,0
124241,124241,124242,1,0
124241,124241,124242,1,0
124241,124241,124242,1,0
124241,124241,124242,1,0
124241,124241,124242,1,0
124241,124241,124242,1,0
124241,124241,124242,1,0
124241,124241,124242,1,0
124241,124241,124242,1,0
124241,124241,124243,2,0
124241,124241,124242,1,0
124241,124241,124243,2,0
124241,124241,124242,1,0
124241,124241,124243,2,0
124241,124241,124243,2,0
124241,124242,124243,1,1
124241,124242,124243,1,1
124241,124242,124244,2,1
124241,124242,124243,1,1
124241,124242,124243,1,1
124241,124242,124243,1,1
124241,124242,124244,2,1
124241,124242,124244,2,1
124241,124243,124245,2,2
124241,124243,124245,2,2
124241,124243,124245,2,2
124241,124244,124246,2,3
124241,124243,124245,2,2
124241,124243,124245,2,2
124241,124243,124245,2,2
124241,124243,124245,2,2
124241,124244,124246,2,3
124241,124244,124246,2,3
124241,124243,124245,2,2
124241,124244,124246,2,3
124241,124244,124246,2,3
124241,124244,124246,2,3
124241,124245,124246,1,4
124241,124244,124246,2,3
124241,124244,124246,2,3
124241,124245,124246,1,4
124241,124246,124247,1,5
124241,124246,124247,1,5
124241,124246,124247,1,5
124241,124246,124247,1,5
124241,124244,124246,2,3
124241,124246,124247,1,5
124241,124246,124247,1,5
124241,124246,124247,1,5
124241,124246,124247,1,5
124241,124247,124248,1,6
124241,124247,124248,1,6
124241,124246,124247,1,5
124241,124246,124248,2,5
124241,124246,124247,1,5
124241,124247,124248,1,6
124241,124247,124248,1,6
124241,124246,124247,1,5
124241,124247,124248,1,6
124241,124247,124248,1,6
124241,124247,124248,1,6
124241,124247,124248,1,6
124241,124247,124248,1,6
124241,124248,124249,1,7
124241,124248,124249,1,7
124241,124247,124248,1,6
124241,124248,124249,1,7
124241,124248,124249,1,7
124241,124248,124249,1,7
124241,124249,124250,1,8
124241,124248,124250,2,7
124241,124249,124250,1,8
124241,124249,124250,1,8
124241,124249,124250,1,8
124241,124249,124250,1,8
124241,124249,124250,1,8
124241,124249,124250,1,8
124241,124248,124250,2,7
124241,124250,124251,1,9
123525,123531,124268,737,6
124269,124269,124270,1,0
124269,124269,124270,1,0
124269,124269,124270,1,0
124269,124269,124270,1,0
124269,124269,124270,1,0
124269,124269,124270,1,0
124269,124269,124270,1,0
124269,124269,124271,2,0
124269,124269,124271,2,0
124269,124270,124271,1,1
124269,124270,124271,1,1
124269,124270,124271,1,1
124269,124269,124271,2,0
124269,124269,124271,2,0
124269,124269,124271,2,0
124269,124269,124271,2,0
124269,124269,124272,3,0
124269,124270,124272,2,1
124269,124271,124272,1,2
124269,124271,124272,1,2
124269,124271,124272,1,2
124269,124271,124272,1,2
124269,124271,124272,1,2
124269,124271,124272,1,2
124269,124271,124273,2,2
124269,124272,124274,2,3
124269,124272,124273,1,3
124269,124272,124273,1,3
124269,124272,124273,1,3
124269,124272,124274,2,3
124269,124272,124274,2,3
124269,124273,124274,1,4
124269,124273,124274,1,4
124269,124272,124274,2,3
124269,124272,124274,2,3
124269,124273,124275,2,4
124269,124273,124274,1,4
124269,124273,124274,1,4
124269,124273,124274,1,4
124269,124273,124274,1,4
124269,124274,124275,1,5
124269,124274,124275,1,5
124269,124272,124275,3,3
124269,124275,124276,1,6
124269,124274,124275,1,5
124269,124274,124275,1,5
124269,124274,124275,1,5
124269,124275,124276,1,6
124269,124275,124276,1,6
124269,124275,124276,1,6
124269,124275,124276,1,6
124269,124275,124276,1,6
124269,124275,124276,1,6
124269,124275,124276,1,6
124269,124276,124277,1,7
124269,124276,124277,1,7
124269,124276,124277,1,7
124269,124276,124277,1,7
124269,124276,124277,1,7
124269,124277,124278,1,8
124269,124277,124278,1,8
124269,124277,124278,1,8
124269,124276,124277,1,7
124269,124277,124278,1,8
124269,124277,124278,1,8
124269,124277,124278,1,8
124269,124277,124278,1,8
124269,124277,124278,1,8
124269,124278,124279,1,9
124269,124278,124279,1,9
124269,124278,124279,1,9
124269,124278,124279,1,9
124269,124278,124279,1,9
124269,124278,124279,1,9
124269,124278,124279,1,9
124269,124278,124279,1,9
124269,124278,124279,1,9
124269,124278,124279,1,9
124269,124278,124279,1,9
123801,123808,124281,473,7
124282,124283,124284,1,1
124282,124283,124284,1,1
124282,124283,124284,1,1
124282,124283,124284,1,1
124282,124283,124284,1,1
124282,124284,124285,1,2
124282,124283,124284,1,1
124282,124284,124285,1,2
124269,124276,124285,9,7
124282,124284,124285,1,2
124282,124284,124285,1,2
124282,124284,124285,1,2
124282,124284,124285,1,2
124282,124284,124286,2,2
124282,124284,124285,1,2
124282,124284,124285,1,2
124282,124284,124285,1,2
124282,124285,124286,1,3
124282,124285,124286,1,3
124282,124285,124286,1,3
124282,124286,124287,1,4
124282,124286,124287,1,4
124282,124286,124287,1,4
124282,124287,124288,1,5
124282,124286,124287,1,4
124282,124286,124287,1,4
124282,124287,124288,1,5
124282,124287,124288,1,5
124282,124287,124288,1,5
124282,124287,124288,1,5
124282,124287,124288,1,5
124282,124287,124288,1,5
124282,124288,124289,1,6
124282,124285,124289,4,3
124282,124287,124288,1,5
124282,124288,124289,1,6
124282,124288,124289,1,6
124282,124288,124289,1,6
124282,124288,124289,1,6
124282,124288,124289,1,6
124282,124289,124290,1,7
124282,124289,124290,1,7
124282,124289,124290,1,7
124282,124289,124290,1,7
124282,124289,124290,1,7
124282,124289,124290,1,7
124282,124289,124290,1,7
124282,124289,124290,1,7
124282,124289,124290,1,7
124282,124290,124291,1,8
124282,124290,124291,1,8
124282,124290,124291,1,8
124282,124290,124291,1,8
124282,124290,124291,1,8
124282,124290,124291,1,8
124282,124290,124291,1,8
124282,124288,124289,1,6
124282,124296,124297,1,14
123610,123616,124318,702,6
124320,124320,124321,1,0
124320,124320,124321,1,0
124320,124320,124321,1,0
124320,124320,124321,1,0
124320,124320,124321,1,0
124320,124320,124321,1,0
124320,124320,124321,1,0
124320,124320,124321,1,0
124320,124321,124322,1,1
124320,124321,124322,1,1
124320,124320,124321,1,0
124320,124321,124322,1,1
124320,124321,124322,1,1
124320,124321,124322,1,1
124320,124321,124322,1,1
124320,124320,124323,3,0
124320,124320,124323,3,0
124320,124322,124323,1,2
124320,124322,124323,1,2
124320,124322,124323,1,2
124320,124321,124322,1,1
124320,124322,124323,1,2
124320,124322,124323,1,2
124320,124322,124323,1,2
124320,124322,124323,1,2
124320,124322,124323,1,2
124320,124322,124323,1,2
124320,124322,124323,1,2
124320,124322,124323,1,2
124320,124323,124324,1,3
124320,124322,124323,1,2
124320,124323,124324,1,3
124320,124322,124323,1,2
124320,124323,124324,1,3
124320,124323,124324,1,3
124320,124323,124324,1,3
124320,124323,124324,1,3
124320,124323,124324,1,3
124320,124323,124324,1,3
124320,124323,124324,1,3
124320,124324,124325,1,4
124320,124322,124324,2,2
124320,124324,124325,1,4
124320,124323,124324,1,3
124320,124323,124324,1,3
124320,124324,124325,1,4
124320,124324,124325,1,4
124320,124324,124325,1,4
124320,124324,124325,1,4
124320,124324,124325,1,4
124320,124324,124325,1,4
124320,124324,124325,1,4
124320,124324,124325,1,4
124320,124323,124325,2,3
124320,124323,124325,2,3
124320,124325,124326,1,5
124320,124325,124326,1,5
124320,124325,124326,1,5
124320,124325,124326,1,5
124320,124325,124326,1,5
124320,124325,124326,1,5
124320,124325,124326,1,5
124320,124325,124326,1,5
124320,124325,124326,1,5
124320,124325,124326,1,5
124320,124325,124326,1,5
124320,124325,124326,1,5
124320,124326,124327,1,6
124320,124326,124327,1,6
124320,124325,124326,1,5
124320,124326,124327,1,6
124320,124326,124327,1,6
124320,124326,124327,1,6
124320,124326,124327,1,6
124320,124326,124327,1,6
124320,124326,124327,1,6
124320,124326,124327,1,6
124320,124326,124327,1,6
124320,124326,124327,1,6
124320,124326,124327,1,6
124320,124327,124328,1,7
124320,124327,124328,1,7
124320,124327,124328,1,7
124320,124327,124328,1,7
124320,124327,124328,1,7
124320,124327,124328,1,7
124320,124326,124328,2,6
123842,123850,124339,489,8
124340,124340,124341,1,0
124340,124340,124341,1,0
124340,124340,124341,1,0
124340,124340,124341,1,0
124340,124340,124341,1,0
124320,124326,124331,5,6
124340,124340,124341,1,0
124340,124340,124341,1,0
124340,124340,124341,1,0
124340,124340,124341,1,0
124340,124340,124341,1,0
124340,124340,124341,1,0
124340,124341,124342,1,1
124340,124341,124342,1,1
124340,124340,124341,1,0
124340,124340,124341,1,0
124340,124340,124341,1,0
124340,124340,124341,1,0
124340,124341,124343,2,1
124340,124341,124342,1,1
124340,124341,124342,1,1
124340,124341,124342,1,1
124340,124341,124342,1,1
124340,124341,124342,1,1
124340,124341,124342,1,1
124340,124342,124343,1,2
124340,124342,124343,1,2
124340,124341,124342,1,1
124340,124341,124343,2,1
124340,124342,124344,2,2
124340,124341,124343,2,1
124340,124343,124344,1,3
124340,124343,124344,1,3
124340,124343,124344,1,3
124340,124343,124344,1,3
124340,124342,124343,1,2
124340,124343,124344,1,3
124340,124343,124344,1,3
124340,124342,124343,1,2
124340,124343,124344,1,3
124340,124343,124344,1,3
124340,124343,124344,1,3
124340,124342,124344,2,2
124340,124343,124345,2,3
124340,124344,124345,1,4
124340,124344,124345,1,4
124340,124344,124345,1,4
124340,124344,124345,1,4
124340,124343,124344,1,3
124340,124344,124345,1,4
124340,124344,124345,1,4
124340,124344,124345,1,4
124340,124344,124345,1,4
124340,124344,124345,1,4
124340,124344,124345,1,4
124340,124344,124345,1,4
124340,124344,124345,1,4
124340,124343,124345,2,3
124340,124344,124345,1,4
124340,124344,124346,2,4
124340,124345,124346,1,5
124340,124345,124346,1,5
124340,124345,124346,1,5
124340,124345,124346,1,5
124340,124345,124346,1,5
124340,124345,124346,1,5
124340,124345,124346,1,5
124340,124345,124346,1,5
124340,124345,124346,1,5
124340,124345,124346,1,5
124340,124345,124346,1,5
124340,124345,124346,1,5
124340,124345,124346,1,5
124340,124347,124348,1,7
124340,124346,124347,1,6
124340,124346,124347,1,6
124340,124347,124348,1,7
124340,124348,124349,1,8
124340,124348,124349,1,8
124340,124347,124350,3,7
123619,123627,124368,741,8
124371,124371,124372,1,0
124371,124371,124372,1,0
124371,124371,124372,1,0
124371,124371,124372,1,0
124371,124371,124372,1,0
124371,124371,124372,1,0
124371,124371,124372,1,0
124371,124371,124372,1,0
124371,124372,124373,1,1
124371,124372,124373,1,1
124371,124372,124373,1,1
124371,124373,124374,1,2
124371,124372,124373,1,1
124371,124373,124374,1,2
124371,124372,124373,1,1
124371,124372,124373,1,1
124371,124372,124373,1,1
124371,124372,124373,1,1
124371,124372,124373,1,1
124371,124372,124374,2,1
124371,124373,124374,1,2
124371,124373,124374,1,2
124371,124374,124375,1,3
124371,124374,124375,1,3
124371,124374,124375,1,3
124371,124374,124375,1,3
124371,124374,124375,1,3
124371,124374,124375,1,3
124371,124374,124375,1,3
124371,124374,124375,1,3
124371,124373,124374,1,2
124371,124374,124375,1,3
124371,124374,124375,1,3
124371,124375,124376,1,4
124371,124374,124375,1,3
124371,124375,124376,1,4
124371,124375,124376,1,4
124371,124375,124376,1,4
124371,124375,124376,1,4
124371,124375,124376,1,4
124371,124375,124376,1,4
124371,124375,124376,1,4
124371,124375,124376,1,4
124371,124375,124376,1,4
124371,124375,124376,1,4
124371,124376,124377,1,5
124371,124376,124377,1,5
124371,124375,124376,1,4
124371,124376,124377,1,5
124371,124376,124377,1,5
124371,124376,124377,1,5
124371,124375,124376,1,4
124371,124376,124377,1,5
124371,124376,124377,1,5
124371,124376,124377,1,5
124371,124376,124377,1,5
124371,124376,124377,1,5
124371,124377,124378,1,6
124371,124377,124378,1,6
124371,124377,124378,1,6
124371,124377,124378,1,6
124371,124377,124378,1,6
124371,124377,124378,1,6
124371,124377,124378,1,6
124371,124377,124378,1,6
124371,124377,124378,1,6
124371,124377,124378,1,6
124371,124377,124378,1,6
124371,124378,124379,1,7
124371,124377,124378,1,6
124371,124378,124379,1,7
124371,124378,124379,1,7
124371,124378,124379,1,7
124371,124378,124379,1,7
124371,124378,124379,1,7
124371,124378,124379,1,7
124371,124378,124379,1,7
124371,124377,124379,2,6
124371,124377,124378,1,6
124371,124378,124379,1,7
124371,124378,124379,1,7
124371,124378,124379,1,7
124371,124378,124379,1,7
124371,124379,124380,1,8
124371,124379,124380,1,8
124371,124379,124380,1,8
124371,124379,124380,1,8
124371,124379,124380,1,8
124371,124379,124380,1,8
124371,124379,124380,1,8
124371,124380,124381,1,9
124371,124380,124382,2,9
123676,123683,124389,706,7
124398,124399,124400,1,1
124398,124398,124399,1,0
124398,124398,124399,1,0
123678,123699,124399,700,21
124398,124398,124399,1,0
124398,124398,124399,1,0
124398,124399,124400,1,1
124398,124398,124399,1,0
124398,124398,124399,1,0
124398,124399,124400,1,1
124398,124400,124401,1,2
124398,124399,124400,1,1
124398,124399,124400,1,1
124398,124399,124400,1,1
124398,124400,124401,1,2
124398,124399,124400,1,1
124398,124400,124401,1,2
124398,124399,124400,1,1
124398,124399,124400,1,1
124398,124400,124401,1,2
124398,124399,124400,1,1
124398,124400,124401,1,2
124398,124400,124401,1,2
124398,124401,124402,1,3
124398,124400,124401,1,2
124398,124401,124402,1,3
124398,124401,124402,1,3
124398,124401,124402,1,3
124398,124400,124401,1,2
124398,124401,124402,1,3
124398,124401,124402,1,3
124398,124401,124402,1,3
124398,124401,124402,1,3
124398,124400,124402,2,2
124398,124401,124402,1,3
124398,124401,124402,1,3
124398,124402,124403,1,4
124398,124401,124402,1,3
124398,124402,124403,1,4
124398,124401,124402,1,3
124398,124402,124403,1,4
124398,124402,124403,1,4
124398,124402,124403,1,4
124398,124402,124403,1,4
124398,124402,124403,1,4
124398,124402,124403,1,4
124398,124402,124403,1,4
124398,124402,124403,1,4
124398,124403,124404,1,5
124398,124403,124404,1,5
124398,124403,124404,1,5
124398,124403,124404,1,5
124398,124403,124404,1,5
124398,124403,124404,1,5
124398,124403,124404,1,5
124398,124403,124404,1,5
124398,124403,124404,1,5
124398,124403,124404,1,5
124398,124403,124404,1,5
124398,124403,124404,1,5
124398,124403,124404,1,5
124398,124403,124404,1,5
124398,124403,124404,1,5
124398,124403,124404,1,5
124398,124404,124405,1,6
124398,124404,124405,1,6
124398,124404,124405,1,6
124398,124404,124405,1,6
124398,124404,124405,1,6
124398,124404,124405,1,6
124398,124404,124405,1,6
124398,124404,124405,1,6
124398,124404,124405,1,6
124398,124404,124405,1,6
124398,124404,124405,1,6
124398,124404,124405,1,6
124398,124404,124405,1,6
124398,124404,124405,1,6
124398,124404,124405,1,6
124398,124404,124405,1,6
124401,124405,124406,1,4
124401,124405,124406,1,4
124401,124405,124406,1,4
124401,124405,124406,1,4
124401,124405,124406,1,4
124401,124405,124406,1,4
124401,124405,124406,1,4
124401,124405,124406,1,4
124401,124405,124406,1,4
124401,124405,124406,1,4
124401,124405,124406,1,4
124401,124405,124406,1,4
124401,124405,124407,2,4
124401,124406,124407,1,5
124401,124406,124407,1,5
124401,124406,124407,1,5
124401,124406,124407,1,5
124401,124406,124407,1,5
124401,124405,124407,2,4
124401,124405,124406,1,4
124398,124407,124408,1,9
124401,124407,124408,1,6
124401,124407,124408,1,6
124401,124406,124407,1,5
124401,124407,124408,1,6
124401,124408,124409,1,7
124401,124407,124409,2,6
124401,124408,124409,1,7
124401,124407,124409,2,6
124401,124408,124409,1,7
124401,124409,124410,1,8
124401,124409,124410,1,8
124401,124409,124410,1,8
124401,124409,124410,1,8
124398,124403,124411,8,5
124401,124410,124411,1,9
124401,124409,124411,2,8
124401,124410,124411,1,9
124401,124410,124411,1,9
124401,124410,124411,1,9
124401,124411,124412,1,10
124401,124411,124412,1,10
124401,124411,124412,1,10
124401,124411,124412,1,10
124401,124411,124412,1,10
124401,124412,124413,1,11
124401,124412,124413,1,11
124401,124412,124413,1,11
124401,124412,124413,1,11
124401,124411,124412,1,10
124401,124412,124413,1,11
124401,124412,124413,1,11
124401,124412,124413,1,11
124401,124412,124413,1,11
124401,124412,124413,1,11
124401,124412,124413,1,11
124401,124412,124413,1,11
124401,124413,124414,1,12
124401,124413,124414,1,12
124401,124411,124413,2,10
123918,123932,124457,525,14
124458,124458,124459,1,0
124458,124458,124459,1,0
124458,124458,124459,1,0
124458,124458,124459,1,0
124458,124458,124459,1,0
124458,124458,124459,1,0
124458,124458,124459,1,0
124458,124458,124459,1,0
124458,124458,124459,1,0
124458,124458,124460,2,0
124458,124458,124460,2,0
124458,124458,124460,2,0
124458,124458,124460,2,0
124458,124458,124460,2,0
124458,124459,124461,2,1
124458,124459,124461,2,1
124458,124460,124461,1,2
124458,124460,124461,1,2
124458,124460,124461,1,2
124458,124460,124461,1,2
124458,124460,124461,1,2
124458,124460,124461,1,2
124458,124461,124462,1,3
124458,124461,124462,1,3
124458,124458,124462,4,0
124458,124461,124462,1,3
124458,124461,124462,1,3
124458,124461,124462,1,3
124458,124461,124462,1,3
124458,124460,124462,2,2
124458,124461,124463,2,3
124458,124462,124463,1,4
124458,124462,124463,1,4
124458,124462,124463,1,4
124458,124462,124463,1,4
124458,124462,124463,1,4
124458,124462,124463,1,4
124458,124462,124463,1,4
124458,124461,124463,2,3
124458,124464,124465,1,6
124458,124463,124464,1,5
124458,124464,124465,1,6
124458,124464,124465,1,6
124458,124464,124465,1,6
124458,124463,124465,2,5
124458,124463,124465,2,5
124458,124463,124465,2,5
124458,124464,124465,1,6
124458,124463,124465,2,5
124458,124464,124465,1,6
124458,124463,124465,2,5
124458,124464,124465,1,6
124458,124465,124466,1,7
124458,124465,124466,1,7
124458,124465,124466,1,7
123757,123768,124466,698,11
124458,124466,124467,1,8
124458,124466,124467,1,8
124458,124466,124467,1,8
124458,124466,124467,1,8
124458,124466,124467,1,8
124458,124463,124466,3,5
124458,124466,124467,1,8
124458,124466,124467,1,8
124458,124466,124467,1,8
124458,124466,124467,1,8
124458,124466,124467,1,8
124458,124467,124468,1,9
124458,124467,124468,1,9
124458,124467,124468,1,9
124458,124467,124468,1,9
124458,124466,124467,1,8
124458,124466,124468,2,8
124458,124468,124469,1,10
124458,124468,124469,1,10
124458,124468,124469,1,10
124458,124468,124469,1,10
124458,124468,124469,1,10
124458,124468,124469,1,10
124458,124469,124470,1,11
124458,124468,124469,1,10
124458,124468,124469,1,10
124467,124469,124470,1,2
124458,124468,124470,2,10
124467,124469,124470,1,2
124458,124468,124469,1,10
124467,124469,124470,1,2
124467,124469,124470,1,2
124467,124469,124470,1,2
124467,124469,124470,1,2
124467,124469,124470,1,2
124467,124469,124470,1,2
124467,124470,124471,1,3
124467,124469,124470,1,2
124467,124470,124472,2,3
124467,124470,124472,2,3
124467,124470,124472,2,3
124467,124470,124472,2,3
124467,124470,124472,2,3
124467,124470,124472,2,3
124458,124463,124472,9,5
124467,124470,124472,2,3
124467,124470,124472,2,3
124467,124470,124472,2,3
124467,124470,124472,2,3
124467,124471,124472,1,4
124467,124470,124472,2,3
124467,124470,124472,2,3
124467,124470,124472,2,3
124467,124472,124473,1,5
124467,124472,124473,1,5
124467,124472,124473,1,5
124467,124472,124473,1,5
124467,124472,124473,1,5
124467,124473,124474,1,6
124467,124472,124474,2,5
124467,124472,124474,2,5
124467,124472,124474,2,5
124467,124472,124474,2,5
124467,124472,124473,1,5
124467,124473,124474,1,6
124467,124472,124474,2,5
124467,124472,124474,2,5
124467,124473,124474,1,6
124467,124474,124475,1,7
124467,124474,124475,1,7
124467,124473,124474,1,6
124467,124473,124474,1,6
124467,124474,124475,1,7
124467,124474,124475,1,7
124467,124474,124475,1,7
124467,124475,124476,1,8
124467,124475,124476,1,8
124467,124475,124476,1,8
124467,124475,124476,1,8
124467,124475,124476,1,8
124467,124475,124476,1,8
124467,124474,124476,2,7
124467,124475,124476,1,8
124467,124475,124476,1,8
124467,124475,124476,1,8
124467,124473,124477,4,6
124467,124476,124477,1,9
124467,124476,124477,1,9
124467,124476,124477,1,9
124467,124476,124477,1,9
124467,124476,124477,1,9
124467,124476,124477,1,9
124467,124477,124478,1,10
124467,124477,124478,1,10
124467,124477,124478,1,10
124467,124477,124478,1,10
124467,124477,124478,1,10
124467,124477,124478,1,10
124467,124477,124478,1,10
124467,124476,124477,1,9
124467,124478,124479,1,11
123753,123760,124487,727,7
124488,124488,124489,1,0
124488,124488,124489,1,0
124488,124488,124489,1,0
124488,124488,124489,1,0
124488,124488,124489,1,0
124488,124488,124489,1,0
124488,124488,124489,1,0
124488,124488,124490,2,0
124488,124488,124490,2,0
124488,124489,124490,1,1
124488,124489,124490,1,1
124488,124488,124490,2,0
124488,124488,124491,3,0
124488,124490,124491,1,2
124488,124489,124491,2,1
124488,124490,124491,1,2
124488,124490,124491,1,2
124488,124490,124491,1,2
124488,124490,124491,1,2
124488,124488,124491,3,0
124488,124489,124492,3,1
124488,124491,124492,1,3
124488,124492,124493,1,4
124488,124490,124492,2,2
124488,124491,124492,1,3
124488,124492,124493,1,4
124488,124489,124492,3,1
124488,124492,124493,1,4
124488,124491,124493,2,3
124488,124492,124493,1,4
124488,124491,124493,2,3
124488,124491,124493,2,3
124488,124491,124493,2,3
124488,124491,124493,2,3
124488,124493,124494,1,5
124488,124494,124495,1,6
124488,124494,124495,1,6
124488,124494,124495,1,6
124488,124494,124495,1,6
124488,124492,124495,3,4
124488,124495,124496,1,7
124488,124495,124496,1,7
124488,124495,124496,1,7
124488,124495,124496,1,7
124488,124495,124496,1,7
124488,124495,124496,1,7
124488,124495,124496,1,7
124488,124495,124496,1,7
124488,124493,124496,3,5
124488,124495,124496,1,7
124488,124496,124497,1,8
124488,124496,124497,1,8
124488,124496,124497,1,8
124488,124496,124497,1,8
124488,124496,124497,1,8
124488,124496,124497,1,8
124488,124496,124497,1,8
124488,124496,124497,1,8
124488,124497,124498,1,9
124488,124496,124497,1,8
124488,124497,124498,1,9
124488,124497,124498,1,9
124488,124497,124498,1,9
124488,124497,124498,1,9
123834,123841,124527,686,7
124037,124045,124528,483,8
124530,124530,124531,1,0
124530,124530,124531,1,0
124530,124530,124531,1,0
124530,124530,124531,1,0
124530,124530,124531,1,0
124530,124530,124531,1,0
124530,124530,124531,1,0
124530,124530,124531,1,0
124530,124530,124531,1,0
124530,124530,124532,2,0
124530,124530,124531,1,0
124530,124530,124532,2,0
124530,124530,124532,2,0
124530,124530,124532,2,0
124530,124530,124532,2,0
124530,124531,124533,2,1
124530,124531,124533,2,1
124530,124530,124533,3,0
124530,124531,124533,2,1
124530,124531,124533,2,1
124530,124532,124533,1,2
124530,124532,124533,1,2
124530,124532,124533,1,2
124530,124532,124533,1,2
124530,124531,124533,2,1
124530,124531,124533,2,1
124530,124532,124534,2,2
124530,124533,124534,1,3
124530,124533,124535,2,3
124530,124533,124534,1,3
124530,124533,124534,1,3
124530,124533,124535,2,3
124530,124534,124535,1,4
124530,124535,124536,1,5
124530,124533,124535,2,3
124530,124534,124535,1,4
124530,124534,124535,1,4
124530,124534,124535,1,4
124530,124534,124535,1,4
124530,124534,124535,1,4
124530,124534,124535,1,4
124530,124534,124535,1,4
124530,124534,124535,1,4
124530,124534,124535,1,4
124530,124535,124536,1,5
124530,124533,124536,3,3
124530,124535,124536,1,5
124530,124536,124537,1,6
124530,124536,124537,1,6
124530,124535,124536,1,5
124530,124536,124537,1,6
124530,124536,124537,1,6
124530,124536,124537,1,6
124530,124537,124538,1,7
124530,124536,124537,1,6
124530,124537,124538,1,7
124530,124537,124538,1,7
124530,124537,124538,1,7
124530,124536,124537,1,6
124530,124537,124538,1,7
124530,124537,124538,1,7
124530,124537,124538,1,7
124530,124538,124539,1,8
124530,124538,124539,1,8
124530,124538,124539,1,8
124530,124538,124539,1,8
124530,124538,124539,1,8
124530,124538,124539,1,8
124530,124538,124539,1,8
124530,124536,124538,2,6
124530,124539,124540,1,9
124531,124539,124540,1,8
124531,124539,124540,1,8
124531,124539,124540,1,8
124531,124539,124540,1,8
124531,124539,124540,1,8
124531,124539,124540,1,8
124531,124539,124540,1,8
124531,124539,124540,1,8
124531,124539,124540,1,8
124531,124539,124540,1,8
124531,124539,124540,1,8
124531,124540,124541,1,9
124531,124540,124541,1,9
124531,124540,124541,1,9
124531,124540,124542,2,9
124531,124540,124542,2,9
124531,124540,124541,1,9
124531,124540,124541,1,9
124531,124540,124541,1,9
124531,124540,124541,1,9
124531,124540,124542,2,9
124531,124540,124542,2,9
124531,124540,124542,2,9
124531,124540,124542,2,9
124531,124540,124542,2,9
124531,124540,124542,2,9
124531,124540,124542,2,9
124531,124540,124542,2,9
124531,124541,124542,1,10
124531,124542,124543,1,11
124531,124542,124544,2,11
124531,124542,124543,1,11
124531,124542,124544,2,11
124531,124542,124544,2,11
124531,124542,124544,2,11
124531,124542,124544,2,11
124531,124542,124544,2,11
124531,124542,124544,2,11
124531,124543,124544,1,12
124531,124542,124544,2,11
124531,124542,124544,2,11
124531,124544,124545,1,13
124531,124544,124545,1,13
124531,124542,124544,2,11
124531,124542,124544,2,11
124531,124542,124544,2,11
124531,124542,124545,3,11
124531,124544,124545,1,13
124531,124544,124545,1,13
124531,124544,124545,1,13
124531,124544,124545,1,13
124531,124544,124545,1,13
124531,124545,124546,1,14
124531,124545,124546,1,14
124531,124545,124546,1,14
124531,124545,124546,1,14
124531,124545,124546,1,14
124531,124545,124546,1,14
124531,124545,124546,1,14
124531,124545,124546,1,14
124531,124544,124546,2,13
124531,124544,124546,2,13
124531,124544,124546,2,13
124531,124546,124547,1,15
124531,124546,124547,1,15
124531,124545,124546,1,14
124531,124546,124547,1,15
124531,124546,124547,1,15
124531,124546,124547,1,15
124531,124545,124546,1,14
124531,124545,124546,1,14
124531,124545,124547,2,14
124531,124546,124547,1,15
124531,124547,124548,1,16
124531,124547,124548,1,16
124531,124547,124548,1,16
124531,124547,124548,1,16
124531,124547,124548,1,16
124531,124547,124548,1,16
124531,124547,124548,1,16
124531,124547,124548,1,16
124531,124542,124549,7,11
124531,124548,124552,4,17
123857,123866,124561,695,9
124572,124572,124573,1,0
124572,124572,124573,1,0
124572,124572,124573,1,0
124572,124572,124573,1,0
124572,124572,124574,2,0
124572,124572,124573,1,0
124572,124572,124573,1,0
124572,124572,124573,1,0
124572,124572,124573,1,0
124572,124572,124574,2,0
124572,124573,124574,1,1
124572,124573,124574,1,1
124572,124573,124574,1,1
124572,124573,124574,1,1
124572,124573,124574,1,1
124572,124573,124574,1,1
124572,124573,124574,1,1
124572,124573,124574,1,1
124572,124573,124574,1,1
124572,124573,124575,2,1
124572,124574,124576,2,2
124572,124575,124576,1,3
124572,124575,124576,1,3
124572,124574,124575,1,2
124572,124574,124575,1,2
124572,124575,124576,1,3
124572,124574,124575,1,2
124572,124574,124575,1,2
124572,124575,124576,1,3
124572,124575,124576,1,3
124572,124574,124575,1,2
124572,124574,124576,2,2
124572,124575,124576,1,3
124572,124576,124577,1,4
124572,124575,124576,1,3
124572,124575,124576,1,3
124572,124576,124577,1,4
124572,124575,124577,2,3
124572,124576,124577,1,4
124572,124575,124576,1,3
124572,124576,124577,1,4
124572,124576,124577,1,4
124572,124576,124577,1,4
124572,124576,124577,1,4
124572,124577,124578,1,5
124572,124576,124577,1,4
124572,124577,124578,1,5
124572,124577,124578,1,5
124572,124576,124577,1,4
124572,124577,124578,1,5
124572,124577,124578,1,5
124572,124577,124578,1,5
124572,124576,124577,1,4
124572,124577,124578,1,5
124572,124577,124578,1,5
124572,124577,124578,1,5
124572,124576,124577,1,4
124572,124577,124578,1,5
124572,124577,124578,1,5
124572,124577,124578,1,5
124572,124578,124579,1,6
124572,124578,124579,1,6
124572,124578,124579,1,6
124572,124578,124579,1,6
124572,124578,124579,1,6
124572,124578,124579,1,6
124572,124578,124579,1,6
124572,124578,124579,1,6
124572,124578,124579,1,6
124572,124578,124579,1,6
124572,124578,124579,1,6
124572,124578,124579,1,6
124572,124578,124579,1,6
124572,124578,124579,1,6
124572,124579,124580,1,7
124572,124579,124580,1,7
124572,124577,124579,2,5
124572,124578,124579,1,6
124572,124579,124580,1,7
124572,124579,124580,1,7
124572,124579,124580,1,7
124572,124579,124580,1,7
124572,124579,124580,1,7
124572,124579,124580,1,7
124572,124579,124580,1,7
124572,124578,124579,1,6
124572,124579,124580,1,7
124572,124580,124581,1,8
124572,124580,124581,1,8
124093,124099,124589,490,6
123892,123900,124597,697,8
124600,124600,124601,1,0
124600,124600,124601,1,0
124600,124600,124601,1,0
124600,124600,124601,1,0
124600,124600,124601,1,0
124600,124600,124601,1,0
124600,124600,124601,1,0
124600,124600,124601,1,0
124600,124600,124602,2,0
124600,124601,124602,1,1
124600,124600,124602,2,0
124600,124601,124602,1,1
124600,124601,124602,1,1
124600,124601,124602,1,1
124600,124601,124602,1,1
124600,124601,124602,1,1
124600,124601,124602,1,1
124600,124601,124602,1,1
124600,124601,124602,1,1
124600,124601,124602,1,1
124600,124602,124603,1,2
124600,124602,124603,1,2
124600,124602,124603,1,2
124600,124602,124603,1,2
124600,124602,124604,2,2
124600,124603,124604,1,3
124600,124603,124604,1,3
124600,124603,124604,1,3
124600,124603,124604,1,3
124600,124603,124604,1,3
124600,124602,124603,1,2
124600,124603,124604,1,3
124600,124602,124603,1,2
124600,124603,124604,1,3
124600,124603,124604,1,3
124600,124603,124604,1,3
124600,124603,124604,1,3
124600,124604,124605,1,4
124600,124604,124605,1,4
124600,124604,124605,1,4
124600,124604,124605,1,4
124600,124604,124605,1,4
124600,124604,124605,1,4
124600,124604,124605,1,4
124600,124604,124605,1,4
124600,124604,124605,1,4
124600,124604,124605,1,4
124600,124603,124604,1,3
124600,124604,124605,1,4
124600,124604,124605,1,4
124600,124604,124605,1,4
124600,124604,124605,1,4
124600,124604,124605,1,4
124600,124605,124606,1,5
124600,124605,124606,1,5
124600,124605,124606,1,5
124600,124604,124605,1,4
124600,124604,124605,1,4
124600,124605,124606,1,5
124600,124605,124606,1,5
124600,124605,124606,1,5
124600,124605,124606,1,5
124600,124605,124606,1,5
124600,124605,124606,1,5
124600,124605,124606,1,5
124600,124605,124606,1,5
124600,124605,124606,1,5
124600,124605,124606,1,5
124600,124605,124606,1,5
124600,124606,124607,1,6
124600,124606,124607,1,6
124600,124606,124607,1,6
124600,124606,124607,1,6
124600,124606,124607,1,6
124600,124606,124607,1,6
124600,124606,124607,1,6
124600,124606,124607,1,6
124600,124605,124606,1,5
124600,124606,124607,1,6
124600,124606,124607,1,6
124600,124607,124608,1,7
124600,124607,124608,1,7
124600,124606,124607,1,6
124600,124607,124608,1,7
124600,124607,124608,1,7
124600,124607,124608,1,7
124600,124607,124608,1,7
124600,124607,124608,1,7
124600,124607,124608,1,7
124600,124607,124608,1,7
124600,124607,124608,1,7
124600,124607,124608,1,7
124600,124607,124608,1,7
124600,124608,124609,1,8
124600,124608,124609,1,8
124600,124608,124609,1,8
124600,124608,124609,1,8
124600,124608,124609,1,8
124600,124608,124610,2,8
124600,124608,124610,2,8
124600,124608,124609,1,8
124600,124608,124610,2,8
124600,124608,124610,2,8
124600,124608,124610,2,8
124600,124608,124610,2,8
124600,124608,124609,1,8
124600,124608,124610,2,8
124600,124608,124610,2,8
124600,124608,124610,2,8
124600,124609,124610,1,9
124600,124609,124610,1,9
124600,124609,124610,1,9
124600,124609,124610,1,9
124600,124610,124612,2,10
124600,124611,124612,1,11
124600,124610,124612,2,10
124600,124610,124612,2,10
124600,124610,124612,2,10
124600,124610,124612,2,10
124600,124610,124612,2,10
124600,124610,124612,2,10
124600,124610,124612,2,10
124600,124611,124612,1,11
124600,124611,124612,1,11
124600,124611,124612,1,11
124600,124611,124612,1,11
124600,124611,124612,1,11
124600,124612,124613,1,12
124600,124610,124612,2,10
124600,124610,124612,2,10
124600,124610,124613,3,10
124600,124610,124612,2,10
124600,124612,124613,1,12
124600,124612,124613,1,12
124600,124613,124614,1,13
124600,124612,124613,1,12
124600,124613,124614,1,13
124600,124613,124614,1,13
124600,124613,124614,1,13
124600,124612,124613,1,12
124600,124612,124614,2,12
124600,124613,124614,1,13
124600,124612,124614,2,12
124600,124613,124614,1,13
124600,124613,124614,1,13
124600,124614,124615,1,14
124600,124613,124614,1,13
124600,124614,124615,1,14
124600,124614,124615,1,14
124600,124614,124615,1,14
124600,124614,124615,1,14
124600,124613,124614,1,13
124600,124613,124614,1,13
124600,124613,124614,1,13
124600,124615,124616,1,15
124600,124615,124616,1,15
124600,124615,124616,1,15
124600,124615,124616,1,15
124600,124615,124616,1,15
124600,124615,124616,1,15
124600,124615,124616,1,15
124600,124615,124616,1,15
124600,124615,124616,1,15
124600,124616,124617,1,16
124600,124616,124617,1,16
123916,123931,124633,702,15
124640,124640,124641,1,0
124640,124640,124641,1,0
124640,124640,124641,1,0
124640,124640,124641,1,0
124640,124640,124641,1,0
124640,124640,124641,1,0
124640,124640,124641,1,0
124640,124640,124641,1,0
124640,124641,124642,1,1
124640,124640,124642,2,0
124640,124641,124642,1,1
124640,124640,124642,2,0
124640,124641,124642,1,1
124640,124641,124643,2,1
124640,124641,124642,1,1
124640,124642,124643,1,2
124640,124642,124643,1,2
124640,124642,124643,1,2
124640,124642,124643,1,2
124640,124642,124643,1,2
124640,124642,124643,1,2
124640,124642,124643,1,2
124640,124642,124643,1,2
124640,124642,124643,1,2
124640,124642,124643,1,2
124640,124643,124644,1,3
124640,124643,124644,1,3
124640,124643,124644,1,3
124640,124643,124644,1,3
124640,124643,124644,1,3
124640,124643,124644,1,3
124640,124644,124645,1,4
124640,124644,124645,1,4
124640,124644,124645,1,4
124640,124645,124646,1,5
124640,124644,124645,1,4
124640,124645,124646,1,5
124640,124644,124645,1,4
124640,124644,124645,1,4
124640,124644,124645,1,4
124640,124644,124645,1,4
124640,124644,124645,1,4
124640,124645,124646,1,5
124640,124645,124646,1,5
124640,124645,124646,1,5
124640,124646,124647,1,6
124640,124645,124646,1,5
124640,124646,124647,1,6
124640,124645,124646,1,5
124640,124646,124647,1,6
124640,124646,124647,1,6
124640,124646,124647,1,6
124640,124646,124647,1,6
124640,124646,124647,1,6
124640,124646,124647,1,6
124640,124647,124648,1,7
124640,124646,124647,1,6
124640,124647,124648,1,7
124640,124647,124648,1,7
124640,124647,124648,1,7
124640,124647,124648,1,7
124640,124647,124648,1,7
124640,124648,124649,1,8
124640,124648,124649,1,8
124640,124647,124648,1,7
124640,124648,124649,1,8
124640,124648,124649,1,8
124640,124648,124649,1,8
124640,124648,124649,1,8
124640,124648,124649,1,8
124640,124648,124649,1,8
124640,124648,124649,1,8
124640,124648,124649,1,8
124640,124648,124649,1,8
124640,124649,124650,1,9
124640,124649,124650,1,9
124640,124648,124649,1,8
124068,124076,124780,704,8
124783,124783,124784,1,0
124783,124783,124784,1,0
124783,124783,124784,1,0
124783,124783,124784,1,0
124783,124783,124784,1,0
124783,124783,124784,1,0
124783,124783,124784,1,0
124783,124783,124784,1,0
124783,124783,124784,1,0
124783,124783,124785,2,0
124783,124783,124784,1,0
124783,124783,124784,1,0
124783,124783,124784,1,0
124783,124783,124784,1,0
124783,124783,124784,1,0
124783,124783,124784,1,0
124783,124784,124785,1,1
124783,124784,124785,1,1
124783,124784,124786,2,1
124783,124784,124786,2,1
124783,124784,124786,2,1
124783,124784,124786,2,1
124783,124784,124786,2,1
124783,124784,124786,2,1
124783,124785,124787,2,2
124783,124785,124787,2,2
124783,124783,124786,3,0
124783,124786,124788,2,3
124783,124785,124787,2,2
124783,124785,124787,2,2
124783,124786,124788,2,3
124783,124786,124788,2,3
124783,124785,124788,3,2
124783,124785,124788,3,2
124783,124786,124788,2,3
124783,124785,124787,2,2
124783,124785,124788,3,2
124783,124786,124788,2,3
124783,124786,124788,2,3
124783,124786,124788,2,3
124783,124787,124789,2,4
124783,124787,124789,2,4
124783,124788,124790,2,5
124783,124788,124790,2,5
124783,124788,124790,2,5
124783,124788,124789,1,5
124783,124787,124789,2,4
124783,124788,124790,2,5
124783,124788,124790,2,5
124783,124789,124790,1,6
124783,124788,124790,2,5
124783,124789,124790,1,6
124783,124787,124789,2,4
124783,124788,124790,2,5
124783,124789,124790,1,6
124783,124790,124791,1,7
124783,124788,124790,2,5
124783,124790,124791,1,7
124783,124790,124791,1,7
124783,124790,124791,1,7
124783,124790,124791,1,7
124783,124790,124791,1,7
124783,124790,124791,1,7
124783,124790,124791,1,7
124783,124790,124791,1,7
124783,124791,124792,1,8
124783,124790,124791,1,7
124783,124791,124792,1,8
124783,124791,124792,1,8
124783,124791,124792,1,8
124783,124790,124791,1,7
124783,124790,124791,1,7
124783,124791,124792,1,8
124783,124791,124792,1,8
124783,124791,124792,1,8
124783,124792,124793,1,9
124783,124792,124793,1,9
124783,124792,124793,1,9
124783,124792,124793,1,9
124783,124792,124793,1,9
124783,124792,124793,1,9
124783,124792,124793,1,9
124783,124792,124793,1,9
124783,124792,124793,1,9
124341,124348,124843,495,7
124844,124844,124845,1,0
124844,124844,124845,1,0
124844,124844,124845,1,0
124844,124844,124845,1,0
124844,124844,124845,1,0
124844,124844,124845,1,0
124844,124844,124845,1,0
124844,124844,124846,2,0
124844,124844,124845,1,0
124844,124844,124846,2,0
124844,124844,124845,1,0
124844,124844,124845,1,0
124844,124845,124847,2,1
124844,124844,124846,2,0
124844,124844,124846,2,0
124844,124844,124846,2,0
124844,124845,124847,2,1
124844,124845,124847,2,1
124844,124846,124847,1,2
124844,124845,124847,2,1
124844,124845,124847,2,1
124844,124845,124847,2,1
124844,124845,124847,2,1
124844,124846,124848,2,2
124844,124846,124848,2,2
124844,124846,124848,2,2
124844,124846,124847,1,2
124844,124845,124847,2,1
124844,124846,124847,1,2
124844,124847,124848,1,3
124844,124847,124848,1,3
124844,124847,124848,1,3
124844,124847,124848,1,3
124844,124847,124849,2,3
124844,124847,124849,2,3
124844,124847,124848,1,3
124844,124848,124849,1,4
124844,124848,124849,1,4
124844,124847,124849,2,3
124844,124847,124849,2,3
124844,124847,124849,2,3
124844,124847,124848,1,3
124844,124849,124850,1,5
124844,124848,124850,2,4
124844,124848,124850,2,4
124844,124849,124850,1,5
124844,124848,124849,1,4
124844,124848,124850,2,4
124844,124848,124850,2,4
124844,124848,124849,1,4
124844,124849,124850,1,5
124844,124849,124850,1,5
124844,124849,124850,1,5
124844,124849,124850,1,5
124844,124849,124850,1,5
124844,124849,124850,1,5
124844,124849,124850,1,5
124844,124850,124851,1,6
124844,124849,124850,1,5
124844,124849,124851,2,5
124844,124850,124851,1,6
124844,124850,124851,1,6
124844,124850,124851,1,6
124844,124850,124851,1,6
124844,124850,124851,1,6
124844,124850,124851,1,6
124844,124850,124851,1,6
124844,124850,124851,1,6
124844,124851,124852,1,7
124844,124851,124852,1,7
124844,124851,124852,1,7
124844,124851,124852,1,7
124844,124850,124851,1,6
124844,124850,124851,1,6
124844,124851,124852,1,7
124844,124851,124852,1,7
124844,124851,124852,1,7
124844,124851,124852,1,7
124844,124851,124852,1,7
124844,124852,124853,1,8
124844,124852,124853,1,8
124844,124852,124853,1,8
124844,124851,124852,1,7
124844,124852,124853,1,8
124844,124851,124852,1,7
124844,124852,124853,1,8
124844,124852,124853,1,8
124844,124852,124853,1,8
124186,124193,124882,689,7
124884,124884,124885,1,0
124884,124884,124885,1,0
124884,124884,124885,1,0
124884,124884,124885,1,0
124884,124884,124885,1,0
124884,124884,124885,1,0
124884,124884,124885,1,0
124884,124884,124885,1,0
124884,124884,124886,2,0
124884,124884,124885,1,0
124884,124884,124886,2,0
124884,124884,124886,2,0
124884,124884,124886,2,0
124884,124884,124885,1,0
124884,124884,124885,1,0
124884,124884,124885,1,0
124884,124884,124886,2,0
124884,124885,124886,1,1
124884,124885,124886,1,1
124884,124885,124887,2,1
124884,124885,124887,2,1
124884,124885,124887,2,1
124884,124885,124887,2,1
124884,124885,124887,2,1
124884,124885,124887,2,1
124884,124886,124888,2,2
124884,124887,124888,1,3
124884,124886,124888,2,2
124884,124886,124888,2,2
124884,124886,124888,2,2
124884,124886,124888,2,2
124884,124887,124888,1,3
124884,124886,124888,2,2
124884,124886,124888,2,2
124884,124886,124888,2,2
124884,124886,124888,2,2
124884,124887,124888,1,3
124884,124888,124889,1,4
124884,124887,124888,1,3
124884,124888,124889,1,4
124884,124887,124888,1,3
124884,124887,124888,1,3
124884,124887,124888,1,3
124884,124887,124888,1,3
124884,124888,124889,1,4
124884,124888,124889,1,4
124884,124888,124889,1,4
124884,124888,124889,1,4
124884,124889,124890,1,5
124884,124889,124890,1,5
124884,124889,124890,1,5
124884,124889,124890,1,5
124884,124889,124891,2,5
124884,124889,124890,1,5
124884,124889,124890,1,5
124884,124890,124891,1,6
124884,124890,124891,1,6
124884,124890,124891,1,6
124884,124889,124890,1,5
124884,124889,124890,1,5
124884,124889,124890,1,5
124884,124889,124890,1,5
124884,124891,124892,1,7
124884,124891,124892,1,7
124884,124890,124891,1,6
124884,124891,124892,1,7
124884,124891,124892,1,7
124884,124890,124891,1,6
124884,124892,124893,1,8
124884,124892,124893,1,8
124884,124891,124892,1,7
124884,124891,124893,2,7
124884,124891,124892,1,7
124884,124892,124893,1,8
124884,124892,124893,1,8
124884,124892,124893,1,8
124884,124893,124894,1,9
124884,124893,124894,1,9
124884,124893,124894,1,9
124884,124893,124894,1,9
124884,124893,124894,1,9
124884,124893,124894,1,9
124403,124413,124894,481,10
124399,124405,124900,495,6
124156,124163,124902,739,7
124911,124911,124912,1,0
124911,124911,124912,1,0
124911,124911,124912,1,0
124911,124911,124912,1,0
124911,124911,124912,1,0
124911,124911,124912,1,0
124911,124911,124913,2,0
124911,124911,124912,1,0
124911,124911,124912,1,0
124911,124911,124912,1,0
124911,124912,124913,1,1
124911,124913,124914,1,2
124911,124912,124913,1,1
124911,124912,124913,1,1
124911,124912,124914,2,1
124911,124912,124913,1,1
124911,124912,124913,1,1
124911,124912,124913,1,1
124911,124912,124913,1,1
124911,124912,124913,1,1
124911,124912,124913,1,1
124911,124911,124913,2,0
124911,124911,124913,2,0
124911,124913,124914,1,2
124911,124912,124914,2,1
124911,124913,124915,2,2
124911,124913,124914,1,2
124911,124913,124914,1,2
124911,124913,124914,1,2
124911,124914,124915,1,3
124911,124914,124915,1,3
124911,124915,124916,1,4
124911,124914,124915,1,3
124911,124914,124915,1,3
124911,124914,124915,1,3
124911,124915,124916,1,4
124911,124914,124915,1,3
124911,124914,124915,1,3
124911,124914,124915,1,3
124911,124914,124915,1,3
124911,124914,124915,1,3
124911,124914,124915,1,3
124911,124915,124916,1,4
124911,124915,124916,1,4
124911,124915,124916,1,4
124911,124915,124916,1,4
124911,124915,124916,1,4
124911,124915,124916,1,4
124911,124916,124917,1,5
124911,124916,124917,1,5
124911,124916,124917,1,5
124911,124916,124917,1,5
124911,124916,124917,1,5
124911,124916,124917,1,5
124911,124916,124917,1,5
124911,124916,124917,1,5
124911,124916,124917,1,5
124911,124916,124917,1,5
124911,124916,124917,1,5
124911,124917,124918,1,6
124911,124917,124918,1,6
124911,124916,124917,1,5
124911,124917,124918,1,6
124911,124916,124918,2,5
124911,124917,124918,1,6
124911,124917,124918,1,6
124911,124917,124918,1,6
124911,124917,124918,1,6
124911,124917,124918,1,6
124911,124917,124918,1,6
124911,124917,124918,1,6
124911,124917,124918,1,6
124911,124917,124918,1,6
124911,124917,124918,1,6
124911,124917,124918,1,6
124911,124918,124919,1,7
124911,124917,124918,1,6
124911,124918,124919,1,7
124911,124918,124919,1,7
124911,124918,124919,1,7
124911,124918,124919,1,7
124911,124918,124919,1,7
124911,124918,124919,1,7
124911,124918,124919,1,7
124911,124919,124920,1,8
124911,124919,124920,1,8
124911,124919,124920,1,8
124911,124919,124920,1,8
124911,124919,124920,1,8
124911,124919,124920,1,8
124911,124919,124920,1,8
124911,124919,124920,1,8
124911,124920,124921,1,9
124911,124919,124920,1,8
124911,124920,124921,1,9
124911,124920,124921,1,9
124911,124920,124921,1,9
124911,124920,124921,1,9
124911,124920,124921,1,9
124911,124920,124921,1,9
124911,124920,124921,1,9
124911,124920,124922,2,9
124911,124920,124922,2,9
124911,124920,124921,1,9
124911,124920,124921,1,9
124911,124920,124922,2,9
124911,124921,124922,1,10
124911,124920,124922,2,9
124911,124921,124923,2,10
124911,124920,124922,2,9
124911,124920,124923,3,9
124911,124922,124924,2,11
124911,124922,124924,2,11
124911,124922,124924,2,11
124911,124922,124924,2,11
124911,124922,124924,2,11
124911,124922,124923,1,11
124911,124921,124923,2,10
124911,124922,124923,1,11
124911,124922,124924,2,11
124911,124922,124924,2,11
124911,124923,124924,1,12
124911,124923,124924,1,12
124911,124923,124924,1,12
124911,124923,124924,1,12
124911,124924,124925,1,13
124911,124924,124925,1,13
124911,124924,124925,1,13
124911,124923,124925,2,12
124911,124922,124924,2,11
124911,124923,124925,2,12
124911,124923,124925,2,12
124911,124924,124925,1,13
124911,124925,124926,1,14
124911,124924,124925,1,13
124911,124925,124926,1,14
124911,124925,124926,1,14
124911,124925,124926,1,14
124911,124925,124926,1,14
124911,124924,124926,2,13
124911,124925,124926,1,14
124911,124925,124926,1,14
124911,124925,124926,1,14
124911,124924,124926,2,13
124911,124925,124926,1,14
124911,124924,124926,2,13
124911,124926,124927,1,15
124911,124926,124927,1,15
124911,124926,124927,1,15
124911,124926,124927,1,15
124911,124926,124927,1,15
124911,124926,124927,1,15
124911,124926,124927,1,15
124911,124926,124927,1,15
124911,124926,124927,1,15
124911,124926,124927,1,15
124911,124927,124928,1,16
124911,124927,124928,1,16
124911,124927,124928,1,16
124911,124927,124928,1,16
124911,124927,124928,1,16
124911,124927,124928,1,16
124911,124927,124928,1,16
124911,124927,124928,1,16
124911,124927,124928,1,16
124911,124927,124928,1,16
124911,124926,124927,1,15
124913,124928,124929,1,15
124913,124928,124929,1,15
124913,124928,124929,1,15
124913,124928,124929,1,15
124913,124928,124929,1,15
124913,124928,124929,1,15
124913,124929,124930,1,16
124913,124929,124930,1,16
124913,124929,124930,1,16
124913,124929,124930,1,16
124913,124929,124930,1,16
124913,124929,124930,1,16
124913,124929,124930,1,16
124913,124929,124930,1,16
124913,124929,124930,1,16
124913,124929,124930,1,16
124913,124929,124931,2,16
124913,124929,124931,2,16
124913,124929,124931,2,16
124913,124929,124931,2,16
124913,124930,124931,1,17
124913,124930,124931,1,17
124913,124930,124931,1,17
124913,124930,124931,1,17
124913,124931,124932,1,18
124913,124931,124932,1,18
124913,124931,124933,2,18
124913,124931,124932,1,18
124913,124932,124933,1,19
124913,124932,124933,1,19
124913,124931,124933,2,18
124913,124931,124933,2,18
124913,124931,124933,2,18
124913,124931,124933,2,18
124913,124932,124933,1,19
124913,124932,124933,1,19
124913,124931,124933,2,18
124913,124932,124933,1,19
124913,124932,124933,1,19
124913,124933,124934,1,20
124913,124931,124933,2,18
124913,124933,124934,1,20
124913,124933,124934,1,20
124913,124933,124934,1,20
124913,124933,124934,1,20
124913,124933,124934,1,20
124913,124933,124934,1,20
124913,124934,124935,1,21
124913,124933,124934,1,20
124913,124934,124935,1,21
124913,124933,124934,1,20
124913,124934,124935,1,21
124913,124934,124935,1,21
124913,124934,124935,1,21
124913,124934,124935,1,21
124913,124934,124935,1,21
124913,124934,124935,1,21
124913,124935,124936,1,22
124913,124935,124936,1,22
124913,124935,124936,1,22
124913,124935,124936,1,22
124913,124935,124936,1,22
124913,124935,124936,1,22
124913,124935,124936,1,22
124913,124936,124937,1,23
124913,124936,124937,1,23
124911,124921,124929,8,10
124913,124936,124937,1,23
124913,124936,124937,1,23
124913,124936,124937,1,23
124913,124936,124937,1,23
124913,124934,124936,2,21
124913,124936,124937,1,23
124913,124936,124937,1,23
124913,124936,124937,1,23
124913,124936,124937,1,23
124911,124937,124938,1,26
124242,124250,124959,709,8
124968,124968,124969,1,0
124968,124968,124969,1,0
124968,124968,124969,1,0
124968,124968,124969,1,0
124968,124968,124969,1,0
124968,124968,124969,1,0
124968,124968,124969,1,0
124968,124968,124969,1,0
124968,124968,124970,2,0
124968,124968,124969,1,0
124968,124968,124969,1,0
124968,124968,124970,2,0
124968,124968,124970,2,0
124968,124968,124970,2,0
124968,124968,124969,1,0
124968,124969,124970,1,1
124968,124969,124970,1,1
124968,124969,124970,1,1
124968,124969,124970,1,1
124968,124969,124971,2,1
124968,124969,124971,2,1
124968,124969,124971,2,1
124968,124969,124971,2,1
124968,124970,124971,1,2
124968,124970,124971,1,2
124968,124971,124972,1,3
124968,124970,124971,1,2
124968,124970,124972,2,2
124968,124970,124972,2,2
124968,124970,124972,2,2
124968,124970,124972,2,2
124968,124970,124972,2,2
124968,124970,124971,1,2
124968,124971,124972,1,3
124968,124971,124972,1,3
124968,124971,124972,1,3
124968,124971,124972,1,3
124968,124972,124973,1,4
124968,124971,124972,1,3
124968,124972,124973,1,4
124968,124971,124973,2,3
124968,124971,124972,1,3
124968,124972,124973,1,4
124968,124972,124974,2,4
124968,124972,124974,2,4
124968,124973,124974,1,5
124968,124972,124973,1,4
124968,124972,124973,1,4
124968,124972,124973,1,4
124968,124972,124973,1,4
124968,124972,124973,1,4
124968,124972,124973,1,4
124968,124973,124974,1,5
124968,124973,124974,1,5
124968,124972,124974,2,4
124968,124973,124975,2,5
124968,124974,124975,1,6
124968,124974,124975,1,6
124968,124974,124975,1,6
124271,124279,124975,696,8
124968,124974,124975,1,6
124968,124974,124975,1,6
124968,124974,124975,1,6
124968,124974,124975,1,6
124968,124974,124975,1,6
124968,124972,124975,3,4
124968,124975,124976,1,7
124968,124975,124976,1,7
124968,124975,124976,1,7
124968,124974,124976,2,6
124968,124974,124975,1,6
124968,124974,124975,1,6
124968,124975,124976,1,7
124968,124975,124976,1,7
124968,124975,124976,1,7
124968,124975,124976,1,7
124968,124975,124976,1,7
124968,124975,124976,1,7
124968,124975,124976,1,7
124968,124976,124977,1,8
124968,124976,124977,1,8
124968,124976,124977,1,8
124977,124977,124978,1,0
124977,124977,124978,1,0
124977,124977,124978,1,0
124977,124977,124978,1,0
124977,124977,124978,1,0
124968,124976,124978,2,8
124968,124977,124978,1,9
124977,124977,124978,1,0
124977,124977,124978,1,0
124977,124977,124978,1,0
124977,124977,124978,1,0
124968,124976,124979,3,8
124468,124478,124979,501,10
124977,124978,124979,1,1
124977,124978,124979,1,1
124977,124978,124980,2,1
124977,124978,124979,1,1
124977,124978,124979,1,1
124977,124978,124979,1,1
124977,124978,124979,1,1
124977,124979,124980,1,2
124977,124978,124980,2,1
124977,124979,124980,1,2
124977,124979,124980,1,2
124977,124979,124980,1,2
124977,124979,124980,1,2
124977,124979,124980,1,2
124977,124979,124980,1,2
124977,124979,124980,1,2
124977,124978,124981,3,1
124977,124981,124982,1,4
124977,124980,124981,1,3
124977,124980,124981,1,3
124977,124981,124982,1,4
124977,124979,124982,3,2
124977,124980,124981,1,3
124977,124980,124981,1,3
124977,124980,124982,2,3
124977,124980,124982,2,3
124977,124980,124982,2,3
124977,124980,124982,2,3
124977,124981,124982,1,4
124977,124981,124982,1,4
124977,124981,124982,1,4
124977,124981,124982,1,4
124977,124981,124982,1,4
124977,124982,124983,1,5
124977,124982,124983,1,5
124977,124982,124983,1,5
124977,124982,124983,1,5
124977,124982,124983,1,5
124977,124980,124982,2,3
124977,124982,124983,1,5
124977,124982,124983,1,5
124977,124982,124983,1,5
124977,124982,124983,1,5
124977,124982,124983,1,5
124977,124983,124984,1,6
124977,124983,124984,1,6
124977,124983,124984,1,6
124977,124983,124984,1,6
124977,124983,124984,1,6
124977,124983,124984,1,6
124977,124983,124984,1,6
124977,124983,124984,1,6
124977,124983,124984,1,6
124977,124983,124984,1,6
124977,124983,124984,1,6
124977,124983,124984,1,6
124977,124984,124985,1,7
124977,124984,124985,1,7
124977,124984,124985,1,7
124977,124984,124985,1,7
124977,124984,124985,1,7
124977,124984,124985,1,7
124977,124984,124985,1,7
124977,124984,124985,1,7
124977,124982,124985,3,5
124977,124984,124985,1,7
124977,124984,124985,1,7
124977,124985,124986,1,8
124977,124985,124986,1,8
124977,124985,124986,1,8
124977,124985,124986,1,8
124977,124985,124986,1,8
124977,124985,124986,1,8
124977,124985,124986,1,8
124977,124985,124986,1,8
124977,124985,124986,1,8
124977,124985,124986,1,8
124977,124984,124986,2,7
124977,124986,124987,1,9
124283,124290,124988,698,7
124977,124986,124989,3,9
124997,124997,124998,1,0
124997,124997,124998,1,0
124997,124997,124998,1,0
124997,124997,124998,1,0
124997,124998,124999,1,1
124997,124997,124998,1,0
124997,124997,124998,1,0
124997,124997,124998,1,0
124997,124997,124998,1,0
124997,124997,124998,1,0
124997,124997,124998,1,0
124997,124997,124998,1,0
124997,124999,125000,1,2
124997,124998,124999,1,1
124997,124998,124999,1,1
124997,124997,124999,2,0
124997,124998,124999,1,1
124997,124998,124999,1,1
124997,124998,125000,2,1
124997,124998,125000,2,1
124997,124998,124999,1,1
124997,124999,125000,1,2
124997,124999,125000,1,2
124997,124999,125000,1,2
124997,124999,125000,1,2
124997,124999,125000,1,2
124997,124999,125000,1,2
124997,124999,125000,1,2
124997,124999,125000,1,2
124997,124999,125000,1,2
124997,125000,125001,1,3
124997,125000,125001,1,3
124997,125000,125001,1,3
124997,125000,125001,1,3
124997,125000,125001,1,3
124997,125000,125001,1,3
124997,125000,125001,1,3
124997,125001,125002,1,4
124997,125001,125002,1,4
124997,125001,125002,1,4
124997,125001,125002,1,4
124997,125000,125002,2,3
124997,125001,125002,1,4
124997,125001,125002,1,4
124997,125001,125002,1,4
124997,125001,125002,1,4
124997,125001,125002,1,4
124997,125001,125002,1,4
124997,125001,125002,1,4
124997,125001,125002,1,4
124997,125001,125002,1,4
124997,125001,125002,1,4
124997,125002,125003,1,5
124997,125001,125002,1,4
124997,125002,125003,1,5
124997,125002,125003,1,5
124997,125002,125003,1,5
124997,125002,125003,1,5
124997,125002,125003,1,5
124997,125001,125002,1,4
124997,125002,125003,1,5
124997,125002,125003,1,5
124997,125002,125003,1,5
124997,125003,125004,1,6
124997,125003,125004,1,6
124997,125003,125004,1,6
124997,125003,125004,1,6
124997,125003,125004,1,6
124997,125003,125004,1,6
124997,125003,125004,1,6
124997,125003,125004,1,6
124997,125003,125004,1,6
124997,125003,125004,1,6
124997,125003,125004,1,6
124997,125003,125004,1,6
124997,125003,125004,1,6
124997,125003,125004,1,6
124997,125004,125005,1,7
124997,125003,125004,1,6
124997,125004,125005,1,7
124997,125004,125005,1,7
124997,125004,125005,1,7
124997,125004,125005,1,7
124997,125003,125004,1,6
124997,125004,125005,1,7
124997,125004,125005,1,7
124997,125004,125005,1,7
124997,125004,125005,1,7
124997,125004,125005,1,7
124997,125005,125006,1,8
124997,125005,125006,1,8
124997,125005,125006,1,8
124997,125005,125006,1,8
124997,125005,125006,1,8
124997,125006,125007,1,9
124997,125005,125006,1,8
124997,125006,125007,1,9
124997,125005,125007,2,8
124997,125005,125007,2,8
124997,125005,125006,1,8
124997,125005,125006,1,8
124997,125006,125007,1,9
124997,125006,125007,1,9
124997,125007,125008,1,10
124997,125007,125008,1,10
124997,125007,125008,1,10
124997,125007,125008,1,10
124997,125007,125008,1,10
124997,125007,125008,1,10
124997,125007,125008,1,10
124997,125008,125009,1,11
124997,125008,125009,1,11
124997,125008,125009,1,11
124997,125008,125009,1,11
124997,125008,125009,1,11
124997,125008,125009,1,11
124997,125008,125009,1,11
124997,125008,125009,1,11
124997,125008,125009,1,11
124997,125008,125009,1,11
124997,125008,125009,1,11
124997,125008,125009,1,11
124997,125009,125010,1,12
124997,125009,125010,1,12
124997,125009,125010,1,12
124997,125009,125010,1,12
124997,125009,125010,1,12
124997,125009,125010,1,12
124997,125009,125010,1,12
124997,125009,125010,1,12
124997,125009,125010,1,12
124997,125009,125010,1,12
124997,125010,125011,1,13
124997,125009,125010,1,12
124997,125010,125011,1,13
124997,125010,125011,1,13
124997,125010,125011,1,13
124997,125010,125011,1,13
124997,125010,125011,1,13
124997,125010,125011,1,13
124997,125010,125011,1,13
124997,125010,125011,1,13
124997,125010,125011,1,13
124997,125010,125011,1,13
124997,125010,125011,1,13
124534,124548,125024,476,14
125038,125038,125039,1,0
125038,125038,125039,1,0
125038,125038,125039,1,0
125038,125038,125039,1,0
125038,125038,125039,1,0
125038,125038,125039,1,0
125038,125038,125039,1,0
125038,125038,125039,1,0
125038,125038,125039,1,0
125038,125038,125039,1,0
125038,125038,125039,1,0
125038,125039,125040,1,1
125038,125039,125040,1,1
125038,125039,125040,1,1
125038,125039,125040,1,1
125038,125039,125040,1,1
125038,125039,125040,1,1
125038,125038,125039,1,0
125038,125039,125040,1,1
125038,125038,125039,1,0
125038,125039,125040,1,1
125038,125039,125040,1,1
125038,125038,125039,1,0
125038,125040,125041,1,2
125038,125040,125041,1,2
125038,125040,125041,1,2
125038,125040,125041,1,2
125038,125040,125041,1,2
125038,125040,125041,1,2
125038,125039,125040,1,1
125038,125040,125041,1,2
125038,125040,125041,1,2
125038,125040,125041,1,2
125038,125040,125041,1,2
125038,125040,125041,1,2
125038,125039,125041,2,1
125038,125038,125041,3,0
125038,125039,125041,2,1
125038,125040,125041,1,2
125038,125041,125042,1,3
125038,125041,125042,1,3
125038,125041,125042,1,3
125038,125041,125042,1,3
125038,125041,125042,1,3
125038,125041,125042,1,3
125038,125041,125042,1,3
125038,125041,125042,1,3
125038,125041,125042,1,3
125038,125041,125042,1,3
125038,125041,125042,1,3
125038,125041,125042,1,3
125038,125041,125042,1,3
125038,125042,125043,1,4
125038,125042,125043,1,4
125038,125042,125043,1,4
125038,125042,125043,1,4
125038,125042,125043,1,4
125038,125042,125043,1,4
125038,125042,125043,1,4
125038,125042,125043,1,4
125038,125042,125043,1,4
125038,125042,125043,1,4
125038,125042,125043,1,4
125038,125042,125043,1,4
125038,125040,125043,3,2
125038,125043,125044,1,5
125038,125043,125044,1,5
125038,125043,125044,1,5
125038,125043,125044,1,5
125038,125043,125044,1,5
125038,125043,125044,1,5
125038,125043,125044,1,5
125038,125044,125045,1,6
125038,125044,125045,1,6
125038,125044,125045,1,6
125038,125044,125045,1,6
125038,125044,125045,1,6
125038,125044,125045,1,6
125038,125044,125045,1,6
125038,125044,125051,7,6
125038,125044,125056,12,6
124532,124548,125058,510,16
125071,125071,125072,1,0
125071,125071,125072,1,0
125071,125071,125072,1,0
125071,125071,125072,1,0
125071,125071,125072,1,0
125071,125071,125072,1,0
125071,125071,125072,1,0
125071,125071,125072,1,0
125071,125071,125072,1,0
125071,125071,125072,1,0
125071,125071,125072,1,0
125071,125071,125072,1,0
125071,125072,125073,1,1
125071,125072,125073,1,1
125071,125072,125073,1,1
125071,125071,125072,1,0
125071,125072,125073,1,1
125071,125072,125073,1,1
125071,125072,125073,1,1
125071,125071,125072,1,0
125071,125072,125073,1,1
125071,125072,125073,1,1
125071,125071,125074,3,0
125071,125073,125074,1,2
125071,125072,125074,2,1
125071,125071,125074,3,0
125071,125073,125074,1,2
125071,125073,125074,1,2
125071,125072,125074,2,1
125071,125072,125074,2,1
125071,125073,125074,1,2
125071,125073,125074,1,2
125071,125073,125074,1,2
125071,125073,125074,1,2
125071,125073,125074,1,2
125071,125073,125074,1,2
125071,125073,125075,2,2
125071,125074,125075,1,3
125071,125074,125075,1,3
125071,125074,125075,1,3
125071,125073,125075,2,2
125071,125075,125076,1,4
125071,125074,125075,1,3
125071,125074,125076,2,3
125071,125076,125077,1,5
125071,125076,125077,1,5
125071,125076,125077,1,5
125071,125071,125075,4,0
125071,125075,125076,1,4
125071,125076,125077,1,5
125071,125076,125077,1,5
125071,125077,125078,1,6
125071,125077,125078,1,6
125071,125077,125078,1,6
125071,125077,125078,1,6
125071,125078,125079,1,7
125071,125078,125079,1,7
125071,125078,125079,1,7
125071,125078,125079,1,7
125071,125078,125079,1,7
125071,125078,125079,1,7
125071,125078,125079,1,7
125071,125078,125079,1,7
125071,125077,125080,3,6
125071,125077,125080,3,6
124321,124327,125086,759,6
125094,125094,125095,1,0
125094,125094,125095,1,0
125094,125094,125095,1,0
125094,125094,125095,1,0
125094,125094,125095,1,0
125094,125094,125095,1,0
124372,124379,125095,716,7
125094,125094,125096,2,0
125094,125094,125096,2,0
125094,125095,125096,1,1
125094,125095,125096,1,1
125094,125095,125096,1,1
125094,125096,125097,1,2
125094,125096,125097,1,2
125094,125096,125097,1,2
125094,125094,125096,2,0
125094,125095,125097,2,1
125094,125094,125096,2,0
125094,125095,125096,1,1
125094,125096,125097,1,2
125094,125095,125096,1,1
125094,125095,125096,1,1
125094,125096,125097,1,2
125094,125096,125097,1,2
125094,125097,125098,1,3
125094,125097,125098,1,3
125094,125096,125097,1,2
125094,125097,125098,1,3
125094,125096,125097,1,2
125094,125097,125098,1,3
125094,125098,125099,1,4
125094,125098,125099,1,4
125094,125097,125098,1,3
125094,125097,125098,1,3
125094,125097,125098,1,3
125094,125097,125099,2,3
125094,125097,125098,1,3
125094,125097,125098,1,3
125094,125097,125099,2,3
125094,125097,125098,1,3
125094,125097,125098,1,3
125094,125099,125100,1,5
125094,125098,125099,1,4
125094,125098,125099,1,4
125094,125098,125099,1,4
125094,125099,125100,1,5
125094,125098,125099,1,4
125094,125099,125100,1,5
125094,125098,125100,2,4
125094,125099,125100,1,5
125094,125099,125100,1,5
125094,125099,125100,1,5
125094,125099,125100,1,5
125094,125099,125100,1,5
125094,125098,125099,1,4
125094,125099,125100,1,5
125094,125099,125100,1,5
125094,125100,125101,1,6
125094,125100,125101,1,6
125094,125100,125101,1,6
125094,125100,125101,1,6
125094,125100,125101,1,6
125094,125100,125101,1,6
125094,125100,125101,1,6
125094,125100,125101,1,6
125094,125100,125101,1,6
125094,125100,125101,1,6
125094,125100,125101,1,6
125094,125100,125101,1,6
125094,125100,125101,1,6
125094,125100,125101,1,6
125094,125100,125101,1,6
125094,125101,125102,1,7
125094,125101,125102,1,7
125094,125101,125102,1,7
125094,125101,125102,1,7
125094,125101,125102,1,7
125094,125101,125102,1,7
125094,125101,125102,1,7
125094,125101,125102,1,7
125094,125101,125102,1,7
125094,125101,125102,1,7
125094,125101,125102,1,7
125094,125101,125102,1,7
125094,125101,125102,1,7
125094,125101,125102,1,7
125094,125101,125102,1,7
125094,125101,125102,1,7
125098,125102,125103,1,4
125098,125102,125103,1,4
125098,125102,125103,1,4
125098,125102,125103,1,4
125098,125102,125103,1,4
125098,125102,125103,1,4
125098,125102,125103,1,4
125098,125102,125103,1,4
125098,125102,125103,1,4
125098,125103,125104,1,5
125098,125102,125103,1,4
125098,125103,125104,1,5
125098,125103,125104,1,5
125098,125103,125104,1,5
125098,125102,125104,2,4
125098,125102,125104,2,4
125098,125103,125105,2,5
125098,125103,125105,2,5
125098,125103,125105,2,5
125098,125103,125105,2,5
125098,125103,125105,2,5
125098,125103,125105,2,5
125098,125103,125105,2,5
125098,125103,125105,2,5
125098,125104,125105,1,6
125098,125104,125105,1,6
125094,125103,125105,2,9
125098,125104,125106,2,6
125098,125105,125106,1,7
125098,125105,125106,1,7
125098,125105,125106,1,7
125098,125105,125106,1,7
125098,125105,125106,1,7
125098,125105,125107,2,7
125098,125105,125107,2,7
125098,125105,125107,2,7
125098,125106,125107,1,8
125098,125106,125107,1,8
125098,125106,125107,1,8
125098,125106,125107,1,8
125098,125106,125107,1,8
125098,125106,125107,1,8
125098,125106,125107,1,8
125098,125107,125108,1,9
125098,125107,125108,1,9
125098,125107,125108,1,9
125098,125107,125108,1,9
125098,125107,125108,1,9
125098,125107,125108,1,9
125098,125107,125108,1,9
125098,125107,125108,1,9
124601,124616,125108,492,15
124603,124616,125108,492,13
125098,125108,125109,1,10
125098,125108,125109,1,10
125098,125108,125109,1,10
125098,125108,125109,1,10
125098,125106,125108,2,8
125098,125109,125110,1,11
125098,125109,125110,1,11
125098,125109,125110,1,11
125098,125109,125110,1,11
125098,125109,125110,1,11
125098,125109,125110,1,11
125098,125109,125110,1,11
125098,125110,125111,1,12
125098,125110,125111,1,12
125098,125110,125111,1,12
125098,125110,125111,1,12
125098,125110,125111,1,12
125098,125110,125111,1,12
125098,125110,125111,1,12
125098,125110,125111,1,12
125098,125111,125112,1,13
125098,125111,125114,3,13
125121,125121,125122,1,0
125121,125121,125122,1,0
125121,125121,125122,1,0
125121,125121,125122,1,0
125121,125121,125122,1,0
125121,125121,125122,1,0
125121,125122,125123,1,1
125121,125122,125123,1,1
125121,125122,125123,1,1
125121,125123,125124,1,2
125121,125122,125123,1,1
125121,125122,125124,2,1
125121,125122,125123,1,1
125121,125123,125124,1,2
125121,125123,125124,1,2
125121,125123,125124,1,2
125121,125123,125125,2,2
125121,125123,125124,1,2
125121,125123,125124,1,2
125121,125123,125124,1,2
125121,125123,125124,1,2
125121,125123,125124,1,2
125121,125124,125125,1,3
125121,125124,125125,1,3
125121,125123,125124,1,2
125121,125123,125124,1,2
125121,125124,125125,1,3
125121,125124,125125,1,3
125121,125124,125125,1,3
125121,125124,125125,1,3
125121,125122,125125,3,1
125121,125126,125127,1,5
125121,125125,125127,2,4
125121,125126,125127,1,5
125121,125126,125127,1,5
125121,125126,125127,1,5
125121,125125,125126,1,4
125121,125126,125127,1,5
125121,125125,125127,2,4
125121,125125,125127,2,4
125121,125126,125127,1,5
125121,125126,125127,1,5
125121,125127,125128,1,6
125121,125126,125127,1,5
125121,125126,125127,1,5
125121,125127,125128,1,6
125121,125127,125128,1,6
125121,125127,125128,1,6
125121,125127,125128,1,6
125121,125127,125128,1,6
125121,125128,125129,1,7
125121,125128,125129,1,7
125121,125128,125129,1,7
125121,125128,125129,1,7
125121,125127,125128,1,6
125121,125128,125129,1,7
125121,125128,125129,1,7
125121,125128,125129,1,7
125121,125128,125129,1,7
125121,125128,125129,1,7
125121,125128,125129,1,7
125121,125128,125129,1,7
125121,125128,125129,1,7
125121,125128,125129,1,7
125121,125129,125130,1,8
125121,125129,125130,1,8
125138,125138,125139,1,0
125138,125138,125139,1,0
125138,125138,125139,1,0
125138,125138,125139,1,0
125138,125138,125140,2,0
125138,125138,125139,1,0
125138,125138,125139,1,0
125138,125138,125139,1,0
125138,125138,125140,2,0
125138,125138,125140,2,0
125138,125139,125140,1,1
125138,125139,125140,1,1
125138,125139,125140,1,1
125138,125139,125141,2,1
125138,125139,125141,2,1
125138,125139,125141,2,1
125138,125139,125140,1,1
125138,125139,125140,1,1
125138,125139,125140,1,1
125138,125139,125141,2,1
125138,125139,125141,2,1
125138,125140,125142,2,2
125138,125141,125142,1,3
125138,125140,125142,2,2
125138,125141,125142,1,3
125138,125140,125141,1,2
125138,125141,125142,1,3
125138,125141,125142,1,3
125138,125140,125142,2,2
125138,125140,125142,2,2
125138,125141,125142,1,3
125138,125140,125142,2,2
125138,125141,125142,1,3
125138,125141,125142,1,3
125138,125141,125142,1,3
125138,125142,125143,1,4
125138,125141,125142,1,3
125138,125141,125143,2,3
125138,125141,125142,1,3
125138,125142,125143,1,4
125138,125142,125143,1,4
125138,125142,125143,1,4
125138,125142,125143,1,4
125138,125142,125143,1,4
125138,125142,125143,1,4
125138,125142,125143,1,4
125138,125142,125143,1,4
125138,125142,125143,1,4
125138,125142,125143,1,4
125138,125142,125143,1,4
125138,125142,125143,1,4
125138,125143,125144,1,5
125138,125143,125144,1,5
125138,125143,125144,1,5
125138,125143,125144,1,5
125138,125143,125144,1,5
125138,125143,125144,1,5
125138,125143,125144,1,5
125138,125143,125144,1,5
125138,125143,125144,1,5
125138,125143,125144,1,5
125138,125143,125144,1,5
125138,125143,125144,1,5
125138,125143,125144,1,5
125138,125143,125144,1,5
125138,125143,125144,1,5
125138,125143,125144,1,5
125138,125144,125145,1,6
125138,125144,125145,1,6
125138,125144,125145,1,6
125138,125144,125145,1,6
125138,125144,125145,1,6
125138,125144,125145,1,6
125138,125144,125145,1,6
125138,125144,125145,1,6
125138,125144,125145,1,6
125138,125144,125145,1,6
125138,125144,125145,1,6
125138,125145,125146,1,7
125138,125145,125146,1,7
125138,125145,125146,1,7
125138,125145,125146,1,7
125138,125145,125146,1,7
125138,125145,125146,1,7
125138,125145,125146,1,7
125138,125145,125146,1,7
124642,124649,125146,497,7
125152,125152,125153,1,0
125152,125152,125153,1,0
125152,125152,125153,1,0
125152,125152,125153,1,0
125152,125152,125153,1,0
125152,125152,125153,1,0
125152,125152,125153,1,0
125152,125152,125153,1,0
125152,125152,125153,1,0
125152,125152,125154,2,0
125152,125152,125153,1,0
125152,125152,125154,2,0
125152,125152,125153,1,0
125152,125152,125153,1,0
125152,125152,125154,2,0
125152,125152,125153,1,0
125152,125152,125154,2,0
125152,125153,125155,2,1
125152,125153,125155,2,1
125152,125153,125155,2,1
125152,125153,125155,2,1
125152,125153,125154,1,1
125152,125154,125155,1,2
125152,125153,125155,2,1
125152,125153,125155,2,1
125152,125153,125155,2,1
125152,125153,125155,2,1
125152,125154,125156,2,2
125152,125154,125156,2,2
125152,125155,125156,1,3
125152,125155,125156,1,3
125152,125154,125156,2,2
125152,125154,125156,2,2
125152,125154,125156,2,2
125152,125155,125156,1,3
125152,125154,125156,2,2
125152,125154,125156,2,2
125152,125155,125156,1,3
125152,125155,125156,1,3
125152,125156,125157,1,4
125152,125155,125157,2,3
125152,125155,125156,1,3
125152,125155,125157,2,3
125152,125155,125157,2,3
125152,125155,125157,2,3
125152,125157,125158,1,5
125152,125157,125158,1,5
125152,125157,125158,1,5
125152,125157,125158,1,5
125152,125157,125158,1,5
125152,125158,125159,1,6
125152,125157,125158,1,5
125152,125158,125159,1,6
125152,125159,125160,1,7
125152,125159,125160,1,7
125152,125159,125160,1,7
125152,125159,125160,1,7
125152,125160,125161,1,8
125152,125160,125161,1,8
125152,125160,125161,1,8
125152,125160,125161,1,8
125152,125160,125161,1,8
125152,125160,125161,1,8
124459,124468,125188,720,9
125191,125191,125192,1,0
125191,125191,125192,1,0
125191,125191,125192,1,0
125191,125191,125192,1,0
125191,125191,125192,1,0
125191,125191,125192,1,0
125191,125191,125193,2,0
125191,125191,125192,1,0
125191,125191,125192,1,0
125191,125192,125193,1,1
125191,125192,125193,1,1
125191,125191,125192,1,0
125191,125191,125192,1,0
125191,125192,125193,1,1
125191,125191,125192,1,0
125191,125192,125193,1,1
125191,125192,125193,1,1
125191,125192,125193,1,1
125191,125193,125194,1,2
125191,125193,125194,1,2
125191,125193,125194,1,2
125191,125193,125194,1,2
125191,125193,125194,1,2
125191,125192,125193,1,1
125191,125193,125194,1,2
125191,125192,125193,1,1
125191,125193,125194,1,2
125191,125193,125194,1,2
125191,125193,125194,1,2
125191,125194,125195,1,3
125191,125194,125195,1,3
125191,125193,125194,1,2
125191,125194,125195,1,3
125191,125194,125195,1,3
125191,125193,125194,1,2
125191,125194,125195,1,3
125191,125194,125195,1,3
125191,125194,125195,1,3
125191,125194,125195,1,3
125191,125194,125195,1,3
125191,125195,125196,1,4
125191,125195,125196,1,4
125191,125194,125196,2,3
125191,125194,125195,1,3
125191,125195,125196,1,4
125191,125195,125196,1,4
125191,125195,125196,1,4
125191,125195,125196,1,4
125191,125195,125196,1,4
125191,125196,125197,1,5
125191,125196,125197,1,5
125191,125196,125197,1,5
125191,125196,125197,1,5
125191,125196,125197,1,5
125191,125196,125197,1,5
125191,125196,125197,1,5
125191,125195,125196,1,4
125191,125196,125197,1,5
125191,125196,125197,1,5
125191,125196,125197,1,5
125191,125196,125197,1,5
125191,125197,125198,1,6
125191,125197,125198,1,6
125191,125197,125198,1,6
125191,125197,125198,1,6
125191,125197,125198,1,6
125191,125197,125198,1,6
125191,125197,125198,1,6
125191,125197,125198,1,6
125191,125197,125198,1,6
125191,125196,125197,1,5
125191,125197,125198,1,6
125191,125197,125198,1,6
125191,125197,125198,1,6
125191,125197,125198,1,6
125191,125197,125198,1,6
125191,125198,125199,1,7
125191,125198,125199,1,7
125191,125198,125199,1,7
125191,125198,125199,1,7
125191,125198,125199,1,7
125191,125198,125199,1,7
125191,125198,125199,1,7
125191,125198,125199,1,7
125191,125198,125199,1,7
125191,125198,125199,1,7
125191,125199,125200,1,8
125191,125203,125204,1,12
125191,125203,125205,2,12
124490,124497,125237,740,7
125238,125238,125239,1,0
125238,125238,125239,1,0
125238,125238,125239,1,0
125238,125238,125239,1,0
125238,125238,125239,1,0
125238,125238,125239,1,0
125238,125238,125239,1,0
125238,125238,125239,1,0
125238,125238,125239,1,0
125238,125238,125239,1,0
125238,125238,125239,1,0
125238,125238,125240,2,0
125238,125238,125240,2,0
125238,125238,125240,2,0
125238,125238,125240,2,0
125238,125238,125239,1,0
125238,125239,125240,1,1
125238,125238,125240,2,0
125238,125239,125241,2,1
125238,125240,125241,1,2
125238,125239,125241,2,1
125238,125240,125241,1,2
125238,125239,125241,2,1
125238,125240,125241,1,2
125238,125240,125241,1,2
125238,125240,125241,1,2
125238,125239,125241,2,1
125238,125239,125241,2,1
125238,125240,125242,2,2
125238,125240,125242,2,2
125238,125242,125243,1,4
125238,125242,125243,1,4
125238,125242,125243,1,4
125238,125242,125243,1,4
125238,125243,125244,1,5
125238,125243,125244,1,5
125238,125243,125244,1,5
125238,125243,125244,1,5
125238,125243,125244,1,5
125238,125243,125244,1,5
125238,125243,125244,1,5
125238,125243,125244,1,5
125238,125243,125244,1,5
125238,125243,125244,1,5
125238,125244,125245,1,6
125238,125244,125245,1,6
125238,125244,125245,1,6
125238,125244,125245,1,6
125238,125244,125245,1,6
125238,125244,125245,1,6
125238,125244,125245,1,6
125238,125245,125246,1,7
125238,125245,125246,1,7
125238,125245,125246,1,7
125238,125245,125246,1,7
125238,125245,125246,1,7
125238,125245,125246,1,7
125238,125245,125246,1,7
125238,125245,125246,1,7
125238,125245,125246,1,7
125238,125245,125246,1,7
125238,125245,125246,1,7
124573,124580,125307,727,7
125309,125309,125310,1,0
125309,125309,125310,1,0
125309,125309,125310,1,0
125309,125309,125310,1,0
125309,125309,125310,1,0
125309,125309,125310,1,0
125309,125309,125310,1,0
125309,125309,125310,1,0
125309,125309,125310,1,0
125309,125309,125310,1,0
125309,125309,125310,1,0
125309,125309,125310,1,0
125309,125309,125310,1,0
125309,125309,125310,1,0
125309,125309,125310,1,0
125309,125310,125311,1,1
125309,125309,125310,1,0
125309,125309,125310,1,0
125309,125310,125311,1,1
125309,125310,125311,1,1
125309,125310,125311,1,1
125309,125310,125311,1,1
125309,125310,125311,1,1
125309,125311,125312,1,2
125309,125311,125312,1,2
125309,125310,125312,2,1
125309,125310,125312,2,1
125309,125310,125311,1,1
125309,125311,125312,1,2
125309,125310,125312,2,1
125309,125310,125312,2,1
125309,125310,125311,1,1
125309,125310,125311,1,1
125309,125311,125312,1,2
125309,125311,125312,1,2
125309,125311,125312,1,2
125309,125311,125312,1,2
125309,125311,125312,1,2
125309,125312,125313,1,3
125309,125312,125313,1,3
125309,125312,125313,1,3
125309,125312,125313,1,3
125309,125312,125313,1,3
125309,125312,125313,1,3
125309,125312,125313,1,3
125309,125312,125313,1,3
125309,125312,125313,1,3
125309,125312,125313,1,3
125309,125312,125313,1,3
125309,125312,125313,1,3
125309,125312,125313,1,3
125309,125313,125314,1,4
125309,125313,125314,1,4
125309,125312,125314,2,3
125309,125312,125313,1,3
125309,125313,125314,1,4
125309,125313,125314,1,4
125309,125313,125314,1,4
125309,125313,125314,1,4
125309,125313,125314,1,4
125309,125312,125313,1,3
125309,125313,125314,1,4
125309,125313,125314,1,4
125309,125314,125315,1,5
125309,125314,125315,1,5
125309,125314,125315,1,5
125309,125314,125315,1,5
125309,125313,125315,2,4
125309,125314,125315,1,5
125309,125314,125315,1,5
125309,125314,125315,1,5
125309,125314,125315,1,5
125309,125315,125316,1,6
125309,125315,125316,1,6
125309,125315,125316,1,6
125309,125315,125316,1,6
125309,125315,125316,1,6
125309,125315,125316,1,6
125309,125315,125316,1,6
125309,125315,125316,1,6
124845,124853,125322,469,8
125330,125330,125331,1,0
125330,125330,125331,1,0
125330,125330,125331,1,0
125330,125330,125331,1,0
125330,125330,125331,1,0
125330,125330,125331,1,0
125330,125330,125331,1,0
125330,125330,125331,1,0
125330,125330,125332,2,0
125330,125331,125332,1,1
125330,125331,125332,1,1
125330,125331,125332,1,1
125330,125330,125332,2,0
125330,125330,125332,2,0
125330,125330,125332,2,0
125330,125332,125333,1,2
125330,125332,125333,1,2
125330,125332,125333,1,2
125330,125331,125333,2,1
125330,125332,125333,1,2
125330,125332,125333,1,2
125330,125332,125333,1,2
125330,125332,125333,1,2
125330,125332,125333,1,2
125330,125332,125333,1,2
125330,125333,125334,1,3
125330,125333,125334,1,3
125330,125333,125334,1,3
125330,125333,125334,1,3
125330,125335,125336,1,5
125330,125333,125336,3,3
125330,125333,125335,2,3
125330,125334,125335,1,4
125330,125334,125335,1,4
125330,125335,125336,1,5
125330,125334,125335,1,4
125330,125334,125335,1,4
125330,125334,125335,1,4
125330,125334,125335,1,4
125330,125334,125335,1,4
125330,125335,125336,1,5
125330,125335,125336,1,5
125330,125335,125336,1,5
125330,125335,125336,1,5
125330,125335,125336,1,5
125330,125335,125336,1,5
125330,125336,125337,1,6
125330,125337,125338,1,7
125330,125336,125337,1,6
125330,125337,125338,1,7
125330,125337,125338,1,7
125330,125337,125338,1,7
125330,125337,125338,1,7
125330,125337,125338,1,7
125330,125337,125338,1,7
125330,125337,125338,1,7
125330,125338,125339,1,8
125330,125338,125339,1,8
125330,125338,125339,1,8
125330,125338,125339,1,8
125330,125338,125339,1,8
125330,125338,125339,1,8
125330,125338,125339,1,8
125330,125338,125339,1,8
125330,125338,125340,2,8
125330,125338,125339,1,8
125330,125339,125340,1,9
125330,125336,125351,15,6
124969,124977,125446,469,8
125448,125448,125449,1,0
125448,125448,125449,1,0
125448,125448,125449,1,0
125448,125448,125449,1,0
125448,125448,125449,1,0
125448,125448,125449,1,0
125448,125448,125449,1,0
125448,125448,125449,1,0
125448,125448,125449,1,0
125448,125448,125449,1,0
125448,125448,125450,2,0
125448,125449,125450,1,1
125448,125449,125450,1,1
125448,125448,125450,2,0
125448,125449,125451,2,1
125448,125449,125451,2,1
125448,125448,125451,3,0
125448,125449,125451,2,1
125448,125449,125451,2,1
125448,125448,125450,2,0
125448,125449,125451,2,1
125448,125448,125450,2,0
125448,125450,125451,1,2
125448,125450,125451,1,2
125448,125450,125451,1,2
125448,125449,125451,2,1
125448,125449,125451,2,1
125448,125451,125452,1,3
125448,125450,125451,1,2
125448,125450,125452,2,2
125448,125451,125452,1,3
125448,125450,125451,1,2
125448,125451,125452,1,3
125448,125451,125452,1,3
125448,125451,125453,2,3
125448,125451,125453,2,3
125448,125451,125453,2,3
125448,125451,125453,2,3
125448,125450,125452,2,2
125448,125451,125453,2,3
125448,125451,125452,1,3
125448,125451,125452,1,3
125448,125452,125453,1,4
125448,125451,125453,2,3
125448,125451,125453,2,3
125448,125452,125453,1,4
125448,125452,125454,2,4
125448,125452,125454,2,4
125448,125453,125454,1,5
125448,125453,125454,1,5
125448,125453,125454,1,5
125448,125452,125454,2,4
125448,125453,125454,1,5
125448,125453,125454,1,5
125448,125454,125455,1,6
125448,125453,125455,2,5
125448,125453,125455,2,5
125448,125453,125455,2,5
125448,125453,125455,2,5
125448,125453,125455,2,5
125448,125453,125455,2,5
125448,125453,125455,2,5
125448,125454,125455,1,6
125448,125454,125455,1,6
125448,125454,125455,1,6
125448,125453,125455,2,5
125448,125454,125455,1,6
125448,125455,125456,1,7
125448,125455,125456,1,7
125448,125454,125455,1,6
125448,125455,125456,1,7
125448,125455,125456,1,7
125448,125455,125456,1,7
125448,125454,125456,2,6
125448,125455,125456,1,7
125448,125455,125456,1,7
125448,125456,125457,1,8
124978,124986,125457,471,8
125448,125456,125457,1,8
125448,125456,125457,1,8
125448,125456,125457,1,8
125448,125455,125457,2,7
125448,125456,125457,1,8
125448,125455,125458,3,7
125459,125459,125460,1,0
125459,125459,125460,1,0
125459,125459,125460,1,0
125459,125459,125460,1,0
125459,125459,125460,1,0
125459,125459,125460,1,0
125459,125459,125460,1,0
125459,125459,125460,1,0
125459,125459,125460,1,0
125459,125459,125460,1,0
125459,125459,125460,1,0
125459,125459,125460,1,0
125459,125459,125460,1,0
125459,125459,125460,1,0
125459,125460,125461,1,1
125459,125460,125461,1,1
125459,125459,125460,1,0
125459,125459,125460,1,0
125459,125460,125461,1,1
125459,125460,125461,1,1
125459,125460,125461,1,1
125459,125460,125461,1,1
125459,125461,125462,1,2
125459,125461,125462,1,2
125459,125460,125462,2,1
125459,125460,125461,1,1
125459,125460,125461,1,1
125459,125460,125461,1,1
125459,125460,125462,2,1
125459,125460,125461,1,1
125459,125461,125462,1,2
125459,125461,125462,1,2
125459,125461,125462,1,2
125459,125460,125462,2,1
125459,125461,125462,1,2
125459,125461,125463,2,2
125459,125461,125463,2,2
125459,125462,125464,2,3
125459,125462,125464,2,3
125459,125462,125464,2,3
125459,125462,125464,2,3
125459,125462,125464,2,3
125459,125461,125463,2,2
125459,125462,125464,2,3
125459,125462,125464,2,3
125459,125462,125464,2,3
125459,125463,125465,2,4
125459,125463,125465,2,4
125459,125463,125465,2,4
125459,125463,125465,2,4
125459,125462,125465,3,3
125459,125463,125465,2,4
125459,125464,125465,1,5
125459,125464,125465,1,5
125459,125464,125465,1,5
125459,125464,125466,2,5
125459,125463,125465,2,4
125459,125465,125466,1,6
125459,125464,125466,2,5
125459,125465,125466,1,6
125459,125465,125466,1,6
125459,125464,125466,2,5
125459,125465,125466,1,6
125459,125464,125466,2,5
125459,125466,125467,1,7
125459,125466,125467,1,7
125459,125466,125467,1,7
125459,125465,125467,2,6
125459,125466,125467,1,7
125459,125466,125467,1,7
125459,125466,125467,1,7
125459,125467,125468,1,8
125459,125467,125468,1,8
125459,125467,125468,1,8
125459,125467,125468,1,8
125459,125467,125468,1,8
125459,125467,125468,1,8
125459,125468,125469,1,9
125459,125468,125469,1,9
125459,125468,125469,1,9
125459,125468,125469,1,9
125459,125468,125469,1,9
125459,125462,125464,2,3
125459,125473,125474,1,14
124784,124793,125485,692,9
125494,125494,125495,1,0
125494,125494,125495,1,0
125494,125494,125495,1,0
125494,125494,125495,1,0
125494,125494,125495,1,0
125494,125494,125495,1,0
125494,125494,125495,1,0
125494,125494,125495,1,0
125494,125494,125495,1,0
125494,125494,125495,1,0
125494,125494,125495,1,0
125494,125495,125496,1,1
125494,125495,125496,1,1
125494,125495,125496,1,1
125494,125495,125497,2,1
125494,125495,125497,2,1
125494,125495,125496,1,1
125494,125495,125496,1,1
125494,125496,125498,2,2
125494,125496,125497,1,2
125494,125496,125498,2,2
125494,125496,125498,2,2
125494,125496,125498,2,2
125494,125496,125497,1,2
125494,125497,125498,1,3
125494,125497,125498,1,3
125494,125496,125497,1,2
125494,125496,125497,1,2
125494,125496,125497,1,2
125494,125497,125498,1,3
125494,125497,125498,1,3
125494,125498,125499,1,4
125494,125497,125498,1,3
125494,125497,125498,1,3
125494,125498,125499,1,4
125494,125497,125498,1,3
125494,125498,125499,1,4
125494,125498,125499,1,4
125494,125498,125499,1,4
125494,125498,125499,1,4
125494,125498,125499,1,4
125494,125498,125499,1,4
125494,125498,125499,1,4
125494,125496,125498,2,2
125494,125499,125500,1,5
125494,125499,125500,1,5
125494,125499,125500,1,5
125494,125498,125499,1,4
125494,125499,125500,1,5
125494,125499,125500,1,5
125494,125499,125500,1,5
125494,125499,125500,1,5
125494,125499,125500,1,5
125494,125499,125500,1,5
125494,125499,125500,1,5
125494,125499,125500,1,5
125494,125499,125500,1,5
125494,125498,125500,2,4
125494,125499,125500,1,5
125494,125500,125501,1,6
125494,125499,125500,1,5
125494,125500,125501,1,6
125494,125500,125501,1,6
125494,125499,125500,1,5
125494,125500,125501,1,6
125494,125500,125501,1,6
125494,125500,125501,1,6
125494,125500,125501,1,6
125494,125500,125501,1,6
125494,125500,125501,1,6
125494,125500,125501,1,6
125494,125500,125501,1,6
125494,125500,125501,1,6
125494,125500,125501,1,6
125494,125500,125501,1,6
125494,125500,125501,1,6
125494,125501,125502,1,7
125494,125501,125502,1,7
125494,125501,125502,1,7
125494,125501,125502,1,7
125494,125501,125507,6,7
125099,125111,125584,473,12
125585,125585,125586,1,0
125585,125585,125586,1,0
125585,125585,125586,1,0
125585,125585,125586,1,0
125585,125585,125586,1,0
125585,125586,125587,1,1
125585,125585,125586,1,0
125585,125585,125586,1,0
125585,125585,125586,1,0
125585,125585,125586,1,0
125585,125585,125586,1,0
125585,125585,125586,1,0
125585,125585,125586,1,0
125585,125585,125586,1,0
125585,125586,125587,1,1
125585,125585,125586,1,0
125585,125587,125588,1,2
125585,125586,125587,1,1
125585,125586,125587,1,1
125585,125586,125588,2,1
125585,125586,125587,1,1
125585,125586,125587,1,1
125585,125585,125588,3,0
125585,125588,125589,1,3
125585,125587,125589,2,2
125585,125587,125588,1,2
125585,125587,125588,1,2
125585,125587,125588,1,2
125585,125587,125588,1,2
125585,125587,125589,2,2
125585,125587,125589,2,2
125585,125587,125588,1,2
125585,125588,125589,1,3
125585,125587,125589,2,2
125585,125589,125590,1,4
125585,125589,125590,1,4
125585,125588,125589,1,3
125585,125589,125590,1,4
125585,125588,125589,1,3
125585,125589,125590,1,4
125585,125589,125590,1,4
125585,125588,125590,2,3
125585,125587,125589,2,2
125585,125588,125590,2,3
125585,125589,125590,1,4
125585,125589,125590,1,4
125585,125589,125591,2,4
125585,125590,125591,1,5
125585,125589,125590,1,4
125585,125590,125591,1,5
125585,125590,125591,1,5
125585,125590,125591,1,5
125585,125590,125591,1,5
125585,125590,125591,1,5
125585,125589,125590,1,4
125585,125589,125590,1,4
125585,125589,125590,1,4
125585,125590,125591,1,5
125585,125590,125591,1,5
125585,125591,125592,1,6
125585,125590,125591,1,5
125585,125591,125592,1,6
125585,125591,125592,1,6
125585,125591,125592,1,6
125585,125591,125592,1,6
125585,125591,125592,1,6
125585,125591,125592,1,6
125585,125590,125591,1,5
125585,125590,125591,1,5
125585,125590,125592,2,5
125585,125591,125592,1,6
125585,125592,125593,1,7
125585,125592,125593,1,7
125585,125592,125593,1,7
125585,125592,125593,1,7
125585,125592,125593,1,7
125585,125592,125593,1,7
125585,125592,125593,1,7
125585,125592,125593,1,7
125585,125592,125593,1,7
125585,125591,125593,2,6
125585,125592,125593,1,7
125585,125593,125594,1,8
125585,125593,125594,1,8
125585,125593,125594,1,8
125585,125593,125594,1,8
125585,125593,125594,1,8
125585,125593,125594,1,8
125585,125592,125594,2,7
125585,125594,125595,1,9
124885,124893,125613,720,8
125123,125129,125614,485,6
125614,125614,125615,1,0
125614,125614,125615,1,0
125614,125614,125615,1,0
125614,125614,125615,1,0
125614,125614,125615,1,0
125614,125614,125615,1,0
125614,125614,125615,1,0
125614,125614,125616,2,0
125614,125614,125616,2,0
125614,125614,125616,2,0
125614,125614,125616,2,0
125614,125614,125615,1,0
125614,125614,125615,1,0
125614,125614,125616,2,0
125614,125614,125615,1,0
125614,125614,125616,2,0
125614,125614,125616,2,0
125614,125615,125617,2,1
125614,125615,125617,2,1
125614,125615,125617,2,1
125614,125614,125616,2,0
125614,125615,125617,2,1
125614,125615,125617,2,1
125614,125615,125617,2,1
125614,125616,125618,2,2
125614,125616,125617,1,2
125614,125616,125617,1,2
125614,125616,125618,2,2
125614,125616,125618,2,2
125614,125616,125618,2,2
125614,125616,125617,1,2
125614,125615,125617,2,1
125614,125616,125617,1,2
125614,125616,125618,2,2
125614,125616,125619,3,2
125614,125617,125619,2,3
125614,125617,125619,2,3
125614,125617,125619,2,3
125614,125617,125618,1,3
125614,125617,125619,2,3
125614,125617,125619,2,3
125614,125618,125619,1,4
125614,125617,125619,2,3
125614,125618,125620,2,4
125614,125618,125619,1,4
125614,125618,125619,1,4
125614,125619,125620,1,5
125614,125619,125620,1,5
125614,125619,125620,1,5
125614,125618,125619,1,4
125614,125619,125620,1,5
125614,125618,125620,2,4
125614,125618,125620,2,4
125614,125618,125620,2,4
125614,125619,125621,2,5
125614,125620,125621,1,6
125614,125620,125621,1,6
125614,125621,125622,1,7
125614,125620,125622,2,6
125614,125621,125622,1,7
125614,125621,125622,1,7
125614,125621,125622,1,7
125614,125621,125622,1,7
125614,125621,125622,1,7
125614,125621,125622,1,7
125614,125622,125623,1,8
125614,125622,125623,1,8
125614,125622,125623,1,8
125614,125622,125623,1,8
125614,125622,125623,1,8
125614,125621,125623,2,7
125615,125623,125624,1,8
125615,125623,125624,1,8
125615,125623,125624,1,8
125615,125623,125624,1,8
125614,125622,125623,1,8
125614,125623,125624,1,9
125614,125623,125624,1,9
125614,125623,125624,1,9
125615,125623,125625,2,8
125615,125624,125625,1,9
125139,125145,125625,480,6
125615,125624,125625,1,9
125615,125624,125625,1,9
125615,125624,125625,1,9
125615,125624,125625,1,9
125615,125624,125625,1,9
125615,125624,125626,2,9
125615,125624,125626,2,9
125615,125624,125625,1,9
125615,125624,125625,1,9
125615,125624,125625,1,9
125615,125624,125625,1,9
125615,125624,125626,2,9
125615,125625,125626,1,10
125615,125625,125627,2,10
125615,125625,125627,2,10
125615,125625,125626,1,10
125615,125626,125627,1,11
125615,125626,125627,1,11
125615,125626,125627,1,11
125615,125626,125627,1,11
125615,125626,125627,1,11
125615,125626,125627,1,11
125615,125626,125627,1,11
125615,125626,125627,1,11
125615,125626,125627,1,11
125615,125626,125627,1,11
125615,125626,125627,1,11
125615,125626,125627,1,11
125615,125627,125628,1,12
125615,125627,125628,1,12
125615,125627,125628,1,12
125615,125627,125628,1,12
125615,125627,125628,1,12
125615,125626,125627,1,11
125615,125627,125628,1,12
125615,125627,125628,1,12
125615,125627,125628,1,12
125615,125627,125628,1,12
125615,125627,125628,1,12
125615,125627,125628,1,12
125615,125627,125628,1,12
125615,125627,125628,1,12
125615,125628,125629,1,13
125615,125628,125629,1,13
125615,125628,125629,1,13
125615,125628,125629,1,13
125615,125628,125629,1,13
125615,125628,125629,1,13
125615,125628,125629,1,13
125615,125628,125629,1,13
125615,125628,125629,1,13
125615,125629,125630,1,14
125615,125629,125630,1,14
125615,125629,125630,1,14
125615,125629,125630,1,14
125615,125629,125630,1,14
125615,125629,125630,1,14
125615,125629,125630,1,14
125615,125629,125630,1,14
125615,125628,125630,2,13
125615,125629,125630,1,14
125615,125629,125630,1,14
125615,125629,125630,1,14
125615,125629,125630,1,14
125615,125629,125630,1,14
125615,125630,125631,1,15
125615,125630,125631,1,15
125615,125630,125631,1,15
125615,125629,125630,1,14
125615,125630,125631,1,15
125615,125630,125631,1,15
125615,125630,125631,1,15
125615,125628,125633,5,13
124912,124928,125639,711,16
125642,125642,125643,1,0
125642,125642,125643,1,0
125642,125643,125644,1,1
125642,125643,125644,1,1
125642,125643,125644,1,1
125642,125643,125644,1,1
125642,125643,125644,1,1
125642,125643,125644,1,1
125642,125643,125644,1,1
125642,125643,125644,1,1
125642,125643,125644,1,1
125642,125643,125644,1,1
125642,125644,125645,1,2
125642,125644,125645,1,2
125642,125645,125646,1,3
125642,125644,125645,1,2
125642,125644,125645,1,2
125642,125644,125645,1,2
125642,125644,125645,1,2
125642,125644,125645,1,2
125642,125644,125645,1,2
125642,125644,125645,1,2
125642,125645,125646,1,3
125642,125646,125647,1,4
125642,125646,125647,1,4
125642,125645,125646,1,3
125642,125645,125646,1,3
125642,125645,125646,1,3
125642,125645,125646,1,3
125642,125646,125647,1,4
125642,125646,125647,1,4
125642,125645,125646,1,3
125642,125645,125646,1,3
125642,125645,125646,1,3
125642,125646,125647,1,4
125642,125647,125648,1,5
125642,125646,125647,1,4
125642,125646,125647,1,4
125642,125647,125648,1,5
125642,125647,125648,1,5
125642,125646,125647,1,4
125642,125646,125647,1,4
125642,125647,125648,1,5
125642,125647,125648,1,5
125642,125647,125648,1,5
125642,125647,125648,1,5
125642,125648,125649,1,6
125642,125648,125649,1,6
125642,125648,125649,1,6
125642,125648,125649,1,6
125642,125648,125649,1,6
125642,125648,125649,1,6
125642,125648,125649,1,6
125642,125648,125649,1,6
125642,125649,125650,1,7
125642,125649,125650,1,7
125642,125649,125650,1,7
125642,125649,125650,1,7
125642,125649,125650,1,7
125642,125649,125650,1,7
125642,125649,125650,1,7
125642,125649,125650,1,7
125642,125649,125650,1,7
125642,125649,125650,1,7
125642,125650,125651,1,8
125642,125650,125651,1,8
125642,125650,125651,1,8
125642,125646,125650,4,4
125642,125650,125651,1,8
125642,125650,125651,1,8
125642,125650,125651,1,8
125642,125650,125651,1,8
125642,125650,125651,1,8
125643,125650,125651,1,7
125643,125650,125651,1,7
125643,125650,125651,1,7
125643,125650,125651,1,7
125643,125650,125651,1,7
125643,125651,125652,1,8
125642,125650,125651,1,8
125643,125651,125652,1,8
125643,125651,125652,1,8
125643,125651,125652,1,8
125643,125651,125653,2,8
125643,125651,125653,2,8
125643,125651,125653,2,8
125643,125651,125653,2,8
125643,125651,125653,2,8
125643,125651,125652,1,8
125643,125651,125652,1,8
125643,125652,125653,1,9
125643,125651,125653,2,8
125643,125651,125653,2,8
125643,125651,125652,1,8
125643,125652,125653,1,9
125643,125652,125653,1,9
125643,125652,125653,1,9
125643,125652,125653,1,9
125643,125652,125653,1,9
125643,125653,125654,1,10
125643,125653,125654,1,10
125643,125653,125654,1,10
125643,125653,125654,1,10
125643,125653,125654,1,10
125643,125653,125654,1,10
125643,125654,125655,1,11
125643,125654,125655,1,11
125643,125654,125655,1,11
125643,125654,125655,1,11
125643,125653,125655,2,10
125643,125653,125655,2,10
125643,125653,125654,1,10
125643,125653,125655,2,10
125643,125653,125654,1,10
125643,125653,125655,2,10
125643,125653,125655,2,10
125643,125654,125655,1,11
125643,125654,125655,1,11
125643,125654,125655,1,11
125643,125655,125656,1,12
125643,125655,125656,1,12
125643,125654,125655,1,11
125643,125655,125656,1,12
125643,125655,125656,1,12
125643,125655,125656,1,12
125643,125655,125657,2,12
125643,125656,125657,1,13
125643,125655,125656,1,12
125643,125656,125657,1,13
125643,125656,125657,1,13
125643,125657,125658,1,14
125643,125656,125658,2,13
125643,125657,125658,1,14
125643,125657,125658,1,14
125643,125657,125658,1,14
125643,125657,125658,1,14
125643,125657,125658,1,14
125643,125655,125658,3,12
125643,125657,125658,1,14
125643,125657,125658,1,14
125643,125657,125658,1,14
125643,125658,125659,1,15
125643,125658,125659,1,15
125643,125658,125659,1,15
124916,124937,125669,732,21
125675,125675,125676,1,0
125675,125675,125676,1,0
125675,125675,125676,1,0
125675,125675,125676,1,0
125675,125675,125676,1,0
125675,125675,125676,1,0
125675,125675,125676,1,0
125675,125676,125677,1,1
125675,125675,125677,2,0
125675,125676,125677,1,1
125675,125676,125677,1,1
125675,125676,125678,2,1
125675,125676,125677,1,1
125675,125676,125677,1,1
125675,125677,125678,1,2
125675,125676,125677,1,1
125675,125676,125677,1,1
125675,125676,125677,1,1
125675,125675,125678,3,0
125675,125677,125679,2,2
125675,125677,125678,1,2
125675,125678,125679,1,3
125675,125678,125679,1,3
125675,125677,125678,1,2
125675,125678,125679,1,3
125675,125678,125679,1,3
125675,125677,125678,1,2
125675,125677,125678,1,2
125675,125678,125679,1,3
125675,125678,125679,1,3
125675,125679,125680,1,4
125675,125679,125680,1,4
125675,125679,125680,1,4
125675,125679,125680,1,4
125675,125679,125680,1,4
125675,125678,125679,1,3
125675,125679,125680,1,4
125675,125679,125680,1,4
125675,125679,125680,1,4
125675,125679,125680,1,4
125675,125677,125678,1,2
125675,125678,125679,1,3
125675,125679,125680,1,4
125675,125679,125680,1,4
125675,125679,125680,1,4
125675,125680,125681,1,5
125675,125680,125681,1,5
125675,125680,125681,1,5
125675,125680,125681,1,5
125675,125680,125681,1,5
125675,125679,125680,1,4
125675,125680,125681,1,5
125675,125680,125681,1,5
125675,125680,125681,1,5
125675,125680,125681,1,5
125675,125680,125681,1,5
125675,125681,125682,1,6
125675,125681,125682,1,6
125675,125680,125681,1,5
125675,125681,125682,1,6
125675,125681,125682,1,6
125675,125681,125682,1,6
125675,125681,125682,1,6
125675,125681,125682,1,6
125675,125681,125682,1,6
125675,125681,125682,1,6
125675,125681,125682,1,6
125675,125681,125682,1,6
125675,125682,125683,1,7
125675,125682,125683,1,7
125675,125682,125683,1,7
125675,125682,125683,1,7
125675,125682,125683,1,7
125675,125682,125683,1,7
125675,125682,125683,1,7
125675,125681,125682,1,6
125675,125681,125682,1,6
125675,125682,125683,1,7
125675,125682,125683,1,7
125675,125682,125683,1,7
125675,125681,125683,2,6
125675,125681,125682,1,6
125024,125024,125702,678,0
125703,125703,125704,1,0
125703,125703,125704,1,0
125703,125703,125704,1,0
125703,125703,125704,1,0
125703,125703,125704,1,0
125703,125703,125704,1,0
125703,125703,125704,1,0
125703,125703,125704,1,0
125703,125703,125704,1,0
125703,125703,125704,1,0
125703,125703,125704,1,0
125703,125703,125704,1,0
125703,125703,125705,2,0
125703,125703,125705,2,0
125703,125703,125705,2,0
125703,125704,125705,1,1
125703,125704,125705,1,1
125703,125704,125705,1,1
125703,125704,125705,1,1
125703,125704,125706,2,1
125703,125704,125706,2,1
125703,125704,125705,1,1
125703,125704,125706,2,1
125703,125704,125706,2,1
125703,125704,125706,2,1
125703,125704,125706,2,1
125703,125705,125707,2,2
125703,125705,125707,2,2
125703,125706,125707,1,3
125703,125705,125707,2,2
125703,125705,125707,2,2
125703,125705,125707,2,2
125703,125706,125708,2,3
125703,125706,125708,2,3
125703,125706,125707,1,3
125703,125706,125708,2,3
125703,125706,125708,2,3
125703,125706,125708,2,3
125192,125199,125708,509,7
125703,125706,125708,2,3
125703,125706,125708,2,3
125703,125706,125708,2,3
125703,125707,125709,2,4
125703,125707,125708,1,4
125703,125707,125709,2,4
125703,125707,125709,2,4
125703,125707,125709,2,4
125703,125708,125709,1,5
125703,125708,125709,1,5
125703,125708,125709,1,5
125703,125708,125710,2,5
125703,125708,125710,2,5
125703,125708,125710,2,5
125703,125709,125710,1,6
125703,125709,125710,1,6
125703,125709,125710,1,6
125703,125710,125711,1,7
125703,125709,125710,1,6
125703,125709,125710,1,6
125703,125709,125710,1,6
125703,125710,125711,1,7
125703,125710,125711,1,7
125703,125709,125711,2,6
125703,125710,125711,1,7
125703,125710,125711,1,7
125703,125709,125711,2,6
125703,125711,125712,1,8
125703,125707,125711,4,4
125703,125711,125712,1,8
125703,125711,125712,1,8
125703,125712,125713,1,9
125703,125711,125712,1,8
125703,125712,125713,1,9
125703,125712,125713,1,9
125709,125713,125714,1,4
125709,125713,125714,1,4
125709,125713,125714,1,4
125709,125713,125714,1,4
125709,125713,125714,1,4
125709,125714,125715,1,5
125709,125713,125714,1,4
125709,125713,125714,1,4
125240,125246,125715,469,6
125709,125714,125715,1,5
125709,125714,125715,1,5
125709,125714,125715,1,5
125709,125714,125715,1,5
125709,125714,125716,2,5
125709,125714,125715,1,5
125709,125714,125716,2,5
125709,125714,125716,2,5
125709,125714,125715,1,5
125709,125714,125715,1,5
125709,125714,125715,1,5
125709,125715,125716,1,6
125709,125714,125716,2,5
125709,125714,125716,2,5
125709,125715,125716,1,6
125709,125715,125716,1,6
125709,125716,125717,1,7
125709,125716,125717,1,7
125709,125716,125717,1,7
125709,125716,125717,1,7
125709,125716,125717,1,7
125709,125716,125718,2,7
125709,125716,125717,1,7
125709,125716,125718,2,7
125709,125716,125718,2,7
125709,125716,125717,1,7
125709,125716,125717,1,7
125709,125716,125717,1,7
125709,125716,125717,1,7
125709,125716,125718,2,7
125709,125718,125719,1,9
125709,125717,125718,1,8
125709,125718,125719,1,9
125709,125718,125719,1,9
125709,125718,125719,1,9
125709,125718,125719,1,9
125709,125718,125719,1,9
125709,125718,125719,1,9
125709,125717,125719,2,8
125709,125717,125719,2,8
125709,125718,125719,1,9
125709,125718,125719,1,9
125709,125718,125719,1,9
125709,125718,125719,1,9
125709,125718,125720,2,9
125709,125719,125720,1,10
125709,125718,125719,1,9
125709,125719,125720,1,10
125709,125718,125719,1,9
125709,125719,125720,1,10
125709,125719,125720,1,10
125709,125719,125720,1,10
125709,125719,125720,1,10
125709,125719,125720,1,10
125709,125719,125720,1,10
125709,125719,125720,1,10
125709,125720,125721,1,11
125709,125720,125721,1,11
125709,125720,125721,1,11
125709,125720,125721,1,11
125709,125720,125721,1,11
125709,125720,125721,1,11
125703,125714,125720,6,11
125709,125719,125721,2,10
125709,125720,125721,1,11
125709,125720,125721,1,11
125709,125720,125721,1,11
125709,125720,125721,1,11
125709,125720,125721,1,11
125709,125721,125722,1,12
125709,125721,125722,1,12
125709,125721,125722,1,12
125709,125721,125722,1,12
125709,125720,125722,2,11
125717,125722,125723,1,5
125709,125721,125722,1,12
125709,125721,125722,1,12
125717,125722,125723,1,5
125709,125721,125722,1,12
125717,125722,125723,1,5
125717,125722,125723,1,5
125717,125722,125723,1,5
125717,125723,125724,1,6
125717,125723,125724,1,6
125717,125723,125724,1,6
125717,125723,125724,1,6
125717,125723,125724,1,6
125717,125723,125725,2,6
125717,125723,125724,1,6
124914,124937,125724,787,23
125717,125723,125724,1,6
125717,125723,125724,1,6
125717,125723,125724,1,6
125717,125724,125725,1,7
125717,125723,125725,2,6
125717,125723,125725,2,6
125717,125723,125725,2,6
125717,125723,125725,2,6
125717,125723,125725,2,6
125717,125723,125725,2,6
125717,125725,125726,1,8
125717,125725,125726,1,8
125717,125725,125726,1,8
125717,125724,125725,1,7
125709,125722,125724,2,13
125717,125725,125726,1,8
125717,125725,125726,1,8
125717,125725,125726,1,8
125717,125725,125726,1,8
125717,125725,125726,1,8
125717,125725,125726,1,8
125717,125725,125726,1,8
125717,125725,125727,2,8
125717,125725,125727,2,8
125717,125725,125727,2,8
125717,125725,125727,2,8
125717,125726,125727,1,9
125717,125726,125727,1,9
125717,125726,125727,1,9
125717,125726,125727,1,9
125717,125726,125727,1,9
125717,125726,125727,1,9
125717,125727,125728,1,10
125717,125726,125727,1,9
125717,125727,125728,1,10
125717,125727,125728,1,10
125717,125726,125727,1,9
125717,125727,125728,1,10
125717,125727,125728,1,10
125717,125727,125728,1,10
125717,125728,125729,1,11
125717,125728,125729,1,11
125717,125727,125728,1,10
125717,125728,125729,1,11
125717,125728,125729,1,11
125717,125728,125729,1,11
125717,125728,125729,1,11
125717,125728,125729,1,11
125717,125728,125729,1,11
125717,125728,125729,1,11
125717,125728,125729,1,11
125717,125729,125730,1,12
125717,125729,125730,1,12
125717,125729,125730,1,12
125717,125729,125730,1,12
125717,125729,125730,1,12
125717,125729,125730,1,12
125717,125729,125730,1,12
125717,125729,125730,1,12
125717,125729,125730,1,12
125717,125728,125729,1,11
125717,125729,125730,1,12
125717,125729,125730,1,12
125717,125729,125730,1,12
125717,125727,125729,2,10
125717,125730,125731,1,13
125717,125730,125731,1,13
125717,125730,125731,1,13
125717,125730,125731,1,13
125717,125730,125731,1,13
125717,125730,125731,1,13
125717,125730,125731,1,13
125717,125730,125731,1,13
124998,125011,125747,736,13
125750,125751,125752,1,1
125039,125045,125753,708,6
125750,125751,125752,1,1
125750,125751,125752,1,1
125750,125752,125753,1,2
125750,125751,125753,2,1
125750,125751,125753,2,1
125750,125752,125753,1,2
125750,125752,125753,1,2
125750,125752,125753,1,2
125750,125752,125753,1,2
125750,125752,125753,1,2
125750,125752,125753,1,2
125750,125752,125753,1,2
125750,125752,125753,1,2
125750,125752,125753,1,2
125750,125752,125753,1,2
125750,125751,125753,2,1
125750,125752,125753,1,2
125750,125754,125755,1,4
125750,125754,125755,1,4
125750,125754,125755,1,4
125750,125754,125755,1,4
125750,125753,125754,1,3
125750,125753,125754,1,3
125750,125753,125754,1,3
125750,125754,125755,1,4
125750,125754,125755,1,4
125750,125754,125755,1,4
125750,125754,125755,1,4
125750,125754,125755,1,4
125750,125754,125755,1,4
125750,125755,125756,1,5
125750,125753,125755,2,3
125750,125755,125756,1,5
125750,125755,125756,1,5
125750,125756,125757,1,6
125750,125756,125757,1,6
125750,125756,125757,1,6
125750,125756,125757,1,6
125750,125756,125757,1,6
125750,125756,125757,1,6
125750,125756,125757,1,6
125750,125756,125757,1,6
125750,125756,125757,1,6
125750,125756,125757,1,6
125750,125756,125757,1,6
125750,125756,125757,1,6
125750,125756,125757,1,6
125750,125756,125757,1,6
125750,125757,125758,1,7
125750,125757,125758,1,7
125750,125757,125758,1,7
125750,125756,125757,1,6
125750,125757,125758,1,7
125750,125757,125758,1,7
125750,125757,125758,1,7
125750,125757,125758,1,7
125750,125757,125758,1,7
125750,125757,125758,1,7
125750,125758,125759,1,8
125750,125758,125759,1,8
125758,125758,125759,1,0
125758,125758,125759,1,0
125758,125758,125759,1,0
125758,125758,125759,1,0
125758,125758,125759,1,0
125758,125758,125759,1,0
125758,125758,125759,1,0
125758,125758,125759,1,0
125758,125759,125760,1,1
125750,125758,125759,1,8
125758,125758,125759,1,0
125758,125758,125759,1,0
125758,125758,125759,1,0
125758,125759,125760,1,1
125758,125759,125760,1,1
125758,125759,125760,1,1
125758,125759,125761,2,1
125758,125759,125760,1,1
125758,125759,125760,1,1
125758,125759,125760,1,1
125758,125759,125761,2,1
125758,125759,125760,1,1
125758,125759,125760,1,1
125758,125760,125761,1,2
125758,125760,125761,1,2
125758,125760,125761,1,2
125758,125760,125762,2,2
125758,125760,125762,2,2
125758,125760,125762,2,2
125758,125761,125762,1,3
125758,125760,125762,2,2
125758,125761,125762,1,3
125758,125761,125763,2,3
125758,125761,125763,2,3
125758,125761,125763,2,3
125758,125761,125763,2,3
125758,125761,125763,2,3
125758,125761,125763,2,3
125758,125761,125763,2,3
125758,125761,125763,2,3
125758,125761,125763,2,3
125758,125763,125764,1,5
125758,125762,125764,2,4
125758,125762,125764,2,4
125758,125762,125764,2,4
125758,125762,125764,2,4
125758,125764,125765,1,6
125758,125763,125764,1,5
125758,125763,125765,2,5
125758,125763,125765,2,5
125758,125764,125765,1,6
125758,125764,125765,1,6
125758,125764,125765,1,6
125758,125764,125765,1,6
125758,125763,125765,2,5
125758,125763,125765,2,5
125758,125763,125765,2,5
125758,125763,125765,2,5
125758,125763,125765,2,5
125758,125762,125764,2,4
125758,125764,125765,1,6
125758,125765,125766,1,7
125758,125765,125766,1,7
125758,125765,125766,1,7
125758,125765,125766,1,7
125758,125765,125766,1,7
125758,125765,125766,1,7
125758,125763,125766,3,5
125758,125765,125766,1,7
125758,125766,125767,1,8
125758,125766,125767,1,8
125758,125766,125767,1,8
125758,125767,125768,1,9
125758,125767,125768,1,9
125758,125762,125768,6,4
125758,125767,125769,2,9
125774,125774,125775,1,0
125774,125774,125775,1,0
125774,125774,125775,1,0
125774,125774,125775,1,0
125774,125774,125775,1,0
125774,125774,125775,1,0
125774,125774,125775,1,0
125774,125774,125775,1,0
125774,125774,125775,1,0
125774,125774,125775,1,0
125774,125775,125776,1,1
125774,125774,125776,2,0
125774,125774,125776,2,0
125774,125774,125776,2,0
125774,125774,125776,2,0
125758,125776,125777,1,18
125758,125776,125777,1,18
125774,125775,125777,2,1
125774,125775,125776,1,1
125774,125775,125777,2,1
125774,125775,125777,2,1
125774,125775,125777,2,1
125774,125775,125777,2,1
125774,125775,125777,2,1
125774,125775,125777,2,1
125774,125776,125778,2,2
125774,125775,125777,2,1
125774,125776,125778,2,2
125774,125776,125778,2,2
125774,125776,125778,2,2
125774,125776,125778,2,2
125774,125777,125779,2,3
125774,125777,125779,2,3
125774,125778,125779,1,4
125774,125777,125779,2,3
125774,125777,125779,2,3
125774,125777,125779,2,3
125774,125778,125779,1,4
125774,125778,125779,1,4
125774,125778,125779,1,4
125774,125778,125779,1,4
125774,125779,125780,1,5
125774,125778,125779,1,4
125774,125779,125780,1,5
125774,125774,125779,5,0
125774,125779,125780,1,5
125774,125779,125780,1,5
125774,125779,125780,1,5
125774,125780,125781,1,6
125774,125780,125781,1,6
125774,125780,125781,1,6
125774,125780,125781,1,6
125774,125779,125781,2,5
125774,125779,125781,2,5
125774,125780,125781,1,6
125774,125779,125781,2,5
125774,125781,125782,1,7
125774,125780,125781,1,6
125774,125781,125782,1,7
125774,125781,125782,1,7
125774,125781,125782,1,7
125774,125781,125782,1,7
125774,125781,125782,1,7
125774,125781,125782,1,7
125774,125781,125782,1,7
125774,125781,125782,1,7
125774,125781,125782,1,7
125774,125781,125782,1,7
125774,125782,125783,1,8
125774,125781,125782,1,7
125774,125781,125782,1,7
125774,125782,125783,1,8
125774,125783,125784,1,9
125774,125782,125783,1,8
125072,125079,125806,727,7
125095,125102,125809,707,7
125814,125814,125815,1,0
125814,125814,125815,1,0
125814,125814,125815,1,0
125814,125814,125815,1,0
125814,125814,125815,1,0
125814,125814,125815,1,0
125814,125814,125815,1,0
125814,125814,125815,1,0
125814,125814,125815,1,0
125814,125814,125815,1,0
125814,125814,125815,1,0
125814,125814,125816,2,0
125814,125814,125816,2,0
125814,125814,125816,2,0
125814,125814,125816,2,0
125814,125814,125816,2,0
125814,125814,125816,2,0
125814,125815,125817,2,1
125814,125815,125817,2,1
125814,125815,125816,1,1
125814,125815,125816,1,1
125814,125814,125816,2,0
125814,125815,125817,2,1
125814,125815,125817,2,1
125814,125815,125817,2,1
125814,125815,125817,2,1
125814,125815,125817,2,1
125814,125816,125818,2,2
125814,125816,125818,2,2
125814,125816,125818,2,2
125814,125816,125818,2,2
125814,125816,125818,2,2
125814,125816,125818,2,2
125814,125817,125818,1,3
125814,125816,125818,2,2
125814,125817,125818,1,3
125814,125817,125818,1,3
125814,125817,125818,1,3
125814,125817,125818,1,3
125814,125817,125819,2,3
125814,125817,125819,2,3
125814,125817,125819,2,3
125814,125817,125819,2,3
125814,125818,125819,1,4
125814,125818,125819,1,4
125814,125817,125818,1,3
125814,125817,125819,2,3
125814,125818,125819,1,4
125814,125818,125819,1,4
125814,125818,125819,1,4
125814,125819,125820,1,5
125814,125819,125820,1,5
125814,125819,125820,1,5
125814,125819,125820,1,5
125814,125819,125820,1,5
125814,125819,125820,1,5
125814,125820,125821,1,6
125814,125819,125820,1,5
125814,125820,125821,1,6
125814,125820,125821,1,6
125814,125819,125821,2,5
125814,125820,125821,1,6
125814,125820,125821,1,6
125814,125820,125821,1,6
125814,125819,125821,2,5
125814,125820,125821,1,6
125814,125820,125821,1,6
125814,125820,125821,1,6
125814,125821,125822,1,7
125814,125821,125822,1,7
125814,125821,125822,1,7
125814,125821,125822,1,7
125814,125821,125822,1,7
125814,125821,125822,1,7
125814,125821,125823,2,7
125814,125822,125823,1,8
125814,125822,125823,1,8
125816,125823,125824,1,7
125816,125823,125824,1,7
125816,125823,125824,1,7
125816,125823,125824,1,7
125816,125823,125824,1,7
125816,125823,125824,1,7
125816,125823,125824,1,7
125816,125823,125824,1,7
125816,125824,125825,1,8
125816,125824,125825,1,8
125816,125824,125826,2,8
125816,125824,125826,2,8
125816,125824,125826,2,8
125816,125824,125826,2,8
125816,125824,125826,2,8
125816,125824,125826,2,8
125816,125824,125826,2,8
125816,125824,125826,2,8
125816,125824,125826,2,8
125816,125824,125826,2,8
125816,125824,125826,2,8
125814,125826,125827,1,12
125814,125826,125827,1,12
125816,125824,125826,2,8
125816,125824,125826,2,8
125332,125339,125827,488,7
125816,125826,125827,1,10
125816,125826,125827,1,10
125816,125826,125827,1,10
125816,125826,125828,2,10
125816,125826,125828,2,10
125816,125826,125828,2,10
125816,125826,125828,2,10
125816,125826,125828,2,10
125816,125826,125828,2,10
125816,125826,125827,1,10
125816,125826,125827,1,10
125816,125828,125829,1,12
125816,125828,125829,1,12
125816,125827,125828,1,11
125816,125827,125829,2,11
125816,125828,125829,1,12
125816,125828,125829,1,12
125816,125828,125829,1,12
125816,125827,125828,1,11
125816,125828,125829,1,12
125816,125828,125829,1,12
125816,125827,125829,2,11
125816,125828,125829,1,12
125816,125829,125830,1,13
125816,125829,125830,1,13
125816,125829,125830,1,13
125816,125829,125830,1,13
125816,125829,125830,1,13
125816,125829,125830,1,13
125816,125829,125830,1,13
125816,125828,125830,2,12
125816,125829,125830,1,13
125816,125829,125830,1,13
125816,125829,125830,1,13
125816,125830,125831,1,14
125816,125830,125831,1,14
125816,125830,125831,1,14
125816,125830,125831,1,14
125816,125830,125831,1,14
125816,125830,125831,1,14
125816,125830,125831,1,14
125816,125830,125831,1,14
125816,125830,125831,1,14
125816,125831,125832,1,15
125816,125831,125832,1,15
125816,125831,125832,1,15
125816,125831,125832,1,15
125816,125831,125832,1,15
125842,125842,125843,1,0
125842,125842,125843,1,0
125842,125842,125843,1,0
125842,125842,125843,1,0
125842,125842,125843,1,0
125842,125842,125843,1,0
125842,125842,125843,1,0
125842,125842,125843,1,0
125842,125842,125843,1,0
125842,125842,125843,1,0
125842,125843,125844,1,1
125842,125843,125844,1,1
125842,125843,125844,1,1
125842,125842,125844,2,0
125842,125842,125844,2,0
125842,125844,125845,1,2
125842,125844,125845,1,2
125842,125843,125844,1,1
125842,125843,125844,1,1
125842,125844,125845,1,2
125842,125844,125845,1,2
125842,125843,125845,2,1
125842,125843,125845,2,1
125842,125844,125845,1,2
125842,125844,125845,1,2
125842,125845,125846,1,3
125842,125845,125846,1,3
125842,125846,125847,1,4
125842,125846,125847,1,4
125842,125846,125847,1,4
125842,125846,125847,1,4
125842,125847,125848,1,5
125842,125847,125848,1,5
125842,125847,125848,1,5
125842,125847,125848,1,5
125842,125846,125848,2,4
125842,125847,125848,1,5
125842,125848,125849,1,6
125842,125848,125849,1,6
125842,125848,125849,1,6
125842,125848,125849,1,6
125842,125846,125848,2,4
125842,125849,125850,1,7
125842,125849,125850,1,7
125842,125848,125849,1,6
125842,125848,125849,1,6
125842,125849,125850,1,7
125842,125849,125850,1,7
125842,125849,125850,1,7
125842,125849,125850,1,7
125842,125850,125851,1,8
125842,125849,125850,1,7
125842,125849,125850,1,7
125842,125849,125851,2,7
125153,125160,125866,706,7
125875,125875,125876,1,0
125875,125875,125876,1,0
125875,125875,125876,1,0
125875,125875,125876,1,0
125875,125875,125876,1,0
125875,125875,125876,1,0
125875,125875,125876,1,0
125875,125875,125876,1,0
125875,125875,125876,1,0
125875,125876,125877,1,1
125875,125875,125876,1,0
125875,125875,125876,1,0
125875,125875,125877,2,0
125875,125875,125877,2,0
125875,125876,125877,1,1
125875,125876,125878,2,1
125875,125876,125878,2,1
125875,125876,125877,1,1
125875,125876,125878,2,1
125875,125875,125877,2,0
125875,125876,125878,2,1
125875,125876,125878,2,1
125875,125876,125878,2,1
125875,125876,125877,1,1
125875,125877,125879,2,2
125875,125878,125879,1,3
125875,125878,125879,1,3
125875,125878,125879,1,3
125875,125878,125879,1,3
125875,125877,125879,2,2
125875,125877,125879,2,2
125875,125878,125879,1,3
125875,125878,125879,1,3
125875,125878,125879,1,3
125875,125878,125880,2,3
125875,125879,125880,1,4
125875,125879,125880,1,4
125875,125878,125880,2,3
125875,125879,125880,1,4
125875,125878,125880,2,3
125875,125879,125880,1,4
125875,125879,125880,1,4
125875,125879,125880,1,4
125875,125879,125880,1,4
125875,125880,125881,1,5
125875,125880,125881,1,5
125875,125880,125881,1,5
125875,125880,125881,1,5
125875,125880,125881,1,5
125875,125880,125881,1,5
125875,125881,125882,1,6
125875,125881,125882,1,6
125875,125881,125882,1,6
125875,125882,125883,1,7
125875,125882,125883,1,7
125875,125882,125883,1,7
125875,125882,125883,1,7
125875,125882,125883,1,7
125875,125882,125883,1,7
125875,125883,125884,1,8
125875,125883,125884,1,8
125875,125883,125884,1,8
125875,125883,125884,1,8
125875,125883,125884,1,8
125875,125883,125884,1,8
125875,125883,125884,1,8
125875,125883,125884,1,8
125875,125883,125884,1,8
125875,125883,125884,1,8
125875,125881,125884,3,6
125875,125883,125884,1,8
125495,125502,125991,489,7
125993,125993,125994,1,0
125993,125993,125994,1,0
125993,125993,125994,1,0
125993,125993,125994,1,0
125993,125993,125994,1,0
125993,125993,125994,1,0
125993,125993,125994,1,0
125993,125993,125994,1,0
125993,125993,125994,1,0
125993,125993,125994,1,0
125993,125993,125994,1,0
125993,125994,125995,1,1
125993,125994,125995,1,1
125993,125993,125994,1,0
125993,125993,125994,1,0
125993,125994,125995,1,1
125993,125995,125996,1,2
125993,125995,125996,1,2
125993,125995,125996,1,2
125993,125995,125996,1,2
125993,125995,125996,1,2
125993,125994,125995,1,1
125993,125994,125995,1,1
125993,125994,125995,1,1
125993,125994,125995,1,1
125993,125994,125995,1,1
125993,125994,125995,1,1
125993,125994,125995,1,1
125993,125994,125995,1,1
125993,125995,125996,1,2
125993,125996,125997,1,3
125993,125996,125997,1,3
125993,125996,125997,1,3
125993,125996,125997,1,3
125993,125996,125997,1,3
125993,125995,125996,1,2
125993,125995,125997,2,2
125993,125996,125997,1,3
125993,125996,125997,1,3
125993,125996,125997,1,3
125993,125996,125997,1,3
125993,125995,125996,1,2
125993,125996,125997,1,3
125993,125996,125997,1,3
125993,125996,125997,1,3
125993,125997,125998,1,4
125993,125997,125998,1,4
125993,125997,125998,1,4
125993,125997,125998,1,4
125993,125997,125998,1,4
125993,125997,125998,1,4
125993,125996,125997,1,3
125993,125997,125998,1,4
125993,125997,125998,1,4
125993,125997,125998,1,4
125993,125997,125998,1,4
125993,125997,125998,1,4
125993,125997,125998,1,4
125993,125997,125998,1,4
125993,125997,125998,1,4
125993,125997,125998,1,4
125993,125998,125999,1,5
125993,125998,125999,1,5
125993,125998,125999,1,5
125993,125998,125999,1,5
125993,125998,125999,1,5
125993,125998,125999,1,5
125993,125998,125999,1,5
125993,125998,125999,1,5
125993,125997,125999,2,4
125993,125998,125999,1,5
125993,125999,126000,1,6
125993,125999,126000,1,6
125993,125999,126000,1,6
125993,125999,126000,1,6
125993,125999,126000,1,6
125993,125999,126000,1,6
125993,125999,126000,1,6
125993,125999,126000,1,6
125993,125998,126000,2,5
125993,125999,126000,1,6
125993,125999,126000,1,6
125993,126000,126001,1,7
125310,125316,126010,694,6
126015,126015,126016,1,0
126015,126015,126016,1,0
126015,126015,126016,1,0
126015,126015,126016,1,0
126015,126015,126016,1,0
126015,126015,126016,1,0
126015,126015,126016,1,0
126015,126015,126016,1,0
126015,126015,126017,2,0
126015,126016,126017,1,1
126015,126016,126017,1,1
126015,126015,126016,1,0
126015,126016,126017,1,1
126015,126015,126017,2,0
126015,126017,126018,1,2
126015,126017,126018,1,2
126015,126016,126017,1,1
126015,126016,126017,1,1
126015,126016,126017,1,1
126015,126016,126017,1,1
126015,126016,126017,1,1
126015,126016,126017,1,1
126015,126016,126017,1,1
126015,126017,126018,1,2
126015,126017,126018,1,2
126015,126017,126019,2,2
126015,126017,126018,1,2
126015,126017,126018,1,2
126015,126017,126018,1,2
126015,126017,126018,1,2
126015,126017,126019,2,2
126015,126018,126019,1,3
126015,126018,126019,1,3
126015,126018,126019,1,3
126015,126019,126020,1,4
126015,126019,126020,1,4
126015,126018,126019,1,3
126015,126018,126020,2,3
126015,126018,126020,2,3
126015,126018,126020,2,3
126015,126018,126020,2,3
126015,126018,126020,2,3
126015,126019,126020,1,4
126015,126020,126021,1,5
126015,126020,126021,1,5
126015,126019,126021,2,4
126015,126019,126020,1,4
126015,126020,126021,1,5
126015,126020,126021,1,5
126015,126019,126020,1,4
126015,126020,126021,1,5
126015,126020,126021,1,5
126015,126019,126020,1,4
126015,126020,126021,1,5
126015,126020,126021,1,5
126015,126020,126021,1,5
126015,126019,126021,2,4
126015,126020,126021,1,5
126015,126021,126022,1,6
126015,126020,126021,1,5
126015,126021,126022,1,6
126015,126021,126022,1,6
126015,126021,126022,1,6
126015,126021,126022,1,6
126015,126021,126022,1,6
126015,126021,126022,1,6
126015,126021,126022,1,6
126015,126021,126022,1,6
126015,126021,126022,1,6
126015,126021,126022,1,6
126015,126021,126022,1,6
126015,126021,126022,1,6
126015,126022,126023,1,7
126015,126022,126023,1,7
126015,126022,126023,1,7
126015,126022,126023,1,7
126015,126022,126023,1,7
126015,126021,126022,1,6
126015,126022,126023,1,7
126015,126022,126023,1,7
126015,126022,126023,1,7
126015,126022,126023,1,7
126015,126022,126023,1,7
126015,126023,126024,1,8
126015,126022,126023,1,7
126015,126023,126024,1,8
126015,126023,126024,1,8
126015,126023,126024,1,8
126015,126023,126024,1,8
125615,125630,126104,474,15
126105,126105,126106,1,0
126105,126105,126106,1,0
126105,126105,126106,1,0
126105,126105,126106,1,0
126105,126105,126106,1,0
126105,126105,126106,1,0
126105,126105,126106,1,0
126105,126105,126106,1,0
126105,126105,126106,1,0
126105,126105,126106,1,0
126105,126105,126107,2,0
126105,126105,126106,1,0
126105,126105,126107,2,0
126105,126105,126107,2,0
126105,126105,126107,2,0
125617,125630,126107,477,13
126105,126106,126107,1,1
126105,126105,126106,1,0
126105,126105,126106,1,0
126105,126106,126107,1,1
126105,126106,126108,2,1
126105,126106,126107,1,1
126105,126107,126108,1,2
126105,126107,126108,1,2
126105,126107,126108,1,2
126105,126106,126107,1,1
126105,126106,126108,2,1
126105,126107,126108,1,2
126105,126106,126108,2,1
126105,126106,126108,2,1
126105,126106,126107,1,1
126105,126106,126107,1,1
126105,126107,126108,1,2
126105,126108,126109,1,3
126105,126107,126109,2,2
126105,126107,126108,1,2
126105,126108,126109,1,3
126105,126107,126109,2,2
126105,126107,126108,1,2
126105,126108,126109,1,3
126105,126108,126109,1,3
126105,126108,126109,1,3
126105,126108,126109,1,3
126105,126108,126109,1,3
126105,126108,126109,1,3
126105,126108,126109,1,3
126105,126108,126109,1,3
126105,126108,126109,1,3
126105,126108,126109,1,3
126105,126108,126109,1,3
126105,126109,126110,1,4
126105,126109,126110,1,4
126105,126109,126110,1,4
126105,126109,126110,1,4
126105,126109,126110,1,4
126105,126109,126110,1,4
126105,126109,126110,1,4
126105,126109,126110,1,4
126105,126109,126110,1,4
126105,126109,126110,1,4
126105,126110,126111,1,5
126105,126110,126111,1,5
126105,126110,126111,1,5
126105,126109,126111,2,4
126105,126111,126112,1,6
126105,126111,126112,1,6
126105,126111,126112,1,6
126105,126110,126112,2,5
126105,126110,126112,2,5
126105,126110,126112,2,5
126105,126112,126113,1,7
126105,126112,126113,1,7
126105,126112,126113,1,7
126105,126112,126113,1,7
126105,126112,126113,1,7
126109,126113,126114,1,4
126109,126113,126114,1,4
126109,126113,126114,1,4
126109,126113,126114,1,4
126109,126113,126114,1,4
126109,126113,126115,2,4
126109,126113,126115,2,4
126109,126113,126115,2,4
126109,126114,126115,1,5
126109,126114,126115,1,5
126109,126114,126115,1,5
126109,126114,126115,1,5
126109,126114,126116,2,5
126109,126114,126115,1,5
126109,126113,126115,2,4
126109,126113,126116,3,4
126109,126114,126116,2,5
126109,126114,126116,2,5
126109,126115,126116,1,6
126109,126116,126117,1,7
126109,126114,126116,2,5
126109,126115,126117,2,6
126109,126115,126116,1,6
126109,126115,126117,2,6
126109,126115,126117,2,6
126109,126115,126117,2,6
126109,126116,126117,1,7
126109,126116,126117,1,7
126109,126116,126117,1,7
126109,126117,126118,1,8
126109,126116,126118,2,7
126109,126116,126118,2,7
126109,126117,126118,1,8
126109,126117,126118,1,8
126109,126116,126118,2,7
126109,126116,126118,2,7
126109,126117,126118,1,8
126109,126117,126118,1,8
126109,126117,126118,1,8
126109,126117,126118,1,8
126109,126117,126118,1,8
126109,126117,126118,1,8
126109,126118,126119,1,9
126109,126118,126119,1,9
126109,126118,126119,1,9
126109,126117,126118,1,8
126109,126118,126119,1,9
126109,126119,126120,1,10
126109,126119,126120,1,10
126109,126119,126120,1,10
126109,126119,126120,1,10
126109,126119,126120,1,10
126109,126118,126119,1,9
126109,126120,126121,1,11
126109,126120,126121,1,11
126109,126120,126121,1,11
126109,126120,126121,1,11
126109,126120,126121,1,11
126109,126119,126121,2,10
126109,126121,126122,1,12
126109,126120,126121,1,11
126109,126121,126122,1,12
126109,126121,126122,1,12
126109,126121,126122,1,12
125449,125457,126167,710,8
126168,126168,126169,1,0
126168,126168,126169,1,0
126168,126168,126169,1,0
126168,126168,126169,1,0
126168,126168,126169,1,0
126168,126168,126169,1,0
126168,126168,126169,1,0
126168,126168,126169,1,0
126168,126168,126169,1,0
126168,126168,126170,2,0
126168,126168,126170,2,0
126168,126168,126170,2,0
126168,126168,126170,2,0
126168,126169,126170,1,1
126168,126169,126170,1,1
126168,126168,126170,2,0
126168,126168,126169,1,0
126168,126169,126170,1,1
126168,126170,126171,1,2
126168,126168,126171,3,0
126168,126170,126171,1,2
126168,126170,126171,1,2
126168,126171,126172,1,3
125460,125469,126171,702,9
126168,126168,126172,4,0
126168,126171,126172,1,3
126168,126171,126172,1,3
126168,126171,126172,1,3
126168,126171,126172,1,3
126168,126171,126172,1,3
126168,126171,126172,1,3
126168,126171,126172,1,3
126168,126171,126172,1,3
126168,126172,126173,1,4
126168,126173,126174,1,5
126168,126173,126174,1,5
126168,126172,126173,1,4
126168,126172,126173,1,4
126168,126173,126174,1,5
126168,126173,126174,1,5
126168,126174,126175,1,6
126168,126174,126175,1,6
126168,126174,126175,1,6
126168,126174,126175,1,6
126168,126174,126175,1,6
126168,126174,126175,1,6
126168,126174,126175,1,6
126168,126174,126175,1,6
126168,126174,126175,1,6
126168,126174,126175,1,6
126168,126175,126176,1,7
126168,126175,126176,1,7
126168,126175,126176,1,7
126168,126175,126176,1,7
126168,126175,126176,1,7
126168,126175,126176,1,7
126168,126175,126176,1,7
126168,126175,126176,1,7
126172,126176,126177,1,4
126172,126176,126177,1,4
126172,126176,126177,1,4
126172,126176,126177,1,4
126172,126176,126177,1,4
126168,126175,126176,1,7
126172,126176,126177,1,4
126172,126176,126177,1,4
126172,126176,126177,1,4
126172,126177,126178,1,5
126172,126176,126177,1,4
126172,126177,126178,1,5
126172,126177,126178,1,5
126172,126177,126178,1,5
126172,126177,126178,1,5
126172,126177,126178,1,5
126172,126177,126178,1,5
126172,126176,126177,1,4
126172,126176,126178,2,4
126172,126178,126179,1,6
126172,126177,126178,1,5
126172,126178,126179,1,6
126172,126178,126179,1,6
126172,126177,126178,1,5
126172,126178,126179,1,6
126172,126177,126178,1,5
126172,126177,126178,1,5
126172,126178,126179,1,6
126172,126177,126179,2,5
126172,126178,126179,1,6
126172,126178,126179,1,6
126172,126178,126179,1,6
126172,126178,126179,1,6
126172,126179,126180,1,7
126172,126179,126180,1,7
126172,126179,126180,1,7
126172,126179,126180,1,7
126172,126179,126180,1,7
126172,126179,126180,1,7
126172,126179,126180,1,7
126172,126180,126181,1,8
126172,126180,126181,1,8
126172,126180,126181,1,8
126172,126180,126181,1,8
126172,126180,126181,1,8
126172,126180,126181,1,8
126172,126180,126181,1,8
126172,126180,126181,1,8
126172,126180,126181,1,8
126172,126181,126182,1,9
126172,126181,126182,1,9
126172,126181,126182,1,9
126172,126181,126182,1,9
126172,126181,126182,1,9
126172,126181,126182,1,9
126172,126181,126182,1,9
126172,126181,126182,1,9
126172,126182,126183,1,10
126172,126182,126183,1,10
126172,126182,126183,1,10
126172,126182,126183,1,10
126172,126182,126183,1,10
126172,126182,126183,1,10
125704,125713,126195,482,9
126200,126200,126201,1,0
126200,126200,126201,1,0
126200,126200,126201,1,0
126200,126200,126201,1,0
126200,126200,126201,1,0
126200,126200,126201,1,0
126200,126200,126202,2,0
126200,126200,126201,1,0
126200,126200,126201,1,0
126200,126200,126201,1,0
126200,126200,126201,1,0
126200,126201,126202,1,1
126200,126201,126202,1,1
126200,126201,126202,1,1
126200,126201,126203,2,1
126200,126201,126202,1,1
126200,126201,126202,1,1
126200,126202,126203,1,2
126200,126202,126204,2,2
126200,126202,126204,2,2
126200,126202,126203,1,2
126200,126202,126203,1,2
126200,126202,126203,1,2
126200,126203,126204,1,3
126200,126202,126203,1,2
126200,126201,126203,2,1
126200,126204,126205,1,4
126200,126204,126205,1,4
126200,126202,126204,2,2
126200,126202,126204,2,2
126200,126204,126205,1,4
126200,126203,126204,1,3
126200,126203,126204,1,3
126200,126203,126204,1,3
126200,126203,126204,1,3
126200,126204,126205,1,4
126200,126204,126205,1,4
126200,126203,126205,2,3
126200,126204,126205,1,4
126200,126205,126206,1,5
126200,126205,126206,1,5
126200,126205,126206,1,5
126200,126205,126206,1,5
126200,126205,126206,1,5
126200,126205,126206,1,5
125710,125722,126206,484,12
126200,126205,126206,1,5
126200,126206,126207,1,6
126200,126205,126206,1,5
126200,126206,126207,1,6
126200,126206,126207,1,6
126200,126205,126206,1,5
126200,126206,126207,1,6
126200,126206,126207,1,6
126200,126206,126207,1,6
126200,126206,126207,1,6
126200,126206,126207,1,6
126200,126206,126208,2,6
126200,126207,126208,1,7
126200,126207,126208,1,7
126200,126207,126208,1,7
126200,126207,126208,1,7
126200,126207,126208,1,7
126200,126207,126208,1,7
126200,126207,126208,1,7
126200,126207,126208,1,7
126200,126207,126208,1,7
126200,126207,126208,1,7
126200,126207,126208,1,7
126200,126203,126208,5,3
126200,126208,126209,1,8
126200,126208,126209,1,8
126200,126207,126208,1,7
126200,126208,126209,1,8
126200,126208,126209,1,8
126200,126208,126209,1,8
126200,126208,126209,1,8
126200,126208,126209,1,8
126207,126208,126209,1,1
126207,126208,126209,1,1
126200,126207,126209,2,7
126207,126209,126210,1,2
126207,126209,126210,1,2
126207,126209,126210,1,2
126207,126209,126210,1,2
126207,126209,126210,1,2
126207,126209,126210,1,2
126207,126209,126210,1,2
126207,126209,126211,2,2
126207,126209,126211,2,2
126207,126210,126211,1,3
126207,126210,126211,1,3
126207,126210,126211,1,3
126207,126210,126211,1,3
126207,126210,126211,1,3
126207,126210,126211,1,3
126207,126210,126212,2,3
126207,126210,126212,2,3
126207,126210,126212,2,3
126207,126212,126213,1,5
126207,126211,126213,2,4
126207,126211,126213,2,4
126207,126211,126213,2,4
126207,126211,126213,2,4
126207,126213,126214,1,6
126207,126212,126214,2,5
126207,126212,126213,1,5
126207,126212,126213,1,5
126207,126212,126213,1,5
126207,126212,126213,1,5
126207,126210,126213,3,3
126207,126211,126213,2,4
126207,126212,126213,1,5
126207,126211,126213,2,4
126207,126212,126214,2,5
126207,126212,126214,2,5
126207,126214,126215,1,7
126207,126213,126214,1,6
126207,126213,126214,1,6
126207,126213,126215,2,6
126207,126213,126215,2,6
126207,126215,126216,1,8
126207,126214,126215,1,7
126207,126214,126215,1,7
126207,126214,126215,1,7
126207,126214,126215,1,7
126207,126214,126215,1,7
126207,126214,126215,1,7
126207,126214,126215,1,7
126207,126214,126215,1,7
126207,126214,126216,2,7
126207,126215,126216,1,8
126207,126214,126216,2,7
126207,126215,126216,1,8
126207,126216,126217,1,9
126207,126216,126217,1,9
126207,126216,126217,1,9
126207,126216,126217,1,9
126207,126216,126217,1,9
126207,126216,126217,1,9
126207,126209,126217,8,2
126207,126216,126217,1,9
126207,126217,126218,1,10
126207,126217,126218,1,10
126207,126217,126218,1,10
126207,126217,126218,1,10
126207,126217,126218,1,10
126207,126216,126217,1,9
126207,126216,126217,1,9
126207,126217,126218,1,10
126207,126217,126218,1,10
126207,126217,126218,1,10
126207,126217,126218,1,10
126207,126217,126218,1,10
126207,126218,126219,1,11
126207,126218,126219,1,11
126207,126218,126219,1,11
126207,126218,126219,1,11
126207,126218,126219,1,11
126207,126218,126219,1,11
126207,126218,126219,1,11
126207,126218,126219,1,11
126207,126218,126220,2,11
126207,126218,126220,2,11
126207,126216,126217,1,9
126207,126225,126226,1,18
125752,125758,126239,481,6
126249,126249,126250,1,0
126249,126249,126250,1,0
126249,126249,126250,1,0
126249,126249,126250,1,0
126249,126249,126250,1,0
126249,126249,126250,1,0
126249,126249,126250,1,0
126249,126249,126250,1,0
126249,126249,126250,1,0
126249,126249,126251,2,0
126249,126249,126250,1,0
126249,126249,126250,1,0
126249,126250,126251,1,1
126249,126250,126251,1,1
126249,126250,126251,1,1
126249,126250,126252,2,1
126249,126250,126252,2,1
126249,126250,126252,2,1
126249,126250,126252,2,1
126249,126250,126252,2,1
126249,126251,126253,2,2
126249,126251,126253,2,2
126249,126251,126253,2,2
126249,126251,126253,2,2
126249,126251,126252,1,2
126249,126251,126252,1,2
126249,126251,126252,1,2
126249,126251,126252,1,2
126249,126251,126252,1,2
126249,126252,126253,1,3
126249,126252,126253,1,3
126249,126252,126253,1,3
126249,126253,126254,1,4
126249,126252,126253,1,3
126249,126252,126253,1,3
126249,126252,126253,1,3
126249,126252,126253,1,3
126249,126252,126253,1,3
126249,126254,126255,1,5
126249,126253,126255,2,4
126249,126254,126255,1,5
126249,126253,126254,1,4
126249,126253,126254,1,4
126249,126253,126254,1,4
126249,126253,126254,1,4
126249,126253,126254,1,4
126249,126253,126254,1,4
126249,126254,126255,1,5
126249,126254,126255,1,5
126249,126253,126254,1,4
126249,126254,126255,1,5
126249,126254,126255,1,5
126249,126254,126255,1,5
126249,126254,126255,1,5
126249,126254,126255,1,5
126249,126255,126256,1,6
126249,126255,126256,1,6
126249,126255,126256,1,6
126249,126255,126256,1,6
126249,126255,126256,1,6
126249,126255,126256,1,6
126249,126255,126256,1,6
126249,126255,126256,1,6
126249,126255,126256,1,6
126249,126255,126256,1,6
126249,126255,126256,1,6
126249,126255,126256,1,6
126249,126255,126256,1,6
126249,126255,126256,1,6
126249,126255,126256,1,6
126249,126256,126257,1,7
126249,126256,126257,1,7
126249,126256,126257,1,7
126249,126256,126257,1,7
126249,126256,126257,1,7
126249,126256,126257,1,7
126249,126256,126257,1,7
126249,126256,126257,1,7
126249,126256,126257,1,7
126249,126256,126257,1,7
126249,126256,126257,1,7
126249,126257,126258,1,8
126249,126257,126258,1,8
126249,126257,126258,1,8
126249,126256,126257,1,7
126249,126256,126257,1,7
126249,126257,126258,1,8
126249,126257,126258,1,8
126249,126257,126258,1,8
125759,125768,126259,491,9
126274,126274,126275,1,0
126274,126274,126275,1,0
126274,126274,126275,1,0
126274,126274,126275,1,0
126274,126274,126275,1,0
126274,126274,126275,1,0
126274,126275,126276,1,1
126274,126275,126276,1,1
126274,126275,126276,1,1
126274,126275,126276,1,1
126274,126275,126276,1,1
126274,126275,126276,1,1
126274,126276,126277,1,2
126274,126275,126276,1,1
126274,126275,126276,1,1
126274,126275,126276,1,1
126274,126275,126276,1,1
126274,126275,126276,1,1
126274,126276,126277,1,2
126274,126276,126277,1,2
126274,126276,126277,1,2
126274,126276,126278,2,2
126274,126277,126278,1,3
126274,126277,126278,1,3
126274,126276,126277,1,2
126274,126277,126278,1,3
126274,126278,126279,1,4
126274,126277,126278,1,3
126274,126278,126279,1,4
126274,126277,126278,1,3
126274,126277,126278,1,3
126274,126277,126278,1,3
126274,126277,126278,1,3
126274,126278,126279,1,4
126274,126277,126278,1,3
126274,126277,126278,1,3
126274,126277,126278,1,3
126274,126277,126278,1,3
126274,126279,126280,1,5
126274,126279,126280,1,5
126274,126279,126280,1,5
126274,126279,126280,1,5
126274,126279,126280,1,5
126274,126278,126279,1,4
126274,126279,126280,1,5
126274,126279,126280,1,5
126274,126279,126280,1,5
126274,126279,126280,1,5
126274,126279,126280,1,5
126274,126279,126280,1,5
126274,126279,126280,1,5
126274,126280,126281,1,6
126274,126280,126281,1,6
126274,126280,126281,1,6
126274,126280,126281,1,6
126274,126280,126281,1,6
126274,126280,126281,1,6
126274,126280,126281,1,6
126274,126280,126281,1,6
126274,126280,126281,1,6
126274,126280,126281,1,6
126274,126280,126281,1,6
126274,126280,126281,1,6
126274,126280,126281,1,6
126274,126281,126282,1,7
126274,126281,126282,1,7
126274,126281,126282,1,7
126274,126281,126282,1,7
126274,126281,126282,1,7
126274,126281,126282,1,7
126274,126280,126282,2,6
126274,126281,126282,1,7
126274,126281,126282,1,7
126274,126281,126282,1,7
126274,126281,126283,2,7
125586,125594,126301,707,8
126302,126302,126303,1,0
126302,126302,126303,1,0
126302,126302,126303,1,0
126302,126302,126303,1,0
126302,126302,126303,1,0
126302,126302,126303,1,0
126302,126302,126303,1,0
126302,126302,126303,1,0
126302,126302,126303,1,0
126302,126302,126303,1,0
126302,126302,126303,1,0
126302,126302,126304,2,0
126302,126302,126304,2,0
126302,126303,126304,1,1
126302,126303,126304,1,1
126302,126303,126304,1,1
126302,126303,126304,1,1
126302,126303,126304,1,1
126302,126303,126304,1,1
126302,126303,126304,1,1
126302,126302,126303,1,0
126302,126303,126304,1,1
126302,126303,126304,1,1
126302,126303,126305,2,1
126302,126303,126305,2,1
126302,126303,126305,2,1
126302,126303,126305,2,1
126302,126303,126305,2,1
126302,126305,126306,1,3
126302,126304,126306,2,2
126302,126304,126306,2,2
126302,126305,126306,1,3
126302,126306,126308,2,4
126302,126305,126308,3,3
126302,126308,126309,1,6
126302,126308,126309,1,6
126302,126308,126309,1,6
126302,126304,126309,5,2
126302,126308,126309,1,6
126302,126309,126310,1,7
126302,126309,126310,1,7
126302,126309,126310,1,7
126302,126309,126310,1,7
126302,126309,126310,1,7
126302,126309,126310,1,7
126302,126309,126311,2,7
126302,126309,126310,1,7
126302,126310,126311,1,8
126302,126310,126311,1,8
126302,126310,126311,1,8
126302,126310,126311,1,8
126302,126310,126311,1,8
126302,126305,126312,7,3
125843,125850,126332,482,7
126333,126333,126334,1,0
126333,126333,126334,1,0
126333,126333,126334,1,0
126333,126333,126334,1,0
126333,126333,126335,2,0
126333,126333,126334,1,0
126333,126333,126335,2,0
126333,126333,126334,1,0
126333,126333,126334,1,0
126333,126333,126334,1,0
126333,126333,126334,1,0
126333,126333,126334,1,0
126333,126334,126335,1,1
126333,126333,126335,2,0
126333,126333,126335,2,0
126333,126334,126336,2,1
126333,126334,126335,1,1
126333,126334,126335,1,1
126333,126334,126336,2,1
126333,126334,126336,2,1
126333,126335,126337,2,2
126333,126334,126336,2,1
126333,126335,126337,2,2
126333,126335,126336,1,2
126333,126335,126336,1,2
126333,126336,126337,1,3
126333,126335,126337,2,2
126333,126335,126337,2,2
126333,126336,126337,1,3
126333,126335,126337,2,2
126333,126336,126337,1,3
126333,126336,126337,1,3
126333,126336,126338,2,3
126333,126336,126338,2,3
126333,126335,126337,2,2
126333,126336,126337,1,3
126333,126337,126338,1,4
126333,126336,126338,2,3
126333,126337,126339,2,4
126333,126337,126338,1,4
126333,126337,126338,1,4
126333,126337,126338,1,4
126333,126337,126339,2,4
126333,126337,126339,2,4
126333,126337,126339,2,4
126333,126338,126339,1,5
126333,126338,126340,2,5
126333,126338,126339,1,5
126333,126338,126340,2,5
126333,126338,126340,2,5
126333,126338,126340,2,5
126333,126338,126340,2,5
126333,126339,126341,2,6
126333,126338,126340,2,5
126333,126339,126341,2,6
126333,126339,126340,1,6
126333,126339,126340,1,6
126333,126339,126340,1,6
126333,126339,126341,2,6
126333,126339,126341,2,6
126333,126339,126341,2,6
126333,126340,126341,1,7
126333,126339,126341,2,6
126333,126340,126342,2,7
126333,126341,126342,1,8
126333,126341,126342,1,8
126333,126340,126341,1,7
126333,126341,126342,1,8
126333,126340,126342,2,7
126333,126340,126342,2,7
126333,126341,126342,1,8
126333,126340,126342,2,7
126333,126342,126343,1,9
126333,126341,126342,1,8
126333,126341,126343,2,8
126333,126342,126343,1,9
126333,126341,126343,2,8
126333,126342,126343,1,9
126333,126342,126343,1,9
126333,126342,126343,1,9
126333,126342,126343,1,9
126333,126342,126343,1,9
126333,126341,126343,2,8
126333,126341,126342,1,8
126333,126342,126343,1,9
126333,126342,126343,1,9
126333,126340,126343,3,7
126333,126343,126344,1,10
126333,126343,126344,1,10
126333,126343,126344,1,10
126333,126343,126344,1,10
126333,126343,126344,1,10
126333,126342,126343,1,9
126333,126342,126344,2,9
126333,126343,126345,2,10
126333,126343,126345,2,10
125644,125659,126362,703,15
126363,126363,126364,1,0
126363,126363,126364,1,0
126363,126363,126364,1,0
126363,126363,126364,1,0
126363,126363,126364,1,0
126363,126363,126364,1,0
126363,126363,126364,1,0
126363,126363,126364,1,0
126363,126363,126364,1,0
126363,126363,126365,2,0
126363,126363,126364,1,0
126363,126363,126365,2,0
126363,126363,126365,2,0
126363,126363,126364,1,0
126363,126363,126364,1,0
126363,126364,126365,1,1
126363,126364,126365,1,1
126363,126364,126366,2,1
126363,126364,126366,2,1
126363,126364,126365,1,1
126363,126364,126366,2,1
126363,126364,126366,2,1
126363,126364,126366,2,1
126363,126365,126367,2,2
126363,126365,126366,1,2
126363,126365,126366,1,2
126363,126365,126367,2,2
126363,126365,126367,2,2
126363,126365,126366,1,2
126363,126364,126366,2,1
126363,126365,126367,2,2
126363,126366,126367,1,3
126363,126366,126368,2,3
126363,126365,126367,2,2
126363,126366,126368,2,3
126363,126366,126368,2,3
126363,126366,126367,1,3
126363,126367,126368,1,4
126363,126366,126368,2,3
126363,126366,126368,2,3
126363,126367,126368,1,4
126363,126366,126368,2,3
126363,126368,126369,1,5
126363,126367,126369,2,4
126363,126367,126368,1,4
126363,126367,126368,1,4
126363,126367,126368,1,4
126363,126367,126369,2,4
126363,126368,126369,1,5
126363,126368,126369,1,5
126363,126368,126369,1,5
126363,126368,126369,1,5
126363,126368,126369,1,5
126363,126368,126369,1,5
126363,126368,126369,1,5
126363,126367,126368,1,4
126363,126368,126369,1,5
126363,126369,126370,1,6
126363,126368,126369,1,5
126363,126368,126369,1,5
126363,126369,126370,1,6
126363,126369,126370,1,6
126363,126369,126370,1,6
126363,126369,126370,1,6
126363,126369,126370,1,6
126363,126369,126370,1,6
126363,126369,126370,1,6
126363,126369,126370,1,6
126363,126369,126370,1,6
126363,126369,126370,1,6
126363,126369,126370,1,6
126363,126369,126370,1,6
126363,126369,126370,1,6
126363,126369,126370,1,6
126363,126370,126371,1,7
126363,126370,126371,1,7
126363,126370,126371,1,7
126363,126370,126371,1,7
126363,126370,126371,1,7
126363,126370,126371,1,7
126363,126370,126371,1,7
126363,126370,126371,1,7
126363,126370,126371,1,7
126363,126370,126371,1,7
126363,126370,126371,1,7
126363,126370,126371,1,7
126363,126371,126372,1,8
126363,126371,126372,1,8
126363,126371,126372,1,8
126363,126371,126372,1,8
126363,126371,126372,1,8
126363,126370,126371,1,7
126363,126371,126373,2,8
126363,126371,126373,2,8
125676,125682,126389,707,6
126392,126392,126393,1,0
126392,126392,126393,1,0
126392,126392,126393,1,0
126392,126392,126393,1,0
126392,126392,126393,1,0
126392,126392,126393,1,0
126392,126392,126393,1,0
126392,126393,126394,1,1
126392,126392,126394,2,0
126392,126392,126394,2,0
126392,126393,126394,1,1
126392,126393,126394,1,1
126392,126393,126394,1,1
126392,126393,126395,2,1
126392,126393,126395,2,1
126392,126393,126394,1,1
126392,126393,126394,1,1
126392,126394,126395,1,2
126392,126394,126395,1,2
126392,126393,126395,2,1
126392,126394,126396,2,2
126392,126394,126395,1,2
126392,126394,126395,1,2
126392,126394,126395,1,2
126392,126395,126396,1,3
126392,126395,126396,1,3
126392,126395,126396,1,3
126392,126395,126397,2,3
126392,126395,126396,1,3
126392,126396,126397,1,4
126392,126396,126397,1,4
126392,126395,126396,1,3
126392,126395,126396,1,3
126392,126395,126396,1,3
126392,126395,126396,1,3
126392,126396,126397,1,4
126392,126395,126396,1,3
126392,126396,126397,1,4
126392,126396,126397,1,4
126392,126396,126397,1,4
126392,126396,126397,1,4
126392,126397,126398,1,5
126392,126397,126398,1,5
126392,126397,126398,1,5
126392,126397,126398,1,5
126392,126397,126398,1,5
126392,126397,126398,1,5
126392,126397,126398,1,5
126392,126397,126398,1,5
126392,126398,126399,1,6
126392,126398,126399,1,6
126392,126397,126398,1,5
126392,126398,126399,1,6
126392,126398,126399,1,6
126392,126398,126399,1,6
126392,126398,126399,1,6
126392,126398,126399,1,6
126392,126398,126399,1,6
126392,126398,126399,1,6
126392,126397,126398,1,5
126392,126398,126399,1,6
126392,126399,126400,1,7
126392,126399,126400,1,7
126392,126399,126400,1,7
126392,126399,126400,1,7
126392,126399,126400,1,7
126392,126399,126400,1,7
126392,126399,126400,1,7
126392,126399,126400,1,7
126392,126399,126400,1,7
126392,126399,126400,1,7
126392,126398,126399,1,6
126392,126399,126400,1,7
126392,126400,126401,1,8
126392,126400,126401,1,8
126392,126400,126401,1,8
126392,126400,126401,1,8
126392,126399,126400,1,7
125718,125730,126419,689,12
126421,126421,126422,1,0
126421,126421,126422,1,0
126421,126421,126422,1,0
126421,126421,126422,1,0
126421,126421,126422,1,0
126421,126422,126423,1,1
126421,126422,126423,1,1
126421,126422,126423,1,1
126421,126421,126423,2,0
126421,126422,126424,2,1
126421,126422,126423,1,1
126421,126422,126424,2,1
126421,126422,126424,2,1
126421,126422,126424,2,1
126421,126422,126423,1,1
126421,126422,126423,1,1
126421,126423,126425,2,2
126421,126423,126425,2,2
126421,126422,126424,2,1
126421,126423,126425,2,2
126421,126423,126425,2,2
126421,126424,126425,1,3
126421,126424,126425,1,3
126421,126424,126425,1,3
126421,126423,126425,2,2
126421,126424,126425,1,3
126421,126424,126425,1,3
126421,126424,126425,1,3
126421,126424,126425,1,3
126421,126424,126425,1,3
126421,126424,126425,1,3
126421,126424,126425,1,3
126421,126424,126425,1,3
126421,126426,126427,1,5
126421,126425,126426,1,4
126421,126425,126426,1,4
126421,126425,126426,1,4
126421,126426,126427,1,5
126421,126425,126426,1,4
126421,126426,126427,1,5
126421,126425,126426,1,4
126421,126426,126427,1,5
126421,126426,126427,1,5
126421,126426,126427,1,5
126421,126426,126427,1,5
126421,126426,126427,1,5
126421,126426,126427,1,5
126421,126426,126427,1,5
126421,126426,126427,1,5
126421,126427,126428,1,6
126421,126427,126428,1,6
126421,126427,126428,1,6
126421,126426,126427,1,5
126421,126427,126428,1,6
126421,126427,126428,1,6
126421,126427,126428,1,6
126421,126427,126428,1,6
126421,126427,126428,1,6
126421,126428,126429,1,7
126421,126428,126429,1,7
126421,126428,126429,1,7
126421,126428,126429,1,7
126421,126428,126429,1,7
126421,126428,126429,1,7
126421,126428,126429,1,7
126421,126428,126429,1,7
126421,126428,126429,1,7
126421,126428,126429,1,7
126421,126428,126429,1,7
126421,126428,126429,1,7
126421,126428,126429,1,7
126421,126428,126429,1,7
126421,126428,126429,1,7
126421,126429,126430,1,8
126421,126429,126430,1,8
126421,126429,126430,1,8
126421,126429,126430,1,8
126421,126429,126430,1,8
126421,126429,126430,1,8
126421,126429,126430,1,8
126421,126429,126430,1,8
126421,126429,126430,1,8
126421,126429,126430,1,8
126421,126429,126430,1,8
125685,125687,126451,764,2
126452,126452,126453,1,0
126452,126452,126453,1,0
126452,126452,126453,1,0
126452,126452,126453,1,0
126452,126452,126453,1,0
126452,126452,126453,1,0
126452,126452,126453,1,0
126452,126452,126453,1,0
126452,126452,126453,1,0
126452,126452,126454,2,0
126452,126452,126453,1,0
126452,126452,126454,2,0
126452,126452,126454,2,0
126452,126452,126454,2,0
126452,126453,126455,2,1
126452,126453,126455,2,1
126452,126453,126455,2,1
126452,126453,126455,2,1
126452,126452,126454,2,0
126452,126452,126454,2,0
126452,126453,126455,2,1
126452,126453,126455,2,1
126452,126453,126455,2,1
126452,126453,126456,3,1
126452,126454,126456,2,2
126452,126454,126456,2,2
126452,126454,126456,2,2
126452,126453,126455,2,1
126452,126454,126456,2,2
126452,126455,126456,1,3
126452,126454,126457,3,2
126452,126455,126456,1,3
126452,126455,126457,2,3
126452,126455,126457,2,3
126452,126455,126457,2,3
126452,126455,126457,2,3
126452,126455,126457,2,3
126452,126455,126457,2,3
126452,126455,126457,2,3
126452,126457,126458,1,5
126452,126457,126458,1,5
126452,126457,126458,1,5
126452,126456,126458,2,4
126452,126457,126458,1,5
126452,126456,126458,2,4
126452,126456,126458,2,4
126452,126456,126458,2,4
126452,126456,126458,2,4
126452,126456,126458,2,4
126452,126458,126459,1,6
126452,126458,126459,1,6
126452,126458,126459,1,6
126452,126458,126459,1,6
126452,126458,126459,1,6
126452,126458,126459,1,6
126452,126457,126459,2,5
126452,126459,126460,1,7
126452,126459,126460,1,7
126452,126458,126459,1,6
126452,126460,126461,1,8
126452,126460,126461,1,8
126452,126460,126461,1,8
126452,126461,126462,1,9
126452,126460,126462,2,8
126452,126452,126469,17,0
125994,126000,126488,488,6
126490,126490,126491,1,0
126490,126490,126491,1,0
126490,126490,126491,1,0
126490,126490,126491,1,0
126490,126490,126491,1,0
126490,126490,126492,2,0
126490,126490,126491,1,0
126490,126490,126491,1,0
126490,126490,126491,1,0
126490,126490,126492,2,0
126490,126491,126492,1,1
126490,126491,126492,1,1
126490,126491,126493,2,1
126490,126491,126492,1,1
126490,126490,126492,2,0
126490,126491,126492,1,1
126490,126491,126493,2,1
126490,126491,126493,2,1
126490,126492,126494,2,2
126490,126492,126494,2,2
126490,126492,126493,1,2
126490,126492,126493,1,2
126490,126492,126493,1,2
126490,126492,126493,1,2
126490,126492,126493,1,2
126490,126492,126493,1,2
126490,126493,126494,1,3
126490,126493,126494,1,3
126490,126493,126494,1,3
126490,126492,126494,2,2
126490,126493,126494,1,3
126490,126494,126495,1,4
126490,126493,126495,2,3
126490,126493,126494,1,3
126490,126493,126494,1,3
126490,126494,126495,1,4
126490,126493,126494,1,3
126490,126494,126495,1,4
126490,126494,126495,1,4
126490,126494,126495,1,4
126490,126494,126496,2,4
126490,126494,126495,1,4
126490,126495,126496,1,5
126490,126495,126496,1,5
126490,126495,126496,1,5
126490,126494,126495,1,4
126490,126495,126496,1,5
126490,126495,126496,1,5
126490,126495,126496,1,5
126490,126495,126496,1,5
126490,126495,126496,1,5
126490,126496,126497,1,6
126490,126496,126497,1,6
126490,126495,126496,1,5
126490,126496,126497,1,6
126490,126496,126497,1,6
126490,126496,126497,1,6
126490,126496,126497,1,6
126490,126497,126498,1,7
126490,126497,126498,1,7
126490,126497,126498,1,7
126490,126496,126497,1,6
126490,126496,126497,1,6
126490,126496,126497,1,6
126490,126497,126498,1,7
126490,126496,126497,1,6
126490,126496,126497,1,6
126490,126496,126497,1,6
126490,126497,126498,1,7
126490,126497,126498,1,7
126490,126497,126498,1,7
126490,126497,126498,1,7
126490,126498,126499,1,8
126490,126498,126499,1,8
126490,126498,126499,1,8
126490,126498,126499,1,8
126490,126498,126499,1,8
126490,126498,126499,1,8
126490,126497,126498,1,7
126490,126498,126499,1,8
126490,126498,126499,1,8
126490,126498,126499,1,8
126490,126498,126499,1,8
126490,126498,126499,1,8
126490,126498,126499,1,8
125776,125783,126513,730,7
125817,125832,126517,685,15
126518,126519,126520,1,1
126518,126519,126520,1,1
126518,126519,126520,1,1
126518,126519,126520,1,1
126518,126519,126520,1,1
126518,126519,126520,1,1
126518,126519,126520,1,1
126518,126520,126521,1,2
126518,126520,126521,1,2
126518,126521,126522,1,3
126518,126520,126522,2,2
126518,126520,126521,1,2
126518,126520,126521,1,2
126518,126520,126521,1,2
126518,126520,126521,1,2
126518,126520,126521,1,2
126518,126520,126521,1,2
126518,126520,126521,1,2
126518,126520,126521,1,2
126518,126521,126522,1,3
126518,126521,126522,1,3
126518,126521,126522,1,3
126518,126521,126522,1,3
126518,126522,126523,1,4
126518,126521,126522,1,3
126518,126521,126522,1,3
126518,126522,126523,1,4
126518,126522,126523,1,4
126518,126522,126523,1,4
126518,126522,126523,1,4
126518,126523,126524,1,5
126518,126522,126523,1,4
126518,126523,126524,1,5
126518,126523,126524,1,5
126518,126524,126525,1,6
126518,126523,126524,1,5
126518,126523,126524,1,5
126518,126523,126524,1,5
126518,126523,126524,1,5
126518,126523,126524,1,5
126518,126523,126524,1,5
126518,126523,126524,1,5
126518,126523,126524,1,5
126518,126523,126524,1,5
126518,126523,126524,1,5
126518,126523,126524,1,5
126518,126525,126526,1,7
126518,126524,126525,1,6
126518,126525,126526,1,7
126518,126524,126525,1,6
126518,126525,126526,1,7
126518,126525,126526,1,7
126518,126524,126525,1,6
126518,126525,126526,1,7
126518,126524,126525,1,6
126518,126525,126526,1,7
126518,126525,126526,1,7
126518,126525,126526,1,7
126518,126526,126527,1,8
126518,126526,126527,1,8
126518,126526,126527,1,8
126518,126526,126527,1,8
126518,126526,126527,1,8
126518,126525,126526,1,7
126518,126525,126526,1,7
126518,126526,126527,1,8
126518,126526,126527,1,8
126518,126526,126527,1,8
126518,126526,126527,1,8
126518,126526,126527,1,8
126518,126526,126527,1,8
126518,126526,126527,1,8
126518,126527,126528,1,9
126518,126527,126528,1,9
126518,126527,126528,1,9
126519,126527,126528,1,8
126519,126527,126528,1,8
126519,126527,126528,1,8
126519,126527,126528,1,8
126519,126527,126528,1,8
126519,126527,126528,1,8
126519,126527,126528,1,8
126519,126527,126528,1,8
126519,126527,126528,1,8
126519,126527,126528,1,8
126519,126527,126528,1,8
126519,126527,126528,1,8
126519,126528,126529,1,9
126519,126528,126529,1,9
126519,126528,126529,1,9
126519,126528,126529,1,9
126519,126527,126528,1,8
126519,126527,126529,2,8
126519,126528,126529,1,9
126519,126529,126530,1,10
126519,126529,126530,1,10
126519,126528,126530,2,9
126519,126528,126529,1,9
126519,126528,126529,1,9
126519,126528,126529,1,9
126519,126528,126529,1,9
126519,126528,126529,1,9
126519,126528,126529,1,9
126519,126528,126530,2,9
126519,126528,126529,1,9
126519,126528,126529,1,9
126519,126528,126529,1,9
126519,126530,126531,1,11
126519,126530,126531,1,11
126519,126530,126531,1,11
126519,126529,126530,1,10
126519,126529,126530,1,10
126519,126529,126530,1,10
126519,126529,126530,1,10
126519,126531,126532,1,12
126519,126531,126532,1,12
126519,126531,126532,1,12
126519,126530,126532,2,11
126519,126530,126531,1,11
126519,126530,126532,2,11
126519,126530,126532,2,11
126519,126530,126532,2,11
126519,126530,126532,2,11
126519,126530,126532,2,11
126519,126530,126532,2,11
126519,126530,126532,2,11
126519,126530,126532,2,11
126519,126530,126532,2,11
126519,126532,126533,1,13
126519,126532,126533,1,13
126519,126532,126533,1,13
126519,126531,126533,2,12
126519,126531,126533,2,12
126519,126532,126533,1,13
126519,126532,126533,1,13
126519,126533,126534,1,14
126519,126533,126534,1,14
126519,126533,126534,1,14
126519,126532,126533,1,13
126519,126532,126534,2,13
126519,126532,126534,2,13
126519,126532,126534,2,13
126519,126532,126533,1,13
126519,126533,126534,1,14
126519,126533,126534,1,14
126519,126533,126534,1,14
126519,126533,126534,1,14
126519,126533,126534,1,14
126519,126534,126535,1,15
126016,126023,126535,512,7
126519,126534,126535,1,15
126519,126534,126535,1,15
126519,126534,126535,1,15
126519,126534,126535,1,15
126546,126546,126547,1,0
126546,126546,126547,1,0
126546,126546,126547,1,0
126546,126546,126547,1,0
126546,126546,126547,1,0
126546,126546,126547,1,0
126546,126546,126547,1,0
126546,126547,126548,1,1
126546,126546,126547,1,0
126519,126547,126548,1,28
126546,126547,126549,2,1
126546,126547,126548,1,1
126546,126547,126548,1,1
126546,126547,126549,2,1
126546,126547,126549,2,1
126546,126547,126548,1,1
126546,126547,126549,2,1
126546,126547,126549,2,1
126546,126547,126549,2,1
126546,126547,126549,2,1
126519,126547,126548,1,28
126546,126548,126550,2,2
126546,126548,126550,2,2
126546,126548,126549,1,2
126546,126549,126550,1,3
126546,126548,126549,1,2
126546,126548,126550,2,2
126546,126549,126551,2,3
126546,126549,126551,2,3
126546,126548,126550,2,2
126546,126549,126550,1,3
126546,126549,126550,1,3
126546,126549,126550,1,3
126546,126550,126551,1,4
126546,126550,126551,1,4
126546,126549,126550,1,3
126546,126549,126550,1,3
126546,126549,126550,1,3
126546,126550,126551,1,4
126546,126549,126551,2,3
126546,126549,126551,2,3
126546,126551,126552,1,5
126546,126550,126551,1,4
126546,126550,126551,1,4
126546,126551,126552,1,5
126546,126551,126552,1,5
126546,126551,126552,1,5
126546,126551,126552,1,5
126546,126551,126552,1,5
126546,126550,126551,1,4
126546,126551,126552,1,5
126546,126551,126552,1,5
126546,126551,126552,1,5
126546,126551,126552,1,5
126546,126551,126552,1,5
126546,126551,126552,1,5
126546,126552,126553,1,6
126546,126552,126553,1,6
126546,126552,126553,1,6
126546,126551,126552,1,5
126546,126552,126553,1,6
126546,126552,126553,1,6
126546,126552,126553,1,6
126546,126552,126553,1,6
126546,126552,126553,1,6
126546,126552,126553,1,6
126546,126551,126553,2,5
126546,126552,126553,1,6
126546,126552,126553,1,6
126546,126552,126553,1,6
126546,126553,126554,1,7
126546,126553,126554,1,7
126546,126553,126554,1,7
126546,126553,126554,1,7
126546,126552,126554,2,6
126546,126553,126554,1,7
126546,126553,126554,1,7
126546,126553,126554,1,7
126546,126553,126554,1,7
126546,126553,126554,1,7
126546,126552,126553,1,6
126546,126553,126554,1,7
126546,126553,126554,1,7
126546,126553,126554,1,7
126546,126553,126554,1,7
126546,126553,126554,1,7
126546,126554,126555,1,8
126546,126554,126555,1,8
126546,126554,126555,1,8
126546,126554,126555,1,8
126546,126554,126555,1,8
126546,126554,126555,1,8
126546,126554,126555,1,8
126546,126554,126555,1,8
126546,126553,126555,2,7
125815,125823,126581,758,8
126585,126585,126586,1,0
126585,126585,126586,1,0
126585,126585,126586,1,0
126585,126585,126586,1,0
126585,126586,126587,1,1
126585,126585,126586,1,0
126585,126585,126586,1,0
126585,126585,126586,1,0
126585,126587,126588,1,2
126585,126586,126587,1,1
126585,126586,126587,1,1
126585,126586,126587,1,1
126585,126586,126587,1,1
126585,126586,126587,1,1
126585,126586,126587,1,1
126585,126586,126587,1,1
126585,126586,126587,1,1
126585,126586,126587,1,1
126585,126586,126587,1,1
126585,126587,126588,1,2
126585,126587,126588,1,2
126585,126585,126588,3,0
126585,126587,126588,1,2
126585,126588,126589,1,3
126585,126588,126589,1,3
126585,126588,126589,1,3
126585,126588,126589,1,3
126585,126588,126589,1,3
126585,126588,126589,1,3
126585,126588,126589,1,3
126585,126588,126589,1,3
126585,126588,126589,1,3
126585,126588,126589,1,3
126585,126588,126589,1,3
126585,126587,126588,1,2
126585,126588,126589,1,3
126585,126589,126590,1,4
126585,126589,126590,1,4
126585,126588,126589,1,3
126585,126589,126590,1,4
126585,126589,126590,1,4
126585,126590,126591,1,5
126585,126590,126591,1,5
126585,126589,126590,1,4
126585,126589,126590,1,4
126585,126589,126590,1,4
126585,126589,126590,1,4
126585,126589,126590,1,4
126585,126589,126590,1,4
126585,126589,126590,1,4
126585,126589,126590,1,4
126585,126589,126590,1,4
126585,126589,126590,1,4
126585,126589,126590,1,4
126585,126589,126591,2,4
126585,126591,126592,1,6
126585,126591,126592,1,6
126585,126590,126591,1,5
126585,126591,126592,1,6
126585,126591,126592,1,6
126585,126591,126592,1,6
126585,126591,126592,1,6
126585,126591,126592,1,6
126585,126591,126592,1,6
126585,126591,126592,1,6
126585,126591,126592,1,6
126585,126591,126592,1,6
126585,126591,126592,1,6
126585,126591,126592,1,6
126585,126592,126593,1,7
126585,126592,126593,1,7
126585,126592,126593,1,7
126585,126592,126593,1,7
126585,126592,126593,1,7
126585,126592,126593,1,7
126585,126592,126593,1,7
126585,126591,126592,1,6
126585,126592,126593,1,7
126585,126592,126593,1,7
126585,126592,126593,1,7
126585,126592,126593,1,7
126585,126592,126593,1,7
126585,126593,126594,1,8
126585,126593,126594,1,8
126585,126591,126594,3,6
126585,126591,126594,3,6
126106,126112,126602,490,6
126110,126121,126604,483,11
126612,126612,126613,1,0
126612,126612,126613,1,0
126612,126612,126613,1,0
126612,126612,126613,1,0
126612,126612,126613,1,0
126612,126612,126613,1,0
126612,126612,126613,1,0
126612,126612,126613,1,0
126612,126612,126613,1,0
126612,126612,126613,1,0
126612,126612,126613,1,0
126612,126612,126613,1,0
126612,126613,126614,1,1
126612,126612,126613,1,0
126612,126612,126613,1,0
126612,126612,126613,1,0
126612,126613,126614,1,1
126612,126613,126614,1,1
126612,126613,126614,1,1
126612,126612,126613,1,0
126612,126613,126614,1,1
126612,126612,126613,1,0
126612,126613,126615,2,1
126612,126613,126614,1,1
126612,126614,126615,1,2
126612,126613,126614,1,1
126612,126613,126614,1,1
126612,126613,126615,2,1
126612,126613,126615,2,1
126612,126613,126614,1,1
126612,126614,126616,2,2
126612,126614,126615,1,2
126612,126614,126616,2,2
126612,126614,126616,2,2
126612,126614,126616,2,2
126612,126614,126615,1,2
126612,126615,126616,1,3
126612,126615,126616,1,3
126612,126614,126616,2,2
126612,126614,126616,2,2
126612,126615,126616,1,3
126612,126614,126616,2,2
126612,126615,126616,1,3
126612,126615,126616,1,3
126612,126614,126616,2,2
126612,126615,126616,1,3
126612,126615,126616,1,3
126612,126616,126617,1,4
126612,126616,126617,1,4
126612,126615,126617,2,3
126612,126616,126617,1,4
126612,126616,126617,1,4
126612,126616,126617,1,4
126612,126616,126617,1,4
126612,126616,126617,1,4
126612,126616,126617,1,4
126612,126616,126617,1,4
126612,126616,126617,1,4
126612,126616,126617,1,4
126612,126616,126617,1,4
126612,126616,126617,1,4
126612,126616,126617,1,4
126612,126616,126617,1,4
126612,126617,126618,1,5
126612,126616,126617,1,4
126612,126617,126618,1,5
126612,126616,126617,1,4
126612,126617,126618,1,5
126612,126617,126618,1,5
126612,126618,126619,1,6
126612,126618,126619,1,6
126612,126618,126619,1,6
126612,126619,126620,1,7
126612,126618,126619,1,6
126612,126618,126619,1,6
126612,126619,126620,1,7
126612,126618,126619,1,6
126612,126618,126620,2,6
126614,126620,126621,1,6
126614,126620,126621,1,6
126614,126620,126621,1,6
126612,126620,126621,1,8
126614,126621,126622,1,7
126614,126621,126622,1,7
126614,126621,126622,1,7
126614,126620,126621,1,6
126614,126620,126622,2,6
126614,126621,126622,1,7
126614,126620,126622,2,6
126614,126620,126622,2,6
125877,125884,126622,738,7
126614,126622,126623,1,8
126614,126622,126623,1,8
126614,126622,126623,1,8
126614,126621,126622,1,7
126614,126621,126622,1,7
126614,126621,126622,1,7
126614,126621,126622,1,7
126614,126621,126622,1,7
126614,126621,126622,1,7
126614,126621,126622,1,7
126614,126621,126622,1,7
126614,126622,126623,1,8
126614,126622,126623,1,8
126614,126622,126623,1,8
126614,126623,126624,1,9
126614,126623,126624,1,9
126614,126623,126624,1,9
126614,126623,126624,1,9
126614,126623,126624,1,9
126614,126623,126624,1,9
126614,126623,126624,1,9
126614,126623,126624,1,9
126614,126623,126624,1,9
126614,126623,126624,1,9
126614,126623,126624,1,9
126614,126622,126623,1,8
126614,126623,126624,1,9
126614,126623,126624,1,9
126614,126624,126625,1,10
126614,126624,126625,1,10
126614,126624,126625,1,10
126614,126624,126625,1,10
126614,126624,126625,1,10
126614,126623,126624,1,9
126614,126624,126625,1,10
126614,126624,126625,1,10
126614,126624,126625,1,10
126614,126624,126625,1,10
126614,126624,126625,1,10
126614,126624,126625,1,10
126614,126624,126625,1,10
126614,126624,126625,1,10
126614,126624,126625,1,10
126614,126625,126626,1,11
126614,126625,126626,1,11
126614,126625,126626,1,11
126614,126625,126626,1,11
126614,126625,126626,1,11
126614,126625,126626,1,11
126614,126625,126626,1,11
126614,126625,126626,1,11
126614,126625,126626,1,11
126614,126625,126626,1,11
126614,126625,126626,1,11
126614,126624,126625,1,10
126614,126625,126626,1,11
126614,126625,126626,1,11
126614,126625,126626,1,11
126614,126625,126626,1,11
126614,126626,126627,1,12
126614,126626,126627,1,12
126614,126626,126627,1,12
126614,126626,126627,1,12
126614,126626,126627,1,12
126614,126626,126627,1,12
126614,126625,126626,1,11
126614,126626,126627,1,12
126614,126626,126627,1,12
126614,126626,126627,1,12
126614,126626,126627,1,12
126614,126626,126627,1,12
126614,126627,126628,1,13
126639,126639,126640,1,0
126639,126639,126640,1,0
126639,126639,126640,1,0
126639,126639,126640,1,0
126639,126639,126640,1,0
126639,126639,126640,1,0
126639,126639,126641,2,0
126639,126639,126640,1,0
126639,126639,126641,2,0
126639,126639,126640,1,0
126639,126639,126641,2,0
126639,126639,126641,2,0
126639,126639,126641,2,0
126639,126639,126641,2,0
126639,126640,126642,2,1
126639,126640,126641,1,1
126639,126640,126642,2,1
126639,126640,126642,2,1
126639,126640,126642,2,1
126639,126640,126642,2,1
126639,126640,126642,2,1
126639,126640,126642,2,1
126639,126640,126641,1,1
126639,126641,126643,2,2
126639,126642,126643,1,3
126639,126641,126642,1,2
126639,126641,126643,2,2
126639,126642,126643,1,3
126639,126641,126643,2,2
126639,126641,126642,1,2
126639,126641,126643,2,2
126639,126641,126643,2,2
126639,126641,126643,2,2
126639,126643,126644,1,4
126639,126643,126644,1,4
126639,126643,126644,1,4
126639,126642,126644,2,3
126639,126642,126644,2,3
126639,126642,126644,2,3
126639,126642,126644,2,3
126639,126642,126644,2,3
126639,126642,126644,2,3
126639,126643,126645,2,4
126639,126644,126645,1,5
126639,126643,126644,1,4
126639,126644,126645,1,5
126639,126644,126645,1,5
126639,126643,126645,2,4
126639,126644,126645,1,5
126639,126643,126645,2,4
126639,126644,126645,1,5
126639,126644,126645,1,5
126639,126643,126645,2,4
126639,126645,126646,1,6
126639,126643,126645,2,4
126639,126644,126645,1,5
126639,126645,126646,1,6
126639,126646,126647,1,7
126639,126646,126647,1,7
126639,126645,126646,1,6
126639,126646,126647,1,7
126639,126646,126647,1,7
126639,126645,126646,1,6
126639,126645,126647,2,6
126639,126646,126647,1,7
126639,126646,126647,1,7
126639,126646,126647,1,7
126639,126647,126648,1,8
126639,126647,126648,1,8
126639,126646,126647,1,7
126639,126646,126647,1,7
126639,126647,126648,1,8
126639,126647,126648,1,8
126639,126647,126648,1,8
126639,126647,126648,1,8
126639,126647,126648,1,8
126639,126648,126649,1,9
126639,126648,126649,1,9
126639,126648,126649,1,9
126639,126648,126649,1,9
126639,126650,126653,3,11
126201,126208,126687,479,7
126689,126689,126690,1,0
126689,126689,126690,1,0
126689,126689,126690,1,0
126689,126689,126690,1,0
126689,126689,126690,1,0
126689,126689,126690,1,0
126689,126689,126690,1,0
126689,126689,126691,2,0
126689,126690,126691,1,1
126689,126689,126690,1,0
126689,126689,126691,2,0
126689,126689,126691,2,0
126689,126689,126691,2,0
126689,126689,126690,1,0
126689,126689,126691,2,0
126689,126690,126691,1,1
126689,126691,126692,1,2
126689,126690,126691,1,1
126689,126690,126691,1,1
126689,126690,126692,2,1
126689,126690,126692,2,1
126689,126690,126692,2,1
126689,126692,126693,1,3
126689,126691,126692,1,2
126689,126692,126693,1,3
126689,126691,126693,2,2
126689,126691,126693,2,2
126689,126691,126693,2,2
126689,126691,126693,2,2
126689,126691,126694,3,2
126689,126692,126693,1,3
126689,126693,126694,1,4
126689,126692,126693,1,3
126689,126693,126694,1,4
126689,126693,126694,1,4
126689,126692,126694,2,3
126689,126692,126694,2,3
126689,126692,126693,1,3
126689,126691,126693,2,2
126689,126689,126692,3,0
126689,126694,126695,1,5
126689,126694,126695,1,5
126689,126694,126695,1,5
126689,126693,126694,1,4
126689,126693,126695,2,4
126689,126694,126695,1,5
126689,126693,126695,2,4
126689,126693,126695,2,4
126689,126694,126695,1,5
126689,126695,126696,1,6
126689,126694,126696,2,5
126689,126694,126695,1,5
126689,126694,126696,2,5
126689,126694,126695,1,5
126689,126695,126696,1,6
126689,126694,126695,1,5
126689,126695,126696,1,6
126689,126695,126696,1,6
126689,126695,126696,1,6
126689,126696,126697,1,7
126689,126696,126697,1,7
126689,126696,126697,1,7
126689,126696,126697,1,7
126689,126696,126697,1,7
126689,126697,126698,1,8
126689,126697,126698,1,8
126689,126696,126697,1,7
126689,126696,126697,1,7
126689,126696,126697,1,7
126689,126697,126698,1,8
126689,126697,126698,1,8
126689,126695,126698,3,6
126689,126697,126698,1,8
126689,126697,126698,1,8
126689,126697,126698,1,8
126689,126698,126699,1,9
126689,126698,126699,1,9
126689,126698,126699,1,9
126689,126698,126699,1,9
126689,126698,126699,1,9
126689,126698,126699,1,9
126689,126698,126699,1,9
126689,126698,126699,1,9
126689,126698,126699,1,9
126689,126698,126700,2,9
126208,126219,126706,487,11
126719,126719,126720,1,0
126719,126719,126720,1,0
126719,126719,126720,1,0
126719,126719,126720,1,0
126719,126719,126720,1,0
126719,126719,126720,1,0
126719,126719,126720,1,0
126719,126720,126721,1,1
126719,126720,126721,1,1
126719,126719,126720,1,0
126719,126719,126720,1,0
126719,126719,126720,1,0
126719,126720,126721,1,1
126719,126720,126721,1,1
126719,126720,126721,1,1
126719,126720,126721,1,1
126719,126720,126721,1,1
126719,126720,126721,1,1
126719,126720,126721,1,1
126719,126720,126721,1,1
126719,126720,126721,1,1
126719,126721,126722,1,2
126719,126721,126722,1,2
126719,126720,126721,1,1
126719,126721,126722,1,2
126719,126722,126723,1,3
126719,126722,126723,1,3
126719,126722,126723,1,3
126719,126721,126722,1,2
126719,126721,126722,1,2
126719,126722,126723,1,3
126719,126722,126723,1,3
126719,126722,126723,1,3
126719,126721,126722,1,2
126719,126721,126722,1,2
126719,126722,126723,1,3
126719,126722,126723,1,3
126719,126723,126724,1,4
126719,126722,126723,1,3
126719,126723,126724,1,4
126719,126723,126724,1,4
126719,126723,126724,1,4
126719,126722,126723,1,3
126719,126723,126724,1,4
126719,126723,126724,1,4
126719,126722,126723,1,3
126719,126723,126724,1,4
126719,126723,126724,1,4
126719,126723,126724,1,4
126719,126723,126724,1,4
126719,126723,126724,1,4
126719,126724,126725,1,5
126719,126723,126724,1,4
126719,126723,126724,1,4
126719,126724,126725,1,5
126719,126724,126725,1,5
126719,126724,126725,1,5
126719,126724,126725,1,5
126719,126724,126725,1,5
126719,126724,126725,1,5
126719,126725,126726,1,6
126719,126724,126725,1,5
126719,126725,126726,1,6
126719,126725,126726,1,6
126719,126725,126726,1,6
126719,126722,126724,2,3
126719,126725,126726,1,6
126719,126725,126726,1,6
126719,126724,126725,1,5
126719,126725,126726,1,6
126719,126725,126726,1,6
126719,126724,126725,1,5
126719,126725,126726,1,6
126719,126725,126726,1,6
126719,126725,126726,1,6
126719,126726,126727,1,7
126719,126726,126727,1,7
126719,126726,126727,1,7
126719,126726,126727,1,7
126719,126725,126727,2,6
126719,126725,126727,2,6
126719,126726,126727,1,7
126719,126726,126727,1,7
126719,126726,126727,1,7
126719,126726,126727,1,7
126719,126726,126727,1,7
126719,126726,126727,1,7
126719,126726,126727,1,7
126719,126726,126727,1,7
126719,126727,126728,1,8
126719,126727,126728,1,8
126250,126257,126749,492,7
126751,126751,126752,1,0
126751,126751,126752,1,0
126751,126751,126752,1,0
126751,126751,126752,1,0
126751,126751,126752,1,0
126751,126751,126752,1,0
126751,126751,126752,1,0
126751,126751,126752,1,0
126751,126751,126752,1,0
126751,126751,126752,1,0
126751,126751,126753,2,0
126751,126751,126752,1,0
126751,126751,126752,1,0
126751,126751,126753,2,0
126751,126751,126753,2,0
126751,126752,126753,1,1
126751,126751,126753,2,0
126751,126752,126754,2,1
126751,126752,126754,2,1
126751,126752,126753,1,1
126751,126753,126754,1,2
126751,126752,126754,2,1
126751,126752,126754,2,1
126751,126752,126754,2,1
126751,126753,126755,2,2
126751,126753,126754,1,2
126751,126753,126754,1,2
126751,126753,126755,2,2
126751,126753,126755,2,2
126751,126754,126755,1,3
126751,126754,126755,1,3
126751,126754,126755,1,3
126751,126753,126755,2,2
126751,126753,126755,2,2
126751,126753,126755,2,2
126751,126754,126755,1,3
126751,126755,126756,1,4
126751,126755,126756,1,4
126751,126754,126756,2,3
126751,126755,126756,1,4
126751,126755,126756,1,4
126751,126754,126756,2,3
126751,126754,126756,2,3
126751,126755,126756,1,4
126751,126754,126756,2,3
126751,126755,126757,2,4
126751,126755,126757,2,4
126751,126755,126757,2,4
126751,126756,126757,1,5
126751,126756,126757,1,5
126751,126756,126757,1,5
126751,126756,126757,1,5
126751,126756,126757,1,5
126751,126756,126758,2,5
126751,126757,126758,1,6
126751,126757,126758,1,6
126751,126757,126758,1,6
126751,126758,126759,1,7
126751,126757,126759,2,6
126751,126758,126759,1,7
126751,126758,126759,1,7
126751,126759,126760,1,8
126751,126759,126760,1,8
126751,126759,126760,1,8
126751,126759,126760,1,8
126751,126758,126759,1,7
126751,126759,126760,1,8
126751,126759,126760,1,8
126751,126759,126760,1,8
126751,126759,126760,1,8
126751,126760,126761,1,9
126751,126760,126761,1,9
126751,126760,126761,1,9
126751,126760,126761,1,9
126751,126760,126761,1,9
126751,126760,126761,1,9
126751,126760,126761,1,9
126751,126757,126764,7,6
126334,126343,126817,474,9
126819,126819,126820,1,0
126819,126819,126820,1,0
126819,126819,126820,1,0
126819,126819,126820,1,0
126819,126819,126820,1,0
126819,126819,126820,1,0
126819,126819,126820,1,0
126819,126819,126820,1,0
126819,126819,126820,1,0
126819,126820,126821,1,1
126819,126820,126821,1,1
126819,126820,126821,1,1
126819,126820,126821,1,1
126819,126820,126821,1,1
126819,126819,126822,3,0
126819,126820,126822,2,1
126819,126820,126822,2,1
126819,126820,126821,1,1
126819,126821,126822,1,2
126819,126821,126822,1,2
126819,126821,126823,2,2
126819,126821,126822,1,2
126819,126821,126822,1,2
126819,126822,126823,1,3
126819,126822,126823,1,3
126819,126821,126822,1,2
126819,126820,126822,2,1
126819,126822,126823,1,3
126819,126822,126823,1,3
126819,126822,126823,1,3
126819,126822,126823,1,3
126819,126821,126823,2,2
126819,126821,126824,3,2
126819,126821,126823,2,2
126819,126823,126824,1,4
126819,126823,126824,1,4
126819,126823,126824,1,4
126819,126823,126824,1,4
126819,126822,126823,1,3
126819,126823,126824,1,4
126819,126823,126824,1,4
126819,126823,126824,1,4
126819,126823,126824,1,4
126819,126824,126825,1,5
126819,126823,126824,1,4
126819,126823,126824,1,4
126819,126823,126824,1,4
126819,126824,126825,1,5
126819,126824,126825,1,5
126819,126824,126825,1,5
126819,126824,126825,1,5
126819,126824,126825,1,5
126819,126824,126825,1,5
126819,126824,126825,1,5
126819,126824,126825,1,5
126819,126824,126825,1,5
126819,126824,126825,1,5
126819,126824,126825,1,5
126819,126825,126826,1,6
126819,126825,126826,1,6
126819,126822,126825,3,3
126819,126825,126826,1,6
126819,126824,126825,1,5
126819,126825,126826,1,6
126819,126825,126826,1,6
126819,126825,126826,1,6
126819,126825,126826,1,6
126819,126825,126826,1,6
126819,126825,126826,1,6
126819,126825,126826,1,6
126819,126825,126826,1,6
126819,126825,126826,1,6
126819,126825,126826,1,6
126819,126826,126827,1,7
126819,126826,126827,1,7
126819,126826,126827,1,7
126819,126826,126827,1,7
126819,126826,126827,1,7
126819,126826,126827,1,7
126819,126826,126827,1,7
126819,126826,126827,1,7
126819,126826,126827,1,7
126819,126825,126826,1,6
126819,126825,126826,1,6
126819,126826,126827,1,7
126819,126826,126827,1,7
126819,126826,126827,1,7
126819,126826,126827,1,7
126819,126827,126828,1,8
126819,126826,126827,1,7
126819,126826,126829,3,7
126364,126371,126857,486,7
126858,126858,126859,1,0
126858,126858,126859,1,0
126858,126858,126859,1,0
126858,126858,126859,1,0
126858,126858,126859,1,0
126858,126858,126859,1,0
126858,126858,126859,1,0
126858,126858,126859,1,0
126858,126858,126859,1,0
126858,126858,126859,1,0
126858,126858,126859,1,0
126858,126858,126859,1,0
126858,126859,126860,1,1
126858,126858,126859,1,0
126858,126859,126860,1,1
126858,126859,126860,1,1
126858,126859,126860,1,1
126858,126859,126860,1,1
126858,126859,126860,1,1
126858,126859,126860,1,1
126858,126858,126860,2,0
126858,126859,126860,1,1
126858,126859,126861,2,1
126858,126859,126860,1,1
126858,126859,126860,1,1
126858,126859,126860,1,1
126858,126859,126860,1,1
126858,126860,126861,1,2
126858,126859,126861,2,1
126858,126860,126861,1,2
126858,126860,126861,1,2
126858,126860,126861,1,2
126858,126860,126861,1,2
126858,126861,126862,1,3
126858,126861,126862,1,3
126858,126860,126862,2,2
126858,126861,126862,1,3
126858,126861,126862,1,3
126858,126861,126862,1,3
126858,126860,126861,1,2
126858,126861,126862,1,3
126858,126861,126862,1,3
126858,126861,126862,1,3
126858,126861,126862,1,3
126858,126861,126862,1,3
126858,126861,126862,1,3
126858,126861,126862,1,3
126858,126862,126863,1,4
126858,126862,126863,1,4
126858,126862,126863,1,4
126858,126862,126863,1,4
126858,126861,126862,1,3
126858,126862,126863,1,4
126858,126862,126863,1,4
126858,126862,126863,1,4
126858,126862,126863,1,4
126858,126862,126863,1,4
126858,126862,126863,1,4
126858,126862,126863,1,4
126858,126862,126863,1,4
126858,126862,126863,1,4
126858,126863,126864,1,5
126858,126862,126863,1,4
126858,126863,126864,1,5
126858,126863,126864,1,5
126858,126863,126864,1,5
126858,126863,126864,1,5
126858,126863,126864,1,5
126858,126863,126864,1,5
126858,126862,126863,1,4
126858,126863,126864,1,5
126858,126863,126864,1,5
126858,126863,126864,1,5
126858,126863,126864,1,5
126858,126863,126864,1,5
126858,126863,126864,1,5
126858,126863,126864,1,5
126858,126864,126865,1,6
126858,126864,126865,1,6
126858,126864,126865,1,6
126858,126864,126865,1,6
126858,126864,126865,1,6
126858,126864,126865,1,6
126858,126864,126865,1,6
126858,126864,126865,1,6
126858,126864,126865,1,6
126858,126865,126866,1,7
126858,126865,126866,1,7
126858,126865,126866,1,7
126858,126864,126866,2,6
126858,126864,126866,2,6
126858,126861,126868,7,3
126170,126175,126871,696,5
126173,126183,126881,698,10
126882,126882,126883,1,0
126882,126882,126883,1,0
126882,126882,126883,1,0
126882,126882,126883,1,0
126882,126882,126883,1,0
126882,126882,126883,1,0
126882,126882,126883,1,0
126882,126882,126883,1,0
126882,126882,126883,1,0
126882,126882,126883,1,0
126882,126882,126884,2,0
126882,126882,126883,1,0
126882,126882,126884,2,0
126882,126882,126884,2,0
126882,126882,126883,1,0
126882,126883,126884,1,1
126882,126882,126884,2,0
126882,126883,126884,1,1
126882,126882,126884,2,0
126882,126883,126884,1,1
126882,126883,126885,2,1
126882,126883,126884,1,1
126882,126883,126885,2,1
126882,126883,126884,1,1
126882,126883,126885,2,1
126882,126884,126885,1,2
126882,126884,126885,1,2
126882,126884,126885,1,2
126882,126882,126884,2,0
126882,126883,126884,1,1
126882,126883,126884,1,1
126882,126884,126886,2,2
126882,126885,126886,1,3
126882,126885,126886,1,3
126882,126885,126886,1,3
126882,126885,126886,1,3
126882,126885,126886,1,3
126882,126885,126886,1,3
126882,126885,126886,1,3
126882,126884,126886,2,2
126882,126884,126886,2,2
126882,126885,126886,1,3
126882,126885,126886,1,3
126882,126886,126887,1,4
126882,126885,126886,1,3
126882,126885,126886,1,3
126882,126886,126887,1,4
126882,126886,126887,1,4
126882,126886,126887,1,4
126882,126886,126887,1,4
126882,126886,126887,1,4
126882,126886,126887,1,4
126882,126886,126887,1,4
126882,126887,126888,1,5
126882,126887,126888,1,5
126882,126888,126889,1,6
126882,126888,126889,1,6
126882,126888,126889,1,6
126882,126887,126888,1,5
126882,126888,126889,1,6
126882,126887,126888,1,5
126882,126888,126889,1,6
126882,126888,126889,1,6
126882,126889,126890,1,7
126882,126889,126890,1,7
126882,126889,126890,1,7
126882,126889,126890,1,7
126882,126889,126890,1,7
126882,126889,126890,1,7
126882,126889,126890,1,7
126884,126889,126890,1,5
126884,126890,126891,1,6
126884,126889,126891,2,5
126884,126891,126892,1,7
126884,126890,126891,1,6
126884,126890,126891,1,6
126884,126890,126891,1,6
126884,126890,126892,2,6
126884,126890,126891,1,6
126884,126890,126891,1,6
126884,126890,126892,2,6
126884,126890,126891,1,6
126884,126891,126892,1,7
126884,126891,126892,1,7
126884,126891,126892,1,7
126884,126891,126892,1,7
126884,126891,126892,1,7
126884,126891,126892,1,7
126884,126891,126892,1,7
126884,126892,126893,1,8
126884,126891,126893,2,7
126884,126893,126894,1,9
126884,126893,126894,1,9
126884,126893,126894,1,9
126884,126893,126894,1,9
126884,126892,126893,1,8
126884,126893,126894,1,9
126884,126893,126894,1,9
126884,126892,126893,1,8
126884,126892,126894,2,8
126884,126893,126894,1,9
126884,126892,126893,1,8
126884,126892,126894,2,8
126884,126892,126894,2,8
126884,126892,126893,1,8
126884,126893,126894,1,9
126884,126892,126894,2,8
126884,126894,126895,1,10
126884,126894,126895,1,10
126884,126894,126895,1,10
126884,126894,126895,1,10
126884,126894,126895,1,10
126884,126894,126895,1,10
126884,126894,126895,1,10
126884,126894,126895,1,10
126884,126894,126895,1,10
126884,126894,126895,1,10
126884,126894,126895,1,10
126884,126895,126896,1,11
126884,126895,126896,1,11
126884,126895,126896,1,11
126884,126895,126896,1,11
126884,126895,126896,1,11
126884,126895,126896,1,11
126884,126895,126896,1,11
126884,126895,126896,1,11
126884,126895,126896,1,11
126884,126894,126896,2,10
126884,126896,126897,1,12
126884,126896,126897,1,12
126884,126896,126897,1,12
126884,126896,126897,1,12
126884,126896,126897,1,12
126884,126896,126897,1,12
126884,126896,126897,1,12
126884,126896,126897,1,12
126884,126896,126897,1,12
126884,126896,126897,1,12
126884,126897,126898,1,13
126884,126897,126898,1,13
126884,126897,126898,1,13
126884,126897,126898,1,13
126884,126897,126898,1,13
126884,126897,126898,1,13
126884,126897,126898,1,13
126884,126896,126899,3,12
126453,126461,126963,502,8
126964,126964,126965,1,0
126964,126964,126965,1,0
126964,126964,126965,1,0
126964,126964,126965,1,0
126964,126964,126965,1,0
126964,126964,126965,1,0
126964,126965,126966,1,1
126964,126965,126966,1,1
126964,126964,126965,1,0
126964,126964,126966,2,0
126964,126965,126966,1,1
126964,126964,126967,3,0
126964,126965,126966,1,1
126964,126965,126966,1,1
126964,126965,126966,1,1
126964,126965,126967,2,1
126964,126966,126967,1,2
126964,126966,126967,1,2
126964,126966,126967,1,2
126964,126965,126966,1,1
126964,126965,126966,1,1
126964,126965,126966,1,1
126275,126281,126967,686,6
126964,126967,126968,1,3
126964,126966,126968,2,2
126964,126967,126968,1,3
126964,126967,126968,1,3
126964,126967,126968,1,3
126964,126966,126967,1,2
126964,126967,126968,1,3
126964,126967,126968,1,3
126964,126967,126968,1,3
126964,126966,126968,2,2
126964,126967,126968,1,3
126964,126967,126968,1,3
126964,126967,126968,1,3
126964,126966,126968,2,2
126964,126968,126969,1,4
126964,126967,126968,1,3
126964,126968,126969,1,4
126964,126968,126969,1,4
126964,126968,126969,1,4
126964,126968,126969,1,4
126964,126968,126969,1,4
126964,126968,126969,1,4
126964,126968,126969,1,4
126964,126968,126969,1,4
126964,126968,126969,1,4
126964,126968,126969,1,4
126964,126968,126969,1,4
126964,126967,126969,2,3
126964,126967,126969,2,3
126964,126968,126969,1,4
126964,126969,126970,1,5
126964,126969,126970,1,5
126964,126969,126970,1,5
126964,126969,126970,1,5
126964,126969,126970,1,5
126964,126969,126970,1,5
126964,126969,126970,1,5
126964,126969,126970,1,5
126964,126969,126970,1,5
126964,126969,126970,1,5
126964,126969,126970,1,5
126964,126969,126970,1,5
126964,126969,126970,1,5
126964,126969,126970,1,5
126964,126970,126971,1,6
126964,126970,126971,1,6
126964,126970,126971,1,6
126964,126970,126971,1,6
126964,126970,126971,1,6
126964,126970,126971,1,6
126964,126970,126971,1,6
126964,126970,126971,1,6
126964,126970,126971,1,6
126964,126970,126971,1,6
126964,126970,126971,1,6
126964,126970,126971,1,6
126964,126971,126972,1,7
126964,126971,126972,1,7
126964,126971,126972,1,7
126964,126970,126971,1,6
126964,126970,126971,1,6
126964,126971,126972,1,7
126964,126971,126972,1,7
126969,126972,126973,1,3
126969,126972,126973,1,3
126969,126972,126973,1,3
126969,126972,126973,1,3
126964,126971,126974,3,7
126969,126972,126974,2,3
126969,126972,126974,2,3
126969,126972,126974,2,3
126969,126972,126974,2,3
126969,126973,126974,1,4
126969,126973,126974,1,4
126969,126973,126974,1,4
126969,126973,126974,1,4
126969,126973,126974,1,4
126969,126973,126974,1,4
126969,126973,126974,1,4
126969,126973,126974,1,4
126969,126973,126974,1,4
126969,126973,126974,1,4
126969,126973,126974,1,4
126969,126974,126975,1,5
126969,126975,126976,1,6
126969,126975,126976,1,6
126969,126975,126976,1,6
126969,126975,126976,1,6
126969,126975,126976,1,6
126969,126975,126976,1,6
126969,126975,126976,1,6
126969,126975,126976,1,6
126969,126974,126976,2,5
126969,126975,126976,1,6
126969,126974,126976,2,5
126969,126974,126976,2,5
126969,126974,126976,2,5
126969,126975,126976,1,6
126969,126975,126976,1,6
126969,126975,126976,1,6
126969,126976,126977,1,7
126969,126976,126977,1,7
126969,126976,126977,1,7
126969,126976,126977,1,7
126969,126976,126977,1,7
126969,126976,126977,1,7
126969,126976,126977,1,7
126969,126976,126977,1,7
126969,126976,126977,1,7
126969,126977,126978,1,8
126969,126977,126978,1,8
126969,126977,126978,1,8
126969,126977,126978,1,8
126969,126977,126978,1,8
126969,126977,126978,1,8
126969,126976,126978,2,7
126969,126976,126978,2,7
126969,126978,126979,1,9
126969,126977,126978,1,8
126969,126978,126979,1,9
126969,126978,126979,1,9
126969,126978,126979,1,9
126969,126978,126979,1,9
126969,126978,126979,1,9
126969,126979,126980,1,10
126969,126979,126980,1,10
126969,126979,126980,1,10
126969,126979,126980,1,10
126969,126979,126980,1,10
126969,126979,126980,1,10
126969,126979,126980,1,10
126969,126979,126980,1,10
126969,126979,126980,1,10
126522,126535,127017,482,13
126304,126310,127020,710,6
127020,127020,127021,1,0
127020,127020,127021,1,0
127020,127020,127021,1,0
127020,127020,127021,1,0
127020,127020,127022,2,0
127020,127020,127021,1,0
127020,127020,127021,1,0
127020,127020,127021,1,0
127020,127020,127021,1,0
127020,127020,127021,1,0
127020,127020,127022,2,0
127020,127020,127022,2,0
127020,127020,127022,2,0
127020,127021,127022,1,1
127020,127021,127023,2,1
127020,127021,127022,1,1
127020,127021,127023,2,1
127020,127021,127023,2,1
127020,127021,127023,2,1
127020,127021,127022,1,1
127020,127022,127023,1,2
127020,127022,127023,1,2
127020,127022,127024,2,2
127020,127022,127023,1,2
127020,127022,127023,1,2
127020,127023,127025,2,3
127020,127023,127024,1,3
127020,127023,127024,1,3
127020,127024,127025,1,4
127020,127023,127024,1,3
127020,127023,127024,1,3
127020,127023,127025,2,3
127020,127023,127025,2,3
127020,127023,127024,1,3
127020,127023,127024,1,3
127020,127023,127025,2,3
126520,126535,127026,491,15
127020,127025,127026,1,5
127020,127025,127026,1,5
127020,127024,127025,1,4
127020,127024,127025,1,4
127020,127025,127026,1,5
127020,127024,127025,1,4
127020,127024,127025,1,4
127020,127025,127026,1,5
127020,127025,127026,1,5
127020,127025,127026,1,5
127020,127025,127027,2,5
127020,127026,127027,1,6
127020,127025,127026,1,5
127020,127025,127027,2,5
127020,127025,127026,1,5
127020,127026,127027,1,6
127020,127026,127027,1,6
127020,127026,127027,1,6
127020,127026,127027,1,6
127020,127026,127027,1,6
127020,127026,127027,1,6
127020,127026,127027,1,6
127020,127027,127028,1,7
127020,127027,127028,1,7
127020,127027,127028,1,7
127020,127027,127028,1,7
127020,127027,127028,1,7
127020,127027,127028,1,7
127020,127027,127028,1,7
127020,127027,127028,1,7
127020,127027,127028,1,7
127020,127027,127028,1,7
127020,127027,127028,1,7
127020,127027,127028,1,7
127020,127027,127028,1,7
127020,127027,127028,1,7
127020,127027,127028,1,7
127020,127027,127028,1,7
127020,127028,127029,1,8
127020,127028,127029,1,8
127020,127028,127029,1,8
127020,127028,127029,1,8
127020,127028,127029,1,8
127020,127028,127029,1,8
127020,127028,127029,1,8
127020,127028,127029,1,8
127020,127028,127029,1,8
127020,127028,127029,1,8
127020,127028,127029,1,8
127020,127028,127029,1,8
127020,127028,127029,1,8
127020,127028,127029,1,8
127020,127028,127029,1,8
127020,127028,127029,1,8
127021,127029,127030,1,8
127021,127029,127030,1,8
127021,127029,127030,1,8
127021,127029,127030,1,8
127021,127029,127030,1,8
127021,127029,127030,1,8
127021,127029,127030,1,8
127021,127029,127030,1,8
127021,127029,127030,1,8
127021,127029,127030,1,8
127021,127029,127030,1,8
127021,127030,127031,1,9
127021,127030,127031,1,9
127021,127031,127032,1,10
127021,127031,127032,1,10
127020,127029,127031,2,9
127020,127029,127031,2,9
127021,127030,127031,1,9
127021,127030,127031,1,9
127021,127030,127032,2,9
127021,127031,127032,1,10
127021,127031,127032,1,10
127021,127030,127032,2,9
127021,127030,127031,1,9
127021,127030,127032,2,9
127021,127031,127032,1,10
127021,127032,127033,1,11
127021,127032,127033,1,11
127020,127029,127032,3,9
127021,127031,127032,1,10
127021,127031,127032,1,10
127021,127032,127033,1,11
127021,127032,127033,1,11
127021,127032,127033,1,11
127021,127032,127033,1,11
127021,127032,127033,1,11
127021,127032,127033,1,11
127021,127032,127033,1,11
127021,127032,127033,1,11
127021,127032,127034,2,11
127021,127033,127034,1,12
127021,127033,127034,1,12
127021,127033,127034,1,12
127021,127033,127034,1,12
127021,127033,127034,1,12
127021,127033,127034,1,12
127021,127034,127035,1,13
127021,127034,127035,1,13
127021,127034,127035,1,13
127021,127034,127035,1,13
127021,127035,127036,1,14
127021,127035,127036,1,14
127021,127035,127036,1,14
127021,127034,127035,1,13
127021,127035,127036,1,14
127021,127035,127036,1,14
127021,127036,127037,1,15
127021,127036,127037,1,15
127027,127036,127037,1,9
127027,127036,127037,1,9
127027,127036,127037,1,9
127027,127037,127038,1,10
127027,127037,127038,1,10
127027,127037,127038,1,10
127027,127036,127038,2,9
127027,127037,127038,1,10
127027,127037,127039,2,10
127027,127037,127039,2,10
127027,127037,127039,2,10
127027,127038,127039,1,11
127027,127038,127039,1,11
127027,127038,127039,1,11
127027,127038,127040,2,11
127027,127038,127039,1,11
127027,127038,127039,1,11
127027,127037,127039,2,10
127027,127037,127039,2,10
127027,127038,127040,2,11
127027,127039,127041,2,12
127027,127038,127040,2,11
127027,127038,127040,2,11
127027,127038,127040,2,11
127027,127039,127040,1,12
127027,127039,127041,2,12
127027,127039,127041,2,12
127027,127039,127041,2,12
127027,127040,127041,1,13
127027,127040,127041,1,13
127027,127040,127041,1,13
127027,127040,127041,1,13
127027,127040,127041,1,13
127027,127040,127041,1,13
127027,127041,127042,1,14
127027,127040,127042,2,13
127027,127040,127041,1,13
127027,127041,127042,1,14
127027,127041,127042,1,14
127027,127041,127042,1,14
127027,127041,127042,1,14
127027,127041,127042,1,14
127027,127041,127042,1,14
127027,127042,127043,1,15
127027,127041,127042,1,14
127027,127042,127043,1,15
127027,127042,127043,1,15
127027,127042,127043,1,15
127027,127042,127043,1,15
127027,127041,127042,1,14
127027,127042,127043,1,15
127027,127042,127043,1,15
127027,127042,127043,1,15
127027,127043,127044,1,16
127027,127043,127044,1,16
127027,127043,127044,1,16
127027,127043,127044,1,16
127027,127043,127044,1,16
127027,127043,127044,1,16
127027,127044,127045,1,17
127027,127044,127045,1,17
127027,127044,127045,1,17
127027,127044,127045,1,17
127027,127044,127045,1,17
127027,127044,127045,1,17
127027,127044,127045,1,17
127027,127044,127045,1,17
127027,127044,127045,1,17
127027,127044,127045,1,17
127027,127044,127045,1,17
127027,127044,127045,1,17
127027,127044,127045,1,17
127027,127045,127046,1,18
127027,127045,127046,1,18
127027,127045,127046,1,18
127027,127045,127046,1,18
127027,127045,127046,1,18
127027,127045,127046,1,18
126393,126400,127095,695,7
127097,127097,127098,1,0
127097,127097,127098,1,0
127097,127097,127098,1,0
127097,127097,127098,1,0
127097,127097,127098,1,0
127097,127097,127098,1,0
127097,127097,127098,1,0
127097,127097,127098,1,0
127097,127098,127099,1,1
127097,127098,127099,1,1
127097,127097,127098,1,0
127097,127098,127099,1,1
127097,127098,127099,1,1
127097,127098,127099,1,1
127097,127098,127099,1,1
127097,127098,127099,1,1
127097,127098,127099,1,1
127097,127098,127099,1,1
127097,127098,127099,1,1
127097,127098,127099,1,1
127097,127098,127099,1,1
127097,127098,127099,1,1
127097,127098,127099,1,1
127097,127098,127099,1,1
127097,127099,127100,1,2
127097,127099,127100,1,2
127097,127099,127100,1,2
127097,127099,127100,1,2
127097,127099,127100,1,2
127097,127099,127100,1,2
127097,127099,127100,1,2
127097,127099,127100,1,2
127097,127099,127100,1,2
127097,127099,127100,1,2
127097,127099,127100,1,2
127097,127099,127100,1,2
127097,127099,127100,1,2
127097,127099,127100,1,2
127097,127099,127100,1,2
127097,127100,127101,1,3
127097,127100,127101,1,3
127097,127100,127101,1,3
127097,127100,127101,1,3
127097,127100,127101,1,3
127097,127100,127101,1,3
127097,127100,127101,1,3
127097,127100,127101,1,3
127097,127100,127101,1,3
127097,127100,127101,1,3
127097,127100,127101,1,3
127097,127100,127101,1,3
127097,127100,127101,1,3
127097,127100,127101,1,3
127097,127100,127101,1,3
127097,127101,127102,1,4
127097,127101,127102,1,4
127097,127100,127101,1,3
127097,127101,127102,1,4
127097,127101,127102,1,4
127097,127101,127102,1,4
127097,127101,127102,1,4
127097,127101,127102,1,4
127097,127101,127102,1,4
127097,127101,127102,1,4
127097,127101,127102,1,4
127097,127101,127102,1,4
127097,127101,127102,1,4
127097,127101,127102,1,4
127097,127101,127102,1,4
127097,127101,127102,1,4
127097,127101,127102,1,4
127097,127102,127103,1,5
127097,127102,127103,1,5
127097,127102,127103,1,5
127097,127102,127103,1,5
127097,127102,127103,1,5
127097,127102,127103,1,5
127097,127102,127103,1,5
127097,127102,127103,1,5
127097,127102,127103,1,5
127097,127102,127103,1,5
127097,127102,127103,1,5
127097,127102,127103,1,5
127097,127102,127103,1,5
127097,127102,127103,1,5
127097,127102,127103,1,5
127097,127102,127103,1,5
127097,127102,127103,1,5
126422,126429,127128,699,7
127129,127130,127131,1,1
127129,127130,127131,1,1
127129,127130,127131,1,1
127129,127130,127131,1,1
127129,127131,127132,1,2
127129,127131,127132,1,2
127129,127131,127132,1,2
127129,127130,127131,1,1
127129,127130,127131,1,1
127129,127131,127132,1,2
127129,127131,127132,1,2
127129,127131,127132,1,2
127129,127131,127132,1,2
127129,127131,127132,1,2
127129,127131,127132,1,2
127129,127131,127132,1,2
127129,127131,127132,1,2
127129,127132,127133,1,3
127129,127132,127133,1,3
127129,127131,127132,1,2
127129,127132,127133,1,3
127129,127132,127133,1,3
127129,127132,127133,1,3
127129,127132,127133,1,3
127129,127132,127133,1,3
127129,127132,127133,1,3
127129,127133,127134,1,4
127129,127132,127133,1,3
127129,127132,127133,1,3
127129,127133,127134,1,4
127129,127133,127134,1,4
127129,127133,127134,1,4
127129,127133,127134,1,4
127129,127133,127134,1,4
127129,127133,127134,1,4
127129,127134,127135,1,5
127129,127134,127135,1,5
127129,127134,127135,1,5
127129,127134,127135,1,5
127129,127134,127135,1,5
127129,127134,127135,1,5
127129,127134,127135,1,5
127129,127134,127135,1,5
127129,127134,127135,1,5
127129,127135,127136,1,6
127129,127135,127136,1,6
127129,127134,127135,1,5
127129,127134,127135,1,5
127129,127134,127135,1,5
127129,127135,127136,1,6
127129,127135,127136,1,6
127129,127135,127136,1,6
127129,127135,127136,1,6
127129,127135,127136,1,6
127129,127135,127136,1,6
127129,127135,127136,1,6
127129,127135,127136,1,6
127129,127135,127136,1,6
127129,127135,127136,1,6
127129,127135,127136,1,6
127129,127136,127137,1,7
127129,127136,127137,1,7
127129,127136,127137,1,7
127129,127136,127137,1,7
127129,127136,127137,1,7
127129,127136,127137,1,7
127129,127136,127137,1,7
127129,127136,127137,1,7
127129,127136,127137,1,7
127129,127136,127137,1,7
127129,127136,127137,1,7
127129,127136,127137,1,7
127129,127136,127137,1,7
127129,127136,127137,1,7
127129,127136,127137,1,7
127129,127137,127138,1,8
127129,127136,127137,1,7
126690,126699,127168,469,9
127169,127169,127170,1,0
127169,127169,127170,1,0
127169,127169,127170,1,0
127169,127169,127170,1,0
127169,127169,127170,1,0
127169,127169,127170,1,0
127169,127169,127170,1,0
127169,127169,127170,1,0
127169,127169,127170,1,0
127169,127169,127170,1,0
127169,127169,127170,1,0
127169,127169,127170,1,0
127169,127170,127171,1,1
127169,127169,127171,2,0
127169,127169,127170,1,0
127169,127169,127171,2,0
127169,127169,127171,2,0
127169,127170,127172,2,1
127169,127171,127172,1,2
127169,127171,127172,1,2
127169,127171,127172,1,2
127169,127171,127172,1,2
127169,127171,127172,1,2
127169,127171,127172,1,2
127169,127171,127172,1,2
127169,127171,127172,1,2
127169,127171,127172,1,2
127169,127171,127172,1,2
127169,127171,127173,2,2
127169,127172,127173,1,3
127169,127173,127174,1,4
127169,127173,127174,1,4
127169,127172,127173,1,3
127169,127172,127174,2,3
127169,127172,127174,2,3
127169,127172,127174,2,3
127169,127173,127174,1,4
127169,127173,127174,1,4
127169,127173,127174,1,4
127169,127173,127174,1,4
127169,127173,127174,1,4
127169,127173,127174,1,4
127169,127174,127175,1,5
127169,127174,127175,1,5
127169,127174,127175,1,5
127169,127173,127174,1,4
127169,127173,127174,1,4
127169,127174,127175,1,5
127169,127174,127175,1,5
127169,127175,127176,1,6
127169,127175,127176,1,6
127169,127175,127176,1,6
127169,127175,127176,1,6
127169,127176,127177,1,7
127169,127176,127177,1,7
127169,127176,127177,1,7
127169,127176,127177,1,7
127169,127176,127177,1,7
127169,127176,127177,1,7
127169,127177,127178,1,8
127169,127177,127178,1,8
127169,127177,127178,1,8
127169,127177,127178,1,8
127169,127177,127178,1,8
127169,127177,127178,1,8
127169,127177,127178,1,8
127169,127177,127178,1,8
127169,127177,127178,1,8
127169,127177,127178,1,8
126491,126498,127193,695,7
127195,127195,127196,1,0
127195,127195,127196,1,0
127195,127195,127196,1,0
127195,127195,127196,1,0
127195,127195,127196,1,0
127195,127195,127196,1,0
127195,127195,127196,1,0
127195,127195,127196,1,0
127195,127195,127196,1,0
127195,127195,127196,1,0
127195,127195,127197,2,0
127195,127195,127196,1,0
127195,127195,127196,1,0
127195,127195,127197,2,0
127195,127195,127196,1,0
127195,127195,127197,2,0
127195,127196,127198,2,1
127195,127196,127197,1,1
127195,127196,127197,1,1
127195,127196,127197,1,1
127195,127196,127197,1,1
127195,127196,127197,1,1
127195,127196,127198,2,1
127195,127196,127198,2,1
127195,127196,127198,2,1
127195,127197,127198,1,2
127195,127197,127199,2,2
127195,127197,127198,1,2
127195,127197,127199,2,2
127195,127196,127198,2,1
127195,127196,127198,2,1
127195,127197,127199,2,2
127195,127197,127199,2,2
127195,127198,127199,1,3
127195,127198,127199,1,3
127195,127198,127199,1,3
127195,127198,127199,1,3
127195,127198,127199,1,3
127195,127198,127199,1,3
127195,127199,127200,1,4
127195,127198,127200,2,3
127195,127198,127200,2,3
127195,127198,127200,2,3
127195,127199,127200,1,4
127195,127200,127201,1,5
127195,127199,127200,1,4
127195,127199,127201,2,4
127195,127200,127201,1,5
127195,127200,127201,1,5
127195,127200,127201,1,5
127195,127200,127201,1,5
127195,127200,127201,1,5
127195,127200,127201,1,5
127195,127199,127201,2,4
127195,127200,127201,1,5
127195,127199,127201,2,4
127195,127199,127200,1,4
127195,127200,127201,1,5
127195,127199,127200,1,4
127195,127200,127201,1,5
127195,127200,127201,1,5
127195,127201,127202,1,6
127195,127201,127202,1,6
127195,127201,127202,1,6
127195,127201,127202,1,6
127195,127201,127202,1,6
127195,127201,127202,1,6
127195,127201,127202,1,6
127195,127201,127202,1,6
127195,127201,127202,1,6
127195,127201,127202,1,6
127195,127201,127202,1,6
127195,127201,127202,1,6
127195,127201,127202,1,6
127195,127201,127202,1,6
127195,127201,127202,1,6
127195,127202,127203,1,7
127195,127202,127203,1,7
127195,127202,127203,1,7
127195,127202,127203,1,7
127195,127202,127203,1,7
127195,127202,127203,1,7
127195,127202,127203,1,7
127195,127202,127203,1,7
127195,127202,127203,1,7
127195,127202,127203,1,7
127195,127203,127204,1,8
127195,127203,127204,1,8
127195,127203,127204,1,8
127195,127203,127204,1,8
127195,127203,127204,1,8
126547,126554,127280,726,7
127281,127281,127282,1,0
127281,127281,127282,1,0
127281,127281,127282,1,0
127281,127281,127282,1,0
127281,127281,127282,1,0
127281,127281,127282,1,0
127281,127281,127282,1,0
127281,127281,127282,1,0
127281,127281,127282,1,0
127281,127281,127282,1,0
127281,127281,127283,2,0
127281,127282,127283,1,1
127281,127281,127283,2,0
127281,127281,127284,3,0
127281,127282,127284,2,1
127281,127282,127284,2,1
127281,127282,127284,2,1
127281,127282,127284,2,1
127281,127282,127284,2,1
127281,127282,127284,2,1
127281,127282,127284,2,1
127281,127282,127284,2,1
127281,127282,127284,2,1
127281,127282,127284,2,1
127281,127281,127284,3,0
127281,127283,127285,2,2
127281,127282,127285,3,1
127281,127283,127285,2,2
127281,127283,127285,2,2
127281,127283,127285,2,2
127281,127284,127286,2,3
127281,127284,127286,2,3
127281,127284,127286,2,3
127281,127284,127286,2,3
127281,127284,127286,2,3
127281,127285,127286,1,4
127281,127285,127287,2,4
127281,127285,127286,1,4
127281,127285,127286,1,4
127281,127285,127286,1,4
127281,127285,127286,1,4
127281,127284,127287,3,3
127281,127285,127287,2,4
127281,127286,127287,1,5
127281,127286,127287,1,5
127281,127286,127287,1,5
127281,127287,127288,1,6
127281,127288,127289,1,7
127281,127288,127289,1,7
127281,127288,127289,1,7
127281,127288,127289,1,7
127281,127287,127288,1,6
127281,127287,127288,1,6
127281,127287,127288,1,6
127281,127289,127290,1,8
127281,127289,127290,1,8
127281,127289,127290,1,8
127281,127289,127290,1,8
127281,127289,127290,1,8
127281,127289,127290,1,8
127281,127289,127290,1,8
127281,127289,127290,1,8
127281,127289,127290,1,8
127281,127289,127290,1,8
127281,127290,127291,1,9
127281,127290,127291,1,9
126586,126593,127339,746,7
127340,127340,127341,1,0
127340,127340,127341,1,0
127340,127340,127341,1,0
127340,127340,127341,1,0
127340,127340,127341,1,0
127340,127340,127341,1,0
127340,127340,127341,1,0
127340,127340,127342,2,0
127340,127340,127341,1,0
127340,127340,127341,1,0
127340,127340,127341,1,0
127340,127341,127342,1,1
127340,127341,127342,1,1
127340,127341,127342,1,1
127340,127341,127342,1,1
127340,127341,127342,1,1
127340,127340,127341,1,0
127340,127341,127342,1,1
127340,127341,127342,1,1
127340,127341,127342,1,1
127340,127341,127343,2,1
127340,127341,127342,1,1
127340,127341,127342,1,1
127340,127342,127344,2,2
127340,127342,127344,2,2
127340,127342,127344,2,2
127340,127342,127344,2,2
127340,127342,127344,2,2
127340,127342,127343,1,2
127340,127342,127344,2,2
127340,127342,127344,2,2
127340,127342,127343,1,2
127340,127342,127344,2,2
127340,127342,127344,2,2
127340,127343,127344,1,3
127340,127343,127345,2,3
127340,127343,127345,2,3
127340,127343,127345,2,3
127340,127344,127345,1,4
127340,127344,127345,1,4
127340,127344,127345,1,4
127340,127344,127345,1,4
127340,127344,127345,1,4
127340,127343,127344,1,3
127340,127343,127345,2,3
127340,127344,127345,1,4
127340,127344,127345,1,4
127340,127344,127346,2,4
127340,127344,127346,2,4
127340,127344,127345,1,4
127340,127344,127345,1,4
127340,127345,127346,1,5
127340,127345,127346,1,5
127340,127345,127346,1,5
127340,127345,127346,1,5
127340,127345,127346,1,5
127340,127345,127346,1,5
127340,127345,127346,1,5
127340,127345,127346,1,5
127340,127345,127346,1,5
127340,127345,127346,1,5
127340,127346,127347,1,6
127340,127346,127347,1,6
127340,127346,127347,1,6
127340,127346,127347,1,6
127340,127346,127347,1,6
127340,127346,127347,1,6
127340,127346,127347,1,6
127340,127345,127346,1,5
127340,127345,127347,2,5
127340,127346,127347,1,6
127340,127346,127347,1,6
127340,127346,127347,1,6
127340,127346,127347,1,6
127340,127346,127347,1,6
127340,127347,127348,1,7
127340,127347,127348,1,7
127340,127347,127348,1,7
127340,127347,127348,1,7
127340,127347,127348,1,7
127340,127347,127348,1,7
127340,127348,127349,1,8
127340,127348,127349,1,8
127340,127347,127348,1,7
127340,127348,127349,1,8
126640,126648,127366,718,8
126613,126620,127367,747,7
127367,127368,127369,1,1
127367,127368,127369,1,1
127367,127368,127369,1,1
127367,127368,127369,1,1
127367,127369,127370,1,2
127367,127368,127369,1,1
127367,127368,127369,1,1
126859,126865,127369,504,6
127367,127368,127369,1,1
127367,127369,127370,1,2
127367,127369,127370,1,2
127367,127369,127370,1,2
127367,127369,127370,1,2
127367,127369,127370,1,2
127367,127369,127370,1,2
127367,127369,127370,1,2
127367,127369,127371,2,2
127367,127369,127371,2,2
127367,127369,127370,1,2
127367,127370,127371,1,3
127367,127370,127371,1,3
127367,127370,127372,2,3
127367,127369,127371,2,2
127367,127370,127372,2,3
127367,127370,127372,2,3
127367,127370,127371,1,3
127367,127370,127371,1,3
127367,127371,127372,1,4
127367,127370,127372,2,3
127367,127371,127372,1,4
127367,127371,127372,1,4
127367,127371,127372,1,4
127367,127371,127372,1,4
127367,127371,127372,1,4
127367,127371,127372,1,4
127367,127371,127372,1,4
127367,127371,127372,1,4
127367,127372,127373,1,5
127367,127371,127372,1,4
127367,127372,127373,1,5
127367,127372,127373,1,5
127367,127372,127373,1,5
127367,127373,127374,1,6
127367,127373,127374,1,6
127367,127372,127373,1,5
127367,127373,127374,1,6
127367,127372,127373,1,5
127367,127372,127373,1,5
127367,127373,127374,1,6
127367,127372,127373,1,5
127367,127373,127374,1,6
127367,127373,127374,1,6
127367,127372,127373,1,5
127367,127373,127374,1,6
127367,127373,127374,1,6
127367,127373,127374,1,6
127367,127373,127374,1,6
127367,127374,127375,1,7
127367,127374,127375,1,7
127367,127374,127375,1,7
127367,127374,127375,1,7
127367,127374,127375,1,7
127367,127374,127375,1,7
127367,127374,127375,1,7
127367,127374,127375,1,7
127367,127374,127375,1,7
127367,127374,127375,1,7
127367,127374,127375,1,7
127367,127373,127375,2,6
127367,127375,127376,1,8
127367,127375,127376,1,8
127367,127375,127376,1,8
127367,127375,127376,1,8
127367,127375,127376,1,8
127367,127375,127376,1,8
127367,127375,127376,1,8
127367,127375,127376,1,8
127367,127375,127376,1,8
127367,127375,127376,1,8
127367,127375,127376,1,8
127367,127375,127376,1,8
127368,127375,127376,1,7
127368,127375,127376,1,7
127368,127375,127376,1,7
127368,127376,127377,1,8
127368,127376,127377,1,8
127368,127376,127377,1,8
127368,127376,127377,1,8
127368,127376,127377,1,8
127368,127376,127377,1,8
127368,127377,127378,1,9
127368,127376,127377,1,8
127368,127376,127377,1,8
127368,127376,127378,2,8
127368,127376,127378,2,8
127368,127376,127378,2,8
127368,127376,127377,1,8
127368,127376,127378,2,8
127368,127376,127378,2,8
127368,127376,127378,2,8
127368,127377,127378,1,9
127368,127377,127378,1,9
127368,127377,127379,2,9
127368,127377,127378,1,9
127368,127377,127379,2,9
127368,127377,127379,2,9
127368,127377,127379,2,9
127368,127378,127379,1,10
127368,127378,127379,1,10
127368,127378,127379,1,10
127368,127378,127379,1,10
127368,127378,127379,1,10
127368,127379,127380,1,11
127368,127377,127380,3,9
127368,127378,127380,2,10
127368,127378,127380,2,10
127368,127378,127380,2,10
127368,127378,127380,2,10
127368,127378,127380,2,10
127368,127378,127380,2,10
127368,127380,127381,1,12
127368,127379,127380,1,11
127368,127379,127380,1,11
127368,127379,127380,1,11
127368,127380,127381,1,12
127368,127380,127381,1,12
127368,127379,127380,1,11
127368,127379,127381,2,11
127368,127380,127381,1,12
127368,127380,127381,1,12
127368,127380,127381,1,12
127368,127380,127381,1,12
127368,127379,127381,2,11
127368,127380,127381,1,12
127368,127381,127382,1,13
127368,127381,127382,1,13
127368,127381,127382,1,13
127368,127381,127382,1,13
127368,127381,127382,1,13
127368,127381,127382,1,13
127368,127381,127382,1,13
127368,127381,127382,1,13
127368,127382,127383,1,14
127368,127382,127383,1,14
127368,127382,127383,1,14
127368,127382,127383,1,14
127368,127382,127383,1,14
127368,127382,127383,1,14
127372,127383,127384,1,11
127372,127383,127384,1,11
127372,127383,127384,1,11
127372,127383,127384,1,11
127372,127383,127384,1,11
127372,127384,127385,1,12
127372,127384,127385,1,12
127372,127384,127385,1,12
127372,127384,127385,1,12
127372,127384,127385,1,12
127372,127384,127385,1,12
127372,127384,127385,1,12
127372,127384,127386,2,12
127372,127384,127385,1,12
127372,127384,127386,2,12
127372,127384,127386,2,12
127372,127384,127386,2,12
127372,127385,127387,2,13
127372,127385,127386,1,13
127372,127385,127387,2,13
127372,127385,127386,1,13
127372,127384,127386,2,12
127372,127385,127387,2,13
127372,127385,127387,2,13
127372,127385,127387,2,13
127372,127385,127387,2,13
127372,127385,127387,2,13
127372,127386,127388,2,14
127372,127386,127388,2,14
127372,127386,127387,1,14
127372,127386,127388,2,14
127372,127386,127388,2,14
127372,127387,127388,1,15
127372,127387,127388,1,15
127372,127387,127388,1,15
127372,127387,127388,1,15
127372,127387,127388,1,15
127372,127388,127389,1,16
127372,127388,127389,1,16
127372,127388,127389,1,16
127372,127388,127390,2,16
127372,127388,127389,1,16
127372,127388,127390,2,16
127372,127389,127390,1,17
127372,127388,127389,1,16
127372,127389,127390,1,17
127372,127388,127390,2,16
127372,127388,127389,1,16
127372,127389,127390,1,17
127372,127389,127390,1,17
127372,127389,127390,1,17
127372,127389,127390,1,17
127372,127389,127390,1,17
127372,127390,127391,1,18
127372,127390,127391,1,18
127372,127390,127391,1,18
127372,127390,127391,1,18
127372,127390,127391,1,18
127372,127390,127391,1,18
127372,127390,127391,1,18
127372,127391,127392,1,19
127372,127391,127392,1,19
127372,127390,127391,1,18
127372,127390,127391,1,18
127372,127390,127391,1,18
127372,127391,127392,1,19
127372,127391,127392,1,19
127372,127391,127392,1,19
127372,127391,127392,1,19
127372,127391,127392,1,19
127372,127391,127392,1,19
127372,127390,127391,1,18
127372,127391,127392,1,19
127372,127391,127392,1,19
127372,127392,127393,1,20
127372,127392,127393,1,20
127372,127392,127393,1,20
127372,127392,127393,1,20
127372,127392,127393,1,20
127372,127392,127393,1,20
127372,127392,127393,1,20
127372,127392,127393,1,20
127372,127392,127393,1,20
127372,127392,127393,1,20
127372,127392,127393,1,20
127372,127392,127393,1,20
127372,127392,127393,1,20
127372,127392,127394,2,20
127372,127392,127393,1,20
127372,127396,127398,2,24
126615,126627,127430,803,12
127431,127431,127432,1,0
127431,127431,127432,1,0
127431,127431,127432,1,0
127431,127431,127432,1,0
127431,127431,127432,1,0
127431,127431,127432,1,0
127431,127431,127432,1,0
127431,127431,127432,1,0
127431,127431,127432,1,0
127431,127431,127432,1,0
127431,127431,127432,1,0
127431,127431,127432,1,0
127431,127431,127432,1,0
127431,127432,127433,1,1
127431,127431,127433,2,0
127431,127432,127433,1,1
127431,127432,127433,1,1
127431,127432,127433,1,1
127431,127432,127433,1,1
127431,127432,127434,2,1
127431,127432,127434,2,1
127431,127432,127434,2,1
127431,127432,127434,2,1
127431,127433,127435,2,2
127431,127433,127435,2,2
127431,127433,127435,2,2
127431,127433,127435,2,2
127431,127433,127435,2,2
127431,127433,127435,2,2
127431,127433,127435,2,2
127431,127434,127435,1,3
127431,127434,127435,1,3
127431,127434,127435,1,3
127431,127434,127435,1,3
127431,127434,127435,1,3
127431,127434,127435,1,3
127431,127434,127436,2,3
127431,127434,127435,1,3
127431,127434,127435,1,3
127431,127434,127435,1,3
127431,127435,127436,1,4
127431,127435,127436,1,4
127431,127435,127436,1,4
127431,127436,127437,1,5
127431,127436,127437,1,5
127431,127436,127437,1,5
127431,127435,127436,1,4
127431,127435,127436,1,4
127431,127436,127437,1,5
127431,127436,127437,1,5
127431,127436,127437,1,5
127431,127436,127437,1,5
127431,127437,127438,1,6
127431,127437,127438,1,6
127431,127437,127438,1,6
127431,127437,127438,1,6
127431,127437,127438,1,6
127431,127436,127438,2,5
127431,127436,127437,1,5
127431,127436,127437,1,5
127431,127437,127438,1,6
127431,127437,127438,1,6
127431,127437,127438,1,6
127431,127438,127439,1,7
127431,127437,127438,1,6
127431,127438,127439,1,7
127431,127438,127439,1,7
127431,127438,127439,1,7
127431,127438,127439,1,7
127431,127438,127439,1,7
127431,127438,127439,1,7
127431,127438,127439,1,7
127431,127438,127439,1,7
127431,127438,127439,1,7
127431,127438,127439,1,7
127431,127438,127439,1,7
127431,127438,127439,1,7
127431,127438,127439,1,7
127431,127439,127440,1,8
127431,127439,127440,1,8
127431,127439,127440,1,8
127431,127439,127440,1,8
127431,127439,127440,1,8
127431,127439,127440,1,8
127431,127439,127440,1,8
127431,127439,127440,1,8
127431,127439,127440,1,8
127431,127439,127440,1,8
127431,127439,127440,1,8
127431,127439,127440,1,8
127431,127439,127440,1,8
127431,127439,127440,1,8
127431,127440,127441,1,9
127431,127442,127444,2,11
127431,127442,127444,2,11
126965,126971,127457,486,6
127459,127459,127460,1,0
127459,127459,127460,1,0
127459,127459,127460,1,0
127459,127459,127460,1,0
127459,127459,127460,1,0
127459,127459,127460,1,0
127459,127459,127460,1,0
127459,127459,127460,1,0
127459,127459,127460,1,0
127459,127460,127461,1,1
127459,127460,127461,1,1
127459,127460,127461,1,1
127459,127460,127461,1,1
127459,127459,127460,1,0
126720,126727,127460,733,7
127459,127459,127460,1,0
127459,127460,127461,1,1
127459,127460,127462,2,1
127459,127460,127461,1,1
127459,127460,127462,2,1
127459,127460,127462,2,1
127459,127460,127462,2,1
127459,127460,127462,2,1
127459,127460,127461,1,1
127459,127460,127462,2,1
127459,127460,127461,1,1
127459,127460,127462,2,1
127459,127461,127462,1,2
127459,127461,127462,1,2
127459,127461,127462,1,2
127459,127461,127462,1,2
127459,127461,127463,2,2
127459,127461,127462,1,2
127459,127461,127463,2,2
127459,127463,127464,1,4
127459,127462,127464,2,3
127459,127462,127464,2,3
127459,127463,127464,1,4
127459,127463,127464,1,4
127459,127462,127463,1,3
127459,127463,127464,1,4
127459,127462,127464,2,3
127459,127462,127464,2,3
127459,127462,127463,1,3
127459,127462,127463,1,3
127459,127462,127464,2,3
127459,127462,127464,2,3
127459,127462,127463,1,3
127459,127462,127463,1,3
127459,127463,127464,1,4
127459,127464,127465,1,5
127459,127464,127465,1,5
127459,127464,127465,1,5
127459,127464,127465,1,5
127459,127464,127465,1,5
127459,127463,127465,2,4
127459,127464,127465,1,5
127459,127463,127464,1,4
127459,127464,127465,1,5
127459,127464,127465,1,5
127459,127464,127465,1,5
127459,127465,127466,1,6
127459,127464,127465,1,5
127459,127464,127465,1,5
127459,127465,127466,1,6
127459,127465,127466,1,6
127459,127465,127466,1,6
127459,127465,127466,1,6
127459,127464,127465,1,5
127459,127465,127466,1,6
127459,127464,127465,1,5
127459,127464,127465,1,5
127459,127465,127466,1,6
127459,127464,127465,1,5
127459,127464,127465,1,5
127459,127465,127466,1,6
127459,127465,127466,1,6
127459,127465,127466,1,6
127459,127465,127466,1,6
127459,127466,127467,1,7
127459,127466,127467,1,7
127459,127466,127467,1,7
127459,127466,127467,1,7
127459,127466,127467,1,7
127459,127466,127467,1,7
127459,127466,127467,1,7
127459,127466,127467,1,7
127459,127466,127467,1,7
127459,127466,127467,1,7
127459,127466,127467,1,7
127459,127466,127467,1,7
127459,127466,127467,1,7
127459,127466,127467,1,7
127462,127467,127468,1,5
127459,127466,127467,1,7
127462,127467,127468,1,5
127462,127467,127468,1,5
127462,127467,127468,1,5
127462,127467,127468,1,5
127462,127467,127468,1,5
127462,127468,127469,1,6
127462,127468,127469,1,6
127462,127468,127469,1,6
127462,127468,127469,1,6
127462,127468,127469,1,6
127462,127468,127469,1,6
127462,127468,127469,1,6
127462,127468,127469,1,6
127462,127468,127470,2,6
127462,127468,127470,2,6
127462,127468,127470,2,6
127462,127469,127470,1,7
127462,127469,127470,1,7
127462,127469,127470,1,7
127462,127469,127470,1,7
127462,127469,127470,1,7
127462,127469,127470,1,7
127462,127469,127470,1,7
127462,127470,127471,1,8
127462,127470,127471,1,8
127462,127470,127471,1,8
127462,127470,127471,1,8
127462,127471,127472,1,9
127462,127470,127472,2,8
127462,127471,127472,1,9
127462,127471,127472,1,9
127462,127472,127473,1,10
127462,127471,127472,1,9
127462,127471,127472,1,9
127462,127471,127472,1,9
127462,127471,127472,1,9
127462,127471,127472,1,9
127462,127471,127472,1,9
127462,127471,127472,1,9
127462,127471,127472,1,9
127462,127473,127474,1,11
127462,127473,127474,1,11
127462,127472,127473,1,10
127462,127473,127474,1,11
127462,127473,127474,1,11
127462,127473,127474,1,11
127462,127473,127474,1,11
127462,127473,127474,1,11
127462,127473,127474,1,11
127462,127473,127474,1,11
127462,127472,127473,1,10
127462,127473,127474,1,11
127462,127473,127474,1,11
127462,127474,127475,1,12
127462,127473,127474,1,11
127462,127474,127475,1,12
127462,127474,127475,1,12
127462,127474,127475,1,12
127462,127474,127475,1,12
127462,127474,127475,1,12
127462,127474,127475,1,12
127462,127474,127475,1,12
127462,127473,127474,1,11
127462,127474,127475,1,12
127462,127474,127475,1,12
127462,127475,127476,1,13
127462,127475,127476,1,13
127462,127475,127476,1,13
127462,127475,127476,1,13
126752,126760,127486,726,8
127488,127488,127489,1,0
127488,127488,127489,1,0
127488,127488,127489,1,0
127488,127488,127489,1,0
127488,127488,127489,1,0
127488,127488,127489,1,0
127488,127488,127489,1,0
127488,127488,127489,1,0
127488,127488,127489,1,0
127488,127488,127489,1,0
127488,127488,127490,2,0
127488,127488,127489,1,0
127488,127488,127489,1,0
127488,127488,127489,1,0
127488,127488,127490,2,0
127488,127489,127490,1,1
127488,127489,127490,1,1
127488,127489,127490,1,1
127488,127489,127490,1,1
127488,127489,127490,1,1
127488,127489,127490,1,1
127488,127488,127490,2,0
127488,127489,127490,1,1
127488,127489,127490,1,1
127488,127490,127491,1,2
127488,127490,127491,1,2
127488,127490,127491,1,2
127488,127489,127490,1,1
127488,127489,127490,1,1
127488,127490,127492,2,2
127488,127490,127491,1,2
127488,127490,127492,2,2
127488,127491,127492,1,3
127488,127490,127492,2,2
127488,127490,127492,2,2
127488,127490,127492,2,2
127488,127492,127493,1,4
127488,127490,127493,3,2
127488,127490,127492,2,2
127488,127491,127493,2,3
127488,127491,127493,2,3
127488,127491,127492,1,3
127488,127492,127493,1,4
127488,127491,127493,2,3
127488,127492,127493,1,4
127488,127491,127493,2,3
127488,127491,127493,2,3
127488,127488,127493,5,0
127488,127491,127493,2,3
127488,127492,127494,2,4
127488,127492,127494,2,4
127488,127493,127495,2,5
127488,127493,127495,2,5
127488,127493,127495,2,5
127488,127493,127495,2,5
127488,127493,127495,2,5
127488,127493,127495,2,5
127488,127492,127495,3,4
127488,127494,127495,1,6
127488,127494,127495,1,6
127488,127494,127495,1,6
127488,127494,127496,2,6
127488,127494,127496,2,6
127488,127494,127495,1,6
127488,127493,127495,2,5
127488,127492,127496,4,4
127488,127495,127496,1,7
127488,127495,127496,1,7
127488,127495,127497,2,7
127488,127495,127497,2,7
127488,127495,127497,2,7
127488,127496,127497,1,8
127488,127496,127497,1,8
127488,127496,127497,1,8
127488,127496,127497,1,8
127488,127496,127497,1,8
127488,127496,127498,2,8
127488,127496,127498,2,8
127488,127497,127498,1,9
127488,127496,127498,2,8
127488,127497,127498,1,9
127488,127497,127498,1,9
127488,127497,127498,1,9
127488,127494,127499,5,6
127488,127498,127499,1,10
127488,127498,127499,1,10
127488,127496,127499,3,8
127488,127498,127499,1,10
127023,127036,127506,470,13
127029,127045,127518,473,16
127522,127522,127523,1,0
127522,127522,127523,1,0
127522,127522,127523,1,0
127522,127522,127523,1,0
127522,127522,127523,1,0
127522,127522,127523,1,0
127522,127522,127523,1,0
127522,127522,127523,1,0
127522,127522,127523,1,0
127522,127522,127524,2,0
127522,127522,127524,2,0
127522,127522,127524,2,0
127522,127522,127524,2,0
127522,127523,127524,1,1
127522,127522,127523,1,0
127522,127523,127524,1,1
127522,127523,127525,2,1
127522,127522,127524,2,0
127522,127523,127524,1,1
127522,127523,127524,1,1
127522,127522,127524,2,0
127522,127523,127525,2,1
127522,127524,127525,1,2
127522,127525,127526,1,3
127522,127525,127526,1,3
127522,127524,127525,1,2
127522,127524,127525,1,2
127522,127524,127525,1,2
127522,127525,127526,1,3
127522,127524,127526,2,2
127522,127524,127526,2,2
127522,127524,127526,2,2
127522,127524,127526,2,2
127522,127525,127526,1,3
127522,127525,127526,1,3
127522,127525,127526,1,3
127522,127525,127526,1,3
127522,127525,127526,1,3
127522,127526,127527,1,4
127522,127527,127528,1,5
127522,127526,127527,1,4
127522,127526,127527,1,4
127522,127527,127528,1,5
127522,127527,127528,1,5
127522,127527,127528,1,5
127522,127528,127529,1,6
127522,127528,127529,1,6
127522,127528,127529,1,6
127522,127529,127530,1,7
127522,127528,127530,2,6
127522,127529,127530,1,7
127522,127529,127530,1,7
127522,127529,127530,1,7
127522,127529,127530,1,7
127524,127530,127531,1,6
127522,127530,127531,1,8
127524,127530,127531,1,6
127524,127530,127531,1,6
127524,127530,127531,1,6
127524,127530,127531,1,6
127524,127530,127531,1,6
127524,127530,127531,1,6
127524,127530,127531,1,6
127524,127531,127532,1,7
127524,127531,127532,1,7
127524,127531,127532,1,7
127524,127530,127531,1,6
127524,127531,127532,1,7
127524,127530,127531,1,6
127524,127531,127532,1,7
127524,127531,127532,1,7
127524,127532,127533,1,8
127524,127532,127533,1,8
127524,127531,127533,2,7
127524,127531,127533,2,7
127524,127531,127532,1,7
127524,127531,127533,2,7
127524,127531,127533,2,7
127524,127531,127532,1,7
127524,127531,127532,1,7
127524,127532,127533,1,8
127524,127531,127532,1,7
127524,127531,127532,1,7
127524,127532,127533,1,8
127524,127533,127534,1,9
127524,127533,127534,1,9
127524,127532,127534,2,8
127524,127533,127534,1,9
127524,127533,127534,1,9
127524,127533,127534,1,9
127524,127532,127533,1,8
127524,127533,127534,1,9
127524,127533,127534,1,9
127524,127533,127534,1,9
127524,127533,127534,1,9
127524,127533,127534,1,9
127524,127533,127534,1,9
127524,127533,127535,2,9
127524,127533,127534,1,9
127524,127533,127534,1,9
127524,127534,127535,1,10
127524,127534,127535,1,10
127524,127534,127535,1,10
127524,127534,127535,1,10
127524,127534,127535,1,10
127524,127534,127535,1,10
127524,127534,127535,1,10
127524,127535,127536,1,11
127524,127535,127536,1,11
127524,127535,127536,1,11
127524,127535,127536,1,11
127524,127535,127536,1,11
127524,127535,127536,1,11
127524,127535,127536,1,11
127524,127535,127536,1,11
127524,127535,127536,1,11
127524,127535,127536,1,11
127524,127535,127536,1,11
127524,127535,127536,1,11
127524,127535,127536,1,11
127524,127536,127537,1,12
127524,127536,127537,1,12
127524,127536,127537,1,12
127524,127536,127537,1,12
127524,127536,127537,1,12
127524,127535,127536,1,11
127524,127535,127536,1,11
127524,127536,127537,1,12
127524,127536,127537,1,12
127524,127536,127537,1,12
127524,127537,127538,1,13
127524,127536,127538,2,12
127524,127536,127538,2,12
127524,127537,127538,1,13
127524,127537,127538,1,13
127524,127537,127538,1,13
127524,127537,127538,1,13
127524,127537,127538,1,13
127524,127537,127539,2,13
127524,127537,127538,1,13
126820,126827,127540,713,7
127544,127544,127545,1,0
127544,127544,127545,1,0
127544,127544,127545,1,0
127544,127544,127545,1,0
127544,127544,127545,1,0
127544,127544,127545,1,0
127544,127544,127545,1,0
127544,127544,127545,1,0
127544,127544,127545,1,0
127544,127544,127545,1,0
127544,127544,127545,1,0
127544,127544,127545,1,0
127544,127544,127545,1,0
127544,127544,127546,2,0
127544,127544,127546,2,0
127544,127544,127545,1,0
127544,127545,127546,1,1
127544,127545,127547,2,1
127544,127545,127547,2,1
127544,127545,127547,2,1
127544,127545,127547,2,1
127544,127545,127547,2,1
127544,127545,127547,2,1
127544,127546,127547,1,2
127544,127545,127547,2,1
127544,127546,127547,1,2
127544,127546,127548,2,2
127544,127546,127548,2,2
127544,127545,127548,3,1
127544,127547,127548,1,3
127544,127547,127548,1,3
127544,127545,127548,3,1
127544,127547,127549,2,3
127544,127548,127549,1,4
127544,127548,127549,1,4
127544,127548,127549,1,4
127544,127548,127549,1,4
127544,127547,127549,2,3
127544,127548,127550,2,4
127544,127548,127549,1,4
127544,127548,127550,2,4
127544,127548,127550,2,4
127544,127548,127550,2,4
127544,127549,127550,1,5
127544,127549,127551,2,5
127544,127549,127551,2,5
127544,127549,127551,2,5
127544,127549,127551,2,5
127544,127550,127551,1,6
127544,127550,127551,1,6
127544,127549,127551,2,5
127544,127550,127551,1,6
127544,127550,127551,1,6
127544,127550,127551,1,6
127544,127550,127551,1,6
127544,127552,127553,1,8
127544,127551,127552,1,7
127544,127551,127552,1,7
127544,127552,127553,1,8
127544,127552,127553,1,8
127544,127552,127553,1,8
127544,127550,127552,2,6
127544,127551,127552,1,7
127544,127551,127552,1,7
127544,127551,127552,1,7
127544,127550,127552,2,6
127544,127552,127553,1,8
127544,127552,127553,1,8
127544,127552,127553,1,8
127544,127553,127554,1,9
127544,127553,127554,1,9
127544,127553,127554,1,9
127544,127552,127553,1,8
127544,127553,127554,1,9
127544,127552,127553,1,8
127544,127552,127553,1,8
127544,127553,127554,1,9
127544,127553,127554,1,9
127544,127553,127554,1,9
127544,127554,127555,1,10
127544,127554,127555,1,10
127544,127554,127555,1,10
127544,127554,127555,1,10
127544,127553,127554,1,9
127544,127553,127554,1,9
127544,127554,127555,1,10
127544,127553,127554,1,9
127544,127554,127555,1,10
127544,127554,127555,1,10
127544,127554,127555,1,10
127544,127554,127555,1,10
127544,127554,127555,1,10
127544,127555,127556,1,11
127544,127554,127556,2,10
126886,126898,127583,685,12
127585,127585,127586,1,0
127585,127585,127586,1,0
127585,127585,127586,1,0
127585,127585,127586,1,0
127585,127585,127586,1,0
127585,127585,127587,2,0
127585,127585,127586,1,0
127585,127585,127586,1,0
127585,127585,127586,1,0
127585,127586,127587,1,1
127585,127585,127586,1,0
127585,127585,127586,1,0
127585,127586,127587,1,1
127585,127586,127587,1,1
127585,127586,127587,1,1
127585,127586,127587,1,1
127585,127586,127588,2,1
127585,127586,127587,1,1
127585,127586,127587,1,1
127585,127586,127587,1,1
127585,127587,127589,2,2
127585,127587,127589,2,2
127585,127586,127588,2,1
127585,127587,127588,1,2
127585,127586,127588,2,1
127585,127587,127588,1,2
127585,127587,127589,2,2
127585,127588,127589,1,3
127585,127588,127589,1,3
127585,127587,127589,2,2
127585,127588,127590,2,3
127585,127587,127589,2,2
127585,127588,127589,1,3
127585,127589,127590,1,4
127585,127588,127590,2,3
127585,127588,127589,1,3
127585,127588,127589,1,3
127585,127588,127589,1,3
127585,127589,127590,1,4
127585,127590,127591,1,5
127585,127589,127590,1,4
127585,127589,127590,1,4
127585,127589,127591,2,4
127585,127589,127590,1,4
127585,127590,127591,1,5
127585,127590,127591,1,5
127585,127590,127591,1,5
127585,127590,127591,1,5
127585,127590,127591,1,5
127585,127590,127591,1,5
127585,127590,127591,1,5
127585,127590,127591,1,5
127585,127590,127592,2,5
127585,127590,127592,2,5
127585,127590,127591,1,5
127585,127590,127591,1,5
127585,127591,127592,1,6
127585,127591,127592,1,6
127585,127591,127592,1,6
127585,127591,127592,1,6
127585,127591,127592,1,6
127585,127591,127592,1,6
127585,127591,127592,1,6
127585,127592,127593,1,7
127585,127591,127592,1,6
127585,127591,127592,1,6
127585,127591,127592,1,6
127585,127591,127592,1,6
127585,127592,127593,1,7
127585,127592,127593,1,7
127585,127592,127593,1,7
127585,127592,127593,1,7
127585,127593,127594,1,8
127585,127593,127594,1,8
127585,127592,127593,1,7
127585,127593,127594,1,8
127585,127593,127594,1,8
127585,127592,127594,2,7
127585,127593,127594,1,8
127585,127593,127594,1,8
127585,127593,127594,1,8
127585,127593,127594,1,8
127585,127593,127594,1,8
127585,127592,127594,2,7
127585,127594,127595,1,9
127585,127594,127595,1,9
127098,127103,127598,495,5
127615,127615,127616,1,0
127615,127615,127616,1,0
127615,127615,127616,1,0
127615,127615,127616,1,0
127615,127615,127616,1,0
127615,127615,127616,1,0
127615,127615,127616,1,0
127615,127615,127616,1,0
127615,127615,127616,1,0
127615,127615,127616,1,0
127615,127616,127617,1,1
127615,127616,127617,1,1
127615,127616,127617,1,1
127615,127615,127616,1,0
127615,127616,127617,1,1
127615,127616,127617,1,1
127615,127617,127618,1,2
127615,127617,127618,1,2
127615,127616,127617,1,1
127615,127617,127618,1,2
127615,127616,127617,1,1
127615,127616,127617,1,1
127615,127616,127617,1,1
127615,127617,127618,1,2
127615,127617,127618,1,2
127615,127617,127618,1,2
127615,127617,127619,2,2
127615,127617,127619,2,2
127615,127617,127618,1,2
127615,127617,127618,1,2
127615,127618,127619,1,3
127615,127618,127619,1,3
127615,127618,127619,1,3
127615,127618,127619,1,3
127615,127618,127619,1,3
127615,127618,127619,1,3
127615,127618,127619,1,3
126883,126889,127619,730,6
127615,127619,127620,1,4
127615,127617,127619,2,2
127615,127619,127620,1,4
127615,127618,127619,1,3
127615,127618,127619,1,3
127615,127619,127620,1,4
127615,127619,127620,1,4
127615,127619,127620,1,4
127615,127619,127620,1,4
127615,127619,127620,1,4
127615,127619,127620,1,4
127615,127619,127620,1,4
127615,127619,127620,1,4
127615,127618,127619,1,3
127615,127619,127620,1,4
127615,127619,127620,1,4
127615,127619,127620,1,4
127615,127620,127621,1,5
127615,127620,127621,1,5
127615,127620,127621,1,5
127615,127620,127621,1,5
127615,127620,127621,1,5
127615,127620,127621,1,5
127615,127620,127621,1,5
127615,127620,127621,1,5
127615,127620,127621,1,5
127615,127620,127621,1,5
127615,127620,127621,1,5
127615,127620,127621,1,5
127615,127620,127621,1,5
127615,127620,127621,1,5
127615,127621,127622,1,6
127615,127621,127622,1,6
127615,127621,127622,1,6
127615,127620,127621,1,5
127615,127620,127622,2,5
127615,127620,127621,1,5
127615,127620,127621,1,5
127615,127621,127622,1,6
127615,127621,127622,1,6
127615,127621,127622,1,6
127615,127621,127622,1,6
127615,127621,127622,1,6
127615,127621,127622,1,6
127615,127621,127622,1,6
127615,127622,127623,1,7
127615,127622,127623,1,7
127615,127622,127623,1,7
127615,127622,127623,1,7
127615,127622,127623,1,7
127615,127622,127623,1,7
127615,127622,127623,1,7
127615,127622,127623,1,7
127615,127622,127623,1,7
127615,127622,127623,1,7
127620,127622,127623,1,2
127620,127622,127623,1,2
127620,127623,127624,1,3
127620,127623,127624,1,3
127620,127623,127624,1,3
127620,127623,127624,1,3
127615,127622,127623,1,7
127620,127623,127624,1,3
127620,127623,127624,1,3
127620,127623,127625,2,3
127620,127623,127625,2,3
127620,127623,127625,2,3
127620,127623,127624,1,3
127620,127623,127624,1,3
127620,127623,127625,2,3
127620,127624,127626,2,4
127620,127624,127626,2,4
127620,127624,127626,2,4
127620,127624,127626,2,4
127620,127624,127626,2,4
127620,127624,127626,2,4
127620,127624,127626,2,4
127620,127625,127627,2,5
127620,127624,127626,2,4
127620,127624,127626,2,4
127620,127624,127626,2,4
127620,127625,127627,2,5
127620,127625,127627,2,5
127620,127625,127627,2,5
127620,127625,127627,2,5
127620,127625,127627,2,5
127620,127625,127627,2,5
127620,127626,127628,2,6
127620,127626,127628,2,6
127620,127626,127628,2,6
127620,127627,127628,1,7
127620,127627,127629,2,7
127620,127627,127628,1,7
127620,127627,127628,1,7
127620,127627,127629,2,7
127620,127627,127629,2,7
127620,127627,127629,2,7
127620,127627,127629,2,7
127620,127627,127629,2,7
127620,127627,127629,2,7
127620,127628,127629,1,8
127620,127629,127630,1,9
127620,127629,127630,1,9
127620,127629,127630,1,9
127620,127629,127630,1,9
127620,127628,127630,2,8
127620,127629,127630,1,9
127620,127628,127629,1,8
127620,127629,127630,1,9
127620,127630,127631,1,10
127620,127630,127631,1,10
127620,127630,127631,1,10
127620,127630,127631,1,10
127620,127629,127631,2,9
127620,127630,127631,1,10
127620,127629,127631,2,9
127620,127629,127631,2,9
127620,127630,127631,1,10
127620,127630,127631,1,10
127620,127630,127631,1,10
127620,127631,127632,1,11
127620,127631,127632,1,11
127620,127631,127632,1,11
127620,127631,127632,1,11
127620,127632,127633,1,12
127620,127632,127633,1,12
127620,127631,127632,1,11
127620,127632,127633,1,12
127620,127632,127633,1,12
127620,127632,127633,1,12
127620,127632,127633,1,12
126970,126979,127672,693,9
127672,127672,127673,1,0
127672,127672,127673,1,0
127672,127672,127673,1,0
127672,127672,127673,1,0
127672,127672,127673,1,0
127672,127672,127673,1,0
127672,127672,127673,1,0
127672,127672,127674,2,0
127672,127672,127674,2,0
127672,127672,127674,2,0
127672,127672,127674,2,0
127672,127672,127673,1,0
127672,127672,127673,1,0
127672,127672,127674,2,0
127672,127672,127673,1,0
127672,127672,127673,1,0
127672,127672,127674,2,0
127672,127673,127674,1,1
127672,127673,127674,1,1
127672,127674,127675,1,2
127672,127673,127675,2,1
127672,127674,127675,1,2
127672,127673,127675,2,1
127672,127673,127674,1,1
127672,127673,127674,1,1
127672,127673,127674,1,1
127672,127675,127676,1,3
127672,127674,127675,1,2
127672,127674,127675,1,2
127672,127674,127675,1,2
127672,127675,127676,1,3
127672,127675,127676,1,3
127672,127674,127676,2,2
127672,127674,127675,1,2
127672,127675,127676,1,3
127672,127675,127676,1,3
127672,127675,127676,1,3
127672,127675,127676,1,3
127672,127676,127677,1,4
127672,127676,127677,1,4
127672,127675,127676,1,3
127672,127676,127677,1,4
127672,127675,127677,2,3
127672,127675,127676,1,3
127672,127675,127677,2,3
127672,127675,127676,1,3
127672,127676,127677,1,4
127672,127676,127678,2,4
127672,127676,127678,2,4
127672,127676,127677,1,4
127672,127677,127678,1,5
127672,127677,127678,1,5
127672,127676,127678,2,4
127672,127677,127678,1,5
127672,127677,127678,1,5
127672,127677,127678,1,5
127672,127677,127678,1,5
127672,127677,127678,1,5
127672,127678,127679,1,6
127672,127678,127679,1,6
127672,127677,127679,2,5
127672,127678,127679,1,6
127672,127678,127679,1,6
127672,127678,127679,1,6
127672,127677,127679,2,5
127672,127677,127679,2,5
127672,127677,127679,2,5
127672,127678,127679,1,6
127672,127677,127679,2,5
127672,127678,127679,1,6
127672,127679,127680,1,7
127672,127679,127680,1,7
127672,127679,127680,1,7
127672,127679,127680,1,7
127672,127679,127680,1,7
127672,127679,127680,1,7
127672,127679,127680,1,7
127672,127679,127681,2,7
127672,127680,127681,1,8
127672,127680,127681,1,8
127672,127680,127681,1,8
127672,127681,127682,1,9
127672,127681,127682,1,9
127672,127681,127682,1,9
127672,127681,127682,1,9
127196,127204,127687,483,8
127701,127701,127702,1,0
127701,127701,127702,1,0
127701,127701,127702,1,0
127701,127701,127702,1,0
127701,127701,127702,1,0
127701,127701,127702,1,0
127701,127701,127702,1,0
127701,127701,127702,1,0
127701,127701,127702,1,0
127701,127701,127702,1,0
127701,127702,127703,1,1
127701,127702,127703,1,1
127701,127702,127703,1,1
127701,127702,127703,1,1
127701,127702,127703,1,1
127701,127702,127703,1,1
127701,127702,127704,2,1
127701,127702,127703,1,1
127701,127703,127704,1,2
127701,127703,127704,1,2
127701,127702,127703,1,1
127701,127702,127703,1,1
127701,127703,127704,1,2
127701,127703,127704,1,2
127701,127703,127704,1,2
127701,127703,127704,1,2
127701,127703,127704,1,2
127701,127703,127704,1,2
127701,127703,127704,1,2
127701,127704,127705,1,3
127701,127704,127705,1,3
127701,127704,127705,1,3
127701,127704,127705,1,3
127701,127704,127705,1,3
127701,127705,127706,1,4
127701,127705,127706,1,4
127701,127704,127705,1,3
127701,127704,127705,1,3
127701,127704,127706,2,3
127701,127704,127705,1,3
127701,127705,127706,1,4
127701,127705,127706,1,4
127701,127705,127706,1,4
127701,127705,127706,1,4
127701,127705,127706,1,4
127701,127705,127706,1,4
127701,127705,127706,1,4
127701,127705,127706,1,4
127701,127706,127707,1,5
127701,127706,127707,1,5
127701,127706,127707,1,5
127701,127706,127707,1,5
127701,127706,127707,1,5
127701,127706,127707,1,5
127701,127706,127707,1,5
127701,127706,127707,1,5
127701,127706,127707,1,5
127701,127706,127707,1,5
127701,127706,127707,1,5
127701,127706,127707,1,5
127701,127706,127707,1,5
127701,127706,127707,1,5
127701,127706,127707,1,5
127701,127707,127708,1,6
127701,127707,127708,1,6
127701,127707,127708,1,6
127701,127707,127708,1,6
127701,127707,127708,1,6
127701,127707,127708,1,6
127701,127707,127708,1,6
127701,127707,127708,1,6
127701,127707,127708,1,6
127701,127707,127708,1,6
127701,127707,127708,1,6
127701,127707,127708,1,6
127701,127705,127707,2,4
127701,127708,127709,1,7
127701,127708,127709,1,7
127701,127708,127709,1,7
127701,127708,127709,1,7
127701,127708,127709,1,7
127701,127708,127709,1,7
127701,127708,127709,1,7
127701,127707,127709,2,6
127701,127708,127709,1,7
127701,127707,127711,4,6
127021,127029,127787,758,8
127789,127789,127790,1,0
127789,127789,127790,1,0
127789,127789,127790,1,0
127789,127789,127790,1,0
127789,127789,127790,1,0
127789,127789,127790,1,0
127789,127789,127790,1,0
127789,127789,127790,1,0
127789,127789,127790,1,0
127789,127789,127790,1,0
127789,127789,127790,1,0
127789,127789,127790,1,0
127789,127789,127790,1,0
127789,127789,127790,1,0
127789,127789,127790,1,0
127789,127790,127791,1,1
127789,127790,127791,1,1
127789,127790,127791,1,1
127789,127790,127791,1,1
127789,127791,127793,2,2
127789,127791,127793,2,2
127789,127791,127792,1,2
127789,127791,127792,1,2
127789,127791,127792,1,2
127789,127791,127792,1,2
127789,127792,127793,1,3
127789,127791,127792,1,2
127789,127791,127792,1,2
127789,127791,127793,2,2
127789,127791,127793,2,2
127789,127791,127793,2,2
127789,127792,127793,1,3
127789,127791,127793,2,2
127789,127791,127793,2,2
127789,127793,127794,1,4
127789,127792,127793,1,3
127789,127792,127793,1,3
127789,127793,127794,1,4
127789,127793,127794,1,4
127789,127793,127794,1,4
127789,127793,127794,1,4
127789,127794,127795,1,5
127789,127793,127794,1,4
127789,127793,127794,1,4
127789,127794,127795,1,5
127789,127794,127795,1,5
127789,127793,127794,1,4
127789,127793,127794,1,4
127789,127794,127795,1,5
127789,127794,127795,1,5
127789,127794,127795,1,5
127789,127794,127795,1,5
127789,127793,127794,1,4
127789,127794,127795,1,5
127789,127795,127796,1,6
127789,127794,127795,1,5
127789,127794,127796,2,5
127789,127795,127796,1,6
127789,127795,127796,1,6
127789,127794,127795,1,5
127789,127795,127796,1,6
127789,127795,127796,1,6
127789,127794,127795,1,5
127789,127795,127796,1,6
127789,127795,127796,1,6
127789,127795,127796,1,6
127789,127795,127796,1,6
127789,127795,127796,1,6
127789,127795,127796,1,6
127789,127795,127796,1,6
127789,127795,127796,1,6
127789,127796,127797,1,7
127789,127796,127797,1,7
127789,127796,127797,1,7
127789,127796,127797,1,7
127789,127796,127797,1,7
127789,127796,127797,1,7
127789,127796,127797,1,7
127789,127796,127797,1,7
127789,127796,127797,1,7
127789,127796,127797,1,7
127789,127796,127797,1,7
127789,127796,127797,1,7
127789,127796,127797,1,7
127789,127796,127797,1,7
127789,127797,127798,1,8
127789,127797,127798,1,8
127789,127797,127798,1,8
127789,127797,127798,1,8
127789,127797,127798,1,8
127789,127797,127798,1,8
127789,127797,127798,1,8
127789,127797,127798,1,8
127789,127797,127798,1,8
127131,127137,127851,714,6
127852,127852,127853,1,0
127852,127852,127853,1,0
127852,127852,127853,1,0
127852,127852,127853,1,0
127852,127852,127853,1,0
127852,127852,127853,1,0
127852,127852,127853,1,0
127852,127852,127853,1,0
127852,127852,127853,1,0
127852,127852,127854,2,0
127852,127852,127854,2,0
127852,127852,127854,2,0
127852,127852,127853,1,0
127852,127852,127853,1,0
127852,127852,127853,1,0
127852,127853,127854,1,1
127852,127853,127854,1,1
127852,127853,127854,1,1
127852,127853,127855,2,1
127852,127853,127855,2,1
127852,127853,127855,2,1
127852,127853,127855,2,1
127852,127853,127855,2,1
127852,127853,127854,1,1
127852,127854,127855,1,2
127852,127855,127856,1,3
127852,127855,127856,1,3
127852,127855,127856,1,3
127852,127854,127855,1,2
127852,127854,127856,2,2
127852,127854,127855,1,2
127852,127854,127856,2,2
127852,127854,127855,1,2
127852,127855,127856,1,3
127852,127856,127857,1,4
127852,127856,127857,1,4
127852,127856,127857,1,4
127852,127855,127857,2,3
127852,127855,127857,2,3
127852,127855,127857,2,3
127852,127856,127857,1,4
127852,127856,127857,1,4
127852,127855,127857,2,3
127852,127856,127857,1,4
127852,127855,127856,1,3
127852,127855,127857,2,3
127852,127857,127858,1,5
127852,127857,127858,1,5
127852,127857,127858,1,5
127852,127857,127858,1,5
127852,127857,127858,1,5
127852,127856,127857,1,4
127852,127857,127858,1,5
127852,127858,127859,1,6
127852,127852,127857,5,0
127852,127858,127859,1,6
127852,127858,127859,1,6
127852,127857,127859,2,5
127852,127858,127859,1,6
127852,127858,127859,1,6
127852,127859,127860,1,7
127852,127859,127860,1,7
127852,127859,127860,1,7
127852,127859,127860,1,7
127852,127859,127860,1,7
127852,127859,127860,1,7
127852,127859,127860,1,7
127852,127859,127860,1,7
127852,127860,127861,1,8
127852,127859,127860,1,7
127852,127859,127860,1,7
127852,127860,127861,1,8
127852,127860,127861,1,8
127852,127860,127861,1,8
127852,127860,127861,1,8
127852,127860,127861,1,8
127852,127861,127862,1,9
127852,127861,127862,1,9
127852,127860,127862,2,8
127371,127383,127862,479,12
127863,127863,127864,1,0
127863,127863,127864,1,0
127863,127863,127864,1,0
127863,127863,127864,1,0
127863,127863,127864,1,0
127863,127863,127864,1,0
127863,127863,127864,1,0
127863,127863,127864,1,0
127863,127863,127864,1,0
127863,127863,127864,1,0
127863,127863,127864,1,0
127863,127863,127864,1,0
127863,127863,127864,1,0
127863,127864,127865,1,1
127863,127864,127865,1,1
127863,127864,127865,1,1
127863,127864,127865,1,1
127863,127863,127865,2,0
127863,127863,127864,1,0
127863,127864,127865,1,1
127863,127863,127864,1,0
127852,127852,127866,14,0
127863,127865,127866,1,2
127863,127865,127866,1,2
127863,127865,127866,1,2
127863,127865,127866,1,2
127863,127865,127866,1,2
127863,127865,127866,1,2
127863,127865,127866,1,2
127863,127865,127866,1,2
127863,127866,127867,1,3
127863,127866,127867,1,3
127863,127866,127867,1,3
127863,127866,127867,1,3
127863,127866,127867,1,3
127863,127866,127867,1,3
127863,127866,127867,1,3
127863,127866,127867,1,3
127863,127867,127868,1,4
127863,127866,127868,2,3
127863,127867,127868,1,4
127863,127867,127868,1,4
127863,127867,127868,1,4
127863,127867,127868,1,4
127863,127868,127869,1,5
127863,127868,127869,1,5
127863,127868,127869,1,5
127863,127866,127869,3,3
127863,127868,127869,1,5
127863,127868,127869,1,5
127863,127868,127869,1,5
127863,127868,127869,1,5
127863,127868,127869,1,5
127863,127869,127870,1,6
127863,127869,127870,1,6
127863,127869,127870,1,6
127863,127869,127870,1,6
127863,127869,127870,1,6
127863,127869,127870,1,6
127863,127869,127870,1,6
127863,127869,127870,1,6
127863,127869,127870,1,6
127863,127870,127871,1,7
127863,127869,127870,1,6
127863,127870,127871,1,7
127863,127870,127871,1,7
127863,127870,127871,1,7
127863,127870,127871,1,7
127863,127870,127871,1,7
127863,127870,127871,1,7
127863,127870,127871,1,7
127863,127870,127871,1,7
127863,127871,127872,1,8
127863,127871,127872,1,8
127863,127871,127872,1,8
127863,127871,127872,1,8
127863,127871,127872,1,8
127863,127871,127872,1,8
127863,127871,127872,1,8
127863,127871,127872,1,8
127369,127383,127887,504,14
127902,127902,127903,1,0
127902,127902,127903,1,0
127902,127902,127903,1,0
127902,127902,127903,1,0
127902,127902,127903,1,0
127902,127902,127903,1,0
127902,127902,127903,1,0
127902,127902,127903,1,0
127902,127902,127903,1,0
127902,127902,127903,1,0
127170,127178,127903,725,8
127902,127902,127903,1,0
127902,127903,127904,1,1
127902,127903,127904,1,1
127902,127902,127904,2,0
127902,127904,127905,1,2
127902,127902,127904,2,0
127902,127902,127904,2,0
127902,127904,127905,1,2
127902,127904,127905,1,2
127902,127904,127905,1,2
127902,127904,127905,1,2
127902,127905,127906,1,3
127902,127905,127906,1,3
127902,127905,127906,1,3
127902,127905,127906,1,3
127902,127906,127907,1,4
127902,127906,127907,1,4
127902,127905,127906,1,3
127902,127906,127907,1,4
127902,127906,127907,1,4
127902,127907,127908,1,5
127902,127907,127908,1,5
127902,127907,127908,1,5
127902,127907,127908,1,5
127902,127907,127908,1,5
127902,127907,127908,1,5
127902,127907,127908,1,5
127902,127907,127908,1,5
127902,127907,127908,1,5
127902,127907,127908,1,5
127902,127908,127909,1,6
127902,127908,127909,1,6
127902,127908,127909,1,6
127902,127907,127908,1,5
127902,127908,127909,1,6
127902,127908,127909,1,6
127902,127908,127909,1,6
127902,127908,127909,1,6
127902,127908,127909,1,6
127902,127909,127910,1,7
127902,127909,127910,1,7
127902,127908,127909,1,6
127904,127909,127910,1,5
127902,127908,127909,1,6
127904,127909,127910,1,5
127904,127909,127910,1,5
127904,127909,127910,1,5
127904,127909,127910,1,5
127904,127909,127910,1,5
127904,127910,127911,1,6
127904,127910,127911,1,6
127904,127910,127911,1,6
127904,127910,127911,1,6
127904,127910,127911,1,6
127904,127910,127911,1,6
127904,127910,127911,1,6
127904,127910,127911,1,6
127904,127910,127911,1,6
127904,127910,127911,1,6
127904,127911,127912,1,7
127904,127911,127912,1,7
127904,127910,127912,2,6
127904,127910,127912,2,6
127904,127910,127912,2,6
127904,127910,127912,2,6
127904,127910,127912,2,6
127904,127910,127912,2,6
127904,127912,127913,1,8
127904,127911,127913,2,7
127904,127911,127912,1,7
127904,127911,127912,1,7
127904,127912,127913,1,8
127904,127911,127912,1,7
127904,127912,127913,1,8
127904,127913,127914,1,9
127904,127913,127914,1,9
127904,127913,127914,1,9
127904,127913,127914,1,9
127904,127912,127914,2,8
127904,127912,127914,2,8
127904,127913,127914,1,9
127904,127913,127914,1,9
127904,127913,127914,1,9
127904,127913,127914,1,9
127904,127913,127914,1,9
127904,127912,127913,1,8
127904,127912,127913,1,8
127904,127912,127914,2,8
127904,127912,127913,1,8
127904,127914,127915,1,10
127904,127914,127915,1,10
127904,127913,127914,1,9
127904,127914,127915,1,10
127904,127914,127915,1,10
127904,127914,127915,1,10
127904,127914,127915,1,10
127904,127914,127915,1,10
127904,127914,127915,1,10
127904,127914,127915,1,10
127904,127914,127915,1,10
127904,127914,127915,1,10
127904,127915,127916,1,11
127904,127915,127916,1,11
127904,127915,127916,1,11
127904,127915,127916,1,11
127904,127915,127916,1,11
127904,127915,127916,1,11
127904,127915,127916,1,11
127904,127915,127916,1,11
127904,127915,127916,1,11
127904,127915,127916,1,11
127904,127915,127916,1,11
127904,127915,127916,1,11
127904,127915,127916,1,11
127904,127916,127917,1,12
127904,127916,127917,1,12
127904,127916,127917,1,12
127904,127916,127917,1,12
127904,127916,127917,1,12
127904,127916,127917,1,12
127904,127916,127917,1,12
127904,127916,127917,1,12
127904,127915,127917,2,11
127904,127915,127916,1,11
127904,127915,127916,1,11
127904,127916,127917,1,12
127904,127916,127917,1,12
127904,127916,127918,2,12
127904,127916,127917,1,12
127904,127917,127918,1,13
127904,127917,127918,1,13
127904,127917,127918,1,13
127904,127917,127918,1,13
127904,127917,127918,1,13
127904,127916,127918,2,12
127904,127917,127918,1,13
127432,127440,127921,481,8
127904,127921,127922,1,17
127925,127925,127926,1,0
127925,127925,127926,1,0
127925,127925,127926,1,0
127925,127925,127926,1,0
127925,127925,127926,1,0
127925,127925,127926,1,0
127925,127925,127926,1,0
127925,127925,127926,1,0
127925,127925,127927,2,0
127925,127925,127926,1,0
127925,127925,127926,1,0
127925,127925,127926,1,0
127925,127925,127926,1,0
127925,127925,127926,1,0
127925,127925,127927,2,0
127925,127925,127927,2,0
127925,127925,127927,2,0
127925,127926,127928,2,1
127925,127926,127927,1,1
127925,127926,127928,2,1
127925,127926,127928,2,1
127925,127926,127927,1,1
127925,127926,127928,2,1
127925,127926,127928,2,1
127925,127927,127929,2,2
127925,127926,127929,3,1
127925,127927,127929,2,2
127925,127927,127928,1,2
127925,127927,127928,1,2
127925,127928,127929,1,3
127925,127927,127929,2,2
127925,127927,127929,2,2
127925,127927,127929,2,2
127925,127928,127930,2,3
127925,127928,127929,1,3
127925,127928,127930,2,3
127925,127927,127929,2,2
127925,127928,127930,2,3
127925,127929,127930,1,4
127925,127929,127930,1,4
127925,127929,127930,1,4
127925,127928,127929,1,3
127925,127929,127931,2,4
127925,127929,127931,2,4
127925,127930,127931,1,5
127925,127930,127931,1,5
127925,127929,127931,2,4
127925,127929,127931,2,4
127925,127930,127931,1,5
127925,127930,127931,1,5
127925,127930,127931,1,5
127925,127929,127931,2,4
127925,127930,127931,1,5
127925,127930,127931,1,5
127925,127930,127932,2,5
127925,127930,127931,1,5
127925,127931,127932,1,6
127925,127931,127932,1,6
127925,127931,127932,1,6
127925,127931,127932,1,6
127925,127930,127932,2,5
127925,127931,127932,1,6
127925,127932,127933,1,7
127925,127932,127933,1,7
127925,127932,127933,1,7
127925,127931,127932,1,6
127925,127933,127934,1,8
127925,127933,127934,1,8
127925,127933,127934,1,8
127925,127933,127934,1,8
127925,127934,127935,1,9
127925,127934,127935,1,9
127925,127934,127935,1,9
127925,127934,127935,1,9
127925,127932,127937,5,7
127925,127927,127938,11,2
127925,127932,127942,10,7
127489,127499,127988,489,10
127989,127989,127990,1,0
127989,127989,127990,1,0
127989,127989,127990,1,0
127989,127989,127990,1,0
127989,127989,127991,2,0
127989,127989,127991,2,0
127989,127990,127991,1,1
127989,127990,127991,1,1
127989,127989,127991,2,0
127989,127989,127991,2,0
127989,127989,127991,2,0
127989,127990,127991,1,1
127989,127990,127991,1,1
127989,127990,127992,2,1
127989,127991,127992,1,2
127989,127991,127992,1,2
127989,127991,127992,1,2
127989,127990,127992,2,1
127989,127990,127992,2,1
127989,127991,127993,2,2
127989,127991,127993,2,2
127989,127992,127993,1,3
127989,127992,127993,1,3
127989,127992,127993,1,3
127989,127992,127994,2,3
127989,127992,127994,2,3
127989,127992,127994,2,3
127989,127992,127994,2,3
127989,127992,127994,2,3
127989,127993,127994,1,4
127989,127993,127994,1,4
127989,127993,127994,1,4
127989,127992,127994,2,3
127989,127993,127995,2,4
127989,127993,127995,2,4
127989,127993,127994,1,4
127989,127993,127995,2,4
127989,127994,127995,1,5
127989,127994,127995,1,5
127989,127995,127996,1,6
127989,127995,127996,1,6
127989,127994,127995,1,5
127989,127994,127995,1,5
127989,127995,127996,1,6
127989,127995,127997,2,6
127989,127995,127997,2,6
127989,127995,127996,1,6
127989,127996,127997,1,7
127989,127996,127997,1,7
127989,127996,127997,1,7
127989,127995,127996,1,6
127989,127996,127997,1,7
127989,127996,127997,1,7
127989,127995,127996,1,6
127989,127995,127996,1,6
127989,127995,127996,1,6
127989,127995,127996,1,6
127989,127995,127997,2,6
127989,127996,127997,1,7
127989,127997,127998,1,8
127989,127997,127998,1,8
127989,127997,127998,1,8
127989,127997,127998,1,8
127989,127997,127998,1,8
127989,127997,127998,1,8
127989,127997,127998,1,8
127989,127996,127998,2,7
127989,127997,127998,1,8
127989,127998,127999,1,9
127989,127997,127998,1,8
127989,127997,127998,1,8
127989,127998,127999,1,9
127989,127998,127999,1,9
127989,127998,127999,1,9
127989,127998,127999,1,9
127989,127998,127999,1,9
127989,127998,127999,1,9
127989,127998,127999,1,9
127989,127998,127999,1,9
127989,127999,128000,1,10
127989,127999,128000,1,10
127283,127290,128000,710,7
127989,127999,128000,1,10
127989,127999,128000,1,10
127989,127999,128000,1,10
127989,127999,128000,1,10
127989,127999,128000,1,10
127989,127999,128000,1,10
127989,127999,128000,1,10
127989,127999,128000,1,10
127989,127999,128000,1,10
127989,127999,128001,2,10
128000,128000,128001,1,0
128000,128000,128001,1,0
128000,128000,128001,1,0
128000,128000,128001,1,0
128000,128000,128001,1,0
128000,128000,128001,1,0
128000,128000,128001,1,0
128000,128000,128001,1,0
128000,128000,128001,1,0
128000,128000,128001,1,0
128000,128000,128001,1,0
128000,128000,128001,1,0
128000,128000,128001,1,0
128000,128000,128002,2,0
128000,128001,128002,1,1
128000,128001,128002,1,1
128000,128001,128002,1,1
128000,128001,128002,1,1
128000,128001,128002,1,1
128000,128001,128002,1,1
128000,128001,128002,1,1
128000,128001,128003,2,1
128000,128001,128003,2,1
128000,128001,128002,1,1
128000,128001,128002,1,1
128000,128002,128003,1,2
128000,128002,128003,1,2
128000,128002,128003,1,2
128000,128002,128003,1,2
128000,128002,128004,2,2
128000,128002,128004,2,2
128000,128002,128004,2,2
128000,128002,128004,2,2
128000,128002,128004,2,2
128000,128002,128004,2,2
128000,128002,128004,2,2
128000,128002,128004,2,2
128000,128004,128005,1,4
128000,128004,128005,1,4
128000,128003,128005,2,3
128000,128003,128005,2,3
128000,128004,128005,1,4
128000,128003,128005,2,3
128000,128004,128005,1,4
128000,128003,128005,2,3
128000,128003,128005,2,3
128000,128004,128005,1,4
128000,128005,128006,1,5
128000,128005,128006,1,5
128000,128005,128006,1,5
128000,128004,128005,1,4
128000,128005,128006,1,5
128000,128005,128006,1,5
128000,128006,128007,1,6
128000,128006,128007,1,6
128000,128006,128007,1,6
128000,128006,128007,1,6
128000,128006,128007,1,6
128000,128007,128008,1,7
128000,128007,128008,1,7
128000,128007,128008,1,7
128000,128007,128008,1,7
128000,128006,128008,2,6
128000,128007,128008,1,7
128000,128007,128008,1,7
128000,128008,128009,1,8
128000,128007,128010,3,7
127525,127538,128026,488,13
127546,127555,128029,474,9
128031,128031,128032,1,0
128031,128031,128032,1,0
128031,128031,128032,1,0
128031,128031,128032,1,0
128031,128031,128032,1,0
128031,128032,128033,1,1
128031,128031,128032,1,0
128031,128031,128032,1,0
128031,128031,128032,1,0
128031,128032,128033,1,1
128031,128031,128032,1,0
128031,128031,128033,2,0
128031,128031,128032,1,0
128031,128031,128032,1,0
128031,128032,128033,1,1
128031,128032,128033,1,1
128031,128033,128034,1,2
128031,128031,128033,2,0
128031,128032,128033,1,1
128031,128032,128033,1,1
128031,128032,128033,1,1
128031,128031,128033,2,0
128031,128032,128033,1,1
128031,128033,128034,1,2
128031,128033,128034,1,2
128031,128033,128034,1,2
128031,128033,128034,1,2
128031,128033,128035,2,2
128031,128033,128034,1,2
128031,128033,128034,1,2
128031,128033,128034,1,2
128031,128033,128034,1,2
128031,128034,128035,1,3
128031,128033,128035,2,2
128031,128034,128036,2,3
128031,128034,128036,2,3
128031,128034,128036,2,3
128031,128034,128036,2,3
128031,128033,128035,2,2
128031,128034,128036,2,3
128031,128034,128036,2,3
128031,128035,128036,1,4
128031,128035,128036,1,4
128031,128035,128036,1,4
128031,128035,128036,1,4
128031,128035,128037,2,4
128031,128036,128037,1,5
128031,128035,128036,1,4
128031,128035,128036,1,4
128031,128035,128036,1,4
128031,128036,128037,1,5
128031,128036,128037,1,5
128031,128036,128037,1,5
128031,128036,128037,1,5
128031,128037,128038,1,6
128031,128035,128037,2,4
128031,128036,128037,1,5
128031,128036,128037,1,5
128031,128036,128037,1,5
128031,128036,128037,1,5
128031,128036,128037,1,5
128031,128037,128038,1,6
128031,128036,128037,1,5
128031,128036,128037,1,5
128031,128036,128037,1,5
128031,128037,128038,1,6
128031,128037,128038,1,6
128031,128037,128038,1,6
128031,128037,128038,1,6
128031,128037,128038,1,6
128031,128037,128038,1,6
128031,128037,128038,1,6
128031,128038,128039,1,7
128031,128038,128039,1,7
128031,128038,128039,1,7
128031,128038,128039,1,7
128031,128038,128039,1,7
128031,128038,128039,1,7
128031,128038,128039,1,7
128031,128038,128039,1,7
128031,128038,128039,1,7
128031,128038,128039,1,7
128031,128038,128039,1,7
128031,128038,128039,1,7
128031,128038,128039,1,7
128031,128038,128039,1,7
128031,128039,128040,1,8
128031,128038,128039,1,7
128031,128039,128040,1,8
128031,128039,128040,1,8
128031,128039,128040,1,8
128031,128039,128040,1,8
128031,128039,128040,1,8
128031,128038,128040,2,7
128033,128039,128040,1,6
128033,128039,128040,1,6
128031,128039,128040,1,8
128033,128040,128041,1,7
128033,128040,128041,1,7
128033,128040,128041,1,7
128031,128038,128041,3,7
128033,128040,128041,1,7
128033,128040,128041,1,7
128033,128040,128041,1,7
128033,128040,128041,1,7
128033,128040,128042,2,7
128033,128041,128042,1,8
128033,128040,128042,2,7
128033,128041,128042,1,8
128033,128041,128042,1,8
128033,128041,128043,2,8
128033,128041,128043,2,8
128033,128042,128043,1,9
128033,128042,128043,1,9
128033,128042,128044,2,9
128033,128042,128043,1,9
128033,128042,128043,1,9
128033,128042,128043,1,9
128033,128042,128043,1,9
128033,128042,128043,1,9
128033,128042,128043,1,9
128033,128042,128044,2,9
128033,128043,128044,1,10
128033,128044,128045,1,11
128033,128044,128045,1,11
128033,128044,128045,1,11
128033,128044,128045,1,11
128033,128043,128045,2,10
128033,128043,128045,2,10
128033,128043,128045,2,10
128033,128044,128045,1,11
128033,128044,128045,1,11
128033,128043,128045,2,10
128033,128044,128046,2,11
128033,128044,128045,1,11
128033,128044,128045,1,11
128033,128045,128046,1,12
128033,128045,128046,1,12
128033,128045,128046,1,12
128033,128045,128046,1,12
128033,128043,128046,3,10
128033,128045,128046,1,12
128033,128043,128045,2,10
128033,128046,128047,1,13
128033,128046,128047,1,13
128033,128045,128046,1,12
128033,128045,128046,1,12
128033,128046,128047,1,13
128033,128046,128047,1,13
128033,128046,128047,1,13
128033,128045,128047,2,12
128033,128046,128047,1,13
128033,128046,128047,1,13
128033,128046,128047,1,13
128033,128046,128047,1,13
128033,128047,128048,1,14
128033,128047,128048,1,14
128033,128047,128048,1,14
128033,128047,128048,1,14
128033,128047,128048,1,14
128033,128047,128048,1,14
128033,128048,128049,1,15
128033,128048,128049,1,15
128033,128048,128049,1,15
128033,128047,128048,1,14
128033,128048,128049,1,15
128033,128048,128049,1,15
128033,128048,128049,1,15
128033,128048,128049,1,15
128033,128048,128049,1,15
128033,128048,128049,1,15
128033,128048,128049,1,15
128033,128048,128050,2,15
127341,127348,128075,727,7
128076,128076,128077,1,0
128076,128076,128077,1,0
128076,128076,128077,1,0
128076,128076,128077,1,0
128076,128076,128077,1,0
128076,128076,128077,1,0
128076,128076,128077,1,0
128076,128076,128077,1,0
128076,128076,128077,1,0
128076,128076,128077,1,0
128076,128077,128078,1,1
128076,128076,128077,1,0
128076,128076,128077,1,0
128076,128077,128078,1,1
128076,128077,128078,1,1
128076,128077,128078,1,1
128076,128077,128078,1,1
128076,128077,128078,1,1
128076,128077,128078,1,1
128076,128077,128079,2,1
128076,128077,128078,1,1
128076,128077,128078,1,1
128076,128078,128079,1,2
128076,128078,128080,2,2
128076,128078,128079,1,2
128076,128078,128079,1,2
128076,128078,128080,2,2
128076,128078,128080,2,2
128076,128079,128080,1,3
128076,128078,128080,2,2
128076,128080,128081,1,4
128076,128079,128080,1,3
128076,128079,128080,1,3
128076,128079,128080,1,3
128076,128079,128080,1,3
128076,128079,128080,1,3
128076,128079,128080,1,3
128076,128080,128081,1,4
128076,128079,128080,1,3
128076,128079,128080,1,3
128076,128080,128081,1,4
128076,128080,128081,1,4
128076,128081,128082,1,5
128076,128078,128082,4,2
128076,128080,128081,1,4
128076,128081,128082,1,5
128076,128081,128082,1,5
128076,128081,128082,1,5
128076,128081,128082,1,5
128076,128081,128082,1,5
128076,128081,128082,1,5
128076,128081,128082,1,5
128076,128081,128082,1,5
128076,128081,128082,1,5
128076,128081,128082,1,5
128076,128081,128082,1,5
128076,128081,128082,1,5
127586,127594,128082,488,8
128076,128082,128083,1,6
128076,128082,128083,1,6
128076,128082,128083,1,6
128076,128082,128083,1,6
128076,128082,128083,1,6
128076,128081,128083,2,5
128076,128082,128083,1,6
128076,128082,128083,1,6
128076,128082,128083,1,6
128076,128082,128083,1,6
128076,128082,128083,1,6
128076,128082,128083,1,6
128076,128082,128083,1,6
128076,128083,128084,1,7
128076,128083,128084,1,7
128076,128083,128084,1,7
128076,128083,128084,1,7
128076,128083,128084,1,7
128076,128083,128084,1,7
128076,128083,128084,1,7
128076,128083,128084,1,7
128076,128083,128084,1,7
128076,128083,128084,1,7
128076,128084,128085,1,8
128076,128083,128084,1,7
128076,128084,128085,1,8
128076,128084,128085,1,8
128076,128084,128085,1,8
128076,128084,128085,1,8
128083,128084,128085,1,1
128083,128084,128085,1,1
128083,128084,128085,1,1
128076,128084,128085,1,8
128076,128083,128084,1,7
128076,128083,128085,2,7
128083,128084,128085,1,1
128083,128084,128085,1,1
128083,128084,128085,1,1
128083,128085,128086,1,2
128083,128085,128086,1,2
128083,128085,128086,1,2
128083,128085,128086,1,2
128083,128085,128086,1,2
128083,128085,128086,1,2
128083,128085,128086,1,2
128083,128084,128086,2,1
128083,128085,128086,1,2
128083,128085,128086,1,2
128083,128085,128086,1,2
128083,128085,128087,2,2
128083,128086,128087,1,3
128083,128086,128087,1,3
128083,128086,128087,1,3
128083,128086,128087,1,3
128083,128086,128087,1,3
128083,128086,128088,2,3
128083,128086,128088,2,3
128083,128086,128087,1,3
128083,128086,128087,1,3
128083,128086,128088,2,3
128083,128086,128088,2,3
128083,128087,128088,1,4
128083,128087,128089,2,4
128083,128088,128089,1,5
128083,128088,128089,1,5
128083,128088,128089,1,5
128083,128088,128089,1,5
128083,128088,128089,1,5
128083,128088,128089,1,5
128083,128088,128090,2,5
128083,128087,128090,3,4
128083,128088,128090,2,5
128083,128088,128089,1,5
128083,128088,128089,1,5
128083,128089,128090,1,6
128083,128090,128091,1,7
128083,128090,128091,1,7
128083,128089,128090,1,6
128083,128088,128090,2,5
128083,128088,128090,2,5
128083,128090,128091,1,7
128083,128090,128091,1,7
128083,128091,128092,1,8
128083,128091,128092,1,8
128083,128090,128091,1,7
128083,128090,128091,1,7
128083,128090,128091,1,7
128083,128090,128091,1,7
128083,128090,128091,1,7
128083,128091,128092,1,8
128083,128090,128091,1,7
128083,128090,128092,2,7
128083,128091,128092,1,8
128083,128092,128093,1,9
128083,128092,128093,1,9
128083,128092,128093,1,9
128083,128092,128093,1,9
128083,128091,128093,2,8
128083,128092,128093,1,9
128083,128093,128094,1,10
128083,128093,128094,1,10
128083,128092,128093,1,9
128083,128093,128094,1,10
128083,128093,128094,1,10
128083,128092,128093,1,9
128083,128093,128094,1,10
128083,128093,128094,1,10
127373,127393,128095,702,20
128083,128094,128095,1,11
128083,128085,128097,12,2
128101,128101,128102,1,0
128101,128101,128102,1,0
128101,128101,128102,1,0
128101,128101,128102,1,0
128101,128101,128102,1,0
128101,128101,128102,1,0
128101,128101,128102,1,0
128101,128101,128102,1,0
128101,128101,128102,1,0
128101,128101,128103,2,0
128101,128101,128102,1,0
128101,128102,128103,1,1
128101,128101,128103,2,0
128101,128101,128103,2,0
128101,128103,128104,1,2
128101,128101,128104,3,0
128101,128102,128104,2,1
128101,128102,128103,1,1
128101,128102,128104,2,1
128101,128102,128104,2,1
128101,128102,128104,2,1
128101,128102,128104,2,1
128101,128103,128105,2,2
128101,128103,128105,2,2
128101,128103,128105,2,2
128101,128103,128105,2,2
128101,128104,128105,1,3
128101,128104,128105,1,3
128101,128103,128105,2,2
128101,128104,128106,2,3
128101,128105,128106,1,4
128101,128104,128106,2,3
128101,128105,128106,1,4
128101,128105,128106,1,4
128101,128105,128106,1,4
128101,128105,128106,1,4
128101,128105,128106,1,4
128101,128105,128106,1,4
128101,128106,128107,1,5
128101,128105,128107,2,4
128101,128105,128106,1,4
128101,128106,128107,1,5
128101,128107,128108,1,6
128101,128107,128108,1,6
128101,128107,128108,1,6
128101,128106,128107,1,5
128101,128106,128107,1,5
128101,128107,128108,1,6
128101,128107,128108,1,6
128101,128106,128108,2,5
128101,128106,128108,2,5
128101,128107,128108,1,6
128101,128107,128108,1,6
128101,128107,128108,1,6
128101,128108,128109,1,7
128101,128108,128109,1,7
128101,128107,128108,1,6
128101,128109,128110,1,8
128101,128108,128109,1,7
128101,128109,128110,1,8
128101,128109,128110,1,8
128101,128109,128110,1,8
128101,128109,128110,1,8
128101,128109,128110,1,8
128101,128110,128111,1,9
128101,128110,128111,1,9
128101,128110,128111,1,9
128101,128110,128111,1,9
128101,128110,128111,1,9
128101,128105,128111,6,4
127616,127622,128110,488,6
128101,128109,128111,2,8
128101,128111,128112,1,10
128119,128119,128120,1,0
128119,128119,128120,1,0
128119,128119,128120,1,0
128119,128119,128120,1,0
128119,128119,128120,1,0
128119,128120,128121,1,1
128119,128120,128121,1,1
128119,128120,128121,1,1
128119,128120,128121,1,1
128119,128119,128120,1,0
128119,128119,128120,1,0
128119,128119,128120,1,0
128119,128121,128122,1,2
128119,128120,128122,2,1
128119,128120,128121,1,1
128119,128120,128121,1,1
128119,128120,128121,1,1
128119,128121,128122,1,2
128119,128121,128122,1,2
128119,128120,128121,1,1
128119,128120,128122,2,1
128119,128121,128122,1,2
128119,128121,128122,1,2
128119,128121,128123,2,2
128119,128121,128122,1,2
128119,128121,128122,1,2
128119,128121,128123,2,2
128119,128122,128123,1,3
128119,128122,128124,2,3
128119,128122,128124,2,3
128119,128122,128123,1,3
128119,128122,128123,1,3
128119,128122,128123,1,3
128119,128122,128123,1,3
128119,128123,128124,1,4
128119,128122,128123,1,3
128119,128122,128123,1,3
128119,128123,128124,1,4
128119,128123,128124,1,4
128119,128124,128125,1,5
128119,128123,128124,1,4
128119,128124,128125,1,5
128119,128124,128125,1,5
128119,128124,128125,1,5
128119,128123,128124,1,4
128119,128124,128125,1,5
128119,128124,128125,1,5
128119,128123,128124,1,4
128119,128124,128125,1,5
128119,128124,128125,1,5
128119,128125,128126,1,6
128119,128125,128126,1,6
128119,128125,128126,1,6
128119,128125,128126,1,6
128119,128126,128127,1,7
128119,128126,128127,1,7
128119,128126,128127,1,7
128119,128126,128127,1,7
128119,128125,128126,1,6
128119,128126,128127,1,7
128119,128126,128127,1,7
128119,128126,128127,1,7
128119,128126,128127,1,7
128119,128125,128126,1,6
128119,128125,128126,1,6
128119,128126,128127,1,7
128119,128127,128128,1,8
128119,128127,128128,1,8
128119,128127,128128,1,8
128119,128127,128128,1,8
128119,128127,128128,1,8
128119,128127,128128,1,8
128119,128127,128128,1,8
128119,128127,128128,1,8
128119,128127,128128,1,8
128119,128127,128128,1,8
128119,128127,128128,1,8
128119,128127,128128,1,8
128119,128128,128129,1,9
127464,127475,128178,703,11
128179,128179,128180,1,0
128179,128179,128180,1,0
128179,128179,128180,1,0
128179,128179,128180,1,0
128179,128179,128180,1,0
128179,128179,128180,1,0
128179,128179,128180,1,0
128179,128179,128181,2,0
128179,128179,128181,2,0
128179,128179,128181,2,0
128179,128179,128180,1,0
128179,128179,128181,2,0
128179,128179,128181,2,0
128179,128179,128181,2,0
128179,128179,128182,3,0
128179,128180,128182,2,1
128179,128180,128182,2,1
128179,128180,128182,2,1
128179,128179,128182,3,0
128179,128180,128182,2,1
128179,128180,128182,2,1
128179,128180,128182,2,1
128179,128179,128182,3,0
128179,128181,128183,2,2
128179,128180,128183,3,1
128179,128181,128184,3,2
128179,128181,128184,3,2
128179,128181,128184,3,2
128179,128182,128184,2,3
128179,128182,128184,2,3
128179,128182,128184,2,3
128179,128183,128184,1,4
128179,128183,128184,1,4
128179,128183,128184,1,4
128179,128183,128184,1,4
128179,128183,128184,1,4
128179,128182,128185,3,3
128179,128181,128185,4,2
128179,128183,128185,2,4
128179,128184,128185,1,5
128179,128184,128185,1,5
128179,128184,128185,1,5
128179,128184,128186,2,5
128179,128184,128186,2,5
128179,128185,128186,1,6
128179,128185,128186,1,6
128179,128185,128186,1,6
128179,128185,128186,1,6
128179,128185,128186,1,6
128179,128185,128186,1,6
128179,128185,128186,1,6
128179,128185,128186,1,6
128179,128185,128187,2,6
128179,128187,128188,1,8
128179,128187,128188,1,8
128179,128186,128187,1,7
128179,128187,128188,1,8
128179,128187,128188,1,8
128179,128186,128187,1,7
128179,128186,128187,1,7
128179,128186,128187,1,7
128179,128183,128188,5,4
128179,128187,128188,1,8
128179,128186,128188,2,7
128179,128186,128188,2,7
128179,128187,128188,1,8
128179,128188,128189,1,9
128179,128188,128189,1,9
128179,128188,128189,1,9
128179,128189,128190,1,10
128179,128189,128190,1,10
128179,128189,128190,1,10
128179,128189,128190,1,10
128179,128189,128190,1,10
128179,128189,128190,1,10
128179,128189,128190,1,10
127460,127467,128190,723,7
128179,128189,128191,2,10
127702,127708,128196,488,6
128208,128208,128209,1,0
128208,128208,128209,1,0
128208,128208,128209,1,0
128208,128208,128209,1,0
128208,128208,128209,1,0
128208,128208,128209,1,0
128208,128208,128209,1,0
128208,128208,128209,1,0
128208,128208,128209,1,0
128208,128208,128210,2,0
128208,128208,128209,1,0
128208,128208,128209,1,0
128208,128208,128210,2,0
128208,128208,128210,2,0
128208,128208,128209,1,0
128208,128209,128210,1,1
128208,128209,128210,1,1
128208,128209,128210,1,1
128208,128209,128211,2,1
128208,128209,128210,1,1
128208,128209,128210,1,1
128208,128209,128211,2,1
128208,128209,128211,2,1
128208,128209,128211,2,1
128208,128209,128211,2,1
128208,128209,128210,1,1
128208,128210,128211,1,2
128208,128210,128211,1,2
128208,128211,128212,1,3
128208,128210,128212,2,2
128208,128210,128211,1,2
128208,128211,128212,1,3
128208,128210,128211,1,2
128208,128211,128212,1,3
128208,128210,128212,2,2
128208,128210,128212,2,2
128208,128212,128213,1,4
128208,128211,128212,1,3
128208,128211,128212,1,3
128208,128212,128213,1,4
128208,128211,128213,2,3
128208,128211,128212,1,3
128208,128212,128213,1,4
128208,128212,128213,1,4
128208,128211,128212,1,3
128208,128211,128212,1,3
128208,128212,128213,1,4
128208,128211,128212,1,3
128208,128211,128212,1,3
128208,128212,128213,1,4
128208,128212,128213,1,4
128208,128212,128213,1,4
128208,128213,128214,1,5
128208,128212,128213,1,4
128208,128213,128214,1,5
128208,128213,128214,1,5
128208,128213,128214,1,5
128208,128212,128213,1,4
128208,128213,128214,1,5
128208,128213,128214,1,5
128208,128213,128214,1,5
128208,128213,128214,1,5
128208,128213,128214,1,5
128208,128213,128214,1,5
128208,128213,128214,1,5
128208,128213,128214,1,5
128208,128213,128214,1,5
128208,128213,128214,1,5
128208,128213,128214,1,5
128208,128214,128215,1,6
128208,128214,128215,1,6
128208,128214,128215,1,6
128208,128214,128215,1,6
128208,128214,128215,1,6
128208,128213,128215,2,5
128208,128214,128215,1,6
128208,128214,128215,1,6
128208,128214,128215,1,6
128208,128214,128215,1,6
128208,128214,128215,1,6
128208,128215,128216,1,7
128208,128215,128216,1,7
128208,128215,128216,1,7
128208,128215,128216,1,7
128208,128215,128216,1,7
128208,128215,128216,1,7
128208,128215,128216,1,7
128208,128215,128216,1,7
128208,128216,128217,1,8
128208,128216,128217,1,8
128208,128216,128217,1,8
128208,128216,128217,1,8
128208,128215,128217,2,7
128208,128216,128217,1,8
128208,128217,128218,1,9
128208,128217,128218,1,9
128208,128216,128218,2,8
128208,128217,128218,1,9
128208,128217,128218,1,9
128208,128217,128218,1,9
128208,128217,128218,1,9
128208,128217,128218,1,9
128208,128217,128218,1,9
128208,128217,128218,1,9
128208,128217,128218,1,9
128208,128218,128219,1,10
128208,128217,128219,2,9
128208,128218,128219,1,10
128208,128218,128219,1,10
128208,128218,128219,1,10
128208,128219,128220,1,11
128208,128219,128220,1,11
128208,128219,128220,1,11
128208,128219,128220,1,11
128208,128219,128220,1,11
128208,128219,128220,1,11
128208,128219,128220,1,11
128208,128220,128221,1,12
128208,128219,128220,1,11
128208,128219,128220,1,11
128208,128219,128220,1,11
128208,128219,128220,1,11
128208,128219,128220,1,11
128208,128219,128220,1,11
128208,128220,128221,1,12
128208,128219,128220,1,11
128208,128220,128221,1,12
128208,128221,128222,1,13
128208,128221,128222,1,13
128208,128221,128222,1,13
128208,128221,128222,1,13
128208,128221,128222,1,13
128208,128221,128222,1,13
128208,128221,128222,1,13
128208,128221,128222,1,13
128208,128221,128222,1,13
128208,128221,128222,1,13
128208,128221,128222,1,13
128208,128221,128222,1,13
128208,128221,128222,1,13
128208,128222,128223,1,14
128208,128222,128223,1,14
128208,128222,128223,1,14
128208,128222,128223,1,14
128208,128222,128223,1,14
128208,128222,128223,1,14
128208,128222,128223,1,14
128208,128222,128223,1,14
128208,128222,128223,1,14
128208,128222,128223,1,14
128208,128222,128223,1,14
128208,128223,128224,1,15
128208,128223,128224,1,15
128208,128223,128224,1,15
128208,128223,128224,1,15
128208,128223,128224,1,15
128208,128223,128224,1,15
128208,128223,128224,1,15
128208,128223,128224,1,15
128208,128222,128223,1,14
128208,128222,128223,1,14
128208,128223,128224,1,15
127523,127530,128254,724,7
128256,128256,128257,1,0
128256,128256,128257,1,0
128256,128256,128257,1,0
128256,128256,128257,1,0
128256,128256,128257,1,0
128256,128256,128257,1,0
128256,128256,128257,1,0
128256,128256,128257,1,0
128256,128256,128257,1,0
128256,128256,128257,1,0
128256,128256,128257,1,0
128256,128256,128257,1,0
128256,128256,128257,1,0
128256,128257,128258,1,1
128256,128256,128257,1,0
128256,128257,128258,1,1
128256,128257,128258,1,1
128256,128257,128258,1,1
128256,128257,128258,1,1
128256,128257,128258,1,1
128256,128257,128258,1,1
128256,128256,128258,2,0
128256,128258,128259,1,2
128256,128257,128259,2,1
128256,128257,128259,2,1
128256,128257,128258,1,1
128256,128257,128258,1,1
128256,128258,128259,1,2
128256,128257,128259,2,1
128256,128257,128258,1,1
128256,128258,128259,1,2
128256,128258,128259,1,2
128256,128258,128259,1,2
128256,128258,128260,2,2
128256,128258,128259,1,2
128256,128258,128260,2,2
128256,128259,128260,1,3
128256,128259,128261,2,3
128256,128259,128261,2,3
128256,128259,128261,2,3
128256,128259,128261,2,3
128256,128259,128261,2,3
128256,128259,128261,2,3
128256,128259,128261,2,3
128256,128259,128261,2,3
128256,128260,128261,1,4
128256,128259,128261,2,3
128256,128260,128261,1,4
128256,128261,128262,1,5
128256,128260,128261,1,4
128256,128260,128261,1,4
128256,128261,128262,1,5
128256,128261,128262,1,5
128256,128261,128262,1,5
128256,128260,128262,2,4
128256,128261,128262,1,5
128256,128261,128262,1,5
128256,128262,128263,1,6
128256,128261,128263,2,5
128256,128261,128262,1,5
128256,128262,128263,1,6
128256,128262,128263,1,6
128256,128263,128264,1,7
128256,128263,128264,1,7
128256,128263,128264,1,7
128256,128263,128264,1,7
128256,128261,128264,3,5
128256,128264,128265,1,8
128256,128264,128265,1,8
128256,128264,128265,1,8
128256,128261,128262,1,5
128256,128269,128270,1,13
128256,128261,128265,4,5
127853,127861,128352,491,8
128354,128355,128356,1,1
128354,128355,128356,1,1
128354,128355,128356,1,1
128354,128356,128357,1,2
128354,128356,128357,1,2
128354,128356,128357,1,2
128354,128356,128357,1,2
128354,128356,128357,1,2
128354,128356,128357,1,2
128354,128356,128358,2,2
128354,128356,128358,2,2
128354,128357,128358,1,3
128354,128357,128358,1,3
128354,128357,128358,1,3
128354,128357,128358,1,3
128354,128357,128358,1,3
128354,128356,128358,2,2
128354,128357,128359,2,3
128354,128358,128359,1,4
128354,128358,128359,1,4
128354,128356,128359,3,2
128354,128358,128359,1,4
128354,128358,128359,1,4
128354,128358,128359,1,4
128354,128359,128360,1,5
128354,128359,128360,1,5
128354,128358,128359,1,4
128354,128359,128360,1,5
128354,128355,128360,5,1
128354,128359,128360,1,5
128354,128359,128361,2,5
128354,128359,128360,1,5
128354,128359,128360,1,5
128354,128359,128360,1,5
128354,128359,128360,1,5
128354,128360,128361,1,6
128354,128360,128361,1,6
128354,128360,128361,1,6
128354,128360,128361,1,6
128354,128360,128361,1,6
128354,128360,128361,1,6
128354,128361,128362,1,7
128354,128360,128361,1,6
128354,128361,128362,1,7
128354,128361,128362,1,7
128354,128361,128362,1,7
128354,128361,128362,1,7
128354,128361,128362,1,7
128354,128361,128362,1,7
128354,128361,128362,1,7
128354,128361,128362,1,7
128354,128362,128363,1,8
128354,128362,128363,1,8
128354,128362,128363,1,8
128354,128362,128363,1,8
128354,128361,128362,1,7
128354,128362,128363,1,8
128354,128361,128362,1,7
128354,128361,128362,1,7
128354,128362,128363,1,8
128354,128362,128363,1,8
128354,128362,128363,1,8
128354,128362,128363,1,8
128354,128362,128363,1,8
128354,128362,128363,1,8
128354,128362,128363,1,8
128354,128362,128363,1,8
128354,128363,128364,1,9
128354,128363,128364,1,9
128354,128363,128364,1,9
128354,128363,128364,1,9
128354,128363,128364,1,9
128354,128363,128364,1,9
128354,128363,128364,1,9
128354,128363,128364,1,9
128354,128362,128364,2,8
128354,128363,128364,1,9
127673,127681,128378,697,8
128381,128383,128384,1,2
128381,128382,128383,1,1
128381,128383,128384,1,2
128381,128383,128384,1,2
128381,128383,128384,1,2
128381,128383,128384,1,2
128381,128383,128384,1,2
128381,128383,128384,1,2
128381,128383,128384,1,2
128381,128383,128384,1,2
128381,128383,128384,1,2
128381,128384,128385,1,3
128381,128383,128384,1,2
128381,128384,128385,1,3
128381,128383,128384,1,2
128381,128384,128385,1,3
128381,128384,128385,1,3
128381,128384,128385,1,3
128381,128384,128385,1,3
128381,128385,128386,1,4
128381,128384,128385,1,3
128381,128385,128386,1,4
128381,128385,128386,1,4
128381,128385,128386,1,4
128381,128385,128386,1,4
128381,128384,128385,1,3
128381,128385,128386,1,4
128381,128385,128386,1,4
128381,128385,128386,1,4
128381,128385,128386,1,4
128381,128385,128386,1,4
128381,128385,128386,1,4
128381,128385,128386,1,4
128381,128386,128387,1,5
128381,128386,128387,1,5
128381,128385,128386,1,4
128381,128386,128387,1,5
128381,128385,128387,2,4
128381,128386,128387,1,5
128381,128386,128387,1,5
128381,128386,128387,1,5
128381,128386,128387,1,5
128381,128386,128387,1,5
128381,128386,128387,1,5
128381,128387,128388,1,6
128381,128387,128388,1,6
128381,128387,128388,1,6
128381,128387,128388,1,6
128381,128387,128388,1,6
128381,128387,128388,1,6
128381,128387,128388,1,6
128381,128387,128388,1,6
128381,128387,128388,1,6
128381,128387,128388,1,6
128381,128387,128388,1,6
128381,128387,128388,1,6
128381,128387,128388,1,6
128381,128387,128388,1,6
128381,128387,128388,1,6
128381,128387,128388,1,6
128381,128388,128389,1,7
128381,128388,128389,1,7
128381,128388,128389,1,7
128381,128388,128389,1,7
128381,128388,128389,1,7
128381,128388,128389,1,7
128381,128387,128388,1,6
128381,128388,128389,1,7
128381,128388,128389,1,7
128381,128388,128389,1,7
128381,128388,128389,1,7
128381,128388,128389,1,7
128381,128388,128389,1,7
128381,128388,128389,1,7
128381,128388,128389,1,7
128381,128388,128389,1,7
128381,128389,128390,1,8
128381,128389,128390,1,8
128381,128388,128390,2,7
127622,127632,128393,761,10
128408,128408,128409,1,0
128408,128408,128409,1,0
128408,128408,128409,1,0
128408,128408,128409,1,0
128408,128408,128409,1,0
128408,128408,128410,2,0
128408,128408,128410,2,0
128408,128409,128410,1,1
128408,128409,128410,1,1
128408,128408,128409,1,0
128408,128409,128410,1,1
128408,128409,128410,1,1
128408,128409,128410,1,1
128408,128409,128410,1,1
128408,128409,128410,1,1
128408,128409,128410,1,1
128408,128409,128410,1,1
128408,128408,128411,3,0
128408,128409,128410,1,1
128408,128409,128410,1,1
128408,128410,128411,1,2
128408,128410,128411,1,2
128408,128410,128411,1,2
128408,128409,128410,1,1
128408,128410,128411,1,2
128408,128410,128411,1,2
128408,128409,128410,1,1
128408,128410,128411,1,2
128408,128410,128411,1,2
128408,128410,128411,1,2
128408,128410,128411,1,2
128408,128410,128412,2,2
128408,128410,128412,2,2
128408,128411,128412,1,3
128408,128411,128412,1,3
128408,128411,128412,1,3
128408,128411,128412,1,3
128408,128410,128411,1,2
128408,128411,128412,1,3
128408,128411,128412,1,3
128408,128411,128412,1,3
128408,128411,128412,1,3
128408,128411,128412,1,3
128408,128411,128412,1,3
128408,128411,128412,1,3
128408,128411,128412,1,3
128408,128411,128412,1,3
128408,128411,128412,1,3
128408,128412,128413,1,4
128408,128412,128413,1,4
128408,128412,128413,1,4
128408,128412,128413,1,4
128408,128412,128413,1,4
128408,128412,128413,1,4
128408,128412,128413,1,4
128408,128412,128413,1,4
128408,128412,128413,1,4
128408,128412,128413,1,4
128408,128412,128413,1,4
128408,128412,128413,1,4
128408,128412,128413,1,4
128408,128412,128413,1,4
128408,128412,128414,2,4
128408,128412,128414,2,4
128408,128413,128414,1,5
128408,128413,128414,1,5
128408,128413,128414,1,5
128408,128413,128414,1,5
128408,128414,128415,1,6
128408,128414,128415,1,6
128408,128414,128415,1,6
128408,128414,128415,1,6
128408,128414,128417,3,6
128408,128414,128416,2,6
127990,127999,128471,472,9
128473,128474,128475,1,1
128473,128474,128475,1,1
128473,128474,128475,1,1
128473,128474,128475,1,1
128473,128474,128475,1,1
128473,128475,128476,1,2
128473,128474,128475,1,1
128473,128475,128476,1,2
128473,128475,128476,1,2
128473,128475,128476,1,2
128473,128475,128476,1,2
128473,128475,128476,1,2
128473,128475,128476,1,2
128473,128475,128476,1,2
128473,128475,128476,1,2
128473,128475,128476,1,2
128473,128476,128477,1,3
128473,128476,128477,1,3
128473,128475,128476,1,2
128473,128476,128477,1,3
128473,128476,128477,1,3
128473,128476,128477,1,3
128473,128476,128477,1,3
128473,128477,128478,1,4
128473,128476,128477,1,3
128473,128477,128478,1,4
128473,128476,128478,2,3
128473,128476,128478,2,3
128473,128478,128479,1,5
128473,128477,128478,1,4
128473,128477,128478,1,4
128473,128477,128478,1,4
128473,128477,128478,1,4
128473,128478,128479,1,5
128473,128478,128479,1,5
128473,128479,128480,1,6
128473,128479,128480,1,6
128473,128479,128480,1,6
128473,128479,128480,1,6
128473,128479,128480,1,6
128473,128479,128480,1,6
128473,128479,128480,1,6
128473,128479,128480,1,6
128473,128479,128480,1,6
128473,128479,128481,2,6
128473,128479,128481,2,6
128473,128480,128481,1,7
128473,128480,128481,1,7
128473,128480,128481,1,7
128473,128480,128481,1,7
128473,128480,128481,1,7
128473,128480,128481,1,7
128473,128480,128481,1,7
128473,128480,128481,1,7
128473,128480,128481,1,7
128473,128480,128481,1,7
128473,128481,128482,1,8
128473,128481,128482,1,8
128473,128481,128482,1,8
128473,128481,128482,1,8
128473,128481,128482,1,8
128473,128481,128482,1,8
128473,128481,128483,2,8
128473,128481,128483,2,8
128473,128481,128482,1,8
127790,127797,128544,747,7
128034,128048,128544,496,14
128545,128545,128546,1,0
128545,128545,128546,1,0
128545,128545,128546,1,0
128545,128545,128546,1,0
128545,128545,128546,1,0
128545,128545,128546,1,0
128545,128545,128546,1,0
128545,128545,128546,1,0
128545,128545,128546,1,0
128545,128546,128547,1,1
128545,128545,128546,1,0
128545,128546,128547,1,1
128545,128546,128547,1,1
128545,128546,128547,1,1
128545,128545,128546,1,0
128545,128545,128548,3,0
128545,128546,128547,1,1
128545,128546,128548,2,1
128545,128546,128547,1,1
128545,128547,128549,2,2
128545,128547,128549,2,2
128545,128547,128549,2,2
128545,128547,128549,2,2
128545,128547,128548,1,2
128545,128547,128548,1,2
128545,128547,128548,1,2
128545,128547,128548,1,2
128545,128547,128548,1,2
128545,128547,128548,1,2
128545,128547,128548,1,2
128545,128547,128549,2,2
128545,128547,128549,2,2
128545,128547,128549,2,2
128545,128549,128550,1,4
128545,128548,128550,2,3
128545,128548,128549,1,3
128545,128549,128550,1,4
128545,128549,128550,1,4
128545,128549,128550,1,4
128545,128549,128550,1,4
128545,128548,128550,2,3
128545,128549,128550,1,4
128545,128548,128550,2,3
128545,128549,128550,1,4
128545,128549,128551,2,4
128545,128549,128551,2,4
128545,128549,128550,1,4
128545,128549,128550,1,4
128545,128550,128551,1,5
128545,128549,128550,1,4
128545,128550,128551,1,5
128545,128549,128550,1,4
128545,128550,128551,1,5
128545,128550,128551,1,5
128545,128550,128551,1,5
128545,128550,128551,1,5
128545,128550,128551,1,5
128545,128550,128551,1,5
128545,128550,128551,1,5
128545,128550,128551,1,5
128545,128551,128552,1,6
128545,128551,128552,1,6
128545,128551,128552,1,6
128545,128550,128551,1,5
128545,128551,128552,1,6
128545,128551,128552,1,6
128545,128550,128552,2,5
128545,128551,128552,1,6
128545,128551,128552,1,6
128545,128551,128552,1,6
128545,128551,128552,1,6
128545,128551,128552,1,6
128545,128551,128552,1,6
128545,128551,128552,1,6
128545,128551,128552,1,6
128545,128551,128552,1,6
128545,128552,128553,1,7
128545,128552,128553,1,7
128545,128551,128552,1,6
128545,128552,128553,1,7
128545,128552,128553,1,7
128545,128552,128553,1,7
128545,128552,128553,1,7
128545,128552,128553,1,7
128545,128552,128553,1,7
128545,128552,128553,1,7
128545,128551,128552,1,6
128545,128552,128553,1,7
128545,128552,128553,1,7
128545,128553,128554,1,8
128545,128553,128554,1,8
128545,128553,128554,1,8
128545,128553,128554,1,8
128545,128553,128554,1,8
128545,128552,128553,1,7
128545,128553,128554,1,8
128545,128553,128554,1,8
128545,128553,128554,1,8
128545,128552,128553,1,7
128545,128553,128554,1,8
128545,128553,128554,1,8
128545,128553,128554,1,8
128545,128553,128554,1,8
128545,128554,128555,1,9
128545,128554,128555,1,9
128545,128553,128555,2,8
128545,128554,128555,1,9
128545,128555,128556,1,10
128545,128554,128556,2,9
128545,128554,128555,1,9
128545,128554,128555,1,9
128545,128554,128555,1,9
128545,128554,128555,1,9
128545,128554,128555,1,9
128545,128554,128556,2,9
128545,128555,128556,1,10
128545,128555,128556,1,10
128545,128556,128557,1,11
128545,128555,128556,1,10
128545,128556,128557,1,11
128545,128556,128557,1,11
128545,128556,128557,1,11
128545,128556,128557,1,11
128545,128556,128557,1,11
128545,128557,128558,1,12
128545,128557,128558,1,12
128545,128556,128557,1,11
128545,128557,128558,1,12
128545,128556,128557,1,11
128545,128556,128557,1,11
128545,128556,128557,1,11
128545,128557,128558,1,12
128545,128557,128558,1,12
128545,128556,128558,2,11
128545,128556,128558,2,11
128545,128557,128558,1,12
128545,128558,128559,1,13
128545,128558,128559,1,13
128545,128558,128559,1,13
128545,128558,128559,1,13
128545,128558,128559,1,13
128545,128558,128559,1,13
128545,128559,128560,1,14
128545,128559,128560,1,14
128545,128559,128560,1,14
128545,128559,128560,1,14
128545,128559,128560,1,14
128545,128558,128559,1,13
128545,128559,128560,1,14
128545,128559,128560,1,14
128545,128560,128561,1,15
128545,128560,128561,1,15
128077,128084,128571,487,7
128575,128575,128576,1,0
128575,128575,128576,1,0
128575,128575,128576,1,0
128575,128575,128576,1,0
128575,128575,128576,1,0
128575,128575,128576,1,0
128575,128575,128576,1,0
128575,128575,128576,1,0
128575,128575,128576,1,0
128575,128575,128577,2,0
128575,128575,128577,2,0
128575,128575,128577,2,0
128575,128575,128577,2,0
128575,128575,128577,2,0
128575,128575,128577,2,0
128575,128575,128577,2,0
128575,128576,128578,2,1
127864,127871,128578,707,7
128575,128577,128578,1,2
128575,128577,128578,1,2
128575,128578,128579,1,3
128575,128575,128579,4,0
128575,128578,128579,1,3
128575,128578,128579,1,3
128575,128578,128579,1,3
128575,128578,128579,1,3
128575,128578,128579,1,3
128575,128579,128580,1,4
128575,128581,128582,1,6
128575,128581,128582,1,6
128575,128581,128582,1,6
128575,128581,128582,1,6
128575,128581,128582,1,6
128575,128581,128582,1,6
128575,128580,128583,3,5
128575,128582,128583,1,7
128575,128582,128583,1,7
128575,128582,128583,1,7
128591,128591,128592,1,0
128591,128592,128593,1,1
128591,128592,128593,1,1
128591,128592,128593,1,1
128591,128592,128593,1,1
128591,128592,128593,1,1
128591,128591,128594,3,0
128591,128592,128594,2,1
128591,128592,128594,2,1
128591,128592,128593,1,1
128591,128592,128593,1,1
128591,128592,128594,2,1
128591,128592,128593,1,1
128591,128592,128594,2,1
128591,128592,128593,1,1
128591,128592,128593,1,1
128591,128592,128593,1,1
128591,128592,128593,1,1
128591,128593,128594,1,2
128591,128593,128594,1,2
128591,128593,128594,1,2
128591,128593,128595,2,2
128591,128593,128594,1,2
128591,128594,128595,1,3
128591,128595,128596,1,4
128591,128594,128596,2,3
128591,128594,128595,1,3
128591,128594,128596,2,3
128591,128594,128595,1,3
128591,128594,128596,2,3
128591,128594,128596,2,3
128591,128594,128595,1,3
128591,128594,128596,2,3
128591,128594,128596,2,3
128591,128594,128595,1,3
128591,128595,128596,1,4
128591,128595,128596,1,4
128591,128595,128596,1,4
128591,128595,128596,1,4
128591,128595,128596,1,4
128591,128596,128597,1,5
128591,128596,128597,1,5
128591,128596,128597,1,5
128591,128596,128597,1,5
128591,128596,128597,1,5
128591,128596,128597,1,5
128591,128596,128597,1,5
128591,128596,128597,1,5
128591,128596,128597,1,5
128591,128596,128597,1,5
128591,128596,128597,1,5
128591,128596,128597,1,5
128591,128597,128598,1,6
128591,128597,128598,1,6
128591,128597,128598,1,6
128591,128597,128598,1,6
128591,128597,128598,1,6
128591,128597,128598,1,6
128591,128596,128597,1,5
128591,128597,128598,1,6
128591,128596,128597,1,5
128591,128596,128597,1,5
128591,128597,128598,1,6
128591,128597,128598,1,6
128591,128597,128598,1,6
128591,128597,128598,1,6
128591,128597,128598,1,6
128591,128597,128598,1,6
128591,128598,128599,1,7
128591,128598,128599,1,7
128591,128598,128599,1,7
128591,128598,128599,1,7
128591,128598,128599,1,7
128591,128598,128599,1,7
128591,128598,128599,1,7
128591,128598,128599,1,7
128591,128598,128599,1,7
128591,128598,128599,1,7
128591,128598,128599,1,7
128591,128598,128599,1,7
128591,128598,128599,1,7
128591,128598,128599,1,7
128591,128594,128599,5,3
128591,128598,128600,2,7
128591,128598,128600,2,7
127903,127909,128611,702,6
128623,128623,128624,1,0
128623,128623,128624,1,0
128623,128623,128624,1,0
128623,128623,128624,1,0
128623,128623,128624,1,0
128623,128623,128624,1,0
128623,128623,128624,1,0
128623,128623,128624,1,0
128623,128623,128624,1,0
128623,128623,128624,1,0
128623,128623,128624,1,0
128623,128624,128625,1,1
128623,128624,128625,1,1
128623,128624,128625,1,1
128623,128624,128625,1,1
128623,128624,128626,2,1
128623,128624,128626,2,1
128623,128624,128626,2,1
128623,128624,128626,2,1
128623,128624,128625,1,1
128623,128624,128626,2,1
128623,128624,128625,1,1
128623,128624,128625,1,1
128623,128624,128625,1,1
128623,128624,128625,1,1
128623,128624,128626,2,1
128623,128625,128627,2,2
128623,128625,128627,2,2
128623,128625,128627,2,2
128623,128625,128627,2,2
128623,128625,128627,2,2
128623,128626,128627,1,3
128623,128625,128627,2,2
128623,128626,128628,2,3
128623,128626,128628,2,3
128623,128626,128628,2,3
128623,128626,128628,2,3
128623,128626,128628,2,3
128623,128626,128627,1,3
128623,128626,128628,2,3
128623,128626,128628,2,3
128623,128627,128628,1,4
128623,128627,128628,1,4
128623,128627,128628,1,4
128623,128627,128628,1,4
128623,128627,128628,1,4
128623,128626,128627,1,3
128623,128626,128627,1,3
128623,128627,128628,1,4
128623,128627,128628,1,4
128623,128628,128629,1,5
128623,128628,128629,1,5
128623,128628,128629,1,5
128623,128628,128629,1,5
128623,128628,128629,1,5
128623,128628,128629,1,5
128623,128628,128629,1,5
128623,128628,128629,1,5
128623,128628,128629,1,5
128623,128628,128629,1,5
128623,128628,128629,1,5
128623,128628,128629,1,5
128623,128628,128629,1,5
128623,128629,128630,1,6
128623,128628,128629,1,5
128623,128629,128630,1,6
128623,128629,128630,1,6
128623,128629,128630,1,6
128623,128629,128630,1,6
128623,128629,128630,1,6
128623,128629,128630,1,6
128623,128628,128629,1,5
128623,128629,128630,1,6
128623,128628,128629,1,5
128623,128629,128630,1,6
128623,128629,128630,1,6
128623,128630,128631,1,7
128623,128630,128631,1,7
128623,128630,128631,1,7
128623,128631,128632,1,8
128623,128631,128632,1,8
128120,128128,128637,509,8
128651,128651,128652,1,0
128651,128651,128652,1,0
128651,128651,128652,1,0
128651,128651,128652,1,0
128651,128651,128652,1,0
128651,128651,128652,1,0
128651,128652,128653,1,1
128651,128651,128652,1,0
128651,128652,128653,1,1
128651,128652,128653,1,1
128651,128652,128653,1,1
128651,128652,128653,1,1
128651,128652,128653,1,1
128651,128652,128653,1,1
128651,128652,128653,1,1
128651,128653,128654,1,2
128651,128652,128653,1,1
128651,128653,128654,1,2
128651,128653,128654,1,2
128651,128653,128654,1,2
128651,128653,128654,1,2
128651,128653,128654,1,2
128651,128653,128654,1,2
128651,128653,128654,1,2
128651,128653,128655,2,2
128651,128653,128654,1,2
128651,128654,128655,1,3
128651,128653,128655,2,2
128651,128654,128656,2,3
128651,128654,128656,2,3
128651,128654,128655,1,3
128651,128654,128655,1,3
128651,128654,128655,1,3
128651,128655,128656,1,4
128651,128655,128656,1,4
128651,128655,128656,1,4
128651,128654,128655,1,3
128651,128654,128655,1,3
128651,128656,128657,1,5
128651,128655,128656,1,4
128651,128655,128656,1,4
128651,128656,128657,1,5
128651,128656,128657,1,5
128651,128656,128657,1,5
128651,128656,128657,1,5
128651,128655,128656,1,4
128651,128656,128657,1,5
128651,128655,128656,1,4
128651,128656,128657,1,5
128651,128656,128657,1,5
128651,128657,128658,1,6
128651,128655,128657,2,4
128651,128657,128658,1,6
128651,128657,128658,1,6
128651,128657,128658,1,6
128651,128657,128658,1,6
128651,128657,128658,1,6
128651,128657,128658,1,6
128651,128657,128658,1,6
128651,128657,128658,1,6
128651,128657,128658,1,6
128651,128657,128658,1,6
128651,128657,128658,1,6
128651,128658,128659,1,7
128651,128658,128659,1,7
128651,128658,128659,1,7
128651,128658,128659,1,7
128651,128658,128659,1,7
128651,128658,128659,1,7
128651,128658,128659,1,7
128651,128658,128659,1,7
128651,128658,128659,1,7
128651,128658,128659,1,7
128651,128658,128659,1,7
128651,128658,128659,1,7
128651,128658,128659,1,7
128651,128658,128659,1,7
128651,128659,128660,1,8
128651,128658,128662,4,7
128651,128658,128665,7,7
127926,127935,128680,745,9
128681,128681,128682,1,0
128681,128681,128682,1,0
128681,128681,128682,1,0
128681,128681,128682,1,0
128681,128681,128682,1,0
128681,128681,128682,1,0
128681,128681,128682,1,0
128681,128681,128682,1,0
128681,128681,128682,1,0
128681,128681,128682,1,0
128681,128681,128682,1,0
128681,128682,128683,1,1
128681,128681,128682,1,0
128681,128682,128683,1,1
128681,128682,128683,1,1
128681,128682,128683,1,1
128681,128682,128683,1,1
128681,128682,128683,1,1
128681,128682,128683,1,1
128681,128682,128683,1,1
128681,128682,128683,1,1
128681,128682,128683,1,1
128681,128683,128684,1,2
128681,128683,128684,1,2
128681,128683,128684,1,2
128681,128683,128684,1,2
128681,128683,128684,1,2
128681,128684,128685,1,3
128681,128683,128684,1,2
128681,128684,128685,1,3
128681,128684,128685,1,3
128681,128683,128684,1,2
128681,128684,128685,1,3
128681,128684,128685,1,3
128681,128684,128685,1,3
128681,128683,128685,2,2
128681,128685,128686,1,4
128681,128684,128685,1,3
128681,128684,128685,1,3
128681,128684,128685,1,3
128681,128685,128686,1,4
128681,128685,128686,1,4
128681,128685,128686,1,4
128681,128685,128686,1,4
128681,128685,128686,1,4
128681,128685,128686,1,4
128681,128685,128686,1,4
128681,128685,128686,1,4
128681,128685,128686,1,4
128681,128685,128686,1,4
128681,128686,128687,1,5
128681,128686,128687,1,5
128681,128686,128687,1,5
128681,128686,128687,1,5
128681,128686,128687,1,5
128681,128685,128686,1,4
128681,128686,128687,1,5
128681,128686,128687,1,5
128681,128686,128687,1,5
128681,128686,128687,1,5
128681,128686,128687,1,5
128681,128686,128687,1,5
128681,128686,128687,1,5
128681,128686,128688,2,5
128681,128686,128687,1,5
128681,128687,128688,1,6
128681,128686,128687,1,5
128681,128687,128688,1,6
128681,128687,128688,1,6
128681,128687,128688,1,6
128681,128687,128688,1,6
128681,128687,128688,1,6
128681,128687,128688,1,6
128681,128687,128688,1,6
128681,128687,128688,1,6
128681,128687,128688,1,6
128681,128687,128688,1,6
128681,128688,128689,1,7
128681,128687,128688,1,6
128681,128688,128689,1,7
128681,128688,128689,1,7
128681,128688,128689,1,7
128681,128688,128689,1,7
128681,128688,128689,1,7
128681,128688,128689,1,7
128681,128688,128689,1,7
128681,128688,128689,1,7
128681,128688,128689,1,7
128681,128688,128689,1,7
128681,128688,128689,1,7
128681,128688,128689,1,7
128681,128688,128689,1,7
128681,128688,128689,1,7
128681,128688,128689,1,7
127905,127917,128713,796,12
128001,128008,128715,707,7
128715,128715,128716,1,0
128715,128715,128716,1,0
128715,128715,128716,1,0
128715,128715,128716,1,0
128715,128715,128716,1,0
128715,128715,128716,1,0
128715,128715,128716,1,0
128715,128715,128716,1,0
128715,128715,128716,1,0
128715,128715,128716,1,0
128715,128715,128716,1,0
128715,128715,128716,1,0
128715,128715,128716,1,0
128715,128716,128717,1,1
128715,128715,128717,2,0
128715,128715,128717,2,0
128715,128715,128717,2,0
128715,128716,128717,1,1
128715,128716,128717,1,1
128715,128716,128717,1,1
128715,128716,128717,1,1
128715,128716,128718,2,1
128715,128715,128717,2,0
128715,128717,128718,1,2
128715,128716,128718,2,1
128715,128717,128718,1,2
128715,128716,128718,2,1
128715,128716,128718,2,1
128715,128717,128718,1,2
128715,128716,128718,2,1
128715,128717,128718,1,2
128715,128718,128719,1,3
128715,128718,128719,1,3
128715,128718,128719,1,3
128715,128718,128719,1,3
128715,128718,128719,1,3
128715,128719,128720,1,4
128715,128718,128719,1,3
128715,128718,128719,1,3
128715,128718,128720,2,3
128715,128717,128719,2,2
128715,128718,128720,2,3
128715,128719,128720,1,4
128715,128719,128720,1,4
128715,128719,128720,1,4
128715,128719,128720,1,4
128715,128720,128721,1,5
128715,128720,128721,1,5
128715,128720,128721,1,5
128715,128720,128721,1,5
128715,128720,128721,1,5
128715,128720,128721,1,5
128715,128719,128720,1,4
128715,128718,128720,2,3
128715,128719,128720,1,4
128715,128721,128722,1,6
128715,128721,128722,1,6
128715,128721,128722,1,6
128715,128721,128722,1,6
128715,128721,128722,1,6
128715,128721,128722,1,6
128715,128720,128721,1,5
128715,128720,128721,1,5
128715,128720,128721,1,5
128715,128721,128722,1,6
128715,128721,128722,1,6
128715,128721,128722,1,6
128715,128721,128722,1,6
128715,128721,128722,1,6
128715,128721,128722,1,6
128715,128722,128723,1,7
128715,128722,128723,1,7
128715,128722,128723,1,7
128715,128721,128722,1,6
128715,128722,128723,1,7
128715,128722,128723,1,7
128715,128722,128723,1,7
128715,128722,128723,1,7
128715,128722,128723,1,7
128715,128721,128722,1,6
128715,128722,128723,1,7
128715,128722,128723,1,7
128715,128722,128723,1,7
128715,128723,128724,1,8
128715,128723,128724,1,8
128715,128723,128724,1,8
128715,128723,128724,1,8
128715,128723,128724,1,8
128715,128723,128724,1,8
128715,128723,128724,1,8
128715,128723,128724,1,8
128715,128723,128724,1,8
128715,128723,128724,1,8
128715,128723,128724,1,8
128717,128724,128725,1,7
128717,128724,128725,1,7
128717,128724,128725,1,7
128717,128724,128725,1,7
128717,128724,128725,1,7
128717,128724,128725,1,7
128717,128724,128725,1,7
128717,128724,128725,1,7
128717,128725,128726,1,8
128717,128724,128725,1,7
128717,128724,128725,1,7
128717,128724,128725,1,7
128717,128723,128726,3,6
128717,128725,128726,1,8
128717,128725,128726,1,8
128717,128725,128726,1,8
128717,128725,128726,1,8
128717,128725,128726,1,8
128717,128725,128726,1,8
128717,128725,128726,1,8
128717,128725,128726,1,8
128717,128725,128726,1,8
128717,128725,128727,2,8
128717,128725,128727,2,8
128717,128726,128727,1,9
128717,128726,128727,1,9
128717,128727,128728,1,10
128717,128727,128728,1,10
128717,128726,128728,2,9
128717,128726,128728,2,9
128717,128726,128728,2,9
128717,128727,128728,1,10
128717,128727,128728,1,10
128717,128727,128728,1,10
128717,128727,128728,1,10
128717,128727,128728,1,10
128717,128727,128728,1,10
128717,128727,128728,1,10
128717,128727,128728,1,10
128717,128728,128729,1,11
128717,128728,128729,1,11
128717,128728,128729,1,11
128717,128727,128729,2,10
128717,128727,128728,1,10
128717,128728,128729,1,11
128717,128728,128729,1,11
128717,128729,128730,1,12
128717,128729,128730,1,12
128717,128729,128730,1,12
128717,128729,128730,1,12
128717,128729,128730,1,12
128717,128729,128730,1,12
128717,128729,128730,1,12
128717,128729,128730,1,12
128717,128729,128730,1,12
128717,128730,128731,1,13
128717,128730,128731,1,13
128717,128730,128731,1,13
128717,128730,128731,1,13
128717,128730,128731,1,13
128717,128730,128731,1,13
128717,128730,128731,1,13
128717,128731,128732,1,14
128717,128731,128732,1,14
128717,128731,128732,1,14
128717,128731,128732,1,14
128717,128731,128732,1,14
128717,128731,128732,1,14
128717,128731,128732,1,14
128717,128734,128737,3,17
128032,128039,128750,711,7
128755,128755,128756,1,0
128755,128755,128756,1,0
128755,128755,128756,1,0
128755,128755,128756,1,0
128755,128755,128756,1,0
128755,128755,128757,2,0
128755,128756,128757,1,1
128755,128755,128756,1,0
128755,128756,128757,1,1
128755,128756,128757,1,1
128755,128756,128757,1,1
128755,128756,128757,1,1
128755,128756,128757,1,1
128755,128755,128756,1,0
128755,128757,128758,1,2
128755,128755,128758,3,0
128755,128756,128757,1,1
128755,128757,128758,1,2
128755,128757,128758,1,2
128755,128757,128758,1,2
128755,128756,128757,1,1
128755,128756,128757,1,1
128755,128756,128757,1,1
128755,128756,128757,1,1
128755,128756,128757,1,1
128755,128757,128758,1,2
128755,128757,128759,2,2
128755,128758,128759,1,3
128755,128757,128758,1,2
128755,128757,128758,1,2
128755,128757,128758,1,2
128755,128758,128759,1,3
128755,128758,128759,1,3
128755,128758,128759,1,3
128755,128757,128758,1,2
128755,128759,128760,1,4
128755,128758,128759,1,3
128755,128759,128760,1,4
128755,128759,128760,1,4
128755,128759,128760,1,4
128755,128759,128760,1,4
128755,128759,128760,1,4
128755,128759,128760,1,4
128755,128758,128759,1,3
128755,128758,128759,1,3
128755,128758,128759,1,3
128755,128758,128759,1,3
128755,128758,128759,1,3
128755,128759,128760,1,4
128755,128760,128761,1,5
128755,128760,128761,1,5
128755,128760,128761,1,5
128755,128760,128761,1,5
128755,128760,128761,1,5
128755,128760,128761,1,5
128755,128760,128761,1,5
128755,128760,128761,1,5
128755,128760,128761,1,5
128755,128760,128761,1,5
128755,128760,128761,1,5
128755,128760,128761,1,5
128755,128760,128761,1,5
128755,128760,128761,1,5
128755,128760,128761,1,5
128755,128761,128762,1,6
128755,128761,128762,1,6
128755,128761,128762,1,6
128755,128761,128762,1,6
128755,128761,128762,1,6
128755,128761,128762,1,6
128755,128761,128762,1,6
128755,128761,128762,1,6
128755,128761,128762,1,6
128755,128761,128762,1,6
128755,128761,128762,1,6
128755,128761,128762,1,6
128755,128761,128762,1,6
128755,128762,128763,1,7
128755,128761,128762,1,6
128755,128762,128763,1,7
128755,128762,128763,1,7
128755,128762,128763,1,7
128755,128762,128763,1,7
128755,128758,128765,7,3
128755,128760,128761,1,5
128755,128771,128772,1,16
128085,128094,128788,694,9
128791,128791,128792,1,0
128791,128791,128792,1,0
128791,128791,128792,1,0
128791,128791,128792,1,0
128791,128791,128792,1,0
128791,128791,128792,1,0
128791,128791,128792,1,0
128791,128791,128792,1,0
128791,128791,128792,1,0
128791,128791,128792,1,0
128791,128791,128792,1,0
128791,128791,128792,1,0
128791,128792,128793,1,1
128791,128792,128793,1,1
128791,128791,128792,1,0
128791,128791,128793,2,0
128791,128792,128793,1,1
128791,128792,128793,1,1
128791,128791,128792,1,0
128791,128791,128792,1,0
128791,128793,128794,1,2
128791,128793,128794,1,2
128791,128793,128794,1,2
128791,128792,128794,2,1
128791,128792,128793,1,1
128791,128793,128794,1,2
128791,128792,128793,1,1
128791,128793,128794,1,2
128791,128793,128794,1,2
128791,128792,128793,1,1
128791,128792,128794,2,1
128791,128793,128794,1,2
128791,128792,128793,1,1
128791,128792,128793,1,1
128791,128793,128794,1,2
128791,128794,128795,1,3
128791,128794,128795,1,3
128791,128794,128795,1,3
128791,128794,128795,1,3
128791,128794,128795,1,3
128791,128794,128795,1,3
128791,128794,128795,1,3
128791,128794,128795,1,3
128791,128794,128795,1,3
128791,128794,128795,1,3
128791,128794,128795,1,3
128791,128794,128795,1,3
128791,128794,128795,1,3
128791,128794,128795,1,3
128791,128794,128795,1,3
128791,128795,128796,1,4
128791,128793,128796,3,2
128791,128796,128797,1,5
128791,128796,128797,1,5
128791,128797,128798,1,6
128791,128797,128798,1,6
128791,128797,128798,1,6
128791,128797,128798,1,6
128791,128797,128798,1,6
128791,128798,128799,1,7
128791,128798,128799,1,7
128791,128798,128799,1,7
128791,128791,128798,7,0
128791,128798,128799,1,7
128103,128111,128841,730,8
128356,128363,128841,478,7
128842,128842,128843,1,0
128842,128842,128843,1,0
128842,128842,128843,1,0
128842,128842,128843,1,0
128842,128842,128843,1,0
128842,128842,128843,1,0
128842,128842,128843,1,0
128842,128842,128843,1,0
128842,128842,128843,1,0
128842,128842,128843,1,0
128842,128842,128843,1,0
128842,128842,128843,1,0
128842,128842,128844,2,0
128842,128843,128844,1,1
128842,128843,128844,1,1
128842,128842,128843,1,0
128842,128842,128843,1,0
128842,128843,128844,1,1
128842,128842,128843,1,0
128842,128842,128845,3,0
128842,128842,128844,2,0
128842,128843,128845,2,1
128842,128843,128844,1,1
128842,128843,128844,1,1
128842,128843,128844,1,1
128842,128843,128845,2,1
128842,128843,128844,1,1
128842,128844,128845,1,2
128842,128844,128845,1,2
128842,128843,128845,2,1
128842,128843,128844,1,1
128842,128843,128845,2,1
128842,128844,128845,1,2
128842,128844,128845,1,2
128842,128844,128845,1,2
128842,128844,128845,1,2
128842,128845,128846,1,3
128842,128844,128845,1,2
128842,128845,128846,1,3
128842,128845,128847,2,3
128842,128845,128847,2,3
128842,128845,128847,2,3
128842,128845,128847,2,3
128842,128845,128847,2,3
128842,128845,128847,2,3
128842,128845,128847,2,3
128842,128845,128847,2,3
128842,128845,128847,2,3
128842,128845,128847,2,3
128842,128845,128847,2,3
128842,128847,128848,1,5
128842,128846,128847,1,4
128842,128847,128848,1,5
128842,128847,128848,1,5
128842,128847,128848,1,5
128842,128847,128848,1,5
128842,128847,128848,1,5
128842,128847,128848,1,5
128842,128847,128848,1,5
128842,128847,128848,1,5
128842,128848,128849,1,6
128842,128848,128849,1,6
128842,128847,128849,2,5
128842,128848,128849,1,6
128842,128848,128849,1,6
128842,128848,128849,1,6
128842,128848,128849,1,6
128842,128848,128849,1,6
128842,128849,128850,1,7
128842,128849,128850,1,7
128842,128849,128850,1,7
128842,128849,128850,1,7
128842,128849,128850,1,7
128842,128850,128851,1,8
128842,128849,128850,1,7
128842,128849,128850,1,7
128842,128850,128851,1,8
128842,128850,128851,1,8
128842,128850,128851,1,8
128842,128850,128851,1,8
128842,128850,128851,1,8
128842,128850,128851,1,8
128842,128851,128852,1,9
128842,128852,128853,1,10
128842,128851,128853,2,9
128842,128851,128852,1,9
128842,128851,128852,1,9
128842,128851,128852,1,9
128842,128851,128853,2,9
128842,128851,128853,2,9
128842,128851,128853,2,9
128842,128851,128853,2,9
128842,128851,128853,2,9
128842,128851,128853,2,9
128842,128851,128853,2,9
128842,128852,128853,1,10
128842,128852,128853,1,10
128842,128852,128853,1,10
128842,128852,128853,1,10
128842,128851,128853,2,9
128842,128853,128854,1,11
128842,128854,128855,1,12
128842,128853,128854,1,11
128842,128853,128854,1,11
128842,128853,128854,1,11
128842,128853,128854,1,11
128842,128853,128854,1,11
128842,128853,128855,2,11
128842,128853,128855,2,11
128842,128853,128855,2,11
128842,128853,128854,1,11
128842,128853,128854,1,11
128842,128853,128855,2,11
128842,128854,128855,1,12
128842,128854,128855,1,12
128842,128854,128855,1,12
128842,128854,128855,1,12
128842,128855,128856,1,13
128842,128855,128856,1,13
128842,128854,128855,1,12
128842,128855,128856,1,13
128842,128855,128856,1,13
128842,128855,128856,1,13
128842,128855,128856,1,13
128842,128855,128856,1,13
128842,128855,128856,1,13
128842,128855,128856,1,13
128842,128855,128856,1,13
128842,128855,128856,1,13
128842,128855,128856,1,13
128842,128856,128857,1,14
128842,128856,128857,1,14
128842,128856,128857,1,14
128842,128856,128857,1,14
128842,128856,128857,1,14
128842,128856,128857,1,14
128842,128856,128857,1,14
128842,128857,128858,1,15
128842,128857,128858,1,15
128842,128857,128858,1,15
128842,128857,128858,1,15
128842,128857,128858,1,15
128842,128857,128858,1,15
128842,128858,128859,1,16
128842,128858,128859,1,16
128842,128858,128859,1,16
128842,128858,128859,1,16
128842,128858,128859,1,16
128842,128858,128859,1,16
128842,128858,128859,1,16
128842,128858,128859,1,16
128842,128858,128859,1,16
128409,128415,128905,490,6
128906,128906,128907,1,0
128906,128906,128907,1,0
128906,128906,128907,1,0
128906,128906,128907,1,0
128906,128906,128907,1,0
128906,128906,128908,2,0
128906,128906,128908,2,0
128906,128906,128908,2,0
128906,128906,128908,2,0
128906,128906,128907,1,0
128906,128906,128907,1,0
128906,128906,128908,2,0
128906,128906,128907,1,0
128906,128906,128908,2,0
128906,128907,128908,1,1
128906,128907,128909,2,1
128906,128907,128908,1,1
128906,128907,128908,1,1
128906,128907,128909,2,1
128906,128907,128909,2,1
128906,128908,128909,1,2
128906,128908,128910,2,2
128906,128908,128910,2,2
128906,128908,128909,1,2
128906,128908,128910,2,2
128906,128909,128911,2,3
128906,128909,128910,1,3
128906,128909,128910,1,3
128906,128908,128910,2,2
128906,128908,128910,2,2
128906,128908,128910,2,2
128906,128909,128911,2,3
128906,128909,128910,1,3
128906,128909,128910,1,3
128906,128910,128911,1,4
128906,128908,128911,3,2
128906,128910,128912,2,4
128906,128909,128911,2,3
128906,128910,128912,2,4
128906,128910,128912,2,4
128906,128910,128911,1,4
128906,128911,128912,1,5
128906,128911,128912,1,5
128906,128911,128913,2,5
128906,128912,128913,1,6
128906,128908,128912,4,2
128906,128911,128912,1,5
128906,128911,128912,1,5
128906,128911,128913,2,5
128906,128911,128912,1,5
128906,128911,128913,2,5
128906,128912,128913,1,6
128906,128912,128913,1,6
128906,128912,128913,1,6
128906,128913,128914,1,7
128906,128912,128914,2,6
128906,128913,128914,1,7
128906,128913,128914,1,7
128906,128911,128913,2,5
128906,128912,128913,1,6
128906,128913,128914,1,7
128906,128912,128914,2,6
128906,128912,128914,2,6
128906,128912,128914,2,6
128906,128913,128914,1,7
128906,128913,128914,1,7
128906,128913,128914,1,7
128906,128913,128914,1,7
128906,128913,128914,1,7
128906,128914,128915,1,8
128906,128913,128915,2,7
128906,128914,128915,1,8
128906,128914,128915,1,8
128906,128914,128915,1,8
128906,128914,128915,1,8
128906,128914,128915,1,8
128906,128914,128915,1,8
128906,128914,128915,1,8
128906,128914,128915,1,8
128906,128914,128915,1,8
128906,128914,128915,1,8
128906,128914,128915,1,8
128906,128915,128916,1,9
128906,128914,128915,1,8
128906,128915,128916,1,9
128906,128915,128916,1,9
128906,128915,128916,1,9
128906,128913,128915,2,7
128906,128914,128915,1,8
128906,128915,128916,1,9
128906,128915,128916,1,9
128906,128915,128916,1,9
128906,128915,128916,1,9
128906,128915,128916,1,9
128906,128915,128916,1,9
128906,128915,128916,1,9
128211,128223,128925,702,12
128934,128934,128935,1,0
128934,128934,128935,1,0
128934,128934,128935,1,0
128934,128934,128935,1,0
128934,128934,128935,1,0
128934,128934,128935,1,0
128934,128934,128935,1,0
128934,128934,128935,1,0
128934,128934,128935,1,0
128934,128934,128936,2,0
128934,128934,128935,1,0
128934,128934,128936,2,0
128934,128934,128935,1,0
128934,128934,128935,1,0
128934,128934,128935,1,0
128934,128935,128936,1,1
128934,128935,128936,1,1
128934,128935,128936,1,1
128934,128935,128936,1,1
128934,128935,128936,1,1
128934,128934,128935,1,0
128934,128934,128935,1,0
128934,128935,128936,1,1
128934,128935,128937,2,1
128934,128936,128937,1,2
128934,128936,128937,1,2
128934,128935,128936,1,1
128934,128935,128937,2,1
128934,128936,128938,2,2
128934,128936,128938,2,2
128934,128936,128938,2,2
128934,128936,128937,1,2
128934,128936,128937,1,2
128934,128936,128937,1,2
128934,128936,128938,2,2
128934,128936,128938,2,2
128934,128936,128938,2,2
128934,128936,128938,2,2
128934,128937,128938,1,3
128934,128937,128938,1,3
128934,128937,128939,2,3
128934,128937,128939,2,3
128934,128936,128939,3,2
128934,128937,128939,2,3
128934,128937,128939,2,3
128934,128938,128940,2,4
128934,128938,128940,2,4
128934,128938,128939,1,4
128934,128938,128939,1,4
128934,128938,128939,1,4
128934,128939,128940,1,5
128934,128938,128940,2,4
128934,128939,128940,1,5
128934,128938,128940,2,4
128934,128938,128940,2,4
128934,128938,128940,2,4
128934,128938,128940,2,4
128934,128940,128941,1,6
128934,128940,128941,1,6
128934,128940,128941,1,6
128934,128939,128941,2,5
128934,128940,128941,1,6
128934,128939,128941,2,5
128934,128939,128941,2,5
128934,128939,128941,2,5
128934,128939,128941,2,5
128934,128940,128942,2,6
128934,128940,128942,2,6
128934,128941,128942,1,7
128934,128941,128942,1,7
128934,128941,128942,1,7
128934,128941,128942,1,7
128934,128941,128942,1,7
128934,128942,128943,1,8
128934,128942,128943,1,8
128934,128942,128943,1,8
128934,128942,128943,1,8
128934,128943,128944,1,9
128934,128943,128944,1,9
128474,128481,128948,467,7
128209,128223,128950,727,14
128180,128190,128951,761,10
128960,128960,128961,1,0
128960,128960,128961,1,0
128960,128960,128961,1,0
128960,128960,128961,1,0
128960,128960,128961,1,0
128960,128961,128962,1,1
128960,128960,128961,1,0
128960,128961,128962,1,1
128960,128960,128961,1,0
128960,128961,128962,1,1
128960,128961,128962,1,1
128960,128961,128962,1,1
128960,128961,128962,1,1
128960,128961,128962,1,1
128960,128960,128961,1,0
128960,128961,128962,1,1
128960,128961,128962,1,1
128960,128962,128963,1,2
128960,128962,128963,1,2
128960,128962,128963,1,2
128960,128962,128963,1,2
128960,128962,128963,1,2
128960,128962,128963,1,2
128960,128962,128963,1,2
128960,128962,128963,1,2
128960,128962,128963,1,2
128960,128962,128963,1,2
128960,128962,128963,1,2
128960,128962,128964,2,2
128960,128963,128964,1,3
128960,128963,128964,1,3
128960,128962,128963,1,2
128960,128963,128964,1,3
128960,128963,128964,1,3
128960,128962,128963,1,2
128960,128963,128964,1,3
128960,128963,128964,1,3
128960,128963,128964,1,3
128960,128963,128964,1,3
128960,128963,128964,1,3
128960,128962,128964,2,2
128960,128962,128963,1,2
128960,128963,128964,1,3
128960,128964,128965,1,4
128960,128964,128965,1,4
128960,128964,128965,1,4
128960,128964,128965,1,4
128960,128964,128965,1,4
128960,128964,128965,1,4
128960,128964,128965,1,4
128960,128963,128964,1,3
128960,128964,128965,1,4
128960,128964,128965,1,4
128960,128964,128965,1,4
128960,128964,128965,1,4
128960,128964,128965,1,4
128960,128964,128965,1,4
128960,128964,128965,1,4
128960,128964,128965,1,4
128960,128964,128965,1,4
128960,128965,128966,1,5
128960,128965,128966,1,5
128960,128965,128966,1,5
128960,128965,128966,1,5
128960,128965,128966,1,5
128960,128965,128966,1,5
128960,128965,128966,1,5
128960,128965,128966,1,5
128960,128965,128966,1,5
128960,128965,128966,1,5
128960,128965,128966,1,5
128960,128965,128966,1,5
128960,128965,128966,1,5
128960,128965,128966,1,5
128960,128965,128966,1,5
128960,128966,128967,1,6
128960,128965,128967,2,5
128960,128966,128967,1,6
128960,128966,128967,1,6
128960,128967,128968,1,7
128960,128967,128968,1,7
128960,128967,128968,1,7
128960,128967,128968,1,7
128960,128968,128969,1,8
128960,128967,128968,1,7
128960,128967,128968,1,7
128960,128968,128969,1,8
128960,128967,128969,2,7
128960,128968,128969,1,8
128960,128968,128969,1,8
128960,128968,128969,1,8
128960,128968,128969,1,8
128960,128968,128970,2,8
128960,128968,128969,1,8
128960,128968,128969,1,8
128960,128968,128969,1,8
128960,128968,128969,1,8
128960,128969,128970,1,9
128960,128967,128970,3,7
128960,128968,128970,2,8
128960,128970,128971,1,10
128960,128970,128971,1,10
128960,128970,128971,1,10
128960,128969,128970,1,9
128960,128969,128971,2,9
128960,128969,128971,2,9
128960,128969,128971,2,9
128960,128971,128972,1,11
128960,128970,128971,1,10
128960,128970,128971,1,10
128960,128970,128971,1,10
128960,128970,128971,1,10
128960,128971,128972,1,11
128960,128971,128972,1,11
128960,128970,128971,1,10
128960,128970,128971,1,10
128960,128970,128972,2,10
128960,128971,128972,1,11
128960,128971,128972,1,11
128960,128971,128972,1,11
128960,128971,128972,1,11
128960,128972,128973,1,12
128960,128972,128973,1,12
128960,128972,128973,1,12
128960,128972,128973,1,12
128960,128972,128973,1,12
128960,128972,128973,1,12
128960,128972,128973,1,12
128960,128971,128972,1,11
128960,128972,128973,1,12
128960,128972,128973,1,12
128960,128972,128973,1,12
128960,128969,128973,4,9
128960,128972,128973,1,12
128960,128972,128973,1,12
128960,128972,128973,1,12
128960,128973,128974,1,13
128960,128973,128974,1,13
128960,128973,128974,1,13
128960,128973,128974,1,13
128960,128973,128974,1,13
128960,128973,128974,1,13
128960,128974,128975,1,14
128960,128973,128974,1,13
128960,128974,128975,1,14
128960,128974,128975,1,14
128962,128974,128975,1,12
128962,128974,128975,1,12
128962,128974,128975,1,12
128962,128974,128975,1,12
128962,128974,128975,1,12
128960,128974,128975,1,14
128960,128974,128976,2,14
128962,128975,128976,1,13
128960,128974,128975,1,14
128960,128974,128975,1,14
128962,128975,128976,1,13
128962,128975,128976,1,13
128962,128975,128976,1,13
128962,128975,128976,1,13
128962,128975,128976,1,13
128962,128975,128976,1,13
128962,128975,128976,1,13
128962,128976,128977,1,14
128962,128976,128977,1,14
128962,128976,128977,1,14
128962,128976,128977,1,14
128962,128976,128977,1,14
128962,128975,128976,1,13
128962,128976,128977,1,14
128962,128976,128977,1,14
128962,128975,128977,2,13
128962,128975,128976,1,13
128962,128975,128976,1,13
128962,128975,128977,2,13
128962,128976,128977,1,14
128962,128976,128978,2,14
128962,128976,128978,2,14
128962,128976,128977,1,14
128962,128976,128977,1,14
128962,128977,128978,1,15
128962,128977,128978,1,15
128962,128977,128978,1,15
128962,128977,128978,1,15
128962,128977,128978,1,15
128962,128977,128978,1,15
128962,128976,128978,2,14
128962,128978,128979,1,16
128962,128978,128979,1,16
128962,128978,128979,1,16
128962,128978,128979,1,16
128962,128977,128978,1,15
128962,128977,128978,1,15
128962,128978,128979,1,16
128962,128978,128979,1,16
128962,128978,128979,1,16
128962,128978,128979,1,16
128962,128977,128979,2,15
128962,128977,128978,1,15
128962,128977,128979,2,15
128962,128978,128979,1,16
128962,128978,128979,1,16
128962,128978,128979,1,16
128962,128978,128979,1,16
128962,128979,128980,1,17
128962,128979,128980,1,17
128962,128979,128980,1,17
128962,128979,128980,1,17
128962,128979,128980,1,17
128962,128979,128980,1,17
128962,128979,128980,1,17
128962,128979,128980,1,17
128962,128979,128980,1,17
128962,128979,128980,1,17
128962,128979,128980,1,17
128962,128980,128981,1,18
128962,128980,128981,1,18
128962,128980,128981,1,18
128962,128980,128981,1,18
128962,128980,128981,1,18
128962,128980,128981,1,18
128962,128980,128981,1,18
128962,128980,128981,1,18
128962,128980,128981,1,18
128962,128980,128981,1,18
128962,128980,128981,1,18
128962,128980,128981,1,18
128962,128980,128981,1,18
128962,128980,128981,1,18
128962,128981,128982,1,19
128962,128981,128982,1,19
128962,128981,128982,1,19
128962,128981,128982,1,19
128962,128981,128982,1,19
128962,128981,128982,1,19
128962,128981,128982,1,19
128962,128981,128982,1,19
128962,128981,128982,1,19
128962,128981,128982,1,19
128257,128272,129057,785,15
129058,129058,129059,1,0
129058,129058,129059,1,0
129058,129058,129059,1,0
129058,129058,129059,1,0
129058,129058,129059,1,0
129058,129058,129059,1,0
129058,129058,129059,1,0
129058,129058,129059,1,0
129058,129058,129059,1,0
129058,129058,129060,2,0
129058,129058,129060,2,0
129058,129058,129060,2,0
129058,129058,129059,1,0
129058,129058,129059,1,0
129058,129058,129059,1,0
128576,128582,129061,479,6
129058,129058,129060,2,0
129058,129058,129060,2,0
129058,129059,129061,2,1
129058,129059,129060,1,1
129058,129059,129061,2,1
129058,129059,129060,1,1
129058,129059,129060,1,1
129058,129059,129061,2,1
129058,129059,129061,2,1
129058,129059,129061,2,1
129058,129059,129061,2,1
129058,129060,129062,2,2
129058,129060,129062,2,2
129058,129060,129062,2,2
129058,129060,129062,2,2
129058,129060,129062,2,2
129058,129060,129062,2,2
129058,129061,129062,1,3
129058,129061,129063,2,3
129058,129061,129063,2,3
129058,129061,129063,2,3
129058,129061,129062,1,3
129058,129061,129062,1,3
129058,129061,129063,2,3
129058,129061,129063,2,3
129058,129061,129063,2,3
129058,129061,129063,2,3
129058,129061,129063,2,3
129058,129061,129063,2,3
129058,129062,129064,2,4
129058,129062,129064,2,4
129058,129063,129064,1,5
129058,129063,129064,1,5
129058,129063,129064,1,5
129058,129062,129064,2,4
129058,129062,129064,2,4
129058,129062,129064,2,4
129058,129063,129064,1,5
129058,129063,129065,2,5
129058,129063,129064,1,5
129058,129063,129064,1,5
129058,129063,129065,2,5
129058,129062,129064,2,4
129058,129064,129065,1,6
129058,129064,129065,1,6
129058,129064,129065,1,6
129058,129064,129065,1,6
129058,129063,129064,1,5
129058,129063,129065,2,5
129058,129063,129064,1,5
129058,129063,129065,2,5
129058,129064,129065,1,6
129058,129065,129066,1,7
129058,129065,129066,1,7
129058,129065,129066,1,7
129058,129065,129066,1,7
129058,129064,129065,1,6
129058,129065,129066,1,7
129058,129064,129065,1,6
129058,129065,129066,1,7
129058,129065,129066,1,7
129058,129065,129066,1,7
129058,129065,129066,1,7
129058,129066,129067,1,8
129058,129066,129067,1,8
129058,129066,129067,1,8
129058,129066,129067,1,8
129058,129066,129067,1,8
129058,129066,129067,1,8
129058,129066,129067,1,8
129058,129066,129067,1,8
129058,129066,129067,1,8
129058,129066,129067,1,8
129062,129067,129068,1,5
129058,129066,129067,1,8
129058,129066,129067,1,8
129062,129067,129068,1,5
129062,129068,129069,1,6
129062,129068,129069,1,6
129062,129068,129069,1,6
129062,129068,129069,1,6
129062,129069,129070,1,7
129062,129068,129069,1,6
129062,129068,129069,1,6
129062,129069,129070,1,7
129062,129068,129070,2,6
129062,129068,129070,2,6
129062,129069,129070,1,7
129062,129069,129070,1,7
129062,129069,129070,1,7
129062,129069,129070,1,7
129062,129069,129070,1,7
129062,129069,129070,1,7
129062,129069,129070,1,7
129062,129068,129070,2,6
129062,129070,129071,1,8
129062,129070,129071,1,8
129062,129070,129071,1,8
129062,129070,129071,1,8
129062,129070,129071,1,8
129062,129070,129072,2,8
129062,129070,129071,1,8
129062,129070,129072,2,8
129062,129071,129072,1,9
129062,129071,129072,1,9
129062,129071,129072,1,9
129062,129071,129072,1,9
129062,129071,129072,1,9
129062,129071,129072,1,9
129062,129071,129072,1,9
129062,129071,129072,1,9
129062,129071,129072,1,9
129062,129072,129073,1,10
129062,129072,129073,1,10
129062,129073,129074,1,11
129062,129072,129073,1,10
129062,129072,129073,1,10
129062,129072,129073,1,10
129062,129072,129073,1,10
129062,129073,129074,1,11
129062,129072,129073,1,10
129062,129073,129074,1,11
129062,129072,129074,2,10
129062,129074,129075,1,12
129062,129073,129074,1,11
129062,129073,129074,1,11
129062,129073,129074,1,11
129062,129073,129074,1,11
129062,129073,129074,1,11
129062,129074,129075,1,12
129062,129073,129074,1,11
129062,129074,129075,1,12
129062,129073,129074,1,11
129062,129074,129075,1,12
129062,129074,129075,1,12
129062,129074,129075,1,12
129062,129075,129076,1,13
129062,129075,129076,1,13
129062,129075,129076,1,13
129062,129075,129076,1,13
129062,129075,129076,1,13
129062,129075,129076,1,13
129062,129075,129076,1,13
129062,129075,129076,1,13
129062,129075,129076,1,13
129062,129075,129076,1,13
129062,129076,129077,1,14
129062,129076,129077,1,14
129062,129076,129077,1,14
129062,129076,129077,1,14
129062,129075,129076,1,13
128592,128599,129100,501,7
129102,129102,129103,1,0
129102,129102,129103,1,0
129102,129102,129103,1,0
129102,129102,129103,1,0
129102,129102,129103,1,0
129102,129102,129104,2,0
129102,129102,129103,1,0
129102,129102,129103,1,0
129102,129102,129103,1,0
129102,129103,129104,1,1
129102,129103,129104,1,1
129102,129102,129104,2,0
129102,129103,129104,1,1
129102,129104,129105,1,2
129102,129103,129104,1,1
129102,129104,129105,1,2
129102,129102,129105,3,0
129102,129104,129105,1,2
129102,129104,129105,1,2
129102,129104,129105,1,2
129102,129104,129105,1,2
129102,129104,129105,1,2
129102,129104,129105,1,2
129102,129104,129105,1,2
129102,129104,129105,1,2
129102,129104,129105,1,2
129102,129105,129107,2,3
129102,129105,129106,1,3
129102,129105,129106,1,3
129102,129106,129107,1,4
129102,129106,129107,1,4
129102,129106,129107,1,4
129102,129106,129108,2,4
129102,129106,129108,2,4
129102,129106,129107,1,4
129102,129106,129107,1,4
129102,129106,129108,2,4
129102,129105,129107,2,3
129102,129106,129108,2,4
129102,129106,129107,1,4
129102,129106,129107,1,4
129102,129107,129108,1,5
129102,129107,129108,1,5
129102,129107,129108,1,5
129102,129107,129108,1,5
129102,129107,129108,1,5
129102,129108,129109,1,6
129102,129108,129109,1,6
129102,129108,129109,1,6
129102,129108,129109,1,6
129102,129108,129109,1,6
129102,129108,129109,1,6
129102,129108,129109,1,6
129102,129108,129109,1,6
129102,129107,129109,2,5
129102,129108,129109,1,6
129102,129109,129110,1,7
129102,129109,129110,1,7
129102,129109,129110,1,7
129102,129108,129109,1,6
129102,129109,129110,1,7
129102,129109,129110,1,7
129102,129109,129110,1,7
129102,129109,129110,1,7
129102,129109,129110,1,7
129102,129109,129110,1,7
129102,129109,129110,1,7
129102,129108,129110,2,6
129102,129110,129111,1,8
129102,129110,129111,1,8
129102,129110,129111,1,8
129102,129110,129111,1,8
129102,129110,129111,1,8
129102,129110,129111,1,8
129102,129110,129111,1,8
129102,129110,129111,1,8
129102,129110,129111,1,8
129102,129110,129111,1,8
129102,129110,129111,1,8
129102,129104,129107,3,2
129102,129110,129111,1,8
129102,129111,129112,1,9
129102,129108,129112,4,6
129102,129111,129115,4,9
129102,129112,129114,2,10
128383,128389,129130,741,6
129132,129132,129133,1,0
129132,129132,129133,1,0
129132,129132,129133,1,0
129132,129132,129133,1,0
129132,129132,129133,1,0
129132,129132,129133,1,0
129132,129132,129133,1,0
129132,129132,129134,2,0
129132,129133,129134,1,1
129132,129133,129134,1,1
129132,129133,129134,1,1
129132,129133,129134,1,1
129132,129133,129134,1,1
129132,129133,129134,1,1
129132,129133,129134,1,1
129132,129133,129134,1,1
129132,129134,129136,2,2
129132,129134,129136,2,2
129132,129134,129136,2,2
129132,129134,129135,1,2
129132,129134,129136,2,2
129132,129134,129136,2,2
129132,129134,129136,2,2
129132,129135,129136,1,3
129132,129135,129136,1,3
129132,129135,129136,1,3
129132,129135,129136,1,3
129132,129135,129136,1,3
129132,129135,129136,1,3
129132,129135,129136,1,3
129132,129135,129136,1,3
129132,129135,129136,1,3
129132,129136,129137,1,4
129132,129136,129137,1,4
129132,129136,129137,1,4
129132,129136,129137,1,4
129132,129137,129138,1,5
129132,129137,129138,1,5
129132,129137,129138,1,5
129132,129137,129138,1,5
129132,129137,129138,1,5
129132,129137,129138,1,5
129132,129132,129138,6,0
129132,129137,129138,1,5
129132,129137,129139,2,5
129132,129137,129138,1,5
129132,129137,129138,1,5
129132,129137,129138,1,5
129132,129138,129139,1,6
129132,129138,129139,1,6
129132,129138,129139,1,6
129132,129137,129138,1,5
129132,129137,129138,1,5
129132,129138,129139,1,6
129132,129138,129139,1,6
129132,129138,129139,1,6
129132,129139,129140,1,7
129132,129139,129140,1,7
129132,129139,129140,1,7
129132,129139,129140,1,7
129132,129139,129140,1,7
129132,129139,129140,1,7
129132,129139,129140,1,7
129132,129139,129140,1,7
129132,129139,129140,1,7
129132,129139,129140,1,7
129132,129140,129141,1,8
129132,129139,129140,1,7
129132,129140,129141,1,8
129132,129140,129141,1,8
129132,129140,129141,1,8
129132,129140,129141,1,8
129132,129140,129141,1,8
129132,129140,129141,1,8
129132,129140,129141,1,8
129132,129140,129141,1,8
129132,129140,129141,1,8
129132,129140,129141,1,8
129132,129140,129141,1,8
129132,129140,129141,1,8
129132,129141,129142,1,9
128719,128732,129227,495,13
129228,129228,129229,1,0
129228,129228,129229,1,0
129228,129228,129229,1,0
129228,129228,129229,1,0
129228,129228,129229,1,0
129228,129228,129229,1,0
129228,129228,129229,1,0
129228,129228,129229,1,0
129228,129228,129229,1,0
129228,129228,129229,1,0
129228,129228,129229,1,0
129228,129228,129229,1,0
129228,129228,129230,2,0
129228,129228,129230,2,0
129228,129228,129229,1,0
129228,129229,129230,1,1
129228,129229,129230,1,1
129228,129228,129230,2,0
129228,129228,129229,1,0
129228,129229,129230,1,1
129228,129229,129230,1,1
129228,129229,129230,1,1
129228,129229,129230,1,1
129228,129229,129230,1,1
129228,129229,129230,1,1
129228,129229,129231,2,1
129228,129229,129231,2,1
129228,129229,129231,2,1
129228,129229,129231,2,1
129228,129230,129232,2,2
129228,129230,129232,2,2
129228,129231,129232,1,3
129228,129231,129232,1,3
129228,129231,129232,1,3
129228,129231,129232,1,3
129228,129231,129232,1,3
129228,129231,129232,1,3
129228,129231,129232,1,3
129228,129231,129232,1,3
129228,129231,129232,1,3
129228,129231,129232,1,3
129228,129231,129233,2,3
129228,129232,129233,1,4
129228,129232,129233,1,4
129228,129233,129234,1,5
129228,129233,129234,1,5
129228,129232,129233,1,4
129228,129232,129233,1,4
129228,129232,129234,2,4
129228,129234,129235,1,6
129228,129233,129234,1,5
129228,129233,129234,1,5
129228,129234,129235,1,6
129228,129234,129235,1,6
129228,129233,129234,1,5
129228,129234,129235,1,6
129228,129234,129235,1,6
129228,129234,129235,1,6
129228,129234,129235,1,6
129228,129235,129236,1,7
129228,129234,129235,1,6
129228,129234,129235,1,6
129228,129235,129236,1,7
129228,129235,129236,1,7
129228,129235,129236,1,7
129228,129236,129237,1,8
129228,129236,129237,1,8
129228,129235,129236,1,7
129228,129235,129236,1,7
129228,129236,129237,1,8
129228,129236,129237,1,8
129228,129236,129237,1,8
129228,129236,129237,1,8
129228,129236,129237,1,8
129228,129236,129237,1,8
129228,129237,129238,1,9
129228,129237,129238,1,9
129228,129236,129237,1,8
129228,129236,129240,4,8
128546,128560,129258,698,14
129260,129260,129261,1,0
129260,129260,129261,1,0
129260,129260,129261,1,0
129260,129260,129261,1,0
129260,129260,129261,1,0
129260,129260,129261,1,0
129260,129260,129261,1,0
129260,129260,129261,1,0
129260,129261,129262,1,1
129260,129260,129262,2,0
129260,129260,129262,2,0
129260,129260,129261,1,0
129260,129260,129261,1,0
129260,129260,129262,2,0
129260,129260,129261,1,0
129260,129261,129263,2,1
129260,129261,129263,2,1
129260,129261,129263,2,1
129260,129261,129263,2,1
129260,129261,129263,2,1
129260,129261,129263,2,1
129260,129262,129263,1,2
129260,129262,129263,1,2
129260,129262,129263,1,2
129260,129261,129263,2,1
129260,129263,129264,1,3
129260,129262,129264,2,2
129260,129262,129264,2,2
129260,129263,129264,1,3
129260,129261,129264,3,1
129260,129263,129264,1,3
129260,129263,129265,2,3
129260,129264,129265,1,4
129260,129264,129265,1,4
129260,129264,129265,1,4
129260,129264,129265,1,4
129260,129264,129265,1,4
129260,129264,129265,1,4
129260,129264,129265,1,4
129260,129260,129266,6,0
129260,129265,129266,1,5
129260,129265,129266,1,5
129260,129265,129266,1,5
129260,129265,129266,1,5
129260,129265,129266,1,5
129260,129264,129266,2,4
129260,129266,129267,1,6
129260,129265,129267,2,5
129260,129265,129267,2,5
129260,129266,129267,1,6
129260,129266,129267,1,6
129260,129266,129267,1,6
129260,129266,129267,1,6
129260,129267,129268,1,7
129260,129266,129267,1,6
129260,129266,129267,1,6
129260,129266,129267,1,6
129260,129267,129268,1,7
129260,129267,129268,1,7
129260,129268,129269,1,8
129260,129268,129269,1,8
129260,129268,129269,1,8
129260,129268,129269,1,8
129260,129268,129269,1,8
129260,129267,129268,1,7
129260,129268,129269,1,8
129260,129268,129269,1,8
129260,129267,129269,2,7
129260,129268,129269,1,8
129260,129268,129269,1,8
129260,129268,129269,1,8
129260,129269,129270,1,9
129260,129269,129270,1,9
129260,129269,129270,1,9
129260,129269,129270,1,9
129260,129270,129271,1,10
129260,129270,129271,1,10
129260,129270,129271,1,10
129260,129270,129271,1,10
128756,128763,129276,513,7
128792,128799,129279,480,7
129289,129289,129290,1,0
129289,129289,129290,1,0
129289,129289,129290,1,0
129289,129289,129290,1,0
129289,129289,129290,1,0
129289,129289,129290,1,0
129289,129289,129290,1,0
129289,129290,129291,1,1
129289,129290,129291,1,1
129289,129290,129291,1,1
129289,129290,129291,1,1
129289,129290,129291,1,1
129289,129290,129291,1,1
129289,129290,129291,1,1
129289,129290,129291,1,1
129289,129290,129291,1,1
129289,129290,129292,2,1
129289,129290,129291,1,1
129289,129290,129291,1,1
129289,129290,129291,1,1
129289,129290,129292,2,1
129289,129290,129291,1,1
129289,129291,129293,2,2
129289,129291,129293,2,2
129289,129291,129293,2,2
129289,129291,129293,2,2
129289,129291,129292,1,2
129289,129291,129292,1,2
129289,129291,129292,1,2
129289,129291,129292,1,2
129289,129291,129292,1,2
129289,129291,129293,2,2
129289,129291,129292,1,2
129289,129292,129293,1,3
129289,129292,129294,2,3
129289,129292,129294,2,3
129289,129292,129294,2,3
129289,129292,129293,1,3
129289,129292,129294,2,3
129289,129292,129293,1,3
129289,129293,129294,1,4
129289,129293,129294,1,4
129289,129293,129294,1,4
129289,129293,129294,1,4
129289,129293,129294,1,4
129289,129293,129294,1,4
129289,129293,129294,1,4
129289,129293,129294,1,4
129289,129293,129294,1,4
129289,129293,129294,1,4
129289,129293,129294,1,4
129289,129293,129294,1,4
129289,129294,129295,1,5
129289,129294,129295,1,5
129289,129294,129295,1,5
129289,129294,129295,1,5
129289,129294,129295,1,5
129289,129294,129295,1,5
129289,129294,129295,1,5
129289,129294,129295,1,5
129289,129294,129295,1,5
129289,129294,129295,1,5
129289,129294,129295,1,5
129289,129295,129296,1,6
129289,129295,129296,1,6
129289,129294,129295,1,5
129289,129295,129296,1,6
129289,129294,129295,1,5
129289,129295,129296,1,6
129289,129294,129295,1,5
129289,129295,129296,1,6
129289,129295,129296,1,6
129289,129295,129296,1,6
129289,129294,129295,1,5
129289,129295,129296,1,6
129289,129295,129296,1,6
129289,129295,129296,1,6
129289,129295,129296,1,6
129289,129295,129296,1,6
129289,129296,129297,1,7
129289,129295,129296,1,6
129289,129295,129296,1,6
129289,129296,129297,1,7
129289,129296,129297,1,7
129289,129296,129297,1,7
129289,129296,129297,1,7
129289,129296,129297,1,7
129289,129296,129297,1,7
129291,129296,129297,1,5
129291,129296,129297,1,5
129291,129296,129297,1,5
129291,129296,129297,1,5
129291,129296,129297,1,5
129291,129296,129297,1,5
129291,129296,129297,1,5
129291,129296,129297,1,5
129291,129297,129298,1,6
129291,129297,129298,1,6
129291,129297,129298,1,6
129291,129297,129298,1,6
129291,129297,129298,1,6
129291,129297,129298,1,6
129291,129297,129298,1,6
129291,129297,129298,1,6
129291,129297,129298,1,6
129291,129297,129298,1,6
129291,129298,129299,1,7
129291,129297,129298,1,6
129291,129298,129299,1,7
129291,129298,129299,1,7
129291,129298,129299,1,7
129291,129299,129300,1,8
129291,129299,129300,1,8
129291,129299,129300,1,8
129291,129299,129300,1,8
129291,129299,129300,1,8
129291,129299,129300,1,8
129291,129299,129300,1,8
129291,129299,129300,1,8
129291,129299,129300,1,8
129291,129299,129301,2,8
129291,129299,129301,2,8
129291,129299,129301,2,8
129291,129299,129301,2,8
129291,129300,129301,1,9
129291,129300,129301,1,9
129291,129300,129301,1,9
129291,129300,129301,1,9
129291,129301,129302,1,10
129291,129301,129302,1,10
129291,129301,129302,1,10
129291,129301,129302,1,10
129291,129302,129303,1,11
128548,128560,129302,742,12
129291,129301,129302,1,10
129291,129302,129303,1,11
129291,129302,129303,1,11
129291,129301,129302,1,10
129291,129302,129303,1,11
129291,129301,129303,2,10
129291,129302,129303,1,11
129291,129302,129303,1,11
129291,129303,129304,1,12
129291,129303,129304,1,12
129291,129303,129304,1,12
129291,129303,129304,1,12
129291,129303,129304,1,12
129291,129304,129305,1,13
129291,129304,129305,1,13
129291,129304,129305,1,13
129291,129304,129305,1,13
129291,129304,129305,1,13
129317,129317,129318,1,0
129317,129317,129318,1,0
129317,129318,129319,1,1
129317,129317,129318,1,0
129317,129317,129318,1,0
129317,129318,129319,1,1
129317,129318,129320,2,1
129317,129318,129319,1,1
129317,129318,129319,1,1
129317,129318,129319,1,1
129317,129319,129320,1,2
129317,129318,129319,1,1
129317,129318,129319,1,1
129317,129319,129320,1,2
129317,129319,129320,1,2
129317,129317,129320,3,0
129317,129317,129320,3,0
129317,129319,129320,1,2
129317,129319,129320,1,2
129317,129320,129321,1,3
129317,129320,129321,1,3
129317,129320,129321,1,3
129317,129320,129321,1,3
129317,129320,129321,1,3
129317,129320,129321,1,3
129317,129320,129321,1,3
129317,129320,129321,1,3
129317,129320,129321,1,3
129317,129321,129322,1,4
129317,129320,129321,1,3
129317,129320,129321,1,3
129317,129321,129322,1,4
129317,129320,129322,2,3
129317,129317,129322,5,0
129317,129322,129323,1,5
129317,129322,129323,1,5
129317,129322,129323,1,5
129317,129321,129323,2,4
129317,129322,129323,1,5
129317,129322,129323,1,5
129317,129321,129322,1,4
129317,129322,129323,1,5
129317,129322,129323,1,5
129317,129322,129323,1,5
129317,129322,129323,1,5
129317,129322,129323,1,5
129317,129323,129324,1,6
129317,129323,129324,1,6
129317,129323,129324,1,6
129317,129322,129323,1,5
129317,129322,129323,1,5
129317,129323,129324,1,6
129317,129323,129324,1,6
129317,129323,129324,1,6
129317,129323,129324,1,6
129317,129323,129324,1,6
129317,129323,129324,1,6
129317,129321,129323,2,4
129317,129323,129324,1,6
129317,129324,129325,1,7
129317,129324,129325,1,7
129317,129324,129325,1,7
129317,129324,129325,1,7
129317,129324,129325,1,7
129317,129324,129325,1,7
129317,129324,129325,1,7
129317,129324,129325,1,7
129317,129324,129325,1,7
129317,129324,129325,1,7
129317,129325,129326,1,8
129317,129325,129326,1,8
129317,129325,129326,1,8
129317,129325,129326,1,8
129317,129325,129326,1,8
129317,129325,129326,1,8
129317,129325,129326,1,8
129317,129325,129326,1,8
129317,129324,129325,1,7
129317,129321,129327,6,4
128624,128631,129335,704,7
129337,129337,129338,1,0
129337,129337,129338,1,0
129337,129337,129338,1,0
129337,129337,129338,1,0
129337,129337,129338,1,0
129337,129337,129338,1,0
129337,129337,129338,1,0
129337,129337,129338,1,0
129337,129337,129338,1,0
129337,129337,129338,1,0
129337,129338,129339,1,1
129337,129337,129338,1,0
129337,129338,129339,1,1
129337,129338,129339,1,1
129337,129338,129339,1,1
129337,129338,129339,1,1
129337,129337,129339,2,0
129337,129338,129339,1,1
129337,129337,129339,2,0
129337,129337,129339,2,0
129337,129338,129339,1,1
129337,129338,129340,2,1
129337,129339,129340,1,2
129337,129339,129340,1,2
129337,129338,129340,2,1
129337,129339,129340,1,2
129337,129339,129340,1,2
129337,129339,129340,1,2
129337,129339,129340,1,2
129337,129338,129340,2,1
129337,129340,129341,1,3
129337,129339,129341,2,2
129337,129339,129340,1,2
129337,129340,129341,1,3
129337,129340,129341,1,3
129337,129339,129340,1,2
129337,129340,129341,1,3
129337,129340,129341,1,3
129337,129340,129341,1,3
129337,129340,129341,1,3
129337,129340,129341,1,3
129337,129340,129342,2,3
129337,129341,129342,1,4
129337,129342,129343,1,5
129337,129341,129342,1,4
129337,129342,129344,2,5
129337,129343,129344,1,6
129337,129344,129345,1,7
129337,129344,129345,1,7
129337,129338,129351,13,1
129337,129354,129355,1,17
129337,129354,129355,1,17
129337,129344,129363,19,7
129317,129322,129372,50,5
128651,128659,129397,738,8
129399,129399,129400,1,0
129399,129399,129400,1,0
129399,129399,129400,1,0
129399,129399,129400,1,0
129399,129399,129400,1,0
129399,129399,129400,1,0
129399,129399,129400,1,0
129399,129399,129400,1,0
129399,129400,129401,1,1
129399,129399,129401,2,0
129399,129399,129401,2,0
129399,129399,129400,1,0
129399,129400,129401,1,1
129399,129400,129401,1,1
129399,129399,129401,2,0
129399,129399,129401,2,0
129399,129401,129402,1,2
129399,129401,129402,1,2
129399,129402,129403,1,3
129399,129402,129403,1,3
129399,129402,129403,1,3
129399,129402,129403,1,3
129399,129402,129403,1,3
129399,129402,129403,1,3
129399,129403,129404,1,4
129399,129403,129404,1,4
129399,129403,129404,1,4
129399,129402,129404,2,3
129399,129404,129405,1,5
129399,129403,129405,2,4
129399,129404,129405,1,5
129399,129404,129405,1,5
129399,129404,129405,1,5
129399,129404,129405,1,5
129399,129404,129405,1,5
129399,129404,129405,1,5
129399,129404,129405,1,5
129399,129404,129405,1,5
129399,129404,129405,1,5
129399,129404,129405,1,5
129399,129404,129405,1,5
129399,129405,129406,1,6
129399,129404,129405,1,5
129399,129405,129406,1,6
129399,129405,129406,1,6
129399,129405,129406,1,6
129399,129405,129406,1,6
129399,129405,129406,1,6
129399,129405,129406,1,6
129399,129405,129406,1,6
129399,129406,129407,1,7
129399,129402,129406,4,3
129399,129406,129407,1,7
129399,129406,129407,1,7
129399,129405,129406,1,6
129399,129406,129407,1,7
129399,129406,129407,1,7
129399,129406,129407,1,7
129399,129406,129407,1,7
129399,129406,129407,1,7
129399,129406,129407,1,7
129399,129406,129407,1,7
129399,129406,129407,1,7
129399,129405,129407,2,6
129399,129406,129407,1,7
129399,129407,129408,1,8
129399,129407,129408,1,8
129399,129407,129408,1,8
129399,129407,129408,1,8
129399,129407,129408,1,8
129399,129407,129408,1,8
128717,128723,129409,686,6
129399,129407,129409,2,8
128907,128916,129411,495,9
129411,129411,129412,1,0
129411,129411,129412,1,0
129411,129411,129412,1,0
129411,129412,129413,1,1
129411,129412,129413,1,1
129411,129412,129413,1,1
129411,129412,129413,1,1
129411,129412,129413,1,1
129411,129411,129412,1,0
129411,129411,129412,1,0
129411,129412,129413,1,1
129411,129412,129413,1,1
129411,129412,129413,1,1
129411,129411,129412,1,0
129411,129412,129413,1,1
129411,129412,129413,1,1
129411,129413,129414,1,2
129411,129413,129414,1,2
129411,129413,129414,1,2
129411,129413,129414,1,2
129411,129413,129414,1,2
129411,129412,129413,1,1
129411,129413,129414,1,2
129411,129413,129414,1,2
129411,129412,129413,1,1
129411,129411,129414,3,0
129411,129413,129414,1,2
129411,129414,129415,1,3
129411,129413,129414,1,2
129411,129414,129415,1,3
129411,129414,129415,1,3
129411,129414,129415,1,3
129411,129413,129414,1,2
129411,129414,129415,1,3
129411,129414,129415,1,3
129411,129413,129415,2,2
129411,129413,129414,1,2
129411,129414,129415,1,3
129411,129415,129416,1,4
129411,129414,129416,2,3
129411,129414,129415,1,3
129411,129414,129415,1,3
129411,129415,129416,1,4
129411,129414,129415,1,3
129411,129415,129416,1,4
129411,129415,129416,1,4
129411,129415,129416,1,4
129411,129415,129416,1,4
129411,129415,129416,1,4
129411,129415,129416,1,4
129411,129415,129416,1,4
129411,129415,129416,1,4
129411,129416,129417,1,5
129411,129416,129417,1,5
129411,129416,129417,1,5
129411,129415,129416,1,4
129411,129416,129417,1,5
129411,129416,129417,1,5
129411,129416,129417,1,5
129411,129416,129417,1,5
129411,129416,129417,1,5
129411,129416,129417,1,5
129411,129416,129417,1,5
129411,129415,129417,2,4
129411,129416,129417,1,5
129411,129416,129417,1,5
129399,129407,129417,10,8
129411,129417,129418,1,6
129411,129416,129417,1,5
129411,129417,129418,1,6
129411,129417,129418,1,6
129411,129417,129418,1,6
129411,129417,129418,1,6
129411,129417,129418,1,6
129411,129417,129418,1,6
129411,129417,129418,1,6
129411,129417,129418,1,6
129411,129417,129418,1,6
129411,129417,129418,1,6
129411,129417,129418,1,6
129411,129417,129418,1,6
129411,129415,129418,3,4
129411,129418,129419,1,7
129411,129416,129418,2,5
129411,129418,129419,1,7
129411,129418,129419,1,7
129411,129418,129419,1,7
129411,129418,129419,1,7
129411,129418,129419,1,7
129411,129418,129419,1,7
129413,129418,129419,1,5
129413,129418,129419,1,5
129413,129418,129419,1,5
129413,129418,129419,1,5
129411,129417,129418,1,6
129413,129419,129420,1,6
129413,129419,129420,1,6
129413,129419,129420,1,6
129413,129419,129420,1,6
129411,129418,129419,1,7
129413,129419,129420,1,6
129413,129419,129420,1,6
129413,129419,129420,1,6
129413,129419,129420,1,6
129413,129419,129420,1,6
129413,129419,129420,1,6
129413,129419,129420,1,6
129413,129419,129420,1,6
129413,129420,129421,1,7
129413,129420,129421,1,7
129413,129419,129420,1,6
129413,129421,129422,1,8
129413,129420,129421,1,7
129413,129420,129421,1,7
129413,129420,129421,1,7
129413,129420,129421,1,7
129413,129420,129421,1,7
129413,129420,129422,2,7
129413,129420,129421,1,7
129413,129420,129422,2,7
129413,129420,129422,2,7
129413,129421,129422,1,8
129413,129422,129423,1,9
129413,129421,129422,1,8
129413,129422,129423,1,9
129413,129422,129423,1,9
129413,129422,129423,1,9
129413,129421,129422,1,8
129413,129421,129422,1,8
129413,129421,129423,2,8
129413,129422,129423,1,9
129413,129422,129423,1,9
129413,129422,129423,1,9
129413,129422,129423,1,9
129413,129422,129423,1,9
129413,129422,129423,1,9
129413,129423,129424,1,10
129413,129423,129424,1,10
129413,129423,129424,1,10
129413,129423,129424,1,10
129413,129423,129424,1,10
129413,129424,129425,1,11
129413,129424,129425,1,11
129413,129424,129425,1,11
129413,129424,129425,1,11
129413,129424,129425,1,11
129413,129424,129425,1,11
129413,129424,129425,1,11
129413,129424,129425,1,11
129413,129424,129425,1,11
129413,129425,129426,1,12
129413,129425,129426,1,12
129413,129425,129426,1,12
129413,129425,129426,1,12
129413,129424,129425,1,11
129413,129425,129426,1,12
129413,129425,129426,1,12
129413,129425,129426,1,12
128682,128689,129434,745,7
129449,129450,129451,1,1
129449,129450,129451,1,1
129449,129450,129451,1,1
129449,129450,129451,1,1
129449,129451,129452,1,2
129449,129450,129451,1,1
129449,129451,129452,1,2
129449,129451,129452,1,2
129449,129452,129453,1,3
129449,129452,129453,1,3
129449,129451,129452,1,2
129449,129451,129452,1,2
129449,129452,129453,1,3
129449,129452,129453,1,3
129449,129453,129454,1,4
129449,129453,129454,1,4
129449,129453,129454,1,4
129449,129453,129454,1,4
129449,129453,129454,1,4
129449,129453,129454,1,4
129449,129453,129454,1,4
129449,129452,129453,1,3
129449,129452,129453,1,3
129449,129453,129454,1,4
129449,129452,129453,1,3
129449,129453,129454,1,4
129449,129453,129454,1,4
129449,129454,129455,1,5
129449,129454,129455,1,5
129449,129454,129455,1,5
129449,129453,129454,1,4
129449,129454,129455,1,5
129449,129454,129455,1,5
129449,129454,129455,1,5
129449,129454,129455,1,5
129449,129454,129455,1,5
129449,129454,129455,1,5
129449,129454,129455,1,5
129449,129455,129456,1,6
129449,129455,129456,1,6
129449,129455,129456,1,6
129449,129455,129456,1,6
129449,129455,129456,1,6
129449,129455,129456,1,6
129449,129455,129456,1,6
129449,129455,129456,1,6
129449,129455,129456,1,6
129449,129455,129456,1,6
129449,129455,129456,1,6
129449,129455,129456,1,6
129449,129456,129457,1,7
129449,129456,129457,1,7
129449,129456,129457,1,7
129449,129456,129457,1,7
129449,129456,129457,1,7
129449,129456,129457,1,7
129449,129456,129457,1,7
129449,129456,129457,1,7
129449,129456,129457,1,7
129449,129456,129457,1,7
129449,129456,129457,1,7
129449,129456,129457,1,7
129449,129456,129457,1,7
129449,129457,129458,1,8
128963,128982,129463,481,19
129475,129476,129477,1,1
129475,129476,129477,1,1
129475,129476,129477,1,1
129475,129476,129477,1,1
129475,129477,129478,1,2
129475,129476,129477,1,1
129475,129477,129478,1,2
129475,129477,129478,1,2
129475,129478,129479,1,3
129475,129478,129479,1,3
129475,129477,129478,1,2
129475,129478,129479,1,3
129475,129477,129478,1,2
129475,129477,129478,1,2
129475,129478,129479,1,3
129475,129478,129479,1,3
129475,129478,129479,1,3
129475,129478,129479,1,3
129475,129478,129479,1,3
129475,129478,129479,1,3
129475,129479,129480,1,4
129475,129479,129480,1,4
129475,129479,129480,1,4
129475,129478,129479,1,3
129475,129479,129480,1,4
129475,129479,129480,1,4
129475,129479,129480,1,4
129475,129479,129480,1,4
129475,129479,129480,1,4
129475,129479,129480,1,4
129475,129479,129480,1,4
129475,129479,129480,1,4
129475,129480,129481,1,5
129475,129480,129481,1,5
129475,129480,129481,1,5
129475,129480,129481,1,5
129475,129479,129480,1,4
129475,129479,129480,1,4
129475,129480,129481,1,5
129475,129480,129481,1,5
129475,129480,129481,1,5
129475,129481,129482,1,6
129475,129480,129481,1,5
129475,129481,129482,1,6
129475,129481,129482,1,6
129475,129480,129481,1,5
129475,129481,129482,1,6
129475,129480,129481,1,5
129475,129481,129482,1,6
129475,129481,129482,1,6
129475,129481,129482,1,6
129475,129481,129482,1,6
129475,129481,129482,1,6
129475,129481,129482,1,6
129475,129481,129482,1,6
129475,129481,129482,1,6
129475,129482,129483,1,7
129475,129482,129483,1,7
129475,129482,129483,1,7
129475,129482,129483,1,7
129475,129482,129483,1,7
129475,129482,129483,1,7
129475,129482,129483,1,7
129475,129482,129483,1,7
129475,129482,129483,1,7
129475,129482,129483,1,7
129475,129482,129483,1,7
129475,129482,129483,1,7
129475,129482,129483,1,7
129475,129482,129483,1,7
129475,129482,129483,1,7
129475,129482,129483,1,7
128843,128858,129550,692,15
129551,129551,129552,1,0
129551,129551,129552,1,0
129551,129551,129552,1,0
129551,129551,129552,1,0
129551,129551,129552,1,0
129551,129551,129552,1,0
129551,129552,129553,1,1
129551,129552,129553,1,1
129551,129551,129552,1,0
129551,129552,129553,1,1
129551,129552,129553,1,1
129551,129551,129552,1,0
129551,129552,129553,1,1
129551,129552,129553,1,1
129551,129552,129553,1,1
129551,129552,129553,1,1
129551,129553,129554,1,2
129551,129552,129553,1,1
129551,129552,129553,1,1
129551,129552,129553,1,1
129551,129553,129554,1,2
129551,129553,129554,1,2
129551,129552,129553,1,1
129551,129552,129553,1,1
129551,129553,129554,1,2
129551,129553,129554,1,2
129551,129553,129554,1,2
129551,129553,129554,1,2
129551,129553,129554,1,2
129551,129553,129554,1,2
129551,129553,129554,1,2
129551,129553,129554,1,2
129551,129554,129555,1,3
129551,129554,129555,1,3
129551,129554,129556,2,3
129551,129554,129555,1,3
129551,129554,129555,1,3
129551,129555,129556,1,4
129551,129554,129555,1,3
129551,129555,129556,1,4
129551,129555,129556,1,4
129551,129554,129556,2,3
129551,129554,129555,1,3
129551,129555,129556,1,4
129551,129555,129556,1,4
129551,129555,129556,1,4
129551,129555,129556,1,4
129551,129556,129557,1,5
129551,129556,129557,1,5
129551,129554,129556,2,3
129551,129555,129556,1,4
129551,129556,129557,1,5
129551,129556,129557,1,5
129551,129556,129557,1,5
129551,129556,129557,1,5
129551,129556,129557,1,5
129551,129556,129557,1,5
129551,129556,129557,1,5
129551,129556,129557,1,5
129551,129556,129557,1,5
129551,129557,129558,1,6
129551,129557,129558,1,6
129551,129557,129558,1,6
129551,129556,129557,1,5
129551,129557,129558,1,6
129551,129557,129558,1,6
129551,129557,129558,1,6
129551,129557,129558,1,6
129551,129557,129558,1,6
129551,129557,129558,1,6
129551,129557,129558,1,6
129551,129557,129558,1,6
129551,129557,129558,1,6
129551,129557,129558,1,6
129551,129558,129559,1,7
129551,129556,129559,3,5
129551,129557,129558,1,6
129551,129558,129559,1,7
129551,129558,129559,1,7
129551,129557,129558,1,6
129551,129558,129559,1,7
129551,129558,129559,1,7
129551,129558,129559,1,7
129551,129558,129559,1,7
129551,129558,129559,1,7
129551,129558,129559,1,7
129551,129558,129559,1,7
129551,129558,129559,1,7
129551,129558,129559,1,7
129551,129558,129559,1,7
128845,128859,129560,701,14
129577,129577,129578,1,0
129577,129577,129578,1,0
129577,129577,129578,1,0
129577,129577,129578,1,0
129577,129577,129578,1,0
129577,129577,129578,1,0
129577,129577,129578,1,0
129577,129577,129578,1,0
129577,129577,129578,1,0
129577,129577,129578,1,0
129577,129577,129578,1,0
129577,129577,129578,1,0
129577,129577,129578,1,0
129577,129577,129578,1,0
129577,129577,129579,2,0
129577,129578,129579,1,1
129577,129578,129579,1,1
129577,129578,129579,1,1
129577,129578,129579,1,1
129577,129578,129579,1,1
129577,129578,129579,1,1
129577,129578,129579,1,1
129577,129578,129579,1,1
129577,129577,129578,1,0
129577,129578,129580,2,1
129577,129578,129580,2,1
129577,129578,129580,2,1
129577,129578,129580,2,1
129577,129579,129580,1,2
129577,129578,129580,2,1
129577,129578,129580,2,1
129577,129580,129581,1,3
129577,129577,129581,4,0
129577,129579,129581,2,2
129577,129581,129582,1,4
129577,129580,129581,1,3
129577,129581,129582,1,4
129577,129581,129582,1,4
129577,129581,129582,1,4
129577,129581,129582,1,4
129577,129581,129582,1,4
129577,129581,129582,1,4
129577,129581,129582,1,4
129577,129581,129582,1,4
129577,129582,129583,1,5
129577,129582,129583,1,5
129577,129582,129583,1,5
129577,129582,129583,1,5
129577,129582,129583,1,5
129577,129581,129583,2,4
129577,129582,129583,1,5
129577,129583,129584,1,6
129577,129582,129583,1,5
129577,129582,129583,1,5
129577,129583,129584,1,6
129577,129582,129583,1,5
129577,129582,129583,1,5
129577,129582,129584,2,5
129577,129583,129584,1,6
129577,129584,129585,1,7
129577,129584,129585,1,7
129577,129584,129585,1,7
129577,129584,129585,1,7
129577,129585,129586,1,8
129577,129585,129586,1,8
129577,129585,129586,1,8
129577,129585,129586,1,8
128935,128943,129651,708,8
129652,129652,129653,1,0
129652,129652,129653,1,0
129652,129652,129653,1,0
129652,129652,129653,1,0
129652,129652,129653,1,0
129652,129652,129653,1,0
129652,129652,129653,1,0
129652,129652,129653,1,0
129652,129653,129654,1,1
129652,129653,129654,1,1
129652,129652,129654,2,0
129652,129653,129654,1,1
129652,129654,129655,1,2
129652,129654,129655,1,2
129652,129654,129656,2,2
129652,129654,129655,1,2
129652,129654,129655,1,2
129652,129654,129655,1,2
129652,129654,129655,1,2
129652,129655,129656,1,3
129652,129654,129655,1,2
129652,129654,129655,1,2
129652,129654,129655,1,2
129652,129655,129656,1,3
129652,129655,129656,1,3
129652,129655,129656,1,3
129652,129655,129656,1,3
129652,129655,129656,1,3
129652,129656,129657,1,4
129652,129655,129656,1,3
129652,129655,129656,1,3
129652,129656,129657,1,4
129652,129656,129657,1,4
129652,129656,129657,1,4
129652,129656,129657,1,4
129652,129656,129657,1,4
129652,129656,129657,1,4
129652,129656,129657,1,4
129652,129656,129657,1,4
129652,129656,129657,1,4
129652,129657,129658,1,5
129652,129658,129659,1,6
129652,129658,129659,1,6
129652,129658,129659,1,6
129652,129658,129659,1,6
129652,129658,129659,1,6
129652,129658,129659,1,6
129652,129658,129659,1,6
129652,129658,129659,1,6
129652,129658,129659,1,6
129652,129658,129659,1,6
129652,129658,129659,1,6
129652,129659,129660,1,7
129652,129659,129660,1,7
129652,129659,129660,1,7
129652,129659,129660,1,7
129652,129659,129660,1,7
129652,129659,129660,1,7
129652,129659,129660,1,7
129652,129659,129660,1,7
129652,129659,129660,1,7
129652,129659,129660,1,7
129652,129659,129660,1,7
129652,129659,129660,1,7
129652,129659,129660,1,7
129652,129660,129661,1,8
129652,129660,129661,1,8
129652,129659,129660,1,7
129652,129660,129661,1,8
129652,129660,129661,1,8
129652,129660,129661,1,8
129652,129660,129661,1,8
129652,129660,129661,1,8
128961,128974,129682,708,13
129689,129689,129690,1,0
129689,129689,129690,1,0
129689,129689,129690,1,0
129689,129689,129690,1,0
129689,129689,129690,1,0
129689,129689,129690,1,0
129689,129689,129690,1,0
129689,129689,129690,1,0
129689,129689,129691,2,0
129689,129690,129691,1,1
129689,129690,129691,1,1
129689,129691,129692,1,2
129689,129691,129692,1,2
129689,129690,129691,1,1
129689,129691,129692,1,2
129689,129691,129692,1,2
129689,129691,129692,1,2
129689,129691,129692,1,2
129689,129691,129692,1,2
129689,129691,129692,1,2
129689,129691,129692,1,2
129689,129691,129692,1,2
129689,129692,129693,1,3
129689,129692,129693,1,3
129689,129692,129693,1,3
129689,129692,129693,1,3
129689,129693,129694,1,4
129689,129692,129693,1,3
129689,129693,129694,1,4
129689,129693,129694,1,4
129689,129692,129693,1,3
129689,129693,129694,1,4
129689,129693,129694,1,4
129689,129693,129694,1,4
129689,129693,129694,1,4
129689,129693,129694,1,4
129689,129694,129695,1,5
129689,129693,129694,1,4
129689,129693,129694,1,4
129689,129693,129694,1,4
129689,129694,129695,1,5
129689,129694,129695,1,5
129689,129694,129695,1,5
129689,129694,129695,1,5
129689,129695,129696,1,6
129689,129695,129696,1,6
129689,129695,129696,1,6
129689,129695,129696,1,6
129689,129695,129696,1,6
129689,129695,129696,1,6
129689,129695,129696,1,6
129689,129696,129697,1,7
129689,129696,129697,1,7
129689,129696,129697,1,7
129689,129696,129697,1,7
129689,129696,129697,1,7
129689,129696,129697,1,7
129689,129696,129697,1,7
129689,129696,129697,1,7
129689,129696,129697,1,7
129689,129696,129697,1,7
129689,129696,129697,1,7
129689,129696,129697,1,7
129689,129697,129698,1,8
129229,129237,129721,484,8
129722,129722,129723,1,0
129722,129722,129723,1,0
129722,129722,129723,1,0
129722,129722,129723,1,0
129722,129722,129723,1,0
129722,129722,129723,1,0
129722,129722,129723,1,0
129722,129722,129723,1,0
129722,129722,129723,1,0
129722,129722,129724,2,0
129722,129722,129724,2,0
129722,129722,129724,2,0
129722,129722,129724,2,0
129722,129723,129724,1,1
129722,129722,129723,1,0
129722,129722,129723,1,0
129722,129723,129724,1,1
129722,129723,129724,1,1
129722,129723,129724,1,1
129722,129722,129724,2,0
129722,129723,129724,1,1
129722,129722,129724,2,0
129722,129723,129724,1,1
129722,129723,129725,2,1
129722,129723,129724,1,1
129722,129723,129725,2,1
129722,129724,129725,1,2
129722,129724,129725,1,2
129722,129724,129725,1,2
129722,129724,129725,1,2
129722,129724,129725,1,2
129722,129724,129725,1,2
129722,129724,129725,1,2
129722,129724,129726,2,2
129722,129724,129725,1,2
129722,129725,129726,1,3
129722,129725,129726,1,3
129722,129725,129726,1,3
129722,129725,129726,1,3
129722,129725,129726,1,3
129722,129725,129726,1,3
129722,129725,129726,1,3
129722,129725,129726,1,3
129722,129725,129727,2,3
129722,129725,129727,2,3
129722,129725,129727,2,3
129722,129725,129727,2,3
129722,129725,129727,2,3
129722,129725,129727,2,3
129722,129726,129728,2,4
129722,129727,129728,1,5
129722,129727,129728,1,5
129722,129726,129728,2,4
129722,129728,129729,1,6
129722,129728,129729,1,6
129722,129728,129729,1,6
129722,129727,129728,1,5
129722,129728,129729,1,6
129722,129728,129729,1,6
129722,129728,129729,1,6
129722,129728,129730,2,6
129722,129729,129730,1,7
129722,129729,129730,1,7
129722,129730,129731,1,8
129722,129729,129730,1,7
128965,128982,129732,750,17
129262,129270,129740,470,8
129748,129748,129749,1,0
129748,129748,129749,1,0
129748,129748,129749,1,0
129748,129748,129749,1,0
129748,129748,129749,1,0
129748,129748,129749,1,0
129748,129748,129749,1,0
129748,129748,129749,1,0
129748,129748,129749,1,0
129748,129748,129749,1,0
129748,129748,129749,1,0
129748,129748,129749,1,0
129748,129748,129750,2,0
129748,129748,129750,2,0
129748,129748,129750,2,0
129748,129748,129749,1,0
129748,129749,129750,1,1
129748,129749,129750,1,1
129748,129749,129750,1,1
129748,129749,129750,1,1
129748,129748,129750,2,0
129748,129749,129750,1,1
129748,129749,129750,1,1
129748,129749,129750,1,1
129748,129749,129750,1,1
129748,129749,129750,1,1
129748,129749,129750,1,1
129748,129749,129750,1,1
129748,129750,129751,1,2
129748,129750,129751,1,2
129748,129750,129751,1,2
129748,129750,129751,1,2
129748,129750,129751,1,2
129748,129750,129751,1,2
129748,129750,129751,1,2
129748,129749,129750,1,1
129748,129750,129751,1,2
129748,129750,129751,1,2
129748,129750,129751,1,2
129748,129750,129751,1,2
129748,129751,129752,1,3
129748,129751,129752,1,3
129748,129751,129752,1,3
129748,129751,129752,1,3
129748,129750,129752,2,2
129748,129751,129752,1,3
129748,129751,129752,1,3
129748,129751,129752,1,3
129748,129751,129752,1,3
129748,129749,129753,4,1
129748,129752,129753,1,4
129748,129752,129753,1,4
129748,129753,129754,1,5
129748,129753,129754,1,5
129748,129754,129755,1,6
129748,129754,129755,1,6
129748,129754,129755,1,6
129749,129755,129756,1,6
129749,129755,129756,1,6
129749,129755,129756,1,6
129749,129756,129757,1,7
129749,129756,129757,1,7
129749,129756,129757,1,7
129749,129756,129757,1,7
129749,129755,129756,1,6
129749,129756,129757,1,7
129749,129756,129757,1,7
129749,129757,129758,1,8
129749,129757,129758,1,8
129749,129756,129757,1,7
129749,129756,129757,1,7
129749,129757,129758,1,8
129749,129756,129757,1,7
129749,129756,129757,1,7
129749,129756,129758,2,7
129749,129756,129757,1,7
129749,129756,129757,1,7
129749,129756,129757,1,7
129749,129757,129758,1,8
129749,129757,129758,1,8
129749,129757,129758,1,8
129749,129757,129758,1,8
129749,129757,129758,1,8
129749,129757,129758,1,8
129749,129757,129758,1,8
129749,129758,129759,1,9
129749,129758,129759,1,9
129749,129758,129759,1,9
129749,129758,129759,1,9
129749,129758,129759,1,9
129749,129758,129760,2,9
129749,129758,129760,2,9
129749,129758,129760,2,9
129749,129758,129759,1,9
129749,129758,129760,2,9
129749,129758,129760,2,9
129749,129759,129760,1,10
129749,129759,129760,1,10
129749,129759,129760,1,10
129749,129759,129760,1,10
129749,129760,129761,1,11
129749,129759,129760,1,10
129749,129759,129760,1,10
129749,129760,129761,1,11
129749,129759,129761,2,10
129749,129760,129761,1,11
129749,129760,129761,1,11
129749,129760,129761,1,11
129749,129760,129761,1,11
129749,129760,129761,1,11
129749,129760,129761,1,11
129749,129761,129762,1,12
129749,129761,129762,1,12
129749,129760,129761,1,11
129749,129760,129762,2,11
129749,129760,129762,2,11
129749,129761,129762,1,12
129749,129761,129762,1,12
129749,129761,129762,1,12
129749,129761,129762,1,12
129749,129761,129762,1,12
129749,129761,129762,1,12
129749,129761,129762,1,12
129749,129761,129762,1,12
129749,129762,129763,1,13
129749,129762,129763,1,13
129749,129762,129763,1,13
129749,129762,129763,1,13
129749,129762,129763,1,13
129749,129762,129763,1,13
129749,129762,129763,1,13
129749,129762,129763,1,13
129749,129762,129763,1,13
129749,129762,129763,1,13
129749,129762,129763,1,13
129749,129762,129763,1,13
129749,129762,129763,1,13
129749,129762,129763,1,13
129749,129761,129763,2,12
129749,129763,129764,1,14
129749,129763,129764,1,14
129749,129763,129764,1,14
129749,129763,129764,1,14
129749,129763,129764,1,14
129749,129763,129764,1,14
129059,129067,129767,700,8
129773,129773,129774,1,0
129773,129773,129774,1,0
129773,129773,129774,1,0
129773,129773,129774,1,0
129773,129773,129774,1,0
129773,129773,129774,1,0
129773,129773,129774,1,0
129773,129774,129775,1,1
129773,129774,129775,1,1
129773,129773,129774,1,0
129773,129774,129775,1,1
129773,129774,129775,1,1
129773,129774,129775,1,1
129773,129774,129775,1,1
129773,129774,129775,1,1
129773,129775,129776,1,2
129773,129774,129775,1,1
129773,129775,129776,1,2
129773,129775,129776,1,2
129773,129775,129776,1,2
129773,129774,129775,1,1
129773,129775,129776,1,2
129773,129775,129776,1,2
129773,129774,129775,1,1
129773,129774,129775,1,1
129773,129775,129776,1,2
129773,129775,129776,1,2
129773,129775,129776,1,2
129773,129775,129776,1,2
129773,129776,129777,1,3
129773,129776,129777,1,3
129773,129776,129777,1,3
129773,129776,129777,1,3
129773,129776,129777,1,3
129773,129776,129777,1,3
129773,129776,129777,1,3
129773,129776,129777,1,3
129773,129776,129777,1,3
129773,129776,129777,1,3
129773,129776,129777,1,3
129773,129776,129777,1,3
129773,129777,129778,1,4
129773,129777,129778,1,4
129773,129777,129778,1,4
129773,129776,129778,2,3
129773,129776,129778,2,3
129773,129777,129778,1,4
129773,129777,129778,1,4
129773,129777,129778,1,4
129773,129777,129778,1,4
129773,129777,129778,1,4
129773,129777,129778,1,4
129773,129777,129778,1,4
129773,129777,129778,1,4
129773,129777,129778,1,4
129773,129778,129779,1,5
129773,129778,129779,1,5
129773,129778,129779,1,5
129773,129778,129779,1,5
129773,129778,129779,1,5
129773,129778,129779,1,5
129773,129778,129779,1,5
129773,129778,129779,1,5
129773,129778,129779,1,5
129773,129778,129779,1,5
129773,129778,129779,1,5
129773,129778,129779,1,5
129773,129778,129779,1,5
129773,129779,129780,1,6
129773,129779,129780,1,6
129063,129076,129780,704,13
129773,129778,129779,1,5
129773,129778,129779,1,5
129773,129779,129780,1,6
129773,129779,129780,1,6
129773,129779,129780,1,6
129773,129779,129780,1,6
129773,129779,129780,1,6
129773,129779,129780,1,6
129773,129779,129780,1,6
129773,129779,129780,1,6
129791,129791,129792,1,0
129791,129791,129792,1,0
129791,129791,129792,1,0
129791,129791,129792,1,0
129791,129791,129792,1,0
129791,129791,129792,1,0
129791,129791,129792,1,0
129791,129791,129792,1,0
129791,129791,129792,1,0
129791,129791,129792,1,0
129791,129791,129792,1,0
129791,129791,129792,1,0
129791,129791,129792,1,0
129791,129791,129792,1,0
129791,129791,129792,1,0
129791,129791,129792,1,0
129791,129792,129793,1,1
129791,129792,129793,1,1
129791,129792,129793,1,1
129791,129792,129793,1,1
129791,129792,129793,1,1
129791,129791,129792,1,0
129791,129792,129793,1,1
129791,129792,129793,1,1
129791,129793,129794,1,2
129791,129793,129794,1,2
129791,129793,129794,1,2
129791,129793,129794,1,2
129791,129793,129794,1,2
129791,129792,129793,1,1
129791,129792,129793,1,1
129791,129793,129794,1,2
129791,129793,129795,2,2
129791,129793,129794,1,2
129791,129793,129794,1,2
129791,129793,129795,2,2
129791,129794,129795,1,3
129791,129794,129795,1,3
129791,129794,129795,1,3
129791,129794,129795,1,3
129791,129794,129795,1,3
129791,129793,129795,2,2
129791,129795,129796,1,4
129791,129793,129796,3,2
129791,129793,129795,2,2
129791,129795,129796,1,4
129791,129795,129796,1,4
129791,129795,129796,1,4
129791,129794,129796,2,3
129791,129794,129795,1,3
129791,129795,129796,1,4
129791,129795,129796,1,4
129791,129795,129796,1,4
129791,129796,129797,1,5
129791,129796,129797,1,5
129791,129795,129796,1,4
129791,129796,129797,1,5
129791,129796,129797,1,5
129791,129797,129798,1,6
129791,129796,129798,2,5
129791,129796,129798,2,5
129791,129797,129798,1,6
129791,129798,129799,1,7
129791,129798,129799,1,7
129791,129798,129799,1,7
129791,129798,129799,1,7
129791,129798,129799,1,7
129791,129798,129799,1,7
129791,129798,129799,1,7
129791,129798,129800,2,7
129791,129799,129800,1,8
129338,129346,129844,498,8
129845,129845,129846,1,0
129845,129845,129846,1,0
129845,129845,129846,1,0
129845,129845,129846,1,0
129845,129845,129846,1,0
129845,129845,129846,1,0
129845,129845,129846,1,0
129845,129845,129846,1,0
129845,129845,129847,2,0
129845,129845,129846,1,0
129845,129845,129846,1,0
129845,129845,129847,2,0
129845,129845,129846,1,0
129845,129845,129847,2,0
129845,129845,129847,2,0
129845,129846,129848,2,1
129845,129846,129848,2,1
129845,129846,129848,2,1
129845,129846,129848,2,1
129845,129846,129848,2,1
129845,129846,129848,2,1
129845,129846,129848,2,1
129845,129846,129848,2,1
129845,129846,129848,2,1
129845,129847,129849,2,2
129845,129847,129849,2,2
129845,129847,129849,2,2
129845,129847,129849,2,2
129845,129847,129849,2,2
129845,129847,129849,2,2
129845,129848,129850,2,3
129845,129848,129850,2,3
129845,129848,129849,1,3
129845,129848,129849,1,3
129845,129848,129849,1,3
129845,129848,129849,1,3
129845,129848,129849,1,3
129845,129848,129850,2,3
129845,129848,129850,2,3
129845,129847,129850,3,2
129845,129849,129851,2,4
129845,129849,129851,2,4
129845,129849,129851,2,4
129845,129850,129851,1,5
129845,129850,129851,1,5
129845,129850,129851,1,5
129845,129850,129851,1,5
129845,129850,129851,1,5
129845,129849,129851,2,4
129845,129849,129851,2,4
129845,129850,129852,2,5
129845,129850,129851,1,5
129845,129851,129852,1,6
129845,129851,129852,1,6
129845,129849,129852,3,4
129845,129850,129852,2,5
129845,129851,129852,1,6
129845,129851,129852,1,6
129845,129851,129852,1,6
129845,129850,129852,2,5
129845,129852,129853,1,7
129845,129851,129852,1,6
129845,129851,129853,2,6
129845,129851,129852,1,6
129845,129852,129853,1,7
129845,129852,129853,1,7
129845,129853,129854,1,8
129845,129852,129853,1,7
129845,129853,129854,1,8
129845,129853,129854,1,8
129845,129853,129854,1,8
129845,129850,129854,4,5
129845,129852,129854,2,7
129845,129854,129855,1,9
129103,129111,129855,744,8
129845,129854,129855,1,9
129845,129853,129855,2,8
129845,129855,129856,1,10
129845,129855,129856,1,10
129856,129856,129857,1,0
129856,129856,129857,1,0
129856,129856,129857,1,0
129856,129856,129857,1,0
129856,129856,129857,1,0
129856,129856,129857,1,0
129856,129856,129857,1,0
129856,129856,129858,2,0
129856,129857,129858,1,1
129856,129856,129858,2,0
129856,129857,129858,1,1
129856,129857,129858,1,1
129856,129857,129858,1,1
129856,129857,129858,1,1
129856,129857,129858,1,1
129856,129857,129858,1,1
129856,129857,129859,2,1
129856,129857,129859,2,1
129856,129857,129858,1,1
129856,129857,129858,1,1
129856,129858,129859,1,2
129856,129858,129859,1,2
129856,129858,129859,1,2
129856,129858,129859,1,2
129856,129858,129859,1,2
129856,129859,129860,1,3
129856,129859,129860,1,3
129856,129859,129860,1,3
129856,129859,129860,1,3
129856,129859,129860,1,3
129856,129859,129860,1,3
129856,129860,129861,1,4
129856,129860,129861,1,4
129856,129860,129861,1,4
129856,129860,129861,1,4
129856,129860,129861,1,4
129856,129859,129860,1,3
129856,129859,129860,1,3
129856,129859,129860,1,3
129856,129860,129861,1,4
129856,129860,129861,1,4
129856,129859,129861,2,3
129856,129859,129860,1,3
129856,129857,129859,2,1
129856,129860,129861,1,4
129856,129860,129861,1,4
129856,129861,129862,1,5
129856,129861,129862,1,5
129856,129861,129862,1,5
129856,129860,129861,1,4
129856,129861,129862,1,5
129856,129861,129862,1,5
129856,129861,129862,1,5
129856,129861,129862,1,5
129856,129861,129862,1,5
129856,129861,129862,1,5
129856,129861,129862,1,5
129856,129862,129863,1,6
129856,129862,129863,1,6
129856,129861,129862,1,5
129856,129862,129863,1,6
129856,129861,129862,1,5
129856,129862,129863,1,6
129856,129862,129863,1,6
129856,129862,129863,1,6
129856,129862,129863,1,6
129856,129862,129863,1,6
129856,129862,129863,1,6
129856,129861,129862,1,5
129856,129862,129863,1,6
129856,129862,129863,1,6
129856,129863,129864,1,7
129856,129863,129864,1,7
129856,129863,129864,1,7
129856,129863,129864,1,7
129856,129863,129864,1,7
129856,129863,129864,1,7
129856,129863,129864,1,7
129856,129862,129864,2,6
129856,129862,129863,1,6
129856,129863,129864,1,7
129856,129863,129864,1,7
129856,129863,129864,1,7
129856,129863,129864,1,7
129856,129864,129865,1,8
129856,129864,129865,1,8
129856,129864,129865,1,8
129856,129864,129865,1,8
129856,129864,129865,1,8
129856,129863,129865,2,7
129856,129863,129865,2,7
129133,129141,129870,729,8
129873,129873,129874,1,0
129856,129862,129873,11,6
129873,129873,129874,1,0
129873,129873,129874,1,0
129873,129873,129874,1,0
129873,129873,129874,1,0
129873,129873,129875,2,0
129873,129874,129875,1,1
129873,129874,129875,1,1
129873,129874,129875,1,1
129873,129874,129875,1,1
129873,129874,129875,1,1
129873,129874,129875,1,1
129873,129874,129875,1,1
129873,129874,129875,1,1
129873,129874,129875,1,1
129873,129874,129875,1,1
129873,129875,129876,1,2
129873,129874,129876,2,1
129873,129876,129877,1,3
129873,129876,129877,1,3
129873,129875,129876,1,2
129873,129876,129877,1,3
129873,129876,129877,1,3
129873,129876,129877,1,3
129873,129876,129877,1,3
129873,129875,129876,1,2
129873,129876,129877,1,3
129873,129876,129877,1,3
129873,129875,129877,2,2
129873,129876,129877,1,3
129873,129876,129877,1,3
129873,129875,129877,2,2
129873,129877,129878,1,4
129873,129876,129877,1,3
129873,129877,129878,1,4
129873,129877,129878,1,4
129873,129877,129878,1,4
129873,129877,129878,1,4
129873,129876,129877,1,3
129873,129876,129877,1,3
129873,129877,129878,1,4
129873,129877,129878,1,4
129873,129877,129878,1,4
129873,129877,129878,1,4
129873,129878,129879,1,5
129873,129878,129879,1,5
129873,129878,129879,1,5
129873,129878,129879,1,5
129873,129878,129879,1,5
129873,129878,129879,1,5
129873,129878,129879,1,5
129873,129878,129879,1,5
129873,129878,129879,1,5
129873,129878,129879,1,5
129873,129878,129879,1,5
129873,129878,129879,1,5
129873,129879,129880,1,6
129873,129878,129879,1,5
129873,129878,129880,2,5
129873,129878,129879,1,5
129873,129878,129879,1,5
129873,129879,129880,1,6
129873,129879,129880,1,6
129873,129879,129880,1,6
129873,129879,129880,1,6
129873,129879,129880,1,6
129873,129879,129880,1,6
129873,129879,129880,1,6
129873,129879,129880,1,6
129873,129879,129880,1,6
129873,129880,129881,1,7
129873,129880,129881,1,7
129873,129880,129881,1,7
129873,129880,129881,1,7
129873,129880,129881,1,7
129873,129880,129881,1,7
129873,129880,129881,1,7
129873,129880,129881,1,7
129873,129880,129881,1,7
129873,129880,129881,1,7
129873,129880,129881,1,7
129873,129880,129881,1,7
129873,129880,129881,1,7
129873,129880,129881,1,7
129412,129418,129911,493,6
129912,129912,129913,1,0
129912,129912,129913,1,0
129912,129912,129913,1,0
129912,129912,129913,1,0
129912,129912,129913,1,0
129912,129912,129913,1,0
129912,129912,129913,1,0
129912,129912,129913,1,0
129912,129912,129913,1,0
129912,129912,129914,2,0
129912,129912,129914,2,0
129912,129912,129913,1,0
129912,129913,129914,1,1
129912,129913,129914,1,1
129912,129912,129914,2,0
129912,129912,129914,2,0
129912,129912,129913,1,0
129912,129913,129914,1,1
129912,129913,129914,1,1
129912,129913,129914,1,1
129912,129912,129914,2,0
129912,129913,129914,1,1
129912,129914,129915,1,2
129912,129914,129915,1,2
129912,129913,129915,2,1
129912,129914,129916,2,2
129912,129914,129916,2,2
129912,129914,129916,2,2
129912,129915,129916,1,3
129912,129915,129916,1,3
129912,129915,129916,1,3
129912,129915,129916,1,3
129912,129916,129917,1,4
129912,129915,129916,1,3
129912,129915,129916,1,3
129912,129915,129916,1,3
129912,129914,129916,2,2
129912,129914,129917,3,2
129912,129916,129917,1,4
129912,129916,129917,1,4
129912,129917,129918,1,5
129912,129917,129918,1,5
129912,129916,129917,1,4
129912,129916,129917,1,4
129912,129916,129918,2,4
129912,129915,129918,3,3
129912,129917,129918,1,5
129912,129917,129918,1,5
129912,129917,129918,1,5
129912,129917,129918,1,5
129912,129917,129919,2,5
129912,129918,129919,1,6
129912,129918,129919,1,6
129912,129918,129919,1,6
129912,129918,129919,1,6
129912,129918,129919,1,6
129912,129918,129919,1,6
129912,129918,129919,1,6
129912,129918,129919,1,6
129912,129919,129920,1,7
129912,129918,129920,2,6
129912,129913,129920,7,1
129912,129919,129920,1,7
129912,129919,129920,1,7
129912,129919,129920,1,7
129912,129920,129921,1,8
129912,129920,129921,1,8
129912,129920,129921,1,8
129912,129919,129920,1,7
129912,129919,129920,1,7
129912,129919,129920,1,7
129912,129920,129921,1,8
129912,129920,129921,1,8
129912,129920,129921,1,8
129912,129920,129921,1,8
129912,129921,129922,1,9
129912,129920,129921,1,8
129912,129921,129922,1,9
129912,129921,129922,1,9
129912,129921,129922,1,9
129912,129922,129923,1,10
129912,129922,129923,1,10
129912,129930,129943,13,18
129290,129296,129997,701,6
129998,129998,129999,1,0
129998,129998,129999,1,0
129998,129998,129999,1,0
129998,129998,129999,1,0
129998,129998,129999,1,0
129998,129998,129999,1,0
129998,129998,129999,1,0
129998,129998,129999,1,0
129998,129998,129999,1,0
129998,129998,129999,1,0
129998,129999,130000,1,1
129998,129998,130000,2,0
129998,129998,130000,2,0
129292,129304,130000,696,12
129998,129998,130000,2,0
129998,129998,130000,2,0
129998,129998,130000,2,0
129998,129998,130001,3,0
129998,129999,130001,2,1
129998,129999,130001,2,1
129998,129999,130001,2,1
129998,129999,130001,2,1
129998,130000,130001,1,2
129998,130000,130001,1,2
129998,130000,130001,1,2
129998,130000,130001,1,2
129998,130000,130001,1,2
129998,130001,130002,1,3
129998,130001,130002,1,3
129998,130001,130002,1,3
129998,130001,130003,2,3
129998,130000,130002,2,2
129998,130001,130003,2,3
129998,130001,130002,1,3
129998,130002,130003,1,4
129998,130001,130003,2,3
129998,130002,130003,1,4
129998,130002,130003,1,4
129998,130002,130003,1,4
129998,130002,130003,1,4
129998,130002,130003,1,4
129998,130002,130003,1,4
129998,130002,130003,1,4
129998,130002,130003,1,4
129998,130002,130003,1,4
129998,130003,130004,1,5
129998,130003,130004,1,5
129998,130003,130004,1,5
129998,130003,130005,2,5
129998,130003,130005,2,5
129998,130003,130004,1,5
129998,130003,130004,1,5
129998,130004,130006,2,6
129998,130004,130005,1,6
129998,130004,130005,1,6
129998,130004,130005,1,6
129998,130004,130005,1,6
129998,130004,130005,1,6
129998,130004,130005,1,6
129998,130004,130005,1,6
129998,130004,130006,2,6
129998,130004,130005,1,6
129998,130004,130006,2,6
129998,130005,130006,1,7
129998,130005,130006,1,7
129998,130006,130007,1,8
129998,130005,130006,1,7
129998,130006,130007,1,8
129998,130006,130007,1,8
129998,130005,130006,1,7
129998,130005,130006,1,7
129998,130006,130007,1,8
129998,130005,130006,1,7
129998,130005,130007,2,7
129998,130006,130007,1,8
129998,130006,130007,1,8
129998,130007,130008,1,9
129998,130007,130008,1,9
129998,130007,130008,1,9
129998,130007,130008,1,9
129998,130007,130008,1,9
129998,130007,130008,1,9
129998,130007,130008,1,9
129998,130007,130008,1,9
129998,130007,130008,1,9
130002,130008,130009,1,6
130002,130008,130009,1,6
130002,130008,130009,1,6
130002,130008,130009,1,6
130002,130008,130009,1,6
130002,130008,130009,1,6
130002,130008,130009,1,6
130002,130008,130009,1,6
130002,130008,130009,1,6
130002,130008,130009,1,6
130002,130009,130010,1,7
130002,130008,130009,1,6
130002,130008,130009,1,6
130002,130009,130010,1,7
130002,130009,130010,1,7
130002,130009,130010,1,7
130002,130009,130010,1,7
130002,130009,130010,1,7
130002,130009,130011,2,7
130002,130009,130011,2,7
130002,130009,130011,2,7
130002,130009,130011,2,7
130002,130009,130011,2,7
130002,130009,130011,2,7
130002,130009,130011,2,7
130002,130009,130011,2,7
129998,130008,130011,3,10
130002,130010,130011,1,8
130002,130010,130012,2,8
130002,130010,130012,2,8
130002,130011,130012,1,9
130002,130011,130012,1,9
130002,130011,130012,1,9
130002,130011,130013,2,9
130002,130011,130013,2,9
130002,130011,130013,2,9
130002,130011,130013,2,9
130002,130011,130013,2,9
130002,130011,130013,2,9
130002,130011,130013,2,9
130002,130012,130014,2,10
130002,130012,130013,1,10
130002,130013,130014,1,11
130002,130011,130013,2,9
130002,130012,130013,1,10
130002,130011,130014,3,9
130002,130011,130014,3,9
130002,130013,130014,1,11
130002,130013,130014,1,11
130002,130013,130014,1,11
130002,130013,130014,1,11
130002,130014,130015,1,12
130002,130014,130015,1,12
130002,130014,130015,1,12
130002,130014,130015,1,12
130002,130014,130015,1,12
130002,130014,130015,1,12
130002,130014,130015,1,12
130002,130015,130016,1,13
130002,130014,130015,1,12
130002,130015,130016,1,13
130002,130014,130016,2,12
130002,130014,130015,1,12
130002,130015,130016,1,13
130002,130015,130016,1,13
130002,130016,130017,1,14
130002,130016,130017,1,14
130002,130015,130016,1,13
130002,130016,130017,1,14
130002,130016,130017,1,14
130002,130015,130016,1,13
130002,130016,130017,1,14
130002,130016,130017,1,14
130002,130016,130017,1,14
130002,130016,130017,1,14
130002,130016,130017,1,14
130002,130014,130017,3,12
130002,130017,130018,1,15
130002,130017,130018,1,15
130002,130017,130018,1,15
130002,130017,130018,1,15
130002,130017,130018,1,15
130002,130016,130018,2,14
130002,130017,130018,1,15
130002,130018,130019,1,16
130002,130018,130019,1,16
130002,130018,130019,1,16
130002,130018,130019,1,16
130002,130018,130019,1,16
130002,130015,130019,4,13
130002,130019,130020,1,17
129318,129325,130037,712,7
130046,130046,130047,1,0
130046,130046,130047,1,0
130046,130046,130047,1,0
130046,130046,130047,1,0
130046,130046,130047,1,0
130046,130046,130047,1,0
130046,130046,130047,1,0
130046,130046,130047,1,0
130046,130046,130047,1,0
130046,130046,130047,1,0
130046,130046,130048,2,0
130046,130046,130048,2,0
130046,130046,130048,2,0
130046,130046,130048,2,0
130046,130046,130048,2,0
130046,130046,130047,1,0
130046,130046,130048,2,0
130046,130047,130049,2,1
130046,130047,130049,2,1
130046,130047,130049,2,1
130046,130047,130049,2,1
130046,130047,130049,2,1
130046,130047,130049,2,1
130046,130047,130049,2,1
130046,130047,130049,2,1
130046,130048,130049,1,2
130046,130047,130049,2,1
130046,130049,130050,1,3
130046,130048,130050,2,2
130046,130048,130050,2,2
130046,130048,130050,2,2
130046,130048,130050,2,2
130046,130048,130050,2,2
130046,130048,130050,2,2
130046,130048,130050,2,2
130046,130050,130051,1,4
130046,130049,130051,2,3
130046,130049,130051,2,3
130046,130049,130051,2,3
130046,130049,130051,2,3
130046,130050,130051,1,4
130046,130050,130051,1,4
130046,130050,130051,1,4
130046,130050,130051,1,4
130046,130051,130052,1,5
130046,130051,130052,1,5
130046,130051,130052,1,5
130046,130051,130052,1,5
130046,130052,130053,1,6
130046,130050,130052,2,4
130046,130051,130052,1,5
130046,130051,130052,1,5
130046,130051,130052,1,5
130046,130052,130053,1,6
130046,130051,130053,2,5
130046,130052,130053,1,6
130046,130052,130053,1,6
130046,130052,130053,1,6
130046,130052,130053,1,6
130046,130053,130054,1,7
130046,130052,130054,2,6
130046,130053,130054,1,7
130046,130053,130054,1,7
130046,130053,130054,1,7
130046,130053,130054,1,7
130046,130054,130055,1,8
130046,130054,130055,1,8
130046,130054,130055,1,8
130046,130055,130056,1,9
130046,130055,130056,1,9
130046,130055,130056,1,9
130046,130055,130056,1,9
130046,130055,130056,1,9
130046,130055,130056,1,9
130046,130055,130056,1,9
130046,130055,130056,1,9
129579,129585,130077,492,6
130078,130078,130079,1,0
130078,130078,130079,1,0
130078,130078,130079,1,0
130078,130078,130079,1,0
130078,130078,130079,1,0
130078,130078,130079,1,0
130078,130078,130079,1,0
130078,130078,130079,1,0
130078,130078,130079,1,0
130078,130079,130080,1,1
130078,130079,130080,1,1
130078,130079,130080,1,1
130078,130079,130080,1,1
130078,130079,130080,1,1
130078,130079,130081,2,1
130078,130080,130081,1,2
130078,130081,130082,1,3
130078,130080,130081,1,2
130078,130081,130082,1,3
130078,130080,130081,1,2
130078,130080,130081,1,2
130078,130081,130082,1,3
130078,130080,130081,1,2
130078,130080,130081,1,2
130078,130079,130081,2,1
130078,130081,130082,1,3
130078,130082,130083,1,4
130078,130082,130083,1,4
130078,130081,130082,1,3
130078,130082,130083,1,4
130078,130082,130083,1,4
130078,130081,130082,1,3
130078,130082,130083,1,4
130078,130082,130083,1,4
130078,130081,130082,1,3
130078,130082,130083,1,4
130078,130082,130083,1,4
130078,130083,130084,1,5
130078,130083,130084,1,5
130078,130083,130084,1,5
130078,130083,130084,1,5
130078,130082,130083,1,4
130078,130083,130084,1,5
130078,130084,130085,1,6
130078,130084,130085,1,6
130078,130084,130085,1,6
130078,130083,130084,1,5
130078,130083,130084,1,5
130078,130083,130084,1,5
130078,130083,130084,1,5
130078,130084,130085,1,6
130078,130083,130084,1,5
130078,130084,130085,1,6
130078,130084,130085,1,6
130078,130084,130085,1,6
130078,130085,130086,1,7
130078,130085,130086,1,7
130078,130084,130085,1,6
130078,130085,130086,1,7
130078,130085,130086,1,7
130078,130085,130086,1,7
130078,130085,130086,1,7
130078,130085,130086,1,7
130078,130085,130086,1,7
130078,130085,130086,1,7
130078,130085,130086,1,7
130078,130085,130086,1,7
130078,130085,130086,1,7
130078,130086,130087,1,8
130078,130085,130086,1,7
130078,130086,130087,1,8
130078,130086,130087,1,8
130078,130086,130087,1,8
130078,130086,130087,1,8
130078,130086,130087,1,8
130078,130086,130087,1,8
130078,130086,130087,1,8
130078,130086,130087,1,8
129401,129407,130103,696,6
130105,130105,130106,1,0
130105,130105,130106,1,0
130105,130105,130106,1,0
130105,130105,130106,1,0
130105,130105,130106,1,0
130105,130105,130106,1,0
130105,130105,130106,1,0
130105,130105,130106,1,0
130105,130105,130106,1,0
130105,130105,130107,2,0
130105,130105,130107,2,0
130105,130105,130107,2,0
130105,130106,130107,1,1
130105,130106,130107,1,1
130105,130105,130107,2,0
130105,130105,130107,2,0
130105,130106,130108,2,1
130105,130106,130108,2,1
130105,130106,130108,2,1
130105,130106,130108,2,1
130105,130107,130108,1,2
130105,130107,130108,1,2
130105,130107,130108,1,2
130105,130107,130108,1,2
130105,130107,130108,1,2
130105,130106,130109,3,1
130105,130108,130109,1,3
130105,130108,130109,1,3
130105,130108,130109,1,3
130105,130108,130109,1,3
130105,130108,130109,1,3
130105,130108,130109,1,3
130105,130109,130110,1,4
130105,130109,130110,1,4
130105,130110,130111,1,5
130105,130108,130110,2,3
130105,130109,130111,2,4
130105,130109,130111,2,4
130105,130109,130111,2,4
130105,130108,130110,2,3
130105,130109,130110,1,4
130105,130109,130110,1,4
130105,130110,130111,1,5
130105,130110,130111,1,5
130105,130111,130112,1,6
130105,130111,130112,1,6
130105,130111,130112,1,6
130105,130112,130113,1,7
130105,130111,130112,1,6
130105,130111,130112,1,6
130105,130111,130112,1,6
130105,130111,130112,1,6
130105,130111,130112,1,6
130105,130111,130112,1,6
130105,130111,130112,1,6
130105,130111,130112,1,6
130105,130111,130112,1,6
130105,130111,130112,1,6
130105,130112,130113,1,7
130105,130111,130113,2,6
130105,130113,130114,1,8
130105,130113,130114,1,8
130105,130113,130114,1,8
130105,130113,130114,1,8
130105,130114,130115,1,9
130105,130114,130115,1,9
130105,130114,130115,1,9
130105,130114,130115,1,9
130105,130114,130115,1,9
130105,130114,130115,1,9
130105,130114,130115,1,9
130105,130114,130115,1,9
130105,130114,130115,1,9
129654,129660,130148,488,6
130150,130150,130151,1,0
130150,130150,130151,1,0
130150,130151,130152,1,1
130150,130150,130151,1,0
130150,130150,130151,1,0
130150,130150,130151,1,0
130150,130150,130151,1,0
130150,130151,130152,1,1
130150,130151,130152,1,1
130150,130151,130152,1,1
130150,130150,130153,3,0
130150,130152,130153,1,2
130150,130152,130153,1,2
130150,130151,130152,1,1
130150,130152,130153,1,2
130150,130151,130152,1,1
130150,130152,130153,1,2
130150,130152,130153,1,2
130150,130152,130153,1,2
130150,130150,130153,3,0
130150,130152,130153,1,2
130150,130152,130153,1,2
130150,130152,130153,1,2
130150,130153,130154,1,3
130150,130153,130154,1,3
130150,130153,130154,1,3
130150,130152,130153,1,2
130150,130152,130153,1,2
130150,130153,130154,1,3
130150,130153,130154,1,3
130150,130153,130154,1,3
130150,130153,130154,1,3
130150,130154,130155,1,4
130150,130154,130155,1,4
130150,130154,130155,1,4
130150,130154,130155,1,4
130150,130154,130155,1,4
130150,130154,130155,1,4
130150,130154,130155,1,4
130150,130154,130155,1,4
130150,130154,130155,1,4
130150,130153,130155,2,3
130150,130155,130156,1,5
130150,130154,130155,1,4
130150,130154,130155,1,4
130150,130155,130156,1,5
130150,130155,130156,1,5
130150,130155,130156,1,5
130150,130154,130155,1,4
130150,130154,130155,1,4
130150,130154,130155,1,4
130150,130155,130156,1,5
130150,130155,130156,1,5
130150,130156,130157,1,6
130150,130156,130157,1,6
130150,130156,130157,1,6
130150,130156,130157,1,6
130150,130156,130157,1,6
130150,130155,130156,1,5
130150,130156,130157,1,6
130150,130156,130157,1,6
130150,130156,130157,1,6
130150,130156,130157,1,6
130150,130156,130157,1,6
130150,130156,130157,1,6
130150,130156,130157,1,6
130150,130156,130157,1,6
130150,130157,130158,1,7
130150,130157,130158,1,7
130150,130157,130158,1,7
130150,130157,130158,1,7
130150,130157,130158,1,7
130150,130157,130158,1,7
130150,130157,130158,1,7
130150,130157,130158,1,7
130150,130157,130158,1,7
130150,130157,130158,1,7
130150,130157,130158,1,7
130150,130157,130158,1,7
130150,130157,130158,1,7
130150,130157,130158,1,7
130150,130158,130159,1,8
130150,130158,130159,1,8
130150,130158,130159,1,8
130150,130158,130159,1,8
130150,130160,130161,1,10
130150,130160,130161,1,10
129451,129456,130164,708,5
129414,129426,130169,743,12
130180,130180,130181,1,0
130180,130180,130181,1,0
130180,130180,130181,1,0
130180,130180,130181,1,0
130180,130180,130182,2,0
130180,130180,130181,1,0
130180,130181,130182,1,1
130180,130180,130183,3,0
130180,130181,130182,1,1
130180,130181,130182,1,1
130180,130181,130182,1,1
130180,130181,130182,1,1
130180,130181,130182,1,1
130180,130181,130183,2,1
130180,130181,130182,1,1
130180,130181,130182,1,1
130180,130181,130183,2,1
130180,130182,130183,1,2
130180,130182,130183,1,2
130180,130182,130183,1,2
130180,130181,130183,2,1
130180,130182,130183,1,2
130180,130183,130184,1,3
130180,130183,130184,1,3
130180,130183,130184,1,3
130180,130182,130183,1,2
130180,130183,130184,1,3
130180,130181,130183,2,1
130180,130183,130185,2,3
130180,130183,130184,1,3
130180,130183,130184,1,3
130180,130183,130184,1,3
130180,130184,130185,1,4
130180,130184,130185,1,4
130180,130184,130185,1,4
130180,130184,130185,1,4
130180,130184,130185,1,4
130180,130184,130185,1,4
130180,130184,130186,2,4
130180,130184,130185,1,4
130180,130184,130185,1,4
130180,130184,130185,1,4
130180,130184,130185,1,4
130180,130184,130185,1,4
130180,130184,130186,2,4
130180,130186,130187,1,6
130180,130184,130186,2,4
130180,130185,130186,1,5
130180,130186,130187,1,6
130180,130186,130187,1,6
130180,130186,130187,1,6
130180,130186,130187,1,6
130180,130186,130187,1,6
130180,130186,130187,1,6
130180,130186,130187,1,6
130180,130186,130187,1,6
130180,130185,130186,1,5
130180,130186,130187,1,6
130180,130186,130187,1,6
130180,130185,130186,1,5
130180,130185,130186,1,5
130180,130186,130187,1,6
130180,130187,130188,1,7
130180,130187,130188,1,7
130180,130187,130188,1,7
130180,130187,130188,1,7
130180,130187,130188,1,7
130180,130187,130188,1,7
130180,130186,130187,1,6
130180,130187,130188,1,7
130180,130187,130188,1,7
130180,130187,130188,1,7
130180,130187,130188,1,7
130180,130187,130188,1,7
130180,130187,130188,1,7
130180,130187,130188,1,7
130180,130187,130188,1,7
130180,130187,130188,1,7
130180,130187,130188,1,7
130180,130188,130189,1,8
130180,130187,130188,1,7
130180,130188,130189,1,8
130180,130188,130189,1,8
130180,130188,130189,1,8
130180,130188,130189,1,8
130182,130188,130189,1,6
130182,130188,130189,1,6
130182,130188,130189,1,6
130182,130188,130189,1,6
130182,130188,130189,1,6
130182,130188,130189,1,6
130180,130188,130189,1,8
130182,130188,130189,1,6
130182,130188,130190,2,6
130182,130188,130190,2,6
130182,130188,130190,2,6
130182,130189,130191,2,7
130182,130189,130190,1,7
130182,130189,130191,2,7
130182,130189,130191,2,7
130182,130189,130191,2,7
130182,130189,130191,2,7
130182,130189,130191,2,7
130182,130190,130191,1,8
130182,130190,130191,1,8
130182,130190,130192,2,8
130182,130190,130191,1,8
130182,130190,130192,2,8
130182,130191,130192,1,9
130182,130191,130192,1,9
130182,130190,130192,2,8
130182,130191,130192,1,9
130182,130191,130192,1,9
130182,130191,130192,1,9
130182,130191,130192,1,9
130182,130189,130192,3,7
130182,130191,130192,1,9
130182,130190,130192,2,8
130182,130191,130192,1,9
130182,130192,130193,1,10
130182,130191,130192,1,9
130182,130192,130193,1,10
130182,130191,130192,1,9
130182,130192,130193,1,10
130182,130192,130193,1,10
130182,130193,130194,1,11
130182,130192,130193,1,10
130182,130192,130194,2,10
130182,130192,130193,1,10
130182,130192,130194,2,10
130182,130192,130194,2,10
130182,130192,130194,2,10
130182,130193,130194,1,11
130182,130193,130194,1,11
130182,130193,130194,1,11
130182,130193,130194,1,11
130182,130193,130194,1,11
130182,130194,130195,1,12
130182,130193,130195,2,11
130182,130193,130194,1,11
130182,130194,130195,1,12
130182,130193,130195,2,11
130182,130194,130195,1,12
130182,130194,130195,1,12
130182,130195,130196,1,13
130182,130195,130196,1,13
130182,130195,130196,1,13
130182,130195,130196,1,13
130182,130194,130195,1,12
130182,130195,130196,1,13
130182,130195,130196,1,13
130182,130195,130196,1,13
130182,130195,130196,1,13
130182,130195,130196,1,13
130182,130196,130197,1,14
130182,130196,130197,1,14
130182,130196,130197,1,14
130182,130195,130196,1,13
130182,130195,130196,1,13
130182,130195,130196,1,13
130182,130196,130197,1,14
130182,130196,130197,1,14
130182,130197,130198,1,15
130182,130197,130198,1,15
130182,130197,130198,1,15
130182,130197,130198,1,15
130182,130197,130198,1,15
130182,130197,130198,1,15
130182,130196,130198,2,14
130182,130200,130201,1,18
129723,129730,130205,475,7
130210,130210,130211,1,0
130210,130210,130211,1,0
130210,130210,130211,1,0
130210,130210,130211,1,0
130210,130210,130211,1,0
130210,130210,130211,1,0
130210,130210,130211,1,0
130210,130210,130211,1,0
130210,130210,130211,1,0
130210,130210,130211,1,0
130210,130210,130211,1,0
130210,130210,130211,1,0
130210,130210,130212,2,0
130210,130210,130212,2,0
130210,130210,130212,2,0
130210,130211,130212,1,1
130210,130211,130212,1,1
130210,130211,130212,1,1
130210,130211,130212,1,1
130210,130211,130212,1,1
130210,130211,130212,1,1
130210,130210,130212,2,0
130210,130211,130212,1,1
130210,130210,130212,2,0
130210,130212,130213,1,2
130210,130211,130213,2,1
130210,130212,130213,1,2
130210,130211,130213,2,1
130210,130211,130213,2,1
130210,130211,130213,2,1
130210,130211,130213,2,1
130210,130212,130213,1,2
130210,130212,130214,2,2
130210,130212,130214,2,2
130210,130213,130214,1,3
130210,130213,130214,1,3
130210,130213,130214,1,3
130210,130214,130215,1,4
130210,130213,130214,1,3
130210,130214,130215,1,4
130210,130213,130214,1,3
130210,130213,130215,2,3
130210,130213,130215,2,3
130210,130214,130215,1,4
130210,130214,130215,1,4
130210,130214,130215,1,4
130210,130214,130215,1,4
130210,130214,130216,2,4
130210,130214,130216,2,4
130210,130216,130217,1,6
130210,130216,130217,1,6
130210,130216,130217,1,6
130210,130216,130217,1,6
130210,130217,130218,1,7
130210,130217,130218,1,7
130210,130217,130218,1,7
130210,130217,130218,1,7
130210,130217,130218,1,7
130210,130217,130218,1,7
130210,130217,130218,1,7
130210,130217,130218,1,7
130210,130218,130219,1,8
130210,130217,130218,1,7
130210,130218,130219,1,8
129792,129799,130276,477,7
130276,130276,130277,1,0
129751,129763,130277,514,12
130276,130276,130277,1,0
130276,130276,130277,1,0
130276,130276,130277,1,0
130276,130276,130277,1,0
130276,130276,130277,1,0
130276,130276,130278,2,0
130276,130278,130279,1,2
130276,130279,130280,1,3
130276,130278,130279,1,2
130276,130278,130279,1,2
130276,130278,130279,1,2
130276,130278,130279,1,2
130276,130278,130279,1,2
130276,130278,130279,1,2
130276,130277,130280,3,1
130276,130279,130280,1,3
130276,130279,130280,1,3
130276,130279,130280,1,3
130276,130280,130281,1,4
130276,130280,130281,1,4
130276,130280,130281,1,4
130276,130281,130282,1,5
130276,130281,130282,1,5
130276,130280,130281,1,4
130276,130280,130281,1,4
130276,130280,130281,1,4
130276,130281,130282,1,5
130276,130281,130282,1,5
130276,130281,130282,1,5
130276,130281,130282,1,5
130276,130280,130282,2,4
130276,130281,130282,1,5
130276,130282,130283,1,6
130276,130282,130283,1,6
130276,130282,130283,1,6
130276,130281,130282,1,5
130276,130282,130283,1,6
130276,130281,130282,1,5
130276,130281,130282,1,5
130276,130282,130283,1,6
130276,130282,130283,1,6
130276,130282,130283,1,6
130276,130282,130283,1,6
130276,130282,130283,1,6
130276,130279,130282,3,3
130276,130282,130283,1,6
130276,130282,130283,1,6
130276,130283,130284,1,7
130276,130283,130284,1,7
130276,130282,130283,1,6
130276,130283,130284,1,7
130276,130283,130284,1,7
130276,130283,130284,1,7
130276,130283,130284,1,7
130276,130283,130284,1,7
130276,130283,130284,1,7
130276,130283,130284,1,7
130276,130283,130284,1,7
130276,130283,130284,1,7
130276,130284,130285,1,8
130276,130284,130285,1,8
130276,130284,130285,1,8
130276,130283,130284,1,7
130276,130284,130285,1,8
130276,130284,130285,1,8
130276,130284,130285,1,8
130276,130284,130285,1,8
130278,130284,130285,1,6
130278,130284,130285,1,6
130278,130284,130285,1,6
130278,130284,130285,1,6
130276,130284,130285,1,8
130276,130284,130285,1,8
130276,130284,130285,1,8
130278,130285,130286,1,7
130278,130285,130286,1,7
130278,130285,130286,1,7
130278,130285,130286,1,7
130278,130285,130286,1,7
130278,130285,130286,1,7
130278,130285,130286,1,7
130278,130285,130286,1,7
130278,130285,130286,1,7
130278,130286,130287,1,8
129477,129483,130287,804,6
130278,130286,130287,1,8
130278,130286,130287,1,8
130278,130286,130287,1,8
130278,130286,130287,1,8
130278,130286,130287,1,8
130278,130286,130287,1,8
130278,130286,130287,1,8
130278,130286,130287,1,8
130278,130286,130287,1,8
130278,130286,130287,1,8
130278,130286,130287,1,8
130278,130287,130288,1,9
130278,130286,130288,2,8
130278,130287,130288,1,9
130278,130287,130288,1,9
130278,130287,130288,1,9
130278,130287,130288,1,9
130278,130287,130288,1,9
130278,130287,130288,1,9
130278,130288,130289,1,10
130278,130287,130289,2,9
130278,130287,130289,2,9
130278,130287,130289,2,9
130278,130287,130289,2,9
130278,130287,130289,2,9
130278,130287,130289,2,9
130278,130287,130289,2,9
130278,130288,130289,1,10
130278,130288,130289,1,10
130278,130288,130289,1,10
130278,130288,130289,1,10
130278,130288,130289,1,10
130278,130288,130289,1,10
130278,130289,130290,1,11
130278,130289,130290,1,11
130278,130289,130290,1,11
130278,130289,130290,1,11
130278,130289,130290,1,11
130278,130289,130290,1,11
130278,130289,130290,1,11
130278,130289,130290,1,11
130278,130290,130291,1,12
130278,130290,130291,1,12
130278,130290,130291,1,12
130278,130290,130291,1,12
130278,130290,130291,1,12
130278,130290,130291,1,12
130278,130290,130291,1,12
130278,130290,130291,1,12
130278,130290,130291,1,12
130278,130290,130291,1,12
130278,130291,130292,1,13
130278,130291,130292,1,13
130278,130291,130292,1,13
130278,130291,130292,1,13
130278,130292,130293,1,14
130278,130291,130292,1,13
129552,129559,130295,736,7
130306,130306,130307,1,0
130306,130306,130307,1,0
130306,130306,130307,1,0
130306,130306,130307,1,0
130306,130306,130307,1,0
130306,130306,130307,1,0
130306,130306,130307,1,0
130306,130306,130307,1,0
130306,130306,130307,1,0
130306,130306,130307,1,0
130306,130306,130308,2,0
130306,130307,130308,1,1
130306,130306,130308,2,0
130306,130306,130307,1,0
130306,130307,130308,1,1
130306,130307,130308,1,1
130306,130306,130307,1,0
130306,130306,130307,1,0
130306,130306,130308,2,0
130306,130307,130308,1,1
130306,130307,130308,1,1
130306,130307,130308,1,1
130306,130307,130308,1,1
130306,130307,130308,1,1
130306,130307,130308,1,1
130306,130308,130309,1,2
130306,130308,130309,1,2
130306,130307,130308,1,1
130306,130308,130309,1,2
130306,130308,130309,1,2
130306,130308,130309,1,2
130306,130308,130309,1,2
130306,130308,130309,1,2
130306,130307,130308,1,1
130306,130307,130309,2,1
130306,130309,130310,1,3
130306,130308,130310,2,2
130306,130308,130310,2,2
130306,130308,130310,2,2
130306,130309,130310,1,3
130306,130309,130310,1,3
130306,130308,130310,2,2
130306,130309,130310,1,3
130306,130309,130310,1,3
130306,130309,130310,1,3
130306,130309,130310,1,3
130306,130309,130310,1,3
130306,130309,130311,2,3
130306,130310,130311,1,4
130306,130309,130311,2,3
130306,130310,130311,1,4
130306,130311,130312,1,5
130306,130311,130312,1,5
130306,130310,130312,2,4
130306,130310,130312,2,4
130306,130311,130312,1,5
130306,130311,130312,1,5
130306,130311,130312,1,5
130306,130311,130312,1,5
130306,130311,130312,1,5
130306,130311,130313,2,5
130306,130312,130313,1,6
130306,130313,130314,1,7
130306,130313,130314,1,7
130306,130311,130315,4,5
130324,130324,130325,1,0
130324,130324,130325,1,0
130324,130324,130325,1,0
130324,130324,130325,1,0
130324,130324,130325,1,0
130324,130324,130325,1,0
130324,130324,130325,1,0
130324,130324,130325,1,0
130324,130324,130326,2,0
130324,130324,130325,1,0
130324,130324,130326,2,0
130324,130324,130326,2,0
130324,130325,130326,1,1
130324,130325,130326,1,1
130324,130324,130326,2,0
130324,130324,130326,2,0
130324,130325,130326,1,1
130324,130324,130326,2,0
130324,130326,130327,1,2
130324,130325,130326,1,1
130324,130325,130326,1,1
130324,130325,130326,1,1
130324,130325,130327,2,1
130324,130325,130326,1,1
130324,130325,130326,1,1
130324,130326,130327,1,2
130324,130326,130327,1,2
130324,130326,130327,1,2
130324,130326,130327,1,2
130324,130327,130328,1,3
130324,130327,130328,1,3
130324,130327,130328,1,3
130324,130327,130328,1,3
130324,130327,130328,1,3
130324,130327,130328,1,3
130324,130327,130328,1,3
130324,130324,130328,4,0
130324,130327,130328,1,3
130324,130327,130328,1,3
130324,130327,130328,1,3
130324,130328,130329,1,4
130324,130327,130328,1,3
130324,130327,130328,1,3
130324,130327,130328,1,3
130324,130328,130329,1,4
130324,130328,130329,1,4
130324,130328,130329,1,4
130324,130328,130329,1,4
130324,130327,130328,1,3
130324,130328,130329,1,4
130324,130328,130329,1,4
130324,130327,130329,2,3
130324,130328,130329,1,4
130324,130329,130330,1,5
130324,130329,130330,1,5
130324,130329,130330,1,5
130324,130329,130330,1,5
130324,130329,130330,1,5
130324,130329,130330,1,5
130324,130329,130330,1,5
130324,130329,130330,1,5
130324,130330,130331,1,6
130324,130330,130331,1,6
130324,130330,130331,1,6
130324,130330,130331,1,6
130324,130331,130332,1,7
130324,130330,130331,1,6
130324,130331,130332,1,7
130324,130331,130332,1,7
130324,130331,130332,1,7
130324,130331,130332,1,7
130324,130332,130333,1,8
130324,130332,130333,1,8
130324,130332,130333,1,8
129857,129864,130358,494,7
130359,130359,130360,1,0
130359,130359,130360,1,0
130359,130359,130360,1,0
130359,130359,130360,1,0
130359,130359,130360,1,0
130359,130359,130360,1,0
130359,130359,130360,1,0
130359,130359,130360,1,0
130359,130359,130361,2,0
130359,130359,130361,2,0
130359,130359,130361,2,0
130359,130359,130360,1,0
130359,130359,130360,1,0
130359,130360,130361,1,1
130359,130360,130361,1,1
130359,130360,130361,1,1
130359,130360,130361,1,1
130359,130360,130361,1,1
130359,130359,130361,2,0
130359,130360,130361,1,1
130359,130360,130362,2,1
130359,130360,130361,1,1
130359,130360,130361,1,1
130359,130361,130362,1,2
130359,130361,130362,1,2
130359,130359,130362,3,0
130359,130361,130362,1,2
130359,130362,130363,1,3
130359,130361,130362,1,2
130359,130361,130363,2,2
130359,130361,130363,2,2
130359,130361,130362,1,2
130359,130361,130362,1,2
130359,130362,130363,1,3
130359,130362,130363,1,3
130359,130362,130363,1,3
130359,130363,130364,1,4
130359,130362,130363,1,3
130359,130363,130364,1,4
130359,130362,130364,2,3
130359,130362,130364,2,3
130359,130362,130364,2,3
130359,130363,130364,1,4
130359,130363,130364,1,4
130359,130363,130364,1,4
130359,130363,130364,1,4
130359,130363,130364,1,4
130359,130363,130364,1,4
130359,130364,130365,1,5
130359,130363,130364,1,4
130359,130363,130365,2,4
130359,130364,130365,1,5
130359,130364,130365,1,5
130359,130364,130365,1,5
130359,130364,130365,1,5
130359,130364,130365,1,5
130359,130364,130365,1,5
130359,130364,130365,1,5
130359,130364,130365,1,5
130359,130364,130365,1,5
130359,130364,130365,1,5
130359,130365,130366,1,6
130359,130365,130366,1,6
130359,130365,130366,1,6
130359,130365,130366,1,6
130359,130366,130367,1,7
130359,130366,130367,1,7
130359,130366,130367,1,7
130359,130359,130368,9,0
130359,130366,130367,1,7
130359,130367,130368,1,8
130359,130368,130369,1,9
130359,130368,130369,1,9
130359,130366,130368,2,7
130359,130361,130371,10,2
129913,129922,130388,466,9
130389,130389,130390,1,0
130389,130389,130390,1,0
130389,130389,130390,1,0
130389,130389,130390,1,0
130389,130389,130390,1,0
130389,130389,130390,1,0
130389,130389,130390,1,0
130389,130389,130390,1,0
130389,130389,130390,1,0
130389,130389,130390,1,0
130389,130389,130390,1,0
130389,130389,130390,1,0
130389,130389,130391,2,0
130389,130390,130391,1,1
130389,130389,130391,2,0
130389,130390,130391,1,1
130389,130389,130392,3,0
130389,130390,130392,2,1
130389,130390,130392,2,1
130389,130390,130392,2,1
130389,130390,130392,2,1
130389,130390,130392,2,1
130389,130391,130392,1,2
130389,130390,130392,2,1
130389,130390,130392,2,1
130389,130390,130392,2,1
130389,130390,130392,2,1
130389,130390,130392,2,1
130389,130391,130392,1,2
130389,130389,130392,3,0
130389,130391,130393,2,2
130389,130392,130394,2,3
130389,130393,130394,1,4
130389,130393,130394,1,4
130389,130393,130394,1,4
130389,130393,130394,1,4
130389,130393,130394,1,4
130389,130393,130394,1,4
130389,130393,130394,1,4
130389,130393,130394,1,4
130389,130394,130395,1,5
130389,130395,130396,1,6
130389,130395,130396,1,6
130389,130395,130396,1,6
130389,130395,130396,1,6
130389,130395,130396,1,6
130389,130395,130396,1,6
130389,130395,130396,1,6
130389,130396,130397,1,7
130389,130396,130397,1,7
130389,130396,130397,1,7
130389,130397,130398,1,8
130389,130397,130398,1,8
130389,130397,130398,1,8
130389,130397,130398,1,8
130389,130397,130398,1,8
130389,130397,130398,1,8
130389,130397,130398,1,8
130389,130397,130398,1,8
130389,130397,130398,1,8
130389,130398,130399,1,9
130389,130392,130401,9,3
129691,129697,130444,747,6
130446,130446,130447,1,0
130446,130446,130447,1,0
130446,130446,130447,1,0
130446,130446,130447,1,0
130446,130447,130448,1,1
130446,130447,130448,1,1
130446,130447,130448,1,1
130446,130447,130448,1,1
130446,130447,130448,1,1
130446,130447,130448,1,1
130446,130448,130449,1,2
130446,130448,130449,1,2
130446,130447,130449,2,1
130446,130449,130450,1,3
130446,130448,130449,1,2
130446,130448,130449,1,2
130446,130448,130449,1,2
130446,130449,130450,1,3
130446,130449,130450,1,3
130446,130448,130449,1,2
130446,130449,130450,1,3
130446,130449,130450,1,3
130446,130447,130450,3,1
130446,130449,130450,1,3
130446,130449,130450,1,3
130446,130450,130451,1,4
130446,130449,130450,1,3
130446,130450,130451,1,4
129750,129763,130450,687,13
130446,130450,130451,1,4
130446,130450,130451,1,4
130446,130451,130452,1,5
130446,130451,130452,1,5
130446,130451,130452,1,5
130446,130451,130452,1,5
130446,130450,130451,1,4
130446,130451,130452,1,5
130446,130451,130452,1,5
130446,130450,130451,1,4
130446,130450,130451,1,4
130446,130450,130451,1,4
130446,130451,130452,1,5
130446,130451,130452,1,5
130446,130451,130452,1,5
130446,130451,130452,1,5
130446,130452,130453,1,6
130446,130452,130453,1,6
130446,130452,130453,1,6
130446,130452,130453,1,6
130446,130452,130453,1,6
130446,130452,130453,1,6
130446,130452,130453,1,6
130446,130452,130453,1,6
130446,130452,130453,1,6
130446,130452,130453,1,6
130446,130452,130453,1,6
130446,130452,130453,1,6
130446,130452,130453,1,6
130446,130453,130454,1,7
130446,130452,130453,1,6
130446,130453,130454,1,7
130446,130453,130454,1,7
130446,130453,130454,1,7
130446,130453,130454,1,7
130446,130453,130454,1,7
130446,130453,130454,1,7
130446,130453,130454,1,7
130446,130453,130454,1,7
130446,130453,130454,1,7
130446,130453,130454,1,7
130446,130453,130454,1,7
130446,130453,130454,1,7
130446,130453,130454,1,7
130446,130454,130455,1,8
130446,130453,130454,1,7
130446,130453,130454,1,7
130446,130454,130455,1,8
130446,130454,130455,1,8
130446,130454,130455,1,8
130446,130454,130455,1,8
130452,130454,130455,1,2
130446,130454,130455,1,8
130446,130454,130455,1,8
130446,130454,130455,1,8
130446,130454,130455,1,8
130452,130454,130455,1,2
130452,130454,130455,1,2
130452,130454,130455,1,2
130452,130454,130455,1,2
130452,130455,130456,1,3
130452,130455,130456,1,3
130446,130451,130455,4,5
130452,130455,130456,1,3
130452,130455,130456,1,3
130452,130455,130456,1,3
130452,130455,130456,1,3
130452,130455,130456,1,3
130452,130455,130456,1,3
130452,130455,130456,1,3
130452,130455,130456,1,3
130452,130455,130456,1,3
130452,130455,130456,1,3
130452,130455,130456,1,3
130452,130455,130456,1,3
130452,130456,130457,1,4
130452,130456,130457,1,4
130452,130456,130457,1,4
130452,130456,130457,1,4
130452,130455,130457,2,3
130452,130456,130457,1,4
130452,130456,130457,1,4
130452,130456,130457,1,4
130452,130456,130457,1,4
130452,130456,130457,1,4
130452,130456,130457,1,4
130452,130456,130457,1,4
130452,130456,130457,1,4
130452,130457,130458,1,5
130452,130457,130458,1,5
130452,130457,130458,1,5
130452,130457,130458,1,5
130452,130457,130458,1,5
130452,130457,130458,1,5
130452,130458,130459,1,6
130452,130458,130459,1,6
130452,130458,130459,1,6
130452,130457,130458,1,5
130452,130458,130459,1,6
130452,130458,130459,1,6
130452,130458,130459,1,6
130452,130457,130458,1,5
130452,130458,130459,1,6
130452,130458,130459,1,6
130452,130458,130459,1,6
130452,130458,130459,1,6
130452,130458,130459,1,6
130452,130459,130460,1,7
130452,130459,130460,1,7
130452,130459,130460,1,7
130452,130459,130460,1,7
130452,130458,130459,1,6
130452,130458,130459,1,6
130452,130458,130459,1,6
130452,130459,130460,1,7
130452,130459,130460,1,7
130452,130459,130460,1,7
130452,130460,130461,1,8
130452,130460,130461,1,8
130452,130460,130461,1,8
130452,130460,130461,1,8
130452,130460,130461,1,8
130452,130460,130461,1,8
130452,130460,130461,1,8
130452,130460,130461,1,8
130452,130460,130461,1,8
130452,130460,130461,1,8
130452,130460,130461,1,8
130452,130461,130462,1,9
130452,130460,130461,1,8
130452,130461,130462,1,9
130452,130461,130462,1,9
130452,130461,130462,1,9
130452,130461,130462,1,9
130452,130461,130462,1,9
130452,130461,130462,1,9
130452,130461,130462,1,9
130452,130461,130462,1,9
130452,130461,130463,2,9
130452,130461,130463,2,9
129774,129779,130473,694,5
130000,130008,130483,475,8
130493,130493,130494,1,0
130493,130493,130494,1,0
130493,130493,130494,1,0
130493,130493,130494,1,0
130493,130493,130494,1,0
130493,130493,130494,1,0
130493,130493,130494,1,0
130493,130493,130494,1,0
130493,130493,130494,1,0
130493,130493,130494,1,0
130493,130494,130495,1,1
130493,130494,130495,1,1
130493,130494,130495,1,1
130493,130493,130494,1,0
130493,130494,130495,1,1
130493,130494,130495,1,1
130493,130494,130495,1,1
130493,130494,130495,1,1
130493,130494,130495,1,1
130493,130494,130495,1,1
130493,130494,130495,1,1
130493,130495,130496,1,2
130493,130494,130496,2,1
130493,130495,130496,1,2
130493,130495,130496,1,2
130493,130494,130495,1,1
130493,130495,130496,1,2
130493,130494,130495,1,1
130493,130495,130496,1,2
130493,130495,130496,1,2
130493,130494,130495,1,1
130493,130494,130495,1,1
130493,130494,130495,1,1
130493,130495,130496,1,2
130493,130495,130497,2,2
130493,130496,130497,1,3
130493,130495,130497,2,2
130493,130495,130497,2,2
130493,130495,130497,2,2
130493,130495,130497,2,2
130493,130496,130497,1,3
130493,130496,130498,2,3
130493,130496,130497,1,3
130493,130496,130497,1,3
130493,130496,130497,1,3
130493,130496,130497,1,3
130493,130496,130498,2,3
130493,130496,130497,1,3
130493,130496,130497,1,3
130493,130497,130498,1,4
130493,130496,130497,1,3
130493,130497,130498,1,4
130493,130497,130498,1,4
130493,130497,130498,1,4
130493,130496,130498,2,3
130493,130497,130498,1,4
130493,130497,130498,1,4
130493,130498,130499,1,5
130493,130498,130499,1,5
130493,130498,130499,1,5
130493,130497,130499,2,4
130493,130498,130499,1,5
130493,130498,130499,1,5
130493,130498,130499,1,5
130493,130498,130499,1,5
130493,130498,130499,1,5
130493,130498,130499,1,5
130493,130498,130499,1,5
130493,130499,130500,1,6
130493,130498,130499,1,5
130493,130499,130500,1,6
130493,130499,130500,1,6
130493,130499,130500,1,6
130493,130499,130500,1,6
130493,130499,130500,1,6
130493,130499,130500,1,6
130493,130500,130501,1,7
130493,130500,130501,1,7
130493,130500,130501,1,7
130493,130500,130501,1,7
130493,130499,130500,1,6
130493,130500,130501,1,7
130493,130500,130501,1,7
130493,130499,130501,2,6
130493,130499,130500,1,6
130493,130500,130501,1,7
130493,130500,130501,1,7
130493,130500,130501,1,7
130493,130500,130501,1,7
130493,130500,130501,1,7
130493,130501,130502,1,8
130493,130501,130502,1,8
130493,130501,130502,1,8
130493,130501,130502,1,8
130493,130501,130502,1,8
130493,130501,130502,1,8
130493,130501,130502,1,8
130493,130501,130502,1,8
130493,130501,130503,2,8
130493,130501,130503,2,8
130493,130501,130503,2,8
130493,130501,130503,2,8
130493,130502,130503,1,9
130493,130502,130503,1,9
130493,130502,130503,1,9
130493,130502,130504,2,9
130493,130502,130504,2,9
130493,130502,130503,1,9
130493,130502,130503,1,9
130493,130502,130504,2,9
130493,130502,130504,2,9
130493,130502,130504,2,9
130493,130502,130504,2,9
130493,130502,130504,2,9
130493,130503,130504,1,10
130493,130502,130504,2,9
130493,130504,130505,1,11
130493,130504,130505,1,11
130493,130504,130505,1,11
130493,130504,130505,1,11
130493,130505,130506,1,12
130493,130505,130506,1,12
130493,130505,130506,1,12
130493,130505,130506,1,12
130493,130504,130505,1,11
130493,130504,130506,2,11
130493,130504,130506,2,11
130493,130504,130506,2,11
130493,130504,130505,1,11
130493,130505,130506,1,12
130493,130504,130506,2,11
130493,130505,130506,1,12
130493,130505,130506,1,12
130493,130506,130507,1,13
130493,130506,130507,1,13
130493,130506,130507,1,13
130493,130506,130507,1,13
130493,130506,130507,1,13
130493,130506,130507,1,13
130493,130506,130507,1,13
130493,130506,130507,1,13
130493,130506,130507,1,13
130493,130506,130507,1,13
130493,130507,130508,1,14
130493,130507,130508,1,14
130493,130507,130508,1,14
130493,130507,130508,1,14
130493,130507,130508,1,14
130493,130507,130508,1,14
130493,130507,130508,1,14
130493,130507,130508,1,14
130493,130507,130508,1,14
130493,130508,130509,1,15
130493,130508,130509,1,15
130493,130508,130509,1,15
130493,130508,130509,1,15
129846,129855,130569,714,9
130571,130571,130572,1,0
130571,130571,130572,1,0
130571,130571,130572,1,0
130571,130571,130572,1,0
130571,130571,130572,1,0
130571,130571,130572,1,0
130571,130571,130572,1,0
130571,130571,130572,1,0
130571,130571,130572,1,0
130571,130571,130572,1,0
130571,130571,130572,1,0
130571,130571,130572,1,0
130571,130571,130572,1,0
130571,130571,130572,1,0
130571,130571,130572,1,0
130571,130572,130573,1,1
130571,130572,130573,1,1
130571,130572,130573,1,1
130571,130572,130573,1,1
130571,130571,130572,1,0
130571,130573,130574,1,2
130571,130572,130573,1,1
130571,130572,130573,1,1
130571,130572,130574,2,1
130571,130573,130574,1,2
130571,130573,130574,1,2
130571,130573,130574,1,2
130571,130572,130573,1,1
130571,130572,130573,1,1
130571,130572,130573,1,1
130571,130572,130573,1,1
130571,130572,130573,1,1
130571,130572,130573,1,1
130571,130572,130573,1,1
130571,130573,130574,1,2
130571,130573,130574,1,2
130571,130574,130575,1,3
130571,130574,130575,1,3
130571,130574,130575,1,3
130571,130574,130575,1,3
130571,130573,130574,1,2
130571,130574,130575,1,3
130571,130574,130575,1,3
130571,130574,130575,1,3
130571,130574,130575,1,3
130571,130574,130575,1,3
130571,130574,130575,1,3
130571,130574,130575,1,3
130571,130574,130576,2,3
130571,130575,130576,1,4
130571,130574,130575,1,3
130571,130574,130575,1,3
130571,130575,130576,1,4
130571,130575,130576,1,4
130571,130575,130576,1,4
130571,130575,130576,1,4
130571,130575,130576,1,4
130571,130575,130576,1,4
130571,130575,130576,1,4
130571,130575,130576,1,4
130571,130575,130576,1,4
130571,130575,130576,1,4
130571,130575,130576,1,4
130571,130575,130576,1,4
130571,130576,130577,1,5
130571,130576,130577,1,5
130571,130576,130577,1,5
130571,130576,130577,1,5
130571,130576,130577,1,5
130571,130577,130578,1,6
130571,130577,130578,1,6
130571,130577,130578,1,6
130571,130576,130577,1,5
130571,130577,130578,1,6
130571,130576,130578,2,5
130571,130577,130578,1,6
130571,130577,130578,1,6
130571,130577,130578,1,6
130571,130577,130578,1,6
130571,130575,130578,3,4
130571,130577,130578,1,6
130571,130578,130579,1,7
130571,130578,130579,1,7
130571,130578,130579,1,7
130571,130577,130578,1,6
130571,130578,130579,1,7
130571,130577,130579,2,6
130571,130578,130579,1,7
130571,130578,130579,1,7
130571,130578,130579,1,7
130571,130578,130579,1,7
130571,130578,130580,2,7
129874,129881,130606,725,7
130607,130607,130608,1,0
130607,130607,130608,1,0
130607,130607,130608,1,0
130607,130607,130608,1,0
130607,130607,130608,1,0
130607,130607,130608,1,0
130607,130607,130608,1,0
130607,130607,130608,1,0
130607,130607,130608,1,0
130607,130607,130608,1,0
130607,130607,130608,1,0
130607,130607,130609,2,0
130607,130607,130609,2,0
130607,130608,130609,1,1
130607,130608,130609,1,1
130607,130607,130609,2,0
130607,130607,130609,2,0
130607,130607,130610,3,0
130607,130608,130610,2,1
130607,130608,130610,2,1
130607,130607,130610,3,0
130607,130608,130609,1,1
130607,130609,130611,2,2
130607,130608,130610,2,1
130607,130608,130610,2,1
130607,130608,130610,2,1
130607,130608,130610,2,1
130607,130608,130610,2,1
130607,130609,130611,2,2
130607,130608,130610,2,1
130607,130610,130611,1,3
130607,130609,130611,2,2
130607,130611,130612,1,4
130607,130610,130611,1,3
130607,130610,130612,2,3
130607,130610,130612,2,3
130607,130611,130612,1,4
130607,130611,130612,1,4
130607,130610,130612,2,3
130607,130612,130613,1,5
130607,130611,130612,1,4
130607,130611,130612,1,4
130607,130611,130612,1,4
130607,130611,130612,1,4
130607,130611,130612,1,4
130607,130612,130613,1,5
130607,130611,130613,2,4
130607,130612,130613,1,5
130607,130611,130613,2,4
130607,130613,130614,1,6
130607,130613,130614,1,6
130607,130613,130614,1,6
130607,130613,130614,1,6
130607,130613,130614,1,6
130607,130613,130614,1,6
130607,130613,130614,1,6
130607,130613,130614,1,6
130607,130614,130615,1,7
130607,130614,130615,1,7
130607,130614,130615,1,7
130607,130614,130615,1,7
130607,130614,130615,1,7
130607,130614,130615,1,7
130607,130614,130615,1,7
130607,130614,130615,1,7
130607,130615,130616,1,8
130607,130615,130616,1,8
130607,130615,130616,1,8
130607,130615,130616,1,8
130607,130615,130616,1,8
130607,130615,130616,1,8
130607,130615,130616,1,8
130607,130615,130616,1,8
130183,130197,130667,470,14
130668,130668,130669,1,0
130668,130668,130669,1,0
130668,130668,130669,1,0
130668,130668,130669,1,0
130668,130668,130669,1,0
130668,130668,130669,1,0
130668,130668,130670,2,0
130668,130669,130670,1,1
130668,130669,130670,1,1
130668,130668,130669,1,0
130668,130668,130669,1,0
130668,130668,130669,1,0
130668,130668,130670,2,0
130668,130668,130669,1,0
130668,130669,130670,1,1
130668,130669,130670,1,1
130668,130669,130670,1,1
130668,130668,130669,1,0
130668,130669,130671,2,1
130668,130668,130670,2,0
130668,130669,130670,1,1
130668,130669,130671,2,1
130668,130669,130671,2,1
130668,130670,130672,2,2
130668,130670,130671,1,2
130668,130670,130671,1,2
130668,130670,130672,2,2
130668,130670,130672,2,2
130668,130670,130671,1,2
130668,130670,130671,1,2
130668,130670,130671,1,2
130668,130670,130671,1,2
130668,130670,130672,2,2
130668,130671,130673,2,3
130668,130670,130672,2,2
130668,130670,130672,2,2
130668,130671,130673,2,3
130668,130671,130673,2,3
130668,130671,130673,2,3
130668,130671,130673,2,3
130668,130672,130673,1,4
130668,130672,130673,1,4
130668,130672,130674,2,4
130668,130672,130674,2,4
130668,130672,130673,1,4
130668,130672,130673,1,4
130668,130672,130673,1,4
130668,130672,130674,2,4
130668,130672,130674,2,4
130668,130674,130675,1,6
130668,130673,130675,2,5
130668,130673,130675,2,5
130668,130674,130675,1,6
130668,130674,130675,1,6
130668,130674,130675,1,6
130668,130674,130675,1,6
130668,130673,130675,2,5
130668,130673,130675,2,5
130668,130673,130675,2,5
130668,130674,130675,1,6
130668,130672,130675,3,4
130668,130674,130675,1,6
130668,130673,130675,2,5
130668,130675,130676,1,7
130668,130673,130675,2,5
130668,130674,130676,2,6
130668,130674,130675,1,6
130668,130675,130676,1,7
130668,130675,130676,1,7
130668,130675,130676,1,7
130668,130675,130676,1,7
130668,130676,130677,1,8
130668,130676,130677,1,8
130668,130676,130677,1,8
130668,130676,130677,1,8
130668,130676,130677,1,8
130668,130675,130676,1,7
130668,130675,130676,1,7
130668,130676,130677,1,8
130668,130676,130677,1,8
130668,130676,130678,2,8
130668,130677,130678,1,9
130668,130677,130678,1,9
130668,130677,130678,1,9
130668,130677,130678,1,9
130668,130676,130678,2,8
130668,130676,130677,1,8
130668,130677,130678,1,9
130668,130677,130679,2,9
130211,130218,130703,485,7
130705,130705,130706,1,0
130705,130705,130706,1,0
130705,130705,130706,1,0
130705,130705,130706,1,0
130705,130705,130706,1,0
130705,130705,130706,1,0
130705,130705,130706,1,0
130705,130705,130706,1,0
130705,130705,130706,1,0
130705,130706,130707,1,1
130705,130705,130706,1,0
130705,130705,130706,1,0
130705,130705,130707,2,0
130705,130706,130707,1,1
130705,130706,130707,1,1
130705,130707,130708,1,2
130705,130706,130707,1,1
130705,130706,130707,1,1
130705,130706,130707,1,1
130705,130706,130708,2,1
130705,130706,130707,1,1
130705,130706,130707,1,1
130705,130706,130708,2,1
130705,130706,130707,1,1
130705,130707,130709,2,2
130705,130707,130709,2,2
130705,130708,130709,1,3
130705,130707,130708,1,2
130705,130707,130708,1,2
130705,130708,130709,1,3
130705,130707,130709,2,2
130705,130708,130710,2,3
130705,130708,130709,1,3
130705,130709,130710,1,4
130705,130708,130709,1,3
130705,130708,130709,1,3
130705,130708,130709,1,3
130705,130708,130710,2,3
130705,130708,130710,2,3
130705,130708,130710,2,3
130705,130708,130710,2,3
130705,130708,130710,2,3
130705,130709,130711,2,4
130705,130709,130711,2,4
130705,130710,130711,1,5
130705,130710,130711,1,5
130705,130709,130711,2,4
130705,130709,130711,2,4
130705,130710,130711,1,5
130705,130710,130712,2,5
130705,130710,130711,1,5
130705,130711,130712,1,6
130705,130711,130712,1,6
130705,130710,130712,2,5
130705,130710,130711,1,5
130705,130710,130711,1,5
130705,130710,130711,1,5
130705,130711,130712,1,6
130705,130712,130713,1,7
130705,130711,130712,1,6
130705,130711,130712,1,6
130705,130712,130713,1,7
130705,130712,130713,1,7
130705,130711,130712,1,6
130705,130711,130712,1,6
130705,130712,130713,1,7
130705,130712,130713,1,7
130705,130712,130713,1,7
130705,130712,130713,1,7
130705,130713,130714,1,8
130705,130713,130714,1,8
130705,130713,130714,1,8
130705,130712,130713,1,7
130705,130712,130713,1,7
130705,130713,130714,1,8
130705,130713,130714,1,8
130705,130713,130714,1,8
130705,130714,130715,1,9
130705,130714,130715,1,9
130705,130714,130715,1,9
130705,130714,130715,1,9
130705,130713,130715,2,8
130705,130714,130715,1,9
130705,130714,130715,1,9
130705,130714,130715,1,9
130705,130713,130714,1,8
130705,130714,130715,1,9
130705,130714,130715,1,9
130705,130714,130715,1,9
130705,130714,130715,1,9
130003,130018,130749,731,15
130751,130751,130752,1,0
130751,130751,130752,1,0
130751,130751,130752,1,0
130751,130751,130752,1,0
130751,130751,130752,1,0
130751,130751,130752,1,0
130751,130751,130752,1,0
130751,130751,130753,2,0
130751,130751,130753,2,0
130751,130752,130753,1,1
130751,130752,130753,1,1
130751,130752,130753,1,1
130751,130751,130753,2,0
130751,130751,130753,2,0
130751,130751,130753,2,0
130751,130751,130752,1,0
130751,130751,130753,2,0
130751,130752,130754,2,1
130751,130752,130754,2,1
130751,130752,130754,2,1
130751,130752,130754,2,1
130751,130752,130754,2,1
130751,130753,130754,1,2
130751,130754,130755,1,3
130751,130754,130755,1,3
130751,130752,130755,3,1
130751,130754,130755,1,3
130751,130754,130755,1,3
130751,130754,130755,1,3
130751,130754,130755,1,3
130751,130753,130755,2,2
130751,130754,130756,2,3
130751,130756,130757,1,5
130048,130056,130757,701,8
130751,130756,130757,1,5
130751,130756,130757,1,5
130751,130757,130758,1,6
130751,130757,130758,1,6
130751,130757,130758,1,6
130751,130757,130758,1,6
130751,130758,130759,1,7
130751,130758,130759,1,7
130751,130758,130759,1,7
130751,130758,130759,1,7
130751,130758,130759,1,7
130751,130758,130759,1,7
130751,130759,130760,1,8
130751,130759,130760,1,8
130751,130759,130760,1,8
130751,130759,130760,1,8
130751,130759,130760,1,8
130751,130759,130760,1,8
130751,130759,130760,1,8
130751,130759,130760,1,8
130759,130760,130761,1,1
130759,130760,130761,1,1
130759,130760,130761,1,1
130759,130760,130761,1,1
130759,130760,130761,1,1
130759,130760,130761,1,1
130759,130760,130761,1,1
130759,130760,130762,2,1
130759,130761,130762,1,2
130759,130761,130763,2,2
130759,130761,130763,2,2
130759,130761,130763,2,2
130759,130761,130763,2,2
130759,130760,130762,2,1
130759,130761,130763,2,2
130759,130761,130763,2,2
130759,130761,130762,1,2
130759,130761,130762,1,2
130759,130761,130762,1,2
130759,130763,130764,1,4
130759,130762,130764,2,3
130759,130763,130764,1,4
130751,130754,130756,2,3
130759,130763,130764,1,4
130759,130762,130763,1,3
130759,130762,130763,1,3
130759,130763,130764,1,4
130759,130763,130764,1,4
130759,130763,130764,1,4
130759,130764,130765,1,5
130759,130763,130764,1,4
130759,130763,130764,1,4
130759,130763,130765,2,4
130759,130763,130765,2,4
130759,130763,130765,2,4
130759,130764,130765,1,5
130759,130764,130765,1,5
130759,130764,130766,2,5
130759,130764,130765,1,5
130759,130765,130766,1,6
130751,130764,130765,1,13
130751,130764,130765,1,13
130759,130764,130766,2,5
130759,130764,130765,1,5
130759,130765,130766,1,6
130759,130764,130766,2,5
130759,130765,130766,1,6
130759,130764,130766,2,5
130759,130765,130766,1,6
130759,130764,130766,2,5
130759,130765,130766,1,6
130759,130765,130766,1,6
130759,130766,130767,1,7
130759,130766,130767,1,7
130759,130766,130767,1,7
130759,130766,130767,1,7
130759,130765,130767,2,6
130759,130766,130767,1,7
130759,130766,130767,1,7
130759,130766,130767,1,7
130759,130766,130767,1,7
130759,130767,130768,1,8
130759,130767,130768,1,8
130759,130766,130767,1,7
130759,130766,130767,1,7
130759,130766,130767,1,7
130759,130767,130768,1,8
130759,130767,130768,1,8
130759,130767,130768,1,8
130759,130767,130768,1,8
130759,130767,130768,1,8
130759,130767,130768,1,8
130759,130768,130769,1,9
130759,130768,130769,1,9
130759,130768,130769,1,9
130759,130768,130769,1,9
130759,130768,130769,1,9
130759,130768,130769,1,9
130759,130768,130769,1,9
130759,130768,130769,1,9
130759,130769,130770,1,10
130759,130768,130769,1,9
130759,130768,130769,1,9
130279,130292,130772,480,13
130780,130780,130781,1,0
130780,130780,130781,1,0
130780,130780,130781,1,0
130780,130780,130781,1,0
130780,130780,130781,1,0
130780,130780,130781,1,0
130780,130780,130781,1,0
130780,130780,130782,2,0
130780,130780,130782,2,0
130780,130780,130782,2,0
130780,130780,130781,1,0
130780,130780,130781,1,0
130780,130780,130781,1,0
130780,130780,130781,1,0
130780,130780,130782,2,0
130780,130781,130782,1,1
130780,130781,130782,1,1
130780,130781,130782,1,1
130780,130781,130782,1,1
130780,130781,130783,2,1
130780,130781,130783,2,1
130780,130781,130782,1,1
130780,130781,130783,2,1
130780,130782,130784,2,2
130780,130782,130784,2,2
130780,130782,130784,2,2
130780,130782,130783,1,2
130780,130783,130784,1,3
130780,130783,130784,1,3
130780,130783,130784,1,3
130780,130782,130784,2,2
130780,130782,130784,2,2
130780,130782,130784,2,2
130780,130782,130784,2,2
130780,130783,130784,1,3
130780,130783,130785,2,3
130780,130783,130784,1,3
130780,130783,130784,1,3
130780,130784,130785,1,4
130780,130784,130785,1,4
130780,130784,130785,1,4
130780,130783,130784,1,3
130780,130784,130786,2,4
130780,130784,130786,2,4
130780,130784,130786,2,4
130780,130785,130786,1,5
130780,130785,130786,1,5
130780,130784,130786,2,4
130780,130785,130786,1,5
130780,130785,130786,1,5
130780,130785,130786,1,5
130780,130784,130785,1,4
130780,130785,130786,1,5
130780,130785,130786,1,5
130780,130785,130786,1,5
130780,130785,130786,1,5
130780,130786,130787,1,6
130780,130786,130787,1,6
130780,130785,130786,1,5
130780,130785,130787,2,5
130780,130786,130787,1,6
130780,130786,130787,1,6
130780,130786,130787,1,6
130780,130786,130787,1,6
130780,130786,130787,1,6
130780,130786,130787,1,6
130780,130786,130787,1,6
130780,130786,130787,1,6
130780,130784,130787,3,4
130780,130786,130787,1,6
130780,130787,130788,1,7
130780,130787,130788,1,7
130780,130787,130788,1,7
130780,130787,130788,1,7
130780,130787,130788,1,7
130780,130787,130788,1,7
130780,130787,130788,1,7
130780,130788,130789,1,8
130780,130788,130789,1,8
130780,130788,130789,1,8
130780,130788,130789,1,8
130780,130788,130789,1,8
130780,130788,130789,1,8
130107,130114,130814,700,7
130817,130817,130818,1,0
130817,130817,130818,1,0
130817,130817,130818,1,0
130817,130817,130818,1,0
130817,130817,130818,1,0
130817,130817,130818,1,0
130817,130817,130819,2,0
130817,130817,130819,2,0
130817,130817,130819,2,0
130817,130817,130819,2,0
130817,130817,130819,2,0
130817,130818,130819,1,1
130817,130818,130819,1,1
130817,130818,130819,1,1
130817,130818,130819,1,1
130817,130818,130819,1,1
130817,130819,130820,1,2
130817,130819,130820,1,2
130817,130819,130820,1,2
130817,130820,130821,1,3
130817,130818,130820,2,1
130817,130819,130820,1,2
130817,130819,130821,2,2
130817,130819,130821,2,2
130817,130819,130820,1,2
130817,130820,130821,1,3
130817,130820,130821,1,3
130817,130820,130821,1,3
130817,130820,130821,1,3
130817,130820,130821,1,3
130817,130820,130821,1,3
130817,130821,130822,1,4
130817,130821,130822,1,4
130817,130820,130821,1,3
130817,130821,130822,1,4
130817,130820,130822,2,3
130817,130822,130823,1,5
130817,130821,130822,1,4
130817,130821,130822,1,4
130817,130821,130822,1,4
130817,130822,130823,1,5
130817,130821,130822,1,4
130817,130821,130822,1,4
130817,130821,130822,1,4
130817,130822,130823,1,5
130817,130822,130823,1,5
130817,130822,130823,1,5
130817,130822,130823,1,5
130817,130822,130823,1,5
130817,130822,130823,1,5
130817,130823,130824,1,6
130817,130823,130824,1,6
130817,130823,130824,1,6
130817,130822,130823,1,5
130817,130823,130824,1,6
130817,130823,130824,1,6
130817,130823,130824,1,6
130817,130823,130824,1,6
130817,130824,130825,1,7
130817,130824,130825,1,7
130817,130824,130825,1,7
130817,130824,130825,1,7
130817,130823,130824,1,6
130817,130823,130824,1,6
130817,130823,130824,1,6
130817,130823,130824,1,6
130817,130824,130825,1,7
130817,130824,130825,1,7
130817,130825,130826,1,8
130817,130825,130826,1,8
130817,130825,130826,1,8
130817,130825,130826,1,8
130817,130825,130826,1,8
130817,130825,130826,1,8
130817,130825,130826,1,8
130817,130825,130826,1,8
130817,130825,130826,1,8
130817,130825,130826,1,8
130817,130825,130826,1,8
130817,130825,130826,1,8
130817,130825,130826,1,8
130817,130825,130826,1,8
130817,130826,130827,1,9
130817,130826,130827,1,9
130307,130314,130831,517,7
130833,130833,130834,1,0
130833,130833,130834,1,0
130833,130833,130834,1,0
130833,130833,130834,1,0
130833,130833,130834,1,0
130833,130833,130834,1,0
130833,130833,130834,1,0
130833,130833,130834,1,0
130833,130833,130834,1,0
130833,130833,130834,1,0
130833,130833,130834,1,0
130833,130833,130834,1,0
130833,130834,130835,1,1
130833,130834,130835,1,1
130833,130833,130834,1,0
130833,130833,130834,1,0
130833,130834,130835,1,1
130833,130833,130835,2,0
130833,130834,130835,1,1
130079,130086,130835,749,7
130833,130834,130835,1,1
130833,130834,130835,1,1
130833,130834,130835,1,1
130833,130834,130836,2,1
130833,130835,130836,1,2
130833,130834,130836,2,1
130833,130834,130835,1,1
130817,130835,130836,1,18
130833,130835,130837,2,2
130833,130835,130836,1,2
130833,130834,130836,2,1
130833,130835,130837,2,2
130833,130835,130837,2,2
130833,130836,130837,1,3
130833,130835,130837,2,2
130833,130835,130837,2,2
130833,130835,130837,2,2
130833,130835,130838,3,2
130833,130836,130838,2,3
130833,130836,130838,2,3
130833,130837,130838,1,4
130833,130836,130838,2,3
130833,130837,130838,1,4
130833,130836,130838,2,3
130833,130837,130838,1,4
130833,130837,130838,1,4
130833,130836,130838,2,3
130833,130835,130838,3,2
130833,130836,130838,2,3
130833,130837,130838,1,4
130833,130837,130838,1,4
130833,130836,130839,3,3
130833,130837,130838,1,4
130833,130838,130839,1,5
130833,130838,130839,1,5
130833,130837,130839,2,4
130833,130837,130839,2,4
130833,130839,130840,1,6
130833,130839,130840,1,6
130833,130839,130840,1,6
130833,130839,130840,1,6
130833,130839,130841,2,6
130833,130839,130841,2,6
130833,130840,130841,1,7
130833,130841,130842,1,8
130833,130840,130841,1,7
130833,130839,130842,3,6
130833,130841,130842,1,8
130833,130841,130842,1,8
130833,130841,130842,1,8
130833,130841,130842,1,8
130854,130854,130855,1,0
130854,130854,130855,1,0
130854,130854,130855,1,0
130854,130854,130855,1,0
130854,130854,130855,1,0
130854,130854,130855,1,0
130854,130854,130855,1,0
130854,130854,130855,1,0
130854,130854,130855,1,0
130854,130854,130855,1,0
130151,130158,130854,696,7
130854,130854,130855,1,0
130854,130854,130855,1,0
130854,130855,130856,1,1
130854,130855,130856,1,1
130854,130854,130856,2,0
130854,130855,130856,1,1
130854,130855,130856,1,1
130854,130854,130856,2,0
130854,130854,130856,2,0
130854,130854,130857,3,0
130854,130854,130856,2,0
130854,130855,130857,2,1
130854,130856,130857,1,2
130854,130855,130857,2,1
130854,130855,130857,2,1
130854,130855,130856,1,1
130854,130855,130857,2,1
130854,130855,130856,1,1
130854,130856,130857,1,2
130854,130855,130857,2,1
130854,130856,130857,1,2
130854,130856,130857,1,2
130854,130856,130857,1,2
130854,130855,130857,2,1
130854,130857,130858,1,3
130854,130855,130858,3,1
130854,130856,130858,2,2
130854,130857,130858,1,3
130854,130857,130858,1,3
130854,130857,130858,1,3
130854,130856,130858,2,2
130854,130857,130858,1,3
130854,130857,130859,2,3
130854,130857,130859,2,3
130854,130857,130858,1,3
130854,130857,130858,1,3
130854,130858,130859,1,4
130854,130857,130859,2,3
130854,130857,130859,2,3
130854,130857,130859,2,3
130854,130857,130859,2,3
130854,130858,130859,1,4
130854,130859,130860,1,5
130854,130859,130860,1,5
130854,130857,130860,3,3
130854,130859,130860,1,5
130854,130860,130861,1,6
130854,130859,130860,1,5
130854,130860,130861,1,6
130854,130860,130861,1,6
130854,130860,130861,1,6
130854,130860,130861,1,6
130854,130861,130862,1,7
130854,130861,130862,1,7
130854,130862,130863,1,8
130854,130862,130863,1,8
130854,130862,130863,1,8
130854,130859,130862,3,5
130871,130871,130872,1,0
130871,130871,130872,1,0
130871,130871,130872,1,0
130871,130871,130872,1,0
130871,130871,130872,1,0
130871,130871,130872,1,0
130871,130871,130872,1,0
130871,130871,130872,1,0
130871,130871,130872,1,0
130871,130872,130873,1,1
130871,130872,130873,1,1
130871,130872,130873,1,1
130871,130872,130873,1,1
130871,130872,130873,1,1
130871,130872,130873,1,1
130871,130872,130873,1,1
130871,130873,130874,1,2
130871,130872,130873,1,1
130871,130872,130873,1,1
130871,130872,130873,1,1
130871,130872,130873,1,1
130871,130872,130873,1,1
130871,130872,130873,1,1
130871,130873,130874,1,2
130871,130873,130874,1,2
130871,130872,130873,1,1
130871,130873,130874,1,2
130871,130873,130874,1,2
130871,130873,130874,1,2
130871,130873,130874,1,2
130871,130874,130875,1,3
130871,130874,130875,1,3
130871,130874,130875,1,3
130871,130873,130874,1,2
130871,130874,130875,1,3
130871,130874,130875,1,3
130871,130873,130874,1,2
130871,130874,130875,1,3
130871,130874,130875,1,3
130871,130874,130875,1,3
130871,130873,130875,2,2
130871,130874,130875,1,3
130871,130874,130875,1,3
130871,130874,130875,1,3
130871,130874,130875,1,3
130871,130874,130875,1,3
130871,130875,130876,1,4
130871,130875,130876,1,4
130871,130875,130876,1,4
130871,130875,130876,1,4
130871,130875,130876,1,4
130871,130875,130876,1,4
130871,130875,130876,1,4
130871,130875,130876,1,4
130871,130875,130876,1,4
130871,130876,130877,1,5
130871,130876,130877,1,5
130871,130876,130877,1,5
130871,130876,130877,1,5
130871,130876,130877,1,5
130871,130876,130877,1,5
130871,130876,130877,1,5
130871,130876,130877,1,5
130871,130876,130877,1,5
130871,130875,130876,1,4
130871,130876,130877,1,5
130871,130875,130877,2,4
130871,130877,130878,1,6
130871,130876,130878,2,5
130871,130876,130877,1,5
130871,130876,130877,1,5
130871,130877,130878,1,6
130871,130877,130878,1,6
130871,130877,130878,1,6
130871,130877,130878,1,6
130871,130877,130878,1,6
130871,130877,130878,1,6
130871,130877,130878,1,6
130871,130877,130878,1,6
130871,130877,130878,1,6
130871,130878,130879,1,7
130871,130878,130879,1,7
130871,130878,130879,1,7
130871,130878,130879,1,7
130871,130878,130879,1,7
130871,130878,130879,1,7
130871,130878,130879,1,7
130871,130878,130879,1,7
130871,130878,130879,1,7
130871,130877,130879,2,6
130871,130878,130880,2,7
130181,130188,130912,724,7
130915,130915,130916,1,0
130915,130915,130916,1,0
130915,130915,130916,1,0
130915,130915,130916,1,0
130915,130915,130916,1,0
130915,130915,130916,1,0
130915,130915,130916,1,0
130915,130915,130916,1,0
130915,130915,130916,1,0
130915,130915,130916,1,0
130915,130915,130916,1,0
130915,130915,130917,2,0
130915,130915,130916,1,0
130915,130915,130917,2,0
130915,130915,130916,1,0
130915,130916,130917,1,1
130915,130916,130917,1,1
130915,130915,130916,1,0
130915,130915,130916,1,0
130915,130916,130917,1,1
130915,130916,130917,1,1
130915,130916,130917,1,1
130915,130916,130917,1,1
130915,130916,130917,1,1
130915,130916,130918,2,1
130915,130916,130918,2,1
130915,130916,130918,2,1
130915,130917,130918,1,2
130915,130917,130919,2,2
130915,130917,130918,1,2
130915,130917,130919,2,2
130915,130917,130919,2,2
130915,130917,130918,1,2
130915,130917,130918,1,2
130915,130917,130919,2,2
130915,130917,130919,2,2
130915,130918,130919,1,3
130915,130918,130920,2,3
130915,130918,130919,1,3
130915,130918,130920,2,3
130915,130918,130920,2,3
130915,130918,130920,2,3
130915,130918,130920,2,3
130915,130919,130921,2,4
130915,130918,130920,2,3
130915,130919,130921,2,4
130915,130919,130921,2,4
130915,130920,130921,1,5
130915,130920,130921,1,5
130915,130919,130921,2,4
130915,130919,130921,2,4
130915,130919,130920,1,4
130915,130920,130921,1,5
130915,130919,130920,1,4
130915,130920,130921,1,5
130915,130919,130921,2,4
130915,130919,130921,2,4
130915,130921,130922,1,6
130915,130921,130922,1,6
130915,130921,130922,1,6
130915,130921,130922,1,6
130915,130921,130922,1,6
130915,130921,130922,1,6
130915,130921,130922,1,6
130915,130921,130922,1,6
130915,130921,130922,1,6
130915,130920,130922,2,5
130915,130921,130922,1,6
130915,130920,130922,2,5
130915,130920,130922,2,5
130915,130921,130922,1,6
130915,130921,130922,1,6
130915,130922,130923,1,7
130915,130922,130923,1,7
130915,130922,130923,1,7
130915,130922,130923,1,7
130915,130921,130922,1,6
130915,130921,130923,2,6
130915,130923,130924,1,8
130915,130923,130924,1,8
130915,130923,130924,1,8
130915,130923,130924,1,8
130448,130454,130927,473,6
130453,130462,130942,480,9
130946,130946,130947,1,0
130946,130946,130947,1,0
130946,130946,130947,1,0
130946,130946,130947,1,0
130946,130946,130947,1,0
130946,130946,130947,1,0
130946,130946,130947,1,0
130946,130946,130947,1,0
130946,130946,130947,1,0
130946,130946,130947,1,0
130946,130946,130947,1,0
130946,130946,130947,1,0
130946,130946,130947,1,0
130946,130946,130948,2,0
130946,130946,130948,2,0
130946,130946,130948,2,0
130946,130946,130948,2,0
130946,130947,130948,1,1
130946,130947,130948,1,1
130946,130947,130948,1,1
130946,130947,130948,1,1
130946,130946,130948,2,0
130946,130947,130948,1,1
130946,130947,130948,1,1
130946,130947,130948,1,1
130946,130947,130948,1,1
130946,130947,130948,1,1
130946,130947,130949,2,1
130946,130948,130949,1,2
130946,130947,130949,2,1
130946,130947,130949,2,1
130946,130948,130949,1,2
130946,130948,130949,1,2
130946,130948,130949,1,2
130946,130948,130949,1,2
130946,130948,130949,1,2
130946,130948,130949,1,2
130946,130948,130950,2,2
130946,130948,130950,2,2
130946,130948,130950,2,2
130946,130949,130950,1,3
130946,130949,130950,1,3
130946,130949,130950,1,3
130946,130949,130950,1,3
130946,130948,130950,2,2
130946,130949,130950,1,3
130946,130949,130950,1,3
130946,130949,130951,2,3
130946,130949,130951,2,3
130946,130951,130952,1,5
130946,130950,130952,2,4
130946,130950,130952,2,4
130946,130950,130952,2,4
130946,130950,130952,2,4
130946,130951,130952,1,5
130946,130951,130952,1,5
130946,130951,130952,1,5
130946,130951,130952,1,5
130946,130952,130954,2,6
130946,130953,130954,1,7
130946,130953,130954,1,7
130946,130953,130954,1,7
130948,130954,130955,1,6
130948,130954,130955,1,6
130948,130954,130955,1,6
130948,130954,130955,1,6
130948,130954,130955,1,6
130948,130954,130955,1,6
130948,130954,130955,1,6
130948,130954,130955,1,6
130948,130955,130956,1,7
130948,130955,130956,1,7
130948,130955,130956,1,7
130948,130955,130956,1,7
130948,130955,130956,1,7
130948,130955,130956,1,7
130948,130955,130956,1,7
130948,130955,130957,2,7
130948,130955,130957,2,7
130948,130956,130957,1,8
130948,130956,130957,1,8
130948,130956,130957,1,8
130948,130955,130957,2,7
130948,130955,130957,2,7
130948,130955,130957,2,7
130948,130955,130957,2,7
130948,130957,130958,1,9
130948,130957,130958,1,9
130948,130957,130958,1,9
130948,130956,130957,1,8
130948,130957,130958,1,9
130948,130957,130958,1,9
130948,130957,130958,1,9
130948,130957,130958,1,9
130948,130958,130959,1,10
130948,130958,130959,1,10
130948,130958,130959,1,10
130948,130957,130958,1,9
130948,130958,130959,1,10
130948,130957,130958,1,9
130948,130957,130958,1,9
130948,130958,130959,1,10
130948,130958,130959,1,10
130948,130958,130959,1,10
130948,130958,130959,1,10
130948,130958,130959,1,10
130948,130958,130959,1,10
130948,130959,130960,1,11
130948,130959,130960,1,11
130948,130959,130960,1,11
130948,130959,130960,1,11
130948,130959,130960,1,11
130948,130959,130960,1,11
130948,130959,130960,1,11
130948,130959,130960,1,11
130948,130959,130960,1,11
130948,130958,130959,1,10
130948,130959,130960,1,11
130948,130959,130960,1,11
130948,130959,130960,1,11
130948,130960,130961,1,12
130948,130960,130961,1,12
130948,130960,130961,1,12
130948,130960,130961,1,12
130948,130960,130961,1,12
130948,130960,130961,1,12
130948,130960,130961,1,12
130948,130960,130961,1,12
130948,130960,130961,1,12
130948,130960,130961,1,12
130948,130960,130961,1,12
130948,130961,130962,1,13
130948,130960,130961,1,12
130948,130961,130962,1,13
130948,130961,130962,1,13
130948,130961,130962,1,13
130948,130961,130962,1,13
130948,130961,130962,1,13
130948,130960,130962,2,12
130948,130960,130961,1,12
130948,130960,130961,1,12
130948,130961,130962,1,13
130948,130961,130962,1,13
130948,130961,130962,1,13
130948,130961,130962,1,13
130948,130961,130963,2,13
130494,130508,130995,487,14
130997,130997,130998,1,0
130997,130997,130998,1,0
130997,130997,130998,1,0
130997,130997,130998,1,0
130997,130997,130998,1,0
130997,130997,130998,1,0
130997,130997,130998,1,0
130997,130997,130998,1,0
130997,130998,130999,1,1
130997,130998,130999,1,1
130997,130998,130999,1,1
130997,130997,130998,1,0
130997,130997,130998,1,0
130997,130997,130999,2,0
130997,130999,131000,1,2
130997,130997,131000,3,0
130997,130997,131000,3,0
130997,130998,131000,2,1
130997,130998,131000,2,1
130997,130999,131000,1,2
130997,130999,131000,1,2
130997,130998,131000,2,1
130997,130999,131001,2,2
130997,131000,131001,1,3
130997,130998,131001,3,1
130997,130999,131001,2,2
130997,131000,131001,1,3
130997,131000,131001,1,3
130997,131000,131001,1,3
130997,131001,131002,1,4
130997,131001,131002,1,4
130997,131002,131003,1,5
130997,131002,131003,1,5
130997,131001,131003,2,4
130997,131002,131003,1,5
130997,131002,131003,1,5
130277,130284,131003,719,7
130997,131002,131003,1,5
130997,131002,131003,1,5
130997,131002,131003,1,5
130997,131003,131004,1,6
130997,131002,131003,1,5
130997,131003,131004,1,6
130997,131003,131004,1,6
130997,131003,131004,1,6
130997,131003,131004,1,6
130997,131003,131004,1,6
130997,131004,131005,1,7
130997,131004,131005,1,7
130997,131004,131005,1,7
130997,131004,131005,1,7
130997,131004,131005,1,7
130997,131004,131005,1,7
130997,131004,131005,1,7
130997,131004,131005,1,7
130997,131004,131005,1,7
130997,131005,131006,1,8
130997,131005,131006,1,8
130997,131005,131006,1,8
130997,131005,131006,1,8
130997,131005,131006,1,8
130997,131005,131006,1,8
130997,131005,131006,1,8
130997,131005,131006,1,8
130997,131005,131006,1,8
130997,131004,131006,2,7
131005,131006,131007,1,1
131005,131006,131007,1,1
131005,131006,131007,1,1
131005,131006,131007,1,1
131005,131006,131007,1,1
131005,131006,131007,1,1
131005,131006,131007,1,1
131005,131006,131007,1,1
131005,131006,131007,1,1
131005,131006,131007,1,1
131005,131006,131007,1,1
131005,131006,131007,1,1
131005,131006,131008,2,1
131005,131007,131008,1,2
131005,131007,131008,1,2
131005,131007,131008,1,2
131005,131007,131009,2,2
131005,131007,131008,1,2
131005,131007,131008,1,2
131005,131007,131009,2,2
131005,131007,131009,2,2
131005,131007,131009,2,2
131005,131007,131009,2,2
131005,131007,131009,2,2
131005,131008,131009,1,3
131005,131009,131010,1,4
131005,131009,131010,1,4
131005,131008,131009,1,3
131005,131008,131010,2,3
131005,131008,131009,1,3
131005,131008,131010,2,3
131005,131010,131011,1,5
131005,131009,131010,1,4
131005,131009,131010,1,4
131005,131009,131010,1,4
131005,131009,131010,1,4
131005,131009,131010,1,4
131005,131009,131010,1,4
131005,131009,131011,2,4
131005,131009,131011,2,4
131005,131009,131011,2,4
131005,131007,131010,3,2
131005,131010,131011,1,5
131005,131010,131011,1,5
131005,131011,131012,1,6
131005,131011,131012,1,6
131005,131011,131012,1,6
131005,131011,131012,1,6
131005,131010,131011,1,5
131005,131010,131012,2,5
131005,131010,131011,1,5
131005,131010,131011,1,5
131005,131011,131013,2,6
131005,131012,131013,1,7
131005,131012,131013,1,7
131005,131011,131013,2,6
131005,131011,131012,1,6
131005,131011,131013,2,6
131005,131011,131012,1,6
131005,131011,131013,2,6
131005,131012,131013,1,7
131005,131012,131013,1,7
131005,131012,131013,1,7
131005,131012,131013,1,7
131005,131013,131014,1,8
131005,131013,131014,1,8
131005,131013,131014,1,8
131005,131013,131014,1,8
131005,131013,131014,1,8
131005,131012,131014,2,7
131005,131014,131015,1,9
131005,131014,131015,1,9
131005,131014,131015,1,9
131005,131014,131015,1,9
131005,131014,131015,1,9
131005,131014,131015,1,9
131005,131014,131015,1,9
131005,131014,131015,1,9
131005,131014,131015,1,9
131005,131015,131016,1,10
131005,131015,131016,1,10
131005,131015,131016,1,10
130325,130332,131038,706,7
131045,131045,131046,1,0
131045,131045,131046,1,0
131045,131045,131046,1,0
131045,131045,131046,1,0
131045,131045,131046,1,0
131045,131045,131046,1,0
131045,131045,131046,1,0
131045,131045,131046,1,0
131045,131045,131046,1,0
131045,131045,131046,1,0
131045,131045,131046,1,0
131045,131045,131047,2,0
131045,131045,131047,2,0
131045,131045,131047,2,0
131045,131045,131047,2,0
131045,131045,131046,1,0
131045,131046,131047,1,1
131045,131046,131047,1,1
131045,131046,131048,2,1
131045,131046,131047,1,1
131045,131046,131048,2,1
131045,131046,131048,2,1
131045,131046,131048,2,1
131045,131046,131048,2,1
131045,131046,131048,2,1
131045,131047,131049,2,2
131045,131047,131049,2,2
131045,131047,131049,2,2
131045,131047,131049,2,2
131045,131046,131048,2,1
131045,131046,131049,3,1
131045,131047,131049,2,2
131045,131047,131049,2,2
131045,131048,131049,1,3
131045,131048,131049,1,3
131045,131048,131049,1,3
131045,131048,131049,1,3
131045,131048,131049,1,3
131045,131048,131050,2,3
131045,131048,131049,1,3
131045,131049,131050,1,4
131045,131049,131050,1,4
131045,131048,131050,2,3
131045,131050,131051,1,5
131045,131050,131051,1,5
131045,131050,131051,1,5
131045,131050,131051,1,5
131045,131049,131051,2,4
131045,131049,131051,2,4
131045,131049,131051,2,4
131045,131050,131051,1,5
131045,131047,131051,4,2
131045,131051,131052,1,6
131045,131051,131052,1,6
131045,131051,131052,1,6
131045,131050,131052,2,5
131045,131051,131052,1,6
131045,131051,131052,1,6
131045,131051,131052,1,6
131045,131051,131052,1,6
131045,131052,131053,1,7
131045,131049,131053,4,4
131045,131049,131052,3,4
131045,131051,131053,2,6
131045,131052,131053,1,7
131045,131052,131053,1,7
131045,131052,131053,1,7
131045,131052,131053,1,7
131045,131052,131053,1,7
131045,131053,131054,1,8
131045,131052,131054,2,7
131045,131054,131055,1,9
131045,131054,131055,1,9
131045,131054,131056,2,9
130390,130398,131093,695,8
131093,131093,131094,1,0
131093,131093,131094,1,0
131093,131093,131094,1,0
131093,131093,131094,1,0
131093,131093,131094,1,0
131093,131093,131094,1,0
131093,131093,131094,1,0
131093,131093,131094,1,0
131093,131093,131094,1,0
131093,131093,131094,1,0
131093,131093,131095,2,0
131093,131093,131094,1,0
131093,131093,131095,2,0
131093,131093,131094,1,0
131093,131093,131095,2,0
131093,131093,131095,2,0
131093,131094,131096,2,1
131093,131094,131096,2,1
131093,131094,131096,2,1
131093,131094,131096,2,1
131093,131094,131096,2,1
131093,131094,131096,2,1
131093,131094,131096,2,1
131093,131094,131096,2,1
131093,131094,131096,2,1
131093,131095,131096,1,2
131093,131095,131097,2,2
131093,131095,131097,2,2
131093,131095,131097,2,2
131093,131095,131096,1,2
131093,131096,131097,1,3
131093,131096,131097,1,3
131093,131096,131097,1,3
131093,131095,131096,1,2
131093,131096,131097,1,3
131093,131096,131097,1,3
131093,131097,131098,1,4
131093,131096,131098,2,3
131093,131095,131098,3,2
131093,131096,131097,1,3
131093,131096,131098,2,3
131093,131096,131098,2,3
131093,131096,131098,2,3
131093,131097,131098,1,4
131093,131097,131098,1,4
131093,131097,131098,1,4
131093,131097,131098,1,4
131093,131098,131099,1,5
131093,131097,131099,2,4
131093,131098,131099,1,5
131093,131098,131099,1,5
131093,131098,131099,1,5
131093,131099,131100,1,6
131093,131098,131099,1,5
131093,131098,131100,2,5
131093,131098,131100,2,5
131093,131098,131100,2,5
131093,131099,131100,1,6
131093,131098,131100,2,5
131093,131098,131100,2,5
131093,131098,131100,2,5
130360,130368,131100,732,8
131093,131099,131101,2,6
131093,131101,131102,1,8
131093,131100,131101,1,7
131093,131100,131101,1,7
131093,131100,131102,2,7
131093,131101,131102,1,8
131093,131101,131102,1,8
131093,131101,131102,1,8
131093,131102,131103,1,9
131102,131102,131103,1,0
131102,131102,131103,1,0
131102,131102,131103,1,0
131102,131102,131103,1,0
131093,131101,131103,2,8
131102,131103,131104,1,1
131102,131103,131104,1,1
131102,131103,131104,1,1
131102,131103,131105,2,1
131102,131103,131105,2,1
131102,131103,131105,2,1
131102,131103,131105,2,1
131102,131103,131105,2,1
131102,131103,131105,2,1
131102,131103,131105,2,1
131102,131104,131105,1,2
131102,131104,131105,1,2
131102,131104,131106,2,2
131102,131104,131105,1,2
131102,131104,131106,2,2
131102,131105,131106,1,3
131102,131105,131106,1,3
131102,131104,131106,2,2
131102,131104,131106,2,2
131102,131104,131106,2,2
131102,131105,131106,1,3
131102,131106,131107,1,4
131102,131105,131106,1,3
131102,131105,131107,2,3
131102,131105,131107,2,3
131102,131105,131106,1,3
131102,131105,131106,1,3
131102,131105,131106,1,3
131102,131106,131107,1,4
131102,131106,131107,1,4
131102,131107,131108,1,5
131102,131107,131108,1,5
131102,131107,131108,1,5
131102,131107,131108,1,5
131102,131107,131108,1,5
131102,131106,131107,1,4
131102,131107,131108,1,5
131102,131106,131107,1,4
131102,131107,131108,1,5
131102,131108,131109,1,6
131102,131108,131109,1,6
131102,131107,131108,1,5
131102,131107,131109,2,5
131102,131107,131109,2,5
131102,131107,131109,2,5
131102,131107,131108,1,5
131102,131108,131109,1,6
131102,131108,131109,1,6
131102,131108,131109,1,6
131102,131108,131109,1,6
131102,131109,131110,1,7
131102,131109,131110,1,7
131102,131108,131109,1,6
131102,131108,131109,1,6
131102,131108,131109,1,6
131102,131109,131110,1,7
131102,131109,131110,1,7
131102,131109,131110,1,7
131102,131109,131110,1,7
131102,131109,131110,1,7
131102,131109,131110,1,7
131102,131108,131110,2,6
131102,131110,131111,1,8
131102,131109,131110,1,7
131102,131110,131111,1,8
131102,131110,131111,1,8
131102,131110,131111,1,8
131102,131110,131111,1,8
131102,131110,131111,1,8
131102,131110,131111,1,8
131102,131110,131111,1,8
131102,131110,131111,1,8
131102,131110,131111,1,8
131102,131110,131111,1,8
131102,131111,131112,1,9
131102,131110,131111,1,8
131102,131111,131112,1,9
131102,131111,131112,1,9
131102,131111,131112,1,9
131102,131111,131112,1,9
131102,131111,131112,1,9
130669,130678,131158,480,9
131160,131160,131161,1,0
131160,131160,131161,1,0
131160,131160,131161,1,0
131160,131160,131161,1,0
131160,131160,131161,1,0
131160,131160,131161,1,0
131160,131161,131162,1,1
131160,131161,131162,1,1
131160,131161,131162,1,1
131160,131161,131162,1,1
131160,131161,131162,1,1
131160,131160,131161,1,0
131160,131161,131162,1,1
131160,131161,131162,1,1
131160,131162,131163,1,2
131160,131162,131163,1,2
131160,131161,131163,2,1
131160,131161,131163,2,1
131160,131162,131163,1,2
131160,131161,131162,1,1
131160,131162,131163,1,2
131160,131162,131163,1,2
131160,131162,131163,1,2
131160,131162,131163,1,2
131160,131160,131163,3,0
131160,131162,131164,2,2
131160,131162,131163,1,2
131160,131163,131164,1,3
131160,131163,131164,1,3
131160,131163,131164,1,3
131160,131163,131164,1,3
131160,131163,131164,1,3
131160,131163,131164,1,3
131160,131163,131164,1,3
131160,131162,131163,1,2
131160,131163,131164,1,3
131160,131163,131164,1,3
131160,131164,131165,1,4
131160,131163,131164,1,3
131160,131163,131164,1,3
131160,131163,131164,1,3
131160,131164,131165,1,4
131160,131163,131164,1,3
131160,131164,131165,1,4
131160,131164,131165,1,4
131160,131164,131165,1,4
131160,131164,131165,1,4
131160,131164,131165,1,4
131160,131164,131165,1,4
131160,131164,131165,1,4
131160,131164,131165,1,4
131160,131164,131165,1,4
131160,131164,131165,1,4
131160,131164,131165,1,4
131160,131165,131166,1,5
131160,131165,131166,1,5
131160,131165,131166,1,5
131160,131165,131166,1,5
131160,131165,131166,1,5
131160,131165,131166,1,5
131160,131165,131166,1,5
131160,131165,131166,1,5
131160,131165,131166,1,5
131160,131165,131166,1,5
131160,131165,131166,1,5
131160,131165,131166,1,5
131160,131165,131166,1,5
131160,131165,131166,1,5
131160,131165,131166,1,5
131160,131165,131166,1,5
131160,131166,131167,1,6
131160,131166,131167,1,6
131160,131166,131167,1,6
131160,131166,131167,1,6
131160,131166,131167,1,6
131160,131166,131167,1,6
131160,131166,131167,1,6
131160,131166,131167,1,6
131160,131166,131167,1,6
131160,131166,131167,1,6
131160,131166,131167,1,6
131160,131166,131167,1,6
131160,131166,131167,1,6
131160,131166,131167,1,6
131160,131166,131167,1,6
131160,131166,131167,1,6
131160,131166,131167,1,6
130496,130508,131216,708,12
131218,131219,131220,1,1
131218,131219,131220,1,1
131218,131219,131220,1,1
131218,131219,131220,1,1
131218,131220,131221,1,2
131218,131219,131221,2,1
131218,131220,131221,1,2
131218,131219,131221,2,1
131218,131220,131221,1,2
131218,131220,131221,1,2
131218,131220,131221,1,2
131218,131220,131221,1,2
131218,131219,131221,2,1
131218,131220,131221,1,2
131218,131220,131221,1,2
131218,131220,131221,1,2
131218,131220,131221,1,2
131218,131221,131222,1,3
131218,131221,131222,1,3
131218,131221,131222,1,3
131218,131222,131223,1,4
131218,131222,131223,1,4
131218,131222,131223,1,4
131218,131222,131223,1,4
131218,131222,131223,1,4
131218,131222,131223,1,4
131218,131222,131223,1,4
131218,131222,131223,1,4
131218,131222,131223,1,4
131218,131222,131223,1,4
131218,131223,131224,1,5
131218,131223,131224,1,5
131218,131223,131224,1,5
131218,131222,131223,1,4
131218,131222,131223,1,4
131218,131223,131224,1,5
131218,131223,131224,1,5
131218,131223,131224,1,5
131218,131223,131224,1,5
131218,131223,131224,1,5
131218,131223,131224,1,5
131218,131222,131224,2,4
131218,131224,131225,1,6
131218,131223,131224,1,5
131218,131223,131224,1,5
131218,131224,131225,1,6
131218,131224,131225,1,6
131218,131224,131225,1,6
131218,131224,131225,1,6
131218,131224,131225,1,6
131218,131224,131225,1,6
131218,131223,131224,1,5
131218,131224,131225,1,6
131218,131224,131225,1,6
131218,131224,131225,1,6
131218,131224,131225,1,6
131218,131224,131225,1,6
131218,131224,131225,1,6
131218,131225,131226,1,7
131218,131225,131226,1,7
131218,131225,131226,1,7
131218,131225,131226,1,7
131218,131225,131226,1,7
131218,131225,131226,1,7
131218,131225,131226,1,7
131218,131225,131226,1,7
131218,131225,131226,1,7
131218,131225,131226,1,7
131218,131225,131226,1,7
131218,131225,131226,1,7
131218,131225,131227,2,7
131218,131225,131226,1,7
131218,131225,131226,1,7
131218,131226,131227,1,8
131218,131226,131227,1,8
131218,131226,131227,1,8
131218,131226,131227,1,8
131218,131226,131227,1,8
131218,131226,131227,1,8
131218,131226,131227,1,8
131218,131226,131227,1,8
131218,131226,131227,1,8
131218,131226,131227,1,8
131218,131226,131227,1,8
131218,131226,131227,1,8
130760,130769,131255,486,9
131256,131256,131257,1,0
131256,131256,131257,1,0
131256,131256,131257,1,0
131256,131256,131257,1,0
131256,131256,131257,1,0
131256,131256,131257,1,0
131256,131256,131258,2,0
131256,131256,131257,1,0
131256,131256,131257,1,0
131256,131256,131257,1,0
131256,131256,131257,1,0
131256,131257,131258,1,1
131256,131257,131258,1,1
131256,131257,131258,1,1
131256,131256,131257,1,0
131256,131257,131258,1,1
131256,131257,131258,1,1
131256,131257,131258,1,1
131256,131256,131258,2,0
131256,131257,131259,2,1
131256,131256,131258,2,0
131256,131256,131259,3,0
131256,131257,131258,1,1
131256,131258,131259,1,2
131256,131258,131259,1,2
131256,131258,131259,1,2
131256,131258,131259,1,2
131256,131258,131259,1,2
131256,131258,131259,1,2
131256,131258,131259,1,2
131256,131259,131260,1,3
131256,131258,131259,1,2
131256,131258,131260,2,2
131256,131258,131260,2,2
131256,131258,131260,2,2
131256,131258,131259,1,2
131256,131259,131260,1,3
131256,131259,131260,1,3
131256,131259,131260,1,3
131256,131259,131260,1,3
131256,131259,131260,1,3
131256,131259,131260,1,3
131256,131259,131260,1,3
131256,131259,131260,1,3
131256,131259,131260,1,3
131256,131259,131260,1,3
131256,131259,131260,1,3
131256,131260,131261,1,4
131256,131260,131261,1,4
131256,131260,131261,1,4
131256,131260,131261,1,4
131256,131260,131261,1,4
131256,131260,131261,1,4
131256,131260,131261,1,4
131256,131260,131261,1,4
131256,131260,131261,1,4
131256,131260,131261,1,4
131256,131261,131262,1,5
131256,131261,131262,1,5
131256,131260,131261,1,4
131256,131260,131262,2,4
131256,131261,131262,1,5
131256,131260,131261,1,4
131256,131260,131261,1,4
131256,131261,131262,1,5
131256,131261,131262,1,5
131256,131262,131263,1,6
131256,131262,131263,1,6
131256,131261,131262,1,5
131256,131262,131263,1,6
131256,131262,131263,1,6
131256,131261,131262,1,5
131256,131262,131263,1,6
131256,131262,131263,1,6
131256,131262,131263,1,6
131256,131263,131264,1,7
131256,131262,131263,1,6
131256,131262,131264,2,6
131256,131263,131265,2,7
131256,131263,131265,2,7
131256,131263,131264,1,7
131256,131263,131264,1,7
130572,130579,131285,706,7
131287,131287,131288,1,0
131287,131287,131288,1,0
131287,131287,131288,1,0
131287,131287,131288,1,0
131287,131287,131288,1,0
131287,131287,131288,1,0
131287,131287,131288,1,0
131287,131287,131289,2,0
131287,131287,131288,1,0
131287,131287,131288,1,0
131287,131288,131289,1,1
131287,131288,131289,1,1
131287,131288,131289,1,1
131287,131288,131289,1,1
131287,131287,131289,2,0
131287,131287,131289,2,0
131287,131288,131290,2,1
131287,131287,131289,2,0
131287,131289,131290,1,2
131287,131288,131289,1,1
131287,131288,131289,1,1
131287,131288,131289,1,1
131287,131288,131290,2,1
131287,131288,131289,1,1
131287,131288,131289,1,1
131287,131289,131290,1,2
131287,131289,131290,1,2
131287,131289,131290,1,2
131287,131289,131290,1,2
131287,131290,131291,1,3
131287,131290,131291,1,3
131287,131289,131291,2,2
131287,131290,131291,1,3
131287,131290,131291,1,3
131287,131290,131291,1,3
131287,131290,131291,1,3
131287,131291,131292,1,4
131287,131290,131292,2,3
131287,131290,131291,1,3
131287,131289,131291,2,2
131287,131291,131292,1,4
131287,131291,131292,1,4
131287,131290,131291,1,3
131287,131291,131292,1,4
131287,131290,131292,2,3
131287,131290,131292,2,3
131287,131290,131292,2,3
131287,131290,131292,2,3
131287,131290,131292,2,3
131287,131291,131292,1,4
131287,131291,131292,1,4
131287,131292,131293,1,5
131287,131291,131292,1,4
131287,131292,131293,1,5
131287,131292,131293,1,5
131287,131292,131293,1,5
131287,131292,131293,1,5
131287,131292,131293,1,5
131287,131292,131293,1,5
131287,131292,131293,1,5
131287,131292,131293,1,5
131287,131292,131293,1,5
131287,131292,131293,1,5
131287,131293,131294,1,6
131287,131293,131294,1,6
131287,131292,131293,1,5
131287,131292,131293,1,5
131287,131293,131294,1,6
131287,131293,131294,1,6
131287,131293,131294,1,6
131287,131293,131294,1,6
131287,131292,131294,2,5
131287,131293,131294,1,6
131287,131293,131294,1,6
131287,131293,131294,1,6
131287,131293,131294,1,6
131287,131293,131294,1,6
131287,131293,131294,1,6
131287,131293,131294,1,6
131287,131294,131295,1,7
131287,131294,131295,1,7
131287,131294,131295,1,7
131287,131294,131295,1,7
131287,131294,131295,1,7
131287,131294,131295,1,7
131287,131294,131295,1,7
131287,131294,131295,1,7
131287,131294,131295,1,7
131287,131294,131295,1,7
131287,131294,131295,1,7
131287,131290,131298,8,3
130609,130615,131306,691,6
131315,131316,131317,1,1
131315,131316,131317,1,1
131315,131316,131318,2,1
131315,131317,131318,1,2
131315,131316,131317,1,1
131315,131317,131318,1,2
131315,131317,131318,1,2
131315,131317,131318,1,2
131315,131317,131318,1,2
131315,131317,131318,1,2
131315,131317,131318,1,2
131315,131317,131318,1,2
131315,131317,131318,1,2
131315,131317,131318,1,2
131315,131317,131318,1,2
131315,131317,131318,1,2
131315,131317,131318,1,2
131315,131318,131319,1,3
131315,131318,131319,1,3
131315,131318,131319,1,3
131315,131319,131320,1,4
131315,131319,131320,1,4
131315,131318,131319,1,3
131315,131319,131320,1,4
131315,131319,131320,1,4
131315,131319,131320,1,4
131315,131319,131320,1,4
131315,131319,131320,1,4
131315,131319,131320,1,4
131315,131319,131320,1,4
131315,131319,131320,1,4
131315,131319,131320,1,4
131315,131319,131320,1,4
131315,131319,131320,1,4
131315,131320,131321,1,5
131315,131319,131320,1,4
131315,131320,131321,1,5
131315,131319,131320,1,4
131315,131320,131321,1,5
131315,131320,131321,1,5
131315,131320,131321,1,5
131315,131320,131321,1,5
131315,131320,131321,1,5
131315,131320,131321,1,5
131315,131320,131321,1,5
131315,131321,131322,1,6
131315,131321,131322,1,6
131315,131320,131321,1,5
131315,131321,131322,1,6
131315,131321,131322,1,6
131315,131321,131322,1,6
131315,131321,131322,1,6
131315,131321,131322,1,6
131315,131321,131322,1,6
131315,131321,131322,1,6
131315,131321,131322,1,6
131315,131321,131322,1,6
131315,131321,131322,1,6
131315,131316,131322,6,1
131315,131322,131323,1,7
131315,131322,131323,1,7
131315,131322,131323,1,7
131315,131322,131323,1,7
131315,131322,131323,1,7
131315,131322,131323,1,7
131315,131322,131323,1,7
131315,131322,131323,1,7
131315,131322,131323,1,7
131315,131322,131323,1,7
131315,131322,131323,1,7
131315,131322,131323,1,7
131315,131323,131324,1,8
131315,131323,131324,1,8
131315,131322,131323,1,7
131315,131323,131324,1,8
130872,130878,131350,472,6
131351,131351,131352,1,0
131351,131351,131352,1,0
131351,131351,131352,1,0
131351,131351,131352,1,0
131351,131351,131352,1,0
131351,131351,131352,1,0
131351,131351,131352,1,0
131351,131351,131352,1,0
131351,131351,131352,1,0
131351,131351,131352,1,0
131351,131351,131352,1,0
131351,131352,131353,1,1
131351,131351,131353,2,0
131351,131351,131353,2,0
131351,131352,131353,1,1
131351,131351,131352,1,0
131351,131351,131353,2,0
131351,131351,131353,2,0
131351,131352,131354,2,1
131351,131352,131354,2,1
131351,131352,131353,1,1
131351,131353,131354,1,2
131351,131352,131354,2,1
131351,131352,131354,2,1
131351,131352,131354,2,1
131351,131352,131354,2,1
131351,131352,131354,2,1
131351,131353,131354,1,2
131351,131352,131354,2,1
131351,131352,131354,2,1
131351,131353,131355,2,2
131351,131353,131355,2,2
131351,131354,131355,1,3
131351,131354,131355,1,3
131351,131354,131355,1,3
131351,131354,131355,1,3
131351,131354,131355,1,3
131351,131354,131355,1,3
131351,131354,131355,1,3
131351,131354,131355,1,3
131351,131353,131355,2,2
131351,131354,131355,1,3
131351,131354,131355,1,3
131351,131355,131356,1,4
131351,131354,131356,2,3
131351,131355,131356,1,4
131351,131354,131356,2,3
131351,131354,131356,2,3
131351,131355,131356,1,4
131351,131355,131356,1,4
131351,131355,131356,1,4
131351,131355,131356,1,4
131351,131353,131357,4,2
131351,131356,131357,1,5
131351,131356,131357,1,5
131351,131356,131357,1,5
131351,131356,131357,1,5
131351,131356,131357,1,5
131351,131356,131357,1,5
131351,131356,131357,1,5
131351,131357,131358,1,6
131351,131357,131358,1,6
131351,131357,131358,1,6
131351,131357,131358,1,6
131351,131357,131358,1,6
131351,131357,131358,1,6
131351,131358,131359,1,7
131351,131358,131359,1,7
131351,131370,131371,1,19
130706,130715,131437,722,9
131438,131438,131439,1,0
131438,131438,131439,1,0
131438,131438,131439,1,0
131438,131438,131439,1,0
131438,131438,131439,1,0
131438,131438,131439,1,0
131438,131438,131439,1,0
131438,131438,131439,1,0
131438,131438,131439,1,0
131438,131438,131439,1,0
131438,131438,131439,1,0
131438,131438,131440,2,0
131438,131438,131440,2,0
131438,131438,131440,2,0
131438,131438,131439,1,0
131438,131438,131439,1,0
130949,130962,131440,478,13
131438,131439,131440,1,1
131438,131439,131440,1,1
131438,131439,131440,1,1
131438,131439,131440,1,1
131438,131439,131440,1,1
131438,131439,131440,1,1
131438,131438,131439,1,0
131438,131439,131440,1,1
131438,131439,131440,1,1
131438,131439,131440,1,1
131438,131439,131440,1,1
131438,131440,131441,1,2
131438,131440,131441,1,2
131438,131440,131441,1,2
131438,131440,131441,1,2
131438,131440,131441,1,2
131438,131440,131441,1,2
131438,131439,131440,1,1
131438,131441,131442,1,3
131438,131440,131441,1,2
131438,131441,131442,1,3
131438,131442,131443,1,4
131438,131442,131443,1,4
131438,131441,131443,2,3
131438,131442,131443,1,4
131438,131442,131443,1,4
131438,131443,131444,1,5
131438,131443,131444,1,5
131438,131444,131445,1,6
131438,131444,131445,1,6
131438,131444,131445,1,6
131438,131444,131445,1,6
131438,131444,131445,1,6
131438,131444,131445,1,6
131438,131444,131445,1,6
131438,131444,131445,1,6
131438,131444,131445,1,6
131438,131444,131445,1,6
131438,131444,131445,1,6
131438,131445,131446,1,7
131438,131445,131446,1,7
131441,131445,131446,1,4
131441,131445,131446,1,4
131441,131445,131446,1,4
131441,131445,131446,1,4
131441,131445,131446,1,4
131438,131444,131445,1,6
131441,131445,131446,1,4
131441,131445,131446,1,4
131441,131446,131447,1,5
131441,131446,131448,2,5
131441,131446,131447,1,5
131441,131446,131448,2,5
131441,131446,131447,1,5
131441,131446,131448,2,5
131441,131446,131448,2,5
131441,131446,131447,1,5
131441,131446,131447,1,5
131441,131446,131447,1,5
131441,131446,131448,2,5
131441,131446,131447,1,5
131441,131446,131447,1,5
131441,131446,131448,2,5
131441,131446,131448,2,5
131441,131446,131448,2,5
131441,131447,131448,1,6
131441,131448,131449,1,7
131441,131448,131449,1,7
131441,131448,131450,2,7
131441,131448,131449,1,7
131441,131448,131449,1,7
131441,131448,131449,1,7
131441,131448,131449,1,7
131441,131448,131450,2,7
131441,131448,131449,1,7
131441,131448,131449,1,7
131441,131448,131449,1,7
131441,131448,131449,1,7
131441,131448,131449,1,7
131441,131448,131450,2,7
131441,131448,131450,2,7
131441,131448,131450,2,7
131441,131449,131450,1,8
131441,131449,131450,1,8
131441,131449,131450,1,8
131441,131450,131451,1,9
131441,131450,131451,1,9
131441,131450,131451,1,9
131441,131450,131451,1,9
131441,131450,131451,1,9
131441,131450,131452,2,9
131441,131450,131451,1,9
131441,131450,131451,1,9
131441,131451,131452,1,10
131441,131450,131451,1,9
131441,131450,131451,1,9
131441,131451,131452,1,10
131441,131451,131452,1,10
131441,131451,131452,1,10
131441,131450,131452,2,9
131441,131450,131451,1,9
131441,131450,131451,1,9
131441,131451,131452,1,10
131441,131451,131452,1,10
131441,131451,131452,1,10
131441,131451,131452,1,10
131441,131450,131452,2,9
131441,131452,131453,1,11
131441,131452,131453,1,11
131441,131452,131453,1,11
131441,131452,131453,1,11
131441,131452,131453,1,11
131441,131452,131453,1,11
131441,131452,131453,1,11
131441,131452,131453,1,11
131441,131452,131453,1,11
131441,131452,131453,1,11
131441,131452,131453,1,11
131441,131452,131453,1,11
131441,131452,131453,1,11
131441,131452,131453,1,11
131441,131452,131453,1,11
131441,131453,131454,1,12
131441,131453,131454,1,12
131441,131453,131454,1,12
131441,131453,131454,1,12
131441,131453,131454,1,12
131441,131453,131454,1,12
131441,131453,131454,1,12
131441,131453,131454,1,12
131441,131453,131454,1,12
131441,131453,131454,1,12
130753,130759,131469,710,6
131479,131479,131480,1,0
131479,131479,131480,1,0
131479,131479,131480,1,0
131479,131479,131480,1,0
131479,131479,131480,1,0
131479,131479,131480,1,0
131479,131479,131480,1,0
131479,131479,131480,1,0
131479,131479,131480,1,0
131479,131479,131480,1,0
131479,131479,131480,1,0
131479,131480,131481,1,1
131479,131479,131480,1,0
131479,131479,131481,2,0
131479,131480,131481,1,1
131479,131480,131481,1,1
131479,131479,131481,2,0
131479,131479,131481,2,0
131479,131480,131481,1,1
131479,131480,131481,1,1
131479,131480,131481,1,1
131479,131480,131481,1,1
131479,131480,131481,1,1
131479,131480,131481,1,1
131479,131480,131481,1,1
131479,131480,131481,1,1
131479,131480,131481,1,1
131479,131481,131482,1,2
131479,131481,131482,1,2
131479,131481,131482,1,2
131479,131481,131482,1,2
131479,131481,131482,1,2
131479,131481,131482,1,2
131479,131481,131482,1,2
131479,131481,131482,1,2
131479,131481,131482,1,2
131479,131481,131482,1,2
131479,131480,131481,1,1
131479,131481,131482,1,2
131479,131481,131482,1,2
131479,131481,131483,2,2
131479,131481,131483,2,2
131479,131482,131483,1,3
131479,131482,131483,1,3
131479,131482,131483,1,3
131479,131482,131483,1,3
131479,131482,131483,1,3
131479,131482,131483,1,3
131479,131482,131483,1,3
131479,131482,131483,1,3
131479,131482,131483,1,3
131479,131483,131484,1,4
131479,131483,131484,1,4
131479,131483,131484,1,4
131479,131483,131484,1,4
131479,131483,131484,1,4
131479,131482,131483,1,3
131479,131483,131484,1,4
131479,131483,131484,1,4
131479,131483,131484,1,4
131479,131483,131484,1,4
131479,131482,131484,2,3
131479,131483,131484,1,4
131479,131482,131484,2,3
131479,131482,131484,2,3
131479,131482,131484,2,3
130781,130789,131485,696,8
131479,131483,131484,1,4
131479,131483,131484,1,4
131479,131484,131485,1,5
131479,131484,131485,1,5
131479,131484,131485,1,5
131479,131484,131485,1,5
131479,131484,131485,1,5
131479,131485,131486,1,6
131479,131486,131487,1,7
131486,131486,131487,1,0
131486,131486,131487,1,0
131486,131486,131487,1,0
131486,131486,131487,1,0
131479,131486,131487,1,7
131479,131486,131487,1,7
131486,131487,131488,1,1
131486,131488,131489,1,2
131486,131488,131489,1,2
131486,131488,131489,1,2
131486,131488,131489,1,2
131486,131487,131488,1,1
131486,131487,131488,1,1
131486,131488,131489,1,2
131486,131488,131489,1,2
131486,131488,131489,1,2
131486,131488,131489,1,2
131486,131488,131489,1,2
131486,131488,131489,1,2
131486,131488,131489,1,2
131486,131488,131489,1,2
131486,131489,131490,1,3
131486,131489,131490,1,3
131486,131489,131490,1,3
131486,131489,131490,1,3
131486,131489,131490,1,3
131486,131489,131490,1,3
131486,131489,131491,2,3
131486,131490,131491,1,4
131486,131490,131491,1,4
131486,131490,131491,1,4
131486,131490,131491,1,4
131486,131490,131491,1,4
131486,131490,131491,1,4
131486,131490,131491,1,4
131486,131490,131491,1,4
131486,131490,131491,1,4
131486,131490,131491,1,4
131486,131490,131491,1,4
131486,131490,131491,1,4
131486,131490,131491,1,4
131486,131491,131492,1,5
131486,131491,131492,1,5
131486,131491,131492,1,5
131486,131491,131492,1,5
131486,131491,131492,1,5
131486,131491,131492,1,5
131486,131492,131493,1,6
131486,131492,131493,1,6
131486,131492,131493,1,6
131486,131492,131493,1,6
131486,131492,131493,1,6
131486,131492,131493,1,6
131486,131492,131493,1,6
131486,131492,131493,1,6
131486,131492,131493,1,6
131486,131492,131493,1,6
131486,131492,131493,1,6
131486,131492,131493,1,6
131486,131493,131494,1,7
131486,131493,131494,1,7
131486,131493,131494,1,7
131486,131493,131494,1,7
131486,131493,131494,1,7
131486,131493,131494,1,7
131486,131493,131494,1,7
131486,131491,131493,2,5
131486,131493,131494,1,7
131486,131493,131494,1,7
131486,131494,131495,1,8
131486,131494,131495,1,8
131486,131494,131495,1,8
131486,131494,131495,1,8
131486,131493,131494,1,7
131486,131494,131495,1,8
131486,131494,131495,1,8
131486,131494,131495,1,8
131486,131494,131495,1,8
131486,131494,131495,1,8
131486,131494,131495,1,8
131486,131494,131495,1,8
131486,131494,131497,3,8
130834,130842,131541,699,8
130818,130826,131542,716,8
131542,131542,131543,1,0
131542,131542,131543,1,0
131542,131542,131543,1,0
131542,131542,131543,1,0
131542,131542,131543,1,0
131542,131542,131543,1,0
131542,131543,131544,1,1
131542,131542,131544,2,0
131542,131542,131544,2,0
131542,131542,131544,2,0
131542,131542,131544,2,0
131542,131542,131544,2,0
131542,131542,131543,1,0
131542,131542,131544,2,0
131542,131543,131544,1,1
131542,131543,131545,2,1
131542,131543,131545,2,1
131542,131543,131545,2,1
131542,131543,131545,2,1
131542,131543,131545,2,1
131542,131543,131545,2,1
131542,131544,131545,1,2
131542,131543,131545,2,1
131542,131544,131545,1,2
131542,131543,131545,2,1
131542,131545,131546,1,3
131542,131545,131546,1,3
131542,131545,131546,1,3
131542,131544,131545,1,2
131542,131544,131546,2,2
131542,131544,131546,2,2
131542,131544,131546,2,2
131542,131545,131546,1,3
131542,131545,131546,1,3
131542,131545,131546,1,3
131542,131545,131547,2,3
131542,131545,131546,1,3
131542,131545,131546,1,3
131542,131545,131546,1,3
131542,131545,131546,1,3
131542,131546,131547,1,4
131542,131546,131548,2,4
131542,131544,131547,3,2
131542,131547,131548,1,5
131542,131547,131548,1,5
131542,131546,131548,2,4
131542,131547,131548,1,5
131542,131546,131548,2,4
131542,131546,131548,2,4
131542,131548,131549,1,6
131542,131548,131549,1,6
131542,131548,131549,1,6
131542,131548,131549,1,6
131542,131548,131549,1,6
131542,131547,131548,1,5
131046,131055,131550,495,9
131542,131548,131549,1,6
131542,131549,131550,1,7
131542,131549,131550,1,7
131542,131549,131550,1,7
131542,131549,131550,1,7
131542,131549,131550,1,7
131542,131549,131550,1,7
131542,131550,131551,1,8
131542,131550,131551,1,8
131542,131550,131551,1,8
131542,131550,131551,1,8
131542,131550,131551,1,8
131542,131550,131551,1,8
131544,131550,131551,1,6
131544,131551,131552,1,7
131544,131551,131552,1,7
131544,131551,131552,1,7
131544,131551,131552,1,7
131544,131551,131552,1,7
131544,131551,131552,1,7
131542,131550,131552,2,8
131544,131551,131552,1,7
131544,131551,131553,2,7
131544,131551,131552,1,7
131544,131551,131552,1,7
131544,131552,131553,1,8
131544,131551,131552,1,7
131544,131552,131553,1,8
131544,131552,131553,1,8
131544,131552,131553,1,8
131544,131551,131552,1,7
131544,131552,131553,1,8
131544,131552,131553,1,8
131544,131552,131553,1,8
131544,131552,131553,1,8
131544,131552,131553,1,8
131544,131552,131554,2,8
131544,131552,131553,1,8
131544,131553,131554,1,9
131544,131553,131554,1,9
131544,131553,131554,1,9
131544,131553,131554,1,9
131544,131553,131554,1,9
131544,131553,131554,1,9
131544,131553,131554,1,9
131544,131553,131554,1,9
131544,131554,131555,1,10
131544,131554,131555,1,10
131544,131553,131554,1,9
131544,131553,131555,2,9
131544,131554,131555,1,10
131544,131554,131555,1,10
131544,131554,131555,1,10
131544,131554,131555,1,10
131544,131554,131555,1,10
131544,131554,131555,1,10
131544,131554,131555,1,10
131544,131553,131555,2,9
131544,131554,131555,1,10
131544,131554,131555,1,10
131544,131554,131555,1,10
131544,131554,131555,1,10
131544,131554,131555,1,10
131544,131555,131556,1,11
131544,131555,131556,1,11
131544,131555,131556,1,11
131544,131555,131556,1,11
131544,131555,131556,1,11
131544,131555,131556,1,11
131544,131555,131556,1,11
131544,131555,131556,1,11
131544,131556,131557,1,12
131544,131556,131557,1,12
131544,131556,131557,1,12
131544,131555,131556,1,11
131544,131556,131557,1,12
131544,131556,131557,1,12
131544,131556,131557,1,12
131544,131556,131557,1,12
131544,131556,131557,1,12
131544,131556,131557,1,12
131544,131556,131557,1,12
131544,131556,131557,1,12
131544,131555,131557,2,11
131544,131557,131558,1,13
131544,131557,131558,1,13
131544,131557,131558,1,13
131544,131557,131558,1,13
131544,131557,131558,1,13
131544,131556,131558,2,12
131550,131558,131559,1,8
131550,131558,131559,1,8
131550,131558,131559,1,8
131544,131557,131558,1,13
131550,131558,131559,1,8
131550,131558,131559,1,8
131550,131559,131560,1,9
131544,131558,131559,1,14
131550,131560,131561,1,10
131550,131559,131560,1,9
131550,131559,131560,1,9
131550,131559,131560,1,9
131550,131560,131561,1,10
131550,131560,131561,1,10
131550,131560,131561,1,10
131550,131560,131561,1,10
131550,131559,131560,1,9
131550,131559,131560,1,9
131550,131559,131561,2,9
131550,131559,131560,1,9
131550,131559,131561,2,9
131550,131559,131561,2,9
131550,131559,131561,2,9
131550,131561,131562,1,11
131550,131560,131561,1,10
131550,131561,131562,1,11
131550,131561,131562,1,11
131550,131561,131562,1,11
131550,131561,131562,1,11
131550,131561,131562,1,11
131550,131561,131562,1,11
131550,131561,131562,1,11
131550,131561,131562,1,11
131550,131561,131562,1,11
131550,131562,131563,1,12
131550,131562,131563,1,12
131550,131562,131563,1,12
131550,131562,131563,1,12
131550,131562,131563,1,12
131550,131562,131563,1,12
131550,131562,131563,1,12
131550,131561,131563,2,11
131550,131561,131562,1,11
131550,131561,131563,2,11
131550,131563,131564,1,13
131550,131562,131563,1,12
131550,131563,131564,1,13
131550,131563,131564,1,13
131550,131563,131564,1,13
131550,131563,131564,1,13
131550,131563,131564,1,13
131550,131563,131564,1,13
131550,131563,131564,1,13
131550,131563,131564,1,13
131550,131563,131564,1,13
131550,131563,131564,1,13
131550,131563,131564,1,13
131550,131563,131564,1,13
131550,131564,131565,1,14
131550,131564,131565,1,14
131550,131564,131565,1,14
131550,131564,131565,1,14
131550,131564,131565,1,14
131550,131564,131565,1,14
131550,131564,131565,1,14
131550,131564,131565,1,14
131550,131563,131565,2,13
131550,131563,131565,2,13
131550,131564,131565,1,14
131550,131565,131566,1,15
131550,131560,131564,4,10
131550,131565,131566,1,15
131550,131565,131566,1,15
131550,131565,131566,1,15
131550,131565,131566,1,15
131550,131565,131566,1,15
131550,131565,131566,1,15
131550,131565,131566,1,15
131550,131565,131566,1,15
131550,131565,131566,1,15
131550,131566,131567,1,16
131550,131566,131567,1,16
131550,131565,131567,2,15
131550,131566,131567,1,16
131550,131567,131569,2,17
130855,130862,131571,709,7
131094,131102,131581,479,8
131586,131586,131587,1,0
131586,131586,131587,1,0
131586,131586,131587,1,0
131586,131586,131587,1,0
131586,131586,131587,1,0
131586,131586,131587,1,0
131586,131586,131587,1,0
131586,131586,131587,1,0
131586,131586,131587,1,0
131586,131586,131587,1,0
131586,131586,131587,1,0
131586,131586,131588,2,0
131586,131586,131588,2,0
131586,131586,131588,2,0
131586,131586,131588,2,0
131586,131587,131589,2,1
131586,131587,131589,2,1
131586,131587,131589,2,1
131586,131587,131589,2,1
131586,131587,131589,2,1
131586,131588,131589,1,2
131586,131588,131589,1,2
131586,131588,131589,1,2
131586,131588,131589,1,2
131586,131588,131590,2,2
131586,131588,131589,1,2
131586,131588,131589,1,2
131586,131586,131590,4,0
131586,131588,131590,2,2
131586,131589,131590,1,3
131586,131589,131590,1,3
131586,131590,131591,1,4
131586,131590,131591,1,4
131586,131590,131591,1,4
131586,131590,131591,1,4
131586,131589,131590,1,3
131586,131590,131591,1,4
131586,131590,131591,1,4
131586,131589,131591,2,3
131586,131590,131591,1,4
131586,131591,131592,1,5
131586,131591,131592,1,5
131586,131591,131592,1,5
131586,131592,131593,1,6
131586,131592,131593,1,6
131586,131592,131593,1,6
131586,131592,131593,1,6
131586,131592,131593,1,6
131586,131592,131593,1,6
131586,131592,131593,1,6
131586,131592,131593,1,6
131586,131592,131593,1,6
131586,131593,131594,1,7
131586,131593,131594,1,7
131586,131593,131594,1,7
131586,131593,131594,1,7
131586,131593,131594,1,7
131586,131593,131594,1,7
131586,131593,131594,1,7
131586,131593,131594,1,7
131586,131593,131594,1,7
131586,131593,131594,1,7
131586,131593,131594,1,7
131586,131594,131595,1,8
131586,131594,131595,1,8
131587,131594,131595,1,7
131587,131594,131595,1,7
131586,131594,131595,1,8
131586,131594,131595,1,8
131587,131594,131595,1,7
131587,131594,131595,1,7
131587,131594,131595,1,7
131587,131594,131595,1,7
131587,131594,131595,1,7
131587,131595,131596,1,8
131587,131595,131596,1,8
131587,131595,131596,1,8
131587,131595,131596,1,8
131587,131595,131596,1,8
131587,131596,131597,1,9
131587,131596,131597,1,9
131587,131596,131597,1,9
131587,131595,131596,1,8
131587,131595,131596,1,8
131587,131595,131596,1,8
131587,131595,131596,1,8
131587,131595,131597,2,8
131587,131595,131597,2,8
131587,131595,131597,2,8
131587,131596,131597,1,9
131587,131596,131597,1,9
131587,131597,131598,1,10
131586,131596,131598,2,10
131587,131597,131598,1,10
131587,131597,131598,1,10
131587,131596,131598,2,9
131587,131596,131598,2,9
131587,131596,131597,1,9
131587,131596,131597,1,9
131587,131597,131598,1,10
131586,131590,131598,8,4
131587,131597,131598,1,10
131587,131597,131599,2,10
131587,131597,131598,1,10
131587,131597,131599,2,10
131587,131597,131599,2,10
131587,131597,131599,2,10
131587,131597,131599,2,10
131587,131598,131599,1,11
131587,131598,131599,1,11
131587,131598,131600,2,11
131587,131598,131599,1,11
131587,131598,131599,1,11
131587,131598,131600,2,11
131587,131599,131600,1,12
131587,131599,131600,1,12
131587,131599,131600,1,12
131587,131599,131600,1,12
131587,131600,131601,1,13
131587,131600,131601,1,13
131587,131600,131601,1,13
131587,131599,131601,2,12
131587,131599,131601,2,12
131587,131599,131601,2,12
131587,131599,131601,2,12
131587,131600,131601,1,13
131587,131600,131601,1,13
131587,131600,131601,1,13
131587,131601,131602,1,14
131587,131600,131601,1,13
131587,131600,131601,1,13
131587,131599,131602,3,12
131587,131601,131602,1,14
131587,131601,131602,1,14
131587,131600,131602,2,13
131587,131601,131602,1,14
131587,131602,131603,1,15
131587,131602,131603,1,15
131587,131602,131603,1,15
131587,131602,131603,1,15
131587,131602,131603,1,15
131587,131603,131604,1,16
131587,131602,131603,1,15
131587,131602,131603,1,15
130916,130924,131661,737,8
131663,131663,131664,1,0
131663,131663,131664,1,0
131663,131663,131664,1,0
131663,131663,131664,1,0
131663,131663,131664,1,0
131663,131663,131664,1,0
131663,131663,131665,2,0
131663,131664,131665,1,1
131663,131664,131665,1,1
131663,131663,131665,2,0
131663,131663,131665,2,0
131663,131664,131665,1,1
131663,131663,131666,3,0
131663,131664,131666,2,1
131663,131664,131666,2,1
131663,131664,131666,2,1
131663,131664,131666,2,1
131663,131664,131666,2,1
131663,131664,131666,2,1
131663,131664,131666,2,1
131663,131663,131665,2,0
131663,131665,131666,1,2
131663,131665,131666,1,2
131663,131665,131667,2,2
131663,131666,131667,1,3
131663,131666,131667,1,3
131663,131666,131667,1,3
131663,131666,131667,1,3
131663,131666,131668,2,3
131663,131667,131668,1,4
131663,131667,131668,1,4
131663,131667,131668,1,4
131663,131666,131668,2,3
131663,131667,131669,2,4
131663,131667,131669,2,4
131663,131669,131670,1,6
131663,131669,131670,1,6
131663,131670,131671,1,7
131663,131670,131671,1,7
131663,131670,131671,1,7
131663,131671,131672,1,8
131663,131671,131672,1,8
131663,131671,131672,1,8
131663,131671,131672,1,8
131663,131671,131672,1,8
131663,131671,131672,1,8
131006,131015,131723,708,9
131724,131725,131726,1,1
131724,131725,131726,1,1
131724,131725,131726,1,1
131724,131726,131727,1,2
131724,131725,131726,1,1
131724,131725,131726,1,1
131724,131725,131726,1,1
131724,131725,131726,1,1
131724,131725,131727,2,1
131724,131725,131727,2,1
131724,131726,131727,1,2
131724,131726,131727,1,2
131724,131726,131727,1,2
131724,131726,131727,1,2
131724,131727,131728,1,3
131724,131726,131727,1,2
131724,131727,131728,1,3
131724,131727,131728,1,3
131724,131727,131728,1,3
131724,131727,131728,1,3
131724,131727,131728,1,3
131724,131728,131729,1,4
131724,131727,131728,1,3
131724,131727,131728,1,3
131724,131728,131729,1,4
131724,131728,131729,1,4
131724,131728,131729,1,4
131724,131728,131729,1,4
131724,131728,131729,1,4
131724,131728,131729,1,4
131724,131728,131729,1,4
131724,131728,131729,1,4
131724,131729,131730,1,5
131724,131729,131730,1,5
131724,131729,131730,1,5
131724,131729,131730,1,5
131724,131729,131730,1,5
131724,131729,131730,1,5
131724,131729,131730,1,5
131724,131730,131731,1,6
131724,131730,131731,1,6
131724,131730,131731,1,6
131724,131730,131731,1,6
131724,131729,131730,1,5
131724,131729,131730,1,5
131724,131730,131731,1,6
131724,131730,131731,1,6
131724,131730,131731,1,6
131724,131730,131731,1,6
131724,131731,131732,1,7
131724,131730,131731,1,6
131724,131731,131732,1,7
131724,131731,131732,1,7
131724,131731,131732,1,7
131724,131731,131732,1,7
131724,131731,131732,1,7
131724,131731,131732,1,7
131724,131731,131732,1,7
131724,131731,131732,1,7
131724,131731,131732,1,7
131724,131731,131732,1,7
131724,131731,131732,1,7
131724,131731,131732,1,7
131724,131732,131733,1,8
131724,131732,131733,1,8
131724,131732,131733,1,8
131724,131732,131733,1,8
131724,131732,131733,1,8
131724,131732,131733,1,8
131724,131732,131733,1,8
131724,131732,131733,1,8
131724,131732,131733,1,8
131724,131732,131733,1,8
131724,131728,131733,5,4
130947,130954,131741,787,7
131749,131749,131750,1,0
131749,131749,131750,1,0
131749,131749,131750,1,0
131749,131749,131751,2,0
131749,131749,131750,1,0
131749,131749,131751,2,0
131749,131749,131751,2,0
131749,131750,131751,1,1
131749,131749,131751,2,0
131749,131749,131752,3,0
131749,131749,131752,3,0
131257,131264,131751,487,7
131749,131750,131751,1,1
131749,131750,131752,2,1
131749,131750,131751,1,1
131749,131750,131751,1,1
131749,131750,131751,1,1
131749,131750,131752,2,1
131749,131750,131751,1,1
131749,131750,131752,2,1
131749,131751,131752,1,2
131749,131752,131753,1,3
131749,131751,131752,1,2
131749,131751,131752,1,2
131749,131752,131753,1,3
131749,131752,131753,1,3
131749,131752,131753,1,3
131749,131752,131753,1,3
131749,131752,131753,1,3
131749,131750,131752,2,1
131749,131752,131753,1,3
131749,131752,131754,2,3
131749,131753,131754,1,4
131749,131752,131754,2,3
131749,131752,131753,1,3
131749,131752,131753,1,3
131749,131752,131753,1,3
131749,131752,131753,1,3
131749,131753,131754,1,4
131749,131753,131754,1,4
131749,131753,131754,1,4
131749,131753,131754,1,4
131749,131753,131754,1,4
131749,131753,131754,1,4
131749,131753,131754,1,4
131749,131753,131754,1,4
131749,131754,131755,1,5
131749,131754,131755,1,5
131749,131754,131755,1,5
131749,131754,131755,1,5
131749,131754,131755,1,5
131749,131754,131755,1,5
131749,131754,131755,1,5
131749,131754,131755,1,5
131749,131754,131755,1,5
131749,131754,131755,1,5
131749,131755,131756,1,6
131749,131755,131756,1,6
131749,131755,131756,1,6
131749,131752,131755,3,3
131749,131755,131756,1,6
131749,131755,131756,1,6
131749,131755,131756,1,6
131749,131755,131756,1,6
131749,131755,131756,1,6
131749,131755,131756,1,6
131749,131755,131756,1,6
131749,131755,131756,1,6
131749,131755,131756,1,6
131749,131755,131756,1,6
131749,131755,131756,1,6
130998,131006,131757,751,8
131749,131756,131757,1,7
131749,131756,131757,1,7
131749,131756,131757,1,7
131749,131755,131756,1,6
131749,131756,131757,1,7
131749,131756,131757,1,7
131749,131756,131757,1,7
131749,131756,131757,1,7
131749,131756,131757,1,7
131749,131756,131757,1,7
131749,131756,131757,1,7
131749,131756,131757,1,7
131749,131756,131757,1,7
131749,131756,131757,1,7
131749,131756,131757,1,7
131749,131754,131757,3,5
131753,131757,131758,1,4
131753,131757,131758,1,4
131753,131757,131758,1,4
131753,131757,131758,1,4
131753,131757,131758,1,4
131753,131757,131758,1,4
131753,131757,131758,1,4
131753,131757,131758,1,4
131753,131757,131758,1,4
131753,131757,131758,1,4
131753,131757,131758,1,4
131753,131757,131758,1,4
131753,131757,131758,1,4
131753,131758,131759,1,5
131753,131758,131759,1,5
131753,131758,131759,1,5
131753,131758,131759,1,5
131753,131757,131758,1,4
131753,131757,131758,1,4
131753,131757,131759,2,4
131753,131758,131759,1,5
131753,131758,131759,1,5
131753,131758,131760,2,5
131753,131758,131759,1,5
131753,131758,131760,2,5
131753,131758,131760,2,5
131753,131758,131759,1,5
131753,131758,131760,2,5
131753,131758,131760,2,5
131753,131758,131760,2,5
131753,131757,131759,2,4
131753,131759,131761,2,6
131753,131759,131760,1,6
131753,131760,131761,1,7
131753,131760,131761,1,7
131753,131760,131761,1,7
131753,131760,131761,1,7
131753,131760,131761,1,7
131753,131760,131762,2,7
131753,131760,131762,2,7
131753,131761,131762,1,8
131753,131760,131762,2,7
131753,131761,131763,2,8
131753,131760,131763,3,7
131753,131760,131762,2,7
131753,131760,131763,3,7
131753,131760,131763,3,7
131753,131761,131763,2,8
131753,131760,131763,3,7
131753,131761,131763,2,8
131753,131761,131763,2,8
131753,131762,131763,1,9
131753,131762,131763,1,9
131753,131762,131763,1,9
131753,131762,131763,1,9
131753,131762,131763,1,9
131753,131763,131764,1,10
131753,131763,131764,1,10
131753,131763,131764,1,10
131753,131763,131764,1,10
131753,131764,131765,1,11
131753,131764,131765,1,11
131753,131764,131765,1,11
131753,131765,131766,1,12
131753,131765,131766,1,12
131753,131765,131766,1,12
131753,131765,131766,1,12
131753,131765,131766,1,12
131753,131766,131767,1,13
131753,131766,131767,1,13
131753,131766,131767,1,13
131753,131766,131767,1,13
131772,131772,131773,1,0
131772,131772,131773,1,0
131772,131772,131773,1,0
131772,131772,131773,1,0
131772,131772,131773,1,0
131772,131772,131773,1,0
131772,131772,131773,1,0
131772,131772,131773,1,0
131772,131772,131774,2,0
131772,131773,131775,2,1
131772,131773,131775,2,1
131772,131773,131775,2,1
131772,131773,131775,2,1
131772,131773,131775,2,1
131772,131773,131775,2,1
131772,131773,131774,1,1
131772,131773,131774,1,1
131772,131773,131775,2,1
131772,131775,131776,1,3
131772,131774,131775,1,2
131772,131775,131776,1,3
131772,131775,131776,1,3
131772,131774,131776,2,2
131772,131775,131777,2,3
131772,131775,131776,1,3
131772,131775,131777,2,3
131772,131775,131777,2,3
131772,131775,131776,1,3
131772,131776,131777,1,4
131772,131775,131776,1,3
131772,131775,131776,1,3
131772,131776,131777,1,4
131772,131777,131778,1,5
131772,131776,131778,2,4
131772,131776,131778,2,4
131772,131777,131778,1,5
131772,131777,131778,1,5
131772,131777,131778,1,5
131772,131777,131778,1,5
131772,131778,131779,1,6
131772,131777,131779,2,5
131772,131778,131779,1,6
131772,131777,131779,2,5
131772,131777,131778,1,5
131772,131777,131778,1,5
131772,131778,131779,1,6
131772,131778,131779,1,6
131772,131778,131779,1,6
131772,131778,131779,1,6
131772,131778,131779,1,6
131772,131779,131780,1,7
131772,131778,131780,2,6
131772,131778,131779,1,6
131772,131779,131780,1,7
131772,131779,131780,1,7
131772,131779,131780,1,7
131772,131779,131780,1,7
131772,131779,131780,1,7
131772,131778,131781,3,6
131772,131779,131780,1,7
131772,131780,131781,1,8
131772,131780,131781,1,8
131772,131780,131781,1,8
131772,131780,131781,1,8
131772,131780,131781,1,8
131772,131780,131781,1,8
131772,131778,131781,3,6
131772,131781,131782,1,9
131772,131781,131782,1,9
131772,131781,131782,1,9
131772,131781,131782,1,9
131772,131781,131782,1,9
131772,131782,131783,1,10
131772,131782,131783,1,10
131772,131782,131783,1,10
131753,131764,131783,19,11
131352,131359,131826,467,7
131828,131828,131829,1,0
131828,131828,131829,1,0
131828,131828,131829,1,0
131828,131828,131829,1,0
131828,131828,131829,1,0
131828,131828,131829,1,0
131828,131828,131829,1,0
131828,131828,131830,2,0
131828,131828,131829,1,0
131828,131828,131830,2,0
131828,131828,131830,2,0
131828,131828,131830,2,0
131828,131829,131830,1,1
131828,131828,131829,1,0
131828,131828,131829,1,0
131828,131828,131830,2,0
131828,131828,131829,1,0
131828,131829,131830,1,1
131828,131829,131831,2,1
131828,131829,131830,1,1
131828,131830,131831,1,2
131828,131829,131831,2,1
131828,131829,131831,2,1
131828,131830,131832,2,2
131828,131830,131832,2,2
131828,131830,131832,2,2
131828,131830,131832,2,2
131828,131831,131832,1,3
131828,131831,131832,1,3
131828,131829,131832,3,1
131828,131830,131832,2,2
131828,131831,131832,1,3
131828,131830,131832,2,2
131828,131831,131832,1,3
131828,131830,131833,3,2
131828,131831,131832,1,3
131828,131831,131832,1,3
131828,131832,131833,1,4
131828,131832,131833,1,4
131828,131832,131833,1,4
131828,131833,131834,1,5
131828,131832,131833,1,4
131828,131833,131834,1,5
131828,131828,131834,6,0
131103,131111,131834,723,8
131828,131832,131834,2,4
131828,131832,131834,2,4
131828,131832,131834,2,4
131828,131832,131834,2,4
131828,131833,131834,1,5
131828,131833,131834,1,5
131828,131833,131834,1,5
131828,131833,131834,1,5
131828,131834,131835,1,6
131828,131834,131835,1,6
131828,131834,131835,1,6
131828,131834,131835,1,6
131828,131834,131835,1,6
131828,131834,131836,2,6
131828,131834,131836,2,6
131828,131835,131836,1,7
131828,131835,131836,1,7
131828,131835,131836,1,7
131828,131835,131836,1,7
131828,131835,131836,1,7
131828,131835,131836,1,7
131828,131835,131836,1,7
131828,131835,131836,1,7
131828,131835,131836,1,7
131828,131835,131836,1,7
131828,131835,131836,1,7
131828,131837,131838,1,9
131828,131837,131838,1,9
131828,131837,131838,1,9
131828,131836,131837,1,8
131828,131836,131837,1,8
131828,131836,131838,2,8
131828,131837,131838,1,9
131828,131837,131838,1,9
131835,131838,131839,1,3
131835,131838,131839,1,3
131835,131838,131839,1,3
131828,131837,131838,1,9
131835,131838,131839,1,3
131835,131838,131839,1,3
131835,131838,131839,1,3
131835,131839,131840,1,4
131835,131839,131840,1,4
131835,131839,131840,1,4
131835,131838,131840,2,3
131835,131839,131840,1,4
131835,131839,131840,1,4
131835,131839,131840,1,4
131835,131839,131840,1,4
131835,131840,131841,1,5
131835,131839,131840,1,4
131835,131840,131841,1,5
131835,131839,131840,1,4
131835,131839,131840,1,4
131835,131839,131840,1,4
131835,131839,131840,1,4
131835,131839,131841,2,4
131835,131839,131840,1,4
131835,131839,131840,1,4
131835,131840,131841,1,5
131835,131840,131841,1,5
131835,131841,131842,1,6
131835,131841,131842,1,6
131835,131841,131842,1,6
131835,131841,131842,1,6
131835,131841,131842,1,6
131835,131841,131842,1,6
131835,131841,131842,1,6
131835,131841,131842,1,6
131835,131841,131842,1,6
131835,131841,131842,1,6
131835,131842,131843,1,7
131835,131842,131843,1,7
131835,131842,131843,1,7
131835,131841,131843,2,6
131835,131841,131843,2,6
131835,131841,131842,1,6
131835,131841,131843,2,6
131835,131841,131843,2,6
131835,131842,131843,1,7
131835,131842,131843,1,7
131835,131843,131844,1,8
131835,131842,131843,1,7
131835,131843,131844,1,8
131835,131843,131844,1,8
131835,131843,131844,1,8
131835,131843,131844,1,8
131835,131843,131844,1,8
131835,131844,131845,1,9
131835,131844,131845,1,9
131835,131843,131844,1,8
131835,131843,131845,2,8
131835,131843,131844,1,8
131835,131844,131845,1,9
131835,131844,131845,1,9
131835,131844,131845,1,9
131835,131844,131845,1,9
131835,131844,131845,1,9
131835,131843,131844,1,8
131835,131843,131845,2,8
131835,131843,131844,1,8
131835,131843,131845,2,8
131835,131843,131845,2,8
131835,131845,131846,1,10
131835,131845,131846,1,10
131835,131845,131846,1,10
131835,131845,131846,1,10
131835,131845,131846,1,10
131835,131845,131846,1,10
131835,131845,131846,1,10
131835,131845,131846,1,10
131835,131845,131846,1,10
131835,131845,131846,1,10
131835,131845,131846,1,10
131835,131845,131846,1,10
131835,131845,131846,1,10
131835,131846,131847,1,11
131835,131846,131847,1,11
131835,131845,131846,1,10
131835,131846,131847,1,11
131835,131846,131847,1,11
131835,131846,131847,1,11
131835,131846,131847,1,11
131835,131846,131847,1,11
131835,131846,131847,1,11
131835,131845,131847,2,10
131835,131845,131847,2,10
131161,131167,131893,726,6
131895,131895,131896,1,0
131895,131895,131896,1,0
131895,131895,131896,1,0
131895,131895,131896,1,0
131895,131895,131896,1,0
131895,131895,131896,1,0
131895,131895,131896,1,0
131895,131895,131896,1,0
131895,131895,131896,1,0
131895,131896,131897,1,1
131895,131895,131896,1,0
131895,131896,131897,1,1
131895,131895,131896,1,0
131895,131896,131897,1,1
131895,131895,131896,1,0
131895,131896,131897,1,1
131895,131897,131898,1,2
131895,131896,131897,1,1
131895,131896,131897,1,1
131895,131897,131898,1,2
131895,131896,131898,2,1
131895,131896,131898,2,1
131895,131897,131898,1,2
131895,131896,131898,2,1
131895,131897,131899,2,2
131895,131897,131898,1,2
131895,131898,131899,1,3
131895,131897,131898,1,2
131895,131897,131898,1,2
131895,131897,131898,1,2
131895,131897,131898,1,2
131895,131898,131899,1,3
131895,131898,131899,1,3
131895,131897,131898,1,2
131895,131896,131898,2,1
131895,131898,131899,1,3
131895,131898,131899,1,3
131895,131898,131899,1,3
131895,131898,131899,1,3
131895,131899,131900,1,4
131895,131899,131900,1,4
131895,131899,131900,1,4
131895,131899,131900,1,4
131895,131899,131900,1,4
131895,131899,131900,1,4
131895,131899,131900,1,4
131895,131898,131899,1,3
131895,131899,131900,1,4
131895,131899,131900,1,4
131895,131899,131900,1,4
131895,131899,131900,1,4
131895,131900,131901,1,5
131895,131900,131901,1,5
131895,131900,131901,1,5
131895,131899,131900,1,4
131895,131900,131901,1,5
131895,131900,131901,1,5
131895,131900,131901,1,5
131895,131900,131901,1,5
131895,131899,131900,1,4
131895,131900,131901,1,5
131895,131900,131901,1,5
131895,131900,131901,1,5
131895,131901,131902,1,6
131895,131901,131902,1,6
131895,131901,131902,1,6
131895,131901,131902,1,6
131895,131901,131902,1,6
131895,131900,131902,2,5
131895,131901,131902,1,6
131895,131901,131902,1,6
131895,131901,131902,1,6
131895,131900,131901,1,5
131895,131900,131902,2,5
131895,131901,131902,1,6
131895,131899,131901,2,4
131895,131900,131902,2,5
131895,131902,131903,1,7
131895,131902,131903,1,7
131895,131902,131903,1,7
131895,131902,131903,1,7
131895,131902,131903,1,7
131895,131902,131903,1,7
131895,131902,131903,1,7
131895,131902,131903,1,7
131895,131902,131903,1,7
131895,131902,131903,1,7
131895,131902,131903,1,7
131895,131902,131903,1,7
131895,131903,131904,1,8
131895,131903,131904,1,8
131895,131903,131904,1,8
131895,131902,131904,2,7
131895,131902,131904,2,7
131895,131903,131904,1,8
131895,131904,131906,2,9
131442,131454,131927,473,12
131220,131226,131927,701,6
131929,131929,131930,1,0
131929,131929,131930,1,0
131929,131929,131930,1,0
131929,131929,131930,1,0
131929,131929,131930,1,0
131929,131929,131930,1,0
131929,131929,131931,2,0
131929,131929,131930,1,0
131929,131929,131931,2,0
131929,131929,131930,1,0
131929,131929,131930,1,0
131929,131929,131931,2,0
131929,131930,131931,1,1
131929,131930,131931,1,1
131929,131930,131931,1,1
131929,131930,131931,1,1
131929,131931,131932,1,2
131929,131930,131932,2,1
131929,131930,131931,1,1
131929,131930,131931,1,1
131929,131931,131932,1,2
131929,131931,131932,1,2
131929,131931,131932,1,2
131929,131931,131932,1,2
131929,131931,131932,1,2
131929,131931,131932,1,2
131929,131931,131932,1,2
131929,131932,131933,1,3
131929,131931,131932,1,2
131929,131931,131932,1,2
131929,131932,131933,1,3
131929,131932,131933,1,3
131929,131933,131934,1,4
131929,131932,131933,1,3
131929,131932,131933,1,3
131929,131932,131933,1,3
131929,131932,131933,1,3
131929,131932,131933,1,3
131929,131932,131933,1,3
131929,131932,131933,1,3
131929,131933,131934,1,4
131929,131933,131934,1,4
131929,131933,131934,1,4
131929,131933,131934,1,4
131929,131933,131934,1,4
131929,131933,131935,2,4
131929,131933,131934,1,4
131929,131934,131935,1,5
131929,131934,131935,1,5
131929,131934,131935,1,5
131929,131933,131935,2,4
131929,131933,131934,1,4
131929,131934,131935,1,5
131929,131934,131935,1,5
131929,131934,131935,1,5
131929,131934,131935,1,5
131929,131934,131935,1,5
131929,131934,131935,1,5
131929,131934,131935,1,5
131929,131935,131936,1,6
131929,131935,131936,1,6
131929,131935,131936,1,6
131929,131935,131936,1,6
131929,131935,131936,1,6
131929,131935,131936,1,6
131929,131935,131936,1,6
131929,131935,131936,1,6
131929,131935,131936,1,6
131929,131935,131936,1,6
131929,131935,131936,1,6
131929,131936,131937,1,7
131929,131935,131936,1,6
131929,131935,131936,1,6
131929,131935,131936,1,6
131929,131936,131937,1,7
131929,131936,131937,1,7
131929,131935,131936,1,6
131929,131936,131937,1,7
131929,131936,131937,1,7
131929,131936,131937,1,7
131929,131936,131937,1,7
131929,131936,131937,1,7
131929,131936,131937,1,7
131929,131936,131937,1,7
131929,131936,131937,1,7
131929,131937,131938,1,8
131929,131937,131938,1,8
131929,131937,131938,1,8
131929,131937,131938,1,8
131929,131937,131938,1,8
131929,131937,131938,1,8
131929,131937,131938,1,8
131929,131937,131938,1,8
131929,131937,131938,1,8
131929,131937,131938,1,8
131929,131936,131938,2,7
131929,131936,131938,2,7
131929,131937,131938,1,8
131929,131937,131938,1,8
131929,131937,131938,1,8
131929,131937,131938,1,8
131439,131445,131938,493,6
131929,131937,131939,2,8
131929,131938,131939,1,9
131929,131938,131940,2,9
131929,131938,131940,2,9
131929,131938,131940,2,9
131929,131938,131940,2,9
131929,131938,131940,2,9
131929,131938,131940,2,9
131929,131938,131940,2,9
131929,131939,131940,1,10
131929,131939,131940,1,10
131929,131939,131940,1,10
131929,131939,131940,1,10
131929,131938,131940,2,9
131929,131938,131940,2,9
131929,131940,131941,1,11
131929,131940,131941,1,11
131929,131940,131941,1,11
131929,131939,131941,2,10
131929,131940,131941,1,11
131929,131939,131941,2,10
131929,131939,131941,2,10
131929,131939,131942,3,10
131929,131940,131942,2,11
131929,131941,131942,1,12
131929,131941,131942,1,12
131929,131940,131942,2,11
131929,131940,131942,2,11
131929,131940,131941,1,11
131929,131940,131942,2,11
131929,131941,131942,1,12
131929,131941,131942,1,12
131929,131941,131942,1,12
131929,131941,131942,1,12
131929,131942,131943,1,13
131929,131942,131943,1,13
131929,131942,131943,1,13
131929,131942,131943,1,13
131929,131942,131943,1,13
131929,131942,131943,1,13
131929,131942,131943,1,13
131929,131941,131942,1,12
131929,131942,131943,1,13
131929,131942,131943,1,13
131929,131943,131944,1,14
131929,131943,131944,1,14
131929,131943,131944,1,14
131929,131943,131944,1,14
131929,131943,131944,1,14
131929,131943,131944,1,14
131929,131943,131944,1,14
131929,131943,131944,1,14
131929,131943,131944,1,14
131929,131944,131945,1,15
131929,131944,131945,1,15
131929,131944,131945,1,15
131929,131942,131944,2,13
131929,131944,131945,1,15
131929,131944,131945,1,15
131929,131944,131945,1,15
131929,131944,131945,1,15
131929,131944,131945,1,15
131929,131944,131945,1,15
131929,131944,131945,1,15
131929,131944,131945,1,15
131929,131944,131945,1,15
131929,131944,131945,1,15
131929,131944,131945,1,15
131929,131945,131946,1,16
131929,131945,131946,1,16
131958,131958,131959,1,0
131958,131958,131959,1,0
131958,131958,131959,1,0
131958,131958,131959,1,0
131958,131958,131959,1,0
131958,131958,131959,1,0
131958,131958,131959,1,0
131958,131958,131960,2,0
131958,131958,131959,1,0
131958,131958,131959,1,0
131958,131958,131959,1,0
131958,131958,131959,1,0
131958,131959,131960,1,1
131958,131959,131960,1,1
131958,131960,131961,1,2
131958,131960,131961,1,2
131958,131959,131961,2,1
131958,131959,131961,2,1
131958,131960,131961,1,2
131958,131959,131961,2,1
131958,131959,131960,1,1
131958,131960,131961,1,2
131958,131959,131960,1,1
131958,131959,131961,2,1
131958,131960,131961,1,2
131958,131959,131961,2,1
131958,131961,131962,1,3
131958,131961,131962,1,3
131958,131961,131962,1,3
131958,131961,131962,1,3
131958,131961,131962,1,3
131958,131959,131961,2,1
131958,131961,131962,1,3
131958,131961,131962,1,3
131958,131961,131962,1,3
131958,131960,131961,1,2
131958,131961,131962,1,3
131958,131961,131962,1,3
131958,131962,131963,1,4
131958,131962,131963,1,4
131958,131962,131963,1,4
131958,131961,131962,1,3
131958,131962,131963,1,4
131958,131962,131963,1,4
131958,131961,131962,1,3
131958,131962,131963,1,4
131958,131962,131963,1,4
131958,131962,131963,1,4
131958,131962,131963,1,4
131958,131959,131962,3,1
131958,131962,131963,1,4
131958,131962,131963,1,4
131958,131963,131964,1,5
131958,131963,131964,1,5
131958,131963,131964,1,5
131958,131962,131963,1,4
131958,131963,131964,1,5
131958,131963,131964,1,5
131958,131963,131964,1,5
131958,131963,131964,1,5
131958,131963,131964,1,5
131958,131963,131964,1,5
131958,131963,131964,1,5
131958,131961,131964,3,3
131958,131962,131963,1,4
131958,131963,131964,1,5
131958,131963,131964,1,5
131958,131964,131965,1,6
131958,131964,131965,1,6
131958,131964,131965,1,6
131958,131963,131964,1,5
131958,131964,131965,1,6
131958,131964,131965,1,6
131958,131964,131965,1,6
131958,131964,131965,1,6
131958,131964,131965,1,6
131958,131964,131965,1,6
131958,131964,131965,1,6
131958,131964,131965,1,6
131958,131963,131964,1,5
131958,131965,131966,1,7
131958,131965,131966,1,7
131958,131965,131966,1,7
131958,131965,131966,1,7
131958,131965,131966,1,7
131958,131965,131966,1,7
131958,131965,131966,1,7
131958,131965,131966,1,7
131958,131965,131966,1,7
131958,131965,131966,1,7
131317,131323,132036,713,6
132038,132039,132040,1,1
132038,132039,132040,1,1
132038,132039,132040,1,1
132038,132039,132040,1,1
132038,132039,132040,1,1
132038,132039,132040,1,1
132038,132039,132040,1,1
132038,132040,132041,1,2
132038,132040,132041,1,2
132038,132040,132041,1,2
132038,132040,132041,1,2
132038,132040,132041,1,2
132038,132040,132041,1,2
132038,132040,132041,1,2
132038,132040,132041,1,2
132038,132040,132041,1,2
132038,132040,132041,1,2
132038,132041,132042,1,3
132038,132041,132042,1,3
132038,132041,132043,2,3
132038,132041,132042,1,3
132038,132041,132042,1,3
132038,132041,132042,1,3
132038,132041,132043,2,3
132038,132042,132043,1,4
132038,132042,132043,1,4
132038,132042,132043,1,4
132038,132042,132043,1,4
131551,131566,132043,477,15
132038,132042,132043,1,4
132038,132042,132043,1,4
132038,132042,132043,1,4
132038,132042,132043,1,4
132038,132043,132044,1,5
132038,132042,132043,1,4
132038,132042,132043,1,4
132038,132043,132044,1,5
132038,132043,132044,1,5
132038,132044,132045,1,6
132038,132044,132045,1,6
132038,132044,132045,1,6
132038,132043,132045,2,5
132038,132044,132045,1,6
132038,132043,132044,1,5
132038,132044,132045,1,6
132038,132043,132044,1,5
132038,132044,132045,1,6
132038,132044,132045,1,6
132038,132045,132046,1,7
132038,132045,132046,1,7
132038,132045,132046,1,7
132038,132045,132046,1,7
132038,132045,132046,1,7
132038,132045,132046,1,7
132038,132045,132046,1,7
132038,132045,132046,1,7
132038,132045,132046,1,7
132038,132045,132046,1,7
132038,132045,132046,1,7
132038,132045,132046,1,7
132038,132044,132046,2,6
132038,132045,132046,1,7
132038,132045,132046,1,7
132038,132045,132046,1,7
132038,132045,132046,1,7
132038,132046,132047,1,8
132038,132046,132047,1,8
132038,132046,132047,1,8
132038,132046,132047,1,8
132038,132046,132047,1,8
132038,132046,132047,1,8
132038,132046,132047,1,8
132038,132046,132047,1,8
132038,132046,132047,1,8
132038,132046,132047,1,8
132038,132047,132048,1,9
132038,132046,132047,1,8
132038,132047,132048,1,9
132038,132047,132048,1,9
132038,132047,132048,1,9
132038,132047,132048,1,9
132038,132047,132048,1,9
132038,132046,132047,1,8
132044,132047,132048,1,3
132044,132047,132048,1,3
132038,132045,132047,2,7
132044,132047,132048,1,3
132044,132047,132048,1,3
132044,132048,132049,1,4
132044,132048,132049,1,4
132044,132048,132049,1,4
132044,132048,132049,1,4
132044,132048,132049,1,4
132044,132048,132049,1,4
132038,132047,132050,3,9
132044,132048,132049,1,4
132044,132048,132050,2,4
132044,132048,132050,2,4
132044,132048,132050,2,4
132044,132049,132050,1,5
132044,132049,132051,2,5
132044,132049,132051,2,5
132044,132049,132050,1,5
132044,132049,132050,1,5
132044,132050,132051,1,6
132044,132050,132051,1,6
132044,132049,132050,1,5
132044,132050,132051,1,6
132044,132048,132051,3,4
132044,132048,132050,2,4
132044,132048,132050,2,4
132044,132048,132051,3,4
132044,132048,132051,3,4
132044,132048,132050,2,4
132044,132051,132052,1,7
132044,132051,132052,1,7
132044,132050,132052,2,6
132044,132050,132051,1,6
132044,132051,132052,1,7
132044,132051,132052,1,7
132044,132051,132052,1,7
132044,132051,132052,1,7
132044,132051,132052,1,7
132044,132051,132052,1,7
132044,132051,132052,1,7
132044,132051,132052,1,7
132044,132051,132052,1,7
132044,132051,132052,1,7
132044,132051,132052,1,7
132044,132051,132052,1,7
132044,132052,132053,1,8
132044,132052,132053,1,8
132044,132052,132053,1,8
132044,132052,132053,1,8
132044,132052,132053,1,8
132044,132052,132053,1,8
132044,132052,132053,1,8
132044,132052,132053,1,8
132044,132052,132053,1,8
132044,132052,132053,1,8
132044,132052,132053,1,8
132044,132053,132054,1,9
132044,132053,132054,1,9
132044,132053,132054,1,9
132044,132053,132054,1,9
132044,132053,132054,1,9
132044,132053,132054,1,9
132044,132053,132054,1,9
132044,132053,132054,1,9
132044,132053,132054,1,9
132044,132053,132054,1,9
132044,132054,132055,1,10
132044,132054,132055,1,10
132044,132054,132055,1,10
132044,132054,132055,1,10
132044,132054,132055,1,10
132044,132054,132055,1,10
132044,132055,132056,1,11
132044,132050,132055,5,6
132044,132055,132056,1,11
132044,132055,132056,1,11
131288,131295,132056,761,7
132070,132071,132072,1,1
132070,132071,132072,1,1
132070,132071,132072,1,1
132070,132072,132073,1,2
132070,132071,132072,1,1
132070,132072,132073,1,2
132070,132072,132073,1,2
132070,132072,132073,1,2
132070,132072,132073,1,2
132070,132073,132074,1,3
132070,132072,132074,2,2
132070,132072,132073,1,2
132070,132072,132073,1,2
132070,132072,132073,1,2
132070,132073,132074,1,3
132070,132072,132073,1,2
132070,132073,132075,2,3
132070,132073,132074,1,3
132070,132073,132074,1,3
132070,132073,132074,1,3
132070,132073,132074,1,3
132070,132073,132074,1,3
132070,132073,132075,2,3
132070,132074,132075,1,4
132070,132074,132075,1,4
132070,132074,132075,1,4
132070,132074,132075,1,4
132070,132074,132076,2,4
132070,132074,132075,1,4
132070,132074,132075,1,4
132070,132074,132075,1,4
132070,132074,132075,1,4
132070,132075,132076,1,5
132070,132075,132076,1,5
132070,132075,132077,2,5
132070,132076,132077,1,6
132070,132075,132076,1,5
132070,132076,132077,1,6
132070,132075,132076,1,5
132070,132075,132076,1,5
132070,132075,132076,1,5
132070,132077,132078,1,7
132070,132077,132078,1,7
132070,132077,132078,1,7
132070,132076,132077,1,6
132070,132077,132078,1,7
132070,132077,132078,1,7
132070,132077,132078,1,7
132070,132077,132078,1,7
132070,132076,132077,1,6
132070,132076,132077,1,6
132070,132077,132078,1,7
132070,132076,132077,1,6
132070,132076,132077,1,6
132070,132076,132077,1,6
132070,132077,132078,1,7
132070,132077,132078,1,7
132070,132078,132079,1,8
132070,132078,132079,1,8
132070,132078,132079,1,8
132070,132078,132079,1,8
132070,132078,132079,1,8
132070,132078,132079,1,8
132070,132078,132079,1,8
132070,132078,132079,1,8
132070,132078,132079,1,8
132070,132078,132079,1,8
132070,132078,132079,1,8
132070,132079,132080,1,9
132070,132077,132079,2,7
131588,131603,132087,484,15
132103,132103,132104,1,0
132103,132103,132104,1,0
132103,132103,132104,1,0
132103,132103,132104,1,0
132103,132103,132104,1,0
132103,132103,132104,1,0
132103,132103,132104,1,0
132103,132103,132104,1,0
132103,132103,132104,1,0
132103,132103,132104,1,0
132103,132103,132105,2,0
132103,132103,132105,2,0
132103,132104,132105,1,1
132103,132104,132105,1,1
132103,132103,132104,1,0
132103,132103,132105,2,0
132103,132103,132105,2,0
132103,132105,132106,1,2
132103,132103,132106,3,0
132103,132104,132106,2,1
132103,132104,132106,2,1
132103,132105,132106,1,2
132103,132104,132106,2,1
132103,132105,132106,1,2
132103,132104,132106,2,1
132103,132106,132107,1,3
132103,132104,132107,3,1
132103,132106,132108,2,3
132103,132106,132107,1,3
132103,132106,132107,1,3
132103,132107,132108,1,4
132103,132108,132109,1,5
132103,132108,132109,1,5
132103,132109,132110,1,6
132103,132109,132110,1,6
132103,132109,132110,1,6
132103,132109,132110,1,6
132103,132109,132110,1,6
132103,132109,132110,1,6
132103,132110,132111,1,7
132103,132110,132111,1,7
132103,132110,132111,1,7
132103,132110,132111,1,7
132103,132110,132111,1,7
132103,132110,132111,1,7
132103,132110,132111,1,7
132103,132110,132111,1,7
132103,132110,132111,1,7
132103,132110,132111,1,7
132103,132110,132111,1,7
131480,131486,132189,703,6
132190,132190,132191,1,0
132190,132190,132191,1,0
132190,132190,132191,1,0
132190,132190,132191,1,0
132190,132190,132191,1,0
132190,132190,132191,1,0
132190,132190,132191,1,0
132190,132190,132191,1,0
132190,132190,132191,1,0
132190,132190,132192,2,0
132190,132190,132192,2,0
132190,132190,132192,2,0
132190,132190,132192,2,0
132190,132191,132192,1,1
132190,132192,132193,1,2
132190,132192,132193,1,2
132190,132192,132193,1,2
132190,132192,132193,1,2
132190,132192,132193,1,2
132190,132192,132193,1,2
132190,132192,132193,1,2
132190,132193,132194,1,3
132190,132193,132194,1,3
132190,132192,132194,2,2
132190,132192,132194,2,2
132190,132192,132194,2,2
132190,132192,132194,2,2
132190,132194,132195,1,4
132190,132192,132194,2,2
132190,132193,132194,1,3
132190,132194,132195,1,4
132190,132193,132194,1,3
132190,132194,132195,1,4
132190,132195,132196,1,5
132190,132195,132196,1,5
132190,132195,132196,1,5
132190,132195,132196,1,5
132190,132195,132196,1,5
132190,132195,132196,1,5
132190,132195,132196,1,5
132190,132195,132196,1,5
132190,132196,132197,1,6
132190,132196,132197,1,6
132190,132195,132196,1,5
132190,132195,132196,1,5
132190,132196,132197,1,6
132190,132196,132197,1,6
132190,132196,132197,1,6
132190,132195,132196,1,5
132190,132196,132197,1,6
132190,132197,132198,1,7
132190,132197,132198,1,7
132190,132197,132198,1,7
132190,132197,132198,1,7
132190,132197,132198,1,7
132190,132197,132198,1,7
132190,132196,132197,1,6
132190,132197,132198,1,7
132190,132197,132198,1,7
132190,132197,132198,1,7
132190,132197,132198,1,7
132190,132197,132198,1,7
132190,132198,132199,1,8
132190,132198,132199,1,8
132190,132198,132199,1,8
132190,132198,132199,1,8
132190,132198,132199,1,8
132190,132198,132199,1,8
132190,132198,132199,1,8
132190,132198,132199,1,8
132190,132198,132199,1,8
132190,132198,132199,1,8
132190,132198,132199,1,8
132190,132198,132199,1,8
131488,131495,132199,704,7
132190,132198,132199,1,8
132216,132216,132217,1,0
132216,132217,132219,2,1
132216,132217,132218,1,1
132216,132217,132218,1,1
132216,132217,132218,1,1
132216,132218,132219,1,2
132216,132218,132219,1,2
132216,132218,132219,1,2
132216,132218,132219,1,2
132216,132218,132220,2,2
132216,132218,132220,2,2
132216,132218,132219,1,2
132216,132218,132220,2,2
132216,132218,132219,1,2
132216,132218,132219,1,2
132216,132218,132219,1,2
132216,132218,132219,1,2
132216,132218,132219,1,2
132216,132219,132220,1,3
132216,132220,132221,1,4
132216,132220,132221,1,4
132216,132220,132221,1,4
132216,132220,132221,1,4
132216,132220,132221,1,4
132216,132221,132222,1,5
132216,132221,132222,1,5
132216,132220,132221,1,4
132216,132221,132222,1,5
132216,132221,132222,1,5
132216,132221,132222,1,5
132216,132221,132222,1,5
132216,132221,132222,1,5
132216,132220,132221,1,4
132216,132221,132222,1,5
132216,132221,132222,1,5
132216,132222,132223,1,6
132216,132222,132223,1,6
132216,132222,132223,1,6
132216,132222,132223,1,6
132216,132222,132223,1,6
132216,132221,132222,1,5
132216,132222,132223,1,6
132216,132222,132223,1,6
132216,132222,132223,1,6
132216,132222,132223,1,6
132216,132222,132223,1,6
132216,132222,132223,1,6
132216,132223,132224,1,7
132216,132223,132224,1,7
132216,132223,132224,1,7
132216,132223,132224,1,7
132216,132223,132224,1,7
132216,132223,132224,1,7
132216,132223,132224,1,7
132216,132223,132224,1,7
132216,132223,132224,1,7
132216,132223,132224,1,7
131754,131766,132261,495,12
132261,132261,132262,1,0
132261,132261,132262,1,0
132261,132261,132262,1,0
132261,132261,132262,1,0
132261,132261,132262,1,0
132261,132261,132262,1,0
132261,132261,132262,1,0
132261,132261,132262,1,0
132261,132261,132263,2,0
132261,132261,132263,2,0
132261,132261,132263,2,0
132261,132261,132262,1,0
132261,132261,132262,1,0
132261,132261,132263,2,0
132261,132261,132263,2,0
132261,132261,132263,2,0
132261,132261,132263,2,0
132261,132262,132264,2,1
132261,132262,132264,2,1
132261,132262,132264,2,1
132261,132262,132264,2,1
132261,132262,132264,2,1
132261,132262,132264,2,1
132261,132262,132264,2,1
132261,132263,132265,2,2
132261,132263,132265,2,2
132261,132263,132265,2,2
132261,132264,132265,1,3
132261,132264,132265,1,3
132261,132264,132265,1,3
132261,132263,132265,2,2
132261,132263,132265,2,2
132261,132263,132265,2,2
132261,132264,132265,1,3
132261,132264,132266,2,3
132261,132265,132266,1,4
132261,132265,132266,1,4
132261,132265,132266,1,4
132261,132263,132266,3,2
132261,132264,132266,2,3
132261,132265,132267,2,4
132261,132265,132266,1,4
132261,132265,132266,1,4
132261,132266,132267,1,5
132261,132266,132267,1,5
132261,132266,132267,1,5
132261,132267,132268,1,6
132261,132267,132268,1,6
131543,131550,132268,718,7
132261,132268,132269,1,7
132261,132268,132269,1,7
132261,132268,132269,1,7
132261,132268,132269,1,7
132261,132268,132269,1,7
132261,132268,132269,1,7
132261,132266,132267,1,5
132261,132269,132270,1,8
132261,132269,132270,1,8
132261,132269,132270,1,8
132261,132268,132269,1,7
132261,132268,132269,1,7
132261,132269,132270,1,8
132261,132269,132270,1,8
132261,132269,132270,1,8
132261,132269,132270,1,8
132270,132270,132271,1,0
132261,132269,132270,1,8
132270,132270,132271,1,0
132270,132270,132271,1,0
132270,132270,132271,1,0
132270,132270,132271,1,0
132270,132270,132271,1,0
132270,132270,132271,1,0
132270,132270,132271,1,0
132270,132270,132271,1,0
132261,132270,132271,1,9
132270,132271,132272,1,1
132270,132271,132272,1,1
131773,131783,132271,488,10
132261,132264,132272,8,3
132270,132272,132273,1,2
132270,132271,132273,2,1
132270,132271,132273,2,1
132270,132271,132273,2,1
132270,132271,132273,2,1
132270,132272,132273,1,2
132270,132272,132273,1,2
132270,132272,132273,1,2
132270,132273,132274,1,3
132270,132272,132273,1,2
132270,132271,132274,3,1
132270,132271,132274,3,1
132270,132271,132274,3,1
132270,132271,132273,2,1
132270,132273,132274,1,3
132270,132271,132273,2,1
132270,132273,132274,1,3
132270,132274,132275,1,4
132270,132274,132275,1,4
132270,132274,132275,1,4
132270,132274,132275,1,4
132270,132274,132275,1,4
132270,132273,132274,1,3
132270,132271,132274,3,1
132270,132274,132275,1,4
132270,132274,132275,1,4
132270,132273,132274,1,3
132270,132274,132275,1,4
132270,132274,132275,1,4
132270,132275,132276,1,5
132270,132275,132276,1,5
132270,132275,132276,1,5
132270,132275,132276,1,5
132270,132274,132276,2,4
132270,132274,132276,2,4
132270,132274,132276,2,4
132261,132272,132276,4,11
132270,132274,132276,2,4
132270,132275,132277,2,5
132270,132274,132276,2,4
132270,132276,132277,1,6
132270,132276,132277,1,6
132270,132276,132277,1,6
132270,132276,132277,1,6
132270,132275,132276,1,5
132270,132275,132277,2,5
132270,132275,132277,2,5
132270,132277,132278,1,7
132270,132275,132277,2,5
132270,132277,132278,1,7
132270,132277,132278,1,7
132270,132277,132278,1,7
132270,132277,132278,1,7
132270,132277,132278,1,7
132270,132277,132278,1,7
132270,132276,132278,2,6
132270,132277,132278,1,7
132270,132278,132279,1,8
132270,132278,132279,1,8
132270,132278,132279,1,8
132270,132278,132279,1,8
132270,132278,132279,1,8
132270,132278,132279,1,8
132270,132279,132280,1,9
132270,132278,132279,1,8
132270,132279,132280,1,9
132270,132279,132280,1,9
132270,132277,132280,3,7
132270,132279,132280,1,9
132270,132278,132280,2,8
132270,132279,132280,1,9
132272,132279,132280,1,7
132272,132279,132280,1,7
132272,132279,132280,1,7
132272,132279,132280,1,7
132272,132280,132281,1,8
132272,132280,132281,1,8
132272,132280,132281,1,8
132272,132280,132281,1,8
132272,132280,132281,1,8
132272,132280,132281,1,8
132272,132280,132281,1,8
132272,132280,132282,2,8
132272,132280,132282,2,8
132272,132280,132282,2,8
132272,132280,132282,2,8
132272,132280,132282,2,8
132272,132280,132282,2,8
132272,132281,132283,2,9
132272,132281,132283,2,9
132272,132281,132283,2,9
132272,132280,132282,2,8
132272,132280,132282,2,8
132272,132280,132282,2,8
132272,132281,132283,2,9
132272,132281,132283,2,9
132272,132282,132284,2,10
132272,132282,132284,2,10
132272,132281,132283,2,9
132272,132282,132284,2,10
132272,132282,132284,2,10
132272,132282,132283,1,10
132272,132282,132284,2,10
132272,132282,132284,2,10
132272,132283,132284,1,11
132272,132282,132284,2,10
132272,132284,132285,1,12
132272,132283,132284,1,11
132272,132283,132284,1,11
132272,132284,132285,1,12
132272,132283,132284,1,11
132272,132284,132285,1,12
132272,132284,132285,1,12
132272,132284,132285,1,12
132272,132284,132285,1,12
132272,132285,132286,1,13
132272,132284,132285,1,12
132272,132285,132286,1,13
132272,132285,132286,1,13
132272,132285,132286,1,13
132272,132285,132286,1,13
132272,132285,132286,1,13
132272,132284,132285,1,12
132272,132285,132286,1,13
132272,132286,132287,1,14
132272,132286,132287,1,14
132272,132286,132287,1,14
132272,132286,132287,1,14
132272,132286,132287,1,14
132272,132286,132287,1,14
132272,132286,132287,1,14
132272,132286,132287,1,14
132272,132286,132287,1,14
132272,132284,132287,3,12
132272,132286,132287,1,14
132272,132286,132287,1,14
132272,132287,132288,1,15
132272,132287,132288,1,15
132272,132287,132288,1,15
132272,132287,132288,1,15
132272,132286,132288,2,14
132272,132287,132288,1,15
132272,132287,132288,1,15
132272,132287,132288,1,15
132272,132288,132289,1,16
132272,132288,132289,1,16
132272,132288,132289,1,16
132272,132288,132289,1,16
132272,132288,132289,1,16
132272,132288,132289,1,16
132272,132288,132289,1,16
132272,132288,132289,1,16
131545,131559,132299,740,14
132306,132306,132307,1,0
132306,132306,132307,1,0
132306,132306,132307,1,0
132306,132306,132307,1,0
132306,132306,132307,1,0
132306,132306,132307,1,0
132306,132306,132307,1,0
132306,132306,132307,1,0
132306,132306,132307,1,0
132306,132306,132307,1,0
132306,132306,132307,1,0
132306,132307,132308,1,1
132306,132306,132308,2,0
132306,132306,132307,1,0
132306,132306,132307,1,0
132306,132307,132308,1,1
132306,132307,132309,2,1
132306,132306,132308,2,0
132306,132307,132309,2,1
132306,132307,132309,2,1
132306,132307,132309,2,1
132306,132307,132309,2,1
132306,132307,132308,1,1
132306,132307,132308,1,1
132306,132308,132309,1,2
132306,132308,132310,2,2
132306,132309,132310,1,3
132306,132308,132309,1,2
132306,132309,132310,1,3
132306,132309,132310,1,3
132306,132309,132310,1,3
132306,132307,132310,3,1
132306,132307,132310,3,1
132306,132307,132309,2,1
132306,132308,132310,2,2
132306,132309,132310,1,3
132306,132309,132310,1,3
132306,132309,132310,1,3
132306,132309,132310,1,3
132306,132306,132310,4,0
132306,132310,132311,1,4
132306,132310,132311,1,4
132306,132310,132311,1,4
132306,132309,132310,1,3
132306,132311,132312,1,5
132306,132310,132312,2,4
132306,132310,132312,2,4
132306,132311,132312,1,5
132306,132311,132312,1,5
132306,132310,132311,1,4
132306,132310,132312,2,4
132306,132310,132312,2,4
132306,132310,132312,2,4
132306,132308,132312,4,2
132306,132312,132313,1,6
132306,132312,132313,1,6
132306,132312,132313,1,6
132306,132312,132313,1,6
132306,132312,132313,1,6
132306,132311,132313,2,5
132306,132312,132313,1,6
132306,132312,132313,1,6
132306,132312,132313,1,6
132306,132313,132314,1,7
132306,132312,132314,2,6
132306,132312,132314,2,6
132306,132313,132314,1,7
132306,132313,132314,1,7
132306,132312,132314,2,6
132306,132311,132314,3,5
132306,132314,132315,1,8
132306,132315,132316,1,9
132306,132315,132316,1,9
132306,132315,132316,1,9
132306,132321,132322,1,15
131602,131603,132334,731,1
131837,131846,132335,489,9
132338,132338,132339,1,0
132338,132338,132339,1,0
132338,132338,132339,1,0
132338,132338,132339,1,0
132338,132338,132339,1,0
132338,132338,132339,1,0
132338,132338,132339,1,0
132338,132338,132339,1,0
132338,132339,132340,1,1
132338,132338,132339,1,0
132338,132338,132339,1,0
132338,132338,132340,2,0
132338,132338,132340,2,0
132338,132339,132340,1,1
132338,132338,132340,2,0
132338,132338,132340,2,0
132338,132340,132341,1,2
132338,132340,132341,1,2
132338,132339,132340,1,1
132338,132340,132341,1,2
132338,132338,132341,3,0
132338,132339,132341,2,1
132338,132339,132341,2,1
132338,132339,132340,1,1
132338,132339,132340,1,1
132338,132339,132340,1,1
132338,132340,132341,1,2
132338,132340,132341,1,2
132338,132341,132342,1,3
132338,132341,132342,1,3
132338,132341,132342,1,3
132338,132341,132342,1,3
132338,132341,132342,1,3
132338,132341,132342,1,3
132338,132341,132342,1,3
132338,132341,132342,1,3
132338,132341,132342,1,3
132338,132341,132342,1,3
132338,132341,132342,1,3
132338,132341,132342,1,3
132338,132341,132342,1,3
132338,132342,132343,1,4
132338,132341,132343,2,3
132338,132342,132343,1,4
132338,132342,132343,1,4
132338,132342,132343,1,4
132338,132342,132343,1,4
132338,132342,132343,1,4
132338,132340,132343,3,2
132338,132341,132342,1,3
132338,132342,132343,1,4
132338,132342,132343,1,4
132338,132342,132343,1,4
132338,132342,132343,1,4
132338,132342,132343,1,4
132338,132342,132343,1,4
132338,132343,132344,1,5
132338,132343,132344,1,5
132338,132343,132344,1,5
132338,132343,132344,1,5
132338,132343,132344,1,5
132338,132343,132344,1,5
132338,132343,132344,1,5
132338,132343,132344,1,5
132338,132343,132344,1,5
132338,132343,132344,1,5
132338,132343,132344,1,5
132338,132343,132344,1,5
132338,132343,132344,1,5
132338,132343,132344,1,5
132338,132344,132345,1,6
132338,132344,132345,1,6
132338,132344,132345,1,6
132338,132344,132345,1,6
132338,132344,132345,1,6
132338,132344,132345,1,6
132338,132344,132345,1,6
132338,132344,132345,1,6
132338,132344,132345,1,6
132338,132344,132345,1,6
132338,132344,132345,1,6
132338,132344,132345,1,6
132338,132344,132345,1,6
132338,132345,132346,1,7
132338,132345,132346,1,7
132338,132345,132346,1,7
132338,132345,132346,1,7
132338,132345,132346,1,7
132338,132345,132346,1,7
132338,132345,132346,1,7
132338,132345,132346,1,7
132338,132345,132346,1,7
132338,132345,132346,1,7
132338,132346,132347,1,8
132338,132346,132347,1,8
132338,132346,132347,1,8
132338,132346,132348,2,8
132338,132346,132348,2,8
132338,132346,132348,2,8
132338,132346,132348,2,8
132338,132346,132348,2,8
132338,132346,132348,2,8
132338,132346,132348,2,8
132338,132347,132348,1,9
132338,132347,132348,1,9
132338,132347,132348,1,9
132338,132347,132348,1,9
132338,132347,132349,2,9
132338,132347,132348,1,9
132338,132347,132349,2,9
132338,132347,132349,2,9
132338,132348,132350,2,10
132338,132349,132350,1,11
132338,132348,132350,2,10
132338,132348,132349,1,10
132338,132349,132350,1,11
132338,132349,132350,1,11
132338,132349,132350,1,11
132338,132349,132350,1,11
132338,132349,132350,1,11
132338,132349,132350,1,11
132338,132338,132350,12,0
132338,132349,132350,1,11
132338,132348,132350,2,10
132338,132349,132350,1,11
132338,132349,132350,1,11
132338,132350,132351,1,12
132338,132350,132351,1,12
132338,132348,132350,2,10
132338,132350,132351,1,12
132338,132350,132351,1,12
132338,132350,132351,1,12
132338,132350,132351,1,12
132338,132351,132352,1,13
132338,132351,132352,1,13
132338,132351,132352,1,13
132338,132351,132352,1,13
132338,132351,132352,1,13
132338,132351,132352,1,13
132338,132352,132353,1,14
132338,132352,132353,1,14
132338,132351,132353,2,13
132338,132352,132353,1,14
132338,132352,132353,1,14
132338,132352,132353,1,14
132338,132352,132353,1,14
132338,132352,132353,1,14
132338,132353,132354,1,15
132338,132353,132354,1,15
132338,132352,132353,1,14
132338,132353,132354,1,15
132338,132353,132354,1,15
132338,132352,132354,2,14
132338,132353,132354,1,15
132338,132354,132355,1,16
132338,132354,132355,1,16
132338,132354,132355,1,16
132338,132354,132355,1,16
132338,132353,132355,2,15
132338,132358,132359,1,20
132338,132358,132359,1,20
131665,131671,132378,707,6
132380,132380,132381,1,0
132380,132380,132381,1,0
132380,132380,132381,1,0
132380,132380,132381,1,0
132380,132380,132381,1,0
132380,132380,132381,1,0
132380,132380,132381,1,0
132380,132380,132381,1,0
132380,132380,132381,1,0
132380,132380,132382,2,0
132380,132380,132382,2,0
132380,132380,132382,2,0
132380,132381,132382,1,1
132380,132381,132382,1,1
132380,132381,132383,2,1
132380,132381,132383,2,1
132380,132382,132383,1,2
132380,132382,132383,1,2
132380,132382,132383,1,2
132380,132380,132383,3,0
132380,132382,132383,1,2
132380,132382,132383,1,2
132380,132382,132383,1,2
132380,132382,132383,1,2
132380,132382,132383,1,2
132380,132382,132383,1,2
132380,132383,132384,1,3
132380,132383,132384,1,3
132380,132383,132384,1,3
132380,132384,132385,1,4
132380,132385,132386,1,5
132380,132384,132385,1,4
132380,132385,132386,1,5
132380,132385,132386,1,5
132380,132385,132386,1,5
132380,132385,132386,1,5
132380,132385,132386,1,5
132380,132385,132386,1,5
132380,132385,132386,1,5
132380,132386,132387,1,6
132380,132386,132387,1,6
132380,132386,132387,1,6
132380,132385,132386,1,5
132380,132386,132387,1,6
132380,132386,132387,1,6
132380,132386,132387,1,6
132380,132387,132388,1,7
132380,132387,132388,1,7
132380,132387,132388,1,7
132380,132387,132388,1,7
132380,132387,132388,1,7
132380,132386,132387,1,6
132380,132387,132388,1,7
132380,132387,132388,1,7
132380,132387,132388,1,7
132380,132388,132389,1,8
132380,132388,132389,1,8
132380,132387,132388,1,7
132380,132388,132389,1,8
132380,132388,132389,1,8
132380,132388,132389,1,8
132380,132388,132389,1,8
132380,132388,132389,1,8
132380,132388,132389,1,8
132380,132388,132389,1,8
132380,132386,132391,5,6
132380,132388,132394,6,8
131726,131732,132424,692,6
132425,132425,132426,1,0
132425,132425,132426,1,0
132425,132425,132426,1,0
132425,132425,132426,1,0
132425,132425,132426,1,0
132425,132425,132426,1,0
132425,132425,132426,1,0
132425,132425,132426,1,0
132425,132425,132426,1,0
132425,132425,132427,2,0
132425,132426,132427,1,1
132425,132425,132426,1,0
132425,132425,132426,1,0
132425,132425,132427,2,0
132425,132426,132428,2,1
132425,132425,132427,2,0
132425,132426,132427,1,1
132425,132427,132428,1,2
132425,132426,132427,1,1
132425,132427,132428,1,2
132425,132426,132428,2,1
132425,132426,132427,1,1
132425,132426,132427,1,1
132425,132426,132427,1,1
132425,132426,132427,1,1
132425,132427,132428,1,2
132425,132428,132429,1,3
132425,132427,132428,1,2
132425,132428,132429,1,3
132425,132428,132429,1,3
132425,132428,132429,1,3
132425,132427,132428,1,2
132425,132428,132429,1,3
132425,132428,132429,1,3
132425,132428,132429,1,3
132425,132428,132429,1,3
132425,132428,132429,1,3
132425,132428,132429,1,3
132425,132429,132430,1,4
132425,132429,132430,1,4
132425,132429,132430,1,4
132425,132429,132430,1,4
132425,132429,132430,1,4
132425,132428,132430,2,3
132425,132429,132430,1,4
132425,132429,132430,1,4
132425,132428,132429,1,3
132425,132429,132430,1,4
132425,132429,132430,1,4
132425,132429,132430,1,4
132425,132429,132430,1,4
132425,132430,132431,1,5
132425,132430,132431,1,5
132425,132430,132431,1,5
132425,132430,132431,1,5
132425,132430,132431,1,5
132425,132429,132430,1,4
132425,132430,132431,1,5
132425,132430,132431,1,5
132425,132430,132431,1,5
132425,132430,132431,1,5
132425,132431,132432,1,6
132425,132431,132432,1,6
132425,132431,132432,1,6
132425,132431,132432,1,6
132425,132431,132432,1,6
132425,132430,132432,2,5
132425,132431,132432,1,6
132425,132432,132433,1,7
132425,132432,132433,1,7
132425,132433,132434,1,8
132425,132433,132434,1,8
132425,132433,132434,1,8
132425,132434,132435,1,9
132425,132433,132434,1,8
132425,132434,132435,1,9
132425,132435,132436,1,10
132425,132435,132436,1,10
132425,132435,132436,1,10
131959,131966,132456,490,7
132458,132458,132459,1,0
132458,132458,132459,1,0
132458,132458,132459,1,0
132458,132458,132459,1,0
132458,132458,132459,1,0
132458,132458,132459,1,0
132458,132458,132459,1,0
132458,132458,132459,1,0
132458,132458,132459,1,0
132458,132458,132459,1,0
132458,132458,132459,1,0
132458,132459,132460,1,1
132458,132458,132459,1,0
132458,132458,132459,1,0
132458,132458,132459,1,0
132458,132458,132460,2,0
132458,132458,132459,1,0
132458,132459,132460,1,1
132458,132459,132460,1,1
132458,132458,132460,2,0
132458,132459,132460,1,1
132458,132459,132460,1,1
132458,132459,132460,1,1
132458,132459,132460,1,1
132458,132459,132460,1,1
132458,132459,132460,1,1
132458,132459,132460,1,1
132458,132459,132460,1,1
132458,132460,132461,1,2
132458,132460,132461,1,2
132458,132460,132461,1,2
132458,132460,132461,1,2
132458,132460,132461,1,2
132458,132460,132461,1,2
132458,132460,132461,1,2
132458,132460,132461,1,2
132458,132460,132461,1,2
132458,132460,132461,1,2
132458,132461,132462,1,3
132458,132461,132462,1,3
132458,132461,132462,1,3
132458,132460,132461,1,2
132458,132460,132461,1,2
132458,132460,132462,2,2
132458,132460,132462,2,2
132458,132460,132462,2,2
132458,132461,132462,1,3
132458,132462,132463,1,4
132458,132463,132464,1,5
132458,132463,132464,1,5
132458,132463,132464,1,5
132458,132464,132465,1,6
132458,132464,132465,1,6
132458,132464,132465,1,6
132458,132464,132465,1,6
132458,132465,132466,1,7
132458,132465,132466,1,7
131750,131756,132474,718,6
132481,132481,132482,1,0
132481,132481,132482,1,0
132481,132481,132482,1,0
132481,132481,132482,1,0
132481,132481,132482,1,0
132481,132481,132482,1,0
132481,132481,132482,1,0
132481,132481,132482,1,0
132481,132482,132483,1,1
132481,132481,132483,2,0
132481,132481,132483,2,0
132481,132482,132483,1,1
132481,132482,132483,1,1
132481,132482,132483,1,1
132481,132482,132483,1,1
132481,132482,132483,1,1
132481,132482,132483,1,1
132481,132482,132483,1,1
132481,132482,132483,1,1
132481,132482,132483,1,1
132481,132483,132484,1,2
132481,132483,132484,1,2
132481,132483,132484,1,2
132481,132484,132485,1,3
132481,132484,132485,1,3
132481,132484,132485,1,3
132481,132484,132485,1,3
132481,132483,132484,1,2
132481,132483,132484,1,2
132481,132484,132485,1,3
132481,132484,132485,1,3
132481,132484,132485,1,3
132481,132485,132486,1,4
132481,132484,132485,1,3
132481,132485,132486,1,4
132481,132484,132485,1,3
132481,132484,132485,1,3
132481,132484,132485,1,3
132481,132484,132486,2,3
132481,132486,132487,1,5
132481,132486,132487,1,5
132481,132486,132487,1,5
132481,132485,132486,1,4
132481,132486,132487,1,5
132481,132486,132487,1,5
132481,132486,132487,1,5
132481,132486,132487,1,5
132481,132486,132487,1,5
132481,132486,132487,1,5
132481,132486,132487,1,5
132481,132487,132488,1,6
132481,132487,132488,1,6
132481,132487,132488,1,6
132481,132487,132488,1,6
132481,132486,132487,1,5
132481,132487,132488,1,6
132481,132487,132488,1,6
132481,132487,132488,1,6
132481,132487,132488,1,6
132481,132487,132488,1,6
132481,132487,132488,1,6
132481,132487,132489,2,6
132481,132488,132489,1,7
132481,132488,132489,1,7
132481,132488,132489,1,7
132481,132488,132489,1,7
132481,132487,132488,1,6
132481,132488,132489,1,7
132481,132488,132489,1,7
132481,132488,132489,1,7
132481,132488,132489,1,7
132481,132488,132489,1,7
132481,132488,132489,1,7
132481,132488,132489,1,7
132481,132488,132489,1,7
132040,132047,132529,482,7
132531,132531,132532,1,0
132531,132531,132532,1,0
132531,132531,132532,1,0
132531,132531,132532,1,0
132531,132531,132532,1,0
132531,132531,132532,1,0
132531,132531,132532,1,0
132531,132531,132532,1,0
132531,132531,132532,1,0
132531,132532,132533,1,1
132531,132531,132532,1,0
132531,132531,132532,1,0
132531,132531,132533,2,0
132531,132531,132532,1,0
132531,132532,132533,1,1
132531,132532,132533,1,1
132531,132531,132532,1,0
132531,132532,132533,1,1
132531,132532,132533,1,1
132531,132532,132533,1,1
132531,132533,132534,1,2
132531,132531,132533,2,0
132531,132533,132534,1,2
132531,132533,132534,1,2
132531,132532,132534,2,1
132531,132533,132534,1,2
132531,132533,132534,1,2
132531,132533,132534,1,2
132531,132533,132534,1,2
132531,132533,132534,1,2
132531,132533,132534,1,2
132531,132534,132535,1,3
132531,132533,132534,1,2
132531,132533,132535,2,2
132531,132533,132534,1,2
132531,132534,132535,1,3
132531,132534,132535,1,3
132531,132533,132535,2,2
132531,132534,132535,1,3
132531,132534,132535,1,3
132531,132534,132535,1,3
132531,132534,132535,1,3
132531,132535,132536,1,4
132531,132534,132535,1,3
132531,132535,132536,1,4
132531,132535,132536,1,4
132531,132534,132536,2,3
132531,132535,132536,1,4
132531,132535,132536,1,4
132531,132535,132536,1,4
132531,132535,132536,1,4
132531,132535,132536,1,4
132531,132535,132536,1,4
132531,132535,132536,1,4
132531,132535,132536,1,4
132531,132536,132537,1,5
132531,132536,132537,1,5
132531,132534,132536,2,3
132531,132536,132537,1,5
132531,132535,132536,1,4
132531,132536,132537,1,5
132531,132536,132537,1,5
132531,132535,132536,1,4
132531,132536,132537,1,5
132531,132536,132537,1,5
132531,132536,132537,1,5
132531,132537,132538,1,6
132531,132536,132538,2,5
132531,132537,132538,1,6
132531,132537,132538,1,6
132531,132537,132538,1,6
132531,132537,132538,1,6
132531,132537,132538,1,6
132531,132537,132538,1,6
132531,132537,132538,1,6
132531,132537,132538,1,6
132531,132538,132539,1,7
132531,132537,132539,2,6
132531,132537,132539,2,6
132531,132539,132540,1,8
131829,131838,132540,702,9
132531,132539,132540,1,8
132542,132542,132543,1,0
132531,132539,132542,3,8
132542,132542,132543,1,0
132542,132542,132543,1,0
132542,132542,132543,1,0
132542,132542,132543,1,0
132542,132542,132543,1,0
132542,132542,132543,1,0
132542,132542,132543,1,0
132542,132542,132543,1,0
132542,132542,132543,1,0
132542,132542,132543,1,0
132542,132542,132543,1,0
132542,132542,132543,1,0
132542,132542,132543,1,0
132542,132543,132544,1,1
132542,132543,132544,1,1
132542,132543,132544,1,1
132542,132543,132545,2,1
132542,132543,132545,2,1
132542,132543,132545,2,1
132542,132543,132545,2,1
132542,132543,132545,2,1
132542,132543,132545,2,1
132542,132544,132546,2,2
132542,132544,132546,2,2
132542,132544,132546,2,2
132542,132543,132545,2,1
132542,132543,132545,2,1
132542,132544,132546,2,2
132542,132545,132546,1,3
132542,132544,132546,2,2
132542,132545,132547,2,3
132542,132545,132546,1,3
132542,132545,132547,2,3
132542,132545,132547,2,3
132542,132545,132547,2,3
132542,132545,132547,2,3
132542,132545,132546,1,3
132542,132546,132547,1,4
132542,132546,132547,1,4
132542,132546,132547,1,4
132542,132546,132547,1,4
132542,132547,132548,1,5
132542,132544,132547,3,2
132542,132547,132548,1,5
132542,132547,132548,1,5
132542,132546,132547,1,4
132542,132547,132548,1,5
132542,132547,132548,1,5
132542,132547,132548,1,5
132542,132547,132548,1,5
132542,132546,132547,1,4
132542,132547,132548,1,5
132542,132547,132548,1,5
132542,132547,132548,1,5
132542,132548,132549,1,6
132542,132547,132548,1,5
132542,132548,132549,1,6
132542,132548,132549,1,6
132542,132547,132548,1,5
132542,132548,132549,1,6
132542,132548,132549,1,6
132542,132548,132549,1,6
132542,132547,132548,1,5
132542,132548,132549,1,6
132542,132548,132549,1,6
132542,132548,132549,1,6
132542,132548,132549,1,6
132542,132548,132549,1,6
132542,132549,132550,1,7
132045,132056,132549,493,11
132542,132549,132550,1,7
132542,132548,132549,1,6
132542,132549,132550,1,7
132542,132549,132550,1,7
132542,132549,132550,1,7
132542,132549,132550,1,7
132542,132549,132550,1,7
132542,132549,132550,1,7
132542,132549,132550,1,7
132542,132549,132550,1,7
132542,132549,132550,1,7
132542,132549,132550,1,7
132542,132549,132550,1,7
132542,132549,132550,1,7
132542,132550,132551,1,8
132542,132550,132551,1,8
132542,132550,132551,1,8
132542,132550,132551,1,8
132542,132550,132551,1,8
132542,132550,132551,1,8
132542,132550,132551,1,8
132542,132550,132551,1,8
132542,132550,132551,1,8
132542,132550,132551,1,8
132542,132550,132551,1,8
132542,132546,132554,8,4
132560,132560,132561,1,0
132560,132560,132561,1,0
132560,132560,132561,1,0
132560,132560,132561,1,0
132560,132560,132561,1,0
132560,132560,132561,1,0
132560,132560,132561,1,0
132560,132560,132561,1,0
132560,132560,132561,1,0
132560,132561,132562,1,1
132560,132560,132561,1,0
132560,132561,132562,1,1
132560,132561,132562,1,1
132560,132561,132562,1,1
132560,132561,132562,1,1
132560,132561,132562,1,1
132560,132561,132562,1,1
132560,132561,132562,1,1
132560,132561,132562,1,1
132560,132562,132563,1,2
132560,132562,132563,1,2
132560,132561,132563,2,1
132560,132562,132563,1,2
132560,132561,132562,1,1
132560,132561,132562,1,1
132560,132561,132562,1,1
132560,132562,132563,1,2
132560,132563,132564,1,3
132560,132563,132564,1,3
132560,132563,132564,1,3
132560,132563,132564,1,3
132560,132562,132563,1,2
132560,132563,132564,1,3
132560,132563,132564,1,3
132560,132563,132564,1,3
132560,132563,132564,1,3
132560,132563,132564,1,3
132560,132563,132564,1,3
132560,132563,132564,1,3
132560,132562,132564,2,2
132560,132563,132564,1,3
132560,132563,132564,1,3
132560,132564,132565,1,4
132560,132564,132565,1,4
132560,132564,132565,1,4
132560,132564,132565,1,4
132560,132564,132565,1,4
132560,132564,132565,1,4
132560,132564,132565,1,4
132560,132564,132565,1,4
132560,132563,132564,1,3
132560,132564,132565,1,4
132560,132564,132565,1,4
132560,132565,132566,1,5
132560,132565,132566,1,5
132560,132565,132566,1,5
132560,132565,132566,1,5
132560,132565,132566,1,5
132560,132565,132566,1,5
132560,132565,132566,1,5
132560,132565,132566,1,5
132560,132565,132566,1,5
132560,132565,132566,1,5
132560,132565,132566,1,5
132560,132564,132565,1,4
132560,132565,132566,1,5
132560,132564,132565,1,4
132560,132565,132566,1,5
132560,132565,132566,1,5
132560,132566,132567,1,6
132560,132566,132567,1,6
132560,132566,132567,1,6
132560,132566,132567,1,6
132560,132566,132567,1,6
132560,132566,132567,1,6
132560,132566,132567,1,6
132560,132566,132567,1,6
132560,132566,132567,1,6
132560,132566,132567,1,6
132560,132566,132567,1,6
132560,132566,132567,1,6
132560,132566,132567,1,6
132560,132566,132567,1,6
132560,132566,132567,1,6
132560,132566,132567,1,6
132560,132566,132567,1,6
132560,132567,132568,1,7
132560,132567,132568,1,7
132072,132079,132569,490,7
132576,132576,132577,1,0
132576,132576,132577,1,0
132576,132576,132577,1,0
132576,132576,132577,1,0
132576,132576,132577,1,0
132576,132576,132577,1,0
132576,132576,132578,2,0
132576,132576,132577,1,0
132576,132577,132578,1,1
132576,132576,132577,1,0
132576,132577,132578,1,1
132576,132577,132578,1,1
132576,132577,132578,1,1
132576,132576,132577,1,0
132576,132576,132577,1,0
132576,132577,132578,1,1
132576,132577,132578,1,1
132576,132577,132578,1,1
132576,132577,132579,2,1
132576,132578,132579,1,2
132576,132577,132578,1,1
132576,132578,132579,1,2
132576,132578,132579,1,2
132576,132578,132579,1,2
132576,132577,132578,1,1
132576,132578,132579,1,2
132576,132578,132579,1,2
132576,132577,132579,2,1
132576,132577,132579,2,1
132576,132579,132580,1,3
132576,132579,132580,1,3
132576,132578,132579,1,2
132576,132579,132580,1,3
132576,132579,132580,1,3
132576,132579,132580,1,3
132576,132578,132579,1,2
132576,132578,132579,1,2
132576,132579,132580,1,3
132576,132579,132580,1,3
132576,132578,132580,2,2
132576,132579,132580,1,3
132576,132579,132580,1,3
132576,132580,132581,1,4
132576,132580,132581,1,4
132576,132579,132580,1,3
132576,132580,132581,1,4
132576,132580,132581,1,4
132576,132580,132581,1,4
132576,132580,132581,1,4
132576,132580,132581,1,4
132576,132580,132581,1,4
132576,132580,132581,1,4
132576,132580,132581,1,4
132576,132580,132582,2,4
132576,132580,132581,1,4
132576,132580,132581,1,4
132576,132581,132582,1,5
132576,132581,132582,1,5
132576,132581,132582,1,5
132576,132581,132582,1,5
132576,132581,132582,1,5
132576,132581,132582,1,5
132576,132581,132582,1,5
132576,132581,132582,1,5
132576,132581,132582,1,5
132576,132581,132582,1,5
132576,132581,132582,1,5
132576,132581,132582,1,5
132576,132581,132582,1,5
132576,132581,132582,1,5
132576,132582,132583,1,6
132576,132582,132583,1,6
132576,132582,132583,1,6
132576,132582,132583,1,6
132576,132582,132583,1,6
132576,132582,132583,1,6
132576,132582,132583,1,6
132576,132582,132583,1,6
132576,132582,132583,1,6
132576,132582,132583,1,6
132576,132582,132583,1,6
132576,132582,132583,1,6
132576,132582,132583,1,6
132576,132582,132583,1,6
132576,132582,132584,2,6
132576,132582,132583,1,6
132576,132583,132584,1,7
132576,132583,132584,1,7
132576,132583,132584,1,7
132576,132583,132584,1,7
132576,132583,132584,1,7
132576,132583,132584,1,7
132576,132583,132584,1,7
132576,132583,132584,1,7
132576,132583,132584,1,7
132104,132111,132604,493,7
132616,132616,132617,1,0
132616,132616,132617,1,0
132616,132616,132617,1,0
132616,132616,132617,1,0
132616,132616,132617,1,0
132616,132616,132617,1,0
132616,132616,132617,1,0
132616,132616,132617,1,0
132616,132616,132617,1,0
132616,132616,132617,1,0
132616,132617,132618,1,1
132616,132616,132617,1,0
132616,132617,132618,1,1
132616,132617,132618,1,1
132616,132617,132618,1,1
132616,132617,132618,1,1
132616,132616,132617,1,0
132616,132616,132617,1,0
132616,132618,132619,1,2
132616,132617,132618,1,1
132616,132617,132618,1,1
132616,132617,132618,1,1
132616,132617,132618,1,1
132616,132617,132618,1,1
132616,132618,132619,1,2
132616,132617,132618,1,1
132616,132618,132619,1,2
132616,132618,132619,1,2
132616,132617,132618,1,1
132616,132618,132620,2,2
132616,132618,132620,2,2
132616,132619,132620,1,3
132616,132618,132620,2,2
132616,132619,132620,1,3
132616,132619,132620,1,3
132616,132618,132619,1,2
132616,132619,132620,1,3
132616,132619,132620,1,3
132616,132619,132620,1,3
132616,132619,132620,1,3
132616,132619,132620,1,3
132616,132618,132620,2,2
132616,132618,132619,1,2
132616,132620,132621,1,4
132616,132620,132621,1,4
132616,132620,132621,1,4
132616,132619,132620,1,3
132616,132619,132620,1,3
132616,132620,132621,1,4
132616,132620,132621,1,4
132616,132620,132621,1,4
132616,132620,132621,1,4
132616,132620,132621,1,4
132616,132620,132621,1,4
132616,132620,132621,1,4
132616,132620,132621,1,4
132616,132619,132620,1,3
132616,132620,132621,1,4
132616,132620,132621,1,4
132616,132620,132621,1,4
132616,132621,132622,1,5
132616,132621,132622,1,5
132616,132621,132622,1,5
132616,132621,132622,1,5
132616,132621,132622,1,5
132616,132621,132622,1,5
132616,132621,132622,1,5
132616,132621,132622,1,5
132616,132621,132622,1,5
132616,132621,132622,1,5
132616,132621,132622,1,5
132616,132621,132622,1,5
132616,132621,132622,1,5
132616,132621,132622,1,5
132616,132621,132622,1,5
132616,132621,132622,1,5
132616,132622,132623,1,6
132616,132622,132623,1,6
132616,132622,132623,1,6
132616,132622,132623,1,6
132616,132622,132623,1,6
132616,132622,132623,1,6
132616,132622,132623,1,6
132616,132622,132623,1,6
132616,132622,132623,1,6
132616,132622,132623,1,6
132616,132622,132623,1,6
132616,132623,132624,1,7
132616,132622,132623,1,6
132616,132622,132623,1,6
132616,132623,132624,1,7
132616,132623,132624,1,7
131896,131903,132682,779,7
132684,132684,132685,1,0
132684,132684,132685,1,0
132684,132684,132685,1,0
132684,132684,132685,1,0
132684,132684,132685,1,0
132684,132684,132685,1,0
132684,132684,132685,1,0
132684,132684,132685,1,0
132684,132684,132685,1,0
132684,132684,132685,1,0
132684,132684,132685,1,0
132684,132685,132686,1,1
132684,132685,132686,1,1
132684,132685,132686,1,1
132684,132685,132686,1,1
132684,132684,132685,1,0
132684,132684,132685,1,0
132684,132685,132686,1,1
132684,132684,132686,2,0
132684,132684,132686,2,0
132684,132684,132686,2,0
132684,132684,132687,3,0
132684,132686,132687,1,2
132684,132685,132687,2,1
132684,132685,132687,2,1
132684,132686,132687,1,2
132684,132686,132687,1,2
132684,132686,132687,1,2
132684,132686,132687,1,2
132684,132686,132687,1,2
132684,132686,132687,1,2
132684,132686,132687,1,2
132684,132686,132687,1,2
132684,132685,132687,2,1
132684,132687,132688,1,3
132684,132687,132688,1,3
132684,132686,132688,2,2
132684,132688,132689,1,4
132684,132688,132689,1,4
132684,132687,132689,2,3
132684,132686,132688,2,2
132684,132688,132689,1,4
132684,132687,132689,2,3
132684,132688,132689,1,4
132684,132688,132689,1,4
132684,132688,132689,1,4
132684,132688,132689,1,4
132684,132689,132690,1,5
132684,132689,132690,1,5
132684,132689,132690,1,5
132684,132690,132691,1,6
132684,132690,132691,1,6
132684,132690,132691,1,6
132684,132690,132691,1,6
132684,132690,132691,1,6
132684,132691,132692,1,7
132684,132691,132692,1,7
132684,132690,132691,1,6
132684,132691,132692,1,7
132684,132691,132692,1,7
132684,132691,132692,1,7
132684,132692,132693,1,8
132684,132692,132693,1,8
131930,131945,132697,752,15
132709,132709,132710,1,0
132709,132709,132710,1,0
132709,132709,132710,1,0
132709,132709,132710,1,0
132709,132709,132710,1,0
132709,132709,132710,1,0
132709,132709,132710,1,0
132709,132710,132711,1,1
132709,132710,132711,1,1
132709,132710,132711,1,1
132709,132710,132711,1,1
132709,132710,132711,1,1
132709,132710,132711,1,1
132709,132710,132711,1,1
132709,132711,132712,1,2
132709,132710,132711,1,1
132709,132710,132711,1,1
132709,132711,132712,1,2
132709,132710,132711,1,1
132709,132711,132712,1,2
132709,132711,132712,1,2
132709,132712,132713,1,3
132709,132712,132713,1,3
132709,132712,132713,1,3
132709,132712,132713,1,3
132709,132712,132713,1,3
132709,132712,132713,1,3
132709,132712,132713,1,3
132709,132712,132713,1,3
132709,132712,132713,1,3
132709,132712,132713,1,3
132709,132711,132712,1,2
132709,132712,132713,1,3
132709,132712,132713,1,3
132709,132711,132712,1,2
132709,132713,132714,1,4
132709,132713,132714,1,4
132709,132713,132714,1,4
132709,132713,132714,1,4
132709,132713,132714,1,4
132709,132713,132714,1,4
132709,132713,132714,1,4
132709,132713,132714,1,4
132709,132713,132714,1,4
132709,132713,132714,1,4
132709,132713,132714,1,4
132709,132713,132714,1,4
132709,132713,132714,1,4
132709,132713,132714,1,4
132709,132713,132714,1,4
132709,132714,132715,1,5
132709,132714,132715,1,5
132709,132714,132715,1,5
132709,132714,132715,1,5
132709,132714,132715,1,5
132709,132714,132715,1,5
132709,132714,132715,1,5
132709,132713,132714,1,4
132709,132714,132715,1,5
132709,132714,132715,1,5
132709,132714,132715,1,5
132709,132715,132716,1,6
132709,132715,132716,1,6
132709,132715,132716,1,6
132709,132715,132716,1,6
132709,132715,132716,1,6
132709,132715,132716,1,6
132709,132715,132716,1,6
132709,132715,132716,1,6
132709,132715,132716,1,6
132709,132715,132716,1,6
132709,132715,132716,1,6
132709,132715,132716,1,6
132709,132715,132716,1,6
132709,132716,132717,1,7
132709,132716,132717,1,7
132709,132716,132717,1,7
132709,132716,132717,1,7
132709,132716,132717,1,7
132709,132709,132720,11,0
132218,132224,132737,513,6
132739,132739,132740,1,0
132739,132739,132740,1,0
132739,132739,132740,1,0
132739,132739,132740,1,0
132739,132740,132741,1,1
132739,132739,132740,1,0
132739,132739,132740,1,0
132739,132739,132740,1,0
132739,132740,132741,1,1
132739,132740,132741,1,1
132739,132740,132741,1,1
132739,132740,132741,1,1
132739,132739,132741,2,0
132739,132740,132741,1,1
132739,132740,132741,1,1
132739,132740,132741,1,1
132739,132740,132741,1,1
132739,132740,132742,2,1
132739,132740,132742,2,1
132739,132741,132742,1,2
132739,132741,132742,1,2
132739,132741,132743,2,2
132739,132741,132742,1,2
132739,132741,132742,1,2
132739,132741,132742,1,2
132739,132742,132743,1,3
132739,132742,132743,1,3
132739,132742,132743,1,3
132739,132742,132743,1,3
132739,132742,132744,2,3
132739,132742,132743,1,3
132739,132742,132744,2,3
132739,132742,132743,1,3
132739,132743,132744,1,4
132739,132742,132744,2,3
132739,132742,132744,2,3
132739,132742,132744,2,3
132739,132743,132745,2,4
132739,132743,132745,2,4
132739,132744,132746,2,5
132739,132744,132746,2,5
132739,132743,132745,2,4
132739,132744,132746,2,5
132739,132743,132745,2,4
132739,132744,132746,2,5
132739,132744,132746,2,5
132739,132744,132746,2,5
132739,132745,132746,1,6
132739,132745,132746,1,6
132739,132743,132747,4,4
132739,132746,132747,1,7
132739,132746,132747,1,7
132739,132745,132747,2,6
132739,132744,132746,2,5
132739,132746,132747,1,7
132739,132746,132747,1,7
132739,132744,132746,2,5
132739,132745,132746,1,6
132739,132746,132747,1,7
132739,132746,132747,1,7
132739,132746,132747,1,7
132739,132746,132747,1,7
132739,132746,132747,1,7
132739,132746,132747,1,7
132739,132745,132747,2,6
132739,132747,132748,1,8
132739,132747,132748,1,8
132739,132747,132748,1,8
132739,132747,132748,1,8
132739,132747,132748,1,8
132739,132747,132748,1,8
132739,132747,132748,1,8
132739,132747,132748,1,8
132739,132747,132748,1,8
132739,132747,132748,1,8
132739,132747,132748,1,8
132739,132747,132748,1,8
132739,132748,132749,1,9
132739,132748,132749,1,9
132739,132748,132749,1,9
132739,132748,132749,1,9
132739,132748,132749,1,9
132739,132748,132749,1,9
132739,132748,132749,1,9
132739,132748,132749,1,9
132739,132748,132749,1,9
131932,131951,132750,799,19
132766,132766,132767,1,0
132766,132766,132767,1,0
132766,132766,132767,1,0
132766,132766,132767,1,0
132766,132766,132767,1,0
132766,132766,132767,1,0
132766,132766,132767,1,0
132766,132766,132767,1,0
132766,132766,132767,1,0
132766,132766,132768,2,0
132766,132767,132768,1,1
132766,132766,132768,2,0
132766,132766,132768,2,0
132766,132766,132768,2,0
132766,132766,132768,2,0
132766,132767,132768,1,1
132766,132767,132768,1,1
132766,132766,132767,1,0
132766,132767,132768,1,1
132766,132767,132768,1,1
132766,132767,132768,1,1
132766,132766,132768,2,0
132766,132767,132768,1,1
132766,132767,132768,1,1
132766,132766,132768,2,0
132766,132768,132769,1,2
132766,132768,132769,1,2
132766,132768,132769,1,2
132766,132768,132769,1,2
132766,132767,132768,1,1
132766,132768,132769,1,2
132766,132768,132769,1,2
132766,132768,132769,1,2
132766,132769,132770,1,3
132766,132768,132770,2,2
132766,132769,132770,1,3
132766,132769,132770,1,3
132766,132770,132771,1,4
132766,132770,132771,1,4
132766,132770,132772,2,4
132766,132771,132772,1,5
132766,132771,132772,1,5
132766,132771,132772,1,5
132766,132772,132773,1,6
132766,132773,132774,1,7
132766,132773,132774,1,7
132766,132773,132774,1,7
132766,132773,132774,1,7
132271,132279,132785,506,8
132789,132789,132790,1,0
132789,132789,132790,1,0
132789,132789,132790,1,0
132789,132789,132791,2,0
132789,132789,132790,1,0
132789,132790,132791,1,1
132789,132789,132791,2,0
132789,132789,132791,2,0
132789,132790,132791,1,1
132789,132791,132792,1,2
132789,132791,132792,1,2
132789,132791,132792,1,2
132789,132791,132792,1,2
132789,132791,132792,1,2
132789,132790,132791,1,1
132789,132791,132792,1,2
132789,132791,132792,1,2
132789,132791,132792,1,2
132789,132791,132792,1,2
132789,132792,132793,1,3
132789,132791,132792,1,2
132789,132792,132793,1,3
132789,132792,132793,1,3
132789,132792,132793,1,3
132789,132792,132793,1,3
132789,132792,132794,2,3
132789,132792,132793,1,3
132789,132793,132794,1,4
132789,132792,132793,1,3
132789,132793,132794,1,4
132789,132792,132793,1,3
132789,132792,132793,1,3
132789,132793,132794,1,4
132789,132793,132794,1,4
132789,132794,132795,1,5
132789,132793,132794,1,4
132789,132794,132795,1,5
132789,132793,132794,1,4
132789,132793,132794,1,4
132789,132793,132794,1,4
132789,132793,132794,1,4
132789,132794,132795,1,5
132789,132794,132795,1,5
132789,132794,132795,1,5
132789,132794,132795,1,5
132789,132794,132795,1,5
132789,132794,132795,1,5
132789,132794,132795,1,5
132789,132792,132794,2,3
132789,132795,132796,1,6
132789,132795,132796,1,6
132789,132795,132796,1,6
132789,132795,132796,1,6
132789,132795,132796,1,6
132789,132795,132796,1,6
132789,132795,132796,1,6
132789,132795,132796,1,6
132789,132795,132796,1,6
132789,132795,132796,1,6
132789,132795,132796,1,6
132789,132795,132796,1,6
132789,132795,132796,1,6
132789,132796,132797,1,7
132789,132795,132796,1,6
132789,132796,132797,1,7
132789,132795,132796,1,6
132789,132795,132796,1,6
132789,132796,132797,1,7
132789,132796,132797,1,7
132789,132796,132797,1,7
132789,132796,132797,1,7
132789,132796,132797,1,7
132789,132796,132797,1,7
132789,132796,132797,1,7
132789,132795,132796,1,6
132426,132434,132915,481,8
132917,132917,132918,1,0
132917,132917,132918,1,0
132917,132917,132918,1,0
132917,132917,132918,1,0
132917,132917,132918,1,0
132917,132917,132918,1,0
132917,132917,132918,1,0
132917,132918,132919,1,1
132917,132918,132919,1,1
132917,132918,132919,1,1
132917,132918,132919,1,1
132917,132918,132919,1,1
132917,132918,132919,1,1
132917,132918,132919,1,1
132917,132919,132920,1,2
132917,132918,132920,2,1
132917,132917,132920,3,0
132917,132919,132921,2,2
132917,132919,132920,1,2
132917,132919,132920,1,2
132917,132919,132921,2,2
132917,132919,132920,1,2
132917,132920,132921,1,3
132917,132920,132921,1,3
132917,132917,132921,4,0
132917,132919,132921,2,2
132917,132920,132921,1,3
132917,132920,132921,1,3
132917,132920,132921,1,3
132917,132921,132922,1,4
132917,132921,132922,1,4
132917,132921,132922,1,4
132917,132920,132921,1,3
132917,132921,132922,1,4
132917,132921,132922,1,4
132917,132920,132921,1,3
132917,132921,132922,1,4
132917,132921,132922,1,4
132917,132921,132922,1,4
132917,132922,132923,1,5
132917,132921,132922,1,4
132917,132922,132923,1,5
132917,132922,132923,1,5
132917,132922,132923,1,5
132917,132922,132923,1,5
132917,132922,132923,1,5
132917,132923,132924,1,6
132917,132923,132924,1,6
132917,132922,132923,1,5
132917,132923,132924,1,6
132917,132922,132923,1,5
132917,132922,132923,1,5
132917,132922,132923,1,5
132917,132923,132924,1,6
132917,132923,132924,1,6
132917,132922,132923,1,5
132917,132922,132923,1,5
132917,132922,132923,1,5
132917,132923,132924,1,6
132917,132923,132924,1,6
132917,132923,132924,1,6
132917,132923,132924,1,6
132917,132923,132924,1,6
132917,132924,132925,1,7
132917,132924,132925,1,7
132917,132924,132925,1,7
132917,132924,132925,1,7
132917,132924,132925,1,7
132917,132924,132925,1,7
132917,132924,132925,1,7
132917,132924,132925,1,7
132917,132924,132925,1,7
132917,132924,132925,1,7
132917,132924,132925,1,7
132917,132924,132925,1,7
132917,132924,132925,1,7
132917,132925,132926,1,8
132917,132925,132926,1,8
132917,132925,132926,1,8
132917,132924,132925,1,7
132917,132925,132926,1,8
132917,132924,132925,1,7
132917,132925,132926,1,8
132917,132925,132926,1,8
132192,132199,132939,740,7
132941,132941,132942,1,0
132941,132941,132942,1,0
132941,132941,132942,1,0
132941,132941,132942,1,0
132941,132941,132942,1,0
132941,132941,132942,1,0
132941,132941,132942,1,0
132941,132942,132943,1,1
132941,132942,132943,1,1
132941,132941,132943,2,0
132941,132942,132943,1,1
132941,132942,132943,1,1
132941,132942,132943,1,1
132941,132941,132943,2,0
132941,132942,132943,1,1
132941,132943,132944,1,2
132941,132943,132944,1,2
132941,132943,132944,1,2
132941,132943,132944,1,2
132941,132943,132944,1,2
132941,132943,132944,1,2
132941,132943,132944,1,2
132941,132943,132944,1,2
132941,132943,132944,1,2
132941,132944,132945,1,3
132941,132944,132945,1,3
132941,132943,132945,2,2
132941,132944,132946,2,3
132941,132944,132945,1,3
132941,132944,132945,1,3
132941,132944,132945,1,3
132941,132944,132946,2,3
132941,132945,132946,1,4
132941,132945,132946,1,4
132941,132945,132946,1,4
132941,132945,132946,1,4
132941,132945,132946,1,4
132941,132945,132946,1,4
132941,132945,132946,1,4
132941,132945,132946,1,4
132941,132946,132947,1,5
132941,132945,132946,1,4
132941,132946,132947,1,5
132941,132946,132947,1,5
132941,132946,132947,1,5
132941,132946,132947,1,5
132941,132947,132948,1,6
132941,132946,132947,1,5
132941,132946,132947,1,5
132941,132947,132948,1,6
132941,132947,132948,1,6
132941,132947,132948,1,6
132941,132948,132949,1,7
132941,132947,132948,1,6
132941,132948,132949,1,7
132941,132947,132948,1,6
132941,132948,132949,1,7
132941,132948,132949,1,7
132941,132949,132950,1,8
132941,132949,132950,1,8
132941,132949,132950,1,8
132941,132949,132950,1,8
132941,132950,132951,1,9
132941,132950,132951,1,9
132941,132950,132951,1,9
132941,132949,132950,1,8
132941,132949,132950,1,8
132941,132949,132950,1,8
132941,132949,132950,1,8
132262,132270,132981,711,8
132984,132984,132985,1,0
132984,132984,132985,1,0
132984,132984,132985,1,0
132984,132984,132985,1,0
132984,132984,132986,2,0
132984,132985,132986,1,1
132984,132985,132986,1,1
132984,132985,132986,1,1
132984,132985,132986,1,1
132984,132984,132985,1,0
132984,132985,132986,1,1
132984,132985,132986,1,1
132984,132984,132986,2,0
132984,132985,132986,1,1
132984,132985,132986,1,1
132984,132985,132986,1,1
132984,132985,132986,1,1
132984,132986,132987,1,2
132984,132986,132987,1,2
132984,132986,132987,1,2
132984,132986,132987,1,2
132984,132986,132987,1,2
132984,132986,132987,1,2
132984,132986,132987,1,2
132984,132986,132988,2,2
132984,132986,132987,1,2
132984,132986,132987,1,2
132984,132986,132987,1,2
132984,132987,132988,1,3
132984,132987,132988,1,3
132984,132986,132987,1,2
132984,132987,132988,1,3
132984,132987,132988,1,3
132984,132987,132988,1,3
132984,132988,132989,1,4
132984,132987,132988,1,3
132984,132987,132988,1,3
132984,132987,132988,1,3
132984,132988,132989,1,4
132984,132987,132990,3,3
132984,132988,132989,1,4
132984,132988,132989,1,4
132984,132988,132989,1,4
132984,132988,132989,1,4
132984,132988,132989,1,4
132984,132988,132989,1,4
132984,132988,132989,1,4
132984,132989,132990,1,5
132984,132989,132990,1,5
132984,132988,132989,1,4
132984,132989,132990,1,5
132984,132988,132990,2,4
132984,132989,132990,1,5
132984,132990,132991,1,6
132984,132990,132991,1,6
132984,132990,132991,1,6
132984,132990,132991,1,6
132984,132990,132991,1,6
132984,132989,132991,2,5
132984,132990,132991,1,6
132984,132990,132991,1,6
132984,132990,132991,1,6
132984,132990,132991,1,6
132984,132990,132991,1,6
132984,132989,132990,1,5
132984,132990,132991,1,6
132984,132990,132991,1,6
132984,132991,132992,1,7
132984,132991,132992,1,7
132984,132991,132992,1,7
132984,132991,132992,1,7
132984,132991,132992,1,7
132984,132991,132992,1,7
132984,132991,132992,1,7
132984,132991,132992,1,7
132984,132990,132991,1,6
132984,132991,132992,1,7
132984,132991,132992,1,7
132984,132991,132992,1,7
132984,132991,132992,1,7
132984,132991,132992,1,7
132984,132992,132993,1,8
132984,132992,132993,1,8
132984,132992,132993,1,8
132984,132991,132992,1,7
132984,132991,132993,2,7
132984,132991,132996,5,7
132273,132289,133008,719,16
133011,133011,133012,1,0
133011,133011,133012,1,0
133011,133011,133012,1,0
133011,133011,133012,1,0
133011,133012,133013,1,1
133011,133011,133013,2,0
133011,133012,133014,2,1
133011,133013,133014,1,2
133011,133012,133013,1,1
133011,133013,133014,1,2
133011,133012,133013,1,1
133011,133013,133014,1,2
132532,132539,133014,475,7
133011,133013,133014,1,2
133011,133013,133014,1,2
133011,133013,133014,1,2
133011,133013,133014,1,2
133011,133013,133014,1,2
133011,133013,133014,1,2
133011,133013,133014,1,2
133011,133013,133014,1,2
133011,133013,133014,1,2
133011,133014,133015,1,3
133011,133014,133015,1,3
133011,133014,133015,1,3
133011,133014,133015,1,3
133011,133015,133016,1,4
133011,133015,133016,1,4
133011,133015,133016,1,4
133011,133014,133015,1,3
133011,133014,133015,1,3
133011,133014,133015,1,3
133011,133014,133015,1,3
133011,133014,133016,2,3
133011,133015,133016,1,4
133011,133015,133016,1,4
133011,133015,133016,1,4
133011,133015,133016,1,4
133011,133015,133016,1,4
133011,133016,133017,1,5
133011,133015,133016,1,4
133011,133015,133016,1,4
133011,133015,133016,1,4
133011,133016,133017,1,5
133011,133017,133018,1,6
133011,133017,133018,1,6
133011,133017,133018,1,6
133011,133017,133018,1,6
133011,133017,133018,1,6
133011,133017,133018,1,6
133011,133017,133018,1,6
133011,133017,133018,1,6
133011,133017,133018,1,6
133011,133018,133019,1,7
133011,133018,133019,1,7
133011,133018,133019,1,7
133011,133018,133019,1,7
133011,133018,133019,1,7
133011,133018,133019,1,7
133011,133018,133019,1,7
133011,133018,133019,1,7
133011,133018,133019,1,7
133011,133018,133019,1,7
133011,133017,133018,1,6
133011,133018,133019,1,7
133011,133018,133019,1,7
133011,133018,133019,1,7
133011,133019,133020,1,8
133011,133018,133019,1,7
133011,133018,133019,1,7
133011,133019,133020,1,8
133011,133019,133020,1,8
133011,133019,133020,1,8
133011,133019,133020,1,8
133011,133019,133020,1,8
133016,133019,133020,1,3
133016,133019,133020,1,3
133016,133019,133020,1,3
133016,133019,133020,1,3
133016,133019,133020,1,3
133011,133017,133020,3,6
133016,133020,133021,1,4
133016,133020,133021,1,4
133016,133020,133021,1,4
133016,133020,133021,1,4
133016,133020,133021,1,4
132307,132315,133022,707,8
133016,133020,133021,1,4
133016,133020,133022,2,4
133016,133020,133021,1,4
133016,133020,133022,2,4
133016,133020,133022,2,4
133016,133020,133022,2,4
133016,133021,133022,1,5
133016,133021,133022,1,5
133016,133021,133023,2,5
133016,133021,133022,1,5
133016,133021,133023,2,5
133016,133021,133023,2,5
133016,133021,133022,1,5
133016,133021,133022,1,5
133016,133020,133022,2,4
133016,133020,133022,2,4
133016,133023,133024,1,7
133016,133023,133024,1,7
133016,133023,133024,1,7
133016,133022,133024,2,6
133016,133023,133024,1,7
133016,133023,133024,1,7
133016,133022,133024,2,6
133016,133022,133024,2,6
133016,133022,133023,1,6
133016,133023,133024,1,7
133016,133023,133024,1,7
133016,133022,133023,1,6
133016,133023,133024,1,7
133016,133022,133023,1,6
133016,133022,133023,1,6
133016,133024,133025,1,8
133016,133024,133025,1,8
133016,133024,133025,1,8
133016,133024,133025,1,8
133016,133024,133025,1,8
133016,133024,133025,1,8
133016,133024,133025,1,8
133016,133024,133025,1,8
133016,133024,133025,1,8
133016,133024,133025,1,8
133016,133024,133025,1,8
133016,133024,133025,1,8
133016,133021,133025,4,5
133016,133025,133026,1,9
133016,133025,133026,1,9
133016,133025,133026,1,9
133016,133025,133026,1,9
133016,133025,133026,1,9
133016,133025,133026,1,9
133016,133025,133026,1,9
133016,133025,133026,1,9
133016,133025,133026,1,9
133016,133025,133026,1,9
133016,133026,133027,1,10
133016,133026,133027,1,10
133016,133026,133027,1,10
133016,133026,133027,1,10
133016,133026,133027,1,10
133016,133027,133028,1,11
133016,133027,133028,1,11
133016,133027,133028,1,11
133016,133027,133028,1,11
133039,133039,133040,1,0
133039,133039,133040,1,0
133039,133039,133040,1,0
133039,133039,133040,1,0
133039,133039,133040,1,0
133039,133040,133041,1,1
133039,133040,133041,1,1
133039,133040,133041,1,1
133039,133040,133041,1,1
133039,133040,133041,1,1
133039,133040,133041,1,1
133039,133040,133041,1,1
133039,133040,133041,1,1
133039,133040,133041,1,1
133039,133040,133041,1,1
133039,133040,133041,1,1
133039,133040,133041,1,1
133039,133040,133041,1,1
133039,133041,133042,1,2
133039,133041,133042,1,2
133039,133041,133042,1,2
133039,133041,133042,1,2
133039,133039,133042,3,0
133039,133041,133042,1,2
133039,133041,133042,1,2
133039,133041,133042,1,2
133039,133041,133042,1,2
133039,133040,133041,1,1
133039,133041,133042,1,2
133039,133041,133042,1,2
133039,133041,133042,1,2
133039,133041,133042,1,2
133039,133041,133042,1,2
133039,133041,133042,1,2
133039,133042,133043,1,3
133039,133041,133042,1,2
133039,133042,133043,1,3
133039,133042,133043,1,3
133039,133042,133043,1,3
133039,133042,133043,1,3
133039,133042,133043,1,3
133039,133042,133043,1,3
133039,133042,133043,1,3
133039,133042,133043,1,3
133039,133042,133043,1,3
133039,133042,133043,1,3
133039,133042,133043,1,3
133039,133042,133043,1,3
133039,133043,133044,1,4
133039,133043,133044,1,4
133039,133043,133044,1,4
133039,133043,133044,1,4
133039,133043,133044,1,4
133039,133043,133044,1,4
133039,133043,133044,1,4
133039,133043,133044,1,4
133039,133043,133044,1,4
133039,133043,133044,1,4
133039,133043,133044,1,4
133039,133043,133044,1,4
133039,133043,133044,1,4
133039,133043,133044,1,4
133039,133043,133044,1,4
133039,133043,133044,1,4
133039,133044,133045,1,5
133039,133044,133045,1,5
133039,133044,133045,1,5
133039,133044,133045,1,5
133039,133044,133045,1,5
133039,133044,133045,1,5
133039,133044,133045,1,5
133039,133044,133045,1,5
133039,133044,133045,1,5
133039,133044,133045,1,5
133039,133044,133045,1,5
133039,133044,133045,1,5
133039,133044,133045,1,5
133039,133044,133045,1,5
133039,133045,133046,1,6
133039,133045,133046,1,6
133039,133045,133046,1,6
133039,133045,133046,1,6
133039,133045,133046,1,6
133039,133045,133046,1,6
132561,132567,133048,481,6
133055,133055,133056,1,0
133055,133055,133056,1,0
133055,133055,133056,1,0
133055,133055,133056,1,0
133055,133055,133056,1,0
133055,133055,133056,1,0
133055,133055,133056,1,0
133055,133055,133056,1,0
133055,133055,133056,1,0
133055,133055,133056,1,0
133055,133055,133056,1,0
133055,133055,133056,1,0
133055,133055,133057,2,0
133055,133055,133057,2,0
133055,133056,133058,2,1
133055,133055,133057,2,0
133055,133055,133058,3,0
133055,133057,133058,1,2
133055,133057,133058,1,2
133055,133057,133058,1,2
133055,133057,133058,1,2
133055,133057,133058,1,2
133055,133057,133058,1,2
133055,133057,133058,1,2
133055,133057,133059,2,2
133055,133057,133058,1,2
133055,133057,133058,1,2
133055,133057,133059,2,2
133055,133057,133059,2,2
133055,133059,133060,1,4
133055,133058,133059,1,3
133055,133059,133060,1,4
133055,133058,133059,1,3
133055,133059,133060,1,4
133055,133058,133059,1,3
133055,133059,133060,1,4
133055,133059,133060,1,4
133055,133058,133059,1,3
133055,133059,133060,1,4
133055,133059,133060,1,4
133055,133059,133060,1,4
133055,133060,133061,1,5
133055,133060,133061,1,5
133055,133060,133061,1,5
133055,133060,133061,1,5
133055,133060,133061,1,5
133055,133060,133061,1,5
133055,133061,133062,1,6
133055,133061,133062,1,6
133055,133060,133061,1,5
133055,133061,133062,1,6
133055,133061,133062,1,6
133055,133061,133062,1,6
133055,133061,133062,1,6
133055,133061,133062,1,6
133055,133061,133062,1,6
133055,133062,133063,1,7
133055,133062,133063,1,7
133055,133062,133063,1,7
133055,133062,133063,1,7
133055,133062,133063,1,7
133055,133062,133063,1,7
133055,133062,133063,1,7
133055,133063,133064,1,8
133055,133063,133064,1,8
133055,133063,133064,1,8
133055,133062,133063,1,7
132339,132354,133070,716,15
132341,132354,133071,717,13
132382,132388,133075,687,6
133085,133085,133086,1,0
133085,133085,133086,1,0
133085,133085,133086,1,0
133085,133085,133086,1,0
133085,133085,133086,1,0
133085,133085,133086,1,0
133085,133085,133086,1,0
133085,133085,133086,1,0
133085,133085,133086,1,0
133085,133085,133086,1,0
133085,133085,133087,2,0
133085,133085,133087,2,0
133085,133085,133087,2,0
133085,133085,133087,2,0
133085,133085,133086,1,0
133085,133086,133087,1,1
133085,133085,133087,2,0
133085,133085,133087,2,0
133085,133086,133088,2,1
133085,133086,133087,1,1
133085,133086,133087,1,1
133085,133087,133088,1,2
133085,133086,133088,2,1
133085,133087,133088,1,2
133085,133086,133088,2,1
133085,133087,133088,1,2
133085,133086,133088,2,1
133085,133086,133088,2,1
133085,133086,133088,2,1
133085,133086,133088,2,1
133085,133086,133088,2,1
133085,133086,133088,2,1
133085,133087,133088,1,2
133085,133087,133089,2,2
133085,133087,133089,2,2
133085,133088,133089,1,3
133085,133088,133089,1,3
133085,133087,133088,1,2
133085,133089,133090,1,4
133085,133089,133090,1,4
133085,133088,133089,1,3
133085,133089,133090,1,4
133085,133089,133090,1,4
133085,133089,133090,1,4
133085,133089,133090,1,4
133085,133090,133091,1,5
133085,133091,133092,1,6
133085,133091,133092,1,6
133085,133091,133092,1,6
133085,133091,133092,1,6
133085,133091,133092,1,6
133085,133091,133092,1,6
133085,133091,133092,1,6
133085,133091,133092,1,6
133085,133092,133093,1,7
133085,133092,133093,1,7
133085,133092,133093,1,7
133085,133092,133093,1,7
133085,133092,133093,1,7
133085,133092,133093,1,7
133085,133092,133093,1,7
133085,133092,133093,1,7
133085,133092,133093,1,7
133085,133092,133093,1,7
133085,133092,133093,1,7
133085,133093,133094,1,8
133085,133093,133094,1,8
133085,133093,133094,1,8
133085,133093,133094,1,8
133085,133093,133095,2,8
133085,133093,133095,2,8
133085,133093,133095,2,8
133085,133093,133095,2,8
133085,133093,133095,2,8
133085,133093,133095,2,8
133085,133093,133095,2,8
133085,133093,133095,2,8
133085,133093,133095,2,8
133085,133093,133095,2,8
133085,133094,133095,1,9
133085,133094,133095,1,9
133085,133094,133095,1,9
133085,133094,133096,2,9
133085,133094,133095,1,9
133085,133094,133095,1,9
133085,133094,133095,1,9
133085,133095,133096,1,10
133085,133095,133096,1,10
133085,133095,133096,1,10
133085,133095,133096,1,10
133085,133095,133096,1,10
133085,133095,133096,1,10
133085,133095,133096,1,10
133085,133095,133096,1,10
133085,133095,133096,1,10
133085,133095,133096,1,10
133085,133095,133096,1,10
133085,133095,133096,1,10
133085,133096,133097,1,11
133085,133096,133097,1,11
133085,133096,133097,1,11
133085,133096,133097,1,11
133085,133096,133097,1,11
133085,133096,133097,1,11
133085,133096,133097,1,11
133085,133096,133097,1,11
133085,133096,133097,1,11
133085,133096,133097,1,11
133085,133096,133097,1,11
133085,133096,133097,1,11
133085,133097,133098,1,12
133085,133097,133098,1,12
133085,133097,133098,1,12
133085,133097,133098,1,12
133085,133097,133098,1,12
133085,133097,133098,1,12
133085,133097,133098,1,12
133085,133097,133098,1,12
133085,133097,133098,1,12
133085,133097,133098,1,12
133085,133097,133098,1,12
133085,133097,133098,1,12
133085,133098,133099,1,13
133085,133097,133099,2,12
133085,133097,133098,1,12
133085,133098,133099,1,13
133085,133098,133099,1,13
133085,133098,133099,1,13
133085,133098,133099,1,13
133085,133098,133099,1,13
133085,133098,133099,1,13
133085,133098,133099,1,13
133085,133098,133099,1,13
133087,133099,133100,1,12
133087,133099,133100,1,12
133087,133099,133100,1,12
133087,133099,133100,1,12
133087,133099,133100,1,12
133087,133099,133100,1,12
133087,133100,133101,1,13
133087,133100,133101,1,13
133085,133099,133100,1,14
133087,133100,133101,1,13
133087,133100,133101,1,13
133087,133100,133101,1,13
133087,133100,133101,1,13
133087,133100,133101,1,13
133087,133100,133102,2,13
133087,133100,133102,2,13
133087,133101,133102,1,14
133087,133101,133102,1,14
133087,133101,133102,1,14
133087,133101,133102,1,14
133087,133101,133102,1,14
133087,133101,133102,1,14
133087,133101,133102,1,14
133087,133101,133103,2,14
133087,133101,133103,2,14
133087,133102,133103,1,15
133087,133102,133103,1,15
133087,133102,133103,1,15
133087,133102,133103,1,15
133087,133102,133103,1,15
133087,133102,133103,1,15
133087,133101,133103,2,14
133087,133103,133104,1,16
133087,133103,133104,1,16
133087,133102,133103,1,15
133087,133103,133104,1,16
133087,133103,133104,1,16
133087,133103,133104,1,16
133087,133103,133104,1,16
133087,133103,133104,1,16
133087,133103,133104,1,16
133087,133104,133105,1,17
133087,133104,133105,1,17
133087,133104,133105,1,17
133087,133104,133105,1,17
133087,133104,133105,1,17
133087,133104,133105,1,17
133087,133104,133105,1,17
133087,133104,133105,1,17
133087,133105,133106,1,18
133087,133105,133106,1,18
133087,133105,133106,1,18
133087,133105,133106,1,18
133087,133105,133106,1,18
133087,133105,133106,1,18
133087,133105,133106,1,18
133087,133105,133106,1,18
133087,133106,133107,1,19
133087,133106,133107,1,19
133087,133106,133107,1,19
133087,133106,133107,1,19
133087,133106,133107,1,19
133087,133106,133107,1,19
133087,133106,133107,1,19
133087,133111,133113,2,24
132459,132465,133151,686,6
133151,133151,133152,1,0
133151,133151,133152,1,0
133151,133151,133152,1,0
133151,133151,133152,1,0
133151,133151,133152,1,0
133151,133151,133152,1,0
133151,133151,133152,1,0
133151,133151,133152,1,0
133151,133151,133152,1,0
133151,133152,133153,1,1
133151,133152,133153,1,1
133151,133151,133153,2,0
133151,133151,133153,2,0
133151,133151,133153,2,0
133151,133151,133153,2,0
133151,133152,133153,1,1
133151,133152,133154,2,1
133151,133152,133154,2,1
133151,133152,133154,2,1
133151,133152,133154,2,1
133151,133152,133154,2,1
133151,133151,133153,2,0
133151,133152,133154,2,1
133151,133152,133154,2,1
133151,133152,133154,2,1
133151,133153,133154,1,2
133151,133153,133154,1,2
133151,133154,133155,1,3
133151,133154,133155,1,3
133151,133154,133155,1,3
133151,133154,133155,1,3
133151,133153,133155,2,2
133151,133154,133155,1,3
133151,133154,133155,1,3
133151,133152,133155,3,1
133151,133154,133156,2,3
133151,133155,133156,1,4
133151,133153,133156,3,2
133151,133153,133156,3,2
133151,133155,133156,1,4
133151,133155,133156,1,4
133151,133155,133156,1,4
133151,133156,133157,1,5
133151,133156,133157,1,5
133151,133157,133158,1,6
133151,133156,133157,1,5
133151,133157,133158,1,6
133151,133156,133157,1,5
133151,133157,133158,1,6
133151,133157,133158,1,6
133151,133157,133158,1,6
133151,133157,133158,1,6
133151,133157,133158,1,6
133151,133156,133158,2,5
133151,133157,133158,1,6
133151,133158,133159,1,7
133151,133158,133159,1,7
133151,133158,133159,1,7
133151,133158,133159,1,7
133151,133159,133160,1,8
133151,133159,133160,1,8
133151,133158,133160,2,7
133151,133159,133160,1,8
132710,132716,133192,476,6
133194,133194,133195,1,0
133194,133194,133195,1,0
133194,133194,133195,1,0
133194,133194,133195,1,0
133194,133194,133195,1,0
133194,133194,133195,1,0
133194,133194,133195,1,0
133194,133194,133195,1,0
133194,133194,133196,2,0
133194,133194,133196,2,0
133194,133194,133196,2,0
133194,133194,133196,2,0
133194,133194,133196,2,0
133194,133195,133196,1,1
133194,133195,133197,2,1
133194,133195,133197,2,1
133194,133195,133197,2,1
133194,133195,133197,2,1
133194,133195,133197,2,1
133194,133196,133198,2,2
133194,133196,133198,2,2
133194,133196,133198,2,2
133194,133196,133198,2,2
133194,133196,133198,2,2
133194,133196,133198,2,2
133194,133196,133198,2,2
133194,133195,133198,3,1
133194,133196,133198,2,2
133194,133197,133199,2,3
133194,133197,133199,2,3
133194,133197,133199,2,3
133194,133197,133199,2,3
133194,133198,133199,1,4
133194,133198,133200,2,4
133194,133199,133200,1,5
133194,133198,133200,2,4
133194,133199,133200,1,5
133194,133198,133200,2,4
133194,133199,133200,1,5
133194,133199,133200,1,5
133194,133199,133200,1,5
133194,133199,133200,1,5
133194,133200,133201,1,6
133194,133199,133200,1,5
133194,133200,133201,1,6
133194,133200,133201,1,6
133194,133197,133200,3,3
133194,133200,133201,1,6
133194,133201,133202,1,7
133194,133201,133202,1,7
133194,133201,133202,1,7
133194,133201,133202,1,7
133194,133201,133202,1,7
133194,133202,133203,1,8
133194,133202,133203,1,8
133194,133202,133203,1,8
133194,133202,133203,1,8
133194,133202,133203,1,8
133194,133202,133203,1,8
133194,133202,133203,1,8
133194,133202,133203,1,8
133194,133203,133204,1,9
133194,133203,133204,1,9
133194,133203,133204,1,9
133194,133203,133204,1,9
133194,133204,133205,1,10
133194,133204,133205,1,10
133194,133204,133205,1,10
133194,133203,133204,1,9
133194,133204,133206,2,10
133194,133206,133207,1,12
132482,132488,133208,720,6
133223,133223,133224,1,0
133223,133223,133224,1,0
133223,133223,133224,1,0
133223,133223,133224,1,0
133223,133223,133224,1,0
133223,133223,133224,1,0
133223,133223,133224,1,0
133223,133223,133224,1,0
133223,133223,133224,1,0
133223,133223,133224,1,0
133223,133223,133225,2,0
133223,133223,133225,2,0
133223,133223,133225,2,0
133223,133223,133225,2,0
133223,133223,133225,2,0
133223,133225,133226,1,2
133223,133223,133225,2,0
133223,133224,133226,2,1
133223,133225,133226,1,2
133223,133225,133226,1,2
133223,133223,133226,3,0
133223,133225,133226,1,2
133223,133225,133226,1,2
133223,133225,133226,1,2
133223,133225,133226,1,2
133223,133226,133227,1,3
133223,133225,133226,1,2
133223,133226,133227,1,3
133223,133226,133227,1,3
133223,133226,133227,1,3
133223,133226,133227,1,3
133223,133226,133227,1,3
133223,133227,133228,1,4
133223,133226,133227,1,3
133223,133227,133228,1,4
133223,133228,133229,1,5
133223,133229,133230,1,6
133223,133229,133230,1,6
133223,133229,133230,1,6
133223,133229,133230,1,6
133223,133229,133230,1,6
133223,133230,133231,1,7
133223,133230,133231,1,7
133223,133230,133231,1,7
133223,133230,133231,1,7
133223,133231,133232,1,8
133223,133231,133232,1,8
133223,133231,133232,1,8
133223,133231,133232,1,8
133223,133231,133233,2,8
133223,133226,133251,25,3
132543,132551,133257,706,8
133265,133265,133266,1,0
133265,133265,133266,1,0
133265,133265,133266,1,0
133265,133265,133266,1,0
133265,133265,133266,1,0
133265,133265,133266,1,0
133265,133265,133266,1,0
133265,133265,133266,1,0
133265,133265,133266,1,0
133265,133266,133267,1,1
133265,133265,133267,2,0
133265,133265,133267,2,0
133265,133266,133267,1,1
133265,133266,133267,1,1
133265,133267,133268,1,2
133265,133267,133268,1,2
133265,133266,133268,2,1
133265,133266,133268,2,1
133265,133267,133268,1,2
133265,133267,133268,1,2
133265,133267,133268,1,2
133265,133267,133268,1,2
133265,133267,133268,1,2
133265,133267,133268,1,2
133265,133267,133268,1,2
133265,133265,133269,4,0
133265,133268,133269,1,3
133265,133269,133270,1,4
133265,133269,133270,1,4
133265,133267,133269,2,2
133265,133268,133269,1,3
133265,133268,133269,1,3
133265,133269,133270,1,4
133265,133268,133269,1,3
133265,133269,133270,1,4
133265,133269,133270,1,4
133265,133269,133270,1,4
133265,133269,133270,1,4
133265,133270,133271,1,5
133265,133270,133271,1,5
133265,133270,133271,1,5
133265,133270,133271,1,5
133265,133270,133271,1,5
133265,133270,133271,1,5
133265,133269,133271,2,4
133265,133271,133272,1,6
133265,133271,133272,1,6
133265,133271,133272,1,6
133265,133271,133272,1,6
133265,133271,133272,1,6
133265,133269,133272,3,4
133265,133272,133273,1,7
133265,133272,133273,1,7
133265,133272,133273,1,7
133265,133272,133273,1,7
133265,133272,133273,1,7
133265,133272,133273,1,7
133265,133272,133273,1,7
133265,133272,133273,1,7
133265,133272,133273,1,7
133265,133273,133274,1,8
133265,133273,133274,1,8
133265,133273,133274,1,8
133265,133273,133274,1,8
133265,133273,133274,1,8
133265,133273,133274,1,8
133265,133273,133274,1,8
133265,133273,133274,1,8
133265,133273,133274,1,8
133265,133274,133275,1,9
133265,133273,133274,1,8
133265,133273,133274,1,8
132790,132796,133278,482,6
133292,133292,133293,1,0
133292,133292,133293,1,0
133292,133292,133293,1,0
133292,133292,133293,1,0
133292,133292,133293,1,0
133292,133292,133293,1,0
133292,133292,133293,1,0
133292,133292,133293,1,0
133292,133292,133293,1,0
133292,133292,133293,1,0
133292,133292,133293,1,0
133292,133293,133294,1,1
133292,133293,133294,1,1
133292,133292,133294,2,0
133292,133293,133294,1,1
133292,133293,133294,1,1
133292,133293,133294,1,1
133292,133292,133294,2,0
133292,133293,133295,2,1
133292,133293,133295,2,1
133292,133293,133295,2,1
133292,133294,133296,2,2
133292,133293,133295,2,1
133292,133295,133296,1,3
133292,133294,133296,2,2
133292,133294,133296,2,2
133292,133295,133296,1,3
133292,133294,133295,1,2
133292,133294,133295,1,2
133292,133295,133296,1,3
133292,133294,133295,1,2
133292,133295,133296,1,3
133292,133296,133297,1,4
133292,133295,133296,1,3
133292,133296,133297,1,4
133292,133295,133296,1,3
133292,133295,133296,1,3
133292,133295,133296,1,3
133292,133296,133297,1,4
133292,133295,133296,1,3
133292,133295,133296,1,3
133292,133296,133297,1,4
133292,133296,133297,1,4
133292,133296,133297,1,4
133292,133296,133297,1,4
133292,133296,133297,1,4
133292,133297,133298,1,5
133292,133297,133298,1,5
133292,133297,133298,1,5
133292,133297,133298,1,5
133292,133297,133298,1,5
133292,133297,133298,1,5
133292,133297,133298,1,5
133292,133297,133298,1,5
133292,133297,133298,1,5
133292,133297,133298,1,5
133292,133298,133299,1,6
133292,133298,133299,1,6
133292,133298,133299,1,6
133292,133298,133299,1,6
133292,133298,133299,1,6
133292,133298,133299,1,6
133292,133298,133299,1,6
133292,133297,133298,1,5
133292,133298,133299,1,6
133292,133297,133298,1,5
133292,133298,133299,1,6
133292,133298,133299,1,6
133292,133297,133298,1,5
133292,133298,133299,1,6
133292,133298,133299,1,6
133292,133299,133300,1,7
133292,133299,133300,1,7
133292,133299,133300,1,7
133292,133299,133300,1,7
133292,133299,133300,1,7
133292,133299,133300,1,7
133292,133299,133300,1,7
133292,133299,133300,1,7
133292,133299,133300,1,7
133292,133299,133300,1,7
133292,133299,133300,1,7
133292,133299,133300,1,7
133292,133299,133300,1,7
133292,133299,133300,1,7
133292,133299,133300,1,7
132577,132583,133318,735,6
133321,133321,133322,1,0
133321,133321,133322,1,0
133321,133321,133322,1,0
133321,133321,133322,1,0
133321,133321,133322,1,0
133321,133321,133322,1,0
133321,133321,133322,1,0
133321,133321,133322,1,0
133321,133321,133322,1,0
133321,133321,133322,1,0
133321,133321,133323,2,0
133321,133321,133322,1,0
133321,133321,133323,2,0
133321,133321,133323,2,0
133321,133321,133322,1,0
133321,133321,133323,2,0
133321,133321,133323,2,0
133321,133322,133323,1,1
133321,133322,133324,2,1
133321,133322,133324,2,1
133321,133322,133323,1,1
133321,133322,133323,1,1
133321,133322,133324,2,1
133321,133322,133324,2,1
133321,133322,133324,2,1
133321,133322,133323,1,1
133321,133322,133323,1,1
133321,133324,133325,1,3
133321,133323,133325,2,2
133321,133324,133325,1,3
133321,133323,133325,2,2
133321,133323,133325,2,2
133321,133323,133325,2,2
133321,133324,133325,1,3
133321,133324,133325,1,3
133321,133324,133325,1,3
133321,133323,133325,2,2
133321,133323,133324,1,2
133321,133324,133325,1,3
133321,133323,133324,1,2
133321,133324,133325,1,3
133321,133324,133325,1,3
133321,133325,133326,1,4
133321,133325,133326,1,4
133321,133325,133326,1,4
133321,133325,133326,1,4
133321,133325,133326,1,4
133321,133325,133326,1,4
133321,133325,133326,1,4
133321,133325,133326,1,4
133321,133324,133326,2,3
133321,133325,133326,1,4
133321,133324,133325,1,3
133321,133325,133326,1,4
133321,133325,133326,1,4
133321,133325,133326,1,4
133321,133325,133326,1,4
133321,133325,133326,1,4
133321,133326,133327,1,5
133321,133325,133326,1,4
133321,133326,133327,1,5
133321,133326,133327,1,5
133321,133326,133327,1,5
133321,133326,133327,1,5
133321,133326,133327,1,5
133321,133326,133327,1,5
133321,133326,133327,1,5
133321,133326,133327,1,5
133321,133326,133327,1,5
133321,133326,133327,1,5
133321,133326,133327,1,5
133321,133327,133328,1,6
133321,133327,133328,1,6
133321,133327,133328,1,6
133321,133326,133328,2,5
133321,133326,133328,2,5
133321,133327,133328,1,6
133321,133327,133328,1,6
133321,133327,133328,1,6
133321,133327,133328,1,6
133321,133327,133328,1,6
133321,133327,133328,1,6
133321,133328,133329,1,7
133321,133328,133329,1,7
133321,133328,133329,1,7
133321,133328,133329,1,7
132617,132623,133345,722,6
133348,133348,133349,1,0
133348,133348,133349,1,0
133348,133348,133349,1,0
133348,133348,133349,1,0
133348,133348,133349,1,0
133348,133348,133349,1,0
133348,133348,133349,1,0
133348,133348,133349,1,0
133348,133348,133349,1,0
133348,133348,133349,1,0
133348,133349,133350,1,1
133348,133348,133349,1,0
133348,133348,133349,1,0
133348,133349,133351,2,1
133348,133349,133350,1,1
133348,133349,133351,2,1
133348,133349,133350,1,1
133348,133349,133351,2,1
133348,133349,133351,2,1
133348,133349,133351,2,1
133348,133349,133351,2,1
133348,133349,133351,2,1
133348,133349,133351,2,1
133348,133349,133351,2,1
133348,133350,133351,1,2
133348,133349,133351,2,1
133348,133351,133352,1,3
133348,133351,133352,1,3
133348,133351,133352,1,3
133348,133349,133351,2,1
133348,133349,133351,2,1
133348,133351,133352,1,3
133348,133351,133352,1,3
133348,133351,133352,1,3
133348,133351,133352,1,3
133348,133351,133352,1,3
133348,133350,133352,2,2
133348,133350,133352,2,2
133348,133351,133352,1,3
133348,133351,133352,1,3
133348,133352,133353,1,4
133348,133352,133353,1,4
133348,133352,133353,1,4
133348,133351,133352,1,3
133348,133352,133353,1,4
133348,133352,133353,1,4
133348,133352,133353,1,4
133348,133352,133353,1,4
133348,133352,133353,1,4
133348,133352,133353,1,4
133348,133352,133353,1,4
133348,133352,133353,1,4
133348,133352,133353,1,4
133348,133352,133353,1,4
133348,133353,133354,1,5
133348,133353,133354,1,5
133348,133353,133354,1,5
133348,133353,133354,1,5
133348,133353,133354,1,5
133348,133353,133354,1,5
133348,133353,133354,1,5
133348,133353,133354,1,5
133348,133353,133354,1,5
133348,133353,133354,1,5
133348,133353,133354,1,5
133348,133353,133354,1,5
133348,133353,133354,1,5
133348,133353,133354,1,5
133348,133353,133354,1,5
133348,133354,133355,1,6
133348,133354,133355,1,6
133348,133354,133355,1,6
133348,133354,133355,1,6
133348,133354,133355,1,6
133348,133354,133355,1,6
133348,133354,133355,1,6
133348,133355,133356,1,7
133348,133355,133356,1,7
133348,133355,133356,1,7
133348,133355,133357,2,7
132917,132925,133409,484,8
133410,133410,133411,1,0
133410,133410,133411,1,0
133410,133410,133411,1,0
133410,133410,133411,1,0
133410,133411,133412,1,1
133410,133410,133411,1,0
133410,133410,133411,1,0
133410,133410,133411,1,0
133410,133411,133412,1,1
133410,133411,133412,1,1
133410,133411,133412,1,1
133410,133411,133412,1,1
133410,133411,133412,1,1
133410,133411,133412,1,1
133410,133411,133412,1,1
133410,133411,133412,1,1
133410,133412,133413,1,2
133410,133411,133412,1,1
133410,133412,133413,1,2
133410,133412,133413,1,2
133410,133413,133414,1,3
133410,133413,133414,1,3
133410,133413,133414,1,3
133410,133413,133414,1,3
133410,133413,133414,1,3
133410,133412,133414,2,2
133410,133414,133415,1,4
133410,133414,133415,1,4
133410,133414,133415,1,4
133410,133413,133414,1,3
133410,133413,133414,1,3
133410,133414,133415,1,4
133410,133413,133414,1,3
133410,133413,133414,1,3
133410,133414,133415,1,4
133410,133414,133415,1,4
133410,133414,133415,1,4
133410,133414,133415,1,4
133410,133414,133415,1,4
133410,133415,133416,1,5
133410,133415,133416,1,5
133410,133415,133416,1,5
133410,133415,133416,1,5
133410,133415,133416,1,5
133410,133415,133416,1,5
133410,133415,133416,1,5
133410,133415,133416,1,5
133410,133415,133416,1,5
133410,133415,133416,1,5
133410,133415,133416,1,5
133410,133415,133416,1,5
133410,133416,133417,1,6
133410,133416,133417,1,6
133410,133416,133417,1,6
133410,133416,133417,1,6
133410,133416,133417,1,6
133410,133415,133416,1,5
133410,133416,133417,1,6
133410,133416,133417,1,6
133410,133416,133417,1,6
133410,133416,133417,1,6
133410,133416,133417,1,6
133410,133417,133418,1,7
133410,133417,133418,1,7
133410,133417,133418,1,7
133410,133416,133417,1,6
133410,133416,133417,1,6
133410,133416,133417,1,6
132943,132950,133438,488,7
133439,133439,133440,1,0
133439,133439,133440,1,0
133439,133439,133440,1,0
133439,133439,133440,1,0
133439,133439,133440,1,0
133439,133439,133440,1,0
133439,133439,133440,1,0
133439,133439,133440,1,0
133439,133439,133440,1,0
133439,133439,133440,1,0
133439,133439,133440,1,0
133439,133439,133440,1,0
133439,133439,133440,1,0
133439,133440,133441,1,1
133439,133439,133441,2,0
133439,133440,133441,1,1
132685,132692,133441,749,7
133439,133440,133441,1,1
133439,133441,133442,1,2
133439,133441,133442,1,2
133439,133441,133442,1,2
133439,133441,133443,2,2
133439,133441,133442,1,2
133439,133441,133442,1,2
133439,133441,133442,1,2
133439,133441,133442,1,2
133439,133441,133442,1,2
133439,133441,133442,1,2
133439,133442,133443,1,3
133439,133441,133442,1,2
133439,133441,133442,1,2
133439,133442,133443,1,3
133439,133442,133443,1,3
133439,133442,133443,1,3
133439,133443,133444,1,4
133439,133443,133444,1,4
133439,133443,133444,1,4
133439,133442,133443,1,3
133439,133442,133443,1,3
133439,133443,133444,1,4
133439,133443,133444,1,4
133439,133444,133445,1,5
133439,133443,133444,1,4
133439,133444,133445,1,5
133439,133444,133445,1,5
133439,133444,133445,1,5
133439,133444,133445,1,5
132740,132748,133445,697,8
133439,133444,133445,1,5
133439,133445,133446,1,6
133439,133445,133446,1,6
133439,133445,133446,1,6
133439,133445,133446,1,6
133439,133445,133446,1,6
133439,133445,133446,1,6
133439,133445,133446,1,6
133439,133446,133447,1,7
133439,133446,133447,1,7
133439,133445,133446,1,6
133439,133445,133447,2,6
133439,133446,133447,1,7
133439,133446,133447,1,7
133439,133446,133447,1,7
133439,133446,133447,1,7
133439,133445,133446,1,6
133439,133445,133446,1,6
133439,133445,133446,1,6
133439,133446,133447,1,7
133443,133447,133448,1,4
133443,133447,133448,1,4
133443,133447,133448,1,4
133443,133447,133448,1,4
133443,133447,133448,1,4
133443,133447,133448,1,4
133443,133447,133448,1,4
133443,133447,133448,1,4
133443,133447,133448,1,4
133443,133447,133449,2,4
133443,133447,133449,2,4
133443,133447,133449,2,4
133443,133448,133450,2,5
133443,133448,133449,1,5
133443,133448,133450,2,5
133443,133448,133450,2,5
133443,133448,133450,2,5
133443,133448,133450,2,5
133443,133448,133450,2,5
133443,133448,133450,2,5
133443,133448,133450,2,5
133443,133448,133450,2,5
133443,133448,133450,2,5
133443,133448,133450,2,5
133443,133450,133451,1,7
133443,133450,133451,1,7
133443,133448,133450,2,5
133443,133448,133450,2,5
133443,133449,133451,2,6
133443,133449,133451,2,6
133443,133449,133451,2,6
133443,133449,133451,2,6
133443,133450,133451,1,7
133443,133450,133451,1,7
133443,133450,133451,1,7
133443,133450,133451,1,7
133443,133451,133452,1,8
133443,133450,133451,1,7
133443,133450,133451,1,7
133443,133450,133451,1,7
133443,133451,133452,1,8
133443,133450,133451,1,7
133443,133451,133452,1,8
133443,133450,133451,1,7
133443,133451,133452,1,8
133443,133451,133452,1,8
133443,133451,133452,1,8
133443,133451,133452,1,8
133443,133451,133452,1,8
133443,133452,133453,1,9
133443,133452,133453,1,9
133443,133452,133453,1,9
133443,133452,133453,1,9
133443,133452,133453,1,9
133443,133452,133453,1,9
133443,133452,133453,1,9
133443,133452,133453,1,9
133443,133452,133453,1,9
133443,133452,133453,1,9
133443,133452,133453,1,9
133443,133453,133454,1,10
133443,133453,133454,1,10
133443,133453,133454,1,10
133443,133453,133454,1,10
133443,133453,133454,1,10
133443,133453,133454,1,10
133443,133453,133454,1,10
133443,133453,133454,1,10
133443,133453,133454,1,10
133443,133454,133455,1,11
133443,133454,133455,1,11
133443,133454,133455,1,11
133443,133454,133455,1,11
133443,133454,133455,1,11
133443,133454,133455,1,11
133443,133454,133455,1,11
133447,133455,133456,1,8
133447,133455,133456,1,8
133447,133455,133456,1,8
133447,133455,133456,1,8
133447,133455,133456,1,8
133447,133455,133456,1,8
133447,133455,133456,1,8
133447,133455,133456,1,8
133447,133455,133456,1,8
133447,133455,133456,1,8
133447,133455,133456,1,8
133447,133455,133456,1,8
133447,133455,133457,2,8
133447,133455,133457,2,8
133447,133455,133457,2,8
133447,133456,133457,1,9
133447,133456,133458,2,9
133447,133456,133458,2,9
133447,133456,133458,2,9
133447,133456,133458,2,9
133447,133456,133458,2,9
133447,133456,133458,2,9
133447,133456,133458,2,9
133447,133456,133458,2,9
133447,133456,133458,2,9
133447,133457,133459,2,10
133447,133457,133459,2,10
133447,133456,133458,2,9
133447,133457,133459,2,10
133447,133457,133459,2,10
133447,133458,133459,1,11
133447,133458,133459,1,11
133447,133458,133460,2,11
133447,133458,133460,2,11
133447,133459,133460,1,12
133447,133458,133460,2,11
133447,133458,133460,2,11
133447,133458,133460,2,11
133447,133458,133460,2,11
133447,133458,133460,2,11
133447,133458,133460,2,11
133447,133459,133460,1,12
133447,133458,133460,2,11
133447,133459,133461,2,12
133447,133459,133460,1,12
133447,133460,133461,1,13
133447,133460,133461,1,13
133447,133460,133461,1,13
133447,133458,133460,2,11
133447,133460,133461,1,13
133447,133460,133461,1,13
133447,133460,133461,1,13
133447,133460,133461,1,13
133447,133460,133461,1,13
133447,133461,133462,1,14
133447,133461,133462,1,14
133447,133461,133462,1,14
133447,133461,133462,1,14
133447,133461,133462,1,14
133447,133461,133462,1,14
133447,133462,133463,1,15
133447,133462,133463,1,15
133447,133462,133463,1,15
133447,133462,133463,1,15
133447,133462,133463,1,15
133447,133463,133464,1,16
133447,133463,133464,1,16
133447,133463,133464,1,16
132985,132992,133478,486,7
133481,133481,133482,1,0
133481,133481,133482,1,0
133481,133481,133482,1,0
133481,133481,133482,1,0
133481,133481,133482,1,0
133481,133481,133482,1,0
133481,133481,133482,1,0
133481,133481,133482,1,0
133481,133482,133483,1,1
133481,133481,133482,1,0
133481,133481,133482,1,0
133481,133481,133482,1,0
133481,133482,133483,1,1
133481,133482,133483,1,1
133481,133482,133483,1,1
133481,133482,133483,1,1
133481,133482,133483,1,1
133481,133482,133483,1,1
133481,133482,133483,1,1
133481,133481,133483,2,0
133481,133482,133483,1,1
133481,133482,133483,1,1
133481,133482,133483,1,1
133481,133482,133483,1,1
133481,133484,133485,1,3
133481,133484,133485,1,3
133481,133484,133485,1,3
133481,133484,133485,1,3
133481,133484,133485,1,3
133481,133484,133485,1,3
133481,133483,133484,1,2
133481,133484,133485,1,3
133481,133483,133484,1,2
133481,133484,133485,1,3
133481,133484,133485,1,3
133481,133483,133485,2,2
133481,133483,133484,1,2
133481,133484,133485,1,3
133481,133484,133485,1,3
133481,133483,133486,3,2
133481,133484,133485,1,3
133481,133485,133486,1,4
133481,133485,133486,1,4
133481,133485,133486,1,4
133481,133485,133486,1,4
133481,133485,133486,1,4
133481,133485,133486,1,4
133481,133485,133486,1,4
133481,133485,133486,1,4
133481,133485,133486,1,4
133481,133485,133486,1,4
133481,133485,133486,1,4
133481,133485,133486,1,4
133481,133485,133486,1,4
133481,133485,133486,1,4
133481,133485,133486,1,4
133481,133486,133487,1,5
133481,133486,133487,1,5
133481,133486,133487,1,5
133481,133486,133487,1,5
133481,133486,133487,1,5
133481,133486,133487,1,5
133481,133486,133487,1,5
133481,133486,133487,1,5
133481,133486,133487,1,5
133481,133486,133487,1,5
133481,133486,133487,1,5
133481,133486,133487,1,5
133481,133486,133487,1,5
133481,133486,133487,1,5
133481,133486,133487,1,5
133481,133486,133487,1,5
133481,133486,133488,2,5
133481,133487,133488,1,6
133481,133487,133488,1,6
133481,133487,133488,1,6
133481,133487,133488,1,6
133481,133487,133488,1,6
133481,133487,133488,1,6
133481,133487,133488,1,6
133481,133487,133488,1,6
133481,133487,133488,1,6
133481,133487,133488,1,6
133481,133487,133488,1,6
133481,133488,133489,1,7
133481,133488,133489,1,7
133481,133488,133489,1,7
133481,133488,133489,1,7
133481,133488,133489,1,7
133481,133488,133490,2,7
133481,133488,133490,2,7
133017,133027,133515,488,10
133517,133517,133518,1,0
133517,133517,133518,1,0
133517,133517,133518,1,0
133517,133517,133518,1,0
133517,133517,133518,1,0
133517,133517,133518,1,0
133517,133517,133518,1,0
133517,133517,133518,1,0
133517,133517,133518,1,0
133517,133517,133518,1,0
133517,133517,133518,1,0
133517,133517,133519,2,0
133517,133517,133519,2,0
133517,133517,133519,2,0
133517,133518,133519,1,1
133517,133518,133519,1,1
133517,133518,133519,1,1
133517,133517,133519,2,0
133517,133517,133519,2,0
133517,133517,133519,2,0
133517,133518,133520,2,1
133517,133518,133520,2,1
133517,133518,133520,2,1
133517,133518,133520,2,1
133517,133519,133520,1,2
133517,133518,133520,2,1
133517,133519,133520,1,2
133517,133519,133520,1,2
133517,133519,133521,2,2
133517,133519,133521,2,2
133517,133521,133522,1,4
133517,133521,133522,1,4
133517,133521,133522,1,4
133517,133522,133523,1,5
133517,133521,133522,1,4
133517,133522,133523,1,5
133517,133521,133522,1,4
133517,133521,133522,1,4
133517,133521,133522,1,4
133517,133521,133522,1,4
133517,133522,133523,1,5
133517,133522,133523,1,5
133517,133522,133523,1,5
133517,133523,133524,1,6
133517,133523,133524,1,6
133517,133523,133524,1,6
133517,133523,133524,1,6
133517,133523,133524,1,6
133517,133523,133524,1,6
133517,133523,133524,1,6
133517,133523,133524,1,6
133517,133523,133524,1,6
133517,133524,133525,1,7
133517,133524,133525,1,7
133517,133524,133525,1,7
132768,132773,133524,751,5
133517,133524,133525,1,7
133517,133524,133525,1,7
133517,133524,133525,1,7
133517,133524,133525,1,7
133517,133524,133525,1,7
133517,133524,133525,1,7
133517,133524,133526,2,7
133517,133524,133525,1,7
133517,133525,133526,1,8
133517,133524,133525,1,7
133517,133524,133525,1,7
133517,133525,133526,1,8
133517,133525,133527,2,8
133526,133527,133528,1,1
133526,133527,133528,1,1
133526,133527,133528,1,1
133526,133527,133528,1,1
133526,133528,133529,1,2
133526,133528,133529,1,2
133526,133528,133529,1,2
133526,133528,133529,1,2
133526,133528,133529,1,2
133526,133528,133529,1,2
133526,133528,133529,1,2
133526,133528,133529,1,2
133526,133528,133529,1,2
133526,133528,133529,1,2
133526,133528,133529,1,2
133526,133529,133530,1,3
133526,133529,133530,1,3
133526,133529,133531,2,3
133040,133045,133530,485,5
133526,133530,133531,1,4
133526,133530,133531,1,4
133526,133530,133531,1,4
133526,133529,133530,1,3
133526,133529,133530,1,3
133526,133529,133530,1,3
133526,133530,133531,1,4
133526,133530,133531,1,4
133526,133530,133531,1,4
133526,133530,133531,1,4
133526,133531,133532,1,5
133526,133530,133531,1,4
133526,133530,133532,2,4
133526,133530,133531,1,4
133526,133530,133531,1,4
133526,133530,133531,1,4
133526,133531,133532,1,5
133526,133531,133532,1,5
133526,133531,133532,1,5
133526,133531,133533,2,5
133526,133531,133532,1,5
133526,133532,133533,1,6
133526,133531,133532,1,5
133526,133532,133533,1,6
133526,133532,133533,1,6
133526,133532,133533,1,6
133526,133532,133533,1,6
133526,133532,133533,1,6
133526,133532,133533,1,6
133526,133533,133534,1,7
133526,133533,133534,1,7
133526,133533,133534,1,7
133526,133533,133534,1,7
133526,133533,133534,1,7
133526,133533,133534,1,7
133526,133533,133534,1,7
133526,133533,133534,1,7
133526,133533,133534,1,7
133526,133533,133534,1,7
133526,133533,133534,1,7
133526,133533,133534,1,7
133526,133533,133534,1,7
133526,133533,133534,1,7
133526,133534,133535,1,8
133526,133534,133535,1,8
133526,133534,133535,1,8
133526,133534,133535,1,8
133526,133534,133535,1,8
133526,133534,133535,1,8
133526,133534,133535,1,8
133526,133534,133535,1,8
133526,133534,133535,1,8
133526,133534,133535,1,8
133526,133534,133535,1,8
133526,133534,133535,1,8
133526,133534,133535,1,8
133548,133548,133549,1,0
133548,133548,133549,1,0
133548,133549,133550,1,1
133548,133549,133550,1,1
133548,133548,133549,1,0
133548,133548,133549,1,0
133548,133549,133550,1,1
133548,133549,133550,1,1
133548,133548,133549,1,0
133548,133549,133550,1,1
133548,133549,133550,1,1
133548,133549,133550,1,1
133548,133549,133550,1,1
133548,133549,133550,1,1
133548,133550,133551,1,2
133548,133550,133551,1,2
133548,133550,133551,1,2
133548,133549,133550,1,1
133548,133550,133551,1,2
133548,133550,133551,1,2
133548,133550,133551,1,2
133548,133551,133552,1,3
133548,133551,133552,1,3
133548,133551,133552,1,3
133548,133551,133552,1,3
133548,133550,133551,1,2
133548,133551,133552,1,3
133548,133551,133552,1,3
133548,133551,133552,1,3
133548,133551,133552,1,3
133548,133551,133552,1,3
133548,133552,133553,1,4
133548,133552,133553,1,4
133548,133552,133553,1,4
133548,133552,133553,1,4
133548,133552,133553,1,4
133548,133552,133553,1,4
133548,133552,133553,1,4
133548,133552,133553,1,4
133548,133551,133552,1,3
133548,133553,133554,1,5
133548,133553,133554,1,5
133548,133553,133554,1,5
133548,133553,133554,1,5
133548,133553,133554,1,5
133548,133553,133554,1,5
133548,133553,133554,1,5
133548,133553,133554,1,5
133548,133553,133554,1,5
133548,133553,133554,1,5
133548,133553,133554,1,5
133548,133552,133554,2,4
133548,133553,133554,1,5
133548,133553,133554,1,5
133548,133553,133554,1,5
133548,133554,133555,1,6
133548,133554,133555,1,6
133548,133554,133555,1,6
133548,133554,133555,1,6
133548,133554,133555,1,6
133548,133554,133555,1,6
133548,133554,133555,1,6
133548,133554,133555,1,6
133548,133554,133555,1,6
133548,133554,133555,1,6
133548,133555,133556,1,7
133548,133555,133556,1,7
133548,133554,133555,1,6
133548,133553,133555,2,5
133548,133556,133557,1,8
133548,133552,133577,25,4
133091,133107,133588,481,16
133591,133591,133592,1,0
133591,133591,133592,1,0
133591,133591,133592,1,0
133591,133591,133592,1,0
133591,133591,133592,1,0
133591,133592,133593,1,1
133591,133592,133593,1,1
133591,133592,133593,1,1
133591,133592,133593,1,1
133591,133592,133593,1,1
133591,133593,133594,1,2
133591,133593,133594,1,2
133591,133593,133594,1,2
133591,133593,133594,1,2
133591,133593,133594,1,2
133591,133593,133594,1,2
133591,133593,133594,1,2
133591,133593,133594,1,2
133591,133593,133594,1,2
133591,133593,133594,1,2
133591,133593,133594,1,2
133591,133593,133594,1,2
133591,133593,133594,1,2
133591,133594,133595,1,3
133591,133594,133595,1,3
133591,133594,133595,1,3
133591,133593,133595,2,2
133591,133595,133596,1,4
133591,133595,133596,1,4
133591,133595,133596,1,4
133591,133595,133596,1,4
133591,133595,133596,1,4
133591,133595,133596,1,4
133591,133595,133596,1,4
133591,133595,133596,1,4
133591,133595,133596,1,4
133591,133595,133596,1,4
133591,133596,133597,1,5
133591,133596,133597,1,5
133591,133596,133597,1,5
133591,133596,133597,1,5
133591,133596,133597,1,5
133591,133596,133597,1,5
133591,133596,133597,1,5
133591,133597,133598,1,6
133591,133596,133597,1,5
133591,133596,133597,1,5
133591,133597,133598,1,6
133591,133597,133598,1,6
133591,133597,133598,1,6
133591,133597,133598,1,6
133591,133597,133598,1,6
133591,133597,133598,1,6
133591,133597,133598,1,6
133591,133597,133598,1,6
133591,133597,133598,1,6
133591,133597,133598,1,6
133591,133597,133598,1,6
133591,133598,133599,1,7
133591,133598,133599,1,7
133591,133598,133599,1,7
133591,133598,133599,1,7
133591,133598,133599,1,7
133591,133598,133599,1,7
133591,133598,133599,1,7
133591,133598,133599,1,7
133591,133598,133599,1,7
133591,133598,133599,1,7
133591,133598,133599,1,7
133591,133598,133599,1,7
133591,133591,133604,13,0
133013,133019,133750,731,6
133752,133752,133753,1,0
133752,133752,133753,1,0
133752,133752,133753,1,0
133752,133752,133753,1,0
133752,133752,133753,1,0
133752,133752,133753,1,0
133752,133752,133754,2,0
133752,133752,133754,2,0
133752,133752,133753,1,0
133752,133753,133754,1,1
133752,133753,133754,1,1
133752,133752,133753,1,0
133752,133752,133753,1,0
133752,133753,133754,1,1
133752,133753,133754,1,1
133752,133753,133754,1,1
133752,133752,133754,2,0
133752,133752,133754,2,0
133752,133753,133754,1,1
133752,133754,133755,1,2
133752,133754,133755,1,2
133752,133753,133754,1,1
133752,133753,133754,1,1
133752,133753,133755,2,1
133752,133753,133754,1,1
133752,133754,133755,1,2
133752,133754,133755,1,2
133752,133754,133755,1,2
133752,133754,133755,1,2
133752,133754,133756,2,2
133752,133754,133756,2,2
133752,133754,133756,2,2
133752,133754,133755,1,2
133752,133755,133756,1,3
133267,133274,133755,481,7
133752,133755,133756,1,3
133752,133755,133756,1,3
133752,133754,133755,1,2
133752,133755,133756,1,3
133752,133755,133756,1,3
133752,133755,133756,1,3
133752,133755,133756,1,3
133752,133755,133756,1,3
133752,133755,133756,1,3
133752,133755,133756,1,3
133752,133755,133756,1,3
133752,133755,133756,1,3
133752,133756,133757,1,4
133752,133756,133757,1,4
133752,133756,133757,1,4
133752,133756,133757,1,4
133752,133756,133757,1,4
133752,133756,133757,1,4
133752,133756,133757,1,4
133752,133756,133757,1,4
133752,133756,133757,1,4
133752,133756,133757,1,4
133752,133756,133757,1,4
133752,133756,133757,1,4
133752,133756,133757,1,4
133752,133756,133757,1,4
133752,133757,133758,1,5
133752,133756,133757,1,4
133752,133756,133758,2,4
133752,133757,133758,1,5
133752,133757,133758,1,5
133752,133757,133758,1,5
133752,133757,133758,1,5
133752,133757,133758,1,5
133752,133757,133758,1,5
133752,133757,133758,1,5
133752,133757,133758,1,5
133752,133757,133758,1,5
133752,133756,133757,1,4
133752,133758,133759,1,6
133752,133758,133759,1,6
133752,133758,133759,1,6
133752,133758,133759,1,6
133752,133758,133759,1,6
133752,133758,133759,1,6
133752,133757,133758,1,5
133752,133757,133758,1,5
133752,133758,133759,1,6
133752,133758,133759,1,6
133752,133758,133759,1,6
133752,133757,133758,1,5
133752,133757,133758,1,5
133752,133758,133759,1,6
133752,133758,133760,2,6
133752,133758,133760,2,6
133752,133759,133760,1,7
133752,133759,133760,1,7
133752,133759,133760,1,7
133752,133759,133760,1,7
133752,133759,133760,1,7
133752,133758,133761,3,6
133758,133760,133761,1,2
133758,133760,133761,1,2
133758,133760,133761,1,2
133758,133760,133761,1,2
133758,133760,133761,1,2
133758,133761,133762,1,3
133758,133761,133762,1,3
133758,133761,133762,1,3
133758,133760,133761,1,2
133758,133761,133762,1,3
133758,133761,133762,1,3
133758,133762,133763,1,4
133758,133762,133763,1,4
133758,133761,133762,1,3
133758,133761,133762,1,3
133758,133762,133763,1,4
133758,133761,133762,1,3
133758,133761,133763,2,3
133758,133762,133763,1,4
133758,133762,133763,1,4
133758,133762,133763,1,4
133758,133763,133764,1,5
133758,133762,133763,1,4
133758,133763,133764,1,5
133758,133763,133764,1,5
133758,133763,133765,2,5
133758,133764,133765,1,6
133758,133764,133765,1,6
133758,133764,133765,1,6
133758,133764,133765,1,6
133758,133763,133764,1,5
133758,133764,133765,1,6
133758,133764,133765,1,6
133758,133764,133765,1,6
133758,133763,133765,2,5
133758,133764,133765,1,6
133758,133765,133766,1,7
133758,133765,133766,1,7
133758,133765,133766,1,7
133758,133765,133766,1,7
133758,133765,133766,1,7
133758,133765,133766,1,7
133758,133765,133766,1,7
133758,133766,133767,1,8
133758,133766,133767,1,8
133758,133766,133767,1,8
133758,133766,133767,1,8
133758,133766,133767,1,8
133758,133766,133767,1,8
133758,133766,133767,1,8
133758,133766,133767,1,8
133758,133766,133767,1,8
133758,133766,133767,1,8
133056,133063,133768,705,7
133758,133767,133768,1,9
133777,133777,133778,1,0
133777,133777,133778,1,0
133777,133777,133778,1,0
133777,133777,133778,1,0
133777,133777,133778,1,0
133777,133777,133778,1,0
133777,133777,133778,1,0
133777,133777,133778,1,0
133777,133777,133778,1,0
133777,133777,133778,1,0
133777,133777,133778,1,0
133777,133777,133779,2,0
133777,133777,133779,2,0
133777,133777,133778,1,0
133777,133777,133779,2,0
133777,133777,133780,3,0
133777,133778,133780,2,1
133777,133778,133780,2,1
133777,133778,133780,2,1
133777,133778,133780,2,1
133777,133778,133780,2,1
133777,133778,133780,2,1
133777,133778,133780,2,1
133777,133779,133780,1,2
133777,133779,133780,1,2
133777,133779,133780,1,2
133777,133778,133780,2,1
133777,133779,133781,2,2
133777,133779,133781,2,2
133777,133779,133781,2,2
133777,133780,133781,1,3
133777,133780,133782,2,3
133777,133781,133782,1,4
133777,133781,133782,1,4
133777,133781,133782,1,4
133777,133781,133782,1,4
133777,133781,133782,1,4
133777,133781,133782,1,4
133777,133781,133782,1,4
133777,133781,133782,1,4
133777,133781,133782,1,4
133777,133781,133782,1,4
133777,133781,133782,1,4
133777,133782,133783,1,5
133777,133783,133784,1,6
133777,133783,133784,1,6
133777,133783,133784,1,6
133777,133783,133784,1,6
133777,133784,133785,1,7
133777,133784,133785,1,7
133777,133784,133785,1,7
133777,133782,133785,3,5
133777,133785,133786,1,8
133777,133785,133786,1,8
133777,133784,133785,1,7
133777,133784,133785,1,7
133777,133785,133786,1,8
133777,133778,133788,10,1
133777,133786,133789,3,9
133089,133106,133807,701,17
133809,133809,133810,1,0
133809,133809,133810,1,0
133809,133809,133810,1,0
133809,133809,133810,1,0
133809,133809,133810,1,0
133809,133809,133810,1,0
133809,133809,133810,1,0
133809,133809,133810,1,0
133809,133809,133810,1,0
133809,133809,133810,1,0
133809,133809,133810,1,0
133809,133809,133810,1,0
133809,133809,133810,1,0
133809,133809,133811,2,0
133809,133809,133811,2,0
133809,133809,133811,2,0
133809,133811,133812,1,2
133809,133811,133812,1,2
133809,133811,133812,1,2
133809,133811,133812,1,2
133809,133811,133812,1,2
133809,133811,133812,1,2
133809,133811,133812,1,2
133809,133811,133812,1,2
133809,133811,133812,1,2
133809,133811,133812,1,2
133809,133812,133813,1,3
133809,133812,133813,1,3
133809,133811,133813,2,2
133809,133811,133813,2,2
133809,133811,133813,2,2
133809,133812,133813,1,3
133809,133813,133814,1,4
133809,133813,133814,1,4
133809,133813,133814,1,4
133809,133813,133814,1,4
133809,133813,133814,1,4
133809,133813,133814,1,4
133809,133813,133814,1,4
133809,133813,133814,1,4
133809,133814,133815,1,5
133809,133813,133814,1,4
133809,133813,133814,1,4
133809,133815,133816,1,6
133809,133814,133815,1,5
133809,133814,133815,1,5
133809,133814,133815,1,5
133809,133814,133815,1,5
133809,133815,133816,1,6
133809,133815,133816,1,6
133809,133815,133816,1,6
133809,133815,133816,1,6
133809,133815,133816,1,6
133809,133815,133816,1,6
133809,133815,133816,1,6
133809,133816,133817,1,7
133809,133815,133816,1,6
133809,133815,133816,1,6
133809,133815,133816,1,6
133809,133815,133816,1,6
133809,133817,133818,1,8
133809,133817,133818,1,8
133809,133817,133818,1,8
133809,133817,133818,1,8
133809,133816,133817,1,7
133809,133816,133817,1,7
133809,133816,133817,1,7
133809,133817,133818,1,8
133809,133818,133819,1,9
133809,133818,133819,1,9
133809,133818,133819,1,9
133809,133818,133819,1,9
133809,133818,133819,1,9
133809,133818,133819,1,9
133809,133818,133819,1,9
133809,133818,133819,1,9
133809,133819,133820,1,10
133809,133819,133820,1,10
133809,133819,133820,1,10
133809,133819,133820,1,10
133809,133818,133819,1,9
133809,133819,133821,2,10
133809,133809,133825,16,0
133152,133159,133849,690,7
133851,133851,133852,1,0
133851,133851,133852,1,0
133851,133851,133852,1,0
133851,133851,133852,1,0
133851,133851,133852,1,0
133851,133851,133852,1,0
133086,133099,133851,752,13
133851,133851,133852,1,0
133851,133851,133852,1,0
133851,133851,133852,1,0
133851,133851,133852,1,0
133851,133851,133852,1,0
133851,133851,133852,1,0
133851,133851,133852,1,0
133851,133852,133853,1,1
133851,133852,133853,1,1
133851,133852,133853,1,1
133851,133852,133853,1,1
133851,133851,133852,1,0
133851,133852,133853,1,1
133851,133852,133853,1,1
133851,133852,133853,1,1
133851,133851,133852,1,0
133851,133852,133853,1,1
133851,133852,133853,1,1
133851,133853,133854,1,2
133851,133853,133854,1,2
133851,133852,133854,2,1
133851,133852,133854,2,1
133851,133852,133853,1,1
133851,133853,133854,1,2
133851,133853,133854,1,2
133851,133853,133854,1,2
133851,133853,133854,1,2
133851,133853,133854,1,2
133851,133853,133854,1,2
133851,133853,133854,1,2
133851,133853,133854,1,2
133851,133853,133854,1,2
133851,133853,133854,1,2
133851,133853,133854,1,2
133851,133853,133854,1,2
133851,133854,133855,1,3
133851,133854,133855,1,3
133851,133854,133855,1,3
133851,133854,133855,1,3
133851,133854,133855,1,3
133851,133854,133855,1,3
133851,133854,133855,1,3
133851,133854,133855,1,3
133851,133854,133855,1,3
133851,133854,133855,1,3
133851,133854,133855,1,3
133851,133854,133855,1,3
133851,133854,133855,1,3
133851,133854,133855,1,3
133851,133851,133854,3,0
133851,133855,133856,1,4
133851,133855,133856,1,4
133851,133855,133856,1,4
133851,133855,133856,1,4
133851,133855,133856,1,4
133851,133854,133855,1,3
133851,133855,133856,1,4
133851,133855,133856,1,4
133851,133855,133856,1,4
133851,133855,133856,1,4
133851,133855,133856,1,4
133851,133854,133855,1,3
133851,133855,133856,1,4
133851,133855,133856,1,4
133851,133855,133856,1,4
133851,133856,133857,1,5
133851,133856,133857,1,5
133851,133856,133857,1,5
133851,133856,133857,1,5
133851,133855,133856,1,4
133851,133856,133857,1,5
133851,133856,133857,1,5
133851,133856,133857,1,5
133851,133856,133857,1,5
133851,133856,133857,1,5
133851,133857,133858,1,6
133851,133857,133858,1,6
133851,133857,133858,1,6
133851,133857,133858,1,6
133853,133858,133859,1,5
133853,133858,133859,1,5
133853,133858,133859,1,5
133853,133858,133859,1,5
133851,133858,133859,1,7
133851,133858,133859,1,7
133851,133858,133859,1,7
133851,133857,133860,3,6
133853,133859,133860,1,6
133853,133859,133860,1,6
133853,133859,133860,1,6
133853,133859,133861,2,6
133853,133860,133861,1,7
133853,133860,133861,1,7
133853,133860,133861,1,7
133853,133860,133861,1,7
133853,133860,133861,1,7
133853,133860,133861,1,7
133853,133860,133862,2,7
133853,133860,133862,2,7
133853,133859,133862,3,6
133853,133862,133863,1,9
133853,133862,133863,1,9
133851,133860,133862,2,9
133853,133860,133862,2,7
133853,133861,133862,1,8
133853,133861,133862,1,8
133853,133861,133862,1,8
133853,133862,133863,1,9
133853,133862,133863,1,9
133853,133862,133863,1,9
133853,133862,133863,1,9
133853,133862,133863,1,9
133853,133862,133863,1,9
133853,133862,133863,1,9
133853,133863,133864,1,10
133853,133862,133864,2,9
133853,133864,133865,1,11
133853,133864,133865,1,11
133853,133864,133865,1,11
133853,133864,133865,1,11
133853,133863,133864,1,10
133853,133863,133864,1,10
133853,133863,133864,1,10
133853,133864,133865,1,11
133853,133864,133865,1,11
133853,133863,133864,1,10
133853,133863,133864,1,10
133853,133864,133865,1,11
133853,133864,133865,1,11
133853,133865,133866,1,12
133853,133865,133866,1,12
133853,133865,133866,1,12
133853,133865,133866,1,12
133853,133865,133866,1,12
133853,133865,133866,1,12
133853,133864,133866,2,11
133853,133859,133861,2,6
133853,133863,133866,3,10
133853,133866,133867,1,13
133853,133866,133867,1,13
133853,133866,133867,1,13
133853,133866,133867,1,13
133853,133866,133867,1,13
133853,133866,133867,1,13
133853,133867,133868,1,14
133853,133867,133868,1,14
133853,133867,133868,1,14
133853,133867,133868,1,14
133853,133867,133868,1,14
133853,133867,133868,1,14
133853,133867,133868,1,14
133853,133867,133868,1,14
133853,133867,133868,1,14
133853,133868,133869,1,15
133853,133868,133869,1,15
133411,133417,133891,474,6
133895,133895,133896,1,0
133895,133895,133896,1,0
133895,133895,133896,1,0
133895,133895,133896,1,0
133895,133895,133896,1,0
133895,133895,133896,1,0
133895,133895,133896,1,0
133895,133895,133897,2,0
133895,133895,133897,2,0
133895,133895,133897,2,0
133895,133896,133897,1,1
133895,133896,133897,1,1
133895,133896,133897,1,1
133895,133896,133897,1,1
133895,133896,133897,1,1
133895,133896,133897,1,1
133895,133897,133898,1,2
133895,133896,133898,2,1
133895,133897,133899,2,2
133895,133898,133899,1,3
133895,133897,133899,2,2
133895,133897,133899,2,2
133895,133898,133899,1,3
133895,133898,133899,1,3
133895,133898,133899,1,3
133895,133898,133899,1,3
133895,133898,133899,1,3
133895,133896,133898,2,1
133895,133896,133898,2,1
133895,133897,133898,1,2
133895,133897,133898,1,2
133895,133898,133899,1,3
133895,133895,133899,4,0
133895,133899,133900,1,4
133895,133899,133900,1,4
133895,133899,133900,1,4
133895,133899,133900,1,4
133895,133899,133900,1,4
133895,133899,133900,1,4
133895,133899,133900,1,4
133895,133898,133899,1,3
133895,133899,133900,1,4
133895,133899,133900,1,4
133895,133899,133900,1,4
133895,133899,133900,1,4
133895,133899,133900,1,4
133895,133899,133900,1,4
133895,133899,133900,1,4
133895,133900,133901,1,5
133895,133900,133901,1,5
133895,133900,133901,1,5
133895,133900,133901,1,5
133895,133900,133901,1,5
133895,133900,133901,1,5
133895,133900,133901,1,5
133895,133900,133901,1,5
133895,133900,133901,1,5
133895,133900,133901,1,5
133895,133900,133901,1,5
133895,133900,133901,1,5
133895,133901,133902,1,6
133895,133901,133902,1,6
133895,133901,133902,1,6
133895,133901,133902,1,6
133895,133901,133902,1,6
133895,133901,133902,1,6
133895,133901,133902,1,6
133895,133901,133902,1,6
133895,133901,133902,1,6
133895,133901,133902,1,6
133895,133901,133902,1,6
133895,133902,133903,1,7
133895,133902,133903,1,7
133895,133902,133903,1,7
133895,133902,133903,1,7
133895,133902,133903,1,7
133895,133902,133903,1,7
133895,133902,133903,1,7
133895,133903,133904,1,8
133895,133899,133905,6,4
133895,133898,133904,6,3
133195,133204,133921,717,9
133225,133231,133923,692,6
133923,133923,133924,1,0
133923,133923,133924,1,0
133923,133923,133924,1,0
133923,133923,133924,1,0
133923,133924,133925,1,1
133923,133923,133924,1,0
133923,133924,133925,1,1
133923,133923,133924,1,0
133923,133923,133925,2,0
133923,133924,133925,1,1
133923,133924,133925,1,1
133923,133924,133925,1,1
133923,133924,133925,1,1
133923,133923,133925,2,0
133923,133924,133925,1,1
133923,133924,133925,1,1
133923,133924,133926,2,1
133923,133924,133926,2,1
133923,133924,133925,1,1
133923,133924,133925,1,1
133923,133925,133926,1,2
133923,133924,133925,1,1
133923,133925,133926,1,2
133923,133925,133926,1,2
133923,133924,133925,1,1
133923,133925,133926,1,2
133923,133925,133926,1,2
133923,133925,133926,1,2
133923,133925,133926,1,2
133923,133925,133926,1,2
133923,133925,133926,1,2
133923,133926,133927,1,3
133923,133926,133927,1,3
133923,133926,133927,1,3
133923,133926,133927,1,3
133923,133926,133927,1,3
133923,133926,133927,1,3
133923,133926,133927,1,3
133923,133926,133927,1,3
133923,133926,133927,1,3
133923,133926,133927,1,3
133923,133926,133927,1,3
133923,133926,133927,1,3
133923,133926,133927,1,3
133923,133926,133927,1,3
133923,133926,133927,1,3
133923,133927,133928,1,4
133923,133927,133928,1,4
133923,133926,133927,1,3
133923,133927,133928,1,4
133923,133926,133927,1,3
133923,133926,133927,1,3
133923,133927,133928,1,4
133923,133927,133928,1,4
133923,133927,133928,1,4
133923,133927,133928,1,4
133923,133927,133928,1,4
133923,133927,133928,1,4
133923,133927,133928,1,4
133923,133927,133928,1,4
133923,133927,133928,1,4
133923,133927,133928,1,4
133923,133927,133928,1,4
133923,133928,133929,1,5
133923,133928,133929,1,5
133923,133928,133929,1,5
133923,133928,133929,1,5
133923,133928,133929,1,5
133923,133928,133929,1,5
133923,133928,133929,1,5
133923,133928,133929,1,5
133923,133928,133929,1,5
133923,133928,133929,1,5
133923,133928,133929,1,5
133923,133928,133929,1,5
133923,133928,133929,1,5
133923,133928,133929,1,5
133923,133928,133929,1,5
133923,133928,133929,1,5
133923,133929,133930,1,6
133923,133929,133930,1,6
133923,133928,133929,1,5
133923,133929,133930,1,6
133923,133928,133929,1,5
133923,133929,133930,1,6
133923,133929,133930,1,6
133923,133929,133930,1,6
133923,133929,133930,1,6
133923,133929,133930,1,6
133923,133929,133930,1,6
133923,133929,133930,1,6
133925,133929,133930,1,4
133925,133929,133930,1,4
133925,133929,133930,1,4
133925,133930,133931,1,5
133925,133930,133931,1,5
133925,133930,133931,1,5
133925,133930,133931,1,5
133925,133930,133931,1,5
133925,133930,133931,1,5
133925,133930,133931,1,5
133925,133929,133931,2,4
133925,133930,133931,1,5
133925,133930,133931,1,5
133925,133930,133931,1,5
133925,133930,133931,1,5
133925,133930,133931,1,5
133925,133931,133932,1,6
133925,133930,133931,1,5
133925,133931,133932,1,6
133925,133931,133932,1,6
133925,133931,133932,1,6
133925,133931,133932,1,6
133925,133932,133933,1,7
133925,133932,133933,1,7
133925,133932,133933,1,7
133925,133931,133932,1,6
133925,133931,133933,2,6
133925,133931,133933,2,6
133925,133932,133933,1,7
133925,133932,133933,1,7
133925,133932,133933,1,7
133925,133933,133934,1,8
133925,133933,133934,1,8
133925,133933,133934,1,8
133925,133933,133934,1,8
133925,133934,133935,1,9
133925,133934,133935,1,9
133925,133934,133935,1,9
133925,133934,133935,1,9
133925,133935,133936,1,10
133925,133935,133936,1,10
133925,133935,133936,1,10
133925,133935,133936,1,10
133925,133935,133936,1,10
133925,133935,133936,1,10
133925,133936,133937,1,11
133925,133936,133937,1,11
133925,133936,133937,1,11
133925,133936,133937,1,11
133925,133936,133937,1,11
133925,133936,133937,1,11
133925,133936,133937,1,11
133444,133454,133942,488,10
133945,133945,133946,1,0
133945,133945,133946,1,0
133945,133945,133946,1,0
133945,133945,133946,1,0
133945,133945,133946,1,0
133945,133945,133946,1,0
133945,133945,133946,1,0
133945,133945,133946,1,0
133945,133945,133946,1,0
133945,133945,133946,1,0
133945,133945,133947,2,0
133945,133945,133946,1,0
133945,133945,133947,2,0
133945,133945,133947,2,0
133945,133945,133947,2,0
133945,133945,133947,2,0
133945,133945,133946,1,0
133945,133946,133948,2,1
133945,133946,133948,2,1
133945,133946,133948,2,1
133945,133946,133948,2,1
133945,133946,133948,2,1
133945,133946,133948,2,1
133945,133946,133948,2,1
133945,133946,133948,2,1
133945,133947,133948,1,2
133945,133946,133948,2,1
133945,133947,133949,2,2
133945,133947,133949,2,2
133945,133946,133949,3,1
133945,133947,133949,2,2
133945,133947,133949,2,2
133945,133947,133949,2,2
133945,133947,133949,2,2
133945,133948,133949,1,3
133945,133948,133949,1,3
133945,133948,133949,1,3
133945,133948,133949,1,3
133945,133948,133950,2,3
133945,133948,133949,1,3
133945,133948,133949,1,3
133945,133948,133950,2,3
133945,133949,133950,1,4
133945,133948,133950,2,3
133945,133948,133950,2,3
133945,133949,133950,1,4
133945,133950,133951,1,5
133945,133950,133951,1,5
133945,133950,133951,1,5
133945,133950,133951,1,5
133945,133952,133953,1,7
133945,133952,133953,1,7
133945,133952,133953,1,7
133945,133952,133953,1,7
133945,133951,133952,1,6
133945,133953,133954,1,8
133945,133953,133954,1,8
133945,133953,133954,1,8
133945,133953,133954,1,8
133482,133488,133983,495,6
133984,133984,133985,1,0
133984,133984,133985,1,0
133984,133984,133985,1,0
133984,133984,133985,1,0
133984,133984,133986,2,0
133984,133984,133985,1,0
133984,133984,133985,1,0
133984,133984,133985,1,0
133984,133984,133985,1,0
133984,133985,133986,1,1
133984,133984,133987,3,0
133984,133984,133987,3,0
133984,133984,133986,2,0
133984,133985,133986,1,1
133984,133985,133986,1,1
133984,133985,133986,1,1
133984,133985,133986,1,1
133984,133985,133986,1,1
133984,133985,133987,2,1
133984,133986,133988,2,2
133984,133986,133988,2,2
133984,133987,133988,1,3
133984,133985,133987,2,1
133984,133985,133987,2,1
133984,133986,133988,2,2
133984,133986,133987,1,2
133984,133987,133988,1,3
133984,133986,133988,2,2
133984,133987,133988,1,3
133984,133987,133988,1,3
133984,133987,133988,1,3
133984,133987,133988,1,3
133984,133988,133989,1,4
133984,133987,133988,1,3
133984,133988,133989,1,4
133984,133988,133989,1,4
133984,133987,133988,1,3
133984,133988,133989,1,4
133984,133988,133989,1,4
133984,133989,133990,1,5
133984,133988,133989,1,4
133984,133989,133990,1,5
133984,133989,133990,1,5
133984,133988,133989,1,4
133984,133988,133989,1,4
133984,133989,133990,1,5
133984,133988,133989,1,4
133984,133989,133990,1,5
133984,133989,133990,1,5
133984,133989,133990,1,5
133984,133989,133990,1,5
133984,133987,133991,4,3
133984,133990,133991,1,6
133984,133990,133991,1,6
133984,133990,133991,1,6
133984,133990,133991,1,6
133984,133990,133991,1,6
133984,133990,133991,1,6
133984,133990,133991,1,6
133984,133990,133991,1,6
133984,133990,133991,1,6
133984,133990,133991,1,6
133984,133990,133991,1,6
133984,133990,133991,1,6
133984,133990,133991,1,6
133984,133990,133991,1,6
133984,133991,133992,1,7
133984,133991,133992,1,7
133984,133991,133992,1,7
133984,133991,133992,1,7
133984,133991,133992,1,7
133984,133991,133992,1,7
133984,133991,133992,1,7
133984,133991,133992,1,7
133984,133991,133992,1,7
133984,133991,133992,1,7
133984,133991,133992,1,7
133984,133991,133992,1,7
133984,133991,133992,1,7
133984,133991,133992,1,7
133984,133992,133993,1,8
133984,133992,133993,1,8
133984,133992,133993,1,8
133984,133992,133993,1,8
133984,133992,133993,1,8
133984,133992,133993,1,8
133984,133992,133993,1,8
133984,133987,133993,6,3
133293,133300,134006,706,7
133984,134006,134007,1,22
134022,134023,134024,1,1
134022,134023,134024,1,1
134022,134023,134024,1,1
134022,134023,134024,1,1
134022,134023,134024,1,1
134022,134022,134023,1,0
134022,134023,134024,1,1
134022,134023,134024,1,1
134022,134023,134024,1,1
134022,134023,134024,1,1
134022,134023,134024,1,1
134022,134023,134024,1,1
134022,134023,134024,1,1
134022,134024,134025,1,2
134022,134024,134025,1,2
134022,134024,134025,1,2
134022,134024,134025,1,2
134022,134024,134025,1,2
134022,134024,134025,1,2
134022,134024,134025,1,2
134022,134025,134026,1,3
134022,134025,134026,1,3
134022,134025,134026,1,3
134022,134025,134026,1,3
134022,134025,134026,1,3
134022,134026,134027,1,4
134022,134025,134026,1,3
134022,134025,134026,1,3
134022,134025,134026,1,3
134022,134026,134027,1,4
134022,134026,134027,1,4
134022,134026,134027,1,4
134022,134026,134027,1,4
134022,134026,134027,1,4
134022,134026,134027,1,4
134022,134027,134028,1,5
134022,134027,134028,1,5
134022,134027,134028,1,5
134022,134027,134028,1,5
134022,134027,134028,1,5
134022,134027,134028,1,5
134022,134027,134028,1,5
134022,134027,134028,1,5
134022,134027,134028,1,5
134022,134027,134028,1,5
134022,134027,134028,1,5
134022,134027,134028,1,5
134022,134027,134028,1,5
134022,134027,134028,1,5
134022,134027,134028,1,5
134022,134028,134029,1,6
134022,134027,134028,1,5
134022,134028,134029,1,6
134022,134028,134029,1,6
134022,134028,134029,1,6
134022,134028,134029,1,6
134022,134028,134029,1,6
134022,134028,134029,1,6
134022,134028,134029,1,6
134022,134028,134029,1,6
134022,134028,134029,1,6
133322,133329,134058,729,7
134059,134059,134060,1,0
133349,133355,134060,705,6
134059,134059,134060,1,0
134059,134059,134060,1,0
134059,134059,134060,1,0
134059,134059,134060,1,0
134059,134059,134060,1,0
134059,134059,134060,1,0
134059,134059,134060,1,0
134059,134059,134060,1,0
134059,134059,134060,1,0
134059,134059,134061,2,0
134059,134059,134061,2,0
134059,134059,134060,1,0
134059,134059,134061,2,0
134059,134059,134061,2,0
134059,134060,134061,1,1
134059,134060,134062,2,1
134059,134060,134062,2,1
134059,134060,134062,2,1
134059,134060,134062,2,1
134059,134060,134062,2,1
134059,134060,134062,2,1
134059,134060,134062,2,1
134059,134060,134062,2,1
134059,134060,134062,2,1
134059,134060,134062,2,1
134059,134060,134062,2,1
134059,134060,134062,2,1
134059,134062,134063,1,3
134059,134061,134063,2,2
134059,134061,134063,2,2
134059,134062,134063,1,3
134059,134062,134063,1,3
134059,134062,134063,1,3
134059,134062,134063,1,3
134059,134062,134063,1,3
134059,134062,134063,1,3
134059,134062,134063,1,3
134059,134061,134063,2,2
134059,134062,134063,1,3
134059,134061,134063,2,2
134059,134061,134063,2,2
134059,134062,134063,1,3
134059,134062,134063,1,3
134059,134063,134064,1,4
134059,134063,134064,1,4
134059,134063,134064,1,4
134059,134063,134064,1,4
134059,134063,134064,1,4
134059,134063,134064,1,4
134059,134063,134064,1,4
134059,134063,134064,1,4
134059,134063,134064,1,4
134059,134063,134064,1,4
134059,134062,134064,2,3
134059,134062,134064,2,3
134059,134064,134065,1,5
134059,134064,134065,1,5
134059,134064,134065,1,5
134059,134064,134065,1,5
134059,134065,134066,1,6
134059,134065,134066,1,6
134059,134065,134066,1,6
134059,134065,134066,1,6
134059,134065,134066,1,6
134059,134066,134067,1,7
134059,134066,134067,1,7
134059,134066,134067,1,7
134059,134066,134067,1,7
134061,134067,134068,1,6
134061,134067,134068,1,6
134061,134067,134068,1,6
134061,134067,134069,2,6
134061,134067,134069,2,6
134061,134067,134069,2,6
134061,134067,134069,2,6
134061,134068,134069,1,7
134061,134068,134069,1,7
134061,134068,134069,1,7
134061,134068,134069,1,7
134061,134068,134069,1,7
134061,134068,134069,1,7
134061,134068,134069,1,7
134061,134068,134069,1,7
134061,134068,134069,1,7
134061,134068,134069,1,7
134061,134068,134069,1,7
134061,134069,134070,1,8
134061,134070,134071,1,9
134061,134070,134071,1,9
134061,134070,134071,1,9
134061,134070,134071,1,9
134061,134070,134071,1,9
134061,134070,134071,1,9
134061,134070,134071,1,9
134061,134069,134070,1,8
134061,134069,134070,1,8
134061,134069,134070,1,8
134061,134070,134071,1,9
134061,134070,134071,1,9
134061,134070,134071,1,9
134061,134071,134072,1,10
134061,134071,134072,1,10
134061,134069,134071,2,8
134061,134071,134072,1,10
134061,134071,134072,1,10
134061,134071,134072,1,10
134061,134071,134072,1,10
134061,134071,134072,1,10
134061,134071,134072,1,10
134061,134071,134072,1,10
134061,134071,134072,1,10
134061,134071,134072,1,10
134061,134071,134072,1,10
134061,134072,134073,1,11
134061,134072,134073,1,11
134061,134072,134073,1,11
134061,134072,134073,1,11
134061,134072,134073,1,11
134061,134072,134073,1,11
134061,134072,134073,1,11
134061,134072,134073,1,11
134061,134072,134073,1,11
134061,134072,134073,1,11
134061,134072,134073,1,11
134061,134069,134073,4,8
134061,134072,134074,2,11
134061,134073,134074,1,12
134061,134073,134074,1,12
134061,134073,134074,1,12
134061,134073,134074,1,12
134061,134073,134074,1,12
134061,134073,134074,1,12
134061,134073,134074,1,12
134061,134073,134074,1,12
134061,134072,134073,1,11
134061,134072,134073,1,11
134061,134073,134074,1,12
134061,134074,134075,1,13
134061,134074,134075,1,13
134061,134074,134075,1,13
134061,134074,134075,1,13
134061,134074,134075,1,13
134061,134074,134075,1,13
134061,134074,134075,1,13
134061,134074,134075,1,13
134061,134074,134075,1,13
134061,134074,134075,1,13
134061,134074,134077,3,13
133592,133598,134107,509,6
134108,134108,134109,1,0
134108,134108,134109,1,0
134108,134108,134109,1,0
134108,134108,134109,1,0
134108,134108,134109,1,0
134108,134108,134109,1,0
134108,134108,134109,1,0
134108,134108,134109,1,0
134108,134108,134110,2,0
134108,134108,134110,2,0
134108,134108,134111,3,0
134108,134109,134111,2,1
134108,134109,134111,2,1
134108,134109,134111,2,1
134108,134108,134111,3,0
134108,134108,134111,3,0
134108,134109,134111,2,1
134108,134110,134111,1,2
134108,134110,134111,1,2
134108,134110,134111,1,2
134108,134110,134111,1,2
134108,134110,134111,1,2
134108,134110,134111,1,2
134108,134110,134111,1,2
134108,134111,134112,1,3
134108,134111,134112,1,3
134108,134111,134113,2,3
134108,134112,134113,1,4
134108,134112,134113,1,4
134108,134112,134113,1,4
134108,134112,134113,1,4
134108,134112,134113,1,4
134108,134112,134113,1,4
134108,134112,134113,1,4
134108,134112,134113,1,4
134108,134112,134113,1,4
134108,134112,134113,1,4
134108,134112,134114,2,4
134108,134114,134115,1,6
134108,134114,134115,1,6
134108,134113,134114,1,5
134108,134113,134114,1,5
134108,134113,134114,1,5
134108,134112,134115,3,4
134108,134114,134115,1,6
134108,134115,134116,1,7
134108,134115,134116,1,7
134108,134115,134116,1,7
134108,134115,134116,1,7
134108,134115,134116,1,7
134108,134116,134117,1,8
134108,134116,134117,1,8
134108,134115,134116,1,7
134108,134116,134117,1,8
134108,134116,134117,1,8
134108,134116,134117,1,8
134108,134115,134117,2,7
134108,134117,134118,1,9
134108,134117,134118,1,9
134108,134117,134118,1,9
134108,134117,134118,1,9
134108,134117,134118,1,9
134108,134117,134118,1,9
134108,134117,134118,1,9
134108,134117,134118,1,9
133448,133464,134167,703,16
134168,134168,134169,1,0
134168,134168,134169,1,0
134168,134168,134169,1,0
134168,134168,134169,1,0
134168,134169,134170,1,1
134168,134169,134170,1,1
134168,134169,134170,1,1
134168,134169,134170,1,1
134168,134169,134170,1,1
134168,134170,134171,1,2
134168,134170,134171,1,2
134168,134170,134171,1,2
134168,134170,134171,1,2
134168,134170,134171,1,2
134168,134170,134171,1,2
134168,134170,134171,1,2
134168,134170,134172,2,2
134168,134170,134171,1,2
134168,134170,134171,1,2
134168,134171,134172,1,3
134168,134171,134172,1,3
134168,134172,134173,1,4
134168,134172,134173,1,4
134168,134170,134172,2,2
134168,134171,134172,1,3
134168,134171,134172,1,3
134168,134172,134173,1,4
134168,134171,134172,1,3
134168,134172,134173,1,4
134168,134172,134173,1,4
134168,134172,134173,1,4
134168,134172,134173,1,4
134168,134173,134174,1,5
134168,134172,134173,1,4
134168,134173,134174,1,5
134168,134173,134174,1,5
134168,134172,134173,1,4
134168,134173,134174,1,5
134168,134173,134174,1,5
134168,134173,134174,1,5
134168,134174,134175,1,6
134168,134173,134174,1,5
134168,134174,134175,1,6
134168,134174,134175,1,6
134168,134174,134175,1,6
134168,134174,134175,1,6
134168,134174,134175,1,6
134168,134170,134175,5,2
134168,134175,134176,1,7
134168,134175,134176,1,7
134168,134175,134176,1,7
134168,134175,134176,1,7
134168,134175,134176,1,7
134168,134175,134176,1,7
134168,134175,134176,1,7
134168,134175,134176,1,7
134168,134175,134176,1,7
134168,134175,134176,1,7
134168,134176,134177,1,8
134168,134176,134177,1,8
134168,134176,134177,1,8
134168,134176,134177,1,8
134168,134176,134177,1,8
134168,134176,134177,1,8
134168,134176,134177,1,8
134168,134176,134177,1,8
134168,134176,134177,1,8
134168,134176,134177,1,8
134168,134176,134178,2,8
133440,133447,134228,781,7
134229,134230,134231,1,1
134229,134230,134231,1,1
134229,134230,134231,1,1
134229,134230,134231,1,1
134229,134230,134231,1,1
134229,134230,134231,1,1
134229,134230,134231,1,1
134229,134230,134231,1,1
134229,134230,134231,1,1
134229,134230,134233,3,1
134229,134231,134232,1,2
134229,134231,134232,1,2
134229,134231,134232,1,2
134229,134231,134232,1,2
134229,134231,134232,1,2
134229,134231,134232,1,2
134229,134231,134233,2,2
133528,133534,134233,699,6
134229,134232,134233,1,3
134229,134232,134233,1,3
134229,134232,134233,1,3
134229,134232,134233,1,3
134229,134231,134233,2,2
134229,134232,134233,1,3
134229,134232,134233,1,3
134229,134233,134234,1,4
134229,134232,134233,1,3
134229,134232,134233,1,3
134229,134233,134234,1,4
134229,134233,134234,1,4
134229,134234,134235,1,5
134229,134233,134234,1,4
134229,134233,134234,1,4
134229,134233,134234,1,4
134229,134234,134235,1,5
134229,134234,134235,1,5
134229,134234,134235,1,5
134229,134233,134234,1,4
134229,134234,134235,1,5
134229,134234,134235,1,5
134229,134235,134236,1,6
134229,134234,134235,1,5
134229,134235,134236,1,6
134229,134234,134235,1,5
134229,134235,134236,1,6
134229,134235,134236,1,6
134229,134235,134236,1,6
134229,134235,134236,1,6
134229,134235,134236,1,6
134229,134236,134237,1,7
134229,134236,134237,1,7
134229,134236,134237,1,7
134229,134236,134237,1,7
134229,134236,134237,1,7
134229,134236,134237,1,7
134229,134236,134237,1,7
134229,134236,134237,1,7
134229,134236,134237,1,7
134229,134236,134237,1,7
134229,134237,134238,1,8
134229,134237,134238,1,8
134229,134237,134238,1,8
134229,134237,134238,1,8
134229,134237,134238,1,8
134229,134237,134238,1,8
134229,134237,134238,1,8
134229,134237,134238,1,8
134229,134237,134238,1,8
134229,134237,134238,1,8
134235,134237,134238,1,2
134235,134237,134238,1,2
134235,134237,134238,1,2
134235,134237,134238,1,2
134229,134236,134238,2,7
134235,134238,134239,1,3
134235,134238,134239,1,3
134235,134238,134239,1,3
134235,134238,134239,1,3
134235,134238,134239,1,3
134235,134238,134239,1,3
134235,134238,134239,1,3
134235,134238,134239,1,3
134235,134238,134239,1,3
134235,134238,134240,2,3
134235,134238,134240,2,3
134235,134238,134240,2,3
134235,134239,134240,1,4
134235,134239,134240,1,4
134235,134238,134239,1,3
134235,134238,134240,2,3
134235,134238,134240,2,3
134235,134238,134240,2,3
134235,134239,134240,1,4
134235,134239,134240,1,4
134235,134239,134240,1,4
134235,134239,134240,1,4
134235,134240,134241,1,5
134235,134239,134240,1,4
134235,134239,134240,1,4
134235,134240,134241,1,5
134235,134239,134241,2,4
134235,134239,134240,1,4
134235,134240,134241,1,5
134235,134240,134241,1,5
134235,134240,134241,1,5
134235,134240,134241,1,5
134235,134241,134242,1,6
134235,134241,134242,1,6
134235,134241,134242,1,6
133518,133525,134241,716,7
134235,134240,134242,2,5
134235,134240,134241,1,5
134235,134240,134242,2,5
134235,134241,134242,1,6
134235,134241,134242,1,6
134235,134241,134242,1,6
134235,134241,134242,1,6
134235,134241,134242,1,6
134235,134241,134242,1,6
134235,134241,134242,1,6
134235,134241,134242,1,6
134235,134242,134243,1,7
134235,134242,134243,1,7
134235,134242,134243,1,7
134235,134242,134243,1,7
134235,134242,134243,1,7
134235,134242,134243,1,7
134235,134242,134243,1,7
134235,134243,134244,1,8
134235,134243,134244,1,8
134235,134243,134244,1,8
134235,134243,134244,1,8
134235,134243,134244,1,8
134235,134244,134245,1,9
134235,134244,134245,1,9
134235,134244,134245,1,9
134253,134253,134254,1,0
134253,134253,134254,1,0
134253,134253,134254,1,0
134253,134253,134254,1,0
134253,134253,134254,1,0
134253,134253,134254,1,0
134253,134253,134254,1,0
134253,134253,134254,1,0
134253,134253,134254,1,0
134253,134253,134254,1,0
134253,134253,134255,2,0
134253,134253,134254,1,0
134253,134253,134255,2,0
134253,134253,134255,2,0
134253,134254,134255,1,1
134253,134253,134256,3,0
134253,134254,134255,1,1
134253,134254,134255,1,1
134253,134254,134255,1,1
134253,134254,134256,2,1
134253,134254,134256,2,1
134253,134254,134256,2,1
134253,134254,134256,2,1
134253,134254,134255,1,1
134253,134254,134256,2,1
134253,134254,134256,2,1
134253,134254,134256,2,1
134253,134255,134257,2,2
134253,134255,134257,2,2
134253,134255,134257,2,2
134253,134256,134257,1,3
134253,134256,134257,1,3
134253,134256,134257,1,3
134253,134256,134257,1,3
134253,134256,134257,1,3
134253,134256,134257,1,3
134253,134256,134257,1,3
134253,134256,134257,1,3
134253,134255,134257,2,2
134253,134256,134257,1,3
134253,134256,134257,1,3
134253,134256,134257,1,3
134253,134256,134258,2,3
134253,134257,134258,1,4
134253,134257,134258,1,4
134253,134257,134258,1,4
134253,134256,134257,1,3
134253,134257,134258,1,4
134253,134257,134258,1,4
134253,134257,134258,1,4
134253,134257,134258,1,4
134253,134257,134258,1,4
134253,134257,134258,1,4
134253,134257,134258,1,4
134253,134257,134258,1,4
134253,134257,134258,1,4
134253,134257,134258,1,4
134253,134258,134259,1,5
134253,134257,134258,1,4
134253,134258,134259,1,5
134253,134258,134259,1,5
134253,134258,134259,1,5
134253,134258,134259,1,5
134253,134258,134259,1,5
134253,134258,134259,1,5
134253,134259,134260,1,6
134253,134259,134260,1,6
134253,134258,134260,2,5
134253,134259,134260,1,6
134253,134260,134261,1,7
134253,134260,134261,1,7
134253,134261,134262,1,8
134253,134261,134262,1,8
133753,133759,134266,507,6
134267,134267,134268,1,0
134267,134267,134268,1,0
134267,134267,134268,1,0
134267,134267,134268,1,0
134267,134267,134268,1,0
134267,134267,134268,1,0
134267,134267,134268,1,0
134267,134267,134268,1,0
134267,134267,134268,1,0
134267,134267,134268,1,0
134267,134267,134268,1,0
134267,134267,134268,1,0
134267,134267,134269,2,0
134267,134267,134269,2,0
134267,134267,134268,1,0
134267,134267,134269,2,0
134267,134267,134269,2,0
134267,134268,134269,1,1
134267,134268,134269,1,1
134267,134268,134269,1,1
134267,134268,134270,2,1
134267,134268,134270,2,1
134267,134268,134270,2,1
134267,134268,134270,2,1
134267,134268,134270,2,1
134267,134268,134270,2,1
134267,134268,134270,2,1
134267,134268,134270,2,1
134267,134268,134270,2,1
134267,134269,134271,2,2
134267,134269,134271,2,2
134267,134270,134271,1,3
134267,134269,134271,2,2
134267,134269,134271,2,2
134267,134270,134272,2,3
134267,134270,134271,1,3
134267,134270,134272,2,3
134267,134270,134272,2,3
134267,134270,134272,2,3
134267,134270,134272,2,3
134267,134271,134272,1,4
134267,134271,134272,1,4
134267,134271,134272,1,4
134267,134272,134273,1,5
134267,134271,134272,1,4
134267,134272,134273,1,5
134267,134271,134272,1,4
134267,134271,134272,1,4
134267,134272,134273,1,5
134267,134271,134273,2,4
134267,134272,134273,1,5
134267,134272,134273,1,5
134267,134272,134273,1,5
134267,134272,134273,1,5
134267,134273,134274,1,6
134267,134273,134274,1,6
134267,134273,134274,1,6
134267,134274,134275,1,7
134267,134274,134275,1,7
134267,134274,134275,1,7
134267,134274,134275,1,7
134267,134274,134275,1,7
134267,134275,134276,1,8
134267,134275,134276,1,8
134267,134275,134276,1,8
134267,134275,134276,1,8
134267,134275,134276,1,8
134267,134275,134276,1,8
134267,134275,134276,1,8
134267,134275,134276,1,8
134267,134275,134276,1,8
134267,134281,134282,1,14
134267,134281,134282,1,14
133549,133555,134291,736,6
134300,134301,134302,1,1
134300,134301,134302,1,1
134300,134301,134302,1,1
134300,134301,134302,1,1
134300,134301,134302,1,1
134300,134301,134302,1,1
134300,134301,134302,1,1
134300,134302,134303,1,2
134300,134302,134303,1,2
134300,134302,134303,1,2
134300,134302,134303,1,2
134300,134302,134303,1,2
134300,134302,134303,1,2
134300,134302,134303,1,2
134300,134302,134303,1,2
134300,134302,134303,1,2
134300,134302,134303,1,2
134300,134302,134303,1,2
134300,134302,134303,1,2
134300,134303,134304,1,3
134300,134303,134304,1,3
134300,134303,134304,1,3
134300,134303,134304,1,3
134300,134303,134304,1,3
134300,134304,134305,1,4
134300,134304,134305,1,4
134300,134304,134305,1,4
134300,134305,134306,1,5
134300,134304,134305,1,4
134300,134304,134305,1,4
134300,134304,134305,1,4
134300,134304,134305,1,4
134300,134304,134305,1,4
134300,134304,134305,1,4
134300,134304,134305,1,4
134300,134304,134305,1,4
134300,134304,134305,1,4
134300,134306,134307,1,6
134300,134306,134307,1,6
134300,134306,134307,1,6
134300,134306,134307,1,6
134300,134306,134307,1,6
134300,134306,134307,1,6
134300,134306,134307,1,6
134300,134306,134307,1,6
134300,134307,134308,1,7
134300,134307,134308,1,7
134300,134307,134308,1,7
134300,134307,134308,1,7
134300,134307,134308,1,7
134300,134307,134308,1,7
134300,134307,134308,1,7
134300,134307,134308,1,7
134300,134307,134308,1,7
134300,134307,134308,1,7
134300,134307,134308,1,7
134300,134307,134308,1,7
134300,134308,134309,1,8
134300,134308,134309,1,8
134300,134308,134309,1,8
134300,134308,134309,1,8
134300,134308,134309,1,8
134300,134308,134309,1,8
134300,134308,134309,1,8
134300,134308,134309,1,8
134300,134308,134309,1,8
134300,134308,134309,1,8
134300,134308,134309,1,8
133779,133786,134316,530,7
134324,134324,134325,1,0
134324,134324,134325,1,0
134324,134324,134325,1,0
134324,134324,134325,1,0
134324,134324,134325,1,0
134324,134324,134325,1,0
134324,134324,134325,1,0
134324,134324,134325,1,0
134324,134324,134325,1,0
134324,134324,134325,1,0
134324,134324,134325,1,0
134324,134324,134325,1,0
134324,134324,134325,1,0
134324,134324,134325,1,0
134324,134325,134326,1,1
134324,134324,134325,1,0
134324,134324,134326,2,0
134324,134324,134325,1,0
134324,134325,134326,1,1
134324,134325,134327,2,1
134324,134325,134326,1,1
134324,134326,134327,1,2
134324,134325,134327,2,1
134324,134325,134327,2,1
134324,134325,134327,2,1
134324,134325,134327,2,1
134324,134325,134327,2,1
134324,134325,134327,2,1
134324,134325,134327,2,1
134324,134327,134328,1,3
134324,134326,134328,2,2
134324,134327,134328,1,3
134324,134327,134328,1,3
134324,134327,134328,1,3
134324,134326,134328,2,2
134324,134328,134329,1,4
134324,134325,134328,3,1
134324,134326,134328,2,2
134324,134326,134328,2,2
134324,134326,134329,3,2
134324,134328,134329,1,4
134324,134328,134329,1,4
134324,134328,134329,1,4
134324,134328,134329,1,4
134324,134328,134329,1,4
134324,134329,134330,1,5
134324,134329,134330,1,5
134324,134329,134330,1,5
134324,134329,134330,1,5
134324,134329,134330,1,5
134324,134329,134330,1,5
134324,134329,134330,1,5
134324,134329,134330,1,5
134324,134329,134330,1,5
134324,134329,134330,1,5
134324,134330,134331,1,6
134324,134331,134332,1,7
134324,134331,134332,1,7
134324,134331,134332,1,7
134324,134331,134332,1,7
134324,134331,134332,1,7
134324,134331,134332,1,7
134324,134331,134332,1,7
134324,134332,134333,1,8
134324,134332,134333,1,8
134324,134332,134333,1,8
134324,134332,134333,1,8
134324,134332,134333,1,8
134324,134331,134332,1,7
133852,133858,134345,487,6
134348,134348,134349,1,0
134348,134348,134349,1,0
134348,134348,134349,1,0
134348,134348,134349,1,0
134348,134348,134349,1,0
134348,134348,134349,1,0
134348,134348,134349,1,0
134348,134348,134349,1,0
134348,134348,134349,1,0
134348,134348,134350,2,0
134348,134348,134349,1,0
134348,134349,134350,1,1
134348,134348,134350,2,0
134348,134348,134350,2,0
134348,134348,134350,2,0
134348,134349,134350,1,1
134348,134348,134350,2,0
134348,134348,134350,2,0
134348,134349,134351,2,1
134348,134350,134351,1,2
134348,134350,134351,1,2
134348,134350,134351,1,2
134348,134350,134351,1,2
134348,134350,134351,1,2
134348,134350,134352,2,2
134348,134351,134352,1,3
134348,134351,134352,1,3
134348,134352,134353,1,4
134348,134352,134353,1,4
134348,134351,134352,1,3
134348,134352,134353,1,4
134348,134351,134353,2,3
134348,134352,134353,1,4
134348,134352,134353,1,4
134348,134352,134353,1,4
134348,134353,134354,1,5
134348,134353,134354,1,5
134348,134353,134354,1,5
134348,134354,134355,1,6
134348,134354,134355,1,6
134348,134354,134355,1,6
134348,134354,134355,1,6
134348,134354,134355,1,6
134348,134354,134355,1,6
134348,134354,134355,1,6
134348,134354,134355,1,6
134348,134355,134356,1,7
134348,134355,134356,1,7
134348,134355,134356,1,7
134348,134355,134356,1,7
134348,134354,134355,1,6
134348,134355,134356,1,7
134348,134355,134356,1,7
134348,134356,134357,1,8
134348,134356,134357,1,8
134348,134356,134357,1,8
134348,134356,134357,1,8
134348,134356,134357,1,8
134348,134356,134357,1,8
134348,134356,134357,1,8
134348,134356,134357,1,8
134348,134359,134360,1,11
133896,133903,134384,481,7
134387,134387,134388,1,0
134387,134387,134388,1,0
134387,134387,134388,1,0
134387,134387,134388,1,0
134387,134388,134389,1,1
134387,134388,134389,1,1
134387,134387,134388,1,0
134387,134387,134388,1,0
134387,134388,134389,1,1
134387,134388,134389,1,1
134387,134388,134389,1,1
134387,134388,134389,1,1
134387,134388,134389,1,1
134387,134388,134389,1,1
134387,134388,134389,1,1
134387,134388,134389,1,1
134387,134388,134389,1,1
134387,134389,134390,1,2
134387,134389,134390,1,2
134387,134389,134390,1,2
134387,134389,134390,1,2
134387,134389,134390,1,2
134387,134389,134391,2,2
134387,134389,134390,1,2
134387,134389,134390,1,2
134387,134389,134390,1,2
134387,134389,134390,1,2
134387,134389,134390,1,2
134387,134390,134391,1,3
134387,134390,134391,1,3
134387,134390,134391,1,3
134387,134390,134391,1,3
134387,134391,134392,1,4
134387,134391,134392,1,4
134387,134391,134392,1,4
134387,134390,134391,1,3
134387,134391,134392,1,4
134387,134390,134391,1,3
134387,134390,134391,1,3
134387,134391,134392,1,4
134387,134390,134391,1,3
134387,134390,134391,1,3
134387,134391,134392,1,4
134387,134391,134392,1,4
134387,134391,134392,1,4
134387,134392,134393,1,5
134387,134392,134393,1,5
134387,134392,134393,1,5
134387,134392,134393,1,5
134387,134392,134393,1,5
134387,134392,134393,1,5
134387,134392,134393,1,5
134387,134392,134393,1,5
134387,134392,134393,1,5
134387,134392,134393,1,5
134387,134392,134393,1,5
134387,134392,134393,1,5
134387,134392,134393,1,5
134387,134393,134394,1,6
134387,134393,134394,1,6
134387,134393,134394,1,6
134387,134393,134394,1,6
134387,134393,134394,1,6
134387,134393,134394,1,6
134387,134393,134394,1,6
134387,134393,134394,1,6
134387,134393,134394,1,6
134387,134393,134394,1,6
134387,134393,134394,1,6
134387,134393,134394,1,6
134387,134393,134394,1,6
134387,134394,134395,1,7
134387,134394,134395,1,7
134387,134394,134395,1,7
134387,134393,134394,1,6
134387,134394,134395,1,7
134387,134394,134395,1,7
134387,134394,134395,1,7
134387,134394,134395,1,7
134387,134394,134395,1,7
133759,133767,134499,732,8
134500,134500,134501,1,0
134500,134500,134501,1,0
134500,134500,134501,1,0
134500,134500,134501,1,0
134500,134500,134501,1,0
134500,134500,134501,1,0
134500,134500,134501,1,0
134500,134500,134502,2,0
134500,134500,134501,1,0
134500,134500,134502,2,0
134500,134500,134501,1,0
134500,134500,134502,2,0
134500,134500,134501,1,0
134500,134500,134501,1,0
134500,134500,134501,1,0
134500,134500,134502,2,0
134500,134500,134503,3,0
134500,134501,134502,1,1
134500,134501,134503,2,1
134500,134501,134502,1,1
134500,134501,134502,1,1
134500,134502,134503,1,2
134500,134501,134503,2,1
134500,134501,134503,2,1
134500,134502,134503,1,2
134500,134502,134503,1,2
134500,134503,134504,1,3
134500,134503,134504,1,3
134500,134503,134504,1,3
134500,134502,134504,2,2
134500,134502,134504,2,2
134500,134502,134504,2,2
134500,134502,134504,2,2
134500,134502,134504,2,2
134500,134502,134504,2,2
134500,134502,134503,1,2
134500,134503,134504,1,3
134500,134503,134504,1,3
134500,134504,134505,1,4
134500,134504,134505,1,4
134500,134504,134505,1,4
134500,134504,134505,1,4
134500,134504,134505,1,4
134500,134505,134506,1,5
134500,134505,134506,1,5
134500,134505,134506,1,5
134500,134505,134506,1,5
134500,134505,134506,1,5
134500,134505,134506,1,5
134500,134505,134506,1,5
134500,134503,134506,3,3
134500,134506,134507,1,6
134500,134507,134508,1,7
134500,134507,134508,1,7
134500,134507,134508,1,7
134500,134507,134508,1,7
134500,134507,134508,1,7
134500,134507,134508,1,7
134500,134507,134508,1,7
134500,134508,134509,1,8
134500,134508,134509,1,8
134500,134508,134509,1,8
134500,134508,134509,1,8
134023,134028,134512,484,5
134524,134524,134525,1,0
134524,134524,134525,1,0
134524,134524,134525,1,0
134524,134524,134525,1,0
134524,134524,134525,1,0
134524,134524,134526,2,0
134524,134524,134525,1,0
134524,134524,134525,1,0
134524,134525,134526,1,1
134524,134525,134526,1,1
134524,134524,134525,1,0
134524,134525,134526,1,1
134524,134525,134526,1,1
134524,134525,134526,1,1
134524,134525,134526,1,1
134524,134525,134526,1,1
134524,134524,134526,2,0
134524,134525,134526,1,1
134524,134525,134526,1,1
134524,134525,134527,2,1
134524,134526,134527,1,2
134524,134526,134527,1,2
134524,134526,134527,1,2
134524,134525,134526,1,1
134524,134526,134527,1,2
134524,134526,134527,1,2
134524,134526,134527,1,2
134524,134527,134528,1,3
134524,134527,134528,1,3
134524,134527,134528,1,3
134524,134527,134528,1,3
134524,134526,134528,2,2
134524,134526,134527,1,2
134524,134526,134527,1,2
134524,134527,134528,1,3
134524,134527,134528,1,3
134524,134527,134528,1,3
134524,134527,134528,1,3
134524,134527,134528,1,3
134524,134528,134529,1,4
134524,134528,134529,1,4
134524,134527,134528,1,3
134524,134527,134528,1,3
134524,134527,134528,1,3
134524,134527,134528,1,3
134524,134528,134529,1,4
134524,134528,134529,1,4
134524,134527,134528,1,3
134524,134528,134529,1,4
134524,134528,134529,1,4
134524,134528,134529,1,4
134524,134528,134529,1,4
134524,134528,134529,1,4
134524,134529,134530,1,5
134524,134529,134530,1,5
134524,134529,134530,1,5
134524,134529,134530,1,5
134524,134529,134530,1,5
134524,134529,134530,1,5
134524,134529,134530,1,5
134524,134528,134529,1,4
134524,134529,134530,1,5
134524,134529,134530,1,5
134524,134529,134530,1,5
134524,134529,134530,1,5
134524,134529,134530,1,5
134524,134530,134531,1,6
134524,134530,134531,1,6
134524,134530,134531,1,6
134524,134529,134531,2,5
134524,134530,134531,1,6
134524,134529,134531,2,5
134524,134530,134531,1,6
134524,134530,134531,1,6
134524,134530,134531,1,6
134524,134530,134531,1,6
134524,134530,134531,1,6
134524,134530,134531,1,6
134524,134530,134531,1,6
134524,134530,134531,1,6
134524,134529,134531,2,5
134524,134529,134531,2,5
134524,134530,134531,1,6
134524,134531,134532,1,7
134524,134531,134532,1,7
134524,134531,134532,1,7
134524,134531,134532,1,7
134524,134531,134532,1,7
134524,134531,134532,1,7
134524,134531,134532,1,7
134524,134531,134532,1,7
134524,134531,134532,1,7
133811,133819,134535,716,8
134548,134548,134549,1,0
134548,134548,134549,1,0
134548,134548,134549,1,0
134548,134548,134549,1,0
134548,134548,134549,1,0
134548,134548,134550,2,0
134548,134549,134550,1,1
134548,134549,134550,1,1
134548,134549,134550,1,1
134548,134548,134549,1,0
134548,134548,134550,2,0
134548,134548,134550,2,0
134548,134548,134550,2,0
134548,134548,134550,2,0
134548,134548,134551,3,0
134548,134549,134551,2,1
134548,134550,134551,1,2
134548,134550,134551,1,2
134548,134550,134551,1,2
134548,134551,134552,1,3
134548,134551,134552,1,3
134548,134550,134552,2,2
134548,134552,134553,1,4
134548,134552,134553,1,4
134548,134551,134552,1,3
134548,134551,134552,1,3
134548,134551,134552,1,3
134548,134551,134552,1,3
134548,134551,134552,1,3
134548,134551,134553,2,3
134548,134553,134554,1,5
134548,134553,134554,1,5
134548,134553,134554,1,5
134548,134553,134554,1,5
134548,134554,134555,1,6
134548,134554,134555,1,6
134548,134554,134555,1,6
134548,134555,134556,1,7
134548,134555,134556,1,7
134061,134067,134556,489,6
134548,134555,134556,1,7
134548,134555,134556,1,7
134548,134555,134556,1,7
134548,134555,134556,1,7
134548,134555,134556,1,7
134548,134556,134557,1,8
134548,134556,134557,1,8
134556,134556,134557,1,0
134556,134556,134557,1,0
134556,134556,134557,1,0
134556,134556,134557,1,0
134556,134556,134557,1,0
134556,134556,134557,1,0
134556,134556,134557,1,0
134556,134556,134557,1,0
134556,134556,134557,1,0
134556,134557,134558,1,1
134556,134557,134558,1,1
134556,134557,134558,1,1
134556,134557,134558,1,1
134556,134557,134558,1,1
134556,134557,134559,2,1
134556,134557,134558,1,1
134556,134558,134559,1,2
134556,134558,134559,1,2
134556,134557,134559,2,1
134556,134558,134559,1,2
134556,134557,134559,2,1
134556,134557,134559,2,1
134556,134557,134559,2,1
134556,134557,134559,2,1
134556,134558,134559,1,2
134556,134558,134559,1,2
134556,134557,134559,2,1
134556,134557,134558,1,1
134556,134557,134559,2,1
134556,134559,134560,1,3
134556,134559,134560,1,3
134556,134559,134560,1,3
134556,134559,134560,1,3
134556,134559,134560,1,3
134556,134559,134560,1,3
134556,134559,134560,1,3
134556,134559,134560,1,3
134556,134559,134560,1,3
134556,134559,134560,1,3
134556,134559,134560,1,3
134556,134559,134560,1,3
134556,134560,134561,1,4
134556,134560,134561,1,4
134556,134559,134561,2,3
134556,134560,134561,1,4
134556,134560,134561,1,4
134556,134560,134561,1,4
134556,134561,134562,1,5
134556,134561,134562,1,5
134556,134561,134562,1,5
134556,134561,134562,1,5
134556,134561,134562,1,5
134556,134561,134562,1,5
134556,134561,134562,1,5
134556,134561,134562,1,5
134556,134562,134563,1,6
134556,134562,134563,1,6
134556,134561,134562,1,5
134556,134562,134563,1,6
134556,134562,134563,1,6
134556,134562,134563,1,6
134556,134562,134563,1,6
134556,134562,134563,1,6
134556,134563,134564,1,7
134556,134563,134564,1,7
134556,134563,134564,1,7
134556,134563,134564,1,7
134556,134563,134564,1,7
134556,134563,134564,1,7
134556,134563,134564,1,7
134556,134563,134564,1,7
134556,134563,134564,1,7
134556,134564,134565,1,8
134556,134564,134565,1,8
134556,134564,134565,1,8
133854,133868,134624,756,14
134626,134626,134627,1,0
134626,134626,134627,1,0
134626,134626,134627,1,0
134626,134626,134627,1,0
134626,134626,134627,1,0
134626,134626,134627,1,0
134626,134626,134627,1,0
134626,134626,134627,1,0
134626,134626,134627,1,0
134626,134626,134628,2,0
134626,134627,134628,1,1
134626,134627,134628,1,1
134626,134627,134628,1,1
134626,134627,134628,1,1
134626,134628,134629,1,2
134626,134628,134629,1,2
134626,134629,134630,1,3
134626,134628,134629,1,2
134626,134629,134630,1,3
134626,134628,134629,1,2
134626,134628,134629,1,2
134626,134628,134629,1,2
134626,134628,134629,1,2
134626,134629,134630,1,3
134626,134629,134630,1,3
134626,134629,134630,1,3
134626,134630,134631,1,4
134626,134630,134631,1,4
134626,134629,134630,1,3
134626,134629,134630,1,3
134626,134629,134630,1,3
134626,134629,134631,2,3
134626,134631,134632,1,5
134626,134630,134631,1,4
134626,134630,134631,1,4
134626,134630,134631,1,4
134626,134630,134631,1,4
134626,134631,134632,1,5
134626,134630,134631,1,4
134626,134631,134632,1,5
134626,134631,134632,1,5
134626,134630,134631,1,4
134626,134630,134631,1,4
134626,134631,134632,1,5
134626,134627,134632,5,1
134626,134632,134633,1,6
134626,134632,134633,1,6
134626,134632,134633,1,6
134626,134632,134633,1,6
134626,134632,134633,1,6
134626,134632,134633,1,6
134626,134632,134633,1,6
134626,134633,134634,1,7
134626,134633,134634,1,7
134626,134633,134634,1,7
134626,134633,134634,1,7
134626,134633,134634,1,7
134626,134633,134634,1,7
134626,134633,134634,1,7
134626,134633,134634,1,7
134626,134633,134634,1,7
134626,134633,134634,1,7
134626,134634,134635,1,8
134626,134634,134635,1,8
134626,134634,134635,1,8
134626,134634,134635,1,8
134626,134633,134634,1,7
134626,134633,134634,1,7
134626,134634,134635,1,8
134626,134634,134635,1,8
134626,134634,134635,1,8
134626,134634,134635,1,8
134626,134634,134635,1,8
134626,134633,134636,3,7
133946,133953,134647,694,7
134653,134653,134654,1,0
134653,134653,134654,1,0
134653,134653,134654,1,0
134653,134654,134655,1,1
134653,134654,134655,1,1
134653,134654,134655,1,1
134653,134654,134655,1,1
134653,134654,134655,1,1
134653,134654,134655,1,1
134653,134653,134654,1,0
134653,134653,134655,2,0
134653,134654,134655,1,1
134653,134655,134656,1,2
134653,134655,134656,1,2
134653,134655,134656,1,2
134653,134655,134656,1,2
134653,134654,134655,1,1
134653,134654,134655,1,1
134653,134654,134655,1,1
134653,134654,134655,1,1
134653,134655,134656,1,2
134653,134655,134656,1,2
134653,134654,134655,1,1
134653,134654,134655,1,1
134653,134655,134656,1,2
134653,134656,134657,1,3
134653,134656,134657,1,3
134653,134656,134657,1,3
134653,134656,134657,1,3
134653,134656,134657,1,3
134653,134656,134657,1,3
134653,134655,134656,1,2
134653,134657,134658,1,4
134653,134657,134658,1,4
134653,134657,134658,1,4
134653,134657,134658,1,4
134653,134656,134657,1,3
134653,134656,134657,1,3
134653,134656,134658,2,3
134653,134657,134658,1,4
134653,134657,134658,1,4
134653,134656,134657,1,3
134653,134656,134657,1,3
134653,134656,134657,1,3
134653,134656,134658,2,3
134653,134656,134657,1,3
134653,134657,134658,1,4
134653,134656,134658,2,3
134653,134657,134658,1,4
134653,134658,134659,1,5
134653,134658,134659,1,5
134653,134658,134659,1,5
134653,134658,134659,1,5
134653,134658,134659,1,5
134653,134658,134659,1,5
134653,134658,134659,1,5
134653,134658,134659,1,5
134653,134658,134659,1,5
134653,134658,134659,1,5
134653,134658,134659,1,5
134653,134658,134659,1,5
134653,134658,134659,1,5
134653,134658,134659,1,5
134653,134658,134659,1,5
134653,134659,134660,1,6
134653,134659,134660,1,6
134653,134659,134660,1,6
134653,134659,134660,1,6
134653,134659,134660,1,6
134653,134659,134660,1,6
134653,134659,134660,1,6
134653,134659,134660,1,6
134653,134659,134660,1,6
134653,134659,134660,1,6
134653,134659,134660,1,6
134653,134659,134660,1,6
134653,134659,134660,1,6
134653,134659,134660,1,6
134653,134659,134660,1,6
134653,134660,134661,1,7
134653,134660,134661,1,7
134653,134660,134661,1,7
134653,134660,134661,1,7
134653,134660,134661,1,7
133924,133929,134661,732,5
134170,134177,134675,498,7
134677,134677,134678,1,0
134677,134677,134678,1,0
134677,134677,134678,1,0
134677,134677,134678,1,0
134677,134677,134678,1,0
134677,134677,134678,1,0
134677,134677,134678,1,0
134677,134677,134678,1,0
134677,134677,134678,1,0
134677,134677,134678,1,0
134677,134677,134678,1,0
134677,134677,134678,1,0
134677,134677,134678,1,0
134677,134677,134678,1,0
134677,134677,134678,1,0
133926,133937,134679,742,11
134677,134678,134679,1,1
134677,134678,134679,1,1
134677,134678,134679,1,1
134677,134678,134679,1,1
134677,134678,134679,1,1
134677,134678,134679,1,1
134677,134677,134678,1,0
134677,134677,134678,1,0
134677,134678,134679,1,1
134677,134678,134679,1,1
134677,134679,134680,1,2
134677,134677,134680,3,0
134677,134679,134680,1,2
134677,134679,134680,1,2
134677,134679,134680,1,2
134677,134679,134680,1,2
134677,134679,134680,1,2
134677,134678,134679,1,1
134677,134678,134679,1,1
134677,134679,134680,1,2
134677,134678,134679,1,1
134677,134678,134680,2,1
134677,134679,134680,1,2
134677,134678,134679,1,1
134677,134679,134680,1,2
134677,134679,134681,2,2
134677,134679,134680,1,2
134677,134680,134681,1,3
134677,134680,134681,1,3
134677,134680,134681,1,3
134677,134679,134681,2,2
134677,134681,134682,1,4
134677,134681,134682,1,4
134677,134681,134682,1,4
134677,134679,134682,3,2
134677,134680,134682,2,3
134677,134681,134682,1,4
134677,134681,134682,1,4
134677,134681,134682,1,4
134677,134681,134682,1,4
134677,134681,134682,1,4
134677,134682,134683,1,5
134677,134682,134683,1,5
134677,134683,134684,1,6
134677,134683,134684,1,6
134677,134683,134684,1,6
134677,134683,134684,1,6
134677,134683,134684,1,6
134677,134683,134684,1,6
134677,134684,134685,1,7
134677,134684,134685,1,7
134677,134684,134685,1,7
134677,134684,134685,1,7
134677,134684,134685,1,7
134677,134684,134685,1,7
134677,134684,134685,1,7
134677,134684,134685,1,7
134677,134684,134685,1,7
134677,134685,134686,1,8
134677,134684,134685,1,7
134677,134685,134686,1,8
134677,134685,134686,1,8
134677,134685,134686,1,8
134677,134686,134687,1,9
134677,134686,134687,1,9
134677,134685,134687,2,8
134677,134686,134687,1,9
134677,134686,134687,1,9
134677,134686,134687,1,9
134677,134685,134687,2,8
134677,134685,134687,2,8
134677,134685,134686,1,8
134677,134685,134687,2,8
134677,134685,134687,2,8
134677,134685,134687,2,8
134677,134685,134686,1,8
134677,134685,134686,1,8
134677,134685,134686,1,8
134677,134685,134687,2,8
134677,134686,134687,1,9
134677,134687,134688,1,10
134677,134686,134688,2,9
134677,134687,134688,1,10
134677,134687,134688,1,10
134677,134687,134688,1,10
134677,134687,134688,1,10
134677,134687,134688,1,10
134677,134687,134688,1,10
134677,134687,134688,1,10
134677,134687,134688,1,10
134677,134687,134688,1,10
134677,134687,134688,1,10
134677,134688,134689,1,11
134677,134687,134688,1,10
134677,134688,134689,1,11
134677,134688,134689,1,11
134677,134688,134689,1,11
134677,134687,134688,1,10
134677,134688,134689,1,11
134677,134688,134689,1,11
134677,134688,134689,1,11
134677,134688,134689,1,11
134677,134688,134689,1,11
134677,134688,134689,1,11
134677,134688,134689,1,11
134677,134688,134689,1,11
134677,134688,134689,1,11
134677,134688,134690,2,11
134677,134689,134690,1,12
134677,134689,134690,1,12
134677,134689,134690,1,12
134677,134689,134690,1,12
134677,134689,134690,1,12
134677,134689,134690,1,12
134677,134689,134690,1,12
134677,134689,134690,1,12
134677,134689,134690,1,12
134677,134689,134690,1,12
134677,134689,134690,1,12
134677,134689,134690,1,12
134677,134689,134690,1,12
134677,134690,134691,1,13
134677,134690,134691,1,13
134677,134690,134691,1,13
134677,134690,134691,1,13
134677,134690,134691,1,13
134677,134690,134691,1,13
134677,134690,134691,1,13
134681,134691,134692,1,10
134681,134691,134692,1,10
134681,134691,134692,1,10
134681,134691,134692,1,10
134681,134691,134692,1,10
134681,134691,134692,1,10
134681,134692,134693,1,11
134681,134692,134693,1,11
134681,134692,134693,1,11
134681,134692,134693,1,11
134681,134692,134693,1,11
134681,134692,134693,1,11
134681,134692,134693,1,11
134681,134692,134693,1,11
134681,134692,134693,1,11
134681,134692,134693,1,11
134681,134692,134693,1,11
134681,134693,134694,1,12
134681,134693,134694,1,12
134681,134693,134694,1,12
134681,134692,134694,2,11
134681,134693,134694,1,12
134681,134694,134695,1,13
134681,134693,134694,1,12
134681,134694,134695,1,13
134681,134694,134695,1,13
134681,134694,134695,1,13
134681,134694,134695,1,13
134681,134694,134695,1,13
134681,134694,134695,1,13
134681,134694,134695,1,13
134677,134690,134695,5,13
134681,134694,134695,1,13
134681,134695,134696,1,14
134681,134694,134695,1,13
134681,134696,134697,1,15
134681,134696,134697,1,15
134681,134695,134696,1,14
134681,134695,134696,1,14
134681,134696,134697,1,15
134681,134695,134696,1,14
134681,134695,134696,1,14
134681,134696,134697,1,15
134681,134695,134696,1,14
134681,134695,134696,1,14
134681,134696,134697,1,15
134681,134696,134698,2,15
134681,134696,134697,1,15
134681,134697,134698,1,16
134681,134696,134697,1,15
134681,134697,134698,1,16
134681,134697,134698,1,16
134681,134697,134698,1,16
134681,134697,134698,1,16
134681,134697,134698,1,16
134681,134698,134699,1,17
134681,134696,134698,2,15
134681,134697,134698,1,16
134681,134698,134699,1,17
134681,134697,134698,1,16
134681,134698,134699,1,17
134681,134698,134699,1,17
134681,134698,134699,1,17
134681,134698,134699,1,17
134681,134698,134699,1,17
134681,134699,134700,1,18
134681,134698,134699,1,17
134681,134699,134700,1,18
134681,134698,134699,1,17
134681,134699,134700,1,18
134681,134699,134700,1,18
134681,134698,134699,1,17
134681,134699,134700,1,18
134681,134699,134700,1,18
134681,134699,134700,1,18
134681,134699,134700,1,18
133985,133993,134713,720,8
134236,134245,134718,473,9
134719,134720,134721,1,1
134719,134720,134721,1,1
134719,134720,134721,1,1
134719,134720,134721,1,1
134719,134720,134722,2,1
134719,134720,134721,1,1
134719,134721,134722,1,2
134719,134721,134722,1,2
134719,134720,134721,1,1
134719,134721,134722,1,2
134719,134721,134722,1,2
134719,134721,134722,1,2
134719,134721,134722,1,2
134719,134720,134722,2,1
134719,134721,134722,1,2
134719,134721,134722,1,2
134719,134721,134722,1,2
134719,134720,134723,3,1
134719,134722,134724,2,3
134719,134722,134723,1,3
134719,134722,134723,1,3
134719,134722,134723,1,3
134719,134722,134723,1,3
134719,134722,134723,1,3
134719,134722,134724,2,3
134719,134722,134724,2,3
134719,134723,134724,1,4
134719,134723,134724,1,4
134719,134722,134724,2,3
134719,134722,134724,2,3
134719,134724,134725,1,5
134719,134723,134724,1,4
134719,134724,134725,1,5
134719,134723,134724,1,4
134719,134723,134724,1,4
134719,134724,134725,1,5
134719,134723,134724,1,4
134719,134725,134726,1,6
134719,134724,134725,1,5
134719,134724,134725,1,5
134719,134725,134726,1,6
134719,134725,134726,1,6
134719,134723,134725,2,4
134719,134724,134725,1,5
134719,134725,134726,1,6
134719,134725,134727,2,6
134719,134725,134726,1,6
134719,134726,134727,1,7
134719,134726,134727,1,7
134719,134726,134727,1,7
134719,134726,134727,1,7
134719,134726,134727,1,7
134719,134726,134727,1,7
134719,134726,134727,1,7
134719,134726,134727,1,7
134719,134724,134726,2,5
134719,134724,134727,3,5
134719,134727,134728,1,8
134719,134727,134728,1,8
134719,134727,134728,1,8
134719,134727,134728,1,8
134719,134727,134728,1,8
134719,134727,134728,1,8
134719,134726,134728,2,7
134719,134727,134728,1,8
134719,134728,134729,1,9
134719,134728,134729,1,9
134719,134728,134729,1,9
134719,134728,134729,1,9
134719,134728,134729,1,9
134720,134728,134729,1,8
134719,134726,134729,3,7
134720,134728,134729,1,8
134720,134728,134729,1,8
134720,134728,134729,1,8
134720,134728,134729,1,8
134720,134728,134729,1,8
134719,134727,134728,1,8
134720,134728,134729,1,8
134720,134728,134729,1,8
134720,134729,134730,1,9
134720,134729,134730,1,9
134720,134729,134730,1,9
134720,134729,134730,1,9
134720,134729,134730,1,9
134720,134729,134730,1,9
134720,134729,134730,1,9
134720,134729,134730,1,9
134720,134729,134730,1,9
134720,134729,134730,1,9
134720,134729,134730,1,9
134720,134729,134730,1,9
134720,134729,134730,1,9
134720,134729,134730,1,9
134720,134730,134731,1,10
134720,134730,134731,1,10
134720,134730,134731,1,10
134720,134730,134731,1,10
134720,134730,134731,1,10
134720,134730,134731,1,10
134720,134730,134731,1,10
134720,134730,134731,1,10
134720,134730,134731,1,10
134720,134730,134731,1,10
134720,134730,134731,1,10
134720,134731,134732,1,11
134720,134731,134732,1,11
134720,134731,134732,1,11
134720,134731,134732,1,11
134720,134731,134732,1,11
134720,134731,134732,1,11
134720,134732,134733,1,12
134720,134731,134732,1,11
134720,134731,134732,1,11
134720,134732,134733,1,12
134720,134732,134733,1,12
134720,134732,134733,1,12
134720,134732,134733,1,12
134720,134732,134733,1,12
134720,134732,134733,1,12
134720,134733,134734,1,13
134720,134732,134733,1,12
134720,134733,134734,1,13
134720,134733,134734,1,13
134720,134733,134734,1,13
134720,134733,134734,1,13
134720,134734,134735,1,14
134720,134734,134735,1,14
134720,134734,134735,1,14
134720,134734,134735,1,14
134720,134734,134735,1,14
134719,134727,134728,1,8
134720,134735,134736,1,15
134720,134735,134736,1,15
134720,134735,134736,1,15
134720,134735,134736,1,15
134720,134735,134736,1,15
134720,134735,134736,1,15
134720,134735,134736,1,15
134720,134735,134736,1,15
134720,134736,134737,1,16
134720,134736,134737,1,16
134720,134736,134737,1,16
134719,134736,134737,1,17
134720,134736,134737,1,16
134719,134727,134735,8,8
134720,134742,134743,1,22
134254,134261,134757,496,7
134760,134761,134762,1,1
134760,134761,134762,1,1
134760,134761,134762,1,1
134760,134761,134762,1,1
134760,134761,134762,1,1
134760,134761,134762,1,1
134760,134761,134762,1,1
134760,134761,134762,1,1
134760,134762,134763,1,2
134760,134763,134764,1,3
134760,134762,134763,1,2
134760,134762,134763,1,2
134760,134763,134764,1,3
134760,134763,134764,1,3
134760,134763,134764,1,3
134760,134763,134764,1,3
134760,134763,134764,1,3
134760,134763,134764,1,3
134760,134764,134765,1,4
134760,134764,134765,1,4
134760,134764,134765,1,4
134760,134764,134765,1,4
134760,134763,134764,1,3
134760,134763,134764,1,3
134760,134764,134765,1,4
134760,134764,134765,1,4
134760,134765,134766,1,5
134760,134765,134766,1,5
134760,134764,134765,1,4
134760,134765,134766,1,5
134760,134765,134766,1,5
134760,134765,134766,1,5
134760,134765,134766,1,5
134760,134764,134765,1,4
134760,134765,134766,1,5
134760,134765,134766,1,5
134760,134765,134766,1,5
134760,134765,134766,1,5
134760,134765,134766,1,5
134760,134766,134767,1,6
134760,134766,134767,1,6
134760,134766,134767,1,6
134760,134766,134767,1,6
134760,134766,134767,1,6
134760,134766,134767,1,6
134760,134766,134767,1,6
134760,134766,134767,1,6
134760,134766,134767,1,6
134760,134766,134767,1,6
134760,134766,134767,1,6
134760,134766,134767,1,6
134760,134766,134767,1,6
134760,134767,134768,1,7
134760,134767,134768,1,7
134760,134767,134768,1,7
134760,134767,134768,1,7
134760,134767,134768,1,7
134760,134767,134768,1,7
134760,134767,134768,1,7
134760,134767,134768,1,7
134760,134767,134768,1,7
134760,134767,134768,1,7
134760,134768,134769,1,8
134760,134767,134768,1,7
134760,134767,134768,1,7
134063,134074,134776,702,11
134787,134787,134788,1,0
134787,134787,134788,1,0
134787,134787,134788,1,0
134787,134787,134788,1,0
134787,134787,134788,1,0
134787,134787,134788,1,0
134787,134787,134788,1,0
134787,134787,134788,1,0
134787,134787,134788,1,0
134787,134787,134788,1,0
134787,134787,134788,1,0
134787,134787,134789,2,0
134787,134787,134789,2,0
134787,134788,134789,1,1
134787,134788,134789,1,1
134787,134788,134789,1,1
134787,134787,134789,2,0
134787,134788,134789,1,1
134787,134788,134789,1,1
134787,134788,134789,1,1
134787,134787,134788,1,0
134787,134787,134788,1,0
134787,134788,134789,1,1
134787,134789,134790,1,2
134787,134789,134790,1,2
134787,134789,134790,1,2
134787,134789,134790,1,2
134787,134788,134790,2,1
134787,134789,134790,1,2
134787,134789,134790,1,2
134787,134789,134790,1,2
134787,134788,134789,1,1
134787,134788,134789,1,1
134787,134789,134790,1,2
134787,134788,134789,1,1
134787,134790,134791,1,3
134787,134789,134790,1,2
134787,134790,134791,1,3
134787,134790,134791,1,3
134787,134789,134790,1,2
134787,134790,134791,1,3
134787,134790,134791,1,3
134787,134790,134791,1,3
134787,134790,134791,1,3
134787,134790,134791,1,3
134787,134790,134791,1,3
134787,134791,134792,1,4
134787,134790,134791,1,3
134787,134791,134792,1,4
134787,134790,134792,2,3
134787,134791,134792,1,4
134787,134791,134792,1,4
134787,134791,134792,1,4
134787,134791,134792,1,4
134787,134791,134792,1,4
134787,134791,134792,1,4
134787,134790,134792,2,3
134787,134791,134792,1,4
134787,134792,134793,1,5
134787,134792,134793,1,5
134787,134792,134793,1,5
134787,134792,134793,1,5
134787,134792,134793,1,5
134787,134792,134793,1,5
134787,134792,134793,1,5
134787,134793,134794,1,6
134787,134793,134794,1,6
134787,134793,134794,1,6
134787,134793,134794,1,6
134787,134793,134794,1,6
134787,134794,134795,1,7
134787,134794,134795,1,7
134787,134794,134795,1,7
134787,134794,134795,1,7
134787,134793,134795,2,6
134268,134276,134800,524,8
134811,134811,134812,1,0
134811,134811,134812,1,0
134811,134811,134812,1,0
134811,134811,134812,1,0
134811,134811,134812,1,0
134811,134811,134812,1,0
134811,134811,134812,1,0
134811,134811,134812,1,0
134811,134811,134812,1,0
134811,134811,134812,1,0
134811,134811,134812,1,0
134811,134811,134812,1,0
134811,134811,134813,2,0
134811,134811,134812,1,0
134811,134811,134813,2,0
134811,134812,134813,1,1
134811,134812,134813,1,1
134811,134812,134813,1,1
134811,134811,134812,1,0
134811,134812,134813,1,1
134811,134811,134812,1,0
134811,134812,134814,2,1
134811,134812,134814,2,1
134811,134812,134813,1,1
134811,134812,134813,1,1
134811,134813,134814,1,2
134811,134813,134814,1,2
134811,134812,134814,2,1
134811,134812,134814,2,1
134811,134813,134814,1,2
134811,134812,134814,2,1
134811,134812,134814,2,1
134811,134813,134814,1,2
134811,134813,134814,1,2
134811,134814,134815,1,3
134811,134813,134815,2,2
134811,134813,134814,1,2
134811,134813,134814,1,2
134811,134814,134815,1,3
134811,134814,134815,1,3
134811,134814,134815,1,3
134811,134814,134815,1,3
134811,134814,134815,1,3
134811,134814,134815,1,3
134811,134813,134815,2,2
134811,134815,134816,1,4
134811,134814,134815,1,3
134811,134814,134815,1,3
134811,134815,134816,1,4
134811,134815,134816,1,4
134811,134815,134816,1,4
134811,134815,134816,1,4
134811,134815,134816,1,4
134811,134815,134816,1,4
134811,134815,134816,1,4
134811,134816,134817,1,5
134811,134815,134816,1,4
134811,134816,134817,1,5
134811,134816,134817,1,5
134811,134817,134818,1,6
134811,134817,134818,1,6
134811,134817,134818,1,6
134811,134817,134818,1,6
134811,134817,134818,1,6
134811,134818,134819,1,7
134811,134818,134819,1,7
134811,134818,134819,1,7
134811,134818,134819,1,7
134811,134818,134819,1,7
134811,134818,134819,1,7
134109,134118,134868,750,9
134869,134869,134870,1,0
134869,134869,134870,1,0
134869,134869,134870,1,0
134869,134869,134870,1,0
134869,134869,134870,1,0
134869,134869,134870,1,0
134869,134869,134870,1,0
134869,134869,134870,1,0
134869,134869,134870,1,0
134869,134869,134870,1,0
134869,134869,134870,1,0
134869,134869,134870,1,0
134869,134869,134870,1,0
134869,134869,134870,1,0
134869,134869,134871,2,0
134869,134869,134870,1,0
134869,134870,134871,1,1
134869,134870,134871,1,1
134869,134870,134872,2,1
134869,134870,134872,2,1
134869,134870,134871,1,1
134869,134870,134872,2,1
134869,134870,134872,2,1
134869,134870,134872,2,1
134869,134871,134872,1,2
134869,134870,134872,2,1
134869,134870,134872,2,1
134869,134869,134872,3,0
134869,134872,134873,1,3
134869,134871,134873,2,2
134869,134872,134873,1,3
134869,134872,134873,1,3
134869,134872,134873,1,3
134869,134870,134872,2,1
134869,134871,134873,2,2
134869,134871,134873,2,2
134869,134872,134873,1,3
134869,134872,134873,1,3
134869,134873,134874,1,4
134869,134872,134873,1,3
134869,134873,134874,1,4
134869,134873,134874,1,4
134869,134873,134874,1,4
134869,134872,134873,1,3
134869,134873,134874,1,4
134869,134871,134873,2,2
134869,134872,134874,2,3
134869,134872,134874,2,3
134869,134872,134874,2,3
134869,134874,134875,1,5
134869,134873,134875,2,4
134869,134874,134875,1,5
134869,134873,134875,2,4
134869,134873,134874,1,4
134869,134874,134875,1,5
134869,134874,134875,1,5
134869,134874,134875,1,5
134869,134874,134875,1,5
134869,134874,134875,1,5
134869,134875,134876,1,6
134869,134875,134876,1,6
134869,134875,134876,1,6
134869,134875,134876,1,6
134869,134875,134876,1,6
134869,134875,134876,1,6
134869,134876,134877,1,7
134869,134876,134877,1,7
134869,134876,134877,1,7
134869,134875,134877,2,6
134869,134875,134877,2,6
134869,134877,134878,1,8
134869,134877,134878,1,8
134869,134877,134878,1,8
134869,134876,134877,1,7
134869,134876,134877,1,7
134869,134877,134878,1,8
134869,134877,134878,1,8
134869,134877,134878,1,8
134869,134877,134878,1,8
134869,134877,134878,1,8
134869,134876,134878,2,7
134231,134237,134929,692,6
134929,134930,134931,1,1
134929,134930,134931,1,1
134929,134930,134931,1,1
134929,134931,134932,1,2
134929,134930,134931,1,1
134929,134931,134932,1,2
134929,134932,134933,1,3
134929,134931,134932,1,2
134929,134931,134932,1,2
134929,134931,134932,1,2
134929,134931,134932,1,2
134929,134931,134932,1,2
134929,134932,134933,1,3
134929,134931,134932,1,2
134929,134931,134932,1,2
134929,134931,134932,1,2
134929,134931,134932,1,2
134929,134932,134933,1,3
134929,134932,134933,1,3
134929,134932,134933,1,3
134929,134932,134934,2,3
134929,134933,134934,1,4
134929,134933,134934,1,4
134929,134934,134935,1,5
134929,134933,134934,1,4
134929,134933,134934,1,4
134929,134933,134934,1,4
134929,134934,134935,1,5
134929,134934,134935,1,5
134929,134934,134935,1,5
134929,134935,134936,1,6
134929,134935,134936,1,6
134929,134931,134934,3,2
134929,134935,134936,1,6
134929,134935,134936,1,6
134929,134935,134936,1,6
134929,134935,134936,1,6
134929,134936,134937,1,7
134929,134936,134937,1,7
134929,134936,134937,1,7
134929,134935,134936,1,6
134929,134935,134936,1,6
134929,134935,134936,1,6
134929,134936,134937,1,7
134929,134936,134937,1,7
134929,134936,134937,1,7
134929,134937,134938,1,8
134929,134936,134937,1,7
134929,134937,134938,1,8
134929,134937,134938,1,8
134929,134937,134938,1,8
134929,134937,134938,1,8
134929,134937,134938,1,8
134929,134937,134938,1,8
134929,134937,134938,1,8
134929,134937,134938,1,8
134929,134937,134938,1,8
134929,134938,134939,1,9
134929,134937,134938,1,8
134929,134937,134938,1,8
134929,134939,134940,1,10
134929,134931,134965,34,2
134302,134308,135007,699,6
135008,135008,135009,1,0
135008,135008,135009,1,0
135008,135008,135009,1,0
135008,135008,135010,2,0
135008,135008,135009,1,0
135008,135008,135010,2,0
135008,135008,135009,1,0
135008,135008,135009,1,0
135008,135008,135009,1,0
135008,135008,135009,1,0
135008,135008,135009,1,0
135008,135008,135009,1,0
135008,135009,135010,1,1
135008,135008,135010,2,0
135008,135009,135011,2,1
135008,135009,135010,1,1
135008,135009,135011,2,1
135008,135009,135011,2,1
135008,135009,135011,2,1
135008,135010,135012,2,2
135008,135011,135012,1,3
135008,135011,135012,1,3
135008,135010,135012,2,2
135008,135010,135012,2,2
135008,135010,135012,2,2
135008,135010,135012,2,2
135008,135011,135012,1,3
135008,135011,135012,1,3
135008,135011,135013,2,3
135008,135010,135012,2,2
135008,135010,135012,2,2
135008,135010,135013,3,2
135008,135010,135012,2,2
135008,135011,135012,1,3
135008,135012,135013,1,4
135008,135012,135013,1,4
135008,135011,135012,1,3
135008,135012,135013,1,4
135008,135012,135013,1,4
135008,135012,135013,1,4
135008,135010,135013,3,2
135008,135013,135014,1,5
135008,135013,135014,1,5
135008,135013,135014,1,5
135008,135012,135013,1,4
135008,135013,135014,1,5
135008,135013,135014,1,5
135008,135013,135014,1,5
135008,135013,135014,1,5
135008,135013,135014,1,5
135008,135013,135014,1,5
135008,135013,135014,1,5
135008,135013,135014,1,5
135008,135014,135015,1,6
135008,135014,135015,1,6
135008,135014,135015,1,6
135008,135013,135014,1,5
135008,135014,135015,1,6
135008,135013,135014,1,5
135008,135013,135014,1,5
135008,135013,135014,1,5
135008,135014,135015,1,6
135008,135014,135015,1,6
135008,135014,135015,1,6
135008,135015,135016,1,7
135008,135015,135016,1,7
135008,135015,135016,1,7
135008,135015,135016,1,7
135008,135015,135016,1,7
135008,135015,135016,1,7
135008,135015,135016,1,7
135008,135015,135016,1,7
135008,135015,135016,1,7
135008,135015,135016,1,7
135008,135015,135016,1,7
135008,135015,135016,1,7
135008,135014,135016,2,6
135008,135016,135017,1,8
135008,135016,135017,1,8
135008,135016,135017,1,8
135008,135016,135017,1,8
135008,135016,135017,1,8
135008,135016,135017,1,8
135008,135016,135017,1,8
135008,135016,135017,1,8
135008,135016,135017,1,8
135008,135016,135017,1,8
135008,135016,135018,2,8
134550,134556,135032,476,6
134325,134332,135033,701,7
135034,135034,135035,1,0
135034,135034,135035,1,0
135034,135034,135035,1,0
135034,135034,135035,1,0
135034,135034,135035,1,0
135034,135034,135035,1,0
135034,135034,135035,1,0
135034,135034,135035,1,0
135034,135034,135035,1,0
135034,135034,135035,1,0
135034,135034,135036,2,0
135034,135034,135036,2,0
135034,135035,135036,1,1
135034,135034,135035,1,0
135034,135034,135036,2,0
135034,135034,135036,2,0
135034,135035,135037,2,1
135034,135035,135037,2,1
135034,135035,135037,2,1
135034,135035,135036,1,1
135034,135035,135037,2,1
135034,135035,135036,1,1
135034,135035,135037,2,1
135034,135034,135037,3,0
135034,135037,135038,1,3
135034,135036,135038,2,2
135034,135037,135038,1,3
135034,135036,135038,2,2
135034,135036,135038,2,2
135034,135036,135037,1,2
135034,135036,135037,1,2
135034,135036,135037,1,2
135034,135037,135038,1,3
135034,135037,135038,1,3
135034,135037,135038,1,3
135034,135037,135038,1,3
135034,135037,135038,1,3
135034,135038,135039,1,4
135034,135038,135039,1,4
135034,135038,135039,1,4
135034,135038,135039,1,4
135034,135039,135040,1,5
135034,135039,135040,1,5
135034,135039,135040,1,5
135034,135038,135040,2,4
135034,135039,135040,1,5
135034,135040,135041,1,6
135034,135039,135040,1,5
135034,135039,135040,1,5
135034,135039,135040,1,5
135034,135040,135041,1,6
135034,135040,135041,1,6
135034,135040,135041,1,6
135034,135040,135041,1,6
135034,135040,135041,1,6
135034,135041,135042,1,7
135034,135041,135042,1,7
135034,135041,135042,1,7
135034,135041,135042,1,7
135034,135040,135041,1,6
135034,135040,135041,1,6
135034,135041,135042,1,7
135034,135041,135042,1,7
135034,135041,135042,1,7
135034,135041,135042,1,7
135034,135042,135043,1,8
135034,135041,135042,1,7
135034,135042,135043,1,8
135034,135042,135043,1,8
135034,135042,135043,1,8
135034,135042,135043,1,8
135034,135042,135043,1,8
135034,135042,135043,1,8
135036,135042,135043,1,6
135036,135043,135044,1,7
135034,135042,135043,1,8
135034,135042,135043,1,8
135036,135043,135044,1,7
135036,135043,135044,1,7
135036,135043,135044,1,7
135036,135043,135044,1,7
135036,135043,135044,1,7
135034,135038,135044,6,4
134557,134564,135044,480,7
135036,135043,135045,2,7
135036,135043,135045,2,7
135036,135043,135045,2,7
135036,135044,135045,1,8
135036,135044,135045,1,8
135036,135044,135046,2,8
135036,135044,135046,2,8
135036,135044,135045,1,8
135036,135044,135045,1,8
135036,135044,135045,1,8
135036,135044,135046,2,8
135036,135044,135046,2,8
135036,135044,135046,2,8
135036,135045,135046,1,9
135036,135044,135046,2,8
135036,135044,135046,2,8
135036,135046,135047,1,10
135036,135046,135047,1,10
135036,135046,135047,1,10
135036,135044,135046,2,8
135036,135045,135047,2,9
135036,135045,135047,2,9
135036,135045,135047,2,9
135036,135046,135047,1,10
135036,135046,135047,1,10
135036,135046,135048,2,10
135036,135046,135048,2,10
135036,135047,135048,1,11
135036,135047,135048,1,11
135036,135047,135048,1,11
135036,135047,135048,1,11
135036,135046,135048,2,10
135036,135046,135047,1,10
135036,135047,135048,1,11
135036,135047,135048,1,11
135036,135047,135048,1,11
135036,135047,135048,1,11
135036,135047,135048,1,11
135036,135047,135048,1,11
135036,135048,135049,1,12
135036,135048,135049,1,12
135036,135048,135049,1,12
135036,135048,135049,1,12
135036,135048,135049,1,12
135036,135048,135049,1,12
135036,135048,135049,1,12
135036,135048,135049,1,12
135036,135044,135049,5,8
135036,135049,135050,1,13
135036,135049,135050,1,13
135036,135049,135050,1,13
135036,135049,135050,1,13
135036,135048,135049,1,12
135036,135049,135050,1,13
135036,135049,135050,1,13
135036,135049,135050,1,13
135036,135049,135050,1,13
135036,135049,135050,1,13
135036,135050,135051,1,14
135036,135050,135051,1,14
135036,135050,135051,1,14
135036,135050,135051,1,14
135036,135049,135050,1,13
135036,135050,135051,1,14
135036,135050,135051,1,14
135036,135050,135051,1,14
135036,135050,135052,2,14
135061,135061,135062,1,0
135061,135061,135062,1,0
135061,135061,135062,1,0
135061,135061,135062,1,0
135061,135061,135062,1,0
135061,135061,135062,1,0
135061,135061,135062,1,0
135061,135061,135062,1,0
135061,135062,135063,1,1
135061,135061,135063,2,0
135061,135061,135063,2,0
135061,135063,135064,1,2
135061,135063,135064,1,2
135061,135063,135064,1,2
135061,135061,135063,2,0
135061,135062,135063,1,1
135061,135063,135064,1,2
135061,135064,135065,1,3
135061,135064,135065,1,3
135061,135064,135065,1,3
135061,135063,135064,1,2
135061,135063,135065,2,2
135061,135063,135065,2,2
135061,135063,135064,1,2
135061,135064,135065,1,3
135061,135064,135065,1,3
135061,135064,135065,1,3
135061,135064,135065,1,3
135061,135065,135066,1,4
135061,135064,135065,1,3
135061,135065,135066,1,4
135061,135064,135065,1,3
135061,135065,135066,1,4
135061,135062,135064,2,1
135061,135066,135067,1,5
135061,135066,135067,1,5
135061,135065,135066,1,4
135061,135065,135066,1,4
135061,135065,135066,1,4
135061,135065,135066,1,4
135061,135066,135067,1,5
135061,135066,135067,1,5
135061,135067,135068,1,6
135061,135067,135068,1,6
135061,135067,135068,1,6
135061,135067,135068,1,6
135061,135067,135068,1,6
135061,135067,135068,1,6
135061,135068,135069,1,7
135061,135068,135069,1,7
135061,135068,135069,1,7
135061,135068,135069,1,7
135061,135068,135069,1,7
135061,135068,135069,1,7
135061,135067,135069,2,6
135061,135068,135069,1,7
135061,135069,135070,1,8
135061,135069,135070,1,8
135061,135069,135070,1,8
135061,135068,135069,1,7
135061,135069,135070,1,8
135061,135069,135070,1,8
135061,135069,135070,1,8
135061,135069,135070,1,8
135061,135070,135071,1,9
135061,135070,135071,1,9
134388,134394,135111,717,6
135113,135113,135114,1,0
135113,135113,135114,1,0
134350,134357,135114,757,7
135113,135113,135114,1,0
135113,135113,135114,1,0
135113,135113,135114,1,0
135113,135113,135114,1,0
135113,135113,135114,1,0
135113,135113,135114,1,0
135113,135113,135114,1,0
135113,135113,135115,2,0
135113,135113,135115,2,0
135113,135114,135115,1,1
135113,135114,135115,1,1
135113,135114,135115,1,1
135113,135114,135115,1,1
135113,135114,135116,2,1
135113,135113,135115,2,0
135113,135114,135116,2,1
135113,135114,135116,2,1
135113,135114,135116,2,1
135113,135114,135116,2,1
135113,135114,135116,2,1
135113,135115,135117,2,2
135113,135115,135116,1,2
135113,135115,135117,2,2
135113,135114,135116,2,1
135113,135116,135118,2,3
135113,135116,135117,1,3
135113,135117,135118,1,4
135113,135116,135117,1,3
135113,135116,135118,2,3
135113,135116,135117,1,3
135113,135116,135117,1,3
135113,135117,135118,1,4
135113,135116,135117,1,3
135113,135116,135117,1,3
135113,135116,135117,1,3
135113,135116,135118,2,3
135113,135116,135118,2,3
135113,135117,135118,1,4
135113,135117,135119,2,4
135113,135117,135118,1,4
135113,135118,135119,1,5
135113,135118,135119,1,5
135113,135118,135119,1,5
135113,135118,135119,1,5
135113,135118,135119,1,5
135113,135118,135119,1,5
135113,135118,135119,1,5
135113,135118,135119,1,5
135113,135118,135119,1,5
135113,135118,135119,1,5
135113,135118,135119,1,5
135113,135117,135118,1,4
135113,135118,135119,1,5
135113,135118,135119,1,5
135113,135113,135119,6,0
135113,135119,135120,1,6
135113,135119,135120,1,6
135113,135119,135120,1,6
135113,135119,135120,1,6
135113,135119,135120,1,6
135113,135119,135120,1,6
135113,135119,135120,1,6
135113,135119,135120,1,6
135113,135119,135120,1,6
135113,135119,135120,1,6
135113,135119,135120,1,6
135113,135119,135120,1,6
135113,135119,135120,1,6
135113,135119,135120,1,6
135113,135120,135121,1,7
135113,135120,135121,1,7
135113,135120,135121,1,7
135113,135120,135121,1,7
135113,135120,135121,1,7
135113,135120,135121,1,7
135113,135120,135121,1,7
135113,135120,135121,1,7
135113,135120,135121,1,7
135113,135120,135121,1,7
135113,135120,135121,1,7
135113,135120,135121,1,7
135113,135120,135121,1,7
135113,135121,135122,1,8
135113,135121,135122,1,8
135113,135121,135122,1,8
135113,135121,135122,1,8
135113,135121,135122,1,8
135113,135121,135122,1,8
135113,135121,135122,1,8
135115,135122,135123,1,7
135115,135122,135123,1,7
135115,135122,135123,1,7
135115,135122,135123,1,7
135115,135122,135123,1,7
135115,135122,135124,2,7
135115,135122,135124,2,7
135115,135122,135124,2,7
135115,135123,135124,1,8
135115,135123,135124,1,8
135115,135123,135124,1,8
135115,135123,135124,1,8
135115,135123,135125,2,8
135115,135123,135124,1,8
135115,135123,135125,2,8
135115,135123,135124,1,8
135115,135123,135124,1,8
135115,135123,135125,2,8
135115,135123,135125,2,8
135115,135123,135125,2,8
135115,135125,135126,1,10
135115,135125,135126,1,10
135115,135123,135125,2,8
135115,135124,135126,2,9
135115,135125,135126,1,10
135115,135125,135126,1,10
135115,135125,135126,1,10
135115,135125,135126,1,10
135115,135125,135126,1,10
135115,135125,135126,1,10
135115,135125,135126,1,10
135115,135125,135126,1,10
135115,135125,135126,1,10
135115,135126,135127,1,11
135115,135125,135127,2,10
135115,135125,135126,1,10
135115,135125,135127,2,10
135115,135124,135126,2,9
135115,135127,135128,1,12
135115,135127,135128,1,12
135115,135127,135128,1,12
135115,135126,135127,1,11
135115,135127,135128,1,12
135115,135127,135128,1,12
135115,135126,135127,1,11
135115,135126,135128,2,11
135115,135127,135128,1,12
135115,135127,135128,1,12
135115,135128,135129,1,13
135115,135128,135129,1,13
135115,135127,135128,1,12
135115,135127,135128,1,12
135115,135128,135129,1,13
135115,135128,135129,1,13
135115,135128,135129,1,13
135115,135128,135129,1,13
135115,135128,135129,1,13
135115,135128,135129,1,13
135115,135129,135130,1,14
135115,135129,135130,1,14
135115,135129,135130,1,14
135115,135129,135130,1,14
135115,135129,135130,1,14
135115,135129,135130,1,14
135115,135129,135130,1,14
135115,135129,135130,1,14
135115,135129,135130,1,14
135115,135130,135131,1,15
135115,135130,135131,1,15
134654,134660,135130,470,6
135115,135130,135131,1,15
135140,135140,135141,1,0
135140,135140,135141,1,0
135140,135140,135141,1,0
135140,135140,135141,1,0
135140,135140,135141,1,0
135140,135140,135141,1,0
135140,135140,135141,1,0
135140,135141,135142,1,1
135140,135141,135142,1,1
135140,135141,135142,1,1
135140,135140,135141,1,0
135140,135140,135141,1,0
135140,135141,135142,1,1
135140,135141,135142,1,1
135140,135141,135142,1,1
135140,135141,135142,1,1
135140,135141,135142,1,1
135140,135141,135142,1,1
135140,135141,135142,1,1
135140,135141,135142,1,1
135140,135141,135142,1,1
135140,135141,135142,1,1
135140,135142,135143,1,2
135140,135142,135143,1,2
135140,135142,135143,1,2
135140,135142,135143,1,2
135140,135143,135144,1,3
135140,135142,135143,1,2
135140,135143,135144,1,3
135140,135143,135144,1,3
135140,135143,135144,1,3
135140,135142,135143,1,2
135140,135142,135143,1,2
135140,135143,135144,1,3
135140,135143,135144,1,3
135140,135143,135144,1,3
135140,135143,135144,1,3
135140,135143,135144,1,3
135140,135143,135144,1,3
135140,135144,135145,1,4
135140,135144,135145,1,4
135140,135144,135145,1,4
135140,135144,135145,1,4
135140,135143,135144,1,3
135140,135143,135144,1,3
135140,135144,135145,1,4
135140,135143,135144,1,3
135140,135144,135145,1,4
135140,135144,135145,1,4
135140,135144,135145,1,4
135140,135145,135146,1,5
135140,135145,135146,1,5
135140,135145,135146,1,5
135140,135145,135146,1,5
135140,135145,135146,1,5
135140,135145,135146,1,5
135140,135145,135146,1,5
135140,135145,135146,1,5
135140,135145,135146,1,5
135140,135145,135146,1,5
135140,135145,135146,1,5
135140,135145,135146,1,5
135140,135146,135147,1,6
135140,135146,135147,1,6
135140,135146,135147,1,6
135140,135146,135147,1,6
135140,135145,135146,1,5
135140,135146,135147,1,6
135140,135146,135147,1,6
135140,135146,135147,1,6
135140,135146,135147,1,6
135140,135145,135146,1,5
135140,135145,135146,1,5
135140,135146,135147,1,6
135140,135146,135147,1,6
135140,135146,135147,1,6
135140,135146,135147,1,6
135140,135147,135148,1,7
135140,135147,135148,1,7
135140,135147,135148,1,7
135140,135147,135148,1,7
135140,135147,135148,1,7
135140,135147,135148,1,7
135140,135147,135148,1,7
135140,135147,135148,1,7
135140,135147,135148,1,7
135140,135147,135148,1,7
135140,135147,135148,1,7
135140,135147,135149,2,7
135140,135147,135149,2,7
135140,135144,135152,8,4
134501,134508,135187,679,7
135189,135189,135190,1,0
135189,135189,135190,1,0
135189,135189,135190,1,0
135189,135189,135190,1,0
135189,135189,135190,1,0
135189,135189,135191,2,0
135189,135189,135191,2,0
135189,135189,135190,1,0
135189,135190,135191,1,1
135189,135190,135192,2,1
135189,135189,135191,2,0
135189,135190,135191,1,1
135189,135190,135191,1,1
135189,135190,135191,1,1
135189,135190,135192,2,1
135189,135190,135192,2,1
135189,135190,135192,2,1
135189,135190,135192,2,1
135189,135191,135192,1,2
135189,135190,135192,2,1
135189,135191,135192,1,2
135189,135191,135193,2,2
135189,135191,135193,2,2
135189,135191,135193,2,2
135189,135192,135193,1,3
135189,135192,135193,1,3
135189,135192,135193,1,3
135189,135192,135193,1,3
135189,135193,135194,1,4
135189,135192,135194,2,3
135189,135192,135193,1,3
135189,135193,135194,1,4
135189,135192,135194,2,3
135189,135192,135194,2,3
135189,135192,135194,2,3
135189,135193,135194,1,4
135189,135194,135195,1,5
135189,135194,135195,1,5
135189,135194,135195,1,5
135189,135194,135195,1,5
135189,135194,135195,1,5
135189,135193,135195,2,4
135189,135191,135194,3,2
135189,135194,135195,1,5
135189,135194,135195,1,5
135189,135193,135194,1,4
135189,135194,135195,1,5
135189,135193,135195,2,4
135189,135194,135195,1,5
135189,135195,135196,1,6
135189,135195,135196,1,6
135189,135194,135195,1,5
135189,135195,135196,1,6
135189,135195,135196,1,6
135189,135195,135196,1,6
135189,135195,135196,1,6
135189,135193,135195,2,4
135189,135195,135196,1,6
135189,135195,135196,1,6
135189,135195,135196,1,6
135189,135195,135196,1,6
135189,135194,135195,1,5
135189,135195,135196,1,6
135189,135195,135196,1,6
135189,135195,135196,1,6
135189,135196,135197,1,7
135189,135196,135197,1,7
135189,135195,135196,1,6
135189,135196,135197,1,7
135189,135196,135197,1,7
135189,135196,135197,1,7
135189,135196,135197,1,7
135189,135196,135197,1,7
135189,135196,135197,1,7
135189,135196,135197,1,7
135189,135196,135197,1,7
135189,135196,135197,1,7
135189,135196,135197,1,7
135189,135197,135198,1,8
135189,135197,135198,1,8
135189,135196,135197,1,7
135189,135197,135198,1,8
135189,135197,135198,1,8
135189,135197,135198,1,8
135189,135197,135198,1,8
135189,135197,135198,1,8
135189,135197,135198,1,8
135189,135197,135198,1,8
135189,135197,135198,1,8
135189,135196,135197,1,7
135189,135196,135197,1,7
135189,135197,135198,1,8
135189,135197,135198,1,8
134730,134737,135219,482,7
135221,135221,135222,1,0
135221,135221,135222,1,0
135221,135221,135222,1,0
135221,135221,135222,1,0
135221,135221,135222,1,0
135221,135221,135222,1,0
135221,135221,135223,2,0
135221,135221,135222,1,0
135221,135221,135223,2,0
135221,135221,135222,1,0
135221,135221,135223,2,0
135221,135222,135223,1,1
135221,135222,135223,1,1
135221,135221,135223,2,0
135221,135221,135222,1,0
135221,135222,135223,1,1
135221,135222,135223,1,1
135221,135222,135223,1,1
134525,134531,135223,692,6
135221,135221,135222,1,0
135221,135221,135223,2,0
135221,135223,135224,1,2
135221,135223,135224,1,2
135221,135222,135223,1,1
135221,135223,135224,1,2
135221,135223,135224,1,2
135221,135223,135224,1,2
135221,135223,135224,1,2
135221,135222,135224,2,1
135221,135223,135225,2,2
135221,135223,135224,1,2
135221,135223,135225,2,2
135221,135223,135225,2,2
135221,135223,135225,2,2
135221,135224,135225,1,3
135221,135223,135224,1,2
135221,135224,135225,1,3
135221,135224,135225,1,3
135221,135224,135225,1,3
135221,135224,135225,1,3
135221,135223,135224,1,2
135221,135223,135225,2,2
135221,135224,135225,1,3
135221,135223,135225,2,2
135221,135225,135226,1,4
135221,135224,135225,1,3
135221,135225,135226,1,4
135221,135224,135225,1,3
135221,135225,135226,1,4
135221,135225,135226,1,4
135221,135225,135226,1,4
135221,135225,135226,1,4
135221,135225,135226,1,4
135221,135225,135226,1,4
135221,135224,135227,3,3
135221,135225,135226,1,4
135221,135225,135226,1,4
135221,135226,135227,1,5
135221,135226,135227,1,5
135221,135225,135226,1,4
135221,135226,135227,1,5
135221,135226,135227,1,5
135221,135226,135227,1,5
135221,135226,135227,1,5
135221,135226,135227,1,5
135221,135227,135228,1,6
135221,135227,135228,1,6
135221,135227,135228,1,6
135221,135227,135228,1,6
135221,135227,135228,1,6
135221,135227,135228,1,6
135221,135227,135228,1,6
135221,135227,135228,1,6
135221,135228,135229,1,7
135221,135227,135228,1,6
135221,135227,135229,2,6
135221,135227,135228,1,6
135221,135227,135228,1,6
135221,135228,135229,1,7
135221,135228,135229,1,7
135221,135227,135228,1,6
135221,135228,135229,1,7
135224,135229,135230,1,5
135221,135226,135230,4,5
135224,135229,135230,1,5
135224,135229,135230,1,5
135224,135229,135230,1,5
135224,135229,135230,1,5
134721,134737,135231,494,16
135224,135230,135231,1,6
135224,135230,135231,1,6
135224,135230,135231,1,6
135224,135230,135231,1,6
135224,135230,135231,1,6
135224,135230,135232,2,6
135224,135230,135232,2,6
135224,135230,135232,2,6
135224,135230,135232,2,6
135224,135230,135232,2,6
135224,135231,135232,1,7
135224,135231,135232,1,7
135224,135231,135232,1,7
135224,135231,135232,1,7
135224,135232,135233,1,8
135224,135231,135232,1,7
135224,135230,135232,2,6
135224,135231,135233,2,7
135224,135231,135233,2,7
135224,135232,135233,1,8
135224,135232,135233,1,8
135224,135232,135233,1,8
135224,135233,135234,1,9
135224,135232,135233,1,8
135224,135232,135234,2,8
135224,135232,135234,2,8
135224,135233,135234,1,9
135224,135231,135234,3,7
135224,135233,135234,1,9
135224,135233,135234,1,9
135224,135233,135234,1,9
135224,135233,135234,1,9
135224,135233,135234,1,9
135224,135234,135235,1,10
135224,135233,135234,1,9
135224,135234,135235,1,10
135224,135234,135235,1,10
135224,135234,135235,1,10
135224,135234,135235,1,10
135224,135234,135235,1,10
135224,135234,135235,1,10
135224,135234,135235,1,10
135224,135234,135235,1,10
135224,135233,135235,2,9
135224,135234,135235,1,10
135224,135235,135236,1,11
135224,135235,135236,1,11
135224,135235,135236,1,11
135224,135235,135236,1,11
135224,135235,135236,1,11
135224,135235,135236,1,11
135224,135235,135236,1,11
135224,135235,135236,1,11
135224,135235,135236,1,11
135224,135236,135237,1,12
135224,135236,135237,1,12
135224,135236,135237,1,12
135224,135236,135237,1,12
135224,135236,135237,1,12
135224,135236,135237,1,12
135224,135236,135237,1,12
135224,135236,135237,1,12
135224,135236,135237,1,12
135224,135236,135237,1,12
135224,135236,135237,1,12
135224,135236,135237,1,12
135224,135236,135237,1,12
135224,135237,135238,1,13
135224,135237,135238,1,13
135224,135237,135238,1,13
135224,135237,135238,1,13
135224,135237,135238,1,13
135224,135237,135238,1,13
135224,135237,135238,1,13
135250,135250,135251,1,0
135250,135250,135251,1,0
135250,135250,135251,1,0
135250,135250,135251,1,0
135250,135250,135251,1,0
135250,135250,135251,1,0
135250,135250,135251,1,0
135250,135250,135251,1,0
135250,135250,135251,1,0
135250,135250,135251,1,0
135250,135250,135251,1,0
135250,135250,135252,2,0
135250,135251,135252,1,1
135250,135250,135252,2,0
135250,135250,135251,1,0
135250,135250,135252,2,0
135250,135250,135252,2,0
135250,135251,135252,1,1
135250,135250,135252,2,0
135250,135251,135252,1,1
135250,135251,135252,1,1
135250,135251,135253,2,1
135250,135251,135252,1,1
135250,135251,135253,2,1
135250,135252,135253,1,2
135250,135251,135253,2,1
135250,135251,135253,2,1
135250,135251,135252,1,1
135250,135252,135253,1,2
135250,135251,135252,1,1
135250,135252,135253,1,2
135250,135252,135253,1,2
135250,135253,135254,1,3
135250,135253,135254,1,3
135250,135252,135254,2,2
135250,135252,135253,1,2
135250,135252,135253,1,2
135250,135252,135253,1,2
135250,135252,135254,2,2
135250,135253,135254,1,3
135250,135253,135254,1,3
135250,135253,135254,1,3
135250,135254,135255,1,4
135250,135254,135255,1,4
135250,135253,135255,2,3
135250,135253,135254,1,3
135250,135253,135255,2,3
135250,135254,135255,1,4
135250,135254,135255,1,4
135250,135254,135255,1,4
135250,135255,135256,1,5
135250,135255,135256,1,5
135250,135254,135255,1,4
135250,135256,135257,1,6
135250,135256,135257,1,6
135250,135256,135257,1,6
135250,135257,135258,1,7
135250,135257,135258,1,7
135250,135257,135258,1,7
135250,135257,135258,1,7
135250,135257,135258,1,7
135250,135256,135257,1,6
135250,135257,135258,1,7
135250,135257,135258,1,7
135250,135257,135258,1,7
135250,135257,135258,1,7
135250,135258,135259,1,8
135250,135258,135259,1,8
134788,134795,135285,490,7
135288,135288,135289,1,0
135288,135288,135289,1,0
135288,135288,135289,1,0
135288,135288,135289,1,0
135288,135288,135289,1,0
135288,135288,135289,1,0
135288,135289,135290,1,1
135288,135289,135290,1,1
135288,135288,135289,1,0
135288,135288,135289,1,0
135288,135288,135289,1,0
135288,135289,135290,1,1
135288,135290,135291,1,2
135288,135289,135290,1,1
135288,135289,135290,1,1
135288,135290,135291,1,2
135288,135289,135290,1,1
135288,135289,135290,1,1
135288,135290,135291,1,2
135288,135290,135291,1,2
135288,135290,135291,1,2
135288,135290,135291,1,2
135288,135290,135291,1,2
135288,135291,135292,1,3
135288,135290,135291,1,2
135288,135291,135292,1,3
135288,135291,135292,1,3
135288,135291,135292,1,3
135288,135291,135292,1,3
135288,135290,135291,1,2
135288,135290,135291,1,2
135288,135292,135293,1,4
135288,135291,135292,1,3
135288,135291,135292,1,3
135288,135291,135292,1,3
135288,135291,135292,1,3
135288,135292,135293,1,4
135288,135292,135293,1,4
135288,135292,135293,1,4
135288,135292,135293,1,4
135288,135292,135293,1,4
135288,135292,135293,1,4
135288,135292,135293,1,4
135288,135292,135293,1,4
135288,135293,135294,1,5
135288,135293,135294,1,5
135288,135293,135294,1,5
135288,135292,135294,2,4
135288,135293,135294,1,5
135288,135293,135294,1,5
135288,135293,135294,1,5
135288,135293,135294,1,5
135288,135293,135294,1,5
135288,135292,135293,1,4
135288,135294,135295,1,6
135288,135294,135295,1,6
135288,135294,135295,1,6
135288,135294,135295,1,6
135288,135294,135295,1,6
135288,135294,135295,1,6
135288,135294,135295,1,6
135288,135294,135295,1,6
135288,135294,135295,1,6
135288,135294,135295,1,6
135288,135294,135295,1,6
135288,135294,135295,1,6
135288,135293,135295,2,5
135288,135295,135296,1,7
135288,135294,135295,1,6
135288,135295,135296,1,7
135288,135295,135296,1,7
135288,135295,135296,1,7
135288,135295,135296,1,7
135288,135295,135296,1,7
135288,135295,135296,1,7
135288,135295,135296,1,7
135288,135295,135296,1,7
135288,135295,135296,1,7
134813,134819,135316,497,6
135318,135318,135319,1,0
135318,135318,135319,1,0
135318,135318,135319,1,0
135318,135318,135319,1,0
135318,135318,135319,1,0
135318,135319,135320,1,1
135318,135319,135320,1,1
135318,135318,135319,1,0
135318,135318,135319,1,0
135318,135318,135319,1,0
135318,135318,135319,1,0
135318,135320,135321,1,2
135318,135320,135321,1,2
135318,135319,135320,1,1
135318,135319,135320,1,1
135318,135320,135321,1,2
135318,135320,135321,1,2
135318,135320,135321,1,2
135318,135320,135321,1,2
135318,135320,135321,1,2
135318,135320,135322,2,2
135318,135321,135322,1,3
135318,135321,135322,1,3
135318,135320,135321,1,2
135318,135320,135321,1,2
135318,135320,135321,1,2
135318,135321,135322,1,3
135318,135321,135322,1,3
135318,135321,135322,1,3
135318,135322,135323,1,4
135318,135321,135322,1,3
135318,135321,135322,1,3
135318,135321,135322,1,3
135318,135322,135323,1,4
135318,135322,135323,1,4
135318,135322,135323,1,4
135318,135320,135323,3,2
135318,135322,135323,1,4
135318,135322,135323,1,4
135318,135322,135323,1,4
135318,135322,135323,1,4
135318,135323,135324,1,5
135318,135322,135324,2,4
135318,135322,135323,1,4
135318,135323,135324,1,5
135318,135323,135324,1,5
135318,135322,135323,1,4
135318,135324,135325,1,6
135318,135324,135325,1,6
135318,135324,135325,1,6
135318,135324,135325,1,6
135318,135324,135325,1,6
135318,135323,135324,1,5
135318,135324,135325,1,6
135318,135324,135325,1,6
135318,135324,135325,1,6
135318,135324,135325,1,6
135318,135325,135326,1,7
135318,135325,135326,1,7
135318,135325,135326,1,7
135318,135325,135326,1,7
135318,135325,135326,1,7
135318,135324,135325,1,6
135318,135325,135326,1,7
135318,135325,135326,1,7
135318,135325,135326,1,7
135318,135325,135326,1,7
135318,135325,135326,1,7
135318,135325,135326,1,7
135318,135325,135326,1,7
135318,135326,135327,1,8
135318,135326,135327,1,8
135318,135326,135327,1,8
135318,135326,135327,1,8
135318,135326,135327,1,8
135318,135326,135327,1,8
135318,135326,135327,1,8
135318,135325,135326,1,7
135318,135325,135326,1,7
135318,135319,135327,8,1
135318,135326,135327,1,8
135318,135322,135334,12,4
134628,134635,135369,734,7
135370,135370,135371,1,0
135370,135370,135371,1,0
135370,135370,135371,1,0
135370,135370,135371,1,0
135370,135370,135371,1,0
135370,135370,135371,1,0
135370,135370,135371,1,0
135370,135370,135371,1,0
135370,135370,135371,1,0
135370,135370,135371,1,0
135370,135370,135371,1,0
135370,135370,135371,1,0
135370,135370,135371,1,0
135370,135370,135372,2,0
135370,135370,135371,1,0
135370,135370,135372,2,0
135370,135371,135373,2,1
135370,135371,135373,2,1
135370,135371,135373,2,1
135370,135371,135373,2,1
135370,135371,135373,2,1
135370,135371,135373,2,1
135370,135371,135373,2,1
135370,135371,135373,2,1
135370,135371,135373,2,1
135370,135371,135373,2,1
135370,135371,135373,2,1
135370,135371,135373,2,1
135370,135371,135373,2,1
135370,135372,135374,2,2
135370,135372,135374,2,2
135370,135372,135374,2,2
135370,135373,135375,2,3
135370,135373,135375,2,3
135370,135373,135375,2,3
135370,135373,135375,2,3
135370,135373,135375,2,3
135370,135373,135375,2,3
135370,135373,135375,2,3
135370,135374,135375,1,4
135370,135374,135375,1,4
135370,135374,135375,1,4
135370,135374,135376,2,4
135370,135374,135375,1,4
135370,135374,135376,2,4
135370,135374,135376,2,4
135370,135376,135377,1,6
135370,135377,135378,1,7
135370,135377,135378,1,7
135370,135377,135378,1,7
135370,135377,135378,1,7
135370,135376,135379,3,6
135370,135378,135379,1,8
135370,135378,135379,1,8
135370,135378,135379,1,8
135370,135378,135379,1,8
135370,135379,135380,1,9
135370,135378,135379,1,8
135370,135378,135379,1,8
135370,135379,135382,3,9
134679,134690,135400,710,11
135401,135401,135402,1,0
135401,135401,135402,1,0
135401,135401,135402,1,0
135401,135401,135402,1,0
135401,135401,135402,1,0
135401,135401,135402,1,0
135401,135401,135402,1,0
135401,135401,135402,1,0
135401,135401,135402,1,0
135401,135402,135403,1,1
135401,135401,135403,2,0
135401,135401,135403,2,0
135401,135402,135403,1,1
135401,135401,135403,2,0
135401,135402,135403,1,1
135401,135401,135403,2,0
135401,135403,135404,1,2
135401,135403,135404,1,2
135401,135402,135404,2,1
135401,135403,135404,1,2
135401,135404,135405,1,3
135401,135403,135404,1,2
135401,135403,135404,1,2
135401,135404,135405,1,3
135401,135404,135405,1,3
135401,135404,135405,1,3
135401,135404,135405,1,3
135401,135404,135405,1,3
135401,135404,135405,1,3
135401,135405,135406,1,4
135401,135405,135406,1,4
135401,135405,135406,1,4
135401,135405,135406,1,4
135401,135405,135406,1,4
135401,135402,135406,4,1
135401,135405,135406,1,4
135401,135405,135406,1,4
135401,135406,135407,1,5
135401,135406,135407,1,5
135401,135405,135406,1,4
135401,135405,135406,1,4
135401,135406,135407,1,5
134683,134699,135407,708,16
135401,135406,135407,1,5
135401,135406,135407,1,5
135401,135407,135408,1,6
135401,135407,135408,1,6
135401,135407,135408,1,6
135401,135407,135408,1,6
135401,135407,135408,1,6
135401,135407,135408,1,6
135401,135407,135408,1,6
134680,134690,135408,718,10
135401,135407,135408,1,6
135401,135408,135409,1,7
135401,135408,135409,1,7
135401,135408,135409,1,7
135401,135408,135409,1,7
135401,135408,135409,1,7
135401,135408,135409,1,7
135401,135408,135409,1,7
135401,135408,135409,1,7
135401,135408,135409,1,7
135401,135408,135409,1,7
135401,135408,135409,1,7
135401,135408,135409,1,7
135409,135409,135410,1,0
135409,135409,135410,1,0
135409,135409,135410,1,0
135409,135409,135410,1,0
135409,135409,135410,1,0
135409,135409,135410,1,0
135409,135409,135410,1,0
135409,135409,135410,1,0
135409,135409,135410,1,0
135409,135409,135410,1,0
135409,135409,135410,1,0
135409,135410,135411,1,1
135409,135410,135411,1,1
135409,135410,135411,1,1
135409,135410,135411,1,1
135409,135410,135411,1,1
135409,135410,135411,1,1
135409,135410,135411,1,1
135409,135411,135412,1,2
135409,135411,135412,1,2
135409,135410,135412,2,1
135409,135410,135411,1,1
135409,135410,135411,1,1
135409,135410,135411,1,1
135409,135411,135412,1,2
135409,135411,135412,1,2
135409,135410,135411,1,1
135409,135410,135412,2,1
135409,135410,135412,2,1
135409,135410,135411,1,1
135409,135411,135412,1,2
135409,135411,135412,1,2
135409,135411,135412,1,2
135409,135411,135412,1,2
135409,135412,135413,1,3
135409,135412,135413,1,3
135409,135411,135412,1,2
135409,135412,135413,1,3
135409,135412,135413,1,3
135409,135412,135413,1,3
135409,135412,135413,1,3
135409,135412,135413,1,3
135409,135412,135413,1,3
135409,135412,135413,1,3
135409,135411,135413,2,2
135409,135413,135414,1,4
135409,135412,135413,1,3
135409,135412,135413,1,3
135409,135412,135414,2,3
135409,135413,135414,1,4
135409,135412,135414,2,3
135409,135413,135414,1,4
135409,135413,135414,1,4
135409,135412,135413,1,3
135409,135413,135414,1,4
135409,135413,135414,1,4
135409,135414,135415,1,5
135409,135414,135415,1,5
135409,135414,135415,1,5
135409,135414,135415,1,5
135409,135414,135415,1,5
135409,135414,135415,1,5
135409,135414,135415,1,5
135409,135414,135415,1,5
135409,135414,135415,1,5
135409,135414,135415,1,5
135409,135414,135415,1,5
135409,135415,135416,1,6
135409,135415,135416,1,6
135409,135415,135416,1,6
135409,135415,135416,1,6
135409,135415,135416,1,6
135409,135415,135416,1,6
135409,135415,135416,1,6
135409,135415,135416,1,6
135409,135415,135416,1,6
135409,135415,135416,1,6
135409,135415,135416,1,6
135409,135415,135416,1,6
135409,135416,135417,1,7
135409,135416,135417,1,7
135409,135416,135417,1,7
135427,135427,135428,1,0
135427,135427,135428,1,0
135427,135427,135428,1,0
135427,135427,135428,1,0
135427,135427,135428,1,0
135427,135427,135428,1,0
135427,135427,135428,1,0
135427,135427,135428,1,0
135427,135427,135428,1,0
135427,135427,135428,1,0
135427,135428,135429,1,1
135427,135427,135429,2,0
135427,135427,135429,2,0
135427,135427,135429,2,0
135427,135428,135429,1,1
135427,135429,135430,1,2
135427,135429,135430,1,2
135427,135429,135430,1,2
135427,135429,135430,1,2
135427,135429,135430,1,2
135427,135429,135430,1,2
135427,135429,135430,1,2
135427,135429,135430,1,2
135427,135429,135430,1,2
135427,135430,135431,1,3
135427,135430,135431,1,3
135427,135430,135431,1,3
135427,135430,135431,1,3
135427,135431,135432,1,4
135427,135431,135432,1,4
135427,135431,135432,1,4
135427,135431,135432,1,4
135427,135433,135434,1,6
135427,135433,135434,1,6
135427,135433,135434,1,6
135427,135433,135434,1,6
135427,135433,135434,1,6
135427,135433,135434,1,6
135427,135433,135434,1,6
135427,135433,135434,1,6
135427,135434,135435,1,7
135427,135434,135435,1,7
135427,135434,135435,1,7
135427,135434,135435,1,7
135427,135434,135435,1,7
135427,135434,135435,1,7
135427,135434,135435,1,7
135427,135434,135435,1,7
135427,135434,135435,1,7
135427,135434,135435,1,7
135427,135434,135435,1,7
135427,135431,135438,7,4
134762,134768,135474,706,6
135477,135477,135478,1,0
135477,135477,135478,1,0
135477,135477,135478,1,0
135477,135477,135478,1,0
135477,135477,135478,1,0
135477,135477,135478,1,0
135477,135477,135478,1,0
135477,135477,135478,1,0
135477,135477,135478,1,0
135477,135478,135479,1,1
135477,135478,135479,1,1
135477,135478,135479,1,1
135477,135477,135478,1,0
135477,135477,135478,1,0
135477,135478,135479,1,1
135477,135478,135480,2,1
135477,135478,135479,1,1
135477,135478,135479,1,1
135477,135478,135479,1,1
135477,135478,135479,1,1
135477,135479,135480,1,2
135477,135479,135480,1,2
135477,135479,135480,1,2
135477,135478,135479,1,1
135477,135478,135479,1,1
135477,135478,135479,1,1
135477,135478,135479,1,1
135477,135479,135480,1,2
135477,135479,135480,1,2
135477,135479,135480,1,2
135477,135480,135481,1,3
135477,135480,135481,1,3
135477,135480,135481,1,3
135477,135479,135480,1,2
135477,135480,135481,1,3
135477,135480,135481,1,3
135477,135480,135481,1,3
135477,135480,135481,1,3
135477,135481,135482,1,4
135477,135480,135481,1,3
135477,135480,135481,1,3
135477,135480,135481,1,3
135477,135480,135481,1,3
135477,135480,135481,1,3
135477,135480,135481,1,3
135477,135481,135482,1,4
135477,135481,135482,1,4
135477,135481,135482,1,4
135477,135481,135482,1,4
135477,135481,135482,1,4
135477,135481,135482,1,4
135477,135480,135481,1,3
135477,135481,135482,1,4
135477,135481,135482,1,4
135477,135481,135482,1,4
135477,135482,135483,1,5
135477,135482,135483,1,5
135477,135482,135483,1,5
135477,135482,135483,1,5
135477,135482,135483,1,5
135477,135482,135483,1,5
135477,135482,135483,1,5
135477,135482,135483,1,5
135477,135482,135483,1,5
135477,135482,135483,1,5
135477,135482,135483,1,5
135477,135482,135483,1,5
135477,135482,135483,1,5
135477,135483,135484,1,6
135477,135482,135483,1,5
135477,135483,135484,1,6
135477,135483,135484,1,6
135477,135483,135484,1,6
135477,135483,135484,1,6
135477,135483,135484,1,6
135477,135483,135484,1,6
135477,135483,135484,1,6
135477,135483,135484,1,6
135477,135483,135484,1,6
135477,135484,135485,1,7
135477,135484,135485,1,7
135477,135484,135485,1,7
135477,135484,135485,1,7
135477,135484,135485,1,7
135477,135484,135485,1,7
135009,135016,135503,487,7
135504,135504,135505,1,0
135504,135504,135505,1,0
135504,135504,135505,1,0
135504,135504,135505,1,0
135504,135504,135505,1,0
135504,135505,135506,1,1
135504,135504,135505,1,0
135504,135504,135505,1,0
135504,135505,135506,1,1
135504,135505,135506,1,1
135504,135505,135506,1,1
135504,135504,135505,1,0
135504,135504,135505,1,0
135504,135505,135507,2,1
135504,135505,135506,1,1
135504,135505,135507,2,1
135504,135505,135506,1,1
135504,135505,135506,1,1
135504,135506,135507,1,2
135504,135505,135506,1,1
135504,135505,135506,1,1
135504,135506,135507,1,2
135504,135505,135506,1,1
135504,135505,135506,1,1
135504,135506,135507,1,2
135504,135506,135507,1,2
135504,135506,135507,1,2
135504,135506,135507,1,2
135504,135507,135508,1,3
135504,135507,135508,1,3
135504,135507,135508,1,3
135504,135507,135508,1,3
135504,135507,135508,1,3
135504,135506,135507,1,2
135504,135507,135508,1,3
135504,135507,135508,1,3
135504,135507,135508,1,3
135504,135507,135508,1,3
135504,135507,135508,1,3
135504,135507,135508,1,3
135504,135507,135508,1,3
135504,135507,135508,1,3
135504,135508,135509,1,4
135504,135508,135509,1,4
135504,135508,135509,1,4
135504,135508,135509,1,4
135504,135508,135509,1,4
135504,135508,135509,1,4
135504,135508,135509,1,4
135504,135508,135509,1,4
135504,135508,135509,1,4
135504,135508,135509,1,4
135504,135508,135509,1,4
135504,135508,135509,1,4
135504,135508,135509,1,4
135504,135508,135509,1,4
135504,135508,135509,1,4
135504,135509,135510,1,5
135504,135509,135510,1,5
135504,135509,135510,1,5
135504,135509,135510,1,5
135504,135509,135510,1,5
135504,135509,135510,1,5
135504,135509,135510,1,5
135504,135509,135510,1,5
135504,135509,135510,1,5
135504,135509,135510,1,5
135504,135509,135510,1,5
135504,135509,135510,1,5
135504,135510,135511,1,6
135504,135510,135511,1,6
135504,135510,135511,1,6
135504,135510,135511,1,6
135504,135509,135510,1,5
135504,135510,135511,1,6
135504,135510,135511,1,6
135504,135510,135511,1,6
135504,135509,135511,2,5
135504,135510,135511,1,6
135504,135510,135511,1,6
135504,135511,135512,1,7
135504,135511,135512,1,7
135504,135511,135512,1,7
134870,134878,135566,688,8
135568,135568,135569,1,0
135568,135568,135569,1,0
135568,135568,135569,1,0
135568,135568,135569,1,0
135568,135568,135569,1,0
135568,135568,135569,1,0
135568,135568,135569,1,0
135568,135568,135569,1,0
135568,135568,135569,1,0
135568,135568,135569,1,0
135568,135568,135569,1,0
135568,135568,135569,1,0
135568,135569,135570,1,1
135568,135568,135570,2,0
135568,135568,135570,2,0
135568,135569,135570,1,1
135568,135569,135570,1,1
135568,135568,135569,1,0
135568,135568,135570,2,0
135568,135568,135570,2,0
135568,135569,135570,1,1
135568,135569,135570,1,1
135568,135569,135570,1,1
135568,135569,135570,1,1
135568,135569,135570,1,1
135568,135570,135571,1,2
135568,135569,135571,2,1
135568,135570,135571,1,2
135568,135570,135571,1,2
135568,135569,135571,2,1
135568,135570,135571,1,2
135568,135571,135572,1,3
135568,135571,135572,1,3
135568,135569,135571,2,1
135568,135571,135572,1,3
135568,135570,135572,2,2
135568,135570,135572,2,2
135568,135571,135572,1,3
135568,135570,135572,2,2
135568,135571,135572,1,3
135568,135571,135572,1,3
135568,135572,135573,1,4
135568,135572,135573,1,4
135568,135572,135573,1,4
135568,135571,135573,2,3
135568,135572,135573,1,4
135568,135572,135573,1,4
135568,135572,135573,1,4
135568,135572,135573,1,4
135568,135573,135574,1,5
135568,135573,135574,1,5
135568,135573,135574,1,5
135568,135573,135574,1,5
135568,135573,135574,1,5
135568,135573,135574,1,5
135568,135573,135574,1,5
135568,135573,135574,1,5
135568,135574,135575,1,6
135568,135574,135575,1,6
135568,135573,135574,1,5
135568,135574,135575,1,6
135568,135574,135575,1,6
135568,135574,135575,1,6
135568,135574,135575,1,6
135568,135575,135576,1,7
135568,135574,135575,1,6
135568,135575,135576,1,7
135568,135575,135576,1,7
135568,135575,135576,1,7
135568,135575,135576,1,7
135568,135575,135576,1,7
135568,135575,135576,1,7
135062,135070,135576,506,8
135568,135575,135576,1,7
135594,135594,135595,1,0
135594,135594,135595,1,0
135594,135594,135595,1,0
135594,135594,135595,1,0
135594,135594,135595,1,0
135594,135594,135595,1,0
135594,135594,135595,1,0
135594,135594,135595,1,0
135594,135594,135595,1,0
135594,135594,135595,1,0
135594,135594,135595,1,0
135594,135594,135595,1,0
135594,135594,135595,1,0
135594,135595,135596,1,1
135594,135595,135596,1,1
135594,135595,135596,1,1
135594,135594,135595,1,0
135594,135594,135595,1,0
135594,135595,135596,1,1
135594,135595,135596,1,1
135594,135595,135596,1,1
135594,135595,135596,1,1
135594,135596,135597,1,2
135594,135595,135596,1,1
135594,135595,135596,1,1
135594,135595,135596,1,1
135594,135596,135597,1,2
135594,135596,135597,1,2
135594,135595,135597,2,1
135594,135595,135596,1,1
135594,135595,135596,1,1
135594,135595,135596,1,1
135594,135596,135597,1,2
135594,135595,135596,1,1
135594,135596,135597,1,2
135594,135596,135597,1,2
135594,135596,135597,1,2
135594,135597,135598,1,3
135594,135597,135598,1,3
135594,135597,135598,1,3
135594,135596,135597,1,2
135594,135597,135598,1,3
135594,135597,135598,1,3
135594,135597,135598,1,3
135594,135597,135598,1,3
135594,135597,135598,1,3
135594,135597,135598,1,3
135594,135597,135598,1,3
135594,135597,135598,1,3
135594,135597,135598,1,3
135594,135597,135598,1,3
135594,135598,135599,1,4
135594,135597,135598,1,3
135594,135598,135599,1,4
135594,135598,135599,1,4
135594,135598,135599,1,4
135594,135598,135599,1,4
135594,135598,135599,1,4
135594,135598,135599,1,4
135594,135598,135599,1,4
135594,135598,135599,1,4
135594,135596,135597,1,2
135594,135597,135598,1,3
135594,135599,135600,1,5
135594,135599,135600,1,5
135594,135599,135600,1,5
135594,135599,135600,1,5
135594,135598,135599,1,4
135594,135599,135600,1,5
135594,135599,135600,1,5
135594,135599,135600,1,5
135594,135599,135600,1,5
135594,135600,135601,1,6
135594,135600,135601,1,6
135594,135600,135601,1,6
135594,135600,135601,1,6
135594,135600,135601,1,6
135594,135600,135601,1,6
135594,135601,135602,1,7
135594,135602,135604,2,8
135594,135602,135604,2,8
135114,135122,135608,486,8
135617,135617,135618,1,0
135617,135617,135618,1,0
135617,135617,135618,1,0
135617,135617,135618,1,0
135617,135617,135618,1,0
135617,135617,135618,1,0
135617,135618,135619,1,1
135617,135618,135619,1,1
135617,135618,135619,1,1
135617,135618,135619,1,1
135617,135617,135619,2,0
135617,135619,135620,1,2
135617,135619,135620,1,2
135617,135619,135620,1,2
135617,135619,135620,1,2
135617,135618,135620,2,1
135617,135619,135620,1,2
135617,135620,135621,1,3
135617,135620,135621,1,3
135617,135620,135621,1,3
135617,135621,135622,1,4
135617,135620,135621,1,3
135617,135620,135621,1,3
135617,135620,135621,1,3
135617,135622,135623,1,5
135617,135622,135623,1,5
135617,135621,135622,1,4
135617,135621,135622,1,4
135617,135621,135622,1,4
135617,135620,135621,1,3
135617,135620,135622,2,3
135617,135621,135622,1,4
135617,135620,135622,2,3
135617,135621,135622,1,4
135617,135622,135623,1,5
135617,135623,135624,1,6
135617,135623,135624,1,6
135617,135623,135624,1,6
135617,135623,135624,1,6
135617,135623,135624,1,6
135617,135623,135624,1,6
135617,135623,135624,1,6
135617,135624,135625,1,7
135617,135624,135625,1,7
135617,135624,135625,1,7
135617,135624,135625,1,7
135617,135624,135625,1,7
135617,135624,135625,1,7
135617,135624,135625,1,7
135617,135623,135625,2,6
135617,135624,135625,1,7
135617,135625,135626,1,8
135617,135625,135626,1,8
135617,135625,135626,1,8
135617,135625,135626,1,8
135617,135624,135625,1,7
135617,135625,135626,1,8
135617,135625,135626,1,8
135617,135625,135626,1,8
135617,135625,135626,1,8
135617,135625,135626,1,8
135617,135625,135626,1,8
135617,135626,135627,1,9
135617,135626,135627,1,9
135617,135625,135627,2,8
135617,135625,135627,2,8
135617,135624,135634,10,7
134931,134938,135656,718,7
135658,135658,135659,1,0
135658,135658,135659,1,0
135658,135658,135659,1,0
135658,135658,135659,1,0
135658,135658,135659,1,0
135658,135658,135660,2,0
135658,135659,135660,1,1
135658,135659,135660,1,1
135658,135659,135660,1,1
135658,135658,135659,1,0
135658,135658,135659,1,0
135658,135659,135660,1,1
135658,135658,135659,1,0
135658,135658,135659,1,0
135658,135659,135660,1,1
135658,135659,135660,1,1
135658,135659,135660,1,1
135658,135660,135661,1,2
135658,135660,135661,1,2
135658,135660,135661,1,2
135658,135660,135661,1,2
135658,135659,135661,2,1
135658,135660,135661,1,2
135658,135660,135661,1,2
135658,135659,135660,1,1
135658,135660,135661,1,2
135658,135660,135661,1,2
135658,135661,135662,1,3
135658,135661,135662,1,3
135658,135661,135662,1,3
135658,135661,135662,1,3
135658,135660,135661,1,2
135658,135660,135662,2,2
135658,135660,135661,1,2
135658,135661,135662,1,3
135658,135660,135662,2,2
135658,135661,135662,1,3
135658,135661,135662,1,3
135658,135662,135663,1,4
135658,135662,135663,1,4
135658,135662,135663,1,4
135658,135662,135663,1,4
135658,135661,135662,1,3
135658,135662,135663,1,4
135658,135661,135662,1,3
135658,135661,135662,1,3
135658,135661,135662,1,3
135658,135661,135662,1,3
135658,135663,135664,1,5
135658,135663,135664,1,5
135658,135663,135664,1,5
135658,135663,135664,1,5
135658,135663,135664,1,5
135658,135662,135664,2,4
135658,135662,135664,2,4
135658,135663,135664,1,5
135658,135663,135664,1,5
135658,135663,135664,1,5
135658,135662,135663,1,4
135658,135663,135664,1,5
135658,135663,135664,1,5
135658,135664,135665,1,6
135658,135664,135665,1,6
135658,135664,135665,1,6
135658,135664,135665,1,6
135658,135664,135665,1,6
135658,135663,135666,3,5
135658,135665,135666,1,7
135658,135664,135665,1,6
135658,135665,135666,1,7
135658,135665,135666,1,7
135658,135665,135666,1,7
135658,135665,135666,1,7
135658,135665,135666,1,7
135658,135666,135667,1,8
135658,135666,135667,1,8
135658,135666,135667,1,8
135658,135666,135670,4,8
135658,135658,135677,19,0
135222,135229,135715,486,7
135716,135716,135717,1,0
135716,135716,135717,1,0
135716,135716,135717,1,0
135716,135716,135717,1,0
135716,135716,135717,1,0
135716,135716,135717,1,0
135716,135716,135717,1,0
135716,135716,135717,1,0
135716,135716,135717,1,0
135716,135716,135717,1,0
135716,135716,135717,1,0
135716,135716,135717,1,0
135716,135716,135717,1,0
135716,135717,135718,1,1
135716,135717,135718,1,1
135716,135717,135718,1,1
135716,135717,135718,1,1
135716,135717,135718,1,1
135716,135716,135717,1,0
135716,135716,135717,1,0
135716,135718,135719,1,2
135716,135717,135719,2,1
135716,135717,135718,1,1
135716,135717,135718,1,1
135716,135718,135719,1,2
135716,135718,135719,1,2
135716,135717,135718,1,1
135716,135717,135718,1,1
135716,135717,135719,2,1
135716,135717,135718,1,1
135716,135717,135719,2,1
135716,135718,135720,2,2
135716,135719,135720,1,3
135716,135718,135719,1,2
135716,135719,135720,1,3
135716,135718,135719,1,2
135716,135719,135720,1,3
135716,135719,135720,1,3
135716,135719,135720,1,3
135716,135719,135720,1,3
135716,135718,135720,2,2
135716,135718,135720,2,2
135716,135719,135720,1,3
135716,135720,135721,1,4
135716,135720,135721,1,4
135716,135721,135722,1,5
135716,135721,135722,1,5
135716,135721,135722,1,5
135716,135721,135722,1,5
135716,135721,135722,1,5
135716,135722,135723,1,6
135716,135721,135722,1,5
135716,135722,135723,1,6
135716,135721,135723,2,5
135716,135723,135724,1,7
135716,135723,135724,1,7
135716,135723,135724,1,7
135716,135723,135724,1,7
135716,135723,135724,1,7
135716,135723,135724,1,7
135716,135724,135725,1,8
135716,135724,135725,1,8
135716,135723,135725,2,7
135716,135724,135725,1,8
135226,135237,135726,489,11
135727,135727,135728,1,0
135727,135727,135728,1,0
135727,135727,135728,1,0
135727,135727,135728,1,0
135727,135727,135728,1,0
135727,135727,135728,1,0
135727,135727,135728,1,0
135727,135727,135729,2,0
135727,135727,135728,1,0
135727,135727,135729,2,0
135727,135727,135729,2,0
135727,135727,135729,2,0
135727,135728,135729,1,1
135727,135728,135729,1,1
135727,135727,135729,2,0
135727,135728,135730,2,1
135727,135728,135730,2,1
135727,135728,135730,2,1
135727,135728,135730,2,1
135727,135729,135730,1,2
135727,135728,135730,2,1
135727,135729,135730,1,2
135727,135729,135731,2,2
135727,135729,135731,2,2
135727,135730,135731,1,3
135727,135730,135731,1,3
135727,135730,135732,2,3
135727,135730,135731,1,3
135727,135730,135731,1,3
135727,135729,135732,3,2
135727,135731,135732,1,4
135727,135731,135732,1,4
135727,135731,135732,1,4
135727,135731,135732,1,4
135727,135731,135732,1,4
135727,135730,135732,2,3
135727,135731,135732,1,4
135727,135731,135732,1,4
135727,135732,135733,1,5
135727,135732,135733,1,5
135727,135732,135733,1,5
135727,135733,135734,1,6
135727,135732,135733,1,5
135727,135733,135734,1,6
135727,135733,135734,1,6
135727,135733,135734,1,6
135727,135734,135735,1,7
135727,135734,135735,1,7
135727,135734,135735,1,7
135727,135735,135736,1,8
135727,135735,135736,1,8
135727,135735,135736,1,8
135727,135735,135736,1,8
135727,135735,135736,1,8
135727,135735,135736,1,8
135727,135732,135735,3,5
135727,135736,135737,1,9
135727,135735,135736,1,8
135727,135736,135737,1,9
135727,135736,135737,1,9
135727,135736,135737,1,9
135727,135736,135737,1,9
135727,135737,135738,1,10
135727,135736,135737,1,9
135727,135736,135738,2,9
135716,135716,135741,25,0
135727,135735,135744,9,8
135727,135734,135758,24,7
135035,135042,135759,717,7
135771,135771,135772,1,0
135771,135771,135772,1,0
135771,135771,135772,1,0
135771,135771,135772,1,0
135771,135771,135772,1,0
135771,135771,135772,1,0
135771,135771,135772,1,0
135771,135771,135772,1,0
135771,135771,135772,1,0
135771,135771,135772,1,0
135771,135771,135772,1,0
135771,135771,135772,1,0
135771,135772,135773,1,1
135771,135771,135772,1,0
135771,135771,135773,2,0
135771,135771,135772,1,0
135771,135772,135773,1,1
135771,135772,135773,1,1
135771,135772,135773,1,1
135771,135772,135773,1,1
135771,135772,135773,1,1
135771,135772,135773,1,1
135771,135772,135773,1,1
135771,135772,135773,1,1
135771,135772,135773,1,1
135771,135771,135773,2,0
135771,135771,135773,2,0
135771,135773,135774,1,2
135771,135772,135774,2,1
135771,135773,135774,1,2
135771,135773,135774,1,2
135771,135773,135774,1,2
135771,135773,135774,1,2
135771,135773,135774,1,2
135771,135772,135774,2,1
135771,135773,135774,1,2
135771,135773,135774,1,2
135771,135773,135774,1,2
135771,135773,135775,2,2
135771,135774,135775,1,3
135771,135774,135775,1,3
135771,135774,135775,1,3
135771,135774,135775,1,3
135771,135774,135775,1,3
135771,135774,135775,1,3
135771,135773,135774,1,2
135771,135774,135775,1,3
135771,135774,135775,1,3
135771,135775,135776,1,4
135771,135775,135776,1,4
135771,135774,135775,1,3
135771,135775,135776,1,4
135771,135775,135776,1,4
135771,135775,135776,1,4
135771,135775,135776,1,4
135771,135775,135776,1,4
135771,135775,135776,1,4
135771,135776,135777,1,5
135771,135776,135777,1,5
135771,135776,135777,1,5
135771,135778,135779,1,7
135289,135295,135786,491,6
135796,135796,135797,1,0
135796,135796,135797,1,0
135796,135796,135797,1,0
135796,135796,135797,1,0
135796,135796,135797,1,0
135796,135796,135797,1,0
135796,135796,135797,1,0
135796,135796,135797,1,0
135796,135796,135798,2,0
135796,135796,135797,1,0
135796,135796,135798,2,0
135796,135797,135798,1,1
135796,135797,135798,1,1
135796,135797,135799,2,1
135796,135797,135799,2,1
135796,135797,135799,2,1
135796,135797,135798,1,1
135796,135797,135799,2,1
135796,135797,135799,2,1
135796,135797,135798,1,1
135796,135798,135799,1,2
135796,135798,135799,1,2
135796,135798,135799,1,2
135796,135797,135799,2,1
135796,135798,135800,2,2
135796,135797,135799,2,1
135796,135798,135800,2,2
135796,135798,135800,2,2
135796,135799,135800,1,3
135796,135799,135800,1,3
135796,135799,135801,2,3
135796,135800,135801,1,4
135796,135800,135801,1,4
135796,135800,135801,1,4
135796,135799,135800,1,3
135796,135799,135801,2,3
135796,135799,135800,1,3
135796,135799,135800,1,3
135796,135800,135801,1,4
135796,135799,135801,2,3
135796,135799,135801,2,3
135796,135800,135801,1,4
135796,135800,135801,1,4
135796,135800,135801,1,4
135796,135801,135802,1,5
135796,135801,135802,1,5
135796,135801,135802,1,5
135796,135801,135802,1,5
135796,135801,135802,1,5
135796,135801,135802,1,5
135796,135801,135802,1,5
135796,135800,135801,1,4
135796,135801,135802,1,5
135796,135801,135802,1,5
135796,135801,135802,1,5
135796,135801,135802,1,5
135796,135801,135802,1,5
135796,135802,135803,1,6
135796,135802,135803,1,6
135796,135802,135803,1,6
135796,135802,135803,1,6
135796,135802,135803,1,6
135796,135802,135803,1,6
135796,135802,135803,1,6
135796,135802,135803,1,6
135796,135802,135803,1,6
135796,135802,135803,1,6
135796,135802,135803,1,6
135796,135802,135803,1,6
135796,135802,135803,1,6
135796,135801,135802,1,5
135796,135802,135803,1,6
135796,135803,135804,1,7
135796,135803,135804,1,7
135796,135803,135804,1,7
135796,135803,135804,1,7
135796,135803,135804,1,7
135796,135803,135804,1,7
135796,135803,135804,1,7
135796,135803,135804,1,7
135796,135803,135804,1,7
135796,135803,135804,1,7
135796,135803,135804,1,7
135796,135803,135804,1,7
135796,135803,135804,1,7
135796,135803,135804,1,7
135796,135803,135804,1,7
135796,135803,135804,1,7
135796,135804,135805,1,8
135796,135803,135805,2,7
135037,135051,135819,768,14
135822,135822,135823,1,0
135822,135822,135823,1,0
135822,135822,135823,1,0
135822,135822,135823,1,0
135822,135822,135823,1,0
135822,135823,135824,1,1
135822,135823,135824,1,1
135822,135823,135824,1,1
135822,135822,135823,1,0
135822,135823,135824,1,1
135822,135823,135824,1,1
135822,135823,135824,1,1
135822,135824,135825,1,2
135822,135823,135824,1,1
135822,135824,135825,1,2
135822,135823,135824,1,1
135822,135824,135825,1,2
135822,135823,135824,1,1
135822,135824,135825,1,2
135822,135824,135825,1,2
135822,135824,135825,1,2
135822,135824,135825,1,2
135822,135824,135825,1,2
135822,135824,135825,1,2
135822,135822,135826,4,0
135822,135825,135826,1,3
135822,135825,135826,1,3
135822,135825,135826,1,3
135822,135824,135825,1,2
135822,135825,135826,1,3
135822,135825,135826,1,3
135822,135824,135825,1,2
135822,135825,135826,1,3
135822,135824,135825,1,2
135822,135825,135826,1,3
135822,135825,135826,1,3
135822,135825,135826,1,3
135822,135825,135826,1,3
135822,135826,135827,1,4
135822,135825,135826,1,3
135822,135826,135827,1,4
135822,135825,135826,1,3
135822,135826,135827,1,4
135822,135826,135827,1,4
135822,135825,135826,1,3
135822,135826,135827,1,4
135822,135826,135827,1,4
135822,135826,135827,1,4
135822,135826,135827,1,4
135822,135826,135827,1,4
135822,135826,135827,1,4
135822,135827,135828,1,5
135822,135826,135827,1,4
135822,135826,135827,1,4
135822,135827,135828,1,5
135822,135826,135827,1,4
135822,135827,135828,1,5
135822,135827,135828,1,5
135822,135827,135828,1,5
135822,135827,135828,1,5
135822,135827,135828,1,5
135822,135827,135828,1,5
135822,135827,135828,1,5
135822,135827,135828,1,5
135822,135826,135827,1,4
135822,135827,135828,1,5
135822,135828,135829,1,6
135822,135827,135828,1,5
135822,135828,135829,1,6
135822,135828,135829,1,6
135822,135828,135829,1,6
135822,135828,135829,1,6
135822,135828,135829,1,6
135822,135828,135829,1,6
135822,135828,135829,1,6
135822,135828,135829,1,6
135822,135828,135829,1,6
135822,135828,135829,1,6
135822,135828,135829,1,6
135822,135828,135829,1,6
135822,135828,135829,1,6
135822,135829,135830,1,7
135822,135829,135830,1,7
135822,135828,135830,2,6
135822,135828,135830,2,6
135116,135130,135836,706,14
135846,135846,135847,1,0
135846,135846,135847,1,0
135846,135846,135847,1,0
135846,135846,135847,1,0
135846,135846,135847,1,0
135846,135846,135847,1,0
135846,135846,135847,1,0
135846,135846,135848,2,0
135846,135846,135847,1,0
135846,135847,135848,1,1
135846,135847,135848,1,1
135846,135847,135848,1,1
135846,135847,135848,1,1
135846,135846,135847,1,0
135846,135848,135849,1,2
135846,135847,135848,1,1
135846,135847,135848,1,1
135846,135847,135848,1,1
135846,135847,135848,1,1
135846,135847,135848,1,1
135846,135847,135848,1,1
135846,135847,135848,1,1
135846,135847,135848,1,1
135846,135847,135848,1,1
135846,135847,135848,1,1
135846,135848,135850,2,2
135846,135848,135850,2,2
135846,135849,135850,1,3
135846,135849,135850,1,3
135846,135849,135850,1,3
135846,135848,135849,1,2
135846,135848,135849,1,2
135846,135848,135849,1,2
135846,135848,135849,1,2
135846,135849,135850,1,3
135846,135849,135850,1,3
135846,135849,135850,1,3
135846,135849,135850,1,3
135846,135849,135850,1,3
135846,135849,135850,1,3
135846,135849,135850,1,3
135846,135849,135851,2,3
135846,135850,135851,1,4
135846,135850,135851,1,4
135846,135850,135851,1,4
135846,135850,135851,1,4
135846,135850,135851,1,4
135846,135850,135851,1,4
135846,135850,135851,1,4
135846,135850,135851,1,4
135846,135850,135851,1,4
135846,135850,135851,1,4
135846,135850,135851,1,4
135846,135850,135851,1,4
135846,135850,135851,1,4
135846,135850,135851,1,4
135846,135851,135852,1,5
135846,135851,135852,1,5
135846,135851,135852,1,5
135846,135851,135852,1,5
135846,135851,135852,1,5
135846,135851,135852,1,5
135846,135851,135852,1,5
135846,135851,135852,1,5
135846,135851,135852,1,5
135846,135851,135852,1,5
135846,135851,135852,1,5
135846,135851,135852,1,5
135846,135852,135853,1,6
135846,135852,135853,1,6
135846,135852,135853,1,6
135846,135852,135853,1,6
135846,135852,135853,1,6
135846,135852,135853,1,6
135846,135852,135853,1,6
135846,135852,135853,1,6
135846,135852,135853,1,6
135846,135852,135853,1,6
135846,135853,135854,1,7
135846,135853,135854,1,7
135846,135853,135854,1,7
135846,135853,135854,1,7
135372,135379,135862,483,7
135872,135872,135873,1,0
135872,135872,135873,1,0
135872,135872,135873,1,0
135872,135873,135874,1,1
135872,135873,135874,1,1
135872,135873,135874,1,1
135872,135873,135874,1,1
135872,135873,135874,1,1
135872,135873,135874,1,1
135872,135874,135875,1,2
135872,135874,135875,1,2
135872,135874,135875,1,2
135872,135874,135875,1,2
135872,135874,135875,1,2
135872,135874,135875,1,2
135872,135874,135875,1,2
135872,135874,135875,1,2
135872,135874,135875,1,2
135872,135874,135875,1,2
135872,135875,135876,1,3
135872,135875,135876,1,3
135872,135875,135876,1,3
135872,135875,135877,2,3
135872,135875,135876,1,3
135872,135876,135877,1,4
135872,135876,135877,1,4
135872,135876,135878,2,4
135872,135876,135877,1,4
135872,135876,135877,1,4
135872,135876,135877,1,4
135872,135877,135878,1,5
135872,135873,135877,4,1
135872,135875,135877,2,3
135872,135876,135877,1,4
135872,135877,135878,1,5
135872,135876,135877,1,4
135872,135876,135877,1,4
135872,135876,135877,1,4
135872,135877,135878,1,5
135872,135877,135878,1,5
135872,135878,135879,1,6
135872,135878,135879,1,6
135872,135878,135879,1,6
135872,135878,135879,1,6
135872,135877,135878,1,5
135872,135878,135879,1,6
135872,135878,135879,1,6
135872,135878,135879,1,6
135872,135878,135879,1,6
135872,135878,135879,1,6
135872,135878,135879,1,6
135872,135879,135880,1,7
135872,135878,135879,1,6
135872,135878,135879,1,6
135872,135879,135880,1,7
135872,135879,135880,1,7
135872,135879,135880,1,7
135872,135879,135880,1,7
135872,135879,135880,1,7
135872,135879,135880,1,7
135872,135879,135880,1,7
135872,135880,135881,1,8
135872,135880,135881,1,8
135872,135880,135881,1,8
135872,135880,135881,1,8
135872,135880,135881,1,8
135872,135880,135881,1,8
135872,135880,135881,1,8
135872,135880,135881,1,8
135872,135880,135881,1,8
135872,135880,135881,1,8
135872,135880,135881,1,8
135872,135880,135881,1,8
135872,135881,135882,1,9
135872,135881,135882,1,9
135872,135881,135882,1,9
135141,135147,135887,740,6
135403,135409,135898,489,6
135899,135900,135901,1,1
135899,135900,135901,1,1
135899,135900,135901,1,1
135899,135900,135901,1,1
135899,135900,135901,1,1
135190,135197,135901,704,7
135899,135901,135902,1,2
135899,135900,135901,1,1
135899,135900,135901,1,1
135899,135900,135901,1,1
135899,135900,135901,1,1
135899,135900,135901,1,1
135899,135901,135902,1,2
135899,135900,135901,1,1
135899,135901,135902,1,2
135899,135901,135902,1,2
135899,135900,135901,1,1
135899,135901,135902,1,2
135899,135901,135902,1,2
135899,135902,135903,1,3
135899,135902,135903,1,3
135899,135902,135903,1,3
135899,135902,135903,1,3
135899,135902,135903,1,3
135899,135902,135903,1,3
135899,135902,135903,1,3
135899,135902,135903,1,3
135899,135902,135903,1,3
135899,135902,135903,1,3
135899,135902,135903,1,3
135899,135902,135903,1,3
135899,135902,135903,1,3
135899,135902,135903,1,3
135899,135902,135903,1,3
135899,135903,135904,1,4
135899,135903,135904,1,4
135899,135903,135904,1,4
135899,135903,135904,1,4
135899,135903,135904,1,4
135899,135903,135904,1,4
135899,135903,135904,1,4
135899,135903,135904,1,4
135899,135903,135904,1,4
135899,135903,135904,1,4
135899,135903,135904,1,4
135899,135904,135905,1,5
135899,135904,135905,1,5
135899,135904,135905,1,5
135899,135904,135905,1,5
135899,135904,135905,1,5
135899,135900,135903,3,1
135899,135904,135905,1,5
135899,135904,135905,1,5
135899,135904,135905,1,5
135899,135904,135905,1,5
135899,135904,135905,1,5
135899,135904,135905,1,5
135899,135904,135905,1,5
135899,135904,135905,1,5
135899,135904,135905,1,5
135899,135904,135905,1,5
135899,135904,135905,1,5
135899,135905,135906,1,6
135899,135905,135906,1,6
135899,135905,135906,1,6
135899,135905,135906,1,6
135899,135905,135906,1,6
135899,135905,135906,1,6
135899,135905,135906,1,6
135899,135905,135906,1,6
135899,135905,135906,1,6
135899,135905,135907,2,6
135899,135906,135907,1,7
135899,135906,135907,1,7
135899,135907,135908,1,8
135899,135906,135907,1,7
135899,135906,135907,1,7
135899,135906,135907,1,7
135899,135906,135907,1,7
135899,135906,135908,2,7
135899,135906,135908,2,7
135899,135906,135908,2,7
135899,135907,135908,1,8
135899,135907,135908,1,8
135899,135907,135908,1,8
135899,135907,135908,1,8
135899,135907,135908,1,8
135899,135907,135908,1,8
135899,135908,135909,1,9
135899,135906,135908,2,7
135899,135908,135909,1,9
135899,135908,135909,1,9
135899,135908,135909,1,9
135899,135908,135909,1,9
135899,135909,135910,1,10
135899,135908,135909,1,9
135899,135908,135909,1,9
135899,135908,135909,1,9
135899,135908,135910,2,9
135899,135908,135910,2,9
135899,135908,135910,2,9
135899,135909,135910,1,10
135899,135909,135910,1,10
135899,135910,135911,1,11
135899,135909,135910,1,10
135899,135909,135910,1,10
135899,135909,135910,1,10
135899,135910,135911,1,11
135899,135909,135910,1,10
135899,135910,135911,1,11
135899,135909,135911,2,10
135899,135910,135911,1,11
135899,135910,135911,1,11
135899,135910,135911,1,11
135899,135910,135911,1,11
135899,135910,135911,1,11
135899,135910,135911,1,11
135899,135911,135912,1,12
135899,135911,135912,1,12
135899,135911,135912,1,12
135899,135911,135912,1,12
135899,135911,135912,1,12
135899,135911,135912,1,12
135899,135911,135912,1,12
135899,135912,135913,1,13
135899,135912,135913,1,13
135899,135912,135913,1,13
135899,135912,135913,1,13
135899,135912,135913,1,13
135899,135912,135913,1,13
135899,135912,135913,1,13
135899,135912,135913,1,13
135899,135912,135913,1,13
135899,135912,135913,1,13
135899,135913,135914,1,14
135899,135913,135914,1,14
135899,135913,135914,1,14
135899,135913,135914,1,14
135899,135913,135914,1,14
135899,135913,135914,1,14
135899,135913,135914,1,14
135903,135913,135914,1,10
135903,135913,135914,1,10
135903,135914,135915,1,11
135903,135914,135915,1,11
135903,135914,135915,1,11
135903,135914,135915,1,11
135903,135914,135915,1,11
135903,135914,135915,1,11
135903,135914,135915,1,11
135903,135914,135915,1,11
135903,135914,135915,1,11
135903,135914,135915,1,11
135903,135914,135915,1,11
135903,135915,135916,1,12
135903,135915,135916,1,12
135903,135915,135916,1,12
135903,135915,135916,1,12
135903,135915,135916,1,12
135903,135915,135916,1,12
135903,135915,135916,1,12
135903,135915,135916,1,12
135903,135915,135916,1,12
135903,135915,135916,1,12
135903,135914,135916,2,11
135903,135915,135916,1,12
135903,135916,135917,1,13
135903,135916,135917,1,13
135903,135915,135916,1,12
135903,135916,135917,1,13
135903,135916,135917,1,13
135903,135916,135917,1,13
135903,135916,135917,1,13
135903,135916,135917,1,13
135903,135916,135917,1,13
135903,135916,135917,1,13
135903,135916,135917,1,13
135903,135916,135917,1,13
135903,135916,135917,1,13
135903,135916,135917,1,13
135903,135917,135918,1,14
135903,135917,135918,1,14
135903,135917,135918,1,14
135903,135917,135918,1,14
135903,135917,135918,1,14
135903,135917,135918,1,14
135903,135917,135918,1,14
135903,135917,135918,1,14
135903,135917,135918,1,14
135903,135917,135918,1,14
135903,135917,135918,1,14
135903,135917,135918,1,14
135903,135918,135919,1,15
135903,135918,135919,1,15
135903,135918,135919,1,15
135903,135918,135919,1,15
135903,135918,135919,1,15
135903,135918,135919,1,15
135903,135918,135919,1,15
135903,135918,135919,1,15
135903,135918,135919,1,15
135903,135918,135919,1,15
135903,135919,135920,1,16
135903,135919,135920,1,16
135903,135919,135920,1,16
135903,135919,135920,1,16
135903,135919,135920,1,16
135903,135919,135920,1,16
135903,135919,135920,1,16
135903,135920,135921,1,17
135903,135920,135921,1,17
135903,135920,135921,1,17
135903,135920,135921,1,17
135903,135920,135921,1,17
135903,135920,135921,1,17
135903,135920,135921,1,17
135899,135907,135923,16,8
135429,135435,135926,491,6
135939,135939,135940,1,0
135939,135939,135940,1,0
135939,135939,135940,1,0
135939,135939,135940,1,0
135939,135939,135940,1,0
135939,135939,135940,1,0
135939,135939,135940,1,0
135939,135939,135940,1,0
135939,135939,135940,1,0
135939,135939,135940,1,0
135939,135939,135940,1,0
135939,135939,135941,2,0
135939,135939,135940,1,0
135939,135939,135940,1,0
135939,135940,135941,1,1
135939,135940,135941,1,1
135939,135940,135941,1,1
135939,135939,135940,1,0
135939,135940,135941,1,1
135939,135939,135941,2,0
135939,135941,135942,1,2
135939,135940,135942,2,1
135939,135940,135942,2,1
135939,135941,135942,1,2
135939,135941,135942,1,2
135939,135941,135942,1,2
135939,135940,135942,2,1
135939,135940,135942,2,1
135939,135941,135942,1,2
135939,135940,135942,2,1
135939,135940,135941,1,1
135939,135941,135942,1,2
135939,135941,135942,1,2
135939,135939,135943,4,0
135939,135941,135943,2,2
135939,135942,135943,1,3
135939,135942,135943,1,3
135939,135942,135943,1,3
135939,135943,135944,1,4
135939,135943,135944,1,4
135939,135943,135944,1,4
135939,135943,135944,1,4
135939,135943,135944,1,4
135939,135943,135944,1,4
135939,135944,135945,1,5
135939,135944,135945,1,5
135939,135943,135945,2,4
135939,135943,135945,2,4
135939,135943,135945,2,4
135939,135943,135945,2,4
135939,135945,135946,1,6
135939,135945,135946,1,6
135939,135945,135947,2,6
135939,135946,135947,1,7
135939,135946,135947,1,7
135939,135946,135947,1,7
135939,135946,135947,1,7
135939,135946,135947,1,7
135939,135946,135947,1,7
135939,135946,135947,1,7
135939,135946,135947,1,7
135939,135946,135947,1,7
135939,135946,135947,1,7
135939,135946,135947,1,7
135939,135946,135947,1,7
135939,135946,135947,1,7
135939,135946,135947,1,7
135939,135948,135949,1,9
135939,135945,135947,2,6
135939,135948,135949,1,9
135939,135948,135950,2,9
135939,135949,135950,1,10
135251,135258,135986,728,7
135989,135989,135990,1,0
135989,135989,135990,1,0
135989,135989,135990,1,0
135989,135989,135990,1,0
135989,135989,135990,1,0
135989,135989,135990,1,0
135989,135989,135991,2,0
135989,135989,135990,1,0
135989,135989,135991,2,0
135989,135990,135991,1,1
135989,135990,135991,1,1
135989,135990,135991,1,1
135989,135990,135991,1,1
135989,135990,135991,1,1
135989,135990,135992,2,1
135989,135990,135992,2,1
135989,135990,135991,1,1
135505,135511,135991,480,6
135989,135990,135992,2,1
135989,135991,135993,2,2
135989,135991,135992,1,2
135989,135991,135992,1,2
135989,135991,135992,1,2
135989,135991,135992,1,2
135989,135992,135993,1,3
135989,135991,135993,2,2
135989,135992,135993,1,3
135989,135992,135993,1,3
135989,135992,135993,1,3
135989,135991,135993,2,2
135989,135992,135994,2,3
135989,135992,135994,2,3
135989,135992,135993,1,3
135989,135992,135993,1,3
135989,135993,135994,1,4
135989,135993,135994,1,4
135989,135992,135993,1,3
135989,135993,135994,1,4
135989,135993,135994,1,4
135989,135993,135994,1,4
135989,135993,135994,1,4
135989,135994,135995,1,5
135989,135994,135995,1,5
135989,135994,135995,1,5
135989,135994,135995,1,5
135989,135994,135995,1,5
135989,135994,135995,1,5
135989,135994,135995,1,5
135989,135994,135995,1,5
135989,135993,135994,1,4
135989,135994,135995,1,5
135989,135994,135995,1,5
135989,135994,135995,1,5
135989,135994,135995,1,5
135989,135995,135996,1,6
135989,135995,135996,1,6
135989,135995,135996,1,6
135989,135995,135996,1,6
135989,135995,135996,1,6
135989,135995,135996,1,6
135989,135995,135996,1,6
135989,135995,135996,1,6
135989,135995,135996,1,6
135989,135995,135996,1,6
135989,135995,135996,1,6
135989,135995,135996,1,6
135989,135995,135996,1,6
135989,135996,135997,1,7
135989,135995,135996,1,6
135989,135996,135997,1,7
135989,135996,135997,1,7
135989,135996,135997,1,7
135989,135996,135997,1,7
135989,135996,135997,1,7
135989,135996,135997,1,7
135989,135996,135997,1,7
135989,135996,135997,1,7
135989,135996,135997,1,7
135989,135996,135997,1,7
135989,135996,135997,1,7
135989,135996,135997,1,7
135989,135996,135997,1,7
135989,135989,135997,8,0
135989,135997,135998,1,8
135989,135997,135998,1,8
135989,135997,135998,1,8
135989,135997,135998,1,8
135989,135997,135998,1,8
135993,135997,135998,1,4
135993,135997,135998,1,4
135993,135997,135998,1,4
135993,135997,135998,1,4
135993,135997,135998,1,4
135993,135997,135998,1,4
135993,135997,135998,1,4
135993,135998,135999,1,5
135993,135998,135999,1,5
135993,135998,135999,1,5
135993,135998,135999,1,5
135993,135998,136000,2,5
135993,135998,135999,1,5
135993,135999,136000,1,6
135993,135999,136000,1,6
135993,135999,136000,1,6
135993,135999,136000,1,6
135993,136000,136001,1,7
135993,135999,136000,1,6
135993,135999,136001,2,6
135993,136000,136001,1,7
135993,136000,136001,1,7
135993,136000,136001,1,7
135993,136000,136001,1,7
135993,136000,136001,1,7
135993,136000,136001,1,7
135993,136000,136001,1,7
135993,136000,136002,2,7
135993,136000,136002,2,7
135993,136000,136002,2,7
135993,136000,136001,1,7
135993,136001,136002,1,8
135993,136001,136002,1,8
135993,136001,136002,1,8
135993,136001,136002,1,8
135993,136002,136003,1,9
135993,136002,136003,1,9
135993,136002,136003,1,9
135993,136002,136003,1,9
135993,136002,136003,1,9
135993,136002,136003,1,9
135993,136001,136003,2,8
135993,136002,136003,1,9
135993,136002,136003,1,9
135993,136002,136003,1,9
135993,136003,136004,1,10
135993,136003,136004,1,10
135993,136003,136004,1,10
135993,136003,136004,1,10
135993,136003,136004,1,10
135993,136003,136004,1,10
135993,136003,136004,1,10
135993,136003,136004,1,10
135993,136003,136004,1,10
135993,136004,136005,1,11
135993,136004,136005,1,11
135993,136004,136005,1,11
135993,136004,136005,1,11
135993,136005,136006,1,12
135993,136005,136006,1,12
135993,136005,136006,1,12
135993,136005,136006,1,12
135993,136005,136006,1,12
135993,136005,136006,1,12
135993,136005,136006,1,12
135993,136004,136005,1,11
135993,136005,136006,1,12
135319,135326,136035,709,7
136037,136037,136038,1,0
136037,136037,136038,1,0
136037,136037,136038,1,0
136037,136037,136038,1,0
136037,136037,136038,1,0
136037,136037,136038,1,0
136037,136037,136039,2,0
136037,136037,136039,2,0
136037,136037,136038,1,0
136037,136037,136039,2,0
136037,136037,136039,2,0
136037,136038,136039,1,1
136037,136038,136039,1,1
136037,136038,136039,1,1
136037,136038,136039,1,1
136037,136038,136039,1,1
136037,136038,136040,2,1
136037,136039,136041,2,2
136037,136039,136040,1,2
136037,136039,136040,1,2
136037,136039,136040,1,2
136037,136038,136040,2,1
136037,136039,136041,2,2
136037,136040,136041,1,3
136037,136040,136041,1,3
136037,136039,136041,2,2
136037,136040,136041,1,3
136037,136040,136041,1,3
136037,136040,136041,1,3
136037,136040,136041,1,3
136037,136039,136041,2,2
136037,136040,136042,2,3
136037,136042,136043,1,5
136037,136041,136043,2,4
136037,136037,136042,5,0
136037,136041,136042,1,4
136037,136041,136042,1,4
136037,136041,136042,1,4
136037,136042,136043,1,5
136037,136041,136042,1,4
136037,136042,136043,1,5
136037,136042,136043,1,5
136037,136042,136043,1,5
136037,136043,136044,1,6
136037,136043,136044,1,6
136037,136043,136044,1,6
136037,136042,136043,1,5
136037,136042,136043,1,5
136037,136043,136044,1,6
136037,136043,136044,1,6
136037,136043,136044,1,6
136037,136043,136044,1,6
136037,136044,136045,1,7
136037,136044,136045,1,7
136037,136043,136044,1,6
136037,136044,136045,1,7
136037,136044,136045,1,7
136037,136044,136045,1,7
136037,136044,136045,1,7
136037,136044,136045,1,7
136037,136044,136045,1,7
136037,136044,136045,1,7
136037,136044,136045,1,7
136037,136044,136045,1,7
136037,136044,136045,1,7
136037,136045,136046,1,8
136037,136045,136046,1,8
136037,136045,136046,1,8
136037,136045,136046,1,8
136037,136045,136046,1,8
136037,136045,136046,1,8
136037,136045,136046,1,8
136037,136045,136046,1,8
136037,136045,136046,1,8
136037,136045,136046,1,8
136037,136045,136046,1,8
136037,136045,136046,1,8
136037,136045,136046,1,8
136037,136045,136046,1,8
136037,136045,136046,1,8
136037,136046,136047,1,9
136037,136046,136047,1,9
136037,136046,136047,1,9
136037,136046,136047,1,9
136037,136046,136047,1,9
136037,136046,136047,1,9
136037,136046,136047,1,9
136037,136046,136047,1,9
136037,136037,136049,12,0
135570,135576,136049,473,6
136069,136069,136070,1,0
136069,136069,136070,1,0
136069,136069,136070,1,0
136069,136069,136070,1,0
136069,136069,136070,1,0
136069,136069,136070,1,0
136069,136069,136070,1,0
136069,136069,136070,1,0
136069,136069,136070,1,0
136069,136070,136071,1,1
136069,136070,136071,1,1
136069,136070,136071,1,1
136069,136070,136071,1,1
136069,136070,136071,1,1
136069,136070,136071,1,1
136069,136070,136071,1,1
136069,136069,136070,1,0
136069,136070,136071,1,1
136069,136070,136071,1,1
136069,136070,136071,1,1
136069,136070,136071,1,1
136069,136070,136071,1,1
136069,136070,136072,2,1
136069,136071,136072,1,2
136069,136071,136072,1,2
136069,136071,136072,1,2
136069,136071,136072,1,2
136069,136070,136071,1,1
136069,136071,136072,1,2
136069,136071,136072,1,2
136069,136071,136072,1,2
136069,136071,136072,1,2
136069,136072,136073,1,3
136069,136071,136072,1,2
136069,136071,136072,1,2
136069,136071,136072,1,2
136069,136072,136073,1,3
136069,136072,136073,1,3
136069,136072,136073,1,3
136069,136072,136073,1,3
136069,136071,136072,1,2
136069,136071,136072,1,2
136069,136072,136073,1,3
136069,136072,136073,1,3
136069,136072,136073,1,3
136069,136072,136073,1,3
136069,136073,136074,1,4
136069,136072,136073,1,3
136069,136072,136073,1,3
136069,136073,136074,1,4
136069,136073,136074,1,4
136069,136073,136074,1,4
136069,136073,136074,1,4
136069,136073,136074,1,4
136069,136073,136074,1,4
136069,136073,136074,1,4
136069,136073,136074,1,4
136069,136073,136074,1,4
136069,136073,136074,1,4
136069,136073,136074,1,4
136069,136073,136074,1,4
136069,136073,136074,1,4
136069,136074,136075,1,5
136069,136074,136075,1,5
136069,136074,136075,1,5
136069,136074,136075,1,5
136069,136073,136074,1,4
136069,136074,136075,1,5
136069,136074,136075,1,5
136069,136074,136075,1,5
136069,136074,136075,1,5
136069,136074,136075,1,5
136069,136074,136075,1,5
136069,136074,136075,1,5
136069,136074,136075,1,5
136069,136074,136075,1,5
136069,136074,136075,1,5
136069,136074,136075,1,5
136069,136074,136075,1,5
136069,136075,136076,1,6
136069,136075,136076,1,6
136069,136075,136076,1,6
136069,136075,136076,1,6
136069,136075,136076,1,6
136069,136075,136076,1,6
136069,136075,136076,1,6
136069,136075,136076,1,6
136069,136075,136076,1,6
136069,136075,136076,1,6
136069,136075,136076,1,6
136069,136075,136077,2,6
135410,135416,136119,703,6
136120,136120,136121,1,0
136120,136120,136121,1,0
136120,136120,136121,1,0
136120,136120,136121,1,0
136120,136120,136121,1,0
136120,136120,136121,1,0
136120,136120,136121,1,0
136120,136120,136121,1,0
136120,136120,136121,1,0
136120,136120,136122,2,0
136120,136120,136122,2,0
136120,136120,136122,2,0
136120,136120,136121,1,0
136120,136120,136122,2,0
136120,136121,136122,1,1
136120,136121,136123,2,1
136120,136121,136122,1,1
136120,136121,136123,2,1
136120,136121,136123,2,1
136120,136121,136123,2,1
136120,136121,136123,2,1
136120,136121,136123,2,1
136120,136121,136123,2,1
136120,136120,136124,4,0
136120,136120,136124,4,0
136120,136122,136124,2,2
136120,136122,136124,2,2
136120,136122,136124,2,2
136120,136122,136124,2,2
136120,136123,136124,1,3
136120,136122,136125,3,2
136120,136123,136124,1,3
136120,136123,136124,1,3
136120,136123,136124,1,3
136120,136124,136125,1,4
136120,136123,136125,2,3
136120,136123,136125,2,3
136120,136123,136125,2,3
136120,136123,136124,1,3
136120,136124,136125,1,4
136120,136123,136125,2,3
136120,136124,136125,1,4
136120,136124,136126,2,4
136120,136125,136126,1,5
136120,136125,136126,1,5
136120,136125,136126,1,5
136120,136124,136126,2,4
136120,136126,136127,1,6
136120,136125,136126,1,5
136120,136125,136126,1,5
136120,136125,136127,2,5
136120,136126,136127,1,6
136120,136126,136127,1,6
136120,136126,136127,1,6
136120,136127,136128,1,7
136120,136127,136128,1,7
136120,136126,136127,1,6
136120,136127,136128,1,7
136120,136128,136129,1,8
136120,136128,136129,1,8
136120,136128,136129,1,8
136120,136128,136129,1,8
136120,136129,136130,1,9
136120,136128,136130,2,8
136120,136129,136130,1,9
136120,136121,136136,15,1
135478,135484,136209,725,6
136210,136210,136211,1,0
136210,136210,136211,1,0
136210,136210,136211,1,0
136210,136210,136211,1,0
136210,136210,136211,1,0
136210,136210,136211,1,0
136210,136210,136211,1,0
136210,136210,136211,1,0
136210,136210,136211,1,0
136210,136210,136211,1,0
136210,136210,136211,1,0
136210,136211,136212,1,1
136210,136210,136211,1,0
136210,136210,136211,1,0
136210,136210,136212,2,0
136210,136210,136211,1,0
136210,136210,136211,1,0
136210,136211,136212,1,1
136210,136211,136212,1,1
136210,136211,136212,1,1
136210,136211,136212,1,1
136210,136210,136212,2,0
136210,136211,136212,1,1
136210,136212,136213,1,2
136210,136211,136213,2,1
136210,136211,136212,1,1
136210,136211,136212,1,1
136210,136211,136212,1,1
136210,136212,136213,1,2
136210,136212,136213,1,2
136210,136212,136213,1,2
136210,136211,136214,3,1
136210,136213,136214,1,3
136210,136212,136214,2,2
136210,136212,136214,2,2
136210,136212,136214,2,2
136210,136212,136214,2,2
136210,136212,136213,1,2
136210,136212,136213,1,2
136210,136213,136214,1,3
136210,136212,136213,1,2
136210,136212,136213,1,2
136210,136213,136214,1,3
136210,136213,136214,1,3
136210,136213,136214,1,3
136210,136214,136215,1,4
136210,136213,136215,2,3
136210,136213,136215,2,3
136210,136213,136214,1,3
136210,136214,136215,1,4
136210,136214,136215,1,4
136210,136214,136215,1,4
136210,136214,136215,1,4
136210,136214,136215,1,4
136210,136214,136215,1,4
136210,136214,136215,1,4
136210,136214,136215,1,4
136210,136214,136216,2,4
136210,136214,136216,2,4
136210,136214,136216,2,4
136210,136214,136216,2,4
136210,136214,136215,1,4
136210,136215,136216,1,5
136210,136215,136216,1,5
136210,136215,136216,1,5
136210,136215,136216,1,5
136210,136215,136217,2,5
136210,136215,136217,2,5
136210,136216,136217,1,6
136210,136217,136218,1,7
136210,136216,136218,2,6
136210,136216,136217,1,6
136210,136217,136218,1,7
136210,136217,136218,1,7
136210,136218,136219,1,8
136210,136218,136219,1,8
135728,135737,136221,484,9
136210,136216,136223,7,6
136223,136223,136224,1,0
136223,136223,136224,1,0
136223,136223,136224,1,0
136223,136223,136224,1,0
136223,136223,136224,1,0
136223,136223,136224,1,0
136223,136223,136224,1,0
136223,136223,136224,1,0
136223,136223,136224,1,0
136223,136224,136225,1,1
136223,136224,136225,1,1
136223,136223,136224,1,0
136223,136223,136224,1,0
136223,136223,136225,2,0
136223,136224,136225,1,1
136223,136224,136225,1,1
136223,136223,136225,2,0
136223,136223,136225,2,0
136223,136224,136225,1,1
136223,136224,136225,1,1
136223,136224,136225,1,1
136223,136225,136226,1,2
136223,136225,136226,1,2
136223,136224,136226,2,1
136223,136224,136226,2,1
136223,136224,136226,2,1
136223,136225,136227,2,2
136223,136225,136227,2,2
136223,136225,136227,2,2
136223,136225,136227,2,2
136223,136226,136227,1,3
136223,136226,136227,1,3
136223,136227,136228,1,4
136223,136226,136227,1,3
136223,136227,136228,1,4
136223,136227,136228,1,4
136223,136227,136228,1,4
136223,136228,136229,1,5
136223,136228,136229,1,5
136223,136228,136229,1,5
136223,136228,136229,1,5
136223,136228,136229,1,5
136223,136228,136229,1,5
136223,136229,136230,1,6
136223,136229,136230,1,6
136223,136229,136230,1,6
136223,136230,136231,1,7
136223,136230,136231,1,7
136223,136230,136231,1,7
136223,136230,136231,1,7
136223,136229,136230,1,6
136223,136229,136230,1,6
136223,136230,136231,1,7
136223,136230,136231,1,7
136223,136230,136231,1,7
136223,136230,136231,1,7
136223,136231,136232,1,8
136223,136231,136232,1,8
136223,136231,136232,1,8
136223,136230,136231,1,7
136223,136231,136232,1,8
136223,136230,136231,1,7
136223,136231,136232,1,8
136223,136231,136232,1,8
136223,136231,136232,1,8
136223,136231,136232,1,8
136223,136231,136232,1,8
136223,136232,136233,1,9
136223,136231,136232,1,8
136223,136232,136233,1,9
136223,136225,136240,15,2
135772,135778,136261,483,6
136263,136263,136264,1,0
136263,136263,136264,1,0
136263,136263,136264,1,0
136263,136263,136264,1,0
136263,136263,136264,1,0
136263,136263,136264,1,0
136263,136263,136264,1,0
136263,136263,136264,1,0
136263,136263,136264,1,0
136263,136263,136264,1,0
136263,136263,136264,1,0
136263,136263,136264,1,0
136263,136263,136265,2,0
136263,136263,136264,1,0
136263,136263,136265,2,0
136263,136263,136264,1,0
136263,136264,136265,1,1
136263,136264,136265,1,1
136263,136264,136265,1,1
136263,136263,136266,3,0
136263,136264,136265,1,1
136263,136264,136266,2,1
136263,136264,136265,1,1
136263,136264,136265,1,1
136263,136264,136266,2,1
136263,136264,136266,2,1
136263,136264,136266,2,1
136263,136265,136266,1,2
136263,136265,136266,1,2
136263,136265,136266,1,2
136263,136265,136267,2,2
136263,136265,136267,2,2
136263,136265,136267,2,2
136263,136265,136267,2,2
136263,136266,136267,1,3
136263,136266,136267,1,3
136263,136266,136267,1,3
136263,136266,136267,1,3
136263,136265,136267,2,2
136263,136266,136267,1,3
136263,136266,136267,1,3
136263,136266,136267,1,3
136263,136266,136267,1,3
136263,136265,136268,3,2
136263,136267,136268,1,4
136263,136267,136268,1,4
136263,136266,136268,2,3
136263,136266,136268,2,3
136263,136267,136268,1,4
136263,136267,136268,1,4
136263,136267,136268,1,4
136263,136267,136268,1,4
136263,136267,136268,1,4
136263,136267,136269,2,4
136263,136267,136269,2,4
136263,136268,136269,1,5
136263,136268,136269,1,5
136263,136267,136269,2,4
136263,136266,136270,4,3
136263,136268,136270,2,5
136263,136269,136270,1,6
136263,136269,136270,1,6
136263,136269,136270,1,6
136263,136269,136270,1,6
136263,136270,136271,1,7
136263,136269,136271,2,6
136263,136269,136271,2,6
136263,136271,136272,1,8
136263,136270,136271,1,7
136263,136271,136272,1,8
136263,136271,136272,1,8
135797,135804,136292,488,7
136293,136294,136295,1,1
136293,136294,136295,1,1
136293,136294,136295,1,1
136293,136294,136295,1,1
136293,136295,136296,1,2
136293,136294,136295,1,1
135595,135601,136295,694,6
136293,136295,136296,1,2
136293,136295,136296,1,2
136293,136295,136296,1,2
136293,136295,136296,1,2
136293,136295,136296,1,2
136293,136296,136297,1,3
136293,136296,136297,1,3
136293,136296,136297,1,3
136293,136296,136297,1,3
136293,136296,136297,1,3
136293,136294,136297,3,1
136293,136296,136297,1,3
136293,136296,136297,1,3
136293,136297,136298,1,4
136293,136297,136298,1,4
136293,136297,136298,1,4
136293,136297,136298,1,4
136293,136298,136299,1,5
136293,136297,136298,1,4
136293,136298,136299,1,5
136293,136297,136298,1,4
136293,136297,136298,1,4
136293,136298,136299,1,5
136293,136298,136299,1,5
136293,136298,136299,1,5
136293,136298,136299,1,5
136293,136298,136299,1,5
136293,136298,136299,1,5
136293,136299,136300,1,6
136293,136298,136299,1,5
136293,136298,136299,1,5
136293,136299,136300,1,6
136293,136298,136299,1,5
136293,136299,136300,1,6
136293,136299,136300,1,6
136293,136299,136300,1,6
136293,136300,136301,1,7
136293,136300,136301,1,7
136293,136300,136301,1,7
136293,136300,136301,1,7
136293,136300,136301,1,7
136293,136300,136301,1,7
136293,136300,136301,1,7
136293,136300,136301,1,7
136293,136300,136301,1,7
136293,136300,136301,1,7
136293,136300,136301,1,7
136293,136300,136301,1,7
136293,136301,136302,1,8
136293,136301,136302,1,8
136293,136300,136301,1,7
136293,136301,136302,1,8
136293,136301,136302,1,8
136293,136301,136302,1,8
136293,136301,136302,1,8
136293,136301,136302,1,8
136293,136301,136302,1,8
136297,136301,136302,1,4
136297,136301,136302,1,4
136297,136301,136302,1,4
136297,136301,136302,1,4
136297,136302,136303,1,5
136297,136302,136303,1,5
136297,136302,136303,1,5
136293,136300,136302,2,7
136297,136302,136303,1,5
136297,136302,136303,1,5
136297,136302,136303,1,5
136297,136302,136303,1,5
136297,136302,136303,1,5
136297,136302,136303,1,5
136297,136302,136303,1,5
136297,136302,136303,1,5
136297,136302,136303,1,5
136297,136303,136304,1,6
136297,136303,136304,1,6
136297,136303,136304,1,6
136297,136302,136303,1,5
136297,136303,136304,1,6
136297,136303,136304,1,6
136297,136303,136304,1,6
136297,136302,136304,2,5
136297,136302,136304,2,5
136297,136303,136304,1,6
136297,136303,136304,1,6
136297,136303,136304,1,6
136297,136303,136304,1,6
136297,136303,136304,1,6
136297,136303,136304,1,6
136297,136304,136305,1,7
136297,136304,136305,1,7
136297,136303,136304,1,6
136297,136304,136305,1,7
136297,136304,136305,1,7
136297,136304,136305,1,7
136297,136304,136305,1,7
136297,136304,136305,1,7
136297,136304,136305,1,7
136297,136304,136305,1,7
136297,136304,136305,1,7
136297,136304,136305,1,7
136297,136304,136305,1,7
136297,136305,136306,1,8
136297,136304,136305,1,7
136297,136305,136306,1,8
136297,136305,136306,1,8
136297,136305,136306,1,8
136297,136305,136306,1,8
136297,136305,136306,1,8
136297,136305,136306,1,8
136297,136305,136306,1,8
136297,136305,136306,1,8
136297,136305,136306,1,8
136297,136305,136306,1,8
136297,136305,136306,1,8
136297,136305,136306,1,8
136297,136305,136306,1,8
136297,136305,136306,1,8
136297,136305,136306,1,8
136297,136306,136307,1,9
136297,136306,136307,1,9
136297,136306,136307,1,9
136297,136306,136307,1,9
136297,136306,136307,1,9
136297,136306,136307,1,9
136297,136306,136307,1,9
136297,136306,136307,1,9
136297,136306,136307,1,9
136297,136307,136308,1,10
136297,136307,136308,1,10
136297,136307,136308,1,10
136297,136307,136308,1,10
136297,136307,136308,1,10
136297,136307,136308,1,10
136297,136307,136308,1,10
136297,136307,136308,1,10
136297,136307,136308,1,10
136297,136307,136308,1,10
136297,136307,136308,1,10
136297,136308,136309,1,11
136297,136308,136309,1,11
136297,136308,136309,1,11
136297,136308,136309,1,11
136297,136308,136309,1,11
136297,136308,136309,1,11
136297,136308,136309,1,11
136297,136308,136309,1,11
136297,136317,136319,2,20
135619,135626,136335,709,7
136336,136336,136337,1,0
136336,136336,136337,1,0
136336,136336,136337,1,0
136336,136337,136338,1,1
136336,136337,136338,1,1
136336,136337,136338,1,1
136336,136337,136338,1,1
136336,136337,136338,1,1
136336,136337,136338,1,1
136336,136338,136339,1,2
136336,136337,136338,1,1
136336,136337,136338,1,1
136336,136337,136339,2,1
136336,136338,136339,1,2
136336,136338,136339,1,2
136336,136338,136339,1,2
136336,136339,136340,1,3
136336,136338,136339,1,2
136336,136338,136339,1,2
136336,136338,136339,1,2
136336,136339,136340,1,3
136336,136339,136340,1,3
136336,136338,136339,1,2
136336,136338,136339,1,2
136336,136339,136340,1,3
136336,136339,136340,1,3
136336,136339,136340,1,3
136336,136340,136341,1,4
136336,136340,136341,1,4
136336,136339,136340,1,3
136336,136340,136341,1,4
136336,136339,136340,1,3
136336,136340,136341,1,4
136336,136341,136342,1,5
136336,136341,136342,1,5
136336,136341,136342,1,5
136336,136340,136341,1,4
136336,136341,136342,1,5
136336,136340,136341,1,4
136336,136341,136342,1,5
136336,136341,136342,1,5
136336,136341,136342,1,5
136336,136342,136343,1,6
136336,136342,136343,1,6
136336,136341,136342,1,5
136336,136342,136343,1,6
136336,136342,136343,1,6
136336,136342,136343,1,6
136336,136342,136343,1,6
136336,136342,136343,1,6
136336,136343,136344,1,7
136336,136343,136344,1,7
136336,136343,136344,1,7
136336,136343,136344,1,7
136336,136343,136344,1,7
136336,136343,136344,1,7
136336,136343,136344,1,7
136336,136344,136345,1,8
136336,136344,136345,1,8
136336,136343,136344,1,7
136336,136343,136344,1,7
136336,136344,136345,1,8
136336,136344,136345,1,8
136336,136344,136345,1,8
136336,136344,136345,1,8
136336,136344,136345,1,8
136336,136344,136345,1,8
136336,136344,136345,1,8
136336,136344,136345,1,8
136336,136344,136345,1,8
136336,136352,136353,1,16
136336,136352,136354,2,16
135717,135724,136418,694,7
136420,136420,136421,1,0
136420,136420,136421,1,0
136420,136420,136421,1,0
136420,136420,136421,1,0
136420,136420,136421,1,0
136420,136420,136422,2,0
136420,136420,136421,1,0
136420,136420,136422,2,0
136420,136420,136421,1,0
136420,136421,136422,1,1
136420,136420,136421,1,0
136420,136421,136422,1,1
135940,135948,136422,474,8
136420,136420,136421,1,0
136420,136421,136422,1,1
136420,136421,136422,1,1
136420,136421,136422,1,1
136420,136421,136422,1,1
136420,136420,136422,2,0
136420,136420,136422,2,0
136420,136422,136423,1,2
136420,136422,136423,1,2
136420,136422,136423,1,2
136420,136421,136423,2,1
136420,136422,136424,2,2
136420,136423,136424,1,3
136420,136423,136424,1,3
136420,136422,136423,1,2
136420,136422,136423,1,2
136420,136423,136424,1,3
136420,136422,136424,2,2
136420,136422,136424,2,2
136420,136422,136423,1,2
136420,136423,136424,1,3
136420,136422,136423,1,2
136420,136422,136423,1,2
136420,136423,136424,1,3
136420,136423,136424,1,3
136420,136424,136425,1,4
136420,136424,136425,1,4
136420,136423,136424,1,3
136420,136424,136425,1,4
136420,136424,136425,1,4
136420,136424,136425,1,4
136420,136424,136425,1,4
136420,136424,136425,1,4
136420,136424,136425,1,4
136420,136424,136425,1,4
136420,136424,136425,1,4
136420,136424,136425,1,4
136420,136424,136425,1,4
136420,136424,136425,1,4
136420,136424,136425,1,4
136420,136424,136426,2,4
136420,136425,136426,1,5
136420,136425,136426,1,5
136420,136425,136426,1,5
136420,136425,136426,1,5
136420,136425,136426,1,5
136420,136425,136426,1,5
136420,136425,136426,1,5
136420,136425,136426,1,5
136420,136425,136426,1,5
136420,136425,136426,1,5
136420,136425,136426,1,5
136420,136425,136426,1,5
136420,136420,136427,7,0
136420,136426,136427,1,6
136420,136426,136427,1,6
136420,136426,136427,1,6
136420,136426,136427,1,6
136420,136426,136427,1,6
136420,136426,136427,1,6
136420,136426,136427,1,6
136420,136426,136427,1,6
136420,136426,136427,1,6
136420,136426,136427,1,6
136420,136426,136427,1,6
136420,136426,136427,1,6
136420,136426,136427,1,6
136420,136426,136427,1,6
136420,136427,136428,1,7
136420,136427,136428,1,7
136420,136426,136427,1,6
136420,136426,136427,1,6
136420,136427,136428,1,7
136420,136427,136428,1,7
136420,136427,136428,1,7
136420,136427,136428,1,7
136420,136427,136428,1,7
136420,136427,136428,1,7
136420,136427,136428,1,7
136420,136427,136428,1,7
136420,136428,136429,1,8
136422,136428,136429,1,6
136422,136428,136429,1,6
136422,136428,136429,1,6
136422,136428,136429,1,6
136422,136428,136429,1,6
136422,136428,136429,1,6
136422,136428,136429,1,6
136422,136428,136429,1,6
136422,136428,136429,1,6
136422,136428,136429,1,6
135659,135669,136429,760,10
136420,136420,136429,9,0
136422,136429,136430,1,7
136422,136429,136430,1,7
136422,136429,136430,1,7
136422,136429,136430,1,7
136422,136429,136431,2,7
136422,136430,136431,1,8
136422,136430,136431,1,8
136422,136429,136431,2,7
136422,136430,136431,1,8
136422,136431,136432,1,9
136422,136431,136432,1,9
136422,136430,136431,1,8
136422,136430,136431,1,8
136422,136431,136432,1,9
136422,136431,136432,1,9
136422,136431,136432,1,9
136422,136432,136433,1,10
136422,136432,136433,1,10
136422,136433,136434,1,11
136422,136433,136434,1,11
136422,136434,136435,1,12
136422,136434,136435,1,12
136422,136434,136435,1,12
136422,136434,136435,1,12
136422,136434,136435,1,12
136422,136435,136436,1,13
136450,136450,136451,1,0
136450,136450,136451,1,0
136450,136450,136451,1,0
136450,136450,136451,1,0
136450,136450,136451,1,0
136450,136450,136452,2,0
136450,136450,136452,2,0
136450,136450,136452,2,0
136450,136450,136451,1,0
136450,136450,136452,2,0
136450,136451,136452,1,1
136450,136450,136451,1,0
136450,136450,136452,2,0
136450,136451,136452,1,1
136450,136450,136451,1,0
136450,136451,136452,1,1
136450,136451,136452,1,1
136450,136451,136452,1,1
136450,136451,136452,1,1
136450,136451,136453,2,1
136450,136451,136452,1,1
136450,136452,136453,1,2
136450,136452,136453,1,2
136450,136451,136452,1,1
136450,136452,136453,1,2
136450,136452,136453,1,2
136450,136452,136453,1,2
136450,136452,136453,1,2
136450,136452,136453,1,2
136450,136452,136453,1,2
136450,136452,136453,1,2
136450,136453,136454,1,3
136450,136453,136454,1,3
136450,136453,136454,1,3
136450,136453,136454,1,3
136450,136453,136454,1,3
136450,136452,136453,1,2
136450,136452,136453,1,2
136450,136453,136454,1,3
136450,136452,136453,1,2
136450,136453,136454,1,3
136450,136452,136453,1,2
136450,136453,136454,1,3
136450,136453,136454,1,3
136450,136453,136454,1,3
136450,136454,136455,1,4
136450,136454,136455,1,4
136450,136454,136455,1,4
136450,136454,136455,1,4
136450,136454,136455,1,4
136450,136454,136455,1,4
136450,136454,136455,1,4
136450,136453,136454,1,3
136450,136454,136455,1,4
136450,136454,136455,1,4
136450,136454,136455,1,4
136450,136454,136455,1,4
136450,136454,136455,1,4
136450,136454,136455,1,4
136450,136454,136455,1,4
136450,136454,136456,2,4
136450,136454,136455,1,4
136450,136455,136456,1,5
136450,136455,136456,1,5
136450,136455,136456,1,5
136450,136455,136456,1,5
136450,136455,136456,1,5
136450,136455,136456,1,5
136450,136455,136456,1,5
136450,136455,136456,1,5
136450,136455,136456,1,5
136450,136455,136456,1,5
136450,136455,136456,1,5
136450,136455,136456,1,5
136450,136455,136456,1,5
136450,136456,136457,1,6
136450,136456,136457,1,6
136450,136456,136457,1,6
136450,136456,136457,1,6
136450,136456,136457,1,6
136450,136456,136457,1,6
136450,136456,136457,1,6
136450,136456,136457,1,6
136450,136455,136456,1,5
136450,136455,136457,2,5
136450,136456,136457,1,6
136450,136456,136457,1,6
136450,136457,136458,1,7
136450,136457,136458,1,7
136450,136457,136458,1,7
136450,136457,136458,1,7
136450,136456,136457,1,6
135994,136005,136484,479,11
136486,136486,136487,1,0
136486,136486,136487,1,0
136486,136486,136487,1,0
136486,136486,136487,1,0
136486,136486,136487,1,0
136486,136486,136487,1,0
136486,136486,136487,1,0
136486,136486,136487,1,0
136486,136486,136487,1,0
136486,136486,136487,1,0
136486,136486,136487,1,0
136486,136486,136487,1,0
136486,136486,136487,1,0
136486,136486,136487,1,0
136486,136487,136488,1,1
136486,136486,136487,1,0
136486,136486,136488,2,0
136486,136487,136488,1,1
136486,136487,136488,1,1
136486,136487,136488,1,1
136486,136487,136488,1,1
136486,136487,136488,1,1
136486,136487,136488,1,1
136486,136487,136488,1,1
136486,136487,136488,1,1
136486,136487,136488,1,1
136486,136487,136488,1,1
136486,136487,136488,1,1
136486,136487,136488,1,1
136486,136488,136489,1,2
136486,136487,136489,2,1
136486,136487,136489,2,1
136486,136488,136490,2,2
136486,136488,136490,2,2
136486,136488,136490,2,2
136486,136489,136490,1,3
136486,136489,136490,1,3
136486,136490,136491,1,4
136486,136489,136490,1,3
136486,136490,136491,1,4
136486,136490,136491,1,4
136486,136491,136492,1,5
136486,136491,136492,1,5
136486,136491,136492,1,5
136486,136491,136492,1,5
136486,136491,136492,1,5
136486,136490,136492,2,4
136486,136490,136492,2,4
136486,136492,136493,1,6
136486,136492,136493,1,6
136486,136492,136493,1,6
136486,136492,136493,1,6
136486,136492,136493,1,6
136486,136492,136493,1,6
136486,136493,136494,1,7
136486,136493,136494,1,7
136486,136493,136494,1,7
136486,136493,136494,1,7
136486,136503,136504,1,17
135823,135829,136520,691,6
136522,136522,136523,1,0
136522,136522,136523,1,0
136522,136522,136523,1,0
136522,136522,136523,1,0
136522,136522,136523,1,0
136522,136522,136523,1,0
136522,136522,136523,1,0
136522,136522,136523,1,0
136522,136522,136524,2,0
136522,136522,136523,1,0
136522,136522,136523,1,0
136522,136523,136524,1,1
136522,136522,136524,2,0
136522,136522,136524,2,0
136522,136522,136524,2,0
136522,136524,136525,1,2
136522,136522,136525,3,0
136522,136522,136525,3,0
136522,136524,136525,1,2
136522,136525,136526,1,3
136522,136524,136526,2,2
136522,136525,136526,1,3
136522,136525,136526,1,3
136522,136526,136527,1,4
136522,136526,136527,1,4
136522,136526,136527,1,4
136522,136525,136527,2,3
136522,136526,136527,1,4
136522,136526,136527,1,4
136522,136527,136528,1,5
136522,136527,136528,1,5
136522,136527,136528,1,5
136522,136527,136528,1,5
136522,136527,136528,1,5
136522,136527,136528,1,5
136522,136527,136528,1,5
136522,136527,136528,1,5
136522,136527,136528,1,5
136522,136527,136528,1,5
136522,136528,136529,1,6
136522,136528,136529,1,6
136522,136528,136529,1,6
136522,136528,136529,1,6
136522,136528,136529,1,6
136522,136529,136530,1,7
136522,136529,136530,1,7
136522,136529,136530,1,7
136522,136529,136530,1,7
136522,136529,136530,1,7
136522,136529,136530,1,7
136522,136529,136530,1,7
136522,136530,136531,1,8
136522,136529,136530,1,7
136522,136530,136531,1,8
136522,136530,136531,1,8
136522,136530,136531,1,8
136522,136530,136531,1,8
136522,136530,136531,1,8
136522,136530,136531,1,8
136522,136528,136529,1,6
136522,136532,136533,1,10
136522,136532,136533,1,10
136522,136524,136535,11,2
136070,136075,136558,483,5
136561,136561,136562,1,0
136561,136561,136562,1,0
136561,136561,136562,1,0
136561,136561,136562,1,0
136561,136561,136562,1,0
136561,136561,136562,1,0
136561,136562,136563,1,1
136561,136561,136562,1,0
136561,136561,136562,1,0
136561,136562,136563,1,1
136561,136561,136563,2,0
136561,136563,136564,1,2
136561,136563,136564,1,2
136561,136561,136563,2,0
136561,136563,136564,1,2
136561,136563,136564,1,2
136561,136562,136563,1,1
136561,136563,136564,1,2
136561,136563,136564,1,2
136561,136563,136564,1,2
136561,136563,136564,1,2
136561,136563,136564,1,2
136561,136563,136564,1,2
136561,136562,136564,2,1
136561,136563,136564,1,2
136561,136564,136565,1,3
136561,136564,136565,1,3
136561,136564,136565,1,3
136561,136564,136565,1,3
136561,136564,136565,1,3
136561,136564,136565,1,3
136561,136565,136566,1,4
136561,136564,136565,1,3
136561,136565,136566,1,4
136561,136565,136566,1,4
136561,136564,136565,1,3
136561,136565,136566,1,4
136561,136565,136566,1,4
136561,136564,136565,1,3
136561,136565,136566,1,4
136561,136565,136566,1,4
136561,136565,136566,1,4
136561,136565,136566,1,4
136561,136565,136566,1,4
136561,136565,136566,1,4
136561,136566,136567,1,5
136561,136565,136566,1,4
136561,136566,136567,1,5
136561,136566,136567,1,5
136561,136566,136567,1,5
136561,136566,136567,1,5
136561,136566,136567,1,5
136561,136566,136567,1,5
136561,136566,136567,1,5
136561,136566,136567,1,5
136561,136566,136567,1,5
136561,136566,136567,1,5
136561,136565,136567,2,4
136561,136566,136567,1,5
136561,136566,136567,1,5
136561,136567,136568,1,6
136561,136567,136568,1,6
136561,136567,136568,1,6
136561,136567,136568,1,6
136561,136566,136568,2,5
136561,136567,136568,1,6
136561,136567,136568,1,6
136561,136567,136568,1,6
136561,136567,136568,1,6
136561,136567,136568,1,6
136561,136567,136568,1,6
136561,136567,136568,1,6
136561,136567,136568,1,6
136561,136567,136568,1,6
136561,136568,136569,1,7
136561,136568,136569,1,7
136561,136568,136569,1,7
136561,136568,136569,1,7
136561,136568,136569,1,7
136561,136568,136569,1,7
136561,136568,136569,1,7
136561,136568,136569,1,7
135847,135853,136576,723,6
136561,136576,136577,1,15
136561,136576,136577,1,15
136577,136577,136578,1,0
136577,136577,136578,1,0
136577,136577,136578,1,0
136577,136577,136578,1,0
136577,136577,136578,1,0
136577,136577,136578,1,0
136577,136577,136578,1,0
136577,136578,136579,1,1
136577,136578,136579,1,1
136577,136578,136579,1,1
136577,136578,136579,1,1
136577,136578,136579,1,1
136577,136578,136579,1,1
136577,136578,136579,1,1
136577,136577,136578,1,0
136577,136578,136579,1,1
136577,136579,136580,1,2
136577,136579,136580,1,2
136577,136579,136580,1,2
136577,136579,136580,1,2
136577,136579,136580,1,2
136577,136579,136580,1,2
136577,136579,136580,1,2
136577,136579,136580,1,2
136577,136579,136580,1,2
136577,136579,136580,1,2
136577,136579,136580,1,2
136577,136579,136580,1,2
136577,136579,136580,1,2
136577,136580,136581,1,3
136577,136580,136581,1,3
136577,136580,136581,1,3
136577,136580,136581,1,3
136577,136580,136581,1,3
136577,136580,136581,1,3
136577,136580,136581,1,3
136577,136580,136581,1,3
136577,136579,136581,2,2
136577,136581,136582,1,4
136577,136581,136582,1,4
136577,136581,136582,1,4
136577,136581,136582,1,4
136577,136581,136582,1,4
136577,136581,136582,1,4
136577,136581,136582,1,4
136577,136581,136582,1,4
136577,136581,136582,1,4
136577,136581,136582,1,4
136577,136581,136582,1,4
136577,136582,136583,1,5
136577,136581,136582,1,4
136577,136581,136582,1,4
136577,136581,136582,1,4
136577,136581,136582,1,4
136577,136581,136582,1,4
136577,136582,136583,1,5
136577,136582,136583,1,5
136577,136582,136583,1,5
136577,136582,136583,1,5
136577,136582,136583,1,5
136577,136582,136583,1,5
136577,136582,136583,1,5
136577,136582,136583,1,5
136577,136583,136584,1,6
136577,136583,136584,1,6
136577,136583,136584,1,6
136577,136583,136584,1,6
136577,136583,136584,1,6
136577,136583,136584,1,6
136577,136583,136584,1,6
136577,136583,136584,1,6
136577,136583,136584,1,6
136577,136583,136584,1,6
136577,136583,136584,1,6
136577,136582,136583,1,5
136577,136583,136584,1,6
136577,136583,136584,1,6
136577,136583,136584,1,6
136577,136583,136584,1,6
136577,136583,136584,1,6
136577,136584,136585,1,7
136577,136584,136585,1,7
136577,136584,136585,1,7
136577,136584,136585,1,7
136577,136584,136585,1,7
136577,136584,136585,1,7
136577,136584,136585,1,7
136577,136584,136585,1,7
136577,136584,136585,1,7
136577,136584,136585,1,7
136577,136584,136585,1,7
136577,136584,136585,1,7
135900,135913,136632,719,13
136633,136633,136634,1,0
136633,136633,136634,1,0
136633,136633,136634,1,0
136633,136633,136634,1,0
136633,136633,136634,1,0
136633,136633,136634,1,0
136633,136633,136634,1,0
136633,136633,136634,1,0
136633,136633,136634,1,0
136633,136633,136634,1,0
136633,136633,136634,1,0
136633,136633,136635,2,0
136633,136633,136635,2,0
136633,136634,136635,1,1
136633,136634,136635,1,1
136633,136635,136636,1,2
136633,136636,136637,1,3
136633,136635,136636,1,2
136633,136635,136636,1,2
136633,136635,136636,1,2
136633,136635,136636,1,2
136633,136635,136636,1,2
136633,136636,136637,1,3
136633,136635,136636,1,2
136633,136635,136636,1,2
136633,136635,136636,1,2
136633,136635,136636,1,2
136633,136636,136637,1,3
136633,136636,136637,1,3
136633,136636,136637,1,3
136633,136636,136637,1,3
136633,136637,136638,1,4
136633,136637,136638,1,4
136633,136637,136638,1,4
136633,136637,136638,1,4
136633,136637,136638,1,4
136633,136637,136638,1,4
136633,136637,136638,1,4
136633,136637,136638,1,4
136633,136637,136638,1,4
136633,136637,136638,1,4
136633,136637,136638,1,4
136633,136637,136638,1,4
136633,136638,136639,1,5
136633,136638,136639,1,5
136633,136638,136639,1,5
136633,136637,136638,1,4
136633,136638,136639,1,5
136633,136638,136639,1,5
135902,135913,136639,726,11
136633,136638,136639,1,5
136633,136638,136639,1,5
136633,136638,136639,1,5
136633,136638,136639,1,5
136633,136638,136639,1,5
136633,136638,136639,1,5
136633,136639,136640,1,6
136633,136639,136640,1,6
136633,136639,136640,1,6
136633,136639,136640,1,6
136633,136639,136640,1,6
136633,136639,136640,1,6
136633,136639,136640,1,6
136633,136639,136640,1,6
136633,136639,136640,1,6
136633,136639,136640,1,6
136633,136640,136641,1,7
136633,136640,136641,1,7
136633,136639,136640,1,6
136633,136640,136641,1,7
136633,136640,136641,1,7
136633,136640,136641,1,7
136633,136640,136641,1,7
136633,136640,136641,1,7
136633,136640,136641,1,7
136633,136640,136641,1,7
136633,136640,136641,1,7
136633,136640,136641,1,7
136633,136640,136641,1,7
136633,136640,136641,1,7
136633,136640,136641,1,7
136633,136641,136642,1,8
136633,136641,136642,1,8
136633,136641,136642,1,8
136633,136641,136642,1,8
136633,136641,136642,1,8
136639,136641,136642,1,2
136639,136641,136642,1,2
136639,136641,136642,1,2
136639,136641,136642,1,2
136639,136641,136642,1,2
136639,136641,136642,1,2
136639,136641,136642,1,2
136639,136641,136642,1,2
136639,136641,136642,1,2
136639,136642,136643,1,3
136639,136642,136643,1,3
136639,136642,136643,1,3
136639,136642,136643,1,3
136639,136642,136643,1,3
136639,136642,136643,1,3
136639,136642,136643,1,3
136639,136642,136643,1,3
136639,136642,136643,1,3
136639,136642,136643,1,3
136639,136642,136643,1,3
136639,136642,136643,1,3
136639,136642,136643,1,3
136639,136642,136643,1,3
136639,136642,136643,1,3
136639,136642,136643,1,3
136639,136642,136643,1,3
136639,136643,136644,1,4
136639,136643,136644,1,4
136639,136643,136644,1,4
136639,136643,136644,1,4
136639,136643,136644,1,4
136639,136643,136644,1,4
136639,136643,136644,1,4
136639,136643,136644,1,4
136639,136643,136644,1,4
136639,136643,136644,1,4
136639,136643,136644,1,4
136639,136644,136645,1,5
136639,136644,136645,1,5
136639,136644,136645,1,5
136639,136644,136645,1,5
136639,136644,136645,1,5
136639,136644,136645,1,5
136639,136644,136645,1,5
136639,136644,136645,1,5
136639,136645,136646,1,6
136639,136645,136646,1,6
136639,136645,136646,1,6
136639,136644,136645,1,5
136639,136645,136646,1,6
136639,136645,136646,1,6
135904,135920,136645,725,16
136639,136644,136645,1,5
136639,136644,136645,1,5
136639,136645,136646,1,6
136639,136645,136646,1,6
136639,136645,136646,1,6
136639,136645,136646,1,6
136639,136645,136646,1,6
136639,136645,136646,1,6
136639,136646,136647,1,7
136639,136646,136647,1,7
136639,136646,136647,1,7
136639,136646,136647,1,7
136639,136645,136646,1,6
136639,136645,136646,1,6
136639,136646,136647,1,7
136639,136646,136647,1,7
136639,136646,136647,1,7
136639,136646,136647,1,7
136639,136646,136647,1,7
136639,136646,136647,1,7
136639,136646,136647,1,7
136639,136646,136647,1,7
136639,136646,136647,1,7
136639,136647,136648,1,8
136639,136647,136648,1,8
136639,136647,136648,1,8
136639,136647,136648,1,8
136639,136647,136648,1,8
136639,136646,136647,1,7
136639,136646,136647,1,7
136639,136647,136648,1,8
136639,136647,136648,1,8
136639,136647,136648,1,8
136639,136647,136648,1,8
136639,136648,136649,1,9
136639,136648,136649,1,9
136639,136647,136648,1,8
136639,136647,136648,1,8
136639,136648,136649,1,9
136662,136663,136664,1,1
136662,136663,136664,1,1
136662,136663,136664,1,1
136662,136663,136664,1,1
136662,136664,136665,1,2
136662,136664,136665,1,2
136662,136665,136666,1,3
136662,136664,136665,1,2
136662,136665,136666,1,3
136662,136665,136666,1,3
136662,136666,136667,1,4
136662,136665,136667,2,3
136662,136665,136666,1,3
136662,136665,136666,1,3
136662,136666,136667,1,4
136662,136666,136667,1,4
136662,136666,136667,1,4
136662,136666,136667,1,4
136662,136665,136667,2,3
136662,136667,136668,1,5
136662,136667,136668,1,5
136662,136667,136668,1,5
136662,136667,136668,1,5
136662,136667,136668,1,5
136662,136666,136667,1,4
136662,136667,136668,1,5
135874,135881,136668,787,7
136662,136668,136669,1,6
136662,136667,136668,1,5
136662,136667,136668,1,5
136662,136667,136669,2,5
136662,136667,136668,1,5
136662,136667,136668,1,5
136662,136667,136668,1,5
136662,136668,136669,1,6
136662,136669,136670,1,7
136662,136669,136670,1,7
136662,136669,136670,1,7
136662,136669,136670,1,7
136662,136667,136669,2,5
136662,136667,136669,2,5
136662,136669,136670,1,7
136662,136669,136670,1,7
136662,136669,136670,1,7
136662,136669,136670,1,7
136662,136669,136670,1,7
136662,136668,136669,1,6
136662,136669,136670,1,7
136662,136670,136671,1,8
136662,136670,136671,1,8
136662,136669,136670,1,7
136662,136669,136670,1,7
136662,136669,136670,1,7
136662,136670,136671,1,8
136662,136670,136671,1,8
136682,136682,136683,1,0
136682,136682,136683,1,0
136682,136682,136683,1,0
136682,136682,136683,1,0
136682,136682,136683,1,0
136682,136682,136683,1,0
136682,136682,136683,1,0
136682,136682,136683,1,0
136682,136682,136683,1,0
136682,136682,136683,1,0
136682,136683,136684,1,1
136682,136683,136684,1,1
136682,136683,136684,1,1
136682,136683,136684,1,1
136682,136683,136684,1,1
136682,136683,136684,1,1
136682,136683,136684,1,1
136682,136683,136684,1,1
136682,136682,136684,2,0
136682,136683,136684,1,1
136682,136683,136684,1,1
136682,136684,136685,1,2
136682,136683,136684,1,1
136682,136684,136685,1,2
136682,136684,136685,1,2
136682,136684,136685,1,2
136682,136684,136685,1,2
136682,136684,136685,1,2
136682,136684,136685,1,2
136682,136684,136685,1,2
136682,136684,136685,1,2
136682,136685,136686,1,3
136682,136684,136686,2,2
136682,136684,136686,2,2
136682,136685,136686,1,3
136682,136685,136686,1,3
136682,136685,136686,1,3
136682,136685,136686,1,3
136682,136685,136686,1,3
136682,136685,136686,1,3
136682,136684,136686,2,2
136682,136685,136686,1,3
136682,136685,136687,2,3
136682,136685,136687,2,3
136682,136685,136686,1,3
136682,136686,136687,1,4
136682,136686,136687,1,4
136682,136686,136687,1,4
136682,136686,136687,1,4
136682,136686,136687,1,4
136682,136686,136687,1,4
136682,136686,136687,1,4
136682,136685,136687,2,3
136682,136686,136687,1,4
136682,136687,136688,1,5
136682,136686,136687,1,4
136682,136686,136687,1,4
136682,136687,136688,1,5
136682,136687,136688,1,5
136682,136687,136688,1,5
136682,136687,136688,1,5
136682,136688,136689,1,6
136682,136688,136689,1,6
136682,136688,136689,1,6
136682,136688,136689,1,6
136682,136688,136689,1,6
136682,136689,136690,1,7
136682,136689,136690,1,7
136682,136689,136690,1,7
136682,136689,136690,1,7
136682,136689,136690,1,7
136682,136689,136690,1,7
136682,136690,136691,1,8
136682,136690,136691,1,8
136682,136690,136691,1,8
136682,136689,136691,2,7
136682,136690,136691,1,8
136682,136691,136693,2,9
136682,136691,136694,3,9
136211,136218,136704,486,7
135990,135997,136713,716,7
136713,136713,136714,1,0
136713,136713,136714,1,0
136713,136713,136714,1,0
136713,136713,136714,1,0
136713,136713,136714,1,0
136713,136713,136714,1,0
136713,136713,136714,1,0
136713,136713,136715,2,0
136713,136713,136715,2,0
136713,136713,136715,2,0
136713,136713,136714,1,0
136713,136713,136715,2,0
136713,136713,136715,2,0
136713,136713,136715,2,0
136713,136713,136715,2,0
136713,136713,136714,1,0
136713,136714,136716,2,1
136713,136713,136715,2,0
136713,136713,136716,3,0
136713,136714,136716,2,1
136713,136714,136716,2,1
136713,136714,136716,2,1
136713,136714,136716,2,1
136713,136714,136716,2,1
136713,136714,136716,2,1
136713,136715,136717,2,2
136713,136715,136717,2,2
136713,136715,136717,2,2
136713,136715,136717,2,2
136713,136715,136717,2,2
136713,136715,136717,2,2
136713,136715,136717,2,2
136713,136716,136718,2,3
136713,136716,136718,2,3
136713,136716,136718,2,3
136713,136716,136718,2,3
136713,136716,136718,2,3
136713,136716,136718,2,3
136713,136716,136718,2,3
136713,136717,136718,1,4
136713,136717,136718,1,4
136713,136718,136719,1,5
136713,136716,136719,3,3
136713,136718,136719,1,5
136713,136718,136719,1,5
136713,136718,136719,1,5
136713,136718,136719,1,5
136713,136718,136719,1,5
136713,136718,136719,1,5
136713,136718,136720,2,5
136713,136719,136720,1,6
136713,136716,136720,4,3
136713,136719,136720,1,6
136713,136719,136720,1,6
136713,136720,136721,1,7
136713,136720,136721,1,7
136713,136720,136721,1,7
136713,136720,136721,1,7
136713,136722,136723,1,9
136713,136722,136723,1,9
136715,136722,136723,1,7
136715,136722,136723,1,7
136715,136722,136723,1,7
136713,136722,136723,1,9
136713,136722,136723,1,9
136715,136723,136724,1,8
136715,136723,136724,1,8
136715,136723,136724,1,8
136715,136723,136724,1,8
136715,136723,136724,1,8
136715,136723,136724,1,8
136715,136723,136724,1,8
136715,136723,136724,1,8
136715,136724,136725,1,9
136715,136724,136725,1,9
136715,136724,136725,1,9
136715,136724,136725,1,9
136715,136724,136725,1,9
136715,136724,136725,1,9
136715,136724,136725,1,9
136715,136725,136726,1,10
136715,136724,136725,1,9
136715,136724,136725,1,9
136715,136724,136725,1,9
136715,136724,136725,1,9
136715,136724,136725,1,9
136715,136724,136725,1,9
136715,136724,136725,1,9
136715,136724,136725,1,9
136715,136726,136727,1,11
136715,136725,136726,1,10
136715,136725,136726,1,10
136715,136725,136726,1,10
136715,136725,136726,1,10
136715,136725,136726,1,10
136715,136725,136726,1,10
136715,136725,136726,1,10
136715,136725,136726,1,10
136715,136726,136727,1,11
136715,136726,136727,1,11
136715,136726,136727,1,11
136715,136726,136727,1,11
136715,136726,136727,1,11
136715,136727,136728,1,12
136715,136726,136728,2,11
136715,136726,136727,1,11
136715,136726,136727,1,11
136715,136727,136728,1,12
136715,136727,136728,1,12
136715,136727,136728,1,12
136715,136727,136728,1,12
136715,136727,136728,1,12
136715,136727,136728,1,12
136715,136727,136728,1,12
136715,136727,136728,1,12
136715,136727,136728,1,12
136715,136727,136728,1,12
136715,136727,136728,1,12
136715,136728,136729,1,13
136715,136728,136729,1,13
136715,136728,136729,1,13
136715,136728,136729,1,13
136715,136728,136729,1,13
136715,136728,136729,1,13
136715,136728,136729,1,13
136715,136728,136729,1,13
136715,136728,136729,1,13
136715,136728,136729,1,13
136715,136728,136729,1,13
136715,136728,136729,1,13
136715,136728,136729,1,13
136715,136728,136729,1,13
136715,136729,136730,1,14
136715,136728,136729,1,13
136715,136728,136729,1,13
136715,136729,136730,1,14
136715,136729,136730,1,14
136715,136729,136730,1,14
136715,136729,136730,1,14
136715,136729,136730,1,14
136715,136729,136730,1,14
136715,136729,136730,1,14
136715,136729,136730,1,14
136715,136729,136730,1,14
136715,136730,136731,1,15
136715,136730,136731,1,15
136295,136301,136772,471,6
136773,136773,136774,1,0
136773,136773,136774,1,0
136773,136773,136774,1,0
136773,136773,136774,1,0
136773,136773,136774,1,0
136773,136773,136774,1,0
136773,136773,136774,1,0
136773,136773,136774,1,0
136773,136773,136774,1,0
136773,136773,136775,2,0
136773,136773,136775,2,0
136773,136773,136775,2,0
136773,136773,136774,1,0
136773,136774,136775,1,1
136773,136773,136776,3,0
136773,136774,136776,2,1
136773,136774,136776,2,1
136773,136773,136775,2,0
136773,136774,136776,2,1
136773,136774,136776,2,1
136773,136774,136776,2,1
136773,136774,136776,2,1
136773,136775,136776,1,2
136773,136776,136777,1,3
136773,136776,136777,1,3
136773,136775,136777,2,2
136773,136775,136777,2,2
136773,136775,136777,2,2
136773,136776,136777,1,3
136773,136775,136777,2,2
136773,136776,136778,2,3
136038,136046,136778,732,8
136773,136776,136778,2,3
136773,136776,136778,2,3
136773,136776,136778,2,3
136773,136776,136778,2,3
136773,136776,136778,2,3
136773,136776,136778,2,3
136773,136776,136778,2,3
136773,136777,136778,1,4
136773,136778,136779,1,5
136773,136778,136779,1,5
136773,136778,136779,1,5
136773,136778,136779,1,5
136773,136778,136779,1,5
136773,136778,136779,1,5
136773,136778,136779,1,5
136773,136778,136779,1,5
136773,136778,136779,1,5
136773,136778,136780,2,5
136773,136779,136780,1,6
136773,136779,136780,1,6
136773,136780,136781,1,7
136773,136781,136782,1,8
136773,136780,136781,1,7
136773,136781,136782,1,8
136773,136780,136781,1,7
136773,136780,136781,1,7
136773,136780,136781,1,7
136773,136781,136782,1,8
136773,136781,136782,1,8
136773,136782,136783,1,9
136773,136782,136783,1,9
136779,136782,136783,1,3
136779,136782,136783,1,3
136779,136782,136783,1,3
136779,136782,136783,1,3
136779,136782,136783,1,3
136779,136783,136784,1,4
136779,136783,136784,1,4
136779,136783,136784,1,4
136779,136783,136784,1,4
136779,136783,136784,1,4
136773,136782,136783,1,9
136779,136783,136784,1,4
136779,136783,136784,1,4
136779,136783,136784,1,4
136779,136783,136784,1,4
136779,136784,136785,1,5
136779,136784,136785,1,5
136779,136784,136785,1,5
136779,136784,136785,1,5
136779,136784,136785,1,5
136779,136783,136784,1,4
136779,136784,136785,1,5
136779,136784,136785,1,5
136779,136784,136785,1,5
136779,136784,136785,1,5
136779,136783,136784,1,4
136779,136783,136784,1,4
136779,136784,136785,1,5
136779,136784,136785,1,5
136779,136784,136785,1,5
136779,136785,136786,1,6
136779,136785,136786,1,6
136779,136785,136786,1,6
136779,136785,136786,1,6
136779,136784,136785,1,5
136779,136785,136786,1,6
136779,136785,136786,1,6
136779,136785,136786,1,6
136779,136785,136786,1,6
136779,136785,136786,1,6
136779,136785,136786,1,6
136779,136785,136786,1,6
136779,136785,136786,1,6
136779,136785,136786,1,6
136779,136786,136787,1,7
136779,136786,136787,1,7
136779,136786,136787,1,7
136779,136786,136787,1,7
136779,136786,136787,1,7
136779,136786,136787,1,7
136779,136785,136786,1,6
136779,136786,136787,1,7
136779,136786,136787,1,7
136779,136786,136787,1,7
136779,136786,136787,1,7
136779,136786,136787,1,7
136779,136787,136788,1,8
136779,136787,136788,1,8
136779,136787,136788,1,8
136779,136787,136788,1,8
136779,136787,136788,1,8
136779,136786,136788,2,7
136779,136787,136788,1,8
136779,136787,136788,1,8
136779,136787,136788,1,8
136779,136787,136788,1,8
136779,136787,136788,1,8
136779,136787,136788,1,8
136779,136787,136788,1,8
136779,136787,136788,1,8
136779,136788,136789,1,9
136779,136788,136789,1,9
136779,136788,136789,1,9
136779,136788,136789,1,9
136779,136788,136789,1,9
136779,136788,136789,1,9
136779,136788,136789,1,9
136779,136788,136789,1,9
136779,136788,136789,1,9
136779,136788,136789,1,9
136779,136788,136789,1,9
136779,136788,136789,1,9
136779,136788,136789,1,9
136779,136788,136789,1,9
136121,136129,136831,702,8
136832,136832,136833,1,0
136832,136832,136833,1,0
136832,136832,136833,1,0
136832,136832,136833,1,0
136832,136832,136833,1,0
136832,136832,136833,1,0
136832,136832,136833,1,0
136832,136832,136833,1,0
136832,136832,136833,1,0
136832,136832,136833,1,0
136832,136832,136833,1,0
136832,136832,136833,1,0
136832,136833,136834,1,1
136832,136832,136833,1,0
136832,136832,136833,1,0
136832,136832,136834,2,0
136832,136833,136835,2,1
136832,136833,136835,2,1
136832,136833,136835,2,1
136832,136832,136835,3,0
136832,136833,136835,2,1
136832,136833,136835,2,1
136832,136833,136835,2,1
136832,136833,136835,2,1
136832,136833,136835,2,1
136832,136833,136835,2,1
136832,136833,136835,2,1
136832,136834,136836,2,2
136832,136834,136836,2,2
136832,136834,136836,2,2
136832,136834,136836,2,2
136832,136834,136836,2,2
136832,136834,136836,2,2
136832,136835,136837,2,3
136832,136835,136837,2,3
136832,136835,136837,2,3
136832,136835,136837,2,3
136832,136835,136837,2,3
136832,136835,136837,2,3
136832,136835,136837,2,3
136832,136836,136837,1,4
136832,136836,136837,1,4
136832,136835,136838,3,3
136832,136836,136837,1,4
136832,136837,136838,1,5
136832,136837,136838,1,5
136832,136837,136838,1,5
136832,136837,136838,1,5
136832,136836,136837,1,4
136832,136836,136838,2,4
136832,136837,136838,1,5
136832,136837,136838,1,5
136832,136838,136839,1,6
136832,136837,136838,1,5
136832,136838,136839,1,6
136832,136835,136839,4,3
136832,136839,136840,1,7
136832,136838,136840,2,6
136832,136839,136840,1,7
136832,136839,136840,1,7
136832,136840,136841,1,8
136832,136839,136840,1,7
136832,136839,136840,1,7
136832,136839,136841,2,7
136832,136840,136841,1,8
136832,136841,136842,1,9
136832,136840,136842,2,8
136832,136841,136842,1,9
136832,136841,136842,1,9
136423,136435,136922,487,12
136924,136924,136925,1,0
136924,136924,136925,1,0
136924,136924,136925,1,0
136924,136924,136925,1,0
136924,136924,136925,1,0
136924,136924,136925,1,0
136924,136924,136925,1,0
136924,136924,136925,1,0
136924,136924,136925,1,0
136924,136924,136925,1,0
136924,136924,136925,1,0
136924,136924,136926,2,0
136924,136924,136925,1,0
136924,136924,136926,2,0
136924,136925,136926,1,1
136924,136925,136926,1,1
136924,136924,136926,2,0
136924,136925,136926,1,1
136924,136925,136926,1,1
136924,136925,136926,1,1
136924,136925,136926,1,1
136924,136925,136926,1,1
136924,136925,136926,1,1
136924,136925,136926,1,1
136924,136925,136926,1,1
136924,136924,136926,2,0
136924,136924,136925,1,0
136924,136925,136926,1,1
136924,136926,136927,1,2
136924,136926,136927,1,2
136924,136926,136927,1,2
136924,136926,136927,1,2
136924,136926,136927,1,2
136924,136926,136927,1,2
136924,136926,136927,1,2
136924,136926,136927,1,2
136924,136926,136927,1,2
136924,136926,136927,1,2
136924,136927,136928,1,3
136924,136927,136928,1,3
136924,136927,136928,1,3
136924,136926,136928,2,2
136924,136927,136928,1,3
136924,136928,136929,1,4
136924,136928,136929,1,4
136924,136928,136929,1,4
136924,136928,136929,1,4
136924,136929,136930,1,5
136924,136928,136930,2,4
136924,136929,136930,1,5
136924,136929,136930,1,5
136924,136930,136931,1,6
136924,136930,136931,1,6
136924,136930,136931,1,6
136924,136931,136932,1,7
136924,136930,136931,1,6
136924,136930,136931,1,6
136924,136930,136931,1,6
136924,136930,136932,2,6
136224,136232,136937,705,8
136947,136947,136948,1,0
136947,136947,136948,1,0
136947,136947,136948,1,0
136947,136947,136948,1,0
136947,136947,136948,1,0
136947,136947,136948,1,0
136947,136947,136948,1,0
136947,136947,136949,2,0
136947,136947,136948,1,0
136947,136947,136949,2,0
136947,136947,136948,1,0
136947,136947,136948,1,0
136947,136947,136948,1,0
136947,136947,136949,2,0
136947,136947,136949,2,0
136947,136947,136949,2,0
136947,136948,136950,2,1
136947,136948,136950,2,1
136947,136948,136950,2,1
136947,136948,136950,2,1
136947,136948,136949,1,1
136947,136948,136950,2,1
136947,136948,136950,2,1
136947,136949,136951,2,2
136947,136949,136951,2,2
136947,136947,136951,4,0
136947,136949,136950,1,2
136947,136949,136951,2,2
136947,136949,136951,2,2
136947,136949,136951,2,2
136947,136949,136951,2,2
136947,136949,136951,2,2
136947,136949,136951,2,2
136947,136950,136952,2,3
136947,136950,136951,1,3
136947,136950,136951,1,3
136947,136950,136952,2,3
136947,136950,136951,1,3
136947,136950,136951,1,3
136947,136950,136952,2,3
136947,136951,136952,1,4
136947,136951,136952,1,4
136947,136951,136952,1,4
136947,136951,136953,2,4
136947,136951,136953,2,4
136947,136952,136953,1,5
136947,136952,136953,1,5
136947,136952,136953,1,5
136947,136952,136953,1,5
136947,136951,136952,1,4
136947,136952,136953,1,5
136947,136952,136953,1,5
136947,136951,136953,2,4
136947,136951,136953,2,4
136947,136952,136954,2,5
136947,136953,136954,1,6
136947,136953,136954,1,6
136947,136953,136954,1,6
136947,136953,136954,1,6
136947,136953,136954,1,6
136947,136953,136954,1,6
136947,136953,136954,1,6
136947,136953,136954,1,6
136947,136953,136954,1,6
136947,136953,136954,1,6
136947,136953,136954,1,6
136947,136954,136955,1,7
136947,136954,136955,1,7
136947,136954,136955,1,7
136947,136954,136955,1,7
136947,136954,136955,1,7
136947,136954,136955,1,7
136947,136954,136955,1,7
136947,136954,136955,1,7
136947,136954,136955,1,7
136947,136955,136956,1,8
136947,136954,136955,1,7
136947,136955,136956,1,8
136947,136955,136956,1,8
136947,136955,136956,1,8
136947,136955,136956,1,8
136947,136955,136956,1,8
136947,136955,136956,1,8
136947,136951,136980,29,4
136487,136493,136982,489,6
136993,136993,136994,1,0
136993,136993,136994,1,0
136993,136993,136994,1,0
136993,136993,136994,1,0
136993,136994,136995,1,1
136993,136994,136995,1,1
136993,136994,136995,1,1
136993,136993,136994,1,0
136993,136993,136994,1,0
136993,136993,136994,1,0
136993,136995,136996,1,2
136993,136995,136996,1,2
136993,136995,136996,1,2
136993,136995,136996,1,2
136993,136995,136996,1,2
136993,136995,136996,1,2
136993,136995,136996,1,2
136993,136995,136996,1,2
136993,136995,136996,1,2
136993,136996,136997,1,3
136993,136996,136997,1,3
136993,136996,136997,1,3
136993,136996,136997,1,3
136993,136997,136998,1,4
136993,136997,136998,1,4
136993,136997,136998,1,4
136993,136997,136998,1,4
136993,136997,136998,1,4
136993,136997,136998,1,4
136993,136998,136999,1,5
136993,136998,136999,1,5
136993,136998,136999,1,5
136993,136998,136999,1,5
136993,136998,136999,1,5
136993,136998,136999,1,5
136993,136998,136999,1,5
136993,136998,136999,1,5
136993,136998,136999,1,5
136993,136998,136999,1,5
136993,136998,136999,1,5
136993,136999,137000,1,6
136993,136999,137000,1,6
136993,136999,137000,1,6
136993,136999,137000,1,6
136993,136999,137000,1,6
136993,136999,137000,1,6
136993,136999,137000,1,6
136993,136999,137000,1,6
136993,136999,137001,2,6
136264,136272,137003,731,8
137015,137015,137016,1,0
137015,137015,137016,1,0
137015,137015,137016,1,0
137015,137015,137016,1,0
137015,137015,137016,1,0
137015,137015,137016,1,0
137015,137015,137016,1,0
137015,137015,137016,1,0
137015,137015,137016,1,0
137015,137015,137016,1,0
137015,137015,137017,2,0
137015,137015,137017,2,0
137015,137015,137016,1,0
137015,137015,137017,2,0
137015,137015,137017,2,0
137015,137015,137017,2,0
137015,137015,137017,2,0
137015,137016,137018,2,1
137015,137016,137018,2,1
137015,137016,137018,2,1
137015,137016,137018,2,1
137015,137016,137018,2,1
137015,137016,137018,2,1
137015,137016,137018,2,1
137015,137016,137018,2,1
137015,137017,137019,2,2
137015,137017,137019,2,2
137015,137017,137019,2,2
137015,137017,137019,2,2
137015,137017,137019,2,2
137015,137017,137019,2,2
137015,137018,137020,2,3
137015,137017,137019,2,2
137015,137017,137019,2,2
137015,137018,137019,1,3
137015,137018,137019,1,3
137015,137018,137020,2,3
137015,137018,137020,2,3
137015,137019,137020,1,4
137015,137018,137020,2,3
137015,137018,137020,2,3
137015,137018,137020,2,3
137015,137020,137021,1,5
137015,137019,137021,2,4
137015,137019,137021,2,4
137015,137019,137021,2,4
137015,137020,137021,1,5
137015,137020,137021,1,5
137015,137020,137021,1,5
137015,137020,137021,1,5
137015,137020,137021,1,5
137015,137020,137021,1,5
137015,137020,137021,1,5
137015,137018,137021,3,3
137015,137020,137021,1,5
137015,137020,137022,2,5
137015,137020,137021,1,5
137015,137020,137022,2,5
137015,137021,137022,1,6
137015,137021,137022,1,6
137015,137021,137022,1,6
137015,137021,137022,1,6
137015,137021,137022,1,6
137015,137021,137022,1,6
137015,137021,137022,1,6
137015,137022,137023,1,7
137015,137022,137023,1,7
137015,137022,137023,1,7
137015,137022,137023,1,7
137015,137023,137024,1,8
137015,137023,137024,1,8
137015,137023,137024,1,8
137015,137023,137024,1,8
137015,137023,137024,1,8
137015,137022,137024,2,7
137015,137023,137024,1,8
137015,137022,137023,1,7
136298,136308,137035,727,10
137042,137043,137044,1,1
137042,137043,137044,1,1
137042,137043,137044,1,1
137042,137043,137044,1,1
137042,137043,137044,1,1
137042,137044,137045,1,2
137042,137043,137044,1,1
137042,137043,137044,1,1
137042,137043,137045,2,1
137042,137044,137045,1,2
137042,137044,137045,1,2
137042,137044,137045,1,2
137042,137044,137045,1,2
137042,137044,137045,1,2
137042,137044,137045,1,2
137042,137044,137045,1,2
137042,137044,137045,1,2
137042,137044,137045,1,2
137042,137045,137046,1,3
137042,137045,137046,1,3
137042,137046,137047,1,4
137042,137045,137046,1,3
137042,137046,137047,1,4
137042,137045,137046,1,3
137042,137045,137046,1,3
137042,137045,137046,1,3
137042,137046,137047,1,4
137042,137046,137047,1,4
137042,137045,137047,2,3
137042,137046,137047,1,4
137042,137047,137048,1,5
137042,137046,137047,1,4
137042,137046,137047,1,4
137042,137047,137048,1,5
137042,137047,137048,1,5
137042,137046,137047,1,4
137042,137047,137048,1,5
137042,137047,137048,1,5
137042,137047,137048,1,5
137042,137047,137048,1,5
137042,137047,137048,1,5
137042,137048,137049,1,6
137042,137047,137048,1,5
137042,137048,137049,1,6
137042,137048,137049,1,6
137042,137047,137048,1,5
137042,137048,137049,1,6
137042,137048,137049,1,6
137042,137048,137049,1,6
137042,137046,137049,3,4
137042,137049,137050,1,7
137042,137049,137050,1,7
137042,137049,137050,1,7
137042,137049,137050,1,7
137042,137049,137050,1,7
137042,137049,137050,1,7
137042,137049,137050,1,7
137042,137049,137050,1,7
137042,137049,137050,1,7
137042,137048,137050,2,6
137042,137050,137051,1,8
137042,137050,137051,1,8
137042,137050,137051,1,8
137042,137050,137051,1,8
137042,137050,137051,1,8
137042,137050,137051,1,8
137042,137050,137051,1,8
137042,137050,137051,1,8
137042,137050,137051,1,8
137042,137050,137053,3,8
136578,136584,137068,484,6
137072,137072,137073,1,0
137072,137072,137073,1,0
137072,137072,137073,1,0
137072,137072,137073,1,0
137072,137072,137073,1,0
137072,137072,137073,1,0
137072,137072,137073,1,0
137072,137072,137073,1,0
137072,137072,137074,2,0
137072,137072,137074,2,0
137072,137072,137074,2,0
137072,137072,137074,2,0
137072,137072,137073,1,0
137072,137073,137074,1,1
137072,137073,137074,1,1
137072,137073,137074,1,1
137072,137073,137074,1,1
137072,137073,137074,1,1
137072,137073,137074,1,1
137072,137072,137074,2,0
137072,137072,137074,2,0
137072,137073,137074,1,1
137072,137073,137074,1,1
137072,137074,137075,1,2
137072,137074,137075,1,2
137072,137073,137074,1,1
137072,137074,137075,1,2
137072,137074,137075,1,2
137072,137074,137075,1,2
137072,137074,137075,1,2
137072,137074,137075,1,2
137072,137074,137075,1,2
137072,137074,137075,1,2
137072,137073,137074,1,1
136338,136345,137075,730,7
137072,137074,137075,1,2
137072,137075,137076,1,3
137072,137075,137076,1,3
137072,137075,137076,1,3
137072,137075,137076,1,3
137072,137075,137076,1,3
137072,137075,137076,1,3
137072,137075,137076,1,3
137072,137075,137076,1,3
137072,137075,137076,1,3
137072,137074,137076,2,2
137072,137074,137076,2,2
137072,137074,137076,2,2
137072,137075,137076,1,3
137072,137074,137076,2,2
137072,137075,137076,1,3
137072,137075,137076,1,3
137072,137076,137077,1,4
137072,137076,137077,1,4
137072,137076,137077,1,4
137072,137076,137077,1,4
137072,137076,137077,1,4
137072,137076,137077,1,4
137072,137076,137077,1,4
137072,137076,137077,1,4
137072,137076,137077,1,4
137072,137076,137077,1,4
137072,137076,137077,1,4
137072,137077,137078,1,5
137072,137077,137078,1,5
137072,137077,137078,1,5
137072,137077,137078,1,5
137072,137077,137078,1,5
137072,137077,137078,1,5
137072,137078,137079,1,6
137072,137077,137079,2,5
137072,137078,137079,1,6
137072,137078,137079,1,6
137072,137079,137080,1,7
137072,137079,137080,1,7
137072,137079,137080,1,7
137077,137079,137080,1,2
137072,137078,137079,1,6
137077,137079,137080,1,2
137077,137080,137081,1,3
137077,137079,137081,2,2
137077,137080,137081,1,3
137077,137080,137082,2,3
137077,137080,137082,2,3
137077,137080,137082,2,3
137077,137080,137082,2,3
137077,137081,137082,1,4
137077,137081,137082,1,4
137077,137081,137082,1,4
137077,137081,137082,1,4
137077,137081,137082,1,4
137077,137081,137082,1,4
137077,137081,137082,1,4
137077,137081,137082,1,4
137077,137081,137082,1,4
137077,137081,137082,1,4
137077,137080,137082,2,3
137077,137083,137084,1,6
137077,137083,137084,1,6
137077,137083,137084,1,6
137077,137083,137084,1,6
137077,137082,137083,1,5
137077,137083,137084,1,6
137077,137083,137084,1,6
137077,137082,137084,2,5
137077,137082,137083,1,5
137077,137082,137083,1,5
137077,137082,137084,2,5
137077,137081,137084,3,4
137077,137083,137084,1,6
137077,137083,137084,1,6
137077,137083,137084,1,6
137077,137083,137084,1,6
137077,137084,137085,1,7
137077,137084,137085,1,7
137077,137084,137085,1,7
137077,137084,137085,1,7
137077,137083,137085,2,6
137077,137085,137086,1,8
137077,137085,137086,1,8
137077,137085,137086,1,8
137077,137085,137086,1,8
137077,137085,137086,1,8
137077,137084,137086,2,7
137077,137084,137085,1,7
137077,137085,137086,1,8
137077,137085,137086,1,8
137077,137085,137086,1,8
137077,137086,137087,1,9
137077,137086,137087,1,9
137077,137086,137087,1,9
137077,137086,137087,1,9
137077,137086,137087,1,9
137077,137086,137087,1,9
137077,137086,137087,1,9
137077,137087,137088,1,10
137077,137087,137088,1,10
137077,137087,137088,1,10
137077,137087,137088,1,10
137077,137087,137088,1,10
137077,137087,137088,1,10
137077,137087,137088,1,10
137077,137087,137088,1,10
137077,137087,137088,1,10
137077,137087,137088,1,10
136421,136428,137118,690,7
137119,137119,137120,1,0
137119,137119,137120,1,0
137119,137119,137120,1,0
137119,137119,137120,1,0
137119,137119,137120,1,0
137119,137119,137120,1,0
137119,137119,137120,1,0
137119,137119,137121,2,0
137119,137119,137121,2,0
137119,137119,137120,1,0
137119,137119,137120,1,0
137119,137119,137120,1,0
137119,137119,137121,2,0
137119,137119,137121,2,0
137119,137120,137122,2,1
137119,137120,137122,2,1
137119,137121,137122,1,2
137119,137121,137122,1,2
137119,137120,137122,2,1
137119,137121,137122,1,2
137119,137121,137122,1,2
137119,137121,137123,2,2
137119,137122,137123,1,3
137119,137122,137123,1,3
137119,137122,137123,1,3
137119,137123,137124,1,4
137119,137124,137125,1,5
137119,137124,137125,1,5
137119,137123,137124,1,4
137119,137123,137124,1,4
137119,137124,137125,1,5
137119,137124,137125,1,5
137119,137124,137125,1,5
137119,137125,137126,1,6
137119,137125,137126,1,6
137119,137126,137127,1,7
137119,137126,137127,1,7
137119,137126,137127,1,7
137119,137125,137127,2,6
137119,137126,137127,1,7
137119,137126,137127,1,7
137119,137127,137128,1,8
137119,137127,137128,1,8
137119,137127,137128,1,8
137119,137127,137128,1,8
137119,137127,137128,1,8
137119,137127,137128,1,8
137119,137126,137127,1,7
137119,137127,137128,1,8
137119,137127,137128,1,8
137119,137128,137129,1,9
137119,137128,137129,1,9
137119,137128,137129,1,9
137119,137128,137129,1,9
136451,136457,137156,699,6
137157,137157,137158,1,0
137157,137157,137158,1,0
137157,137157,137158,1,0
137157,137157,137158,1,0
137157,137157,137158,1,0
137157,137157,137158,1,0
137157,137157,137158,1,0
137157,137157,137158,1,0
137157,137157,137158,1,0
137157,137157,137158,1,0
137157,137157,137158,1,0
137157,137157,137158,1,0
137157,137157,137158,1,0
137157,137157,137158,1,0
137157,137158,137159,1,1
137157,137158,137159,1,1
137157,137158,137159,1,1
137157,137158,137159,1,1
137157,137158,137159,1,1
137157,137158,137159,1,1
137157,137157,137158,1,0
137157,137158,137159,1,1
137157,137157,137159,2,0
137157,137158,137159,1,1
137157,137158,137159,1,1
137157,137159,137160,1,2
137157,137160,137161,1,3
137157,137160,137161,1,3
137157,137160,137161,1,3
137157,137160,137161,1,3
137157,137160,137161,1,3
137157,137161,137162,1,4
137157,137161,137162,1,4
137157,137162,137163,1,5
137157,137162,137163,1,5
137157,137162,137163,1,5
137157,137162,137163,1,5
137157,137163,137164,1,6
137157,137163,137164,1,6
137157,137163,137164,1,6
137157,137163,137164,1,6
137157,137163,137164,1,6
137157,137163,137164,1,6
137157,137164,137165,1,7
137157,137164,137165,1,7
137157,137164,137165,1,7
137157,137164,137165,1,7
137157,137164,137165,1,7
137157,137157,137165,8,0
136683,136691,137183,492,8
137185,137185,137186,1,0
137185,137185,137186,1,0
137185,137185,137186,1,0
137185,137185,137186,1,0
137185,137185,137186,1,0
137185,137185,137186,1,0
137185,137185,137186,1,0
137185,137185,137186,1,0
137185,137185,137186,1,0
137185,137185,137186,1,0
137185,137185,137186,1,0
137185,137185,137186,1,0
137185,137185,137186,1,0
137185,137186,137187,1,1
137185,137185,137187,2,0
137185,137186,137187,1,1
137185,137186,137187,1,1
137185,137186,137187,1,1
137185,137186,137187,1,1
137185,137186,137187,1,1
137185,137186,137187,1,1
137185,137185,137186,1,0
137185,137185,137186,1,0
137185,137186,137188,2,1
137185,137186,137188,2,1
137185,137187,137188,1,2
137185,137187,137188,1,2
137185,137187,137188,1,2
137185,137187,137188,1,2
137185,137187,137188,1,2
137185,137186,137187,1,1
137185,137187,137188,1,2
137185,137187,137188,1,2
137185,137187,137189,2,2
137185,137187,137189,2,2
137185,137187,137188,1,2
137185,137187,137189,2,2
137185,137187,137189,2,2
137185,137188,137189,1,3
137185,137188,137189,1,3
137185,137188,137189,1,3
137185,137188,137189,1,3
137185,137188,137189,1,3
137185,137187,137188,1,2
137185,137188,137189,1,3
137185,137188,137189,1,3
137185,137188,137189,1,3
137185,137189,137190,1,4
137185,137188,137189,1,3
137185,137189,137190,1,4
137185,137189,137190,1,4
137185,137189,137190,1,4
137185,137189,137190,1,4
137185,137189,137190,1,4
137185,137189,137190,1,4
137185,137190,137191,1,5
137185,137190,137191,1,5
137185,137190,137191,1,5
137185,137190,137191,1,5
137185,137190,137191,1,5
137185,137190,137191,1,5
137185,137191,137192,1,6
137185,137191,137192,1,6
137185,137191,137192,1,6
137185,137185,137193,8,0
137185,137192,137193,1,7
137185,137192,137193,1,7
137185,137192,137193,1,7
136714,136722,137217,495,8
137218,137218,137219,1,0
137218,137218,137219,1,0
137218,137218,137219,1,0
137218,137218,137219,1,0
137218,137218,137219,1,0
137218,137218,137219,1,0
137218,137218,137219,1,0
137218,137218,137219,1,0
137218,137218,137219,1,0
137218,137218,137220,2,0
137218,137218,137219,1,0
137218,137218,137220,2,0
137218,137219,137220,1,1
137218,137219,137220,1,1
137218,137218,137220,2,0
137218,137218,137220,2,0
137218,137219,137221,2,1
137218,137219,137221,2,1
137218,137220,137221,1,2
137218,137219,137221,2,1
137218,137220,137222,2,2
137218,137221,137222,1,3
137218,137221,137222,1,3
137218,137221,137222,1,3
137218,137221,137222,1,3
137218,137221,137222,1,3
137218,137222,137223,1,4
137218,137222,137223,1,4
137218,137223,137224,1,5
137218,137223,137224,1,5
137218,137223,137224,1,5
137218,137223,137224,1,5
137218,137223,137224,1,5
137218,137223,137224,1,5
137218,137223,137224,1,5
137218,137223,137224,1,5
137218,137222,137224,2,4
136524,136530,137224,694,6
137218,137223,137224,1,5
137218,137223,137224,1,5
137218,137224,137225,1,6
137218,137224,137225,1,6
137218,137224,137225,1,6
137218,137224,137225,1,6
137218,137224,137225,1,6
137218,137225,137226,1,7
137218,137225,137226,1,7
137218,137225,137226,1,7
137218,137225,137226,1,7
137218,137225,137226,1,7
137218,137225,137226,1,7
137218,137225,137226,1,7
137218,137225,137226,1,7
137218,137225,137226,1,7
137218,137225,137226,1,7
137218,137225,137226,1,7
137218,137225,137226,1,7
137218,137225,137226,1,7
137218,137226,137227,1,8
137218,137226,137227,1,8
137218,137226,137227,1,8
137218,137226,137227,1,8
137218,137226,137227,1,8
137225,137226,137227,1,1
137225,137226,137227,1,1
137225,137226,137227,1,1
137225,137226,137227,1,1
137225,137226,137227,1,1
137225,137226,137227,1,1
137225,137226,137227,1,1
137225,137226,137227,1,1
137225,137226,137227,1,1
137225,137226,137227,1,1
137218,137225,137227,2,7
137225,137227,137228,1,2
137225,137227,137228,1,2
137225,137227,137228,1,2
137225,137227,137228,1,2
137225,137227,137228,1,2
137225,137227,137228,1,2
137225,137227,137228,1,2
137225,137227,137228,1,2
137225,137227,137228,1,2
137225,137227,137228,1,2
137225,137227,137228,1,2
137225,137227,137228,1,2
137225,137227,137228,1,2
137225,137227,137228,1,2
137225,137227,137228,1,2
137225,137227,137228,1,2
137225,137228,137229,1,3
137225,137228,137229,1,3
137225,137228,137229,1,3
137225,137228,137229,1,3
137225,137228,137229,1,3
137225,137228,137229,1,3
137225,137228,137229,1,3
137225,137228,137229,1,3
137225,137228,137229,1,3
137225,137229,137230,1,4
137225,137229,137230,1,4
137225,137229,137230,1,4
137225,137229,137230,1,4
137225,137229,137230,1,4
137225,137229,137230,1,4
137225,137229,137230,1,4
137225,137229,137230,1,4
137225,137229,137230,1,4
137225,137229,137230,1,4
137225,137228,137230,2,3
137225,137229,137230,1,4
137225,137229,137230,1,4
137225,137230,137231,1,5
137225,137230,137231,1,5
137225,137230,137231,1,5
137225,137230,137231,1,5
137225,137230,137231,1,5
137225,137230,137231,1,5
137225,137230,137231,1,5
137225,137230,137231,1,5
137225,137230,137231,1,5
137225,137230,137231,1,5
137225,137230,137231,1,5
137225,137231,137232,1,6
137225,137231,137232,1,6
137225,137231,137232,1,6
137225,137231,137232,1,6
137225,137231,137232,1,6
137225,137232,137233,1,7
137225,137232,137233,1,7
137225,137232,137233,1,7
137225,137232,137233,1,7
137225,137232,137233,1,7
137225,137232,137233,1,7
137225,137232,137233,1,7
137225,137233,137234,1,8
137225,137233,137234,1,8
137225,137233,137234,1,8
137225,137233,137234,1,8
137225,137233,137234,1,8
137225,137233,137234,1,8
137225,137241,137242,1,16
137225,137241,137242,1,16
136774,136782,137252,470,8
137262,137262,137263,1,0
137262,137262,137263,1,0
137262,137262,137263,1,0
137262,137262,137263,1,0
137262,137262,137263,1,0
137262,137262,137263,1,0
137262,137262,137263,1,0
137262,137262,137263,1,0
137262,137262,137263,1,0
137262,137262,137263,1,0
137262,137262,137263,1,0
137262,137262,137263,1,0
137262,137263,137264,1,1
137262,137263,137264,1,1
137262,137262,137264,2,0
137262,137264,137265,1,2
137262,137262,137264,2,0
137262,137262,137264,2,0
137262,137264,137265,1,2
137262,137265,137266,1,3
137262,137265,137266,1,3
137262,137265,137266,1,3
137262,137265,137266,1,3
137262,137264,137266,2,2
137262,137265,137266,1,3
137262,137265,137266,1,3
137262,137266,137267,1,4
137262,137266,137267,1,4
137262,137266,137267,1,4
137262,137266,137267,1,4
137262,137266,137267,1,4
137262,137266,137267,1,4
137262,137266,137267,1,4
137262,137267,137268,1,5
137262,137267,137268,1,5
137262,137267,137268,1,5
137262,137267,137268,1,5
137262,137267,137268,1,5
137262,137268,137269,1,6
137262,137267,137268,1,5
137262,137268,137269,1,6
137262,137268,137269,1,6
137262,137268,137269,1,6
137262,137268,137269,1,6
137262,137268,137269,1,6
137262,137268,137269,1,6
137262,137268,137269,1,6
137262,137268,137269,1,6
137262,137269,137270,1,7
137262,137269,137270,1,7
137262,137269,137270,1,7
137262,137269,137270,1,7
137262,137269,137270,1,7
137262,137269,137270,1,7
136561,136568,137292,724,7
137294,137294,137295,1,0
137294,137294,137295,1,0
137294,137294,137295,1,0
137294,137294,137295,1,0
137294,137294,137295,1,0
137294,137294,137295,1,0
137294,137294,137295,1,0
137294,137294,137295,1,0
137294,137294,137295,1,0
137294,137294,137296,2,0
137294,137294,137296,2,0
137294,137294,137296,2,0
137294,137294,137296,2,0
137294,137295,137296,1,1
137294,137295,137296,1,1
137294,137295,137296,1,1
137294,137295,137296,1,1
137294,137295,137296,1,1
137294,137295,137296,1,1
137294,137295,137296,1,1
137294,137294,137296,2,0
137294,137294,137296,2,0
137294,137294,137296,2,0
137294,137295,137296,1,1
137294,137296,137297,1,2
137294,137296,137297,1,2
137294,137296,137297,1,2
137294,137296,137297,1,2
137294,137296,137297,1,2
137294,137296,137297,1,2
137294,137296,137297,1,2
137294,137296,137297,1,2
137294,137296,137297,1,2
137294,137297,137298,1,3
137294,137296,137297,1,2
137294,137296,137297,1,2
137294,137296,137297,1,2
137294,137297,137298,1,3
137294,137297,137298,1,3
137294,137297,137298,1,3
137294,137297,137298,1,3
137294,137297,137298,1,3
137294,137297,137298,1,3
137294,137297,137298,1,3
137294,137297,137298,1,3
137294,137297,137299,2,3
137294,137298,137299,1,4
137294,137298,137299,1,4
137294,137298,137299,1,4
137294,137298,137299,1,4
137294,137298,137299,1,4
137294,137298,137300,2,4
137294,137298,137299,1,4
137294,137300,137301,1,6
137294,137299,137301,2,5
137294,137299,137301,2,5
137294,137300,137301,1,6
137294,137299,137301,2,5
137294,137301,137302,1,7
137294,137297,137303,6,3
137294,137302,137304,2,8
137294,137297,137311,14,3
136640,136648,137336,688,8
137338,137338,137339,1,0
137338,137338,137339,1,0
137338,137338,137339,1,0
137338,137338,137339,1,0
137338,137338,137339,1,0
137338,137338,137339,1,0
137338,137339,137340,1,1
137338,137339,137340,1,1
137338,137338,137339,1,0
137338,137339,137340,1,1
137338,137338,137340,2,0
137338,137339,137340,1,1
137338,137339,137340,1,1
137338,137339,137340,1,1
137338,137339,137340,1,1
137338,137339,137340,1,1
137338,137339,137340,1,1
137338,137340,137341,1,2
137338,137338,137341,3,0
137338,137338,137341,3,0
137338,137340,137341,1,2
137338,137340,137341,1,2
137338,137340,137341,1,2
137338,137340,137341,1,2
137338,137340,137341,1,2
137338,137340,137341,1,2
137338,137340,137341,1,2
137338,137341,137342,1,3
137338,137341,137342,1,3
137338,137341,137342,1,3
137338,137341,137342,1,3
137338,137341,137342,1,3
137338,137341,137342,1,3
137338,137341,137342,1,3
137338,137342,137343,1,4
137338,137342,137343,1,4
137338,137342,137343,1,4
137338,137342,137343,1,4
137338,137342,137343,1,4
137338,137342,137343,1,4
137338,137342,137343,1,4
137338,137341,137343,2,3
137338,137342,137343,1,4
137338,137342,137343,1,4
137338,137342,137343,1,4
137338,137342,137343,1,4
137338,137342,137343,1,4
137338,137342,137343,1,4
137338,137342,137343,1,4
137338,137343,137344,1,5
137338,137343,137344,1,5
137338,137343,137344,1,5
137338,137343,137344,1,5
137338,137343,137344,1,5
137338,137343,137344,1,5
137338,137343,137344,1,5
137338,137343,137344,1,5
137338,137343,137344,1,5
137338,137344,137345,1,6
137338,137344,137345,1,6
137338,137344,137345,1,6
137338,137344,137345,1,6
137338,137344,137345,1,6
137338,137344,137345,1,6
137338,137344,137345,1,6
137338,137344,137345,1,6
137338,137344,137345,1,6
137338,137344,137345,1,6
137338,137344,137345,1,6
137338,137344,137345,1,6
137338,137344,137345,1,6
137338,137344,137345,1,6
137338,137344,137345,1,6
137338,137344,137345,1,6
137338,137344,137345,1,6
137338,137345,137346,1,7
137338,137345,137346,1,7
137338,137345,137346,1,7
137338,137345,137346,1,7
137338,137345,137346,1,7
137338,137345,137346,1,7
137338,137345,137346,1,7
137338,137345,137346,1,7
137338,137345,137346,1,7
137338,137345,137346,1,7
137338,137345,137346,1,7
137338,137345,137346,1,7
137338,137345,137346,1,7
137338,137345,137346,1,7
137338,137345,137346,1,7
137338,137345,137346,1,7
137338,137346,137347,1,8
137338,137346,137347,1,8
136635,136641,137364,723,6
137365,137365,137366,1,0
137365,137365,137366,1,0
137365,137365,137366,1,0
137365,137365,137366,1,0
137365,137365,137366,1,0
137365,137365,137366,1,0
137365,137365,137366,1,0
137365,137365,137366,1,0
137365,137365,137366,1,0
137365,137365,137367,2,0
137365,137365,137367,2,0
137365,137365,137367,2,0
137365,137365,137366,1,0
137365,137366,137367,1,1
137365,137365,137366,1,0
137365,137366,137367,1,1
137365,137366,137367,1,1
137365,137366,137367,1,1
137365,137366,137367,1,1
137365,137366,137367,1,1
137365,137366,137367,1,1
137365,137366,137367,1,1
137365,137366,137367,1,1
137365,137367,137368,1,2
137365,137367,137368,1,2
137365,137367,137368,1,2
137365,137367,137368,1,2
137365,137367,137368,1,2
137365,137366,137367,1,1
137365,137367,137368,1,2
137365,137367,137368,1,2
137365,137367,137368,1,2
137365,137367,137368,1,2
137365,137367,137368,1,2
137365,137367,137368,1,2
137365,137368,137369,1,3
137365,137368,137369,1,3
137365,137367,137368,1,2
137365,137368,137369,1,3
137365,137367,137368,1,2
137365,137367,137368,1,2
137365,137368,137369,1,3
137365,137368,137369,1,3
137365,137368,137369,1,3
137365,137369,137370,1,4
137365,137368,137369,1,3
137365,137369,137370,1,4
137365,137369,137370,1,4
137365,137368,137370,2,3
137365,137369,137370,1,4
137365,137369,137370,1,4
137365,137369,137370,1,4
137365,137368,137369,1,3
137365,137369,137370,1,4
137365,137369,137370,1,4
137365,137369,137370,1,4
137365,137369,137370,1,4
137365,137369,137370,1,4
137365,137369,137370,1,4
137365,137369,137370,1,4
137365,137370,137371,1,5
137365,137369,137370,1,4
137365,137370,137371,1,5
137365,137370,137371,1,5
137365,137370,137371,1,5
137365,137370,137371,1,5
137365,137370,137371,1,5
137365,137370,137371,1,5
137365,137370,137371,1,5
137365,137370,137371,1,5
137365,137370,137371,1,5
137365,137370,137371,1,5
137365,137370,137371,1,5
137365,137370,137371,1,5
137365,137371,137372,1,6
137365,137371,137372,1,6
137365,137372,137373,1,7
137365,137370,137372,2,5
137365,137372,137373,1,7
137365,137370,137372,2,5
137365,137371,137373,2,6
137365,137372,137373,1,7
137365,137372,137373,1,7
136664,136670,137392,722,6
137393,137394,137395,1,1
137393,137394,137395,1,1
137393,137394,137395,1,1
137393,137394,137395,1,1
137393,137394,137395,1,1
137393,137394,137395,1,1
137393,137394,137395,1,1
137393,137394,137395,1,1
137393,137394,137395,1,1
137393,137394,137395,1,1
137393,137395,137396,1,2
137393,137395,137396,1,2
137393,137395,137396,1,2
137393,137395,137396,1,2
137393,137396,137397,1,3
137393,137395,137396,1,2
137393,137396,137397,1,3
137393,137396,137397,1,3
137393,137395,137396,1,2
137393,137396,137397,1,3
137393,137396,137397,1,3
137393,137396,137397,1,3
137393,137396,137397,1,3
137393,137396,137397,1,3
137393,137396,137397,1,3
137393,137396,137397,1,3
137393,137396,137397,1,3
137393,137396,137397,1,3
137393,137396,137397,1,3
137393,137396,137397,1,3
137393,137397,137398,1,4
137393,137397,137398,1,4
137393,137397,137398,1,4
137393,137397,137398,1,4
137393,137397,137398,1,4
137393,137397,137398,1,4
137393,137397,137398,1,4
137393,137398,137399,1,5
137393,137398,137399,1,5
137393,137398,137399,1,5
137393,137398,137399,1,5
137393,137398,137399,1,5
137393,137398,137399,1,5
137393,137398,137399,1,5
137393,137398,137399,1,5
137393,137398,137399,1,5
137393,137398,137399,1,5
137393,137398,137399,1,5
137393,137398,137399,1,5
137393,137398,137399,1,5
137393,137398,137399,1,5
137393,137398,137399,1,5
137393,137399,137400,1,6
137393,137399,137400,1,6
137393,137399,137400,1,6
137393,137399,137400,1,6
137393,137399,137400,1,6
137393,137399,137400,1,6
137393,137399,137400,1,6
137393,137399,137400,1,6
137393,137399,137400,1,6
137393,137399,137400,1,6
137393,137400,137401,1,7
137393,137399,137400,1,6
137393,137400,137401,1,7
137393,137400,137401,1,7
137393,137400,137401,1,7
137393,137400,137401,1,7
137393,137400,137401,1,7
137393,137400,137401,1,7
137393,137400,137401,1,7
137393,137400,137401,1,7
137393,137400,137401,1,7
137393,137400,137401,1,7
137393,137400,137401,1,7
137393,137400,137401,1,7
137393,137400,137401,1,7
137393,137401,137402,1,8
137393,137401,137402,1,8
137393,137401,137402,1,8
137393,137400,137401,1,7
137393,137401,137402,1,8
137393,137401,137402,1,8
137393,137401,137402,1,8
137393,137401,137402,1,8
136716,136730,137478,748,14
137480,137480,137481,1,0
137480,137480,137481,1,0
137480,137480,137481,1,0
137480,137480,137481,1,0
137480,137480,137481,1,0
137480,137480,137481,1,0
137480,137480,137481,1,0
136994,136999,137481,482,5
137480,137480,137481,1,0
137480,137480,137481,1,0
137480,137480,137481,1,0
137480,137480,137481,1,0
137480,137480,137481,1,0
137480,137480,137481,1,0
137480,137481,137482,1,1
137480,137481,137482,1,1
137480,137481,137482,1,1
137480,137480,137481,1,0
137480,137481,137482,1,1
137480,137481,137482,1,1
137480,137481,137482,1,1
137480,137481,137482,1,1
137480,137480,137481,1,0
137480,137481,137482,1,1
137480,137481,137482,1,1
137480,137480,137482,2,0
137480,137481,137482,1,1
137480,137482,137483,1,2
137480,137482,137483,1,2
137480,137482,137483,1,2
137480,137482,137483,1,2
137480,137482,137483,1,2
137480,137482,137483,1,2
137480,137482,137483,1,2
137480,137482,137483,1,2
137480,137482,137483,1,2
137480,137482,137483,1,2
137480,137482,137483,1,2
137480,137481,137483,2,1
137480,137483,137484,1,3
137480,137483,137484,1,3
137480,137483,137484,1,3
137480,137482,137483,1,2
137480,137482,137483,1,2
137480,137483,137484,1,3
137480,137483,137484,1,3
137480,137482,137483,1,2
137480,137482,137483,1,2
137480,137483,137484,1,3
137480,137483,137484,1,3
137480,137483,137484,1,3
137480,137483,137484,1,3
137480,137483,137484,1,3
137480,137483,137485,2,3
137480,137483,137485,2,3
137480,137484,137485,1,4
137480,137484,137485,1,4
136780,136789,137485,696,9
137480,137484,137485,1,4
137480,137484,137485,1,4
137480,137483,137484,1,3
137480,137484,137485,1,4
137480,137484,137485,1,4
137480,137484,137485,1,4
137480,137484,137485,1,4
137480,137484,137485,1,4
137480,137484,137485,1,4
137480,137484,137485,1,4
137480,137485,137486,1,5
137480,137485,137486,1,5
137480,137485,137486,1,5
137480,137485,137486,1,5
137480,137485,137486,1,5
137480,137484,137486,2,4
137480,137484,137485,1,4
137480,137485,137486,1,5
137480,137485,137486,1,5
137480,137485,137486,1,5
137480,137485,137486,1,5
137480,137485,137486,1,5
137480,137485,137486,1,5
137480,137485,137486,1,5
137480,137485,137487,2,5
137480,137486,137487,1,6
137480,137486,137487,1,6
137480,137486,137487,1,6
137480,137486,137487,1,6
137480,137485,137487,2,5
137482,137487,137488,1,5
137482,137487,137488,1,5
137480,137486,137487,1,6
137482,137487,137488,1,5
137482,137488,137489,1,6
137482,137488,137489,1,6
137480,137487,137488,1,7
137482,137488,137489,1,6
137482,137489,137490,1,7
137482,137488,137489,1,6
137482,137488,137489,1,6
137482,137489,137490,1,7
137482,137488,137489,1,6
137482,137489,137490,1,7
137482,137488,137490,2,6
137482,137489,137490,1,7
137482,137489,137490,1,7
137482,137489,137490,1,7
137482,137489,137490,1,7
137482,137489,137490,1,7
137482,137489,137490,1,7
137482,137489,137490,1,7
137482,137489,137490,1,7
137482,137489,137490,1,7
137482,137489,137490,1,7
137482,137490,137491,1,8
137482,137490,137491,1,8
137482,137490,137491,1,8
137482,137490,137491,1,8
137482,137490,137491,1,8
137482,137490,137491,1,8
137482,137491,137492,1,9
137482,137491,137492,1,9
137482,137490,137491,1,8
137482,137492,137493,1,10
137482,137492,137493,1,10
137482,137492,137493,1,10
137482,137492,137493,1,10
137482,137492,137493,1,10
137482,137492,137493,1,10
137482,137491,137492,1,9
137482,137492,137493,1,10
137482,137492,137493,1,10
137482,137493,137494,1,11
137482,137493,137494,1,11
137482,137493,137494,1,11
137482,137493,137494,1,11
137482,137493,137494,1,11
137482,137493,137494,1,11
137482,137493,137494,1,11
137482,137493,137494,1,11
137482,137493,137494,1,11
137482,137493,137494,1,11
137482,137493,137494,1,11
137482,137493,137494,1,11
137482,137492,137493,1,10
137482,137494,137495,1,12
137482,137494,137495,1,12
137482,137494,137495,1,12
137482,137494,137495,1,12
137482,137494,137495,1,12
137482,137494,137495,1,12
137482,137494,137495,1,12
137482,137494,137495,1,12
137482,137494,137495,1,12
137486,137494,137495,1,8
137486,137494,137495,1,8
137486,137495,137496,1,9
137486,137495,137496,1,9
137486,137495,137496,1,9
137486,137495,137496,1,9
137486,137495,137496,1,9
137486,137495,137496,1,9
137486,137495,137496,1,9
137486,137495,137496,1,9
137486,137496,137497,1,10
137486,137496,137497,1,10
137486,137496,137497,1,10
137486,137495,137496,1,9
137486,137496,137497,1,10
137486,137495,137496,1,9
137486,137495,137497,2,9
137486,137495,137497,2,9
137486,137495,137497,2,9
137486,137496,137497,1,10
137486,137496,137497,1,10
137486,137496,137497,1,10
137486,137496,137497,1,10
137486,137496,137497,1,10
137486,137496,137497,1,10
137486,137496,137497,1,10
137486,137497,137498,1,11
137486,137497,137498,1,11
137486,137497,137498,1,11
137486,137497,137498,1,11
137486,137496,137497,1,10
137486,137497,137498,1,11
137486,137497,137498,1,11
137486,137497,137498,1,11
137486,137497,137498,1,11
137486,137497,137498,1,11
137486,137497,137498,1,11
137486,137498,137499,1,12
137486,137498,137499,1,12
137486,137497,137499,2,11
137486,137498,137499,1,12
137486,137497,137499,2,11
137486,137498,137499,1,12
137486,137498,137499,1,12
137486,137498,137499,1,12
137486,137498,137499,1,12
137486,137498,137499,1,12
137486,137498,137499,1,12
137486,137498,137499,1,12
137486,137498,137499,1,12
137486,137499,137500,1,13
137486,137499,137500,1,13
137486,137499,137500,1,13
137486,137499,137500,1,13
137486,137498,137500,2,12
137486,137500,137501,1,14
137486,137500,137501,1,14
137486,137500,137501,1,14
137486,137500,137501,1,14
137486,137500,137501,1,14
137486,137500,137501,1,14
137486,137500,137501,1,14
137486,137500,137501,1,14
137486,137500,137501,1,14
137486,137501,137502,1,15
137486,137501,137502,1,15
137486,137501,137502,1,15
137486,137501,137502,1,15
137016,137024,137511,487,8
137523,137523,137524,1,0
137523,137523,137524,1,0
137523,137523,137524,1,0
137523,137523,137524,1,0
137523,137523,137524,1,0
137523,137523,137524,1,0
137523,137523,137524,1,0
137523,137523,137524,1,0
137523,137523,137524,1,0
137523,137523,137524,1,0
137523,137523,137524,1,0
137523,137523,137525,2,0
137523,137523,137525,2,0
137523,137524,137525,1,1
137523,137523,137524,1,0
137523,137524,137525,1,1
137523,137524,137525,1,1
137523,137524,137525,1,1
137523,137523,137525,2,0
137523,137525,137526,1,2
137523,137525,137526,1,2
137523,137525,137526,1,2
137523,137524,137526,2,1
137523,137525,137526,1,2
137523,137524,137526,2,1
137523,137524,137526,2,1
137523,137524,137525,1,1
137523,137525,137526,1,2
137523,137524,137526,2,1
137523,137525,137526,1,2
137523,137525,137526,1,2
137523,137525,137526,1,2
137523,137523,137526,3,0
137523,137526,137527,1,3
137523,137526,137527,1,3
137523,137525,137527,2,2
137523,137526,137527,1,3
137523,137526,137527,1,3
137523,137526,137527,1,3
137523,137526,137528,2,3
137523,137527,137528,1,4
137523,137527,137528,1,4
137523,137526,137528,2,3
137523,137528,137529,1,5
137523,137527,137528,1,4
137523,137527,137529,2,4
137523,137529,137530,1,6
137523,137527,137529,2,4
137523,137530,137531,1,7
137523,137530,137531,1,7
137523,137531,137532,1,8
137523,137531,137534,3,8
136833,136841,137572,731,8
137574,137574,137575,1,0
137574,137574,137575,1,0
137574,137575,137576,1,1
137574,137574,137575,1,0
137574,137574,137575,1,0
137574,137574,137576,2,0
137574,137575,137576,1,1
137574,137575,137576,1,1
137574,137575,137576,1,1
137574,137575,137576,1,1
137574,137575,137576,1,1
137574,137576,137577,1,2
137574,137575,137576,1,1
137574,137576,137577,1,2
137574,137576,137577,1,2
137574,137576,137577,1,2
137574,137576,137577,1,2
137574,137576,137577,1,2
137574,137576,137577,1,2
137574,137576,137577,1,2
137574,137576,137577,1,2
137574,137577,137578,1,3
137574,137577,137578,1,3
137574,137577,137578,1,3
137574,137577,137578,1,3
137574,137577,137578,1,3
137574,137577,137578,1,3
137574,137577,137578,1,3
137574,137577,137578,1,3
137574,137577,137578,1,3
137574,137577,137578,1,3
137574,137577,137578,1,3
137574,137577,137578,1,3
137574,137577,137578,1,3
137574,137577,137578,1,3
137574,137578,137579,1,4
137574,137578,137579,1,4
137574,137578,137579,1,4
137574,137578,137579,1,4
137574,137578,137579,1,4
137574,137578,137579,1,4
137574,137578,137579,1,4
137574,137578,137579,1,4
137574,137578,137579,1,4
137574,137578,137579,1,4
137574,137578,137579,1,4
137574,137578,137579,1,4
137574,137578,137579,1,4
137574,137578,137579,1,4
137574,137579,137580,1,5
137574,137579,137580,1,5
137574,137579,137580,1,5
137574,137579,137580,1,5
137574,137578,137579,1,4
137574,137579,137580,1,5
137574,137579,137580,1,5
137574,137579,137580,1,5
137574,137579,137580,1,5
137574,137579,137580,1,5
137574,137579,137580,1,5
137574,137579,137580,1,5
137574,137579,137580,1,5
137574,137579,137580,1,5
137574,137579,137580,1,5
137574,137580,137581,1,6
137574,137580,137581,1,6
137574,137580,137581,1,6
137574,137580,137581,1,6
137574,137580,137581,1,6
137574,137580,137581,1,6
137574,137580,137581,1,6
137574,137580,137581,1,6
137574,137580,137581,1,6
137574,137580,137581,1,6
137574,137580,137581,1,6
137574,137574,137582,8,0
137121,137128,137602,474,7
137604,137604,137605,1,0
137604,137604,137605,1,0
137604,137604,137605,1,0
137604,137604,137605,1,0
137604,137604,137605,1,0
137604,137604,137605,1,0
137604,137604,137605,1,0
137604,137604,137605,1,0
137604,137604,137606,2,0
137604,137604,137606,2,0
137604,137604,137606,2,0
137604,137604,137605,1,0
137604,137604,137605,1,0
137604,137604,137605,1,0
137604,137604,137605,1,0
137604,137605,137606,1,1
137604,137605,137606,1,1
137604,137605,137607,2,1
137604,137605,137607,2,1
137604,137605,137606,1,1
137604,137605,137607,2,1
137604,137606,137607,1,2
137604,137607,137608,1,3
137604,137606,137608,2,2
137604,137605,137608,3,1
137604,137606,137608,2,2
137604,137607,137608,1,3
137604,137606,137608,2,2
137604,137606,137608,2,2
137604,137607,137609,2,3
137604,137607,137609,2,3
137604,137606,137609,3,2
137604,137608,137609,1,4
137604,137608,137609,1,4
137604,137608,137609,1,4
137604,137608,137609,1,4
137604,137608,137609,1,4
137604,137608,137610,2,4
137604,137609,137610,1,5
137604,137609,137610,1,5
137604,137609,137611,2,5
137604,137609,137610,1,5
137604,137610,137611,1,6
137604,137604,137611,7,0
137604,137609,137611,2,5
137604,137610,137611,1,6
137604,137610,137611,1,6
137604,137609,137611,2,5
137604,137610,137611,1,6
137604,137610,137611,1,6
137604,137610,137611,1,6
137604,137611,137612,1,7
137604,137611,137612,1,7
137604,137611,137612,1,7
137604,137611,137612,1,7
137604,137612,137613,1,8
137604,137612,137613,1,8
137604,137613,137614,1,9
137604,137613,137614,1,9
137604,137613,137614,1,9
137604,137613,137614,1,9
137604,137612,137614,2,8
137604,137613,137614,1,9
137604,137614,137615,1,10
137604,137614,137615,1,10
137604,137614,137615,1,10
137604,137614,137615,1,10
137604,137604,137617,13,0
136948,136956,137660,704,8
137662,137662,137663,1,0
137662,137662,137663,1,0
137662,137662,137663,1,0
136925,136931,137663,732,6
137662,137662,137663,1,0
137662,137662,137663,1,0
137662,137662,137663,1,0
137662,137662,137663,1,0
137662,137662,137663,1,0
137662,137662,137663,1,0
137662,137662,137663,1,0
137662,137662,137663,1,0
137662,137662,137664,2,0
137662,137662,137664,2,0
137662,137663,137664,1,1
137662,137663,137664,1,1
137662,137663,137664,1,1
137662,137662,137663,1,0
137662,137663,137664,1,1
137662,137663,137664,1,1
137662,137663,137664,1,1
137662,137663,137664,1,1
137662,137663,137664,1,1
137662,137663,137664,1,1
137662,137663,137664,1,1
137662,137663,137664,1,1
137662,137664,137665,1,2
137662,137664,137665,1,2
137662,137662,137665,3,0
137662,137664,137665,1,2
137662,137664,137665,1,2
137662,137664,137665,1,2
137662,137664,137665,1,2
137662,137664,137666,2,2
137662,137662,137665,3,0
137662,137664,137665,1,2
137662,137665,137666,1,3
137662,137665,137666,1,3
137662,137665,137667,2,3
137662,137666,137667,1,4
137662,137666,137667,1,4
137662,137664,137667,3,2
137662,137666,137667,1,4
137662,137667,137668,1,5
137662,137666,137668,2,4
137662,137667,137668,1,5
137662,137668,137669,1,6
137662,137668,137669,1,6
137662,137668,137669,1,6
137662,137668,137669,1,6
137662,137668,137669,1,6
137662,137666,137669,3,4
137662,137668,137669,1,6
137662,137668,137669,1,6
137662,137669,137670,1,7
137662,137669,137670,1,7
137662,137669,137670,1,7
137662,137669,137670,1,7
137664,137669,137670,1,5
137662,137669,137670,1,7
137664,137669,137670,1,5
137664,137670,137671,1,6
137664,137670,137671,1,6
137664,137670,137671,1,6
137664,137670,137671,1,6
137664,137670,137671,1,6
137664,137670,137671,1,6
137664,137670,137671,1,6
137662,137666,137671,5,4
137662,137668,137671,3,6
137664,137671,137672,1,7
137664,137671,137672,1,7
137664,137671,137672,1,7
137664,137671,137672,1,7
137664,137671,137672,1,7
137664,137671,137672,1,7
137664,137671,137672,1,7
137664,137670,137672,2,6
137664,137672,137673,1,8
137664,137672,137673,1,8
137664,137672,137673,1,8
137664,137672,137673,1,8
137664,137672,137673,1,8
137664,137672,137673,1,8
137664,137672,137673,1,8
137664,137672,137673,1,8
137664,137672,137673,1,8
137664,137672,137673,1,8
137664,137672,137673,1,8
137664,137673,137674,1,9
137664,137673,137674,1,9
137664,137673,137674,1,9
137664,137673,137674,1,9
137664,137673,137674,1,9
137664,137673,137674,1,9
137664,137673,137674,1,9
137664,137673,137674,1,9
137664,137669,137674,5,5
137664,137673,137674,1,9
137664,137673,137674,1,9
137664,137674,137675,1,10
137664,137674,137675,1,10
137664,137674,137675,1,10
137664,137674,137675,1,10
137664,137674,137675,1,10
137664,137674,137675,1,10
137664,137674,137675,1,10
137664,137674,137675,1,10
137664,137674,137675,1,10
137664,137674,137675,1,10
137664,137675,137676,1,11
137664,137675,137676,1,11
137664,137675,137676,1,11
137664,137675,137676,1,11
137664,137675,137676,1,11
137664,137675,137676,1,11
137664,137675,137676,1,11
137664,137675,137676,1,11
137664,137675,137676,1,11
137664,137675,137676,1,11
137664,137676,137677,1,12
137664,137676,137677,1,12
137664,137675,137677,2,11
137664,137676,137677,1,12
137664,137676,137677,1,12
137219,137226,137703,477,7
137705,137706,137707,1,1
137705,137706,137708,2,1
137705,137706,137707,1,1
137705,137706,137707,1,1
137705,137706,137707,1,1
137705,137706,137707,1,1
137705,137706,137708,2,1
137705,137706,137708,2,1
137705,137707,137708,1,2
137705,137707,137708,1,2
137705,137707,137708,1,2
137705,137707,137708,1,2
137705,137707,137708,1,2
137705,137707,137708,1,2
137705,137706,137708,2,1
137705,137707,137709,2,2
137705,137708,137709,1,3
137705,137708,137709,1,3
137705,137708,137709,1,3
137705,137708,137710,2,3
137705,137708,137710,2,3
137705,137709,137710,1,4
137705,137709,137710,1,4
137705,137709,137710,1,4
137705,137709,137710,1,4
137705,137709,137710,1,4
137705,137710,137711,1,5
137705,137709,137710,1,4
137705,137709,137710,1,4
137705,137709,137711,2,4
137705,137709,137711,2,4
137705,137710,137711,1,5
137705,137711,137712,1,6
137705,137711,137712,1,6
137705,137711,137712,1,6
137705,137710,137711,1,5
137705,137711,137712,1,6
137705,137711,137712,1,6
137705,137711,137713,2,6
137705,137711,137712,1,6
137705,137712,137713,1,7
137705,137711,137712,1,6
137705,137712,137713,1,7
137705,137712,137713,1,7
137705,137712,137713,1,7
137705,137712,137713,1,7
137705,137712,137713,1,7
137705,137712,137713,1,7
137705,137706,137712,6,1
137705,137712,137713,1,7
137705,137712,137713,1,7
137705,137713,137714,1,8
137705,137713,137714,1,8
137705,137713,137714,1,8
137705,137713,137714,1,8
137705,137713,137714,1,8
137705,137713,137714,1,8
137705,137713,137714,1,8
137705,137713,137714,1,8
137705,137714,137715,1,9
137705,137714,137715,1,9
137705,137714,137715,1,9
137705,137714,137715,1,9
137705,137714,137715,1,9
137705,137714,137715,1,9
137705,137714,137715,1,9
137705,137715,137716,1,10
137705,137715,137716,1,10
137705,137715,137716,1,10
137705,137715,137716,1,10
137705,137715,137716,1,10
137705,137715,137716,1,10
137705,137715,137716,1,10
137705,137715,137716,1,10
137705,137715,137716,1,10
137705,137716,137717,1,11
137705,137716,137717,1,11
137705,137716,137717,1,11
137705,137706,137710,4,1
137705,137720,137722,2,15
137227,137233,137723,490,6
137740,137740,137741,1,0
137740,137740,137741,1,0
137740,137740,137741,1,0
137740,137740,137741,1,0
137740,137740,137741,1,0
137740,137740,137741,1,0
137740,137740,137741,1,0
137740,137740,137741,1,0
137740,137740,137742,2,0
137740,137740,137742,2,0
137740,137740,137741,1,0
137740,137740,137742,2,0
137740,137740,137742,2,0
137740,137740,137742,2,0
137740,137740,137742,2,0
137740,137741,137742,1,1
137740,137741,137742,1,1
137740,137741,137743,2,1
137740,137741,137743,2,1
137740,137741,137743,2,1
137740,137741,137743,2,1
137740,137741,137743,2,1
137740,137741,137743,2,1
137740,137742,137743,1,2
137740,137742,137743,1,2
137740,137742,137743,1,2
137740,137742,137743,1,2
137740,137740,137742,2,0
137740,137740,137744,4,0
137740,137742,137744,2,2
137740,137743,137744,1,3
137740,137742,137744,2,2
137740,137742,137744,2,2
137740,137742,137744,2,2
137740,137743,137744,1,3
137740,137743,137744,1,3
137740,137742,137743,1,2
137740,137743,137744,1,3
137740,137743,137744,1,3
137740,137743,137744,1,3
137740,137744,137745,1,4
137740,137744,137745,1,4
137740,137743,137745,2,3
137740,137743,137744,1,3
137740,137744,137745,1,4
137740,137744,137745,1,4
137740,137743,137745,2,3
137740,137744,137745,1,4
137740,137744,137745,1,4
137740,137745,137746,1,5
137740,137745,137746,1,5
137740,137745,137746,1,5
137740,137744,137746,2,4
137740,137744,137745,1,4
137740,137744,137746,2,4
137740,137746,137747,1,6
137740,137746,137747,1,6
137740,137746,137747,1,6
137740,137746,137747,1,6
137740,137744,137747,3,4
137740,137746,137748,2,6
137740,137747,137748,1,7
137740,137746,137748,2,6
137740,137747,137748,1,7
137740,137748,137749,1,8
137740,137748,137749,1,8
137740,137748,137749,1,8
137740,137748,137749,1,8
137740,137748,137749,1,8
137740,137748,137750,2,8
137073,137079,137764,685,6
137768,137768,137769,1,0
137768,137768,137769,1,0
137768,137768,137769,1,0
137768,137768,137769,1,0
137768,137768,137769,1,0
137768,137768,137769,1,0
137768,137768,137769,1,0
137768,137768,137769,1,0
137768,137768,137770,2,0
137768,137768,137769,1,0
137768,137768,137770,2,0
137768,137768,137769,1,0
137768,137768,137769,1,0
137768,137769,137770,1,1
137768,137768,137770,2,0
137768,137769,137770,1,1
137768,137769,137770,1,1
137768,137769,137770,1,1
137768,137769,137771,2,1
137768,137770,137771,1,2
137768,137769,137770,1,1
137768,137769,137770,1,1
137768,137770,137771,1,2
137768,137770,137771,1,2
137768,137768,137770,2,0
137768,137768,137771,3,0
137768,137770,137772,2,2
137768,137768,137772,4,0
137768,137770,137772,2,2
137768,137771,137772,1,3
137768,137770,137771,1,2
137768,137771,137772,1,3
137768,137771,137772,1,3
137768,137771,137772,1,3
137768,137771,137772,1,3
137768,137771,137772,1,3
137768,137771,137772,1,3
137768,137772,137773,1,4
137768,137772,137773,1,4
137768,137771,137772,1,3
137768,137771,137773,2,3
137768,137772,137773,1,4
137768,137772,137773,1,4
137768,137772,137773,1,4
137768,137771,137772,1,3
137768,137771,137772,1,3
137768,137772,137773,1,4
137768,137772,137773,1,4
137768,137771,137773,2,3
137768,137771,137773,2,3
137768,137772,137773,1,4
137768,137772,137773,1,4
137768,137772,137774,2,4
137768,137772,137773,1,4
137768,137773,137774,1,5
137768,137773,137774,1,5
137768,137773,137774,1,5
137768,137773,137774,1,5
137768,137773,137774,1,5
137768,137773,137774,1,5
137768,137774,137775,1,6
137768,137774,137775,1,6
137768,137773,137774,1,5
137768,137774,137775,1,6
137768,137774,137775,1,6
137768,137774,137775,1,6
137768,137775,137776,1,7
137768,137775,137776,1,7
137768,137774,137775,1,6
137768,137774,137775,1,6
137768,137776,137777,1,8
137768,137776,137777,1,8
137768,137776,137777,1,8
137768,137776,137778,2,8
137768,137776,137778,2,8
137044,137051,137781,730,7
137793,137793,137794,1,0
137793,137793,137794,1,0
137793,137793,137794,1,0
137793,137793,137794,1,0
137793,137793,137794,1,0
137793,137793,137794,1,0
137793,137793,137794,1,0
137793,137793,137794,1,0
137793,137793,137794,1,0
137793,137793,137794,1,0
137793,137793,137795,2,0
137793,137793,137795,2,0
137793,137793,137794,1,0
137793,137793,137795,2,0
137793,137794,137795,1,1
137793,137794,137795,1,1
137793,137794,137796,2,1
137793,137793,137796,3,0
137793,137795,137796,1,2
137793,137794,137796,2,1
137793,137794,137796,2,1
137793,137794,137796,2,1
137793,137794,137795,1,1
137793,137795,137796,1,2
137793,137794,137796,2,1
137793,137794,137796,2,1
137793,137795,137796,1,2
137793,137795,137796,1,2
137793,137795,137796,1,2
137793,137795,137796,1,2
137793,137795,137796,1,2
137793,137796,137797,1,3
137793,137793,137797,4,0
137793,137796,137797,1,3
137793,137796,137797,1,3
137793,137796,137797,1,3
137793,137796,137797,1,3
137793,137796,137797,1,3
137793,137797,137798,1,4
137793,137797,137798,1,4
137793,137797,137798,1,4
137793,137796,137798,2,3
137793,137796,137798,2,3
137793,137797,137798,1,4
137793,137798,137799,1,5
137793,137798,137799,1,5
137793,137799,137800,1,6
137793,137799,137800,1,6
137793,137797,137800,3,4
137793,137800,137801,1,7
137793,137801,137802,1,8
137793,137801,137802,1,8
137793,137801,137802,1,8
137793,137797,137805,8,4
137079,137087,137815,728,8
137820,137820,137821,1,0
137820,137820,137821,1,0
137820,137820,137821,1,0
137820,137820,137821,1,0
137820,137820,137821,1,0
137820,137820,137821,1,0
137820,137820,137821,1,0
137820,137820,137821,1,0
137820,137820,137822,2,0
137820,137821,137822,1,1
137820,137821,137822,1,1
137820,137822,137823,1,2
137820,137822,137823,1,2
137820,137822,137823,1,2
137820,137821,137823,2,1
137820,137820,137823,3,0
137820,137822,137823,1,2
137820,137822,137823,1,2
137820,137822,137823,1,2
137820,137822,137823,1,2
137820,137822,137823,1,2
137820,137823,137824,1,3
137820,137821,137824,3,1
137820,137823,137824,1,3
137820,137823,137824,1,3
137820,137823,137824,1,3
137820,137823,137824,1,3
137820,137823,137824,1,3
137820,137820,137825,5,0
137820,137824,137825,1,4
137820,137823,137825,2,3
137820,137824,137825,1,4
137820,137824,137825,1,4
137820,137824,137825,1,4
137820,137824,137825,1,4
137820,137824,137825,1,4
137820,137824,137825,1,4
137820,137825,137826,1,5
137820,137825,137826,1,5
137820,137825,137826,1,5
137820,137825,137826,1,5
137820,137825,137826,1,5
137820,137825,137826,1,5
137820,137826,137827,1,6
137820,137825,137827,2,5
137820,137826,137827,1,6
137820,137826,137827,1,6
137820,137825,137827,2,5
137820,137826,137827,1,6
137820,137826,137827,1,6
137820,137826,137827,1,6
137820,137825,137827,2,5
137820,137828,137829,1,8
137820,137827,137828,1,7
137820,137827,137828,1,7
137820,137828,137829,1,8
137820,137828,137829,1,8
137820,137829,137830,1,9
137820,137829,137830,1,9
137820,137829,137830,1,9
137820,137828,137829,1,8
137820,137829,137830,1,9
137820,137828,137829,1,8
137820,137828,137829,1,8
137820,137828,137829,1,8
137820,137829,137830,1,9
137820,137829,137830,1,9
137820,137830,137831,1,10
137820,137829,137830,1,9
137820,137830,137831,1,10
137820,137830,137831,1,10
137820,137830,137831,1,10
137366,137373,137849,476,7
137851,137851,137852,1,0
137851,137851,137852,1,0
137851,137851,137852,1,0
137851,137851,137852,1,0
137851,137851,137852,1,0
137851,137851,137852,1,0
137851,137851,137852,1,0
137851,137851,137852,1,0
137851,137851,137853,2,0
137851,137851,137852,1,0
137851,137851,137853,2,0
137851,137851,137853,2,0
137851,137851,137853,2,0
137851,137851,137853,2,0
137851,137851,137852,1,0
137851,137851,137852,1,0
137851,137852,137853,1,1
137851,137852,137853,1,1
137851,137851,137853,2,0
137851,137852,137853,1,1
137851,137852,137853,1,1
137851,137852,137853,1,1
137851,137853,137854,1,2
137851,137852,137853,1,1
137851,137852,137853,1,1
137851,137852,137853,1,1
137851,137853,137854,1,2
137851,137853,137854,1,2
137851,137853,137854,1,2
137851,137853,137854,1,2
137851,137853,137854,1,2
137851,137853,137854,1,2
137851,137853,137855,2,2
137851,137853,137854,1,2
137851,137853,137855,2,2
137851,137853,137854,1,2
137851,137853,137855,2,2
137851,137854,137855,1,3
137851,137854,137855,1,3
137851,137854,137855,1,3
137851,137854,137855,1,3
137851,137854,137855,1,3
137851,137854,137855,1,3
137851,137855,137856,1,4
137851,137855,137856,1,4
137851,137855,137856,1,4
137851,137855,137856,1,4
137851,137855,137856,1,4
137851,137855,137856,1,4
137851,137855,137856,1,4
137851,137856,137857,1,5
137851,137856,137857,1,5
137851,137856,137857,1,5
137851,137856,137857,1,5
137851,137856,137857,1,5
137851,137856,137857,1,5
137851,137856,137857,1,5
137851,137857,137858,1,6
137851,137857,137858,1,6
137851,137859,137860,1,8
137851,137859,137860,1,8
137159,137164,137891,727,5
137395,137401,137892,491,6
137892,137892,137893,1,0
137892,137892,137893,1,0
137892,137892,137893,1,0
137892,137892,137893,1,0
137892,137892,137893,1,0
137892,137892,137894,2,0
137892,137892,137894,2,0
137892,137893,137894,1,1
137892,137893,137894,1,1
137892,137893,137894,1,1
137892,137893,137894,1,1
137892,137893,137895,2,1
137892,137893,137894,1,1
137892,137893,137894,1,1
137892,137893,137894,1,1
137892,137893,137895,2,1
137892,137894,137896,2,2
137892,137894,137896,2,2
137892,137894,137895,1,2
137892,137894,137896,2,2
137892,137894,137896,2,2
137892,137895,137896,1,3
137892,137895,137896,1,3
137892,137895,137896,1,3
137892,137895,137896,1,3
137892,137895,137896,1,3
137892,137895,137896,1,3
137892,137895,137896,1,3
137892,137895,137897,2,3
137892,137895,137897,2,3
137892,137895,137897,2,3
137892,137895,137897,2,3
137892,137896,137898,2,4
137892,137895,137897,2,3
137892,137896,137897,1,4
137892,137897,137898,1,5
137892,137896,137897,1,4
137892,137897,137898,1,5
137892,137897,137898,1,5
137892,137897,137898,1,5
137892,137897,137899,2,5
137892,137897,137898,1,5
137892,137897,137898,1,5
137892,137897,137898,1,5
137892,137897,137898,1,5
137892,137896,137898,2,4
137892,137898,137899,1,6
137892,137898,137899,1,6
137892,137898,137899,1,6
137892,137898,137899,1,6
137892,137898,137899,1,6
137892,137898,137899,1,6
137892,137898,137899,1,6
137892,137896,137899,3,4
137892,137897,137899,2,5
137892,137899,137900,1,7
137892,137898,137900,2,6
137892,137898,137899,1,6
137892,137898,137899,1,6
137892,137899,137900,1,7
137892,137899,137900,1,7
137892,137899,137900,1,7
137892,137899,137900,1,7
137892,137899,137900,1,7
137892,137899,137900,1,7
137892,137899,137900,1,7
137892,137899,137900,1,7
137892,137899,137900,1,7
137892,137899,137900,1,7
137892,137899,137900,1,7
137892,137899,137900,1,7
137892,137900,137901,1,8
137892,137900,137901,1,8
137892,137900,137901,1,8
137892,137900,137901,1,8
137892,137900,137901,1,8
137892,137900,137901,1,8
137892,137900,137901,1,8
137892,137900,137901,1,8
137892,137900,137901,1,8
137892,137900,137901,1,8
137892,137900,137901,1,8
137892,137900,137901,1,8
137892,137900,137901,1,8
137892,137900,137901,1,8
137892,137900,137901,1,8
137892,137900,137901,1,8
137892,137901,137902,1,9
137892,137900,137901,1,8
137892,137901,137902,1,9
137894,137901,137902,1,7
137894,137901,137902,1,7
137894,137901,137902,1,7
137894,137901,137902,1,7
137894,137901,137902,1,7
137894,137901,137902,1,7
137894,137901,137902,1,7
137894,137901,137902,1,7
137894,137901,137902,1,7
137894,137901,137902,1,7
137894,137901,137902,1,7
137894,137901,137902,1,7
137894,137902,137903,1,8
137894,137902,137903,1,8
137894,137902,137903,1,8
137894,137902,137903,1,8
137894,137902,137903,1,8
137894,137902,137903,1,8
137894,137902,137903,1,8
137894,137902,137903,1,8
137894,137902,137903,1,8
137894,137902,137904,2,8
137894,137902,137903,1,8
137894,137903,137904,1,9
137894,137902,137903,1,8
137894,137902,137903,1,8
137894,137903,137904,1,9
137894,137903,137904,1,9
137894,137903,137904,1,9
137894,137903,137904,1,9
137894,137904,137905,1,10
137894,137904,137905,1,10
137894,137904,137905,1,10
137894,137904,137905,1,10
137894,137904,137905,1,10
137894,137904,137905,1,10
137894,137904,137905,1,10
137894,137904,137905,1,10
137894,137904,137905,1,10
137894,137905,137906,1,11
137894,137905,137906,1,11
137894,137905,137906,1,11
137894,137904,137905,1,10
137894,137904,137905,1,10
137894,137905,137906,1,11
137894,137905,137906,1,11
137894,137905,137906,1,11
137894,137905,137906,1,11
137894,137906,137907,1,12
137894,137906,137907,1,12
137894,137906,137907,1,12
137894,137906,137907,1,12
137894,137906,137907,1,12
137894,137906,137907,1,12
137894,137906,137907,1,12
137894,137906,137907,1,12
137894,137907,137908,1,13
137894,137906,137907,1,12
137894,137907,137908,1,13
137894,137906,137907,1,12
137894,137906,137907,1,12
137894,137907,137908,1,13
137894,137907,137908,1,13
137894,137908,137909,1,14
137894,137908,137909,1,14
137186,137193,137919,726,7
137934,137934,137935,1,0
137934,137934,137935,1,0
137934,137934,137936,2,0
137934,137934,137936,2,0
137934,137934,137936,2,0
137934,137934,137936,2,0
137934,137934,137935,1,0
137934,137934,137935,1,0
137934,137934,137936,2,0
137934,137935,137937,2,1
137934,137935,137936,1,1
137934,137935,137936,1,1
137934,137935,137936,1,1
137934,137935,137937,2,1
137934,137935,137936,1,1
137934,137935,137936,1,1
137934,137935,137936,1,1
137934,137935,137937,2,1
137934,137936,137938,2,2
137934,137936,137938,2,2
137934,137936,137938,2,2
137934,137936,137937,1,2
137934,137936,137938,2,2
137934,137936,137937,1,2
137934,137936,137938,2,2
137934,137937,137938,1,3
137934,137937,137939,2,3
137934,137937,137938,1,3
137934,137937,137939,2,3
137934,137937,137939,2,3
137934,137937,137939,2,3
137934,137937,137938,1,3
137934,137937,137938,1,3
137934,137937,137938,1,3
137934,137938,137939,1,4
137934,137938,137940,2,4
137934,137938,137939,1,4
137934,137938,137939,1,4
137934,137938,137939,1,4
137934,137939,137940,1,5
137934,137939,137940,1,5
137934,137938,137939,1,4
137934,137939,137940,1,5
137934,137939,137940,1,5
137934,137938,137939,1,4
137934,137939,137940,1,5
137934,137939,137940,1,5
137934,137939,137941,2,5
137934,137940,137941,1,6
137934,137940,137941,1,6
137934,137940,137941,1,6
137934,137939,137940,1,5
137934,137940,137941,1,6
137934,137940,137941,1,6
137934,137939,137940,1,5
137934,137940,137941,1,6
137934,137940,137941,1,6
137934,137940,137941,1,6
137934,137939,137940,1,5
137934,137940,137941,1,6
137934,137940,137941,1,6
137934,137940,137941,1,6
137934,137940,137941,1,6
137934,137941,137942,1,7
137934,137941,137942,1,7
137934,137941,137942,1,7
137934,137941,137942,1,7
137934,137941,137942,1,7
137934,137941,137942,1,7
137934,137941,137942,1,7
137934,137941,137942,1,7
137934,137941,137942,1,7
137934,137941,137942,1,7
137934,137941,137942,1,7
137934,137941,137942,1,7
137934,137941,137942,1,7
137934,137941,137942,1,7
137934,137941,137942,1,7
137934,137942,137943,1,8
137934,137942,137943,1,8
137934,137942,137943,1,8
137934,137942,137943,1,8
137934,137942,137943,1,8
137934,137942,137943,1,8
137934,137942,137943,1,8
137934,137942,137943,1,8
137934,137942,137943,1,8
137934,137942,137943,1,8
137934,137942,137943,1,8
137934,137942,137943,1,8
137934,137942,137943,1,8
137934,137941,137948,7,7
137295,137303,137993,690,8
137995,137995,137996,1,0
137995,137995,137996,1,0
137995,137995,137996,1,0
137995,137995,137996,1,0
137995,137995,137996,1,0
137995,137995,137996,1,0
137995,137995,137996,1,0
137995,137995,137996,1,0
137995,137995,137996,1,0
137995,137995,137996,1,0
137995,137995,137997,2,0
137995,137996,137997,1,1
137995,137996,137997,1,1
137995,137996,137997,1,1
137995,137996,137997,1,1
137995,137995,137997,2,0
137995,137995,137996,1,0
137995,137995,137997,2,0
137995,137995,137997,2,0
137995,137995,137997,2,0
137995,137996,137997,1,1
137995,137996,137997,1,1
137995,137995,137998,3,0
137995,137997,137998,1,2
137995,137996,137998,2,1
137995,137996,137998,2,1
137995,137998,137999,1,3
137995,137996,137998,2,1
137995,137996,137998,2,1
137995,137998,137999,1,3
137995,137998,137999,1,3
137995,137998,137999,1,3
137995,137999,138000,1,4
137995,137998,137999,1,3
137995,137998,137999,1,3
137995,137998,137999,1,3
137995,137998,137999,1,3
137995,137999,138000,1,4
137995,137997,138000,3,2
137995,137999,138000,1,4
137995,138000,138001,1,5
137995,137999,138000,1,4
137995,138000,138001,1,5
137995,138000,138001,1,5
137995,138000,138001,1,5
137995,138000,138001,1,5
137995,138001,138002,1,6
137995,138001,138002,1,6
137995,138001,138002,1,6
137995,138001,138002,1,6
137995,138001,138002,1,6
137995,138001,138002,1,6
137995,138001,138002,1,6
137995,138001,138002,1,6
137995,138001,138002,1,6
137995,138001,138002,1,6
137995,138001,138002,1,6
137995,138000,138002,2,5
137995,138002,138003,1,7
137995,138002,138003,1,7
137995,138002,138003,1,7
137995,138002,138003,1,7
137995,138002,138003,1,7
137995,138002,138003,1,7
137995,138002,138003,1,7
137995,138002,138003,1,7
137995,138002,138003,1,7
137995,138002,138003,1,7
137995,138002,138003,1,7
137995,138002,138003,1,7
137995,138002,138003,1,7
137995,138003,138004,1,8
137995,138003,138004,1,8
137995,138003,138004,1,8
137995,137998,138005,7,3
137263,137269,138007,738,6
137524,137531,138019,488,7
138020,138020,138021,1,0
138020,138020,138021,1,0
138020,138020,138021,1,0
138020,138020,138021,1,0
138020,138020,138021,1,0
138020,138020,138021,1,0
138020,138020,138021,1,0
138020,138020,138021,1,0
138020,138020,138021,1,0
138020,138020,138021,1,0
138020,138020,138021,1,0
138020,138020,138022,2,0
138020,138020,138022,2,0
138020,138021,138022,1,1
138020,138020,138022,2,0
138020,138020,138022,2,0
138020,138020,138022,2,0
138020,138020,138022,2,0
138020,138022,138023,1,2
138020,138022,138023,1,2
138020,138021,138023,2,1
138020,138022,138023,1,2
138020,138022,138023,1,2
138020,138022,138023,1,2
138020,138022,138023,1,2
138020,138022,138023,1,2
138020,138022,138023,1,2
138020,138022,138023,1,2
138020,138023,138024,1,3
138020,138022,138023,1,2
138020,138023,138024,1,3
138020,138023,138024,1,3
138020,138023,138024,1,3
138020,138023,138024,1,3
138020,138024,138025,1,4
138020,138024,138025,1,4
138020,138024,138025,1,4
138020,138024,138025,1,4
138020,138024,138025,1,4
138020,138023,138024,1,3
138020,138025,138026,1,5
138020,138025,138026,1,5
138020,138025,138026,1,5
138020,138025,138026,1,5
138020,138025,138026,1,5
138020,138026,138027,1,6
138020,138026,138027,1,6
138020,138026,138027,1,6
138020,138026,138027,1,6
138020,138026,138027,1,6
138020,138026,138027,1,6
138020,138026,138027,1,6
138020,138027,138028,1,7
138020,138027,138028,1,7
138020,138027,138028,1,7
138020,138027,138028,1,7
138020,138027,138028,1,7
138021,138027,138028,1,6
138021,138027,138028,1,6
138021,138027,138028,1,6
138020,138027,138028,1,7
138021,138028,138029,1,7
138021,138028,138029,1,7
138021,138028,138029,1,7
138021,138028,138029,1,7
138021,138028,138029,1,7
138021,138027,138028,1,6
138021,138028,138029,1,7
138021,138028,138029,1,7
138021,138028,138030,2,7
138021,138028,138030,2,7
138021,138029,138030,1,8
138021,138029,138030,1,8
138021,138028,138030,2,7
138021,138028,138030,2,7
138021,138029,138030,1,8
138021,138028,138030,2,7
138021,138028,138030,2,7
138021,138028,138030,2,7
138021,138029,138031,2,8
138021,138029,138030,1,8
138021,138029,138030,1,8
138021,138030,138031,1,9
138021,138030,138031,1,9
138021,138030,138031,1,9
138021,138030,138031,1,9
138021,138029,138030,1,8
138021,138029,138030,1,8
138021,138029,138030,1,8
138021,138030,138031,1,9
138021,138031,138032,1,10
138021,138031,138032,1,10
138021,138031,138032,1,10
138021,138030,138031,1,9
138021,138031,138032,1,10
138021,138031,138032,1,10
138021,138031,138032,1,10
138021,138031,138032,1,10
138021,138031,138032,1,10
138021,138030,138032,2,9
138021,138030,138032,2,9
138021,138030,138032,2,9
138021,138030,138032,2,9
138021,138030,138032,2,9
138021,138030,138031,1,9
138021,138031,138032,1,10
138021,138031,138032,1,10
138021,138032,138033,1,11
138021,138032,138033,1,11
138021,138032,138033,1,11
138021,138032,138033,1,11
138021,138032,138033,1,11
138021,138031,138032,1,10
138021,138032,138033,1,11
138021,138032,138033,1,11
138021,138032,138033,1,11
138021,138032,138033,1,11
138021,138032,138033,1,11
138021,138033,138034,1,12
138021,138033,138034,1,12
138021,138033,138034,1,12
138021,138033,138034,1,12
138021,138033,138034,1,12
138021,138033,138034,1,12
138021,138033,138034,1,12
138021,138033,138034,1,12
138021,138033,138034,1,12
138021,138033,138034,1,12
138021,138033,138034,1,12
138021,138033,138034,1,12
138021,138033,138034,1,12
138021,138033,138034,1,12
138021,138034,138035,1,13
138021,138034,138035,1,13
138021,138034,138035,1,13
138021,138034,138035,1,13
138021,138034,138035,1,13
138021,138034,138035,1,13
138021,138035,138036,1,14
138021,138033,138038,5,12
137339,137346,138064,718,7
138068,138068,138069,1,0
138068,138068,138069,1,0
138068,138068,138069,1,0
138068,138069,138070,1,1
138068,138069,138070,1,1
138068,138069,138070,1,1
138068,138069,138070,1,1
138068,138069,138070,1,1
138068,138068,138069,1,0
138068,138068,138069,1,0
138068,138069,138070,1,1
138068,138068,138069,1,0
138068,138069,138070,1,1
138068,138069,138070,1,1
138068,138070,138071,1,2
138068,138069,138070,1,1
138068,138070,138071,1,2
138068,138070,138071,1,2
138068,138070,138071,1,2
138068,138070,138071,1,2
138068,138070,138071,1,2
138068,138070,138071,1,2
138068,138070,138071,1,2
138068,138070,138071,1,2
138068,138071,138072,1,3
138068,138071,138072,1,3
138068,138070,138071,1,2
138068,138071,138072,1,3
138068,138071,138072,1,3
138068,138071,138072,1,3
138068,138071,138072,1,3
138068,138071,138072,1,3
138068,138072,138073,1,4
138068,138068,138070,2,0
138068,138072,138073,1,4
138068,138072,138073,1,4
138068,138072,138073,1,4
138068,138072,138073,1,4
138068,138072,138073,1,4
138068,138072,138073,1,4
138068,138072,138073,1,4
138068,138072,138073,1,4
138068,138072,138073,1,4
138068,138073,138074,1,5
138068,138073,138074,1,5
138068,138073,138074,1,5
138068,138073,138074,1,5
138068,138073,138074,1,5
138068,138073,138074,1,5
138068,138073,138074,1,5
138068,138073,138074,1,5
138068,138073,138074,1,5
138068,138069,138074,5,1
138068,138073,138074,1,5
138068,138073,138074,1,5
138068,138073,138074,1,5
138068,138074,138075,1,6
138068,138074,138075,1,6
138068,138074,138075,1,6
138068,138074,138075,1,6
138068,138074,138075,1,6
138068,138074,138075,1,6
138068,138074,138075,1,6
138068,138074,138075,1,6
138068,138074,138075,1,6
138068,138074,138075,1,6
138068,138068,138075,7,0
138068,138074,138075,1,6
138068,138074,138075,1,6
138068,138074,138075,1,6
138068,138074,138075,1,6
138068,138074,138075,1,6
138068,138075,138076,1,7
138068,138075,138076,1,7
138068,138075,138076,1,7
138068,138075,138076,1,7
138068,138075,138076,1,7
138068,138075,138076,1,7
138068,138075,138076,1,7
138068,138076,138077,1,8
137665,137677,138151,474,12
138152,138152,138153,1,0
138152,138152,138153,1,0
138152,138152,138153,1,0
138152,138152,138153,1,0
138152,138152,138153,1,0
138152,138152,138153,1,0
138152,138152,138153,1,0
138152,138152,138153,1,0
138152,138152,138153,1,0
138152,138152,138153,1,0
138152,138152,138154,2,0
138152,138152,138154,2,0
138152,138152,138154,2,0
138152,138153,138154,1,1
138152,138152,138153,1,0
138152,138152,138154,2,0
138152,138152,138153,1,0
138152,138153,138154,1,1
138152,138153,138154,1,1
138152,138152,138153,1,0
138152,138153,138154,1,1
138152,138153,138154,1,1
138152,138153,138154,1,1
138152,138153,138154,1,1
138152,138153,138154,1,1
138152,138153,138154,1,1
138152,138154,138155,1,2
138152,138154,138155,1,2
138152,138153,138155,2,1
138152,138154,138155,1,2
138152,138154,138155,1,2
138152,138154,138155,1,2
138152,138154,138155,1,2
138152,138154,138156,2,2
138152,138154,138155,1,2
138152,138154,138156,2,2
138152,138154,138156,2,2
138152,138155,138156,1,3
138152,138155,138156,1,3
138152,138156,138157,1,4
138152,138157,138158,1,5
138152,138156,138157,1,4
138152,138157,138158,1,5
138152,138157,138158,1,5
138152,138156,138157,1,4
138152,138157,138158,1,5
138152,138158,138159,1,6
138152,138157,138158,1,5
138152,138157,138158,1,5
138152,138158,138159,1,6
138152,138158,138159,1,6
138152,138158,138159,1,6
138152,138158,138159,1,6
138152,138159,138160,1,7
138152,138159,138160,1,7
138152,138159,138160,1,7
138152,138159,138160,1,7
138152,138159,138160,1,7
138152,138159,138160,1,7
138152,138159,138160,1,7
138152,138158,138160,2,6
138152,138159,138160,1,7
138152,138159,138160,1,7
137483,137494,138207,713,11
138207,138207,138208,1,0
138207,138207,138208,1,0
138207,138207,138208,1,0
138207,138207,138208,1,0
138207,138207,138208,1,0
138207,138207,138208,1,0
138207,138207,138208,1,0
138207,138207,138209,2,0
138207,138208,138209,1,1
138207,138208,138209,1,1
138207,138208,138209,1,1
138207,138208,138209,1,1
138207,138208,138210,2,1
138207,138209,138210,1,2
138207,138209,138210,1,2
138207,138209,138210,1,2
138207,138209,138210,1,2
138207,138209,138210,1,2
138207,138209,138210,1,2
138207,138209,138210,1,2
138207,138209,138210,1,2
138207,138209,138210,1,2
138207,138209,138210,1,2
138207,138209,138210,1,2
138207,138210,138211,1,3
138207,138210,138211,1,3
138207,138210,138211,1,3
138207,138211,138212,1,4
138207,138211,138212,1,4
138207,138210,138211,1,3
138207,138211,138212,1,4
138207,138211,138212,1,4
138207,138210,138211,1,3
138207,138211,138212,1,4
138207,138211,138212,1,4
138207,138211,138212,1,4
138207,138211,138212,1,4
138207,138211,138212,1,4
138207,138212,138213,1,5
138207,138212,138213,1,5
138207,138212,138213,1,5
138207,138212,138213,1,5
138207,138212,138213,1,5
138207,138212,138213,1,5
138207,138212,138213,1,5
138207,138212,138213,1,5
138207,138212,138213,1,5
138207,138213,138214,1,6
138207,138213,138214,1,6
138207,138212,138213,1,5
138207,138212,138213,1,5
138207,138213,138214,1,6
138207,138213,138214,1,6
138207,138213,138214,1,6
138207,138213,138214,1,6
138207,138213,138214,1,6
138207,138213,138214,1,6
138207,138213,138214,1,6
138207,138214,138215,1,7
138207,138214,138215,1,7
138207,138214,138215,1,7
138207,138214,138215,1,7
138207,138214,138215,1,7
138207,138214,138215,1,7
138207,138214,138215,1,7
138207,138214,138215,1,7
138207,138214,138215,1,7
138207,138214,138215,1,7
138207,138214,138215,1,7
138207,138214,138215,1,7
138207,138214,138215,1,7
138207,138215,138216,1,8
138207,138214,138215,1,7
138207,138215,138216,1,8
138207,138215,138216,1,8
138207,138215,138216,1,8
138207,138215,138216,1,8
138207,138215,138216,1,8
138207,138215,138216,1,8
138207,138215,138216,1,8
137481,137487,138216,729,6
138207,138215,138216,1,8
137487,137502,138226,724,15
138236,138236,138237,1,0
138236,138236,138237,1,0
138236,138236,138237,1,0
138236,138236,138237,1,0
138236,138236,138237,1,0
138236,138236,138237,1,0
138236,138236,138237,1,0
138236,138236,138237,1,0
138236,138236,138237,1,0
138236,138236,138237,1,0
138236,138236,138238,2,0
138236,138237,138238,1,1
138236,138236,138237,1,0
138236,138236,138238,2,0
138236,138236,138237,1,0
138236,138236,138238,2,0
138236,138236,138237,1,0
138236,138236,138238,2,0
138236,138237,138238,1,1
138236,138237,138238,1,1
138236,138236,138237,1,0
138236,138237,138238,1,1
138236,138237,138238,1,1
138236,138237,138238,1,1
138236,138237,138238,1,1
138236,138238,138239,1,2
138236,138237,138239,2,1
138236,138237,138239,2,1
138236,138238,138239,1,2
138236,138238,138239,1,2
138236,138237,138238,1,1
138236,138238,138239,1,2
138236,138238,138239,1,2
138236,138238,138239,1,2
138236,138238,138239,1,2
138236,138238,138239,1,2
138236,138238,138239,1,2
138236,138238,138239,1,2
138236,138238,138239,1,2
138236,138238,138239,1,2
138236,138239,138240,1,3
138236,138239,138240,1,3
138236,138239,138240,1,3
138236,138238,138240,2,2
138236,138238,138240,2,2
138236,138239,138240,1,3
138236,138239,138240,1,3
138236,138239,138240,1,3
138236,138239,138240,1,3
138236,138239,138240,1,3
138236,138239,138240,1,3
138236,138239,138240,1,3
138236,138239,138240,1,3
138236,138240,138241,1,4
138236,138240,138241,1,4
138236,138240,138241,1,4
138236,138238,138240,2,2
138236,138240,138241,1,4
138236,138240,138241,1,4
138236,138240,138241,1,4
138236,138241,138242,1,5
138236,138241,138242,1,5
138236,138241,138242,1,5
138236,138240,138242,2,4
138236,138242,138243,1,6
138236,138242,138243,1,6
138236,138241,138243,2,5
138238,138243,138244,1,5
138238,138243,138244,1,5
138238,138243,138244,1,5
138236,138240,138244,4,4
138236,138243,138244,1,7
138238,138244,138245,1,6
138238,138244,138245,1,6
138238,138244,138245,1,6
138238,138244,138245,1,6
138238,138244,138245,1,6
138238,138244,138245,1,6
138238,138244,138246,2,6
138238,138244,138245,1,6
138238,138244,138245,1,6
138238,138244,138246,2,6
138238,138244,138246,2,6
138238,138245,138246,1,7
138238,138245,138246,1,7
138238,138245,138246,1,7
138238,138245,138246,1,7
138238,138245,138246,1,7
138238,138245,138246,1,7
138238,138245,138246,1,7
138238,138245,138247,2,7
138238,138246,138247,1,8
138238,138247,138248,1,9
138238,138245,138247,2,7
138238,138246,138247,1,8
138238,138247,138248,1,9
138238,138247,138248,1,9
138238,138246,138247,1,8
138238,138246,138247,1,8
138238,138246,138247,1,8
138238,138247,138248,1,9
138238,138248,138249,1,10
138238,138248,138249,1,10
138236,138241,138248,7,5
138238,138247,138249,2,9
138238,138248,138249,1,10
138238,138247,138248,1,9
138238,138247,138248,1,9
138238,138248,138249,1,10
138238,138248,138249,1,10
138238,138248,138249,1,10
138238,138248,138249,1,10
138238,138248,138249,1,10
138238,138248,138249,1,10
138238,138249,138250,1,11
138238,138249,138250,1,11
138238,138249,138250,1,11
138238,138249,138250,1,11
138238,138249,138250,1,11
138238,138249,138250,1,11
138238,138249,138250,1,11
138238,138248,138250,2,10
138238,138248,138250,2,10
138238,138249,138250,1,11
138238,138249,138250,1,11
138238,138250,138251,1,12
138238,138249,138251,2,11
138238,138250,138251,1,12
138238,138249,138251,2,11
138238,138250,138251,1,12
138238,138250,138251,1,12
138238,138250,138251,1,12
138238,138250,138251,1,12
138238,138250,138251,1,12
138238,138251,138252,1,13
138238,138250,138251,1,12
138238,138251,138252,1,13
138238,138251,138252,1,13
138238,138251,138252,1,13
138238,138251,138252,1,13
138238,138251,138252,1,13
138238,138251,138252,1,13
138238,138251,138252,1,13
138238,138251,138252,1,13
138238,138250,138251,1,12
138238,138251,138252,1,13
138238,138252,138253,1,14
138238,138252,138253,1,14
138238,138252,138253,1,14
138238,138251,138253,2,13
138238,138252,138253,1,14
138238,138249,138252,3,11
138238,138250,138251,1,12
138238,138261,138263,2,23
137575,137580,138326,746,5
138328,138328,138329,1,0
138328,138328,138329,1,0
138328,138328,138329,1,0
138328,138328,138329,1,0
138328,138328,138329,1,0
138328,138328,138329,1,0
138328,138328,138329,1,0
138328,138328,138329,1,0
138328,138328,138329,1,0
138328,138328,138330,2,0
138328,138328,138329,1,0
138328,138328,138329,1,0
138328,138329,138330,1,1
138328,138328,138329,1,0
138328,138329,138330,1,1
138328,138329,138330,1,1
138328,138329,138330,1,1
138328,138328,138330,2,0
138328,138328,138330,2,0
138328,138328,138330,2,0
138328,138329,138330,1,1
138328,138329,138330,1,1
138328,138329,138330,1,1
138328,138329,138330,1,1
138328,138329,138330,1,1
138328,138330,138331,1,2
138328,138328,138332,4,0
138328,138330,138331,1,2
138328,138330,138331,1,2
138328,138330,138332,2,2
138328,138330,138332,2,2
138328,138330,138332,2,2
138328,138330,138331,1,2
138328,138330,138331,1,2
138328,138330,138332,2,2
138328,138330,138332,2,2
138328,138330,138332,2,2
138328,138330,138332,2,2
138328,138331,138332,1,3
138328,138332,138333,1,4
138328,138331,138332,1,3
138328,138331,138332,1,3
138328,138332,138333,1,4
138328,138332,138333,1,4
138328,138331,138333,2,3
138328,138331,138332,1,3
138328,138332,138333,1,4
138328,138332,138333,1,4
138328,138332,138333,1,4
138328,138333,138334,1,5
138328,138332,138334,2,4
138328,138333,138334,1,5
138328,138332,138334,2,4
138328,138332,138334,2,4
138328,138332,138333,1,4
138328,138333,138334,1,5
138328,138333,138334,1,5
138328,138333,138334,1,5
138328,138333,138334,1,5
138328,138333,138334,1,5
138328,138333,138334,1,5
138328,138334,138335,1,6
138328,138334,138335,1,6
138328,138334,138335,1,6
138328,138334,138335,1,6
138328,138334,138335,1,6
138328,138334,138335,1,6
138328,138333,138335,2,5
138328,138333,138335,2,5
138328,138335,138336,1,7
138328,138335,138336,1,7
138328,138335,138336,1,7
138328,138334,138335,1,6
138328,138334,138335,1,6
138328,138335,138336,1,7
138328,138336,138337,1,8
138328,138332,138336,4,4
138328,138336,138337,1,8
138328,138336,138337,1,8
138328,138336,138337,1,8
138328,138336,138337,1,8
138328,138336,138337,1,8
137605,137614,138348,734,9
138355,138356,138357,1,1
138355,138356,138357,1,1
138355,138356,138357,1,1
138355,138356,138357,1,1
138355,138356,138357,1,1
138355,138356,138357,1,1
138355,138356,138357,1,1
138355,138357,138358,1,2
138355,138356,138358,2,1
138355,138358,138359,1,3
138355,138358,138359,1,3
138355,138358,138359,1,3
138355,138358,138359,1,3
138355,138357,138358,1,2
138355,138356,138359,3,1
138355,138358,138359,1,3
138355,138358,138359,1,3
138355,138359,138360,1,4
138355,138358,138359,1,3
138355,138359,138360,1,4
138355,138359,138360,1,4
138355,138358,138359,1,3
138355,138358,138359,1,3
138355,138358,138359,1,3
138355,138358,138359,1,3
138355,138358,138359,1,3
138355,138358,138359,1,3
138355,138359,138360,1,4
138355,138358,138360,2,3
138355,138360,138361,1,5
138355,138360,138361,1,5
138355,138359,138360,1,4
138355,138360,138361,1,5
138355,138360,138361,1,5
138355,138360,138361,1,5
138355,138360,138361,1,5
138355,138360,138361,1,5
138355,138360,138361,1,5
138355,138360,138361,1,5
137852,137859,138362,503,7
138355,138360,138361,1,5
138355,138361,138362,1,6
138355,138360,138361,1,5
138355,138361,138362,1,6
138355,138361,138362,1,6
138355,138361,138362,1,6
138355,138361,138362,1,6
138355,138361,138362,1,6
138355,138361,138362,1,6
138355,138361,138362,1,6
138355,138362,138363,1,7
138355,138362,138363,1,7
138355,138362,138363,1,7
138355,138362,138363,1,7
138355,138362,138363,1,7
138355,138362,138363,1,7
138355,138362,138363,1,7
138355,138362,138363,1,7
138355,138362,138363,1,7
138355,138362,138363,1,7
138355,138363,138364,1,8
138355,138363,138364,1,8
138355,138362,138363,1,7
138355,138363,138364,1,8
138355,138363,138364,1,8
138355,138363,138364,1,8
138355,138363,138364,1,8
138355,138363,138364,1,8
138355,138363,138364,1,8
138355,138363,138364,1,8
138363,138363,138364,1,0
138363,138363,138364,1,0
138363,138363,138364,1,0
138363,138364,138365,1,1
138363,138364,138365,1,1
138363,138364,138365,1,1
138363,138364,138365,1,1
138363,138364,138365,1,1
138363,138364,138365,1,1
138363,138365,138366,1,2
138363,138365,138366,1,2
138363,138365,138366,1,2
138363,138364,138365,1,1
138363,138365,138366,1,2
138363,138365,138366,1,2
138363,138365,138366,1,2
138363,138364,138365,1,1
138363,138364,138366,2,1
138363,138364,138365,1,1
138363,138365,138366,1,2
138363,138365,138366,1,2
138363,138365,138366,1,2
138363,138365,138366,1,2
138363,138365,138366,1,2
138363,138366,138367,1,3
138363,138366,138367,1,3
138363,138366,138367,1,3
138363,138366,138367,1,3
138363,138366,138367,1,3
138363,138366,138367,1,3
138363,138366,138367,1,3
138363,138367,138368,1,4
138363,138364,138367,3,1
138363,138367,138368,1,4
138363,138367,138368,1,4
138363,138367,138368,1,4
138363,138366,138367,1,3
138363,138367,138368,1,4
138363,138367,138368,1,4
138363,138367,138368,1,4
138363,138367,138368,1,4
138363,138368,138369,1,5
138363,138368,138369,1,5
138363,138368,138369,1,5
138363,138367,138368,1,4
138363,138368,138369,1,5
138363,138368,138369,1,5
138363,138368,138369,1,5
138363,138368,138369,1,5
138363,138369,138370,1,6
138363,138369,138370,1,6
138363,138369,138370,1,6
138363,138369,138370,1,6
138363,138369,138370,1,6
138363,138369,138370,1,6
138363,138369,138370,1,6
138363,138368,138370,2,5
138363,138369,138370,1,6
138363,138370,138371,1,7
138363,138370,138371,1,7
138363,138370,138371,1,7
138363,138370,138371,1,7
138363,138370,138371,1,7
138363,138370,138371,1,7
138363,138370,138371,1,7
138363,138370,138371,1,7
138363,138371,138372,1,8
138363,138371,138372,1,8
138363,138371,138372,1,8
138363,138371,138372,1,8
138363,138368,138371,3,5
138363,138371,138372,1,8
137663,137669,138373,704,6
138382,138382,138383,1,0
138382,138382,138383,1,0
138382,138382,138383,1,0
138382,138382,138383,1,0
138382,138382,138383,1,0
138382,138382,138383,1,0
138382,138382,138383,1,0
138382,138382,138383,1,0
138382,138382,138383,1,0
138382,138383,138384,1,1
138382,138383,138384,1,1
138382,138383,138384,1,1
138382,138383,138384,1,1
138382,138383,138384,1,1
138382,138383,138384,1,1
138382,138382,138383,1,0
138382,138383,138384,1,1
138382,138382,138383,1,0
138382,138383,138384,1,1
138382,138384,138385,1,2
138382,138384,138385,1,2
138382,138384,138385,1,2
138382,138384,138385,1,2
138382,138384,138385,1,2
138382,138384,138385,1,2
138382,138383,138384,1,1
138382,138383,138385,2,1
138382,138384,138385,1,2
138382,138384,138385,1,2
138382,138385,138386,1,3
138382,138384,138385,1,2
138382,138385,138386,1,3
138382,138385,138386,1,3
138382,138385,138386,1,3
138382,138385,138386,1,3
138382,138385,138386,1,3
138382,138384,138385,1,2
138382,138384,138385,1,2
138382,138385,138386,1,3
138382,138384,138385,1,2
138382,138384,138385,1,2
138382,138385,138386,1,3
138382,138384,138386,2,2
138382,138386,138387,1,4
138382,138386,138387,1,4
138382,138386,138387,1,4
138382,138386,138387,1,4
138382,138386,138387,1,4
138382,138386,138387,1,4
138382,138386,138387,1,4
138382,138386,138387,1,4
138382,138386,138387,1,4
138382,138386,138387,1,4
138382,138386,138387,1,4
138382,138386,138387,1,4
138382,138386,138387,1,4
138382,138386,138387,1,4
138382,138386,138387,1,4
138382,138387,138388,1,5
138382,138387,138388,1,5
138382,138387,138388,1,5
138382,138387,138388,1,5
138382,138387,138388,1,5
138382,138387,138388,1,5
138382,138387,138388,1,5
138382,138387,138388,1,5
138382,138387,138388,1,5
138382,138387,138388,1,5
138382,138387,138388,1,5
138382,138387,138388,1,5
138382,138387,138388,1,5
138382,138387,138388,1,5
138382,138388,138389,1,6
138382,138388,138389,1,6
138382,138388,138389,1,6
138382,138388,138389,1,6
138382,138388,138389,1,6
138382,138388,138389,1,6
138382,138388,138389,1,6
138382,138388,138389,1,6
138382,138388,138389,1,6
138382,138388,138389,1,6
138382,138388,138389,1,6
138382,138388,138389,1,6
138382,138385,138387,2,3
138382,138389,138390,1,7
138382,138389,138390,1,7
138382,138389,138390,1,7
138382,138389,138390,1,7
138382,138389,138390,1,7
138382,138389,138390,1,7
138382,138389,138390,1,7
138382,138391,138392,1,9
137893,137901,138412,511,8
138415,138415,138416,1,0
138415,138415,138416,1,0
138415,138415,138416,1,0
138415,138415,138416,1,0
138415,138415,138416,1,0
138415,138415,138416,1,0
138415,138415,138416,1,0
138415,138415,138417,2,0
138415,138415,138417,2,0
137935,137943,138417,474,8
138415,138415,138417,2,0
138415,138415,138416,1,0
138415,138415,138416,1,0
138415,138415,138416,1,0
138415,138415,138416,1,0
138415,138415,138416,1,0
138415,138415,138417,2,0
138415,138416,138417,1,1
138415,138417,138418,1,2
138415,138415,138418,3,0
138415,138417,138418,1,2
138415,138416,138418,2,1
138415,138416,138418,2,1
138415,138416,138418,2,1
138415,138416,138417,1,1
138415,138417,138418,1,2
138415,138417,138418,1,2
138415,138416,138417,1,1
138415,138417,138418,1,2
138415,138417,138418,1,2
138415,138416,138417,1,1
138415,138417,138418,1,2
138415,138417,138418,1,2
138415,138418,138419,1,3
138415,138418,138419,1,3
138415,138418,138419,1,3
138415,138418,138419,1,3
138415,138417,138419,2,2
138415,138418,138419,1,3
138415,138418,138419,1,3
138415,138418,138419,1,3
138415,138417,138418,1,2
138415,138418,138419,1,3
138415,138418,138419,1,3
138415,138418,138419,1,3
138415,138418,138419,1,3
138415,138418,138419,1,3
138415,138419,138420,1,4
138415,138418,138419,1,3
138415,138418,138419,1,3
138415,138419,138420,1,4
138415,138419,138420,1,4
138415,138419,138420,1,4
138415,138419,138420,1,4
138415,138419,138420,1,4
138415,138419,138420,1,4
138415,138419,138420,1,4
138415,138419,138420,1,4
138415,138419,138420,1,4
138415,138420,138421,1,5
138415,138420,138421,1,5
138415,138420,138421,1,5
138415,138420,138421,1,5
138415,138418,138421,3,3
138415,138419,138420,1,4
138415,138420,138421,1,5
138415,138420,138421,1,5
138415,138420,138421,1,5
138415,138420,138421,1,5
138415,138420,138421,1,5
138415,138420,138421,1,5
138415,138420,138421,1,5
138415,138421,138422,1,6
138415,138421,138422,1,6
137706,137715,138422,707,9
138415,138421,138422,1,6
138415,138421,138422,1,6
138415,138421,138422,1,6
138415,138421,138422,1,6
138415,138421,138422,1,6
138415,138421,138422,1,6
138415,138421,138422,1,6
138415,138422,138423,1,7
138415,138422,138423,1,7
138415,138422,138423,1,7
138419,138422,138423,1,3
138419,138424,138425,1,5
138419,138424,138425,1,5
138419,138423,138424,1,4
138419,138424,138425,1,5
138419,138424,138425,1,5
138419,138424,138425,1,5
138419,138423,138424,1,4
138419,138423,138424,1,4
138419,138423,138424,1,4
138419,138423,138424,1,4
138419,138423,138424,1,4
138419,138423,138424,1,4
138419,138423,138425,2,4
138419,138423,138425,2,4
138419,138424,138425,1,5
138419,138425,138426,1,6
138419,138424,138425,1,5
138419,138425,138426,1,6
138419,138425,138426,1,6
138419,138425,138426,1,6
138419,138425,138426,1,6
138419,138425,138426,1,6
138419,138425,138426,1,6
138419,138425,138426,1,6
138419,138425,138426,1,6
138419,138426,138427,1,7
138419,138426,138427,1,7
138419,138426,138427,1,7
138419,138425,138426,1,6
138419,138425,138426,1,6
138419,138425,138427,2,6
138419,138426,138427,1,7
138419,138425,138427,2,6
138419,138426,138427,1,7
138419,138426,138427,1,7
138419,138426,138427,1,7
138419,138427,138428,1,8
138419,138427,138428,1,8
138419,138427,138428,1,8
138419,138426,138427,1,7
138419,138426,138427,1,7
138419,138427,138428,1,8
138419,138427,138428,1,8
138419,138427,138428,1,8
138419,138427,138428,1,8
138419,138427,138428,1,8
138419,138427,138428,1,8
138419,138428,138429,1,9
138419,138428,138429,1,9
138419,138428,138429,1,9
138419,138428,138429,1,9
138419,138428,138429,1,9
138419,138428,138429,1,9
138419,138428,138429,1,9
138419,138428,138429,1,9
138419,138429,138430,1,10
138419,138429,138430,1,10
138419,138429,138430,1,10
138419,138429,138430,1,10
138419,138429,138430,1,10
138419,138429,138430,1,10
138419,138429,138430,1,10
138419,138429,138430,1,10
138419,138429,138430,1,10
138423,138430,138431,1,7
138419,138429,138430,1,10
138423,138430,138431,1,7
138423,138430,138431,1,7
138423,138430,138431,1,7
138423,138430,138431,1,7
138423,138430,138431,1,7
138423,138430,138431,1,7
138423,138430,138431,1,7
138423,138430,138431,1,7
138423,138431,138432,1,8
138423,138431,138432,1,8
138423,138431,138432,1,8
138423,138431,138432,1,8
138423,138431,138432,1,8
138423,138431,138432,1,8
138423,138431,138432,1,8
138423,138431,138432,1,8
138423,138431,138432,1,8
138423,138431,138432,1,8
138423,138431,138432,1,8
138423,138432,138433,1,9
138423,138432,138433,1,9
138423,138432,138433,1,9
138423,138432,138433,1,9
138423,138431,138432,1,8
138423,138431,138433,2,8
138423,138432,138433,1,9
138423,138431,138433,2,8
138423,138433,138434,1,10
138423,138433,138434,1,10
138423,138432,138433,1,9
138423,138433,138434,1,10
138423,138433,138434,1,10
138423,138433,138434,1,10
138423,138433,138434,1,10
138423,138432,138433,1,9
138423,138433,138434,1,10
138423,138433,138434,1,10
138423,138433,138434,1,10
138423,138433,138434,1,10
138423,138434,138435,1,11
138423,138434,138435,1,11
138423,138433,138434,1,10
138423,138434,138435,1,11
138423,138434,138435,1,11
138423,138434,138435,1,11
138423,138434,138435,1,11
138423,138434,138435,1,11
138423,138434,138435,1,11
138423,138434,138435,1,11
138423,138434,138435,1,11
138423,138434,138435,1,11
138423,138435,138436,1,12
138423,138434,138435,1,11
138423,138435,138436,1,12
138423,138435,138436,1,12
138423,138434,138435,1,11
138423,138435,138436,1,12
138423,138435,138436,1,12
138423,138435,138436,1,12
138423,138435,138436,1,12
138423,138435,138436,1,12
138423,138435,138436,1,12
138423,138436,138437,1,13
138423,138435,138436,1,12
138423,138436,138437,1,13
138423,138436,138437,1,13
138423,138436,138437,1,13
138423,138436,138437,1,13
138423,138436,138437,1,13
138423,138436,138437,1,13
138423,138436,138437,1,13
138423,138436,138437,1,13
138423,138436,138437,1,13
138423,138436,138437,1,13
138423,138437,138438,1,14
137997,138003,138480,477,6
138482,138482,138483,1,0
138482,138482,138483,1,0
138482,138482,138483,1,0
138482,138482,138484,2,0
138482,138482,138483,1,0
138482,138482,138484,2,0
138482,138482,138484,2,0
138482,138482,138483,1,0
138482,138482,138483,1,0
138482,138482,138483,1,0
138482,138483,138484,1,1
138482,138483,138484,1,1
138482,138483,138484,1,1
138482,138483,138484,1,1
138482,138483,138484,1,1
138482,138484,138485,1,2
138482,138483,138485,2,1
138482,138483,138485,2,1
138482,138483,138485,2,1
138482,138482,138484,2,0
138482,138482,138485,3,0
138482,138484,138485,1,2
138482,138484,138485,1,2
138482,138485,138486,1,3
138482,138485,138486,1,3
138482,138485,138486,1,3
138482,138484,138485,1,2
138482,138484,138485,1,2
138482,138485,138486,1,3
138482,138485,138486,1,3
138482,138485,138486,1,3
138482,138485,138486,1,3
138482,138484,138485,1,2
138482,138485,138486,1,3
137741,137748,138486,738,7
138482,138486,138487,1,4
138482,138486,138487,1,4
138482,138486,138487,1,4
138482,138486,138487,1,4
138482,138486,138487,1,4
138482,138486,138487,1,4
138482,138485,138486,1,3
138482,138486,138487,1,4
138482,138486,138487,1,4
138482,138486,138487,1,4
138482,138486,138487,1,4
138482,138486,138487,1,4
138482,138485,138486,1,3
138482,138485,138487,2,3
138482,138485,138487,2,3
138482,138486,138487,1,4
138482,138487,138488,1,5
138482,138487,138488,1,5
138482,138487,138488,1,5
138482,138487,138488,1,5
138482,138487,138488,1,5
138482,138487,138488,1,5
138482,138486,138487,1,4
138482,138487,138488,1,5
138482,138487,138488,1,5
138482,138487,138488,1,5
138482,138487,138488,1,5
138482,138487,138488,1,5
138482,138487,138488,1,5
138482,138487,138488,1,5
138482,138487,138488,1,5
138482,138487,138488,1,5
138482,138488,138489,1,6
138482,138488,138489,1,6
138482,138488,138489,1,6
138482,138488,138489,1,6
138482,138488,138489,1,6
138482,138488,138489,1,6
138482,138488,138489,1,6
138482,138487,138489,2,5
138482,138488,138489,1,6
138482,138488,138489,1,6
138482,138488,138489,1,6
138482,138488,138489,1,6
138482,138488,138489,1,6
138482,138488,138489,1,6
138482,138488,138489,1,6
138482,138488,138489,1,6
138482,138488,138489,1,6
138482,138489,138490,1,7
138482,138489,138490,1,7
138482,138489,138490,1,7
138482,138489,138490,1,7
138482,138489,138490,1,7
138482,138489,138490,1,7
138482,138489,138490,1,7
138482,138489,138490,1,7
138482,138489,138490,1,7
138482,138489,138490,1,7
138487,138489,138490,1,2
138482,138488,138489,1,6
138487,138489,138490,1,2
138487,138490,138491,1,3
138487,138490,138491,1,3
138487,138490,138491,1,3
138487,138490,138491,1,3
138487,138490,138491,1,3
138487,138490,138491,1,3
138487,138490,138491,1,3
138482,138490,138491,1,8
138487,138491,138492,1,4
138487,138490,138492,2,3
138487,138491,138492,1,4
138487,138491,138492,1,4
138487,138491,138493,2,4
138487,138491,138492,1,4
138487,138491,138492,1,4
138487,138491,138492,1,4
138487,138491,138492,1,4
138487,138491,138493,2,4
138487,138491,138493,2,4
138487,138491,138492,1,4
138487,138492,138493,1,5
138487,138491,138493,2,4
138487,138491,138492,1,4
138487,138491,138492,1,4
138487,138491,138492,1,4
138487,138492,138493,1,5
138487,138493,138494,1,6
138487,138493,138494,1,6
138487,138493,138494,1,6
138487,138493,138494,1,6
138487,138493,138494,1,6
138487,138493,138494,1,6
138487,138493,138494,1,6
138487,138493,138494,1,6
138487,138493,138494,1,6
138487,138493,138495,2,6
138487,138493,138495,2,6
138487,138493,138495,2,6
138487,138493,138495,2,6
138487,138493,138495,2,6
138487,138493,138495,2,6
138487,138493,138494,1,6
138487,138494,138495,1,7
138487,138494,138495,1,7
138487,138495,138496,1,8
138487,138495,138496,1,8
138487,138495,138496,1,8
138487,138495,138497,2,8
138487,138495,138496,1,8
138487,138496,138497,1,9
138487,138495,138496,1,8
138487,138495,138496,1,8
138487,138496,138497,1,9
138487,138495,138496,1,8
138487,138495,138496,1,8
138487,138496,138497,1,9
138487,138496,138497,1,9
138487,138497,138498,1,10
138487,138497,138498,1,10
138487,138497,138498,1,10
138487,138497,138498,1,10
138487,138497,138498,1,10
138487,138497,138498,1,10
138487,138497,138498,1,10
138487,138496,138497,1,9
138487,138498,138499,1,11
138487,138498,138499,1,11
138487,138498,138499,1,11
138487,138498,138499,1,11
138487,138498,138499,1,11
137794,137801,138510,709,7
138024,138035,138517,482,11
138528,138528,138529,1,0
138528,138528,138529,1,0
138528,138528,138529,1,0
138528,138528,138529,1,0
137769,137777,138529,752,8
138528,138528,138529,1,0
138528,138528,138529,1,0
138528,138528,138529,1,0
138528,138528,138529,1,0
138528,138528,138529,1,0
138528,138528,138529,1,0
138528,138528,138529,1,0
138528,138528,138529,1,0
138528,138528,138529,1,0
138528,138528,138529,1,0
138528,138528,138529,1,0
138528,138528,138529,1,0
138528,138528,138530,2,0
138528,138529,138530,1,1
138528,138529,138530,1,1
138528,138529,138530,1,1
138528,138529,138530,1,1
138528,138528,138529,1,0
138528,138529,138530,1,1
138528,138529,138530,1,1
138528,138529,138530,1,1
138528,138529,138530,1,1
138528,138529,138530,1,1
138528,138529,138530,1,1
138528,138529,138530,1,1
138528,138529,138530,1,1
138528,138530,138531,1,2
138528,138530,138531,1,2
138528,138530,138531,1,2
138528,138530,138531,1,2
138528,138530,138531,1,2
138528,138530,138531,1,2
138528,138530,138531,1,2
138528,138530,138531,1,2
138528,138530,138531,1,2
138528,138530,138531,1,2
138528,138530,138531,1,2
138528,138530,138531,1,2
138528,138530,138531,1,2
138528,138530,138531,1,2
138528,138530,138531,1,2
138528,138530,138531,1,2
138528,138531,138532,1,3
138528,138531,138532,1,3
138528,138530,138532,2,2
138528,138532,138533,1,4
138528,138531,138533,2,3
138528,138533,138534,1,5
138528,138533,138534,1,5
138528,138533,138534,1,5
138528,138533,138534,1,5
138528,138533,138534,1,5
138528,138533,138534,1,5
138528,138534,138535,1,6
138528,138534,138535,1,6
138528,138534,138535,1,6
138528,138534,138535,1,6
138528,138535,138536,1,7
138528,138535,138536,1,7
138528,138535,138536,1,7
138528,138535,138536,1,7
138528,138535,138537,2,7
138528,138535,138536,1,7
138528,138535,138536,1,7
138528,138535,138536,1,7
138528,138535,138536,1,7
138528,138536,138537,1,8
138528,138536,138537,1,8
138528,138535,138536,1,7
138528,138535,138536,1,7
138528,138536,138537,1,8
138528,138536,138537,1,8
138528,138536,138537,1,8
138528,138535,138536,1,7
138528,138535,138536,1,7
138528,138536,138537,1,8
138528,138536,138537,1,8
138528,138536,138537,1,8
138528,138537,138538,1,9
138528,138537,138538,1,9
138528,138537,138539,2,9
138528,138537,138539,2,9
138528,138537,138538,1,9
138528,138537,138538,1,9
138528,138537,138539,2,9
138528,138537,138539,2,9
138528,138537,138538,1,9
138528,138537,138538,1,9
138528,138537,138538,1,9
138528,138537,138539,2,9
138528,138537,138539,2,9
138528,138538,138539,1,10
138528,138538,138540,2,10
138528,138538,138539,1,10
138528,138537,138539,2,9
138528,138539,138540,1,11
138528,138539,138540,1,11
138528,138539,138540,1,11
138528,138539,138540,1,11
138528,138539,138540,1,11
138528,138539,138540,1,11
138528,138539,138540,1,11
138528,138540,138541,1,12
138528,138539,138540,1,11
138528,138540,138541,1,12
138528,138539,138540,1,11
138528,138539,138540,1,11
138528,138539,138541,2,11
138528,138539,138540,1,11
138528,138539,138540,1,11
138528,138540,138541,1,12
138528,138540,138541,1,12
138528,138540,138541,1,12
138528,138540,138541,1,12
138528,138540,138541,1,12
138528,138540,138541,1,12
138528,138540,138541,1,12
138528,138540,138541,1,12
138528,138540,138541,1,12
138528,138541,138542,1,13
138528,138541,138542,1,13
138528,138541,138542,1,13
138528,138541,138542,1,13
138528,138541,138542,1,13
138528,138541,138542,1,13
138528,138541,138542,1,13
138528,138541,138542,1,13
138528,138541,138542,1,13
138528,138541,138542,1,13
138528,138541,138542,1,13
138528,138541,138542,1,13
138528,138541,138542,1,13
138528,138541,138542,1,13
138528,138534,138535,1,6
138528,138542,138543,1,14
138528,138542,138543,1,14
138528,138542,138543,1,14
138528,138542,138543,1,14
138528,138542,138543,1,14
138528,138542,138543,1,14
138528,138541,138542,1,13
138528,138542,138543,1,14
138528,138542,138543,1,14
138528,138542,138543,1,14
138528,138542,138543,1,14
138530,138543,138544,1,13
138530,138543,138544,1,13
138530,138543,138544,1,13
138530,138543,138544,1,13
138530,138543,138544,1,13
138530,138543,138544,1,13
138530,138543,138544,1,13
138530,138543,138544,1,13
138530,138543,138544,1,13
138530,138543,138544,1,13
138528,138543,138544,1,15
138530,138543,138545,2,13
138530,138544,138545,1,14
138530,138544,138545,1,14
138530,138544,138545,1,14
138530,138544,138545,1,14
138530,138544,138545,1,14
138530,138544,138545,1,14
138530,138544,138545,1,14
138530,138544,138545,1,14
138530,138545,138546,1,15
138530,138545,138546,1,15
138530,138545,138546,1,15
138530,138545,138546,1,15
138530,138545,138546,1,15
138530,138545,138546,1,15
138530,138545,138546,1,15
138530,138544,138546,2,14
138530,138545,138546,1,15
138530,138546,138547,1,16
138530,138546,138547,1,16
138530,138546,138547,1,16
138530,138545,138546,1,15
138530,138545,138546,1,15
138530,138545,138546,1,15
138530,138546,138547,1,16
138530,138547,138548,1,17
138530,138547,138548,1,17
138530,138547,138548,1,17
138530,138547,138548,1,17
138530,138547,138548,1,17
138530,138547,138548,1,17
138530,138547,138548,1,17
138530,138548,138549,1,18
138530,138548,138549,1,18
138530,138548,138549,1,18
138530,138548,138549,1,18
138530,138548,138549,1,18
138530,138547,138548,1,17
138530,138547,138549,2,17
138530,138548,138549,1,18
138530,138548,138549,1,18
138530,138548,138549,1,18
138530,138549,138550,1,19
138530,138549,138550,1,19
138530,138549,138550,1,19
138530,138549,138550,1,19
138530,138549,138550,1,19
137822,137830,138590,760,8
138592,138592,138593,1,0
138592,138592,138593,1,0
138592,138592,138593,1,0
138592,138592,138593,1,0
138592,138592,138593,1,0
138592,138592,138593,1,0
138592,138592,138593,1,0
138592,138592,138593,1,0
138592,138593,138594,1,1
138592,138593,138594,1,1
138592,138592,138593,1,0
138592,138593,138594,1,1
138592,138593,138594,1,1
138592,138593,138594,1,1
138592,138592,138593,1,0
138592,138592,138593,1,0
138592,138593,138594,1,1
138592,138593,138594,1,1
138592,138593,138594,1,1
138592,138593,138594,1,1
138592,138593,138594,1,1
138592,138593,138594,1,1
138592,138594,138595,1,2
138592,138594,138595,1,2
138592,138594,138595,1,2
138592,138594,138595,1,2
138592,138594,138595,1,2
138592,138594,138595,1,2
138592,138594,138595,1,2
138592,138594,138595,1,2
138592,138594,138595,1,2
138592,138594,138595,1,2
138592,138595,138596,1,3
138592,138595,138596,1,3
138592,138595,138596,1,3
138592,138595,138596,1,3
138592,138595,138596,1,3
138592,138595,138596,1,3
138592,138595,138596,1,3
138592,138594,138595,1,2
138592,138595,138596,1,3
138592,138595,138596,1,3
138592,138595,138596,1,3
138592,138595,138596,1,3
138592,138595,138596,1,3
138592,138596,138597,1,4
138592,138596,138597,1,4
138592,138596,138597,1,4
138592,138596,138597,1,4
138592,138595,138596,1,3
138592,138596,138597,1,4
138592,138596,138597,1,4
138592,138596,138597,1,4
138592,138596,138597,1,4
138592,138596,138597,1,4
138592,138596,138597,1,4
138592,138596,138597,1,4
138592,138595,138596,1,3
138592,138595,138596,1,3
138592,138595,138596,1,3
138592,138596,138597,1,4
138592,138596,138597,1,4
138592,138597,138598,1,5
138592,138597,138598,1,5
138592,138597,138598,1,5
138592,138597,138598,1,5
138592,138597,138598,1,5
138592,138597,138598,1,5
138592,138597,138598,1,5
138592,138597,138598,1,5
138592,138597,138598,1,5
138592,138597,138598,1,5
138592,138597,138598,1,5
138592,138597,138598,1,5
138592,138597,138598,1,5
138592,138597,138599,2,5
138592,138598,138599,1,6
138592,138598,138599,1,6
138592,138598,138599,1,6
138592,138598,138599,1,6
138592,138598,138599,1,6
138592,138597,138598,1,5
138592,138598,138599,1,6
138592,138598,138599,1,6
138592,138598,138599,1,6
138592,138597,138598,1,5
138592,138598,138599,1,6
138592,138597,138598,1,5
138592,138598,138599,1,6
138592,138598,138599,1,6
138592,138598,138599,1,6
138592,138599,138600,1,7
138592,138599,138600,1,7
138592,138598,138599,1,6
137895,137908,138648,740,13
138650,138650,138651,1,0
138650,138650,138651,1,0
138650,138650,138651,1,0
138650,138650,138651,1,0
138650,138650,138651,1,0
138650,138650,138651,1,0
138650,138650,138651,1,0
138650,138650,138651,1,0
138650,138650,138651,1,0
138650,138650,138651,1,0
138650,138651,138652,1,1
138650,138651,138652,1,1
138650,138650,138652,2,0
138650,138651,138652,1,1
138650,138651,138652,1,1
138650,138651,138652,1,1
138650,138651,138652,1,1
138650,138650,138652,2,0
138650,138650,138652,2,0
138650,138650,138653,3,0
138650,138650,138653,3,0
138650,138651,138653,2,1
138650,138651,138653,2,1
138650,138651,138653,2,1
138650,138652,138653,1,2
138650,138651,138653,2,1
138650,138650,138653,3,0
138650,138650,138654,4,0
138650,138653,138654,1,3
138650,138653,138654,1,3
138650,138653,138655,2,3
138650,138653,138655,2,3
138650,138654,138655,1,4
138650,138654,138655,1,4
138650,138654,138655,1,4
138650,138655,138656,1,5
138650,138655,138656,1,5
138650,138655,138656,1,5
138650,138653,138655,2,3
138650,138656,138657,1,6
138650,138656,138657,1,6
138650,138657,138658,1,7
138650,138657,138658,1,7
138650,138657,138658,1,7
138650,138657,138658,1,7
138650,138657,138658,1,7
138650,138657,138658,1,7
138650,138658,138659,1,8
138650,138658,138659,1,8
138650,138657,138658,1,7
138650,138658,138659,1,8
138650,138658,138659,1,8
138650,138657,138660,3,7
138237,138243,138717,474,6
138719,138719,138720,1,0
138719,138719,138720,1,0
138719,138719,138720,1,0
138719,138719,138720,1,0
138719,138719,138720,1,0
138719,138719,138720,1,0
138719,138720,138721,1,1
138719,138719,138721,2,0
138719,138719,138721,2,0
138719,138719,138722,3,0
138719,138719,138722,3,0
138719,138719,138721,2,0
138719,138719,138721,2,0
138719,138720,138721,1,1
138719,138720,138721,1,1
138719,138720,138721,1,1
138719,138720,138721,1,1
138719,138720,138722,2,1
138719,138721,138723,2,2
138719,138721,138723,2,2
138719,138721,138722,1,2
138719,138722,138723,1,3
138719,138722,138723,1,3
138719,138721,138722,1,2
138719,138722,138723,1,3
138719,138721,138722,1,2
138719,138722,138723,1,3
138719,138721,138722,1,2
138719,138721,138722,1,2
138719,138722,138723,1,3
138719,138722,138723,1,3
138719,138722,138723,1,3
138719,138722,138723,1,3
138719,138723,138724,1,4
138719,138721,138723,2,2
138719,138723,138724,1,4
138719,138723,138724,1,4
138719,138723,138724,1,4
138719,138723,138724,1,4
138719,138723,138724,1,4
138719,138724,138725,1,5
138719,138723,138724,1,4
138719,138724,138725,1,5
138719,138724,138725,1,5
138719,138724,138725,1,5
138719,138723,138724,1,4
138719,138723,138724,1,4
138719,138723,138724,1,4
138719,138724,138725,1,5
138719,138724,138725,1,5
138719,138725,138726,1,6
138719,138725,138726,1,6
138719,138724,138725,1,5
138719,138725,138726,1,6
138719,138724,138726,2,5
138719,138724,138725,1,5
138719,138725,138726,1,6
138719,138725,138726,1,6
138719,138725,138726,1,6
138719,138725,138726,1,6
138719,138725,138726,1,6
138719,138725,138726,1,6
138719,138725,138726,1,6
138719,138725,138726,1,6
138719,138726,138727,1,7
138719,138726,138727,1,7
138719,138726,138727,1,7
138719,138726,138727,1,7
138719,138726,138727,1,7
138719,138726,138727,1,7
138719,138726,138727,1,7
138719,138726,138727,1,7
138719,138726,138727,1,7
138719,138726,138727,1,7
138719,138726,138727,1,7
138719,138726,138727,1,7
138719,138726,138727,1,7
138719,138726,138727,1,7
138719,138722,138727,5,3
138719,138727,138728,1,8
138719,138727,138728,1,8
138719,138727,138728,1,8
138719,138727,138728,1,8
138719,138727,138728,1,8
138719,138727,138728,1,8
138719,138727,138728,1,8
138719,138727,138728,1,8
138719,138726,138727,1,7
138719,138726,138727,1,7
138239,138252,138742,490,13
138746,138746,138747,1,0
138746,138746,138747,1,0
138746,138746,138748,2,0
138746,138746,138747,1,0
138746,138747,138748,1,1
138746,138747,138748,1,1
138746,138746,138747,1,0
138746,138746,138748,2,0
138746,138746,138747,1,0
138746,138747,138748,1,1
138746,138747,138748,1,1
138746,138746,138748,2,0
138746,138746,138747,1,0
138746,138746,138748,2,0
138746,138747,138748,1,1
138746,138747,138749,2,1
138746,138747,138748,1,1
138746,138748,138749,1,2
138746,138748,138749,1,2
138746,138748,138749,1,2
138746,138747,138748,1,1
138746,138746,138749,3,0
138746,138748,138749,1,2
138746,138749,138750,1,3
138746,138748,138749,1,2
138746,138748,138749,1,2
138746,138748,138749,1,2
138746,138748,138749,1,2
138746,138748,138749,1,2
138746,138749,138750,1,3
138746,138749,138750,1,3
138746,138749,138750,1,3
138746,138748,138749,1,2
138746,138748,138750,2,2
138746,138749,138750,1,3
138746,138750,138751,1,4
138746,138750,138751,1,4
138746,138750,138751,1,4
138746,138750,138751,1,4
138746,138749,138750,1,3
138746,138749,138750,1,3
138746,138750,138751,1,4
138746,138750,138751,1,4
138746,138750,138751,1,4
138746,138750,138751,1,4
138746,138750,138751,1,4
138746,138749,138750,1,3
138746,138750,138751,1,4
138746,138750,138751,1,4
138746,138751,138752,1,5
138746,138751,138752,1,5
138746,138751,138752,1,5
138746,138751,138752,1,5
138746,138750,138751,1,4
138746,138751,138752,1,5
138746,138751,138752,1,5
138746,138751,138752,1,5
138746,138751,138752,1,5
138746,138751,138752,1,5
138746,138751,138752,1,5
138746,138751,138752,1,5
138746,138751,138752,1,5
138746,138752,138753,1,6
138746,138751,138753,2,5
138746,138751,138752,1,5
138746,138752,138753,1,6
138746,138752,138753,1,6
138746,138752,138753,1,6
138746,138752,138753,1,6
138746,138752,138753,1,6
138746,138752,138753,1,6
138746,138752,138753,1,6
138746,138752,138753,1,6
138746,138752,138753,1,6
138746,138752,138753,1,6
138746,138752,138753,1,6
138746,138752,138753,1,6
138746,138751,138753,2,5
138746,138752,138753,1,6
138746,138753,138754,1,7
138746,138753,138754,1,7
138746,138753,138754,1,7
138746,138753,138754,1,7
138746,138753,138754,1,7
138746,138753,138754,1,7
138746,138753,138754,1,7
138746,138753,138754,1,7
138746,138753,138754,1,7
138746,138753,138754,1,7
138746,138753,138754,1,7
138746,138753,138754,1,7
138746,138753,138754,1,7
138022,138035,138774,739,13
138776,138776,138777,1,0
138776,138776,138777,1,0
138776,138776,138777,1,0
138776,138776,138777,1,0
138776,138776,138777,1,0
138776,138776,138777,1,0
138776,138776,138777,1,0
138776,138776,138777,1,0
138776,138776,138777,1,0
138776,138776,138778,2,0
138776,138776,138777,1,0
138776,138776,138777,1,0
138776,138776,138778,2,0
138776,138776,138778,2,0
138776,138776,138777,1,0
138776,138777,138778,1,1
138776,138777,138778,1,1
138776,138777,138778,1,1
138776,138777,138778,1,1
138776,138776,138778,2,0
138776,138776,138778,2,0
138776,138777,138778,1,1
138776,138777,138778,1,1
138776,138777,138779,2,1
138776,138777,138779,2,1
138776,138778,138779,1,2
138776,138778,138780,2,2
138776,138778,138780,2,2
138776,138778,138780,2,2
138776,138778,138779,1,2
138776,138778,138779,1,2
138776,138778,138780,2,2
138776,138779,138781,2,3
138776,138779,138781,2,3
138776,138779,138781,2,3
138776,138779,138781,2,3
138776,138779,138781,2,3
138776,138779,138781,2,3
138776,138779,138781,2,3
138776,138779,138781,2,3
138776,138779,138781,2,3
138776,138779,138781,2,3
138776,138779,138781,2,3
138776,138780,138782,2,4
138776,138781,138782,1,5
138776,138780,138782,2,4
138776,138780,138781,1,4
138776,138781,138782,1,5
138776,138781,138782,1,5
138776,138780,138782,2,4
138776,138780,138782,2,4
138776,138781,138782,1,5
138776,138781,138782,1,5
138776,138781,138782,1,5
138776,138781,138782,1,5
138776,138781,138782,1,5
138776,138781,138782,1,5
138776,138781,138782,1,5
138776,138782,138783,1,6
138776,138781,138783,2,5
138776,138782,138783,1,6
138776,138781,138783,2,5
138776,138783,138784,1,7
138776,138782,138783,1,6
138776,138783,138784,1,7
138776,138783,138784,1,7
138776,138783,138784,1,7
138776,138783,138784,1,7
138776,138784,138785,1,8
138776,138784,138785,1,8
138776,138784,138785,1,8
138776,138784,138785,1,8
138776,138784,138785,1,8
138776,138784,138785,1,8
138776,138785,138786,1,9
138776,138784,138785,1,8
138069,138075,138808,733,6
138811,138811,138812,1,0
138811,138811,138812,1,0
138811,138811,138812,1,0
138811,138811,138812,1,0
138811,138811,138812,1,0
138811,138811,138812,1,0
138811,138811,138812,1,0
138811,138811,138812,1,0
138811,138811,138812,1,0
138811,138811,138813,2,0
138811,138812,138813,1,1
138811,138812,138813,1,1
138811,138812,138813,1,1
138811,138812,138813,1,1
138811,138812,138813,1,1
138811,138812,138813,1,1
138811,138812,138813,1,1
138811,138813,138814,1,2
138811,138813,138815,2,2
138811,138813,138815,2,2
138811,138813,138814,1,2
138811,138813,138815,2,2
138811,138813,138815,2,2
138811,138813,138815,2,2
138811,138813,138815,2,2
138811,138814,138815,1,3
138811,138814,138815,1,3
138811,138814,138816,2,3
138811,138814,138815,1,3
138811,138814,138815,1,3
138811,138814,138815,1,3
138811,138813,138815,2,2
138811,138813,138816,3,2
138811,138815,138816,1,4
138811,138815,138817,2,4
138811,138815,138817,2,4
138811,138814,138817,3,3
138811,138815,138816,1,4
138811,138815,138816,1,4
138811,138816,138818,2,5
138811,138815,138817,2,4
138811,138816,138817,1,5
138811,138816,138817,1,5
138811,138816,138817,1,5
138811,138816,138817,1,5
138811,138816,138817,1,5
138811,138816,138817,1,5
138811,138817,138818,1,6
138811,138816,138817,1,5
138811,138817,138818,1,6
138811,138817,138818,1,6
138811,138817,138818,1,6
138811,138816,138818,2,5
138811,138818,138819,1,7
138811,138818,138819,1,7
138811,138817,138818,1,6
138811,138818,138819,1,7
138811,138818,138819,1,7
138811,138818,138819,1,7
138811,138817,138818,1,6
138811,138818,138819,1,7
138811,138818,138819,1,7
138811,138817,138819,2,6
138811,138818,138819,1,7
138811,138818,138819,1,7
138811,138819,138820,1,8
138811,138819,138820,1,8
138811,138819,138820,1,8
138811,138819,138820,1,8
138811,138819,138820,1,8
138811,138819,138820,1,8
138811,138819,138820,1,8
138811,138819,138820,1,8
138811,138818,138819,1,7
138811,138819,138820,1,8
138811,138819,138820,1,8
138811,138820,138821,1,9
138811,138819,138820,1,8
138811,138819,138820,1,8
138811,138820,138821,1,9
138811,138820,138821,1,9
138811,138820,138821,1,9
138811,138820,138821,1,9
138811,138820,138821,1,9
138811,138820,138821,1,9
138811,138820,138821,1,9
138811,138820,138821,1,9
138383,138389,138858,469,6
138859,138859,138860,1,0
138859,138859,138860,1,0
138859,138859,138860,1,0
138859,138859,138860,1,0
138859,138859,138860,1,0
138859,138859,138860,1,0
138859,138859,138860,1,0
138859,138859,138860,1,0
138859,138859,138860,1,0
138859,138859,138860,1,0
138859,138860,138861,1,1
138859,138859,138861,2,0
138859,138860,138861,1,1
138859,138859,138861,2,0
138859,138860,138862,2,1
138859,138860,138862,2,1
138859,138861,138862,1,2
138859,138862,138863,1,3
138859,138861,138862,1,2
138859,138861,138862,1,2
138859,138862,138863,1,3
138859,138863,138864,1,4
138859,138863,138864,1,4
138859,138863,138864,1,4
138859,138864,138865,1,5
138859,138864,138865,1,5
138859,138863,138864,1,4
138859,138864,138865,1,5
138859,138864,138865,1,5
138859,138864,138865,1,5
138859,138865,138866,1,6
138859,138865,138866,1,6
138859,138865,138866,1,6
138859,138865,138866,1,6
138859,138865,138866,1,6
138859,138862,138866,4,3
138859,138866,138867,1,7
138859,138866,138867,1,7
138859,138866,138867,1,7
138859,138866,138867,1,7
138859,138866,138867,1,7
138859,138866,138867,1,7
138859,138866,138867,1,7
138859,138866,138867,1,7
138859,138866,138867,1,7
138859,138866,138867,1,7
138859,138866,138867,1,7
138859,138866,138867,1,7
138859,138866,138867,1,7
138859,138867,138868,1,8
138859,138867,138868,1,8
138859,138867,138868,1,8
138859,138867,138868,1,8
138859,138867,138868,1,8
138153,138160,138878,718,7
138887,138887,138888,1,0
138887,138887,138888,1,0
138887,138887,138888,1,0
138887,138887,138888,1,0
138887,138887,138888,1,0
138887,138887,138888,1,0
138887,138887,138888,1,0
138887,138887,138888,1,0
138887,138887,138888,1,0
138887,138887,138888,1,0
138887,138887,138888,1,0
138887,138887,138889,2,0
138887,138887,138889,2,0
138887,138887,138889,2,0
138887,138887,138889,2,0
138887,138888,138890,2,1
138887,138888,138890,2,1
138887,138887,138890,3,0
138887,138888,138890,2,1
138887,138888,138890,2,1
138887,138888,138890,2,1
138887,138888,138890,2,1
138887,138888,138890,2,1
138887,138888,138890,2,1
138887,138888,138890,2,1
138887,138888,138890,2,1
138887,138888,138890,2,1
138887,138889,138891,2,2
138887,138889,138891,2,2
138887,138889,138891,2,2
138887,138889,138891,2,2
138887,138889,138891,2,2
138887,138890,138892,2,3
138887,138890,138892,2,3
138887,138890,138892,2,3
138887,138890,138892,2,3
138887,138890,138892,2,3
138887,138890,138892,2,3
138887,138890,138892,2,3
138887,138890,138892,2,3
138887,138891,138892,1,4
138887,138891,138892,1,4
138887,138891,138892,1,4
138887,138891,138893,2,4
138887,138893,138894,1,6
138887,138892,138893,1,5
138887,138893,138894,1,6
138887,138892,138893,1,5
138887,138892,138893,1,5
138887,138892,138893,1,5
138887,138893,138894,1,6
138887,138893,138894,1,6
138887,138893,138894,1,6
138887,138893,138894,1,6
138887,138893,138894,1,6
138887,138893,138894,1,6
138887,138894,138895,1,7
138887,138894,138895,1,7
138887,138894,138895,1,7
138887,138893,138895,2,6
138887,138894,138895,1,7
138887,138894,138895,1,7
138887,138894,138895,1,7
138887,138895,138896,1,8
138887,138895,138896,1,8
138887,138895,138896,1,8
138887,138895,138896,1,8
138887,138893,138895,2,6
138887,138896,138897,1,9
138887,138896,138897,1,9
138887,138896,138897,1,9
138887,138896,138897,1,9
138887,138896,138897,1,9
138887,138896,138897,1,9
138887,138896,138897,1,9
138209,138215,138904,689,6
138915,138915,138916,1,0
138915,138915,138916,1,0
138915,138915,138916,1,0
138915,138915,138916,1,0
138915,138915,138916,1,0
138915,138915,138916,1,0
138915,138915,138916,1,0
138915,138915,138916,1,0
138915,138915,138916,1,0
138915,138915,138916,1,0
138915,138915,138916,1,0
138915,138915,138917,2,0
138915,138915,138917,2,0
138915,138916,138917,1,1
138915,138915,138917,2,0
138915,138916,138917,1,1
138915,138916,138918,2,1
138915,138916,138917,1,1
138915,138916,138918,2,1
138915,138916,138917,1,1
138915,138916,138918,2,1
138915,138915,138917,2,0
138915,138916,138918,2,1
138915,138916,138918,2,1
138915,138916,138918,2,1
138915,138917,138919,2,2
138915,138917,138919,2,2
138915,138918,138919,1,3
138915,138918,138919,1,3
138915,138918,138919,1,3
138915,138917,138919,2,2
138915,138918,138919,1,3
138915,138917,138919,2,2
138915,138917,138919,2,2
138915,138918,138920,2,3
138915,138918,138920,2,3
138915,138919,138920,1,4
138915,138919,138920,1,4
138915,138918,138919,1,3
138915,138919,138920,1,4
138915,138918,138919,1,3
138915,138919,138920,1,4
138915,138919,138920,1,4
138915,138918,138920,2,3
138915,138918,138920,2,3
138915,138919,138920,1,4
138915,138918,138920,2,3
138915,138918,138920,2,3
138915,138919,138920,1,4
138915,138919,138921,2,4
138915,138920,138921,1,5
138915,138919,138921,2,4
138915,138920,138921,1,5
138915,138920,138921,1,5
138915,138920,138921,1,5
138915,138920,138921,1,5
138915,138920,138921,1,5
138915,138920,138921,1,5
138915,138920,138921,1,5
138915,138920,138921,1,5
138915,138920,138921,1,5
138915,138921,138922,1,6
138915,138921,138922,1,6
138915,138921,138922,1,6
138915,138921,138922,1,6
138915,138921,138922,1,6
138915,138921,138922,1,6
138915,138921,138922,1,6
138915,138921,138922,1,6
138915,138920,138922,2,5
138915,138921,138922,1,6
138915,138922,138923,1,7
138915,138922,138923,1,7
138915,138922,138923,1,7
138915,138922,138923,1,7
138915,138922,138923,1,7
138424,138437,138924,487,13
138915,138923,138924,1,8
138925,138925,138926,1,0
138925,138925,138926,1,0
138925,138925,138926,1,0
138925,138925,138926,1,0
138925,138925,138926,1,0
138925,138925,138926,1,0
138925,138925,138927,2,0
138925,138925,138926,1,0
138925,138925,138926,1,0
138925,138925,138927,2,0
138925,138926,138927,1,1
138925,138926,138927,1,1
138925,138926,138927,1,1
138925,138926,138927,1,1
138925,138926,138927,1,1
138925,138925,138927,2,0
138925,138926,138927,1,1
138925,138926,138927,1,1
138925,138926,138927,1,1
138925,138927,138928,1,2
138925,138926,138927,1,1
138925,138926,138927,1,1
138925,138927,138929,2,2
138925,138927,138928,1,2
138925,138928,138929,1,3
138925,138927,138928,1,2
138925,138928,138929,1,3
138925,138927,138928,1,2
138925,138928,138929,1,3
138925,138928,138929,1,3
138925,138928,138929,1,3
138925,138928,138929,1,3
138925,138928,138929,1,3
138925,138928,138929,1,3
138925,138928,138929,1,3
138925,138929,138930,1,4
138925,138928,138929,1,3
138925,138929,138930,1,4
138925,138929,138930,1,4
138925,138929,138930,1,4
138925,138929,138930,1,4
138925,138929,138930,1,4
138925,138928,138929,1,3
138925,138929,138930,1,4
138925,138929,138930,1,4
138925,138929,138930,1,4
138925,138930,138931,1,5
138925,138930,138931,1,5
138925,138930,138931,1,5
138925,138930,138931,1,5
138925,138930,138931,1,5
138925,138930,138931,1,5
138925,138930,138931,1,5
138925,138929,138930,1,4
138925,138930,138931,1,5
138925,138931,138932,1,6
138925,138931,138932,1,6
138925,138930,138931,1,5
138925,138931,138932,1,6
138925,138931,138932,1,6
138925,138930,138931,1,5
138925,138930,138931,1,5
138925,138930,138931,1,5
138925,138931,138932,1,6
138925,138931,138932,1,6
138925,138931,138932,1,6
138925,138930,138931,1,5
138925,138930,138931,1,5
138925,138931,138932,1,6
138925,138931,138932,1,6
138925,138931,138932,1,6
138925,138932,138933,1,7
138925,138932,138933,1,7
138925,138932,138933,1,7
138925,138932,138933,1,7
138925,138932,138933,1,7
138925,138932,138933,1,7
138925,138932,138933,1,7
138925,138932,138933,1,7
138925,138932,138933,1,7
138925,138932,138933,1,7
138925,138932,138933,1,7
138925,138932,138933,1,7
138925,138932,138933,1,7
138925,138932,138933,1,7
138925,138932,138933,1,7
138925,138933,138934,1,8
138925,138933,138934,1,8
138925,138933,138934,1,8
138925,138933,138934,1,8
138925,138933,138934,1,8
138925,138933,138934,1,8
138483,138489,138969,480,6
138970,138970,138971,1,0
138970,138970,138971,1,0
138970,138970,138971,1,0
138970,138970,138971,1,0
138970,138970,138971,1,0
138970,138970,138971,1,0
138970,138970,138971,1,0
138970,138970,138971,1,0
138970,138970,138971,1,0
138970,138970,138971,1,0
138970,138970,138971,1,0
138970,138970,138972,2,0
138970,138970,138972,2,0
138970,138970,138971,1,0
138970,138970,138972,2,0
138970,138970,138972,2,0
138970,138970,138972,2,0
138970,138971,138973,2,1
138970,138971,138973,2,1
138970,138971,138973,2,1
138970,138971,138972,1,1
138970,138971,138972,1,1
138970,138971,138973,2,1
138970,138971,138973,2,1
138970,138972,138973,1,2
138970,138971,138973,2,1
138970,138971,138973,2,1
138970,138971,138973,2,1
138970,138972,138974,2,2
138970,138972,138974,2,2
138970,138973,138974,1,3
138970,138973,138974,1,3
138970,138973,138974,1,3
138970,138975,138976,1,5
138970,138974,138975,1,4
138970,138975,138976,1,5
138970,138975,138976,1,5
138970,138974,138975,1,4
138970,138974,138975,1,4
138970,138975,138976,1,5
138970,138974,138976,2,4
138970,138975,138976,1,5
138970,138975,138976,1,5
138970,138976,138977,1,6
138970,138976,138977,1,6
138970,138976,138977,1,6
138970,138976,138977,1,6
138970,138977,138978,1,7
138970,138977,138978,1,7
138970,138976,138977,1,6
138970,138976,138977,1,6
138970,138976,138977,1,6
138970,138977,138978,1,7
138970,138977,138978,1,7
138970,138977,138978,1,7
138970,138977,138978,1,7
138970,138977,138978,1,7
138970,138978,138979,1,8
138970,138978,138979,1,8
138970,138978,138979,1,8
138970,138978,138979,1,8
138970,138978,138979,1,8
138970,138978,138979,1,8
138529,138543,139016,473,14
139018,139018,139019,1,0
139018,139018,139019,1,0
139018,139018,139019,1,0
139018,139018,139019,1,0
139018,139018,139019,1,0
139018,139018,139019,1,0
139018,139018,139019,1,0
139018,139018,139019,1,0
139018,139018,139019,1,0
139018,139018,139019,1,0
139018,139018,139020,2,0
139018,139018,139020,2,0
139018,139018,139019,1,0
139018,139018,139020,2,0
139018,139019,139020,1,1
139018,139019,139020,1,1
139018,139018,139019,1,0
139018,139019,139020,1,1
139018,139018,139019,1,0
139018,139018,139019,1,0
139018,139019,139020,1,1
139018,139019,139020,1,1
139018,139019,139020,1,1
139018,139019,139020,1,1
139018,139019,139020,1,1
139018,139020,139021,1,2
139018,139020,139021,1,2
139018,139019,139020,1,1
139018,139020,139021,1,2
139018,139020,139021,1,2
139018,139020,139021,1,2
139018,139020,139021,1,2
139018,139020,139021,1,2
139018,139020,139022,2,2
139018,139020,139022,2,2
139018,139020,139022,2,2
139018,139020,139022,2,2
139018,139020,139021,1,2
139018,139020,139021,1,2
139018,139020,139021,1,2
139018,139021,139022,1,3
139018,139021,139022,1,3
139018,139021,139022,1,3
139018,139021,139022,1,3
139018,139020,139022,2,2
139018,139022,139023,1,4
139018,139022,139023,1,4
139018,139021,139023,2,3
139018,139021,139023,2,3
139018,139022,139024,2,4
139018,139022,139023,1,4
139018,139022,139024,2,4
139018,139023,139024,1,5
139018,139023,139024,1,5
139018,139023,139024,1,5
139018,139024,139025,1,6
139018,139022,139025,3,4
139018,139023,139024,1,5
139018,139024,139025,1,6
139018,139024,139025,1,6
139018,139024,139025,1,6
139018,139024,139025,1,6
139018,139025,139026,1,7
139018,139025,139026,1,7
139018,139026,139027,1,8
139018,139026,139027,1,8
138329,138337,139032,695,8
139047,139047,139048,1,0
139047,139047,139048,1,0
139047,139047,139048,1,0
139047,139047,139048,1,0
139047,139047,139049,2,0
139047,139047,139048,1,0
139047,139047,139048,1,0
139047,139047,139049,2,0
139047,139048,139049,1,1
139047,139048,139049,1,1
139047,139047,139048,1,0
139047,139048,139049,1,1
139047,139047,139048,1,0
139047,139048,139049,1,1
139047,139048,139049,1,1
139047,139048,139049,1,1
139047,139047,139049,2,0
139047,139049,139050,1,2
139047,139049,139050,1,2
139047,139049,139050,1,2
139047,139049,139050,1,2
139047,139049,139050,1,2
139047,139049,139050,1,2
139047,139049,139050,1,2
139047,139049,139050,1,2
139047,139049,139050,1,2
139047,139049,139050,1,2
139047,139049,139050,1,2
139047,139049,139051,2,2
139047,139049,139050,1,2
139047,139049,139050,1,2
139047,139050,139051,1,3
139047,139050,139051,1,3
139047,139050,139051,1,3
139047,139050,139051,1,3
139047,139050,139051,1,3
139047,139050,139051,1,3
139047,139050,139051,1,3
139047,139050,139051,1,3
139047,139051,139052,1,4
139047,139050,139051,1,3
139047,139051,139052,1,4
139047,139051,139052,1,4
139047,139051,139052,1,4
139047,139051,139052,1,4
139047,139051,139052,1,4
139047,139051,139052,1,4
139047,139051,139052,1,4
139047,139051,139052,1,4
139047,139051,139052,1,4
139047,139051,139052,1,4
139047,139052,139053,1,5
139047,139051,139052,1,4
139047,139052,139053,1,5
139047,139052,139053,1,5
139047,139051,139052,1,4
139047,139052,139053,1,5
139047,139052,139053,1,5
139047,139052,139053,1,5
139047,139052,139053,1,5
139047,139052,139053,1,5
139047,139052,139053,1,5
139047,139052,139053,1,5
139047,139053,139054,1,6
139047,139052,139053,1,5
139047,139053,139054,1,6
139047,139053,139054,1,6
139047,139053,139054,1,6
139047,139053,139054,1,6
139047,139053,139054,1,6
139047,139053,139054,1,6
139047,139053,139054,1,6
139047,139053,139054,1,6
139047,139053,139054,1,6
139047,139053,139054,1,6
139047,139053,139054,1,6
139047,139054,139055,1,7
139047,139054,139055,1,7
139047,139054,139055,1,7
139047,139049,139054,5,2
139047,139054,139055,1,7
139047,139054,139055,1,7
139047,139054,139055,1,7
139047,139054,139055,1,7
139047,139054,139056,2,7
139047,139049,139055,6,2
138357,138363,139074,711,6
139076,139076,139077,1,0
139076,139076,139077,1,0
139076,139076,139077,1,0
139076,139076,139077,1,0
139076,139076,139077,1,0
139076,139076,139078,2,0
139076,139077,139078,1,1
139076,139077,139078,1,1
139076,139077,139078,1,1
139076,139077,139078,1,1
139076,139076,139078,2,0
139076,139076,139077,1,0
139076,139076,139077,1,0
139076,139077,139078,1,1
139076,139077,139078,1,1
139076,139076,139077,1,0
139076,139078,139079,1,2
139076,139078,139079,1,2
139076,139077,139078,1,1
139076,139078,139079,1,2
139076,139078,139079,1,2
139076,139078,139079,1,2
139076,139078,139079,1,2
139076,139078,139079,1,2
139076,139076,139078,2,0
139076,139078,139079,1,2
139076,139078,139080,2,2
139076,139078,139079,1,2
139076,139078,139079,1,2
139076,139078,139079,1,2
139076,139079,139080,1,3
139076,139079,139080,1,3
139076,139079,139080,1,3
139076,139079,139080,1,3
139076,139078,139079,1,2
139076,139079,139080,1,3
139076,139078,139079,1,2
139076,139079,139080,1,3
139076,139079,139080,1,3
139076,139079,139080,1,3
139076,139078,139079,1,2
139076,139079,139080,1,3
139076,139080,139081,1,4
139076,139080,139081,1,4
139076,139080,139081,1,4
139076,139080,139081,1,4
139076,139080,139081,1,4
139076,139080,139081,1,4
139076,139080,139081,1,4
139076,139080,139081,1,4
139076,139080,139081,1,4
139076,139080,139081,1,4
139076,139080,139081,1,4
139076,139080,139081,1,4
139076,139080,139081,1,4
139076,139081,139082,1,5
139076,139081,139082,1,5
139076,139081,139082,1,5
139076,139081,139082,1,5
139076,139081,139082,1,5
139076,139081,139082,1,5
139076,139081,139082,1,5
139076,139081,139082,1,5
139076,139081,139082,1,5
139076,139082,139083,1,6
139076,139080,139082,2,4
139076,139082,139083,1,6
139076,139082,139083,1,6
139076,139082,139083,1,6
139076,139082,139083,1,6
139076,139082,139083,1,6
139076,139082,139083,1,6
139076,139081,139082,1,5
139076,139082,139083,1,6
139076,139082,139083,1,6
139076,139082,139083,1,6
139076,139082,139083,1,6
139076,139082,139083,1,6
139076,139083,139084,1,7
139076,139083,139084,1,7
139076,139083,139084,1,7
139076,139082,139083,1,6
139076,139083,139084,1,7
139076,139083,139084,1,7
139076,139083,139084,1,7
139076,139083,139084,1,7
139076,139083,139084,1,7
139076,139083,139084,1,7
138364,138371,139092,721,7
139104,139104,139105,1,0
139104,139104,139105,1,0
139104,139104,139105,1,0
139104,139104,139105,1,0
139104,139104,139105,1,0
139104,139104,139105,1,0
139104,139104,139105,1,0
139104,139104,139105,1,0
139104,139104,139105,1,0
139104,139104,139105,1,0
139104,139104,139105,1,0
139104,139104,139105,1,0
139104,139105,139106,1,1
139104,139105,139106,1,1
139104,139104,139106,2,0
139104,139105,139106,1,1
139104,139105,139106,1,1
139104,139104,139105,1,0
139104,139105,139106,1,1
139104,139104,139105,1,0
139104,139105,139106,1,1
139104,139105,139106,1,1
139104,139105,139106,1,1
139104,139105,139106,1,1
139104,139106,139107,1,2
139104,139106,139107,1,2
139104,139105,139107,2,1
139104,139106,139107,1,2
139104,139106,139107,1,2
139104,139106,139107,1,2
139104,139106,139107,1,2
139104,139105,139106,1,1
139104,139106,139107,1,2
139104,139106,139107,1,2
139104,139106,139107,1,2
139104,139106,139107,1,2
139104,139107,139108,1,3
139104,139106,139107,1,2
139104,139106,139108,2,2
139104,139106,139108,2,2
139104,139107,139108,1,3
139104,139106,139107,1,2
139104,139107,139108,1,3
139104,139107,139108,1,3
139104,139106,139107,1,2
139104,139107,139108,1,3
139104,139108,139109,1,4
139104,139108,139109,1,4
139104,139108,139109,1,4
139104,139108,139109,1,4
139104,139108,139109,1,4
139104,139107,139109,2,3
139104,139107,139109,2,3
139104,139107,139109,2,3
139104,139108,139109,1,4
139104,139107,139109,2,3
139104,139109,139110,1,5
139104,139109,139110,1,5
139104,139109,139110,1,5
139104,139109,139110,1,5
139104,139110,139111,1,6
139104,139111,139112,1,7
139104,139111,139112,1,7
139104,139111,139112,1,7
139104,139111,139112,1,7
139104,139111,139112,1,7
139104,139111,139112,1,7
139104,139111,139112,1,7
138652,138658,139143,485,6
139146,139146,139147,1,0
139146,139146,139147,1,0
139146,139146,139147,1,0
139146,139146,139147,1,0
139146,139146,139147,1,0
139146,139146,139147,1,0
139146,139146,139147,1,0
139146,139146,139147,1,0
139146,139146,139147,1,0
139146,139146,139147,1,0
139146,139146,139148,2,0
139146,139146,139148,2,0
139146,139146,139147,1,0
139146,139146,139147,1,0
139146,139146,139147,1,0
139146,139147,139148,1,1
139146,139147,139148,1,1
139146,139147,139148,1,1
139146,139146,139148,2,0
139146,139147,139149,2,1
139146,139148,139149,1,2
139146,139147,139148,1,1
139146,139147,139148,1,1
139146,139147,139148,1,1
139146,139148,139149,1,2
139146,139147,139149,2,1
139146,139147,139148,1,1
139146,139148,139149,1,2
139146,139148,139150,2,2
138420,138429,139149,720,9
139146,139148,139150,2,2
139146,139148,139150,2,2
139146,139149,139150,1,3
139146,139149,139150,1,3
139146,139148,139149,1,2
139146,139148,139149,1,2
139146,139149,139150,1,3
139146,139149,139150,1,3
139146,139149,139150,1,3
139146,139149,139150,1,3
139146,139149,139150,1,3
139146,139150,139151,1,4
139146,139150,139151,1,4
139146,139150,139151,1,4
139146,139149,139150,1,3
139146,139150,139151,1,4
139146,139150,139151,1,4
139146,139150,139151,1,4
139146,139149,139150,1,3
139146,139150,139151,1,4
139146,139149,139151,2,3
139146,139149,139151,2,3
139146,139150,139151,1,4
139146,139150,139151,1,4
139146,139151,139152,1,5
139146,139151,139152,1,5
139146,139150,139151,1,4
139146,139151,139152,1,5
139146,139151,139152,1,5
139146,139151,139152,1,5
139146,139151,139152,1,5
139146,139150,139152,2,4
139146,139150,139151,1,4
139146,139151,139152,1,5
139146,139151,139152,1,5
139146,139151,139152,1,5
139146,139152,139153,1,6
139146,139152,139153,1,6
139146,139152,139153,1,6
139146,139152,139153,1,6
139146,139152,139153,1,6
139146,139153,139154,1,7
139151,139154,139155,1,3
139151,139154,139155,1,3
139151,139154,139155,1,3
139151,139155,139156,1,4
139151,139155,139156,1,4
139151,139155,139156,1,4
139151,139155,139157,2,4
139151,139155,139157,2,4
139151,139155,139157,2,4
139151,139155,139156,1,4
139151,139155,139156,1,4
139151,139155,139156,1,4
139151,139155,139156,1,4
139151,139155,139156,1,4
139151,139155,139156,1,4
139151,139155,139156,1,4
139151,139155,139157,2,4
139151,139155,139157,2,4
139151,139156,139157,1,5
139151,139156,139157,1,5
139151,139156,139157,1,5
139151,139157,139158,1,6
139151,139157,139158,1,6
139151,139157,139158,1,6
139151,139157,139158,1,6
139151,139157,139158,1,6
139151,139157,139158,1,6
139151,139157,139158,1,6
139151,139157,139158,1,6
139151,139157,139158,1,6
139151,139157,139158,1,6
139151,139157,139158,1,6
139151,139157,139158,1,6
139151,139157,139158,1,6
139151,139157,139158,1,6
139151,139158,139159,1,7
139151,139158,139159,1,7
139151,139158,139159,1,7
139151,139158,139159,1,7
139151,139159,139160,1,8
139151,139159,139160,1,8
139151,139159,139160,1,8
139151,139159,139160,1,8
139151,139159,139160,1,8
139151,139159,139160,1,8
139151,139159,139160,1,8
139151,139159,139160,1,8
139151,139159,139160,1,8
139151,139160,139161,1,9
139151,139159,139160,1,8
139151,139160,139161,1,9
139151,139160,139161,1,9
139151,139160,139161,1,9
139151,139159,139160,1,8
139151,139159,139160,1,8
139151,139159,139160,1,8
139151,139160,139161,1,9
139151,139160,139161,1,9
139151,139160,139161,1,9
139151,139160,139161,1,9
139151,139160,139161,1,9
139151,139160,139161,1,9
139151,139161,139162,1,10
139151,139161,139162,1,10
139151,139161,139162,1,10
139151,139161,139162,1,10
139151,139161,139162,1,10
139151,139161,139162,1,10
139151,139161,139162,1,10
139151,139161,139162,1,10
139151,139161,139162,1,10
139151,139161,139162,1,10
139151,139161,139162,1,10
139151,139161,139162,1,10
139151,139161,139162,1,10
139151,139161,139162,1,10
139151,139162,139163,1,11
139151,139162,139163,1,11
138416,138422,139187,765,6
139190,139190,139191,1,0
139190,139190,139191,1,0
139190,139190,139191,1,0
139190,139190,139191,1,0
139190,139190,139191,1,0
139190,139191,139192,1,1
139190,139191,139192,1,1
139190,139191,139192,1,1
139190,139191,139192,1,1
139190,139192,139193,1,2
139190,139191,139192,1,1
139190,139191,139192,1,1
139190,139192,139193,1,2
139190,139193,139194,1,3
139190,139192,139193,1,2
139190,139192,139193,1,2
139190,139192,139193,1,2
139190,139192,139193,1,2
139190,139192,139193,1,2
139190,139192,139193,1,2
139190,139193,139194,1,3
139190,139193,139194,1,3
139190,139191,139195,4,1
139190,139193,139194,1,3
139190,139193,139194,1,3
139190,139193,139194,1,3
139190,139193,139194,1,3
139190,139193,139194,1,3
139190,139195,139196,1,5
139190,139195,139196,1,5
139190,139195,139196,1,5
139190,139195,139196,1,5
139190,139195,139196,1,5
139190,139195,139196,1,5
139190,139195,139196,1,5
139190,139196,139197,1,6
139190,139196,139197,1,6
139190,139196,139197,1,6
139190,139196,139197,1,6
139190,139196,139197,1,6
139190,139197,139198,1,7
139190,139197,139198,1,7
139190,139197,139198,1,7
139190,139197,139198,1,7
139190,139197,139198,1,7
139190,139197,139198,1,7
139190,139197,139198,1,7
139190,139197,139198,1,7
139190,139197,139198,1,7
139190,139198,139199,1,8
139190,139198,139199,1,8
139190,139198,139199,1,8
139190,139197,139198,1,7
139190,139199,139202,3,9
138488,138498,139246,748,10
139248,139248,139249,1,0
139248,139248,139249,1,0
139248,139248,139249,1,0
139248,139248,139249,1,0
139248,139248,139249,1,0
139248,139248,139249,1,0
139248,139248,139249,1,0
139248,139248,139249,1,0
139248,139248,139249,1,0
139248,139248,139249,1,0
139248,139248,139249,1,0
139248,139248,139249,1,0
139248,139249,139250,1,1
139248,139249,139250,1,1
139248,139248,139249,1,0
139248,139249,139250,1,1
139248,139248,139249,1,0
139248,139249,139250,1,1
139248,139249,139250,1,1
139248,139249,139250,1,1
139248,139249,139250,1,1
139248,139249,139250,1,1
139248,139249,139250,1,1
139248,139249,139250,1,1
139248,139250,139251,1,2
139248,139250,139251,1,2
139248,139250,139251,1,2
139248,139249,139250,1,1
139248,139250,139251,1,2
139248,139249,139250,1,1
139248,139250,139251,1,2
139248,139250,139251,1,2
139248,139250,139251,1,2
139248,139250,139251,1,2
139248,139249,139250,1,1
139248,139251,139252,1,3
139248,139250,139251,1,2
139248,139251,139252,1,3
139248,139250,139252,2,2
139248,139250,139251,1,2
139248,139250,139251,1,2
139248,139250,139251,1,2
139248,139251,139252,1,3
139248,139251,139252,1,3
139248,139251,139252,1,3
139248,139251,139252,1,3
139248,139251,139252,1,3
139248,139251,139252,1,3
139248,139252,139253,1,4
139248,139251,139252,1,3
139248,139251,139253,2,3
139248,139251,139252,1,3
139248,139252,139253,1,4
139248,139252,139253,1,4
139248,139252,139253,1,4
139248,139252,139253,1,4
139248,139252,139253,1,4
139248,139252,139253,1,4
139248,139252,139253,1,4
139248,139252,139253,1,4
139248,139252,139253,1,4
139248,139252,139253,1,4
139248,139253,139254,1,5
139248,139253,139254,1,5
139248,139253,139254,1,5
139248,139253,139254,1,5
139248,139253,139254,1,5
139248,139253,139254,1,5
139248,139253,139254,1,5
139248,139252,139253,1,4
139248,139253,139254,1,5
139248,139248,139255,7,0
139248,139254,139255,1,6
139248,139254,139255,1,6
139248,139254,139255,1,6
139248,139254,139255,1,6
139248,139254,139255,1,6
139248,139254,139255,1,6
139248,139254,139255,1,6
139248,139254,139255,1,6
139248,139254,139255,1,6
139248,139255,139256,1,7
139248,139255,139256,1,7
139248,139255,139258,3,7
138533,138549,139270,721,16
139279,139279,139280,1,0
139279,139279,139280,1,0
139279,139279,139280,1,0
139279,139279,139280,1,0
139279,139279,139280,1,0
139279,139279,139280,1,0
139279,139279,139280,1,0
139279,139279,139280,1,0
139279,139279,139280,1,0
139279,139279,139280,1,0
139279,139279,139281,2,0
139279,139279,139281,2,0
139279,139279,139281,2,0
139279,139280,139281,1,1
139279,139279,139281,2,0
139279,139279,139281,2,0
139279,139279,139281,2,0
139279,139279,139281,2,0
139279,139280,139281,1,1
139279,139280,139281,1,1
139279,139280,139281,1,1
139279,139280,139281,1,1
139279,139281,139282,1,2
139279,139281,139282,1,2
139279,139281,139282,1,2
139279,139280,139282,2,1
139279,139280,139282,2,1
139279,139280,139282,2,1
139279,139280,139282,2,1
139279,139281,139282,1,2
139279,139282,139283,1,3
139279,139281,139283,2,2
139279,139282,139283,1,3
139279,139283,139284,1,4
139279,139283,139284,1,4
139279,139283,139284,1,4
139279,139283,139284,1,4
139279,139283,139284,1,4
139279,139283,139284,1,4
139279,139283,139284,1,4
139279,139284,139285,1,5
139279,139283,139284,1,4
139279,139284,139285,1,5
139279,139284,139285,1,5
139279,139284,139285,1,5
139279,139284,139285,1,5
139279,139285,139286,1,6
139279,139286,139287,1,7
139279,139286,139287,1,7
139279,139286,139287,1,7
139279,139286,139287,1,7
139279,139286,139287,1,7
139279,139286,139287,1,7
139279,139286,139287,1,7
139279,139287,139288,1,8
139279,139286,139287,1,7
139279,139287,139288,1,8
138593,138599,139302,703,6
139309,139309,139310,1,0
139309,139309,139310,1,0
139309,139309,139310,1,0
139309,139309,139310,1,0
139309,139309,139310,1,0
139309,139309,139310,1,0
139309,139309,139310,1,0
139309,139309,139310,1,0
139309,139309,139310,1,0
139309,139309,139310,1,0
139309,139309,139310,1,0
139309,139309,139311,2,0
139309,139310,139311,1,1
139309,139309,139310,1,0
139309,139309,139310,1,0
139309,139309,139310,1,0
139309,139309,139310,1,0
139309,139310,139311,1,1
139309,139310,139311,1,1
139309,139310,139311,1,1
139309,139310,139311,1,1
139309,139310,139311,1,1
139309,139311,139312,1,2
139309,139309,139311,2,0
139309,139311,139312,1,2
139309,139311,139312,1,2
139309,139310,139311,1,1
139309,139310,139311,1,1
139309,139310,139311,1,1
139309,139310,139311,1,1
139309,139311,139312,1,2
139309,139311,139312,1,2
139309,139311,139312,1,2
139309,139311,139312,1,2
139309,139311,139312,1,2
139309,139312,139313,1,3
139309,139311,139313,2,2
139309,139312,139313,1,3
139309,139312,139313,1,3
139309,139311,139312,1,2
139309,139312,139313,1,3
139309,139311,139313,2,2
139309,139312,139313,1,3
139309,139311,139312,1,2
139309,139312,139313,1,3
139309,139312,139313,1,3
139309,139312,139313,1,3
139309,139312,139313,1,3
139309,139312,139313,1,3
139309,139312,139313,1,3
139309,139313,139314,1,4
139309,139312,139313,1,3
139309,139313,139314,1,4
139309,139313,139314,1,4
139309,139313,139314,1,4
139309,139313,139314,1,4
139309,139313,139314,1,4
139309,139313,139314,1,4
139309,139313,139314,1,4
139309,139313,139314,1,4
139309,139314,139315,1,5
139309,139314,139315,1,5
139309,139314,139315,1,5
139309,139313,139314,1,4
139309,139314,139315,1,5
139309,139314,139315,1,5
139309,139314,139315,1,5
139309,139314,139315,1,5
139309,139314,139315,1,5
139309,139315,139316,1,6
139309,139315,139316,1,6
139309,139315,139316,1,6
139309,139315,139316,1,6
139309,139315,139316,1,6
138531,138549,139334,785,18
139336,139336,139337,1,0
139336,139336,139337,1,0
139336,139336,139337,1,0
139336,139336,139337,1,0
139336,139336,139337,1,0
139336,139336,139337,1,0
139336,139336,139337,1,0
139336,139336,139337,1,0
139336,139336,139338,2,0
139336,139336,139338,2,0
139336,139336,139337,1,0
139336,139336,139337,1,0
139336,139336,139338,2,0
139336,139336,139338,2,0
139336,139336,139338,2,0
139336,139336,139337,1,0
139336,139337,139338,1,1
139336,139337,139338,1,1
139336,139338,139339,1,2
139336,139338,139339,1,2
139336,139337,139339,2,1
139336,139337,139339,2,1
139336,139337,139339,2,1
139336,139337,139339,2,1
139336,139337,139338,1,1
139336,139337,139338,1,1
139336,139338,139340,2,2
139336,139336,139340,4,0
139336,139338,139340,2,2
139336,139338,139340,2,2
139336,139338,139340,2,2
139336,139338,139340,2,2
139336,139338,139339,1,2
139336,139339,139340,1,3
139336,139338,139339,1,2
139336,139338,139340,2,2
139336,139339,139340,1,3
139336,139339,139340,1,3
139336,139340,139341,1,4
139336,139339,139341,2,3
139336,139339,139341,2,3
139336,139339,139340,1,3
139336,139339,139341,2,3
139336,139339,139340,1,3
139336,139340,139342,2,4
139336,139340,139342,2,4
139336,139340,139342,2,4
139336,139340,139342,2,4
139336,139340,139342,2,4
139336,139342,139343,1,6
139336,139342,139343,1,6
139336,139341,139342,1,5
139336,139342,139343,1,6
139336,139342,139343,1,6
139336,139343,139344,1,7
139336,139343,139344,1,7
139336,139343,139344,1,7
139336,139343,139344,1,7
139336,139344,139345,1,8
139336,139344,139345,1,8
139336,139344,139345,1,8
139336,139344,139345,1,8
138860,138867,139357,490,7
139365,139365,139366,1,0
139365,139365,139366,1,0
139365,139365,139366,1,0
139365,139365,139366,1,0
139365,139365,139366,1,0
139365,139365,139366,1,0
139365,139365,139366,1,0
139365,139365,139366,1,0
139365,139365,139366,1,0
139365,139365,139367,2,0
139365,139365,139366,1,0
139365,139365,139367,2,0
139365,139366,139368,2,1
139365,139365,139368,3,0
139365,139365,139368,3,0
139365,139365,139368,3,0
139365,139365,139368,3,0
139365,139365,139368,3,0
139365,139366,139368,2,1
139365,139366,139368,2,1
139365,139366,139368,2,1
139365,139366,139368,2,1
139365,139366,139368,2,1
139365,139366,139368,2,1
139365,139366,139368,2,1
139365,139368,139369,1,3
139365,139367,139368,1,2
139365,139368,139369,1,3
139365,139368,139369,1,3
139365,139368,139369,1,3
139365,139368,139369,1,3
139365,139368,139369,1,3
139365,139367,139368,1,2
139365,139368,139369,1,3
139365,139368,139369,1,3
139365,139368,139369,1,3
139365,139368,139369,1,3
139365,139366,139368,2,1
139365,139368,139369,1,3
139365,139368,139369,1,3
139365,139368,139369,1,3
139365,139369,139370,1,4
139365,139368,139370,2,3
139365,139369,139370,1,4
139365,139369,139370,1,4
139365,139369,139370,1,4
139365,139369,139370,1,4
139365,139369,139370,1,4
139365,139369,139370,1,4
139365,139369,139370,1,4
139365,139369,139370,1,4
139365,139369,139370,1,4
139365,139369,139370,1,4
139365,139369,139370,1,4
139365,139369,139370,1,4
139365,139369,139370,1,4
139365,139370,139371,1,5
139365,139370,139371,1,5
139365,139369,139370,1,4
139365,139370,139371,1,5
139365,139370,139371,1,5
139365,139370,139371,1,5
139365,139370,139371,1,5
139365,139371,139372,1,6
139365,139371,139372,1,6
139365,139371,139372,1,6
139365,139371,139372,1,6
139365,139371,139372,1,6
139365,139372,139373,1,7
139365,139371,139372,1,6
139365,139372,139373,1,7
139365,139372,139373,1,7
139365,139372,139373,1,7
138926,138933,139443,510,7
139445,139445,139446,1,0
139445,139445,139446,1,0
139445,139445,139446,1,0
139445,139445,139446,1,0
139445,139445,139446,1,0
139445,139445,139446,1,0
139445,139445,139446,1,0
139445,139445,139446,1,0
139445,139445,139447,2,0
139445,139445,139447,2,0
139445,139445,139446,1,0
139445,139445,139446,1,0
139445,139445,139447,2,0
139445,139446,139447,1,1
139445,139445,139447,2,0
139445,139445,139447,2,0
139445,139446,139447,1,1
139445,139446,139447,1,1
139445,139446,139448,2,1
139445,139445,139447,2,0
139445,139446,139448,2,1
139445,139447,139448,1,2
138720,138727,139449,722,7
139445,139447,139449,2,2
139445,139447,139449,2,2
139445,139446,139448,2,1
139445,139447,139449,2,2
139445,139448,139449,1,3
139445,139448,139449,1,3
139445,139448,139449,1,3
139445,139447,139448,1,2
139445,139447,139448,1,2
139445,139448,139449,1,3
139445,139447,139448,1,2
139445,139448,139449,1,3
139445,139449,139450,1,4
139445,139448,139449,1,3
139445,139448,139450,2,3
139445,139449,139450,1,4
139445,139449,139450,1,4
139445,139449,139450,1,4
139445,139450,139451,1,5
139445,139450,139451,1,5
139445,139448,139451,3,3
139445,139448,139451,3,3
139445,139449,139450,1,4
139445,139449,139451,2,4
139445,139449,139450,1,4
139445,139450,139451,1,5
139445,139449,139451,2,4
139445,139449,139450,1,4
139445,139449,139450,1,4
139445,139449,139450,1,4
139445,139450,139451,1,5
139445,139449,139450,1,4
139445,139450,139451,1,5
139445,139449,139450,1,4
139445,139449,139450,1,4
139445,139450,139451,1,5
139445,139451,139452,1,6
139445,139451,139452,1,6
139445,139451,139452,1,6
139445,139451,139452,1,6
139445,139451,139452,1,6
139445,139451,139452,1,6
139445,139451,139452,1,6
139445,139451,139452,1,6
139445,139451,139452,1,6
139445,139451,139452,1,6
139445,139451,139452,1,6
139445,139451,139452,1,6
139445,139451,139452,1,6
139445,139451,139452,1,6
139445,139451,139452,1,6
139445,139452,139453,1,7
139445,139451,139452,1,6
139445,139452,139453,1,7
139445,139451,139453,2,6
139445,139451,139452,1,6
139445,139452,139453,1,7
139445,139452,139453,1,7
139445,139452,139453,1,7
139445,139452,139453,1,7
139445,139452,139453,1,7
139445,139452,139453,1,7
139445,139452,139453,1,7
139445,139452,139453,1,7
139445,139452,139453,1,7
139445,139452,139453,1,7
139445,139453,139454,1,8
139445,139453,139454,1,8
139445,139453,139454,1,8
139445,139453,139454,1,8
139445,139453,139454,1,8
139445,139453,139454,1,8
139445,139453,139454,1,8
139445,139452,139453,1,7
139450,139453,139454,1,3
139450,139453,139454,1,3
139450,139453,139454,1,3
139450,139453,139454,1,3
139450,139453,139454,1,3
139450,139454,139455,1,4
139450,139454,139455,1,4
139445,139453,139455,2,8
139450,139454,139455,1,4
139450,139454,139455,1,4
139450,139454,139455,1,4
139450,139454,139455,1,4
139450,139455,139456,1,5
139450,139454,139456,2,4
139450,139455,139456,1,5
139450,139455,139456,1,5
139450,139456,139457,1,6
139450,139455,139456,1,5
139450,139455,139456,1,5
139450,139455,139456,1,5
139450,139455,139456,1,5
139450,139455,139457,2,5
139450,139455,139456,1,5
139450,139455,139457,2,5
139450,139457,139458,1,7
139450,139457,139458,1,7
139450,139457,139458,1,7
139450,139457,139458,1,7
139450,139457,139458,1,7
139450,139456,139457,1,6
139450,139456,139458,2,6
139450,139457,139458,1,7
139450,139457,139458,1,7
139450,139457,139458,1,7
139450,139457,139458,1,7
139450,139457,139458,1,7
139450,139457,139458,1,7
139450,139458,139459,1,8
139450,139458,139459,1,8
139450,139458,139459,1,8
139450,139457,139458,1,7
139450,139457,139459,2,7
139450,139457,139459,2,7
139450,139457,139459,2,7
139450,139459,139460,1,9
139450,139459,139460,1,9
139450,139459,139460,1,9
139450,139459,139460,1,9
139450,139459,139460,1,9
139450,139460,139461,1,10
139450,139460,139461,1,10
139450,139460,139461,1,10
139450,139460,139461,1,10
139450,139460,139461,1,10
139450,139460,139461,1,10
139450,139460,139461,1,10
139450,139460,139461,1,10
139450,139460,139461,1,10
139450,139461,139462,1,11
139450,139461,139462,1,11
139450,139461,139462,1,11
139450,139461,139462,1,11
139450,139461,139462,1,11
138777,138785,139483,698,8
139492,139492,139493,1,0
139492,139492,139493,1,0
139492,139492,139493,1,0
139492,139492,139493,1,0
139492,139492,139493,1,0
139492,139492,139493,1,0
139492,139492,139493,1,0
139492,139492,139493,1,0
139492,139492,139493,1,0
139492,139493,139494,1,1
139492,139492,139493,1,0
139492,139492,139493,1,0
139492,139493,139494,1,1
139492,139493,139494,1,1
139492,139493,139494,1,1
139492,139492,139493,1,0
139492,139493,139494,1,1
139492,139493,139494,1,1
139492,139493,139494,1,1
139492,139493,139494,1,1
139492,139493,139494,1,1
139492,139493,139494,1,1
139492,139493,139494,1,1
139492,139493,139494,1,1
139492,139493,139494,1,1
139492,139493,139495,2,1
139492,139494,139495,1,2
139492,139494,139495,1,2
139492,139494,139495,1,2
139492,139494,139495,1,2
139492,139494,139495,1,2
139492,139494,139495,1,2
139492,139494,139495,1,2
139492,139494,139495,1,2
139492,139494,139495,1,2
139492,139494,139495,1,2
139492,139494,139495,1,2
139492,139494,139495,1,2
139492,139494,139495,1,2
139492,139494,139495,1,2
139492,139494,139495,1,2
139492,139494,139495,1,2
139492,139495,139496,1,3
139492,139495,139496,1,3
139492,139495,139496,1,3
139492,139495,139496,1,3
139492,139495,139496,1,3
139492,139495,139496,1,3
139492,139495,139496,1,3
139492,139495,139496,1,3
139492,139495,139496,1,3
139492,139495,139496,1,3
139492,139495,139496,1,3
139492,139495,139496,1,3
139492,139495,139496,1,3
139492,139495,139496,1,3
139492,139496,139497,1,4
139492,139495,139496,1,3
139492,139496,139497,1,4
139492,139496,139497,1,4
139492,139496,139497,1,4
139492,139496,139497,1,4
139492,139496,139497,1,4
139492,139496,139497,1,4
139492,139496,139497,1,4
139492,139496,139497,1,4
139492,139496,139497,1,4
139492,139497,139498,1,5
139492,139497,139498,1,5
139492,139497,139498,1,5
139492,139497,139498,1,5
139492,139497,139498,1,5
139492,139498,139499,1,6
139492,139498,139499,1,6
139492,139498,139499,1,6
139492,139498,139499,1,6
139492,139499,139500,1,7
139492,139499,139500,1,7
139492,139499,139500,1,7
138747,138754,139505,751,7
139513,139513,139514,1,0
139513,139513,139514,1,0
139513,139513,139514,1,0
139513,139513,139514,1,0
139513,139513,139514,1,0
139513,139513,139514,1,0
139513,139513,139514,1,0
139513,139514,139515,1,1
139513,139514,139515,1,1
139513,139514,139515,1,1
139513,139514,139515,1,1
139513,139514,139515,1,1
139513,139514,139515,1,1
139513,139513,139514,1,0
139513,139514,139515,1,1
139513,139513,139514,1,0
139513,139514,139515,1,1
139513,139514,139515,1,1
139513,139513,139514,1,0
139513,139514,139515,1,1
139513,139514,139515,1,1
139513,139515,139516,1,2
139513,139514,139515,1,1
139513,139514,139515,1,1
139513,139515,139516,1,2
139513,139515,139516,1,2
139513,139515,139516,1,2
139513,139515,139516,1,2
139513,139515,139516,1,2
139513,139515,139516,1,2
139513,139515,139516,1,2
139513,139515,139516,1,2
139513,139515,139516,1,2
139513,139515,139516,1,2
139513,139515,139516,1,2
139513,139516,139517,1,3
139513,139516,139517,1,3
139513,139516,139517,1,3
139513,139515,139516,1,2
139513,139516,139517,1,3
139513,139516,139517,1,3
139513,139516,139517,1,3
139513,139516,139517,1,3
138812,138820,139516,696,8
139513,139516,139517,1,3
139513,139516,139517,1,3
139513,139516,139517,1,3
139513,139516,139517,1,3
139513,139516,139517,1,3
139513,139516,139517,1,3
139513,139516,139517,1,3
139513,139517,139518,1,4
139513,139517,139518,1,4
139513,139517,139518,1,4
139513,139517,139518,1,4
139513,139517,139518,1,4
139513,139517,139518,1,4
139513,139517,139518,1,4
139513,139517,139518,1,4
139513,139517,139518,1,4
139513,139517,139518,1,4
139513,139516,139517,1,3
139513,139517,139518,1,4
139513,139517,139518,1,4
139513,139517,139518,1,4
139513,139517,139518,1,4
139513,139517,139518,1,4
139513,139517,139518,1,4
139513,139518,139519,1,5
139513,139518,139519,1,5
139513,139518,139519,1,5
139513,139518,139519,1,5
139513,139518,139519,1,5
139513,139518,139519,1,5
139513,139518,139519,1,5
139513,139518,139519,1,5
139513,139518,139519,1,5
139513,139518,139519,1,5
139513,139518,139519,1,5
139513,139518,139519,1,5
139513,139518,139519,1,5
139513,139518,139519,1,5
139513,139518,139519,1,5
139513,139518,139519,1,5
139513,139519,139520,1,6
139513,139519,139520,1,6
139513,139519,139520,1,6
139518,139519,139520,1,1
139518,139519,139520,1,1
139518,139520,139521,1,2
139518,139520,139521,1,2
139513,139519,139520,1,6
139518,139520,139521,1,2
139518,139520,139521,1,2
139518,139520,139522,2,2
139518,139520,139521,1,2
139518,139520,139522,2,2
139518,139520,139522,2,2
139518,139521,139522,1,3
139518,139521,139522,1,3
139518,139521,139522,1,3
139518,139521,139522,1,3
139518,139521,139522,1,3
139518,139521,139522,1,3
139518,139521,139522,1,3
139518,139521,139522,1,3
139518,139521,139522,1,3
139518,139521,139522,1,3
139518,139522,139523,1,4
139518,139521,139523,2,3
139518,139523,139524,1,5
139518,139522,139523,1,4
139518,139523,139524,1,5
139518,139523,139524,1,5
139518,139523,139524,1,5
139518,139522,139523,1,4
139518,139523,139524,1,5
139518,139522,139523,1,4
139518,139523,139524,1,5
139518,139522,139524,2,4
139518,139524,139525,1,6
139518,139524,139525,1,6
139518,139524,139525,1,6
139518,139524,139525,1,6
139518,139524,139525,1,6
139518,139524,139525,1,6
139518,139523,139524,1,5
139518,139524,139525,1,6
139518,139524,139525,1,6
139518,139524,139525,1,6
139518,139523,139525,2,5
139518,139524,139525,1,6
139518,139524,139525,1,6
139518,139525,139526,1,7
139518,139525,139526,1,7
139518,139525,139526,1,7
139518,139525,139526,1,7
139518,139525,139526,1,7
139518,139525,139526,1,7
139518,139525,139526,1,7
139518,139525,139526,1,7
139518,139525,139526,1,7
139518,139525,139526,1,7
139518,139524,139525,1,6
139518,139525,139526,1,7
139518,139525,139526,1,7
139518,139525,139526,1,7
139518,139526,139527,1,8
139518,139526,139527,1,8
139518,139526,139527,1,8
139518,139526,139527,1,8
139518,139526,139527,1,8
139518,139526,139527,1,8
139518,139526,139527,1,8
139518,139526,139527,1,8
139518,139526,139527,1,8
139518,139526,139527,1,8
139518,139526,139527,1,8
139518,139526,139527,1,8
139518,139526,139527,1,8
139518,139527,139528,1,9
139518,139527,139528,1,9
139518,139527,139528,1,9
139518,139527,139528,1,9
139518,139527,139528,1,9
139518,139527,139528,1,9
139518,139527,139528,1,9
139518,139527,139528,1,9
139048,139054,139534,480,6
139536,139536,139537,1,0
139536,139536,139537,1,0
139536,139536,139537,1,0
139536,139536,139537,1,0
139536,139536,139537,1,0
139536,139536,139537,1,0
139536,139536,139537,1,0
139536,139536,139537,1,0
139536,139537,139538,1,1
139536,139537,139538,1,1
139536,139537,139538,1,1
139536,139537,139538,1,1
139536,139538,139539,1,2
139536,139537,139538,1,1
139536,139537,139538,1,1
139536,139537,139538,1,1
139536,139538,139539,1,2
139536,139538,139539,1,2
139536,139538,139539,1,2
139536,139538,139539,1,2
139536,139538,139540,2,2
139536,139538,139539,1,2
139536,139538,139539,1,2
139536,139538,139539,1,2
139536,139539,139540,1,3
139536,139539,139541,2,3
139536,139539,139540,1,3
139536,139539,139541,2,3
139536,139539,139541,2,3
139536,139539,139541,2,3
139536,139539,139541,2,3
139536,139540,139542,2,4
139536,139540,139542,2,4
139536,139540,139541,1,4
139536,139539,139541,2,3
139536,139540,139541,1,4
139536,139540,139542,2,4
139536,139540,139541,1,4
139536,139541,139543,2,5
139536,139541,139542,1,5
139536,139540,139542,2,4
139536,139540,139542,2,4
139536,139541,139542,1,5
139536,139542,139543,1,6
139536,139541,139542,1,5
139536,139541,139543,2,5
139536,139541,139542,1,5
139536,139543,139544,1,7
139536,139542,139544,2,6
139536,139542,139543,1,6
139536,139542,139543,1,6
139536,139542,139544,2,6
139536,139542,139543,1,6
139536,139543,139544,1,7
139536,139543,139544,1,7
139536,139542,139543,1,6
139536,139543,139544,1,7
139536,139542,139543,1,6
139536,139543,139544,1,7
139536,139543,139544,1,7
139536,139543,139544,1,7
139536,139544,139545,1,8
139536,139544,139545,1,8
139536,139544,139545,1,8
139536,139544,139545,1,8
139536,139544,139545,1,8
139536,139544,139545,1,8
139536,139544,139545,1,8
139536,139544,139545,1,8
139536,139544,139545,1,8
139536,139544,139545,1,8
139536,139544,139545,1,8
139536,139545,139546,1,9
139536,139545,139546,1,9
139536,139544,139545,1,8
139536,139545,139546,1,9
139536,139545,139546,1,9
139536,139545,139546,1,9
139536,139544,139545,1,8
139536,139545,139546,1,9
139536,139545,139546,1,9
139536,139545,139546,1,9
139536,139545,139546,1,9
139536,139545,139546,1,9
139536,139545,139546,1,9
139536,139547,139548,1,11
139536,139544,139550,6,8
139077,139083,139564,481,6
139577,139577,139578,1,0
139577,139577,139578,1,0
139577,139577,139578,1,0
139577,139577,139578,1,0
139577,139577,139578,1,0
139577,139577,139578,1,0
139577,139577,139578,1,0
139577,139577,139578,1,0
139577,139577,139578,1,0
139577,139577,139578,1,0
139577,139577,139579,2,0
139577,139577,139579,2,0
139577,139577,139578,1,0
139577,139577,139579,2,0
139577,139577,139579,2,0
139577,139577,139579,2,0
139577,139579,139580,1,2
139577,139578,139580,2,1
139577,139578,139580,2,1
139577,139578,139580,2,1
139577,139578,139579,1,1
139577,139579,139580,1,2
139577,139578,139580,2,1
139577,139578,139579,1,1
139577,139579,139580,1,2
139577,139578,139580,2,1
139577,139579,139580,1,2
139577,139579,139580,1,2
139577,139579,139580,1,2
139577,139579,139580,1,2
139577,139579,139581,2,2
139577,139579,139581,2,2
139577,139580,139581,1,3
139577,139580,139582,2,3
139577,139580,139582,2,3
139577,139580,139582,2,3
139577,139580,139582,2,3
139577,139580,139581,1,3
139577,139580,139582,2,3
139577,139580,139582,2,3
139577,139577,139582,5,0
139577,139582,139583,1,5
139577,139581,139583,2,4
139577,139582,139583,1,5
139577,139582,139583,1,5
139577,139582,139583,1,5
139577,139582,139583,1,5
139577,139581,139583,2,4
139577,139581,139583,2,4
139577,139581,139583,2,4
139577,139581,139583,2,4
139577,139583,139584,1,6
139577,139582,139584,2,5
139577,139581,139583,2,4
139577,139583,139584,1,6
139577,139583,139584,1,6
139577,139583,139584,1,6
139577,139581,139584,3,4
139577,139582,139584,2,5
139577,139583,139584,1,6
139577,139584,139585,1,7
139577,139584,139585,1,7
139577,139583,139585,2,6
139577,139584,139585,1,7
139577,139583,139585,2,6
139577,139584,139585,1,7
139577,139584,139585,1,7
139577,139584,139585,1,7
139577,139583,139585,2,6
139577,139583,139585,2,6
139577,139584,139585,1,7
139577,139585,139586,1,8
139577,139585,139586,1,8
139577,139585,139586,1,8
139577,139586,139587,1,9
139577,139586,139587,1,9
139577,139585,139587,2,8
139577,139587,139588,1,10
139577,139587,139588,1,10
139577,139581,139583,2,4
139577,139589,139590,1,12
139105,139111,139604,493,6
138889,138901,139609,708,12
139609,139609,139610,1,0
139609,139609,139610,1,0
139609,139609,139610,1,0
139609,139609,139610,1,0
139609,139609,139610,1,0
139609,139609,139610,1,0
139609,139609,139610,1,0
139609,139609,139610,1,0
139609,139609,139610,1,0
139609,139609,139610,1,0
139609,139609,139611,2,0
139609,139609,139610,1,0
139609,139609,139610,1,0
139609,139610,139612,2,1
139609,139611,139612,1,2
139609,139610,139611,1,1
139609,139611,139612,1,2
139609,139610,139611,1,1
139609,139610,139611,1,1
139609,139610,139612,2,1
139609,139610,139612,2,1
139609,139610,139612,2,1
139609,139611,139612,1,2
139609,139611,139612,1,2
139609,139610,139612,2,1
139609,139611,139612,1,2
139609,139612,139613,1,3
139609,139612,139613,1,3
139609,139611,139612,1,2
139609,139612,139613,1,3
139609,139612,139613,1,3
139609,139611,139612,1,2
139609,139611,139612,1,2
139609,139613,139614,1,4
139609,139613,139614,1,4
139609,139613,139614,1,4
139609,139612,139613,1,3
139609,139613,139614,1,4
139609,139612,139613,1,3
139609,139613,139614,1,4
139609,139613,139614,1,4
139609,139613,139614,1,4
139609,139613,139614,1,4
139609,139613,139614,1,4
139609,139613,139614,1,4
139609,139613,139614,1,4
139609,139613,139614,1,4
139609,139613,139614,1,4
139609,139613,139614,1,4
139609,139613,139614,1,4
139609,139613,139614,1,4
139609,139614,139615,1,5
139609,139614,139615,1,5
139609,139614,139615,1,5
139609,139614,139615,1,5
139609,139614,139615,1,5
139609,139615,139616,1,6
139609,139615,139616,1,6
139609,139615,139616,1,6
139609,139615,139616,1,6
139609,139615,139616,1,6
139609,139615,139616,1,6
139609,139615,139616,1,6
139609,139615,139616,1,6
139609,139615,139616,1,6
139609,139615,139616,1,6
139609,139615,139616,1,6
139609,139614,139615,1,5
139609,139614,139615,1,5
139609,139615,139616,1,6
139609,139615,139616,1,6
139609,139616,139617,1,7
139609,139616,139617,1,7
139609,139616,139617,1,7
139609,139616,139617,1,7
139609,139616,139617,1,7
139609,139616,139617,1,7
139609,139616,139617,1,7
139609,139616,139617,1,7
139609,139616,139617,1,7
139609,139616,139617,1,7
139609,139616,139617,1,7
139609,139616,139617,1,7
139609,139616,139617,1,7
139609,139616,139617,1,7
139610,139617,139618,1,7
139610,139617,139618,1,7
139610,139617,139618,1,7
139609,139616,139617,1,7
139610,139617,139618,1,7
139610,139617,139618,1,7
139610,139617,139618,1,7
139610,139617,139618,1,7
139610,139617,139618,1,7
139610,139618,139619,1,8
139610,139618,139619,1,8
139610,139617,139619,2,7
139610,139617,139619,2,7
139610,139617,139620,3,7
139610,139618,139620,2,8
139610,139618,139619,1,8
139610,139618,139619,1,8
139610,139618,139620,2,8
139610,139618,139620,2,8
139610,139618,139620,2,8
139610,139618,139619,1,8
139610,139618,139619,1,8
139610,139618,139620,2,8
139610,139619,139620,1,9
139610,139619,139620,1,9
139610,139617,139619,2,7
139610,139619,139620,1,9
139610,139617,139620,3,7
139610,139617,139620,3,7
139610,139619,139620,1,9
139610,139620,139621,1,10
139610,139620,139621,1,10
139610,139620,139621,1,10
139610,139620,139621,1,10
139610,139620,139621,1,10
139610,139620,139621,1,10
139610,139620,139621,1,10
139610,139620,139621,1,10
139610,139620,139622,2,10
139610,139620,139622,2,10
139610,139621,139622,1,11
139610,139621,139622,1,11
139610,139620,139621,1,10
139610,139620,139621,1,10
139610,139621,139622,1,11
139610,139621,139622,1,11
139610,139620,139621,1,10
139610,139620,139621,1,10
139610,139621,139622,1,11
139610,139621,139622,1,11
139610,139622,139623,1,12
139610,139622,139623,1,12
139610,139622,139623,1,12
139610,139622,139623,1,12
139610,139622,139623,1,12
139610,139622,139623,1,12
139610,139622,139623,1,12
139610,139622,139623,1,12
139610,139623,139624,1,13
139610,139623,139624,1,13
139610,139623,139624,1,13
139610,139623,139624,1,13
139610,139623,139624,1,13
139610,139623,139624,1,13
139610,139624,139625,1,14
139610,139624,139625,1,14
139610,139624,139625,1,14
139610,139624,139625,1,14
139610,139624,139625,1,14
139610,139624,139625,1,14
139610,139624,139625,1,14
139610,139625,139626,1,15
139610,139622,139624,2,12
139610,139634,139635,1,24
138971,138978,139678,700,7
139680,139680,139681,1,0
139680,139680,139681,1,0
139680,139680,139681,1,0
139680,139680,139681,1,0
139680,139680,139681,1,0
139680,139680,139681,1,0
139680,139680,139681,1,0
139680,139680,139681,1,0
139680,139680,139681,1,0
139680,139681,139682,1,1
139680,139681,139682,1,1
139680,139681,139682,1,1
139680,139681,139682,1,1
139680,139681,139682,1,1
139680,139681,139682,1,1
139680,139681,139682,1,1
139680,139681,139682,1,1
139680,139681,139682,1,1
139680,139681,139682,1,1
139680,139682,139683,1,2
139680,139681,139682,1,1
139680,139682,139683,1,2
139680,139682,139683,1,2
139680,139682,139683,1,2
139680,139683,139684,1,3
139680,139683,139684,1,3
139680,139683,139684,1,3
139680,139682,139683,1,2
139680,139683,139684,1,3
139680,139683,139684,1,3
139680,139683,139684,1,3
139680,139683,139684,1,3
139680,139682,139683,1,2
139680,139683,139684,1,3
139680,139683,139684,1,3
139680,139684,139685,1,4
139680,139684,139685,1,4
139680,139684,139685,1,4
139680,139684,139685,1,4
139680,139684,139685,1,4
139680,139684,139685,1,4
139680,139684,139685,1,4
139680,139684,139685,1,4
139680,139683,139684,1,3
139680,139683,139685,2,3
139680,139684,139685,1,4
139680,139684,139685,1,4
139680,139684,139685,1,4
139680,139684,139685,1,4
139680,139684,139685,1,4
139680,139685,139686,1,5
139680,139685,139686,1,5
139680,139685,139686,1,5
139680,139685,139686,1,5
139680,139685,139686,1,5
139680,139684,139686,2,4
139680,139685,139686,1,5
139680,139685,139686,1,5
139680,139685,139686,1,5
139680,139685,139686,1,5
139680,139685,139686,1,5
139680,139685,139686,1,5
139680,139685,139686,1,5
139192,139198,139686,488,6
139680,139686,139687,1,6
139680,139686,139687,1,6
139680,139686,139687,1,6
139680,139686,139687,1,6
139680,139686,139687,1,6
139680,139686,139687,1,6
139680,139686,139687,1,6
139680,139686,139687,1,6
139680,139686,139687,1,6
139680,139686,139687,1,6
139680,139686,139687,1,6
139680,139686,139687,1,6
139680,139686,139687,1,6
139680,139686,139687,1,6
139680,139686,139687,1,6
139680,139687,139688,1,7
139680,139687,139688,1,7
139680,139687,139688,1,7
139680,139687,139688,1,7
139680,139687,139688,1,7
139687,139687,139688,1,0
139687,139687,139688,1,0
139687,139687,139688,1,0
139687,139687,139688,1,0
139687,139687,139688,1,0
139687,139687,139688,1,0
139687,139687,139688,1,0
139687,139687,139688,1,0
139687,139687,139688,1,0
139687,139688,139689,1,1
139687,139687,139688,1,0
139687,139688,139689,1,1
139687,139689,139690,1,2
139687,139688,139690,2,1
139687,139688,139690,2,1
139687,139688,139690,2,1
139687,139688,139690,2,1
139687,139688,139690,2,1
139687,139688,139690,2,1
139687,139688,139690,2,1
139687,139689,139690,1,2
139687,139689,139690,1,2
139687,139689,139690,1,2
139687,139688,139690,2,1
139687,139688,139690,2,1
139687,139688,139691,3,1
139687,139688,139691,3,1
139687,139690,139691,1,3
139687,139690,139691,1,3
139687,139690,139691,1,3
139687,139690,139692,2,3
139687,139690,139691,1,3
139687,139690,139691,1,3
139687,139690,139691,1,3
139687,139690,139692,2,3
139687,139691,139692,1,4
139687,139691,139692,1,4
139687,139691,139692,1,4
139687,139691,139692,1,4
139687,139691,139692,1,4
139687,139692,139693,1,5
139687,139692,139693,1,5
139687,139691,139692,1,4
139687,139692,139693,1,5
139687,139692,139693,1,5
139687,139692,139693,1,5
139687,139692,139693,1,5
139687,139692,139693,1,5
139687,139692,139693,1,5
139687,139692,139693,1,5
139687,139693,139694,1,6
139687,139693,139694,1,6
139687,139693,139694,1,6
139687,139693,139694,1,6
139687,139693,139694,1,6
139687,139692,139693,1,5
139687,139693,139694,1,6
139687,139693,139694,1,6
139687,139693,139694,1,6
139687,139693,139694,1,6
139687,139694,139695,1,7
139687,139693,139694,1,6
139687,139694,139695,1,7
139687,139694,139695,1,7
139687,139694,139695,1,7
139687,139694,139695,1,7
139687,139694,139695,1,7
139687,139694,139695,1,7
139687,139694,139695,1,7
139687,139694,139695,1,7
139687,139694,139695,1,7
139687,139694,139695,1,7
139687,139695,139696,1,8
139687,139695,139696,1,8
139687,139695,139696,1,8
139687,139695,139696,1,8
139687,139695,139696,1,8
139687,139695,139696,1,8
139687,139695,139696,1,8
139687,139695,139696,1,8
139687,139695,139696,1,8
139687,139695,139696,1,8
139687,139695,139696,1,8
139687,139695,139696,1,8
139687,139695,139696,1,8
139687,139694,139696,2,7
139687,139696,139697,1,9
139687,139696,139697,1,9
139687,139696,139697,1,9
139687,139696,139697,1,9
139687,139696,139697,1,9
139687,139696,139697,1,9
139019,139026,139735,709,7
139737,139737,139738,1,0
139737,139737,139738,1,0
139737,139737,139738,1,0
139737,139737,139738,1,0
139737,139737,139738,1,0
139737,139737,139739,2,0
139737,139737,139738,1,0
139737,139737,139739,2,0
139737,139737,139739,2,0
139737,139737,139738,1,0
139737,139737,139739,2,0
139737,139737,139739,2,0
139737,139737,139738,1,0
139737,139737,139738,1,0
139737,139737,139738,1,0
139737,139737,139738,1,0
139737,139737,139739,2,0
139737,139738,139739,1,1
139737,139738,139739,1,1
139737,139739,139740,1,2
139737,139738,139740,2,1
139737,139738,139739,1,1
139737,139739,139740,1,2
139737,139739,139741,2,2
139737,139739,139741,2,2
139737,139739,139741,2,2
139737,139739,139741,2,2
139737,139739,139740,1,2
139737,139739,139740,1,2
139737,139739,139741,2,2
139737,139739,139740,1,2
139737,139739,139740,1,2
139737,139740,139742,2,3
139737,139740,139742,2,3
139737,139740,139741,1,3
139737,139740,139742,2,3
139737,139740,139742,2,3
139737,139740,139742,2,3
139737,139740,139742,2,3
139737,139740,139742,2,3
139737,139741,139743,2,4
139737,139741,139743,2,4
139737,139741,139743,2,4
139737,139741,139743,2,4
139737,139742,139743,1,5
139737,139741,139743,2,4
139737,139741,139743,2,4
139737,139742,139743,1,5
139737,139742,139743,1,5
139737,139742,139743,1,5
139737,139742,139743,1,5
139737,139743,139744,1,6
139737,139741,139743,2,4
139737,139743,139744,1,6
139737,139742,139744,2,5
139737,139743,139744,1,6
139737,139741,139744,3,4
139737,139744,139745,1,7
139737,139743,139745,2,6
139737,139743,139745,2,6
139737,139743,139745,2,6
139737,139743,139745,2,6
139737,139743,139744,1,6
139737,139744,139745,1,7
139737,139744,139745,1,7
139737,139744,139745,1,7
139737,139744,139745,1,7
139737,139744,139745,1,7
139737,139744,139745,1,7
139737,139745,139746,1,8
139737,139745,139746,1,8
139737,139745,139746,1,8
139737,139745,139746,1,8
139737,139745,139746,1,8
139737,139745,139746,1,8
139737,139745,139746,1,8
139737,139745,139746,1,8
139737,139745,139746,1,8
139737,139746,139747,1,9
139737,139746,139747,1,9
139737,139746,139748,2,9
139737,139747,139748,1,10
139249,139255,139761,506,6
139768,139768,139769,1,0
139768,139768,139769,1,0
139768,139768,139769,1,0
139768,139768,139769,1,0
139768,139768,139769,1,0
139768,139768,139769,1,0
139768,139768,139769,1,0
139768,139768,139769,1,0
139768,139768,139770,2,0
139768,139768,139769,1,0
139768,139768,139769,1,0
139768,139768,139769,1,0
139768,139768,139769,1,0
139768,139768,139769,1,0
139768,139768,139769,1,0
139768,139768,139770,2,0
139768,139769,139771,2,1
139768,139770,139771,1,2
139768,139769,139770,1,1
139768,139769,139770,1,1
139768,139770,139771,1,2
139768,139769,139771,2,1
139768,139769,139770,1,1
139768,139771,139772,1,3
139768,139770,139772,2,2
139768,139770,139772,2,2
139768,139770,139771,1,2
139768,139770,139771,1,2
139768,139771,139772,1,3
139768,139769,139771,2,1
139768,139770,139771,1,2
139768,139771,139772,1,3
139768,139771,139772,1,3
139768,139771,139772,1,3
139768,139770,139771,1,2
139768,139770,139772,2,2
139768,139771,139772,1,3
139768,139772,139773,1,4
139768,139770,139772,2,2
139768,139772,139773,1,4
139768,139772,139773,1,4
139768,139772,139773,1,4
139768,139772,139773,1,4
139768,139771,139772,1,3
139768,139771,139772,1,3
139768,139772,139773,1,4
139768,139772,139773,1,4
139768,139773,139774,1,5
139768,139773,139774,1,5
139768,139772,139773,1,4
139768,139773,139774,1,5
139768,139772,139773,1,4
139768,139772,139773,1,4
139768,139772,139774,2,4
139768,139772,139773,1,4
139768,139772,139773,1,4
139768,139773,139774,1,5
139768,139773,139774,1,5
139768,139773,139774,1,5
139768,139773,139774,1,5
139768,139773,139774,1,5
139768,139773,139774,1,5
139768,139773,139774,1,5
139768,139774,139775,1,6
139768,139774,139775,1,6
139768,139774,139775,1,6
139768,139774,139775,1,6
139768,139774,139775,1,6
139768,139774,139775,1,6
139768,139774,139775,1,6
139768,139774,139775,1,6
139768,139774,139775,1,6
139768,139774,139775,1,6
139768,139773,139775,2,5
139768,139775,139776,1,7
139768,139775,139776,1,7
139768,139774,139775,1,6
139768,139774,139775,1,6
139768,139774,139775,1,6
139768,139774,139775,1,6
139768,139775,139776,1,7
139768,139775,139776,1,7
139768,139774,139775,1,6
139768,139774,139776,2,6
139768,139775,139776,1,7
139768,139775,139776,1,7
139768,139775,139776,1,7
139768,139776,139777,1,8
139768,139776,139777,1,8
139768,139776,139777,1,8
139768,139776,139777,1,8
139768,139776,139777,1,8
139768,139776,139777,1,8
139768,139776,139777,1,8
139768,139776,139777,1,8
139310,139316,139809,493,6
139811,139811,139812,1,0
139811,139811,139812,1,0
139811,139811,139812,1,0
139811,139811,139812,1,0
139811,139811,139812,1,0
139811,139811,139813,2,0
139811,139811,139812,1,0
139811,139811,139812,1,0
139811,139811,139812,1,0
139811,139811,139812,1,0
139811,139811,139812,1,0
139811,139812,139813,1,1
139811,139811,139812,1,0
139811,139812,139813,1,1
139811,139811,139813,2,0
139811,139811,139813,2,0
139811,139812,139814,2,1
139811,139812,139813,1,1
139811,139813,139814,1,2
139811,139813,139814,1,2
139811,139812,139813,1,1
139811,139813,139814,1,2
139811,139813,139814,1,2
139811,139812,139814,2,1
139811,139812,139813,1,1
139811,139814,139815,1,3
139811,139813,139815,2,2
139811,139813,139814,1,2
139811,139813,139815,2,2
139811,139813,139814,1,2
139811,139814,139815,1,3
139811,139814,139815,1,3
139811,139814,139815,1,3
139811,139814,139815,1,3
139811,139814,139815,1,3
139811,139814,139815,1,3
139811,139813,139814,1,2
139337,139344,139816,472,7
139811,139815,139816,1,4
139811,139815,139816,1,4
139811,139814,139815,1,3
139811,139814,139815,1,3
139811,139815,139816,1,4
139811,139815,139816,1,4
139811,139815,139816,1,4
139811,139814,139815,1,3
139811,139814,139816,2,3
139811,139815,139816,1,4
139811,139815,139816,1,4
139811,139815,139816,1,4
139811,139815,139816,1,4
139811,139815,139816,1,4
139811,139816,139817,1,5
139811,139816,139817,1,5
139811,139815,139816,1,4
139811,139816,139817,1,5
139811,139816,139817,1,5
139811,139816,139817,1,5
139811,139816,139817,1,5
139811,139816,139817,1,5
139811,139816,139817,1,5
139811,139816,139817,1,5
139811,139816,139817,1,5
139811,139816,139817,1,5
139811,139814,139817,3,3
139811,139816,139817,1,5
139811,139817,139818,1,6
139811,139817,139818,1,6
139811,139816,139817,1,5
139811,139816,139817,1,5
139811,139816,139817,1,5
139811,139817,139818,1,6
139811,139817,139818,1,6
139811,139817,139818,1,6
139811,139817,139818,1,6
139811,139817,139818,1,6
139811,139817,139818,1,6
139811,139817,139818,1,6
139811,139817,139818,1,6
139811,139817,139818,1,6
139811,139817,139818,1,6
139811,139818,139819,1,7
139811,139818,139819,1,7
139811,139818,139819,1,7
139811,139817,139818,1,6
139811,139818,139819,1,7
139811,139818,139819,1,7
139811,139818,139819,1,7
139811,139818,139819,1,7
139811,139818,139819,1,7
139811,139818,139819,1,7
139811,139818,139819,1,7
139811,139818,139819,1,7
139811,139818,139819,1,7
139811,139818,139819,1,7
139811,139818,139819,1,7
139817,139819,139820,1,2
139817,139819,139820,1,2
139817,139819,139820,1,2
139817,139819,139820,1,2
139817,139819,139820,1,2
139817,139819,139820,1,2
139817,139819,139820,1,2
139817,139819,139820,1,2
139817,139819,139820,1,2
139817,139819,139820,1,2
139817,139820,139821,1,3
139811,139819,139820,1,8
139817,139819,139820,1,2
139817,139820,139821,1,3
139817,139820,139821,1,3
139817,139820,139821,1,3
139817,139819,139821,2,2
139817,139820,139821,1,3
139817,139820,139821,1,3
139817,139820,139821,1,3
139817,139820,139821,1,3
139817,139820,139822,2,3
139817,139820,139822,2,3
139817,139820,139821,1,3
139817,139821,139822,1,4
139817,139820,139822,2,3
139817,139820,139822,2,3
139817,139821,139822,1,4
139817,139821,139822,1,4
139817,139822,139823,1,5
139817,139821,139823,2,4
139817,139822,139823,1,5
139817,139822,139823,1,5
139817,139820,139822,2,3
139817,139821,139823,2,4
139817,139822,139823,1,5
139817,139822,139823,1,5
139817,139822,139823,1,5
139817,139823,139824,1,6
139817,139823,139824,1,6
139817,139823,139824,1,6
139817,139823,139824,1,6
139817,139822,139824,2,5
139817,139822,139824,2,5
139817,139823,139824,1,6
139817,139824,139825,1,7
139817,139824,139825,1,7
139817,139824,139825,1,7
139817,139824,139825,1,7
139817,139824,139825,1,7
139817,139823,139825,2,6
139817,139824,139825,1,7
139817,139825,139826,1,8
139817,139825,139826,1,8
139817,139824,139826,2,7
139817,139824,139826,2,7
139817,139824,139826,2,7
139817,139825,139826,1,8
139817,139824,139826,2,7
139817,139825,139826,1,8
139817,139826,139827,1,9
139817,139826,139827,1,9
138916,138923,139827,904,7
139817,139826,139827,1,9
139817,139826,139827,1,9
139817,139826,139827,1,9
139817,139827,139828,1,10
139817,139827,139828,1,10
139841,139841,139842,1,0
139841,139841,139842,1,0
139841,139841,139842,1,0
139841,139841,139842,1,0
139841,139841,139842,1,0
139841,139841,139842,1,0
139841,139841,139842,1,0
139841,139841,139842,1,0
139841,139841,139842,1,0
139841,139841,139843,2,0
139841,139841,139842,1,0
139841,139841,139843,2,0
139841,139841,139843,2,0
139841,139842,139843,1,1
139841,139841,139842,1,0
139841,139842,139844,2,1
139841,139842,139844,2,1
139841,139841,139843,2,0
139841,139842,139844,2,1
139841,139841,139843,2,0
139841,139842,139843,1,1
139841,139842,139844,2,1
139841,139843,139844,1,2
139841,139843,139844,1,2
139841,139843,139844,1,2
139841,139841,139845,4,0
139841,139843,139845,2,2
139841,139842,139844,2,1
139841,139842,139844,2,1
139841,139842,139845,3,1
139841,139844,139845,1,3
139841,139844,139845,1,3
139841,139844,139845,1,3
139841,139843,139845,2,2
139841,139843,139844,1,2
139841,139844,139845,1,3
139841,139844,139845,1,3
139841,139845,139846,1,4
139841,139844,139845,1,3
139841,139844,139845,1,3
139841,139844,139845,1,3
139841,139845,139846,1,4
139841,139845,139846,1,4
139841,139845,139846,1,4
139841,139844,139846,2,3
139841,139845,139846,1,4
139841,139845,139846,1,4
139841,139845,139846,1,4
139841,139845,139847,2,4
139841,139845,139846,1,4
139841,139845,139846,1,4
139841,139845,139847,2,4
139841,139846,139847,1,5
139841,139846,139847,1,5
139841,139846,139847,1,5
139841,139846,139847,1,5
139841,139846,139847,1,5
139841,139846,139847,1,5
139841,139845,139847,2,4
139841,139846,139847,1,5
139841,139846,139847,1,5
139841,139847,139848,1,6
139841,139847,139848,1,6
139841,139847,139848,1,6
139841,139847,139848,1,6
139841,139847,139848,1,6
139841,139847,139848,1,6
139841,139848,139849,1,7
139841,139847,139848,1,6
139841,139848,139849,1,7
139841,139848,139849,1,7
139841,139848,139849,1,7
139841,139848,139849,1,7
139841,139848,139849,1,7
139841,139849,139850,1,8
139841,139849,139850,1,8
139841,139850,139851,1,9
139841,139850,139851,1,9
139841,139845,139858,13,4
139153,139162,139870,708,9
139884,139884,139885,1,0
139884,139884,139885,1,0
139884,139884,139885,1,0
139884,139884,139885,1,0
139884,139884,139885,1,0
139884,139884,139885,1,0
139884,139884,139885,1,0
139884,139884,139885,1,0
139884,139884,139885,1,0
139884,139884,139886,2,0
139884,139885,139886,1,1
139884,139884,139886,2,0
139884,139885,139886,1,1
139884,139885,139886,1,1
139884,139885,139886,1,1
139884,139884,139886,2,0
139884,139885,139886,1,1
139884,139885,139886,1,1
139884,139886,139887,1,2
139884,139885,139886,1,1
139884,139885,139886,1,1
139884,139885,139886,1,1
139884,139886,139887,1,2
139884,139886,139887,1,2
139884,139886,139887,1,2
139884,139887,139888,1,3
139884,139887,139888,1,3
139884,139887,139888,1,3
139884,139887,139888,1,3
139884,139886,139887,1,2
139884,139887,139888,1,3
139884,139887,139888,1,3
139884,139887,139888,1,3
139884,139887,139888,1,3
139884,139887,139888,1,3
139884,139887,139889,2,3
139884,139887,139888,1,3
139884,139887,139888,1,3
139884,139888,139889,1,4
139884,139888,139889,1,4
139884,139888,139889,1,4
139884,139888,139889,1,4
139884,139888,139889,1,4
139884,139887,139888,1,3
139884,139888,139889,1,4
139884,139889,139890,1,5
139884,139888,139889,1,4
139884,139888,139889,1,4
139884,139889,139890,1,5
139884,139889,139890,1,5
139884,139889,139890,1,5
139884,139889,139890,1,5
139884,139889,139890,1,5
139884,139889,139890,1,5
139884,139889,139890,1,5
139884,139889,139890,1,5
139884,139889,139890,1,5
139884,139889,139890,1,5
139884,139889,139890,1,5
139884,139889,139890,1,5
139884,139890,139891,1,6
139884,139890,139891,1,6
139884,139890,139891,1,6
139884,139890,139891,1,6
139884,139890,139891,1,6
139884,139890,139891,1,6
139884,139890,139891,1,6
139884,139890,139891,1,6
139884,139890,139891,1,6
139884,139890,139891,1,6
139884,139890,139891,1,6
139884,139890,139891,1,6
139884,139890,139891,1,6
139884,139890,139891,1,6
139884,139890,139891,1,6
139884,139891,139892,1,7
139884,139891,139892,1,7
139884,139891,139892,1,7
139884,139891,139892,1,7
139884,139891,139892,1,7
139884,139891,139892,1,7
139884,139891,139892,1,7
139884,139891,139892,1,7
139884,139891,139892,1,7
139884,139891,139892,1,7
139884,139891,139892,1,7
139884,139891,139892,1,7
139884,139891,139892,1,7
139884,139891,139892,1,7
139147,139154,139901,747,7
139910,139910,139911,1,0
139910,139910,139911,1,0
139910,139910,139911,1,0
139910,139910,139911,1,0
139910,139910,139911,1,0
139910,139910,139911,1,0
139910,139910,139911,1,0
139910,139910,139911,1,0
139910,139911,139912,1,1
139910,139910,139912,2,0
139910,139910,139912,2,0
139910,139911,139912,1,1
139910,139910,139912,2,0
139910,139910,139912,2,0
139910,139912,139913,1,2
139910,139910,139913,3,0
139910,139911,139913,2,1
139910,139911,139913,2,1
139910,139911,139913,2,1
139910,139911,139913,2,1
139910,139912,139913,1,2
139910,139912,139913,1,2
139910,139912,139913,1,2
139910,139913,139914,1,3
139910,139913,139914,1,3
139910,139913,139914,1,3
139910,139912,139914,2,2
139910,139912,139914,2,2
139910,139913,139914,1,3
139910,139913,139914,1,3
139910,139914,139915,1,4
139910,139913,139914,1,3
139910,139914,139915,1,4
139910,139914,139915,1,4
139910,139913,139914,1,3
139910,139914,139915,1,4
139910,139914,139915,1,4
139910,139914,139915,1,4
139910,139915,139916,1,5
139910,139915,139916,1,5
139910,139915,139916,1,5
139910,139915,139916,1,5
139910,139916,139917,1,6
139910,139916,139917,1,6
139910,139916,139917,1,6
139910,139917,139918,1,7
139910,139916,139917,1,6
139910,139917,139918,1,7
139910,139917,139918,1,7
139910,139917,139918,1,7
139910,139918,139919,1,8
139910,139917,139918,1,7
139910,139918,139919,1,8
139910,139918,139919,1,8
139910,139918,139919,1,8
139910,139918,139919,1,8
139910,139918,139919,1,8
139910,139918,139919,1,8
139910,139918,139919,1,8
139451,139461,139963,502,10
139963,139963,139964,1,0
139963,139963,139964,1,0
139963,139963,139964,1,0
139963,139963,139964,1,0
139963,139963,139964,1,0
139963,139963,139964,1,0
139963,139963,139965,2,0
139963,139963,139964,1,0
139963,139963,139965,2,0
139963,139963,139965,2,0
139963,139963,139965,2,0
139963,139963,139965,2,0
139963,139963,139965,2,0
139963,139963,139964,1,0
139963,139964,139965,1,1
139963,139964,139965,1,1
139963,139964,139966,2,1
139963,139963,139966,3,0
139963,139965,139966,1,2
139963,139964,139966,2,1
139963,139964,139965,1,1
139963,139965,139966,1,2
139963,139964,139966,2,1
139963,139965,139966,1,2
139963,139965,139966,1,2
139963,139965,139966,1,2
139963,139965,139966,1,2
139963,139965,139967,2,2
139963,139965,139967,2,2
139963,139965,139967,2,2
139963,139966,139967,1,3
139963,139966,139967,1,3
139963,139967,139968,1,4
139963,139965,139968,3,2
139963,139966,139968,2,3
139963,139966,139968,2,3
139963,139966,139968,2,3
139963,139967,139968,1,4
139963,139967,139968,1,4
139963,139968,139969,1,5
139963,139968,139969,1,5
139963,139968,139969,1,5
139963,139968,139969,1,5
139963,139968,139969,1,5
139963,139968,139969,1,5
139963,139969,139970,1,6
139963,139969,139970,1,6
139963,139969,139970,1,6
139963,139968,139970,2,5
139963,139969,139970,1,6
139963,139969,139970,1,6
139963,139969,139970,1,6
139963,139969,139970,1,6
139963,139970,139971,1,7
139963,139970,139971,1,7
139963,139970,139971,1,7
139963,139971,139972,1,8
139963,139970,139971,1,7
139963,139971,139972,1,8
139963,139971,139972,1,8
139963,139971,139972,1,8
139963,139971,139972,1,8
139963,139971,139973,2,8
139281,139287,139980,693,6
139992,139992,139993,1,0
139992,139992,139993,1,0
139992,139992,139993,1,0
139992,139992,139993,1,0
139992,139992,139993,1,0
139992,139992,139993,1,0
139992,139993,139994,1,1
139992,139993,139994,1,1
139992,139992,139994,2,0
139992,139992,139993,1,0
139992,139993,139994,1,1
139992,139992,139994,2,0
139992,139993,139994,1,1
139992,139992,139994,2,0
139992,139993,139994,1,1
139992,139993,139994,1,1
139992,139993,139994,1,1
139992,139993,139994,1,1
139992,139993,139994,1,1
139992,139994,139995,1,2
139992,139994,139995,1,2
139992,139994,139995,1,2
139992,139994,139995,1,2
139992,139994,139995,1,2
139992,139994,139995,1,2
139992,139994,139995,1,2
139992,139995,139996,1,3
139992,139994,139996,2,2
139992,139995,139996,1,3
139992,139995,139996,1,3
139992,139995,139996,1,3
139992,139994,139995,1,2
139992,139995,139996,1,3
139992,139995,139996,1,3
139992,139995,139996,1,3
139992,139995,139996,1,3
139992,139995,139996,1,3
139992,139995,139996,1,3
139992,139995,139996,1,3
139992,139995,139997,2,3
139992,139996,139997,1,4
139992,139996,139997,1,4
139992,139995,139996,1,3
139992,139996,139997,1,4
139992,139995,139996,1,3
139992,139995,139996,1,3
139992,139996,139997,1,4
139992,139996,139997,1,4
139992,139996,139997,1,4
139992,139996,139997,1,4
139992,139996,139997,1,4
139992,139996,139997,1,4
139992,139997,139998,1,5
139992,139997,139998,1,5
139992,139997,139998,1,5
139992,139997,139998,1,5
139992,139997,139998,1,5
139992,139997,139998,1,5
139992,139997,139998,1,5
139992,139997,139998,1,5
139992,139997,139998,1,5
139992,139997,139998,1,5
139992,139997,139998,1,5
139992,139997,139998,1,5
139992,139997,139998,1,5
139992,139997,139998,1,5
139992,139997,139998,1,5
139992,139998,139999,1,6
139992,139998,139999,1,6
139992,139998,139999,1,6
139992,139998,139999,1,6
139992,139998,139999,1,6
139992,139997,139998,1,5
139992,139998,139999,1,6
139992,139998,139999,1,6
139992,139998,139999,1,6
139992,139997,139998,1,5
139992,139998,139999,1,6
139992,139998,139999,1,6
139992,139998,139999,1,6
139992,139998,139999,1,6
139992,139998,139999,1,6
139992,139998,139999,1,6
139992,139998,139999,1,6
139992,139999,140000,1,7
139992,139999,140000,1,7
139992,139999,140000,1,7
139992,139999,140000,1,7
139992,139999,140000,1,7
139514,139519,140004,485,5
140020,140020,140021,1,0
140020,140020,140021,1,0
140020,140020,140021,1,0
140020,140020,140021,1,0
140020,140020,140021,1,0
140020,140020,140021,1,0
140020,140020,140021,1,0
140020,140020,140021,1,0
140020,140021,140022,1,1
140020,140020,140022,2,0
140020,140020,140022,2,0
140020,140020,140022,2,0
140020,140020,140022,2,0
140020,140021,140022,1,1
140020,140021,140022,1,1
140020,140022,140023,1,2
140020,140021,140023,2,1
140020,140022,140023,1,2
140020,140023,140024,1,3
140020,140022,140023,1,2
140020,140023,140024,1,3
140020,140022,140023,1,2
140020,140022,140023,1,2
140020,140023,140024,1,3
140020,140023,140024,1,3
140020,140023,140024,1,3
140020,140023,140024,1,3
140020,140023,140024,1,3
140020,140024,140025,1,4
140020,140024,140025,1,4
140020,140024,140025,1,4
140020,140024,140025,1,4
140020,140024,140025,1,4
140020,140024,140025,1,4
140020,140024,140025,1,4
140020,140024,140025,1,4
140020,140024,140025,1,4
140020,140025,140026,1,5
140020,140025,140026,1,5
140020,140025,140026,1,5
140020,140025,140026,1,5
140020,140025,140026,1,5
140020,140025,140026,1,5
140020,140025,140026,1,5
140020,140025,140026,1,5
140020,140025,140026,1,5
140020,140025,140026,1,5
140020,140025,140026,1,5
140020,140025,140026,1,5
140020,140026,140027,1,6
140020,140026,140027,1,6
140020,140026,140027,1,6
140020,140027,140028,1,7
140020,140027,140028,1,7
140020,140027,140028,1,7
140020,140027,140028,1,7
140020,140027,140028,1,7
140020,140027,140028,1,7
140020,140027,140028,1,7
140020,140027,140028,1,7
140020,140027,140028,1,7
140020,140028,140029,1,8
140020,140028,140029,1,8
140020,140028,140029,1,8
139612,139625,140101,476,13
140102,140102,140103,1,0
140102,140102,140103,1,0
140102,140102,140103,1,0
140102,140103,140104,1,1
140102,140103,140104,1,1
140102,140103,140104,1,1
140102,140103,140104,1,1
140102,140103,140104,1,1
140102,140103,140104,1,1
140102,140104,140105,1,2
140102,140104,140105,1,2
140102,140104,140105,1,2
140102,140104,140105,1,2
140102,140104,140105,1,2
140102,140104,140105,1,2
140102,140104,140105,1,2
140102,140105,140106,1,3
140102,140105,140106,1,3
140102,140105,140106,1,3
140102,140105,140106,1,3
140102,140105,140106,1,3
140102,140106,140107,1,4
140102,140106,140107,1,4
140102,140106,140107,1,4
140102,140106,140107,1,4
140102,140106,140107,1,4
140102,140106,140107,1,4
140102,140106,140107,1,4
140102,140106,140107,1,4
140102,140106,140107,1,4
140102,140106,140107,1,4
140102,140107,140108,1,5
140102,140107,140108,1,5
140102,140106,140107,1,4
140102,140106,140107,1,4
140102,140107,140108,1,5
140102,140107,140108,1,5
140102,140107,140108,1,5
140102,140107,140108,1,5
140102,140107,140108,1,5
140102,140107,140108,1,5
140102,140107,140108,1,5
140102,140108,140109,1,6
140102,140108,140109,1,6
140102,140108,140109,1,6
140102,140108,140109,1,6
140102,140108,140109,1,6
140102,140108,140109,1,6
140102,140108,140109,1,6
140102,140108,140109,1,6
140102,140108,140109,1,6
140102,140108,140109,1,6
139366,139373,140151,778,7
140153,140153,140154,1,0
140153,140153,140154,1,0
140153,140153,140154,1,0
140153,140153,140154,1,0
140153,140153,140154,1,0
140153,140153,140154,1,0
140153,140153,140154,1,0
140153,140153,140154,1,0
140153,140154,140155,1,1
140153,140154,140155,1,1
140153,140153,140154,1,0
140153,140154,140155,1,1
140153,140154,140155,1,1
140153,140154,140155,1,1
140153,140154,140155,1,1
140153,140154,140155,1,1
140153,140154,140156,2,1
140153,140154,140155,1,1
140153,140154,140155,1,1
140153,140154,140155,1,1
140153,140155,140156,1,2
140153,140155,140156,1,2
140153,140154,140155,1,1
140153,140154,140155,1,1
140153,140154,140155,1,1
140153,140155,140156,1,2
140153,140155,140157,2,2
140153,140155,140156,1,2
140153,140156,140157,1,3
140153,140156,140157,1,3
140153,140155,140156,1,2
140153,140156,140157,1,3
140153,140156,140157,1,3
140153,140156,140157,1,3
140153,140155,140156,1,2
140153,140156,140157,1,3
140153,140156,140157,1,3
140153,140155,140156,1,2
140153,140156,140157,1,3
140153,140156,140157,1,3
140153,140156,140157,1,3
140153,140156,140157,1,3
140153,140157,140158,1,4
140153,140157,140158,1,4
140153,140157,140158,1,4
140153,140157,140158,1,4
140153,140157,140158,1,4
140153,140157,140158,1,4
140153,140157,140158,1,4
140153,140156,140157,1,3
140153,140157,140158,1,4
140153,140157,140158,1,4
140153,140157,140158,1,4
140153,140157,140158,1,4
140153,140157,140158,1,4
140153,140157,140158,1,4
140153,140158,140159,1,5
140153,140158,140159,1,5
140153,140158,140159,1,5
140153,140158,140159,1,5
140153,140158,140159,1,5
140153,140158,140159,1,5
140153,140158,140159,1,5
140153,140158,140159,1,5
140153,140158,140159,1,5
140153,140158,140159,1,5
140153,140158,140159,1,5
140153,140158,140159,1,5
140153,140159,140160,1,6
140153,140158,140159,1,5
140153,140159,140160,1,6
140153,140159,140160,1,6
139681,139687,140160,473,6
140153,140159,140160,1,6
140153,140159,140160,1,6
140153,140158,140159,1,5
140153,140159,140160,1,6
140153,140160,140161,1,7
140153,140160,140161,1,7
140153,140158,140160,2,5
140153,140160,140161,1,7
140161,140161,140162,1,0
140161,140161,140162,1,0
140161,140161,140162,1,0
140161,140161,140162,1,0
140161,140161,140162,1,0
140153,140160,140161,1,7
140153,140160,140161,1,7
140161,140161,140162,1,0
140161,140161,140162,1,0
140161,140162,140163,1,1
140161,140162,140163,1,1
140161,140162,140163,1,1
140161,140162,140163,1,1
140161,140162,140163,1,1
140161,140162,140163,1,1
140161,140162,140163,1,1
140161,140161,140162,1,0
140161,140162,140163,1,1
140161,140162,140163,1,1
140161,140163,140164,1,2
140161,140163,140164,1,2
140161,140163,140164,1,2
140161,140163,140164,1,2
140161,140163,140164,1,2
140161,140163,140164,1,2
140161,140163,140164,1,2
140161,140163,140164,1,2
140161,140162,140163,1,1
140161,140163,140164,1,2
140161,140162,140163,1,1
140161,140163,140164,1,2
140161,140163,140164,1,2
140161,140164,140165,1,3
140161,140164,140165,1,3
140161,140164,140165,1,3
140161,140164,140165,1,3
140161,140164,140165,1,3
140161,140164,140165,1,3
140161,140164,140165,1,3
140161,140164,140165,1,3
140161,140164,140165,1,3
140161,140164,140165,1,3
140161,140164,140165,1,3
140161,140164,140165,1,3
140161,140164,140165,1,3
140161,140165,140166,1,4
140161,140165,140166,1,4
140161,140165,140166,1,4
140161,140165,140166,1,4
140161,140165,140166,1,4
140161,140165,140166,1,4
140161,140165,140166,1,4
140161,140165,140166,1,4
140161,140164,140165,1,3
140161,140166,140167,1,5
140161,140166,140167,1,5
140161,140166,140167,1,5
140161,140166,140167,1,5
140161,140166,140167,1,5
140161,140166,140167,1,5
140161,140166,140167,1,5
140161,140166,140167,1,5
140161,140166,140167,1,5
140161,140166,140167,1,5
140161,140166,140167,1,5
140161,140166,140167,1,5
140161,140167,140168,1,6
140161,140167,140168,1,6
140161,140166,140168,2,5
140161,140167,140168,1,6
140161,140167,140168,1,6
140161,140167,140168,1,6
140161,140167,140168,1,6
140161,140167,140168,1,6
140161,140167,140168,1,6
139446,139453,140185,732,7
140195,140196,140197,1,1
140195,140196,140197,1,1
140195,140196,140197,1,1
140195,140196,140197,1,1
140195,140197,140198,1,2
140195,140196,140197,1,1
140195,140196,140197,1,1
140195,140196,140197,1,1
140195,140196,140197,1,1
140195,140198,140199,1,3
140195,140197,140198,1,2
140195,140198,140199,1,3
140195,140196,140198,2,1
140195,140196,140198,2,1
140195,140198,140199,1,3
140195,140198,140199,1,3
140195,140197,140198,1,2
140195,140198,140200,2,3
140195,140198,140199,1,3
140195,140199,140200,1,4
140195,140198,140199,1,3
140195,140198,140199,1,3
140195,140198,140200,2,3
140195,140200,140201,1,5
140195,140199,140200,1,4
140195,140199,140200,1,4
140195,140199,140200,1,4
140195,140199,140200,1,4
140195,140199,140200,1,4
140195,140200,140201,1,5
140195,140200,140201,1,5
140195,140200,140201,1,5
140195,140200,140201,1,5
140195,140200,140201,1,5
140195,140200,140201,1,5
140195,140200,140201,1,5
140195,140200,140201,1,5
140195,140201,140202,1,6
140195,140201,140202,1,6
140195,140201,140202,1,6
140195,140201,140202,1,6
140195,140201,140202,1,6
140195,140201,140202,1,6
140195,140201,140203,2,6
140195,140201,140202,1,6
140195,140202,140203,1,7
140195,140201,140202,1,6
140195,140201,140202,1,6
140195,140202,140203,1,7
140195,140202,140203,1,7
140195,140201,140202,1,6
140195,140202,140203,1,7
140195,140202,140203,1,7
140195,140202,140203,1,7
140195,140202,140203,1,7
140195,140201,140202,1,6
140195,140202,140203,1,7
140195,140202,140203,1,7
140195,140202,140203,1,7
140195,140202,140204,2,7
140195,140203,140204,1,8
140195,140203,140204,1,8
140195,140203,140204,1,8
140195,140203,140204,1,8
140195,140203,140204,1,8
140195,140203,140204,1,8
140195,140203,140204,1,8
140195,140203,140204,1,8
140195,140203,140204,1,8
140195,140203,140204,1,8
140195,140203,140204,1,8
140195,140203,140204,1,8
140195,140203,140204,1,8
140195,140204,140205,1,9
140195,140204,140205,1,9
140195,140203,140206,3,8
140195,140204,140206,2,9
139493,139499,140233,734,6
140233,140234,140235,1,1
140233,140234,140235,1,1
140233,140234,140235,1,1
140233,140234,140235,1,1
140233,140234,140235,1,1
140233,140234,140235,1,1
140233,140234,140235,1,1
140233,140234,140235,1,1
140233,140234,140236,2,1
140233,140235,140236,1,2
140233,140235,140236,1,2
140233,140234,140236,2,1
140233,140235,140236,1,2
140233,140235,140236,1,2
140233,140235,140236,1,2
140233,140236,140237,1,3
140233,140234,140236,2,1
140233,140235,140236,1,2
140233,140236,140237,1,3
140233,140236,140237,1,3
140233,140236,140237,1,3
140233,140236,140237,1,3
140233,140237,140238,1,4
140233,140237,140238,1,4
140233,140237,140238,1,4
140233,140236,140238,2,3
140233,140236,140238,2,3
140233,140236,140238,2,3
140233,140238,140239,1,5
140233,140238,140239,1,5
140233,140238,140239,1,5
140233,140238,140239,1,5
140233,140238,140239,1,5
140233,140237,140238,1,4
140233,140239,140240,1,6
140233,140239,140240,1,6
140233,140238,140239,1,5
140233,140239,140240,1,6
140233,140238,140239,1,5
140233,140238,140239,1,5
140233,140238,140239,1,5
140233,140239,140240,1,6
140233,140239,140240,1,6
140233,140238,140239,1,5
140233,140238,140239,1,5
140233,140239,140240,1,6
140233,140237,140240,3,4
140233,140239,140240,1,6
140233,140239,140240,1,6
140233,140239,140240,1,6
140233,140240,140241,1,7
140233,140240,140241,1,7
140233,140240,140241,1,7
140233,140240,140241,1,7
140233,140240,140241,1,7
140233,140240,140241,1,7
140233,140240,140241,1,7
140233,140240,140241,1,7
140233,140240,140241,1,7
140233,140240,140241,1,7
140233,140240,140241,1,7
140233,140241,140242,1,8
140233,140241,140242,1,8
140233,140241,140242,1,8
140233,140241,140242,1,8
140233,140241,140242,1,8
140233,140241,140242,1,8
140233,140241,140242,1,8
140233,140241,140242,1,8
140233,140241,140242,1,8
140233,140241,140242,1,8
140233,140241,140242,1,8
140233,140241,140242,1,8
140233,140242,140243,1,9
140233,140241,140242,1,8
140233,140242,140243,1,9
140233,140242,140243,1,9
140233,140241,140242,1,8
140233,140242,140243,1,9
140233,140242,140243,1,9
140233,140241,140245,4,8
139537,139545,140253,708,8
139520,139527,140257,730,7
140265,140265,140266,1,0
140265,140265,140266,1,0
140265,140266,140267,1,1
140265,140265,140266,1,0
140265,140265,140266,1,0
140265,140266,140267,1,1
140265,140265,140266,1,0
140265,140265,140266,1,0
140265,140265,140266,1,0
140265,140265,140267,2,0
140265,140266,140267,1,1
140265,140265,140267,2,0
140265,140266,140267,1,1
140265,140267,140268,1,2
140265,140266,140267,1,1
140265,140266,140267,1,1
140265,140267,140268,1,2
140265,140267,140268,1,2
140265,140266,140267,1,1
140265,140266,140267,1,1
140265,140266,140267,1,1
140265,140267,140268,1,2
140265,140267,140268,1,2
140265,140268,140269,1,3
140265,140265,140268,3,0
140265,140268,140269,1,3
140265,140268,140269,1,3
140265,140267,140268,1,2
140265,140268,140269,1,3
140265,140268,140269,1,3
140265,140268,140269,1,3
140265,140267,140268,1,2
140265,140268,140269,1,3
140265,140267,140268,1,2
140265,140268,140269,1,3
140265,140268,140269,1,3
140265,140268,140269,1,3
140265,140269,140270,1,4
140265,140268,140269,1,3
140265,140269,140270,1,4
140265,140268,140269,1,3
140265,140269,140270,1,4
140265,140269,140270,1,4
140265,140269,140270,1,4
140265,140269,140270,1,4
140265,140268,140269,1,3
140265,140269,140270,1,4
140265,140269,140270,1,4
140265,140269,140270,1,4
140265,140269,140270,1,4
140265,140270,140271,1,5
140265,140269,140270,1,4
140265,140270,140271,1,5
140265,140270,140271,1,5
140265,140270,140271,1,5
140265,140270,140271,1,5
140265,140270,140271,1,5
140265,140270,140271,1,5
140265,140269,140270,1,4
140265,140270,140271,1,5
140265,140270,140271,1,5
140265,140270,140271,1,5
140265,140270,140271,1,5
140265,140270,140271,1,5
140265,140270,140271,1,5
140265,140270,140271,1,5
140265,140271,140272,1,6
140265,140271,140272,1,6
140265,140271,140272,1,6
140265,140270,140271,1,5
140265,140271,140272,1,6
140265,140271,140272,1,6
140265,140271,140272,1,6
140265,140271,140272,1,6
140265,140271,140272,1,6
140265,140271,140272,1,6
140265,140271,140272,1,6
140265,140271,140272,1,6
140265,140271,140272,1,6
140265,140271,140272,1,6
140265,140272,140273,1,7
140265,140272,140273,1,7
140265,140272,140273,1,7
140265,140271,140273,2,6
140265,140272,140273,1,7
140265,140272,140273,1,7
140265,140272,140273,1,7
140265,140272,140273,1,7
140265,140272,140273,1,7
140267,140272,140273,1,5
140267,140272,140273,1,5
140267,140272,140273,1,5
140267,140272,140273,1,5
140267,140272,140273,1,5
140267,140272,140273,1,5
140267,140273,140274,1,6
140267,140273,140274,1,6
140267,140273,140274,1,6
140265,140270,140274,4,5
140267,140273,140275,2,6
140267,140274,140275,1,7
140267,140273,140275,2,6
140267,140273,140274,1,6
140267,140273,140275,2,6
140267,140274,140275,1,7
140267,140274,140275,1,7
140267,140274,140275,1,7
140267,140274,140275,1,7
140267,140274,140275,1,7
140267,140274,140275,1,7
140267,140274,140275,1,7
140267,140274,140275,1,7
140267,140274,140275,1,7
140267,140275,140276,1,8
140267,140274,140276,2,7
140267,140275,140276,1,8
140267,140275,140276,1,8
140267,140273,140275,2,6
140267,140276,140277,1,9
140267,140276,140277,1,9
140267,140276,140277,1,9
140267,140276,140277,1,9
140267,140276,140277,1,9
140267,140276,140277,1,9
140267,140275,140276,1,8
140267,140276,140277,1,9
140267,140276,140277,1,9
140267,140276,140277,1,9
140267,140276,140277,1,9
140267,140276,140277,1,9
140267,140277,140278,1,10
140267,140277,140278,1,10
140267,140276,140277,1,9
140267,140277,140278,1,10
140267,140277,140278,1,10
140267,140277,140278,1,10
140267,140277,140278,1,10
140267,140277,140278,1,10
140267,140278,140279,1,11
140267,140278,140279,1,11
140267,140278,140279,1,11
140267,140278,140279,1,11
140267,140278,140279,1,11
140267,140278,140279,1,11
140267,140278,140279,1,11
140267,140273,140279,6,6
140267,140277,140278,1,10
140267,140278,140279,1,11
140267,140278,140279,1,11
140267,140277,140278,1,10
140267,140279,140280,1,12
140267,140279,140280,1,12
140267,140279,140280,1,12
140267,140279,140280,1,12
140267,140279,140280,1,12
140267,140279,140280,1,12
140267,140279,140280,1,12
140267,140279,140281,2,12
140267,140280,140281,1,13
140267,140280,140281,1,13
140267,140280,140281,1,13
140267,140279,140281,2,12
140267,140280,140281,1,13
140267,140280,140281,1,13
140267,140280,140281,1,13
140267,140280,140281,1,13
140267,140280,140281,1,13
140267,140279,140283,4,12
140267,140279,140282,3,12
139818,139827,140310,483,9
140316,140316,140317,1,0
140316,140316,140317,1,0
140316,140316,140317,1,0
140316,140316,140317,1,0
140316,140316,140317,1,0
140316,140316,140317,1,0
140316,140316,140317,1,0
140316,140316,140318,2,0
140316,140316,140317,1,0
140316,140316,140318,2,0
140316,140316,140318,2,0
140316,140317,140318,1,1
140316,140317,140318,1,1
140316,140317,140318,1,1
140316,140316,140318,2,0
140316,140317,140318,1,1
140316,140317,140318,1,1
140316,140317,140318,1,1
140316,140316,140318,2,0
140316,140317,140319,2,1
140316,140317,140319,2,1
140316,140317,140319,2,1
140316,140317,140319,2,1
140316,140319,140320,1,3
140316,140319,140320,1,3
140316,140319,140320,1,3
140316,140318,140319,1,2
140316,140318,140319,1,2
140316,140319,140320,1,3
140316,140319,140320,1,3
140316,140319,140320,1,3
140316,140319,140320,1,3
140316,140319,140320,1,3
140316,140318,140319,1,2
140316,140319,140320,1,3
140316,140319,140320,1,3
140316,140318,140320,2,2
140316,140319,140320,1,3
140316,140319,140320,1,3
140316,140320,140321,1,4
140316,140320,140321,1,4
140316,140320,140321,1,4
140316,140320,140321,1,4
140316,140320,140321,1,4
140316,140319,140320,1,3
140316,140320,140321,1,4
140316,140320,140321,1,4
140316,140320,140321,1,4
140316,140320,140321,1,4
140316,140320,140321,1,4
140316,140321,140322,1,5
140316,140321,140322,1,5
140316,140321,140322,1,5
140316,140321,140322,1,5
140316,140321,140322,1,5
140316,140321,140322,1,5
140316,140321,140322,1,5
140316,140321,140322,1,5
140316,140321,140322,1,5
140316,140321,140322,1,5
140316,140321,140322,1,5
140316,140321,140322,1,5
140316,140321,140322,1,5
140316,140322,140323,1,6
140316,140322,140323,1,6
140316,140322,140323,1,6
140316,140322,140323,1,6
140316,140322,140323,1,6
140316,140322,140323,1,6
140316,140322,140323,1,6
140316,140322,140323,1,6
140316,140322,140323,1,6
140316,140322,140323,1,6
140316,140322,140323,1,6
140316,140322,140323,1,6
140316,140322,140323,1,6
140316,140322,140323,1,6
140316,140322,140323,1,6
140316,140323,140324,1,7
140316,140323,140324,1,7
140316,140323,140324,1,7
140316,140323,140324,1,7
140316,140323,140324,1,7
140316,140323,140324,1,7
140316,140323,140324,1,7
140316,140323,140324,1,7
140316,140323,140324,1,7
140316,140323,140324,1,7
140316,140326,140327,1,10
139578,139587,140333,746,9
139842,139850,140344,494,8
140346,140346,140347,1,0
140346,140346,140347,1,0
140346,140346,140347,1,0
140346,140346,140347,1,0
140346,140346,140347,1,0
140346,140346,140347,1,0
140346,140346,140347,1,0
140346,140346,140348,2,0
140346,140346,140347,1,0
140346,140346,140347,1,0
140346,140346,140348,2,0
140346,140346,140348,2,0
140346,140346,140348,2,0
140346,140346,140347,1,0
140346,140347,140348,1,1
140346,140347,140348,1,1
140346,140346,140347,1,0
140346,140346,140347,1,0
140346,140347,140348,1,1
140346,140347,140348,1,1
140346,140347,140348,1,1
140346,140346,140348,2,0
140346,140347,140348,1,1
140346,140347,140348,1,1
140346,140348,140349,1,2
140346,140348,140349,1,2
140346,140348,140349,1,2
140346,140348,140349,1,2
140346,140348,140349,1,2
140346,140349,140350,1,3
140346,140348,140350,2,2
140346,140348,140349,1,2
140346,140348,140350,2,2
140346,140348,140350,2,2
140346,140348,140349,1,2
140346,140348,140350,2,2
140346,140348,140349,1,2
140346,140349,140350,1,3
140346,140349,140350,1,3
140346,140348,140349,1,2
140346,140349,140350,1,3
140346,140349,140350,1,3
140346,140349,140350,1,3
140346,140349,140350,1,3
140346,140349,140350,1,3
140346,140350,140351,1,4
140346,140349,140350,1,3
140346,140350,140351,1,4
140346,140350,140351,1,4
140346,140350,140351,1,4
140346,140350,140351,1,4
140346,140350,140351,1,4
140346,140346,140352,6,0
140346,140351,140352,1,5
140346,140350,140351,1,4
140346,140350,140352,2,4
140346,140350,140351,1,4
140346,140351,140352,1,5
140346,140351,140352,1,5
140346,140351,140352,1,5
140346,140352,140353,1,6
140346,140352,140353,1,6
140346,140352,140353,1,6
140346,140351,140352,1,5
140346,140352,140353,1,6
140346,140352,140353,1,6
140346,140352,140353,1,6
140346,140352,140353,1,6
140346,140352,140353,1,6
140346,140353,140354,1,7
140346,140353,140354,1,7
140346,140353,140354,1,7
140346,140353,140354,1,7
140346,140353,140354,1,7
140346,140353,140354,1,7
140346,140353,140354,1,7
140346,140353,140354,1,7
140346,140354,140355,1,8
140346,140354,140356,2,8
140346,140354,140355,1,8
140346,140354,140356,2,8
140346,140355,140356,1,9
140346,140355,140356,1,9
140346,140355,140357,2,9
140346,140355,140356,1,9
140346,140355,140356,1,9
140346,140355,140356,1,9
140346,140355,140356,1,9
140346,140355,140356,1,9
140346,140355,140356,1,9
140346,140355,140357,2,9
140346,140355,140357,2,9
140346,140355,140357,2,9
140346,140355,140357,2,9
140346,140355,140357,2,9
140346,140357,140358,1,11
140346,140357,140358,1,11
140346,140357,140358,1,11
140346,140357,140358,1,11
140346,140355,140357,2,9
140346,140357,140358,1,11
140346,140357,140358,1,11
140346,140357,140358,1,11
140346,140357,140358,1,11
140346,140356,140358,2,10
140346,140356,140357,1,10
140346,140356,140358,2,10
140346,140357,140358,1,11
140346,140357,140358,1,11
140346,140358,140359,1,12
140346,140358,140359,1,12
140346,140358,140359,1,12
140346,140358,140359,1,12
140346,140358,140359,1,12
140346,140358,140359,1,12
140346,140358,140359,1,12
140346,140358,140359,1,12
140346,140358,140359,1,12
140346,140358,140359,1,12
140346,140358,140359,1,12
140346,140358,140359,1,12
140346,140358,140359,1,12
140346,140358,140359,1,12
140346,140359,140360,1,13
140346,140359,140360,1,13
140346,140359,140360,1,13
140346,140359,140360,1,13
140346,140359,140360,1,13
140346,140359,140360,1,13
140346,140359,140360,1,13
140346,140359,140360,1,13
140346,140359,140360,1,13
140346,140359,140360,1,13
140346,140359,140360,1,13
140346,140359,140360,1,13
140346,140359,140360,1,13
140346,140359,140360,1,13
140346,140359,140360,1,13
140346,140359,140360,1,13
140346,140360,140361,1,14
140346,140360,140361,1,14
140346,140360,140361,1,14
140346,140360,140361,1,14
140346,140360,140361,1,14
140346,140360,140361,1,14
140346,140360,140361,1,14
140346,140360,140361,1,14
140346,140360,140361,1,14
140346,140360,140361,1,14
140346,140360,140361,1,14
140346,140360,140361,1,14
140346,140360,140361,1,14
140346,140360,140361,1,14
140346,140361,140362,1,15
140346,140361,140362,1,15
140346,140361,140362,1,15
139610,139617,140365,748,7
140374,140374,140375,1,0
140374,140374,140375,1,0
140374,140374,140375,1,0
140374,140374,140375,1,0
140374,140374,140375,1,0
140374,140374,140375,1,0
140374,140375,140376,1,1
140374,140375,140376,1,1
140374,140375,140376,1,1
140374,140375,140376,1,1
140374,140375,140376,1,1
140374,140375,140376,1,1
140374,140375,140376,1,1
140374,140375,140377,2,1
140374,140375,140377,2,1
140374,140375,140376,1,1
140374,140375,140376,1,1
140374,140375,140376,1,1
140374,140375,140376,1,1
140374,140375,140376,1,1
140374,140376,140377,1,2
140374,140376,140377,1,2
140374,140376,140377,1,2
140374,140376,140377,1,2
140374,140376,140377,1,2
140374,140377,140378,1,3
140374,140377,140378,1,3
140374,140377,140378,1,3
140374,140377,140378,1,3
140374,140377,140378,1,3
140374,140377,140378,1,3
140374,140377,140378,1,3
140374,140377,140378,1,3
140374,140377,140378,1,3
140374,140377,140378,1,3
140374,140377,140378,1,3
140374,140377,140378,1,3
140374,140377,140378,1,3
140374,140378,140379,1,4
140374,140378,140379,1,4
140374,140378,140379,1,4
140374,140378,140379,1,4
140374,140378,140379,1,4
140374,140378,140379,1,4
140374,140378,140379,1,4
140374,140378,140379,1,4
140374,140378,140379,1,4
140374,140378,140379,1,4
140374,140378,140379,1,4
140374,140378,140379,1,4
140374,140378,140379,1,4
140374,140374,140378,4,0
140374,140379,140380,1,5
140374,140379,140380,1,5
140374,140378,140379,1,4
140374,140378,140379,1,4
140374,140379,140380,1,5
140374,140379,140380,1,5
140374,140379,140380,1,5
140374,140379,140380,1,5
140374,140379,140380,1,5
140374,140379,140380,1,5
140374,140379,140380,1,5
140374,140379,140380,1,5
140374,140379,140380,1,5
140374,140379,140380,1,5
140374,140380,140381,1,6
140374,140379,140380,1,5
140374,140380,140381,1,6
140374,140380,140381,1,6
140374,140380,140381,1,6
140374,140380,140381,1,6
140374,140380,140381,1,6
140374,140380,140381,1,6
140374,140380,140381,1,6
140374,140380,140381,1,6
140374,140380,140381,1,6
140374,140380,140381,1,6
140374,140380,140381,1,6
140374,140380,140381,1,6
140374,140381,140382,1,7
140374,140381,140382,1,7
140374,140380,140381,1,6
140374,140381,140382,1,7
140374,140381,140382,1,7
140374,140381,140382,1,7
140374,140381,140382,1,7
140374,140381,140382,1,7
140374,140381,140382,1,7
139688,139696,140396,700,8
140398,140398,140399,1,0
140398,140398,140399,1,0
140398,140398,140399,1,0
140398,140398,140399,1,0
140398,140398,140399,1,0
140398,140398,140399,1,0
140374,140374,140398,24,0
140398,140398,140399,1,0
140398,140398,140399,1,0
140398,140398,140399,1,0
140398,140398,140399,1,0
140398,140398,140399,1,0
140398,140398,140399,1,0
140398,140399,140400,1,1
140398,140399,140400,1,1
140398,140399,140400,1,1
140398,140398,140400,2,0
140398,140399,140401,2,1
140398,140399,140400,1,1
140398,140399,140400,1,1
140398,140400,140401,1,2
140398,140399,140401,2,1
140398,140399,140401,2,1
140398,140399,140400,1,1
140398,140400,140401,1,2
140398,140400,140402,2,2
140398,140400,140401,1,2
140398,140401,140402,1,3
140398,140399,140401,2,1
140398,140401,140402,1,3
140398,140401,140402,1,3
140398,140400,140401,1,2
140398,140401,140402,1,3
140398,140401,140402,1,3
140398,140401,140402,1,3
140398,140401,140402,1,3
140398,140401,140402,1,3
140398,140401,140402,1,3
140398,140402,140403,1,4
140398,140402,140403,1,4
140398,140402,140403,1,4
140398,140402,140403,1,4
140398,140402,140403,1,4
140398,140401,140402,1,3
140398,140402,140403,1,4
140398,140402,140403,1,4
140398,140402,140403,1,4
140398,140402,140403,1,4
140398,140401,140402,1,3
140398,140402,140403,1,4
140398,140402,140403,1,4
140398,140402,140403,1,4
140398,140403,140404,1,5
140398,140403,140404,1,5
140398,140402,140403,1,4
140398,140403,140404,1,5
140398,140403,140404,1,5
140398,140403,140404,1,5
140398,140403,140404,1,5
140398,140403,140404,1,5
140398,140403,140404,1,5
140398,140404,140405,1,6
140398,140404,140405,1,6
140398,140404,140405,1,6
140398,140404,140405,1,6
140398,140403,140405,2,5
140398,140403,140405,2,5
140398,140404,140405,1,6
140398,140404,140405,1,6
140398,140404,140405,1,6
140398,140404,140405,1,6
140398,140404,140405,1,6
140398,140405,140406,1,7
140398,140405,140406,1,7
140398,140405,140406,1,7
140398,140405,140406,1,7
140398,140405,140406,1,7
140398,140405,140406,1,7
140398,140405,140406,1,7
140398,140405,140406,1,7
140398,140406,140407,1,8
140398,140399,140401,2,1
140398,140412,140413,1,14
139738,139747,140477,730,9
139769,139776,140478,702,7
140479,140479,140480,1,0
140479,140479,140480,1,0
140479,140479,140480,1,0
140479,140479,140480,1,0
140479,140479,140480,1,0
140479,140479,140480,1,0
140479,140479,140480,1,0
140479,140479,140481,2,0
140479,140480,140482,2,1
140479,140480,140482,2,1
140479,140479,140482,3,0
140479,140480,140482,2,1
140479,140480,140482,2,1
140479,140480,140482,2,1
140479,140479,140482,3,0
140479,140480,140482,2,1
140479,140480,140482,2,1
140479,140480,140482,2,1
140479,140479,140481,2,0
140479,140479,140482,3,0
140479,140479,140481,2,0
140479,140480,140482,2,1
140479,140482,140483,1,3
140479,140482,140483,1,3
140479,140482,140483,1,3
140479,140482,140483,1,3
140479,140482,140483,1,3
140479,140481,140483,2,2
140479,140482,140483,1,3
140479,140482,140483,1,3
140479,140482,140483,1,3
140479,140482,140483,1,3
140479,140482,140483,1,3
140479,140481,140483,2,2
140479,140479,140483,4,0
140479,140482,140483,1,3
140479,140481,140483,2,2
140479,140483,140484,1,4
140479,140483,140484,1,4
140479,140483,140484,1,4
140479,140483,140484,1,4
140479,140483,140484,1,4
140479,140483,140484,1,4
140479,140482,140483,1,3
140479,140483,140484,1,4
140479,140482,140484,2,3
140479,140482,140483,1,3
140479,140483,140484,1,4
140479,140483,140484,1,4
140479,140483,140484,1,4
140479,140483,140484,1,4
140479,140484,140485,1,5
140479,140483,140484,1,4
140479,140484,140485,1,5
140479,140484,140485,1,5
140479,140484,140485,1,5
140479,140484,140485,1,5
140479,140484,140485,1,5
140479,140484,140485,1,5
140479,140484,140485,1,5
140479,140484,140485,1,5
140479,140483,140484,1,4
140479,140484,140485,1,5
140479,140483,140485,2,4
140479,140484,140485,1,5
140479,140484,140485,1,5
140479,140484,140485,1,5
140479,140484,140485,1,5
140479,140484,140485,1,5
140479,140485,140486,1,6
140479,140485,140486,1,6
140479,140485,140486,1,6
140479,140485,140486,1,6
140479,140485,140486,1,6
140479,140485,140486,1,6
140479,140485,140486,1,6
140479,140485,140486,1,6
140479,140485,140486,1,6
140479,140485,140486,1,6
140479,140485,140486,1,6
140479,140486,140487,1,7
140479,140486,140487,1,7
140479,140486,140487,1,7
140479,140486,140487,1,7
140479,140486,140487,1,7
140479,140485,140487,2,6
140479,140486,140487,1,7
140479,140486,140488,2,7
140479,140486,140487,1,7
140479,140486,140487,1,7
140481,140487,140488,1,6
140481,140487,140488,1,6
140481,140487,140488,1,6
140481,140487,140488,1,6
140481,140487,140488,1,6
140481,140487,140489,2,6
140481,140487,140489,2,6
140481,140488,140490,2,7
140481,140488,140490,2,7
140481,140488,140490,2,7
140481,140488,140489,1,7
140481,140488,140489,1,7
140481,140488,140489,1,7
140481,140488,140489,1,7
140481,140488,140489,1,7
140481,140488,140489,1,7
140481,140489,140490,1,8
140481,140489,140490,1,8
140481,140488,140490,2,7
140481,140488,140490,2,7
140481,140490,140491,1,9
140481,140490,140491,1,9
140481,140490,140491,1,9
140481,140488,140490,2,7
140481,140490,140491,1,9
140481,140490,140491,1,9
140481,140490,140491,1,9
140481,140490,140491,1,9
140481,140490,140491,1,9
140481,140490,140491,1,9
140481,140490,140491,1,9
140481,140490,140491,1,9
140481,140491,140492,1,10
140481,140491,140492,1,10
140481,140491,140492,1,10
140481,140492,140493,1,11
140481,140492,140493,1,11
140481,140491,140492,1,10
140481,140492,140493,1,11
140481,140491,140492,1,10
140481,140492,140493,1,11
140481,140492,140493,1,11
140481,140492,140493,1,11
140481,140492,140493,1,11
140481,140492,140493,1,11
140481,140491,140492,1,10
140481,140493,140494,1,12
140481,140493,140494,1,12
140481,140493,140494,1,12
140481,140493,140494,1,12
140481,140492,140493,1,11
140481,140493,140494,1,12
140481,140493,140494,1,12
140481,140493,140494,1,12
140481,140493,140494,1,12
140481,140493,140494,1,12
140481,140494,140495,1,13
140481,140494,140495,1,13
140481,140494,140495,1,13
140481,140494,140495,1,13
140481,140493,140495,2,12
140481,140495,140496,1,14
140481,140495,140496,1,14
140481,140495,140496,1,14
140481,140493,140495,2,12
140022,140028,140513,485,6
140524,140524,140525,1,0
140524,140524,140525,1,0
140524,140524,140525,1,0
140524,140524,140525,1,0
140524,140524,140525,1,0
140524,140524,140525,1,0
140524,140524,140526,2,0
140524,140524,140525,1,0
140524,140524,140525,1,0
140524,140524,140526,2,0
140524,140525,140527,2,1
140524,140525,140526,1,1
140524,140524,140526,2,0
140524,140525,140527,2,1
140524,140525,140526,1,1
140524,140525,140526,1,1
140524,140525,140526,1,1
140524,140525,140527,2,1
140524,140525,140527,2,1
140524,140524,140526,2,0
140524,140524,140527,3,0
140524,140526,140527,1,2
140524,140526,140528,2,2
140524,140526,140527,1,2
140524,140527,140528,1,3
140524,140527,140528,1,3
140524,140527,140528,1,3
140524,140527,140528,1,3
140524,140527,140528,1,3
140524,140526,140527,1,2
140524,140526,140527,1,2
140524,140527,140528,1,3
140524,140528,140529,1,4
140524,140527,140528,1,3
140524,140527,140528,1,3
140524,140528,140529,1,4
140524,140528,140529,1,4
140524,140528,140529,1,4
140524,140528,140529,1,4
140524,140528,140529,1,4
140524,140527,140528,1,3
140524,140528,140529,1,4
140524,140528,140529,1,4
140524,140528,140529,1,4
140524,140529,140530,1,5
140524,140528,140530,2,4
139812,139819,140530,711,7
140524,140528,140530,2,4
140524,140529,140530,1,5
140524,140529,140530,1,5
140524,140529,140530,1,5
140524,140529,140530,1,5
140524,140529,140530,1,5
140524,140529,140530,1,5
140524,140529,140530,1,5
140524,140524,140529,5,0
140524,140529,140530,1,5
140524,140529,140530,1,5
140524,140529,140530,1,5
140524,140529,140531,2,5
140524,140528,140530,2,4
140524,140530,140531,1,6
140524,140530,140531,1,6
140524,140530,140531,1,6
140524,140530,140531,1,6
140524,140530,140531,1,6
140524,140531,140532,1,7
140524,140531,140532,1,7
140524,140530,140531,1,6
140524,140530,140531,1,6
140524,140531,140532,1,7
140524,140530,140531,1,6
140524,140530,140532,2,6
140524,140531,140532,1,7
140524,140531,140532,1,7
140524,140530,140532,2,6
140524,140531,140532,1,7
140524,140531,140532,1,7
140524,140531,140532,1,7
140524,140532,140533,1,8
140524,140532,140533,1,8
140524,140532,140533,1,8
140524,140532,140533,1,8
140524,140532,140533,1,8
140524,140532,140533,1,8
140524,140532,140533,1,8
140531,140533,140534,1,2
140531,140533,140534,1,2
140531,140533,140534,1,2
140531,140533,140534,1,2
140524,140528,140534,6,4
140531,140533,140534,1,2
140524,140532,140533,1,8
140531,140533,140534,1,2
140531,140533,140534,1,2
140531,140533,140534,1,2
140531,140533,140534,1,2
140531,140534,140535,1,3
140531,140534,140535,1,3
140531,140534,140535,1,3
140531,140534,140536,2,3
140531,140534,140536,2,3
140524,140530,140536,6,6
140531,140534,140536,2,3
140531,140534,140536,2,3
140531,140535,140536,1,4
140531,140534,140536,2,3
140531,140536,140537,1,5
140531,140534,140536,2,3
140531,140534,140536,2,3
140531,140536,140537,1,5
140531,140534,140537,3,3
140531,140535,140537,2,4
140531,140536,140537,1,5
140531,140536,140537,1,5
140531,140536,140537,1,5
140531,140536,140537,1,5
140531,140536,140537,1,5
140531,140536,140537,1,5
140531,140535,140538,3,4
140531,140537,140538,1,6
140531,140537,140538,1,6
140531,140537,140538,1,6
140531,140537,140538,1,6
140531,140538,140539,1,7
140531,140538,140539,1,7
140531,140538,140539,1,7
140531,140534,140539,5,3
140531,140537,140539,2,6
140531,140538,140539,1,7
140531,140539,140540,1,8
140531,140538,140539,1,7
140531,140539,140540,1,8
140531,140539,140540,1,8
140531,140539,140540,1,8
140531,140539,140540,1,8
140531,140539,140540,1,8
140531,140539,140540,1,8
140531,140540,140541,1,9
140531,140540,140541,1,9
140531,140540,140541,1,9
140531,140540,140541,1,9
140531,140540,140541,1,9
140531,140541,140542,1,10
140531,140541,140542,1,10
140531,140541,140542,1,10
140531,140541,140542,1,10
140531,140541,140542,1,10
140531,140542,140543,1,11
140531,140544,140546,2,13
139885,139891,140604,713,6
140102,140108,140603,495,6
140605,140605,140606,1,0
140605,140605,140606,1,0
140605,140605,140606,1,0
140605,140605,140606,1,0
140605,140605,140606,1,0
140605,140605,140606,1,0
140605,140605,140606,1,0
140605,140605,140606,1,0
140605,140605,140606,1,0
140605,140605,140607,2,0
140605,140605,140606,1,0
140605,140605,140607,2,0
140605,140605,140607,2,0
140605,140605,140606,1,0
140605,140605,140607,2,0
140605,140605,140607,2,0
140605,140606,140608,2,1
140605,140606,140608,2,1
140605,140606,140608,2,1
140605,140605,140607,2,0
140605,140605,140608,3,0
140605,140606,140608,2,1
140605,140606,140608,2,1
140605,140607,140609,2,2
140605,140607,140608,1,2
140605,140608,140609,1,3
140605,140608,140609,1,3
140605,140607,140609,2,2
140605,140607,140609,2,2
140605,140606,140608,2,1
140605,140607,140609,2,2
140605,140607,140609,2,2
140605,140606,140608,2,1
140605,140606,140609,3,1
140605,140606,140608,2,1
140605,140608,140610,2,3
140605,140607,140609,2,2
140605,140608,140609,1,3
140605,140608,140610,2,3
140605,140608,140610,2,3
140605,140608,140610,2,3
140605,140610,140611,1,5
140605,140609,140610,1,4
140605,140609,140610,1,4
140605,140609,140610,1,4
140605,140609,140610,1,4
140605,140609,140611,2,4
140605,140609,140611,2,4
140605,140609,140610,1,4
140605,140610,140611,1,5
140605,140609,140611,2,4
140605,140610,140611,1,5
140605,140609,140610,1,4
140605,140610,140611,1,5
140605,140609,140611,2,4
140605,140609,140611,2,4
140605,140610,140611,1,5
140605,140610,140612,2,5
140605,140611,140612,1,6
140605,140611,140612,1,6
140605,140611,140612,1,6
140605,140611,140612,1,6
140605,140611,140612,1,6
140605,140612,140613,1,7
140605,140612,140613,1,7
140605,140612,140613,1,7
140605,140612,140613,1,7
140605,140612,140613,1,7
140605,140612,140613,1,7
140605,140612,140613,1,7
140605,140612,140613,1,7
140605,140613,140614,1,8
140605,140613,140614,1,8
140605,140613,140614,1,8
140605,140613,140614,1,8
140605,140613,140614,1,8
140605,140613,140614,1,8
140605,140613,140614,1,8
140605,140613,140614,1,8
140605,140614,140615,1,9
140605,140614,140615,1,9
140605,140614,140615,1,9
140605,140614,140615,1,9
140605,140614,140615,1,9
140605,140614,140615,1,9
140605,140614,140616,2,9
140605,140614,140616,2,9
140605,140614,140616,2,9
140605,140614,140616,2,9
140605,140615,140616,1,10
140605,140615,140616,1,10
140605,140615,140616,1,10
140605,140615,140616,1,10
140605,140615,140616,1,10
140605,140615,140616,1,10
140605,140615,140617,2,10
140605,140615,140617,2,10
140605,140615,140617,2,10
140605,140615,140616,1,10
140605,140615,140617,2,10
140605,140615,140616,1,10
140605,140616,140617,1,11
140605,140617,140618,1,12
140605,140617,140618,1,12
140605,140617,140618,1,12
140605,140616,140617,1,11
140605,140616,140617,1,11
140605,140617,140618,1,12
140605,140617,140618,1,12
140605,140617,140618,1,12
140605,140617,140618,1,12
140605,140617,140618,1,12
140605,140617,140618,1,12
140605,140618,140619,1,13
140605,140617,140618,1,12
140605,140617,140618,1,12
140605,140617,140618,1,12
140605,140617,140618,1,12
140605,140618,140619,1,13
140605,140618,140619,1,13
140605,140618,140619,1,13
140605,140618,140619,1,13
140605,140619,140620,1,14
140605,140619,140620,1,14
140605,140619,140620,1,14
140605,140619,140620,1,14
140605,140619,140620,1,14
140605,140619,140620,1,14
140605,140619,140620,1,14
140605,140619,140620,1,14
140605,140619,140620,1,14
140605,140620,140621,1,15
140605,140620,140621,1,15
140605,140620,140621,1,15
140605,140620,140621,1,15
140605,140620,140621,1,15
140605,140620,140621,1,15
140605,140620,140621,1,15
140605,140620,140621,1,15
140605,140621,140622,1,16
140605,140621,140622,1,16
140605,140621,140622,1,16
140605,140621,140622,1,16
140154,140161,140636,475,7
139912,139918,140640,722,6
140649,140649,140650,1,0
140649,140649,140650,1,0
140649,140649,140650,1,0
140649,140649,140650,1,0
140649,140649,140650,1,0
140649,140649,140650,1,0
140649,140649,140650,1,0
140649,140649,140650,1,0
140649,140649,140650,1,0
140649,140649,140650,1,0
140649,140650,140651,1,1
140649,140649,140650,1,0
140649,140650,140651,1,1
140649,140649,140650,1,0
140649,140650,140651,1,1
140649,140650,140651,1,1
140649,140649,140651,2,0
140649,140650,140651,1,1
140649,140649,140651,2,0
140649,140649,140651,2,0
140649,140650,140651,1,1
140649,140649,140650,1,0
140649,140651,140652,1,2
140649,140650,140652,2,1
140649,140651,140652,1,2
140649,140651,140652,1,2
140649,140651,140652,1,2
140649,140651,140652,1,2
140649,140650,140651,1,1
140649,140650,140651,1,1
140649,140650,140651,1,1
140649,140651,140652,1,2
140649,140651,140652,1,2
140649,140651,140652,1,2
140649,140651,140652,1,2
140649,140650,140653,3,1
140649,140652,140653,1,3
140649,140652,140653,1,3
140649,140651,140652,1,2
140649,140651,140652,1,2
140649,140651,140653,2,2
140649,140652,140653,1,3
140649,140649,140654,5,0
140649,140653,140654,1,4
140649,140653,140654,1,4
140649,140652,140654,2,3
140649,140652,140653,1,3
140649,140653,140654,1,4
140649,140652,140654,2,3
140649,140652,140654,2,3
140649,140653,140654,1,4
140649,140652,140654,2,3
140649,140652,140654,2,3
140649,140652,140654,2,3
140649,140652,140654,2,3
140649,140653,140655,2,4
140649,140654,140655,1,5
140649,140653,140654,1,4
140649,140653,140655,2,4
140649,140654,140655,1,5
140649,140654,140655,1,5
140649,140653,140656,3,4
140649,140655,140656,1,6
140649,140655,140656,1,6
140649,140654,140656,2,5
140649,140654,140656,2,5
140649,140655,140656,1,6
140649,140654,140656,2,5
140649,140656,140657,1,7
140649,140656,140657,1,7
140649,140656,140657,1,7
140649,140656,140657,1,7
140649,140657,140658,1,8
140649,140657,140658,1,8
140649,140657,140658,1,8
140649,140657,140658,1,8
140649,140657,140658,1,8
140649,140657,140658,1,8
140649,140657,140658,1,8
140649,140658,140659,1,9
140649,140654,140659,5,5
140649,140658,140659,1,9
140649,140658,140659,1,9
140649,140658,140660,2,9
140649,140658,140659,1,9
140649,140658,140660,2,9
140649,140658,140660,2,9
140649,140658,140660,2,9
140649,140658,140660,2,9
140649,140659,140660,1,10
140649,140658,140660,2,9
140649,140659,140660,1,10
140649,140659,140660,1,10
140649,140659,140660,1,10
140649,140659,140660,1,10
140649,140659,140660,1,10
140649,140659,140660,1,10
140649,140659,140660,1,10
140649,140661,140662,1,12
140649,140661,140662,1,12
140649,140661,140662,1,12
140649,140661,140662,1,12
140649,140660,140661,1,11
140649,140660,140661,1,11
140649,140660,140661,1,11
140649,140660,140661,1,11
140649,140660,140661,1,11
140649,140660,140661,1,11
140649,140660,140661,1,11
140649,140660,140661,1,11
140649,140660,140662,2,11
140649,140661,140662,1,12
140649,140661,140662,1,12
140649,140662,140663,1,13
140649,140662,140663,1,13
140649,140662,140663,1,13
140649,140661,140662,1,12
140649,140662,140663,1,13
140649,140662,140663,1,13
140649,140662,140663,1,13
140649,140662,140663,1,13
140649,140662,140663,1,13
140649,140662,140663,1,13
140649,140662,140663,1,13
140649,140662,140663,1,13
140649,140663,140664,1,14
140649,140663,140664,1,14
140649,140663,140664,1,14
140649,140663,140664,1,14
140649,140663,140664,1,14
140649,140663,140664,1,14
140649,140663,140664,1,14
140649,140663,140664,1,14
140649,140663,140664,1,14
140649,140660,140664,4,11
140649,140663,140664,1,14
140649,140664,140665,1,15
140649,140664,140665,1,15
140649,140664,140665,1,15
140649,140664,140665,1,15
140649,140664,140665,1,15
140649,140664,140665,1,15
140649,140664,140665,1,15
140649,140664,140665,1,15
140649,140665,140666,1,16
140649,140665,140666,1,16
140649,140665,140666,1,16
140649,140665,140666,1,16
140649,140665,140666,1,16
140649,140665,140666,1,16
140649,140665,140668,3,16
140649,140665,140667,2,16
140197,140204,140716,512,7
140717,140718,140719,1,1
140717,140718,140719,1,1
140717,140718,140719,1,1
140717,140718,140719,1,1
140717,140718,140719,1,1
140717,140718,140719,1,1
140717,140719,140720,1,2
140717,140718,140720,2,1
140717,140718,140720,2,1
140717,140719,140720,1,2
140717,140719,140720,1,2
140717,140719,140720,1,2
140717,140719,140720,1,2
140717,140720,140721,1,3
140717,140719,140720,1,2
140717,140719,140720,1,2
140717,140719,140720,1,2
140717,140719,140720,1,2
140717,140720,140721,1,3
140717,140720,140721,1,3
140717,140721,140722,1,4
140717,140721,140722,1,4
140717,140721,140722,1,4
140717,140721,140722,1,4
140717,140721,140722,1,4
140717,140721,140722,1,4
140717,140721,140722,1,4
140717,140721,140722,1,4
140717,140720,140722,2,3
140717,140721,140722,1,4
140717,140721,140722,1,4
140717,140722,140723,1,5
140717,140722,140723,1,5
140717,140722,140723,1,5
140717,140721,140722,1,4
140717,140722,140723,1,5
140717,140722,140723,1,5
140717,140722,140723,1,5
140717,140722,140723,1,5
140717,140723,140724,1,6
140717,140722,140723,1,5
140717,140723,140724,1,6
140717,140723,140724,1,6
140717,140723,140724,1,6
140717,140723,140724,1,6
140717,140723,140724,1,6
140717,140723,140724,1,6
140717,140723,140724,1,6
140717,140724,140725,1,7
140717,140723,140724,1,6
140717,140724,140725,1,7
140717,140724,140725,1,7
140717,140724,140725,1,7
140717,140724,140725,1,7
140717,140724,140725,1,7
140717,140724,140725,1,7
140717,140724,140725,1,7
140717,140723,140725,2,6
140717,140724,140725,1,7
140717,140725,140726,1,8
140717,140724,140725,1,7
140717,140724,140725,1,7
140717,140725,140726,1,8
140717,140718,140726,8,1
140717,140725,140726,1,8
140717,140725,140726,1,8
140717,140725,140726,1,8
140717,140725,140726,1,8
140717,140725,140726,1,8
140717,140725,140726,1,8
140717,140725,140726,1,8
140717,140726,140727,1,9
140717,140726,140727,1,9
140717,140725,140726,1,8
140717,140726,140727,1,9
140717,140726,140727,1,9
139993,139999,140727,728,6
139964,139972,140733,761,8
140266,140272,140745,473,6
140746,140746,140747,1,0
140746,140746,140747,1,0
140746,140746,140747,1,0
140746,140746,140747,1,0
140746,140747,140748,1,1
140746,140746,140747,1,0
140746,140747,140748,1,1
140746,140747,140748,1,1
140746,140747,140748,1,1
140746,140747,140748,1,1
140746,140746,140748,2,0
140746,140747,140748,1,1
140746,140748,140749,1,2
140746,140747,140748,1,1
140746,140747,140748,1,1
140746,140748,140749,1,2
140746,140749,140750,1,3
140746,140748,140749,1,2
140746,140748,140749,1,2
140746,140748,140749,1,2
140746,140748,140749,1,2
140746,140748,140749,1,2
140746,140748,140749,1,2
140746,140749,140750,1,3
140746,140749,140750,1,3
140746,140749,140750,1,3
140746,140749,140750,1,3
140746,140750,140751,1,4
140746,140750,140751,1,4
140746,140750,140751,1,4
140746,140749,140750,1,3
140746,140749,140750,1,3
140746,140749,140750,1,3
140746,140747,140751,4,1
140746,140750,140751,1,4
140746,140751,140752,1,5
140746,140751,140752,1,5
140746,140750,140751,1,4
140746,140750,140751,1,4
140746,140750,140751,1,4
140746,140750,140751,1,4
140746,140750,140751,1,4
140746,140750,140751,1,4
140746,140750,140751,1,4
140746,140751,140752,1,5
140746,140751,140752,1,5
140746,140751,140752,1,5
140746,140751,140752,1,5
140746,140751,140752,1,5
140746,140752,140753,1,6
140746,140752,140753,1,6
140746,140752,140753,1,6
140746,140751,140752,1,5
140746,140752,140753,1,6
140746,140751,140752,1,5
140746,140751,140752,1,5
140746,140752,140753,1,6
140746,140752,140753,1,6
140746,140752,140753,1,6
140746,140752,140753,1,6
140746,140752,140753,1,6
140746,140752,140753,1,6
140746,140753,140754,1,7
140746,140753,140754,1,7
140746,140753,140754,1,7
140746,140753,140754,1,7
140746,140753,140754,1,7
140746,140753,140754,1,7
140746,140753,140754,1,7
140746,140753,140754,1,7
140746,140753,140754,1,7
140746,140753,140754,1,7
140746,140753,140754,1,7
140746,140754,140755,1,8
140746,140754,140755,1,8
140746,140754,140755,1,8
140747,140754,140755,1,7
140747,140754,140755,1,7
140746,140754,140755,1,8
140747,140754,140755,1,7
140747,140754,140755,1,7
140747,140754,140755,1,7
140747,140754,140755,1,7
140747,140754,140755,1,7
140747,140754,140755,1,7
140747,140754,140755,1,7
140747,140754,140755,1,7
140746,140754,140755,1,8
140747,140754,140755,1,7
140747,140755,140756,1,8
140747,140755,140756,1,8
140747,140755,140756,1,8
140747,140755,140756,1,8
140747,140755,140757,2,8
140747,140755,140756,1,8
140747,140755,140756,1,8
140747,140755,140756,1,8
140747,140755,140756,1,8
140747,140755,140756,1,8
140747,140755,140756,1,8
140747,140755,140756,1,8
140747,140755,140757,2,8
140747,140755,140757,2,8
140747,140755,140757,2,8
140747,140755,140757,2,8
140747,140756,140757,1,9
140747,140757,140758,1,10
140747,140755,140757,2,8
140747,140756,140757,1,9
140747,140757,140758,1,10
140747,140757,140758,1,10
140747,140757,140758,1,10
140747,140757,140758,1,10
140747,140757,140758,1,10
140747,140757,140758,1,10
140747,140758,140759,1,11
140747,140757,140758,1,10
140747,140757,140758,1,10
140747,140757,140758,1,10
140747,140758,140759,1,11
140747,140758,140759,1,11
140747,140758,140759,1,11
140747,140758,140759,1,11
140747,140758,140759,1,11
140747,140757,140759,2,10
140747,140757,140759,2,10
140747,140757,140759,2,10
140747,140758,140759,1,11
140747,140758,140759,1,11
140747,140758,140759,1,11
140747,140758,140759,1,11
140747,140758,140759,1,11
140747,140759,140760,1,12
140747,140759,140760,1,12
140747,140759,140760,1,12
140747,140759,140760,1,12
140747,140759,140760,1,12
140747,140759,140760,1,12
140747,140759,140760,1,12
140747,140759,140760,1,12
140747,140760,140761,1,13
140747,140760,140761,1,13
140747,140760,140761,1,13
140747,140760,140761,1,13
140747,140760,140761,1,13
140747,140760,140761,1,13
140747,140760,140761,1,13
140747,140760,140761,1,13
140747,140760,140761,1,13
140747,140761,140762,1,14
140747,140761,140762,1,14
140747,140761,140762,1,14
140747,140760,140761,1,13
140747,140760,140761,1,13
140747,140761,140762,1,14
140749,140762,140763,1,13
140749,140762,140763,1,13
140749,140762,140763,1,13
140749,140762,140763,1,13
140749,140762,140763,1,13
140749,140762,140763,1,13
140749,140762,140763,1,13
140749,140762,140763,1,13
140749,140762,140763,1,13
140749,140762,140764,2,13
140749,140763,140764,1,14
140749,140762,140764,2,13
140749,140762,140764,2,13
140749,140763,140764,1,14
140749,140763,140764,1,14
140749,140763,140764,1,14
140749,140763,140764,1,14
140749,140763,140764,1,14
140749,140763,140764,1,14
140749,140763,140764,1,14
140749,140763,140764,1,14
140749,140763,140765,2,14
140749,140764,140765,1,15
140749,140763,140765,2,14
140749,140763,140764,1,14
140749,140763,140764,1,14
140749,140763,140764,1,14
140749,140765,140766,1,16
140749,140765,140766,1,16
140749,140765,140766,1,16
140749,140765,140766,1,16
140749,140765,140766,1,16
140749,140763,140765,2,14
140749,140765,140766,1,16
140749,140765,140766,1,16
140749,140765,140766,1,16
140749,140765,140766,1,16
140749,140765,140766,1,16
140749,140764,140766,2,15
140749,140764,140766,2,15
140749,140766,140767,1,17
140749,140766,140767,1,17
140749,140765,140766,1,16
140749,140765,140766,1,16
140749,140765,140766,1,16
140749,140765,140766,1,16
140749,140766,140767,1,17
140749,140767,140768,1,18
140749,140767,140768,1,18
140749,140767,140768,1,18
140749,140767,140768,1,18
140749,140767,140768,1,18
140749,140766,140767,1,17
140749,140767,140768,1,18
140749,140767,140768,1,18
140749,140766,140768,2,17
140749,140766,140768,2,17
140749,140766,140768,2,17
140749,140766,140768,2,17
140749,140767,140768,1,18
140749,140767,140768,1,18
140749,140768,140769,1,19
140749,140768,140769,1,19
140749,140768,140769,1,19
140749,140768,140769,1,19
140749,140767,140768,1,18
140749,140767,140768,1,18
140749,140767,140768,1,18
140749,140768,140769,1,19
140749,140768,140769,1,19
140749,140769,140770,1,20
140749,140768,140769,1,19
140749,140769,140770,1,20
140749,140769,140770,1,20
140749,140769,140770,1,20
140749,140769,140770,1,20
140749,140769,140770,1,20
140749,140769,140770,1,20
140749,140769,140770,1,20
140749,140769,140770,1,20
140749,140770,140771,1,21
140749,140770,140771,1,21
140749,140770,140771,1,21
140749,140772,140774,2,23
140349,140361,140834,473,12
140835,140835,140836,1,0
140835,140835,140836,1,0
140835,140835,140836,1,0
140835,140835,140836,1,0
140835,140835,140836,1,0
140835,140835,140836,1,0
140835,140835,140836,1,0
140835,140835,140837,2,0
140835,140835,140836,1,0
140835,140835,140836,1,0
140835,140835,140836,1,0
140835,140835,140837,2,0
140835,140836,140837,1,1
140835,140836,140837,1,1
140835,140835,140837,2,0
140835,140835,140837,2,0
140835,140836,140837,1,1
140835,140836,140837,1,1
140835,140836,140837,1,1
140835,140836,140837,1,1
140835,140836,140838,2,1
140835,140836,140838,2,1
140835,140836,140838,2,1
140835,140836,140838,2,1
140835,140837,140839,2,2
140835,140837,140838,1,2
140835,140838,140839,1,3
140835,140837,140838,1,2
140835,140838,140839,1,3
140835,140838,140839,1,3
140835,140837,140839,2,2
140835,140837,140838,1,2
140835,140838,140839,1,3
140835,140837,140838,1,2
140835,140838,140839,1,3
140835,140838,140839,1,3
140835,140838,140839,1,3
140835,140838,140839,1,3
140835,140838,140839,1,3
140835,140838,140839,1,3
140835,140837,140839,2,2
140835,140839,140840,1,4
140835,140839,140840,1,4
140835,140839,140840,1,4
140835,140839,140840,1,4
140835,140839,140840,1,4
140835,140839,140840,1,4
140835,140839,140840,1,4
140835,140839,140840,1,4
140835,140839,140840,1,4
140835,140839,140840,1,4
140835,140839,140840,1,4
140835,140839,140840,1,4
140835,140839,140840,1,4
140835,140839,140840,1,4
140835,140840,140841,1,5
140835,140840,140841,1,5
140835,140840,140841,1,5
140835,140840,140841,1,5
140835,140840,140841,1,5
140835,140840,140841,1,5
140835,140840,140841,1,5
140835,140840,140841,1,5
140835,140840,140841,1,5
140835,140840,140841,1,5
140835,140840,140841,1,5
140835,140840,140841,1,5
140835,140840,140841,1,5
140835,140841,140842,1,6
140835,140841,140842,1,6
140835,140841,140842,1,6
140835,140841,140842,1,6
140835,140841,140842,1,6
140835,140841,140842,1,6
140835,140841,140842,1,6
140835,140841,140842,1,6
140835,140841,140842,1,6
140835,140841,140842,1,6
140835,140841,140842,1,6
140835,140841,140842,1,6
140835,140842,140843,1,7
140835,140842,140843,1,7
140835,140841,140842,1,6
140835,140842,140843,1,7
140835,140842,140843,1,7
140835,140841,140842,1,6
140835,140842,140843,1,7
140835,140842,140843,1,7
140835,140842,140843,1,7
140835,140842,140843,1,7
140835,140842,140843,1,7
140162,140167,140882,715,5
140883,140883,140884,1,0
140883,140883,140884,1,0
140883,140883,140884,1,0
140883,140883,140884,1,0
140883,140883,140884,1,0
140883,140883,140884,1,0
140883,140883,140884,1,0
140883,140883,140884,1,0
140883,140883,140884,1,0
140883,140883,140884,1,0
140883,140883,140885,2,0
140883,140883,140885,2,0
140883,140883,140885,2,0
140883,140883,140884,1,0
140883,140883,140885,2,0
140883,140884,140885,1,1
140883,140884,140886,2,1
140883,140884,140886,2,1
140883,140884,140886,2,1
140883,140884,140886,2,1
140883,140884,140886,2,1
140883,140884,140886,2,1
140883,140884,140886,2,1
140883,140884,140886,2,1
140883,140884,140886,2,1
140883,140885,140887,2,2
140883,140886,140887,1,3
140883,140885,140887,2,2
140883,140885,140887,2,2
140883,140885,140887,2,2
140883,140886,140887,1,3
140883,140885,140887,2,2
140883,140887,140888,1,4
140883,140886,140888,2,3
140883,140886,140888,2,3
140883,140886,140887,1,3
140883,140887,140888,1,4
140883,140887,140888,1,4
140883,140886,140888,2,3
140883,140887,140888,1,4
140883,140887,140888,1,4
140883,140887,140888,1,4
140883,140887,140888,1,4
140883,140887,140889,2,4
140883,140887,140889,2,4
140883,140888,140889,1,5
140883,140887,140889,2,4
140883,140888,140889,1,5
140883,140888,140889,1,5
140883,140888,140889,1,5
140883,140888,140889,1,5
140883,140888,140889,1,5
140883,140889,140890,1,6
140883,140889,140890,1,6
140883,140889,140890,1,6
140883,140889,140890,1,6
140883,140889,140890,1,6
140883,140890,140891,1,7
140883,140889,140890,1,6
140883,140890,140891,1,7
140883,140890,140891,1,7
140883,140890,140891,1,7
140883,140891,140892,1,8
140883,140891,140892,1,8
140883,140891,140892,1,8
140883,140891,140892,1,8
140883,140891,140892,1,8
140883,140891,140892,1,8
140883,140891,140892,1,8
140883,140892,140893,1,9
140883,140892,140893,1,9
140883,140892,140893,1,9
140883,140891,140895,4,8
140399,140406,140918,512,7
140920,140920,140921,1,0
140920,140920,140921,1,0
140920,140920,140921,1,0
140920,140920,140921,1,0
140920,140920,140921,1,0
140920,140920,140922,2,0
140920,140920,140921,1,0
140920,140920,140922,2,0
140920,140920,140922,2,0
140920,140920,140921,1,0
140920,140920,140921,1,0
140920,140920,140921,1,0
140920,140920,140922,2,0
140920,140920,140921,1,0
140920,140921,140922,1,1
140920,140920,140922,2,0
140920,140920,140922,2,0
140920,140920,140922,2,0
140920,140921,140922,1,1
140920,140921,140922,1,1
140920,140921,140922,1,1
140920,140921,140922,1,1
140920,140922,140923,1,2
140920,140922,140923,1,2
140920,140922,140923,1,2
140920,140922,140924,2,2
140920,140922,140924,2,2
140920,140922,140923,1,2
140920,140923,140924,1,3
140920,140923,140924,1,3
140920,140923,140924,1,3
140920,140922,140924,2,2
140920,140923,140924,1,3
140920,140923,140924,1,3
140920,140922,140925,3,2
140920,140923,140925,2,3
140920,140924,140925,1,4
140920,140923,140925,2,3
140920,140924,140925,1,4
140920,140924,140925,1,4
140920,140923,140924,1,3
140920,140924,140925,1,4
140920,140924,140925,1,4
140920,140924,140925,1,4
140920,140924,140925,1,4
140920,140924,140925,1,4
140920,140925,140926,1,5
140920,140924,140925,1,4
140920,140924,140925,1,4
140920,140925,140926,1,5
140920,140925,140926,1,5
140920,140925,140926,1,5
140920,140925,140926,1,5
140920,140925,140926,1,5
140920,140925,140926,1,5
140920,140925,140926,1,5
140920,140925,140926,1,5
140920,140925,140926,1,5
140920,140926,140927,1,6
140920,140926,140927,1,6
140920,140926,140927,1,6
140920,140926,140927,1,6
140920,140926,140927,1,6
140920,140926,140927,1,6
140920,140926,140927,1,6
140920,140926,140927,1,6
140920,140925,140927,2,5
140920,140927,140928,1,7
140920,140922,140928,6,2
140920,140927,140928,1,7
140920,140926,140927,1,6
140920,140927,140928,1,7
140920,140927,140928,1,7
140920,140927,140928,1,7
140920,140927,140928,1,7
140920,140927,140928,1,7
140920,140928,140929,1,8
140920,140928,140929,1,8
140920,140928,140929,1,8
140920,140928,140929,1,8
140920,140928,140929,1,8
140920,140928,140929,1,8
140920,140928,140930,2,8
140920,140929,140930,1,9
140920,140929,140931,2,9
140920,140922,140931,9,2
140920,140922,140934,12,2
140235,140242,140941,699,7
140960,140960,140961,1,0
140960,140960,140961,1,0
140960,140960,140961,1,0
140960,140960,140962,2,0
140960,140960,140962,2,0
140960,140960,140961,1,0
140960,140960,140961,1,0
140960,140960,140961,1,0
140960,140960,140961,1,0
140960,140960,140961,1,0
140960,140960,140961,1,0
140960,140960,140961,1,0
140960,140960,140961,1,0
140960,140961,140962,1,1
140960,140961,140962,1,1
140960,140960,140962,2,0
140960,140961,140962,1,1
140960,140961,140962,1,1
140960,140962,140963,1,2
140960,140961,140962,1,1
140960,140961,140962,1,1
140960,140962,140963,1,2
140960,140962,140964,2,2
140960,140962,140963,1,2
140960,140962,140963,1,2
140960,140962,140963,1,2
140960,140963,140964,1,3
140960,140963,140964,1,3
140960,140962,140963,1,2
140960,140962,140963,1,2
140960,140963,140964,1,3
140960,140963,140964,1,3
140960,140962,140963,1,2
140960,140962,140963,1,2
140960,140962,140963,1,2
140960,140963,140964,1,3
140960,140963,140964,1,3
140960,140963,140964,1,3
140960,140964,140965,1,4
140960,140964,140965,1,4
140960,140964,140965,1,4
140960,140963,140964,1,3
140960,140964,140965,1,4
140960,140964,140965,1,4
140960,140964,140965,1,4
140960,140964,140965,1,4
140960,140964,140965,1,4
140960,140964,140965,1,4
140960,140964,140965,1,4
140960,140964,140965,1,4
140960,140964,140965,1,4
140960,140964,140965,1,4
140960,140965,140966,1,5
140960,140965,140966,1,5
140960,140964,140965,1,4
140960,140965,140966,1,5
140960,140965,140966,1,5
140960,140965,140966,1,5
140960,140965,140966,1,5
140960,140965,140966,1,5
140960,140964,140965,1,4
140960,140964,140966,2,4
140960,140965,140966,1,5
140960,140965,140966,1,5
140960,140965,140966,1,5
140960,140965,140966,1,5
140960,140965,140966,1,5
140960,140966,140967,1,6
140960,140966,140967,1,6
140960,140966,140967,1,6
140960,140966,140967,1,6
140960,140966,140967,1,6
140960,140966,140967,1,6
140960,140966,140967,1,6
140960,140966,140967,1,6
140960,140966,140967,1,6
140960,140965,140966,1,5
140960,140966,140967,1,6
140960,140966,140967,1,6
140960,140966,140967,1,6
140960,140966,140967,1,6
140960,140967,140968,1,7
140960,140967,140968,1,7
140960,140967,140968,1,7
140960,140967,140968,1,7
140960,140967,140968,1,7
140960,140967,140968,1,7
140960,140967,140968,1,7
140960,140967,140968,1,7
140960,140967,140968,1,7
140960,140967,140968,1,7
140960,140967,140968,1,7
140960,140966,140967,1,6
140960,140967,140968,1,7
140268,140281,140995,714,13
140996,140996,140997,1,0
140996,140996,140997,1,0
140996,140996,140997,1,0
140996,140996,140997,1,0
140996,140996,140998,2,0
140996,140996,140997,1,0
140996,140996,140997,1,0
140996,140996,140997,1,0
140996,140996,140997,1,0
140996,140996,140997,1,0
140996,140996,140998,2,0
140996,140996,140998,2,0
140996,140996,140997,1,0
140996,140996,140997,1,0
140996,140997,140998,1,1
140996,140997,140998,1,1
140996,140997,140998,1,1
140996,140997,140998,1,1
140996,140997,140998,1,1
140996,140998,140999,1,2
140996,140997,140999,2,1
140996,140998,140999,1,2
140996,140997,140999,2,1
140996,140998,140999,1,2
140996,140998,140999,1,2
140996,140998,141000,2,2
140996,140998,141000,2,2
140996,140998,140999,1,2
140996,140998,141000,2,2
140996,140998,141000,2,2
140996,140999,141000,1,3
140996,140999,141000,1,3
140996,140999,141000,1,3
140996,140999,141000,1,3
140996,140999,141000,1,3
140996,140999,141000,1,3
140996,140998,140999,1,2
140996,140999,141000,1,3
140996,140999,141000,1,3
140996,141000,141001,1,4
140996,141000,141001,1,4
140996,141000,141001,1,4
140996,141000,141001,1,4
140996,140999,141000,1,3
140996,140999,141000,1,3
140996,140999,141000,1,3
140996,141000,141001,1,4
140996,141000,141001,1,4
140996,141000,141001,1,4
140996,141000,141001,1,4
140996,141000,141002,2,4
140996,141000,141002,2,4
140996,141001,141002,1,5
140996,141001,141002,1,5
140996,141001,141002,1,5
140996,141001,141002,1,5
140996,141001,141002,1,5
140996,141001,141002,1,5
140996,141001,141002,1,5
140996,141001,141002,1,5
140996,141001,141003,2,5
140996,141002,141003,1,6
140996,141002,141003,1,6
140996,141002,141003,1,6
140996,141001,141002,1,5
140996,141002,141003,1,6
140996,141002,141003,1,6
140996,141002,141003,1,6
140996,141002,141003,1,6
140996,141002,141003,1,6
140996,141002,141003,1,6
140996,141002,141003,1,6
140996,141003,141004,1,7
140996,141003,141004,1,7
140996,141003,141004,1,7
140996,141003,141004,1,7
140996,141003,141004,1,7
140996,141003,141004,1,7
140996,141000,141001,1,4
140996,141003,141004,1,7
140996,141003,141004,1,7
140996,141003,141004,1,7
140996,141003,141004,1,7
140996,141002,141003,1,6
140996,141003,141004,1,7
140996,141004,141005,1,8
140996,141004,141005,1,8
140996,141004,141005,1,8
140996,141004,141005,1,8
140996,141004,141005,1,8
140996,141004,141005,1,8
140996,141004,141005,1,8
140996,141004,141005,1,8
140996,141004,141005,1,8
140525,140533,141010,477,8
140317,140323,141023,700,6
141024,141024,141025,1,0
141024,141024,141025,1,0
141024,141024,141025,1,0
141024,141024,141025,1,0
141024,141024,141025,1,0
141024,141024,141025,1,0
141024,141024,141025,1,0
141024,141024,141025,1,0
141024,141024,141025,1,0
141024,141024,141025,1,0
141024,141024,141025,1,0
141024,141024,141025,1,0
141024,141024,141025,1,0
141024,141024,141025,1,0
141024,141025,141026,1,1
141024,141025,141026,1,1
141024,141025,141026,1,1
141024,141025,141026,1,1
141024,141024,141025,1,0
141024,141024,141025,1,0
141024,141024,141025,1,0
141024,141025,141026,1,1
141024,141025,141026,1,1
141024,141025,141026,1,1
141024,141025,141026,1,1
141024,141025,141027,2,1
141024,141025,141026,1,1
141024,141025,141026,1,1
141024,141025,141026,1,1
141024,141025,141026,1,1
141024,141026,141027,1,2
141024,141026,141027,1,2
141024,141026,141028,2,2
141024,141026,141027,1,2
141024,141026,141028,2,2
141024,141026,141027,1,2
141024,141026,141027,1,2
141024,141027,141028,1,3
141024,141026,141028,2,2
141024,141026,141028,2,2
141024,141026,141027,1,2
141024,141027,141028,1,3
141024,141026,141028,2,2
141024,141027,141029,2,3
141024,141027,141029,2,3
141024,141027,141029,2,3
141024,141028,141029,1,4
141024,141028,141029,1,4
141024,141028,141029,1,4
141024,141028,141029,1,4
141024,141027,141029,2,3
141024,141028,141029,1,4
141024,141027,141029,2,3
141024,141028,141029,1,4
141024,141028,141029,1,4
141024,141028,141029,1,4
141024,141028,141029,1,4
141024,141029,141030,1,5
141024,141029,141030,1,5
141024,141029,141030,1,5
141024,141029,141030,1,5
141024,141029,141030,1,5
141024,141030,141031,1,6
141024,141030,141031,1,6
141024,141030,141031,1,6
141024,141030,141031,1,6
141024,141031,141032,1,7
141024,141031,141032,1,7
141024,141024,141032,8,0
141024,141029,141032,3,5
141024,141031,141032,1,7
141024,141031,141032,1,7
141024,141031,141032,1,7
141024,141032,141033,1,8
141024,141032,141033,1,8
141024,141032,141033,1,8
141024,141033,141034,1,9
140532,140542,141034,492,10
141024,141033,141034,1,9
141024,141033,141034,1,9
141024,141033,141034,1,9
141024,141032,141033,1,8
141024,141033,141034,1,9
141024,141033,141034,1,9
141024,141034,141035,1,10
141024,141034,141035,1,10
141024,141033,141034,1,9
141024,141033,141034,1,9
141024,141033,141034,1,9
141024,141033,141034,1,9
141024,141033,141034,1,9
141024,141034,141035,1,10
141024,141034,141035,1,10
141024,141034,141035,1,10
141024,141034,141035,1,10
141024,141034,141035,1,10
141024,141034,141035,1,10
141024,141034,141035,1,10
141024,141035,141036,1,11
141024,141035,141036,1,11
141024,141034,141035,1,10
141024,141034,141035,1,10
141024,141034,141035,1,10
141024,141035,141036,1,11
141024,141035,141036,1,11
141024,141035,141036,1,11
141024,141036,141037,1,12
141024,141036,141037,1,12
141024,141036,141037,1,12
141024,141036,141037,1,12
141024,141036,141037,1,12
141024,141035,141036,1,11
141024,141035,141036,1,11
141024,141035,141036,1,11
141024,141035,141036,1,11
141024,141036,141037,1,12
141024,141036,141037,1,12
141024,141036,141037,1,12
141024,141036,141037,1,12
141024,141036,141037,1,12
141024,141037,141038,1,13
141024,141037,141038,1,13
141024,141037,141038,1,13
141024,141037,141038,1,13
141024,141037,141038,1,13
141024,141036,141037,1,12
141024,141037,141038,1,13
141024,141036,141037,1,12
141024,141036,141037,1,12
141024,141037,141038,1,13
141024,141037,141038,1,13
141024,141037,141038,1,13
141024,141037,141038,1,13
141024,141037,141038,1,13
141024,141037,141038,1,13
141024,141038,141039,1,14
141024,141038,141039,1,14
141024,141038,141039,1,14
141024,141038,141039,1,14
141024,141038,141039,1,14
141024,141038,141039,1,14
141024,141038,141039,1,14
141024,141038,141039,1,14
141024,141038,141039,1,14
141024,141038,141039,1,14
141024,141038,141039,1,14
141024,141038,141039,1,14
141024,141038,141039,1,14
141024,141038,141039,1,14
141024,141038,141039,1,14
141024,141038,141039,1,14
141024,141038,141039,1,14
141024,141032,141039,7,8
141024,141039,141040,1,15
141024,141039,141040,1,15
141024,141039,141040,1,15
141024,141039,141040,1,15
141024,141039,141040,1,15
141024,141039,141040,1,15
141024,141039,141040,1,15
141024,141039,141040,1,15
141024,141039,141040,1,15
141024,141039,141040,1,15
141024,141039,141040,1,15
141024,141039,141040,1,15
141024,141039,141040,1,15
141024,141039,141040,1,15
141024,141039,141040,1,15
141024,141039,141040,1,15
141034,141040,141041,1,6
141034,141040,141041,1,6
141034,141040,141041,1,6
141034,141040,141041,1,6
141034,141040,141041,1,6
141034,141040,141041,1,6
141034,141040,141041,1,6
141034,141040,141041,1,6
141034,141040,141041,1,6
141034,141040,141041,1,6
141024,141039,141042,3,15
141034,141041,141043,2,7
141034,141041,141043,2,7
141034,141041,141043,2,7
141034,141041,141043,2,7
141034,141041,141043,2,7
141034,141041,141043,2,7
141034,141041,141043,2,7
141034,141042,141043,1,8
141034,141042,141043,1,8
141034,141042,141043,1,8
141034,141042,141043,1,8
141034,141042,141043,1,8
141034,141042,141043,1,8
141034,141042,141044,2,8
141034,141043,141044,1,9
141034,141044,141045,1,10
141034,141044,141045,1,10
141034,141042,141044,2,8
141034,141043,141045,2,9
141024,141032,141045,13,8
141034,141043,141044,1,9
141034,141043,141044,1,9
141034,141044,141045,1,10
141034,141044,141045,1,10
141034,141044,141045,1,10
141034,141044,141045,1,10
141034,141044,141045,1,10
141034,141044,141045,1,10
141034,141044,141045,1,10
141034,141045,141046,1,11
141034,141044,141045,1,10
141034,141045,141046,1,11
141024,141039,141046,7,15
141034,141045,141046,1,11
141034,141045,141046,1,11
141034,141046,141047,1,12
141034,141045,141046,1,11
141034,141045,141046,1,11
141034,141046,141047,1,12
141034,141046,141047,1,12
141034,141046,141047,1,12
141034,141047,141048,1,13
141034,141046,141047,1,12
141034,141046,141047,1,12
141034,141046,141047,1,12
141034,141046,141047,1,12
141034,141047,141048,1,13
141034,141047,141048,1,13
141034,141047,141048,1,13
141034,141047,141048,1,13
141034,141048,141049,1,14
141034,141048,141049,1,14
141034,141047,141048,1,13
141034,141048,141049,1,14
141034,141048,141049,1,14
141034,141048,141049,1,14
141034,141048,141049,1,14
141034,141048,141049,1,14
141034,141049,141050,1,15
141034,141049,141050,1,15
141034,141049,141050,1,15
141034,141049,141050,1,15
141034,141046,141051,5,12
141034,141046,141053,7,12
140347,140361,141059,698,14
141075,141076,141077,1,1
141075,141076,141077,1,1
141075,141076,141077,1,1
141075,141076,141077,1,1
141075,141076,141077,1,1
141075,141076,141077,1,1
141075,141076,141077,1,1
141075,141076,141078,2,1
141075,141077,141078,1,2
141075,141077,141078,1,2
141075,141076,141078,2,1
141075,141077,141078,1,2
141075,141077,141078,1,2
141075,141077,141078,1,2
141075,141077,141078,1,2
141075,141076,141079,3,1
141075,141078,141079,1,3
141075,141078,141079,1,3
141075,141076,141079,3,1
141075,141078,141079,1,3
141075,141078,141079,1,3
141075,141078,141079,1,3
141075,141078,141079,1,3
141075,141078,141079,1,3
141075,141078,141079,1,3
141075,141078,141079,1,3
141075,141078,141080,2,3
141075,141080,141081,1,5
141075,141080,141081,1,5
141075,141080,141081,1,5
141075,141079,141081,2,4
141075,141079,141081,2,4
141075,141079,141080,1,4
141075,141080,141081,1,5
141075,141080,141081,1,5
141075,141079,141080,1,4
141075,141080,141081,1,5
141075,141080,141081,1,5
141075,141080,141081,1,5
141075,141081,141082,1,6
141075,141079,141081,2,4
141075,141081,141082,1,6
141075,141081,141082,1,6
141075,141081,141082,1,6
141075,141081,141082,1,6
141075,141081,141082,1,6
141075,141081,141082,1,6
141075,141081,141082,1,6
141075,141081,141082,1,6
141075,141080,141082,2,5
141075,141082,141083,1,7
141075,141082,141083,1,7
141075,141082,141083,1,7
141075,141082,141083,1,7
141075,141082,141083,1,7
141075,141082,141083,1,7
141075,141082,141083,1,7
141075,141082,141083,1,7
141075,141082,141083,1,7
141075,141082,141083,1,7
141075,141082,141083,1,7
141075,141081,141083,2,6
141075,141083,141084,1,8
141075,141083,141084,1,8
141075,141082,141083,1,7
141075,141082,141083,1,7
141075,141083,141084,1,8
141075,141083,141084,1,8
141075,141083,141084,1,8
141075,141083,141084,1,8
141075,141083,141084,1,8
141075,141083,141084,1,8
141075,141082,141083,1,7
141075,141083,141084,1,8
141075,141083,141084,1,8
141075,141083,141084,1,8
141075,141084,141085,1,9
141075,141084,141085,1,9
141075,141084,141085,1,9
141075,141084,141085,1,9
141075,141084,141085,1,9
141075,141084,141085,1,9
141075,141083,141086,3,8
140375,140381,141089,708,6
141108,141108,141109,1,0
141108,141108,141109,1,0
141108,141108,141109,1,0
141108,141108,141109,1,0
141108,141108,141109,1,0
141108,141108,141109,1,0
141108,141108,141109,1,0
141108,141108,141109,1,0
141108,141108,141109,1,0
141108,141109,141110,1,1
141108,141109,141110,1,1
141108,141108,141109,1,0
141108,141108,141109,1,0
141108,141108,141110,2,0
141108,141109,141110,1,1
141108,141109,141110,1,1
141108,141110,141111,1,2
141108,141109,141110,1,1
141108,141109,141111,2,1
141108,141109,141110,1,1
141108,141109,141110,1,1
141108,141110,141111,1,2
141108,141110,141112,2,2
141108,141111,141112,1,3
141108,141109,141111,2,1
141108,141110,141111,1,2
141108,141111,141112,1,3
141108,141110,141111,1,2
141108,141110,141111,1,2
141108,141110,141111,1,2
141108,141110,141111,1,2
141108,141111,141112,1,3
141108,141111,141112,1,3
141108,141110,141111,1,2
141108,141111,141112,1,3
141108,141111,141112,1,3
141108,141111,141112,1,3
141108,141112,141113,1,4
141108,141112,141113,1,4
141108,141112,141113,1,4
141108,141112,141113,1,4
141108,141112,141113,1,4
141108,141111,141112,1,3
141108,141111,141112,1,3
141108,141112,141113,1,4
141108,141112,141113,1,4
141108,141112,141113,1,4
141108,141112,141113,1,4
141108,141112,141113,1,4
141108,141112,141113,1,4
141108,141112,141113,1,4
141108,141112,141113,1,4
141108,141113,141114,1,5
141108,141113,141114,1,5
141108,141113,141114,1,5
141108,141113,141114,1,5
141108,141113,141114,1,5
141108,141113,141114,1,5
141108,141113,141114,1,5
141108,141113,141114,1,5
141108,141113,141114,1,5
141108,141113,141114,1,5
141108,141113,141114,1,5
141108,141113,141114,1,5
141108,141113,141114,1,5
141108,141113,141114,1,5
141108,141114,141115,1,6
141108,141114,141115,1,6
141108,141113,141114,1,5
141108,141113,141115,2,5
141108,141114,141115,1,6
141108,141114,141115,1,6
141108,141114,141115,1,6
141108,141114,141115,1,6
141108,141114,141115,1,6
141108,141114,141115,1,6
141108,141114,141115,1,6
141108,141114,141115,1,6
141108,141114,141115,1,6
141108,141114,141115,1,6
141108,141115,141116,1,7
141108,141115,141116,1,7
141108,141115,141116,1,7
141108,141115,141116,1,7
141108,141115,141116,1,7
141108,141114,141115,1,6
141108,141114,141115,1,6
141108,141115,141116,1,7
141108,141115,141116,1,7
141108,141115,141116,1,7
141108,141115,141116,1,7
141108,141115,141116,1,7
141108,141115,141116,1,7
140652,140666,141170,504,14
141172,141173,141174,1,1
141172,141173,141174,1,1
141172,141173,141174,1,1
141172,141173,141174,1,1
141172,141173,141174,1,1
141172,141173,141174,1,1
141172,141173,141174,1,1
141172,141173,141175,2,1
141172,141174,141176,2,2
141172,141173,141175,2,1
141172,141173,141175,2,1
141172,141174,141175,1,2
141172,141174,141175,1,2
141172,141174,141175,1,2
141172,141174,141175,1,2
141172,141174,141176,2,2
141172,141173,141176,3,1
141172,141174,141176,2,2
141172,141175,141176,1,3
141172,141176,141177,1,4
141172,141175,141176,1,3
141172,141174,141176,2,2
141172,141174,141176,2,2
141172,141176,141177,1,4
141172,141175,141177,2,3
141172,141175,141177,2,3
141172,141176,141177,1,4
141172,141176,141177,1,4
141172,141177,141178,1,5
141172,141176,141177,1,4
141172,141177,141178,1,5
141172,141177,141178,1,5
141172,141177,141178,1,5
141172,141176,141177,1,4
141172,141176,141178,2,4
141172,141178,141179,1,6
141172,141177,141178,1,5
141172,141177,141178,1,5
141172,141178,141179,1,6
141172,141178,141179,1,6
141172,141178,141179,1,6
141172,141178,141179,1,6
141172,141178,141179,1,6
141172,141177,141178,1,5
141172,141177,141178,1,5
141172,141178,141179,1,6
141172,141178,141179,1,6
141172,141178,141179,1,6
141172,141179,141180,1,7
141172,141179,141180,1,7
141172,141179,141180,1,7
141172,141179,141180,1,7
141172,141179,141180,1,7
141172,141179,141180,1,7
141172,141179,141180,1,7
141172,141179,141180,1,7
141172,141180,141181,1,8
141172,141179,141180,1,7
141172,141179,141180,1,7
141172,141180,141181,1,8
141172,141180,141181,1,8
141172,141180,141181,1,8
141172,141180,141181,1,8
141172,141180,141181,1,8
141172,141180,141181,1,8
141172,141180,141181,1,8
141172,141180,141181,1,8
141172,141181,141182,1,9
141172,141181,141182,1,9
141172,141181,141182,1,9
141172,141181,141182,1,9
141172,141181,141182,1,9
141172,141181,141182,1,9
141172,141181,141182,1,9
141172,141181,141185,4,9
140480,140487,141195,708,7
140482,140495,141205,710,13
141206,141206,141207,1,0
141206,141206,141207,1,0
141206,141206,141207,1,0
141206,141206,141207,1,0
141206,141206,141207,1,0
141206,141206,141207,1,0
141206,141206,141207,1,0
141206,141206,141207,1,0
141206,141206,141207,1,0
141206,141206,141207,1,0
141206,141206,141207,1,0
141206,141206,141207,1,0
141206,141207,141208,1,1
141206,141207,141208,1,1
141206,141206,141208,2,0
141206,141206,141207,1,0
141206,141207,141208,1,1
141206,141207,141208,1,1
141206,141207,141208,1,1
141206,141206,141209,3,0
141206,141208,141209,1,2
141206,141208,141209,1,2
141206,141207,141209,2,1
141206,141207,141209,2,1
141206,141207,141209,2,1
141206,141207,141209,2,1
141206,141207,141209,2,1
141206,141208,141209,1,2
141206,141207,141208,1,1
141206,141208,141209,1,2
141206,141208,141209,1,2
141206,141209,141210,1,3
141206,141206,141210,4,0
141206,141206,141210,4,0
141206,141208,141210,2,2
141206,141209,141210,1,3
141206,141209,141210,1,3
141206,141208,141210,2,2
141206,141209,141210,1,3
141206,141209,141210,1,3
141206,141209,141210,1,3
141206,141209,141210,1,3
141206,141209,141210,1,3
141206,141206,141211,5,0
141206,141210,141211,1,4
141206,141210,141211,1,4
141206,141210,141211,1,4
141206,141210,141211,1,4
141206,141210,141211,1,4
141206,141210,141211,1,4
141206,141210,141211,1,4
141206,141209,141211,2,3
141206,141211,141212,1,5
141206,141209,141212,3,3
141206,141211,141212,1,5
141206,141210,141212,2,4
141206,141211,141212,1,5
141206,141211,141212,1,5
141206,141212,141213,1,6
141206,141212,141213,1,6
141206,141211,141213,2,5
141206,141212,141213,1,6
141206,141212,141213,1,6
141206,141212,141213,1,6
141206,141213,141214,1,7
141206,141213,141214,1,7
141206,141212,141214,2,6
141206,141214,141215,1,8
141206,141213,141215,2,7
141208,141214,141215,1,6
141208,141215,141216,1,7
141208,141215,141216,1,7
141208,141215,141216,1,7
141208,141215,141216,1,7
141206,141210,141216,6,4
141208,141215,141216,1,7
141208,141215,141216,1,7
141208,141216,141217,1,8
141208,141215,141217,2,7
141208,141215,141216,1,7
141208,141215,141216,1,7
141208,141215,141216,1,7
141208,141215,141216,1,7
141208,141215,141216,1,7
141208,141216,141217,1,8
141208,141215,141217,2,7
141208,141216,141217,1,8
141206,141214,141217,3,8
141208,141216,141217,1,8
141208,141217,141218,1,9
141208,141216,141217,1,8
141208,141216,141217,1,8
141208,141217,141218,1,9
141208,141218,141219,1,10
141208,141217,141218,1,9
141208,141217,141219,2,9
141208,141217,141218,1,9
141208,141217,141218,1,9
141208,141217,141218,1,9
141208,141217,141218,1,9
141208,141217,141218,1,9
141208,141218,141219,1,10
141208,141218,141219,1,10
141208,141217,141219,2,9
141208,141217,141219,2,9
141208,141217,141220,3,9
141208,141219,141220,1,11
141208,141219,141220,1,11
141208,141219,141220,1,11
141208,141219,141220,1,11
141208,141219,141220,1,11
141208,141219,141220,1,11
141208,141219,141220,1,11
141208,141218,141219,1,10
141208,141219,141220,1,11
141208,141219,141220,1,11
141208,141218,141220,2,10
141208,141219,141220,1,11
141208,141219,141220,1,11
141208,141220,141221,1,12
141208,141220,141221,1,12
141208,141220,141221,1,12
141208,141220,141221,1,12
141208,141220,141221,1,12
141208,141220,141221,1,12
141208,141220,141221,1,12
141208,141219,141220,1,11
141208,141221,141222,1,13
141208,141221,141222,1,13
141208,141221,141222,1,13
141208,141221,141222,1,13
141208,141221,141222,1,13
141208,141221,141222,1,13
141208,141221,141222,1,13
141208,141221,141222,1,13
141208,141221,141222,1,13
141208,141222,141223,1,14
141208,141222,141223,1,14
141208,141222,141223,1,14
141208,141222,141223,1,14
141208,141222,141223,1,14
141208,141222,141223,1,14
141208,141228,141229,1,20
141208,141228,141229,1,20
140748,140762,141247,485,14
140752,140770,141254,484,18
141256,141256,141257,1,0
141256,141256,141257,1,0
141256,141256,141257,1,0
141256,141256,141257,1,0
141256,141256,141258,2,0
141256,141256,141257,1,0
141256,141256,141257,1,0
141256,141256,141258,2,0
141256,141256,141257,1,0
141256,141257,141258,1,1
141256,141257,141258,1,1
141256,141256,141258,2,0
141256,141257,141258,1,1
141256,141257,141258,1,1
141256,141257,141258,1,1
141256,141257,141258,1,1
141256,141257,141258,1,1
141256,141257,141259,2,1
141256,141257,141258,1,1
141256,141258,141259,1,2
141256,141258,141259,1,2
141256,141258,141259,1,2
141256,141258,141259,1,2
141256,141258,141259,1,2
141256,141259,141260,1,3
141256,141259,141260,1,3
141256,141259,141260,1,3
141256,141259,141260,1,3
141256,141258,141259,1,2
141256,141259,141260,1,3
141256,141258,141259,1,2
141256,141258,141259,1,2
141256,141259,141260,1,3
141256,141259,141260,1,3
141256,141260,141261,1,4
141256,141259,141260,1,3
141256,141260,141261,1,4
141256,141260,141261,1,4
141256,141260,141261,1,4
141256,141260,141261,1,4
141256,141260,141261,1,4
141256,141259,141260,1,3
141256,141260,141261,1,4
141256,141259,141260,1,3
141256,141260,141261,1,4
141256,141260,141261,1,4
141256,141261,141262,1,5
141256,141261,141262,1,5
141256,141261,141262,1,5
141256,141261,141262,1,5
141256,141261,141262,1,5
141256,141261,141262,1,5
141256,141261,141262,1,5
141256,141261,141262,1,5
141256,141261,141262,1,5
141256,141261,141262,1,5
141256,141261,141262,1,5
141256,141261,141262,1,5
141256,141261,141262,1,5
141256,141261,141262,1,5
141256,141261,141262,1,5
141256,141261,141262,1,5
141256,141262,141263,1,6
141256,141262,141263,1,6
141256,141262,141263,1,6
141256,141262,141263,1,6
141256,141262,141263,1,6
141256,141262,141263,1,6
141256,141262,141263,1,6
141256,141262,141263,1,6
141256,141262,141263,1,6
141256,141262,141263,1,6
141256,141262,141263,1,6
141256,141262,141263,1,6
141256,141262,141263,1,6
141256,141262,141263,1,6
141256,141262,141263,1,6
141256,141262,141263,1,6
141256,141263,141264,1,7
141256,141263,141264,1,7
141256,141263,141264,1,7
141256,141263,141264,1,7
141256,141263,141264,1,7
141256,141263,141264,1,7
141256,141263,141264,1,7
141256,141263,141264,1,7
141256,141263,141264,1,7
141256,141263,141264,1,7
141256,141263,141264,1,7
141256,141263,141264,1,7
141256,141263,141264,1,7
141256,141264,141265,1,8
141256,141263,141264,1,7
141256,141264,141265,1,8
141256,141264,141265,1,8
141256,141264,141265,1,8
141256,141264,141265,1,8
141256,141264,141266,2,8
141256,141264,141266,2,8
141256,141264,141266,2,8
141256,141264,141266,2,8
141256,141264,141266,2,8
141256,141264,141266,2,8
141256,141265,141266,1,9
141256,141265,141267,2,9
141256,141265,141266,1,9
141256,141265,141267,2,9
141256,141265,141267,2,9
141256,141265,141267,2,9
141256,141265,141267,2,9
141256,141265,141267,2,9
141256,141264,141267,3,8
141256,141264,141267,3,8
141256,141265,141267,2,9
141256,141266,141267,1,10
141256,141267,141268,1,11
141256,141267,141268,1,11
141256,141266,141268,2,10
141256,141266,141268,2,10
141256,141266,141268,2,10
141256,141266,141268,2,10
141256,141267,141268,1,11
141256,141267,141269,2,11
141256,141267,141269,2,11
141256,141267,141269,2,11
141256,141267,141268,1,11
141256,141268,141269,1,12
141256,141268,141269,1,12
141256,141267,141269,2,11
141256,141269,141270,1,13
141256,141268,141269,1,12
141256,141269,141270,1,13
141256,141269,141270,1,13
141256,141270,141271,1,14
141256,141270,141271,1,14
141256,141270,141271,1,14
141256,141270,141271,1,14
141256,141269,141270,1,13
141256,141269,141271,2,13
141256,141269,141270,1,13
141256,141269,141271,2,13
141256,141270,141271,1,14
141256,141271,141272,1,15
141256,141271,141272,1,15
141256,141271,141272,1,15
141256,141271,141272,1,15
141256,141271,141272,1,15
141256,141271,141272,1,15
141256,141272,141273,1,16
141256,141271,141273,2,15
140608,140621,141334,713,13
141335,141335,141336,1,0
141335,141335,141336,1,0
141335,141335,141336,1,0
141335,141335,141336,1,0
141335,141335,141336,1,0
141335,141335,141336,1,0
141335,141335,141336,1,0
141335,141335,141336,1,0
141335,141335,141336,1,0
141335,141335,141336,1,0
141335,141335,141336,1,0
141335,141335,141336,1,0
141335,141335,141336,1,0
141335,141335,141336,1,0
141335,141335,141336,1,0
141335,141335,141336,1,0
141335,141335,141336,1,0
141335,141336,141337,1,1
141335,141336,141337,1,1
141335,141336,141337,1,1
141335,141336,141337,1,1
141335,141336,141337,1,1
141335,141336,141337,1,1
141335,141336,141337,1,1
141335,141336,141337,1,1
141335,141336,141337,1,1
141335,141336,141337,1,1
141335,141336,141337,1,1
141335,141336,141337,1,1
141335,141337,141338,1,2
141335,141337,141338,1,2
141335,141336,141337,1,1
141335,141337,141338,1,2
141335,141337,141338,1,2
141335,141337,141338,1,2
141335,141337,141338,1,2
141335,141337,141338,1,2
141335,141336,141337,1,1
141335,141337,141338,1,2
141335,141337,141338,1,2
141335,141337,141338,1,2
141335,141337,141339,2,2
141335,141337,141338,1,2
141335,141337,141338,1,2
141335,141337,141338,1,2
141335,141338,141339,1,3
141335,141338,141339,1,3
141335,141337,141338,1,2
141335,141338,141339,1,3
141335,141338,141339,1,3
141335,141338,141339,1,3
141335,141338,141339,1,3
141335,141338,141339,1,3
141335,141338,141339,1,3
141335,141338,141339,1,3
141335,141338,141339,1,3
141335,141339,141340,1,4
141335,141339,141340,1,4
141335,141338,141340,2,3
141335,141339,141340,1,4
141335,141339,141340,1,4
141335,141339,141340,1,4
141335,141339,141340,1,4
141335,141339,141340,1,4
141335,141339,141340,1,4
141335,141339,141340,1,4
141335,141339,141340,1,4
141335,141339,141340,1,4
141335,141339,141341,2,4
141335,141339,141340,1,4
141335,141340,141341,1,5
141335,141339,141340,1,4
141335,141340,141341,1,5
141335,141340,141341,1,5
141335,141340,141341,1,5
141335,141340,141341,1,5
141335,141340,141341,1,5
141335,141340,141341,1,5
141335,141340,141341,1,5
141335,141341,141342,1,6
141335,141341,141342,1,6
141335,141340,141341,1,5
141335,141341,141342,1,6
141335,141340,141341,1,5
141335,141341,141342,1,6
141335,141342,141343,1,7
141335,141341,141342,1,6
140606,140621,141352,731,15
141358,141358,141359,1,0
141358,141358,141359,1,0
141358,141358,141359,1,0
141358,141358,141359,1,0
141358,141358,141359,1,0
141358,141358,141359,1,0
141358,141358,141359,1,0
141358,141358,141359,1,0
141358,141358,141359,1,0
141358,141358,141359,1,0
140650,140666,141359,693,16
141358,141358,141359,1,0
141358,141358,141359,1,0
141358,141358,141359,1,0
141358,141358,141359,1,0
141358,141358,141360,2,0
141358,141359,141360,1,1
141358,141359,141360,1,1
141358,141359,141360,1,1
141358,141359,141360,1,1
141358,141358,141359,1,0
141358,141359,141360,1,1
141358,141358,141359,1,0
141358,141359,141360,1,1
141358,141359,141360,1,1
141358,141359,141360,1,1
141358,141359,141360,1,1
141358,141360,141361,1,2
141358,141359,141361,2,1
141358,141359,141360,1,1
141358,141359,141360,1,1
141358,141360,141361,1,2
141358,141359,141360,1,1
141358,141359,141360,1,1
141358,141360,141361,1,2
141358,141360,141361,1,2
141358,141360,141361,1,2
141358,141360,141361,1,2
141358,141360,141361,1,2
141358,141360,141361,1,2
141358,141360,141362,2,2
141358,141360,141361,1,2
141358,141361,141362,1,3
141358,141361,141362,1,3
141358,141361,141362,1,3
141358,141360,141361,1,2
141358,141361,141362,1,3
141358,141361,141362,1,3
141358,141361,141362,1,3
141358,141360,141362,2,2
141358,141361,141362,1,3
141358,141361,141362,1,3
141358,141361,141362,1,3
141358,141361,141362,1,3
141358,141361,141362,1,3
141358,141361,141362,1,3
141358,141360,141361,1,2
141358,141361,141362,1,3
141358,141362,141363,1,4
141358,141362,141363,1,4
141358,141362,141363,1,4
141358,141362,141363,1,4
141358,141362,141363,1,4
141358,141362,141363,1,4
141358,141362,141363,1,4
141358,141362,141363,1,4
141358,141362,141363,1,4
141358,141362,141363,1,4
141358,141362,141363,1,4
141358,141362,141363,1,4
141358,141362,141363,1,4
141358,141363,141364,1,5
141358,141362,141363,1,4
141358,141362,141363,1,4
141358,141363,141364,1,5
141358,141363,141364,1,5
141358,141364,141365,1,6
141358,141363,141365,2,5
141358,141364,141365,1,6
141358,141364,141365,1,6
141360,141365,141366,1,5
141358,141364,141366,2,6
141360,141365,141366,1,5
141358,141365,141366,1,7
141360,141366,141367,1,6
141360,141366,141367,1,6
141360,141366,141367,1,6
141360,141366,141368,2,6
141360,141366,141367,1,6
141360,141366,141367,1,6
141360,141366,141367,1,6
141360,141366,141367,1,6
141360,141366,141367,1,6
141360,141366,141367,1,6
141360,141366,141367,1,6
141360,141366,141368,2,6
141360,141367,141368,1,7
141360,141367,141368,1,7
141360,141367,141368,1,7
141360,141367,141368,1,7
141360,141366,141368,2,6
141360,141368,141369,1,8
141360,141368,141369,1,8
141360,141367,141369,2,7
141360,141368,141369,1,8
141360,141368,141369,1,8
141360,141368,141369,1,8
141360,141369,141370,1,9
141360,141368,141369,1,8
141360,141368,141369,1,8
141360,141368,141369,1,8
141360,141368,141369,1,8
141360,141368,141369,1,8
141360,141369,141370,1,9
141360,141369,141370,1,9
141360,141370,141371,1,10
141360,141369,141370,1,9
141360,141369,141370,1,9
141360,141370,141371,1,10
141360,141370,141371,1,10
141360,141370,141371,1,10
141360,141370,141371,1,10
141360,141370,141371,1,10
141360,141370,141371,1,10
141360,141371,141372,1,11
141360,141371,141372,1,11
141360,141371,141372,1,11
141360,141370,141371,1,10
141360,141370,141371,1,10
141360,141371,141372,1,11
141360,141371,141372,1,11
141360,141371,141372,1,11
141360,141371,141372,1,11
141360,141372,141373,1,12
141360,141372,141373,1,12
141360,141371,141372,1,11
141360,141372,141373,1,12
141360,141372,141373,1,12
141360,141372,141373,1,12
141360,141372,141373,1,12
141360,141372,141373,1,12
141360,141372,141373,1,12
141360,141372,141373,1,12
141360,141373,141374,1,13
141360,141373,141374,1,13
141360,141372,141373,1,12
141360,141373,141374,1,13
141360,141372,141373,1,12
141360,141372,141373,1,12
141360,141373,141374,1,13
141360,141373,141374,1,13
141360,141373,141374,1,13
141360,141373,141374,1,13
141360,141373,141374,1,13
141360,141373,141374,1,13
141360,141373,141374,1,13
141360,141374,141375,1,14
141360,141370,141406,36,10
140719,140726,141452,726,7
141454,141454,141455,1,0
141454,141454,141455,1,0
141454,141454,141455,1,0
141454,141454,141455,1,0
141454,141454,141455,1,0
141454,141454,141455,1,0
141454,141454,141455,1,0
141454,141455,141456,1,1
141454,141455,141456,1,1
141454,141455,141456,1,1
141454,141454,141456,2,0
141454,141454,141455,1,0
141454,141454,141456,2,0
141454,141454,141456,2,0
141454,141454,141456,2,0
141454,141454,141457,3,0
141454,141455,141457,2,1
141454,141455,141457,2,1
141454,141454,141457,3,0
141454,141455,141457,2,1
141454,141455,141457,2,1
141454,141455,141457,2,1
141454,141456,141457,1,2
141454,141455,141457,2,1
141454,141457,141458,1,3
141454,141457,141458,1,3
141454,141457,141458,1,3
141454,141457,141458,1,3
141454,141457,141458,1,3
141454,141457,141458,1,3
141454,141457,141458,1,3
141454,141458,141459,1,4
141454,141457,141459,2,3
141454,141457,141459,2,3
141454,141458,141459,1,4
141454,141459,141460,1,5
141454,141458,141459,1,4
141454,141458,141459,1,4
141454,141458,141459,1,4
141454,141459,141460,1,5
141454,141459,141460,1,5
141454,141459,141460,1,5
141454,141460,141461,1,6
141454,141460,141461,1,6
141454,141460,141461,1,6
141454,141460,141461,1,6
141454,141460,141461,1,6
141454,141461,141462,1,7
141454,141462,141463,1,8
141454,141461,141462,1,7
141454,141461,141462,1,7
141454,141462,141463,1,8
141454,141462,141463,1,8
141454,141462,141463,1,8
141454,141462,141463,1,8
141454,141462,141463,1,8
141454,141462,141463,1,8
141454,141463,141464,1,9
141454,141463,141464,1,9
140961,140968,141474,506,7
141484,141484,141485,1,0
141484,141484,141485,1,0
141484,141484,141485,1,0
141484,141484,141486,2,0
141484,141484,141485,1,0
141484,141484,141485,1,0
141484,141484,141485,1,0
141484,141485,141486,1,1
141484,141484,141485,1,0
141484,141485,141486,1,1
141484,141485,141486,1,1
141484,141485,141486,1,1
141484,141485,141486,1,1
141484,141485,141486,1,1
141484,141485,141486,1,1
141484,141486,141487,1,2
141484,141486,141487,1,2
141484,141485,141486,1,1
141484,141486,141487,1,2
141484,141485,141486,1,1
141484,141485,141486,1,1
141484,141486,141487,1,2
141484,141486,141487,1,2
141484,141486,141487,1,2
141484,141486,141487,1,2
141484,141486,141487,1,2
141484,141486,141487,1,2
141484,141486,141487,1,2
141484,141486,141487,1,2
141484,141487,141488,1,3
141484,141487,141488,1,3
141484,141487,141488,1,3
141484,141487,141488,1,3
141484,141487,141488,1,3
141484,141487,141488,1,3
141484,141484,141489,5,0
141484,141484,141489,5,0
141484,141487,141489,2,3
141484,141487,141488,1,3
141484,141487,141488,1,3
141484,141487,141489,2,3
141484,141488,141489,1,4
141484,141487,141488,1,3
141484,141488,141489,1,4
141484,141488,141489,1,4
141484,141488,141489,1,4
141484,141488,141489,1,4
141484,141488,141489,1,4
141484,141488,141489,1,4
141484,141488,141489,1,4
141484,141489,141490,1,5
141484,141489,141490,1,5
141484,141489,141490,1,5
141484,141489,141490,1,5
141484,141488,141489,1,4
141484,141489,141490,1,5
141484,141489,141490,1,5
141484,141489,141490,1,5
141484,141489,141490,1,5
141484,141489,141490,1,5
141484,141489,141490,1,5
141484,141489,141490,1,5
141484,141489,141490,1,5
141484,141490,141491,1,6
141484,141490,141491,1,6
141484,141487,141490,3,3
141484,141490,141491,1,6
141484,141490,141491,1,6
141484,141490,141491,1,6
141484,141490,141491,1,6
141484,141490,141491,1,6
141484,141490,141491,1,6
141484,141490,141491,1,6
141484,141490,141491,1,6
141484,141490,141491,1,6
141484,141489,141492,3,5
141484,141490,141491,1,6
141484,141491,141492,1,7
141484,141491,141492,1,7
141484,141491,141492,1,7
141484,141491,141492,1,7
141484,141490,141491,1,6
141484,141491,141492,1,7
141484,141491,141492,1,7
141484,141491,141492,1,7
141484,141491,141492,1,7
141484,141491,141492,1,7
141484,141491,141492,1,7
141484,141491,141492,1,7
141484,141491,141492,1,7
141484,141491,141492,1,7
141484,141489,141494,5,5
141484,141492,141493,1,8
141025,141040,141519,479,15
141520,141520,141521,1,0
141520,141520,141521,1,0
141520,141520,141521,1,0
141520,141520,141521,1,0
141520,141520,141521,1,0
140750,140770,141521,751,20
141520,141520,141521,1,0
141520,141520,141521,1,0
141520,141520,141521,1,0
141520,141520,141521,1,0
141520,141520,141521,1,0
141520,141520,141522,2,0
141520,141520,141521,1,0
141520,141520,141521,1,0
141520,141520,141522,2,0
141520,141520,141522,2,0
141520,141520,141522,2,0
141520,141521,141522,1,1
141520,141521,141522,1,1
141520,141521,141522,1,1
141520,141521,141522,1,1
141520,141520,141522,2,0
141520,141521,141522,1,1
141520,141521,141522,1,1
141520,141521,141522,1,1
141520,141521,141522,1,1
141520,141521,141522,1,1
141027,141040,141522,482,13
141520,141522,141523,1,2
141520,141522,141523,1,2
141520,141521,141523,2,1
141520,141521,141523,2,1
141520,141522,141524,2,2
141520,141522,141524,2,2
141520,141522,141524,2,2
141520,141522,141523,1,2
141520,141522,141524,2,2
141520,141522,141524,2,2
141520,141523,141524,1,3
141520,141523,141524,1,3
141520,141523,141524,1,3
141520,141523,141524,1,3
141520,141524,141525,1,4
141520,141525,141526,1,5
141520,141524,141525,1,4
141520,141524,141525,1,4
141520,141525,141526,1,5
141520,141525,141526,1,5
141520,141525,141526,1,5
141520,141525,141526,1,5
141520,141525,141526,1,5
141520,141525,141526,1,5
141520,141526,141527,1,6
141520,141526,141527,1,6
141520,141527,141528,1,7
141520,141527,141528,1,7
141520,141527,141528,1,7
141522,141527,141528,1,5
141520,141526,141528,2,6
141520,141527,141528,1,7
141522,141528,141529,1,6
141522,141528,141529,1,6
141522,141528,141529,1,6
141522,141528,141530,2,6
141522,141528,141530,2,6
141522,141528,141529,1,6
141522,141528,141530,2,6
141522,141528,141530,2,6
141522,141528,141530,2,6
141522,141528,141529,1,6
141522,141528,141529,1,6
141522,141528,141529,1,6
141522,141528,141529,1,6
141522,141529,141531,2,7
141522,141529,141530,1,7
141522,141529,141530,1,7
141522,141529,141530,1,7
141522,141529,141530,1,7
141522,141529,141530,1,7
141522,141529,141530,1,7
141522,141530,141531,1,8
141522,141530,141531,1,8
141522,141530,141531,1,8
141522,141530,141531,1,8
141522,141530,141531,1,8
141522,141530,141531,1,8
141522,141529,141531,2,7
141522,141529,141531,2,7
141522,141531,141532,1,9
141522,141530,141531,1,8
141522,141530,141532,2,8
141522,141530,141531,1,8
141522,141531,141532,1,9
141522,141531,141532,1,9
141522,141530,141532,2,8
141522,141531,141532,1,9
141522,141531,141532,1,9
141522,141531,141532,1,9
141522,141531,141532,1,9
141522,141531,141532,1,9
141522,141531,141532,1,9
141522,141532,141533,1,10
141522,141532,141533,1,10
141522,141532,141533,1,10
141522,141532,141533,1,10
141522,141532,141533,1,10
141522,141532,141533,1,10
141522,141532,141533,1,10
141522,141531,141532,1,9
141522,141531,141532,1,9
141522,141532,141533,1,10
141522,141532,141533,1,10
141522,141532,141533,1,10
141522,141532,141533,1,10
141522,141532,141533,1,10
141522,141532,141533,1,10
141522,141532,141533,1,10
141522,141533,141534,1,11
141522,141533,141534,1,11
141522,141532,141533,1,10
141522,141533,141534,1,11
141522,141533,141534,1,11
141522,141533,141534,1,11
141522,141533,141534,1,11
141522,141533,141534,1,11
141522,141533,141534,1,11
141522,141533,141534,1,11
141522,141533,141534,1,11
141522,141533,141534,1,11
141522,141533,141534,1,11
141522,141533,141534,1,11
141522,141533,141534,1,11
141522,141533,141534,1,11
141522,141534,141535,1,12
141522,141534,141535,1,12
141522,141534,141535,1,12
141522,141534,141535,1,12
141522,141534,141535,1,12
141522,141534,141535,1,12
141522,141534,141535,1,12
141522,141534,141535,1,12
141522,141534,141535,1,12
141522,141534,141535,1,12
141522,141534,141535,1,12
141522,141534,141535,1,12
141522,141534,141535,1,12
141522,141534,141535,1,12
141522,141534,141535,1,12
141524,141535,141536,1,11
141524,141535,141536,1,11
141524,141535,141536,1,11
141524,141535,141536,1,11
141524,141535,141536,1,11
141524,141535,141536,1,11
141524,141535,141536,1,11
141524,141536,141537,1,12
141524,141536,141537,1,12
141524,141536,141537,1,12
141524,141535,141536,1,11
141524,141535,141536,1,11
141524,141535,141536,1,11
141524,141536,141537,1,12
141524,141536,141537,1,12
141524,141536,141537,1,12
141524,141535,141536,1,11
141524,141536,141537,1,12
141524,141536,141537,1,12
141524,141536,141537,1,12
141524,141536,141537,1,12
141524,141536,141537,1,12
141524,141536,141537,1,12
141524,141537,141538,1,13
141524,141537,141538,1,13
141524,141537,141538,1,13
141524,141536,141537,1,12
141524,141536,141538,2,12
141524,141536,141538,2,12
141524,141537,141538,1,13
141524,141537,141538,1,13
141524,141537,141538,1,13
141524,141538,141539,1,14
141524,141538,141539,1,14
141524,141538,141539,1,14
141524,141538,141539,1,14
141524,141537,141538,1,13
141524,141537,141538,1,13
141524,141537,141539,2,13
141524,141538,141539,1,14
141524,141538,141539,1,14
141524,141538,141539,1,14
141524,141538,141539,1,14
141524,141538,141539,1,14
141524,141538,141539,1,14
141524,141538,141539,1,14
141524,141539,141540,1,15
141524,141539,141540,1,15
141524,141539,141540,1,15
141524,141538,141539,1,14
141524,141540,141541,1,16
141524,141540,141541,1,16
141524,141540,141541,1,16
141524,141540,141541,1,16
141524,141540,141541,1,16
141524,141540,141541,1,16
141524,141539,141540,1,15
141524,141539,141540,1,15
141524,141540,141541,1,16
141524,141540,141541,1,16
141524,141541,141542,1,17
141524,141541,141542,1,17
141524,141541,141542,1,17
141524,141541,141542,1,17
141524,141541,141542,1,17
141524,141541,141542,1,17
141077,141084,141554,470,7
140836,140842,141565,723,6
141565,141565,141566,1,0
141565,141565,141566,1,0
141565,141565,141566,1,0
141565,141566,141567,1,1
141565,141566,141567,1,1
141565,141566,141567,1,1
141565,141566,141567,1,1
141565,141566,141567,1,1
141565,141566,141567,1,1
141565,141566,141567,1,1
141565,141566,141567,1,1
141565,141566,141567,1,1
141565,141566,141567,1,1
141565,141567,141568,1,2
141565,141567,141568,1,2
141565,141567,141568,1,2
141565,141567,141568,1,2
141565,141567,141568,1,2
141565,141567,141568,1,2
141565,141568,141569,1,3
141565,141568,141569,1,3
141565,141567,141568,1,2
141565,141567,141568,1,2
141565,141567,141568,1,2
141565,141567,141568,1,2
141565,141568,141569,1,3
141565,141568,141569,1,3
141565,141568,141569,1,3
141565,141568,141569,1,3
141565,141568,141569,1,3
141565,141568,141569,1,3
141565,141569,141570,1,4
141565,141570,141571,1,5
141565,141569,141570,1,4
141565,141569,141570,1,4
141565,141569,141570,1,4
141565,141570,141571,1,5
141565,141570,141571,1,5
141565,141570,141571,1,5
141565,141570,141571,1,5
141565,141570,141571,1,5
141565,141571,141572,1,6
141565,141571,141572,1,6
141565,141571,141572,1,6
141565,141570,141571,1,5
141565,141571,141572,1,6
141565,141571,141572,1,6
141565,141571,141572,1,6
141565,141571,141572,1,6
141565,141571,141572,1,6
141565,141571,141572,1,6
141565,141571,141572,1,6
141575,141575,141576,1,0
141575,141575,141576,1,0
141575,141575,141576,1,0
141575,141575,141576,1,0
141575,141575,141576,1,0
141575,141575,141576,1,0
141575,141575,141576,1,0
141575,141575,141576,1,0
141575,141575,141576,1,0
141575,141575,141576,1,0
141575,141575,141577,2,0
141575,141575,141577,2,0
141575,141575,141577,2,0
141575,141575,141577,2,0
141575,141575,141576,1,0
141575,141575,141577,2,0
141575,141575,141577,2,0
141575,141575,141576,1,0
141575,141575,141576,1,0
141575,141575,141577,2,0
141575,141575,141578,3,0
141575,141576,141578,2,1
141575,141576,141578,2,1
141575,141576,141578,2,1
141575,141576,141578,2,1
141575,141576,141578,2,1
141575,141576,141578,2,1
141575,141576,141578,2,1
141575,141576,141578,2,1
141575,141577,141579,2,2
141575,141577,141579,2,2
141575,141576,141578,2,1
141575,141577,141579,2,2
141575,141577,141579,2,2
141575,141576,141578,2,1
141575,141577,141579,2,2
141575,141577,141579,2,2
141575,141577,141578,1,2
141575,141578,141579,1,3
141575,141578,141579,1,3
141575,141577,141578,1,2
141575,141577,141579,2,2
141575,141578,141579,1,3
141575,141578,141579,1,3
141575,141577,141578,1,2
141575,141578,141579,1,3
141575,141578,141579,1,3
141575,141578,141579,1,3
141575,141578,141580,2,3
141575,141578,141580,2,3
141575,141579,141580,1,4
141575,141579,141580,1,4
141575,141579,141580,1,4
141575,141579,141580,1,4
141575,141579,141580,1,4
141575,141579,141580,1,4
141575,141579,141580,1,4
141575,141580,141581,1,5
141575,141579,141581,2,4
141575,141580,141581,1,5
141575,141580,141581,1,5
141575,141580,141581,1,5
141575,141581,141582,1,6
141575,141581,141582,1,6
141575,141581,141582,1,6
140884,140892,141589,697,8
141593,141593,141594,1,0
141593,141593,141594,1,0
141593,141593,141594,1,0
141593,141593,141594,1,0
141593,141593,141594,1,0
141593,141593,141594,1,0
141593,141593,141594,1,0
141593,141593,141594,1,0
141593,141594,141595,1,1
141593,141593,141594,1,0
141593,141593,141594,1,0
141593,141593,141594,1,0
141593,141594,141595,1,1
141593,141594,141595,1,1
141593,141594,141595,1,1
141593,141593,141594,1,0
141593,141594,141595,1,1
141593,141594,141595,1,1
141593,141593,141595,2,0
141593,141594,141595,1,1
141593,141594,141595,1,1
141593,141594,141595,1,1
141593,141595,141596,1,2
141593,141595,141596,1,2
141593,141595,141596,1,2
141593,141595,141596,1,2
141593,141595,141596,1,2
141593,141595,141596,1,2
141593,141595,141596,1,2
141593,141595,141596,1,2
141593,141595,141596,1,2
141593,141595,141596,1,2
141593,141595,141596,1,2
141593,141595,141596,1,2
141593,141595,141596,1,2
141593,141595,141596,1,2
141593,141596,141597,1,3
141593,141595,141596,1,2
141593,141595,141596,1,2
141593,141595,141596,1,2
141593,141595,141596,1,2
141593,141596,141597,1,3
141593,141596,141597,1,3
141593,141596,141597,1,3
141593,141597,141598,1,4
141593,141597,141598,1,4
141593,141597,141598,1,4
141593,141597,141598,1,4
141593,141597,141598,1,4
141593,141596,141597,1,3
141593,141597,141598,1,4
141593,141597,141598,1,4
141593,141597,141598,1,4
141593,141597,141598,1,4
141593,141597,141598,1,4
141593,141597,141598,1,4
141593,141597,141598,1,4
141593,141597,141598,1,4
141593,141597,141598,1,4
141593,141597,141598,1,4
141593,141597,141598,1,4
141593,141597,141598,1,4
141593,141597,141598,1,4
141593,141598,141599,1,5
141593,141597,141598,1,4
141593,141597,141598,1,4
141593,141598,141599,1,5
141593,141598,141599,1,5
141593,141598,141599,1,5
141593,141598,141599,1,5
141593,141598,141599,1,5
141593,141598,141599,1,5
141593,141598,141599,1,5
141593,141598,141599,1,5
141593,141598,141599,1,5
141593,141598,141599,1,5
141593,141598,141599,1,5
141593,141598,141599,1,5
141593,141598,141599,1,5
141593,141598,141599,1,5
141593,141598,141599,1,5
141593,141598,141599,1,5
141593,141598,141599,1,5
141593,141598,141599,1,5
141593,141599,141600,1,6
141593,141599,141600,1,6
141593,141599,141600,1,6
141593,141599,141600,1,6
140921,140929,141671,742,8
141674,141674,141675,1,0
141674,141674,141675,1,0
141674,141674,141675,1,0
141674,141674,141675,1,0
141674,141674,141675,1,0
141674,141674,141675,1,0
141674,141674,141675,1,0
141674,141674,141675,1,0
141674,141674,141675,1,0
141674,141674,141675,1,0
141674,141675,141676,1,1
141674,141675,141676,1,1
141674,141674,141675,1,0
141674,141675,141676,1,1
141674,141675,141676,1,1
141674,141675,141676,1,1
141674,141674,141675,1,0
141674,141675,141676,1,1
141674,141675,141676,1,1
141674,141674,141676,2,0
141674,141674,141675,1,0
141674,141674,141675,1,0
141674,141675,141676,1,1
141674,141674,141676,2,0
141674,141675,141676,1,1
141674,141675,141676,1,1
141674,141675,141676,1,1
141674,141676,141677,1,2
141674,141676,141677,1,2
141674,141676,141677,1,2
141674,141676,141677,1,2
141674,141675,141676,1,1
141674,141676,141677,1,2
141674,141676,141677,1,2
141674,141676,141677,1,2
141674,141676,141677,1,2
141674,141676,141677,1,2
141674,141676,141677,1,2
141674,141676,141677,1,2
141674,141676,141677,1,2
141674,141676,141677,1,2
141674,141676,141677,1,2
141674,141676,141677,1,2
141674,141677,141678,1,3
141674,141677,141678,1,3
141674,141676,141677,1,2
141674,141676,141677,1,2
141674,141676,141677,1,2
141674,141677,141678,1,3
141674,141677,141679,2,3
141674,141678,141679,1,4
141674,141678,141679,1,4
141674,141678,141679,1,4
141674,141678,141679,1,4
141674,141677,141679,2,3
141674,141677,141679,2,3
141674,141678,141679,1,4
141674,141677,141678,1,3
141674,141677,141678,1,3
141674,141677,141678,1,3
141674,141678,141679,1,4
141674,141678,141679,1,4
141674,141678,141679,1,4
141674,141678,141679,1,4
141674,141678,141679,1,4
141674,141678,141679,1,4
141674,141678,141679,1,4
141674,141678,141679,1,4
141674,141678,141679,1,4
141674,141678,141680,2,4
141674,141678,141679,1,4
141674,141679,141680,1,5
141674,141679,141680,1,5
141674,141678,141679,1,4
141674,141679,141680,1,5
141674,141679,141680,1,5
141674,141679,141680,1,5
141674,141679,141680,1,5
141674,141679,141680,1,5
141674,141679,141680,1,5
141674,141679,141680,1,5
141674,141679,141680,1,5
141674,141679,141680,1,5
141674,141679,141680,1,5
141674,141679,141680,1,5
141674,141679,141680,1,5
141674,141679,141680,1,5
141674,141679,141680,1,5
141674,141679,141680,1,5
141674,141679,141680,1,5
141674,141679,141680,1,5
141674,141680,141681,1,6
141210,141222,141699,477,12
141701,141701,141702,1,0
141701,141701,141702,1,0
141701,141701,141702,1,0
141701,141701,141702,1,0
141701,141701,141702,1,0
141701,141701,141702,1,0
141701,141701,141702,1,0
141701,141701,141702,1,0
141701,141701,141702,1,0
141701,141701,141702,1,0
141701,141701,141702,1,0
141701,141701,141702,1,0
141701,141701,141703,2,0
141701,141701,141703,2,0
141701,141701,141702,1,0
141701,141701,141702,1,0
141701,141701,141702,1,0
141701,141701,141703,2,0
141701,141702,141703,1,1
141701,141701,141702,1,0
141701,141702,141703,1,1
141701,141702,141703,1,1
141701,141702,141703,1,1
141701,141701,141702,1,0
141701,141702,141703,1,1
141701,141702,141703,1,1
141701,141702,141703,1,1
141701,141701,141703,2,0
141701,141701,141702,1,0
141701,141702,141703,1,1
141701,141702,141703,1,1
141701,141702,141703,1,1
141701,141702,141703,1,1
140997,141005,141704,699,8
141701,141702,141704,2,1
141701,141702,141703,1,1
141701,141703,141705,2,2
141701,141702,141704,2,1
141701,141703,141705,2,2
141701,141703,141705,2,2
141701,141704,141705,1,3
141701,141703,141705,2,2
141701,141703,141705,2,2
141701,141703,141705,2,2
141701,141704,141705,1,3
141701,141703,141705,2,2
141701,141703,141705,2,2
141701,141703,141705,2,2
141701,141703,141705,2,2
141701,141703,141705,2,2
141701,141703,141705,2,2
141701,141703,141705,2,2
141701,141704,141705,1,3
141701,141703,141706,3,2
141701,141705,141706,1,4
141701,141705,141706,1,4
141701,141706,141707,1,5
141705,141707,141708,1,2
141705,141707,141708,1,2
141705,141707,141708,1,2
141705,141707,141708,1,2
141705,141707,141708,1,2
141705,141707,141708,1,2
141701,141705,141708,3,4
141701,141706,141707,1,5
141701,141706,141707,1,5
141705,141708,141709,1,3
141705,141708,141709,1,3
141705,141708,141709,1,3
141705,141708,141709,1,3
141705,141708,141709,1,3
141705,141708,141709,1,3
141705,141708,141709,1,3
141705,141708,141709,1,3
141705,141707,141708,1,2
141705,141708,141709,1,3
141705,141708,141709,1,3
141705,141708,141709,1,3
141705,141708,141709,1,3
141705,141708,141709,1,3
141705,141708,141709,1,3
141705,141708,141709,1,3
141705,141708,141709,1,3
141705,141708,141709,1,3
141705,141708,141709,1,3
141705,141709,141710,1,4
141705,141708,141709,1,3
141705,141708,141709,1,3
141705,141708,141709,1,3
141705,141708,141710,2,3
141705,141708,141709,1,3
141705,141710,141711,1,5
141705,141710,141711,1,5
141705,141710,141711,1,5
141705,141710,141711,1,5
141705,141710,141711,1,5
141705,141710,141711,1,5
141705,141710,141711,1,5
141705,141709,141710,1,4
141705,141709,141710,1,4
141705,141709,141710,1,4
141705,141710,141711,1,5
141705,141710,141711,1,5
141705,141710,141711,1,5
141705,141710,141711,1,5
141705,141709,141710,1,4
141705,141709,141710,1,4
141705,141709,141710,1,4
141705,141709,141710,1,4
141705,141709,141710,1,4
141705,141710,141711,1,5
141705,141710,141711,1,5
141705,141710,141711,1,5
141705,141711,141712,1,6
141705,141711,141712,1,6
141705,141711,141712,1,6
141705,141711,141712,1,6
141705,141711,141712,1,6
141705,141711,141712,1,6
141705,141711,141712,1,6
141705,141711,141712,1,6
141705,141711,141712,1,6
141705,141711,141712,1,6
141705,141711,141712,1,6
141705,141711,141712,1,6
141705,141711,141712,1,6
141705,141711,141712,1,6
141705,141711,141712,1,6
141705,141711,141712,1,6
141705,141711,141712,1,6
141705,141711,141712,1,6
141705,141711,141712,1,6
141705,141711,141712,1,6
141705,141711,141712,1,6
141705,141710,141712,2,5
141705,141711,141712,1,6
141705,141712,141713,1,7
141705,141712,141713,1,7
141705,141712,141713,1,7
141705,141712,141713,1,7
141705,141712,141713,1,7
141705,141712,141713,1,7
141705,141712,141713,1,7
141705,141712,141713,1,7
141705,141712,141713,1,7
141705,141712,141713,1,7
141705,141712,141713,1,7
141705,141712,141713,1,7
141705,141712,141713,1,7
141705,141712,141713,1,7
141705,141712,141713,1,7
141705,141712,141713,1,7
141705,141710,141712,2,5
141705,141712,141713,1,7
141035,141049,141760,711,14
141761,141761,141762,1,0
141761,141761,141762,1,0
141761,141761,141762,1,0
141761,141761,141762,1,0
141761,141761,141762,1,0
141761,141761,141762,1,0
141761,141761,141762,1,0
141761,141761,141762,1,0
141761,141761,141762,1,0
141761,141761,141762,1,0
141761,141761,141762,1,0
141761,141761,141762,1,0
141761,141761,141762,1,0
141761,141761,141763,2,0
141761,141761,141763,2,0
141761,141761,141763,2,0
141761,141761,141763,2,0
141761,141761,141763,2,0
141761,141761,141763,2,0
141761,141761,141763,2,0
141761,141761,141762,1,0
141761,141762,141763,1,1
141761,141762,141763,1,1
141761,141761,141762,1,0
141761,141762,141763,1,1
141761,141761,141763,2,0
141761,141762,141763,1,1
141761,141761,141763,2,0
141761,141761,141763,2,0
141761,141761,141763,2,0
141761,141763,141764,1,2
141761,141763,141764,1,2
141761,141763,141764,1,2
141761,141764,141765,1,3
141761,141764,141765,1,3
141761,141764,141765,1,3
141761,141764,141765,1,3
141761,141763,141765,2,2
141761,141764,141765,1,3
141761,141763,141765,2,2
141761,141763,141765,2,2
141761,141763,141765,2,2
141761,141763,141765,2,2
141761,141764,141765,1,3
141761,141764,141765,1,3
141761,141765,141766,1,4
141761,141765,141766,1,4
141761,141765,141766,1,4
141761,141765,141766,1,4
141761,141765,141766,1,4
141761,141765,141766,1,4
141761,141765,141766,1,4
141761,141765,141766,1,4
141761,141765,141766,1,4
141761,141765,141766,1,4
141761,141765,141766,1,4
141761,141765,141766,1,4
141761,141765,141766,1,4
141761,141766,141767,1,5
141761,141766,141767,1,5
141761,141766,141767,1,5
141109,141115,141815,700,6
141816,141816,141817,1,0
141816,141816,141817,1,0
141816,141816,141817,1,0
141816,141816,141817,1,0
141816,141816,141817,1,0
141816,141816,141817,1,0
141816,141816,141817,1,0
141816,141816,141817,1,0
141816,141816,141817,1,0
141816,141816,141817,1,0
141816,141816,141818,2,0
141816,141816,141818,2,0
141816,141816,141818,2,0
141816,141817,141818,1,1
141816,141817,141818,1,1
141816,141817,141818,1,1
141816,141817,141818,1,1
141816,141817,141818,1,1
141816,141816,141818,2,0
141816,141816,141818,2,0
141816,141816,141818,2,0
141816,141816,141818,2,0
141816,141816,141818,2,0
141816,141816,141818,2,0
141816,141816,141818,2,0
141816,141816,141818,2,0
141816,141816,141818,2,0
141816,141818,141819,1,2
141816,141818,141819,1,2
141816,141818,141819,1,2
141816,141818,141819,1,2
141816,141819,141820,1,3
141816,141819,141820,1,3
141816,141819,141820,1,3
141816,141819,141820,1,3
141816,141819,141820,1,3
141816,141819,141820,1,3
141816,141819,141820,1,3
141816,141819,141820,1,3
141816,141819,141820,1,3
141816,141819,141820,1,3
141816,141819,141820,1,3
141816,141820,141821,1,4
141816,141820,141821,1,4
141816,141820,141821,1,4
141816,141820,141821,1,4
141816,141820,141821,1,4
141816,141820,141821,1,4
141816,141821,141822,1,5
141816,141821,141822,1,5
141816,141821,141822,1,5
141816,141821,141822,1,5
141816,141821,141822,1,5
141816,141821,141822,1,5
141816,141821,141822,1,5
141816,141821,141822,1,5
141816,141821,141822,1,5
141816,141821,141822,1,5
141174,141181,141892,711,7
141894,141894,141895,1,0
141894,141894,141895,1,0
141894,141894,141895,1,0
141894,141894,141895,1,0
141894,141894,141895,1,0
141894,141894,141895,1,0
141894,141894,141895,1,0
141894,141894,141895,1,0
141894,141894,141895,1,0
141894,141894,141895,1,0
141894,141894,141895,1,0
141894,141894,141896,2,0
141894,141894,141896,2,0
141894,141894,141896,2,0
141894,141894,141896,2,0
141894,141894,141895,1,0
141894,141894,141896,2,0
141894,141894,141896,2,0
141894,141894,141896,2,0
141894,141894,141896,2,0
141894,141895,141896,1,1
141894,141894,141896,2,0
141894,141894,141895,1,0
141894,141895,141896,1,1
141894,141895,141896,1,1
141894,141894,141896,2,0
141894,141895,141896,1,1
141894,141895,141896,1,1
141894,141894,141896,2,0
141894,141895,141896,1,1
141894,141895,141896,1,1
141894,141894,141896,2,0
141894,141894,141896,2,0
141894,141895,141896,1,1
141894,141895,141896,1,1
141894,141894,141896,2,0
141894,141894,141896,2,0
141894,141896,141897,1,2
141894,141896,141897,1,2
141894,141895,141896,1,1
141894,141896,141897,1,2
141894,141896,141897,1,2
141894,141896,141897,1,2
141894,141895,141896,1,1
141894,141896,141897,1,2
141894,141896,141897,1,2
141894,141896,141897,1,2
141894,141896,141897,1,2
141894,141896,141897,1,2
141894,141896,141897,1,2
141894,141896,141897,1,2
141894,141896,141897,1,2
141894,141896,141897,1,2
141894,141896,141897,1,2
141894,141896,141897,1,2
141894,141896,141897,1,2
141894,141896,141897,1,2
141894,141897,141898,1,3
141894,141896,141897,1,2
141894,141896,141897,1,2
141894,141896,141898,2,2
141894,141896,141897,1,2
141894,141897,141898,1,3
141894,141896,141897,1,2
141894,141897,141898,1,3
141894,141897,141898,1,3
141894,141897,141898,1,3
141894,141897,141898,1,3
141894,141897,141898,1,3
141894,141897,141898,1,3
141894,141896,141897,1,2
141894,141897,141898,1,3
141894,141897,141898,1,3
141894,141897,141898,1,3
141894,141897,141898,1,3
141894,141897,141898,1,3
141894,141897,141898,1,3
141894,141897,141898,1,3
141894,141897,141898,1,3
141894,141898,141899,1,4
141894,141898,141899,1,4
141894,141898,141899,1,4
141894,141898,141899,1,4
141894,141898,141899,1,4
141894,141898,141899,1,4
141894,141898,141899,1,4
141894,141898,141899,1,4
141894,141898,141899,1,4
141207,141214,141922,708,7
141924,141924,141925,1,0
141924,141924,141925,1,0
141924,141924,141925,1,0
141924,141924,141925,1,0
141924,141924,141925,1,0
141924,141924,141925,1,0
141924,141924,141925,1,0
141924,141924,141925,1,0
141924,141924,141926,2,0
141924,141924,141926,2,0
141924,141924,141925,1,0
141924,141924,141925,1,0
141924,141924,141925,1,0
141924,141924,141925,1,0
141924,141925,141926,1,1
141924,141924,141925,1,0
141924,141924,141925,1,0
141924,141925,141926,1,1
141924,141925,141926,1,1
141924,141924,141925,1,0
141924,141925,141926,1,1
141924,141925,141926,1,1
141924,141924,141925,1,0
141924,141925,141926,1,1
141924,141925,141926,1,1
141924,141925,141926,1,1
141924,141924,141925,1,0
141924,141924,141925,1,0
141924,141925,141926,1,1
141924,141924,141926,2,0
141924,141926,141927,1,2
141924,141926,141927,1,2
141924,141926,141927,1,2
141924,141926,141927,1,2
141924,141926,141927,1,2
141924,141926,141927,1,2
141924,141926,141927,1,2
141924,141926,141927,1,2
141924,141926,141927,1,2
141924,141926,141927,1,2
141924,141926,141927,1,2
141924,141926,141927,1,2
141924,141925,141926,1,1
141924,141926,141927,1,2
141924,141926,141927,1,2
141924,141926,141927,1,2
141924,141926,141927,1,2
141924,141926,141927,1,2
141924,141926,141927,1,2
141924,141926,141927,1,2
141924,141924,141927,3,0
141924,141924,141927,3,0
141924,141926,141927,1,2
141924,141926,141927,1,2
141924,141926,141927,1,2
141924,141926,141927,1,2
141924,141926,141927,1,2
141924,141926,141927,1,2
141924,141926,141927,1,2
141924,141927,141928,1,3
141924,141927,141928,1,3
141924,141927,141928,1,3
141924,141927,141928,1,3
141924,141927,141928,1,3
141924,141927,141928,1,3
141924,141927,141928,1,3
141924,141927,141928,1,3
141924,141927,141928,1,3
141924,141927,141928,1,3
141924,141927,141928,1,3
141924,141927,141928,1,3
141924,141927,141928,1,3
141924,141927,141928,1,3
141924,141927,141928,1,3
141924,141927,141928,1,3
141924,141927,141928,1,3
141924,141927,141928,1,3
141924,141927,141928,1,3
141924,141927,141928,1,3
141924,141928,141929,1,4
141924,141928,141929,1,4
141924,141928,141929,1,4
141924,141928,141929,1,4
141924,141928,141929,1,4
141924,141928,141929,1,4
141924,141928,141929,1,4
141924,141928,141929,1,4
141924,141928,141929,1,4
141924,141928,141929,1,4
141924,141928,141929,1,4
141924,141928,141929,1,4
141924,141929,141930,1,5
141924,141928,141931,3,4
141257,141272,142005,733,15
142006,142006,142007,1,0
141259,141272,142007,735,13
142006,142006,142007,1,0
142006,142006,142007,1,0
142006,142006,142008,2,0
142006,142006,142007,1,0
142006,142006,142007,1,0
142006,142006,142007,1,0
142006,142006,142007,1,0
142006,142006,142008,2,0
142006,142006,142008,2,0
142006,142006,142007,1,0
142006,142006,142007,1,0
142006,142007,142008,1,1
142006,142006,142007,1,0
142006,142007,142008,1,1
142006,142007,142008,1,1
142006,142007,142008,1,1
142006,142006,142008,2,0
142006,142006,142008,2,0
142006,142006,142007,1,0
142006,142006,142007,1,0
142006,142006,142007,1,0
142006,142006,142008,2,0
142006,142006,142008,2,0
142006,142006,142007,1,0
142006,142007,142008,1,1
142006,142007,142008,1,1
142006,142006,142008,2,0
142006,142007,142008,1,1
142006,142008,142009,1,2
142006,142008,142009,1,2
142006,142008,142009,1,2
142006,142007,142008,1,1
142006,142007,142008,1,1
142006,142008,142009,1,2
142006,142008,142009,1,2
142006,142007,142008,1,1
142006,142008,142009,1,2
142006,142008,142009,1,2
142006,142008,142009,1,2
142006,142008,142009,1,2
142006,142008,142009,1,2
142006,142008,142009,1,2
142006,142008,142009,1,2
142006,142007,142009,2,1
142006,142008,142009,1,2
142006,142008,142009,1,2
142006,142008,142009,1,2
142006,142007,142009,2,1
142006,142008,142009,1,2
142006,142008,142009,1,2
142006,142008,142010,2,2
142006,142008,142009,1,2
142006,142008,142009,1,2
142006,142008,142009,1,2
142006,142008,142009,1,2
142006,142008,142009,1,2
142006,142008,142009,1,2
142006,142009,142010,1,3
142006,142009,142010,1,3
142006,142009,142010,1,3
142006,142009,142010,1,3
142006,142009,142010,1,3
142006,142009,142010,1,3
142006,142009,142010,1,3
142006,142009,142010,1,3
142006,142009,142010,1,3
142006,142009,142010,1,3
142006,142009,142010,1,3
142006,142009,142010,1,3
142006,142009,142010,1,3
142006,142009,142010,1,3
142006,142009,142010,1,3
142006,142009,142010,1,3
142006,142009,142010,1,3
142006,142009,142010,1,3
142006,142009,142010,1,3
142006,142009,142010,1,3
142006,142009,142010,1,3
142006,142009,142010,1,3
142006,142009,142010,1,3
142006,142009,142010,1,3
142006,142010,142011,1,4
142006,142010,142011,1,4
142006,142010,142011,1,4
142006,142010,142011,1,4
142006,142010,142011,1,4
142006,142010,142011,1,4
142006,142010,142011,1,4
142006,142010,142011,1,4
142008,142010,142011,1,2
142008,142010,142011,1,2
142008,142010,142011,1,2
142006,142010,142011,1,4
142008,142010,142011,1,2
142008,142010,142011,1,2
142008,142010,142011,1,2
142008,142010,142011,1,2
142008,142010,142011,1,2
142008,142010,142011,1,2
142008,142010,142011,1,2
142006,142010,142011,1,4
142008,142010,142012,2,2
142008,142010,142012,2,2
142008,142010,142011,1,2
142008,142010,142012,2,2
142008,142010,142012,2,2
142008,142011,142012,1,3
142008,142011,142012,1,3
142008,142011,142012,1,3
142008,142011,142012,1,3
142008,142011,142012,1,3
142008,142011,142012,1,3
142008,142011,142013,2,3
142008,142011,142013,2,3
142008,142011,142013,2,3
142008,142011,142013,2,3
142008,142011,142013,2,3
142008,142011,142013,2,3
142008,142011,142012,1,3
142008,142010,142012,2,2
142008,142010,142013,3,2
142008,142010,142013,3,2
142008,142010,142013,3,2
142008,142010,142013,3,2
142008,142010,142013,3,2
142008,142011,142013,2,3
142008,142011,142013,2,3
142008,142011,142013,2,3
142008,142012,142014,2,4
142008,142011,142013,2,3
142008,142011,142013,2,3
142008,142011,142013,2,3
142008,142013,142014,1,5
142008,142012,142013,1,4
142008,142013,142014,1,5
142008,142013,142014,1,5
142008,142013,142014,1,5
142008,142013,142014,1,5
142008,142013,142014,1,5
142008,142013,142014,1,5
142008,142012,142014,2,4
142008,142012,142014,2,4
142008,142012,142014,2,4
142008,142012,142014,2,4
142008,142013,142014,1,5
142008,142014,142015,1,6
142008,142014,142015,1,6
142008,142014,142015,1,6
142008,142014,142015,1,6
142008,142014,142015,1,6
142008,142014,142015,1,6
142008,142014,142015,1,6
142008,142015,142016,1,7
142008,142015,142016,1,7
142008,142015,142016,1,7
142008,142015,142016,1,7
141336,141342,142040,698,6
142046,142047,142048,1,1
142046,142047,142048,1,1
142046,142047,142048,1,1
142046,142047,142048,1,1
142046,142047,142048,1,1
142046,142047,142048,1,1
142046,142047,142048,1,1
142046,142047,142048,1,1
142046,142047,142048,1,1
142046,142047,142049,2,1
142046,142047,142048,1,1
142046,142047,142048,1,1
142046,142047,142048,1,1
142046,142047,142048,1,1
142046,142048,142049,1,2
142046,142047,142048,1,1
142046,142047,142048,1,1
142046,142047,142048,1,1
142046,142047,142048,1,1
142046,142048,142049,1,2
142046,142049,142050,1,3
142046,142049,142050,1,3
142046,142048,142049,1,2
142046,142048,142049,1,2
142046,142048,142049,1,2
142046,142048,142049,1,2
142046,142048,142049,1,2
142046,142048,142049,1,2
142046,142048,142049,1,2
142046,142048,142049,1,2
142046,142048,142049,1,2
142046,142049,142050,1,3
142046,142048,142049,1,2
142046,142049,142050,1,3
142046,142048,142049,1,2
142046,142049,142050,1,3
142046,142049,142050,1,3
142046,142049,142050,1,3
142046,142047,142050,3,1
142046,142047,142050,3,1
142046,142049,142050,1,3
142046,142049,142050,1,3
142046,142050,142051,1,4
142046,142050,142051,1,4
142046,142050,142051,1,4
142046,142050,142051,1,4
142046,142050,142051,1,4
142046,142050,142051,1,4
142046,142050,142051,1,4
142046,142050,142051,1,4
142046,142050,142051,1,4
142046,142050,142051,1,4
142046,142050,142051,1,4
142046,142050,142051,1,4
142046,142050,142051,1,4
142046,142050,142051,1,4
142046,142051,142052,1,5
142046,142051,142052,1,5
142046,142051,142052,1,5
142046,142050,142051,1,4
141359,141365,142077,712,6
142078,142079,142080,1,1
142078,142079,142080,1,1
142078,142079,142080,1,1
142078,142079,142080,1,1
142078,142079,142080,1,1
142078,142079,142080,1,1
142078,142079,142080,1,1
142078,142079,142080,1,1
142078,142079,142080,1,1
142078,142079,142080,1,1
142078,142079,142080,1,1
142078,142079,142080,1,1
142078,142079,142080,1,1
142078,142079,142080,1,1
142078,142079,142080,1,1
142078,142080,142081,1,2
142078,142079,142080,1,1
142078,142079,142080,1,1
142078,142080,142081,1,2
142078,142080,142081,1,2
142078,142079,142081,2,1
142078,142079,142080,1,1
142078,142079,142080,1,1
142078,142079,142080,1,1
142078,142080,142081,1,2
142078,142080,142081,1,2
142078,142080,142081,1,2
142078,142079,142080,1,1
142078,142079,142080,1,1
142078,142080,142081,1,2
142078,142081,142082,1,3
142078,142081,142082,1,3
142078,142081,142082,1,3
142078,142081,142082,1,3
142078,142081,142082,1,3
142078,142081,142082,1,3
142078,142081,142082,1,3
142078,142080,142081,1,2
142078,142081,142082,1,3
142078,142081,142082,1,3
142078,142081,142082,1,3
142078,142080,142081,1,2
142078,142081,142082,1,3
142078,142081,142082,1,3
142078,142080,142081,1,2
142078,142081,142082,1,3
142078,142081,142082,1,3
142078,142081,142082,1,3
142078,142081,142082,1,3
142078,142081,142082,1,3
142078,142081,142082,1,3
142078,142082,142083,1,4
142078,142082,142083,1,4
142078,142082,142083,1,4
142078,142082,142083,1,4
142078,142082,142083,1,4
142078,142082,142083,1,4
142078,142082,142083,1,4
142078,142082,142083,1,4
142078,142082,142083,1,4
142078,142082,142083,1,4
142078,142082,142083,1,4
142078,142082,142083,1,4
142078,142082,142083,1,4
142078,142082,142083,1,4
142078,142082,142083,1,4
142078,142082,142083,1,4
142078,142082,142083,1,4
142078,142082,142083,1,4
142078,142082,142083,1,4
142078,142082,142083,1,4
141362,141374,142098,724,12
142103,142103,142104,1,0
142103,142103,142104,1,0
142103,142103,142104,1,0
142103,142103,142104,1,0
142103,142103,142104,1,0
142103,142103,142104,1,0
142103,142103,142104,1,0
142103,142103,142104,1,0
142103,142103,142104,1,0
142103,142103,142104,1,0
142103,142103,142104,1,0
142103,142104,142105,1,1
142103,142104,142105,1,1
142103,142103,142104,1,0
142103,142103,142104,1,0
142103,142103,142104,1,0
142103,142103,142104,1,0
142103,142103,142104,1,0
142103,142104,142105,1,1
142103,142103,142104,1,0
142103,142103,142105,2,0
142103,142103,142104,1,0
142103,142103,142104,1,0
142103,142103,142104,1,0
142103,142103,142104,1,0
142103,142104,142105,1,1
142103,142103,142104,1,0
142103,142103,142104,1,0
142103,142103,142104,1,0
142103,142104,142105,1,1
142103,142104,142105,1,1
142103,142104,142105,1,1
142103,142105,142106,1,2
142103,142104,142105,1,1
142103,142105,142106,1,2
142103,142105,142106,1,2
142103,142105,142106,1,2
142103,142104,142105,1,1
142103,142104,142105,1,1
142103,142105,142106,1,2
142103,142105,142106,1,2
142103,142105,142106,1,2
142103,142105,142106,1,2
142103,142105,142106,1,2
142103,142105,142106,1,2
142103,142105,142106,1,2
142103,142105,142106,1,2
142103,142105,142106,1,2
142103,142105,142106,1,2
142103,142104,142105,1,1
142103,142105,142106,1,2
142103,142105,142106,1,2
142103,142105,142106,1,2
142103,142104,142105,1,1
142103,142105,142106,1,2
142103,142105,142106,1,2
142103,142105,142106,1,2
142103,142105,142106,1,2
142103,142105,142106,1,2
142103,142105,142106,1,2
142103,142105,142106,1,2
142103,142105,142106,1,2
142103,142105,142106,1,2
142103,142105,142106,1,2
142103,142105,142106,1,2
142103,142106,142107,1,3
142103,142106,142107,1,3
142103,142106,142107,1,3
142103,142106,142107,1,3
142103,142106,142107,1,3
142103,142106,142107,1,3
142103,142106,142107,1,3
142103,142106,142107,1,3
142103,142106,142107,1,3
142103,142106,142107,1,3
142103,142106,142107,1,3
142103,142106,142107,1,3
142103,142106,142107,1,3
142103,142106,142107,1,3
142103,142106,142107,1,3
142103,142106,142107,1,3
142103,142106,142107,1,3
142103,142106,142107,1,3
142103,142106,142107,1,3
142103,142106,142107,1,3
142103,142106,142107,1,3
142103,142106,142107,1,3
142103,142106,142107,1,3
142103,142106,142107,1,3
141456,141463,142181,718,7
142182,142182,142183,1,0
142182,142182,142183,1,0
142182,142182,142183,1,0
142182,142182,142183,1,0
142182,142182,142183,1,0
142182,142182,142183,1,0
142182,142182,142183,1,0
142182,142182,142183,1,0
142182,142182,142183,1,0
142182,142182,142183,1,0
142182,142182,142183,1,0
142182,142182,142183,1,0
142182,142182,142184,2,0
142182,142182,142184,2,0
142182,142182,142184,2,0
142182,142182,142184,2,0
142182,142182,142184,2,0
142182,142182,142184,2,0
142182,142182,142184,2,0
142182,142182,142184,2,0
142182,142182,142183,1,0
142182,142182,142184,2,0
142182,142182,142184,2,0
142182,142182,142184,2,0
142182,142183,142184,1,1
142182,142183,142184,1,1
142182,142183,142184,1,1
142182,142183,142184,1,1
142182,142182,142184,2,0
142182,142182,142183,1,0
142182,142183,142184,1,1
142182,142182,142184,2,0
142182,142182,142184,2,0
142182,142182,142184,2,0
142182,142182,142184,2,0
142182,142183,142184,1,1
142182,142183,142185,2,1
142182,142183,142185,2,1
142182,142183,142185,2,1
142182,142183,142185,2,1
142182,142182,142184,2,0
142182,142184,142185,1,2
142182,142185,142186,1,3
142182,142185,142186,1,3
142182,142184,142185,1,2
142182,142184,142185,1,2
142182,142183,142185,2,1
142182,142183,142185,2,1
142182,142185,142186,1,3
142182,142185,142186,1,3
142182,142184,142185,1,2
142182,142184,142185,1,2
142182,142185,142186,1,3
142182,142185,142186,1,3
142182,142186,142187,1,4
142182,142185,142186,1,3
142182,142186,142187,1,4
142182,142185,142186,1,3
142182,142186,142187,1,4
142182,142186,142187,1,4
142182,142186,142187,1,4
142182,142186,142187,1,4
141485,141492,142231,739,7
142232,142232,142233,1,0
142232,142232,142233,1,0
142232,142232,142233,1,0
142232,142232,142233,1,0
142232,142232,142233,1,0
142232,142232,142233,1,0
142232,142232,142233,1,0
142232,142232,142233,1,0
142232,142232,142233,1,0
142232,142232,142233,1,0
142232,142232,142233,1,0
142232,142232,142233,1,0
142232,142232,142234,2,0
142232,142232,142234,2,0
142232,142232,142233,1,0
142232,142232,142233,1,0
142232,142232,142234,2,0
142232,142232,142234,2,0
142232,142232,142234,2,0
142232,142232,142234,2,0
142232,142232,142234,2,0
142232,142232,142234,2,0
142232,142232,142234,2,0
142232,142232,142233,1,0
142232,142232,142233,1,0
142232,142232,142233,1,0
142232,142232,142233,1,0
142232,142232,142233,1,0
142232,142232,142233,1,0
142232,142233,142234,1,1
142232,142232,142233,1,0
142232,142233,142234,1,1
142232,142233,142234,1,1
142232,142232,142233,1,0
142232,142232,142233,1,0
142232,142233,142234,1,1
142232,142233,142234,1,1
142232,142232,142234,2,0
142232,142232,142234,2,0
142232,142233,142234,1,1
142232,142232,142233,1,0
142232,142232,142234,2,0
142232,142233,142234,1,1
142232,142234,142235,1,2
142232,142234,142235,1,2
142232,142234,142235,1,2
142232,142233,142234,1,1
142232,142234,142235,1,2
142232,142234,142235,1,2
142232,142234,142235,1,2
142232,142234,142235,1,2
142232,142234,142235,1,2
142232,142234,142235,1,2
142232,142234,142235,1,2
142232,142233,142235,2,1
142232,142233,142234,1,1
142232,142234,142235,1,2
142232,142234,142235,1,2
142232,142233,142234,1,1
142232,142234,142235,1,2
142232,142234,142235,1,2
142232,142234,142235,1,2
142232,142234,142235,1,2
142232,142234,142235,1,2
142232,142234,142235,1,2
142232,142234,142235,1,2
142232,142234,142235,1,2
142232,142234,142235,1,2
142232,142234,142235,1,2
142232,142234,142236,2,2
142232,142234,142235,1,2
142232,142234,142235,1,2
142232,142234,142236,2,2
142232,142235,142236,1,3
142232,142235,142236,1,3
142232,142235,142236,1,3
142232,142235,142236,1,3
142232,142234,142236,2,2
90236,90238,142985,52747,2
142984,142986,143049,63,2
160349,160351,171053,10702,2
171051,171054,171056,2,3
171244,171246,223477,52231,2
223476,223479,223541,62,3
231877,231877,322510,90633,0
322491,322491,327583,5092,0
322949,322950,370139,47189,1
390224,390224,390227,3,0
390224,390224,390228,4,0
390224,390224,390228,4,0
390224,390224,390228,4,0
390224,390224,390228,4,0
390224,390224,390228,4,0
390224,390224,390228,4,0
390224,390224,390228,4,0
390224,390224,390228,4,0
390224,390224,390229,5,0
390224,390224,390228,4,0
390224,390224,390228,4,0
390224,390224,390228,4,0
390224,390224,390228,4,0
390224,390224,390228,4,0
390224,390224,390228,4,0
390224,390224,390228,4,0
390224,390224,390229,5,0
390224,390224,390229,5,0
390224,390224,390229,5,0
390224,390224,390229,5,0
390224,390224,390229,5,0
390224,390224,390229,5,0
390224,390224,390229,5,0
390224,390224,390229,5,0
390224,390224,390229,5,0
390224,390224,390229,5,0
390224,390224,390228,4,0
390224,390224,390228,4,0
390224,390224,390228,4,0
390224,390224,390229,5,0
390224,390224,390229,5,0
390224,390224,390228,4,0
390224,390224,390228,4,0
390224,390224,390228,4,0
390224,390224,390228,4,0
390224,390224,390229,5,0
390224,390224,390229,5,0
390224,390224,390229,5,0
390224,390224,390230,6,0
390224,390224,390229,5,0
390224,390224,390229,5,0
390224,390224,390229,5,0
390224,390224,390229,5,0
390224,390224,390229,5,0
390224,390225,390230,5,1
390224,390225,390230,5,1
390224,390225,390230,5,1
390224,390225,390230,5,1
390224,390225,390230,5,1
390224,390225,390230,5,1
390224,390225,390230,5,1
390224,390225,390230,5,1
390224,390224,390230,6,0
390224,390224,390230,6,0
390224,390224,390230,6,0
390224,390224,390230,6,0
390224,390224,390230,6,0
390224,390229,390230,1,5
390224,390229,390230,1,5
390224,390224,390230,6,0
390224,390224,390230,6,0
390224,390224,390231,7,0
390224,390224,390230,6,0
390224,390224,390230,6,0
390224,390229,390230,1,5
390224,390229,390230,1,5
390224,390229,390230,1,5
390224,390224,390230,6,0
390224,390224,390230,6,0
390224,390224,390230,6,0
390224,390224,390230,6,0
390224,390224,390230,6,0
390224,390224,390230,6,0
390224,390224,390230,6,0
390224,390227,390230,3,3
390224,390229,390230,1,5
390224,390229,390230,1,5
390224,390229,390230,1,5
390224,390224,390230,6,0
390224,390225,390231,6,1
390224,390225,390231,6,1
390224,390224,390231,7,0
390224,390229,390231,2,5
390224,390229,390231,2,5
390224,390225,390232,7,1
390224,390225,390232,7,1
390224,390225,390232,7,1
390224,390225,390232,7,1
390224,390230,390232,2,6
390224,390230,390232,2,6
390224,390230,390232,2,6
390224,390230,390233,3,6
390224,390230,390232,2,6
390224,390230,390232,2,6
390224,390230,390233,3,6
390224,390229,390232,3,5
390224,390229,390233,4,5
390224,390225,390233,8,1
390224,390231,390234,3,7
390224,390230,390233,3,6
390224,390230,390234,4,6
390224,390230,390234,4,6
390224,390230,390234,4,6
390224,390230,390234,4,6
390224,390231,390234,3,7
390224,390230,390233,3,6
390224,390230,390234,4,6
390224,390230,390234,4,6
390224,390230,390234,4,6
390224,390230,390234,4,6
390224,390230,390234,4,6
390224,390230,390233,3,6
390224,390230,390234,4,6
390224,390230,390234,4,6
390224,390230,390234,4,6
390224,390231,390234,3,7
390224,390230,390233,3,6
390224,390230,390234,4,6
390224,390230,390234,4,6
390224,390231,390234,3,7
390224,390230,390233,3,6
390224,390230,390234,4,6
390224,390230,390233,3,6
390224,390230,390234,4,6
390224,390225,390234,9,1
390224,390231,390234,3,7
390224,390231,390234,3,7
390224,390231,390234,3,7
390224,390231,390234,3,7
390224,390231,390234,3,7
390224,390231,390234,3,7
390224,390231,390234,3,7
390224,390231,390234,3,7
390224,390231,390234,3,7
390224,390231,390235,4,7
390224,390231,390235,4,7
390224,390231,390235,4,7
390224,390231,390235,4,7
390224,390231,390234,3,7
390224,390231,390234,3,7
390224,390231,390234,3,7
390224,390231,390234,3,7
390224,390230,390234,4,6
390224,390230,390234,4,6
390224,390231,390234,3,7
390224,390231,390234,3,7
390224,390231,390234,3,7
390224,390231,390234,3,7
390224,390231,390234,3,7
390224,390232,390235,3,8
390224,390232,390235,3,8
390224,390233,390236,3,9
390224,390233,390236,3,9
390224,390231,390235,4,7
390224,390231,390235,4,7
390224,390231,390235,4,7
390224,390231,390235,4,7
390224,390231,390235,4,7
390224,390231,390235,4,7
390224,390231,390235,4,7
390224,390231,390235,4,7
390224,390231,390236,5,7
390224,390232,390236,4,8
390224,390233,390236,3,9
390224,390232,390236,4,8
390224,390233,390236,3,9
390224,390233,390236,3,9
390224,390232,390236,4,8
390224,390233,390236,3,9
390224,390233,390236,3,9
390224,390233,390236,3,9
390224,390233,390236,3,9
390224,390234,390236,2,10
390224,390233,390236,3,9
390224,390230,390237,7,6
390224,390233,390237,4,9
390224,390234,390237,3,10
390224,390234,390237,3,10
390224,390234,390236,2,10
390224,390234,390237,3,10
390224,390234,390237,3,10
390224,390233,390236,3,9
390224,390233,390236,3,9
390224,390234,390237,3,10
390224,390234,390237,3,10
390224,390234,390237,3,10
390224,390234,390237,3,10
390224,390234,390237,3,10
390224,390234,390237,3,10
390224,390234,390237,3,10
390224,390234,390237,3,10
390224,390234,390237,3,10
390224,390234,390237,3,10
390224,390234,390237,3,10
390224,390234,390237,3,10
390224,390234,390237,3,10
390224,390234,390237,3,10
390224,390234,390237,3,10
390224,390234,390237,3,10
390242,390242,390246,4,0
390242,390242,390247,5,0
390242,390242,390247,5,0
390242,390242,390247,5,0
390242,390242,390247,5,0
390242,390242,390247,5,0
390242,390242,390247,5,0
390242,390242,390247,5,0
390242,390242,390247,5,0
390242,390242,390247,5,0
390242,390242,390247,5,0
390242,390242,390247,5,0
390242,390242,390247,5,0
390242,390242,390247,5,0
390242,390242,390247,5,0
390242,390242,390247,5,0
390242,390242,390247,5,0
390242,390242,390247,5,0
390242,390242,390247,5,0
390242,390242,390247,5,0
390242,390242,390247,5,0
390242,390243,390247,4,1
390242,390242,390247,5,0
390242,390242,390247,5,0
390242,390242,390247,5,0
390242,390242,390247,5,0
390242,390242,390247,5,0
390242,390242,390247,5,0
390242,390242,390247,5,0
390242,390242,390247,5,0
390242,390242,390247,5,0
390242,390242,390247,5,0
390242,390242,390247,5,0
390242,390242,390247,5,0
390242,390242,390247,5,0
390242,390242,390247,5,0
390242,390242,390247,5,0
390242,390243,390247,4,1
390242,390242,390247,5,0
390242,390242,390247,5,0
390242,390242,390247,5,0
390242,390242,390247,5,0
390242,390242,390247,5,0
390242,390242,390247,5,0
390242,390242,390247,5,0
390242,390243,390247,4,1
390242,390242,390247,5,0
390242,390242,390247,5,0
390242,390242,390247,5,0
390242,390242,390247,5,0
390242,390242,390247,5,0
390242,390242,390247,5,0
390242,390243,390247,4,1
390242,390243,390247,4,1
390242,390242,390247,5,0
390242,390242,390247,5,0
390242,390242,390247,5,0
390242,390242,390247,5,0
390242,390242,390247,5,0
390242,390242,390247,5,0
390242,390243,390247,4,1
390242,390243,390247,4,1
390242,390242,390247,5,0
390242,390242,390247,5,0
390242,390242,390247,5,0
390242,390242,390247,5,0
390242,390242,390247,5,0
390242,390242,390247,5,0
390242,390243,390247,4,1
390242,390243,390247,4,1
390242,390242,390247,5,0
390242,390242,390247,5,0
390242,390242,390247,5,0
390242,390242,390247,5,0
390242,390242,390247,5,0
390242,390242,390247,5,0
390242,390243,390247,4,1
390242,390247,390248,1,5
390242,390242,390248,6,0
390242,390242,390248,6,0
390242,390243,390248,5,1
390242,390248,390250,2,6
390242,390248,390252,4,6
390242,390248,390252,4,6
390242,390248,390252,4,6
390242,390248,390252,4,6
390242,390248,390252,4,6
390242,390248,390252,4,6
390242,390248,390252,4,6
390242,390248,390252,4,6
390242,390248,390252,4,6
390242,390248,390252,4,6
390242,390248,390252,4,6
390242,390248,390252,4,6
390242,390248,390252,4,6
390242,390248,390252,4,6
390242,390248,390252,4,6
390242,390248,390252,4,6
390242,390248,390252,4,6
390242,390248,390252,4,6
390242,390248,390252,4,6
390242,390248,390252,4,6
390242,390248,390253,5,6
390242,390248,390253,5,6
390242,390248,390253,5,6
390242,390248,390252,4,6
390242,390248,390252,4,6
390242,390248,390252,4,6
390242,390248,390252,4,6
390242,390248,390252,4,6
390242,390248,390252,4,6
390242,390248,390252,4,6
390242,390248,390252,4,6
390242,390248,390252,4,6
390242,390248,390252,4,6
390242,390248,390252,4,6
390242,390248,390252,4,6
390242,390248,390252,4,6
390242,390248,390252,4,6
390242,390249,390252,3,7
390242,390248,390252,4,6
390242,390248,390252,4,6
390242,390248,390252,4,6
390242,390248,390252,4,6
390242,390248,390253,5,6
390242,390248,390252,4,6
390242,390248,390252,4,6
390242,390248,390252,4,6
390242,390248,390252,4,6
390242,390248,390252,4,6
390242,390248,390252,4,6
390242,390248,390252,4,6
390242,390248,390252,4,6
390242,390248,390252,4,6
390242,390248,390252,4,6
390242,390248,390252,4,6
390242,390248,390252,4,6
390242,390248,390253,5,6
390242,390248,390252,4,6
390242,390248,390252,4,6
390242,390248,390252,4,6
390242,390248,390252,4,6
390242,390248,390253,5,6
390242,390248,390252,4,6
390242,390248,390252,4,6
390242,390248,390253,5,6
390242,390248,390252,4,6
390242,390248,390253,5,6
390242,390248,390254,6,6
390242,390248,390253,5,6
390242,390248,390253,5,6
390242,390248,390253,5,6
390242,390248,390253,5,6
390242,390248,390254,6,6
390242,390252,390254,2,10
390242,390252,390254,2,10
390242,390252,390254,2,10
390242,390252,390254,2,10
390242,390252,390254,2,10
390242,390248,390253,5,6
390242,390248,390253,5,6
390242,390252,390254,2,10
390242,390252,390253,1,10
390242,390252,390254,2,10
390242,390248,390254,6,6
390242,390251,390253,2,9
390242,390252,390253,1,10
390242,390252,390254,2,10
390242,390248,390253,5,6
390242,390252,390253,1,10
390242,390252,390253,1,10
390242,390253,390254,1,11
390242,390248,390253,5,6
390242,390252,390253,1,10
390242,390253,390254,1,11
390242,390249,390253,4,7
390242,390249,390253,4,7
390242,390252,390254,2,10
390242,390252,390254,2,10
390242,390252,390254,2,10
390242,390253,390254,1,11
390242,390253,390255,2,11
390242,390253,390255,2,11
390242,390252,390255,3,10
390242,390252,390254,2,10
390242,390252,390254,2,10
390242,390253,390255,2,11
390242,390253,390255,2,11
390242,390253,390255,2,11
390242,390253,390255,2,11
390242,390253,390255,2,11
390242,390253,390255,2,11
390242,390253,390255,2,11
390242,390253,390255,2,11
390242,390253,390255,2,11
390242,390253,390255,2,11
390242,390252,390255,3,10
390242,390253,390255,2,11
390242,390253,390256,3,11
390242,390253,390256,3,11
390260,390260,390265,5,0
390260,390260,390265,5,0
390260,390260,390265,5,0
390260,390260,390265,5,0
390260,390260,390265,5,0
390260,390260,390265,5,0
390260,390260,390265,5,0
390260,390260,390265,5,0
390260,390260,390265,5,0
390260,390260,390265,5,0
390260,390260,390265,5,0
390260,390260,390265,5,0
390260,390260,390265,5,0
390260,390260,390265,5,0
390260,390261,390265,4,1
390260,390260,390265,5,0
390260,390260,390265,5,0
390260,390261,390266,5,1
390260,390260,390266,6,0
390260,390260,390266,6,0
390260,390260,390266,6,0
390260,390260,390266,6,0
390260,390260,390266,6,0
390260,390260,390266,6,0
390260,390260,390266,6,0
390260,390260,390266,6,0
390260,390260,390266,6,0
390260,390260,390266,6,0
390260,390260,390266,6,0
390260,390260,390266,6,0
390260,390260,390266,6,0
390260,390260,390266,6,0
390260,390260,390266,6,0
390260,390260,390266,6,0
390260,390260,390266,6,0
390260,390260,390266,6,0
390260,390260,390265,5,0
390260,390260,390265,5,0
390260,390260,390266,6,0
390260,390260,390266,6,0
390260,390260,390266,6,0
390260,390260,390266,6,0
390260,390260,390266,6,0
390260,390260,390265,5,0
390260,390265,390266,1,5
390260,390260,390266,6,0
390260,390260,390266,6,0
390260,390260,390266,6,0
390260,390260,390266,6,0
390260,390260,390266,6,0
390260,390260,390266,6,0
390260,390260,390265,5,0
390260,390265,390266,1,5
390260,390260,390266,6,0
390260,390260,390266,6,0
390260,390260,390266,6,0
390260,390260,390266,6,0
390260,390260,390266,6,0
390260,390260,390266,6,0
390260,390260,390266,6,0
390260,390260,390266,6,0
390260,390260,390266,6,0
390260,390260,390266,6,0
390260,390260,390265,5,0
390260,390260,390266,6,0
390260,390265,390266,1,5
390260,390260,390266,6,0
390260,390260,390266,6,0
390260,390260,390266,6,0
390260,390260,390266,6,0
390260,390260,390266,6,0
390260,390260,390266,6,0
390260,390260,390266,6,0
390260,390260,390266,6,0
390260,390260,390265,5,0
390260,390265,390266,1,5
390260,390265,390266,1,5
390260,390265,390266,1,5
390260,390265,390266,1,5
390260,390265,390267,2,5
390260,390265,390267,2,5
390260,390260,390266,6,0
390260,390260,390266,6,0
390260,390260,390266,6,0
390260,390260,390266,6,0
390260,390260,390266,6,0
390260,390260,390267,7,0
390260,390260,390267,7,0
390260,390266,390267,1,6
390260,390260,390267,7,0
390260,390266,390267,1,6
390260,390265,390267,2,5
390260,390265,390267,2,5
390260,390265,390267,2,5
390260,390265,390267,2,5
390260,390265,390267,2,5
390260,390265,390267,2,5
390260,390266,390267,1,6
390260,390266,390267,1,6
390260,390266,390267,1,6
390260,390266,390268,2,6
390260,390266,390268,2,6
390260,390266,390268,2,6
390260,390266,390268,2,6
390260,390266,390268,2,6
390260,390266,390268,2,6
390260,390266,390268,2,6
390260,390266,390268,2,6
390260,390266,390269,3,6
390260,390266,390270,4,6
390260,390267,390270,3,7
390260,390267,390270,3,7
390260,390267,390270,3,7
390260,390267,390270,3,7
390260,390267,390270,3,7
390260,390267,390271,4,7
390260,390267,390270,3,7
390260,390267,390270,3,7
390260,390267,390271,4,7
390260,390267,390271,4,7
390260,390267,390270,3,7
390260,390267,390271,4,7
390260,390267,390271,4,7
390260,390268,390271,3,8
390260,390267,390270,3,7
390260,390267,390270,3,7
390260,390267,390271,4,7
390260,390267,390271,4,7
390260,390267,390271,4,7
390260,390267,390271,4,7
390260,390267,390271,4,7
390260,390267,390271,4,7
390260,390267,390271,4,7
390260,390268,390270,2,8
390260,390268,390271,3,8
390260,390268,390271,3,8
390260,390268,390271,3,8
390260,390268,390271,3,8
390260,390268,390271,3,8
390260,390268,390271,3,8
390260,390268,390271,3,8
390260,390268,390272,4,8
390260,390269,390271,2,9
390260,390269,390271,2,9
390260,390269,390271,2,9
390260,390271,390272,1,11
390260,390266,390271,5,6
390260,390268,390271,3,8
390260,390269,390271,2,9
390260,390269,390271,2,9
390260,390269,390271,2,9
390260,390269,390271,2,9
390260,390269,390271,2,9
390260,390270,390271,1,10
390260,390267,390271,4,7
390260,390267,390271,4,7
390260,390267,390271,4,7
390260,390268,390272,4,8
390260,390268,390271,3,8
390260,390267,390271,4,7
390260,390267,390271,4,7
390260,390267,390271,4,7
390260,390267,390271,4,7
390260,390267,390271,4,7
390260,390267,390271,4,7
390260,390267,390271,4,7
390260,390267,390271,4,7
390260,390267,390271,4,7
390260,390267,390271,4,7
390260,390271,390272,1,11
390260,390267,390271,4,7
390260,390267,390271,4,7
390260,390267,390271,4,7
390260,390267,390271,4,7
390260,390267,390271,4,7
390260,390267,390271,4,7
390260,390267,390271,4,7
390260,390271,390272,1,11
390260,390271,390272,1,11
390260,390267,390271,4,7
390260,390267,390271,4,7
390260,390267,390271,4,7
390260,390271,390272,1,11
390260,390271,390272,1,11
390260,390271,390272,1,11
390260,390267,390271,4,7
390260,390267,390271,4,7
390260,390267,390271,4,7
390260,390268,390272,4,8
390260,390271,390272,1,11
390260,390271,390272,1,11
390260,390271,390272,1,11
390260,390267,390271,4,7
390260,390267,390272,5,7
390260,390267,390271,4,7
390260,390267,390271,4,7
390260,390267,390271,4,7
390260,390267,390272,5,7
390260,390267,390272,5,7
390277,390277,390278,1,0
390277,390277,390279,2,0
390277,390277,390280,3,0
390277,390277,390279,2,0
390277,390277,390279,2,0
390277,390277,390281,4,0
390277,390277,390281,4,0
390277,390277,390281,4,0
390277,390277,390281,4,0
390277,390277,390281,4,0
390277,390277,390281,4,0
390277,390277,390281,4,0
390277,390277,390281,4,0
390277,390277,390281,4,0
390277,390277,390281,4,0
390277,390277,390281,4,0
390277,390277,390281,4,0
390277,390277,390281,4,0
390277,390277,390281,4,0
390277,390277,390281,4,0
390277,390277,390281,4,0
390277,390277,390281,4,0
390277,390277,390281,4,0
390277,390277,390281,4,0
390277,390277,390281,4,0
390277,390277,390282,5,0
390277,390277,390281,4,0
390277,390277,390281,4,0
390277,390277,390282,5,0
390277,390277,390281,4,0
390277,390277,390281,4,0
390277,390277,390281,4,0
390277,390277,390282,5,0
390277,390277,390282,5,0
390277,390277,390282,5,0
390277,390277,390282,5,0
390277,390277,390282,5,0
390277,390277,390282,5,0
390277,390277,390281,4,0
390277,390277,390282,5,0
390277,390277,390282,5,0
390277,390277,390282,5,0
390277,390277,390282,5,0
390277,390277,390282,5,0
390277,390277,390282,5,0
390277,390277,390282,5,0
390277,390277,390282,5,0
390277,390277,390281,4,0
390277,390277,390282,5,0
390277,390277,390282,5,0
390277,390277,390282,5,0
390277,390277,390281,4,0
390277,390277,390281,4,0
390277,390277,390282,5,0
390277,390277,390282,5,0
390277,390277,390281,4,0
390277,390277,390281,4,0
390277,390277,390282,5,0
390277,390277,390282,5,0
390277,390277,390282,5,0
390277,390277,390282,5,0
390277,390277,390282,5,0
390277,390277,390283,6,0
390277,390277,390283,6,0
390277,390277,390283,6,0
390277,390277,390283,6,0
390277,390280,390283,3,3
390277,390282,390283,1,5
390277,390282,390283,1,5
390277,390282,390283,1,5
390277,390277,390282,5,0
390277,390277,390283,6,0
390277,390277,390282,5,0
390277,390277,390282,5,0
390277,390277,390282,5,0
390277,390281,390283,2,4
390277,390277,390282,5,0
390277,390280,390283,3,3
390277,390281,390282,1,4
390277,390277,390283,6,0
390277,390281,390283,2,4
390277,390281,390283,2,4
390277,390277,390282,5,0
390277,390277,390282,5,0
390277,390281,390282,1,4
390277,390277,390283,6,0
390277,390280,390282,2,3
390277,390281,390282,1,4
390277,390277,390283,6,0
390277,390281,390282,1,4
390277,390277,390283,6,0
390277,390277,390282,5,0
390277,390278,390283,5,1
390277,390281,390283,2,4
390277,390281,390282,1,4
390277,390279,390283,4,2
390277,390281,390283,2,4
390277,390281,390283,2,4
390277,390281,390283,2,4
390277,390277,390283,6,0
390277,390282,390284,2,5
390277,390282,390284,2,5
390277,390282,390283,1,5
390277,390282,390284,2,5
390277,390282,390284,2,5
390277,390282,390284,2,5
390277,390282,390283,1,5
390277,390282,390283,1,5
390277,390282,390284,2,5
390277,390282,390284,2,5
390277,390281,390284,3,4
390277,390282,390284,2,5
390277,390282,390284,2,5
390277,390282,390285,3,5
390277,390282,390286,4,5
390277,390282,390286,4,5
390277,390281,390285,4,4
390277,390281,390285,4,4
390277,390282,390286,4,5
390277,390282,390285,3,5
390277,390281,390286,5,4
390277,390282,390285,3,5
390277,390282,390286,4,5
390277,390282,390286,4,5
390277,390282,390286,4,5
390277,390282,390286,4,5
390277,390282,390287,5,5
390277,390282,390286,4,5
390277,390282,390286,4,5
390277,390282,390286,4,5
390277,390282,390286,4,5
390277,390282,390286,4,5
390277,390282,390286,4,5
390277,390282,390286,4,5
390277,390282,390286,4,5
390277,390282,390286,4,5
390277,390282,390286,4,5
390277,390282,390286,4,5
390277,390282,390286,4,5
390277,390282,390286,4,5
390277,390282,390286,4,5
390277,390284,390287,3,7
390277,390284,390287,3,7
390277,390283,390287,4,6
390277,390283,390287,4,6
390277,390283,390287,4,6
390277,390283,390287,4,6
390277,390283,390287,4,6
390277,390283,390287,4,6
390277,390283,390287,4,6
390277,390283,390287,4,6
390277,390283,390287,4,6
390277,390283,390287,4,6
390277,390283,390287,4,6
390277,390283,390287,4,6
390277,390283,390287,4,6
390277,390283,390287,4,6
390277,390284,390287,3,7
390277,390284,390287,3,7
390277,390284,390287,3,7
390277,390282,390287,5,5
390277,390284,390287,3,7
390277,390284,390287,3,7
390277,390284,390287,3,7
390277,390285,390288,3,8
390277,390283,390287,4,6
390277,390284,390287,3,7
390277,390284,390287,3,7
390277,390284,390287,3,7
390277,390284,390287,3,7
390277,390284,390287,3,7
390277,390284,390287,3,7
390277,390284,390287,3,7
390277,390284,390287,3,7
390277,390284,390287,3,7
390277,390284,390287,3,7
390277,390284,390287,3,7
390277,390284,390287,3,7
390277,390284,390288,4,7
390277,390284,390288,4,7
390277,390284,390288,4,7
390277,390284,390288,4,7
390277,390284,390288,4,7
390277,390284,390288,4,7
390277,390284,390288,4,7
390277,390284,390288,4,7
390277,390284,390288,4,7
390277,390286,390288,2,9
390277,390284,390288,4,7
390277,390284,390288,4,7
390277,390286,390288,2,9
390277,390286,390288,2,9
390277,390286,390288,2,9
390277,390285,390288,3,8
390277,390285,390288,3,8
390277,390285,390288,3,8
390277,390286,390288,2,9
390277,390286,390288,2,9
390277,390286,390288,2,9
390277,390285,390288,3,8
390293,390293,390297,4,0
390293,390293,390297,4,0
390293,390293,390297,4,0
390293,390293,390297,4,0
390293,390293,390297,4,0
390293,390293,390297,4,0
390293,390293,390297,4,0
390293,390293,390297,4,0
390293,390293,390297,4,0
390293,390293,390297,4,0
390293,390293,390297,4,0
390293,390293,390297,4,0
390293,390293,390297,4,0
390293,390293,390297,4,0
390293,390293,390297,4,0
390293,390293,390297,4,0
390293,390293,390297,4,0
390293,390293,390297,4,0
390293,390293,390297,4,0
390293,390293,390297,4,0
390293,390293,390297,4,0
390293,390293,390297,4,0
390293,390293,390297,4,0
390293,390293,390297,4,0
390293,390293,390297,4,0
390293,390293,390297,4,0
390293,390293,390297,4,0
390293,390293,390297,4,0
390293,390293,390297,4,0
390293,390293,390297,4,0
390293,390293,390298,5,0
390293,390293,390297,4,0
390293,390293,390297,4,0
390293,390293,390297,4,0
390293,390293,390298,5,0
390293,390293,390298,5,0
390293,390293,390297,4,0
390293,390293,390297,4,0
390293,390293,390297,4,0
390293,390293,390297,4,0
390293,390293,390297,4,0
390293,390293,390298,5,0
390293,390293,390298,5,0
390293,390293,390297,4,0
390293,390293,390298,5,0
390293,390293,390297,4,0
390293,390293,390298,5,0
390293,390293,390298,5,0
390293,390293,390298,5,0
390293,390293,390298,5,0
390293,390293,390298,5,0
390293,390293,390297,4,0
390293,390293,390297,4,0
390293,390293,390298,5,0
390293,390293,390298,5,0
390293,390293,390298,5,0
390293,390293,390298,5,0
390293,390293,390297,4,0
390293,390293,390298,5,0
390293,390293,390298,5,0
390293,390293,390297,4,0
390293,390293,390298,5,0
390293,390293,390298,5,0
390293,390293,390298,5,0
390293,390293,390297,4,0
390293,390293,390298,5,0
390293,390293,390297,4,0
390293,390293,390298,5,0
390293,390293,390298,5,0
390293,390293,390298,5,0
390293,390293,390298,5,0
390293,390293,390298,5,0
390293,390293,390299,6,0
390293,390293,390299,6,0
390293,390293,390300,7,0
390293,390293,390300,7,0
390293,390293,390300,7,0
390293,390293,390300,7,0
390293,390293,390300,7,0
390293,390297,390300,3,4
390293,390297,390300,3,4
390293,390293,390301,8,0
390293,390299,390302,3,6
390293,390297,390301,4,4
390293,390297,390301,4,4
390293,390299,390302,3,6
390293,390297,390301,4,4
390293,390299,390302,3,6
390293,390299,390302,3,6
390293,390299,390301,2,6
390293,390299,390301,2,6
390293,390299,390302,3,6
390293,390298,390302,4,5
390293,390298,390302,4,5
390293,390298,390302,4,5
390293,390298,390302,4,5
390293,390298,390302,4,5
390293,390298,390302,4,5
390293,390300,390302,2,7
390293,390298,390302,4,5
390293,390298,390302,4,5
390293,390298,390302,4,5
390293,390298,390302,4,5
390293,390298,390302,4,5
390293,390299,390302,3,6
390293,390301,390302,1,8
390293,390301,390302,1,8
390293,390297,390302,5,4
390293,390297,390302,5,4
390293,390297,390302,5,4
390293,390297,390302,5,4
390293,390297,390302,5,4
390293,390299,390302,3,6
390293,390297,390302,5,4
390293,390299,390302,3,6
390293,390299,390302,3,6
390293,390299,390303,4,6
390293,390297,390302,5,4
390293,390297,390302,5,4
390293,390297,390302,5,4
390293,390299,390302,3,6
390293,390299,390302,3,6
390293,390297,390302,5,4
390293,390297,390302,5,4
390293,390297,390302,5,4
390293,390299,390302,3,6
390293,390299,390302,3,6
390293,390300,390303,3,7
390293,390297,390302,5,4
390293,390297,390302,5,4
390293,390297,390302,5,4
390293,390301,390303,2,8
390293,390302,390303,1,9
390293,390297,390302,5,4
390293,390297,390302,5,4
390293,390297,390302,5,4
390293,390299,390302,3,6
390293,390300,390302,2,7
390293,390301,390302,1,8
390293,390301,390303,2,8
390293,390298,390302,4,5
390293,390298,390302,4,5
390293,390298,390302,4,5
390293,390298,390302,4,5
390293,390299,390302,3,6
390293,390297,390302,5,4
390293,390297,390302,5,4
390293,390297,390302,5,4
390293,390299,390303,4,6
390293,390299,390303,4,6
390293,390299,390302,3,6
390293,390302,390303,1,9
390293,390303,390304,1,10
390293,390303,390304,1,10
390293,390303,390304,1,10
390293,390302,390303,1,9
390293,390302,390303,1,9
390293,390299,390303,4,6
390293,390299,390303,4,6
390293,390299,390303,4,6
390293,390299,390303,4,6
390293,390301,390303,2,8
390293,390302,390303,1,9
390293,390302,390303,1,9
390293,390302,390303,1,9
390293,390299,390303,4,6
390293,390299,390303,4,6
390293,390299,390303,4,6
390293,390299,390303,4,6
390293,390302,390303,1,9
390293,390302,390303,1,9
390293,390302,390303,1,9
390293,390299,390303,4,6
390293,390303,390304,1,10
390293,390303,390304,1,10
390293,390303,390304,1,10
390293,390303,390304,1,10
390293,390303,390305,2,10
390293,390303,390305,2,10
390293,390303,390304,1,10
390293,390303,390304,1,10
390293,390303,390305,2,10
390293,390303,390305,2,10
390293,390303,390304,1,10
390293,390303,390305,2,10
390293,390303,390305,2,10
390293,390303,390305,2,10
390293,390303,390304,1,10
390293,390303,390304,1,10
390293,390303,390305,2,10
390293,390299,390304,5,6
390293,390303,390304,1,10
390293,390303,390304,1,10
390293,390303,390304,1,10
390293,390303,390304,1,10
390293,390303,390304,1,10
390293,390303,390305,2,10
390293,390303,390305,2,10
390310,390310,390314,4,0
390310,390310,390314,4,0
390310,390310,390314,4,0
390310,390310,390315,5,0
390310,390310,390314,4,0
390310,390310,390314,4,0
390310,390310,390314,4,0
390310,390310,390314,4,0
390310,390310,390314,4,0
390310,390310,390315,5,0
390310,390310,390315,5,0
390310,390310,390315,5,0
390310,390310,390315,5,0
390310,390310,390315,5,0
390310,390310,390315,5,0
390310,390310,390315,5,0
390310,390310,390314,4,0
390310,390310,390314,4,0
390310,390310,390314,4,0
390310,390310,390314,4,0
390310,390310,390314,4,0
390310,390310,390314,4,0
390310,390310,390315,5,0
390310,390310,390314,4,0
390310,390310,390314,4,0
390310,390310,390314,4,0
390310,390310,390314,4,0
390310,390310,390314,4,0
390310,390310,390314,4,0
390310,390310,390315,5,0
390310,390310,390314,4,0
390310,390310,390314,4,0
390310,390310,390314,4,0
390310,390310,390315,5,0
390310,390310,390314,4,0
390310,390310,390315,5,0
390310,390310,390314,4,0
390310,390310,390314,4,0
390310,390310,390314,4,0
390310,390310,390314,4,0
390310,390310,390314,4,0
390310,390310,390314,4,0
390310,390310,390314,4,0
390310,390310,390315,5,0
390310,390310,390314,4,0
390310,390310,390314,4,0
390310,390310,390314,4,0
390310,390310,390314,4,0
390310,390310,390314,4,0
390310,390310,390314,4,0
390310,390310,390314,4,0
390310,390310,390314,4,0
390310,390310,390314,4,0
390310,390310,390314,4,0
390310,390310,390314,4,0
390310,390310,390314,4,0
390310,390310,390314,4,0
390310,390310,390314,4,0
390310,390310,390314,4,0
390310,390310,390314,4,0
390310,390310,390314,4,0
390310,390310,390314,4,0
390310,390310,390314,4,0
390310,390310,390314,4,0
390310,390310,390314,4,0
390310,390310,390314,4,0
390310,390310,390314,4,0
390310,390310,390315,5,0
390310,390310,390314,4,0
390310,390310,390314,4,0
390310,390310,390314,4,0
390310,390310,390315,5,0
390310,390310,390315,5,0
390310,390310,390315,5,0
390310,390310,390315,5,0
390310,390310,390315,5,0
390310,390310,390315,5,0
390310,390310,390315,5,0
390310,390310,390315,5,0
390310,390315,390317,2,5
390310,390315,390318,3,5
390310,390315,390318,3,5
390310,390315,390318,3,5
390310,390315,390318,3,5
390310,390315,390319,4,5
390310,390315,390319,4,5
390310,390315,390319,4,5
390310,390315,390319,4,5
390310,390315,390319,4,5
390310,390315,390319,4,5
390310,390315,390319,4,5
390310,390315,390319,4,5
390310,390315,390319,4,5
390310,390315,390319,4,5
390310,390315,390319,4,5
390310,390315,390319,4,5
390310,390315,390319,4,5
390310,390315,390319,4,5
390310,390315,390319,4,5
390310,390315,390319,4,5
390310,390315,390319,4,5
390310,390315,390319,4,5
390310,390315,390319,4,5
390310,390315,390319,4,5
390310,390315,390319,4,5
390310,390315,390319,4,5
390310,390315,390319,4,5
390310,390315,390319,4,5
390310,390315,390319,4,5
390310,390315,390319,4,5
390310,390315,390320,5,5
390310,390315,390319,4,5
390310,390315,390320,5,5
390310,390315,390320,5,5
390310,390315,390320,5,5
390310,390315,390320,5,5
390310,390315,390320,5,5
390310,390315,390320,5,5
390310,390315,390320,5,5
390310,390316,390320,4,6
390310,390316,390320,4,6
390310,390316,390320,4,6
390310,390315,390320,5,5
390310,390315,390320,5,5
390310,390315,390320,5,5
390310,390315,390320,5,5
390310,390315,390320,5,5
390310,390316,390320,4,6
390310,390315,390320,5,5
390310,390315,390320,5,5
390310,390315,390320,5,5
390310,390316,390320,4,6
390310,390315,390319,4,5
390310,390315,390320,5,5
390310,390315,390320,5,5
390310,390316,390320,4,6
390310,390315,390320,5,5
390310,390315,390320,5,5
390310,390315,390321,6,5
390310,390316,390321,5,6
390310,390316,390321,5,6
390310,390316,390321,5,6
390310,390319,390321,2,9
390310,390315,390321,6,5
390310,390315,390321,6,5
390310,390315,390321,6,5
390310,390310,390321,11,0
390310,390318,390321,3,8
390310,390318,390321,3,8
390310,390320,390321,1,10
390310,390317,390321,4,7
390310,390315,390321,6,5
390310,390315,390321,6,5
390310,390315,390320,5,5
390310,390315,390320,5,5
390310,390319,390322,3,9
390310,390319,390322,3,9
390310,390315,390322,7,5
390310,390315,390322,7,5
390310,390316,390322,6,6
390310,390320,390322,2,10
390310,390320,390322,2,10
390310,390315,390322,7,5
390310,390315,390322,7,5
390310,390316,390322,6,6
390310,390320,390322,2,10
390310,390320,390322,2,10
390310,390320,390322,2,10
390310,390320,390322,2,10
390310,390315,390322,7,5
390310,390315,390322,7,5
390310,390319,390322,3,9
390310,390319,390322,3,9
390310,390320,390322,2,10
390310,390320,390322,2,10
390310,390320,390322,2,10
390310,390320,390322,2,10
390310,390319,390322,3,9
390310,390319,390322,3,9
390310,390319,390322,3,9
390310,390319,390322,3,9
390310,390319,390322,3,9
390310,390319,390322,3,9
390310,390319,390322,3,9
390310,390319,390322,3,9
390310,390315,390322,7,5
390310,390318,390322,4,8
390310,390319,390322,3,9
390310,390319,390322,3,9
390310,390319,390322,3,9
390310,390319,390322,3,9
390310,390319,390322,3,9
390310,390319,390322,3,9
390310,390319,390322,3,9
390310,390319,390322,3,9
390310,390320,390322,2,10
390310,390320,390322,2,10
390310,390320,390322,2,10
390310,390320,390322,2,10
390327,390327,390329,2,0
390327,390327,390330,3,0
390327,390327,390331,4,0
390327,390327,390331,4,0
390327,390327,390331,4,0
390327,390327,390331,4,0
390327,390327,390331,4,0
390327,390327,390331,4,0
390327,390327,390331,4,0
390327,390327,390331,4,0
390327,390327,390331,4,0
390327,390327,390331,4,0
390327,390327,390331,4,0
390327,390327,390331,4,0
390327,390327,390331,4,0
390327,390327,390331,4,0
390327,390327,390331,4,0
390327,390327,390332,5,0
390327,390327,390331,4,0
390327,390327,390331,4,0
390327,390327,390331,4,0
390327,390327,390332,5,0
390327,390327,390331,4,0
390327,390327,390331,4,0
390327,390327,390331,4,0
390327,390327,390332,5,0
390327,390327,390331,4,0
390327,390327,390331,4,0
390327,390327,390331,4,0
390327,390327,390331,4,0
390327,390327,390331,4,0
390327,390327,390331,4,0
390327,390327,390332,5,0
390327,390327,390331,4,0
390327,390327,390331,4,0
390327,390327,390331,4,0
390327,390327,390331,4,0
390327,390327,390331,4,0
390327,390327,390332,5,0
390327,390327,390332,5,0
390327,390327,390331,4,0
390327,390327,390331,4,0
390327,390327,390331,4,0
390327,390327,390331,4,0
390327,390327,390331,4,0
390327,390327,390332,5,0
390327,390327,390331,4,0
390327,390327,390331,4,0
390327,390327,390331,4,0
390327,390327,390332,5,0
390327,390327,390332,5,0
390327,390327,390332,5,0
390327,390327,390332,5,0
390327,390327,390332,5,0
390327,390331,390333,2,4
390327,390327,390333,6,0
390327,390327,390332,5,0
390327,390327,390332,5,0
390327,390327,390332,5,0
390327,390327,390333,6,0
390327,390327,390332,5,0
390327,390330,390333,3,3
390327,390327,390332,5,0
390327,390327,390332,5,0
390327,390327,390332,5,0
390327,390327,390332,5,0
390327,390327,390332,5,0
390327,390327,390332,5,0
390327,390327,390332,5,0
390327,390327,390332,5,0
390327,390327,390332,5,0
390327,390327,390332,5,0
390327,390331,390333,2,4
390327,390327,390332,5,0
390327,390327,390332,5,0
390327,390327,390332,5,0
390327,390327,390332,5,0
390327,390327,390332,5,0
390327,390327,390332,5,0
390327,390327,390332,5,0
390327,390327,390332,5,0
390327,390327,390333,6,0
390327,390327,390333,6,0
390327,390331,390333,2,4
390327,390332,390336,4,5
390327,390332,390336,4,5
390327,390332,390335,3,5
390327,390332,390336,4,5
390327,390332,390336,4,5
390327,390332,390336,4,5
390327,390332,390336,4,5
390327,390332,390337,5,5
390327,390332,390337,5,5
390327,390332,390336,4,5
390327,390332,390336,4,5
390327,390332,390336,4,5
390327,390333,390337,4,6
390327,390332,390337,5,5
390327,390332,390337,5,5
390327,390332,390337,5,5
390327,390332,390337,5,5
390327,390332,390336,4,5
390327,390332,390336,4,5
390327,390332,390336,4,5
390327,390332,390337,5,5
390327,390332,390337,5,5
390327,390332,390336,4,5
390327,390332,390336,4,5
390327,390333,390336,3,6
390327,390333,390337,4,6
390327,390333,390336,3,6
390327,390332,390337,5,5
390327,390332,390337,5,5
390327,390332,390336,4,5
390327,390333,390337,4,6
390327,390333,390336,3,6
390327,390333,390337,4,6
390327,390333,390336,3,6
390327,390333,390337,4,6
390327,390332,390336,4,5
390327,390332,390337,5,5
390327,390332,390336,4,5
390327,390332,390336,4,5
390327,390333,390336,3,6
390327,390333,390336,3,6
390327,390333,390337,4,6
390327,390332,390337,5,5
390327,390332,390336,4,5
390327,390333,390336,3,6
390327,390333,390336,3,6
390327,390333,390337,4,6
390327,390333,390336,3,6
390327,390332,390337,5,5
390327,390332,390336,4,5
390327,390332,390337,5,5
390327,390332,390336,4,5
390327,390333,390336,3,6
390327,390333,390336,3,6
390327,390333,390336,3,6
390327,390332,390337,5,5
390327,390332,390337,5,5
390327,390332,390336,4,5
390327,390333,390336,3,6
390327,390333,390336,3,6
390327,390333,390337,4,6
390327,390333,390337,4,6
390327,390332,390337,5,5
390327,390332,390337,5,5
390327,390332,390336,4,5
390327,390333,390336,3,6
390327,390333,390336,3,6
390327,390332,390337,5,5
390327,390332,390337,5,5
390327,390332,390336,4,5
390327,390336,390338,2,9
390327,390333,390337,4,6
390327,390333,390338,5,6
390327,390336,390338,2,9
390327,390334,390338,4,7
390327,390334,390338,4,7
390327,390334,390338,4,7
390327,390336,390338,2,9
390327,390333,390338,5,6
390327,390333,390337,4,6
390327,390333,390337,4,6
390327,390333,390337,4,6
390327,390333,390339,6,6
390327,390337,390339,2,10
390327,390336,390339,3,9
390327,390336,390339,3,9
390327,390336,390339,3,9
390327,390337,390339,2,10
390327,390337,390339,2,10
390327,390337,390340,3,10
390327,390337,390340,3,10
390327,390337,390340,3,10
390327,390337,390340,3,10
390327,390337,390340,3,10
390327,390337,390340,3,10
390327,390337,390340,3,10
390327,390337,390340,3,10
390327,390337,390340,3,10
390327,390337,390340,3,10
390327,390337,390340,3,10
390327,390337,390340,3,10
390327,390337,390340,3,10
390327,390337,390340,3,10
390327,390337,390340,3,10
390327,390337,390340,3,10
390327,390337,390340,3,10
390327,390337,390341,4,10
390327,390337,390340,3,10
390327,390338,390341,3,11
390327,390337,390341,4,10
390327,390337,390341,4,10
390327,390337,390341,4,10
390327,390337,390341,4,10
390327,390337,390341,4,10
390327,390337,390341,4,10
390327,390338,390341,3,11
390345,390345,390349,4,0
390345,390345,390349,4,0
390345,390345,390349,4,0
390345,390345,390349,4,0
390345,390345,390349,4,0
390345,390345,390349,4,0
390345,390346,390349,3,1
390345,390345,390349,4,0
390345,390345,390349,4,0
390345,390345,390349,4,0
390345,390345,390349,4,0
390345,390345,390349,4,0
390345,390345,390349,4,0
390345,390345,390349,4,0
390345,390345,390349,4,0
390345,390346,390350,4,1
390345,390345,390349,4,0
390345,390345,390349,4,0
390345,390345,390349,4,0
390345,390346,390349,3,1
390345,390346,390349,3,1
390345,390345,390349,4,0
390345,390345,390349,4,0
390345,390345,390349,4,0
390345,390346,390349,3,1
390345,390345,390350,5,0
390345,390345,390349,4,0
390345,390345,390349,4,0
390345,390345,390349,4,0
390345,390346,390349,3,1
390345,390345,390349,4,0
390345,390345,390349,4,0
390345,390345,390349,4,0
390345,390345,390349,4,0
390345,390345,390349,4,0
390345,390345,390349,4,0
390345,390345,390349,4,0
390345,390345,390349,4,0
390345,390345,390349,4,0
390345,390345,390349,4,0
390345,390345,390349,4,0
390345,390345,390350,5,0
390345,390345,390350,5,0
390345,390345,390350,5,0
390345,390345,390350,5,0
390345,390345,390350,5,0
390345,390345,390350,5,0
390345,390345,390350,5,0
390345,390345,390350,5,0
390345,390345,390350,5,0
390345,390345,390350,5,0
390345,390345,390350,5,0
390345,390345,390350,5,0
390345,390345,390350,5,0
390345,390345,390350,5,0
390345,390345,390350,5,0
390345,390345,390350,5,0
390345,390345,390350,5,0
390345,390345,390350,5,0
390345,390345,390350,5,0
390345,390345,390350,5,0
390345,390346,390350,4,1
390345,390345,390350,5,0
390345,390345,390350,5,0
390345,390345,390350,5,0
390345,390345,390350,5,0
390345,390345,390350,5,0
390345,390345,390350,5,0
390345,390345,390350,5,0
390345,390345,390350,5,0
390345,390346,390350,4,1
390345,390345,390350,5,0
390345,390345,390350,5,0
390345,390345,390350,5,0
390345,390346,390351,5,1
390345,390346,390351,5,1
390345,390346,390351,5,1
390345,390346,390351,5,1
390345,390346,390351,5,1
390345,390350,390352,2,5
390345,390346,390352,6,1
390345,390350,390354,4,5
390345,390350,390354,4,5
390345,390350,390354,4,5
390345,390350,390354,4,5
390345,390350,390354,4,5
390345,390350,390355,5,5
390345,390350,390355,5,5
390345,390350,390355,5,5
390345,390351,390355,4,6
390345,390350,390354,4,5
390345,390350,390354,4,5
390345,390350,390355,5,5
390345,390350,390355,5,5
390345,390350,390355,5,5
390345,390351,390355,4,6
390345,390351,390355,4,6
390345,390351,390354,3,6
390345,390350,390355,5,5
390345,390350,390354,4,5
390345,390350,390355,5,5
390345,390350,390355,5,5
390345,390351,390355,4,6
390345,390351,390355,4,6
390345,390351,390355,4,6
390345,390350,390355,5,5
390345,390352,390355,3,7
390345,390352,390355,3,7
390345,390350,390355,5,5
390345,390350,390355,5,5
390345,390350,390355,5,5
390345,390353,390355,2,8
390345,390350,390355,5,5
390345,390350,390355,5,5
390345,390350,390355,5,5
390345,390351,390355,4,6
390345,390351,390355,4,6
390345,390352,390354,2,7
390345,390354,390355,1,9
390345,390350,390354,4,5
390345,390350,390355,5,5
390345,390351,390355,4,6
390345,390351,390355,4,6
390345,390351,390355,4,6
390345,390352,390355,3,7
390345,390354,390355,1,9
390345,390350,390355,5,5
390345,390350,390355,5,5
390345,390351,390355,4,6
390345,390351,390355,4,6
390345,390352,390355,3,7
390345,390353,390355,2,8
390345,390354,390355,1,9
390345,390350,390355,5,5
390345,390350,390355,5,5
390345,390350,390355,5,5
390345,390350,390355,5,5
390345,390350,390355,5,5
390345,390351,390356,5,6
390345,390350,390355,5,5
390345,390350,390355,5,5
390345,390350,390355,5,5
390345,390350,390355,5,5
390345,390351,390356,5,6
390345,390351,390356,5,6
390345,390351,390355,4,6
390345,390350,390355,5,5
390345,390350,390355,5,5
390345,390350,390355,5,5
390345,390351,390356,5,6
390345,390351,390356,5,6
390345,390351,390355,4,6
390345,390351,390355,4,6
390345,390351,390355,4,6
390345,390351,390355,4,6
390345,390351,390355,4,6
390345,390351,390355,4,6
390345,390351,390355,4,6
390345,390351,390355,4,6
390345,390351,390355,4,6
390345,390351,390355,4,6
390345,390351,390355,4,6
390345,390351,390356,5,6
390345,390351,390356,5,6
390345,390355,390357,2,10
390345,390355,390357,2,10
390345,390355,390357,2,10
390345,390355,390357,2,10
390345,390355,390357,2,10
390345,390355,390357,2,10
390345,390355,390357,2,10
390345,390355,390357,2,10
390345,390355,390357,2,10
390345,390355,390357,2,10
390345,390355,390358,3,10
390345,390355,390358,3,10
390345,390355,390357,2,10
390345,390355,390358,3,10
390345,390355,390358,3,10
390345,390355,390357,2,10
390345,390355,390357,2,10
390345,390355,390358,3,10
390345,390355,390358,3,10
390345,390355,390358,3,10
390345,390355,390358,3,10
390345,390355,390358,3,10
390345,390355,390358,3,10
390345,390355,390358,3,10
390345,390355,390357,2,10
390345,390355,390358,3,10
390345,390355,390358,3,10
390345,390355,390358,3,10
390345,390355,390357,2,10
390345,390355,390358,3,10
390345,390355,390358,3,10
390345,390355,390358,3,10
390345,390355,390358,3,10
390345,390355,390358,3,10
390345,390355,390359,4,10
390363,390363,390368,5,0
390363,390363,390368,5,0
390363,390363,390368,5,0
390363,390363,390368,5,0
390363,390363,390368,5,0
390363,390363,390368,5,0
390363,390363,390368,5,0
390363,390363,390368,5,0
390363,390363,390368,5,0
390363,390363,390368,5,0
390363,390363,390368,5,0
390363,390363,390368,5,0
390363,390363,390368,5,0
390363,390363,390368,5,0
390363,390363,390368,5,0
390363,390363,390368,5,0
390363,390363,390368,5,0
390363,390363,390368,5,0
390363,390363,390368,5,0
390363,390363,390368,5,0
390363,390363,390368,5,0
390363,390363,390368,5,0
390363,390363,390368,5,0
390363,390363,390368,5,0
390363,390363,390368,5,0
390363,390363,390368,5,0
390363,390363,390368,5,0
390363,390363,390368,5,0
390363,390363,390368,5,0
390363,390363,390368,5,0
390363,390363,390368,5,0
390363,390363,390368,5,0
390363,390363,390368,5,0
390363,390363,390368,5,0
390363,390363,390368,5,0
390363,390363,390368,5,0
390363,390363,390368,5,0
390363,390363,390368,5,0
390363,390363,390368,5,0
390363,390363,390368,5,0
390363,390363,390368,5,0
390363,390363,390368,5,0
390363,390363,390368,5,0
390363,390363,390368,5,0
390363,390363,390368,5,0
390363,390363,390368,5,0
390363,390363,390368,5,0
390363,390363,390368,5,0
390363,390363,390368,5,0
390363,390363,390368,5,0
390363,390363,390368,5,0
390363,390363,390368,5,0
390363,390363,390368,5,0
390363,390363,390368,5,0
390363,390363,390368,5,0
390363,390363,390368,5,0
390363,390363,390368,5,0
390363,390363,390368,5,0
390363,390363,390368,5,0
390363,390363,390368,5,0
390363,390363,390368,5,0
390363,390363,390368,5,0
390363,390363,390368,5,0
390363,390363,390369,6,0
390363,390363,390369,6,0
390363,390363,390369,6,0
390363,390363,390369,6,0
390363,390363,390369,6,0
390363,390363,390369,6,0
390363,390363,390369,6,0
390363,390363,390369,6,0
390363,390363,390369,6,0
390363,390363,390369,6,0
390363,390363,390369,6,0
390363,390363,390369,6,0
390363,390363,390369,6,0
390363,390363,390369,6,0
390363,390363,390369,6,0
390363,390363,390369,6,0
390363,390363,390369,6,0
390363,390369,390371,2,6
390363,390369,390371,2,6
390363,390369,390372,3,6
390363,390369,390372,3,6
390363,390369,390373,4,6
390363,390369,390373,4,6
390363,390369,390373,4,6
390363,390369,390373,4,6
390363,390369,390374,5,6
390363,390369,390374,5,6
390363,390369,390373,4,6
390363,390369,390373,4,6
390363,390369,390373,4,6
390363,390369,390373,4,6
390363,390369,390373,4,6
390363,390369,390374,5,6
390363,390369,390374,5,6
390363,390369,390373,4,6
390363,390369,390373,4,6
390363,390369,390373,4,6
390363,390369,390374,5,6
390363,390369,390373,4,6
390363,390369,390373,4,6
390363,390369,390373,4,6
390363,390369,390374,5,6
390363,390369,390374,5,6
390363,390369,390374,5,6
390363,390369,390373,4,6
390363,390369,390373,4,6
390363,390369,390373,4,6
390363,390369,390373,4,6
390363,390369,390374,5,6
390363,390369,390374,5,6
390363,390369,390373,4,6
390363,390369,390373,4,6
390363,390369,390373,4,6
390363,390369,390373,4,6
390363,390369,390374,5,6
390363,390369,390374,5,6
390363,390369,390373,4,6
390363,390369,390373,4,6
390363,390369,390373,4,6
390363,390369,390373,4,6
390363,390369,390374,5,6
390363,390369,390373,4,6
390363,390369,390373,4,6
390363,390369,390373,4,6
390363,390369,390374,5,6
390363,390369,390373,4,6
390363,390369,390373,4,6
390363,390369,390373,4,6
390363,390370,390374,4,7
390363,390369,390373,4,6
390363,390369,390373,4,6
390363,390369,390374,5,6
390363,390369,390374,5,6
390363,390369,390374,5,6
390363,390369,390374,5,6
390363,390369,390375,6,6
390363,390370,390375,5,7
390363,390370,390374,4,7
390363,390369,390374,5,6
390363,390369,390374,5,6
390363,390369,390374,5,6
390363,390369,390374,5,6
390363,390370,390375,5,7
390363,390370,390374,4,7
390363,390370,390374,4,7
390363,390370,390374,4,7
390363,390370,390375,5,7
390363,390373,390375,2,10
390363,390370,390374,4,7
390363,390370,390375,5,7
390363,390370,390374,4,7
390363,390369,390375,6,6
390363,390369,390375,6,6
390363,390374,390376,2,11
390363,390374,390376,2,11
390363,390374,390376,2,11
390363,390374,390376,2,11
390363,390374,390376,2,11
390363,390369,390375,6,6
390363,390374,390376,2,11
390363,390374,390376,2,11
390363,390370,390375,5,7
390363,390372,390375,3,9
390363,390373,390375,2,10
390363,390374,390376,2,11
390363,390374,390376,2,11
390363,390370,390375,5,7
390363,390370,390375,5,7
390363,390370,390375,5,7
390363,390374,390376,2,11
390363,390372,390375,3,9
390363,390374,390376,2,11
390363,390374,390376,2,11
390363,390373,390375,2,10
390363,390374,390376,2,11
390363,390374,390376,2,11
390363,390374,390377,3,11
390363,390374,390377,3,11
390363,390374,390376,2,11
390363,390374,390376,2,11
390363,390374,390377,3,11
390363,390374,390377,3,11
390363,390374,390377,3,11
390363,390374,390377,3,11
390363,390374,390377,3,11
390363,390374,390377,3,11
390363,390374,390377,3,11
390363,390374,390376,2,11
390363,390374,390377,3,11
390363,390374,390377,3,11
390363,390374,390377,3,11
390363,390374,390376,2,11
390363,390374,390376,2,11
390363,390374,390376,2,11
390363,390374,390376,2,11
390363,390374,390377,3,11
390381,390381,390382,1,0
390381,390381,390383,2,0
390381,390381,390383,2,0
390381,390381,390383,2,0
390381,390381,390383,2,0
390381,390381,390383,2,0
390381,390381,390383,2,0
390381,390381,390385,4,0
390381,390381,390385,4,0
390381,390381,390385,4,0
390381,390381,390386,5,0
390381,390381,390386,5,0
390381,390381,390386,5,0
390381,390381,390385,4,0
390381,390381,390385,4,0
390381,390381,390385,4,0
390381,390381,390385,4,0
390381,390381,390386,5,0
390381,390381,390385,4,0
390381,390381,390385,4,0
390381,390381,390386,5,0
390381,390381,390386,5,0
390381,390381,390386,5,0
390381,390381,390386,5,0
390381,390381,390385,4,0
390381,390381,390385,4,0
390381,390381,390386,5,0
390381,390381,390386,5,0
390381,390381,390386,5,0
390381,390381,390385,4,0
390381,390381,390385,4,0
390381,390381,390386,5,0
390381,390381,390386,5,0
390381,390381,390385,4,0
390381,390381,390385,4,0
390381,390381,390385,4,0
390381,390381,390386,5,0
390381,390381,390386,5,0
390381,390381,390386,5,0
390381,390381,390385,4,0
390381,390381,390386,5,0
390381,390381,390386,5,0
390381,390381,390386,5,0
390381,390381,390386,5,0
390381,390381,390385,4,0
390381,390381,390385,4,0
390381,390381,390386,5,0
390381,390381,390386,5,0
390381,390381,390386,5,0
390381,390381,390386,5,0
390381,390381,390386,5,0
390381,390381,390385,4,0
390381,390381,390385,4,0
390381,390381,390385,4,0
390381,390381,390386,5,0
390381,390381,390386,5,0
390381,390381,390385,4,0
390381,390381,390387,6,0
390381,390381,390387,6,0
390381,390381,390386,5,0
390381,390381,390387,6,0
390381,390381,390387,6,0
390381,390383,390387,4,2
390381,390383,390387,4,2
390381,390381,390386,5,0
390381,390381,390387,6,0
390381,390381,390387,6,0
390381,390383,390387,4,2
390381,390381,390387,6,0
390381,390381,390387,6,0
390381,390381,390387,6,0
390381,390381,390387,6,0
390381,390381,390387,6,0
390381,390383,390387,4,2
390381,390381,390387,6,0
390381,390381,390387,6,0
390381,390381,390387,6,0
390381,390381,390387,6,0
390381,390381,390387,6,0
390381,390381,390386,5,0
390381,390381,390386,5,0
390381,390382,390387,5,1
390381,390381,390387,6,0
390381,390384,390387,3,3
390381,390383,390387,4,2
390381,390381,390387,6,0
390381,390381,390387,6,0
390381,390386,390391,5,5
390381,390386,390391,5,5
390381,390386,390391,5,5
390381,390386,390391,5,5
390381,390387,390391,4,6
390381,390387,390391,4,6
390381,390387,390391,4,6
390381,390388,390391,3,7
390381,390388,390391,3,7
390381,390388,390391,3,7
390381,390388,390391,3,7
390381,390388,390391,3,7
390381,390388,390392,4,7
390381,390388,390391,3,7
390381,390386,390391,5,5
390381,390386,390391,5,5
390381,390386,390391,5,5
390381,390387,390391,4,6
390381,390387,390391,4,6
390381,390387,390391,4,6
390381,390386,390391,5,5
390381,390386,390391,5,5
390381,390386,390391,5,5
390381,390386,390391,5,5
390381,390386,390391,5,5
390381,390387,390391,4,6
390381,390386,390391,5,5
390381,390386,390391,5,5
390381,390386,390391,5,5
390381,390387,390391,4,6
390381,390387,390391,4,6
390381,390387,390391,4,6
390381,390388,390391,3,7
390381,390386,390391,5,5
390381,390386,390391,5,5
390381,390386,390391,5,5
390381,390386,390391,5,5
390381,390387,390391,4,6
390381,390388,390391,3,7
390381,390386,390391,5,5
390381,390386,390391,5,5
390381,390386,390391,5,5
390381,390386,390391,5,5
390381,390386,390391,5,5
390381,390388,390391,3,7
390381,390388,390392,4,7
390381,390386,390391,5,5
390381,390386,390391,5,5
390381,390386,390391,5,5
390381,390386,390391,5,5
390381,390388,390391,3,7
390381,390388,390391,3,7
390381,390388,390391,3,7
390381,390388,390391,3,7
390381,390386,390391,5,5
390381,390386,390391,5,5
390381,390386,390391,5,5
390381,390387,390391,4,6
390381,390387,390391,4,6
390381,390388,390391,3,7
390381,390388,390391,3,7
390381,390386,390391,5,5
390381,390386,390391,5,5
390381,390386,390391,5,5
390381,390386,390391,5,5
390381,390387,390391,4,6
390381,390388,390391,3,7
390381,390388,390391,3,7
390381,390388,390392,4,7
390381,390388,390392,4,7
390381,390388,390392,4,7
390381,390388,390392,4,7
390381,390388,390392,4,7
390381,390388,390392,4,7
390381,390388,390392,4,7
390381,390388,390392,4,7
390381,390388,390392,4,7
390381,390388,390392,4,7
390381,390386,390392,6,5
390381,390388,390392,4,7
390381,390392,390394,2,11
390381,390392,390394,2,11
390381,390392,390394,2,11
390381,390392,390394,2,11
390381,390392,390394,2,11
390381,390392,390395,3,11
390381,390392,390394,2,11
390381,390392,390395,3,11
390381,390392,390394,2,11
390381,390392,390395,3,11
390381,390392,390394,2,11
390381,390392,390394,2,11
390381,390392,390394,2,11
390381,390392,390395,3,11
390381,390392,390394,2,11
390381,390392,390394,2,11
390381,390392,390395,3,11
390381,390392,390395,3,11
390381,390392,390394,2,11
390381,390392,390395,3,11
390381,390392,390394,2,11
390381,390392,390394,2,11
390381,390392,390394,2,11
390381,390392,390394,2,11
390381,390392,390394,2,11
390381,390392,390395,3,11
390381,390392,390395,3,11
390381,390392,390395,3,11
390381,390392,390395,3,11
390381,390392,390395,3,11
390381,390392,390395,3,11
390381,390392,390395,3,11
390381,390392,390395,3,11
390400,390400,390405,5,0
390400,390400,390405,5,0
390400,390400,390405,5,0
390400,390400,390404,4,0
390400,390400,390404,4,0
390400,390400,390404,4,0
390400,390400,390405,5,0
390400,390400,390405,5,0
390400,390400,390405,5,0
390400,390400,390405,5,0
390400,390400,390405,5,0
390400,390400,390404,4,0
390400,390400,390404,4,0
390400,390400,390404,4,0
390400,390400,390405,5,0
390400,390400,390405,5,0
390400,390400,390405,5,0
390400,390400,390405,5,0
390400,390400,390404,4,0
390400,390400,390404,4,0
390400,390400,390404,4,0
390400,390400,390405,5,0
390400,390400,390405,5,0
390400,390400,390405,5,0
390400,390400,390405,5,0
390400,390400,390405,5,0
390400,390400,390404,4,0
390400,390400,390404,4,0
390400,390400,390405,5,0
390400,390400,390405,5,0
390400,390400,390405,5,0
390400,390400,390405,5,0
390400,390400,390405,5,0
390400,390400,390405,5,0
390400,390400,390404,4,0
390400,390400,390404,4,0
390400,390400,390405,5,0
390400,390400,390405,5,0
390400,390400,390405,5,0
390400,390400,390405,5,0
390400,390400,390404,4,0
390400,390400,390405,5,0
390400,390400,390405,5,0
390400,390400,390405,5,0
390400,390400,390405,5,0
390400,390400,390405,5,0
390400,390400,390405,5,0
390400,390400,390404,4,0
390400,390400,390405,5,0
390400,390400,390405,5,0
390400,390400,390405,5,0
390400,390400,390405,5,0
390400,390400,390405,5,0
390400,390400,390405,5,0
390400,390400,390405,5,0
390400,390400,390404,4,0
390400,390400,390404,4,0
390400,390400,390405,5,0
390400,390400,390405,5,0
390400,390400,390405,5,0
390400,390400,390405,5,0
390400,390400,390405,5,0
390400,390400,390405,5,0
390400,390400,390404,4,0
390400,390400,390404,4,0
390400,390400,390404,4,0
390400,390400,390405,5,0
390400,390400,390405,5,0
390400,390400,390405,5,0
390400,390400,390405,5,0
390400,390400,390404,4,0
390400,390400,390404,4,0
390400,390400,390404,4,0
390400,390400,390405,5,0
390400,390400,390406,6,0
390400,390400,390406,6,0
390400,390400,390406,6,0
390400,390400,390406,6,0
390400,390400,390405,5,0
390400,390400,390406,6,0
390400,390405,390410,5,5
390400,390405,390410,5,5
390400,390405,390410,5,5
390400,390405,390410,5,5
390400,390405,390410,5,5
390400,390405,390410,5,5
390400,390405,390410,5,5
390400,390405,390410,5,5
390400,390405,390410,5,5
390400,390405,390410,5,5
390400,390405,390410,5,5
390400,390405,390410,5,5
390400,390405,390410,5,5
390400,390405,390410,5,5
390400,390405,390410,5,5
390400,390405,390410,5,5
390400,390405,390410,5,5
390400,390405,390410,5,5
390400,390405,390410,5,5
390400,390405,390410,5,5
390400,390405,390410,5,5
390400,390405,390410,5,5
390400,390405,390410,5,5
390400,390405,390410,5,5
390400,390405,390410,5,5
390400,390405,390410,5,5
390400,390405,390410,5,5
390400,390405,390410,5,5
390400,390405,390410,5,5
390400,390405,390410,5,5
390400,390405,390410,5,5
390400,390405,390410,5,5
390400,390405,390410,5,5
390400,390405,390410,5,5
390400,390405,390410,5,5
390400,390405,390410,5,5
390400,390405,390410,5,5
390400,390405,390410,5,5
390400,390405,390410,5,5
390400,390405,390410,5,5
390400,390405,390409,4,5
390400,390405,390410,5,5
390400,390405,390410,5,5
390400,390405,390410,5,5
390400,390405,390410,5,5
390400,390405,390410,5,5
390400,390405,390410,5,5
390400,390405,390410,5,5
390400,390405,390410,5,5
390400,390405,390410,5,5
390400,390405,390410,5,5
390400,390405,390410,5,5
390400,390405,390410,5,5
390400,390405,390410,5,5
390400,390405,390410,5,5
390400,390405,390410,5,5
390400,390405,390410,5,5
390400,390406,390410,4,6
390400,390405,390411,6,5
390400,390406,390411,5,6
390400,390406,390411,5,6
390400,390405,390411,6,5
390400,390405,390411,6,5
390400,390405,390411,6,5
390400,390406,390411,5,6
390400,390405,390411,6,5
390400,390405,390411,6,5
390400,390405,390411,6,5
390400,390405,390411,6,5
390400,390406,390411,5,6
390400,390406,390411,5,6
390400,390405,390411,6,5
390400,390405,390411,6,5
390400,390405,390411,6,5
390400,390405,390411,6,5
390400,390405,390411,6,5
390400,390405,390411,6,5
390400,390405,390411,6,5
390400,390405,390411,6,5
390400,390406,390411,5,6
390400,390411,390413,2,11
390400,390411,390413,2,11
390400,390411,390412,1,11
390400,390411,390413,2,11
390400,390411,390413,2,11
390400,390411,390413,2,11
390400,390411,390413,2,11
390400,390411,390413,2,11
390400,390411,390413,2,11
390400,390411,390413,2,11
390400,390411,390413,2,11
390400,390411,390413,2,11
390400,390411,390413,2,11
390400,390411,390413,2,11
390400,390411,390413,2,11
390400,390411,390413,2,11
390400,390411,390413,2,11
390400,390411,390413,2,11
390400,390411,390413,2,11
390400,390411,390413,2,11
390400,390411,390413,2,11
390400,390411,390413,2,11
390400,390411,390413,2,11
390400,390411,390413,2,11
390400,390411,390413,2,11
390400,390411,390413,2,11
390400,390411,390413,2,11
390400,390411,390413,2,11
390400,390411,390413,2,11
390400,390411,390413,2,11
390400,390411,390414,3,11
390400,390411,390413,2,11
390400,390411,390413,2,11
390400,390411,390413,2,11
390400,390411,390414,3,11
390400,390411,390414,3,11
390400,390411,390414,3,11
390400,390411,390414,3,11
390400,390411,390414,3,11
390400,390411,390414,3,11
390418,390419,390424,5,1
390418,390419,390424,5,1
390418,390419,390424,5,1
390418,390419,390424,5,1
390418,390419,390424,5,1
390418,390419,390423,4,1
390418,390419,390423,4,1
390418,390419,390424,5,1
390418,390419,390424,5,1
390418,390419,390424,5,1
390418,390419,390424,5,1
390418,390419,390423,4,1
390418,390419,390423,4,1
390418,390419,390423,4,1
390418,390419,390424,5,1
390418,390419,390424,5,1
390418,390419,390423,4,1
390418,390419,390423,4,1
390418,390419,390423,4,1
390418,390419,390423,4,1
390418,390419,390423,4,1
390418,390419,390423,4,1
390418,390419,390423,4,1
390418,390419,390423,4,1
390418,390419,390423,4,1
390418,390419,390423,4,1
390418,390419,390423,4,1
390418,390419,390424,5,1
390418,390419,390424,5,1
390418,390419,390424,5,1
390418,390419,390424,5,1
390418,390419,390424,5,1
390418,390419,390424,5,1
390418,390419,390424,5,1
390418,390419,390424,5,1
390418,390419,390424,5,1
390418,390419,390424,5,1
390418,390419,390424,5,1
390418,390419,390424,5,1
390418,390419,390424,5,1
390418,390419,390424,5,1
390418,390419,390423,4,1
390418,390419,390424,5,1
390418,390419,390424,5,1
390418,390419,390424,5,1
390418,390419,390424,5,1
390418,390419,390423,4,1
390418,390419,390423,4,1
390418,390419,390423,4,1
390418,390419,390423,4,1
390418,390419,390424,5,1
390418,390419,390424,5,1
390418,390419,390424,5,1
390418,390419,390424,5,1
390418,390419,390424,5,1
390418,390419,390424,5,1
390418,390419,390424,5,1
390418,390419,390424,5,1
390418,390419,390424,5,1
390418,390419,390425,6,1
390418,390419,390424,5,1
390418,390419,390425,6,1
390418,390419,390425,6,1
390418,390419,390425,6,1
390418,390419,390425,6,1
390418,390419,390424,5,1
390418,390419,390424,5,1
390418,390419,390424,5,1
390418,390419,390424,5,1
390418,390419,390425,6,1
390418,390419,390424,5,1
390418,390419,390424,5,1
390418,390419,390424,5,1
390418,390419,390425,6,1
390418,390419,390424,5,1
390418,390419,390424,5,1
390418,390419,390424,5,1
390418,390419,390425,6,1
390418,390419,390424,5,1
390418,390419,390424,5,1
390418,390424,390427,3,6
390418,390424,390427,3,6
390418,390424,390427,3,6
390418,390424,390427,3,6
390418,390424,390427,3,6
390418,390424,390427,3,6
390418,390424,390429,5,6
390418,390424,390428,4,6
390418,390424,390428,4,6
390418,390424,390428,4,6
390418,390424,390429,5,6
390418,390424,390429,5,6
390418,390424,390428,4,6
390418,390424,390428,4,6
390418,390424,390428,4,6
390418,390424,390429,5,6
390418,390424,390429,5,6
390418,390424,390429,5,6
390418,390424,390428,4,6
390418,390424,390428,4,6
390418,390424,390428,4,6
390418,390425,390429,4,7
390418,390424,390428,4,6
390418,390424,390428,4,6
390418,390424,390428,4,6
390418,390424,390428,4,6
390418,390424,390429,5,6
390418,390424,390429,5,6
390418,390424,390428,4,6
390418,390424,390428,4,6
390418,390424,390429,5,6
390418,390424,390428,4,6
390418,390424,390428,4,6
390418,390424,390429,5,6
390418,390424,390429,5,6
390418,390424,390429,5,6
390418,390424,390428,4,6
390418,390424,390428,4,6
390418,390424,390429,5,6
390418,390424,390429,5,6
390418,390424,390429,5,6
390418,390424,390428,4,6
390418,390424,390429,5,6
390418,390424,390429,5,6
390418,390425,390429,4,7
390418,390424,390429,5,6
390418,390424,390429,5,6
390418,390424,390429,5,6
390418,390425,390429,4,7
390418,390425,390429,4,7
390418,390424,390428,4,6
390418,390424,390429,5,6
390418,390425,390429,4,7
390418,390427,390430,3,9
390418,390427,390430,3,9
390418,390424,390429,5,6
390418,390424,390429,5,6
390418,390424,390429,5,6
390418,390425,390430,5,7
390418,390425,390430,5,7
390418,390425,390430,5,7
390418,390425,390430,5,7
390418,390425,390429,4,7
390418,390425,390429,4,7
390418,390425,390430,5,7
390418,390425,390430,5,7
390418,390425,390430,5,7
390418,390428,390430,2,10
390418,390424,390429,5,6
390418,390425,390430,5,7
390418,390425,390429,4,7
390418,390425,390429,4,7
390418,390425,390430,5,7
390418,390425,390430,5,7
390418,390425,390430,5,7
390418,390427,390430,3,9
390418,390428,390430,2,10
390418,390425,390429,4,7
390418,390425,390430,5,7
390418,390425,390430,5,7
390418,390425,390430,5,7
390418,390425,390430,5,7
390418,390425,390431,6,7
390418,390428,390430,2,10
390418,390425,390430,5,7
390418,390425,390430,5,7
390418,390429,390431,2,11
390418,390429,390431,2,11
390418,390429,390432,3,11
390418,390429,390432,3,11
390418,390429,390432,3,11
390418,390429,390432,3,11
390418,390429,390432,3,11
390418,390429,390432,3,11
390418,390429,390432,3,11
390418,390429,390432,3,11
390418,390429,390432,3,11
390418,390429,390432,3,11
390418,390429,390432,3,11
390418,390429,390432,3,11
390418,390429,390432,3,11
390418,390429,390432,3,11
390418,390429,390432,3,11
390418,390429,390432,3,11
390418,390429,390431,2,11
390418,390429,390431,2,11
390418,390429,390432,3,11
390418,390429,390432,3,11
390418,390429,390431,2,11
390418,390429,390432,3,11
390418,390429,390432,3,11
390418,390429,390432,3,11
390418,390429,390432,3,11
390418,390429,390432,3,11
390418,390429,390432,3,11
390418,390429,390433,4,11
390418,390429,390432,3,11
390418,390429,390433,4,11
390418,390429,390433,4,11
390418,390429,390432,3,11
390438,390438,390439,1,0
390438,390438,390439,1,0
390438,390438,390441,3,0
390438,390438,390442,4,0
390438,390438,390443,5,0
390438,390438,390442,4,0
390438,390438,390442,4,0
390438,390438,390442,4,0
390438,390438,390443,5,0
390438,390438,390442,4,0
390438,390438,390442,4,0
390438,390438,390442,4,0
390438,390438,390443,5,0
390438,390438,390442,4,0
390438,390438,390442,4,0
390438,390438,390442,4,0
390438,390438,390443,5,0
390438,390438,390443,5,0
390438,390438,390443,5,0
390438,390438,390443,5,0
390438,390438,390442,4,0
390438,390438,390442,4,0
390438,390438,390442,4,0
390438,390438,390443,5,0
390438,390438,390442,4,0
390438,390438,390442,4,0
390438,390438,390442,4,0
390438,390438,390442,4,0
390438,390438,390443,5,0
390438,390438,390442,4,0
390438,390438,390443,5,0
390438,390438,390443,5,0
390438,390438,390442,4,0
390438,390438,390442,4,0
390438,390438,390443,5,0
390438,390438,390443,5,0
390438,390438,390442,4,0
390438,390438,390442,4,0
390438,390438,390442,4,0
390438,390438,390442,4,0
390438,390438,390443,5,0
390438,390438,390443,5,0
390438,390438,390442,4,0
390438,390438,390442,4,0
390438,390438,390443,5,0
390438,390438,390442,4,0
390438,390438,390443,5,0
390438,390438,390443,5,0
390438,390438,390443,5,0
390438,390438,390443,5,0
390438,390438,390443,5,0
390438,390438,390443,5,0
390438,390438,390444,6,0
390438,390438,390443,5,0
390438,390438,390444,6,0
390438,390438,390444,6,0
390438,390438,390443,5,0
390438,390439,390444,5,1
390438,390438,390443,5,0
390438,390438,390443,5,0
390438,390438,390443,5,0
390438,390438,390443,5,0
390438,390438,390444,6,0
390438,390438,390444,6,0
390438,390438,390444,6,0
390438,390438,390443,5,0
390438,390438,390443,5,0
390438,390438,390444,6,0
390438,390438,390443,5,0
390438,390438,390443,5,0
390438,390438,390443,5,0
390438,390438,390444,6,0
390438,390438,390443,5,0
390438,390438,390444,6,0
390438,390438,390443,5,0
390438,390438,390443,5,0
390438,390438,390443,5,0
390438,390438,390443,5,0
390438,390438,390443,5,0
390438,390440,390444,4,2
390438,390438,390444,6,0
390438,390438,390444,6,0
390438,390442,390444,2,4
390438,390442,390444,2,4
390438,390444,390447,3,6
390438,390444,390447,3,6
390438,390444,390447,3,6
390438,390444,390447,3,6
390438,390444,390447,3,6
390438,390444,390447,3,6
390438,390444,390447,3,6
390438,390444,390447,3,6
390438,390444,390447,3,6
390438,390444,390447,3,6
390438,390444,390447,3,6
390438,390444,390447,3,6
390438,390443,390447,4,5
390438,390444,390447,3,6
390438,390444,390447,3,6
390438,390444,390447,3,6
390438,390443,390447,4,5
390438,390443,390448,5,5
390438,390443,390448,5,5
390438,390443,390448,5,5
390438,390443,390448,5,5
390438,390443,390447,4,5
390438,390443,390447,4,5
390438,390443,390448,5,5
390438,390443,390447,4,5
390438,390443,390447,4,5
390438,390443,390448,5,5
390438,390444,390447,3,6
390438,390444,390448,4,6
390438,390443,390448,5,5
390438,390443,390448,5,5
390438,390443,390447,4,5
390438,390444,390447,3,6
390438,390444,390447,3,6
390438,390444,390448,4,6
390438,390443,390447,4,5
390438,390443,390447,4,5
390438,390443,390448,5,5
390438,390443,390447,4,5
390438,390443,390447,4,5
390438,390444,390447,3,6
390438,390443,390447,4,5
390438,390443,390448,5,5
390438,390443,390448,5,5
390438,390443,390447,4,5
390438,390443,390447,4,5
390438,390444,390448,4,6
390438,390443,390447,4,5
390438,390443,390448,5,5
390438,390443,390448,5,5
390438,390443,390447,4,5
390438,390444,390447,3,6
390438,390443,390448,5,5
390438,390443,390447,4,5
390438,390443,390447,4,5
390438,390443,390447,4,5
390438,390444,390447,3,6
390438,390443,390447,4,5
390438,390443,390447,4,5
390438,390443,390447,4,5
390438,390444,390448,4,6
390438,390444,390448,4,6
390438,390444,390447,3,6
390438,390443,390448,5,5
390438,390443,390448,5,5
390438,390443,390447,4,5
390438,390443,390447,4,5
390438,390443,390448,5,5
390438,390443,390448,5,5
390438,390443,390448,5,5
390438,390444,390447,3,6
390438,390443,390449,6,5
390438,390443,390448,5,5
390438,390445,390449,4,7
390438,390447,390449,2,9
390438,390447,390449,2,9
390438,390447,390449,2,9
390438,390447,390449,2,9
390438,390447,390449,2,9
390438,390447,390449,2,9
390438,390447,390449,2,9
390438,390444,390448,4,6
390438,390447,390449,2,9
390438,390447,390449,2,9
390438,390444,390449,5,6
390438,390445,390449,4,7
390438,390445,390449,4,7
390438,390447,390449,2,9
390438,390445,390449,4,7
390438,390447,390449,2,9
390438,390447,390449,2,9
390438,390448,390450,2,10
390438,390448,390450,2,10
390438,390448,390450,2,10
390438,390448,390450,2,10
390438,390448,390450,2,10
390438,390448,390450,2,10
390438,390448,390450,2,10
390438,390448,390450,2,10
390438,390448,390450,2,10
390438,390448,390450,2,10
390438,390448,390450,2,10
390438,390448,390450,2,10
390438,390448,390450,2,10
390438,390448,390450,2,10
390438,390447,390449,2,9
390438,390447,390450,3,9
390438,390447,390450,3,9
390438,390447,390450,3,9
390438,390448,390451,3,10
390438,390448,390451,3,10
390438,390448,390451,3,10
390438,390448,390451,3,10
390438,390448,390451,3,10
390438,390448,390451,3,10
390438,390444,390453,9,6
390457,390457,390462,5,0
390457,390457,390462,5,0
390457,390457,390462,5,0
390457,390457,390462,5,0
390457,390457,390462,5,0
390457,390457,390462,5,0
390457,390457,390462,5,0
390457,390457,390462,5,0
390457,390457,390462,5,0
390457,390457,390462,5,0
390457,390457,390462,5,0
390457,390457,390462,5,0
390457,390457,390462,5,0
390457,390457,390462,5,0
390457,390457,390462,5,0
390457,390457,390462,5,0
390457,390457,390462,5,0
390457,390457,390462,5,0
390457,390457,390462,5,0
390457,390457,390462,5,0
390457,390457,390462,5,0
390457,390457,390462,5,0
390457,390457,390462,5,0
390457,390457,390462,5,0
390457,390457,390462,5,0
390457,390457,390462,5,0
390457,390457,390462,5,0
390457,390457,390462,5,0
390457,390457,390462,5,0
390457,390457,390462,5,0
390457,390457,390462,5,0
390457,390457,390462,5,0
390457,390457,390462,5,0
390457,390457,390462,5,0
390457,390457,390462,5,0
390457,390457,390462,5,0
390457,390457,390462,5,0
390457,390457,390462,5,0
390457,390457,390462,5,0
390457,390457,390462,5,0
390457,390457,390462,5,0
390457,390457,390462,5,0
390457,390457,390462,5,0
390457,390457,390462,5,0
390457,390457,390462,5,0
390457,390457,390462,5,0
390457,390457,390462,5,0
390457,390457,390462,5,0
390457,390457,390462,5,0
390457,390457,390462,5,0
390457,390457,390462,5,0
390457,390457,390462,5,0
390457,390457,390462,5,0
390457,390457,390462,5,0
390457,390457,390462,5,0
390457,390457,390462,5,0
390457,390457,390462,5,0
390457,390457,390462,5,0
390457,390457,390462,5,0
390457,390457,390462,5,0
390457,390457,390462,5,0
390457,390457,390462,5,0
390457,390457,390462,5,0
390457,390457,390462,5,0
390457,390457,390462,5,0
390457,390457,390462,5,0
390457,390457,390462,5,0
390457,390457,390462,5,0
390457,390457,390463,6,0
390457,390457,390464,7,0
390457,390457,390463,6,0
390457,390457,390463,6,0
390457,390457,390463,6,0
390457,390457,390463,6,0
390457,390457,390463,6,0
390457,390457,390463,6,0
390457,390457,390463,6,0
390457,390457,390463,6,0
390457,390457,390463,6,0
390457,390457,390463,6,0
390457,390463,390468,5,6
390457,390463,390468,5,6
390457,390463,390468,5,6
390457,390463,390468,5,6
390457,390463,390468,5,6
390457,390463,390468,5,6
390457,390463,390468,5,6
390457,390463,390468,5,6
390457,390463,390468,5,6
390457,390463,390468,5,6
390457,390463,390468,5,6
390457,390463,390468,5,6
390457,390463,390468,5,6
390457,390463,390468,5,6
390457,390463,390468,5,6
390457,390463,390468,5,6
390457,390463,390468,5,6
390457,390463,390468,5,6
390457,390463,390468,5,6
390457,390463,390468,5,6
390457,390463,390468,5,6
390457,390463,390468,5,6
390457,390463,390468,5,6
390457,390463,390468,5,6
390457,390463,390468,5,6
390457,390463,390468,5,6
390457,390463,390468,5,6
390457,390463,390468,5,6
390457,390463,390468,5,6
390457,390463,390468,5,6
390457,390463,390468,5,6
390457,390463,390468,5,6
390457,390463,390467,4,6
390457,390463,390468,5,6
390457,390463,390468,5,6
390457,390463,390468,5,6
390457,390463,390468,5,6
390457,390463,390468,5,6
390457,390463,390468,5,6
390457,390463,390468,5,6
390457,390463,390468,5,6
390457,390463,390468,5,6
390457,390463,390468,5,6
390457,390463,390468,5,6
390457,390463,390468,5,6
390457,390463,390468,5,6
390457,390463,390468,5,6
390457,390463,390468,5,6
390457,390463,390468,5,6
390457,390463,390468,5,6
390457,390463,390468,5,6
390457,390463,390468,5,6
390457,390463,390468,5,6
390457,390463,390468,5,6
390457,390463,390468,5,6
390457,390463,390468,5,6
390457,390463,390467,4,6
390457,390464,390468,4,7
390457,390464,390468,4,7
390457,390463,390468,5,6
390457,390463,390468,5,6
390457,390463,390468,5,6
390457,390463,390469,6,6
390457,390463,390469,6,6
390457,390463,390468,5,6
390457,390463,390468,5,6
390457,390463,390468,5,6
390457,390463,390468,5,6
390457,390464,390468,4,7
390457,390464,390469,5,7
390457,390464,390468,4,7
390457,390463,390468,5,6
390457,390464,390468,4,7
390457,390464,390468,4,7
390457,390464,390468,4,7
390457,390464,390468,4,7
390457,390464,390468,4,7
390457,390463,390469,6,6
390457,390463,390468,5,6
390457,390464,390469,5,7
390457,390468,390470,2,11
390457,390468,390470,2,11
390457,390468,390470,2,11
390457,390468,390470,2,11
390457,390468,390470,2,11
390457,390468,390470,2,11
390457,390468,390470,2,11
390457,390468,390470,2,11
390457,390468,390470,2,11
390457,390468,390470,2,11
390457,390468,390470,2,11
390457,390468,390470,2,11
390457,390468,390470,2,11
390457,390468,390470,2,11
390457,390468,390470,2,11
390457,390468,390470,2,11
390457,390468,390470,2,11
390457,390468,390471,3,11
390457,390468,390470,2,11
390457,390468,390471,3,11
390457,390468,390470,2,11
390457,390468,390471,3,11
390457,390468,390470,2,11
390457,390468,390470,2,11
390457,390468,390470,2,11
390457,390468,390470,2,11
390457,390468,390471,3,11
390457,390468,390471,3,11
390457,390468,390471,3,11
390457,390468,390470,2,11
390457,390468,390470,2,11
390457,390468,390470,2,11
390457,390468,390470,2,11
390457,390468,390471,3,11
390457,390468,390470,2,11
390457,390468,390471,3,11
390457,390468,390471,3,11
390457,390468,390471,3,11
390457,390468,390471,3,11
390457,390468,390471,3,11
390476,390476,390481,5,0
390476,390476,390481,5,0
390476,390476,390481,5,0
390476,390476,390481,5,0
390476,390476,390481,5,0
390476,390476,390481,5,0
390476,390476,390481,5,0
390476,390476,390481,5,0
390476,390476,390481,5,0
390476,390476,390481,5,0
390476,390476,390481,5,0
390476,390476,390481,5,0
390476,390476,390481,5,0
390476,390476,390481,5,0
390476,390476,390481,5,0
390476,390476,390481,5,0
390476,390476,390482,6,0
390476,390476,390481,5,0
390476,390476,390481,5,0
390476,390476,390481,5,0
390476,390476,390481,5,0
390476,390476,390481,5,0
390476,390476,390482,6,0
390476,390476,390482,6,0
390476,390476,390481,5,0
390476,390476,390481,5,0
390476,390476,390481,5,0
390476,390476,390481,5,0
390476,390476,390481,5,0
390476,390476,390481,5,0
390476,390476,390481,5,0
390476,390476,390481,5,0
390476,390476,390481,5,0
390476,390476,390481,5,0
390476,390476,390481,5,0
390476,390476,390481,5,0
390476,390476,390481,5,0
390476,390476,390481,5,0
390476,390476,390482,6,0
390476,390476,390481,5,0
390476,390476,390481,5,0
390476,390476,390481,5,0
390476,390476,390481,5,0
390476,390476,390481,5,0
390476,390476,390481,5,0
390476,390476,390481,5,0
390476,390476,390482,6,0
390476,390476,390481,5,0
390476,390476,390481,5,0
390476,390476,390481,5,0
390476,390476,390481,5,0
390476,390476,390481,5,0
390476,390476,390482,6,0
390476,390476,390481,5,0
390476,390476,390482,6,0
390476,390476,390481,5,0
390476,390476,390481,5,0
390476,390476,390481,5,0
390476,390476,390482,6,0
390476,390476,390481,5,0
390476,390476,390481,5,0
390476,390476,390481,5,0
390476,390476,390481,5,0
390476,390476,390481,5,0
390476,390476,390482,6,0
390476,390476,390481,5,0
390476,390476,390482,6,0
390476,390476,390481,5,0
390476,390476,390481,5,0
390476,390476,390481,5,0
390476,390476,390481,5,0
390476,390476,390481,5,0
390476,390476,390481,5,0
390476,390476,390481,5,0
390476,390476,390482,6,0
390476,390476,390482,6,0
390476,390476,390482,6,0
390476,390476,390482,6,0
390476,390481,390483,2,5
390476,390481,390483,2,5
390476,390481,390483,2,5
390476,390476,390482,6,0
390476,390481,390483,2,5
390476,390476,390482,6,0
390476,390482,390486,4,6
390476,390482,390486,4,6
390476,390482,390486,4,6
390476,390482,390486,4,6
390476,390482,390486,4,6
390476,390482,390487,5,6
390476,390482,390487,5,6
390476,390482,390487,5,6
390476,390482,390487,5,6
390476,390482,390487,5,6
390476,390483,390487,4,7
390476,390482,390487,5,6
390476,390482,390487,5,6
390476,390482,390487,5,6
390476,390482,390487,5,6
390476,390482,390487,5,6
390476,390482,390487,5,6
390476,390482,390487,5,6
390476,390482,390487,5,6
390476,390482,390487,5,6
390476,390482,390487,5,6
390476,390482,390487,5,6
390476,390482,390487,5,6
390476,390482,390487,5,6
390476,390482,390487,5,6
390476,390482,390487,5,6
390476,390482,390487,5,6
390476,390482,390487,5,6
390476,390482,390487,5,6
390476,390482,390487,5,6
390476,390482,390487,5,6
390476,390482,390487,5,6
390476,390482,390487,5,6
390476,390482,390486,4,6
390476,390482,390487,5,6
390476,390482,390487,5,6
390476,390482,390487,5,6
390476,390482,390487,5,6
390476,390482,390487,5,6
390476,390482,390487,5,6
390476,390482,390487,5,6
390476,390482,390487,5,6
390476,390482,390487,5,6
390476,390482,390487,5,6
390476,390482,390487,5,6
390476,390482,390487,5,6
390476,390482,390487,5,6
390476,390482,390487,5,6
390476,390482,390487,5,6
390476,390482,390487,5,6
390476,390482,390487,5,6
390476,390482,390487,5,6
390476,390482,390487,5,6
390476,390482,390487,5,6
390476,390482,390487,5,6
390476,390482,390487,5,6
390476,390482,390488,6,6
390476,390483,390488,5,7
390476,390482,390488,6,6
390476,390482,390488,6,6
390476,390482,390488,6,6
390476,390483,390488,5,7
390476,390487,390488,1,11
390476,390483,390488,5,7
390476,390483,390488,5,7
390476,390487,390488,1,11
390476,390482,390488,6,6
390476,390482,390488,6,6
390476,390486,390488,2,10
390476,390486,390488,2,10
390476,390483,390488,5,7
390476,390482,390488,6,6
390476,390482,390488,6,6
390476,390482,390488,6,6
390476,390483,390488,5,7
390476,390487,390488,1,11
390476,390483,390488,5,7
390476,390483,390488,5,7
390476,390482,390488,6,6
390476,390482,390488,6,6
390476,390482,390488,6,6
390476,390482,390488,6,6
390476,390482,390488,6,6
390476,390482,390488,6,6
390476,390483,390488,5,7
390476,390488,390490,2,12
390476,390488,390489,1,12
390476,390488,390490,2,12
390476,390488,390490,2,12
390476,390488,390490,2,12
390476,390488,390490,2,12
390476,390488,390490,2,12
390476,390488,390490,2,12
390476,390488,390490,2,12
390476,390488,390490,2,12
390476,390488,390491,3,12
390476,390488,390491,3,12
390476,390488,390491,3,12
390476,390488,390490,2,12
390476,390488,390490,2,12
390476,390488,390490,2,12
390476,390488,390491,3,12
390476,390488,390490,2,12
390476,390488,390491,3,12
390476,390488,390490,2,12
390476,390488,390491,3,12
390476,390488,390490,2,12
390476,390488,390490,2,12
390476,390488,390490,2,12
390476,390488,390490,2,12
390476,390488,390490,2,12
390476,390488,390490,2,12
390476,390488,390491,3,12
390476,390488,390490,2,12
390476,390488,390490,2,12
390476,390488,390491,3,12
390496,390496,390501,5,0
390496,390496,390501,5,0
390496,390496,390501,5,0
390496,390496,390501,5,0
390496,390496,390501,5,0
390496,390496,390501,5,0
390496,390496,390501,5,0
390496,390496,390501,5,0
390496,390496,390501,5,0
390496,390496,390501,5,0
390496,390496,390501,5,0
390496,390496,390501,5,0
390496,390496,390501,5,0
390496,390496,390501,5,0
390496,390496,390501,5,0
390496,390496,390501,5,0
390496,390496,390501,5,0
390496,390496,390501,5,0
390496,390496,390501,5,0
390496,390496,390501,5,0
390496,390496,390501,5,0
390496,390496,390501,5,0
390496,390496,390501,5,0
390496,390496,390501,5,0
390496,390496,390501,5,0
390496,390496,390501,5,0
390496,390497,390502,5,1
390496,390496,390501,5,0
390496,390496,390501,5,0
390496,390496,390502,6,0
390496,390496,390502,6,0
390496,390496,390502,6,0
390496,390496,390502,6,0
390496,390496,390502,6,0
390496,390496,390502,6,0
390496,390496,390502,6,0
390496,390496,390502,6,0
390496,390496,390502,6,0
390496,390496,390502,6,0
390496,390496,390502,6,0
390496,390496,390502,6,0
390496,390496,390502,6,0
390496,390497,390502,5,1
390496,390497,390502,5,1
390496,390496,390502,6,0
390496,390496,390502,6,0
390496,390496,390502,6,0
390496,390496,390502,6,0
390496,390497,390502,5,1
390496,390496,390502,6,0
390496,390496,390502,6,0
390496,390496,390502,6,0
390496,390496,390502,6,0
390496,390496,390502,6,0
390496,390496,390502,6,0
390496,390496,390502,6,0
390496,390496,390502,6,0
390496,390496,390502,6,0
390496,390496,390502,6,0
390496,390496,390502,6,0
390496,390496,390502,6,0
390496,390496,390502,6,0
390496,390496,390503,7,0
390496,390496,390502,6,0
390496,390496,390502,6,0
390496,390497,390502,5,1
390496,390496,390502,6,0
390496,390496,390502,6,0
390496,390496,390502,6,0
390496,390496,390503,7,0
390496,390497,390503,6,1
390496,390502,390504,2,6
390496,390496,390503,7,0
390496,390497,390503,6,1
390496,390497,390503,6,1
390496,390497,390503,6,1
390496,390496,390503,7,0
390496,390497,390503,6,1
390496,390496,390504,8,0
390496,390497,390503,6,1
390496,390497,390503,6,1
390496,390502,390504,2,6
390496,390502,390504,2,6
390496,390502,390506,4,6
390496,390502,390506,4,6
390496,390503,390506,3,7
390496,390502,390506,4,6
390496,390502,390506,4,6
390496,390503,390506,3,7
390496,390503,390506,3,7
390496,390502,390506,4,6
390496,390502,390507,5,6
390496,390502,390506,4,6
390496,390502,390506,4,6
390496,390502,390507,5,6
390496,390503,390506,3,7
390496,390503,390506,3,7
390496,390503,390506,3,7
390496,390502,390506,4,6
390496,390502,390507,5,6
390496,390502,390507,5,6
390496,390503,390507,4,7
390496,390503,390507,4,7
390496,390503,390506,3,7
390496,390503,390506,3,7
390496,390502,390506,4,6
390496,390502,390507,5,6
390496,390502,390506,4,6
390496,390503,390507,4,7
390496,390503,390507,4,7
390496,390503,390506,3,7
390496,390503,390506,3,7
390496,390502,390506,4,6
390496,390502,390506,4,6
390496,390503,390507,4,7
390496,390503,390507,4,7
390496,390503,390507,4,7
390496,390503,390507,4,7
390496,390503,390506,3,7
390496,390503,390506,3,7
390496,390502,390507,5,6
390496,390502,390507,5,6
390496,390502,390507,5,6
390496,390503,390507,4,7
390496,390503,390507,4,7
390496,390504,390507,3,8
390496,390504,390507,3,8
390496,390504,390507,3,8
390496,390502,390506,4,6
390496,390502,390507,5,6
390496,390503,390507,4,7
390496,390503,390507,4,7
390496,390503,390507,4,7
390496,390504,390507,3,8
390496,390504,390507,3,8
390496,390502,390506,4,6
390496,390502,390506,4,6
390496,390503,390506,3,7
390496,390503,390507,4,7
390496,390503,390507,4,7
390496,390503,390506,3,7
390496,390504,390507,3,8
390496,390502,390506,4,6
390496,390503,390506,3,7
390496,390503,390506,3,7
390496,390503,390507,4,7
390496,390503,390506,3,7
390496,390504,390507,3,8
390496,390503,390507,4,7
390496,390503,390507,4,7
390496,390503,390507,4,7
390496,390503,390506,3,7
390496,390502,390507,5,6
390496,390503,390507,4,7
390496,390503,390507,4,7
390496,390504,390507,3,8
390496,390504,390507,3,8
390496,390506,390508,2,10
390496,390504,390507,3,8
390496,390506,390507,1,10
390496,390504,390507,3,8
390496,390504,390507,3,8
390496,390505,390508,3,9
390496,390506,390508,2,10
390496,390505,390507,2,9
390496,390503,390507,4,7
390496,390506,390508,2,10
390496,390506,390508,2,10
390496,390507,390508,1,11
390496,390507,390508,1,11
390496,390507,390509,2,11
390496,390507,390509,2,11
390496,390507,390509,2,11
390496,390507,390509,2,11
390496,390507,390509,2,11
390496,390507,390509,2,11
390496,390507,390510,3,11
390496,390507,390510,3,11
390496,390507,390510,3,11
390496,390507,390510,3,11
390496,390507,390510,3,11
390496,390507,390510,3,11
390496,390507,390510,3,11
390496,390507,390510,3,11
390496,390507,390510,3,11
390496,390507,390510,3,11
390496,390507,390510,3,11
390496,390507,390510,3,11
390496,390507,390510,3,11
390496,390507,390509,2,11
390496,390507,390510,3,11
390496,390507,390510,3,11
390496,390507,390510,3,11
390496,390507,390510,3,11
390496,390507,390510,3,11
390496,390507,390510,3,11
390496,390507,390510,3,11
390496,390507,390510,3,11
390496,390507,390510,3,11
390496,390507,390510,3,11
390515,390516,390519,3,1
390515,390515,390519,4,0
390515,390516,390519,3,1
390515,390516,390520,4,1
390515,390516,390519,3,1
390515,390516,390519,3,1
390515,390515,390520,5,0
390515,390515,390520,5,0
390515,390515,390520,5,0
390515,390515,390520,5,0
390515,390515,390520,5,0
390515,390515,390520,5,0
390515,390516,390520,4,1
390515,390515,390520,5,0
390515,390515,390520,5,0
390515,390515,390520,5,0
390515,390515,390520,5,0
390515,390515,390520,5,0
390515,390516,390521,5,1
390515,390516,390520,4,1
390515,390516,390520,4,1
390515,390515,390520,5,0
390515,390515,390520,5,0
390515,390515,390520,5,0
390515,390515,390520,5,0
390515,390515,390520,5,0
390515,390516,390520,4,1
390515,390516,390520,4,1
390515,390515,390520,5,0
390515,390515,390520,5,0
390515,390515,390520,5,0
390515,390515,390520,5,0
390515,390515,390520,5,0
390515,390516,390520,4,1
390515,390516,390520,4,1
390515,390516,390520,4,1
390515,390515,390520,5,0
390515,390515,390520,5,0
390515,390515,390520,5,0
390515,390515,390520,5,0
390515,390515,390520,5,0
390515,390516,390520,4,1
390515,390516,390520,4,1
390515,390516,390520,4,1
390515,390515,390520,5,0
390515,390515,390520,5,0
390515,390515,390520,5,0
390515,390515,390520,5,0
390515,390515,390520,5,0
390515,390515,390520,5,0
390515,390516,390520,4,1
390515,390515,390520,5,0
390515,390515,390520,5,0
390515,390515,390520,5,0
390515,390515,390520,5,0
390515,390515,390520,5,0
390515,390515,390520,5,0
390515,390516,390520,4,1
390515,390515,390520,5,0
390515,390515,390520,5,0
390515,390515,390520,5,0
390515,390515,390520,5,0
390515,390515,390520,5,0
390515,390516,390520,4,1
390515,390516,390520,4,1
390515,390515,390520,5,0
390515,390515,390520,5,0
390515,390515,390520,5,0
390515,390515,390520,5,0
390515,390515,390520,5,0
390515,390516,390520,4,1
390515,390515,390520,5,0
390515,390515,390520,5,0
390515,390515,390520,5,0
390515,390515,390520,5,0
390515,390515,390520,5,0
390515,390515,390520,5,0
390515,390520,390521,1,5
390515,390516,390521,5,1
390515,390520,390521,1,5
390515,390516,390521,5,1
390515,390516,390521,5,1
390515,390520,390521,1,5
390515,390520,390521,1,5
390515,390520,390522,2,5
390515,390520,390521,1,5
390515,390521,390525,4,6
390515,390521,390525,4,6
390515,390521,390525,4,6
390515,390521,390525,4,6
390515,390521,390525,4,6
390515,390521,390526,5,6
390515,390521,390525,4,6
390515,390521,390525,4,6
390515,390521,390525,4,6
390515,390521,390525,4,6
390515,390521,390525,4,6
390515,390521,390525,4,6
390515,390521,390525,4,6
390515,390521,390525,4,6
390515,390521,390525,4,6
390515,390521,390525,4,6
390515,390521,390525,4,6
390515,390521,390525,4,6
390515,390521,390526,5,6
390515,390521,390526,5,6
390515,390521,390525,4,6
390515,390521,390525,4,6
390515,390521,390525,4,6
390515,390521,390525,4,6
390515,390521,390525,4,6
390515,390521,390526,5,6
390515,390521,390526,5,6
390515,390521,390526,5,6
390515,390521,390525,4,6
390515,390521,390525,4,6
390515,390521,390525,4,6
390515,390521,390525,4,6
390515,390521,390525,4,6
390515,390521,390525,4,6
390515,390521,390525,4,6
390515,390521,390525,4,6
390515,390521,390525,4,6
390515,390521,390525,4,6
390515,390521,390525,4,6
390515,390521,390525,4,6
390515,390521,390525,4,6
390515,390521,390526,5,6
390515,390522,390526,4,7
390515,390521,390525,4,6
390515,390521,390525,4,6
390515,390521,390525,4,6
390515,390521,390526,5,6
390515,390521,390525,4,6
390515,390521,390525,4,6
390515,390521,390525,4,6
390515,390521,390525,4,6
390515,390521,390526,5,6
390515,390521,390526,5,6
390515,390521,390525,4,6
390515,390521,390525,4,6
390515,390521,390525,4,6
390515,390521,390525,4,6
390515,390521,390526,5,6
390515,390521,390526,5,6
390515,390521,390525,4,6
390515,390521,390525,4,6
390515,390521,390525,4,6
390515,390521,390525,4,6
390515,390521,390525,4,6
390515,390521,390526,5,6
390515,390521,390526,5,6
390515,390521,390526,5,6
390515,390521,390526,5,6
390515,390521,390526,5,6
390515,390521,390526,5,6
390515,390522,390526,4,7
390515,390522,390526,4,7
390515,390522,390526,4,7
390515,390521,390526,5,6
390515,390522,390526,4,7
390515,390521,390526,5,6
390515,390522,390526,4,7
390515,390525,390526,1,10
390515,390522,390526,4,7
390515,390522,390526,4,7
390515,390522,390526,4,7
390515,390526,390528,2,11
390515,390526,390528,2,11
390515,390526,390528,2,11
390515,390526,390528,2,11
390515,390526,390528,2,11
390515,390526,390528,2,11
390515,390526,390528,2,11
390515,390526,390528,2,11
390515,390526,390528,2,11
390515,390526,390528,2,11
390515,390526,390528,2,11
390515,390526,390528,2,11
390515,390526,390528,2,11
390515,390526,390527,1,11
390515,390526,390528,2,11
390515,390526,390528,2,11
390515,390526,390528,2,11
390515,390526,390528,2,11
390515,390526,390527,1,11
390515,390526,390527,1,11
390515,390526,390528,2,11
390515,390526,390529,3,11
390515,390526,390529,3,11
390515,390526,390528,2,11
390515,390526,390529,3,11
390515,390526,390528,2,11
390515,390526,390529,3,11
390515,390526,390529,3,11
390515,390526,390528,2,11
390515,390526,390528,2,11
390515,390526,390529,3,11
390515,390526,390528,2,11
390515,390526,390529,3,11
390534,390534,390539,5,0
390534,390534,390539,5,0
390534,390534,390539,5,0
390534,390534,390539,5,0
390534,390534,390539,5,0
390534,390534,390539,5,0
390534,390534,390539,5,0
390534,390534,390539,5,0
390534,390534,390539,5,0
390534,390534,390539,5,0
390534,390534,390539,5,0
390534,390534,390539,5,0
390534,390534,390539,5,0
390534,390534,390539,5,0
390534,390534,390539,5,0
390534,390534,390539,5,0
390534,390534,390539,5,0
390534,390534,390539,5,0
390534,390535,390539,4,1
390534,390534,390539,5,0
390534,390534,390539,5,0
390534,390534,390539,5,0
390534,390534,390539,5,0
390534,390534,390539,5,0
390534,390534,390539,5,0
390534,390535,390539,4,1
390534,390534,390539,5,0
390534,390534,390539,5,0
390534,390534,390539,5,0
390534,390534,390539,5,0
390534,390534,390539,5,0
390534,390534,390539,5,0
390534,390534,390539,5,0
390534,390534,390539,5,0
390534,390534,390539,5,0
390534,390534,390539,5,0
390534,390534,390539,5,0
390534,390534,390539,5,0
390534,390534,390539,5,0
390534,390534,390539,5,0
390534,390534,390539,5,0
390534,390534,390539,5,0
390534,390534,390539,5,0
390534,390534,390539,5,0
390534,390534,390539,5,0
390534,390534,390539,5,0
390534,390534,390539,5,0
390534,390534,390539,5,0
390534,390534,390539,5,0
390534,390534,390539,5,0
390534,390534,390539,5,0
390534,390534,390539,5,0
390534,390534,390539,5,0
390534,390534,390539,5,0
390534,390534,390539,5,0
390534,390534,390539,5,0
390534,390534,390539,5,0
390534,390534,390539,5,0
390534,390534,390539,5,0
390534,390534,390539,5,0
390534,390535,390539,4,1
390534,390535,390540,5,1
390534,390534,390540,6,0
390534,390535,390540,5,1
390534,390535,390540,5,1
390534,390534,390540,6,0
390534,390535,390540,5,1
390534,390534,390540,6,0
390534,390535,390540,5,1
390534,390534,390540,6,0
390534,390535,390540,5,1
390534,390535,390540,5,1
390534,390535,390540,5,1
390534,390535,390540,5,1
390534,390535,390540,5,1
390534,390535,390540,5,1
390534,390535,390540,5,1
390534,390535,390540,5,1
390534,390535,390540,5,1
390534,390535,390540,5,1
390534,390540,390544,4,6
390534,390540,390544,4,6
390534,390540,390544,4,6
390534,390540,390544,4,6
390534,390540,390543,3,6
390534,390540,390544,4,6
390534,390540,390544,4,6
390534,390540,390544,4,6
390534,390540,390544,4,6
390534,390540,390544,4,6
390534,390540,390544,4,6
390534,390540,390544,4,6
390534,390540,390544,4,6
390534,390540,390545,5,6
390534,390540,390544,4,6
390534,390540,390544,4,6
390534,390540,390545,5,6
390534,390540,390545,5,6
390534,390540,390545,5,6
390534,390540,390545,5,6
390534,390540,390544,4,6
390534,390540,390545,5,6
390534,390540,390545,5,6
390534,390540,390544,4,6
390534,390540,390544,4,6
390534,390540,390545,5,6
390534,390540,390544,4,6
390534,390540,390544,4,6
390534,390540,390544,4,6
390534,390540,390545,5,6
390534,390540,390544,4,6
390534,390540,390545,5,6
390534,390540,390544,4,6
390534,390540,390545,5,6
390534,390540,390544,4,6
390534,390540,390545,5,6
390534,390540,390544,4,6
390534,390540,390544,4,6
390534,390540,390544,4,6
390534,390540,390544,4,6
390534,390540,390544,4,6
390534,390541,390545,4,7
390534,390540,390544,4,6
390534,390540,390544,4,6
390534,390540,390544,4,6
390534,390540,390544,4,6
390534,390541,390544,3,7
390534,390541,390545,4,7
390534,390541,390545,4,7
390534,390540,390545,5,6
390534,390540,390544,4,6
390534,390540,390544,4,6
390534,390540,390545,5,6
390534,390540,390544,4,6
390534,390540,390545,5,6
390534,390540,390544,4,6
390534,390540,390544,4,6
390534,390540,390544,4,6
390534,390540,390545,5,6
390534,390540,390544,4,6
390534,390540,390545,5,6
390534,390540,390545,5,6
390534,390540,390545,5,6
390534,390540,390545,5,6
390534,390544,390546,2,10
390534,390540,390545,5,6
390534,390540,390545,5,6
390534,390541,390546,5,7
390534,390544,390546,2,10
390534,390541,390546,5,7
390534,390541,390545,4,7
390534,390541,390545,4,7
390534,390541,390545,4,7
390534,390541,390545,4,7
390534,390541,390546,5,7
390534,390544,390546,2,10
390534,390541,390545,4,7
390534,390541,390546,5,7
390534,390541,390545,4,7
390534,390541,390545,4,7
390534,390544,390546,2,10
390534,390541,390545,4,7
390534,390541,390545,4,7
390534,390544,390546,2,10
390534,390541,390545,4,7
390534,390545,390547,2,11
390534,390545,390547,2,11
390534,390545,390547,2,11
390534,390545,390547,2,11
390534,390545,390547,2,11
390534,390545,390547,2,11
390534,390545,390547,2,11
390534,390544,390547,3,10
390534,390544,390547,3,10
390534,390544,390547,3,10
390534,390544,390547,3,10
390534,390544,390547,3,10
390534,390544,390547,3,10
390534,390545,390547,2,11
390534,390544,390547,3,10
390534,390544,390547,3,10
390534,390545,390548,3,11
390534,390545,390548,3,11
390534,390545,390547,2,11
390534,390545,390547,2,11
390534,390545,390548,3,11
390534,390545,390548,3,11
390534,390545,390548,3,11
390534,390545,390548,3,11
390534,390545,390548,3,11
390534,390545,390548,3,11
390534,390545,390548,3,11
390534,390545,390548,3,11
390534,390545,390548,3,11
390534,390545,390548,3,11
390534,390545,390548,3,11
390534,390545,390548,3,11
390534,390545,390548,3,11
390534,390545,390548,3,11
390534,390545,390548,3,11
390554,390554,390558,4,0
390554,390554,390558,4,0
390554,390554,390558,4,0
390554,390554,390558,4,0
390554,390554,390558,4,0
390554,390554,390559,5,0
390554,390554,390558,4,0
390554,390554,390558,4,0
390554,390554,390558,4,0
390554,390554,390558,4,0
390554,390554,390558,4,0
390554,390554,390558,4,0
390554,390554,390559,5,0
390554,390554,390559,5,0
390554,390554,390558,4,0
390554,390554,390558,4,0
390554,390554,390558,4,0
390554,390554,390558,4,0
390554,390554,390558,4,0
390554,390554,390558,4,0
390554,390554,390558,4,0
390554,390554,390558,4,0
390554,390554,390558,4,0
390554,390554,390558,4,0
390554,390554,390558,4,0
390554,390554,390558,4,0
390554,390554,390559,5,0
390554,390554,390558,4,0
390554,390554,390558,4,0
390554,390554,390558,4,0
390554,390554,390558,4,0
390554,390554,390558,4,0
390554,390554,390559,5,0
390554,390554,390559,5,0
390554,390554,390558,4,0
390554,390554,390559,5,0
390554,390554,390558,4,0
390554,390554,390558,4,0
390554,390554,390558,4,0
390554,390554,390558,4,0
390554,390554,390558,4,0
390554,390554,390559,5,0
390554,390554,390558,4,0
390554,390554,390558,4,0
390554,390554,390558,4,0
390554,390554,390558,4,0
390554,390554,390558,4,0
390554,390554,390558,4,0
390554,390554,390558,4,0
390554,390554,390558,4,0
390554,390554,390558,4,0
390554,390554,390558,4,0
390554,390554,390558,4,0
390554,390554,390558,4,0
390554,390554,390558,4,0
390554,390554,390558,4,0
390554,390554,390559,5,0
390554,390554,390558,4,0
390554,390554,390558,4,0
390554,390554,390558,4,0
390554,390554,390558,4,0
390554,390554,390558,4,0
390554,390554,390559,5,0
390554,390554,390559,5,0
390554,390554,390559,5,0
390554,390554,390559,5,0
390554,390554,390559,5,0
390554,390554,390559,5,0
390554,390554,390559,5,0
390554,390554,390559,5,0
390554,390554,390559,5,0
390554,390554,390559,5,0
390554,390554,390559,5,0
390554,390554,390559,5,0
390554,390554,390559,5,0
390554,390558,390559,1,4
390554,390554,390559,5,0
390554,390554,390559,5,0
390554,390554,390559,5,0
390554,390554,390559,5,0
390554,390554,390559,5,0
390554,390559,390564,5,5
390554,390559,390564,5,5
390554,390559,390564,5,5
390554,390559,390564,5,5
390554,390559,390564,5,5
390554,390559,390563,4,5
390554,390559,390564,5,5
390554,390559,390564,5,5
390554,390559,390564,5,5
390554,390559,390564,5,5
390554,390560,390564,4,6
390554,390560,390563,3,6
390554,390559,390564,5,5
390554,390559,390564,5,5
390554,390559,390564,5,5
390554,390559,390564,5,5
390554,390559,390564,5,5
390554,390559,390564,5,5
390554,390559,390563,4,5
390554,390559,390564,5,5
390554,390559,390564,5,5
390554,390559,390564,5,5
390554,390559,390564,5,5
390554,390560,390564,4,6
390554,390560,390563,3,6
390554,390560,390563,3,6
390554,390559,390564,5,5
390554,390559,390564,5,5
390554,390559,390564,5,5
390554,390559,390564,5,5
390554,390560,390564,4,6
390554,390560,390564,4,6
390554,390560,390564,4,6
390554,390560,390563,3,6
390554,390559,390564,5,5
390554,390559,390564,5,5
390554,390559,390564,5,5
390554,390559,390564,5,5
390554,390559,390564,5,5
390554,390560,390564,4,6
390554,390559,390564,5,5
390554,390559,390564,5,5
390554,390559,390564,5,5
390554,390559,390564,5,5
390554,390559,390564,5,5
390554,390559,390564,5,5
390554,390560,390564,4,6
390554,390559,390564,5,5
390554,390559,390564,5,5
390554,390559,390564,5,5
390554,390559,390564,5,5
390554,390559,390564,5,5
390554,390559,390564,5,5
390554,390559,390564,5,5
390554,390559,390564,5,5
390554,390559,390564,5,5
390554,390559,390564,5,5
390554,390560,390564,4,6
390554,390560,390564,4,6
390554,390559,390564,5,5
390554,390559,390564,5,5
390554,390559,390565,6,5
390554,390559,390565,6,5
390554,390559,390565,6,5
390554,390559,390565,6,5
390554,390560,390565,5,6
390554,390559,390565,6,5
390554,390560,390565,5,6
390554,390560,390565,5,6
390554,390559,390564,5,5
390554,390560,390565,5,6
390554,390559,390564,5,5
390554,390559,390565,6,5
390554,390560,390564,4,6
390554,390559,390564,5,5
390554,390559,390565,6,5
390554,390559,390564,5,5
390554,390559,390564,5,5
390554,390559,390564,5,5
390554,390564,390567,3,10
390554,390564,390567,3,10
390554,390564,390567,3,10
390554,390564,390567,3,10
390554,390564,390567,3,10
390554,390564,390567,3,10
390554,390564,390567,3,10
390554,390564,390567,3,10
390554,390564,390567,3,10
390554,390564,390567,3,10
390554,390564,390567,3,10
390554,390564,390567,3,10
390554,390564,390567,3,10
390554,390564,390567,3,10
390554,390564,390567,3,10
390554,390564,390567,3,10
390554,390564,390567,3,10
390554,390564,390567,3,10
390554,390564,390567,3,10
390554,390564,390568,4,10
390554,390564,390568,4,10
390554,390564,390568,4,10
390554,390564,390568,4,10
390554,390564,390568,4,10
390554,390564,390568,4,10
390554,390564,390568,4,10
390554,390564,390568,4,10
390554,390564,390568,4,10
390554,390564,390568,4,10
390554,390564,390568,4,10
390554,390564,390568,4,10
390554,390564,390568,4,10
390554,390564,390568,4,10
390554,390564,390568,4,10
390554,390564,390568,4,10
390554,390564,390568,4,10
390554,390564,390568,4,10
390554,390564,390568,4,10
390554,390564,390568,4,10
390554,390559,390571,12,5
390576,390576,390581,5,0
390576,390576,390581,5,0
390576,390576,390581,5,0
390576,390576,390581,5,0
390576,390576,390581,5,0
390576,390576,390581,5,0
390576,390576,390581,5,0
390576,390576,390581,5,0
390576,390576,390581,5,0
390576,390576,390581,5,0
390576,390576,390581,5,0
390576,390576,390581,5,0
390576,390576,390581,5,0
390576,390576,390581,5,0
390576,390576,390581,5,0
390576,390576,390581,5,0
390576,390576,390582,6,0
390576,390576,390582,6,0
390576,390576,390582,6,0
390576,390576,390581,5,0
390576,390576,390581,5,0
390576,390576,390581,5,0
390576,390576,390581,5,0
390576,390576,390581,5,0
390576,390576,390581,5,0
390576,390576,390582,6,0
390576,390576,390582,6,0
390576,390576,390581,5,0
390576,390576,390581,5,0
390576,390576,390581,5,0
390576,390576,390581,5,0
390576,390576,390582,6,0
390576,390576,390581,5,0
390576,390576,390581,5,0
390576,390576,390582,6,0
390576,390576,390581,5,0
390576,390576,390581,5,0
390576,390576,390581,5,0
390576,390576,390581,5,0
390576,390576,390581,5,0
390576,390576,390581,5,0
390576,390576,390581,5,0
390576,390576,390581,5,0
390576,390576,390581,5,0
390576,390576,390581,5,0
390576,390576,390582,6,0
390576,390576,390581,5,0
390576,390576,390581,5,0
390576,390576,390582,6,0
390576,390576,390581,5,0
390576,390576,390581,5,0
390576,390576,390581,5,0
390576,390576,390581,5,0
390576,390576,390581,5,0
390576,390576,390581,5,0
390576,390576,390581,5,0
390576,390576,390581,5,0
390576,390576,390581,5,0
390576,390576,390581,5,0
390576,390576,390581,5,0
390576,390576,390581,5,0
390576,390576,390582,6,0
390576,390576,390582,6,0
390576,390576,390581,5,0
390576,390576,390581,5,0
390576,390576,390581,5,0
390576,390576,390581,5,0
390576,390576,390581,5,0
390576,390576,390581,5,0
390576,390576,390581,5,0
390576,390576,390581,5,0
390576,390576,390581,5,0
390576,390576,390581,5,0
390576,390576,390582,6,0
390576,390576,390582,6,0
390576,390576,390582,6,0
390576,390576,390581,5,0
390576,390576,390581,5,0
390576,390576,390581,5,0
390576,390581,390583,2,5
390576,390576,390582,6,0
390576,390581,390583,2,5
390576,390581,390583,2,5
390576,390581,390583,2,5
390576,390581,390583,2,5
390576,390581,390583,2,5
390576,390581,390583,2,5
390576,390581,390583,2,5
390576,390581,390584,3,5
390576,390581,390583,2,5
390576,390581,390583,2,5
390576,390581,390584,3,5
390576,390582,390586,4,6
390576,390582,390587,5,6
390576,390582,390587,5,6
390576,390582,390587,5,6
390576,390582,390587,5,6
390576,390582,390587,5,6
390576,390582,390587,5,6
390576,390582,390587,5,6
390576,390582,390587,5,6
390576,390582,390587,5,6
390576,390582,390587,5,6
390576,390582,390587,5,6
390576,390582,390587,5,6
390576,390582,390587,5,6
390576,390582,390587,5,6
390576,390582,390587,5,6
390576,390582,390587,5,6
390576,390582,390587,5,6
390576,390582,390587,5,6
390576,390582,390587,5,6
390576,390582,390587,5,6
390576,390582,390587,5,6
390576,390582,390587,5,6
390576,390582,390587,5,6
390576,390582,390587,5,6
390576,390582,390587,5,6
390576,390582,390587,5,6
390576,390582,390587,5,6
390576,390582,390587,5,6
390576,390582,390587,5,6
390576,390582,390587,5,6
390576,390582,390587,5,6
390576,390582,390587,5,6
390576,390582,390587,5,6
390576,390582,390587,5,6
390576,390582,390587,5,6
390576,390582,390587,5,6
390576,390582,390587,5,6
390576,390582,390587,5,6
390576,390582,390587,5,6
390576,390584,390587,3,8
390576,390582,390587,5,6
390576,390582,390587,5,6
390576,390582,390587,5,6
390576,390582,390587,5,6
390576,390582,390587,5,6
390576,390582,390587,5,6
390576,390582,390587,5,6
390576,390582,390587,5,6
390576,390582,390587,5,6
390576,390582,390588,6,6
390576,390582,390588,6,6
390576,390583,390588,5,7
390576,390583,390587,4,7
390576,390583,390587,4,7
390576,390583,390588,5,7
390576,390582,390587,5,6
390576,390582,390587,5,6
390576,390582,390587,5,6
390576,390582,390588,6,6
390576,390582,390588,6,6
390576,390582,390588,6,6
390576,390582,390588,6,6
390576,390582,390588,6,6
390576,390583,390588,5,7
390576,390584,390589,5,8
390576,390582,390588,6,6
390576,390582,390588,6,6
390576,390584,390588,4,8
390576,390584,390588,4,8
390576,390584,390588,4,8
390576,390584,390589,5,8
390576,390584,390588,4,8
390576,390584,390589,5,8
390576,390584,390589,5,8
390576,390585,390589,4,9
390576,390582,390588,6,6
390576,390584,390588,4,8
390576,390587,390588,1,11
390576,390588,390590,2,12
390576,390584,390589,5,8
390576,390588,390589,1,12
390576,390588,390590,2,12
390576,390588,390589,1,12
390576,390588,390589,1,12
390576,390588,390590,2,12
390576,390588,390590,2,12
390576,390588,390590,2,12
390576,390582,390589,7,6
390576,390588,390590,2,12
390576,390588,390591,3,12
390576,390588,390590,2,12
390576,390588,390591,3,12
390576,390588,390590,2,12
390576,390588,390590,2,12
390576,390588,390590,2,12
390576,390588,390590,2,12
390576,390588,390590,2,12
390576,390588,390591,3,12
390576,390588,390590,2,12
390576,390588,390590,2,12
390576,390588,390591,3,12
390576,390588,390590,2,12
390576,390588,390590,2,12
390576,390588,390590,2,12
390576,390588,390590,2,12
390576,390588,390591,3,12
390576,390588,390590,2,12
390595,390595,390600,5,0
390595,390595,390600,5,0
390595,390595,390600,5,0
390595,390595,390600,5,0
390595,390595,390600,5,0
390595,390595,390600,5,0
390595,390595,390600,5,0
390595,390595,390600,5,0
390595,390595,390600,5,0
390595,390595,390600,5,0
390595,390595,390600,5,0
390595,390595,390600,5,0
390595,390595,390600,5,0
390595,390595,390600,5,0
390595,390595,390600,5,0
390595,390595,390600,5,0
390595,390595,390600,5,0
390595,390595,390600,5,0
390595,390595,390600,5,0
390595,390595,390600,5,0
390595,390595,390600,5,0
390595,390595,390600,5,0
390595,390595,390600,5,0
390595,390595,390600,5,0
390595,390595,390600,5,0
390595,390595,390600,5,0
390595,390595,390600,5,0
390595,390595,390600,5,0
390595,390595,390600,5,0
390595,390595,390600,5,0
390595,390595,390600,5,0
390595,390595,390600,5,0
390595,390595,390600,5,0
390595,390595,390600,5,0
390595,390595,390600,5,0
390595,390595,390600,5,0
390595,390595,390600,5,0
390595,390595,390600,5,0
390595,390595,390600,5,0
390595,390595,390600,5,0
390595,390595,390600,5,0
390595,390595,390600,5,0
390595,390595,390600,5,0
390595,390595,390600,5,0
390595,390595,390600,5,0
390595,390595,390600,5,0
390595,390595,390600,5,0
390595,390595,390600,5,0
390595,390595,390600,5,0
390595,390595,390600,5,0
390595,390595,390600,5,0
390595,390595,390600,5,0
390595,390595,390600,5,0
390595,390595,390600,5,0
390595,390595,390600,5,0
390595,390595,390600,5,0
390595,390595,390600,5,0
390595,390595,390600,5,0
390595,390595,390600,5,0
390595,390595,390600,5,0
390595,390595,390600,5,0
390595,390595,390600,5,0
390595,390595,390600,5,0
390595,390595,390600,5,0
390595,390595,390601,6,0
390595,390595,390601,6,0
390595,390595,390601,6,0
390595,390595,390601,6,0
390595,390595,390601,6,0
390595,390595,390601,6,0
390595,390595,390601,6,0
390595,390595,390601,6,0
390595,390595,390601,6,0
390595,390595,390601,6,0
390595,390595,390601,6,0
390595,390595,390601,6,0
390595,390595,390601,6,0
390595,390595,390601,6,0
390595,390595,390601,6,0
390595,390601,390605,4,6
390595,390600,390605,5,5
390595,390601,390606,5,6
390595,390601,390605,4,6
390595,390601,390605,4,6
390595,390601,390605,4,6
390595,390601,390605,4,6
390595,390601,390606,5,6
390595,390601,390606,5,6
390595,390601,390605,4,6
390595,390601,390605,4,6
390595,390601,390605,4,6
390595,390601,390605,4,6
390595,390601,390605,4,6
390595,390601,390605,4,6
390595,390601,390606,5,6
390595,390601,390605,4,6
390595,390601,390606,5,6
390595,390601,390606,5,6
390595,390602,390606,4,7
390595,390602,390606,4,7
390595,390601,390605,4,6
390595,390601,390605,4,6
390595,390601,390605,4,6
390595,390601,390605,4,6
390595,390601,390606,5,6
390595,390602,390605,3,7
390595,390601,390605,4,6
390595,390601,390606,5,6
390595,390601,390605,4,6
390595,390601,390605,4,6
390595,390601,390605,4,6
390595,390601,390606,5,6
390595,390601,390606,5,6
390595,390601,390606,5,6
390595,390601,390605,4,6
390595,390601,390606,5,6
390595,390601,390605,4,6
390595,390601,390606,5,6
390595,390601,390606,5,6
390595,390601,390605,4,6
390595,390601,390606,5,6
390595,390601,390606,5,6
390595,390601,390605,4,6
390595,390601,390605,4,6
390595,390601,390605,4,6
390595,390601,390606,5,6
390595,390601,390606,5,6
390595,390601,390605,4,6
390595,390601,390605,4,6
390595,390601,390606,5,6
390595,390601,390605,4,6
390595,390601,390606,5,6
390595,390601,390606,5,6
390595,390601,390605,4,6
390595,390601,390605,4,6
390595,390601,390606,5,6
390595,390601,390606,5,6
390595,390601,390606,5,6
390595,390602,390606,4,7
390595,390602,390606,4,7
390595,390602,390606,4,7
390595,390602,390606,4,7
390595,390602,390606,4,7
390595,390602,390606,4,7
390595,390602,390606,4,7
390595,390602,390606,4,7
390595,390602,390607,5,7
390595,390601,390606,5,6
390595,390601,390606,5,6
390595,390602,390607,5,7
390595,390602,390607,5,7
390595,390602,390607,5,7
390595,390601,390606,5,6
390595,390601,390607,6,6
390595,390601,390607,6,6
390595,390601,390607,6,6
390595,390601,390607,6,6
390595,390601,390607,6,6
390595,390605,390607,2,10
390595,390606,390608,2,11
390595,390606,390609,3,11
390595,390595,390609,14,0
390595,390606,390608,2,11
390595,390606,390608,2,11
390595,390606,390608,2,11
390595,390606,390608,2,11
390595,390606,390608,2,11
390595,390606,390609,3,11
390595,390606,390608,2,11
390595,390606,390609,3,11
390595,390606,390609,3,11
390595,390606,390609,3,11
390595,390606,390608,2,11
390595,390606,390609,3,11
390595,390606,390608,2,11
390595,390606,390608,2,11
390595,390606,390608,2,11
390595,390606,390609,3,11
390595,390606,390609,3,11
390595,390606,390609,3,11
390595,390606,390610,4,11
390595,390606,390609,3,11
390595,390606,390609,3,11
390595,390606,390610,4,11
390595,390606,390610,4,11
390595,390606,390610,4,11
390595,390606,390610,4,11
390595,390606,390610,4,11
390595,390606,390610,4,11
390595,390606,390609,3,11
390595,390606,390610,4,11
390595,390606,390609,3,11
390595,390606,390609,3,11
390595,390606,390610,4,11
390595,390606,390609,3,11
390595,390606,390609,3,11
390595,390606,390610,4,11
390595,390606,390610,4,11
390595,390606,390610,4,11
390595,390606,390610,4,11
390614,390614,390619,5,0
390614,390614,390619,5,0
390614,390614,390619,5,0
390614,390614,390619,5,0
390614,390614,390619,5,0
390614,390614,390619,5,0
390614,390614,390619,5,0
390614,390614,390619,5,0
390614,390614,390619,5,0
390614,390614,390619,5,0
390614,390614,390619,5,0
390614,390614,390620,6,0
390614,390614,390619,5,0
390614,390614,390619,5,0
390614,390614,390619,5,0
390614,390614,390619,5,0
390614,390614,390619,5,0
390614,390614,390619,5,0
390614,390614,390619,5,0
390614,390614,390619,5,0
390614,390614,390619,5,0
390614,390614,390619,5,0
390614,390614,390619,5,0
390614,390614,390619,5,0
390614,390614,390619,5,0
390614,390614,390619,5,0
390614,390614,390619,5,0
390614,390614,390619,5,0
390614,390614,390619,5,0
390614,390615,390620,5,1
390614,390614,390619,5,0
390614,390614,390619,5,0
390614,390614,390619,5,0
390614,390614,390619,5,0
390614,390614,390619,5,0
390614,390614,390619,5,0
390614,390614,390619,5,0
390614,390614,390619,5,0
390614,390614,390619,5,0
390614,390614,390619,5,0
390614,390614,390619,5,0
390614,390614,390619,5,0
390614,390614,390619,5,0
390614,390614,390619,5,0
390614,390614,390619,5,0
390614,390614,390619,5,0
390614,390614,390619,5,0
390614,390614,390619,5,0
390614,390614,390620,6,0
390614,390614,390619,5,0
390614,390614,390619,5,0
390614,390614,390619,5,0
390614,390614,390619,5,0
390614,390614,390619,5,0
390614,390614,390619,5,0
390614,390615,390620,5,1
390614,390614,390619,5,0
390614,390614,390619,5,0
390614,390614,390619,5,0
390614,390614,390619,5,0
390614,390614,390619,5,0
390614,390614,390619,5,0
390614,390614,390619,5,0
390614,390615,390619,4,1
390614,390614,390620,6,0
390614,390614,390620,6,0
390614,390615,390620,5,1
390614,390614,390620,6,0
390614,390615,390620,5,1
390614,390615,390620,5,1
390614,390614,390620,6,0
390614,390615,390620,5,1
390614,390615,390620,5,1
390614,390615,390620,5,1
390614,390615,390620,5,1
390614,390615,390620,5,1
390614,390615,390620,5,1
390614,390614,390620,6,0
390614,390614,390620,6,0
390614,390615,390620,5,1
390614,390620,390622,2,6
390614,390620,390625,5,6
390614,390620,390625,5,6
390614,390620,390625,5,6
390614,390620,390625,5,6
390614,390620,390625,5,6
390614,390620,390625,5,6
390614,390620,390625,5,6
390614,390620,390625,5,6
390614,390620,390625,5,6
390614,390620,390624,4,6
390614,390620,390625,5,6
390614,390620,390625,5,6
390614,390620,390625,5,6
390614,390620,390625,5,6
390614,390620,390625,5,6
390614,390620,390625,5,6
390614,390620,390625,5,6
390614,390620,390625,5,6
390614,390620,390625,5,6
390614,390620,390625,5,6
390614,390620,390625,5,6
390614,390620,390624,4,6
390614,390620,390625,5,6
390614,390621,390625,4,7
390614,390621,390625,4,7
390614,390620,390624,4,6
390614,390620,390624,4,6
390614,390620,390625,5,6
390614,390620,390625,5,6
390614,390620,390625,5,6
390614,390621,390625,4,7
390614,390621,390624,3,7
390614,390620,390625,5,6
390614,390620,390624,4,6
390614,390620,390625,5,6
390614,390620,390625,5,6
390614,390620,390625,5,6
390614,390620,390625,5,6
390614,390620,390625,5,6
390614,390621,390625,4,7
390614,390620,390625,5,6
390614,390620,390625,5,6
390614,390620,390625,5,6
390614,390620,390625,5,6
390614,390620,390625,5,6
390614,390620,390625,5,6
390614,390620,390625,5,6
390614,390620,390625,5,6
390614,390620,390625,5,6
390614,390620,390625,5,6
390614,390620,390624,4,6
390614,390620,390625,5,6
390614,390620,390624,4,6
390614,390620,390624,4,6
390614,390620,390624,4,6
390614,390621,390624,3,7
390614,390621,390625,4,7
390614,390620,390625,5,6
390614,390620,390625,5,6
390614,390620,390625,5,6
390614,390620,390625,5,6
390614,390620,390625,5,6
390614,390620,390625,5,6
390614,390620,390625,5,6
390614,390620,390626,6,6
390614,390620,390626,6,6
390614,390621,390625,4,7
390614,390621,390625,4,7
390614,390621,390626,5,7
390614,390621,390626,5,7
390614,390621,390625,4,7
390614,390621,390625,4,7
390614,390621,390626,5,7
390614,390621,390626,5,7
390614,390621,390625,4,7
390614,390623,390626,3,9
390614,390620,390626,6,6
390614,390620,390626,6,6
390614,390620,390626,6,6
390614,390620,390626,6,6
390614,390625,390628,3,11
390614,390625,390628,3,11
390614,390625,390628,3,11
390614,390625,390628,3,11
390614,390625,390628,3,11
390614,390625,390628,3,11
390614,390625,390628,3,11
390614,390625,390628,3,11
390614,390625,390628,3,11
390614,390625,390628,3,11
390614,390625,390628,3,11
390614,390625,390628,3,11
390614,390625,390628,3,11
390614,390625,390628,3,11
390614,390625,390628,3,11
390614,390625,390628,3,11
390614,390625,390628,3,11
390614,390625,390628,3,11
390614,390625,390628,3,11
390614,390625,390628,3,11
390614,390625,390629,4,11
390614,390625,390629,4,11
390614,390625,390628,3,11
390614,390625,390629,4,11
390614,390625,390629,4,11
390614,390625,390629,4,11
390614,390625,390629,4,11
390614,390625,390629,4,11
390614,390625,390628,3,11
390614,390625,390629,4,11
390614,390625,390629,4,11
390614,390625,390629,4,11
390614,390625,390629,4,11
390614,390625,390629,4,11
390614,390625,390628,3,11
390614,390625,390628,3,11
390614,390625,390628,3,11
390614,390625,390629,4,11
390614,390625,390629,4,11
390634,390634,390638,4,0
390634,390634,390639,5,0
390634,390634,390639,5,0
390634,390634,390639,5,0
390634,390634,390639,5,0
390634,390634,390639,5,0
390634,390634,390639,5,0
390634,390634,390639,5,0
390634,390634,390638,4,0
390634,390634,390639,5,0
390634,390634,390639,5,0
390634,390634,390639,5,0
390634,390634,390639,5,0
390634,390634,390639,5,0
390634,390634,390639,5,0
390634,390634,390639,5,0
390634,390634,390639,5,0
390634,390634,390639,5,0
390634,390634,390639,5,0
390634,390634,390639,5,0
390634,390634,390639,5,0
390634,390634,390639,5,0
390634,390634,390639,5,0
390634,390634,390639,5,0
390634,390634,390639,5,0
390634,390634,390639,5,0
390634,390634,390639,5,0
390634,390634,390639,5,0
390634,390634,390639,5,0
390634,390634,390638,4,0
390634,390634,390639,5,0
390634,390634,390639,5,0
390634,390634,390639,5,0
390634,390634,390639,5,0
390634,390634,390639,5,0
390634,390634,390639,5,0
390634,390634,390639,5,0
390634,390634,390639,5,0
390634,390634,390639,5,0
390634,390634,390639,5,0
390634,390634,390639,5,0
390634,390634,390639,5,0
390634,390634,390639,5,0
390634,390634,390639,5,0
390634,390634,390639,5,0
390634,390634,390639,5,0
390634,390634,390639,5,0
390634,390634,390639,5,0
390634,390634,390639,5,0
390634,390634,390639,5,0
390634,390634,390639,5,0
390634,390634,390638,4,0
390634,390634,390639,5,0
390634,390634,390639,5,0
390634,390634,390639,5,0
390634,390634,390639,5,0
390634,390634,390639,5,0
390634,390634,390639,5,0
390634,390634,390639,5,0
390634,390634,390640,6,0
390634,390634,390639,5,0
390634,390634,390640,6,0
390634,390634,390639,5,0
390634,390634,390639,5,0
390634,390634,390639,5,0
390634,390634,390639,5,0
390634,390634,390639,5,0
390634,390634,390639,5,0
390634,390634,390639,5,0
390634,390634,390639,5,0
390634,390634,390639,5,0
390634,390634,390639,5,0
390634,390634,390639,5,0
390634,390634,390639,5,0
390634,390634,390639,5,0
390634,390634,390639,5,0
390634,390634,390639,5,0
390634,390634,390639,5,0
390634,390634,390639,5,0
390634,390634,390640,6,0
390634,390639,390642,3,5
390634,390639,390644,5,5
390634,390639,390644,5,5
390634,390639,390644,5,5
390634,390639,390644,5,5
390634,390639,390645,6,5
390634,390639,390645,6,5
390634,390639,390645,6,5
390634,390639,390645,6,5
390634,390639,390645,6,5
390634,390639,390645,6,5
390634,390639,390645,6,5
390634,390640,390645,5,6
390634,390639,390645,6,5
390634,390639,390645,6,5
390634,390639,390645,6,5
390634,390639,390645,6,5
390634,390639,390645,6,5
390634,390639,390645,6,5
390634,390640,390645,5,6
390634,390639,390645,6,5
390634,390639,390645,6,5
390634,390639,390645,6,5
390634,390639,390645,6,5
390634,390639,390645,6,5
390634,390640,390645,5,6
390634,390640,390645,5,6
390634,390639,390645,6,5
390634,390639,390645,6,5
390634,390639,390645,6,5
390634,390639,390645,6,5
390634,390639,390645,6,5
390634,390639,390645,6,5
390634,390640,390645,5,6
390634,390640,390645,5,6
390634,390639,390645,6,5
390634,390639,390645,6,5
390634,390639,390645,6,5
390634,390639,390645,6,5
390634,390639,390645,6,5
390634,390640,390645,5,6
390634,390640,390645,5,6
390634,390639,390645,6,5
390634,390639,390645,6,5
390634,390639,390645,6,5
390634,390639,390645,6,5
390634,390639,390645,6,5
390634,390640,390645,5,6
390634,390640,390645,5,6
390634,390640,390645,5,6
390634,390639,390645,6,5
390634,390639,390645,6,5
390634,390639,390645,6,5
390634,390639,390645,6,5
390634,390639,390645,6,5
390634,390639,390645,6,5
390634,390640,390645,5,6
390634,390639,390645,6,5
390634,390639,390645,6,5
390634,390639,390645,6,5
390634,390639,390645,6,5
390634,390639,390645,6,5
390634,390640,390645,5,6
390634,390639,390645,6,5
390634,390639,390645,6,5
390634,390639,390645,6,5
390634,390639,390645,6,5
390634,390639,390645,6,5
390634,390640,390645,5,6
390634,390639,390645,6,5
390634,390639,390645,6,5
390634,390639,390645,6,5
390634,390640,390645,5,6
390634,390640,390645,5,6
390634,390640,390645,5,6
390634,390640,390645,5,6
390634,390640,390645,5,6
390634,390640,390645,5,6
390634,390641,390645,4,7
390634,390644,390646,2,10
390634,390644,390646,2,10
390634,390640,390646,6,6
390634,390644,390646,2,10
390634,390642,390646,4,8
390634,390644,390646,2,10
390634,390645,390647,2,11
390634,390645,390647,2,11
390634,390645,390647,2,11
390634,390645,390647,2,11
390634,390645,390647,2,11
390634,390646,390647,1,12
390634,390646,390647,1,12
390634,390646,390647,1,12
390634,390646,390647,1,12
390634,390645,390648,3,11
390634,390645,390647,2,11
390634,390645,390648,3,11
390634,390645,390648,3,11
390634,390646,390648,2,12
390634,390646,390648,2,12
390634,390646,390648,2,12
390634,390646,390648,2,12
390634,390646,390648,2,12
390634,390646,390648,2,12
390634,390646,390648,2,12
390634,390646,390648,2,12
390634,390646,390648,2,12
390634,390646,390648,2,12
390634,390646,390648,2,12
390634,390646,390648,2,12
390634,390646,390648,2,12
390634,390646,390648,2,12
390634,390646,390648,2,12
390634,390646,390648,2,12
390634,390646,390648,2,12
390634,390646,390648,2,12
390634,390646,390648,2,12
390634,390646,390648,2,12
390634,390646,390648,2,12
390634,390646,390648,2,12
390653,390653,390657,4,0
390653,390653,390657,4,0
390653,390653,390658,5,0
390653,390653,390658,5,0
390653,390653,390658,5,0
390653,390653,390658,5,0
390653,390653,390657,4,0
390653,390653,390657,4,0
390653,390653,390657,4,0
390653,390653,390657,4,0
390653,390653,390657,4,0
390653,390653,390658,5,0
390653,390653,390658,5,0
390653,390653,390658,5,0
390653,390653,390658,5,0
390653,390653,390658,5,0
390653,390653,390657,4,0
390653,390653,390657,4,0
390653,390653,390657,4,0
390653,390653,390658,5,0
390653,390653,390657,4,0
390653,390653,390658,5,0
390653,390653,390658,5,0
390653,390653,390657,4,0
390653,390653,390658,5,0
390653,390653,390658,5,0
390653,390653,390657,4,0
390653,390653,390658,5,0
390653,390653,390658,5,0
390653,390653,390658,5,0
390653,390653,390657,4,0
390653,390653,390658,5,0
390653,390653,390658,5,0
390653,390653,390657,4,0
390653,390653,390658,5,0
390653,390653,390657,4,0
390653,390653,390657,4,0
390653,390653,390658,5,0
390653,390653,390658,5,0
390653,390653,390658,5,0
390653,390653,390658,5,0
390653,390653,390657,4,0
390653,390653,390658,5,0
390653,390653,390658,5,0
390653,390653,390658,5,0
390653,390653,390658,5,0
390653,390653,390658,5,0
390653,390653,390658,5,0
390653,390653,390658,5,0
390653,390653,390658,5,0
390653,390653,390658,5,0
390653,390653,390658,5,0
390653,390653,390658,5,0
390653,390653,390657,4,0
390653,390653,390658,5,0
390653,390653,390658,5,0
390653,390653,390658,5,0
390653,390653,390658,5,0
390653,390653,390658,5,0
390653,390653,390658,5,0
390653,390653,390658,5,0
390653,390653,390658,5,0
390653,390653,390659,6,0
390653,390653,390658,5,0
390653,390653,390659,6,0
390653,390653,390659,6,0
390653,390653,390658,5,0
390653,390653,390658,5,0
390653,390653,390658,5,0
390653,390653,390658,5,0
390653,390653,390658,5,0
390653,390653,390658,5,0
390653,390653,390658,5,0
390653,390653,390658,5,0
390653,390653,390658,5,0
390653,390653,390658,5,0
390653,390653,390658,5,0
390653,390653,390658,5,0
390653,390653,390658,5,0
390653,390653,390658,5,0
390653,390658,390660,2,5
390653,390658,390661,3,5
390653,390658,390662,4,5
390653,390658,390662,4,5
390653,390658,390662,4,5
390653,390658,390662,4,5
390653,390658,390662,4,5
390653,390658,390662,4,5
390653,390658,390662,4,5
390653,390658,390662,4,5
390653,390658,390662,4,5
390653,390658,390662,4,5
390653,390658,390662,4,5
390653,390658,390662,4,5
390653,390658,390662,4,5
390653,390658,390662,4,5
390653,390658,390662,4,5
390653,390658,390662,4,5
390653,390658,390662,4,5
390653,390658,390662,4,5
390653,390658,390662,4,5
390653,390658,390662,4,5
390653,390658,390662,4,5
390653,390658,390662,4,5
390653,390658,390662,4,5
390653,390658,390662,4,5
390653,390658,390662,4,5
390653,390658,390662,4,5
390653,390658,390662,4,5
390653,390658,390662,4,5
390653,390658,390662,4,5
390653,390659,390662,3,6
390653,390659,390662,3,6
390653,390659,390663,4,6
390653,390658,390662,4,5
390653,390659,390662,3,6
390653,390659,390663,4,6
390653,390659,390663,4,6
390653,390658,390663,5,5
390653,390658,390662,4,5
390653,390658,390663,5,5
390653,390658,390663,5,5
390653,390658,390663,5,5
390653,390658,390663,5,5
390653,390659,390663,4,6
390653,390658,390662,4,5
390653,390658,390662,4,5
390653,390658,390662,4,5
390653,390658,390663,5,5
390653,390659,390663,4,6
390653,390658,390662,4,5
390653,390658,390662,4,5
390653,390659,390663,4,6
390653,390659,390663,4,6
390653,390659,390663,4,6
390653,390658,390662,4,5
390653,390658,390662,4,5
390653,390659,390663,4,6
390653,390659,390663,4,6
390653,390659,390663,4,6
390653,390658,390662,4,5
390653,390658,390662,4,5
390653,390659,390663,4,6
390653,390659,390663,4,6
390653,390658,390662,4,5
390653,390658,390662,4,5
390653,390658,390662,4,5
390653,390658,390663,5,5
390653,390658,390663,5,5
390653,390659,390663,4,6
390653,390661,390663,2,8
390653,390658,390663,5,5
390653,390659,390663,4,6
390653,390659,390664,5,6
390653,390659,390664,5,6
390653,390659,390664,5,6
390653,390659,390664,5,6
390653,390659,390664,5,6
390653,390659,390664,5,6
390653,390661,390664,3,8
390653,390662,390664,2,9
390653,390659,390664,5,6
390653,390659,390664,5,6
390653,390662,390665,3,9
390653,390662,390665,3,9
390653,390662,390665,3,9
390653,390662,390665,3,9
390653,390662,390665,3,9
390653,390662,390665,3,9
390653,390662,390665,3,9
390653,390662,390665,3,9
390653,390663,390666,3,10
390653,390662,390665,3,9
390653,390662,390665,3,9
390653,390663,390665,2,10
390653,390663,390666,3,10
390653,390662,390665,3,9
390653,390662,390666,4,9
390653,390662,390665,3,9
390653,390662,390665,3,9
390653,390662,390665,3,9
390653,390664,390666,2,11
390653,390662,390665,3,9
390653,390663,390665,2,10
390653,390662,390666,4,9
390653,390662,390666,4,9
390653,390662,390666,4,9
390653,390662,390666,4,9
390653,390662,390666,4,9
390653,390664,390666,2,11
390653,390662,390666,4,9
390653,390663,390666,3,10
390653,390663,390666,3,10
390653,390663,390666,3,10
390653,390663,390666,3,10
390653,390662,390666,4,9
390653,390664,390666,2,11
390653,390664,390666,2,11
390653,390664,390666,2,11
390653,390664,390666,2,11
390670,390670,390675,5,0
390670,390670,390675,5,0
390670,390670,390675,5,0
390670,390670,390675,5,0
390670,390670,390675,5,0
390670,390670,390676,6,0
390670,390670,390675,5,0
390670,390670,390675,5,0
390670,390670,390675,5,0
390670,390670,390676,6,0
390670,390670,390676,6,0
390670,390670,390676,6,0
390670,390670,390676,6,0
390670,390670,390676,6,0
390670,390670,390676,6,0
390670,390671,390676,5,1
390670,390671,390676,5,1
390670,390670,390676,6,0
390670,390670,390676,6,0
390670,390670,390676,6,0
390670,390670,390676,6,0
390670,390670,390676,6,0
390670,390670,390676,6,0
390670,390670,390676,6,0
390670,390671,390676,5,1
390670,390670,390676,6,0
390670,390670,390676,6,0
390670,390670,390676,6,0
390670,390670,390676,6,0
390670,390670,390676,6,0
390670,390670,390676,6,0
390670,390670,390676,6,0
390670,390671,390676,5,1
390670,390670,390676,6,0
390670,390670,390676,6,0
390670,390670,390676,6,0
390670,390670,390676,6,0
390670,390670,390676,6,0
390670,390670,390676,6,0
390670,390671,390676,5,1
390670,390671,390676,5,1
390670,390670,390676,6,0
390670,390670,390676,6,0
390670,390670,390676,6,0
390670,390670,390676,6,0
390670,390670,390676,6,0
390670,390670,390676,6,0
390670,390671,390676,5,1
390670,390670,390676,6,0
390670,390670,390676,6,0
390670,390670,390676,6,0
390670,390670,390676,6,0
390670,390670,390676,6,0
390670,390671,390676,5,1
390670,390670,390676,6,0
390670,390670,390676,6,0
390670,390670,390676,6,0
390670,390670,390676,6,0
390670,390670,390676,6,0
390670,390670,390676,6,0
390670,390671,390676,5,1
390670,390670,390676,6,0
390670,390670,390676,6,0
390670,390670,390676,6,0
390670,390670,390676,6,0
390670,390670,390676,6,0
390670,390671,390676,5,1
390670,390670,390676,6,0
390670,390670,390676,6,0
390670,390670,390676,6,0
390670,390670,390676,6,0
390670,390670,390676,6,0
390670,390671,390676,5,1
390670,390671,390676,5,1
390670,390670,390676,6,0
390670,390670,390676,6,0
390670,390670,390676,6,0
390670,390670,390676,6,0
390670,390670,390676,6,0
390670,390671,390676,5,1
390670,390676,390677,1,6
390670,390676,390677,1,6
390670,390676,390677,1,6
390670,390676,390677,1,6
390670,390676,390678,2,6
390670,390676,390678,2,6
390670,390676,390678,2,6
390670,390676,390678,2,6
390670,390676,390678,2,6
390670,390677,390682,5,7
390670,390677,390682,5,7
390670,390677,390682,5,7
390670,390677,390682,5,7
390670,390677,390682,5,7
390670,390677,390682,5,7
390670,390677,390682,5,7
390670,390677,390682,5,7
390670,390677,390682,5,7
390670,390677,390682,5,7
390670,390677,390682,5,7
390670,390677,390682,5,7
390670,390677,390682,5,7
390670,390677,390682,5,7
390670,390677,390682,5,7
390670,390677,390682,5,7
390670,390677,390682,5,7
390670,390677,390682,5,7
390670,390677,390682,5,7
390670,390677,390682,5,7
390670,390677,390682,5,7
390670,390677,390682,5,7
390670,390677,390682,5,7
390670,390677,390682,5,7
390670,390677,390682,5,7
390670,390677,390682,5,7
390670,390677,390682,5,7
390670,390677,390682,5,7
390670,390677,390682,5,7
390670,390677,390682,5,7
390670,390677,390682,5,7
390670,390677,390681,4,7
390670,390677,390682,5,7
390670,390677,390682,5,7
390670,390677,390682,5,7
390670,390677,390682,5,7
390670,390677,390682,5,7
390670,390677,390682,5,7
390670,390677,390682,5,7
390670,390677,390682,5,7
390670,390677,390682,5,7
390670,390677,390682,5,7
390670,390677,390682,5,7
390670,390677,390682,5,7
390670,390677,390682,5,7
390670,390677,390682,5,7
390670,390677,390682,5,7
390670,390677,390682,5,7
390670,390677,390682,5,7
390670,390677,390682,5,7
390670,390677,390682,5,7
390670,390677,390682,5,7
390670,390677,390682,5,7
390670,390677,390681,4,7
390670,390677,390682,5,7
390670,390677,390681,4,7
390670,390677,390682,5,7
390670,390677,390682,5,7
390670,390677,390682,5,7
390670,390677,390682,5,7
390670,390677,390683,6,7
390670,390677,390683,6,7
390670,390678,390683,5,8
390670,390679,390683,4,9
390670,390679,390683,4,9
390670,390677,390682,5,7
390670,390677,390682,5,7
390670,390677,390682,5,7
390670,390677,390682,5,7
390670,390678,390682,4,8
390670,390677,390682,5,7
390670,390677,390682,5,7
390670,390678,390682,4,8
390670,390677,390682,5,7
390670,390677,390682,5,7
390670,390677,390682,5,7
390670,390679,390683,4,9
390670,390679,390682,3,9
390670,390678,390683,5,8
390670,390679,390683,4,9
390670,390682,390684,2,12
390670,390682,390684,2,12
390670,390682,390684,2,12
390670,390682,390684,2,12
390670,390682,390685,3,12
390670,390682,390684,2,12
390670,390682,390685,3,12
390670,390682,390685,3,12
390670,390682,390684,2,12
390670,390682,390684,2,12
390670,390682,390684,2,12
390670,390682,390685,3,12
390670,390682,390685,3,12
390670,390682,390684,2,12
390670,390682,390684,2,12
390670,390682,390685,3,12
390670,390682,390685,3,12
390670,390682,390685,3,12
390670,390682,390685,3,12
390670,390682,390684,2,12
390670,390682,390685,3,12
390670,390682,390685,3,12
390670,390682,390685,3,12
390670,390682,390685,3,12
390670,390682,390684,2,12
390670,390682,390685,3,12
390670,390682,390685,3,12
390670,390682,390684,2,12
390670,390682,390684,2,12
390670,390682,390685,3,12
390670,390682,390685,3,12
390689,390689,390693,4,0
390689,390689,390694,5,0
390689,390689,390694,5,0
390689,390689,390694,5,0
390689,390689,390694,5,0
390689,390689,390694,5,0
390689,390689,390694,5,0
390689,390689,390693,4,0
390689,390689,390694,5,0
390689,390689,390694,5,0
390689,390689,390694,5,0
390689,390689,390694,5,0
390689,390689,390694,5,0
390689,390689,390694,5,0
390689,390689,390694,5,0
390689,390689,390694,5,0
390689,390689,390694,5,0
390689,390689,390694,5,0
390689,390689,390694,5,0
390689,390689,390694,5,0
390689,390689,390694,5,0
390689,390689,390694,5,0
390689,390689,390694,5,0
390689,390689,390694,5,0
390689,390689,390694,5,0
390689,390689,390694,5,0
390689,390689,390694,5,0
390689,390689,390694,5,0
390689,390689,390694,5,0
390689,390689,390694,5,0
390689,390689,390694,5,0
390689,390689,390694,5,0
390689,390689,390694,5,0
390689,390689,390694,5,0
390689,390689,390694,5,0
390689,390689,390694,5,0
390689,390689,390694,5,0
390689,390689,390694,5,0
390689,390689,390694,5,0
390689,390689,390694,5,0
390689,390689,390694,5,0
390689,390689,390694,5,0
390689,390689,390694,5,0
390689,390689,390694,5,0
390689,390689,390694,5,0
390689,390689,390694,5,0
390689,390689,390694,5,0
390689,390689,390694,5,0
390689,390689,390694,5,0
390689,390689,390694,5,0
390689,390689,390694,5,0
390689,390689,390694,5,0
390689,390689,390694,5,0
390689,390689,390694,5,0
390689,390689,390694,5,0
390689,390689,390694,5,0
390689,390689,390694,5,0
390689,390689,390694,5,0
390689,390689,390694,5,0
390689,390689,390695,6,0
390689,390689,390694,5,0
390689,390689,390694,5,0
390689,390689,390694,5,0
390689,390689,390694,5,0
390689,390689,390694,5,0
390689,390689,390694,5,0
390689,390689,390694,5,0
390689,390689,390694,5,0
390689,390689,390695,6,0
390689,390689,390695,6,0
390689,390689,390695,6,0
390689,390689,390695,6,0
390689,390689,390695,6,0
390689,390689,390695,6,0
390689,390689,390695,6,0
390689,390689,390695,6,0
390689,390689,390695,6,0
390689,390689,390695,6,0
390689,390689,390695,6,0
390689,390689,390695,6,0
390689,390695,390699,4,6
390689,390695,390699,4,6
390689,390695,390699,4,6
390689,390695,390699,4,6
390689,390695,390699,4,6
390689,390695,390699,4,6
390689,390695,390699,4,6
390689,390695,390700,5,6
390689,390695,390699,4,6
390689,390695,390699,4,6
390689,390695,390699,4,6
390689,390695,390699,4,6
390689,390695,390699,4,6
390689,390695,390699,4,6
390689,390695,390699,4,6
390689,390695,390699,4,6
390689,390695,390699,4,6
390689,390695,390699,4,6
390689,390695,390699,4,6
390689,390695,390699,4,6
390689,390695,390699,4,6
390689,390695,390699,4,6
390689,390695,390699,4,6
390689,390695,390699,4,6
390689,390695,390699,4,6
390689,390695,390699,4,6
390689,390695,390699,4,6
390689,390695,390700,5,6
390689,390695,390699,4,6
390689,390695,390699,4,6
390689,390695,390699,4,6
390689,390695,390699,4,6
390689,390695,390699,4,6
390689,390695,390699,4,6
390689,390696,390700,4,7
390689,390695,390699,4,6
390689,390695,390699,4,6
390689,390695,390699,4,6
390689,390695,390699,4,6
390689,390695,390699,4,6
390689,390695,390699,4,6
390689,390695,390699,4,6
390689,390695,390700,5,6
390689,390695,390699,4,6
390689,390695,390699,4,6
390689,390695,390700,5,6
390689,390695,390700,5,6
390689,390695,390699,4,6
390689,390695,390699,4,6
390689,390695,390699,4,6
390689,390695,390699,4,6
390689,390695,390699,4,6
390689,390695,390699,4,6
390689,390695,390699,4,6
390689,390695,390699,4,6
390689,390695,390699,4,6
390689,390695,390699,4,6
390689,390695,390699,4,6
390689,390696,390699,3,7
390689,390695,390699,4,6
390689,390695,390700,5,6
390689,390695,390700,5,6
390689,390696,390700,4,7
390689,390695,390700,5,6
390689,390695,390700,5,6
390689,390695,390700,5,6
390689,390695,390701,6,6
390689,390696,390700,4,7
390689,390696,390700,4,7
390689,390696,390700,4,7
390689,390696,390700,4,7
390689,390695,390700,5,6
390689,390695,390700,5,6
390689,390696,390700,4,7
390689,390696,390700,4,7
390689,390695,390700,5,6
390689,390695,390700,5,6
390689,390696,390700,4,7
390689,390696,390700,4,7
390689,390696,390700,4,7
390689,390699,390701,2,10
390689,390699,390701,2,10
390689,390699,390701,2,10
390689,390700,390702,2,11
390689,390699,390702,3,10
390689,390700,390702,2,11
390689,390700,390702,2,11
390689,390700,390703,3,11
390689,390700,390703,3,11
390689,390700,390702,2,11
390689,390700,390703,3,11
390689,390700,390702,2,11
390689,390700,390702,2,11
390689,390700,390703,3,11
390689,390700,390702,2,11
390689,390700,390703,3,11
390689,390700,390702,2,11
390689,390700,390703,3,11
390689,390700,390702,2,11
390689,390700,390703,3,11
390689,390700,390703,3,11
390689,390700,390703,3,11
390689,390700,390703,3,11
390689,390700,390703,3,11
390689,390700,390703,3,11
390689,390700,390703,3,11
390689,390700,390702,2,11
390689,390700,390703,3,11
390689,390700,390703,3,11
390689,390700,390703,3,11
390689,390700,390703,3,11
390689,390700,390702,2,11
390689,390700,390703,3,11
390689,390700,390703,3,11
390689,390700,390703,3,11
390689,390700,390703,3,11
390689,390700,390703,3,11
390689,390700,390703,3,11
390689,390700,390703,3,11
390689,390700,390703,3,11
390708,390708,390712,4,0
390708,390708,390713,5,0
390708,390708,390713,5,0
390708,390708,390713,5,0
390708,390708,390713,5,0
390708,390708,390713,5,0
390708,390708,390713,5,0
390708,390708,390713,5,0
390708,390708,390713,5,0
390708,390708,390713,5,0
390708,390708,390713,5,0
390708,390708,390713,5,0
390708,390708,390713,5,0
390708,390708,390713,5,0
390708,390708,390713,5,0
390708,390708,390713,5,0
390708,390708,390713,5,0
390708,390708,390713,5,0
390708,390708,390713,5,0
390708,390708,390713,5,0
390708,390708,390713,5,0
390708,390708,390713,5,0
390708,390708,390713,5,0
390708,390708,390713,5,0
390708,390708,390713,5,0
390708,390708,390713,5,0
390708,390708,390713,5,0
390708,390708,390713,5,0
390708,390708,390713,5,0
390708,390708,390713,5,0
390708,390708,390713,5,0
390708,390708,390713,5,0
390708,390708,390713,5,0
390708,390708,390713,5,0
390708,390708,390713,5,0
390708,390708,390713,5,0
390708,390708,390713,5,0
390708,390708,390713,5,0
390708,390708,390713,5,0
390708,390708,390713,5,0
390708,390708,390713,5,0
390708,390708,390713,5,0
390708,390708,390713,5,0
390708,390708,390713,5,0
390708,390708,390713,5,0
390708,390708,390713,5,0
390708,390708,390713,5,0
390708,390708,390713,5,0
390708,390708,390713,5,0
390708,390708,390713,5,0
390708,390708,390713,5,0
390708,390708,390713,5,0
390708,390708,390713,5,0
390708,390708,390713,5,0
390708,390708,390713,5,0
390708,390708,390714,6,0
390708,390708,390714,6,0
390708,390708,390714,6,0
390708,390708,390713,5,0
390708,390708,390713,5,0
390708,390708,390713,5,0
390708,390708,390713,5,0
390708,390708,390713,5,0
390708,390708,390713,5,0
390708,390708,390713,5,0
390708,390708,390713,5,0
390708,390708,390714,6,0
390708,390708,390714,6,0
390708,390708,390714,6,0
390708,390708,390714,6,0
390708,390708,390714,6,0
390708,390712,390714,2,4
390708,390708,390714,6,0
390708,390708,390714,6,0
390708,390708,390714,6,0
390708,390708,390714,6,0
390708,390708,390714,6,0
390708,390708,390714,6,0
390708,390708,390714,6,0
390708,390708,390714,6,0
390708,390708,390714,6,0
390708,390714,390717,3,6
390708,390714,390718,4,6
390708,390714,390718,4,6
390708,390714,390718,4,6
390708,390714,390718,4,6
390708,390714,390718,4,6
390708,390714,390718,4,6
390708,390714,390718,4,6
390708,390714,390718,4,6
390708,390714,390718,4,6
390708,390714,390718,4,6
390708,390714,390718,4,6
390708,390714,390718,4,6
390708,390715,390719,4,7
390708,390714,390718,4,6
390708,390714,390718,4,6
390708,390714,390718,4,6
390708,390714,390718,4,6
390708,390714,390718,4,6
390708,390714,390718,4,6
390708,390714,390718,4,6
390708,390714,390718,4,6
390708,390714,390718,4,6
390708,390714,390718,4,6
390708,390714,390718,4,6
390708,390714,390718,4,6
390708,390714,390718,4,6
390708,390714,390718,4,6
390708,390714,390718,4,6
390708,390714,390718,4,6
390708,390714,390718,4,6
390708,390714,390718,4,6
390708,390714,390718,4,6
390708,390714,390718,4,6
390708,390714,390718,4,6
390708,390714,390718,4,6
390708,390714,390718,4,6
390708,390715,390718,3,7
390708,390715,390719,4,7
390708,390714,390718,4,6
390708,390714,390718,4,6
390708,390714,390718,4,6
390708,390714,390719,5,6
390708,390714,390718,4,6
390708,390714,390718,4,6
390708,390714,390718,4,6
390708,390714,390718,4,6
390708,390714,390718,4,6
390708,390714,390718,4,6
390708,390714,390718,4,6
390708,390714,390718,4,6
390708,390714,390718,4,6
390708,390714,390718,4,6
390708,390714,390718,4,6
390708,390714,390718,4,6
390708,390715,390718,3,7
390708,390714,390718,4,6
390708,390714,390718,4,6
390708,390714,390718,4,6
390708,390714,390718,4,6
390708,390715,390719,4,7
390708,390714,390718,4,6
390708,390714,390719,5,6
390708,390714,390719,5,6
390708,390714,390719,5,6
390708,390715,390719,4,7
390708,390718,390719,1,10
390708,390715,390719,4,7
390708,390718,390719,1,10
390708,390714,390719,5,6
390708,390714,390719,5,6
390708,390715,390719,4,7
390708,390715,390719,4,7
390708,390714,390719,5,6
390708,390714,390719,5,6
390708,390715,390719,4,7
390708,390714,390719,5,6
390708,390715,390720,5,7
390708,390715,390719,4,7
390708,390715,390719,4,7
390708,390715,390719,4,7
390708,390715,390719,4,7
390708,390718,390720,2,10
390708,390718,390720,2,10
390708,390718,390721,3,10
390708,390718,390721,3,10
390708,390719,390722,3,11
390708,390719,390721,2,11
390708,390719,390721,2,11
390708,390719,390722,3,11
390708,390719,390722,3,11
390708,390719,390722,3,11
390708,390719,390722,3,11
390708,390719,390722,3,11
390708,390719,390721,2,11
390708,390719,390722,3,11
390708,390719,390722,3,11
390708,390719,390722,3,11
390708,390719,390722,3,11
390708,390719,390721,2,11
390708,390719,390722,3,11
390708,390719,390722,3,11
390708,390719,390721,2,11
390708,390719,390722,3,11
390708,390719,390722,3,11
390708,390719,390722,3,11
390708,390719,390722,3,11
390708,390719,390723,4,11
390708,390719,390722,3,11
390708,390719,390723,4,11
390708,390719,390722,3,11
390708,390719,390722,3,11
390708,390719,390722,3,11
390708,390719,390722,3,11
390708,390719,390722,3,11
390708,390719,390722,3,11
390708,390719,390722,3,11
390708,390719,390722,3,11
390708,390719,390722,3,11
390727,390727,390732,5,0
390727,390727,390732,5,0
390727,390727,390732,5,0
390727,390727,390732,5,0
390727,390727,390732,5,0
390727,390727,390732,5,0
390727,390727,390732,5,0
390727,390727,390732,5,0
390727,390727,390732,5,0
390727,390727,390732,5,0
390727,390727,390732,5,0
390727,390727,390732,5,0
390727,390727,390732,5,0
390727,390727,390732,5,0
390727,390727,390732,5,0
390727,390727,390732,5,0
390727,390727,390732,5,0
390727,390727,390732,5,0
390727,390727,390732,5,0
390727,390727,390732,5,0
390727,390727,390732,5,0
390727,390727,390732,5,0
390727,390727,390732,5,0
390727,390727,390732,5,0
390727,390727,390732,5,0
390727,390727,390732,5,0
390727,390727,390732,5,0
390727,390727,390732,5,0
390727,390727,390732,5,0
390727,390727,390732,5,0
390727,390727,390732,5,0
390727,390727,390732,5,0
390727,390727,390732,5,0
390727,390727,390732,5,0
390727,390727,390732,5,0
390727,390727,390732,5,0
390727,390727,390732,5,0
390727,390727,390732,5,0
390727,390727,390732,5,0
390727,390727,390732,5,0
390727,390727,390732,5,0
390727,390727,390732,5,0
390727,390727,390732,5,0
390727,390727,390732,5,0
390727,390727,390732,5,0
390727,390727,390732,5,0
390727,390728,390732,4,1
390727,390727,390732,5,0
390727,390727,390732,5,0
390727,390727,390732,5,0
390727,390727,390732,5,0
390727,390727,390732,5,0
390727,390727,390733,6,0
390727,390727,390732,5,0
390727,390727,390732,5,0
390727,390727,390732,5,0
390727,390727,390733,6,0
390727,390727,390733,6,0
390727,390727,390733,6,0
390727,390727,390733,6,0
390727,390727,390733,6,0
390727,390727,390733,6,0
390727,390727,390733,6,0
390727,390727,390733,6,0
390727,390727,390733,6,0
390727,390727,390733,6,0
390727,390727,390733,6,0
390727,390727,390733,6,0
390727,390727,390733,6,0
390727,390727,390733,6,0
390727,390727,390733,6,0
390727,390727,390733,6,0
390727,390727,390733,6,0
390727,390727,390733,6,0
390727,390727,390733,6,0
390727,390727,390733,6,0
390727,390727,390733,6,0
390727,390728,390733,5,1
390727,390727,390733,6,0
390727,390727,390733,6,0
390727,390733,390736,3,6
390727,390733,390737,4,6
390727,390733,390737,4,6
390727,390733,390737,4,6
390727,390733,390737,4,6
390727,390733,390737,4,6
390727,390733,390737,4,6
390727,390733,390738,5,6
390727,390733,390738,5,6
390727,390734,390738,4,7
390727,390733,390738,5,6
390727,390733,390738,5,6
390727,390733,390737,4,6
390727,390733,390738,5,6
390727,390733,390738,5,6
390727,390733,390738,5,6
390727,390733,390738,5,6
390727,390733,390737,4,6
390727,390733,390737,4,6
390727,390733,390737,4,6
390727,390733,390738,5,6
390727,390733,390738,5,6
390727,390733,390737,4,6
390727,390733,390738,5,6
390727,390733,390737,4,6
390727,390733,390738,5,6
390727,390733,390738,5,6
390727,390733,390738,5,6
390727,390733,390738,5,6
390727,390733,390738,5,6
390727,390733,390737,4,6
390727,390733,390738,5,6
390727,390733,390737,4,6
390727,390733,390737,4,6
390727,390733,390738,5,6
390727,390733,390738,5,6
390727,390733,390738,5,6
390727,390733,390738,5,6
390727,390733,390737,4,6
390727,390733,390737,4,6
390727,390733,390737,4,6
390727,390733,390737,4,6
390727,390733,390738,5,6
390727,390733,390737,4,6
390727,390733,390737,4,6
390727,390733,390738,5,6
390727,390733,390738,5,6
390727,390733,390737,4,6
390727,390733,390738,5,6
390727,390733,390737,4,6
390727,390733,390737,4,6
390727,390733,390737,4,6
390727,390733,390737,4,6
390727,390733,390737,4,6
390727,390734,390738,4,7
390727,390733,390737,4,6
390727,390733,390737,4,6
390727,390733,390737,4,6
390727,390733,390737,4,6
390727,390733,390738,5,6
390727,390733,390738,5,6
390727,390734,390738,4,7
390727,390734,390738,4,7
390727,390734,390738,4,7
390727,390734,390738,4,7
390727,390734,390738,4,7
390727,390737,390738,1,10
390727,390734,390739,5,7
390727,390733,390738,5,6
390727,390733,390738,5,6
390727,390733,390738,5,6
390727,390734,390738,4,7
390727,390734,390738,4,7
390727,390734,390738,4,7
390727,390734,390738,4,7
390727,390734,390738,4,7
390727,390734,390738,4,7
390727,390734,390738,4,7
390727,390734,390738,4,7
390727,390734,390738,4,7
390727,390734,390738,4,7
390727,390738,390740,2,11
390727,390738,390740,2,11
390727,390738,390740,2,11
390727,390738,390741,3,11
390727,390738,390740,2,11
390727,390738,390740,2,11
390727,390738,390741,3,11
390727,390738,390741,3,11
390727,390738,390740,2,11
390727,390738,390740,2,11
390727,390738,390741,3,11
390727,390738,390741,3,11
390727,390738,390741,3,11
390727,390738,390741,3,11
390727,390738,390741,3,11
390727,390738,390741,3,11
390727,390738,390741,3,11
390727,390738,390741,3,11
390727,390738,390741,3,11
390727,390738,390741,3,11
390727,390738,390740,2,11
390727,390738,390740,2,11
390727,390738,390741,3,11
390727,390738,390740,2,11
390727,390738,390741,3,11
390727,390738,390741,3,11
390727,390738,390741,3,11
390727,390738,390741,3,11
390727,390738,390741,3,11
390727,390738,390741,3,11
390727,390738,390741,3,11
390727,390738,390741,3,11
390727,390738,390741,3,11
390727,390738,390742,4,11
390727,390738,390742,4,11
390727,390738,390742,4,11
390727,390738,390742,4,11
390727,390738,390742,4,11
390727,390738,390741,3,11
390746,390746,390750,4,0
390746,390746,390751,5,0
390746,390746,390751,5,0
390746,390746,390751,5,0
390746,390746,390751,5,0
390746,390746,390751,5,0
390746,390746,390751,5,0
390746,390746,390751,5,0
390746,390746,390751,5,0
390746,390746,390751,5,0
390746,390746,390751,5,0
390746,390746,390751,5,0
390746,390746,390751,5,0
390746,390746,390751,5,0
390746,390746,390751,5,0
390746,390746,390751,5,0
390746,390746,390751,5,0
390746,390746,390751,5,0
390746,390746,390751,5,0
390746,390746,390751,5,0
390746,390746,390751,5,0
390746,390746,390751,5,0
390746,390746,390751,5,0
390746,390746,390751,5,0
390746,390746,390751,5,0
390746,390746,390751,5,0
390746,390746,390751,5,0
390746,390746,390751,5,0
390746,390746,390751,5,0
390746,390746,390751,5,0
390746,390746,390751,5,0
390746,390746,390751,5,0
390746,390746,390751,5,0
390746,390746,390751,5,0
390746,390746,390751,5,0
390746,390746,390751,5,0
390746,390746,390751,5,0
390746,390746,390751,5,0
390746,390746,390751,5,0
390746,390746,390751,5,0
390746,390746,390751,5,0
390746,390746,390751,5,0
390746,390746,390751,5,0
390746,390746,390751,5,0
390746,390746,390751,5,0
390746,390746,390751,5,0
390746,390746,390751,5,0
390746,390746,390751,5,0
390746,390746,390751,5,0
390746,390746,390751,5,0
390746,390746,390751,5,0
390746,390746,390751,5,0
390746,390746,390751,5,0
390746,390746,390751,5,0
390746,390746,390751,5,0
390746,390746,390751,5,0
390746,390746,390751,5,0
390746,390746,390751,5,0
390746,390746,390751,5,0
390746,390746,390752,6,0
390746,390746,390752,6,0
390746,390746,390752,6,0
390746,390746,390752,6,0
390746,390746,390752,6,0
390746,390746,390752,6,0
390746,390746,390752,6,0
390746,390746,390752,6,0
390746,390746,390752,6,0
390746,390746,390753,7,0
390746,390746,390752,6,0
390746,390746,390752,6,0
390746,390746,390752,6,0
390746,390746,390752,6,0
390746,390746,390752,6,0
390746,390747,390752,5,1
390746,390746,390752,6,0
390746,390746,390752,6,0
390746,390746,390752,6,0
390746,390750,390752,2,4
390746,390746,390752,6,0
390746,390746,390752,6,0
390746,390751,390756,5,5
390746,390752,390756,4,6
390746,390752,390756,4,6
390746,390752,390756,4,6
390746,390752,390757,5,6
390746,390752,390756,4,6
390746,390752,390756,4,6
390746,390752,390756,4,6
390746,390752,390757,5,6
390746,390752,390757,5,6
390746,390752,390756,4,6
390746,390753,390757,4,7
390746,390752,390757,5,6
390746,390752,390756,4,6
390746,390752,390757,5,6
390746,390752,390757,5,6
390746,390752,390757,5,6
390746,390752,390757,5,6
390746,390752,390757,5,6
390746,390752,390756,4,6
390746,390752,390756,4,6
390746,390752,390756,4,6
390746,390752,390756,4,6
390746,390752,390756,4,6
390746,390752,390756,4,6
390746,390752,390756,4,6
390746,390752,390757,5,6
390746,390752,390757,5,6
390746,390752,390757,5,6
390746,390752,390757,5,6
390746,390752,390757,5,6
390746,390752,390757,5,6
390746,390752,390757,5,6
390746,390752,390757,5,6
390746,390752,390757,5,6
390746,390752,390757,5,6
390746,390752,390756,4,6
390746,390753,390757,4,7
390746,390753,390757,4,7
390746,390752,390757,5,6
390746,390752,390757,5,6
390746,390752,390757,5,6
390746,390752,390757,5,6
390746,390752,390757,5,6
390746,390752,390757,5,6
390746,390752,390757,5,6
390746,390752,390757,5,6
390746,390752,390757,5,6
390746,390752,390756,4,6
390746,390752,390757,5,6
390746,390752,390757,5,6
390746,390752,390757,5,6
390746,390752,390757,5,6
390746,390752,390756,4,6
390746,390752,390757,5,6
390746,390753,390757,4,7
390746,390753,390757,4,7
390746,390753,390757,4,7
390746,390753,390757,4,7
390746,390753,390757,4,7
390746,390753,390758,5,7
390746,390753,390758,5,7
390746,390753,390758,5,7
390746,390753,390758,5,7
390746,390753,390758,5,7
390746,390753,390757,4,7
390746,390753,390757,4,7
390746,390752,390757,5,6
390746,390752,390757,5,6
390746,390753,390757,4,7
390746,390752,390757,5,6
390746,390752,390757,5,6
390746,390752,390757,5,6
390746,390753,390758,5,7
390746,390752,390757,5,6
390746,390753,390757,4,7
390746,390753,390757,4,7
390746,390753,390757,4,7
390746,390753,390757,4,7
390746,390753,390757,4,7
390746,390757,390759,2,11
390746,390757,390759,2,11
390746,390757,390759,2,11
390746,390757,390759,2,11
390746,390757,390759,2,11
390746,390757,390759,2,11
390746,390757,390759,2,11
390746,390757,390759,2,11
390746,390757,390759,2,11
390746,390757,390759,2,11
390746,390757,390759,2,11
390746,390757,390760,3,11
390746,390757,390759,2,11
390746,390757,390759,2,11
390746,390757,390759,2,11
390746,390757,390760,3,11
390746,390757,390760,3,11
390746,390757,390760,3,11
390746,390757,390760,3,11
390746,390757,390759,2,11
390746,390757,390760,3,11
390746,390757,390760,3,11
390746,390757,390759,2,11
390746,390757,390759,2,11
390746,390757,390760,3,11
390746,390757,390759,2,11
390746,390757,390760,3,11
390746,390757,390760,3,11
390746,390757,390759,2,11
390746,390757,390760,3,11
390746,390757,390760,3,11
390746,390757,390760,3,11
390746,390757,390760,3,11
390746,390757,390760,3,11
390746,390757,390760,3,11
390746,390757,390760,3,11
390746,390757,390760,3,11
390746,390757,390760,3,11
390746,390757,390760,3,11
390765,390765,390770,5,0
390765,390765,390770,5,0
390765,390765,390770,5,0
390765,390765,390770,5,0
390765,390765,390770,5,0
390765,390765,390770,5,0
390765,390765,390770,5,0
390765,390765,390770,5,0
390765,390765,390770,5,0
390765,390765,390770,5,0
390765,390765,390770,5,0
390765,390765,390770,5,0
390765,390765,390770,5,0
390765,390765,390770,5,0
390765,390765,390770,5,0
390765,390765,390770,5,0
390765,390765,390770,5,0
390765,390765,390770,5,0
390765,390765,390770,5,0
390765,390765,390770,5,0
390765,390765,390770,5,0
390765,390765,390770,5,0
390765,390765,390770,5,0
390765,390765,390770,5,0
390765,390765,390770,5,0
390765,390765,390770,5,0
390765,390765,390770,5,0
390765,390765,390770,5,0
390765,390765,390770,5,0
390765,390765,390770,5,0
390765,390765,390770,5,0
390765,390765,390770,5,0
390765,390765,390770,5,0
390765,390765,390770,5,0
390765,390765,390770,5,0
390765,390765,390770,5,0
390765,390765,390770,5,0
390765,390765,390770,5,0
390765,390765,390770,5,0
390765,390765,390770,5,0
390765,390765,390770,5,0
390765,390765,390769,4,0
390765,390765,390770,5,0
390765,390765,390770,5,0
390765,390765,390770,5,0
390765,390765,390770,5,0
390765,390765,390770,5,0
390765,390765,390770,5,0
390765,390765,390770,5,0
390765,390765,390770,5,0
390765,390765,390770,5,0
390765,390765,390770,5,0
390765,390765,390770,5,0
390765,390765,390770,5,0
390765,390765,390771,6,0
390765,390765,390770,5,0
390765,390765,390771,6,0
390765,390765,390771,6,0
390765,390765,390770,5,0
390765,390765,390771,6,0
390765,390765,390770,5,0
390765,390765,390771,6,0
390765,390765,390771,6,0
390765,390765,390770,5,0
390765,390765,390770,5,0
390765,390765,390771,6,0
390765,390765,390771,6,0
390765,390765,390770,5,0
390765,390765,390771,6,0
390765,390765,390770,5,0
390765,390765,390770,5,0
390765,390765,390770,5,0
390765,390765,390770,5,0
390765,390765,390770,5,0
390765,390765,390770,5,0
390765,390765,390770,5,0
390765,390765,390771,6,0
390765,390765,390771,6,0
390765,390765,390771,6,0
390765,390765,390771,6,0
390765,390770,390775,5,5
390765,390770,390775,5,5
390765,390771,390776,5,6
390765,390771,390776,5,6
390765,390771,390776,5,6
390765,390771,390776,5,6
390765,390771,390776,5,6
390765,390770,390776,6,5
390765,390770,390776,6,5
390765,390770,390776,6,5
390765,390770,390776,6,5
390765,390770,390776,6,5
390765,390770,390776,6,5
390765,390770,390776,6,5
390765,390771,390775,4,6
390765,390770,390776,6,5
390765,390770,390776,6,5
390765,390770,390776,6,5
390765,390770,390776,6,5
390765,390770,390776,6,5
390765,390770,390776,6,5
390765,390770,390776,6,5
390765,390771,390776,5,6
390765,390770,390776,6,5
390765,390770,390776,6,5
390765,390770,390776,6,5
390765,390770,390776,6,5
390765,390770,390776,6,5
390765,390770,390776,6,5
390765,390771,390776,5,6
390765,390771,390776,5,6
390765,390770,390776,6,5
390765,390770,390776,6,5
390765,390770,390776,6,5
390765,390770,390776,6,5
390765,390770,390775,5,5
390765,390770,390776,6,5
390765,390771,390776,5,6
390765,390771,390776,5,6
390765,390770,390776,6,5
390765,390770,390776,6,5
390765,390770,390775,5,5
390765,390770,390776,6,5
390765,390771,390776,5,6
390765,390771,390776,5,6
390765,390771,390776,5,6
390765,390770,390776,6,5
390765,390770,390775,5,5
390765,390770,390776,6,5
390765,390770,390776,6,5
390765,390770,390776,6,5
390765,390771,390776,5,6
390765,390771,390776,5,6
390765,390771,390776,5,6
390765,390770,390776,6,5
390765,390770,390776,6,5
390765,390770,390776,6,5
390765,390770,390776,6,5
390765,390771,390776,5,6
390765,390771,390776,5,6
390765,390771,390776,5,6
390765,390770,390776,6,5
390765,390770,390776,6,5
390765,390770,390776,6,5
390765,390770,390776,6,5
390765,390771,390776,5,6
390765,390771,390776,5,6
390765,390771,390775,4,6
390765,390771,390776,5,6
390765,390770,390775,5,5
390765,390770,390776,6,5
390765,390770,390776,6,5
390765,390770,390776,6,5
390765,390771,390776,5,6
390765,390771,390776,5,6
390765,390771,390776,5,6
390765,390771,390776,5,6
390765,390772,390777,5,7
390765,390772,390776,4,7
390765,390772,390777,5,7
390765,390775,390777,2,10
390765,390775,390777,2,10
390765,390776,390778,2,11
390765,390776,390778,2,11
390765,390776,390778,2,11
390765,390776,390778,2,11
390765,390776,390779,3,11
390765,390776,390779,3,11
390765,390777,390779,2,12
390765,390777,390778,1,12
390765,390776,390778,2,11
390765,390776,390778,2,11
390765,390776,390778,2,11
390765,390777,390779,2,12
390765,390777,390779,2,12
390765,390777,390779,2,12
390765,390777,390779,2,12
390765,390777,390779,2,12
390765,390777,390779,2,12
390765,390777,390779,2,12
390765,390777,390779,2,12
390765,390777,390779,2,12
390765,390777,390779,2,12
390765,390777,390779,2,12
390765,390777,390779,2,12
390765,390777,390780,3,12
390765,390777,390779,2,12
390765,390777,390779,2,12
390765,390777,390779,2,12
390765,390777,390780,3,12
390765,390777,390779,2,12
390765,390777,390779,2,12
390765,390777,390779,2,12
390765,390777,390779,2,12
390765,390777,390779,2,12
390765,390777,390780,3,12
390765,390777,390779,2,12
390765,390777,390779,2,12
390765,390777,390780,3,12
390765,390777,390780,3,12
390784,390784,390788,4,0
390784,390784,390788,4,0
390784,390784,390789,5,0
390784,390784,390789,5,0
390784,390784,390789,5,0
390784,390784,390789,5,0
390784,390784,390788,4,0
390784,390784,390788,4,0
390784,390784,390788,4,0
390784,390784,390789,5,0
390784,390784,390789,5,0
390784,390784,390789,5,0
390784,390784,390789,5,0
390784,390784,390788,4,0
390784,390784,390789,5,0
390784,390784,390789,5,0
390784,390784,390789,5,0
390784,390784,390789,5,0
390784,390784,390788,4,0
390784,390784,390788,4,0
390784,390784,390789,5,0
390784,390784,390789,5,0
390784,390784,390788,4,0
390784,390784,390788,4,0
390784,390784,390788,4,0
390784,390784,390789,5,0
390784,390784,390789,5,0
390784,390784,390788,4,0
390784,390784,390788,4,0
390784,390784,390788,4,0
390784,390784,390788,4,0
390784,390784,390789,5,0
390784,390784,390789,5,0
390784,390784,390789,5,0
390784,390784,390788,4,0
390784,390784,390789,5,0
390784,390784,390789,5,0
390784,390784,390789,5,0
390784,390784,390789,5,0
390784,390784,390789,5,0
390784,390784,390789,5,0
390784,390784,390788,4,0
390784,390784,390789,5,0
390784,390784,390789,5,0
390784,390784,390789,5,0
390784,390784,390789,5,0
390784,390784,390789,5,0
390784,390784,390789,5,0
390784,390784,390789,5,0
390784,390784,390789,5,0
390784,390784,390789,5,0
390784,390784,390789,5,0
390784,390784,390789,5,0
390784,390784,390788,4,0
390784,390784,390789,5,0
390784,390784,390789,5,0
390784,390784,390789,5,0
390784,390784,390789,5,0
390784,390784,390789,5,0
390784,390784,390789,5,0
390784,390784,390789,5,0
390784,390784,390789,5,0
390784,390784,390789,5,0
390784,390784,390789,5,0
390784,390784,390789,5,0
390784,390784,390789,5,0
390784,390784,390789,5,0
390784,390784,390789,5,0
390784,390784,390789,5,0
390784,390784,390789,5,0
390784,390784,390789,5,0
390784,390784,390789,5,0
390784,390784,390790,6,0
390784,390784,390789,5,0
390784,390784,390789,5,0
390784,390784,390789,5,0
390784,390784,390789,5,0
390784,390784,390789,5,0
390784,390784,390789,5,0
390784,390784,390789,5,0
390784,390789,390792,3,5
390784,390789,390793,4,5
390784,390789,390794,5,5
390784,390789,390794,5,5
390784,390789,390794,5,5
390784,390789,390794,5,5
390784,390789,390794,5,5
390784,390789,390794,5,5
390784,390789,390794,5,5
390784,390789,390794,5,5
390784,390789,390794,5,5
390784,390789,390794,5,5
390784,390789,390794,5,5
390784,390789,390794,5,5
390784,390789,390794,5,5
390784,390789,390794,5,5
390784,390789,390794,5,5
390784,390789,390794,5,5
390784,390789,390794,5,5
390784,390789,390794,5,5
390784,390790,390794,4,6
390784,390789,390794,5,5
390784,390789,390794,5,5
390784,390789,390794,5,5
390784,390789,390794,5,5
390784,390789,390794,5,5
390784,390789,390794,5,5
390784,390789,390794,5,5
390784,390789,390794,5,5
390784,390789,390794,5,5
390784,390789,390794,5,5
390784,390790,390794,4,6
390784,390789,390794,5,5
390784,390789,390794,5,5
390784,390789,390794,5,5
390784,390789,390794,5,5
390784,390789,390794,5,5
390784,390789,390794,5,5
390784,390789,390794,5,5
390784,390789,390794,5,5
390784,390789,390794,5,5
390784,390789,390794,5,5
390784,390789,390794,5,5
390784,390790,390794,4,6
390784,390789,390794,5,5
390784,390789,390794,5,5
390784,390789,390794,5,5
390784,390789,390794,5,5
390784,390789,390794,5,5
390784,390790,390794,4,6
390784,390789,390794,5,5
390784,390789,390794,5,5
390784,390789,390794,5,5
390784,390789,390794,5,5
390784,390789,390794,5,5
390784,390790,390795,5,6
390784,390790,390794,4,6
390784,390790,390795,5,6
390784,390790,390794,4,6
390784,390790,390794,4,6
390784,390790,390794,4,6
390784,390790,390795,5,6
390784,390790,390795,5,6
390784,390790,390795,5,6
390784,390790,390795,5,6
390784,390790,390795,5,6
390784,390790,390795,5,6
390784,390790,390795,5,6
390784,390794,390795,1,10
390784,390789,390795,6,5
390784,390790,390795,5,6
390784,390790,390795,5,6
390784,390790,390795,5,6
390784,390790,390795,5,6
390784,390790,390795,5,6
390784,390790,390795,5,6
390784,390790,390795,5,6
390784,390790,390796,6,6
390784,390793,390796,3,9
390784,390790,390796,6,6
390784,390790,390796,6,6
390784,390795,390797,2,11
390784,390795,390798,3,11
390784,390795,390797,2,11
390784,390795,390798,3,11
390784,390795,390798,3,11
390784,390795,390797,2,11
390784,390795,390798,3,11
390784,390794,390797,3,10
390784,390795,390797,2,11
390784,390795,390797,2,11
390784,390795,390797,2,11
390784,390795,390798,3,11
390784,390795,390798,3,11
390784,390795,390797,2,11
390784,390795,390797,2,11
390784,390795,390798,3,11
390784,390795,390797,2,11
390784,390795,390798,3,11
390784,390795,390799,4,11
390784,390795,390798,3,11
390784,390795,390798,3,11
390784,390795,390798,3,11
390784,390795,390798,3,11
390784,390795,390798,3,11
390784,390795,390799,4,11
390784,390795,390798,3,11
390784,390795,390798,3,11
390784,390795,390798,3,11
390784,390795,390798,3,11
390784,390795,390798,3,11
390784,390795,390798,3,11
390784,390795,390798,3,11
390784,390795,390798,3,11
390784,390795,390799,4,11
390784,390795,390798,3,11
390784,390795,390798,3,11
390784,390795,390798,3,11
390784,390795,390798,3,11
390784,390789,390800,11,5
390805,390805,390810,5,0
390805,390805,390810,5,0
390805,390805,390810,5,0
390805,390805,390810,5,0
390805,390805,390810,5,0
390805,390805,390810,5,0
390805,390805,390810,5,0
390805,390805,390810,5,0
390805,390805,390810,5,0
390805,390805,390809,4,0
390805,390805,390810,5,0
390805,390805,390810,5,0
390805,390805,390810,5,0
390805,390805,390810,5,0
390805,390805,390810,5,0
390805,390805,390810,5,0
390805,390805,390810,5,0
390805,390805,390810,5,0
390805,390805,390810,5,0
390805,390805,390810,5,0
390805,390805,390810,5,0
390805,390805,390810,5,0
390805,390805,390811,6,0
390805,390805,390810,5,0
390805,390805,390810,5,0
390805,390805,390810,5,0
390805,390805,390810,5,0
390805,390805,390810,5,0
390805,390805,390810,5,0
390805,390805,390810,5,0
390805,390805,390810,5,0
390805,390805,390810,5,0
390805,390805,390810,5,0
390805,390805,390810,5,0
390805,390805,390810,5,0
390805,390805,390810,5,0
390805,390805,390810,5,0
390805,390805,390810,5,0
390805,390805,390810,5,0
390805,390805,390810,5,0
390805,390805,390810,5,0
390805,390805,390810,5,0
390805,390805,390810,5,0
390805,390805,390811,6,0
390805,390805,390811,6,0
390805,390805,390810,5,0
390805,390805,390810,5,0
390805,390805,390810,5,0
390805,390805,390810,5,0
390805,390805,390810,5,0
390805,390805,390811,6,0
390805,390805,390810,5,0
390805,390805,390810,5,0
390805,390805,390810,5,0
390805,390805,390810,5,0
390805,390805,390810,5,0
390805,390805,390810,5,0
390805,390805,390810,5,0
390805,390805,390810,5,0
390805,390805,390810,5,0
390805,390805,390810,5,0
390805,390805,390810,5,0
390805,390805,390811,6,0
390805,390805,390810,5,0
390805,390805,390810,5,0
390805,390805,390810,5,0
390805,390805,390810,5,0
390805,390805,390811,6,0
390805,390805,390810,5,0
390805,390805,390810,5,0
390805,390805,390810,5,0
390805,390805,390810,5,0
390805,390805,390811,6,0
390805,390805,390811,6,0
390805,390805,390811,6,0
390805,390805,390811,6,0
390805,390805,390811,6,0
390805,390805,390811,6,0
390805,390805,390811,6,0
390805,390810,390811,1,5
390805,390810,390812,2,5
390805,390810,390812,2,5
390805,390805,390811,6,0
390805,390810,390812,2,5
390805,390810,390812,2,5
390805,390810,390812,2,5
390805,390810,390812,2,5
390805,390810,390812,2,5
390805,390810,390812,2,5
390805,390810,390812,2,5
390805,390810,390812,2,5
390805,390811,390813,2,6
390805,390811,390813,2,6
390805,390811,390814,3,6
390805,390811,390815,4,6
390805,390811,390814,3,6
390805,390811,390815,4,6
390805,390811,390815,4,6
390805,390811,390815,4,6
390805,390811,390815,4,6
390805,390811,390815,4,6
390805,390811,390815,4,6
390805,390811,390815,4,6
390805,390811,390815,4,6
390805,390811,390815,4,6
390805,390811,390815,4,6
390805,390811,390815,4,6
390805,390811,390815,4,6
390805,390811,390815,4,6
390805,390811,390815,4,6
390805,390811,390815,4,6
390805,390811,390815,4,6
390805,390811,390815,4,6
390805,390811,390815,4,6
390805,390811,390815,4,6
390805,390811,390815,4,6
390805,390811,390815,4,6
390805,390811,390815,4,6
390805,390811,390815,4,6
390805,390811,390815,4,6
390805,390811,390815,4,6
390805,390811,390815,4,6
390805,390811,390815,4,6
390805,390811,390815,4,6
390805,390811,390815,4,6
390805,390811,390815,4,6
390805,390811,390815,4,6
390805,390811,390815,4,6
390805,390811,390815,4,6
390805,390811,390815,4,6
390805,390811,390815,4,6
390805,390811,390815,4,6
390805,390811,390815,4,6
390805,390811,390815,4,6
390805,390811,390815,4,6
390805,390811,390815,4,6
390805,390811,390815,4,6
390805,390811,390815,4,6
390805,390811,390815,4,6
390805,390811,390815,4,6
390805,390811,390815,4,6
390805,390811,390815,4,6
390805,390811,390815,4,6
390805,390811,390815,4,6
390805,390811,390815,4,6
390805,390812,390816,4,7
390805,390812,390816,4,7
390805,390812,390816,4,7
390805,390811,390815,4,6
390805,390811,390816,5,6
390805,390811,390816,5,6
390805,390811,390816,5,6
390805,390811,390815,4,6
390805,390812,390816,4,7
390805,390812,390816,4,7
390805,390812,390816,4,7
390805,390811,390816,5,6
390805,390811,390815,4,6
390805,390812,390816,4,7
390805,390811,390816,5,6
390805,390811,390815,4,6
390805,390811,390815,4,6
390805,390812,390816,4,7
390805,390812,390816,4,7
390805,390811,390815,4,6
390805,390812,390816,4,7
390805,390812,390816,4,7
390805,390815,390817,2,10
390805,390815,390817,2,10
390805,390815,390817,2,10
390805,390814,390816,2,9
390805,390814,390816,2,9
390805,390815,390817,2,10
390805,390815,390817,2,10
390805,390815,390817,2,10
390805,390815,390817,2,10
390805,390815,390817,2,10
390805,390812,390816,4,7
390805,390815,390817,2,10
390805,390812,390816,4,7
390805,390815,390817,2,10
390805,390812,390817,5,7
390805,390815,390817,2,10
390805,390812,390817,5,7
390805,390815,390818,3,10
390805,390815,390818,3,10
390805,390815,390818,3,10
390805,390815,390817,2,10
390805,390815,390818,3,10
390805,390815,390818,3,10
390805,390815,390818,3,10
390805,390815,390818,3,10
390805,390815,390818,3,10
390805,390815,390818,3,10
390805,390815,390818,3,10
390805,390815,390818,3,10
390805,390815,390818,3,10
390805,390815,390818,3,10
390805,390815,390818,3,10
390805,390815,390818,3,10
390822,390823,390827,4,1
390822,390823,390828,5,1
390822,390823,390828,5,1
390822,390823,390828,5,1
390822,390823,390828,5,1
390822,390823,390828,5,1
390822,390823,390827,4,1
390822,390823,390827,4,1
390822,390823,390828,5,1
390822,390823,390828,5,1
390822,390823,390828,5,1
390822,390823,390828,5,1
390822,390823,390828,5,1
390822,390823,390828,5,1
390822,390823,390827,4,1
390822,390823,390828,5,1
390822,390823,390828,5,1
390822,390823,390828,5,1
390822,390823,390828,5,1
390822,390823,390828,5,1
390822,390823,390828,5,1
390822,390823,390827,4,1
390822,390823,390827,4,1
390822,390823,390827,4,1
390822,390823,390828,5,1
390822,390823,390828,5,1
390822,390823,390827,4,1
390822,390823,390828,5,1
390822,390823,390828,5,1
390822,390823,390827,4,1
390822,390823,390827,4,1
390822,390823,390828,5,1
390822,390823,390828,5,1
390822,390823,390827,4,1
390822,390823,390828,5,1
390822,390823,390828,5,1
390822,390823,390828,5,1
390822,390823,390827,4,1
390822,390823,390828,5,1
390822,390823,390828,5,1
390822,390823,390828,5,1
390822,390823,390828,5,1
390822,390823,390828,5,1
390822,390823,390827,4,1
390822,390823,390828,5,1
390822,390823,390828,5,1
390822,390823,390827,4,1
390822,390823,390828,5,1
390822,390823,390828,5,1
390822,390823,390827,4,1
390822,390823,390827,4,1
390822,390823,390827,4,1
390822,390823,390828,5,1
390822,390823,390828,5,1
390822,390823,390828,5,1
390822,390823,390827,4,1
390822,390823,390827,4,1
390822,390823,390828,5,1
390822,390823,390828,5,1
390822,390823,390828,5,1
390822,390823,390828,5,1
390822,390823,390828,5,1
390822,390823,390828,5,1
390822,390823,390828,5,1
390822,390823,390828,5,1
390822,390823,390828,5,1
390822,390823,390828,5,1
390822,390823,390828,5,1
390822,390823,390828,5,1
390822,390823,390828,5,1
390822,390823,390828,5,1
390822,390823,390828,5,1
390822,390823,390828,5,1
390822,390823,390828,5,1
390822,390823,390828,5,1
390822,390823,390828,5,1
390822,390823,390828,5,1
390822,390823,390828,5,1
390822,390823,390828,5,1
390822,390823,390828,5,1
390822,390828,390831,3,6
390822,390828,390832,4,6
390822,390828,390833,5,6
390822,390828,390833,5,6
390822,390828,390832,4,6
390822,390828,390832,4,6
390822,390828,390833,5,6
390822,390828,390833,5,6
390822,390828,390832,4,6
390822,390828,390832,4,6
390822,390828,390833,5,6
390822,390828,390833,5,6
390822,390828,390832,4,6
390822,390828,390833,5,6
390822,390828,390832,4,6
390822,390828,390832,4,6
390822,390828,390832,4,6
390822,390828,390832,4,6
390822,390828,390832,4,6
390822,390828,390832,4,6
390822,390828,390833,5,6
390822,390828,390833,5,6
390822,390828,390833,5,6
390822,390828,390833,5,6
390822,390828,390833,5,6
390822,390828,390833,5,6
390822,390828,390833,5,6
390822,390828,390832,4,6
390822,390828,390833,5,6
390822,390828,390833,5,6
390822,390828,390833,5,6
390822,390828,390832,4,6
390822,390828,390833,5,6
390822,390829,390833,4,7
390822,390828,390833,5,6
390822,390828,390832,4,6
390822,390828,390833,5,6
390822,390828,390833,5,6
390822,390828,390833,5,6
390822,390828,390833,5,6
390822,390828,390832,4,6
390822,390828,390832,4,6
390822,390828,390832,4,6
390822,390828,390832,4,6
390822,390828,390832,4,6
390822,390828,390832,4,6
390822,390828,390833,5,6
390822,390828,390833,5,6
390822,390828,390833,5,6
390822,390828,390832,4,6
390822,390828,390833,5,6
390822,390828,390833,5,6
390822,390828,390832,4,6
390822,390829,390833,4,7
390822,390829,390833,4,7
390822,390828,390833,5,6
390822,390828,390832,4,6
390822,390828,390833,5,6
390822,390828,390832,4,6
390822,390828,390832,4,6
390822,390828,390833,5,6
390822,390828,390833,5,6
390822,390829,390833,4,7
390822,390828,390833,5,6
390822,390828,390833,5,6
390822,390828,390833,5,6
390822,390829,390833,4,7
390822,390829,390833,4,7
390822,390832,390834,2,10
390822,390829,390833,4,7
390822,390829,390833,4,7
390822,390829,390833,4,7
390822,390829,390834,5,7
390822,390829,390834,5,7
390822,390829,390834,5,7
390822,390829,390834,5,7
390822,390832,390834,2,10
390822,390829,390833,4,7
390822,390829,390833,4,7
390822,390829,390833,4,7
390822,390829,390833,4,7
390822,390829,390833,4,7
390822,390833,390835,2,11
390822,390833,390835,2,11
390822,390833,390835,2,11
390822,390833,390835,2,11
390822,390833,390835,2,11
390822,390833,390835,2,11
390822,390833,390836,3,11
390822,390833,390836,3,11
390822,390833,390836,3,11
390822,390833,390836,3,11
390822,390833,390836,3,11
390822,390833,390836,3,11
390822,390833,390836,3,11
390822,390833,390836,3,11
390822,390833,390836,3,11
390822,390833,390836,3,11
390822,390833,390836,3,11
390822,390833,390836,3,11
390822,390833,390836,3,11
390822,390833,390836,3,11
390822,390833,390836,3,11
390822,390833,390836,3,11
390822,390833,390836,3,11
390822,390833,390836,3,11
390822,390833,390836,3,11
390822,390833,390836,3,11
390822,390833,390836,3,11
390822,390833,390836,3,11
390822,390833,390836,3,11
390822,390833,390836,3,11
390822,390833,390837,4,11
390822,390833,390836,3,11
390822,390833,390837,4,11
390822,390833,390836,3,11
390822,390833,390836,3,11
390822,390833,390837,4,11
390822,390833,390837,4,11
390822,390833,390837,4,11
390842,390842,390846,4,0
390842,390842,390847,5,0
390842,390842,390847,5,0
390842,390842,390847,5,0
390842,390842,390847,5,0
390842,390842,390846,4,0
390842,390842,390847,5,0
390842,390842,390847,5,0
390842,390842,390847,5,0
390842,390842,390847,5,0
390842,390842,390847,5,0
390842,390842,390847,5,0
390842,390842,390847,5,0
390842,390842,390847,5,0
390842,390842,390847,5,0
390842,390842,390847,5,0
390842,390842,390847,5,0
390842,390842,390847,5,0
390842,390842,390847,5,0
390842,390842,390847,5,0
390842,390842,390847,5,0
390842,390842,390846,4,0
390842,390842,390847,5,0
390842,390842,390847,5,0
390842,390842,390847,5,0
390842,390842,390847,5,0
390842,390842,390847,5,0
390842,390842,390847,5,0
390842,390842,390847,5,0
390842,390842,390847,5,0
390842,390842,390847,5,0
390842,390842,390847,5,0
390842,390842,390847,5,0
390842,390842,390847,5,0
390842,390842,390847,5,0
390842,390842,390847,5,0
390842,390842,390847,5,0
390842,390842,390847,5,0
390842,390842,390847,5,0
390842,390842,390847,5,0
390842,390842,390847,5,0
390842,390842,390847,5,0
390842,390842,390847,5,0
390842,390842,390847,5,0
390842,390842,390847,5,0
390842,390842,390847,5,0
390842,390842,390847,5,0
390842,390842,390847,5,0
390842,390842,390847,5,0
390842,390842,390847,5,0
390842,390842,390847,5,0
390842,390842,390847,5,0
390842,390842,390847,5,0
390842,390842,390847,5,0
390842,390842,390847,5,0
390842,390842,390847,5,0
390842,390842,390847,5,0
390842,390842,390847,5,0
390842,390842,390847,5,0
390842,390842,390847,5,0
390842,390842,390847,5,0
390842,390842,390847,5,0
390842,390842,390847,5,0
390842,390842,390847,5,0
390842,390842,390847,5,0
390842,390842,390847,5,0
390842,390842,390847,5,0
390842,390842,390847,5,0
390842,390842,390847,5,0
390842,390842,390847,5,0
390842,390842,390847,5,0
390842,390842,390847,5,0
390842,390842,390847,5,0
390842,390842,390847,5,0
390842,390842,390847,5,0
390842,390842,390847,5,0
390842,390842,390847,5,0
390842,390842,390847,5,0
390842,390842,390847,5,0
390842,390842,390847,5,0
390842,390847,390852,5,5
390842,390847,390852,5,5
390842,390848,390852,4,6
390842,390848,390853,5,6
390842,390848,390853,5,6
390842,390848,390853,5,6
390842,390848,390853,5,6
390842,390847,390853,6,5
390842,390847,390853,6,5
390842,390847,390853,6,5
390842,390847,390852,5,5
390842,390847,390852,5,5
390842,390847,390852,5,5
390842,390847,390852,5,5
390842,390847,390852,5,5
390842,390848,390852,4,6
390842,390848,390852,4,6
390842,390848,390853,5,6
390842,390847,390853,6,5
390842,390848,390853,5,6
390842,390848,390853,5,6
390842,390848,390853,5,6
390842,390848,390853,5,6
390842,390847,390852,5,5
390842,390847,390852,5,5
390842,390847,390852,5,5
390842,390848,390853,5,6
390842,390848,390852,4,6
390842,390848,390853,5,6
390842,390848,390853,5,6
390842,390848,390852,4,6
390842,390847,390852,5,5
390842,390847,390852,5,5
390842,390847,390852,5,5
390842,390847,390852,5,5
390842,390847,390852,5,5
390842,390848,390852,4,6
390842,390848,390852,4,6
390842,390848,390852,4,6
390842,390847,390852,5,5
390842,390847,390852,5,5
390842,390848,390852,4,6
390842,390848,390853,5,6
390842,390848,390853,5,6
390842,390848,390852,4,6
390842,390848,390852,4,6
390842,390847,390852,5,5
390842,390847,390852,5,5
390842,390847,390852,5,5
390842,390847,390852,5,5
390842,390847,390852,5,5
390842,390848,390853,5,6
390842,390848,390853,5,6
390842,390848,390852,4,6
390842,390847,390852,5,5
390842,390847,390852,5,5
390842,390847,390852,5,5
390842,390847,390852,5,5
390842,390848,390852,4,6
390842,390848,390852,4,6
390842,390848,390852,4,6
390842,390847,390852,5,5
390842,390847,390852,5,5
390842,390847,390852,5,5
390842,390847,390852,5,5
390842,390848,390852,4,6
390842,390848,390852,4,6
390842,390848,390853,5,6
390842,390848,390853,5,6
390842,390848,390854,6,6
390842,390848,390854,6,6
390842,390848,390854,6,6
390842,390847,390853,6,5
390842,390847,390853,6,5
390842,390847,390853,6,5
390842,390847,390853,6,5
390842,390848,390853,5,6
390842,390852,390854,2,10
390842,390852,390853,1,10
390842,390852,390854,2,10
390842,390848,390853,5,6
390842,390848,390853,5,6
390842,390848,390854,6,6
390842,390853,390855,2,11
390842,390853,390855,2,11
390842,390853,390855,2,11
390842,390853,390855,2,11
390842,390853,390855,2,11
390842,390853,390855,2,11
390842,390853,390855,2,11
390842,390853,390855,2,11
390842,390853,390855,2,11
390842,390853,390856,3,11
390842,390853,390856,3,11
390842,390853,390855,2,11
390842,390853,390856,3,11
390842,390853,390855,2,11
390842,390853,390856,3,11
390842,390853,390856,3,11
390842,390853,390856,3,11
390842,390853,390856,3,11
390842,390853,390856,3,11
390842,390853,390856,3,11
390842,390853,390856,3,11
390842,390853,390856,3,11
390842,390853,390856,3,11
390842,390853,390856,3,11
390842,390853,390856,3,11
390842,390853,390856,3,11
390842,390853,390856,3,11
390842,390853,390856,3,11
390842,390853,390856,3,11
390842,390853,390856,3,11
390842,390853,390856,3,11
390842,390853,390856,3,11
390842,390853,390856,3,11
390842,390853,390857,4,11
390842,390853,390857,4,11
390842,390853,390857,4,11
390842,390853,390857,4,11
390863,390863,390868,5,0
390863,390863,390868,5,0
390863,390863,390868,5,0
390863,390863,390868,5,0
390863,390863,390868,5,0
390863,390863,390868,5,0
390863,390863,390868,5,0
390863,390863,390868,5,0
390863,390863,390869,6,0
390863,390863,390868,5,0
390863,390863,390868,5,0
390863,390863,390868,5,0
390863,390863,390868,5,0
390863,390863,390868,5,0
390863,390863,390869,6,0
390863,390863,390868,5,0
390863,390863,390869,6,0
390863,390863,390868,5,0
390863,390863,390868,5,0
390863,390863,390868,5,0
390863,390863,390868,5,0
390863,390863,390868,5,0
390863,390863,390868,5,0
390863,390863,390868,5,0
390863,390863,390869,6,0
390863,390863,390868,5,0
390863,390863,390868,5,0
390863,390863,390868,5,0
390863,390863,390868,5,0
390863,390863,390868,5,0
390863,390863,390869,6,0
390863,390863,390869,6,0
390863,390863,390869,6,0
390863,390863,390868,5,0
390863,390863,390868,5,0
390863,390863,390868,5,0
390863,390863,390868,5,0
390863,390863,390868,5,0
390863,390863,390868,5,0
390863,390863,390869,6,0
390863,390863,390869,6,0
390863,390863,390868,5,0
390863,390863,390868,5,0
390863,390863,390868,5,0
390863,390863,390868,5,0
390863,390863,390868,5,0
390863,390863,390868,5,0
390863,390863,390869,6,0
390863,390863,390868,5,0
390863,390863,390868,5,0
390863,390863,390868,5,0
390863,390863,390868,5,0
390863,390863,390868,5,0
390863,390863,390869,6,0
390863,390863,390869,6,0
390863,390863,390868,5,0
390863,390863,390868,5,0
390863,390863,390868,5,0
390863,390863,390868,5,0
390863,390863,390869,6,0
390863,390863,390869,6,0
390863,390863,390869,6,0
390863,390863,390869,6,0
390863,390863,390868,5,0
390863,390863,390868,5,0
390863,390863,390868,5,0
390863,390863,390868,5,0
390863,390863,390869,6,0
390863,390863,390869,6,0
390863,390863,390869,6,0
390863,390863,390868,5,0
390863,390863,390868,5,0
390863,390863,390868,5,0
390863,390863,390868,5,0
390863,390863,390869,6,0
390863,390863,390869,6,0
390863,390863,390869,6,0
390863,390863,390869,6,0
390863,390868,390870,2,5
390863,390868,390870,2,5
390863,390863,390869,6,0
390863,390868,390870,2,5
390863,390869,390873,4,6
390863,390869,390873,4,6
390863,390869,390873,4,6
390863,390869,390874,5,6
390863,390869,390874,5,6
390863,390869,390874,5,6
390863,390869,390874,5,6
390863,390869,390874,5,6
390863,390869,390874,5,6
390863,390869,390874,5,6
390863,390869,390874,5,6
390863,390869,390874,5,6
390863,390869,390874,5,6
390863,390869,390874,5,6
390863,390869,390874,5,6
390863,390869,390874,5,6
390863,390869,390874,5,6
390863,390869,390874,5,6
390863,390869,390874,5,6
390863,390869,390874,5,6
390863,390869,390874,5,6
390863,390869,390874,5,6
390863,390869,390874,5,6
390863,390869,390874,5,6
390863,390869,390874,5,6
390863,390869,390874,5,6
390863,390869,390874,5,6
390863,390869,390874,5,6
390863,390869,390874,5,6
390863,390869,390874,5,6
390863,390869,390874,5,6
390863,390869,390874,5,6
390863,390869,390874,5,6
390863,390869,390874,5,6
390863,390869,390874,5,6
390863,390869,390874,5,6
390863,390869,390874,5,6
390863,390869,390874,5,6
390863,390869,390874,5,6
390863,390869,390874,5,6
390863,390869,390874,5,6
390863,390869,390874,5,6
390863,390870,390874,4,7
390863,390869,390874,5,6
390863,390869,390874,5,6
390863,390869,390874,5,6
390863,390869,390874,5,6
390863,390869,390874,5,6
390863,390869,390874,5,6
390863,390869,390875,6,6
390863,390871,390874,3,8
390863,390869,390874,5,6
390863,390869,390874,5,6
390863,390869,390874,5,6
390863,390869,390874,5,6
390863,390869,390874,5,6
390863,390869,390874,5,6
390863,390869,390874,5,6
390863,390869,390875,6,6
390863,390869,390875,6,6
390863,390869,390874,5,6
390863,390869,390874,5,6
390863,390869,390874,5,6
390863,390869,390874,5,6
390863,390869,390874,5,6
390863,390869,390874,5,6
390863,390869,390875,6,6
390863,390871,390875,4,8
390863,390874,390875,1,11
390863,390874,390875,1,11
390863,390874,390875,1,11
390863,390869,390875,6,6
390863,390869,390875,6,6
390863,390869,390875,6,6
390863,390869,390875,6,6
390863,390869,390875,6,6
390863,390870,390875,5,7
390863,390869,390875,6,6
390863,390871,390875,4,8
390863,390869,390875,6,6
390863,390871,390875,4,8
390863,390869,390875,6,6
390863,390863,390877,14,0
390863,390875,390877,2,12
390863,390875,390877,2,12
390863,390875,390877,2,12
390863,390875,390878,3,12
390863,390875,390878,3,12
390863,390875,390878,3,12
390863,390875,390877,2,12
390863,390875,390877,2,12
390863,390875,390877,2,12
390863,390875,390877,2,12
390863,390875,390877,2,12
390863,390875,390878,3,12
390863,390875,390877,2,12
390863,390875,390877,2,12
390863,390875,390877,2,12
390863,390875,390877,2,12
390863,390875,390877,2,12
390863,390875,390877,2,12
390863,390875,390878,3,12
390863,390875,390877,2,12
390863,390875,390877,2,12
390863,390875,390877,2,12
390863,390875,390878,3,12
390863,390875,390878,3,12
390863,390875,390878,3,12
390863,390875,390878,3,12
390863,390875,390878,3,12
390863,390875,390878,3,12
390863,390875,390878,3,12
390863,390875,390878,3,12
390863,390875,390878,3,12
390863,390875,390878,3,12
390863,390875,390878,3,12
390863,390875,390878,3,12
390863,390875,390878,3,12
390884,390884,390889,5,0
390884,390884,390889,5,0
390884,390884,390889,5,0
390884,390884,390889,5,0
390884,390884,390889,5,0
390884,390884,390889,5,0
390884,390884,390889,5,0
390884,390884,390889,5,0
390884,390884,390889,5,0
390884,390884,390889,5,0
390884,390884,390889,5,0
390884,390884,390889,5,0
390884,390884,390889,5,0
390884,390884,390889,5,0
390884,390884,390889,5,0
390884,390884,390889,5,0
390884,390884,390889,5,0
390884,390884,390889,5,0
390884,390884,390889,5,0
390884,390884,390889,5,0
390884,390884,390889,5,0
390884,390884,390889,5,0
390884,390884,390889,5,0
390884,390884,390889,5,0
390884,390884,390889,5,0
390884,390884,390889,5,0
390884,390884,390889,5,0
390884,390884,390889,5,0
390884,390884,390889,5,0
390884,390884,390889,5,0
390884,390884,390889,5,0
390884,390884,390889,5,0
390884,390884,390889,5,0
390884,390884,390890,6,0
390884,390884,390889,5,0
390884,390884,390889,5,0
390884,390884,390889,5,0
390884,390884,390890,6,0
390884,390884,390889,5,0
390884,390884,390889,5,0
390884,390884,390889,5,0
390884,390884,390889,5,0
390884,390884,390889,5,0
390884,390884,390889,5,0
390884,390884,390889,5,0
390884,390884,390890,6,0
390884,390884,390890,6,0
390884,390884,390889,5,0
390884,390884,390889,5,0
390884,390884,390889,5,0
390884,390884,390889,5,0
390884,390884,390889,5,0
390884,390884,390889,5,0
390884,390884,390889,5,0
390884,390884,390889,5,0
390884,390884,390889,5,0
390884,390884,390889,5,0
390884,390884,390889,5,0
390884,390884,390889,5,0
390884,390884,390889,5,0
390884,390884,390889,5,0
390884,390884,390889,5,0
390884,390884,390889,5,0
390884,390884,390889,5,0
390884,390884,390889,5,0
390884,390884,390889,5,0
390884,390884,390889,5,0
390884,390884,390889,5,0
390884,390884,390889,5,0
390884,390884,390889,5,0
390884,390884,390889,5,0
390884,390884,390890,6,0
390884,390884,390890,6,0
390884,390884,390890,6,0
390884,390884,390890,6,0
390884,390884,390890,6,0
390884,390884,390890,6,0
390884,390884,390890,6,0
390884,390884,390890,6,0
390884,390884,390890,6,0
390884,390889,390890,1,5
390884,390889,390891,2,5
390884,390889,390891,2,5
390884,390889,390891,2,5
390884,390890,390894,4,6
390884,390890,390894,4,6
390884,390890,390895,5,6
390884,390890,390894,4,6
390884,390890,390894,4,6
390884,390890,390895,5,6
390884,390890,390895,5,6
390884,390890,390895,5,6
390884,390890,390895,5,6
390884,390890,390895,5,6
390884,390890,390895,5,6
390884,390890,390895,5,6
390884,390890,390895,5,6
390884,390890,390895,5,6
390884,390890,390895,5,6
390884,390890,390895,5,6
390884,390890,390895,5,6
390884,390890,390895,5,6
390884,390890,390895,5,6
390884,390890,390895,5,6
390884,390891,390895,4,7
390884,390890,390894,4,6
390884,390890,390895,5,6
390884,390890,390895,5,6
390884,390890,390895,5,6
390884,390890,390894,4,6
390884,390890,390895,5,6
390884,390890,390895,5,6
390884,390890,390895,5,6
390884,390890,390895,5,6
390884,390890,390894,4,6
390884,390890,390895,5,6
390884,390890,390895,5,6
390884,390890,390894,4,6
390884,390890,390895,5,6
390884,390890,390895,5,6
390884,390890,390895,5,6
390884,390890,390894,4,6
390884,390890,390894,4,6
390884,390890,390895,5,6
390884,390890,390895,5,6
390884,390890,390895,5,6
390884,390890,390895,5,6
390884,390890,390895,5,6
390884,390890,390895,5,6
390884,390890,390895,5,6
390884,390890,390895,5,6
390884,390890,390894,4,6
390884,390890,390895,5,6
390884,390890,390895,5,6
390884,390890,390894,4,6
390884,390890,390894,4,6
390884,390890,390894,4,6
390884,390890,390895,5,6
390884,390890,390894,4,6
390884,390890,390895,5,6
390884,390890,390895,5,6
390884,390890,390895,5,6
390884,390891,390895,4,7
390884,390890,390895,5,6
390884,390890,390895,5,6
390884,390890,390895,5,6
390884,390891,390895,4,7
390884,390890,390895,5,6
390884,390890,390896,6,6
390884,390890,390895,5,6
390884,390890,390896,6,6
390884,390894,390896,2,10
390884,390890,390895,5,6
390884,390894,390896,2,10
390884,390891,390895,4,7
390884,390891,390895,4,7
390884,390891,390896,5,7
390884,390891,390896,5,7
390884,390891,390896,5,7
390884,390890,390895,5,6
390884,390891,390895,4,7
390884,390891,390895,4,7
390884,390891,390895,4,7
390884,390892,390896,4,8
390884,390892,390896,4,8
390884,390892,390896,4,8
390884,390895,390896,1,11
390884,390895,390897,2,11
390884,390895,390897,2,11
390884,390895,390897,2,11
390884,390895,390898,3,11
390884,390895,390897,2,11
390884,390895,390897,2,11
390884,390895,390898,3,11
390884,390895,390898,3,11
390884,390895,390898,3,11
390884,390895,390898,3,11
390884,390895,390898,3,11
390884,390895,390898,3,11
390884,390895,390898,3,11
390884,390895,390898,3,11
390884,390895,390898,3,11
390884,390895,390897,2,11
390884,390895,390897,2,11
390884,390895,390898,3,11
390884,390895,390898,3,11
390884,390895,390898,3,11
390884,390895,390898,3,11
390884,390895,390898,3,11
390884,390895,390898,3,11
390884,390895,390898,3,11
390884,390895,390898,3,11
390884,390895,390899,4,11
390884,390895,390899,4,11
390884,390895,390899,4,11
390884,390895,390899,4,11
390884,390895,390899,4,11
390884,390895,390899,4,11
390884,390895,390898,3,11
390884,390895,390899,4,11
390904,390904,390908,4,0
390904,390904,390908,4,0
390904,390904,390908,4,0
390904,390904,390908,4,0
390904,390904,390908,4,0
390904,390904,390909,5,0
390904,390904,390908,4,0
390904,390904,390908,4,0
390904,390904,390908,4,0
390904,390904,390908,4,0
390904,390904,390908,4,0
390904,390904,390909,5,0
390904,390904,390908,4,0
390904,390904,390909,5,0
390904,390904,390908,4,0
390904,390904,390908,4,0
390904,390904,390908,4,0
390904,390904,390908,4,0
390904,390904,390908,4,0
390904,390904,390909,5,0
390904,390904,390908,4,0
390904,390904,390908,4,0
390904,390904,390908,4,0
390904,390904,390908,4,0
390904,390904,390908,4,0
390904,390904,390909,5,0
390904,390904,390909,5,0
390904,390904,390909,5,0
390904,390904,390908,4,0
390904,390904,390908,4,0
390904,390904,390908,4,0
390904,390904,390908,4,0
390904,390904,390908,4,0
390904,390904,390908,4,0
390904,390904,390908,4,0
390904,390904,390908,4,0
390904,390904,390908,4,0
390904,390904,390908,4,0
390904,390904,390908,4,0
390904,390904,390908,4,0
390904,390904,390908,4,0
390904,390904,390908,4,0
390904,390904,390909,5,0
390904,390904,390909,5,0
390904,390904,390908,4,0
390904,390904,390908,4,0
390904,390904,390908,4,0
390904,390904,390908,4,0
390904,390904,390908,4,0
390904,390904,390908,4,0
390904,390904,390909,5,0
390904,390904,390909,5,0
390904,390904,390908,4,0
390904,390904,390908,4,0
390904,390904,390908,4,0
390904,390904,390908,4,0
390904,390904,390908,4,0
390904,390904,390908,4,0
390904,390904,390909,5,0
390904,390904,390909,5,0
390904,390904,390908,4,0
390904,390904,390908,4,0
390904,390904,390908,4,0
390904,390904,390908,4,0
390904,390904,390909,5,0
390904,390904,390908,4,0
390904,390904,390909,5,0
390904,390904,390909,5,0
390904,390904,390908,4,0
390904,390904,390908,4,0
390904,390904,390908,4,0
390904,390904,390908,4,0
390904,390904,390908,4,0
390904,390904,390908,4,0
390904,390904,390909,5,0
390904,390904,390909,5,0
390904,390904,390909,5,0
390904,390904,390909,5,0
390904,390904,390909,5,0
390904,390904,390909,5,0
390904,390909,390913,4,5
390904,390909,390914,5,5
390904,390909,390914,5,5
390904,390909,390914,5,5
390904,390909,390914,5,5
390904,390909,390914,5,5
390904,390909,390914,5,5
390904,390909,390914,5,5
390904,390909,390914,5,5
390904,390909,390914,5,5
390904,390909,390914,5,5
390904,390909,390914,5,5
390904,390909,390914,5,5
390904,390909,390914,5,5
390904,390909,390914,5,5
390904,390909,390914,5,5
390904,390909,390914,5,5
390904,390909,390914,5,5
390904,390909,390914,5,5
390904,390909,390914,5,5
390904,390909,390914,5,5
390904,390909,390914,5,5
390904,390909,390914,5,5
390904,390909,390914,5,5
390904,390909,390914,5,5
390904,390909,390914,5,5
390904,390909,390914,5,5
390904,390909,390914,5,5
390904,390909,390914,5,5
390904,390909,390914,5,5
390904,390909,390914,5,5
390904,390909,390914,5,5
390904,390909,390914,5,5
390904,390909,390914,5,5
390904,390909,390914,5,5
390904,390909,390914,5,5
390904,390909,390914,5,5
390904,390909,390914,5,5
390904,390909,390914,5,5
390904,390909,390914,5,5
390904,390909,390914,5,5
390904,390909,390914,5,5
390904,390910,390914,4,6
390904,390909,390914,5,5
390904,390909,390914,5,5
390904,390909,390914,5,5
390904,390909,390914,5,5
390904,390909,390914,5,5
390904,390909,390914,5,5
390904,390909,390914,5,5
390904,390909,390914,5,5
390904,390909,390914,5,5
390904,390909,390914,5,5
390904,390909,390914,5,5
390904,390910,390914,4,6
390904,390909,390914,5,5
390904,390909,390914,5,5
390904,390909,390914,5,5
390904,390909,390914,5,5
390904,390909,390914,5,5
390904,390909,390914,5,5
390904,390909,390914,5,5
390904,390909,390915,6,5
390904,390910,390914,4,6
390904,390909,390914,5,5
390904,390909,390914,5,5
390904,390909,390914,5,5
390904,390910,390915,5,6
390904,390910,390915,5,6
390904,390913,390915,2,9
390904,390910,390915,5,6
390904,390909,390915,6,5
390904,390909,390915,6,5
390904,390909,390915,6,5
390904,390909,390915,6,5
390904,390909,390915,6,5
390904,390909,390915,6,5
390904,390909,390915,6,5
390904,390909,390915,6,5
390904,390909,390915,6,5
390904,390909,390915,6,5
390904,390914,390917,3,10
390904,390914,390917,3,10
390904,390914,390916,2,10
390904,390915,390917,2,11
390904,390915,390917,2,11
390904,390915,390917,2,11
390904,390915,390917,2,11
390904,390915,390917,2,11
390904,390915,390917,2,11
390904,390914,390917,3,10
390904,390914,390917,3,10
390904,390915,390918,3,11
390904,390915,390917,2,11
390904,390915,390917,2,11
390904,390915,390917,2,11
390904,390915,390917,2,11
390904,390915,390917,2,11
390904,390915,390917,2,11
390904,390915,390917,2,11
390904,390915,390917,2,11
390904,390915,390918,3,11
390904,390915,390918,3,11
390904,390915,390918,3,11
390904,390915,390918,3,11
390904,390915,390918,3,11
390904,390915,390918,3,11
390904,390915,390918,3,11
390904,390915,390918,3,11
390904,390915,390918,3,11
390904,390915,390918,3,11
390904,390915,390918,3,11
390904,390915,390918,3,11
390904,390915,390918,3,11
390904,390915,390918,3,11
390904,390915,390918,3,11
390904,390915,390918,3,11
390904,390915,390918,3,11
390904,390915,390918,3,11
390904,390915,390918,3,11
390923,390923,390928,5,0
390923,390923,390928,5,0
390923,390923,390928,5,0
390923,390923,390928,5,0
390923,390923,390928,5,0
390923,390923,390928,5,0
390923,390923,390928,5,0
390923,390923,390928,5,0
390923,390923,390928,5,0
390923,390923,390928,5,0
390923,390923,390928,5,0
390923,390923,390928,5,0
390923,390923,390928,5,0
390923,390923,390928,5,0
390923,390923,390928,5,0
390923,390923,390928,5,0
390923,390923,390928,5,0
390923,390923,390928,5,0
390923,390923,390928,5,0
390923,390923,390928,5,0
390923,390923,390928,5,0
390923,390923,390928,5,0
390923,390923,390928,5,0
390923,390923,390928,5,0
390923,390923,390928,5,0
390923,390923,390928,5,0
390923,390923,390928,5,0
390923,390923,390928,5,0
390923,390923,390928,5,0
390923,390923,390928,5,0
390923,390923,390928,5,0
390923,390923,390928,5,0
390923,390923,390928,5,0
390923,390923,390928,5,0
390923,390923,390928,5,0
390923,390923,390928,5,0
390923,390923,390928,5,0
390923,390923,390928,5,0
390923,390923,390928,5,0
390923,390923,390928,5,0
390923,390923,390928,5,0
390923,390923,390928,5,0
390923,390923,390928,5,0
390923,390923,390928,5,0
390923,390923,390928,5,0
390923,390923,390928,5,0
390923,390923,390928,5,0
390923,390923,390928,5,0
390923,390923,390928,5,0
390923,390923,390928,5,0
390923,390923,390928,5,0
390923,390923,390928,5,0
390923,390923,390928,5,0
390923,390923,390929,6,0
390923,390923,390928,5,0
390923,390923,390928,5,0
390923,390923,390929,6,0
390923,390923,390928,5,0
390923,390923,390928,5,0
390923,390923,390928,5,0
390923,390923,390928,5,0
390923,390923,390929,6,0
390923,390923,390929,6,0
390923,390923,390929,6,0
390923,390923,390928,5,0
390923,390923,390929,6,0
390923,390923,390928,5,0
390923,390923,390928,5,0
390923,390923,390929,6,0
390923,390923,390929,6,0
390923,390923,390928,5,0
390923,390923,390928,5,0
390923,390923,390928,5,0
390923,390923,390929,6,0
390923,390923,390929,6,0
390923,390923,390929,6,0
390923,390923,390929,6,0
390923,390923,390929,6,0
390923,390923,390929,6,0
390923,390923,390929,6,0
390923,390928,390931,3,5
390923,390928,390931,3,5
390923,390928,390932,4,5
390923,390928,390932,4,5
390923,390928,390932,4,5
390923,390928,390932,4,5
390923,390928,390932,4,5
390923,390928,390932,4,5
390923,390928,390932,4,5
390923,390928,390932,4,5
390923,390928,390932,4,5
390923,390928,390932,4,5
390923,390928,390932,4,5
390923,390928,390932,4,5
390923,390928,390932,4,5
390923,390928,390932,4,5
390923,390928,390932,4,5
390923,390928,390932,4,5
390923,390928,390932,4,5
390923,390928,390932,4,5
390923,390928,390932,4,5
390923,390928,390932,4,5
390923,390928,390933,5,5
390923,390928,390933,5,5
390923,390929,390932,3,6
390923,390929,390933,4,6
390923,390929,390933,4,6
390923,390930,390933,3,7
390923,390929,390933,4,6
390923,390929,390933,4,6
390923,390929,390933,4,6
390923,390929,390933,4,6
390923,390929,390933,4,6
390923,390928,390932,4,5
390923,390928,390932,4,5
390923,390929,390932,3,6
390923,390929,390933,4,6
390923,390929,390933,4,6
390923,390928,390933,5,5
390923,390929,390933,4,6
390923,390928,390933,5,5
390923,390928,390932,4,5
390923,390928,390932,4,5
390923,390928,390933,5,5
390923,390928,390933,5,5
390923,390928,390933,5,5
390923,390928,390932,4,5
390923,390928,390933,5,5
390923,390928,390933,5,5
390923,390928,390933,5,5
390923,390929,390933,4,6
390923,390928,390933,5,5
390923,390928,390932,4,5
390923,390928,390932,4,5
390923,390928,390933,5,5
390923,390929,390933,4,6
390923,390930,390933,3,7
390923,390928,390933,5,5
390923,390928,390933,5,5
390923,390928,390933,5,5
390923,390929,390933,4,6
390923,390929,390933,4,6
390923,390929,390933,4,6
390923,390929,390933,4,6
390923,390929,390933,4,6
390923,390929,390933,4,6
390923,390930,390933,3,7
390923,390930,390933,3,7
390923,390931,390934,3,8
390923,390932,390934,2,9
390923,390929,390934,5,6
390923,390932,390934,2,9
390923,390932,390934,2,9
390923,390932,390934,2,9
390923,390929,390934,5,6
390923,390929,390934,5,6
390923,390931,390934,3,8
390923,390929,390934,5,6
390923,390929,390934,5,6
390923,390929,390934,5,6
390923,390929,390934,5,6
390923,390929,390934,5,6
390923,390929,390934,5,6
390923,390933,390934,1,10
390923,390930,390934,4,7
390923,390933,390934,1,10
390923,390930,390934,4,7
390923,390930,390934,4,7
390923,390933,390934,1,10
390923,390933,390934,1,10
390923,390933,390935,2,10
390923,390933,390935,2,10
390923,390933,390935,2,10
390923,390932,390935,3,9
390923,390933,390935,2,10
390923,390933,390935,2,10
390923,390934,390935,1,11
390923,390932,390935,3,9
390923,390934,390935,1,11
390923,390934,390935,1,11
390923,390932,390935,3,9
390923,390932,390935,3,9
390923,390932,390935,3,9
390923,390933,390935,2,10
390923,390933,390935,2,10
390923,390933,390935,2,10
390923,390933,390935,2,10
390923,390933,390935,2,10
390923,390933,390935,2,10
390923,390933,390935,2,10
390923,390933,390935,2,10
390923,390933,390935,2,10
390923,390934,390936,2,11
390923,390934,390936,2,11
390923,390934,390936,2,11
390923,390934,390936,2,11
390923,390934,390936,2,11
390923,390934,390936,2,11
390923,390934,390936,2,11
390923,390933,390944,11,10
390949,390949,390954,5,0
390949,390949,390954,5,0
390949,390949,390954,5,0
390949,390949,390954,5,0
390949,390949,390954,5,0
390949,390949,390954,5,0
390949,390949,390954,5,0
390949,390949,390954,5,0
390949,390949,390954,5,0
390949,390949,390954,5,0
390949,390949,390954,5,0
390949,390949,390954,5,0
390949,390949,390954,5,0
390949,390949,390954,5,0
390949,390949,390954,5,0
390949,390949,390954,5,0
390949,390949,390954,5,0
390949,390949,390954,5,0
390949,390949,390954,5,0
390949,390949,390954,5,0
390949,390949,390954,5,0
390949,390949,390954,5,0
390949,390949,390954,5,0
390949,390949,390954,5,0
390949,390949,390954,5,0
390949,390949,390954,5,0
390949,390949,390954,5,0
390949,390949,390954,5,0
390949,390949,390954,5,0
390949,390949,390954,5,0
390949,390949,390954,5,0
390949,390949,390954,5,0
390949,390949,390954,5,0
390949,390949,390954,5,0
390949,390949,390954,5,0
390949,390949,390954,5,0
390949,390949,390954,5,0
390949,390949,390954,5,0
390949,390949,390954,5,0
390949,390949,390954,5,0
390949,390949,390954,5,0
390949,390949,390954,5,0
390949,390949,390954,5,0
390949,390949,390954,5,0
390949,390949,390954,5,0
390949,390949,390954,5,0
390949,390949,390954,5,0
390949,390949,390954,5,0
390949,390949,390954,5,0
390949,390949,390954,5,0
390949,390949,390954,5,0
390949,390949,390954,5,0
390949,390949,390954,5,0
390949,390949,390954,5,0
390949,390949,390954,5,0
390949,390949,390954,5,0
390949,390949,390955,6,0
390949,390949,390955,6,0
390949,390949,390955,6,0
390949,390949,390955,6,0
390949,390949,390955,6,0
390949,390949,390955,6,0
390949,390949,390955,6,0
390949,390949,390955,6,0
390949,390949,390954,5,0
390949,390949,390954,5,0
390949,390949,390955,6,0
390949,390949,390954,5,0
390949,390949,390955,6,0
390949,390949,390955,6,0
390949,390949,390955,6,0
390949,390949,390955,6,0
390949,390949,390955,6,0
390949,390949,390955,6,0
390949,390949,390955,6,0
390949,390949,390955,6,0
390949,390949,390955,6,0
390949,390949,390955,6,0
390949,390949,390955,6,0
390949,390949,390956,7,0
390949,390954,390957,3,5
390949,390954,390958,4,5
390949,390954,390959,5,5
390949,390954,390959,5,5
390949,390954,390959,5,5
390949,390954,390959,5,5
390949,390954,390959,5,5
390949,390954,390959,5,5
390949,390956,390960,4,7
390949,390954,390959,5,5
390949,390954,390959,5,5
390949,390954,390959,5,5
390949,390954,390959,5,5
390949,390954,390959,5,5
390949,390956,390960,4,7
390949,390954,390959,5,5
390949,390954,390959,5,5
390949,390954,390959,5,5
390949,390954,390959,5,5
390949,390956,390959,3,7
390949,390954,390959,5,5
390949,390954,390959,5,5
390949,390954,390959,5,5
390949,390954,390959,5,5
390949,390954,390959,5,5
390949,390954,390959,5,5
390949,390954,390959,5,5
390949,390954,390959,5,5
390949,390954,390959,5,5
390949,390954,390959,5,5
390949,390954,390959,5,5
390949,390954,390959,5,5
390949,390956,390959,3,7
390949,390954,390959,5,5
390949,390954,390959,5,5
390949,390954,390959,5,5
390949,390954,390959,5,5
390949,390954,390959,5,5
390949,390954,390959,5,5
390949,390954,390959,5,5
390949,390954,390959,5,5
390949,390954,390959,5,5
390949,390954,390959,5,5
390949,390956,390960,4,7
390949,390954,390959,5,5
390949,390954,390959,5,5
390949,390954,390959,5,5
390949,390954,390959,5,5
390949,390954,390959,5,5
390949,390954,390959,5,5
390949,390954,390959,5,5
390949,390954,390959,5,5
390949,390954,390959,5,5
390949,390954,390959,5,5
390949,390956,390960,4,7
390949,390954,390959,5,5
390949,390954,390959,5,5
390949,390954,390959,5,5
390949,390954,390959,5,5
390949,390956,390960,4,7
390949,390956,390960,4,7
390949,390956,390960,4,7
390949,390959,390960,1,10
390949,390956,390960,4,7
390949,390956,390960,4,7
390949,390956,390960,4,7
390949,390958,390960,2,9
390949,390956,390960,4,7
390949,390956,390960,4,7
390949,390956,390960,4,7
390949,390956,390960,4,7
390949,390956,390960,4,7
390949,390954,390960,6,5
390949,390956,390960,4,7
390949,390956,390960,4,7
390949,390956,390960,4,7
390949,390956,390960,4,7
390949,390956,390960,4,7
390949,390956,390960,4,7
390949,390956,390960,4,7
390949,390956,390960,4,7
390949,390956,390960,4,7
390949,390959,390960,1,10
390949,390960,390962,2,11
390949,390960,390962,2,11
390949,390960,390962,2,11
390949,390960,390962,2,11
390949,390960,390963,3,11
390949,390960,390962,2,11
390949,390960,390963,3,11
390949,390960,390963,3,11
390949,390960,390963,3,11
390949,390960,390963,3,11
390949,390960,390962,2,11
390949,390960,390962,2,11
390949,390960,390963,3,11
390949,390960,390963,3,11
390949,390960,390962,2,11
390949,390960,390962,2,11
390949,390960,390963,3,11
390949,390960,390963,3,11
390949,390960,390963,3,11
390949,390960,390962,2,11
390949,390960,390962,2,11
390949,390960,390963,3,11
390949,390960,390963,3,11
390949,390960,390962,2,11
390949,390960,390962,2,11
390949,390960,390963,3,11
390949,390960,390963,3,11
390949,390960,390963,3,11
390949,390960,390963,3,11
390949,390960,390963,3,11
390949,390960,390963,3,11
390949,390960,390963,3,11
390949,390960,390963,3,11
390949,390960,390963,3,11
390949,390960,390963,3,11
390949,390960,390963,3,11
390949,390960,390963,3,11
390969,390969,390974,5,0
390969,390969,390974,5,0
390969,390969,390974,5,0
390969,390969,390974,5,0
390969,390969,390974,5,0
390969,390969,390974,5,0
390969,390969,390974,5,0
390969,390969,390974,5,0
390969,390969,390974,5,0
390969,390969,390974,5,0
390969,390969,390974,5,0
390969,390969,390974,5,0
390969,390969,390974,5,0
390969,390969,390974,5,0
390969,390969,390974,5,0
390969,390969,390974,5,0
390969,390969,390974,5,0
390969,390969,390974,5,0
390969,390969,390974,5,0
390969,390969,390974,5,0
390969,390969,390974,5,0
390969,390969,390974,5,0
390969,390969,390974,5,0
390969,390969,390974,5,0
390969,390969,390974,5,0
390969,390969,390974,5,0
390969,390969,390974,5,0
390969,390969,390974,5,0
390969,390969,390974,5,0
390969,390969,390974,5,0
390969,390969,390974,5,0
390969,390969,390974,5,0
390969,390969,390974,5,0
390969,390969,390974,5,0
390969,390969,390974,5,0
390969,390969,390974,5,0
390969,390969,390974,5,0
390969,390969,390974,5,0
390969,390969,390974,5,0
390969,390969,390974,5,0
390969,390969,390974,5,0
390969,390969,390974,5,0
390969,390969,390974,5,0
390969,390969,390974,5,0
390969,390969,390974,5,0
390969,390969,390974,5,0
390969,390969,390974,5,0
390969,390969,390974,5,0
390969,390969,390974,5,0
390969,390969,390974,5,0
390969,390969,390974,5,0
390969,390969,390974,5,0
390969,390969,390974,5,0
390969,390969,390974,5,0
390969,390969,390974,5,0
390969,390969,390974,5,0
390969,390969,390974,5,0
390969,390969,390974,5,0
390969,390969,390975,6,0
390969,390969,390975,6,0
390969,390969,390975,6,0
390969,390969,390974,5,0
390969,390969,390974,5,0
390969,390969,390975,6,0
390969,390969,390974,5,0
390969,390969,390975,6,0
390969,390969,390975,6,0
390969,390969,390974,5,0
390969,390969,390975,6,0
390969,390969,390975,6,0
390969,390969,390975,6,0
390969,390969,390974,5,0
390969,390969,390975,6,0
390969,390969,390975,6,0
390969,390969,390975,6,0
390969,390969,390974,5,0
390969,390969,390974,5,0
390969,390969,390974,5,0
390969,390969,390975,6,0
390969,390969,390975,6,0
390969,390974,390977,3,5
390969,390974,390978,4,5
390969,390974,390978,4,5
390969,390974,390978,4,5
390969,390974,390978,4,5
390969,390974,390978,4,5
390969,390974,390978,4,5
390969,390974,390978,4,5
390969,390974,390978,4,5
390969,390974,390978,4,5
390969,390974,390978,4,5
390969,390974,390978,4,5
390969,390974,390978,4,5
390969,390974,390978,4,5
390969,390974,390978,4,5
390969,390974,390978,4,5
390969,390974,390978,4,5
390969,390974,390978,4,5
390969,390974,390978,4,5
390969,390974,390978,4,5
390969,390974,390978,4,5
390969,390974,390978,4,5
390969,390974,390978,4,5
390969,390974,390978,4,5
390969,390974,390978,4,5
390969,390974,390978,4,5
390969,390974,390978,4,5
390969,390974,390978,4,5
390969,390974,390978,4,5
390969,390974,390978,4,5
390969,390974,390978,4,5
390969,390974,390978,4,5
390969,390974,390978,4,5
390969,390974,390978,4,5
390969,390974,390978,4,5
390969,390974,390978,4,5
390969,390974,390978,4,5
390969,390974,390978,4,5
390969,390974,390978,4,5
390969,390974,390978,4,5
390969,390974,390978,4,5
390969,390974,390978,4,5
390969,390975,390978,3,6
390969,390974,390978,4,5
390969,390974,390978,4,5
390969,390974,390978,4,5
390969,390974,390978,4,5
390969,390974,390979,5,5
390969,390974,390979,5,5
390969,390975,390979,4,6
390969,390975,390979,4,6
390969,390974,390978,4,5
390969,390975,390978,3,6
390969,390975,390978,3,6
390969,390975,390978,3,6
390969,390975,390979,4,6
390969,390975,390979,4,6
390969,390975,390979,4,6
390969,390975,390979,4,6
390969,390975,390979,4,6
390969,390975,390979,4,6
390969,390977,390979,2,8
390969,390975,390979,4,6
390969,390975,390979,4,6
390969,390975,390979,4,6
390969,390976,390979,3,7
390969,390975,390979,4,6
390969,390975,390979,4,6
390969,390978,390979,1,9
390969,390974,390979,5,5
390969,390975,390979,4,6
390969,390975,390979,4,6
390969,390975,390979,4,6
390969,390975,390979,4,6
390969,390975,390979,4,6
390969,390975,390979,4,6
390969,390975,390979,4,6
390969,390975,390979,4,6
390969,390975,390979,4,6
390969,390976,390979,3,7
390969,390979,390981,2,10
390969,390979,390981,2,10
390969,390979,390982,3,10
390969,390979,390982,3,10
390969,390979,390981,2,10
390969,390979,390981,2,10
390969,390979,390981,2,10
390969,390979,390981,2,10
390969,390979,390981,2,10
390969,390979,390981,2,10
390969,390979,390981,2,10
390969,390979,390982,3,10
390969,390979,390981,2,10
390969,390979,390982,3,10
390969,390979,390982,3,10
390969,390979,390982,3,10
390969,390979,390981,2,10
390969,390979,390981,2,10
390969,390979,390981,2,10
390969,390979,390981,2,10
390969,390979,390981,2,10
390969,390979,390981,2,10
390969,390979,390981,2,10
390969,390979,390982,3,10
390969,390979,390981,2,10
390969,390979,390982,3,10
390969,390979,390982,3,10
390969,390979,390982,3,10
390969,390979,390982,3,10
390969,390979,390983,4,10
390969,390979,390982,3,10
390969,390979,390982,3,10
390969,390979,390982,3,10
390969,390979,390982,3,10
390969,390979,390982,3,10
390969,390979,390982,3,10
390969,390979,390982,3,10
390969,390979,390982,3,10
390969,390979,390982,3,10
390969,390975,390987,12,6
390992,390992,390997,5,0
390992,390992,390997,5,0
390992,390992,390997,5,0
390992,390992,390997,5,0
390992,390992,390997,5,0
390992,390992,390997,5,0
390992,390992,390997,5,0
390992,390992,390997,5,0
390992,390992,390997,5,0
390992,390992,390997,5,0
390992,390992,390998,6,0
390992,390992,390997,5,0
390992,390992,390998,6,0
390992,390992,390998,6,0
390992,390992,390998,6,0
390992,390992,390997,5,0
390992,390992,390997,5,0
390992,390992,390998,6,0
390992,390992,390997,5,0
390992,390992,390997,5,0
390992,390992,390998,6,0
390992,390992,390998,6,0
390992,390992,390997,5,0
390992,390992,390997,5,0
390992,390992,390998,6,0
390992,390992,390997,5,0
390992,390992,390997,5,0
390992,390992,390998,6,0
390992,390992,390997,5,0
390992,390992,390998,6,0
390992,390992,390998,6,0
390992,390992,390997,5,0
390992,390992,390997,5,0
390992,390992,390997,5,0
390992,390992,390998,6,0
390992,390992,390998,6,0
390992,390992,390998,6,0
390992,390992,390997,5,0
390992,390992,390997,5,0
390992,390992,390997,5,0
390992,390992,390997,5,0
390992,390992,390997,5,0
390992,390992,390997,5,0
390992,390992,390998,6,0
390992,390992,390998,6,0
390992,390992,390997,5,0
390992,390992,390998,6,0
390992,390992,390997,5,0
390992,390992,390998,6,0
390992,390992,390997,5,0
390992,390992,390998,6,0
390992,390992,390998,6,0
390992,390992,390997,5,0
390992,390992,390997,5,0
390992,390992,390998,6,0
390992,390992,390997,5,0
390992,390992,390997,5,0
390992,390992,390998,6,0
390992,390992,390998,6,0
390992,390992,390997,5,0
390992,390992,390997,5,0
390992,390992,390997,5,0
390992,390992,390997,5,0
390992,390992,390998,6,0
390992,390992,390998,6,0
390992,390992,390998,6,0
390992,390992,390997,5,0
390992,390992,390997,5,0
390992,390992,390997,5,0
390992,390992,390997,5,0
390992,390992,390997,5,0
390992,390992,390998,6,0
390992,390992,390998,6,0
390992,390992,390997,5,0
390992,390992,390997,5,0
390992,390992,390997,5,0
390992,390992,390998,6,0
390992,390992,390998,6,0
390992,390992,390997,5,0
390992,390992,390998,6,0
390992,390997,390999,2,5
390992,390997,390999,2,5
390992,390997,390999,2,5
390992,390997,390999,2,5
390992,390997,390999,2,5
390992,390997,390999,2,5
390992,390997,390999,2,5
390992,390999,391002,3,7
390992,390999,391003,4,7
390992,390999,391003,4,7
390992,390999,391003,4,7
390992,390999,391003,4,7
390992,390999,391003,4,7
390992,390999,391002,3,7
390992,390999,391003,4,7
390992,390999,391003,4,7
390992,390999,391003,4,7
390992,390999,391003,4,7
390992,390999,391003,4,7
390992,390998,391002,4,6
390992,390999,391003,4,7
390992,390999,391003,4,7
390992,390999,391003,4,7
390992,390999,391003,4,7
390992,390999,391003,4,7
390992,390999,391003,4,7
390992,390999,391002,3,7
390992,390999,391003,4,7
390992,390999,391003,4,7
390992,390999,391003,4,7
390992,390999,391003,4,7
390992,390999,391003,4,7
390992,390999,391003,4,7
390992,391000,391003,3,8
390992,390999,391003,4,7
390992,390999,391003,4,7
390992,390999,391003,4,7
390992,390999,391003,4,7
390992,390999,391003,4,7
390992,390999,391003,4,7
390992,390999,391003,4,7
390992,390999,391003,4,7
390992,390999,391003,4,7
390992,390999,391003,4,7
390992,390999,391003,4,7
390992,390999,391003,4,7
390992,390999,391003,4,7
390992,390999,391003,4,7
390992,390999,391003,4,7
390992,390999,391003,4,7
390992,390999,391003,4,7
390992,390999,391003,4,7
390992,390999,391003,4,7
390992,390999,391003,4,7
390992,390999,391003,4,7
390992,390999,391003,4,7
390992,390999,391004,5,7
390992,390999,391003,4,7
390992,390999,391004,5,7
390992,391000,391004,4,8
390992,390999,391003,4,7
390992,390999,391004,5,7
390992,390999,391003,4,7
390992,390999,391003,4,7
390992,391000,391003,3,8
390992,390999,391003,4,7
390992,390999,391003,4,7
390992,390999,391003,4,7
390992,390999,391004,5,7
390992,390999,391004,5,7
390992,390999,391004,5,7
390992,391000,391004,4,8
390992,390999,391003,4,7
390992,390999,391003,4,7
390992,390999,391004,5,7
390992,390999,391004,5,7
390992,391000,391004,4,8
390992,390999,391003,4,7
390992,390999,391003,4,7
390992,390999,391004,5,7
390992,391000,391003,3,8
390992,390999,391004,5,7
390992,390999,391003,4,7
390992,390999,391003,4,7
390992,391000,391004,4,8
390992,390999,391003,4,7
390992,391003,391004,1,11
390992,391003,391004,1,11
390992,391003,391005,2,11
390992,391003,391005,2,11
390992,391003,391005,2,11
390992,391003,391005,2,11
390992,391003,391005,2,11
390992,390999,391004,5,7
390992,391003,391005,2,11
390992,391003,391005,2,11
390992,391003,391005,2,11
390992,391003,391005,2,11
390992,391003,391006,3,11
390992,391003,391005,2,11
390992,391003,391006,3,11
390992,391003,391005,2,11
390992,391003,391005,2,11
390992,391003,391005,2,11
390992,391003,391005,2,11
390992,391003,391005,2,11
390992,391003,391006,3,11
390992,391003,391006,3,11
390992,391003,391005,2,11
390992,391003,391006,3,11
390992,391003,391006,3,11
390992,391003,391006,3,11
390992,391003,391005,2,11
390992,391003,391006,3,11
390992,391003,391005,2,11
390992,391003,391006,3,11
390992,391003,391006,3,11
390992,391003,391006,3,11
390992,391003,391006,3,11
390992,391003,391006,3,11
391010,391010,391015,5,0
391010,391011,391015,4,1
391010,391011,391015,4,1
391010,391011,391015,4,1
391010,391011,391015,4,1
391010,391011,391015,4,1
391010,391010,391015,5,0
391010,391011,391015,4,1
391010,391011,391015,4,1
391010,391011,391015,4,1
391010,391011,391015,4,1
391010,391010,391015,5,0
391010,391011,391015,4,1
391010,391011,391015,4,1
391010,391011,391015,4,1
391010,391010,391015,5,0
391010,391011,391015,4,1
391010,391011,391015,4,1
391010,391011,391015,4,1
391010,391011,391015,4,1
391010,391011,391015,4,1
391010,391011,391015,4,1
391010,391010,391015,5,0
391010,391011,391015,4,1
391010,391011,391015,4,1
391010,391011,391015,4,1
391010,391011,391016,5,1
391010,391010,391015,5,0
391010,391011,391015,4,1
391010,391011,391015,4,1
391010,391011,391015,4,1
391010,391011,391016,5,1
391010,391011,391015,4,1
391010,391011,391015,4,1
391010,391010,391015,5,0
391010,391011,391015,4,1
391010,391011,391015,4,1
391010,391011,391015,4,1
391010,391011,391015,4,1
391010,391010,391015,5,0
391010,391011,391015,4,1
391010,391011,391015,4,1
391010,391011,391015,4,1
391010,391011,391016,5,1
391010,391011,391016,5,1
391010,391011,391016,5,1
391010,391011,391015,4,1
391010,391010,391015,5,0
391010,391011,391015,4,1
391010,391011,391015,4,1
391010,391011,391015,4,1
391010,391011,391015,4,1
391010,391011,391015,4,1
391010,391011,391015,4,1
391010,391011,391015,4,1
391010,391011,391015,4,1
391010,391011,391016,5,1
391010,391011,391015,4,1
391010,391011,391016,5,1
391010,391011,391016,5,1
391010,391011,391016,5,1
391010,391011,391016,5,1
391010,391011,391016,5,1
391010,391011,391016,5,1
391010,391011,391016,5,1
391010,391011,391016,5,1
391010,391011,391016,5,1
391010,391011,391016,5,1
391010,391011,391016,5,1
391010,391011,391016,5,1
391010,391011,391016,5,1
391010,391011,391016,5,1
391010,391011,391016,5,1
391010,391011,391016,5,1
391010,391011,391016,5,1
391010,391011,391016,5,1
391010,391011,391016,5,1
391010,391011,391016,5,1
391010,391011,391016,5,1
391010,391011,391016,5,1
391010,391016,391021,5,6
391010,391016,391021,5,6
391010,391016,391021,5,6
391010,391016,391021,5,6
391010,391016,391021,5,6
391010,391016,391021,5,6
391010,391016,391021,5,6
391010,391016,391021,5,6
391010,391017,391021,4,7
391010,391016,391021,5,6
391010,391016,391021,5,6
391010,391016,391021,5,6
391010,391016,391021,5,6
391010,391017,391022,5,7
391010,391017,391022,5,7
391010,391017,391022,5,7
391010,391016,391021,5,6
391010,391016,391021,5,6
391010,391016,391021,5,6
391010,391016,391021,5,6
391010,391016,391021,5,6
391010,391016,391021,5,6
391010,391016,391021,5,6
391010,391016,391022,6,6
391010,391016,391021,5,6
391010,391016,391021,5,6
391010,391016,391021,5,6
391010,391016,391021,5,6
391010,391016,391021,5,6
391010,391017,391021,4,7
391010,391017,391022,5,7
391010,391017,391022,5,7
391010,391016,391021,5,6
391010,391016,391021,5,6
391010,391016,391021,5,6
391010,391016,391021,5,6
391010,391016,391021,5,6
391010,391016,391021,5,6
391010,391016,391021,5,6
391010,391017,391022,5,7
391010,391016,391021,5,6
391010,391016,391021,5,6
391010,391016,391021,5,6
391010,391016,391021,5,6
391010,391016,391021,5,6
391010,391016,391021,5,6
391010,391017,391022,5,7
391010,391017,391022,5,7
391010,391016,391021,5,6
391010,391016,391021,5,6
391010,391016,391021,5,6
391010,391016,391021,5,6
391010,391016,391021,5,6
391010,391016,391021,5,6
391010,391017,391021,4,7
391010,391017,391022,5,7
391010,391016,391021,5,6
391010,391016,391021,5,6
391010,391016,391021,5,6
391010,391016,391021,5,6
391010,391016,391021,5,6
391010,391017,391021,4,7
391010,391017,391022,5,7
391010,391016,391021,5,6
391010,391016,391021,5,6
391010,391016,391021,5,6
391010,391016,391021,5,6
391010,391016,391021,5,6
391010,391016,391021,5,6
391010,391017,391022,5,7
391010,391016,391021,5,6
391010,391016,391021,5,6
391010,391016,391021,5,6
391010,391016,391021,5,6
391010,391017,391022,5,7
391010,391017,391022,5,7
391010,391017,391021,4,7
391010,391017,391021,4,7
391010,391017,391022,5,7
391010,391021,391023,2,11
391010,391021,391022,1,11
391010,391021,391023,2,11
391010,391017,391022,5,7
391010,391021,391023,2,11
391010,391021,391023,2,11
391010,391021,391023,2,11
391010,391021,391023,2,11
391010,391022,391024,2,12
391010,391022,391024,2,12
391010,391022,391024,2,12
391010,391022,391024,2,12
391010,391021,391023,2,11
391010,391021,391023,2,11
391010,391022,391025,3,12
391010,391022,391025,3,12
391010,391022,391025,3,12
391010,391022,391025,3,12
391010,391022,391025,3,12
391010,391022,391024,2,12
391010,391022,391025,3,12
391010,391022,391025,3,12
391010,391022,391025,3,12
391010,391022,391025,3,12
391010,391022,391025,3,12
391010,391022,391025,3,12
391010,391022,391024,2,12
391010,391022,391025,3,12
391010,391022,391025,3,12
391010,391022,391025,3,12
391010,391022,391025,3,12
391010,391022,391025,3,12
391010,391022,391025,3,12
391010,391022,391024,2,12
391010,391022,391025,3,12
391010,391022,391025,3,12
391010,391022,391025,3,12
391010,391022,391024,2,12
391010,391022,391024,2,12
391010,391022,391025,3,12
391010,391022,391025,3,12
391030,391030,391034,4,0
391030,391030,391034,4,0
391030,391030,391035,5,0
391030,391030,391035,5,0
391030,391030,391035,5,0
391030,391030,391035,5,0
391030,391030,391034,4,0
391030,391030,391034,4,0
391030,391030,391035,5,0
391030,391030,391035,5,0
391030,391030,391034,4,0
391030,391030,391034,4,0
391030,391030,391035,5,0
391030,391030,391034,4,0
391030,391030,391034,4,0
391030,391030,391035,5,0
391030,391030,391035,5,0
391030,391030,391035,5,0
391030,391030,391035,5,0
391030,391030,391035,5,0
391030,391030,391035,5,0
391030,391030,391035,5,0
391030,391030,391035,5,0
391030,391030,391034,4,0
391030,391030,391034,4,0
391030,391030,391034,4,0
391030,391030,391035,5,0
391030,391030,391035,5,0
391030,391030,391034,4,0
391030,391030,391035,5,0
391030,391030,391035,5,0
391030,391030,391035,5,0
391030,391030,391035,5,0
391030,391030,391034,4,0
391030,391030,391035,5,0
391030,391030,391035,5,0
391030,391030,391035,5,0
391030,391030,391035,5,0
391030,391030,391034,4,0
391030,391030,391035,5,0
391030,391030,391035,5,0
391030,391030,391035,5,0
391030,391030,391035,5,0
391030,391030,391035,5,0
391030,391030,391035,5,0
391030,391030,391035,5,0
391030,391030,391035,5,0
391030,391030,391035,5,0
391030,391030,391035,5,0
391030,391030,391034,4,0
391030,391030,391035,5,0
391030,391030,391035,5,0
391030,391030,391035,5,0
391030,391030,391034,4,0
391030,391030,391035,5,0
391030,391030,391035,5,0
391030,391030,391035,5,0
391030,391030,391035,5,0
391030,391030,391035,5,0
391030,391030,391035,5,0
391030,391030,391035,5,0
391030,391030,391035,5,0
391030,391030,391035,5,0
391030,391030,391035,5,0
391030,391030,391035,5,0
391030,391030,391035,5,0
391030,391030,391035,5,0
391030,391030,391035,5,0
391030,391030,391035,5,0
391030,391030,391035,5,0
391030,391030,391035,5,0
391030,391030,391035,5,0
391030,391030,391035,5,0
391030,391030,391035,5,0
391030,391030,391035,5,0
391030,391030,391035,5,0
391030,391030,391035,5,0
391030,391030,391035,5,0
391030,391030,391035,5,0
391030,391030,391035,5,0
391030,391035,391039,4,5
391030,391035,391040,5,5
391030,391035,391040,5,5
391030,391035,391040,5,5
391030,391035,391040,5,5
391030,391035,391040,5,5
391030,391035,391040,5,5
391030,391035,391040,5,5
391030,391035,391040,5,5
391030,391035,391040,5,5
391030,391035,391040,5,5
391030,391035,391040,5,5
391030,391035,391040,5,5
391030,391035,391040,5,5
391030,391035,391040,5,5
391030,391035,391040,5,5
391030,391035,391040,5,5
391030,391035,391040,5,5
391030,391035,391040,5,5
391030,391035,391040,5,5
391030,391035,391040,5,5
391030,391035,391040,5,5
391030,391035,391040,5,5
391030,391035,391040,5,5
391030,391035,391040,5,5
391030,391035,391040,5,5
391030,391035,391040,5,5
391030,391035,391040,5,5
391030,391035,391040,5,5
391030,391035,391040,5,5
391030,391035,391040,5,5
391030,391035,391040,5,5
391030,391035,391040,5,5
391030,391035,391040,5,5
391030,391035,391040,5,5
391030,391035,391040,5,5
391030,391035,391040,5,5
391030,391035,391040,5,5
391030,391035,391040,5,5
391030,391035,391040,5,5
391030,391035,391040,5,5
391030,391035,391040,5,5
391030,391035,391040,5,5
391030,391035,391040,5,5
391030,391035,391040,5,5
391030,391035,391040,5,5
391030,391035,391040,5,5
391030,391035,391040,5,5
391030,391035,391040,5,5
391030,391035,391040,5,5
391030,391035,391040,5,5
391030,391035,391040,5,5
391030,391035,391040,5,5
391030,391036,391040,4,6
391030,391036,391040,4,6
391030,391036,391040,4,6
391030,391035,391040,5,5
391030,391036,391041,5,6
391030,391036,391041,5,6
391030,391036,391041,5,6
391030,391036,391041,5,6
391030,391036,391041,5,6
391030,391036,391041,5,6
391030,391036,391041,5,6
391030,391036,391041,5,6
391030,391035,391041,6,5
391030,391035,391041,6,5
391030,391036,391041,5,6
391030,391036,391041,5,6
391030,391036,391041,5,6
391030,391036,391041,5,6
391030,391039,391041,2,9
391030,391036,391041,5,6
391030,391036,391041,5,6
391030,391036,391041,5,6
391030,391036,391041,5,6
391030,391036,391041,5,6
391030,391036,391041,5,6
391030,391036,391041,5,6
391030,391036,391041,5,6
391030,391041,391043,2,11
391030,391041,391043,2,11
391030,391040,391042,2,10
391030,391041,391042,1,11
391030,391040,391042,2,10
391030,391041,391043,2,11
391030,391036,391042,6,6
391030,391041,391043,2,11
391030,391041,391043,2,11
391030,391040,391043,3,10
391030,391041,391043,2,11
391030,391041,391043,2,11
391030,391041,391043,2,11
391030,391041,391043,2,11
391030,391041,391043,2,11
391030,391041,391043,2,11
391030,391041,391043,2,11
391030,391041,391044,3,11
391030,391041,391043,2,11
391030,391041,391043,2,11
391030,391041,391043,2,11
391030,391041,391043,2,11
391030,391041,391043,2,11
391030,391041,391043,2,11
391030,391041,391043,2,11
391030,391041,391044,3,11
391030,391041,391043,2,11
391030,391041,391043,2,11
391030,391041,391044,3,11
391030,391041,391043,2,11
391030,391041,391044,3,11
391030,391041,391043,2,11
391030,391041,391043,2,11
391030,391041,391043,2,11
391030,391041,391043,2,11
391030,391041,391044,3,11
391030,391041,391044,3,11
391030,391041,391044,3,11
391030,391041,391044,3,11
391030,391041,391044,3,11
391049,391049,391054,5,0
391049,391049,391054,5,0
391049,391049,391054,5,0
391049,391049,391054,5,0
391049,391049,391054,5,0
391049,391049,391054,5,0
391049,391049,391054,5,0
391049,391049,391054,5,0
391049,391049,391054,5,0
391049,391049,391054,5,0
391049,391049,391054,5,0
391049,391049,391054,5,0
391049,391049,391054,5,0
391049,391049,391054,5,0
391049,391049,391054,5,0
391049,391049,391054,5,0
391049,391049,391054,5,0
391049,391049,391054,5,0
391049,391049,391054,5,0
391049,391049,391054,5,0
391049,391049,391054,5,0
391049,391049,391054,5,0
391049,391049,391054,5,0
391049,391049,391054,5,0
391049,391049,391054,5,0
391049,391049,391054,5,0
391049,391049,391054,5,0
391049,391049,391054,5,0
391049,391049,391054,5,0
391049,391049,391054,5,0
391049,391049,391054,5,0
391049,391049,391054,5,0
391049,391049,391054,5,0
391049,391049,391054,5,0
391049,391049,391054,5,0
391049,391049,391054,5,0
391049,391049,391054,5,0
391049,391049,391054,5,0
391049,391049,391054,5,0
391049,391049,391054,5,0
391049,391049,391054,5,0
391049,391049,391054,5,0
391049,391049,391054,5,0
391049,391049,391054,5,0
391049,391049,391054,5,0
391049,391049,391054,5,0
391049,391049,391054,5,0
391049,391049,391055,6,0
391049,391049,391054,5,0
391049,391049,391054,5,0
391049,391049,391054,5,0
391049,391049,391054,5,0
391049,391049,391054,5,0
391049,391049,391054,5,0
391049,391049,391054,5,0
391049,391049,391055,6,0
391049,391049,391055,6,0
391049,391049,391054,5,0
391049,391049,391055,6,0
391049,391049,391054,5,0
391049,391049,391055,6,0
391049,391049,391054,5,0
391049,391049,391055,6,0
391049,391049,391055,6,0
391049,391049,391055,6,0
391049,391049,391055,6,0
391049,391049,391055,6,0
391049,391049,391055,6,0
391049,391049,391055,6,0
391049,391049,391054,5,0
391049,391049,391055,6,0
391049,391049,391054,5,0
391049,391049,391054,5,0
391049,391049,391055,6,0
391049,391049,391054,5,0
391049,391049,391054,5,0
391049,391049,391055,6,0
391049,391049,391055,6,0
391049,391049,391055,6,0
391049,391049,391055,6,0
391049,391054,391058,4,5
391049,391054,391058,4,5
391049,391054,391059,5,5
391049,391054,391058,4,5
391049,391054,391058,4,5
391049,391054,391058,4,5
391049,391054,391058,4,5
391049,391054,391058,4,5
391049,391054,391058,4,5
391049,391054,391059,5,5
391049,391054,391059,5,5
391049,391054,391059,5,5
391049,391054,391059,5,5
391049,391054,391059,5,5
391049,391054,391059,5,5
391049,391054,391059,5,5
391049,391054,391059,5,5
391049,391054,391059,5,5
391049,391054,391059,5,5
391049,391054,391059,5,5
391049,391054,391059,5,5
391049,391054,391059,5,5
391049,391054,391059,5,5
391049,391054,391059,5,5
391049,391054,391059,5,5
391049,391054,391059,5,5
391049,391056,391059,3,7
391049,391056,391059,3,7
391049,391054,391059,5,5
391049,391054,391059,5,5
391049,391054,391059,5,5
391049,391054,391059,5,5
391049,391054,391059,5,5
391049,391056,391060,4,7
391049,391054,391059,5,5
391049,391054,391059,5,5
391049,391055,391059,4,6
391049,391055,391059,4,6
391049,391055,391059,4,6
391049,391055,391059,4,6
391049,391054,391059,5,5
391049,391054,391059,5,5
391049,391054,391059,5,5
391049,391054,391059,5,5
391049,391056,391059,3,7
391049,391056,391059,3,7
391049,391056,391059,3,7
391049,391056,391059,3,7
391049,391054,391059,5,5
391049,391054,391059,5,5
391049,391054,391059,5,5
391049,391056,391059,3,7
391049,391056,391059,3,7
391049,391056,391059,3,7
391049,391054,391059,5,5
391049,391054,391059,5,5
391049,391055,391059,4,6
391049,391055,391059,4,6
391049,391056,391059,3,7
391049,391056,391059,3,7
391049,391054,391059,5,5
391049,391055,391059,4,6
391049,391055,391059,4,6
391049,391055,391059,4,6
391049,391054,391059,5,5
391049,391054,391059,5,5
391049,391056,391060,4,7
391049,391056,391059,3,7
391049,391056,391059,3,7
391049,391056,391059,3,7
391049,391056,391060,4,7
391049,391059,391060,1,10
391049,391057,391060,3,8
391049,391057,391060,3,8
391049,391059,391060,1,10
391049,391059,391060,1,10
391049,391059,391060,1,10
391049,391059,391060,1,10
391049,391059,391060,1,10
391049,391059,391060,1,10
391049,391056,391060,4,7
391049,391056,391060,4,7
391049,391056,391060,4,7
391049,391056,391060,4,7
391049,391056,391060,4,7
391049,391059,391060,1,10
391049,391059,391060,1,10
391049,391055,391060,5,6
391049,391056,391060,4,7
391049,391060,391062,2,11
391049,391060,391062,2,11
391049,391060,391062,2,11
391049,391060,391062,2,11
391049,391060,391062,2,11
391049,391060,391062,2,11
391049,391060,391062,2,11
391049,391060,391062,2,11
391049,391060,391062,2,11
391049,391060,391062,2,11
391049,391060,391062,2,11
391049,391060,391062,2,11
391049,391060,391063,3,11
391049,391060,391062,2,11
391049,391060,391062,2,11
391049,391060,391062,2,11
391049,391060,391062,2,11
391049,391060,391062,2,11
391049,391060,391062,2,11
391049,391060,391062,2,11
391049,391060,391062,2,11
391049,391060,391062,2,11
391049,391060,391063,3,11
391049,391060,391063,3,11
391049,391060,391063,3,11
391049,391060,391063,3,11
391049,391060,391063,3,11
391049,391060,391062,2,11
391049,391060,391062,2,11
391049,391060,391063,3,11
391049,391060,391062,2,11
391068,391068,391072,4,0
391068,391068,391072,4,0
391068,391068,391072,4,0
391068,391068,391073,5,0
391068,391068,391073,5,0
391068,391068,391073,5,0
391068,391068,391073,5,0
391068,391068,391073,5,0
391068,391068,391073,5,0
391068,391068,391073,5,0
391068,391068,391073,5,0
391068,391068,391073,5,0
391068,391068,391073,5,0
391068,391068,391072,4,0
391068,391068,391072,4,0
391068,391068,391072,4,0
391068,391068,391072,4,0
391068,391068,391073,5,0
391068,391068,391072,4,0
391068,391068,391073,5,0
391068,391068,391073,5,0
391068,391068,391072,4,0
391068,391068,391072,4,0
391068,391068,391072,4,0
391068,391068,391073,5,0
391068,391068,391073,5,0
391068,391068,391073,5,0
391068,391068,391073,5,0
391068,391068,391073,5,0
391068,391068,391073,5,0
391068,391068,391073,5,0
391068,391068,391073,5,0
391068,391068,391073,5,0
391068,391068,391072,4,0
391068,391068,391072,4,0
391068,391068,391072,4,0
391068,391068,391073,5,0
391068,391068,391073,5,0
391068,391068,391072,4,0
391068,391068,391072,4,0
391068,391068,391072,4,0
391068,391068,391072,4,0
391068,391068,391072,4,0
391068,391068,391072,4,0
391068,391068,391073,5,0
391068,391068,391072,4,0
391068,391068,391073,5,0
391068,391068,391073,5,0
391068,391068,391073,5,0
391068,391068,391072,4,0
391068,391068,391072,4,0
391068,391068,391072,4,0
391068,391068,391072,4,0
391068,391068,391072,4,0
391068,391068,391072,4,0
391068,391068,391073,5,0
391068,391068,391073,5,0
391068,391068,391073,5,0
391068,391068,391073,5,0
391068,391068,391073,5,0
391068,391068,391073,5,0
391068,391068,391073,5,0
391068,391068,391073,5,0
391068,391068,391073,5,0
391068,391068,391073,5,0
391068,391068,391073,5,0
391068,391068,391073,5,0
391068,391068,391073,5,0
391068,391068,391073,5,0
391068,391068,391073,5,0
391068,391068,391073,5,0
391068,391068,391073,5,0
391068,391068,391073,5,0
391068,391068,391073,5,0
391068,391068,391073,5,0
391068,391068,391073,5,0
391068,391068,391073,5,0
391068,391068,391073,5,0
391068,391068,391073,5,0
391068,391068,391073,5,0
391068,391073,391077,4,5
391068,391073,391077,4,5
391068,391073,391078,5,5
391068,391073,391078,5,5
391068,391073,391078,5,5
391068,391073,391078,5,5
391068,391073,391078,5,5
391068,391073,391078,5,5
391068,391073,391078,5,5
391068,391073,391078,5,5
391068,391073,391078,5,5
391068,391073,391078,5,5
391068,391073,391078,5,5
391068,391073,391078,5,5
391068,391073,391078,5,5
391068,391073,391078,5,5
391068,391073,391078,5,5
391068,391073,391078,5,5
391068,391073,391078,5,5
391068,391073,391078,5,5
391068,391073,391078,5,5
391068,391073,391078,5,5
391068,391073,391078,5,5
391068,391073,391078,5,5
391068,391073,391078,5,5
391068,391073,391078,5,5
391068,391073,391078,5,5
391068,391073,391078,5,5
391068,391073,391078,5,5
391068,391073,391078,5,5
391068,391073,391078,5,5
391068,391073,391078,5,5
391068,391073,391078,5,5
391068,391073,391078,5,5
391068,391073,391078,5,5
391068,391073,391078,5,5
391068,391073,391078,5,5
391068,391073,391078,5,5
391068,391073,391078,5,5
391068,391073,391078,5,5
391068,391073,391078,5,5
391068,391073,391078,5,5
391068,391073,391078,5,5
391068,391073,391078,5,5
391068,391073,391078,5,5
391068,391073,391078,5,5
391068,391073,391078,5,5
391068,391073,391078,5,5
391068,391074,391078,4,6
391068,391074,391078,4,6
391068,391074,391078,4,6
391068,391074,391078,4,6
391068,391073,391078,5,5
391068,391073,391078,5,5
391068,391073,391078,5,5
391068,391074,391078,4,6
391068,391074,391078,4,6
391068,391074,391078,4,6
391068,391074,391078,4,6
391068,391073,391079,6,5
391068,391073,391078,5,5
391068,391073,391078,5,5
391068,391073,391078,5,5
391068,391073,391078,5,5
391068,391073,391078,5,5
391068,391073,391078,5,5
391068,391073,391079,6,5
391068,391073,391078,5,5
391068,391073,391078,5,5
391068,391073,391078,5,5
391068,391073,391078,5,5
391068,391073,391078,5,5
391068,391073,391078,5,5
391068,391075,391078,3,7
391068,391075,391078,3,7
391068,391075,391079,4,7
391068,391078,391079,1,10
391068,391078,391079,1,10
391068,391073,391079,6,5
391068,391073,391079,6,5
391068,391073,391079,6,5
391068,391074,391079,5,6
391068,391079,391080,1,11
391068,391079,391081,2,11
391068,391079,391081,2,11
391068,391079,391081,2,11
391068,391079,391082,3,11
391068,391079,391081,2,11
391068,391079,391081,2,11
391068,391079,391082,3,11
391068,391079,391081,2,11
391068,391079,391081,2,11
391068,391079,391081,2,11
391068,391079,391081,2,11
391068,391079,391081,2,11
391068,391079,391081,2,11
391068,391079,391082,3,11
391068,391079,391082,3,11
391068,391079,391081,2,11
391068,391079,391081,2,11
391068,391079,391082,3,11
391068,391079,391082,3,11
391068,391079,391082,3,11
391068,391079,391082,3,11
391068,391079,391082,3,11
391068,391079,391082,3,11
391068,391079,391082,3,11
391068,391079,391082,3,11
391068,391079,391082,3,11
391068,391079,391082,3,11
391068,391079,391082,3,11
391068,391079,391082,3,11
391068,391079,391082,3,11
391068,391079,391082,3,11
391068,391079,391082,3,11
391068,391079,391082,3,11
391068,391079,391082,3,11
391068,391079,391082,3,11
391068,391079,391082,3,11
391068,391079,391082,3,11
391088,391088,391093,5,0
391088,391089,391094,5,1
391088,391089,391094,5,1
391088,391088,391093,5,0
391088,391089,391094,5,1
391088,391088,391093,5,0
391088,391088,391093,5,0
391088,391089,391094,5,1
391088,391089,391093,4,1
391088,391089,391094,5,1
391088,391088,391093,5,0
391088,391088,391094,6,0
391088,391089,391094,5,1
391088,391089,391094,5,1
391088,391089,391094,5,1
391088,391088,391094,6,0
391088,391088,391094,6,0
391088,391089,391094,5,1
391088,391089,391094,5,1
391088,391089,391094,5,1
391088,391089,391094,5,1
391088,391089,391094,5,1
391088,391089,391093,4,1
391088,391088,391093,5,0
391088,391088,391094,6,0
391088,391089,391094,5,1
391088,391089,391094,5,1
391088,391089,391094,5,1
391088,391089,391094,5,1
391088,391088,391094,6,0
391088,391088,391094,6,0
391088,391089,391094,5,1
391088,391089,391094,5,1
391088,391089,391094,5,1
391088,391089,391094,5,1
391088,391089,391094,5,1
391088,391089,391094,5,1
391088,391088,391094,6,0
391088,391088,391094,6,0
391088,391088,391094,6,0
391088,391089,391094,5,1
391088,391089,391094,5,1
391088,391089,391094,5,1
391088,391089,391094,5,1
391088,391089,391094,5,1
391088,391088,391094,6,0
391088,391088,391094,6,0
391088,391089,391094,5,1
391088,391089,391094,5,1
391088,391089,391094,5,1
391088,391089,391094,5,1
391088,391089,391094,5,1
391088,391089,391094,5,1
391088,391088,391094,6,0
391088,391088,391094,6,0
391088,391088,391094,6,0
391088,391089,391094,5,1
391088,391089,391094,5,1
391088,391089,391094,5,1
391088,391089,391094,5,1
391088,391089,391094,5,1
391088,391088,391094,6,0
391088,391089,391094,5,1
391088,391089,391094,5,1
391088,391089,391094,5,1
391088,391089,391094,5,1
391088,391089,391094,5,1
391088,391088,391094,6,0
391088,391089,391094,5,1
391088,391089,391094,5,1
391088,391089,391094,5,1
391088,391089,391094,5,1
391088,391088,391094,6,0
391088,391089,391094,5,1
391088,391089,391095,6,1
391088,391088,391094,6,0
391088,391089,391094,5,1
391088,391089,391094,5,1
391088,391089,391094,5,1
391088,391089,391094,5,1
391088,391094,391096,2,6
391088,391094,391096,2,6
391088,391094,391096,2,6
391088,391094,391097,3,6
391088,391094,391097,3,6
391088,391094,391098,4,6
391088,391094,391098,4,6
391088,391094,391098,4,6
391088,391094,391098,4,6
391088,391094,391098,4,6
391088,391094,391098,4,6
391088,391094,391098,4,6
391088,391094,391097,3,6
391088,391094,391097,3,6
391088,391094,391098,4,6
391088,391094,391098,4,6
391088,391094,391098,4,6
391088,391094,391098,4,6
391088,391094,391098,4,6
391088,391094,391098,4,6
391088,391094,391098,4,6
391088,391094,391098,4,6
391088,391094,391098,4,6
391088,391094,391098,4,6
391088,391094,391098,4,6
391088,391094,391098,4,6
391088,391094,391098,4,6
391088,391094,391098,4,6
391088,391094,391098,4,6
391088,391095,391098,3,7
391088,391095,391098,3,7
391088,391095,391098,3,7
391088,391095,391099,4,7
391088,391095,391098,3,7
391088,391095,391098,3,7
391088,391095,391098,3,7
391088,391095,391098,3,7
391088,391095,391098,3,7
391088,391095,391099,4,7
391088,391095,391098,3,7
391088,391095,391098,3,7
391088,391095,391098,3,7
391088,391095,391099,4,7
391088,391095,391099,4,7
391088,391095,391099,4,7
391088,391095,391098,3,7
391088,391095,391099,4,7
391088,391095,391098,3,7
391088,391095,391098,3,7
391088,391095,391099,4,7
391088,391096,391099,3,8
391088,391095,391099,4,7
391088,391095,391099,4,7
391088,391095,391098,3,7
391088,391095,391098,3,7
391088,391095,391098,3,7
391088,391095,391099,4,7
391088,391096,391099,3,8
391088,391094,391098,4,6
391088,391095,391099,4,7
391088,391095,391098,3,7
391088,391095,391098,3,7
391088,391095,391098,3,7
391088,391095,391098,3,7
391088,391095,391098,3,7
391088,391094,391098,4,6
391088,391094,391098,4,6
391088,391094,391098,4,6
391088,391094,391098,4,6
391088,391094,391098,4,6
391088,391094,391098,4,6
391088,391094,391098,4,6
391088,391095,391098,3,7
391088,391095,391098,3,7
391088,391095,391099,4,7
391088,391095,391099,4,7
391088,391095,391099,4,7
391088,391095,391099,4,7
391088,391095,391099,4,7
391088,391095,391099,4,7
391088,391095,391099,4,7
391088,391095,391099,4,7
391088,391096,391099,3,8
391088,391098,391100,2,10
391088,391098,391100,2,10
391088,391098,391100,2,10
391088,391098,391100,2,10
391088,391098,391100,2,10
391088,391098,391100,2,10
391088,391098,391100,2,10
391088,391098,391100,2,10
391088,391099,391101,2,11
391088,391099,391101,2,11
391088,391099,391101,2,11
391088,391099,391101,2,11
391088,391098,391100,2,10
391088,391098,391100,2,10
391088,391098,391101,3,10
391088,391098,391100,2,10
391088,391098,391101,3,10
391088,391098,391100,2,10
391088,391098,391100,2,10
391088,391098,391101,3,10
391088,391098,391101,3,10
391088,391098,391100,2,10
391088,391098,391101,3,10
391088,391098,391101,3,10
391088,391098,391101,3,10
391088,391098,391101,3,10
391088,391098,391101,3,10
391088,391098,391101,3,10
391088,391098,391101,3,10
391088,391098,391101,3,10
391088,391099,391101,2,11
391088,391099,391101,2,11
391088,391099,391101,2,11
391088,391099,391101,2,11
391088,391099,391101,2,11
391088,391099,391101,2,11
391088,391099,391101,2,11
391107,391107,391112,5,0
391107,391107,391112,5,0
391107,391107,391112,5,0
391107,391107,391112,5,0
391107,391107,391112,5,0
391107,391107,391112,5,0
391107,391107,391112,5,0
391107,391107,391112,5,0
391107,391107,391112,5,0
391107,391107,391112,5,0
391107,391107,391112,5,0
391107,391107,391112,5,0
391107,391107,391112,5,0
391107,391107,391112,5,0
391107,391107,391112,5,0
391107,391107,391112,5,0
391107,391107,391112,5,0
391107,391107,391112,5,0
391107,391107,391112,5,0
391107,391107,391112,5,0
391107,391107,391112,5,0
391107,391107,391112,5,0
391107,391107,391112,5,0
391107,391107,391112,5,0
391107,391107,391112,5,0
391107,391107,391112,5,0
391107,391107,391112,5,0
391107,391107,391112,5,0
391107,391107,391112,5,0
391107,391107,391112,5,0
391107,391107,391112,5,0
391107,391107,391112,5,0
391107,391107,391112,5,0
391107,391107,391112,5,0
391107,391107,391112,5,0
391107,391107,391112,5,0
391107,391107,391112,5,0
391107,391107,391112,5,0
391107,391107,391112,5,0
391107,391107,391112,5,0
391107,391107,391112,5,0
391107,391107,391112,5,0
391107,391107,391112,5,0
391107,391107,391112,5,0
391107,391107,391112,5,0
391107,391107,391112,5,0
391107,391107,391112,5,0
391107,391107,391112,5,0
391107,391107,391112,5,0
391107,391107,391112,5,0
391107,391107,391112,5,0
391107,391107,391112,5,0
391107,391107,391112,5,0
391107,391107,391112,5,0
391107,391107,391112,5,0
391107,391107,391112,5,0
391107,391107,391112,5,0
391107,391107,391113,6,0
391107,391107,391113,6,0
391107,391107,391113,6,0
391107,391107,391112,5,0
391107,391107,391113,6,0
391107,391107,391113,6,0
391107,391107,391113,6,0
391107,391107,391113,6,0
391107,391107,391113,6,0
391107,391107,391113,6,0
391107,391107,391113,6,0
391107,391107,391113,6,0
391107,391107,391114,7,0
391107,391107,391113,6,0
391107,391107,391113,6,0
391107,391107,391113,6,0
391107,391107,391113,6,0
391107,391107,391113,6,0
391107,391107,391113,6,0
391107,391107,391113,6,0
391107,391107,391114,7,0
391107,391107,391113,6,0
391107,391107,391114,7,0
391107,391112,391118,6,5
391107,391112,391118,6,5
391107,391112,391117,5,5
391107,391112,391117,5,5
391107,391112,391117,5,5
391107,391112,391117,5,5
391107,391112,391117,5,5
391107,391112,391117,5,5
391107,391112,391117,5,5
391107,391112,391117,5,5
391107,391112,391117,5,5
391107,391112,391117,5,5
391107,391112,391117,5,5
391107,391112,391117,5,5
391107,391112,391117,5,5
391107,391112,391117,5,5
391107,391112,391117,5,5
391107,391112,391117,5,5
391107,391112,391117,5,5
391107,391112,391117,5,5
391107,391112,391117,5,5
391107,391112,391117,5,5
391107,391112,391117,5,5
391107,391112,391117,5,5
391107,391112,391117,5,5
391107,391112,391117,5,5
391107,391112,391117,5,5
391107,391112,391117,5,5
391107,391112,391117,5,5
391107,391112,391117,5,5
391107,391112,391117,5,5
391107,391112,391117,5,5
391107,391113,391117,4,6
391107,391112,391117,5,5
391107,391112,391117,5,5
391107,391112,391117,5,5
391107,391112,391117,5,5
391107,391112,391117,5,5
391107,391114,391118,4,7
391107,391112,391117,5,5
391107,391113,391117,4,6
391107,391114,391117,3,7
391107,391114,391118,4,7
391107,391112,391117,5,5
391107,391112,391117,5,5
391107,391112,391117,5,5
391107,391112,391117,5,5
391107,391112,391117,5,5
391107,391112,391117,5,5
391107,391114,391118,4,7
391107,391114,391118,4,7
391107,391113,391117,4,6
391107,391113,391117,4,6
391107,391113,391117,4,6
391107,391113,391117,4,6
391107,391113,391117,4,6
391107,391113,391117,4,6
391107,391114,391118,4,7
391107,391114,391118,4,7
391107,391112,391118,6,5
391107,391113,391118,5,6
391107,391115,391118,3,8
391107,391115,391119,4,8
391107,391115,391118,3,8
391107,391115,391118,3,8
391107,391112,391118,6,5
391107,391112,391118,6,5
391107,391114,391118,4,7
391107,391115,391118,3,8
391107,391114,391118,4,7
391107,391114,391118,4,7
391107,391114,391118,4,7
391107,391114,391118,4,7
391107,391115,391118,3,8
391107,391115,391118,3,8
391107,391114,391118,4,7
391107,391114,391118,4,7
391107,391114,391118,4,7
391107,391114,391118,4,7
391107,391118,391120,2,11
391107,391118,391120,2,11
391107,391118,391120,2,11
391107,391118,391120,2,11
391107,391115,391119,4,8
391107,391118,391120,2,11
391107,391118,391120,2,11
391107,391118,391120,2,11
391107,391118,391120,2,11
391107,391118,391120,2,11
391107,391118,391120,2,11
391107,391118,391120,2,11
391107,391118,391120,2,11
391107,391118,391121,3,11
391107,391118,391121,3,11
391107,391118,391120,2,11
391107,391118,391121,3,11
391107,391118,391121,3,11
391107,391118,391120,2,11
391107,391118,391120,2,11
391107,391118,391120,2,11
391107,391118,391120,2,11
391107,391118,391121,3,11
391107,391118,391120,2,11
391107,391118,391121,3,11
391107,391118,391121,3,11
391107,391118,391121,3,11
391107,391118,391121,3,11
391107,391118,391121,3,11
391107,391118,391121,3,11
391107,391118,391121,3,11
391107,391118,391121,3,11
391107,391118,391121,3,11
391107,391118,391121,3,11
391107,391118,391121,3,11
391107,391118,391121,3,11
391107,391118,391121,3,11
391107,391118,391121,3,11
391107,391118,391121,3,11
391107,391118,391121,3,11
391107,391118,391121,3,11
391126,391126,391130,4,0
391126,391126,391130,4,0
391126,391126,391130,4,0
391126,391126,391130,4,0
391126,391126,391131,5,0
391126,391126,391130,4,0
391126,391126,391131,5,0
391126,391126,391131,5,0
391126,391126,391131,5,0
391126,391126,391130,4,0
391126,391126,391131,5,0
391126,391126,391130,4,0
391126,391126,391130,4,0
391126,391126,391131,5,0
391126,391126,391130,4,0
391126,391126,391130,4,0
391126,391126,391131,5,0
391126,391126,391130,4,0
391126,391126,391131,5,0
391126,391126,391130,4,0
391126,391126,391130,4,0
391126,391126,391130,4,0
391126,391126,391131,5,0
391126,391126,391131,5,0
391126,391126,391130,4,0
391126,391126,391130,4,0
391126,391126,391131,5,0
391126,391126,391131,5,0
391126,391126,391131,5,0
391126,391126,391131,5,0
391126,391126,391131,5,0
391126,391126,391130,4,0
391126,391126,391130,4,0
391126,391126,391130,4,0
391126,391126,391131,5,0
391126,391126,391130,4,0
391126,391126,391131,5,0
391126,391126,391131,5,0
391126,391126,391131,5,0
391126,391126,391130,4,0
391126,391126,391131,5,0
391126,391126,391131,5,0
391126,391126,391131,5,0
391126,391126,391130,4,0
391126,391126,391131,5,0
391126,391126,391130,4,0
391126,391126,391130,4,0
391126,391126,391130,4,0
391126,391126,391130,4,0
391126,391126,391130,4,0
391126,391126,391131,5,0
391126,391126,391130,4,0
391126,391126,391130,4,0
391126,391126,391130,4,0
391126,391126,391131,5,0
391126,391126,391131,5,0
391126,391126,391131,5,0
391126,391126,391130,4,0
391126,391126,391130,4,0
391126,391126,391130,4,0
391126,391126,391130,4,0
391126,391126,391131,5,0
391126,391126,391131,5,0
391126,391126,391131,5,0
391126,391126,391130,4,0
391126,391126,391130,4,0
391126,391126,391131,5,0
391126,391126,391130,4,0
391126,391126,391131,5,0
391126,391126,391131,5,0
391126,391126,391131,5,0
391126,391126,391131,5,0
391126,391126,391131,5,0
391126,391130,391132,2,4
391126,391126,391131,5,0
391126,391126,391131,5,0
391126,391126,391131,5,0
391126,391126,391131,5,0
391126,391126,391131,5,0
391126,391126,391131,5,0
391126,391126,391131,5,0
391126,391130,391132,2,4
391126,391130,391131,1,4
391126,391130,391131,1,4
391126,391131,391135,4,5
391126,391131,391135,4,5
391126,391131,391136,5,5
391126,391131,391136,5,5
391126,391131,391136,5,5
391126,391131,391136,5,5
391126,391131,391136,5,5
391126,391131,391136,5,5
391126,391131,391136,5,5
391126,391131,391135,4,5
391126,391131,391136,5,5
391126,391131,391136,5,5
391126,391131,391136,5,5
391126,391131,391136,5,5
391126,391131,391136,5,5
391126,391132,391136,4,6
391126,391132,391136,4,6
391126,391131,391136,5,5
391126,391131,391136,5,5
391126,391131,391136,5,5
391126,391131,391136,5,5
391126,391131,391136,5,5
391126,391131,391136,5,5
391126,391131,391136,5,5
391126,391131,391136,5,5
391126,391131,391136,5,5
391126,391131,391136,5,5
391126,391131,391136,5,5
391126,391131,391136,5,5
391126,391131,391136,5,5
391126,391131,391136,5,5
391126,391131,391136,5,5
391126,391131,391136,5,5
391126,391131,391136,5,5
391126,391131,391136,5,5
391126,391131,391136,5,5
391126,391131,391136,5,5
391126,391131,391136,5,5
391126,391131,391136,5,5
391126,391131,391136,5,5
391126,391131,391136,5,5
391126,391131,391136,5,5
391126,391131,391136,5,5
391126,391131,391136,5,5
391126,391132,391136,4,6
391126,391132,391136,4,6
391126,391131,391136,5,5
391126,391131,391136,5,5
391126,391131,391136,5,5
391126,391131,391136,5,5
391126,391131,391136,5,5
391126,391131,391136,5,5
391126,391132,391136,4,6
391126,391131,391136,5,5
391126,391131,391136,5,5
391126,391131,391136,5,5
391126,391131,391136,5,5
391126,391131,391136,5,5
391126,391132,391136,4,6
391126,391132,391136,4,6
391126,391131,391136,5,5
391126,391131,391136,5,5
391126,391131,391136,5,5
391126,391131,391137,6,5
391126,391135,391137,2,9
391126,391135,391137,2,9
391126,391131,391137,6,5
391126,391132,391137,5,6
391126,391132,391137,5,6
391126,391131,391137,6,5
391126,391131,391137,6,5
391126,391131,391137,6,5
391126,391132,391137,5,6
391126,391132,391137,5,6
391126,391131,391137,6,5
391126,391131,391137,6,5
391126,391131,391137,6,5
391126,391132,391137,5,6
391126,391131,391137,6,5
391126,391132,391137,5,6
391126,391132,391137,5,6
391126,391132,391137,5,6
391126,391136,391138,2,10
391126,391136,391138,2,10
391126,391136,391138,2,10
391126,391136,391138,2,10
391126,391136,391138,2,10
391126,391136,391138,2,10
391126,391137,391139,2,11
391126,391137,391138,1,11
391126,391136,391139,3,10
391126,391137,391139,2,11
391126,391137,391139,2,11
391126,391137,391139,2,11
391126,391137,391139,2,11
391126,391137,391139,2,11
391126,391137,391139,2,11
391126,391137,391139,2,11
391126,391137,391139,2,11
391126,391137,391139,2,11
391126,391137,391139,2,11
391126,391137,391139,2,11
391126,391137,391140,3,11
391126,391137,391140,3,11
391126,391137,391139,2,11
391126,391137,391140,3,11
391126,391137,391140,3,11
391126,391137,391139,2,11
391126,391137,391139,2,11
391126,391137,391139,2,11
391126,391137,391139,2,11
391126,391137,391140,3,11
391126,391137,391140,3,11
391126,391137,391140,3,11
391126,391137,391140,3,11
391126,391137,391140,3,11
391145,391145,391150,5,0
391145,391145,391150,5,0
391145,391145,391150,5,0
391145,391145,391150,5,0
391145,391145,391150,5,0
391145,391145,391150,5,0
391145,391145,391150,5,0
391145,391145,391150,5,0
391145,391145,391150,5,0
391145,391145,391150,5,0
391145,391145,391150,5,0
391145,391145,391150,5,0
391145,391145,391150,5,0
391145,391145,391150,5,0
391145,391145,391150,5,0
391145,391145,391150,5,0
391145,391145,391150,5,0
391145,391145,391150,5,0
391145,391145,391150,5,0
391145,391145,391150,5,0
391145,391145,391150,5,0
391145,391145,391150,5,0
391145,391145,391150,5,0
391145,391145,391150,5,0
391145,391145,391150,5,0
391145,391145,391150,5,0
391145,391145,391150,5,0
391145,391145,391150,5,0
391145,391145,391150,5,0
391145,391145,391150,5,0
391145,391145,391150,5,0
391145,391145,391150,5,0
391145,391145,391150,5,0
391145,391145,391150,5,0
391145,391145,391150,5,0
391145,391145,391150,5,0
391145,391145,391150,5,0
391145,391145,391150,5,0
391145,391145,391150,5,0
391145,391145,391150,5,0
391145,391145,391150,5,0
391145,391145,391150,5,0
391145,391145,391150,5,0
391145,391145,391150,5,0
391145,391145,391150,5,0
391145,391145,391150,5,0
391145,391145,391150,5,0
391145,391145,391150,5,0
391145,391145,391150,5,0
391145,391145,391150,5,0
391145,391145,391150,5,0
391145,391145,391150,5,0
391145,391145,391150,5,0
391145,391145,391150,5,0
391145,391145,391150,5,0
391145,391145,391150,5,0
391145,391145,391150,5,0
391145,391145,391150,5,0
391145,391145,391150,5,0
391145,391145,391150,5,0
391145,391145,391150,5,0
391145,391145,391150,5,0
391145,391145,391151,6,0
391145,391145,391150,5,0
391145,391145,391150,5,0
391145,391145,391151,6,0
391145,391145,391151,6,0
391145,391145,391150,5,0
391145,391145,391151,6,0
391145,391145,391150,5,0
391145,391145,391150,5,0
391145,391145,391150,5,0
391145,391145,391151,6,0
391145,391145,391151,6,0
391145,391145,391150,5,0
391145,391145,391150,5,0
391145,391145,391150,5,0
391145,391145,391150,5,0
391145,391145,391150,5,0
391145,391145,391150,5,0
391145,391150,391153,3,5
391145,391150,391155,5,5
391145,391150,391155,5,5
391145,391150,391155,5,5
391145,391150,391155,5,5
391145,391150,391155,5,5
391145,391150,391155,5,5
391145,391150,391155,5,5
391145,391150,391155,5,5
391145,391150,391155,5,5
391145,391150,391155,5,5
391145,391150,391155,5,5
391145,391150,391155,5,5
391145,391150,391155,5,5
391145,391150,391155,5,5
391145,391150,391155,5,5
391145,391150,391155,5,5
391145,391150,391155,5,5
391145,391150,391155,5,5
391145,391150,391155,5,5
391145,391150,391155,5,5
391145,391150,391155,5,5
391145,391150,391155,5,5
391145,391150,391155,5,5
391145,391150,391155,5,5
391145,391150,391155,5,5
391145,391150,391155,5,5
391145,391150,391155,5,5
391145,391150,391155,5,5
391145,391150,391155,5,5
391145,391150,391155,5,5
391145,391150,391155,5,5
391145,391150,391155,5,5
391145,391150,391155,5,5
391145,391150,391155,5,5
391145,391150,391155,5,5
391145,391150,391155,5,5
391145,391150,391155,5,5
391145,391150,391155,5,5
391145,391150,391155,5,5
391145,391150,391155,5,5
391145,391150,391155,5,5
391145,391150,391155,5,5
391145,391150,391155,5,5
391145,391150,391155,5,5
391145,391150,391155,5,5
391145,391150,391155,5,5
391145,391150,391155,5,5
391145,391150,391155,5,5
391145,391150,391155,5,5
391145,391150,391155,5,5
391145,391150,391155,5,5
391145,391150,391155,5,5
391145,391151,391155,4,6
391145,391150,391156,6,5
391145,391150,391156,6,5
391145,391150,391156,6,5
391145,391150,391156,6,5
391145,391151,391156,5,6
391145,391151,391156,5,6
391145,391152,391156,4,7
391145,391150,391156,6,5
391145,391150,391156,6,5
391145,391151,391156,5,6
391145,391151,391156,5,6
391145,391151,391156,5,6
391145,391151,391156,5,6
391145,391151,391156,5,6
391145,391151,391156,5,6
391145,391151,391156,5,6
391145,391151,391156,5,6
391145,391151,391156,5,6
391145,391151,391156,5,6
391145,391151,391156,5,6
391145,391151,391156,5,6
391145,391151,391156,5,6
391145,391151,391156,5,6
391145,391154,391157,3,9
391145,391156,391158,2,11
391145,391156,391158,2,11
391145,391152,391157,5,7
391145,391151,391157,6,6
391145,391151,391157,6,6
391145,391156,391158,2,11
391145,391156,391158,2,11
391145,391156,391158,2,11
391145,391156,391158,2,11
391145,391156,391158,2,11
391145,391156,391158,2,11
391145,391156,391158,2,11
391145,391156,391158,2,11
391145,391156,391159,3,11
391145,391156,391158,2,11
391145,391156,391159,3,11
391145,391156,391158,2,11
391145,391156,391158,2,11
391145,391156,391159,3,11
391145,391156,391158,2,11
391145,391156,391158,2,11
391145,391156,391158,2,11
391145,391156,391158,2,11
391145,391156,391158,2,11
391145,391156,391158,2,11
391145,391156,391158,2,11
391145,391156,391159,3,11
391145,391156,391159,3,11
391145,391156,391158,2,11
391145,391156,391158,2,11
391145,391156,391158,2,11
391145,391156,391158,2,11
391145,391156,391158,2,11
391145,391156,391158,2,11
391145,391156,391158,2,11
391145,391156,391159,3,11
391145,391156,391159,3,11
391145,391156,391159,3,11
391145,391156,391159,3,11
391145,391156,391159,3,11
391145,391156,391159,3,11
391145,391156,391159,3,11
391164,391164,391169,5,0
391164,391164,391168,4,0
391164,391164,391168,4,0
391164,391164,391169,5,0
391164,391164,391169,5,0
391164,391164,391169,5,0
391164,391164,391169,5,0
391164,391164,391169,5,0
391164,391164,391168,4,0
391164,391164,391169,5,0
391164,391164,391169,5,0
391164,391164,391168,4,0
391164,391164,391169,5,0
391164,391164,391168,4,0
391164,391164,391168,4,0
391164,391164,391169,5,0
391164,391164,391169,5,0
391164,391164,391168,4,0
391164,391164,391169,5,0
391164,391164,391168,4,0
391164,391164,391168,4,0
391164,391164,391169,5,0
391164,391164,391169,5,0
391164,391164,391169,5,0
391164,391164,391168,4,0
391164,391164,391169,5,0
391164,391164,391168,4,0
391164,391164,391168,4,0
391164,391164,391168,4,0
391164,391164,391168,4,0
391164,391164,391169,5,0
391164,391164,391169,5,0
391164,391164,391168,4,0
391164,391164,391169,5,0
391164,391164,391168,4,0
391164,391164,391168,4,0
391164,391164,391168,4,0
391164,391164,391169,5,0
391164,391164,391168,4,0
391164,391164,391169,5,0
391164,391164,391168,4,0
391164,391164,391169,5,0
391164,391164,391168,4,0
391164,391164,391169,5,0
391164,391164,391169,5,0
391164,391164,391168,4,0
391164,391164,391168,4,0
391164,391164,391168,4,0
391164,391164,391169,5,0
391164,391164,391169,5,0
391164,391164,391169,5,0
391164,391164,391169,5,0
391164,391164,391169,5,0
391164,391164,391168,4,0
391164,391164,391169,5,0
391164,391164,391168,4,0
391164,391164,391169,5,0
391164,391164,391169,5,0
391164,391164,391168,4,0
391164,391164,391168,4,0
391164,391164,391169,5,0
391164,391164,391169,5,0
391164,391164,391169,5,0
391164,391164,391169,5,0
391164,391164,391169,5,0
391164,391164,391169,5,0
391164,391164,391170,6,0
391164,391164,391170,6,0
391164,391164,391170,6,0
391164,391164,391169,5,0
391164,391164,391169,5,0
391164,391164,391170,6,0
391164,391164,391169,5,0
391164,391164,391169,5,0
391164,391164,391169,5,0
391164,391164,391169,5,0
391164,391164,391169,5,0
391164,391164,391169,5,0
391164,391164,391169,5,0
391164,391164,391169,5,0
391164,391169,391172,3,5
391164,391169,391174,5,5
391164,391169,391174,5,5
391164,391169,391174,5,5
391164,391169,391174,5,5
391164,391169,391174,5,5
391164,391169,391174,5,5
391164,391170,391174,4,6
391164,391169,391174,5,5
391164,391169,391174,5,5
391164,391169,391174,5,5
391164,391169,391174,5,5
391164,391169,391174,5,5
391164,391169,391174,5,5
391164,391169,391173,4,5
391164,391169,391174,5,5
391164,391169,391174,5,5
391164,391169,391174,5,5
391164,391169,391174,5,5
391164,391170,391174,4,6
391164,391169,391174,5,5
391164,391169,391174,5,5
391164,391169,391174,5,5
391164,391169,391174,5,5
391164,391169,391174,5,5
391164,391169,391174,5,5
391164,391169,391174,5,5
391164,391169,391174,5,5
391164,391169,391174,5,5
391164,391169,391174,5,5
391164,391169,391174,5,5
391164,391169,391174,5,5
391164,391170,391174,4,6
391164,391169,391174,5,5
391164,391169,391174,5,5
391164,391169,391174,5,5
391164,391169,391174,5,5
391164,391169,391174,5,5
391164,391169,391174,5,5
391164,391169,391174,5,5
391164,391169,391174,5,5
391164,391169,391174,5,5
391164,391170,391174,4,6
391164,391169,391174,5,5
391164,391169,391174,5,5
391164,391169,391174,5,5
391164,391169,391174,5,5
391164,391170,391174,4,6
391164,391169,391175,6,5
391164,391170,391175,5,6
391164,391169,391174,5,5
391164,391169,391174,5,5
391164,391169,391174,5,5
391164,391169,391174,5,5
391164,391169,391174,5,5
391164,391169,391174,5,5
391164,391169,391174,5,5
391164,391170,391174,4,6
391164,391170,391174,4,6
391164,391170,391174,4,6
391164,391170,391174,4,6
391164,391170,391174,4,6
391164,391170,391174,4,6
391164,391170,391174,4,6
391164,391170,391175,5,6
391164,391170,391175,5,6
391164,391170,391175,5,6
391164,391170,391175,5,6
391164,391170,391175,5,6
391164,391173,391175,2,9
391164,391170,391175,5,6
391164,391170,391175,5,6
391164,391170,391175,5,6
391164,391170,391175,5,6
391164,391170,391175,5,6
391164,391170,391175,5,6
391164,391170,391175,5,6
391164,391170,391175,5,6
391164,391170,391175,5,6
391164,391171,391175,4,7
391164,391171,391175,4,7
391164,391175,391177,2,11
391164,391175,391177,2,11
391164,391175,391178,3,11
391164,391175,391177,2,11
391164,391175,391178,3,11
391164,391175,391177,2,11
391164,391175,391178,3,11
391164,391175,391177,2,11
391164,391175,391177,2,11
391164,391175,391177,2,11
391164,391175,391177,2,11
391164,391175,391177,2,11
391164,391175,391177,2,11
391164,391175,391177,2,11
391164,391175,391177,2,11
391164,391175,391177,2,11
391164,391175,391177,2,11
391164,391175,391177,2,11
391164,391175,391177,2,11
391164,391175,391177,2,11
391164,391175,391177,2,11
391164,391175,391177,2,11
391164,391175,391178,3,11
391164,391175,391178,3,11
391164,391175,391178,3,11
391164,391175,391178,3,11
391164,391175,391178,3,11
391164,391175,391178,3,11
391164,391175,391178,3,11
391164,391175,391178,3,11
391164,391175,391178,3,11
391164,391175,391178,3,11
391164,391175,391178,3,11
391164,391175,391178,3,11
391164,391175,391178,3,11
391164,391175,391178,3,11
391164,391175,391178,3,11
391164,391175,391178,3,11
391164,391175,391178,3,11
391183,391183,391188,5,0
391183,391183,391188,5,0
391183,391183,391188,5,0
391183,391183,391188,5,0
391183,391183,391188,5,0
391183,391183,391188,5,0
391183,391183,391188,5,0
391183,391183,391188,5,0
391183,391183,391188,5,0
391183,391183,391188,5,0
391183,391183,391188,5,0
391183,391183,391189,6,0
391183,391183,391189,6,0
391183,391183,391189,6,0
391183,391183,391188,5,0
391183,391183,391188,5,0
391183,391183,391188,5,0
391183,391183,391188,5,0
391183,391183,391188,5,0
391183,391183,391189,6,0
391183,391183,391189,6,0
391183,391183,391189,6,0
391183,391183,391188,5,0
391183,391183,391188,5,0
391183,391183,391188,5,0
391183,391183,391188,5,0
391183,391183,391188,5,0
391183,391183,391189,6,0
391183,391183,391189,6,0
391183,391183,391189,6,0
391183,391183,391188,5,0
391183,391183,391188,5,0
391183,391183,391188,5,0
391183,391183,391188,5,0
391183,391183,391188,5,0
391183,391183,391188,5,0
391183,391183,391189,6,0
391183,391183,391189,6,0
391183,391183,391189,6,0
391183,391183,391188,5,0
391183,391183,391188,5,0
391183,391183,391188,5,0
391183,391183,391188,5,0
391183,391183,391189,6,0
391183,391183,391189,6,0
391183,391183,391189,6,0
391183,391183,391188,5,0
391183,391183,391188,5,0
391183,391183,391188,5,0
391183,391183,391188,5,0
391183,391183,391188,5,0
391183,391183,391188,5,0
391183,391183,391189,6,0
391183,391183,391188,5,0
391183,391183,391188,5,0
391183,391183,391188,5,0
391183,391183,391188,5,0
391183,391183,391188,5,0
391183,391183,391188,5,0
391183,391183,391189,6,0
391183,391183,391188,5,0
391183,391183,391188,5,0
391183,391183,391188,5,0
391183,391183,391188,5,0
391183,391183,391188,5,0
391183,391183,391189,6,0
391183,391183,391189,6,0
391183,391183,391188,5,0
391183,391183,391188,5,0
391183,391183,391188,5,0
391183,391183,391188,5,0
391183,391183,391188,5,0
391183,391183,391189,6,0
391183,391183,391189,6,0
391183,391183,391189,6,0
391183,391183,391188,5,0
391183,391183,391188,5,0
391183,391183,391189,6,0
391183,391183,391189,6,0
391183,391183,391188,5,0
391183,391188,391190,2,5
391183,391188,391190,2,5
391183,391188,391190,2,5
391183,391188,391190,2,5
391183,391188,391190,2,5
391183,391188,391190,2,5
391183,391189,391193,4,6
391183,391189,391194,5,6
391183,391189,391194,5,6
391183,391189,391194,5,6
391183,391190,391195,5,7
391183,391190,391194,4,7
391183,391189,391194,5,6
391183,391189,391194,5,6
391183,391189,391194,5,6
391183,391189,391194,5,6
391183,391190,391194,4,7
391183,391190,391194,4,7
391183,391190,391194,4,7
391183,391190,391194,4,7
391183,391189,391194,5,6
391183,391189,391194,5,6
391183,391189,391194,5,6
391183,391189,391194,5,6
391183,391190,391194,4,7
391183,391190,391194,4,7
391183,391190,391195,5,7
391183,391190,391195,5,7
391183,391189,391194,5,6
391183,391189,391194,5,6
391183,391189,391194,5,6
391183,391190,391194,4,7
391183,391190,391194,4,7
391183,391190,391194,4,7
391183,391190,391194,4,7
391183,391189,391194,5,6
391183,391189,391194,5,6
391183,391189,391194,5,6
391183,391189,391194,5,6
391183,391189,391194,5,6
391183,391189,391194,5,6
391183,391189,391194,5,6
391183,391189,391194,5,6
391183,391190,391195,5,7
391183,391190,391195,5,7
391183,391189,391194,5,6
391183,391189,391194,5,6
391183,391189,391194,5,6
391183,391189,391194,5,6
391183,391190,391195,5,7
391183,391190,391194,4,7
391183,391189,391194,5,6
391183,391189,391194,5,6
391183,391189,391194,5,6
391183,391189,391194,5,6
391183,391189,391194,5,6
391183,391190,391194,4,7
391183,391190,391194,4,7
391183,391191,391195,4,8
391183,391189,391194,5,6
391183,391189,391194,5,6
391183,391189,391194,5,6
391183,391189,391194,5,6
391183,391190,391194,4,7
391183,391190,391194,4,7
391183,391190,391194,4,7
391183,391191,391194,3,8
391183,391189,391194,5,6
391183,391189,391194,5,6
391183,391189,391194,5,6
391183,391190,391194,4,7
391183,391190,391194,4,7
391183,391190,391194,4,7
391183,391190,391195,5,7
391183,391190,391194,4,7
391183,391191,391195,4,8
391183,391191,391195,4,8
391183,391190,391195,5,7
391183,391190,391195,5,7
391183,391190,391195,5,7
391183,391191,391195,4,8
391183,391190,391195,5,7
391183,391191,391195,4,8
391183,391194,391195,1,11
391183,391190,391195,5,7
391183,391190,391195,5,7
391183,391190,391195,5,7
391183,391195,391197,2,12
391183,391195,391198,3,12
391183,391195,391197,2,12
391183,391195,391197,2,12
391183,391195,391198,3,12
391183,391195,391197,2,12
391183,391195,391197,2,12
391183,391195,391198,3,12
391183,391195,391197,2,12
391183,391195,391198,3,12
391183,391195,391197,2,12
391183,391195,391197,2,12
391183,391195,391197,2,12
391183,391195,391197,2,12
391183,391195,391197,2,12
391183,391195,391198,3,12
391183,391195,391198,3,12
391183,391195,391198,3,12
391183,391195,391198,3,12
391183,391195,391197,2,12
391183,391195,391197,2,12
391183,391195,391198,3,12
391183,391195,391197,2,12
391183,391195,391197,2,12
391183,391195,391198,3,12
391183,391195,391197,2,12
391183,391195,391197,2,12
391183,391195,391198,3,12
391183,391195,391198,3,12
391183,391195,391198,3,12
391183,391195,391198,3,12
391183,391195,391198,3,12
391183,391195,391198,3,12
391203,391203,391208,5,0
391203,391203,391208,5,0
391203,391203,391208,5,0
391203,391203,391208,5,0
391203,391203,391208,5,0
391203,391203,391208,5,0
391203,391203,391208,5,0
391203,391203,391208,5,0
391203,391203,391208,5,0
391203,391203,391208,5,0
391203,391203,391208,5,0
391203,391203,391208,5,0
391203,391203,391208,5,0
391203,391203,391208,5,0
391203,391203,391208,5,0
391203,391203,391208,5,0
391203,391203,391208,5,0
391203,391203,391208,5,0
391203,391203,391208,5,0
391203,391203,391208,5,0
391203,391203,391208,5,0
391203,391203,391208,5,0
391203,391203,391208,5,0
391203,391203,391208,5,0
391203,391203,391208,5,0
391203,391203,391208,5,0
391203,391203,391208,5,0
391203,391203,391208,5,0
391203,391203,391208,5,0
391203,391203,391208,5,0
391203,391203,391208,5,0
391203,391203,391208,5,0
391203,391203,391208,5,0
391203,391203,391208,5,0
391203,391203,391208,5,0
391203,391203,391208,5,0
391203,391203,391208,5,0
391203,391203,391208,5,0
391203,391203,391208,5,0
391203,391203,391208,5,0
391203,391203,391208,5,0
391203,391203,391208,5,0
391203,391203,391208,5,0
391203,391203,391208,5,0
391203,391203,391208,5,0
391203,391203,391208,5,0
391203,391203,391208,5,0
391203,391203,391208,5,0
391203,391203,391208,5,0
391203,391203,391208,5,0
391203,391203,391208,5,0
391203,391203,391208,5,0
391203,391203,391208,5,0
391203,391203,391208,5,0
391203,391203,391208,5,0
391203,391203,391208,5,0
391203,391203,391208,5,0
391203,391203,391208,5,0
391203,391203,391208,5,0
391203,391203,391208,5,0
391203,391203,391208,5,0
391203,391203,391208,5,0
391203,391203,391208,5,0
391203,391203,391208,5,0
391203,391203,391208,5,0
391203,391203,391208,5,0
391203,391203,391208,5,0
391203,391203,391209,6,0
391203,391203,391209,6,0
391203,391203,391209,6,0
391203,391203,391209,6,0
391203,391203,391209,6,0
391203,391203,391209,6,0
391203,391203,391209,6,0
391203,391203,391209,6,0
391203,391203,391209,6,0
391203,391203,391209,6,0
391203,391203,391209,6,0
391203,391203,391209,6,0
391203,391203,391209,6,0
391203,391208,391213,5,5
391203,391209,391214,5,6
391203,391209,391213,4,6
391203,391209,391214,5,6
391203,391209,391213,4,6
391203,391208,391213,5,5
391203,391209,391213,4,6
391203,391209,391213,4,6
391203,391209,391214,5,6
391203,391209,391214,5,6
391203,391209,391214,5,6
391203,391208,391213,5,5
391203,391208,391213,5,5
391203,391209,391213,4,6
391203,391209,391214,5,6
391203,391209,391213,4,6
391203,391209,391213,4,6
391203,391208,391213,5,5
391203,391209,391213,4,6
391203,391209,391213,4,6
391203,391209,391214,5,6
391203,391209,391214,5,6
391203,391209,391214,5,6
391203,391209,391213,4,6
391203,391209,391213,4,6
391203,391209,391214,5,6
391203,391209,391213,4,6
391203,391209,391214,5,6
391203,391208,391213,5,5
391203,391209,391213,4,6
391203,391209,391213,4,6
391203,391209,391213,4,6
391203,391209,391213,4,6
391203,391209,391213,4,6
391203,391209,391213,4,6
391203,391209,391213,4,6
391203,391209,391214,5,6
391203,391209,391213,4,6
391203,391209,391214,5,6
391203,391209,391214,5,6
391203,391209,391214,5,6
391203,391208,391213,5,5
391203,391209,391213,4,6
391203,391209,391213,4,6
391203,391209,391213,4,6
391203,391209,391213,4,6
391203,391209,391213,4,6
391203,391209,391213,4,6
391203,391209,391213,4,6
391203,391209,391213,4,6
391203,391209,391213,4,6
391203,391209,391213,4,6
391203,391209,391214,5,6
391203,391209,391214,5,6
391203,391209,391213,4,6
391203,391209,391214,5,6
391203,391209,391213,4,6
391203,391209,391213,4,6
391203,391209,391213,4,6
391203,391209,391213,4,6
391203,391209,391213,4,6
391203,391209,391213,4,6
391203,391209,391214,5,6
391203,391209,391214,5,6
391203,391209,391214,5,6
391203,391210,391215,5,7
391203,391210,391214,4,7
391203,391210,391214,4,7
391203,391210,391214,4,7
391203,391210,391215,5,7
391203,391210,391214,4,7
391203,391210,391214,4,7
391203,391210,391214,4,7
391203,391210,391214,4,7
391203,391209,391214,5,6
391203,391214,391216,2,11
391203,391210,391215,5,7
391203,391210,391215,5,7
391203,391210,391215,5,7
391203,391210,391215,5,7
391203,391214,391216,2,11
391203,391214,391216,2,11
391203,391214,391216,2,11
391203,391214,391217,3,11
391203,391214,391217,3,11
391203,391214,391216,2,11
391203,391214,391217,3,11
391203,391214,391217,3,11
391203,391214,391217,3,11
391203,391214,391217,3,11
391203,391214,391217,3,11
391203,391214,391217,3,11
391203,391214,391216,2,11
391203,391214,391217,3,11
391203,391214,391217,3,11
391203,391214,391216,2,11
391203,391214,391217,3,11
391203,391214,391216,2,11
391203,391214,391217,3,11
391203,391214,391217,3,11
391203,391214,391217,3,11
391203,391214,391217,3,11
391203,391214,391217,3,11
391203,391214,391217,3,11
391203,391214,391217,3,11
391203,391214,391218,4,11
391203,391214,391217,3,11
391203,391214,391218,4,11
391203,391214,391218,4,11
391203,391214,391217,3,11
391203,391214,391217,3,11
391203,391214,391217,3,11
391203,391214,391217,3,11
391203,391214,391217,3,11
391203,391214,391217,3,11
391203,391214,391217,3,11
391203,391214,391217,3,11
391203,391214,391217,3,11
391203,391214,391229,15,11
391203,391209,391231,22,6
391236,391236,391241,5,0
391236,391236,391241,5,0
391236,391236,391241,5,0
391236,391236,391241,5,0
391236,391236,391241,5,0
391236,391236,391241,5,0
391236,391236,391241,5,0
391236,391236,391241,5,0
391236,391236,391241,5,0
391236,391236,391241,5,0
391236,391236,391241,5,0
391236,391236,391241,5,0
391236,391236,391241,5,0
391236,391236,391241,5,0
391236,391236,391241,5,0
391236,391236,391241,5,0
391236,391236,391241,5,0
391236,391236,391241,5,0
391236,391236,391240,4,0
391236,391236,391241,5,0
391236,391236,391241,5,0
391236,391236,391241,5,0
391236,391236,391241,5,0
391236,391236,391241,5,0
391236,391236,391241,5,0
391236,391236,391240,4,0
391236,391236,391240,4,0
391236,391236,391241,5,0
391236,391236,391241,5,0
391236,391236,391241,5,0
391236,391236,391241,5,0
391236,391236,391241,5,0
391236,391236,391241,5,0
391236,391236,391241,5,0
391236,391236,391241,5,0
391236,391236,391241,5,0
391236,391236,391241,5,0
391236,391236,391241,5,0
391236,391236,391241,5,0
391236,391236,391241,5,0
391236,391236,391241,5,0
391236,391236,391241,5,0
391236,391236,391241,5,0
391236,391236,391241,5,0
391236,391236,391241,5,0
391236,391236,391241,5,0
391236,391236,391240,4,0
391236,391236,391240,4,0
391236,391236,391241,5,0
391236,391236,391241,5,0
391236,391236,391241,5,0
391236,391236,391241,5,0
391236,391236,391241,5,0
391236,391236,391241,5,0
391236,391236,391241,5,0
391236,391236,391241,5,0
391236,391236,391241,5,0
391236,391236,391241,5,0
391236,391236,391241,5,0
391236,391236,391240,4,0
391236,391236,391241,5,0
391236,391236,391241,5,0
391236,391236,391241,5,0
391236,391236,391241,5,0
391236,391236,391241,5,0
391236,391236,391241,5,0
391236,391236,391241,5,0
391236,391236,391241,5,0
391236,391236,391242,6,0
391236,391236,391241,5,0
391236,391236,391241,5,0
391236,391236,391241,5,0
391236,391236,391241,5,0
391236,391236,391241,5,0
391236,391236,391241,5,0
391236,391236,391241,5,0
391236,391236,391241,5,0
391236,391236,391241,5,0
391236,391236,391241,5,0
391236,391236,391241,5,0
391236,391241,391244,3,5
391236,391241,391246,5,5
391236,391241,391246,5,5
391236,391241,391246,5,5
391236,391241,391246,5,5
391236,391241,391246,5,5
391236,391241,391246,5,5
391236,391241,391246,5,5
391236,391242,391246,4,6
391236,391241,391246,5,5
391236,391241,391246,5,5
391236,391241,391246,5,5
391236,391241,391246,5,5
391236,391241,391246,5,5
391236,391241,391246,5,5
391236,391241,391246,5,5
391236,391241,391246,5,5
391236,391241,391246,5,5
391236,391241,391246,5,5
391236,391241,391246,5,5
391236,391241,391246,5,5
391236,391241,391246,5,5
391236,391241,391246,5,5
391236,391241,391246,5,5
391236,391241,391246,5,5
391236,391243,391246,3,7
391236,391243,391246,3,7
391236,391241,391246,5,5
391236,391241,391246,5,5
391236,391241,391246,5,5
391236,391241,391246,5,5
391236,391241,391246,5,5
391236,391241,391246,5,5
391236,391241,391246,5,5
391236,391241,391246,5,5
391236,391241,391246,5,5
391236,391241,391246,5,5
391236,391241,391246,5,5
391236,391241,391246,5,5
391236,391241,391246,5,5
391236,391241,391246,5,5
391236,391241,391246,5,5
391236,391241,391246,5,5
391236,391241,391247,6,5
391236,391241,391246,5,5
391236,391241,391246,5,5
391236,391241,391246,5,5
391236,391241,391246,5,5
391236,391241,391246,5,5
391236,391241,391246,5,5
391236,391241,391246,5,5
391236,391241,391246,5,5
391236,391241,391246,5,5
391236,391241,391246,5,5
391236,391241,391246,5,5
391236,391241,391246,5,5
391236,391241,391246,5,5
391236,391241,391246,5,5
391236,391241,391247,6,5
391236,391241,391247,6,5
391236,391241,391247,6,5
391236,391242,391247,5,6
391236,391242,391247,5,6
391236,391242,391247,5,6
391236,391243,391247,4,7
391236,391243,391247,4,7
391236,391245,391247,2,9
391236,391243,391247,4,7
391236,391243,391247,4,7
391236,391243,391247,4,7
391236,391243,391247,4,7
391236,391243,391247,4,7
391236,391241,391247,6,5
391236,391243,391247,4,7
391236,391241,391247,6,5
391236,391241,391247,6,5
391236,391241,391247,6,5
391236,391243,391247,4,7
391236,391243,391247,4,7
391236,391243,391247,4,7
391236,391247,391249,2,11
391236,391247,391249,2,11
391236,391247,391250,3,11
391236,391247,391250,3,11
391236,391247,391250,3,11
391236,391247,391249,2,11
391236,391247,391249,2,11
391236,391247,391249,2,11
391236,391247,391250,3,11
391236,391247,391249,2,11
391236,391247,391249,2,11
391236,391247,391250,3,11
391236,391247,391249,2,11
391236,391247,391250,3,11
391236,391247,391249,2,11
391236,391247,391251,4,11
391236,391247,391250,3,11
391236,391247,391250,3,11
391236,391247,391251,4,11
391236,391247,391250,3,11
391236,391247,391250,3,11
391236,391247,391250,3,11
391236,391247,391250,3,11
391236,391247,391250,3,11
391236,391247,391251,4,11
391236,391247,391251,4,11
391236,391247,391251,4,11
391236,391247,391250,3,11
391236,391247,391250,3,11
391236,391247,391251,4,11
391236,391247,391250,3,11
391236,391247,391250,3,11
391236,391247,391250,3,11
391236,391247,391250,3,11
391236,391247,391250,3,11
391236,391247,391251,4,11
391236,391247,391251,4,11
391236,391247,391251,4,11
391236,391247,391251,4,11
391236,391241,391261,20,5
391265,391266,391271,5,1
391265,391266,391271,5,1
391265,391266,391271,5,1
391265,391266,391270,4,1
391265,391266,391271,5,1
391265,391266,391271,5,1
391265,391266,391270,4,1
391265,391266,391270,4,1
391265,391266,391271,5,1
391265,391266,391271,5,1
391265,391266,391271,5,1
391265,391266,391271,5,1
391265,391266,391271,5,1
391265,391266,391271,5,1
391265,391266,391271,5,1
391265,391266,391270,4,1
391265,391266,391271,5,1
391265,391266,391271,5,1
391265,391266,391271,5,1
391265,391266,391271,5,1
391265,391266,391271,5,1
391265,391266,391271,5,1
391265,391266,391271,5,1
391265,391266,391270,4,1
391265,391266,391271,5,1
391265,391266,391270,4,1
391265,391266,391270,4,1
391265,391266,391270,4,1
391265,391266,391271,5,1
391265,391266,391271,5,1
391265,391266,391270,4,1
391265,391266,391270,4,1
391265,391266,391271,5,1
391265,391266,391271,5,1
391265,391266,391271,5,1
391265,391266,391271,5,1
391265,391266,391270,4,1
391265,391266,391271,5,1
391265,391266,391270,4,1
391265,391266,391271,5,1
391265,391266,391271,5,1
391265,391266,391271,5,1
391265,391266,391270,4,1
391265,391266,391270,4,1
391265,391266,391271,5,1
391265,391266,391271,5,1
391265,391266,391271,5,1
391265,391266,391270,4,1
391265,391266,391271,5,1
391265,391266,391271,5,1
391265,391266,391271,5,1
391265,391266,391271,5,1
391265,391266,391271,5,1
391265,391266,391271,5,1
391265,391266,391272,6,1
391265,391266,391272,6,1
391265,391266,391272,6,1
391265,391266,391272,6,1
391265,391266,391271,5,1
391265,391266,391271,5,1
391265,391266,391271,5,1
391265,391266,391271,5,1
391265,391266,391271,5,1
391265,391266,391272,6,1
391265,391266,391271,5,1
391265,391266,391271,5,1
391265,391266,391272,6,1
391265,391266,391271,5,1
391265,391266,391271,5,1
391265,391266,391271,5,1
391265,391266,391271,5,1
391265,391266,391271,5,1
391265,391266,391271,5,1
391265,391266,391271,5,1
391265,391266,391271,5,1
391265,391266,391271,5,1
391265,391266,391271,5,1
391265,391266,391272,6,1
391265,391266,391272,6,1
391265,391266,391272,6,1
391265,391271,391273,2,6
391265,391271,391275,4,6
391265,391271,391275,4,6
391265,391271,391276,5,6
391265,391271,391276,5,6
391265,391271,391275,4,6
391265,391271,391275,4,6
391265,391271,391275,4,6
391265,391271,391275,4,6
391265,391271,391275,4,6
391265,391271,391276,5,6
391265,391271,391276,5,6
391265,391271,391275,4,6
391265,391271,391275,4,6
391265,391271,391276,5,6
391265,391271,391275,4,6
391265,391271,391275,4,6
391265,391271,391276,5,6
391265,391271,391276,5,6
391265,391271,391276,5,6
391265,391271,391275,4,6
391265,391271,391276,5,6
391265,391272,391276,4,7
391265,391271,391275,4,6
391265,391271,391275,4,6
391265,391271,391276,5,6
391265,391271,391276,5,6
391265,391272,391275,3,7
391265,391272,391276,4,7
391265,391271,391275,4,6
391265,391271,391275,4,6
391265,391271,391276,5,6
391265,391271,391276,5,6
391265,391271,391275,4,6
391265,391272,391275,3,7
391265,391272,391275,3,7
391265,391272,391276,4,7
391265,391271,391275,4,6
391265,391271,391276,5,6
391265,391271,391276,5,6
391265,391271,391275,4,6
391265,391271,391276,5,6
391265,391272,391276,4,7
391265,391272,391276,4,7
391265,391271,391275,4,6
391265,391271,391275,4,6
391265,391271,391276,5,6
391265,391271,391275,4,6
391265,391272,391275,3,7
391265,391272,391276,4,7
391265,391271,391276,5,6
391265,391271,391275,4,6
391265,391271,391276,5,6
391265,391271,391275,4,6
391265,391272,391275,3,7
391265,391272,391275,3,7
391265,391272,391276,4,7
391265,391271,391275,4,6
391265,391271,391276,5,6
391265,391271,391275,4,6
391265,391271,391276,5,6
391265,391271,391276,5,6
391265,391271,391276,5,6
391265,391271,391276,5,6
391265,391271,391276,5,6
391265,391272,391277,5,7
391265,391272,391277,5,7
391265,391272,391277,5,7
391265,391272,391276,4,7
391265,391272,391276,4,7
391265,391272,391277,5,7
391265,391272,391277,5,7
391265,391274,391276,2,9
391265,391272,391276,4,7
391265,391273,391276,3,8
391265,391272,391276,4,7
391265,391272,391276,4,7
391265,391273,391276,3,8
391265,391273,391276,3,8
391265,391272,391276,4,7
391265,391272,391276,4,7
391265,391276,391277,1,11
391265,391276,391278,2,11
391265,391276,391278,2,11
391265,391276,391278,2,11
391265,391276,391278,2,11
391265,391276,391278,2,11
391265,391276,391278,2,11
391265,391276,391278,2,11
391265,391276,391279,3,11
391265,391276,391279,3,11
391265,391276,391279,3,11
391265,391276,391278,2,11
391265,391276,391279,3,11
391265,391276,391279,3,11
391265,391276,391279,3,11
391265,391276,391279,3,11
391265,391276,391279,3,11
391265,391276,391279,3,11
391265,391276,391279,3,11
391265,391276,391279,3,11
391265,391276,391279,3,11
391265,391276,391279,3,11
391265,391276,391279,3,11
391265,391276,391279,3,11
391265,391276,391278,2,11
391265,391276,391279,3,11
391265,391276,391279,3,11
391265,391276,391279,3,11
391265,391276,391279,3,11
391265,391276,391279,3,11
391265,391276,391279,3,11
391265,391276,391279,3,11
391265,391276,391279,3,11
391265,391276,391279,3,11
391265,391276,391279,3,11
391265,391276,391279,3,11
391265,391276,391279,3,11
391265,391276,391279,3,11
391265,391276,391279,3,11
391285,391285,391290,5,0
391285,391285,391290,5,0
391285,391285,391290,5,0
391285,391285,391290,5,0
391285,391285,391290,5,0
391285,391285,391290,5,0
391285,391285,391290,5,0
391285,391285,391290,5,0
391285,391285,391290,5,0
391285,391285,391290,5,0
391285,391285,391289,4,0
391285,391285,391290,5,0
391285,391285,391290,5,0
391285,391285,391290,5,0
391285,391285,391290,5,0
391285,391285,391290,5,0
391285,391285,391290,5,0
391285,391285,391290,5,0
391285,391285,391290,5,0
391285,391285,391291,6,0
391285,391285,391291,6,0
391285,391285,391291,6,0
391285,391285,391291,6,0
391285,391285,391291,6,0
391285,391285,391290,5,0
391285,391285,391290,5,0
391285,391285,391290,5,0
391285,391285,391290,5,0
391285,391285,391290,5,0
391285,391285,391291,6,0
391285,391285,391290,5,0
391285,391285,391291,6,0
391285,391285,391290,5,0
391285,391285,391290,5,0
391285,391285,391291,6,0
391285,391285,391291,6,0
391285,391285,391290,5,0
391285,391285,391291,6,0
391285,391285,391291,6,0
391285,391285,391291,6,0
391285,391285,391290,5,0
391285,391285,391291,6,0
391285,391285,391291,6,0
391285,391285,391290,5,0
391285,391285,391290,5,0
391285,391285,391291,6,0
391285,391285,391291,6,0
391285,391285,391291,6,0
391285,391285,391291,6,0
391285,391285,391291,6,0
391285,391285,391291,6,0
391285,391285,391290,5,0
391285,391285,391290,5,0
391285,391285,391290,5,0
391285,391285,391291,6,0
391285,391285,391291,6,0
391285,391285,391290,5,0
391285,391285,391291,6,0
391285,391285,391290,5,0
391285,391285,391290,5,0
391285,391285,391291,6,0
391285,391285,391291,6,0
391285,391285,391290,5,0
391285,391285,391290,5,0
391285,391285,391290,5,0
391285,391285,391290,5,0
391285,391285,391290,5,0
391285,391285,391290,5,0
391285,391285,391290,5,0
391285,391285,391291,6,0
391285,391285,391290,5,0
391285,391285,391290,5,0
391285,391285,391290,5,0
391285,391285,391290,5,0
391285,391285,391290,5,0
391285,391285,391290,5,0
391285,391285,391290,5,0
391285,391285,391291,6,0
391285,391285,391291,6,0
391285,391290,391292,2,5
391285,391290,391292,2,5
391285,391290,391292,2,5
391285,391290,391292,2,5
391285,391290,391292,2,5
391285,391290,391292,2,5
391285,391290,391292,2,5
391285,391290,391292,2,5
391285,391290,391293,3,5
391285,391290,391293,3,5
391285,391290,391293,3,5
391285,391290,391293,3,5
391285,391290,391293,3,5
391285,391290,391293,3,5
391285,391290,391293,3,5
391285,391290,391293,3,5
391285,391291,391294,3,6
391285,391291,391294,3,6
391285,391291,391295,4,6
391285,391291,391295,4,6
391285,391291,391295,4,6
391285,391291,391295,4,6
391285,391291,391295,4,6
391285,391291,391295,4,6
391285,391291,391295,4,6
391285,391291,391295,4,6
391285,391291,391295,4,6
391285,391291,391295,4,6
391285,391291,391295,4,6
391285,391291,391295,4,6
391285,391291,391295,4,6
391285,391292,391296,4,7
391285,391291,391295,4,6
391285,391291,391295,4,6
391285,391291,391295,4,6
391285,391291,391295,4,6
391285,391292,391295,3,7
391285,391293,391296,3,8
391285,391293,391296,3,8
391285,391291,391295,4,6
391285,391291,391295,4,6
391285,391292,391295,3,7
391285,391292,391295,3,7
391285,391292,391295,3,7
391285,391292,391295,3,7
391285,391291,391295,4,6
391285,391291,391295,4,6
391285,391291,391295,4,6
391285,391292,391295,3,7
391285,391292,391295,3,7
391285,391292,391295,3,7
391285,391292,391295,3,7
391285,391292,391295,3,7
391285,391292,391295,3,7
391285,391292,391295,3,7
391285,391292,391296,4,7
391285,391292,391296,4,7
391285,391292,391295,3,7
391285,391292,391295,3,7
391285,391292,391295,3,7
391285,391292,391296,4,7
391285,391292,391295,3,7
391285,391292,391295,3,7
391285,391292,391295,3,7
391285,391292,391295,3,7
391285,391292,391295,3,7
391285,391292,391295,3,7
391285,391292,391295,3,7
391285,391292,391295,3,7
391285,391292,391295,3,7
391285,391292,391295,3,7
391285,391292,391295,3,7
391285,391292,391295,3,7
391285,391293,391296,3,8
391285,391293,391296,3,8
391285,391293,391296,3,8
391285,391293,391296,3,8
391285,391292,391296,4,7
391285,391292,391296,4,7
391285,391285,391296,11,0
391285,391292,391296,4,7
391285,391294,391296,2,9
391285,391292,391296,4,7
391285,391292,391296,4,7
391285,391293,391296,3,8
391285,391292,391296,4,7
391285,391292,391296,4,7
391285,391294,391296,2,9
391285,391294,391296,2,9
391285,391294,391297,3,9
391285,391293,391296,3,8
391285,391295,391297,2,10
391285,391296,391297,1,11
391285,391296,391297,1,11
391285,391296,391298,2,11
391285,391296,391297,1,11
391285,391296,391298,2,11
391285,391296,391297,1,11
391285,391295,391297,2,10
391285,391296,391297,1,11
391285,391296,391297,1,11
391285,391296,391297,1,11
391285,391294,391297,3,9
391285,391293,391297,4,8
391285,391296,391298,2,11
391285,391294,391297,3,9
391285,391294,391297,3,9
391285,391294,391297,3,9
391285,391296,391298,2,11
391285,391296,391298,2,11
391285,391296,391297,1,11
391285,391296,391298,2,11
391285,391296,391298,2,11
391285,391296,391298,2,11
391285,391296,391298,2,11
391285,391296,391298,2,11
391285,391296,391298,2,11
391285,391296,391298,2,11
391285,391296,391298,2,11
391285,391296,391298,2,11
391285,391296,391298,2,11
391303,391303,391308,5,0
391303,391303,391308,5,0
391303,391303,391308,5,0
391303,391303,391308,5,0
391303,391303,391308,5,0
391303,391303,391308,5,0
391303,391303,391308,5,0
391303,391303,391308,5,0
391303,391303,391308,5,0
391303,391303,391308,5,0
391303,391303,391308,5,0
391303,391303,391308,5,0
391303,391303,391308,5,0
391303,391303,391308,5,0
391303,391303,391308,5,0
391303,391303,391308,5,0
391303,391303,391308,5,0
391303,391303,391308,5,0
391303,391303,391308,5,0
391303,391303,391308,5,0
391303,391303,391308,5,0
391303,391303,391308,5,0
391303,391303,391308,5,0
391303,391303,391308,5,0
391303,391303,391308,5,0
391303,391303,391308,5,0
391303,391303,391308,5,0
391303,391303,391308,5,0
391303,391303,391308,5,0
391303,391303,391308,5,0
391303,391303,391308,5,0
391303,391303,391308,5,0
391303,391303,391308,5,0
391303,391303,391308,5,0
391303,391303,391308,5,0
391303,391303,391308,5,0
391303,391303,391308,5,0
391303,391303,391308,5,0
391303,391303,391308,5,0
391303,391303,391308,5,0
391303,391303,391308,5,0
391303,391303,391308,5,0
391303,391303,391308,5,0
391303,391303,391308,5,0
391303,391303,391308,5,0
391303,391303,391308,5,0
391303,391303,391308,5,0
391303,391303,391308,5,0
391303,391303,391309,6,0
391303,391303,391309,6,0
391303,391303,391308,5,0
391303,391303,391309,6,0
391303,391303,391308,5,0
391303,391303,391309,6,0
391303,391303,391309,6,0
391303,391303,391309,6,0
391303,391303,391308,5,0
391303,391303,391308,5,0
391303,391303,391308,5,0
391303,391303,391308,5,0
391303,391303,391309,6,0
391303,391303,391309,6,0
391303,391303,391309,6,0
391303,391303,391308,5,0
391303,391303,391308,5,0
391303,391303,391308,5,0
391303,391303,391309,6,0
391303,391303,391309,6,0
391303,391303,391309,6,0
391303,391303,391308,5,0
391303,391303,391310,7,0
391303,391303,391309,6,0
391303,391303,391309,6,0
391303,391303,391309,6,0
391303,391303,391310,7,0
391303,391303,391310,7,0
391303,391303,391310,7,0
391303,391303,391310,7,0
391303,391303,391310,7,0
391303,391303,391310,7,0
391303,391308,391311,3,5
391303,391308,391311,3,5
391303,391308,391313,5,5
391303,391308,391313,5,5
391303,391308,391313,5,5
391303,391308,391313,5,5
391303,391308,391313,5,5
391303,391310,391313,3,7
391303,391310,391313,3,7
391303,391310,391313,3,7
391303,391308,391313,5,5
391303,391309,391313,4,6
391303,391309,391313,4,6
391303,391308,391313,5,5
391303,391308,391313,5,5
391303,391308,391313,5,5
391303,391308,391313,5,5
391303,391308,391313,5,5
391303,391308,391313,5,5
391303,391308,391313,5,5
391303,391308,391313,5,5
391303,391308,391313,5,5
391303,391308,391313,5,5
391303,391308,391313,5,5
391303,391310,391313,3,7
391303,391310,391313,3,7
391303,391308,391313,5,5
391303,391308,391313,5,5
391303,391308,391313,5,5
391303,391308,391313,5,5
391303,391308,391313,5,5
391303,391310,391313,3,7
391303,391308,391313,5,5
391303,391308,391313,5,5
391303,391310,391313,3,7
391303,391310,391313,3,7
391303,391308,391313,5,5
391303,391308,391313,5,5
391303,391308,391313,5,5
391303,391308,391313,5,5
391303,391308,391313,5,5
391303,391310,391313,3,7
391303,391308,391313,5,5
391303,391308,391313,5,5
391303,391308,391313,5,5
391303,391309,391313,4,6
391303,391310,391314,4,7
391303,391310,391314,4,7
391303,391308,391313,5,5
391303,391308,391313,5,5
391303,391308,391313,5,5
391303,391308,391313,5,5
391303,391308,391313,5,5
391303,391308,391313,5,5
391303,391309,391313,4,6
391303,391309,391313,4,6
391303,391309,391313,4,6
391303,391309,391313,4,6
391303,391310,391314,4,7
391303,391309,391314,5,6
391303,391309,391314,5,6
391303,391309,391314,5,6
391303,391310,391314,4,7
391303,391312,391314,2,9
391303,391311,391314,3,8
391303,391311,391314,3,8
391303,391310,391314,4,7
391303,391310,391314,4,7
391303,391310,391314,4,7
391303,391310,391314,4,7
391303,391310,391314,4,7
391303,391310,391315,5,7
391303,391310,391315,5,7
391303,391309,391314,5,6
391303,391312,391314,2,9
391303,391311,391314,3,8
391303,391311,391314,3,8
391303,391310,391314,4,7
391303,391311,391314,3,8
391303,391310,391314,4,7
391303,391310,391314,4,7
391303,391310,391314,4,7
391303,391314,391316,2,11
391303,391314,391316,2,11
391303,391314,391316,2,11
391303,391314,391317,3,11
391303,391314,391316,2,11
391303,391314,391316,2,11
391303,391314,391317,3,11
391303,391314,391316,2,11
391303,391314,391316,2,11
391303,391314,391316,2,11
391303,391314,391316,2,11
391303,391314,391317,3,11
391303,391314,391316,2,11
391303,391314,391317,3,11
391303,391314,391317,3,11
391303,391314,391316,2,11
391303,391314,391317,3,11
391303,391314,391316,2,11
391303,391314,391316,2,11
391303,391314,391316,2,11
391303,391314,391317,3,11
391303,391314,391317,3,11
391303,391314,391316,2,11
391303,391314,391316,2,11
391303,391314,391316,2,11
391303,391314,391317,3,11
391303,391314,391317,3,11
391303,391314,391317,3,11
391303,391314,391317,3,11
391303,391314,391317,3,11
391303,391314,391317,3,11
391303,391314,391317,3,11
391303,391314,391317,3,11
391303,391314,391317,3,11
391303,391314,391317,3,11
391303,391314,391317,3,11
391303,391314,391317,3,11
391303,391314,391317,3,11
391322,391322,391327,5,0
391322,391322,391327,5,0
391322,391322,391327,5,0
391322,391322,391327,5,0
391322,391322,391327,5,0
391322,391322,391327,5,0
391322,391322,391327,5,0
391322,391322,391327,5,0
391322,391322,391327,5,0
391322,391322,391327,5,0
391322,391322,391327,5,0
391322,391322,391327,5,0
391322,391322,391327,5,0
391322,391322,391327,5,0
391322,391322,391327,5,0
391322,391322,391327,5,0
391322,391322,391327,5,0
391322,391322,391327,5,0
391322,391322,391327,5,0
391322,391322,391327,5,0
391322,391322,391327,5,0
391322,391322,391327,5,0
391322,391322,391327,5,0
391322,391322,391327,5,0
391322,391322,391327,5,0
391322,391322,391327,5,0
391322,391322,391327,5,0
391322,391322,391327,5,0
391322,391322,391327,5,0
391322,391322,391327,5,0
391322,391322,391327,5,0
391322,391322,391327,5,0
391322,391322,391327,5,0
391322,391322,391327,5,0
391322,391322,391327,5,0
391322,391322,391327,5,0
391322,391322,391327,5,0
391322,391322,391327,5,0
391322,391322,391327,5,0
391322,391322,391327,5,0
391322,391322,391327,5,0
391322,391322,391327,5,0
391322,391322,391327,5,0
391322,391322,391327,5,0
391322,391322,391327,5,0
391322,391322,391327,5,0
391322,391322,391327,5,0
391322,391322,391327,5,0
391322,391322,391327,5,0
391322,391322,391327,5,0
391322,391322,391327,5,0
391322,391322,391327,5,0
391322,391322,391327,5,0
391322,391322,391327,5,0
391322,391322,391327,5,0
391322,391322,391327,5,0
391322,391322,391327,5,0
391322,391322,391327,5,0
391322,391322,391327,5,0
391322,391322,391327,5,0
391322,391322,391327,5,0
391322,391322,391327,5,0
391322,391322,391327,5,0
391322,391322,391327,5,0
391322,391322,391327,5,0
391322,391322,391328,6,0
391322,391322,391327,5,0
391322,391322,391327,5,0
391322,391322,391328,6,0
391322,391322,391328,6,0
391322,391322,391328,6,0
391322,391322,391328,6,0
391322,391322,391328,6,0
391322,391322,391328,6,0
391322,391322,391328,6,0
391322,391322,391328,6,0
391322,391322,391328,6,0
391322,391322,391328,6,0
391322,391322,391328,6,0
391322,391322,391328,6,0
391322,391328,391331,3,6
391322,391328,391332,4,6
391322,391328,391333,5,6
391322,391328,391332,4,6
391322,391328,391332,4,6
391322,391328,391332,4,6
391322,391328,391332,4,6
391322,391328,391333,5,6
391322,391328,391332,4,6
391322,391328,391332,4,6
391322,391328,391332,4,6
391322,391328,391332,4,6
391322,391328,391332,4,6
391322,391328,391332,4,6
391322,391328,391332,4,6
391322,391328,391332,4,6
391322,391328,391332,4,6
391322,391328,391332,4,6
391322,391328,391332,4,6
391322,391328,391332,4,6
391322,391328,391332,4,6
391322,391328,391332,4,6
391322,391328,391333,5,6
391322,391328,391332,4,6
391322,391328,391333,5,6
391322,391328,391333,5,6
391322,391328,391333,5,6
391322,391328,391333,5,6
391322,391328,391332,4,6
391322,391328,391332,4,6
391322,391328,391332,4,6
391322,391328,391332,4,6
391322,391328,391332,4,6
391322,391328,391332,4,6
391322,391328,391332,4,6
391322,391328,391332,4,6
391322,391328,391332,4,6
391322,391328,391332,4,6
391322,391328,391332,4,6
391322,391328,391332,4,6
391322,391329,391332,3,7
391322,391328,391333,5,6
391322,391328,391333,5,6
391322,391328,391333,5,6
391322,391328,391333,5,6
391322,391328,391333,5,6
391322,391328,391333,5,6
391322,391328,391332,4,6
391322,391328,391332,4,6
391322,391328,391332,4,6
391322,391328,391332,4,6
391322,391328,391332,4,6
391322,391328,391333,5,6
391322,391329,391333,4,7
391322,391328,391332,4,6
391322,391328,391332,4,6
391322,391328,391332,4,6
391322,391328,391332,4,6
391322,391329,391333,4,7
391322,391329,391333,4,7
391322,391332,391333,1,10
391322,391329,391333,4,7
391322,391329,391333,4,7
391322,391328,391333,5,6
391322,391329,391333,4,7
391322,391329,391333,4,7
391322,391328,391333,5,6
391322,391328,391334,6,6
391322,391328,391333,5,6
391322,391328,391333,5,6
391322,391328,391333,5,6
391322,391328,391333,5,6
391322,391328,391333,5,6
391322,391328,391333,5,6
391322,391329,391333,4,7
391322,391328,391333,5,6
391322,391328,391333,5,6
391322,391329,391333,4,7
391322,391328,391333,5,6
391322,391329,391333,4,7
391322,391329,391334,5,7
391322,391333,391335,2,11
391322,391333,391335,2,11
391322,391333,391335,2,11
391322,391333,391335,2,11
391322,391333,391335,2,11
391322,391333,391336,3,11
391322,391333,391335,2,11
391322,391333,391335,2,11
391322,391333,391335,2,11
391322,391333,391335,2,11
391322,391333,391336,3,11
391322,391333,391335,2,11
391322,391333,391336,3,11
391322,391333,391335,2,11
391322,391333,391336,3,11
391322,391333,391336,3,11
391322,391333,391335,2,11
391322,391333,391336,3,11
391322,391333,391336,3,11
391322,391333,391335,2,11
391322,391333,391336,3,11
391322,391333,391336,3,11
391322,391333,391336,3,11
391322,391333,391336,3,11
391322,391333,391335,2,11
391322,391333,391335,2,11
391322,391333,391336,3,11
391322,391333,391335,2,11
391322,391333,391336,3,11
391322,391333,391335,2,11
391322,391333,391336,3,11
391322,391333,391336,3,11
391322,391333,391336,3,11
391322,391333,391336,3,11
391322,391333,391336,3,11
391322,391333,391336,3,11
391322,391333,391336,3,11
391322,391333,391336,3,11
391322,391333,391336,3,11
391341,391341,391346,5,0
391341,391341,391346,5,0
391341,391341,391346,5,0
391341,391341,391346,5,0
391341,391341,391346,5,0
391341,391341,391346,5,0
391341,391341,391346,5,0
391341,391341,391347,6,0
391341,391341,391347,6,0
391341,391341,391347,6,0
391341,391341,391347,6,0
391341,391341,391347,6,0
391341,391341,391347,6,0
391341,391341,391347,6,0
391341,391341,391347,6,0
391341,391341,391347,6,0
391341,391341,391347,6,0
391341,391341,391347,6,0
391341,391341,391347,6,0
391341,391341,391347,6,0
391341,391341,391347,6,0
391341,391341,391347,6,0
391341,391341,391347,6,0
391341,391341,391347,6,0
391341,391341,391347,6,0
391341,391341,391347,6,0
391341,391341,391347,6,0
391341,391341,391347,6,0
391341,391341,391347,6,0
391341,391341,391347,6,0
391341,391341,391347,6,0
391341,391341,391347,6,0
391341,391341,391347,6,0
391341,391341,391347,6,0
391341,391341,391347,6,0
391341,391341,391347,6,0
391341,391341,391347,6,0
391341,391341,391347,6,0
391341,391341,391347,6,0
391341,391341,391347,6,0
391341,391341,391347,6,0
391341,391341,391347,6,0
391341,391341,391347,6,0
391341,391341,391347,6,0
391341,391341,391347,6,0
391341,391341,391347,6,0
391341,391341,391347,6,0
391341,391341,391347,6,0
391341,391341,391347,6,0
391341,391341,391347,6,0
391341,391341,391348,7,0
391341,391341,391348,7,0
391341,391341,391347,6,0
391341,391341,391347,6,0
391341,391341,391347,6,0
391341,391341,391347,6,0
391341,391341,391347,6,0
391341,391341,391347,6,0
391341,391341,391347,6,0
391341,391341,391347,6,0
391341,391341,391347,6,0
391341,391341,391347,6,0
391341,391341,391347,6,0
391341,391341,391347,6,0
391341,391341,391347,6,0
391341,391341,391347,6,0
391341,391341,391347,6,0
391341,391341,391347,6,0
391341,391341,391347,6,0
391341,391341,391347,6,0
391341,391341,391347,6,0
391341,391341,391347,6,0
391341,391341,391347,6,0
391341,391341,391347,6,0
391341,391341,391347,6,0
391341,391341,391347,6,0
391341,391341,391347,6,0
391341,391341,391347,6,0
391341,391347,391348,1,6
391341,391341,391348,7,0
391341,391347,391348,1,6
391341,391347,391348,1,6
391341,391347,391348,1,6
391341,391347,391348,1,6
391341,391347,391348,1,6
391341,391347,391348,1,6
391341,391348,391352,4,7
391341,391348,391352,4,7
391341,391348,391352,4,7
391341,391348,391352,4,7
391341,391348,391352,4,7
391341,391348,391352,4,7
391341,391348,391352,4,7
391341,391348,391352,4,7
391341,391348,391353,5,7
391341,391348,391352,4,7
391341,391348,391352,4,7
391341,391348,391352,4,7
391341,391348,391352,4,7
391341,391348,391352,4,7
391341,391348,391353,5,7
391341,391348,391353,5,7
391341,391348,391352,4,7
391341,391348,391352,4,7
391341,391348,391352,4,7
391341,391348,391352,4,7
391341,391348,391352,4,7
391341,391348,391353,5,7
391341,391348,391352,4,7
391341,391348,391352,4,7
391341,391348,391352,4,7
391341,391348,391352,4,7
391341,391348,391352,4,7
391341,391348,391352,4,7
391341,391348,391352,4,7
391341,391348,391352,4,7
391341,391348,391352,4,7
391341,391348,391352,4,7
391341,391348,391352,4,7
391341,391348,391352,4,7
391341,391348,391353,5,7
391341,391348,391353,5,7
391341,391349,391353,4,8
391341,391348,391352,4,7
391341,391348,391352,4,7
391341,391348,391352,4,7
391341,391348,391352,4,7
391341,391348,391352,4,7
391341,391348,391353,5,7
391341,391348,391352,4,7
391341,391348,391352,4,7
391341,391348,391352,4,7
391341,391348,391353,5,7
391341,391348,391352,4,7
391341,391348,391353,5,7
391341,391348,391352,4,7
391341,391348,391352,4,7
391341,391348,391353,5,7
391341,391348,391352,4,7
391341,391348,391353,5,7
391341,391348,391353,5,7
391341,391348,391352,4,7
391341,391348,391352,4,7
391341,391348,391353,5,7
391341,391348,391352,4,7
391341,391348,391352,4,7
391341,391348,391353,5,7
391341,391348,391353,5,7
391341,391348,391353,5,7
391341,391348,391353,5,7
391341,391348,391352,4,7
391341,391348,391352,4,7
391341,391348,391353,5,7
391341,391348,391353,5,7
391341,391349,391354,5,8
391341,391348,391353,5,7
391341,391349,391353,4,8
391341,391349,391354,5,8
391341,391348,391353,5,7
391341,391349,391353,4,8
391341,391352,391354,2,11
391341,391349,391353,4,8
391341,391349,391354,5,8
391341,391348,391353,5,7
391341,391348,391353,5,7
391341,391349,391353,4,8
391341,391353,391355,2,12
391341,391353,391355,2,12
391341,391353,391355,2,12
391341,391353,391355,2,12
391341,391353,391355,2,12
391341,391353,391355,2,12
391341,391353,391355,2,12
391341,391352,391354,2,11
391341,391353,391355,2,12
391341,391353,391355,2,12
391341,391353,391355,2,12
391341,391353,391355,2,12
391341,391353,391355,2,12
391341,391353,391355,2,12
391341,391353,391355,2,12
391341,391353,391356,3,12
391341,391353,391355,2,12
391341,391353,391355,2,12
391341,391353,391355,2,12
391341,391353,391355,2,12
391341,391353,391356,3,12
391341,391353,391355,2,12
391341,391353,391355,2,12
391341,391353,391356,3,12
391341,391353,391356,3,12
391341,391353,391356,3,12
391341,391353,391356,3,12
391341,391353,391356,3,12
391341,391353,391356,3,12
391341,391353,391356,3,12
391341,391353,391356,3,12
391341,391353,391356,3,12
391341,391353,391355,2,12
391341,391341,391362,21,0
391366,391366,391371,5,0
391366,391366,391371,5,0
391366,391366,391371,5,0
391366,391366,391371,5,0
391366,391366,391371,5,0
391366,391366,391371,5,0
391366,391366,391371,5,0
391366,391366,391372,6,0
391366,391366,391372,6,0
391366,391366,391372,6,0
391366,391366,391372,6,0
391366,391366,391372,6,0
391366,391366,391372,6,0
391366,391366,391372,6,0
391366,391366,391372,6,0
391366,391366,391372,6,0
391366,391366,391372,6,0
391366,391366,391372,6,0
391366,391366,391372,6,0
391366,391366,391372,6,0
391366,391366,391372,6,0
391366,391366,391372,6,0
391366,391366,391372,6,0
391366,391366,391372,6,0
391366,391366,391372,6,0
391366,391366,391372,6,0
391366,391366,391371,5,0
391366,391366,391372,6,0
391366,391366,391372,6,0
391366,391366,391372,6,0
391366,391366,391372,6,0
391366,391366,391372,6,0
391366,391366,391372,6,0
391366,391366,391372,6,0
391366,391366,391372,6,0
391366,391366,391372,6,0
391366,391366,391372,6,0
391366,391366,391372,6,0
391366,391366,391372,6,0
391366,391366,391372,6,0
391366,391366,391371,5,0
391366,391366,391372,6,0
391366,391366,391371,5,0
391366,391366,391372,6,0
391366,391366,391372,6,0
391366,391366,391372,6,0
391366,391366,391372,6,0
391366,391366,391371,5,0
391366,391366,391372,6,0
391366,391366,391371,5,0
391366,391366,391371,5,0
391366,391366,391372,6,0
391366,391366,391372,6,0
391366,391366,391372,6,0
391366,391366,391372,6,0
391366,391366,391372,6,0
391366,391366,391372,6,0
391366,391366,391372,6,0
391366,391366,391372,6,0
391366,391366,391372,6,0
391366,391366,391372,6,0
391366,391366,391372,6,0
391366,391366,391372,6,0
391366,391366,391371,5,0
391366,391366,391371,5,0
391366,391366,391371,5,0
391366,391366,391372,6,0
391366,391366,391372,6,0
391366,391366,391372,6,0
391366,391366,391372,6,0
391366,391366,391372,6,0
391366,391366,391371,5,0
391366,391366,391371,5,0
391366,391366,391372,6,0
391366,391366,391372,6,0
391366,391366,391372,6,0
391366,391366,391372,6,0
391366,391366,391372,6,0
391366,391366,391372,6,0
391366,391371,391373,2,5
391366,391372,391373,1,6
391366,391372,391373,1,6
391366,391372,391373,1,6
391366,391372,391373,1,6
391366,391372,391373,1,6
391366,391372,391373,1,6
391366,391373,391375,2,7
391366,391373,391377,4,7
391366,391373,391377,4,7
391366,391373,391377,4,7
391366,391373,391377,4,7
391366,391373,391377,4,7
391366,391373,391377,4,7
391366,391373,391377,4,7
391366,391373,391377,4,7
391366,391373,391377,4,7
391366,391373,391377,4,7
391366,391373,391377,4,7
391366,391373,391377,4,7
391366,391373,391378,5,7
391366,391373,391378,5,7
391366,391373,391377,4,7
391366,391373,391377,4,7
391366,391373,391377,4,7
391366,391373,391377,4,7
391366,391373,391377,4,7
391366,391373,391377,4,7
391366,391373,391378,5,7
391366,391373,391377,4,7
391366,391373,391377,4,7
391366,391373,391377,4,7
391366,391373,391377,4,7
391366,391373,391377,4,7
391366,391373,391377,4,7
391366,391373,391378,5,7
391366,391373,391377,4,7
391366,391373,391377,4,7
391366,391373,391378,5,7
391366,391373,391377,4,7
391366,391373,391378,5,7
391366,391373,391378,5,7
391366,391373,391378,5,7
391366,391373,391377,4,7
391366,391373,391377,4,7
391366,391373,391377,4,7
391366,391373,391377,4,7
391366,391373,391377,4,7
391366,391373,391377,4,7
391366,391373,391377,4,7
391366,391373,391377,4,7
391366,391373,391378,5,7
391366,391373,391377,4,7
391366,391373,391378,5,7
391366,391373,391377,4,7
391366,391373,391377,4,7
391366,391373,391377,4,7
391366,391373,391377,4,7
391366,391373,391377,4,7
391366,391373,391377,4,7
391366,391373,391377,4,7
391366,391373,391377,4,7
391366,391373,391377,4,7
391366,391373,391377,4,7
391366,391373,391377,4,7
391366,391373,391378,5,7
391366,391373,391378,5,7
391366,391373,391378,5,7
391366,391373,391378,5,7
391366,391374,391378,4,8
391366,391374,391378,4,8
391366,391374,391378,4,8
391366,391374,391378,4,8
391366,391374,391379,5,8
391366,391374,391378,4,8
391366,391373,391378,5,7
391366,391373,391378,5,7
391366,391373,391378,5,7
391366,391373,391378,5,7
391366,391374,391378,4,8
391366,391373,391378,5,7
391366,391373,391378,5,7
391366,391373,391378,5,7
391366,391376,391378,2,10
391366,391373,391378,5,7
391366,391373,391378,5,7
391366,391373,391378,5,7
391366,391378,391380,2,12
391366,391378,391380,2,12
391366,391378,391380,2,12
391366,391378,391381,3,12
391366,391378,391380,2,12
391366,391378,391380,2,12
391366,391378,391381,3,12
391366,391378,391381,3,12
391366,391378,391380,2,12
391366,391378,391380,2,12
391366,391378,391380,2,12
391366,391378,391381,3,12
391366,391378,391381,3,12
391366,391378,391380,2,12
391366,391378,391381,3,12
391366,391378,391381,3,12
391366,391378,391380,2,12
391366,391378,391380,2,12
391366,391378,391380,2,12
391366,391378,391381,3,12
391366,391378,391381,3,12
391366,391378,391380,2,12
391366,391378,391380,2,12
391366,391378,391381,3,12
391366,391378,391381,3,12
391366,391378,391380,2,12
391366,391378,391380,2,12
391366,391378,391381,3,12
391366,391378,391381,3,12
391366,391378,391381,3,12
391366,391378,391381,3,12
391366,391378,391381,3,12
391366,391378,391381,3,12
391366,391366,391383,17,0
391389,391389,391393,4,0
391389,391389,391394,5,0
391389,391389,391394,5,0
391389,391389,391393,4,0
391389,391389,391394,5,0
391389,391389,391394,5,0
391389,391389,391393,4,0
391389,391389,391393,4,0
391389,391389,391393,4,0
391389,391389,391393,4,0
391389,391389,391393,4,0
391389,391389,391393,4,0
391389,391389,391393,4,0
391389,391389,391393,4,0
391389,391389,391393,4,0
391389,391389,391393,4,0
391389,391389,391393,4,0
391389,391389,391394,5,0
391389,391389,391393,4,0
391389,391389,391393,4,0
391389,391389,391393,4,0
391389,391389,391393,4,0
391389,391389,391393,4,0
391389,391389,391393,4,0
391389,391389,391394,5,0
391389,391389,391394,5,0
391389,391389,391393,4,0
391389,391389,391393,4,0
391389,391389,391393,4,0
391389,391389,391393,4,0
391389,391389,391394,5,0
391389,391389,391394,5,0
391389,391389,391393,4,0
391389,391389,391393,4,0
391389,391389,391394,5,0
391389,391389,391394,5,0
391389,391389,391394,5,0
391389,391389,391393,4,0
391389,391389,391393,4,0
391389,391389,391393,4,0
391389,391389,391394,5,0
391389,391389,391394,5,0
391389,391389,391393,4,0
391389,391389,391394,5,0
391389,391389,391393,4,0
391389,391389,391393,4,0
391389,391389,391393,4,0
391389,391389,391393,4,0
391389,391389,391393,4,0
391389,391389,391393,4,0
391389,391389,391393,4,0
391389,391389,391393,4,0
391389,391389,391393,4,0
391389,391389,391393,4,0
391389,391389,391393,4,0
391389,391389,391393,4,0
391389,391389,391393,4,0
391389,391389,391393,4,0
391389,391389,391394,5,0
391389,391389,391394,5,0
391389,391389,391393,4,0
391389,391389,391393,4,0
391389,391389,391394,5,0
391389,391389,391393,4,0
391389,391389,391393,4,0
391389,391389,391394,5,0
391389,391389,391393,4,0
391389,391389,391394,5,0
391389,391389,391394,5,0
391389,391389,391394,5,0
391389,391389,391394,5,0
391389,391389,391394,5,0
391389,391389,391394,5,0
391389,391389,391394,5,0
391389,391389,391394,5,0
391389,391389,391394,5,0
391389,391389,391394,5,0
391389,391389,391394,5,0
391389,391389,391394,5,0
391389,391389,391394,5,0
391389,391394,391398,4,5
391389,391394,391398,4,5
391389,391394,391399,5,5
391389,391394,391399,5,5
391389,391394,391399,5,5
391389,391394,391399,5,5
391389,391394,391399,5,5
391389,391394,391399,5,5
391389,391394,391399,5,5
391389,391394,391399,5,5
391389,391394,391399,5,5
391389,391394,391399,5,5
391389,391394,391399,5,5
391389,391394,391399,5,5
391389,391394,391399,5,5
391389,391394,391399,5,5
391389,391394,391399,5,5
391389,391394,391399,5,5
391389,391394,391399,5,5
391389,391394,391398,4,5
391389,391394,391399,5,5
391389,391394,391399,5,5
391389,391394,391399,5,5
391389,391394,391399,5,5
391389,391395,391399,4,6
391389,391395,391399,4,6
391389,391394,391399,5,5
391389,391394,391399,5,5
391389,391394,391399,5,5
391389,391394,391399,5,5
391389,391394,391399,5,5
391389,391394,391399,5,5
391389,391394,391399,5,5
391389,391394,391399,5,5
391389,391394,391399,5,5
391389,391394,391399,5,5
391389,391395,391399,4,6
391389,391394,391399,5,5
391389,391394,391399,5,5
391389,391394,391399,5,5
391389,391394,391399,5,5
391389,391395,391399,4,6
391389,391394,391399,5,5
391389,391394,391399,5,5
391389,391394,391399,5,5
391389,391394,391399,5,5
391389,391394,391399,5,5
391389,391394,391399,5,5
391389,391394,391399,5,5
391389,391394,391399,5,5
391389,391394,391399,5,5
391389,391394,391399,5,5
391389,391395,391399,4,6
391389,391395,391399,4,6
391389,391394,391400,6,5
391389,391394,391400,6,5
391389,391395,391400,5,6
391389,391395,391400,5,6
391389,391394,391400,6,5
391389,391394,391400,6,5
391389,391394,391399,5,5
391389,391395,391400,5,6
391389,391395,391400,5,6
391389,391398,391400,2,9
391389,391394,391400,6,5
391389,391394,391400,6,5
391389,391394,391400,6,5
391389,391394,391399,5,5
391389,391394,391400,6,5
391389,391395,391400,5,6
391389,391395,391400,5,6
391389,391395,391400,5,6
391389,391394,391400,6,5
391389,391394,391399,5,5
391389,391394,391400,6,5
391389,391395,391400,5,6
391389,391395,391400,5,6
391389,391395,391401,6,6
391389,391395,391401,6,6
391389,391395,391401,6,6
391389,391399,391401,2,10
391389,391398,391401,3,9
391389,391395,391401,6,6
391389,391399,391402,3,10
391389,391399,391402,3,10
391389,391399,391402,3,10
391389,391399,391402,3,10
391389,391399,391402,3,10
391389,391399,391402,3,10
391389,391399,391402,3,10
391389,391399,391402,3,10
391389,391399,391402,3,10
391389,391399,391402,3,10
391389,391399,391402,3,10
391389,391399,391402,3,10
391389,391399,391402,3,10
391389,391399,391402,3,10
391389,391399,391402,3,10
391389,391399,391402,3,10
391389,391399,391402,3,10
391389,391399,391402,3,10
391389,391399,391402,3,10
391389,391399,391403,4,10
391389,391399,391403,4,10
391389,391400,391403,3,11
391389,391399,391403,4,10
391389,391399,391403,4,10
391389,391399,391403,4,10
391389,391400,391403,3,11
391389,391399,391403,4,10
391389,391400,391403,3,11
391389,391399,391403,4,10
391389,391400,391403,3,11
391389,391400,391403,3,11
391389,391399,391403,4,10
391389,391399,391403,4,10
391389,391399,391403,4,10
391389,391400,391403,3,11
391389,391400,391403,3,11
391389,391400,391403,3,11
391408,391408,391413,5,0
391408,391408,391413,5,0
391408,391408,391413,5,0
391408,391408,391413,5,0
391408,391408,391413,5,0
391408,391409,391413,4,1
391408,391409,391413,4,1
391408,391409,391413,4,1
391408,391408,391413,5,0
391408,391408,391413,5,0
391408,391408,391413,5,0
391408,391408,391413,5,0
391408,391408,391413,5,0
391408,391408,391413,5,0
391408,391408,391413,5,0
391408,391408,391413,5,0
391408,391408,391413,5,0
391408,391408,391413,5,0
391408,391408,391413,5,0
391408,391408,391413,5,0
391408,391408,391413,5,0
391408,391409,391413,4,1
391408,391408,391413,5,0
391408,391408,391413,5,0
391408,391408,391413,5,0
391408,391408,391413,5,0
391408,391408,391413,5,0
391408,391409,391413,4,1
391408,391409,391413,4,1
391408,391409,391414,5,1
391408,391408,391413,5,0
391408,391408,391413,5,0
391408,391408,391413,5,0
391408,391408,391413,5,0
391408,391408,391413,5,0
391408,391409,391413,4,1
391408,391409,391413,4,1
391408,391409,391413,4,1
391408,391408,391413,5,0
391408,391408,391413,5,0
391408,391408,391413,5,0
391408,391408,391413,5,0
391408,391408,391413,5,0
391408,391409,391413,4,1
391408,391409,391413,4,1
391408,391408,391413,5,0
391408,391408,391413,5,0
391408,391408,391413,5,0
391408,391408,391413,5,0
391408,391408,391413,5,0
391408,391409,391413,4,1
391408,391409,391413,4,1
391408,391408,391413,5,0
391408,391408,391413,5,0
391408,391408,391413,5,0
391408,391408,391413,5,0
391408,391408,391413,5,0
391408,391409,391413,4,1
391408,391408,391413,5,0
391408,391408,391413,5,0
391408,391408,391413,5,0
391408,391408,391413,5,0
391408,391409,391413,4,1
391408,391409,391413,4,1
391408,391409,391414,5,1
391408,391409,391414,5,1
391408,391409,391414,5,1
391408,391409,391414,5,1
391408,391408,391414,6,0
391408,391409,391414,5,1
391408,391409,391414,5,1
391408,391409,391414,5,1
391408,391409,391414,5,1
391408,391409,391414,5,1
391408,391409,391414,5,1
391408,391409,391414,5,1
391408,391409,391414,5,1
391408,391409,391414,5,1
391408,391409,391414,5,1
391408,391409,391414,5,1
391408,391414,391419,5,6
391408,391414,391419,5,6
391408,391414,391419,5,6
391408,391414,391419,5,6
391408,391414,391419,5,6
391408,391414,391418,4,6
391408,391414,391419,5,6
391408,391414,391419,5,6
391408,391414,391419,5,6
391408,391414,391419,5,6
391408,391414,391419,5,6
391408,391414,391419,5,6
391408,391414,391419,5,6
391408,391414,391419,5,6
391408,391415,391419,4,7
391408,391414,391419,5,6
391408,391414,391419,5,6
391408,391414,391419,5,6
391408,391414,391419,5,6
391408,391414,391419,5,6
391408,391414,391419,5,6
391408,391414,391419,5,6
391408,391414,391419,5,6
391408,391414,391419,5,6
391408,391414,391419,5,6
391408,391414,391419,5,6
391408,391414,391419,5,6
391408,391414,391419,5,6
391408,391414,391419,5,6
391408,391414,391419,5,6
391408,391414,391419,5,6
391408,391414,391419,5,6
391408,391414,391418,4,6
391408,391414,391419,5,6
391408,391414,391419,5,6
391408,391414,391419,5,6
391408,391414,391419,5,6
391408,391414,391419,5,6
391408,391414,391419,5,6
391408,391414,391419,5,6
391408,391414,391419,5,6
391408,391414,391419,5,6
391408,391414,391419,5,6
391408,391414,391419,5,6
391408,391414,391419,5,6
391408,391414,391419,5,6
391408,391414,391419,5,6
391408,391414,391419,5,6
391408,391414,391419,5,6
391408,391414,391419,5,6
391408,391414,391419,5,6
391408,391415,391420,5,7
391408,391415,391420,5,7
391408,391415,391420,5,7
391408,391415,391420,5,7
391408,391414,391419,5,6
391408,391414,391419,5,6
391408,391414,391420,6,6
391408,391414,391420,6,6
391408,391414,391419,5,6
391408,391414,391420,6,6
391408,391414,391419,5,6
391408,391414,391419,5,6
391408,391414,391419,5,6
391408,391415,391419,4,7
391408,391414,391419,5,6
391408,391415,391420,5,7
391408,391414,391419,5,6
391408,391414,391419,5,6
391408,391415,391419,4,7
391408,391415,391420,5,7
391408,391415,391420,5,7
391408,391414,391419,5,6
391408,391414,391420,6,6
391408,391414,391419,5,6
391408,391415,391420,5,7
391408,391415,391420,5,7
391408,391415,391419,4,7
391408,391415,391420,5,7
391408,391415,391420,5,7
391408,391419,391422,3,11
391408,391419,391422,3,11
391408,391419,391422,3,11
391408,391419,391422,3,11
391408,391419,391422,3,11
391408,391419,391422,3,11
391408,391419,391422,3,11
391408,391419,391422,3,11
391408,391419,391422,3,11
391408,391419,391422,3,11
391408,391419,391422,3,11
391408,391419,391422,3,11
391408,391419,391422,3,11
391408,391419,391422,3,11
391408,391419,391422,3,11
391408,391419,391422,3,11
391408,391419,391422,3,11
391408,391419,391422,3,11
391408,391419,391422,3,11
391408,391419,391422,3,11
391408,391419,391423,4,11
391408,391419,391423,4,11
391408,391419,391423,4,11
391408,391419,391423,4,11
391408,391419,391423,4,11
391408,391419,391423,4,11
391408,391419,391422,3,11
391408,391419,391422,3,11
391408,391419,391422,3,11
391408,391419,391423,4,11
391408,391419,391423,4,11
391408,391419,391422,3,11
391408,391419,391423,4,11
391408,391419,391422,3,11
391408,391419,391423,4,11
391408,391419,391423,4,11
391408,391419,391423,4,11
391408,391419,391423,4,11
391408,391419,391423,4,11
391408,391419,391422,3,11
391428,391428,391433,5,0
391428,391428,391433,5,0
391428,391428,391433,5,0
391428,391428,391433,5,0
391428,391428,391433,5,0
391428,391428,391433,5,0
391428,391428,391433,5,0
391428,391428,391433,5,0
391428,391428,391433,5,0
391428,391428,391433,5,0
391428,391428,391433,5,0
391428,391428,391433,5,0
391428,391428,391433,5,0
391428,391428,391433,5,0
391428,391428,391433,5,0
391428,391428,391434,6,0
391428,391428,391433,5,0
391428,391428,391433,5,0
391428,391428,391434,6,0
391428,391428,391433,5,0
391428,391428,391434,6,0
391428,391428,391434,6,0
391428,391428,391434,6,0
391428,391428,391433,5,0
391428,391428,391433,5,0
391428,391428,391433,5,0
391428,391428,391434,6,0
391428,391428,391434,6,0
391428,391428,391433,5,0
391428,391428,391433,5,0
391428,391428,391433,5,0
391428,391428,391434,6,0
391428,391428,391434,6,0
391428,391428,391434,6,0
391428,391428,391434,6,0
391428,391428,391434,6,0
391428,391428,391433,5,0
391428,391428,391433,5,0
391428,391428,391434,6,0
391428,391428,391434,6,0
391428,391428,391434,6,0
391428,391428,391434,6,0
391428,391428,391433,5,0
391428,391428,391433,5,0
391428,391428,391433,5,0
391428,391428,391434,6,0
391428,391428,391434,6,0
391428,391428,391434,6,0
391428,391428,391433,5,0
391428,391428,391433,5,0
391428,391428,391434,6,0
391428,391428,391434,6,0
391428,391428,391433,5,0
391428,391428,391434,6,0
391428,391428,391433,5,0
391428,391428,391433,5,0
391428,391428,391433,5,0
391428,391428,391433,5,0
391428,391428,391433,5,0
391428,391428,391434,6,0
391428,391428,391434,6,0
391428,391428,391434,6,0
391428,391428,391434,6,0
391428,391428,391434,6,0
391428,391428,391434,6,0
391428,391428,391434,6,0
391428,391428,391434,6,0
391428,391428,391433,5,0
391428,391428,391434,6,0
391428,391428,391434,6,0
391428,391428,391434,6,0
391428,391428,391434,6,0
391428,391428,391434,6,0
391428,391428,391433,5,0
391428,391428,391434,6,0
391428,391428,391434,6,0
391428,391428,391434,6,0
391428,391428,391434,6,0
391428,391428,391434,6,0
391428,391428,391434,6,0
391428,391433,391436,3,5
391428,391433,391436,3,5
391428,391433,391436,3,5
391428,391433,391435,2,5
391428,391433,391435,2,5
391428,391433,391436,3,5
391428,391433,391435,2,5
391428,391433,391436,3,5
391428,391433,391436,3,5
391428,391433,391436,3,5
391428,391433,391436,3,5
391428,391433,391436,3,5
391428,391433,391436,3,5
391428,391433,391436,3,5
391428,391433,391436,3,5
391428,391434,391437,3,6
391428,391434,391437,3,6
391428,391435,391437,2,7
391428,391435,391438,3,7
391428,391435,391438,3,7
391428,391435,391438,3,7
391428,391435,391438,3,7
391428,391435,391438,3,7
391428,391435,391438,3,7
391428,391435,391439,4,7
391428,391435,391438,3,7
391428,391435,391439,4,7
391428,391435,391438,3,7
391428,391435,391439,4,7
391428,391435,391438,3,7
391428,391435,391438,3,7
391428,391435,391439,4,7
391428,391435,391438,3,7
391428,391435,391439,4,7
391428,391435,391439,4,7
391428,391435,391439,4,7
391428,391435,391439,4,7
391428,391435,391439,4,7
391428,391435,391439,4,7
391428,391435,391439,4,7
391428,391435,391439,4,7
391428,391435,391439,4,7
391428,391435,391438,3,7
391428,391435,391438,3,7
391428,391435,391438,3,7
391428,391435,391439,4,7
391428,391435,391439,4,7
391428,391435,391438,3,7
391428,391435,391438,3,7
391428,391435,391439,4,7
391428,391435,391438,3,7
391428,391435,391439,4,7
391428,391435,391439,4,7
391428,391435,391438,3,7
391428,391435,391438,3,7
391428,391435,391439,4,7
391428,391435,391439,4,7
391428,391435,391439,4,7
391428,391435,391439,4,7
391428,391435,391439,4,7
391428,391435,391438,3,7
391428,391435,391438,3,7
391428,391435,391439,4,7
391428,391435,391439,4,7
391428,391435,391438,3,7
391428,391435,391438,3,7
391428,391435,391438,3,7
391428,391435,391438,3,7
391428,391435,391439,4,7
391428,391435,391438,3,7
391428,391435,391438,3,7
391428,391435,391438,3,7
391428,391435,391438,3,7
391428,391435,391439,4,7
391428,391435,391439,4,7
391428,391435,391439,4,7
391428,391437,391440,3,9
391428,391437,391440,3,9
391428,391435,391439,4,7
391428,391437,391440,3,9
391428,391437,391440,3,9
391428,391436,391440,4,8
391428,391436,391440,4,8
391428,391436,391440,4,8
391428,391436,391439,3,8
391428,391437,391440,3,9
391428,391435,391439,4,7
391428,391435,391439,4,7
391428,391436,391439,3,8
391428,391435,391439,4,7
391428,391436,391440,4,8
391428,391436,391439,3,8
391428,391436,391440,4,8
391428,391438,391440,2,10
391428,391438,391441,3,10
391428,391438,391441,3,10
391428,391439,391441,2,11
391428,391439,391441,2,11
391428,391439,391441,2,11
391428,391439,391441,2,11
391428,391437,391440,3,9
391428,391437,391440,3,9
391428,391439,391441,2,11
391428,391439,391441,2,11
391428,391439,391441,2,11
391428,391439,391442,3,11
391428,391439,391442,3,11
391428,391439,391441,2,11
391428,391439,391442,3,11
391428,391439,391442,3,11
391428,391439,391441,2,11
391428,391439,391442,3,11
391428,391439,391442,3,11
391428,391439,391441,2,11
391428,391439,391441,2,11
391428,391439,391441,2,11
391428,391439,391442,3,11
391428,391439,391442,3,11
391428,391439,391441,2,11
391428,391439,391441,2,11
391447,391447,391451,4,0
391447,391447,391452,5,0
391447,391447,391452,5,0
391447,391447,391451,4,0
391447,391447,391451,4,0
391447,391447,391451,4,0
391447,391447,391452,5,0
391447,391447,391452,5,0
391447,391447,391451,4,0
391447,391447,391451,4,0
391447,391447,391451,4,0
391447,391447,391452,5,0
391447,391447,391452,5,0
391447,391447,391452,5,0
391447,391447,391452,5,0
391447,391447,391451,4,0
391447,391447,391451,4,0
391447,391447,391452,5,0
391447,391447,391452,5,0
391447,391447,391452,5,0
391447,391447,391452,5,0
391447,391447,391452,5,0
391447,391447,391451,4,0
391447,391447,391451,4,0
391447,391447,391451,4,0
391447,391447,391452,5,0
391447,391447,391452,5,0
391447,391447,391452,5,0
391447,391447,391452,5,0
391447,391447,391451,4,0
391447,391447,391452,5,0
391447,391447,391451,4,0
391447,391447,391452,5,0
391447,391447,391452,5,0
391447,391447,391452,5,0
391447,391447,391451,4,0
391447,391447,391452,5,0
391447,391447,391451,4,0
391447,391447,391452,5,0
391447,391447,391452,5,0
391447,391447,391452,5,0
391447,391447,391451,4,0
391447,391447,391452,5,0
391447,391447,391451,4,0
391447,391447,391452,5,0
391447,391447,391451,4,0
391447,391447,391451,4,0
391447,391447,391451,4,0
391447,391447,391452,5,0
391447,391447,391451,4,0
391447,391447,391452,5,0
391447,391447,391452,5,0
391447,391447,391452,5,0
391447,391447,391452,5,0
391447,391447,391451,4,0
391447,391447,391452,5,0
391447,391447,391452,5,0
391447,391447,391452,5,0
391447,391447,391451,4,0
391447,391447,391451,4,0
391447,391447,391452,5,0
391447,391447,391452,5,0
391447,391447,391452,5,0
391447,391447,391452,5,0
391447,391447,391452,5,0
391447,391447,391452,5,0
391447,391447,391452,5,0
391447,391447,391452,5,0
391447,391447,391452,5,0
391447,391447,391452,5,0
391447,391447,391452,5,0
391447,391447,391452,5,0
391447,391447,391452,5,0
391447,391447,391452,5,0
391447,391447,391452,5,0
391447,391447,391452,5,0
391447,391447,391452,5,0
391447,391447,391452,5,0
391447,391447,391452,5,0
391447,391447,391452,5,0
391447,391452,391455,3,5
391447,391452,391457,5,5
391447,391452,391457,5,5
391447,391452,391457,5,5
391447,391452,391457,5,5
391447,391452,391457,5,5
391447,391452,391457,5,5
391447,391452,391457,5,5
391447,391452,391457,5,5
391447,391452,391457,5,5
391447,391452,391457,5,5
391447,391452,391457,5,5
391447,391452,391457,5,5
391447,391452,391457,5,5
391447,391452,391457,5,5
391447,391453,391457,4,6
391447,391453,391457,4,6
391447,391452,391457,5,5
391447,391452,391457,5,5
391447,391452,391457,5,5
391447,391452,391457,5,5
391447,391452,391457,5,5
391447,391452,391457,5,5
391447,391452,391457,5,5
391447,391452,391457,5,5
391447,391452,391457,5,5
391447,391452,391457,5,5
391447,391452,391457,5,5
391447,391452,391457,5,5
391447,391452,391457,5,5
391447,391452,391457,5,5
391447,391452,391457,5,5
391447,391452,391457,5,5
391447,391452,391457,5,5
391447,391452,391457,5,5
391447,391452,391457,5,5
391447,391452,391457,5,5
391447,391452,391457,5,5
391447,391452,391457,5,5
391447,391452,391457,5,5
391447,391453,391457,4,6
391447,391453,391457,4,6
391447,391452,391457,5,5
391447,391452,391457,5,5
391447,391452,391457,5,5
391447,391452,391457,5,5
391447,391452,391457,5,5
391447,391452,391457,5,5
391447,391452,391457,5,5
391447,391452,391457,5,5
391447,391452,391457,5,5
391447,391452,391457,5,5
391447,391452,391457,5,5
391447,391452,391457,5,5
391447,391452,391457,5,5
391447,391452,391457,5,5
391447,391452,391457,5,5
391447,391453,391457,4,6
391447,391452,391457,5,5
391447,391452,391458,6,5
391447,391452,391457,5,5
391447,391452,391458,6,5
391447,391453,391457,4,6
391447,391453,391458,5,6
391447,391456,391458,2,9
391447,391452,391457,5,5
391447,391453,391458,5,6
391447,391453,391458,5,6
391447,391453,391458,5,6
391447,391453,391457,4,6
391447,391453,391458,5,6
391447,391452,391457,5,5
391447,391453,391458,5,6
391447,391453,391458,5,6
391447,391452,391457,5,5
391447,391453,391458,5,6
391447,391453,391458,5,6
391447,391453,391457,4,6
391447,391453,391457,4,6
391447,391453,391457,4,6
391447,391453,391458,5,6
391447,391457,391459,2,10
391447,391457,391459,2,10
391447,391457,391459,2,10
391447,391457,391459,2,10
391447,391457,391459,2,10
391447,391457,391460,3,10
391447,391457,391459,2,10
391447,391457,391459,2,10
391447,391457,391459,2,10
391447,391457,391459,2,10
391447,391457,391460,3,10
391447,391457,391460,3,10
391447,391457,391460,3,10
391447,391457,391460,3,10
391447,391457,391460,3,10
391447,391457,391460,3,10
391447,391457,391460,3,10
391447,391457,391460,3,10
391447,391457,391460,3,10
391447,391457,391460,3,10
391447,391457,391460,3,10
391447,391457,391460,3,10
391447,391457,391460,3,10
391447,391457,391460,3,10
391447,391457,391460,3,10
391447,391457,391460,3,10
391447,391457,391460,3,10
391447,391457,391460,3,10
391447,391457,391460,3,10
391447,391457,391460,3,10
391447,391457,391460,3,10
391447,391457,391460,3,10
391447,391457,391460,3,10
391447,391457,391460,3,10
391447,391457,391461,4,10
391447,391457,391461,4,10
391447,391457,391461,4,10
391447,391457,391461,4,10
391447,391457,391461,4,10
391466,391466,391471,5,0
391466,391466,391470,4,0
391466,391466,391470,4,0
391466,391466,391470,4,0
391466,391466,391470,4,0
391466,391466,391471,5,0
391466,391466,391470,4,0
391466,391466,391471,5,0
391466,391466,391471,5,0
391466,391466,391470,4,0
391466,391466,391471,5,0
391466,391466,391471,5,0
391466,391466,391471,5,0
391466,391466,391471,5,0
391466,391466,391471,5,0
391466,391466,391470,4,0
391466,391466,391470,4,0
391466,391466,391471,5,0
391466,391466,391471,5,0
391466,391466,391471,5,0
391466,391466,391471,5,0
391466,391466,391471,5,0
391466,391466,391472,6,0
391466,391466,391472,6,0
391466,391466,391472,6,0
391466,391466,391471,5,0
391466,391466,391471,5,0
391466,391466,391471,5,0
391466,391466,391471,5,0
391466,391466,391471,5,0
391466,391466,391471,5,0
391466,391466,391471,5,0
391466,391466,391472,6,0
391466,391466,391471,5,0
391466,391466,391471,5,0
391466,391466,391471,5,0
391466,391466,391471,5,0
391466,391466,391471,5,0
391466,391466,391471,5,0
391466,391466,391471,5,0
391466,391466,391471,5,0
391466,391466,391471,5,0
391466,391466,391471,5,0
391466,391466,391471,5,0
391466,391466,391471,5,0
391466,391466,391471,5,0
391466,391466,391471,5,0
391466,391466,391471,5,0
391466,391466,391471,5,0
391466,391466,391471,5,0
391466,391466,391471,5,0
391466,391466,391471,5,0
391466,391466,391471,5,0
391466,391466,391471,5,0
391466,391466,391471,5,0
391466,391466,391472,6,0
391466,391466,391471,5,0
391466,391466,391471,5,0
391466,391466,391471,5,0
391466,391466,391471,5,0
391466,391466,391471,5,0
391466,391466,391471,5,0
391466,391466,391472,6,0
391466,391466,391472,6,0
391466,391466,391471,5,0
391466,391466,391471,5,0
391466,391466,391471,5,0
391466,391466,391471,5,0
391466,391466,391471,5,0
391466,391466,391471,5,0
391466,391466,391471,5,0
391466,391466,391471,5,0
391466,391466,391471,5,0
391466,391466,391471,5,0
391466,391466,391471,5,0
391466,391466,391471,5,0
391466,391466,391471,5,0
391466,391466,391471,5,0
391466,391466,391471,5,0
391466,391466,391471,5,0
391466,391471,391472,1,5
391466,391471,391473,2,5
391466,391471,391473,2,5
391466,391471,391473,2,5
391466,391471,391473,2,5
391466,391471,391473,2,5
391466,391471,391473,2,5
391466,391471,391473,2,5
391466,391471,391473,2,5
391466,391471,391473,2,5
391466,391471,391473,2,5
391466,391471,391473,2,5
391466,391471,391473,2,5
391466,391471,391473,2,5
391466,391471,391473,2,5
391466,391471,391473,2,5
391466,391471,391473,2,5
391466,391472,391475,3,6
391466,391472,391475,3,6
391466,391472,391474,2,6
391466,391472,391476,4,6
391466,391472,391476,4,6
391466,391472,391476,4,6
391466,391472,391476,4,6
391466,391472,391475,3,6
391466,391472,391476,4,6
391466,391472,391476,4,6
391466,391472,391476,4,6
391466,391472,391476,4,6
391466,391472,391476,4,6
391466,391472,391476,4,6
391466,391472,391476,4,6
391466,391472,391476,4,6
391466,391472,391476,4,6
391466,391472,391476,4,6
391466,391472,391476,4,6
391466,391472,391476,4,6
391466,391472,391476,4,6
391466,391472,391476,4,6
391466,391472,391476,4,6
391466,391472,391476,4,6
391466,391472,391476,4,6
391466,391472,391476,4,6
391466,391472,391476,4,6
391466,391472,391476,4,6
391466,391472,391476,4,6
391466,391472,391476,4,6
391466,391472,391476,4,6
391466,391472,391476,4,6
391466,391472,391476,4,6
391466,391472,391476,4,6
391466,391472,391476,4,6
391466,391472,391476,4,6
391466,391472,391476,4,6
391466,391472,391476,4,6
391466,391472,391476,4,6
391466,391472,391477,5,6
391466,391472,391477,5,6
391466,391472,391476,4,6
391466,391473,391477,4,7
391466,391472,391476,4,6
391466,391472,391476,4,6
391466,391472,391477,5,6
391466,391472,391476,4,6
391466,391474,391477,3,8
391466,391472,391477,5,6
391466,391472,391477,5,6
391466,391472,391477,5,6
391466,391472,391477,5,6
391466,391472,391477,5,6
391466,391472,391476,4,6
391466,391472,391476,4,6
391466,391472,391476,4,6
391466,391472,391476,4,6
391466,391472,391476,4,6
391466,391472,391476,4,6
391466,391473,391477,4,7
391466,391473,391477,4,7
391466,391472,391476,4,6
391466,391473,391477,4,7
391466,391473,391477,4,7
391466,391472,391476,4,6
391466,391472,391476,4,6
391466,391473,391477,4,7
391466,391472,391476,4,6
391466,391472,391476,4,6
391466,391473,391477,4,7
391466,391476,391478,2,10
391466,391476,391478,2,10
391466,391476,391478,2,10
391466,391476,391478,2,10
391466,391476,391478,2,10
391466,391473,391478,5,7
391466,391473,391478,5,7
391466,391473,391478,5,7
391466,391474,391478,4,8
391466,391474,391478,4,8
391466,391473,391477,4,7
391466,391476,391478,2,10
391466,391474,391478,4,8
391466,391476,391478,2,10
391466,391476,391478,2,10
391466,391473,391478,5,7
391466,391473,391478,5,7
391466,391476,391478,2,10
391466,391475,391478,3,9
391466,391475,391478,3,9
391466,391475,391478,3,9
391466,391476,391478,2,10
391466,391476,391479,3,10
391466,391476,391478,2,10
391466,391476,391478,2,10
391466,391476,391478,2,10
391466,391476,391479,3,10
391466,391476,391479,3,10
391466,391476,391479,3,10
391466,391477,391479,2,11
391466,391477,391479,2,11
391466,391477,391479,2,11
391466,391472,391489,17,6
391493,391494,391499,5,1
391493,391494,391498,4,1
391493,391494,391498,4,1
391493,391494,391498,4,1
391493,391494,391499,5,1
391493,391494,391498,4,1
391493,391494,391498,4,1
391493,391494,391498,4,1
391493,391494,391498,4,1
391493,391494,391499,5,1
391493,391494,391498,4,1
391493,391494,391498,4,1
391493,391494,391498,4,1
391493,391494,391498,4,1
391493,391494,391498,4,1
391493,391494,391498,4,1
391493,391494,391498,4,1
391493,391494,391498,4,1
391493,391494,391498,4,1
391493,391494,391498,4,1
391493,391494,391498,4,1
391493,391494,391498,4,1
391493,391494,391498,4,1
391493,391494,391498,4,1
391493,391494,391498,4,1
391493,391494,391499,5,1
391493,391494,391498,4,1
391493,391494,391498,4,1
391493,391494,391498,4,1
391493,391494,391498,4,1
391493,391494,391498,4,1
391493,391494,391498,4,1
391493,391494,391498,4,1
391493,391494,391498,4,1
391493,391494,391498,4,1
391493,391494,391498,4,1
391493,391494,391498,4,1
391493,391494,391498,4,1
391493,391494,391498,4,1
391493,391494,391498,4,1
391493,391494,391498,4,1
391493,391494,391498,4,1
391493,391494,391498,4,1
391493,391494,391498,4,1
391493,391494,391498,4,1
391493,391494,391498,4,1
391493,391494,391498,4,1
391493,391494,391498,4,1
391493,391494,391498,4,1
391493,391494,391498,4,1
391493,391494,391498,4,1
391493,391494,391498,4,1
391493,391494,391498,4,1
391493,391494,391498,4,1
391493,391494,391499,5,1
391493,391494,391498,4,1
391493,391494,391498,4,1
391493,391494,391498,4,1
391493,391494,391498,4,1
391493,391494,391498,4,1
391493,391494,391498,4,1
391493,391494,391498,4,1
391493,391494,391498,4,1
391493,391494,391498,4,1
391493,391494,391498,4,1
391493,391494,391498,4,1
391493,391494,391498,4,1
391493,391494,391498,4,1
391493,391494,391499,5,1
391493,391494,391499,5,1
391493,391494,391499,5,1
391493,391494,391499,5,1
391493,391494,391499,5,1
391493,391494,391499,5,1
391493,391494,391499,5,1
391493,391494,391499,5,1
391493,391494,391499,5,1
391493,391494,391499,5,1
391493,391494,391499,5,1
391493,391494,391499,5,1
391493,391499,391503,4,6
391493,391499,391503,4,6
391493,391499,391503,4,6
391493,391499,391503,4,6
391493,391499,391502,3,6
391493,391499,391503,4,6
391493,391500,391503,3,7
391493,391500,391503,3,7
391493,391500,391503,3,7
391493,391499,391504,5,6
391493,391499,391504,5,6
391493,391499,391504,5,6
391493,391499,391504,5,6
391493,391499,391504,5,6
391493,391499,391504,5,6
391493,391499,391503,4,6
391493,391499,391504,5,6
391493,391499,391504,5,6
391493,391499,391504,5,6
391493,391499,391504,5,6
391493,391499,391503,4,6
391493,391499,391504,5,6
391493,391499,391504,5,6
391493,391499,391504,5,6
391493,391499,391504,5,6
391493,391499,391504,5,6
391493,391499,391504,5,6
391493,391499,391504,5,6
391493,391499,391504,5,6
391493,391499,391504,5,6
391493,391499,391503,4,6
391493,391499,391504,5,6
391493,391499,391504,5,6
391493,391499,391504,5,6
391493,391499,391504,5,6
391493,391499,391504,5,6
391493,391499,391504,5,6
391493,391499,391504,5,6
391493,391499,391504,5,6
391493,391500,391503,3,7
391493,391499,391503,4,6
391493,391499,391503,4,6
391493,391499,391503,4,6
391493,391499,391504,5,6
391493,391499,391504,5,6
391493,391499,391504,5,6
391493,391499,391503,4,6
391493,391499,391503,4,6
391493,391499,391504,5,6
391493,391499,391503,4,6
391493,391499,391504,5,6
391493,391499,391503,4,6
391493,391499,391504,5,6
391493,391500,391504,4,7
391493,391499,391504,5,6
391493,391499,391504,5,6
391493,391499,391503,4,6
391493,391499,391503,4,6
391493,391499,391503,4,6
391493,391500,391503,3,7
391493,391500,391503,3,7
391493,391500,391504,4,7
391493,391499,391503,4,6
391493,391499,391503,4,6
391493,391499,391503,4,6
391493,391499,391503,4,6
391493,391499,391504,5,6
391493,391500,391503,3,7
391493,391500,391503,3,7
391493,391499,391503,4,6
391493,391499,391504,5,6
391493,391499,391504,5,6
391493,391499,391505,6,6
391493,391499,391505,6,6
391493,391499,391505,6,6
391493,391499,391505,6,6
391493,391499,391505,6,6
391493,391503,391505,2,10
391493,391503,391505,2,10
391493,391503,391505,2,10
391493,391503,391505,2,10
391493,391503,391505,2,10
391493,391503,391505,2,10
391493,391500,391504,4,7
391493,391503,391505,2,10
391493,391499,391505,6,6
391493,391504,391506,2,11
391493,391503,391505,2,10
391493,391503,391505,2,10
391493,391504,391506,2,11
391493,391504,391506,2,11
391493,391504,391506,2,11
391493,391504,391506,2,11
391493,391504,391506,2,11
391493,391504,391506,2,11
391493,391504,391507,3,11
391493,391504,391507,3,11
391493,391504,391507,3,11
391493,391504,391507,3,11
391493,391504,391507,3,11
391493,391504,391507,3,11
391493,391504,391507,3,11
391493,391504,391507,3,11
391493,391504,391507,3,11
391493,391504,391507,3,11
391493,391504,391507,3,11
391493,391504,391507,3,11
391493,391504,391507,3,11
391493,391504,391507,3,11
391493,391504,391507,3,11
391493,391504,391507,3,11
391493,391504,391507,3,11
391493,391504,391507,3,11
391493,391504,391507,3,11
391493,391504,391508,4,11
391493,391504,391507,3,11
391493,391504,391508,4,11
391493,391504,391508,4,11
391493,391504,391508,4,11
391493,391500,391513,13,7
391517,391517,391521,4,0
391517,391517,391522,5,0
391517,391517,391522,5,0
391517,391517,391522,5,0
391517,391517,391522,5,0
391517,391517,391522,5,0
391517,391517,391522,5,0
391517,391517,391522,5,0
391517,391517,391522,5,0
391517,391517,391522,5,0
391517,391517,391522,5,0
391517,391517,391522,5,0
391517,391517,391522,5,0
391517,391517,391522,5,0
391517,391517,391522,5,0
391517,391517,391522,5,0
391517,391517,391522,5,0
391517,391517,391522,5,0
391517,391517,391522,5,0
391517,391517,391522,5,0
391517,391517,391522,5,0
391517,391517,391522,5,0
391517,391517,391522,5,0
391517,391517,391522,5,0
391517,391517,391522,5,0
391517,391517,391522,5,0
391517,391517,391523,6,0
391517,391517,391522,5,0
391517,391517,391523,6,0
391517,391517,391523,6,0
391517,391517,391522,5,0
391517,391517,391522,5,0
391517,391517,391522,5,0
391517,391517,391522,5,0
391517,391517,391523,6,0
391517,391517,391523,6,0
391517,391517,391523,6,0
391517,391517,391523,6,0
391517,391517,391523,6,0
391517,391517,391523,6,0
391517,391517,391522,5,0
391517,391517,391522,5,0
391517,391517,391522,5,0
391517,391517,391522,5,0
391517,391517,391522,5,0
391517,391517,391523,6,0
391517,391517,391523,6,0
391517,391517,391523,6,0
391517,391517,391523,6,0
391517,391517,391523,6,0
391517,391517,391523,6,0
391517,391517,391523,6,0
391517,391517,391523,6,0
391517,391517,391523,6,0
391517,391517,391523,6,0
391517,391517,391523,6,0
391517,391517,391523,6,0
391517,391517,391523,6,0
391517,391517,391523,6,0
391517,391517,391523,6,0
391517,391517,391523,6,0
391517,391517,391523,6,0
391517,391517,391523,6,0
391517,391517,391523,6,0
391517,391517,391523,6,0
391517,391517,391523,6,0
391517,391517,391523,6,0
391517,391517,391523,6,0
391517,391517,391523,6,0
391517,391517,391523,6,0
391517,391517,391523,6,0
391517,391517,391523,6,0
391517,391517,391523,6,0
391517,391517,391523,6,0
391517,391517,391523,6,0
391517,391517,391523,6,0
391517,391517,391523,6,0
391517,391517,391523,6,0
391517,391517,391523,6,0
391517,391517,391523,6,0
391517,391523,391527,4,6
391517,391523,391528,5,6
391517,391523,391528,5,6
391517,391523,391528,5,6
391517,391523,391528,5,6
391517,391523,391528,5,6
391517,391523,391528,5,6
391517,391523,391528,5,6
391517,391523,391528,5,6
391517,391524,391528,4,7
391517,391523,391528,5,6
391517,391523,391528,5,6
391517,391523,391528,5,6
391517,391523,391528,5,6
391517,391523,391528,5,6
391517,391523,391528,5,6
391517,391523,391528,5,6
391517,391523,391528,5,6
391517,391523,391528,5,6
391517,391523,391528,5,6
391517,391523,391528,5,6
391517,391523,391528,5,6
391517,391523,391528,5,6
391517,391523,391528,5,6
391517,391523,391528,5,6
391517,391523,391528,5,6
391517,391523,391528,5,6
391517,391523,391528,5,6
391517,391524,391528,4,7
391517,391524,391528,4,7
391517,391524,391528,4,7
391517,391524,391529,5,7
391517,391523,391528,5,6
391517,391523,391528,5,6
391517,391523,391528,5,6
391517,391523,391528,5,6
391517,391523,391528,5,6
391517,391523,391528,5,6
391517,391524,391528,4,7
391517,391524,391529,5,7
391517,391524,391528,4,7
391517,391524,391529,5,7
391517,391523,391528,5,6
391517,391524,391528,4,7
391517,391524,391528,4,7
391517,391524,391528,4,7
391517,391524,391528,4,7
391517,391522,391528,6,5
391517,391523,391528,5,6
391517,391523,391528,5,6
391517,391524,391528,4,7
391517,391524,391528,4,7
391517,391523,391528,5,6
391517,391524,391528,4,7
391517,391524,391529,5,7
391517,391524,391529,5,7
391517,391523,391528,5,6
391517,391524,391528,4,7
391517,391524,391528,4,7
391517,391523,391528,5,6
391517,391523,391528,5,6
391517,391524,391528,4,7
391517,391524,391528,4,7
391517,391523,391528,5,6
391517,391523,391528,5,6
391517,391524,391529,5,7
391517,391524,391528,4,7
391517,391523,391528,5,6
391517,391523,391528,5,6
391517,391524,391529,5,7
391517,391524,391529,5,7
391517,391524,391529,5,7
391517,391524,391529,5,7
391517,391524,391529,5,7
391517,391524,391529,5,7
391517,391528,391530,2,11
391517,391524,391529,5,7
391517,391524,391529,5,7
391517,391524,391529,5,7
391517,391524,391529,5,7
391517,391524,391529,5,7
391517,391528,391530,2,11
391517,391528,391530,2,11
391517,391529,391530,1,12
391517,391529,391531,2,12
391517,391529,391530,1,12
391517,391529,391530,1,12
391517,391528,391530,2,11
391517,391528,391530,2,11
391517,391528,391531,3,11
391517,391528,391530,2,11
391517,391528,391531,3,11
391517,391528,391530,2,11
391517,391528,391531,3,11
391517,391528,391531,3,11
391517,391528,391531,3,11
391517,391528,391531,3,11
391517,391528,391531,3,11
391517,391528,391531,3,11
391517,391528,391531,3,11
391517,391528,391531,3,11
391517,391528,391530,2,11
391517,391528,391531,3,11
391517,391528,391530,2,11
391517,391528,391530,2,11
391517,391528,391531,3,11
391517,391528,391530,2,11
391517,391529,391531,2,12
391517,391528,391531,3,11
391517,391529,391530,1,12
391517,391528,391531,3,11
391517,391529,391531,2,12
391517,391529,391531,2,12
391517,391529,391531,2,12
391517,391528,391531,3,11
391517,391528,391530,2,11
391517,391528,391531,3,11
391517,391529,391531,2,12
391517,391529,391531,2,12
391517,391529,391532,3,12
391536,391537,391541,4,1
391536,391537,391541,4,1
391536,391537,391542,5,1
391536,391537,391541,4,1
391536,391537,391541,4,1
391536,391537,391541,4,1
391536,391537,391541,4,1
391536,391537,391541,4,1
391536,391537,391541,4,1
391536,391537,391542,5,1
391536,391537,391541,4,1
391536,391537,391541,4,1
391536,391537,391542,5,1
391536,391537,391542,5,1
391536,391537,391542,5,1
391536,391537,391542,5,1
391536,391537,391542,5,1
391536,391537,391542,5,1
391536,391537,391542,5,1
391536,391537,391543,6,1
391536,391537,391543,6,1
391536,391537,391542,5,1
391536,391537,391542,5,1
391536,391537,391542,5,1
391536,391537,391542,5,1
391536,391537,391542,5,1
391536,391537,391542,5,1
391536,391537,391542,5,1
391536,391537,391543,6,1
391536,391537,391542,5,1
391536,391537,391542,5,1
391536,391537,391542,5,1
391536,391537,391542,5,1
391536,391537,391542,5,1
391536,391537,391542,5,1
391536,391537,391542,5,1
391536,391537,391543,6,1
391536,391537,391542,5,1
391536,391537,391542,5,1
391536,391537,391542,5,1
391536,391537,391542,5,1
391536,391537,391542,5,1
391536,391537,391542,5,1
391536,391537,391542,5,1
391536,391537,391542,5,1
391536,391537,391542,5,1
391536,391537,391542,5,1
391536,391537,391542,5,1
391536,391537,391542,5,1
391536,391537,391542,5,1
391536,391537,391542,5,1
391536,391537,391542,5,1
391536,391537,391542,5,1
391536,391537,391542,5,1
391536,391537,391542,5,1
391536,391537,391542,5,1
391536,391537,391542,5,1
391536,391537,391542,5,1
391536,391537,391542,5,1
391536,391537,391542,5,1
391536,391537,391542,5,1
391536,391537,391542,5,1
391536,391537,391542,5,1
391536,391537,391542,5,1
391536,391537,391542,5,1
391536,391537,391542,5,1
391536,391537,391542,5,1
391536,391537,391542,5,1
391536,391537,391542,5,1
391536,391537,391542,5,1
391536,391537,391542,5,1
391536,391537,391542,5,1
391536,391537,391542,5,1
391536,391537,391542,5,1
391536,391537,391542,5,1
391536,391537,391542,5,1
391536,391537,391542,5,1
391536,391537,391542,5,1
391536,391537,391542,5,1
391536,391537,391543,6,1
391536,391542,391543,1,6
391536,391542,391543,1,6
391536,391542,391543,1,6
391536,391542,391544,2,6
391536,391542,391543,1,6
391536,391542,391543,1,6
391536,391542,391543,1,6
391536,391542,391543,1,6
391536,391542,391544,2,6
391536,391542,391544,2,6
391536,391542,391544,2,6
391536,391542,391543,1,6
391536,391542,391543,1,6
391536,391542,391544,2,6
391536,391543,391547,4,7
391536,391543,391547,4,7
391536,391543,391547,4,7
391536,391543,391547,4,7
391536,391543,391547,4,7
391536,391543,391547,4,7
391536,391543,391547,4,7
391536,391543,391547,4,7
391536,391543,391547,4,7
391536,391543,391547,4,7
391536,391543,391547,4,7
391536,391543,391547,4,7
391536,391543,391547,4,7
391536,391543,391547,4,7
391536,391543,391547,4,7
391536,391543,391547,4,7
391536,391543,391547,4,7
391536,391543,391547,4,7
391536,391543,391547,4,7
391536,391543,391547,4,7
391536,391543,391547,4,7
391536,391543,391547,4,7
391536,391543,391547,4,7
391536,391543,391548,5,7
391536,391543,391548,5,7
391536,391543,391547,4,7
391536,391543,391547,4,7
391536,391543,391547,4,7
391536,391543,391547,4,7
391536,391543,391547,4,7
391536,391543,391547,4,7
391536,391543,391548,5,7
391536,391543,391547,4,7
391536,391543,391547,4,7
391536,391543,391547,4,7
391536,391543,391547,4,7
391536,391543,391548,5,7
391536,391543,391548,5,7
391536,391543,391547,4,7
391536,391543,391547,4,7
391536,391543,391547,4,7
391536,391543,391548,5,7
391536,391543,391547,4,7
391536,391543,391547,4,7
391536,391543,391547,4,7
391536,391543,391547,4,7
391536,391543,391547,4,7
391536,391544,391548,4,8
391536,391543,391547,4,7
391536,391543,391547,4,7
391536,391543,391548,5,7
391536,391543,391547,4,7
391536,391543,391548,5,7
391536,391543,391547,4,7
391536,391543,391547,4,7
391536,391543,391547,4,7
391536,391543,391547,4,7
391536,391543,391547,4,7
391536,391543,391547,4,7
391536,391544,391548,4,8
391536,391543,391548,5,7
391536,391543,391548,5,7
391536,391544,391548,4,8
391536,391543,391547,4,7
391536,391543,391547,4,7
391536,391544,391548,4,8
391536,391543,391547,4,7
391536,391543,391548,5,7
391536,391547,391549,2,11
391536,391547,391549,2,11
391536,391543,391548,5,7
391536,391543,391548,5,7
391536,391547,391549,2,11
391536,391547,391549,2,11
391536,391547,391549,2,11
391536,391544,391548,4,8
391536,391547,391549,2,11
391536,391547,391549,2,11
391536,391544,391548,4,8
391536,391545,391548,3,9
391536,391547,391549,2,11
391536,391547,391549,2,11
391536,391544,391549,5,8
391536,391544,391549,5,8
391536,391544,391549,5,8
391536,391544,391549,5,8
391536,391544,391549,5,8
391536,391544,391549,5,8
391536,391547,391549,2,11
391536,391547,391549,2,11
391536,391547,391549,2,11
391536,391547,391549,2,11
391536,391544,391549,5,8
391536,391547,391549,2,11
391536,391547,391549,2,11
391536,391547,391549,2,11
391536,391547,391549,2,11
391536,391547,391549,2,11
391536,391548,391550,2,12
391536,391548,391550,2,12
391536,391548,391550,2,12
391536,391548,391550,2,12
391536,391548,391550,2,12
391536,391548,391550,2,12
391536,391548,391550,2,12
391536,391548,391550,2,12
391556,391556,391560,4,0
391556,391556,391560,4,0
391556,391556,391560,4,0
391556,391556,391560,4,0
391556,391556,391560,4,0
391556,391556,391560,4,0
391556,391556,391560,4,0
391556,391556,391560,4,0
391556,391556,391560,4,0
391556,391556,391560,4,0
391556,391556,391560,4,0
391556,391556,391560,4,0
391556,391556,391560,4,0
391556,391556,391560,4,0
391556,391556,391560,4,0
391556,391556,391560,4,0
391556,391556,391560,4,0
391556,391556,391560,4,0
391556,391556,391560,4,0
391556,391556,391560,4,0
391556,391556,391560,4,0
391556,391556,391560,4,0
391556,391556,391561,5,0
391556,391556,391561,5,0
391556,391556,391560,4,0
391556,391556,391560,4,0
391556,391556,391560,4,0
391556,391556,391560,4,0
391556,391556,391560,4,0
391556,391556,391560,4,0
391556,391556,391560,4,0
391556,391556,391560,4,0
391556,391556,391560,4,0
391556,391556,391560,4,0
391556,391556,391561,5,0
391556,391556,391561,5,0
391556,391556,391561,5,0
391556,391556,391561,5,0
391556,391556,391560,4,0
391556,391556,391560,4,0
391556,391556,391561,5,0
391556,391556,391560,4,0
391556,391556,391560,4,0
391556,391556,391560,4,0
391556,391556,391560,4,0
391556,391556,391560,4,0
391556,391556,391561,5,0
391556,391556,391561,5,0
391556,391556,391560,4,0
391556,391556,391560,4,0
391556,391556,391560,4,0
391556,391556,391561,5,0
391556,391556,391560,4,0
391556,391556,391560,4,0
391556,391556,391560,4,0
391556,391556,391560,4,0
391556,391556,391561,5,0
391556,391556,391561,5,0
391556,391556,391560,4,0
391556,391556,391560,4,0
391556,391556,391560,4,0
391556,391556,391560,4,0
391556,391556,391560,4,0
391556,391556,391560,4,0
391556,391556,391560,4,0
391556,391556,391560,4,0
391556,391556,391561,5,0
391556,391556,391561,5,0
391556,391556,391561,5,0
391556,391556,391561,5,0
391556,391556,391562,6,0
391556,391556,391562,6,0
391556,391556,391562,6,0
391556,391556,391562,6,0
391556,391556,391561,5,0
391556,391556,391562,6,0
391556,391556,391562,6,0
391556,391556,391562,6,0
391556,391556,391562,6,0
391556,391560,391562,2,4
391556,391556,391562,6,0
391556,391560,391562,2,4
391556,391560,391562,2,4
391556,391560,391562,2,4
391556,391560,391562,2,4
391556,391560,391562,2,4
391556,391560,391563,3,4
391556,391560,391563,3,4
391556,391560,391562,2,4
391556,391560,391564,4,4
391556,391560,391563,3,4
391556,391560,391564,4,4
391556,391560,391564,4,4
391556,391560,391565,5,4
391556,391560,391565,5,4
391556,391560,391565,5,4
391556,391561,391565,4,5
391556,391561,391565,4,5
391556,391561,391565,4,5
391556,391561,391565,4,5
391556,391561,391565,4,5
391556,391561,391565,4,5
391556,391561,391565,4,5
391556,391561,391565,4,5
391556,391561,391565,4,5
391556,391561,391565,4,5
391556,391561,391565,4,5
391556,391562,391565,3,6
391556,391561,391565,4,5
391556,391561,391565,4,5
391556,391561,391565,4,5
391556,391561,391565,4,5
391556,391561,391565,4,5
391556,391561,391565,4,5
391556,391562,391565,3,6
391556,391562,391565,3,6
391556,391562,391565,3,6
391556,391562,391565,3,6
391556,391561,391565,4,5
391556,391561,391565,4,5
391556,391561,391565,4,5
391556,391561,391565,4,5
391556,391562,391565,3,6
391556,391562,391565,3,6
391556,391560,391565,5,4
391556,391561,391565,4,5
391556,391561,391565,4,5
391556,391562,391566,4,6
391556,391562,391565,3,6
391556,391561,391566,5,5
391556,391561,391566,5,5
391556,391561,391565,4,5
391556,391561,391566,5,5
391556,391561,391565,4,5
391556,391561,391566,5,5
391556,391561,391566,5,5
391556,391561,391566,5,5
391556,391561,391565,4,5
391556,391561,391565,4,5
391556,391562,391566,4,6
391556,391561,391566,5,5
391556,391561,391566,5,5
391556,391561,391565,4,5
391556,391561,391565,4,5
391556,391562,391566,4,6
391556,391561,391565,4,5
391556,391561,391566,5,5
391556,391561,391565,4,5
391556,391562,391566,4,6
391556,391561,391566,5,5
391556,391561,391566,5,5
391556,391562,391566,4,6
391556,391562,391566,4,6
391556,391562,391566,4,6
391556,391561,391566,5,5
391556,391562,391566,4,6
391556,391562,391566,4,6
391556,391564,391566,2,8
391556,391561,391566,5,5
391556,391563,391566,3,7
391556,391561,391566,5,5
391556,391561,391566,5,5
391556,391562,391566,4,6
391556,391563,391566,3,7
391556,391562,391566,4,6
391556,391562,391566,4,6
391556,391565,391566,1,9
391556,391565,391567,2,9
391556,391565,391567,2,9
391556,391565,391567,2,9
391556,391565,391567,2,9
391556,391565,391567,2,9
391556,391565,391567,2,9
391556,391565,391568,3,9
391556,391563,391567,4,7
391556,391564,391567,3,8
391556,391563,391567,4,7
391556,391564,391567,3,8
391556,391565,391567,2,9
391556,391563,391567,4,7
391556,391565,391568,3,9
391556,391565,391568,3,9
391556,391565,391568,3,9
391556,391565,391568,3,9
391556,391565,391568,3,9
391556,391566,391568,2,10
391556,391566,391568,2,10
391556,391565,391568,3,9
391556,391566,391568,2,10
391556,391566,391568,2,10
391556,391566,391568,2,10
391556,391566,391568,2,10
391556,391566,391568,2,10
391556,391566,391568,2,10
391556,391566,391568,2,10
391556,391566,391568,2,10
391556,391566,391568,2,10
391556,391566,391568,2,10
391556,391566,391568,2,10
391556,391561,391579,18,5
391584,391584,391589,5,0
391584,391584,391589,5,0
391584,391584,391589,5,0
391584,391584,391589,5,0
391584,391584,391589,5,0
391584,391584,391589,5,0
391584,391584,391589,5,0
391584,391584,391589,5,0
391584,391584,391589,5,0
391584,391584,391589,5,0
391584,391584,391589,5,0
391584,391584,391589,5,0
391584,391584,391588,4,0
391584,391584,391588,4,0
391584,391584,391588,4,0
391584,391584,391589,5,0
391584,391584,391589,5,0
391584,391584,391589,5,0
391584,391584,391589,5,0
391584,391584,391589,5,0
391584,391584,391589,5,0
391584,391584,391589,5,0
391584,391584,391589,5,0
391584,391584,391589,5,0
391584,391584,391589,5,0
391584,391584,391589,5,0
391584,391584,391589,5,0
391584,391584,391589,5,0
391584,391584,391589,5,0
391584,391584,391589,5,0
391584,391584,391589,5,0
391584,391584,391589,5,0
391584,391584,391589,5,0
391584,391584,391588,4,0
391584,391584,391588,4,0
391584,391584,391589,5,0
391584,391584,391589,5,0
391584,391584,391589,5,0
391584,391584,391589,5,0
391584,391584,391589,5,0
391584,391584,391589,5,0
391584,391584,391589,5,0
391584,391584,391588,4,0
391584,391584,391589,5,0
391584,391584,391589,5,0
391584,391584,391589,5,0
391584,391584,391589,5,0
391584,391584,391589,5,0
391584,391584,391589,5,0
391584,391584,391588,4,0
391584,391584,391589,5,0
391584,391584,391589,5,0
391584,391584,391589,5,0
391584,391584,391589,5,0
391584,391584,391588,4,0
391584,391584,391588,4,0
391584,391584,391589,5,0
391584,391584,391589,5,0
391584,391584,391589,5,0
391584,391584,391589,5,0
391584,391584,391589,5,0
391584,391584,391589,5,0
391584,391584,391589,5,0
391584,391584,391589,5,0
391584,391584,391589,5,0
391584,391584,391589,5,0
391584,391584,391589,5,0
391584,391584,391589,5,0
391584,391584,391589,5,0
391584,391584,391588,4,0
391584,391584,391589,5,0
391584,391584,391589,5,0
391584,391584,391590,6,0
391584,391584,391589,5,0
391584,391584,391589,5,0
391584,391584,391589,5,0
391584,391584,391589,5,0
391584,391584,391589,5,0
391584,391584,391589,5,0
391584,391584,391589,5,0
391584,391589,391590,1,5
391584,391589,391594,5,5
391584,391589,391594,5,5
391584,391589,391594,5,5
391584,391589,391594,5,5
391584,391589,391594,5,5
391584,391589,391594,5,5
391584,391589,391594,5,5
391584,391589,391594,5,5
391584,391589,391594,5,5
391584,391589,391594,5,5
391584,391589,391594,5,5
391584,391589,391594,5,5
391584,391589,391594,5,5
391584,391589,391594,5,5
391584,391589,391594,5,5
391584,391589,391594,5,5
391584,391589,391594,5,5
391584,391589,391594,5,5
391584,391589,391594,5,5
391584,391589,391594,5,5
391584,391589,391594,5,5
391584,391589,391594,5,5
391584,391589,391594,5,5
391584,391589,391594,5,5
391584,391589,391594,5,5
391584,391589,391594,5,5
391584,391589,391594,5,5
391584,391589,391594,5,5
391584,391589,391594,5,5
391584,391589,391594,5,5
391584,391589,391594,5,5
391584,391589,391594,5,5
391584,391589,391594,5,5
391584,391589,391594,5,5
391584,391589,391594,5,5
391584,391589,391594,5,5
391584,391590,391594,4,6
391584,391589,391594,5,5
391584,391589,391594,5,5
391584,391589,391594,5,5
391584,391589,391594,5,5
391584,391589,391594,5,5
391584,391589,391594,5,5
391584,391589,391594,5,5
391584,391589,391594,5,5
391584,391589,391594,5,5
391584,391589,391594,5,5
391584,391589,391594,5,5
391584,391589,391594,5,5
391584,391589,391594,5,5
391584,391589,391594,5,5
391584,391589,391594,5,5
391584,391589,391594,5,5
391584,391589,391594,5,5
391584,391589,391595,6,5
391584,391589,391595,6,5
391584,391590,391595,5,6
391584,391590,391595,5,6
391584,391589,391595,6,5
391584,391589,391595,6,5
391584,391589,391595,6,5
391584,391590,391595,5,6
391584,391589,391595,6,5
391584,391589,391595,6,5
391584,391589,391595,6,5
391584,391589,391595,6,5
391584,391589,391595,6,5
391584,391589,391595,6,5
391584,391590,391595,5,6
391584,391590,391595,5,6
391584,391589,391595,6,5
391584,391589,391595,6,5
391584,391590,391595,5,6
391584,391590,391595,5,6
391584,391590,391595,5,6
391584,391589,391595,6,5
391584,391589,391595,6,5
391584,391589,391595,6,5
391584,391594,391597,3,10
391584,391595,391597,2,11
391584,391589,391596,7,5
391584,391595,391597,2,11
391584,391590,391597,7,6
391584,391595,391597,2,11
391584,391595,391597,2,11
391584,391595,391597,2,11
391584,391595,391597,2,11
391584,391595,391597,2,11
391584,391595,391597,2,11
391584,391595,391597,2,11
391584,391595,391597,2,11
391584,391595,391597,2,11
391584,391595,391597,2,11
391584,391595,391598,3,11
391584,391595,391597,2,11
391584,391595,391597,2,11
391584,391595,391597,2,11
391584,391595,391597,2,11
391584,391595,391598,3,11
391584,391595,391597,2,11
391584,391595,391597,2,11
391584,391595,391597,2,11
391584,391595,391597,2,11
391584,391595,391597,2,11
391584,391595,391598,3,11
391584,391595,391597,2,11
391584,391595,391597,2,11
391584,391595,391597,2,11
391584,391595,391597,2,11
391584,391595,391597,2,11
391584,391595,391597,2,11
391584,391595,391597,2,11
391584,391595,391597,2,11
391584,391595,391598,3,11
391584,391595,391598,3,11
391584,391595,391598,3,11
391584,391595,391598,3,11
391584,391595,391598,3,11
391584,391595,391598,3,11
391603,391603,391608,5,0
391603,391603,391608,5,0
391603,391603,391608,5,0
391603,391603,391608,5,0
391603,391603,391607,4,0
391603,391603,391608,5,0
391603,391603,391608,5,0
391603,391603,391608,5,0
391603,391603,391608,5,0
391603,391603,391608,5,0
391603,391603,391608,5,0
391603,391603,391608,5,0
391603,391603,391608,5,0
391603,391603,391608,5,0
391603,391603,391608,5,0
391603,391603,391608,5,0
391603,391603,391608,5,0
391603,391603,391608,5,0
391603,391603,391608,5,0
391603,391603,391608,5,0
391603,391603,391608,5,0
391603,391603,391609,6,0
391603,391603,391609,6,0
391603,391603,391609,6,0
391603,391603,391608,5,0
391603,391603,391608,5,0
391603,391603,391608,5,0
391603,391603,391608,5,0
391603,391603,391608,5,0
391603,391603,391608,5,0
391603,391603,391609,6,0
391603,391603,391608,5,0
391603,391603,391608,5,0
391603,391603,391608,5,0
391603,391603,391608,5,0
391603,391603,391609,6,0
391603,391603,391609,6,0
391603,391603,391608,5,0
391603,391603,391608,5,0
391603,391603,391608,5,0
391603,391603,391609,6,0
391603,391603,391609,6,0
391603,391603,391609,6,0
391603,391603,391609,6,0
391603,391603,391609,6,0
391603,391603,391608,5,0
391603,391603,391608,5,0
391603,391603,391608,5,0
391603,391603,391608,5,0
391603,391603,391608,5,0
391603,391603,391608,5,0
391603,391603,391608,5,0
391603,391603,391608,5,0
391603,391603,391609,6,0
391603,391603,391608,5,0
391603,391603,391608,5,0
391603,391603,391609,6,0
391603,391603,391608,5,0
391603,391603,391608,5,0
391603,391603,391608,5,0
391603,391603,391608,5,0
391603,391603,391608,5,0
391603,391603,391609,6,0
391603,391603,391608,5,0
391603,391603,391608,5,0
391603,391603,391608,5,0
391603,391603,391608,5,0
391603,391603,391608,5,0
391603,391603,391609,6,0
391603,391603,391608,5,0
391603,391603,391608,5,0
391603,391603,391608,5,0
391603,391603,391608,5,0
391603,391603,391608,5,0
391603,391603,391608,5,0
391603,391603,391609,6,0
391603,391603,391609,6,0
391603,391603,391609,6,0
391603,391603,391609,6,0
391603,391603,391609,6,0
391603,391608,391610,2,5
391603,391609,391610,1,6
391603,391608,391611,3,5
391603,391608,391611,3,5
391603,391608,391611,3,5
391603,391608,391611,3,5
391603,391609,391611,2,6
391603,391608,391611,3,5
391603,391608,391611,3,5
391603,391608,391611,3,5
391603,391609,391613,4,6
391603,391609,391613,4,6
391603,391608,391613,5,5
391603,391609,391613,4,6
391603,391609,391613,4,6
391603,391608,391612,4,5
391603,391609,391613,4,6
391603,391609,391612,3,6
391603,391609,391613,4,6
391603,391609,391613,4,6
391603,391609,391613,4,6
391603,391609,391613,4,6
391603,391609,391613,4,6
391603,391609,391613,4,6
391603,391610,391613,3,7
391603,391608,391613,5,5
391603,391608,391613,5,5
391603,391610,391613,3,7
391603,391610,391613,3,7
391603,391609,391613,4,6
391603,391609,391613,4,6
391603,391609,391613,4,6
391603,391609,391613,4,6
391603,391609,391613,4,6
391603,391609,391613,4,6
391603,391609,391613,4,6
391603,391609,391613,4,6
391603,391608,391613,5,5
391603,391608,391613,5,5
391603,391610,391613,3,7
391603,391610,391613,3,7
391603,391610,391613,3,7
391603,391610,391613,3,7
391603,391610,391613,3,7
391603,391610,391613,3,7
391603,391610,391613,3,7
391603,391610,391613,3,7
391603,391610,391613,3,7
391603,391610,391613,3,7
391603,391609,391613,4,6
391603,391610,391613,3,7
391603,391610,391613,3,7
391603,391610,391613,3,7
391603,391608,391613,5,5
391603,391608,391613,5,5
391603,391609,391613,4,6
391603,391608,391613,5,5
391603,391610,391614,4,7
391603,391610,391614,4,7
391603,391610,391614,4,7
391603,391610,391614,4,7
391603,391610,391614,4,7
391603,391610,391614,4,7
391603,391612,391615,3,9
391603,391612,391614,2,9
391603,391612,391615,3,9
391603,391610,391614,4,7
391603,391610,391614,4,7
391603,391610,391614,4,7
391603,391612,391614,2,9
391603,391610,391614,4,7
391603,391610,391614,4,7
391603,391610,391614,4,7
391603,391612,391615,3,9
391603,391612,391614,2,9
391603,391609,391614,5,6
391603,391610,391614,4,7
391603,391611,391614,3,8
391603,391611,391614,3,8
391603,391612,391614,2,9
391603,391610,391614,4,7
391603,391610,391614,4,7
391603,391610,391614,4,7
391603,391612,391614,2,9
391603,391610,391614,4,7
391603,391610,391614,4,7
391603,391610,391614,4,7
391603,391610,391614,4,7
391603,391610,391614,4,7
391603,391610,391614,4,7
391603,391614,391616,2,11
391603,391613,391615,2,10
391603,391613,391615,2,10
391603,391613,391615,2,10
391603,391613,391615,2,10
391603,391613,391615,2,10
391603,391614,391616,2,11
391603,391614,391616,2,11
391603,391614,391616,2,11
391603,391613,391615,2,10
391603,391613,391615,2,10
391603,391613,391615,2,10
391603,391613,391616,3,10
391603,391613,391615,2,10
391603,391613,391615,2,10
391603,391613,391615,2,10
391603,391613,391616,3,10
391603,391613,391615,2,10
391603,391613,391615,2,10
391603,391613,391616,3,10
391603,391613,391615,2,10
391603,391613,391616,3,10
391603,391613,391616,3,10
391603,391614,391616,2,11
391603,391614,391616,2,11
391603,391614,391616,2,11
391603,391614,391616,2,11
391603,391614,391616,2,11
391603,391614,391616,2,11
391603,391614,391616,2,11
391621,391621,391625,4,0
391621,391621,391625,4,0
391621,391621,391625,4,0
391621,391621,391625,4,0
391621,391621,391625,4,0
391621,391621,391625,4,0
391621,391621,391625,4,0
391621,391621,391625,4,0
391621,391621,391625,4,0
391621,391621,391625,4,0
391621,391621,391625,4,0
391621,391621,391625,4,0
391621,391621,391625,4,0
391621,391621,391626,5,0
391621,391621,391626,5,0
391621,391621,391626,5,0
391621,391621,391625,4,0
391621,391621,391626,5,0
391621,391621,391626,5,0
391621,391621,391626,5,0
391621,391621,391626,5,0
391621,391621,391626,5,0
391621,391621,391625,4,0
391621,391621,391625,4,0
391621,391621,391626,5,0
391621,391621,391626,5,0
391621,391621,391625,4,0
391621,391621,391625,4,0
391621,391621,391626,5,0
391621,391621,391626,5,0
391621,391621,391625,4,0
391621,391621,391625,4,0
391621,391621,391626,5,0
391621,391621,391626,5,0
391621,391621,391626,5,0
391621,391621,391626,5,0
391621,391621,391626,5,0
391621,391621,391625,4,0
391621,391621,391626,5,0
391621,391621,391626,5,0
391621,391621,391626,5,0
391621,391621,391625,4,0
391621,391621,391625,4,0
391621,391621,391625,4,0
391621,391621,391625,4,0
391621,391621,391625,4,0
391621,391621,391626,5,0
391621,391621,391626,5,0
391621,391621,391626,5,0
391621,391621,391625,4,0
391621,391621,391625,4,0
391621,391621,391625,4,0
391621,391621,391625,4,0
391621,391621,391626,5,0
391621,391621,391626,5,0
391621,391621,391625,4,0
391621,391621,391626,5,0
391621,391621,391625,4,0
391621,391621,391625,4,0
391621,391621,391626,5,0
391621,391621,391625,4,0
391621,391621,391625,4,0
391621,391621,391625,4,0
391621,391621,391625,4,0
391621,391621,391626,5,0
391621,391621,391626,5,0
391621,391621,391625,4,0
391621,391621,391626,5,0
391621,391621,391625,4,0
391621,391621,391627,6,0
391621,391621,391626,5,0
391621,391621,391626,5,0
391621,391621,391627,6,0
391621,391621,391626,5,0
391621,391625,391627,2,4
391621,391621,391626,5,0
391621,391625,391627,2,4
391621,391621,391626,5,0
391621,391621,391626,5,0
391621,391621,391626,5,0
391621,391625,391627,2,4
391621,391621,391626,5,0
391621,391625,391627,2,4
391621,391621,391626,5,0
391621,391625,391627,2,4
391621,391625,391627,2,4
391621,391625,391627,2,4
391621,391625,391627,2,4
391621,391625,391628,3,4
391621,391625,391628,3,4
391621,391625,391628,3,4
391621,391625,391628,3,4
391621,391625,391628,3,4
391621,391626,391630,4,5
391621,391628,391631,3,7
391621,391628,391631,3,7
391621,391626,391632,6,5
391621,391626,391631,5,5
391621,391626,391631,5,5
391621,391626,391631,5,5
391621,391626,391631,5,5
391621,391626,391632,6,5
391621,391626,391632,6,5
391621,391626,391631,5,5
391621,391628,391631,3,7
391621,391626,391632,6,5
391621,391626,391632,6,5
391621,391626,391632,6,5
391621,391626,391631,5,5
391621,391628,391631,3,7
391621,391628,391632,4,7
391621,391626,391631,5,5
391621,391628,391631,3,7
391621,391628,391631,3,7
391621,391628,391631,3,7
391621,391628,391632,4,7
391621,391626,391632,6,5
391621,391626,391632,6,5
391621,391628,391631,3,7
391621,391628,391632,4,7
391621,391628,391632,4,7
391621,391626,391632,6,5
391621,391626,391632,6,5
391621,391628,391631,3,7
391621,391628,391631,3,7
391621,391626,391632,6,5
391621,391628,391632,4,7
391621,391628,391632,4,7
391621,391626,391631,5,5
391621,391626,391632,6,5
391621,391626,391632,6,5
391621,391628,391631,3,7
391621,391628,391631,3,7
391621,391626,391632,6,5
391621,391626,391631,5,5
391621,391626,391632,6,5
391621,391626,391631,5,5
391621,391626,391632,6,5
391621,391628,391631,3,7
391621,391628,391631,3,7
391621,391626,391632,6,5
391621,391626,391632,6,5
391621,391626,391632,6,5
391621,391626,391632,6,5
391621,391626,391632,6,5
391621,391626,391632,6,5
391621,391626,391632,6,5
391621,391628,391632,4,7
391621,391626,391632,6,5
391621,391626,391632,6,5
391621,391626,391632,6,5
391621,391626,391632,6,5
391621,391628,391633,5,7
391621,391626,391632,6,5
391621,391626,391632,6,5
391621,391626,391632,6,5
391621,391626,391632,6,5
391621,391626,391632,6,5
391621,391627,391632,5,6
391621,391631,391633,2,10
391621,391626,391632,6,5
391621,391626,391632,6,5
391621,391626,391632,6,5
391621,391629,391632,3,8
391621,391626,391632,6,5
391621,391626,391632,6,5
391621,391626,391632,6,5
391621,391626,391632,6,5
391621,391626,391632,6,5
391621,391626,391632,6,5
391621,391626,391632,6,5
391621,391626,391632,6,5
391621,391632,391633,1,11
391621,391632,391634,2,11
391621,391629,391633,4,8
391621,391632,391634,2,11
391621,391632,391634,2,11
391621,391632,391634,2,11
391621,391632,391634,2,11
391621,391632,391633,1,11
391621,391632,391634,2,11
391621,391632,391634,2,11
391621,391632,391634,2,11
391621,391632,391635,3,11
391621,391632,391634,2,11
391621,391632,391634,2,11
391621,391632,391634,2,11
391621,391632,391634,2,11
391621,391632,391634,2,11
391621,391632,391634,2,11
391621,391632,391634,2,11
391621,391632,391634,2,11
391621,391632,391635,3,11
391621,391632,391634,2,11
391621,391632,391634,2,11
391621,391632,391634,2,11
391621,391632,391634,2,11
391621,391632,391634,2,11
391621,391632,391634,2,11
391621,391626,391647,21,5
391652,391652,391657,5,0
391652,391652,391657,5,0
391652,391652,391657,5,0
391652,391652,391657,5,0
391652,391652,391657,5,0
391652,391652,391657,5,0
391652,391652,391657,5,0
391652,391652,391657,5,0
391652,391652,391657,5,0
391652,391652,391657,5,0
391652,391652,391658,6,0
391652,391652,391658,6,0
391652,391652,391658,6,0
391652,391652,391658,6,0
391652,391652,391658,6,0
391652,391652,391658,6,0
391652,391652,391657,5,0
391652,391652,391658,6,0
391652,391652,391658,6,0
391652,391652,391658,6,0
391652,391652,391658,6,0
391652,391652,391658,6,0
391652,391652,391658,6,0
391652,391652,391658,6,0
391652,391652,391657,5,0
391652,391652,391658,6,0
391652,391652,391658,6,0
391652,391652,391658,6,0
391652,391652,391658,6,0
391652,391652,391658,6,0
391652,391652,391658,6,0
391652,391652,391658,6,0
391652,391652,391658,6,0
391652,391652,391658,6,0
391652,391652,391658,6,0
391652,391652,391657,5,0
391652,391652,391658,6,0
391652,391652,391658,6,0
391652,391652,391658,6,0
391652,391652,391658,6,0
391652,391652,391658,6,0
391652,391652,391658,6,0
391652,391652,391658,6,0
391652,391652,391657,5,0
391652,391652,391658,6,0
391652,391652,391658,6,0
391652,391652,391658,6,0
391652,391652,391658,6,0
391652,391657,391658,1,5
391652,391652,391658,6,0
391652,391652,391658,6,0
391652,391652,391658,6,0
391652,391652,391658,6,0
391652,391652,391658,6,0
391652,391652,391658,6,0
391652,391652,391658,6,0
391652,391657,391658,1,5
391652,391652,391658,6,0
391652,391652,391658,6,0
391652,391652,391658,6,0
391652,391652,391658,6,0
391652,391652,391658,6,0
391652,391652,391658,6,0
391652,391657,391658,1,5
391652,391657,391658,1,5
391652,391652,391658,6,0
391652,391652,391658,6,0
391652,391652,391658,6,0
391652,391652,391658,6,0
391652,391652,391658,6,0
391652,391652,391658,6,0
391652,391652,391658,6,0
391652,391657,391658,1,5
391652,391652,391658,6,0
391652,391652,391657,5,0
391652,391652,391658,6,0
391652,391652,391658,6,0
391652,391652,391658,6,0
391652,391652,391658,6,0
391652,391652,391658,6,0
391652,391652,391658,6,0
391652,391652,391658,6,0
391652,391652,391658,6,0
391652,391652,391658,6,0
391652,391657,391659,2,5
391652,391657,391659,2,5
391652,391657,391659,2,5
391652,391657,391659,2,5
391652,391657,391659,2,5
391652,391658,391661,3,6
391652,391659,391663,4,7
391652,391659,391663,4,7
391652,391659,391663,4,7
391652,391659,391663,4,7
391652,391659,391663,4,7
391652,391659,391663,4,7
391652,391659,391663,4,7
391652,391659,391663,4,7
391652,391659,391663,4,7
391652,391659,391663,4,7
391652,391659,391663,4,7
391652,391659,391663,4,7
391652,391659,391663,4,7
391652,391659,391663,4,7
391652,391659,391663,4,7
391652,391659,391663,4,7
391652,391659,391663,4,7
391652,391659,391663,4,7
391652,391659,391663,4,7
391652,391659,391663,4,7
391652,391659,391663,4,7
391652,391659,391663,4,7
391652,391659,391664,5,7
391652,391659,391663,4,7
391652,391659,391663,4,7
391652,391659,391663,4,7
391652,391659,391663,4,7
391652,391659,391663,4,7
391652,391659,391663,4,7
391652,391659,391663,4,7
391652,391659,391663,4,7
391652,391659,391663,4,7
391652,391659,391663,4,7
391652,391659,391663,4,7
391652,391659,391663,4,7
391652,391659,391663,4,7
391652,391659,391663,4,7
391652,391659,391663,4,7
391652,391659,391663,4,7
391652,391659,391663,4,7
391652,391659,391663,4,7
391652,391659,391664,5,7
391652,391659,391663,4,7
391652,391659,391664,5,7
391652,391659,391663,4,7
391652,391659,391663,4,7
391652,391659,391663,4,7
391652,391659,391663,4,7
391652,391659,391663,4,7
391652,391659,391664,5,7
391652,391659,391663,4,7
391652,391659,391663,4,7
391652,391659,391663,4,7
391652,391659,391663,4,7
391652,391659,391663,4,7
391652,391660,391664,4,8
391652,391660,391664,4,8
391652,391660,391664,4,8
391652,391659,391663,4,7
391652,391659,391663,4,7
391652,391659,391663,4,7
391652,391659,391663,4,7
391652,391659,391664,5,7
391652,391659,391664,5,7
391652,391659,391664,5,7
391652,391659,391664,5,7
391652,391659,391663,4,7
391652,391659,391663,4,7
391652,391659,391663,4,7
391652,391659,391663,4,7
391652,391659,391664,5,7
391652,391659,391664,5,7
391652,391659,391664,5,7
391652,391659,391664,5,7
391652,391660,391664,4,8
391652,391661,391664,3,9
391652,391663,391664,1,11
391652,391659,391664,5,7
391652,391659,391664,5,7
391652,391663,391664,1,11
391652,391659,391664,5,7
391652,391664,391665,1,12
391652,391664,391665,1,12
391652,391664,391666,2,12
391652,391664,391666,2,12
391652,391664,391665,1,12
391652,391664,391665,1,12
391652,391664,391666,2,12
391652,391664,391666,2,12
391652,391664,391666,2,12
391652,391664,391666,2,12
391652,391664,391666,2,12
391652,391664,391666,2,12
391652,391664,391666,2,12
391652,391664,391666,2,12
391652,391664,391666,2,12
391652,391664,391666,2,12
391652,391664,391666,2,12
391652,391664,391666,2,12
391652,391664,391666,2,12
391652,391664,391666,2,12
391652,391664,391666,2,12
391652,391664,391666,2,12
391652,391664,391667,3,12
391652,391664,391666,2,12
391652,391664,391666,2,12
391652,391664,391666,2,12
391652,391664,391667,3,12
391652,391664,391666,2,12
391652,391652,391671,19,0
391676,391676,391680,4,0
391676,391676,391680,4,0
391676,391676,391680,4,0
391676,391676,391680,4,0
391676,391676,391680,4,0
391676,391676,391681,5,0
391676,391676,391681,5,0
391676,391676,391681,5,0
391676,391676,391681,5,0
391676,391676,391681,5,0
391676,391676,391681,5,0
391676,391676,391681,5,0
391676,391676,391681,5,0
391676,391676,391680,4,0
391676,391676,391680,4,0
391676,391676,391681,5,0
391676,391676,391681,5,0
391676,391676,391681,5,0
391676,391676,391681,5,0
391676,391676,391681,5,0
391676,391676,391681,5,0
391676,391676,391681,5,0
391676,391676,391681,5,0
391676,391676,391680,4,0
391676,391676,391681,5,0
391676,391676,391681,5,0
391676,391676,391681,5,0
391676,391676,391681,5,0
391676,391676,391680,4,0
391676,391676,391681,5,0
391676,391676,391681,5,0
391676,391676,391681,5,0
391676,391676,391681,5,0
391676,391676,391681,5,0
391676,391676,391681,5,0
391676,391676,391681,5,0
391676,391676,391681,5,0
391676,391676,391681,5,0
391676,391676,391681,5,0
391676,391676,391681,5,0
391676,391676,391681,5,0
391676,391676,391681,5,0
391676,391676,391681,5,0
391676,391676,391681,5,0
391676,391676,391682,6,0
391676,391676,391682,6,0
391676,391676,391682,6,0
391676,391676,391681,5,0
391676,391676,391681,5,0
391676,391676,391681,5,0
391676,391676,391681,5,0
391676,391676,391682,6,0
391676,391680,391682,2,4
391676,391676,391681,5,0
391676,391676,391681,5,0
391676,391676,391681,5,0
391676,391676,391681,5,0
391676,391676,391682,6,0
391676,391680,391682,2,4
391676,391676,391681,5,0
391676,391676,391681,5,0
391676,391676,391681,5,0
391676,391676,391681,5,0
391676,391676,391681,5,0
391676,391676,391681,5,0
391676,391676,391681,5,0
391676,391676,391681,5,0
391676,391676,391682,6,0
391676,391680,391682,2,4
391676,391676,391681,5,0
391676,391676,391682,6,0
391676,391676,391682,6,0
391676,391676,391682,6,0
391676,391676,391683,7,0
391676,391676,391682,6,0
391676,391676,391682,6,0
391676,391676,391682,6,0
391676,391676,391682,6,0
391676,391680,391683,3,4
391676,391676,391682,6,0
391676,391676,391682,6,0
391676,391676,391682,6,0
391676,391676,391682,6,0
391676,391676,391682,6,0
391676,391680,391683,3,4
391676,391681,391683,2,5
391676,391681,391684,3,5
391676,391682,391684,2,6
391676,391682,391684,2,6
391676,391682,391685,3,6
391676,391681,391685,4,5
391676,391681,391685,4,5
391676,391682,391686,4,6
391676,391682,391685,3,6
391676,391682,391685,3,6
391676,391682,391685,3,6
391676,391682,391686,4,6
391676,391682,391685,3,6
391676,391682,391685,3,6
391676,391682,391685,3,6
391676,391681,391685,4,5
391676,391682,391686,4,6
391676,391682,391685,3,6
391676,391683,391685,2,7
391676,391683,391686,3,7
391676,391683,391686,3,7
391676,391683,391686,3,7
391676,391683,391686,3,7
391676,391681,391685,4,5
391676,391682,391686,4,6
391676,391682,391686,4,6
391676,391682,391686,4,6
391676,391682,391685,3,6
391676,391681,391685,4,5
391676,391683,391686,3,7
391676,391683,391686,3,7
391676,391681,391686,5,5
391676,391683,391685,2,7
391676,391683,391686,3,7
391676,391683,391686,3,7
391676,391682,391685,3,6
391676,391682,391685,3,6
391676,391682,391685,3,6
391676,391682,391685,3,6
391676,391682,391685,3,6
391676,391683,391686,3,7
391676,391681,391686,5,5
391676,391682,391686,4,6
391676,391683,391685,2,7
391676,391683,391685,2,7
391676,391683,391686,3,7
391676,391682,391686,4,6
391676,391683,391687,4,7
391676,391683,391686,3,7
391676,391683,391686,3,7
391676,391682,391686,4,6
391676,391682,391686,4,6
391676,391683,391686,3,7
391676,391683,391687,4,7
391676,391683,391686,3,7
391676,391683,391686,3,7
391676,391683,391686,3,7
391676,391682,391686,4,6
391676,391683,391686,3,7
391676,391683,391686,3,7
391676,391683,391687,4,7
391676,391683,391686,3,7
391676,391683,391687,4,7
391676,391683,391687,4,7
391676,391683,391687,4,7
391676,391683,391686,3,7
391676,391683,391687,4,7
391676,391683,391687,4,7
391676,391683,391687,4,7
391676,391683,391687,4,7
391676,391686,391688,2,10
391676,391686,391688,2,10
391676,391686,391688,2,10
391676,391686,391688,2,10
391676,391683,391687,4,7
391676,391683,391688,5,7
391676,391683,391687,4,7
391676,391683,391688,5,7
391676,391685,391688,3,9
391676,391685,391688,3,9
391676,391686,391688,2,10
391676,391683,391687,4,7
391676,391683,391687,4,7
391676,391684,391688,4,8
391676,391683,391688,5,7
391676,391685,391688,3,9
391676,391686,391688,2,10
391676,391686,391688,2,10
391676,391686,391688,2,10
391676,391686,391689,3,10
391676,391686,391689,3,10
391676,391683,391688,5,7
391676,391685,391688,3,9
391676,391686,391688,2,10
391676,391683,391688,5,7
391676,391683,391688,5,7
391676,391686,391689,3,10
391676,391686,391689,3,10
391676,391686,391689,3,10
391676,391686,391688,2,10
391676,391686,391689,3,10
391676,391686,391689,3,10
391676,391686,391689,3,10
391676,391686,391688,2,10
391676,391686,391689,3,10
391676,391686,391688,2,10
391676,391686,391689,3,10
391676,391686,391689,3,10
391676,391686,391688,2,10
391676,391686,391689,3,10
391676,391686,391689,3,10
391676,391686,391689,3,10
391676,391686,391689,3,10
391676,391686,391689,3,10
391676,391686,391689,3,10
391695,391695,391699,4,0
391695,391695,391699,4,0
391695,391695,391699,4,0
391695,391695,391699,4,0
391695,391695,391699,4,0
391695,391695,391699,4,0
391695,391695,391699,4,0
391695,391695,391699,4,0
391695,391695,391699,4,0
391695,391695,391699,4,0
391695,391695,391699,4,0
391695,391695,391699,4,0
391695,391695,391699,4,0
391695,391695,391699,4,0
391695,391695,391699,4,0
391695,391695,391699,4,0
391695,391695,391699,4,0
391695,391695,391699,4,0
391695,391695,391699,4,0
391695,391695,391699,4,0
391695,391695,391699,4,0
391695,391695,391699,4,0
391695,391695,391699,4,0
391695,391695,391699,4,0
391695,391695,391699,4,0
391695,391695,391699,4,0
391695,391695,391700,5,0
391695,391695,391700,5,0
391695,391695,391699,4,0
391695,391695,391700,5,0
391695,391695,391699,4,0
391695,391695,391700,5,0
391695,391695,391700,5,0
391695,391695,391700,5,0
391695,391695,391699,4,0
391695,391695,391699,4,0
391695,391695,391700,5,0
391695,391695,391700,5,0
391695,391695,391700,5,0
391695,391695,391699,4,0
391695,391695,391700,5,0
391695,391695,391700,5,0
391695,391695,391700,5,0
391695,391695,391700,5,0
391695,391695,391700,5,0
391695,391695,391700,5,0
391695,391695,391699,4,0
391695,391695,391700,5,0
391695,391695,391700,5,0
391695,391695,391700,5,0
391695,391695,391700,5,0
391695,391695,391700,5,0
391695,391695,391700,5,0
391695,391695,391700,5,0
391695,391695,391699,4,0
391695,391695,391699,4,0
391695,391695,391700,5,0
391695,391695,391700,5,0
391695,391695,391700,5,0
391695,391695,391700,5,0
391695,391695,391700,5,0
391695,391695,391700,5,0
391695,391695,391700,5,0
391695,391695,391700,5,0
391695,391695,391700,5,0
391695,391695,391700,5,0
391695,391695,391701,6,0
391695,391695,391701,6,0
391695,391695,391700,5,0
391695,391695,391702,7,0
391695,391695,391701,6,0
391695,391695,391701,6,0
391695,391695,391701,6,0
391695,391695,391701,6,0
391695,391695,391701,6,0
391695,391695,391702,7,0
391695,391695,391702,7,0
391695,391695,391702,7,0
391695,391695,391702,7,0
391695,391699,391702,3,4
391695,391699,391703,4,4
391695,391699,391703,4,4
391695,391695,391702,7,0
391695,391699,391702,3,4
391695,391699,391703,4,4
391695,391699,391702,3,4
391695,391699,391704,5,4
391695,391701,391704,3,6
391695,391701,391704,3,6
391695,391699,391704,5,4
391695,391699,391703,4,4
391695,391699,391703,4,4
391695,391699,391703,4,4
391695,391699,391703,4,4
391695,391699,391704,5,4
391695,391702,391704,2,7
391695,391699,391704,5,4
391695,391699,391704,5,4
391695,391699,391703,4,4
391695,391701,391704,3,6
391695,391701,391704,3,6
391695,391702,391704,2,7
391695,391699,391703,4,4
391695,391699,391704,5,4
391695,391699,391703,4,4
391695,391701,391704,3,6
391695,391701,391704,3,6
391695,391699,391704,5,4
391695,391699,391704,5,4
391695,391699,391704,5,4
391695,391700,391704,4,5
391695,391700,391704,4,5
391695,391700,391704,4,5
391695,391700,391704,4,5
391695,391700,391704,4,5
391695,391702,391704,2,7
391695,391703,391705,2,8
391695,391703,391705,2,8
391695,391699,391704,5,4
391695,391699,391704,5,4
391695,391699,391704,5,4
391695,391701,391705,4,6
391695,391701,391705,4,6
391695,391701,391705,4,6
391695,391701,391704,3,6
391695,391701,391704,3,6
391695,391701,391704,3,6
391695,391703,391704,1,8
391695,391703,391704,1,8
391695,391704,391705,1,9
391695,391704,391705,1,9
391695,391704,391705,1,9
391695,391701,391704,3,6
391695,391701,391704,3,6
391695,391701,391704,3,6
391695,391701,391704,3,6
391695,391703,391704,1,8
391695,391704,391705,1,9
391695,391704,391705,1,9
391695,391701,391704,3,6
391695,391701,391704,3,6
391695,391702,391705,3,7
391695,391702,391704,2,7
391695,391703,391705,2,8
391695,391703,391705,2,8
391695,391703,391705,2,8
391695,391699,391704,5,4
391695,391701,391704,3,6
391695,391701,391704,3,6
391695,391701,391704,3,6
391695,391701,391704,3,6
391695,391703,391705,2,8
391695,391701,391704,3,6
391695,391701,391704,3,6
391695,391701,391704,3,6
391695,391701,391705,4,6
391695,391701,391704,3,6
391695,391703,391704,1,8
391695,391701,391704,3,6
391695,391702,391704,2,7
391695,391702,391704,2,7
391695,391701,391704,3,6
391695,391701,391704,3,6
391695,391701,391704,3,6
391695,391701,391705,4,6
391695,391701,391705,4,6
391695,391701,391705,4,6
391695,391704,391706,2,9
391695,391704,391706,2,9
391695,391704,391705,1,9
391695,391704,391705,1,9
391695,391704,391706,2,9
391695,391704,391706,2,9
391695,391703,391705,2,8
391695,391704,391706,2,9
391695,391704,391705,1,9
391695,391704,391706,2,9
391695,391704,391706,2,9
391695,391701,391706,5,6
391695,391701,391705,4,6
391695,391701,391706,5,6
391695,391705,391707,2,10
391695,391705,391707,2,10
391695,391704,391706,2,9
391695,391704,391706,2,9
391695,391704,391706,2,9
391695,391704,391707,3,9
391695,391704,391706,2,9
391695,391704,391706,2,9
391695,391704,391706,2,9
391695,391704,391707,3,9
391695,391704,391707,3,9
391695,391705,391707,2,10
391695,391705,391707,2,10
391695,391705,391707,2,10
391695,391705,391707,2,10
391695,391705,391707,2,10
391695,391705,391707,2,10
391695,391705,391707,2,10
391695,391705,391707,2,10
391712,391713,391717,4,1
391712,391712,391717,5,0
391712,391713,391718,5,1
391712,391713,391717,4,1
391712,391712,391718,6,0
391712,391712,391717,5,0
391712,391713,391717,4,1
391712,391712,391717,5,0
391712,391713,391717,4,1
391712,391712,391717,5,0
391712,391713,391718,5,1
391712,391713,391717,4,1
391712,391712,391717,5,0
391712,391712,391717,5,0
391712,391712,391718,6,0
391712,391713,391717,4,1
391712,391713,391717,4,1
391712,391712,391717,5,0
391712,391712,391717,5,0
391712,391713,391718,5,1
391712,391713,391717,4,1
391712,391713,391717,4,1
391712,391712,391718,6,0
391712,391712,391718,6,0
391712,391713,391717,4,1
391712,391713,391717,4,1
391712,391713,391717,4,1
391712,391712,391718,6,0
391712,391712,391718,6,0
391712,391712,391718,6,0
391712,391712,391718,6,0
391712,391713,391718,5,1
391712,391713,391718,5,1
391712,391712,391718,6,0
391712,391712,391718,6,0
391712,391712,391718,6,0
391712,391712,391718,6,0
391712,391712,391718,6,0
391712,391713,391719,6,1
391712,391713,391718,5,1
391712,391712,391718,6,0
391712,391712,391718,6,0
391712,391712,391718,6,0
391712,391712,391718,6,0
391712,391713,391719,6,1
391712,391713,391718,5,1
391712,391713,391718,5,1
391712,391712,391718,6,0
391712,391712,391718,6,0
391712,391712,391718,6,0
391712,391712,391718,6,0
391712,391713,391718,5,1
391712,391713,391718,5,1
391712,391712,391718,6,0
391712,391712,391718,6,0
391712,391712,391718,6,0
391712,391712,391718,6,0
391712,391712,391718,6,0
391712,391712,391718,6,0
391712,391713,391718,5,1
391712,391713,391718,5,1
391712,391712,391718,6,0
391712,391712,391718,6,0
391712,391712,391718,6,0
391712,391713,391718,5,1
391712,391713,391718,5,1
391712,391712,391718,6,0
391712,391712,391718,6,0
391712,391712,391718,6,0
391712,391712,391718,6,0
391712,391713,391718,5,1
391712,391712,391718,6,0
391712,391712,391718,6,0
391712,391713,391718,5,1
391712,391712,391718,6,0
391712,391712,391719,7,0
391712,391713,391719,6,1
391712,391713,391719,6,1
391712,391718,391720,2,6
391712,391718,391719,1,6
391712,391713,391719,6,1
391712,391718,391719,1,6
391712,391718,391719,1,6
391712,391718,391719,1,6
391712,391718,391719,1,6
391712,391713,391719,6,1
391712,391718,391720,2,6
391712,391718,391721,3,6
391712,391718,391721,3,6
391712,391718,391720,2,6
391712,391718,391721,3,6
391712,391718,391722,4,6
391712,391718,391721,3,6
391712,391718,391722,4,6
391712,391718,391722,4,6
391712,391718,391722,4,6
391712,391718,391721,3,6
391712,391718,391722,4,6
391712,391718,391722,4,6
391712,391719,391723,4,7
391712,391719,391723,4,7
391712,391718,391722,4,6
391712,391718,391722,4,6
391712,391718,391723,5,6
391712,391719,391723,4,7
391712,391718,391722,4,6
391712,391718,391723,5,6
391712,391718,391723,5,6
391712,391718,391723,5,6
391712,391718,391723,5,6
391712,391718,391723,5,6
391712,391718,391723,5,6
391712,391718,391723,5,6
391712,391719,391723,4,7
391712,391719,391723,4,7
391712,391718,391722,4,6
391712,391718,391723,5,6
391712,391719,391723,4,7
391712,391719,391723,4,7
391712,391719,391723,4,7
391712,391719,391723,4,7
391712,391719,391723,4,7
391712,391719,391723,4,7
391712,391719,391723,4,7
391712,391719,391723,4,7
391712,391719,391723,4,7
391712,391719,391723,4,7
391712,391719,391723,4,7
391712,391719,391723,4,7
391712,391719,391723,4,7
391712,391719,391724,5,7
391712,391719,391723,4,7
391712,391719,391723,4,7
391712,391719,391723,4,7
391712,391719,391723,4,7
391712,391719,391723,4,7
391712,391719,391723,4,7
391712,391719,391723,4,7
391712,391719,391724,5,7
391712,391720,391724,4,8
391712,391720,391724,4,8
391712,391720,391724,4,8
391712,391719,391723,4,7
391712,391719,391723,4,7
391712,391719,391723,4,7
391712,391719,391723,4,7
391712,391719,391724,5,7
391712,391721,391724,3,9
391712,391719,391723,4,7
391712,391719,391723,4,7
391712,391719,391723,4,7
391712,391719,391723,4,7
391712,391719,391724,5,7
391712,391720,391724,4,8
391712,391720,391724,4,8
391712,391719,391723,4,7
391712,391719,391723,4,7
391712,391721,391724,3,9
391712,391719,391723,4,7
391712,391720,391724,4,8
391712,391722,391724,2,10
391712,391719,391723,4,7
391712,391721,391724,3,9
391712,391719,391724,5,7
391712,391720,391724,4,8
391712,391719,391723,4,7
391712,391720,391724,4,8
391712,391721,391724,3,9
391712,391722,391724,2,10
391712,391723,391724,1,11
391712,391720,391724,4,8
391712,391723,391724,1,11
391712,391720,391724,4,8
391712,391720,391725,5,8
391712,391722,391724,2,10
391712,391722,391725,3,10
391712,391723,391724,1,11
391712,391722,391725,3,10
391712,391722,391725,3,10
391712,391723,391724,1,11
391712,391723,391724,1,11
391712,391723,391724,1,11
391712,391722,391725,3,10
391712,391723,391725,2,11
391712,391723,391725,2,11
391712,391723,391725,2,11
391712,391723,391725,2,11
391712,391721,391725,4,9
391712,391722,391725,3,10
391712,391723,391725,2,11
391712,391723,391725,2,11
391712,391723,391724,1,11
391712,391723,391725,2,11
391712,391723,391725,2,11
391712,391723,391725,2,11
391712,391723,391725,2,11
391712,391723,391725,2,11
391712,391723,391725,2,11
391712,391723,391725,2,11
391730,391730,391731,1,0
391730,391730,391732,2,0
391730,391730,391734,4,0
391730,391730,391733,3,0
391730,391730,391734,4,0
391730,391730,391734,4,0
391730,391730,391734,4,0
391730,391730,391734,4,0
391730,391730,391734,4,0
391730,391730,391734,4,0
391730,391730,391734,4,0
391730,391730,391734,4,0
391730,391730,391734,4,0
391730,391730,391734,4,0
391730,391730,391734,4,0
391730,391730,391734,4,0
391730,391730,391735,5,0
391730,391730,391735,5,0
391730,391730,391735,5,0
391730,391730,391735,5,0
391730,391731,391736,5,1
391730,391730,391735,5,0
391730,391730,391735,5,0
391730,391730,391735,5,0
391730,391730,391735,5,0
391730,391731,391736,5,1
391730,391731,391735,4,1
391730,391731,391736,5,1
391730,391732,391736,4,2
391730,391730,391735,5,0
391730,391730,391735,5,0
391730,391731,391735,4,1
391730,391730,391735,5,0
391730,391730,391735,5,0
391730,391730,391735,5,0
391730,391730,391735,5,0
391730,391731,391736,5,1
391730,391731,391736,5,1
391730,391731,391736,5,1
391730,391731,391736,5,1
391730,391730,391735,5,0
391730,391730,391735,5,0
391730,391730,391735,5,0
391730,391731,391735,4,1
391730,391731,391735,4,1
391730,391731,391736,5,1
391730,391730,391735,5,0
391730,391731,391735,4,1
391730,391730,391735,5,0
391730,391730,391735,5,0
391730,391730,391735,5,0
391730,391730,391736,6,0
391730,391731,391736,5,1
391730,391731,391736,5,1
391730,391730,391735,5,0
391730,391730,391735,5,0
391730,391730,391735,5,0
391730,391731,391736,5,1
391730,391730,391735,5,0
391730,391730,391735,5,0
391730,391730,391735,5,0
391730,391730,391736,6,0
391730,391731,391736,5,1
391730,391731,391736,5,1
391730,391731,391736,5,1
391730,391731,391736,5,1
391730,391731,391736,5,1
391730,391731,391736,5,1
391730,391731,391736,5,1
391730,391731,391736,5,1
391730,391731,391736,5,1
391730,391731,391736,5,1
391730,391735,391737,2,5
391730,391735,391737,2,5
391730,391731,391736,5,1
391730,391731,391736,5,1
391730,391731,391736,5,1
391730,391735,391737,2,5
391730,391735,391737,2,5
391730,391735,391737,2,5
391730,391731,391736,5,1
391730,391731,391736,5,1
391730,391731,391736,5,1
391730,391735,391737,2,5
391730,391735,391737,2,5
391730,391734,391736,2,4
391730,391735,391737,2,5
391730,391734,391736,2,4
391730,391735,391737,2,5
391730,391731,391736,5,1
391730,391735,391737,2,5
391730,391731,391736,5,1
391730,391731,391736,5,1
391730,391733,391736,3,3
391730,391735,391738,3,5
391730,391735,391737,2,5
391730,391736,391738,2,6
391730,391736,391738,2,6
391730,391736,391738,2,6
391730,391736,391738,2,6
391730,391736,391739,3,6
391730,391736,391738,2,6
391730,391736,391739,3,6
391730,391736,391738,2,6
391730,391736,391738,2,6
391730,391736,391739,3,6
391730,391736,391738,2,6
391730,391736,391739,3,6
391730,391736,391739,3,6
391730,391736,391739,3,6
391730,391736,391739,3,6
391730,391736,391739,3,6
391730,391736,391738,2,6
391730,391736,391739,3,6
391730,391736,391739,3,6
391730,391736,391740,4,6
391730,391736,391739,3,6
391730,391736,391740,4,6
391730,391736,391739,3,6
391730,391736,391739,3,6
391730,391736,391739,3,6
391730,391736,391739,3,6
391730,391736,391739,3,6
391730,391736,391740,4,6
391730,391736,391740,4,6
391730,391737,391740,3,7
391730,391736,391740,4,6
391730,391736,391739,3,6
391730,391736,391739,3,6
391730,391736,391740,4,6
391730,391736,391739,3,6
391730,391736,391740,4,6
391730,391736,391739,3,6
391730,391736,391739,3,6
391730,391736,391739,3,6
391730,391736,391740,4,6
391730,391736,391739,3,6
391730,391736,391740,4,6
391730,391736,391740,4,6
391730,391736,391740,4,6
391730,391736,391739,3,6
391730,391736,391740,4,6
391730,391736,391740,4,6
391730,391736,391740,4,6
391730,391736,391740,4,6
391730,391736,391740,4,6
391730,391737,391741,4,7
391730,391737,391741,4,7
391730,391737,391741,4,7
391730,391737,391741,4,7
391730,391737,391741,4,7
391730,391737,391741,4,7
391730,391737,391741,4,7
391730,391737,391741,4,7
391730,391737,391741,4,7
391730,391737,391741,4,7
391730,391737,391741,4,7
391730,391737,391741,4,7
391730,391737,391741,4,7
391730,391737,391741,4,7
391730,391737,391741,4,7
391730,391737,391741,4,7
391730,391737,391741,4,7
391730,391737,391741,4,7
391730,391737,391741,4,7
391730,391738,391741,3,8
391730,391737,391741,4,7
391730,391737,391741,4,7
391730,391737,391741,4,7
391730,391737,391741,4,7
391730,391737,391741,4,7
391730,391737,391741,4,7
391730,391737,391741,4,7
391730,391739,391741,2,9
391730,391740,391742,2,10
391730,391740,391742,2,10
391730,391740,391742,2,10
391730,391737,391741,4,7
391730,391739,391741,2,9
391730,391739,391742,3,9
391730,391739,391741,2,9
391730,391737,391741,4,7
391730,391739,391742,3,9
391730,391739,391742,3,9
391730,391739,391742,3,9
391730,391739,391742,3,9
391730,391739,391741,2,9
391730,391739,391741,2,9
391730,391738,391741,3,8
391730,391739,391742,3,9
391730,391739,391742,3,9
391730,391739,391742,3,9
391730,391738,391742,4,8
391730,391739,391742,3,9
391730,391739,391742,3,9
391730,391739,391742,3,9
391730,391740,391742,2,10
391730,391740,391742,2,10
391730,391740,391742,2,10
391730,391740,391742,2,10
391747,391747,391750,3,0
391747,391747,391752,5,0
391747,391747,391752,5,0
391747,391747,391752,5,0
391747,391747,391752,5,0
391747,391747,391752,5,0
391747,391747,391752,5,0
391747,391747,391752,5,0
391747,391747,391752,5,0
391747,391747,391752,5,0
391747,391747,391752,5,0
391747,391747,391752,5,0
391747,391747,391752,5,0
391747,391747,391752,5,0
391747,391747,391752,5,0
391747,391747,391752,5,0
391747,391747,391752,5,0
391747,391748,391752,4,1
391747,391747,391752,5,0
391747,391747,391752,5,0
391747,391747,391752,5,0
391747,391747,391752,5,0
391747,391747,391752,5,0
391747,391747,391752,5,0
391747,391747,391752,5,0
391747,391748,391752,4,1
391747,391747,391752,5,0
391747,391747,391752,5,0
391747,391747,391752,5,0
391747,391747,391752,5,0
391747,391747,391752,5,0
391747,391747,391752,5,0
391747,391747,391752,5,0
391747,391748,391752,4,1
391747,391747,391752,5,0
391747,391747,391752,5,0
391747,391747,391752,5,0
391747,391747,391752,5,0
391747,391747,391752,5,0
391747,391747,391752,5,0
391747,391747,391752,5,0
391747,391747,391752,5,0
391747,391747,391752,5,0
391747,391747,391752,5,0
391747,391747,391752,5,0
391747,391747,391752,5,0
391747,391747,391752,5,0
391747,391748,391752,4,1
391747,391747,391752,5,0
391747,391747,391752,5,0
391747,391747,391752,5,0
391747,391747,391752,5,0
391747,391747,391752,5,0
391747,391747,391752,5,0
391747,391747,391752,5,0
391747,391747,391752,5,0
391747,391747,391752,5,0
391747,391747,391752,5,0
391747,391747,391752,5,0
391747,391747,391752,5,0
391747,391747,391752,5,0
391747,391748,391752,4,1
391747,391748,391753,5,1
391747,391747,391752,5,0
391747,391747,391752,5,0
391747,391747,391752,5,0
391747,391747,391752,5,0
391747,391747,391752,5,0
391747,391747,391752,5,0
391747,391748,391752,4,1
391747,391747,391752,5,0
391747,391747,391752,5,0
391747,391747,391752,5,0
391747,391748,391753,5,1
391747,391748,391753,5,1
391747,391748,391753,5,1
391747,391748,391753,5,1
391747,391751,391753,2,4
391747,391748,391753,5,1
391747,391752,391753,1,5
391747,391752,391753,1,5
391747,391752,391753,1,5
391747,391748,391753,5,1
391747,391748,391753,5,1
391747,391754,391757,3,7
391747,391753,391757,4,6
391747,391754,391757,3,7
391747,391753,391757,4,6
391747,391753,391757,4,6
391747,391753,391757,4,6
391747,391753,391757,4,6
391747,391753,391757,4,6
391747,391753,391757,4,6
391747,391753,391757,4,6
391747,391753,391757,4,6
391747,391753,391758,5,6
391747,391753,391758,5,6
391747,391753,391757,4,6
391747,391753,391758,5,6
391747,391753,391757,4,6
391747,391753,391757,4,6
391747,391753,391757,4,6
391747,391753,391757,4,6
391747,391753,391757,4,6
391747,391753,391757,4,6
391747,391753,391758,5,6
391747,391753,391757,4,6
391747,391753,391757,4,6
391747,391753,391758,5,6
391747,391753,391758,5,6
391747,391753,391757,4,6
391747,391753,391757,4,6
391747,391753,391757,4,6
391747,391753,391758,5,6
391747,391753,391758,5,6
391747,391753,391758,5,6
391747,391753,391757,4,6
391747,391753,391757,4,6
391747,391753,391757,4,6
391747,391753,391757,4,6
391747,391753,391757,4,6
391747,391753,391757,4,6
391747,391753,391758,5,6
391747,391753,391758,5,6
391747,391753,391757,4,6
391747,391753,391757,4,6
391747,391753,391757,4,6
391747,391753,391757,4,6
391747,391753,391757,4,6
391747,391753,391758,5,6
391747,391753,391757,4,6
391747,391753,391757,4,6
391747,391753,391757,4,6
391747,391754,391757,3,7
391747,391753,391757,4,6
391747,391753,391758,5,6
391747,391753,391758,5,6
391747,391753,391757,4,6
391747,391753,391757,4,6
391747,391753,391758,5,6
391747,391757,391758,1,10
391747,391757,391758,1,10
391747,391753,391757,4,6
391747,391753,391757,4,6
391747,391753,391758,5,6
391747,391753,391757,4,6
391747,391753,391757,4,6
391747,391754,391757,3,7
391747,391757,391758,1,10
391747,391757,391758,1,10
391747,391753,391757,4,6
391747,391753,391758,5,6
391747,391753,391758,5,6
391747,391753,391758,5,6
391747,391753,391758,5,6
391747,391753,391758,5,6
391747,391754,391757,3,7
391747,391754,391757,3,7
391747,391753,391757,4,6
391747,391753,391757,4,6
391747,391754,391758,4,7
391747,391754,391758,4,7
391747,391754,391758,4,7
391747,391757,391758,1,10
391747,391757,391758,1,10
391747,391757,391758,1,10
391747,391753,391758,5,6
391747,391753,391758,5,6
391747,391753,391758,5,6
391747,391753,391758,5,6
391747,391753,391758,5,6
391747,391758,391759,1,11
391747,391758,391760,2,11
391747,391758,391760,2,11
391747,391758,391759,1,11
391747,391758,391760,2,11
391747,391758,391760,2,11
391747,391758,391760,2,11
391747,391758,391759,1,11
391747,391758,391760,2,11
391747,391758,391760,2,11
391747,391758,391760,2,11
391747,391758,391760,2,11
391747,391758,391760,2,11
391747,391758,391760,2,11
391747,391758,391760,2,11
391747,391758,391760,2,11
391747,391758,391760,2,11
391747,391758,391761,3,11
391747,391758,391760,2,11
391747,391758,391761,3,11
391747,391758,391761,3,11
391747,391758,391761,3,11
391747,391758,391761,3,11
391747,391758,391761,3,11
391747,391758,391761,3,11
391747,391758,391761,3,11
391747,391758,391761,3,11
391766,391766,391771,5,0
391766,391766,391771,5,0
391766,391766,391771,5,0
391766,391766,391771,5,0
391766,391766,391771,5,0
391766,391766,391771,5,0
391766,391766,391771,5,0
391766,391766,391771,5,0
391766,391766,391771,5,0
391766,391766,391770,4,0
391766,391766,391770,4,0
391766,391766,391770,4,0
391766,391766,391771,5,0
391766,391766,391771,5,0
391766,391766,391771,5,0
391766,391766,391771,5,0
391766,391766,391771,5,0
391766,391766,391771,5,0
391766,391766,391771,5,0
391766,391766,391771,5,0
391766,391766,391771,5,0
391766,391766,391770,4,0
391766,391766,391771,5,0
391766,391766,391770,4,0
391766,391766,391770,4,0
391766,391766,391771,5,0
391766,391766,391771,5,0
391766,391766,391771,5,0
391766,391766,391771,5,0
391766,391766,391771,5,0
391766,391766,391770,4,0
391766,391766,391770,4,0
391766,391766,391771,5,0
391766,391766,391771,5,0
391766,391766,391771,5,0
391766,391766,391771,5,0
391766,391766,391771,5,0
391766,391766,391771,5,0
391766,391766,391771,5,0
391766,391766,391771,5,0
391766,391766,391771,5,0
391766,391766,391771,5,0
391766,391766,391771,5,0
391766,391766,391771,5,0
391766,391766,391770,4,0
391766,391766,391770,4,0
391766,391766,391771,5,0
391766,391766,391771,5,0
391766,391766,391771,5,0
391766,391766,391771,5,0
391766,391766,391771,5,0
391766,391766,391771,5,0
391766,391766,391770,4,0
391766,391766,391770,4,0
391766,391766,391771,5,0
391766,391766,391771,5,0
391766,391766,391771,5,0
391766,391766,391772,6,0
391766,391766,391771,5,0
391766,391766,391771,5,0
391766,391766,391771,5,0
391766,391766,391771,5,0
391766,391766,391772,6,0
391766,391766,391771,5,0
391766,391766,391772,6,0
391766,391766,391771,5,0
391766,391766,391771,5,0
391766,391766,391771,5,0
391766,391766,391771,5,0
391766,391766,391772,6,0
391766,391766,391772,6,0
391766,391766,391771,5,0
391766,391766,391771,5,0
391766,391766,391771,5,0
391766,391766,391771,5,0
391766,391766,391771,5,0
391766,391766,391772,6,0
391766,391766,391772,6,0
391766,391766,391772,6,0
391766,391771,391772,1,5
391766,391771,391774,3,5
391766,391771,391774,3,5
391766,391771,391775,4,5
391766,391771,391775,4,5
391766,391771,391775,4,5
391766,391771,391775,4,5
391766,391771,391775,4,5
391766,391771,391775,4,5
391766,391771,391775,4,5
391766,391771,391775,4,5
391766,391771,391776,5,5
391766,391771,391776,5,5
391766,391771,391776,5,5
391766,391771,391776,5,5
391766,391771,391776,5,5
391766,391771,391776,5,5
391766,391771,391775,4,5
391766,391771,391775,4,5
391766,391771,391776,5,5
391766,391771,391776,5,5
391766,391771,391776,5,5
391766,391771,391776,5,5
391766,391771,391776,5,5
391766,391771,391776,5,5
391766,391771,391775,4,5
391766,391771,391775,4,5
391766,391771,391776,5,5
391766,391771,391776,5,5
391766,391771,391776,5,5
391766,391771,391776,5,5
391766,391771,391776,5,5
391766,391771,391775,4,5
391766,391771,391775,4,5
391766,391771,391775,4,5
391766,391771,391776,5,5
391766,391771,391776,5,5
391766,391771,391776,5,5
391766,391771,391776,5,5
391766,391772,391776,4,6
391766,391771,391775,4,5
391766,391771,391775,4,5
391766,391771,391776,5,5
391766,391771,391776,5,5
391766,391771,391775,4,5
391766,391771,391775,4,5
391766,391771,391776,5,5
391766,391771,391776,5,5
391766,391771,391776,5,5
391766,391771,391776,5,5
391766,391771,391775,4,5
391766,391771,391776,5,5
391766,391771,391776,5,5
391766,391771,391776,5,5
391766,391772,391776,4,6
391766,391772,391776,4,6
391766,391772,391777,5,6
391766,391772,391777,5,6
391766,391772,391777,5,6
391766,391772,391776,4,6
391766,391772,391777,5,6
391766,391772,391776,4,6
391766,391772,391777,5,6
391766,391772,391777,5,6
391766,391772,391777,5,6
391766,391772,391777,5,6
391766,391772,391777,5,6
391766,391772,391777,5,6
391766,391773,391777,4,7
391766,391772,391777,5,6
391766,391774,391778,4,8
391766,391772,391777,5,6
391766,391772,391777,5,6
391766,391773,391778,5,7
391766,391773,391777,4,7
391766,391773,391777,4,7
391766,391772,391777,5,6
391766,391772,391777,5,6
391766,391775,391778,3,9
391766,391775,391778,3,9
391766,391775,391778,3,9
391766,391777,391778,1,11
391766,391777,391778,1,11
391766,391777,391778,1,11
391766,391777,391778,1,11
391766,391772,391778,6,6
391766,391772,391778,6,6
391766,391775,391778,3,9
391766,391777,391778,1,11
391766,391777,391779,2,11
391766,391777,391778,1,11
391766,391772,391778,6,6
391766,391775,391778,3,9
391766,391777,391778,1,11
391766,391777,391778,1,11
391766,391777,391778,1,11
391766,391775,391778,3,9
391766,391775,391778,3,9
391766,391777,391778,1,11
391766,391777,391779,2,11
391766,391777,391778,1,11
391766,391777,391779,2,11
391766,391777,391779,2,11
391766,391777,391779,2,11
391766,391776,391779,3,10
391766,391776,391779,3,10
391766,391777,391779,2,11
391766,391777,391780,3,11
391766,391777,391779,2,11
391766,391776,391779,3,10
391766,391776,391780,4,10
391766,391776,391779,3,10
391766,391777,391780,3,11
391766,391777,391780,3,11
391766,391777,391780,3,11
391766,391777,391780,3,11
391766,391777,391780,3,11
391766,391777,391780,3,11
391766,391777,391780,3,11
391766,391766,391781,15,0
391766,391776,391789,13,10
391794,391794,391796,2,0
391794,391794,391796,2,0
391794,391794,391797,3,0
391794,391794,391797,3,0
391794,391794,391797,3,0
391794,391794,391797,3,0
391794,391794,391797,3,0
391794,391794,391798,4,0
391794,391794,391798,4,0
391794,391794,391798,4,0
391794,391794,391797,3,0
391794,391794,391797,3,0
391794,391794,391798,4,0
391794,391794,391797,3,0
391794,391794,391797,3,0
391794,391794,391798,4,0
391794,391794,391797,3,0
391794,391794,391797,3,0
391794,391794,391797,3,0
391794,391794,391797,3,0
391794,391794,391797,3,0
391794,391794,391797,3,0
391794,391794,391797,3,0
391794,391794,391798,4,0
391794,391794,391798,4,0
391794,391794,391797,3,0
391794,391794,391797,3,0
391794,391794,391797,3,0
391794,391794,391798,4,0
391794,391794,391797,3,0
391794,391794,391797,3,0
391794,391794,391798,4,0
391794,391794,391797,3,0
391794,391794,391797,3,0
391794,391794,391798,4,0
391794,391794,391797,3,0
391794,391794,391798,4,0
391794,391794,391798,4,0
391794,391794,391798,4,0
391794,391794,391798,4,0
391794,391794,391799,5,0
391794,391797,391799,2,3
391794,391794,391798,4,0
391794,391794,391798,4,0
391794,391796,391799,3,2
391794,391794,391798,4,0
391794,391794,391798,4,0
391794,391794,391798,4,0
391794,391794,391798,4,0
391794,391794,391798,4,0
391794,391794,391798,4,0
391794,391794,391798,4,0
391794,391794,391798,4,0
391794,391794,391799,5,0
391794,391794,391798,4,0
391794,391794,391798,4,0
391794,391794,391798,4,0
391794,391794,391798,4,0
391794,391794,391798,4,0
391794,391794,391798,4,0
391794,391794,391799,5,0
391794,391794,391798,4,0
391794,391794,391799,5,0
391794,391794,391798,4,0
391794,391794,391799,5,0
391794,391794,391798,4,0
391794,391794,391798,4,0
391794,391794,391798,4,0
391794,391794,391799,5,0
391794,391794,391798,4,0
391794,391794,391798,4,0
391794,391794,391799,5,0
391794,391794,391799,5,0
391794,391794,391799,5,0
391794,391794,391799,5,0
391794,391794,391799,5,0
391794,391794,391799,5,0
391794,391794,391799,5,0
391794,391794,391799,5,0
391794,391794,391799,5,0
391794,391794,391799,5,0
391794,391794,391799,5,0
391794,391798,391801,3,4
391794,391798,391801,3,4
391794,391798,391801,3,4
391794,391798,391802,4,4
391794,391799,391802,3,5
391794,391799,391802,3,5
391794,391799,391802,3,5
391794,391799,391802,3,5
391794,391798,391802,4,4
391794,391798,391802,4,4
391794,391798,391802,4,4
391794,391798,391802,4,4
391794,391798,391802,4,4
391794,391799,391802,3,5
391794,391799,391802,3,5
391794,391799,391802,3,5
391794,391798,391802,4,4
391794,391798,391802,4,4
391794,391798,391802,4,4
391794,391799,391802,3,5
391794,391799,391802,3,5
391794,391799,391802,3,5
391794,391799,391802,3,5
391794,391798,391802,4,4
391794,391798,391802,4,4
391794,391799,391802,3,5
391794,391799,391802,3,5
391794,391798,391802,4,4
391794,391799,391802,3,5
391794,391798,391802,4,4
391794,391798,391802,4,4
391794,391798,391802,4,4
391794,391799,391802,3,5
391794,391799,391802,3,5
391794,391799,391802,3,5
391794,391798,391802,4,4
391794,391799,391802,3,5
391794,391799,391802,3,5
391794,391799,391802,3,5
391794,391799,391802,3,5
391794,391798,391802,4,4
391794,391798,391802,4,4
391794,391799,391802,3,5
391794,391799,391802,3,5
391794,391798,391802,4,4
391794,391798,391802,4,4
391794,391798,391802,4,4
391794,391799,391802,3,5
391794,391799,391802,3,5
391794,391799,391802,3,5
391794,391798,391802,4,4
391794,391798,391802,4,4
391794,391799,391802,3,5
391794,391799,391802,3,5
391794,391799,391802,3,5
391794,391799,391802,3,5
391794,391799,391802,3,5
391794,391798,391803,5,4
391794,391800,391803,3,6
391794,391798,391803,5,4
391794,391798,391803,5,4
391794,391798,391803,5,4
391794,391799,391803,4,5
391794,391799,391803,4,5
391794,391798,391803,5,4
391794,391798,391803,5,4
391794,391799,391803,4,5
391794,391798,391803,5,4
391794,391799,391803,4,5
391794,391798,391803,5,4
391794,391798,391803,5,4
391794,391800,391803,3,6
391794,391800,391804,4,6
391794,391801,391804,3,7
391794,391800,391804,4,6
391794,391800,391804,4,6
391794,391800,391805,5,6
391794,391800,391804,4,6
391794,391800,391805,5,6
391794,391800,391804,4,6
391794,391802,391804,2,8
391794,391803,391805,2,9
391794,391801,391805,4,7
391794,391803,391806,3,9
391794,391803,391805,2,9
391794,391803,391805,2,9
391794,391800,391805,5,6
391794,391803,391806,3,9
391794,391803,391806,3,9
391794,391803,391805,2,9
391794,391803,391805,2,9
391794,391803,391805,2,9
391794,391803,391805,2,9
391794,391801,391805,4,7
391794,391803,391805,2,9
391794,391803,391805,2,9
391794,391803,391805,2,9
391794,391803,391805,2,9
391794,391803,391805,2,9
391794,391803,391805,2,9
391794,391803,391805,2,9
391794,391803,391805,2,9
391794,391803,391805,2,9
391794,391803,391805,2,9
391794,391803,391806,3,9
391794,391803,391806,3,9
391794,391803,391806,3,9
391794,391803,391806,3,9
391794,391803,391806,3,9
391794,391803,391806,3,9
391794,391803,391806,3,9
391794,391803,391806,3,9
391794,391803,391806,3,9
391794,391803,391806,3,9
391794,391803,391806,3,9
391794,391803,391806,3,9
391794,391803,391806,3,9
391794,391803,391806,3,9
391811,391811,391816,5,0
391811,391811,391816,5,0
391811,391811,391816,5,0
391811,391811,391815,4,0
391811,391811,391815,4,0
391811,391811,391815,4,0
391811,391811,391815,4,0
391811,391811,391815,4,0
391811,391811,391816,5,0
391811,391811,391816,5,0
391811,391811,391816,5,0
391811,391811,391815,4,0
391811,391811,391815,4,0
391811,391811,391815,4,0
391811,391811,391815,4,0
391811,391811,391816,5,0
391811,391811,391816,5,0
391811,391811,391816,5,0
391811,391811,391816,5,0
391811,391811,391815,4,0
391811,391811,391815,4,0
391811,391811,391815,4,0
391811,391811,391815,4,0
391811,391811,391816,5,0
391811,391811,391816,5,0
391811,391811,391816,5,0
391811,391811,391815,4,0
391811,391811,391815,4,0
391811,391811,391815,4,0
391811,391811,391815,4,0
391811,391811,391815,4,0
391811,391811,391815,4,0
391811,391811,391816,5,0
391811,391811,391816,5,0
391811,391811,391815,4,0
391811,391811,391815,4,0
391811,391811,391815,4,0
391811,391811,391815,4,0
391811,391811,391815,4,0
391811,391811,391816,5,0
391811,391811,391816,5,0
391811,391811,391816,5,0
391811,391811,391815,4,0
391811,391811,391815,4,0
391811,391811,391815,4,0
391811,391811,391815,4,0
391811,391811,391815,4,0
391811,391811,391815,4,0
391811,391811,391816,5,0
391811,391811,391815,4,0
391811,391811,391815,4,0
391811,391811,391815,4,0
391811,391811,391815,4,0
391811,391811,391816,5,0
391811,391811,391815,4,0
391811,391811,391815,4,0
391811,391811,391815,4,0
391811,391811,391815,4,0
391811,391811,391815,4,0
391811,391811,391815,4,0
391811,391811,391815,4,0
391811,391811,391815,4,0
391811,391811,391815,4,0
391811,391811,391816,5,0
391811,391811,391815,4,0
391811,391811,391815,4,0
391811,391811,391815,4,0
391811,391811,391815,4,0
391811,391811,391815,4,0
391811,391811,391816,5,0
391811,391811,391815,4,0
391811,391811,391815,4,0
391811,391811,391815,4,0
391811,391811,391815,4,0
391811,391811,391815,4,0
391811,391811,391815,4,0
391811,391811,391816,5,0
391811,391811,391815,4,0
391811,391811,391815,4,0
391811,391811,391816,5,0
391811,391816,391819,3,5
391811,391816,391820,4,5
391811,391817,391820,3,6
391811,391816,391820,4,5
391811,391816,391820,4,5
391811,391816,391820,4,5
391811,391816,391820,4,5
391811,391816,391820,4,5
391811,391816,391820,4,5
391811,391816,391820,4,5
391811,391816,391820,4,5
391811,391816,391820,4,5
391811,391816,391820,4,5
391811,391817,391821,4,6
391811,391817,391821,4,6
391811,391816,391820,4,5
391811,391816,391820,4,5
391811,391816,391820,4,5
391811,391816,391820,4,5
391811,391816,391821,5,5
391811,391816,391820,4,5
391811,391816,391821,5,5
391811,391816,391821,5,5
391811,391816,391820,4,5
391811,391816,391820,4,5
391811,391816,391820,4,5
391811,391816,391820,4,5
391811,391816,391820,4,5
391811,391816,391821,5,5
391811,391816,391821,5,5
391811,391816,391820,4,5
391811,391816,391820,4,5
391811,391816,391821,5,5
391811,391816,391820,4,5
391811,391816,391820,4,5
391811,391816,391820,4,5
391811,391816,391821,5,5
391811,391816,391821,5,5
391811,391816,391820,4,5
391811,391816,391820,4,5
391811,391816,391820,4,5
391811,391816,391820,4,5
391811,391816,391820,4,5
391811,391816,391821,5,5
391811,391816,391821,5,5
391811,391816,391821,5,5
391811,391816,391820,4,5
391811,391816,391821,5,5
391811,391816,391821,5,5
391811,391816,391820,4,5
391811,391816,391821,5,5
391811,391816,391821,5,5
391811,391819,391821,2,8
391811,391816,391821,5,5
391811,391816,391820,4,5
391811,391816,391821,5,5
391811,391816,391821,5,5
391811,391816,391821,5,5
391811,391820,391821,1,9
391811,391816,391821,5,5
391811,391816,391821,5,5
391811,391816,391820,4,5
391811,391816,391821,5,5
391811,391816,391821,5,5
391811,391816,391821,5,5
391811,391816,391821,5,5
391811,391820,391821,1,9
391811,391816,391820,4,5
391811,391816,391821,5,5
391811,391816,391820,4,5
391811,391816,391820,4,5
391811,391816,391820,4,5
391811,391816,391820,4,5
391811,391820,391821,1,9
391811,391820,391821,1,9
391811,391816,391821,5,5
391811,391820,391821,1,9
391811,391817,391821,4,6
391811,391817,391821,4,6
391811,391817,391821,4,6
391811,391817,391821,4,6
391811,391821,391822,1,10
391811,391816,391821,5,5
391811,391816,391821,5,5
391811,391816,391821,5,5
391811,391821,391822,1,10
391811,391821,391822,1,10
391811,391816,391822,6,5
391811,391816,391821,5,5
391811,391821,391822,1,10
391811,391821,391823,2,10
391811,391821,391823,2,10
391811,391821,391823,2,10
391811,391821,391823,2,10
391811,391821,391823,2,10
391811,391821,391823,2,10
391811,391821,391823,2,10
391811,391821,391823,2,10
391811,391821,391823,2,10
391811,391821,391823,2,10
391811,391821,391823,2,10
391811,391821,391823,2,10
391811,391821,391823,2,10
391811,391822,391824,2,11
391811,391821,391823,2,10
391811,391821,391823,2,10
391811,391821,391823,2,10
391811,391821,391823,2,10
391811,391822,391823,1,11
391811,391822,391823,1,11
391811,391821,391823,2,10
391811,391821,391823,2,10
391828,391828,391832,4,0
391828,391828,391832,4,0
391828,391828,391833,5,0
391828,391828,391833,5,0
391828,391828,391832,4,0
391828,391828,391833,5,0
391828,391828,391833,5,0
391828,391828,391833,5,0
391828,391828,391833,5,0
391828,391828,391832,4,0
391828,391828,391833,5,0
391828,391828,391833,5,0
391828,391828,391833,5,0
391828,391828,391833,5,0
391828,391828,391833,5,0
391828,391828,391833,5,0
391828,391828,391832,4,0
391828,391828,391832,4,0
391828,391828,391833,5,0
391828,391828,391833,5,0
391828,391828,391833,5,0
391828,391828,391833,5,0
391828,391828,391833,5,0
391828,391828,391833,5,0
391828,391828,391833,5,0
391828,391828,391833,5,0
391828,391828,391833,5,0
391828,391828,391833,5,0
391828,391828,391833,5,0
391828,391828,391832,4,0
391828,391828,391833,5,0
391828,391828,391833,5,0
391828,391828,391833,5,0
391828,391828,391833,5,0
391828,391828,391832,4,0
391828,391828,391833,5,0
391828,391828,391833,5,0
391828,391828,391833,5,0
391828,391828,391833,5,0
391828,391828,391833,5,0
391828,391828,391833,5,0
391828,391828,391833,5,0
391828,391828,391832,4,0
391828,391828,391833,5,0
391828,391828,391833,5,0
391828,391828,391833,5,0
391828,391828,391833,5,0
391828,391828,391832,4,0
391828,391828,391832,4,0
391828,391828,391832,4,0
391828,391828,391833,5,0
391828,391828,391833,5,0
391828,391828,391833,5,0
391828,391828,391833,5,0
391828,391828,391833,5,0
391828,391828,391833,5,0
391828,391828,391832,4,0
391828,391828,391833,5,0
391828,391828,391833,5,0
391828,391828,391833,5,0
391828,391828,391833,5,0
391828,391828,391833,5,0
391828,391828,391833,5,0
391828,391828,391832,4,0
391828,391832,391833,1,4
391828,391832,391833,1,4
391828,391828,391833,5,0
391828,391828,391833,5,0
391828,391828,391833,5,0
391828,391828,391833,5,0
391828,391828,391834,6,0
391828,391828,391834,6,0
391828,391828,391834,6,0
391828,391828,391833,5,0
391828,391828,391833,5,0
391828,391828,391833,5,0
391828,391828,391833,5,0
391828,391828,391833,5,0
391828,391828,391833,5,0
391828,391828,391833,5,0
391828,391833,391834,1,5
391828,391828,391834,6,0
391828,391828,391834,6,0
391828,391833,391835,2,5
391828,391833,391837,4,5
391828,391833,391837,4,5
391828,391833,391837,4,5
391828,391833,391837,4,5
391828,391833,391837,4,5
391828,391833,391837,4,5
391828,391833,391837,4,5
391828,391833,391837,4,5
391828,391833,391837,4,5
391828,391833,391837,4,5
391828,391833,391837,4,5
391828,391833,391837,4,5
391828,391833,391837,4,5
391828,391833,391837,4,5
391828,391833,391837,4,5
391828,391833,391837,4,5
391828,391833,391837,4,5
391828,391833,391837,4,5
391828,391833,391837,4,5
391828,391833,391837,4,5
391828,391833,391837,4,5
391828,391833,391837,4,5
391828,391833,391837,4,5
391828,391833,391837,4,5
391828,391833,391837,4,5
391828,391833,391837,4,5
391828,391833,391837,4,5
391828,391833,391837,4,5
391828,391833,391837,4,5
391828,391833,391837,4,5
391828,391833,391837,4,5
391828,391833,391837,4,5
391828,391833,391837,4,5
391828,391833,391837,4,5
391828,391833,391837,4,5
391828,391833,391837,4,5
391828,391833,391838,5,5
391828,391834,391838,4,6
391828,391834,391838,4,6
391828,391834,391838,4,6
391828,391833,391838,5,5
391828,391833,391838,5,5
391828,391833,391838,5,5
391828,391833,391838,5,5
391828,391834,391838,4,6
391828,391834,391838,4,6
391828,391834,391838,4,6
391828,391834,391838,4,6
391828,391833,391838,5,5
391828,391833,391838,5,5
391828,391833,391838,5,5
391828,391834,391838,4,6
391828,391833,391838,5,5
391828,391833,391838,5,5
391828,391833,391838,5,5
391828,391833,391838,5,5
391828,391833,391838,5,5
391828,391834,391838,4,6
391828,391834,391839,5,6
391828,391834,391838,4,6
391828,391834,391838,4,6
391828,391834,391838,4,6
391828,391834,391839,5,6
391828,391834,391839,5,6
391828,391838,391840,2,10
391828,391838,391839,1,10
391828,391834,391839,5,6
391828,391834,391839,5,6
391828,391834,391839,5,6
391828,391837,391839,2,9
391828,391834,391839,5,6
391828,391837,391839,2,9
391828,391838,391840,2,10
391828,391838,391840,2,10
391828,391837,391839,2,9
391828,391838,391839,1,10
391828,391835,391839,4,7
391828,391835,391839,4,7
391828,391835,391839,4,7
391828,391838,391839,1,10
391828,391838,391839,1,10
391828,391834,391839,5,6
391828,391838,391839,1,10
391828,391838,391839,1,10
391828,391838,391839,1,10
391828,391838,391839,1,10
391828,391838,391839,1,10
391828,391838,391840,2,10
391828,391834,391840,6,6
391828,391834,391840,6,6
391828,391838,391839,1,10
391828,391838,391840,2,10
391828,391838,391840,2,10
391828,391838,391840,2,10
391828,391833,391839,6,5
391828,391833,391839,6,5
391828,391834,391839,5,6
391828,391834,391839,5,6
391828,391838,391840,2,10
391828,391838,391840,2,10
391828,391838,391840,2,10
391828,391838,391840,2,10
391828,391838,391840,2,10
391828,391838,391840,2,10
391828,391838,391840,2,10
391828,391838,391840,2,10
391828,391838,391840,2,10
391828,391838,391840,2,10
391828,391838,391840,2,10
391828,391835,391840,5,7
391828,391838,391840,2,10
391828,391838,391841,3,10
391828,391838,391840,2,10
391828,391838,391841,3,10
391828,391838,391840,2,10
391828,391833,391846,13,5
391850,391850,391851,1,0
391850,391850,391852,2,0
391850,391850,391853,3,0
391850,391850,391854,4,0
391850,391850,391854,4,0
391850,391850,391853,3,0
391850,391850,391854,4,0
391850,391850,391855,5,0
391850,391850,391855,5,0
391850,391850,391855,5,0
391850,391850,391855,5,0
391850,391850,391855,5,0
391850,391850,391855,5,0
391850,391850,391855,5,0
391850,391850,391855,5,0
391850,391850,391855,5,0
391850,391850,391855,5,0
391850,391850,391855,5,0
391850,391850,391855,5,0
391850,391850,391855,5,0
391850,391850,391855,5,0
391850,391850,391855,5,0
391850,391850,391855,5,0
391850,391850,391855,5,0
391850,391850,391854,4,0
391850,391850,391854,4,0
391850,391850,391855,5,0
391850,391850,391855,5,0
391850,391850,391855,5,0
391850,391850,391854,4,0
391850,391850,391855,5,0
391850,391850,391855,5,0
391850,391850,391855,5,0
391850,391850,391855,5,0
391850,391850,391855,5,0
391850,391850,391855,5,0
391850,391850,391855,5,0
391850,391850,391855,5,0
391850,391850,391854,4,0
391850,391850,391855,5,0
391850,391850,391855,5,0
391850,391850,391855,5,0
391850,391850,391854,4,0
391850,391850,391855,5,0
391850,391850,391855,5,0
391850,391850,391855,5,0
391850,391850,391855,5,0
391850,391850,391855,5,0
391850,391850,391855,5,0
391850,391850,391855,5,0
391850,391850,391855,5,0
391850,391850,391855,5,0
391850,391852,391856,4,2
391850,391850,391855,5,0
391850,391850,391855,5,0
391850,391850,391855,5,0
391850,391850,391855,5,0
391850,391850,391855,5,0
391850,391850,391855,5,0
391850,391852,391856,4,2
391850,391850,391855,5,0
391850,391850,391855,5,0
391850,391850,391855,5,0
391850,391850,391856,6,0
391850,391850,391856,6,0
391850,391850,391855,5,0
391850,391854,391856,2,4
391850,391850,391855,5,0
391850,391850,391856,6,0
391850,391850,391855,5,0
391850,391850,391855,5,0
391850,391850,391855,5,0
391850,391850,391856,6,0
391850,391854,391856,2,4
391850,391850,391855,5,0
391850,391850,391856,6,0
391850,391850,391855,5,0
391850,391854,391856,2,4
391850,391850,391855,5,0
391850,391850,391855,5,0
391850,391850,391856,6,0
391850,391853,391856,3,3
391850,391854,391856,2,4
391850,391850,391856,6,0
391850,391850,391856,6,0
391850,391850,391856,6,0
391850,391855,391858,3,5
391850,391855,391858,3,5
391850,391855,391858,3,5
391850,391855,391858,3,5
391850,391855,391858,3,5
391850,391855,391859,4,5
391850,391855,391859,4,5
391850,391855,391859,4,5
391850,391856,391859,3,6
391850,391856,391859,3,6
391850,391856,391859,3,6
391850,391855,391859,4,5
391850,391855,391859,4,5
391850,391855,391859,4,5
391850,391856,391859,3,6
391850,391856,391859,3,6
391850,391856,391859,3,6
391850,391855,391859,4,5
391850,391855,391859,4,5
391850,391855,391859,4,5
391850,391855,391859,4,5
391850,391856,391859,3,6
391850,391856,391859,3,6
391850,391855,391859,4,5
391850,391855,391859,4,5
391850,391856,391859,3,6
391850,391856,391859,3,6
391850,391855,391859,4,5
391850,391855,391859,4,5
391850,391855,391859,4,5
391850,391856,391859,3,6
391850,391856,391859,3,6
391850,391856,391860,4,6
391850,391856,391859,3,6
391850,391857,391859,2,7
391850,391855,391859,4,5
391850,391855,391859,4,5
391850,391855,391859,4,5
391850,391855,391859,4,5
391850,391856,391859,3,6
391850,391856,391859,3,6
391850,391857,391859,2,7
391850,391855,391859,4,5
391850,391855,391859,4,5
391850,391855,391859,4,5
391850,391855,391859,4,5
391850,391855,391859,4,5
391850,391855,391859,4,5
391850,391855,391859,4,5
391850,391856,391859,3,6
391850,391855,391859,4,5
391850,391855,391859,4,5
391850,391855,391859,4,5
391850,391855,391859,4,5
391850,391856,391859,3,6
391850,391856,391860,4,6
391850,391856,391859,3,6
391850,391855,391859,4,5
391850,391855,391859,4,5
391850,391855,391859,4,5
391850,391855,391859,4,5
391850,391857,391860,3,7
391850,391857,391859,2,7
391850,391856,391860,4,6
391850,391856,391860,4,6
391850,391858,391860,2,8
391850,391859,391861,2,9
391850,391859,391861,2,9
391850,391858,391860,2,8
391850,391855,391860,5,5
391850,391855,391860,5,5
391850,391857,391860,3,7
391850,391859,391861,2,9
391850,391855,391860,5,5
391850,391856,391860,4,6
391850,391855,391860,5,5
391850,391858,391860,2,8
391850,391856,391860,4,6
391850,391857,391860,3,7
391850,391857,391860,3,7
391850,391859,391860,1,9
391850,391856,391860,4,6
391850,391856,391860,4,6
391850,391860,391861,1,10
391850,391860,391861,1,10
391850,391860,391861,1,10
391850,391860,391862,2,10
391850,391860,391862,2,10
391850,391860,391862,2,10
391850,391858,391861,3,8
391850,391860,391862,2,10
391850,391860,391862,2,10
391850,391860,391862,2,10
391850,391860,391862,2,10
391850,391860,391862,2,10
391850,391860,391863,3,10
391850,391860,391862,2,10
391850,391860,391862,2,10
391850,391860,391863,3,10
391850,391860,391863,3,10
391850,391860,391862,2,10
391850,391860,391862,2,10
391850,391860,391863,3,10
391850,391860,391863,3,10
391850,391860,391863,3,10
391850,391860,391863,3,10
391850,391860,391862,2,10
391850,391860,391862,2,10
391850,391860,391863,3,10
391850,391860,391862,2,10
391850,391860,391863,3,10
391850,391860,391863,3,10
391850,391860,391863,3,10
391850,391850,391873,23,0
391877,391877,391880,3,0
391877,391877,391882,5,0
391877,391877,391882,5,0
391877,391877,391882,5,0
391877,391877,391882,5,0
391877,391877,391882,5,0
391877,391877,391882,5,0
391877,391877,391882,5,0
391877,391877,391882,5,0
391877,391877,391882,5,0
391877,391877,391882,5,0
391877,391877,391882,5,0
391877,391877,391882,5,0
391877,391877,391882,5,0
391877,391877,391882,5,0
391877,391877,391882,5,0
391877,391877,391882,5,0
391877,391877,391882,5,0
391877,391877,391882,5,0
391877,391877,391882,5,0
391877,391877,391882,5,0
391877,391877,391882,5,0
391877,391877,391882,5,0
391877,391877,391882,5,0
391877,391877,391882,5,0
391877,391877,391882,5,0
391877,391877,391882,5,0
391877,391877,391882,5,0
391877,391877,391882,5,0
391877,391877,391882,5,0
391877,391877,391882,5,0
391877,391877,391882,5,0
391877,391877,391882,5,0
391877,391877,391882,5,0
391877,391877,391882,5,0
391877,391877,391882,5,0
391877,391877,391882,5,0
391877,391877,391882,5,0
391877,391877,391882,5,0
391877,391877,391882,5,0
391877,391877,391881,4,0
391877,391877,391882,5,0
391877,391877,391882,5,0
391877,391877,391882,5,0
391877,391877,391882,5,0
391877,391877,391882,5,0
391877,391877,391882,5,0
391877,391877,391882,5,0
391877,391877,391882,5,0
391877,391877,391882,5,0
391877,391877,391882,5,0
391877,391877,391882,5,0
391877,391877,391882,5,0
391877,391877,391882,5,0
391877,391877,391882,5,0
391877,391877,391882,5,0
391877,391877,391882,5,0
391877,391877,391882,5,0
391877,391877,391882,5,0
391877,391877,391882,5,0
391877,391877,391882,5,0
391877,391877,391882,5,0
391877,391877,391882,5,0
391877,391877,391882,5,0
391877,391877,391882,5,0
391877,391882,391883,1,5
391877,391877,391882,5,0
391877,391877,391882,5,0
391877,391881,391882,1,4
391877,391877,391882,5,0
391877,391877,391882,5,0
391877,391877,391882,5,0
391877,391877,391882,5,0
391877,391877,391882,5,0
391877,391877,391882,5,0
391877,391877,391882,5,0
391877,391877,391882,5,0
391877,391877,391882,5,0
391877,391877,391882,5,0
391877,391877,391882,5,0
391877,391877,391882,5,0
391877,391882,391885,3,5
391877,391882,391885,3,5
391877,391882,391886,4,5
391877,391882,391886,4,5
391877,391882,391886,4,5
391877,391882,391886,4,5
391877,391882,391886,4,5
391877,391882,391886,4,5
391877,391882,391886,4,5
391877,391882,391886,4,5
391877,391882,391886,4,5
391877,391882,391886,4,5
391877,391882,391886,4,5
391877,391882,391886,4,5
391877,391883,391886,3,6
391877,391882,391886,4,5
391877,391882,391886,4,5
391877,391883,391886,3,6
391877,391883,391886,3,6
391877,391882,391886,4,5
391877,391882,391886,4,5
391877,391882,391886,4,5
391877,391882,391886,4,5
391877,391882,391886,4,5
391877,391883,391886,3,6
391877,391883,391886,3,6
391877,391883,391886,3,6
391877,391882,391886,4,5
391877,391882,391886,4,5
391877,391882,391886,4,5
391877,391882,391886,4,5
391877,391882,391886,4,5
391877,391883,391886,3,6
391877,391883,391886,3,6
391877,391882,391886,4,5
391877,391882,391886,4,5
391877,391882,391886,4,5
391877,391882,391886,4,5
391877,391882,391886,4,5
391877,391882,391886,4,5
391877,391883,391886,3,6
391877,391883,391886,3,6
391877,391883,391886,3,6
391877,391882,391886,4,5
391877,391882,391886,4,5
391877,391882,391886,4,5
391877,391882,391886,4,5
391877,391883,391886,3,6
391877,391883,391886,3,6
391877,391883,391886,3,6
391877,391883,391886,3,6
391877,391882,391886,4,5
391877,391882,391886,4,5
391877,391882,391886,4,5
391877,391882,391886,4,5
391877,391883,391886,3,6
391877,391882,391886,4,5
391877,391882,391886,4,5
391877,391882,391887,5,5
391877,391883,391886,3,6
391877,391882,391886,4,5
391877,391882,391886,4,5
391877,391882,391886,4,5
391877,391882,391886,4,5
391877,391882,391886,4,5
391877,391882,391886,4,5
391877,391882,391886,4,5
391877,391884,391886,2,7
391877,391882,391886,4,5
391877,391882,391887,5,5
391877,391883,391886,3,6
391877,391883,391886,3,6
391877,391884,391886,2,7
391877,391884,391887,3,7
391877,391884,391886,2,7
391877,391883,391887,4,6
391877,391885,391887,2,8
391877,391887,391888,1,10
391877,391882,391887,5,5
391877,391886,391887,1,9
391877,391882,391887,5,5
391877,391882,391887,5,5
391877,391885,391887,2,8
391877,391887,391888,1,10
391877,391887,391888,1,10
391877,391887,391888,1,10
391877,391887,391888,1,10
391877,391887,391888,1,10
391877,391887,391889,2,10
391877,391887,391888,1,10
391877,391887,391889,2,10
391877,391887,391888,1,10
391877,391887,391888,1,10
391877,391887,391888,1,10
391877,391887,391888,1,10
391877,391887,391888,1,10
391877,391887,391889,2,10
391877,391887,391888,1,10
391877,391887,391888,1,10
391877,391887,391889,2,10
391877,391887,391888,1,10
391877,391887,391889,2,10
391877,391887,391889,2,10
391877,391887,391889,2,10
391877,391887,391889,2,10
391877,391887,391889,2,10
391877,391887,391888,1,10
391877,391887,391888,1,10
391877,391887,391889,2,10
391877,391887,391889,2,10
391877,391887,391889,2,10
391877,391887,391889,2,10
391877,391887,391889,2,10
391877,391887,391889,2,10
391877,391887,391889,2,10
391877,391887,391889,2,10
391877,391887,391889,2,10
391877,391887,391889,2,10
391877,391877,391901,24,0
391906,391906,391907,1,0
391906,391906,391908,2,0
391906,391906,391910,4,0
391906,391906,391910,4,0
391906,391906,391911,5,0
391906,391906,391911,5,0
391906,391906,391911,5,0
391906,391906,391911,5,0
391906,391906,391911,5,0
391906,391906,391910,4,0
391906,391906,391911,5,0
391906,391906,391911,5,0
391906,391906,391911,5,0
391906,391906,391911,5,0
391906,391906,391911,5,0
391906,391906,391910,4,0
391906,391906,391910,4,0
391906,391906,391910,4,0
391906,391906,391910,4,0
391906,391906,391911,5,0
391906,391906,391911,5,0
391906,391906,391911,5,0
391906,391906,391911,5,0
391906,391906,391911,5,0
391906,391906,391911,5,0
391906,391906,391910,4,0
391906,391906,391910,4,0
391906,391906,391911,5,0
391906,391906,391911,5,0
391906,391906,391911,5,0
391906,391906,391911,5,0
391906,391906,391911,5,0
391906,391906,391910,4,0
391906,391906,391910,4,0
391906,391906,391911,5,0
391906,391906,391911,5,0
391906,391906,391911,5,0
391906,391906,391911,5,0
391906,391906,391911,5,0
391906,391906,391911,5,0
391906,391906,391910,4,0
391906,391906,391910,4,0
391906,391906,391911,5,0
391906,391906,391911,5,0
391906,391906,391911,5,0
391906,391906,391911,5,0
391906,391906,391911,5,0
391906,391906,391910,4,0
391906,391906,391910,4,0
391906,391906,391910,4,0
391906,391906,391910,4,0
391906,391906,391911,5,0
391906,391906,391911,5,0
391906,391906,391911,5,0
391906,391906,391911,5,0
391906,391906,391910,4,0
391906,391906,391911,5,0
391906,391906,391911,5,0
391906,391906,391911,5,0
391906,391906,391911,5,0
391906,391909,391911,2,3
391906,391906,391911,5,0
391906,391906,391911,5,0
391906,391906,391911,5,0
391906,391906,391911,5,0
391906,391906,391911,5,0
391906,391906,391910,4,0
391906,391906,391910,4,0
391906,391907,391910,3,1
391906,391906,391911,5,0
391906,391906,391911,5,0
391906,391906,391911,5,0
391906,391906,391911,5,0
391906,391906,391911,5,0
391906,391906,391912,6,0
391906,391906,391912,6,0
391906,391906,391912,6,0
391906,391906,391912,6,0
391906,391906,391912,6,0
391906,391906,391912,6,0
391906,391906,391912,6,0
391906,391906,391914,8,0
391906,391912,391914,2,6
391906,391912,391914,2,6
391906,391912,391914,2,6
391906,391912,391914,2,6
391906,391912,391914,2,6
391906,391912,391914,2,6
391906,391912,391916,4,6
391906,391912,391916,4,6
391906,391912,391916,4,6
391906,391912,391916,4,6
391906,391912,391916,4,6
391906,391912,391916,4,6
391906,391912,391915,3,6
391906,391912,391916,4,6
391906,391912,391916,4,6
391906,391912,391916,4,6
391906,391912,391916,4,6
391906,391912,391916,4,6
391906,391912,391916,4,6
391906,391912,391916,4,6
391906,391912,391916,4,6
391906,391912,391917,5,6
391906,391912,391916,4,6
391906,391912,391916,4,6
391906,391912,391916,4,6
391906,391912,391916,4,6
391906,391912,391916,4,6
391906,391912,391916,4,6
391906,391912,391916,4,6
391906,391912,391916,4,6
391906,391912,391917,5,6
391906,391912,391916,4,6
391906,391912,391916,4,6
391906,391912,391916,4,6
391906,391912,391916,4,6
391906,391912,391916,4,6
391906,391912,391916,4,6
391906,391912,391917,5,6
391906,391912,391917,5,6
391906,391912,391916,4,6
391906,391912,391916,4,6
391906,391912,391916,4,6
391906,391912,391916,4,6
391906,391912,391916,4,6
391906,391912,391916,4,6
391906,391912,391916,4,6
391906,391912,391916,4,6
391906,391912,391916,4,6
391906,391912,391916,4,6
391906,391912,391916,4,6
391906,391912,391916,4,6
391906,391912,391916,4,6
391906,391912,391917,5,6
391906,391912,391916,4,6
391906,391912,391916,4,6
391906,391912,391916,4,6
391906,391912,391916,4,6
391906,391912,391916,4,6
391906,391913,391917,4,7
391906,391912,391916,4,6
391906,391913,391917,4,7
391906,391913,391917,4,7
391906,391912,391916,4,6
391906,391912,391916,4,6
391906,391912,391916,4,6
391906,391912,391917,5,6
391906,391912,391917,5,6
391906,391915,391917,2,9
391906,391912,391917,5,6
391906,391916,391918,2,10
391906,391916,391918,2,10
391906,391913,391917,4,7
391906,391916,391917,1,10
391906,391914,391917,3,8
391906,391914,391918,4,8
391906,391914,391918,4,8
391906,391914,391917,3,8
391906,391916,391918,2,10
391906,391912,391917,5,6
391906,391914,391918,4,8
391906,391916,391917,1,10
391906,391916,391917,1,10
391906,391912,391917,5,6
391906,391912,391917,5,6
391906,391912,391917,5,6
391906,391915,391917,2,9
391906,391917,391918,1,11
391906,391912,391917,5,6
391906,391912,391918,6,6
391906,391912,391917,5,6
391906,391916,391917,1,10
391906,391912,391917,5,6
391906,391913,391917,4,7
391906,391913,391917,4,7
391906,391916,391917,1,10
391906,391916,391917,1,10
391906,391916,391917,1,10
391906,391916,391917,1,10
391906,391917,391918,1,11
391906,391917,391918,1,11
391906,391917,391918,1,11
391906,391917,391918,1,11
391906,391917,391918,1,11
391906,391917,391918,1,11
391906,391917,391918,1,11
391906,391917,391918,1,11
391906,391917,391918,1,11
391906,391917,391918,1,11
391906,391917,391918,1,11
391906,391917,391918,1,11
391906,391917,391918,1,11
391906,391917,391918,1,11
391906,391917,391918,1,11
391906,391917,391918,1,11
391906,391917,391918,1,11
391906,391917,391918,1,11
391923,391924,391925,1,1
391923,391924,391926,2,1
391923,391924,391925,1,1
391923,391924,391926,2,1
391923,391924,391926,2,1
391923,391924,391927,3,1
391923,391924,391928,4,1
391923,391924,391928,4,1
391923,391924,391928,4,1
391923,391924,391928,4,1
391923,391924,391928,4,1
391923,391924,391928,4,1
391923,391924,391928,4,1
391923,391924,391927,3,1
391923,391924,391928,4,1
391923,391924,391928,4,1
391923,391924,391928,4,1
391923,391924,391928,4,1
391923,391924,391927,3,1
391923,391924,391927,3,1
391923,391924,391927,3,1
391923,391924,391928,4,1
391923,391924,391928,4,1
391923,391924,391928,4,1
391923,391924,391928,4,1
391923,391924,391928,4,1
391923,391924,391928,4,1
391923,391924,391928,4,1
391923,391924,391928,4,1
391923,391924,391928,4,1
391923,391924,391928,4,1
391923,391924,391928,4,1
391923,391924,391927,3,1
391923,391924,391927,3,1
391923,391924,391927,3,1
391923,391924,391927,3,1
391923,391924,391928,4,1
391923,391924,391927,3,1
391923,391924,391928,4,1
391923,391924,391928,4,1
391923,391924,391928,4,1
391923,391924,391928,4,1
391923,391924,391928,4,1
391923,391924,391928,4,1
391923,391924,391928,4,1
391923,391924,391928,4,1
391923,391924,391928,4,1
391923,391924,391927,3,1
391923,391924,391928,4,1
391923,391924,391928,4,1
391923,391924,391928,4,1
391923,391924,391928,4,1
391923,391924,391928,4,1
391923,391924,391928,4,1
391923,391924,391927,3,1
391923,391924,391927,3,1
391923,391924,391928,4,1
391923,391924,391928,4,1
391923,391924,391928,4,1
391923,391924,391928,4,1
391923,391924,391928,4,1
391923,391924,391928,4,1
391923,391924,391928,4,1
391923,391924,391928,4,1
391923,391924,391928,4,1
391923,391924,391928,4,1
391923,391924,391928,4,1
391923,391924,391928,4,1
391923,391924,391928,4,1
391923,391924,391928,4,1
391923,391927,391929,2,4
391923,391924,391928,4,1
391923,391924,391928,4,1
391923,391924,391928,4,1
391923,391924,391928,4,1
391923,391924,391928,4,1
391923,391924,391928,4,1
391923,391924,391928,4,1
391923,391924,391928,4,1
391923,391924,391928,4,1
391923,391926,391929,3,3
391923,391927,391929,2,4
391923,391925,391929,4,2
391923,391926,391929,3,3
391923,391926,391931,5,3
391923,391928,391932,4,5
391923,391928,391932,4,5
391923,391928,391932,4,5
391923,391928,391932,4,5
391923,391928,391932,4,5
391923,391928,391932,4,5
391923,391928,391932,4,5
391923,391929,391932,3,6
391923,391928,391932,4,5
391923,391928,391932,4,5
391923,391928,391932,4,5
391923,391928,391932,4,5
391923,391928,391932,4,5
391923,391929,391932,3,6
391923,391929,391932,3,6
391923,391928,391932,4,5
391923,391928,391932,4,5
391923,391928,391932,4,5
391923,391928,391932,4,5
391923,391928,391932,4,5
391923,391928,391932,4,5
391923,391929,391932,3,6
391923,391928,391932,4,5
391923,391928,391932,4,5
391923,391928,391932,4,5
391923,391928,391932,4,5
391923,391928,391932,4,5
391923,391928,391932,4,5
391923,391929,391932,3,6
391923,391929,391932,3,6
391923,391928,391932,4,5
391923,391928,391932,4,5
391923,391928,391932,4,5
391923,391928,391932,4,5
391923,391928,391932,4,5
391923,391928,391932,4,5
391923,391929,391932,3,6
391923,391928,391932,4,5
391923,391928,391932,4,5
391923,391928,391932,4,5
391923,391928,391932,4,5
391923,391928,391932,4,5
391923,391929,391932,3,6
391923,391928,391932,4,5
391923,391928,391932,4,5
391923,391928,391932,4,5
391923,391928,391932,4,5
391923,391928,391932,4,5
391923,391929,391932,3,6
391923,391929,391932,3,6
391923,391928,391932,4,5
391923,391928,391932,4,5
391923,391928,391932,4,5
391923,391928,391932,4,5
391923,391928,391932,4,5
391923,391928,391932,4,5
391923,391928,391932,4,5
391923,391931,391932,1,8
391923,391928,391932,4,5
391923,391928,391932,4,5
391923,391928,391932,4,5
391923,391929,391932,3,6
391923,391929,391932,3,6
391923,391929,391932,3,6
391923,391929,391932,3,6
391923,391930,391932,2,7
391923,391928,391932,4,5
391923,391928,391932,4,5
391923,391928,391932,4,5
391923,391928,391932,4,5
391923,391929,391932,3,6
391923,391929,391932,3,6
391923,391930,391932,2,7
391923,391930,391932,2,7
391923,391929,391932,3,6
391923,391929,391932,3,6
391923,391932,391933,1,9
391923,391929,391932,3,6
391923,391932,391933,1,9
391923,391930,391932,2,7
391923,391932,391934,2,9
391923,391932,391934,2,9
391923,391932,391934,2,9
391923,391932,391934,2,9
391923,391932,391934,2,9
391923,391932,391934,2,9
391923,391932,391934,2,9
391923,391932,391934,2,9
391923,391932,391934,2,9
391923,391932,391934,2,9
391923,391932,391934,2,9
391923,391932,391934,2,9
391923,391932,391934,2,9
391923,391932,391934,2,9
391923,391932,391934,2,9
391923,391932,391934,2,9
391923,391932,391934,2,9
391923,391932,391934,2,9
391923,391932,391935,3,9
391923,391932,391935,3,9
391923,391932,391935,3,9
391923,391932,391934,2,9
391923,391932,391935,3,9
391923,391932,391934,2,9
391923,391932,391935,3,9
391923,391932,391935,3,9
391923,391932,391935,3,9
391923,391932,391935,3,9
391923,391932,391935,3,9
391923,391932,391934,2,9
391923,391932,391935,3,9
391923,391932,391935,3,9
391923,391932,391935,3,9
391923,391924,391939,15,1
391923,391928,391942,14,5
391947,391947,391950,3,0
391947,391947,391950,3,0
391947,391947,391950,3,0
391947,391947,391949,2,0
391947,391947,391950,3,0
391947,391947,391950,3,0
391947,391947,391950,3,0
391947,391947,391950,3,0
391947,391947,391950,3,0
391947,391947,391950,3,0
391947,391947,391950,3,0
391947,391947,391950,3,0
391947,391947,391950,3,0
391947,391947,391950,3,0
391947,391947,391950,3,0
391947,391947,391950,3,0
391947,391947,391950,3,0
391947,391947,391950,3,0
391947,391947,391950,3,0
391947,391947,391950,3,0
391947,391947,391950,3,0
391947,391947,391950,3,0
391947,391947,391950,3,0
391947,391947,391950,3,0
391947,391947,391950,3,0
391947,391947,391950,3,0
391947,391947,391950,3,0
391947,391947,391950,3,0
391947,391947,391950,3,0
391947,391947,391950,3,0
391947,391947,391950,3,0
391947,391947,391950,3,0
391947,391947,391950,3,0
391947,391947,391950,3,0
391947,391947,391950,3,0
391947,391947,391950,3,0
391947,391947,391950,3,0
391947,391947,391950,3,0
391947,391947,391950,3,0
391947,391947,391950,3,0
391947,391947,391950,3,0
391947,391947,391950,3,0
391947,391947,391950,3,0
391947,391947,391950,3,0
391947,391947,391950,3,0
391947,391947,391949,2,0
391947,391947,391950,3,0
391947,391947,391950,3,0
391947,391947,391950,3,0
391947,391947,391950,3,0
391947,391947,391950,3,0
391947,391947,391950,3,0
391947,391947,391950,3,0
391947,391947,391950,3,0
391947,391947,391951,4,0
391947,391947,391950,3,0
391947,391947,391951,4,0
391947,391947,391950,3,0
391947,391947,391950,3,0
391947,391947,391950,3,0
391947,391947,391950,3,0
391947,391947,391950,3,0
391947,391947,391950,3,0
391947,391947,391950,3,0
391947,391947,391950,3,0
391947,391950,391951,1,3
391947,391947,391950,3,0
391947,391947,391950,3,0
391947,391947,391950,3,0
391947,391947,391950,3,0
391947,391947,391950,3,0
391947,391950,391951,1,3
391947,391950,391951,1,3
391947,391947,391950,3,0
391947,391947,391950,3,0
391947,391947,391950,3,0
391947,391950,391951,1,3
391947,391950,391951,1,3
391947,391950,391951,1,3
391947,391950,391951,1,3
391947,391950,391951,1,3
391947,391947,391950,3,0
391947,391947,391950,3,0
391947,391947,391950,3,0
391947,391950,391951,1,3
391947,391950,391951,1,3
391947,391950,391951,1,3
391947,391950,391951,1,3
391947,391950,391951,1,3
391947,391947,391950,3,0
391947,391947,391950,3,0
391947,391950,391951,1,3
391947,391950,391951,1,3
391947,391950,391951,1,3
391947,391950,391951,1,3
391947,391950,391951,1,3
391947,391950,391951,1,3
391947,391947,391950,3,0
391947,391950,391951,1,3
391947,391950,391951,1,3
391947,391950,391951,1,3
391947,391950,391951,1,3
391947,391950,391951,1,3
391947,391950,391951,1,3
391947,391950,391951,1,3
391947,391950,391951,1,3
391947,391950,391951,1,3
391947,391950,391951,1,3
391947,391950,391951,1,3
391947,391950,391951,1,3
391947,391950,391951,1,3
391947,391950,391951,1,3
391947,391950,391951,1,3
391947,391947,391950,3,0
391947,391950,391951,1,3
391947,391950,391951,1,3
391947,391950,391951,1,3
391947,391950,391951,1,3
391947,391950,391951,1,3
391947,391950,391951,1,3
391947,391950,391951,1,3
391947,391950,391951,1,3
391947,391950,391951,1,3
391947,391950,391951,1,3
391947,391950,391951,1,3
391947,391950,391951,1,3
391947,391950,391951,1,3
391947,391950,391951,1,3
391947,391950,391951,1,3
391947,391951,391952,1,4
391947,391951,391952,1,4
391947,391951,391952,1,4
391947,391951,391952,1,4
391947,391951,391952,1,4
391947,391951,391952,1,4
391947,391951,391952,1,4
391947,391951,391952,1,4
391947,391951,391952,1,4
391947,391951,391952,1,4
391947,391951,391952,1,4
391947,391951,391952,1,4
391947,391951,391952,1,4
391947,391951,391952,1,4
391947,391951,391952,1,4
391947,391951,391952,1,4
391947,391951,391952,1,4
391947,391951,391952,1,4
391947,391951,391952,1,4
391947,391951,391952,1,4
391947,391951,391952,1,4
391947,391951,391952,1,4
391947,391951,391952,1,4
391947,391951,391952,1,4
391947,391951,391952,1,4
391947,391951,391952,1,4
391947,391951,391952,1,4
391947,391951,391952,1,4
391947,391951,391952,1,4
391947,391951,391952,1,4
391947,391951,391952,1,4
391947,391951,391952,1,4
391947,391951,391952,1,4
419983,419983,419988,5,0
419983,419983,419989,6,0
419983,419983,419989,6,0
419983,419983,419989,6,0
419983,419983,419989,6,0
419983,419983,419989,6,0
419983,419983,419989,6,0
419983,419983,419989,6,0
419983,419983,419989,6,0
419983,419983,419989,6,0
419983,419983,419989,6,0
419983,419983,419989,6,0
419983,419983,419989,6,0
419983,419983,419989,6,0
419983,419983,419989,6,0
419983,419983,419989,6,0
419983,419983,419989,6,0
419983,419983,419989,6,0
419983,419983,419989,6,0
419983,419983,419989,6,0
419983,419983,419989,6,0
419983,419983,419989,6,0
419983,419983,419989,6,0
419983,419983,419989,6,0
419983,419983,419989,6,0
419983,419983,419989,6,0
419983,419983,419989,6,0
419983,419983,419989,6,0
419983,419983,419989,6,0
419983,419983,419989,6,0
419983,419983,419989,6,0
419983,419983,419989,6,0
419983,419983,419989,6,0
419983,419983,419989,6,0
419983,419983,419989,6,0
419983,419983,419989,6,0
419983,419983,419989,6,0
419983,419983,419989,6,0
419983,419983,419989,6,0
419983,419983,419989,6,0
419983,419983,419989,6,0
419983,419983,419989,6,0
419983,419983,419989,6,0
419983,419983,419989,6,0
419983,419983,419989,6,0
419983,419983,419989,6,0
419983,419983,419989,6,0
419983,419983,419989,6,0
419983,419983,419989,6,0
419983,419983,419989,6,0
419983,419983,419989,6,0
419983,419983,419989,6,0
419983,419983,419989,6,0
419983,419983,419989,6,0
419983,419983,419989,6,0
419983,419983,419989,6,0
419983,419983,419989,6,0
419983,419983,419989,6,0
419983,419983,419989,6,0
419983,419983,419989,6,0
419983,419983,419989,6,0
419983,419983,419989,6,0
419983,419983,419989,6,0
419983,419983,419989,6,0
419983,419983,419989,6,0
419983,419983,419989,6,0
419983,419983,419990,7,0
419983,419983,419990,7,0
419983,419983,419990,7,0
419983,419983,419990,7,0
419983,419983,419990,7,0
419983,419983,419990,7,0
419983,419983,419990,7,0
419983,419983,419990,7,0
419983,419983,419990,7,0
419983,419983,419990,7,0
419983,419983,419990,7,0
419983,419983,419990,7,0
419983,419983,419990,7,0
419983,419983,419990,7,0
419983,419989,419990,1,6
419983,419990,419992,2,7
419983,419990,419995,5,7
419983,419990,419995,5,7
419983,419990,419994,4,7
419983,419990,419994,4,7
419983,419990,419994,4,7
419983,419990,419994,4,7
419983,419990,419995,5,7
419983,419990,419995,5,7
419983,419990,419995,5,7
419983,419990,419994,4,7
419983,419990,419994,4,7
419983,419990,419995,5,7
419983,419990,419994,4,7
419983,419990,419995,5,7
419983,419990,419994,4,7
419983,419990,419994,4,7
419983,419990,419994,4,7
419983,419990,419994,4,7
419983,419990,419994,4,7
419983,419990,419994,4,7
419983,419990,419995,5,7
419983,419990,419995,5,7
419983,419990,419995,5,7
419983,419990,419995,5,7
419983,419990,419995,5,7
419983,419990,419995,5,7
419983,419990,419995,5,7
419983,419990,419995,5,7
419983,419990,419995,5,7
419983,419990,419995,5,7
419983,419990,419994,4,7
419983,419990,419994,4,7
419983,419990,419994,4,7
419983,419990,419994,4,7
419983,419990,419994,4,7
419983,419991,419994,3,8
419983,419990,419994,4,7
419983,419990,419995,5,7
419983,419990,419994,4,7
419983,419990,419994,4,7
419983,419990,419995,5,7
419983,419990,419994,4,7
419983,419990,419994,4,7
419983,419990,419994,4,7
419983,419990,419994,4,7
419983,419990,419994,4,7
419983,419990,419994,4,7
419983,419991,419994,3,8
419983,419991,419995,4,8
419983,419990,419994,4,7
419983,419990,419995,5,7
419983,419991,419995,4,8
419983,419990,419994,4,7
419983,419990,419994,4,7
419983,419990,419994,4,7
419983,419990,419994,4,7
419983,419990,419994,4,7
419983,419990,419995,5,7
419983,419990,419995,5,7
419983,419990,419995,5,7
419983,419990,419995,5,7
419983,419990,419996,6,7
419983,419990,419995,5,7
419983,419990,419995,5,7
419983,419990,419995,5,7
419983,419990,419995,5,7
419983,419991,419996,5,8
419983,419991,419995,4,8
419983,419991,419995,4,8
419983,419991,419995,4,8
419983,419991,419995,4,8
419983,419991,419996,5,8
419983,419991,419995,4,8
419983,419993,419995,2,10
419983,419991,419995,4,8
419983,419990,419995,5,7
419983,419990,419995,5,7
419983,419990,419995,5,7
419983,419990,419996,6,7
419983,419990,419996,6,7
419983,419995,419997,2,12
419983,419995,419998,3,12
419983,419995,419998,3,12
419983,419995,419998,3,12
419983,419995,419998,3,12
419983,419995,419998,3,12
419983,419995,419998,3,12
419983,419995,419998,3,12
419983,419995,419998,3,12
419983,419995,419998,3,12
419983,419995,419998,3,12
419983,419995,419998,3,12
419983,419995,419998,3,12
419983,419995,419998,3,12
419983,419995,419998,3,12
419983,419995,419998,3,12
419983,419995,419998,3,12
419983,419995,419998,3,12
419983,419995,419998,3,12
419983,419995,419998,3,12
419983,419995,419998,3,12
419983,419995,419998,3,12
419983,419995,419998,3,12
419983,419995,419998,3,12
419983,419995,419999,4,12
419983,419995,419999,4,12
419983,419995,419999,4,12
419983,419995,419999,4,12
419983,419995,419999,4,12
419983,419995,419998,3,12
419983,419995,419999,4,12
419983,419995,419999,4,12
419983,419995,419999,4,12
419983,419995,419999,4,12
419983,419995,419999,4,12
419983,419995,419999,4,12
419983,419995,419998,3,12
419983,419995,419999,4,12
420004,420004,420009,5,0
420004,420004,420009,5,0
420004,420004,420009,5,0
420004,420004,420009,5,0
420004,420004,420009,5,0
420004,420004,420009,5,0
420004,420004,420009,5,0
420004,420004,420009,5,0
420004,420004,420009,5,0
420004,420004,420009,5,0
420004,420004,420009,5,0
420004,420004,420009,5,0
420004,420004,420009,5,0
420004,420004,420009,5,0
420004,420004,420009,5,0
420004,420004,420009,5,0
420004,420004,420009,5,0
420004,420004,420009,5,0
420004,420004,420009,5,0
420004,420004,420009,5,0
420004,420004,420009,5,0
420004,420004,420009,5,0
420004,420004,420009,5,0
420004,420004,420009,5,0
420004,420004,420009,5,0
420004,420004,420009,5,0
420004,420004,420009,5,0
420004,420004,420009,5,0
420004,420004,420009,5,0
420004,420004,420009,5,0
420004,420004,420009,5,0
420004,420004,420009,5,0
420004,420004,420009,5,0
420004,420004,420009,5,0
420004,420004,420009,5,0
420004,420004,420009,5,0
420004,420004,420009,5,0
420004,420004,420009,5,0
420004,420004,420009,5,0
420004,420004,420009,5,0
420004,420004,420009,5,0
420004,420004,420009,5,0
420004,420004,420009,5,0
420004,420004,420009,5,0
420004,420004,420009,5,0
420004,420004,420009,5,0
420004,420004,420009,5,0
420004,420004,420009,5,0
420004,420004,420009,5,0
420004,420004,420010,6,0
420004,420004,420010,6,0
420004,420004,420009,5,0
420004,420004,420009,5,0
420004,420004,420009,5,0
420004,420004,420009,5,0
420004,420004,420009,5,0
420004,420004,420010,6,0
420004,420004,420010,6,0
420004,420004,420009,5,0
420004,420004,420010,6,0
420004,420004,420009,5,0
420004,420004,420009,5,0
420004,420004,420009,5,0
420004,420004,420010,6,0
420004,420004,420009,5,0
420004,420004,420010,6,0
420004,420004,420009,5,0
420004,420004,420010,6,0
420004,420004,420010,6,0
420004,420004,420010,6,0
420004,420004,420009,5,0
420004,420004,420010,6,0
420004,420004,420010,6,0
420004,420004,420010,6,0
420004,420004,420010,6,0
420004,420004,420010,6,0
420004,420004,420010,6,0
420004,420004,420011,7,0
420004,420004,420010,6,0
420004,420004,420011,7,0
420004,420009,420012,3,5
420004,420009,420012,3,5
420004,420009,420012,3,5
420004,420009,420012,3,5
420004,420010,420014,4,6
420004,420010,420014,4,6
420004,420010,420014,4,6
420004,420010,420014,4,6
420004,420009,420014,5,5
420004,420009,420014,5,5
420004,420009,420014,5,5
420004,420009,420014,5,5
420004,420009,420014,5,5
420004,420009,420014,5,5
420004,420009,420014,5,5
420004,420009,420014,5,5
420004,420009,420014,5,5
420004,420009,420014,5,5
420004,420009,420014,5,5
420004,420009,420014,5,5
420004,420009,420014,5,5
420004,420009,420014,5,5
420004,420009,420014,5,5
420004,420010,420014,4,6
420004,420010,420014,4,6
420004,420009,420014,5,5
420004,420009,420014,5,5
420004,420009,420014,5,5
420004,420009,420014,5,5
420004,420009,420014,5,5
420004,420009,420014,5,5
420004,420009,420014,5,5
420004,420009,420014,5,5
420004,420009,420014,5,5
420004,420009,420014,5,5
420004,420009,420014,5,5
420004,420010,420014,4,6
420004,420010,420014,4,6
420004,420009,420014,5,5
420004,420009,420014,5,5
420004,420009,420014,5,5
420004,420009,420014,5,5
420004,420010,420014,4,6
420004,420010,420014,4,6
420004,420009,420014,5,5
420004,420009,420014,5,5
420004,420009,420014,5,5
420004,420009,420014,5,5
420004,420009,420014,5,5
420004,420009,420014,5,5
420004,420010,420014,4,6
420004,420010,420014,4,6
420004,420009,420014,5,5
420004,420009,420014,5,5
420004,420009,420014,5,5
420004,420009,420014,5,5
420004,420010,420014,4,6
420004,420010,420014,4,6
420004,420010,420015,5,6
420004,420010,420014,4,6
420004,420010,420014,4,6
420004,420010,420014,4,6
420004,420010,420015,5,6
420004,420010,420015,5,6
420004,420010,420015,5,6
420004,420010,420015,5,6
420004,420012,420015,3,8
420004,420010,420015,5,6
420004,420010,420015,5,6
420004,420010,420015,5,6
420004,420011,420015,4,7
420004,420011,420015,4,7
420004,420012,420015,3,8
420004,420012,420015,3,8
420004,420011,420015,4,7
420004,420011,420015,4,7
420004,420011,420015,4,7
420004,420010,420015,5,6
420004,420012,420015,3,8
420004,420010,420015,5,6
420004,420011,420016,5,7
420004,420014,420016,2,10
420004,420012,420016,4,8
420004,420012,420016,4,8
420004,420012,420016,4,8
420004,420014,420017,3,10
420004,420014,420017,3,10
420004,420014,420017,3,10
420004,420015,420017,2,11
420004,420015,420017,2,11
420004,420015,420017,2,11
420004,420015,420017,2,11
420004,420015,420017,2,11
420004,420015,420017,2,11
420004,420015,420017,2,11
420004,420015,420017,2,11
420004,420015,420017,2,11
420004,420015,420017,2,11
420004,420015,420017,2,11
420004,420015,420017,2,11
420004,420015,420017,2,11
420004,420015,420017,2,11
420004,420015,420017,2,11
420004,420015,420017,2,11
420004,420015,420017,2,11
420004,420015,420018,3,11
420004,420015,420018,3,11
420004,420015,420018,3,11
420004,420015,420018,3,11
420004,420015,420017,2,11
420004,420015,420017,2,11
420004,420015,420017,2,11
420004,420015,420017,2,11
420004,420015,420018,3,11
420004,420015,420018,3,11
420004,420015,420017,2,11
420004,420015,420017,2,11
420004,420015,420018,3,11
420004,420015,420017,2,11
420004,420015,420018,3,11
420022,420022,420027,5,0
420022,420022,420027,5,0
420022,420022,420027,5,0
420022,420022,420027,5,0
420022,420023,420027,4,1
420022,420023,420027,4,1
420022,420023,420027,4,1
420022,420022,420027,5,0
420022,420022,420027,5,0
420022,420022,420027,5,0
420022,420022,420027,5,0
420022,420023,420027,4,1
420022,420023,420027,4,1
420022,420022,420027,5,0
420022,420022,420027,5,0
420022,420022,420027,5,0
420022,420022,420027,5,0
420022,420023,420027,4,1
420022,420023,420027,4,1
420022,420023,420028,5,1
420022,420023,420027,4,1
420022,420022,420027,5,0
420022,420022,420027,5,0
420022,420022,420027,5,0
420022,420022,420027,5,0
420022,420023,420027,4,1
420022,420023,420028,5,1
420022,420022,420027,5,0
420022,420022,420027,5,0
420022,420022,420027,5,0
420022,420022,420027,5,0
420022,420023,420027,4,1
420022,420023,420027,4,1
420022,420022,420027,5,0
420022,420022,420027,5,0
420022,420022,420027,5,0
420022,420022,420027,5,0
420022,420023,420027,4,1
420022,420023,420027,4,1
420022,420022,420027,5,0
420022,420022,420027,5,0
420022,420022,420027,5,0
420022,420023,420027,4,1
420022,420023,420027,4,1
420022,420022,420027,5,0
420022,420022,420027,5,0
420022,420022,420027,5,0
420022,420022,420027,5,0
420022,420023,420027,4,1
420022,420023,420027,4,1
420022,420023,420027,4,1
420022,420022,420027,5,0
420022,420022,420027,5,0
420022,420022,420027,5,0
420022,420022,420027,5,0
420022,420023,420027,4,1
420022,420023,420027,4,1
420022,420023,420027,4,1
420022,420022,420027,5,0
420022,420022,420027,5,0
420022,420022,420027,5,0
420022,420023,420027,4,1
420022,420023,420027,4,1
420022,420023,420027,4,1
420022,420023,420028,5,1
420022,420023,420028,5,1
420022,420023,420028,5,1
420022,420023,420028,5,1
420022,420023,420028,5,1
420022,420023,420028,5,1
420022,420023,420028,5,1
420022,420023,420028,5,1
420022,420023,420028,5,1
420022,420023,420028,5,1
420022,420023,420028,5,1
420022,420023,420028,5,1
420022,420023,420028,5,1
420022,420023,420028,5,1
420022,420023,420028,5,1
420022,420023,420028,5,1
420022,420028,420031,3,6
420022,420028,420031,3,6
420022,420028,420033,5,6
420022,420028,420033,5,6
420022,420028,420033,5,6
420022,420028,420033,5,6
420022,420028,420033,5,6
420022,420028,420033,5,6
420022,420028,420033,5,6
420022,420028,420033,5,6
420022,420028,420033,5,6
420022,420028,420033,5,6
420022,420028,420033,5,6
420022,420028,420033,5,6
420022,420028,420033,5,6
420022,420028,420033,5,6
420022,420028,420033,5,6
420022,420028,420033,5,6
420022,420028,420033,5,6
420022,420028,420033,5,6
420022,420028,420033,5,6
420022,420028,420033,5,6
420022,420028,420033,5,6
420022,420028,420033,5,6
420022,420028,420033,5,6
420022,420028,420033,5,6
420022,420028,420033,5,6
420022,420028,420033,5,6
420022,420028,420033,5,6
420022,420028,420033,5,6
420022,420028,420032,4,6
420022,420028,420033,5,6
420022,420028,420033,5,6
420022,420028,420033,5,6
420022,420028,420033,5,6
420022,420028,420033,5,6
420022,420028,420033,5,6
420022,420028,420033,5,6
420022,420028,420033,5,6
420022,420028,420033,5,6
420022,420028,420033,5,6
420022,420028,420033,5,6
420022,420028,420033,5,6
420022,420028,420033,5,6
420022,420028,420033,5,6
420022,420028,420033,5,6
420022,420028,420033,5,6
420022,420028,420033,5,6
420022,420028,420033,5,6
420022,420028,420033,5,6
420022,420028,420033,5,6
420022,420028,420033,5,6
420022,420028,420033,5,6
420022,420028,420033,5,6
420022,420028,420033,5,6
420022,420028,420033,5,6
420022,420028,420033,5,6
420022,420028,420033,5,6
420022,420028,420033,5,6
420022,420028,420033,5,6
420022,420029,420034,5,7
420022,420029,420034,5,7
420022,420029,420033,4,7
420022,420029,420033,4,7
420022,420029,420034,5,7
420022,420028,420033,5,6
420022,420028,420033,5,6
420022,420029,420034,5,7
420022,420029,420034,5,7
420022,420029,420034,5,7
420022,420029,420034,5,7
420022,420029,420034,5,7
420022,420029,420034,5,7
420022,420029,420033,4,7
420022,420028,420033,5,6
420022,420028,420033,5,6
420022,420029,420034,5,7
420022,420029,420033,4,7
420022,420029,420033,4,7
420022,420031,420034,3,9
420022,420033,420035,2,11
420022,420029,420034,5,7
420022,420032,420034,2,10
420022,420033,420035,2,11
420022,420033,420035,2,11
420022,420033,420036,3,11
420022,420033,420036,3,11
420022,420033,420036,3,11
420022,420033,420036,3,11
420022,420033,420036,3,11
420022,420033,420036,3,11
420022,420033,420036,3,11
420022,420033,420036,3,11
420022,420033,420036,3,11
420022,420033,420036,3,11
420022,420033,420036,3,11
420022,420033,420036,3,11
420022,420033,420036,3,11
420022,420033,420036,3,11
420022,420033,420036,3,11
420022,420033,420036,3,11
420022,420033,420036,3,11
420022,420033,420036,3,11
420022,420033,420036,3,11
420022,420033,420036,3,11
420022,420033,420036,3,11
420022,420033,420036,3,11
420022,420033,420036,3,11
420022,420033,420036,3,11
420022,420033,420036,3,11
420022,420033,420036,3,11
420022,420033,420037,4,11
420022,420033,420037,4,11
420022,420033,420037,4,11
420022,420033,420036,3,11
420022,420033,420037,4,11
420022,420033,420037,4,11
420022,420033,420037,4,11
420022,420033,420036,3,11
420022,420033,420036,3,11
420042,420042,420047,5,0
420042,420042,420047,5,0
420042,420042,420047,5,0
420042,420042,420047,5,0
420042,420042,420047,5,0
420042,420042,420047,5,0
420042,420042,420047,5,0
420042,420042,420047,5,0
420042,420042,420047,5,0
420042,420042,420047,5,0
420042,420042,420047,5,0
420042,420042,420046,4,0
420042,420042,420047,5,0
420042,420042,420047,5,0
420042,420042,420047,5,0
420042,420042,420047,5,0
420042,420042,420047,5,0
420042,420042,420047,5,0
420042,420042,420047,5,0
420042,420042,420047,5,0
420042,420042,420047,5,0
420042,420042,420047,5,0
420042,420042,420047,5,0
420042,420042,420047,5,0
420042,420042,420047,5,0
420042,420042,420047,5,0
420042,420042,420047,5,0
420042,420042,420047,5,0
420042,420042,420047,5,0
420042,420042,420047,5,0
420042,420042,420047,5,0
420042,420042,420047,5,0
420042,420042,420047,5,0
420042,420042,420047,5,0
420042,420042,420047,5,0
420042,420042,420047,5,0
420042,420042,420047,5,0
420042,420042,420047,5,0
420042,420042,420047,5,0
420042,420042,420047,5,0
420042,420042,420047,5,0
420042,420042,420047,5,0
420042,420042,420047,5,0
420042,420042,420047,5,0
420042,420042,420047,5,0
420042,420042,420047,5,0
420042,420042,420047,5,0
420042,420042,420047,5,0
420042,420042,420047,5,0
420042,420042,420047,5,0
420042,420042,420047,5,0
420042,420042,420047,5,0
420042,420042,420047,5,0
420042,420042,420047,5,0
420042,420042,420046,4,0
420042,420042,420047,5,0
420042,420042,420047,5,0
420042,420042,420047,5,0
420042,420042,420047,5,0
420042,420042,420047,5,0
420042,420042,420047,5,0
420042,420042,420047,5,0
420042,420042,420047,5,0
420042,420042,420047,5,0
420042,420042,420047,5,0
420042,420042,420047,5,0
420042,420042,420047,5,0
420042,420042,420048,6,0
420042,420042,420048,6,0
420042,420042,420048,6,0
420042,420042,420048,6,0
420042,420042,420047,5,0
420042,420042,420048,6,0
420042,420042,420048,6,0
420042,420042,420047,5,0
420042,420042,420047,5,0
420042,420042,420047,5,0
420042,420042,420047,5,0
420042,420042,420047,5,0
420042,420042,420047,5,0
420042,420047,420051,4,5
420042,420047,420051,4,5
420042,420047,420052,5,5
420042,420047,420052,5,5
420042,420047,420052,5,5
420042,420047,420052,5,5
420042,420047,420052,5,5
420042,420047,420052,5,5
420042,420047,420052,5,5
420042,420047,420052,5,5
420042,420047,420052,5,5
420042,420047,420052,5,5
420042,420047,420052,5,5
420042,420047,420052,5,5
420042,420047,420052,5,5
420042,420047,420052,5,5
420042,420047,420052,5,5
420042,420047,420052,5,5
420042,420047,420052,5,5
420042,420047,420052,5,5
420042,420047,420052,5,5
420042,420047,420052,5,5
420042,420047,420052,5,5
420042,420047,420052,5,5
420042,420047,420052,5,5
420042,420047,420052,5,5
420042,420047,420052,5,5
420042,420047,420052,5,5
420042,420047,420052,5,5
420042,420047,420052,5,5
420042,420048,420052,4,6
420042,420048,420052,4,6
420042,420047,420052,5,5
420042,420047,420052,5,5
420042,420047,420052,5,5
420042,420047,420052,5,5
420042,420047,420052,5,5
420042,420047,420052,5,5
420042,420047,420052,5,5
420042,420047,420052,5,5
420042,420047,420052,5,5
420042,420047,420052,5,5
420042,420047,420053,6,5
420042,420047,420052,5,5
420042,420047,420052,5,5
420042,420047,420052,5,5
420042,420047,420052,5,5
420042,420047,420052,5,5
420042,420047,420052,5,5
420042,420047,420052,5,5
420042,420047,420052,5,5
420042,420049,420052,3,7
420042,420047,420052,5,5
420042,420047,420052,5,5
420042,420047,420052,5,5
420042,420047,420052,5,5
420042,420047,420053,6,5
420042,420047,420053,6,5
420042,420047,420053,6,5
420042,420047,420053,6,5
420042,420047,420053,6,5
420042,420047,420053,6,5
420042,420048,420054,6,6
420042,420049,420053,4,7
420042,420049,420053,4,7
420042,420049,420054,5,7
420042,420052,420054,2,10
420042,420047,420054,7,5
420042,420047,420054,7,5
420042,420049,420053,4,7
420042,420047,420054,7,5
420042,420047,420054,7,5
420042,420047,420053,6,5
420042,420048,420053,5,6
420042,420048,420054,6,6
420042,420049,420053,4,7
420042,420052,420054,2,10
420042,420049,420053,4,7
420042,420049,420053,4,7
420042,420049,420053,4,7
420042,420049,420053,4,7
420042,420047,420054,7,5
420042,420053,420055,2,11
420042,420053,420055,2,11
420042,420053,420055,2,11
420042,420053,420055,2,11
420042,420053,420056,3,11
420042,420053,420056,3,11
420042,420053,420055,2,11
420042,420053,420055,2,11
420042,420053,420056,3,11
420042,420053,420056,3,11
420042,420053,420056,3,11
420042,420053,420056,3,11
420042,420053,420055,2,11
420042,420053,420055,2,11
420042,420053,420055,2,11
420042,420053,420055,2,11
420042,420053,420056,3,11
420042,420053,420056,3,11
420042,420053,420056,3,11
420042,420053,420055,2,11
420042,420053,420055,2,11
420042,420053,420056,3,11
420042,420053,420055,2,11
420042,420053,420056,3,11
420042,420053,420056,3,11
420042,420053,420056,3,11
420042,420053,420056,3,11
420042,420053,420056,3,11
420042,420053,420056,3,11
420042,420053,420056,3,11
420042,420053,420056,3,11
420042,420053,420056,3,11
420042,420053,420056,3,11
420042,420053,420056,3,11
420042,420053,420056,3,11
420042,420053,420056,3,11
420042,420053,420056,3,11
420042,420053,420056,3,11
420062,420062,420067,5,0
420062,420062,420067,5,0
420062,420062,420067,5,0
420062,420062,420067,5,0
420062,420062,420067,5,0
420062,420062,420067,5,0
420062,420062,420067,5,0
420062,420062,420067,5,0
420062,420062,420067,5,0
420062,420062,420067,5,0
420062,420062,420067,5,0
420062,420062,420067,5,0
420062,420062,420067,5,0
420062,420062,420067,5,0
420062,420062,420067,5,0
420062,420062,420067,5,0
420062,420062,420067,5,0
420062,420062,420067,5,0
420062,420062,420067,5,0
420062,420062,420067,5,0
420062,420062,420067,5,0
420062,420062,420067,5,0
420062,420062,420067,5,0
420062,420062,420067,5,0
420062,420062,420067,5,0
420062,420062,420067,5,0
420062,420062,420067,5,0
420062,420062,420067,5,0
420062,420062,420067,5,0
420062,420062,420067,5,0
420062,420062,420067,5,0
420062,420062,420067,5,0
420062,420062,420067,5,0
420062,420062,420067,5,0
420062,420062,420067,5,0
420062,420062,420067,5,0
420062,420062,420067,5,0
420062,420062,420067,5,0
420062,420062,420067,5,0
420062,420062,420067,5,0
420062,420062,420067,5,0
420062,420062,420067,5,0
420062,420062,420067,5,0
420062,420062,420067,5,0
420062,420062,420067,5,0
420062,420062,420067,5,0
420062,420062,420067,5,0
420062,420062,420067,5,0
420062,420062,420067,5,0
420062,420062,420067,5,0
420062,420062,420067,5,0
420062,420062,420067,5,0
420062,420062,420067,5,0
420062,420062,420067,5,0
420062,420062,420067,5,0
420062,420062,420067,5,0
420062,420062,420067,5,0
420062,420062,420068,6,0
420062,420062,420067,5,0
420062,420062,420067,5,0
420062,420062,420068,6,0
420062,420062,420068,6,0
420062,420062,420068,6,0
420062,420062,420068,6,0
420062,420062,420068,6,0
420062,420062,420068,6,0
420062,420062,420068,6,0
420062,420062,420068,6,0
420062,420062,420068,6,0
420062,420062,420068,6,0
420062,420062,420068,6,0
420062,420062,420068,6,0
420062,420062,420068,6,0
420062,420062,420068,6,0
420062,420062,420068,6,0
420062,420062,420068,6,0
420062,420062,420068,6,0
420062,420062,420069,7,0
420062,420062,420069,7,0
420062,420062,420069,7,0
420062,420067,420071,4,5
420062,420068,420072,4,6
420062,420068,420072,4,6
420062,420068,420072,4,6
420062,420068,420073,5,6
420062,420068,420073,5,6
420062,420068,420073,5,6
420062,420068,420073,5,6
420062,420068,420072,4,6
420062,420068,420072,4,6
420062,420068,420072,4,6
420062,420068,420072,4,6
420062,420068,420073,5,6
420062,420068,420073,5,6
420062,420068,420072,4,6
420062,420068,420072,4,6
420062,420068,420072,4,6
420062,420068,420072,4,6
420062,420069,420073,4,7
420062,420069,420073,4,7
420062,420068,420072,4,6
420062,420068,420072,4,6
420062,420068,420072,4,6
420062,420068,420072,4,6
420062,420068,420072,4,6
420062,420069,420073,4,7
420062,420068,420072,4,6
420062,420068,420072,4,6
420062,420068,420072,4,6
420062,420068,420072,4,6
420062,420068,420072,4,6
420062,420068,420072,4,6
420062,420068,420072,4,6
420062,420068,420073,5,6
420062,420068,420072,4,6
420062,420068,420073,5,6
420062,420068,420073,5,6
420062,420068,420072,4,6
420062,420068,420072,4,6
420062,420068,420072,4,6
420062,420068,420072,4,6
420062,420068,420072,4,6
420062,420068,420073,5,6
420062,420068,420073,5,6
420062,420068,420073,5,6
420062,420068,420072,4,6
420062,420068,420072,4,6
420062,420068,420072,4,6
420062,420068,420073,5,6
420062,420068,420073,5,6
420062,420068,420073,5,6
420062,420068,420072,4,6
420062,420068,420072,4,6
420062,420068,420072,4,6
420062,420068,420072,4,6
420062,420068,420072,4,6
420062,420068,420073,5,6
420062,420068,420073,5,6
420062,420068,420073,5,6
420062,420068,420073,5,6
420062,420069,420073,4,7
420062,420069,420073,4,7
420062,420068,420073,5,6
420062,420068,420073,5,6
420062,420068,420073,5,6
420062,420070,420074,4,8
420062,420070,420074,4,8
420062,420069,420073,4,7
420062,420069,420074,5,7
420062,420069,420074,5,7
420062,420069,420074,5,7
420062,420069,420074,5,7
420062,420069,420074,5,7
420062,420069,420074,5,7
420062,420069,420073,4,7
420062,420069,420073,4,7
420062,420070,420073,3,8
420062,420069,420074,5,7
420062,420069,420074,5,7
420062,420073,420075,2,11
420062,420069,420074,5,7
420062,420071,420074,3,9
420062,420073,420076,3,11
420062,420073,420075,2,11
420062,420073,420075,2,11
420062,420073,420076,3,11
420062,420073,420076,3,11
420062,420073,420076,3,11
420062,420073,420076,3,11
420062,420073,420076,3,11
420062,420073,420076,3,11
420062,420073,420076,3,11
420062,420073,420076,3,11
420062,420073,420076,3,11
420062,420073,420076,3,11
420062,420073,420076,3,11
420062,420073,420076,3,11
420062,420073,420076,3,11
420062,420073,420076,3,11
420062,420073,420076,3,11
420062,420073,420076,3,11
420062,420073,420076,3,11
420062,420073,420076,3,11
420062,420073,420076,3,11
420062,420073,420076,3,11
420062,420073,420076,3,11
420062,420073,420076,3,11
420062,420073,420076,3,11
420062,420073,420076,3,11
420062,420073,420076,3,11
420062,420073,420076,3,11
420062,420073,420076,3,11
420062,420073,420076,3,11
420062,420073,420076,3,11
420062,420073,420077,4,11
420062,420073,420076,3,11
420062,420073,420076,3,11
420062,420073,420076,3,11
420062,420073,420076,3,11
420062,420073,420076,3,11
420082,420082,420086,4,0
420082,420082,420086,4,0
420082,420082,420087,5,0
420082,420082,420087,5,0
420082,420082,420087,5,0
420082,420082,420086,4,0
420082,420082,420086,4,0
420082,420082,420086,4,0
420082,420082,420087,5,0
420082,420082,420086,4,0
420082,420082,420087,5,0
420082,420082,420086,4,0
420082,420082,420087,5,0
420082,420082,420087,5,0
420082,420082,420087,5,0
420082,420082,420087,5,0
420082,420082,420086,4,0
420082,420082,420086,4,0
420082,420082,420086,4,0
420082,420082,420086,4,0
420082,420082,420086,4,0
420082,420082,420086,4,0
420082,420082,420086,4,0
420082,420082,420086,4,0
420082,420082,420086,4,0
420082,420082,420086,4,0
420082,420082,420086,4,0
420082,420082,420087,5,0
420082,420082,420086,4,0
420082,420082,420086,4,0
420082,420082,420086,4,0
420082,420082,420086,4,0
420082,420082,420087,5,0
420082,420082,420086,4,0
420082,420082,420086,4,0
420082,420082,420086,4,0
420082,420082,420086,4,0
420082,420082,420086,4,0
420082,420082,420086,4,0
420082,420082,420086,4,0
420082,420082,420086,4,0
420082,420082,420087,5,0
420082,420082,420086,4,0
420082,420082,420086,4,0
420082,420082,420086,4,0
420082,420082,420086,4,0
420082,420082,420086,4,0
420082,420082,420087,5,0
420082,420082,420087,5,0
420082,420082,420087,5,0
420082,420082,420086,4,0
420082,420082,420086,4,0
420082,420082,420086,4,0
420082,420082,420086,4,0
420082,420082,420086,4,0
420082,420082,420087,5,0
420082,420082,420086,4,0
420082,420082,420087,5,0
420082,420082,420086,4,0
420082,420082,420086,4,0
420082,420082,420086,4,0
420082,420082,420087,5,0
420082,420082,420087,5,0
420082,420082,420087,5,0
420082,420082,420087,5,0
420082,420082,420088,6,0
420082,420082,420088,6,0
420082,420082,420088,6,0
420082,420082,420088,6,0
420082,420082,420087,5,0
420082,420082,420088,6,0
420082,420082,420087,5,0
420082,420082,420087,5,0
420082,420082,420087,5,0
420082,420082,420087,5,0
420082,420082,420087,5,0
420082,420082,420087,5,0
420082,420082,420087,5,0
420082,420082,420087,5,0
420082,420086,420088,2,4
420082,420082,420088,6,0
420082,420087,420092,5,5
420082,420087,420092,5,5
420082,420087,420092,5,5
420082,420087,420092,5,5
420082,420087,420092,5,5
420082,420087,420092,5,5
420082,420087,420092,5,5
420082,420087,420093,6,5
420082,420087,420092,5,5
420082,420087,420093,6,5
420082,420087,420093,6,5
420082,420087,420093,6,5
420082,420087,420093,6,5
420082,420087,420093,6,5
420082,420087,420092,5,5
420082,420087,420092,5,5
420082,420087,420093,6,5
420082,420087,420092,5,5
420082,420087,420093,6,5
420082,420087,420093,6,5
420082,420087,420093,6,5
420082,420088,420093,5,6
420082,420087,420092,5,5
420082,420087,420092,5,5
420082,420087,420092,5,5
420082,420087,420092,5,5
420082,420088,420092,4,6
420082,420088,420092,4,6
420082,420088,420093,5,6
420082,420089,420093,4,7
420082,420087,420092,5,5
420082,420087,420092,5,5
420082,420087,420092,5,5
420082,420087,420092,5,5
420082,420087,420092,5,5
420082,420087,420092,5,5
420082,420087,420092,5,5
420082,420088,420093,5,6
420082,420087,420092,5,5
420082,420087,420092,5,5
420082,420087,420092,5,5
420082,420087,420092,5,5
420082,420087,420092,5,5
420082,420087,420092,5,5
420082,420087,420092,5,5
420082,420088,420092,4,6
420082,420087,420092,5,5
420082,420087,420092,5,5
420082,420087,420092,5,5
420082,420087,420092,5,5
420082,420087,420092,5,5
420082,420088,420093,5,6
420082,420088,420093,5,6
420082,420088,420093,5,6
420082,420087,420092,5,5
420082,420087,420092,5,5
420082,420087,420092,5,5
420082,420088,420092,4,6
420082,420088,420093,5,6
420082,420088,420093,5,6
420082,420089,420093,4,7
420082,420087,420092,5,5
420082,420087,420092,5,5
420082,420087,420092,5,5
420082,420087,420092,5,5
420082,420087,420092,5,5
420082,420087,420093,6,5
420082,420088,420093,5,6
420082,420088,420093,5,6
420082,420087,420092,5,5
420082,420087,420092,5,5
420082,420087,420092,5,5
420082,420087,420092,5,5
420082,420087,420092,5,5
420082,420087,420092,5,5
420082,420088,420093,5,6
420082,420088,420093,5,6
420082,420089,420093,4,7
420082,420089,420093,4,7
420082,420087,420093,6,5
420082,420093,420094,1,11
420082,420093,420094,1,11
420082,420093,420095,2,11
420082,420092,420094,2,10
420082,420093,420095,2,11
420082,420093,420095,2,11
420082,420093,420095,2,11
420082,420093,420095,2,11
420082,420093,420095,2,11
420082,420094,420095,1,12
420082,420093,420096,3,11
420082,420093,420096,3,11
420082,420093,420096,3,11
420082,420093,420096,3,11
420082,420093,420096,3,11
420082,420094,420096,2,12
420082,420094,420096,2,12
420082,420094,420096,2,12
420082,420094,420096,2,12
420082,420094,420096,2,12
420082,420094,420096,2,12
420082,420094,420096,2,12
420082,420094,420096,2,12
420082,420094,420096,2,12
420082,420094,420096,2,12
420082,420094,420096,2,12
420082,420094,420096,2,12
420082,420094,420096,2,12
420082,420094,420096,2,12
420082,420094,420096,2,12
420082,420094,420096,2,12
420082,420094,420096,2,12
420082,420094,420097,3,12
420082,420094,420096,2,12
420082,420094,420096,2,12
420082,420094,420096,2,12
420082,420094,420096,2,12
420082,420094,420096,2,12
420082,420094,420096,2,12
420102,420102,420106,4,0
420102,420102,420107,5,0
420102,420102,420107,5,0
420102,420102,420107,5,0
420102,420102,420107,5,0
420102,420102,420107,5,0
420102,420102,420106,4,0
420102,420102,420107,5,0
420102,420102,420107,5,0
420102,420102,420107,5,0
420102,420102,420107,5,0
420102,420102,420107,5,0
420102,420102,420107,5,0
420102,420102,420107,5,0
420102,420102,420107,5,0
420102,420102,420107,5,0
420102,420102,420107,5,0
420102,420102,420107,5,0
420102,420102,420107,5,0
420102,420102,420107,5,0
420102,420102,420107,5,0
420102,420102,420107,5,0
420102,420102,420107,5,0
420102,420102,420107,5,0
420102,420102,420107,5,0
420102,420102,420107,5,0
420102,420102,420107,5,0
420102,420102,420107,5,0
420102,420102,420107,5,0
420102,420102,420107,5,0
420102,420102,420107,5,0
420102,420102,420107,5,0
420102,420102,420107,5,0
420102,420102,420107,5,0
420102,420102,420107,5,0
420102,420102,420107,5,0
420102,420102,420107,5,0
420102,420102,420107,5,0
420102,420102,420107,5,0
420102,420102,420107,5,0
420102,420102,420107,5,0
420102,420102,420107,5,0
420102,420102,420107,5,0
420102,420102,420107,5,0
420102,420102,420107,5,0
420102,420102,420107,5,0
420102,420102,420107,5,0
420102,420102,420107,5,0
420102,420102,420107,5,0
420102,420102,420107,5,0
420102,420102,420107,5,0
420102,420102,420107,5,0
420102,420102,420107,5,0
420102,420102,420107,5,0
420102,420102,420107,5,0
420102,420102,420107,5,0
420102,420102,420107,5,0
420102,420102,420107,5,0
420102,420102,420107,5,0
420102,420102,420107,5,0
420102,420102,420107,5,0
420102,420102,420107,5,0
420102,420102,420107,5,0
420102,420102,420107,5,0
420102,420102,420107,5,0
420102,420102,420107,5,0
420102,420102,420107,5,0
420102,420102,420107,5,0
420102,420102,420107,5,0
420102,420102,420107,5,0
420102,420102,420107,5,0
420102,420102,420107,5,0
420102,420102,420107,5,0
420102,420102,420107,5,0
420102,420102,420107,5,0
420102,420102,420107,5,0
420102,420102,420107,5,0
420102,420102,420107,5,0
420102,420102,420107,5,0
420102,420102,420107,5,0
420102,420107,420110,3,5
420102,420107,420112,5,5
420102,420107,420112,5,5
420102,420107,420112,5,5
420102,420107,420112,5,5
420102,420107,420112,5,5
420102,420108,420112,4,6
420102,420107,420112,5,5
420102,420107,420112,5,5
420102,420107,420112,5,5
420102,420107,420112,5,5
420102,420107,420112,5,5
420102,420107,420112,5,5
420102,420107,420112,5,5
420102,420107,420112,5,5
420102,420107,420112,5,5
420102,420107,420112,5,5
420102,420107,420112,5,5
420102,420107,420112,5,5
420102,420107,420112,5,5
420102,420107,420112,5,5
420102,420107,420112,5,5
420102,420107,420112,5,5
420102,420107,420112,5,5
420102,420107,420112,5,5
420102,420107,420112,5,5
420102,420107,420112,5,5
420102,420107,420112,5,5
420102,420107,420112,5,5
420102,420107,420112,5,5
420102,420107,420112,5,5
420102,420107,420112,5,5
420102,420107,420112,5,5
420102,420107,420112,5,5
420102,420107,420112,5,5
420102,420107,420112,5,5
420102,420107,420112,5,5
420102,420107,420112,5,5
420102,420107,420112,5,5
420102,420107,420112,5,5
420102,420107,420112,5,5
420102,420107,420112,5,5
420102,420107,420112,5,5
420102,420107,420112,5,5
420102,420107,420112,5,5
420102,420107,420112,5,5
420102,420107,420112,5,5
420102,420107,420112,5,5
420102,420107,420112,5,5
420102,420107,420112,5,5
420102,420107,420112,5,5
420102,420107,420112,5,5
420102,420107,420112,5,5
420102,420107,420112,5,5
420102,420107,420112,5,5
420102,420107,420112,5,5
420102,420107,420112,5,5
420102,420107,420112,5,5
420102,420107,420112,5,5
420102,420107,420112,5,5
420102,420108,420112,4,6
420102,420108,420113,5,6
420102,420108,420113,5,6
420102,420110,420113,3,8
420102,420108,420113,5,6
420102,420108,420113,5,6
420102,420108,420113,5,6
420102,420108,420113,5,6
420102,420107,420113,6,5
420102,420107,420112,5,5
420102,420108,420113,5,6
420102,420108,420113,5,6
420102,420108,420113,5,6
420102,420107,420113,6,5
420102,420108,420113,5,6
420102,420108,420113,5,6
420102,420108,420113,5,6
420102,420108,420113,5,6
420102,420108,420113,5,6
420102,420108,420113,5,6
420102,420108,420113,5,6
420102,420112,420115,3,10
420102,420112,420115,3,10
420102,420112,420115,3,10
420102,420112,420115,3,10
420102,420113,420115,2,11
420102,420112,420115,3,10
420102,420112,420115,3,10
420102,420112,420116,4,10
420102,420112,420115,3,10
420102,420112,420115,3,10
420102,420112,420115,3,10
420102,420112,420115,3,10
420102,420112,420115,3,10
420102,420112,420116,4,10
420102,420112,420115,3,10
420102,420112,420115,3,10
420102,420112,420115,3,10
420102,420112,420115,3,10
420102,420113,420115,2,11
420102,420112,420116,4,10
420102,420112,420116,4,10
420102,420113,420116,3,11
420102,420112,420116,4,10
420102,420113,420116,3,11
420102,420112,420116,4,10
420102,420113,420116,3,11
420102,420112,420116,4,10
420102,420112,420116,4,10
420102,420112,420116,4,10
420102,420113,420116,3,11
420102,420113,420116,3,11
420102,420113,420116,3,11
420102,420113,420116,3,11
420102,420113,420116,3,11
420102,420113,420116,3,11
420102,420113,420116,3,11
420102,420113,420116,3,11
420102,420113,420116,3,11
420102,420113,420116,3,11
420121,420122,420126,4,1
420121,420122,420127,5,1
420121,420122,420127,5,1
420121,420122,420127,5,1
420121,420122,420127,5,1
420121,420122,420127,5,1
420121,420122,420127,5,1
420121,420122,420127,5,1
420121,420122,420127,5,1
420121,420122,420127,5,1
420121,420122,420127,5,1
420121,420122,420127,5,1
420121,420122,420127,5,1
420121,420122,420127,5,1
420121,420122,420128,6,1
420121,420122,420128,6,1
420121,420122,420127,5,1
420121,420122,420127,5,1
420121,420122,420127,5,1
420121,420122,420127,5,1
420121,420122,420127,5,1
420121,420122,420127,5,1
420121,420122,420128,6,1
420121,420122,420127,5,1
420121,420122,420127,5,1
420121,420122,420127,5,1
420121,420122,420127,5,1
420121,420122,420127,5,1
420121,420122,420127,5,1
420121,420122,420127,5,1
420121,420122,420128,6,1
420121,420122,420127,5,1
420121,420122,420127,5,1
420121,420122,420127,5,1
420121,420122,420127,5,1
420121,420122,420127,5,1
420121,420122,420128,6,1
420121,420122,420127,5,1
420121,420122,420128,6,1
420121,420122,420127,5,1
420121,420122,420127,5,1
420121,420122,420127,5,1
420121,420122,420127,5,1
420121,420122,420127,5,1
420121,420122,420127,5,1
420121,420122,420128,6,1
420121,420122,420127,5,1
420121,420122,420127,5,1
420121,420122,420127,5,1
420121,420122,420127,5,1
420121,420122,420127,5,1
420121,420122,420127,5,1
420121,420122,420128,6,1
420121,420122,420128,6,1
420121,420122,420127,5,1
420121,420122,420127,5,1
420121,420122,420127,5,1
420121,420122,420127,5,1
420121,420122,420127,5,1
420121,420122,420127,5,1
420121,420122,420127,5,1
420121,420122,420127,5,1
420121,420122,420127,5,1
420121,420122,420127,5,1
420121,420122,420127,5,1
420121,420122,420127,5,1
420121,420122,420127,5,1
420121,420122,420127,5,1
420121,420122,420127,5,1
420121,420122,420127,5,1
420121,420122,420127,5,1
420121,420122,420127,5,1
420121,420122,420127,5,1
420121,420122,420128,6,1
420121,420122,420127,5,1
420121,420122,420127,5,1
420121,420122,420128,6,1
420121,420122,420128,6,1
420121,420127,420128,1,6
420121,420122,420128,6,1
420121,420122,420128,6,1
420121,420128,420130,2,7
420121,420128,420133,5,7
420121,420128,420133,5,7
420121,420128,420133,5,7
420121,420128,420133,5,7
420121,420128,420133,5,7
420121,420128,420133,5,7
420121,420128,420133,5,7
420121,420128,420134,6,7
420121,420128,420133,5,7
420121,420128,420133,5,7
420121,420128,420133,5,7
420121,420128,420133,5,7
420121,420128,420133,5,7
420121,420128,420133,5,7
420121,420128,420133,5,7
420121,420128,420133,5,7
420121,420128,420133,5,7
420121,420128,420133,5,7
420121,420128,420133,5,7
420121,420128,420133,5,7
420121,420128,420133,5,7
420121,420128,420133,5,7
420121,420128,420133,5,7
420121,420128,420133,5,7
420121,420128,420133,5,7
420121,420128,420134,6,7
420121,420128,420133,5,7
420121,420128,420133,5,7
420121,420128,420134,6,7
420121,420128,420134,6,7
420121,420128,420133,5,7
420121,420128,420133,5,7
420121,420128,420133,5,7
420121,420128,420133,5,7
420121,420128,420133,5,7
420121,420128,420133,5,7
420121,420128,420133,5,7
420121,420128,420133,5,7
420121,420129,420134,5,8
420121,420128,420133,5,7
420121,420128,420133,5,7
420121,420128,420133,5,7
420121,420128,420133,5,7
420121,420128,420133,5,7
420121,420128,420133,5,7
420121,420128,420133,5,7
420121,420128,420133,5,7
420121,420128,420133,5,7
420121,420128,420134,6,7
420121,420128,420133,5,7
420121,420128,420133,5,7
420121,420128,420134,6,7
420121,420128,420134,6,7
420121,420128,420133,5,7
420121,420128,420133,5,7
420121,420128,420133,5,7
420121,420128,420133,5,7
420121,420128,420134,6,7
420121,420128,420133,5,7
420121,420128,420134,6,7
420121,420129,420134,5,8
420121,420128,420133,5,7
420121,420128,420134,6,7
420121,420128,420133,5,7
420121,420128,420133,5,7
420121,420129,420134,5,8
420121,420128,420134,6,7
420121,420128,420134,6,7
420121,420128,420134,6,7
420121,420128,420134,6,7
420121,420129,420134,5,8
420121,420129,420134,5,8
420121,420129,420134,5,8
420121,420133,420135,2,12
420121,420133,420135,2,12
420121,420133,420135,2,12
420121,420133,420135,2,12
420121,420128,420134,6,7
420121,420128,420134,6,7
420121,420128,420134,6,7
420121,420133,420135,2,12
420121,420128,420134,6,7
420121,420128,420134,6,7
420121,420129,420134,5,8
420121,420130,420134,4,9
420121,420133,420135,2,12
420121,420133,420135,2,12
420121,420134,420135,1,13
420121,420134,420136,2,13
420121,420134,420136,2,13
420121,420134,420136,2,13
420121,420134,420137,3,13
420121,420134,420137,3,13
420121,420134,420137,3,13
420121,420134,420137,3,13
420121,420134,420137,3,13
420121,420134,420137,3,13
420121,420134,420137,3,13
420121,420134,420137,3,13
420121,420134,420137,3,13
420121,420134,420137,3,13
420121,420134,420137,3,13
420121,420134,420137,3,13
420121,420134,420137,3,13
420121,420134,420137,3,13
420121,420134,420137,3,13
420121,420134,420137,3,13
420121,420134,420137,3,13
420121,420134,420138,4,13
420121,420134,420138,4,13
420121,420134,420138,4,13
420121,420134,420138,4,13
420121,420134,420137,3,13
420121,420134,420138,4,13
420121,420134,420138,4,13
420121,420134,420138,4,13
420121,420134,420137,3,13
420121,420134,420138,4,13
420143,420143,420148,5,0
420143,420143,420149,6,0
420143,420143,420149,6,0
420143,420143,420149,6,0
420143,420143,420149,6,0
420143,420143,420149,6,0
420143,420143,420149,6,0
420143,420143,420149,6,0
420143,420143,420149,6,0
420143,420143,420149,6,0
420143,420143,420149,6,0
420143,420143,420149,6,0
420143,420143,420149,6,0
420143,420143,420149,6,0
420143,420143,420149,6,0
420143,420143,420149,6,0
420143,420143,420149,6,0
420143,420143,420149,6,0
420143,420143,420149,6,0
420143,420143,420149,6,0
420143,420143,420149,6,0
420143,420143,420149,6,0
420143,420143,420149,6,0
420143,420143,420149,6,0
420143,420143,420149,6,0
420143,420143,420149,6,0
420143,420143,420149,6,0
420143,420143,420149,6,0
420143,420143,420149,6,0
420143,420143,420149,6,0
420143,420143,420149,6,0
420143,420143,420149,6,0
420143,420143,420149,6,0
420143,420143,420149,6,0
420143,420143,420149,6,0
420143,420143,420149,6,0
420143,420143,420149,6,0
420143,420143,420149,6,0
420143,420143,420149,6,0
420143,420143,420149,6,0
420143,420143,420149,6,0
420143,420143,420149,6,0
420143,420143,420149,6,0
420143,420143,420149,6,0
420143,420143,420149,6,0
420143,420143,420149,6,0
420143,420143,420149,6,0
420143,420143,420149,6,0
420143,420143,420149,6,0
420143,420143,420149,6,0
420143,420143,420149,6,0
420143,420144,420149,5,1
420143,420143,420149,6,0
420143,420143,420149,6,0
420143,420143,420149,6,0
420143,420143,420149,6,0
420143,420143,420149,6,0
420143,420143,420149,6,0
420143,420143,420149,6,0
420143,420143,420149,6,0
420143,420143,420150,7,0
420143,420143,420150,7,0
420143,420143,420150,7,0
420143,420143,420150,7,0
420143,420143,420150,7,0
420143,420143,420150,7,0
420143,420143,420150,7,0
420143,420143,420150,7,0
420143,420143,420150,7,0
420143,420143,420150,7,0
420143,420148,420150,2,5
420143,420143,420150,7,0
420143,420143,420150,7,0
420143,420150,420152,2,7
420143,420150,420154,4,7
420143,420150,420154,4,7
420143,420150,420154,4,7
420143,420150,420154,4,7
420143,420150,420154,4,7
420143,420150,420154,4,7
420143,420150,420154,4,7
420143,420150,420154,4,7
420143,420150,420154,4,7
420143,420150,420154,4,7
420143,420150,420154,4,7
420143,420150,420154,4,7
420143,420150,420154,4,7
420143,420150,420154,4,7
420143,420150,420154,4,7
420143,420150,420154,4,7
420143,420150,420154,4,7
420143,420150,420154,4,7
420143,420150,420154,4,7
420143,420150,420154,4,7
420143,420150,420154,4,7
420143,420150,420154,4,7
420143,420150,420154,4,7
420143,420150,420154,4,7
420143,420150,420154,4,7
420143,420150,420154,4,7
420143,420150,420154,4,7
420143,420150,420154,4,7
420143,420150,420154,4,7
420143,420150,420154,4,7
420143,420150,420154,4,7
420143,420150,420154,4,7
420143,420150,420154,4,7
420143,420150,420155,5,7
420143,420150,420154,4,7
420143,420150,420154,4,7
420143,420150,420155,5,7
420143,420150,420154,4,7
420143,420150,420154,4,7
420143,420150,420154,4,7
420143,420150,420154,4,7
420143,420150,420154,4,7
420143,420151,420155,4,8
420143,420151,420155,4,8
420143,420151,420155,4,8
420143,420153,420155,2,10
420143,420150,420154,4,7
420143,420150,420154,4,7
420143,420150,420154,4,7
420143,420150,420154,4,7
420143,420150,420154,4,7
420143,420150,420154,4,7
420143,420150,420155,5,7
420143,420150,420155,5,7
420143,420150,420154,4,7
420143,420150,420154,4,7
420143,420150,420154,4,7
420143,420150,420154,4,7
420143,420150,420154,4,7
420143,420150,420154,4,7
420143,420150,420154,4,7
420143,420150,420154,4,7
420143,420150,420154,4,7
420143,420150,420154,4,7
420143,420150,420154,4,7
420143,420151,420155,4,8
420143,420150,420155,5,7
420143,420150,420155,5,7
420143,420150,420154,4,7
420143,420150,420155,5,7
420143,420151,420155,4,8
420143,420151,420155,4,8
420143,420154,420156,2,11
420143,420154,420155,1,11
420143,420154,420156,2,11
420143,420154,420156,2,11
420143,420154,420156,2,11
420143,420154,420156,2,11
420143,420154,420156,2,11
420143,420154,420156,2,11
420143,420154,420156,2,11
420143,420154,420156,2,11
420143,420154,420156,2,11
420143,420154,420156,2,11
420143,420154,420156,2,11
420143,420154,420156,2,11
420143,420155,420157,2,12
420143,420155,420158,3,12
420143,420155,420158,3,12
420143,420155,420158,3,12
420143,420155,420157,2,12
420143,420155,420157,2,12
420143,420155,420158,3,12
420143,420155,420157,2,12
420143,420155,420158,3,12
420143,420155,420158,3,12
420143,420155,420158,3,12
420143,420155,420158,3,12
420143,420155,420157,2,12
420143,420155,420158,3,12
420143,420155,420158,3,12
420143,420155,420158,3,12
420143,420155,420157,2,12
420143,420155,420158,3,12
420143,420155,420158,3,12
420143,420155,420158,3,12
420143,420155,420158,3,12
420143,420155,420158,3,12
420143,420155,420158,3,12
420143,420155,420158,3,12
420143,420155,420157,2,12
420143,420155,420158,3,12
420143,420155,420158,3,12
420143,420155,420158,3,12
420143,420155,420158,3,12
420143,420155,420158,3,12
420143,420155,420158,3,12
420143,420155,420158,3,12
420143,420143,420149,6,0
420143,420143,420149,6,0
420143,420143,420149,6,0
420143,420143,420149,6,0
420143,420143,420149,6,0
420143,420143,420149,6,0
420143,420143,420149,6,0
420143,420143,420149,6,0
420194,420194,420199,5,0
420194,420194,420199,5,0
420194,420194,420199,5,0
420194,420194,420199,5,0
420194,420194,420199,5,0
420194,420194,420199,5,0
420194,420194,420199,5,0
420194,420194,420199,5,0
420194,420194,420199,5,0
420194,420194,420199,5,0
420194,420194,420199,5,0
420194,420194,420199,5,0
420194,420194,420199,5,0
420194,420194,420199,5,0
420194,420194,420199,5,0
420194,420194,420199,5,0
420194,420194,420199,5,0
420194,420194,420199,5,0
420194,420194,420199,5,0
420194,420194,420199,5,0
420194,420194,420199,5,0
420194,420194,420199,5,0
420194,420194,420199,5,0
420194,420194,420199,5,0
420194,420194,420199,5,0
420194,420194,420199,5,0
420194,420194,420199,5,0
420194,420194,420199,5,0
420194,420194,420199,5,0
420194,420194,420199,5,0
420194,420194,420199,5,0
420194,420194,420199,5,0
420194,420194,420199,5,0
420194,420194,420199,5,0
420194,420194,420199,5,0
420194,420194,420199,5,0
420194,420194,420199,5,0
420194,420194,420199,5,0
420194,420194,420199,5,0
420194,420194,420199,5,0
420194,420194,420199,5,0
420194,420194,420199,5,0
420194,420194,420199,5,0
420194,420194,420199,5,0
420194,420194,420199,5,0
420194,420194,420199,5,0
420194,420194,420199,5,0
420194,420194,420200,6,0
420194,420194,420200,6,0
420194,420194,420200,6,0
420194,420194,420200,6,0
420194,420194,420200,6,0
420194,420194,420199,5,0
420194,420194,420199,5,0
420194,420194,420200,6,0
420194,420194,420200,6,0
420194,420194,420200,6,0
420194,420194,420200,6,0
420194,420194,420200,6,0
420194,420194,420200,6,0
420194,420194,420199,5,0
420194,420194,420200,6,0
420194,420194,420201,7,0
420194,420194,420200,6,0
420194,420194,420200,6,0
420194,420194,420200,6,0
420194,420194,420200,6,0
420194,420194,420200,6,0
420194,420194,420201,7,0
420194,420194,420200,6,0
420194,420194,420200,6,0
420194,420194,420200,6,0
420194,420194,420200,6,0
420194,420194,420200,6,0
420194,420194,420200,6,0
420194,420194,420200,6,0
420194,420194,420200,6,0
420194,420194,420201,7,0
420194,420194,420201,7,0
420194,420194,420200,6,0
420194,420199,420201,2,5
420194,420199,420203,4,5
420194,420199,420204,5,5
420194,420200,420204,4,6
420194,420200,420203,3,6
420194,420200,420205,5,6
420194,420200,420204,4,6
420194,420200,420204,4,6
420194,420199,420204,5,5
420194,420200,420204,4,6
420194,420200,420204,4,6
420194,420200,420204,4,6
420194,420200,420204,4,6
420194,420199,420204,5,5
420194,420200,420204,4,6
420194,420201,420204,3,7
420194,420200,420204,4,6
420194,420201,420204,3,7
420194,420199,420204,5,5
420194,420200,420204,4,6
420194,420200,420204,4,6
420194,420200,420204,4,6
420194,420200,420204,4,6
420194,420200,420204,4,6
420194,420200,420204,4,6
420194,420200,420204,4,6
420194,420200,420204,4,6
420194,420200,420204,4,6
420194,420200,420204,4,6
420194,420200,420204,4,6
420194,420201,420204,3,7
420194,420201,420204,3,7
420194,420201,420204,3,7
420194,420200,420204,4,6
420194,420200,420204,4,6
420194,420200,420204,4,6
420194,420200,420204,4,6
420194,420200,420204,4,6
420194,420201,420204,3,7
420194,420201,420204,3,7
420194,420201,420204,3,7
420194,420200,420204,4,6
420194,420200,420204,4,6
420194,420200,420204,4,6
420194,420200,420204,4,6
420194,420201,420204,3,7
420194,420201,420205,4,7
420194,420200,420204,4,6
420194,420200,420204,4,6
420194,420200,420204,4,6
420194,420200,420204,4,6
420194,420200,420204,4,6
420194,420201,420205,4,7
420194,420201,420204,3,7
420194,420200,420204,4,6
420194,420200,420204,4,6
420194,420200,420204,4,6
420194,420200,420204,4,6
420194,420200,420204,4,6
420194,420200,420204,4,6
420194,420200,420205,5,6
420194,420200,420205,5,6
420194,420200,420205,5,6
420194,420202,420205,3,8
420194,420202,420206,4,8
420194,420201,420205,4,7
420194,420201,420205,4,7
420194,420201,420205,4,7
420194,420201,420205,4,7
420194,420201,420206,5,7
420194,420201,420206,5,7
420194,420201,420205,4,7
420194,420201,420206,5,7
420194,420204,420206,2,10
420194,420201,420205,4,7
420194,420201,420205,4,7
420194,420201,420205,4,7
420194,420202,420206,4,8
420194,420201,420205,4,7
420194,420204,420206,2,10
420194,420204,420206,2,10
420194,420204,420206,2,10
420194,420200,420206,6,6
420194,420202,420206,4,8
420194,420205,420207,2,11
420194,420205,420207,2,11
420194,420205,420207,2,11
420194,420205,420207,2,11
420194,420201,420206,5,7
420194,420205,420207,2,11
420194,420205,420207,2,11
420194,420205,420207,2,11
420194,420205,420207,2,11
420194,420205,420207,2,11
420194,420205,420207,2,11
420194,420205,420207,2,11
420194,420205,420207,2,11
420194,420205,420208,3,11
420194,420205,420207,2,11
420194,420205,420207,2,11
420194,420205,420207,2,11
420194,420205,420207,2,11
420194,420205,420208,3,11
420194,420205,420207,2,11
420194,420205,420208,3,11
420194,420205,420208,3,11
420194,420205,420208,3,11
420194,420205,420207,2,11
420194,420205,420207,2,11
420194,420205,420207,2,11
420194,420205,420208,3,11
420194,420205,420208,3,11
420194,420205,420208,3,11
420194,420205,420207,2,11
420194,420205,420208,3,11
420194,420205,420208,3,11
420194,420205,420208,3,11
420194,420205,420208,3,11
420194,420205,420208,3,11
420194,420205,420208,3,11
420213,420213,420218,5,0
420213,420213,420218,5,0
420213,420213,420218,5,0
420213,420213,420218,5,0
420213,420213,420218,5,0
420213,420213,420218,5,0
420213,420213,420218,5,0
420213,420213,420218,5,0
420213,420213,420218,5,0
420213,420213,420218,5,0
420213,420213,420218,5,0
420213,420213,420218,5,0
420213,420213,420218,5,0
420213,420213,420218,5,0
420213,420213,420218,5,0
420213,420213,420218,5,0
420213,420213,420218,5,0
420213,420213,420218,5,0
420213,420213,420218,5,0
420213,420213,420218,5,0
420213,420213,420218,5,0
420213,420213,420218,5,0
420213,420213,420218,5,0
420213,420213,420218,5,0
420213,420213,420218,5,0
420213,420213,420218,5,0
420213,420213,420218,5,0
420213,420213,420218,5,0
420213,420213,420218,5,0
420213,420213,420218,5,0
420213,420213,420218,5,0
420213,420213,420218,5,0
420213,420213,420218,5,0
420213,420213,420218,5,0
420213,420213,420218,5,0
420213,420213,420218,5,0
420213,420213,420218,5,0
420213,420213,420218,5,0
420213,420213,420218,5,0
420213,420213,420218,5,0
420213,420213,420218,5,0
420213,420213,420218,5,0
420213,420213,420218,5,0
420213,420213,420218,5,0
420213,420213,420218,5,0
420213,420213,420218,5,0
420213,420213,420218,5,0
420213,420213,420218,5,0
420213,420213,420218,5,0
420213,420213,420218,5,0
420213,420213,420218,5,0
420213,420213,420218,5,0
420213,420213,420218,5,0
420213,420213,420218,5,0
420213,420213,420218,5,0
420213,420213,420218,5,0
420213,420213,420218,5,0
420213,420213,420218,5,0
420213,420213,420218,5,0
420213,420213,420218,5,0
420213,420213,420218,5,0
420213,420213,420218,5,0
420213,420213,420219,6,0
420213,420213,420219,6,0
420213,420213,420219,6,0
420213,420213,420219,6,0
420213,420213,420219,6,0
420213,420213,420219,6,0
420213,420213,420219,6,0
420213,420213,420219,6,0
420213,420213,420219,6,0
420213,420213,420219,6,0
420213,420213,420219,6,0
420213,420213,420219,6,0
420213,420213,420219,6,0
420213,420213,420219,6,0
420213,420213,420219,6,0
420213,420213,420219,6,0
420213,420213,420219,6,0
420213,420213,420219,6,0
420213,420219,420223,4,6
420213,420219,420224,5,6
420213,420219,420224,5,6
420213,420219,420224,5,6
420213,420219,420224,5,6
420213,420219,420224,5,6
420213,420219,420224,5,6
420213,420219,420223,4,6
420213,420219,420224,5,6
420213,420219,420224,5,6
420213,420220,420224,4,7
420213,420219,420224,5,6
420213,420219,420224,5,6
420213,420219,420224,5,6
420213,420219,420224,5,6
420213,420219,420224,5,6
420213,420219,420224,5,6
420213,420219,420224,5,6
420213,420219,420224,5,6
420213,420219,420224,5,6
420213,420219,420224,5,6
420213,420219,420224,5,6
420213,420219,420224,5,6
420213,420219,420224,5,6
420213,420219,420224,5,6
420213,420219,420224,5,6
420213,420219,420224,5,6
420213,420219,420224,5,6
420213,420219,420224,5,6
420213,420219,420224,5,6
420213,420219,420224,5,6
420213,420219,420224,5,6
420213,420219,420224,5,6
420213,420219,420224,5,6
420213,420219,420224,5,6
420213,420219,420224,5,6
420213,420219,420224,5,6
420213,420219,420224,5,6
420213,420219,420224,5,6
420213,420219,420224,5,6
420213,420219,420224,5,6
420213,420219,420224,5,6
420213,420219,420224,5,6
420213,420219,420224,5,6
420213,420219,420224,5,6
420213,420219,420225,6,6
420213,420219,420225,6,6
420213,420219,420224,5,6
420213,420219,420224,5,6
420213,420219,420224,5,6
420213,420219,420224,5,6
420213,420219,420224,5,6
420213,420219,420224,5,6
420213,420219,420224,5,6
420213,420220,420225,5,7
420213,420220,420224,4,7
420213,420220,420225,5,7
420213,420220,420225,5,7
420213,420219,420224,5,6
420213,420219,420224,5,6
420213,420219,420224,5,6
420213,420219,420224,5,6
420213,420219,420224,5,6
420213,420220,420224,4,7
420213,420219,420224,5,6
420213,420219,420224,5,6
420213,420220,420225,5,7
420213,420220,420224,4,7
420213,420220,420224,4,7
420213,420219,420225,6,6
420213,420219,420224,5,6
420213,420220,420225,5,7
420213,420219,420224,5,6
420213,420219,420224,5,6
420213,420219,420225,6,6
420213,420219,420225,6,6
420213,420220,420225,5,7
420213,420223,420225,2,10
420213,420224,420226,2,11
420213,420220,420226,6,7
420213,420219,420225,6,6
420213,420220,420225,5,7
420213,420224,420226,2,11
420213,420224,420226,2,11
420213,420224,420226,2,11
420213,420224,420226,2,11
420213,420224,420226,2,11
420213,420224,420226,2,11
420213,420224,420226,2,11
420213,420224,420227,3,11
420213,420224,420227,3,11
420213,420224,420226,2,11
420213,420224,420227,3,11
420213,420224,420227,3,11
420213,420224,420227,3,11
420213,420224,420227,3,11
420213,420224,420226,2,11
420213,420224,420227,3,11
420213,420224,420227,3,11
420213,420224,420227,3,11
420213,420224,420227,3,11
420213,420224,420227,3,11
420213,420224,420227,3,11
420213,420224,420227,3,11
420213,420224,420227,3,11
420213,420224,420227,3,11
420213,420224,420227,3,11
420213,420224,420227,3,11
420213,420224,420227,3,11
420213,420224,420227,3,11
420213,420224,420226,2,11
420213,420224,420227,3,11
420213,420224,420227,3,11
420213,420224,420227,3,11
420213,420224,420226,2,11
420213,420224,420227,3,11
420213,420224,420227,3,11
420213,420224,420227,3,11
420213,420224,420227,3,11
420213,420224,420227,3,11
420233,420233,420238,5,0
420233,420233,420238,5,0
420233,420233,420238,5,0
420233,420233,420238,5,0
420233,420233,420238,5,0
420233,420233,420238,5,0
420233,420233,420238,5,0
420233,420233,420238,5,0
420233,420233,420238,5,0
420233,420233,420237,4,0
420233,420233,420238,5,0
420233,420233,420238,5,0
420233,420233,420238,5,0
420233,420233,420238,5,0
420233,420233,420238,5,0
420233,420233,420238,5,0
420233,420233,420238,5,0
420233,420233,420238,5,0
420233,420233,420238,5,0
420233,420233,420238,5,0
420233,420233,420238,5,0
420233,420233,420238,5,0
420233,420233,420238,5,0
420233,420233,420238,5,0
420233,420233,420238,5,0
420233,420233,420238,5,0
420233,420233,420238,5,0
420233,420233,420238,5,0
420233,420233,420238,5,0
420233,420233,420238,5,0
420233,420233,420238,5,0
420233,420233,420238,5,0
420233,420233,420238,5,0
420233,420233,420238,5,0
420233,420233,420238,5,0
420233,420233,420238,5,0
420233,420233,420238,5,0
420233,420233,420238,5,0
420233,420233,420238,5,0
420233,420233,420239,6,0
420233,420233,420238,5,0
420233,420233,420239,6,0
420233,420233,420238,5,0
420233,420233,420238,5,0
420233,420233,420238,5,0
420233,420233,420238,5,0
420233,420233,420238,5,0
420233,420233,420239,6,0
420233,420233,420238,5,0
420233,420233,420238,5,0
420233,420233,420238,5,0
420233,420233,420238,5,0
420233,420233,420239,6,0
420233,420233,420238,5,0
420233,420233,420238,5,0
420233,420233,420238,5,0
420233,420233,420238,5,0
420233,420233,420238,5,0
420233,420233,420239,6,0
420233,420233,420239,6,0
420233,420233,420238,5,0
420233,420233,420238,5,0
420233,420233,420238,5,0
420233,420233,420238,5,0
420233,420233,420239,6,0
420233,420233,420238,5,0
420233,420233,420238,5,0
420233,420233,420238,5,0
420233,420233,420238,5,0
420233,420233,420239,6,0
420233,420233,420238,5,0
420233,420233,420238,5,0
420233,420233,420238,5,0
420233,420233,420238,5,0
420233,420233,420239,6,0
420233,420233,420240,7,0
420233,420233,420240,7,0
420233,420233,420239,6,0
420233,420233,420239,6,0
420233,420233,420239,6,0
420233,420238,420241,3,5
420233,420238,420241,3,5
420233,420238,420241,3,5
420233,420238,420242,4,5
420233,420238,420242,4,5
420233,420238,420242,4,5
420233,420239,420243,4,6
420233,420239,420243,4,6
420233,420239,420243,4,6
420233,420239,420243,4,6
420233,420239,420243,4,6
420233,420239,420242,3,6
420233,420239,420243,4,6
420233,420238,420243,5,5
420233,420238,420243,5,5
420233,420238,420243,5,5
420233,420238,420243,5,5
420233,420238,420243,5,5
420233,420238,420243,5,5
420233,420238,420243,5,5
420233,420238,420243,5,5
420233,420238,420243,5,5
420233,420238,420243,5,5
420233,420238,420243,5,5
420233,420238,420243,5,5
420233,420238,420243,5,5
420233,420238,420242,4,5
420233,420239,420243,4,6
420233,420239,420243,4,6
420233,420239,420243,4,6
420233,420238,420243,5,5
420233,420238,420243,5,5
420233,420239,420243,4,6
420233,420239,420243,4,6
420233,420238,420243,5,5
420233,420238,420243,5,5
420233,420238,420243,5,5
420233,420238,420243,5,5
420233,420238,420243,5,5
420233,420239,420243,4,6
420233,420239,420243,4,6
420233,420238,420243,5,5
420233,420239,420243,4,6
420233,420239,420243,4,6
420233,420239,420243,4,6
420233,420239,420243,4,6
420233,420239,420243,4,6
420233,420238,420243,5,5
420233,420238,420243,5,5
420233,420238,420243,5,5
420233,420238,420242,4,5
420233,420239,420243,4,6
420233,420239,420243,4,6
420233,420239,420243,4,6
420233,420239,420243,4,6
420233,420238,420243,5,5
420233,420238,420243,5,5
420233,420238,420243,5,5
420233,420239,420243,4,6
420233,420239,420243,4,6
420233,420240,420244,4,7
420233,420240,420244,4,7
420233,420239,420244,5,6
420233,420239,420244,5,6
420233,420239,420243,4,6
420233,420239,420244,5,6
420233,420241,420244,3,8
420233,420240,420244,4,7
420233,420242,420244,2,9
420233,420239,420243,4,6
420233,420239,420243,4,6
420233,420240,420244,4,7
420233,420241,420244,3,8
420233,420239,420243,4,6
420233,420239,420244,5,6
420233,420239,420244,5,6
420233,420242,420244,2,9
420233,420239,420244,5,6
420233,420239,420243,4,6
420233,420239,420244,5,6
420233,420239,420244,5,6
420233,420240,420244,4,7
420233,420242,420244,2,9
420233,420240,420244,4,7
420233,420239,420245,6,6
420233,420242,420245,3,9
420233,420243,420245,2,10
420233,420243,420245,2,10
420233,420243,420245,2,10
420233,420243,420245,2,10
420233,420243,420246,3,10
420233,420243,420246,3,10
420233,420243,420246,3,10
420233,420243,420246,3,10
420233,420243,420246,3,10
420233,420243,420246,3,10
420233,420243,420246,3,10
420233,420243,420246,3,10
420233,420243,420246,3,10
420233,420243,420245,2,10
420233,420243,420246,3,10
420233,420243,420246,3,10
420233,420243,420245,2,10
420233,420243,420246,3,10
420233,420243,420246,3,10
420233,420243,420246,3,10
420233,420243,420246,3,10
420233,420243,420246,3,10
420233,420243,420246,3,10
420233,420243,420246,3,10
420233,420243,420246,3,10
420233,420243,420246,3,10
420233,420243,420246,3,10
420233,420243,420246,3,10
420233,420243,420246,3,10
420233,420243,420246,3,10
420233,420243,420246,3,10
420233,420243,420246,3,10
420233,420243,420246,3,10
420233,420243,420246,3,10
420251,420252,420256,4,1
420251,420252,420257,5,1
420251,420252,420256,4,1
420251,420252,420257,5,1
420251,420252,420258,6,1
420251,420252,420258,6,1
420251,420252,420257,5,1
420251,420252,420257,5,1
420251,420252,420257,5,1
420251,420252,420257,5,1
420251,420252,420257,5,1
420251,420252,420257,5,1
420251,420252,420258,6,1
420251,420252,420258,6,1
420251,420252,420257,5,1
420251,420252,420257,5,1
420251,420252,420257,5,1
420251,420252,420257,5,1
420251,420252,420257,5,1
420251,420252,420257,5,1
420251,420252,420258,6,1
420251,420252,420258,6,1
420251,420252,420257,5,1
420251,420252,420257,5,1
420251,420252,420257,5,1
420251,420252,420257,5,1
420251,420252,420257,5,1
420251,420252,420257,5,1
420251,420252,420257,5,1
420251,420252,420257,5,1
420251,420252,420257,5,1
420251,420252,420257,5,1
420251,420252,420257,5,1
420251,420252,420257,5,1
420251,420252,420257,5,1
420251,420252,420257,5,1
420251,420252,420257,5,1
420251,420252,420257,5,1
420251,420252,420257,5,1
420251,420252,420257,5,1
420251,420252,420257,5,1
420251,420252,420257,5,1
420251,420252,420257,5,1
420251,420252,420258,6,1
420251,420252,420257,5,1
420251,420252,420257,5,1
420251,420252,420257,5,1
420251,420252,420257,5,1
420251,420252,420257,5,1
420251,420252,420257,5,1
420251,420252,420257,5,1
420251,420252,420257,5,1
420251,420252,420257,5,1
420251,420252,420257,5,1
420251,420252,420257,5,1
420251,420252,420258,6,1
420251,420252,420257,5,1
420251,420252,420257,5,1
420251,420252,420258,6,1
420251,420252,420257,5,1
420251,420252,420257,5,1
420251,420252,420257,5,1
420251,420252,420257,5,1
420251,420252,420257,5,1
420251,420252,420257,5,1
420251,420252,420257,5,1
420251,420252,420257,5,1
420251,420252,420257,5,1
420251,420252,420257,5,1
420251,420252,420257,5,1
420251,420252,420257,5,1
420251,420252,420257,5,1
420251,420252,420257,5,1
420251,420252,420258,6,1
420251,420252,420258,6,1
420251,420252,420258,6,1
420251,420252,420258,6,1
420251,420252,420258,6,1
420251,420252,420258,6,1
420251,420252,420258,6,1
420251,420257,420258,1,6
420251,420257,420258,1,6
420251,420257,420258,1,6
420251,420258,420260,2,7
420251,420258,420262,4,7
420251,420258,420263,5,7
420251,420258,420263,5,7
420251,420259,420263,4,8
420251,420258,420262,4,7
420251,420258,420262,4,7
420251,420258,420262,4,7
420251,420258,420262,4,7
420251,420258,420262,4,7
420251,420258,420262,4,7
420251,420258,420262,4,7
420251,420258,420263,5,7
420251,420258,420262,4,7
420251,420258,420262,4,7
420251,420258,420262,4,7
420251,420258,420262,4,7
420251,420258,420262,4,7
420251,420258,420263,5,7
420251,420258,420262,4,7
420251,420258,420263,5,7
420251,420258,420262,4,7
420251,420258,420262,4,7
420251,420258,420262,4,7
420251,420258,420262,4,7
420251,420258,420262,4,7
420251,420258,420263,5,7
420251,420258,420263,5,7
420251,420258,420262,4,7
420251,420258,420262,4,7
420251,420258,420262,4,7
420251,420258,420262,4,7
420251,420258,420263,5,7
420251,420258,420263,5,7
420251,420258,420263,5,7
420251,420258,420263,5,7
420251,420258,420262,4,7
420251,420258,420262,4,7
420251,420258,420262,4,7
420251,420258,420262,4,7
420251,420258,420262,4,7
420251,420258,420262,4,7
420251,420258,420263,5,7
420251,420259,420263,4,8
420251,420258,420262,4,7
420251,420258,420262,4,7
420251,420258,420262,4,7
420251,420258,420262,4,7
420251,420258,420262,4,7
420251,420258,420263,5,7
420251,420258,420263,5,7
420251,420259,420263,4,8
420251,420258,420262,4,7
420251,420258,420262,4,7
420251,420258,420262,4,7
420251,420258,420262,4,7
420251,420258,420262,4,7
420251,420258,420262,4,7
420251,420258,420262,4,7
420251,420258,420263,5,7
420251,420258,420262,4,7
420251,420258,420262,4,7
420251,420258,420262,4,7
420251,420258,420262,4,7
420251,420258,420262,4,7
420251,420258,420262,4,7
420251,420259,420263,4,8
420251,420259,420263,4,8
420251,420258,420262,4,7
420251,420258,420262,4,7
420251,420258,420262,4,7
420251,420258,420262,4,7
420251,420258,420262,4,7
420251,420258,420262,4,7
420251,420258,420263,5,7
420251,420259,420263,4,8
420251,420259,420264,5,8
420251,420259,420264,5,8
420251,420259,420263,4,8
420251,420259,420264,5,8
420251,420260,420264,4,9
420251,420262,420264,2,11
420251,420263,420265,2,12
420251,420263,420265,2,12
420251,420263,420265,2,12
420251,420263,420266,3,12
420251,420263,420266,3,12
420251,420263,420266,3,12
420251,420263,420266,3,12
420251,420263,420266,3,12
420251,420263,420266,3,12
420251,420263,420266,3,12
420251,420263,420266,3,12
420251,420263,420266,3,12
420251,420263,420266,3,12
420251,420263,420266,3,12
420251,420263,420266,3,12
420251,420263,420266,3,12
420251,420263,420266,3,12
420251,420263,420266,3,12
420251,420263,420266,3,12
420251,420263,420266,3,12
420251,420263,420266,3,12
420251,420263,420266,3,12
420251,420263,420266,3,12
420251,420263,420266,3,12
420251,420263,420266,3,12
420251,420263,420266,3,12
420251,420263,420266,3,12
420251,420263,420266,3,12
420251,420263,420266,3,12
420251,420263,420266,3,12
420251,420263,420267,4,12
420251,420263,420267,4,12
420251,420263,420266,3,12
420251,420263,420267,4,12
420251,420263,420267,4,12
420272,420272,420276,4,0
420272,420272,420276,4,0
420272,420272,420276,4,0
420272,420272,420277,5,0
420272,420272,420277,5,0
420272,420272,420277,5,0
420272,420272,420277,5,0
420272,420272,420277,5,0
420272,420272,420277,5,0
420272,420272,420277,5,0
420272,420272,420277,5,0
420272,420272,420277,5,0
420272,420272,420277,5,0
420272,420272,420277,5,0
420272,420272,420277,5,0
420272,420272,420277,5,0
420272,420272,420277,5,0
420272,420272,420277,5,0
420272,420272,420278,6,0
420272,420272,420278,6,0
420272,420272,420277,5,0
420272,420272,420277,5,0
420272,420272,420277,5,0
420272,420272,420277,5,0
420272,420272,420277,5,0
420272,420272,420277,5,0
420272,420272,420277,5,0
420272,420272,420277,5,0
420272,420272,420277,5,0
420272,420272,420277,5,0
420272,420272,420277,5,0
420272,420272,420277,5,0
420272,420272,420277,5,0
420272,420272,420277,5,0
420272,420272,420277,5,0
420272,420272,420277,5,0
420272,420272,420277,5,0
420272,420272,420277,5,0
420272,420272,420277,5,0
420272,420272,420277,5,0
420272,420272,420277,5,0
420272,420272,420278,6,0
420272,420272,420278,6,0
420272,420272,420278,6,0
420272,420272,420277,5,0
420272,420272,420277,5,0
420272,420272,420277,5,0
420272,420272,420277,5,0
420272,420272,420277,5,0
420272,420272,420277,5,0
420272,420272,420277,5,0
420272,420272,420277,5,0
420272,420272,420277,5,0
420272,420272,420277,5,0
420272,420272,420277,5,0
420272,420272,420277,5,0
420272,420272,420277,5,0
420272,420272,420278,6,0
420272,420272,420278,6,0
420272,420272,420277,5,0
420272,420272,420277,5,0
420272,420272,420277,5,0
420272,420272,420277,5,0
420272,420272,420277,5,0
420272,420272,420277,5,0
420272,420272,420277,5,0
420272,420272,420277,5,0
420272,420272,420277,5,0
420272,420272,420277,5,0
420272,420272,420277,5,0
420272,420272,420277,5,0
420272,420272,420277,5,0
420272,420272,420277,5,0
420272,420272,420277,5,0
420272,420272,420277,5,0
420272,420272,420277,5,0
420272,420272,420278,6,0
420272,420272,420277,5,0
420272,420272,420277,5,0
420272,420272,420277,5,0
420272,420277,420278,1,5
420272,420277,420278,1,5
420272,420277,420279,2,5
420272,420277,420278,1,5
420272,420278,420282,4,6
420272,420278,420282,4,6
420272,420278,420282,4,6
420272,420278,420282,4,6
420272,420278,420282,4,6
420272,420278,420282,4,6
420272,420278,420282,4,6
420272,420278,420282,4,6
420272,420278,420282,4,6
420272,420278,420282,4,6
420272,420278,420282,4,6
420272,420278,420282,4,6
420272,420278,420282,4,6
420272,420278,420283,5,6
420272,420278,420282,4,6
420272,420278,420283,5,6
420272,420278,420283,5,6
420272,420278,420282,4,6
420272,420278,420282,4,6
420272,420278,420282,4,6
420272,420278,420282,4,6
420272,420278,420283,5,6
420272,420278,420283,5,6
420272,420278,420283,5,6
420272,420278,420283,5,6
420272,420278,420282,4,6
420272,420278,420282,4,6
420272,420278,420282,4,6
420272,420278,420282,4,6
420272,420278,420282,4,6
420272,420278,420282,4,6
420272,420278,420282,4,6
420272,420278,420282,4,6
420272,420278,420282,4,6
420272,420278,420282,4,6
420272,420278,420282,4,6
420272,420278,420283,5,6
420272,420278,420282,4,6
420272,420278,420283,5,6
420272,420278,420283,5,6
420272,420278,420282,4,6
420272,420278,420282,4,6
420272,420278,420282,4,6
420272,420278,420282,4,6
420272,420278,420282,4,6
420272,420278,420283,5,6
420272,420278,420283,5,6
420272,420278,420283,5,6
420272,420278,420282,4,6
420272,420278,420282,4,6
420272,420278,420282,4,6
420272,420278,420282,4,6
420272,420278,420282,4,6
420272,420278,420282,4,6
420272,420278,420282,4,6
420272,420278,420282,4,6
420272,420278,420282,4,6
420272,420278,420282,4,6
420272,420278,420283,5,6
420272,420279,420283,4,7
420272,420278,420282,4,6
420272,420278,420282,4,6
420272,420278,420282,4,6
420272,420278,420282,4,6
420272,420278,420282,4,6
420272,420278,420283,5,6
420272,420278,420283,5,6
420272,420279,420283,4,7
420272,420278,420282,4,6
420272,420278,420282,4,6
420272,420278,420282,4,6
420272,420278,420282,4,6
420272,420278,420283,5,6
420272,420279,420283,4,7
420272,420278,420282,4,6
420272,420278,420282,4,6
420272,420278,420282,4,6
420272,420278,420283,5,6
420272,420279,420283,4,7
420272,420278,420283,5,6
420272,420282,420284,2,10
420272,420282,420284,2,10
420272,420282,420284,2,10
420272,420282,420284,2,10
420272,420282,420285,3,10
420272,420282,420285,3,10
420272,420282,420285,3,10
420272,420282,420285,3,10
420272,420282,420285,3,10
420272,420282,420284,2,10
420272,420284,420286,2,12
420272,420283,420285,2,11
420272,420284,420286,2,12
420272,420284,420286,2,12
420272,420284,420286,2,12
420272,420284,420286,2,12
420272,420284,420286,2,12
420272,420284,420286,2,12
420272,420284,420286,2,12
420272,420284,420286,2,12
420272,420284,420286,2,12
420272,420284,420286,2,12
420272,420284,420286,2,12
420272,420284,420286,2,12
420272,420284,420286,2,12
420272,420284,420286,2,12
420272,420284,420286,2,12
420272,420284,420286,2,12
420272,420284,420286,2,12
420272,420284,420286,2,12
420272,420284,420286,2,12
420272,420284,420286,2,12
420272,420284,420286,2,12
420272,420284,420286,2,12
420272,420284,420286,2,12
420272,420284,420286,2,12
420291,420291,420295,4,0
420291,420291,420296,5,0
420291,420291,420296,5,0
420291,420291,420296,5,0
420291,420291,420296,5,0
420291,420291,420295,4,0
420291,420291,420296,5,0
420291,420291,420296,5,0
420291,420291,420296,5,0
420291,420291,420296,5,0
420291,420291,420296,5,0
420291,420291,420296,5,0
420291,420291,420296,5,0
420291,420291,420296,5,0
420291,420291,420296,5,0
420291,420291,420296,5,0
420291,420291,420296,5,0
420291,420291,420296,5,0
420291,420291,420296,5,0
420291,420291,420296,5,0
420291,420291,420296,5,0
420291,420291,420296,5,0
420291,420291,420296,5,0
420291,420291,420295,4,0
420291,420291,420296,5,0
420291,420291,420296,5,0
420291,420291,420296,5,0
420291,420291,420296,5,0
420291,420291,420295,4,0
420291,420291,420296,5,0
420291,420291,420296,5,0
420291,420291,420296,5,0
420291,420291,420296,5,0
420291,420291,420296,5,0
420291,420291,420296,5,0
420291,420291,420296,5,0
420291,420291,420296,5,0
420291,420291,420296,5,0
420291,420291,420296,5,0
420291,420291,420296,5,0
420291,420291,420296,5,0
420291,420291,420295,4,0
420291,420291,420296,5,0
420291,420291,420296,5,0
420291,420291,420296,5,0
420291,420291,420296,5,0
420291,420291,420296,5,0
420291,420291,420296,5,0
420291,420291,420296,5,0
420291,420291,420296,5,0
420291,420291,420296,5,0
420291,420291,420296,5,0
420291,420291,420295,4,0
420291,420291,420295,4,0
420291,420291,420296,5,0
420291,420291,420296,5,0
420291,420291,420296,5,0
420291,420291,420296,5,0
420291,420291,420296,5,0
420291,420291,420296,5,0
420291,420291,420296,5,0
420291,420291,420296,5,0
420291,420291,420296,5,0
420291,420291,420296,5,0
420291,420291,420296,5,0
420291,420291,420296,5,0
420291,420291,420296,5,0
420291,420291,420296,5,0
420291,420291,420296,5,0
420291,420291,420296,5,0
420291,420291,420296,5,0
420291,420291,420296,5,0
420291,420291,420296,5,0
420291,420291,420296,5,0
420291,420291,420296,5,0
420291,420291,420296,5,0
420291,420291,420296,5,0
420291,420291,420296,5,0
420291,420291,420296,5,0
420291,420291,420296,5,0
420291,420296,420301,5,5
420291,420296,420301,5,5
420291,420296,420301,5,5
420291,420296,420301,5,5
420291,420296,420301,5,5
420291,420296,420301,5,5
420291,420296,420301,5,5
420291,420296,420301,5,5
420291,420296,420301,5,5
420291,420296,420301,5,5
420291,420296,420301,5,5
420291,420296,420301,5,5
420291,420296,420301,5,5
420291,420296,420301,5,5
420291,420296,420301,5,5
420291,420296,420301,5,5
420291,420296,420300,4,5
420291,420296,420301,5,5
420291,420296,420301,5,5
420291,420296,420301,5,5
420291,420296,420301,5,5
420291,420296,420301,5,5
420291,420296,420301,5,5
420291,420296,420301,5,5
420291,420296,420301,5,5
420291,420296,420301,5,5
420291,420296,420301,5,5
420291,420296,420301,5,5
420291,420296,420301,5,5
420291,420296,420301,5,5
420291,420296,420301,5,5
420291,420297,420301,4,6
420291,420296,420301,5,5
420291,420296,420301,5,5
420291,420296,420301,5,5
420291,420296,420301,5,5
420291,420296,420301,5,5
420291,420297,420301,4,6
420291,420296,420301,5,5
420291,420296,420301,5,5
420291,420296,420301,5,5
420291,420296,420301,5,5
420291,420296,420301,5,5
420291,420296,420301,5,5
420291,420297,420302,5,6
420291,420297,420302,5,6
420291,420296,420301,5,5
420291,420296,420301,5,5
420291,420296,420301,5,5
420291,420296,420301,5,5
420291,420296,420301,5,5
420291,420296,420301,5,5
420291,420296,420302,6,5
420291,420297,420302,5,6
420291,420296,420301,5,5
420291,420296,420301,5,5
420291,420296,420301,5,5
420291,420296,420301,5,5
420291,420297,420302,5,6
420291,420297,420302,5,6
420291,420296,420301,5,5
420291,420296,420301,5,5
420291,420297,420301,4,6
420291,420297,420302,5,6
420291,420296,420302,6,5
420291,420297,420302,5,6
420291,420297,420302,5,6
420291,420297,420302,5,6
420291,420297,420302,5,6
420291,420297,420302,5,6
420291,420297,420302,5,6
420291,420297,420301,4,6
420291,420297,420302,5,6
420291,420297,420302,5,6
420291,420297,420301,4,6
420291,420297,420302,5,6
420291,420296,420302,6,5
420291,420296,420301,5,5
420291,420296,420302,6,5
420291,420297,420302,5,6
420291,420301,420303,2,10
420291,420301,420304,3,10
420291,420301,420304,3,10
420291,420301,420304,3,10
420291,420301,420304,3,10
420291,420301,420304,3,10
420291,420301,420304,3,10
420291,420301,420304,3,10
420291,420301,420304,3,10
420291,420301,420304,3,10
420291,420301,420304,3,10
420291,420301,420304,3,10
420291,420301,420304,3,10
420291,420301,420304,3,10
420291,420301,420304,3,10
420291,420301,420304,3,10
420291,420301,420304,3,10
420291,420301,420304,3,10
420291,420301,420304,3,10
420291,420301,420304,3,10
420291,420301,420304,3,10
420291,420301,420304,3,10
420291,420301,420304,3,10
420291,420301,420304,3,10
420291,420301,420304,3,10
420291,420301,420304,3,10
420291,420302,420305,3,11
420291,420302,420305,3,11
420291,420301,420305,4,10
420291,420301,420305,4,10
420291,420301,420305,4,10
420291,420301,420305,4,10
420291,420301,420305,4,10
420291,420301,420305,4,10
420291,420301,420305,4,10
420291,420301,420305,4,10
420291,420301,420305,4,10
420291,420301,420305,4,10
420291,420301,420305,4,10
420291,420301,420305,4,10
420310,420310,420315,5,0
420310,420310,420315,5,0
420310,420310,420315,5,0
420310,420310,420315,5,0
420310,420310,420315,5,0
420310,420310,420315,5,0
420310,420310,420315,5,0
420310,420310,420315,5,0
420310,420310,420315,5,0
420310,420310,420315,5,0
420310,420310,420315,5,0
420310,420310,420315,5,0
420310,420310,420315,5,0
420310,420310,420315,5,0
420310,420310,420315,5,0
420310,420310,420315,5,0
420310,420310,420315,5,0
420310,420310,420315,5,0
420310,420310,420314,4,0
420310,420310,420315,5,0
420310,420310,420315,5,0
420310,420310,420315,5,0
420310,420310,420315,5,0
420310,420310,420315,5,0
420310,420310,420315,5,0
420310,420310,420315,5,0
420310,420310,420315,5,0
420310,420310,420315,5,0
420310,420310,420315,5,0
420310,420310,420314,4,0
420310,420310,420315,5,0
420310,420310,420315,5,0
420310,420310,420315,5,0
420310,420310,420315,5,0
420310,420310,420315,5,0
420310,420310,420315,5,0
420310,420310,420315,5,0
420310,420310,420315,5,0
420310,420310,420315,5,0
420310,420310,420315,5,0
420310,420310,420315,5,0
420310,420310,420315,5,0
420310,420310,420315,5,0
420310,420310,420315,5,0
420310,420310,420315,5,0
420310,420310,420315,5,0
420310,420310,420315,5,0
420310,420310,420315,5,0
420310,420310,420315,5,0
420310,420310,420315,5,0
420310,420310,420314,4,0
420310,420310,420315,5,0
420310,420310,420315,5,0
420310,420310,420315,5,0
420310,420310,420315,5,0
420310,420310,420314,4,0
420310,420310,420315,5,0
420310,420310,420315,5,0
420310,420310,420315,5,0
420310,420310,420315,5,0
420310,420310,420315,5,0
420310,420310,420315,5,0
420310,420310,420315,5,0
420310,420310,420315,5,0
420310,420310,420315,5,0
420310,420310,420315,5,0
420310,420310,420315,5,0
420310,420310,420315,5,0
420310,420310,420315,5,0
420310,420310,420315,5,0
420310,420310,420316,6,0
420310,420310,420315,5,0
420310,420310,420315,5,0
420310,420310,420316,6,0
420310,420310,420316,6,0
420310,420310,420315,5,0
420310,420310,420315,5,0
420310,420310,420315,5,0
420310,420310,420315,5,0
420310,420310,420315,5,0
420310,420315,420319,4,5
420310,420315,420320,5,5
420310,420315,420320,5,5
420310,420315,420320,5,5
420310,420315,420320,5,5
420310,420315,420320,5,5
420310,420315,420320,5,5
420310,420315,420320,5,5
420310,420315,420320,5,5
420310,420315,420320,5,5
420310,420315,420320,5,5
420310,420315,420320,5,5
420310,420315,420320,5,5
420310,420315,420320,5,5
420310,420315,420320,5,5
420310,420315,420320,5,5
420310,420315,420320,5,5
420310,420315,420320,5,5
420310,420315,420320,5,5
420310,420315,420320,5,5
420310,420315,420320,5,5
420310,420315,420320,5,5
420310,420315,420320,5,5
420310,420315,420320,5,5
420310,420315,420320,5,5
420310,420315,420320,5,5
420310,420315,420320,5,5
420310,420315,420320,5,5
420310,420315,420320,5,5
420310,420315,420320,5,5
420310,420315,420320,5,5
420310,420315,420320,5,5
420310,420315,420320,5,5
420310,420315,420320,5,5
420310,420315,420320,5,5
420310,420315,420320,5,5
420310,420316,420320,4,6
420310,420316,420320,4,6
420310,420315,420320,5,5
420310,420315,420320,5,5
420310,420315,420320,5,5
420310,420315,420320,5,5
420310,420315,420320,5,5
420310,420315,420320,5,5
420310,420315,420320,5,5
420310,420315,420320,5,5
420310,420315,420320,5,5
420310,420315,420320,5,5
420310,420315,420320,5,5
420310,420315,420320,5,5
420310,420316,420321,5,6
420310,420315,420320,5,5
420310,420315,420320,5,5
420310,420315,420320,5,5
420310,420315,420320,5,5
420310,420315,420320,5,5
420310,420315,420320,5,5
420310,420315,420320,5,5
420310,420315,420320,5,5
420310,420315,420320,5,5
420310,420316,420320,4,6
420310,420316,420321,5,6
420310,420315,420321,6,5
420310,420315,420321,6,5
420310,420315,420321,6,5
420310,420316,420321,5,6
420310,420317,420321,4,7
420310,420316,420321,5,6
420310,420316,420321,5,6
420310,420316,420321,5,6
420310,420317,420321,4,7
420310,420317,420322,5,7
420310,420316,420321,5,6
420310,420316,420321,5,6
420310,420316,420321,5,6
420310,420320,420321,1,10
420310,420316,420321,5,6
420310,420316,420322,6,6
420310,420316,420321,5,6
420310,420317,420321,4,7
420310,420317,420321,4,7
420310,420321,420323,2,11
420310,420321,420323,2,11
420310,420321,420323,2,11
420310,420321,420323,2,11
420310,420321,420323,2,11
420310,420321,420323,2,11
420310,420321,420323,2,11
420310,420321,420323,2,11
420310,420321,420323,2,11
420310,420321,420323,2,11
420310,420321,420324,3,11
420310,420321,420324,3,11
420310,420321,420323,2,11
420310,420321,420324,3,11
420310,420321,420323,2,11
420310,420321,420323,2,11
420310,420321,420323,2,11
420310,420321,420324,3,11
420310,420321,420323,2,11
420310,420321,420323,2,11
420310,420321,420323,2,11
420310,420321,420323,2,11
420310,420321,420323,2,11
420310,420321,420323,2,11
420310,420321,420323,2,11
420310,420321,420323,2,11
420310,420321,420324,3,11
420310,420321,420324,3,11
420310,420321,420324,3,11
420310,420321,420324,3,11
420310,420321,420324,3,11
420310,420321,420324,3,11
420310,420321,420324,3,11
420310,420321,420324,3,11
420310,420321,420324,3,11
420310,420321,420324,3,11
420310,420321,420324,3,11
420310,420321,420324,3,11
420310,420321,420324,3,11
420329,420329,420334,5,0
420329,420329,420334,5,0
420329,420329,420334,5,0
420329,420329,420334,5,0
420329,420329,420334,5,0
420329,420329,420334,5,0
420329,420329,420334,5,0
420329,420329,420334,5,0
420329,420329,420334,5,0
420329,420329,420334,5,0
420329,420329,420334,5,0
420329,420329,420334,5,0
420329,420329,420334,5,0
420329,420329,420334,5,0
420329,420329,420334,5,0
420329,420329,420334,5,0
420329,420329,420334,5,0
420329,420329,420334,5,0
420329,420329,420334,5,0
420329,420329,420334,5,0
420329,420329,420334,5,0
420329,420329,420334,5,0
420329,420329,420334,5,0
420329,420329,420334,5,0
420329,420329,420334,5,0
420329,420329,420334,5,0
420329,420329,420334,5,0
420329,420329,420334,5,0
420329,420329,420333,4,0
420329,420329,420334,5,0
420329,420329,420333,4,0
420329,420329,420334,5,0
420329,420329,420334,5,0
420329,420329,420334,5,0
420329,420329,420334,5,0
420329,420329,420334,5,0
420329,420329,420334,5,0
420329,420329,420334,5,0
420329,420329,420334,5,0
420329,420329,420334,5,0
420329,420329,420334,5,0
420329,420329,420334,5,0
420329,420329,420334,5,0
420329,420329,420334,5,0
420329,420329,420334,5,0
420329,420329,420334,5,0
420329,420329,420334,5,0
420329,420329,420334,5,0
420329,420329,420334,5,0
420329,420329,420334,5,0
420329,420329,420334,5,0
420329,420329,420334,5,0
420329,420329,420333,4,0
420329,420329,420334,5,0
420329,420329,420334,5,0
420329,420329,420334,5,0
420329,420329,420334,5,0
420329,420329,420334,5,0
420329,420329,420334,5,0
420329,420329,420334,5,0
420329,420329,420335,6,0
420329,420329,420334,5,0
420329,420329,420334,5,0
420329,420329,420335,6,0
420329,420329,420335,6,0
420329,420329,420335,6,0
420329,420329,420335,6,0
420329,420329,420334,5,0
420329,420329,420334,5,0
420329,420329,420335,6,0
420329,420329,420335,6,0
420329,420329,420335,6,0
420329,420329,420334,5,0
420329,420329,420335,6,0
420329,420329,420335,6,0
420329,420329,420335,6,0
420329,420329,420334,5,0
420329,420329,420334,5,0
420329,420329,420334,5,0
420329,420329,420334,5,0
420329,420334,420338,4,5
420329,420334,420338,4,5
420329,420334,420338,4,5
420329,420334,420339,5,5
420329,420334,420339,5,5
420329,420334,420339,5,5
420329,420334,420339,5,5
420329,420334,420339,5,5
420329,420334,420339,5,5
420329,420334,420339,5,5
420329,420335,420339,4,6
420329,420334,420339,5,5
420329,420334,420339,5,5
420329,420334,420339,5,5
420329,420334,420339,5,5
420329,420334,420339,5,5
420329,420334,420339,5,5
420329,420335,420339,4,6
420329,420335,420339,4,6
420329,420334,420339,5,5
420329,420334,420339,5,5
420329,420334,420339,5,5
420329,420334,420339,5,5
420329,420334,420339,5,5
420329,420334,420339,5,5
420329,420334,420339,5,5
420329,420334,420339,5,5
420329,420334,420339,5,5
420329,420334,420339,5,5
420329,420334,420339,5,5
420329,420336,420340,4,7
420329,420334,420339,5,5
420329,420334,420339,5,5
420329,420334,420339,5,5
420329,420334,420339,5,5
420329,420334,420339,5,5
420329,420334,420339,5,5
420329,420334,420339,5,5
420329,420334,420339,5,5
420329,420334,420339,5,5
420329,420334,420339,5,5
420329,420335,420339,4,6
420329,420336,420340,4,7
420329,420334,420339,5,5
420329,420334,420339,5,5
420329,420334,420339,5,5
420329,420334,420339,5,5
420329,420334,420339,5,5
420329,420334,420339,5,5
420329,420336,420340,4,7
420329,420334,420339,5,5
420329,420334,420339,5,5
420329,420334,420339,5,5
420329,420334,420339,5,5
420329,420334,420339,5,5
420329,420336,420340,4,7
420329,420334,420339,5,5
420329,420334,420339,5,5
420329,420334,420339,5,5
420329,420334,420339,5,5
420329,420336,420339,3,7
420329,420336,420340,4,7
420329,420334,420339,5,5
420329,420334,420339,5,5
420329,420334,420339,5,5
420329,420336,420339,3,7
420329,420336,420340,4,7
420329,420336,420339,3,7
420329,420336,420339,3,7
420329,420339,420340,1,10
420329,420334,420340,6,5
420329,420336,420340,4,7
420329,420336,420340,4,7
420329,420336,420340,4,7
420329,420336,420340,4,7
420329,420336,420340,4,7
420329,420336,420340,4,7
420329,420336,420340,4,7
420329,420336,420340,4,7
420329,420339,420340,1,10
420329,420336,420340,4,7
420329,420339,420340,1,10
420329,420336,420340,4,7
420329,420340,420342,2,11
420329,420340,420342,2,11
420329,420340,420342,2,11
420329,420340,420342,2,11
420329,420340,420342,2,11
420329,420340,420342,2,11
420329,420340,420342,2,11
420329,420340,420342,2,11
420329,420340,420342,2,11
420329,420340,420342,2,11
420329,420340,420342,2,11
420329,420340,420342,2,11
420329,420340,420343,3,11
420329,420340,420342,2,11
420329,420340,420343,3,11
420329,420340,420342,2,11
420329,420340,420343,3,11
420329,420340,420342,2,11
420329,420340,420343,3,11
420329,420340,420342,2,11
420329,420340,420342,2,11
420329,420340,420342,2,11
420329,420340,420342,2,11
420329,420340,420343,3,11
420329,420340,420343,3,11
420329,420340,420343,3,11
420329,420340,420343,3,11
420329,420340,420343,3,11
420329,420340,420343,3,11
420329,420340,420343,3,11
420329,420340,420343,3,11
420329,420340,420343,3,11
420329,420340,420343,3,11
420329,420340,420343,3,11
420329,420340,420343,3,11
420329,420340,420343,3,11
420329,420340,420343,3,11
420348,420348,420353,5,0
420348,420348,420354,6,0
420348,420348,420354,6,0
420348,420348,420354,6,0
420348,420348,420354,6,0
420348,420348,420354,6,0
420348,420348,420354,6,0
420348,420348,420354,6,0
420348,420348,420354,6,0
420348,420348,420354,6,0
420348,420348,420354,6,0
420348,420348,420354,6,0
420348,420348,420354,6,0
420348,420348,420354,6,0
420348,420348,420353,5,0
420348,420348,420354,6,0
420348,420348,420354,6,0
420348,420348,420354,6,0
420348,420348,420354,6,0
420348,420348,420354,6,0
420348,420348,420354,6,0
420348,420348,420354,6,0
420348,420348,420354,6,0
420348,420348,420354,6,0
420348,420348,420354,6,0
420348,420348,420354,6,0
420348,420348,420354,6,0
420348,420348,420354,6,0
420348,420348,420354,6,0
420348,420348,420354,6,0
420348,420348,420354,6,0
420348,420348,420354,6,0
420348,420348,420353,5,0
420348,420348,420354,6,0
420348,420348,420354,6,0
420348,420348,420354,6,0
420348,420348,420354,6,0
420348,420348,420354,6,0
420348,420348,420354,6,0
420348,420348,420354,6,0
420348,420348,420354,6,0
420348,420348,420354,6,0
420348,420348,420354,6,0
420348,420348,420354,6,0
420348,420348,420354,6,0
420348,420348,420353,5,0
420348,420348,420354,6,0
420348,420348,420354,6,0
420348,420348,420354,6,0
420348,420348,420354,6,0
420348,420348,420354,6,0
420348,420348,420354,6,0
420348,420348,420354,6,0
420348,420348,420354,6,0
420348,420348,420354,6,0
420348,420348,420354,6,0
420348,420348,420354,6,0
420348,420348,420354,6,0
420348,420348,420354,6,0
420348,420348,420354,6,0
420348,420348,420354,6,0
420348,420348,420354,6,0
420348,420348,420354,6,0
420348,420348,420354,6,0
420348,420348,420354,6,0
420348,420348,420354,6,0
420348,420348,420354,6,0
420348,420348,420354,6,0
420348,420348,420354,6,0
420348,420348,420354,6,0
420348,420348,420354,6,0
420348,420348,420354,6,0
420348,420348,420355,7,0
420348,420348,420355,7,0
420348,420348,420355,7,0
420348,420348,420355,7,0
420348,420348,420355,7,0
420348,420348,420355,7,0
420348,420348,420355,7,0
420348,420348,420355,7,0
420348,420354,420358,4,6
420348,420355,420359,4,7
420348,420355,420359,4,7
420348,420355,420359,4,7
420348,420355,420359,4,7
420348,420355,420360,5,7
420348,420355,420359,4,7
420348,420355,420359,4,7
420348,420355,420359,4,7
420348,420355,420359,4,7
420348,420355,420360,5,7
420348,420355,420359,4,7
420348,420355,420359,4,7
420348,420355,420359,4,7
420348,420355,420359,4,7
420348,420355,420359,4,7
420348,420355,420360,5,7
420348,420355,420359,4,7
420348,420355,420359,4,7
420348,420355,420359,4,7
420348,420355,420360,5,7
420348,420355,420360,5,7
420348,420355,420360,5,7
420348,420355,420360,5,7
420348,420355,420360,5,7
420348,420355,420360,5,7
420348,420355,420360,5,7
420348,420355,420359,4,7
420348,420355,420360,5,7
420348,420355,420359,4,7
420348,420355,420360,5,7
420348,420355,420360,5,7
420348,420355,420360,5,7
420348,420355,420359,4,7
420348,420355,420359,4,7
420348,420355,420359,4,7
420348,420355,420359,4,7
420348,420355,420360,5,7
420348,420355,420359,4,7
420348,420355,420359,4,7
420348,420355,420360,5,7
420348,420355,420360,5,7
420348,420355,420360,5,7
420348,420355,420360,5,7
420348,420355,420359,4,7
420348,420355,420359,4,7
420348,420355,420359,4,7
420348,420355,420360,5,7
420348,420355,420360,5,7
420348,420355,420360,5,7
420348,420355,420359,4,7
420348,420355,420359,4,7
420348,420355,420359,4,7
420348,420355,420360,5,7
420348,420355,420360,5,7
420348,420356,420361,5,8
420348,420356,420360,4,8
420348,420355,420361,6,7
420348,420355,420360,5,7
420348,420355,420361,6,7
420348,420355,420361,6,7
420348,420355,420360,5,7
420348,420355,420360,5,7
420348,420355,420361,6,7
420348,420355,420361,6,7
420348,420355,420361,6,7
420348,420355,420360,5,7
420348,420355,420360,5,7
420348,420355,420360,5,7
420348,420355,420360,5,7
420348,420356,420361,5,8
420348,420355,420360,5,7
420348,420356,420360,4,8
420348,420355,420360,5,7
420348,420356,420360,4,8
420348,420358,420361,3,10
420348,420355,420360,5,7
420348,420356,420360,4,8
420348,420356,420361,5,8
420348,420355,420360,5,7
420348,420356,420361,5,8
420348,420360,420363,3,12
420348,420360,420362,2,12
420348,420360,420363,3,12
420348,420360,420363,3,12
420348,420360,420363,3,12
420348,420360,420363,3,12
420348,420360,420363,3,12
420348,420360,420363,3,12
420348,420360,420363,3,12
420348,420360,420363,3,12
420348,420360,420363,3,12
420348,420360,420363,3,12
420348,420360,420363,3,12
420348,420360,420363,3,12
420348,420360,420363,3,12
420348,420360,420363,3,12
420348,420360,420363,3,12
420348,420360,420363,3,12
420348,420360,420364,4,12
420348,420360,420363,3,12
420348,420360,420364,4,12
420348,420360,420363,3,12
420348,420360,420363,3,12
420348,420360,420363,3,12
420348,420360,420363,3,12
420348,420360,420364,4,12
420348,420360,420363,3,12
420348,420360,420363,3,12
420348,420360,420363,3,12
420348,420360,420364,4,12
420348,420360,420363,3,12
420348,420360,420364,4,12
420348,420360,420363,3,12
420348,420360,420363,3,12
420348,420360,420364,4,12
420348,420360,420364,4,12
420348,420360,420363,3,12
420348,420360,420364,4,12
420348,420360,420363,3,12
420368,420368,420372,4,0
420368,420368,420372,4,0
420368,420368,420373,5,0
420368,420368,420373,5,0
420368,420368,420373,5,0
420368,420368,420373,5,0
420368,420368,420373,5,0
420368,420368,420373,5,0
420368,420368,420373,5,0
420368,420368,420373,5,0
420368,420368,420373,5,0
420368,420368,420373,5,0
420368,420368,420373,5,0
420368,420368,420373,5,0
420368,420368,420373,5,0
420368,420368,420373,5,0
420368,420368,420373,5,0
420368,420368,420373,5,0
420368,420368,420373,5,0
420368,420368,420373,5,0
420368,420368,420373,5,0
420368,420368,420373,5,0
420368,420368,420373,5,0
420368,420368,420373,5,0
420368,420368,420373,5,0
420368,420368,420373,5,0
420368,420368,420373,5,0
420368,420368,420373,5,0
420368,420368,420373,5,0
420368,420368,420373,5,0
420368,420368,420373,5,0
420368,420368,420373,5,0
420368,420368,420373,5,0
420368,420368,420373,5,0
420368,420368,420373,5,0
420368,420368,420373,5,0
420368,420368,420373,5,0
420368,420368,420373,5,0
420368,420368,420373,5,0
420368,420368,420373,5,0
420368,420368,420373,5,0
420368,420368,420373,5,0
420368,420368,420373,5,0
420368,420368,420373,5,0
420368,420368,420373,5,0
420368,420368,420373,5,0
420368,420368,420373,5,0
420368,420368,420373,5,0
420368,420368,420373,5,0
420368,420368,420373,5,0
420368,420368,420373,5,0
420368,420368,420373,5,0
420368,420368,420373,5,0
420368,420368,420373,5,0
420368,420368,420373,5,0
420368,420368,420373,5,0
420368,420368,420373,5,0
420368,420368,420373,5,0
420368,420368,420373,5,0
420368,420368,420373,5,0
420368,420368,420373,5,0
420368,420368,420373,5,0
420368,420368,420374,6,0
420368,420368,420374,6,0
420368,420368,420374,6,0
420368,420368,420374,6,0
420368,420368,420375,7,0
420368,420368,420374,6,0
420368,420368,420374,6,0
420368,420368,420374,6,0
420368,420368,420374,6,0
420368,420368,420374,6,0
420368,420368,420374,6,0
420368,420368,420374,6,0
420368,420368,420374,6,0
420368,420368,420374,6,0
420368,420368,420374,6,0
420368,420368,420374,6,0
420368,420368,420374,6,0
420368,420368,420374,6,0
420368,420373,420374,1,5
420368,420373,420374,1,5
420368,420374,420376,2,6
420368,420374,420378,4,6
420368,420374,420379,5,6
420368,420374,420379,5,6
420368,420374,420379,5,6
420368,420374,420379,5,6
420368,420374,420379,5,6
420368,420374,420379,5,6
420368,420374,420379,5,6
420368,420374,420379,5,6
420368,420374,420379,5,6
420368,420374,420379,5,6
420368,420374,420379,5,6
420368,420374,420378,4,6
420368,420374,420379,5,6
420368,420374,420379,5,6
420368,420374,420379,5,6
420368,420374,420379,5,6
420368,420374,420378,4,6
420368,420374,420379,5,6
420368,420374,420379,5,6
420368,420374,420379,5,6
420368,420374,420379,5,6
420368,420374,420379,5,6
420368,420374,420379,5,6
420368,420374,420379,5,6
420368,420374,420379,5,6
420368,420374,420379,5,6
420368,420374,420379,5,6
420368,420374,420379,5,6
420368,420374,420378,4,6
420368,420374,420379,5,6
420368,420374,420378,4,6
420368,420374,420379,5,6
420368,420374,420379,5,6
420368,420374,420378,4,6
420368,420374,420378,4,6
420368,420374,420379,5,6
420368,420374,420378,4,6
420368,420374,420379,5,6
420368,420374,420378,4,6
420368,420374,420379,5,6
420368,420375,420379,4,7
420368,420374,420379,5,6
420368,420375,420379,4,7
420368,420375,420379,4,7
420368,420374,420379,5,6
420368,420374,420379,5,6
420368,420374,420379,5,6
420368,420374,420379,5,6
420368,420374,420378,4,6
420368,420374,420379,5,6
420368,420375,420379,4,7
420368,420374,420379,5,6
420368,420374,420379,5,6
420368,420374,420379,5,6
420368,420374,420379,5,6
420368,420374,420379,5,6
420368,420374,420379,5,6
420368,420374,420379,5,6
420368,420375,420379,4,7
420368,420374,420379,5,6
420368,420374,420379,5,6
420368,420374,420379,5,6
420368,420378,420379,1,10
420368,420375,420379,4,7
420368,420375,420379,4,7
420368,420375,420379,4,7
420368,420375,420379,4,7
420368,420375,420380,5,7
420368,420375,420380,5,7
420368,420375,420379,4,7
420368,420375,420379,4,7
420368,420377,420380,3,9
420368,420375,420379,4,7
420368,420375,420379,4,7
420368,420375,420379,4,7
420368,420375,420379,4,7
420368,420375,420379,4,7
420368,420375,420379,4,7
420368,420374,420379,5,6
420368,420375,420379,4,7
420368,420379,420381,2,11
420368,420379,420381,2,11
420368,420379,420381,2,11
420368,420379,420382,3,11
420368,420379,420382,3,11
420368,420379,420381,2,11
420368,420379,420382,3,11
420368,420379,420381,2,11
420368,420379,420382,3,11
420368,420379,420382,3,11
420368,420379,420381,2,11
420368,420379,420382,3,11
420368,420379,420382,3,11
420368,420379,420382,3,11
420368,420379,420381,2,11
420368,420379,420382,3,11
420368,420379,420382,3,11
420368,420379,420382,3,11
420368,420379,420381,2,11
420368,420379,420381,2,11
420368,420379,420381,2,11
420368,420379,420382,3,11
420368,420379,420381,2,11
420368,420379,420382,3,11
420368,420379,420382,3,11
420368,420379,420382,3,11
420368,420379,420382,3,11
420368,420379,420382,3,11
420368,420379,420382,3,11
420368,420379,420382,3,11
420368,420379,420382,3,11
420368,420379,420382,3,11
420368,420379,420382,3,11
420368,420379,420382,3,11
420368,420379,420382,3,11
420368,420379,420382,3,11
420387,420388,420393,5,1
420387,420388,420393,5,1
420387,420388,420393,5,1
420387,420388,420393,5,1
420387,420388,420393,5,1
420387,420388,420393,5,1
420387,420388,420393,5,1
420387,420388,420393,5,1
420387,420388,420393,5,1
420387,420388,420392,4,1
420387,420388,420393,5,1
420387,420388,420393,5,1
420387,420388,420393,5,1
420387,420388,420393,5,1
420387,420388,420393,5,1
420387,420388,420393,5,1
420387,420388,420393,5,1
420387,420388,420393,5,1
420387,420388,420393,5,1
420387,420388,420393,5,1
420387,420388,420393,5,1
420387,420388,420393,5,1
420387,420388,420393,5,1
420387,420388,420393,5,1
420387,420388,420393,5,1
420387,420388,420393,5,1
420387,420388,420393,5,1
420387,420388,420393,5,1
420387,420388,420393,5,1
420387,420388,420393,5,1
420387,420388,420393,5,1
420387,420388,420393,5,1
420387,420388,420392,4,1
420387,420388,420393,5,1
420387,420388,420393,5,1
420387,420388,420393,5,1
420387,420388,420393,5,1
420387,420388,420393,5,1
420387,420388,420393,5,1
420387,420388,420393,5,1
420387,420388,420393,5,1
420387,420388,420393,5,1
420387,420388,420393,5,1
420387,420388,420393,5,1
420387,420388,420393,5,1
420387,420388,420393,5,1
420387,420388,420393,5,1
420387,420388,420394,6,1
420387,420388,420393,5,1
420387,420388,420393,5,1
420387,420388,420393,5,1
420387,420388,420393,5,1
420387,420388,420393,5,1
420387,420388,420393,5,1
420387,420388,420393,5,1
420387,420388,420393,5,1
420387,420388,420393,5,1
420387,420388,420393,5,1
420387,420388,420393,5,1
420387,420388,420393,5,1
420387,420388,420393,5,1
420387,420388,420393,5,1
420387,420388,420393,5,1
420387,420388,420393,5,1
420387,420388,420393,5,1
420387,420388,420393,5,1
420387,420388,420393,5,1
420387,420388,420393,5,1
420387,420388,420393,5,1
420387,420388,420393,5,1
420387,420388,420393,5,1
420387,420388,420393,5,1
420387,420388,420393,5,1
420387,420388,420393,5,1
420387,420388,420393,5,1
420387,420388,420393,5,1
420387,420388,420393,5,1
420387,420388,420393,5,1
420387,420388,420393,5,1
420387,420388,420393,5,1
420387,420393,420396,3,6
420387,420394,420398,4,7
420387,420394,420398,4,7
420387,420393,420398,5,6
420387,420393,420398,5,6
420387,420393,420398,5,6
420387,420393,420398,5,6
420387,420394,420398,4,7
420387,420393,420398,5,6
420387,420393,420398,5,6
420387,420393,420398,5,6
420387,420393,420398,5,6
420387,420393,420398,5,6
420387,420393,420398,5,6
420387,420393,420398,5,6
420387,420393,420398,5,6
420387,420393,420398,5,6
420387,420393,420398,5,6
420387,420393,420398,5,6
420387,420393,420398,5,6
420387,420393,420398,5,6
420387,420393,420398,5,6
420387,420393,420398,5,6
420387,420393,420398,5,6
420387,420393,420398,5,6
420387,420393,420398,5,6
420387,420393,420398,5,6
420387,420393,420398,5,6
420387,420393,420398,5,6
420387,420393,420398,5,6
420387,420393,420398,5,6
420387,420394,420398,4,7
420387,420394,420398,4,7
420387,420394,420398,4,7
420387,420393,420398,5,6
420387,420393,420397,4,6
420387,420393,420398,5,6
420387,420393,420398,5,6
420387,420393,420398,5,6
420387,420393,420398,5,6
420387,420394,420398,4,7
420387,420393,420398,5,6
420387,420393,420398,5,6
420387,420393,420398,5,6
420387,420393,420398,5,6
420387,420393,420398,5,6
420387,420394,420398,4,7
420387,420393,420398,5,6
420387,420393,420398,5,6
420387,420394,420398,4,7
420387,420393,420398,5,6
420387,420393,420398,5,6
420387,420394,420398,4,7
420387,420394,420398,4,7
420387,420394,420398,4,7
420387,420394,420398,4,7
420387,420394,420398,4,7
420387,420394,420399,5,7
420387,420394,420399,5,7
420387,420394,420399,5,7
420387,420394,420399,5,7
420387,420394,420399,5,7
420387,420394,420398,4,7
420387,420394,420399,5,7
420387,420394,420398,4,7
420387,420394,420399,5,7
420387,420394,420399,5,7
420387,420394,420399,5,7
420387,420394,420399,5,7
420387,420394,420398,4,7
420387,420394,420398,4,7
420387,420394,420399,5,7
420387,420394,420399,5,7
420387,420396,420399,3,9
420387,420394,420398,4,7
420387,420394,420398,4,7
420387,420394,420398,4,7
420387,420394,420399,5,7
420387,420394,420399,5,7
420387,420394,420398,4,7
420387,420394,420398,4,7
420387,420398,420400,2,11
420387,420398,420400,2,11
420387,420398,420400,2,11
420387,420398,420400,2,11
420387,420398,420400,2,11
420387,420398,420400,2,11
420387,420398,420400,2,11
420387,420398,420400,2,11
420387,420398,420400,2,11
420387,420398,420400,2,11
420387,420398,420400,2,11
420387,420398,420400,2,11
420387,420398,420400,2,11
420387,420398,420400,2,11
420387,420398,420400,2,11
420387,420398,420401,3,11
420387,420398,420401,3,11
420387,420398,420401,3,11
420387,420398,420401,3,11
420387,420398,420401,3,11
420387,420398,420401,3,11
420387,420398,420401,3,11
420387,420398,420401,3,11
420387,420398,420401,3,11
420387,420398,420401,3,11
420387,420398,420400,2,11
420387,420398,420401,3,11
420387,420398,420401,3,11
420387,420398,420401,3,11
420387,420398,420400,2,11
420387,420398,420401,3,11
420387,420398,420401,3,11
420387,420398,420401,3,11
420387,420398,420401,3,11
420387,420398,420401,3,11
420387,420398,420402,4,11
420387,420398,420401,3,11
420387,420398,420401,3,11
420387,420398,420401,3,11
420408,420408,420413,5,0
420408,420408,420413,5,0
420408,420408,420413,5,0
420408,420408,420413,5,0
420408,420408,420413,5,0
420408,420408,420413,5,0
420408,420408,420413,5,0
420408,420408,420413,5,0
420408,420408,420413,5,0
420408,420408,420413,5,0
420408,420408,420413,5,0
420408,420408,420413,5,0
420408,420408,420413,5,0
420408,420408,420413,5,0
420408,420408,420413,5,0
420408,420408,420413,5,0
420408,420408,420413,5,0
420408,420408,420413,5,0
420408,420408,420413,5,0
420408,420408,420413,5,0
420408,420408,420413,5,0
420408,420408,420413,5,0
420408,420408,420413,5,0
420408,420408,420413,5,0
420408,420408,420413,5,0
420408,420408,420413,5,0
420408,420408,420413,5,0
420408,420408,420413,5,0
420408,420408,420413,5,0
420408,420408,420413,5,0
420408,420408,420413,5,0
420408,420408,420413,5,0
420408,420408,420413,5,0
420408,420408,420413,5,0
420408,420408,420413,5,0
420408,420408,420413,5,0
420408,420408,420413,5,0
420408,420408,420413,5,0
420408,420408,420413,5,0
420408,420408,420413,5,0
420408,420408,420414,6,0
420408,420408,420414,6,0
420408,420408,420413,5,0
420408,420408,420413,5,0
420408,420408,420414,6,0
420408,420408,420413,5,0
420408,420408,420414,6,0
420408,420408,420414,6,0
420408,420408,420413,5,0
420408,420408,420413,5,0
420408,420408,420413,5,0
420408,420408,420413,5,0
420408,420408,420414,6,0
420408,420408,420413,5,0
420408,420408,420413,5,0
420408,420408,420413,5,0
420408,420408,420413,5,0
420408,420408,420413,5,0
420408,420408,420413,5,0
420408,420408,420413,5,0
420408,420408,420413,5,0
420408,420408,420413,5,0
420408,420408,420413,5,0
420408,420408,420414,6,0
420408,420408,420413,5,0
420408,420408,420413,5,0
420408,420408,420413,5,0
420408,420408,420414,6,0
420408,420408,420413,5,0
420408,420408,420413,5,0
420408,420408,420414,6,0
420408,420408,420413,5,0
420408,420408,420413,5,0
420408,420408,420413,5,0
420408,420408,420413,5,0
420408,420408,420414,6,0
420408,420408,420414,6,0
420408,420408,420413,5,0
420408,420413,420414,1,5
420408,420408,420414,6,0
420408,420408,420414,6,0
420408,420413,420416,3,5
420408,420413,420416,3,5
420408,420413,420416,3,5
420408,420413,420416,3,5
420408,420413,420417,4,5
420408,420413,420417,4,5
420408,420414,420418,4,6
420408,420414,420418,4,6
420408,420414,420418,4,6
420408,420414,420418,4,6
420408,420414,420418,4,6
420408,420414,420418,4,6
420408,420414,420418,4,6
420408,420414,420418,4,6
420408,420414,420418,4,6
420408,420414,420418,4,6
420408,420413,420418,5,5
420408,420413,420418,5,5
420408,420413,420418,5,5
420408,420413,420418,5,5
420408,420413,420418,5,5
420408,420413,420418,5,5
420408,420413,420418,5,5
420408,420414,420418,4,6
420408,420413,420417,4,5
420408,420413,420418,5,5
420408,420413,420418,5,5
420408,420413,420418,5,5
420408,420413,420418,5,5
420408,420414,420418,4,6
420408,420414,420418,4,6
420408,420414,420418,4,6
420408,420413,420417,4,5
420408,420413,420418,5,5
420408,420413,420418,5,5
420408,420413,420418,5,5
420408,420414,420418,4,6
420408,420414,420418,4,6
420408,420413,420418,5,5
420408,420413,420418,5,5
420408,420413,420418,5,5
420408,420413,420418,5,5
420408,420414,420418,4,6
420408,420414,420418,4,6
420408,420414,420418,4,6
420408,420413,420418,5,5
420408,420414,420418,4,6
420408,420414,420418,4,6
420408,420414,420418,4,6
420408,420413,420418,5,5
420408,420413,420418,5,5
420408,420414,420418,4,6
420408,420414,420418,4,6
420408,420414,420418,4,6
420408,420413,420418,5,5
420408,420413,420417,4,5
420408,420414,420418,4,6
420408,420414,420418,4,6
420408,420414,420418,4,6
420408,420414,420418,4,6
420408,420414,420418,4,6
420408,420413,420418,5,5
420408,420413,420418,5,5
420408,420414,420418,4,6
420408,420414,420418,4,6
420408,420415,420418,3,7
420408,420414,420418,4,6
420408,420414,420419,5,6
420408,420414,420419,5,6
420408,420414,420419,5,6
420408,420414,420418,4,6
420408,420415,420418,3,7
420408,420415,420418,3,7
420408,420416,420419,3,8
420408,420417,420419,2,9
420408,420416,420419,3,8
420408,420417,420419,2,9
420408,420414,420419,5,6
420408,420414,420418,4,6
420408,420416,420419,3,8
420408,420414,420419,5,6
420408,420414,420419,5,6
420408,420414,420419,5,6
420408,420414,420419,5,6
420408,420414,420419,5,6
420408,420416,420419,3,8
420408,420418,420420,2,10
420408,420418,420420,2,10
420408,420418,420420,2,10
420408,420418,420420,2,10
420408,420418,420420,2,10
420408,420418,420420,2,10
420408,420418,420420,2,10
420408,420418,420420,2,10
420408,420418,420420,2,10
420408,420418,420420,2,10
420408,420418,420421,3,10
420408,420418,420421,3,10
420408,420418,420421,3,10
420408,420418,420421,3,10
420408,420418,420421,3,10
420408,420418,420421,3,10
420408,420418,420421,3,10
420408,420418,420421,3,10
420408,420418,420421,3,10
420408,420418,420421,3,10
420408,420418,420421,3,10
420408,420418,420421,3,10
420408,420418,420421,3,10
420408,420418,420421,3,10
420408,420418,420421,3,10
420408,420418,420421,3,10
420408,420418,420421,3,10
420408,420418,420421,3,10
420408,420418,420421,3,10
420408,420418,420421,3,10
420408,420418,420421,3,10
420408,420418,420421,3,10
420408,420418,420421,3,10
420427,420427,420432,5,0
420427,420427,420432,5,0
420427,420427,420432,5,0
420427,420427,420432,5,0
420427,420427,420432,5,0
420427,420427,420432,5,0
420427,420427,420432,5,0
420427,420427,420432,5,0
420427,420427,420432,5,0
420427,420427,420431,4,0
420427,420427,420432,5,0
420427,420427,420432,5,0
420427,420427,420432,5,0
420427,420427,420432,5,0
420427,420427,420432,5,0
420427,420427,420432,5,0
420427,420427,420432,5,0
420427,420427,420432,5,0
420427,420427,420432,5,0
420427,420427,420432,5,0
420427,420427,420432,5,0
420427,420427,420432,5,0
420427,420427,420432,5,0
420427,420427,420432,5,0
420427,420427,420432,5,0
420427,420427,420432,5,0
420427,420427,420432,5,0
420427,420427,420432,5,0
420427,420427,420432,5,0
420427,420427,420432,5,0
420427,420427,420432,5,0
420427,420427,420432,5,0
420427,420427,420432,5,0
420427,420427,420432,5,0
420427,420427,420432,5,0
420427,420427,420432,5,0
420427,420427,420432,5,0
420427,420427,420432,5,0
420427,420427,420432,5,0
420427,420427,420432,5,0
420427,420427,420432,5,0
420427,420427,420432,5,0
420427,420427,420432,5,0
420427,420427,420432,5,0
420427,420427,420432,5,0
420427,420427,420432,5,0
420427,420427,420432,5,0
420427,420427,420431,4,0
420427,420427,420432,5,0
420427,420427,420432,5,0
420427,420427,420432,5,0
420427,420427,420432,5,0
420427,420427,420432,5,0
420427,420427,420432,5,0
420427,420427,420432,5,0
420427,420427,420431,4,0
420427,420427,420432,5,0
420427,420427,420432,5,0
420427,420427,420432,5,0
420427,420427,420432,5,0
420427,420427,420432,5,0
420427,420427,420432,5,0
420427,420427,420432,5,0
420427,420427,420432,5,0
420427,420427,420432,5,0
420427,420427,420432,5,0
420427,420427,420432,5,0
420427,420427,420432,5,0
420427,420427,420432,5,0
420427,420427,420432,5,0
420427,420427,420432,5,0
420427,420427,420432,5,0
420427,420427,420432,5,0
420427,420427,420432,5,0
420427,420427,420432,5,0
420427,420427,420432,5,0
420427,420427,420432,5,0
420427,420427,420432,5,0
420427,420427,420432,5,0
420427,420427,420432,5,0
420427,420432,420436,4,5
420427,420432,420436,4,5
420427,420432,420437,5,5
420427,420432,420437,5,5
420427,420432,420437,5,5
420427,420432,420437,5,5
420427,420432,420437,5,5
420427,420432,420437,5,5
420427,420433,420437,4,6
420427,420432,420437,5,5
420427,420432,420437,5,5
420427,420432,420437,5,5
420427,420432,420437,5,5
420427,420432,420437,5,5
420427,420432,420437,5,5
420427,420432,420437,5,5
420427,420432,420437,5,5
420427,420432,420437,5,5
420427,420432,420437,5,5
420427,420433,420437,4,6
420427,420432,420437,5,5
420427,420432,420437,5,5
420427,420432,420437,5,5
420427,420432,420437,5,5
420427,420432,420437,5,5
420427,420432,420437,5,5
420427,420432,420437,5,5
420427,420432,420437,5,5
420427,420432,420437,5,5
420427,420432,420437,5,5
420427,420432,420437,5,5
420427,420432,420437,5,5
420427,420432,420437,5,5
420427,420432,420437,5,5
420427,420432,420437,5,5
420427,420432,420437,5,5
420427,420432,420437,5,5
420427,420432,420437,5,5
420427,420432,420437,5,5
420427,420432,420437,5,5
420427,420433,420437,4,6
420427,420432,420437,5,5
420427,420432,420437,5,5
420427,420432,420437,5,5
420427,420432,420437,5,5
420427,420432,420437,5,5
420427,420432,420437,5,5
420427,420433,420437,4,6
420427,420432,420437,5,5
420427,420432,420437,5,5
420427,420432,420437,5,5
420427,420433,420437,4,6
420427,420432,420437,5,5
420427,420432,420437,5,5
420427,420432,420437,5,5
420427,420432,420437,5,5
420427,420432,420437,5,5
420427,420433,420437,4,6
420427,420433,420437,4,6
420427,420433,420437,4,6
420427,420434,420437,3,7
420427,420433,420438,5,6
420427,420433,420437,4,6
420427,420433,420437,4,6
420427,420433,420437,4,6
420427,420433,420437,4,6
420427,420433,420437,4,6
420427,420433,420437,4,6
420427,420433,420437,4,6
420427,420433,420437,4,6
420427,420433,420438,5,6
420427,420436,420438,2,9
420427,420433,420438,5,6
420427,420433,420438,5,6
420427,420436,420438,2,9
420427,420433,420438,5,6
420427,420433,420438,5,6
420427,420434,420438,4,7
420427,420434,420438,4,7
420427,420433,420438,5,6
420427,420433,420438,5,6
420427,420433,420438,5,6
420427,420438,420440,2,11
420427,420438,420440,2,11
420427,420438,420440,2,11
420427,420438,420440,2,11
420427,420438,420440,2,11
420427,420438,420441,3,11
420427,420438,420440,2,11
420427,420438,420440,2,11
420427,420438,420440,2,11
420427,420438,420440,2,11
420427,420438,420440,2,11
420427,420438,420440,2,11
420427,420438,420440,2,11
420427,420438,420440,2,11
420427,420438,420440,2,11
420427,420438,420440,2,11
420427,420438,420440,2,11
420427,420438,420440,2,11
420427,420438,420441,3,11
420427,420438,420440,2,11
420427,420438,420440,2,11
420427,420438,420440,2,11
420427,420438,420441,3,11
420427,420438,420441,3,11
420427,420438,420441,3,11
420427,420438,420441,3,11
420427,420438,420441,3,11
420427,420438,420441,3,11
420427,420438,420441,3,11
420427,420438,420441,3,11
420427,420438,420441,3,11
420427,420438,420441,3,11
420427,420438,420441,3,11
420427,420438,420441,3,11
420427,420438,420441,3,11
420427,420438,420441,3,11
420427,420438,420441,3,11
420427,420438,420441,3,11
420447,420447,420452,5,0
420447,420447,420452,5,0
420447,420447,420452,5,0
420447,420447,420452,5,0
420447,420447,420452,5,0
420447,420447,420452,5,0
420447,420447,420452,5,0
420447,420447,420452,5,0
420447,420447,420452,5,0
420447,420447,420452,5,0
420447,420447,420452,5,0
420447,420447,420452,5,0
420447,420447,420452,5,0
420447,420447,420452,5,0
420447,420447,420452,5,0
420447,420447,420452,5,0
420447,420447,420452,5,0
420447,420447,420452,5,0
420447,420447,420452,5,0
420447,420447,420452,5,0
420447,420447,420452,5,0
420447,420447,420452,5,0
420447,420447,420452,5,0
420447,420447,420452,5,0
420447,420447,420452,5,0
420447,420447,420452,5,0
420447,420447,420452,5,0
420447,420447,420452,5,0
420447,420447,420452,5,0
420447,420447,420452,5,0
420447,420447,420452,5,0
420447,420447,420452,5,0
420447,420447,420452,5,0
420447,420447,420452,5,0
420447,420447,420452,5,0
420447,420447,420452,5,0
420447,420447,420452,5,0
420447,420447,420452,5,0
420447,420447,420452,5,0
420447,420447,420452,5,0
420447,420447,420452,5,0
420447,420447,420452,5,0
420447,420447,420452,5,0
420447,420447,420452,5,0
420447,420447,420452,5,0
420447,420447,420452,5,0
420447,420447,420452,5,0
420447,420447,420452,5,0
420447,420447,420452,5,0
420447,420447,420452,5,0
420447,420447,420452,5,0
420447,420447,420452,5,0
420447,420447,420453,6,0
420447,420447,420453,6,0
420447,420447,420453,6,0
420447,420447,420452,5,0
420447,420447,420453,6,0
420447,420447,420452,5,0
420447,420447,420453,6,0
420447,420447,420452,5,0
420447,420447,420452,5,0
420447,420447,420452,5,0
420447,420447,420453,6,0
420447,420447,420452,5,0
420447,420447,420452,5,0
420447,420447,420452,5,0
420447,420447,420452,5,0
420447,420447,420452,5,0
420447,420447,420453,6,0
420447,420447,420453,6,0
420447,420447,420452,5,0
420447,420447,420452,5,0
420447,420447,420452,5,0
420447,420447,420453,6,0
420447,420447,420453,6,0
420447,420447,420453,6,0
420447,420447,420453,6,0
420447,420447,420453,6,0
420447,420447,420452,5,0
420447,420447,420453,6,0
420447,420452,420455,3,5
420447,420452,420458,6,5
420447,420452,420458,6,5
420447,420452,420458,6,5
420447,420452,420458,6,5
420447,420452,420458,6,5
420447,420452,420458,6,5
420447,420452,420458,6,5
420447,420452,420458,6,5
420447,420452,420458,6,5
420447,420452,420458,6,5
420447,420452,420458,6,5
420447,420452,420458,6,5
420447,420452,420458,6,5
420447,420452,420458,6,5
420447,420452,420458,6,5
420447,420454,420458,4,7
420447,420452,420458,6,5
420447,420452,420458,6,5
420447,420452,420458,6,5
420447,420452,420458,6,5
420447,420452,420458,6,5
420447,420452,420458,6,5
420447,420453,420458,5,6
420447,420454,420458,4,7
420447,420452,420458,6,5
420447,420452,420458,6,5
420447,420452,420458,6,5
420447,420452,420458,6,5
420447,420452,420458,6,5
420447,420453,420458,5,6
420447,420454,420458,4,7
420447,420454,420458,4,7
420447,420452,420458,6,5
420447,420452,420458,6,5
420447,420452,420458,6,5
420447,420452,420458,6,5
420447,420452,420458,6,5
420447,420452,420458,6,5
420447,420454,420458,4,7
420447,420452,420458,6,5
420447,420452,420458,6,5
420447,420452,420458,6,5
420447,420452,420458,6,5
420447,420452,420458,6,5
420447,420454,420458,4,7
420447,420454,420458,4,7
420447,420454,420458,4,7
420447,420452,420458,6,5
420447,420452,420458,6,5
420447,420452,420458,6,5
420447,420452,420458,6,5
420447,420453,420458,5,6
420447,420453,420458,5,6
420447,420454,420458,4,7
420447,420454,420458,4,7
420447,420452,420458,6,5
420447,420452,420458,6,5
420447,420452,420458,6,5
420447,420452,420458,6,5
420447,420453,420458,5,6
420447,420454,420458,4,7
420447,420454,420458,4,7
420447,420454,420459,5,7
420447,420452,420458,6,5
420447,420452,420458,6,5
420447,420452,420458,6,5
420447,420452,420458,6,5
420447,420453,420458,5,6
420447,420453,420458,5,6
420447,420454,420458,4,7
420447,420454,420458,4,7
420447,420452,420458,6,5
420447,420452,420458,6,5
420447,420453,420458,5,6
420447,420454,420458,4,7
420447,420454,420458,4,7
420447,420454,420458,4,7
420447,420456,420458,2,9
420447,420453,420459,6,6
420447,420458,420459,1,11
420447,420454,420459,5,7
420447,420459,420461,2,12
420447,420459,420462,3,12
420447,420459,420461,2,12
420447,420459,420462,3,12
420447,420459,420462,3,12
420447,420459,420462,3,12
420447,420459,420461,2,12
420447,420459,420462,3,12
420447,420459,420461,2,12
420447,420459,420461,2,12
420447,420459,420462,3,12
420447,420459,420462,3,12
420447,420459,420461,2,12
420447,420459,420461,2,12
420447,420459,420461,2,12
420447,420459,420462,3,12
420447,420459,420462,3,12
420447,420459,420461,2,12
420447,420459,420462,3,12
420447,420459,420461,2,12
420447,420459,420462,3,12
420447,420459,420462,3,12
420447,420459,420462,3,12
420447,420459,420462,3,12
420447,420459,420462,3,12
420447,420459,420462,3,12
420447,420459,420462,3,12
420447,420459,420462,3,12
420447,420459,420462,3,12
420447,420459,420462,3,12
420447,420459,420462,3,12
420447,420459,420462,3,12
420447,420459,420462,3,12
420447,420459,420462,3,12
420447,420459,420462,3,12
420447,420459,420462,3,12
420447,420459,420462,3,12
420447,420459,420462,3,12
420468,420468,420473,5,0
420468,420468,420473,5,0
420468,420468,420473,5,0
420468,420468,420473,5,0
420468,420468,420473,5,0
420468,420468,420473,5,0
420468,420468,420473,5,0
420468,420468,420473,5,0
420468,420468,420473,5,0
420468,420468,420473,5,0
420468,420468,420473,5,0
420468,420468,420473,5,0
420468,420468,420473,5,0
420468,420468,420473,5,0
420468,420468,420473,5,0
420468,420468,420473,5,0
420468,420468,420473,5,0
420468,420468,420473,5,0
420468,420468,420473,5,0
420468,420468,420473,5,0
420468,420468,420473,5,0
420468,420468,420473,5,0
420468,420468,420473,5,0
420468,420468,420473,5,0
420468,420468,420473,5,0
420468,420468,420473,5,0
420468,420468,420473,5,0
420468,420468,420473,5,0
420468,420468,420473,5,0
420468,420468,420473,5,0
420468,420468,420473,5,0
420468,420468,420473,5,0
420468,420468,420473,5,0
420468,420468,420473,5,0
420468,420468,420473,5,0
420468,420468,420473,5,0
420468,420468,420473,5,0
420468,420468,420473,5,0
420468,420468,420473,5,0
420468,420468,420473,5,0
420468,420468,420473,5,0
420468,420468,420473,5,0
420468,420468,420473,5,0
420468,420468,420473,5,0
420468,420468,420473,5,0
420468,420468,420473,5,0
420468,420468,420473,5,0
420468,420468,420473,5,0
420468,420468,420474,6,0
420468,420468,420473,5,0
420468,420468,420473,5,0
420468,420468,420474,6,0
420468,420468,420474,6,0
420468,420468,420473,5,0
420468,420468,420473,5,0
420468,420468,420473,5,0
420468,420468,420474,6,0
420468,420468,420474,6,0
420468,420468,420473,5,0
420468,420468,420473,5,0
420468,420468,420474,6,0
420468,420468,420474,6,0
420468,420468,420474,6,0
420468,420468,420474,6,0
420468,420468,420473,5,0
420468,420468,420473,5,0
420468,420468,420474,6,0
420468,420468,420474,6,0
420468,420468,420474,6,0
420468,420468,420473,5,0
420468,420468,420473,5,0
420468,420468,420473,5,0
420468,420468,420474,6,0
420468,420468,420474,6,0
420468,420468,420473,5,0
420468,420468,420473,5,0
420468,420468,420473,5,0
420468,420468,420473,5,0
420468,420468,420474,6,0
420468,420468,420474,6,0
420468,420473,420478,5,5
420468,420473,420478,5,5
420468,420473,420478,5,5
420468,420473,420478,5,5
420468,420473,420478,5,5
420468,420473,420478,5,5
420468,420473,420478,5,5
420468,420473,420478,5,5
420468,420473,420478,5,5
420468,420473,420478,5,5
420468,420473,420478,5,5
420468,420473,420478,5,5
420468,420473,420478,5,5
420468,420473,420478,5,5
420468,420473,420478,5,5
420468,420473,420478,5,5
420468,420473,420478,5,5
420468,420473,420478,5,5
420468,420473,420478,5,5
420468,420473,420478,5,5
420468,420473,420478,5,5
420468,420473,420478,5,5
420468,420473,420478,5,5
420468,420473,420478,5,5
420468,420474,420478,4,6
420468,420473,420478,5,5
420468,420473,420478,5,5
420468,420473,420478,5,5
420468,420473,420478,5,5
420468,420473,420478,5,5
420468,420473,420478,5,5
420468,420474,420478,4,6
420468,420474,420478,4,6
420468,420473,420478,5,5
420468,420473,420478,5,5
420468,420473,420478,5,5
420468,420473,420478,5,5
420468,420473,420478,5,5
420468,420473,420478,5,5
420468,420473,420478,5,5
420468,420473,420478,5,5
420468,420473,420478,5,5
420468,420474,420478,4,6
420468,420473,420478,5,5
420468,420474,420478,4,6
420468,420473,420478,5,5
420468,420473,420478,5,5
420468,420473,420478,5,5
420468,420473,420478,5,5
420468,420473,420478,5,5
420468,420474,420478,4,6
420468,420473,420478,5,5
420468,420474,420478,4,6
420468,420474,420479,5,6
420468,420474,420479,5,6
420468,420473,420479,6,5
420468,420474,420479,5,6
420468,420474,420479,5,6
420468,420474,420479,5,6
420468,420474,420479,5,6
420468,420474,420479,5,6
420468,420474,420479,5,6
420468,420474,420479,5,6
420468,420474,420479,5,6
420468,420474,420479,5,6
420468,420475,420480,5,7
420468,420474,420479,5,6
420468,420474,420480,6,6
420468,420474,420480,6,6
420468,420474,420479,5,6
420468,420474,420480,6,6
420468,420474,420479,5,6
420468,420475,420479,4,7
420468,420474,420479,5,6
420468,420474,420479,5,6
420468,420474,420479,5,6
420468,420474,420479,5,6
420468,420474,420479,5,6
420468,420474,420479,5,6
420468,420474,420479,5,6
420468,420479,420481,2,11
420468,420479,420481,2,11
420468,420479,420481,2,11
420468,420478,420481,3,10
420468,420479,420481,2,11
420468,420479,420481,2,11
420468,420479,420482,3,11
420468,420479,420481,2,11
420468,420479,420481,2,11
420468,420479,420482,3,11
420468,420479,420481,2,11
420468,420479,420482,3,11
420468,420479,420481,2,11
420468,420479,420481,2,11
420468,420479,420482,3,11
420468,420479,420482,3,11
420468,420479,420481,2,11
420468,420479,420482,3,11
420468,420479,420481,2,11
420468,420479,420482,3,11
420468,420479,420482,3,11
420468,420479,420482,3,11
420468,420479,420482,3,11
420468,420479,420482,3,11
420468,420479,420482,3,11
420468,420479,420482,3,11
420468,420479,420482,3,11
420468,420479,420482,3,11
420468,420479,420482,3,11
420468,420479,420482,3,11
420468,420479,420482,3,11
420468,420479,420482,3,11
420468,420479,420482,3,11
420468,420479,420482,3,11
420468,420479,420482,3,11
420468,420479,420483,4,11
420468,420479,420482,3,11
420468,420479,420482,3,11
420468,420479,420482,3,11
420468,420479,420482,3,11
420487,420488,420492,4,1
420487,420488,420492,4,1
420487,420488,420492,4,1
420487,420488,420492,4,1
420487,420488,420492,4,1
420487,420488,420492,4,1
420487,420488,420492,4,1
420487,420488,420492,4,1
420487,420488,420492,4,1
420487,420488,420492,4,1
420487,420488,420492,4,1
420487,420488,420492,4,1
420487,420488,420492,4,1
420487,420488,420492,4,1
420487,420488,420492,4,1
420487,420488,420492,4,1
420487,420488,420493,5,1
420487,420488,420492,4,1
420487,420488,420492,4,1
420487,420488,420492,4,1
420487,420488,420492,4,1
420487,420488,420492,4,1
420487,420488,420492,4,1
420487,420488,420493,5,1
420487,420488,420492,4,1
420487,420488,420492,4,1
420487,420488,420492,4,1
420487,420488,420492,4,1
420487,420488,420492,4,1
420487,420488,420492,4,1
420487,420488,420492,4,1
420487,420488,420492,4,1
420487,420488,420492,4,1
420487,420488,420492,4,1
420487,420488,420493,5,1
420487,420488,420492,4,1
420487,420488,420492,4,1
420487,420488,420492,4,1
420487,420488,420492,4,1
420487,420488,420492,4,1
420487,420488,420492,4,1
420487,420488,420492,4,1
420487,420488,420492,4,1
420487,420488,420492,4,1
420487,420488,420492,4,1
420487,420488,420492,4,1
420487,420488,420492,4,1
420487,420488,420493,5,1
420487,420488,420492,4,1
420487,420488,420492,4,1
420487,420488,420492,4,1
420487,420488,420492,4,1
420487,420488,420492,4,1
420487,420488,420492,4,1
420487,420488,420492,4,1
420487,420488,420492,4,1
420487,420488,420492,4,1
420487,420488,420492,4,1
420487,420488,420493,5,1
420487,420488,420493,5,1
420487,420488,420493,5,1
420487,420488,420493,5,1
420487,420488,420493,5,1
420487,420488,420493,5,1
420487,420488,420493,5,1
420487,420488,420493,5,1
420487,420488,420493,5,1
420487,420488,420493,5,1
420487,420488,420493,5,1
420487,420488,420493,5,1
420487,420488,420493,5,1
420487,420488,420493,5,1
420487,420488,420493,5,1
420487,420488,420493,5,1
420487,420488,420493,5,1
420487,420488,420493,5,1
420487,420488,420493,5,1
420487,420488,420493,5,1
420487,420488,420494,6,1
420487,420488,420494,6,1
420487,420493,420497,4,6
420487,420493,420498,5,6
420487,420493,420498,5,6
420487,420493,420498,5,6
420487,420493,420498,5,6
420487,420493,420498,5,6
420487,420493,420498,5,6
420487,420493,420498,5,6
420487,420493,420498,5,6
420487,420493,420498,5,6
420487,420493,420498,5,6
420487,420493,420498,5,6
420487,420493,420498,5,6
420487,420493,420498,5,6
420487,420493,420498,5,6
420487,420493,420498,5,6
420487,420493,420498,5,6
420487,420493,420498,5,6
420487,420493,420498,5,6
420487,420493,420498,5,6
420487,420493,420498,5,6
420487,420494,420499,5,7
420487,420493,420498,5,6
420487,420493,420498,5,6
420487,420493,420498,5,6
420487,420493,420498,5,6
420487,420493,420498,5,6
420487,420494,420499,5,7
420487,420494,420499,5,7
420487,420494,420499,5,7
420487,420493,420499,6,6
420487,420493,420498,5,6
420487,420493,420498,5,6
420487,420493,420499,6,6
420487,420493,420499,6,6
420487,420494,420499,5,7
420487,420493,420498,5,6
420487,420493,420498,5,6
420487,420493,420498,5,6
420487,420493,420498,5,6
420487,420494,420499,5,7
420487,420494,420499,5,7
420487,420493,420498,5,6
420487,420493,420498,5,6
420487,420493,420498,5,6
420487,420493,420498,5,6
420487,420493,420498,5,6
420487,420494,420499,5,7
420487,420494,420499,5,7
420487,420493,420498,5,6
420487,420493,420498,5,6
420487,420493,420498,5,6
420487,420493,420498,5,6
420487,420493,420498,5,6
420487,420494,420499,5,7
420487,420494,420498,4,7
420487,420493,420498,5,6
420487,420493,420498,5,6
420487,420493,420499,6,6
420487,420493,420498,5,6
420487,420494,420499,5,7
420487,420493,420498,5,6
420487,420493,420498,5,6
420487,420493,420498,5,6
420487,420493,420498,5,6
420487,420493,420498,5,6
420487,420494,420499,5,7
420487,420495,420499,4,8
420487,420493,420498,5,6
420487,420493,420498,5,6
420487,420493,420498,5,6
420487,420493,420498,5,6
420487,420494,420499,5,7
420487,420494,420499,5,7
420487,420495,420499,4,8
420487,420494,420499,5,7
420487,420494,420499,5,7
420487,420498,420500,2,11
420487,420498,420500,2,11
420487,420498,420500,2,11
420487,420498,420500,2,11
420487,420494,420499,5,7
420487,420494,420499,5,7
420487,420494,420499,5,7
420487,420498,420501,3,11
420487,420498,420500,2,11
420487,420498,420500,2,11
420487,420498,420501,3,11
420487,420498,420501,3,11
420487,420498,420501,3,11
420487,420499,420502,3,12
420487,420499,420502,3,12
420487,420499,420502,3,12
420487,420499,420502,3,12
420487,420499,420502,3,12
420487,420499,420502,3,12
420487,420499,420502,3,12
420487,420499,420502,3,12
420487,420499,420502,3,12
420487,420499,420502,3,12
420487,420499,420502,3,12
420487,420499,420502,3,12
420487,420499,420502,3,12
420487,420499,420502,3,12
420487,420499,420502,3,12
420487,420499,420502,3,12
420487,420499,420502,3,12
420487,420499,420502,3,12
420487,420499,420502,3,12
420487,420499,420502,3,12
420487,420499,420502,3,12
420487,420499,420502,3,12
420487,420499,420502,3,12
420487,420499,420502,3,12
420487,420499,420502,3,12
420487,420499,420502,3,12
420487,420499,420502,3,12
420487,420499,420502,3,12
420487,420499,420502,3,12
420487,420499,420503,4,12
420508,420508,420513,5,0
420508,420508,420513,5,0
420508,420508,420513,5,0
420508,420508,420513,5,0
420508,420508,420513,5,0
420508,420508,420513,5,0
420508,420508,420513,5,0
420508,420508,420513,5,0
420508,420508,420513,5,0
420508,420508,420513,5,0
420508,420508,420513,5,0
420508,420508,420513,5,0
420508,420508,420513,5,0
420508,420508,420513,5,0
420508,420508,420513,5,0
420508,420508,420513,5,0
420508,420508,420513,5,0
420508,420508,420513,5,0
420508,420508,420513,5,0
420508,420508,420513,5,0
420508,420508,420513,5,0
420508,420508,420513,5,0
420508,420508,420513,5,0
420508,420508,420513,5,0
420508,420508,420513,5,0
420508,420508,420513,5,0
420508,420508,420513,5,0
420508,420508,420513,5,0
420508,420508,420513,5,0
420508,420508,420513,5,0
420508,420508,420513,5,0
420508,420508,420513,5,0
420508,420508,420513,5,0
420508,420508,420513,5,0
420508,420508,420513,5,0
420508,420508,420513,5,0
420508,420508,420513,5,0
420508,420508,420513,5,0
420508,420508,420513,5,0
420508,420508,420513,5,0
420508,420508,420513,5,0
420508,420508,420513,5,0
420508,420508,420513,5,0
420508,420508,420513,5,0
420508,420508,420513,5,0
420508,420508,420513,5,0
420508,420508,420513,5,0
420508,420508,420513,5,0
420508,420508,420513,5,0
420508,420508,420513,5,0
420508,420508,420513,5,0
420508,420508,420513,5,0
420508,420508,420513,5,0
420508,420508,420513,5,0
420508,420508,420513,5,0
420508,420508,420513,5,0
420508,420509,420513,4,1
420508,420508,420513,5,0
420508,420508,420513,5,0
420508,420508,420513,5,0
420508,420508,420513,5,0
420508,420508,420513,5,0
420508,420508,420513,5,0
420508,420508,420513,5,0
420508,420508,420513,5,0
420508,420508,420513,5,0
420508,420508,420514,6,0
420508,420508,420514,6,0
420508,420508,420514,6,0
420508,420508,420514,6,0
420508,420508,420514,6,0
420508,420508,420514,6,0
420508,420508,420514,6,0
420508,420508,420514,6,0
420508,420509,420514,5,1
420508,420508,420514,6,0
420508,420508,420514,6,0
420508,420508,420514,6,0
420508,420508,420514,6,0
420508,420508,420514,6,0
420508,420514,420518,4,6
420508,420514,420519,5,6
420508,420514,420519,5,6
420508,420514,420519,5,6
420508,420514,420519,5,6
420508,420514,420519,5,6
420508,420514,420519,5,6
420508,420514,420518,4,6
420508,420514,420518,4,6
420508,420514,420519,5,6
420508,420514,420519,5,6
420508,420514,420518,4,6
420508,420514,420518,4,6
420508,420514,420519,5,6
420508,420514,420519,5,6
420508,420514,420519,5,6
420508,420514,420519,5,6
420508,420514,420519,5,6
420508,420514,420519,5,6
420508,420514,420518,4,6
420508,420514,420518,4,6
420508,420514,420519,5,6
420508,420514,420519,5,6
420508,420514,420519,5,6
420508,420514,420519,5,6
420508,420514,420519,5,6
420508,420515,420519,4,7
420508,420514,420519,5,6
420508,420514,420519,5,6
420508,420514,420519,5,6
420508,420514,420519,5,6
420508,420514,420519,5,6
420508,420514,420519,5,6
420508,420514,420519,5,6
420508,420514,420518,4,6
420508,420514,420518,4,6
420508,420514,420519,5,6
420508,420514,420519,5,6
420508,420513,420518,5,5
420508,420514,420518,4,6
420508,420514,420518,4,6
420508,420514,420519,5,6
420508,420514,420519,5,6
420508,420515,420519,4,7
420508,420514,420519,5,6
420508,420514,420519,5,6
420508,420514,420518,4,6
420508,420514,420518,4,6
420508,420514,420519,5,6
420508,420514,420519,5,6
420508,420514,420520,6,6
420508,420514,420519,5,6
420508,420514,420519,5,6
420508,420514,420519,5,6
420508,420514,420519,5,6
420508,420514,420519,5,6
420508,420514,420519,5,6
420508,420514,420519,5,6
420508,420514,420519,5,6
420508,420514,420519,5,6
420508,420515,420520,5,7
420508,420515,420520,5,7
420508,420514,420520,6,6
420508,420515,420519,4,7
420508,420515,420519,4,7
420508,420515,420520,5,7
420508,420515,420519,4,7
420508,420515,420519,4,7
420508,420515,420519,4,7
420508,420515,420520,5,7
420508,420515,420520,5,7
420508,420515,420520,5,7
420508,420514,420519,5,6
420508,420514,420520,6,6
420508,420514,420519,5,6
420508,420514,420520,6,6
420508,420514,420520,6,6
420508,420514,420520,6,6
420508,420514,420520,6,6
420508,420514,420520,6,6
420508,420519,420522,3,11
420508,420519,420522,3,11
420508,420519,420521,2,11
420508,420519,420521,2,11
420508,420519,420521,2,11
420508,420519,420521,2,11
420508,420519,420521,2,11
420508,420519,420521,2,11
420508,420519,420521,2,11
420508,420519,420522,3,11
420508,420519,420522,3,11
420508,420519,420522,3,11
420508,420519,420522,3,11
420508,420519,420522,3,11
420508,420519,420521,2,11
420508,420519,420521,2,11
420508,420519,420522,3,11
420508,420519,420521,2,11
420508,420519,420521,2,11
420508,420519,420522,3,11
420508,420519,420521,2,11
420508,420519,420521,2,11
420508,420519,420522,3,11
420508,420519,420521,2,11
420508,420519,420522,3,11
420508,420519,420522,3,11
420508,420519,420522,3,11
420508,420519,420522,3,11
420508,420519,420522,3,11
420508,420519,420522,3,11
420508,420519,420522,3,11
420508,420519,420522,3,11
420508,420519,420522,3,11
420508,420519,420522,3,11
420508,420519,420522,3,11
420508,420519,420522,3,11
420508,420519,420522,3,11
420508,420519,420522,3,11
420508,420519,420522,3,11
420508,420519,420522,3,11
420528,420528,420533,5,0
420528,420528,420533,5,0
420528,420528,420533,5,0
420528,420528,420534,6,0
420528,420528,420533,5,0
420528,420528,420533,5,0
420528,420529,420533,4,1
420528,420529,420533,4,1
420528,420528,420533,5,0
420528,420528,420533,5,0
420528,420528,420533,5,0
420528,420528,420534,6,0
420528,420529,420533,4,1
420528,420528,420533,5,0
420528,420528,420533,5,0
420528,420528,420533,5,0
420528,420528,420533,5,0
420528,420528,420533,5,0
420528,420529,420533,4,1
420528,420529,420533,4,1
420528,420528,420533,5,0
420528,420528,420533,5,0
420528,420528,420533,5,0
420528,420528,420533,5,0
420528,420528,420533,5,0
420528,420528,420533,5,0
420528,420528,420533,5,0
420528,420528,420534,6,0
420528,420529,420533,4,1
420528,420529,420533,4,1
420528,420528,420533,5,0
420528,420528,420533,5,0
420528,420528,420533,5,0
420528,420528,420533,5,0
420528,420528,420533,5,0
420528,420528,420533,5,0
420528,420528,420533,5,0
420528,420528,420533,5,0
420528,420528,420533,5,0
420528,420529,420533,4,1
420528,420528,420533,5,0
420528,420528,420533,5,0
420528,420528,420533,5,0
420528,420528,420533,5,0
420528,420529,420533,4,1
420528,420528,420533,5,0
420528,420528,420533,5,0
420528,420528,420533,5,0
420528,420528,420533,5,0
420528,420529,420533,4,1
420528,420528,420533,5,0
420528,420528,420533,5,0
420528,420528,420533,5,0
420528,420528,420533,5,0
420528,420528,420533,5,0
420528,420529,420533,4,1
420528,420529,420534,5,1
420528,420528,420534,6,0
420528,420528,420534,6,0
420528,420529,420534,5,1
420528,420529,420534,5,1
420528,420529,420534,5,1
420528,420528,420534,6,0
420528,420529,420534,5,1
420528,420529,420534,5,1
420528,420529,420534,5,1
420528,420528,420534,6,0
420528,420529,420534,5,1
420528,420529,420534,5,1
420528,420528,420534,6,0
420528,420529,420534,5,1
420528,420529,420534,5,1
420528,420528,420534,6,0
420528,420529,420534,5,1
420528,420529,420534,5,1
420528,420529,420534,5,1
420528,420529,420534,5,1
420528,420529,420534,5,1
420528,420529,420534,5,1
420528,420529,420534,5,1
420528,420534,420538,4,6
420528,420534,420538,4,6
420528,420534,420538,4,6
420528,420534,420539,5,6
420528,420534,420538,4,6
420528,420534,420539,5,6
420528,420534,420539,5,6
420528,420534,420539,5,6
420528,420534,420539,5,6
420528,420534,420539,5,6
420528,420534,420539,5,6
420528,420534,420539,5,6
420528,420534,420539,5,6
420528,420534,420539,5,6
420528,420534,420539,5,6
420528,420534,420539,5,6
420528,420534,420539,5,6
420528,420534,420539,5,6
420528,420534,420539,5,6
420528,420534,420539,5,6
420528,420534,420539,5,6
420528,420534,420539,5,6
420528,420534,420539,5,6
420528,420534,420539,5,6
420528,420534,420539,5,6
420528,420534,420539,5,6
420528,420534,420539,5,6
420528,420534,420539,5,6
420528,420534,420538,4,6
420528,420534,420539,5,6
420528,420534,420539,5,6
420528,420535,420539,4,7
420528,420535,420539,4,7
420528,420534,420539,5,6
420528,420534,420539,5,6
420528,420534,420539,5,6
420528,420534,420539,5,6
420528,420534,420539,5,6
420528,420535,420539,4,7
420528,420535,420539,4,7
420528,420535,420539,4,7
420528,420534,420538,4,6
420528,420534,420539,5,6
420528,420534,420539,5,6
420528,420535,420538,3,7
420528,420535,420539,4,7
420528,420535,420539,4,7
420528,420535,420539,4,7
420528,420535,420539,4,7
420528,420534,420539,5,6
420528,420534,420539,5,6
420528,420534,420539,5,6
420528,420535,420538,3,7
420528,420535,420539,4,7
420528,420535,420539,4,7
420528,420535,420539,4,7
420528,420534,420539,5,6
420528,420534,420539,5,6
420528,420534,420539,5,6
420528,420534,420539,5,6
420528,420534,420539,5,6
420528,420534,420539,5,6
420528,420534,420539,5,6
420528,420535,420540,5,7
420528,420534,420540,6,6
420528,420534,420539,5,6
420528,420535,420540,5,7
420528,420534,420539,5,6
420528,420534,420539,5,6
420528,420534,420539,5,6
420528,420534,420539,5,6
420528,420535,420539,4,7
420528,420534,420540,6,6
420528,420535,420539,4,7
420528,420538,420540,2,10
420528,420534,420539,5,6
420528,420535,420539,4,7
420528,420535,420540,5,7
420528,420535,420540,5,7
420528,420535,420539,4,7
420528,420539,420541,2,11
420528,420539,420541,2,11
420528,420535,420540,5,7
420528,420539,420541,2,11
420528,420539,420541,2,11
420528,420539,420541,2,11
420528,420539,420541,2,11
420528,420539,420541,2,11
420528,420539,420541,2,11
420528,420539,420541,2,11
420528,420539,420541,2,11
420528,420539,420541,2,11
420528,420539,420542,3,11
420528,420539,420542,3,11
420528,420539,420541,2,11
420528,420539,420542,3,11
420528,420539,420542,3,11
420528,420539,420542,3,11
420528,420539,420542,3,11
420528,420539,420542,3,11
420528,420539,420542,3,11
420528,420539,420542,3,11
420528,420539,420542,3,11
420528,420539,420542,3,11
420528,420539,420542,3,11
420528,420539,420542,3,11
420528,420539,420542,3,11
420528,420539,420542,3,11
420528,420539,420542,3,11
420528,420539,420542,3,11
420528,420539,420542,3,11
420528,420539,420542,3,11
420528,420539,420542,3,11
420528,420539,420542,3,11
420528,420539,420542,3,11
420528,420539,420542,3,11
420528,420539,420542,3,11
420528,420539,420542,3,11
420528,420539,420542,3,11
420528,420539,420542,3,11
420548,420549,420553,4,1
420548,420549,420553,4,1
420548,420549,420553,4,1
420548,420549,420553,4,1
420548,420549,420553,4,1
420548,420549,420553,4,1
420548,420549,420553,4,1
420548,420549,420553,4,1
420548,420549,420553,4,1
420548,420549,420553,4,1
420548,420549,420553,4,1
420548,420549,420553,4,1
420548,420549,420553,4,1
420548,420549,420553,4,1
420548,420549,420553,4,1
420548,420549,420553,4,1
420548,420549,420553,4,1
420548,420549,420553,4,1
420548,420549,420553,4,1
420548,420549,420553,4,1
420548,420549,420554,5,1
420548,420549,420553,4,1
420548,420549,420553,4,1
420548,420549,420553,4,1
420548,420549,420553,4,1
420548,420549,420553,4,1
420548,420549,420553,4,1
420548,420549,420553,4,1
420548,420549,420553,4,1
420548,420549,420553,4,1
420548,420549,420553,4,1
420548,420549,420553,4,1
420548,420549,420553,4,1
420548,420549,420554,5,1
420548,420549,420553,4,1
420548,420549,420553,4,1
420548,420549,420553,4,1
420548,420549,420553,4,1
420548,420549,420553,4,1
420548,420549,420553,4,1
420548,420549,420553,4,1
420548,420549,420553,4,1
420548,420549,420553,4,1
420548,420549,420553,4,1
420548,420549,420553,4,1
420548,420549,420553,4,1
420548,420549,420553,4,1
420548,420549,420553,4,1
420548,420549,420553,4,1
420548,420549,420553,4,1
420548,420549,420553,4,1
420548,420549,420553,4,1
420548,420549,420554,5,1
420548,420549,420553,4,1
420548,420549,420553,4,1
420548,420549,420553,4,1
420548,420549,420553,4,1
420548,420549,420553,4,1
420548,420549,420554,5,1
420548,420549,420554,5,1
420548,420549,420554,5,1
420548,420549,420554,5,1
420548,420549,420554,5,1
420548,420549,420554,5,1
420548,420549,420554,5,1
420548,420549,420554,5,1
420548,420549,420554,5,1
420548,420549,420554,5,1
420548,420549,420554,5,1
420548,420549,420554,5,1
420548,420549,420554,5,1
420548,420549,420554,5,1
420548,420549,420555,6,1
420548,420549,420554,5,1
420548,420549,420554,5,1
420548,420549,420554,5,1
420548,420549,420554,5,1
420548,420549,420555,6,1
420548,420549,420555,6,1
420548,420549,420555,6,1
420548,420554,420558,4,6
420548,420554,420559,5,6
420548,420554,420559,5,6
420548,420554,420559,5,6
420548,420554,420559,5,6
420548,420554,420559,5,6
420548,420554,420559,5,6
420548,420554,420559,5,6
420548,420554,420559,5,6
420548,420554,420559,5,6
420548,420554,420559,5,6
420548,420554,420559,5,6
420548,420554,420559,5,6
420548,420554,420559,5,6
420548,420554,420559,5,6
420548,420554,420559,5,6
420548,420554,420559,5,6
420548,420554,420559,5,6
420548,420554,420559,5,6
420548,420554,420559,5,6
420548,420554,420559,5,6
420548,420555,420559,4,7
420548,420554,420558,4,6
420548,420554,420559,5,6
420548,420554,420559,5,6
420548,420554,420559,5,6
420548,420555,420559,4,7
420548,420555,420559,4,7
420548,420554,420559,5,6
420548,420554,420559,5,6
420548,420554,420559,5,6
420548,420554,420559,5,6
420548,420554,420559,5,6
420548,420555,420559,4,7
420548,420555,420559,4,7
420548,420554,420559,5,6
420548,420554,420559,5,6
420548,420554,420559,5,6
420548,420555,420559,4,7
420548,420554,420559,5,6
420548,420554,420559,5,6
420548,420554,420559,5,6
420548,420554,420559,5,6
420548,420554,420559,5,6
420548,420555,420559,4,7
420548,420554,420559,5,6
420548,420554,420559,5,6
420548,420554,420559,5,6
420548,420554,420559,5,6
420548,420554,420559,5,6
420548,420554,420559,5,6
420548,420554,420559,5,6
420548,420554,420559,5,6
420548,420554,420560,6,6
420548,420554,420560,6,6
420548,420554,420559,5,6
420548,420554,420560,6,6
420548,420554,420559,5,6
420548,420554,420559,5,6
420548,420555,420560,5,7
420548,420555,420560,5,7
420548,420555,420559,4,7
420548,420555,420560,5,7
420548,420555,420560,5,7
420548,420555,420560,5,7
420548,420555,420559,4,7
420548,420555,420559,4,7
420548,420555,420559,4,7
420548,420555,420559,4,7
420548,420555,420560,5,7
420548,420555,420560,5,7
420548,420554,420560,6,6
420548,420554,420560,6,6
420548,420554,420560,6,6
420548,420554,420560,6,6
420548,420554,420560,6,6
420548,420554,420560,6,6
420548,420559,420561,2,11
420548,420559,420561,2,11
420548,420556,420560,4,8
420548,420556,420561,5,8
420548,420556,420561,5,8
420548,420558,420561,3,10
420548,420559,420561,2,11
420548,420559,420561,2,11
420548,420559,420562,3,11
420548,420559,420562,3,11
420548,420559,420562,3,11
420548,420559,420562,3,11
420548,420559,420562,3,11
420548,420559,420562,3,11
420548,420559,420562,3,11
420548,420559,420562,3,11
420548,420559,420562,3,11
420548,420559,420562,3,11
420548,420559,420562,3,11
420548,420559,420562,3,11
420548,420559,420562,3,11
420548,420559,420562,3,11
420548,420559,420562,3,11
420548,420559,420562,3,11
420548,420559,420562,3,11
420548,420559,420562,3,11
420548,420559,420562,3,11
420548,420559,420563,4,11
420548,420559,420562,3,11
420548,420559,420563,4,11
420548,420559,420562,3,11
420548,420559,420562,3,11
420548,420559,420563,4,11
420548,420559,420563,4,11
420548,420559,420563,4,11
420548,420559,420563,4,11
420548,420559,420563,4,11
420548,420559,420563,4,11
420548,420559,420563,4,11
420548,420559,420563,4,11
420548,420559,420562,3,11
420548,420559,420563,4,11
420548,420559,420563,4,11
420568,420568,420573,5,0
420568,420568,420573,5,0
420568,420568,420573,5,0
420568,420568,420573,5,0
420568,420568,420572,4,0
420568,420568,420573,5,0
420568,420568,420573,5,0
420568,420568,420573,5,0
420568,420568,420572,4,0
420568,420568,420573,5,0
420568,420568,420573,5,0
420568,420568,420573,5,0
420568,420568,420573,5,0
420568,420568,420573,5,0
420568,420568,420573,5,0
420568,420568,420573,5,0
420568,420568,420573,5,0
420568,420568,420573,5,0
420568,420568,420573,5,0
420568,420568,420572,4,0
420568,420568,420573,5,0
420568,420568,420573,5,0
420568,420568,420573,5,0
420568,420568,420573,5,0
420568,420568,420573,5,0
420568,420568,420572,4,0
420568,420568,420573,5,0
420568,420568,420573,5,0
420568,420568,420573,5,0
420568,420568,420572,4,0
420568,420568,420573,5,0
420568,420568,420572,4,0
420568,420568,420573,5,0
420568,420568,420573,5,0
420568,420568,420573,5,0
420568,420568,420573,5,0
420568,420568,420573,5,0
420568,420568,420573,5,0
420568,420568,420573,5,0
420568,420568,420573,5,0
420568,420568,420573,5,0
420568,420568,420573,5,0
420568,420568,420573,5,0
420568,420568,420573,5,0
420568,420568,420572,4,0
420568,420568,420573,5,0
420568,420568,420572,4,0
420568,420568,420573,5,0
420568,420568,420573,5,0
420568,420568,420573,5,0
420568,420568,420573,5,0
420568,420568,420573,5,0
420568,420568,420572,4,0
420568,420568,420573,5,0
420568,420568,420572,4,0
420568,420568,420573,5,0
420568,420568,420573,5,0
420568,420568,420573,5,0
420568,420568,420573,5,0
420568,420568,420572,4,0
420568,420568,420573,5,0
420568,420568,420573,5,0
420568,420568,420573,5,0
420568,420568,420574,6,0
420568,420568,420573,5,0
420568,420568,420574,6,0
420568,420568,420574,6,0
420568,420568,420573,5,0
420568,420568,420574,6,0
420568,420568,420574,6,0
420568,420568,420574,6,0
420568,420568,420573,5,0
420568,420568,420574,6,0
420568,420568,420574,6,0
420568,420568,420573,5,0
420568,420568,420574,6,0
420568,420568,420574,6,0
420568,420568,420573,5,0
420568,420568,420573,5,0
420568,420568,420573,5,0
420568,420573,420577,4,5
420568,420573,420578,5,5
420568,420573,420578,5,5
420568,420573,420578,5,5
420568,420573,420578,5,5
420568,420573,420578,5,5
420568,420573,420578,5,5
420568,420574,420578,4,6
420568,420573,420578,5,5
420568,420573,420578,5,5
420568,420573,420578,5,5
420568,420573,420578,5,5
420568,420573,420578,5,5
420568,420573,420578,5,5
420568,420574,420579,5,6
420568,420574,420578,4,6
420568,420573,420578,5,5
420568,420573,420578,5,5
420568,420573,420578,5,5
420568,420573,420578,5,5
420568,420574,420578,4,6
420568,420574,420578,4,6
420568,420573,420578,5,5
420568,420573,420578,5,5
420568,420573,420578,5,5
420568,420573,420578,5,5
420568,420573,420578,5,5
420568,420573,420578,5,5
420568,420573,420578,5,5
420568,420573,420578,5,5
420568,420573,420578,5,5
420568,420573,420578,5,5
420568,420573,420578,5,5
420568,420573,420578,5,5
420568,420573,420578,5,5
420568,420573,420578,5,5
420568,420573,420578,5,5
420568,420573,420578,5,5
420568,420573,420578,5,5
420568,420573,420578,5,5
420568,420573,420578,5,5
420568,420573,420578,5,5
420568,420573,420578,5,5
420568,420573,420578,5,5
420568,420573,420578,5,5
420568,420575,420578,3,7
420568,420573,420578,5,5
420568,420573,420578,5,5
420568,420573,420578,5,5
420568,420573,420578,5,5
420568,420573,420578,5,5
420568,420573,420578,5,5
420568,420574,420578,4,6
420568,420573,420578,5,5
420568,420573,420578,5,5
420568,420573,420578,5,5
420568,420573,420578,5,5
420568,420573,420578,5,5
420568,420573,420578,5,5
420568,420574,420579,5,6
420568,420575,420579,4,7
420568,420575,420579,4,7
420568,420575,420580,5,7
420568,420575,420579,4,7
420568,420575,420579,4,7
420568,420575,420579,4,7
420568,420575,420579,4,7
420568,420575,420579,4,7
420568,420575,420580,5,7
420568,420575,420580,5,7
420568,420575,420579,4,7
420568,420575,420579,4,7
420568,420575,420579,4,7
420568,420575,420580,5,7
420568,420578,420580,2,10
420568,420573,420579,6,5
420568,420574,420579,5,6
420568,420573,420579,6,5
420568,420575,420580,5,7
420568,420575,420580,5,7
420568,420575,420580,5,7
420568,420579,420582,3,11
420568,420579,420581,2,11
420568,420579,420581,2,11
420568,420579,420581,2,11
420568,420579,420582,3,11
420568,420579,420581,2,11
420568,420579,420581,2,11
420568,420579,420582,3,11
420568,420579,420582,3,11
420568,420579,420581,2,11
420568,420579,420582,3,11
420568,420579,420581,2,11
420568,420579,420581,2,11
420568,420579,420582,3,11
420568,420579,420582,3,11
420568,420579,420581,2,11
420568,420579,420582,3,11
420568,420579,420582,3,11
420568,420579,420582,3,11
420568,420579,420582,3,11
420568,420579,420582,3,11
420568,420579,420582,3,11
420568,420579,420582,3,11
420568,420579,420582,3,11
420568,420579,420582,3,11
420568,420579,420583,4,11
420568,420579,420582,3,11
420568,420579,420583,4,11
420568,420579,420582,3,11
420568,420579,420582,3,11
420568,420579,420582,3,11
420568,420579,420582,3,11
420568,420579,420582,3,11
420568,420579,420582,3,11
420568,420579,420582,3,11
420568,420579,420582,3,11
420568,420579,420582,3,11
420568,420579,420582,3,11
420568,420579,420583,4,11
420589,420589,420594,5,0
420589,420589,420594,5,0
420589,420589,420594,5,0
420589,420589,420593,4,0
420589,420589,420594,5,0
420589,420589,420594,5,0
420589,420589,420594,5,0
420589,420589,420594,5,0
420589,420589,420594,5,0
420589,420589,420594,5,0
420589,420589,420594,5,0
420589,420589,420594,5,0
420589,420589,420594,5,0
420589,420589,420594,5,0
420589,420589,420594,5,0
420589,420589,420594,5,0
420589,420589,420594,5,0
420589,420589,420594,5,0
420589,420589,420594,5,0
420589,420589,420594,5,0
420589,420589,420594,5,0
420589,420589,420594,5,0
420589,420589,420594,5,0
420589,420589,420594,5,0
420589,420589,420594,5,0
420589,420589,420594,5,0
420589,420589,420594,5,0
420589,420589,420594,5,0
420589,420589,420594,5,0
420589,420589,420594,5,0
420589,420589,420594,5,0
420589,420589,420594,5,0
420589,420589,420594,5,0
420589,420589,420594,5,0
420589,420589,420594,5,0
420589,420589,420594,5,0
420589,420589,420594,5,0
420589,420589,420594,5,0
420589,420589,420594,5,0
420589,420589,420594,5,0
420589,420589,420594,5,0
420589,420589,420594,5,0
420589,420589,420594,5,0
420589,420589,420594,5,0
420589,420589,420594,5,0
420589,420589,420594,5,0
420589,420589,420594,5,0
420589,420589,420594,5,0
420589,420589,420594,5,0
420589,420589,420594,5,0
420589,420589,420594,5,0
420589,420589,420594,5,0
420589,420589,420594,5,0
420589,420589,420594,5,0
420589,420589,420594,5,0
420589,420589,420594,5,0
420589,420589,420595,6,0
420589,420589,420594,5,0
420589,420589,420595,6,0
420589,420589,420595,6,0
420589,420589,420595,6,0
420589,420589,420595,6,0
420589,420589,420594,5,0
420589,420589,420594,5,0
420589,420589,420594,5,0
420589,420589,420595,6,0
420589,420589,420594,5,0
420589,420589,420594,5,0
420589,420589,420594,5,0
420589,420589,420594,5,0
420589,420589,420594,5,0
420589,420589,420594,5,0
420589,420589,420594,5,0
420589,420589,420594,5,0
420589,420589,420595,6,0
420589,420589,420595,6,0
420589,420589,420595,6,0
420589,420589,420594,5,0
420589,420589,420594,5,0
420589,420589,420594,5,0
420589,420594,420596,2,5
420589,420594,420598,4,5
420589,420594,420598,4,5
420589,420594,420598,4,5
420589,420594,420599,5,5
420589,420594,420598,4,5
420589,420594,420599,5,5
420589,420594,420599,5,5
420589,420595,420599,4,6
420589,420594,420599,5,5
420589,420594,420599,5,5
420589,420594,420599,5,5
420589,420594,420599,5,5
420589,420594,420599,5,5
420589,420594,420599,5,5
420589,420594,420599,5,5
420589,420594,420599,5,5
420589,420594,420599,5,5
420589,420594,420599,5,5
420589,420594,420599,5,5
420589,420594,420599,5,5
420589,420594,420599,5,5
420589,420595,420599,4,6
420589,420594,420599,5,5
420589,420594,420599,5,5
420589,420594,420599,5,5
420589,420594,420599,5,5
420589,420594,420599,5,5
420589,420594,420599,5,5
420589,420595,420599,4,6
420589,420594,420599,5,5
420589,420594,420599,5,5
420589,420594,420599,5,5
420589,420594,420599,5,5
420589,420594,420599,5,5
420589,420595,420599,4,6
420589,420595,420599,4,6
420589,420595,420599,4,6
420589,420594,420599,5,5
420589,420594,420599,5,5
420589,420595,420599,4,6
420589,420595,420599,4,6
420589,420595,420599,4,6
420589,420594,420599,5,5
420589,420594,420599,5,5
420589,420595,420599,4,6
420589,420595,420599,4,6
420589,420594,420599,5,5
420589,420594,420599,5,5
420589,420594,420599,5,5
420589,420594,420599,5,5
420589,420595,420599,4,6
420589,420595,420599,4,6
420589,420594,420599,5,5
420589,420594,420599,5,5
420589,420594,420599,5,5
420589,420594,420599,5,5
420589,420595,420599,4,6
420589,420595,420599,4,6
420589,420595,420599,4,6
420589,420594,420599,5,5
420589,420594,420599,5,5
420589,420594,420599,5,5
420589,420595,420600,5,6
420589,420595,420600,5,6
420589,420595,420600,5,6
420589,420598,420600,2,9
420589,420595,420600,5,6
420589,420598,420600,2,9
420589,420595,420600,5,6
420589,420595,420600,5,6
420589,420597,420600,3,8
420589,420595,420600,5,6
420589,420595,420600,5,6
420589,420595,420600,5,6
420589,420595,420600,5,6
420589,420595,420600,5,6
420589,420595,420600,5,6
420589,420595,420600,5,6
420589,420595,420600,5,6
420589,420599,420602,3,10
420589,420599,420602,3,10
420589,420599,420602,3,10
420589,420600,420602,2,11
420589,420599,420602,3,10
420589,420600,420602,2,11
420589,420600,420602,2,11
420589,420599,420603,4,10
420589,420600,420602,2,11
420589,420599,420603,4,10
420589,420600,420602,2,11
420589,420600,420602,2,11
420589,420600,420602,2,11
420589,420599,420602,3,10
420589,420600,420602,2,11
420589,420599,420602,3,10
420589,420599,420602,3,10
420589,420600,420602,2,11
420589,420600,420602,2,11
420589,420600,420602,2,11
420589,420600,420602,2,11
420589,420600,420603,3,11
420589,420600,420603,3,11
420589,420600,420603,3,11
420589,420600,420603,3,11
420589,420599,420603,4,10
420589,420600,420603,3,11
420589,420599,420603,4,10
420589,420599,420603,4,10
420589,420600,420603,3,11
420589,420599,420603,4,10
420589,420600,420603,3,11
420589,420599,420603,4,10
420589,420600,420603,3,11
420589,420599,420603,4,10
420589,420600,420604,4,11
420589,420595,420600,5,6
420589,420595,420600,5,6
420589,420595,420600,5,6
420589,420598,420600,2,9
420645,420645,420650,5,0
420645,420645,420650,5,0
420645,420645,420650,5,0
420645,420645,420651,6,0
420645,420645,420651,6,0
420645,420645,420651,6,0
420645,420645,420651,6,0
420645,420645,420651,6,0
420645,420645,420651,6,0
420645,420645,420651,6,0
420645,420645,420651,6,0
420645,420645,420651,6,0
420645,420645,420651,6,0
420645,420645,420651,6,0
420645,420645,420651,6,0
420645,420645,420651,6,0
420645,420645,420651,6,0
420645,420645,420651,6,0
420645,420645,420651,6,0
420645,420645,420651,6,0
420645,420645,420651,6,0
420645,420645,420651,6,0
420645,420645,420651,6,0
420645,420645,420651,6,0
420645,420645,420651,6,0
420645,420645,420651,6,0
420645,420645,420651,6,0
420645,420645,420651,6,0
420645,420645,420651,6,0
420645,420645,420651,6,0
420645,420645,420651,6,0
420645,420645,420651,6,0
420645,420645,420651,6,0
420645,420645,420651,6,0
420645,420645,420651,6,0
420645,420645,420651,6,0
420645,420645,420651,6,0
420645,420645,420651,6,0
420645,420645,420651,6,0
420645,420645,420651,6,0
420645,420645,420651,6,0
420645,420645,420651,6,0
420645,420645,420651,6,0
420645,420645,420651,6,0
420645,420645,420651,6,0
420645,420645,420651,6,0
420645,420645,420651,6,0
420645,420645,420651,6,0
420645,420645,420651,6,0
420645,420645,420651,6,0
420645,420645,420651,6,0
420645,420645,420651,6,0
420645,420645,420651,6,0
420645,420645,420651,6,0
420645,420645,420651,6,0
420645,420645,420651,6,0
420645,420645,420651,6,0
420645,420645,420651,6,0
420645,420645,420651,6,0
420645,420645,420651,6,0
420645,420645,420651,6,0
420645,420645,420651,6,0
420645,420645,420651,6,0
420645,420645,420651,6,0
420645,420645,420651,6,0
420645,420646,420651,5,1
420645,420645,420651,6,0
420645,420645,420651,6,0
420645,420645,420651,6,0
420645,420645,420651,6,0
420645,420645,420651,6,0
420645,420645,420651,6,0
420645,420645,420651,6,0
420645,420646,420651,5,1
420645,420645,420651,6,0
420645,420645,420651,6,0
420645,420645,420651,6,0
420645,420645,420651,6,0
420645,420645,420651,6,0
420645,420645,420651,6,0
420645,420651,420652,1,6
420645,420651,420652,1,6
420645,420650,420652,2,5
420645,420652,420656,4,7
420645,420652,420657,5,7
420645,420652,420657,5,7
420645,420652,420657,5,7
420645,420652,420657,5,7
420645,420652,420657,5,7
420645,420652,420657,5,7
420645,420652,420657,5,7
420645,420652,420657,5,7
420645,420652,420657,5,7
420645,420652,420657,5,7
420645,420652,420657,5,7
420645,420652,420657,5,7
420645,420652,420657,5,7
420645,420652,420657,5,7
420645,420652,420657,5,7
420645,420652,420657,5,7
420645,420652,420657,5,7
420645,420652,420657,5,7
420645,420652,420657,5,7
420645,420652,420657,5,7
420645,420652,420657,5,7
420645,420652,420657,5,7
420645,420652,420657,5,7
420645,420652,420657,5,7
420645,420652,420657,5,7
420645,420652,420657,5,7
420645,420652,420657,5,7
420645,420652,420657,5,7
420645,420652,420657,5,7
420645,420652,420657,5,7
420645,420652,420657,5,7
420645,420652,420657,5,7
420645,420652,420657,5,7
420645,420652,420657,5,7
420645,420652,420657,5,7
420645,420652,420657,5,7
420645,420652,420657,5,7
420645,420652,420657,5,7
420645,420652,420657,5,7
420645,420652,420657,5,7
420645,420652,420657,5,7
420645,420653,420657,4,8
420645,420652,420657,5,7
420645,420652,420657,5,7
420645,420652,420657,5,7
420645,420652,420657,5,7
420645,420652,420658,6,7
420645,420652,420658,6,7
420645,420652,420658,6,7
420645,420652,420657,5,7
420645,420652,420657,5,7
420645,420652,420657,5,7
420645,420652,420657,5,7
420645,420652,420657,5,7
420645,420652,420658,6,7
420645,420652,420657,5,7
420645,420652,420657,5,7
420645,420652,420657,5,7
420645,420652,420658,6,7
420645,420652,420658,6,7
420645,420652,420657,5,7
420645,420652,420658,6,7
420645,420652,420657,5,7
420645,420652,420657,5,7
420645,420652,420658,6,7
420645,420652,420658,6,7
420645,420653,420657,4,8
420645,420652,420657,5,7
420645,420652,420657,5,7
420645,420652,420657,5,7
420645,420652,420658,6,7
420645,420652,420657,5,7
420645,420652,420657,5,7
420645,420652,420658,6,7
420645,420652,420658,6,7
420645,420652,420658,6,7
420645,420652,420658,6,7
420645,420652,420658,6,7
420645,420657,420659,2,12
420645,420653,420658,5,8
420645,420657,420659,2,12
420645,420657,420659,2,12
420645,420657,420659,2,12
420645,420657,420660,3,12
420645,420657,420660,3,12
420645,420657,420660,3,12
420645,420657,420660,3,12
420645,420657,420660,3,12
420645,420657,420660,3,12
420645,420657,420660,3,12
420645,420657,420659,2,12
420645,420657,420660,3,12
420645,420657,420660,3,12
420645,420657,420660,3,12
420645,420657,420660,3,12
420645,420657,420660,3,12
420645,420657,420660,3,12
420645,420657,420660,3,12
420645,420657,420660,3,12
420645,420657,420660,3,12
420645,420657,420660,3,12
420645,420657,420660,3,12
420645,420657,420661,4,12
420645,420657,420661,4,12
420645,420657,420660,3,12
420645,420657,420661,4,12
420645,420657,420661,4,12
420645,420657,420661,4,12
420645,420657,420661,4,12
420645,420657,420661,4,12
420645,420657,420660,3,12
420645,420657,420661,4,12
420645,420657,420661,4,12
420645,420657,420661,4,12
420645,420657,420661,4,12
420645,420657,420660,3,12
420666,420666,420671,5,0
420666,420666,420671,5,0
420666,420666,420671,5,0
420666,420666,420671,5,0
420666,420666,420671,5,0
420666,420666,420671,5,0
420666,420666,420671,5,0
420666,420666,420671,5,0
420666,420666,420671,5,0
420666,420666,420671,5,0
420666,420666,420671,5,0
420666,420666,420671,5,0
420666,420666,420671,5,0
420666,420666,420671,5,0
420666,420666,420671,5,0
420666,420666,420671,5,0
420666,420666,420671,5,0
420666,420666,420671,5,0
420666,420666,420671,5,0
420666,420666,420671,5,0
420666,420666,420671,5,0
420666,420666,420671,5,0
420666,420666,420671,5,0
420666,420666,420671,5,0
420666,420666,420671,5,0
420666,420666,420671,5,0
420666,420666,420671,5,0
420666,420666,420671,5,0
420666,420666,420672,6,0
420666,420666,420671,5,0
420666,420666,420671,5,0
420666,420666,420671,5,0
420666,420666,420671,5,0
420666,420666,420672,6,0
420666,420666,420671,5,0
420666,420666,420671,5,0
420666,420666,420672,6,0
420666,420666,420671,5,0
420666,420666,420671,5,0
420666,420666,420671,5,0
420666,420666,420672,6,0
420666,420666,420671,5,0
420666,420666,420672,6,0
420666,420666,420671,5,0
420666,420666,420671,5,0
420666,420666,420671,5,0
420666,420666,420672,6,0
420666,420666,420672,6,0
420666,420666,420672,6,0
420666,420666,420672,6,0
420666,420666,420671,5,0
420666,420666,420671,5,0
420666,420666,420672,6,0
420666,420666,420671,5,0
420666,420666,420672,6,0
420666,420666,420671,5,0
420666,420666,420671,5,0
420666,420666,420671,5,0
420666,420666,420671,5,0
420666,420666,420672,6,0
420666,420666,420672,6,0
420666,420666,420671,5,0
420666,420666,420672,6,0
420666,420666,420671,5,0
420666,420666,420672,6,0
420666,420666,420672,6,0
420666,420666,420671,5,0
420666,420666,420672,6,0
420666,420666,420672,6,0
420666,420666,420672,6,0
420666,420666,420672,6,0
420666,420666,420672,6,0
420666,420666,420673,7,0
420666,420666,420673,7,0
420666,420666,420672,6,0
420666,420666,420673,7,0
420666,420666,420672,6,0
420666,420666,420672,6,0
420666,420666,420672,6,0
420666,420671,420674,3,5
420666,420671,420673,2,5
420666,420671,420673,2,5
420666,420666,420673,7,0
420666,420671,420673,2,5
420666,420671,420674,3,5
420666,420671,420673,2,5
420666,420671,420674,3,5
420666,420671,420675,4,5
420666,420671,420675,4,5
420666,420671,420675,4,5
420666,420671,420675,4,5
420666,420671,420675,4,5
420666,420671,420676,5,5
420666,420672,420676,4,6
420666,420672,420676,4,6
420666,420672,420676,4,6
420666,420672,420676,4,6
420666,420672,420676,4,6
420666,420672,420676,4,6
420666,420672,420676,4,6
420666,420672,420676,4,6
420666,420672,420676,4,6
420666,420672,420676,4,6
420666,420672,420676,4,6
420666,420672,420676,4,6
420666,420672,420676,4,6
420666,420672,420676,4,6
420666,420672,420676,4,6
420666,420672,420676,4,6
420666,420672,420676,4,6
420666,420672,420676,4,6
420666,420672,420676,4,6
420666,420672,420676,4,6
420666,420672,420676,4,6
420666,420673,420676,3,7
420666,420673,420676,3,7
420666,420673,420676,3,7
420666,420673,420676,3,7
420666,420673,420676,3,7
420666,420673,420676,3,7
420666,420673,420676,3,7
420666,420671,420676,5,5
420666,420671,420676,5,5
420666,420672,420676,4,6
420666,420672,420676,4,6
420666,420672,420676,4,6
420666,420672,420676,4,6
420666,420672,420676,4,6
420666,420673,420676,3,7
420666,420673,420676,3,7
420666,420673,420676,3,7
420666,420673,420676,3,7
420666,420673,420676,3,7
420666,420673,420677,4,7
420666,420673,420676,3,7
420666,420673,420676,3,7
420666,420673,420676,3,7
420666,420673,420676,3,7
420666,420673,420676,3,7
420666,420674,420677,3,8
420666,420673,420676,3,7
420666,420673,420676,3,7
420666,420673,420676,3,7
420666,420673,420676,3,7
420666,420673,420676,3,7
420666,420673,420676,3,7
420666,420673,420676,3,7
420666,420673,420676,3,7
420666,420673,420676,3,7
420666,420673,420677,4,7
420666,420673,420677,4,7
420666,420673,420678,5,7
420666,420673,420677,4,7
420666,420673,420677,4,7
420666,420673,420677,4,7
420666,420673,420677,4,7
420666,420676,420677,1,10
420666,420674,420677,3,8
420666,420676,420677,1,10
420666,420674,420677,3,8
420666,420674,420677,3,8
420666,420673,420677,4,7
420666,420676,420678,2,10
420666,420676,420678,2,10
420666,420674,420677,3,8
420666,420674,420677,3,8
420666,420674,420677,3,8
420666,420674,420677,3,8
420666,420675,420677,2,9
420666,420676,420678,2,10
420666,420673,420678,5,7
420666,420677,420678,1,11
420666,420677,420678,1,11
420666,420677,420678,1,11
420666,420677,420678,1,11
420666,420673,420678,5,7
420666,420677,420678,1,11
420666,420677,420679,2,11
420666,420674,420678,4,8
420666,420677,420679,2,11
420666,420677,420679,2,11
420666,420677,420679,2,11
420666,420677,420679,2,11
420666,420677,420679,2,11
420666,420677,420679,2,11
420666,420677,420680,3,11
420666,420677,420679,2,11
420666,420677,420679,2,11
420666,420677,420680,3,11
420666,420677,420680,3,11
420666,420677,420680,3,11
420666,420677,420680,3,11
420666,420677,420679,2,11
420666,420677,420679,2,11
420666,420677,420679,2,11
420666,420677,420679,2,11
420666,420677,420679,2,11
420666,420677,420679,2,11
420666,420677,420680,3,11
420666,420677,420680,3,11
420684,420684,420689,5,0
420684,420684,420689,5,0
420684,420684,420689,5,0
420684,420684,420689,5,0
420684,420684,420689,5,0
420684,420684,420689,5,0
420684,420684,420689,5,0
420684,420684,420689,5,0
420684,420684,420689,5,0
420684,420684,420689,5,0
420684,420684,420689,5,0
420684,420684,420689,5,0
420684,420684,420689,5,0
420684,420684,420689,5,0
420684,420684,420689,5,0
420684,420684,420689,5,0
420684,420684,420689,5,0
420684,420684,420689,5,0
420684,420684,420689,5,0
420684,420684,420689,5,0
420684,420684,420689,5,0
420684,420684,420689,5,0
420684,420684,420689,5,0
420684,420684,420689,5,0
420684,420684,420689,5,0
420684,420684,420689,5,0
420684,420684,420689,5,0
420684,420684,420689,5,0
420684,420684,420689,5,0
420684,420684,420689,5,0
420684,420684,420689,5,0
420684,420684,420689,5,0
420684,420684,420689,5,0
420684,420684,420689,5,0
420684,420684,420689,5,0
420684,420684,420689,5,0
420684,420684,420689,5,0
420684,420684,420689,5,0
420684,420684,420689,5,0
420684,420684,420689,5,0
420684,420684,420689,5,0
420684,420684,420689,5,0
420684,420684,420689,5,0
420684,420684,420689,5,0
420684,420684,420689,5,0
420684,420684,420689,5,0
420684,420684,420689,5,0
420684,420684,420689,5,0
420684,420684,420689,5,0
420684,420684,420689,5,0
420684,420684,420689,5,0
420684,420684,420689,5,0
420684,420684,420689,5,0
420684,420684,420689,5,0
420684,420684,420689,5,0
420684,420684,420689,5,0
420684,420684,420689,5,0
420684,420684,420689,5,0
420684,420684,420689,5,0
420684,420684,420689,5,0
420684,420684,420689,5,0
420684,420684,420689,5,0
420684,420684,420689,5,0
420684,420684,420689,5,0
420684,420684,420689,5,0
420684,420684,420689,5,0
420684,420684,420689,5,0
420684,420684,420690,6,0
420684,420684,420690,6,0
420684,420684,420690,6,0
420684,420684,420690,6,0
420684,420684,420690,6,0
420684,420684,420690,6,0
420684,420684,420690,6,0
420684,420684,420690,6,0
420684,420684,420690,6,0
420684,420684,420690,6,0
420684,420684,420690,6,0
420684,420684,420690,6,0
420684,420684,420690,6,0
420684,420690,420692,2,6
420684,420690,420694,4,6
420684,420690,420694,4,6
420684,420690,420694,4,6
420684,420690,420694,4,6
420684,420690,420694,4,6
420684,420690,420694,4,6
420684,420690,420694,4,6
420684,420690,420694,4,6
420684,420690,420694,4,6
420684,420690,420694,4,6
420684,420690,420694,4,6
420684,420690,420694,4,6
420684,420690,420694,4,6
420684,420690,420693,3,6
420684,420690,420694,4,6
420684,420690,420694,4,6
420684,420690,420694,4,6
420684,420690,420694,4,6
420684,420690,420694,4,6
420684,420690,420694,4,6
420684,420690,420694,4,6
420684,420690,420694,4,6
420684,420690,420694,4,6
420684,420690,420694,4,6
420684,420690,420694,4,6
420684,420690,420694,4,6
420684,420690,420694,4,6
420684,420690,420694,4,6
420684,420690,420694,4,6
420684,420690,420694,4,6
420684,420690,420694,4,6
420684,420690,420694,4,6
420684,420690,420694,4,6
420684,420690,420694,4,6
420684,420690,420694,4,6
420684,420690,420694,4,6
420684,420690,420694,4,6
420684,420690,420694,4,6
420684,420690,420694,4,6
420684,420690,420694,4,6
420684,420690,420694,4,6
420684,420690,420694,4,6
420684,420690,420694,4,6
420684,420690,420694,4,6
420684,420690,420694,4,6
420684,420691,420694,3,7
420684,420691,420694,3,7
420684,420690,420694,4,6
420684,420690,420694,4,6
420684,420690,420694,4,6
420684,420691,420695,4,7
420684,420690,420694,4,6
420684,420691,420695,4,7
420684,420691,420695,4,7
420684,420691,420695,4,7
420684,420691,420695,4,7
420684,420690,420694,4,6
420684,420690,420695,5,6
420684,420691,420695,4,7
420684,420694,420695,1,10
420684,420694,420695,1,10
420684,420694,420695,1,10
420684,420690,420695,5,6
420684,420690,420694,4,6
420684,420691,420695,4,7
420684,420694,420695,1,10
420684,420690,420694,4,6
420684,420694,420695,1,10
420684,420694,420695,1,10
420684,420694,420695,1,10
420684,420690,420695,5,6
420684,420690,420694,4,6
420684,420690,420694,4,6
420684,420694,420695,1,10
420684,420694,420695,1,10
420684,420690,420694,4,6
420684,420690,420694,4,6
420684,420690,420694,4,6
420684,420690,420695,5,6
420684,420694,420695,1,10
420684,420694,420695,1,10
420684,420690,420695,5,6
420684,420690,420695,5,6
420684,420690,420695,5,6
420684,420690,420695,5,6
420684,420690,420695,5,6
420684,420691,420695,4,7
420684,420691,420695,4,7
420684,420691,420695,4,7
420684,420691,420695,4,7
420684,420693,420695,2,9
490852,490852,490853,1,0
490852,490852,490853,1,0
490852,490852,490853,1,0
491180,491180,491181,1,0
491180,491180,491181,1,0
491180,491180,491181,1,0
491513,491513,496540,5027,0
491512,491512,496540,5028,0
491513,491513,496540,5027,0
491512,491512,496540,5028,0
491513,491513,496540,5027,0
491513,491513,496540,5027,0
491513,491513,496540,5027,0
491513,491513,496540,5027,0
491513,491513,496540,5027,0
491513,491513,496541,5028,0
496594,496594,496656,62,0
496595,496595,496656,61,0
496596,496596,496656,60,0
496597,496598,496656,58,1
496599,496599,496656,57,0
496600,496600,496656,56,0
496601,496601,496656,55,0
496597,496597,496656,59,0
496600,496600,496656,56,0
496601,496601,496656,55,0
496602,496602,496656,54,0
496600,496600,496656,56,0
496599,496599,496656,57,0
496601,496601,496656,55,0
496599,496599,496656,57,0
496601,496602,496656,54,1
496599,496599,496656,57,0
496602,496602,496656,54,0
496599,496599,496656,57,0
496602,496602,496656,54,0
496600,496600,496656,56,0
496602,496602,496656,54,0
496600,496600,496656,56,0
496602,496602,496656,54,0
496598,496598,496656,58,0
496600,496600,496656,56,0
496601,496601,496656,55,0
496597,496597,496656,59,0
496602,496602,496656,54,0
496604,496604,496656,52,0
496606,496606,496656,50,0
496607,496607,496657,50,0
496609,496609,496657,48,0
496610,496610,496657,47,0
496612,496612,496657,45,0
496613,496613,496657,44,0
496615,496615,496657,42,0
496616,496616,496657,41,0
496603,496603,496656,53,0
496605,496605,496656,51,0
496606,496606,496656,50,0
496608,496608,496656,48,0
496609,496609,496656,47,0
496610,496610,496657,47,0
496612,496612,496657,45,0
496613,496613,496657,44,0
496614,496614,496657,43,0
496616,496616,496657,41,0
496603,496603,496656,53,0
496605,496605,496656,51,0
496606,496606,496656,50,0
496608,496608,496656,48,0
496609,496609,496656,47,0
496610,496611,496657,46,1
496612,496612,496657,45,0
496613,496613,496657,44,0
496614,496614,496657,43,0
496616,496616,496657,41,0
496604,496604,496656,52,0
496605,496605,496656,51,0
496607,496607,496656,49,0
496608,496608,496656,48,0
496609,496609,496656,47,0
496611,496611,496656,45,0
496612,496612,496656,44,0
496614,496614,496657,43,0
496615,496615,496657,42,0
496616,496616,496657,41,0
496603,496603,496656,53,0
496605,496605,496656,51,0
496607,496607,496656,49,0
496608,496608,496656,48,0
496609,496609,496657,48,0
496611,496611,496657,46,0
496612,496612,496657,45,0
496613,496613,496657,44,0
496615,496615,496657,42,0
496616,496616,496657,41,0
496604,496604,496656,52,0
496605,496605,496656,51,0
496607,496607,496656,49,0
496608,496608,496656,48,0
496610,496610,496656,46,0
496611,496611,496656,45,0
496612,496612,496657,45,0
496614,496614,496657,43,0
496615,496615,496657,42,0
496616,496617,496657,40,1
496603,496603,496656,53,0
496604,496604,496656,52,0
496605,496605,496656,51,0
496607,496607,496656,49,0
496608,496608,496656,48,0
496610,496610,496656,46,0
496611,496611,496656,45,0
496613,496613,496657,44,0
496614,496614,496657,43,0
496615,496615,496657,42,0
496617,496617,496657,40,0
496595,496595,496656,61,0
496596,496596,496656,60,0
496597,496597,496656,59,0
496598,496598,496656,58,0
496595,496595,496656,61,0
496596,496596,496656,60,0
496597,496597,496656,59,0
496598,496598,496656,58,0
496595,496595,496656,61,0
496596,496596,496656,60,0
496597,496597,496656,59,0
496598,496598,496656,58,0
496595,496595,496656,61,0
496596,496596,496656,60,0
496597,496597,496656,59,0
496598,496598,496656,58,0
496594,496594,496656,62,0
496595,496595,496656,61,0
496595,496596,496656,60,1
496596,496596,496656,60,0
496595,496595,496656,61,0
496596,496596,496656,60,0
496597,496597,496656,59,0
496598,496598,496656,58,0
496599,496599,496656,57,0
496600,496600,496656,56,0
496601,496601,496656,55,0
496601,496601,496656,55,0
496602,496602,496656,54,0
496603,496603,496657,54,0
496598,496599,496656,57,1
496601,496601,496656,55,0
496603,496603,496656,53,0
496604,496604,496656,52,0
496606,496606,496656,50,0
496607,496607,496656,49,0
496609,496609,496656,47,0
496610,496610,496657,47,0
496611,496611,496657,46,0
496613,496613,496657,44,0
496614,496614,496657,43,0
496615,496615,496657,42,0
496603,496603,496657,54,0
496604,496604,496657,53,0
496604,496604,496657,53,0
496605,496605,496657,52,0
496606,496606,496657,51,0
496606,496606,496657,51,0
496618,496618,496657,39,0
496619,496620,496657,37,1
496622,496622,496657,35,0
496623,496623,496657,34,0
496617,496617,496657,40,0
496619,496619,496657,38,0
496620,496620,496657,37,0
496621,496621,496657,36,0
496623,496623,496657,34,0
496617,496617,496657,40,0
496618,496618,496657,39,0
496620,496620,496657,37,0
496621,496621,496657,36,0
496617,496617,496657,40,0
496618,496618,496657,39,0
496620,496620,496657,37,0
496621,496621,496657,36,0
496617,496618,496657,39,1
496619,496619,496657,38,0
496620,496620,496657,37,0
496622,496622,496657,35,0
496617,496617,496657,40,0
496619,496619,496657,38,0
496620,496620,496657,37,0
496621,496621,496657,36,0
496618,496618,496657,39,0
496619,496619,496657,38,0
496620,496621,496657,36,1
496622,496622,496657,35,0
496618,496618,496657,39,0
496619,496619,496657,38,0
496621,496621,496657,36,0
496622,496622,496657,35,0
496697,496697,497456,759,0
496702,496702,497520,818,0
496707,496707,497630,923,0
496694,496694,497667,973,0
496710,496710,497687,977,0
496719,496719,497706,987,0
496718,496718,497711,993,0
496714,496714,497716,1002,0
496719,496720,497719,999,1
496699,496699,497738,1039,0
496697,496697,497740,1043,0
496703,496703,497741,1038,0
496718,496718,497742,1024,0
496717,496717,497774,1057,0
496719,496719,497775,1056,0
496706,496706,497814,1108,0
496702,496702,497892,1190,0
496700,496701,497969,1268,1
496703,496703,498088,1385,0
496720,496720,498090,1370,0
496719,496719,498096,1377,0
496695,496695,498116,1421,0
496721,496721,498175,1454,0
496720,496720,498225,1505,0
496710,496710,498252,1542,0
496708,496708,498258,1550,0
496706,496706,498334,1628,0
496704,496704,498358,1654,0
496714,496714,498423,1709,0
496702,496702,498534,1832,0
489709,489710,498544,8834,1
496695,496695,498590,1895,0
496697,496697,498606,1909,0
496719,496719,498626,1907,0
496705,496705,498678,1973,0
496707,496707,498803,2096,0
496727,497741,498805,1064,1014
496704,496704,498879,2175,0
496730,498088,498893,805,1358
496730,498090,499022,932,1360
496703,496703,499045,2342,0
496697,496697,499051,2354,0
496720,496720,499061,2341,0
496726,497717,499258,1541,991
496717,496717,499383,2666,0
496701,496701,499423,2722,0
496709,496709,499445,2736,0
496699,496699,499488,2789,0
496710,496710,499512,2802,0
496705,496705,499514,2809,0
496722,496722,499532,2810,0
496708,496708,499556,2848,0
496706,496706,499578,2872,0
496707,496707,499599,2892,0
496694,496694,499699,3005,0
496705,496705,499710,3005,0
496724,497687,499749,2062,963
496710,496710,499757,3047,0
496722,496722,499790,3068,0
496703,496703,499801,3098,0
496703,496703,499818,3115,0
496700,496700,499832,3132,0
496716,496716,499919,3203,0
496701,496701,499927,3226,0
496715,496715,499954,3239,0
496718,496718,499957,3239,0
496697,496697,499964,3267,0
496714,496714,499973,3259,0
496712,496712,500201,3489,0
496705,496705,500228,3523,0
496711,496711,500244,3533,0
496713,496713,500276,3563,0
496715,496715,500329,3614,0
496728,497743,500339,2596,1015
496695,496695,500503,3808,0
496725,497711,500520,2809,986
496702,496702,500527,3825,0
496700,496700,500568,3868,0
496715,496715,500667,3952,0
496727,497741,500724,2983,1014
496724,497631,500776,3145,907
496716,496717,500798,4081,1
496706,496706,500808,4102,0
496725,497707,500811,3104,982
496721,496721,500817,4096,0
496696,496696,500952,4256,0
496712,496712,501033,4321,0
496712,496712,501059,4347,0
496699,496699,501071,4372,0
496714,496714,501255,4541,0
496715,496715,501265,4550,0
496701,496702,501280,4578,1
496703,496703,501323,4620,0
496699,496699,501384,4685,0
496715,496715,501408,4693,0
496697,496697,501446,4749,0
496707,496707,501491,4784,0
496730,497970,501510,3540,1240
496717,496717,501801,5084,0
496709,496709,501826,5117,0
496729,497892,501955,4063,1163
496699,496700,502007,5307,1
496696,496696,502057,5361,0
496704,496704,502213,5509,0
496720,496721,502227,5506,1
496698,496698,502541,5843,0
496696,496696,502568,5872,0
496724,497668,502592,4924,944
496707,496707,503131,6424,0
496709,496709,503168,6459,0
496704,496705,503413,6708,1
496718,496718,503494,6776,0
496722,496722,503530,6808,0
496701,496701,503579,6878,0
496695,496695,503600,6905,0
496703,496703,503767,7064,0
496719,496719,503818,7099,0
496695,496696,503976,7280,1
496716,496716,504004,7288,0
496700,496700,504008,7308,0
496712,496712,504208,7496,0
496700,496700,504374,7674,0
496705,496705,504440,7735,0
496708,496708,504579,7871,0
496708,496708,504579,7871,0
496712,496712,504643,7931,0
496701,496701,504799,8098,0
496705,496705,504919,8214,0
496702,496702,505062,8360,0
496694,496694,505081,8387,0
496707,496707,505134,8427,0
496701,496701,505330,8629,0
496696,496696,505370,8674,0
496698,496698,505556,8858,0
496714,496714,505787,9073,0
496713,496713,505797,9084,0
496708,496708,506021,9313,0
496714,496714,506106,9392,0
496702,496702,506269,9567,0
496697,496697,506286,9589,0
496698,496698,506416,9718,0
487705,487705,506553,18848,0
496723,497521,506691,9170,798
496695,496695,507183,10488,0
496711,496711,507199,10488,0
496701,496701,507253,10552,0
496711,496711,507605,10894,0
496722,496722,507866,11144,0
496710,496710,508083,11373,0
496699,496699,508249,11550,0
496717,496717,508381,11664,0
496726,497720,508970,11250,994
496716,496716,509470,12754,0
496721,496721,509489,12768,0
496711,496711,509856,13145,0
496700,496700,511396,14696,0
496710,496710,511508,14798,0
496698,496698,511885,15187,0
496711,496711,512458,15747,0
496720,496720,512928,16208,0
496721,496721,512959,16238,0
496713,496713,513293,16580,0
496709,496709,513510,16801,0
496718,496718,514500,17782,0
496728,497774,514841,17067,1046
496702,496702,515311,18609,0
496699,496699,515537,18838,0
496717,496717,515642,18925,0
496729,497814,515798,17984,1085
496716,496716,515879,19163,0
496712,496712,516019,19307,0
496698,496698,516352,19654,0
496699,496699,516431,19732,0
496713,496713,516718,20005,0
496695,496695,517138,20443,0
496704,496704,518007,21303,0
496698,496698,519214,22516,0
496708,496708,519403,22695,0
496700,496700,519457,22757,0
496698,496698,519595,22897,0
496698,496698,520040,23342,0
496696,496696,520064,23368,0
496696,496696,520106,23410,0
496715,496715,521684,24969,0
496718,496718,521791,25073,0
496704,496704,521898,25194,0
496713,496713,521915,25202,0
496723,497456,525553,28097,733
496695,496695,526053,29358,0
496694,496694,526387,29693,0
496717,496717,527409,30692,0
496726,497739,527809,30070,1013
496694,496694,527860,31166,0
496694,496694,528491,31797,0
496709,496709,529498,32789,0
496716,496716,531076,34360,0
496706,496706,532105,35399,0
496696,496696,533655,36959,0
496711,496711,533824,37113,0
496709,496709,535034,38325,0
496713,496713,535729,39016,0
496728,497776,537943,40167,1048
566943,566946,577416,10470,3
577414,577417,577419,2,3
594073,594073,594432,359,0
594136,594136,594463,327,0
594110,594110,594470,360,0
594160,594161,594563,402,1
594265,594265,594625,360,0
594291,594291,594642,351,0
594312,594312,594651,339,0
594349,594349,594687,338,0
594370,594370,594723,353,0
594415,594415,594781,366,0
599356,599356,599383,27,0
599968,599968,600017,49,0
600024,600024,600093,69,0
600072,600072,600161,89,0
600155,600155,600260,105,0
600203,600203,600320,117,0
600291,600291,600427,136,0
600349,600349,600499,150,0
600385,600385,600536,151,0
600433,600433,600616,183,0
604596,604596,605642,1046,0
577602,577604,632016,54412,2
