submit_time,start_time,end_time,run_time,wait_time
37,37,1412,1375,0
1843,1843,3231,1388,0
3649,3650,5033,1383,1
5456,5456,6833,1377,0
7262,7262,8638,1376,0
9068,9069,10446,1377,1
42714,42714,43985,1271,0
43815,43815,44430,615,0
44487,44488,45238,750,1
44969,44970,46233,1263,1
46071,46072,47379,1307,1
47172,47172,48430,1258,0
48456,48456,49714,1258,0
55675,55675,56948,1273,0
56776,56777,58045,1268,1
57938,57939,59203,1264,1
59040,59041,60318,1277,1
60142,60142,61417,1275,0
61374,61375,62650,1275,1
62598,62599,63863,1264,1
64060,64060,64064,4,0
64060,64061,64064,3,1
64060,64061,64064,3,1
64060,64061,64064,3,1
64060,64060,64064,4,0
64060,64060,64064,4,0
64060,64060,64064,4,0
64060,64061,64064,3,1
64060,64061,64064,3,1
64060,64061,64064,3,1
64060,64060,64064,4,0
64060,64060,64064,4,0
64060,64060,64064,4,0
64060,64060,64064,4,0
64060,64060,64064,4,0
64060,64060,64064,4,0
64060,64060,64064,4,0
64060,64061,64064,3,1
64060,64061,64064,3,1
64060,64061,64064,3,1
64060,64060,64064,4,0
64060,64060,64064,4,0
64060,64060,64064,4,0
64060,64060,64064,4,0
64060,64061,64064,3,1
64060,64060,64064,4,0
64060,64061,64064,3,1
64060,64061,64064,3,1
64060,64061,64064,3,1
64060,64061,64064,3,1
64060,64061,64064,3,1
64060,64060,64064,4,0
64060,64061,64064,3,1
64060,64061,64064,3,1
64060,64061,64064,3,1
64060,64061,64064,3,1
64060,64060,64064,4,0
64060,64060,64064,4,0
64060,64061,64064,3,1
64060,64061,64064,3,1
64060,64061,64064,3,1
64060,64061,64064,3,1
64060,64061,64064,3,1
64060,64061,64064,3,1
64060,64061,64064,3,1
64060,64061,64064,3,1
64060,64061,64064,3,1
64060,64061,64065,4,1
64060,64061,64064,3,1
64060,64061,64064,3,1
64060,64061,64064,3,1
64060,64060,64065,5,0
64060,64060,64065,5,0
64060,64060,64065,5,0
64060,64061,64065,4,1
64060,64061,64065,4,1
64060,64061,64065,4,1
64060,64061,64065,4,1
64060,64061,64065,4,1
64060,64060,64065,5,0
64060,64060,64065,5,0
64060,64061,64065,4,1
64060,64061,64065,4,1
64060,64061,64065,4,1
64060,64061,64065,4,1
64060,64064,64066,2,4
64060,64061,64065,4,1
64060,64061,64065,4,1
64060,64061,64065,4,1
64060,64061,64065,4,1
64060,64061,64065,4,1
64060,64061,64065,4,1
64060,64064,64065,1,4
64060,64064,64066,2,4
64060,64064,64065,1,4
64060,64064,64065,1,4
64060,64064,64065,1,4
64060,64061,64066,5,1
64060,64064,64066,2,4
64060,64064,64066,2,4
64060,64064,64066,2,4
64060,64064,64066,2,4
64060,64064,64067,3,4
64060,64064,64066,2,4
64060,64064,64066,2,4
64060,64064,64066,2,4
64060,64064,64066,2,4
64060,64064,64067,3,4
64060,64065,64067,2,5
64060,64065,64067,2,5
64060,64066,64067,1,6
64060,64064,64066,2,4
64060,64064,64066,2,4
64060,64064,64066,2,4
64060,64064,64066,2,4
64060,64064,64066,2,4
64060,64064,64066,2,4
64060,64065,64067,2,5
64060,64065,64067,2,5
64060,64065,64067,2,5
64060,64064,64067,3,4
64060,64064,64066,2,4
64060,64064,64067,3,4
64060,64064,64066,2,4
64060,64064,64067,3,4
64060,64064,64066,2,4
64060,64064,64067,3,4
64060,64064,64066,2,4
64060,64065,64067,2,5
64060,64065,64067,2,5
64060,64065,64067,2,5
64060,64066,64067,1,6
64060,64066,64067,1,6
64060,64066,64068,2,6
64060,64066,64068,2,6
64060,64065,64067,2,5
64060,64065,64067,2,5
64060,64066,64067,1,6
64060,64066,64068,2,6
64060,64066,64067,1,6
64060,64065,64067,2,5
64060,64065,64067,2,5
64060,64064,64067,3,4
64060,64065,64067,2,5
64060,64065,64067,2,5
64060,64065,64067,2,5
64060,64065,64067,2,5
64060,64065,64067,2,5
64060,64065,64067,2,5
64060,64065,64067,2,5
64060,64066,64069,3,6
64060,64066,64068,2,6
64060,64066,64069,3,6
64060,64066,64070,4,6
64060,64066,64070,4,6
64060,64066,64070,4,6
64060,64066,64070,4,6
64060,64066,64070,4,6
64060,64066,64070,4,6
64060,64066,64070,4,6
64060,64066,64070,4,6
64060,64066,64070,4,6
64060,64067,64070,3,7
64060,64068,64070,2,8
64060,64067,64070,3,7
64060,64067,64070,3,7
64060,64067,64070,3,7
64060,64067,64070,3,7
64060,64067,64070,3,7
64060,64067,64070,3,7
64060,64066,64069,3,6
64060,64067,64070,3,7
64060,64067,64070,3,7
64060,64067,64070,3,7
64060,64067,64070,3,7
64060,64067,64070,3,7
64060,64067,64070,3,7
64060,64067,64070,3,7
64060,64067,64070,3,7
64060,64067,64070,3,7
64060,64067,64070,3,7
64060,64067,64070,3,7
64060,64067,64070,3,7
64060,64068,64070,2,8
64060,64066,64070,4,6
64060,64066,64070,4,6
64060,64066,64070,4,6
64060,64066,64070,4,6
64060,64066,64070,4,6
64060,64065,64070,5,5
64060,64067,64070,3,7
64060,64067,64070,3,7
64060,64067,64070,3,7
64060,64067,64070,3,7
64060,64066,64070,4,6
64060,64067,64070,3,7
64060,64067,64070,3,7
64060,64067,64070,3,7
64060,64067,64070,3,7
64060,64067,64070,3,7
64060,64068,64071,3,8
64060,64068,64071,3,8
64060,64068,64071,3,8
64060,64067,64070,3,7
64060,64067,64070,3,7
64060,64068,64071,3,8
64060,64067,64070,3,7
64060,64068,64071,3,8
64060,64068,64071,3,8
64060,64068,64071,3,8
64060,64068,64071,3,8
64060,64068,64071,3,8
64060,64068,64071,3,8
64060,64067,64071,4,7
64060,64067,64071,4,7
64060,64068,64071,3,8
64060,64068,64071,3,8
64060,64068,64071,3,8
64060,64068,64071,3,8
64060,64068,64071,3,8
64075,64076,64079,3,1
64075,64076,64079,3,1
64075,64076,64080,4,1
64075,64076,64079,3,1
64075,64076,64079,3,1
64075,64076,64080,4,1
64075,64076,64079,3,1
64075,64076,64079,3,1
64075,64076,64079,3,1
64075,64076,64080,4,1
64075,64076,64079,3,1
64075,64076,64079,3,1
64075,64076,64079,3,1
64075,64076,64079,3,1
64075,64076,64079,3,1
64075,64076,64079,3,1
64075,64076,64079,3,1
64075,64076,64080,4,1
64075,64076,64080,4,1
64075,64076,64080,4,1
64075,64076,64080,4,1
64075,64076,64079,3,1
64075,64076,64079,3,1
64075,64076,64079,3,1
64075,64076,64079,3,1
64075,64076,64080,4,1
64075,64076,64079,3,1
64075,64076,64079,3,1
64075,64076,64080,4,1
64075,64076,64080,4,1
64075,64076,64080,4,1
64075,64076,64080,4,1
64075,64076,64080,4,1
64075,64076,64080,4,1
64075,64076,64080,4,1
64075,64076,64080,4,1
64075,64076,64080,4,1
64075,64076,64080,4,1
64075,64076,64080,4,1
64075,64076,64080,4,1
64075,64076,64080,4,1
64075,64076,64080,4,1
64075,64076,64080,4,1
64075,64076,64080,4,1
64075,64076,64080,4,1
64075,64076,64080,4,1
64075,64076,64080,4,1
64075,64076,64080,4,1
64075,64076,64080,4,1
64075,64076,64080,4,1
64075,64076,64080,4,1
64075,64076,64080,4,1
64075,64076,64080,4,1
64075,64076,64080,4,1
64075,64076,64080,4,1
64075,64076,64080,4,1
64075,64076,64080,4,1
64075,64076,64080,4,1
64075,64076,64080,4,1
64075,64076,64080,4,1
64075,64076,64080,4,1
64075,64076,64080,4,1
64075,64076,64081,5,1
64075,64076,64081,5,1
64075,64076,64081,5,1
64075,64076,64081,5,1
64075,64076,64081,5,1
64075,64076,64081,5,1
64075,64076,64081,5,1
64075,64076,64081,5,1
64075,64080,64081,1,5
64075,64080,64081,1,5
64075,64080,64081,1,5
64075,64080,64081,1,5
64075,64080,64081,1,5
64075,64076,64081,5,1
64075,64076,64081,5,1
64075,64082,64084,2,7
64075,64080,64083,3,5
64075,64080,64083,3,5
64075,64080,64083,3,5
64075,64080,64083,3,5
64075,64080,64083,3,5
64075,64080,64083,3,5
64075,64080,64083,3,5
64075,64081,64084,3,6
64075,64080,64083,3,5
64075,64080,64083,3,5
64075,64080,64083,3,5
64075,64080,64083,3,5
64075,64081,64083,2,6
64075,64081,64083,2,6
64075,64081,64084,3,6
64075,64081,64083,2,6
64075,64080,64083,3,5
64075,64080,64083,3,5
64075,64080,64083,3,5
64075,64080,64083,3,5
64075,64081,64084,3,6
64075,64082,64084,2,7
64075,64080,64083,3,5
64075,64080,64083,3,5
64075,64080,64083,3,5
64075,64081,64084,3,6
64075,64081,64083,2,6
64075,64081,64083,2,6
64075,64081,64084,3,6
64075,64081,64084,3,6
64075,64080,64083,3,5
64075,64081,64083,2,6
64075,64081,64083,2,6
64075,64081,64083,2,6
64075,64081,64083,2,6
64075,64081,64084,3,6
64075,64082,64084,2,7
64075,64080,64083,3,5
64075,64080,64083,3,5
64075,64081,64084,3,6
64075,64081,64084,3,6
64075,64081,64084,3,6
64075,64081,64084,3,6
64075,64081,64084,3,6
64075,64081,64083,2,6
64075,64081,64083,2,6
64075,64081,64083,2,6
64075,64081,64084,3,6
64075,64081,64083,2,6
64075,64081,64083,2,6
64075,64082,64084,2,7
64075,64082,64084,2,7
64075,64080,64083,3,5
64075,64080,64083,3,5
64075,64081,64083,2,6
64075,64081,64084,3,6
64075,64081,64083,2,6
64075,64081,64083,2,6
64075,64081,64084,3,6
64075,64082,64085,3,7
64075,64082,64085,3,7
64075,64082,64085,3,7
64075,64082,64084,2,7
64075,64082,64085,3,7
64075,64082,64085,3,7
64075,64082,64085,3,7
64075,64084,64085,1,9
64075,64082,64084,2,7
64075,64081,64084,3,6
64075,64081,64085,4,6
64075,64082,64084,2,7
64075,64082,64085,3,7
64075,64084,64086,2,9
64075,64084,64086,2,9
64075,64084,64086,2,9
64075,64084,64086,2,9
64075,64084,64086,2,9
64075,64084,64086,2,9
64075,64084,64086,2,9
64075,64084,64086,2,9
64075,64084,64086,2,9
64075,64084,64086,2,9
64075,64084,64086,2,9
64075,64084,64086,2,9
64075,64084,64086,2,9
64075,64084,64086,2,9
64075,64084,64086,2,9
64075,64084,64086,2,9
64075,64084,64087,3,9
64075,64085,64087,2,10
64075,64084,64086,2,9
64075,64084,64086,2,9
64075,64084,64086,2,9
64075,64084,64087,3,9
64075,64084,64087,3,9
64075,64084,64086,2,9
64075,64084,64087,3,9
64075,64084,64087,3,9
64075,64084,64087,3,9
64075,64084,64087,3,9
64075,64084,64087,3,9
64075,64084,64087,3,9
64075,64084,64087,3,9
64075,64084,64087,3,9
64075,64084,64087,3,9
64075,64084,64087,3,9
64075,64084,64087,3,9
64075,64084,64087,3,9
64075,64084,64087,3,9
64075,64084,64087,3,9
64075,64084,64087,3,9
64075,64084,64087,3,9
64075,64084,64087,3,9
64075,64084,64087,3,9
64075,64084,64087,3,9
64075,64084,64087,3,9
64075,64084,64087,3,9
64075,64084,64087,3,9
64075,64084,64087,3,9
64075,64084,64087,3,9
64075,64084,64087,3,9
64075,64085,64088,3,10
64092,64092,64095,3,0
64092,64092,64095,3,0
64092,64092,64095,3,0
64092,64092,64095,3,0
64092,64092,64095,3,0
64092,64092,64095,3,0
64092,64092,64095,3,0
64092,64092,64095,3,0
64092,64092,64095,3,0
64092,64092,64095,3,0
64092,64092,64095,3,0
64092,64092,64095,3,0
64092,64092,64095,3,0
64092,64092,64095,3,0
64092,64092,64095,3,0
64092,64092,64095,3,0
64092,64092,64095,3,0
64092,64092,64095,3,0
64092,64092,64095,3,0
64092,64092,64095,3,0
64092,64092,64096,4,0
64092,64092,64096,4,0
64092,64092,64096,4,0
64092,64092,64096,4,0
64092,64092,64096,4,0
64092,64092,64096,4,0
64092,64092,64095,3,0
64092,64092,64095,3,0
64092,64092,64096,4,0
64092,64092,64096,4,0
64092,64092,64096,4,0
64092,64092,64096,4,0
64092,64092,64096,4,0
64092,64095,64096,1,3
64092,64092,64095,3,0
64092,64092,64095,3,0
64092,64092,64095,3,0
64092,64092,64096,4,0
64092,64092,64096,4,0
64092,64092,64096,4,0
64092,64092,64096,4,0
64092,64095,64096,1,3
64092,64092,64096,4,0
64092,64092,64096,4,0
64092,64092,64096,4,0
64092,64092,64096,4,0
64092,64092,64096,4,0
64092,64092,64096,4,0
64092,64092,64096,4,0
64092,64092,64096,4,0
64092,64092,64096,4,0
64092,64092,64096,4,0
64092,64092,64096,4,0
64092,64092,64096,4,0
64092,64092,64096,4,0
64092,64092,64096,4,0
64092,64092,64096,4,0
64092,64092,64096,4,0
64092,64092,64096,4,0
64092,64092,64096,4,0
64092,64092,64096,4,0
64092,64092,64096,4,0
64092,64092,64096,4,0
64092,64092,64096,4,0
64092,64092,64096,4,0
64092,64092,64096,4,0
64092,64095,64096,1,3
64092,64092,64096,4,0
64092,64092,64096,4,0
64092,64092,64096,4,0
64092,64092,64096,4,0
64092,64092,64096,4,0
64092,64092,64096,4,0
64092,64092,64096,4,0
64092,64092,64097,5,0
64092,64095,64097,2,3
64092,64095,64097,2,3
64092,64095,64097,2,3
64092,64095,64097,2,3
64092,64095,64097,2,3
64092,64095,64097,2,3
64092,64095,64097,2,3
64092,64095,64097,2,3
64092,64095,64097,2,3
64092,64095,64097,2,3
64092,64096,64097,1,4
64092,64096,64097,1,4
64092,64096,64097,1,4
64092,64096,64097,1,4
64092,64096,64097,1,4
64092,64096,64099,3,4
64092,64096,64099,3,4
64092,64096,64099,3,4
64092,64096,64099,3,4
64092,64096,64099,3,4
64092,64096,64099,3,4
64092,64096,64099,3,4
64092,64097,64099,2,5
64092,64097,64099,2,5
64092,64097,64099,2,5
64092,64097,64099,2,5
64092,64097,64099,2,5
64092,64097,64099,2,5
64092,64097,64100,3,5
64092,64097,64099,2,5
64092,64096,64099,3,4
64092,64097,64099,2,5
64092,64097,64099,2,5
64092,64097,64099,2,5
64092,64097,64099,2,5
64092,64097,64099,2,5
64092,64097,64099,2,5
64092,64097,64099,2,5
64092,64097,64099,2,5
64092,64097,64099,2,5
64092,64097,64099,2,5
64092,64097,64099,2,5
64092,64097,64099,2,5
64092,64097,64099,2,5
64092,64098,64100,2,6
64092,64097,64099,2,5
64092,64097,64099,2,5
64092,64097,64099,2,5
64092,64097,64099,2,5
64092,64097,64099,2,5
64092,64097,64100,3,5
64092,64097,64100,3,5
64092,64097,64099,2,5
64092,64097,64099,2,5
64092,64097,64099,2,5
64092,64097,64099,2,5
64092,64097,64099,2,5
64092,64097,64100,3,5
64092,64098,64100,2,6
64092,64097,64100,3,5
64092,64097,64099,2,5
64092,64097,64099,2,5
64092,64097,64100,3,5
64092,64097,64099,2,5
64092,64097,64099,2,5
64092,64097,64099,2,5
64092,64097,64099,2,5
64092,64097,64099,2,5
64092,64097,64100,3,5
64092,64097,64100,3,5
64092,64097,64100,3,5
64092,64097,64100,3,5
64092,64097,64100,3,5
64092,64098,64100,2,6
64092,64098,64100,2,6
64092,64098,64100,2,6
64092,64098,64100,2,6
64092,64098,64100,2,6
64092,64098,64100,2,6
64092,64098,64100,2,6
64092,64098,64100,2,6
64092,64098,64100,2,6
64092,64098,64100,2,6
64092,64098,64100,2,6
64092,64098,64100,2,6
64092,64098,64100,2,6
64092,64098,64100,2,6
64092,64100,64101,1,8
64092,64100,64101,1,8
64092,64100,64101,1,8
64092,64100,64101,1,8
64092,64100,64101,1,8
64092,64100,64101,1,8
64092,64100,64101,1,8
64092,64100,64101,1,8
64092,64100,64101,1,8
64092,64100,64101,1,8
64092,64100,64102,2,8
64092,64100,64101,1,8
64092,64100,64101,1,8
64092,64100,64101,1,8
64092,64100,64101,1,8
64092,64100,64101,1,8
64092,64100,64101,1,8
64092,64100,64102,2,8
64092,64100,64102,2,8
64092,64100,64102,2,8
64092,64100,64101,1,8
64092,64100,64102,2,8
64092,64100,64102,2,8
64092,64100,64102,2,8
64092,64100,64102,2,8
64092,64100,64102,2,8
64092,64100,64102,2,8
64092,64100,64102,2,8
64092,64100,64102,2,8
64092,64100,64102,2,8
64092,64100,64102,2,8
64092,64100,64102,2,8
64092,64100,64102,2,8
64092,64100,64102,2,8
64092,64100,64102,2,8
64092,64100,64102,2,8
64092,64100,64102,2,8
64092,64100,64102,2,8
64107,64107,64110,3,0
64107,64107,64110,3,0
64107,64107,64110,3,0
64107,64107,64110,3,0
64107,64107,64111,4,0
64107,64107,64110,3,0
64107,64107,64111,4,0
64107,64107,64111,4,0
64107,64107,64111,4,0
64107,64107,64111,4,0
64107,64107,64111,4,0
64107,64107,64110,3,0
64107,64107,64110,3,0
64107,64107,64110,3,0
64107,64107,64110,3,0
64107,64107,64110,3,0
64107,64107,64111,4,0
64107,64107,64110,3,0
64107,64107,64111,4,0
64107,64107,64111,4,0
64107,64107,64111,4,0
64107,64107,64111,4,0
64107,64107,64111,4,0
64107,64107,64110,3,0
64107,64107,64110,3,0
64107,64107,64110,3,0
64107,64107,64111,4,0
64107,64107,64110,3,0
64107,64107,64110,3,0
64107,64107,64111,4,0
64107,64107,64110,3,0
64107,64107,64110,3,0
64107,64107,64110,3,0
64107,64107,64110,3,0
64107,64107,64111,4,0
64107,64107,64110,3,0
64107,64107,64110,3,0
64107,64107,64111,4,0
64107,64107,64111,4,0
64107,64107,64111,4,0
64107,64107,64111,4,0
64107,64107,64111,4,0
64107,64107,64111,4,0
64107,64107,64110,3,0
64107,64107,64110,3,0
64107,64107,64111,4,0
64107,64107,64111,4,0
64107,64107,64111,4,0
64107,64107,64111,4,0
64107,64107,64110,3,0
64107,64107,64111,4,0
64107,64107,64111,4,0
64107,64107,64111,4,0
64107,64107,64111,4,0
64107,64107,64111,4,0
64107,64107,64111,4,0
64107,64107,64111,4,0
64107,64107,64111,4,0
64107,64107,64111,4,0
64107,64107,64111,4,0
64107,64107,64111,4,0
64107,64107,64111,4,0
64107,64107,64111,4,0
64107,64107,64111,4,0
64107,64107,64111,4,0
64107,64107,64111,4,0
64107,64107,64111,4,0
64107,64107,64111,4,0
64107,64107,64111,4,0
64107,64107,64111,4,0
64107,64107,64111,4,0
64107,64107,64111,4,0
64107,64112,64115,3,5
64107,64112,64115,3,5
64107,64111,64114,3,4
64107,64111,64114,3,4
64107,64111,64114,3,4
64107,64111,64114,3,4
64107,64111,64115,4,4
64107,64111,64115,4,4
64107,64111,64115,4,4
64107,64111,64114,3,4
64107,64111,64114,3,4
64107,64111,64115,4,4
64107,64111,64115,4,4
64107,64111,64115,4,4
64107,64111,64114,3,4
64107,64111,64114,3,4
64107,64111,64115,4,4
64107,64111,64115,4,4
64107,64111,64115,4,4
64107,64111,64115,4,4
64107,64111,64115,4,4
64107,64111,64115,4,4
64107,64111,64115,4,4
64107,64111,64115,4,4
64107,64112,64115,3,5
64107,64111,64114,3,4
64107,64111,64114,3,4
64107,64111,64114,3,4
64107,64111,64114,3,4
64107,64111,64114,3,4
64107,64111,64115,4,4
64107,64112,64115,3,5
64107,64112,64115,3,5
64107,64111,64114,3,4
64107,64111,64114,3,4
64107,64111,64115,4,4
64107,64111,64115,4,4
64107,64111,64115,4,4
64107,64111,64115,4,4
64107,64112,64115,3,5
64107,64112,64115,3,5
64107,64111,64114,3,4
64107,64111,64114,3,4
64107,64111,64114,3,4
64107,64111,64114,3,4
64107,64111,64115,4,4
64107,64112,64115,3,5
64107,64112,64115,3,5
64107,64112,64115,3,5
64107,64111,64114,3,4
64107,64111,64114,3,4
64107,64111,64114,3,4
64107,64111,64115,4,4
64107,64111,64115,4,4
64107,64111,64115,4,4
64107,64112,64115,3,5
64107,64112,64114,2,5
64107,64112,64115,3,5
64107,64112,64115,3,5
64107,64112,64115,3,5
64107,64112,64115,3,5
64107,64112,64115,3,5
64107,64112,64115,3,5
64107,64111,64115,4,4
64107,64111,64115,4,4
64107,64111,64115,4,4
64107,64111,64115,4,4
64107,64112,64115,3,5
64107,64112,64115,3,5
64107,64112,64115,3,5
64107,64111,64115,4,4
64107,64111,64115,4,4
64107,64115,64116,1,8
64107,64115,64116,1,8
64107,64115,64117,2,8
64107,64115,64117,2,8
64107,64115,64117,2,8
64107,64115,64117,2,8
64107,64115,64118,3,8
64107,64115,64118,3,8
64107,64115,64118,3,8
64107,64115,64118,3,8
64107,64115,64118,3,8
64107,64115,64118,3,8
64107,64115,64118,3,8
64107,64115,64118,3,8
64107,64115,64118,3,8
64107,64115,64118,3,8
64107,64115,64118,3,8
64107,64115,64118,3,8
64107,64115,64118,3,8
64107,64115,64118,3,8
64107,64115,64118,3,8
64107,64115,64119,4,8
64107,64115,64118,3,8
64107,64115,64118,3,8
64107,64115,64118,3,8
64107,64115,64118,3,8
64107,64115,64119,4,8
64107,64115,64119,4,8
64107,64115,64118,3,8
64107,64115,64118,3,8
64107,64115,64118,3,8
64107,64115,64118,3,8
64107,64115,64118,3,8
64107,64115,64118,3,8
64107,64115,64119,4,8
64107,64115,64119,4,8
64107,64116,64119,3,9
64107,64115,64119,4,8
64107,64115,64119,4,8
64107,64115,64119,4,8
64107,64115,64119,4,8
64107,64115,64119,4,8
64107,64115,64119,4,8
64107,64116,64119,3,9
64107,64116,64119,3,9
64107,64115,64119,4,8
64107,64115,64119,4,8
64107,64116,64119,3,9
64107,64116,64119,3,9
64107,64115,64119,4,8
64107,64115,64119,4,8
64107,64116,64119,3,9
64107,64116,64119,3,9
64107,64115,64119,4,8
64107,64115,64119,4,8
64107,64116,64119,3,9
64123,64123,64127,4,0
64123,64123,64127,4,0
64123,64123,64127,4,0
64123,64123,64127,4,0
64123,64123,64127,4,0
64123,64123,64127,4,0
64123,64123,64127,4,0
64123,64123,64127,4,0
64123,64123,64127,4,0
64123,64123,64127,4,0
64123,64123,64127,4,0
64123,64123,64127,4,0
64123,64123,64127,4,0
64123,64123,64127,4,0
64123,64123,64127,4,0
64123,64123,64127,4,0
64123,64123,64127,4,0
64123,64123,64127,4,0
64123,64123,64127,4,0
64123,64123,64127,4,0
64123,64123,64127,4,0
64123,64123,64127,4,0
64123,64123,64127,4,0
64123,64123,64127,4,0
64123,64123,64127,4,0
64123,64123,64127,4,0
64123,64123,64127,4,0
64123,64123,64127,4,0
64123,64123,64127,4,0
64123,64123,64127,4,0
64123,64123,64127,4,0
64123,64123,64127,4,0
64123,64123,64127,4,0
64123,64123,64127,4,0
64123,64123,64127,4,0
64123,64123,64127,4,0
64123,64123,64127,4,0
64123,64123,64127,4,0
64123,64123,64127,4,0
64123,64123,64127,4,0
64123,64123,64127,4,0
64123,64123,64127,4,0
64123,64123,64127,4,0
64123,64123,64127,4,0
64123,64123,64127,4,0
64123,64123,64127,4,0
64123,64123,64127,4,0
64123,64123,64127,4,0
64123,64123,64127,4,0
64123,64123,64127,4,0
64123,64123,64127,4,0
64123,64123,64127,4,0
64123,64123,64127,4,0
64123,64123,64127,4,0
64123,64123,64127,4,0
64123,64123,64127,4,0
64123,64123,64127,4,0
64123,64123,64127,4,0
64123,64123,64127,4,0
64123,64123,64127,4,0
64123,64123,64127,4,0
64123,64123,64127,4,0
64123,64123,64128,5,0
64123,64123,64128,5,0
64123,64123,64128,5,0
64123,64123,64128,5,0
64123,64123,64128,5,0
64123,64123,64128,5,0
64123,64123,64128,5,0
64123,64123,64128,5,0
64123,64123,64128,5,0
64123,64123,64128,5,0
64123,64128,64129,1,5
64123,64128,64130,2,5
64123,64128,64131,3,5
64123,64128,64131,3,5
64123,64128,64131,3,5
64123,64128,64132,4,5
64123,64128,64131,3,5
64123,64128,64131,3,5
64123,64128,64131,3,5
64123,64128,64131,3,5
64123,64128,64131,3,5
64123,64128,64131,3,5
64123,64128,64131,3,5
64123,64128,64131,3,5
64123,64128,64131,3,5
64123,64128,64131,3,5
64123,64128,64131,3,5
64123,64128,64131,3,5
64123,64128,64131,3,5
64123,64128,64131,3,5
64123,64128,64131,3,5
64123,64128,64132,4,5
64123,64128,64132,4,5
64123,64128,64132,4,5
64123,64128,64132,4,5
64123,64128,64131,3,5
64123,64128,64131,3,5
64123,64128,64131,3,5
64123,64128,64131,3,5
64123,64128,64131,3,5
64123,64128,64131,3,5
64123,64128,64131,3,5
64123,64128,64131,3,5
64123,64128,64131,3,5
64123,64128,64131,3,5
64123,64128,64131,3,5
64123,64128,64131,3,5
64123,64128,64131,3,5
64123,64129,64131,2,6
64123,64128,64131,3,5
64123,64128,64131,3,5
64123,64128,64131,3,5
64123,64128,64131,3,5
64123,64128,64131,3,5
64123,64128,64131,3,5
64123,64128,64131,3,5
64123,64129,64132,3,6
64123,64128,64131,3,5
64123,64128,64131,3,5
64123,64128,64131,3,5
64123,64128,64131,3,5
64123,64128,64131,3,5
64123,64129,64132,3,6
64123,64129,64132,3,6
64123,64131,64132,1,8
64123,64128,64131,3,5
64123,64128,64131,3,5
64123,64128,64131,3,5
64123,64128,64131,3,5
64123,64128,64131,3,5
64123,64128,64131,3,5
64123,64128,64131,3,5
64123,64130,64132,2,7
64123,64128,64132,4,5
64123,64128,64132,4,5
64123,64128,64132,4,5
64123,64128,64132,4,5
64123,64128,64132,4,5
64123,64128,64132,4,5
64123,64128,64132,4,5
64123,64128,64132,4,5
64123,64128,64132,4,5
64123,64129,64132,3,6
64123,64129,64132,3,6
64123,64132,64134,2,9
64123,64132,64134,2,9
64123,64132,64134,2,9
64123,64132,64135,3,9
64123,64132,64135,3,9
64123,64132,64135,3,9
64123,64132,64135,3,9
64123,64132,64135,3,9
64123,64132,64134,2,9
64123,64132,64134,2,9
64123,64132,64135,3,9
64123,64132,64135,3,9
64123,64132,64135,3,9
64123,64132,64134,2,9
64123,64132,64134,2,9
64123,64132,64135,3,9
64123,64132,64135,3,9
64123,64132,64134,2,9
64123,64132,64134,2,9
64123,64132,64135,3,9
64123,64132,64135,3,9
64123,64132,64135,3,9
64123,64132,64135,3,9
64123,64132,64135,3,9
64123,64132,64134,2,9
64123,64132,64135,3,9
64123,64132,64135,3,9
64123,64132,64135,3,9
64123,64132,64135,3,9
64123,64132,64135,3,9
64123,64132,64135,3,9
64123,64132,64134,2,9
64123,64132,64135,3,9
64123,64132,64134,2,9
64123,64132,64135,3,9
64123,64132,64135,3,9
64123,64132,64134,2,9
64123,64132,64134,2,9
64123,64132,64135,3,9
64123,64132,64135,3,9
64123,64132,64134,2,9
64123,64132,64134,2,9
64123,64132,64135,3,9
64123,64132,64135,3,9
64123,64132,64135,3,9
64123,64132,64135,3,9
64123,64132,64135,3,9
64123,64132,64135,3,9
64123,64132,64135,3,9
64123,64132,64135,3,9
64123,64132,64135,3,9
64123,64132,64135,3,9
64123,64132,64135,3,9
64123,64132,64135,3,9
64140,64140,64144,4,0
64140,64140,64144,4,0
64140,64140,64144,4,0
64140,64140,64144,4,0
64140,64140,64144,4,0
64140,64140,64144,4,0
64140,64140,64144,4,0
64140,64140,64144,4,0
64140,64140,64144,4,0
64140,64140,64144,4,0
64140,64140,64144,4,0
64140,64140,64144,4,0
64140,64140,64144,4,0
64140,64140,64144,4,0
64140,64140,64144,4,0
64140,64140,64144,4,0
64140,64140,64144,4,0
64140,64140,64144,4,0
64140,64140,64144,4,0
64140,64140,64144,4,0
64140,64140,64144,4,0
64140,64140,64144,4,0
64140,64140,64144,4,0
64140,64140,64144,4,0
64140,64140,64144,4,0
64140,64140,64144,4,0
64140,64140,64144,4,0
64140,64140,64144,4,0
64140,64140,64144,4,0
64140,64140,64144,4,0
64140,64140,64144,4,0
64140,64140,64144,4,0
64140,64140,64144,4,0
64140,64140,64144,4,0
64140,64140,64144,4,0
64140,64140,64144,4,0
64140,64140,64144,4,0
64140,64140,64144,4,0
64140,64140,64144,4,0
64140,64140,64144,4,0
64140,64140,64144,4,0
64140,64140,64144,4,0
64140,64140,64144,4,0
64140,64140,64144,4,0
64140,64140,64144,4,0
64140,64140,64144,4,0
64140,64140,64144,4,0
64140,64140,64144,4,0
64140,64140,64144,4,0
64140,64140,64144,4,0
64140,64140,64144,4,0
64140,64140,64144,4,0
64140,64140,64144,4,0
64140,64140,64144,4,0
64140,64140,64144,4,0
64140,64140,64144,4,0
64140,64140,64144,4,0
64140,64140,64144,4,0
64140,64140,64144,4,0
64140,64140,64144,4,0
64140,64140,64144,4,0
64140,64140,64144,4,0
64140,64140,64144,4,0
64140,64140,64144,4,0
64140,64140,64144,4,0
64140,64140,64144,4,0
64140,64140,64144,4,0
64140,64140,64144,4,0
64140,64140,64144,4,0
64140,64140,64144,4,0
64140,64140,64144,4,0
64140,64140,64144,4,0
64140,64144,64146,2,4
64140,64144,64146,2,4
64140,64145,64147,2,5
64140,64144,64147,3,4
64140,64144,64147,3,4
64140,64144,64147,3,4
64140,64144,64147,3,4
64140,64144,64147,3,4
64140,64144,64147,3,4
64140,64144,64147,3,4
64140,64144,64147,3,4
64140,64145,64147,2,5
64140,64145,64147,2,5
64140,64144,64147,3,4
64140,64144,64147,3,4
64140,64144,64147,3,4
64140,64144,64147,3,4
64140,64144,64147,3,4
64140,64144,64147,3,4
64140,64144,64147,3,4
64140,64144,64147,3,4
64140,64144,64147,3,4
64140,64144,64147,3,4
64140,64144,64147,3,4
64140,64144,64147,3,4
64140,64144,64147,3,4
64140,64145,64147,2,5
64140,64144,64147,3,4
64140,64144,64147,3,4
64140,64144,64147,3,4
64140,64144,64147,3,4
64140,64144,64147,3,4
64140,64144,64147,3,4
64140,64144,64147,3,4
64140,64144,64147,3,4
64140,64144,64147,3,4
64140,64144,64147,3,4
64140,64144,64147,3,4
64140,64144,64147,3,4
64140,64144,64147,3,4
64140,64146,64147,1,6
64140,64146,64147,1,6
64140,64144,64147,3,4
64140,64144,64147,3,4
64140,64144,64147,3,4
64140,64144,64147,3,4
64140,64145,64147,2,5
64140,64145,64147,2,5
64140,64145,64148,3,5
64140,64144,64148,4,4
64140,64145,64148,3,5
64140,64144,64147,3,4
64140,64144,64147,3,4
64140,64145,64148,3,5
64140,64144,64147,3,4
64140,64145,64147,2,5
64140,64145,64147,2,5
64140,64145,64147,2,5
64140,64145,64147,2,5
64140,64145,64147,2,5
64140,64145,64147,2,5
64140,64147,64148,1,7
64140,64145,64148,3,5
64140,64145,64148,3,5
64140,64145,64148,3,5
64140,64145,64148,3,5
64140,64145,64148,3,5
64140,64147,64148,1,7
64140,64147,64148,1,7
64140,64144,64148,4,4
64140,64145,64148,3,5
64140,64145,64148,3,5
64140,64145,64148,3,5
64140,64145,64148,3,5
64140,64145,64148,3,5
64140,64148,64150,2,8
64140,64148,64150,2,8
64140,64148,64150,2,8
64140,64148,64151,3,8
64140,64148,64151,3,8
64140,64148,64150,2,8
64140,64148,64150,2,8
64140,64148,64151,3,8
64140,64148,64151,3,8
64140,64148,64151,3,8
64140,64148,64151,3,8
64140,64148,64151,3,8
64140,64148,64150,2,8
64140,64148,64150,2,8
64140,64148,64151,3,8
64140,64148,64150,2,8
64140,64148,64150,2,8
64140,64148,64150,2,8
64140,64148,64151,3,8
64140,64148,64150,2,8
64140,64148,64150,2,8
64140,64148,64151,3,8
64140,64148,64151,3,8
64140,64148,64150,2,8
64140,64148,64150,2,8
64140,64148,64150,2,8
64140,64148,64150,2,8
64140,64148,64151,3,8
64140,64148,64151,3,8
64140,64148,64150,2,8
64140,64148,64150,2,8
64140,64148,64150,2,8
64140,64148,64151,3,8
64140,64148,64150,2,8
64140,64148,64151,3,8
64140,64148,64151,3,8
64140,64148,64150,2,8
64140,64148,64150,2,8
64140,64148,64150,2,8
64140,64148,64150,2,8
64140,64148,64150,2,8
64140,64148,64151,3,8
64140,64148,64151,3,8
64140,64148,64151,3,8
64140,64148,64151,3,8
64140,64148,64151,3,8
64140,64148,64151,3,8
64140,64148,64151,3,8
64140,64148,64151,3,8
64140,64148,64151,3,8
64140,64148,64151,3,8
64140,64148,64151,3,8
64140,64148,64151,3,8
64156,64156,64159,3,0
64156,64156,64159,3,0
64156,64156,64159,3,0
64156,64156,64160,4,0
64156,64156,64160,4,0
64156,64156,64159,3,0
64156,64156,64159,3,0
64156,64156,64160,4,0
64156,64156,64160,4,0
64156,64156,64160,4,0
64156,64156,64159,3,0
64156,64156,64159,3,0
64156,64156,64160,4,0
64156,64156,64160,4,0
64156,64156,64160,4,0
64156,64156,64160,4,0
64156,64156,64160,4,0
64156,64156,64159,3,0
64156,64156,64159,3,0
64156,64156,64159,3,0
64156,64156,64159,3,0
64156,64156,64160,4,0
64156,64156,64160,4,0
64156,64156,64160,4,0
64156,64156,64159,3,0
64156,64156,64159,3,0
64156,64156,64159,3,0
64156,64156,64159,3,0
64156,64156,64160,4,0
64156,64156,64160,4,0
64156,64156,64160,4,0
64156,64156,64159,3,0
64156,64156,64160,4,0
64156,64156,64159,3,0
64156,64156,64160,4,0
64156,64156,64160,4,0
64156,64156,64160,4,0
64156,64156,64160,4,0
64156,64156,64160,4,0
64156,64156,64160,4,0
64156,64156,64160,4,0
64156,64156,64160,4,0
64156,64156,64159,3,0
64156,64156,64160,4,0
64156,64156,64160,4,0
64156,64156,64160,4,0
64156,64156,64160,4,0
64156,64156,64160,4,0
64156,64156,64160,4,0
64156,64156,64160,4,0
64156,64156,64160,4,0
64156,64156,64160,4,0
64156,64156,64160,4,0
64156,64156,64160,4,0
64156,64156,64160,4,0
64156,64156,64160,4,0
64156,64156,64161,5,0
64156,64156,64161,5,0
64156,64156,64161,5,0
64156,64156,64161,5,0
64156,64156,64160,4,0
64156,64156,64160,4,0
64156,64156,64160,4,0
64156,64156,64160,4,0
64156,64156,64160,4,0
64156,64156,64160,4,0
64156,64156,64160,4,0
64156,64156,64160,4,0
64156,64156,64160,4,0
64156,64156,64160,4,0
64156,64156,64160,4,0
64156,64156,64160,4,0
64156,64160,64162,2,4
64156,64160,64163,3,4
64156,64160,64163,3,4
64156,64160,64163,3,4
64156,64160,64163,3,4
64156,64160,64163,3,4
64156,64160,64163,3,4
64156,64160,64163,3,4
64156,64160,64163,3,4
64156,64160,64163,3,4
64156,64160,64163,3,4
64156,64160,64163,3,4
64156,64160,64163,3,4
64156,64160,64163,3,4
64156,64160,64163,3,4
64156,64160,64163,3,4
64156,64160,64163,3,4
64156,64160,64163,3,4
64156,64160,64163,3,4
64156,64160,64163,3,4
64156,64160,64163,3,4
64156,64160,64163,3,4
64156,64160,64163,3,4
64156,64160,64163,3,4
64156,64160,64163,3,4
64156,64160,64163,3,4
64156,64160,64163,3,4
64156,64160,64163,3,4
64156,64160,64163,3,4
64156,64160,64163,3,4
64156,64160,64163,3,4
64156,64160,64164,4,4
64156,64160,64163,3,4
64156,64160,64164,4,4
64156,64160,64164,4,4
64156,64161,64164,3,5
64156,64161,64163,2,5
64156,64161,64164,3,5
64156,64161,64164,3,5
64156,64160,64164,4,4
64156,64160,64164,4,4
64156,64160,64164,4,4
64156,64160,64164,4,4
64156,64160,64164,4,4
64156,64161,64164,3,5
64156,64161,64164,3,5
64156,64161,64164,3,5
64156,64160,64164,4,4
64156,64160,64164,4,4
64156,64161,64164,3,5
64156,64161,64164,3,5
64156,64160,64164,4,4
64156,64160,64164,4,4
64156,64160,64164,4,4
64156,64161,64164,3,5
64156,64161,64164,3,5
64156,64161,64164,3,5
64156,64161,64164,3,5
64156,64161,64165,4,5
64156,64161,64165,4,5
64156,64161,64166,5,5
64156,64163,64165,2,7
64156,64164,64166,2,8
64156,64161,64165,4,5
64156,64161,64165,4,5
64156,64161,64165,4,5
64156,64160,64166,6,4
64156,64161,64166,5,5
64156,64161,64166,5,5
64156,64161,64166,5,5
64156,64161,64166,5,5
64156,64161,64166,5,5
64156,64161,64166,5,5
64156,64164,64166,2,8
64156,64164,64166,2,8
64156,64164,64166,2,8
64156,64164,64166,2,8
64156,64164,64166,2,8
64156,64164,64166,2,8
64156,64164,64166,2,8
64156,64164,64166,2,8
64156,64164,64166,2,8
64156,64164,64166,2,8
64156,64165,64167,2,9
64156,64164,64166,2,8
64156,64164,64166,2,8
64156,64164,64166,2,8
64156,64164,64166,2,8
64156,64164,64166,2,8
64156,64165,64166,1,9
64156,64162,64166,4,6
64156,64164,64166,2,8
64156,64164,64166,2,8
64156,64164,64166,2,8
64156,64164,64166,2,8
64156,64164,64166,2,8
64156,64165,64167,2,9
64156,64165,64167,2,9
64156,64164,64166,2,8
64156,64164,64166,2,8
64156,64164,64166,2,8
64156,64164,64166,2,8
64156,64164,64166,2,8
64156,64164,64167,3,8
64156,64165,64166,1,9
64156,64164,64166,2,8
64156,64164,64166,2,8
64156,64164,64166,2,8
64156,64165,64167,2,9
64156,64164,64167,3,8
64156,64164,64167,3,8
64156,64164,64167,3,8
64156,64164,64167,3,8
64156,64164,64167,3,8
64156,64164,64167,3,8
64156,64164,64167,3,8
64156,64164,64167,3,8
64156,64164,64167,3,8
64156,64165,64167,2,9
64156,64165,64167,2,9
64156,64165,64167,2,9
64156,64165,64167,2,9
64156,64165,64167,2,9
64156,64165,64167,2,9
64156,64165,64167,2,9
64156,64165,64167,2,9
64156,64165,64167,2,9
64156,64165,64167,2,9
64171,64171,64174,3,0
64171,64171,64174,3,0
64171,64171,64174,3,0
64171,64171,64174,3,0
64171,64171,64174,3,0
64171,64171,64174,3,0
64171,64171,64174,3,0
64171,64172,64174,2,1
64171,64171,64174,3,0
64171,64171,64174,3,0
64171,64171,64174,3,0
64171,64171,64174,3,0
64171,64171,64174,3,0
64171,64171,64174,3,0
64171,64171,64174,3,0
64171,64171,64174,3,0
64171,64171,64174,3,0
64171,64172,64175,3,1
64171,64172,64174,2,1
64171,64172,64174,2,1
64171,64172,64174,2,1
64171,64172,64174,2,1
64171,64172,64175,3,1
64171,64171,64174,3,0
64171,64171,64174,3,0
64171,64171,64174,3,0
64171,64171,64174,3,0
64171,64171,64174,3,0
64171,64171,64174,3,0
64171,64171,64174,3,0
64171,64171,64174,3,0
64171,64171,64174,3,0
64171,64171,64174,3,0
64171,64171,64174,3,0
64171,64171,64174,3,0
64171,64171,64174,3,0
64171,64171,64174,3,0
64171,64171,64174,3,0
64171,64172,64175,3,1
64171,64172,64175,3,1
64171,64172,64175,3,1
64171,64172,64175,3,1
64171,64172,64175,3,1
64171,64172,64175,3,1
64171,64172,64175,3,1
64171,64172,64175,3,1
64171,64171,64175,4,0
64171,64172,64175,3,1
64171,64172,64175,3,1
64171,64172,64175,3,1
64171,64171,64175,4,0
64171,64171,64175,4,0
64171,64172,64175,3,1
64171,64172,64175,3,1
64171,64171,64175,4,0
64171,64171,64175,4,0
64171,64172,64175,3,1
64171,64172,64175,3,1
64171,64172,64175,3,1
64171,64172,64175,3,1
64171,64171,64175,4,0
64171,64171,64175,4,0
64171,64171,64175,4,0
64171,64172,64175,3,1
64171,64171,64175,4,0
64171,64171,64175,4,0
64171,64172,64175,3,1
64171,64171,64175,4,0
64171,64171,64175,4,0
64171,64172,64175,3,1
64171,64172,64175,3,1
64171,64172,64175,3,1
64171,64175,64176,1,4
64171,64175,64176,1,4
64171,64175,64176,1,4
64171,64175,64176,1,4
64171,64175,64176,1,4
64171,64175,64176,1,4
64171,64175,64176,1,4
64171,64175,64176,1,4
64171,64175,64176,1,4
64171,64175,64176,1,4
64171,64175,64176,1,4
64797,64798,66061,1263,1
65961,65962,67232,1270,1
67186,67187,68456,1269,1
68289,68289,69547,1258,0
69391,69392,70668,1276,1
70555,70555,71826,1271,0
71657,71658,72938,1280,1
72882,72883,74149,1266,1
74045,74046,75303,1257,1
75148,75148,76431,1283,0
76311,76311,77575,1264,0
77413,77414,78674,1260,1
78638,78639,79898,1259,1
79744,79745,81011,1266,1
80847,80848,82109,1261,1
82011,82011,83272,1261,0
83417,83418,84682,1264,1
84520,84521,85780,1259,1
85683,85684,86965,1281,1
87213,87214,88469,1255,1
88315,88316,89583,1267,1
89479,89479,90738,1259,0
90642,90643,91905,1262,1
91805,91806,93068,1262,1
92908,92909,94168,1259,1
94194,94195,95447,1252,1
95357,95358,96623,1265,1
96460,96460,97718,1258,0
97623,97624,98885,1261,1
98725,98726,99996,1270,1
99828,99828,101089,1261,0
100991,100992,102251,1259,1
102093,102094,103354,1260,1
103805,103806,105090,1284,1
105030,105031,106292,1261,1
106132,106133,107392,1259,1
107235,107235,108514,1279,0
108337,108337,109595,1258,0
109500,109501,110763,1262,1
110602,110603,111872,1269,1
111705,111706,112967,1261,1
113783,113784,115043,1259,1
114946,114947,116233,1286,1
117426,117428,117996,568,2
117995,117997,117999,2,2
118048,118050,118704,654,2
118702,118704,118729,25,2
118731,118733,119330,597,2
119329,119332,119338,6,3
119383,119385,120207,822,2
120206,120209,120234,25,3
120250,120252,120870,618,2
120869,120872,120878,6,3
120924,120926,121481,555,2
121480,121482,121508,26,2
121532,121534,122145,611,2
122143,122146,122156,10,3
122200,122202,122765,563,2
122763,122766,122793,27,3
122117,122117,123092,975,0
123094,123094,123096,2,0
123094,123095,123096,1,1
123094,123095,123096,1,1
123094,123095,123096,1,1
123094,123095,123096,1,1
123094,123095,123096,1,1
123094,123095,123097,2,1
123094,123095,123096,1,1
123094,123095,123096,1,1
123094,123095,123097,2,1
123094,123095,123097,2,1
123094,123095,123097,2,1
123094,123095,123097,2,1
123094,123097,123098,1,3
123094,123095,123098,3,1
123094,123095,123098,3,1
123094,123095,123098,3,1
123094,123095,123098,3,1
123094,123095,123098,3,1
122112,122112,123098,986,0
123094,123097,123099,2,3
123094,123095,123099,4,1
123094,123095,123099,4,1
123094,123095,123099,4,1
123094,123095,123099,4,1
123094,123095,123099,4,1
123094,123095,123099,4,1
123094,123095,123099,4,1
123094,123095,123099,4,1
123094,123097,123099,2,3
123094,123094,123099,5,0
123094,123095,123100,5,1
123094,123095,123099,4,1
123094,123097,123100,3,3
123094,123097,123099,2,3
123094,123095,123100,5,1
123094,123095,123099,4,1
123094,123095,123100,5,1
123094,123095,123100,5,1
123094,123095,123100,5,1
123094,123098,123101,3,4
123094,123095,123100,5,1
123094,123099,123101,2,5
123094,123099,123101,2,5
123094,123095,123100,5,1
123094,123095,123100,5,1
123094,123097,123100,3,3
123094,123097,123100,3,3
123094,123099,123101,2,5
123094,123099,123102,3,5
123094,123098,123101,3,4
123094,123099,123101,2,5
123094,123099,123101,2,5
123094,123098,123101,3,4
123094,123100,123102,2,6
123094,123100,123101,1,6
123094,123100,123101,1,6
123094,123095,123102,7,1
123094,123099,123101,2,5
123094,123099,123101,2,5
123094,123100,123102,2,6
123094,123100,123102,2,6
123094,123097,123102,5,3
123094,123097,123101,4,3
123094,123100,123102,2,6
123094,123100,123101,1,6
123094,123100,123102,2,6
122118,122118,123102,984,0
123094,123099,123102,3,5
123094,123099,123102,3,5
123094,123100,123102,2,6
123094,123100,123102,2,6
123094,123100,123102,2,6
123094,123100,123102,2,6
123094,123100,123102,2,6
123094,123101,123102,1,7
123094,123101,123102,1,7
123094,123101,123103,2,7
123094,123101,123102,1,7
123094,123101,123102,1,7
123094,123101,123102,1,7
123094,123101,123102,1,7
123094,123101,123103,2,7
123094,123101,123103,2,7
123094,123102,123103,1,8
123094,123100,123103,3,6
123094,123102,123104,2,8
123094,123102,123104,2,8
123094,123102,123104,2,8
123094,123102,123104,2,8
123094,123102,123103,1,8
123094,123101,123103,2,7
123094,123101,123103,2,7
123094,123102,123104,2,8
123094,123102,123104,2,8
123094,123102,123104,2,8
123100,123102,123104,2,2
123100,123102,123104,2,2
123100,123102,123104,2,2
123100,123102,123104,2,2
123100,123102,123104,2,2
122124,122124,123105,981,0
123100,123103,123104,1,3
123100,123103,123105,2,3
123100,123103,123105,2,3
123094,123095,123105,10,1
123094,123098,123105,7,4
123094,123102,123105,3,8
123094,123102,123104,2,8
123094,123102,123104,2,8
123094,123102,123105,3,8
123100,123102,123104,2,2
123100,123103,123106,3,3
123100,123104,123106,2,4
122113,122113,123106,993,0
123100,123103,123106,3,3
123100,123103,123107,4,3
123100,123103,123106,3,3
123100,123104,123107,3,4
123100,123103,123107,4,3
123100,123103,123107,4,3
123100,123103,123107,4,3
123100,123103,123107,4,3
123100,123104,123107,3,4
123100,123105,123108,3,5
123100,123105,123108,3,5
123100,123104,123107,3,4
123100,123105,123107,2,5
123100,123105,123108,3,5
123100,123103,123108,5,3
123100,123103,123108,5,3
122127,122127,123108,981,0
123100,123106,123108,2,6
123100,123104,123108,4,4
123100,123104,123108,4,4
123100,123105,123108,3,5
123100,123103,123108,5,3
123100,123105,123108,3,5
123100,123105,123108,3,5
123100,123104,123108,4,4
123100,123105,123109,4,5
123100,123105,123108,3,5
123100,123104,123108,4,4
123100,123105,123108,3,5
123100,123105,123108,3,5
123100,123107,123109,2,7
123100,123107,123109,2,7
123100,123108,123109,1,8
123100,123104,123109,5,4
123100,123104,123109,5,4
123100,123104,123109,5,4
123100,123105,123109,4,5
123100,123107,123109,2,7
123100,123104,123109,5,4
123100,123104,123109,5,4
123100,123105,123109,4,5
123100,123108,123109,1,8
123100,123107,123109,2,7
123100,123108,123110,2,8
123100,123108,123109,1,8
123100,123108,123109,1,8
123100,123105,123109,4,5
123100,123107,123110,3,7
123100,123108,123109,1,8
123100,123108,123109,1,8
123100,123108,123109,1,8
123100,123104,123109,5,4
123100,123108,123110,2,8
123100,123107,123110,3,7
123100,123108,123110,2,8
123100,123110,123111,1,10
123100,123104,123110,6,4
123100,123107,123110,3,7
123100,123109,123110,1,9
123100,123107,123110,3,7
123100,123109,123110,1,9
123100,123109,123110,1,9
123100,123109,123111,2,9
123100,123109,123110,1,9
123100,123107,123110,3,7
123100,123108,123110,2,8
123100,123109,123111,2,9
123100,123109,123111,2,9
123100,123109,123111,2,9
123100,123109,123111,2,9
123100,123110,123111,1,10
123100,123106,123111,5,6
123100,123106,123111,5,6
123100,123110,123112,2,10
123100,123110,123111,1,10
123100,123109,123111,2,9
123100,123110,123112,2,10
123100,123110,123111,1,10
123100,123110,123111,1,10
123100,123110,123112,2,10
123100,123110,123111,1,10
123100,123110,123112,2,10
123100,123110,123111,1,10
122128,122129,123111,982,1
123100,123110,123111,1,10
123100,123110,123111,1,10
123100,123110,123111,1,10
123100,123110,123112,2,10
123103,123110,123112,2,7
123100,123109,123111,2,9
123103,123110,123112,2,7
123103,123110,123112,2,7
123103,123110,123112,2,7
123103,123110,123112,2,7
123103,123110,123112,2,7
123103,123110,123112,2,7
122122,122122,123112,990,0
123103,123111,123112,1,8
123103,123111,123112,1,8
123103,123111,123112,1,8
123103,123111,123113,2,8
123103,123112,123113,1,9
123103,123112,123114,2,9
123103,123112,123114,2,9
123103,123112,123114,2,9
123100,123109,123114,5,9
123103,123113,123115,2,10
123103,123113,123115,2,10
123103,123113,123114,1,10
123103,123113,123115,2,10
123103,123113,123115,2,10
123103,123111,123115,4,8
123103,123112,123114,2,9
123103,123112,123115,3,9
123103,123112,123115,3,9
123103,123111,123115,4,8
123103,123112,123115,3,9
123103,123112,123115,3,9
123103,123113,123115,2,10
123103,123113,123115,2,10
123103,123113,123115,2,10
123103,123112,123115,3,9
123103,123113,123115,2,10
123103,123111,123115,4,8
123103,123112,123116,4,9
123103,123111,123115,4,8
123103,123112,123115,3,9
123103,123112,123115,3,9
123103,123111,123115,4,8
123103,123111,123115,4,8
123103,123112,123115,3,9
123103,123114,123116,2,11
123103,123114,123116,2,11
123103,123111,123116,5,8
123103,123112,123116,4,9
123103,123115,123116,1,12
123103,123115,123116,1,12
123103,123115,123116,1,12
123103,123111,123116,5,8
123103,123112,123117,5,9
123103,123115,123116,1,12
123103,123111,123117,6,8
123103,123112,123116,4,9
123103,123112,123116,4,9
123103,123111,123116,5,8
123103,123112,123116,4,9
123103,123112,123116,4,9
123103,123115,123116,1,12
123103,123112,123117,5,9
123103,123112,123117,5,9
123103,123115,123117,2,12
123103,123114,123116,2,11
123103,123114,123116,2,11
123103,123110,123117,7,7
123103,123116,123117,1,13
123103,123111,123117,6,8
123103,123116,123118,2,13
123103,123115,123118,3,12
123103,123116,123117,1,13
123103,123116,123117,1,13
123103,123116,123117,1,13
123103,123116,123117,1,13
123103,123116,123117,1,13
123103,123116,123117,1,13
123103,123117,123118,1,14
123103,123116,123117,1,13
123103,123116,123117,1,13
123103,123116,123117,1,13
123103,123116,123118,2,13
123103,123116,123117,1,13
123103,123116,123118,2,13
123103,123116,123118,2,13
123103,123116,123118,2,13
123103,123116,123118,2,13
123103,123116,123118,2,13
123103,123115,123118,3,12
123103,123117,123118,1,14
123103,123117,123118,1,14
122121,122121,123119,998,0
123103,123117,123118,1,14
123103,123117,123118,1,14
123103,123117,123118,1,14
123103,123117,123118,1,14
123103,123117,123119,2,14
123103,123117,123119,2,14
123103,123115,123118,3,12
123103,123117,123118,1,14
123103,123117,123118,1,14
123103,123117,123119,2,14
123106,123117,123118,1,11
123106,123117,123119,2,11
123106,123117,123119,2,11
123106,123117,123119,2,11
123106,123117,123118,1,11
123106,123117,123119,2,11
123106,123117,123119,2,11
123106,123117,123119,2,11
123103,123116,123119,3,13
123106,123118,123119,1,12
122132,122132,123120,988,0
123103,123114,123120,6,11
123106,123118,123120,2,12
123106,123118,123120,2,12
123106,123118,123121,3,12
123103,123112,123120,8,9
123106,123119,123121,2,13
123106,123119,123121,2,13
122130,122130,123121,991,0
123106,123120,123121,1,14
123106,123120,123121,1,14
123106,123120,123121,1,14
123106,123120,123122,2,14
123106,123118,123121,3,12
123106,123118,123121,3,12
123106,123120,123122,2,14
123106,123118,123121,3,12
123106,123118,123122,4,12
123106,123118,123122,4,12
123106,123118,123121,3,12
123106,123118,123122,4,12
123106,123119,123122,3,13
123106,123119,123122,3,13
123106,123118,123122,4,12
123106,123119,123122,3,13
123106,123120,123122,2,14
123106,123118,123122,4,12
123106,123119,123122,3,13
123106,123118,123122,4,12
123106,123118,123123,5,12
123106,123118,123122,4,12
123106,123121,123122,1,15
123106,123121,123123,2,15
123106,123119,123123,4,13
123106,123119,123122,3,13
123106,123119,123123,4,13
123106,123119,123123,4,13
123106,123121,123123,2,15
123106,123118,123123,5,12
123106,123118,123123,5,12
123106,123118,123123,5,12
123106,123119,123123,4,13
123106,123122,123123,1,16
123106,123118,123123,5,12
123106,123118,123123,5,12
123106,123119,123123,4,13
123106,123119,123123,4,13
123106,123119,123123,4,13
123106,123119,123123,4,13
123106,123119,123123,4,13
123106,123119,123123,4,13
123106,123118,123123,5,12
123106,123122,123123,1,16
123106,123122,123123,1,16
123106,123122,123123,1,16
123106,123119,123124,5,13
123106,123122,123124,2,16
123106,123119,123124,5,13
123106,123119,123124,5,13
122116,122116,123123,1007,0
122153,122153,123123,970,0
123106,123122,123124,2,16
123106,123122,123124,2,16
123106,123122,123124,2,16
123106,123122,123124,2,16
123106,123123,123124,1,17
123106,123123,123124,1,17
123106,123123,123125,2,17
123106,123123,123125,2,17
123106,123122,123124,2,16
123106,123123,123124,1,17
123106,123121,123124,3,15
123106,123123,123124,1,17
123106,123123,123124,1,17
123106,123123,123124,1,17
123106,123123,123124,1,17
123106,123122,123125,3,16
123106,123123,123124,1,17
123106,123123,123125,2,17
123106,123123,123124,1,17
123106,123123,123124,1,17
123106,123124,123125,1,18
123106,123124,123125,1,18
123106,123124,123125,1,18
123106,123124,123125,1,18
123106,123124,123125,1,18
123106,123124,123126,2,18
123106,123123,123125,2,17
123106,123124,123126,2,18
123106,123124,123125,1,18
123106,123124,123126,2,18
123106,123123,123125,2,17
123106,123123,123125,2,17
123106,123123,123126,3,17
123106,123124,123125,1,18
123106,123124,123126,2,18
123106,123123,123125,2,17
122133,122135,123129,994,2
122143,122144,123129,985,1
122141,122142,123129,987,1
122148,122148,123130,982,0
122111,122111,123132,1021,0
122137,122137,123133,996,0
122139,122139,123135,996,0
122146,122146,123137,991,0
122135,122135,123138,1003,0
123139,123140,123142,2,1
123139,123140,123141,1,1
123139,123140,123142,2,1
123139,123140,123141,1,1
123139,123140,123141,1,1
123139,123140,123141,1,1
123139,123140,123141,1,1
123139,123140,123141,1,1
123139,123140,123141,1,1
123139,123140,123141,1,1
123139,123140,123142,2,1
123139,123140,123141,1,1
123139,123140,123141,1,1
123139,123140,123142,2,1
123139,123140,123143,3,1
123139,123140,123142,2,1
123139,123140,123142,2,1
123139,123140,123142,2,1
123139,123140,123142,2,1
123139,123140,123143,3,1
123139,123140,123142,2,1
123139,123140,123142,2,1
123139,123140,123143,3,1
123139,123140,123143,3,1
123139,123140,123142,2,1
123139,123140,123143,3,1
123139,123140,123142,2,1
123139,123140,123142,2,1
123139,123140,123142,2,1
123139,123142,123143,1,3
123139,123142,123143,1,3
123139,123140,123143,3,1
123139,123140,123144,4,1
123139,123140,123144,4,1
123139,123140,123144,4,1
123139,123140,123144,4,1
123139,123142,123144,2,3
123139,123140,123143,3,1
123139,123140,123143,3,1
123139,123140,123143,3,1
123139,123140,123144,4,1
123139,123142,123144,2,3
123139,123140,123143,3,1
123139,123142,123143,1,3
123139,123142,123143,1,3
123139,123140,123144,4,1
123139,123140,123144,4,1
123139,123140,123144,4,1
123139,123142,123143,1,3
123139,123142,123143,1,3
123139,123142,123143,1,3
123139,123142,123144,2,3
123139,123142,123144,2,3
123139,123142,123143,1,3
123139,123142,123143,1,3
123139,123143,123144,1,4
123139,123143,123144,1,4
123139,123140,123144,4,1
123139,123140,123144,4,1
123139,123140,123144,4,1
123139,123140,123144,4,1
123139,123140,123144,4,1
123139,123140,123144,4,1
123139,123140,123144,4,1
123139,123140,123145,5,1
123139,123143,123144,1,4
123139,123143,123144,1,4
123139,123143,123144,1,4
123139,123143,123145,2,4
123139,123143,123145,2,4
123139,123140,123144,4,1
123139,123140,123145,5,1
123139,123140,123144,4,1
123139,123142,123145,3,3
123139,123140,123144,4,1
123139,123140,123145,5,1
123139,123140,123144,4,1
123139,123143,123144,1,4
123139,123143,123144,1,4
123139,123143,123145,2,4
123139,123143,123144,1,4
123139,123143,123144,1,4
123139,123143,123145,2,4
123139,123143,123145,2,4
123139,123143,123144,1,4
123139,123143,123144,1,4
123139,123140,123144,4,1
123139,123143,123144,1,4
123139,123140,123145,5,1
123139,123140,123145,5,1
123139,123144,123146,2,5
123139,123144,123145,1,5
123139,123144,123145,1,5
123139,123144,123145,1,5
123139,123144,123145,1,5
123139,123144,123146,2,5
123139,123144,123145,1,5
123139,123144,123145,1,5
123139,123144,123145,1,5
123140,123144,123146,2,4
123140,123144,123146,2,4
123140,123144,123145,1,4
123140,123144,123145,1,4
123140,123144,123145,1,4
123140,123144,123146,2,4
123140,123144,123146,2,4
123140,123144,123146,2,4
123140,123144,123146,2,4
123140,123144,123146,2,4
123139,123140,123146,6,1
123140,123145,123147,2,5
123140,123145,123147,2,5
123140,123145,123147,2,5
123140,123145,123147,2,5
123140,123144,123147,3,4
123140,123144,123147,3,4
123140,123145,123147,2,5
123140,123145,123147,2,5
123140,123144,123147,3,4
123140,123145,123148,3,5
123140,123145,123148,3,5
123140,123145,123148,3,5
123140,123146,123148,2,6
123140,123146,123148,2,6
123140,123145,123148,3,5
123140,123145,123148,3,5
123140,123145,123148,3,5
123140,123146,123148,2,6
123140,123146,123148,2,6
123140,123146,123148,2,6
123140,123145,123148,3,5
123140,123145,123147,2,5
123140,123145,123148,3,5
123140,123146,123148,2,6
123140,123146,123148,2,6
123140,123146,123148,2,6
123140,123146,123148,2,6
123140,123146,123148,2,6
123140,123144,123148,4,4
123140,123144,123148,4,4
123140,123144,123148,4,4
123140,123144,123148,4,4
123140,123147,123148,1,7
123140,123147,123148,1,7
123140,123147,123148,1,7
123140,123145,123148,3,5
123140,123146,123148,2,6
123140,123146,123148,2,6
123140,123147,123148,1,7
123140,123147,123148,1,7
123140,123147,123149,2,7
123140,123146,123149,3,6
123140,123146,123149,3,6
123140,123146,123148,2,6
123140,123145,123148,3,5
123140,123147,123149,2,7
123140,123145,123149,4,5
123140,123145,123149,4,5
123140,123145,123148,3,5
123140,123145,123149,4,5
123140,123147,123149,2,7
123140,123147,123149,2,7
123140,123147,123149,2,7
123140,123145,123148,3,5
123140,123145,123149,4,5
123140,123146,123148,2,6
123140,123147,123149,2,7
123140,123149,123150,1,9
123140,123146,123149,3,6
123140,123148,123149,1,8
123140,123148,123149,1,8
123140,123145,123150,5,5
123140,123146,123149,3,6
123140,123145,123150,5,5
123140,123145,123150,5,5
123140,123145,123149,4,5
123140,123145,123149,4,5
123140,123148,123150,2,8
123140,123148,123150,2,8
123140,123148,123150,2,8
123140,123148,123150,2,8
123140,123148,123150,2,8
123140,123148,123150,2,8
123140,123148,123150,2,8
123140,123148,123150,2,8
123140,123148,123150,2,8
123140,123148,123150,2,8
123140,123148,123150,2,8
123140,123148,123150,2,8
123140,123148,123150,2,8
123140,123148,123150,2,8
123140,123148,123150,2,8
123140,123148,123151,3,8
123140,123148,123150,2,8
123140,123148,123150,2,8
123140,123149,123150,1,9
123140,123149,123150,1,9
123140,123149,123150,1,9
123140,123149,123150,1,9
123140,123149,123150,1,9
123140,123149,123150,1,9
123140,123149,123150,1,9
123140,123149,123150,1,9
123140,123149,123150,1,9
123140,123149,123150,1,9
123140,123145,123150,5,5
123140,123145,123151,6,5
123140,123146,123150,4,6
123140,123149,123150,1,9
123140,123149,123151,2,9
123140,123145,123151,6,5
123140,123149,123152,3,9
123140,123149,123152,3,9
123140,123149,123152,3,9
123140,123149,123152,3,9
123140,123151,123153,2,11
123140,123150,123152,2,10
123140,123150,123152,2,10
123140,123151,123152,1,11
123140,123151,123153,2,11
123140,123151,123152,1,11
123140,123150,123153,3,10
123140,123150,123153,3,10
123140,123150,123153,3,10
123140,123151,123152,1,11
123140,123151,123153,2,11
123140,123151,123152,1,11
123140,123151,123153,2,11
123140,123151,123153,2,11
123140,123151,123153,2,11
123140,123151,123152,1,11
123140,123151,123153,2,11
123140,123151,123153,2,11
123140,123151,123153,2,11
123140,123151,123153,2,11
123140,123151,123153,2,11
123140,123153,123154,1,13
123140,123151,123153,2,11
123140,123151,123153,2,11
123140,123151,123153,2,11
123140,123150,123153,3,10
123140,123150,123153,3,10
123140,123150,123153,3,10
123140,123150,123153,3,10
123140,123150,123154,4,10
123140,123151,123153,2,11
123140,123151,123153,2,11
123140,123151,123153,2,11
123140,123151,123154,3,11
123140,123151,123153,2,11
123140,123153,123154,1,13
123140,123151,123153,2,11
123140,123151,123153,2,11
123140,123153,123154,1,13
123140,123153,123154,1,13
123140,123150,123154,4,10
123140,123150,123154,4,10
123140,123150,123154,4,10
123140,123151,123154,3,11
123140,123151,123154,3,11
123140,123151,123154,3,11
123140,123151,123154,3,11
123140,123150,123154,4,10
123140,123151,123153,2,11
123140,123150,123154,4,10
123140,123152,123154,2,12
123140,123150,123154,4,10
123140,123150,123154,4,10
123140,123150,123154,4,10
123140,123152,123154,2,12
123140,123152,123154,2,12
123140,123153,123154,1,13
123140,123153,123154,1,13
123140,123150,123154,4,10
123140,123150,123154,4,10
123140,123150,123154,4,10
123140,123151,123154,3,11
123140,123153,123154,1,13
123140,123153,123154,1,13
123140,123153,123154,1,13
123140,123153,123154,1,13
123140,123154,123155,1,14
123140,123154,123155,1,14
123140,123153,123154,1,13
123140,123153,123154,1,13
123140,123153,123154,1,13
123140,123153,123155,2,13
123140,123150,123154,4,10
123140,123151,123155,4,11
123140,123153,123155,2,13
123140,123154,123156,2,14
123140,123154,123156,2,14
123140,123154,123156,2,14
123140,123154,123156,2,14
123140,123154,123156,2,14
123140,123154,123155,1,14
123140,123154,123155,1,14
123140,123154,123155,1,14
123140,123154,123155,1,14
123140,123154,123156,2,14
123140,123154,123155,1,14
123140,123154,123156,2,14
123140,123154,123156,2,14
123140,123154,123155,1,14
123140,123154,123155,1,14
123140,123154,123155,1,14
123140,123154,123156,2,14
123140,123153,123156,3,13
123140,123153,123156,3,13
123140,123153,123156,3,13
123140,123154,123156,2,14
123140,123154,123157,3,14
123140,123154,123157,3,14
123140,123154,123157,3,14
123140,123155,123157,2,15
123140,123155,123157,2,15
123140,123156,123157,1,16
123140,123155,123157,2,15
123140,123156,123158,2,16
123140,123156,123158,2,16
123140,123156,123158,2,16
123140,123156,123158,2,16
123140,123156,123158,2,16
123140,123156,123157,1,16
123140,123156,123158,2,16
123140,123156,123158,2,16
123140,123156,123158,2,16
123140,123155,123158,3,15
123140,123155,123158,3,15
123140,123155,123158,3,15
123140,123155,123158,3,15
123140,123155,123157,2,15
123140,123155,123157,2,15
123140,123156,123157,1,16
123140,123154,123157,3,14
123140,123155,123158,3,15
123140,123155,123157,2,15
123140,123154,123158,4,14
123140,123154,123158,4,14
123140,123154,123158,4,14
123140,123154,123158,4,14
123140,123155,123158,3,15
123140,123154,123158,4,14
123140,123156,123158,2,16
123140,123154,123158,4,14
123140,123154,123158,4,14
123140,123157,123158,1,17
123140,123155,123159,4,15
123140,123155,123158,3,15
123140,123155,123158,3,15
123140,123155,123159,4,15
123140,123155,123158,3,15
123140,123155,123158,3,15
123140,123156,123159,3,16
123140,123156,123158,2,16
123140,123156,123159,3,16
123140,123155,123159,4,15
123140,123155,123159,4,15
123140,123157,123159,2,17
123140,123157,123159,2,17
123140,123157,123159,2,17
123140,123158,123159,1,18
123140,123157,123159,2,17
123140,123157,123159,2,17
123140,123157,123159,2,17
123140,123158,123159,1,18
123140,123158,123160,2,18
123140,123158,123160,2,18
123140,123158,123160,2,18
123140,123154,123160,6,14
123140,123154,123159,5,14
123140,123157,123159,2,17
123140,123154,123159,5,14
123140,123154,123159,5,14
123140,123155,123159,4,15
123140,123156,123159,3,16
123140,123157,123159,2,17
123140,123158,123160,2,18
123140,123158,123160,2,18
123140,123155,123160,5,15
123140,123155,123160,5,15
123140,123158,123160,2,18
123140,123158,123160,2,18
123140,123158,123160,2,18
123140,123156,123160,4,16
123140,123158,123160,2,18
123140,123158,123160,2,18
123140,123159,123160,1,19
123140,123159,123160,1,19
123140,123158,123160,2,18
123140,123158,123160,2,18
123140,123158,123160,2,18
123140,123159,123160,1,19
123140,123158,123160,2,18
123140,123157,123160,3,17
123140,123159,123160,1,19
123140,123159,123160,1,19
123140,123159,123160,1,19
123140,123159,123160,1,19
123140,123159,123160,1,19
123140,123159,123160,1,19
123140,123159,123160,1,19
123140,123159,123160,1,19
123140,123159,123160,1,19
123140,123159,123160,1,19
123140,123159,123160,1,19
123140,123159,123160,1,19
123140,123159,123161,2,19
123140,123156,123161,5,16
123140,123156,123161,5,16
123140,123159,123161,2,19
123140,123159,123162,3,19
123140,123159,123162,3,19
123140,123160,123163,3,20
123140,123160,123162,2,20
123140,123161,123162,1,21
123140,123160,123163,3,20
123140,123161,123162,1,21
123140,123161,123163,2,21
123140,123161,123162,1,21
123140,123161,123163,2,21
123140,123161,123163,2,21
123140,123161,123163,2,21
123140,123161,123163,2,21
123140,123161,123162,1,21
123140,123161,123163,2,21
123140,123159,123163,4,19
123140,123159,123163,4,19
123140,123159,123163,4,19
123140,123161,123163,2,21
123140,123161,123164,3,21
123140,123161,123163,2,21
123140,123160,123163,3,20
123140,123160,123164,4,20
123140,123160,123163,3,20
123140,123160,123163,3,20
123140,123160,123163,3,20
123140,123160,123163,3,20
123140,123161,123164,3,21
123140,123160,123163,3,20
123140,123160,123164,4,20
123140,123160,123163,3,20
123140,123161,123163,2,21
123140,123161,123163,2,21
123140,123161,123163,2,21
123140,123161,123163,2,21
123140,123160,123164,4,20
123140,123161,123164,3,21
123140,123161,123163,2,21
123140,123160,123164,4,20
123140,123160,123164,4,20
123140,123163,123165,2,23
123140,123159,123164,5,19
123140,123159,123164,5,19
123140,123161,123164,3,21
123140,123162,123165,3,22
123140,123161,123164,3,21
123140,123161,123164,3,21
123140,123163,123165,2,23
123140,123163,123164,1,23
123140,123163,123164,1,23
123140,123160,123164,4,20
123140,123160,123164,4,20
123140,123163,123165,2,23
123140,123163,123164,1,23
123140,123163,123165,2,23
123140,123164,123165,1,24
123140,123160,123165,5,20
123140,123160,123165,5,20
123140,123160,123164,4,20
123140,123161,123165,4,21
123140,123161,123165,4,21
123140,123161,123166,5,21
123140,123161,123165,4,21
123140,123160,123165,5,20
123140,123163,123165,2,23
123140,123164,123165,1,24
123140,123164,123165,1,24
123140,123164,123165,1,24
123140,123164,123165,1,24
123140,123164,123165,1,24
123140,123164,123166,2,24
123140,123164,123166,2,24
123140,123164,123165,1,24
123140,123164,123165,1,24
123140,123164,123165,1,24
123140,123164,123165,1,24
123140,123164,123165,1,24
123140,123164,123165,1,24
123140,123164,123165,1,24
123140,123164,123165,1,24
123140,123164,123165,1,24
123140,123164,123165,1,24
123140,123162,123165,3,22
123140,123163,123166,3,23
123140,123163,123166,3,23
123140,123164,123166,2,24
123140,123163,123166,3,23
123140,123163,123165,2,23
123140,123164,123165,1,24
123140,123164,123166,2,24
123140,123164,123166,2,24
123140,123163,123166,3,23
123140,123163,123166,3,23
123140,123164,123166,2,24
123140,123165,123166,1,25
123140,123165,123167,2,25
123140,123161,123166,5,21
123140,123165,123166,1,25
123140,123165,123166,1,25
123140,123163,123167,4,23
123140,123165,123167,2,25
123140,123161,123167,6,21
123140,123165,123168,3,25
123140,123165,123168,3,25
123140,123165,123168,3,25
123140,123166,123168,2,26
123140,123165,123168,3,25
123140,123165,123168,3,25
123140,123165,123168,3,25
123140,123166,123168,2,26
123140,123166,123168,2,26
123140,123166,123168,2,26
123140,123166,123168,2,26
123140,123166,123168,2,26
123140,123166,123168,2,26
123140,123166,123168,2,26
123140,123166,123169,3,26
123140,123166,123168,2,26
123140,123166,123168,2,26
123140,123167,123169,2,27
123140,123167,123169,2,27
123140,123167,123168,1,27
123140,123167,123168,1,27
123140,123167,123168,1,27
123140,123162,123169,7,22
123140,123165,123169,4,25
123140,123165,123169,4,25
123140,123165,123169,4,25
123140,123166,123169,3,26
123140,123166,123169,3,26
123140,123166,123169,3,26
123140,123167,123169,2,27
123140,123166,123169,3,26
123140,123165,123170,5,25
123140,123165,123170,5,25
123140,123167,123169,2,27
123140,123167,123169,2,27
123140,123167,123169,2,27
123140,123167,123169,2,27
123140,123166,123170,4,26
123140,123166,123170,4,26
123140,123166,123170,4,26
123140,123166,123170,4,26
123140,123167,123170,3,27
123140,123166,123169,3,26
123140,123166,123169,3,26
123140,123166,123170,4,26
123140,123166,123169,3,26
123140,123167,123170,3,27
123140,123165,123170,5,25
123140,123165,123170,5,25
123140,123166,123170,4,26
123140,123168,123170,2,28
123140,123168,123170,2,28
123140,123168,123170,2,28
123140,123168,123170,2,28
123140,123168,123170,2,28
123140,123168,123170,2,28
123140,123168,123170,2,28
123140,123168,123171,3,28
123140,123168,123170,2,28
123140,123170,123171,1,30
123140,123165,123170,5,25
123140,123165,123170,5,25
123140,123166,123170,4,26
123140,123165,123170,5,25
123140,123169,123171,2,29
123140,123168,123170,2,28
123140,123169,123170,1,29
123140,123169,123171,2,29
123140,123166,123171,5,26
123140,123166,123171,5,26
123140,123166,123171,5,26
123140,123166,123171,5,26
123140,123168,123171,3,28
123140,123169,123171,2,29
123140,123170,123171,1,30
123140,123168,123171,3,28
123140,123170,123171,1,30
123140,123170,123171,1,30
123140,123169,123171,2,29
123140,123169,123171,2,29
123140,123170,123171,1,30
123140,123168,123171,3,28
123140,123169,123172,3,29
123140,123169,123172,3,29
123140,123169,123172,3,29
123140,123170,123171,1,30
123140,123170,123171,1,30
123140,123170,123171,1,30
123140,123170,123171,1,30
123140,123170,123171,1,30
123140,123169,123172,3,29
123140,123170,123171,1,30
123140,123170,123172,2,30
123140,123170,123172,2,30
123140,123170,123172,2,30
123140,123170,123172,2,30
123140,123170,123172,2,30
123140,123169,123172,3,29
123140,123169,123172,3,29
123140,123169,123172,3,29
123140,123169,123172,3,29
123140,123170,123173,3,30
123140,123170,123173,3,30
123140,123171,123173,2,31
123140,123171,123174,3,31
123140,123172,123173,1,32
123140,123172,123173,1,32
123140,123172,123173,1,32
123140,123171,123173,2,31
123140,123171,123174,3,31
123140,123171,123174,3,31
123140,123172,123173,1,32
123140,123172,123174,2,32
123140,123172,123174,2,32
123140,123172,123174,2,32
123140,123172,123174,2,32
123140,123172,123174,2,32
123140,123172,123173,1,32
123140,123172,123174,2,32
123140,123172,123174,2,32
123140,123172,123174,2,32
123140,123173,123174,1,33
123140,123173,123174,1,33
123140,123170,123174,4,30
123140,123170,123174,4,30
123140,123171,123174,3,31
123140,123172,123174,2,32
123140,123172,123175,3,32
123140,123170,123175,5,30
123140,123172,123174,2,32
123140,123173,123175,2,33
123140,123173,123174,1,33
123140,123171,123175,4,31
123140,123171,123174,3,31
123140,123171,123174,3,31
123140,123171,123174,3,31
123140,123171,123174,3,31
123140,123171,123174,3,31
123140,123171,123174,3,31
123140,123171,123174,3,31
123140,123171,123174,3,31
123140,123172,123174,2,32
123140,123170,123175,5,30
123140,123171,123175,4,31
123140,123171,123175,4,31
123140,123171,123175,4,31
123140,123172,123175,3,32
123140,123172,123175,3,32
123140,123172,123175,3,32
123140,123172,123175,3,32
123140,123171,123175,4,31
123140,123171,123175,4,31
123140,123174,123175,1,34
123140,123172,123175,3,32
123140,123172,123175,3,32
123140,123172,123175,3,32
123140,123171,123175,4,31
123140,123172,123175,3,32
123140,123174,123176,2,34
123140,123174,123176,2,34
123140,123174,123176,2,34
123140,123174,123175,1,34
123140,123174,123176,2,34
123140,123174,123175,1,34
123140,123174,123176,2,34
123140,123174,123176,2,34
123140,123174,123175,1,34
123140,123171,123175,4,31
123140,123173,123175,2,33
123140,123173,123175,2,33
123140,123174,123176,2,34
123140,123174,123176,2,34
123140,123170,123176,6,30
123140,123174,123176,2,34
123140,123174,123176,2,34
123140,123174,123176,2,34
123140,123175,123176,1,35
123140,123175,123177,2,35
123140,123175,123176,1,35
123140,123175,123176,1,35
123140,123175,123176,1,35
123140,123175,123176,1,35
123140,123174,123176,2,34
123140,123175,123176,1,35
123140,123175,123176,1,35
123140,123175,123176,1,35
123140,123175,123176,1,35
123140,123175,123176,1,35
123140,123175,123176,1,35
123140,123175,123176,1,35
123140,123175,123176,1,35
123140,123175,123177,2,35
123140,123175,123176,1,35
123140,123175,123177,2,35
123140,123175,123177,2,35
123140,123175,123176,1,35
123140,123175,123176,1,35
123140,123175,123177,2,35
123140,123175,123177,2,35
123140,123176,123178,2,36
123140,123176,123178,2,36
123140,123175,123177,2,35
123140,123176,123178,2,36
123140,123175,123177,2,35
123140,123176,123178,2,36
123140,123176,123178,2,36
123140,123176,123178,2,36
123140,123176,123178,2,36
123140,123177,123178,1,37
123140,123176,123178,2,36
123140,123176,123179,3,36
123140,123176,123178,2,36
123140,123176,123179,3,36
123140,123176,123179,3,36
123140,123176,123178,2,36
123140,123176,123178,2,36
123140,123177,123179,2,37
123140,123177,123179,2,37
123140,123176,123178,2,36
123140,123177,123178,1,37
123140,123177,123179,2,37
123140,123177,123179,2,37
123140,123177,123179,2,37
123140,123177,123179,2,37
123140,123177,123179,2,37
123140,123177,123179,2,37
123140,123177,123179,2,37
123140,123177,123179,2,37
123140,123177,123179,2,37
123140,123175,123178,3,35
123140,123176,123179,3,36
123140,123176,123179,3,36
123140,123176,123179,3,36
123140,123176,123178,2,36
123140,123176,123179,3,36
123140,123176,123179,3,36
123140,123177,123179,2,37
123140,123177,123179,2,37
123140,123177,123179,2,37
123140,123177,123179,2,37
123140,123177,123179,2,37
123140,123176,123179,3,36
123140,123177,123179,2,37
123140,123177,123180,3,37
123140,123177,123179,2,37
123140,123177,123180,3,37
123140,123177,123180,3,37
123140,123177,123180,3,37
123140,123177,123179,2,37
123140,123178,123179,1,38
123140,123178,123179,1,38
123140,123178,123179,1,38
123140,123176,123180,4,36
123140,123176,123180,4,36
123140,123176,123180,4,36
123140,123176,123180,4,36
123140,123176,123179,3,36
123140,123178,123180,2,38
123140,123176,123180,4,36
123140,123176,123180,4,36
123140,123176,123180,4,36
123140,123179,123180,1,39
123140,123179,123180,1,39
123140,123179,123180,1,39
123140,123179,123180,1,39
123140,123179,123180,1,39
123140,123179,123180,1,39
123140,123179,123181,2,39
123140,123177,123181,4,37
123140,123179,123181,2,39
123140,123179,123181,2,39
123141,123179,123180,1,38
123141,123179,123180,1,38
123140,123179,123181,2,39
123140,123179,123181,2,39
123140,123179,123181,2,39
123140,123179,123181,2,39
123140,123179,123181,2,39
123140,123179,123181,2,39
123140,123179,123181,2,39
123141,123179,123180,1,38
123141,123179,123181,2,38
123141,123179,123181,2,38
123141,123179,123181,2,38
123141,123179,123181,2,38
123141,123180,123181,1,39
123141,123180,123181,1,39
123141,123180,123181,1,39
123141,123180,123181,1,39
123141,123180,123181,1,39
123141,123180,123181,1,39
123141,123180,123181,1,39
123141,123180,123182,2,39
123141,123180,123181,1,39
123140,123179,123181,2,39
123140,123179,123182,3,39
123140,123179,123181,2,39
123140,123179,123182,3,39
123140,123179,123182,3,39
123141,123179,123182,3,38
123141,123181,123183,2,40
123141,123182,123183,1,41
123140,123179,123183,4,39
123141,123180,123182,2,39
123141,123180,123183,3,39
123141,123181,123183,2,40
123141,123181,123183,2,40
123141,123180,123183,3,39
123141,123180,123183,3,39
123141,123181,123183,2,40
123141,123181,123183,2,40
123141,123181,123183,2,40
123141,123181,123183,2,40
123141,123181,123183,2,40
123141,123181,123183,2,40
123141,123180,123183,3,39
123141,123180,123183,3,39
123141,123180,123183,3,39
123141,123180,123183,3,39
123141,123180,123183,3,39
123141,123180,123183,3,39
123141,123180,123183,3,39
123141,123182,123183,1,41
123141,123181,123184,3,40
123141,123182,123184,2,41
123141,123181,123184,3,40
123141,123182,123183,1,41
123141,123182,123183,1,41
123141,123182,123183,1,41
123141,123182,123184,2,41
123141,123182,123184,2,41
123141,123181,123183,2,40
123141,123181,123184,3,40
123141,123181,123183,2,40
123141,123181,123183,2,40
123141,123181,123183,2,40
123141,123182,123183,1,41
123141,123183,123184,1,42
123141,123183,123184,1,42
123141,123180,123183,3,39
123141,123181,123184,3,40
123141,123182,123184,2,41
123141,123182,123184,2,41
123141,123181,123184,3,40
123141,123181,123183,2,40
123141,123182,123184,2,41
123141,123182,123184,2,41
123141,123182,123184,2,41
123141,123180,123184,4,39
123141,123180,123184,4,39
123141,123180,123184,4,39
123141,123180,123184,4,39
123141,123182,123184,2,41
123141,123183,123184,1,42
123141,123181,123184,3,40
123141,123181,123184,3,40
123141,123182,123184,2,41
123141,123182,123184,2,41
123141,123182,123184,2,41
123141,123182,123184,2,41
123141,123184,123185,1,43
123141,123183,123185,2,42
123141,123183,123185,2,42
123141,123183,123185,2,42
123141,123184,123185,1,43
123141,123184,123185,1,43
123141,123184,123185,1,43
123141,123184,123186,2,43
123141,123184,123186,2,43
123141,123184,123185,1,43
123141,123184,123185,1,43
123141,123184,123186,2,43
123141,123184,123185,1,43
123141,123184,123186,2,43
123141,123184,123186,2,43
123141,123184,123186,2,43
123141,123181,123185,4,40
123141,123184,123185,1,43
123141,123180,123185,5,39
123141,123184,123186,2,43
123141,123184,123185,1,43
123141,123184,123185,1,43
123141,123184,123185,1,43
123141,123184,123185,1,43
123141,123184,123185,1,43
123141,123184,123185,1,43
123141,123184,123185,1,43
123141,123184,123186,2,43
123141,123184,123186,2,43
123141,123184,123186,2,43
123141,123184,123186,2,43
123141,123184,123186,2,43
123141,123184,123187,3,43
123141,123184,123186,2,43
123141,123184,123187,3,43
123141,123184,123187,3,43
123141,123185,123187,2,44
123141,123185,123187,2,44
123141,123184,123187,3,43
123141,123184,123187,3,43
123141,123184,123187,3,43
123141,123184,123187,3,43
123141,123184,123187,3,43
123141,123186,123188,2,45
123141,123185,123188,3,44
123141,123184,123188,4,43
123141,123185,123187,2,44
123141,123186,123188,2,45
123141,123186,123188,2,45
123141,123186,123188,2,45
123141,123186,123187,1,45
123141,123186,123188,2,45
123141,123184,123188,4,43
123141,123184,123188,4,43
123141,123185,123188,3,44
123141,123186,123188,2,45
123141,123186,123188,2,45
123141,123185,123188,3,44
123141,123186,123188,2,45
123141,123186,123189,3,45
123141,123186,123189,3,45
123141,123187,123189,2,46
123141,123187,123188,1,46
123141,123186,123189,3,45
123141,123185,123189,4,44
123141,123185,123189,4,44
123141,123186,123188,2,45
123141,123186,123189,3,45
123141,123186,123189,3,45
123141,123186,123189,3,45
123141,123186,123189,3,45
123141,123186,123188,2,45
123141,123187,123189,2,46
123141,123187,123189,2,46
123141,123187,123189,2,46
123141,123184,123188,4,43
123141,123186,123189,3,45
123141,123186,123189,3,45
123141,123186,123188,2,45
123141,123187,123189,2,46
123141,123187,123189,2,46
123141,123187,123189,2,46
123141,123187,123189,2,46
123141,123187,123189,2,46
123141,123187,123189,2,46
123141,123187,123189,2,46
123141,123188,123189,1,47
123141,123188,123189,1,47
123141,123188,123190,2,47
123141,123184,123189,5,43
123141,123184,123189,5,43
123141,123186,123189,3,45
123141,123188,123189,1,47
123141,123186,123189,3,45
123141,123186,123189,3,45
123141,123186,123189,3,45
123141,123186,123189,3,45
123141,123185,123189,4,44
123141,123185,123190,5,44
123141,123185,123190,5,44
123141,123186,123190,4,45
123141,123185,123189,4,44
123141,123188,123189,1,47
123141,123187,123190,3,46
123141,123188,123190,2,47
123141,123188,123190,2,47
123141,123188,123190,2,47
123141,123188,123190,2,47
123141,123189,123190,1,48
123141,123189,123190,1,48
123141,123189,123190,1,48
123141,123189,123190,1,48
123141,123189,123191,2,48
123141,123189,123191,2,48
123141,123189,123191,2,48
123141,123189,123191,2,48
123141,123189,123190,1,48
123141,123189,123191,2,48
123141,123189,123191,2,48
123141,123185,123190,5,44
123141,123185,123190,5,44
123141,123189,123191,2,48
123148,123189,123190,1,41
123148,123189,123190,1,41
123148,123189,123190,1,41
123148,123189,123190,1,41
123148,123189,123190,1,41
123148,123189,123191,2,41
123148,123189,123191,2,41
123148,123189,123191,2,41
123148,123189,123191,2,41
123148,123189,123191,2,41
123141,123187,123190,3,46
123141,123187,123190,3,46
123148,123190,123192,2,42
123148,123190,123192,2,42
123148,123190,123192,2,42
123148,123190,123192,2,42
123148,123190,123192,2,42
123148,123189,123192,3,41
123148,123190,123192,2,42
123148,123190,123192,2,42
123148,123190,123192,2,42
123148,123190,123192,2,42
123148,123190,123192,2,42
123148,123190,123192,2,42
123148,123190,123192,2,42
123148,123190,123193,3,42
123148,123190,123193,3,42
123148,123190,123193,3,42
123148,123191,123193,2,43
123148,123191,123193,2,43
123148,123191,123193,2,43
123148,123191,123193,2,43
123148,123192,123193,1,44
123148,123192,123193,1,44
123148,123190,123194,4,42
123148,123192,123193,1,44
123148,123192,123193,1,44
123148,123192,123193,1,44
123148,123192,123193,1,44
123148,123192,123193,1,44
123148,123190,123193,3,42
123148,123191,123193,2,43
123148,123191,123193,2,43
123148,123191,123193,2,43
123148,123192,123193,1,44
123148,123192,123193,1,44
123148,123192,123193,1,44
123148,123192,123193,1,44
123148,123192,123193,1,44
123148,123193,123194,1,45
123148,123193,123194,1,45
123148,123193,123194,1,45
123148,123193,123194,1,45
123148,123190,123194,4,42
123148,123190,123194,4,42
123148,123191,123193,2,43
123148,123191,123193,2,43
123148,123190,123194,4,42
123148,123190,123194,4,42
123148,123191,123193,2,43
123148,123191,123193,2,43
123148,123191,123194,3,43
123148,123191,123193,2,43
123148,123191,123194,3,43
123148,123191,123194,3,43
123148,123191,123194,3,43
123148,123190,123193,3,42
123148,123191,123193,2,43
123148,123191,123193,2,43
123148,123191,123194,3,43
123148,123193,123194,1,45
123148,123193,123194,1,45
123148,123193,123194,1,45
123148,123190,123194,4,42
123148,123190,123194,4,42
123148,123191,123194,3,43
123148,123189,123194,5,41
123148,123191,123194,3,43
123148,123192,123194,2,44
123148,123193,123194,1,45
123148,123193,123194,1,45
123148,123193,123194,1,45
123148,123193,123194,1,45
123148,123194,123195,1,46
123148,123191,123194,3,43
123148,123190,123195,5,42
123148,123190,123195,5,42
123148,123190,123195,5,42
123148,123190,123195,5,42
123148,123193,123195,2,45
123148,123194,123195,1,46
123148,123194,123195,1,46
123148,123194,123195,1,46
123148,123194,123195,1,46
123148,123194,123195,1,46
123148,123194,123195,1,46
123148,123194,123195,1,46
123148,123194,123196,2,46
123148,123194,123195,1,46
123148,123194,123195,1,46
123148,123194,123195,1,46
123148,123194,123195,1,46
123148,123194,123195,1,46
123148,123194,123195,1,46
123148,123194,123195,1,46
123148,123194,123195,1,46
123148,123194,123195,1,46
123148,123194,123195,1,46
123148,123194,123195,1,46
123148,123194,123195,1,46
123148,123194,123195,1,46
123148,123194,123195,1,46
123148,123194,123195,1,46
123148,123194,123196,2,46
123148,123194,123197,3,46
123148,123194,123197,3,46
123148,123194,123197,3,46
123148,123195,123197,2,47
123148,123194,123197,3,46
123148,123194,123197,3,46
123148,123196,123197,1,48
123148,123196,123197,1,48
123148,123196,123197,1,48
123148,123195,123198,3,47
123148,123196,123197,1,48
123148,123196,123197,1,48
123148,123196,123198,2,48
123148,123195,123197,2,47
123148,123195,123197,2,47
123148,123195,123198,3,47
123148,123196,123198,2,48
123148,123196,123197,1,48
123148,123195,123198,3,47
123148,123196,123198,2,48
123148,123196,123198,2,48
123148,123196,123198,2,48
123148,123196,123198,2,48
123148,123196,123198,2,48
123148,123196,123198,2,48
123148,123196,123198,2,48
123148,123196,123198,2,48
123148,123196,123198,2,48
123148,123196,123198,2,48
123148,123196,123198,2,48
123148,123196,123198,2,48
123148,123196,123198,2,48
123148,123194,123198,4,46
123148,123194,123198,4,46
123148,123194,123198,4,46
123148,123195,123198,3,47
123148,123195,123198,3,47
123148,123195,123198,3,47
123148,123195,123198,3,47
123148,123195,123198,3,47
123148,123194,123198,4,46
123148,123194,123198,4,46
123148,123194,123199,5,46
123148,123195,123199,4,47
123148,123196,123198,2,48
123148,123196,123198,2,48
123148,123195,123198,3,47
123148,123195,123199,4,47
123148,123196,123198,2,48
123148,123197,123199,2,49
123148,123197,123199,2,49
123148,123197,123199,2,49
123148,123197,123199,2,49
123148,123196,123199,3,48
123148,123196,123198,2,48
123148,123197,123198,1,49
123148,123198,123199,1,50
123148,123198,123199,1,50
123148,123195,123199,4,47
123148,123196,123199,3,48
123148,123194,123199,5,46
123148,123194,123199,5,46
123148,123195,123199,4,47
123148,123197,123199,2,49
123148,123197,123199,2,49
123148,123199,123200,1,51
123148,123196,123199,3,48
123148,123198,123200,2,50
123148,123198,123199,1,50
123148,123198,123199,1,50
123148,123198,123199,1,50
123148,123198,123199,1,50
123148,123195,123199,4,47
123148,123198,123199,1,50
123148,123198,123199,1,50
123148,123198,123200,2,50
123148,123198,123200,2,50
123148,123198,123200,2,50
123148,123198,123200,2,50
123148,123198,123200,2,50
123148,123198,123200,2,50
123148,123198,123200,2,50
123148,123198,123200,2,50
123148,123198,123200,2,50
123148,123198,123200,2,50
123148,123198,123200,2,50
123148,123199,123200,1,51
123148,123199,123200,1,51
123148,123199,123200,1,51
123148,123199,123200,1,51
123148,123199,123200,1,51
123148,123199,123200,1,51
123148,123199,123200,1,51
123148,123199,123200,1,51
123148,123199,123200,1,51
123148,123199,123200,1,51
123148,123199,123201,2,51
123148,123199,123201,2,51
123148,123195,123200,5,47
123148,123199,123200,1,51
123148,123199,123201,2,51
123148,123199,123201,2,51
123148,123199,123202,3,51
123148,123200,123203,3,52
123148,123201,123203,2,53
123148,123201,123203,2,53
123148,123201,123202,1,53
123148,123201,123202,1,53
123148,123201,123202,1,53
123148,123201,123202,1,53
123148,123201,123202,1,53
123148,123201,123202,1,53
123148,123201,123202,1,53
123148,123201,123202,1,53
123148,123201,123203,2,53
123148,123199,123203,4,51
123148,123200,123203,3,52
123148,123201,123202,1,53
123148,123200,123203,3,52
123148,123200,123203,3,52
123148,123201,123202,1,53
123148,123201,123203,2,53
123148,123201,123203,2,53
123148,123201,123203,2,53
123148,123201,123203,2,53
123148,123199,123203,4,51
123148,123200,123203,3,52
123148,123200,123203,3,52
123148,123200,123203,3,52
123148,123200,123203,3,52
123148,123200,123203,3,52
123148,123200,123203,3,52
123148,123201,123204,3,53
123148,123200,123204,4,52
123148,123200,123204,4,52
123148,123201,123203,2,53
123148,123201,123203,2,53
123148,123199,123203,4,51
123148,123199,123204,5,51
123148,123199,123203,4,51
123148,123199,123204,5,51
123148,123199,123203,4,51
123148,123200,123204,4,52
123148,123200,123203,3,52
123148,123203,123204,1,55
123148,123203,123204,1,55
123148,123200,123204,4,52
123148,123200,123204,4,52
123148,123200,123204,4,52
123148,123203,123204,1,55
123148,123203,123205,2,55
123148,123204,123205,1,56
123148,123200,123204,4,52
123148,123200,123204,4,52
123148,123200,123205,5,52
123148,123200,123204,4,52
123148,123201,123204,3,53
123148,123201,123204,3,53
123148,123201,123204,3,53
123148,123201,123205,4,53
123148,123201,123204,3,53
123148,123203,123205,2,55
123148,123203,123204,1,55
123148,123203,123205,2,55
123148,123203,123205,2,55
123148,123203,123204,1,55
123148,123204,123205,1,56
123148,123204,123205,1,56
123148,123200,123205,5,52
123148,123200,123205,5,52
123148,123200,123205,5,52
123148,123200,123205,5,52
123148,123202,123204,2,54
123148,123202,123204,2,54
123148,123203,123204,1,55
123148,123203,123205,2,55
123148,123203,123205,2,55
123148,123203,123204,1,55
123148,123202,123204,2,54
123148,123203,123204,1,55
123148,123203,123204,1,55
123148,123203,123205,2,55
123148,123203,123204,1,55
123148,123203,123205,2,55
123148,123204,123205,1,56
123148,123203,123206,3,55
123148,123203,123205,2,55
123148,123204,123205,1,56
123148,123204,123205,1,56
123148,123204,123205,1,56
123148,123203,123205,2,55
123148,123203,123205,2,55
123148,123204,123205,1,56
123148,123204,123205,1,56
123148,123204,123205,1,56
123148,123204,123205,1,56
123148,123204,123205,1,56
123148,123204,123206,2,56
123148,123204,123205,1,56
123148,123204,123206,2,56
123148,123204,123206,2,56
123148,123204,123206,2,56
123148,123204,123206,2,56
123148,123204,123207,3,56
123148,123204,123207,3,56
123148,123205,123207,2,57
123148,123205,123207,2,57
123148,123206,123207,1,58
123148,123206,123207,1,58
123148,123206,123207,1,58
123148,123206,123207,1,58
123148,123204,123207,3,56
123148,123205,123208,3,57
123148,123206,123207,1,58
123148,123206,123208,2,58
123148,123206,123207,1,58
123148,123206,123208,2,58
123148,123206,123208,2,58
123148,123205,123208,3,57
123148,123205,123208,3,57
123148,123205,123208,3,57
123148,123205,123208,3,57
123148,123206,123208,2,58
123148,123205,123208,3,57
123148,123206,123208,2,58
123148,123206,123208,2,58
123148,123205,123208,3,57
123148,123207,123208,1,59
123148,123207,123208,1,59
123148,123206,123208,2,58
123148,123205,123208,3,57
123148,123205,123208,3,57
123148,123205,123208,3,57
123148,123205,123209,4,57
123148,123206,123209,3,58
123148,123206,123209,3,58
123148,123205,123209,4,57
123148,123205,123209,4,57
123148,123206,123209,3,58
123148,123206,123209,3,58
123148,123206,123209,3,58
123148,123205,123208,3,57
123148,123205,123208,3,57
123148,123205,123209,4,57
123148,123205,123209,4,57
123148,123206,123209,3,58
123148,123206,123208,2,58
123148,123206,123209,3,58
123148,123205,123209,4,57
123148,123205,123209,4,57
123148,123205,123209,4,57
123148,123206,123209,3,58
123148,123207,123209,2,59
123148,123208,123209,1,60
123148,123208,123209,1,60
123148,123208,123209,1,60
123148,123208,123210,2,60
123148,123208,123209,1,60
123148,123208,123210,2,60
123148,123205,123209,4,57
123148,123205,123209,4,57
123148,123205,123209,4,57
123148,123208,123210,2,60
123148,123208,123210,2,60
123148,123208,123210,2,60
123148,123208,123210,2,60
123148,123208,123210,2,60
123148,123209,123210,1,61
123148,123206,123209,3,58
123148,123208,123210,2,60
123148,123208,123210,2,60
123148,123208,123210,2,60
123148,123208,123210,2,60
123148,123208,123210,2,60
123148,123205,123210,5,57
123148,123208,123210,2,60
123148,123205,123211,6,57
123148,123205,123210,5,57
123148,123209,123210,1,61
123148,123209,123210,1,61
123148,123209,123210,1,61
123148,123209,123210,1,61
123148,123209,123210,1,61
123148,123208,123210,2,60
123148,123208,123210,2,60
123148,123209,123210,1,61
123148,123209,123210,1,61
123148,123209,123210,1,61
123148,123205,123211,6,57
123148,123205,123211,6,57
123148,123209,123211,2,61
123148,123209,123211,2,61
123148,123209,123211,2,61
123148,123209,123211,2,61
123148,123210,123212,2,62
123148,123209,123211,2,61
123148,123210,123211,1,62
123148,123210,123211,1,62
123148,123208,123211,3,60
123148,123208,123212,4,60
123148,123210,123212,2,62
123148,123210,123212,2,62
123148,123210,123212,2,62
123148,123205,123212,7,57
123148,123210,123212,2,62
123148,123210,123212,2,62
123148,123210,123212,2,62
123148,123210,123212,2,62
123148,123211,123212,1,63
123148,123212,123213,1,64
123148,123210,123212,2,62
123148,123210,123212,2,62
123148,123210,123212,2,62
123148,123210,123213,3,62
123148,123211,123213,2,63
123148,123210,123213,3,62
123148,123211,123213,2,63
123148,123210,123212,2,62
123148,123210,123212,2,62
123148,123210,123212,2,62
123148,123211,123212,1,63
123148,123211,123212,1,63
123148,123210,123213,3,62
123148,123210,123213,3,62
123148,123210,123213,3,62
123148,123210,123213,3,62
123148,123210,123213,3,62
123148,123210,123213,3,62
123148,123211,123213,2,63
123148,123211,123213,2,63
123148,123212,123213,1,64
123148,123212,123213,1,64
123148,123212,123213,1,64
123148,123212,123213,1,64
123148,123212,123213,1,64
123148,123210,123213,3,62
123148,123211,123214,3,63
123148,123211,123213,2,63
123148,123211,123213,2,63
123148,123211,123213,2,63
123148,123212,123213,1,64
123148,123213,123214,1,65
123148,123211,123213,2,63
123148,123211,123213,2,63
123148,123212,123213,1,64
123148,123212,123213,1,64
123148,123212,123213,1,64
123148,123211,123213,2,63
123148,123211,123213,2,63
123148,123211,123213,2,63
123148,123211,123213,2,63
123148,123210,123213,3,62
123148,123211,123213,2,63
123148,123211,123213,2,63
123148,123212,123213,1,64
123148,123212,123213,1,64
123148,123210,123213,3,62
123148,123210,123213,3,62
123148,123212,123213,1,64
123148,123212,123213,1,64
123148,123212,123213,1,64
123148,123210,123214,4,62
123148,123213,123214,1,65
123148,123213,123214,1,65
123148,123213,123214,1,65
123148,123213,123214,1,65
123148,123213,123214,1,65
123148,123213,123214,1,65
123148,123213,123215,2,65
123148,123213,123215,2,65
123148,123210,123214,4,62
123148,123210,123215,5,62
123148,123213,123215,2,65
123148,123213,123215,2,65
123148,123213,123214,1,65
123148,123213,123214,1,65
123148,123213,123215,2,65
123148,123214,123215,1,66
123148,123214,123215,1,66
123148,123214,123215,1,66
123148,123214,123215,1,66
123148,123214,123215,1,66
123148,123214,123215,1,66
123148,123213,123215,2,65
123148,123213,123215,2,65
123148,123213,123215,2,65
123148,123213,123216,3,65
123148,123213,123215,2,65
123246,123246,123247,1,0
123246,123246,123247,1,0
123246,123246,123247,1,0
123246,123246,123247,1,0
123246,123246,123248,2,0
123246,123246,123248,2,0
123246,123246,123247,1,0
123246,123246,123248,2,0
123246,123246,123248,2,0
123246,123246,123248,2,0
123246,123246,123247,1,0
123246,123246,123247,1,0
123246,123246,123247,1,0
123246,123246,123248,2,0
123246,123246,123248,2,0
123246,123246,123248,2,0
123246,123246,123248,2,0
123246,123246,123247,1,0
123246,123246,123247,1,0
123246,123246,123247,1,0
123246,123246,123248,2,0
123246,123246,123247,1,0
123246,123246,123248,2,0
123246,123246,123249,3,0
123246,123246,123249,3,0
123246,123246,123248,2,0
123246,123246,123249,3,0
123246,123246,123249,3,0
123246,123246,123248,2,0
123246,123248,123249,1,2
123246,123246,123249,3,0
123246,123246,123250,4,0
123246,123246,123250,4,0
123246,123246,123250,4,0
123246,123246,123250,4,0
123246,123246,123249,3,0
123246,123246,123250,4,0
123246,123246,123249,3,0
123246,123246,123250,4,0
123246,123246,123249,3,0
123246,123248,123249,1,2
123246,123248,123250,2,2
123246,123248,123250,2,2
123246,123248,123250,2,2
123246,123246,123249,3,0
123246,123246,123249,3,0
123246,123248,123249,1,2
123246,123248,123250,2,2
123246,123246,123249,3,0
123246,123246,123249,3,0
123246,123248,123249,1,2
123246,123248,123250,2,2
123246,123248,123250,2,2
123246,123246,123250,4,0
123246,123246,123251,5,0
123246,123246,123251,5,0
123246,123246,123251,5,0
123246,123246,123250,4,0
123246,123246,123250,4,0
123246,123246,123250,4,0
123246,123246,123250,4,0
123246,123246,123250,4,0
123246,123248,123250,2,2
123246,123246,123251,5,0
123246,123246,123251,5,0
123246,123248,123250,2,2
123246,123248,123251,3,2
123246,123248,123250,2,2
123246,123246,123250,4,0
123246,123248,123250,2,2
123246,123248,123251,3,2
123246,123248,123251,3,2
123246,123250,123251,1,4
123246,123250,123251,1,4
123246,123248,123251,3,2
123246,123250,123251,1,4
123246,123246,123250,4,0
123246,123246,123251,5,0
123246,123246,123251,5,0
123246,123248,123251,3,2
123246,123248,123251,3,2
123246,123248,123250,2,2
123246,123248,123251,3,2
123246,123249,123251,2,3
123246,123250,123251,1,4
123246,123246,123251,5,0
123246,123250,123252,2,4
123246,123250,123252,2,4
123246,123246,123251,5,0
123246,123249,123252,3,3
123246,123250,123252,2,4
123246,123250,123251,1,4
123246,123250,123252,2,4
123246,123249,123252,3,3
123246,123250,123252,2,4
123246,123250,123251,1,4
123246,123250,123251,1,4
123246,123250,123252,2,4
123246,123250,123252,2,4
123246,123250,123252,2,4
123246,123250,123252,2,4
123246,123249,123252,3,3
123246,123249,123252,3,3
123246,123249,123252,3,3
123246,123250,123252,2,4
123246,123250,123251,1,4
123246,123249,123252,3,3
123246,123249,123252,3,3
123246,123250,123252,2,4
123246,123250,123252,2,4
123246,123250,123252,2,4
123246,123251,123253,2,5
123246,123251,123253,2,5
123246,123250,123252,2,4
123246,123250,123253,3,4
123246,123252,123253,1,6
123246,123251,123254,3,5
123246,123251,123254,3,5
123246,123251,123254,3,5
123246,123251,123254,3,5
123246,123252,123254,2,6
123246,123251,123254,3,5
123246,123253,123254,1,7
123246,123252,123254,2,6
123246,123253,123254,1,7
123246,123253,123254,1,7
123246,123253,123254,1,7
123246,123253,123254,1,7
123246,123253,123255,2,7
123246,123253,123254,1,7
123246,123253,123254,1,7
123246,123253,123255,2,7
123246,123253,123254,1,7
123246,123253,123254,1,7
123246,123253,123254,1,7
123246,123252,123255,3,6
123246,123252,123254,2,6
123246,123252,123254,2,6
123246,123253,123254,1,7
123246,123253,123255,2,7
123246,123253,123254,1,7
123246,123252,123254,2,6
123246,123253,123254,1,7
123246,123251,123255,4,5
123246,123251,123255,4,5
123246,123252,123255,3,6
123246,123251,123255,4,5
123246,123253,123255,2,7
123246,123251,123255,4,5
123246,123251,123255,4,5
123246,123251,123255,4,5
123246,123251,123255,4,5
123246,123251,123255,4,5
123246,123253,123255,2,7
123246,123251,123255,4,5
123246,123252,123255,3,6
123246,123253,123255,2,7
123246,123251,123256,5,5
123246,123251,123255,4,5
123246,123252,123255,3,6
123246,123253,123255,2,7
123246,123254,123255,1,8
123246,123252,123255,3,6
123246,123252,123255,3,6
123246,123252,123255,3,6
123246,123252,123255,3,6
123246,123252,123255,3,6
123246,123252,123255,3,6
123246,123254,123255,1,8
123246,123253,123255,2,7
123246,123253,123255,2,7
123246,123252,123255,3,6
123246,123253,123255,2,7
123246,123253,123255,2,7
123246,123254,123256,2,8
123246,123254,123256,2,8
123246,123255,123256,1,9
123246,123255,123256,1,9
123246,123255,123256,1,9
123246,123253,123257,4,7
123246,123255,123256,1,9
123246,123255,123256,1,9
123246,123255,123256,1,9
123246,123255,123256,1,9
123246,123255,123257,2,9
123246,123255,123256,1,9
123246,123255,123256,1,9
123246,123255,123256,1,9
123246,123255,123256,1,9
123246,123255,123257,2,9
123246,123255,123256,1,9
123246,123255,123256,1,9
123246,123252,123256,4,6
123246,123255,123257,2,9
123246,123255,123256,1,9
123246,123255,123256,1,9
123246,123255,123256,1,9
123246,123255,123257,2,9
123246,123255,123256,1,9
123246,123255,123257,2,9
123147,123151,123271,120,4
123269,123273,123280,7,4
123286,123286,123287,1,0
123286,123286,123288,2,0
123286,123286,123288,2,0
123286,123286,123288,2,0
123286,123286,123288,2,0
123286,123286,123288,2,0
123286,123286,123288,2,0
123286,123286,123288,2,0
123286,123286,123288,2,0
123286,123286,123288,2,0
123286,123286,123288,2,0
123286,123286,123288,2,0
123286,123286,123288,2,0
123286,123286,123288,2,0
123286,123286,123288,2,0
123286,123286,123288,2,0
123286,123286,123288,2,0
123286,123286,123288,2,0
123286,123286,123288,2,0
123286,123287,123288,1,1
123286,123287,123288,1,1
123286,123286,123289,3,0
123286,123286,123289,3,0
123286,123286,123289,3,0
123286,123286,123289,3,0
123286,123286,123289,3,0
123286,123286,123289,3,0
123286,123286,123289,3,0
123286,123286,123288,2,0
123286,123286,123289,3,0
123286,123286,123289,3,0
123286,123286,123289,3,0
123286,123286,123289,3,0
123286,123286,123289,3,0
123286,123286,123289,3,0
123286,123286,123289,3,0
123286,123287,123289,2,1
123286,123286,123289,3,0
123286,123286,123289,3,0
123286,123286,123289,3,0
123286,123286,123289,3,0
123286,123286,123290,4,0
123286,123286,123290,4,0
123286,123286,123290,4,0
123286,123286,123290,4,0
123286,123286,123289,3,0
123286,123286,123290,4,0
123286,123286,123290,4,0
123286,123288,123290,2,2
123286,123288,123290,2,2
123286,123288,123290,2,2
123286,123288,123290,2,2
123286,123288,123290,2,2
123286,123288,123290,2,2
123286,123286,123290,4,0
123286,123286,123290,4,0
123286,123289,123290,1,3
123286,123289,123290,1,3
123286,123289,123290,1,3
123286,123287,123290,3,1
123286,123287,123290,3,1
123286,123287,123290,3,1
123286,123289,123291,2,3
123286,123289,123291,2,3
123286,123289,123291,2,3
123286,123289,123290,1,3
123286,123289,123290,1,3
123286,123289,123290,1,3
123286,123289,123290,1,3
123286,123290,123291,1,4
123286,123286,123291,5,0
123286,123286,123291,5,0
123286,123286,123290,4,0
123286,123286,123291,5,0
123286,123286,123291,5,0
123286,123289,123291,2,3
123286,123290,123291,1,4
123286,123290,123291,1,4
123286,123290,123291,1,4
123286,123290,123291,1,4
123286,123290,123291,1,4
123286,123290,123291,1,4
123286,123290,123291,1,4
123286,123290,123291,1,4
123286,123290,123291,1,4
123286,123290,123291,1,4
123286,123290,123291,1,4
123286,123289,123291,2,3
123286,123290,123292,2,4
123286,123286,123291,5,0
123286,123289,123291,2,3
123286,123289,123291,2,3
123286,123290,123291,1,4
123286,123289,123291,2,3
123286,123289,123292,3,3
123286,123290,123291,1,4
123286,123290,123291,1,4
123286,123287,123292,5,1
123286,123290,123292,2,4
123274,123285,123296,11,11
123295,123298,123305,7,3
122173,122173,123482,1309,0
123483,123483,123485,2,0
123483,123483,123485,2,0
123483,123483,123485,2,0
123483,123483,123485,2,0
123483,123483,123485,2,0
123483,123483,123485,2,0
123483,123483,123485,2,0
123483,123483,123485,2,0
123483,123483,123485,2,0
123483,123483,123485,2,0
123483,123483,123485,2,0
123483,123483,123485,2,0
123483,123483,123485,2,0
123483,123483,123485,2,0
123483,123483,123485,2,0
123483,123483,123485,2,0
123483,123483,123486,3,0
123483,123483,123486,3,0
123483,123483,123485,2,0
123483,123483,123486,3,0
123483,123483,123486,3,0
123483,123483,123485,2,0
123483,123483,123485,2,0
123483,123483,123485,2,0
123483,123483,123486,3,0
123483,123483,123486,3,0
123483,123483,123486,3,0
123483,123483,123486,3,0
123483,123483,123486,3,0
123483,123483,123487,4,0
123483,123483,123486,3,0
123483,123483,123486,3,0
123483,123483,123487,4,0
123483,123483,123486,3,0
123483,123483,123487,4,0
122115,122115,123487,1372,0
123483,123483,123487,4,0
123483,123483,123487,4,0
123483,123483,123487,4,0
123483,123483,123486,3,0
123483,123483,123486,3,0
123483,123483,123486,3,0
123483,123483,123487,4,0
123483,123483,123486,3,0
123483,123483,123487,4,0
123483,123483,123487,4,0
123483,123483,123487,4,0
123483,123483,123487,4,0
123483,123485,123487,2,2
123483,123485,123487,2,2
123483,123483,123487,4,0
123483,123485,123487,2,2
123483,123485,123487,2,2
123483,123483,123488,5,0
123483,123483,123487,4,0
123483,123483,123487,4,0
123483,123483,123487,4,0
123483,123486,123487,1,3
123483,123486,123487,1,3
123483,123486,123487,1,3
123483,123483,123487,4,0
123483,123486,123487,1,3
123483,123486,123487,1,3
123483,123486,123487,1,3
123483,123486,123487,1,3
123483,123483,123488,5,0
123483,123483,123488,5,0
123483,123485,123488,3,2
123483,123487,123488,1,4
123483,123487,123488,1,4
123483,123483,123488,5,0
123483,123483,123488,5,0
123483,123486,123488,2,3
123483,123486,123488,2,3
123483,123486,123488,2,3
123483,123486,123488,2,3
123483,123486,123488,2,3
123483,123487,123488,1,4
123483,123487,123488,1,4
123483,123487,123488,1,4
123483,123487,123488,1,4
123483,123487,123488,1,4
123483,123487,123488,1,4
123483,123487,123488,1,4
123483,123487,123488,1,4
123483,123487,123488,1,4
123483,123483,123489,6,0
123483,123483,123488,5,0
123483,123483,123488,5,0
123483,123486,123488,2,3
123483,123486,123488,2,3
123483,123487,123488,1,4
123483,123487,123488,1,4
123483,123487,123489,2,4
123483,123487,123488,1,4
123483,123487,123488,1,4
123483,123483,123489,6,0
123483,123488,123489,1,5
123488,123488,123489,1,0
123488,123488,123489,1,0
123483,123488,123490,2,5
123483,123488,123489,1,5
123488,123488,123489,1,0
123488,123488,123489,1,0
123488,123488,123489,1,0
123488,123488,123489,1,0
123488,123488,123489,1,0
123488,123488,123489,1,0
123488,123488,123489,1,0
123488,123488,123489,1,0
123483,123488,123490,2,5
123488,123489,123491,2,1
123488,123489,123491,2,1
123488,123488,123491,3,0
123488,123489,123491,2,1
123488,123489,123491,2,1
123488,123488,123491,3,0
123488,123488,123490,2,0
123488,123489,123491,2,1
123488,123488,123490,2,0
123488,123488,123490,2,0
123488,123488,123491,3,0
123488,123488,123491,3,0
123488,123488,123490,2,0
123488,123488,123491,3,0
123488,123489,123491,2,1
123488,123489,123491,2,1
123488,123489,123492,3,1
123488,123490,123491,1,2
123488,123489,123491,2,1
123488,123489,123491,2,1
123488,123489,123492,3,1
123488,123490,123491,1,2
123488,123490,123491,1,2
123488,123489,123491,2,1
123488,123489,123492,3,1
123488,123489,123492,3,1
123488,123490,123492,2,2
123488,123490,123491,1,2
123488,123490,123492,2,2
123488,123489,123491,2,1
123488,123489,123492,3,1
123488,123489,123492,3,1
123488,123490,123492,2,2
123488,123488,123492,4,0
123488,123488,123491,3,0
123488,123488,123491,3,0
123488,123489,123491,2,1
123488,123489,123491,2,1
123488,123489,123491,2,1
123488,123489,123491,2,1
123488,123490,123492,2,2
123488,123489,123491,2,1
123488,123489,123492,3,1
123488,123489,123491,2,1
123488,123490,123491,1,2
123488,123488,123492,4,0
123488,123488,123492,4,0
123488,123489,123491,2,1
123488,123490,123492,2,2
123488,123491,123492,1,3
123488,123489,123492,3,1
123488,123490,123493,3,2
123488,123490,123492,2,2
123488,123489,123492,3,1
123488,123490,123492,2,2
123488,123491,123492,1,3
123488,123491,123492,1,3
123488,123490,123492,2,2
123488,123488,123493,5,0
123488,123488,123492,4,0
123488,123491,123493,2,3
123488,123491,123493,2,3
123488,123491,123493,2,3
123488,123491,123492,1,3
123488,123491,123492,1,3
123488,123491,123493,2,3
123488,123489,123492,3,1
123488,123491,123492,1,3
123488,123491,123492,1,3
123488,123491,123492,1,3
123488,123491,123493,2,3
123488,123491,123493,2,3
123488,123491,123493,2,3
123488,123491,123493,2,3
123488,123491,123493,2,3
123488,123492,123494,2,4
123488,123492,123494,2,4
123488,123489,123493,4,1
123488,123492,123494,2,4
123488,123492,123493,1,4
123488,123492,123493,1,4
123488,123492,123494,2,4
123488,123492,123493,1,4
123488,123489,123493,4,1
123488,123492,123494,2,4
123488,123492,123493,1,4
123488,123492,123494,2,4
123488,123492,123493,1,4
123488,123492,123494,2,4
123488,123489,123495,6,1
122125,122125,123507,1382,0
123511,123511,123513,2,0
123511,123511,123512,1,0
123511,123511,123513,2,0
123511,123511,123512,1,0
123511,123511,123513,2,0
123511,123511,123512,1,0
123511,123511,123512,1,0
123511,123511,123513,2,0
123511,123511,123513,2,0
123511,123511,123512,1,0
123511,123511,123512,1,0
123511,123511,123512,1,0
123511,123511,123513,2,0
123511,123511,123512,1,0
123511,123511,123512,1,0
123511,123511,123512,1,0
123511,123511,123512,1,0
123511,123511,123513,2,0
123511,123511,123513,2,0
123511,123511,123513,2,0
123511,123511,123513,2,0
123511,123511,123513,2,0
122170,122171,123513,1342,1
123511,123511,123513,2,0
123511,123511,123513,2,0
123511,123511,123513,2,0
123511,123511,123513,2,0
123511,123511,123513,2,0
123511,123511,123514,3,0
123511,123511,123513,2,0
123511,123511,123513,2,0
123511,123511,123514,3,0
123511,123511,123514,3,0
123511,123511,123514,3,0
123511,123511,123514,3,0
123511,123511,123515,4,0
122158,122158,123515,1357,0
123511,123511,123515,4,0
123511,123511,123514,3,0
123511,123513,123514,1,2
123511,123511,123515,4,0
123511,123511,123515,4,0
123511,123513,123515,2,2
123511,123511,123514,3,0
123511,123513,123515,2,2
123511,123511,123515,4,0
123511,123513,123514,1,2
123511,123513,123515,2,2
123511,123513,123515,2,2
123511,123511,123514,3,0
123511,123511,123515,4,0
123511,123511,123515,4,0
123511,123513,123515,2,2
123511,123513,123515,2,2
123511,123513,123515,2,2
123511,123514,123515,1,3
123511,123511,123515,4,0
123511,123511,123514,3,0
123511,123511,123515,4,0
123511,123513,123515,2,2
123511,123513,123515,2,2
123511,123513,123515,2,2
123511,123511,123515,4,0
123511,123511,123515,4,0
123511,123513,123515,2,2
123511,123511,123515,4,0
123511,123513,123515,2,2
123511,123513,123515,2,2
123511,123513,123515,2,2
123511,123511,123515,4,0
123511,123511,123515,4,0
123511,123514,123515,1,3
123511,123511,123516,5,0
123511,123511,123516,5,0
123511,123514,123515,1,3
123511,123511,123516,5,0
123511,123511,123516,5,0
123511,123513,123516,3,2
123511,123514,123516,2,3
123511,123511,123516,5,0
123511,123511,123515,4,0
123511,123513,123516,3,2
123511,123513,123516,3,2
123511,123513,123516,3,2
123511,123511,123515,4,0
123511,123514,123515,1,3
123511,123514,123515,1,3
123511,123514,123515,1,3
123511,123513,123516,3,2
123511,123514,123516,2,3
123511,123514,123516,2,3
123511,123514,123516,2,3
123511,123514,123516,2,3
123511,123511,123516,5,0
123511,123511,123515,4,0
123511,123514,123516,2,3
123511,123511,123517,6,0
123511,123515,123517,2,4
123511,123514,123517,3,3
123511,123514,123517,3,3
123511,123515,123517,2,4
123511,123511,123517,6,0
122119,122120,123519,1399,1
122114,122114,123522,1408,0
123527,123527,123529,2,0
123527,123527,123529,2,0
123527,123527,123529,2,0
123527,123527,123529,2,0
123527,123527,123529,2,0
123527,123527,123529,2,0
123527,123527,123529,2,0
123527,123527,123529,2,0
123527,123527,123528,1,0
123527,123527,123529,2,0
123527,123527,123529,2,0
123527,123527,123529,2,0
123527,123527,123529,2,0
123527,123527,123529,2,0
123527,123527,123529,2,0
123527,123527,123528,1,0
123527,123527,123529,2,0
123527,123527,123528,1,0
123527,123527,123529,2,0
123527,123527,123529,2,0
123527,123527,123530,3,0
123527,123527,123529,2,0
123527,123527,123530,3,0
123527,123527,123529,2,0
123527,123527,123529,2,0
123527,123527,123529,2,0
123527,123527,123530,3,0
123527,123527,123530,3,0
123527,123527,123530,3,0
123527,123527,123529,2,0
123527,123527,123530,3,0
123527,123527,123530,3,0
123527,123527,123530,3,0
123527,123527,123530,3,0
123527,123527,123529,2,0
123527,123527,123530,3,0
123527,123527,123529,2,0
123527,123527,123529,2,0
123527,123527,123530,3,0
123527,123527,123529,2,0
123527,123527,123529,2,0
123527,123527,123529,2,0
123527,123527,123530,3,0
123527,123527,123529,2,0
123527,123527,123529,2,0
123527,123527,123530,3,0
123527,123527,123530,3,0
123527,123527,123529,2,0
123527,123527,123530,3,0
123527,123527,123529,2,0
123527,123527,123530,3,0
123527,123527,123530,3,0
123527,123527,123530,3,0
123527,123527,123531,4,0
123527,123527,123530,3,0
123527,123527,123530,3,0
123527,123527,123530,3,0
123527,123529,123531,2,2
123527,123529,123531,2,2
123527,123527,123531,4,0
123527,123529,123531,2,2
123527,123529,123530,1,2
123527,123527,123531,4,0
123527,123527,123531,4,0
123527,123527,123530,3,0
123527,123527,123531,4,0
123527,123529,123531,2,2
123527,123529,123531,2,2
123527,123527,123530,3,0
123527,123529,123531,2,2
123527,123529,123530,1,2
123527,123529,123530,1,2
123527,123530,123531,1,3
123527,123527,123531,4,0
123527,123529,123531,2,2
123527,123529,123531,2,2
123527,123527,123530,3,0
123527,123529,123531,2,2
123527,123529,123531,2,2
123527,123529,123530,1,2
123527,123529,123531,2,2
123527,123529,123531,2,2
123527,123529,123531,2,2
123527,123529,123531,2,2
123527,123529,123531,2,2
123527,123529,123531,2,2
123527,123530,123532,2,3
123527,123530,123532,2,3
123527,123530,123532,2,3
123527,123530,123532,2,3
123527,123530,123532,2,3
123527,123530,123532,2,3
123527,123530,123532,2,3
123527,123530,123532,2,3
123527,123530,123532,2,3
123527,123530,123532,2,3
123527,123527,123532,5,0
123527,123530,123532,2,3
123527,123530,123532,2,3
123527,123530,123532,2,3
123527,123530,123532,2,3
123527,123530,123532,2,3
123527,123530,123532,2,3
123527,123530,123532,2,3
123527,123530,123532,2,3
123527,123530,123532,2,3
123527,123530,123532,2,3
123527,123530,123532,2,3
123527,123527,123532,5,0
123527,123530,123533,3,3
123527,123532,123534,2,5
123527,123532,123533,1,5
123527,123530,123533,3,3
123527,123532,123534,2,5
123527,123532,123533,1,5
123527,123532,123534,2,5
123527,123532,123533,1,5
123527,123532,123533,1,5
123527,123533,123534,1,6
123527,123533,123534,1,6
123527,123533,123534,1,6
123527,123533,123534,1,6
123527,123530,123535,5,3
123527,123532,123534,2,5
123527,123532,123535,3,5
123527,123532,123534,2,5
123527,123532,123534,2,5
123527,123532,123535,3,5
123527,123533,123535,2,6
123527,123533,123535,2,6
123527,123533,123534,1,6
123527,123532,123535,3,5
123527,123533,123534,1,6
123527,123533,123534,1,6
123527,123531,123535,4,4
123527,123532,123535,3,5
123527,123532,123535,3,5
123527,123532,123534,2,5
123527,123533,123535,2,6
123527,123530,123534,4,3
123527,123532,123535,3,5
123527,123532,123534,2,5
123527,123533,123535,2,6
123527,123532,123535,3,5
123527,123533,123534,1,6
123527,123533,123534,1,6
123527,123531,123534,3,4
123527,123532,123534,2,5
123527,123533,123534,1,6
123527,123533,123535,2,6
123527,123533,123534,1,6
123527,123533,123535,2,6
123527,123530,123535,5,3
123527,123532,123535,3,5
123527,123534,123535,1,7
123527,123530,123535,5,3
123527,123530,123535,5,3
123527,123532,123536,4,5
123527,123533,123535,2,6
123527,123532,123536,4,5
123527,123532,123535,3,5
123527,123533,123535,2,6
123527,123534,123536,2,7
123527,123534,123535,1,7
123527,123534,123535,1,7
123527,123532,123535,3,5
123527,123532,123535,3,5
123527,123534,123535,1,7
123527,123534,123535,1,7
123527,123531,123536,5,4
123527,123532,123535,3,5
123527,123534,123535,1,7
123527,123534,123535,1,7
123527,123534,123535,1,7
123527,123531,123536,5,4
123527,123535,123536,1,8
123527,123535,123536,1,8
123527,123535,123536,1,8
123527,123535,123536,1,8
123527,123535,123537,2,8
123527,123535,123536,1,8
123527,123535,123537,2,8
123527,123535,123536,1,8
123527,123535,123536,1,8
123527,123535,123537,2,8
123527,123535,123537,2,8
123527,123532,123536,4,5
123527,123532,123536,4,5
123527,123532,123536,4,5
123527,123535,123537,2,8
123527,123535,123537,2,8
123527,123532,123537,5,5
123527,123532,123536,4,5
123527,123532,123537,5,5
123527,123532,123536,4,5
123527,123535,123536,1,8
123527,123535,123536,1,8
123527,123535,123536,1,8
123527,123535,123537,2,8
123527,123535,123536,1,8
123527,123535,123536,1,8
123527,123535,123536,1,8
123527,123532,123537,5,5
123527,123535,123537,2,8
123527,123535,123537,2,8
123527,123535,123537,2,8
123527,123535,123536,1,8
123527,123535,123536,1,8
123527,123535,123536,1,8
123527,123535,123536,1,8
123527,123535,123536,1,8
123527,123531,123537,6,4
123527,123535,123538,3,8
123527,123535,123538,3,8
123527,123535,123538,3,8
123527,123536,123538,2,9
123527,123531,123538,7,4
123527,123537,123539,2,10
123527,123537,123539,2,10
123527,123537,123539,2,10
123527,123537,123539,2,10
123527,123537,123539,2,10
123527,123537,123539,2,10
123527,123535,123539,4,8
123527,123535,123539,4,8
123527,123536,123539,3,9
123527,123536,123539,3,9
123527,123536,123539,3,9
123527,123537,123538,1,10
123527,123538,123539,1,11
123527,123536,123539,3,9
123527,123536,123539,3,9
123527,123536,123539,3,9
123527,123536,123539,3,9
123527,123537,123539,2,10
123527,123537,123538,1,10
123527,123537,123538,1,10
123527,123538,123539,1,11
123527,123536,123539,3,9
123527,123536,123539,3,9
123527,123537,123538,1,10
123527,123537,123538,1,10
123527,123537,123538,1,10
123527,123538,123539,1,11
123527,123536,123539,3,9
123527,123536,123539,3,9
123527,123537,123539,2,10
123527,123537,123539,2,10
123527,123537,123539,2,10
123527,123537,123539,2,10
123527,123537,123539,2,10
123527,123537,123539,2,10
123527,123538,123539,1,11
123527,123536,123540,4,9
123527,123538,123539,1,11
123527,123536,123539,3,9
123527,123536,123539,3,9
123527,123537,123540,3,10
123527,123537,123539,2,10
123527,123537,123540,3,10
123527,123536,123540,4,9
123527,123537,123540,3,10
123527,123537,123540,3,10
123527,123537,123540,3,10
123527,123536,123540,4,9
123527,123537,123540,3,10
123527,123537,123539,2,10
123527,123537,123540,3,10
123527,123536,123540,4,9
123527,123536,123540,4,9
123527,123536,123540,4,9
123527,123537,123540,3,10
123527,123537,123540,3,10
123527,123537,123541,4,10
123527,123537,123541,4,10
123527,123537,123541,4,10
123527,123539,123540,1,12
123527,123536,123541,5,9
123527,123537,123540,3,10
123527,123536,123541,5,9
123527,123536,123540,4,9
123527,123537,123541,4,10
123527,123539,123541,2,12
123527,123540,123541,1,13
123527,123540,123541,1,13
123527,123540,123541,1,13
123527,123539,123541,2,12
123527,123539,123541,2,12
123527,123539,123541,2,12
123527,123540,123541,1,13
123527,123540,123541,1,13
123527,123540,123541,1,13
123527,123540,123541,1,13
123527,123539,123541,2,12
123527,123540,123541,1,13
123527,123540,123541,1,13
123527,123540,123541,1,13
123527,123540,123541,1,13
123527,123537,123541,4,10
123527,123537,123542,5,10
122165,122165,123548,1383,0
122150,122160,123551,1391,10
122155,122160,123556,1396,5
123563,123564,123565,1,1
123563,123564,123566,2,1
123563,123564,123565,1,1
123563,123564,123566,2,1
123563,123564,123566,2,1
123563,123564,123565,1,1
123563,123564,123566,2,1
123563,123564,123566,2,1
123563,123564,123565,1,1
123563,123564,123566,2,1
123563,123564,123566,2,1
123563,123564,123566,2,1
123563,123564,123565,1,1
123563,123564,123565,1,1
123563,123564,123566,2,1
123563,123565,123566,1,2
123563,123564,123565,1,1
123563,123564,123565,1,1
123563,123564,123565,1,1
123563,123564,123565,1,1
123563,123564,123565,1,1
123563,123564,123566,2,1
123563,123564,123566,2,1
123563,123564,123566,2,1
123563,123564,123566,2,1
123563,123564,123566,2,1
123563,123564,123566,2,1
123563,123564,123565,1,1
123563,123564,123565,1,1
123563,123564,123565,1,1
123563,123564,123565,1,1
123563,123564,123565,1,1
123563,123564,123565,1,1
123563,123564,123567,3,1
123563,123564,123567,3,1
123563,123564,123566,2,1
123563,123564,123567,3,1
123563,123564,123566,2,1
123563,123566,123567,1,3
123563,123564,123566,2,1
123563,123564,123566,2,1
123563,123564,123567,3,1
123563,123564,123567,3,1
123563,123564,123567,3,1
123563,123564,123567,3,1
123563,123564,123567,3,1
123563,123564,123566,2,1
123563,123566,123567,1,3
123563,123566,123567,1,3
123563,123566,123567,1,3
123563,123564,123566,2,1
123563,123564,123566,2,1
123563,123564,123566,2,1
123563,123564,123566,2,1
123563,123564,123567,3,1
123563,123564,123567,3,1
123563,123564,123567,3,1
123563,123564,123566,2,1
123563,123564,123566,2,1
123563,123564,123568,4,1
123563,123564,123568,4,1
123563,123564,123567,3,1
123563,123566,123567,1,3
123563,123566,123567,1,3
123563,123566,123567,1,3
123563,123564,123568,4,1
123563,123564,123568,4,1
123563,123564,123567,3,1
123563,123566,123567,1,3
123563,123566,123567,1,3
123563,123566,123567,1,3
123563,123566,123567,1,3
123563,123566,123568,2,3
123563,123566,123567,1,3
123563,123566,123567,1,3
123563,123566,123567,1,3
123563,123566,123567,1,3
123563,123566,123567,1,3
123563,123564,123567,3,1
123563,123566,123567,1,3
123563,123566,123568,2,3
123563,123566,123567,1,3
123563,123564,123567,3,1
123563,123566,123567,1,3
123563,123567,123568,1,4
123563,123564,123568,4,1
123563,123564,123567,3,1
123563,123566,123567,1,3
123563,123564,123568,4,1
123563,123564,123568,4,1
123563,123564,123568,4,1
123563,123566,123568,2,3
123563,123566,123567,1,3
123563,123566,123568,2,3
123563,123566,123567,1,3
123563,123566,123567,1,3
123563,123566,123568,2,3
123563,123566,123567,1,3
123563,123566,123568,2,3
123563,123566,123568,2,3
123563,123567,123568,1,4
123563,123564,123568,4,1
123563,123567,123569,2,4
123563,123567,123569,2,4
123563,123567,123569,2,4
123563,123564,123569,5,1
123563,123566,123569,3,3
123563,123567,123569,2,4
123563,123567,123570,3,4
123563,123567,123570,3,4
123563,123569,123570,1,6
123563,123569,123571,2,6
123563,123569,123571,2,6
123563,123567,123570,3,4
123563,123567,123570,3,4
123563,123567,123570,3,4
123563,123567,123570,3,4
123563,123569,123570,1,6
123563,123569,123570,1,6
123563,123569,123570,1,6
123563,123567,123570,3,4
123563,123567,123570,3,4
123563,123567,123571,4,4
123563,123569,123570,1,6
123563,123569,123570,1,6
123563,123564,123570,6,1
123563,123569,123571,2,6
123563,123567,123570,3,4
123563,123569,123570,1,6
123563,123569,123570,1,6
123563,123569,123571,2,6
123563,123569,123571,2,6
123563,123569,123570,1,6
123563,123569,123571,2,6
123563,123569,123571,2,6
123563,123569,123571,2,6
123563,123569,123570,1,6
123563,123569,123571,2,6
123563,123569,123571,2,6
123563,123569,123571,2,6
123563,123570,123571,1,7
123563,123570,123571,1,7
123563,123567,123571,4,4
123563,123569,123572,3,6
123563,123569,123571,2,6
123563,123571,123572,1,8
123563,123569,123572,3,6
123563,123569,123571,2,6
123563,123569,123571,2,6
123563,123569,123571,2,6
123563,123567,123571,4,4
123563,123567,123571,4,4
123563,123569,123571,2,6
123563,123569,123571,2,6
123563,123567,123571,4,4
123563,123569,123571,2,6
123563,123569,123571,2,6
123563,123567,123572,5,4
123563,123570,123572,2,7
123563,123570,123572,2,7
123563,123570,123572,2,7
123563,123567,123571,4,4
123563,123569,123571,2,6
123563,123569,123571,2,6
123563,123569,123571,2,6
123563,123569,123571,2,6
123563,123567,123572,5,4
123563,123569,123572,3,6
123563,123569,123572,3,6
123563,123571,123572,1,8
123563,123571,123572,1,8
123563,123571,123572,1,8
123563,123571,123572,1,8
123563,123571,123572,1,8
123563,123571,123572,1,8
123563,123571,123572,1,8
123563,123569,123572,3,6
123563,123571,123573,2,8
123563,123571,123572,1,8
123563,123571,123572,1,8
123563,123571,123572,1,8
123563,123571,123572,1,8
123563,123571,123572,1,8
123563,123571,123572,1,8
123563,123571,123572,1,8
123563,123571,123572,1,8
123563,123571,123572,1,8
123563,123567,123572,5,4
123563,123569,123572,3,6
123563,123571,123573,2,8
123563,123571,123573,2,8
123563,123567,123572,5,4
123563,123567,123572,5,4
123563,123571,123573,2,8
123564,123571,123573,2,7
123564,123571,123572,1,7
123564,123571,123572,1,7
123564,123571,123572,1,7
123564,123571,123572,1,7
123564,123571,123573,2,7
123564,123571,123572,1,7
123564,123571,123572,1,7
123563,123568,123573,5,5
123563,123569,123573,4,6
123564,123572,123573,1,8
123564,123572,123573,1,8
123563,123569,123574,5,6
123563,123569,123573,4,6
123563,123569,123574,5,6
122162,122162,123574,1412,0
123563,123571,123573,2,8
123564,123572,123574,2,8
123564,123572,123575,3,8
123564,123572,123575,3,8
123564,123573,123575,2,9
123564,123573,123575,2,9
123564,123573,123575,2,9
123564,123572,123575,3,8
123564,123573,123575,2,9
123564,123573,123575,2,9
123564,123573,123575,2,9
123564,123573,123575,2,9
123564,123572,123575,3,8
123564,123573,123575,2,9
123564,123573,123575,2,9
123564,123573,123575,2,9
123564,123573,123575,2,9
123564,123573,123575,2,9
123564,123573,123575,2,9
123564,123573,123575,2,9
123564,123573,123575,2,9
123564,123573,123575,2,9
123564,123573,123574,1,9
123564,123573,123575,2,9
123564,123573,123575,2,9
123564,123573,123575,2,9
123564,123573,123575,2,9
123564,123573,123575,2,9
123564,123573,123575,2,9
123564,123573,123575,2,9
123564,123573,123575,2,9
123564,123572,123576,4,8
123564,123574,123575,1,10
123564,123574,123575,1,10
123564,123574,123575,1,10
123564,123574,123575,1,10
123564,123572,123575,3,8
123564,123572,123575,3,8
123564,123573,123575,2,9
123564,123573,123576,3,9
123564,123573,123576,3,9
123564,123573,123576,3,9
123564,123572,123576,4,8
123564,123574,123575,1,10
123564,123574,123576,2,10
123564,123574,123575,1,10
123564,123572,123575,3,8
123564,123572,123576,4,8
123564,123575,123576,1,11
123564,123572,123576,4,8
123564,123572,123575,3,8
123564,123573,123575,2,9
123564,123573,123575,2,9
123564,123572,123576,4,8
123564,123572,123576,4,8
123564,123574,123576,2,10
123564,123572,123576,4,8
123564,123572,123576,4,8
123564,123572,123576,4,8
123564,123574,123576,2,10
123564,123572,123576,4,8
123564,123575,123577,2,11
123564,123575,123577,2,11
123564,123575,123576,1,11
123564,123575,123576,1,11
123564,123575,123576,1,11
123564,123575,123577,2,11
123564,123575,123576,1,11
123564,123575,123576,1,11
123564,123575,123576,1,11
123564,123575,123576,1,11
123564,123575,123577,2,11
123564,123572,123577,5,8
123564,123572,123576,4,8
123564,123573,123577,4,9
123564,123573,123577,4,9
123564,123575,123576,1,11
123564,123575,123576,1,11
123564,123575,123576,1,11
123564,123575,123577,2,11
123564,123575,123577,2,11
123564,123572,123576,4,8
123569,123575,123577,2,6
123569,123575,123577,2,6
123564,123572,123577,5,8
123564,123572,123577,5,8
123564,123575,123577,2,11
123564,123575,123577,2,11
123564,123572,123577,5,8
123564,123572,123577,5,8
123569,123575,123577,2,6
123569,123575,123577,2,6
123569,123575,123577,2,6
123569,123576,123577,1,7
123569,123576,123577,1,7
123569,123576,123577,1,7
123569,123576,123578,2,7
123564,123573,123578,5,9
123564,123573,123577,4,9
123569,123577,123579,2,8
123564,123572,123578,6,8
123569,123576,123578,2,7
123569,123576,123579,3,7
123569,123576,123579,3,7
123569,123576,123579,3,7
123569,123576,123579,3,7
123569,123576,123579,3,7
123569,123577,123579,2,8
123569,123577,123579,2,8
123569,123576,123580,4,7
123569,123576,123579,3,7
123569,123576,123579,3,7
123569,123576,123579,3,7
123569,123576,123579,3,7
123569,123576,123579,3,7
123569,123578,123579,1,9
123569,123578,123580,2,9
123569,123578,123579,1,9
123569,123577,123579,2,8
123569,123578,123579,1,9
123569,123578,123579,1,9
123569,123578,123579,1,9
123569,123578,123580,2,9
123569,123577,123579,2,8
123569,123577,123579,2,8
123569,123577,123580,3,8
123569,123578,123580,2,9
123569,123578,123579,1,9
123569,123578,123580,2,9
123569,123578,123579,1,9
123569,123578,123579,1,9
123569,123577,123580,3,8
123569,123577,123580,3,8
123569,123576,123580,4,7
123569,123576,123580,4,7
123569,123576,123580,4,7
123569,123576,123580,4,7
123569,123578,123580,2,9
123569,123578,123580,2,9
123569,123578,123580,2,9
123569,123578,123580,2,9
123569,123576,123580,4,7
123569,123577,123580,3,8
123569,123577,123580,3,8
123569,123577,123580,3,8
123569,123576,123580,4,7
123569,123579,123580,1,10
123569,123579,123580,1,10
123569,123576,123580,4,7
123569,123578,123580,2,9
123569,123578,123580,2,9
123569,123579,123580,1,10
123569,123576,123580,4,7
123569,123578,123580,2,9
123569,123578,123580,2,9
123569,123579,123580,1,10
123569,123576,123581,5,7
123569,123576,123581,5,7
123569,123577,123580,3,8
123569,123577,123580,3,8
123569,123577,123580,3,8
123569,123578,123581,3,9
123569,123577,123580,3,8
123569,123579,123580,1,10
123569,123579,123580,1,10
123569,123577,123581,4,8
123569,123577,123581,4,8
123569,123577,123581,4,8
123569,123579,123581,2,10
123569,123580,123581,1,11
123569,123580,123581,1,11
123569,123580,123581,1,11
123569,123580,123581,1,11
123569,123580,123581,1,11
123569,123580,123581,1,11
123569,123577,123581,4,8
123569,123580,123581,1,11
123569,123580,123582,2,11
123569,123580,123581,1,11
123569,123580,123581,1,11
122168,122173,123581,1408,5
123569,123578,123581,3,9
123569,123576,123581,5,7
123569,123580,123582,2,11
123569,123580,123582,2,11
123569,123578,123581,3,9
123569,123578,123581,3,9
123569,123578,123581,3,9
123569,123580,123582,2,11
123569,123580,123582,2,11
123569,123580,123582,2,11
123569,123580,123583,3,11
123617,123617,123618,1,0
123617,123617,123619,2,0
123617,123617,123619,2,0
123617,123617,123618,1,0
123617,123617,123618,1,0
123617,123617,123618,1,0
123617,123617,123619,2,0
123617,123617,123618,1,0
123617,123617,123618,1,0
123617,123617,123619,2,0
123617,123617,123618,1,0
123617,123617,123618,1,0
123617,123617,123618,1,0
123617,123617,123619,2,0
123617,123617,123618,1,0
123617,123617,123618,1,0
123617,123617,123619,2,0
123617,123617,123619,2,0
123617,123617,123618,1,0
123617,123617,123618,1,0
123617,123617,123618,1,0
123617,123617,123618,1,0
123617,123617,123619,2,0
123617,123617,123619,2,0
123617,123617,123618,1,0
123617,123617,123618,1,0
123617,123617,123618,1,0
123617,123617,123619,2,0
123617,123617,123618,1,0
123617,123617,123618,1,0
123617,123617,123618,1,0
123617,123617,123618,1,0
123617,123617,123618,1,0
123617,123617,123620,3,0
123617,123617,123619,2,0
123617,123617,123619,2,0
123617,123617,123620,3,0
123617,123617,123619,2,0
123617,123617,123619,2,0
123617,123619,123620,1,2
123617,123619,123620,1,2
123617,123617,123619,2,0
123617,123617,123620,3,0
123617,123617,123620,3,0
123617,123617,123619,2,0
123617,123617,123620,3,0
123617,123617,123619,2,0
123617,123617,123620,3,0
123617,123617,123620,3,0
123617,123617,123619,2,0
123617,123617,123620,3,0
123617,123619,123620,1,2
123617,123619,123620,1,2
123617,123619,123620,1,2
123617,123619,123620,1,2
123617,123617,123620,3,0
123617,123617,123620,3,0
123617,123619,123620,1,2
123617,123619,123620,1,2
123617,123617,123621,4,0
123617,123617,123621,4,0
123617,123617,123620,3,0
123617,123619,123620,1,2
123617,123619,123621,2,2
123617,123619,123620,1,2
123617,123619,123620,1,2
123617,123617,123621,4,0
123617,123619,123620,1,2
123617,123619,123620,1,2
123617,123619,123620,1,2
123617,123619,123621,2,2
123617,123619,123620,1,2
123617,123619,123620,1,2
123617,123619,123620,1,2
123617,123619,123621,2,2
123617,123619,123621,2,2
123617,123619,123621,2,2
123617,123619,123620,1,2
123617,123619,123620,1,2
123617,123617,123621,4,0
123617,123619,123620,1,2
123617,123619,123620,1,2
123617,123619,123620,1,2
123617,123619,123620,1,2
123617,123617,123621,4,0
123617,123617,123622,5,0
123617,123617,123622,5,0
123617,123617,123621,4,0
123617,123617,123621,4,0
123617,123617,123622,5,0
123617,123617,123621,4,0
123617,123617,123622,5,0
123617,123617,123621,4,0
123617,123617,123621,4,0
123622,123622,123623,1,0
123622,123622,123623,1,0
123617,123617,123622,5,0
123617,123617,123622,5,0
123617,123617,123622,5,0
123617,123617,123622,5,0
123617,123617,123623,6,0
123622,123622,123624,2,0
123622,123622,123623,1,0
123617,123617,123623,6,0
123622,123622,123623,1,0
123622,123622,123623,1,0
123622,123622,123624,2,0
123622,123622,123624,2,0
123622,123622,123623,1,0
123622,123623,123624,1,1
123622,123622,123624,2,0
123622,123622,123624,2,0
123622,123622,123624,2,0
123622,123622,123623,1,0
123622,123623,123624,1,1
123622,123622,123623,1,0
123622,123622,123623,1,0
123622,123622,123624,2,0
123622,123622,123623,1,0
123622,123622,123624,2,0
123622,123622,123624,2,0
123622,123622,123624,2,0
123622,123622,123623,1,0
123622,123622,123623,1,0
123622,123622,123623,1,0
123622,123622,123623,1,0
123622,123622,123623,1,0
123622,123622,123625,3,0
123622,123622,123624,2,0
123622,123622,123624,2,0
123622,123622,123625,3,0
123622,123622,123625,3,0
123622,123622,123624,2,0
123622,123622,123625,3,0
123622,123622,123624,2,0
123622,123622,123624,2,0
123622,123622,123624,2,0
123622,123622,123625,3,0
123622,123622,123625,3,0
123622,123622,123624,2,0
123622,123622,123625,3,0
123622,123624,123625,1,2
123622,123624,123625,1,2
123622,123622,123625,3,0
123622,123622,123624,2,0
123622,123622,123624,2,0
123622,123622,123624,2,0
123622,123623,123624,1,1
123622,123622,123625,3,0
123622,123623,123624,1,1
123622,123623,123624,1,1
123622,123623,123624,1,1
123622,123623,123624,1,1
123622,123622,123625,3,0
123622,123622,123625,3,0
123622,123622,123625,3,0
123622,123622,123625,3,0
123622,123624,123625,1,2
123622,123624,123625,1,2
123622,123625,123626,1,3
123622,123622,123625,3,0
123622,123624,123626,2,2
123622,123624,123625,1,2
123622,123622,123625,3,0
123622,123622,123626,4,0
123622,123624,123626,2,2
123622,123624,123626,2,2
123622,123622,123625,3,0
123622,123622,123625,3,0
123622,123624,123625,1,2
123622,123622,123626,4,0
123622,123624,123625,1,2
123622,123624,123625,1,2
123622,123624,123625,1,2
123622,123624,123625,1,2
123622,123624,123626,2,2
123622,123622,123626,4,0
123622,123622,123625,3,0
123622,123624,123625,1,2
123622,123624,123625,1,2
123622,123622,123626,4,0
123622,123622,123626,4,0
123622,123622,123626,4,0
123622,123624,123625,1,2
123622,123624,123625,1,2
123622,123624,123625,1,2
123622,123624,123626,2,2
123622,123624,123625,1,2
123622,123624,123625,1,2
123622,123622,123626,4,0
123622,123622,123626,4,0
123622,123624,123625,1,2
123622,123624,123626,2,2
123622,123624,123625,1,2
123622,123624,123626,2,2
123622,123622,123627,5,0
123622,123622,123626,4,0
123622,123622,123627,5,0
123622,123622,123626,4,0
123622,123622,123626,4,0
123350,123353,124565,1212,3
124564,124567,124621,54,3
124167,124170,132648,8478,3
137578,137582,137668,86,4
137667,137670,137678,8,3
137672,137682,138065,383,10
138009,138070,138169,99,61
138167,138170,138177,7,3
138220,138224,138280,56,4
138278,138281,138302,21,3
143858,143858,143861,3,0
143858,143858,143861,3,0
143858,143858,143861,3,0
143857,143857,143862,5,0
143858,143858,143863,5,0
143858,143858,143864,6,0
143858,143858,143864,6,0
144236,144236,144240,4,0
144236,144236,144240,4,0
144236,144236,144240,4,0
144236,144236,144240,4,0
144236,144236,144240,4,0
144236,144236,144240,4,0
144236,144236,144240,4,0
144236,144236,144240,4,0
144236,144236,144241,5,0
144236,144236,144241,5,0
144236,144236,144240,4,0
144236,144236,144240,4,0
144236,144236,144240,4,0
144236,144236,144240,4,0
144236,144236,144240,4,0
144236,144236,144240,4,0
144236,144236,144240,4,0
144236,144236,144240,4,0
144236,144236,144240,4,0
144236,144236,144240,4,0
144236,144236,144240,4,0
144236,144236,144240,4,0
144236,144236,144240,4,0
144236,144236,144240,4,0
144236,144236,144240,4,0
144236,144236,144240,4,0
144236,144236,144241,5,0
144236,144236,144240,4,0
144236,144236,144240,4,0
144236,144236,144240,4,0
144236,144236,144241,5,0
144236,144236,144242,6,0
144236,144236,144241,5,0
144236,144236,144241,5,0
144236,144236,144242,6,0
144236,144236,144241,5,0
144236,144236,144241,5,0
144236,144236,144241,5,0
144236,144236,144241,5,0
144236,144236,144241,5,0
144236,144236,144241,5,0
144236,144236,144242,6,0
144236,144236,144243,7,0
144236,144236,144243,7,0
144236,144236,144242,6,0
144236,144236,144242,6,0
144236,144236,144243,7,0
144236,144236,144243,7,0
144236,144236,144244,8,0
144236,144236,144243,7,0
144236,144236,144243,7,0
144236,144236,144244,8,0
144236,144236,144243,7,0
144236,144236,144243,7,0
144236,144236,144243,7,0
144236,144241,144244,3,5
144236,144236,144243,7,0
144236,144236,144243,7,0
144236,144236,144243,7,0
144236,144236,144243,7,0
144236,144236,144243,7,0
144236,144236,144243,7,0
144236,144236,144243,7,0
144236,144241,144244,3,5
144236,144236,144243,7,0
144236,144236,144243,7,0
144236,144236,144243,7,0
144236,144236,144243,7,0
144236,144236,144243,7,0
144236,144236,144244,8,0
144236,144236,144244,8,0
144236,144236,144244,8,0
144236,144236,144244,8,0
144236,144236,144244,8,0
144236,144241,144244,3,5
144236,144241,144245,4,5
144236,144241,144245,4,5
144236,144241,144244,3,5
144236,144241,144245,4,5
144236,144241,144244,3,5
144236,144241,144245,4,5
144236,144241,144244,3,5
144236,144241,144245,4,5
144236,144241,144245,4,5
144236,144241,144244,3,5
144236,144241,144245,4,5
144236,144241,144244,3,5
144236,144241,144245,4,5
144236,144241,144245,4,5
144236,144241,144245,4,5
144236,144243,144246,3,7
144236,144241,144245,4,5
144236,144241,144245,4,5
144236,144241,144246,5,5
144236,144241,144246,5,5
144236,144242,144246,4,6
144236,144242,144246,4,6
144236,144241,144245,4,5
144236,144241,144245,4,5
144236,144241,144245,4,5
144236,144242,144246,4,6
144236,144243,144246,3,7
144236,144243,144246,3,7
144236,144241,144245,4,5
144236,144241,144246,5,5
144236,144242,144246,4,6
144236,144242,144246,4,6
144236,144242,144246,4,6
144236,144242,144246,4,6
144236,144242,144246,4,6
144236,144242,144246,4,6
144236,144241,144246,5,5
144236,144241,144246,5,5
144236,144241,144246,5,5
144236,144241,144245,4,5
144236,144242,144246,4,6
144236,144243,144246,3,7
144236,144243,144246,3,7
144236,144243,144246,3,7
144236,144244,144247,3,8
144236,144244,144247,3,8
144236,144244,144247,3,8
144236,144244,144247,3,8
144236,144244,144247,3,8
144236,144244,144247,3,8
144236,144244,144247,3,8
144236,144244,144247,3,8
144236,144244,144248,4,8
144236,144244,144248,4,8
144236,144244,144248,4,8
144236,144245,144248,3,9
144236,144245,144248,3,9
144236,144245,144248,3,9
144236,144244,144248,4,8
144236,144244,144248,4,8
144236,144244,144248,4,8
144236,144244,144248,4,8
144236,144244,144248,4,8
144236,144245,144248,3,9
144236,144244,144248,4,8
144236,144244,144248,4,8
144236,144244,144248,4,8
144236,144244,144248,4,8
144236,144245,144248,3,9
144236,144244,144248,4,8
144236,144244,144248,4,8
144236,144244,144248,4,8
144236,144245,144248,3,9
144236,144245,144248,3,9
144236,144245,144249,4,9
144236,144244,144248,4,8
144236,144244,144248,4,8
144236,144244,144248,4,8
144236,144245,144248,3,9
144236,144245,144248,3,9
144236,144244,144248,4,8
144236,144245,144248,3,9
144236,144245,144248,3,9
144236,144245,144248,3,9
144236,144245,144248,3,9
144236,144246,144249,3,10
144236,144246,144249,3,10
144236,144246,144249,3,10
144236,144246,144249,3,10
144236,144246,144249,3,10
144236,144246,144249,3,10
144236,144246,144249,3,10
144236,144247,144250,3,11
144236,144246,144250,4,10
144236,144246,144250,4,10
144236,144246,144250,4,10
144236,144247,144250,3,11
144236,144247,144250,3,11
144236,144246,144250,4,10
144236,144247,144250,3,11
144236,144247,144250,3,11
144236,144247,144251,4,11
144236,144247,144250,3,11
144236,144247,144250,3,11
144236,144248,144250,2,12
144236,144247,144250,3,11
144236,144247,144250,3,11
144236,144247,144251,4,11
144236,144247,144250,3,11
144236,144247,144250,3,11
144236,144247,144250,3,11
144236,144247,144251,4,11
144236,144247,144251,4,11
144236,144247,144251,4,11
144236,144247,144251,4,11
144236,144247,144251,4,11
144236,144247,144251,4,11
144236,144247,144251,4,11
144236,144248,144251,3,12
144236,144248,144251,3,12
144236,144247,144251,4,11
144236,144247,144251,4,11
144236,144247,144251,4,11
144236,144248,144251,3,12
144236,144247,144251,4,11
144256,144256,144261,5,0
144256,144256,144261,5,0
144256,144256,144261,5,0
144256,144256,144261,5,0
144256,144256,144261,5,0
144256,144256,144261,5,0
144256,144256,144261,5,0
144256,144256,144261,5,0
144256,144256,144261,5,0
144256,144256,144261,5,0
144256,144256,144261,5,0
144256,144256,144261,5,0
144256,144256,144261,5,0
144256,144256,144261,5,0
144256,144256,144261,5,0
144256,144256,144261,5,0
144256,144256,144261,5,0
144256,144256,144261,5,0
144256,144256,144261,5,0
144256,144256,144261,5,0
144256,144256,144261,5,0
144256,144256,144261,5,0
144256,144256,144261,5,0
144256,144256,144261,5,0
144256,144256,144261,5,0
144256,144256,144261,5,0
144256,144256,144261,5,0
144256,144256,144261,5,0
144256,144256,144261,5,0
144256,144256,144262,6,0
144256,144256,144262,6,0
144256,144256,144262,6,0
144256,144256,144261,5,0
144256,144256,144262,6,0
144256,144256,144262,6,0
144256,144256,144262,6,0
144256,144256,144262,6,0
144256,144256,144263,7,0
144256,144256,144263,7,0
144256,144256,144262,6,0
144256,144256,144262,6,0
144256,144256,144263,7,0
144256,144256,144263,7,0
144256,144256,144263,7,0
144256,144256,144263,7,0
144256,144256,144263,7,0
144256,144256,144263,7,0
144256,144256,144262,6,0
144256,144256,144263,7,0
144256,144256,144263,7,0
144256,144256,144263,7,0
144256,144256,144263,7,0
144256,144256,144262,6,0
144256,144256,144263,7,0
144256,144256,144263,7,0
144256,144256,144263,7,0
144256,144256,144263,7,0
144256,144256,144263,7,0
144256,144256,144263,7,0
144256,144256,144263,7,0
144256,144256,144263,7,0
144256,144256,144263,7,0
144256,144256,144262,6,0
144256,144256,144263,7,0
144256,144256,144263,7,0
144256,144256,144263,7,0
144256,144256,144263,7,0
144256,144256,144263,7,0
144256,144256,144263,7,0
144256,144256,144263,7,0
144256,144256,144264,8,0
144256,144261,144264,3,5
144256,144261,144264,3,5
144256,144261,144264,3,5
144256,144261,144263,2,5
144256,144261,144264,3,5
144256,144261,144264,3,5
144256,144256,144264,8,0
144256,144261,144264,3,5
144256,144261,144264,3,5
144256,144261,144264,3,5
144256,144261,144264,3,5
144256,144261,144264,3,5
144256,144261,144264,3,5
144256,144261,144264,3,5
144256,144261,144264,3,5
144256,144261,144265,4,5
144256,144261,144266,5,5
144256,144261,144266,5,5
144256,144261,144266,5,5
144256,144261,144266,5,5
144256,144261,144266,5,5
144256,144261,144266,5,5
144256,144262,144266,4,6
144256,144263,144266,3,7
144256,144263,144266,3,7
144256,144263,144266,3,7
144256,144263,144266,3,7
144256,144263,144266,3,7
144256,144263,144266,3,7
144256,144261,144266,5,5
144256,144262,144266,4,6
144256,144264,144267,3,8
144256,144261,144266,5,5
144256,144261,144266,5,5
144256,144262,144266,4,6
144256,144261,144266,5,5
144256,144262,144266,4,6
144256,144263,144266,3,7
144256,144262,144266,4,6
144256,144262,144266,4,6
144256,144263,144266,3,7
144256,144264,144267,3,8
144256,144261,144266,5,5
144256,144262,144266,4,6
144256,144262,144266,4,6
144256,144262,144266,4,6
144256,144261,144266,5,5
144256,144262,144266,4,6
144256,144263,144267,4,7
144256,144263,144267,4,7
144256,144264,144267,3,8
144256,144263,144267,4,7
144256,144263,144267,4,7
144256,144264,144267,3,8
144256,144264,144267,3,8
144256,144263,144267,4,7
144256,144263,144268,5,7
144256,144264,144267,3,8
144256,144264,144268,4,8
144256,144264,144268,4,8
144256,144264,144268,4,8
144256,144263,144268,5,7
144256,144263,144267,4,7
144256,144264,144268,4,8
144256,144264,144267,3,8
144256,144264,144267,3,8
144256,144264,144267,3,8
144256,144263,144267,4,7
144256,144263,144268,5,7
144256,144264,144268,4,8
144256,144264,144268,4,8
144256,144266,144268,2,10
144256,144264,144268,4,8
144256,144265,144268,3,9
144256,144265,144268,3,9
144256,144266,144268,2,10
144256,144263,144268,5,7
144256,144265,144268,3,9
144256,144265,144268,3,9
144256,144267,144269,2,11
144256,144267,144269,2,11
144256,144266,144269,3,10
144256,144266,144269,3,10
144256,144265,144268,3,9
144256,144265,144268,3,9
144256,144265,144269,4,9
144256,144265,144269,4,9
144256,144265,144269,4,9
144256,144265,144268,3,9
144256,144265,144268,3,9
144256,144266,144268,2,10
144256,144267,144269,2,11
144256,144267,144270,3,11
144256,144267,144270,3,11
144256,144267,144270,3,11
144256,144267,144270,3,11
144256,144267,144269,2,11
144256,144267,144269,2,11
144256,144267,144270,3,11
144256,144267,144269,2,11
144256,144267,144270,3,11
144256,144267,144269,2,11
144256,144267,144269,2,11
144256,144267,144270,3,11
144256,144267,144270,3,11
144256,144267,144270,3,11
144256,144265,144269,4,9
144256,144265,144269,4,9
144256,144267,144270,3,11
144256,144267,144269,2,11
144256,144267,144269,2,11
144256,144267,144270,3,11
144256,144267,144270,3,11
144256,144267,144270,3,11
144256,144267,144270,3,11
144256,144267,144270,3,11
144256,144268,144270,2,12
144256,144267,144270,3,11
144256,144268,144270,2,12
144256,144268,144270,2,12
144256,144268,144270,2,12
144256,144268,144270,2,12
144256,144268,144270,2,12
144256,144268,144270,2,12
144256,144268,144270,2,12
144256,144267,144270,3,11
144256,144267,144270,3,11
144256,144267,144270,3,11
144256,144267,144270,3,11
144275,144275,144279,4,0
144275,144275,144279,4,0
144275,144275,144279,4,0
144275,144275,144279,4,0
144275,144275,144279,4,0
144275,144275,144279,4,0
144275,144275,144279,4,0
144275,144275,144279,4,0
144275,144275,144279,4,0
144275,144275,144279,4,0
144275,144275,144279,4,0
144275,144275,144279,4,0
144275,144275,144279,4,0
144275,144275,144279,4,0
144275,144275,144279,4,0
144275,144275,144279,4,0
144275,144275,144279,4,0
144275,144275,144279,4,0
144275,144275,144279,4,0
144275,144275,144279,4,0
144275,144275,144279,4,0
144275,144275,144279,4,0
144275,144275,144279,4,0
144275,144275,144279,4,0
144275,144275,144279,4,0
144275,144275,144279,4,0
144275,144275,144279,4,0
144275,144275,144279,4,0
144275,144275,144279,4,0
144275,144275,144279,4,0
144275,144275,144279,4,0
144275,144275,144279,4,0
144275,144275,144279,4,0
144275,144275,144279,4,0
144275,144275,144279,4,0
144275,144275,144279,4,0
144275,144275,144279,4,0
144275,144275,144279,4,0
144275,144275,144279,4,0
144275,144275,144279,4,0
144275,144275,144279,4,0
144275,144275,144279,4,0
144275,144275,144279,4,0
144275,144275,144279,4,0
144275,144275,144280,5,0
144275,144275,144280,5,0
144275,144275,144280,5,0
144275,144275,144280,5,0
144275,144275,144280,5,0
144275,144275,144280,5,0
144275,144275,144280,5,0
144275,144275,144280,5,0
144275,144275,144280,5,0
144275,144275,144280,5,0
144275,144275,144281,6,0
144275,144275,144281,6,0
144275,144275,144281,6,0
144275,144275,144281,6,0
144275,144275,144283,8,0
144275,144275,144283,8,0
144275,144275,144283,8,0
144275,144275,144283,8,0
144275,144275,144283,8,0
144275,144275,144283,8,0
144275,144275,144283,8,0
144275,144275,144283,8,0
144275,144279,144283,4,4
144275,144280,144283,3,5
144275,144275,144283,8,0
144275,144275,144283,8,0
144275,144279,144283,4,4
144275,144280,144283,3,5
144275,144280,144283,3,5
144275,144280,144283,3,5
144275,144275,144283,8,0
144275,144279,144283,4,4
144275,144275,144283,8,0
144275,144279,144283,4,4
144275,144280,144283,3,5
144275,144280,144283,3,5
144275,144280,144283,3,5
144275,144275,144283,8,0
144275,144279,144283,4,4
144275,144280,144283,3,5
144275,144280,144283,3,5
144275,144280,144283,3,5
144275,144279,144283,4,4
144275,144280,144283,3,5
144275,144280,144283,3,5
144275,144275,144283,8,0
144275,144280,144283,3,5
144275,144280,144283,3,5
144275,144280,144283,3,5
144275,144280,144283,3,5
144275,144281,144284,3,6
144275,144280,144283,3,5
144275,144280,144283,3,5
144275,144280,144283,3,5
144275,144280,144284,4,5
144275,144281,144284,3,6
144275,144280,144284,4,5
144275,144280,144285,5,5
144275,144280,144284,4,5
144275,144280,144284,4,5
144275,144281,144284,3,6
144275,144280,144284,4,5
144275,144280,144284,4,5
144275,144281,144285,4,6
144275,144280,144284,4,5
144275,144280,144284,4,5
144275,144280,144284,4,5
144275,144280,144285,5,5
144275,144280,144285,5,5
144275,144280,144285,5,5
144275,144284,144286,2,9
144275,144284,144286,2,9
144275,144281,144285,4,6
144275,144284,144286,2,9
144275,144280,144285,5,5
144275,144280,144285,5,5
144275,144281,144285,4,6
144275,144280,144285,5,5
144275,144281,144285,4,6
144275,144282,144285,3,7
144275,144280,144285,5,5
144275,144280,144285,5,5
144275,144281,144285,4,6
144275,144282,144285,3,7
144275,144281,144285,4,6
144275,144282,144285,3,7
144275,144282,144285,3,7
144275,144283,144285,2,8
144275,144283,144285,2,8
144275,144283,144285,2,8
144275,144280,144285,5,5
144275,144281,144285,4,6
144275,144284,144286,2,9
144275,144284,144286,2,9
144275,144284,144286,2,9
144275,144284,144286,2,9
144275,144284,144287,3,9
144275,144284,144286,2,9
144275,144284,144286,2,9
144275,144284,144287,3,9
144275,144284,144286,2,9
144275,144284,144286,2,9
144275,144284,144286,2,9
144275,144284,144286,2,9
144275,144284,144287,3,9
144275,144284,144287,3,9
144275,144284,144287,3,9
144275,144284,144287,3,9
144275,144284,144287,3,9
144275,144284,144287,3,9
144275,144284,144287,3,9
144275,144284,144287,3,9
144275,144284,144287,3,9
144275,144284,144287,3,9
144275,144284,144287,3,9
144275,144284,144287,3,9
144275,144284,144287,3,9
144275,144284,144287,3,9
144275,144284,144287,3,9
144275,144284,144287,3,9
143858,143858,144298,440,0
143858,143858,144299,441,0
143857,143858,144302,444,1
143858,143858,144462,604,0
144704,144704,144705,1,0
144704,144704,144706,2,0
144704,144704,144706,2,0
144704,144704,144706,2,0
144704,144705,144706,1,1
144704,144704,144706,2,0
144704,144704,145303,599,0
144705,144705,145307,602,0
144705,144705,145308,603,0
173547,173548,174863,1315,1
174649,174650,175971,1321,1
175812,175813,177223,1410,1
176914,176915,178316,1401,1
178017,178018,179329,1311,1
179241,179242,180529,1287,1
180343,180344,181640,1296,1
181445,181446,182740,1294,1
182670,182671,183948,1277,1
183772,183773,185031,1258,1
184875,184876,186137,1261,1
186039,186040,187301,1261,1
187142,187143,188402,1259,1
188245,188246,189506,1260,1
189409,189410,190689,1279,1
207064,207064,207067,3,0
207064,207064,207067,3,0
207064,207064,207067,3,0
207064,207064,207067,3,0
207064,207064,207066,2,0
207064,207064,207067,3,0
207064,207064,207067,3,0
207064,207064,207066,2,0
207064,207064,207067,3,0
207064,207064,207067,3,0
207064,207064,207067,3,0
207064,207064,207067,3,0
207064,207064,207067,3,0
207064,207064,207067,3,0
207064,207064,207067,3,0
207064,207064,207067,3,0
207064,207064,207067,3,0
207064,207064,207067,3,0
207064,207064,207068,4,0
207064,207064,207067,3,0
207064,207064,207067,3,0
207064,207064,207067,3,0
207064,207064,207067,3,0
207064,207064,207068,4,0
207064,207064,207068,4,0
207064,207064,207068,4,0
207064,207064,207068,4,0
207064,207064,207067,3,0
207064,207064,207068,4,0
207064,207064,207068,4,0
207064,207064,207068,4,0
207064,207064,207068,4,0
207064,207064,207067,3,0
207064,207064,207067,3,0
207064,207064,207067,3,0
207064,207064,207067,3,0
207064,207064,207067,3,0
207064,207064,207067,3,0
207064,207064,207067,3,0
207064,207064,207067,3,0
207064,207064,207067,3,0
207064,207064,207068,4,0
207064,207064,207068,4,0
207064,207064,207068,4,0
207064,207064,207068,4,0
207064,207064,207067,3,0
207064,207064,207067,3,0
207064,207064,207067,3,0
207064,207064,207067,3,0
207064,207064,207068,4,0
207064,207064,207068,4,0
207064,207064,207067,3,0
207064,207064,207067,3,0
207064,207064,207067,3,0
207064,207064,207067,3,0
207064,207064,207067,3,0
207064,207064,207067,3,0
207064,207064,207068,4,0
207064,207064,207068,4,0
207064,207064,207068,4,0
207064,207064,207067,3,0
207064,207064,207068,4,0
207064,207064,207068,4,0
207064,207064,207067,3,0
207064,207064,207067,3,0
207064,207064,207067,3,0
207064,207064,207068,4,0
207064,207064,207068,4,0
207064,207064,207068,4,0
207064,207064,207067,3,0
207064,207064,207067,3,0
207064,207064,207068,4,0
207064,207067,207070,3,3
207064,207067,207070,3,3
207064,207067,207070,3,3
207064,207067,207070,3,3
207064,207067,207070,3,3
207064,207067,207070,3,3
207064,207067,207070,3,3
207064,207067,207070,3,3
207064,207067,207070,3,3
207064,207067,207070,3,3
207064,207067,207070,3,3
207064,207067,207070,3,3
207064,207067,207070,3,3
207064,207067,207070,3,3
207064,207067,207070,3,3
207064,207067,207070,3,3
207064,207067,207070,3,3
207064,207067,207070,3,3
207064,207068,207070,2,4
207064,207068,207071,3,4
207064,207068,207071,3,4
207064,207068,207071,3,4
207064,207068,207071,3,4
207064,207068,207071,3,4
207064,207068,207071,3,4
207064,207068,207071,3,4
207064,207068,207071,3,4
207064,207068,207071,3,4
207064,207068,207071,3,4
207064,207068,207071,3,4
207064,207068,207071,3,4
207064,207068,207071,3,4
207064,207068,207071,3,4
207064,207068,207071,3,4
207064,207068,207071,3,4
207064,207068,207071,3,4
207064,207068,207071,3,4
207064,207068,207071,3,4
207064,207068,207072,4,4
207064,207068,207071,3,4
207064,207068,207071,3,4
207064,207068,207071,3,4
207064,207068,207071,3,4
207064,207068,207071,3,4
207064,207068,207071,3,4
207064,207068,207071,3,4
207064,207068,207071,3,4
207064,207068,207071,3,4
207064,207068,207071,3,4
207064,207068,207071,3,4
207064,207068,207071,3,4
207064,207068,207071,3,4
207064,207068,207071,3,4
207064,207068,207071,3,4
207064,207068,207071,3,4
207064,207068,207071,3,4
207064,207068,207071,3,4
207064,207068,207071,3,4
207064,207068,207071,3,4
207064,207069,207072,3,5
207064,207069,207072,3,5
207064,207069,207072,3,5
207064,207068,207072,4,4
207064,207068,207072,4,4
207064,207068,207072,4,4
207064,207068,207072,4,4
207064,207068,207072,4,4
207064,207068,207072,4,4
207064,207068,207072,4,4
207064,207068,207072,4,4
207064,207068,207072,4,4
207064,207068,207072,4,4
207064,207071,207073,2,7
207064,207071,207073,2,7
207064,207071,207073,2,7
207064,207071,207073,2,7
207064,207071,207073,2,7
207064,207071,207073,2,7
207064,207071,207073,2,7
207064,207071,207073,2,7
207064,207071,207073,2,7
207064,207071,207073,2,7
207064,207071,207073,2,7
207064,207071,207073,2,7
207064,207071,207073,2,7
207064,207071,207073,2,7
207064,207071,207073,2,7
207064,207071,207073,2,7
207064,207071,207073,2,7
207064,207071,207073,2,7
207064,207072,207075,3,8
207064,207072,207075,3,8
207064,207072,207075,3,8
207064,207072,207075,3,8
207064,207072,207075,3,8
207064,207072,207075,3,8
207064,207071,207074,3,7
207064,207072,207074,2,8
207064,207072,207074,2,8
207064,207072,207075,3,8
207064,207072,207074,2,8
207064,207072,207075,3,8
207064,207072,207075,3,8
207064,207072,207075,3,8
207064,207072,207075,3,8
207064,207072,207075,3,8
207064,207072,207075,3,8
207064,207072,207075,3,8
207064,207072,207075,3,8
207064,207072,207075,3,8
207064,207072,207075,3,8
207064,207072,207075,3,8
207064,207072,207075,3,8
207064,207072,207075,3,8
207064,207072,207075,3,8
207064,207072,207075,3,8
207064,207072,207075,3,8
207064,207072,207075,3,8
207064,207072,207075,3,8
207064,207072,207075,3,8
207064,207072,207075,3,8
207064,207072,207075,3,8
207064,207072,207075,3,8
207064,207072,207075,3,8
207064,207072,207075,3,8
207064,207072,207075,3,8
207064,207072,207075,3,8
207064,207072,207075,3,8
207080,207080,207083,3,0
207080,207080,207083,3,0
207080,207080,207083,3,0
207080,207080,207083,3,0
207080,207080,207083,3,0
207080,207080,207083,3,0
207080,207080,207083,3,0
207080,207080,207083,3,0
207080,207080,207083,3,0
207080,207080,207083,3,0
207080,207080,207083,3,0
207080,207080,207083,3,0
207080,207080,207083,3,0
207080,207080,207083,3,0
207080,207080,207084,4,0
207080,207080,207083,3,0
207080,207080,207084,4,0
207080,207080,207084,4,0
207080,207080,207084,4,0
207080,207080,207084,4,0
207080,207080,207084,4,0
207080,207080,207083,3,0
207080,207080,207084,4,0
207080,207080,207084,4,0
207080,207080,207084,4,0
207080,207080,207084,4,0
207080,207080,207084,4,0
207080,207080,207083,3,0
207080,207080,207084,4,0
207080,207080,207083,3,0
207080,207080,207084,4,0
207080,207080,207084,4,0
207080,207080,207084,4,0
207080,207080,207084,4,0
207080,207080,207083,3,0
207080,207080,207083,3,0
207080,207080,207083,3,0
207080,207080,207084,4,0
207080,207080,207084,4,0
207080,207080,207083,3,0
207080,207080,207084,4,0
207080,207080,207083,3,0
207080,207080,207083,3,0
207080,207080,207084,4,0
207080,207080,207084,4,0
207080,207080,207084,4,0
207080,207080,207083,3,0
207080,207080,207084,4,0
207080,207080,207084,4,0
207080,207080,207084,4,0
207080,207080,207084,4,0
207080,207080,207084,4,0
207080,207080,207084,4,0
207080,207080,207083,3,0
207080,207080,207084,4,0
207080,207080,207083,3,0
207080,207080,207084,4,0
207080,207080,207084,4,0
207080,207080,207084,4,0
207080,207080,207084,4,0
207080,207080,207084,4,0
207080,207080,207083,3,0
207080,207080,207083,3,0
207080,207080,207084,4,0
207080,207080,207084,4,0
207080,207080,207083,3,0
207080,207080,207084,4,0
207080,207080,207084,4,0
207080,207080,207084,4,0
207080,207080,207084,4,0
207080,207080,207084,4,0
207080,207080,207084,4,0
207080,207083,207085,2,3
207080,207083,207085,2,3
207080,207083,207085,2,3
207080,207083,207085,2,3
207080,207083,207085,2,3
207080,207083,207085,2,3
207080,207083,207085,2,3
207080,207083,207085,2,3
207080,207083,207086,3,3
207080,207083,207086,3,3
207080,207084,207086,2,4
207080,207084,207086,2,4
207080,207084,207086,2,4
207080,207083,207086,3,3
207080,207083,207086,3,3
207080,207083,207086,3,3
207080,207083,207086,3,3
207080,207084,207087,3,4
207080,207084,207086,2,4
207080,207084,207086,2,4
207080,207084,207087,3,4
207080,207085,207087,2,5
207080,207084,207087,3,4
207080,207084,207087,3,4
207080,207084,207087,3,4
207080,207084,207087,3,4
207080,207085,207087,2,5
207080,207085,207087,2,5
207080,207085,207087,2,5
207080,207084,207087,3,4
207080,207084,207087,3,4
207080,207084,207087,3,4
207080,207084,207087,3,4
207080,207085,207087,2,5
207080,207085,207087,2,5
207080,207084,207087,3,4
207080,207084,207087,3,4
207080,207084,207087,3,4
207080,207084,207087,3,4
207080,207085,207087,2,5
207080,207086,207088,2,6
207080,207084,207087,3,4
207080,207084,207087,3,4
207080,207084,207087,3,4
207080,207084,207087,3,4
207080,207085,207087,2,5
207080,207085,207087,2,5
207080,207084,207087,3,4
207080,207084,207087,3,4
207080,207084,207087,3,4
207080,207084,207087,3,4
207080,207085,207087,2,5
207080,207085,207087,2,5
207080,207085,207087,2,5
207080,207086,207088,2,6
207080,207084,207087,3,4
207080,207084,207087,3,4
207080,207084,207087,3,4
207080,207084,207087,3,4
207080,207084,207087,3,4
207080,207085,207087,2,5
207080,207085,207087,2,5
207080,207086,207088,2,6
207080,207084,207087,3,4
207080,207084,207087,3,4
207080,207084,207087,3,4
207080,207084,207087,3,4
207080,207084,207087,3,4
207080,207085,207087,2,5
207080,207085,207087,2,5
207080,207086,207088,2,6
207080,207085,207087,2,5
207080,207085,207087,2,5
207080,207085,207087,2,5
207080,207085,207088,3,5
207080,207085,207087,2,5
207080,207085,207087,2,5
207080,207086,207088,2,6
207080,207086,207088,2,6
207080,207086,207088,2,6
207080,207087,207089,2,7
207080,207087,207089,2,7
207080,207087,207089,2,7
207080,207087,207088,1,7
207080,207086,207088,2,6
207080,207086,207088,2,6
207080,207086,207088,2,6
207080,207086,207088,2,6
207080,207086,207089,3,6
207080,207088,207089,1,8
207080,207088,207090,2,8
207080,207088,207089,1,8
207080,207088,207090,2,8
207080,207088,207090,2,8
207080,207088,207090,2,8
207080,207088,207090,2,8
207080,207088,207089,1,8
207080,207088,207090,2,8
207080,207088,207090,2,8
207080,207088,207090,2,8
207080,207088,207090,2,8
207080,207088,207090,2,8
207080,207088,207090,2,8
207080,207088,207090,2,8
207080,207088,207090,2,8
207080,207088,207090,2,8
207080,207088,207090,2,8
207080,207088,207090,2,8
207080,207088,207090,2,8
207080,207088,207090,2,8
207080,207088,207090,2,8
207080,207088,207090,2,8
207080,207088,207090,2,8
207080,207088,207090,2,8
207080,207088,207090,2,8
207080,207088,207090,2,8
207080,207088,207090,2,8
207080,207088,207090,2,8
207080,207088,207090,2,8
207080,207088,207090,2,8
207080,207088,207090,2,8
207080,207088,207090,2,8
207080,207088,207090,2,8
207080,207088,207090,2,8
207080,207088,207090,2,8
207080,207088,207090,2,8
207080,207088,207090,2,8
207080,207088,207090,2,8
207095,207095,207097,2,0
207095,207095,207097,2,0
207095,207095,207097,2,0
207095,207095,207097,2,0
207095,207095,207097,2,0
207095,207095,207097,2,0
207095,207095,207097,2,0
207095,207095,207097,2,0
207095,207095,207097,2,0
207095,207095,207097,2,0
207095,207095,207097,2,0
207095,207095,207097,2,0
207095,207095,207097,2,0
207095,207095,207097,2,0
207095,207095,207097,2,0
207095,207095,207097,2,0
207095,207095,207097,2,0
207095,207095,207097,2,0
207095,207095,207097,2,0
207095,207095,207098,3,0
207095,207095,207098,3,0
207095,207095,207098,3,0
207095,207095,207098,3,0
207095,207095,207097,2,0
207095,207095,207097,2,0
207095,207095,207097,2,0
207095,207095,207097,2,0
207095,207095,207098,3,0
207095,207095,207098,3,0
207095,207095,207098,3,0
207095,207095,207097,2,0
207095,207095,207098,3,0
207095,207095,207098,3,0
207095,207095,207098,3,0
207095,207095,207098,3,0
207095,207095,207097,2,0
207095,207095,207097,2,0
207095,207095,207098,3,0
207095,207095,207098,3,0
207095,207095,207098,3,0
207095,207095,207098,3,0
207095,207095,207097,2,0
207095,207095,207097,2,0
207095,207095,207098,3,0
207095,207095,207098,3,0
207095,207095,207098,3,0
207095,207095,207098,3,0
207095,207095,207097,2,0
207095,207095,207097,2,0
207095,207095,207097,2,0
207095,207095,207097,2,0
207095,207095,207098,3,0
207095,207095,207098,3,0
207095,207095,207098,3,0
207095,207095,207097,2,0
207095,207095,207097,2,0
207095,207095,207097,2,0
207095,207095,207098,3,0
207095,207095,207098,3,0
207095,207095,207098,3,0
207095,207095,207097,2,0
207095,207095,207098,3,0
207095,207095,207098,3,0
207095,207095,207098,3,0
207095,207095,207098,3,0
207095,207095,207098,3,0
207095,207095,207098,3,0
207095,207095,207098,3,0
207095,207095,207098,3,0
207095,207095,207098,3,0
207095,207095,207098,3,0
207095,207095,207098,3,0
207095,207097,207099,2,2
207095,207097,207099,2,2
207095,207097,207099,2,2
207095,207097,207099,2,2
207095,207097,207099,2,2
207095,207097,207099,2,2
207095,207097,207099,2,2
207095,207097,207100,3,2
207095,207097,207099,2,2
207095,207097,207100,3,2
207095,207097,207099,2,2
207095,207097,207100,3,2
207095,207097,207100,3,2
207095,207097,207100,3,2
207095,207097,207100,3,2
207095,207097,207100,3,2
207095,207098,207101,3,3
207095,207098,207101,3,3
207095,207098,207100,2,3
207095,207098,207101,3,3
207095,207099,207101,2,4
207095,207099,207101,2,4
207095,207099,207101,2,4
207095,207099,207102,3,4
207095,207099,207101,2,4
207095,207098,207101,3,3
207095,207099,207101,2,4
207095,207099,207101,2,4
207095,207099,207102,3,4
207095,207099,207101,2,4
207095,207100,207101,1,5
207095,207098,207101,3,3
207095,207099,207101,2,4
207095,207099,207101,2,4
207095,207099,207101,2,4
207095,207099,207101,2,4
207095,207100,207102,2,5
207095,207100,207102,2,5
207095,207100,207102,2,5
207095,207098,207101,3,3
207095,207098,207101,3,3
207095,207099,207101,2,4
207095,207099,207101,2,4
207095,207099,207101,2,4
207095,207099,207102,3,4
207095,207099,207101,2,4
207095,207100,207102,2,5
207095,207098,207101,3,3
207095,207099,207101,2,4
207095,207099,207101,2,4
207095,207099,207101,2,4
207095,207099,207101,2,4
207095,207100,207101,1,5
207095,207100,207102,2,5
207095,207098,207101,3,3
207095,207099,207101,2,4
207095,207099,207101,2,4
207095,207099,207101,2,4
207095,207099,207101,2,4
207095,207099,207101,2,4
207095,207100,207101,1,5
207095,207098,207101,3,3
207095,207099,207101,2,4
207095,207099,207101,2,4
207095,207099,207101,2,4
207095,207099,207101,2,4
207095,207099,207101,2,4
207095,207099,207101,2,4
207095,207100,207101,1,5
207095,207098,207101,3,3
207095,207099,207101,2,4
207095,207099,207101,2,4
207095,207099,207101,2,4
207095,207099,207101,2,4
207095,207099,207101,2,4
207095,207100,207101,1,5
207095,207099,207101,2,4
207095,207099,207101,2,4
207095,207099,207101,2,4
207095,207099,207101,2,4
207095,207099,207102,3,4
207095,207099,207102,3,4
207095,207100,207102,2,5
207095,207100,207102,2,5
207095,207101,207102,1,6
207095,207101,207103,2,6
207095,207101,207103,2,6
207095,207101,207102,1,6
207095,207101,207102,1,6
207095,207101,207103,2,6
207095,207101,207103,2,6
207095,207102,207104,2,7
207718,207718,207721,3,0
207718,207718,207721,3,0
207718,207718,207721,3,0
207718,207718,207721,3,0
207718,207718,207721,3,0
207718,207718,207721,3,0
207718,207718,207721,3,0
207718,207718,207721,3,0
207718,207718,207721,3,0
207718,207718,207721,3,0
207718,207718,207721,3,0
207718,207718,207721,3,0
207718,207718,207721,3,0
207718,207718,207721,3,0
207718,207718,207721,3,0
207718,207718,207721,3,0
207718,207718,207721,3,0
207718,207718,207721,3,0
207718,207718,207721,3,0
207718,207718,207721,3,0
207718,207718,207721,3,0
207718,207718,207721,3,0
207718,207718,207721,3,0
207718,207718,207721,3,0
207718,207718,207722,4,0
207718,207718,207722,4,0
207718,207718,207721,3,0
207718,207718,207722,4,0
207718,207718,207721,3,0
207718,207718,207722,4,0
207718,207718,207722,4,0
207718,207718,207722,4,0
207718,207718,207722,4,0
207718,207718,207722,4,0
207718,207718,207722,4,0
207718,207718,207722,4,0
207718,207718,207722,4,0
207718,207718,207722,4,0
207718,207718,207722,4,0
207718,207718,207722,4,0
207718,207718,207722,4,0
207718,207718,207722,4,0
207718,207718,207722,4,0
207718,207718,207722,4,0
207718,207718,207722,4,0
207718,207718,207722,4,0
207718,207718,207722,4,0
207718,207718,207722,4,0
207718,207718,207722,4,0
207718,207718,207722,4,0
207718,207718,207722,4,0
207718,207718,207722,4,0
207718,207718,207722,4,0
207718,207718,207722,4,0
207718,207718,207722,4,0
207718,207718,207722,4,0
207718,207718,207722,4,0
207718,207718,207722,4,0
207718,207718,207722,4,0
207718,207718,207722,4,0
207718,207718,207722,4,0
207718,207718,207722,4,0
207718,207718,207722,4,0
207718,207718,207722,4,0
207718,207718,207722,4,0
207718,207718,207722,4,0
207718,207718,207722,4,0
207718,207718,207722,4,0
207718,207718,207722,4,0
207718,207718,207722,4,0
207718,207718,207722,4,0
207718,207718,207722,4,0
207718,207722,207724,2,4
207718,207722,207725,3,4
207718,207722,207725,3,4
207718,207722,207724,2,4
207718,207722,207724,2,4
207718,207722,207725,3,4
207718,207722,207725,3,4
207718,207722,207724,2,4
207718,207722,207724,2,4
207718,207722,207724,2,4
207718,207722,207724,2,4
207718,207722,207724,2,4
207718,207722,207725,3,4
207718,207722,207724,2,4
207718,207722,207724,2,4
207718,207722,207724,2,4
207718,207722,207724,2,4
207718,207722,207725,3,4
207718,207722,207725,3,4
207718,207722,207725,3,4
207718,207722,207725,3,4
207718,207722,207725,3,4
207718,207722,207724,2,4
207718,207722,207724,2,4
207718,207722,207724,2,4
207718,207722,207724,2,4
207718,207722,207724,2,4
207718,207722,207724,2,4
207718,207722,207724,2,4
207718,207722,207724,2,4
207718,207723,207725,2,5
207718,207723,207725,2,5
207718,207723,207725,2,5
207718,207723,207725,2,5
207718,207723,207725,2,5
207718,207723,207725,2,5
207718,207723,207725,2,5
207718,207723,207725,2,5
207718,207723,207726,3,5
207718,207723,207725,2,5
207718,207723,207726,3,5
207718,207723,207726,3,5
207718,207723,207725,2,5
207718,207723,207725,2,5
207718,207723,207726,3,5
207718,207723,207726,3,5
207718,207723,207726,3,5
207718,207723,207726,3,5
207718,207723,207725,2,5
207718,207723,207726,3,5
207718,207723,207725,2,5
207718,207723,207726,3,5
207718,207723,207726,3,5
207718,207723,207725,2,5
207718,207723,207726,3,5
207718,207723,207726,3,5
207718,207723,207726,3,5
207718,207723,207726,3,5
207718,207723,207726,3,5
207718,207723,207726,3,5
207718,207723,207726,3,5
207718,207723,207726,3,5
207718,207723,207726,3,5
207718,207723,207726,3,5
207718,207723,207726,3,5
207718,207723,207726,3,5
207718,207723,207726,3,5
207718,207723,207726,3,5
207718,207723,207726,3,5
207718,207723,207726,3,5
207718,207723,207726,3,5
207718,207723,207726,3,5
207718,207725,207727,2,7
207718,207725,207728,3,7
207718,207725,207728,3,7
207718,207725,207728,3,7
207718,207725,207728,3,7
207718,207725,207728,3,7
207718,207725,207727,2,7
207718,207725,207728,3,7
207718,207725,207728,3,7
207718,207725,207728,3,7
207718,207725,207728,3,7
207718,207725,207728,3,7
207718,207725,207728,3,7
207718,207725,207728,3,7
207718,207725,207728,3,7
207718,207725,207728,3,7
207718,207725,207728,3,7
207718,207725,207728,3,7
207718,207725,207727,2,7
207718,207725,207727,2,7
207718,207725,207728,3,7
207718,207725,207728,3,7
207718,207725,207728,3,7
207718,207725,207728,3,7
207718,207725,207728,3,7
207718,207725,207728,3,7
207718,207725,207728,3,7
207718,207726,207729,3,8
207718,207726,207729,3,8
207718,207726,207729,3,8
207718,207726,207729,3,8
207718,207726,207729,3,8
207718,207725,207728,3,7
207718,207726,207729,3,8
207718,207726,207729,3,8
207718,207726,207729,3,8
207718,207726,207729,3,8
207718,207725,207728,3,7
207718,207726,207729,3,8
207718,207726,207729,3,8
207718,207726,207729,3,8
207718,207725,207728,3,7
207718,207726,207729,3,8
207718,207726,207729,3,8
207718,207726,207729,3,8
207718,207726,207729,3,8
207718,207726,207729,3,8
207718,207726,207729,3,8
207718,207726,207729,3,8
207718,207726,207729,3,8
207718,207726,207729,3,8
207718,207726,207729,3,8
207718,207726,207729,3,8
207718,207726,207729,3,8
207718,207726,207729,3,8
207718,207726,207729,3,8
207734,207734,207737,3,0
207734,207734,207737,3,0
207734,207734,207737,3,0
207734,207734,207737,3,0
207734,207734,207737,3,0
207734,207734,207737,3,0
207734,207734,207737,3,0
207734,207734,207737,3,0
207734,207734,207737,3,0
207734,207734,207738,4,0
207734,207734,207738,4,0
207734,207734,207738,4,0
207734,207734,207738,4,0
207734,207734,207738,4,0
207734,207734,207738,4,0
207734,207734,207737,3,0
207734,207734,207738,4,0
207734,207734,207738,4,0
207734,207734,207738,4,0
207734,207734,207738,4,0
207734,207734,207738,4,0
207734,207734,207738,4,0
207734,207734,207737,3,0
207734,207734,207737,3,0
207734,207734,207738,4,0
207734,207734,207738,4,0
207734,207734,207738,4,0
207734,207734,207737,3,0
207734,207734,207738,4,0
207734,207734,207738,4,0
207734,207734,207738,4,0
207734,207734,207738,4,0
207734,207734,207738,4,0
207734,207734,207738,4,0
207734,207734,207737,3,0
207734,207734,207738,4,0
207734,207734,207738,4,0
207734,207734,207738,4,0
207734,207734,207738,4,0
207734,207734,207738,4,0
207734,207734,207738,4,0
207734,207734,207738,4,0
207734,207734,207738,4,0
207734,207734,207738,4,0
207734,207734,207738,4,0
207734,207734,207738,4,0
207734,207734,207738,4,0
207734,207734,207738,4,0
207734,207734,207737,3,0
207734,207734,207738,4,0
207734,207734,207738,4,0
207734,207734,207738,4,0
207734,207734,207738,4,0
207734,207734,207737,3,0
207734,207734,207738,4,0
207734,207734,207738,4,0
207734,207734,207738,4,0
207734,207734,207738,4,0
207734,207734,207738,4,0
207734,207734,207738,4,0
207734,207734,207737,3,0
207734,207734,207738,4,0
207734,207734,207738,4,0
207734,207734,207738,4,0
207734,207734,207737,3,0
207734,207734,207738,4,0
207734,207734,207738,4,0
207734,207734,207738,4,0
207734,207734,207738,4,0
207734,207734,207738,4,0
207734,207734,207738,4,0
207734,207737,207739,2,3
207734,207737,207739,2,3
207734,207737,207739,2,3
207734,207737,207739,2,3
207734,207737,207739,2,3
207734,207737,207739,2,3
207734,207734,207738,4,0
207734,207737,207739,2,3
207734,207737,207739,2,3
207734,207738,207740,2,4
207734,207738,207740,2,4
207734,207738,207740,2,4
207734,207738,207741,3,4
207734,207738,207741,3,4
207734,207738,207740,2,4
207734,207738,207741,3,4
207734,207738,207741,3,4
207734,207738,207741,3,4
207734,207738,207741,3,4
207734,207738,207741,3,4
207734,207740,207742,2,6
207734,207738,207741,3,4
207734,207738,207741,3,4
207734,207738,207741,3,4
207734,207738,207741,3,4
207734,207738,207741,3,4
207734,207738,207741,3,4
207734,207738,207741,3,4
207734,207738,207741,3,4
207734,207738,207741,3,4
207734,207738,207741,3,4
207734,207739,207741,2,5
207734,207740,207742,2,6
207734,207738,207741,3,4
207734,207738,207741,3,4
207734,207738,207741,3,4
207734,207738,207741,3,4
207734,207740,207741,1,6
207734,207740,207742,2,6
207734,207738,207741,3,4
207734,207738,207741,3,4
207734,207738,207741,3,4
207734,207738,207741,3,4
207734,207738,207741,3,4
207734,207738,207742,4,4
207734,207739,207742,3,5
207734,207738,207741,3,4
207734,207738,207741,3,4
207734,207738,207741,3,4
207734,207738,207741,3,4
207734,207738,207741,3,4
207734,207738,207742,4,4
207734,207738,207741,3,4
207734,207738,207741,3,4
207734,207738,207741,3,4
207734,207738,207741,3,4
207734,207738,207741,3,4
207734,207740,207742,2,6
207734,207738,207741,3,4
207734,207738,207741,3,4
207734,207738,207741,3,4
207734,207738,207741,3,4
207734,207739,207741,2,5
207734,207739,207741,2,5
207734,207739,207742,3,5
207734,207739,207741,2,5
207734,207739,207741,2,5
207734,207739,207742,3,5
207734,207740,207742,2,6
207734,207740,207742,2,6
207734,207740,207742,2,6
207734,207741,207743,2,7
207734,207739,207742,3,5
207734,207741,207743,2,7
207734,207740,207742,2,6
207734,207740,207742,2,6
207734,207739,207742,3,5
207734,207741,207743,2,7
207734,207740,207742,2,6
207734,207739,207742,3,5
207734,207739,207742,3,5
207734,207739,207742,3,5
207734,207739,207742,3,5
207734,207740,207742,2,6
207734,207742,207744,2,8
207734,207741,207743,2,7
207734,207741,207743,2,7
207734,207741,207743,2,7
207734,207742,207744,2,8
207734,207742,207744,2,8
207734,207742,207744,2,8
207734,207742,207744,2,8
207734,207742,207744,2,8
207734,207742,207744,2,8
207734,207742,207744,2,8
207734,207742,207744,2,8
207734,207742,207744,2,8
207734,207742,207744,2,8
207734,207742,207744,2,8
207734,207742,207744,2,8
207734,207742,207744,2,8
207734,207742,207744,2,8
207734,207742,207744,2,8
207734,207742,207744,2,8
207734,207742,207745,3,8
207734,207742,207744,2,8
207734,207742,207744,2,8
207734,207742,207744,2,8
207734,207742,207744,2,8
207734,207742,207744,2,8
207734,207742,207744,2,8
207734,207742,207744,2,8
207734,207742,207744,2,8
207734,207742,207744,2,8
207734,207742,207744,2,8
207734,207742,207744,2,8
207734,207742,207744,2,8
207734,207742,207744,2,8
207734,207742,207744,2,8
207734,207742,207744,2,8
207734,207742,207744,2,8
207734,207742,207744,2,8
207734,207742,207744,2,8
207734,207742,207744,2,8
207734,207742,207744,2,8
207734,207742,207744,2,8
207734,207742,207744,2,8
207734,207742,207744,2,8
207734,207742,207744,2,8
207749,207749,207751,2,0
207749,207749,207751,2,0
207749,207749,207751,2,0
207749,207749,207751,2,0
207749,207749,207751,2,0
207749,207749,207751,2,0
207749,207749,207751,2,0
207749,207749,207751,2,0
207749,207749,207751,2,0
207749,207749,207751,2,0
207749,207749,207751,2,0
207749,207749,207751,2,0
207749,207749,207751,2,0
207749,207749,207752,3,0
207749,207749,207752,3,0
207749,207749,207752,3,0
207749,207749,207752,3,0
207749,207749,207751,2,0
207749,207749,207751,2,0
207749,207749,207752,3,0
207749,207749,207752,3,0
207749,207749,207752,3,0
207749,207749,207752,3,0
207749,207749,207752,3,0
207749,207749,207751,2,0
207749,207749,207751,2,0
207749,207749,207751,2,0
207749,207749,207751,2,0
207749,207749,207751,2,0
207749,207749,207752,3,0
207749,207749,207752,3,0
207749,207749,207752,3,0
207749,207749,207751,2,0
207749,207749,207751,2,0
207749,207749,207751,2,0
207749,207749,207751,2,0
207749,207749,207751,2,0
207749,207749,207752,3,0
207749,207749,207752,3,0
207749,207749,207751,2,0
207749,207749,207751,2,0
207749,207749,207751,2,0
207749,207749,207752,3,0
207749,207749,207752,3,0
207749,207749,207752,3,0
207749,207749,207751,2,0
207749,207749,207751,2,0
207749,207749,207751,2,0
207749,207749,207751,2,0
207749,207749,207751,2,0
207749,207749,207752,3,0
207749,207749,207752,3,0
207749,207749,207751,2,0
207749,207749,207751,2,0
207749,207749,207752,3,0
207749,207749,207752,3,0
207749,207749,207752,3,0
207749,207749,207752,3,0
207749,207749,207752,3,0
207749,207749,207752,3,0
207749,207749,207751,2,0
207749,207749,207751,2,0
207749,207749,207752,3,0
207749,207749,207752,3,0
207749,207749,207752,3,0
207749,207749,207751,2,0
207749,207749,207752,3,0
207749,207749,207752,3,0
207749,207749,207752,3,0
207749,207749,207752,3,0
207749,207749,207752,3,0
207749,207749,207752,3,0
207749,207751,207753,2,2
207749,207751,207753,2,2
207749,207751,207753,2,2
207749,207751,207753,2,2
207749,207751,207753,2,2
207749,207751,207753,2,2
207749,207751,207754,3,2
207749,207751,207754,3,2
207749,207751,207753,2,2
207749,207751,207754,3,2
207749,207751,207754,3,2
207749,207752,207754,2,3
207749,207753,207755,2,4
207749,207751,207754,3,2
207749,207753,207755,2,4
207749,207752,207755,3,3
207749,207752,207755,3,3
207749,207752,207755,3,3
207749,207752,207755,3,3
207749,207752,207755,3,3
207749,207752,207755,3,3
207749,207752,207755,3,3
207749,207752,207755,3,3
207749,207752,207755,3,3
207749,207752,207755,3,3
207749,207752,207755,3,3
207749,207752,207755,3,3
207749,207752,207755,3,3
207749,207752,207755,3,3
207749,207752,207755,3,3
207749,207752,207755,3,3
207749,207752,207755,3,3
207749,207752,207755,3,3
207749,207752,207755,3,3
207749,207752,207755,3,3
207749,207753,207755,2,4
207749,207752,207755,3,3
207749,207752,207755,3,3
207749,207752,207755,3,3
207749,207752,207755,3,3
207749,207752,207755,3,3
207749,207752,207755,3,3
207749,207752,207755,3,3
207749,207753,207755,2,4
207749,207752,207755,3,3
207749,207752,207755,3,3
207749,207752,207755,3,3
207749,207752,207755,3,3
207749,207752,207755,3,3
207749,207752,207755,3,3
207749,207752,207755,3,3
207749,207753,207755,2,4
207749,207752,207755,3,3
207749,207752,207754,2,3
207749,207752,207755,3,3
207749,207752,207755,3,3
207749,207752,207755,3,3
207749,207752,207755,3,3
207749,207752,207755,3,3
207749,207752,207755,3,3
207749,207752,207755,3,3
207749,207752,207755,3,3
207749,207752,207755,3,3
207749,207752,207755,3,3
207749,207752,207755,3,3
207749,207753,207755,2,4
207749,207753,207755,2,4
207749,207753,207756,3,4
207749,207753,207756,3,4
207749,207752,207755,3,3
207749,207753,207755,2,4
207749,207753,207755,2,4
207749,207753,207755,2,4
207749,207754,207756,2,5
207749,207754,207756,2,5
207749,207754,207756,2,5
207749,207753,207755,2,4
207749,207753,207755,2,4
207749,207753,207755,2,4
207749,207754,207756,2,5
207749,207754,207756,2,5
207749,207754,207756,2,5
207749,207753,207756,3,4
207749,207754,207756,2,5
207749,207755,207757,2,6
207749,207755,207757,2,6
207749,207755,207757,2,6
207749,207756,207757,1,7
207749,207756,207757,1,7
207749,207756,207757,1,7
207749,207756,207758,2,7
207749,207756,207758,2,7
208397,208397,208400,3,0
208397,208397,208400,3,0
208397,208397,208400,3,0
208397,208398,208401,3,1
208397,208397,208400,3,0
208397,208397,208400,3,0
208397,208397,208400,3,0
208397,208397,208400,3,0
208397,208397,208400,3,0
208397,208398,208401,3,1
208397,208397,208401,4,0
208397,208397,208400,3,0
208397,208397,208400,3,0
208397,208398,208401,3,1
208397,208397,208401,4,0
208397,208397,208400,3,0
208397,208397,208400,3,0
208397,208397,208401,4,0
208397,208397,208400,3,0
208397,208397,208401,4,0
208397,208398,208401,3,1
208397,208397,208400,3,0
208397,208397,208400,3,0
208397,208397,208400,3,0
208397,208397,208401,4,0
208397,208397,208401,4,0
208397,208398,208401,3,1
208397,208397,208400,3,0
208397,208397,208400,3,0
208397,208397,208401,4,0
208397,208398,208401,3,1
208397,208398,208401,3,1
208397,208397,208401,4,0
208397,208397,208401,4,0
208397,208397,208401,4,0
208397,208397,208401,4,0
208397,208398,208401,3,1
208397,208398,208401,3,1
208397,208398,208401,3,1
208397,208398,208401,3,1
208397,208398,208401,3,1
208397,208398,208401,3,1
208397,208397,208401,4,0
208397,208397,208401,4,0
208397,208397,208401,4,0
208397,208398,208401,3,1
208397,208398,208401,3,1
208397,208398,208401,3,1
208397,208398,208401,3,1
208397,208397,208401,4,0
208397,208398,208401,3,1
208397,208398,208401,3,1
208397,208398,208401,3,1
208397,208397,208401,4,0
208397,208398,208401,3,1
208397,208398,208401,3,1
208397,208398,208401,3,1
208397,208397,208401,4,0
208397,208397,208401,4,0
208397,208398,208401,3,1
208397,208398,208401,3,1
208397,208398,208401,3,1
208397,208398,208401,3,1
208397,208398,208401,3,1
208397,208398,208401,3,1
208397,208398,208401,3,1
208397,208398,208401,3,1
208397,208398,208401,3,1
208397,208398,208401,3,1
208397,208398,208401,3,1
208397,208398,208401,3,1
208397,208398,208401,3,1
208397,208401,208403,2,4
208397,208401,208403,2,4
208397,208401,208404,3,4
208397,208401,208404,3,4
208397,208401,208404,3,4
208397,208401,208404,3,4
208397,208401,208404,3,4
208397,208401,208404,3,4
208397,208401,208404,3,4
208397,208401,208404,3,4
208397,208401,208404,3,4
208397,208401,208404,3,4
208397,208401,208404,3,4
208397,208401,208404,3,4
208397,208401,208404,3,4
208397,208401,208404,3,4
208397,208401,208404,3,4
208397,208401,208404,3,4
208397,208401,208404,3,4
208397,208401,208404,3,4
208397,208401,208404,3,4
208397,208401,208403,2,4
208397,208401,208403,2,4
208397,208401,208403,2,4
208397,208401,208404,3,4
208397,208401,208403,2,4
208397,208401,208404,3,4
208397,208401,208403,2,4
208397,208401,208403,2,4
208397,208401,208404,3,4
208397,208401,208403,2,4
208397,208401,208403,2,4
208397,208402,208404,2,5
208397,208402,208404,2,5
208397,208402,208405,3,5
208397,208402,208404,2,5
208397,208402,208404,2,5
208397,208402,208404,2,5
208397,208402,208405,3,5
208397,208402,208405,3,5
208397,208402,208405,3,5
208397,208402,208405,3,5
208397,208402,208405,3,5
208397,208402,208405,3,5
208397,208402,208405,3,5
208397,208402,208405,3,5
208397,208402,208405,3,5
208397,208402,208405,3,5
208397,208402,208405,3,5
208397,208402,208405,3,5
208397,208402,208405,3,5
208397,208402,208405,3,5
208397,208402,208404,2,5
208397,208402,208404,2,5
208397,208402,208405,3,5
208397,208402,208405,3,5
208397,208402,208405,3,5
208397,208402,208405,3,5
208397,208402,208405,3,5
208397,208402,208405,3,5
208397,208402,208405,3,5
208397,208402,208405,3,5
208397,208402,208405,3,5
208397,208402,208405,3,5
208397,208402,208405,3,5
208397,208402,208405,3,5
208397,208402,208405,3,5
208397,208402,208405,3,5
208397,208402,208405,3,5
208397,208402,208405,3,5
208397,208402,208405,3,5
208397,208402,208405,3,5
208397,208404,208406,2,7
208397,208404,208407,3,7
208397,208404,208407,3,7
208397,208404,208407,3,7
208397,208404,208406,2,7
208397,208404,208407,3,7
208397,208404,208407,3,7
208397,208404,208407,3,7
208397,208404,208407,3,7
208397,208404,208407,3,7
208397,208404,208407,3,7
208397,208404,208407,3,7
208397,208404,208407,3,7
208397,208404,208407,3,7
208397,208404,208407,3,7
208397,208404,208407,3,7
208397,208404,208407,3,7
208397,208404,208407,3,7
208397,208404,208407,3,7
208397,208404,208407,3,7
208397,208404,208407,3,7
208397,208404,208407,3,7
208397,208404,208407,3,7
208397,208404,208407,3,7
208397,208405,208408,3,8
208397,208405,208408,3,8
208397,208405,208408,3,8
208397,208405,208408,3,8
208397,208405,208408,3,8
208397,208404,208407,3,7
208397,208404,208407,3,7
208397,208405,208408,3,8
208397,208404,208408,4,7
208397,208405,208408,3,8
208397,208404,208407,3,7
208397,208404,208408,4,7
208397,208405,208408,3,8
208397,208405,208408,3,8
208397,208404,208407,3,7
208397,208405,208408,3,8
208397,208405,208408,3,8
208397,208405,208408,3,8
208397,208405,208408,3,8
208397,208404,208407,3,7
208397,208405,208408,3,8
208397,208405,208408,3,8
208397,208404,208407,3,7
208397,208405,208408,3,8
208397,208405,208408,3,8
208397,208405,208408,3,8
208397,208405,208408,3,8
208397,208405,208408,3,8
208397,208405,208408,3,8
208397,208405,208408,3,8
208397,208405,208408,3,8
208397,208405,208408,3,8
208413,208414,208416,2,1
208413,208414,208417,3,1
208413,208414,208417,3,1
208413,208414,208416,2,1
208413,208414,208416,2,1
208413,208414,208417,3,1
208413,208414,208417,3,1
208413,208414,208417,3,1
208413,208414,208416,2,1
208413,208414,208416,2,1
208413,208414,208417,3,1
208413,208414,208416,2,1
208413,208414,208416,2,1
208413,208414,208417,3,1
208413,208414,208417,3,1
208413,208414,208417,3,1
208413,208414,208417,3,1
208413,208414,208417,3,1
208413,208414,208417,3,1
208413,208414,208417,3,1
208413,208414,208417,3,1
208413,208414,208417,3,1
208413,208414,208417,3,1
208413,208414,208417,3,1
208413,208414,208417,3,1
208413,208414,208417,3,1
208413,208414,208417,3,1
208413,208414,208417,3,1
208413,208414,208417,3,1
208413,208414,208417,3,1
208413,208414,208417,3,1
208413,208414,208417,3,1
208413,208414,208417,3,1
208413,208414,208417,3,1
208413,208414,208417,3,1
208413,208414,208417,3,1
208413,208414,208417,3,1
208413,208414,208417,3,1
208413,208414,208417,3,1
208413,208414,208417,3,1
208413,208414,208417,3,1
208413,208414,208417,3,1
208413,208414,208417,3,1
208413,208414,208417,3,1
208413,208414,208417,3,1
208413,208414,208417,3,1
208413,208414,208417,3,1
208413,208414,208417,3,1
208413,208414,208417,3,1
208413,208414,208417,3,1
208413,208414,208417,3,1
208413,208414,208417,3,1
208413,208414,208417,3,1
208413,208414,208417,3,1
208413,208414,208417,3,1
208413,208414,208417,3,1
208413,208414,208417,3,1
208413,208414,208417,3,1
208413,208414,208417,3,1
208413,208414,208417,3,1
208413,208414,208417,3,1
208413,208414,208417,3,1
208413,208414,208417,3,1
208413,208414,208417,3,1
208413,208414,208417,3,1
208413,208414,208417,3,1
208413,208414,208417,3,1
208413,208414,208417,3,1
208413,208414,208417,3,1
208413,208414,208417,3,1
208413,208414,208417,3,1
208413,208414,208417,3,1
208413,208417,208419,2,4
208413,208417,208419,2,4
208413,208417,208419,2,4
208413,208417,208419,2,4
208413,208417,208419,2,4
208413,208417,208419,2,4
208413,208417,208419,2,4
208413,208417,208419,2,4
208413,208417,208419,2,4
208413,208417,208419,2,4
208413,208417,208419,2,4
208413,208417,208419,2,4
208413,208418,208420,2,5
208413,208418,208420,2,5
208413,208417,208419,2,4
208413,208417,208419,2,4
208413,208417,208419,2,4
208413,208417,208419,2,4
208413,208418,208420,2,5
208413,208418,208420,2,5
208413,208418,208420,2,5
208413,208418,208420,2,5
208413,208418,208420,2,5
208413,208418,208420,2,5
208413,208418,208420,2,5
208413,208418,208420,2,5
208413,208418,208421,3,5
208413,208418,208421,3,5
208413,208418,208421,3,5
208413,208418,208420,2,5
208413,208418,208420,2,5
208413,208418,208420,2,5
208413,208418,208420,2,5
208413,208418,208421,3,5
208413,208418,208421,3,5
208413,208418,208421,3,5
208413,208418,208420,2,5
208413,208418,208420,2,5
208413,208418,208420,2,5
208413,208418,208421,3,5
208413,208418,208420,2,5
208413,208418,208421,3,5
208413,208418,208420,2,5
208413,208418,208420,2,5
208413,208418,208421,3,5
208413,208418,208421,3,5
208413,208418,208421,3,5
208413,208418,208421,3,5
208413,208419,208421,2,6
208413,208418,208420,2,5
208413,208418,208420,2,5
208413,208418,208421,3,5
208413,208418,208421,3,5
208413,208418,208421,3,5
208413,208418,208421,3,5
208413,208418,208421,3,5
208413,208419,208421,2,6
208413,208418,208421,3,5
208413,208418,208421,3,5
208413,208418,208420,2,5
208413,208418,208420,2,5
208413,208418,208421,3,5
208413,208418,208421,3,5
208413,208418,208421,3,5
208413,208419,208421,2,6
208413,208418,208421,3,5
208413,208418,208420,2,5
208413,208418,208421,3,5
208413,208418,208420,2,5
208413,208418,208421,3,5
208413,208418,208421,3,5
208413,208418,208420,2,5
208413,208418,208421,3,5
208413,208418,208420,2,5
208413,208418,208421,3,5
208413,208419,208421,2,6
208413,208419,208421,2,6
208413,208420,208422,2,7
208413,208420,208422,2,7
208413,208419,208421,2,6
208413,208419,208421,2,6
208413,208420,208422,2,7
208413,208420,208422,2,7
208413,208420,208422,2,7
208413,208419,208421,2,6
208413,208420,208422,2,7
208413,208419,208421,2,6
208413,208419,208421,2,6
208413,208419,208421,2,6
208413,208419,208421,2,6
208413,208421,208423,2,8
208413,208421,208423,2,8
208413,208421,208423,2,8
208413,208421,208423,2,8
208413,208421,208423,2,8
208413,208421,208423,2,8
208413,208421,208423,2,8
208413,208421,208423,2,8
208413,208421,208423,2,8
208413,208421,208423,2,8
208413,208421,208423,2,8
208413,208421,208423,2,8
208413,208421,208423,2,8
208413,208421,208423,2,8
208413,208421,208423,2,8
208413,208421,208423,2,8
208413,208421,208423,2,8
208413,208421,208423,2,8
208413,208421,208423,2,8
208413,208421,208423,2,8
208413,208421,208424,3,8
208413,208421,208423,2,8
208413,208421,208424,3,8
208413,208421,208423,2,8
208413,208421,208423,2,8
208413,208421,208423,2,8
208413,208421,208423,2,8
208413,208421,208423,2,8
208413,208421,208424,3,8
208413,208421,208423,2,8
208413,208421,208424,3,8
208413,208421,208423,2,8
208413,208421,208424,3,8
208413,208421,208423,2,8
208413,208421,208424,3,8
208413,208421,208424,3,8
208413,208421,208424,3,8
208413,208421,208424,3,8
208428,208429,208431,2,1
208428,208429,208431,2,1
208428,208429,208431,2,1
208428,208428,208430,2,0
208428,208429,208431,2,1
208428,208429,208431,2,1
208428,208429,208430,1,1
208428,208429,208431,2,1
208428,208428,208431,3,0
208428,208428,208430,2,0
208428,208428,208430,2,0
208428,208429,208430,1,1
208428,208429,208431,2,1
208428,208428,208430,2,0
208428,208429,208431,2,1
208428,208429,208431,2,1
208428,208429,208431,2,1
208428,208429,208431,2,1
208428,208429,208431,2,1
208428,208429,208431,2,1
208428,208429,208431,2,1
208428,208429,208431,2,1
208428,208429,208431,2,1
208428,208429,208431,2,1
208428,208429,208431,2,1
208428,208429,208431,2,1
208428,208429,208431,2,1
208428,208429,208431,2,1
208428,208429,208431,2,1
208428,208429,208431,2,1
208428,208429,208431,2,1
208428,208429,208431,2,1
208428,208429,208431,2,1
208428,208429,208431,2,1
208428,208429,208431,2,1
208428,208429,208431,2,1
208428,208429,208432,3,1
208428,208429,208432,3,1
208428,208429,208431,2,1
208428,208429,208431,2,1
208428,208429,208431,2,1
208428,208429,208431,2,1
208428,208429,208431,2,1
208428,208429,208431,2,1
208428,208429,208432,3,1
208428,208429,208431,2,1
208428,208429,208431,2,1
208428,208429,208431,2,1
208428,208429,208431,2,1
208428,208429,208431,2,1
208428,208429,208431,2,1
208428,208429,208431,2,1
208428,208429,208431,2,1
208428,208429,208431,2,1
208428,208429,208431,2,1
208428,208429,208431,2,1
208428,208429,208431,2,1
208428,208429,208431,2,1
208428,208429,208431,2,1
208428,208429,208431,2,1
208428,208429,208431,2,1
208428,208429,208431,2,1
208428,208429,208431,2,1
208428,208429,208431,2,1
208428,208429,208431,2,1
208428,208429,208432,3,1
208428,208429,208432,3,1
208428,208429,208431,2,1
208428,208429,208431,2,1
208428,208429,208431,2,1
208428,208429,208431,2,1
208428,208429,208432,3,1
208428,208431,208433,2,3
208428,208431,208433,2,3
208428,208431,208433,2,3
208428,208431,208432,1,3
208428,208431,208433,2,3
208428,208431,208433,2,3
208428,208431,208433,2,3
208428,208431,208433,2,3
208428,208431,208433,2,3
208428,208431,208433,2,3
208428,208431,208433,2,3
208428,208431,208433,2,3
208428,208431,208433,2,3
208428,208431,208433,2,3
208428,208431,208433,2,3
208428,208431,208433,2,3
208428,208432,208434,2,4
208428,208431,208433,2,3
208428,208431,208433,2,3
208428,208432,208434,2,4
208428,208432,208434,2,4
208428,208432,208434,2,4
208428,208432,208434,2,4
208428,208432,208435,3,4
208428,208432,208434,2,4
208428,208432,208435,3,4
208428,208432,208435,3,4
208428,208432,208435,3,4
208428,208432,208435,3,4
208428,208432,208435,3,4
208428,208432,208434,2,4
208428,208432,208434,2,4
208428,208432,208434,2,4
208428,208432,208434,2,4
208428,208432,208435,3,4
208428,208432,208435,3,4
208428,208432,208435,3,4
208428,208432,208434,2,4
208428,208432,208434,2,4
208428,208432,208434,2,4
208428,208432,208435,3,4
208428,208432,208435,3,4
208428,208433,208435,2,5
208428,208433,208435,2,5
208428,208432,208434,2,4
208428,208432,208434,2,4
208428,208432,208434,2,4
208428,208432,208435,3,4
208428,208432,208435,3,4
208428,208432,208435,3,4
208428,208432,208435,3,4
208428,208433,208435,2,5
208428,208432,208434,2,4
208428,208432,208434,2,4
208428,208432,208434,2,4
208428,208432,208434,2,4
208428,208432,208435,3,4
208428,208432,208435,3,4
208428,208432,208435,3,4
208428,208433,208435,2,5
208428,208432,208434,2,4
208428,208432,208435,3,4
208428,208432,208434,2,4
208428,208432,208435,3,4
208428,208432,208435,3,4
208428,208432,208435,3,4
208428,208433,208435,2,5
208428,208433,208435,2,5
208428,208432,208434,2,4
208428,208432,208435,3,4
208428,208432,208435,3,4
208428,208432,208435,3,4
208428,208432,208435,3,4
208428,208433,208435,2,5
208428,208432,208434,2,4
208428,208432,208435,3,4
208428,208432,208435,3,4
208428,208432,208435,3,4
208428,208432,208435,3,4
208428,208433,208435,2,5
208428,208434,208436,2,6
208428,208434,208436,2,6
208428,208434,208436,2,6
208428,208434,208436,2,6
208428,208434,208436,2,6
208428,208433,208435,2,5
208428,208433,208435,2,5
208428,208434,208436,2,6
208428,208434,208436,2,6
208428,208434,208436,2,6
208428,208434,208436,2,6
208428,208435,208437,2,7
232639,232639,232884,245,0
233393,233393,233423,30,0
233393,233393,233423,30,0
233393,233393,233425,32,0
233393,233393,233425,32,0
233393,233393,233426,33,0
233393,233393,233426,33,0
233393,233393,233427,34,0
233393,233393,233427,34,0
233393,233393,233428,35,0
233393,233393,233427,34,0
233393,233393,233428,35,0
233393,233393,233427,34,0
233393,233393,233427,34,0
233393,233393,233429,36,0
233393,233393,233429,36,0
233393,233393,233429,36,0
233393,233393,233429,36,0
233393,233393,233429,36,0
233393,233393,233430,37,0
233393,233393,233430,37,0
233393,233393,233430,37,0
233393,233393,233429,36,0
233393,233393,233430,37,0
233393,233393,233431,38,0
233393,233393,233430,37,0
233393,233393,233431,38,0
233393,233393,233431,38,0
233393,233393,233432,39,0
233393,233393,233432,39,0
233393,233393,233432,39,0
233393,233393,233432,39,0
233393,233393,233432,39,0
233393,233393,233433,40,0
233393,233393,233432,39,0
233393,233393,233433,40,0
233393,233393,233433,40,0
233393,233393,233433,40,0
233393,233393,233432,39,0
233393,233393,233434,41,0
233393,233393,233434,41,0
233393,233393,233433,40,0
233393,233393,233434,41,0
233393,233393,233434,41,0
233393,233393,233434,41,0
233393,233393,233434,41,0
233393,233393,233434,41,0
233393,233393,233434,41,0
233393,233393,233434,41,0
233393,233393,233433,40,0
233393,233393,233435,42,0
233393,233393,233435,42,0
233393,233393,233435,42,0
233393,233393,233434,41,0
233393,233393,233434,41,0
233393,233393,233435,42,0
233393,233393,233435,42,0
233393,233393,233434,41,0
233393,233393,233436,43,0
233393,233393,233436,43,0
233393,233393,233436,43,0
233393,233393,233436,43,0
233393,233393,233436,43,0
233393,233393,233435,42,0
233393,233393,233436,43,0
233393,233393,233436,43,0
233393,233393,233437,44,0
233393,233393,233437,44,0
233393,233393,233437,44,0
233393,233393,233436,43,0
233393,233393,233438,45,0
233393,233393,233437,44,0
233393,233393,233439,46,0
233393,233426,233456,30,33
233393,233425,233457,32,32
233393,233425,233458,33,32
233393,233428,233458,30,35
233393,233430,233459,29,37
233393,233424,233459,35,31
233393,233428,233461,33,35
233393,233431,233461,30,38
233393,233433,233462,29,40
233393,233424,233462,38,31
233393,233428,233463,35,35
233393,233427,233463,36,34
233393,233430,233464,34,37
233393,233428,233464,36,35
233393,233431,233464,33,38
233393,233432,233464,32,39
233393,233434,233464,30,41
233393,233434,233465,31,41
233393,233430,233465,35,37
233393,233428,233465,37,35
233393,233434,233466,32,41
233393,233427,233466,39,34
233393,233432,233466,34,39
233393,233435,233467,32,42
233393,233434,233466,32,41
233393,233429,233467,38,36
233393,233429,233467,38,36
233393,233436,233467,31,43
233393,233430,233468,38,37
233393,233430,233468,38,37
233393,233432,233468,36,39
233393,233431,233468,37,38
233393,233435,233468,33,42
233393,233427,233468,41,34
233393,233433,233468,35,40
233393,233430,233469,39,37
233393,233433,233469,36,40
233393,233436,233469,33,43
233393,233434,233470,36,41
233393,233431,233470,39,38
233393,233437,233470,33,44
233393,233430,233470,40,37
233393,233436,233470,34,43
233393,233435,233470,35,42
233393,233429,233470,41,36
233393,233432,233471,39,39
233393,233434,233471,37,41
233393,233435,233472,37,42
233393,233434,233472,38,41
233393,233434,233472,38,41
233393,233433,233472,39,40
233393,233436,233472,36,43
233393,233433,233472,39,40
233393,233434,233473,39,41
233393,233437,233472,35,44
233393,233435,233473,38,42
233393,233435,233473,38,42
233393,233437,233473,36,44
233393,233435,233474,39,42
233393,233436,233474,38,43
233393,233432,233474,42,39
233393,233433,233474,41,40
233393,233434,233474,40,41
233393,233436,233475,39,43
233393,233439,233474,35,46
233393,233437,233474,37,44
233393,233435,233475,40,42
233393,233436,233475,39,43
233393,233437,233475,38,44
233393,233438,233476,38,45
233393,233434,233476,42,41
233393,233438,233477,39,45
233393,233459,233488,29,66
233393,233458,233488,30,65
233393,233456,233490,34,63
233393,233462,233493,31,69
233393,233462,233493,31,69
233393,233463,233494,31,70
233393,233463,233494,31,70
233393,233465,233494,29,72
233393,233460,233497,37,67
233393,233459,233496,37,66
233393,233465,233497,32,72
233393,233467,233498,31,74
233393,233465,233498,33,72
233393,233467,233498,31,74
233393,233459,233499,40,66
233393,233464,233500,36,71
233393,233465,233499,34,72
233393,233471,233499,28,78
233393,233470,233500,30,77
233393,233464,233501,37,71
233393,233470,233501,31,77
233393,233469,233500,31,76
233393,233469,233500,31,76
233393,233465,233502,37,72
233393,233466,233501,35,73
233393,233467,233501,34,74
233393,233466,233502,36,73
233393,233468,233501,33,75
233393,233471,233501,30,78
233393,233473,233503,30,80
233393,233469,233503,34,76
233393,233471,233505,34,78
233393,233469,233504,35,76
233393,233466,233505,39,73
233393,233468,233505,37,75
233393,233468,233505,37,75
233393,233470,233505,35,77
233393,233465,233505,40,72
233393,233473,233506,33,80
233393,233471,233506,35,78
233393,233469,233505,36,76
233393,233473,233506,33,80
233393,233467,233507,40,74
233393,233469,233507,38,76
233393,233469,233506,37,76
233393,233471,233507,36,78
233393,233471,233508,37,78
233393,233471,233508,37,78
233393,233473,233509,36,80
233393,233474,233509,35,81
233393,233471,233508,37,78
233393,233473,233508,35,80
233393,233472,233508,36,79
233393,233472,233510,38,79
233393,233473,233509,36,80
233393,233473,233514,41,80
233518,233518,233549,31,0
233518,233518,233549,31,0
233518,233518,233549,31,0
233518,233518,233550,32,0
233518,233518,233551,33,0
233518,233518,233552,34,0
233518,233518,233552,34,0
233518,233518,233552,34,0
233518,233518,233553,35,0
233518,233518,233553,35,0
233518,233518,233553,35,0
233518,233518,233554,36,0
233518,233518,233554,36,0
233518,233518,233554,36,0
233518,233518,233554,36,0
233518,233518,233555,37,0
233518,233518,233555,37,0
233518,233518,233555,37,0
233518,233518,233555,37,0
233518,233518,233555,37,0
233518,233518,233555,37,0
233518,233518,233555,37,0
233518,233518,233555,37,0
233518,233518,233556,38,0
233518,233518,233556,38,0
233518,233518,233556,38,0
233518,233518,233556,38,0
233518,233518,233556,38,0
233518,233518,233557,39,0
233518,233518,233558,40,0
233518,233518,233557,39,0
233518,233518,233557,39,0
233518,233518,233557,39,0
233518,233518,233557,39,0
233518,233518,233557,39,0
233518,233518,233557,39,0
233518,233518,233557,39,0
233518,233518,233559,41,0
233518,233518,233558,40,0
233518,233518,233558,40,0
233518,233518,233558,40,0
233518,233518,233558,40,0
233518,233518,233559,41,0
233518,233518,233558,40,0
233518,233518,233560,42,0
233518,233518,233559,41,0
233518,233518,233559,41,0
233518,233518,233559,41,0
233518,233518,233561,43,0
233518,233518,233560,42,0
233518,233518,233560,42,0
233518,233518,233561,43,0
233518,233518,233560,42,0
233518,233518,233561,43,0
233518,233518,233561,43,0
233518,233518,233560,42,0
233518,233518,233560,42,0
233518,233518,233560,42,0
233518,233518,233560,42,0
233518,233518,233561,43,0
233518,233518,233561,43,0
233518,233518,233562,44,0
233518,233518,233562,44,0
233518,233518,233561,43,0
233518,233518,233561,43,0
233518,233518,233562,44,0
233518,233518,233562,44,0
233518,233518,233562,44,0
233518,233518,233562,44,0
233518,233518,233562,44,0
233518,233518,233563,45,0
233518,233518,233563,45,0
233518,233550,233579,29,32
233518,233553,233581,28,35
233518,233552,233585,33,34
233518,233556,233585,29,38
233518,233553,233585,32,35
233518,233555,233585,30,37
233518,233550,233586,36,32
233518,233550,233586,36,32
233518,233555,233586,31,37
233518,233553,233586,33,35
233518,233558,233587,29,40
233518,233557,233586,29,39
233518,233559,233588,29,41
233518,233555,233588,33,37
233518,233556,233588,32,38
233518,233551,233589,38,33
233518,233556,233590,34,38
233518,233555,233590,35,37
233518,233557,233590,33,39
233518,233557,233591,34,39
233518,233562,233592,30,44
233518,233556,233593,37,38
233518,233560,233593,33,42
233518,233561,233592,31,43
233518,233554,233592,38,36
233518,233561,233592,31,43
233518,233559,233593,34,41
233518,233561,233592,31,43
233518,233556,233593,37,38
233518,233558,233593,35,40
233518,233557,233594,37,39
233518,233554,233594,40,36
233518,233559,233595,36,41
233518,233558,233595,37,40
233518,233559,233594,35,41
233518,233558,233594,36,40
233518,233561,233594,33,43
233518,233562,233595,33,44
233518,233561,233594,33,43
233518,233557,233596,39,39
233518,233563,233596,33,45
233518,233556,233596,40,38
233518,233558,233596,38,40
233518,233558,233597,39,40
233518,233560,233596,36,42
233518,233559,233597,38,41
233518,233554,233596,42,36
233518,233556,233597,41,38
233518,233562,233597,35,44
233518,233563,233596,33,45
233518,233558,233596,38,40
233518,233562,233597,35,44
233518,233558,233597,39,40
233518,233560,233597,37,42
233518,233556,233597,41,38
233518,233561,233598,37,43
233518,233559,233598,39,41
233518,233560,233599,39,42
233518,233557,233599,42,39
233518,233561,233599,38,43
233518,233563,233599,36,45
233518,233563,233599,36,45
233518,233561,233600,39,43
233518,233562,233601,39,44
233518,233559,233601,42,41
233518,233564,233602,38,46
233518,233561,233601,40,43
233518,233561,233602,41,43
233518,233563,233603,40,45
233518,233561,233602,41,43
233518,233562,233603,41,44
233391,233391,233603,212,0
233518,233563,233604,41,45
233518,233586,233615,29,68
233518,233585,233616,31,67
233518,233580,233617,37,62
233518,233588,233618,30,70
233518,233587,233619,32,69
233518,233585,233618,33,67
233518,233585,233620,35,67
233518,233587,233620,33,69
233518,233582,233620,38,64
233518,233592,233622,30,74
233518,233587,233623,36,69
233518,233587,233624,37,69
233518,233591,233624,33,73
233518,233593,233624,31,75
233518,233591,233623,32,73
233518,233593,233624,31,75
233518,233587,233625,38,69
233518,233587,233625,38,69
233518,233589,233626,37,71
233518,233590,233626,36,72
233518,233595,233626,31,77
233518,233596,233626,30,78
233518,233588,233626,38,70
233518,233595,233627,32,77
233518,233593,233627,34,75
233518,233596,233626,30,78
233518,233593,233628,35,75
233518,233595,233627,32,77
233518,233594,233628,34,76
233518,233594,233627,33,76
233518,233598,233628,30,80
233518,233595,233628,33,77
233518,233598,233629,31,80
233518,233590,233629,39,72
233518,233597,233629,32,79
233518,233598,233630,32,80
233518,233597,233630,33,79
233518,233593,233631,38,75
233518,233597,233630,33,79
233518,233593,233632,39,75
233518,233592,233632,40,74
233518,233594,233633,39,76
233518,233597,233633,36,79
233518,233593,233633,40,75
233518,233595,233633,38,77
233518,233595,233633,38,77
233518,233597,233634,37,79
233518,233598,233634,36,80
233518,233597,233633,36,79
233518,233595,233635,40,77
233518,233597,233635,38,79
233518,233596,233635,39,78
233518,233597,233636,39,79
233518,233594,233635,41,76
233518,233597,233636,39,79
233518,233598,233636,38,80
233641,233641,233671,30,0
233641,233641,233672,31,0
233641,233641,233672,31,0
233641,233641,233672,31,0
233641,233641,233672,31,0
233641,233641,233672,31,0
233641,233641,233672,31,0
233641,233641,233673,32,0
233641,233641,233674,33,0
233641,233641,233673,32,0
233641,233641,233675,34,0
233641,233641,233675,34,0
233641,233641,233674,33,0
233641,233641,233675,34,0
233641,233641,233677,36,0
233641,233641,233677,36,0
233641,233641,233677,36,0
233641,233641,233677,36,0
233641,233641,233677,36,0
233641,233641,233677,36,0
233641,233641,233678,37,0
233641,233641,233678,37,0
233641,233641,233677,36,0
233641,233641,233678,37,0
233641,233641,233678,37,0
233641,233641,233678,37,0
233641,233641,233678,37,0
233641,233641,233678,37,0
233641,233641,233678,37,0
233641,233641,233678,37,0
233641,233641,233679,38,0
233641,233641,233680,39,0
233641,233641,233679,38,0
233641,233641,233679,38,0
233641,233641,233680,39,0
233641,233641,233680,39,0
233641,233641,233680,39,0
233641,233641,233680,39,0
233641,233641,233680,39,0
233641,233641,233681,40,0
233641,233641,233681,40,0
233641,233641,233681,40,0
233641,233641,233681,40,0
233641,233641,233681,40,0
233641,233641,233681,40,0
233641,233641,233682,41,0
233641,233641,233682,41,0
233641,233641,233682,41,0
233641,233641,233682,41,0
233641,233641,233681,40,0
233641,233641,233681,40,0
233641,233641,233681,40,0
233641,233641,233682,41,0
233641,233641,233682,41,0
233641,233641,233683,42,0
233641,233641,233683,42,0
233641,233641,233683,42,0
233641,233641,233682,41,0
233641,233641,233683,42,0
233641,233641,233682,41,0
233641,233641,233683,42,0
233641,233641,233684,43,0
233641,233641,233684,43,0
233641,233641,233684,43,0
233641,233641,233683,42,0
233641,233641,233684,43,0
233641,233641,233684,43,0
233641,233641,233684,43,0
233641,233641,233685,44,0
233641,233641,233685,44,0
233641,233641,233685,44,0
233641,233641,233685,44,0
233641,233672,233702,30,31
233641,233675,233705,30,34
233641,233672,233705,33,31
233641,233672,233706,34,31
233641,233673,233707,34,32
233641,233672,233707,35,31
233641,233674,233706,32,33
233641,233674,233708,34,33
233641,233677,233708,31,36
233641,233678,233708,30,37
233641,233673,233710,37,32
233641,233677,233710,33,36
233641,233678,233710,32,37
233641,233673,233711,38,32
233641,233677,233711,34,36
233641,233678,233711,33,37
233641,233680,233711,31,39
233641,233680,233711,31,39
233641,233673,233712,39,32
233641,233678,233712,34,37
233641,233675,233712,37,34
233641,233679,233712,33,38
233641,233677,233712,35,36
233641,233679,233713,34,38
233641,233682,233713,31,41
233641,233679,233713,34,38
233641,233682,233714,32,41
233641,233675,233714,39,34
233641,233681,233714,33,40
233641,233683,233714,31,42
233641,233681,233714,33,40
233641,233685,233714,29,44
233641,233677,233715,38,36
233641,233681,233715,34,40
233641,233680,233715,35,39
233641,233680,233716,36,39
233641,233680,233717,37,39
233641,233682,233716,34,41
233641,233683,233716,33,42
233641,233682,233716,34,41
233641,233682,233716,34,41
233641,233678,233717,39,37
233641,233676,233717,41,35
233641,233684,233717,33,43
233641,233684,233718,34,43
233641,233680,233717,37,39
233641,233683,233717,34,42
233641,233678,233718,40,37
233641,233684,233719,35,43
233641,233680,233718,38,39
233641,233679,233718,39,38
233641,233677,233718,41,36
233641,233682,233719,37,41
233641,233685,233718,33,44
233641,233685,233718,33,44
233641,233680,233719,39,39
233641,233682,233719,37,41
233641,233681,233719,38,40
233641,233682,233720,38,41
233641,233682,233720,38,41
233641,233683,233720,37,42
233641,233683,233721,38,42
233641,233684,233721,37,43
233641,233679,233721,42,38
233641,233681,233723,42,40
233641,233681,233722,41,40
233641,233684,233722,38,43
233641,233685,233723,38,44
233641,233683,233723,40,42
233641,233685,233724,39,44
233641,233684,233724,40,43
233641,233685,233724,39,44
233641,233703,233736,33,62
233641,233705,233737,32,64
233641,233709,233738,29,68
233641,233708,233740,32,67
233641,233708,233740,32,67
233641,233712,233741,29,71
233641,233706,233741,35,65
233641,233709,233742,33,68
233641,233713,233743,30,72
233641,233715,233744,29,74
233641,233712,233744,32,71
233641,233712,233744,32,71
233641,233706,233745,39,65
233641,233713,233744,31,72
233641,233711,233745,34,70
233641,233713,233746,33,72
233641,233717,233745,28,76
233641,233709,233745,36,68
233641,233712,233747,35,71
233641,233713,233747,34,72
233641,233708,233746,38,67
233641,233715,233747,32,74
233641,233711,233748,37,70
233641,233711,233748,37,70
233641,233718,233747,29,77
233641,233719,233747,28,78
233641,233715,233748,33,74
233641,233717,233749,32,76
233641,233715,233748,33,74
233641,233713,233748,35,72
233641,233718,233750,32,77
233641,233719,233749,30,78
233641,233714,233750,36,73
233641,233716,233749,33,75
233641,233717,233749,32,76
233641,233714,233750,36,73
233641,233712,233751,39,71
233641,233716,233750,34,75
233641,233719,233752,33,78
233641,233720,233751,31,79
233641,233715,233752,37,74
233641,233717,233752,35,76
233641,233714,233751,37,73
233641,233717,233752,35,76
233641,233717,233753,36,76
233641,233718,233753,35,77
233641,233717,233753,36,76
233641,233719,233754,35,78
233641,233715,233754,39,74
233641,233719,233754,35,78
233641,233718,233754,36,77
233641,233716,233755,39,75
233641,233719,233757,38,78
233641,233719,233756,37,78
233641,233718,233757,39,77
233641,233719,233757,38,78
233762,233762,233792,30,0
233762,233762,233792,30,0
233762,233762,233793,31,0
233762,233762,233793,31,0
233762,233762,233793,31,0
233762,233762,233795,33,0
233762,233762,233795,33,0
233762,233762,233795,33,0
233762,233762,233795,33,0
233762,233762,233796,34,0
233762,233762,233796,34,0
233762,233762,233796,34,0
233762,233762,233796,34,0
233762,233762,233796,34,0
233762,233762,233797,35,0
233762,233762,233797,35,0
233762,233762,233797,35,0
233762,233762,233797,35,0
233762,233762,233797,35,0
233762,233762,233797,35,0
233762,233762,233797,35,0
233762,233762,233797,35,0
233762,233762,233798,36,0
233762,233762,233798,36,0
233762,233762,233798,36,0
233762,233762,233798,36,0
233762,233762,233799,37,0
233762,233762,233799,37,0
233762,233762,233801,39,0
233762,233762,233801,39,0
233762,233762,233800,38,0
233762,233762,233801,39,0
233762,233762,233801,39,0
233762,233762,233801,39,0
233762,233762,233802,40,0
233762,233762,233802,40,0
233762,233762,233802,40,0
233762,233762,233802,40,0
233762,233762,233802,40,0
233762,233762,233802,40,0
233762,233762,233802,40,0
233762,233762,233802,40,0
233762,233762,233802,40,0
233762,233762,233804,42,0
233762,233762,233803,41,0
233762,233762,233803,41,0
233762,233762,233804,42,0
233762,233762,233803,41,0
233762,233762,233803,41,0
233762,233762,233804,42,0
233762,233762,233804,42,0
233762,233762,233804,42,0
233762,233762,233803,41,0
233762,233762,233804,42,0
233762,233762,233803,41,0
233762,233762,233804,42,0
233762,233762,233804,42,0
233762,233762,233804,42,0
233762,233762,233803,41,0
233762,233762,233804,42,0
233762,233762,233804,42,0
233762,233762,233804,42,0
233762,233762,233805,43,0
233762,233762,233805,43,0
233762,233762,233804,42,0
233762,233762,233805,43,0
233762,233762,233805,43,0
233762,233762,233805,43,0
233762,233762,233805,43,0
233762,233762,233806,44,0
233762,233762,233805,43,0
233762,233762,233806,44,0
233762,233796,233824,28,34
233762,233796,233828,32,34
233762,233797,233827,30,35
233762,233794,233828,34,32
233762,233793,233829,36,31
233762,233794,233828,34,32
233762,233798,233828,30,36
233762,233797,233830,33,35
233762,233800,233829,29,38
233762,233802,233831,29,40
233762,233800,233831,31,38
233762,233794,233831,37,32
233762,233793,233830,37,31
233762,233798,233831,33,36
233762,233798,233832,34,36
233762,233797,233832,35,35
233762,233799,233832,33,37
233762,233803,233832,29,41
233762,233797,233832,35,35
233762,233798,233833,35,36
233762,233804,233834,30,42
233762,233797,233834,37,35
233762,233796,233834,38,34
233762,233804,233834,30,42
233762,233802,233834,32,40
233762,233798,233834,36,36
233762,233799,233835,36,37
233762,233803,233836,33,41
233762,233796,233835,39,34
233762,233804,233836,32,42
233762,233798,233837,39,36
233762,233801,233837,36,39
233762,233802,233836,34,40
233762,233805,233836,31,43
233762,233802,233838,36,40
233762,233803,233838,35,41
233762,233804,233838,34,42
233762,233806,233838,32,44
233762,233799,233839,40,37
233762,233805,233839,34,43
233762,233803,233838,35,41
233762,233804,233839,35,42
233762,233804,233839,35,42
233762,233806,233839,33,44
233762,233805,233840,35,43
233762,233803,233839,36,41
233762,233798,233840,42,36
233762,233801,233840,39,39
233762,233804,233841,37,42
233762,233798,233841,43,36
233762,233799,233841,42,37
233762,233806,233841,35,44
233762,233804,233841,37,42
233762,233804,233840,36,42
233762,233804,233841,37,42
233762,233803,233840,37,41
233762,233804,233840,36,42
233762,233805,233842,37,43
233762,233804,233841,37,42
233762,233803,233842,39,41
233762,233803,233841,38,41
233762,233804,233842,38,42
233762,233801,233842,41,39
233762,233806,233842,36,44
233762,233806,233843,37,44
233762,233805,233843,38,43
233762,233804,233843,39,42
233762,233804,233843,39,42
233762,233805,233844,39,43
233762,233806,233844,38,44
233762,233804,233845,41,42
233762,233806,233845,39,44
233762,233829,233858,29,67
233762,233828,233860,32,66
233762,233824,233861,37,62
233762,233828,233861,33,66
233762,233831,233861,30,69
233762,233828,233862,34,66
233762,233831,233862,31,69
233762,233831,233863,32,69
233762,233833,233863,30,71
233762,233830,233863,33,68
233762,233832,233864,32,70
233762,233833,233865,32,71
233762,233835,233865,30,73
233762,233832,233867,35,70
233762,233830,233867,37,68
233762,233829,233867,38,67
233762,233839,233868,29,77
233762,233832,233867,35,70
233762,233831,233868,37,69
233762,233837,233867,30,75
233762,233835,233869,34,73
233762,233840,233869,29,78
233762,233835,233869,34,73
233762,233837,233869,32,75
233762,233837,233870,33,75
233762,233829,233870,41,67
233762,233835,233870,35,73
233762,233835,233871,36,73
233762,233841,233871,30,79
233762,233834,233871,37,72
233762,233838,233871,33,76
233762,233839,233872,33,77
233762,233835,233872,37,73
233762,233841,233873,32,79
233762,233834,233873,39,72
233762,233840,233873,33,78
233762,233832,233873,41,70
233762,233836,233873,37,74
233762,233836,233873,37,74
233762,233840,233873,33,78
233762,233841,233873,32,79
233762,233838,233873,35,76
233762,233841,233875,34,79
233762,233839,233875,36,77
233762,233836,233875,39,74
233762,233838,233875,37,76
233762,233839,233875,36,77
233762,233838,233876,38,76
233762,233837,233876,39,75
233762,233840,233876,36,78
233762,233841,233876,35,79
233762,233841,233876,35,79
233762,233839,233877,38,77
233762,233841,233877,36,79
233762,233839,233878,39,77
233762,233841,233878,37,79
233883,233883,233914,31,0
233883,233883,233914,31,0
233883,233883,233914,31,0
233883,233883,233913,30,0
233883,233883,233915,32,0
233883,233883,233916,33,0
233883,233883,233915,32,0
233883,233883,233916,33,0
233883,233883,233917,34,0
233883,233883,233917,34,0
233883,233883,233916,33,0
233883,233883,233917,34,0
233883,233883,233916,33,0
233883,233883,233917,34,0
233883,233883,233917,34,0
233883,233883,233917,34,0
233883,233883,233918,35,0
233883,233883,233917,34,0
233883,233883,233919,36,0
233883,233883,233919,36,0
233883,233883,233919,36,0
233883,233883,233919,36,0
233883,233883,233919,36,0
233883,233883,233920,37,0
233883,233883,233920,37,0
233883,233883,233920,37,0
233883,233883,233920,37,0
233883,233883,233919,36,0
233883,233883,233920,37,0
233883,233883,233920,37,0
233883,233883,233921,38,0
233883,233883,233921,38,0
233883,233883,233921,38,0
233883,233883,233921,38,0
233883,233883,233921,38,0
233883,233883,233921,38,0
233883,233883,233922,39,0
233883,233883,233922,39,0
233883,233883,233921,38,0
233883,233883,233922,39,0
233883,233883,233922,39,0
233883,233883,233922,39,0
233883,233883,233922,39,0
233883,233883,233923,40,0
233883,233883,233923,40,0
233883,233883,233923,40,0
233883,233883,233922,39,0
233883,233883,233922,39,0
233883,233883,233923,40,0
233883,233883,233924,41,0
233883,233883,233924,41,0
233883,233883,233924,41,0
233883,233883,233923,40,0
233883,233883,233924,41,0
233883,233883,233924,41,0
233883,233883,233923,40,0
233883,233883,233924,41,0
233883,233883,233924,41,0
233883,233883,233924,41,0
233883,233883,233925,42,0
233883,233883,233924,41,0
233883,233883,233924,41,0
233883,233883,233924,41,0
233883,233883,233925,42,0
233883,233883,233926,43,0
233883,233883,233926,43,0
233883,233883,233926,43,0
233883,233883,233926,43,0
233883,233883,233927,44,0
233883,233883,233927,44,0
233883,233883,233927,44,0
233883,233883,233927,44,0
233883,233914,233944,30,31
233883,233914,233947,33,31
233883,233914,233947,33,31
233883,233917,233948,31,34
233883,233918,233948,30,35
233883,233920,233949,29,37
233883,233917,233950,33,34
233883,233917,233950,33,34
233883,233916,233951,35,33
233883,233919,233952,33,36
233883,233921,233952,31,38
233883,233918,233952,34,35
233883,233916,233952,36,33
233883,233921,233952,31,38
233883,233924,233953,29,41
233883,233922,233953,31,39
233883,233924,233953,29,41
233883,233916,233954,38,33
233883,233916,233954,38,33
233883,233914,233954,40,31
233883,233919,233955,36,36
233883,233919,233954,35,36
233883,233918,233954,36,35
233883,233920,233954,34,37
233883,233923,233955,32,40
233883,233923,233956,33,40
233883,233917,233955,38,34
233883,233922,233955,33,39
233883,233921,233956,35,38
233883,233922,233956,34,39
233883,233922,233957,35,39
233883,233926,233956,30,43
233883,233918,233956,38,35
233883,233921,233957,36,38
233883,233924,233957,33,41
233883,233917,233957,40,34
233883,233922,233957,35,39
233883,233923,233957,34,40
233883,233920,233957,37,37
233883,233917,233958,41,34
233883,233920,233959,39,37
233883,233920,233958,38,37
233883,233921,233958,37,38
233883,233924,233958,34,41
233883,233924,233958,34,41
233883,233919,233959,40,36
233883,233921,233959,38,38
233883,233919,233959,40,36
233883,233925,233960,35,42
233883,233926,233959,33,43
233883,233921,233960,39,38
233883,233924,233960,36,41
233883,233924,233960,36,41
233883,233928,233961,33,45
233883,233924,233961,37,41
233883,233927,233961,34,44
233883,233923,233961,38,40
233883,233925,233961,36,42
233883,233923,233961,38,40
233883,233922,233962,40,39
233883,233927,233962,35,44
233883,233922,233963,41,39
233883,233925,233963,38,42
233883,233926,233964,38,43
233883,233926,233963,37,43
233883,233924,233963,39,41
233883,233923,233963,40,40
233883,233927,233963,36,44
233883,233925,233964,39,42
233883,233924,233964,40,41
233883,233922,233964,42,39
233883,233925,233964,39,42
233883,233945,233975,30,62
233883,233951,233982,31,68
233883,233951,233982,31,68
233883,233949,233983,34,66
233883,233950,233984,34,67
233883,233949,233984,35,66
233883,233954,233985,31,71
233883,233955,233985,30,72
233883,233953,233985,32,70
233883,233948,233986,38,65
233883,233948,233986,38,65
233883,233953,233986,33,70
233883,233956,233986,30,73
233883,233955,233987,32,72
233883,233955,233987,32,72
233883,233956,233987,31,73
233883,233957,233987,30,74
233883,233953,233987,34,70
233883,233955,233989,34,72
233883,233959,233989,30,76
233883,233958,233988,30,75
233883,233953,233989,36,70
233883,233958,233990,32,75
233883,233956,233989,33,73
233883,233957,233989,32,74
233883,233952,233990,38,69
233883,233960,233991,31,77
233883,233958,233991,33,75
233883,233955,233992,37,72
233883,233960,233991,31,77
233883,233953,233991,38,70
233883,233954,233991,37,71
233883,233959,233992,33,76
233883,233959,233992,33,76
233883,233959,233993,34,76
233883,233957,233993,36,74
233883,233955,233993,38,72
233883,233954,233992,38,71
233883,233962,233993,31,79
233883,233957,233993,36,74
233883,233956,233995,39,73
233883,233958,233995,37,75
233883,233958,233995,37,75
233883,233959,233994,35,76
233883,233962,233994,32,79
233883,233957,233994,37,74
233883,233955,233994,39,72
233883,233960,233995,35,77
233883,233962,233994,32,79
233883,233959,233996,37,76
233883,233958,233996,38,75
233883,233960,233996,36,77
233883,233960,233996,36,77
233883,233961,233996,35,78
233883,233961,233999,38,78
233883,233961,233999,38,78
234004,234004,234035,31,0
234004,234004,234035,31,0
234004,234004,234036,32,0
234004,234004,234036,32,0
234004,234004,234036,32,0
234004,234004,234037,33,0
234004,234004,234037,33,0
234004,234004,234037,33,0
234004,234004,234038,34,0
234004,234004,234038,34,0
234004,234004,234038,34,0
234004,234004,234039,35,0
234004,234004,234039,35,0
234004,234004,234039,35,0
234004,234004,234040,36,0
234004,234004,234039,35,0
234004,234004,234040,36,0
234004,234004,234040,36,0
234004,234004,234040,36,0
234004,234004,234040,36,0
234004,234004,234040,36,0
234004,234004,234041,37,0
234004,234004,234041,37,0
234004,234004,234041,37,0
234004,234004,234041,37,0
234004,234004,234041,37,0
234004,234004,234042,38,0
234004,234004,234042,38,0
234004,234004,234042,38,0
234004,234004,234042,38,0
234004,234004,234042,38,0
234004,234004,234042,38,0
234004,234004,234042,38,0
234004,234004,234042,38,0
234004,234004,234043,39,0
234004,234004,234043,39,0
234004,234004,234043,39,0
234004,234004,234043,39,0
234004,234004,234043,39,0
234004,234004,234044,40,0
234004,234004,234043,39,0
234004,234004,234043,39,0
234004,234004,234044,40,0
234004,234004,234044,40,0
234004,234004,234044,40,0
234004,234004,234044,40,0
234004,234004,234044,40,0
234004,234004,234044,40,0
234004,234004,234044,40,0
234004,234004,234044,40,0
234004,234004,234044,40,0
234004,234004,234044,40,0
234004,234004,234045,41,0
234004,234004,234045,41,0
234004,234004,234046,42,0
234004,234004,234046,42,0
234004,234004,234046,42,0
234004,234004,234045,41,0
234004,234004,234045,41,0
234004,234004,234045,41,0
234004,234004,234046,42,0
234004,234004,234046,42,0
234004,234004,234046,42,0
234004,234004,234046,42,0
234004,234004,234047,43,0
234004,234004,234047,43,0
234004,234004,234047,43,0
234004,234004,234047,43,0
234004,234004,234047,43,0
234004,234004,234047,43,0
234004,234004,234047,43,0
234004,234004,234048,44,0
234004,234038,234067,29,34
234004,234037,234068,31,33
234004,234037,234069,32,33
234004,234041,234071,30,37
234004,234040,234070,30,36
234004,234040,234071,31,36
234004,234039,234072,33,35
234004,234037,234072,35,33
234004,234036,234071,35,32
234004,234041,234072,31,37
234004,234043,234072,29,39
234004,234043,234073,30,39
234004,234039,234073,34,35
234004,234039,234073,34,35
234004,234041,234074,33,37
234004,234036,234074,38,32
234004,234044,234074,30,40
234004,234042,234075,33,38
234004,234042,234075,33,38
234004,234038,234076,38,34
234004,234043,234076,33,39
234004,234045,234075,30,41
234004,234041,234076,35,37
234004,234040,234076,36,36
234004,234044,234077,33,40
234004,234045,234077,32,41
234004,234045,234077,32,41
234004,234040,234078,38,36
234004,234043,234078,35,39
234004,234042,234078,36,38
234004,234044,234078,34,40
234004,234043,234078,35,39
234004,234046,234077,31,42
234004,234042,234078,36,38
234004,234040,234079,39,36
234004,234046,234078,32,42
234004,234038,234078,40,34
234004,234046,234079,33,42
234004,234047,234080,33,43
234004,234044,234079,35,40
234004,234045,234079,34,41
234004,234044,234080,36,40
234004,234046,234079,33,42
234004,234048,234080,32,44
234004,234041,234080,39,37
234004,234047,234081,34,43
234004,234043,234080,37,39
234004,234043,234081,38,39
234004,234042,234081,39,38
234004,234046,234081,35,42
234004,234048,234081,33,44
234004,234045,234081,36,41
234004,234045,234081,36,41
234004,234046,234081,35,42
234004,234044,234082,38,40
234004,234045,234082,37,41
234004,234048,234083,35,44
234004,234045,234083,38,41
234004,234045,234082,37,41
234004,234045,234083,38,41
234004,234046,234083,37,42
234004,234043,234083,40,39
234004,234048,234082,34,44
234004,234044,234083,39,40
234004,234048,234083,35,44
234004,234049,234084,35,45
234004,234046,234085,39,42
234004,234048,234084,36,44
234004,234047,234085,38,43
234004,234044,234085,41,40
234004,234047,234086,39,43
234004,234048,234087,39,44
234004,234068,234100,32,64
234004,234070,234102,32,66
234004,234069,234103,34,65
234004,234071,234102,31,67
234004,234072,234104,32,68
234004,234073,234103,30,69
234004,234075,234104,29,71
234004,234073,234105,32,69
234004,234075,234107,32,71
234004,234072,234108,36,68
234004,234077,234108,31,73
234004,234071,234108,37,67
234004,234075,234108,33,71
234004,234072,234108,36,68
234004,234072,234108,36,68
234004,234077,234109,32,73
234004,234074,234109,35,70
234004,234078,234109,31,74
234004,234076,234110,34,72
234004,234080,234110,30,76
234004,234075,234111,36,71
234004,234080,234110,30,76
234004,234078,234111,33,74
234004,234076,234111,35,72
234004,234077,234112,35,73
234004,234082,234112,30,78
234004,234078,234112,34,74
234004,234079,234112,33,75
234004,234080,234112,32,76
234004,234080,234112,32,76
234004,234076,234113,37,72
234004,234080,234113,33,76
234004,234078,234114,36,74
234004,234081,234114,33,77
234004,234076,234113,37,72
234004,234078,234113,35,74
234004,234079,234113,34,75
234004,234081,234114,33,77
234004,234081,234114,33,77
234004,234074,234114,40,70
234004,234079,234114,35,75
234004,234080,234115,35,76
234004,234081,234115,34,77
234004,234081,234115,34,77
234004,234083,234116,33,79
234004,234078,234116,38,74
234004,234077,234116,39,73
234004,234079,234116,37,75
234004,234080,234117,37,76
234004,234080,234117,37,76
234004,234074,234117,43,70
234004,234082,234117,35,78
234004,234081,234118,37,77
234004,234081,234118,37,77
234004,234077,234118,41,73
234004,234082,234120,38,78
234125,234125,234155,30,0
234125,234125,234155,30,0
234125,234125,234155,30,0
234125,234125,234155,30,0
234125,234125,234156,31,0
234125,234125,234157,32,0
234125,234125,234157,32,0
234125,234125,234157,32,0
234125,234125,234158,33,0
234125,234125,234159,34,0
234125,234125,234159,34,0
234125,234125,234158,33,0
234125,234125,234159,34,0
234125,234125,234159,34,0
234125,234125,234159,34,0
234125,234125,234158,33,0
234125,234125,234159,34,0
234125,234125,234160,35,0
234125,234125,234159,34,0
234125,234125,234160,35,0
234125,234125,234161,36,0
234125,234125,234160,35,0
234125,234125,234161,36,0
234125,234125,234161,36,0
234125,234125,234161,36,0
234125,234125,234161,36,0
234125,234125,234162,37,0
234125,234125,234162,37,0
234125,234125,234162,37,0
234125,234125,234163,38,0
234125,234125,234162,37,0
234125,234125,234163,38,0
234125,234125,234163,38,0
234125,234125,234163,38,0
234125,234125,234162,37,0
234125,234125,234163,38,0
234125,234125,234163,38,0
234125,234125,234163,38,0
234125,234125,234163,38,0
234125,234125,234164,39,0
234125,234125,234164,39,0
234125,234125,234163,38,0
234125,234125,234164,39,0
234125,234125,234164,39,0
234125,234125,234164,39,0
234125,234125,234164,39,0
234125,234125,234164,39,0
234125,234125,234164,39,0
234125,234125,234165,40,0
234125,234125,234165,40,0
234125,234125,234165,40,0
234125,234125,234165,40,0
234125,234125,234165,40,0
234125,234125,234165,40,0
234125,234125,234165,40,0
234125,234125,234166,41,0
234125,234125,234166,41,0
234125,234125,234166,41,0
234125,234125,234166,41,0
234125,234125,234166,41,0
234125,234125,234166,41,0
234125,234125,234166,41,0
234125,234125,234166,41,0
234125,234125,234167,42,0
234125,234125,234166,41,0
234125,234125,234166,41,0
234125,234125,234167,42,0
234125,234125,234167,42,0
234125,234125,234168,43,0
234125,234125,234168,43,0
234125,234125,234168,43,0
234125,234125,234169,44,0
234125,234155,234185,30,30
234125,234155,234187,32,30
234125,234157,234188,31,32
234125,234158,234189,31,33
234125,234158,234189,31,33
234125,234159,234190,31,34
234125,234159,234191,32,34
234125,234157,234192,35,32
234125,234159,234192,33,34
234125,234161,234192,31,36
234125,234163,234193,30,38
234125,234156,234193,37,31
234125,234163,234194,31,38
234125,234163,234193,30,38
234125,234156,234194,38,31
234125,234164,234195,31,39
234125,234156,234194,38,31
234125,234161,234194,33,36
234125,234161,234195,34,36
234125,234159,234195,36,34
234125,234160,234194,34,35
234125,234162,234194,32,37
234125,234164,234196,32,39
234125,234159,234196,37,34
234125,234159,234196,37,34
234125,234162,234196,34,37
234125,234166,234196,30,41
234125,234162,234196,34,37
234125,234161,234197,36,36
234125,234167,234197,30,42
234125,234166,234198,32,41
234125,234167,234198,31,42
234125,234166,234197,31,41
234125,234164,234199,35,39
234125,234159,234198,39,34
234125,234160,234198,38,35
234125,234163,234198,35,38
234125,234167,234198,31,42
234125,234163,234198,35,38
234125,234164,234198,34,39
234125,234164,234199,35,39
234125,234166,234200,34,41
234125,234165,234199,34,40
234125,234167,234199,32,42
234125,234159,234200,41,34
234125,234163,234199,36,38
234125,234169,234200,31,44
234125,234161,234200,39,36
234125,234165,234199,34,40
234125,234170,234200,30,45
234125,234167,234201,34,42
234125,234167,234201,34,42
234125,234160,234202,42,35
234125,234165,234201,36,40
234125,234167,234202,35,42
234125,234163,234201,38,38
234125,234165,234202,37,40
234125,234165,234201,36,40
234125,234163,234203,40,38
234125,234169,234203,34,44
234125,234163,234202,39,38
234125,234166,234203,37,41
234125,234168,234202,34,43
234125,234169,234204,35,44
234125,234161,234203,42,36
234125,234167,234204,37,42
234125,234166,234203,37,41
234125,234163,234203,40,38
234125,234167,234204,37,42
234125,234167,234203,36,42
234125,234166,234207,41,41
234125,234168,234207,39,43
234125,234192,234220,28,67
234125,234190,234222,32,65
234125,234191,234222,31,66
234125,234188,234222,34,63
234125,234190,234222,32,65
234125,234186,234223,37,61
234125,234195,234224,29,70
234125,234194,234224,30,69
234125,234194,234224,30,69
234125,234188,234224,36,63
234125,234195,234225,30,70
234125,234194,234226,32,69
234125,234194,234227,33,69
234125,234195,234226,31,70
234125,234197,234227,30,72
234125,234193,234227,34,68
234125,234195,234227,32,70
234125,234200,234228,28,75
234125,234197,234229,32,72
234125,234197,234228,31,72
234125,234199,234229,30,74
234125,234193,234229,36,68
234125,234196,234230,34,71
234125,234193,234230,37,68
234125,234200,234229,29,75
234125,234198,234230,32,73
234125,234199,234231,32,74
234125,234199,234231,32,74
234125,234197,234232,35,72
234125,234200,234232,32,75
234125,234197,234232,35,72
234125,234198,234232,34,73
234125,234196,234232,36,71
234125,234195,234233,38,70
234125,234198,234233,35,73
234125,234200,234233,33,75
234125,234197,234233,36,72
234125,234199,234234,35,74
234125,234201,234234,33,76
234125,234200,234233,33,75
234125,234202,234234,32,77
234125,234202,234234,32,77
234125,234200,234235,35,75
234125,234199,234235,36,74
234125,234202,234234,32,77
234125,234195,234234,39,70
234125,234200,234234,34,75
234125,234195,234234,39,70
234125,234195,234234,39,70
234125,234200,234234,34,75
234125,234200,234236,36,75
234125,234199,234236,37,74
234125,234201,234236,35,76
234125,234202,234236,34,77
234125,234201,234236,35,76
234125,234199,234238,39,74
234244,234244,234273,29,0
234244,234244,234275,31,0
234244,234244,234275,31,0
234244,234244,234275,31,0
234244,234244,234276,32,0
234244,234244,234276,32,0
234244,234244,234276,32,0
234244,234244,234276,32,0
234244,234244,234277,33,0
234244,234244,234277,33,0
234244,234244,234277,33,0
234244,234244,234277,33,0
234244,234244,234277,33,0
234244,234244,234278,34,0
234244,234244,234278,34,0
234244,234244,234279,35,0
234244,234244,234278,34,0
234244,234244,234278,34,0
234244,234244,234279,35,0
234244,234244,234278,34,0
234244,234244,234278,34,0
234244,234244,234279,35,0
234244,234244,234279,35,0
234244,234244,234280,36,0
234244,234244,234280,36,0
234244,234244,234279,35,0
234244,234244,234280,36,0
234244,234244,234279,35,0
234244,234244,234280,36,0
234244,234244,234281,37,0
234244,234244,234281,37,0
234244,234244,234280,36,0
234244,234244,234280,36,0
234244,234244,234280,36,0
234244,234244,234281,37,0
234244,234244,234282,38,0
234244,234244,234281,37,0
234244,234244,234282,38,0
234244,234244,234282,38,0
234244,234244,234282,38,0
234244,234244,234281,37,0
234244,234244,234282,38,0
234244,234244,234283,39,0
234244,234244,234282,38,0
234244,234244,234282,38,0
234244,234244,234282,38,0
234244,234244,234283,39,0
234244,234244,234282,38,0
234244,234244,234283,39,0
234244,234244,234283,39,0
234244,234244,234282,38,0
234244,234244,234284,40,0
234244,234244,234283,39,0
234244,234244,234284,40,0
234244,234244,234283,39,0
234244,234244,234284,40,0
234244,234244,234284,40,0
234244,234244,234283,39,0
234244,234244,234283,39,0
234244,234244,234284,40,0
234244,234244,234284,40,0
234244,234244,234284,40,0
234244,234244,234285,41,0
234244,234244,234285,41,0
234244,234244,234285,41,0
234244,234244,234285,41,0
234244,234244,234285,41,0
234244,234244,234285,41,0
234244,234244,234287,43,0
234244,234244,234286,42,0
234244,234244,234287,43,0
234244,234244,234287,43,0
234244,234277,234307,30,33
234244,234276,234308,32,32
234244,234277,234308,31,33
234244,234279,234309,30,35
234244,234276,234309,33,32
234244,234278,234309,31,34
234244,234274,234309,35,30
234244,234278,234310,32,34
234244,234280,234311,31,36
234244,234277,234311,34,33
234244,234279,234311,32,35
234244,234281,234311,30,37
234244,234277,234311,34,33
234244,234276,234310,34,32
234244,234279,234313,34,35
234244,234279,234313,34,35
234244,234280,234312,32,36
234244,234282,234313,31,38
234244,234277,234313,36,33
234244,234281,234314,33,37
234244,234279,234314,35,35
234244,234281,234314,33,37
234244,234281,234314,33,37
234244,234283,234314,31,39
234244,234277,234315,38,33
234244,234280,234314,34,36
234244,234280,234315,35,36
234244,234285,234315,30,41
234244,234282,234314,32,38
234244,234283,234314,31,39
234244,234279,234316,37,35
234244,234284,234316,32,40
234244,234282,234316,34,38
234244,234284,234316,32,40
234244,234279,234316,37,35
234244,234285,234317,32,41
234244,234282,234316,34,38
234244,234280,234317,37,36
234244,234278,234317,39,34
234244,234283,234317,34,39
234244,234284,234317,33,40
234244,234279,234316,37,35
234244,234283,234318,35,39
234244,234286,234318,32,42
234244,234282,234318,36,38
234244,234285,234318,33,41
234244,234284,234318,34,40
234244,234286,234319,33,42
234244,234280,234319,39,36
234244,234284,234319,35,40
234244,234281,234319,38,37
234244,234286,234319,33,42
234244,234280,234319,39,36
234244,234284,234320,36,40
234244,234281,234320,39,37
234244,234283,234319,36,39
234244,234284,234320,36,40
234244,234283,234320,37,39
234244,234287,234320,33,43
234244,234282,234320,38,38
234244,234282,234321,39,38
234244,234283,234321,38,39
234244,234283,234321,38,39
234244,234284,234321,37,40
234244,234287,234321,34,43
234244,234285,234321,36,41
234244,234285,234322,37,41
234244,234283,234322,39,39
234244,234283,234323,40,39
234244,234285,234323,38,41
234244,234287,234324,37,43
234244,234287,234324,37,43
234244,234308,234337,29,64
234244,234308,234339,31,64
234244,234311,234340,29,67
234244,234309,234340,31,65
234244,234307,234342,35,63
234244,234311,234342,31,67
234244,234313,234342,29,69
234244,234310,234343,33,66
234244,234313,234344,31,69
234244,234314,234344,30,70
234244,234313,234345,32,69
234244,234311,234346,35,67
234244,234309,234345,36,65
234244,234311,234345,34,67
234244,234316,234346,30,72
234244,234314,234346,32,70
234244,234314,234348,34,70
234244,234314,234347,33,70
234244,234315,234347,32,71
234244,234309,234347,38,65
234244,234309,234347,38,65
234244,234317,234347,30,73
234244,234315,234347,32,71
234244,234318,234348,30,74
234244,234311,234348,37,67
234244,234318,234348,30,74
234244,234315,234348,33,71
234244,234317,234349,32,73
234244,234317,234349,32,73
234244,234320,234349,29,76
234244,234314,234349,35,70
234244,234311,234349,38,67
234244,234318,234349,31,74
234244,234314,234350,36,70
234244,234318,234350,32,74
234244,234320,234350,30,76
234244,234315,234351,36,71
234244,234316,234352,36,72
234244,234320,234352,32,76
234244,234313,234352,39,69
234244,234316,234352,36,72
234244,234318,234352,34,74
234244,234315,234353,38,71
234244,234319,234353,34,75
234244,234315,234354,39,71
234244,234316,234354,38,72
234244,234318,234354,36,74
234244,234318,234354,36,74
234244,234321,234354,33,77
234244,234320,234354,34,76
234244,234316,234355,39,72
234244,234321,234355,34,77
234244,234321,234355,34,77
234244,234318,234355,37,74
234244,234319,234357,38,75
234244,234321,234357,36,77
234362,234362,234392,30,0
234362,234362,234391,29,0
234362,234362,234392,30,0
234362,234362,234393,31,0
234362,234362,234394,32,0
234362,234362,234393,31,0
234362,234362,234394,32,0
234362,234362,234394,32,0
234362,234362,234395,33,0
234362,234362,234395,33,0
234362,234362,234395,33,0
234362,234362,234396,34,0
234362,234362,234396,34,0
234362,234362,234396,34,0
234362,234362,234396,34,0
234362,234362,234396,34,0
234362,234362,234397,35,0
234362,234362,234397,35,0
234362,234362,234397,35,0
234362,234362,234397,35,0
234362,234362,234396,34,0
234362,234362,234397,35,0
234362,234362,234397,35,0
234362,234362,234398,36,0
234362,234362,234398,36,0
234362,234362,234399,37,0
234362,234362,234399,37,0
234362,234362,234399,37,0
234362,234362,234399,37,0
234362,234362,234399,37,0
234362,234362,234399,37,0
234362,234362,234399,37,0
234362,234362,234399,37,0
234362,234362,234399,37,0
234362,234362,234399,37,0
234362,234362,234399,37,0
234362,234362,234400,38,0
234362,234362,234400,38,0
234362,234362,234400,38,0
234362,234362,234400,38,0
234362,234362,234400,38,0
234362,234362,234400,38,0
234362,234362,234400,38,0
234362,234362,234400,38,0
234362,234362,234400,38,0
234362,234362,234400,38,0
234362,234362,234401,39,0
234362,234362,234401,39,0
234362,234362,234400,38,0
234362,234362,234401,39,0
234362,234362,234401,39,0
234362,234362,234401,39,0
234362,234362,234401,39,0
234362,234362,234402,40,0
234362,234362,234402,40,0
234362,234362,234402,40,0
234362,234362,234402,40,0
234362,234362,234402,40,0
234362,234362,234403,41,0
234362,234362,234403,41,0
234362,234362,234403,41,0
234362,234362,234403,41,0
234362,234362,234403,41,0
234362,234362,234403,41,0
234362,234362,234403,41,0
234362,234362,234404,42,0
234362,234362,234404,42,0
234362,234362,234404,42,0
234362,234362,234404,42,0
234362,234362,234404,42,0
234362,234362,234404,42,0
234362,234362,234404,42,0
234362,234392,234421,29,30
234362,234394,234424,30,32
234362,234394,234427,33,32
234362,234394,234427,33,32
234362,234393,234428,35,31
234362,234394,234428,34,32
234362,234395,234428,33,33
234362,234396,234428,32,34
234362,234398,234428,30,36
234362,234397,234428,31,35
234362,234392,234429,37,30
234362,234392,234429,37,30
234362,234398,234430,32,36
234362,234396,234430,34,34
234362,234397,234431,34,35
234362,234396,234432,36,34
234362,234399,234431,32,37
234362,234401,234431,30,39
234362,234397,234431,34,35
234362,234402,234432,30,40
234362,234397,234431,34,35
234362,234400,234431,31,38
234362,234399,234432,33,37
234362,234401,234432,31,39
234362,234395,234432,37,33
234362,234403,234433,30,41
234362,234400,234432,32,38
234362,234399,234434,35,37
234362,234404,234434,30,42
234362,234399,234433,34,37
234362,234399,234434,35,37
234362,234397,234434,37,35
234362,234395,234434,39,33
234362,234401,234435,34,39
234362,234401,234435,34,39
234362,234399,234434,35,37
234362,234400,234434,34,38
234362,234400,234434,34,38
234362,234402,234435,33,40
234362,234401,234436,35,39
234362,234403,234435,32,41
234362,234402,234436,34,40
234362,234401,234435,34,39
234362,234401,234435,34,39
234362,234397,234437,40,35
234362,234398,234436,38,36
234362,234400,234436,36,38
234362,234404,234436,32,42
234362,234402,234437,35,40
234362,234405,234437,32,43
234362,234401,234437,36,39
234362,234401,234438,37,39
234362,234401,234438,37,39
234362,234405,234437,32,43
234362,234402,234438,36,40
234362,234404,234437,33,42
234362,234404,234437,33,42
234362,234401,234439,38,39
234362,234403,234438,35,41
234362,234405,234438,33,43
234362,234401,234438,37,39
234362,234404,234438,34,42
234362,234402,234439,37,40
234362,234400,234438,38,38
234362,234405,234439,34,43
234362,234405,234440,35,43
234362,234403,234439,36,41
234362,234403,234439,36,41
234362,234404,234441,37,42
234362,234404,234440,36,42
234362,234405,234441,36,43
234362,234405,234442,37,43
234362,234425,234456,31,63
234362,234422,234457,35,60
234362,234429,234458,29,67
234362,234430,234459,29,68
234362,234429,234461,32,67
234362,234428,234460,32,66
234362,234430,234462,32,68
234362,234427,234461,34,65
234362,234430,234462,32,68
234362,234432,234461,29,70
234362,234429,234462,33,67
234362,234433,234463,30,71
234362,234432,234463,31,70
234362,234429,234464,35,67
234362,234429,234464,35,67
234362,234433,234465,32,71
234362,234429,234464,35,67
234362,234432,234465,33,70
234362,234436,234465,29,74
234362,234435,234466,31,73
234362,234433,234466,33,71
234362,234433,234466,33,71
234362,234437,234467,30,75
234362,234434,234467,33,72
234362,234435,234466,31,73
234362,234432,234467,35,70
234362,234432,234468,36,70
234362,234432,234468,36,70
234362,234435,234468,33,73
234362,234436,234468,32,74
234362,234438,234469,31,76
234362,234435,234469,34,73
234362,234433,234469,36,71
234362,234432,234469,37,70
234362,234435,234469,34,73
234362,234434,234469,35,72
234362,234437,234469,32,75
234362,234434,234470,36,72
234362,234437,234469,32,75
234362,234437,234470,33,75
234362,234431,234470,39,69
234362,234434,234470,36,72
234362,234435,234469,34,73
234362,234432,234470,38,70
234362,234434,234469,35,72
234362,234438,234470,32,76
234362,234436,234471,35,74
234362,234436,234472,36,74
234362,234438,234472,34,76
234362,234436,234471,35,74
234362,234437,234472,35,75
234362,234437,234472,35,75
234362,234438,234472,34,76
234362,234435,234474,39,73
233866,233866,234485,619,0
237034,237036,237126,90,2
237125,237127,237138,11,2
237207,237209,237553,344,2
237552,237555,237576,21,3
239731,239734,240360,626,3
240359,240362,240389,27,3
240621,240624,243041,2417,3
243040,243042,243075,33,2
243621,243624,243745,121,3
243716,243718,243750,32,2
244245,244245,244340,95,0
243760,243761,244614,853,1
244494,244616,244618,2,122
245029,245030,245164,134,1
244834,244836,245566,730,2
245564,245567,245574,7,3
245569,245576,245726,150,7
245874,245876,246126,250,2
246175,246178,246803,625,3
246801,246804,246808,4,3
246806,246811,246843,32,5
246999,247002,248640,1638,3
248639,248641,248682,41,2
248764,248767,249383,616,3
249382,249385,249388,3,3
249386,249391,249424,33,5
249577,249580,250030,450,3
250029,250032,250071,39,3
250982,250985,251742,757,3
251740,251743,251747,4,3
251745,251750,251758,8,5
251795,251798,252200,402,3
252198,252201,252224,23,3
253314,253316,253797,481,2
253796,253798,253803,5,2
253806,253808,253814,6,2
253849,253852,253891,39,3
253889,253892,253914,22,3
253896,253917,254470,553,21
254468,254471,254475,4,3
254473,254478,254483,5,5
254518,254521,254663,142,3
254662,254664,254686,22,2
254668,254689,255123,434,21
255121,255124,255128,4,3
255126,255131,255136,5,5
255170,255173,255344,171,3
255343,255346,255367,21,3
255349,255371,255788,417,22
255786,255790,255799,9,4
255791,255802,255809,7,11
255842,255845,256024,179,3
256022,256025,256046,21,3
256029,256049,256533,484,20
256532,256535,256539,4,3
256536,256542,256548,6,6
256582,256585,256721,136,3
256720,256722,256744,22,2
259135,259138,259159,21,3
259182,259184,259197,13,2
259304,259307,259861,554,3
259860,259862,259866,4,2
259865,259870,259875,5,5
259875,259876,259877,1,1
259910,259912,259954,42,2
259953,259956,259977,21,3
260414,260414,260725,311,0
289534,289536,290828,1292,2
290827,290829,290831,2,2
290831,290834,290847,13,3
297554,297555,297887,332,1
298149,298149,298351,202,0
301940,301940,301943,3,0
301940,301940,301943,3,0
301940,301940,301943,3,0
301940,301940,301944,4,0
301940,301940,301944,4,0
301940,301940,301943,3,0
301940,301940,301943,3,0
301940,301940,301943,3,0
301940,301940,301943,3,0
301940,301940,301944,4,0
301940,301940,301944,4,0
301940,301940,301944,4,0
301940,301940,301944,4,0
301940,301940,301943,3,0
301940,301940,301943,3,0
301940,301940,301943,3,0
301940,301940,301943,3,0
301940,301940,301944,4,0
301940,301940,301944,4,0
301940,301940,301944,4,0
301940,301940,301943,3,0
301940,301940,301943,3,0
301940,301940,301943,3,0
301940,301940,301944,4,0
301940,301940,301944,4,0
301940,301940,301943,3,0
301940,301940,301944,4,0
301940,301940,301944,4,0
301940,301940,301944,4,0
301940,301940,301944,4,0
301940,301940,301944,4,0
301940,301940,301943,3,0
301940,301940,301943,3,0
301940,301940,301944,4,0
301940,301940,301944,4,0
301940,301940,301944,4,0
301940,301940,301944,4,0
301940,301940,301944,4,0
301940,301940,301944,4,0
301940,301940,301944,4,0
301940,301940,301944,4,0
301940,301940,301944,4,0
301940,301940,301944,4,0
301940,301940,301944,4,0
301940,301940,301944,4,0
301940,301940,301944,4,0
301940,301940,301944,4,0
301940,301940,301944,4,0
301940,301940,301944,4,0
301940,301940,301944,4,0
301940,301940,301944,4,0
301940,301940,301944,4,0
301940,301940,301944,4,0
301940,301940,301944,4,0
301940,301940,301944,4,0
301940,301940,301946,6,0
301940,301940,301945,5,0
301940,301940,301946,6,0
301940,301940,301945,5,0
301940,301940,301946,6,0
301940,301940,301945,5,0
301940,301940,301946,6,0
301940,301940,301946,6,0
301940,301940,301947,7,0
301940,301940,301947,7,0
301940,301940,301947,7,0
301940,301940,301947,7,0
301940,301940,301947,7,0
301940,301940,301946,6,0
301940,301940,301946,6,0
301940,301940,301946,6,0
301940,301945,301947,2,5
301940,301944,301947,3,4
301940,301944,301947,3,4
301940,301944,301947,3,4
301940,301944,301947,3,4
301940,301944,301947,3,4
301940,301940,301947,7,0
301940,301944,301947,3,4
301940,301944,301947,3,4
301940,301944,301947,3,4
301940,301944,301947,3,4
301940,301944,301947,3,4
301940,301944,301947,3,4
301940,301944,301947,3,4
301940,301944,301947,3,4
301940,301944,301947,3,4
301940,301944,301947,3,4
301940,301944,301947,3,4
301940,301944,301947,3,4
301940,301944,301947,3,4
301940,301944,301947,3,4
301940,301944,301947,3,4
301940,301944,301947,3,4
301940,301944,301947,3,4
301940,301944,301947,3,4
301940,301944,301947,3,4
301940,301944,301947,3,4
301940,301944,301947,3,4
301940,301945,301947,2,5
301940,301944,301947,3,4
301940,301944,301947,3,4
301940,301944,301947,3,4
301940,301944,301948,4,4
301940,301944,301947,3,4
301940,301945,301948,3,5
301940,301944,301947,3,4
301940,301944,301947,3,4
301940,301945,301949,4,5
301940,301945,301949,4,5
301940,301945,301949,4,5
301940,301945,301949,4,5
301940,301945,301949,4,5
301940,301945,301949,4,5
301940,301944,301949,5,4
301940,301944,301948,4,4
301940,301944,301949,5,4
301940,301945,301950,5,5
301940,301945,301949,4,5
301940,301945,301949,4,5
301940,301945,301949,4,5
301940,301947,301949,2,7
301940,301946,301949,3,6
301940,301946,301949,3,6
301940,301946,301950,4,6
301940,301946,301950,4,6
301940,301946,301950,4,6
301940,301946,301949,3,6
301940,301945,301950,5,5
301940,301945,301950,5,5
301940,301945,301950,5,5
301940,301947,301950,3,7
301940,301947,301950,3,7
301940,301947,301950,3,7
301940,301947,301950,3,7
301940,301947,301950,3,7
301940,301947,301950,3,7
301940,301947,301950,3,7
301940,301947,301950,3,7
301940,301947,301950,3,7
301940,301947,301950,3,7
301940,301945,301949,4,5
301940,301947,301950,3,7
301940,301947,301950,3,7
301940,301947,301950,3,7
301940,301947,301950,3,7
301940,301947,301950,3,7
301940,301947,301950,3,7
301940,301947,301950,3,7
301940,301945,301949,4,5
301940,301947,301950,3,7
301940,301947,301950,3,7
301940,301947,301950,3,7
301940,301947,301950,3,7
301940,301947,301950,3,7
301940,301947,301950,3,7
301940,301947,301950,3,7
301940,301947,301950,3,7
301940,301945,301950,5,5
301940,301947,301950,3,7
301940,301947,301950,3,7
301940,301948,301950,2,8
301940,301948,301951,3,8
301940,301947,301951,4,7
301940,301947,301951,4,7
301940,301947,301950,3,7
301940,301947,301950,3,7
301940,301947,301951,4,7
301940,301947,301951,4,7
301940,301948,301951,3,8
301940,301948,301951,3,8
301940,301949,301951,2,9
301940,301949,301951,2,9
301940,301948,301951,3,8
301940,301948,301951,3,8
301940,301949,301951,2,9
301940,301947,301951,4,7
301940,301948,301951,3,8
301940,301950,301951,1,10
301940,301950,301951,1,10
301940,301947,301951,4,7
301940,301948,301951,3,8
301940,301950,301951,1,10
301940,301949,301951,2,9
301940,301949,301952,3,9
301940,301950,301952,2,10
301940,301950,301952,2,10
301940,301950,301951,1,10
301940,301950,301952,2,10
301940,301950,301952,2,10
301940,301947,301952,5,7
301940,301948,301952,4,8
301940,301950,301952,2,10
301940,301950,301952,2,10
301940,301950,301952,2,10
301940,301950,301952,2,10
301940,301950,301952,2,10
301940,301950,301952,2,10
301940,301949,301952,3,9
301940,301947,301952,5,7
301957,301957,301961,4,0
301957,301957,301961,4,0
301957,301957,301961,4,0
301957,301957,301961,4,0
301957,301957,301961,4,0
301957,301957,301961,4,0
301957,301957,301961,4,0
301957,301957,301961,4,0
301957,301957,301961,4,0
301957,301957,301961,4,0
301957,301957,301961,4,0
301957,301957,301961,4,0
301957,301957,301961,4,0
301957,301957,301961,4,0
301957,301957,301961,4,0
301957,301957,301961,4,0
301957,301957,301961,4,0
301957,301957,301961,4,0
301957,301957,301961,4,0
301957,301957,301961,4,0
301957,301957,301961,4,0
301957,301957,301961,4,0
301957,301957,301961,4,0
301957,301957,301961,4,0
301957,301957,301961,4,0
301957,301957,301961,4,0
301957,301957,301961,4,0
301957,301957,301961,4,0
301957,301957,301961,4,0
301957,301957,301961,4,0
301957,301957,301961,4,0
301957,301957,301961,4,0
301957,301957,301961,4,0
301957,301957,301961,4,0
301957,301957,301961,4,0
301957,301957,301961,4,0
301957,301957,301961,4,0
301957,301957,301961,4,0
301957,301957,301962,5,0
301957,301957,301962,5,0
301957,301957,301961,4,0
301957,301957,301962,5,0
301957,301957,301961,4,0
301957,301957,301961,4,0
301957,301957,301961,4,0
301957,301957,301961,4,0
301957,301957,301961,4,0
301957,301957,301961,4,0
301957,301957,301961,4,0
301957,301957,301961,4,0
301957,301957,301961,4,0
301957,301957,301961,4,0
301957,301957,301961,4,0
301957,301957,301961,4,0
301957,301957,301961,4,0
301957,301957,301962,5,0
301957,301957,301963,6,0
301957,301957,301962,5,0
301957,301957,301963,6,0
301957,301957,301963,6,0
301957,301957,301963,6,0
301957,301957,301963,6,0
301957,301957,301962,5,0
301957,301957,301963,6,0
301957,301957,301962,5,0
301957,301957,301962,5,0
301957,301957,301962,5,0
301957,301957,301962,5,0
301957,301957,301963,6,0
301957,301957,301962,5,0
301957,301957,301963,6,0
301957,301961,301964,3,4
301957,301961,301963,2,4
301957,301961,301964,3,4
301957,301961,301963,2,4
301957,301961,301963,2,4
301957,301961,301963,2,4
301957,301962,301964,2,5
301957,301962,301964,2,5
301957,301962,301964,2,5
301957,301962,301964,2,5
301957,301961,301964,3,4
301957,301961,301964,3,4
301957,301961,301964,3,4
301957,301961,301964,3,4
301957,301962,301964,2,5
301957,301962,301964,2,5
301957,301961,301964,3,4
301957,301961,301964,3,4
301957,301962,301964,2,5
301957,301962,301964,2,5
301957,301962,301964,2,5
301957,301961,301964,3,4
301957,301961,301964,3,4
301957,301961,301964,3,4
301957,301962,301964,2,5
301957,301961,301964,3,4
301957,301961,301964,3,4
301957,301961,301964,3,4
301957,301962,301964,2,5
301957,301962,301964,2,5
301957,301962,301964,2,5
301957,301957,301964,7,0
301957,301961,301964,3,4
301957,301961,301964,3,4
301957,301961,301964,3,4
301957,301961,301964,3,4
301957,301962,301964,2,5
301957,301961,301964,3,4
301957,301961,301964,3,4
301957,301961,301964,3,4
301957,301961,301964,3,4
301957,301962,301964,2,5
301957,301961,301964,3,4
301957,301961,301964,3,4
301957,301961,301964,3,4
301957,301962,301964,2,5
301957,301962,301964,2,5
301957,301962,301964,2,5
301957,301962,301964,2,5
301957,301963,301965,2,6
301957,301963,301965,2,6
301957,301963,301965,2,6
301957,301961,301965,4,4
301957,301962,301964,2,5
301957,301962,301964,2,5
301957,301963,301965,2,6
301957,301963,301965,2,6
301957,301963,301965,2,6
301957,301962,301965,3,5
301957,301962,301965,3,5
301957,301962,301965,3,5
301957,301963,301965,2,6
301957,301963,301966,3,6
301957,301963,301966,3,6
301957,301963,301965,2,6
301957,301964,301966,2,7
301957,301964,301966,2,7
301957,301963,301966,3,6
301957,301964,301966,2,7
301957,301964,301966,2,7
301957,301964,301966,2,7
301957,301963,301966,3,6
301957,301963,301967,4,6
301957,301964,301966,2,7
301957,301964,301967,3,7
301957,301964,301967,3,7
301957,301964,301967,3,7
301957,301964,301967,3,7
301957,301962,301967,5,5
301957,301964,301967,3,7
301957,301964,301967,3,7
301957,301964,301967,3,7
301957,301964,301967,3,7
301957,301964,301967,3,7
301957,301964,301967,3,7
301957,301964,301967,3,7
301957,301964,301967,3,7
301957,301964,301967,3,7
301957,301964,301967,3,7
301957,301964,301967,3,7
301957,301964,301967,3,7
301957,301964,301967,3,7
301957,301965,301967,2,8
301957,301965,301967,2,8
301957,301965,301967,2,8
301957,301964,301967,3,7
301957,301964,301967,3,7
301957,301964,301967,3,7
301957,301965,301967,2,8
301957,301965,301967,2,8
301957,301964,301968,4,7
301957,301964,301969,5,7
301957,301964,301968,4,7
301957,301964,301968,4,7
301957,301966,301968,2,9
301957,301966,301968,2,9
301957,301964,301968,4,7
301957,301966,301968,2,9
301957,301965,301969,4,8
301957,301965,301968,3,8
301957,301964,301969,5,7
301957,301964,301969,5,7
301957,301966,301969,3,9
301957,301964,301969,5,7
301957,301965,301970,5,8
301957,301965,301969,4,8
301957,301965,301969,4,8
301957,301965,301969,4,8
301957,301965,301969,4,8
301957,301965,301970,5,8
301957,301966,301970,4,9
301957,301966,301970,4,9
301957,301966,301971,5,9
301957,301965,301970,5,8
301957,301965,301970,5,8
301957,301966,301971,5,9
301957,301966,301971,5,9
301957,301965,301971,6,8
301957,301965,301971,6,8
301976,301976,301980,4,0
301976,301976,301980,4,0
301976,301976,301980,4,0
301976,301976,301980,4,0
301976,301976,301980,4,0
301976,301976,301980,4,0
301976,301976,301980,4,0
301976,301976,301980,4,0
301976,301976,301980,4,0
301976,301976,301980,4,0
301976,301976,301980,4,0
301976,301976,301981,5,0
301976,301976,301980,4,0
301976,301976,301981,5,0
301976,301976,301980,4,0
301976,301976,301980,4,0
301976,301976,301981,5,0
301976,301976,301980,4,0
301976,301976,301981,5,0
301976,301976,301981,5,0
301976,301976,301980,4,0
301976,301976,301981,5,0
301976,301980,301981,1,4
301976,301976,301980,4,0
301976,301976,301980,4,0
301976,301976,301981,5,0
301976,301976,301980,4,0
301976,301976,301980,4,0
301976,301976,301981,5,0
301976,301976,301981,5,0
301976,301976,301980,4,0
301976,301976,301981,5,0
301976,301976,301981,5,0
301976,301976,301980,4,0
301976,301976,301981,5,0
301976,301976,301981,5,0
301976,301976,301981,5,0
301976,301976,301981,5,0
301976,301980,301981,1,4
301976,301976,301982,6,0
301976,301980,301981,1,4
301976,301976,301982,6,0
301976,301976,301982,6,0
301976,301976,301982,6,0
301976,301976,301982,6,0
301976,301976,301982,6,0
301976,301976,301982,6,0
301976,301981,301983,2,5
301976,301976,301983,7,0
301976,301976,301983,7,0
301976,301976,301983,7,0
301976,301980,301983,3,4
301976,301976,301982,6,0
301976,301976,301982,6,0
301976,301981,301983,2,5
301976,301976,301982,6,0
301976,301976,301983,7,0
301976,301976,301983,7,0
301976,301976,301982,6,0
301976,301976,301982,6,0
301976,301976,301983,7,0
301976,301976,301983,7,0
301976,301982,301983,1,6
301976,301983,301984,1,7
301976,301976,301983,7,0
301976,301976,301983,7,0
301976,301976,301984,8,0
301976,301976,301983,7,0
301976,301976,301984,8,0
301976,301981,301984,3,5
301976,301976,301984,8,0
301976,301980,301984,4,4
301976,301982,301983,1,6
301976,301976,301983,7,0
301976,301981,301983,2,5
301976,301981,301984,3,5
301976,301981,301983,2,5
301976,301981,301983,2,5
301976,301976,301983,7,0
301976,301976,301984,8,0
301976,301981,301983,2,5
301976,301976,301984,8,0
301976,301976,301984,8,0
301976,301981,301984,3,5
301976,301976,301984,8,0
301976,301980,301984,4,4
301976,301981,301984,3,5
301976,301982,301984,2,6
301976,301976,301984,8,0
301976,301976,301985,9,0
301976,301976,301985,9,0
301976,301981,301985,4,5
301976,301983,301985,2,7
301976,301980,301985,5,4
301976,301981,301985,4,5
301976,301983,301985,2,7
301976,301983,301985,2,7
301976,301976,301985,9,0
301976,301980,301985,5,4
301976,301981,301986,5,5
301976,301981,301986,5,5
301976,301983,301986,3,7
301976,301981,301986,5,5
301976,301984,301986,2,8
301976,301984,301986,2,8
301976,301980,301985,5,4
301976,301981,301985,4,5
301976,301981,301986,5,5
301976,301983,301985,2,7
301976,301984,301986,2,8
301976,301981,301986,5,5
301976,301981,301986,5,5
301976,301984,301986,2,8
301976,301984,301986,2,8
301976,301981,301986,5,5
301976,301982,301985,3,6
301976,301982,301986,4,6
301976,301983,301985,2,7
301976,301981,301986,5,5
301976,301985,301987,2,9
301976,301981,301986,5,5
301976,301983,301986,3,7
301976,301983,301987,4,7
301976,301985,301987,2,9
301976,301985,301987,2,9
301976,301981,301987,6,5
301976,301983,301987,4,7
301976,301984,301987,3,8
301976,301986,301987,1,10
301976,301981,301987,6,5
301976,301984,301987,3,8
301976,301984,301987,3,8
301976,301983,301987,4,7
301976,301984,301987,3,8
301976,301982,301987,5,6
301976,301983,301987,4,7
301976,301982,301987,5,6
301976,301986,301987,1,10
301976,301983,301988,5,7
301976,301985,301988,3,9
301976,301986,301988,2,10
301976,301983,301988,5,7
301976,301984,301988,4,8
301976,301987,301989,2,11
301976,301984,301988,4,8
301976,301984,301988,4,8
301976,301987,301988,1,11
301976,301984,301988,4,8
301976,301986,301988,2,10
301976,301984,301988,4,8
301976,301983,301988,5,7
301976,301983,301988,5,7
301976,301985,301988,3,9
301976,301985,301988,3,9
301976,301983,301988,5,7
301976,301984,301988,4,8
301976,301987,301988,1,11
301976,301983,301989,6,7
301976,301983,301989,6,7
301976,301984,301989,5,8
301976,301986,301989,3,10
301976,301984,301989,5,8
301976,301987,301989,2,11
301976,301987,301989,2,11
301976,301983,301989,6,7
301976,301985,301989,4,9
301976,301985,301989,4,9
301976,301984,301989,5,8
301976,301988,301989,1,12
301976,301984,301989,5,8
301976,301985,301989,4,9
301976,301988,301989,1,12
301976,301985,301989,4,9
301976,301987,301989,2,11
301976,301983,301989,6,7
301976,301986,301990,4,10
301976,301986,301990,4,10
301976,301987,301990,3,11
301976,301985,301990,5,9
301976,301985,301990,5,9
301976,301986,301990,4,10
301976,301987,301990,3,11
301976,301987,301991,4,11
301976,301987,301990,3,11
301976,301987,301990,3,11
301976,301987,301990,3,11
301976,301987,301990,3,11
301976,301984,301990,6,8
301976,301987,301990,3,11
301976,301984,301990,6,8
301976,301987,301991,4,11
301976,301986,301991,5,10
301976,301987,301991,4,11
301976,301987,301991,4,11
301976,301987,301992,5,11
301976,301987,301992,5,11
301976,301988,301992,4,12
301976,301987,301993,6,11
301976,301981,301986,5,5
301976,301984,301986,2,8
302031,302031,302034,3,0
302031,302031,302034,3,0
302031,302031,302035,4,0
302031,302031,302035,4,0
302031,302031,302034,3,0
302031,302031,302034,3,0
302031,302031,302034,3,0
302031,302031,302034,3,0
302031,302031,302034,3,0
302031,302031,302035,4,0
302031,302031,302034,3,0
302031,302031,302035,4,0
302031,302031,302035,4,0
302031,302031,302035,4,0
302031,302031,302035,4,0
302031,302031,302035,4,0
302031,302031,302035,4,0
302031,302031,302035,4,0
302031,302031,302035,4,0
302031,302031,302035,4,0
302031,302031,302035,4,0
302031,302031,302036,5,0
302031,302031,302035,4,0
302031,302031,302035,4,0
302031,302031,302035,4,0
302031,302031,302035,4,0
302031,302031,302035,4,0
302031,302031,302035,4,0
302031,302031,302036,5,0
302031,302031,302036,5,0
302031,302031,302036,5,0
302031,302031,302037,6,0
302031,302031,302037,6,0
302031,302031,302036,5,0
302031,302031,302036,5,0
302031,302031,302036,5,0
302031,302031,302036,5,0
302031,302031,302037,6,0
302031,302031,302037,6,0
302031,302035,302037,2,4
302031,302031,302037,6,0
302031,302031,302037,6,0
302031,302031,302037,6,0
302031,302031,302036,5,0
302031,302031,302037,6,0
302031,302035,302037,2,4
302031,302031,302036,5,0
302031,302031,302037,6,0
302031,302031,302037,6,0
302031,302031,302037,6,0
302031,302035,302037,2,4
302031,302031,302036,5,0
302031,302031,302037,6,0
302031,302031,302037,6,0
302031,302031,302036,5,0
302031,302031,302037,6,0
302031,302031,302037,6,0
302031,302031,302037,6,0
302031,302031,302037,6,0
302031,302031,302037,6,0
302031,302031,302037,6,0
302031,302031,302037,6,0
302031,302035,302037,2,4
302031,302035,302037,2,4
302031,302031,302037,6,0
302031,302031,302038,7,0
302031,302035,302037,2,4
302031,302036,302038,2,5
302031,302031,302038,7,0
302031,302031,302037,6,0
302031,302035,302037,2,4
302031,302036,302037,1,5
302031,302036,302039,3,5
302031,302036,302038,2,5
302031,302035,302039,4,4
302031,302035,302039,4,4
302031,302037,302039,2,6
302031,302031,302039,8,0
302031,302031,302039,8,0
302031,302036,302040,4,5
302031,302037,302040,3,6
302031,302038,302040,2,7
302031,302038,302040,2,7
302031,302031,302040,9,0
302031,302031,302040,9,0
302031,302036,302040,4,5
302031,302037,302040,3,6
302031,302031,302039,8,0
302031,302031,302040,9,0
302031,302035,302039,4,4
302031,302036,302040,4,5
302031,302036,302040,4,5
302031,302035,302040,5,4
302031,302037,302040,3,6
302031,302037,302040,3,6
302031,302031,302040,9,0
302031,302036,302040,4,5
302031,302037,302040,3,6
302031,302035,302039,4,4
302031,302037,302040,3,6
302031,302037,302040,3,6
302031,302031,302040,9,0
302031,302036,302040,4,5
302031,302036,302040,4,5
302031,302037,302040,3,6
302031,302031,302039,8,0
302031,302035,302040,5,4
302031,302037,302040,3,6
302031,302037,302040,3,6
302031,302036,302041,5,5
302031,302039,302041,2,8
302031,302039,302041,2,8
302031,302035,302041,6,4
302031,302037,302040,3,6
302031,302037,302040,3,6
302031,302036,302041,5,5
302031,302037,302041,4,6
302031,302037,302040,3,6
302031,302035,302041,6,4
302031,302037,302041,4,6
302031,302037,302040,3,6
302031,302038,302041,3,7
302031,302038,302041,3,7
302031,302038,302042,4,7
302031,302039,302042,3,8
302031,302038,302042,4,7
302031,302040,302042,2,9
302031,302040,302042,2,9
302031,302037,302042,5,6
302031,302037,302042,5,6
302031,302037,302042,5,6
302031,302037,302042,5,6
302031,302037,302042,5,6
302031,302037,302042,5,6
302031,302037,302042,5,6
302031,302040,302042,2,9
302031,302037,302042,5,6
302031,302040,302042,2,9
302031,302040,302042,2,9
302031,302037,302042,5,6
302031,302037,302042,5,6
302031,302037,302042,5,6
302031,302038,302042,4,7
302031,302040,302042,2,9
302031,302038,302042,4,7
302031,302038,302042,4,7
302031,302038,302042,4,7
302031,302039,302042,3,8
302031,302040,302042,2,9
302031,302037,302042,5,6
302031,302038,302042,4,7
302031,302038,302042,4,7
302031,302038,302043,5,7
302031,302039,302042,3,8
302031,302040,302042,2,9
302031,302037,302042,5,6
302031,302040,302042,2,9
302031,302039,302042,3,8
302031,302040,302043,3,9
302031,302040,302043,3,9
302031,302041,302043,2,10
302031,302040,302043,3,9
302031,302040,302043,3,9
302031,302041,302043,2,10
302031,302040,302043,3,9
302031,302040,302043,3,9
302031,302040,302043,3,9
302031,302039,302043,4,8
302031,302040,302043,3,9
302031,302040,302043,3,9
302031,302042,302043,1,11
302031,302042,302043,1,11
302031,302040,302043,3,9
302031,302040,302043,3,9
302031,302042,302043,1,11
302031,302038,302043,5,7
302031,302040,302043,3,9
302031,302042,302043,1,11
302031,302040,302043,3,9
302031,302040,302044,4,9
302031,302040,302043,3,9
302031,302042,302043,1,11
302031,302042,302044,2,11
302031,302041,302044,3,10
302031,302040,302044,4,9
302031,302041,302044,3,10
302031,302040,302044,4,9
302031,302040,302044,4,9
302031,302042,302044,2,11
302031,302042,302044,2,11
302031,302040,302045,5,9
302031,302040,302045,5,9
302031,302042,302044,2,11
302031,302042,302044,2,11
302031,302041,302045,4,10
302031,302043,302045,2,12
302031,302043,302045,2,12
302031,302040,302045,5,9
302031,302042,302045,3,11
302050,302050,302053,3,0
302050,302050,302053,3,0
302050,302050,302053,3,0
302050,302050,302054,4,0
302050,302050,302053,3,0
302050,302050,302053,3,0
302050,302050,302053,3,0
302050,302050,302053,3,0
302050,302050,302053,3,0
302050,302050,302053,3,0
302050,302050,302053,3,0
302050,302050,302053,3,0
302050,302050,302054,4,0
302050,302050,302054,4,0
302050,302050,302054,4,0
302050,302050,302054,4,0
302050,302050,302053,3,0
302050,302050,302053,3,0
302050,302050,302054,4,0
302050,302050,302054,4,0
302050,302050,302054,4,0
302050,302050,302054,4,0
302050,302050,302053,3,0
302050,302050,302053,3,0
302050,302050,302054,4,0
302050,302050,302054,4,0
302050,302050,302054,4,0
302050,302050,302054,4,0
302050,302050,302054,4,0
302050,302050,302055,5,0
302050,302050,302055,5,0
302050,302050,302055,5,0
302050,302050,302055,5,0
302050,302050,302054,4,0
302050,302050,302054,4,0
302050,302050,302054,4,0
302050,302050,302054,4,0
302050,302050,302054,4,0
302050,302050,302054,4,0
302050,302050,302054,4,0
302050,302050,302054,4,0
302050,302050,302054,4,0
302050,302050,302055,5,0
302050,302050,302055,5,0
302050,302050,302054,4,0
302050,302050,302054,4,0
302050,302050,302055,5,0
302050,302050,302055,5,0
302050,302050,302054,4,0
302050,302050,302055,5,0
302050,302050,302054,4,0
302050,302050,302054,4,0
302050,302050,302055,5,0
302050,302050,302055,5,0
302050,302050,302054,4,0
302050,302050,302054,4,0
302050,302054,302055,1,4
302050,302050,302054,4,0
302050,302050,302055,5,0
302050,302050,302055,5,0
302050,302050,302055,5,0
302050,302050,302056,6,0
302050,302054,302056,2,4
302050,302050,302056,6,0
302050,302054,302055,1,4
302050,302050,302056,6,0
302050,302050,302056,6,0
302050,302050,302055,5,0
302050,302054,302056,2,4
302050,302050,302057,7,0
302050,302054,302057,3,4
302050,302050,302057,7,0
302050,302054,302057,3,4
302050,302054,302057,3,4
302050,302050,302057,7,0
302050,302054,302057,3,4
302050,302050,302057,7,0
302050,302050,302057,7,0
302050,302054,302057,3,4
302050,302054,302057,3,4
302050,302054,302057,3,4
302050,302054,302057,3,4
302050,302054,302058,4,4
302050,302054,302057,3,4
302050,302054,302057,3,4
302050,302054,302058,4,4
302050,302054,302058,4,4
302050,302054,302058,4,4
302050,302054,302057,3,4
302050,302054,302057,3,4
302050,302050,302057,7,0
302050,302055,302058,3,5
302050,302055,302058,3,5
302050,302055,302058,3,5
302050,302055,302058,3,5
302050,302055,302058,3,5
302050,302055,302058,3,5
302050,302050,302058,8,0
302050,302054,302058,4,4
302050,302054,302057,3,4
302050,302055,302058,3,5
302050,302055,302058,3,5
302050,302054,302057,3,4
302050,302054,302057,3,4
302050,302054,302057,3,4
302050,302054,302057,3,4
302050,302054,302058,4,4
302050,302055,302058,3,5
302050,302055,302058,3,5
302050,302055,302058,3,5
302050,302055,302058,3,5
302050,302055,302058,3,5
302050,302055,302058,3,5
302050,302056,302058,2,6
302050,302055,302058,3,5
302050,302055,302058,3,5
302050,302055,302058,3,5
302050,302055,302058,3,5
302050,302055,302058,3,5
302050,302055,302058,3,5
302050,302055,302059,4,5
302050,302055,302059,4,5
302050,302055,302058,3,5
302050,302055,302059,4,5
302050,302055,302058,3,5
302050,302055,302058,3,5
302050,302055,302059,4,5
302050,302055,302059,4,5
302050,302055,302059,4,5
302050,302055,302059,4,5
302050,302057,302060,3,7
302050,302056,302060,4,6
302050,302056,302060,4,6
302050,302055,302060,5,5
302050,302057,302060,3,7
302050,302057,302060,3,7
302050,302056,302060,4,6
302050,302056,302061,5,6
302050,302056,302061,5,6
302050,302057,302061,4,7
302050,302058,302061,3,8
302050,302058,302061,3,8
302050,302058,302061,3,8
302050,302058,302061,3,8
302050,302058,302061,3,8
302050,302058,302061,3,8
302050,302058,302061,3,8
302050,302058,302061,3,8
302050,302058,302061,3,8
302050,302058,302061,3,8
302050,302058,302061,3,8
302050,302056,302061,5,6
302050,302057,302061,4,7
302050,302057,302061,4,7
302050,302059,302061,2,9
302050,302059,302061,2,9
302050,302059,302061,2,9
302050,302059,302061,2,9
302050,302057,302061,4,7
302050,302057,302061,4,7
302050,302057,302061,4,7
302050,302059,302061,2,9
302050,302059,302061,2,9
302050,302058,302061,3,8
302050,302058,302061,3,8
302050,302058,302061,3,8
302050,302058,302061,3,8
302050,302058,302061,3,8
302050,302058,302061,3,8
302050,302058,302061,3,8
302050,302058,302061,3,8
302050,302058,302061,3,8
302050,302058,302061,3,8
302050,302058,302061,3,8
302050,302058,302061,3,8
302050,302058,302061,3,8
302050,302058,302061,3,8
302050,302058,302061,3,8
302050,302058,302062,4,8
302050,302058,302061,3,8
302050,302057,302061,4,7
302050,302057,302061,4,7
302050,302058,302061,3,8
302050,302058,302061,3,8
302050,302059,302061,2,9
302050,302059,302062,3,9
302050,302059,302062,3,9
302050,302058,302062,4,8
302050,302060,302062,2,10
302050,302060,302062,2,10
302050,302059,302062,3,9
302050,302060,302062,2,10
302050,302060,302062,2,10
302050,302060,302062,2,10
302050,302060,302062,2,10
302050,302059,302062,3,9
302050,302060,302062,2,10
302050,302060,302062,2,10
302050,302060,302062,2,10
302050,302059,302062,3,9
302067,302067,302071,4,0
302067,302067,302071,4,0
302067,302067,302071,4,0
302067,302067,302071,4,0
302067,302067,302071,4,0
302067,302067,302071,4,0
302067,302067,302071,4,0
302067,302067,302071,4,0
302067,302067,302071,4,0
302067,302067,302071,4,0
302067,302067,302071,4,0
302067,302067,302071,4,0
302067,302067,302071,4,0
302067,302067,302071,4,0
302067,302067,302071,4,0
302067,302067,302071,4,0
302067,302067,302071,4,0
302067,302067,302071,4,0
302067,302067,302071,4,0
302067,302067,302071,4,0
302067,302067,302071,4,0
302067,302067,302071,4,0
302067,302067,302071,4,0
302067,302067,302071,4,0
302067,302067,302071,4,0
302067,302067,302071,4,0
302067,302067,302071,4,0
302067,302067,302072,5,0
302067,302067,302071,4,0
302067,302067,302071,4,0
302067,302067,302071,4,0
302067,302067,302071,4,0
302067,302067,302071,4,0
302067,302067,302071,4,0
302067,302067,302071,4,0
302067,302067,302071,4,0
302067,302067,302071,4,0
302067,302067,302071,4,0
302067,302067,302071,4,0
302067,302067,302071,4,0
302067,302067,302071,4,0
302067,302067,302071,4,0
302067,302067,302071,4,0
302067,302067,302071,4,0
302067,302067,302071,4,0
302067,302067,302071,4,0
302067,302067,302072,5,0
302067,302067,302071,4,0
302067,302067,302071,4,0
302067,302067,302071,4,0
302067,302067,302071,4,0
302067,302067,302071,4,0
302067,302067,302071,4,0
302067,302067,302071,4,0
302067,302067,302071,4,0
302067,302067,302071,4,0
302067,302067,302072,5,0
302067,302067,302071,4,0
302067,302067,302072,5,0
302067,302067,302072,5,0
302067,302067,302072,5,0
302067,302067,302072,5,0
302067,302067,302072,5,0
302067,302067,302072,5,0
302067,302067,302072,5,0
302067,302067,302072,5,0
302067,302067,302072,5,0
302067,302071,302072,1,4
302067,302067,302072,5,0
302067,302067,302072,5,0
302067,302067,302072,5,0
302067,302067,302072,5,0
302067,302071,302072,1,4
302067,302067,302072,5,0
302067,302071,302074,3,4
302067,302071,302074,3,4
302067,302071,302074,3,4
302067,302071,302074,3,4
302067,302071,302074,3,4
302067,302071,302074,3,4
302067,302071,302074,3,4
302067,302072,302074,2,5
302067,302071,302074,3,4
302067,302071,302074,3,4
302067,302072,302074,2,5
302067,302071,302074,3,4
302067,302071,302074,3,4
302067,302071,302074,3,4
302067,302071,302074,3,4
302067,302071,302074,3,4
302067,302072,302074,2,5
302067,302072,302074,2,5
302067,302071,302074,3,4
302067,302071,302074,3,4
302067,302071,302074,3,4
302067,302071,302074,3,4
302067,302071,302074,3,4
302067,302071,302074,3,4
302067,302072,302075,3,5
302067,302072,302075,3,5
302067,302072,302075,3,5
302067,302072,302075,3,5
302067,302072,302075,3,5
302067,302072,302074,2,5
302067,302072,302074,2,5
302067,302072,302075,3,5
302067,302072,302075,3,5
302067,302072,302075,3,5
302067,302072,302075,3,5
302067,302072,302075,3,5
302067,302072,302075,3,5
302067,302072,302075,3,5
302067,302072,302075,3,5
302067,302072,302075,3,5
302067,302072,302075,3,5
302067,302072,302075,3,5
302067,302072,302075,3,5
302067,302072,302075,3,5
302067,302072,302075,3,5
302067,302072,302075,3,5
302067,302072,302075,3,5
302067,302072,302076,4,5
302067,302072,302075,3,5
302067,302072,302076,4,5
302067,302072,302076,4,5
302067,302072,302076,4,5
302067,302072,302076,4,5
302067,302072,302076,4,5
302500,302500,302502,2,0
302500,302500,302502,2,0
302500,302500,302502,2,0
302500,302500,302502,2,0
302500,302500,302502,2,0
302500,302500,302502,2,0
302500,302500,302502,2,0
302500,302500,302502,2,0
302500,302500,302502,2,0
302500,302500,302502,2,0
302500,302500,302502,2,0
302500,302500,302502,2,0
302500,302500,302502,2,0
302500,302500,302502,2,0
302500,302500,302502,2,0
302500,302500,302502,2,0
302500,302500,302502,2,0
302500,302500,302502,2,0
302500,302500,302502,2,0
302500,302500,302502,2,0
302500,302500,302502,2,0
302500,302500,302502,2,0
302500,302500,302502,2,0
302500,302500,302502,2,0
302500,302500,302502,2,0
302500,302500,302502,2,0
302500,302500,302502,2,0
302500,302500,302502,2,0
302500,302500,302502,2,0
302500,302500,302502,2,0
302500,302500,302502,2,0
302500,302500,302502,2,0
302500,302500,302502,2,0
302500,302500,302502,2,0
302500,302500,302502,2,0
302500,302500,302502,2,0
302500,302500,302502,2,0
302500,302500,302502,2,0
302500,302500,302502,2,0
302500,302500,302502,2,0
302500,302500,302502,2,0
302500,302500,302502,2,0
302500,302500,302502,2,0
302500,302500,302502,2,0
302500,302500,302502,2,0
302500,302500,302502,2,0
302500,302500,302502,2,0
302500,302500,302502,2,0
302500,302500,302502,2,0
302500,302500,302502,2,0
302500,302500,302502,2,0
302500,302500,302503,3,0
302500,302500,302503,3,0
302500,302500,302503,3,0
302500,302500,302503,3,0
302500,302500,302503,3,0
302500,302500,302503,3,0
302500,302500,302503,3,0
302500,302500,302503,3,0
302500,302500,302503,3,0
302500,302500,302503,3,0
302500,302500,302503,3,0
302500,302500,302503,3,0
302500,302500,302503,3,0
302500,302500,302503,3,0
302500,302500,302503,3,0
302500,302500,302503,3,0
302500,302502,302503,1,2
302500,302502,302503,1,2
302500,302500,302502,2,0
302500,302500,302502,2,0
302500,302500,302502,2,0
302500,302500,302503,3,0
302500,302502,302503,1,2
302500,302502,302503,1,2
302500,302500,302503,3,0
302500,302502,302503,1,2
302500,302503,302504,1,3
302500,302503,302504,1,3
302500,302503,302504,1,3
302500,302502,302504,2,2
302500,302502,302504,2,2
302500,302502,302504,2,2
302500,302502,302504,2,2
302500,302502,302504,2,2
302500,302502,302504,2,2
302500,302502,302504,2,2
302500,302502,302504,2,2
302500,302502,302504,2,2
302500,302502,302504,2,2
302500,302502,302504,2,2
302500,302503,302504,1,3
302500,302502,302504,2,2
302500,302502,302504,2,2
302500,302502,302504,2,2
302500,302502,302504,2,2
302500,302503,302504,1,3
302500,302502,302504,2,2
302500,302502,302504,2,2
302500,302502,302504,2,2
302500,302502,302504,2,2
302500,302503,302504,1,3
302500,302502,302504,2,2
302500,302502,302504,2,2
302500,302503,302504,1,3
302500,302504,302505,1,4
302500,302503,302505,2,3
302500,302503,302505,2,3
302500,302503,302505,2,3
302500,302503,302505,2,3
302500,302503,302505,2,3
302500,302503,302504,1,3
302500,302503,302504,1,3
302500,302503,302504,1,3
302500,302503,302504,1,3
302500,302503,302504,1,3
302500,302503,302504,1,3
302500,302504,302505,1,4
302500,302504,302505,1,4
302500,302504,302505,1,4
302500,302504,302505,1,4
302500,302504,302505,1,4
302500,302504,302505,1,4
302500,302504,302505,1,4
302500,302505,302506,1,5
302500,302505,302506,1,5
302500,302502,302506,4,2
302500,302504,302505,1,4
302500,302504,302505,1,4
302500,302504,302505,1,4
302500,302502,302505,3,2
302500,302504,302505,1,4
302500,302503,302505,2,3
302500,302505,302506,1,5
302500,302505,302506,1,5
302500,302505,302506,1,5
302500,302506,302507,1,6
302500,302505,302506,1,5
302500,302505,302506,1,5
302500,302505,302506,1,5
302500,302505,302506,1,5
302500,302505,302506,1,5
302500,302505,302506,1,5
302500,302505,302506,1,5
302500,302505,302506,1,5
302500,302505,302507,2,5
302500,302505,302506,1,5
302500,302505,302506,1,5
302500,302505,302506,1,5
302500,302505,302506,1,5
302500,302505,302506,1,5
302500,302505,302507,2,5
302500,302505,302506,1,5
302500,302505,302506,1,5
302500,302505,302506,1,5
302500,302505,302507,2,5
302500,302505,302507,2,5
302500,302505,302506,1,5
302500,302503,302507,4,3
302500,302504,302507,3,4
302500,302502,302508,6,2
302500,302505,302507,2,5
302500,302505,302507,2,5
302500,302503,302508,5,3
302500,302505,302508,3,5
302500,302505,302509,4,5
302500,302503,302511,8,3
302500,302504,302511,7,4
302500,302505,302512,7,5
302500,302503,302512,9,3
302500,302504,302512,8,4
302500,302505,302513,8,5
302500,302503,302513,10,3
302500,302502,302514,12,2
302500,302503,302514,11,3
302500,302503,302513,10,3
302500,302505,302513,8,5
302500,302505,302514,9,5
302500,302504,302515,11,4
302500,302505,302514,9,5
302500,302505,302515,10,5
302500,302506,302516,10,6
302500,302506,302515,9,6
302500,302505,302515,10,5
302500,302504,302516,12,4
302500,302505,302516,11,5
302500,302505,302516,11,5
302500,302505,302516,11,5
302500,302504,302516,12,4
302500,302505,302516,11,5
302500,302505,302516,11,5
302521,302521,302522,1,0
302521,302521,302522,1,0
302521,302521,302522,1,0
302521,302521,302522,1,0
302521,302521,302522,1,0
302521,302521,302522,1,0
302521,302521,302522,1,0
302521,302521,302522,1,0
302521,302521,302523,2,0
302521,302521,302522,1,0
302521,302521,302522,1,0
302521,302521,302522,1,0
302521,302521,302522,1,0
302521,302521,302522,1,0
302521,302521,302522,1,0
302521,302521,302522,1,0
302521,302521,302522,1,0
302521,302521,302522,1,0
302521,302521,302522,1,0
302521,302521,302522,1,0
302521,302521,302522,1,0
302521,302521,302522,1,0
302521,302521,302522,1,0
302521,302521,302522,1,0
302521,302521,302522,1,0
302521,302521,302522,1,0
302521,302521,302522,1,0
302521,302521,302523,2,0
302521,302521,302523,2,0
302521,302521,302522,1,0
302521,302521,302522,1,0
302521,302521,302522,1,0
302521,302521,302522,1,0
302521,302521,302523,2,0
302521,302521,302523,2,0
302521,302521,302523,2,0
302521,302521,302523,2,0
302521,302521,302523,2,0
302521,302521,302523,2,0
302521,302521,302523,2,0
302521,302523,302524,1,2
302521,302523,302524,1,2
302521,302521,302523,2,0
302521,302521,302523,2,0
302521,302521,302523,2,0
302521,302521,302524,3,0
302521,302521,302524,3,0
302521,302521,302524,3,0
302521,302523,302524,1,2
302521,302523,302524,1,2
302521,302523,302524,1,2
302521,302523,302524,1,2
302521,302523,302525,2,2
302521,302523,302524,1,2
302521,302524,302525,1,3
302521,302524,302525,1,3
302521,302524,302525,1,3
302521,302521,302524,3,0
302521,302523,302524,1,2
302521,302523,302524,1,2
302521,302524,302525,1,3
302521,302521,302524,3,0
302521,302523,302524,1,2
302521,302523,302525,2,2
302521,302523,302524,1,2
302521,302523,302524,1,2
302521,302523,302524,1,2
302521,302523,302524,1,2
302521,302523,302524,1,2
302521,302524,302525,1,3
302521,302521,302524,3,0
302521,302523,302524,1,2
302521,302523,302524,1,2
302521,302523,302524,1,2
302521,302523,302524,1,2
302521,302524,302525,1,3
302521,302523,302524,1,2
302521,302523,302524,1,2
302521,302523,302524,1,2
302521,302524,302525,1,3
302521,302524,302525,1,3
302521,302521,302525,4,0
302521,302524,302525,1,3
302521,302525,302526,1,4
302521,302523,302525,2,2
302521,302525,302526,1,4
302521,302525,302526,1,4
302521,302525,302526,1,4
302521,302525,302526,1,4
302521,302521,302527,6,0
302521,302526,302527,1,5
302521,302525,302526,1,4
302521,302526,302527,1,5
302521,302526,302527,1,5
302521,302526,302527,1,5
302521,302525,302526,1,4
302521,302525,302526,1,4
302521,302525,302526,1,4
302521,302525,302526,1,4
302521,302525,302526,1,4
302521,302525,302526,1,4
302521,302525,302527,2,4
302521,302525,302526,1,4
302521,302525,302526,1,4
302521,302525,302527,2,4
302521,302525,302526,1,4
302521,302525,302527,2,4
302521,302525,302527,2,4
302521,302525,302527,2,4
302521,302525,302527,2,4
302521,302525,302527,2,4
302521,302525,302527,2,4
302521,302526,302527,1,5
302521,302527,302528,1,6
302521,302527,302528,1,6
302521,302527,302528,1,6
302521,302525,302528,3,4
302521,302527,302528,1,6
302521,302525,302527,2,4
302521,302527,302528,1,6
302521,302527,302529,2,6
302521,302528,302529,1,7
302521,302527,302529,2,6
302521,302526,302529,3,5
302521,302523,302529,6,2
302521,302521,302530,9,0
302521,302529,302530,1,8
302521,302521,302530,9,0
302521,302521,302531,10,0
302521,302521,302530,9,0
302521,302521,302531,10,0
302521,302521,302531,10,0
302521,302521,302531,10,0
302521,302521,302532,11,0
302521,302521,302532,11,0
302521,302521,302531,10,0
302521,302522,302532,10,1
302521,302522,302532,10,1
302521,302521,302532,11,0
302521,302521,302532,11,0
302521,302521,302532,11,0
302521,302523,302532,9,2
302521,302521,302532,11,0
302521,302521,302533,12,0
302521,302521,302532,11,0
302521,302521,302533,12,0
302521,302523,302533,10,2
302521,302521,302533,12,0
302521,302523,302533,10,2
302521,302524,302532,8,3
302521,302524,302534,10,3
302521,302523,302533,10,2
302521,302523,302534,11,2
302521,302523,302533,10,2
302521,302524,302533,9,3
302521,302521,302534,13,0
302521,302524,302533,9,3
302521,302525,302533,8,4
302521,302521,302534,13,0
302521,302526,302534,8,5
302521,302525,302535,10,4
302521,302525,302535,10,4
302521,302525,302534,9,4
302521,302525,302535,10,4
302521,302525,302535,10,4
302521,302525,302536,11,4
302521,302526,302536,10,5
302521,302525,302536,11,4
302521,302527,302537,10,6
302521,302527,302537,10,6
302521,302525,302537,12,4
302521,302525,302536,11,4
302521,302527,302538,11,6
302521,302527,302538,11,6
302521,302527,302539,12,6
302521,302527,302539,12,6
302521,302529,302539,10,8
302521,302527,302539,12,6
302521,302527,302539,12,6
302521,302528,302540,12,7
302521,302527,302540,13,6
302521,302527,302540,13,6
302521,302527,302540,13,6
302521,302528,302540,12,7
302521,302527,302540,13,6
302521,302527,302540,13,6
302521,302528,302541,13,7
302521,302530,302541,11,9
302521,302528,302541,13,7
302521,302527,302542,15,6
302521,302529,302541,12,8
302521,302530,302542,12,9
302521,302527,302541,14,6
302521,302528,302542,14,7
302521,302528,302542,14,7
302521,302527,302542,15,6
302521,302528,302543,15,7
302521,302530,302543,13,9
302521,302530,302543,13,9
302548,302548,302549,1,0
302548,302548,302549,1,0
302548,302548,302550,2,0
302548,302548,302549,1,0
302548,302548,302549,1,0
302548,302548,302550,2,0
302548,302548,302549,1,0
302548,302548,302550,2,0
302548,302548,302550,2,0
302548,302550,302551,1,2
302548,302548,302550,2,0
302548,302550,302551,1,2
302548,302548,302555,7,0
302548,302548,302555,7,0
302548,302548,302558,10,0
302548,302548,302559,11,0
302548,302558,302559,1,10
302548,302548,302558,10,0
302548,302548,302559,11,0
302548,302548,302560,12,0
302548,302548,302560,12,0
302548,302548,302559,11,0
302548,302548,302560,12,0
302548,302548,302561,13,0
302548,302548,302561,13,0
302548,302548,302561,13,0
302548,302548,302561,13,0
302548,302548,302561,13,0
302548,302548,302561,13,0
302548,302548,302561,13,0
302548,302548,302560,12,0
302548,302548,302561,13,0
302548,302550,302560,10,2
302548,302548,302561,13,0
302548,302560,302561,1,12
302548,302548,302561,13,0
302548,302548,302560,12,0
302548,302548,302561,13,0
302548,302548,302562,14,0
302548,302548,302561,13,0
302548,302548,302561,13,0
302548,302548,302561,13,0
302548,302548,302562,14,0
302548,302548,302562,14,0
302548,302548,302561,13,0
302548,302548,302562,14,0
302548,302548,302561,13,0
302548,302548,302561,13,0
302548,302548,302562,14,0
302548,302548,302562,14,0
302548,302548,302562,14,0
302548,302548,302562,14,0
302548,302548,302562,14,0
302548,302548,302562,14,0
302548,302548,302562,14,0
302548,302548,302562,14,0
302548,302548,302563,15,0
302548,302548,302563,15,0
302548,302548,302563,15,0
302548,302550,302563,13,2
302548,302548,302562,14,0
302548,302548,302562,14,0
302548,302548,302563,15,0
302548,302548,302563,15,0
302548,302548,302562,14,0
302548,302548,302563,15,0
302548,302561,302562,1,13
302548,302562,302563,1,14
302548,302548,302563,15,0
302548,302548,302563,15,0
302548,302548,302562,14,0
302548,302548,302563,15,0
302548,302561,302562,1,13
302548,302562,302563,1,14
302548,302563,302564,1,15
302548,302548,302564,16,0
302548,302550,302564,14,2
302548,302548,302563,15,0
302548,302551,302564,13,3
302548,302548,302564,16,0
302548,302563,302564,1,15
302548,302551,302564,13,3
302548,302548,302564,16,0
302548,302548,302563,15,0
302548,302550,302564,14,2
302548,302548,302564,16,0
302548,302548,302564,16,0
302548,302550,302565,15,2
302548,302563,302564,1,15
302548,302564,302565,1,16
302548,302548,302565,17,0
302548,302550,302565,15,2
302548,302550,302566,16,2
302548,302565,302566,1,17
302548,302551,302566,15,3
302548,302556,302567,11,8
302548,302565,302566,1,17
302548,302556,302569,13,8
302548,302560,302570,10,12
302548,302561,302571,10,13
302548,302561,302572,11,13
302548,302560,302572,12,12
302548,302561,302572,11,13
302548,302571,302572,1,23
302548,302559,302572,13,11
302548,302562,302573,11,14
302548,302563,302573,10,15
302548,302560,302573,13,12
302548,302563,302572,9,15
302548,302561,302573,12,13
302548,302561,302573,12,13
302548,302561,302573,12,13
302548,302562,302573,11,14
302548,302561,302574,13,13
302548,302559,302573,14,11
302548,302563,302574,11,15
302548,302564,302574,10,16
302548,302573,302574,1,25
302548,302562,302575,13,14
302548,302563,302575,12,15
302548,302561,302575,14,13
302548,302562,302575,13,14
302548,302573,302575,2,25
302548,302561,302575,14,13
302548,302562,302575,13,14
302548,302561,302575,14,13
302548,302562,302575,13,14
302548,302561,302575,14,13
302548,302562,302575,13,14
302548,302562,302575,13,14
302548,302560,302575,15,12
302548,302563,302576,13,15
302548,302564,302576,12,16
302548,302562,302576,14,14
302548,302575,302576,1,27
302548,302562,302576,14,14
302548,302564,302576,12,16
302548,302559,302576,17,11
302548,302562,302576,14,14
302548,302562,302576,14,14
302548,302564,302576,12,16
302548,302561,302576,15,13
302548,302564,302576,12,16
302548,302561,302577,16,13
302548,302563,302577,14,15
302548,302563,302577,14,15
302548,302563,302577,14,15
302548,302565,302577,12,17
302548,302563,302577,14,15
302548,302562,302577,15,14
302548,302565,302577,12,17
302548,302576,302577,1,28
302548,302563,302577,14,15
302548,302563,302577,14,15
302548,302564,302577,13,16
302548,302563,302578,15,15
302548,302565,302578,13,17
302548,302563,302578,15,15
302548,302563,302578,15,15
302548,302564,302578,14,16
302548,302565,302578,13,17
302548,302563,302577,14,15
302548,302563,302578,15,15
302548,302563,302578,15,15
302548,302563,302579,16,15
302548,302564,302579,15,16
302548,302565,302579,14,17
302548,302564,302580,16,16
302548,302566,302580,14,18
302548,302569,302580,11,21
302548,302565,302580,15,17
302548,302567,302580,13,19
302548,302566,302580,14,18
302548,302566,302581,15,18
302548,302567,302581,14,19
302548,302572,302582,10,24
302548,302572,302583,11,24
302548,302571,302583,12,23
302548,302572,302583,11,24
302548,302573,302583,10,25
302548,302572,302584,12,24
302548,302575,302584,9,27
302548,302573,302584,11,25
302548,302573,302586,13,25
302548,302575,302586,11,27
302548,302573,302586,13,25
302548,302574,302586,12,26
302548,302575,302587,12,27
302548,302572,302587,15,24
302548,302573,302587,14,25
302548,302574,302587,13,26
302548,302573,302587,14,25
302548,302574,302588,14,26
302548,302574,302588,14,26
302548,302575,302588,13,27
302548,302575,302588,13,27
302548,302575,302588,13,27
302548,302575,302589,14,27
302548,302575,302590,15,27
302548,302576,302590,14,28
302595,302595,302597,2,0
302595,302595,302596,1,0
302595,302595,302597,2,0
302595,302595,302596,1,0
302595,302595,302596,1,0
302595,302595,302596,1,0
302595,302595,302597,2,0
302595,302595,302597,2,0
302595,302595,302597,2,0
302595,302595,302597,2,0
302595,302597,302598,1,2
302595,302598,302599,1,3
302595,302595,302600,5,0
302595,302595,302605,10,0
302595,302595,302605,10,0
302595,302595,302605,10,0
302595,302595,302606,11,0
302595,302595,302605,10,0
302595,302597,302606,9,2
302595,302595,302605,10,0
302595,302595,302606,11,0
302595,302595,302606,11,0
302595,302595,302607,12,0
302595,302597,302607,10,2
302595,302606,302607,1,11
302595,302595,302607,12,0
302595,302595,302608,13,0
302595,302595,302608,13,0
302595,302595,302608,13,0
302595,302595,302608,13,0
302595,302595,302608,13,0
302595,302595,302608,13,0
302595,302597,302608,11,2
302595,302595,302608,13,0
302595,302595,302608,13,0
302595,302595,302608,13,0
302595,302607,302608,1,12
302595,302595,302608,13,0
302595,302595,302608,13,0
302595,302595,302608,13,0
302595,302595,302608,13,0
302595,302595,302609,14,0
302595,302595,302608,13,0
302595,302595,302609,14,0
302595,302595,302609,14,0
302595,302595,302609,14,0
302595,302595,302609,14,0
302595,302595,302609,14,0
302595,302595,302609,14,0
302595,302595,302609,14,0
302595,302595,302609,14,0
302595,302595,302609,14,0
302595,302608,302609,1,13
302595,302595,302609,14,0
302595,302595,302609,14,0
302595,302608,302609,1,13
302595,302595,302609,14,0
302595,302595,302609,14,0
302595,302595,302609,14,0
302595,302595,302608,13,0
302595,302595,302609,14,0
302595,302595,302608,13,0
302595,302595,302610,15,0
302595,302597,302610,13,2
302595,302595,302609,14,0
302595,302595,302609,14,0
302595,302608,302610,2,13
302595,302608,302609,1,13
302595,302595,302610,15,0
302595,302595,302609,14,0
302595,302607,302610,3,12
302595,302609,302610,1,14
302595,302595,302610,15,0
302595,302595,302610,15,0
302595,302597,302610,13,2
302595,302595,302610,15,0
302595,302597,302609,12,2
302595,302609,302610,1,14
302595,302595,302610,15,0
302595,302595,302610,15,0
302595,302609,302610,1,14
302595,302595,302611,16,0
302595,302597,302611,14,2
302595,302595,302611,16,0
302595,302595,302611,16,0
302595,302597,302610,13,2
302595,302595,302610,15,0
302595,302609,302611,2,14
302595,302595,302611,16,0
302595,302595,302611,16,0
302595,302609,302610,1,14
302595,302609,302611,2,14
302595,302597,302611,14,2
302595,302595,302611,16,0
302595,302611,302612,1,16
302595,302610,302612,2,15
302595,302610,302612,2,15
302595,302595,302612,17,0
302595,302610,302612,2,15
302595,302595,302612,17,0
302595,302601,302613,12,6
302595,302599,302614,15,4
302595,302606,302615,9,11
302595,302607,302618,11,12
302595,302605,302619,14,10
302595,302605,302618,13,10
302595,302609,302619,10,14
302595,302608,302619,11,13
302595,302606,302619,13,11
302595,302608,302620,12,13
302595,302611,302619,8,16
302595,302608,302619,11,13
302595,302608,302620,12,13
302595,302606,302620,14,11
302595,302608,302620,12,13
302595,302606,302620,14,11
302595,302608,302620,12,13
302595,302611,302620,9,16
302595,302609,302620,11,14
302595,302609,302621,12,14
302595,302609,302620,11,14
302595,302611,302620,9,16
302595,302620,302621,1,25
302595,302609,302620,11,14
302595,302608,302621,13,13
302595,302611,302621,10,16
302595,302609,302621,12,14
302595,302609,302621,12,14
302595,302610,302621,11,15
302595,302610,302621,11,15
302595,302607,302621,14,12
302595,302608,302622,14,13
302595,302612,302622,10,17
302595,302608,302622,14,13
302595,302609,302622,13,14
302595,302612,302621,9,17
302595,302612,302621,9,17
302595,302608,302622,14,13
302595,302610,302622,12,15
302595,302609,302622,13,14
302595,302609,302622,13,14
302595,302610,302622,12,15
302595,302612,302622,10,17
302595,302613,302622,9,18
302595,302614,302622,8,19
302595,302609,302623,14,14
302595,302611,302622,11,16
302595,302613,302623,10,18
302595,302609,302622,13,14
302595,302606,302622,16,11
302595,302613,302622,9,18
302595,302609,302623,14,14
302595,302611,302623,12,16
302595,302608,302623,15,13
302595,302612,302623,11,17
302595,302610,302623,13,15
302595,302612,302623,11,17
302595,302619,302623,4,24
302595,302610,302623,13,15
302595,302611,302623,12,16
302595,302609,302623,14,14
302595,302615,302624,9,20
302595,302612,302623,11,17
302595,302609,302624,15,14
302595,302609,302624,15,14
302595,302611,302624,13,16
302595,302610,302624,14,15
302595,302611,302624,13,16
302595,302613,302624,11,18
302595,302613,302625,12,18
302595,302613,302625,12,18
302595,302611,302625,14,16
302595,302615,302625,10,20
302595,302610,302626,16,15
302595,302615,302626,11,20
302595,302613,302626,13,18
302595,302615,302627,12,20
302595,302621,302627,6,26
302595,302620,302629,9,25
302595,302620,302630,10,25
302595,302619,302630,11,24
302595,302619,302631,12,24
302595,302621,302631,10,26
302595,302620,302631,11,25
302595,302620,302632,12,25
302595,302620,302632,12,25
302595,302621,302633,12,26
302638,302638,302639,1,0
302638,302638,302639,1,0
302638,302638,302640,2,0
302638,302638,302640,2,0
302638,302638,302639,1,0
302638,302638,302640,2,0
302638,302638,302640,2,0
302638,302638,302640,2,0
302638,302638,302639,1,0
302638,302638,302640,2,0
302638,302638,302640,2,0
302638,302638,302640,2,0
302638,302638,302640,2,0
302638,302638,302640,2,0
302638,302638,302639,1,0
302638,302638,302640,2,0
302638,302638,302640,2,0
302638,302638,302640,2,0
302638,302638,302639,1,0
302638,302638,302640,2,0
302638,302638,302640,2,0
302638,302638,302640,2,0
302638,302638,302640,2,0
302638,302638,302640,2,0
302638,302638,302640,2,0
302638,302639,302640,1,1
302638,302638,302640,2,0
302638,302638,302640,2,0
302638,302638,302640,2,0
302638,302638,302640,2,0
302638,302638,302640,2,0
302638,302638,302640,2,0
302638,302638,302640,2,0
302638,302640,302641,1,2
302638,302640,302642,2,2
302638,302640,302641,1,2
302638,302640,302642,2,2
302638,302640,302642,2,2
302638,302640,302641,1,2
302638,302640,302642,2,2
302638,302640,302641,1,2
302638,302640,302642,2,2
302638,302640,302642,2,2
302638,302640,302642,2,2
302638,302640,302642,2,2
302638,302640,302642,2,2
302638,302640,302641,1,2
302638,302640,302642,2,2
302638,302641,302642,1,3
302638,302640,302642,2,2
302638,302638,302642,4,0
302638,302640,302642,2,2
302638,302640,302642,2,2
302638,302640,302642,2,2
302638,302640,302641,1,2
302638,302640,302642,2,2
302638,302640,302642,2,2
302638,302642,302643,1,4
302638,302640,302642,2,2
302638,302642,302643,1,4
302638,302642,302643,1,4
302638,302642,302643,1,4
302638,302643,302644,1,5
302638,302640,302643,3,2
302638,302643,302644,1,5
302638,302638,302644,6,0
302638,302640,302644,4,2
302638,302643,302644,1,5
302638,302642,302644,2,4
302638,302643,302644,1,5
302638,302642,302644,2,4
302638,302643,302644,1,5
302638,302642,302644,2,4
302638,302643,302644,1,5
302638,302640,302644,4,2
302638,302643,302644,1,5
302638,302643,302644,1,5
302638,302643,302644,1,5
302638,302643,302644,1,5
302638,302642,302645,3,4
302638,302645,302646,1,7
302638,302638,302645,7,0
302638,302645,302646,1,7
302638,302643,302645,2,5
302638,302645,302646,1,7
302638,302645,302646,1,7
302638,302645,302646,1,7
302638,302645,302646,1,7
302638,302645,302646,1,7
302638,302645,302646,1,7
302638,302643,302646,3,5
302638,302646,302647,1,8
302638,302644,302646,2,6
302638,302645,302646,1,7
302638,302645,302646,1,7
302638,302645,302646,1,7
302638,302646,302647,1,8
302638,302638,302648,10,0
302638,302642,302647,5,4
302638,302647,302648,1,9
302638,302647,302648,1,9
302638,302647,302648,1,9
302638,302638,302647,9,0
302638,302647,302648,1,9
302638,302638,302648,10,0
302638,302646,302647,1,8
302638,302647,302648,1,9
302638,302638,302648,10,0
302638,302638,302648,10,0
302638,302638,302648,10,0
302638,302645,302649,4,7
302638,302638,302649,11,0
302638,302648,302649,1,10
302638,302638,302648,10,0
302638,302638,302648,10,0
302638,302648,302649,1,10
302638,302638,302648,10,0
302638,302638,302648,10,0
302638,302648,302649,1,10
302638,302648,302649,1,10
302638,302648,302649,1,10
302638,302647,302648,1,9
302638,302647,302648,1,9
302638,302647,302648,1,9
302638,302646,302648,2,8
302638,302648,302649,1,10
302638,302648,302649,1,10
302638,302638,302649,11,0
302638,302638,302650,12,0
302638,302638,302650,12,0
302638,302640,302650,10,2
302638,302640,302650,10,2
302638,302640,302651,11,2
302638,302638,302650,12,0
302638,302638,302651,13,0
302638,302638,302650,12,0
302638,302638,302650,12,0
302638,302638,302651,13,0
302638,302638,302650,12,0
302638,302638,302650,12,0
302638,302638,302651,13,0
302638,302638,302651,13,0
302638,302649,302652,3,11
302638,302638,302652,14,0
302638,302640,302651,11,2
302638,302640,302651,11,2
302638,302638,302651,13,0
302638,302648,302651,3,10
302638,302638,302651,13,0
302638,302638,302651,13,0
302638,302638,302652,14,0
302638,302644,302652,8,6
302638,302638,302652,14,0
302638,302640,302652,12,2
302638,302642,302652,10,4
302638,302645,302653,8,7
302638,302638,302652,14,0
302638,302645,302653,8,7
302638,302638,302653,15,0
302638,302638,302652,14,0
302638,302646,302653,7,8
302638,302648,302652,4,10
302638,302638,302653,15,0
302638,302638,302653,15,0
302638,302638,302653,15,0
302638,302645,302654,9,7
302638,302638,302654,16,0
302638,302643,302654,11,5
302638,302646,302654,8,8
302638,302645,302655,10,7
302638,302638,302655,17,0
302638,302646,302655,9,8
302638,302647,302656,9,9
302638,302647,302656,9,9
302638,302647,302657,10,9
302638,302647,302658,11,9
302638,302648,302658,10,10
302638,302648,302657,9,10
302662,302662,302664,2,0
302662,302662,302664,2,0
302662,302662,302664,2,0
302662,302662,302664,2,0
302662,302662,302664,2,0
302662,302662,302664,2,0
302662,302662,302664,2,0
302662,302662,302664,2,0
302662,302662,302664,2,0
302662,302662,302664,2,0
302662,302662,302664,2,0
302662,302662,302664,2,0
302662,302662,302664,2,0
302662,302662,302664,2,0
302662,302662,302664,2,0
302662,302662,302664,2,0
302662,302662,302664,2,0
302662,302662,302664,2,0
302662,302662,302664,2,0
302662,302662,302664,2,0
302662,302662,302664,2,0
302662,302662,302664,2,0
302662,302662,302664,2,0
302662,302662,302664,2,0
302662,302662,302664,2,0
302662,302662,302664,2,0
302662,302662,302664,2,0
302662,302662,302664,2,0
302662,302662,302664,2,0
302662,302662,302664,2,0
302662,302662,302664,2,0
302662,302662,302664,2,0
302662,302662,302664,2,0
302662,302662,302664,2,0
302662,302662,302664,2,0
302662,302662,302664,2,0
302662,302662,302664,2,0
302662,302662,302664,2,0
302662,302662,302664,2,0
302662,302662,302665,3,0
302662,302662,302665,3,0
302662,302662,302665,3,0
302662,302662,302664,2,0
302662,302664,302665,1,2
302662,302662,302665,3,0
302662,302664,302665,1,2
302662,302664,302665,1,2
302662,302662,302664,2,0
302662,302662,302664,2,0
302662,302662,302664,2,0
302662,302662,302664,2,0
302662,302664,302665,1,2
302662,302662,302665,3,0
302662,302664,302666,2,2
302662,302664,302666,2,2
302662,302662,302666,4,0
302662,302664,302666,2,2
302662,302664,302666,2,2
302662,302664,302666,2,2
302662,302664,302666,2,2
302662,302664,302666,2,2
302662,302665,302666,1,3
302662,302664,302666,2,2
302662,302664,302666,2,2
302662,302664,302666,2,2
302662,302664,302666,2,2
302662,302664,302666,2,2
302662,302665,302666,1,3
302662,302664,302666,2,2
302662,302664,302666,2,2
302662,302664,302666,2,2
302662,302665,302666,1,3
302662,302664,302666,2,2
302662,302666,302667,1,4
302662,302666,302667,1,4
302662,302664,302666,2,2
302662,302664,302666,2,2
302662,302666,302667,1,4
302662,302666,302667,1,4
302662,302664,302666,2,2
302662,302664,302666,2,2
302662,302664,302666,2,2
302662,302664,302666,2,2
302662,302664,302666,2,2
302662,302665,302666,1,3
302662,302666,302667,1,4
302662,302664,302666,2,2
302662,302666,302667,1,4
302662,302664,302667,3,2
302662,302666,302667,1,4
302662,302666,302667,1,4
302662,302662,302668,6,0
302662,302664,302669,5,2
302662,302662,302670,8,0
302662,302662,302671,9,0
302662,302662,302673,11,0
302662,302662,302672,10,0
302662,302662,302672,10,0
302662,302664,302672,8,2
302662,302662,302672,10,0
302662,302662,302672,10,0
302662,302662,302672,10,0
302662,302662,302672,10,0
302662,302662,302672,10,0
302662,302662,302673,11,0
302662,302662,302674,12,0
302662,302662,302673,11,0
302662,302662,302673,11,0
302662,302662,302673,11,0
302662,302662,302673,11,0
302662,302662,302673,11,0
302662,302664,302673,9,2
302662,302666,302674,8,4
302662,302664,302674,10,2
302662,302662,302674,12,0
302662,302662,302675,13,0
302662,302662,302675,13,0
302662,302665,302675,10,3
302662,302666,302675,9,4
302662,302666,302675,9,4
302662,302666,302677,11,4
302662,302666,302676,10,4
302662,302662,302676,14,0
302662,302664,302676,12,2
302662,302667,302677,10,5
304716,304716,304959,243,0
308240,308241,308846,605,1
290902,290904,309895,18991,2
313642,313642,313883,241,0
314865,314868,315658,790,3
315656,315659,315662,3,3
315661,315665,315699,34,4
315909,315909,316804,895,0
315886,315888,317588,1700,2
317586,317589,317636,47,3
317810,317812,318604,792,2
318602,318605,318608,3,3
318608,318611,318645,34,3
320275,320275,320281,6,0
320275,320275,320282,7,0
320275,320275,320283,8,0
320275,320275,320283,8,0
320275,320275,320284,9,0
320275,320275,320284,9,0
320275,320275,320284,9,0
320275,320275,320285,10,0
320275,320275,320285,10,0
320275,320275,320284,9,0
320275,320275,320284,9,0
320275,320275,320285,10,0
320275,320275,320285,10,0
320275,320275,320285,10,0
320275,320275,320285,10,0
320275,320275,320286,11,0
320275,320275,320286,11,0
320275,320275,320285,10,0
320275,320275,320285,10,0
320275,320275,320287,12,0
320275,320275,320287,12,0
320275,320275,320287,12,0
320275,320275,320288,13,0
320275,320275,320288,13,0
320275,320275,320287,12,0
320275,320275,320288,13,0
320275,320275,320288,13,0
320275,320275,320288,13,0
320275,320275,320288,13,0
320275,320275,320288,13,0
320275,320275,320288,13,0
320275,320275,320288,13,0
320275,320275,320289,14,0
320275,320275,320289,14,0
320275,320275,320289,14,0
320275,320275,320289,14,0
320275,320275,320289,14,0
320275,320275,320289,14,0
320275,320275,320289,14,0
320275,320275,320289,14,0
320275,320275,320289,14,0
320275,320275,320289,14,0
320275,320275,320289,14,0
320275,320275,320289,14,0
320275,320275,320290,15,0
320275,320275,320290,15,0
320275,320275,320289,14,0
320275,320275,320290,15,0
320275,320275,320290,15,0
320275,320275,320291,16,0
320275,320275,320291,16,0
320275,320275,320291,16,0
320275,320275,320291,16,0
320275,320275,320292,17,0
320275,320275,320292,17,0
320275,320275,320292,17,0
320275,320275,320292,17,0
320275,320275,320292,17,0
320275,320275,320293,18,0
320275,320275,320293,18,0
320275,320275,320293,18,0
320275,320275,320293,18,0
320275,320275,320294,19,0
320275,320275,320294,19,0
320275,320275,320294,19,0
320275,320275,320294,19,0
320275,320275,320295,20,0
320275,320275,320296,21,0
320275,320275,320296,21,0
320275,320275,320296,21,0
320275,320275,320297,22,0
320275,320282,320299,17,7
320275,320275,320300,25,0
320275,320283,320301,18,8
320275,320283,320304,21,8
320275,320284,320307,23,9
320275,320283,320308,25,8
320275,320285,320309,24,10
320275,320284,320309,25,9
320275,320285,320311,26,10
320275,320285,320312,27,10
320275,320285,320312,27,10
320275,320285,320313,28,10
320275,320284,320313,29,9
320275,320285,320313,28,10
320275,320286,320315,29,11
320275,320285,320316,31,10
320275,320286,320319,33,11
320275,320286,320324,38,11
320275,320286,320342,56,11
320275,320286,320349,63,11
320275,320287,320356,69,12
320275,320288,320356,68,13
320275,320288,320357,69,13
320275,320287,320357,70,12
320275,320287,320358,71,12
320275,320289,320358,69,14
320275,320288,320360,72,13
320275,320288,320360,72,13
320275,320289,320364,75,14
320275,320289,320365,76,14
320275,320288,320366,78,13
320275,320289,320366,77,14
320275,320288,320367,79,13
320275,320288,320367,79,13
320275,320288,320374,86,13
318826,318830,320623,1793,4
320622,320624,320663,39,2
320831,320831,320834,3,0
320831,320831,320834,3,0
320831,320831,320835,4,0
320831,320831,320835,4,0
320831,320831,320834,3,0
320831,320831,320834,3,0
320831,320831,320834,3,0
320831,320831,320835,4,0
320831,320831,320835,4,0
320831,320831,320835,4,0
320831,320831,320835,4,0
320831,320831,320835,4,0
320831,320831,320835,4,0
320831,320831,320836,5,0
320831,320831,320835,4,0
320831,320831,320835,4,0
320831,320832,320835,3,1
320831,320831,320835,4,0
320831,320831,320836,5,0
320831,320831,320835,4,0
320831,320831,320835,4,0
320831,320832,320835,3,1
320831,320831,320835,4,0
320831,320832,320835,3,1
320831,320831,320835,4,0
320831,320832,320836,4,1
320831,320831,320835,4,0
320831,320832,320835,3,1
320831,320832,320835,3,1
320831,320832,320835,3,1
320831,320832,320836,4,1
320831,320832,320836,4,1
320831,320832,320836,4,1
320831,320832,320836,4,1
320831,320832,320836,4,1
320831,320832,320836,4,1
320831,320832,320836,4,1
320831,320832,320836,4,1
320831,320832,320836,4,1
320831,320832,320836,4,1
320831,320832,320836,4,1
320831,320832,320836,4,1
320831,320832,320837,5,1
320831,320832,320836,4,1
320831,320832,320836,4,1
320831,320832,320836,4,1
320831,320832,320836,4,1
320831,320832,320836,4,1
320831,320832,320836,4,1
320831,320832,320836,4,1
320831,320832,320836,4,1
320831,320831,320836,5,0
320831,320832,320836,4,1
320831,320832,320836,4,1
320831,320832,320837,5,1
320831,320832,320837,5,1
320831,320832,320837,5,1
320831,320832,320836,4,1
320831,320832,320836,4,1
320831,320832,320836,4,1
320831,320832,320836,4,1
320831,320832,320836,4,1
320831,320832,320836,4,1
320831,320832,320836,4,1
320831,320832,320836,4,1
320831,320832,320837,5,1
320831,320832,320836,4,1
320831,320832,320836,4,1
320831,320832,320836,4,1
320831,320832,320836,4,1
320831,320832,320836,4,1
320831,320832,320836,4,1
320831,320835,320838,3,4
320831,320835,320838,3,4
320831,320835,320838,3,4
320831,320835,320838,3,4
320831,320835,320838,3,4
320831,320835,320838,3,4
320831,320835,320839,4,4
320831,320835,320838,3,4
320831,320836,320839,3,5
320831,320836,320839,3,5
320831,320836,320839,3,5
320831,320836,320839,3,5
320831,320836,320840,4,5
320831,320836,320839,3,5
320831,320836,320839,3,5
320831,320836,320839,3,5
320831,320836,320840,4,5
320831,320836,320839,3,5
320831,320836,320839,3,5
320831,320836,320840,4,5
320831,320836,320840,4,5
320831,320836,320840,4,5
320831,320836,320840,4,5
320831,320836,320840,4,5
320831,320836,320840,4,5
320831,320836,320840,4,5
320831,320836,320840,4,5
320831,320836,320841,5,5
320831,320836,320841,5,5
320831,320836,320841,5,5
320831,320837,320841,4,6
320831,320837,320841,4,6
320831,320836,320841,5,5
320831,320836,320841,5,5
321419,321419,321424,5,0
321419,321419,321425,6,0
321419,321419,321425,6,0
321419,321419,321424,5,0
321419,321419,321425,6,0
321419,321419,321425,6,0
321419,321419,321425,6,0
321419,321419,321425,6,0
321419,321419,321425,6,0
321419,321419,321426,7,0
321419,321419,321427,8,0
321419,321419,321426,7,0
321419,321419,321427,8,0
321419,321419,321427,8,0
321419,321419,321427,8,0
321419,321419,321427,8,0
321419,321419,321427,8,0
321419,321419,321427,8,0
321419,321419,321428,9,0
321419,321419,321428,9,0
321419,321419,321427,8,0
321419,321419,321428,9,0
321419,321419,321429,10,0
321419,321419,321429,10,0
321419,321419,321428,9,0
321419,321419,321429,10,0
321419,321419,321428,9,0
321419,321419,321429,10,0
321419,321419,321429,10,0
321419,321419,321429,10,0
321419,321419,321428,9,0
321419,321419,321428,9,0
321419,321419,321429,10,0
321419,321419,321429,10,0
321419,321419,321429,10,0
321419,321419,321429,10,0
321419,321419,321429,10,0
321419,321419,321430,11,0
321419,321419,321429,10,0
321419,321419,321429,10,0
321419,321419,321430,11,0
321419,321419,321429,10,0
321419,321419,321430,11,0
321419,321419,321430,11,0
321419,321419,321430,11,0
321419,321419,321429,10,0
321419,321419,321431,12,0
321419,321419,321430,11,0
321419,321419,321430,11,0
321419,321419,321431,12,0
321419,321419,321431,12,0
321419,321419,321431,12,0
321419,321419,321430,11,0
321419,321419,321431,12,0
321419,321419,321431,12,0
321419,321419,321431,12,0
321419,321419,321432,13,0
321419,321419,321432,13,0
321419,321419,321432,13,0
321419,321419,321432,13,0
321419,321419,321431,12,0
321419,321419,321431,12,0
321419,321419,321432,13,0
321419,321419,321432,13,0
321419,321419,321433,14,0
321419,321419,321432,13,0
321419,321419,321433,14,0
321419,321419,321433,14,0
321419,321419,321434,15,0
321419,321419,321435,16,0
321419,321419,321435,16,0
321419,321419,321435,16,0
321419,321425,321439,14,6
321419,321425,321439,14,6
321419,321425,321441,16,6
321419,321426,321443,17,7
321419,321425,321444,19,6
321419,321425,321443,18,6
321419,321426,321445,19,7
321419,321425,321444,19,6
321419,321426,321444,18,7
321419,321426,321446,20,7
321419,321427,321448,21,8
321419,321427,321448,21,8
321419,321427,321447,20,8
321419,321427,321447,20,8
321419,321427,321449,22,8
321419,321428,321450,22,9
321419,321428,321450,22,9
321419,321428,321465,37,9
321419,321428,321468,40,9
321419,321428,321469,41,9
321419,321428,321472,44,9
321419,321428,321472,44,9
321419,321429,321472,43,10
321419,321429,321473,44,10
321419,321429,321474,45,10
321419,321429,321474,45,10
321419,321429,321476,47,10
321419,321429,321477,48,10
321419,321429,321479,50,10
321419,321429,321480,51,10
321419,321429,321480,51,10
321419,321429,321480,51,10
321419,321429,321483,54,10
321419,321429,321488,59,10
321976,321976,321981,5,0
321976,321976,321981,5,0
321976,321976,321981,5,0
321976,321976,321981,5,0
321976,321976,321981,5,0
321976,321976,321981,5,0
321976,321976,321981,5,0
321976,321976,321983,7,0
321976,321976,321983,7,0
321976,321976,321982,6,0
321976,321976,321983,7,0
321976,321976,321983,7,0
321976,321976,321983,7,0
321976,321976,321982,6,0
321976,321976,321983,7,0
321976,321976,321984,8,0
321976,321976,321984,8,0
321976,321976,321984,8,0
321976,321976,321984,8,0
321976,321976,321984,8,0
321976,321976,321984,8,0
321976,321976,321984,8,0
321976,321976,321984,8,0
321976,321976,321984,8,0
321976,321976,321985,9,0
321976,321976,321985,9,0
321976,321976,321985,9,0
321976,321976,321985,9,0
321976,321976,321985,9,0
321976,321976,321985,9,0
321976,321976,321986,10,0
321976,321976,321986,10,0
321976,321976,321985,9,0
321976,321976,321985,9,0
321976,321976,321985,9,0
321976,321976,321985,9,0
321976,321976,321985,9,0
321976,321976,321985,9,0
321976,321976,321985,9,0
321976,321976,321985,9,0
321976,321976,321986,10,0
321976,321976,321986,10,0
321976,321976,321986,10,0
321976,321976,321986,10,0
321976,321976,321986,10,0
321976,321976,321986,10,0
321976,321976,321986,10,0
321976,321976,321986,10,0
321976,321976,321986,10,0
321976,321976,321986,10,0
321976,321976,321986,10,0
321976,321976,321986,10,0
321976,321976,321986,10,0
321976,321976,321986,10,0
321976,321976,321986,10,0
321976,321976,321986,10,0
321976,321976,321986,10,0
321976,321976,321987,11,0
321976,321976,321987,11,0
321976,321976,321987,11,0
321976,321976,321988,12,0
321976,321976,321987,11,0
321976,321976,321987,11,0
321976,321976,321987,11,0
321976,321976,321989,13,0
321976,321976,321988,12,0
321976,321976,321988,12,0
321976,321976,321988,12,0
321976,321976,321988,12,0
321976,321976,321988,12,0
321976,321976,321989,13,0
321976,321976,321989,13,0
321976,321981,321992,11,5
321976,321981,321991,10,5
321976,321982,321994,12,6
321976,321981,321994,13,5
321976,321982,321994,12,6
321976,321984,321996,12,8
321976,321984,321996,12,8
321976,321982,321996,14,6
321976,321984,321997,13,8
321976,321984,321997,13,8
321976,321983,321997,14,7
321976,321984,321998,14,8
321976,321984,321997,13,8
321976,321984,321998,14,8
321976,321984,321999,15,8
321976,321985,322000,15,9
321976,321985,322003,18,9
321976,321985,322012,27,9
321976,321985,322014,29,9
321976,321985,322014,29,9
321976,321985,322017,32,9
321976,321985,322019,34,9
321976,321985,322020,35,9
321976,321985,322020,35,9
321976,321986,322021,35,10
321976,321986,322021,35,10
321976,321986,322021,35,10
321976,321986,322022,36,10
321976,321986,322022,36,10
321976,321986,322022,36,10
321976,321986,322022,36,10
321976,321986,322026,40,10
321976,321986,322026,40,10
321976,321986,322028,42,10
322189,322189,322439,250,0
322755,322757,322780,23,2
322778,322781,322786,5,3
322782,322790,322818,28,8
323634,323634,324264,630,0
322908,322909,324345,1436,1
324343,324347,324382,35,4
378593,378595,378618,23,2
378616,378619,378625,6,3
378620,378627,378656,29,7
378742,378744,380210,1466,2
380208,380211,380250,39,3
380782,380784,381434,650,2
381433,381435,381438,3,2
381437,381440,381597,157,3
381745,381746,384433,2687,1
384431,384433,384468,35,2
386135,386137,386435,298,2
386460,386461,387128,667,1
387126,387129,387131,2,3
387131,387133,387273,140,2
387272,387274,387280,6,2
388450,388450,388688,238,0
387420,387422,389295,1873,2
389294,389296,389308,12,2
388820,388820,389444,624,0
391241,391243,391293,50,2
391292,391294,391305,11,2
391296,391307,391324,17,11
391323,391326,391336,10,3
391391,391392,392962,1570,1
392961,392964,392994,30,3
395267,395267,395579,312,0
395809,395809,396025,216,0
396190,396190,396405,215,0
396533,396533,397266,733,0
402113,402114,402859,745,1
402857,402859,402863,4,2
402862,402864,402898,34,2
404820,404820,404924,104,0
404817,404817,404940,123,0
404821,404821,404951,130,0
404821,404821,404958,137,0
404809,404809,404961,152,0
404814,404814,404987,173,0
404809,404810,405070,260,1
404808,404808,405087,279,0
404815,404815,405091,276,0
404819,404819,405105,286,0
404819,404819,405120,301,0
404811,404811,405186,375,0
404817,404817,405210,393,0
404809,404809,405217,408,0
404811,404811,405503,692,0
404809,404809,405512,703,0
404811,404811,405559,748,0
404814,404815,406960,2145,1
404810,404810,407363,2553,0
404809,404809,407609,2800,0
404819,404819,407770,2951,0
404818,404818,407773,2955,0
404821,404821,407773,2952,0
404815,404815,407777,2962,0
404817,404817,407777,2960,0
404817,404817,407778,2961,0
404815,404815,407778,2963,0
404809,404809,407779,2970,0
404815,404815,407788,2973,0
404812,404812,407795,2983,0
404813,404813,407801,2988,0
404814,404814,407809,2995,0
404815,404815,407808,2993,0
404807,404807,407810,3003,0
404809,404809,407811,3002,0
404813,404813,407821,3008,0
404813,404814,407822,3008,1
404820,404820,407822,3002,0
404818,404818,407829,3011,0
404819,404819,407833,3014,0
404818,404818,407835,3017,0
404816,404816,407839,3023,0
404814,404814,407863,3049,0
404811,404811,407864,3053,0
404820,404820,407888,3068,0
404820,404820,407898,3078,0
404808,404808,407906,3098,0
404817,404817,407912,3095,0
404818,404818,407921,3103,0
404819,404820,407928,3108,1
404810,404810,407928,3118,0
404818,404818,407933,3115,0
404820,404820,407934,3114,0
404816,404816,408112,3296,0
404810,404810,408136,3326,0
404813,408113,408153,40,3300
404807,408113,408153,40,3306
404817,404817,408153,3336,0
404812,408113,408156,43,3301
404816,408113,408156,43,3297
404810,408113,408157,44,3303
404815,408113,408156,43,3298
404816,404816,408202,3386,0
404816,408157,408226,69,3341
404816,408157,408229,72,3341
404821,404821,408229,3408,0
404812,408113,408229,116,3301
404814,404814,408246,3432,0
404812,408157,408247,90,3345
404811,404811,408247,3436,0
404808,408157,408248,91,3349
404810,408229,408248,19,3419
404817,404817,408270,3453,0
404813,404813,408270,3457,0
404812,404812,408277,3465,0
404819,404819,408281,3462,0
404808,404808,408293,3485,0
404820,404820,408405,3585,0
404811,404811,408501,3690,0
404808,404808,408536,3728,0
404818,404818,408648,3830,0
404820,404820,408726,3906,0
404818,404818,409195,4377,0
404808,404809,409224,4415,1
404814,404814,409251,4437,0
404809,404809,409268,4459,0
404812,404812,409349,4537,0
404811,404811,409403,4592,0
404808,404808,409721,4913,0
404812,404812,409742,4930,0
404814,404814,410058,5244,0
404819,404819,410242,5423,0
404813,404813,410567,5754,0
425919,425920,425921,1,1
425919,425920,425921,1,1
425919,425920,425967,47,1
425920,425921,425967,46,1
425919,425920,425967,47,1
425920,425921,425967,46,1
425920,425922,425967,45,2
425920,425922,425967,45,2
425919,425920,425967,47,1
425919,425920,425967,47,1
425920,425921,425967,46,1
425920,425922,425967,45,2
425918,425920,425967,47,2
425919,425920,425967,47,1
425919,425921,425967,46,2
425920,425921,425967,46,1
425921,425922,425967,45,1
425919,425920,425967,47,1
425918,425920,425967,47,2
425918,425921,425967,46,3
425920,425921,425967,46,1
425921,425922,425967,45,1
425921,425922,425967,45,1
425994,425995,425996,1,1
425993,425994,426079,85,1
425992,425995,426080,85,3
425995,425996,426089,93,1
425993,425994,426091,97,1
425993,425995,426092,97,2
425994,425995,426094,99,1
425995,425996,426102,106,1
425992,425995,426104,109,3
425993,425993,426108,115,0
425995,425996,426120,124,1
425995,425996,426119,123,1
425996,425997,426122,125,1
425994,425995,426125,130,1
425996,425997,426127,130,1
425993,425994,426127,133,1
425995,425996,426133,137,1
425995,426007,426137,130,12
425994,425995,426141,146,1
425993,425994,426142,148,1
425994,425995,426152,157,1
425995,425997,426166,169,2
425994,425995,426170,175,1
425993,425994,426171,177,1
425992,426081,426180,99,89
425994,425995,426227,232,1
425993,425995,426227,232,2
425996,425997,426227,230,1
426257,426257,426258,1,0
426256,426257,426259,2,1
426257,426258,426366,108,1
426255,426257,426383,126,2
426258,426259,426400,141,1
426258,426276,426412,136,18
426256,426257,426534,277,1
426257,426257,426556,299,0
426256,426257,430567,4310,1
426256,426257,435728,9471,1
426257,426258,436633,10375,1
426255,426259,436849,10590,4
426256,426257,437161,10904,1
426256,426257,437327,11070,1
426255,426256,437617,11361,1
426256,426257,437743,11486,1
426258,426259,438013,11754,1
426257,426259,438167,11908,2
426258,426259,438479,12220,1
426258,426259,438692,12433,1
426257,426258,438838,12580,1
426256,426257,439367,13110,1
426258,426259,439670,13411,1
426257,426258,439677,13419,1
426255,426256,440710,14454,1
426258,426428,440750,14322,170
426255,426256,440770,14514,1
426258,426259,440884,14625,1
426257,426258,442958,16700,1
426252,465937,466115,178,39685
426247,465917,466123,206,39670
426247,465922,466134,212,39675
426254,465952,466154,202,39698
426248,465922,466181,259,39674
426253,465937,466202,265,39684
426253,465952,466225,273,39699
426247,465922,466420,498,39675
426250,465927,466420,493,39677
426249,465927,466606,679,39678
426248,465922,466612,690,39674
426250,465927,466645,718,39677
426253,465937,467437,1500,39684
426254,465952,467688,1736,39698
426251,465927,467931,2004,39676
426251,465932,467943,2011,39681
426248,465922,467943,2021,39674
426252,465932,467954,2022,39680
426250,465927,467954,2027,39677
426250,465927,467959,2032,39677
426250,465927,467963,2036,39677
426246,465917,467975,2058,39671
426252,465937,467978,2041,39685
426252,465932,467984,2052,39680
426249,465922,468004,2082,39673
426250,465927,468004,2077,39677
426250,465927,468006,2079,39677
426251,465932,468009,2077,39681
426247,465922,468012,2090,39675
426253,465937,468017,2080,39684
426251,465927,468022,2095,39676
426249,465927,468024,2097,39678
426252,465937,468037,2100,39685
426248,465922,468046,2124,39674
426252,465932,468055,2123,39680
426250,465927,468062,2135,39677
426251,465927,468062,2135,39676
426253,465937,468091,2154,39684
426251,465927,468100,2173,39676
426249,465922,468147,2225,39673
426249,465922,468213,2291,39673
426248,465922,468253,2331,39674
468053,468055,468331,276,2
468330,468332,468334,2,2
468335,468336,468362,26,1
468360,468362,468372,10,2
426252,465932,470744,4812,39680
468455,468456,474385,5929,1
474383,474386,474423,37,3
426254,465952,475184,9232,39698
426255,465952,476504,10552,39697
426248,465922,477681,11759,39674
426255,465952,477728,11776,39697
426254,465952,478276,12324,39698
426253,465952,478369,12417,39699
426247,465917,478608,12691,39670
426247,465917,478907,12990,39670
426254,465952,479394,13442,39698
426246,465917,479699,13782,39671
426253,465952,480410,14458,39699
426254,465952,481644,15692,39698
426253,465952,481778,15826,39699
426254,465952,482118,16166,39698
426247,465917,482344,16427,39670
426253,465952,482654,16702,39699
426255,465952,484383,18431,39697
426249,465922,484445,18523,39673
426247,465917,484672,18755,39670
426247,465922,484713,18791,39675
426246,465917,485044,19127,39671
484898,484898,485126,228,0
484909,484911,485640,729,2
485639,485641,485648,7,2
485643,485651,485684,33,8
426249,465927,485810,19883,39678
426252,465937,485904,19967,39685
426249,465927,486409,20482,39678
426248,465922,486528,20606,39674
426251,465932,486664,20732,39681
426248,465922,487305,21383,39674
486872,486873,487561,688,1
426251,465932,488715,22783,39681
492643,492644,492754,110,1
492699,492700,493080,380,1
493604,493605,494551,946,1
495596,495597,495838,241,1
485799,485801,503604,17803,2
503602,503606,503637,31,4
492161,492164,515419,23255,3
515418,515420,515422,2,2
495012,515420,515648,228,20408
515424,515651,515690,39,227
515830,515831,518663,2832,1
518662,518664,518695,31,2
539401,539403,549608,10205,2
549606,549609,549611,2,3
549611,549613,549654,41,2
549652,549655,549665,10,3
549796,549798,653169,103371,2
