submit_time,start_time,end_time,run_time,wait_time
114631,114632,114733,101,1
114836,114836,114949,113,0
114878,114879,115265,386,1
121065,121066,121067,1,1
121178,121178,121179,1,0
121186,121186,121187,1,0
121194,121194,121195,1,0
121323,121323,121324,1,0
121331,121331,121332,1,0
121339,121339,121340,1,0
121612,121613,121615,2,1
122182,122182,122270,88,0
122446,122446,122520,74,0
122716,122716,122798,82,0
123074,123074,123095,21,0
123155,123155,123174,19,0
123224,123225,123243,18,1
123488,123488,123513,25,0
123579,123579,123622,43,0
123709,123709,123734,25,0
123796,123796,123824,28,0
123899,123899,123929,30,0
123966,123966,123979,13,0
124005,124005,124018,13,0
124044,124045,124058,13,1
124222,124222,124250,28,0
124329,124329,124356,27,0
124439,124439,124467,28,0
124509,124509,124522,13,0
124561,124561,124575,14,0
124610,124610,124624,14,0
124825,124826,124923,97,1
125113,125114,125184,70,1
125372,125373,125439,66,1
125596,125596,125650,54,0
125803,125803,125862,59,0
126001,126002,126056,54,1
126178,126178,126222,44,0
126338,126338,126379,41,0
126500,126500,126542,42,0
126577,126577,126590,13,0
126623,126623,126638,15,0
126670,126670,126684,14,0
126709,126709,126710,1,0
126717,126717,126718,1,0
126766,126766,126780,14,0
126820,126820,126841,21,0
126872,126872,126889,17,0
126944,126944,126956,12,0
126992,126993,127005,12,1
127034,127034,127047,13,0
127136,127136,127143,7,0
127165,127165,127173,8,0
127193,127193,127199,6,0
127251,127251,127259,8,0
127281,127281,127288,7,0
127312,127313,127320,7,1
127464,127465,127488,23,1
127543,127544,127567,23,1
127620,127620,127643,23,0
127721,127722,127734,12,1
127755,127756,127768,12,1
127791,127791,127807,16,0
127873,127874,127889,15,1
127930,127930,127949,19,0
127988,127988,128004,16,0
128145,128145,128179,34,0
128270,128270,128304,34,0
128400,128400,128434,34,0
128577,128577,128609,32,0
128691,128691,128721,30,0
128799,128800,128831,31,1
129130,129131,129170,39,1
129276,129277,129317,40,1
129420,129420,129459,39,0
129539,129539,129564,25,0
129630,129630,129655,25,0
129720,129720,129757,37,0
129805,129806,129821,15,1
129863,129863,129879,16,0
129921,129922,129937,15,1
130031,130031,130048,17,0
130080,130081,130094,13,1
130126,130126,130140,14,0
130367,130368,130449,81,1
130659,130659,130736,77,0
130948,130948,131026,78,0
132007,132008,132099,91,1
132305,132306,132385,79,1
132592,132593,132671,78,1
132786,132786,132821,35,0
132910,132911,132945,34,1
133039,133039,133074,35,0
133259,133259,133295,36,0
133460,133461,133496,35,1
133680,133680,133715,35,0
133807,133807,133824,17,0
133893,133894,133910,16,1
133986,133986,134004,18,0
134097,134097,134115,18,0
134183,134184,134202,18,1
134280,134280,134302,22,0
134392,134392,134411,19,0
134489,134489,134508,19,0
134589,134589,134608,19,0
135081,135082,135084,2,1
135091,135092,135094,2,1
135101,135102,135104,2,1
135182,135182,135185,3,0
135193,135193,135196,3,0
135204,135204,135207,3,0
135360,135361,135367,6,1
135385,135386,135392,6,1
135408,135409,135416,7,1
135469,135469,135477,8,0
135488,135489,135497,8,1
135509,135510,135517,7,1
135570,135570,135577,7,0
135589,135589,135596,7,0
135608,135608,135616,8,0
135646,135646,135653,7,0
135665,135665,135672,7,0
135683,135684,135691,7,1
135883,135884,135901,17,1
135977,135977,135994,17,0
136062,136063,136079,16,1
136273,136273,136309,36,0
136455,136455,136482,27,0
136582,136583,136600,17,1
136705,136705,136723,18,0
136792,136792,136810,18,0
136882,136883,136900,17,1
137008,137008,137010,2,0
137116,137116,137118,2,0
137125,137126,137128,2,1
137135,137135,137137,2,0
142361,142363,142382,19,2
142403,142405,142522,117,2
142567,142568,142575,7,1
142595,142596,142718,122,1
143086,143088,143334,246,2
143443,143445,143450,5,2
143561,143563,143567,4,2
143643,143645,143650,5,2
146868,146868,146872,4,0
146868,146868,146872,4,0
146868,146868,146872,4,0
146868,146868,146872,4,0
146868,146868,146872,4,0
146868,146868,146872,4,0
146868,146868,146872,4,0
146868,146868,146872,4,0
146868,146868,146872,4,0
146868,146868,146872,4,0
146868,146868,146872,4,0
146868,146868,146872,4,0
146868,146868,146872,4,0
146868,146868,146872,4,0
146868,146868,146872,4,0
146868,146868,146872,4,0
146868,146868,146872,4,0
146868,146868,146872,4,0
146868,146868,146872,4,0
146868,146868,146872,4,0
146868,146868,146872,4,0
146868,146868,146872,4,0
146868,146868,146872,4,0
146868,146868,146872,4,0
146868,146868,146872,4,0
146868,146868,146872,4,0
146868,146868,146872,4,0
146868,146868,146872,4,0
146868,146868,146872,4,0
146868,146868,146872,4,0
146868,146868,146872,4,0
146868,146868,146872,4,0
146868,146868,146872,4,0
146868,146868,146872,4,0
146868,146868,146872,4,0
146868,146868,146872,4,0
146868,146868,146872,4,0
146868,146868,146872,4,0
146868,146868,146872,4,0
146868,146868,146872,4,0
146868,146868,146872,4,0
146868,146868,146872,4,0
146868,146868,146873,5,0
146868,146868,146873,5,0
146868,146868,146873,5,0
146868,146868,146872,4,0
146868,146868,146872,4,0
146868,146868,146873,5,0
146868,146868,146873,5,0
146868,146868,146873,5,0
146868,146868,146872,4,0
146868,146868,146873,5,0
146868,146868,146873,5,0
146868,146868,146873,5,0
146868,146868,146873,5,0
146868,146868,146873,5,0
146868,146868,146873,5,0
146868,146868,146873,5,0
146868,146868,146873,5,0
146868,146868,146873,5,0
146868,146868,146873,5,0
146868,146868,146874,6,0
146868,146868,146873,5,0
146868,146868,146873,5,0
146868,146868,146873,5,0
146868,146868,146873,5,0
146868,146868,146873,5,0
146868,146868,146874,6,0
146868,146868,146874,6,0
146868,146872,146874,2,4
146868,146872,146874,2,4
146868,146868,146873,5,0
146868,146868,146874,6,0
146868,146868,146874,6,0
146868,146868,146874,6,0
146868,146868,146874,6,0
146868,146868,146874,6,0
146868,146868,146874,6,0
146868,146868,146874,6,0
146868,146868,146874,6,0
146868,146868,146874,6,0
146868,146868,146874,6,0
146868,146872,146874,2,4
146868,146872,146874,2,4
146868,146872,146875,3,4
146868,146873,146875,2,5
146868,146872,146874,2,4
146868,146872,146875,3,4
146868,146872,146875,3,4
146868,146872,146875,3,4
146868,146872,146875,3,4
146868,146872,146875,3,4
146868,146872,146875,3,4
146868,146872,146875,3,4
146868,146872,146875,3,4
146868,146872,146875,3,4
146868,146872,146875,3,4
146868,146872,146875,3,4
146868,146872,146875,3,4
146868,146872,146875,3,4
146868,146873,146875,2,5
146868,146873,146875,2,5
146868,146872,146875,3,4
146868,146873,146875,2,5
146868,146873,146875,2,5
146868,146873,146875,2,5
146868,146873,146875,2,5
146868,146873,146876,3,5
146868,146873,146875,2,5
146868,146873,146875,2,5
146868,146873,146875,2,5
146868,146873,146875,2,5
146868,146873,146875,2,5
146868,146873,146875,2,5
146868,146873,146875,2,5
146868,146872,146875,3,4
146868,146873,146875,2,5
146868,146873,146875,2,5
146868,146873,146875,2,5
146868,146873,146876,3,5
146868,146873,146876,3,5
146868,146873,146876,3,5
146868,146873,146875,2,5
146868,146873,146875,2,5
146868,146873,146876,3,5
146868,146873,146876,3,5
146868,146874,146876,2,6
146868,146874,146876,2,6
146868,146874,146876,2,6
146868,146874,146876,2,6
146868,146874,146876,2,6
146868,146874,146876,2,6
146868,146874,146876,2,6
146868,146873,146876,3,5
146868,146873,146876,3,5
146868,146874,146876,2,6
146868,146874,146876,2,6
146868,146874,146876,2,6
146868,146874,146876,2,6
146868,146873,146876,3,5
146868,146874,146876,2,6
146868,146874,146876,2,6
146868,146874,146876,2,6
146868,146874,146876,2,6
146868,146874,146877,3,6
146868,146874,146877,3,6
146868,146874,146877,3,6
146868,146875,146877,2,7
146868,146874,146877,3,6
146868,146875,146877,2,7
146868,146875,146877,2,7
146868,146874,146877,3,6
146868,146874,146877,3,6
146868,146875,146877,2,7
146868,146875,146877,2,7
146868,146875,146877,2,7
146868,146875,146877,2,7
146868,146875,146877,2,7
146868,146875,146877,2,7
146868,146874,146877,3,6
146868,146876,146878,2,8
146868,146874,146877,3,6
146868,146874,146877,3,6
146868,146875,146877,2,7
146868,146875,146877,2,7
146868,146875,146877,2,7
146868,146875,146877,2,7
146868,146875,146877,2,7
146868,146875,146878,3,7
146868,146875,146878,3,7
146868,146875,146878,3,7
146868,146875,146878,3,7
146868,146875,146878,3,7
146868,146875,146878,3,7
146868,146875,146878,3,7
146868,146876,146878,2,8
146868,146876,146878,2,8
146868,146876,146878,2,8
146868,146876,146878,2,8
146868,146876,146878,2,8
146868,146876,146878,2,8
146868,146876,146878,2,8
146868,146876,146879,3,8
146868,146876,146878,2,8
146868,146876,146878,2,8
146868,146876,146879,3,8
146868,146876,146879,3,8
146868,146876,146878,2,8
146868,146876,146878,2,8
146868,146876,146879,3,8
146868,146876,146878,2,8
146868,146876,146879,3,8
146868,146876,146879,3,8
146868,146876,146878,2,8
146868,146876,146878,2,8
146868,146876,146879,3,8
146868,146876,146879,3,8
146868,146876,146878,2,8
146868,146876,146878,2,8
146884,146884,146887,3,0
146884,146884,146887,3,0
146884,146884,146887,3,0
146884,146884,146888,4,0
146884,146884,146887,3,0
146884,146884,146887,3,0
146884,146884,146887,3,0
146884,146884,146887,3,0
146884,146884,146887,3,0
146884,146884,146887,3,0
146884,146884,146887,3,0
146884,146884,146887,3,0
146884,146884,146887,3,0
146884,146884,146887,3,0
146884,146884,146887,3,0
146884,146884,146888,4,0
146884,146884,146887,3,0
146884,146884,146887,3,0
146884,146884,146887,3,0
146884,146884,146887,3,0
146884,146884,146888,4,0
146884,146884,146887,3,0
146884,146884,146887,3,0
146884,146884,146887,3,0
146884,146884,146887,3,0
146884,146884,146887,3,0
146884,146884,146887,3,0
146884,146884,146887,3,0
146884,146884,146888,4,0
146884,146884,146887,3,0
146884,146884,146888,4,0
146884,146884,146887,3,0
146884,146884,146887,3,0
146884,146884,146887,3,0
146884,146884,146888,4,0
146884,146884,146887,3,0
146884,146884,146887,3,0
146884,146884,146887,3,0
146884,146884,146887,3,0
146884,146884,146887,3,0
146884,146884,146888,4,0
146884,146884,146887,3,0
146884,146884,146887,3,0
146884,146884,146887,3,0
146884,146884,146887,3,0
146884,146884,146888,4,0
146884,146884,146888,4,0
146884,146884,146888,4,0
146884,146884,146889,5,0
146884,146884,146889,5,0
146884,146884,146888,4,0
146884,146884,146889,5,0
146884,146884,146888,4,0
146884,146884,146889,5,0
146884,146884,146889,5,0
146884,146884,146888,4,0
146884,146884,146888,4,0
146884,146884,146888,4,0
146884,146884,146889,5,0
146884,146884,146888,4,0
146884,146884,146888,4,0
146884,146884,146889,5,0
146884,146884,146888,4,0
146884,146884,146888,4,0
146884,146884,146888,4,0
146884,146884,146888,4,0
146884,146884,146889,5,0
146884,146884,146888,4,0
146884,146884,146888,4,0
146884,146884,146888,4,0
146884,146884,146888,4,0
146884,146884,146889,5,0
146884,146884,146888,4,0
146884,146884,146889,5,0
146884,146884,146888,4,0
146884,146884,146888,4,0
146884,146884,146888,4,0
146884,146884,146889,5,0
146884,146884,146889,5,0
146884,146884,146889,5,0
146884,146888,146890,2,4
146884,146888,146890,2,4
146884,146888,146890,2,4
146884,146888,146890,2,4
146884,146888,146890,2,4
146884,146888,146890,2,4
146884,146888,146890,2,4
146884,146888,146890,2,4
146884,146888,146890,2,4
146925,146925,146927,2,0
146925,146925,146928,3,0
146925,146925,146928,3,0
146925,146925,146928,3,0
146925,146925,146928,3,0
146925,146925,146928,3,0
146925,146925,146928,3,0
146925,146925,146928,3,0
146925,146926,146928,2,1
146925,146926,146928,2,1
146925,146925,146928,3,0
146925,146925,146928,3,0
146925,146925,146928,3,0
146925,146925,146928,3,0
146925,146925,146928,3,0
146925,146925,146928,3,0
146925,146926,146928,2,1
146925,146925,146928,3,0
146925,146925,146928,3,0
146925,146925,146928,3,0
146925,146925,146928,3,0
146925,146925,146928,3,0
146925,146925,146928,3,0
146925,146926,146928,2,1
146925,146925,146928,3,0
146925,146925,146928,3,0
146925,146925,146928,3,0
146925,146925,146928,3,0
146925,146925,146928,3,0
146925,146925,146928,3,0
146925,146926,146928,2,1
146925,146926,146928,2,1
146925,146925,146928,3,0
146925,146925,146928,3,0
146925,146925,146928,3,0
146925,146925,146928,3,0
146925,146925,146928,3,0
146925,146925,146928,3,0
146925,146925,146928,3,0
146925,146926,146928,2,1
146925,146925,146928,3,0
146925,146925,146929,4,0
146925,146925,146929,4,0
146925,146925,146928,3,0
146925,146925,146928,3,0
146925,146925,146928,3,0
146925,146925,146928,3,0
146925,146925,146928,3,0
146925,146925,146928,3,0
146925,146926,146929,3,1
146925,146926,146929,3,1
146925,146926,146928,2,1
146925,146925,146928,3,0
146925,146925,146928,3,0
146925,146925,146928,3,0
146925,146925,146928,3,0
146925,146925,146928,3,0
146925,146925,146928,3,0
146925,146926,146929,3,1
146925,146926,146928,2,1
146925,146925,146928,3,0
146925,146925,146928,3,0
146925,146925,146928,3,0
146925,146925,146928,3,0
146925,146925,146928,3,0
146925,146926,146928,2,1
146925,146926,146928,2,1
146925,146926,146928,2,1
146925,146925,146928,3,0
146925,146925,146928,3,0
146925,146925,146929,4,0
146925,146925,146929,4,0
146925,146925,146928,3,0
146925,146926,146929,3,1
146925,146925,146929,4,0
146925,146925,146929,4,0
146925,146926,146929,3,1
146925,146926,146929,3,1
146925,146926,146929,3,1
146925,146926,146929,3,1
146925,146928,146929,1,3
146925,146928,146929,1,3
146925,146929,146930,1,4
146925,146929,146931,2,4
146925,146929,146931,2,4
146925,146929,146931,2,4
146925,146929,146931,2,4
146925,146929,146931,2,4
146925,146929,146931,2,4
146925,146929,146931,2,4
146925,146929,146931,2,4
146925,146929,146931,2,4
146925,146929,146931,2,4
146925,146929,146931,2,4
146925,146929,146931,2,4
146925,146929,146931,2,4
146925,146929,146931,2,4
146925,146929,146931,2,4
146925,146929,146931,2,4
146925,146929,146931,2,4
146925,146929,146931,2,4
146925,146929,146932,3,4
146925,146929,146931,2,4
146925,146929,146931,2,4
146925,146929,146931,2,4
146925,146929,146931,2,4
146925,146929,146931,2,4
146925,146929,146932,3,4
146925,146929,146931,2,4
146925,146929,146931,2,4
146925,146929,146932,3,4
146925,146929,146931,2,4
146925,146929,146931,2,4
146925,146929,146931,2,4
146925,146929,146931,2,4
146925,146929,146931,2,4
146925,146929,146932,3,4
146925,146930,146932,2,5
146925,146930,146932,2,5
146925,146929,146931,2,4
146925,146929,146931,2,4
146925,146929,146931,2,4
146925,146930,146932,2,5
146925,146930,146932,2,5
146925,146930,146932,2,5
146925,146929,146931,2,4
146925,146929,146932,3,4
146925,146929,146932,3,4
146925,146930,146932,2,5
146925,146929,146931,2,4
146925,146929,146932,3,4
146925,146929,146932,3,4
146925,146929,146932,3,4
146925,146929,146931,2,4
146925,146929,146932,3,4
146925,146929,146932,3,4
146925,146929,146931,2,4
146925,146929,146931,2,4
146925,146929,146931,2,4
146925,146929,146931,2,4
146925,146929,146932,3,4
146925,146929,146931,2,4
146925,146930,146932,2,5
146925,146929,146932,3,4
146925,146929,146932,3,4
146925,146929,146932,3,4
146925,146929,146932,3,4
146925,146929,146932,3,4
146925,146929,146932,3,4
146925,146929,146932,3,4
146925,146929,146932,3,4
146925,146929,146932,3,4
146925,146929,146932,3,4
146925,146929,146932,3,4
146925,146929,146932,3,4
146925,146929,146932,3,4
146925,146929,146932,3,4
146925,146929,146932,3,4
146925,146929,146932,3,4
146925,146929,146932,3,4
146925,146929,146932,3,4
146925,146931,146933,2,6
146925,146931,146933,2,6
146925,146931,146933,2,6
146925,146931,146933,2,6
146925,146931,146933,2,6
146925,146931,146933,2,6
146925,146931,146933,2,6
146925,146931,146933,2,6
146925,146931,146933,2,6
146925,146931,146933,2,6
146925,146930,146932,2,5
146925,146931,146933,2,6
146925,146931,146933,2,6
146925,146931,146933,2,6
146925,146931,146933,2,6
146925,146931,146933,2,6
146925,146931,146933,2,6
146925,146931,146933,2,6
146925,146932,146934,2,7
146925,146932,146934,2,7
146925,146932,146934,2,7
146925,146932,146934,2,7
146925,146932,146934,2,7
146925,146932,146934,2,7
146925,146932,146934,2,7
146925,146932,146934,2,7
146925,146932,146934,2,7
146925,146932,146934,2,7
146925,146932,146934,2,7
146925,146932,146934,2,7
146925,146932,146934,2,7
146925,146932,146934,2,7
146925,146932,146934,2,7
146925,146932,146934,2,7
146925,146932,146934,2,7
146925,146932,146934,2,7
146925,146932,146934,2,7
146925,146932,146934,2,7
146940,146940,146942,2,0
146940,146940,146942,2,0
146940,146940,146942,2,0
146940,146940,146942,2,0
146940,146940,146943,3,0
146940,146940,146942,2,0
146940,146940,146943,3,0
146940,146940,146943,3,0
146940,146940,146943,3,0
146940,146940,146943,3,0
146940,146940,146942,2,0
146940,146940,146943,3,0
146940,146940,146943,3,0
146940,146940,146943,3,0
146940,146940,146943,3,0
146940,146940,146943,3,0
146940,146940,146943,3,0
146940,146940,146943,3,0
146940,146940,146943,3,0
146940,146940,146942,2,0
146940,146940,146943,3,0
146940,146940,146943,3,0
146940,146940,146943,3,0
146940,146940,146943,3,0
146940,146940,146943,3,0
146940,146940,146942,2,0
146940,146940,146942,2,0
146940,146940,146943,3,0
146940,146940,146943,3,0
146940,146940,146943,3,0
146940,146940,146943,3,0
146940,146940,146943,3,0
146940,146940,146943,3,0
146940,146940,146943,3,0
146940,146940,146942,2,0
146940,146940,146943,3,0
146940,146940,146943,3,0
146940,146940,146943,3,0
146940,146940,146943,3,0
146940,146940,146943,3,0
146940,146940,146943,3,0
146940,146940,146943,3,0
146940,146940,146942,2,0
146940,146940,146943,3,0
146940,146940,146943,3,0
146940,146940,146943,3,0
146940,146940,146943,3,0
146940,146940,146943,3,0
146940,146941,146943,2,1
146940,146940,146943,3,0
146940,146940,146943,3,0
146940,146940,146943,3,0
146940,146940,146943,3,0
146940,146940,146943,3,0
146940,146940,146943,3,0
146940,146940,146943,3,0
146940,146940,146943,3,0
146940,146940,146943,3,0
146940,146940,146943,3,0
146940,146940,146943,3,0
146940,146940,146943,3,0
146940,146940,146943,3,0
146940,146940,146943,3,0
146940,146940,146943,3,0
146940,146940,146943,3,0
146940,146940,146943,3,0
146940,146940,146943,3,0
146940,146940,146943,3,0
146940,146940,146943,3,0
146940,146940,146943,3,0
146940,146940,146943,3,0
146940,146940,146943,3,0
146940,146940,146943,3,0
146940,146940,146943,3,0
146940,146940,146943,3,0
146940,146940,146943,3,0
146940,146940,146943,3,0
146940,146940,146943,3,0
146940,146940,146943,3,0
146940,146940,146943,3,0
146940,146942,146944,2,2
146940,146943,146944,1,3
146940,146943,146944,1,3
146940,146943,146944,1,3
146940,146943,146944,1,3
146940,146943,146944,1,3
146940,146943,146944,1,3
146940,146943,146944,1,3
146940,146943,146944,1,3
147748,147750,147886,136,2
147996,147998,148504,506,2
148503,148505,148607,102,2
148549,148610,148950,340,61
148948,148951,148952,1,3
150161,150162,150164,2,1
150161,150162,150164,2,1
150161,150162,150164,2,1
150161,150162,150164,2,1
150161,150162,150164,2,1
150161,150162,150164,2,1
150161,150162,150165,3,1
150161,150162,150164,2,1
150161,150162,150164,2,1
150161,150162,150164,2,1
150161,150162,150164,2,1
150161,150162,150164,2,1
150161,150162,150164,2,1
150161,150162,150164,2,1
150161,150162,150164,2,1
150161,150162,150164,2,1
150161,150162,150164,2,1
150161,150162,150165,3,1
150161,150162,150165,3,1
150161,150162,150165,3,1
150161,150162,150164,2,1
150161,150162,150164,2,1
150161,150162,150165,3,1
150161,150162,150165,3,1
150161,150162,150165,3,1
150161,150162,150164,2,1
150161,150162,150164,2,1
150161,150162,150165,3,1
150161,150162,150165,3,1
150161,150162,150165,3,1
150161,150162,150164,2,1
150161,150162,150165,3,1
150161,150162,150164,2,1
150161,150162,150164,2,1
150161,150162,150164,2,1
150161,150162,150164,2,1
150161,150162,150164,2,1
150161,150162,150165,3,1
150161,150162,150165,3,1
150161,150162,150165,3,1
150161,150162,150164,2,1
150161,150162,150164,2,1
150161,150162,150164,2,1
150161,150162,150164,2,1
150161,150162,150164,2,1
150161,150162,150165,3,1
150161,150162,150164,2,1
150161,150162,150165,3,1
150161,150162,150164,2,1
150161,150162,150164,2,1
150161,150162,150164,2,1
150161,150162,150164,2,1
150161,150162,150164,2,1
150161,150162,150165,3,1
150161,150162,150165,3,1
150161,150162,150165,3,1
150161,150162,150165,3,1
150161,150162,150165,3,1
150161,150162,150165,3,1
150161,150162,150165,3,1
150161,150162,150165,3,1
150161,150162,150165,3,1
150161,150162,150165,3,1
150161,150162,150165,3,1
150161,150162,150165,3,1
150161,150162,150165,3,1
150161,150162,150165,3,1
150161,150162,150165,3,1
150161,150162,150165,3,1
150161,150162,150165,3,1
150161,150162,150165,3,1
150161,150162,150165,3,1
150161,150162,150165,3,1
150161,150162,150165,3,1
150161,150162,150165,3,1
150161,150162,150165,3,1
150161,150162,150165,3,1
150161,150162,150165,3,1
150161,150162,150165,3,1
150161,150162,150165,3,1
150161,150164,150165,1,3
150161,150164,150166,2,3
150161,150164,150166,2,3
150161,150165,150167,2,4
150161,150165,150166,1,4
150161,150165,150167,2,4
150161,150165,150167,2,4
150161,150165,150167,2,4
150161,150165,150167,2,4
150161,150165,150167,2,4
150161,150166,150167,1,5
150161,150166,150167,1,5
150161,150166,150167,1,5
150161,150166,150168,2,5
150161,150166,150168,2,5
150161,150166,150168,2,5
150161,150166,150168,2,5
150161,150166,150168,2,5
150161,150166,150167,1,5
150161,150166,150168,2,5
150161,150166,150168,2,5
150161,150166,150168,2,5
150161,150166,150168,2,5
150161,150166,150168,2,5
150161,150165,150167,2,4
150161,150165,150167,2,4
150161,150165,150167,2,4
150161,150165,150167,2,4
150161,150165,150167,2,4
150161,150165,150167,2,4
150161,150165,150167,2,4
150161,150165,150167,2,4
150161,150165,150167,2,4
150161,150165,150167,2,4
150161,150166,150168,2,5
150161,150166,150168,2,5
150161,150166,150168,2,5
150161,150166,150168,2,5
150161,150165,150167,2,4
150161,150165,150167,2,4
150161,150165,150167,2,4
150161,150165,150167,2,4
150161,150165,150167,2,4
150161,150165,150167,2,4
150161,150165,150167,2,4
150161,150166,150168,2,5
150161,150165,150167,2,4
150161,150165,150167,2,4
150161,150165,150167,2,4
150161,150165,150167,2,4
150161,150165,150167,2,4
150161,150166,150168,2,5
150161,150166,150168,2,5
150161,150166,150168,2,5
150161,150165,150167,2,4
150161,150165,150167,2,4
150161,150165,150167,2,4
150161,150165,150168,3,4
150161,150165,150168,3,4
150161,150165,150167,2,4
150161,150165,150167,2,4
150161,150165,150167,2,4
150161,150165,150168,3,4
150161,150165,150167,2,4
150161,150165,150167,2,4
150161,150165,150168,3,4
150161,150165,150168,3,4
150161,150165,150167,2,4
150161,150165,150167,2,4
150161,150165,150167,2,4
150161,150165,150167,2,4
150161,150165,150167,2,4
150161,150166,150168,2,5
150161,150166,150168,2,5
150161,150166,150168,2,5
150161,150165,150167,2,4
150161,150165,150167,2,4
150161,150165,150167,2,4
150161,150166,150168,2,5
150161,150166,150168,2,5
150161,150166,150168,2,5
150161,150166,150168,2,5
150161,150166,150168,2,5
150161,150167,150169,2,6
150161,150167,150169,2,6
150161,150167,150169,2,6
150161,150167,150169,2,6
150161,150167,150169,2,6
150161,150167,150169,2,6
150161,150167,150169,2,6
150161,150168,150170,2,7
150161,150168,150170,2,7
150161,150168,150170,2,7
150161,150168,150170,2,7
150161,150168,150170,2,7
150161,150168,150170,2,7
150161,150168,150170,2,7
150161,150168,150170,2,7
150161,150168,150170,2,7
150161,150168,150170,2,7
150161,150168,150170,2,7
150161,150168,150170,2,7
150161,150168,150170,2,7
150161,150168,150170,2,7
150161,150168,150170,2,7
150161,150168,150170,2,7
150161,150168,150170,2,7
150161,150168,150170,2,7
150161,150168,150170,2,7
150161,150168,150170,2,7
150161,150168,150170,2,7
150161,150168,150170,2,7
150161,150168,150170,2,7
150161,150168,150170,2,7
150161,150168,150170,2,7
150161,150168,150170,2,7
150161,150168,150170,2,7
150161,150168,150170,2,7
150161,150168,150170,2,7
150176,150176,150178,2,0
150176,150176,150178,2,0
150176,150176,150178,2,0
150176,150176,150178,2,0
150176,150176,150178,2,0
150176,150176,150178,2,0
150176,150176,150178,2,0
150176,150176,150178,2,0
150176,150176,150178,2,0
150176,150176,150178,2,0
150176,150176,150178,2,0
150176,150176,150179,3,0
150176,150176,150179,3,0
150176,150176,150179,3,0
150176,150176,150179,3,0
150176,150176,150178,2,0
150176,150176,150178,2,0
150176,150176,150178,2,0
150176,150176,150179,3,0
150176,150176,150179,3,0
150176,150176,150179,3,0
150176,150176,150179,3,0
150176,150176,150179,3,0
150176,150176,150178,2,0
150176,150176,150178,2,0
150176,150176,150178,2,0
150176,150176,150178,2,0
150176,150176,150179,3,0
150176,150176,150179,3,0
150176,150176,150179,3,0
150176,150176,150179,3,0
150176,150176,150178,2,0
150176,150176,150178,2,0
150176,150176,150178,2,0
150176,150176,150179,3,0
150176,150176,150179,3,0
150176,150176,150179,3,0
150176,150176,150179,3,0
150176,150176,150179,3,0
150176,150176,150178,2,0
150176,150176,150178,2,0
150176,150176,150178,2,0
150176,150176,150179,3,0
150176,150176,150179,3,0
150176,150176,150179,3,0
150176,150176,150179,3,0
150176,150176,150178,2,0
150176,150176,150178,2,0
150176,150176,150179,3,0
150176,150176,150179,3,0
150176,150176,150179,3,0
150176,150176,150179,3,0
150176,150176,150179,3,0
150176,150176,150178,2,0
150176,150176,150178,2,0
150176,150176,150179,3,0
150176,150176,150179,3,0
150176,150176,150179,3,0
150176,150176,150179,3,0
150176,150176,150179,3,0
150176,150176,150178,2,0
150176,150176,150178,2,0
150176,150176,150178,2,0
150176,150176,150179,3,0
150176,150176,150179,3,0
150176,150176,150179,3,0
150176,150176,150179,3,0
150176,150176,150179,3,0
150176,150176,150178,2,0
150176,150176,150179,3,0
150176,150176,150179,3,0
150176,150176,150179,3,0
150176,150176,150179,3,0
150176,150176,150178,2,0
150176,150176,150178,2,0
150176,150176,150179,3,0
150176,150176,150179,3,0
150176,150176,150179,3,0
150176,150176,150179,3,0
150176,150176,150179,3,0
150176,150178,150180,2,2
150176,150178,150180,2,2
150176,150178,150180,2,2
150176,150178,150180,2,2
150176,150178,150180,2,2
150176,150178,150180,2,2
150176,150178,150180,2,2
150176,150179,150181,2,3
150176,150179,150181,2,3
150832,150832,150836,4,0
150832,150832,150836,4,0
150832,150832,150836,4,0
150832,150832,150836,4,0
150832,150832,150836,4,0
150832,150832,150836,4,0
150832,150832,150836,4,0
150832,150832,150836,4,0
150832,150832,150836,4,0
150832,150832,150836,4,0
150832,150832,150836,4,0
150832,150832,150836,4,0
150832,150832,150836,4,0
150832,150832,150836,4,0
150832,150832,150836,4,0
150832,150832,150836,4,0
150832,150832,150836,4,0
150832,150832,150836,4,0
150832,150832,150836,4,0
150832,150832,150836,4,0
150832,150832,150836,4,0
150832,150832,150836,4,0
150832,150832,150836,4,0
150832,150832,150836,4,0
150832,150832,150836,4,0
150832,150832,150836,4,0
150832,150832,150836,4,0
150832,150832,150836,4,0
150832,150832,150836,4,0
150832,150832,150836,4,0
150832,150832,150836,4,0
150832,150832,150837,5,0
150832,150832,150837,5,0
150832,150832,150837,5,0
150832,150832,150836,4,0
150832,150832,150837,5,0
150832,150832,150836,4,0
150832,150832,150836,4,0
150832,150832,150836,4,0
150832,150832,150836,4,0
150832,150832,150837,5,0
150832,150832,150836,4,0
150832,150832,150836,4,0
150832,150832,150837,5,0
150832,150832,150837,5,0
150832,150832,150836,4,0
150832,150832,150837,5,0
150832,150832,150837,5,0
150832,150832,150837,5,0
150832,150832,150837,5,0
150832,150832,150836,4,0
150832,150832,150836,4,0
150832,150832,150836,4,0
150832,150832,150837,5,0
150832,150832,150837,5,0
150832,150832,150836,4,0
150832,150832,150836,4,0
150832,150832,150836,4,0
150832,150832,150837,5,0
150832,150832,150837,5,0
150832,150832,150838,6,0
150832,150832,150837,5,0
150832,150832,150837,5,0
150832,150832,150838,6,0
150832,150832,150838,6,0
150832,150832,150837,5,0
150832,150832,150837,5,0
150832,150836,150838,2,4
150832,150832,150838,6,0
150832,150832,150838,6,0
150832,150836,150838,2,4
150832,150836,150838,2,4
150832,150832,150838,6,0
150832,150832,150837,5,0
150832,150832,150838,6,0
150832,150832,150838,6,0
150832,150832,150838,6,0
150832,150836,150838,2,4
150832,150836,150838,2,4
150832,150836,150838,2,4
150832,150832,150837,5,0
150832,150832,150837,5,0
150832,150832,150837,5,0
150832,150836,150838,2,4
150832,150836,150838,2,4
150832,150836,150838,2,4
150832,150832,150837,5,0
150832,150832,150837,5,0
150832,150832,150838,6,0
150832,150836,150838,2,4
150832,150836,150838,2,4
150832,150836,150838,2,4
150832,150837,150839,2,5
150832,150836,150838,2,4
150832,150837,150839,2,5
150832,150837,150839,2,5
150832,150836,150839,3,4
150832,150836,150838,2,4
150832,150836,150839,3,4
150832,150836,150839,3,4
150832,150836,150839,3,4
150832,150836,150839,3,4
150832,150836,150839,3,4
150832,150836,150838,2,4
150832,150836,150839,3,4
150832,150836,150839,3,4
150832,150836,150839,3,4
150832,150836,150839,3,4
150832,150836,150839,3,4
150832,150836,150839,3,4
150832,150836,150838,2,4
150832,150837,150839,2,5
150832,150836,150838,2,4
150832,150837,150839,2,5
150832,150837,150839,2,5
150832,150837,150839,2,5
150832,150837,150839,2,5
150832,150837,150839,2,5
150832,150838,150840,2,6
150832,150838,150840,2,6
150832,150838,150840,2,6
150832,150837,150839,2,5
150832,150837,150839,2,5
150832,150838,150840,2,6
150832,150837,150840,3,5
150832,150837,150840,3,5
150832,150837,150840,3,5
150832,150837,150840,3,5
150832,150837,150840,3,5
150832,150837,150839,2,5
150832,150838,150840,2,6
150832,150838,150840,2,6
150832,150838,150840,2,6
150832,150837,150839,2,5
150832,150837,150840,3,5
150832,150837,150840,3,5
150832,150837,150840,3,5
150832,150837,150840,3,5
150832,150838,150840,2,6
150832,150837,150840,3,5
150832,150837,150840,3,5
150832,150837,150840,3,5
150832,150837,150840,3,5
150832,150837,150840,3,5
150832,150837,150840,3,5
150832,150838,150841,3,6
150832,150837,150840,3,5
150832,150838,150841,3,6
150832,150838,150841,3,6
150832,150838,150840,2,6
150832,150838,150841,3,6
150832,150839,150841,2,7
150832,150839,150841,2,7
150832,150838,150841,3,6
150832,150838,150841,3,6
150832,150838,150841,3,6
150832,150839,150841,2,7
150832,150839,150841,2,7
150832,150838,150840,2,6
150832,150838,150840,2,6
150832,150838,150841,3,6
150832,150838,150841,3,6
150832,150839,150841,2,7
150832,150838,150841,3,6
150832,150838,150841,3,6
150832,150838,150841,3,6
150832,150838,150841,3,6
150832,150838,150841,3,6
150832,150838,150841,3,6
150832,150838,150841,3,6
150832,150840,150841,1,8
150832,150840,150841,1,8
150832,150840,150841,1,8
150832,150840,150841,1,8
150832,150838,150841,3,6
150832,150838,150841,3,6
150832,150838,150841,3,6
150832,150838,150841,3,6
150832,150840,150841,1,8
150832,150840,150842,2,8
150832,150840,150842,2,8
150832,150839,150842,3,7
150832,150839,150841,2,7
150832,150840,150842,2,8
150832,150840,150842,2,8
150832,150840,150842,2,8
150832,150840,150842,2,8
150832,150840,150842,2,8
150832,150840,150842,2,8
150832,150840,150842,2,8
150832,150840,150842,2,8
150832,150840,150842,2,8
150832,150840,150842,2,8
150832,150840,150842,2,8
150832,150840,150842,2,8
150832,150840,150843,3,8
150832,150840,150843,3,8
150832,150840,150843,3,8
150832,150840,150843,3,8
150848,150848,150852,4,0
150848,150848,150852,4,0
150848,150848,150852,4,0
150848,150848,150852,4,0
150848,150848,150852,4,0
150848,150848,150852,4,0
150848,150848,150852,4,0
150848,150848,150852,4,0
150848,150848,150852,4,0
150848,150848,150852,4,0
150848,150848,150852,4,0
150848,150848,150852,4,0
150848,150848,150852,4,0
150848,150848,150852,4,0
150848,150848,150852,4,0
150848,150848,150852,4,0
150848,150848,150852,4,0
150848,150848,150852,4,0
150848,150848,150852,4,0
150848,150848,150852,4,0
150848,150848,150852,4,0
150848,150848,150852,4,0
150848,150848,150852,4,0
150848,150848,150852,4,0
150848,150848,150852,4,0
150848,150848,150852,4,0
150848,150848,150852,4,0
150848,150848,150852,4,0
150848,150848,150852,4,0
150848,150848,150852,4,0
150848,150848,150852,4,0
150848,150848,150852,4,0
150848,150848,150852,4,0
150848,150848,150852,4,0
150848,150848,150852,4,0
150848,150848,150852,4,0
150848,150848,150852,4,0
150848,150848,150852,4,0
150848,150848,150852,4,0
150848,150848,150852,4,0
150848,150848,150852,4,0
150848,150848,150853,5,0
150848,150848,150853,5,0
150848,150849,150853,4,1
150848,150848,150853,5,0
150848,150848,150853,5,0
150848,150848,150853,5,0
150848,150848,150853,5,0
150848,150848,150854,6,0
150848,150848,150853,5,0
150848,150848,150853,5,0
150848,150848,150853,5,0
150848,150848,150853,5,0
150848,150848,150853,5,0
150848,150848,150853,5,0
150848,150848,150854,6,0
150848,150848,150853,5,0
150848,150848,150854,6,0
150848,150848,150853,5,0
150848,150848,150853,5,0
150848,150848,150854,6,0
150848,150848,150854,6,0
150848,150848,150853,5,0
150848,150848,150853,5,0
150848,150848,150853,5,0
150848,150848,150853,5,0
150848,150848,150853,5,0
150848,150848,150853,5,0
150848,150848,150853,5,0
150848,150848,150853,5,0
150848,150848,150853,5,0
150848,150848,150853,5,0
150848,150848,150853,5,0
150848,150848,150853,5,0
150848,150848,150853,5,0
150848,150848,150853,5,0
150848,150848,150853,5,0
150848,150848,150854,6,0
150848,150853,150854,1,5
150848,150853,150855,2,5
150848,150848,150854,6,0
150848,150848,150854,6,0
150848,150853,150855,2,5
150848,150853,150855,2,5
150848,150853,150855,2,5
150848,150853,150855,2,5
150848,150853,150855,2,5
150848,150853,150855,2,5
150848,150853,150855,2,5
151625,151625,151627,2,0
151625,151625,151627,2,0
151625,151625,151627,2,0
151625,151625,151628,3,0
151625,151625,151628,3,0
151625,151625,151628,3,0
151625,151625,151628,3,0
151625,151625,151628,3,0
151625,151625,151628,3,0
151625,151625,151628,3,0
151625,151625,151628,3,0
151625,151625,151628,3,0
151625,151625,151628,3,0
151625,151625,151628,3,0
151625,151625,151628,3,0
151625,151625,151628,3,0
151625,151625,151628,3,0
151625,151625,151628,3,0
151625,151625,151628,3,0
151625,151625,151628,3,0
151625,151625,151628,3,0
151625,151625,151628,3,0
151625,151625,151628,3,0
151625,151625,151628,3,0
151625,151625,151628,3,0
151625,151625,151627,2,0
151625,151625,151628,3,0
151625,151625,151628,3,0
151625,151625,151628,3,0
151625,151625,151628,3,0
151625,151625,151628,3,0
151625,151625,151628,3,0
151625,151625,151628,3,0
151625,151625,151628,3,0
151625,151625,151628,3,0
151625,151625,151628,3,0
151625,151625,151628,3,0
151625,151625,151628,3,0
151625,151625,151628,3,0
151625,151625,151628,3,0
151625,151625,151628,3,0
151625,151625,151628,3,0
151625,151625,151628,3,0
151625,151625,151628,3,0
151625,151625,151628,3,0
151625,151625,151628,3,0
151625,151625,151628,3,0
151625,151625,151628,3,0
151625,151625,151628,3,0
151625,151625,151628,3,0
151625,151625,151628,3,0
151625,151625,151628,3,0
151625,151625,151628,3,0
151625,151625,151628,3,0
151625,151625,151628,3,0
151625,151625,151627,2,0
151625,151625,151627,2,0
151625,151625,151628,3,0
151625,151625,151628,3,0
151625,151625,151628,3,0
151625,151625,151628,3,0
151625,151625,151628,3,0
151625,151626,151628,2,1
151625,151625,151627,2,0
151625,151625,151628,3,0
151625,151625,151628,3,0
151625,151625,151628,3,0
151625,151625,151628,3,0
151625,151625,151628,3,0
151625,151625,151628,3,0
151625,151625,151628,3,0
151625,151625,151628,3,0
151625,151625,151628,3,0
151625,151625,151628,3,0
151625,151625,151628,3,0
151625,151625,151628,3,0
151625,151625,151628,3,0
151625,151625,151628,3,0
151625,151626,151628,2,1
151625,151627,151629,2,2
151625,151625,151628,3,0
151625,151628,151630,2,3
151625,151628,151630,2,3
151625,151628,151630,2,3
151625,151628,151630,2,3
151625,151628,151631,3,3
151625,151628,151631,3,3
151625,151628,151631,3,3
151625,151628,151631,3,3
151625,151628,151631,3,3
151625,151628,151631,3,3
151625,151628,151630,2,3
151625,151628,151631,3,3
151625,151629,151631,2,4
151625,151629,151631,2,4
151625,151628,151631,3,3
151625,151628,151631,3,3
151625,151628,151631,3,3
151625,151628,151631,3,3
151625,151628,151631,3,3
151625,151628,151631,3,3
151625,151628,151631,3,3
151625,151628,151631,3,3
151625,151628,151631,3,3
151625,151628,151631,3,3
151625,151628,151631,3,3
151625,151628,151631,3,3
151625,151628,151631,3,3
151625,151628,151631,3,3
151625,151628,151631,3,3
151625,151628,151631,3,3
151625,151628,151631,3,3
151625,151628,151631,3,3
151625,151628,151631,3,3
151625,151630,151631,1,5
151625,151628,151631,3,3
151625,151628,151631,3,3
151625,151628,151631,3,3
151625,151628,151631,3,3
151625,151628,151631,3,3
151625,151628,151631,3,3
151625,151630,151631,1,5
151625,151628,151631,3,3
151625,151628,151631,3,3
151625,151628,151631,3,3
151625,151628,151631,3,3
151625,151628,151631,3,3
151625,151628,151631,3,3
151625,151628,151631,3,3
151625,151628,151631,3,3
151625,151628,151631,3,3
151625,151628,151631,3,3
151625,151628,151631,3,3
151625,151628,151631,3,3
151625,151629,151631,2,4
151625,151628,151631,3,3
151625,151628,151631,3,3
151625,151628,151631,3,3
151625,151628,151631,3,3
151625,151629,151631,2,4
151625,151628,151631,3,3
151625,151628,151631,3,3
151625,151628,151631,3,3
151625,151628,151631,3,3
151625,151629,151631,2,4
151625,151629,151631,2,4
151625,151629,151631,2,4
151625,151629,151631,2,4
151625,151629,151631,2,4
151625,151629,151631,2,4
151625,151629,151631,2,4
151625,151629,151631,2,4
151625,151629,151631,2,4
151625,151629,151631,2,4
151625,151629,151631,2,4
151625,151629,151631,2,4
151625,151629,151631,2,4
151625,151629,151631,2,4
151625,151629,151631,2,4
151625,151629,151632,3,4
151625,151629,151632,3,4
151625,151631,151633,2,6
151625,151631,151632,1,6
151625,151631,151632,1,6
151625,151631,151632,1,6
151625,151631,151632,1,6
151625,151631,151633,2,6
151625,151631,151633,2,6
151625,151631,151633,2,6
151625,151631,151633,2,6
151625,151631,151633,2,6
151625,151631,151633,2,6
151625,151631,151633,2,6
151625,151631,151633,2,6
151625,151631,151633,2,6
151625,151632,151633,1,7
151625,151632,151634,2,7
151625,151632,151634,2,7
151625,151632,151634,2,7
151625,151632,151633,1,7
151625,151632,151633,1,7
151625,151632,151633,1,7
151625,151632,151634,2,7
151625,151632,151634,2,7
151625,151632,151634,2,7
151625,151632,151634,2,7
151625,151632,151634,2,7
151625,151632,151634,2,7
151625,151632,151634,2,7
151625,151632,151634,2,7
151625,151632,151634,2,7
151625,151632,151634,2,7
151625,151632,151634,2,7
151625,151632,151634,2,7
151625,151632,151634,2,7
151625,151632,151634,2,7
151625,151632,151634,2,7
151625,151632,151634,2,7
151625,151632,151634,2,7
151625,151632,151634,2,7
151639,151640,151642,2,1
151639,151640,151642,2,1
151639,151640,151642,2,1
151639,151640,151642,2,1
151639,151640,151642,2,1
151639,151640,151642,2,1
151639,151640,151642,2,1
151639,151640,151643,3,1
151639,151640,151642,2,1
151639,151640,151642,2,1
151639,151640,151642,2,1
151639,151640,151642,2,1
151639,151640,151642,2,1
151639,151640,151642,2,1
151639,151640,151642,2,1
151639,151640,151642,2,1
151639,151640,151642,2,1
151639,151640,151642,2,1
151639,151640,151642,2,1
151639,151640,151642,2,1
151639,151640,151642,2,1
151639,151640,151642,2,1
151639,151640,151642,2,1
151639,151640,151642,2,1
151639,151640,151642,2,1
151639,151640,151642,2,1
151639,151640,151642,2,1
151639,151640,151642,2,1
151639,151640,151642,2,1
151639,151640,151642,2,1
151639,151640,151642,2,1
151639,151640,151642,2,1
151639,151640,151642,2,1
151639,151640,151642,2,1
151639,151640,151642,2,1
151639,151640,151642,2,1
151639,151640,151642,2,1
151639,151640,151642,2,1
151639,151640,151642,2,1
151639,151640,151643,3,1
151639,151640,151642,2,1
151639,151640,151642,2,1
151639,151640,151642,2,1
151639,151640,151642,2,1
151639,151640,151642,2,1
151639,151640,151643,3,1
151639,151640,151643,3,1
151639,151640,151643,3,1
151639,151640,151642,2,1
151639,151640,151642,2,1
151639,151640,151642,2,1
151639,151640,151642,2,1
151639,151640,151642,2,1
151639,151640,151642,2,1
151639,151640,151642,2,1
151639,151640,151642,2,1
151639,151640,151642,2,1
151639,151640,151642,2,1
151639,151640,151642,2,1
151639,151640,151642,2,1
151639,151640,151642,2,1
151639,151640,151643,3,1
151639,151640,151643,3,1
151639,151640,151642,2,1
151639,151640,151642,2,1
151639,151640,151642,2,1
151639,151640,151642,2,1
151639,151640,151642,2,1
151639,151640,151643,3,1
151639,151640,151642,2,1
151639,151640,151642,2,1
151639,151640,151642,2,1
151639,151640,151642,2,1
151639,151640,151642,2,1
151639,151640,151642,2,1
151639,151640,151642,2,1
151639,151640,151643,3,1
151639,151640,151643,3,1
151639,151640,151643,3,1
151639,151640,151643,3,1
151639,151642,151643,1,3
151639,151642,151643,1,3
151639,151642,151643,1,3
151639,151642,151643,1,3
151639,151643,151644,1,4
151639,151643,151645,2,4
151639,151643,151645,2,4
151639,151643,151645,2,4
151639,151643,151645,2,4
152692,152692,152696,4,0
152692,152692,152696,4,0
152692,152692,152696,4,0
152692,152692,152696,4,0
152692,152692,152695,3,0
152692,152692,152696,4,0
152692,152693,152696,3,1
152692,152692,152696,4,0
152692,152692,152696,4,0
152692,152693,152696,3,1
152692,152692,152696,4,0
152692,152692,152696,4,0
152692,152692,152696,4,0
152692,152692,152696,4,0
152692,152692,152696,4,0
152692,152692,152695,3,0
152692,152692,152696,4,0
152692,152692,152696,4,0
152692,152692,152696,4,0
152692,152692,152696,4,0
152692,152692,152696,4,0
152692,152692,152696,4,0
152692,152693,152696,3,1
152692,152693,152696,3,1
152692,152692,152696,4,0
152692,152692,152696,4,0
152692,152692,152696,4,0
152692,152692,152696,4,0
152692,152693,152696,3,1
152692,152692,152696,4,0
152692,152692,152696,4,0
152692,152692,152696,4,0
152692,152692,152696,4,0
152692,152693,152696,3,1
152692,152693,152697,4,1
152692,152692,152696,4,0
152692,152692,152696,4,0
152692,152692,152696,4,0
152692,152693,152696,3,1
152692,152693,152696,3,1
152692,152692,152696,4,0
152692,152692,152696,4,0
152692,152693,152696,3,1
152692,152693,152696,3,1
152692,152693,152696,3,1
152692,152693,152696,3,1
152692,152692,152696,4,0
152692,152693,152696,3,1
152692,152693,152696,3,1
152692,152693,152696,3,1
152692,152692,152696,4,0
152692,152693,152696,3,1
152692,152693,152696,3,1
152692,152693,152697,4,1
152692,152693,152696,3,1
152692,152692,152697,5,0
152692,152693,152697,4,1
152692,152693,152697,4,1
152692,152693,152696,3,1
152692,152693,152696,3,1
152692,152693,152697,4,1
152692,152693,152697,4,1
152692,152693,152696,3,1
152692,152693,152696,3,1
152692,152693,152696,3,1
152692,152693,152697,4,1
152692,152693,152697,4,1
152692,152693,152697,4,1
152692,152693,152697,4,1
152692,152693,152697,4,1
152692,152693,152697,4,1
152692,152693,152697,4,1
152692,152693,152697,4,1
152692,152693,152697,4,1
152692,152692,152697,5,0
152692,152693,152697,4,1
152692,152696,152697,1,4
152692,152696,152697,1,4
152692,152696,152698,2,4
152692,152696,152698,2,4
152692,152696,152698,2,4
152692,152696,152698,2,4
152692,152693,152697,4,1
152692,152693,152697,4,1
152692,152693,152697,4,1
152692,152693,152697,4,1
152692,152697,152699,2,5
152692,152697,152699,2,5
152692,152697,152699,2,5
152692,152696,152698,2,4
152692,152696,152698,2,4
152692,152696,152698,2,4
152692,152697,152699,2,5
152692,152696,152698,2,4
152692,152697,152699,2,5
152692,152697,152699,2,5
152692,152696,152698,2,4
152692,152696,152698,2,4
152692,152696,152698,2,4
152692,152696,152699,3,4
152692,152696,152698,2,4
152692,152696,152699,3,4
152692,152696,152698,2,4
152692,152696,152698,2,4
152692,152696,152698,2,4
152692,152697,152699,2,5
152692,152697,152699,2,5
152692,152697,152699,2,5
152692,152697,152699,2,5
152692,152697,152699,2,5
152692,152697,152699,2,5
152692,152697,152699,2,5
152692,152697,152699,2,5
152692,152698,152700,2,6
152692,152697,152700,3,5
152692,152697,152700,3,5
152692,152697,152700,3,5
152692,152697,152700,3,5
152692,152697,152699,2,5
152692,152697,152699,2,5
152692,152697,152699,2,5
152692,152697,152699,2,5
152692,152697,152700,3,5
152692,152697,152700,3,5
152692,152697,152699,2,5
152692,152697,152700,3,5
152692,152697,152699,2,5
152692,152697,152699,2,5
152692,152697,152700,3,5
152692,152697,152699,2,5
152692,152697,152699,2,5
152692,152697,152699,2,5
152692,152697,152699,2,5
152692,152697,152699,2,5
152692,152697,152699,2,5
152692,152698,152700,2,6
152692,152697,152700,3,5
152692,152697,152700,3,5
152692,152697,152700,3,5
152692,152697,152700,3,5
152692,152698,152700,2,6
152692,152697,152699,2,5
152692,152697,152700,3,5
152692,152697,152700,3,5
152692,152697,152699,2,5
152692,152698,152700,2,6
152692,152697,152700,3,5
152692,152697,152700,3,5
152692,152698,152700,2,6
152692,152698,152700,2,6
152692,152698,152700,2,6
152692,152698,152700,2,6
152692,152698,152700,2,6
152692,152699,152701,2,7
152692,152698,152700,2,6
152692,152698,152700,2,6
152692,152699,152701,2,7
152692,152699,152701,2,7
152692,152698,152700,2,6
152692,152698,152700,2,6
152692,152697,152700,3,5
152692,152697,152700,3,5
152692,152698,152700,2,6
152692,152698,152700,2,6
152692,152698,152700,2,6
152692,152698,152700,2,6
152692,152699,152701,2,7
152692,152698,152700,2,6
152692,152698,152700,2,6
152692,152698,152700,2,6
152692,152699,152701,2,7
152692,152699,152701,2,7
152692,152699,152701,2,7
152692,152699,152701,2,7
152692,152699,152701,2,7
152692,152699,152701,2,7
152692,152699,152701,2,7
152692,152699,152701,2,7
152692,152699,152701,2,7
152692,152699,152701,2,7
152692,152699,152701,2,7
152692,152699,152701,2,7
152692,152699,152701,2,7
152692,152700,152702,2,8
152692,152700,152702,2,8
152692,152700,152702,2,8
152692,152700,152702,2,8
152692,152700,152702,2,8
152692,152700,152702,2,8
152692,152700,152702,2,8
152692,152700,152702,2,8
152692,152700,152702,2,8
152692,152700,152702,2,8
152692,152700,152702,2,8
152692,152700,152702,2,8
152692,152700,152702,2,8
152692,152699,152701,2,7
152692,152699,152701,2,7
152692,152699,152702,3,7
152692,152700,152702,2,8
152708,152708,152711,3,0
152708,152708,152710,2,0
152708,152708,152710,2,0
152708,152708,152711,3,0
152708,152708,152711,3,0
152708,152708,152710,2,0
152708,152708,152710,2,0
152708,152708,152711,3,0
152708,152708,152711,3,0
152708,152708,152711,3,0
152708,152708,152710,2,0
152708,152708,152710,2,0
152708,152708,152711,3,0
152708,152708,152711,3,0
152708,152708,152711,3,0
152708,152708,152711,3,0
152708,152708,152710,2,0
152708,152708,152711,3,0
152708,152708,152711,3,0
152708,152708,152710,2,0
152708,152708,152711,3,0
152708,152708,152710,2,0
152708,152708,152711,3,0
152708,152708,152711,3,0
152708,152708,152710,2,0
152708,152708,152710,2,0
152708,152708,152711,3,0
152708,152708,152711,3,0
152708,152708,152711,3,0
152708,152708,152711,3,0
152708,152708,152711,3,0
152708,152708,152711,3,0
152708,152708,152711,3,0
152708,152708,152711,3,0
152708,152708,152711,3,0
152708,152708,152712,4,0
152708,152708,152711,3,0
152708,152708,152712,4,0
152708,152708,152711,3,0
152708,152708,152711,3,0
152708,152708,152711,3,0
152708,152708,152711,3,0
152708,152708,152711,3,0
152708,152708,152711,3,0
152708,152708,152712,4,0
152708,152708,152711,3,0
152708,152708,152711,3,0
152708,152708,152711,3,0
152708,152708,152712,4,0
152708,152708,152712,4,0
152708,152708,152711,3,0
152708,152708,152711,3,0
152708,152708,152711,3,0
152708,152708,152711,3,0
152708,152708,152711,3,0
152708,152708,152711,3,0
152708,152708,152711,3,0
152708,152708,152712,4,0
152708,152708,152712,4,0
152708,152708,152711,3,0
152708,152708,152711,3,0
152708,152708,152712,4,0
152708,152708,152712,4,0
152708,152708,152711,3,0
152708,152708,152711,3,0
152708,152708,152712,4,0
152708,152708,152712,4,0
152708,152708,152712,4,0
152708,152708,152712,4,0
152708,152708,152712,4,0
152708,152708,152712,4,0
152708,152708,152712,4,0
152708,152708,152712,4,0
152708,152708,152712,4,0
152708,152708,152712,4,0
152708,152708,152712,4,0
152708,152708,152712,4,0
152708,152711,152713,2,3
152708,152711,152712,1,3
152708,152708,152712,4,0
152708,152708,152712,4,0
152708,152711,152713,2,3
152708,152711,152713,2,3
152708,152711,152712,1,3
152708,152711,152713,2,3
152708,152708,152712,4,0
152708,152711,152713,2,3
152708,152711,152713,2,3
152708,152711,152713,2,3
152846,152846,152848,2,0
152846,152846,152848,2,0
152846,152846,152848,2,0
152846,152846,152848,2,0
152846,152846,152848,2,0
152846,152846,152848,2,0
152846,152846,152848,2,0
152846,152846,152848,2,0
152846,152846,152848,2,0
152846,152846,152848,2,0
152846,152846,152848,2,0
152846,152846,152848,2,0
152846,152846,152848,2,0
152846,152846,152849,3,0
152846,152846,152848,2,0
152846,152846,152849,3,0
152846,152846,152849,3,0
152846,152846,152848,2,0
152846,152846,152848,2,0
152846,152846,152848,2,0
152846,152846,152848,2,0
152846,152846,152848,2,0
152846,152846,152848,2,0
152846,152846,152848,2,0
152846,152846,152849,3,0
152846,152846,152848,2,0
152846,152846,152848,2,0
152846,152846,152848,2,0
152846,152846,152848,2,0
152846,152846,152848,2,0
152846,152846,152848,2,0
152846,152846,152849,3,0
152846,152846,152848,2,0
152846,152846,152848,2,0
152846,152846,152848,2,0
152846,152846,152848,2,0
152846,152846,152848,2,0
152846,152846,152849,3,0
152846,152846,152849,3,0
152846,152846,152849,3,0
152846,152846,152849,3,0
152846,152846,152848,2,0
152846,152846,152848,2,0
152846,152846,152848,2,0
152846,152846,152848,2,0
152846,152846,152849,3,0
152846,152846,152849,3,0
152846,152846,152849,3,0
152846,152846,152848,2,0
152846,152846,152848,2,0
152846,152846,152848,2,0
152846,152846,152848,2,0
152846,152846,152848,2,0
152846,152846,152849,3,0
152846,152846,152849,3,0
152846,152846,152849,3,0
152846,152846,152848,2,0
152846,152846,152848,2,0
152846,152846,152849,3,0
152846,152846,152849,3,0
152846,152846,152848,2,0
152846,152846,152849,3,0
152846,152846,152849,3,0
152846,152846,152849,3,0
152846,152846,152848,2,0
152846,152846,152848,2,0
152846,152846,152849,3,0
152846,152846,152849,3,0
152846,152846,152849,3,0
152846,152846,152849,3,0
152846,152846,152849,3,0
152846,152846,152848,2,0
152846,152846,152848,2,0
152846,152846,152848,2,0
152846,152846,152848,2,0
152846,152846,152849,3,0
152846,152846,152849,3,0
152846,152846,152849,3,0
152846,152846,152849,3,0
152846,152848,152849,1,2
152846,152846,152849,3,0
152846,152849,152851,2,3
152846,152849,152851,2,3
152846,152849,152851,2,3
152846,152849,152851,2,3
152846,152849,152851,2,3
152846,152849,152851,2,3
152846,152849,152851,2,3
152846,152849,152851,2,3
152846,152849,152851,2,3
152846,152849,152851,2,3
152846,152849,152852,3,3
152846,152849,152852,3,3
152846,152849,152852,3,3
152846,152849,152852,3,3
152846,152849,152852,3,3
152846,152849,152852,3,3
152846,152849,152852,3,3
152846,152849,152852,3,3
152846,152849,152852,3,3
152846,152849,152852,3,3
152846,152850,152852,2,4
152846,152849,152851,2,3
152846,152849,152852,3,3
152846,152849,152852,3,3
152846,152849,152852,3,3
152846,152849,152852,3,3
152846,152849,152852,3,3
152846,152849,152852,3,3
152846,152849,152851,2,3
152846,152849,152852,3,3
152846,152849,152851,2,3
152846,152849,152852,3,3
152846,152849,152852,3,3
152846,152849,152852,3,3
152846,152849,152852,3,3
152846,152849,152852,3,3
152846,152849,152851,2,3
152846,152849,152852,3,3
152846,152849,152852,3,3
152846,152849,152852,3,3
152846,152849,152852,3,3
152846,152849,152852,3,3
152846,152849,152852,3,3
152846,152849,152851,2,3
152846,152849,152852,3,3
152846,152849,152852,3,3
152846,152849,152852,3,3
152846,152849,152852,3,3
152846,152849,152852,3,3
152846,152849,152852,3,3
152846,152849,152851,2,3
152846,152849,152852,3,3
152846,152849,152852,3,3
152846,152849,152852,3,3
152846,152849,152852,3,3
152846,152849,152852,3,3
152846,152849,152852,3,3
152846,152849,152852,3,3
152846,152849,152852,3,3
152846,152849,152852,3,3
152846,152849,152852,3,3
152846,152849,152852,3,3
152846,152849,152852,3,3
152846,152849,152852,3,3
152846,152850,152852,2,4
152846,152849,152852,3,3
152846,152849,152852,3,3
152846,152849,152852,3,3
152846,152849,152852,3,3
152846,152849,152852,3,3
152846,152849,152852,3,3
152846,152850,152852,2,4
152846,152849,152852,3,3
152846,152849,152852,3,3
152846,152849,152852,3,3
152846,152849,152852,3,3
152846,152849,152852,3,3
152846,152849,152852,3,3
152846,152851,152853,2,5
152846,152849,152852,3,3
152846,152849,152852,3,3
152846,152851,152853,2,5
152846,152851,152853,2,5
152846,152851,152853,2,5
152846,152852,152853,1,6
152846,152852,152853,1,6
152846,152852,152853,1,6
152846,152852,152854,2,6
152846,152852,152854,2,6
152846,152852,152854,2,6
152846,152852,152854,2,6
152846,152852,152854,2,6
152846,152852,152854,2,6
152846,152853,152854,1,7
152846,152853,152854,1,7
152846,152853,152854,1,7
152846,152853,152854,1,7
152846,152853,152855,2,7
152846,152853,152854,1,7
152846,152853,152854,1,7
152846,152853,152855,2,7
152846,152853,152855,2,7
152846,152853,152855,2,7
152846,152853,152855,2,7
152846,152853,152855,2,7
152846,152853,152855,2,7
152846,152853,152855,2,7
152846,152853,152855,2,7
152846,152853,152855,2,7
152846,152853,152855,2,7
152846,152853,152855,2,7
152846,152853,152855,2,7
152846,152853,152855,2,7
152846,152853,152855,2,7
152846,152853,152855,2,7
152846,152853,152855,2,7
152846,152853,152855,2,7
152846,152853,152855,2,7
152846,152853,152855,2,7
152860,152860,152862,2,0
152860,152860,152862,2,0
152860,152860,152862,2,0
152860,152860,152862,2,0
152860,152860,152862,2,0
152860,152860,152863,3,0
152860,152860,152863,3,0
152860,152860,152863,3,0
152860,152860,152863,3,0
152860,152860,152863,3,0
152860,152860,152863,3,0
152860,152860,152863,3,0
152860,152860,152863,3,0
152860,152860,152863,3,0
152860,152860,152863,3,0
152860,152860,152863,3,0
152860,152860,152863,3,0
152860,152860,152863,3,0
152860,152860,152863,3,0
152860,152860,152863,3,0
152860,152860,152863,3,0
152860,152860,152863,3,0
152860,152860,152863,3,0
152860,152860,152863,3,0
152860,152860,152863,3,0
152860,152860,152863,3,0
152860,152860,152863,3,0
152860,152860,152863,3,0
152860,152860,152863,3,0
152860,152860,152863,3,0
152860,152860,152863,3,0
152860,152860,152863,3,0
152860,152860,152863,3,0
152860,152860,152863,3,0
152860,152860,152863,3,0
152860,152860,152863,3,0
152860,152860,152863,3,0
152860,152860,152863,3,0
152860,152860,152863,3,0
152860,152860,152863,3,0
152860,152860,152863,3,0
152860,152860,152863,3,0
152860,152860,152863,3,0
152860,152860,152863,3,0
152860,152860,152863,3,0
152860,152860,152863,3,0
152860,152860,152863,3,0
152860,152860,152863,3,0
152860,152860,152863,3,0
152860,152860,152863,3,0
152860,152860,152863,3,0
152860,152860,152863,3,0
152860,152860,152863,3,0
152860,152861,152863,2,1
152860,152860,152863,3,0
152860,152860,152863,3,0
152860,152860,152863,3,0
152860,152860,152863,3,0
152860,152860,152863,3,0
152860,152860,152863,3,0
152860,152860,152863,3,0
152860,152861,152863,2,1
152860,152860,152863,3,0
152860,152860,152863,3,0
152860,152860,152863,3,0
152860,152860,152863,3,0
152860,152860,152863,3,0
152860,152860,152863,3,0
152860,152860,152863,3,0
152860,152860,152863,3,0
152860,152860,152863,3,0
152860,152860,152863,3,0
152860,152860,152863,3,0
152860,152860,152863,3,0
152860,152860,152863,3,0
152860,152860,152863,3,0
152860,152860,152863,3,0
152860,152860,152863,3,0
152860,152860,152863,3,0
152860,152860,152863,3,0
152860,152863,152864,1,3
152860,152863,152864,1,3
152860,152863,152864,1,3
152860,152863,152864,1,3
152860,152863,152864,1,3
152860,152863,152864,1,3
152860,152863,152865,2,3
152860,152864,152865,1,4
152860,152864,152865,1,4
173024,173026,173487,461,2
173486,173489,173496,7,3
173540,173542,176633,3091,2
176632,176634,176661,27,2
177390,177392,177452,60,2
177451,177453,177459,6,2
177496,177499,178611,1112,3
178610,178612,178614,2,2
180449,180451,180512,61,2
180510,180512,180518,6,2
180556,180558,181663,1105,2
181661,181664,181666,2,3
206843,206845,229938,23093,2
230021,230022,233134,3112,1
230232,233136,233766,630,2904
233764,233766,233784,18,2
233804,233805,234239,434,1
278697,278698,280409,1711,1
280408,280411,280431,20,3
280482,280484,285253,4769,2
285251,285254,285281,27,3
305079,305079,305081,2,0
305359,305359,305400,41,0
305572,305572,305613,41,0
305805,305805,305846,41,0
307579,307579,307620,41,0
307791,307791,307836,45,0
307977,307977,307999,22,0
308049,308049,308066,17,0
308117,308117,308136,19,0
308511,308511,308517,6,0
308535,308536,308542,6,1
308562,308562,308568,6,0
308708,308708,308712,4,0
308731,308732,308738,6,1
308753,308753,308757,4,0
308862,308863,308871,8,1
308896,308896,308908,12,0
308931,308931,308940,9,0
309054,309054,309064,10,0
309104,309104,309114,10,0
309152,309152,309162,10,0
309234,309235,309250,15,1
309325,309325,309341,16,0
309404,309405,309421,16,1
309496,309497,309514,17,1
309584,309584,309600,16,0
309666,309666,309682,16,0
310191,310191,310201,10,0
310241,310241,310250,9,0
310288,310289,310298,9,1
310557,310558,310574,16,1
310634,310634,310648,14,0
310709,310710,310724,14,1
310832,310832,310858,26,0
310963,310963,310988,25,0
311089,311089,311115,26,0
310510,310512,311188,676,2
311187,311189,311190,1,2
311318,311318,311358,40,0
311532,311532,311573,41,0
311743,311743,311783,40,0
312433,312433,312569,136,0
313221,313222,313358,136,1
312750,312752,313443,691,2
313441,313443,313445,2,2
313965,313965,314101,136,0
314617,314617,314665,48,0
314872,314873,314921,48,1
315119,315119,315168,49,0
315052,315053,315739,686,1
315738,315740,315741,1,2
315697,315697,315846,149,0
316368,316368,316486,118,0
316997,316997,317117,120,0
317293,317293,317306,13,0
317365,317365,317378,13,0
317432,317433,317446,13,1
317542,317542,317552,10,0
317599,317599,317608,9,0
317656,317656,317666,10,0
317706,317706,317710,4,0
317735,317736,317739,3,1
317762,317763,317766,3,1
317836,317836,317845,9,0
317895,317895,317905,10,0
317955,317955,317965,10,0
317993,317993,317995,2,0
318018,318018,318021,3,0
318041,318041,318043,2,0
318072,318072,318078,6,0
318099,318100,318105,5,1
318127,318127,318130,3,0
318534,318534,318540,6,0
318564,318564,318569,5,0
318592,318592,318594,2,0
318738,318739,318741,2,1
318768,318768,318771,3,0
318789,318790,318792,2,1
324440,324440,324625,185,0
325483,325483,325670,187,0
326536,326536,326724,188,0
331256,331258,331947,689,2
331945,331948,331949,1,3
376934,376934,376940,6,0
376982,376983,376989,6,1
377029,377030,377036,6,1
377087,377087,377094,7,0
377136,377136,377143,7,0
377187,377188,377195,7,1
377351,377352,377364,12,1
377414,377414,377426,12,0
377487,377488,377500,12,1
377630,377631,377666,35,1
377800,377800,377836,36,0
377968,377968,378004,36,0
387950,387952,388626,674,2
388625,388627,388628,1,2
390744,390746,391427,681,2
391425,391428,391429,1,3
394615,394616,394617,1,1
394624,394624,394625,1,0
394633,394633,394634,1,0
394826,394826,394829,3,0
394852,394853,394855,2,1
394880,394880,394883,3,0
395053,395054,395056,2,1
395078,395079,395081,2,1
395105,395105,395108,3,0
395137,395138,395140,2,1
395164,395164,395167,3,0
395191,395191,395194,3,0
395238,395239,395247,8,1
395276,395276,395283,7,0
395315,395315,395321,6,0
395459,395459,395467,8,0
395511,395512,395519,7,1
395568,395569,395577,8,1
395731,395732,395763,31,1
395892,395892,395923,31,0
396067,396067,396098,31,0
396521,396521,396613,92,0
397037,397038,397129,91,1
397547,397547,397638,91,0
397729,397729,397746,17,0
397821,397822,397838,16,1
397908,397908,397924,16,0
398021,398021,398040,19,0
398135,398136,398155,19,1
398256,398257,398276,19,1
398375,398376,398405,29,1
398478,398479,398495,16,1
398568,398568,398585,17,0
399564,399564,399765,201,0
400720,400720,400920,200,0
401877,401878,402079,201,1
482849,482850,483530,680,1
483529,483532,483533,1,3
483570,483571,484700,1129,1
484699,484701,484705,4,2
485903,485903,485904,1,0
485903,485903,485904,1,0
485327,485329,486010,681,2
486009,486011,486012,1,2
486049,486050,487228,1178,1
487227,487229,487232,3,2
492080,492080,492146,66,0
492079,492079,492164,85,0
492080,492080,492225,145,0
492079,492079,492241,162,0
492080,492080,492261,181,0
492080,492080,492299,219,0
492080,492080,492352,272,0
492079,492079,492391,312,0
492080,492080,492558,478,0
492079,492080,492588,508,1
499565,499565,499566,1,0
499573,499573,499574,1,0
499581,499581,499582,1,0
499589,499589,499590,1,0
500096,500096,500097,1,0
500104,500104,500105,1,0
500112,500112,500113,1,0
500120,500120,500121,1,0
500299,500299,500300,1,0
500315,500316,500317,1,1
500323,500324,500325,1,1
500307,500308,500350,42,1
500404,500404,500405,1,0
500416,500416,500417,1,0
500424,500424,500425,1,0
504497,504497,504596,99,0
504497,504497,504600,103,0
504496,504496,504609,113,0
504496,504496,504638,142,0
504497,504497,504673,176,0
504496,504497,504725,228,1
504496,504496,504984,488,0
504098,504099,505107,1008,1
504496,504496,505160,664,0
505113,505113,505336,223,0
504496,504496,505489,993,0
504497,504497,505728,1231,0
505851,505851,505852,1,0
506111,506111,506112,1,0
506112,506112,506113,1,0
506112,506112,506113,1,0
506373,506373,506444,71,0
506372,506372,506462,90,0
506372,506372,506487,115,0
506373,506373,506527,154,0
506373,506373,506556,183,0
506373,506373,506620,247,0
506372,506372,507038,666,0
506373,506373,507229,856,0
506372,506372,507232,860,0
507673,507673,508356,683,0
510501,510502,511178,676,1
506372,506373,511505,5132,1
507226,507226,512129,4903,0
507226,507226,512129,4903,0
507226,507226,512129,4903,0
507227,507227,512129,4902,0
507226,507226,512129,4903,0
507227,507227,512129,4902,0
507226,507226,512129,4903,0
507227,507227,512129,4902,0
507226,507226,512129,4903,0
507227,507227,512129,4902,0
512155,512155,513052,897,0
512154,512154,513323,1169,0
512144,512144,513357,1213,0
513355,513355,514022,667,0
512152,512152,514172,2020,0
512151,512151,526943,14792,0
512152,512152,528746,16594,0
512149,512149,529637,17488,0
512155,512155,529875,17720,0
512144,512144,530189,18045,0
512150,512150,530393,18243,0
512144,512144,530939,18795,0
512152,512152,531696,19544,0
512155,512155,531774,19619,0
512150,512150,531854,19704,0
512143,512143,532090,19947,0
512153,512153,532157,20004,0
512152,512152,532634,20482,0
512148,512148,532647,20499,0
512156,512156,532897,20741,0
512156,512156,533017,20861,0
512154,512154,533171,21017,0
512149,512149,533217,21068,0
512154,512154,533237,21083,0
512151,512151,533366,21215,0
512147,512147,533500,21353,0
512156,512156,533516,21360,0
512155,512155,533581,21426,0
512149,512149,533637,21488,0
512145,512145,534321,22176,0
512151,512151,534380,22229,0
512150,512150,534457,22307,0
512151,512151,534636,22485,0
512156,512156,534885,22729,0
512148,512148,535085,22937,0
512147,512147,535236,23089,0
512147,512147,535355,23208,0
512144,512144,535408,23264,0
512151,512151,535413,23262,0
512153,512153,535532,23379,0
512149,512149,536007,23858,0
512146,512146,536660,24514,0
512147,512147,536699,24552,0
512154,512154,536763,24609,0
512153,512153,536787,24634,0
512147,512147,536814,24667,0
512148,512148,536973,24825,0
512152,512152,537648,25496,0
512144,512144,537667,25523,0
512145,512146,538093,25947,1
512146,512146,538160,26014,0
512154,512154,538479,26325,0
512153,512153,538664,26511,0
512150,512150,538678,26528,0
512145,512145,539201,27056,0
512150,512150,539733,27583,0
512149,512149,540209,28060,0
512143,512144,540368,28224,1
512142,512142,540943,28801,0
512150,512150,540993,28843,0
512155,512155,541425,29270,0
512153,512153,541681,29528,0
512142,512142,541734,29592,0
512146,512146,542286,30140,0
512148,512148,542504,30356,0
512143,512143,542581,30438,0
512146,512146,542739,30593,0
512147,512147,542754,30607,0
512149,512149,542766,30617,0
512144,512144,543181,31037,0
512144,512144,543292,31148,0
512151,512151,543571,31420,0
512147,512147,543696,31549,0
512148,512148,543995,31847,0
512145,512145,544446,32301,0
512148,512149,544961,32812,1
512141,512141,544969,32828,0
512153,512153,545392,33239,0
512145,512145,545547,33402,0
512145,512145,545969,33824,0
512153,512154,545993,33839,1
512146,512146,546293,34147,0
512143,512143,548019,35876,0
512143,512143,548771,36628,0
512141,512141,550569,38428,0
512142,512142,550668,38526,0
512143,512143,550999,38856,0
512142,512142,551248,39106,0
512146,512146,551752,39606,0
512151,512151,551948,39797,0
512152,512152,552363,40211,0
512143,512143,552502,40359,0
512142,512142,552665,40523,0
512141,512142,552674,40532,1
512148,512148,552693,40545,0
512145,512145,554481,42336,0
512142,512143,556529,44386,1
512142,512142,558570,46428,0
559849,559849,559850,1,0
559857,559858,559859,1,1
559866,559866,559867,1,0
559874,559874,559875,1,0
560241,560241,560242,1,0
560249,560250,560251,1,1
560258,560258,560259,1,0
560266,560266,560267,1,0
561423,561423,561460,37,0
562696,562696,562733,37,0
512152,512152,563353,51201,0
563986,563987,564026,39,1
565242,565242,565280,38,0
571983,571984,571985,1,1
571992,571992,571993,1,0
572000,572000,572001,1,0
572008,572008,572009,1,0
572117,572117,572118,1,0
572125,572125,572126,1,0
572133,572133,572134,1,0
572141,572141,572142,1,0
572190,572191,572192,1,1
572198,572199,572200,1,1
572206,572207,572208,1,1
572214,572215,572216,1,1
572236,572237,572238,1,1
572245,572245,572246,1,0
572253,572253,572254,1,0
572261,572261,572262,1,0
573002,573003,573039,36,1
573570,573570,573605,35,0
512150,512150,573708,61558,0
574137,574137,574172,35,0
574712,574712,574749,37,0
575780,575781,575817,36,1
576533,576533,576572,39,0
577164,577164,577201,37,0
577899,577900,577936,36,1
512155,512156,578046,65890,1
578172,578172,578173,1,0
578173,578173,578175,2,0
578170,578170,578177,7,0
578172,578172,578177,5,0
578161,578161,578291,130,0
578169,578169,578329,160,0
578168,578168,578330,162,0
578164,578164,578372,208,0
578161,578161,578382,221,0
578164,578164,578383,219,0
578172,578172,578386,214,0
578163,578163,578389,226,0
578170,578170,578394,224,0
578164,578164,578398,234,0
578164,578164,578402,238,0
578167,578168,578415,247,1
578161,578161,578421,260,0
578163,578163,578422,259,0
578169,578169,578425,256,0
578162,578162,578430,268,0
578161,578161,578431,270,0
578166,578166,578433,267,0
578166,578166,578433,267,0
578170,578170,578434,264,0
578162,578162,578437,275,0
578163,578163,578442,279,0
578169,578169,578449,280,0
578171,578171,578462,291,0
578171,578171,578465,294,0
578166,578166,578466,300,0
578163,578163,578486,323,0
578162,578162,578488,326,0
578165,578165,578489,324,0
578167,578167,578493,326,0
578174,578174,578498,324,0
578172,578173,578498,325,1
578162,578162,578501,339,0
578167,578167,578506,339,0
578163,578163,578511,348,0
578173,578173,578516,343,0
578164,578164,578517,353,0
578163,578163,578519,356,0
578169,578169,578520,351,0
578165,578165,578524,359,0
578163,578163,578527,364,0
578164,578165,578538,373,1
578174,578174,578540,366,0
578165,578165,578540,375,0
578170,578170,578545,375,0
578162,578162,578552,390,0
578167,578167,578554,387,0
578165,578165,578555,390,0
578168,578168,578556,388,0
578161,578161,578564,403,0
578166,578166,578568,402,0
578161,578161,578573,412,0
578173,578173,578573,400,0
578167,578167,578575,408,0
578171,578171,578579,408,0
578172,578172,578580,408,0
578165,578165,578581,416,0
578164,578164,578589,425,0
578162,578162,578590,428,0
578168,578168,578593,425,0
578172,578172,578596,424,0
578171,578171,578601,430,0
578173,578173,578605,432,0
578173,578174,578605,431,1
578166,578166,578608,442,0
578170,578170,578616,446,0
578161,578161,578624,463,0
578162,578162,578631,469,0
578164,578164,578638,474,0
578166,578166,578671,505,0
578170,578170,578689,519,0
578168,578168,578692,524,0
578162,578162,578697,535,0
578167,578167,578736,569,0
578166,578166,578755,589,0
578168,578168,578796,628,0
578165,578166,578800,634,1
578165,578165,578807,642,0
578167,578167,578811,644,0
578168,578169,578812,643,1
578820,578820,578821,1,0
578169,578169,578822,653,0
578161,578161,578828,667,0
578829,578829,578830,1,0
578837,578838,578839,1,1
578846,578846,578847,1,0
578168,578168,578851,683,0
578171,578171,578854,683,0
578171,578172,578856,684,1
578171,578171,578886,715,0
578168,578168,578893,725,0
578170,578170,578923,753,0
578169,578169,578936,767,0
578171,578171,578943,772,0
578165,578165,578949,784,0
578173,578173,578949,776,0
578167,578167,578956,789,0
578172,578172,578959,787,0
578969,578969,578970,1,0
578169,578169,578972,803,0
578977,578977,578978,1,0
578985,578986,578987,1,1
578994,578994,578995,1,0
579056,579056,579057,1,0
579064,579065,579066,1,1
579073,579073,579074,1,0
579081,579082,579083,1,1
583057,583057,583058,1,0
583065,583065,583066,1,0
583073,583073,583074,1,0
583081,583082,583083,1,1
583115,583115,583116,1,0
583124,583124,583125,1,0
583132,583132,583133,1,0
583140,583140,583141,1,0
583166,583167,583168,1,1
583175,583175,583176,1,0
583183,583183,583184,1,0
583191,583191,583192,1,0
583231,583231,583232,1,0
583239,583239,583240,1,0
583247,583248,583249,1,1
583256,583256,583257,1,0
583306,583306,583307,1,0
583314,583314,583315,1,0
583322,583322,583323,1,0
583330,583330,583331,1,0
583353,583353,583354,1,0
583361,583361,583362,1,0
583377,583378,583379,1,1
